{
"metadata": {
    "version": {
        "essentia": "2.1-dev",
        "essentia_git_sha": "v2.1_beta3-415-gd5473f3",
        "extractor": "music 2.0"
    },
    "audio_properties": {
        "analysis": {
            "equal_loudness": 0,
            "length": 299.650604248,
            "sample_rate": 44100,
            "start_time": 0,
            "downmix": "mix"
        },
        "bit_rate": 128000,
        "length": 299.650604248,
        "lossless": 0,
        "number_channels": 2,
        "replay_gain": -7.71109390259,
        "sample_rate": 44100,
        "codec": "mp3",
        "md5_encoded": "68005dfbedbd23b61ee6c33627133e48"
    },
    "tags": {
        "file_name": "creed-my_sacrifice.mp3",
        "album": ["Weathered"],
        "artist": ["Creed"],
        "date": ["2001"],
        "genre": ["Rock"],
        "length": ["299000"],
        "title": ["My Sacrifice (brand new", ""],
        "tracknumber": ["00"]
    }
},
"lowlevel": {
    "average_loudness": 0.901202201843,
    "barkbands_crest": {
        "mean": 9.5462141037,
        "stdev": 3.61011958122
    },
    "barkbands_flatness_db": {
        "mean": 0.147689431906,
        "stdev": 0.0663492381573
    },
    "barkbands_kurtosis": {
        "mean": 2.32504868507,
        "stdev": 5.06084251404
    },
    "barkbands_skewness": {
        "mean": 1.36163508892,
        "stdev": 0.94567078352
    },
    "barkbands_spread": {
        "mean": 27.00340271,
        "stdev": 13.69277668
    },
    "dissonance": {
        "mean": 0.466841906309,
        "stdev": 0.0389138422906
    },
    "dynamic_complexity": 4.7290520668,
    "erbbands_crest": {
        "mean": 8.46253585815,
        "stdev": 4.36172580719
    },
    "erbbands_flatness_db": {
        "mean": 0.159360840917,
        "stdev": 0.0607346370816
    },
    "erbbands_kurtosis": {
        "mean": 0.514007031918,
        "stdev": 1.81570148468
    },
    "erbbands_skewness": {
        "mean": -0.0846591740847,
        "stdev": 0.714363157749
    },
    "erbbands_spread": {
        "mean": 36.7981338501,
        "stdev": 16.2166538239
    },
    "hfc": {
        "mean": 29.5823402405,
        "stdev": 21.730796814
    },
    "loudness_ebu128": {
        "integrated": -13.1187953949,
        "loudness_range": 7.34405136108,
        "momentary": {
            "mean": -17.5643348694,
            "stdev": 12.6348352432
        },
        "short_term": {
            "mean": -17.0016231537,
            "stdev": 11.3852949142
        }
    },
    "melbands_crest": {
        "mean": 15.0917654037,
        "stdev": 4.90302610397
    },
    "melbands_flatness_db": {
        "mean": 0.198454588652,
        "stdev": 0.0857526138425
    },
    "melbands_kurtosis": {
        "mean": 10.9657173157,
        "stdev": 16.6642608643
    },
    "melbands_skewness": {
        "mean": 2.64914035797,
        "stdev": 1.51630103588
    },
    "melbands_spread": {
        "mean": 26.0599956512,
        "stdev": 16.5501556396
    },
    "pitch_salience": {
        "mean": 0.522273480892,
        "stdev": 0.104608483613
    },
    "silence_rate_20dB": {
        "mean": 1,
        "stdev": 0
    },
    "silence_rate_30dB": {
        "mean": 0.980164289474,
        "stdev": 0.139444604516
    },
    "silence_rate_60dB": {
        "mean": 0.147915691137,
        "stdev": 0.354985535145
    },
    "spectral_centroid": {
        "mean": 1503.7791748,
        "stdev": 639.006408691
    },
    "spectral_complexity": {
        "mean": 27.7054080963,
        "stdev": 14.5294370651
    },
    "spectral_decrease": {
        "mean": -9.48560341385e-09,
        "stdev": 7.37039940191e-09
    },
    "spectral_energy": {
        "mean": 0.0384839475155,
        "stdev": 0.0290570557117
    },
    "spectral_energyband_high": {
        "mean": 0.00138475152198,
        "stdev": 0.00163588591386
    },
    "spectral_energyband_low": {
        "mean": 0.0201958343387,
        "stdev": 0.0234368424863
    },
    "spectral_energyband_middle_high": {
        "mean": 0.00822417717427,
        "stdev": 0.00666969735175
    },
    "spectral_energyband_middle_low": {
        "mean": 0.0106526119635,
        "stdev": 0.00824271515012
    },
    "spectral_entropy": {
        "mean": 7.64160966873,
        "stdev": 0.647170841694
    },
    "spectral_flux": {
        "mean": 0.0901379287243,
        "stdev": 0.0614729039371
    },
    "spectral_kurtosis": {
        "mean": 6.96151447296,
        "stdev": 13.7481822968
    },
    "spectral_rms": {
        "mean": 0.00552160432562,
        "stdev": 0.00265655317344
    },
    "spectral_rolloff": {
        "mean": 1597.49804688,
        "stdev": 1373.6619873
    },
    "spectral_skewness": {
        "mean": 1.64628219604,
        "stdev": 1.07462060452
    },
    "spectral_spread": {
        "mean": 4315750,
        "stdev": 1519111.875
    },
    "spectral_strongpeak": {
        "mean": 0.651997566223,
        "stdev": 0.925447225571
    },
    "zerocrossingrate": {
        "mean": 0.0631355270743,
        "stdev": 0.0412349700928
    },
    "barkbands": {
        "mean": [0.000111223576823, 0.0107389548793, 0.00748602859676, 0.00249036564492, 0.00283587235026, 0.00126922386698, 0.00125461700372, 0.00149848323781, 0.00113761099055, 0.000752698048018, 0.000559764972422, 0.00089144683443, 0.0011047560256, 0.000846327457111, 0.00127409771085, 0.00110596208833, 0.000659039302263, 0.000411918037571, 0.000462430733023, 0.000390702189179, 0.000265889859293, 0.000309688097332, 0.000239735716605, 0.000229913872317, 0.000115163173177, 4.20667929575e-05, 1.01785051498e-08],
        "stdev": [0.000257883861195, 0.0153212249279, 0.00969893112779, 0.00378398690373, 0.00355955841951, 0.00186812411994, 0.00250917999074, 0.00330904964358, 0.00259212474339, 0.001394192921, 0.0017061549006, 0.00179668224882, 0.00176784920041, 0.00148893555161, 0.00166449334938, 0.00175618508365, 0.00064670399297, 0.000390408560634, 0.000419960095314, 0.000401799596148, 0.000282351975329, 0.000421672419179, 0.000351301860064, 0.000476155575598, 0.000247393007157, 8.91305171535e-05, 4.78474539989e-08]
    },
    "erbbands": {
        "mean": [0.186051785946, 2.87131643295, 8.65749740601, 9.54212856293, 6.82516145706, 10.1533107758, 12.7242383957, 8.77754592896, 15.0657787323, 20.281917572, 38.9311599731, 29.7139148712, 19.0255489349, 26.4346637726, 26.1139698029, 40.6306648254, 45.7669487, 53.2031364441, 56.4149589539, 72.6257781982, 51.6161766052, 35.4310722351, 22.5028324127, 25.7442951202, 21.3134899139, 18.8980407715, 11.7546110153, 10.4727401733, 11.0258903503, 9.55293464661, 6.41322088242, 5.3930978775, 3.35759854317, 1.54112684727, 0.706533968449, 0.254339158535, 0.0646801814437, 0.00578901777044, 0.000141830678331, 5.3599524108e-05],
        "stdev": [0.310154795647, 3.94941592216, 11.0195674896, 12.5113067627, 9.26456260681, 15.0740909576, 19.6528816223, 13.8581047058, 30.8316020966, 44.1297149658, 85.2095336914, 70.1310958862, 29.7146949768, 50.2386627197, 60.6337432861, 79.153678894, 66.9515686035, 90.2804718018, 84.0808334351, 96.9318466187, 70.4737854004, 34.1105804443, 21.065279007, 23.4061317444, 19.7130355835, 19.2881298065, 11.8877782822, 11.9408140182, 15.5260782242, 12.5368356705, 10.0282592773, 10.6150407791, 7.40465307236, 3.3515651226, 1.51885807514, 0.520928382874, 0.150792792439, 0.0142304170877, 0.00027518029674, 3.95426650357e-05]
    },
    "gfcc": {
        "mean": [-19.4738464355, 97.8056716919, -125.174911499, 40.5598564148, -50.7280921936, 20.9504108429, -40.9480361938, 6.15350008011, -19.9478702545, 2.92304205894, -17.4903831482, -6.93854284286, -12.4872350693],
        "cov": [[37837.921875, -3485.69042969, -787.284057617, 3207.88525391, -44.3745918274, 2867.17358398, -475.569458008, 1781.46362305, -527.327026367, 930.987548828, -575.898193359, 471.406921387, -334.002319336], [-3485.69042969, 2496.90649414, -191.634140015, -455.58996582, 325.010101318, -705.256347656, 206.574234009, -425.979827881, 157.759506226, -253.369369507, 213.079269409, -261.273895264, 120.854255676], [-787.284057617, -191.634140015, 538.405395508, -3.30105853081, 18.6980571747, 59.3048782349, 3.55716896057, 67.5479278564, 4.7453994751, 22.2906112671, -75.6580963135, 62.3005027771, -38.5043945312], [3207.88525391, -455.58996582, -3.30105853081, 898.888366699, 242.764434814, 331.553375244, 141.273040771, 242.406082153, 65.7779083252, 93.847076416, 9.19444274902, 68.8719329834, 10.6146535873], [-44.3745918274, 325.010101318, 18.6980571747, 242.764434814, 356.424285889, -35.9266738892, 169.111679077, 17.5961666107, 83.3703689575, 22.2898483276, 49.0189704895, 3.50693821907, 18.8722877502], [2867.17358398, -705.256347656, 59.3048782349, 331.553375244, -35.9266738892, 457.031951904, -6.29274892807, 226.504959106, -51.418006897, 95.0766983032, -55.5284576416, 81.3458633423, -46.0611228943], [-475.569458008, 206.574234009, 3.55716896057, 141.273040771, 169.111679077, -6.29274892807, 255.817382812, 32.284954071, 61.7568740845, -10.8571434021, 50.4691963196, 15.5603628159, 9.45787143707], [1781.46362305, -425.979827881, 67.5479278564, 242.406082153, 17.5961666107, 226.504959106, 32.284954071, 229.488449097, 12.5517835617, 83.1258010864, -42.8745307922, 63.6878547668, -23.6844177246], [-527.327026367, 157.759506226, 4.7453994751, 65.7779083252, 83.3703689575, -51.418006897, 61.7568740845, 12.5517835617, 130.235610962, 15.3671760559, 32.3301086426, -18.2249279022, 12.4419059753], [930.987548828, -253.369369507, 22.2906112671, 93.847076416, 22.2898483276, 95.0766983032, -10.8571434021, 83.1258010864, 15.3671760559, 112.434631348, -14.0067577362, 38.2639007568, -21.5482807159], [-575.898193359, 213.079269409, -75.6580963135, 9.19444274902, 49.0189704895, -55.5284576416, 50.4691963196, -42.8745307922, 32.3301086426, -14.0067577362, 114.68145752, -7.52512359619, 22.3116378784], [471.406921387, -261.273895264, 62.3005027771, 68.8719329834, 3.50693821907, 81.3458633423, 15.5603628159, 63.6878547668, -18.2249279022, 38.2639007568, -7.52512359619, 103.338035583, 3.09043884277], [-334.002319336, 120.854255676, -38.5043945312, 10.6146535873, 18.8722877502, -46.0611228943, 9.45787143707, -23.6844177246, 12.4419059753, -21.5482807159, 22.3116378784, 3.09043884277, 77.8984146118]],
        "icov": [[0.000204360912903, -0.000558323285077, 0.000552688026801, -0.000637915334664, 0.000312711490551, -0.000759903225116, 0.000658083765302, -0.000722295197193, 0.000778152607381, -0.000949340697844, 0.000902252504602, -0.000783693802077, 0.000663723505568], [-0.000558323285077, 0.00296548125334, -0.00156464672182, 0.00230355444364, -0.00213781115599, 0.00279857986607, -0.00221019028686, 0.0021950926166, -0.00236529042013, 0.00381899508648, -0.00352822081186, 0.00429481221363, -0.00269910739735], [0.000552688026801, -0.00156464672182, 0.00389616703615, -0.0014300463954, 0.000370945665054, -0.00215857219882, 0.00195930758491, -0.00224827416241, 0.00128816568758, -0.00183626392391, 0.0040451399982, -0.00398136954755, 0.00291585433297], [-0.000637915334664, 0.00230355444364, -0.0014300463954, 0.00472381478176, -0.0031341444701, 0.000991798588075, -0.00214595231228, 0.00113673962187, -0.00324399513192, 0.0038317902945, -0.0033798830118, 0.00325759430416, -0.0032906960696], [0.000312711490551, -0.00213781115599, 0.000370945665054, -0.0031341444701, 0.00735652120784, -0.000473264721222, -0.00150318501983, -0.00022817547142, 0.000825964438263, -0.00463329255581, 0.00199872255325, -0.00251261191443, 0.0014325621305], [-0.000759903225116, 0.00279857986607, -0.00215857219882, 0.000991798588075, -0.000473264721222, 0.00945034250617, -0.00267508090474, -0.00116882438306, -0.000205979842576, 0.00300739030354, -0.00410938588902, 0.00347024039365, -0.00122595322318], [0.000658083765302, -0.00221019028686, 0.00195930758491, -0.00214595231228, -0.00150318501983, -0.00267508090474, 0.00916257221252, -0.00407771160826, 0.000989449559711, -0.000224728370085, 0.00135979382321, -0.00479954527691, 0.00352238072082], [-0.000722295197193, 0.0021950926166, -0.00224827416241, 0.00113673962187, -0.00022817547142, -0.00116882438306, -0.00407771160826, 0.0150461532176, -0.00548028154299, -9.60630495683e-05, -0.00026552809868, 0.000834322941955, -0.00244309613481], [0.000778152607381, -0.00236529042013, 0.00128816568758, -0.00324399513192, 0.000825964438263, -0.000205979842576, 0.000989449559711, -0.00548028154299, 0.0152538930997, -0.00706462748349, 0.00110688176937, 0.000567463051993, 0.00124643289018], [-0.000949340697844, 0.00381899508648, -0.00183626392391, 0.0038317902945, -0.00463329255581, 0.00300739030354, -0.000224728370085, -9.60630495683e-05, -0.00706462748349, 0.0208667106926, -0.00523879379034, 0.00107369874604, -0.000167901569512], [0.000902252504602, -0.00352822081186, 0.0040451399982, -0.0033798830118, 0.00199872255325, -0.00410938588902, 0.00135979382321, -0.00026552809868, 0.00110688176937, -0.00523879379034, 0.0173580497503, -0.00676681287587, 0.0023132825736], [-0.000783693802077, 0.00429481221363, -0.00398136954755, 0.00325759430416, -0.00251261191443, 0.00347024039365, -0.00479954527691, 0.000834322941955, 0.000567463051993, 0.00107369874604, -0.00676681287587, 0.0213402789086, -0.00764021463692], [0.000663723505568, -0.00269910739735, 0.00291585433297, -0.0032906960696, 0.0014325621305, -0.00122595322318, 0.00352238072082, -0.00244309613481, 0.00124643289018, -0.000167901569512, 0.0023132825736, -0.00764021463692, 0.0189127996564]]
    },
    "melbands": {
        "mean": [0.00241368892603, 0.00444376701489, 0.0015336512588, 0.000622157356702, 0.000438875460532, 0.000201132163056, 0.000240004024818, 0.000228119504754, 0.000311762501951, 0.000168569473317, 9.23025654629e-05, 0.000108231855847, 8.60304571688e-05, 0.000101569596154, 8.98889848031e-05, 0.000115395181638, 9.22663457459e-05, 8.31856377772e-05, 9.2588008556e-05, 9.29711095523e-05, 5.45755465282e-05, 3.91034045606e-05, 2.28936532949e-05, 1.97384233616e-05, 2.111986214e-05, 1.66747995536e-05, 1.41416530823e-05, 1.201586565e-05, 7.54340044296e-06, 6.29405485597e-06, 5.93817640038e-06, 6.05151035415e-06, 6.38119126961e-06, 4.82961058879e-06, 3.62326909453e-06, 3.50176605934e-06, 3.23648691847e-06, 2.4979178761e-06, 1.7285293552e-06, 1.15914087928e-06],
        "stdev": [0.00356472283602, 0.00545082427561, 0.00187925633509, 0.000876404810697, 0.000610592484009, 0.00030813421472, 0.000478615576867, 0.000460070150439, 0.000659755954985, 0.000424132216722, 0.000151494663442, 0.000214013634832, 0.000250780722126, 0.000207613949897, 0.000146174948895, 0.000192499355762, 0.000167480917298, 0.000139253650559, 0.000114204274723, 0.000155463407282, 7.83186987974e-05, 3.92398796976e-05, 2.31917147175e-05, 1.90541522898e-05, 2.00457652682e-05, 1.59162154887e-05, 1.56548703671e-05, 1.30705529955e-05, 8.04959381639e-06, 6.94141544955e-06, 7.21426340533e-06, 8.66826940182e-06, 9.47454282141e-06, 6.54318137094e-06, 5.84418512517e-06, 6.30992735751e-06, 6.93623223924e-06, 5.92542073719e-06, 3.89813067159e-06, 2.54250858234e-06]
    },
    "melbands128": {
        "mean": [9.17552679311e-05, 0.000866449205205, 0.00349890743382, 0.00516087561846, 0.00488912733272, 0.00338295055553, 0.00213963864371, 0.00087872176664, 0.000563743582461, 0.000771857390646, 0.00060418038629, 0.000441284239059, 0.000503311515786, 0.000327147950884, 0.000188067293493, 0.000144828431075, 0.000123946781969, 0.000320522056427, 0.000229507641052, 0.000237879707129, 0.000143331533764, 0.000364941020962, 0.000371664442355, 0.000188572725165, 0.000233513172134, 0.00012543995399, 9.62284975685e-05, 8.37356201373e-05, 7.93350409367e-05, 0.000153780012624, 8.39543936308e-05, 8.79283616086e-05, 0.000110743982077, 5.54661019123e-05, 7.8349665273e-05, 0.000131367429276, 0.000128095067339, 5.43487985851e-05, 0.000105368511868, 9.26850625547e-05, 9.62704434642e-05, 0.000173983818968, 9.06962304725e-05, 5.45710972801e-05, 6.25506581855e-05, 9.47840235312e-05, 0.000106027036963, 7.45712386561e-05, 9.36591604841e-05, 0.000117823241453, 0.000103066988231, 5.18391098012e-05, 5.96629470238e-05, 5.40562396054e-05, 4.77904613945e-05, 3.62642022083e-05, 3.41239720001e-05, 2.60840934061e-05, 1.82395015145e-05, 1.81045415957e-05, 1.80724218808e-05, 2.29825418501e-05, 2.19838111661e-05, 2.1867446776e-05, 1.76716439455e-05, 1.6805532141e-05, 1.67845155374e-05, 1.16172677735e-05, 1.43091283462e-05, 1.65557412402e-05, 1.13464620881e-05, 1.106556374e-05, 8.55337475514e-06, 6.65776042297e-06, 6.41005453872e-06, 6.66672349325e-06, 6.02507498115e-06, 6.03632224738e-06, 6.14235250396e-06, 5.32948433829e-06, 6.28355655863e-06, 5.5342898122e-06, 7.28912664272e-06, 6.41983433525e-06, 5.85991938351e-06, 5.61235947316e-06, 4.19521893491e-06, 3.84460645364e-06, 3.61764864465e-06, 3.414300636e-06, 3.49706715497e-06, 3.66474910152e-06, 3.33342927661e-06, 3.33699495059e-06, 3.11315579893e-06, 2.67061727754e-06, 2.39012342718e-06, 2.23558458856e-06, 1.8005646325e-06, 1.45542685459e-06, 1.24813061575e-06, 1.14988381483e-06, 9.84169787444e-07, 9.07794401428e-07, 8.03331317911e-07, 7.11708423751e-07, 5.98789711148e-07, 4.7358531674e-07, 4.19474019964e-07, 3.57613146207e-07, 3.4959128925e-07, 2.57898335576e-07, 1.78840650733e-07, 1.24887449715e-07, 1.04210101881e-07, 6.93155115528e-08, 5.84946358018e-09, 6.07956567034e-12, 5.84432155448e-12, 5.6631435652e-12, 5.51738212409e-12, 5.39308485023e-12, 5.27327964281e-12, 5.17552710758e-12, 5.09835706639e-12, 5.04332946932e-12, 5.00187998659e-12, 4.96610912115e-12],
        "stdev": [0.000240078283241, 0.00193371123169, 0.00546884303913, 0.00740953162313, 0.00654510967433, 0.00438989466056, 0.00301719969139, 0.00136191199999, 0.0010438420577, 0.0013947422849, 0.00116138695739, 0.00075401016511, 0.000937556382269, 0.000655820767861, 0.000424312776886, 0.000278380146483, 0.000281885935692, 0.000830589386169, 0.0005890437169, 0.000749033293687, 0.000509513018187, 0.000939832592849, 0.00102798908483, 0.000544575275853, 0.000744420336559, 0.000496718275826, 0.000244816532359, 0.000197764195036, 0.000207731776754, 0.000384880171623, 0.00021365795692, 0.000340931961546, 0.000437068752944, 0.000180105780601, 0.000296990212519, 0.000337213394232, 0.000344525760738, 0.000136443501106, 0.000253097765381, 0.000186673059943, 0.00025782888406, 0.000442467455287, 0.000250268203672, 0.000125670660054, 0.000185830809642, 0.000218229673919, 0.000225601484999, 0.000148660546984, 0.000149854837218, 0.000233394472161, 0.000262553425273, 0.000128033774672, 0.000137565482873, 8.55970938574e-05, 6.06124194746e-05, 4.48851096735e-05, 4.45838741143e-05, 3.23795247823e-05, 2.23054012167e-05, 2.30582172662e-05, 2.10595499084e-05, 2.65156086243e-05, 2.46933668677e-05, 2.57674528257e-05, 2.03418348974e-05, 1.90336286323e-05, 1.94205713342e-05, 1.54568588187e-05, 2.25188487093e-05, 2.22601211135e-05, 1.52149823407e-05, 1.63053318829e-05, 1.12279303721e-05, 8.21350477054e-06, 8.27351959742e-06, 8.2083779489e-06, 8.2456290329e-06, 8.14134000393e-06, 8.73166027304e-06, 7.7270606198e-06, 9.36344167712e-06, 1.04359087345e-05, 1.25563319671e-05, 1.117577267e-05, 8.86325960892e-06, 8.24708149594e-06, 6.6446236815e-06, 6.8359213401e-06, 6.40147118247e-06, 6.11089808444e-06, 6.11997484157e-06, 7.71301711211e-06, 7.53445419832e-06, 7.43600776332e-06, 7.52851656216e-06, 7.50958952267e-06, 6.21440858595e-06, 4.94692721986e-06, 4.32860497313e-06, 3.81040877073e-06, 3.04561262965e-06, 2.55012810157e-06, 2.36688333644e-06, 2.0998115815e-06, 1.92217885342e-06, 1.67420785147e-06, 1.30638704832e-06, 9.90836724668e-07, 8.83714619704e-07, 8.38099822431e-07, 1.01032082966e-06, 6.63360765429e-07, 4.52163732234e-07, 3.68938003703e-07, 2.88781819791e-07, 2.07156801935e-07, 2.25903811213e-08, 9.57855756517e-12, 9.25050834544e-12, 8.97613667422e-12, 8.74007290153e-12, 8.5325999738e-12, 8.35329461851e-12, 8.20012287239e-12, 8.07228936472e-12, 7.97314297918e-12, 7.89980927896e-12, 7.85419992932e-12]
    },
    "mfcc": {
        "mean": [-640.95690918, 110.381187439, -3.48005247116, 21.1072463989, 13.325044632, 12.8552598953, -1.72819566727, 1.01251935959, 0.138208374381, 6.60684204102, 0.890489339828, -1.45264315605, -1.31169199944],
        "cov": [[22809.3496094, -927.329406738, -984.230895996, 1162.26623535, 683.210144043, 1049.32214355, 577.423706055, 1046.26745605, 620.118774414, 533.403991699, 219.571136475, 508.304260254, 381.046539307], [-927.329406738, 1349.49694824, -181.50151062, -48.5587768555, -51.8055496216, -112.760986328, -66.0886688232, -174.782104492, -110.29019165, -33.3428344727, -3.95223617554, -86.0398864746, -50.3808708191], [-984.230895996, -181.50151062, 490.25479126, -99.4843063354, 5.39034461975, -23.8755302429, -25.4862861633, 4.70879793167, 17.2904376984, -8.49543857574, -0.679700493813, -22.4407939911, -22.1174659729], [1162.26623535, -48.5587768555, -99.4843063354, 595.11541748, 186.334594727, 157.951705933, 139.216171265, 166.23614502, 131.694229126, 90.8898086548, 42.7011489868, 100.623634338, 61.8939361572], [683.210144043, -51.8055496216, 5.39034461975, 186.334594727, 194.932235718, 88.2845611572, 46.0500564575, 59.7442131042, 59.6902999878, 57.2030258179, 21.6825847626, 38.3964653015, 33.3262672424], [1049.32214355, -112.760986328, -23.8755302429, 157.951705933, 88.2845611572, 178.050033569, 95.7140960693, 107.709495544, 60.270526886, 48.6158409119, 38.1160812378, 49.8297462463, 28.4667549133], [577.423706055, -66.0886688232, -25.4862861633, 139.216171265, 46.0500564575, 95.7140960693, 167.463943481, 117.685150146, 49.4310569763, 25.2910690308, 30.6463222504, 41.9163970947, 22.6344566345], [1046.26745605, -174.782104492, 4.70879793167, 166.23614502, 59.7442131042, 107.709495544, 117.685150146, 205.100753784, 90.528465271, 50.2253189087, 36.5213356018, 60.6126365662, 41.2180786133], [620.118774414, -110.29019165, 17.2904376984, 131.694229126, 59.6902999878, 60.270526886, 49.4310569763, 90.528465271, 132.134719849, 56.1536178589, 19.0584278107, 33.5913200378, 23.0229854584], [533.403991699, -33.3428344727, -8.49543857574, 90.8898086548, 57.2030258179, 48.6158409119, 25.2910690308, 50.2253189087, 56.1536178589, 103.046859741, 44.1640434265, 28.3238239288, 21.4724769592], [219.571136475, -3.95223617554, -0.679700493813, 42.7011489868, 21.6825847626, 38.1160812378, 30.6463222504, 36.5213356018, 19.0584278107, 44.1640434265, 85.9673156738, 30.2674255371, 12.415520668], [508.304260254, -86.0398864746, -22.4407939911, 100.623634338, 38.3964653015, 49.8297462463, 41.9163970947, 60.6126365662, 33.5913200378, 28.3238239288, 30.2674255371, 85.7311859131, 40.2212562561], [381.046539307, -50.3808708191, -22.1174659729, 61.8939361572, 33.3262672424, 28.4667549133, 22.6344566345, 41.2180786133, 23.0229854584, 21.4724769592, 12.415520668, 40.2212562561, 72.232170105]],
        "icov": [[8.09383709566e-05, 4.06874414693e-06, 0.000168688566191, 8.14615923446e-05, -8.89278453542e-05, -0.000301012012642, 0.000130525397253, -0.000275659956969, -7.68248210079e-05, -0.00014940618712, 0.000124954982311, -0.000122250203276, -5.07323929924e-05], [4.06874414693e-06, 0.000966179475654, 0.000337349745678, -0.000271313794656, -3.80915262213e-05, 0.000397803582018, -0.00024698258494, 0.000638055265881, 0.000394660979509, -9.68579406617e-05, -0.000519919849467, 0.000823632115498, 9.60489342106e-05], [0.000168688566191, 0.000337349745678, 0.00275796907954, 0.000712326029316, -0.000933246745262, -0.000135540598421, 0.000544779119082, -0.0010097125778, -0.000795385160018, 0.000138815303217, -0.00028877769364, 0.000261754234089, 0.000585123547353], [8.14615923446e-05, -0.000271313794656, 0.000712326029316, 0.00357900303788, -0.0021509504877, -0.000689684646204, -0.000754488690291, -0.000960849225521, -0.00149205303751, -0.0004378639278, 0.000759191403631, -0.00196712766774, 0.000151909422129], [-8.89278453542e-05, -3.80915262213e-05, -0.000933246745262, -0.0021509504877, 0.00902235042304, -0.00252034515142, 0.000262688176008, 0.00154388090596, -0.000401254190365, -0.0022100280039, 0.000704414618667, 0.000407873390941, -0.00169617682695], [-0.000301012012642, 0.000397803582018, -0.000135540598421, -0.000689684646204, -0.00252034515142, 0.0124137941748, -0.00362530862913, -0.00109025184065, 0.000324367865687, -0.000176025321707, -0.00195892993361, -0.00041240119026, 0.000958841468673], [0.000130525397253, -0.00024698258494, 0.000544779119082, -0.000754488690291, 0.000262688176008, -0.00362530862913, 0.0120165683329, -0.00564747070894, 0.000219198293053, 0.00169524759986, -0.00117569568101, -0.000378337310394, 0.000556123850401], [-0.000275659956969, 0.000638055265881, -0.0010097125778, -0.000960849225521, 0.00154388090596, -0.00109025184065, -0.00564747070894, 0.0134589923546, -0.00364750553854, -5.87328831898e-05, -0.000941400881857, -0.00101424602326, -0.00187311088666], [-7.68248210079e-05, 0.000394660979509, -0.000795385160018, -0.00149205303751, -0.000401254190365, 0.000324367865687, 0.000219198293053, -0.00364750553854, 0.0140327494591, -0.004930567462, 0.00166690803599, 0.000228439632338, 0.000364750390872], [-0.00014940618712, -9.68579406617e-05, 0.000138815303217, -0.0004378639278, -0.0022100280039, -0.000176025321707, 0.00169524759986, -5.87328831898e-05, -0.004930567462, 0.0176475830376, -0.00748192239553, 0.000941857870203, -0.00118336034939], [0.000124954982311, -0.000519919849467, -0.00028877769364, 0.000759191403631, 0.000704414618667, -0.00195892993361, -0.00117569568101, -0.000941400881857, 0.00166690803599, -0.00748192239553, 0.0175110641867, -0.00503544323146, 0.00107874162495], [-0.000122250203276, 0.000823632115498, 0.000261754234089, -0.00196712766774, 0.000407873390941, -0.00041240119026, -0.000378337310394, -0.00101424602326, 0.000228439632338, 0.000941857870203, -0.00503544323146, 0.0216216538101, -0.00787016749382], [-5.07323929924e-05, 9.60489342106e-05, 0.000585123547353, 0.000151909422129, -0.00169617682695, 0.000958841468673, 0.000556123850401, -0.00187311088666, 0.000364750390872, -0.00118336034939, 0.00107874162495, -0.00787016749382, 0.0199596267194]]
    },
    "spectral_contrast_coeffs": {
        "mean": [-0.705258190632, -0.763699471951, -0.771387040615, -0.786903321743, -0.798107385635, -0.757371664047],
        "stdev": [0.0749539583921, 0.0781128779054, 0.0660990700126, 0.0532020591199, 0.0338907428086, 0.0478915311396]
    },
    "spectral_contrast_valleys": {
        "mean": [-6.80301809311, -6.96947288513, -7.66481256485, -7.41789913177, -7.66777181625, -10.4791202545],
        "stdev": [1.98442018032, 1.58874475956, 1.7844299078, 1.97477006912, 2.15179276466, 2.36271166801]
    }
},
"rhythm": {
    "beats_count": 721,
    "beats_loudness": {
        "mean": 0.0418271496892,
        "stdev": 0.025390310213
    },
    "bpm": 146.532974243,
    "bpm_histogram_first_peak_bpm": 148,
    "bpm_histogram_first_peak_weight": 0.499145269394,
    "bpm_histogram_second_peak_bpm": 140,
    "bpm_histogram_second_peak_spread": 0.273684263229,
    "bpm_histogram_second_peak_weight": 0.0958333313465,
    "danceability": 1.02935636044,
    "onset_rate": 2.31925559044,
    "beats_loudness_band_ratio": {
        "mean": [0.449523538351, 0.164493218064, 0.137145861983, 0.116393305361, 0.0985732600093, 0.0698363855481],
        "stdev": [0.231895580888, 0.151144370437, 0.13324649632, 0.0995055437088, 0.0703578218818, 0.0868034884334]
    },
    "beats_position": [0.46439909935, 0.917188167572, 1.35836732388, 1.8111563921, 2.26394557953, 2.71673464775, 3.1811337471, 3.64553284645, 4.1099319458, 4.5627207756, 5.01551008224, 5.4915189743, 5.95591831207, 6.420317173, 6.8963265419, 7.36072540283, 7.79029464722, 8.2198638916, 8.64943313599, 9.07900238037, 9.50857162476, 9.94974994659, 10.379319191, 10.8088884354, 11.2384576797, 11.6680269241, 12.0859861374, 12.5039453506, 12.933514595, 13.3630838394, 13.8042631149, 14.2338323593, 14.6750106812, 15.1045799255, 15.5341491699, 15.9637184143, 16.3932876587, 16.8228569031, 17.2524261475, 17.693605423, 18.1115646362, 18.5295238495, 18.9474830627, 19.365442276, 19.7834014893, 20.2013607025, 20.6193199158, 21.037279129, 21.4552383423, 21.8615875244, 22.2795467377, 22.6858959198, 23.0922451019, 23.4985942841, 23.9165534973, 24.3345127106, 24.7408618927, 25.1472110748, 25.5651702881, 25.9715194702, 26.3778686523, 26.7958278656, 27.2137870789, 27.6085262299, 28.0264854431, 28.4444446564, 28.8624038696, 29.2687530518, 29.6751022339, 30.081451416, 30.4994106293, 30.9057598114, 31.3237190247, 31.7300682068, 32.1480255127, 32.5659866333, 32.9723358154, 33.3786849976, 33.7850341797, 34.1797714233, 34.5977325439, 35.0156898499, 35.4336509705, 35.8400001526, 36.2463493347, 36.6643066406, 37.0706558228, 37.4770050049, 37.8949661255, 38.3013153076, 38.7192726135, 39.1256217957, 39.5319709778, 39.9383201599, 40.3562812805, 40.7742385864, 41.1805877686, 41.5869369507, 42.0048980713, 42.4112472534, 42.8175964355, 43.2355537415, 43.6535148621, 44.071472168, 44.4894332886, 44.8957824707, 45.3021316528, 45.708480835, 46.1148300171, 46.5211791992, 46.9275283813, 47.3454856873, 47.7518348694, 48.1581840515, 48.5761451721, 48.9824943542, 49.3888435364, 49.8068008423, 50.2131500244, 50.6194992065, 51.0374603271, 51.4554176331, 51.8733787537, 52.2797279358, 52.6860771179, 53.0924263, 53.4987754822, 53.9167327881, 54.3230819702, 54.7294311523, 55.1473922729, 55.5537414551, 55.9600906372, 56.3780479431, 56.7960090637, 57.2139663696, 57.6319274902, 58.0382766724, 58.4446258545, 58.8625831604, 59.2689323425, 59.6752815247, 60.070022583, 60.4879798889, 60.9059410095, 61.3122901917, 61.7302474976, 62.1365966797, 62.5545578003, 62.9492950439, 63.3556442261, 63.7619934082, 64.1799545288, 64.5979156494, 65.0158691406, 65.4222183228, 65.8285675049, 66.2465286255, 66.6644897461, 67.0708389282, 67.4888000488, 67.895149231, 68.3014984131, 68.7078475952, 69.1258010864, 69.5321502686, 69.9384994507, 70.3564605713, 70.7628097534, 71.1691589355, 71.5871200562, 71.9934692383, 72.3998184204, 72.817779541, 73.2241287231, 73.6420822144, 74.0716552734, 74.4780044556, 74.8843536377, 75.2907028198, 75.697052002, 76.1150131226, 76.5213623047, 76.9277114868, 77.345664978, 77.7520141602, 78.1699752808, 78.5763244629, 78.982673645, 79.3890228271, 79.8069839478, 80.2249450684, 80.6312942505, 81.0376434326, 81.4555969238, 81.861946106, 82.2682952881, 82.6862564087, 83.1042175293, 83.5105667114, 83.9169158936, 84.3348770142, 84.7412261963, 85.1475753784, 85.5539245605, 85.9370498657, 86.3666229248, 86.784576416, 87.2025375366, 87.6088867188, 88.0268478394, 88.44480896, 88.8395462036, 89.2575073242, 89.6638565063, 90.0702056885, 90.4881591797, 90.9061203003, 91.3240814209, 91.730430603, 92.1367797852, 92.5547409058, 92.9610900879, 93.36743927, 93.7853927612, 94.1917419434, 94.609703064, 95.0160522461, 95.4224014282, 95.8287506104, 96.246711731, 96.6646728516, 97.0826263428, 97.4889755249, 97.9069366455, 98.3132858276, 98.7196350098, 99.1259841919, 99.532333374, 99.9386825562, 100.356643677, 100.774604797, 101.180953979, 101.598907471, 102.005256653, 102.411605835, 102.829566956, 103.235916138, 103.64226532, 104.048614502, 104.466575623, 104.872924805, 105.279273987, 105.697235107, 106.115188599, 106.521537781, 106.939498901, 107.345848083, 107.763809204, 108.170158386, 108.576507568, 108.994468689, 109.41242218, 109.818771362, 110.236732483, 110.631469727, 111.037818909, 111.455780029, 111.862129211, 112.268478394, 112.686439514, 113.092788696, 113.510749817, 113.917098999, 114.33505249, 114.753013611, 115.159362793, 115.565711975, 115.972061157, 116.378410339, 116.79637146, 117.191108704, 117.609069824, 118.027030945, 118.433380127, 118.839729309, 119.2576828, 119.675643921, 120.081993103, 120.488342285, 120.906303406, 121.312652588, 121.71900177, 122.136962891, 122.554916382, 122.961265564, 123.379226685, 123.785575867, 124.203536987, 124.609886169, 125.016235352, 125.434196472, 125.828933716, 126.246894836, 126.664848328, 127.082809448, 127.500770569, 127.895507812, 128.313461304, 128.708206177, 129.114562988, 129.520904541, 129.938858032, 130.356826782, 130.774780273, 131.181137085, 131.587478638, 132.005432129, 132.423400879, 132.829742432, 133.247711182, 133.654052734, 134.060409546, 134.466751099, 134.884719849, 135.279449463, 135.697418213, 136.115371704, 136.521713257, 136.928070068, 137.34602356, 137.752380371, 138.158721924, 138.576690674, 138.983032227, 139.389389038, 139.807342529, 140.225296021, 140.631652832, 141.037994385, 141.455963135, 141.862304688, 142.268661499, 142.68661499, 143.10458374, 143.510925293, 143.928878784, 144.335235596, 144.741577148, 145.14793396, 145.565887451, 145.972244263, 146.390197754, 146.796554565, 147.214508057, 147.620864868, 148.027206421, 148.445159912, 148.851516724, 149.269470215, 149.675827026, 150.093780518, 150.511749268, 150.91809082, 151.324447632, 151.719177246, 152.125534058, 152.53187561, 152.938232422, 153.344573975, 153.750930786, 154.157272339, 154.56362915, 154.969970703, 155.376327515, 155.771057129, 156.165802002, 156.572158813, 156.978500366, 157.384857178, 157.79119873, 158.197555542, 158.603897095, 158.998641968, 159.404983521, 159.799728394, 160.206069946, 160.600814819, 161.007156372, 161.413513184, 161.819854736, 162.214599609, 162.609344482, 163.015686035, 163.422042847, 163.816772461, 164.223129272, 164.629470825, 165.035827637, 165.442169189, 165.836914062, 166.231658936, 166.638000488, 167.0443573, 167.450698853, 167.857055664, 168.263397217, 168.669754028, 169.064483643, 169.459228516, 169.865570068, 170.27192688, 170.678268433, 171.084625244, 171.479354858, 171.874099731, 172.280456543, 172.675186157, 173.081542969, 173.487884521, 173.882629395, 174.288970947, 174.68371582, 175.090057373, 175.484802246, 175.891159058, 176.29750061, 176.703857422, 177.110198975, 177.516555786, 177.922897339, 178.317642212, 178.723983765, 179.118728638, 179.513473511, 179.919815063, 180.314559937, 180.720901489, 181.115646362, 181.510375977, 181.90512085, 182.311477661, 182.717819214, 183.124176025, 183.530517578, 183.93687439, 184.354827881, 184.784393311, 185.21395874, 185.643539429, 185.980224609, 186.31690979, 186.653594971, 186.99029541, 187.431472778, 187.884262085, 188.325439453, 188.77822876, 189.242630005, 189.70703125, 190.159820557, 190.612609863, 191.053787231, 191.4949646, 191.936141968, 192.377319336, 192.806884766, 193.224853516, 193.642807007, 194.072372437, 194.490341187, 194.908294678, 195.326248169, 195.744216919, 196.173782349, 196.59173584, 197.021316528, 197.43927002, 197.857223511, 198.286804199, 198.716369629, 199.13432312, 199.55229187, 199.970245361, 200.399810791, 200.817779541, 201.235733032, 201.665298462, 202.083267212, 202.501220703, 202.919174194, 203.337142944, 203.766708374, 204.196273804, 204.614242554, 205.032196045, 205.461761475, 205.902938843, 206.344116211, 206.796905518, 207.238098145, 207.690887451, 208.120452881, 208.550018311, 208.97958374, 209.420761108, 209.861953735, 210.303131104, 210.744308472, 211.231918335, 211.719543457, 212.195556641, 212.62512207, 213.0546875, 213.47265625, 213.890609741, 214.320175171, 214.761352539, 215.190933228, 215.620498657, 216.038452148, 216.45640564, 216.87437439, 217.292327881, 217.710296631, 218.128250122, 218.557815552, 218.975784302, 219.382125854, 219.788482666, 220.194824219, 220.61277771, 221.03074646, 221.448699951, 221.866668701, 222.273010254, 222.679367065, 223.085708618, 223.49206543, 223.898406982, 224.304763794, 224.722717285, 225.140670776, 225.547027588, 225.953369141, 226.371337891, 226.789291382, 227.207244873, 227.613601685, 228.019943237, 228.426300049, 228.832641602, 229.250610352, 229.656951904, 230.063308716, 230.469650269, 230.87600708, 231.293960571, 231.711929321, 232.129882812, 232.536224365, 232.954193115, 233.360534668, 233.778503418, 234.184844971, 234.591201782, 235.009155273, 235.415512085, 235.821853638, 236.239807129, 236.64616394, 237.052505493, 237.458862305, 237.876815796, 238.283172607, 238.68951416, 239.095870972, 239.513824463, 239.920181274, 240.326522827, 240.744491577, 241.162445068, 241.58039856, 241.986755371, 242.393096924, 242.811065674, 243.217407227, 243.635375977, 244.041717529, 244.436462402, 244.842803955, 245.249160767, 245.667114258, 246.061859131, 246.468200684, 246.874557495, 247.269287109, 247.675643921, 248.081985474, 248.476730347, 248.883071899, 249.289428711, 249.684173584, 250.102127075, 250.496871948, 250.903213501, 251.309570312, 251.704299927, 252.0990448, 252.505386353, 252.911743164, 253.318084717, 253.724441528, 254.130783081, 254.537139893, 254.931884766, 255.338226318, 255.74458313, 256.139312744, 256.534057617, 256.92880249, 257.335144043, 257.729888916, 258.136230469, 258.542572021, 258.948944092, 259.343658447, 259.73840332, 260.15637207, 260.551116943, 260.957458496, 261.352203369, 261.758544922, 262.164886475, 262.571228027, 262.977600098, 263.38394165, 263.790283203, 264.185028076, 264.591369629, 264.986114502, 265.380859375, 265.775604248, 266.170349121, 266.565063477, 266.95980835, 267.354553223, 267.760894775, 268.167236328, 268.561981201, 268.956726074, 269.363067627, 269.769439697, 270.18737793, 270.651794434, 271.10458374, 271.557373047, 272.010162354, 272.46295166, 272.915740967, 273.368530273, 273.844543457, 274.320526123, 274.784942627, 275.214508057, 275.632476807, 276.062042236, 276.491607666, 276.921173096, 277.350738525, 277.791931152, 278.233093262, 278.662658691, 279.103851318, 279.533416748, 279.962982178, 280.380950928, 280.798919678, 281.228485107, 281.658050537, 282.07598877, 282.49395752, 282.91192627, 283.341491699, 283.759460449, 284.189025879, 284.606964111, 285.024932861, 285.442901611, 285.860870361, 286.278808594, 286.696777344, 287.126342773, 287.544311523, 287.973876953, 288.403442383, 288.833007812, 289.262573242, 289.692138672, 290.110107422, 290.528076172, 290.946014404, 291.375610352, 291.793548584, 292.211517334, 292.641082764, 293.059051514, 293.476989746, 293.894958496, 294.312927246, 294.730865479, 295.160461426, 295.590026855, 296.019592285, 296.460754395, 296.890319824, 297.331512451, 297.761077881, 298.190643311, 298.631835938, 299.072998047],
    "bpm_histogram": [0, 0, 0, 0, 0, 0, 0, 0, 0, 0, 0, 0, 0, 0, 0, 0, 0, 0, 0, 0, 0, 0, 0, 0, 0, 0, 0, 0, 0, 0, 0, 0, 0, 0, 0, 0, 0, 0, 0, 0, 0, 0, 0, 0, 0, 0, 0, 0, 0, 0, 0, 0, 0, 0, 0, 0, 0, 0, 0, 0, 0, 0, 0, 0, 0, 0, 0, 0, 0, 0, 0, 0, 0, 0, 0, 0, 0, 0, 0, 0, 0, 0, 0, 0, 0, 0, 0, 0, 0, 0, 0, 0, 0, 0, 0, 0, 0, 0, 0, 0, 0, 0, 0, 0, 0, 0, 0, 0, 0, 0, 0, 0, 0, 0, 0, 0, 0, 0, 0, 0, 0, 0, 0, 0.00277777784504, 0, 0, 0.00694444449618, 0, 0, 0.0138888889924, 0, 0, 0, 0.0250000003725, 0, 0, 0.036111112684, 0, 0, 0, 0.0958333313465, 0, 0, 0, 0.316666662693, 0, 0, 0, 0.406944453716, 0, 0, 0, 0.0888888910413, 0, 0, 0, 0, 0.00138888892252, 0, 0, 0, 0, 0, 0, 0, 0, 0, 0, 0, 0, 0, 0, 0, 0, 0, 0, 0, 0, 0.00555555569008, 0, 0, 0, 0, 0, 0, 0, 0, 0, 0, 0, 0, 0, 0, 0, 0, 0, 0, 0, 0, 0, 0, 0, 0, 0, 0, 0, 0, 0, 0, 0, 0, 0, 0, 0, 0, 0, 0, 0, 0, 0, 0, 0, 0, 0, 0, 0, 0, 0, 0, 0, 0, 0, 0, 0, 0, 0, 0, 0, 0, 0, 0, 0, 0, 0, 0, 0, 0, 0, 0, 0]
},
"tonal": {
    "chords_changes_rate": 0.0443136021495,
    "chords_number_rate": 0.00139448407572,
    "chords_strength": {
        "mean": 0.51917386055,
        "stdev": 0.175539121032
    },
    "hpcp_crest": {
        "mean": 13.893658638,
        "stdev": 7.36047029495
    },
    "hpcp_entropy": {
        "mean": 1.98537516594,
        "stdev": 0.859810888767
    },
    "key_edma": {
        "strength": 0.795231938362,
        "key": "D",
        "scale": "major"
    },
    "key_krumhansl": {
        "strength": 0.81036221981,
        "key": "D",
        "scale": "major"
    },
    "key_temperley": {
        "strength": 0.825283646584,
        "key": "D",
        "scale": "major"
    },
    "tuning_diatonic_strength": 0.675178945065,
    "tuning_equal_tempered_deviation": 0.025320366025,
    "tuning_frequency": 440,
    "tuning_nontempered_energy_ratio": 0.687165439129,
    "hpcp": {
