{
"metadata": {
    "version": {
        "essentia": "2.1-dev",
        "essentia_git_sha": "v2.1_beta3-415-gd5473f3",
        "extractor": "music 2.0"
    },
    "audio_properties": {
        "analysis": {
            "equal_loudness": 0,
            "length": 226.873474121,
            "sample_rate": 44100,
            "start_time": 0,
            "downmix": "mix"
        },
        "bit_rate": 192000,
        "length": 226.873474121,
        "lossless": 0,
        "number_channels": 2,
        "replay_gain": -9.4218006134,
        "sample_rate": 44100,
        "codec": "mp3",
        "md5_encoded": "6eac3f5a7b9f1923ae606c1bffb2b8aa"
    },
    "tags": {
        "file_name": "creed-one_last_breath.mp3",
        "artist": ["Creed"],
        "genre": ["Blues"],
        "title": ["One Last Breathe"]
    }
},
"lowlevel": {
    "average_loudness": 0.728725850582,
    "barkbands_crest": {
        "mean": 9.60014438629,
        "stdev": 3.64902377129
    },
    "barkbands_flatness_db": {
        "mean": 0.169450998306,
        "stdev": 0.0745586976409
    },
    "barkbands_kurtosis": {
        "mean": 3.09717845917,
        "stdev": 7.22344493866
    },
    "barkbands_skewness": {
        "mean": 1.34406232834,
        "stdev": 1.20009362698
    },
    "barkbands_spread": {
        "mean": 21.8967533112,
        "stdev": 12.9880104065
    },
    "dissonance": {
        "mean": 0.458577692509,
        "stdev": 0.0384800173342
    },
    "dynamic_complexity": 4.8442568779,
    "erbbands_crest": {
        "mean": 9.15113353729,
        "stdev": 4.53702926636
    },
    "erbbands_flatness_db": {
        "mean": 0.185569956899,
        "stdev": 0.0815465375781
    },
    "erbbands_kurtosis": {
        "mean": 0.516708731651,
        "stdev": 2.06523966789
    },
    "erbbands_skewness": {
        "mean": -0.106679335237,
        "stdev": 0.744917213917
    },
    "erbbands_spread": {
        "mean": 34.4613037109,
        "stdev": 18.0871105194
    },
    "hfc": {
        "mean": 20.0991096497,
        "stdev": 19.325712204
    },
    "loudness_ebu128": {
        "integrated": -13.5462713242,
        "loudness_range": 11.3327093124,
        "momentary": {
            "mean": -16.8446311951,
            "stdev": 7.47033786774
        },
        "short_term": {
            "mean": -16.1040744781,
            "stdev": 5.99857902527
        }
    },
    "melbands_crest": {
        "mean": 15.0207901001,
        "stdev": 5.73690652847
    },
    "melbands_flatness_db": {
        "mean": 0.226961269975,
        "stdev": 0.084086574614
    },
    "melbands_kurtosis": {
        "mean": 11.9342222214,
        "stdev": 19.9756889343
    },
    "melbands_skewness": {
        "mean": 2.52413845062,
        "stdev": 1.82497906685
    },
    "melbands_spread": {
        "mean": 23.2834682465,
        "stdev": 15.4710178375
    },
    "pitch_salience": {
        "mean": 0.525535881519,
        "stdev": 0.1161076352
    },
    "silence_rate_20dB": {
        "mean": 1,
        "stdev": 0
    },
    "silence_rate_30dB": {
        "mean": 0.979328691959,
        "stdev": 0.142281413078
    },
    "silence_rate_60dB": {
        "mean": 0.141117483377,
        "stdev": 0.348127603531
    },
    "spectral_centroid": {
        "mean": 1343.30065918,
        "stdev": 707.253967285
    },
    "spectral_complexity": {
        "mean": 21.3220424652,
        "stdev": 14.0368680954
    },
    "spectral_decrease": {
        "mean": -7.05793512523e-09,
        "stdev": 7.49450990156e-09
    },
    "spectral_energy": {
        "mean": 0.0284612681717,
        "stdev": 0.0295095015317
    },
    "spectral_energyband_high": {
        "mean": 0.000750766776036,
        "stdev": 0.00101358792745
    },
    "spectral_energyband_low": {
        "mean": 0.0146052390337,
        "stdev": 0.0237024091184
    },
    "spectral_energyband_middle_high": {
        "mean": 0.00634735962376,
        "stdev": 0.00733340717852
    },
    "spectral_energyband_middle_low": {
        "mean": 0.00807286798954,
        "stdev": 0.00781267043203
    },
    "spectral_entropy": {
        "mean": 7.33691596985,
        "stdev": 0.698175370693
    },
    "spectral_flux": {
        "mean": 0.0710673853755,
        "stdev": 0.0621445812285
    },
    "spectral_kurtosis": {
        "mean": 9.71472454071,
        "stdev": 15.020570755
    },
    "spectral_rms": {
        "mean": 0.0045780078508,
        "stdev": 0.00260939099826
    },
    "spectral_rolloff": {
        "mean": 1384.38659668,
        "stdev": 1215.44885254
    },
    "spectral_skewness": {
        "mean": 1.92039871216,
        "stdev": 1.06165921688
    },
    "spectral_spread": {
        "mean": 3863379.25,
        "stdev": 2016377.375
    },
    "spectral_strongpeak": {
        "mean": 0.86692327261,
        "stdev": 1.22737109661
    },
    "zerocrossingrate": {
        "mean": 0.054795678705,
        "stdev": 0.0326655507088
    },
    "barkbands": {
        "mean": [9.06100976863e-05, 0.00770407402888, 0.00557570252568, 0.00194754288532, 0.0022423255723, 0.00112057081424, 0.000872003438417, 0.00073426484596, 0.00101421144791, 0.000684595666826, 0.00081654288806, 0.000903206993826, 0.000612808915321, 0.000555181060918, 0.000807658478152, 0.00070076395059, 0.000422251556301, 0.000317084573908, 0.000404897902627, 0.000297366030281, 0.000172846659552, 0.000164045093697, 9.16828430491e-05, 0.000115776609164, 6.47697379463e-05, 2.7798143492e-05, 6.83913924604e-07],
        "stdev": [0.000315624172799, 0.0157682038844, 0.00913362577558, 0.00299921026453, 0.00295572215691, 0.00143240997568, 0.00179367884994, 0.00213862024248, 0.00251896749251, 0.00226382166147, 0.00273839244619, 0.00248065334745, 0.00131178612355, 0.00118238932919, 0.00197260454297, 0.00142460106872, 0.000576879770961, 0.000417472823756, 0.000631245377008, 0.000474816246424, 0.0002400536614, 0.000271463155514, 0.000151832646225, 0.000224171526497, 0.000104833467049, 5.07486874994e-05, 2.09028098652e-06]
    },
    "erbbands": {
        "mean": [0.1287009269, 2.05378603935, 6.76324796677, 6.6296787262, 7.12260055542, 6.70604848862, 8.56674957275, 8.7000169754, 12.5616188049, 12.2726249695, 19.0552082062, 24.5410366058, 17.8368263245, 27.3402042389, 38.0635566711, 35.0767555237, 27.6678256989, 30.0495796204, 34.3381996155, 44.1064567566, 39.7980766296, 22.6970672607, 16.8049182892, 19.9701213837, 20.0899105072, 14.1906433105, 7.65322875977, 6.62510251999, 6.27347421646, 3.91806197166, 2.48017024994, 2.53778123856, 1.74228847027, 0.764873027802, 0.462272286415, 0.155654266477, 0.0481698699296, 0.0057312482968, 0.00013336999109, 3.91333269363e-05],
        "stdev": [0.362954646349, 3.98075628281, 11.0839719772, 9.86577320099, 10.7713031769, 9.35370254517, 11.7761573792, 12.9405288696, 23.2089939117, 29.9954090118, 50.7073783875, 66.1732559204, 48.1414642334, 72.817817688, 108.361854553, 79.6351165771, 58.7399368286, 57.8145828247, 77.943321228, 117.218841553, 69.9664382935, 28.6203708649, 21.1244277954, 27.3711338043, 35.1081390381, 21.7859458923, 10.0334672928, 9.69275188446, 10.6893644333, 6.26244878769, 4.20204877853, 4.75262308121, 3.62143969536, 1.27565908432, 0.798909127712, 0.281447470188, 0.0868080481887, 0.0124691808596, 0.000253841921221, 3.88349544664e-05]
    },
    "gfcc": {
        "mean": [-43.5626182556, 113.994064331, -128.991668701, 27.6256465912, -47.275138855, 14.3711910248, -40.6224594116, 2.55051016808, -22.9232826233, -4.23998737335, -15.3494100571, -5.94354629517, -9.19632816315],
        "cov": [[20800.21875, -4381.52783203, 1734.49658203, 2650.74511719, -804.802246094, 1355.91674805, -293.082183838, 1379.22021484, -743.055419922, 1128.79675293, -646.598999023, 656.189880371, -859.964599609], [-4381.52783203, 3025.99169922, -707.250915527, -1191.39233398, 538.182861328, -719.729309082, -6.32235240936, -662.015991211, 249.794372559, -470.825286865, 336.004516602, -355.754333496, 217.097000122], [1734.49658203, -707.250915527, 1142.14660645, 589.529663086, -76.5788269043, 351.757263184, -43.3521461487, 300.558349609, -125.064193726, 214.782028198, -115.665016174, 187.320739746, -125.520545959], [2650.74511719, -1191.39233398, 589.529663086, 1106.3581543, -57.3301467896, 344.621398926, 93.5064163208, 368.452453613, -85.1220245361, 249.772872925, -95.7675704956, 166.672241211, -96.7911834717], [-804.802246094, 538.182861328, -76.5788269043, -57.3301467896, 584.76965332, -182.349365234, 83.4212799072, -9.43203830719, 10.0997114182, 2.96839165688, 50.871257782, -1.2099416256, 27.3676929474], [1355.91674805, -719.729309082, 351.757263184, 344.621398926, -182.349365234, 441.440734863, 47.1682357788, 161.200744629, -50.2679023743, 104.428382874, -53.2985420227, 97.9362792969, -64.0862045288], [-293.082183838, -6.32235240936, -43.3521461487, 93.5064163208, 83.4212799072, 47.1682357788, 240.17805481, 50.4688339233, 7.19815826416, -11.7931861877, 32.0782165527, 38.9164962769, -1.88978791237], [1379.22021484, -662.015991211, 300.558349609, 368.452453613, -9.43203830719, 161.200744629, 50.4688339233, 323.282226562, -64.1195983887, 148.756591797, -86.4506912231, 119.623275757, -60.1491851807], [-743.055419922, 249.794372559, -125.064193726, -85.1220245361, 10.0997114182, -50.2679023743, 7.19815826416, -64.1195983887, 170.102874756, -38.6977844238, 35.2134819031, -55.1073913574, 65.8353729248], [1128.79675293, -470.825286865, 214.782028198, 249.772872925, 2.96839165688, 104.428382874, -11.7931861877, 148.756591797, -38.6977844238, 204.053619385, -56.5461387634, 64.3853302002, -47.7071228027], [-646.598999023, 336.004516602, -115.665016174, -95.7675704956, 50.871257782, -53.2985420227, 32.0782165527, -86.4506912231, 35.2134819031, -56.5461387634, 130.699127197, -27.4758090973, 26.5674858093], [656.189880371, -355.754333496, 187.320739746, 166.672241211, -1.2099416256, 97.9362792969, 38.9164962769, 119.623275757, -55.1073913574, 64.3853302002, -27.4758090973, 155.701721191, -32.4703140259], [-859.964599609, 217.097000122, -125.520545959, -96.7911834717, 27.3676929474, -64.0862045288, -1.88978791237, -60.1491851807, 65.8353729248, -47.7071228027, 26.5674858093, -32.4703140259, 122.137794495]],
        "icov": [[0.000168793063494, -0.000310443283524, 0.000331581191858, -0.000383104896173, 0.000259733584244, -0.000369059096556, 0.000439333962277, -0.00036169073428, 0.000310933857691, -0.000552998390049, 0.000481543014757, -0.000426642800448, 0.000752489082515], [-0.000310443283524, 0.00273011322133, -0.0016675083898, 0.00177624169737, -0.00175414583646, 0.002039531013, -0.00133764767088, 0.00187763164286, -0.00140479160473, 0.00273086992092, -0.00316146784462, 0.00269721169025, -0.00174876500387], [0.000331581191858, -0.0016675083898, 0.00283837248571, -0.00168599013705, 0.000908263784368, -0.00214649899863, 0.00198307679966, -0.00161850906443, 0.00113616755698, -0.00205789110623, 0.00222768005915, -0.00260974373668, 0.00218869722448], [-0.000383104896173, 0.00177624169737, -0.00168599013705, 0.00325242942199, -0.00116265646648, 0.00103600486182, -0.00179656699765, 0.000348717847373, -0.00114771176595, 0.00116957479622, -0.00239094253629, 0.00202648970298, -0.0019275060622], [0.000259733584244, -0.00175414583646, 0.000908263784368, -0.00116265646648, 0.00347718060948, -4.02041441703e-05, -6.03424523433e-05, -0.00141161633655, 0.00117080868222, -0.00258049322292, 0.00142908957787, -0.0018524233019, 0.00102005444933], [-0.000369059096556, 0.002039531013, -0.00214649899863, 0.00103600486182, -4.02041441703e-05, 0.00593010568991, -0.00243403273635, 0.00139368954115, -0.00127583614085, 0.00176648295019, -0.00251605850644, 0.0015571131371, -0.00150048092473], [0.000439333962277, -0.00133764767088, 0.00198307679966, -0.00179656699765, -6.03424523433e-05, -0.00243403273635, 0.00715734669939, -0.00248725875281, 0.000452001375379, -0.00025915337028, 0.000329606089508, -0.00286521227099, 0.00252916384488], [-0.00036169073428, 0.00187763164286, -0.00161850906443, 0.000348717847373, -0.00141161633655, 0.00139368954115, -0.00248725875281, 0.00907894503325, -0.000982922036201, -0.000162507480127, 0.000359965197276, -0.000383828475606, -0.0015048669884], [0.000310933857691, -0.00140479160473, 0.00113616755698, -0.00114771176595, 0.00117080868222, -0.00127583614085, 0.000452001375379, -0.000982922036201, 0.00913250539452, -0.00213398016058, 0.000769400387071, 0.000579955580179, -0.00223386264406], [-0.000552998390049, 0.00273086992092, -0.00205789110623, 0.00116957479622, -0.00258049322292, 0.00176648295019, -0.00025915337028, -0.000162507480127, -0.00213398016058, 0.0120520237833, -0.00244863610715, 0.00236974190921, -0.00149422872346], [0.000481543014757, -0.00316146784462, 0.00222768005915, -0.00239094253629, 0.00142908957787, -0.00251605850644, 0.000329606089508, 0.000359965197276, 0.000769400387071, -0.00244863610715, 0.0143941389397, -0.00380660803057, 0.00243235589005], [-0.000426642800448, 0.00269721169025, -0.00260974373668, 0.00202648970298, -0.0018524233019, 0.0015571131371, -0.00286521227099, -0.000383828475606, 0.000579955580179, 0.00236974190921, -0.00380660803057, 0.0133212255314, -0.00289305741899], [0.000752489082515, -0.00174876500387, 0.00218869722448, -0.0019275060622, 0.00102005444933, -0.00150048092473, 0.00252916384488, -0.0015048669884, -0.00223386264406, -0.00149422872346, 0.00243235589005, -0.00289305741899, 0.0149203175679]]
    },
    "melbands": {
        "mean": [0.00165464694146, 0.00337873073295, 0.00117484049406, 0.000510758953169, 0.000285359797999, 0.000196713925106, 0.000194291118532, 0.000136894595926, 0.000164039651281, 0.000146048361785, 8.71094380273e-05, 0.000108119762444, 0.000131196240545, 0.000111099790956, 6.11884315731e-05, 6.41898877802e-05, 5.28642740392e-05, 5.24912647961e-05, 5.93136355747e-05, 5.1066504966e-05, 4.60747396573e-05, 2.44762813963e-05, 1.59447863552e-05, 1.52256834554e-05, 1.61806583492e-05, 1.54576246132e-05, 1.33028270284e-05, 8.29633063404e-06, 4.75266051581e-06, 4.27624081567e-06, 3.64439642908e-06, 3.58225543096e-06, 3.06494234792e-06, 1.84751809229e-06, 1.36469577683e-06, 1.43920965456e-06, 1.62426090355e-06, 1.29869556531e-06, 8.83399195573e-07, 5.64419963212e-07],
        "stdev": [0.00380225759, 0.005554898642, 0.00160668999888, 0.000752930005547, 0.00035961237154, 0.00028204289265, 0.000360107515007, 0.000343886757037, 0.000429775682278, 0.00038122330443, 0.000252908474067, 0.000312977965223, 0.000418571871705, 0.000329504458932, 0.000129506544909, 0.000128578394651, 0.000109035230707, 0.000127873354359, 0.000151293250383, 0.000126238024677, 8.07605028967e-05, 3.32680501742e-05, 2.08587916859e-05, 2.04446005228e-05, 2.30348105106e-05, 2.64006721409e-05, 2.56418334175e-05, 1.23146655824e-05, 6.33344643575e-06, 6.46731541565e-06, 5.64163929084e-06, 6.15768749412e-06, 5.61803835808e-06, 2.98159943668e-06, 2.40231088355e-06, 2.57469491771e-06, 3.28299029206e-06, 2.93246034744e-06, 1.67215819147e-06, 9.39242340792e-07]
    },
    "melbands128": {
        "mean": [8.48076597322e-05, 0.000697247916833, 0.00207864190452, 0.00389849953353, 0.00397863611579, 0.00238242954947, 0.00138874328695, 0.000819511129521, 0.000739343289752, 0.000585391011555, 0.000367423432181, 0.000272676232271, 0.000346314220224, 0.000210350670386, 0.000170966930455, 0.00022776395781, 0.000153001266881, 0.000233456099522, 0.000157173417392, 0.00012581149349, 0.000114323476737, 0.000177996917046, 0.00014591832587, 0.000157849935931, 0.00021075096447, 9.837262769e-05, 0.000107570340333, 7.19455565559e-05, 7.45185316191e-05, 0.000140479241963, 8.06283424026e-05, 0.000120522323414, 0.000185093813343, 7.32158296159e-05, 0.000134294925374, 0.000123378529679, 8.87718269951e-05, 4.05636274081e-05, 6.35080505162e-05, 6.02799664193e-05, 4.67311474495e-05, 9.63658021647e-05, 4.75027154607e-05, 3.16798432323e-05, 5.61187262065e-05, 5.29813514731e-05, 5.65480477235e-05, 5.02650436829e-05, 6.60899313516e-05, 7.3580937169e-05, 3.6695979361e-05, 4.0153030568e-05, 6.02814070589e-05, 4.27129853051e-05, 3.1153922464e-05, 2.1916544938e-05, 1.88963113033e-05, 1.8096077838e-05, 1.40971860674e-05, 1.37690103656e-05, 1.42935332406e-05, 1.76379289769e-05, 1.60105573741e-05, 1.53885666805e-05, 1.73482567334e-05, 1.46328839037e-05, 1.57645717991e-05, 1.35935079015e-05, 1.2511965906e-05, 1.37692068165e-05, 7.61154205975e-06, 6.5294984779e-06, 5.35220578968e-06, 4.2649153329e-06, 4.09032645621e-06, 4.72965530207e-06, 4.11189557781e-06, 3.7522383991e-06, 3.76635853172e-06, 3.26224790115e-06, 3.48686830876e-06, 3.56643067789e-06, 4.05316450269e-06, 2.9927630294e-06, 2.43178692472e-06, 1.9392023205e-06, 1.68319286331e-06, 1.53742416842e-06, 1.26996008021e-06, 1.30337252813e-06, 1.39225949169e-06, 1.52423308464e-06, 1.46003583268e-06, 1.78214963853e-06, 1.58795467087e-06, 1.34676292873e-06, 1.29953195938e-06, 1.13124519885e-06, 1.00350666798e-06, 6.76238585129e-07, 5.5554158962e-07, 5.66848768813e-07, 5.36865229606e-07, 5.61910553643e-07, 5.72983822167e-07, 5.21212484728e-07, 4.16231614508e-07, 3.17858251719e-07, 2.24018634754e-07, 1.95545879933e-07, 1.92943247157e-07, 1.87422813269e-07, 1.52502437345e-07, 1.28488096607e-07, 8.24791044352e-08, 6.45723190473e-08, 2.73417111174e-08, 5.37463545891e-11, 4.85489946855e-12, 4.69995396768e-12, 4.57890973402e-12, 4.47611782708e-12, 4.37786135468e-12, 4.29791228648e-12, 4.23484858292e-12, 4.18860736026e-12, 4.1542537639e-12, 4.12538319478e-12],
        "stdev": [0.00030103456811, 0.00250440370291, 0.00577416364104, 0.00742002436891, 0.00679095415398, 0.00389297865331, 0.00227037537843, 0.00125703087542, 0.00130888342392, 0.00113482272718, 0.000634482479654, 0.000416551047238, 0.000569034076761, 0.000333031406626, 0.000293922930723, 0.000493867555633, 0.000357048644219, 0.000556667568162, 0.000422795739723, 0.00043381692376, 0.000492190243676, 0.000562025350519, 0.000621705024969, 0.000606636807788, 0.000744978722651, 0.00032939875382, 0.000254097307334, 0.000365717947716, 0.000376325304387, 0.000580525142141, 0.000282743159914, 0.000431688880781, 0.000757078581955, 0.000322532898281, 0.00063482002588, 0.000405169528676, 0.000239404718741, 0.000142600008985, 0.000229548852076, 0.0001824961073, 0.000142066142871, 0.000259672233369, 0.000149729792611, 0.000100889330497, 0.000206368596992, 0.00017789528647, 0.000219994719373, 0.000192508538021, 0.000264164060354, 0.00029327213997, 0.000116512361274, 0.000113279558718, 0.000145814061398, 9.28157314775e-05, 5.29476601514e-05, 3.57693024853e-05, 2.83002846118e-05, 2.87737893814e-05, 2.11094848055e-05, 2.19099219976e-05, 2.15557647607e-05, 2.92309996439e-05, 2.70852506219e-05, 2.57418923866e-05, 3.15392644552e-05, 2.83616645902e-05, 4.05925384257e-05, 4.0543727664e-05, 3.06261936203e-05, 3.19110004057e-05, 1.2011752915e-05, 9.78707430477e-06, 8.08810818853e-06, 6.39551490167e-06, 6.38246137896e-06, 9.21462196857e-06, 6.66162122798e-06, 6.74090824759e-06, 6.88056434228e-06, 5.34411356057e-06, 6.43539533485e-06, 7.16726526662e-06, 8.68131246534e-06, 6.25308302915e-06, 4.59488046545e-06, 3.30409670823e-06, 3.16264231515e-06, 2.96171606351e-06, 2.49418667408e-06, 2.59903481492e-06, 2.67547943622e-06, 3.15641364068e-06, 2.78775587503e-06, 4.03488547818e-06, 3.57714725396e-06, 3.3438027458e-06, 3.35998993251e-06, 2.51306914834e-06, 2.11246492654e-06, 1.2821491282e-06, 1.05017625174e-06, 9.95305981633e-07, 9.40901202284e-07, 1.10891949134e-06, 1.11538884084e-06, 1.00574811768e-06, 8.10617109437e-07, 6.47517197194e-07, 4.69745145892e-07, 4.05207686072e-07, 3.69132379774e-07, 3.49934651922e-07, 2.88146196681e-07, 2.59906244082e-07, 1.86159155646e-07, 1.6772982292e-07, 8.00002837309e-08, 2.29719326894e-10, 9.15703884247e-12, 8.88713668629e-12, 8.65653295573e-12, 8.45656791121e-12, 8.28103991629e-12, 8.13426322827e-12, 8.00921915595e-12, 7.9123374519e-12, 7.84209502891e-12, 7.79743717511e-12]
    },
    "mfcc": {
        "mean": [-675.020629883, 134.20866394, -8.05331611633, 14.3508348465, 12.7675180435, 7.94805717468, -1.12234568596, 1.64983093739, -2.14703822136, 0.486078202724, -4.96057128906, -2.99342155457, -0.935859799385],
        "cov": [[14911.421875, -2953.79956055, 187.488998413, 1840.01635742, -45.6973724365, 386.639556885, 636.278808594, 555.733215332, 373.231628418, 308.890228271, 406.385131836, 518.074401855, 140.492706299], [-2953.79956055, 2216.09912109, -506.151977539, -731.567932129, 65.1177978516, -182.937026978, -287.439056396, -212.97366333, -243.592803955, -128.442962646, -118.514968872, -157.134292603, -43.2233428955], [187.488998413, -506.151977539, 773.480529785, 226.479278564, 12.987616539, 139.005447388, 120.906814575, 107.408554077, 125.010902405, 4.70028591156, 35.449306488, 80.7267608643, 13.823975563], [1840.01635742, -731.567932129, 226.479278564, 801.492614746, 143.601821899, 91.6857528687, 211.636856079, 146.928115845, 151.095596313, 92.7424621582, 97.6779403687, 125.862449646, 45.1618385315], [-45.6973724365, 65.1177978516, 12.987616539, 143.601821899, 297.262298584, 17.3608798981, 48.5170631409, 0.587090790272, 44.3192138672, 27.8602561951, 14.6261463165, 6.48790884018, 18.6098632812], [386.639556885, -182.937026978, 139.005447388, 91.6857528687, 17.3608798981, 223.070648193, 86.1930618286, 55.1641845703, 29.4944419861, 21.1989917755, 38.6289787292, 45.3421897888, -6.93362522125], [636.278808594, -287.439056396, 120.906814575, 211.636856079, 48.5170631409, 86.1930618286, 245.571716309, 119.076576233, 35.059463501, 12.3337650299, 68.614692688, 59.9935913086, 10.8980007172], [555.733215332, -212.97366333, 107.408554077, 146.928115845, 0.587090790272, 55.1641845703, 119.076576233, 204.769271851, 45.7013587952, -10.4110593796, 52.7835769653, 51.9742774963, 13.7083129883], [373.231628418, -243.592803955, 125.010902405, 151.095596313, 44.3192138672, 29.4944419861, 35.059463501, 45.7013587952, 163.069366455, 55.2092590332, 4.52530384064, 26.0345020294, 29.2301101685], [308.890228271, -128.442962646, 4.70028591156, 92.7424621582, 27.8602561951, 21.1989917755, 12.3337650299, -10.4110593796, 55.2092590332, 135.076431274, 29.0518493652, -5.16288232803, 6.1552491188], [406.385131836, -118.514968872, 35.449306488, 97.6779403687, 14.6261463165, 38.6289787292, 68.614692688, 52.7835769653, 4.52530384064, 29.0518493652, 115.177825928, 40.5314903259, -11.1944627762], [518.074401855, -157.134292603, 80.7267608643, 125.862449646, 6.48790884018, 45.3421897888, 59.9935913086, 51.9742774963, 26.0345020294, -5.16288232803, 40.5314903259, 114.492248535, 23.4545688629], [140.492706299, -43.2233428955, 13.823975563, 45.1618385315, 18.6098632812, -6.93362522125, 10.8980007172, 13.7083129883, 29.2301101685, 6.1552491188, -11.1944627762, 23.4545688629, 94.2318115234]],
        "icov": [[0.000122898884001, 9.60115503403e-05, 0.00013379365555, -0.000167136633536, 9.4819079095e-05, -6.6155094828e-05, 9.48316755967e-06, -9.04654953047e-05, 9.84670123216e-07, -8.70508956723e-05, -8.31359575386e-05, -0.000245866220212, -3.35474906024e-05], [9.60115503403e-05, 0.000922105915379, 0.00032807039679, 0.000442623277195, -0.00057390681468, 6.53084352962e-05, 0.000378329248633, -9.94896399789e-05, 0.000555262144189, 0.0001819494355, -1.9502484065e-05, -0.000135298454552, -4.43444478151e-05], [0.00013379365555, 0.00032807039679, 0.00195122568402, -0.000198680820176, 0.000137499999255, -0.000788678356912, -0.000137912677019, -0.000194621505216, -0.00106571568176, 0.000578087463509, -2.44797120104e-05, -0.000602867803536, 0.000159019429702], [-0.000167136633536, 0.000442623277195, -0.000198680820176, 0.00290972366929, -0.00123204512056, 0.000452983193099, -0.000791573664173, -0.000326071254676, -0.000551626842935, -0.000741897034459, -0.000144262507092, -0.00109388364945, -2.28267690545e-05], [9.4819079095e-05, -0.00057390681468, 0.000137499999255, -0.00123204512056, 0.00448742182925, -0.000308905408019, -0.000929531292059, 0.000842946174089, -0.00120630161837, -1.84501714102e-05, -0.000418878044002, 0.000551745120902, -0.000570089614484], [-6.6155094828e-05, 6.53084352962e-05, -0.000788678356912, 0.000452983193099, -0.000308905408019, 0.00595188234001, -0.00130939937662, -0.000311378331389, 0.000177437235834, -0.00100716156885, -4.89057310915e-05, -0.00135149888229, 0.00106420065276], [9.48316755967e-06, 0.000378329248633, -0.000137912677019, -0.000791573664173, -0.000929531292059, -0.00130939937662, 0.00760816643015, -0.00274787493981, 0.00104690087028, 0.000317750353133, -0.00169815460686, -0.000283183268039, -0.000310665724101], [-9.04654953047e-05, -9.94896399789e-05, -0.000194621505216, -0.000326071254676, 0.000842946174089, -0.000311378331389, -0.00274787493981, 0.00821280758828, -0.00203345040791, 0.00242677144706, -0.00217010756023, 1.48654171426e-05, -0.000581532425713], [9.84670123216e-07, 0.000555262144189, -0.00106571568176, -0.000551626842935, -0.00120630161837, 0.000177437235834, 0.00104690087028, -0.00203345040791, 0.0105372080579, -0.0038716790732, 0.00240803905763, -0.000633538875263, -0.00147194694728], [-8.70508956723e-05, 0.0001819494355, 0.000578087463509, -0.000741897034459, -1.84501714102e-05, -0.00100716156885, 0.000317750353133, 0.00242677144706, -0.0038716790732, 0.0111390836537, -0.00382245727815, 0.00306679820642, -0.000720311829355], [-8.31359575386e-05, -1.9502484065e-05, -2.44797120104e-05, -0.000144262507092, -0.000418878044002, -4.89057310915e-05, -0.00169815460686, -0.00217010756023, 0.00240803905763, -0.00382245727815, 0.0135930003598, -0.00366400415078, 0.00280846422538], [-0.000245866220212, -0.000135298454552, -0.000602867803536, -0.00109388364945, 0.000551745120902, -0.00135149888229, -0.000283183268039, 1.48654171426e-05, -0.000633538875263, 0.00306679820642, -0.00366400415078, 0.0141749652103, -0.00322787929326], [-3.35474906024e-05, -4.43444478151e-05, 0.000159019429702, -2.28267690545e-05, -0.000570089614484, 0.00106420065276, -0.000310665724101, -0.000581532425713, -0.00147194694728, -0.000720311829355, 0.00280846422538, -0.00322787929326, 0.0125815393403]]
    },
    "spectral_contrast_coeffs": {
        "mean": [-0.688917219639, -0.741384148598, -0.746590197086, -0.757401645184, -0.777078151703, -0.769357562065],
        "stdev": [0.0742497295141, 0.0794286429882, 0.0709469020367, 0.0645220652223, 0.0512854084373, 0.0492601394653]
    },
    "spectral_contrast_valleys": {
        "mean": [-7.03751468658, -7.22918891907, -7.71965742111, -7.89155817032, -8.26081848145, -11.0355405807],
        "stdev": [1.60397613049, 1.45722699165, 1.4199719429, 1.55037283897, 2.02405929565, 2.14588856697]
    }
},
"rhythm": {
    "beats_count": 488,
    "beats_loudness": {
        "mean": 0.0336087197065,
        "stdev": 0.0280979312956
    },
    "bpm": 129.474456787,
    "bpm_histogram_first_peak_bpm": 129,
    "bpm_histogram_first_peak_weight": 0.582352995872,
    "bpm_histogram_second_peak_bpm": 123,
    "bpm_histogram_second_peak_spread": 0.237499952316,
    "bpm_histogram_second_peak_weight": 0.125256672502,
    "danceability": 0.954520404339,
    "onset_rate": 2.75018548965,
    "beats_loudness_band_ratio": {
        "mean": [0.434327632189, 0.173005342484, 0.14914894104, 0.131108477712, 0.112014733255, 0.0440089926124],
        "stdev": [0.280063778162, 0.13606017828, 0.13937485218, 0.135817795992, 0.120893985033, 0.0504372790456]
    },
    "beats_position": [0.49922901392, 0.986848056316, 1.47446703911, 1.98530614376, 2.49614500999, 3.00698399544, 3.51782298088, 4.04027223587, 4.5627207756, 5.07355976105, 5.5727891922, 6.06040811539, 6.53641700745, 7.01242637634, 7.50004529953, 7.98766422272, 8.46367359161, 8.95129203796, 9.42730140686, 9.91492080688, 10.4025392532, 10.8785486221, 11.3777770996, 11.8537864685, 12.3414058685, 12.8174142838, 13.3050336838, 13.7926530838, 14.268661499, 14.7446708679, 15.2322902679, 15.7199087143, 16.2075271606, 16.6951465607, 17.1827659607, 17.6587753296, 18.1347846985, 18.6224040985, 19.1100215912, 19.5976409912, 20.0852603912, 20.5612697601, 21.0488891602, 21.5365066528, 22.0125160217, 22.5001354218, 22.9877548218, 23.4753742218, 23.9513835907, 24.4273910522, 24.9150104523, 25.4258499146, 25.9250793457, 26.4243087769, 26.8887062073, 27.353105545, 27.8175048828, 28.3051242828, 28.804353714, 29.2803630829, 29.7563705444, 30.2323799133, 30.7199993134, 31.1960086823, 31.6720180511, 32.1596374512, 32.6588668823, 33.146484375, 33.6341018677, 34.1101112366, 34.5977325439, 35.0737419128, 35.5497512817, 36.0257606506, 36.5017662048, 36.9893875122, 37.4770050049, 37.9646263123, 38.4638557434, 38.9514732361, 39.4390907288, 39.9267120361, 40.4143295288, 40.9019508362, 41.3779602051, 41.8539657593, 42.3531951904, 42.8292045593, 43.3052139282, 43.7928352356, 44.2804527283, 44.7564620972, 45.2324714661, 45.7200889587, 46.2077102661, 46.6953277588, 47.1713371277, 47.6705665588, 48.1581840515, 48.6574134827, 49.14503479, 49.6442604065, 50.1434898376, 50.631111145, 51.1303405762, 51.6179580688, 52.1055755615, 52.5931968689, 53.0808143616, 53.5684356689, 54.0676651001, 54.5668907166, 55.08934021, 55.6234016418, 56.1458511353, 56.6566886902, 57.1791381836, 57.701587677, 58.2124252319, 58.7232627869, 59.2341041565, 59.7333335876, 60.2209510803, 60.708568573, 61.2077980042, 61.6954193115, 62.1830368042, 62.6590461731, 63.135055542, 63.6110649109, 64.0754623413, 64.5514755249, 65.0158691406, 65.4918823242, 65.9562835693, 66.4322891235, 66.8966903687, 67.3726959229, 67.8487091064, 68.3131027222, 68.7891159058, 69.26512146, 69.7295227051, 70.2055282593, 70.6815414429, 71.1691589355, 71.6335601807, 72.0979614258, 72.5623550415, 73.0383682251, 73.5143737793, 73.9903869629, 74.4663925171, 74.9424057007, 75.4184112549, 75.8828125, 76.3472061157, 76.8232192993, 77.2992248535, 77.7752380371, 78.2512435913, 78.7156448364, 79.1800460815, 79.6444396973, 80.1088409424, 80.5732421875, 81.0260314941, 81.5020370483, 81.9664382935, 82.4424438477, 82.9184570312, 83.3828582764, 83.8472518921, 84.3232650757, 84.7876663208, 85.2520599365, 85.7048492432, 86.1692504883, 86.6336517334, 87.0980453491, 87.5624465942, 88.0500640869, 88.514465332, 88.9904708862, 89.4664840698, 89.942489624, 90.4185028076, 90.8829040527, 91.3472976685, 91.8233108521, 92.2993164062, 92.7637176514, 93.2281188965, 93.7041244507, 94.1801376343, 94.6561431885, 95.1321487427, 95.5965499878, 96.0725631714, 96.5485687256, 97.0129699707, 97.4889755249, 97.9649887085, 98.4409942627, 98.9170074463, 99.381401062, 99.8458023071, 100.321815491, 100.797821045, 101.285438538, 101.749839783, 102.225845337, 102.690246582, 103.166259766, 103.64226532, 104.118278503, 104.582672119, 105.058685303, 105.511474609, 105.987480164, 106.44026947, 106.904670715, 107.36907196, 107.833465576, 108.297866821, 108.762268066, 109.215057373, 109.66784668, 110.132240295, 110.596641541, 111.061042786, 111.525436401, 111.966621399, 112.431015015, 112.89541626, 113.348205566, 113.800994873, 114.265396118, 114.729797363, 115.18258667, 115.635368347, 116.099769592, 116.564170837, 117.028572083, 117.492965698, 117.945755005, 118.398544312, 118.862945557, 119.327346802, 119.791740417, 120.244529724, 120.697319031, 121.161720276, 121.626121521, 122.090522766, 122.543312073, 122.99609375, 123.460494995, 123.913284302, 124.366073608, 124.830474854, 125.294876099, 125.759269714, 126.223670959, 126.664848328, 127.129249573, 127.593650818, 128.046432495, 128.499221802, 128.963623047, 129.428024292, 129.892425537, 130.345214844, 130.809616089, 131.274017334, 131.726806641, 132.191192627, 132.643981934, 133.09677124, 133.561172485, 134.02557373, 134.489974976, 134.942764282, 135.395553589, 135.859954834, 136.312744141, 136.765533447, 137.195098877, 137.624664307, 138.077453613, 138.53024292, 138.983032227, 139.435821533, 139.900222778, 140.364624023, 140.829025269, 141.293426514, 141.757827759, 142.210617065, 142.663391113, 143.127792358, 143.580581665, 144.033370972, 144.497772217, 144.962173462, 145.414962769, 145.867752075, 146.320541382, 146.773330688, 147.237731934, 147.69052124, 148.143310547, 148.607711792, 149.060501099, 149.513290405, 149.966079712, 150.418869019, 150.871658325, 151.324447632, 151.777236938, 152.241622925, 152.694412231, 153.147201538, 153.599990845, 154.052780151, 154.505569458, 154.969970703, 155.42276001, 155.875549316, 156.339950562, 156.792739868, 157.257141113, 157.698318481, 158.162719727, 158.615509033, 159.06829834, 159.521087646, 159.973876953, 160.42666626, 160.867843628, 161.320632935, 161.773422241, 162.226211548, 162.667388916, 163.120178223, 163.584579468, 164.037368774, 164.490158081, 164.954559326, 165.407348633, 165.860137939, 166.312927246, 166.765716553, 167.230117798, 167.694503784, 168.147293091, 168.611694336, 169.064483643, 169.528884888, 169.981674194, 170.434463501, 170.887252808, 171.340042114, 171.804443359, 172.257232666, 172.605529785, 172.965438843, 173.3253479, 173.685256958, 174.045166016, 174.405075073, 174.764984131, 175.124893188, 175.496414185, 175.867935181, 176.251068115, 176.634185791, 177.086975098, 177.528152466, 177.969345093, 178.422134399, 178.886520386, 179.350921631, 179.815322876, 180.279724121, 180.732513428, 181.185302734, 181.638092041, 182.090881348, 182.555282593, 183.008071899, 183.460861206, 183.925262451, 184.389663696, 184.854049683, 185.318450928, 185.759628296, 186.224029541, 186.688430786, 187.141220093, 187.594009399, 188.058410645, 188.52281189, 188.987213135, 189.451599121, 189.916000366, 190.368789673, 190.821578979, 191.285980225, 191.738769531, 192.191558838, 192.655960083, 193.120361328, 193.584762573, 194.03755188, 194.490341187, 194.954742432, 195.419128418, 195.883529663, 196.33631897, 196.789108276, 197.253509521, 197.706298828, 198.159088135, 198.62348938, 199.087890625, 199.55229187, 200.016693115, 200.457870483, 200.92225647, 201.386657715, 201.839447021, 202.292236328, 202.756637573, 203.221038818, 203.685440063, 204.13822937, 204.602630615, 205.06703186, 205.519821167, 205.984207153, 206.448608398, 206.901397705, 207.354187012, 207.818588257, 208.282989502, 208.735778809, 209.188568115, 209.65296936, 210.105758667, 210.558547974, 211.01133728, 211.464126587, 211.905303955, 212.346481323, 212.845703125, 213.344940186, 213.855773926, 214.378234863, 214.900680542, 215.411514282, 215.887527466, 216.363540649, 216.839538574, 217.315551758, 217.791564941, 218.279174805, 218.662307739, 219.033828735, 219.41696167, 219.788482666, 220.113555908, 220.450241089, 220.77532959, 221.112014771, 221.471923828, 221.831832886, 222.191741943, 222.551651001, 222.958007812, 223.375961304, 223.793914795, 224.200271606, 224.618225098, 225.024581909, 225.430923462, 225.837280273, 226.255233765],
    "bpm_histogram": [0, 0, 0, 0, 0, 0, 0, 0, 0, 0, 0, 0, 0, 0, 0, 0, 0, 0, 0, 0, 0, 0, 0, 0, 0, 0, 0, 0, 0, 0, 0, 0, 0, 0, 0, 0, 0, 0, 0, 0, 0, 0, 0, 0, 0, 0, 0, 0, 0, 0, 0, 0, 0, 0, 0, 0, 0, 0, 0, 0, 0, 0, 0, 0, 0, 0, 0, 0, 0, 0, 0, 0, 0, 0, 0, 0, 0, 0, 0, 0, 0, 0, 0, 0, 0, 0, 0, 0, 0, 0, 0, 0, 0, 0, 0, 0, 0, 0, 0, 0, 0, 0, 0, 0, 0, 0, 0, 0, 0, 0, 0, 0, 0.00205338816158, 0, 0, 0.0164271052927, 0, 0.0246406570077, 0, 0, 0.0390143729746, 0, 0, 0.125256672502, 0, 0, 0.178644761443, 0, 0, 0.291581094265, 0, 0, 0, 0.227926075459, 0, 0, 0.0225872695446, 0, 0, 0, 0.00410677632317, 0, 0, 0, 0.00821355264634, 0, 0, 0, 0.0102669401094, 0, 0, 0, 0, 0, 0, 0, 0, 0.00821355264634, 0, 0, 0, 0.00821355264634, 0, 0, 0, 0, 0, 0.0225872695446, 0, 0, 0, 0, 0.00205338816158, 0, 0, 0, 0, 0, 0.00410677632317, 0, 0, 0, 0, 0, 0, 0.00410677632317, 0, 0, 0, 0, 0, 0, 0, 0, 0, 0, 0, 0, 0, 0, 0, 0, 0, 0, 0, 0, 0, 0, 0, 0, 0, 0, 0, 0, 0, 0, 0, 0, 0, 0, 0, 0, 0, 0, 0, 0, 0, 0, 0, 0, 0, 0, 0, 0, 0, 0, 0, 0, 0, 0, 0, 0, 0, 0, 0, 0, 0, 0, 0, 0]
},
"tonal": {
    "chords_changes_rate": 0.0517700016499,
    "chords_number_rate": 0.00184162065852,
    "chords_strength": {
        "mean": 0.510471403599,
        "stdev": 0.0925326347351
    },
    "hpcp_crest": {
        "mean": 14.945438385,
        "stdev": 7.06844234467
    },
    "hpcp_entropy": {
        "mean": 1.85816407204,
        "stdev": 0.760687172413
    },
    "key_edma": {
        "strength": 0.834659397602,
        "key": "G",
        "scale": "major"
    },
    "key_krumhansl": {
        "strength": 0.824284613132,
        "key": "G",
        "scale": "major"
    },
    "key_temperley": {
        "strength": 0.809740066528,
        "key": "G",
        "scale": "major"
    },
    "tuning_diatonic_strength": 0.612412214279,
    "tuning_equal_tempered_deviation": 0.0245831310749,
    "tuning_frequency": 439.745910645,
    "tuning_nontempered_energy_ratio": 0.662084698677,
    "hpcp": {
        "mean": [0.245535925031, 0.136838436127, 0.0545638203621, 0.0585923120379, 0.0469888821244, 0.127265766263, 0.204523220658, 0.129325583577, 0.0508489497006, 0.039125289768, 0.0417793169618, 0.0856403708458, 0.131976410747, 0.107616521418, 0.157047614455, 0.295286148787, 0.210294499993, 0.0614352375269, 0.0431856065989, 0.0384103022516, 0.0820602402091, 0.138564497232, 0.10376060009, 0.0572408102453, 0.04914258793, 0.0446043238044, 0.137579217553, 0.233051404357, 0.163327246904, 0.17523239553, 0.226775020361, 0.114663437009, 0.0558932162821, 0.0713578090072, 0.0689683780074, 0.160001143813],
        "stdev": [0.331771075726, 0.201527640224, 0.13703379035, 0.154873520136, 0.125814348459, 0.211920112371, 0.316782683134, 0.216419458389, 0.12993812561, 0.117381304502, 0.124865092337, 0.178714469075, 0.239524096251, 0.200487911701, 0.222635984421, 0.366842567921, 0.285147249699, 0.150371879339, 0.123545706272, 0.120622523129, 0.180851131678, 0.252613931894, 0.20177321136, 0.153919607401, 0.135016709566, 0.132384806871, 0.212956249714, 0.317904233932, 0.24717220664, 0.27676820755, 0.367987155914, 0.208079487085, 0.143682673573, 0.171823143959, 0.160718739033, 0.246066525578]
    },
    "chords_histogram": [18.8663806915, 24.5754032135, 26.3556365967, 7.03908348083, 7.61203193665, 0.0204624515027, 0.757110714912, 0.245549410582, 2.49641895294, 0.0613873526454, 0.409249037504, 0, 0.42971149087, 0, 0, 0, 0, 3.76509094238, 0, 1.2891343832, 0, 0.245549410582, 0.122774705291, 5.70902395248],
    "thpcp": [1, 0.712171912193, 0.208053231239, 0.146250024438, 0.130078241229, 0.277900755405, 0.469254970551, 0.351390004158, 0.193848609924, 0.166423618793, 0.151054576039, 0.465918302536, 0.789239227772, 0.553115189075, 0.593432486057, 0.767983913422, 0.388312965631, 0.189284920692, 0.241656467319, 0.233564555645, 0.54185116291, 0.83151859045, 0.463409602642, 0.184782862663, 0.198425531387, 0.159129992127, 0.430991321802, 0.692627191544, 0.437966972589, 0.172202289104, 0.132499575615, 0.141487553716, 0.290025025606, 0.446944117546, 0.36444824934, 0.531848907471],
    "chords_key": "D",
    "chords_scale": "major"
}
}