{
"metadata": {
    "version": {
        "essentia": "2.1-dev",
        "essentia_git_sha": "v2.1_beta3-415-gd5473f3",
        "extractor": "music 2.0"
    },
    "audio_properties": {
        "analysis": {
            "equal_loudness": 0,
            "length": 255.921630859,
            "sample_rate": 44100,
            "start_time": 0,
            "downmix": "mix"
        },
        "bit_rate": 192000,
        "length": 255.921630859,
        "lossless": 0,
        "number_channels": 2,
        "replay_gain": -9.07234382629,
        "sample_rate": 44100,
        "codec": "mp3",
        "md5_encoded": "bc8f8b1b635377bf352ea73cf53b49d7"
    },
    "tags": {
        "file_name": "dinosaur_jr-feel_the_pain.mp3"
    }
},
"lowlevel": {
    "average_loudness": 0.935955703259,
    "barkbands_crest": {
        "mean": 10.0492753983,
        "stdev": 4.38893413544
    },
    "barkbands_flatness_db": {
        "mean": 0.119426757097,
        "stdev": 0.0517030321062
    },
    "barkbands_kurtosis": {
        "mean": 4.01622867584,
        "stdev": 7.02696371078
    },
    "barkbands_skewness": {
        "mean": 1.67121887207,
        "stdev": 1.24279105663
    },
    "barkbands_spread": {
        "mean": 25.0208282471,
        "stdev": 14.0099229813
    },
    "dissonance": {
        "mean": 0.478343039751,
        "stdev": 0.0152036566287
    },
    "dynamic_complexity": 2.81224632263,
    "erbbands_crest": {
        "mean": 6.86500740051,
        "stdev": 2.76856994629
    },
    "erbbands_flatness_db": {
        "mean": 0.141051724553,
        "stdev": 0.0360893197358
    },
    "erbbands_kurtosis": {
        "mean": -0.387751430273,
        "stdev": 1.07132220268
    },
    "erbbands_skewness": {
        "mean": -0.0660533756018,
        "stdev": 0.593776524067
    },
    "erbbands_spread": {
        "mean": 44.9278030396,
        "stdev": 13.7582235336
    },
    "hfc": {
        "mean": 21.3060073853,
        "stdev": 19.3838500977
    },
    "loudness_ebu128": {
        "integrated": -13.8354024887,
        "loudness_range": 4.24465942383,
        "momentary": {
            "mean": -15.6373653412,
            "stdev": 10.7357521057
        },
        "short_term": {
            "mean": -14.940867424,
            "stdev": 5.85874557495
        }
    },
    "melbands_crest": {
        "mean": 14.8900690079,
        "stdev": 5.63708114624
    },
    "melbands_flatness_db": {
        "mean": 0.186443433166,
        "stdev": 0.0693522766232
    },
    "melbands_kurtosis": {
        "mean": 14.8381576538,
        "stdev": 17.9247493744
    },
    "melbands_skewness": {
        "mean": 3.07677340508,
        "stdev": 1.58207702637
    },
    "melbands_spread": {
        "mean": 27.0090885162,
        "stdev": 25.5587539673
    },
    "pitch_salience": {
        "mean": 0.561669647694,
        "stdev": 0.111851260066
    },
    "silence_rate_20dB": {
        "mean": 1,
        "stdev": 0
    },
    "silence_rate_30dB": {
        "mean": 1,
        "stdev": 0
    },
    "silence_rate_60dB": {
        "mean": 0.0312074758112,
        "stdev": 0.173877730966
    },
    "spectral_centroid": {
        "mean": 1461.87597656,
        "stdev": 820.47857666
    },
    "spectral_complexity": {
        "mean": 24.8100337982,
        "stdev": 13.1165056229
    },
    "spectral_decrease": {
        "mean": -6.66356658741e-09,
        "stdev": 4.77461448156e-09
    },
    "spectral_energy": {
        "mean": 0.0270824003965,
        "stdev": 0.01880601421
    },
    "spectral_energyband_high": {
        "mean": 0.000976641778834,
        "stdev": 0.00173446640838
    },
    "spectral_energyband_low": {
        "mean": 0.00813097599894,
        "stdev": 0.0140085555613
    },
    "spectral_energyband_middle_high": {
        "mean": 0.00506287068129,
        "stdev": 0.0044513028115
    },
    "spectral_energyband_middle_low": {
        "mean": 0.0140309194103,
        "stdev": 0.0121574671939
    },
    "spectral_entropy": {
        "mean": 7.70314645767,
        "stdev": 0.369655489922
    },
    "spectral_flux": {
        "mean": 0.0870160534978,
        "stdev": 0.0519884265959
    },
    "spectral_kurtosis": {
        "mean": 4.26488494873,
        "stdev": 2.0655207634
    },
    "spectral_rms": {
        "mean": 0.00484134582803,
        "stdev": 0.0017272119876
    },
    "spectral_rolloff": {
        "mean": 1641.48925781,
        "stdev": 1768.2208252
    },
    "spectral_skewness": {
        "mean": 1.42215335369,
        "stdev": 0.29327532649
    },
    "spectral_spread": {
        "mean": 4378034,
        "stdev": 2165932.5
    },
    "spectral_strongpeak": {
        "mean": 0.703343987465,
        "stdev": 0.714137613773
    },
    "zerocrossingrate": {
        "mean": 0.0651731193066,
        "stdev": 0.0465058386326
    },
    "barkbands": {
        "mean": [0.000498998037074, 0.00492726452649, 0.0017858739011, 0.00268685165793, 0.00609805621207, 0.00243911077268, 0.00104374450166, 0.000672652269714, 0.000752463471144, 0.000689099484589, 0.000254706392298, 0.000288280833047, 0.000337540288456, 0.000558184518013, 0.000641066289973, 0.000601471809205, 0.00077117420733, 0.000495490327012, 0.000431750551797, 0.000289433839498, 0.000230746096349, 0.000176133195055, 0.00013477007451, 0.000133878536872, 9.85703009064e-05, 4.1855728341e-05, 3.27285010826e-06],
        "stdev": [0.00128744274843, 0.0114029152319, 0.00256987032481, 0.00332291796803, 0.0100193200633, 0.00306582264602, 0.00163176807109, 0.00154079508502, 0.00144406780601, 0.00126863841433, 0.000429319421528, 0.000448124716058, 0.000498329405673, 0.000709026760887, 0.000846120179631, 0.00073279987555, 0.000845924718305, 0.000581731146667, 0.000507111370098, 0.000315892946674, 0.000361835729564, 0.000440746342065, 0.000327631831169, 0.000437526265159, 0.000289991672616, 0.000120694443467, 9.61774912867e-06]
    },
    "erbbands": {
        "mean": [0.166419103742, 0.987862110138, 2.16841673851, 5.57465314865, 21.1661148071, 15.8385629654, 13.7578611374, 19.3553009033, 18.399148941, 13.7582607269, 14.5986375809, 18.9263057709, 22.5559120178, 13.966342926, 12.4359579086, 12.5332746506, 15.8067092896, 24.7941570282, 28.4238929749, 41.3384056091, 35.7837524414, 38.9444503784, 30.0184764862, 25.8961849213, 16.5077400208, 14.2187566757, 10.4066514969, 8.41519546509, 6.36584806442, 5.24551916122, 3.58335208893, 2.54304766655, 2.38642454147, 1.3766078949, 0.550332665443, 0.207581564784, 0.0712675973773, 0.0142904724926, 0.000343846098986, 4.29651336162e-05],
        "stdev": [0.439377844334, 2.29216742516, 3.47698926926, 5.2871799469, 28.1314735413, 31.9959602356, 26.6108322144, 22.6445159912, 28.2411518097, 26.766500473, 33.5448493958, 38.5228691101, 38.8458213806, 31.3715820312, 18.4614677429, 19.855966568, 22.0236911774, 33.13621521, 34.3892478943, 54.9426803589, 37.3454856873, 41.1642532349, 34.862827301, 29.200920105, 19.6093463898, 15.4532299042, 13.5728883743, 14.873758316, 14.9454679489, 15.2591457367, 8.49429512024, 6.95405054092, 8.58984851837, 4.45484447479, 1.45328867435, 0.573029220104, 0.212021753192, 0.0403983071446, 0.000928963825572, 3.83814658562e-05]
    },
    "gfcc": {
        "mean": [2.35776638985, 88.7670974731, -119.951774597, 40.4878196716, -46.6521263123, 3.55450224876, -44.992641449, 8.35924911499, -26.9360771179, 0.746090710163, -23.0728054047, -2.32740545273, -10.2723875046],
        "cov": [[15169.0644531, -468.483612061, -693.428771973, -171.507659912, -693.099914551, 223.477706909, -543.296020508, 19.2847080231, -261.515197754, 124.823738098, -360.260620117, 265.541503906, -198.334060669], [-468.483612061, 1692.12390137, -295.161987305, -90.1426773071, 346.206939697, -425.871856689, 168.336151123, -195.511978149, 24.9856586456, -134.159439087, 76.1947631836, -192.123275757, 149.438705444], [-693.428771973, -295.161987305, 491.415344238, -37.0811462402, 32.3238334656, 91.8208694458, -14.5931911469, 31.0434875488, -17.0017299652, 55.3196334839, -29.8667640686, 78.1859359741, -19.1365795135], [-171.507659912, -90.1426773071, -37.0811462402, 228.381698608, 44.0806274414, 85.0324478149, 45.7352409363, 59.813583374, 63.2350769043, 18.9620456696, 59.2428436279, -1.57030332088, 12.4740657806], [-693.099914551, 346.206939697, 32.3238334656, 44.0806274414, 305.503448486, -44.3671340942, 126.53490448, 20.0671405792, 36.9638137817, 9.64566421509, 42.7901649475, -25.7201118469, 30.7205162048], [223.477706909, -425.871856689, 91.8208694458, 85.0324478149, -44.3671340942, 264.663696289, 41.5769615173, 119.701576233, 44.2084617615, 53.8516654968, 8.58021736145, 55.2912864685, -47.2852401733], [-543.296020508, 168.336151123, -14.5931911469, 45.7352409363, 126.53490448, 41.5769615173, 172.694412231, 54.2009544373, 54.5950317383, -2.13270044327, 30.4209289551, -18.0269126892, 8.79809093475], [19.2847080231, -195.511978149, 31.0434875488, 59.813583374, 20.0671405792, 119.701576233, 54.2009544373, 152.661941528, 67.2354125977, 61.6536521912, 24.496006012, 26.7984352112, -17.4005374908], [-261.515197754, 24.9856586456, -17.0017299652, 63.2350769043, 36.9638137817, 44.2084617615, 54.5950317383, 67.2354125977, 100.358558655, 41.5387687683, 51.5181465149, -5.20833206177, 12.6115131378], [124.823738098, -134.159439087, 55.3196334839, 18.9620456696, 9.64566421509, 53.8516654968, -2.13270044327, 61.6536521912, 41.5387687683, 90.5495910645, 29.6310157776, 36.6052627563, -8.44971656799], [-360.260620117, 76.1947631836, -29.8667640686, 59.2428436279, 42.7901649475, 8.58021736145, 30.4209289551, 24.496006012, 51.5181465149, 29.6310157776, 95.2804641724, 7.61219549179, 27.9922828674], [265.541503906, -192.123275757, 78.1859359741, -1.57030332088, -25.7201118469, 55.2912864685, -18.0269126892, 26.7984352112, -5.20833206177, 36.6052627563, 7.61219549179, 89.6821670532, 2.94306373596], [-198.334060669, 149.438705444, -19.1365795135, 12.4740657806, 30.7205162048, -47.2852401733, 8.79809093475, -17.4005374908, 12.6115131378, -8.44971656799, 27.9922828674, 2.94306373596, 69.2523574829]],
        "icov": [[0.000165361532709, -0.000395793991629, 0.000397923984565, -0.000215486390516, 0.000221733746002, -0.000490380742121, 0.000615738215856, -0.000226962394663, 0.000344447500538, -0.000627064611763, 0.000968861684669, -0.000950682500843, 0.000417534873122], [-0.000395793991629, 0.0033546902705, -0.000422549521318, 0.00171736697666, -0.00200723158196, 0.00300609716214, -0.00306475395337, 0.0020898997318, -0.00188066926785, 0.00223184423521, -0.00342055573128, 0.00446046330035, -0.00313337845728], [0.000397923984565, -0.000422549521318, 0.00391810201108, 0.000331166840624, -0.000902535975911, -0.0019901979249, 0.00167827948462, 0.000396986259148, 0.000726246915292, -0.00258868793026, 0.00340829230845, -0.0035077854991, 0.000325789995259], [-0.000215486390516, 0.00171736697666, 0.000331166840624, 0.00773595133796, -0.00222521345131, -0.00136102968827, -0.000339946447639, 0.000556974729989, -0.00293007283472, 0.00295761600137, -0.00458612851799, 0.00323291844688, -0.00277318991721], [0.000221733746002, -0.00200723158196, -0.000902535975911, -0.00222521345131, 0.00746703613549, 0.000755140325055, -0.00327888666652, -0.00162872788496, 0.00292396987788, -0.0035190389026, 0.00088717759354, -0.00120906054508, 0.00105928687844], [-0.000490380742121, 0.00300609716214, -0.0019901979249, -0.00136102968827, 0.000755140325055, 0.0124470153823, -0.00581939890981, -0.00245263939723, -0.00201989361085, 0.00262415176257, -0.00341538712382, 0.000740568735637, 0.00212789746001], [0.000615738215856, -0.00306475395337, 0.00167827948462, -0.000339946447639, -0.00327888666652, -0.00581939890981, 0.0157075468451, -0.00419140513986, -0.00278341444209, 0.00285770208575, 0.00370702147484, -0.00453787762672, 0.00288419285789], [-0.000226962394663, 0.0020898997318, 0.000396986259148, 0.000556974729989, -0.00162872788496, -0.00245263939723, -0.00419140513986, 0.0171872004867, -0.00714483251795, -0.00463679432869, 0.000552943267394, 0.00133633951191, -0.000796448905021], [0.000344447500538, -0.00188066926785, 0.000726246915292, -0.00293007283472, 0.00292396987788, -0.00201989361085, -0.00278341444209, -0.00714483251795, 0.0261926651001, -0.00993308518082, -0.0041053914465, 0.00394314248115, -0.00283471192233], [-0.000627064611763, 0.00223184423521, -0.00258868793026, 0.00295761600137, -0.0035190389026, 0.00262415176257, 0.00285770208575, -0.00463679432869, -0.00993308518082, 0.0269759297371, -0.00879131443799, -0.00265155220404, 0.00273122591898], [0.000968861684669, -0.00342055573128, 0.00340829230845, -0.00458612851799, 0.00088717759354, -0.00341538712382, 0.00370702147484, 0.000552943267394, -0.0041053914465, -0.00879131443799, 0.0254792831838, -0.00907588656992, -0.00137199729215], [-0.000950682500843, 0.00446046330035, -0.0035077854991, 0.00323291844688, -0.00120906054508, 0.000740568735637, -0.00453787762672, 0.00133633951191, 0.00394314248115, -0.00265155220404, -0.00907588656992, 0.0269458331168, -0.0104634268209], [0.000417534873122, -0.00313337845728, 0.000325789995259, -0.00277318991721, 0.00105928687844, 0.00212789746001, 0.00288419285789, -0.000796448905021, -0.00283471192233, 0.00273122591898, -0.00137199729215, -0.0104634268209, 0.0252519510686]]
    },
    "melbands": {
        "mean": [0.00141701218672, 0.00121647620108, 0.00142143340781, 0.00154580373783, 0.000460141192889, 0.000459410832264, 0.000261131644947, 0.000145839090692, 0.000119845892186, 0.000115769027616, 0.00011095469381, 5.67259121453e-05, 3.75210984203e-05, 3.43418068951e-05, 3.12363408739e-05, 3.53772447852e-05, 4.90364909638e-05, 4.7037123295e-05, 4.67769823445e-05, 5.15784049639e-05, 4.28121602454e-05, 4.34375360783e-05, 3.24369611917e-05, 2.29995821428e-05, 2.12983704841e-05, 1.38118930408e-05, 9.53254220804e-06, 9.46130694501e-06, 6.57235705148e-06, 5.89847741139e-06, 4.42218470198e-06, 3.58071088158e-06, 3.27392990584e-06, 2.83789222522e-06, 2.17127012547e-06, 1.66042002547e-06, 1.48723131588e-06, 1.75938919256e-06, 1.40401550652e-06, 1.09251698177e-06],
        "stdev": [0.00342774274759, 0.00222603464499, 0.00130084273405, 0.00269002397545, 0.000762107723858, 0.000523381750099, 0.000389242661186, 0.000298182741972, 0.000271431898, 0.000228833116125, 0.000194975029444, 0.000135737660457, 5.74056357436e-05, 5.2099905588e-05, 4.49656035926e-05, 5.28844429937e-05, 6.86096973368e-05, 5.76006314077e-05, 6.14461678197e-05, 6.76640556776e-05, 4.54083601653e-05, 4.66357560072e-05, 4.62949137727e-05, 2.60893357336e-05, 2.53686393989e-05, 1.70392831933e-05, 1.18606640171e-05, 1.04846303657e-05, 8.26758332551e-06, 9.98399082164e-06, 8.28744759929e-06, 8.09020275483e-06, 1.01097148217e-05, 8.2398782979e-06, 5.42800444236e-06, 3.79263792638e-06, 4.67104109703e-06, 6.68000666337e-06, 4.76670493299e-06, 3.5809775909e-06]
    },
    "melbands128": {
        "mean": [0.000436291738879, 0.00142551935278, 0.00170594803058, 0.0016433428973, 0.00120141275693, 0.000837309635244, 0.000922651321162, 0.00155260821339, 0.00240474124439, 0.00220218487084, 0.000694688467775, 0.000351441500243, 0.000454335968243, 0.000562513596378, 0.000414218753576, 0.000447805476142, 0.000484601565404, 0.000165663281223, 0.000131908454932, 0.000166489800904, 0.000150054955157, 0.000112155037641, 0.000123426347272, 0.000103639235022, 0.000140787364217, 0.000105841929326, 9.25226850086e-05, 0.000153664514073, 7.33225097065e-05, 7.45410579839e-05, 4.79760346934e-05, 2.4141263566e-05, 3.66688582289e-05, 5.25072973687e-05, 3.04729874188e-05, 3.04736004182e-05, 3.88054722862e-05, 2.39797554968e-05, 3.43859173881e-05, 3.66153763025e-05, 3.36240045726e-05, 3.7053028791e-05, 3.9893835492e-05, 6.31906223134e-05, 5.8543344494e-05, 4.04626734962e-05, 4.02733858209e-05, 3.04517307086e-05, 5.55876613362e-05, 7.85387746873e-05, 4.58574104414e-05, 3.40592450812e-05, 3.4164160752e-05, 4.5154865802e-05, 6.53789174976e-05, 3.76929929189e-05, 3.05896573991e-05, 4.04434285883e-05, 3.02143635054e-05, 2.53098314715e-05, 2.28908247664e-05, 2.05178857868e-05, 2.18619898078e-05, 2.26751417358e-05, 1.85344015335e-05, 1.31450142362e-05, 1.21617622426e-05, 9.01898329175e-06, 8.90806313691e-06, 9.98951509246e-06, 1.0095674952e-05, 9.25487802306e-06, 7.05594129613e-06, 6.08388336332e-06, 5.83009705224e-06, 6.02384398007e-06, 6.12557005297e-06, 5.16048930876e-06, 4.03932517656e-06, 3.83820361094e-06, 3.63702656614e-06, 3.28880241796e-06, 3.84266104447e-06, 3.13739428748e-06, 3.11478584081e-06, 2.67310565505e-06, 2.85699616143e-06, 2.91448009193e-06, 1.97955796466e-06, 1.81504401553e-06, 1.76201081103e-06, 1.59779904152e-06, 1.5680928982e-06, 1.32170407596e-06, 1.58112516147e-06, 1.68871895312e-06, 1.93287814909e-06, 1.66209747476e-06, 1.41067300774e-06, 1.2464960264e-06, 1.22882647702e-06, 1.08228914542e-06, 9.28288841351e-07, 7.85248630564e-07, 5.69244832604e-07, 4.64835608227e-07, 4.37948216359e-07, 3.78933378897e-07, 3.29702288582e-07, 3.47019977198e-07, 2.87512108343e-07, 2.43138231326e-07, 2.15524778469e-07, 1.93821534822e-07, 1.75665718416e-07, 1.60963850249e-07, 1.26552379243e-07, 1.6036361572e-08, 4.16350417684e-12, 3.83881381544e-12, 3.72165015819e-12, 3.63151305902e-12, 3.54123913353e-12, 3.47162749936e-12, 3.41717106001e-12, 3.37740057275e-12, 3.34876180605e-12, 3.3239743423e-12],
        "stdev": [0.00118153402582, 0.00405018543825, 0.00451047858223, 0.0037596647162, 0.00232097343542, 0.00113107718062, 0.00106014288031, 0.00216196733527, 0.00312062399462, 0.00494572333992, 0.00198866985738, 0.000556597311515, 0.00126401148736, 0.00105050217826, 0.000638227327727, 0.000713002227712, 0.000915668322705, 0.000410172448028, 0.00030982127646, 0.00041057105409, 0.000442643155111, 0.000347621942637, 0.000391937122913, 0.000303236563923, 0.000407819985412, 0.000242352180067, 0.000175620210939, 0.000347284105374, 0.000145125231938, 0.000246395473368, 0.0001340466697, 6.79118093103e-05, 6.31839502603e-05, 0.000109260319732, 5.58090978302e-05, 6.43459279672e-05, 8.7548411102e-05, 4.40423718828e-05, 6.64423132548e-05, 6.46280386718e-05, 6.74844486639e-05, 9.08698202693e-05, 6.82204554323e-05, 0.000116554008855, 9.3436538009e-05, 6.47780470899e-05, 8.63261739141e-05, 5.26588919456e-05, 9.67875239439e-05, 0.000137264214572, 8.01067581051e-05, 5.95516539761e-05, 5.26412404724e-05, 5.89145056438e-05, 8.90305527719e-05, 5.44576432731e-05, 4.50217376056e-05, 8.603403694e-05, 5.40862965863e-05, 3.73438706447e-05, 3.10085379169e-05, 2.83059816866e-05, 3.38600693794e-05, 3.18755519402e-05, 3.27195375576e-05, 1.81068353413e-05, 1.93475771084e-05, 1.55170982907e-05, 1.27399525809e-05, 1.37877359521e-05, 1.23684685605e-05, 1.21076545838e-05, 9.26766369957e-06, 8.94623372005e-06, 1.05773497125e-05, 1.07772020783e-05, 1.26767463371e-05, 1.09066495497e-05, 8.47814135341e-06, 8.10133224149e-06, 7.95266623754e-06, 9.10449398361e-06, 1.05104627437e-05, 1.18359848784e-05, 1.07470896182e-05, 8.94651384442e-06, 8.63189507072e-06, 7.80065875006e-06, 6.0528850554e-06, 4.37547896581e-06, 4.72773763249e-06, 3.84315353585e-06, 4.07585775974e-06, 4.56655425296e-06, 5.65701657251e-06, 7.06092032488e-06, 7.72436942498e-06, 6.54589575788e-06, 5.00352189192e-06, 4.47284037364e-06, 4.16280636273e-06, 3.64423704013e-06, 3.38897962138e-06, 2.6011416594e-06, 1.52695838551e-06, 1.06498862351e-06, 1.10024893729e-06, 8.98037342267e-07, 1.00525198832e-06, 1.30923717734e-06, 1.11486633614e-06, 8.2109380628e-07, 6.28216582754e-07, 5.33437969352e-07, 5.34198989044e-07, 4.71308851502e-07, 3.63912249668e-07, 5.72370240093e-08, 6.47225198783e-12, 6.15109829391e-12, 5.96725533569e-12, 5.81598137706e-12, 5.68791585012e-12, 5.58156602534e-12, 5.49116134507e-12, 5.42214450422e-12, 5.37147713461e-12, 5.33982883952e-12]
    },
    "mfcc": {
        "mean": [-634.331359863, 117.317214966, -11.4015426636, 35.2909126282, 13.6468362808, 1.12749862671, -3.57267642021, -1.54247879982, 1.74815714359, -0.562979161739, -5.02251911163, -4.52403450012, -6.11254930496],
        "cov": [[8883.49609375, -193.95463562, 47.9768829346, -315.111785889, -105.419570923, 39.2334327698, -275.373443604, -7.43853855133, -93.360168457, -99.2300262451, -33.3725662231, -104.84362793, -21.3784713745], [-193.95463562, 1789.56237793, -424.494232178, 356.116546631, 29.6837921143, -72.1045227051, 53.7427749634, -145.842086792, 2.4897480011, -36.5256347656, -116.41545105, -41.6452445984, -96.9149551392], [47.9768829346, -424.494232178, 388.961761475, -123.723991394, 10.5176830292, 34.9850311279, -27.6076316833, 22.3376178741, 6.89417552948, -24.3860626221, 42.0130233765, -17.9649753571, 23.9812393188], [-315.111785889, 356.116546631, -123.723991394, 237.167068481, 65.8395309448, 5.64056158066, 39.8344306946, -14.2534971237, 14.4669895172, 19.8450069427, -23.493347168, 19.0760688782, -1.76585781574], [-105.419570923, 29.6837921143, 10.5176830292, 65.8395309448, 128.700180054, 23.6018295288, 35.5333442688, 8.42478370667, 18.7520008087, 29.8901882172, 16.4956607819, 23.6983089447, 25.7208652496], [39.2334327698, -72.1045227051, 34.9850311279, 5.64056158066, 23.6018295288, 98.8811569214, 42.2810020447, 51.6161079407, 15.1049814224, 15.5491342545, 26.016160965, 9.26490974426, 11.9104337692], [-275.373443604, 53.7427749634, -27.6076316833, 39.8344306946, 35.5333442688, 42.2810020447, 102.564666748, 56.4747505188, 33.9655303955, 33.3583183289, 27.0201644897, 26.9729824066, 13.2259368896], [-7.43853855133, -145.842086792, 22.3376178741, -14.2534971237, 8.42478370667, 51.6161079407, 56.4747505188, 121.401298523, 41.6119270325, 41.7411193848, 40.4061050415, 27.3644447327, 26.2712192535], [-93.360168457, 2.4897480011, 6.89417552948, 14.4669895172, 18.7520008087, 15.1049814224, 33.9655303955, 41.6119270325, 87.0651702881, 37.3981704712, 33.7599029541, 24.0956134796, 14.0931720734], [-99.2300262451, -36.5256347656, -24.3860626221, 19.8450069427, 29.8901882172, 15.5491342545, 33.3583183289, 41.7411193848, 37.3981704712, 85.406578064, 48.5176086426, 37.5355644226, 20.2632961273], [-33.3725662231, -116.41545105, 42.0130233765, -23.493347168, 16.4956607819, 26.016160965, 27.0201644897, 40.4061050415, 33.7599029541, 48.5176086426, 91.5110778809, 43.8210449219, 26.5968170166], [-104.84362793, -41.6452445984, -17.9649753571, 19.0760688782, 23.6983089447, 9.26490974426, 26.9729824066, 27.3644447327, 24.0956134796, 37.5355644226, 43.8210449219, 77.7930221558, 44.4039459229], [-21.3784713745, -96.9149551392, 23.9812393188, -1.76585781574, 25.7208652496, 11.9104337692, 13.2259368896, 26.2712192535, 14.0931720734, 20.2632961273, 26.5968170166, 44.4039459229, 68.5744400024]],
        "icov": [[0.000137379218359, -5.31170153408e-05, 8.97654972505e-05, 0.000213837309275, -0.000108188105514, -0.000234750434174, 0.000558399129659, -0.00022425444331, 3.44975924236e-05, 8.0488374806e-05, -6.57739437884e-05, 9.67059313552e-05, -6.65421102894e-05], [-5.31170153408e-05, 0.00120370008517, 0.000731722684577, -0.00133189372718, 0.000223206225201, 0.000375784526113, -0.0011863213731, 0.0013233255595, -0.000694212736562, 0.000596450525336, -2.04285115615e-05, 0.00048023450654, 0.000630644324701], [8.97654972505e-05, 0.000731722684577, 0.00460142176598, 0.000996863585897, -0.00150035461411, -0.00107419246342, 0.00122275727335, 0.000168719125213, -0.00120848091319, 0.00286283227615, -0.002744583413, 0.00277041480877, -0.0013995426707], [0.000213837309275, -0.00133189372718, 0.000996863585897, 0.00854880921543, -0.0034787976183, -0.00156111782417, 0.000398895208491, -1.76192970684e-05, -0.000371424830519, -0.00120144814719, 0.00284843542613, -0.00230414443649, 0.000380215904443], [-0.000108188105514, 0.000223206225201, -0.00150035461411, -0.0034787976183, 0.0118708256632, -0.00127667339984, -0.00342795765027, 0.00316201616079, -0.000273224490229, -0.00335179222748, 0.000542754307389, 0.000525213079527, -0.00356817967258], [-0.000234750434174, 0.000375784526113, -0.00107419246342, -0.00156111782417, -0.00127667339984, 0.0157449413091, -0.0049270731397, -0.0045121088624, 0.00147743232083, 0.00163487903774, -0.00274978298694, 0.00202616304159, 0.000184211690794], [0.000558399129659, -0.0011863213731, 0.00122275727335, 0.000398895208491, -0.00342795765027, -0.0049270731397, 0.020730337128, -0.00781624857336, -0.0014985796297, 0.000288286159048, -0.0013637348311, -0.00221224990673, 0.001402070513], [-0.00022425444331, 0.0013233255595, 0.000168719125213, -1.76192970684e-05, 0.00316201616079, -0.0045121088624, -0.00781624857336, 0.0181131716818, -0.00408954778686, -0.00395615026355, 0.000574449775741, 0.000841912056785, -0.0028516643215], [3.44975924236e-05, -0.000694212736562, -0.00120848091319, -0.000371424830519, -0.000273224490229, 0.00147743232083, -0.0014985796297, -0.00408954778686, 0.0167854614556, -0.00379589176737, -0.00240105181001, -0.000822823494673, 0.000280351814581], [8.0488374806e-05, 0.000596450525336, 0.00286283227615, -0.00120144814719, -0.00335179222748, 0.00163487903774, 0.000288286159048, -0.00395615026355, -0.00379589176737, 0.023486353457, -0.00947054848075, -0.00189731456339, 0.00101099873427], [-6.57739437884e-05, -2.04285115615e-05, -0.002744583413, 0.00284843542613, 0.000542754307389, -0.00274978298694, -0.0013637348311, 0.000574449775741, -0.00240105181001, -0.00947054848075, 0.0239760521799, -0.0103189488873, 0.00197532749735], [9.67059313552e-05, 0.00048023450654, 0.00277041480877, -0.00230414443649, 0.000525213079527, 0.00202616304159, -0.00221224990673, 0.000841912056785, -0.000822823494673, -0.00189731456339, -0.0103189488873, 0.0305120702833, -0.0157895702869], [-6.65421102894e-05, 0.000630644324701, -0.0013995426707, 0.000380215904443, -0.00356817967258, 0.000184211690794, 0.001402070513, -0.0028516643215, 0.000280351814581, 0.00101099873427, 0.00197532749735, -0.0157895702869, 0.0271825864911]]
    },
    "spectral_contrast_coeffs": {
        "mean": [-0.672658145428, -0.756308913231, -0.780013799667, -0.801206171513, -0.792226970196, -0.761612951756],
        "stdev": [0.0899144932628, 0.0704225301743, 0.0533190704882, 0.0393347330391, 0.0326144620776, 0.0353493131697]
    },
    "spectral_contrast_valleys": {
        "mean": [-6.73792028427, -6.82574796677, -7.50106525421, -7.31015920639, -7.24993562698, -10.2882223129],
        "stdev": [1.44241988659, 1.47119259834, 1.45415151119, 1.45413088799, 1.42357087135, 1.54784691334]
    }
},
"rhythm": {
    "beats_count": 618,
    "beats_loudness": {
        "mean": 0.0398193635046,
        "stdev": 0.0170403067023
    },
    "bpm": 132.76612854,
    "bpm_histogram_first_peak_bpm": 133,
    "bpm_histogram_first_peak_weight": 0.515384674072,
    "bpm_histogram_second_peak_bpm": 161,
    "bpm_histogram_second_peak_spread": 0.344155848026,
    "bpm_histogram_second_peak_weight": 0.163695290685,
    "danceability": 1.14487802982,
    "onset_rate": 3.07100892067,
    "beats_loudness_band_ratio": {
        "mean": [0.498631238937, 0.402870059013, 0.0914643332362, 0.0541037097573, 0.0872859284282, 0.0559658631682],
        "stdev": [0.222601100802, 0.291894614697, 0.085767686367, 0.0472785755992, 0.0728649646044, 0.085888877511]
    },
    "beats_position": [0.46439909935, 0.940408170223, 1.4164172411, 1.90403628349, 2.39165520668, 2.87927436829, 3.36689329147, 3.83129239082, 4.29569149017, 4.76009082794, 5.21287965775, 5.66566896439, 6.13006782532, 6.58285713196, 7.03564596176, 7.4884352684, 7.94122457504, 8.40562343597, 8.87002277374, 9.33442115784, 9.79882049561, 10.2516098022, 10.7043991089, 11.1571884155, 11.6099767685, 12.0743761063, 12.5271654129, 12.9799547195, 13.4443531036, 13.8971424103, 14.3499317169, 14.8027210236, 15.2555103302, 15.7199087143, 16.1843090057, 16.637096405, 17.0898857117, 17.5426750183, 17.995464325, 18.4366436005, 18.877822876, 19.3422222137, 19.7950115204, 20.247800827, 20.7121982574, 21.1765975952, 21.6293869019, 22.0821762085, 22.5349655151, 22.9993648529, 23.4637641907, 23.9281635284, 24.3925609589, 24.8569602966, 25.3097496033, 25.7625389099, 26.2153282166, 26.6797275543, 27.1441268921, 27.6085262299, 28.0729255676, 28.5257129669, 28.9785022736, 29.4312915802, 29.8840808868, 30.3484802246, 30.8012695312, 31.2540588379, 31.7184581757, 32.171245575, 32.6240348816, 33.0768241882, 33.5296134949, 33.9824028015, 34.4351921082, 34.8995895386, 35.3639907837, 35.8283882141, 36.2811775208, 36.7339668274, 37.1983680725, 37.6627655029, 38.1155548096, 38.5683441162, 39.0327415466, 39.4971427917, 39.9499320984, 40.402721405, 40.8671188354, 41.3315200806, 41.795917511, 42.2603149414, 42.7247161865, 43.1775054932, 43.6302947998, 44.0830841064, 44.5358734131, 45.0002708435, 45.4646720886, 45.9174575806, 46.3818588257, 46.8462562561, 47.2990455627, 47.7518348694, 48.204624176, 48.6458053589, 49.1102027893, 49.5629920959, 50.0157814026, 50.4685707092, 50.9213600159, 51.3741493225, 51.8269386292, 52.2913360596, 52.7557373047, 53.2201347351, 53.661315918, 54.1141014099, 54.5668907166, 55.0080718994, 55.4724693298, 55.936870575, 56.4012680054, 56.8308372498, 57.2720184326, 57.701587677, 58.1195449829, 58.5375061035, 58.9554634094, 59.37342453, 59.7797737122, 60.1861228943, 60.5924720764, 60.9872093201, 61.3935585022, 61.7882995605, 62.1830368042, 62.5777778625, 62.9725151062, 63.3788642883, 63.7852134705, 64.1799545288, 64.5746917725, 64.9694290161, 65.3641738892, 65.7589111328, 66.142036438, 66.536781311, 66.9315185547, 67.3146438599, 67.7093887329, 68.1041259766, 68.4988632202, 68.8819961548, 69.26512146, 69.6482543945, 70.0429916382, 70.4377288818, 70.8324737549, 71.2272109985, 71.6567764282, 72.0979614258, 72.5275268555, 72.9687042236, 73.4214935303, 73.8742828369, 74.3270721436, 74.7682495117, 75.2094345093, 75.6506118774, 76.1034011841, 76.5561904907, 77.0089797974, 77.4733810425, 77.9377746582, 78.3905639648, 78.831741333, 79.2845306396, 79.7373199463, 80.1901092529, 80.6428985596, 81.0956878662, 81.5368728638, 81.9780502319, 82.4308395386, 82.8720169067, 83.3248062134, 83.77759552, 84.2419967651, 84.6947860718, 85.1475753784, 85.5887527466, 86.0299301147, 86.4943313599, 86.9471206665, 87.3999099731, 87.8526992798, 88.3054885864, 88.7466659546, 89.1994552612, 89.6522445679, 90.1050338745, 90.5578231812, 91.0106124878, 91.4634017944, 91.9161911011, 92.3689804077, 92.8101577759, 93.251335144, 93.7041244507, 94.1569137573, 94.609703064, 95.0624923706, 95.5036697388, 95.9448471069, 96.3860321045, 96.8388214111, 97.3032150269, 97.767616272, 98.1971893311, 98.6267547607, 99.0447158813, 99.462677002, 99.8690261841, 100.286979675, 100.693328857, 101.09967804, 101.506027222, 101.912376404, 102.307121277, 102.701858521, 103.096595764, 103.491333008, 103.886077881, 104.280815125, 104.687164307, 105.093513489, 105.488250732, 105.882987976, 106.277732849, 106.672470093, 107.067207336, 107.46194458, 107.856689453, 108.263038635, 108.64616394, 109.040908813, 109.424034119, 109.807167053, 110.17868042, 110.550201416, 110.933334351, 111.316459656, 111.687980652, 112.059501648, 112.442626953, 112.825759888, 113.197273254, 113.56879425, 113.940315247, 114.311836243, 114.683357239, 115.066482544, 115.449615479, 115.832740784, 116.20426178, 116.587387085, 116.958908081, 117.330429077, 117.701950073, 118.07346344, 118.444984436, 118.816505432, 119.188026428, 119.559547424, 119.931060791, 120.302581787, 120.685714722, 121.068840027, 121.440361023, 121.811882019, 122.183395386, 122.543312073, 122.90322113, 123.274734497, 123.634643555, 123.994552612, 124.366073608, 124.737594604, 125.109115601, 125.480628967, 125.863761902, 126.246894836, 126.618408203, 126.989929199, 127.361450195, 127.732971191, 128.104492188, 128.476013184, 128.835922241, 129.195831299, 129.555740356, 129.915649414, 130.28717041, 130.658676147, 131.018585205, 131.390106201, 131.750015259, 132.121536255, 132.493057251, 132.852966309, 133.212875366, 133.572784424, 133.990753174, 134.408706665, 134.826660156, 135.244628906, 135.662582397, 136.080535889, 136.498504639, 136.928070068, 137.34602356, 137.775604248, 138.205169678, 138.646347046, 139.075912476, 139.505477905, 139.946670532, 140.3878479, 140.829025269, 141.270202637, 141.711380005, 142.152557373, 142.593734741, 143.034912109, 143.476104736, 143.917282104, 144.358459473, 144.799636841, 145.252426147, 145.705215454, 146.146392822, 146.58757019, 147.028747559, 147.469924927, 147.911102295, 148.363891602, 148.816680908, 149.257858276, 149.699050903, 150.140228271, 150.58140564, 151.022583008, 151.463760376, 151.916549683, 152.369338989, 152.810516357, 153.251693726, 153.692871094, 154.1456604, 154.598449707, 155.062850952, 155.515640259, 155.968429565, 156.409606934, 156.850784302, 157.291976929, 157.733154297, 158.174331665, 158.615509033, 159.06829834, 159.521087646, 159.962265015, 160.403442383, 160.844619751, 161.285797119, 161.738586426, 162.191375732, 162.644165039, 163.096954346, 163.538131714, 163.967712402, 164.397277832, 164.8384552, 165.279632568, 165.720809937, 166.173599243, 166.62638855, 167.067565918, 167.508743286, 167.949935913, 168.391113281, 168.843902588, 169.296691895, 169.761077881, 170.225479126, 170.689880371, 171.131057739, 171.583847046, 172.036636353, 172.489425659, 172.942214966, 173.395004272, 173.847793579, 174.300582886, 174.753372192, 175.194549561, 175.635726929, 176.088516235, 176.541305542, 176.982498169, 177.423675537, 177.864852905, 178.306030273, 178.689163208, 179.060684204, 179.432189941, 179.815322876, 180.210067749, 180.604797363, 180.999542236, 181.371063232, 181.754196167, 182.137313843, 182.508834839, 182.880355835, 183.26348877, 183.646621704, 184.0181427, 184.401260376, 184.796005249, 185.190750122, 185.597091675, 185.991836548, 186.398178101, 186.792922974, 187.176055908, 187.570785522, 187.965530396, 188.371871948, 188.755004883, 189.149749756, 189.53288269, 189.916000366, 190.287521362, 190.670654297, 191.042175293, 191.402084351, 191.773605347, 192.156738281, 192.539855957, 192.911376953, 193.282897949, 193.654418945, 194.049163818, 194.432281494, 194.815414429, 195.186935425, 195.558456421, 195.929977417, 196.301498413, 196.684616089, 197.067749023, 197.462493896, 197.845626831, 198.228744507, 198.62348938, 199.029830933, 199.412963867, 199.80770874, 200.190841675, 200.573959351, 200.957092285, 201.34022522, 201.723358154, 202.10647583, 202.477996826, 202.861129761, 203.232650757, 203.604171753, 203.964080811, 204.335601807, 204.707122803, 205.07862854, 205.450149536, 205.821670532, 206.193191528, 206.553100586, 206.913009644, 207.28453064, 207.644439697, 208.015960693, 208.387481689, 208.770614624, 209.142120361, 209.525253296, 209.896774292, 210.268295288, 210.639816284, 211.01133728, 211.394470215, 211.765975952, 212.137496948, 212.509017944, 212.868927002, 213.22883606, 213.600357056, 213.971878052, 214.343399048, 214.714920044, 215.08644104, 215.457962036, 215.829467773, 216.189376831, 216.549285889, 216.909194946, 217.269119263, 217.640625, 218.000534058, 218.372055054, 218.74357605, 219.126708984, 219.49822998, 219.869750977, 220.241271973, 220.61277771, 220.984298706, 221.355819702, 221.727340698, 222.098861694, 222.47038269, 222.841903687, 223.201812744, 223.57333374, 223.933242798, 224.293151855, 224.653060913, 225.001358032, 225.36126709, 225.721176147, 226.069473267, 226.417770386, 226.766067505, 227.114364624, 227.462677002, 227.82258606, 228.182495117, 228.542404175, 228.902313232, 229.26222229, 229.622131348, 229.982040405, 230.341949463, 230.713470459, 231.061767578, 231.410064697, 231.758361816, 232.106658936, 232.454956055, 232.803268433, 233.151565552, 233.499862671, 233.859771729, 234.219680786, 234.567977905, 234.916275024, 235.276184082, 235.63609314, 235.984390259, 236.332687378, 236.680999756, 237.040908813, 237.400817871, 237.74911499, 238.109024048, 238.468933105, 238.817230225, 239.165527344, 239.525436401, 239.885345459, 240.245254517, 240.593551636, 240.953460693, 241.313369751, 241.66166687, 242.021575928, 242.381484985, 242.729797363, 243.078094482, 243.426391602, 243.763076782, 244.111373901, 244.448074341, 244.784759521, 245.133056641, 245.504577637, 245.852874756, 246.201171875, 246.549468994, 246.909378052, 247.269287109, 247.629196167, 247.989105225, 248.360626221, 248.732147217, 249.103668213, 249.486801147, 249.962814331, 250.438812256, 250.914825439, 251.460494995, 252.006164551, 252.551834106, 253.109115601, 253.666397095, 254.22366333, 254.804168701, 255.349838257],
    "bpm_histogram": [0, 0, 0, 0, 0, 0, 0, 0, 0, 0, 0, 0, 0, 0, 0, 0, 0, 0, 0, 0, 0, 0, 0, 0, 0, 0, 0, 0, 0, 0, 0, 0, 0, 0, 0, 0, 0, 0, 0, 0, 0, 0, 0, 0, 0, 0, 0, 0, 0, 0, 0, 0, 0, 0, 0, 0, 0, 0, 0, 0, 0, 0, 0, 0, 0, 0, 0, 0, 0, 0, 0, 0, 0, 0, 0, 0, 0, 0, 0, 0, 0, 0, 0, 0, 0, 0, 0, 0, 0, 0, 0, 0, 0, 0, 0, 0, 0, 0, 0, 0, 0, 0, 0, 0.00162074551918, 0, 0, 0, 0, 0.00486223679036, 0, 0.0064829820767, 0, 0, 0, 0, 0, 0, 0, 0, 0, 0, 0, 0, 0.0064829820767, 0, 0, 0.00810372736305, 0, 0, 0.0956239849329, 0, 0, 0, 0.204213932157, 0, 0, 0.121555916965, 0, 0, 0, 0.0210696924478, 0, 0, 0, 0.0243111830205, 0, 0, 0, 0.0291734188795, 0, 0, 0, 0.0761750414968, 0, 0, 0, 0, 0.0858995169401, 0, 0, 0, 0.137763366103, 0.0259319283068, 0, 0, 0, 0, 0.0940032377839, 0, 0, 0, 0, 0.0518638566136, 0, 0, 0, 0, 0, 0.00486223679036, 0, 0, 0, 0, 0, 0, 0, 0, 0, 0, 0, 0, 0, 0, 0, 0, 0, 0, 0, 0, 0, 0, 0, 0, 0, 0, 0, 0, 0, 0, 0, 0, 0, 0, 0, 0, 0, 0, 0, 0, 0, 0, 0, 0, 0, 0, 0, 0, 0, 0, 0, 0, 0, 0, 0, 0, 0, 0, 0, 0, 0, 0, 0, 0, 0, 0, 0, 0, 0, 0, 0]
},
"tonal": {
    "chords_changes_rate": 0.0526124835014,
    "chords_number_rate": 0.00163280114066,
    "chords_strength": {
        "mean": 0.524065196514,
        "stdev": 0.0716810375452
    },
    "hpcp_crest": {
        "mean": 13.4559993744,
        "stdev": 7.18535089493
    },
    "hpcp_entropy": {
        "mean": 2.15466690063,
        "stdev": 0.846602261066
    },
    "key_edma": {
        "strength": 0.662411212921,
        "key": "C",
        "scale": "major"
    },
    "key_krumhansl": {
        "strength": 0.660945177078,
        "key": "C",
        "scale": "major"
    },
    "key_temperley": {
        "strength": 0.654773175716,
        "key": "C",
        "scale": "major"
    },
    "tuning_diatonic_strength": 0.641214907169,
    "tuning_equal_tempered_deviation": 0.317494481802,
    "tuning_frequency": 434.193115234,
    "tuning_nontempered_energy_ratio": 0.962627291679,
    "hpcp": {
        "mean": [0.113628163934, 0.109728865325, 0.0683812424541, 0.0411942414939, 0.0394797325134, 0.0407741628587, 0.070590801537, 0.083276078105, 0.0678452476859, 0.138977244496, 0.171646744013, 0.088366471231, 0.0427303686738, 0.0440924838185, 0.051705442369, 0.106688857079, 0.18218280375, 0.143889501691, 0.0717251598835, 0.0571537315845, 0.0671585127711, 0.13398887217, 0.177859902382, 0.163382455707, 0.249854713678, 0.254307121038, 0.122206345201, 0.0885386615992, 0.0924950093031, 0.0982714518905, 0.262896984816, 0.390575796366, 0.275787264109, 0.19633038342, 0.167468070984, 0.116106837988],
        "stdev": [0.209138855338, 0.211498245597, 0.144843399525, 0.100762329996, 0.110820494592, 0.109879277647, 0.13177524507, 0.153263896704, 0.131335943937, 0.207852974534, 0.25557744503, 0.152175948024, 0.106024235487, 0.111149586737, 0.117403067648, 0.180374547839, 0.285373091698, 0.235799968243, 0.158085331321, 0.126410797238, 0.136305421591, 0.200825855136, 0.263207137585, 0.219866231084, 0.326566427946, 0.346535384655, 0.20109371841, 0.182997956872, 0.194325506687, 0.196490138769, 0.296299993992, 0.387409508228, 0.28433200717, 0.294344127178, 0.278663694859, 0.229800522327]
    },
    "chords_histogram": [36.5747451782, 5.38824367523, 20.1015968323, 0, 1.03410744667, 0, 0, 0.671262681484, 2.06821489334, 0, 0, 0, 0, 0.3991291821, 0, 21.2808418274, 0.290275752544, 0.0907111763954, 0, 2.6124818325, 0, 2.55805516243, 5.98693752289, 0.94339621067],
