{
"metadata": {
    "version": {
        "essentia": "2.1-dev",
        "essentia_git_sha": "v2.1_beta3-415-gd5473f3",
        "extractor": "music 2.0"
    },
    "audio_properties": {
        "analysis": {
            "equal_loudness": 0,
            "length": 227.578781128,
            "sample_rate": 44100,
            "start_time": 0,
            "downmix": "mix"
        },
        "bit_rate": 192000,
        "length": 227.578781128,
        "lossless": 0,
        "number_channels": 2,
        "replay_gain": -10.9897651672,
        "sample_rate": 44100,
        "codec": "mp3",
        "md5_encoded": "cbabdf7fadfa45738d6ec1191f38d3ae"
    },
    "tags": {
        "file_name": "dover-the_last_word.mp3",
        "album": ["I was dead for 7 weeks in the city of Angels"],
        "artist": ["Dover"],
        "genre": ["Other"],
        "title": ["The last word"]
    }
},
"lowlevel": {
    "average_loudness": 0.922548174858,
    "barkbands_crest": {
        "mean": 9.97091197968,
        "stdev": 4.02944993973
    },
    "barkbands_flatness_db": {
        "mean": 0.156769394875,
        "stdev": 0.0669730082154
    },
    "barkbands_kurtosis": {
        "mean": 3.41256046295,
        "stdev": 8.2114238739
    },
    "barkbands_skewness": {
        "mean": 1.33522510529,
        "stdev": 1.25892472267
    },
    "barkbands_spread": {
        "mean": 21.7231407166,
        "stdev": 11.0339183807
    },
    "dissonance": {
        "mean": 0.467448562384,
        "stdev": 0.0290087964386
    },
    "dynamic_complexity": 3.50371003151,
    "erbbands_crest": {
        "mean": 10.200627327,
        "stdev": 5.20896863937
    },
    "erbbands_flatness_db": {
        "mean": 0.1731454283,
        "stdev": 0.0452959947288
    },
    "erbbands_kurtosis": {
        "mean": 0.627378821373,
        "stdev": 3.02613162994
    },
    "erbbands_skewness": {
        "mean": 0.154947519302,
        "stdev": 0.698647081852
    },
    "erbbands_spread": {
        "mean": 34.3396263123,
        "stdev": 17.7050018311
    },
    "hfc": {
        "mean": 24.2050285339,
        "stdev": 19.13971138
    },
    "loudness_ebu128": {
        "integrated": -10.7548122406,
        "loudness_range": 5.22189903259,
        "momentary": {
            "mean": -14.1489181519,
            "stdev": 19.1745491028
        },
        "short_term": {
            "mean": -12.5514278412,
            "stdev": 7.68196773529
        }
    },
    "melbands_crest": {
        "mean": 13.7042341232,
        "stdev": 5.03708934784
    },
    "melbands_flatness_db": {
        "mean": 0.22044287622,
        "stdev": 0.0886495485902
    },
    "melbands_kurtosis": {
        "mean": 11.3427524567,
        "stdev": 19.5771007538
    },
    "melbands_skewness": {
        "mean": 2.40587234497,
        "stdev": 1.67668378353
    },
    "melbands_spread": {
        "mean": 24.4860286713,
        "stdev": 16.9419841766
    },
    "pitch_salience": {
        "mean": 0.510585129261,
        "stdev": 0.112953811884
    },
    "silence_rate_20dB": {
        "mean": 1,
        "stdev": 0
    },
    "silence_rate_30dB": {
        "mean": 1,
        "stdev": 0
    },
    "silence_rate_60dB": {
        "mean": 0.0603958368301,
        "stdev": 0.238216638565
    },
    "spectral_centroid": {
        "mean": 1394.12353516,
        "stdev": 941.623535156
    },
    "spectral_complexity": {
        "mean": 24.6384410858,
        "stdev": 14.0137023926
    },
    "spectral_decrease": {
        "mean": -8.08438027633e-09,
        "stdev": 4.47271242265e-09
    },
    "spectral_energy": {
        "mean": 0.0327077619731,
        "stdev": 0.0180652979761
    },
    "spectral_energyband_high": {
        "mean": 0.000659131736029,
        "stdev": 0.000777639565058
    },
    "spectral_energyband_low": {
        "mean": 0.012900006026,
        "stdev": 0.0125017976388
    },
    "spectral_energyband_middle_high": {
        "mean": 0.00949495192617,
        "stdev": 0.0101026147604
    },
    "spectral_energyband_middle_low": {
        "mean": 0.0106765571982,
        "stdev": 0.00669769523665
    },
    "spectral_entropy": {
        "mean": 7.44717502594,
        "stdev": 0.573068320751
    },
    "spectral_flux": {
        "mean": 0.074576690793,
        "stdev": 0.048613935709
    },
    "spectral_kurtosis": {
        "mean": 6.15434837341,
        "stdev": 8.24352455139
    },
    "spectral_rms": {
        "mean": 0.00534603977576,
        "stdev": 0.00182479398791
    },
    "spectral_rolloff": {
        "mean": 1311.0378418,
        "stdev": 1760.91296387
    },
    "spectral_skewness": {
        "mean": 1.6030818224,
        "stdev": 0.828388333321
    },
    "spectral_spread": {
        "mean": 4059721.5,
        "stdev": 3247334
    },
    "spectral_strongpeak": {
        "mean": 1.33322513103,
        "stdev": 2.12934923172
    },
    "zerocrossingrate": {
        "mean": 0.0523309782147,
        "stdev": 0.0466183312237
    },
    "barkbands": {
        "mean": [3.73720904463e-05, 0.00816160812974, 0.0039551765658, 0.00126879219897, 0.00281265354715, 0.00255199614912, 0.00140885624569, 0.000775168591645, 0.00133931986056, 0.00146752828732, 0.00116844684817, 0.00102727417834, 0.00160598172806, 0.00132233032491, 0.00108754285611, 0.00056751241209, 0.000508472381625, 0.000280286883935, 0.00052537076408, 0.00033755300683, 0.000217410866753, 0.000111678949906, 7.05651327735e-05, 5.06002470502e-05, 3.84938175557e-05, 9.02595820662e-06, 7.1172138405e-07],
        "stdev": [0.000106219711597, 0.00982865132391, 0.00474434345961, 0.00222448655404, 0.00279904878698, 0.00261768396012, 0.00185303005856, 0.001196313533, 0.00209126574919, 0.00306645454839, 0.00233285105787, 0.00216267653741, 0.0034691337496, 0.00318125565536, 0.00333860353567, 0.000878411869053, 0.000499736401252, 0.000281267683022, 0.000606254965533, 0.000382426776923, 0.000288403534796, 0.000180029674084, 0.000122848039609, 0.00012709342991, 0.000102227524621, 2.02144274226e-05, 2.31886861002e-06]
    },
    "erbbands": {
        "mean": [0.119580984116, 2.2003827095, 5.15647792816, 4.49456739426, 5.48849916458, 10.4184417725, 17.4482135773, 18.9989643097, 21.5037708282, 19.1682357788, 19.7431526184, 31.696269989, 40.2481231689, 50.0209732056, 42.0483779907, 52.5432167053, 75.307800293, 83.2012252808, 64.4472351074, 31.8659744263, 35.6215324402, 26.7349414825, 15.7054491043, 22.2523899078, 25.7206707001, 17.2517547607, 11.3104934692, 6.34098100662, 4.20220851898, 2.93786025047, 1.92118692398, 1.29227805138, 0.754902780056, 0.511646986008, 0.222851797938, 0.0553916469216, 0.014053022489, 0.00297524314374, 8.88568683877e-05, 4.12730332755e-05],
        "stdev": [0.179659411311, 2.5342707634, 5.50938034058, 6.40270376205, 7.03498411179, 11.7406301498, 20.5568847656, 22.0435752869, 28.8142719269, 28.0770568848, 27.3510837555, 51.432056427, 79.1061019897, 110.388290405, 72.0362014771, 105.151283264, 156.822158813, 185.548629761, 196.80430603, 59.8104820251, 50.1072425842, 26.8376140594, 14.618639946, 23.7579479218, 31.3990421295, 19.5011959076, 13.9145317078, 9.43119716644, 7.11678028107, 4.50183677673, 3.56570768356, 2.96999883652, 1.99472236633, 1.44179403782, 0.567651748657, 0.128867328167, 0.032498575747, 0.00845138914883, 0.000200409675017, 2.29663564824e-05]
    },
    "gfcc": {
        "mean": [-20.2657680511, 117.116645813, -123.317306519, 35.9045448303, -47.3243103027, 11.0765047073, -30.410949707, 9.15112113953, -23.8342247009, 2.27527761459, -9.17924404144, -1.02201962471, -4.95099925995],
        "cov": [[27695.390625, -255.412872314, -2609.60644531, 1191.20056152, -1415.64782715, 364.00390625, -421.655853271, 438.342254639, -245.929702759, 292.467285156, -350.876373291, -97.0134658813, -366.419250488], [-255.412872314, 1600.71582031, -166.334243774, -57.1266975403, 421.783752441, -369.161804199, 148.794998169, -183.706802368, 66.2913208008, -177.73979187, 147.405654907, -55.8691596985, 155.945449829], [-2609.60644531, -166.334243774, 1119.42785645, -90.8687133789, 15.9268903732, -38.3016738892, -133.608901978, 94.8822097778, 17.0778465271, -12.8413181305, 19.091299057, 143.928100586, 96.3477325439], [1191.20056152, -57.1266975403, -90.8687133789, 352.185394287, -69.9494476318, -46.4100456238, 12.0039548874, -15.96671772, 51.1311988831, -46.6363220215, -37.1926193237, -5.92014408112, 4.45653343201], [-1415.64782715, 421.783752441, 15.9268903732, -69.9494476318, 348.014984131, -102.336639404, 74.9010925293, -55.5775604248, 33.0046157837, -44.5458335876, 51.2256126404, -18.2004642487, 49.6243095398], [364.00390625, -369.161804199, -38.3016738892, -46.4100456238, -102.336639404, 323.214447021, 18.1680603027, 63.8216590881, -13.6677398682, 91.3127212524, -3.82238864899, -5.65007019043, -49.49817276], [-421.655853271, 148.794998169, -133.608901978, 12.0039548874, 74.9010925293, 18.1680603027, 223.732711792, -26.7010612488, 21.6622581482, 6.77324151993, 36.0420265198, -17.6454906464, 12.0643024445], [438.342254639, -183.706802368, 94.8822097778, -15.96671772, -55.5775604248, 63.8216590881, -26.7010612488, 164.101272583, 5.6025261879, 28.2495098114, -8.63628959656, 31.294626236, 4.93245601654], [-245.929702759, 66.2913208008, 17.0778465271, 51.1311988831, 33.0046157837, -13.6677398682, 21.6622581482, 5.6025261879, 129.006240845, -1.56028807163, 13.0803031921, 3.32580852509, 19.8304443359], [292.467285156, -177.73979187, -12.8413181305, -46.6363220215, -44.5458335876, 91.3127212524, 6.77324151993, 28.2495098114, -1.56028807163, 133.223922729, 16.6277751923, -2.03616905212, -16.5490894318], [-350.876373291, 147.405654907, 19.091299057, -37.1926193237, 51.2256126404, -3.82238864899, 36.0420265198, -8.63628959656, 13.0803031921, 16.6277751923, 100.152420044, 17.6223106384, 25.6128120422], [-97.0134658813, -55.8691596985, 143.928100586, -5.92014408112, -18.2004642487, -5.65007019043, -17.6454906464, 31.294626236, 3.32580852509, -2.03616905212, 17.6223106384, 108.804473877, 21.0327415466], [-366.419250488, 155.945449829, 96.3477325439, 4.45653343201, 49.6243095398, -49.49817276, 12.0643024445, 4.93245601654, 19.8304443359, -16.5490894318, 25.6128120422, 21.0327415466, 103.709823608]],
        "icov": [[0.000156031921506, -0.000441871001385, 0.000345683714841, -0.00059522211086, 0.000508066790644, -0.00019336945843, 0.00044837439782, -0.000647922628559, 0.000419231102569, -0.000708975363523, 0.000474940636195, -0.000411417713622, 0.000336250901455], [-0.000441871001385, 0.00301435263827, -0.000639845093247, 0.00216809241101, -0.00226620514877, 0.00163978512865, -0.00157707417384, 0.00246547488496, -0.00157116062474, 0.00346816075034, -0.00314982770942, 0.00195088703185, -0.00242323544808], [0.000345683714841, -0.000639845093247, 0.00211588712409, -0.000919759855606, 0.000830247416161, -0.000225926210987, 0.00162736442871, -0.00167626247276, 0.000659976270981, -0.00121246674098, 0.000844967376906, -0.00208638934419, -0.000462603580672], [-0.00059522211086, 0.00216809241101, -0.000919759855606, 0.00619906466454, -0.000904405780602, 0.00150209548883, -0.00226391432807, 0.00296017411165, -0.00347409048118, 0.00429804250598, -0.00119871099014, 0.00164898950607, -0.00219102087431], [0.000508066790644, -0.00226620514877, 0.000830247416161, -0.000904405780602, 0.00646954448894, -0.000179820272024, 0.000385410559829, -0.00168658746406, 0.000471150968224, -0.00180331454612, 0.00116870296188, -0.000626794470008, 0.000784813368227], [-0.00019336945843, 0.00163978512865, -0.000225926210987, 0.00150209548883, -0.000179820272024, 0.00553067773581, -0.00161077466328, -0.000104607534013, -0.000757140165661, -0.0003841528669, -0.00172894063871, 0.00134261988569, 0.000152674518176], [0.00044837439782, -0.00157707417384, 0.00162736442871, -0.00226391432807, 0.000385410559829, -0.00161077466328, 0.00710282055661, -0.00156803335994, 0.000861484266352, -0.00249331654049, 0.000196543187485, -0.0013015056029, 0.000488949764986], [-0.000647922628559, 0.00246547488496, -0.00167626247276, 0.00296017411165, -0.00168658746406, -0.000104607534013, -0.00156803335994, 0.0105943502858, -0.00260195089504, 0.00274378759786, -0.00159537047148, 0.000425159727456, -0.00288762734272], [0.000419231102569, -0.00157116062474, 0.000659976270981, -0.00347409048118, 0.000471150968224, -0.000757140165661, 0.000861484266352, -0.00260195089504, 0.0102634225041, -0.00292954244651, 0.00080097647151, -0.00114717811812, 0.000421480159275], [-0.000708975363523, 0.00346816075034, -0.00121246674098, 0.00429804250598, -0.00180331454612, -0.0003841528669, -0.00249331654049, 0.00274378759786, -0.00292954244651, 0.0147379655391, -0.00577210169286, 0.00320684420876, -0.00225202506408], [0.000474940636195, -0.00314982770942, 0.000844967376906, -0.00119871099014, 0.00116870296188, -0.00172894063871, 0.000196543187485, -0.00159537047148, 0.00080097647151, -0.00577210169286, 0.0164314992726, -0.00460336310789, 0.000150807623868], [-0.000411417713622, 0.00195088703185, -0.00208638934419, 0.00164898950607, -0.000626794470008, 0.00134261988569, -0.0013015056029, 0.000425159727456, -0.00114717811812, 0.00320684420876, -0.00460336310789, 0.0135994274169, -0.00233782897703], [0.000336250901455, -0.00242323544808, -0.000462603580672, -0.00219102087431, 0.000784813368227, 0.000152674518176, 0.000488949764986, -0.00288762734272, 0.000421480159275, -0.00225202506408, 0.000150807623868, -0.00233782897703, 0.0147726917639]]
    },
    "melbands": {
        "mean": [0.00173667923082, 0.00295010022819, 0.000811814505141, 0.000552532728761, 0.000592219526879, 0.000454244756838, 0.000320663908496, 0.000193638872588, 0.000172739426489, 0.000193931482499, 0.000196421475266, 0.000199048910872, 0.000160545780091, 0.000113433852675, 0.000147093334817, 0.000166448051459, 0.000148812774569, 9.8176409665e-05, 5.91083990003e-05, 3.48607100022e-05, 4.3915821152e-05, 2.93991306535e-05, 1.77394595084e-05, 1.29123318402e-05, 1.80417137017e-05, 2.10676553252e-05, 1.3945925275e-05, 1.059331953e-05, 7.96685890236e-06, 4.68463485959e-06, 3.20062076753e-06, 2.32374759435e-06, 2.11686733564e-06, 1.4171625935e-06, 1.05603430711e-06, 1.08461449599e-06, 6.73653573813e-07, 5.17800060607e-07, 4.96135157846e-07, 4.12147386442e-07],
        "stdev": [0.00221711816266, 0.00292094657198, 0.0010316366097, 0.000624791777227, 0.000613471784163, 0.000506991345901, 0.000419444782892, 0.000282392255031, 0.000235997431446, 0.000299610343063, 0.000396821240429, 0.00045839836821, 0.000298907485558, 0.000233687605942, 0.000262127694441, 0.000359312136425, 0.000349776702933, 0.000300501735182, 0.000158858878422, 5.68897194171e-05, 6.56364791212e-05, 3.0523406167e-05, 1.81660216185e-05, 1.31194947244e-05, 2.03782710742e-05, 2.94372803182e-05, 1.67287034856e-05, 1.23277377497e-05, 1.05808112494e-05, 7.35515368433e-06, 4.99403631693e-06, 4.14714941144e-06, 3.5357361412e-06, 2.2318054107e-06, 2.03034051083e-06, 2.29113834394e-06, 1.69091754287e-06, 1.33955938963e-06, 1.51841732077e-06, 1.16833996344e-06]
    },
    "melbands128": {
        "mean": [3.24948996422e-05, 0.00045089807827, 0.00245114555582, 0.00417960761115, 0.00320287444629, 0.0017257204745, 0.00091268424876, 0.000567162933294, 0.000537265965249, 0.000507836812176, 0.000595892488491, 0.000587244168855, 0.00063480285462, 0.000590007519349, 0.000361132115358, 0.000481389346533, 0.000460998649942, 0.000259005581029, 0.000199478759896, 0.000258674350334, 0.000131207983941, 0.000158605529577, 0.000149338331539, 0.000189759011846, 0.000267234747298, 0.000120842865726, 0.000216339205508, 0.000238530570641, 0.000129496576847, 0.000216851112782, 0.000199538684683, 0.000201248709345, 0.000212339698919, 8.84859327925e-05, 5.56746344955e-05, 0.000144946912769, 0.000183120981092, 6.77013595123e-05, 0.000214500716538, 0.000179139198735, 8.14453960629e-05, 0.000265308335656, 0.000150123727508, 0.00011967978935, 4.32555498264e-05, 0.000106836247141, 0.00015973567497, 3.29410868289e-05, 3.58383003913e-05, 4.50334337074e-05, 2.58744094026e-05, 3.35713775712e-05, 5.1013124903e-05, 4.45951372967e-05, 3.8613754441e-05, 2.47637253779e-05, 2.56190214714e-05, 2.22091948672e-05, 1.43316074173e-05, 1.05276749309e-05, 1.22813944472e-05, 1.2714098375e-05, 2.08586643566e-05, 1.82004132512e-05, 1.65965102497e-05, 2.25468520512e-05, 2.48944106715e-05, 1.37045954034e-05, 1.06152383523e-05, 1.48181206896e-05, 1.16154060379e-05, 7.82591087045e-06, 8.53381425259e-06, 9.38094399316e-06, 5.11532607561e-06, 4.91807031722e-06, 4.3777808969e-06, 3.89123124478e-06, 3.15897409564e-06, 2.38166421695e-06, 2.17875572162e-06, 2.20714605348e-06, 2.76586774817e-06, 1.95814845938e-06, 1.79736662176e-06, 1.73715920937e-06, 1.13873375085e-06, 1.10976168344e-06, 9.71842951003e-07, 1.09361872092e-06, 1.15548493795e-06, 1.20671916193e-06, 7.80031996328e-07, 6.34906882624e-07, 6.24538813554e-07, 5.17964735991e-07, 4.95684105317e-07, 5.11900452693e-07, 5.09679694005e-07, 4.78091578771e-07, 4.56524986703e-07, 4.03215892675e-07, 3.64189872926e-07, 3.20157113265e-07, 2.6110330964e-07, 1.93152715156e-07, 1.47937086581e-07, 1.03112334671e-07, 8.36723046405e-08, 7.00101310258e-08, 5.64501299039e-08, 4.59247679885e-08, 3.98189925477e-08, 3.71810280342e-08, 3.3651311071e-08, 3.39351160505e-08, 2.78684346711e-08, 3.5061920034e-09, 4.77243114819e-12, 4.59342980319e-12, 4.48019269253e-12, 4.38274720335e-12, 4.28986533796e-12, 4.21494913624e-12, 4.15247827443e-12, 4.10627911882e-12, 4.07307911357e-12, 4.04628153899e-12],
        "stdev": [9.67104570009e-05, 0.00100885494612, 0.00338166579604, 0.00489378347993, 0.00352783827111, 0.00216782046482, 0.00151567417197, 0.00100849429145, 0.000842633191496, 0.00088775815675, 0.000876094214618, 0.00070356746437, 0.00100564898457, 0.000826681556646, 0.000537771440577, 0.000816273095552, 0.00077734363731, 0.000528552511241, 0.000359421770554, 0.000454728637123, 0.000282983382931, 0.000287671689875, 0.000287151313387, 0.000425814650953, 0.000583243847359, 0.000199866917683, 0.000408765306929, 0.000726676662453, 0.000292347103823, 0.000661459635012, 0.000656750053167, 0.000544515729416, 0.000448455335572, 0.000332610303303, 0.000196696637431, 0.000356086355168, 0.000538978958502, 0.000131963286549, 0.000595049234107, 0.000543733476661, 0.000400238495786, 0.000891291361768, 0.000469516817247, 0.000421861797804, 0.000177275840542, 0.000439732248196, 0.000688195985276, 0.000156195237651, 0.000110761393444, 0.000135663809488, 4.9263726396e-05, 6.08556656516e-05, 0.000115804992674, 7.93332874309e-05, 5.28942509845e-05, 3.76292300643e-05, 4.05300997954e-05, 2.78473180515e-05, 1.7143867808e-05, 1.24604457596e-05, 1.53326345753e-05, 1.60635718203e-05, 2.96223261103e-05, 2.43940430664e-05, 2.73717123491e-05, 4.88333389512e-05, 4.00635326514e-05, 2.34053422901e-05, 1.58669718076e-05, 2.32154779951e-05, 1.626617086e-05, 1.06187053461e-05, 1.30399621412e-05, 1.66064910445e-05, 8.59094961925e-06, 8.81413961906e-06, 9.16966018849e-06, 7.04375452187e-06, 5.18923161508e-06, 4.12435610997e-06, 4.48058563052e-06, 4.74148328067e-06, 5.75545027459e-06, 3.52582947016e-06, 2.83536405732e-06, 2.97857513942e-06, 2.03122181119e-06, 2.16304033529e-06, 2.12989016291e-06, 2.40021790887e-06, 2.53903795056e-06, 2.7812307053e-06, 2.058163318e-06, 1.8793266463e-06, 1.64551227044e-06, 1.36265384754e-06, 1.36364894843e-06, 1.545252303e-06, 1.78747177415e-06, 1.58593900323e-06, 1.36469179779e-06, 1.22153255688e-06, 1.03630384274e-06, 9.0764478955e-07, 7.2749304536e-07, 4.99654333908e-07, 4.12902124935e-07, 2.75225517044e-07, 2.11953079088e-07, 1.62207811627e-07, 1.429009302e-07, 1.12633983917e-07, 1.03674075547e-07, 9.95178979224e-08, 9.78992318323e-08, 1.07334827248e-07, 8.90685782906e-08, 1.25645680527e-08, 7.18009592754e-12, 6.96911365422e-12, 6.79688380231e-12, 6.64435824069e-12, 6.51034304591e-12, 6.39720871762e-12, 6.30167402635e-12, 6.22700502273e-12, 6.17215263274e-12, 6.13814207795e-12]
    },
    "mfcc": {
        "mean": [-648.646972656, 137.445587158, -7.74767827988, 29.7329044342, 5.84692955017, 4.44926595688, 6.72812223434, 3.46292328835, -0.368788897991, 2.7627325058, -4.24980354309, 2.63941025734, 3.19754576683],
        "cov": [[14524.0097656, -24.4552841187, -1318.61621094, 245.769073486, -682.312561035, 249.219116211, -48.185760498, 47.1789360046, 48.1026306152, 335.061920166, 231.458984375, 42.8591537476, 66.0589828491], [-24.4552841187, 1578.47058105, -94.2995071411, 243.530258179, 208.472076416, -117.669532776, 66.5275726318, -22.1624794006, -23.4249134064, -43.9209709167, -91.2433700562, 38.2730903625, 18.5473957062], [-1318.61621094, -94.2995071411, 858.338012695, -24.5218296051, 141.993225098, -76.9477767944, -52.4425621033, 10.451292038, 22.2586097717, -76.195602417, -90.0364837646, 33.8239021301, 34.9672851562], [245.769073486, 243.530258179, -24.5218296051, 316.761352539, 35.3175468445, -23.8194198608, -40.2841300964, 34.1730461121, 33.6867904663, -50.3804779053, -18.8804836273, 4.47399616241, -1.09749102592], [-682.312561035, 208.472076416, 141.993225098, 35.3175468445, 251.191741943, -67.1141052246, -26.2434558868, -7.67498445511, 0.82277327776, -23.1296043396, -61.9211425781, 9.48255825043, 10.2970762253], [249.219116211, -117.669532776, -76.9477767944, -23.8194198608, -67.1141052246, 199.427947998, 33.2339096069, 7.32253789902, 0.876801371574, 33.8893852234, 60.5563735962, -8.06995773315, -15.6073856354], [-48.185760498, 66.5275726318, -52.4425621033, -40.2841300964, -26.2434558868, 33.2339096069, 163.656448364, 6.13531970978, -0.245790615678, 34.9743652344, 11.4068431854, 5.29656600952, 0.843348860741], [47.1789360046, -22.1624794006, 10.451292038, 34.1730461121, -7.67498445511, 7.32253789902, 6.13531970978, 123.295608521, 25.8709468842, -22.5005531311, 14.9940662384, 11.7556018829, 9.11337566376], [48.1026306152, -23.4249134064, 22.2586097717, 33.6867904663, 0.82277327776, 0.876801371574, -0.245790615678, 25.8709468842, 105.434860229, 22.8070468903, 3.78314423561, 1.94235098362, 2.2621576786], [335.061920166, -43.9209709167, -76.195602417, -50.3804779053, -23.1296043396, 33.8893852234, 34.9743652344, -22.5005531311, 22.8070468903, 125.430389404, 27.0519523621, 1.35786092281, -1.28096985817], [231.458984375, -91.2433700562, -90.0364837646, -18.8804836273, -61.9211425781, 60.5563735962, 11.4068431854, 14.9940662384, 3.78314423561, 27.0519523621, 111.220451355, 14.8084983826, -7.043653965], [42.8591537476, 38.2730903625, 33.8239021301, 4.47399616241, 9.48255825043, -8.06995773315, 5.29656600952, 11.7556018829, 1.94235098362, 1.35786092281, 14.8084983826, 80.8207702637, 27.0320529938], [66.0589828491, 18.5473957062, 34.9672851562, -1.09749102592, 10.2970762253, -15.6073856354, 0.843348860741, 9.11337566376, 2.2621576786, -1.28096985817, -7.043653965, 27.0320529938, 70.3665008545]],
        "icov": [[9.85033766483e-05, -1.8365586584e-05, 0.000103688260424, -0.00010050459241, 0.000240937559283, -3.41709019267e-05, 0.000148191465996, -5.60254557058e-05, 3.32298368448e-05, -0.000263254158199, 5.45895527466e-05, -7.03320765751e-05, -0.00015146023361], [-1.8365586584e-05, 0.000945810519625, 0.000215517153265, -0.000696020608302, -0.00073074887041, 0.000293107877951, -0.000720932031982, 0.000290734053124, 0.000289532530587, 0.000147115279105, 0.000351209018845, -0.000440520117991, -9.32181592361e-06], [0.000103688260424, 0.000215517153265, 0.0016797670396, 0.000204266107175, -0.000490648089908, -2.62473022303e-05, 0.000284842331894, -2.25387229875e-05, -0.000553905847482, 0.000618430960458, 0.00102500501089, -0.000863937661052, -0.000456648558611], [-0.00010050459241, -0.000696020608302, 0.000204266107175, 0.00450894189999, -0.00020090630278, -0.000226682619541, 0.00105827942025, -0.000739361101296, -0.00182036939077, 0.00184418563731, 0.000226939126151, -9.58909076871e-05, 0.000460472103441], [0.000240937559283, -0.00073074887041, -0.000490648089908, -0.00020090630278, 0.00619217846543, 0.000530782563146, 0.0011674532434, -0.000193383544683, 6.73167887726e-05, -0.00104621890932, 0.00184448203072, -0.000542836845852, -0.000198282286874], [-3.41709019267e-05, 0.000293107877951, -2.62473022303e-05, -0.000226682619541, 0.000530782563146, 0.00664940336719, -0.00111511035357, -0.000199508984224, 0.000387667125324, -0.000800936482847, -0.00281875953078, 0.000874518416822, 0.000755551445764], [0.000148191465996, -0.000720932031982, 0.000284842331894, 0.00105827942025, 0.0011674532434, -0.00111511035357, 0.00766273215413, -0.00116029125638, 0.000107925297925, -0.00204282160848, 0.000687826075591, -0.000522443966474, -0.000204977797694], [-5.60254557058e-05, 0.000290734053124, -2.25387229875e-05, -0.000739361101296, -0.000193383544683, -0.000199508984224, -0.00116029125638, 0.00985959544778, -0.0026144310832, 0.00286268698983, -0.00156843697187, -0.000766354438383, -0.00102979422081], [3.32298368448e-05, 0.000289532530587, -0.000553905847482, -0.00182036939077, 6.73167887726e-05, 0.000387667125324, 0.000107925297925, -0.0026144310832, 0.0116811925545, -0.00378589867614, 5.21245892742e-05, 0.000363972765626, -2.62623034359e-05], [-0.000263254158199, 0.000147115279105, 0.000618430960458, 0.00184418563731, -0.00104621890932, -0.000800936482847, -0.00204282160848, 0.00286268698983, -0.00378589867614, 0.0119847105816, -0.00159609678667, -0.000299892388284, -0.000145693353261], [5.45895527466e-05, 0.000351209018845, 0.00102500501089, 0.000226939126151, 0.00184448203072, -0.00281875953078, 0.000687826075591, -0.00156843697187, 5.21245892742e-05, -0.00159609678667, 0.0137447463349, -0.00395044358447, 0.00151285191532], [-7.03320765751e-05, -0.000440520117991, -0.000863937661052, -9.58909076871e-05, -0.000542836845852, 0.000874518416822, -0.000522443966474, -0.000766354438383, 0.000363972765626, -0.000299892388284, -0.00395044358447, 0.0158459674567, -0.00551111623645], [-0.00015146023361, -9.32181592361e-06, -0.000456648558611, 0.000460472103441, -0.000198282286874, 0.000755551445764, -0.000204977797694, -0.00102979422081, -2.62623034359e-05, -0.000145693353261, 0.00151285191532, -0.00551111623645, 0.0171892680228]]
    },
    "spectral_contrast_coeffs": {
        "mean": [-0.716725945473, -0.751631140709, -0.747015535831, -0.770482361317, -0.787562429905, -0.763498783112],
        "stdev": [0.0660653412342, 0.0657092854381, 0.0702615231276, 0.0602404475212, 0.0450311079621, 0.0573665983975]
    },
    "spectral_contrast_valleys": {
        "mean": [-6.62936925888, -6.87898921967, -7.5278635025, -7.83054971695, -7.71947908401, -10.8228244781],
        "stdev": [2.07473516464, 2.11500048637, 2.11020445824, 2.14172840118, 2.22272253036, 2.03718852997]
    }
},
"rhythm": {
    "beats_count": 430,
    "beats_loudness": {
        "mean": 0.0349798351526,
        "stdev": 0.0162991844118
    },
    "bpm": 99.9986190796,
    "bpm_histogram_first_peak_bpm": 99,
    "bpm_histogram_first_peak_weight": 0.339366436005,
    "bpm_histogram_second_peak_bpm": 133,
    "bpm_histogram_second_peak_spread": 0.411458313465,
    "bpm_histogram_second_peak_weight": 0.263403266668,
    "danceability": 0.94796693325,
    "onset_rate": 2.32435107231,
    "beats_loudness_band_ratio": {
        "mean": [0.402880012989, 0.192284181714, 0.144295245409, 0.176370814443, 0.0839187428355, 0.0426402278244],
        "stdev": [0.219556644559, 0.139025762677, 0.104886583984, 0.155816078186, 0.0873477980494, 0.0322534963489]
    },
    "beats_position": [0.592108845711, 1.18421769142, 1.78793644905, 2.39165520668, 2.99537420273, 3.59909296036, 4.20281171799, 4.80653047562, 5.41024923325, 6.01396799088, 6.60607719421, 7.19818592072, 7.79029464722, 8.38240337372, 8.97451210022, 9.55501079559, 10.1355104446, 10.7508392334, 11.3661680222, 11.9814968109, 12.5852155685, 13.1889343262, 13.7926530838, 14.3963718414, 15.0000905991, 15.6038093567, 16.1959171295, 16.7880268097, 17.391746521, 17.995464325, 18.5991840363, 19.1912918091, 19.7834014893, 20.3871192932, 20.9908390045, 21.5829467773, 22.1750564575, 22.7787742615, 23.3824939728, 23.9862117767, 24.589931488, 25.1936511993, 25.7973690033, 26.4010887146, 26.9931964874, 27.5853061676, 28.1890239716, 28.7695236206, 29.3732414246, 29.9769611359, 30.5690689087, 31.1843986511, 31.7881164551, 32.391834259, 32.9955558777, 33.5876655579, 34.1797714233, 34.783493042, 35.3872108459, 35.9909286499, 36.5946464539, 37.1983680725, 37.8020858765, 38.4058036804, 39.0095214844, 39.5900230408, 40.1937408447, 40.7858505249, 41.3895683289, 42.0048980713, 42.6086158752, 43.2007255554, 43.7928352356, 44.3965530396, 45.0002708435, 45.6039886475, 46.2077102661, 46.7998161316, 47.3919258118, 47.9840354919, 48.5761451721, 49.1914749146, 49.8068008423, 50.4105224609, 51.0026283264, 51.5947380066, 52.1984558105, 52.8021774292, 53.4058952332, 54.0096130371, 54.6017227173, 55.1938323975, 55.7975502014, 56.3896598816, 56.9933776855, 57.5854873657, 58.1892051697, 58.7929229736, 59.3966445923, 60.0003623962, 60.6040802002, 61.1961898804, 61.7999076843, 62.4036254883, 62.9957351685, 63.5994529724, 64.2031707764, 64.806892395, 65.3990020752, 66.0027160645, 66.6064376831, 67.2101593018, 67.8022689819, 68.4059829712, 69.0097045898, 69.6134262085, 70.2055282593, 70.7976379395, 71.4013595581, 72.0050811768, 72.5971832275, 73.2009048462, 73.7930145264, 74.3851242065, 74.9888458252, 75.5925598145, 76.1962814331, 76.7999954224, 77.276008606, 77.7055740356, 78.1467590332, 78.5995483398, 79.0523376465, 79.5051269531, 79.9463043213, 80.3874816895, 80.8402709961, 81.2930603027, 81.7458496094, 82.198638916, 82.6398162842, 83.0926055908, 83.5453948975, 83.9981842041, 84.4393615723, 84.8921508789, 85.3449401855, 85.7977294922, 86.2505187988, 86.7033081055, 87.1560974121, 87.6088867188, 88.0616760254, 88.514465332, 88.9672546387, 89.4200439453, 89.872833252, 90.3256225586, 90.7667999268, 91.2079772949, 91.6607666016, 92.1135559082, 92.5547409058, 93.0075302124, 93.460319519, 93.9247131348, 94.3775024414, 94.830291748, 95.2714691162, 95.7126541138, 96.1538314819, 96.5833969116, 97.1871185303, 97.7908401489, 98.3945541382, 98.9982757568, 99.590385437, 100.194099426, 100.797821045, 101.401542664, 102.005256653, 102.608978271, 103.21269989, 103.828025818, 104.431747437, 105.035461426, 105.627571106, 106.219680786, 106.811790466, 107.415504456, 108.007614136, 108.611335754, 109.226661682, 109.830383301, 110.422492981, 111.014602661, 111.61831665, 112.222038269, 112.825759888, 113.429473877, 114.021583557, 114.613693237, 115.205802917, 115.797912598, 116.401634216, 117.005348206, 117.597457886, 118.189567566, 118.781677246, 119.373786926, 119.977500916, 120.592834473, 121.196548462, 121.800270081, 122.392379761, 122.99609375, 123.599815369, 124.203536987, 124.807250977, 125.410972595, 126.014694214, 126.606803894, 127.198905945, 127.802627563, 128.406341553, 129.010070801, 129.61378479, 130.217498779, 130.821228027, 131.424942017, 132.028656006, 132.620773315, 133.224487305, 133.828201294, 134.44354248, 135.04725647, 135.639358521, 136.23147583, 136.835189819, 137.42729187, 138.01940918, 138.623123169, 139.226852417, 139.818954468, 140.411056519, 141.003173828, 141.595275879, 142.199005127, 142.802719116, 143.406433105, 144.010162354, 144.613876343, 145.217590332, 145.809707642, 146.413421631, 147.01713562, 147.632461548, 148.236190796, 148.839904785, 149.420410156, 150.024124146, 150.627838135, 151.231567383, 151.823669434, 152.415786743, 152.996276855, 153.402633667, 153.832199097, 154.250152588, 154.691329956, 155.132507324, 155.585296631, 156.026489258, 156.479278564, 156.920455933, 157.373245239, 157.826034546, 158.267211914, 158.708389282, 159.14956665, 159.590744019, 160.031921387, 160.484710693, 160.9375, 161.401901245, 161.86630249, 162.330703735, 162.771881104, 163.22467041, 163.677459717, 164.130249023, 164.58303833, 165.024215698, 165.477005005, 165.929794312, 166.382583618, 166.835372925, 167.276550293, 167.7293396, 168.170516968, 168.611694336, 169.064483643, 169.528884888, 169.981674194, 170.434463501, 170.887252808, 171.340042114, 171.781219482, 172.222396851, 172.675186157, 173.127975464, 173.580764771, 174.033554077, 174.486343384, 174.93913269, 175.380310059, 175.821487427, 176.262680054, 176.72706604, 177.179855347, 177.632644653, 178.08543396, 178.538223267, 178.991012573, 179.432189941, 179.884979248, 180.337768555, 180.790557861, 181.243347168, 181.684524536, 182.137313843, 182.57850647, 183.019683838, 183.472473145, 183.925262451, 184.378051758, 184.842453003, 185.29524231, 185.736419678, 186.177597046, 186.618774414, 187.071563721, 187.524353027, 187.977142334, 188.429931641, 188.882720947, 189.335510254, 189.788299561, 190.241088867, 190.682266235, 191.135055542, 191.57623291, 192.029022217, 192.481811523, 192.93460083, 193.387390137, 193.840179443, 194.281356812, 194.734146118, 195.186935425, 195.628112793, 196.0809021, 196.533691406, 196.986480713, 197.43927002, 197.880447388, 198.333236694, 198.774414062, 199.227203369, 199.668380737, 200.121170044, 200.573959351, 201.026748657, 201.467926025, 201.920715332, 202.373504639, 202.826293945, 203.279083252, 203.731872559, 204.173049927, 204.637451172, 205.090240479, 205.543029785, 205.995819092, 206.448608398, 206.901397705, 207.354187012, 207.79536438, 208.248153687, 208.72416687, 209.188568115, 209.664581299, 210.140579224, 210.616592407, 211.069381714, 211.533782959, 211.986572266, 212.450973511, 212.892150879, 213.321716309, 213.762893677, 214.204071045, 214.645263672, 215.08644104, 215.527618408, 215.957183838, 216.398361206, 216.827926636, 217.269119263, 217.710296631, 218.151473999, 218.592651367, 219.033828735, 219.475006104, 219.916183472, 220.380584717, 220.833374023, 221.297775269, 221.773788452, 222.249786377, 222.725799561, 223.190200806, 223.654602051, 224.119003296, 224.571792603, 225.024581909, 225.488967896, 225.941757202, 226.406158447, 226.858947754],
    "bpm_histogram": [0, 0, 0, 0, 0, 0, 0, 0, 0, 0, 0, 0, 0, 0, 0, 0, 0, 0, 0, 0, 0, 0, 0, 0, 0, 0, 0, 0, 0, 0, 0, 0, 0, 0, 0, 0, 0, 0, 0, 0, 0, 0, 0, 0, 0, 0, 0, 0, 0, 0, 0, 0, 0, 0, 0, 0, 0, 0, 0, 0, 0, 0, 0, 0, 0, 0, 0, 0, 0, 0, 0, 0, 0, 0, 0, 0, 0, 0, 0, 0, 0, 0, 0, 0, 0, 0, 0, 0, 0, 0, 0, 0, 0, 0, 0, 0, 0, 0, 0.0279720276594, 0.312354326248, 0, 0.160839155316, 0, 0.0139860138297, 0, 0, 0, 0, 0, 0, 0, 0, 0, 0, 0, 0, 0, 0, 0, 0, 0, 0, 0, 0, 0, 0, 0.0186480190605, 0, 0, 0.0419580414891, 0, 0, 0, 0.263403266668, 0, 0, 0.142191141844, 0, 0, 0, 0.0139860138297, 0, 0, 0, 0.00233100238256, 0, 0, 0, 0.00233100238256, 0, 0, 0, 0, 0, 0, 0, 0, 0, 0, 0, 0, 0, 0, 0, 0, 0, 0, 0, 0, 0, 0, 0, 0, 0, 0, 0, 0, 0, 0, 0, 0, 0, 0, 0, 0, 0, 0, 0, 0, 0, 0, 0, 0, 0, 0, 0, 0, 0, 0, 0, 0, 0, 0, 0, 0, 0, 0, 0, 0, 0, 0, 0, 0, 0, 0, 0, 0, 0, 0, 0, 0, 0, 0, 0, 0, 0, 0, 0, 0, 0, 0, 0, 0, 0, 0, 0, 0, 0, 0, 0, 0, 0, 0, 0, 0, 0, 0, 0, 0, 0]
},
"tonal": {
    "chords_changes_rate": 0.063239492476,
    "chords_number_rate": 0.00224398216233,
    "chords_strength": {
        "mean": 0.500215530396,
        "stdev": 0.124187365174
    },
    "hpcp_crest": {
        "mean": 15.1661567688,
        "stdev": 7.32794284821
    },
    "hpcp_entropy": {
        "mean": 1.76584851742,
        "stdev": 0.74377310276
    },
    "key_edma": {
        "strength": 0.633174717426,
        "key": "G",
        "scale": "major"
    },
    "key_krumhansl": {
        "strength": 0.652817666531,
        "key": "G",
        "scale": "major"
    },
    "key_temperley": {
        "strength": 0.680277407169,
        "key": "G",
        "scale": "major"
    },
    "tuning_diatonic_strength": 0.563942968845,
    "tuning_equal_tempered_deviation": 0.113036066294,
    "tuning_frequency": 442.804626465,
    "tuning_nontempered_energy_ratio": 0.731565892696,
    "hpcp": {
        "mean": [0.162095621228, 0.0791369825602, 0.0398135781288, 0.0341575108469, 0.0447421856225, 0.153410986066, 0.192099779844, 0.105786204338, 0.154191955924, 0.16118966043, 0.0665058642626, 0.0451589897275, 0.0442836694419, 0.0493695288897, 0.1761161834, 0.250252962112, 0.128579035401, 0.0518202967942, 0.0445290915668, 0.0462821833789, 0.22571605444, 0.352942466736, 0.1844099015, 0.0489219389856, 0.040631249547, 0.0539484992623, 0.112923368812, 0.130400240421, 0.0915825143456, 0.207033082843, 0.241073131561, 0.0962001830339, 0.0486907400191, 0.0465228967369, 0.0558789297938, 0.1413282305],
        "stdev": [0.294067472219, 0.167526736856, 0.117180220783, 0.112984903157, 0.119766294956, 0.216272383928, 0.260435372591, 0.178945809603, 0.288561999798, 0.312043964863, 0.151243627071, 0.11743042618, 0.113628029823, 0.114306680858, 0.248895257711, 0.346786081791, 0.217603817582, 0.140272721648, 0.123887315392, 0.104292497039, 0.272001892328, 0.421174705029, 0.247239291668, 0.143059372902, 0.127319529653, 0.156991675496, 0.208496570587, 0.241516783834, 0.179481938481, 0.304574996233, 0.346020877361, 0.173076808453, 0.107525013387, 0.108287736773, 0.126929596066, 0.260845661163]
    },
    "chords_histogram": [19.2370452881, 6.81354570389, 10.138718605, 0.326397389174, 5.95675230026, 1.16279065609, 9.09832763672, 0.550795614719, 3.32517337799, 0.203998371959, 0.0203998368233, 0.122399017215, 0, 0, 0, 0.509995937347, 0, 0.795593619347, 0.203998371959, 1.65238678455, 0, 8.44553279877, 16.1362705231, 15.2998771667],
    "thpcp": [1, 0.522492825985, 0.138611659408, 0.115121454, 0.152853518724, 0.319948375225, 0.369466006756, 0.259482830763, 0.586591601372, 0.683038055897, 0.272566199303, 0.13795658946, 0.131814390421, 0.158323049545, 0.400428533554, 0.4592692554, 0.224220633507, 0.112804725766, 0.0967792570591, 0.126769065857, 0.434662878513, 0.544280707836, 0.299726486206, 0.436875611544, 0.456702381372, 0.188432589173, 0.127949997783, 0.125469937921, 0.139879822731, 0.498994022608, 0.709047496319, 0.364305943251, 0.146823644638, 0.126165300608, 0.131132379174, 0.639526486397],
    "chords_key": "G",
    "chords_scale": "major"
}
}