{
"metadata": {
    "version": {
        "essentia": "2.1-dev",
        "essentia_git_sha": "v2.1_beta3-415-gd5473f3",
        "extractor": "music 2.0"
    },
    "audio_properties": {
        "analysis": {
            "equal_loudness": 0,
            "length": 251.58531189,
            "sample_rate": 44100,
            "start_time": 0,
            "downmix": "mix"
        },
        "bit_rate": 128000,
        "length": 251.58531189,
        "lossless": 0,
        "number_channels": 2,
        "replay_gain": -10.5142936707,
        "sample_rate": 44100,
        "codec": "mp3",
        "md5_encoded": "6cf5dce8775bb7f58df6a54a066a492c"
    },
    "tags": {
        "file_name": "everclear-breakfast_at_tiffanys.mp3",
        "album": ["Stealth Music Factory"],
        "artist": ["Deep Blue Something"],
        "date": ["1996"],
        "genre": ["Other"],
        "title": ["Breakfast at Tiffanys"]
    }
},
"lowlevel": {
    "average_loudness": 0.907833218575,
    "barkbands_crest": {
        "mean": 9.47412490845,
        "stdev": 3.36848902702
    },
    "barkbands_flatness_db": {
        "mean": 0.126673534513,
        "stdev": 0.0637242570519
    },
    "barkbands_kurtosis": {
        "mean": 6.7490978241,
        "stdev": 10.4895820618
    },
    "barkbands_skewness": {
        "mean": 2.10219359398,
        "stdev": 1.16356110573
    },
    "barkbands_spread": {
        "mean": 23.9281959534,
        "stdev": 15.827963829
    },
    "dissonance": {
        "mean": 0.466613978148,
        "stdev": 0.0256269313395
    },
    "dynamic_complexity": 2.83468675613,
    "erbbands_crest": {
        "mean": 8.12001037598,
        "stdev": 3.79514956474
    },
    "erbbands_flatness_db": {
        "mean": 0.120103858411,
        "stdev": 0.0455473326147
    },
    "erbbands_kurtosis": {
        "mean": 0.348758548498,
        "stdev": 2.38072252274
    },
    "erbbands_skewness": {
        "mean": 0.365260273218,
        "stdev": 0.844239890575
    },
    "erbbands_spread": {
        "mean": 48.5256156921,
        "stdev": 19.899356842
    },
    "hfc": {
        "mean": 22.5975875854,
        "stdev": 21.3281269073
    },
    "loudness_ebu128": {
        "integrated": -12.511267662,
        "loudness_range": 7.99896240234,
        "momentary": {
            "mean": -13.8199949265,
            "stdev": 3.73946833611
        },
        "short_term": {
            "mean": -13.5686149597,
            "stdev": 3.27939915657
        }
    },
    "melbands_crest": {
        "mean": 14.0207557678,
        "stdev": 4.35405397415
    },
    "melbands_flatness_db": {
        "mean": 0.217371970415,
        "stdev": 0.0772556737065
    },
    "melbands_kurtosis": {
        "mean": 20.6676864624,
        "stdev": 21.9578895569
    },
    "melbands_skewness": {
        "mean": 3.4300327301,
        "stdev": 1.55679214001
    },
    "melbands_spread": {
        "mean": 18.6050930023,
        "stdev": 15.5785198212
    },
    "pitch_salience": {
        "mean": 0.57827180624,
        "stdev": 0.0909781605005
    },
    "silence_rate_20dB": {
        "mean": 1,
        "stdev": 0
    },
    "silence_rate_30dB": {
        "mean": 0.999815404415,
        "stdev": 0.0135843986645
    },
    "silence_rate_60dB": {
        "mean": 0.0514950156212,
        "stdev": 0.22101187706
    },
    "spectral_centroid": {
        "mean": 1146.30871582,
        "stdev": 633.814147949
    },
    "spectral_complexity": {
        "mean": 19.0298080444,
        "stdev": 10.758556366
    },
    "spectral_decrease": {
        "mean": -7.33236449335e-09,
        "stdev": 4.75698325175e-09
    },
    "spectral_energy": {
        "mean": 0.029723720625,
        "stdev": 0.0192614160478
    },
    "spectral_energyband_high": {
        "mean": 0.00105659815017,
        "stdev": 0.00161960348487
    },
    "spectral_energyband_low": {
        "mean": 0.0130634438246,
        "stdev": 0.0116732874885
    },
    "spectral_energyband_middle_high": {
        "mean": 0.00431812554598,
        "stdev": 0.00511047011241
    },
    "spectral_energyband_middle_low": {
        "mean": 0.0133092366159,
        "stdev": 0.00994808413088
    },
    "spectral_entropy": {
        "mean": 7.54105043411,
        "stdev": 0.557699143887
    },
    "spectral_flux": {
        "mean": 0.0810016021132,
        "stdev": 0.0485519357026
    },
    "spectral_kurtosis": {
        "mean": 6.09893798828,
        "stdev": 12.5674276352
    },
    "spectral_rms": {
        "mean": 0.00507991341874,
        "stdev": 0.00178697681986
    },
    "spectral_rolloff": {
        "mean": 1215.72131348,
        "stdev": 1411.11303711
    },
    "spectral_skewness": {
        "mean": 1.81381523609,
        "stdev": 0.873027443886
    },
    "spectral_spread": {
        "mean": 5534536.5,
        "stdev": 1856243.875
    },
    "spectral_strongpeak": {
        "mean": 0.517574846745,
        "stdev": 0.606812775135
    },
    "zerocrossingrate": {
        "mean": 0.0633977502584,
        "stdev": 0.0359418876469
    },
    "barkbands": {
        "mean": [0.000222755188588, 0.00648524705321, 0.00440255273134, 0.00300049595535, 0.00502346595749, 0.00187357526738, 0.0011835002806, 0.00100270414259, 0.00107979099266, 0.00060152815422, 0.000184589880519, 0.000420292053604, 0.000293108343612, 0.000346347806044, 0.000563719193451, 0.000391920504626, 0.000632245908491, 0.000473990337923, 0.000300555693684, 0.000288134731818, 0.000139241237775, 0.000123892197735, 0.000185771743418, 0.000160414536367, 0.000122355035273, 0.000193091167603, 2.84538582491e-05],
        "stdev": [0.000421727861976, 0.00689062988386, 0.00601784978062, 0.00364491064101, 0.00523772090673, 0.00272192410193, 0.00171447382309, 0.00203528511338, 0.00175793177914, 0.00116991472896, 0.000458870810689, 0.000872789532878, 0.000726431957446, 0.000729455670808, 0.000864788133185, 0.000837547238916, 0.00123181159142, 0.000868640316185, 0.000475209322758, 0.000651267822832, 0.000204127718462, 0.000256926839938, 0.000408769672504, 0.000356010627002, 0.000205769698368, 0.000333365373081, 7.36574511393e-05]
    },
    "erbbands": {
        "mean": [0.181890368462, 1.49678456783, 4.63680362701, 8.97923755646, 11.3695354462, 17.3028907776, 22.702205658, 10.7563781738, 16.5517673492, 16.8185596466, 24.2399158478, 25.3771018982, 18.4873600006, 17.3760318756, 11.3862476349, 16.0040206909, 13.2961568832, 17.6748657227, 26.0293502808, 27.8628501892, 20.8083629608, 34.4496040344, 31.4816551208, 14.5911302567, 17.2344589233, 14.0356864929, 5.76273298264, 5.67573022842, 4.25911998749, 4.7070851326, 5.18700218201, 4.13500547409, 2.28684020042, 1.35635674, 0.938296437263, 1.02278184891, 0.290381193161, 0.0632092356682, 0.00453419424593, 0.000120163887914],
        "stdev": [0.249179303646, 1.50947439671, 6.18211126328, 10.1624803543, 12.0430717468, 19.9286689758, 36.1505661011, 15.5392990112, 24.642780304, 32.4854545593, 47.0887947083, 42.5956268311, 31.3498325348, 38.6827507019, 20.6907196045, 35.0081062317, 31.044090271, 38.3087844849, 41.5264854431, 45.4608230591, 39.7567481995, 64.6698226929, 54.445274353, 21.4844322205, 29.6664714813, 32.9864845276, 8.79530143738, 8.45447635651, 8.55419158936, 11.5941457748, 11.2660303116, 8.92510890961, 5.08269119263, 2.47006750107, 1.51601481438, 1.73151183128, 0.553917169571, 0.133439481258, 0.0130386706442, 0.000243755115662]
    },
    "gfcc": {
        "mean": [17.5557155609, 81.5339660645, -83.7674789429, 31.4126777649, -43.9297485352, 10.132525444, -43.646648407, 13.515619278, -27.6828575134, 2.68174672127, -23.6476154327, 1.86137151718, -15.6462144852],
        "cov": [[6704.54785156, -1925.92077637, -515.553710938, -0.320043772459, -153.47756958, 174.152404785, 67.3873138428, 589.071411133, 60.4362983704, 255.959915161, -162.217544556, 340.506500244, -197.012756348], [-1925.92077637, 1420.3614502, -97.5904846191, -62.8866920471, 193.394424438, -179.165344238, 73.3134155273, -86.8300018311, 72.5121917725, -89.6759338379, 94.6225738525, -133.566329956, 107.428474426], [-515.553710938, -97.5904846191, 631.303161621, 12.8603811264, -20.1701526642, 56.1467056274, 1.92338359356, -82.169303894, 16.0031719208, 20.3239536285, -10.5201692581, 30.2837219238, 25.0675983429], [-0.320043772459, -62.8866920471, 12.8603811264, 202.964126587, 37.6795845032, 17.526594162, -18.3669452667, -4.14149141312, 21.7305164337, 3.64464473724, -3.09516358376, 10.5649824142, 30.7466754913], [-153.47756958, 193.394424438, -20.1701526642, 37.6795845032, 243.027114868, -32.3178749084, 42.1338920593, 33.3314743042, 33.2983093262, 5.98529243469, 7.99236345291, -2.46216893196, 36.26953125], [174.152404785, -179.165344238, 56.1467056274, 17.526594162, -32.3178749084, 176.599487305, 51.3133201599, 7.41912078857, -21.5033817291, 6.04755020142, 17.110578537, 12.2972221375, -24.8971672058], [67.3873138428, 73.3134155273, 1.92338359356, -18.3669452667, 42.1338920593, 51.3133201599, 144.972579956, 40.5885467529, 7.00569534302, -0.643562376499, 26.5364723206, -5.84952020645, -0.604664266109], [589.071411133, -86.8300018311, -82.169303894, -4.14149141312, 33.3314743042, 7.41912078857, 40.5885467529, 180.163543701, 56.1882400513, 19.4131088257, -4.80020999908, 26.6829566956, -21.012922287], [60.4362983704, 72.5121917725, 16.0031719208, 21.7305164337, 33.2983093262, -21.5033817291, 7.00569534302, 56.1882400513, 105.308418274, 17.7205696106, 1.70481860638, 3.95407938957, 14.3272018433], [255.959915161, -89.6759338379, 20.3239536285, 3.64464473724, 5.98529243469, 6.04755020142, -0.643562376499, 19.4131088257, 17.7205696106, 84.587097168, 2.27422809601, 26.1906833649, -1.90059161186], [-162.217544556, 94.6225738525, -10.5201692581, -3.09516358376, 7.99236345291, 17.110578537, 26.5364723206, -4.80020999908, 1.70481860638, 2.27422809601, 75.2895736694, -1.04482090473, 1.42660355568], [340.506500244, -133.566329956, 30.2837219238, 10.5649824142, -2.46216893196, 12.2972221375, -5.84952020645, 26.6829566956, 3.95407938957, 26.1906833649, -1.04482090473, 102.082336426, 22.3177528381], [-197.012756348, 107.428474426, 25.0675983429, 30.7466754913, 36.26953125, -24.8971672058, -0.604664266109, -21.012922287, 14.3272018433, -1.90059161186, 1.42660355568, 22.3177528381, 78.7247695923]],
        "icov": [[0.000494115171023, 0.000498262757901, 0.000433031469584, 6.16275283392e-05, 9.19206358958e-05, 0.000126145983813, -0.000471807055874, -0.000760679424275, -0.000207532793866, -0.000600385770667, 0.000582497857977, -0.000903570791706, 0.000454416265711], [0.000498262757901, 0.00216929987073, 0.00062198395608, 0.000838165986352, -0.000675922026858, 0.00131588766817, -0.00120426912326, 0.000136744405609, -0.00147212622687, 0.000572924443986, -0.00127116660587, 0.000831873039715, -0.00141495745629], [0.000433031469584, 0.00062198395608, 0.00233649997972, 0.000286869035335, 3.12602096528e-05, -0.00053568003932, -0.000746500969399, 0.000913693569601, -0.00150253809988, -0.000701409881003, 0.000965129118413, -0.0013326688204, 5.00464338984e-05], [6.16275283392e-05, 0.000838165986352, 0.000286869035335, 0.00622479943559, -0.00129353895318, -0.00119539210573, 0.0011853108881, 0.000532723031938, -0.00183690106496, 0.000512870086823, -0.000505209143739, 0.000796304258984, -0.00301275076345], [9.19206358958e-05, -0.000675922026858, 3.12602096528e-05, -0.00129353895318, 0.00559982284904, 0.000720953044947, -0.0015209573321, -0.00139535986818, 0.000231470068684, -0.00111254816875, 0.000733971886802, -0.000213945124415, -0.00111001194455], [0.000126145983813, 0.00131588766817, -0.00053568003932, -0.00119539210573, 0.000720953044947, 0.0090004792437, -0.00394310150295, 0.0001948652789, 0.000865745765623, 0.000433109613368, -0.00229422166012, -0.000293639604934, 0.00167120387778], [-0.000471807055874, -0.00120426912326, -0.000746500969399, 0.0011853108881, -0.0015209573321, -0.00394310150295, 0.0108354212716, -0.00232409918681, 0.00126748043112, 0.000457358692074, -0.00245458493009, 0.00191386544611, -0.00156372925267], [-0.000760679424275, 0.000136744405609, 0.000913693569601, 0.000532723031938, -0.00139535986818, 0.0001948652789, -0.00232409918681, 0.0115793356672, -0.00600416492671, 0.00141628365964, 1.92954394151e-05, -0.00156028138008, 0.00275698187761], [-0.000207532793866, -0.00147212622687, -0.00150253809988, -0.00183690106496, 0.000231470068684, 0.000865745765623, 0.00126748043112, -0.00600416492671, 0.0151594048366, -0.00287467893213, -0.000130600674311, 0.0015316400677, -0.00200046249665], [-0.000600385770667, 0.000572924443986, -0.000701409881003, 0.000512870086823, -0.00111254816875, 0.000433109613368, 0.000457358692074, 0.00141628365964, -0.00287467893213, 0.015210759826, -0.00255662295967, -0.00135275884531, 9.00165978237e-05], [0.000582497857977, -0.00127116660587, 0.000965129118413, -0.000505209143739, 0.000733971886802, -0.00229422166012, -0.00245458493009, 1.92954394151e-05, -0.000130600674311, -0.00255662295967, 0.0175416320562, -0.00342407217249, 0.00261981762014], [-0.000903570791706, 0.000831873039715, -0.0013326688204, 0.000796304258984, -0.000213945124415, -0.000293639604934, 0.00191386544611, -0.00156028138008, 0.0015316400677, -0.00135275884531, -0.00342407217249, 0.0169192478061, -0.00872493628412], [0.000454416265711, -0.00141495745629, 5.00464338984e-05, -0.00301275076345, -0.00111001194455, 0.00167120387778, -0.00156372925267, 0.00275698187761, -0.00200046249665, 9.00165978237e-05, 0.00261981762014, -0.00872493628412, 0.0214872676879]]
    },
    "melbands": {
        "mean": [0.00173042423557, 0.00230489461683, 0.00153969239909, 0.00109649228398, 0.000759046874009, 0.000257888576016, 0.000254872575169, 0.000187065365026, 0.000200359660084, 0.000152908207383, 9.03193867998e-05, 7.33353444957e-05, 3.18732745654e-05, 5.07080185344e-05, 2.87878774543e-05, 3.16410187224e-05, 3.18103084282e-05, 3.91866378777e-05, 4.04913262173e-05, 3.2993091736e-05, 2.26393804041e-05, 3.27007001033e-05, 3.99074997404e-05, 2.03593172046e-05, 1.03991214928e-05, 1.20109052659e-05, 1.30653697852e-05, 8.29084910947e-06, 3.47509740095e-06, 3.35988147526e-06, 3.21226002598e-06, 2.38721986534e-06, 2.34881417782e-06, 2.7476064588e-06, 2.8048027616e-06, 3.34809669766e-06, 2.2114766125e-06, 1.65043115885e-06, 1.29599015963e-06, 1.09363202228e-06],
        "stdev": [0.00197939528152, 0.00261738500558, 0.00161733443383, 0.00120227865409, 0.0010951658478, 0.0003681940143, 0.00037229739246, 0.000367711676518, 0.000385811494198, 0.000251147925155, 0.000158952592756, 0.00016710573982, 6.59450452076e-05, 0.000102111283923, 6.66305568302e-05, 8.05224190117e-05, 7.03791229171e-05, 6.81089950376e-05, 6.42158265691e-05, 6.9397588959e-05, 4.7721023293e-05, 6.39765203232e-05, 7.3587114457e-05, 3.77983960789e-05, 1.57992835739e-05, 2.00407757802e-05, 2.76375158137e-05, 2.08262226806e-05, 5.76055299462e-06, 5.55719998374e-06, 5.06865808347e-06, 4.82424820802e-06, 5.50207550987e-06, 7.19963918527e-06, 6.46296393825e-06, 6.73157092024e-06, 5.21518359164e-06, 4.06217304771e-06, 2.52977929449e-06, 2.06114964385e-06]
    },
    "melbands128": {
        "mean": [0.00019367907953, 0.00130792695563, 0.0024690432474, 0.00238922494464, 0.00232732272707, 0.0021351587493, 0.00199741311371, 0.00122179079335, 0.000966050080024, 0.00148985721171, 0.00102417520247, 0.000739831884857, 0.000983287929557, 0.000458178285044, 0.000196997702005, 0.000197445813683, 0.000153220724314, 0.000356282806024, 0.000203228293685, 0.000179057678906, 0.000159005605383, 0.0002254434512, 0.000200458831387, 0.000161764502991, 0.000200432026759, 0.000114134993055, 0.000131767446874, 7.22557888366e-05, 6.80144148646e-05, 0.00011047013686, 6.30146460026e-05, 2.44606544584e-05, 3.23273161484e-05, 2.30925143114e-05, 6.76131239743e-05, 5.31145196874e-05, 4.24126592407e-05, 2.08411420317e-05, 2.77345643553e-05, 2.87385864794e-05, 2.59482767433e-05, 4.59994880657e-05, 3.03236902255e-05, 2.55178783846e-05, 3.17394915328e-05, 3.87749350921e-05, 5.50041077076e-05, 3.73694165319e-05, 3.60904523404e-05, 4.18158342654e-05, 3.51802482328e-05, 2.05515389098e-05, 2.04274729185e-05, 2.39717846853e-05, 2.69184220087e-05, 2.62775211013e-05, 4.40161784354e-05, 5.11807156727e-05, 3.52237329935e-05, 2.75812235486e-05, 2.12280374399e-05, 1.3917432625e-05, 8.9724553618e-06, 9.65074650594e-06, 1.22849123727e-05, 1.02801541288e-05, 1.45434341903e-05, 1.15121720228e-05, 1.40721167554e-05, 1.37576580528e-05, 7.85722659202e-06, 6.49513458484e-06, 3.42339535564e-06, 3.42580210599e-06, 2.44578222919e-06, 3.53926952812e-06, 3.51225639861e-06, 3.62497144124e-06, 3.14629187415e-06, 2.92801382784e-06, 2.50710490945e-06, 2.12250984077e-06, 2.12772260966e-06, 2.35841844187e-06, 2.60198271462e-06, 2.42569262809e-06, 3.04693162434e-06, 2.91899254989e-06, 2.46647073254e-06, 2.90355274046e-06, 3.7246577449e-06, 3.54427993443e-06, 2.58831551037e-06, 2.32236016018e-06, 1.74337901626e-06, 1.9578571937e-06, 1.52630650518e-06, 1.41327655001e-06, 1.45625972436e-06, 1.11642862066e-06, 1.0671765267e-06, 1.08689141598e-06, 1.14280999242e-06, 1.03069612578e-06, 1.0559031125e-06, 9.813984434e-07, 9.50140872646e-07, 1.03512149963e-06, 2.59473381448e-06, 2.53478287959e-06, 1.06192283056e-06, 8.80519678503e-07, 8.62152887748e-07, 7.31337877369e-07, 6.12125859334e-07, 5.91050707044e-07, 4.66296739887e-07, 3.51464194637e-07, 2.97745202715e-07, 1.27033985109e-07, 4.53150406088e-08, 1.11720392937e-08, 3.79018638696e-09, 1.38664280058e-09, 4.03050398612e-10, 3.218382158e-11, 4.0610162802e-12, 4.02802530913e-12],
        "stdev": [0.000401567027438, 0.00221276981756, 0.0028376611881, 0.00266413600184, 0.00335879600607, 0.00282978219911, 0.00243786186911, 0.00154303677846, 0.00136385520454, 0.00188267847989, 0.00144010758959, 0.00121196825057, 0.00175876379944, 0.000757400761358, 0.000357634038664, 0.000456784851849, 0.000376439100364, 0.000629925285466, 0.000350196962245, 0.000523077731486, 0.000496764085256, 0.0005263039493, 0.000556475773919, 0.000420736847445, 0.000437466107542, 0.000238583685132, 0.000289683957817, 0.000198282388737, 0.000188366582734, 0.000275138183497, 0.000197700486751, 7.47913945816e-05, 9.53493654379e-05, 7.26901635062e-05, 0.000150934181875, 0.000132699482492, 0.00014261637989, 7.94220541138e-05, 8.20553686935e-05, 0.00010257971735, 9.45977662923e-05, 0.000168009253684, 9.18158257264e-05, 7.21594769857e-05, 0.000102864512883, 8.51731165312e-05, 0.000119039061246, 8.94684199011e-05, 7.7749544289e-05, 9.44851926761e-05, 0.000110384673462, 6.35562319076e-05, 5.60141415917e-05, 7.27634032955e-05, 7.44232020224e-05, 6.62421371089e-05, 0.000122560013551, 0.000122280631331, 8.34668899188e-05, 6.99658776284e-05, 4.86044737045e-05, 3.32145864377e-05, 1.8022783479e-05, 1.62604555953e-05, 2.34151957557e-05, 2.08233559533e-05, 3.05105895677e-05, 2.67252489721e-05, 3.57834469469e-05, 4.71695566375e-05, 2.33460450545e-05, 1.84835535038e-05, 6.88320142217e-06, 6.03652051723e-06, 5.04249555888e-06, 8.29741566122e-06, 5.60897115065e-06, 5.54918051421e-06, 5.80829555474e-06, 5.84050667385e-06, 5.34551691089e-06, 5.14377006766e-06, 5.18568958796e-06, 5.89577848586e-06, 6.89766966389e-06, 7.04535796103e-06, 8.84581095306e-06, 7.51511470298e-06, 6.11532823314e-06, 7.26637017578e-06, 7.93194703874e-06, 7.23355196897e-06, 6.4043765633e-06, 5.98029419052e-06, 4.46850071967e-06, 5.78390290684e-06, 3.81657991966e-06, 3.21101151712e-06, 3.03672891278e-06, 2.24762561629e-06, 2.25487519856e-06, 2.21517507271e-06, 2.39260089074e-06, 1.87998580259e-06, 1.87086402548e-06, 1.72481907157e-06, 1.69101065239e-06, 1.78895209046e-06, 4.96061466038e-06, 4.85248938276e-06, 1.99363080355e-06, 1.81087921192e-06, 1.97707345251e-06, 1.66649408584e-06, 1.40076531352e-06, 1.2888897345e-06, 9.962062677e-07, 9.95112486635e-07, 9.95028472062e-07, 5.41542988231e-07, 2.49119807449e-07, 9.51978194053e-08, 5.70197258298e-08, 2.22332925404e-08, 1.03316555311e-08, 1.5452822355e-09, 6.29535226032e-12, 6.25403374921e-12]
    },
    "mfcc": {
        "mean": [-639.74621582, 121.995613098, 16.6032428741, 28.8721942902, 18.4025630951, 1.8062582016, -0.439504176378, 4.45682382584, 0.189203381538, 4.38887786865, -4.67395067215, -1.69196307659, -5.16443443298],
        "cov": [[6153.23730469, -1286.82592773, -732.55645752, -143.678268433, -212.370056152, -232.094528198, -22.9167861938, 305.873382568, 129.587982178, 222.233612061, 189.092498779, 27.7857284546, 0.51437407732], [-1286.82592773, 1000.93890381, -111.816673279, 61.26770401, 44.4848022461, -62.8675231934, 9.6418504715, -35.839050293, 9.04778194427, -12.1790266037, 15.876832962, 12.1978988647, -38.7692070007], [-732.55645752, -111.816673279, 596.610473633, -16.4935741425, -9.68619155884, 116.13432312, -21.0096817017, -31.3178653717, -7.69433021545, -44.0360336304, -22.0488166809, -23.1153564453, 38.2364616394], [-143.678268433, 61.26770401, -16.4935741425, 193.232940674, 79.7518844604, -10.4358139038, -31.2613697052, -15.3446445465, 49.5443077087, -14.6994371414, -16.1365737915, 4.32491922379, 23.7231960297], [-212.370056152, 44.4848022461, -9.68619155884, 79.7518844604, 159.101074219, 10.0532560349, -19.9264373779, -0.76455193758, 28.6977310181, -0.686096251011, -11.2878160477, 3.32500910759, 15.1612873077], [-232.094528198, -62.8675231934, 116.13432312, -10.4358139038, 10.0532560349, 155.292907715, 45.6107406616, -23.2676429749, -10.6343803406, -27.7501296997, -4.09662771225, -7.38674640656, -7.64834785461], [-22.9167861938, 9.6418504715, -21.0096817017, -31.2613697052, -19.9264373779, 45.6107406616, 145.613449097, 33.9549446106, -16.5475273132, 16.1616268158, 15.7560796738, 2.72419404984, -3.09084963799], [305.873382568, -35.839050293, -31.3178653717, -15.3446445465, -0.76455193758, -23.2676429749, 33.9549446106, 133.109710693, 22.7229785919, 37.9210319519, 23.8591442108, 4.51278972626, 9.00040054321], [129.587982178, 9.04778194427, -7.69433021545, 49.5443077087, 28.6977310181, -10.6343803406, -16.5475273132, 22.7229785919, 108.902015686, 7.42283821106, 5.52624511719, 3.20889806747, 5.01277923584], [222.233612061, -12.1790266037, -44.0360336304, -14.6994371414, -0.686096251011, -27.7501296997, 16.1616268158, 37.9210319519, 7.42283821106, 115.140182495, 37.8108444214, -1.76661539078, -0.882757365704], [189.092498779, 15.876832962, -22.0488166809, -16.1365737915, -11.2878160477, -4.09662771225, 15.7560796738, 23.8591442108, 5.52624511719, 37.8108444214, 82.5826263428, 16.0088596344, -9.45091819763], [27.7857284546, 12.1978988647, -23.1153564453, 4.32491922379, 3.32500910759, -7.38674640656, 2.72419404984, 4.51278972626, 3.20889806747, -1.76661539078, 16.0088596344, 59.6669654846, 9.17205810547], [0.51437407732, -38.7692070007, 38.2364616394, 23.7231960297, 15.1612873077, -7.64834785461, -3.09084963799, 9.00040054321, 5.01277923584, -0.882757365704, -9.45091819763, 9.17205810547, 77.6533660889]],
        "icov": [[0.000456579902675, 0.000632662908174, 0.000593962147832, 6.60070509184e-05, 0.000490430567879, 0.000242814829107, 0.000272434088401, -0.000501426111441, -0.000497578468639, -9.83848949545e-05, -0.000786086486187, 0.00015958485892, -8.61884036567e-05], [0.000632662908174, 0.00201898487285, 0.000845935603138, -0.000216412736336, 0.000317630474456, 0.0010784259066, -0.000128661020426, -0.000227383294259, -0.000680534751154, 0.000171525374753, -0.00145656557288, 0.000119266900583, 0.00057333993027], [0.000593962147832, 0.000845935603138, 0.00302914297208, 0.000379576697014, 0.00100700045004, -0.0016361240996, 0.00131685961969, -0.000660437333863, -0.000737503403798, 0.000194199135876, -0.00106341310311, 0.00100683060009, -0.00161642662715], [6.60070509184e-05, -0.000216412736336, 0.000379576697014, 0.00778089696541, -0.00294148409739, 0.000278748077108, 0.000533777754754, 0.0010347107891, -0.00288352393545, 0.000671223620884, 0.000374527706299, 6.46816770313e-05, -0.00193766853772], [0.000490430567879, 0.000317630474456, 0.00100700045004, -0.00294148409739, 0.00899514462799, -0.00163689290639, 0.00155312893912, -0.0012395652011, -0.00111950899009, -0.0010619754903, 0.000208490717341, -0.000238341584918, -0.00104013830423], [0.000242814829107, 0.0010784259066, -0.0016361240996, 0.000278748077108, -0.00163689290639, 0.0105583779514, -0.00426830956712, 0.00186667614616, -0.000379823846743, 0.00207695225254, -0.00137960922439, 0.000602999876719, 0.00203954754397], [0.000272434088401, -0.000128661020426, 0.00131685961969, 0.000533777754754, 0.00155312893912, -0.00426830956712, 0.00981943868101, -0.00317546026781, 0.00103178748395, -0.00116406544112, -0.000708507373929, -0.000200715090614, -0.000984633341432], [-0.000501426111441, -0.000227383294259, -0.000660437333863, 0.0010347107891, -0.0012395652011, 0.00186667614616, -0.00317546026781, 0.010622292757, -0.00191310793161, -0.00146362953819, -0.000633463962004, -2.58822237811e-05, -0.000999985495582], [-0.000497578468639, -0.000680534751154, -0.000737503403798, -0.00288352393545, -0.00111950899009, -0.000379823846743, 0.00103178748395, -0.00191310793161, 0.0118923038244, -0.000184073767741, 0.000127518942463, -0.000370700698113, 0.00064109719824], [-9.83848949545e-05, 0.000171525374753, 0.000194199135876, 0.000671223620884, -0.0010619754903, 0.00207695225254, -0.00116406544112, -0.00146362953819, -0.000184073767741, 0.0118517307565, -0.00491947866976, 0.00225940812379, -0.000398169038817], [-0.000786086486187, -0.00145656557288, -0.00106341310311, 0.000374527706299, 0.000208490717341, -0.00137960922439, -0.000708507373929, -0.000633463962004, 0.000127518942463, -0.00491947866976, 0.0177557133138, -0.00514127360657, 0.0022599324584], [0.00015958485892, 0.000119266900583, 0.00100683060009, 6.46816770313e-05, -0.000238341584918, 0.000602999876719, -0.000200715090614, -2.58822237811e-05, -0.000370700698113, 0.00225940812379, -0.00514127360657, 0.0191017966717, -0.00318842590787], [-8.61884036567e-05, 0.00057333993027, -0.00161642662715, -0.00193766853772, -0.00104013830423, 0.00203954754397, -0.000984633341432, -0.000999985495582, 0.00064109719824, -0.000398169038817, 0.0022599324584, -0.00318842590787, 0.0156388580799]]
    },
    "spectral_contrast_coeffs": {
        "mean": [-0.70977807045, -0.755959928036, -0.761971116066, -0.785921394825, -0.773539721966, -0.788765251637],
        "stdev": [0.0584763176739, 0.060548260808, 0.0544176436961, 0.0455530658364, 0.0460905656219, 0.0350380390882]
    },
    "spectral_contrast_valleys": {
        "mean": [-6.14075565338, -6.76064252853, -7.65594863892, -7.75798130035, -7.74327325821, -10.0128602982],
        "stdev": [0.657672822475, 0.838036060333, 0.916487634182, 0.954585134983, 1.08180117607, 1.22430860996]
    }
},
"rhythm": {
    "beats_count": 494,
    "beats_loudness": {
        "mean": 0.0352762192488,
        "stdev": 0.0213761031628
    },
    "bpm": 110.421653748,
    "bpm_histogram_first_peak_bpm": 110,
    "bpm_histogram_first_peak_weight": 0.309597551823,
    "bpm_histogram_second_peak_bpm": 148,
    "bpm_histogram_second_peak_spread": 0.428571403027,
    "bpm_histogram_second_peak_weight": 0.105476669967,
    "danceability": 1.14524149895,
    "onset_rate": 4.37599658966,
    "beats_loudness_band_ratio": {
        "mean": [0.507675349712, 0.255340963602, 0.115638643503, 0.0454441010952, 0.0605199597776, 0.0680244863033],
        "stdev": [0.190479144454, 0.157635942101, 0.0980056077242, 0.0465673878789, 0.0615749955177, 0.0790822058916]
    },
    "beats_position": [0.441179126501, 0.905578196049, 1.34675729275, 1.79954648018, 2.24072551727, 2.65868473053, 3.08825397491, 3.51782298088, 3.97061228752, 4.41179132462, 4.82975053787, 5.25931978226, 5.70049858093, 6.15328788757, 6.59446716309, 7.01242637634, 7.44199514389, 7.8831744194, 8.32435321808, 8.75392246246, 9.17188167572, 9.58984088898, 10.0194101334, 10.4838094711, 10.9249887466, 11.354557991, 11.7957363129, 12.2369155884, 12.6780948639, 13.1076641083, 13.5372333527, 13.9551925659, 14.3847618103, 14.8491611481, 15.2903394699, 15.7199087143, 16.1494789124, 16.602268219, 17.0434455872, 17.4730148315, 17.9025840759, 18.3321533203, 18.7733325958, 19.2261219025, 19.6440811157, 20.062040329, 20.4916095734, 20.9327888489, 21.3739681244, 21.8035373688, 22.2331066132, 22.6510658264, 23.1038551331, 23.5566444397, 23.9862117767, 24.4157810211, 24.8221302032, 25.2284793854, 25.6348285675, 26.0527877808, 26.4591369629, 26.865486145, 27.2718353271, 27.6781845093, 28.0961437225, 28.5024929047, 28.9088420868, 29.3151912689, 29.7331504822, 30.1511096954, 30.5574588776, 30.9638080597, 31.3701572418, 31.7648983002, 32.1596374512, 32.5543746948, 32.9491157532, 33.3438529968, 33.7269821167, 34.121723175, 34.5280723572, 34.9228096008, 35.3175506592, 35.7122879028, 36.118637085, 36.5249862671, 36.9313354492, 37.3376846313, 37.7440338135, 38.1387748718, 38.545124054, 38.9630813599, 39.3810424805, 39.7989997864, 40.344669342, 40.8903388977, 41.4360084534, 41.981678009, 42.5157356262, 43.0497932434, 43.5954627991, 44.129524231, 44.6751937866, 45.2092514038, 45.7549209595, 46.3005905151, 46.8462562561, 47.380317688, 47.9259872437, 48.4716529846, 49.0057144165, 49.5513839722, 50.0970497131, 50.6427192688, 51.1883888245, 51.7340583801, 52.2797279358, 52.8253974915, 53.3710632324, 53.9167327881, 54.4624023438, 55.0080718994, 55.5421295166, 56.0877990723, 56.6334686279, 57.1675262451, 57.7131958008, 58.2588653564, 58.7929229736, 59.3385925293, 59.884262085, 60.4183197021, 60.9639892578, 61.5096588135, 62.0553283691, 62.6126060486, 63.1582756042, 63.6923332214, 64.2380065918, 64.7836685181, 65.3293380737, 65.8750076294, 66.4206771851, 66.9663467407, 67.5004043579, 68.0344696045, 68.5801315308, 69.1258010864, 69.659866333, 70.1939239502, 70.7395935059, 71.2852630615, 71.8309249878, 72.3765945435, 72.9222640991, 73.4679336548, 74.0136032104, 74.5592727661, 75.1049423218, 75.6506118774, 76.1962814331, 76.7419509888, 77.2992248535, 77.8448944092, 78.3905639648, 78.924621582, 79.4702911377, 80.0159606934, 80.561630249, 81.0956878662, 81.6413574219, 82.1754150391, 82.7210845947, 83.2667541504, 83.8124237061, 84.3580932617, 84.8921508789, 85.4378204346, 85.9834899902, 86.5175476074, 87.0516052246, 87.5856704712, 88.1313400269, 88.6770019531, 89.2226715088, 89.7683410645, 90.3140106201, 90.8596801758, 91.393737793, 91.9394073486, 92.4850769043, 93.0191345215, 93.5648040771, 94.1104736328, 94.6561431885, 95.2018127441, 95.7474822998, 96.2931518555, 96.8388214111, 97.3844909668, 97.9301605225, 98.4758224487, 99.0331039429, 99.5671615601, 100.112831116, 100.658500671, 101.204170227, 101.749839783, 102.2838974, 102.817955017, 103.363624573, 103.909294128, 104.443351746, 104.977409363, 105.523078918, 106.068748474, 106.61441803, 107.160087585, 107.705757141, 108.251426697, 108.797096252, 109.342765808, 109.888435364, 110.434104919, 110.968162537, 111.502220154, 112.059501648, 112.605171204, 113.15083313, 113.684898376, 114.230567932, 114.776237488, 115.321899414, 115.86756897, 116.413238525, 116.947296143, 117.492965698, 118.027030945, 118.561088562, 119.095146179, 119.640815735, 120.186485291, 120.732154846, 121.277824402, 121.823486328, 122.380767822, 122.938049316, 123.483718872, 124.029388428, 124.563446045, 125.109115601, 125.654785156, 126.188842773, 126.618408203, 127.047981262, 127.48915863, 127.930335999, 128.359909058, 128.789474487, 129.230651855, 129.660217285, 130.089797974, 130.519363403, 130.937316895, 131.343673706, 131.750015259, 132.15637207, 132.562713623, 132.969070435, 133.375411987, 133.77015686, 134.176498413, 134.582855225, 134.977600098, 135.38394165, 135.790298462, 136.208251953, 136.626205444, 137.044174194, 137.462127686, 137.880081177, 138.309661865, 138.750839233, 139.192016602, 139.621582031, 140.051147461, 140.480728149, 140.910293579, 141.351470947, 141.781036377, 142.199005127, 142.60534668, 143.02331543, 143.429656982, 143.847610474, 144.253967285, 144.660308838, 145.066665649, 145.473007202, 145.879364014, 146.297317505, 146.715286255, 147.121627808, 147.527984619, 147.934326172, 148.340682983, 148.747024536, 149.153381348, 149.5597229, 149.966079712, 150.372421265, 150.778778076, 151.185119629, 151.59147644, 151.997817993, 152.404174805, 152.810516357, 153.356185913, 153.901855469, 154.447525024, 154.99319458, 155.527252197, 156.072921753, 156.618591309, 157.152648926, 157.698318481, 158.243988037, 158.789657593, 159.335327148, 159.880996704, 160.42666626, 160.972335815, 161.518005371, 162.063674927, 162.609344482, 163.1434021, 163.677459717, 164.223129272, 164.768798828, 165.326080322, 165.883346558, 166.417419434, 166.951477051, 167.497146606, 168.042816162, 168.588470459, 169.134140015, 169.668212891, 170.202270508, 170.736328125, 171.281997681, 171.827667236, 172.373336792, 172.919006348, 173.453063965, 173.998733521, 174.544403076, 175.090057373, 175.635726929, 176.181396484, 176.72706604, 177.272735596, 177.806793213, 178.352462769, 178.886520386, 179.44380188, 179.989471436, 180.535140991, 181.069198608, 181.614868164, 182.16053772, 182.706207275, 183.251876831, 183.797546387, 184.343215942, 184.888885498, 185.434555054, 185.968612671, 186.514282227, 187.059951782, 187.594009399, 188.139678955, 188.685348511, 189.219406128, 189.765075684, 190.310745239, 190.844802856, 191.390472412, 191.936141968, 192.470199585, 193.004257202, 193.561538696, 194.11882019, 194.664489746, 195.210159302, 195.755828857, 196.301498413, 196.83555603, 197.381225586, 197.926895142, 198.460952759, 199.006622314, 199.55229187, 200.097961426, 200.643630981, 201.189300537, 201.734954834, 202.28062439, 202.826293945, 203.360351562, 203.894424438, 204.451690674, 204.985748291, 205.519821167, 206.053878784, 206.611160278, 207.168426514, 207.702484131, 208.236557007, 208.782211304, 209.327880859, 209.873550415, 210.419219971, 210.964889526, 211.510559082, 212.044616699, 212.578674316, 213.135955811, 213.693237305, 214.227294922, 214.761352539, 215.295410156, 215.829467773, 216.375137329, 216.920806885, 217.46647644, 218.012145996, 218.557815552, 219.103485107, 219.649154663, 220.194824219, 220.740493774, 221.28616333, 221.831832886, 222.377502441, 222.911560059, 223.457229614, 224.00289917, 224.560180664, 225.094238281, 225.628295898, 226.173965454, 226.71963501, 227.265304565, 227.810974121, 228.356643677, 228.902313232, 229.43637085, 229.970428467, 230.527709961, 231.073379517, 231.619049072, 232.164718628, 232.710388184, 233.244445801, 233.790115356, 234.335784912, 234.869842529, 235.403900146, 235.949569702, 236.495239258, 237.040908813, 237.586578369, 238.120635986, 238.666305542, 239.211975098, 239.769241333, 240.314910889, 240.860580444, 241.40625, 241.951919556, 242.555648804, 243.159362793, 243.797912598, 244.424850464, 245.05178833, 245.748382568, 246.444976807, 247.106750488, 247.756912231, 248.499954224, 249.242996216, 249.997634888, 250.752288818],
    "bpm_histogram": [0, 0, 0, 0, 0, 0, 0, 0, 0, 0, 0, 0, 0, 0, 0, 0, 0, 0, 0, 0, 0, 0, 0, 0, 0, 0, 0, 0, 0, 0, 0, 0, 0, 0, 0, 0, 0, 0, 0, 0, 0, 0, 0, 0, 0, 0, 0, 0, 0, 0, 0, 0, 0, 0, 0, 0, 0, 0, 0, 0, 0, 0, 0, 0, 0, 0, 0, 0, 0, 0, 0, 0, 0, 0, 0, 0, 0, 0, 0, 0, 0.00405679503456, 0.00405679503456, 0, 0, 0, 0, 0.00405679503456, 0, 0, 0, 0, 0.00202839751728, 0.00202839751728, 0, 0.00202839751728, 0, 0.00405679503456, 0, 0, 0.00405679503456, 0, 0, 0, 0, 0, 0, 0, 0, 0.0385395549238, 0, 0.452332645655, 0, 0.164300203323, 0, 0, 0, 0, 0, 0, 0, 0, 0, 0, 0, 0, 0, 0, 0, 0, 0.00608519278467, 0, 0, 0, 0.0141987828538, 0, 0, 0.0446247458458, 0, 0, 0, 0.0669371187687, 0, 0, 0, 0.0547667331994, 0, 0, 0, 0.105476669967, 0, 0, 0, 0.0243407711387, 0, 0, 0, 0, 0.00202839751728, 0, 0, 0, 0, 0, 0, 0, 0, 0, 0, 0, 0, 0, 0, 0, 0, 0, 0, 0, 0, 0, 0, 0, 0, 0, 0, 0, 0, 0, 0, 0, 0, 0, 0, 0, 0, 0, 0, 0, 0, 0, 0, 0, 0, 0, 0, 0, 0, 0, 0, 0, 0, 0, 0, 0, 0, 0, 0, 0, 0, 0, 0, 0, 0, 0, 0, 0, 0, 0, 0, 0, 0, 0, 0, 0, 0, 0, 0, 0, 0, 0, 0, 0, 0, 0, 0, 0, 0, 0, 0, 0, 0]
},
"tonal": {
    "chords_changes_rate": 0.0557298399508,
    "chords_number_rate": 0.0012917512795,
    "chords_strength": {
        "mean": 0.520227074623,
        "stdev": 0.0827515497804
    },
    "hpcp_crest": {
        "mean": 14.0451478958,
        "stdev": 6.85325813293
    },
    "hpcp_entropy": {
        "mean": 1.98026037216,
        "stdev": 0.725795865059
    },
    "key_edma": {
        "strength": 0.835245609283,
        "key": "D",
        "scale": "major"
    },
    "key_krumhansl": {
        "strength": 0.844891428947,
        "key": "D",
        "scale": "major"
    },
    "key_temperley": {
        "strength": 0.853005945683,
        "key": "D",
        "scale": "major"
    },
    "tuning_diatonic_strength": 0.715879023075,
    "tuning_equal_tempered_deviation": 0.0413189157844,
    "tuning_frequency": 440.763122559,
    "tuning_nontempered_energy_ratio": 0.667564809322,
    "hpcp": {
        "mean": [0.430285334587, 0.231609657407, 0.0631908252835, 0.0439244769514, 0.0511148646474, 0.105079621077, 0.162118464708, 0.120355144143, 0.0547885708511, 0.0345244668424, 0.0291729606688, 0.0575983114541, 0.095268048346, 0.0950853526592, 0.256188064814, 0.468138545752, 0.297521680593, 0.0641093701124, 0.0391642861068, 0.0439502894878, 0.0927954018116, 0.132540076971, 0.0882073491812, 0.0464544072747, 0.0399578735232, 0.0367595478892, 0.0733551084995, 0.0985005944967, 0.0836215913296, 0.105201296508, 0.119253188372, 0.0884624868631, 0.0750280097127, 0.0853690654039, 0.121324397624, 0.314692497253],
        "stdev": [0.364191502333, 0.252760738134, 0.149792894721, 0.131284430623, 0.144537210464, 0.210191652179, 0.30573362112, 0.231241226196, 0.14154741168, 0.106781706214, 0.09704631567, 0.125009119511, 0.187887251377, 0.18273511529, 0.267604976892, 0.431568980217, 0.301927536726, 0.147208556533, 0.109450660646, 0.106779813766, 0.16202737391, 0.199899375439, 0.140463009477, 0.114892877638, 0.107639558613, 0.0994743257761, 0.135836079717, 0.164747595787, 0.160609021783, 0.216383352876, 0.25007930398, 0.201507002115, 0.182707086205, 0.19321320951, 0.216394200921, 0.32127726078]
    },
    "chords_histogram": [50.8211860657, 2.3805129528, 23.0300788879, 0.442886143923, 0.848865091801, 0.867318689823, 0, 0, 0, 0, 0.0922679454088, 0, 0, 0, 0, 0.20298948884, 0, 4.57648992538, 0, 0.350618183613, 0, 1.77154457569, 12.382358551, 2.23288440704],
    "thpcp": [1, 0.635541915894, 0.136945292354, 0.0836596041918, 0.0938830822706, 0.198222085834, 0.283121466637, 0.188421458006, 0.0992321744561, 0.0853548049927, 0.0785227939487, 0.1566952914, 0.210409060121, 0.17862573266, 0.22472256422, 0.254739105701, 0.188966467977, 0.160268813372, 0.182358548045, 0.259163439274, 0.672220885754, 0.919140994549, 0.494745969772, 0.134983167052, 0.0938279405236, 0.109187476337, 0.224462658167, 0.346304446459, 0.257093012333, 0.117034949362, 0.0737483948469, 0.0623169392347, 0.123036891222, 0.203503966331, 0.20311370492, 0.547248363495],
    "chords_key": "D",
    "chords_scale": "major"
}
}