{
"metadata": {
    "version": {
        "essentia": "2.1-dev",
        "essentia_git_sha": "v2.1_beta3-415-gd5473f3",
        "extractor": "music 2.0"
    },
    "audio_properties": {
        "analysis": {
            "equal_loudness": 0,
            "length": 250.775512695,
            "sample_rate": 44100,
            "start_time": 0,
            "downmix": "mix"
        },
        "bit_rate": 128000,
        "length": 250.775512695,
        "lossless": 0,
        "number_channels": 2,
        "replay_gain": -9.34219169617,
        "sample_rate": 44100,
        "codec": "mp3",
        "md5_encoded": "ca03762dce1da1a98f30a6ca3d583057"
    },
    "tags": {
        "file_name": "foo_fighters-everlong.mp3",
        "album": ["The Colour And The Shape"],
        "artist": ["Foo Fighters"],
        "date": ["1997"],
        "genre": ["Other"],
        "title": ["Everlong"]
    }
},
"lowlevel": {
    "average_loudness": 0.910017669201,
    "barkbands_crest": {
        "mean": 9.46048736572,
        "stdev": 3.74319934845
    },
    "barkbands_flatness_db": {
        "mean": 0.124111287296,
        "stdev": 0.0723200216889
    },
    "barkbands_kurtosis": {
        "mean": 2.4176428318,
        "stdev": 7.28717565536
    },
    "barkbands_skewness": {
        "mean": 1.33318090439,
        "stdev": 0.98584741354
    },
    "barkbands_spread": {
        "mean": 26.0262012482,
        "stdev": 11.5001726151
    },
    "dissonance": {
        "mean": 0.474020093679,
        "stdev": 0.0302838180214
    },
    "dynamic_complexity": 3.97151136398,
    "erbbands_crest": {
        "mean": 6.99734449387,
        "stdev": 3.39149165154
    },
    "erbbands_flatness_db": {
        "mean": 0.148264080286,
        "stdev": 0.0520506165922
    },
    "erbbands_kurtosis": {
        "mean": 0.142038330436,
        "stdev": 1.58104991913
    },
    "erbbands_skewness": {
        "mean": -0.116797916591,
        "stdev": 0.591447889805
    },
    "erbbands_spread": {
        "mean": 35.1231613159,
        "stdev": 13.8109512329
    },
    "hfc": {
        "mean": 25.1795139313,
        "stdev": 18.0490112305
    },
    "loudness_ebu128": {
        "integrated": -12.3231477737,
        "loudness_range": 6.94594764709,
        "momentary": {
            "mean": -15.0496320724,
            "stdev": 8.24176311493
        },
        "short_term": {
            "mean": -14.3081293106,
            "stdev": 5.84989595413
        }
    },
    "melbands_crest": {
        "mean": 14.5415859222,
        "stdev": 4.94725704193
    },
    "melbands_flatness_db": {
        "mean": 0.200394749641,
        "stdev": 0.0914534851909
    },
    "melbands_kurtosis": {
        "mean": 9.89014816284,
        "stdev": 15.0961055756
    },
    "melbands_skewness": {
        "mean": 2.52421426773,
        "stdev": 1.31944143772
    },
    "melbands_spread": {
        "mean": 25.8715286255,
        "stdev": 14.6126613617
    },
    "pitch_salience": {
        "mean": 0.542442023754,
        "stdev": 0.108027115464
    },
    "silence_rate_20dB": {
        "mean": 1,
        "stdev": 0
    },
    "silence_rate_30dB": {
        "mean": 0.998518645763,
        "stdev": 0.0384566821158
    },
    "silence_rate_60dB": {
        "mean": 0.111008241773,
        "stdev": 0.314149349928
    },
    "spectral_centroid": {
        "mean": 1530.32043457,
        "stdev": 581.987792969
    },
    "spectral_complexity": {
        "mean": 29.7866859436,
        "stdev": 13.4436235428
    },
    "spectral_decrease": {
        "mean": -8.3016118424e-09,
        "stdev": 5.54961587795e-09
    },
    "spectral_energy": {
        "mean": 0.0336161255836,
        "stdev": 0.0220272839069
    },
    "spectral_energyband_high": {
        "mean": 0.000792368198745,
        "stdev": 0.000872286735103
    },
    "spectral_energyband_low": {
        "mean": 0.0164842773229,
        "stdev": 0.0165607631207
    },
    "spectral_energyband_middle_high": {
        "mean": 0.00800947472453,
        "stdev": 0.00717022968456
    },
    "spectral_energyband_middle_low": {
        "mean": 0.00935046374798,
        "stdev": 0.00715042091906
    },
    "spectral_entropy": {
        "mean": 7.65131998062,
        "stdev": 0.574925124645
    },
    "spectral_flux": {
        "mean": 0.0897576212883,
        "stdev": 0.0520338229835
    },
    "spectral_kurtosis": {
        "mean": 9.40591812134,
        "stdev": 18.8002796173
    },
    "spectral_rms": {
        "mean": 0.005301640369,
        "stdev": 0.00216539017856
    },
    "spectral_rolloff": {
        "mean": 1413.85400391,
        "stdev": 885.011962891
    },
    "spectral_skewness": {
        "mean": 1.86228561401,
        "stdev": 1.31375932693
    },
    "spectral_spread": {
        "mean": 3808437,
        "stdev": 1228853.375
    },
    "spectral_strongpeak": {
        "mean": 0.598602414131,
        "stdev": 0.975084662437
    },
    "zerocrossingrate": {
        "mean": 0.0550813898444,
        "stdev": 0.0248576942831
    },
    "barkbands": {
        "mean": [0.000213440434891, 0.00927423872054, 0.00607243226841, 0.00152182439342, 0.00221963133663, 0.00161925074644, 0.00102316588163, 0.00118567910977, 0.00158424477559, 0.000985056860372, 0.000617126759607, 0.000770936487243, 0.000695841852576, 0.00092464935733, 0.000895283708815, 0.000936796481255, 0.00094016303774, 0.00053039600607, 0.000601036124863, 0.000339663616614, 0.000220649060793, 0.00015711717424, 9.5093906566e-05, 9.92133864202e-05, 6.31069415249e-05, 2.70050368272e-05, 3.1191002563e-06],
        "stdev": [0.000378839555196, 0.011914039962, 0.0070322221145, 0.00184446689673, 0.00295236241072, 0.00259459437802, 0.00165411341004, 0.00201731943525, 0.00239033671096, 0.00185856886674, 0.00158445164561, 0.00160834414419, 0.00136045762338, 0.00157028390095, 0.00175533012953, 0.00111491046846, 0.00110868841875, 0.000523408874869, 0.000503262213897, 0.000368607637938, 0.000273345562164, 0.000211314138141, 0.000122174038552, 0.000132349086925, 8.51433433127e-05, 4.25561593147e-05, 9.37500317377e-06]
    },
    "erbbands": {
        "mean": [0.1998052001, 2.35213923454, 6.73709392548, 6.50684261322, 6.2517786026, 6.97432041168, 10.1666612625, 13.9847211838, 14.2785997391, 17.9429912567, 28.5773849487, 34.0503692627, 32.0894432068, 34.4464416504, 28.6384963989, 31.5883808136, 31.9878807068, 46.7702827454, 47.7456588745, 41.137348175, 60.6563262939, 49.8705558777, 33.8446884155, 29.7668380737, 27.156452179, 15.2397232056, 10.0537261963, 7.80293369293, 5.74583864212, 4.02612257004, 2.65146112442, 2.2293753624, 1.41394150257, 0.815327048302, 0.406501024961, 0.157640844584, 0.0391632057726, 0.00851779989898, 0.000467990787001, 5.67883216718e-05],
        "stdev": [0.267663449049, 3.0113670826, 7.67596578598, 6.9552488327, 9.39889717102, 10.8293247223, 14.4895782471, 26.4958839417, 21.7931423187, 27.3990631104, 51.0956878662, 54.820602417, 45.5294876099, 69.0624771118, 56.1898155212, 64.0224075317, 63.0882797241, 77.0813751221, 82.556350708, 73.8047714233, 68.3442230225, 58.3403282166, 32.8906936646, 25.6387634277, 22.8679771423, 17.1508846283, 12.6150379181, 9.87568759918, 7.91819000244, 5.26035451889, 3.38430261612, 3.06251358986, 1.86570727825, 1.06491208076, 0.587623536587, 0.246379494667, 0.0652460977435, 0.015110979788, 0.00184910569806, 8.00220223027e-05]
    },
    "gfcc": {
        "mean": [3.60123038292, 103.386489868, -118.891342163, 32.9664077759, -41.1660652161, 15.0500383377, -34.4476470947, 18.8624973297, -21.3657493591, 3.43606615067, -17.4220314026, -1.43775546551, -11.8039293289],
        "cov": [[20641.4550781, -4138.39648438, -2021.5880127, 1929.50402832, -633.158874512, 731.977294922, -125.14931488, 801.133972168, -55.1733627319, 661.422973633, -325.662658691, 408.565460205, -301.732452393], [-4138.39648438, 1831.05883789, 281.245269775, -647.588134766, 267.784332275, -323.994018555, 85.7181930542, -229.989303589, 22.6849937439, -218.34223938, 88.1197128296, -155.805374146, 92.7634811401], [-2021.5880127, 281.245269775, 616.594055176, -201.659423828, 20.573884964, -69.8571166992, -16.9537391663, -76.5042572021, -7.82683801651, -44.1560897827, 7.88983201981, -15.1249141693, 19.3982200623], [1929.50402832, -647.588134766, -201.659423828, 562.559570312, -93.7087936401, 116.870010376, 7.73935127258, 65.5180892944, 27.1867370605, 67.3368225098, -8.9397649765, 46.7182044983, 1.27677559853], [-633.158874512, 267.784332275, 20.573884964, -93.7087936401, 239.351760864, -66.1193695068, 58.8980140686, -0.643149495125, 9.93536090851, -15.0868673325, 16.5213241577, -10.004327774, 0.855151534081], [731.977294922, -323.994018555, -69.8571166992, 116.870010376, -66.1193695068, 198.247894287, 24.521282196, 68.6368026733, 10.1494579315, 33.6682167053, 5.88787984848, 20.6412906647, -8.39823532104], [-125.14931488, 85.7181930542, -16.9537391663, 7.73935127258, 58.8980140686, 24.521282196, 119.719841003, 24.5394210815, 16.6534538269, -11.7741279602, 17.4616680145, -4.51297903061, 2.69962453842], [801.133972168, -229.989303589, -76.5042572021, 65.5180892944, -0.643149495125, 68.6368026733, 24.5394210815, 124.489898682, 28.0279922485, 47.2212524414, -9.04852581024, 23.6622390747, -18.3167991638], [-55.1733627319, 22.6849937439, -7.82683801651, 27.1867370605, 9.93536090851, 10.1494579315, 16.6534538269, 28.0279922485, 69.2001266479, 18.6931533813, 12.3637113571, -10.4063568115, 10.3309307098], [661.422973633, -218.34223938, -44.1560897827, 67.3368225098, -15.0868673325, 33.6682167053, -11.7741279602, 47.2212524414, 18.6931533813, 81.624671936, 3.9911813736, 27.9520721436, -17.4862785339], [-325.662658691, 88.1197128296, 7.88983201981, -8.9397649765, 16.5213241577, 5.88787984848, 17.4616680145, -9.04852581024, 12.3637113571, 3.9911813736, 63.3390693665, 11.6505413055, 15.2059087753], [408.565460205, -155.805374146, -15.1249141693, 46.7182044983, -10.004327774, 20.6412906647, -4.51297903061, 23.6622390747, -10.4063568115, 27.9520721436, 11.6505413055, 62.8737030029, 7.03966665268], [-301.732452393, 92.7634811401, 19.3982200623, 1.27677559853, 0.855151534081, -8.39823532104, 2.69962453842, -18.3167991638, 10.3309307098, -17.4862785339, 15.2059087753, 7.03966665268, 55.6559677124]],
        "icov": [[0.000184500808246, -5.37483356311e-05, 0.000368625536794, -0.000338637881214, 0.000216048036236, -6.51883383398e-05, 4.35045731138e-05, -0.00046554277651, 0.000390601635445, -0.000663402373902, 0.00078299746383, -0.000585748057347, 0.000379871169571], [-5.37483356311e-05, 0.00312608247623, 5.14467537869e-05, 0.00228132191114, -0.00104397861287, 0.00234634778462, -0.00146668718662, 0.00167976238299, -0.00168188312091, 0.00318116229028, -0.00354931969196, 0.00401839055121, -0.0028048150707], [0.000368625536794, 5.14467537869e-05, 0.00270112534054, 8.23609589133e-05, 0.000468873768114, 1.42079943544e-05, 6.55517214909e-05, 0.000138767019962, 4.47481543233e-05, -0.000878693768755, 0.00160268193576, -0.0016104982933, 0.000488261313876], [-0.000338637881214, 0.00228132191114, 8.23609589133e-05, 0.0047137257643, -0.000400373304728, 0.000911096809432, -0.00161158642732, 0.00248764664866, -0.0028555796016, 0.0022064242512, -0.00271837599576, 0.00234981183894, -0.00306580984034], [0.000216048036236, -0.00104397861287, 0.000468873768114, -0.000400373304728, 0.00648125912994, 0.00156550167594, -0.00259631639346, -0.00191709923092, 0.000766836863477, -0.00188792555127, 0.000987226259895, -0.00192710221745, 0.00162724987604], [-6.51883383398e-05, 0.00234634778462, 1.42079943544e-05, 0.000911096809432, 0.00156550167594, 0.00970697496086, -0.00301543110982, -0.00255563040264, 0.000134322923259, 0.00185955606867, -0.00460944836959, 0.00366690102965, -0.00218925857916], [4.35045731138e-05, -0.00146668718662, 6.55517214909e-05, -0.00161158642732, -0.00259631639346, -0.00301543110982, 0.0125970356166, -0.00334765878506, -0.000713228189852, 0.00271181901917, -0.00125395890791, -0.00128459767438, 0.00205614487641], [-0.00046554277651, 0.00167976238299, 0.000138767019962, 0.00248764664866, -0.00191709923092, -0.00255563040264, -0.00334765878506, 0.0180151704699, -0.00838876888156, -0.000879340805113, 0.00165420921985, -0.00258123455569, 0.00146149622742], [0.000390601635445, -0.00168188312091, 4.47481543233e-05, -0.0028555796016, 0.000766836863477, 0.000134322923259, -0.000713228189852, -0.00838876888156, 0.0251521505415, -0.0103462804109, -0.00155934237409, 0.00836723484099, -0.00629868824035], [-0.000663402373902, 0.00318116229028, -0.000878693768755, 0.0022064242512, -0.00188792555127, 0.00185955606867, 0.00271181901917, -0.000879340805113, -0.0103462804109, 0.0286400001496, -0.00828006118536, -0.00349802849814, 0.00486903171986], [0.00078299746383, -0.00354931969196, 0.00160268193576, -0.00271837599576, 0.000987226259895, -0.00460944836959, -0.00125395890791, 0.00165420921985, -0.00155934237409, -0.00828006118536, 0.0277267210186, -0.0123735405505, 0.00123673607595], [-0.000585748057347, 0.00401839055121, -0.0016104982933, 0.00234981183894, -0.00192710221745, 0.00366690102965, -0.00128459767438, -0.00258123455569, 0.00836723484099, -0.00349802849814, -0.0123735405505, 0.0336030386388, -0.0130918417126], [0.000379871169571, -0.0028048150707, 0.000488261313876, -0.00306580984034, 0.00162724987604, -0.00218925857916, 0.00205614487641, 0.00146149622742, -0.00629868824035, 0.00486903171986, 0.00123673607595, -0.0130918417126, 0.0286448616534]]
    },
    "melbands": {
        "mean": [0.00226691481657, 0.00350603484549, 0.00115017930511, 0.000470274855616, 0.000344121654052, 0.000304601038806, 0.000224834788241, 0.000210664584301, 0.000231206970057, 0.000220024827286, 0.000159160481417, 0.000140942167491, 9.25345666474e-05, 9.0567584266e-05, 6.96169227012e-05, 7.44775679777e-05, 8.76055419212e-05, 7.59909089538e-05, 6.31094080745e-05, 4.93271654705e-05, 7.69642938394e-05, 4.98108965985e-05, 4.46762678621e-05, 2.24313171202e-05, 2.43449267145e-05, 2.23374663619e-05, 1.66426598298e-05, 8.40216034703e-06, 6.21142453383e-06, 5.41789222552e-06, 4.28677913078e-06, 3.24813890984e-06, 2.87430225399e-06, 1.99133933165e-06, 1.58131240369e-06, 1.3031136632e-06, 1.35992070227e-06, 9.52287109612e-07, 9.30765111207e-07, 6.12882786299e-07],
        "stdev": [0.0029333147686, 0.00381836341694, 0.00115660147276, 0.000711935630534, 0.000447910046205, 0.000551410892513, 0.000340350903571, 0.000302794098388, 0.000421938690124, 0.000335022545187, 0.000234214661759, 0.000294497964205, 0.000223496434046, 0.000175732260686, 0.000176490662852, 0.000131444568979, 0.000148116989294, 0.000137845068821, 0.000135668422445, 7.24365818314e-05, 8.86493071448e-05, 6.3508610765e-05, 5.06133328599e-05, 2.17562428588e-05, 2.17716806219e-05, 1.94845852093e-05, 1.54205026774e-05, 1.13300475277e-05, 8.26842006063e-06, 6.95035714671e-06, 5.64376523471e-06, 4.68746156912e-06, 4.02286968892e-06, 2.67303767032e-06, 2.07635980587e-06, 1.7739565692e-06, 1.93891696654e-06, 1.26478403217e-06, 1.25739063606e-06, 8.52346715874e-07]
    },
    "melbands128": {
        "mean": [0.000190543898498, 0.00114484806545, 0.00337143195793, 0.00399631075561, 0.00370035273954, 0.00281647779047, 0.00135664117988, 0.000653332448564, 0.00067776592914, 0.000461498770164, 0.000387636595406, 0.000342925282894, 0.000376559066353, 0.000295755569823, 0.000314324977808, 0.000347340130247, 0.000162072305102, 0.000251065881457, 0.000198512279894, 0.00018937276036, 0.000183895623195, 0.000304170884192, 0.000207760676858, 0.0001676845568, 0.000244482595008, 0.000199099202291, 0.000273931393167, 0.000106744962977, 0.000109790264105, 0.000194458247279, 0.000130917076604, 7.94499137555e-05, 0.000109571235953, 7.1984497481e-05, 0.000103695238067, 9.19254744076e-05, 8.84013497853e-05, 5.44202885067e-05, 7.71326158429e-05, 6.5641834226e-05, 5.25055438629e-05, 0.000116271650768, 8.5950778157e-05, 7.78868343332e-05, 7.75347434683e-05, 7.08946754457e-05, 8.58816929394e-05, 5.97823054704e-05, 5.74062323722e-05, 5.54262696824e-05, 3.61745369446e-05, 5.10109639436e-05, 9.09446898731e-05, 8.76931662788e-05, 5.24631141161e-05, 3.45786611433e-05, 5.78599283472e-05, 5.99001505179e-05, 3.53272043867e-05, 2.61534987658e-05, 2.08994333661e-05, 2.07857046917e-05, 2.00074282475e-05, 2.5955534511e-05, 3.07369482471e-05, 2.14603951463e-05, 1.79912094609e-05, 1.91084072867e-05, 1.79769322131e-05, 1.14132617455e-05, 8.08006552688e-06, 6.87382680553e-06, 6.3609713834e-06, 5.73106262891e-06, 6.76461104376e-06, 5.55791211809e-06, 5.00600754094e-06, 4.31553507951e-06, 4.39792665929e-06, 4.16105285694e-06, 2.92025401905e-06, 3.22120990859e-06, 3.05890853269e-06, 3.09693405143e-06, 2.46699164563e-06, 1.98638690563e-06, 1.88486706065e-06, 1.80628239832e-06, 1.58724185439e-06, 1.47203911638e-06, 1.14192323508e-06, 1.13973896987e-06, 1.74510523721e-06, 1.42055569086e-06, 1.14291469799e-06, 1.00749059584e-06, 8.04426520062e-07, 1.00278543869e-06, 1.1542554148e-06, 7.40026791846e-07, 6.59814077153e-07, 6.26952783023e-07, 5.07948584527e-07, 4.84508120735e-07, 4.75226329399e-07, 4.26626883154e-07, 3.90715285903e-07, 3.30965747253e-07, 2.56564391066e-07, 2.25275101684e-07, 1.6284431581e-07, 1.24620285646e-07, 1.03756249814e-07, 1.07228835589e-07, 9.81552972235e-08, 9.0725357893e-08, 7.57427827125e-08, 1.77580421479e-08, 1.06544639777e-08, 8.84189166328e-09, 9.7877919103e-09, 6.7409500204e-09, 5.17644460629e-09, 1.23870624869e-09, 9.21685949784e-10, 6.1007182639e-10, 4.5086022589e-12, 4.47172463988e-12],
        "stdev": [0.000335836375598, 0.00172176852357, 0.00471220025793, 0.00547141768038, 0.00455205515027, 0.00330046261661, 0.00157238612883, 0.000847996852826, 0.00120646436699, 0.000964757520705, 0.000825111928862, 0.000517537177075, 0.000645158987027, 0.000672429916449, 0.000680278695654, 0.000863233872224, 0.000374252995243, 0.000504870957229, 0.000440617615823, 0.000432764616562, 0.000366620515706, 0.000557193416171, 0.000640503247268, 0.000480481568957, 0.000600656494498, 0.000337869045325, 0.000554839032702, 0.000198830341105, 0.000294241472147, 0.00051218084991, 0.000341177947121, 0.000304884772049, 0.000373310671421, 0.000154334804392, 0.000306000147248, 0.000214955551201, 0.000257036386756, 0.000250556506217, 0.000251480058068, 0.000189400278032, 0.000119969990919, 0.000294489291264, 0.000207688164664, 0.000150831925566, 0.000227146068937, 0.000177712412551, 0.000227783064474, 0.000196959881578, 0.00017306614609, 0.000141832671943, 7.46387668187e-05, 8.34624879644e-05, 0.000134218353196, 0.000126015336718, 8.66729387781e-05, 7.75155276642e-05, 9.17031720746e-05, 8.29426135169e-05, 4.74110129289e-05, 3.13890341204e-05, 2.41719390033e-05, 2.48399355769e-05, 2.35456409428e-05, 2.73890127573e-05, 3.16753357765e-05, 2.25888161367e-05, 1.98491416086e-05, 1.94903241209e-05, 2.00788163056e-05, 1.44279920278e-05, 1.41668360811e-05, 1.17929603221e-05, 1.02694575617e-05, 8.79074104887e-06, 9.93409048533e-06, 7.93031267676e-06, 7.42572501622e-06, 6.60605837766e-06, 6.26497148914e-06, 6.38538176645e-06, 5.06982632942e-06, 5.22375330547e-06, 4.994496976e-06, 4.87972920382e-06, 3.58393344868e-06, 2.91603396363e-06, 2.9274881399e-06, 2.68156622951e-06, 2.26807810577e-06, 2.16409989662e-06, 1.66275526681e-06, 1.8256561134e-06, 3.01791533275e-06, 2.44105513048e-06, 1.63126208008e-06, 1.4457503994e-06, 1.16511728265e-06, 1.68947030943e-06, 1.74575643541e-06, 1.02340641206e-06, 9.72240968622e-07, 9.58307282417e-07, 7.94537641013e-07, 7.56089264087e-07, 7.62036904689e-07, 7.21621290722e-07, 6.81042081396e-07, 5.29062333499e-07, 4.60087107967e-07, 4.24264129606e-07, 3.03140922142e-07, 2.25519031005e-07, 1.96127601271e-07, 1.97432612481e-07, 1.8180509187e-07, 1.69555164575e-07, 1.34210495162e-07, 7.71747394879e-08, 1.08714303337e-07, 7.27569968717e-08, 7.96487142907e-08, 6.51297256127e-08, 5.18344798195e-08, 1.82514146019e-08, 1.91980866759e-08, 1.41406530929e-08, 6.81390924587e-12, 6.77417713937e-12]
    },
    "mfcc": {
        "mean": [-630.338500977, 127.332054138, -9.20258045197, 25.1512699127, 12.9936971664, 2.73802852631, 4.29263734818, 8.11029148102, 5.90377283096, 5.23892211914, 3.05134177208, 0.498921453953, -0.300968170166],
        "cov": [[14920.4609375, -2149.91723633, -1571.50610352, 798.899536133, 32.0496864319, 174.261260986, 91.3130645752, 206.564193726, 205.935943604, 338.481231689, 210.911834717, 145.582077026, 70.1073989868], [-2149.91723633, 1326.96533203, 88.6139755249, -124.379272461, 8.14144420624, -101.248313904, -15.8397016525, -51.3721351624, -47.7465705872, -97.2794799805, -40.0128326416, -51.0075645447, -23.892288208], [-1571.50610352, 88.6139755249, 583.335205078, -96.1561660767, -62.1777839661, -0.168218359351, -33.7104759216, -41.6555023193, -28.61353302, -41.1442146301, -48.8071975708, -23.8717670441, 2.6669011116], [798.899536133, -124.379272461, -96.1561660767, 296.002624512, 38.2670783997, 19.895652771, 8.18109989166, -0.586547374725, 21.4628868103, 11.4286594391, 12.018948555, -1.4252243042, 7.52487468719], [32.0496864319, 8.14144420624, -62.1777839661, 38.2670783997, 129.563293457, 3.96991491318, 5.0807094574, 7.04519081116, 7.13602352142, 10.5901212692, 10.2375516891, 4.20652294159, 6.1934633255], [174.261260986, -101.248313904, -0.168218359351, 19.895652771, 3.96991491318, 87.0103759766, 31.7647304535, 18.4279556274, 4.37593364716, 8.49400424957, 6.92592573166, 10.7918491364, 2.35930562019], [91.3130645752, -15.8397016525, -33.7104759216, 8.18109989166, 5.0807094574, 31.7647304535, 91.4908294678, 45.7777519226, 12.8889846802, 7.00192546844, 15.7302312851, 14.6304626465, 6.27210378647], [206.564193726, -51.3721351624, -41.6555023193, -0.586547374725, 7.04519081116, 18.4279556274, 45.7777519226, 79.8174362183, 29.5141086578, 20.3121681213, 16.4337997437, 13.3444080353, 8.14240837097], [205.935943604, -47.7465705872, -28.61353302, 21.4628868103, 7.13602352142, 4.37593364716, 12.8889846802, 29.5141086578, 65.588684082, 37.8579368591, 11.3681926727, 4.25766611099, 4.85490036011], [338.481231689, -97.2794799805, -41.1442146301, 11.4286594391, 10.5901212692, 8.49400424957, 7.00192546844, 20.3121681213, 37.8579368591, 70.9932022095, 31.087146759, 13.1496210098, 5.05160903931], [210.911834717, -40.0128326416, -48.8071975708, 12.018948555, 10.2375516891, 6.92592573166, 15.7302312851, 16.4337997437, 11.3681926727, 31.087146759, 57.8092460632, 24.7452831268, 6.98154449463], [145.582077026, -51.0075645447, -23.8717670441, -1.4252243042, 4.20652294159, 10.7918491364, 14.6304626465, 13.3444080353, 4.25766611099, 13.1496210098, 24.7452831268, 49.1132240295, 20.3587303162], [70.1073989868, -23.892288208, 2.6669011116, 7.52487468719, 6.1934633255, 2.35930562019, 6.27210378647, 8.14240837097, 4.85490036011, 5.05160903931, 6.98154449463, 20.3587303162, 43.0477714539]],
        "icov": [[0.000144700781675, 0.000162761643878, 0.000333935342496, -0.000233160055359, 0.000208608660614, -4.39297618868e-05, 0.000101654244645, -0.000108876549348, 5.96878344368e-05, -0.000281857035588, 4.86459794047e-05, -1.76070352609e-05, -0.000120295859233], [0.000162761643878, 0.00116716010962, 0.000326085544657, 0.000114855763968, -7.96085878392e-05, 0.000955118972342, -0.000427541875979, 0.000333305128152, -0.000234670282225, 0.00101556116715, -0.000407160725445, 0.000703076191712, -5.83842811466e-05], [0.000333935342496, 0.000326085544657, 0.00286654033698, 4.34521898569e-05, 0.00121384172235, -0.000748736725654, 0.000572359538637, 0.000441520794993, 6.67940257699e-05, -0.000279708241578, 0.00105581828393, 0.000575702171773, -0.00126676936634], [-0.000233160055359, 0.000114855763968, 4.34521898569e-05, 0.00443731062114, -0.00124370993581, -0.000667933782097, -0.000494023552164, 0.00159917026758, -0.00188125052955, 0.00168311956804, -0.00106433418114, 0.00154529453721, -0.000893383985385], [0.000208608660614, -7.96085878392e-05, 0.00121384172235, -0.00124370993581, 0.00882178265601, -0.0005394105101, 0.000440356699983, -0.000504206982441, 0.000368943670765, -0.00137075316161, -0.000297327234875, 0.000296248210361, -0.00142281106673], [-4.39297618868e-05, 0.000955118972342, -0.000748736725654, -0.000667933782097, -0.0005394105101, 0.0149203436449, -0.00497622508556, -0.000523529131897, 0.00125535565894, -0.000688747619279, 0.000878071179613, -0.00186981842853, 0.00152987136971], [0.000101654244645, -0.000427541875979, 0.000572359538637, -0.000494023552164, 0.000440356699983, -0.00497622508556, 0.0177483521402, -0.00909166876227, 2.35984061874e-05, 0.00196291017346, -0.0021530459635, -0.00163610908203, -0.000118906988064], [-0.000108876549348, 0.000333305128152, 0.000441520794993, 0.00159917026758, -0.000504206982441, -0.000523529131897, -0.00909166876227, 0.0218212604523, -0.00769069138914, 0.000659989018459, -0.00144382403232, -0.000301838328596, -0.00147932500113], [5.96878344368e-05, -0.000234670282225, 6.67940257699e-05, -0.00188125052955, 0.000368943670765, 0.00125535565894, 2.35984061874e-05, -0.00769069138914, 0.026418466121, -0.0143234720454, 0.00413409713656, 0.00126753782388, -0.00114193314221], [-0.000281857035588, 0.00101556116715, -0.000279708241578, 0.00168311956804, -0.00137075316161, -0.000688747619279, 0.00196291017346, 0.000659989018459, -0.0143234720454, 0.0292534790933, -0.0126016587019, 0.000915893935598, 0.000363055441994], [4.86459794047e-05, -0.000407160725445, 0.00105581828393, -0.00106433418114, -0.000297327234875, 0.000878071179613, -0.0021530459635, -0.00144382403232, 0.00413409713656, -0.0126016587019, 0.0297914016992, -0.0121829183772, 0.00233953376301], [-1.76070352609e-05, 0.000703076191712, 0.000575702171773, 0.00154529453721, 0.000296248210361, -0.00186981842853, -0.00163610908203, -0.000301838328596, 0.00126753782388, 0.000915893935598, -0.0121829183772, 0.0339530743659, -0.0138636967167], [-0.000120295859233, -5.83842811466e-05, -0.00126676936634, -0.000893383985385, -0.00142281106673, 0.00152987136971, -0.000118906988064, -0.00147932500113, -0.00114193314221, 0.000363055441994, 0.00233953376301, -0.0138636967167, 0.0303095150739]]
    },
    "spectral_contrast_coeffs": {
        "mean": [-0.732450783253, -0.777846813202, -0.778947412968, -0.800571918488, -0.787337064743, -0.772162914276],
        "stdev": [0.0570919699967, 0.0584591142833, 0.0547474212945, 0.0436152145267, 0.0356229357421, 0.0481011644006]
    },
    "spectral_contrast_valleys": {
        "mean": [-6.452293396, -6.57778072357, -7.11952972412, -7.19522619247, -7.39815092087, -10.3973522186],
        "stdev": [1.08181488514, 1.1924649477, 1.28312754631, 1.49609959126, 1.78647446632, 1.76536715031]
    }
},
"rhythm": {
    "beats_count": 654,
    "beats_loudness": {
        "mean": 0.0414584875107,
        "stdev": 0.0227956753224
    },
    "bpm": 156.399398804,
    "bpm_histogram_first_peak_bpm": 157,
    "bpm_histogram_first_peak_weight": 0.306506812572,
    "bpm_histogram_second_peak_bpm": 162,
    "bpm_histogram_second_peak_spread": 0,
    "bpm_histogram_second_peak_weight": 0.0352220535278,
    "danceability": 1.0033249855,
    "onset_rate": 2.74336242676,
    "beats_loudness_band_ratio": {
        "mean": [0.532770097256, 0.144333392382, 0.124424993992, 0.0975732281804, 0.101716466248, 0.0463367439806],
        "stdev": [0.204754889011, 0.126291513443, 0.0938988551497, 0.0886624082923, 0.0876514315605, 0.0329435057938]
    },
    "beats_position": [0.325079351664, 0.673378646374, 1.04489791393, 1.4164172411, 1.78793644905, 2.15945577621, 2.54258489609, 2.92571425438, 3.29723358154, 3.68036270142, 4.06349182129, 4.446621418, 4.81814050674, 5.20126962662, 5.58439922333, 5.9675283432, 6.35065746307, 6.72217655182, 7.10530614853, 7.47682523727, 7.85995435715, 8.23147392273, 8.6146030426, 8.99773216248, 9.38086128235, 9.75238037109, 10.1355104446, 10.5186395645, 10.8901586533, 11.261677742, 11.6448068619, 12.0279359818, 12.4110651016, 12.7941951752, 13.1657142639, 13.5372333527, 13.9203624725, 14.3034915924, 14.6866207123, 15.0697498322, 15.4528799057, 15.8360090256, 16.2075271606, 16.5906581879, 16.9621772766, 17.3453063965, 17.7284355164, 18.1115646362, 18.483083725, 18.8546028137, 19.2377319336, 19.6208610535, 20.0039901733, 20.3871192932, 20.758638382, 21.1301574707, 21.5016784668, 21.8964176178, 22.2795467377, 22.6626758575, 23.0458049774, 23.4289340973, 23.8120632172, 24.195192337, 24.5667114258, 24.9498405457, 25.3329696655, 25.7044887543, 26.0876178741, 26.470746994, 26.8422679901, 27.2137870789, 27.5969161987, 27.9800453186, 28.3631744385, 28.7463035583, 29.1178226471, 29.500951767, 29.8840808868, 30.2555999756, 30.6387290955, 31.0218582153, 31.3933773041, 31.7648983002, 32.1364173889, 32.5311546326, 32.9142837524, 33.2974128723, 33.6805419922, 34.0636711121, 34.4351921082, 34.8067131042, 35.1898422241, 35.572971344, 35.9444885254, 36.3160095215, 36.6991386414, 37.0822677612, 37.4653968811, 37.848526001, 38.2200431824, 38.6031723022, 38.9863014221, 39.3578224182, 39.7293434143, 40.1124725342, 40.4956016541, 40.8787307739, 41.2618598938, 41.6449890137, 42.0165061951, 42.3996353149, 42.771156311, 43.1542854309, 43.5374145508, 43.9205436707, 44.3036727905, 44.6751937866, 45.0583229065, 45.4414520264, 45.8129692078, 46.1844902039, 46.5676193237, 46.9507484436, 47.3338775635, 47.7170066833, 48.1001358032, 48.4832649231, 48.8547821045, 49.2263031006, 49.6094322205, 49.9925613403, 50.3756904602, 50.7588195801, 51.1419487, 51.5250778198, 51.8965988159, 52.2797279358, 52.6512451172, 53.0343742371, 53.4058952332, 53.8006324768, 54.1837615967, 54.5668907166, 54.9384117126, 55.3215408325, 55.7046699524, 56.0877990723, 56.4709281921, 56.8424491882, 57.2255783081, 57.608707428, 57.9802246094, 58.3517456055, 58.7348747253, 59.1180038452, 59.5011329651, 59.884262085, 60.2557830811, 60.6273002625, 61.0104293823, 61.3935585022, 61.7766876221, 62.1598167419, 62.531337738, 62.9260749817, 63.2975959778, 63.6691131592, 64.0406341553, 64.4237594604, 64.806892395, 65.1900177002, 65.5731506348, 65.9446716309, 66.327796936, 66.7109298706, 67.0824508667, 67.4655761719, 67.8487091064, 68.2202224731, 68.6033554077, 68.9864807129, 69.3696136475, 69.7527389526, 70.1242599487, 70.4957809448, 70.8789138794, 71.2620391846, 71.6451721191, 72.0282974243, 72.3998184204, 72.7829437256, 73.1660766602, 73.5492019653, 73.9323348999, 74.303855896, 74.6869812012, 75.0701141357, 75.4416275024, 75.824760437, 76.2078933716, 76.5794067383, 76.9625396729, 77.345664978, 77.7287979126, 78.1119232178, 78.4834442139, 78.85496521, 79.2380905151, 79.6212234497, 80.0043487549, 80.3874816895, 80.7590026855, 81.1421279907, 81.5252609253, 81.8967819214, 82.2799072266, 82.6630401611, 83.0345535278, 83.4060745239, 83.7892074585, 84.1723327637, 84.5554656982, 84.9385910034, 85.321723938, 85.7048492432, 86.0763702393, 86.4595031738, 86.8310165405, 87.2141494751, 87.5856704712, 87.9687957764, 88.3519287109, 88.7350540161, 89.1181869507, 89.4897003174, 89.872833252, 90.2559585571, 90.6274795532, 91.0106124878, 91.393737793, 91.7652587891, 92.1367797852, 92.5083007812, 92.8914260864, 93.274559021, 93.6576843262, 94.0408172607, 94.4239425659, 94.8070755005, 95.1902008057, 95.5733337402, 95.9448471069, 96.3279800415, 96.6995010376, 97.0826263428, 97.4657592773, 97.8488845825, 98.2320175171, 98.6151428223, 99.0098876953, 99.381401062, 99.7529220581, 100.124443054, 100.507568359, 100.890701294, 101.26222229, 101.645347595, 102.02848053, 102.400001526, 102.771514893, 103.143035889, 103.514556885, 103.89768219, 104.280815125, 104.675552368, 105.058685303, 105.441810608, 105.813331604, 106.196456909, 106.567977905, 106.95111084, 107.334236145, 107.71736908, 108.100494385, 108.483627319, 108.855148315, 109.226661682, 109.609794617, 109.992919922, 110.387664795, 110.7707901, 111.142311096, 111.525436401, 111.896957397, 112.280090332, 112.651611328, 113.034736633, 113.417869568, 113.812606812, 114.195732117, 114.567253113, 114.938774109, 115.310295105, 115.69342041, 116.076553345, 116.45967865, 116.842811584, 117.214332581, 117.585845947, 117.968978882, 118.352104187, 118.723625183, 119.118362427, 119.5131073, 119.884620667, 120.256141663, 120.639274597, 121.022399902, 121.405532837, 121.788658142, 122.160179138, 122.554916382, 122.926437378, 123.297958374, 123.66947937, 124.064216614, 124.43573761, 124.818862915, 125.20199585, 125.585121155, 125.968254089, 126.339767456, 126.711288452, 127.106025696, 127.477546692, 127.849067688, 128.232192993, 128.615325928, 128.986846924, 129.35836792, 129.741500854, 130.12461853, 130.507751465, 130.890884399, 131.262405396, 131.645523071, 132.028656006, 132.400177002, 132.771697998, 133.154830933, 133.537963867, 133.921081543, 134.304214478, 134.675735474, 135.058868408, 135.441986084, 135.81350708, 136.196640015, 136.579772949, 136.962905884, 137.34602356, 137.717544556, 138.10067749, 138.483810425, 138.855331421, 139.238449097, 139.621582031, 139.993103027, 140.376235962, 140.759368896, 141.130874634, 141.514007568, 141.897140503, 142.268661499, 142.651794434, 143.034912109, 143.418045044, 143.801177979, 144.172698975, 144.555831909, 144.938949585, 145.310470581, 145.681991577, 146.065124512, 146.448257446, 146.831375122, 147.214508057, 147.586029053, 147.969161987, 148.352294922, 148.723800659, 149.118545532, 149.490066528, 149.873199463, 150.256317139, 150.627838135, 151.010971069, 151.394104004, 151.765625, 152.137145996, 152.520263672, 152.903396606, 153.286529541, 153.658050537, 154.041183472, 154.424301147, 154.807434082, 155.178955078, 155.562088013, 155.945205688, 156.316726685, 156.699859619, 157.082992554, 157.45451355, 157.826034546, 158.209152222, 158.592285156, 158.975418091, 159.358551025, 159.741668701, 160.124801636, 160.50793457, 160.891067505, 161.262588501, 161.634094238, 162.005615234, 162.388748169, 162.771881104, 163.155014038, 163.538131714, 163.921264648, 164.304397583, 164.675918579, 165.047439575, 165.430557251, 165.813690186, 166.19682312, 166.579956055, 166.96307373, 167.346206665, 167.717727661, 168.089248657, 168.460769653, 168.843902588, 169.227020264, 169.610153198, 169.993286133, 170.376419067, 170.759536743, 171.131057739, 171.502578735, 171.88571167, 172.268844604, 172.65196228, 173.023483276, 173.406616211, 173.789749146, 174.17288208, 174.544403076, 174.927520752, 175.310653687, 175.70539856, 176.076919556, 176.460037231, 176.843170166, 177.226303101, 177.597824097, 177.969345093, 178.352462769, 178.735595703, 179.118728638, 179.490249634, 179.86177063, 180.244888306, 180.62802124, 181.011154175, 181.394287109, 181.765808105, 182.148925781, 182.532058716, 182.91519165, 183.298324585, 183.669830322, 184.041351318, 184.436096191, 184.819229126, 185.202362061, 185.585479736, 185.968612671, 186.351745605, 186.73487854, 187.106384277, 187.477905273, 187.861038208, 188.244171143, 188.615692139, 188.987213135, 189.358734131, 189.741851807, 190.124984741, 190.508117676, 190.89125061, 191.274368286, 191.657501221, 192.029022217, 192.412155151, 192.795272827, 193.166793823, 193.549926758, 193.933059692, 194.316192627, 194.699310303, 195.070831299, 195.453964233, 195.837097168, 196.220230103, 196.603347778, 196.974868774, 197.358001709, 197.741134644, 198.124252319, 198.507385254, 198.87890625, 199.262039185, 199.645172119, 200.016693115, 200.388198853, 200.759719849, 201.131240845, 201.502761841, 201.885894775, 202.26902771, 202.652145386, 203.03527832, 203.418411255, 203.801544189, 204.184661865, 204.5677948, 204.950927734, 205.334060669, 205.705581665, 206.077087402, 206.448608398, 206.831741333, 207.214874268, 207.586395264, 207.969512939, 208.352645874, 208.72416687, 209.107299805, 209.478820801, 209.861953735, 210.233459473, 210.616592407, 210.999725342, 211.382858276, 211.765975952, 212.149108887, 212.532241821, 212.903762817, 213.286895752, 213.670013428, 214.041534424, 214.424667358, 214.807800293, 215.202529907, 215.585662842, 215.968795776, 216.340316772, 216.711837769, 217.083358765, 217.46647644, 217.849609375, 218.221130371, 218.592651367, 218.975784302, 219.358901978, 219.730422974, 220.10194397, 220.485076904, 220.868209839, 221.251327515, 221.634460449, 222.017593384, 222.400726318, 222.783843994, 223.166976929, 223.550109863, 223.933242798, 224.304763794, 224.676269531, 225.059402466, 225.4425354, 225.814056396, 226.185577393, 226.568710327, 226.951828003, 227.334960938, 227.718093872, 228.101226807, 228.484344482, 228.855865479, 229.238998413, 229.610519409, 229.993652344, 230.388381958, 230.771514893, 231.154647827, 231.526168823, 231.897689819, 232.269195557, 232.652328491, 233.035461426, 233.41859436, 233.801712036, 234.173233032, 234.544754028, 234.927886963, 235.311019897, 235.694152832, 236.077270508, 236.460403442, 236.843536377, 237.226669312, 237.609786987, 237.992919922, 238.387664795, 238.794006348, 239.200363159, 239.61831665, 240.024673462, 240.442626953, 240.89541626, 241.348205566, 241.812606812, 242.277008057, 242.741394043, 243.19418335, 243.646972656, 244.099761963, 244.55255127, 245.005340576, 245.458129883, 245.922531128, 246.386932373, 246.862945557, 247.33895874, 247.814956665, 248.290969849, 248.766983032, 249.242996216, 249.718994141, 250.206619263],
    "bpm_histogram": [0, 0, 0, 0, 0, 0, 0, 0, 0, 0, 0, 0, 0, 0, 0, 0, 0, 0, 0, 0, 0, 0, 0, 0, 0, 0, 0, 0, 0, 0, 0, 0, 0, 0, 0, 0, 0, 0, 0, 0, 0, 0, 0, 0, 0, 0, 0, 0, 0, 0, 0, 0, 0, 0, 0, 0, 0, 0, 0, 0, 0, 0, 0, 0, 0, 0, 0, 0, 0, 0, 0, 0, 0, 0, 0, 0, 0, 0, 0, 0, 0, 0, 0, 0, 0, 0, 0, 0, 0, 0, 0, 0, 0, 0, 0, 0, 0, 0, 0, 0, 0, 0, 0, 0, 0, 0, 0, 0, 0, 0, 0, 0, 0, 0, 0, 0, 0, 0, 0, 0, 0, 0, 0, 0.00153139361646, 0, 0, 0.0107197547331, 0, 0, 0.00765696773306, 0, 0, 0, 0.0122511489317, 0, 0, 0, 0, 0, 0, 0, 0, 0, 0, 0.00306278723292, 0, 0, 0, 0.00459418073297, 0, 0, 0, 0.0290964785963, 0, 0, 0, 0, 0.620214402676, 0, 0, 0, 0.274119436741, 0.0352220535278, 0, 0, 0, 0, 0, 0, 0, 0, 0, 0.00153139361646, 0, 0, 0, 0, 0, 0, 0, 0, 0, 0, 0, 0, 0, 0, 0, 0, 0, 0, 0, 0, 0, 0, 0, 0, 0, 0, 0, 0, 0, 0, 0, 0, 0, 0, 0, 0, 0, 0, 0, 0, 0, 0, 0, 0, 0, 0, 0, 0, 0, 0, 0, 0, 0, 0, 0, 0, 0, 0, 0, 0, 0, 0, 0, 0, 0, 0, 0, 0, 0, 0, 0, 0, 0, 0, 0, 0, 0]
},
"tonal": {
    "chords_changes_rate": 0.0557304210961,
    "chords_number_rate": 0.00203665997833,
    "chords_strength": {
        "mean": 0.497993707657,
        "stdev": 0.086618989706
    },
    "hpcp_crest": {
        "mean": 12.3746452332,
        "stdev": 5.53029251099
    },
    "hpcp_entropy": {
        "mean": 2.16909885406,
        "stdev": 0.694912910461
    },
    "key_edma": {
        "strength": 0.799048602581,
        "key": "G",
        "scale": "major"
    },
    "key_krumhansl": {
        "strength": 0.784803211689,
        "key": "G",
        "scale": "major"
    },
    "key_temperley": {
        "strength": 0.757280766964,
        "key": "G",
        "scale": "major"
    },
    "tuning_diatonic_strength": 0.530719518661,
    "tuning_equal_tempered_deviation": 0.0697200447321,
    "tuning_frequency": 440.763122559,
    "tuning_nontempered_energy_ratio": 0.690971553326,
    "hpcp": {
        "mean": [0.175930455327, 0.110998518765, 0.064411021769, 0.066085934639, 0.0970255210996, 0.245923429728, 0.304929822683, 0.179160371423, 0.0942945331335, 0.0657781809568, 0.0597979389131, 0.117997400463, 0.164914667606, 0.136424422264, 0.214860409498, 0.3203330338, 0.22109593451, 0.0878276452422, 0.05359563604, 0.0497006177902, 0.082551330328, 0.118143744767, 0.0858282223344, 0.052522379905, 0.0472875200212, 0.0441859178245, 0.152542248368, 0.206156462431, 0.12942533195, 0.187235593796, 0.217763915658, 0.122574411333, 0.0808674767613, 0.0790889114141, 0.0794347152114, 0.136419743299],
