{
"metadata": {
    "version": {
        "essentia": "2.1-dev",
        "essentia_git_sha": "v2.1_beta3-415-gd5473f3",
        "extractor": "music 2.0"
    },
    "audio_properties": {
        "analysis": {
            "equal_loudness": 0,
            "length": 253.518371582,
            "sample_rate": 44100,
            "start_time": 0,
            "downmix": "mix"
        },
        "bit_rate": 192000,
        "length": 253.518371582,
        "lossless": 0,
        "number_channels": 2,
        "replay_gain": -11.8068275452,
        "sample_rate": 44100,
        "codec": "mp3",
        "md5_encoded": "6290f3eb3e6e2b1343a7cfb2963d60b8"
    },
    "tags": {
        "file_name": "him-pretending_cosmic_pope_jam_version.mp3",
        "album": ["Pretending (Maxi)"],
        "artist": ["HIM"],
        "genre": ["Other"],
        "title": ["Pretending (Cosmic Pope Jam version)"]
    }
},
"lowlevel": {
    "average_loudness": 0.953847467899,
    "barkbands_crest": {
        "mean": 8.79454421997,
        "stdev": 4.43087720871
    },
    "barkbands_flatness_db": {
        "mean": 0.0981801822782,
        "stdev": 0.0477585308254
    },
    "barkbands_kurtosis": {
        "mean": 2.30047893524,
        "stdev": 8.34602165222
    },
    "barkbands_skewness": {
        "mean": 1.21789944172,
        "stdev": 1.25524497032
    },
    "barkbands_spread": {
        "mean": 34.2608261108,
        "stdev": 13.7201156616
    },
    "dissonance": {
        "mean": 0.479976892471,
        "stdev": 0.0170332975686
    },
    "dynamic_complexity": 2.18136501312,
    "erbbands_crest": {
        "mean": 7.21137619019,
        "stdev": 3.19937252998
    },
    "erbbands_flatness_db": {
        "mean": 0.126553893089,
        "stdev": 0.0289130415767
    },
    "erbbands_kurtosis": {
        "mean": -0.0939401462674,
        "stdev": 1.28265476227
    },
    "erbbands_skewness": {
        "mean": -0.320586115122,
        "stdev": 0.549028098583
    },
    "erbbands_spread": {
        "mean": 44.9186973572,
        "stdev": 16.8829250336
    },
    "hfc": {
        "mean": 29.7107276917,
        "stdev": 18.5373287201
    },
    "loudness_ebu128": {
        "integrated": -11.0324897766,
        "loudness_range": 3.698595047,
        "momentary": {
            "mean": -11.8363904953,
            "stdev": 5.38496446609
        },
        "short_term": {
            "mean": -11.3676319122,
            "stdev": 2.09496378899
        }
    },
    "melbands_crest": {
        "mean": 13.7290897369,
        "stdev": 5.36619710922
    },
    "melbands_flatness_db": {
        "mean": 0.15653064847,
        "stdev": 0.0638414621353
    },
    "melbands_kurtosis": {
        "mean": 13.4989299774,
        "stdev": 24.7951068878
    },
    "melbands_skewness": {
        "mean": 2.77410006523,
        "stdev": 1.86494112015
    },
    "melbands_spread": {
        "mean": 35.3322143555,
        "stdev": 20.8663234711
    },
    "pitch_salience": {
        "mean": 0.538782298565,
        "stdev": 0.118724524975
    },
    "silence_rate_20dB": {
        "mean": 1,
        "stdev": 0
    },
    "silence_rate_30dB": {
        "mean": 1,
        "stdev": 0
    },
    "silence_rate_60dB": {
        "mean": 0.0213369969279,
        "stdev": 0.144501432776
    },
    "spectral_centroid": {
        "mean": 1936.17724609,
        "stdev": 713.030883789
    },
    "spectral_complexity": {
        "mean": 28.3647441864,
        "stdev": 12.0752077103
    },
    "spectral_decrease": {
        "mean": -6.59502985556e-09,
        "stdev": 2.61267074642e-09
    },
    "spectral_energy": {
        "mean": 0.0275861080736,
        "stdev": 0.0106357540935
    },
    "spectral_energyband_high": {
        "mean": 0.00156615767628,
        "stdev": 0.00134408858139
    },
    "spectral_energyband_low": {
        "mean": 0.0109924515709,
        "stdev": 0.00905764661729
    },
    "spectral_energyband_middle_high": {
        "mean": 0.00709589105099,
        "stdev": 0.00558460177854
    },
    "spectral_energyband_middle_low": {
        "mean": 0.00896173808724,
        "stdev": 0.0054223597981
    },
    "spectral_entropy": {
        "mean": 7.88308143616,
        "stdev": 0.275405883789
    },
    "spectral_flux": {
        "mean": 0.0836991146207,
        "stdev": 0.0339407138526
    },
    "spectral_kurtosis": {
        "mean": 2.97510719299,
        "stdev": 1.32189714909
    },
    "spectral_rms": {
        "mean": 0.00506002735347,
        "stdev": 0.00114430033136
    },
    "spectral_rolloff": {
        "mean": 2228.78320312,
        "stdev": 1734.87438965
    },
    "spectral_skewness": {
        "mean": 1.21366024017,
        "stdev": 0.242580011487
    },
    "spectral_spread": {
        "mean": 4892813.5,
        "stdev": 2341844
    },
    "spectral_strongpeak": {
        "mean": 0.799050867558,
        "stdev": 1.38169360161
    },
    "zerocrossingrate": {
        "mean": 0.0803926885128,
        "stdev": 0.0427551604807
    },
    "barkbands": {
        "mean": [4.90817874379e-05, 0.00580070214346, 0.00420882273465, 0.0017577415565, 0.00225588469766, 0.00103376654442, 0.00122066750191, 0.00118191237561, 0.00133686966728, 0.000510575482622, 0.000316105695674, 0.000706754100975, 0.000400533288484, 0.000824487244245, 0.000539751839824, 0.0010322596645, 0.00124654651154, 0.000525647308677, 0.000765066186432, 0.000577534839977, 0.000374142546207, 0.000245914357947, 0.000230574631132, 0.000207900127862, 0.000161274627317, 6.57898272038e-05, 9.80242475634e-06],
        "stdev": [9.52106202021e-05, 0.00711733102798, 0.00431354809552, 0.00176621344872, 0.00226330338046, 0.00110839761328, 0.00170480785891, 0.00182933197357, 0.00188145192806, 0.00090251857182, 0.000495986547321, 0.00134412862826, 0.000593589385971, 0.00108256959356, 0.000746867095586, 0.00148020416964, 0.00175641290843, 0.00064513500547, 0.000812288606539, 0.000480848451843, 0.000330059032422, 0.000255705439486, 0.000310841453029, 0.000359031138942, 0.00031973226578, 0.000166284080478, 1.86837405636e-05]
    },
    "erbbands": {
        "mean": [0.113891750574, 1.50801169872, 4.56178426743, 5.83253479004, 7.65797472, 6.54549503326, 6.18159246445, 9.76035881042, 15.2161359787, 22.2023143768, 28.5555896759, 29.3426055908, 20.9231262207, 13.0944499969, 19.7770195007, 23.6208610535, 19.2419109344, 34.7914924622, 35.3875389099, 32.032119751, 67.9631347656, 72.9891662598, 32.4666404724, 41.8696250916, 32.7477302551, 25.8600769043, 15.3739242554, 15.2484359741, 8.75488567352, 7.53270959854, 6.25091695786, 4.70202875137, 3.29949378967, 2.06723451614, 0.992092907429, 0.324395686388, 0.109746389091, 0.0322284251451, 0.000801550748292, 5.56207887712e-05],
        "stdev": [0.151328727603, 1.81245267391, 4.50577068329, 5.1406545639, 7.81170606613, 6.99169254303, 6.68176460266, 10.9798326492, 22.0463142395, 31.6403541565, 41.0683059692, 42.8399658203, 36.7566070557, 16.9748935699, 32.5333099365, 37.5445976257, 24.8862609863, 47.9576301575, 45.7554626465, 36.6777915955, 94.9064254761, 105.248443604, 36.6554069519, 47.9791717529, 28.5915679932, 22.1274642944, 13.0947771072, 13.5427656174, 8.8463010788, 9.38868141174, 8.67173099518, 7.15832233429, 6.58768749237, 4.17754411697, 2.0243537426, 0.789190173149, 0.304575920105, 0.0696696192026, 0.00155792734586, 4.55156405224e-05]
    },
    "gfcc": {
        "mean": [36.8629302979, 71.8237533569, -117.184303284, 48.9935112, -51.3892288208, 13.8998012543, -37.2164268494, 14.7824745178, -20.3146381378, 2.33595442772, -18.6197566986, -2.77191781998, -15.6157407761],
        "cov": [[8696.93554688, -472.909942627, -665.719177246, -115.380783081, -385.12487793, 80.3390884399, -303.221130371, 67.279624939, -207.599121094, 126.642799377, -225.744415283, 1.25109648705, -197.106399536], [-472.909942627, 780.639465332, -163.444839478, 139.342163086, 78.7300491333, -66.9741134644, 142.064361572, -36.7479629517, 113.919815063, -59.7088851929, 115.973556519, -48.2696685791, 65.8414916992], [-665.719177246, -163.444839478, 594.954467773, 20.9200763702, 64.5027923584, 95.3752670288, -2.29359292984, 42.8095474243, -9.91185379028, 43.6580352783, 14.9022359848, 54.6637496948, 5.06500911713], [-115.380783081, 139.342163086, 20.9200763702, 227.940811157, 57.6434593201, 12.8555717468, 12.6794233322, -13.0193910599, 32.015750885, -22.7299976349, 49.2042007446, 5.99834060669, 48.8657569885], [-385.12487793, 78.7300491333, 64.5027923584, 57.6434593201, 200.262619019, 3.97239661217, 54.9604377747, 7.06873464584, 5.23626995087, 14.3191299438, 15.2488956451, 32.8197135925, 27.6769218445], [80.3390884399, -66.9741134644, 95.3752670288, 12.8555717468, 3.97239661217, 128.258148193, 21.4710559845, 27.9393806458, -6.5890378952, 9.57380008698, 14.2721233368, 9.66988277435, -8.97463798523], [-303.221130371, 142.064361572, -2.29359292984, 12.6794233322, 54.9604377747, 21.4710559845, 149.732833862, 19.7404079437, 16.1794586182, -14.6230735779, 28.0470561981, 12.6189584732, 6.49879312515], [67.279624939, -36.7479629517, 42.8095474243, -13.0193910599, 7.06873464584, 27.9393806458, 19.7404079437, 78.6243743896, 22.1453742981, 18.2626304626, -6.59772968292, 1.07530713081, -0.184999346733], [-207.599121094, 113.919815063, -9.91185379028, 32.015750885, 5.23626995087, -6.5890378952, 16.1794586182, 22.1453742981, 107.01348877, 23.7738628387, 31.3405017853, -30.507982254, 5.68796348572], [126.642799377, -59.7088851929, 43.6580352783, -22.7299976349, 14.3191299438, 9.57380008698, -14.6230735779, 18.2626304626, 23.7738628387, 78.7148132324, 9.97733783722, 2.69367074966, -16.0996627808], [-225.744415283, 115.973556519, 14.9022359848, 49.2042007446, 15.2488956451, 14.2721233368, 28.0470561981, -6.59772968292, 31.3405017853, 9.97733783722, 87.3317871094, 16.1465988159, 18.7005310059], [1.25109648705, -48.2696685791, 54.6637496948, 5.99834060669, 32.8197135925, 9.66988277435, 12.6189584732, 1.07530713081, -30.507982254, 2.69367074966, 16.1465988159, 80.2332382202, 21.0978565216], [-197.106399536, 65.8414916992, 5.06500911713, 48.8657569885, 27.6769218445, -8.97463798523, 6.49879312515, -0.184999346733, 5.68796348572, -16.0996627808, 18.7005310059, 21.0978565216, 65.9705810547]],
        "icov": [[0.00022132328013, -0.000249259523116, 0.00034135565511, -0.00032894461765, 0.000415979331592, -0.000375348434318, 0.000433181587141, -0.000468429672765, 0.000574967183638, -0.000788813049439, 0.000709924905095, -0.000605894718319, 0.000608371803537], [-0.000249259523116, 0.00355643872172, -2.94389155897e-05, 7.81510389061e-05, -0.00128432025667, 0.00186726264656, -0.00276986439712, 0.00168045959435, -0.00247518485412, 0.00292967702262, -0.00403479207307, 0.00323295057751, -0.00224124104716], [0.00034135565511, -2.94389155897e-05, 0.00273443758488, -0.00066235678969, 1.38406485348e-05, -0.00182460958604, 0.000956048956141, -0.00121075066272, 0.000707613362465, -0.00168087263592, 0.000816310872324, -0.00182082655374, 0.000858058163431], [-0.00032894461765, 7.81510389061e-05, -0.00066235678969, 0.00719988858327, -0.00240943580866, -0.000820196117274, 0.000711708911695, 0.00174279289786, -0.00248744478449, 0.00362285017036, -0.0034060953185, 0.00157020345796, -0.00394707499072], [0.000415979331592, -0.00128432025667, 1.38406485348e-05, -0.00240943580866, 0.00810182932764, -0.000270856107818, -0.00170658982825, -0.000565152440686, 0.00187226233538, -0.00498297205195, 0.00387466629036, -0.00342464004643, -0.000341592298355], [-0.000375348434318, 0.00186726264656, -0.00182460958604, -0.000820196117274, -0.000270856107818, 0.0117942504585, -0.00299696531147, -0.00247632712126, 0.000831684854347, 0.00185069360305, -0.00493627833202, 0.0026945550926, 0.000686442304868], [0.000433181587141, -0.00276986439712, 0.000956048956141, 0.000711708911695, -0.00170658982825, -0.00299696531147, 0.0119196176529, -0.00435749068856, 0.000946190848481, 0.00142403342761, 0.000223818831728, -0.00392996612936, 0.00403929129243], [-0.000468429672765, 0.00168045959435, -0.00121075066272, 0.00174279289786, -0.000565152440686, -0.00247632712126, -0.00435749068856, 0.0191960502416, -0.00686663854867, -0.000837624829728, 0.0025099683553, 0.000754504697397, -0.00445656385273], [0.000574967183638, -0.00247518485412, 0.000707613362465, -0.00248744478449, 0.00187226233538, 0.000831684854347, 0.000946190848481, -0.00686663854867, 0.018994724378, -0.00810215901583, -0.00218219286762, 0.00506538804621, 0.000575234822463], [-0.000788813049439, 0.00292967702262, -0.00168087263592, 0.00362285017036, -0.00498297205195, 0.00185069360305, 0.00142403342761, -0.000837624829728, -0.00810215901583, 0.0232961084694, -0.00820561125875, 0.00134484097362, 0.00264419941232], [0.000709924905095, -0.00403479207307, 0.000816310872324, -0.0034060953185, 0.00387466629036, -0.00493627833202, 0.000223818831728, 0.0025099683553, -0.00218219286762, -0.00820561125875, 0.0239768084139, -0.00935648567975, 0.000677442818414], [-0.000605894718319, 0.00323295057751, -0.00182082655374, 0.00157020345796, -0.00342464004643, 0.0026945550926, -0.00392996612936, 0.000754504697397, 0.00506538804621, 0.00134484097362, -0.00935648567975, 0.0232964847237, -0.00877427216619], [0.000608371803537, -0.00224124104716, 0.000858058163431, -0.00394707499072, -0.000341592298355, 0.000686442304868, 0.00403929129243, -0.00445656385273, 0.000575234822463, 0.00264419941232, 0.000677442818414, -0.00877427216619, 0.0251066423953]]
    },
    "melbands": {
        "mean": [0.00136069278233, 0.00234648655169, 0.00109229283407, 0.000538623309694, 0.000225439682254, 0.000220369023737, 0.000233473838307, 0.000250211684033, 0.000242499634624, 0.000176006418769, 0.000101850979263, 5.30256875209e-05, 5.65025111428e-05, 8.26001632959e-05, 4.7409448598e-05, 4.22845296271e-05, 6.88424479449e-05, 6.20749415248e-05, 3.97723852075e-05, 4.85828459205e-05, 8.36860854179e-05, 8.08975964901e-05, 4.2184117774e-05, 2.36420492001e-05, 3.6155583075e-05, 2.47134739766e-05, 2.23352908506e-05, 1.63125805557e-05, 9.70422843238e-06, 9.60901979852e-06, 8.46826060297e-06, 5.17352646057e-06, 4.15793419961e-06, 4.22406537837e-06, 3.74630144506e-06, 3.09245274366e-06, 2.76752916761e-06, 2.30686009672e-06, 2.10483062801e-06, 1.62756975897e-06],
        "stdev": [0.001709092292, 0.00217132898979, 0.000846642418765, 0.000568200601265, 0.000229717246839, 0.000240246168687, 0.000317536585499, 0.000348205619957, 0.000344305153703, 0.000257395440713, 0.000186075500096, 7.48893726268e-05, 8.49053831189e-05, 0.000176192901563, 7.41683834349e-05, 6.06524990872e-05, 0.000100746292446, 8.68743518367e-05, 5.37421292393e-05, 6.71896632412e-05, 0.000122186203953, 0.000132132772706, 6.06285611866e-05, 3.00147148664e-05, 4.44508477813e-05, 2.64590507868e-05, 2.11070637306e-05, 1.4791792637e-05, 9.20326601772e-06, 9.47494027059e-06, 7.75841544964e-06, 5.35805293111e-06, 5.33680577064e-06, 5.72083899897e-06, 5.31405066795e-06, 4.92138360642e-06, 4.39940322394e-06, 4.7144835662e-06, 4.73890622743e-06, 3.27094971908e-06]
    },
    "melbands128": {
        "mean": [4.75045671919e-05, 0.00059934676392, 0.00201793434098, 0.00262459740043, 0.00244001182728, 0.00201386469416, 0.00118534360081, 0.000846180890221, 0.000812565966044, 0.000628328125458, 0.000323120650137, 0.000253147503827, 0.000197083398234, 0.000199376765522, 0.000206485929084, 0.000234756691498, 0.000271220604191, 0.000212235565414, 0.000196194232558, 0.000269201700576, 0.000240770183154, 0.00026836496545, 0.000204139578273, 0.000277138053207, 0.000214688596316, 0.000116834446089, 0.000141796583193, 9.15066339076e-05, 8.87724818313e-05, 5.4336462199e-05, 4.0102393541e-05, 4.59850889456e-05, 5.69373696635e-05, 4.05968603445e-05, 0.000136688468046, 7.44611606933e-05, 4.04777820222e-05, 5.67986025999e-05, 4.33988279838e-05, 3.46948218066e-05, 3.44268373738e-05, 6.25745306024e-05, 6.5762855229e-05, 6.78618962411e-05, 9.31797912926e-05, 5.30872712261e-05, 4.0955892473e-05, 3.95113384002e-05, 3.73785551346e-05, 4.37481321569e-05, 3.98413903895e-05, 5.24597307958e-05, 0.000116145296488, 7.71722770878e-05, 6.03859989496e-05, 0.000101908626675, 7.48355960241e-05, 5.38395652256e-05, 2.97508377116e-05, 2.01023503905e-05, 2.11840997508e-05, 2.53769812844e-05, 3.73020739062e-05, 3.72030735889e-05, 3.9456950617e-05, 1.95799875655e-05, 1.71685296664e-05, 3.15478573611e-05, 1.96652017621e-05, 1.74652377609e-05, 1.5865003661e-05, 1.79620874405e-05, 1.12693796837e-05, 8.49600655783e-06, 6.8998047027e-06, 7.84514850238e-06, 1.3844566638e-05, 7.98745804786e-06, 7.99039298727e-06, 8.28250995255e-06, 5.77175114813e-06, 3.75076456294e-06, 3.61592947229e-06, 4.75660590382e-06, 3.92766423829e-06, 3.88766466131e-06, 4.76486047774e-06, 4.18024865212e-06, 3.69240206055e-06, 3.36342600349e-06, 3.25340306517e-06, 2.87060606752e-06, 3.02176272271e-06, 2.91424248644e-06, 2.52846120929e-06, 2.41438078774e-06, 2.19452908823e-06, 2.29849842981e-06, 2.14710848923e-06, 2.04771231438e-06, 1.69893462498e-06, 1.61656146247e-06, 1.51888355049e-06, 1.14139265861e-06, 1.36633138936e-06, 9.09086281808e-07, 6.5773207325e-07, 5.595917969e-07, 5.27836959918e-07, 5.10257962105e-07, 4.43881248202e-07, 3.68896820646e-07, 3.15157052455e-07, 2.88885644295e-07, 2.86570099206e-07, 3.69476396145e-07, 3.80340793527e-07, 4.56864306386e-08, 5.00172602988e-12, 4.16314075227e-12, 4.00610360857e-12, 3.88959827888e-12, 3.78876400739e-12, 3.70856297061e-12, 3.64530714642e-12, 3.59875389037e-12, 3.56459935354e-12, 3.53853144702e-12],
        "stdev": [9.3525617558e-05, 0.000904185231775, 0.00288582965732, 0.00341992778704, 0.00271138665266, 0.00208673416637, 0.00122456019744, 0.000924154592212, 0.000964293838479, 0.000995220965706, 0.000456810725154, 0.000330361595843, 0.000275728787528, 0.000294385943562, 0.000283415865852, 0.000370612746337, 0.000502463430166, 0.000399584620027, 0.000402923527872, 0.000514420797117, 0.000503974559251, 0.000538283260539, 0.000423359044362, 0.000541640154552, 0.000433862325735, 0.000289050192805, 0.000364768959116, 0.000237234882661, 0.000216230881051, 0.00010253131768, 8.16277533886e-05, 9.39413948799e-05, 0.000111363675387, 9.98652685666e-05, 0.000406320090406, 0.00018417739193, 0.00010281727009, 0.000122618032037, 9.3542112154e-05, 7.13567133062e-05, 8.93566248124e-05, 0.00012110634998, 0.000142974240589, 0.00015149153478, 0.000177550435183, 0.000112272908154, 9.4445204013e-05, 8.26666655485e-05, 6.77522839396e-05, 7.79314796091e-05, 9.73314890871e-05, 0.000115394090244, 0.000248757016379, 0.000136071947054, 0.000118763353385, 0.000254765414866, 0.000140315591125, 0.000117877374578, 5.94663215452e-05, 3.70304878743e-05, 3.9364596887e-05, 4.53780157841e-05, 6.54669347568e-05, 5.96369936829e-05, 7.2835253377e-05, 2.95857480523e-05, 2.13424227695e-05, 3.77056858269e-05, 2.28138360399e-05, 2.76354912785e-05, 1.81931118277e-05, 2.065690569e-05, 1.43860415847e-05, 1.13868836706e-05, 9.16890712688e-06, 9.80029562925e-06, 1.72923009814e-05, 9.619064258e-06, 8.69519772095e-06, 1.05572844404e-05, 6.85286931912e-06, 5.33012553205e-06, 5.65397022001e-06, 7.13156669008e-06, 5.50170943825e-06, 6.02138652539e-06, 7.36972015147e-06, 6.45095951768e-06, 5.91163097852e-06, 5.41389499631e-06, 5.48944171896e-06, 5.47268837181e-06, 5.22799382452e-06, 4.72563760923e-06, 4.7402331802e-06, 5.30632541995e-06, 5.02323518958e-06, 5.56585882805e-06, 5.30256011189e-06, 5.05065463585e-06, 3.90837840314e-06, 3.24413372255e-06, 3.16097430186e-06, 2.50871721619e-06, 2.76063519777e-06, 2.54879000749e-06, 1.78143591256e-06, 1.38508505643e-06, 1.39569840485e-06, 1.53815892645e-06, 1.25279871099e-06, 1.07624691736e-06, 9.64118044067e-07, 9.8496946066e-07, 9.51811102823e-07, 8.66095604124e-07, 7.23247296719e-07, 8.80687522908e-08, 9.9996677605e-12, 5.86004161862e-12, 5.65653947293e-12, 5.49645355272e-12, 5.3646631408e-12, 5.25561451997e-12, 5.16697882397e-12, 5.09826165659e-12, 5.04762074152e-12, 5.01675437303e-12]
    },
    "mfcc": {
        "mean": [-600.296203613, 96.4133224487, -1.87023842335, 34.0610961914, 10.025062561, 4.51930904388, 0.195111438632, 6.47552442551, 3.04301285744, 5.52614450455, -0.128307506442, 3.67886519432, -0.232540473342],
        "cov": [[4861.01367188, -203.981002808, -412.626647949, -211.518997192, -185.227310181, -75.7111816406, -132.616134644, -142.013061523, -42.5325164795, -8.55832004547, 29.2785625458, -64.5075073242, -47.5840034485], [-203.981002808, 576.342712402, -84.7067184448, 134.722503662, -9.02587890625, 20.0980300903, 37.7970123291, 44.8184967041, 18.2649116516, 30.9663925171, 15.6019077301, 56.4955978394, 7.67890310287], [-412.626647949, -84.7067184448, 435.024169922, -21.0117664337, 79.3919219971, 29.4049358368, 23.2957344055, 24.8168506622, -5.91512298584, 21.6989803314, 9.88265419006, 2.18583893776, 31.3029632568], [-211.518997192, 134.722503662, -21.0117664337, 220.323776245, 62.4388923645, 34.0962715149, 20.3501377106, 24.8676280975, 13.8751173019, -10.649187088, -26.4483375549, 24.2497081757, 19.318561554], [-185.227310181, -9.02587890625, 79.3919219971, 62.4388923645, 159.149368286, 30.2534942627, 13.6078281403, -4.38506174088, 17.165096283, 4.14031219482, -6.25147676468, 11.2376489639, 18.098575592], [-75.7111816406, 20.0980300903, 29.4049358368, 34.0962715149, 30.2534942627, 92.2348632812, 42.2353744507, 24.1254444122, -5.70448923111, -2.35480117798, 11.158080101, 7.35722923279, 8.8641910553], [-132.616134644, 37.7970123291, 23.2957344055, 20.3501377106, 13.6078281403, 42.2353744507, 117.203598022, 52.3443946838, 15.198143959, -28.8441486359, 10.0865287781, 13.6849689484, 3.07121515274], [-142.013061523, 44.8184967041, 24.8168506622, 24.8676280975, -4.38506174088, 24.1254444122, 52.3443946838, 93.9178237915, 18.4541740417, -8.0509557724, -0.983458161354, 12.6194648743, 7.28981161118], [-42.5325164795, 18.2649116516, -5.91512298584, 13.8751173019, 17.165096283, -5.70448923111, 15.198143959, 18.4541740417, 74.0066146851, 15.3626461029, 7.90198469162, 1.53922796249, -3.42005801201], [-8.55832004547, 30.9663925171, 21.6989803314, -10.649187088, 4.14031219482, -2.35480117798, -28.8441486359, -8.0509557724, 15.3626461029, 107.55405426, 25.6459007263, 12.6287746429, 0.0186728332192], [29.2785625458, 15.6019077301, 9.88265419006, -26.4483375549, -6.25147676468, 11.158080101, 10.0865287781, -0.983458161354, 7.90198469162, 25.6459007263, 80.4456710815, 18.2181987762, 1.00460863113], [-64.5075073242, 56.4955978394, 2.18583893776, 24.2497081757, 11.2376489639, 7.35722923279, 13.6849689484, 12.6194648743, 1.53922796249, 12.6287746429, 18.2181987762, 68.6039505005, 20.5110263824], [-47.5840034485, 7.67890310287, 31.3029632568, 19.318561554, 18.098575592, 8.8641910553, 3.07121515274, 7.28981161118, -3.42005801201, 0.0186728332192, 1.00460863113, 20.5110263824, 70.0541763306]],
        "icov": [[0.000247637886787, 6.03606458753e-05, 0.000222653703531, 0.000147288330481, 0.000125187973026, -7.036831812e-05, 0.000118099334941, 0.000196711960598, 1.14586036943e-05, 2.42755086219e-05, -0.000102079080534, 8.91171148396e-05, -5.16783766216e-05], [6.03606458753e-05, 0.00240173726343, 0.000430630432675, -0.00146617460996, 0.00061065464979, 0.000208555225981, -0.000550691911485, -0.000469094433356, 0.000121642013255, -0.000906884146389, -0.000409065687563, -0.00113672460429, 0.000223304567044], [0.000222653703531, 0.000430630432675, 0.00313822552562, 0.000750607578084, -0.00156074110419, -0.000135824870085, -0.000311183131998, -0.00102093745954, 0.00095897942083, -0.000898425001651, -0.000299136241665, 0.00055451260414, -0.0010759626748], [0.000147288330481, -0.00146617460996, 0.000750607578084, 0.00730393687263, -0.00249633379281, -0.00204449985176, 0.000872099306434, -0.000772670493461, -0.000904366374016, 0.000885982590262, 0.00260897888802, -0.00124156160746, -0.000861309177708], [0.000125187973026, 0.00061065464979, -0.00156074110419, -0.00249633379281, 0.00931391492486, -0.0023609045893, -0.000494265870657, 0.00305899907835, -0.00283291493542, -9.8544274806e-05, 0.000928350782488, -0.00110696617048, -0.000827758398373], [-7.036831812e-05, 0.000208555225981, -0.000135824870085, -0.00204449985176, -0.0023609045893, 0.0156343821436, -0.00502251042053, -0.0020926843863, 0.00411423668265, -0.00144329760224, -0.0027330762241, 0.00167221168522, -0.000625704939011], [0.000118099334941, -0.000550691911485, -0.000311183131998, 0.000872099306434, -0.000494265870657, -0.00502251042053, 0.015067354776, -0.00577769149095, -0.00263356184587, 0.00484962575138, -0.00181769602932, -0.00175249460153, 0.00115232018288], [0.000196711960598, -0.000469094433356, -0.00102093745954, -0.000772670493461, 0.00305899907835, -0.0020926843863, -0.00577769149095, 0.0165789350867, -0.00376362516545, 3.08151284116e-05, 0.00205429084599, -0.00148840353359, -0.000920517602935], [1.14586036943e-05, 0.000121642013255, 0.00095897942083, -0.000904366374016, -0.00283291493542, 0.00411423668265, -0.00263356184587, -0.00376362516545, 0.017086327076, -0.0032918844372, -0.00203159055673, 0.00195555156097, 0.000825337134302], [2.42755086219e-05, -0.000906884146389, -0.000898425001651, 0.000885982590262, -9.8544274806e-05, -0.00144329760224, 0.00484962575138, 3.08151284116e-05, -0.0032918844372, 0.0125398170203, -0.00308922422118, -0.00194494053721, 0.000714994501323], [-0.000102079080534, -0.000409065687563, -0.000299136241665, 0.00260897888802, 0.000928350782488, -0.0027330762241, -0.00181769602932, 0.00205429084599, -0.00203159055673, -0.00308922422118, 0.0163127947599, -0.0043547465466, 0.000304331246298], [8.91171148396e-05, -0.00113672460429, 0.00055451260414, -0.00124156160746, -0.00110696617048, 0.00167221168522, -0.00175249460153, -0.00148840353359, 0.00195555156097, -0.00194494053721, -0.0043547465466, 0.0196072924882, -0.00499649951234], [-5.16783766216e-05, 0.000223304567044, -0.0010759626748, -0.000861309177708, -0.000827758398373, -0.000625704939011, 0.00115232018288, -0.000920517602935, 0.000825337134302, 0.000714994501323, 0.000304331246298, -0.00499649951234, 0.0167703386396]]
    },
    "spectral_contrast_coeffs": {
        "mean": [-0.724582910538, -0.765542209148, -0.782240509987, -0.776267766953, -0.778189718723, -0.750040590763],
        "stdev": [0.0546640232205, 0.0644273161888, 0.0568697117269, 0.0484498441219, 0.0347481109202, 0.0370038598776]
    },
    "spectral_contrast_valleys": {
        "mean": [-6.44082021713, -6.57861852646, -7.30257701874, -7.2867565155, -6.95801067352, -9.63559246063],
        "stdev": [1.26356935501, 1.31007993221, 1.28943777084, 1.2975127697, 1.28954923153, 1.26782393456]
    }
},
"rhythm": {
    "beats_count": 529,
    "beats_loudness": {
        "mean": 0.0297269038856,
        "stdev": 0.00977464020252
    },
    "bpm": 125.64125824,
    "bpm_histogram_first_peak_bpm": 126,
    "bpm_histogram_first_peak_weight": 0.331384003162,
    "bpm_histogram_second_peak_bpm": 120,
    "bpm_histogram_second_peak_spread": 0.25,
    "bpm_histogram_second_peak_weight": 0.0170454550534,
    "danceability": 1.00846195221,
    "onset_rate": 2.85163593292,
    "beats_loudness_band_ratio": {
        "mean": [0.462048172951, 0.111432306468, 0.152622655034, 0.0812727212906, 0.132249444723, 0.102612443268],
        "stdev": [0.22157458961, 0.0795309990644, 0.10785728693, 0.0553394369781, 0.0955234989524, 0.0625109747052]
    },
    "beats_position": [0.476009070873, 0.975238084793, 1.47446703911, 1.98530614376, 2.50775504112, 3.01859402657, 3.54104304314, 4.05188179016, 4.52789115906, 5.01551008224, 5.50312900543, 5.9675283432, 6.420317173, 6.88471651077, 7.3491153717, 7.83673477173, 8.32435321808, 8.80036258698, 9.26476192474, 9.74077033997, 10.2167797089, 10.7043991089, 11.1920175552, 11.6796369553, 12.1672563553, 12.6548748016, 13.1424942017, 13.6185035706, 14.0945119858, 14.5821313858, 15.0581407547, 15.5341491699, 16.0101585388, 16.4861679077, 16.9621772766, 17.4381847382, 17.9141941071, 18.390203476, 18.8662128448, 19.3422222137, 19.8182315826, 20.2942390442, 20.7702484131, 21.246257782, 21.7222671509, 22.1982765198, 22.6858959198, 23.1619052887, 23.6379127502, 24.1139221191, 24.589931488, 25.0775508881, 25.553560257, 26.0295696259, 26.5055770874, 26.9815864563, 27.4575958252, 27.9336051941, 28.409614563, 28.897233963, 29.3732414246, 29.8608608246, 30.3368701935, 30.8128795624, 31.2772789001, 31.7416782379, 32.2060775757, 32.6936950684, 33.1813163757, 33.6689338684, 34.1681632996, 34.6557807922, 35.1317901611, 35.60779953, 36.0838088989, 36.5482063293, 37.0126075745, 37.4886169434, 37.9646263123, 38.4522438049, 38.9282531738, 39.4042625427, 39.8918800354, 40.3678894043, 40.8438987732, 41.3315200806, 41.8075294495, 42.2835350037, 42.7595443726, 43.2239456177, 43.6999549866, 44.1759643555, 44.6519737244, 45.139591217, 45.6272087097, 46.1148300171, 46.5792274475, 47.0436286926, 47.5312461853, 48.0072555542, 48.4832649231, 48.9708824158, 49.4468917847, 49.9229011536, 50.3989105225, 50.8749198914, 51.362537384, 51.8385467529, 52.3145561218, 52.7905654907, 53.2665748596, 53.7541923523, 54.2302017212, 54.7062110901, 55.1938323975, 55.6698417664, 56.1458511353, 56.6218566895, 57.0978660583, 57.5738754272, 58.0498847961, 58.525894165, 59.0019035339, 59.4779129028, 59.9539222717, 60.4299316406, 60.9059410095, 61.3819503784, 61.8579597473, 62.3339653015, 62.8099746704, 63.2975959778, 63.7852134705, 64.2612228394, 64.7372360229, 65.2132415771, 65.6892471313, 66.1768722534, 66.6644897461, 67.1404953003, 67.6165084839, 68.1041259766, 68.5801315308, 69.0561447144, 69.5205459595, 69.9965515137, 70.4725646973, 70.9485702515, 71.4245758057, 71.9122009277, 72.3882064819, 72.8758239746, 73.3518371582, 73.8278427124, 74.303855896, 74.7798614502, 75.2558746338, 75.731880188, 76.2078933716, 76.6955108643, 77.15990448, 77.6243057251, 78.0887069702, 78.5763244629, 79.0639419556, 79.5399551392, 80.0275726318, 80.503578186, 80.9912033081, 81.4672088623, 81.9432220459, 82.4192276001, 82.8952331543, 83.3712463379, 83.8588638306, 84.3348770142, 84.8224945068, 85.298500061, 85.7745132446, 86.2505187988, 86.7265319824, 87.2025375366, 87.6785507202, 88.1545562744, 88.6305618286, 89.1181869507, 89.6058044434, 90.0818099976, 90.5578231812, 91.0338287354, 91.5098419189, 91.9858474731, 92.4618606567, 92.9378662109, 93.4138793945, 93.8898849487, 94.3658905029, 94.853515625, 95.3295211792, 95.8055343628, 96.281539917, 96.7691574097, 97.2451705933, 97.7327880859, 98.2087936401, 98.6848068237, 99.1608123779, 99.6368255615, 100.124443054, 100.600448608, 101.076461792, 101.552467346, 102.02848053, 102.504486084, 102.980499268, 103.456504822, 103.932518005, 104.40852356, 104.884536743, 105.360542297, 105.836547852, 106.324172974, 106.811790466, 107.287796021, 107.763809204, 108.239814758, 108.715827942, 109.191833496, 109.66784668, 110.132240295, 110.608253479, 111.084259033, 111.571876526, 112.059501648, 112.547119141, 113.023124695, 113.499137878, 113.975143433, 114.451156616, 114.92716217, 115.403175354, 115.890792847, 116.378410339, 116.866027832, 117.342041016, 117.806434631, 118.282447815, 118.758453369, 119.234466553, 119.710472107, 120.186485291, 120.662490845, 121.138504028, 121.614509583, 122.090522766, 122.56652832, 123.042533875, 123.530158997, 124.006164551, 124.493782043, 124.969795227, 125.434196472, 125.898590088, 126.386207581, 126.862220764, 127.349838257, 127.82585144, 128.301864624, 128.777862549, 129.253875732, 129.729888916, 130.217498779, 130.705123901, 131.169525146, 131.65713501, 132.133148193, 132.609161377, 133.085174561, 133.561172485, 134.048797607, 134.524810791, 135.000808716, 135.488433838, 135.964447021, 136.440444946, 136.91645813, 137.392471313, 137.880081177, 138.344482422, 138.820495605, 139.296508789, 139.772521973, 140.248519897, 140.73614502, 141.212158203, 141.688156128, 142.152557373, 142.628570557, 143.10458374, 143.580581665, 144.056594849, 144.544219971, 145.008621216, 145.484619141, 145.972244263, 146.459854126, 146.947479248, 147.423492432, 147.899505615, 148.387115479, 148.863128662, 149.350738525, 149.838363647, 150.314376831, 150.790390015, 151.266387939, 151.742401123, 152.218414307, 152.694412231, 153.170425415, 153.646438599, 154.122451782, 154.598449707, 155.074462891, 155.550476074, 156.026489258, 156.514099121, 157.001724243, 157.477722168, 157.953735352, 158.429748535, 158.905761719, 159.381759644, 159.857772827, 160.333786011, 160.821395874, 161.297409058, 161.773422241, 162.261047363, 162.737045288, 163.213058472, 163.689071655, 164.16506958, 164.641082764, 165.117095947, 165.593109131, 166.080718994, 166.556732178, 167.032745361, 167.520355225, 167.996368408, 168.472381592, 168.948379517, 169.4243927, 169.900405884, 170.376419067, 170.852416992, 171.328430176, 171.804443359, 172.280456543, 172.756454468, 173.24407959, 173.720092773, 174.196090698, 174.672103882, 175.148117065, 175.612518311, 176.076919556, 176.55291748, 177.040542603, 177.539764404, 178.027389526, 178.515014648, 179.002624512, 179.478637695, 179.954650879, 180.419036865, 180.88343811, 181.371063232, 181.847076416, 182.323074341, 182.799087524, 183.275100708, 183.762710571, 184.250335693, 184.726348877, 185.202362061, 185.678359985, 186.154373169, 186.630386353, 187.106384277, 187.570785522, 188.046798706, 188.52281189, 188.998809814, 189.474822998, 189.96244812, 190.438461304, 190.914459229, 191.378860474, 191.866485596, 192.365707397, 192.841720581, 193.317733765, 193.793731689, 194.281356812, 194.757369995, 195.23336792, 195.709381104, 196.185394287, 196.673019409, 197.149017334, 197.625030518, 198.101043701, 198.577041626, 199.041442871, 199.529067993, 200.016693115, 200.49269104, 200.957092285, 201.433105469, 201.909118652, 202.385116577, 202.861129761, 203.337142944, 203.801544189, 204.277542114, 204.753555298, 205.229568481, 205.728790283, 206.216415405, 206.692428589, 207.180038452, 207.679275513, 208.166885376, 208.654510498, 209.118911743, 209.583312988, 210.047698975, 210.523712158, 210.999725342, 211.487350464, 211.974960327, 212.462585449, 212.926986694, 213.402984619, 213.878997803, 214.355010986, 214.831008911, 215.295410156, 215.77142334, 216.247436523, 216.723449707, 217.199447632, 217.687072754, 218.174682617, 218.639083862, 219.115097046, 219.591110229, 220.067123413, 220.566345215, 221.03074646, 221.506759644, 221.982757568, 222.458770752, 222.946395874, 223.434005737, 223.921630859, 224.397644043, 224.873641968, 225.349655151, 225.825668335, 226.30166626, 226.766067505, 227.253692627, 227.741317749, 228.205703735, 228.693328857, 229.157730103, 229.633743286, 230.109741211, 230.585754395, 231.073379517, 231.56098938, 232.037002563, 232.513015747, 232.989013672, 233.465026855, 233.941040039, 234.428665161, 234.893051147, 235.357452393, 235.821853638, 236.297866821, 236.773880005, 237.261489868, 237.737503052, 238.225112915, 238.724349976, 239.200363159, 239.676361084, 240.152374268, 240.628387451, 241.104400635, 241.58039856, 242.056411743, 242.544036865, 243.031646729, 243.507659912, 243.983673096, 244.459671021, 244.935684204, 245.411697388, 245.887710571, 246.375320435, 246.851333618, 247.33895874, 247.826568604, 248.290969849, 248.755371094, 249.231384277, 249.707382202, 250.183395386, 250.659408569, 251.135421753, 251.611419678, 252.075820923, 252.551834106, 253.02784729],
    "bpm_histogram": [0, 0, 0, 0, 0, 0, 0, 0, 0, 0, 0, 0, 0, 0, 0, 0, 0, 0, 0, 0, 0, 0, 0, 0, 0, 0, 0, 0, 0, 0, 0, 0, 0, 0, 0, 0, 0, 0, 0, 0, 0, 0, 0, 0, 0, 0, 0, 0, 0, 0, 0, 0, 0, 0, 0, 0, 0, 0, 0, 0, 0, 0, 0, 0, 0, 0, 0, 0, 0, 0, 0, 0, 0, 0, 0, 0, 0, 0, 0, 0, 0, 0, 0, 0, 0, 0, 0, 0, 0, 0, 0, 0, 0, 0, 0, 0, 0, 0, 0, 0, 0, 0, 0, 0, 0, 0, 0, 0, 0, 0, 0, 0, 0, 0, 0, 0.00378787890077, 0, 0.00568181835115, 0, 0, 0.0170454550534, 0, 0, 0.229166671634, 0, 0, 0.649621188641, 0, 0, 0.0928030312061, 0, 0, 0, 0.00189393945038, 0, 0, 0, 0, 0, 0, 0, 0, 0, 0, 0, 0, 0, 0, 0, 0, 0, 0, 0, 0, 0, 0, 0, 0, 0, 0, 0, 0, 0, 0, 0, 0, 0, 0, 0, 0, 0, 0, 0, 0, 0, 0, 0, 0, 0, 0, 0, 0, 0, 0, 0, 0, 0, 0, 0, 0, 0, 0, 0, 0, 0, 0, 0, 0, 0, 0, 0, 0, 0, 0, 0, 0, 0, 0, 0, 0, 0, 0, 0, 0, 0, 0, 0, 0, 0, 0, 0, 0, 0, 0, 0, 0, 0, 0, 0, 0, 0, 0, 0, 0, 0, 0, 0, 0, 0, 0, 0, 0, 0, 0, 0, 0, 0, 0, 0, 0]
},
"tonal": {
    "chords_changes_rate": 0.0688518583775,
    "chords_number_rate": 0.00201428309083,
    "chords_strength": {
        "mean": 0.536505103111,
        "stdev": 0.099590651691
    },
    "hpcp_crest": {
        "mean": 12.2367200851,
        "stdev": 5.53258419037
    },
    "hpcp_entropy": {
        "mean": 2.18550729752,
        "stdev": 0.693682670593
    },
    "key_edma": {
        "strength": 0.631181895733,
        "key": "E",
        "scale": "major"
    },
    "key_krumhansl": {
        "strength": 0.642325639725,
        "key": "E",
        "scale": "major"
    },
    "key_temperley": {
        "strength": 0.659013986588,
        "key": "E",
        "scale": "major"
    },
    "tuning_diatonic_strength": 0.539351701736,
    "tuning_equal_tempered_deviation": 0.0240141246468,
    "tuning_frequency": 440.763122559,
    "tuning_nontempered_energy_ratio": 0.737665355206,
    "hpcp": {
        "mean": [0.145975381136, 0.0826862305403, 0.0586764663458, 0.0701241642237, 0.0886112451553, 0.184539452195, 0.270743489265, 0.190198197961, 0.0995329469442, 0.0871547907591, 0.104279004037, 0.249636158347, 0.323590129614, 0.193574592471, 0.103658504784, 0.0860558450222, 0.077350243926, 0.114830821753, 0.147796139121, 0.121019862592, 0.159463509917, 0.197297394276, 0.13256688416, 0.0817460045218, 0.0742379873991, 0.0847868323326, 0.163795173168, 0.23783262074, 0.177938610315, 0.100337959826, 0.0902327001095, 0.0922646597028, 0.158729702234, 0.222077086568, 0.17187461257, 0.152889356017],
        "stdev": [0.266181021929, 0.165743529797, 0.13441157341, 0.153501063585, 0.177300363779, 0.273093402386, 0.360342383385, 0.272350370884, 0.197617173195, 0.185110807419, 0.192353606224, 0.310752034187, 0.355140805244, 0.237826213241, 0.1842571944, 0.167915910482, 0.159435942769, 0.183139130473, 0.215129464865, 0.178418561816, 0.240849241614, 0.294354856014, 0.207618013024, 0.166204795241, 0.156672433019, 0.170063197613, 0.232914939523, 0.309972256422, 0.259307414293, 0.180142313242, 0.164003521204, 0.157662019134, 0.219994917512, 0.296333014965, 0.237223416567, 0.25092035532]
    },
    "chords_histogram": [3.49752783775, 5.95129108429, 23.7502288818, 0.0183116644621, 2.10584139824, 0.0183116644621, 2.89324307442, 0.0549349933863, 3.60739779472, 1.3550632, 0.238051638007, 0.0183116644621, 0, 0, 0.0366233289242, 0.311298310757, 0.384544968605, 0.76908993721, 0.43947994709, 3.42428135872, 0.0366233289242, 8.03882026672, 11.4081668854, 31.6425571442],
    "thpcp": [1, 0.59820920229, 0.320338904858, 0.265940874815, 0.239037707448, 0.354865044355, 0.456738710403, 0.373991191387, 0.492794722319, 0.60971391201, 0.409675300121, 0.252622067928, 0.22941981256, 0.262019217014, 0.506181001663, 0.734981060028, 0.549888849258, 0.310077309608, 0.278848737478, 0.285128176212, 0.490527033806, 0.686291277409, 0.531149148941, 0.472478419542, 0.451111972332, 0.255527675152, 0.181329593062, 0.216706752777, 0.273837924004, 0.570287644863, 0.836686491966, 0.587775051594, 0.307589560747, 0.269336998463, 0.322256445885, 0.771457910538],
    "chords_key": "C#",
    "chords_scale": "minor"
}
}