{
"metadata": {
    "version": {
        "essentia": "2.1-dev",
        "essentia_git_sha": "v2.1_beta3-415-gd5473f3",
        "extractor": "music 2.0"
    },
    "audio_properties": {
        "analysis": {
            "equal_loudness": 0,
            "length": 184.372238159,
            "sample_rate": 44100,
            "start_time": 0,
            "downmix": "mix"
        },
        "bit_rate": 192000,
        "length": 184.372238159,
        "lossless": 0,
        "number_channels": 2,
        "replay_gain": -6.85703849792,
        "sample_rate": 44100,
        "codec": "mp3",
        "md5_encoded": "f02e1ef5390f440b6e7876cd181bf8aa"
    },
    "tags": {
        "file_name": "hoobastank-running_away.mp3",
        "date": ["2004"],
        "engineer": ["rosamerica tamyo"]
    }
},
"lowlevel": {
    "average_loudness": 0.642004013062,
    "barkbands_crest": {
        "mean": 10.3856811523,
        "stdev": 4.06865596771
    },
    "barkbands_flatness_db": {
        "mean": 0.160226970911,
        "stdev": 0.0630094334483
    },
    "barkbands_kurtosis": {
        "mean": 6.85364627838,
        "stdev": 13.1104001999
    },
    "barkbands_skewness": {
        "mean": 1.70028698444,
        "stdev": 1.53897035122
    },
    "barkbands_spread": {
        "mean": 16.1157913208,
        "stdev": 9.5296163559
    },
    "dissonance": {
        "mean": 0.453955590725,
        "stdev": 0.0371833816171
    },
    "dynamic_complexity": 4.78728580475,
    "erbbands_crest": {
        "mean": 11.0154390335,
        "stdev": 6.10726308823
    },
    "erbbands_flatness_db": {
        "mean": 0.170890942216,
        "stdev": 0.0477978922427
    },
    "erbbands_kurtosis": {
        "mean": 1.1607196331,
        "stdev": 3.57441449165
    },
    "erbbands_skewness": {
        "mean": 0.549431860447,
        "stdev": 0.843650102615
    },
    "erbbands_spread": {
        "mean": 34.7600097656,
        "stdev": 18.1959381104
    },
    "hfc": {
        "mean": 14.3882083893,
        "stdev": 15.0308027267
    },
    "loudness_ebu128": {
        "integrated": -16.4890289307,
        "loudness_range": 10.864522934,
        "momentary": {
            "mean": -27.063079834,
            "stdev": 47.1151618958
        },
        "short_term": {
            "mean": -23.0082683563,
            "stdev": 34.2117843628
        }
    },
    "melbands_crest": {
        "mean": 14.7357540131,
        "stdev": 5.81745815277
    },
    "melbands_flatness_db": {
        "mean": 0.225348696113,
        "stdev": 0.0870009064674
    },
    "melbands_kurtosis": {
        "mean": 17.2368927002,
        "stdev": 31.5019111633
    },
    "melbands_skewness": {
        "mean": 2.69036889076,
        "stdev": 2.05004143715
    },
    "melbands_spread": {
        "mean": 20.676864624,
        "stdev": 23.5830364227
    },
    "pitch_salience": {
        "mean": 0.526212513447,
        "stdev": 0.127167999744
    },
    "silence_rate_20dB": {
        "mean": 1,
        "stdev": 0
    },
    "silence_rate_30dB": {
        "mean": 0.996348500252,
        "stdev": 0.060317106545
    },
    "silence_rate_60dB": {
        "mean": 0.168723240495,
        "stdev": 0.374489277601
    },
    "spectral_centroid": {
        "mean": 1282.72900391,
        "stdev": 1815.80822754
    },
    "spectral_complexity": {
        "mean": 14.0797023773,
        "stdev": 8.56432628632
    },
    "spectral_decrease": {
        "mean": -6.06789685165e-09,
        "stdev": 5.88354831521e-09
    },
    "spectral_energy": {
        "mean": 0.0242067072541,
        "stdev": 0.0233541745692
    },
    "spectral_energyband_high": {
        "mean": 0.000316093617585,
        "stdev": 0.000414231646573
    },
    "spectral_energyband_low": {
        "mean": 0.0086171105504,
        "stdev": 0.0124733112752
    },
    "spectral_energyband_middle_high": {
        "mean": 0.0042666932568,
        "stdev": 0.00577591452748
    },
    "spectral_energyband_middle_low": {
        "mean": 0.0128060216084,
        "stdev": 0.0147214597091
    },
    "spectral_entropy": {
        "mean": 7.43944168091,
        "stdev": 0.659565865993
    },
    "spectral_flux": {
        "mean": 0.0711298808455,
        "stdev": 0.0538408495486
    },
    "spectral_kurtosis": {
        "mean": 5.33223485947,
        "stdev": 6.34247112274
    },
    "spectral_rms": {
        "mean": 0.00424391869456,
        "stdev": 0.00236759427935
    },
    "spectral_rolloff": {
        "mean": 1481.33789062,
        "stdev": 3268.51147461
    },
    "spectral_skewness": {
        "mean": 1.63525474072,
        "stdev": 0.7164311409
    },
    "spectral_spread": {
        "mean": 5205349,
        "stdev": 6552059
    },
    "spectral_strongpeak": {
        "mean": 1.06848108768,
        "stdev": 1.58635699749
    },
    "zerocrossingrate": {
        "mean": 0.0568229779601,
        "stdev": 0.0844316184521
    },
    "barkbands": {
        "mean": [0.000224914285354, 0.0042064669542, 0.00306341447867, 0.00225386722013, 0.0026894598268, 0.000739269889891, 0.00119193305727, 0.00115181598812, 0.003299765056, 0.00184591440484, 0.000570346950553, 0.000424986268627, 0.000316051766276, 0.000359692203347, 0.000562647008337, 0.000376041600248, 0.000323972373735, 0.000123056976008, 9.92942223093e-05, 0.000115023118269, 7.58107125876e-05, 7.9647586972e-05, 5.98230362812e-05, 3.41463201039e-05, 1.46444572238e-05, 4.54802011518e-06, 1.64688245263e-07],
        "stdev": [0.000529277895112, 0.00956389307976, 0.00394487846643, 0.00278344820254, 0.00405100081116, 0.00121345417574, 0.00253155478276, 0.00254203076474, 0.00858753733337, 0.0058224266395, 0.00232810573652, 0.00162547209766, 0.000974136171862, 0.000869055103976, 0.00133841205388, 0.000599893624894, 0.000776049040724, 0.000193857529666, 0.00014157014084, 0.000161161893629, 0.000109846725536, 0.00011829034338, 9.79984979494e-05, 7.57354646339e-05, 3.1442486943e-05, 1.11449389806e-05, 6.32858984773e-07]
    },
    "erbbands": {
        "mean": [0.105437368155, 1.00588667393, 3.31120824814, 5.97648239136, 9.43527126312, 8.33374214172, 5.62359380722, 6.12953662872, 12.5814399719, 29.4143791199, 26.7056789398, 89.1435470581, 77.1128921509, 21.4150104523, 22.7203483582, 20.8873882294, 16.1226997375, 17.4741764069, 19.8557071686, 34.7840957642, 22.0903911591, 14.1244974136, 7.43309259415, 5.12261295319, 5.75479984283, 5.44217061996, 3.28920984268, 2.95563936234, 2.8195142746, 2.42791461945, 1.70350933075, 0.907065391541, 0.457917720079, 0.210528120399, 0.0831735953689, 0.0270491912961, 0.00700485706329, 0.00111561478116, 3.57170465577e-05, 2.90833013423e-05],
        "stdev": [0.273783296347, 2.13764166832, 4.22470712662, 6.86971187592, 13.1881656647, 13.2574272156, 8.42313766479, 10.3609447479, 24.2016849518, 63.8623390198, 56.7408218384, 238.275512695, 230.726089478, 58.0902633667, 83.4270477295, 78.3194351196, 46.4792442322, 43.7720489502, 38.382900238, 87.6203765869, 36.8701972961, 24.6592731476, 10.9039640427, 7.36394929886, 7.99541950226, 7.68121099472, 4.85524559021, 4.25130319595, 4.28579139709, 3.85079216957, 2.86534714699, 1.90176415443, 1.02694618702, 0.455602169037, 0.177475601435, 0.0606178455055, 0.0180308185518, 0.00391402561218, 7.67461388023e-05, 2.73428304354e-05]
    },
    "gfcc": {
        "mean": [-81.421913147, 114.0677948, -114.67250061, 35.6217460632, -55.2271652222, 13.0953025818, -33.7267417908, 6.07954978943, -17.2755031586, -4.87955284119, -21.4088249207, -9.41240882874, -10.9821062088],
        "cov": [[52689.15625, 2853.4284668, -5867.30273438, 1463.41223145, -2827.96044922, 1042.20129395, -1470.33935547, 640.614868164, -344.428894043, -169.806396484, -1301.234375, -286.982696533, -449.914245605], [2853.4284668, 1377.97998047, -439.140075684, 56.0518226624, 35.3726844788, -127.573890686, 62.553817749, -87.1976394653, -17.9582290649, -79.9625854492, 54.0854911804, -129.124023438, 25.0709896088], [-5867.30273438, -439.140075684, 1121.75866699, -40.3365745544, 359.414520264, -45.9028167725, 147.61114502, -30.0028057098, -20.3180866241, 83.3634109497, 130.293319702, 90.9449539185, 25.1849956512], [1463.41223145, 56.0518226624, -40.3365745544, 332.692382812, 7.01977491379, 49.0224647522, -42.6338882446, 21.3921833038, 10.1451101303, 4.37068080902, -25.3299217224, -4.51511096954, 19.748840332], [-2827.96044922, 35.3726844788, 359.414520264, 7.01977491379, 428.789916992, -25.6285076141, 163.345489502, -43.8620376587, 13.6223583221, 44.761756897, 77.9570159912, 35.9882049561, 57.1820907593], [1042.20129395, -127.573890686, -45.9028167725, 49.0224647522, -25.6285076141, 259.206390381, 56.819355011, 54.1464881897, -4.3368396759, -14.2736673355, -21.7726821899, 21.3524990082, -13.9398050308], [-1470.33935547, 62.553817749, 147.61114502, -42.6338882446, 163.345489502, 56.819355011, 247.940185547, 25.0761604309, 42.4234199524, -10.0715484619, 52.2145042419, 3.52883768082, 39.7429046631], [640.614868164, -87.1976394653, -30.0028057098, 21.3921833038, -43.8620376587, 54.1464881897, 25.0761604309, 138.627258301, 78.2827911377, 14.5497369766, -48.4147567749, -9.95228099823, 9.8053894043], [-344.428894043, -17.9582290649, -20.3180866241, 10.1451101303, 13.6223583221, -4.3368396759, 42.4234199524, 78.2827911377, 190.533355713, 0.0852260440588, -8.66607475281, -44.0238456726, 32.1152992249], [-169.806396484, -79.9625854492, 83.3634109497, 4.37068080902, 44.761756897, -14.2736673355, -10.0715484619, 14.5497369766, 0.0852260440588, 112.343605042, 18.7769470215, 28.0243644714, -14.2700796127], [-1301.234375, 54.0854911804, 130.293319702, -25.3299217224, 77.9570159912, -21.7726821899, 52.2145042419, -48.4147567749, -8.66607475281, 18.7769470215, 127.169540405, 24.2363815308, 4.4503493309], [-286.982696533, -129.124023438, 90.9449539185, -4.51511096954, 35.9882049561, 21.3524990082, 3.52883768082, -9.95228099823, -44.0238456726, 28.0243644714, 24.2363815308, 99.7635574341, 11.8681488037], [-449.914245605, 25.0709896088, 25.1849956512, 19.748840332, 57.1820907593, -13.9398050308, 39.7429046631, 9.8053894043, 32.1152992249, -14.2700796127, 4.4503493309, 11.8681488037, 78.9424819946]],
        "icov": [[0.000260733067989, -0.000627007917501, 0.000725167104974, -0.000690777262207, 0.00068859179737, -0.000811702688225, 0.000500778784044, -0.000669689499773, 0.000362333375961, -0.000717877293937, 0.00132185500115, -0.000944679835811, 0.000605862471275], [-0.000627007917501, 0.00280083646066, -0.00102783250622, 0.00127829855774, -0.00204320531338, 0.00268261716701, -0.00182438734919, 0.00167811114807, -0.000158760230988, 0.00207616901025, -0.00417697848752, 0.00377280521207, -0.00168297369964], [0.000725167104974, -0.00102783250622, 0.00379521911964, -0.00206465600058, 0.000677001255099, -0.0015571777476, 0.000950471381657, -0.00239729182795, 0.00158587878104, -0.00194028648548, 0.00238328170963, -0.0025620192755, 0.00207388377748], [-0.000690777262207, 0.00127829855774, -0.00206465600058, 0.00545330485329, -0.00232854997739, 0.000827944721095, 0.000327045039739, 0.00132098479662, -0.00103611906525, 0.00150963617489, -0.00319959945045, 0.00284379301593, -0.00309703848325], [0.00068859179737, -0.00204320531338, 0.000677001255099, -0.00232854997739, 0.00699979392812, -0.00204686401412, -0.00142320722807, 0.000939939462114, 0.000208894503885, -0.00414264434949, 0.00428381050006, -0.00305345375091, -0.000508365861606], [-0.000811702688225, 0.00268261716701, -0.0015571777476, 0.000827944721095, -0.00204686401412, 0.00844367220998, -0.0040790415369, 8.09182820376e-05, -0.000147266313434, 0.00370560004376, -0.0041451593861, 0.00151156506035, 0.000564934802242], [0.000500778784044, -0.00182438734919, 0.000950471381657, 0.000327045039739, -0.00142320722807, -0.0040790415369, 0.00934301503003, -0.00410882662982, 0.000339687656378, 0.000308266549837, -4.74785010738e-05, -0.000959926110227, -0.000769737584051], [-0.000669689499773, 0.00167811114807, -0.00239729182795, 0.00132098479662, 0.000939939462114, 8.09182820376e-05, -0.00410882662982, 0.0166064612567, -0.00647340994328, -0.00203989888541, 0.00228358781897, 0.00141349213663, -0.00265250122175], [0.000362333375961, -0.000158760230988, 0.00158587878104, -0.00103611906525, 0.000208894503885, -0.000147266313434, 0.000339687656378, -0.00647340994328, 0.00993575528264, -0.00109295430593, -0.000608390662819, 0.0037731223274, -0.00244812993333], [-0.000717877293937, 0.00207616901025, -0.00194028648548, 0.00150963617489, -0.00414264434949, 0.00370560004376, 0.000308266549837, -0.00203989888541, -0.00109295430593, 0.0145487589762, -0.00588870141655, -0.000517014414072, 0.00272811274044], [0.00132185500115, -0.00417697848752, 0.00238328170963, -0.00319959945045, 0.00428381050006, -0.0041451593861, -4.74785010738e-05, 0.00228358781897, -0.000608390662819, -0.00588870141655, 0.0199033822864, -0.00828867498785, 0.00411266461015], [-0.000944679835811, 0.00377280521207, -0.0025620192755, 0.00284379301593, -0.00305345375091, 0.00151156506035, -0.000959926110227, 0.00141349213663, 0.0037731223274, -0.000517014414072, -0.00828867498785, 0.0203718487173, -0.00791370216757], [0.000605862471275, -0.00168297369964, 0.00207388377748, -0.00309703848325, -0.000508365861606, 0.000564934802242, -0.000769737584051, -0.00265250122175, -0.00244812993333, 0.00272811274044, 0.00411266461015, -0.00791370216757, 0.0204000174999]]
    },
    "melbands": {
        "mean": [0.00106687122025, 0.00163993856404, 0.00115725351498, 0.000685358420014, 0.000219774243305, 0.000138405579492, 0.000205494594411, 0.000314316304866, 0.000274177786196, 0.000539807952009, 0.000363823666703, 7.51244951971e-05, 8.23350201244e-05, 4.95544882142e-05, 4.73597574455e-05, 2.71781518677e-05, 3.44133804902e-05, 3.09390488837e-05, 3.82910075132e-05, 3.99806303903e-05, 2.60951455857e-05, 1.70795192389e-05, 8.595284271e-06, 5.52342817173e-06, 3.88253829442e-06, 3.83530914405e-06, 4.60582759843e-06, 3.3105654893e-06, 2.09590689337e-06, 1.76465107415e-06, 1.65218420989e-06, 1.5404611986e-06, 1.56399596563e-06, 1.24991424855e-06, 1.09330630949e-06, 6.43963289804e-07, 5.09495350798e-07, 3.22298092215e-07, 2.55506648728e-07, 1.51762520773e-07],
        "stdev": [0.00258099730127, 0.00230684084818, 0.00124039524235, 0.00105038855691, 0.000300647428958, 0.000235964660533, 0.000402776553528, 0.000680720084347, 0.000663558545057, 0.0014408857096, 0.00113499909639, 0.000233321101405, 0.000338671263307, 0.000181658921065, 0.000142106277053, 7.43424025131e-05, 9.56524381763e-05, 6.58581338939e-05, 9.33147821343e-05, 8.24786839075e-05, 5.42836787645e-05, 3.62232749467e-05, 1.4509227185e-05, 8.37926199893e-06, 5.88688180869e-06, 5.75749709242e-06, 6.47637762086e-06, 4.93105562782e-06, 3.27748148266e-06, 2.69567499345e-06, 2.44867419497e-06, 2.42797250394e-06, 2.46327931563e-06, 2.08140158975e-06, 1.92448510461e-06, 1.19593585168e-06, 1.21247830975e-06, 7.91704053427e-07, 5.47818672203e-07, 3.39889254519e-07]
    },
    "melbands128": {
        "mean": [0.000207684133784, 0.000759483664297, 0.00138131633867, 0.00174368801527, 0.00172845448833, 0.00146753387526, 0.00120176770724, 0.00111964624375, 0.00096298858989, 0.000811178761069, 0.000457386631751, 0.000250395387411, 0.000178168018465, 0.000167462712852, 0.000130420579808, 0.00013106224651, 0.000134654779686, 0.000228475371841, 0.000215707725147, 0.000412674271502, 0.000357758573955, 0.000123765668832, 0.00014302629279, 0.000476215762319, 0.000824056798592, 0.00039587149513, 0.000315841607517, 0.000601343112066, 0.000114808972285, 7.98100300017e-05, 4.98927547596e-05, 7.65344302636e-05, 0.000117394636618, 6.42407831037e-05, 2.35141378653e-05, 5.90477648075e-05, 7.18364826753e-05, 3.30809270963e-05, 5.25333962287e-05, 3.22755768138e-05, 1.92708339455e-05, 2.05760188692e-05, 3.72600661649e-05, 3.92444198951e-05, 3.12253105221e-05, 3.05208304781e-05, 3.09330353048e-05, 2.07209777727e-05, 4.96076281706e-05, 7.17235961929e-05, 3.26872577716e-05, 1.89700567716e-05, 1.67755206348e-05, 3.73025613953e-05, 3.08144262817e-05, 1.10741711978e-05, 8.16585543362e-06, 1.15783186629e-05, 8.14085706224e-06, 5.03044748257e-06, 5.68379073229e-06, 5.37590722161e-06, 4.33323111793e-06, 3.22888831761e-06, 3.61298612006e-06, 3.51688231603e-06, 4.20114520239e-06, 4.59894863525e-06, 4.52081394542e-06, 5.19967579748e-06, 3.02184025713e-06, 2.77739331978e-06, 2.25987469094e-06, 1.94623930838e-06, 1.91391268345e-06, 1.67536973095e-06, 1.73741261733e-06, 1.93490154743e-06, 1.64419964221e-06, 1.37264521527e-06, 1.39720498282e-06, 1.58277589435e-06, 1.91655863091e-06, 1.31232411604e-06, 1.72372801899e-06, 1.15375860332e-06, 1.24515327116e-06, 1.06907145891e-06, 1.27279975004e-06, 9.10217522687e-07, 7.21122603409e-07, 4.7942052106e-07, 6.53131792205e-07, 5.67773440707e-07, 4.0093499365e-07, 3.34599832286e-07, 3.10927816827e-07, 2.88626466727e-07, 2.99999811659e-07, 2.13428023699e-07, 1.63967499134e-07, 1.46011132074e-07, 1.26706169112e-07, 1.08891590855e-07, 9.1646228384e-08, 7.8974203177e-08, 6.80372735928e-08, 5.11128952496e-08, 4.73198760176e-08, 3.32676783898e-08, 3.12313837014e-08, 2.29094894166e-08, 1.97239700128e-08, 1.75496754906e-08, 1.86197688379e-08, 1.34460309553e-08, 6.33968033625e-09, 2.60043080819e-11, 3.61717361792e-12, 3.52464953925e-12, 3.4436474939e-12, 3.3756075192e-12, 3.30622421801e-12, 3.2441555952e-12, 3.20458568535e-12, 3.17448389624e-12, 3.15087105712e-12, 3.1281832593e-12],
        "stdev": [0.000492856372148, 0.00204524002038, 0.00376909552142, 0.00363060133532, 0.00248603965156, 0.00197055051103, 0.00153946422506, 0.00145156995859, 0.00157080800273, 0.00163935916498, 0.000889407121576, 0.000412851310102, 0.000336323020747, 0.000346600339981, 0.000269308249699, 0.000327912857756, 0.000388682208722, 0.000545379007235, 0.000602828513365, 0.000998170580715, 0.000931590446271, 0.000387685460737, 0.000562647823244, 0.00155320973136, 0.00246635009535, 0.00186119845603, 0.00095455814153, 0.00219628564082, 0.000343206105754, 0.000392500020098, 0.000263764115516, 0.000397431605961, 0.000583035813179, 0.000308926275466, 0.000130152955535, 0.000301050662529, 0.0003564634535, 0.000131737906486, 0.000230860998272, 0.000119484415336, 8.54097233969e-05, 6.68298598612e-05, 0.00014333971194, 0.000126776954858, 0.000101053810795, 0.000102311736555, 8.86128473212e-05, 7.44803255657e-05, 0.000186798890354, 0.000216602740693, 7.8341086919e-05, 3.59440891771e-05, 3.15585457429e-05, 0.000108854917926, 0.000104562423076, 2.7682608561e-05, 1.71832762135e-05, 2.5404500775e-05, 2.13959974644e-05, 1.03438424048e-05, 1.02663689177e-05, 1.01510377135e-05, 9.59486351348e-06, 5.53804557057e-06, 6.84490805725e-06, 6.04979641139e-06, 7.88290435594e-06, 7.36335459806e-06, 7.83495033829e-06, 9.56922667683e-06, 5.31837167728e-06, 5.05671914652e-06, 4.55150711787e-06, 3.28612304656e-06, 3.34708420269e-06, 2.95864856525e-06, 2.92755339615e-06, 3.05664684674e-06, 2.74968465419e-06, 2.30882551477e-06, 2.4178377771e-06, 2.96891562357e-06, 3.73094167117e-06, 2.16989769797e-06, 3.64386687579e-06, 2.09283120967e-06, 2.4602763915e-06, 2.23578331315e-06, 2.51478786595e-06, 1.82580845376e-06, 1.42911824241e-06, 1.04982052562e-06, 1.48571689351e-06, 1.42074577525e-06, 1.24559210235e-06, 9.67596633927e-07, 7.86626515037e-07, 6.33754552837e-07, 6.81461585827e-07, 5.17187288551e-07, 4.40992408812e-07, 3.09969067303e-07, 3.5514949559e-07, 2.82320684164e-07, 1.9788599559e-07, 1.7671990804e-07, 1.82363805834e-07, 1.14379169247e-07, 1.20372703805e-07, 8.52751682601e-08, 9.31044397134e-08, 5.53779067047e-08, 5.18140446104e-08, 6.05388592589e-08, 7.92261118931e-08, 5.79989354321e-08, 2.5090574951e-08, 1.25598559331e-10, 6.43660602248e-12, 6.26601982107e-12, 6.11265161751e-12, 5.97894823928e-12, 5.86024284654e-12, 5.75699210525e-12, 5.6734330775e-12, 5.60628887064e-12, 5.55728510085e-12, 5.52810575094e-12]
    },
    "mfcc": {
        "mean": [-694.919189453, 131.782836914, 1.31457448006, 24.691368103, 3.96028542519, 7.4524269104, -5.14704418182, 6.02897071838, 3.67330932617, 6.70423078537, -3.29917287827, -3.54217863083, -2.30390381813],
        "cov": [[17598.890625, 1398.33886719, -803.481140137, 62.6340751648, -360.16519165, 140.689056396, -572.581359863, 385.429382324, 515.742248535, 349.91217041, -121.223594666, -96.4447937012, -57.9435844421], [1398.33886719, 1501.66601562, -127.835472107, 161.261032104, 6.08350563049, 26.8450775146, 72.6712341309, -2.5184173584, -36.9560928345, 9.97180652618, 3.72507929802, -12.2966566086, -6.51577234268], [-803.481140137, -127.835472107, 437.698272705, 73.837600708, 78.0156402588, 20.7751026154, 60.5620231628, -6.71476602554, -24.7499160767, -22.9460887909, 6.01915597916, 27.4678821564, 11.7239427567], [62.6340751648, 161.261032104, 73.837600708, 291.624511719, 107.670188904, 28.5151977539, 24.3324871063, -30.1046657562, 29.800283432, -15.2466659546, -15.3144273758, 32.2649536133, 14.1935977936], [-360.16519165, 6.08350563049, 78.0156402588, 107.670188904, 184.14024353, 52.2162017822, 27.2050018311, -10.5124053955, 20.8748455048, -1.79090571404, -6.38926458359, 16.1926651001, 17.3132457733], [140.689056396, 26.8450775146, 20.7751026154, 28.5151977539, 52.2162017822, 161.149124146, 100.802703857, 40.1397399902, 1.40343666077, -18.2344589233, 12.582909584, 12.3236513138, 5.7591381073], [-572.581359863, 72.6712341309, 60.5620231628, 24.3324871063, 27.2050018311, 100.802703857, 210.942047119, 33.5468826294, -22.7306995392, -41.7248153687, 18.9913711548, 20.8000164032, 2.7449452877], [385.429382324, -2.5184173584, -6.71476602554, -30.1046657562, -10.5124053955, 40.1397399902, 33.5468826294, 137.982513428, 64.1173248291, 36.343421936, 0.885761857033, -3.69793701172, 11.1604804993], [515.742248535, -36.9560928345, -24.7499160767, 29.800283432, 20.8748455048, 1.40343666077, -22.7306995392, 64.1173248291, 180.159851074, 71.0527496338, 3.08859753609, 4.1761007309, 6.04148197174], [349.91217041, 9.97180652618, -22.9460887909, -15.2466659546, -1.79090571404, -18.2344589233, -41.7248153687, 36.343421936, 71.0527496338, 130.516464233, 34.4564323425, -6.1782336235, 8.85028553009], [-121.223594666, 3.72507929802, 6.01915597916, -15.3144273758, -6.38926458359, 12.582909584, 18.9913711548, 0.885761857033, 3.08859753609, 34.4564323425, 78.1373901367, 20.8750114441, 1.77409803867], [-96.4447937012, -12.2966566086, 27.4678821564, 32.2649536133, 16.1926651001, 12.3236513138, 20.8000164032, -3.69793701172, 4.1761007309, -6.1782336235, 20.8750114441, 74.888343811, 34.2432327271], [-57.9435844421, -6.51577234268, 11.7239427567, 14.1935977936, 17.3132457733, 5.7591381073, 2.7449452877, 11.1604804993, 6.04148197174, 8.85028553009, 1.77409803867, 34.2432327271, 76.6491241455]],
        "icov": [[0.000104992817796, -0.000105250604975, 6.17409314145e-05, -7.24653000361e-05, 0.000294122030027, -0.000429876818089, 0.000458157068351, -0.000177210837137, -0.000174321612576, -0.000107319385279, 0.000215852283873, -0.000118159798149, 0.000123581587104], [-0.000105250604975, 0.000908133399207, 0.000295254634693, -0.000613715907093, -0.000134307934786, 0.00054191914387, -0.000860851141624, 3.48917128576e-05, 0.000621123996098, -0.000259812455624, -0.000258802407188, 0.000421142758569, -0.000119629046822], [6.17409314145e-05, 0.000295254634693, 0.0028551730793, -0.000674685405102, -0.000821205670945, 0.000434083543951, -0.000595974677708, -0.000513332081027, 0.000641345861368, -0.00012124398927, -0.000102904101368, -0.000487353507197, 0.000192511739442], [-7.24653000361e-05, -0.000613715907093, -0.000674685405102, 0.00555950542912, -0.00256725377403, 9.18328350963e-06, -0.00037093408173, 0.00174517929554, -0.00148427952081, 0.000505701173097, 0.00125960749574, -0.00191204925068, 0.000188786871149], [0.000294122030027, -0.000134307934786, -0.000821205670945, -0.00256725377403, 0.00912844948471, -0.00401207432151, 0.00143885693979, 0.00108042429201, -0.00134333991446, -0.00111503864173, 0.0015935653355, 0.000102640660771, -0.00100547343027], [-0.000429876818089, 0.00054191914387, 0.000434083543951, 9.18328350963e-06, -0.00401207432151, 0.0122687136754, -0.00586863653734, -0.00212982483208, 0.00117583805695, 0.0016501492355, -0.0025284239091, 0.000693189969752, -0.000376688229153], [0.000458157068351, -0.000860851141624, -0.000595974677708, -0.00037093408173, 0.00143885693979, -0.00586863653734, 0.0101838409901, -0.00263565452769, -0.000266958435532, 0.0022347944323, -0.00129091623239, -0.00136088847648, 0.000968882464804], [-0.000177210837137, 3.48917128576e-05, -0.000513332081027, 0.00174517929554, 0.00108042429201, -0.00212982483208, -0.00263565452769, 0.0118969408795, -0.00365189556032, -0.00216993666254, 0.00189561257139, 0.0011052780319, -0.00209679384716], [-0.000174321612576, 0.000621123996098, 0.000641345861368, -0.00148427952081, -0.00134333991446, 0.00117583805695, -0.000266958435532, -0.00365189556032, 0.00954181980342, -0.0041648237966, 0.000979124917649, -0.00142297730781, 0.00119601271581], [-0.000107319385279, -0.000259812455624, -0.00012124398927, 0.000505701173097, -0.00111503864173, 0.0016501492355, 0.0022347944323, -0.00216993666254, -0.0041648237966, 0.0142682557926, -0.00798150151968, 0.0037143107038, -0.00260837189853], [0.000215852283873, -0.000258802407188, -0.000102904101368, 0.00125960749574, 0.0015935653355, -0.0025284239091, -0.00129091623239, 0.00189561257139, 0.000979124917649, -0.00798150151968, 0.0196141023189, -0.0073984595947, 0.00321962428279], [-0.000118159798149, 0.000421142758569, -0.000487353507197, -0.00191204925068, 0.000102640660771, 0.000693189969752, -0.00136088847648, 0.0011052780319, -0.00142297730781, 0.0037143107038, -0.0073984595947, 0.0213616210967, -0.00950122065842], [0.000123581587104, -0.000119629046822, 0.000192511739442, 0.000188786871149, -0.00100547343027, -0.000376688229153, 0.000968882464804, -0.00209679384716, 0.00119601271581, -0.00260837189853, 0.00321962428279, -0.00950122065842, 0.0179684180766]]
    },
    "spectral_contrast_coeffs": {
        "mean": [-0.710382461548, -0.744652628899, -0.757686376572, -0.792635023594, -0.812782406807, -0.764110147953],
        "stdev": [0.0788894668221, 0.0863143801689, 0.0900274142623, 0.0616228021681, 0.0455733500421, 0.0568863376975]
    },
    "spectral_contrast_valleys": {
        "mean": [-7.43756008148, -7.70256567001, -8.41931152344, -8.58549213409, -8.66507911682, -11.5192737579],
        "stdev": [3.77349710464, 3.77240133286, 3.65348243713, 3.65392041206, 3.64904499054, 3.20703864098]
    }
},
"rhythm": {
    "beats_count": 411,
    "beats_loudness": {
        "mean": 0.0286888275295,
        "stdev": 0.0218452513218
    },
    "bpm": 133.517105103,
    "bpm_histogram_first_peak_bpm": 133,
    "bpm_histogram_first_peak_weight": 0.371657788754,
    "bpm_histogram_second_peak_bpm": 144,
    "bpm_histogram_second_peak_spread": 0.45454543829,
    "bpm_histogram_second_peak_weight": 0.0292682927102,
    "danceability": 0.9556427598,
    "onset_rate": 3.40583086014,
    "beats_loudness_band_ratio": {
        "mean": [0.46773147583, 0.184276327491, 0.229515299201, 0.0801962614059, 0.0596238300204, 0.0239188615233],
        "stdev": [0.253194242716, 0.153212219477, 0.191607028246, 0.100326903164, 0.0619860216975, 0.0296818297356]
    },
    "beats_position": [0.487619042397, 0.975238084793, 1.45124709606, 1.93886613846, 2.43809509277, 2.90249419212, 3.35528349876, 3.80807256699, 4.26086139679, 4.71365070343, 5.15482997894, 5.60761880875, 6.06040811539, 6.51319694519, 6.9543762207, 7.40716552734, 7.85995435715, 8.31274318695, 8.75392246246, 9.19510173798, 9.64789104462, 10.1006803513, 10.5534696579, 11.0062580109, 11.4590473175, 11.9118366241, 12.3530158997, 12.8058052063, 13.2585935593, 13.7113828659, 14.1641721725, 14.6053514481, 15.0465307236, 15.4993190765, 15.9521083832, 16.3932876587, 16.8460769653, 17.298866272, 17.7516555786, 18.2044448853, 18.6456241608, 19.0984115601, 19.5512008667, 20.0039901733, 20.45677948, 20.9095687866, 21.3623580933, 21.8151473999, 22.2563266754, 22.6975059509, 23.1502952576, 23.5914726257, 24.0326519012, 24.4854412079, 24.9382305145, 25.3910198212, 25.8438091278, 26.2849884033, 26.7261676788, 27.1789569855, 27.6317462921, 28.0729255676, 28.5141029358, 28.9785022736, 29.4196815491, 29.8724708557, 30.3252601624, 30.7664394379, 31.2192287445, 31.6720180511, 32.1131973267, 32.5659866333, 33.0187759399, 33.4599533081, 33.901134491, 34.3539237976, 34.8067131042, 35.2594985962, 35.7122879028, 36.1534690857, 36.6062583923, 37.059047699, 37.5002250671, 37.9530143738, 38.4058036804, 38.8469848633, 39.2997741699, 39.7525634766, 40.2053489685, 40.6581382751, 41.1225395203, 41.5637168884, 42.0048980713, 42.4692955017, 42.9104766846, 43.3632659912, 43.8044433594, 44.257232666, 44.7100219727, 45.1628112793, 45.6039886475, 46.0451698303, 46.4863471985, 46.9275283813, 47.3919258118, 47.8447151184, 48.297504425, 48.7386856079, 49.1798629761, 49.6442604065, 50.0854415894, 50.538230896, 50.9794082642, 51.4321975708, 51.8849868774, 52.3377761841, 52.7789573669, 53.2317466736, 53.6845359802, 54.1373214722, 54.5901107788, 55.0429000854, 55.4956893921, 55.936870575, 56.3896598816, 56.8424491882, 57.2836265564, 57.736415863, 58.1892051697, 58.6419944763, 59.094783783, 59.5359611511, 59.977142334, 60.4183197021, 60.8711090088, 61.3238983154, 61.7650794983, 62.2178688049, 62.6706581116, 63.1118354797, 63.5646247864, 64.0174102783, 64.470199585, 64.9229888916, 65.3641738892, 65.8053512573, 66.258140564, 66.7109298706, 67.1637191772, 67.6048965454, 68.0576858521, 68.5104751587, 68.9632644653, 69.416053772, 69.8688430786, 70.3100204468, 70.7511978149, 71.2039871216, 71.6567764282, 72.1095657349, 72.5507507324, 73.0035324097, 73.4447174072, 73.8975067139, 74.3502960205, 74.7914733887, 75.2442626953, 75.697052002, 76.1614532471, 76.6142425537, 77.0670318604, 77.5082092285, 77.9493865967, 78.3905639648, 78.85496521, 79.2961425781, 79.7489318848, 80.2017211914, 80.6428985596, 81.0956878662, 81.5484771729, 82.0012664795, 82.4540557861, 82.8952331543, 83.3480224609, 83.8008117676, 84.2419967651, 84.6947860718, 85.1475753784, 85.5887527466, 86.0299301147, 86.4827194214, 86.935508728, 87.3882980347, 87.8410873413, 88.2938766479, 88.7466659546, 89.1994552612, 89.6522445679, 90.093421936, 90.5345993042, 90.9873886108, 91.4401779175, 91.8929672241, 92.3457565308, 92.7869338989, 93.2281188965, 93.6692962646, 94.1220855713, 94.5748748779, 95.0276641846, 95.4804534912, 95.9216308594, 96.374420166, 96.8155975342, 97.2567749023, 97.709564209, 98.1623535156, 98.6151428223, 99.0563278198, 99.5091171265, 99.9619064331, 100.41469574, 100.867477417, 101.320266724, 101.761451721, 102.214241028, 102.667030334, 103.119819641, 103.560997009, 104.002174377, 104.454963684, 104.907752991, 105.348930359, 105.790107727, 106.242897034, 106.69568634, 107.148475647, 107.601264954, 108.05405426, 108.506843567, 108.959632874, 109.41242218, 109.853607178, 110.294784546, 110.735961914, 111.200363159, 111.653152466, 112.105941772, 112.558731079, 113.011520386, 113.452697754, 113.893875122, 114.346664429, 114.799453735, 115.252243042, 115.705032349, 116.146209717, 116.598999023, 117.05178833, 117.492965698, 117.934150696, 118.375328064, 118.828117371, 119.280906677, 119.733695984, 120.186485291, 120.627662659, 121.068840027, 121.521629333, 121.97441864, 122.438819885, 122.879997253, 123.321174622, 123.773963928, 124.226753235, 124.679542542, 125.132331848, 125.573509216, 126.026298523, 126.47908783, 126.931877136, 127.384666443, 127.82585144, 128.267028809, 128.719818115, 129.172607422, 129.625396729, 130.078186035, 130.530975342, 130.983764648, 131.436553955, 131.889343262, 132.33052063, 132.771697998, 133.224487305, 133.677276611, 134.118453979, 134.559631348, 135.000808716, 135.453598022, 135.906387329, 136.359176636, 136.811965942, 137.276367188, 137.717544556, 138.158721924, 138.61151123, 139.064300537, 139.505477905, 139.946670532, 140.399459839, 140.852249146, 141.305038452, 141.757827759, 142.199005127, 142.640182495, 143.092971802, 143.545761108, 143.986938477, 144.451339722, 144.904129028, 145.356918335, 145.809707642, 146.262496948, 146.715286255, 147.168075562, 147.620864868, 148.062042236, 148.503219604, 148.956008911, 149.408798218, 149.861587524, 150.302764893, 150.743942261, 151.185119629, 151.637908936, 152.090698242, 152.543487549, 152.996276855, 153.437454224, 153.878631592, 154.31980896, 154.772598267, 155.225387573, 155.689788818, 156.142578125, 156.595367432, 157.0365448, 157.477722168, 157.930511475, 158.383300781, 158.836090088, 159.288879395, 159.741668701, 160.182861328, 160.624038696, 161.076828003, 161.518005371, 161.970794678, 162.423583984, 162.876373291, 163.329162598, 163.781951904, 164.234741211, 164.675918579, 165.117095947, 165.558273315, 166.011062622, 166.463851929, 166.916641235, 167.369430542, 167.81060791, 168.275009155, 168.7394104, 169.203811646, 169.67980957, 170.155822754, 170.631835938, 171.061401367, 171.490966797, 171.920547485, 172.350112915, 172.768066406, 173.186035156, 173.603988647, 174.021942139, 174.439910889, 174.85786438, 175.275817871, 175.682174683, 176.088516235, 176.494873047, 176.854782104, 177.226303101, 177.597824097, 177.969345093, 178.398910522, 178.828475952, 179.26965332, 179.722442627, 180.105575562, 180.488708496, 180.860229492, 181.30140686, 181.719360352, 182.148925781, 182.566894531, 182.984848022, 183.402801514, 183.820770264],
    "bpm_histogram": [0, 0, 0, 0, 0, 0, 0, 0, 0, 0, 0, 0, 0, 0, 0, 0, 0, 0, 0, 0, 0, 0, 0, 0, 0, 0, 0, 0, 0, 0, 0, 0, 0, 0, 0, 0, 0, 0, 0, 0, 0, 0, 0, 0, 0, 0, 0, 0, 0, 0, 0, 0, 0, 0, 0, 0, 0, 0, 0, 0, 0, 0, 0, 0, 0, 0, 0, 0, 0, 0, 0, 0, 0, 0, 0, 0, 0, 0, 0, 0, 0, 0, 0, 0, 0, 0, 0, 0, 0, 0, 0, 0, 0, 0, 0, 0, 0, 0, 0, 0, 0, 0, 0, 0, 0, 0, 0, 0, 0, 0, 0, 0, 0, 0, 0, 0, 0, 0, 0, 0, 0.00243902439252, 0, 0, 0.00487804878503, 0, 0, 0.00975609757006, 0, 0, 0.0390243902802, 0, 0, 0, 0.573170721531, 0, 0, 0.300000011921, 0, 0, 0, 0.0170731712133, 0, 0, 0, 0.0292682927102, 0, 0, 0, 0.00731707317755, 0, 0, 0, 0, 0, 0, 0, 0, 0.00487804878503, 0, 0, 0, 0.00975609757006, 0, 0, 0, 0, 0, 0.00243902439252, 0, 0, 0, 0, 0, 0, 0, 0, 0, 0, 0, 0, 0, 0, 0, 0, 0, 0, 0, 0, 0, 0, 0, 0, 0, 0, 0, 0, 0, 0, 0, 0, 0, 0, 0, 0, 0, 0, 0, 0, 0, 0, 0, 0, 0, 0, 0, 0, 0, 0, 0, 0, 0, 0, 0, 0, 0, 0, 0, 0, 0, 0, 0, 0, 0, 0, 0, 0, 0, 0, 0, 0, 0, 0, 0, 0, 0, 0, 0, 0, 0, 0]
},
"tonal": {
    "chords_changes_rate": 0.0541289038956,
    "chords_number_rate": 0.0025176233612,
    "chords_strength": {
        "mean": 0.491051435471,
        "stdev": 0.258850485086
    },
    "hpcp_crest": {
        "mean": 13.4629850388,
        "stdev": 7.00722455978
    },
    "hpcp_entropy": {
        "mean": 1.8542522192,
        "stdev": 0.781884908676
    },
    "key_edma": {
        "strength": 0.761417269707,
        "key": "C",
        "scale": "major"
    },
    "key_krumhansl": {
        "strength": 0.767874062061,
        "key": "C",
        "scale": "major"
    },
    "key_temperley": {
        "strength": 0.772760748863,
        "key": "C",
        "scale": "major"
    },
    "tuning_diatonic_strength": 0.622192621231,
    "tuning_equal_tempered_deviation": 0.00820622686297,
    "tuning_frequency": 439.745910645,
    "tuning_nontempered_energy_ratio": 0.671026229858,
    "hpcp": {
        "mean": [0.273541390896, 0.163459315896, 0.0501348637044, 0.0320773310959, 0.0410809479654, 0.112828850746, 0.175389662385, 0.13487175107, 0.165380716324, 0.217306345701, 0.126918926835, 0.0544768497348, 0.0464008040726, 0.0459730289876, 0.0933826267719, 0.1586060673, 0.131163865328, 0.0668369829655, 0.0416831076145, 0.0422588773072, 0.176563844085, 0.304255902767, 0.194482326508, 0.105697266757, 0.120471835136, 0.0787874758244, 0.0596675276756, 0.0747941955924, 0.0825854241848, 0.214959949255, 0.302000194788, 0.1667522192, 0.0676897615194, 0.0627175718546, 0.0794932097197, 0.191371574998],
        "stdev": [0.361357867718, 0.250714570284, 0.132940500975, 0.101095862687, 0.124696418643, 0.200206637383, 0.258778452873, 0.216177731752, 0.253608047962, 0.317180722952, 0.213369548321, 0.147295385599, 0.128965869546, 0.129762932658, 0.179459661245, 0.261256486177, 0.22930200398, 0.154233381152, 0.113727785647, 0.122973293066, 0.237982228398, 0.367558985949, 0.252461880445, 0.207988709211, 0.259757906199, 0.180719584227, 0.142505154014, 0.164055004716, 0.16989043355, 0.288801342249, 0.371266782284, 0.238687545061, 0.161381453276, 0.159730061889, 0.181472450495, 0.278767615557]
    },
    "chords_histogram": [19.8388729095, 7.15005016327, 16.6163139343, 2.74420952797, 0.679758310318, 0.906344413757, 4.95971822739, 0.478348433971, 1.91339373589, 0.704934537411, 0.679758310318, 0, 0, 0, 0, 2.36656594276, 0, 0.579053401947, 0, 0.07552870363, 0, 1.38469290733, 6.16817712784, 32.7542800903],
    "thpcp": [1, 0.639206409454, 0.347395956516, 0.395955622196, 0.258951336145, 0.196109682322, 0.245826601982, 0.271434098482, 0.706510365009, 0.992586135864, 0.548065662384, 0.222476407886, 0.206134274602, 0.261270880699, 0.628982305527, 0.899050414562, 0.537242889404, 0.164778605103, 0.105428785086, 0.135021045804, 0.370835363865, 0.576454401016, 0.44328391552, 0.543557941914, 0.714222311974, 0.417145311832, 0.179049447179, 0.152505844831, 0.151099875569, 0.306921333075, 0.521291673183, 0.431097179651, 0.219673573971, 0.137000158429, 0.138892546296, 0.580313622952],
    "chords_key": "A",
    "chords_scale": "minor"
}
}