{
"metadata": {
    "version": {
        "essentia": "2.1-dev",
        "essentia_git_sha": "v2.1_beta3-415-gd5473f3",
        "extractor": "music 2.0"
    },
    "audio_properties": {
        "analysis": {
            "equal_loudness": 0,
            "length": 284.525726318,
            "sample_rate": 44100,
            "start_time": 0,
            "downmix": "mix"
        },
        "bit_rate": 192000,
        "length": 284.525726318,
        "lossless": 0,
        "number_channels": 2,
        "replay_gain": -10.8335475922,
        "sample_rate": 44100,
        "codec": "mp3",
        "md5_encoded": "0592f17c38d7e2c99d3114c3ea95af08"
    },
    "tags": {
        "file_name": "jerry_cantrell-angel_eyes.mp3",
        "album": ["Degradation Trip (Advance)    "],
        "artist": ["Jerry Cantrell                "],
        "date": ["2002"],
        "genre": ["Metal"],
        "title": ["Angel Eyes                    "]
    }
},
"lowlevel": {
    "average_loudness": 0.91449379921,
    "barkbands_crest": {
        "mean": 7.26067781448,
        "stdev": 2.98847293854
    },
    "barkbands_flatness_db": {
        "mean": 0.0973344519734,
        "stdev": 0.0395927987993
    },
    "barkbands_kurtosis": {
        "mean": 2.24267625809,
        "stdev": 5.22912216187
    },
    "barkbands_skewness": {
        "mean": 1.29548108578,
        "stdev": 0.99146425724
    },
    "barkbands_spread": {
        "mean": 27.7175312042,
        "stdev": 12.0096502304
    },
    "dissonance": {
        "mean": 0.476423084736,
        "stdev": 0.0165764149278
    },
    "dynamic_complexity": 2.71013236046,
    "erbbands_crest": {
        "mean": 7.22945308685,
        "stdev": 2.98750638962
    },
    "erbbands_flatness_db": {
        "mean": 0.133446276188,
        "stdev": 0.0383452959359
    },
    "erbbands_kurtosis": {
        "mean": -0.272532045841,
        "stdev": 1.0407282114
    },
    "erbbands_skewness": {
        "mean": 0.0204929802567,
        "stdev": 0.553506493568
    },
    "erbbands_spread": {
        "mean": 42.6336669922,
        "stdev": 16.7590999603
    },
    "hfc": {
        "mean": 24.2712116241,
        "stdev": 17.3428878784
    },
    "loudness_ebu128": {
        "integrated": -11.9849500656,
        "loudness_range": 5.30829811096,
        "momentary": {
            "mean": -14.2333889008,
            "stdev": 18.7993793488
        },
        "short_term": {
            "mean": -12.6424179077,
            "stdev": 2.80265522003
        }
    },
    "melbands_crest": {
        "mean": 11.9189825058,
        "stdev": 4.35583305359
    },
    "melbands_flatness_db": {
        "mean": 0.171247407794,
        "stdev": 0.0537710338831
    },
    "melbands_kurtosis": {
        "mean": 10.6191978455,
        "stdev": 16.4624156952
    },
    "melbands_skewness": {
        "mean": 2.49240899086,
        "stdev": 1.46736383438
    },
    "melbands_spread": {
        "mean": 28.5596237183,
        "stdev": 16.7296695709
    },
    "pitch_salience": {
        "mean": 0.611981093884,
        "stdev": 0.0876240357757
    },
    "silence_rate_20dB": {
        "mean": 1,
        "stdev": 0
    },
    "silence_rate_30dB": {
        "mean": 1,
        "stdev": 0
    },
    "silence_rate_60dB": {
        "mean": 0.0507547929883,
        "stdev": 0.219469338655
    },
    "spectral_centroid": {
        "mean": 1623.11657715,
        "stdev": 900.782836914
    },
    "spectral_complexity": {
        "mean": 25.403591156,
        "stdev": 11.7466955185
    },
    "spectral_decrease": {
        "mean": -6.67415900324e-09,
        "stdev": 3.98557897796e-09
    },
    "spectral_energy": {
        "mean": 0.027391275391,
        "stdev": 0.0161422044039
    },
    "spectral_energyband_high": {
        "mean": 0.00092645798577,
        "stdev": 0.00126662733965
    },
    "spectral_energyband_low": {
        "mean": 0.00917045399547,
        "stdev": 0.00975182279944
    },
    "spectral_energyband_middle_high": {
        "mean": 0.00684946449474,
        "stdev": 0.00570138683543
    },
    "spectral_energyband_middle_low": {
        "mean": 0.0123877795413,
        "stdev": 0.00836384296417
    },
    "spectral_entropy": {
        "mean": 7.73103189468,
        "stdev": 0.353183925152
    },
    "spectral_flux": {
        "mean": 0.0832938551903,
        "stdev": 0.0431608296931
    },
    "spectral_kurtosis": {
        "mean": 4.15534496307,
        "stdev": 1.94739961624
    },
    "spectral_rms": {
        "mean": 0.00490913027897,
        "stdev": 0.00161979184486
    },
    "spectral_rolloff": {
        "mean": 1758.3269043,
        "stdev": 1807.39916992
    },
    "spectral_skewness": {
        "mean": 1.42701292038,
        "stdev": 0.346808701754
    },
    "spectral_spread": {
        "mean": 4725184.5,
        "stdev": 3178574.75
    },
    "spectral_strongpeak": {
        "mean": 0.681311428547,
        "stdev": 1.00002408028
    },
    "zerocrossingrate": {
        "mean": 0.0698558539152,
        "stdev": 0.044238563627
    },
    "barkbands": {
        "mean": [0.000512282538693, 0.00405855989084, 0.00305278133601, 0.00262484233826, 0.00320684094913, 0.00188525789417, 0.00127895106561, 0.00080575037282, 0.00184254720807, 0.00143720780034, 0.000461659539724, 0.000547650968656, 0.00069998728577, 0.000703459139913, 0.000626400229521, 0.000630165392067, 0.000800364359748, 0.000423753372161, 0.000541565183084, 0.00046105767251, 0.000179642229341, 0.000228540811804, 0.000111751076474, 0.000104056394775, 0.000100681842014, 4.88704354211e-05, 1.66414756677e-05],
        "stdev": [0.000436389935203, 0.00693354429677, 0.00346489762887, 0.00298253353685, 0.00311124627478, 0.00253296876326, 0.00172090937849, 0.00129930919502, 0.00203625881113, 0.0020582631696, 0.000807497999631, 0.000846406153869, 0.00105043512303, 0.00131734553725, 0.00114736170508, 0.000983978039585, 0.00107205810491, 0.000459671136923, 0.000586805981584, 0.000549153948668, 0.000320994120557, 0.000412980967667, 0.000189081169083, 0.000252987374552, 0.00016860156029, 8.31181096146e-05, 3.91233734263e-05]
    },
    "erbbands": {
        "mean": [0.149567365646, 0.795363605022, 3.19459056854, 7.05494117737, 9.74345111847, 10.5331325531, 13.6995296478, 13.5871686935, 18.5301036835, 15.0474967957, 24.1702003479, 44.4429397583, 50.3613128662, 32.6682891846, 17.2025928497, 25.1925773621, 32.7910690308, 39.6076545715, 31.5964584351, 33.1282043457, 38.4450302124, 44.035736084, 25.6939277649, 25.8045005798, 29.3816623688, 20.4041347504, 8.10592460632, 7.51325941086, 8.66627693176, 4.87143373489, 3.02448415756, 2.56484103203, 1.72582066059, 1.43341767788, 0.478298902512, 0.234219834208, 0.0867857262492, 0.0309759899974, 0.00188100128435, 7.3478811828e-05],
        "stdev": [0.200034171343, 1.66284036636, 4.02049255371, 7.15297460556, 9.77457332611, 12.4196996689, 17.4493865967, 22.8476085663, 24.7054195404, 21.3383998871, 34.5088195801, 49.343006134, 72.2299118042, 47.9527702332, 24.1148548126, 36.1064186096, 47.7209815979, 71.9529724121, 50.8545799255, 63.418006897, 54.607837677, 60.3086700439, 28.0224647522, 25.3861923218, 32.524471283, 24.4916152954, 13.1251153946, 13.71159935, 16.0135784149, 8.72281265259, 5.0478515625, 5.06584358215, 4.54454803467, 2.59309411049, 0.829677939415, 0.391151726246, 0.153872892261, 0.0669119954109, 0.0042434791103, 0.000101213874586]
    },
    "gfcc": {
        "mean": [20.1784801483, 87.0164718628, -114.073890686, 34.0253829956, -49.4004402161, 7.76990270615, -33.9466552734, 13.5515422821, -26.6196937561, -1.83790159225, -19.7434997559, -1.73249220848, -14.1150636673],
        "cov": [[14748.7353516, -176.39805603, -1015.60742188, 155.353271484, -528.400146484, 325.515533447, -377.484710693, 217.371307373, -155.66418457, 239.418563843, -203.614227295, 116.402702332, -90.2479400635], [-176.39805603, 1098.28723145, -558.19909668, 42.6837692261, 74.8964614868, -148.101654053, 99.4183425903, -25.3910694122, 10.4910211563, -134.835144043, 87.9415283203, -113.345695496, 32.1688232422], [-1015.60742188, -558.19909668, 891.969787598, -5.11495923996, 81.1343765259, 92.0423965454, -21.9658317566, 26.4467449188, -10.8195447922, 74.1873626709, -27.2271537781, 118.483299255, -35.9430503845], [155.353271484, 42.6837692261, -5.11495923996, 236.796234131, 2.25094771385, 13.2201986313, -8.56925964355, 4.32099056244, 29.2718467712, 2.27477407455, -3.04759383202, -12.0186252594, 18.0382175446], [-528.400146484, 74.8964614868, 81.1343765259, 2.25094771385, 209.417114258, -23.2175693512, 47.3711051941, 25.5103874207, 12.884106636, 6.50098562241, 12.9605369568, 2.66377568245, 12.0205898285], [325.515533447, -148.101654053, 92.0423965454, 13.2201986313, -23.2175693512, 162.330673218, 38.1769294739, 20.7799453735, -3.86466026306, 25.0991897583, -9.72765254974, 16.6250286102, -10.1081447601], [-377.484710693, 99.4183425903, -21.9658317566, -8.56925964355, 47.3711051941, 38.1769294739, 146.896896362, 13.6836595535, 4.94636774063, -10.8759155273, 23.2441215515, -3.76857376099, 3.6458940506], [217.371307373, -25.3910694122, 26.4467449188, 4.32099056244, 25.5103874207, 20.7799453735, 13.6836595535, 92.7586898804, 15.8184013367, 14.7224779129, -3.71107935905, 5.48027563095, 1.63270807266], [-155.66418457, 10.4910211563, -10.8195447922, 29.2718467712, 12.884106636, -3.86466026306, 4.94636774063, 15.8184013367, 105.357086182, 30.855802536, 5.04115724564, -9.12222194672, 14.84852314], [239.418563843, -134.835144043, 74.1873626709, 2.27477407455, 6.50098562241, 25.0991897583, -10.8759155273, 14.7224779129, 30.855802536, 89.9177627563, 7.62173175812, 27.5149040222, -3.79711151123], [-203.614227295, 87.9415283203, -27.2271537781, -3.04759383202, 12.9605369568, -9.72765254974, 23.2441215515, -3.71107935905, 5.04115724564, 7.62173175812, 72.3272628784, 12.6080570221, 4.03805446625], [116.402702332, -113.345695496, 118.483299255, -12.0186252594, 2.66377568245, 16.6250286102, -3.76857376099, 5.48027563095, -9.12222194672, 27.5149040222, 12.6080570221, 78.3122329712, 7.15483188629], [-90.2479400635, 32.1688232422, -35.9430503845, 18.0382175446, 12.0205898285, -10.1081447601, 3.6458940506, 1.63270807266, 14.84852314, -3.79711151123, 4.03805446625, 7.15483188629, 57.340385437]],
        "icov": [[0.000145395184518, -0.000116010603961, 0.000300068757497, -0.000111227112939, 0.000159469345817, -0.000370916997781, 0.000407451821957, -0.000388584536267, 0.000333303178195, -0.000559878710192, 0.000555013015401, -0.000617834622972, 0.000317966740113], [-0.000116010603961, 0.00233714515343, 0.000717572693247, -0.000348862144165, -0.000919122481719, 0.00134439649992, -0.0011955795344, 0.000330190261593, -0.000575382320676, 0.00267867767252, -0.00266570807435, 0.00151241838466, -0.000112533882202], [0.000300068757497, 0.000717572693247, 0.00279804365709, -0.000521912355907, -0.00100472127087, -0.00112401845399, 0.000968136242591, -0.000670981185976, 0.000410121516325, -0.000474797067, 0.00120258866809, -0.00353237567469, 0.00217626709491], [-0.000111227112939, -0.000348862144165, -0.000521912355907, 0.00475040497258, -6.09174821875e-05, -0.000670541427098, 0.000480457878439, 0.000316860241583, -0.00131464004517, 0.000289372808766, -0.000163500357303, 0.00125413923524, -0.00173127348535], [0.000159469345817, -0.000919122481719, -0.00100472127087, -6.09174821875e-05, 0.00671432400122, 0.00131691142451, -0.00171675474849, -0.00195545214228, 0.000634657393675, -0.00214460864663, 0.000810363970231, 0.000301378953736, -0.0012556159636], [-0.000370916997781, 0.00134439649992, -0.00112401845399, -0.000670541427098, 0.00131691142451, 0.00995730608702, -0.00486239977181, -0.00044797823648, 0.000130485292175, -1.08949407149e-05, -0.000813817838207, 0.0019060295308, -0.000245522242039], [0.000407451821957, -0.0011955795344, 0.000968136242591, 0.000480457878439, -0.00171675474849, -0.00486239977181, 0.0108217382804, -0.00157054851297, 0.000191226645256, -1.84429136425e-05, -0.000638514582533, -0.00195324234664, 0.000865064910613], [-0.000388584536267, 0.000330190261593, -0.000670981185976, 0.000316860241583, -0.00195545214228, -0.00044797823648, -0.00157054851297, 0.0130977155641, -0.00240051350556, 0.000541454821359, -0.000280231412034, 0.000927754445001, -0.000697780807968], [0.000333303178195, -0.000575382320676, 0.000410121516325, -0.00131464004517, 0.000634657393675, 0.000130485292175, 0.000191226645256, -0.00240051350556, 0.0133567582816, -0.00716789765283, 0.00106487912126, 0.00213711196557, -0.00281093199737], [-0.000559878710192, 0.00267867767252, -0.000474797067, 0.000289372808766, -0.00214460864663, -1.08949407149e-05, -1.84429136425e-05, 0.000541454821359, -0.00716789765283, 0.020652089268, -0.00604010652751, -0.00174978096038, 0.00152824132238], [0.000555013015401, -0.00266570807435, 0.00120258866809, -0.000163500357303, 0.000810363970231, -0.000813817838207, -0.000638514582533, -0.000280231412034, 0.00106487912126, -0.00604010652751, 0.0208122543991, -0.007655616384, 0.00172340101562], [-0.000617834622972, 0.00151241838466, -0.00353237567469, 0.00125413923524, 0.000301378953736, 0.0019060295308, -0.00195324234664, 0.000927754445001, 0.00213711196557, -0.00174978096038, -0.007655616384, 0.0235876627266, -0.00713243568316], [0.000317966740113, -0.000112533882202, 0.00217626709491, -0.00173127348535, -0.0012556159636, -0.000245522242039, 0.000865064910613, -0.000697780807968, -0.00281093199737, 0.00152824132238, 0.00172340101562, -0.00713243568316, 0.0216946005821]]
    },
    "melbands": {
        "mean": [0.00119970098604, 0.00146159459837, 0.0012825333979, 0.000750523409806, 0.000455049914308, 0.00032333569834, 0.000285971997073, 0.000154193097842, 0.000213226245251, 0.000283674598904, 0.000246025650995, 0.000131436841912, 5.69451331103e-05, 6.0670554376e-05, 6.60155201331e-05, 6.99799493304e-05, 7.58919850341e-05, 4.92790532007e-05, 4.16586335632e-05, 4.4996078941e-05, 4.43535354862e-05, 4.78792280774e-05, 3.40126025549e-05, 1.65694109455e-05, 2.10745656659e-05, 2.1253423256e-05, 2.19433877646e-05, 1.11256385935e-05, 4.87641818836e-06, 4.41328211309e-06, 4.31434227721e-06, 5.29153749085e-06, 3.78494974029e-06, 2.20618267122e-06, 1.59530941346e-06, 1.92996139958e-06, 1.42505439271e-06, 1.20229231015e-06, 1.34478364089e-06, 1.07847904474e-06],
        "stdev": [0.00179824919906, 0.00209727999754, 0.00117728393525, 0.000775465217885, 0.000530370802153, 0.00049818365369, 0.000373405811843, 0.000214972053072, 0.000288488226943, 0.000320428691339, 0.000359691213816, 0.00020174360543, 8.33732628962e-05, 0.000101008103229, 8.47117189551e-05, 0.000114990631118, 0.000156316717039, 8.13223450677e-05, 7.81648923294e-05, 8.34520033095e-05, 6.31360890111e-05, 7.15240676072e-05, 4.15139438701e-05, 1.7425230908e-05, 2.16867174458e-05, 2.63249094132e-05, 2.65981634584e-05, 1.46373567986e-05, 8.76554986462e-06, 7.46754767533e-06, 8.83977008925e-06, 1.01103232737e-05, 7.0037194746e-06, 4.04947968491e-06, 2.74552894552e-06, 3.668635145e-06, 3.14260546475e-06, 3.57032740794e-06, 2.86032673102e-06, 1.87553871456e-06]
    },
    "melbands128": {
        "mean": [0.000483794923639, 0.00137807033025, 0.00126296596136, 0.00130668911152, 0.00158192112576, 0.00146291474812, 0.00152182672173, 0.00116044573952, 0.000987707753666, 0.000825256516691, 0.000645175983664, 0.000381600781111, 0.000534156977665, 0.000422348501161, 0.000264752248768, 0.000324076478137, 0.000313855416607, 0.000284899520921, 0.000285287387669, 0.000143331446452, 9.48387969402e-05, 0.000163896867889, 0.000239794506342, 0.000228314471315, 0.000310299597913, 0.000295376579743, 0.000246417155722, 0.000326053210301, 0.000132104411023, 0.000159266739502, 0.000133375942823, 7.2887269198e-05, 4.65232660645e-05, 4.95469939779e-05, 5.06868600496e-05, 6.73839967931e-05, 7.85314914538e-05, 5.07491713506e-05, 7.22307304386e-05, 8.20404529804e-05, 6.83292892063e-05, 5.29723511136e-05, 8.89212897164e-05, 8.52973826113e-05, 3.62369282811e-05, 5.24890274392e-05, 5.2574545407e-05, 3.34554315486e-05, 3.84693521482e-05, 5.52433702978e-05, 4.08916603192e-05, 3.88783009839e-05, 5.14983257744e-05, 3.99089731218e-05, 4.60101036879e-05, 5.46264564036e-05, 4.13568704971e-05, 4.33975765191e-05, 3.02921434923e-05, 1.8731725504e-05, 1.28222091007e-05, 1.57116974151e-05, 2.35052393691e-05, 2.06128352147e-05, 2.16920470848e-05, 2.18639070226e-05, 1.98452162294e-05, 2.26077809202e-05, 2.36194846366e-05, 2.01008733711e-05, 1.02981675809e-05, 7.99180361355e-06, 5.2733234952e-06, 4.22194261773e-06, 4.21207278123e-06, 4.95763561048e-06, 4.09055382988e-06, 4.09484800912e-06, 4.1437829168e-06, 4.67711242891e-06, 5.5676187003e-06, 5.72750650463e-06, 4.44078568762e-06, 3.35435402121e-06, 3.78308982363e-06, 2.15786576518e-06, 1.90888340512e-06, 1.61194691373e-06, 1.54755900894e-06, 1.56192959366e-06, 1.87735781765e-06, 2.32920888266e-06, 1.44161322169e-06, 1.42114492974e-06, 1.37799565891e-06, 1.27240548409e-06, 1.25908718474e-06, 9.47084231484e-07, 8.31748138808e-07, 2.14275041799e-06, 1.64484345078e-06, 7.04273020347e-07, 6.23866299065e-07, 5.05586797317e-07, 5.44265162716e-07, 4.59216607851e-07, 4.94710548082e-07, 4.09126784007e-07, 4.15561174805e-07, 3.77694988174e-07, 3.42320447544e-07, 2.87082656314e-07, 2.89364436412e-07, 2.15350311805e-07, 1.9467709933e-07, 2.29980898325e-07, 4.34398941707e-07, 1.38984887599e-07, 5.56996795353e-08, 4.73345522778e-08, 2.97971709529e-08, 1.6131780356e-08, 4.89826978978e-09, 8.29762560745e-12, 3.49118195291e-12, 3.44596161501e-12, 3.41361943053e-12, 3.3888122343e-12],
        "stdev": [0.00041736397543, 0.00167849229183, 0.00261723529547, 0.00296681839973, 0.00246800575405, 0.00160366564523, 0.00170403346419, 0.00136335426942, 0.00120087608229, 0.00111017306335, 0.00104922661558, 0.00055399077246, 0.000787967117503, 0.000704349193256, 0.0006553910207, 0.000526384043042, 0.00051684200298, 0.000479662034195, 0.000505468691699, 0.000267555908067, 0.000215638749069, 0.000303259730572, 0.000432227214333, 0.000360339618055, 0.000445972924354, 0.000468788464786, 0.000404773250921, 0.000644773652311, 0.000251512596151, 0.000342103274306, 0.000246050476562, 0.000165863908478, 8.72199307196e-05, 0.000116507348139, 0.000158288312377, 0.00014618782734, 0.000143845551065, 8.91665840754e-05, 0.000149584651808, 0.000164961311384, 0.000172859494342, 0.00012886498007, 0.00022820274171, 0.000211330945604, 8.55796097312e-05, 0.000122556768474, 0.000135142123327, 0.000111790854135, 8.96345081856e-05, 0.000169318635017, 0.00010887474491, 6.44054671284e-05, 0.000110590153781, 6.59891520627e-05, 7.68427780713e-05, 0.000119833355711, 7.1711052442e-05, 6.90706874593e-05, 4.55785375379e-05, 2.93256980513e-05, 1.74241831701e-05, 1.88502217497e-05, 2.97021670121e-05, 2.58685322478e-05, 2.93520170089e-05, 3.66087042494e-05, 3.10353207169e-05, 3.35905424436e-05, 3.50331720256e-05, 3.44354666595e-05, 1.61354128068e-05, 1.2508875443e-05, 1.0600184396e-05, 9.87248040474e-06, 8.93214473763e-06, 9.1380561571e-06, 7.05500315235e-06, 8.58145813254e-06, 1.01818231997e-05, 1.11586368803e-05, 1.11411645776e-05, 1.19422547868e-05, 9.22889375943e-06, 6.95780636306e-06, 7.90005560702e-06, 4.51945152236e-06, 3.71859437109e-06, 3.259740879e-06, 2.84203838419e-06, 2.92298250315e-06, 3.8061439227e-06, 4.94653158967e-06, 3.37560413755e-06, 3.39430812346e-06, 3.29278532263e-06, 3.8430348468e-06, 4.39865061708e-06, 3.23845370076e-06, 2.55633335655e-06, 4.67507697977e-06, 3.09269898935e-06, 1.37128620281e-06, 1.25052486055e-06, 1.03629156456e-06, 1.10159226097e-06, 8.64470393935e-07, 8.75463285865e-07, 7.78870401064e-07, 7.68943721141e-07, 6.44074646061e-07, 6.35652270375e-07, 5.31729767772e-07, 5.81456447435e-07, 4.15731477688e-07, 3.91309015413e-07, 4.53835752978e-07, 1.29953423311e-06, 3.28534440541e-07, 1.76318906142e-07, 1.60178672104e-07, 1.16603466438e-07, 7.03453437723e-08, 2.88346928556e-08, 5.16372500314e-11, 5.61429375212e-12, 5.53954581858e-12, 5.48543415552e-12, 5.45265221863e-12]
    },
    "mfcc": {
        "mean": [-619.436950684, 119.066848755, -5.43658971786, 28.9203414917, 6.15004396439, -1.20024394989, 3.34468841553, 7.36253499985, 0.320814996958, 2.78474068642, -0.307106018066, -4.9419836998, -2.59776878357],
        "cov": [[6633.96679688, -140.48588562, -210.337051392, -179.443786621, -124.364685059, 72.8913192749, -104.162742615, -82.9859161377, 170.199478149, 27.1346492767, 109.602249146, -44.5397415161, 19.4672889709], [-140.48588562, 914.893493652, -339.738525391, 115.549041748, -20.8283596039, -78.7552719116, 63.2483558655, 60.2113075256, -55.7397346497, 28.1422424316, -16.0267848969, -9.06147670746, -1.81943464279], [-210.337051392, -339.738525391, 575.953430176, -14.3709020615, 73.4674301147, 72.6537322998, -11.2346858978, 10.7494916916, 3.64594435692, -33.9547462463, 16.4343166351, 21.9171237946, 5.44582176208], [-179.443786621, 115.549041748, -14.3709020615, 213.987594604, 60.2646369934, -5.18216323853, -2.64453983307, 8.76951408386, 7.78788232803, 10.6989793777, -13.2857904434, 4.98111534119, 19.4997634888], [-124.364685059, -20.8283596039, 73.4674301147, 60.2646369934, 155.051864624, -7.22368526459, -5.16385555267, -10.9683628082, 26.1907176971, 5.45710945129, -1.39534032345, -1.87511575222, 20.0591430664], [72.8913192749, -78.7552719116, 72.6537322998, -5.18216323853, -7.22368526459, 126.09942627, 24.8364048004, 14.1205816269, 9.73086833954, 3.14810061455, 21.9751796722, 11.5766525269, -18.5720996857], [-104.162742615, 63.2483558655, -11.2346858978, -2.64453983307, -5.16385555267, 24.8364048004, 132.454467773, 45.8267974854, -4.29104232788, 4.26466035843, -3.12591934204, 14.6261386871, -10.2331762314], [-82.9859161377, 60.2113075256, 10.7494916916, 8.76951408386, -10.9683628082, 14.1205816269, 45.8267974854, 88.9706726074, 6.61199474335, 10.7918310165, -1.67242586613, 8.38752174377, 1.51795268059], [170.199478149, -55.7397346497, 3.64594435692, 7.78788232803, 26.1907176971, 9.73086833954, -4.29104232788, 6.61199474335, 97.4188919067, 20.6662807465, 10.8328886032, 1.85422217846, 1.45933711529], [27.1346492767, 28.1422424316, -33.9547462463, 10.6989793777, 5.45710945129, 3.14810061455, 4.26466035843, 10.7918310165, 20.6662807465, 73.2841339111, 17.7317390442, 2.90751266479, -2.49321460724], [109.602249146, -16.0267848969, 16.4343166351, -13.2857904434, -1.39534032345, 21.9751796722, -3.12591934204, -1.67242586613, 10.8328886032, 17.7317390442, 71.9159240723, 15.8364439011, 3.25187540054], [-44.5397415161, -9.06147670746, 21.9171237946, 4.98111534119, -1.87511575222, 11.5766525269, 14.6261386871, 8.38752174377, 1.85422217846, 2.90751266479, 15.8364439011, 54.3724021912, 10.237443924], [19.4672889709, -1.81943464279, 5.44582176208, 19.4997634888, 20.0591430664, -18.5720996857, -10.2331762314, 1.51795268059, 1.45933711529, -2.49321460724, 3.25187540054, 10.237443924, 77.0263595581]],
        "icov": [[0.00017723091878, -1.44699906741e-05, 6.25194807071e-05, 0.000115939677926, 0.000150448118802, -0.000146232181578, 8.16988176666e-05, 0.000155402391101, -0.000352486706106, 5.62100321986e-05, -0.000208396289963, 0.000196088265511, -0.000154318287969], [-1.44699906741e-05, 0.00182320165914, 0.000971394125372, -0.000916772347409, -0.000191952101886, 0.000811828591395, -0.000490854436066, -0.00127845734823, 0.00121324684005, -0.00013676128583, -0.000468429381726, 0.000163817298017, 0.000386436266126], [6.25194807071e-05, 0.000971394125372, 0.00278114969842, 5.47327072127e-05, -0.00148972379975, -0.000970910594333, 0.000479206821183, -0.0013650872279, 0.000772569677792, 0.00114771106746, -0.000512058439199, -0.000646761211101, 0.000171167965163], [0.000115939677926, -0.000916772347409, 5.47327072127e-05, 0.00615661265329, -0.00223434646614, -0.000986041501164, 0.000883384142071, -0.000218441782636, -0.000473204476293, -0.000607094203588, 0.00150339817628, -0.000896605139133, -0.0011026217835], [0.000150448118802, -0.000191952101886, -0.00148972379975, -0.00223434646614, 0.00902424473315, 0.000835549202748, -0.000931006041355, 0.00230937451124, -0.00269261933863, -0.000683570397086, -6.63019018248e-05, 0.00141927681398, -0.00184636097401], [-0.000146232181578, 0.000811828591395, -0.000970910594333, -0.000986041501164, 0.000835549202748, 0.0105606988072, -0.00197836779989, -0.00104961823672, -0.000182112577022, 4.48412720289e-05, -0.00282708974555, -0.00070559384767, 0.0026790231932], [8.16988176666e-05, -0.000490854436066, 0.000479206821183, 0.000883384142071, -0.000931006041355, -0.00197836779989, 0.0102613074705, -0.00465181050822, 0.000566102156881, 0.000207103701541, 0.00110875535756, -0.0025246902369, 0.00121532171033], [0.000155402391101, -0.00127845734823, -0.0013650872279, -0.000218441782636, 0.00230937451124, -0.00104961823672, -0.00465181050822, 0.0157856624573, -0.00240782601759, -0.0020271781832, 0.00127650750801, -0.00024944107281, -0.00174197356682], [-0.000352486706106, 0.00121324684005, 0.000772569677792, -0.000473204476293, -0.00269261933863, -0.000182112577022, 0.000566102156881, -0.00240782601759, 0.0132030397654, -0.00289172679186, -0.000700955395587, -0.000413502100855, 0.000703683006577], [5.62100321986e-05, -0.00013676128583, 0.00114771106746, -0.000607094203588, -0.000683570397086, 4.48412720289e-05, 0.000207103701541, -0.0020271781832, -0.00289172679186, 0.0165119841695, -0.00426067365333, 9.56763178692e-05, 0.00106781139039], [-0.000208396289963, -0.000468429381726, -0.000512058439199, 0.00150339817628, -6.63019018248e-05, -0.00282708974555, 0.00110875535756, 0.00127650750801, -0.000700955395587, -0.00426067365333, 0.0177108738571, -0.00477856351063, -0.00108225864824], [0.000196088265511, 0.000163817298017, -0.000646761211101, -0.000896605139133, 0.00141927681398, -0.00070559384767, -0.0025246902369, -0.00024944107281, -0.000413502100855, 9.56763178692e-05, -0.00477856351063, 0.0218683443964, -0.00333702634089], [-0.000154318287969, 0.000386436266126, 0.000171167965163, -0.0011026217835, -0.00184636097401, 0.0026790231932, 0.00121532171033, -0.00174197356682, 0.000703683006577, 0.00106781139039, -0.00108225864824, -0.00333702634089, 0.0151307377964]]
    },
    "spectral_contrast_coeffs": {
        "mean": [-0.71187376976, -0.769145309925, -0.757098317146, -0.789009094238, -0.773508489132, -0.763687551022],
        "stdev": [0.0600811503828, 0.056917630136, 0.0561554282904, 0.0480240099132, 0.0437281765044, 0.0406071543694]
    },
    "spectral_contrast_valleys": {
        "mean": [-6.48662805557, -6.61804819107, -7.29314184189, -7.45436096191, -7.31967544556, -10.1624212265],
        "stdev": [1.79220819473, 1.82225739956, 1.80569911003, 1.79044306278, 1.79450643063, 1.717461586]
    }
},
"rhythm": {
    "beats_count": 538,
    "beats_loudness": {
        "mean": 0.0352104604244,
        "stdev": 0.0147928511724
    },
    "bpm": 113.415008545,
    "bpm_histogram_first_peak_bpm": 112,
    "bpm_histogram_first_peak_weight": 0.480000019073,
    "bpm_histogram_second_peak_bpm": 117,
    "bpm_histogram_second_peak_spread": 0.216216206551,
    "bpm_histogram_second_peak_weight": 0.0540037229657,
    "danceability": 1.00019955635,
    "onset_rate": 3.11382699013,
    "beats_loudness_band_ratio": {
        "mean": [0.422815531492, 0.184991672635, 0.156541854143, 0.107870057225, 0.0939698144794, 0.0911198332906],
        "stdev": [0.225120410323, 0.111235111952, 0.0909127667546, 0.0819760859013, 0.066099062562, 0.0507373996079]
    },
    "beats_position": [0.510838985443, 1.03328800201, 1.55573689938, 2.07818579674, 2.60063481331, 3.13469386101, 3.66875267029, 4.19120168686, 4.71365070343, 5.24770975113, 5.78176879883, 6.30421733856, 6.82666635513, 7.36072540283, 7.89478445053, 8.42884349823, 8.95129203796, 9.4853515625, 10.0078001022, 10.5302495956, 11.0526981354, 11.5867567062, 12.1092061996, 12.6316547394, 13.1657142639, 13.6997728348, 14.2338323593, 14.756280899, 15.2787294388, 15.8011789322, 16.3236274719, 16.8576869965, 17.391746521, 17.9258041382, 18.4482536316, 18.970703125, 19.5047607422, 20.0272102356, 20.549659729, 21.0837192535, 21.6177768707, 22.1518363953, 22.6858959198, 23.2083435059, 23.7307929993, 24.2648525238, 24.7989120483, 25.3213596344, 25.8438091278, 26.3778686523, 26.9119262695, 27.4343757629, 27.9568252563, 28.4792747498, 29.0017223358, 29.5357818604, 30.0698413849, 30.6038990021, 31.1263484955, 31.66040802, 32.1828575134, 32.7169151306, 33.2277526855, 33.750202179, 34.2726516724, 34.8067131042, 35.3407707214, 35.8632202148, 36.3856697083, 36.908115387, 37.4305648804, 37.9646263123, 38.4870758057, 39.0095214844, 39.5435829163, 40.0776405334, 40.6116981506, 41.134147644, 41.6565971375, 42.1906585693, 42.713104248, 43.2355537415, 43.7696151733, 44.3036727905, 44.8377304077, 45.3601799011, 45.8826293945, 46.4166870117, 46.9391365051, 47.4615859985, 47.9956436157, 48.5297050476, 49.0637626648, 49.5862121582, 50.1086616516, 50.6427192688, 51.1535606384, 51.6876182556, 52.2216758728, 52.7557373047, 53.2897949219, 53.8122444153, 54.3346939087, 54.8687515259, 55.3912010193, 55.9136505127, 56.4477081299, 56.9817695618, 57.5042152405, 58.0266647339, 58.5607261658, 59.094783783, 59.6288414001, 60.1512908936, 60.673740387, 61.2077980042, 61.741859436, 62.2759170532, 62.7867546082, 63.32081604, 63.8548736572, 64.3889312744, 64.899772644, 65.4338302612, 65.9678878784, 66.478729248, 67.0011749268, 67.5236282349, 68.0576858521, 68.5917434692, 69.1025848389, 69.6366424561, 70.1707000732, 70.7047576904, 71.238822937, 71.7612686157, 72.2837142944, 72.817779541, 73.3402252197, 73.8626708984, 74.396736145, 74.9191818237, 75.4416275024, 75.975692749, 76.5097503662, 77.0321960449, 77.554649353, 78.0887069702, 78.6111526489, 79.133605957, 79.6444396973, 80.1785049438, 80.712562561, 81.2466201782, 81.7806777954, 82.3031311035, 82.8255767822, 83.3596343994, 83.8936920166, 84.4277572632, 84.9385910034, 85.4726486206, 86.0067138672, 86.5407714844, 87.0632171631, 87.5856704712, 88.1081161499, 88.6421737671, 89.1646270752, 89.6986846924, 90.2211303711, 90.7435836792, 91.2776412964, 91.8116989136, 92.3341445923, 92.8565979004, 93.3790435791, 93.9014968872, 94.4355545044, 94.9696121216, 95.5036697388, 96.037727356, 96.5485687256, 97.0826263428, 97.61668396, 98.1507492065, 98.6731948853, 99.2072525024, 99.7297058105, 100.263763428, 100.797821045, 101.331878662, 101.865936279, 102.400001526, 102.922447205, 103.444892883, 103.955734253, 104.48979187, 105.012245178, 105.534690857, 106.068748474, 106.602806091, 107.125259399, 107.647705078, 108.170158386, 108.704216003, 109.226661682, 109.760726929, 110.294784546, 110.828842163, 111.36289978, 111.885353088, 112.407798767, 112.941856384, 113.464309692, 113.986755371, 114.520812988, 115.043266296, 115.565711975, 116.099769592, 116.6222229, 117.144668579, 117.678726196, 118.212783813, 118.74684906, 119.280906677, 119.803352356, 120.325805664, 120.859863281, 121.393920898, 121.916366577, 122.438819885, 122.961265564, 123.483718872, 124.006164551, 124.528617859, 125.062675476, 125.596733093, 126.119178772, 126.64163208, 127.175689697, 127.709747314, 128.243804932, 128.777862549, 129.300308228, 129.822769165, 130.345214844, 130.867660522, 131.40171814, 131.935775757, 132.469833374, 133.003890991, 133.537963867, 134.060409546, 134.582855225, 135.116912842, 135.627746582, 136.161804199, 136.684265137, 137.206710815, 137.729156494, 138.251602173, 138.78565979, 139.319732666, 139.842178345, 140.364624023, 140.898681641, 141.432739258, 141.955184937, 142.477645874, 143.000091553, 143.522537231, 144.056594849, 144.590652466, 145.124710083, 145.6587677, 146.181228638, 146.703674316, 147.237731934, 147.771789551, 148.305847168, 148.839904785, 149.373962402, 149.90802002, 150.430480957, 150.952926636, 151.486984253, 152.02104187, 152.543487549, 153.065933228, 153.588394165, 154.110839844, 154.633285522, 155.155731201, 155.6665802, 156.200637817, 156.723083496, 157.245529175, 157.779586792, 158.313644409, 158.824493408, 159.370162964, 159.915817261, 160.461486816, 160.983947754, 161.518005371, 162.052062988, 162.586120605, 163.120178223, 163.65423584, 164.16506958, 164.675918579, 165.209976196, 165.732421875, 166.254867554, 166.788925171, 167.311386108, 167.833831787, 168.367889404, 168.901947021, 169.4243927, 169.946838379, 170.480911255, 171.014968872, 171.549026489, 172.071472168, 172.593917847, 173.116363525, 173.638824463, 174.161270142, 174.68371582, 175.217773438, 175.751831055, 176.285888672, 176.819946289, 177.354003906, 177.888076782, 178.410522461, 178.93296814, 179.467025757, 180.001083374, 180.511917114, 181.04598999, 181.580047607, 182.090881348, 182.624938965, 183.147384644, 183.681442261, 184.203903198, 184.737960815, 185.260406494, 185.782852173, 186.293685913, 186.839355469, 187.373413086, 187.895874023, 188.418319702, 188.940765381, 189.474822998, 190.008880615, 190.542938232, 191.07699585, 191.587844849, 192.121902466, 192.644348145, 193.166793823, 193.689254761, 194.211700439, 194.745758057, 195.279815674, 195.813873291, 196.347930908, 196.870376587, 197.404434204, 197.926895142, 198.460952759, 198.983398438, 199.505844116, 200.039901733, 200.562347412, 201.08480835, 201.618865967, 202.129699707, 202.663757324, 203.197814941, 203.731872559, 204.265930176, 204.776779175, 205.310836792, 205.844894409, 206.367340088, 206.889785767, 207.423858643, 207.95791626, 208.480361938, 209.002807617, 209.536865234, 210.059310913, 210.581771851, 211.115829468, 211.638275146, 212.160720825, 212.671554565, 213.205612183, 213.739685059, 214.273742676, 214.807800293, 215.330245972, 215.85269165, 216.386749268, 216.920806885, 217.454864502, 217.977325439, 218.499771118, 219.033828735, 219.556274414, 220.078720093, 220.61277771, 221.146850586, 221.680908203, 222.203353882, 222.725799561, 223.248245239, 223.770706177, 224.304763794, 224.838821411, 225.372879028, 225.906936646, 226.429382324, 226.951828003, 227.47428894, 227.996734619, 228.530792236, 229.064849854, 229.587295532, 230.109741211, 230.643798828, 231.177871704, 231.700317383, 232.222763062, 232.756820679, 233.290878296, 233.813323975, 234.335784912, 234.869842529, 235.403900146, 235.937957764, 236.460403442, 236.982849121, 237.516906738, 238.039367676, 238.561813354, 239.095870972, 239.61831665, 240.140762329, 240.674819946, 241.208877563, 241.719726562, 242.25378418, 242.787841797, 243.321899414, 243.855957031, 244.37840271, 244.900863647, 245.434921265, 245.968978882, 246.479812622, 247.013870239, 247.536315918, 248.058776855, 248.592834473, 249.12689209, 249.649337769, 250.171783447, 250.694229126, 251.239898682, 251.762359619, 252.284805298, 252.818862915, 253.352920532, 253.875366211, 254.409423828, 254.931884766, 255.465942383, 255.976776123, 256.51083374, 257.044891357, 257.567352295, 258.078186035, 258.600616455, 259.134674072, 259.668762207, 260.202819824, 260.736877441, 261.259307861, 261.781768799, 262.315826416, 262.849884033, 263.372344971, 263.906402588, 264.428833008, 264.962890625, 265.485351562, 266.007781982, 266.5418396, 267.075927734, 267.609985352, 268.144042969, 268.678100586, 269.188934326, 269.711364746, 270.233825684, 270.767883301, 271.290344238, 271.812774658, 272.346832275, 272.880889893, 273.41494751, 273.937408447, 274.459869385, 274.993927002, 275.504760742, 276.038818359, 276.596099854, 277.153381348, 277.710662842, 278.256317139, 278.813598633, 279.370880127, 279.870117188, 280.36932373, 280.868560791, 281.367797852, 281.867034912, 282.366241455, 282.877105713, 283.376312256, 283.875549316],
    "bpm_histogram": [0, 0, 0, 0, 0, 0, 0, 0, 0, 0, 0, 0, 0, 0, 0, 0, 0, 0, 0, 0, 0, 0, 0, 0, 0, 0, 0, 0, 0, 0, 0, 0, 0, 0, 0, 0, 0, 0, 0, 0, 0, 0, 0, 0, 0, 0, 0, 0, 0, 0, 0, 0, 0, 0, 0, 0, 0, 0, 0, 0, 0, 0, 0, 0, 0, 0, 0, 0, 0, 0, 0, 0, 0, 0, 0, 0, 0, 0, 0, 0, 0, 0, 0, 0, 0, 0, 0, 0, 0, 0, 0, 0, 0, 0, 0, 0, 0, 0, 0, 0, 0, 0, 0, 0, 0, 0, 0, 0, 0.00931098684669, 0, 0.0111731840298, 0, 0.484171330929, 0, 0, 0.426443189383, 0, 0.0540037229657, 0, 0, 0.0148975793272, 0, 0, 0, 0, 0, 0, 0, 0, 0, 0, 0, 0, 0, 0, 0, 0, 0, 0, 0, 0, 0, 0, 0, 0, 0, 0, 0, 0, 0, 0, 0, 0, 0, 0, 0, 0, 0, 0, 0, 0, 0, 0, 0, 0, 0, 0, 0, 0, 0, 0, 0, 0, 0, 0, 0, 0, 0, 0, 0, 0, 0, 0, 0, 0, 0, 0, 0, 0, 0, 0, 0, 0, 0, 0, 0, 0, 0, 0, 0, 0, 0, 0, 0, 0, 0, 0, 0, 0, 0, 0, 0, 0, 0, 0, 0, 0, 0, 0, 0, 0, 0, 0, 0, 0, 0, 0, 0, 0, 0, 0, 0, 0, 0, 0, 0, 0, 0, 0, 0, 0, 0, 0, 0, 0, 0, 0, 0, 0, 0]
},
"tonal": {
    "chords_changes_rate": 0.0615208894014,
    "chords_number_rate": 0.00146866845898,
    "chords_strength": {
        "mean": 0.49373203516,
        "stdev": 0.127265796065
    },
    "hpcp_crest": {
        "mean": 11.4249172211,
        "stdev": 5.75423288345
    },
    "hpcp_entropy": {
        "mean": 2.30992698669,
        "stdev": 0.71229916811
    },
    "key_edma": {
        "strength": 0.714811325073,
        "key": "G",
        "scale": "minor"
    },
    "key_krumhansl": {
        "strength": 0.728163301945,
        "key": "G",
        "scale": "minor"
    },
    "key_temperley": {
        "strength": 0.732162177563,
        "key": "G",
        "scale": "minor"
    },
    "tuning_diatonic_strength": 0.538223147392,
    "tuning_equal_tempered_deviation": 0.300485610962,
    "tuning_frequency": 434.193115234,
    "tuning_nontempered_energy_ratio": 0.960370481014,
    "hpcp": {
        "mean": [0.17938092351, 0.209899201989, 0.137072607875, 0.158517479897, 0.224210634828, 0.145126312971, 0.0872275754809, 0.0854285284877, 0.0658646598458, 0.10430201143, 0.120404146612, 0.0847662612796, 0.0771555155516, 0.0809190943837, 0.0860442221165, 0.233750447631, 0.363516300917, 0.269410938025, 0.2019649297, 0.224962979555, 0.194602668285, 0.182396158576, 0.187910348177, 0.161895900965, 0.194184601307, 0.208982139826, 0.147900387645, 0.126421064138, 0.119564734399, 0.127014651895, 0.355270117521, 0.446496456861, 0.224467426538, 0.10487421602, 0.0922260507941, 0.103805087507],
        "stdev": [0.234491974115, 0.260806143284, 0.198260366917, 0.231177181005, 0.320218324661, 0.227651417255, 0.160922586918, 0.172926723957, 0.13399489224, 0.191460594535, 0.219987854362, 0.157773211598, 0.145451173186, 0.153074204922, 0.154926106334, 0.244892776012, 0.323682516813, 0.267848968506, 0.243050217628, 0.29117423296, 0.26499530673, 0.235081002116, 0.25302234292, 0.219924718142, 0.247196361423, 0.270140230656, 0.220076009631, 0.201511904597, 0.204072326422, 0.196402862668, 0.317187547684, 0.373305499554, 0.234272345901, 0.184588715434, 0.171906068921, 0.183586299419]
    },
    "chords_histogram": [17.9503917694, 3.45953011513, 14.5234985352, 0.946475207806, 2.10509133339, 14.1318540573, 0.734334230423, 15.8453006744, 0.277415156364, 2.65992164612, 0, 0.848563969135, 0, 0, 0, 0, 0.130548298359, 0, 0.0163185372949, 0, 0, 0.130548298359, 1.69712793827, 24.5430812836],
    "thpcp": [1, 0.502730607986, 0.23488253355, 0.206554949284, 0.232488036156, 0.401752173901, 0.470102727413, 0.30699595809, 0.355025172234, 0.502155482769, 0.325033515692, 0.195360064507, 0.191330805421, 0.147514402866, 0.233600988984, 0.269664287567, 0.189847558737, 0.172802075744, 0.181231215596, 0.192709758878, 0.52352142334, 0.81415271759, 0.603388726711, 0.452332645655, 0.503840446472, 0.435843706131, 0.408505290747, 0.42085519433, 0.362591683865, 0.434907376766, 0.468048810959, 0.331246495247, 0.28314012289, 0.267784297466, 0.28446957469, 0.795684039593],
    "chords_key": "D#",
    "chords_scale": "major"
}
}