{
"metadata": {
    "version": {
        "essentia": "2.1-dev",
        "essentia_git_sha": "v2.1_beta3-415-gd5473f3",
        "extractor": "music 2.0"
    },
    "audio_properties": {
        "analysis": {
            "equal_loudness": 0,
            "length": 227.604904175,
            "sample_rate": 44100,
            "start_time": 0,
            "downmix": "mix"
        },
        "bit_rate": 128000,
        "length": 227.604904175,
        "lossless": 0,
        "number_channels": 2,
        "replay_gain": -8.34015083313,
        "sample_rate": 44100,
        "codec": "mp3",
        "md5_encoded": "02ad4a9677f99b7235aba6ea93727ee3"
    },
    "tags": {
        "file_name": "local_h-all_the_kids_are_right.mp3",
        "genre": ["Blues"]
    }
},
"lowlevel": {
    "average_loudness": 0.944509148598,
    "barkbands_crest": {
        "mean": 8.03506374359,
        "stdev": 3.61950778961
    },
    "barkbands_flatness_db": {
        "mean": 0.110244221985,
        "stdev": 0.0397912412882
    },
    "barkbands_kurtosis": {
        "mean": 0.422615647316,
        "stdev": 3.00591468811
    },
    "barkbands_skewness": {
        "mean": 0.824402630329,
        "stdev": 0.743200600147
    },
    "barkbands_spread": {
        "mean": 29.19373703,
        "stdev": 11.8778800964
    },
    "dissonance": {
        "mean": 0.475079089403,
        "stdev": 0.020563531667
    },
    "dynamic_complexity": 2.4771156311,
    "erbbands_crest": {
        "mean": 8.20735263824,
        "stdev": 4.31435346603
    },
    "erbbands_flatness_db": {
        "mean": 0.161428391933,
        "stdev": 0.0400212146342
    },
    "erbbands_kurtosis": {
        "mean": 0.222457662225,
        "stdev": 1.44900810719
    },
    "erbbands_skewness": {
        "mean": -0.159682691097,
        "stdev": 0.668627619743
    },
    "erbbands_spread": {
        "mean": 34.3829231262,
        "stdev": 12.6924619675
    },
    "hfc": {
        "mean": 29.9002857208,
        "stdev": 18.0964794159
    },
    "loudness_ebu128": {
        "integrated": -13.8310346603,
        "loudness_range": 4.73488521576,
        "momentary": {
            "mean": -14.8707351685,
            "stdev": 4.99657583237
        },
        "short_term": {
            "mean": -14.2153949738,
            "stdev": 1.72117543221
        }
    },
    "melbands_crest": {
        "mean": 12.4512081146,
        "stdev": 4.36516904831
    },
    "melbands_flatness_db": {
        "mean": 0.154494449496,
        "stdev": 0.0436113364995
    },
    "melbands_kurtosis": {
        "mean": 4.99076890945,
        "stdev": 8.46639442444
    },
    "melbands_skewness": {
        "mean": 1.85952603817,
        "stdev": 1.07225239277
    },
    "melbands_spread": {
        "mean": 35.1590538025,
        "stdev": 17.1536026001
    },
    "pitch_salience": {
        "mean": 0.571247637272,
        "stdev": 0.0948766842484
    },
    "silence_rate_20dB": {
        "mean": 1,
        "stdev": 0
    },
    "silence_rate_30dB": {
        "mean": 0.999898016453,
        "stdev": 0.0100984470919
    },
    "silence_rate_60dB": {
        "mean": 0.0355977155268,
        "stdev": 0.185284078121
    },
    "spectral_centroid": {
        "mean": 1734.04992676,
        "stdev": 526.760864258
    },
    "spectral_complexity": {
        "mean": 29.9165649414,
        "stdev": 10.2733688354
    },
    "spectral_decrease": {
        "mean": -7.09365810536e-09,
        "stdev": 3.7309559886e-09
    },
    "spectral_energy": {
        "mean": 0.029485123232,
        "stdev": 0.0150423096493
    },
    "spectral_energyband_high": {
        "mean": 0.00121398852207,
        "stdev": 0.00169595167972
    },
    "spectral_energyband_low": {
        "mean": 0.0082272682339,
        "stdev": 0.00955609697849
    },
    "spectral_energyband_middle_high": {
        "mean": 0.00955156143755,
        "stdev": 0.00668044947088
    },
    "spectral_energyband_middle_low": {
        "mean": 0.0117827923968,
        "stdev": 0.00792138185352
    },
    "spectral_entropy": {
        "mean": 7.74415874481,
        "stdev": 0.284293442965
    },
    "spectral_flux": {
        "mean": 0.0857143774629,
        "stdev": 0.0383175909519
    },
    "spectral_kurtosis": {
        "mean": 3.67714738846,
        "stdev": 2.07594609261
    },
    "spectral_rms": {
        "mean": 0.00513190357015,
        "stdev": 0.00155869591981
    },
    "spectral_rolloff": {
        "mean": 2039.76525879,
        "stdev": 1185.72180176
    },
    "spectral_skewness": {
        "mean": 1.2630033493,
        "stdev": 0.309901714325
    },
    "spectral_spread": {
        "mean": 3873231.75,
        "stdev": 1139734.25
    },
    "spectral_strongpeak": {
        "mean": 1.17229187489,
        "stdev": 1.44814682007
    },
    "zerocrossingrate": {
        "mean": 0.0708525255322,
        "stdev": 0.0284567978233
    },
    "barkbands": {
        "mean": [2.80679305433e-05, 0.00344294006936, 0.0035928171128, 0.00195298995823, 0.00349174533039, 0.00135588180274, 0.000669841014314, 0.00171012349892, 0.00240106135607, 0.00143411452882, 0.000732400163542, 0.000929124013055, 0.000804415962193, 0.00142859236803, 0.00098741974216, 0.000969148881268, 0.000788736913819, 0.000743822136428, 0.000522412650753, 0.000546894792933, 0.00025503418874, 0.000261554581812, 0.000204167721677, 0.000153146131197, 5.70743541175e-05, 2.04671614483e-05, 1.1654243508e-06],
        "stdev": [6.15679527982e-05, 0.00676422799006, 0.00350591330789, 0.00228479318321, 0.0032252240926, 0.00148094631732, 0.00099102826789, 0.00377910560928, 0.00540557224303, 0.00281534017995, 0.00174045772292, 0.00160797475837, 0.00129347806796, 0.00181598949712, 0.00122247298714, 0.00104282703251, 0.000702023447957, 0.000829663418699, 0.000468981248559, 0.000764780503232, 0.000269987998763, 0.000336422788678, 0.000548652780708, 0.000598138780333, 0.000124722981127, 3.96866125811e-05, 3.20663502862e-06]
    },
    "erbbands": {
        "mean": [0.0469436906278, 0.974202394485, 3.96741127968, 5.89258050919, 8.03707408905, 10.8866090775, 15.725730896, 10.515332222, 10.1253566742, 16.2800235748, 42.1205444336, 61.8956794739, 43.5424690247, 38.8234062195, 25.2705554962, 36.3212509155, 40.5549354553, 48.5226325989, 71.8600387573, 59.3760070801, 47.5046806335, 48.665222168, 43.0756492615, 28.834022522, 27.5198326111, 24.8293209076, 13.4142885208, 8.98981571198, 9.54366111755, 7.28108167648, 5.84794664383, 4.13272666931, 1.97213506699, 0.7937977314, 0.343761652708, 0.100083515048, 0.0323643088341, 0.00800999160856, 0.000189581463928, 4.25804537372e-05],
        "stdev": [0.0944895520806, 1.81445670128, 4.05121135712, 5.99179410934, 9.03688526154, 10.9903249741, 16.4856987, 11.6988153458, 13.7392139435, 30.0477809906, 81.2652740479, 149.302963257, 73.6351623535, 71.8002471924, 42.8066520691, 63.2330055237, 59.7446212769, 66.1044235229, 75.4455337524, 65.2565307617, 42.4918212891, 43.8020782471, 48.2048721313, 25.3697299957, 27.234582901, 34.0445098877, 13.0074825287, 10.9932775497, 12.0615901947, 12.2915744781, 17.4435062408, 16.5037631989, 7.52980327606, 1.90682291985, 0.75399184227, 0.21297301352, 0.0650496259332, 0.0182061828673, 0.000453073269455, 2.52881491178e-05]
    },
    "gfcc": {
        "mean": [23.5119533539, 93.2238998413, -143.813064575, 42.5166244507, -55.255279541, 10.993024826, -38.5217399597, 2.73797798157, -22.4861621857, -4.75700902939, -22.0632228851, -6.49515247345, -12.9601669312],
        "cov": [[8132.81542969, -542.954162598, 532.452453613, -158.606140137, 43.4866943359, 393.754486084, -201.3334198, 210.761459351, -167.03314209, 148.133407593, -131.06086731, 148.685638428, -80.3860015869], [-542.954162598, 811.557739258, -358.699798584, -90.0029525757, -2.20655417442, -226.157150269, 122.972839355, -175.118011475, 81.9969558716, -122.561973572, 57.1500892639, -98.934677124, 82.7970199585], [532.452453613, -358.699798584, 623.80859375, 113.168609619, 135.235778809, 188.97052002, -94.5299224854, 201.82232666, -55.2138137817, 124.486167908, -30.0540752411, 79.7896194458, -63.9083442688], [-158.606140137, -90.0029525757, 113.168609619, 265.484802246, 76.4690628052, 74.5898590088, -9.78419399261, 51.5530815125, 23.5034389496, 17.2175426483, 26.8429794312, 17.1553592682, 1.86420249939], [43.4866943359, -2.20655417442, 135.235778809, 76.4690628052, 271.832183838, 70.0447692871, 46.3088569641, 88.2294158936, -16.3172683716, 79.4476852417, 4.43256902695, 39.4018249512, -6.64593076706], [393.754486084, -226.157150269, 188.97052002, 74.5898590088, 70.0447692871, 219.863250732, 11.5410985947, 112.35710907, -30.9137630463, 56.4077720642, 1.75598669052, 37.2769126892, -20.2664928436], [-201.3334198, 122.972839355, -94.5299224854, -9.78419399261, 46.3088569641, 11.5410985947, 161.04649353, 12.5248441696, 20.2352390289, -0.49531134963, 7.84045362473, -11.3812627792, 10.2207269669], [210.761459351, -175.118011475, 201.82232666, 51.5530815125, 88.2294158936, 112.35710907, 12.5248441696, 187.062469482, 11.6941566467, 78.1646652222, -12.0974550247, 29.7716426849, -32.3375320435], [-167.03314209, 81.9969558716, -55.2138137817, 23.5034389496, -16.3172683716, -30.9137630463, 20.2352390289, 11.6941566467, 112.374275208, -0.769928872585, 11.2179765701, -21.2136650085, -7.38580417633], [148.133407593, -122.561973572, 124.486167908, 17.2175426483, 79.4476852417, 56.4077720642, -0.49531134963, 78.1646652222, -0.769928872585, 111.286430359, 6.93480730057, 29.3639793396, -26.5093593597], [-131.06086731, 57.1500892639, -30.0540752411, 26.8429794312, 4.43256902695, 1.75598669052, 7.84045362473, -12.0974550247, 11.2179765701, 6.93480730057, 68.9146499634, 13.960226059, 6.81753015518], [148.685638428, -98.934677124, 79.7896194458, 17.1553592682, 39.4018249512, 37.2769126892, -11.3812627792, 29.7716426849, -21.2136650085, 29.3639793396, 13.960226059, 78.1181106567, 5.54907464981], [-80.3860015869, 82.7970199585, -63.9083442688, 1.86420249939, -6.64593076706, -20.2664928436, 10.2207269669, -32.3375320435, -7.38580417633, -26.5093593597, 6.81753015518, 5.54907464981, 72.0168533325]],
        "icov": [[0.000160035371664, -0.000155599220307, 3.85614330298e-05, 0.000114044531074, 9.70446853898e-05, -0.000416392635088, 0.00028415946872, -3.63863473467e-05, 9.72878769971e-05, -0.000170379033079, 0.000429755600635, -0.000358648801921, 0.000158114809892], [-0.000155599220307, 0.00442062411457, -0.000841162342113, 0.00146230368409, -0.0025365727488, 0.00300271203741, -0.00251779798418, 0.00154407229275, -0.00227743014693, 0.00327511783689, -0.00481179682538, 0.004569074139, -0.00330329616554], [3.85614330298e-05, -0.000841162342113, 0.00428753253073, -0.00113470957149, 2.03147319553e-05, -0.00166451255791, 0.0028032544069, -0.00277288840152, 0.00176077056676, -0.00176924630068, 0.00249225064181, -0.00247938651592, 0.00221922947094], [0.000114044531074, 0.00146230368409, -0.00113470957149, 0.00595237407833, -0.00235055410303, -0.000886239518877, 0.000208557859878, 0.000601813371759, -0.00278769386932, 0.00273215048946, -0.00355708808638, 0.00189207529183, -0.00202986085787], [9.70446853898e-05, -0.0025365727488, 2.03147319553e-05, -0.00235055410303, 0.00740887643769, -0.00107865978498, -0.000834589067381, -0.00169187737629, 0.00263302703388, -0.00507188262418, 0.00326186278835, -0.00364871299826, 0.0012178105535], [-0.000416392635088, 0.00300271203741, -0.00166451255791, -0.000886239518877, -0.00107865978498, 0.0109896948561, -0.00373616837896, -0.00245476234704, 0.00122670910787, 0.00187936646398, -0.00464107003063, 0.00277280318551, -0.00190674001351], [0.00028415946872, -0.00251779798418, 0.0028032544069, 0.000208557859878, -0.000834589067381, -0.00373616837896, 0.0104638962075, -0.00258769770153, 0.00028670928441, -0.00129091995768, 0.00261111557484, -0.00192522222642, 0.00137405458372], [-3.63863473467e-05, 0.00154407229275, -0.00277288840152, 0.000601813371759, -0.00169187737629, -0.00245476234704, -0.00258769770153, 0.0132933845744, -0.00445534801111, -0.00255026575178, 0.000833800877444, 0.00093084666878, -0.00034900609171], [9.72878769971e-05, -0.00227743014693, 0.00176077056676, -0.00278769386932, 0.00263302703388, 0.00122670910787, 0.00028670928441, -0.00445534801111, 0.0133814727888, -0.00269128824584, 0.000713316199835, -0.000141091179103, 0.00323358923197], [-0.000170379033079, 0.00327511783689, -0.00176924630068, 0.00273215048946, -0.00507188262418, 0.00187936646398, -0.00129091995768, -0.00255026575178, -0.00269128824584, 0.0190493874252, -0.00673315906897, 0.00138172775041, 0.000769577804022], [0.000429755600635, -0.00481179682538, 0.00249225064181, -0.00355708808638, 0.00326186278835, -0.00464107003063, 0.00261111557484, 0.000833800877444, 0.000713316199835, -0.00673315906897, 0.0237589534372, -0.00980820134282, 0.00341554381885], [-0.000358648801921, 0.004569074139, -0.00247938651592, 0.00189207529183, -0.00364871299826, 0.00277280318551, -0.00192522222642, 0.00093084666878, -0.000141091179103, 0.00138172775041, -0.00980820134282, 0.0229697842151, -0.00711498828605], [0.000158114809892, -0.00330329616554, 0.00221922947094, -0.00202986085787, 0.0012178105535, -0.00190674001351, 0.00137405458372, -0.00034900609171, 0.00323358923197, 0.000769577804022, 0.00341554381885, -0.00711498828605, 0.0199456792325]]
    },
    "melbands": {
        "mean": [0.000697531562764, 0.00186798768118, 0.00107392831706, 0.000678743643221, 0.000556044920813, 0.000239419619902, 0.000143466037116, 0.000237431464484, 0.000340395112289, 0.000384620478144, 0.000217775188503, 0.000172939078766, 8.85676854523e-05, 8.05318486528e-05, 0.000115225273476, 7.83481082181e-05, 9.6096242487e-05, 0.000132911110995, 7.29580642655e-05, 8.27012263471e-05, 4.7852681746e-05, 5.29082717549e-05, 3.90298046113e-05, 3.42018247466e-05, 2.20020738197e-05, 2.03476065508e-05, 2.047390808e-05, 1.59373503266e-05, 8.68357801664e-06, 6.13962401985e-06, 4.86510134579e-06, 5.48477783013e-06, 4.89629201184e-06, 3.67813481716e-06, 3.35260824613e-06, 3.14434169013e-06, 2.25141889132e-06, 1.45969738696e-06, 9.24588903217e-07, 5.85898760619e-07],
        "stdev": [0.00142136204522, 0.00220281584188, 0.000994784175418, 0.000725153251551, 0.00055292993784, 0.000257042731391, 0.000195645829081, 0.000492580991704, 0.000643981387839, 0.00096728670178, 0.000390734116081, 0.000318924314342, 0.000184834614629, 0.000155699657626, 0.000212459621252, 0.000134746005642, 0.00014731218107, 0.000153819361003, 9.82002966339e-05, 9.862393199e-05, 4.60086703242e-05, 5.03446535731e-05, 4.79655609524e-05, 3.67567008652e-05, 2.0986835807e-05, 1.95246811927e-05, 3.07935515593e-05, 2.58464424405e-05, 9.07842695597e-06, 6.98733538229e-06, 6.62746151647e-06, 7.0522387432e-06, 7.15441638022e-06, 7.03727937434e-06, 9.73611440713e-06, 1.1993215594e-05, 9.46809086599e-06, 6.09382414041e-06, 2.81313987216e-06, 1.32229138217e-06]
    },
    "melbands128": {
        "mean": [2.4454708182e-05, 0.000190329912584, 0.000869294570293, 0.00185802334454, 0.00214171223342, 0.00165875069797, 0.00124473671895, 0.000866341928486, 0.000805980467703, 0.00076098239515, 0.000537516025361, 0.000679313554429, 0.00060882064281, 0.000341306149494, 0.000246406591032, 0.000162258394994, 0.000198880050448, 0.000131257911562, 0.000102174009953, 0.000104520979221, 0.000318492820952, 0.000488975900225, 0.000257299194345, 0.000307763577439, 0.000460853829281, 0.000448787381174, 0.000112708636152, 0.000151098662172, 0.000392566202208, 0.0001547447755, 0.00012399670959, 0.000135241542011, 7.25259014871e-05, 6.36178301647e-05, 9.13290205062e-05, 6.91205787007e-05, 7.50128310756e-05, 0.000186237040907, 6.80972007103e-05, 8.40580396471e-05, 9.64979844866e-05, 4.31258231401e-05, 7.5313510024e-05, 9.64829232544e-05, 0.000236023013713, 0.000116788556625, 5.88308066654e-05, 6.9645109761e-05, 8.91179734026e-05, 6.1934479163e-05, 0.000113797010272, 5.39334723726e-05, 5.30999823241e-05, 3.97068142775e-05, 4.41355332441e-05, 6.90885790391e-05, 4.66357414552e-05, 2.62907797151e-05, 4.55957706436e-05, 4.38582574134e-05, 3.69125664292e-05, 2.35376301134e-05, 2.07280718314e-05, 1.8670800273e-05, 2.93952525681e-05, 1.94687654584e-05, 1.56538972078e-05, 2.16298394662e-05, 2.44427046709e-05, 1.37501092468e-05, 1.67452944879e-05, 1.88987360161e-05, 7.55083874537e-06, 7.44873022995e-06, 8.6477602963e-06, 5.79008292334e-06, 5.54284906684e-06, 4.97179325976e-06, 4.48015498478e-06, 5.06881406181e-06, 5.51933271709e-06, 5.56272152608e-06, 5.68017958358e-06, 4.73786803923e-06, 4.52360382042e-06, 3.81988365916e-06, 3.41176928487e-06, 3.23794597534e-06, 3.35908748639e-06, 3.39811799677e-06, 3.38774270858e-06, 2.97808946925e-06, 2.98102122542e-06, 2.35030461226e-06, 1.74802028141e-06, 1.53587211571e-06, 1.45524097661e-06, 1.2761635162e-06, 9.73649889602e-07, 7.28618772428e-07, 5.98505607741e-07, 5.88070975027e-07, 5.30472902938e-07, 4.98346764743e-07, 3.94052250385e-07, 3.03845951066e-07, 2.42946384788e-07, 1.92050364944e-07, 1.58376266768e-07, 1.40953986261e-07, 9.90401005652e-08, 8.904520854e-08, 8.79439951973e-08, 1.00769611322e-07, 1.51227979472e-07, 1.05408965112e-07, 4.53609843021e-08, 4.66357530371e-09, 9.04461672224e-10, 3.3445574088e-10, 1.51829951389e-10, 5.56276760766e-11, 3.15845856413e-11, 3.0010448987e-11, 4.63278131135e-11, 7.10094786791e-12, 3.9028819239e-12, 3.87531543314e-12],
        "stdev": [5.02749426232e-05, 0.000347118242644, 0.00209562503733, 0.00356571236625, 0.00253223115578, 0.0016558226198, 0.00141208234709, 0.00104724895209, 0.00109647738282, 0.00112093705684, 0.00082187197404, 0.00084690953372, 0.000719653384294, 0.000572533986997, 0.00036032879143, 0.000265484151896, 0.000338712881785, 0.000222094284254, 0.00024776236387, 0.000284948968329, 0.000838042178657, 0.00129099050537, 0.000710377760697, 0.00101273017935, 0.0013510530116, 0.00146896834485, 0.00041139422683, 0.000413703470258, 0.00086146913236, 0.000398584175855, 0.000381849735277, 0.000459464150481, 0.000227521391935, 0.000169759034179, 0.000215718493564, 0.000234044593526, 0.000221683323616, 0.000399155251216, 0.000202357128728, 0.000193249405129, 0.000211913604289, 8.05822346592e-05, 0.000199257148779, 0.000229630168178, 0.000356315693352, 0.00018772862677, 0.000103790225694, 0.000157598988153, 0.00017103504797, 9.59629614954e-05, 0.00018792085757, 7.62228301028e-05, 7.06431819708e-05, 5.69911171624e-05, 5.30484649062e-05, 8.57825143612e-05, 6.0977999965e-05, 4.14842252212e-05, 9.67981759459e-05, 6.84710394125e-05, 5.56985542062e-05, 3.4971129935e-05, 2.82349101326e-05, 2.28898934438e-05, 3.42782441294e-05, 2.57565425272e-05, 2.0611067157e-05, 3.40696933563e-05, 5.2692477766e-05, 2.29354791372e-05, 3.39968282788e-05, 4.36456793977e-05, 1.01194227682e-05, 8.40382472234e-06, 1.09489619717e-05, 7.73084047978e-06, 8.05837498774e-06, 8.0101281128e-06, 7.68644076743e-06, 7.60940201872e-06, 8.26705036161e-06, 8.00273483037e-06, 8.74924353411e-06, 7.94011521066e-06, 8.626782801e-06, 8.04167211754e-06, 7.65098957345e-06, 8.23244226922e-06, 1.02109233922e-05, 1.25113019749e-05, 1.36068847496e-05, 1.2291985513e-05, 1.45612366396e-05, 1.11361559902e-05, 7.1568997555e-06, 6.87650572218e-06, 7.3642827374e-06, 4.87741681354e-06, 3.14005751534e-06, 2.07932953344e-06, 1.41813131904e-06, 1.37257870847e-06, 1.31798981329e-06, 1.32186983137e-06, 9.35597370244e-07, 6.62303534682e-07, 5.49650962967e-07, 4.61829529286e-07, 3.66699282495e-07, 3.33613741077e-07, 2.36590011582e-07, 2.20613245006e-07, 1.9507663751e-07, 2.36935093767e-07, 3.86223717896e-07, 2.71625538062e-07, 1.10494511318e-07, 3.01089144727e-08, 2.51765559511e-08, 1.31807738057e-08, 6.67118804643e-09, 2.01546779266e-09, 1.60580948538e-09, 1.46566536685e-09, 2.40081265979e-09, 2.52013493407e-10, 5.6601784891e-12, 5.62487296324e-12]
    },
    "mfcc": {
        "mean": [-606.429443359, 112.677871704, -22.4620475769, 28.2608375549, 2.75252461433, 8.92107105255, -5.47883653641, 4.60691642761, -1.18318581581, 3.14548778534, -3.73504686356, -6.69748497009, -6.0023856163],
        "cov": [[6850.98828125, 4.72247886658, 112.729110718, -151.398834229, 83.1324462891, 115.892684937, 39.6264572144, 56.1196136475, 27.5468292236, 80.9082641602, -39.606552124, -48.4353561401, -3.69111347198], [4.72247886658, 723.779663086, -294.619995117, 37.1007270813, -150.70513916, -28.4247589111, -45.4083938599, -48.9937820435, -14.4061717987, -31.1448307037, -20.8369026184, -44.3319778442, -18.7872104645], [112.729110718, -294.619995117, 451.270874023, -8.69990253448, 183.266326904, 1.56224024296, 52.5415039062, 41.960144043, 23.560426712, 28.5611476898, 33.7680664062, 50.1093940735, 17.9026699066], [-151.398834229, 37.1007270813, -8.69990253448, 187.197601318, 64.2448043823, 20.7869625092, 8.59817028046, 11.99264431, 18.4783115387, 11.3676919937, 15.2618646622, 12.9945726395, 19.4044380188], [83.1324462891, -150.70513916, 183.266326904, 64.2448043823, 286.586181641, 24.8557529449, 91.6636962891, 25.712594986, 45.3795089722, 37.4507598877, 40.4281692505, 45.2279968262, 38.878780365], [115.892684937, -28.4247589111, 1.56224024296, 20.7869625092, 24.8557529449, 98.492729187, 47.7912139893, 20.3522186279, 6.4771771431, 9.79389095306, 5.63579559326, 2.79031896591, 4.41020202637], [39.6264572144, -45.4083938599, 52.5415039062, 8.59817028046, 91.6636962891, 47.7912139893, 190.247787476, 32.3018722534, 50.0680351257, 16.5322589874, 26.6641368866, 27.8175468445, 19.4772605896], [56.1196136475, -48.9937820435, 41.960144043, 11.99264431, 25.712594986, 20.3522186279, 32.3018722534, 98.1332702637, 26.7352409363, 27.549331665, 21.7942352295, 11.5089063644, 11.2880325317], [27.5468292236, -14.4061717987, 23.560426712, 18.4783115387, 45.3795089722, 6.4771771431, 50.0680351257, 26.7352409363, 98.1478729248, 35.7207832336, 25.3497886658, 7.66460609436, 2.92316770554], [80.9082641602, -31.1448307037, 28.5611476898, 11.3676919937, 37.4507598877, 9.79389095306, 16.5322589874, 27.549331665, 35.7207832336, 92.0929489136, 46.5460968018, 16.0665092468, 4.50722169876], [-39.606552124, -20.8369026184, 33.7680664062, 15.2618646622, 40.4281692505, 5.63579559326, 26.6641368866, 21.7942352295, 25.3497886658, 46.5460968018, 96.6336517334, 30.5617389679, 15.3655595779], [-48.4353561401, -44.3319778442, 50.1093940735, 12.9945726395, 45.2279968262, 2.79031896591, 27.8175468445, 11.5089063644, 7.66460609436, 16.0665092468, 30.5617389679, 71.1822433472, 28.4926490784], [-3.69111347198, -18.7872104645, 17.9026699066, 19.4044380188, 38.878780365, 4.41020202637, 19.4772605896, 11.2880325317, 2.92316770554, 4.50722169876, 15.3655595779, 28.4926490784, 69.5723342896]],
        "icov": [[0.000160180468811, -5.56744162168e-05, -4.84148040414e-05, 0.000192169638467, -8.60038344399e-05, -0.000225846655667, 5.13371778652e-05, -5.37046471436e-05, -1.14377080536e-05, -0.000195094631636, 0.000153223416419, 0.000131083084852, -6.53614042676e-05], [-5.56744162168e-05, 0.00202147639357, 0.001080706832, -0.000659899204038, 0.000489443074912, 0.000662377511617, -0.000252303434536, 0.000465771241579, -0.00013026088709, 0.000284717127215, -0.000361496466212, 0.000351537077222, 5.13433151355e-05], [-4.84148040414e-05, 0.001080706832, 0.00393231166527, 0.000576525751967, -0.00206157518551, 0.000785798358265, 0.000145571350004, -0.000905909691937, 0.000204923504498, 0.000324414781062, -0.000236882187892, -0.00119299965445, 0.00083633302711], [0.000192169638467, -0.000659899204038, 0.000576525751967, 0.00678744306788, -0.00217891577631, -0.00171194178984, 0.00132063869387, -0.000636850309093, -0.000910493952688, 0.000129640873638, -9.36819415074e-05, -0.000403986487072, -0.000933688948862], [-8.60038344399e-05, 0.000489443074912, -0.00206157518551, -0.00217891577631, 0.00673844804987, 4.95049716847e-05, -0.002053784905, 0.00116187054664, -0.000890269177034, -0.000923250161577, -0.000283814966679, -0.000435461144662, -0.00177823286504], [-0.000225846655667, 0.000662377511617, 0.000785798358265, -0.00171194178984, 4.95049716847e-05, 0.0129111893475, -0.0035333703272, -0.00165278813802, 0.0018545697676, -0.000872777658515, 0.00021271892183, 0.000861665117554, 0.000432159547927], [5.13371778652e-05, -0.000252303434536, 0.000145571350004, 0.00132063869387, -0.002053784905, -0.0035333703272, 0.00824673101306, -0.000980179524049, -0.00338359712623, 0.00159799517132, -0.000569801777601, -0.00167943316046, -0.000396935531171], [-5.37046471436e-05, 0.000465771241579, -0.000905909691937, -0.000636850309093, 0.00116187054664, -0.00165278813802, -0.000980179524049, 0.0127420676872, -0.0019565646071, -0.00219323975034, -0.00078271102393, 0.000313102180371, -0.00153489084914], [-1.14377080536e-05, -0.00013026088709, 0.000204923504498, -0.000910493952688, -0.000890269177034, 0.0018545697676, -0.00338359712623, -0.0019565646071, 0.0143949408084, -0.0041449368, -0.000688526313752, 0.00130972778425, 0.00108947488479], [-0.000195094631636, 0.000284717127215, 0.000324414781062, 0.000129640873638, -0.000923250161577, -0.000872777658515, 0.00159799517132, -0.00219323975034, -0.0041449368, 0.0169056076556, -0.00664258562028, -0.000912994437385, 0.00134653935675], [0.000153223416419, -0.000361496466212, -0.000236882187892, -9.36819415074e-05, -0.000283814966679, 0.00021271892183, -0.000569801777601, -0.00078271102393, -0.000688526313752, -0.00664258562028, 0.0157321728766, -0.00426011392847, -0.000841383589432], [0.000131083084852, 0.000351537077222, -0.00119299965445, -0.000403986487072, -0.000435461144662, 0.000861665117554, -0.00167943316046, 0.000313102180371, 0.00130972778425, -0.000912994437385, -0.00426011392847, 0.0205514021218, -0.00634198309854], [-6.53614042676e-05, 5.13433151355e-05, 0.00083633302711, -0.000933688948862, -0.00177823286504, 0.000432159547927, -0.000396935531171, -0.00153489084914, 0.00108947488479, 0.00134653935675, -0.000841383589432, -0.00634198309854, 0.0184057299048]]
    },
    "spectral_contrast_coeffs": {
        "mean": [-0.701863527298, -0.76221370697, -0.753908932209, -0.777654767036, -0.778776407242, -0.723471045494],
        "stdev": [0.0712844133377, 0.0705404952168, 0.0637333318591, 0.0462576411664, 0.0367412567139, 0.0495991706848]
    },
    "spectral_contrast_valleys": {
        "mean": [-6.52655506134, -6.57998657227, -7.10780191422, -6.96493768692, -6.98325920105, -10.2410821915],
        "stdev": [1.0611884594, 0.942273497581, 0.922753989697, 0.88880521059, 0.873187959194, 1.24980819225]
    }
},
"rhythm": {
    "beats_count": 421,
    "beats_loudness": {
        "mean": 0.0349668450654,
        "stdev": 0.0140738300979
    },
    "bpm": 111.443687439,
    "bpm_histogram_first_peak_bpm": 112,
    "bpm_histogram_first_peak_weight": 0.467821776867,
    "bpm_histogram_second_peak_bpm": 105,
    "bpm_histogram_second_peak_spread": 0,
    "bpm_histogram_second_peak_weight": 0.0285714287311,
    "danceability": 0.994487941265,
    "onset_rate": 2.71938228607,
    "beats_loudness_band_ratio": {
        "mean": [0.310452371836, 0.169492870569, 0.164800480008, 0.150123134255, 0.176930174232, 0.0802491083741],
        "stdev": [0.192386224866, 0.112908490002, 0.153239771724, 0.107744328678, 0.0908680483699, 0.0554849654436]
    },
    "beats_position": [0.545668900013, 1.10294783115, 1.67183673382, 2.24072551727, 2.79800438881, 3.34367346764, 3.90095233917, 4.45823097229, 5.00390005112, 5.54956912994, 6.10684776306, 6.62929677963, 7.1517457962, 7.70902490616, 8.25469398499, 8.80036258698, 9.36925125122, 9.93814086914, 10.4954195023, 11.0526981354, 11.6099767685, 12.1672563553, 12.7245349884, 13.2702035904, 13.8390922546, 14.4079818726, 14.9768705368, 15.545759201, 16.114648819, 16.6719264984, 17.2292060852, 17.786485672, 18.3437633514, 18.9010429382, 19.458322525, 20.0156002045, 20.5612697601, 21.1069393158, 21.6526069641, 22.1982765198, 22.7555541992, 23.312833786, 23.8817234039, 24.4506111145, 25.0078907013, 25.553560257, 26.0992279053, 26.6565074921, 27.2021770477, 27.747844696, 28.3051242828, 28.8624038696, 29.4196815491, 29.9769611359, 30.5342407227, 31.0915184021, 31.6487979889, 32.2176856995, 32.7749671936, 33.332244873, 33.8895225525, 34.4468002319, 34.9924697876, 35.5381393433, 36.0838088989, 36.6410865784, 37.186756134, 37.7324256897, 38.2897033691, 38.8469848633, 39.4042625427, 39.9615402222, 40.5188217163, 41.0760993958, 41.6333770752, 42.1906585693, 42.7479362488, 43.3052139282, 43.8624954224, 44.4081611633, 44.9422225952, 45.4762802124, 46.0335578918, 46.5676193237, 47.1016769409, 47.6357345581, 48.1814041138, 48.6922454834, 49.2263031006, 49.7603607178, 50.2944221497, 50.8284797668, 51.362537384, 51.8965988159, 52.4306564331, 52.9763259888, 53.5219955444, 54.0560531616, 54.5901107788, 55.1241722107, 55.6582298279, 56.1922874451, 56.7495689392, 57.2836265564, 57.8409042358, 58.3749656677, 58.9090232849, 59.4430847168, 59.977142334, 60.5111999512, 61.0452613831, 61.5793190002, 62.1133766174, 62.6474380493, 63.1814956665, 63.7039451599, 64.2380065918, 64.772064209, 65.3177337646, 65.8517913818, 66.385848999, 66.9199066162, 67.4539642334, 67.9764175415, 68.4988632202, 69.0445327759, 69.5902023315, 70.1242599487, 70.6583175659, 71.1923828125, 71.7264404297, 72.2604980469, 72.7945556641, 73.3286132812, 73.8626708984, 74.396736145, 74.9191818237, 75.4416275024, 75.975692749, 76.5097503662, 77.0438079834, 77.5778656006, 78.1119232178, 78.6459884644, 79.1800460815, 79.7141036987, 80.2713851929, 80.8170471191, 81.3627166748, 81.8967819214, 82.4308395386, 82.9532852173, 83.4757385254, 84.0097961426, 84.5438537598, 85.077911377, 85.6119689941, 86.1344223022, 86.6800918579, 87.2141494751, 87.7482070923, 88.2822647095, 88.8279342651, 89.3736038208, 89.907661438, 90.4533309937, 90.9990005493, 91.5330581665, 92.0671157837, 92.6011810303, 93.1352386475, 93.6692962646, 94.2033538818, 94.7257995605, 95.2598648071, 95.7823104858, 96.316368103, 96.8504257202, 97.4077072144, 97.95337677, 98.4874343872, 99.0331039429, 99.5671615601, 100.101219177, 100.635284424, 101.180953979, 101.715011597, 102.237457275, 102.771514893, 103.305580139, 103.839637756, 104.373695374, 104.907752991, 105.441810608, 105.975868225, 106.509933472, 107.043991089, 107.589660645, 108.123718262, 108.64616394, 109.180221558, 109.725891113, 110.271560669, 110.805618286, 111.339683533, 111.87374115, 112.407798767, 112.941856384, 113.48752594, 114.021583557, 114.567253113, 115.10131073, 115.635368347, 116.169433594, 116.703491211, 117.237548828, 117.771606445, 118.317276001, 118.874557495, 119.420227051, 119.954284668, 120.488342285, 121.022399902, 121.54485321, 122.067298889, 122.601356506, 123.135414124, 123.66947937, 124.191925049, 124.714370728, 125.248435974, 125.782493591, 126.316551208, 126.850608826, 127.384666443, 127.91872406, 128.441177368, 128.975234985, 129.520904541, 130.066574097, 130.623855591, 131.169525146, 131.715194702, 132.260864258, 132.794921875, 133.340591431, 133.863037109, 134.397094727, 134.931152344, 135.465209961, 136.010879517, 136.544937134, 137.090606689, 137.624664307, 138.158721924, 138.681182861, 139.20362854, 139.737686157, 140.271743774, 140.81741333, 141.363082886, 141.897140503, 142.43119812, 142.965255737, 143.499313354, 144.021759033, 144.567428589, 145.101501465, 145.635559082, 146.169616699, 146.703674316, 147.226119995, 147.760177612, 148.282623291, 148.839904785, 149.385574341, 149.931243896, 150.465301514, 150.999359131, 151.533416748, 152.055877686, 152.589935303, 153.135604858, 153.658050537, 154.180496216, 154.702941895, 155.225387573, 155.747848511, 156.270294189, 156.804351807, 157.338409424, 157.860855103, 158.39491272, 158.940582275, 159.474639893, 160.020309448, 160.565979004, 161.100036621, 161.634094238, 162.168167114, 162.702224731, 163.247894287, 163.793563843, 164.32762146, 164.861679077, 165.395736694, 165.929794312, 166.463851929, 166.997909546, 167.543579102, 168.089248657, 168.623306274, 169.157363892, 169.691421509, 170.237091064, 170.771148682, 171.293609619, 171.839263916, 172.373336792, 172.907394409, 173.453063965, 173.975509644, 174.509567261, 175.032012939, 175.566070557, 176.100128174, 176.634185791, 177.168243408, 177.702316284, 178.236373901, 178.770431519, 179.281265259, 179.803710938, 180.337768555, 180.88343811, 181.417495728, 181.951568604, 182.485626221, 183.031295776, 183.576965332, 184.111022949, 184.656692505, 185.190750122, 185.736419678, 186.270477295, 186.804534912, 187.338592529, 187.872650146, 188.406707764, 188.940765381, 189.474822998, 190.008880615, 190.542938232, 191.07699585, 191.611068726, 192.145126343, 192.67918396, 193.213241577, 193.747299194, 194.281356812, 194.838638306, 195.372695923, 195.90675354, 196.440811157, 196.974868774, 197.508926392, 198.054595947, 198.600265503, 199.13432312, 199.679992676, 200.225662231, 200.771331787, 201.317001343, 201.85105896, 202.385116577, 202.919174194, 203.453231812, 203.987304688, 204.509750366, 205.032196045, 205.566253662, 206.100311279, 206.634368896, 207.168426514, 207.702484131, 208.236557007, 208.770614624, 209.293060303, 209.838729858, 210.372787476, 210.906845093, 211.44090271, 211.974960327, 212.520629883, 213.066299438, 213.611968994, 214.15763855, 214.691696167, 215.248977661, 215.783035278, 216.305480957, 216.839538574, 217.38520813, 217.930877686, 218.476547241, 219.010604858, 219.544662476, 220.067123413, 220.589569092, 221.112014771, 221.657684326, 222.203353882, 222.749023438, 223.283081055, 223.817138672, 224.351196289, 224.908477783, 225.419311523, 225.930160522, 226.46421814, 226.998275757],
    "bpm_histogram": [0, 0, 0, 0, 0, 0, 0, 0, 0, 0, 0, 0, 0, 0, 0, 0, 0, 0, 0, 0, 0, 0, 0, 0, 0, 0, 0, 0, 0, 0, 0, 0, 0, 0, 0, 0, 0, 0, 0, 0, 0, 0, 0, 0, 0, 0, 0, 0, 0, 0, 0, 0, 0, 0, 0, 0, 0, 0, 0, 0, 0, 0, 0, 0, 0, 0, 0, 0, 0, 0, 0, 0, 0, 0, 0, 0, 0, 0, 0, 0, 0, 0, 0, 0, 0, 0, 0, 0, 0, 0, 0, 0, 0, 0, 0, 0, 0, 0, 0, 0, 0, 0, 0, 0, 0, 0.0285714287311, 0, 0, 0.133333340287, 0, 0.211904764175, 0, 0.511904776096, 0, 0, 0.104761905968, 0, 0.00952380988747, 0, 0, 0, 0, 0, 0, 0, 0, 0, 0, 0, 0, 0, 0, 0, 0, 0, 0, 0, 0, 0, 0, 0, 0, 0, 0, 0, 0, 0, 0, 0, 0, 0, 0, 0, 0, 0, 0, 0, 0, 0, 0, 0, 0, 0, 0, 0, 0, 0, 0, 0, 0, 0, 0, 0, 0, 0, 0, 0, 0, 0, 0, 0, 0, 0, 0, 0, 0, 0, 0, 0, 0, 0, 0, 0, 0, 0, 0, 0, 0, 0, 0, 0, 0, 0, 0, 0, 0, 0, 0, 0, 0, 0, 0, 0, 0, 0, 0, 0, 0, 0, 0, 0, 0, 0, 0, 0, 0, 0, 0, 0, 0, 0, 0, 0, 0, 0, 0, 0, 0, 0, 0, 0, 0, 0, 0, 0, 0, 0, 0, 0, 0]
},
"tonal": {
    "chords_changes_rate": 0.0624107681215,
    "chords_number_rate": 0.00203956756741,
    "chords_strength": {
        "mean": 0.513349473476,
        "stdev": 0.0937702804804
    },
    "hpcp_crest": {
        "mean": 14.3680019379,
        "stdev": 7.10475444794
    },
    "hpcp_entropy": {
        "mean": 1.9292320013,
        "stdev": 0.766078591347
    },
    "key_edma": {
        "strength": 0.82936167717,
        "key": "C#",
        "scale": "major"
    },
    "key_krumhansl": {
        "strength": 0.837237715721,
        "key": "C#",
        "scale": "major"
    },
    "key_temperley": {
        "strength": 0.843361794949,
        "key": "C#",
        "scale": "major"
    },
    "tuning_diatonic_strength": 0.690830409527,
    "tuning_equal_tempered_deviation": 0.0278115309775,
    "tuning_frequency": 441.527557373,
    "tuning_nontempered_energy_ratio": 0.67404961586,
    "hpcp": {
        "mean": [0.0544528514147, 0.0472792461514, 0.112287156284, 0.204590544105, 0.173934727907, 0.098481066525, 0.0671276450157, 0.049884788692, 0.0842843055725, 0.0967250540853, 0.0870131030679, 0.255229562521, 0.393939226866, 0.235087528825, 0.090912334621, 0.0868370383978, 0.0993501469493, 0.169768586755, 0.233691707253, 0.170780733228, 0.0922365486622, 0.0787264034152, 0.094906359911, 0.194667756557, 0.211164817214, 0.108252376318, 0.117411911488, 0.179584726691, 0.156943589449, 0.109952136874, 0.0890464857221, 0.0852289870381, 0.256192982197, 0.404275715351, 0.24711124599, 0.0866532251239],
        "stdev": [0.123297601938, 0.102474309504, 0.169750481844, 0.298970878124, 0.250657349825, 0.151105135679, 0.115790709853, 0.105540968478, 0.123084671795, 0.139475807548, 0.154404446483, 0.263194680214, 0.368146181107, 0.251725018024, 0.174832627177, 0.168384373188, 0.195199012756, 0.236843347549, 0.292493730783, 0.235901877284, 0.186188519001, 0.177940651774, 0.183754265308, 0.251519113779, 0.270332306623, 0.163002252579, 0.188720196486, 0.303111702204, 0.266298145056, 0.19923388958, 0.171611219645, 0.158526033163, 0.258100360632, 0.358678638935, 0.254299610853, 0.159655764699]
    },
    "chords_histogram": [33.0205993652, 0.652661621571, 7.30165195465, 0.183561086655, 2.32510709763, 0, 4.48704862595, 0, 0, 0, 0.183561086655, 0, 0, 0, 0, 1.34611463547, 0, 15.7658576965, 0, 2.75341629982, 0, 2.08035898209, 19.1515407562, 10.7485208511],
    "thpcp": [1, 0.611244320869, 0.214341893792, 0.13469235599, 0.116948023438, 0.277748942375, 0.506066858768, 0.43023788929, 0.243598774076, 0.166044220328, 0.123392991722, 0.20848223567, 0.239255174994, 0.215232074261, 0.631325483322, 0.974432110786, 0.581502974033, 0.22487705946, 0.214796572924, 0.245748490095, 0.419932693243, 0.57805031538, 0.42243629694, 0.22815258801, 0.194734439254, 0.23475651443, 0.481522262096, 0.522328734398, 0.267768681049, 0.2904253304, 0.444213479757, 0.388209283352, 0.271973133087, 0.220261767507, 0.210818961263, 0.633708536625],
    "chords_key": "C#",
    "chords_scale": "major"
}
}