{
"metadata": {
    "version": {
        "essentia": "2.1-dev",
        "essentia_git_sha": "v2.1_beta3-415-gd5473f3",
        "extractor": "music 2.0"
    },
    "audio_properties": {
        "analysis": {
            "equal_loudness": 0,
            "length": 286.458770752,
            "sample_rate": 44100,
            "start_time": 0,
            "downmix": "mix"
        },
        "bit_rate": 192000,
        "length": 286.458770752,
        "lossless": 0,
        "number_channels": 2,
        "replay_gain": -7.23771095276,
        "sample_rate": 44100,
        "codec": "mp3",
        "md5_encoded": "b2e92c7b7ed65e16c6b9111f5e728bf7"
    },
    "tags": {
        "file_name": "mario_ortiz-wings_of_freedom.mp3",
        "album": ["Unknown Disc"],
        "artist": ["Unknown"],
        "date": ["0"],
        "genre": ["Other"],
        "title": ["Track 5"]
    }
},
"lowlevel": {
    "average_loudness": 0.834407925606,
    "barkbands_crest": {
        "mean": 9.60041236877,
        "stdev": 3.75136804581
    },
    "barkbands_flatness_db": {
        "mean": 0.1428565979,
        "stdev": 0.0440347716212
    },
    "barkbands_kurtosis": {
        "mean": 3.89911532402,
        "stdev": 6.01747179031
    },
    "barkbands_skewness": {
        "mean": 1.53429329395,
        "stdev": 1.09541738033
    },
    "barkbands_spread": {
        "mean": 21.6175174713,
        "stdev": 12.086938858
    },
    "dissonance": {
        "mean": 0.464793205261,
        "stdev": 0.0279712695628
    },
    "dynamic_complexity": 2.95453810692,
    "erbbands_crest": {
        "mean": 8.87292289734,
        "stdev": 4.84700345993
    },
    "erbbands_flatness_db": {
        "mean": 0.148611426353,
        "stdev": 0.052304007113
    },
    "erbbands_kurtosis": {
        "mean": 0.577118873596,
        "stdev": 3.11424899101
    },
    "erbbands_skewness": {
        "mean": 0.378902971745,
        "stdev": 0.775483071804
    },
    "erbbands_spread": {
        "mean": 40.8816490173,
        "stdev": 18.3306522369
    },
    "hfc": {
        "mean": 20.9919567108,
        "stdev": 18.2564373016
    },
    "loudness_ebu128": {
        "integrated": -15.3374423981,
        "loudness_range": 6.18348312378,
        "momentary": {
            "mean": -22.2658176422,
            "stdev": 39.3546829224
        },
        "short_term": {
            "mean": -19.6335735321,
            "stdev": 29.1361293793
        }
    },
    "melbands_crest": {
        "mean": 13.7755126953,
        "stdev": 4.58162164688
    },
    "melbands_flatness_db": {
        "mean": 0.194032117724,
        "stdev": 0.0585040971637
    },
    "melbands_kurtosis": {
        "mean": 12.8169870377,
        "stdev": 16.8854618073
    },
    "melbands_skewness": {
        "mean": 2.62646603584,
        "stdev": 1.54282486439
    },
    "melbands_spread": {
        "mean": 22.7671489716,
        "stdev": 20.3820819855
    },
    "pitch_salience": {
        "mean": 0.55952078104,
        "stdev": 0.106577046216
    },
    "silence_rate_20dB": {
        "mean": 1,
        "stdev": 0
    },
    "silence_rate_30dB": {
        "mean": 0.994002282619,
        "stdev": 0.0772143155336
    },
    "silence_rate_60dB": {
        "mean": 0.0899659618735,
        "stdev": 0.28617143631
    },
    "spectral_centroid": {
        "mean": 1413.54833984,
        "stdev": 1479.46118164
    },
    "spectral_complexity": {
        "mean": 19.4176521301,
        "stdev": 10.1223773956
    },
    "spectral_decrease": {
        "mean": -7.62649943198e-09,
        "stdev": 5.68640023957e-09
    },
    "spectral_energy": {
        "mean": 0.0306881647557,
        "stdev": 0.0226068105549
    },
    "spectral_energyband_high": {
        "mean": 0.000898861675523,
        "stdev": 0.00131845579017
    },
    "spectral_energyband_low": {
        "mean": 0.0118891233578,
        "stdev": 0.0125938924029
    },
    "spectral_energyband_middle_high": {
        "mean": 0.00593219930306,
        "stdev": 0.00755355181172
    },
    "spectral_energyband_middle_low": {
        "mean": 0.0132152307779,
        "stdev": 0.0124619910493
    },
    "spectral_entropy": {
        "mean": 7.66702699661,
        "stdev": 0.47935923934
    },
    "spectral_flux": {
        "mean": 0.0820236876607,
        "stdev": 0.0448731221259
    },
    "spectral_kurtosis": {
        "mean": 3.9450545311,
        "stdev": 3.32406806946
    },
    "spectral_rms": {
        "mean": 0.00503017939627,
        "stdev": 0.00215336191468
    },
    "spectral_rolloff": {
        "mean": 1572.19384766,
        "stdev": 2730.53540039
    },
    "spectral_skewness": {
        "mean": 1.48536229134,
        "stdev": 0.468051314354
    },
    "spectral_spread": {
        "mean": 5558048,
        "stdev": 5335781.5
    },
    "spectral_strongpeak": {
        "mean": 0.903641045094,
        "stdev": 1.33695471287
    },
    "zerocrossingrate": {
        "mean": 0.0647056922317,
        "stdev": 0.0691488087177
    },
    "barkbands": {
        "mean": [0.000162755546626, 0.00671494565904, 0.00400776183233, 0.0018683715025, 0.00427680741996, 0.00210004393011, 0.00167632719968, 0.00135906192008, 0.00151170429308, 0.00187250645831, 0.00064693891909, 0.000659850426018, 0.000361441634595, 0.000499230227433, 0.000405888160458, 0.000656014832202, 0.000413163012126, 0.000268520205282, 0.000248418509727, 0.000178278132807, 0.000167096135556, 0.000197761066374, 0.000173379463376, 0.000142977718497, 8.15395032987e-05, 3.74460978492e-05, 1.05771991166e-09],
        "stdev": [0.000278596417047, 0.00901731476188, 0.00442137429491, 0.00315873487853, 0.00791032332927, 0.00277042691596, 0.00291539146565, 0.00348587683402, 0.00323953828774, 0.00543921533972, 0.00185729202349, 0.0014249504311, 0.000882908294443, 0.00132342067081, 0.000978607800789, 0.00154876417946, 0.000777227571234, 0.000386736850487, 0.000456420733826, 0.000220281872316, 0.000242036374402, 0.000281962624285, 0.000349895242834, 0.000325900415191, 0.000188134028576, 8.61617154442e-05, 1.74289338517e-09]
    },
    "erbbands": {
        "mean": [0.159392848611, 1.62547886372, 4.80803251266, 5.55307865143, 10.1775493622, 14.9498271942, 15.3272638321, 18.0821781158, 27.5593185425, 20.6318378448, 34.5778198242, 27.6247158051, 57.7167205811, 39.231300354, 21.9617958069, 25.8567085266, 17.9397659302, 20.6451854706, 23.8078041077, 26.4427337646, 36.9291915894, 25.4156131744, 15.8172721863, 15.4852733612, 9.46438503265, 8.58768367767, 6.7393951416, 7.15749931335, 6.92530679703, 6.37581253052, 4.56953716278, 3.4283041954, 2.10034537315, 1.01047849655, 0.537367284298, 0.225971519947, 0.0590774193406, 0.00398498075083, 0.000100437362562, 4.19016723754e-05],
        "stdev": [0.276485323906, 2.08697271347, 4.84453010559, 7.89950418472, 17.5989074707, 36.2231864929, 25.2392063141, 24.7574901581, 47.2784423828, 37.7311477661, 85.5219039917, 53.0903396606, 153.449707031, 102.814826965, 43.9256820679, 57.5484046936, 40.1097068787, 54.3121795654, 44.4286727905, 61.6856384277, 81.9734649658, 44.1802444458, 21.6186637878, 28.5063896179, 13.4848766327, 10.6956396103, 10.254483223, 9.95683002472, 9.92671585083, 10.416680336, 10.1941242218, 8.21353626251, 4.63489103317, 2.23068380356, 1.35220742226, 0.565441310406, 0.129074156284, 0.00888564623892, 0.000187738187378, 3.24638458551e-05]
    },
    "gfcc": {
        "mean": [-16.3573608398, 95.4220733643, -114.240081787, 34.578830719, -59.9825401306, 16.5557403564, -39.3666229248, 11.7650060654, -19.9010791779, 3.6586587429, -19.0804023743, 2.08144021034, -9.38166713715],
        "cov": [[34601.0703125, 1231.61572266, -1353.34350586, 1775.13427734, -1298.98144531, 1259.73632812, -1253.5333252, 807.139404297, -611.980773926, 231.152008057, -871.187744141, 274.454345703, -507.389526367], [1231.61572266, 1114.94604492, -601.522033691, 2.56901550293, 60.2329864502, -250.890823364, 121.323196411, -124.579437256, 32.9368515015, -83.2857971191, 105.737220764, -86.0748138428, 74.6871643066], [-1353.34350586, -601.522033691, 1249.77783203, 320.730865479, 238.130905151, 303.71395874, -75.6206207275, 183.884170532, 17.1152992249, 70.4089660645, -117.115280151, 45.8826332092, -66.8963775635], [1775.13427734, 2.56901550293, 320.730865479, 566.734069824, 140.475646973, 85.0637512207, -103.556343079, 105.733078003, 5.9186797142, 7.50650548935, -71.9503250122, 26.0690498352, -18.6101398468], [-1298.98144531, 60.2329864502, 238.130905151, 140.475646973, 310.023468018, 1.73149490356, 65.6379318237, 6.86424875259, 50.2726249695, -11.5847854614, 16.3502159119, -5.70183563232, 39.0906562805], [1259.73632812, -250.890823364, 303.71395874, 85.0637512207, 1.73149490356, 385.191894531, -11.4747600555, 126.203109741, -20.4609985352, 34.2821426392, -90.0994644165, 20.5645942688, -57.2922401428], [-1253.5333252, 121.323196411, -75.6206207275, -103.556343079, 65.6379318237, -11.4747600555, 227.568389893, -33.3939743042, 31.4235401154, -36.9504776001, 62.9568519592, -35.1525650024, 14.480588913], [807.139404297, -124.579437256, 183.884170532, 105.733078003, 6.86424875259, 126.203109741, -33.3939743042, 162.538085938, 19.7419681549, 26.9421691895, -61.3238067627, 28.0934257507, -21.773229599], [-611.980773926, 32.9368515015, 17.1152992249, 5.9186797142, 50.2726249695, -20.4609985352, 31.4235401154, 19.7419681549, 139.247756958, 20.5968322754, 15.4892969131, -10.2327194214, 16.7284584045], [231.152008057, -83.2857971191, 70.4089660645, 7.50650548935, -11.5847854614, 34.2821426392, -36.9504776001, 26.9421691895, 20.5968322754, 97.2489242554, 10.6273756027, 13.5073366165, -23.935131073], [-871.187744141, 105.737220764, -117.115280151, -71.9503250122, 16.3502159119, -90.0994644165, 62.9568519592, -61.3238067627, 15.4892969131, 10.6273756027, 123.010742188, 4.25325918198, 25.1611480713], [274.454345703, -86.0748138428, 45.8826332092, 26.0690498352, -5.70183563232, 20.5645942688, -35.1525650024, 28.0934257507, -10.2327194214, 13.5073366165, 4.25325918198, 72.5905685425, 11.4491147995], [-507.389526367, 74.6871643066, -66.8963775635, -18.6101398468, 39.0906562805, -57.2922401428, 14.480588913, -21.773229599, 16.7284584045, -23.935131073, 25.1611480713, 11.4491147995, 85.4171676636]],
        "icov": [[0.000309987110086, -0.000753748579882, 0.000658106349874, -0.000936268246733, 0.000884294335265, -0.0010286825709, 0.000681696459651, -0.00047665880993, 0.00072468095459, -0.000835799844936, 0.00130742660258, -0.00122832064517, 0.000883505214006], [-0.000753748579882, 0.00352676631883, -0.00075888261199, 0.00169741478749, -0.00268251169473, 0.00277093728073, -0.00186314608436, 0.000982968718745, -0.00176468770951, 0.00249578780495, -0.00389888556674, 0.00454060873017, -0.00254817027599], [0.000658106349874, -0.00075888261199, 0.0032820107881, -0.00241839792579, 0.000319069309626, -0.00267876777798, 0.00167748983949, -0.00159378489479, 0.00161066604778, -0.00204562977888, 0.00289821112528, -0.00234602042474, 0.00255494308658], [-0.000936268246733, 0.00169741478749, -0.00241839792579, 0.00578307779506, -0.0040090745315, 0.00306918402202, -0.000489250349347, 0.000203462623176, -0.00212097656913, 0.00318598747253, -0.00364783522673, 0.00309174554422, -0.00168338359799], [0.000884294335265, -0.00268251169473, 0.000319069309626, -0.0040090745315, 0.00860822573304, -0.00270578428172, -0.000110832079372, -0.000306908943458, 0.000987499137409, -0.0025240231771, 0.00358539493755, -0.00332428631373, -0.000350254849764], [-0.0010286825709, 0.00277093728073, -0.00267876777798, 0.00306918402202, -0.00270578428172, 0.00804714951664, -0.00380589696579, -0.000402947916882, -0.00141675362829, 0.00160079705529, -0.0021129460074, 0.00351354456507, -0.00190684513655], [0.000681696459651, -0.00186314608436, 0.00167748983949, -0.000489250349347, -0.000110832079372, -0.00380589696579, 0.00965108163655, -0.00218454771675, 0.000390391534893, 0.00211854535155, -0.00196685898118, 0.000178697591764, 0.00326324743219], [-0.00047665880993, 0.000982968718745, -0.00159378489479, 0.000203462623176, -0.000306908943458, -0.000402947916882, -0.00218454771675, 0.0123935826123, -0.00351744191721, -0.000576989201363, 0.00226588081568, -0.00217145448551, -0.00134428858291], [0.00072468095459, -0.00176468770951, 0.00161066604778, -0.00212097656913, 0.000987499137409, -0.00141675362829, 0.000390391534893, -0.00351744191721, 0.0108856298029, -0.00501721678302, 0.00291119655594, -0.000760208407883, -1.13784344649e-05], [-0.000835799844936, 0.00249578780495, -0.00204562977888, 0.00318598747253, -0.0025240231771, 0.00160079705529, 0.00211854535155, -0.000576989201363, -0.00501721678302, 0.0179165452719, -0.00945281609893, 0.00305587705225, 0.00204557366669], [0.00130742660258, -0.00389888556674, 0.00289821112528, -0.00364783522673, 0.00358539493755, -0.0021129460074, -0.00196685898118, 0.00226588081568, 0.00291119655594, -0.00945281609893, 0.0218284446746, -0.0105038527399, 0.0022623934783], [-0.00122832064517, 0.00454060873017, -0.00234602042474, 0.00309174554422, -0.00332428631373, 0.00351354456507, 0.000178697591764, -0.00217145448551, -0.000760208407883, 0.00305587705225, -0.0105038527399, 0.0251119900495, -0.00840282719582], [0.000883505214006, -0.00254817027599, 0.00255494308658, -0.00168338359799, -0.000350254849764, -0.00190684513655, 0.00326324743219, -0.00134428858291, -1.13784344649e-05, 0.00204557366669, 0.0022623934783, -0.00840282719582, 0.019838379696]]
    },
    "melbands": {
        "mean": [0.00164568866603, 0.00244771176949, 0.00109114265069, 0.000936395954341, 0.000573500234168, 0.000425895355875, 0.000385066727176, 0.000236440086155, 0.000293987279292, 0.000173460997758, 0.00030310623697, 0.000179321315954, 7.66577286413e-05, 6.3652114477e-05, 6.69043220114e-05, 3.51562302967e-05, 3.87811633118e-05, 4.11494220316e-05, 3.31688534061e-05, 3.70328380086e-05, 4.41397169197e-05, 2.6605788662e-05, 1.65262699738e-05, 1.27297007566e-05, 1.28198980747e-05, 8.24311337055e-06, 5.63177491131e-06, 5.68656969335e-06, 4.21844970333e-06, 3.67738175555e-06, 4.38289134763e-06, 4.00839235226e-06, 3.5958692024e-06, 3.53840800926e-06, 2.65468929683e-06, 2.27377790907e-06, 2.06336630981e-06, 1.59296985203e-06, 1.04951675439e-06, 7.79966342179e-07],
        "stdev": [0.00245620426722, 0.00249854964204, 0.00146356981713, 0.00176066381391, 0.00107501295861, 0.000552181038074, 0.000636240351014, 0.000479562120745, 0.000702231831383, 0.000347456865711, 0.000817388005089, 0.00048422900727, 0.000178754155058, 0.000165018165717, 0.000143320648931, 9.26258944673e-05, 0.00011617209384, 8.95981065696e-05, 9.17108191061e-05, 0.000106839186628, 0.000111179288069, 5.27095144207e-05, 2.58434720308e-05, 1.9448234525e-05, 2.66188999376e-05, 1.43397764987e-05, 7.329933851e-06, 7.48803495298e-06, 6.62305501464e-06, 5.94260882281e-06, 6.40207144897e-06, 5.82145730732e-06, 5.71727969145e-06, 6.10563984083e-06, 6.32483352092e-06, 5.41910912943e-06, 5.02549255543e-06, 3.55209635927e-06, 2.39036035055e-06, 1.75941499947e-06]
    },
    "melbands128": {
        "mean": [0.000144247998833, 0.00109768798575, 0.00219378760085, 0.00285116443411, 0.00277378619649, 0.00172672129702, 0.00110343901906, 0.000883302942384, 0.00107674743049, 0.000996427144855, 0.00080983620137, 0.000698030693457, 0.000513049250003, 0.000455365574453, 0.000342388375429, 0.000431705848314, 0.000615297059994, 0.000351902330294, 0.000174600878381, 0.000207168719498, 0.000262472458417, 0.00029912032187, 0.000294532132102, 0.000362118444173, 0.000107748142909, 0.000137667288072, 0.000233109807596, 0.000273575395113, 0.000487721932586, 0.000161797463079, 0.000108852196718, 0.000108904940134, 6.61875528749e-05, 6.35158430669e-05, 6.06756912021e-05, 6.22068546363e-05, 5.77537284698e-05, 0.000112274814455, 2.8977608963e-05, 2.27745622396e-05, 4.32000197179e-05, 4.27313898399e-05, 3.18686070386e-05, 3.24936518155e-05, 6.8457906309e-05, 3.48035318893e-05, 2.30062578339e-05, 3.45448024746e-05, 3.70993875549e-05, 3.29326103383e-05, 3.97759140469e-05, 3.04997647618e-05, 6.3415740442e-05, 3.94924281863e-05, 2.24029699893e-05, 2.9547185477e-05, 2.70284381259e-05, 1.64021585078e-05, 1.39364683491e-05, 1.40514639497e-05, 1.25645447042e-05, 1.09958336907e-05, 1.39405137816e-05, 1.27102093757e-05, 1.27463263198e-05, 8.44647001941e-06, 5.16194722877e-06, 5.71883083467e-06, 5.60265561944e-06, 5.46352703168e-06, 6.79279764881e-06, 5.08122911924e-06, 4.32373917647e-06, 3.98451174988e-06, 4.33042987424e-06, 3.38624863616e-06, 3.34457536155e-06, 4.43504313807e-06, 4.33142849943e-06, 4.78732545162e-06, 4.04194224757e-06, 3.72205840904e-06, 3.74991100216e-06, 3.34925312018e-06, 3.82247162634e-06, 3.61642901225e-06, 3.58855868399e-06, 3.05919911625e-06, 2.46159720518e-06, 2.46851072916e-06, 2.54586484516e-06, 2.11587280319e-06, 1.97530789592e-06, 2.24204882215e-06, 1.98123530026e-06, 1.80689289664e-06, 1.51067558818e-06, 1.29159809603e-06, 1.07741118427e-06, 8.97216921203e-07, 8.72188422818e-07, 7.22590982605e-07, 7.34631839805e-07, 6.7808065296e-07, 5.80681671636e-07, 5.72605472371e-07, 5.29752696821e-07, 4.45715301112e-07, 4.00183353122e-07, 3.08786923142e-07, 2.72651874411e-07, 2.31941427842e-07, 1.77515872224e-07, 1.34636948701e-07, 9.45320550727e-08, 1.81581949477e-08, 8.58962120182e-12, 4.89346931032e-12, 4.7420361908e-12, 4.60762504539e-12, 4.49348848061e-12, 4.39774648989e-12, 4.30193380918e-12, 4.2220636709e-12, 4.16479828055e-12, 4.12159802815e-12, 4.08898219104e-12, 4.05964541497e-12],
        "stdev": [0.000266105111223, 0.00219335453585, 0.00386437261477, 0.00364758237265, 0.00282390415668, 0.00212385645136, 0.00177010823973, 0.00156797468662, 0.00207578763366, 0.0022687332239, 0.00254245847464, 0.0018894384848, 0.000966182968114, 0.000765955133829, 0.000586353591643, 0.000806399388239, 0.00119349930901, 0.000704526144546, 0.000554006139282, 0.000516896368936, 0.000632389041129, 0.00120158598293, 0.000832830322906, 0.00112362753134, 0.000305057619698, 0.000360231235391, 0.000949727313127, 0.000954917632043, 0.00166022905614, 0.000573752739001, 0.000537831627298, 0.000407542975154, 0.000188120451639, 0.000214780055103, 0.000224970484851, 0.00025918323081, 0.000220882895519, 0.000255836202996, 0.000101012519735, 0.000134635498398, 0.000128987419885, 0.000139365918585, 0.00015249226999, 0.000175187669811, 0.00021685246611, 7.86063610576e-05, 8.90791852726e-05, 0.000128656130983, 0.00013776452397, 0.000119802047266, 0.000194551568711, 0.000110249617137, 0.000200024674996, 0.000129301653942, 8.73035751283e-05, 7.70088008721e-05, 6.62148522679e-05, 3.71567803086e-05, 3.08686830977e-05, 2.82847195194e-05, 2.6797017199e-05, 2.74565027212e-05, 3.97360308853e-05, 3.54671064997e-05, 3.26191111526e-05, 1.96005967155e-05, 1.21303946798e-05, 9.11508868739e-06, 8.7266034825e-06, 9.12635823624e-06, 9.64752871369e-06, 8.16158990347e-06, 7.42396787246e-06, 7.21527385394e-06, 8.50559445098e-06, 7.07806975697e-06, 6.05727154834e-06, 7.89562272985e-06, 7.89577734395e-06, 8.37890274852e-06, 6.85752183927e-06, 6.37820903648e-06, 7.12758992449e-06, 5.87003114561e-06, 6.63853597871e-06, 6.86914063408e-06, 6.85348777552e-06, 6.59445913698e-06, 7.72190287535e-06, 6.44160991214e-06, 6.01632018515e-06, 5.554152267e-06, 5.73639499635e-06, 5.90032277614e-06, 4.8110946409e-06, 4.25865346187e-06, 3.64225502381e-06, 3.2188734167e-06, 2.58862814917e-06, 2.22212634071e-06, 2.13463340515e-06, 1.68339261108e-06, 1.78653237981e-06, 1.90979812942e-06, 1.55994553097e-06, 1.62076275956e-06, 1.72078216565e-06, 1.30719104163e-06, 1.02521994449e-06, 7.50653782688e-07, 6.28850443718e-07, 5.32449064394e-07, 4.10586437738e-07, 3.12436810646e-07, 2.22336794309e-07, 5.32786899043e-08, 2.70458239138e-11, 8.14775590746e-12, 7.89893064151e-12, 7.67931638418e-12, 7.48660248379e-12, 7.31653366365e-12, 7.16865629358e-12, 7.04347040761e-12, 6.9370056574e-12, 6.85489208799e-12, 6.79449638913e-12, 6.75546424356e-12]
    },
    "mfcc": {
        "mean": [-642.843505859, 119.505775452, 4.28306627274, 19.6959514618, 3.98486828804, 4.87735414505, -4.88600158691, 4.7910528183, 2.91336321831, 1.63125169277, -1.72566449642, -0.498014420271, -0.267257213593],
        "cov": [[11561.9853516, 588.365112305, 756.278991699, 735.016540527, 438.728485107, 514.852905273, -20.4708385468, 466.683502197, 200.220062256, 124.178985596, 52.1041488647, 43.0579948425, 7.13718748093], [588.365112305, 1031.40979004, -303.391906738, 93.3982009888, -55.1264801025, -52.8143997192, 48.7480506897, -36.7206382751, -8.56769561768, -15.0265693665, -1.19612646103, -11.3257350922, 16.6524982452], [756.278991699, -303.391906738, 677.083557129, 117.864402771, 221.651535034, 156.153305054, -8.7013874054, 114.491127014, 68.5011672974, 82.8052062988, 7.70179080963, 26.8361339569, -5.76825094223], [735.016540527, 93.3982009888, 117.864402771, 516.640319824, 219.015182495, 40.6429328918, -2.44529175758, 40.7863044739, 50.3572425842, -32.5363845825, -2.5634534359, 28.8548908234, 11.5246505737], [438.728485107, -55.1264801025, 221.651535034, 219.015182495, 287.581878662, 106.599891663, -22.6014709473, 62.3838157654, 70.8738021851, 25.8782672882, -10.0128250122, 21.6497097015, 7.06247901917], [514.852905273, -52.8143997192, 156.153305054, 40.6429328918, 106.599891663, 186.236618042, 55.2669258118, 70.2959518433, 35.4937973022, 46.8176231384, 15.9106826782, -0.0223286040127, -8.94790077209], [-20.4708385468, 48.7480506897, -8.7013874054, -2.44529175758, -22.6014709473, 55.2669258118, 144.11277771, 39.9940834045, -12.4093141556, 6.29614973068, 10.1725072861, -12.1422080994, -10.428185463], [466.683502197, -36.7206382751, 114.491127014, 40.7863044739, 62.3838157654, 70.2959518433, 39.9940834045, 149.677627563, 62.8444709778, 28.1640510559, 11.0208368301, -4.36916589737, -12.0574159622], [200.220062256, -8.56769561768, 68.5011672974, 50.3572425842, 70.8738021851, 35.4937973022, -12.4093141556, 62.8444709778, 109.902885437, 47.1463279724, 0.868406116962, 3.46880102158, -0.391834139824], [124.178985596, -15.0265693665, 82.8052062988, -32.5363845825, 25.8782672882, 46.8176231384, 6.29614973068, 28.1640510559, 47.1463279724, 98.6260528564, 29.545463562, 2.91296863556, -3.25548171997], [52.1041488647, -1.19612646103, 7.70179080963, -2.5634534359, -10.0128250122, 15.9106826782, 10.1725072861, 11.0208368301, 0.868406116962, 29.545463562, 73.4440994263, 20.9454708099, 1.19200801849], [43.0579948425, -11.3257350922, 26.8361339569, 28.8548908234, 21.6497097015, -0.0223286040127, -12.1422080994, -4.36916589737, 3.46880102158, 2.91296863556, 20.9454708099, 78.8251342773, 39.8973121643], [7.13718748093, 16.6524982452, -5.76825094223, 11.5246505737, 7.06247901917, -8.94790077209, -10.428185463, -12.0574159622, -0.391834139824, -3.25548171997, 1.19200801849, 39.8973121643, 77.308555603]],
        "icov": [[0.000134513771627, -0.000124685524497, -9.18798104976e-05, -0.000192896739463, 0.000215529740672, -0.000392989866668, 0.000355352181941, -0.000395180162741, 0.000166993340827, -5.14795319759e-05, 5.44760587218e-05, -1.79639373528e-05, -3.54269250238e-05], [-0.000124685524497, 0.00134005991276, 0.000715434725862, -0.000266988121439, -0.00014705999638, 0.000479163165437, -0.000755735498387, 0.000422428507591, -0.000140939067933, -0.000573644123506, 0.000123638252262, 0.00019888622046, -0.000280541367829], [-9.18798104976e-05, 0.000715434725862, 0.00284405727871, -0.000142524833791, -0.00135345023591, -0.000559688196518, 0.000296884507407, -0.00106756784953, 0.00111620081589, -0.00206116982736, 0.000859740655869, -0.000769964186475, 0.000323201733408], [-0.000192896739463, -0.000266988121439, -0.000142524833791, 0.00382536556572, -0.00329809589311, 0.00141345534939, -0.00134539906867, 0.000891263131052, -0.0014908114681, 0.00276834983379, -0.00143846636638, -0.000291260483209, 0.000198353518499], [0.000215529740672, -0.00014705999638, -0.00135345023591, -0.00329809589311, 0.00936445780098, -0.00451633101329, 0.00297342962585, -0.00080141617218, -0.0016491743736, -0.000402232253691, 0.00231871847063, -0.00104779109824, -0.000219976296648], [-0.000392989866668, 0.000479163165437, -0.000559688196518, 0.00141345534939, -0.00451633101329, 0.0115773873404, -0.00499739637598, -0.000364333740436, 0.000143621684401, -0.00205603986979, -0.00136182585265, 0.000702873512637, 0.000274666876066], [0.000355352181941, -0.000755735498387, 0.000296884507407, -0.00134539906867, 0.00297342962585, -0.00499739637598, 0.0112036438659, -0.00438062753528, 0.00360421068035, -0.00100566737819, 0.000475358770927, 0.000479713460663, 5.17080297868e-05], [-0.000395180162741, 0.000422428507591, -0.00106756784953, 0.000891263131052, -0.00080141617218, -0.000364333740436, -0.00438062753528, 0.0132104419172, -0.00772802578285, 0.00306030502543, -0.00242767250165, 0.0010484935483, 0.000819503620733], [0.000166993340827, -0.000140939067933, 0.00111620081589, -0.0014908114681, -0.0016491743736, 0.000143621684401, 0.00360421068035, -0.00772802578285, 0.0186279900372, -0.00937264971435, 0.00388927245513, -0.000776025932282, -0.000191125611309], [-5.14795319759e-05, -0.000573644123506, -0.00206116982736, 0.00276834983379, -0.000402232253691, -0.00205603986979, -0.00100566737819, 0.00306030502543, -0.00937264971435, 0.0198303498328, -0.00792882964015, 0.00167210865766, -0.000250872370088], [5.44760587218e-05, 0.000123638252262, 0.000859740655869, -0.00143846636638, 0.00231871847063, -0.00136182585265, 0.000475358770927, -0.00242767250165, 0.00388927245513, -0.00792882964015, 0.0193716082722, -0.00672842888162, 0.00242250715382], [-1.79639373528e-05, 0.00019888622046, -0.000769964186475, -0.000291260483209, -0.00104779109824, 0.000702873512637, 0.000479713460663, 0.0010484935483, -0.000776025932282, 0.00167210865766, -0.00672842888162, 0.0203175302595, -0.00996512640268], [-3.54269250238e-05, -0.000280541367829, 0.000323201733408, 0.000198353518499, -0.000219976296648, 0.000274666876066, 5.17080297868e-05, 0.000819503620733, -0.000191125611309, -0.000250872370088, 0.00242250715382, -0.00996512640268, 0.0182740055025]]
    },
    "spectral_contrast_coeffs": {
        "mean": [-0.732724606991, -0.759302377701, -0.7561622262, -0.786027848721, -0.799415051937, -0.75881677866],
        "stdev": [0.0715525448322, 0.0739744305611, 0.0781620368361, 0.0545049831271, 0.0434122942388, 0.0516815967858]
    },
    "spectral_contrast_valleys": {
        "mean": [-6.87795209885, -6.94336366653, -7.70560693741, -7.9255771637, -7.97594261169, -10.5995912552],
        "stdev": [3.19660925865, 3.06777596474, 2.95824170113, 2.93359875679, 2.94316148758, 2.82569026947]
    }
},
"rhythm": {
    "beats_count": 780,
    "beats_loudness": {
        "mean": 0.043892249465,
        "stdev": 0.0265451427549
    },
    "bpm": 164.031692505,
    "bpm_histogram_first_peak_bpm": 167,
    "bpm_histogram_first_peak_weight": 0,
    "bpm_histogram_second_peak_bpm": 161,
    "bpm_histogram_second_peak_spread": 0.0422886013985,
    "bpm_histogram_second_peak_weight": 0.494223356247,
    "danceability": 1.10218703747,
    "onset_rate": 3.34059166908,
    "beats_loudness_band_ratio": {
        "mean": [0.459309577942, 0.169343397021, 0.184238731861, 0.111302323639, 0.0647756904364, 0.0437364988029],
        "stdev": [0.257643550634, 0.140862807631, 0.149573504925, 0.138694182038, 0.0675733461976, 0.0444933399558]
    },
    "beats_position": [0.359909296036, 0.743038535118, 1.13777780533, 1.52090704441, 1.93886613846, 2.32199549675, 2.69351458549, 3.06503391266, 3.43655323982, 3.80807256699, 4.1679816246, 4.52789115906, 4.8994102478, 5.27092981339, 5.64244890213, 6.00235795975, 6.3622674942, 6.72217655182, 7.08208608627, 7.44199514389, 7.81351470947, 8.18503379822, 8.55655288696, 8.91646194458, 9.287981987, 9.64789104462, 10.0194101334, 10.379319191, 10.7392292023, 11.0991382599, 11.4706573486, 11.8421764374, 12.2136955261, 12.5736055374, 12.933514595, 13.3050336838, 13.6765527725, 14.0480718613, 14.4079818726, 14.7678909302, 15.1394100189, 15.5109291077, 15.870839119, 16.2307472229, 16.602268219, 16.9737873077, 17.3453063965, 17.7052154541, 18.0651245117, 18.4250335693, 18.784942627, 19.1564617157, 19.5279808044, 19.8878898621, 20.247800827, 20.6193199158, 20.9908390045, 21.3623580933, 21.7222671509, 22.0821762085, 22.4536952972, 22.825214386, 23.1967334747, 23.5682544708, 23.9281635284, 24.2880725861, 24.6479816437, 25.0078907013, 25.37940979, 25.7509288788, 26.1108379364, 26.4823570251, 26.8422679901, 27.2137870789, 27.5853061676, 27.9452152252, 28.3051242828, 28.6766433716, 29.0481624603, 29.4196815491, 29.7795906067, 30.1394996643, 30.4994106293, 30.8593196869, 31.2308387756, 31.6023578644, 31.9738769531, 32.3453979492, 32.7053070068, 33.0652160645, 33.4367332458, 33.7966423035, 34.1681632996, 34.539680481, 34.9112014771, 35.2711105347, 35.6310195923, 35.9909286499, 36.362449646, 36.7223587036, 37.0822677612, 37.4537849426, 37.8253059387, 38.1968231201, 38.5567321777, 38.9282531738, 39.2881622314, 39.6480712891, 40.0079803467, 40.3795013428, 40.7510185242, 41.1225395203, 41.4824485779, 41.8539657593, 42.2138786316, 42.585395813, 42.9453048706, 43.3168258667, 43.6767349243, 44.0482521057, 44.4081611633, 44.7680702209, 45.139591217, 45.5111083984, 45.8710212708, 46.2425384521, 46.6024475098, 46.9739685059, 47.3454856873, 47.7053947449, 48.076915741, 48.4368247986, 48.7967338562, 49.1566429138, 49.5281639099, 49.8996810913, 50.2595901489, 50.6194992065, 50.9794082642, 51.3509292603, 51.7108383179, 52.0823554993, 52.4538764954, 52.8253974915, 53.1853065491, 53.5452156067, 53.9167327881, 54.2882537842, 54.6481628418, 55.0080718994, 55.3795890808, 55.7511100769, 56.1110191345, 56.4709281921, 56.8424491882, 57.2139663696, 57.5854873657, 57.9570045471, 58.3285255432, 58.6884346008, 59.0483436584, 59.4082527161, 59.7681617737, 60.1280708313, 60.4995918274, 60.8711090088, 61.2310180664, 61.6025390625, 61.9740562439, 62.34557724, 62.7054862976, 63.0653953552, 63.4369163513, 63.8084335327, 64.1567306519, 64.5282516479, 64.899772644, 65.2712936401, 65.6312026978, 65.9911117554, 66.3626327515, 66.7341461182, 67.0940551758, 67.4539642334, 67.8254852295, 68.1970062256, 68.5569152832, 68.9168243408, 69.2883453369, 69.659866333, 70.0197753906, 70.3796844482, 70.7511978149, 71.122718811, 71.4826278687, 71.8425369263, 72.2140579224, 72.5855789185, 72.9454879761, 73.3053970337, 73.6769180298, 74.0484313965, 74.4083404541, 74.7682495117, 75.1397705078, 75.5112915039, 75.8828125, 76.2427215576, 76.6026306152, 76.9741516113, 77.345664978, 77.7055740356, 78.0654830933, 78.4370040894, 78.8085250854, 79.1800460815, 79.5399551392, 79.8998641968, 80.2597732544, 80.619682312, 80.9912033081, 81.3627166748, 81.7342376709, 82.105758667, 82.4772796631, 82.8371887207, 83.1970977783, 83.5686187744, 83.9517440796, 84.3348770142, 84.6947860718, 85.0546951294, 85.414604187, 85.7745132446, 86.1228103638, 86.4827194214, 86.842628479, 87.2141494751, 87.5856704712, 87.9571838379, 88.3170928955, 88.6886138916, 89.0485229492, 89.4084320068, 89.7683410645, 90.1398620605, 90.4997711182, 90.8712921143, 91.2428131104, 91.6143264771, 91.9742355347, 92.3457565308, 92.7172775269, 93.0771865845, 93.4370956421, 93.8086166382, 94.1685256958, 94.5400466919, 94.8999557495, 95.2598648071, 95.6197738647, 95.9912872314, 96.3628082275, 96.7343292236, 97.0826263428, 97.4541473389, 97.8140563965, 98.1739654541, 98.5454864502, 98.9170074463, 99.288520813, 99.6484298706, 100.008346558, 100.379859924, 100.739768982, 101.111289978, 101.471199036, 101.842720032, 102.214241028, 102.585754395, 102.957275391, 103.328796387, 103.688705444, 104.048614502, 104.420135498, 104.791656494, 105.151565552, 105.511474609, 105.871383667, 106.231292725, 106.591201782, 106.962722778, 107.334236145, 107.705757141, 108.065666199, 108.437187195, 108.797096252, 109.168617249, 109.528526306, 109.888435364, 110.248344421, 110.619865417, 110.991378784, 111.36289978, 111.722808838, 112.094329834, 112.454238892, 112.825759888, 113.197273254, 113.557182312, 113.928703308, 114.288612366, 114.648521423, 115.020042419, 115.379951477, 115.751472473, 116.122993469, 116.494506836, 116.854415894, 117.214332581, 117.585845947, 117.957366943, 118.317276001, 118.677185059, 119.048706055, 119.420227051, 119.791740417, 120.151649475, 120.511566162, 120.87147522, 121.231384277, 121.602897644, 121.97441864, 122.334327698, 122.705848694, 123.07736969, 123.437278748, 123.808792114, 124.18031311, 124.540222168, 124.911743164, 125.271652222, 125.631561279, 125.991470337, 126.351379395, 126.711288452, 127.082809448, 127.454330444, 127.82585144, 128.185760498, 128.545669556, 128.917190552, 129.277099609, 129.637008667, 130.008529663, 130.3800354, 130.751556396, 131.123077393, 131.494598389, 131.866119385, 132.237640381, 132.597549438, 132.957458496, 133.317367554, 133.677276611, 134.048797607, 134.420318604, 134.780227661, 135.140136719, 135.511657715, 135.871566772, 136.23147583, 136.602996826, 136.974502563, 137.334411621, 137.694335938, 138.065841675, 138.437362671, 138.797271729, 139.157180786, 139.528701782, 139.900222778, 140.260131836, 140.620040894, 140.99156189, 141.363082886, 141.722991943, 142.094512939, 142.454421997, 142.825942993, 143.185852051, 143.545761108, 143.917282104, 144.288803101, 144.648712158, 145.008621216, 145.380126953, 145.751647949, 146.123168945, 146.483078003, 146.854598999, 147.226119995, 147.586029053, 147.957550049, 148.329071045, 148.688980103, 149.04888916, 149.408798218, 149.768707275, 150.140228271, 150.500137329, 150.860046387, 151.231567383, 151.603088379, 151.974594116, 152.346115112, 152.717636108, 153.089157104, 153.449066162, 153.80897522, 154.180496216, 154.552017212, 154.91192627, 155.271835327, 155.643356323, 156.014877319, 156.386398315, 156.746307373, 157.106216431, 157.477722168, 157.837631226, 158.197555542, 158.569061279, 158.928970337, 159.288879395, 159.660400391, 160.043533325, 160.42666626, 160.786575317, 161.146484375, 161.506393433, 161.86630249, 162.226211548, 162.586120605, 162.946029663, 163.305938721, 163.677459717, 164.048980713, 164.420501709, 164.780410767, 165.140319824, 165.51184082, 165.883346558, 166.254867554, 166.614776611, 166.986297607, 167.346206665, 167.706115723, 168.06602478, 168.437545776, 168.809066772, 169.180587769, 169.552108765, 169.923629761, 170.295150757, 170.666656494, 171.026565552, 171.386474609, 171.746398926, 172.106307983, 172.466217041, 172.826126099, 173.197631836, 173.569152832, 173.92906189, 174.288970947, 174.660491943, 175.032012939, 175.391921997, 175.751831055, 176.123352051, 176.483261108, 176.843170166, 177.214691162, 177.586212158, 177.969345093, 178.32925415, 178.689163208, 179.049072266, 179.420593262, 179.780502319, 180.140411377, 180.511917114, 180.88343811, 181.254959106, 181.614868164, 181.974777222, 182.334686279, 182.694595337, 183.066116333, 183.426025391, 183.797546387, 184.157455444, 184.52897644, 184.900497437, 185.272018433, 185.63192749, 185.991836548, 186.363357544, 186.73487854, 187.094787598, 187.454696655, 187.826202393, 188.197723389, 188.557632446, 188.917541504, 189.2890625, 189.660583496, 190.020492554, 190.39201355, 190.751922607, 191.123443604, 191.4949646, 191.854873657, 192.214782715, 192.586303711, 192.957824707, 193.329345703, 193.689254761, 194.049163818, 194.409072876, 194.780578613, 195.152099609, 195.512008667, 195.871917725, 196.231826782, 196.603347778, 196.974868774, 197.334777832, 197.69468689, 198.066207886, 198.437728882, 198.797637939, 199.157546997, 199.529067993, 199.900588989, 200.260498047, 200.620407104, 200.991928101, 201.363449097, 201.723358154, 202.09487915, 202.454788208, 202.826293945, 203.186203003, 203.546112061, 203.917633057, 204.289154053, 204.660675049, 205.020584106, 205.380493164, 205.75201416, 206.111923218, 206.483444214, 206.843353271, 207.214874268, 207.574783325, 207.934692383, 208.306213379, 208.677734375, 209.037643433, 209.39755249, 209.769073486, 210.140579224, 210.51210022, 210.883621216, 211.243530273, 211.603439331, 211.963348389, 212.323257446, 212.694778442, 213.066299438, 213.437820435, 213.809341431, 214.169250488, 214.529159546, 214.900680542, 215.2605896, 215.632110596, 216.003631592, 216.363540649, 216.735046387, 217.106567383, 217.46647644, 217.826385498, 218.186294556, 218.546203613, 218.917724609, 219.289245605, 219.660766602, 220.020675659, 220.392196655, 220.752105713, 221.123626709, 221.483535767, 221.855056763, 222.21496582, 222.586486816, 222.958007812, 223.32951355, 223.677825928, 224.037734985, 224.397644043, 224.76914978, 225.140670776, 225.512191772, 225.87210083, 226.232009888, 226.603530884, 226.97505188, 227.346572876, 227.718093872, 228.089614868, 228.449523926, 228.809432983, 229.169342041, 229.529251099, 229.900772095, 230.272293091, 230.643798828, 231.003707886, 231.375228882, 231.735137939, 232.106658936, 232.466567993, 232.826477051, 233.197998047, 233.569519043, 233.929428101, 234.289337158, 234.660858154, 235.03237915, 235.392288208, 235.763809204, 236.123718262, 236.483627319, 236.843536377, 237.215057373, 237.586578369, 237.958084106, 238.317993164, 238.677902222, 239.049423218, 239.420944214, 239.780853271, 240.152374268, 240.512283325, 240.872192383, 241.23210144, 241.603622437, 241.963531494, 242.33505249, 242.694961548, 243.066482544, 243.43800354, 243.809524536, 244.169433594, 244.529342651, 244.900863647, 245.272369385, 245.632278442, 246.003799438, 246.363708496, 246.735229492, 247.106750488, 247.466659546, 247.826568604, 248.1980896, 248.557998657, 248.917907715, 249.289428711, 249.660949707, 250.020858765, 250.380767822, 250.752288818, 251.123809814, 251.495330811, 251.855239868, 252.215148926, 252.586654663, 252.946563721, 253.318084717, 253.677993774, 254.049514771, 254.409423828, 254.780944824, 255.140853882, 255.512374878, 255.872283936, 256.232208252, 256.603729248, 256.975219727, 257.335144043, 257.695037842, 258.066558838, 258.438079834, 258.79800415, 259.157897949, 259.529418945, 259.900939941, 260.272460938, 260.632385254, 260.992279053, 261.363800049, 261.735321045, 262.095245361, 262.45513916, 262.826660156, 263.198181152, 263.569702148, 263.929595947, 264.289520264, 264.649414062, 265.009338379, 265.380859375, 265.752380371, 266.123901367, 266.495422363, 266.866943359, 267.226837158, 267.586761475, 267.946655273, 268.30657959, 268.678100586, 269.049621582, 269.421142578, 269.781036377, 270.152557373, 270.512481689, 270.872375488, 271.232299805, 271.603790283, 271.975311279, 272.346832275, 272.706756592, 273.066650391, 273.438171387, 273.809692383, 274.169616699, 274.529510498, 274.901031494, 275.27255249, 275.632476807, 276.003997803, 276.363891602, 276.723815918, 277.083709717, 277.455230713, 277.826751709, 278.198272705, 278.569793701, 278.9296875, 279.301208496, 279.672729492, 280.055877686, 280.450592041, 280.868560791, 281.286529541, 281.704498291, 282.122436523, 282.505584717, 282.888702393, 283.283447266, 283.666564941, 284.049713135, 284.432830811, 284.815948486, 285.19909668, 285.593841553, 285.976959229],
    "bpm_histogram": [0, 0, 0, 0, 0, 0, 0, 0, 0, 0, 0, 0, 0, 0, 0, 0, 0, 0, 0, 0, 0, 0, 0, 0, 0, 0, 0, 0, 0, 0, 0, 0, 0, 0, 0, 0, 0, 0, 0, 0, 0, 0, 0, 0, 0, 0, 0, 0, 0, 0, 0, 0, 0, 0, 0, 0, 0, 0, 0, 0, 0, 0, 0, 0, 0, 0, 0, 0, 0, 0, 0, 0, 0, 0, 0, 0, 0, 0, 0, 0, 0, 0, 0, 0, 0, 0, 0, 0, 0, 0, 0, 0, 0, 0, 0, 0, 0, 0, 0, 0, 0, 0, 0, 0, 0, 0, 0, 0, 0, 0, 0, 0, 0, 0, 0, 0, 0, 0, 0, 0, 0, 0, 0, 0, 0, 0, 0, 0, 0, 0, 0, 0, 0, 0, 0, 0, 0, 0, 0, 0, 0, 0, 0, 0, 0.00641848519444, 0, 0, 0, 0, 0, 0, 0, 0.00513478834182, 0, 0, 0, 0, 0.0218228492886, 0, 0, 0, 0.43902438879, 0.0551989711821, 0, 0, 0, 0, 0.467265725136, 0, 0, 0, 0, 0.00513478834182, 0, 0, 0, 0, 0, 0, 0, 0, 0, 0, 0, 0, 0, 0, 0, 0, 0, 0, 0, 0, 0, 0, 0, 0, 0, 0, 0, 0, 0, 0, 0, 0, 0, 0, 0, 0, 0, 0, 0, 0, 0, 0, 0, 0, 0, 0, 0, 0, 0, 0, 0, 0, 0, 0, 0, 0, 0, 0, 0, 0, 0, 0, 0, 0, 0, 0, 0, 0, 0, 0, 0, 0, 0, 0, 0, 0, 0]
},
"tonal": {
    "chords_changes_rate": 0.047325771302,
    "chords_number_rate": 0.00145867094398,
    "chords_strength": {
        "mean": 0.508450686932,
        "stdev": 0.224553108215
    },
    "hpcp_crest": {
        "mean": 13.3083972931,
