{
"metadata": {
    "version": {
        "essentia": "2.1-dev",
        "essentia_git_sha": "v2.1_beta3-415-gd5473f3",
        "extractor": "music 2.0"
    },
    "audio_properties": {
        "analysis": {
            "equal_loudness": 0,
            "length": 223.947753906,
            "sample_rate": 44100,
            "start_time": 0,
            "downmix": "mix"
        },
        "bit_rate": 256000,
        "length": 223.947753906,
        "lossless": 0,
        "number_channels": 2,
        "replay_gain": -5.38004493713,
        "sample_rate": 44100,
        "codec": "mp3",
        "md5_encoded": "9e59e61b8e974e8415b0f1b2e068aa44"
    },
    "tags": {
        "file_name": "nickelback-how_you_remind_me.mp3",
        "album": ["Silver Side Up"],
        "artist": ["Nickelback"],
        "genre": ["Alternative Metal"],
        "title": ["How you remind me"],
        "tracknumber": ["2"]
    }
},
"lowlevel": {
    "average_loudness": 0.913261711597,
    "barkbands_crest": {
        "mean": 9.81248760223,
        "stdev": 4.23819351196
    },
    "barkbands_flatness_db": {
        "mean": 0.129191860557,
        "stdev": 0.068853661418
    },
    "barkbands_kurtosis": {
        "mean": 3.75237464905,
        "stdev": 10.2437868118
    },
    "barkbands_skewness": {
        "mean": 1.33140563965,
        "stdev": 1.39164102077
    },
    "barkbands_spread": {
        "mean": 29.2547721863,
        "stdev": 16.9160900116
    },
    "dissonance": {
        "mean": 0.469290316105,
        "stdev": 0.0342661552131
    },
    "dynamic_complexity": 3.52223706245,
    "erbbands_crest": {
        "mean": 8.71288394928,
        "stdev": 4.46472263336
    },
    "erbbands_flatness_db": {
        "mean": 0.157957941294,
        "stdev": 0.0551855750382
    },
    "erbbands_kurtosis": {
        "mean": 1.09606027603,
        "stdev": 3.45988202095
    },
    "erbbands_skewness": {
        "mean": -0.122681207955,
        "stdev": 0.980475783348
    },
    "erbbands_spread": {
        "mean": 37.8904838562,
        "stdev": 18.3533039093
    },
    "hfc": {
        "mean": 27.8310146332,
        "stdev": 22.4366703033
    },
    "loudness_ebu128": {
        "integrated": -16.6784934998,
        "loudness_range": 6.79030609131,
        "momentary": {
            "mean": -19.1402244568,
            "stdev": 8.54997253418
        },
        "short_term": {
            "mean": -18.3757038116,
            "stdev": 5.60135602951
        }
    },
    "melbands_crest": {
        "mean": 14.1034727097,
        "stdev": 4.87885713577
    },
    "melbands_flatness_db": {
        "mean": 0.190227106214,
        "stdev": 0.083855830133
    },
    "melbands_kurtosis": {
        "mean": 13.3511219025,
        "stdev": 22.261177063
    },
    "melbands_skewness": {
        "mean": 2.67063689232,
        "stdev": 1.78060972691
    },
    "melbands_spread": {
        "mean": 31.810005188,
        "stdev": 26.3038158417
    },
    "pitch_salience": {
        "mean": 0.556712388992,
        "stdev": 0.110382661223
    },
    "silence_rate_20dB": {
        "mean": 1,
        "stdev": 0
    },
    "silence_rate_30dB": {
        "mean": 0.995231211185,
        "stdev": 0.0688926503062
    },
    "silence_rate_60dB": {
        "mean": 0.096102014184,
        "stdev": 0.294718444347
    },
    "spectral_centroid": {
        "mean": 1617.21081543,
        "stdev": 750.848815918
    },
    "spectral_complexity": {
        "mean": 25.5673847198,
        "stdev": 14.8422470093
    },
    "spectral_decrease": {
        "mean": -7.21922699398e-09,
        "stdev": 5.62395596759e-09
    },
    "spectral_energy": {
        "mean": 0.0297714285553,
        "stdev": 0.0223891213536
    },
    "spectral_energyband_high": {
        "mean": 0.00128252210561,
        "stdev": 0.00183538848069
    },
    "spectral_energyband_low": {
        "mean": 0.0122686410323,
        "stdev": 0.0159522593021
    },
    "spectral_energyband_middle_high": {
        "mean": 0.00770666310564,
        "stdev": 0.0073831579648
    },
    "spectral_energyband_middle_low": {
        "mean": 0.00975342094898,
        "stdev": 0.010017786175
    },
    "spectral_entropy": {
        "mean": 7.65163660049,
        "stdev": 0.585756480694
    },
    "spectral_flux": {
        "mean": 0.0846384614706,
        "stdev": 0.0518492609262
    },
    "spectral_kurtosis": {
        "mean": 4.73857545853,
        "stdev": 5.96003198624
    },
    "spectral_rms": {
        "mean": 0.00496156141162,
        "stdev": 0.00210433197208
    },
    "spectral_rolloff": {
        "mean": 1954.07873535,
        "stdev": 1915.17297363
    },
    "spectral_skewness": {
        "mean": 1.48643183708,
        "stdev": 0.643219769001
    },
    "spectral_spread": {
        "mean": 4564327.5,
        "stdev": 1818480.625
    },
    "spectral_strongpeak": {
        "mean": 0.824803233147,
        "stdev": 1.27285861969
    },
    "zerocrossingrate": {
        "mean": 0.071786403656,
        "stdev": 0.0502981357276
    },
    "barkbands": {
        "mean": [0.000268525793217, 0.00688366964459, 0.00403329217806, 0.00215434050187, 0.00346042588353, 0.000911142560653, 0.000929003348574, 0.000871989701409, 0.00111503584776, 0.000643301056698, 0.000626221240964, 0.0006243714015, 0.000844621739816, 0.00106014800258, 0.00118060887326, 0.000856841856148, 0.000742301752325, 0.000512134400196, 0.000577275000978, 0.000318074744428, 0.000233836603002, 0.000248506141361, 0.000235721206991, 0.000249077740591, 0.00015575287398, 3.35700024152e-05, 1.67247515037e-06],
        "stdev": [0.000445171201136, 0.0116421952844, 0.00553860003129, 0.00336097343825, 0.00588635960594, 0.00151649932377, 0.00177788827568, 0.00193604349624, 0.0022643643897, 0.0015013681259, 0.00169889815152, 0.00139202061109, 0.00180768582504, 0.00183139415458, 0.00233844458126, 0.00141170411371, 0.00104609027039, 0.000620135804638, 0.000647671055049, 0.000359712808859, 0.000269144104095, 0.000289542542305, 0.000448996579507, 0.000690873188432, 0.000420594296884, 7.13780755177e-05, 3.57975636689e-06]
    },
    "erbbands": {
        "mean": [0.150395035744, 1.70079243183, 4.48411035538, 6.52388477325, 9.43450450897, 12.585729599, 8.20203971863, 7.82387113571, 11.2037200928, 16.9187202454, 20.0071525574, 26.7164115906, 23.0196971893, 21.7965240479, 25.6569747925, 27.763458252, 38.1266517639, 54.7810821533, 59.6689834595, 49.94323349, 48.6006164551, 41.3062934875, 31.2432804108, 26.6460895538, 28.0742473602, 14.3364686966, 9.51508140564, 9.90570068359, 9.13012123108, 6.87898635864, 7.01861667633, 5.52272939682, 4.01925134659, 2.20991230011, 0.826240539551, 0.219089075923, 0.0478633157909, 0.00790716707706, 0.000208651923458, 4.50846855529e-05],
        "stdev": [0.225649371743, 3.03281831741, 6.62656164169, 8.20051193237, 19.4764385223, 19.2334785461, 13.7191114426, 13.8990335464, 20.9842224121, 32.9350280762, 38.4993400574, 54.0651931763, 48.7284393311, 61.7342338562, 70.2752456665, 49.2090263367, 77.0963287354, 91.6616744995, 106.530578613, 89.1210861206, 72.4906082153, 59.0175971985, 37.9296836853, 30.5897541046, 31.8179759979, 15.6713943481, 11.4452753067, 11.7497901917, 10.6911077499, 9.6778755188, 13.8809967041, 15.3524389267, 11.2759971619, 6.13720941544, 2.32519316673, 0.522891581059, 0.0969891920686, 0.0157048087567, 0.000366915308405, 3.47590139427e-05]
    },
    "gfcc": {
        "mean": [-7.33060884476, 86.2987594604, -122.32925415, 42.8823204041, -47.7287826538, 19.9599151611, -44.7309303284, 7.38509559631, -21.497335434, -0.34703963995, -16.7765083313, -3.92089629173, -13.1014957428],
        "cov": [[20633.0839844, -1991.05444336, -42.8211326599, 1267.38439941, -780.875183105, 1433.43322754, -95.2909851074, 1091.7376709, -250.155929565, 194.217102051, -509.29397583, 225.393539429, -431.026580811], [-1991.05444336, 2124.41918945, -228.23576355, -70.4613800049, 591.692199707, -464.407348633, 170.230514526, -272.143280029, 110.558074951, -157.792617798, 158.744277954, -192.124771118, 102.485282898], [-42.8211326599, -228.23576355, 912.12109375, 139.550949097, -108.542526245, 97.5805892944, -156.510757446, 11.4634780884, -65.1762771606, 26.7421360016, -34.0430412292, 30.1415042877, -24.9530029297], [1267.38439941, -70.4613800049, 139.550949097, 553.50592041, 229.969055176, 85.4894714355, 102.54410553, 93.8607788086, -5.28276443481, 63.8325805664, -28.5971260071, 1.04847288132, 55.4031639099], [-780.875183105, 591.692199707, -108.542526245, 229.969055176, 555.948669434, -80.9044876099, 179.124099731, -27.6252307892, 51.3667144775, 21.0823135376, 51.8451118469, -53.3966140747, 88.3549118042], [1433.43322754, -464.407348633, 97.5805892944, 85.4894714355, -80.9044876099, 384.462921143, 77.595161438, 140.210861206, -9.84534454346, 45.0689849854, -40.5931930542, 47.4135169983, -63.220451355], [-95.2909851074, 170.230514526, -156.510757446, 102.54410553, 179.124099731, 77.595161438, 325.644866943, 56.9805145264, 23.3285923004, 31.5320148468, 21.1800079346, -1.47333657742, 19.8771800995], [1091.7376709, -272.143280029, 11.4634780884, 93.8607788086, -27.6252307892, 140.210861206, 56.9805145264, 201.373977661, 32.1715965271, 38.9661064148, -31.5785503387, 29.7662258148, -20.3431301117], [-250.155929565, 110.558074951, -65.1762771606, -5.28276443481, 51.3667144775, -9.84534454346, 23.3285923004, 32.1715965271, 139.806396484, 26.1015167236, 3.67836141586, -21.1187648773, 4.30928659439], [194.217102051, -157.792617798, 26.7421360016, 63.8325805664, 21.0823135376, 45.0689849854, 31.5320148468, 38.9661064148, 26.1015167236, 109.555870056, -0.771133303642, 14.8495540619, 3.43664431572], [-509.29397583, 158.744277954, -34.0430412292, -28.5971260071, 51.8451118469, -40.5931930542, 21.1800079346, -31.5785503387, 3.67836141586, -0.771133303642, 97.2988433838, 17.1618938446, 17.6704940796], [225.393539429, -192.124771118, 30.1415042877, 1.04847288132, -53.3966140747, 47.4135169983, -1.47333657742, 29.7662258148, -21.1187648773, 14.8495540619, 17.1618938446, 96.7908325195, 7.88917207718], [-431.026580811, 102.485282898, -24.9530029297, 55.4031639099, 88.3549118042, -63.220451355, 19.8771800995, -20.3431301117, 4.30928659439, 3.43664431572, 17.6704940796, 7.88917207718, 94.3227233887]],
        "icov": [[0.000210150101339, -0.000433485984104, 0.000375820731279, -0.000668192573357, 0.000512593251187, -0.000636437616777, 0.000608932110481, -0.000847784918733, 0.000705397571437, -0.000517613487318, 0.000752821506467, -0.000543849077076, 0.000596404308453], [-0.000433485984104, 0.00248659285717, -0.00104520318564, 0.00165428675245, -0.0022016542498, 0.00233116955496, -0.00208468874916, 0.00250491849147, -0.00247604469769, 0.00304999109358, -0.00296982936561, 0.0026935429778, -0.000993396854028], [0.000375820731279, -0.00104520318564, 0.00213286816142, -0.00176010001451, 0.00122596847359, -0.00168715696782, 0.00204565492459, -0.00140304793604, 0.00184893177357, -0.00158149760682, 0.0015783252893, -0.00136358279269, 0.00122972554527], [-0.000668192573357, 0.00165428675245, -0.00176010001451, 0.00529701542109, -0.00320647726767, 0.00183700514026, -0.002198780654, 0.00154469418339, -0.00152018549852, 0.00101030815858, -0.0015315458877, 0.00220378953964, -0.00326125323772], [0.000512593251187, -0.0022016542498, 0.00122596847359, -0.00320647726767, 0.00566849438474, -0.00190444826148, 0.000634755531792, -0.00187654350884, 0.00156675628386, -0.00258771819063, 0.00131094804965, -0.000729589897674, -0.000344350148225], [-0.000636437616777, 0.00233116955496, -0.00168715696782, 0.00183700514026, -0.00190444826148, 0.00719396350905, -0.00361077999696, 0.00111531629227, -0.00236988486722, 0.00224411860108, -0.0022908418905, 0.0011051989859, 0.00100387248676], [0.000608932110481, -0.00208468874916, 0.00204565492459, -0.002198780654, 0.000634755531792, -0.00361077999696, 0.00702960696071, -0.00368612981401, 0.00294710882008, -0.00308453640901, 0.00208791391924, -0.00217429036275, 0.0013577301288], [-0.000847784918733, 0.00250491849147, -0.00140304793604, 0.00154469418339, -0.00187654350884, 0.00111531629227, -0.00368612981401, 0.012172694318, -0.00575195904821, 0.0024786752183, -0.0019800295122, 0.000822764472105, -0.00149219017476], [0.000705397571437, -0.00247604469769, 0.00184893177357, -0.00152018549852, 0.00156675628386, -0.00236988486722, 0.00294710882008, -0.00575195904821, 0.012073116377, -0.0053522340022, 0.00290751946159, -0.000461447110865, 0.00151547999121], [-0.000517613487318, 0.00304999109358, -0.00158149760682, 0.00101030815858, -0.00258771819063, 0.00224411860108, -0.00308453640901, 0.0024786752183, -0.0053522340022, 0.0148670244962, -0.00390567444265, 0.00175389787182, -0.00129050575197], [0.000752821506467, -0.00296982936561, 0.0015783252893, -0.0015315458877, 0.00131094804965, -0.0022908418905, 0.00208791391924, -0.0019800295122, 0.00290751946159, -0.00390567444265, 0.0172966104001, -0.00761351175606, 0.00175954902079], [-0.000543849077076, 0.0026935429778, -0.00136358279269, 0.00220378953964, -0.000729589897674, 0.0011051989859, -0.00217429036275, 0.000822764472105, -0.000461447110865, 0.00175389787182, -0.00761351175606, 0.0175102110952, -0.0050882701762], [0.000596404308453, -0.000993396854028, 0.00122972554527, -0.00326125323772, -0.000344350148225, 0.00100387248676, 0.0013577301288, -0.00149219017476, 0.00151547999121, -0.00129050575197, 0.00175954902079, -0.0050882701762, 0.0171087607741]]
    },
    "melbands": {
        "mean": [0.0016735130921, 0.00243691680953, 0.00123426213395, 0.000814339728095, 0.0003510582319, 0.000174663568032, 0.000183878582902, 0.000185687065823, 0.000166625686688, 0.000169650928001, 0.000110132539703, 8.3011960669e-05, 8.12960643088e-05, 7.19324598322e-05, 7.76685628807e-05, 8.47596093081e-05, 0.000106413783215, 9.09634691197e-05, 8.73858371051e-05, 5.96856189077e-05, 5.46400042367e-05, 4.36440350313e-05, 3.37265810231e-05, 2.34703366004e-05, 2.10445268749e-05, 2.18579280045e-05, 1.65578894666e-05, 7.88074885349e-06, 5.80044752496e-06, 5.48875232198e-06, 5.90595300309e-06, 5.20645835422e-06, 4.61345234726e-06, 3.52089796252e-06, 4.15787098973e-06, 3.69341182704e-06, 3.23380800182e-06, 2.80972540168e-06, 2.51438973464e-06, 1.65004405517e-06],
        "stdev": [0.00262263510376, 0.00369974994101, 0.00153372937348, 0.00146558322012, 0.000517706968822, 0.00030360603705, 0.000336250319378, 0.000383031787351, 0.000329250586219, 0.000354141957359, 0.000243728616624, 0.000244954077061, 0.000213329491089, 0.000172274973011, 0.000158958442626, 0.000182983727427, 0.000189139333088, 0.000170308165252, 0.000194517255295, 0.000105248931504, 8.16299580038e-05, 6.57617201796e-05, 4.59446964669e-05, 2.902894812e-05, 2.6200328648e-05, 2.55319464486e-05, 1.96400924324e-05, 9.13891199161e-06, 7.31250884201e-06, 6.60382102069e-06, 7.32185526431e-06, 6.60016985421e-06, 5.52363371753e-06, 5.70320116822e-06, 7.6407677625e-06, 9.84882262856e-06, 9.64490664046e-06, 8.00090401754e-06, 7.21702235751e-06, 4.71713019579e-06]
    },
    "melbands128": {
        "mean": [0.000240283741732, 0.000949198380113, 0.00229426962323, 0.00302597484551, 0.00244114315137, 0.00197082478553, 0.00132045825012, 0.00105740176514, 0.000952314701863, 0.000802894879598, 0.000810654484667, 0.000470897444757, 0.000257089006482, 0.000172888263478, 0.000176478395588, 0.000175796449184, 0.000163232267369, 0.000171269930433, 0.000275862170383, 0.000167596284882, 0.000192583858734, 0.00013702014985, 0.000190270337043, 0.000162297175848, 0.000161127463798, 0.000203676303499, 0.000113249428978, 0.000134979054565, 5.59997242817e-05, 7.13863701094e-05, 0.00010609288438, 8.18859334686e-05, 5.85265843256e-05, 0.00011488878954, 6.39106510789e-05, 6.23369487585e-05, 8.21324938443e-05, 6.53811584925e-05, 9.71970293904e-05, 7.41705225664e-05, 9.53234848566e-05, 7.46551377233e-05, 0.00010641663539, 0.000132667264552, 7.75336884544e-05, 8.17204418126e-05, 0.000108098996861, 0.000108316664409, 7.04359699739e-05, 4.52358290204e-05, 6.31372022326e-05, 6.90622327966e-05, 5.81210915698e-05, 4.83384574181e-05, 4.58771464764e-05, 4.28480343544e-05, 4.3000880396e-05, 3.70851448679e-05, 2.81744742097e-05, 3.14626304316e-05, 2.17758970393e-05, 1.88490394066e-05, 2.32146976487e-05, 2.01118018595e-05, 2.08313758776e-05, 2.2416930733e-05, 2.21153495659e-05, 2.08324727282e-05, 1.62681590155e-05, 9.81511402642e-06, 7.47313151805e-06, 7.07197750671e-06, 6.24447648079e-06, 5.09386973135e-06, 6.05536206422e-06, 5.5636273828e-06, 4.85039572595e-06, 6.04982187724e-06, 6.10485085417e-06, 5.96052132096e-06, 5.22049276697e-06, 4.7110847845e-06, 5.35504022992e-06, 5.07764343638e-06, 3.4962290556e-06, 3.35558024744e-06, 3.57550015906e-06, 3.75118270313e-06, 4.56179668618e-06, 4.03882359024e-06, 3.88204307455e-06, 3.46762726622e-06, 3.62100536222e-06, 3.31235651174e-06, 3.04198351841e-06, 2.60508727479e-06, 2.88264777737e-06, 2.94038841275e-06, 2.46755575972e-06, 2.54555061474e-06, 1.78462437361e-06, 1.60483705258e-06, 1.26049974369e-06, 1.09787458769e-06, 9.61669911703e-07, 7.49062962768e-07, 5.79999834827e-07, 4.37602864167e-07, 3.11933888497e-07, 2.86347130896e-07, 2.47783134455e-07, 1.59609328421e-07, 1.23399104268e-07, 1.10860952418e-07, 8.44410408263e-08, 9.36946591423e-08, 6.46177440444e-08, 8.29858226581e-09, 4.89139067791e-12, 4.20875140295e-12, 4.18374796612e-12, 5.32513226223e-12, 4.61922297287e-12, 3.84518545476e-12, 3.78515144575e-12, 3.80656877547e-12, 4.6280813383e-12, 3.97357841075e-12],
        "stdev": [0.000407473038649, 0.00158118992113, 0.00377035955898, 0.00590439327061, 0.00424331938848, 0.00259185885079, 0.00185867550317, 0.00176086986903, 0.00239877123386, 0.00202701659873, 0.0014139044797, 0.00082814169582, 0.000558858446311, 0.000385135354009, 0.000387799838791, 0.000402030418627, 0.000441047712229, 0.000418720941525, 0.000650102680083, 0.000415634684032, 0.000671262503602, 0.000412317604059, 0.000460049108369, 0.000508188852109, 0.000441231240984, 0.000567148556001, 0.00032702749013, 0.00041583343409, 0.000175835491973, 0.000268364441581, 0.0004016313178, 0.000334814802045, 0.000184818127309, 0.000430725573096, 0.000333862612024, 0.000153796863742, 0.000188769452507, 0.00017983156431, 0.000306319096126, 0.000214439351112, 0.00029743212508, 0.000244198861765, 0.000261966692051, 0.000267299474217, 0.000227737473324, 0.00021962793835, 0.000317830272252, 0.000349057547282, 0.000207283024793, 0.000116513903777, 0.00014340558846, 0.000146183389006, 0.000135404872708, 7.70465558162e-05, 8.79660801729e-05, 8.48296986078e-05, 0.000103928075987, 6.75699338899e-05, 4.99875641253e-05, 5.51803750568e-05, 3.35329714289e-05, 2.42823389272e-05, 3.53239483957e-05, 3.22761370626e-05, 3.05148951156e-05, 2.99594521493e-05, 3.31690280291e-05, 2.91591495625e-05, 2.39365708694e-05, 1.32988916448e-05, 9.80264303507e-06, 9.89009458863e-06, 8.80896732269e-06, 7.36087667974e-06, 9.4647421065e-06, 7.78723915573e-06, 6.49663616059e-06, 9.80631648417e-06, 8.1009366113e-06, 9.02335796127e-06, 8.05235322332e-06, 6.73413524055e-06, 6.98869780535e-06, 6.78991455061e-06, 5.54022835786e-06, 5.95506435275e-06, 6.43669818601e-06, 7.28552549845e-06, 8.16054307506e-06, 9.27058681555e-06, 1.07469722934e-05, 1.07328369268e-05, 1.07722771645e-05, 1.10833616418e-05, 9.68380027189e-06, 7.84333860793e-06, 8.34020647744e-06, 9.19894864637e-06, 8.20290097181e-06, 6.67284803058e-06, 5.33982665729e-06, 5.000247711e-06, 4.11623022956e-06, 3.56652617484e-06, 2.85362921204e-06, 2.17677029468e-06, 1.5588492488e-06, 1.21361244965e-06, 8.25419135708e-07, 6.21255310307e-07, 5.48817070012e-07, 3.45837463556e-07, 2.69124711849e-07, 2.44088965928e-07, 1.96002432062e-07, 2.07372906402e-07, 1.36424574748e-07, 1.87898443471e-08, 3.50711300279e-11, 7.06586351928e-12, 1.09260482606e-11, 9.77430497651e-11, 5.34037154776e-11, 6.52356640929e-12, 6.35518287301e-12, 7.64576423007e-12, 6.55132267879e-11, 2.50524150036e-11]
    },
    "mfcc": {
        "mean": [-639.49206543, 106.601165771, -4.21699571609, 23.1620693207, 19.4548606873, 10.301779747, -2.69270515442, 4.94214630127, -2.68400669098, 3.22519493103, 0.799723625183, -4.51449680328, -2.49943470955],
        "cov": [[14132.0771484, -1411.77734375, -314.402709961, 236.809951782, -393.637023926, 342.79876709, 316.660095215, 592.793701172, 451.712585449, 355.79095459, 288.935180664, 181.49798584, -62.7240028381], [-1411.77734375, 1625.11523438, -244.785491943, 167.367416382, 165.851837158, -59.7078361511, -44.0978431702, -29.9983711243, -108.477264404, -41.0895576477, 8.69221973419, -46.4922981262, 34.2872581482], [-314.402709961, -244.785491943, 829.448181152, -42.5678596497, 60.401550293, 18.6268863678, -49.9851493835, -55.6122665405, -40.0349311829, -38.4632339478, -51.5044784546, -5.49548625946, 28.5761528015], [236.809951782, 167.367416382, -42.5678596497, 533.299743652, 183.823516846, 61.7955741882, 138.225357056, -35.6630134583, 120.774520874, 20.9999847412, -29.6700820923, 26.5723209381, 49.3061637878], [-393.637023926, 165.851837158, 60.401550293, 183.823516846, 309.206756592, 42.4927482605, 12.7472362518, -32.9092636108, 31.3292579651, 22.8851299286, -19.0805931091, -8.85237121582, 35.630947113], [342.79876709, -59.7078361511, 18.6268863678, 61.7955741882, 42.4927482605, 200.31439209, 122.190055847, 50.8402709961, 62.3042755127, 31.7981071472, 42.1840934753, 38.60754776, -13.1176691055], [316.660095215, -44.0978431702, -49.9851493835, 138.225357056, 12.7472362518, 122.190055847, 259.696044922, 73.1143493652, 74.2274017334, 28.506111145, 19.4363231659, 50.6470565796, -0.92168211937], [592.793701172, -29.9983711243, -55.6122665405, -35.6630134583, -32.9092636108, 50.8402709961, 73.1143493652, 180.872787476, 41.6637077332, 45.1428527832, 51.0478439331, 20.2203788757, -6.68595933914], [451.712585449, -108.477264404, -40.0349311829, 120.774520874, 31.3292579651, 62.3042755127, 74.2274017334, 41.6637077332, 177.065917969, 69.8935775757, 26.1928825378, 32.7927818298, 2.08769321442], [355.79095459, -41.0895576477, -38.4632339478, 20.9999847412, 22.8851299286, 31.7981071472, 28.506111145, 45.1428527832, 69.8935775757, 127.470466614, 48.5004844666, 14.8287229538, -7.69590806961], [288.935180664, 8.69221973419, -51.5044784546, -29.6700820923, -19.0805931091, 42.1840934753, 19.4363231659, 51.0478439331, 26.1928825378, 48.5004844666, 107.030593872, 31.7756710052, -10.1379308701], [181.49798584, -46.4922981262, -5.49548625946, 26.5723209381, -8.85237121582, 38.60754776, 50.6470565796, 20.2203788757, 32.7927818298, 14.8287229538, 31.7756710052, 76.2789382935, 13.6449403763], [-62.7240028381, 34.2872581482, 28.5761528015, 49.3061637878, 35.630947113, -13.1176691055, -0.92168211937, -6.68595933914, 2.08769321442, -7.69590806961, -10.1379308701, 13.6449403763, 79.5041427612]],
        "icov": [[0.00010384383495, 8.42393856146e-05, 2.32079000853e-05, -0.000162565818755, 0.000161142917932, -9.85528386082e-05, 0.000124083016999, -0.000287846225547, -1.37687129609e-05, -0.000120519798656, -7.52595442464e-05, -1.5785526557e-05, 8.63474633661e-06], [8.42393856146e-05, 0.000877999002114, 0.00028342474252, -0.000480915536173, -0.00027905558818, 7.5741794717e-05, 0.000191671701032, -0.000361402111594, 0.000723241013475, 0.000103063670394, -0.000582341104746, 0.000359167868737, -0.000151335741975], [2.32079000853e-05, 0.00028342474252, 0.0014431521995, 0.000123866906506, -0.000361651385901, -0.000532085658051, 0.000341340492014, 0.000126028986415, 0.000345675362041, 0.000115329770779, 0.000525803887285, -0.000152239852468, -0.000515344785526], [-0.000162565818755, -0.000480915536173, 0.000123866906506, 0.00396713428199, -0.00174053118099, 0.000444994569989, -0.00205132900737, 0.00175700685941, -0.00228556711227, 0.000569099327549, 0.000903472420759, -9.99382900773e-05, -0.001200772007], [0.000161142917932, -0.00027905558818, -0.000361651385901, -0.00174053118099, 0.00523516256362, -0.00176389922854, 0.00105756917037, 2.15389645746e-05, 0.000137599825393, -0.0016231329646, 0.000602003245149, 0.00108164607082, -0.00143588578794], [-9.85528386082e-05, 7.5741794717e-05, -0.000532085658051, 0.000444994569989, -0.00176389922854, 0.00877728685737, -0.00355936889537, -0.000127604143927, -0.00117102591321, 0.000891005212907, -0.00253317621537, -0.00113142409828, 0.00197973893955], [0.000124083016999, 0.000191671701032, 0.000341340492014, -0.00205132900737, 0.00105756917037, -0.00355936889537, 0.00767109775916, -0.00269203796051, 0.000104012309748, -0.000250986136962, 0.00167517038062, -0.0026986466255, 0.000615761906374], [-0.000287846225547, -0.000361402111594, 0.000126028986415, 0.00175700685941, 2.15389645746e-05, -0.000127604143927, -0.00269203796051, 0.00881864875555, -0.00110580190085, -0.000850987038575, -0.00206546601839, 0.00106318411417, -0.00102566543501], [-1.37687129609e-05, 0.000723241013475, 0.000345675362041, -0.00228556711227, 0.000137599825393, -0.00117102591321, 0.000104012309748, -0.00110580190085, 0.010269600898, -0.0041881641373, 0.000423859746661, -0.00170269538648, 0.000294955825666], [-0.000120519798656, 0.000103063670394, 0.000115329770779, 0.000569099327549, -0.0016231329646, 0.000891005212907, -0.000250986136962, -0.000850987038575, -0.0041881641373, 0.0125374682248, -0.0045377118513, 0.00101638713386, 0.000836571503896], [-7.52595442464e-05, -0.000582341104746, 0.000525803887285, 0.000903472420759, 0.000602003245149, -0.00253317621537, 0.00167517038062, -0.00206546601839, 0.000423859746661, -0.0045377118513, 0.0156267974526, -0.00567498570308, 0.00111667986494], [-1.5785526557e-05, 0.000359167868737, -0.000152239852468, -9.99382900773e-05, 0.00108164607082, -0.00113142409828, -0.0026986466255, 0.00106318411417, -0.00170269538648, 0.00101638713386, -0.00567498570308, 0.0193122457713, -0.00455898186192], [8.63474633661e-06, -0.000151335741975, -0.000515344785526, -0.001200772007, -0.00143588578794, 0.00197973893955, 0.000615761906374, -0.00102566543501, 0.000294955825666, 0.000836571503896, 0.00111667986494, -0.00455898186192, 0.0154690593481]]
    },
    "spectral_contrast_coeffs": {
        "mean": [-0.708950042725, -0.745742499828, -0.77351796627, -0.775733411312, -0.776042640209, -0.76563501358],
        "stdev": [0.0803520530462, 0.0776207074523, 0.0652812123299, 0.0553341433406, 0.0502331256866, 0.0449780449271]
    },
    "spectral_contrast_valleys": {
        "mean": [-6.75061559677, -7.17926168442, -7.64059686661, -7.42386579514, -7.60172271729, -10.1644582748],
        "stdev": [1.57834219933, 1.37551748753, 1.43694341183, 1.43904221058, 1.62506568432, 1.80517017841]
    }
},
"rhythm": {
    "beats_count": 318,
    "beats_loudness": {
        "mean": 0.0405702628195,
        "stdev": 0.0237712766975
    },
    "bpm": 85.8640365601,
    "bpm_histogram_first_peak_bpm": 86,
    "bpm_histogram_first_peak_weight": 0.15181517601,
    "bpm_histogram_second_peak_bpm": 78,
    "bpm_histogram_second_peak_spread": 0.692307710648,
    "bpm_histogram_second_peak_weight": 0.0126182967797,
    "danceability": 1.06166517735,
    "onset_rate": 2.86201500893,
    "beats_loudness_band_ratio": {
        "mean": [0.49506187439, 0.187569335103, 0.120128199458, 0.0952046960592, 0.106685988605, 0.0636710524559],
        "stdev": [0.259782463312, 0.16397126019, 0.128263175488, 0.100827969611, 0.0979304537177, 0.0951938927174]
    },
    "beats_position": [0.673378646374, 1.34675729275, 2.00852608681, 2.68190479279, 3.40172338486, 4.1099319458, 4.81814050674, 5.52634906769, 6.26938772202, 7.02403593063, 7.76707458496, 8.52172279358, 9.32281208038, 10.1239004135, 10.8204984665, 11.5170974731, 12.2136955261, 12.8986845016, 13.5836734772, 14.2802715302, 14.9768705368, 15.6734695435, 16.3700675964, 17.0666656494, 17.7632656097, 18.4598636627, 19.1564617157, 19.853061676, 20.5728797913, 21.2694778442, 21.9660758972, 22.6626758575, 23.3708839417, 24.0790920258, 24.7756919861, 25.4722900391, 26.1572780609, 26.8422679901, 27.527256012, 28.2122440338, 28.9088420868, 29.6170520782, 30.3252601624, 31.0334682465, 31.7416782379, 32.4382743835, 33.1348762512, 33.843082428, 34.5512924194, 35.2478904724, 35.9444885254, 36.6294784546, 37.3144645691, 38.0110664368, 38.7076644897, 39.4042625427, 40.1008605957, 40.7974586487, 41.4940567017, 42.2022666931, 42.9104766846, 43.6070747375, 44.3152809143, 45.0234909058, 45.7200889587, 46.4166870117, 47.1132888794, 47.8098869324, 48.5064849854, 49.2030830383, 49.8996810913, 50.5962791443, 51.2928771973, 51.9894790649, 52.6976852417, 53.4058952332, 54.1024932861, 54.7990913391, 55.4956893921, 56.1922874451, 56.8888893127, 57.5854873657, 58.2820854187, 58.9786834717, 59.6752815247, 60.3602714539, 61.0568695068, 61.7534675598, 62.4616775513, 63.1582756042, 63.8664855957, 64.5746917725, 65.2828979492, 65.9794998169, 66.6877059937, 67.3843078613, 68.0809020996, 68.7775039673, 69.474105835, 70.1707000732, 70.8673019409, 71.5522918701, 72.2372741699, 72.9338760376, 73.6304779053, 74.338684082, 75.0468902588, 75.7434921265, 76.4400863647, 77.1366882324, 77.8332901001, 78.5298843384, 79.2380905151, 79.9463043213, 80.6428985596, 81.3395004272, 82.0360946655, 82.7326965332, 83.4292984009, 84.1142807007, 84.7992706299, 85.4958724976, 86.1924667358, 86.9122848511, 87.6088867188, 88.3054885864, 89.0020828247, 89.7102966309, 90.4185028076, 91.1150970459, 91.8116989136, 92.5083007812, 93.2048950195, 93.8898849487, 94.5748748779, 95.2714691162, 95.9564590454, 96.6530609131, 97.3612670898, 98.0578689575, 98.7660751343, 99.474281311, 100.170883179, 100.879089355, 101.575691223, 102.272285461, 102.968887329, 103.653877258, 104.350471497, 105.047073364, 105.743675232, 106.44026947, 107.148475647, 107.856689453, 108.553283691, 109.249885559, 109.958091736, 110.654693604, 111.36289978, 112.059501648, 112.756095886, 113.452697754, 114.149291992, 114.84589386, 115.542495728, 116.239089966, 116.924079895, 117.632286072, 118.328887939, 119.025482178, 119.733695984, 120.430290222, 121.138504028, 121.835098267, 122.531700134, 123.228294373, 123.92489624, 124.621498108, 125.318092346, 126.014694214, 126.711288452, 127.40789032, 128.104492188, 128.801086426, 129.509292603, 130.217498779, 130.914108276, 131.610702515, 132.318908691, 133.01550293, 133.712112427, 134.408706665, 135.105300903, 135.790298462, 136.4868927, 137.183486938, 137.880081177, 138.576690674, 139.284896851, 139.981491089, 140.689697266, 141.386306763, 142.082901001, 142.779495239, 143.476104736, 144.172698975, 144.869293213, 145.554275513, 146.239273071, 146.912643433, 147.60925293, 148.305847168, 148.990829468, 149.675827026, 150.395645142, 151.103851318, 151.800445557, 152.497055054, 153.20526123, 153.913467407, 154.621673584, 155.318267822, 156.014877319, 156.711471558, 157.408065796, 158.104675293, 158.801269531, 159.49786377, 160.206069946, 160.902679443, 161.587661743, 162.284255981, 162.992462158, 163.700683594, 164.397277832, 165.09387207, 165.790466309, 166.487075806, 167.183670044, 167.880264282, 168.576873779, 169.273468018, 169.970062256, 170.678268433, 171.386474609, 172.083084106, 172.779678345, 173.487884521, 174.196090698, 174.892700195, 175.589294434, 176.262680054, 176.959274292, 177.65586853, 178.364074707, 179.072280884, 179.768890381, 180.465484619, 181.162078857, 181.870285034, 182.57850647, 183.275100708, 183.971694946, 184.668289185, 185.364898682, 186.06149292, 186.758087158, 187.454696655, 188.139678955, 188.824661255, 189.521270752, 190.21786499, 190.926071167, 191.634277344, 192.342483521, 193.050704956, 193.747299194, 194.420669556, 195.117279053, 195.825485229, 196.533691406, 197.230285645, 197.926895142, 198.62348938, 199.320083618, 200.016693115, 200.713287354, 201.409881592, 202.09487915, 202.803085327, 203.499679565, 204.196273804, 204.892883301, 205.589477539, 206.286071777, 206.994277954, 207.702484131, 208.399093628, 209.107299805, 209.815505981, 210.535324097, 211.255142212, 211.963348389, 212.683166504, 213.402984619, 214.122802734, 214.84262085, 215.562438965, 216.28225708, 217.013687134, 217.733505249, 218.476547241, 219.219589233, 219.974243164, 220.740493774, 221.506759644, 222.273010254, 223.039276123],
    "bpm_histogram": [0, 0, 0, 0, 0, 0, 0, 0, 0, 0, 0, 0, 0, 0, 0, 0, 0, 0, 0, 0, 0, 0, 0, 0, 0, 0, 0, 0, 0, 0, 0, 0, 0, 0, 0, 0, 0, 0, 0, 0, 0, 0, 0, 0, 0, 0, 0, 0, 0, 0, 0, 0, 0, 0, 0, 0, 0, 0, 0, 0, 0, 0, 0, 0, 0, 0, 0, 0, 0, 0, 0, 0, 0, 0, 0, 0.00630914838985, 0, 0, 0.0126182967797, 0, 0.0094637228176, 0.0126182967797, 0.00315457419492, 0.0410094633698, 0, 0.223974764347, 0.586750805378, 0, 0.0851735025644, 0.0157728698105, 0, 0.00315457419492, 0, 0, 0, 0, 0, 0, 0, 0, 0, 0, 0, 0, 0, 0, 0, 0, 0, 0, 0, 0, 0, 0, 0, 0, 0, 0, 0, 0, 0, 0, 0, 0, 0, 0, 0, 0, 0, 0, 0, 0, 0, 0, 0, 0, 0, 0, 0, 0, 0, 0, 0, 0, 0, 0, 0, 0, 0, 0, 0, 0, 0, 0, 0, 0, 0, 0, 0, 0, 0, 0, 0, 0, 0, 0, 0, 0, 0, 0, 0, 0, 0, 0, 0, 0, 0, 0, 0, 0, 0, 0, 0, 0, 0, 0, 0, 0, 0, 0, 0, 0, 0, 0, 0, 0, 0, 0, 0, 0, 0, 0, 0, 0, 0, 0, 0, 0, 0, 0, 0, 0, 0, 0, 0, 0, 0, 0, 0, 0, 0, 0, 0, 0, 0, 0, 0, 0, 0, 0, 0, 0, 0, 0, 0, 0, 0, 0, 0, 0, 0, 0, 0, 0, 0, 0, 0, 0, 0, 0]
},
"tonal": {
    "chords_changes_rate": 0.0684079602361,
    "chords_number_rate": 0.00186567159835,
    "chords_strength": {
        "mean": 0.515563488007,
        "stdev": 0.116448014975
    },
    "hpcp_crest": {
        "mean": 13.4871492386,
        "stdev": 6.99652385712
    },
    "hpcp_entropy": {
        "mean": 2.05989098549,
        "stdev": 0.825036942959
    },
    "key_edma": {
        "strength": 0.740100979805,
        "key": "A#",
        "scale": "major"
    },
    "key_krumhansl": {
        "strength": 0.754864156246,
        "key": "A#",
        "scale": "major"
    },
    "key_temperley": {
        "strength": 0.777118265629,
        "key": "A#",
        "scale": "major"
    },
    "tuning_diatonic_strength": 0.61954408884,
    "tuning_equal_tempered_deviation": 0.0366317145526,
    "tuning_frequency": 440.508575439,
    "tuning_nontempered_energy_ratio": 0.691794157028,
    "hpcp": {
        "mean": [0.0986503958702, 0.0939984917641, 0.208393514156, 0.34858545661, 0.228348642588, 0.0717463865876, 0.0552205406129, 0.0635438263416, 0.214158043265, 0.315376609564, 0.183414876461, 0.0720175951719, 0.0533068776131, 0.0495082959533, 0.078292131424, 0.117289833724, 0.117444328964, 0.153632208705, 0.177142739296, 0.114877656102, 0.0847116485238, 0.0875404775143, 0.0808220356703, 0.178147122264, 0.25955092907, 0.162275806069, 0.07416536659, 0.060024254024, 0.058837518096, 0.131751418114, 0.195001378655, 0.138320475817, 0.0806799009442, 0.0631053298712, 0.0590588636696, 0.0854581221938],
        "stdev": [0.188881143928, 0.180249944329, 0.25961586833, 0.393030434847, 0.282792717218, 0.149603307247, 0.133775770664, 0.145749613643, 0.285574197769, 0.372451633215, 0.235941469669, 0.15283882618, 0.129005879164, 0.121247366071, 0.1532433182, 0.204561471939, 0.202046185732, 0.267087757587, 0.30787974596, 0.211946159601, 0.154982060194, 0.165524572134, 0.173298597336, 0.251509994268, 0.339642226696, 0.230820044875, 0.161575615406, 0.143712431192, 0.134329944849, 0.207623943686, 0.279638528824, 0.213080108166, 0.161490961909, 0.137442409992, 0.130203381181, 0.161529958248]
    },
    "chords_histogram": [25.7462692261, 0.456053078175, 14.2412939072, 0.393864005804, 10.6135988235, 0, 0.310945272446, 0, 0.165837481618, 0, 0.269485890865, 0, 0.082918740809, 0, 0, 1.11940300465, 0, 4.62271976471, 0, 4.41542291641, 0.269485890865, 22.5538978577, 9.70149230957, 5.0373134613],
    "thpcp": [1, 0.655072212219, 0.20582151413, 0.158413201571, 0.182290524244, 0.614363133907, 0.904732525349, 0.526169061661, 0.206599533558, 0.15292340517, 0.142026275396, 0.224599540234, 0.336473673582, 0.336916893721, 0.440730392933, 0.508175909519, 0.32955378294, 0.243015438318, 0.251130610704, 0.231857165694, 0.511057257652, 0.744583368301, 0.465526610613, 0.212760925293, 0.172193795443, 0.168789371848, 0.377960175276, 0.559407651424, 0.396805077791, 0.231449410319, 0.181032598019, 0.16942435503, 0.245156884193, 0.283002048731, 0.269656956196, 0.597826182842],
    "chords_key": "A#",
    "chords_scale": "major"
}
}