{
"metadata": {
    "version": {
        "essentia": "2.1-dev",
        "essentia_git_sha": "v2.1_beta3-415-gd5473f3",
        "extractor": "music 2.0"
    },
    "audio_properties": {
        "analysis": {
            "equal_loudness": 0,
            "length": 281.96572876,
            "sample_rate": 44100,
            "start_time": 0,
            "downmix": "mix"
        },
        "bit_rate": 128000,
        "length": 281.96572876,
        "lossless": 0,
        "number_channels": 2,
        "replay_gain": -8.65628623962,
        "sample_rate": 44100,
        "codec": "mp3",
        "md5_encoded": "e6aee2e092cdb606beda5bb0ee22fa12"
    },
    "tags": {
        "file_name": "nirvana-heartshaped_box.mp3"
    }
},
"lowlevel": {
    "average_loudness": 0.866199314594,
    "barkbands_crest": {
        "mean": 9.10912704468,
        "stdev": 3.67986631393
    },
    "barkbands_flatness_db": {
        "mean": 0.168219730258,
        "stdev": 0.0695379376411
    },
    "barkbands_kurtosis": {
        "mean": 4.92417573929,
        "stdev": 8.52672100067
    },
    "barkbands_skewness": {
        "mean": 1.66239452362,
        "stdev": 1.17767715454
    },
    "barkbands_spread": {
        "mean": 19.4649448395,
        "stdev": 12.2952795029
    },
    "dissonance": {
        "mean": 0.465499728918,
        "stdev": 0.029869588092
    },
    "dynamic_complexity": 3.942694664,
    "erbbands_crest": {
        "mean": 7.65255880356,
        "stdev": 3.54524874687
    },
    "erbbands_flatness_db": {
        "mean": 0.16479447484,
        "stdev": 0.0437494926155
    },
    "erbbands_kurtosis": {
        "mean": 0.199083507061,
        "stdev": 1.76542305946
    },
    "erbbands_skewness": {
        "mean": 0.116089999676,
        "stdev": 0.796954751015
    },
    "erbbands_spread": {
        "mean": 37.622379303,
        "stdev": 16.6448802948
    },
    "hfc": {
        "mean": 17.3360176086,
        "stdev": 16.6619853973
    },
    "loudness_ebu128": {
        "integrated": -14.7678537369,
        "loudness_range": 7.82984542847,
        "momentary": {
            "mean": -17.3990859985,
            "stdev": 9.46349906921
        },
        "short_term": {
            "mean": -16.5989971161,
            "stdev": 6.41990041733
        }
    },
    "melbands_crest": {
        "mean": 13.4108657837,
        "stdev": 4.51498031616
    },
    "melbands_flatness_db": {
        "mean": 0.229727417231,
        "stdev": 0.0973639860749
    },
    "melbands_kurtosis": {
        "mean": 13.8369750977,
        "stdev": 17.9695472717
    },
    "melbands_skewness": {
        "mean": 2.75866293907,
        "stdev": 1.46113848686
    },
    "melbands_spread": {
        "mean": 20.8227519989,
        "stdev": 16.551568985
    },
    "pitch_salience": {
        "mean": 0.592342972755,
        "stdev": 0.111962109804
    },
    "silence_rate_20dB": {
        "mean": 1,
        "stdev": 0
    },
    "silence_rate_30dB": {
        "mean": 0.999835312366,
        "stdev": 0.0128310499713
    },
    "silence_rate_60dB": {
        "mean": 0.0682585462928,
        "stdev": 0.252189487219
    },
    "spectral_centroid": {
        "mean": 1140.97937012,
        "stdev": 641.053283691
    },
    "spectral_complexity": {
        "mean": 21.1947307587,
        "stdev": 13.6281890869
    },
    "spectral_decrease": {
        "mean": -6.13613870826e-09,
        "stdev": 4.74519623594e-09
    },
    "spectral_energy": {
        "mean": 0.0247316360474,
        "stdev": 0.0189679637551
    },
    "spectral_energyband_high": {
        "mean": 0.000416682421928,
        "stdev": 0.000551334873307
    },
    "spectral_energyband_low": {
        "mean": 0.00891202501953,
        "stdev": 0.0127081479877
    },
    "spectral_energyband_middle_high": {
        "mean": 0.00532674789429,
        "stdev": 0.00622997106984
    },
    "spectral_energyband_middle_low": {
        "mean": 0.0113464267924,
        "stdev": 0.00886462908238
    },
    "spectral_entropy": {
        "mean": 7.37936019897,
        "stdev": 0.57310205698
    },
    "spectral_flux": {
        "mean": 0.0765329226851,
        "stdev": 0.0473044477403
    },
    "spectral_kurtosis": {
        "mean": 8.76441287994,
        "stdev": 13.2755126953
    },
    "spectral_rms": {
        "mean": 0.00452363304794,
        "stdev": 0.00191441981588
    },
    "spectral_rolloff": {
        "mean": 1376.61999512,
        "stdev": 1966.19067383
    },
    "spectral_skewness": {
        "mean": 1.96866428852,
        "stdev": 1.06366980076
    },
    "spectral_spread": {
        "mean": 3740177.75,
        "stdev": 1443229.125
    },
    "spectral_strongpeak": {
        "mean": 0.514250218868,
        "stdev": 0.788056790829
    },
    "zerocrossingrate": {
        "mean": 0.0509114302695,
        "stdev": 0.0509257316589
    },
    "barkbands": {
        "mean": [9.48704546317e-05, 0.00379853323102, 0.00380131672136, 0.00243164156564, 0.00406310055405, 0.00170083565172, 0.00120882538613, 0.000814815226477, 0.000986151280813, 0.000483957468532, 0.000366591237253, 0.000489418627694, 0.000454120890936, 0.000556915882044, 0.00065653049387, 0.000705201702658, 0.000846539565828, 0.000513820734341, 0.000235763727687, 0.000189944796148, 9.52944756136e-05, 6.69518267387e-05, 7.30796600692e-05, 5.56969898753e-05, 2.98483737424e-05, 1.18903317343e-05, 7.95813304144e-10],
        "stdev": [0.000202875322429, 0.00668850867078, 0.00594476470724, 0.00305767916143, 0.00426126597449, 0.00209504854865, 0.00161294906866, 0.00144883524626, 0.00187747192103, 0.0010125747649, 0.000729435996618, 0.000902541272808, 0.000768182682805, 0.00103987846524, 0.00138430809602, 0.00132155080792, 0.00142262026202, 0.000719750765711, 0.000322268286254, 0.000282776367385, 0.000150163454236, 0.000105113780592, 0.000116238559713, 9.25806452869e-05, 5.36833031219e-05, 2.39699820668e-05, 1.33769439969e-09]
    },
    "erbbands": {
        "mean": [0.0754221975803, 0.997320473194, 3.94894576073, 6.83197546005, 11.9052696228, 12.0437335968, 12.2688245773, 16.3466701508, 15.0384082794, 20.9849090576, 17.6138954163, 19.2842292786, 19.9031181335, 16.1275672913, 14.7402505875, 19.8779067993, 19.5818977356, 28.5809326172, 29.8143367767, 40.0161552429, 38.7887535095, 47.9704284668, 33.2522888184, 14.5815601349, 12.1520624161, 8.89653110504, 4.91038894653, 3.18659424782, 2.44949483871, 2.23060512543, 2.04925823212, 1.44085717201, 0.755437970161, 0.391902983189, 0.1837746948, 0.0705586522818, 0.0186650361866, 0.00141582486685, 4.24095815106e-05, 3.10817740683e-05],
        "stdev": [0.142493784428, 1.73594534397, 5.99612522125, 8.81134414673, 13.2922821045, 12.644241333, 12.8226985931, 23.0218582153, 20.4076442719, 27.2020149231, 31.4276695251, 36.9282684326, 46.8237953186, 28.4020404816, 28.3004188538, 32.4135437012, 29.1857261658, 50.5203857422, 56.379940033, 79.7022247314, 65.8565597534, 81.2597808838, 45.7030982971, 18.4417381287, 18.1709327698, 13.1826963425, 6.98273181915, 5.13878917694, 4.00222253799, 3.51693058014, 3.30637598038, 2.41206336021, 1.28865528107, 0.695320308208, 0.342684388161, 0.131518796086, 0.0416128896177, 0.00314983888529, 6.47495617159e-05, 2.35422958212e-05]
    },
    "gfcc": {
        "mean": [-38.6132392883, 121.060188293, -114.479545593, 37.0158424377, -49.1152420044, 10.3594121933, -46.5710525513, 9.54476928711, -20.8486728668, -3.28363919258, -14.0008506775, -4.84218072891, -10.9859294891],
        "cov": [[21369.4804688, -1035.31970215, -2301.74023438, 1062.22583008, -852.352294922, 96.7081985474, -1091.70397949, 121.45186615, -692.712890625, -84.5062713623, -555.795349121, 70.7201690674, -377.425750732], [-1035.31970215, 2180.03881836, 253.954177856, -348.933105469, 362.318267822, -129.43031311, 246.333297729, -75.4881591797, 266.200622559, -149.942932129, 266.144195557, -190.492507935, 137.993148804], [-2301.74023438, 253.954177856, 989.882751465, -75.4297866821, 42.2004470825, 77.7775192261, 134.469985962, 32.2748413086, -1.21297383308, 82.9878768921, -20.8581676483, 13.3776092529, 12.223151207], [1062.22583008, -348.933105469, -75.4297866821, 416.636199951, -72.3513336182, -11.1423721313, -52.2505455017, -26.7611198425, 13.8913593292, 25.4269771576, -22.1763534546, 42.9882049561, -5.73103427887], [-852.352294922, 362.318267822, 42.2004470825, -72.3513336182, 258.130310059, -16.7142105103, 63.5617141724, 14.3707466125, 79.2561721802, -20.6519432068, 62.2084770203, -27.6893806458, 37.8515815735], [96.7081985474, -129.43031311, 77.7775192261, -11.1423721313, -16.7142105103, 140.995117188, 33.4449729919, 35.4842453003, -36.9864273071, 20.8177394867, -24.9242706299, -0.622851967812, -14.2543964386], [-1091.70397949, 246.333297729, 134.469985962, -52.2505455017, 63.5617141724, 33.4449729919, 214.681182861, 12.1989984512, 70.4456481934, -1.10336577892, 68.8584365845, -33.8232307434, 30.0068740845], [121.45186615, -75.4881591797, 32.2748413086, -26.7611198425, 14.3707466125, 35.4842453003, 12.1989984512, 117.086448669, -17.4591808319, 15.4140710831, -26.1166362762, -6.34108543396, -16.76612854], [-692.712890625, 266.200622559, -1.21297383308, 13.8913593292, 79.2561721802, -36.9864273071, 70.4456481934, -17.4591808319, 162.031265259, -3.84694242477, 70.1162948608, -23.0744495392, 38.2295570374], [-84.5062713623, -149.942932129, 82.9878768921, 25.4269771576, -20.6519432068, 20.8177394867, -1.10336577892, 15.4140710831, -3.84694242477, 85.892288208, -11.083729744, 13.6400976181, -15.409497261], [-555.795349121, 266.144195557, -20.8581676483, -22.1763534546, 62.2084770203, -24.9242706299, 68.8584365845, -26.1166362762, 70.1162948608, -11.083729744, 123.749557495, -17.0439109802, 31.327003479], [70.7201690674, -190.492507935, 13.3776092529, 42.9882049561, -27.6893806458, -0.622851967812, -33.8232307434, -6.34108543396, -23.0744495392, 13.6400976181, -17.0439109802, 85.4766159058, 0.434111267328], [-377.425750732, 137.993148804, 12.223151207, -5.73103427887, 37.8515815735, -14.2543964386, 30.0068740845, -16.76612854, 38.2295570374, -15.409497261, 31.327003479, 0.434111267328, 67.030418396]],
        "icov": [[0.000267423281912, -0.00069181114668, 0.000763504649512, -0.000872793316375, 0.000601369305514, -0.000681631907355, 0.000646194966976, -0.000569754047319, 0.000917525205296, -0.000636399025097, 0.000915828044526, -0.000512018625159, 0.000705504440702], [-0.00069181114668, 0.00314578670077, -0.00251612742431, 0.00288082077168, -0.00219827028923, 0.00240179384127, -0.0015724170953, 0.00187816633843, -0.00312902708538, 0.00334204547107, -0.0037857752759, 0.00323004089296, -0.00243929377757], [0.000763504649512, -0.00251612742431, 0.0037147004623, -0.00252038426697, 0.00170827435795, -0.00241492525674, 0.000814704631921, -0.00160606962163, 0.00312497257255, -0.00379603495821, 0.00393894687295, -0.00258860341273, 0.00186234002467], [-0.000872793316375, 0.00288082077168, -0.00252038426697, 0.00599402328953, -0.00157899444457, 0.00239342241548, -0.00169051461853, 0.00253164046444, -0.00444087944925, 0.00210066768341, -0.00316122383811, 0.00139583775308, -0.00259827263653], [0.000601369305514, -0.00219827028923, 0.00170827435795, -0.00157899444457, 0.00706029543653, -0.0016918326728, 0.00152573629748, -0.00285736494698, 0.000580710649956, -0.0012521231547, 0.00130450434517, -0.00158914807253, 0.000502287875861], [-0.000681631907355, 0.00240179384127, -0.00241492525674, 0.00239342241548, -0.0016918326728, 0.0113479224965, -0.00409251591191, -2.6027126296e-05, -0.000369639077689, 0.00101369328331, -0.00173416396137, 0.00240542902611, -0.00170466757845], [0.000646194966976, -0.0015724170953, 0.000814704631921, -0.00169051461853, 0.00152573629748, -0.00409251591191, 0.00964413676411, -0.00238017505035, -6.95831258781e-05, -0.000679927004967, -0.0014004050754, 0.000595914141741, 0.00047197623644], [-0.000569754047319, 0.00187816633843, -0.00160606962163, 0.00253164046444, -0.00285736494698, -2.6027126296e-05, -0.00238017505035, 0.0118238767609, -0.00183455855586, 0.000304079148918, 0.000174533604877, 0.00213530473411, 8.65090332809e-05], [0.000917525205296, -0.00312902708538, 0.00312497257255, -0.00444087944925, 0.000580710649956, -0.000369639077689, -6.95831258781e-05, -0.00183455855586, 0.0143196871504, -0.00473249563947, 0.00116808724124, -0.00111275049858, 3.04862460325e-05], [-0.000636399025097, 0.00334204547107, -0.00379603495821, 0.00210066768341, -0.0012521231547, 0.00101369328331, -0.000679927004967, 0.000304079148918, -0.00473249563947, 0.0183404851705, -0.00467361649498, 0.00172726635356, 0.000799791305326], [0.000915828044526, -0.0037857752759, 0.00393894687295, -0.00316122383811, 0.00130450434517, -0.00173416396137, -0.0014004050754, 0.000174533604877, 0.00116808724124, -0.00467361649498, 0.0183505956084, -0.00363859091885, 0.00123365689069], [-0.000512018625159, 0.00323004089296, -0.00258860341273, 0.00139583775308, -0.00158914807253, 0.00240542902611, 0.000595914141741, 0.00213530473411, -0.00111275049858, 0.00172726635356, -0.00363859091885, 0.017643308267, -0.00464699184522], [0.000705504440702, -0.00243929377757, 0.00186234002467, -0.00259827263653, 0.000502287875861, -0.00170466757845, 0.00047197623644, 8.65090332809e-05, 3.04862460325e-05, 0.000799791305326, 0.00123365689069, -0.00464699184522, 0.0221352167428]]
    },
    "melbands": {
        "mean": [0.000879757979419, 0.00186624156777, 0.00134237192106, 0.000923118263017, 0.000456118839793, 0.000350276764948, 0.000232506426983, 0.00022224948043, 0.000137158320285, 0.000131125925691, 9.94577494566e-05, 6.51985610602e-05, 5.00548958371e-05, 5.02322727698e-05, 4.86471471959e-05, 4.85703021695e-05, 5.24137540197e-05, 4.60347619082e-05, 5.25297909917e-05, 5.05250245624e-05, 4.43468125013e-05, 4.95029562444e-05, 4.38494425907e-05, 2.01057700906e-05, 1.07473151729e-05, 8.59957981447e-06, 8.25201823318e-06, 5.36726702194e-06, 3.20814751831e-06, 2.36465916714e-06, 1.66293750681e-06, 1.39248209052e-06, 1.2147020243e-06, 1.27909470393e-06, 1.2345203686e-06, 1.05330161659e-06, 7.94720619979e-07, 5.5701735846e-07, 3.96138233327e-07, 3.09505708174e-07],
        "stdev": [0.00157189683523, 0.00284310500138, 0.00149609765504, 0.00100996810943, 0.000462478143163, 0.000467657431727, 0.000305604480673, 0.000290227966616, 0.000241433561314, 0.000269746582489, 0.000234578415984, 0.000118282579933, 9.65917352005e-05, 0.000104482176539, 7.98332039267e-05, 8.73061071616e-05, 9.8653115856e-05, 9.409931954e-05, 0.000119182266644, 0.000102826837974, 7.52018677304e-05, 8.93965334399e-05, 6.64763792884e-05, 2.92860986519e-05, 1.41790105772e-05, 1.26412151076e-05, 1.35413374664e-05, 8.61343778524e-06, 4.73779664389e-06, 4.84739030071e-06, 2.67802602139e-06, 2.3361840249e-06, 2.00042723009e-06, 2.08501637644e-06, 2.04479943022e-06, 1.77615925168e-06, 1.37072709094e-06, 9.72921611719e-07, 7.23173570805e-07, 5.61917318009e-07]
    },
    "melbands128": {
        "mean": [8.60504078446e-05, 0.00044617470121, 0.00117938674521, 0.00176803057548, 0.0020028501749, 0.00184384500608, 0.00136739609297, 0.001209889655, 0.00123204092961, 0.00116868631449, 0.000508376164362, 0.000579214014579, 0.000401942932513, 0.000315004901495, 0.00043728449964, 0.000299778970657, 0.000239214889007, 0.00020895000489, 0.000216421802179, 0.000273263489362, 0.000188276870176, 0.00016744324239, 0.000121073942864, 0.000139044888783, 8.72692617122e-05, 0.000159613511642, 0.000162151874974, 6.99196461937e-05, 7.38500457373e-05, 7.04989797669e-05, 5.82718530495e-05, 6.36847835267e-05, 5.02352850162e-05, 3.67836364603e-05, 5.1044884458e-05, 5.20869834872e-05, 5.18982560607e-05, 6.36087643215e-05, 3.23014028254e-05, 3.15520956065e-05, 5.89217597735e-05, 6.18056656094e-05, 5.43063251826e-05, 4.59817674709e-05, 4.72940810141e-05, 4.7869154514e-05, 4.1688028432e-05, 4.78040819871e-05, 6.10111419519e-05, 5.72584249312e-05, 4.83331969008e-05, 4.63738761027e-05, 4.05399223382e-05, 4.76293171232e-05, 4.35703186668e-05, 5.07310905959e-05, 5.22050613654e-05, 5.24544375367e-05, 4.04414604418e-05, 2.86208669422e-05, 1.79485923582e-05, 1.54470599227e-05, 1.2391715245e-05, 9.34125455387e-06, 7.96476160758e-06, 8.05773652246e-06, 9.51877063926e-06, 9.27152541408e-06, 8.10532583273e-06, 6.64578919896e-06, 5.70089332541e-06, 4.61510853711e-06, 3.72783779312e-06, 2.87829334411e-06, 2.61875106844e-06, 2.74729313787e-06, 2.01197235583e-06, 1.8329831164e-06, 1.61350294547e-06, 1.49471509303e-06, 1.45771593907e-06, 1.30852959046e-06, 1.36643325277e-06, 1.17513059195e-06, 1.11721681151e-06, 1.19773653751e-06, 1.36072139867e-06, 1.38789118864e-06, 1.31813703774e-06, 1.02566502846e-06, 1.04998650841e-06, 1.10437269996e-06, 9.99177359517e-07, 8.01803253125e-07, 6.6976792823e-07, 5.97055247908e-07, 5.55481335596e-07, 4.60724038476e-07, 4.05932183867e-07, 3.59814720241e-07, 3.21645387658e-07, 3.0653484373e-07, 2.87282460931e-07, 2.46533289783e-07, 2.04582946139e-07, 1.72044778424e-07, 1.45866195567e-07, 1.3735169091e-07, 1.22640955169e-07, 1.0484297519e-07, 8.95759839636e-08, 6.97576609809e-08, 5.288685756e-08, 4.40244534161e-08, 3.68688723995e-08, 7.47716821792e-09, 4.62035748203e-12, 3.71433873242e-12, 3.60982337771e-12, 3.51252599055e-12, 3.42853479982e-12, 3.35861655328e-12, 3.28680810867e-12, 3.22800141651e-12, 3.18309332885e-12, 3.15066549239e-12, 3.12654459614e-12, 3.10363605475e-12],
        "stdev": [0.000185772572877, 0.000963487895206, 0.00231933221221, 0.00319300405681, 0.00318233994767, 0.00295659154654, 0.00200495496392, 0.00155025231652, 0.00159599923063, 0.00169607938733, 0.000699090538546, 0.000726531958207, 0.000500575872138, 0.000464654702228, 0.000729692110326, 0.000504996685777, 0.000410235516028, 0.000360817590263, 0.000395747309085, 0.000435879192082, 0.00032768966048, 0.000483077164972, 0.000274088146398, 0.000296519312542, 0.000230155652389, 0.000462215451989, 0.00051970029017, 0.00024051584478, 0.000193478786969, 0.00016375000996, 0.000144669611473, 0.00015944725601, 0.000123182224343, 0.000109766217065, 0.000200578127988, 0.00012029537902, 0.00011016982171, 0.000132159126224, 6.89761291142e-05, 6.2774081016e-05, 0.000153977569425, 0.000141275275382, 0.00013104818936, 0.000122035438835, 0.000115519440442, 0.000132369677885, 0.000106243474875, 0.000155747737153, 0.000179287439096, 0.000140362462844, 0.00012400347623, 0.000130863540107, 8.48723575473e-05, 9.4568800705e-05, 8.76852791407e-05, 0.000119174539577, 0.000131845386932, 0.000103574857349, 7.11731554475e-05, 5.58258907404e-05, 3.57526660082e-05, 2.48885771725e-05, 1.90100417967e-05, 1.50618243424e-05, 1.27930879898e-05, 1.34495312523e-05, 1.80136303243e-05, 1.86762372323e-05, 1.60186336871e-05, 1.15124403237e-05, 1.08099748104e-05, 8.95244374988e-06, 6.63526816425e-06, 4.77417324873e-06, 4.31812077295e-06, 7.52914456825e-06, 4.59438433609e-06, 3.43824899574e-06, 2.91719288725e-06, 2.60586421064e-06, 2.83726603811e-06, 2.82237488136e-06, 2.84718362309e-06, 2.15971476791e-06, 2.00626254809e-06, 2.20101696868e-06, 2.42964210884e-06, 2.51987989941e-06, 2.35794459513e-06, 1.93474670596e-06, 1.91325398191e-06, 2.01987177206e-06, 1.92584820979e-06, 1.49353161305e-06, 1.22793767332e-06, 1.13355145004e-06, 1.0575977285e-06, 8.65248409809e-07, 8.17507668671e-07, 7.26641189885e-07, 5.7170996115e-07, 5.82787038184e-07, 6.22645359272e-07, 5.32776766704e-07, 4.39808133024e-07, 3.28046240838e-07, 2.56277189692e-07, 2.68970921979e-07, 2.41551674662e-07, 2.2123148824e-07, 2.16881900883e-07, 1.83743040338e-07, 1.29955466832e-07, 1.05932372207e-07, 8.68177423285e-08, 2.09454977806e-08, 7.41345439897e-12, 6.27224010577e-12, 6.08937162846e-12, 5.92352165582e-12, 5.77761796738e-12, 5.6482409895e-12, 5.53342528048e-12, 5.4367053394e-12, 5.35549035674e-12, 5.29183597983e-12, 5.24514936692e-12, 5.2158841482e-12]
    },
    "mfcc": {
        "mean": [-671.524414062, 142.869949341, 0.420698165894, 26.7845802307, 17.1284103394, 1.24809598923, -4.90976858139, 4.26861667633, -3.38134288788, 2.09022784233, -3.69893288612, 1.69240295887, -1.93791222572],
        "cov": [[13655.09375, -1864.11901855, -1760.16271973, 297.702880859, -20.0286026001, -184.295654297, -337.279968262, -50.3558197021, -264.118041992, -145.208358765, -327.827850342, -41.6994285583, -192.223709106], [-1864.11901855, 1853.7043457, 232.515075684, -45.7337722778, 127.707939148, -0.23406906426, 113.899505615, 97.8382568359, 54.0128517151, 109.297668457, 93.6865005493, 28.7532997131, 60.2494735718], [-1760.16271973, 232.515075684, 765.057128906, 23.3530902863, -35.924987793, 92.8526611328, 88.1431045532, -9.74942207336, 62.4425125122, 27.8918685913, 48.1961212158, 0.106988631189, 20.9270744324], [297.702880859, -45.7337722778, 23.3530902863, 293.732421875, 42.3310546875, 26.1960277557, -46.0054931641, -2.7563700676, 8.697306633, -19.2940750122, 3.76683926582, 36.4168434143, 28.5773124695], [-20.0286026001, 127.707939148, -35.924987793, 42.3310546875, 165.135299683, 2.27797913551, -19.4145011902, 8.32725143433, 22.0680770874, -10.3997831345, 9.72915363312, 15.2767801285, -6.73092031479], [-184.295654297, -0.23406906426, 92.8526611328, 26.1960277557, 2.27797913551, 111.778457642, 23.4467544556, -5.69715881348, 19.4137763977, -5.33946657181, 26.6573410034, 12.8420181274, -3.39796733856], [-337.279968262, 113.899505615, 88.1431045532, -46.0054931641, -19.4145011902, 23.4467544556, 141.220794678, 34.8179359436, 10.1470823288, 43.8939704895, 4.88354444504, 1.47134649754, 1.40325021744], [-50.3558197021, 97.8382568359, -9.74942207336, -2.7563700676, 8.32725143433, -5.69715881348, 34.8179359436, 84.6324462891, 21.839849472, 13.1433258057, 2.45584583282, 5.9715089798, 9.25580501556], [-264.118041992, 54.0128517151, 62.4425125122, 8.697306633, 22.0680770874, 19.4137763977, 10.1470823288, 21.839849472, 86.2100067139, 19.4693717957, 9.50764560699, 4.07239198685, 3.87437605858], [-145.208358765, 109.297668457, 27.8918685913, -19.2940750122, -10.3997831345, -5.33946657181, 43.8939704895, 13.1433258057, 19.4693717957, 127.864097595, 14.4609384537, -4.69233703613, 3.94280910492], [-327.827850342, 93.6865005493, 48.1961212158, 3.76683926582, 9.72915363312, 26.6573410034, 4.88354444504, 2.45584583282, 9.50764560699, 14.4609384537, 86.762878418, 18.0413417816, -2.35224080086], [-41.6994285583, 28.7532997131, 0.106988631189, 36.4168434143, 15.2767801285, 12.8420181274, 1.47134649754, 5.9715089798, 4.07239198685, -4.69233703613, 18.0413417816, 71.0850753784, 22.100069046], [-192.223709106, 60.2494735718, 20.9270744324, 28.5773124695, -6.73092031479, -3.39796733856, 1.40325021744, 9.25580501556, 3.87437605858, 3.94280910492, -2.35224080086, 22.100069046, 66.8133773804]],
        "icov": [[0.000136015529279, 6.8384280894e-05, 0.000251443794696, -0.000177438807441, 5.10811150889e-05, -7.08316511009e-05, 9.93784051389e-05, -0.000108202693809, 0.000197671281057, -8.96280471352e-05, 0.000338705518516, -6.64084436721e-05, 0.000368954642909], [6.8384280894e-05, 0.000772831554059, -8.31041252241e-05, 0.000111287292384, -0.000694100861438, 0.000209138277569, -0.000214126223, -0.000623023952357, 0.000256256258581, -0.000423833203968, -0.000479947251733, 8.07376854937e-05, -0.000523667782545], [0.000251443794696, -8.31041252241e-05, 0.00225666700862, -0.0006299772067, 0.000700736651197, -0.000996004207991, -0.000886978290509, 0.000867671333253, -0.000886000343598, 0.00014174010721, 4.64038166683e-05, 0.000471347942948, 0.000168081664015], [-0.000177438807441, 0.000111287292384, -0.0006299772067, 0.00450952537358, -0.00114631350152, -0.00105149648152, 0.00153028441127, -0.000419765507104, 2.25251005759e-05, -8.90752417035e-05, -1.14997492346e-05, -0.00139458326157, -0.00202044891194], [5.10811150889e-05, -0.000694100861438, 0.000700736651197, -0.00114631350152, 0.0076862052083, 6.83745020069e-05, 0.000770015351009, 6.27507688478e-05, -0.00213977205567, 0.000874787918292, 0.000108938322228, -0.00135768880136, 0.00232200603932], [-7.08316511009e-05, 0.000209138277569, -0.000996004207991, -0.00105149648152, 6.83745020069e-05, 0.0120241548866, -0.00276730628684, 0.0019250077894, -0.00243313098326, 0.00172232522164, -0.0032504433766, -0.00113494414836, 0.0010796134593], [9.93784051389e-05, -0.000214126223, -0.000886978290509, 0.00153028441127, 0.000770015351009, -0.00276730628684, 0.0110488831997, -0.00458069518209, 0.00173926702701, -0.0032171071507, 0.00194165576249, -0.00126864213962, 0.00101862649899], [-0.000108202693809, -0.000623023952357, 0.000867671333253, -0.000419765507104, 6.27507688478e-05, 0.0019250077894, -0.00458069518209, 0.0157808475196, -0.00450668111444, 0.000994696398266, -0.000658728764392, -0.00020782413776, -0.00157925405074], [0.000197671281057, 0.000256256258581, -0.000886000343598, 2.25251005759e-05, -0.00213977205567, -0.00243313098326, 0.00173926702701, -0.00450668111444, 0.0152185428888, -0.00261758523993, 0.000761257892009, -4.5970431529e-05, 0.00016796613636], [-8.96280471352e-05, -0.000423833203968, 0.00014174010721, -8.90752417035e-05, 0.000874787918292, 0.00172232522164, -0.0032171071507, 0.000994696398266, -0.00261758523993, 0.0098768575117, -0.00205297535285, 0.00117941549979, -0.000669935718179], [0.000338705518516, -0.000479947251733, 4.64038166683e-05, -1.14997492346e-05, 0.000108938322228, -0.0032504433766, 0.00194165576249, -0.000658728764392, 0.000761257892009, -0.00205297535285, 0.0154005838558, -0.00412960210815, 0.00327894813381], [-6.64084436721e-05, 8.07376854937e-05, 0.000471347942948, -0.00139458326157, -0.00135768880136, -0.00113494414836, -0.00126864213962, -0.00020782413776, -4.5970431529e-05, 0.00117941549979, -0.00412960210815, 0.0183139443398, -0.00622415402904], [0.000368954642909, -0.000523667782545, 0.000168081664015, -0.00202044891194, 0.00232200603932, 0.0010796134593, 0.00101862649899, -0.00157925405074, 0.00016796613636, -0.000669935718179, 0.00327894813381, -0.00622415402904, 0.0200025439262]]
    },
    "spectral_contrast_coeffs": {
        "mean": [-0.715972900391, -0.771330177784, -0.784648239613, -0.800946176052, -0.781825959682, -0.790477454662],
        "stdev": [0.0692639276385, 0.0590978786349, 0.0606042556465, 0.0469851233065, 0.0453565679491, 0.0480673499405]
    },
    "spectral_contrast_valleys": {
        "mean": [-6.49979877472, -6.73928594589, -7.67619752884, -7.73686552048, -8.00765705109, -10.8367652893],
        "stdev": [1.55473458767, 1.39524292946, 1.44725072384, 1.62274622917, 1.70282614231, 1.64997589588]
    }
},
"rhythm": {
    "beats_count": 471,
    "beats_loudness": {
        "mean": 0.0316162891686,
        "stdev": 0.0195559896529
    },
    "bpm": 100.551078796,
    "bpm_histogram_first_peak_bpm": 101,
    "bpm_histogram_first_peak_weight": 0.560185194016,
    "bpm_histogram_second_peak_bpm": 110,
    "bpm_histogram_second_peak_spread": 0.357142865658,
    "bpm_histogram_second_peak_weight": 0.0191489364952,
    "danceability": 1.06911873817,
    "onset_rate": 2.3582971096,
    "beats_loudness_band_ratio": {
        "mean": [0.571161210537, 0.191158920527, 0.108785800636, 0.0639429017901, 0.0796155408025, 0.0319761931896],
        "stdev": [0.214328631759, 0.124171972275, 0.0833610892296, 0.0631511434913, 0.0756517872214, 0.0795739963651]
    },
    "beats_position": [0.66176867485, 1.34675729275, 2.03174591064, 2.71673464775, 3.39011335373, 4.07510185242, 4.73687076569, 5.38702917099, 6.03718805313, 6.66412687302, 7.2910656929, 7.91800451279, 8.53333282471, 9.14866161346, 9.76399040222, 10.379319191, 10.9946479797, 11.5983667374, 12.2136955261, 12.8174142838, 13.4211339951, 14.0364627838, 14.6517915726, 15.2555103302, 15.8592290878, 16.4629478455, 17.0666656494, 17.6703853607, 18.2624931335, 18.8662128448, 19.4815406799, 20.0852603912, 20.6889801025, 21.2926979065, 21.8848075867, 22.4769153595, 23.0690250397, 23.6611328125, 24.2648525238, 24.8685703278, 25.4722900391, 26.076007843, 26.6681175232, 27.2602272034, 27.8639450073, 28.4676647186, 29.0713825226, 29.6751022339, 30.2788200378, 30.870929718, 31.4630374908, 32.0551452637, 32.6472549438, 33.2509727478, 33.8546943665, 34.4584121704, 35.0621299744, 35.6542396545, 36.2463493347, 36.8500671387, 37.4537849426, 38.0575065613, 38.6612243652, 39.2649421692, 39.8570518494, 40.4491615295, 41.0528793335, 41.6565971375, 42.2603149414, 42.8640365601, 43.467754364, 44.071472168, 44.6751937866, 45.2789115906, 45.8710212708, 46.4631271362, 47.0668487549, 47.6705665588, 48.262676239, 48.8547821045, 49.4468917847, 50.0506095886, 50.6659393311, 51.2812690735, 51.8965988159, 52.5003166199, 53.1040344238, 53.696144104, 54.2882537842, 54.8803634644, 55.4724693298, 56.0761909485, 56.668296814, 57.2604064941, 57.8641242981, 58.4678459167, 59.0715637207, 59.6752815247, 60.2906112671, 60.9059410095, 61.5096588135, 62.1017684937, 62.6938781738, 63.2859840393, 63.8780937195, 64.4818115234, 65.0855331421, 65.6776428223, 66.2697525024, 66.8618545532, 67.4771881104, 68.0809020996, 68.6846237183, 69.2883453369, 69.9152832031, 70.5189971924, 71.122718811, 71.7264404297, 72.3301544189, 72.9222640991, 73.5143737793, 74.1180953979, 74.7218093872, 75.3255310059, 75.9292526245, 76.5329666138, 77.1366882324, 77.7287979126, 78.3209075928, 78.924621582, 79.5283432007, 80.1320648193, 80.7357788086, 81.3395004272, 81.9199981689, 82.5237197876, 83.1274337769, 83.7311553955, 84.3232650757, 84.9153747559, 85.5190887451, 86.1228103638, 86.7265319824, 87.3302459717, 87.9339675903, 88.537689209, 89.1414031982, 89.7567367554, 90.3720626831, 90.9757843018, 91.5911102295, 92.2064361572, 92.8101577759, 93.4254837036, 94.0175933838, 94.6213150024, 95.2250289917, 95.8287506104, 96.432472229, 97.0361862183, 97.6399078369, 98.2436294556, 98.8357315063, 99.4278411865, 100.031562805, 100.635284424, 101.238998413, 101.842720032, 102.44644165, 103.05015564, 103.64226532, 104.245986938, 104.849700928, 105.453422546, 106.057144165, 106.660858154, 107.264579773, 107.856689453, 108.460403442, 109.064125061, 109.66784668, 110.271560669, 110.875282288, 111.479003906, 112.082717896, 112.686439514, 113.290153503, 113.882263184, 114.474372864, 115.066482544, 115.658592224, 116.262313843, 116.854415894, 117.446525574, 118.038635254, 118.630744934, 119.234466553, 119.838180542, 120.441902161, 121.045623779, 121.649337769, 122.241447449, 122.833557129, 123.437278748, 124.040992737, 124.633102417, 125.225212097, 125.817321777, 126.421043396, 127.036369324, 127.640090942, 128.267028809, 128.882354736, 129.474472046, 130.066574097, 130.658676147, 131.250793457, 131.842895508, 132.446624756, 133.038726807, 133.630844116, 134.234558105, 134.826660156, 135.418777466, 136.022491455, 136.626205444, 137.229934692, 137.833648682, 138.437362671, 139.02947998, 139.621582031, 140.202087402, 140.805801392, 141.409515381, 142.013244629, 142.60534668, 143.197463989, 143.801177979, 144.393280029, 144.985397339, 145.589111328, 146.192825317, 146.796554565, 147.400268555, 148.003982544, 148.607711792, 149.199813843, 149.791931152, 150.384033203, 150.976135254, 151.568252563, 152.160354614, 152.764083862, 153.356185913, 153.948303223, 154.552017212, 155.155731201, 155.759460449, 156.3515625, 156.943664551, 157.53578186, 158.127883911, 158.720001221, 159.312103271, 159.904220581, 160.496322632, 161.088439941, 161.680541992, 162.272644043, 162.864761353, 163.445251465, 164.048980713, 164.641082764, 165.233200073, 165.825302124, 166.417419434, 167.009521484, 167.590026855, 168.170516968, 168.751022339, 169.34312439, 169.935241699, 170.52734375, 171.107849121, 171.699951172, 172.280456543, 172.872558594, 173.476272583, 174.080001831, 174.672103882, 175.264221191, 175.867935181, 176.47164917, 177.075378418, 177.679092407, 178.282806396, 178.874923706, 179.467025757, 180.059127808, 180.662857056, 181.266571045, 181.870285034, 182.474014282, 183.077728271, 183.669830322, 184.27355957, 184.87727356, 185.469390869, 186.06149292, 186.665206909, 187.268936157, 187.872650146, 188.464752197, 189.056869507, 189.648971558, 190.241088867, 190.844802856, 191.448516846, 192.052246094, 192.655960083, 193.236465454, 193.828567505, 194.420669556, 195.024398804, 195.616500854, 196.208618164, 196.800720215, 197.392837524, 197.984939575, 198.577041626, 199.169158936, 199.761260986, 200.353378296, 200.945480347, 201.537597656, 202.129699707, 202.710205078, 203.302307129, 203.894424438, 204.474914551, 205.06703186, 205.67074585, 206.2628479, 206.85496521, 207.447067261, 208.03918457, 208.631286621, 209.223403931, 209.815505981, 210.396011353, 210.988113403, 211.580215454, 212.172332764, 212.752838135, 213.344940186, 213.937042236, 214.529159546, 215.121261597, 215.713378906, 216.305480957, 216.897598267, 217.478088379, 218.070205688, 218.662307739, 219.24281311, 219.823303223, 220.403808594, 220.984298706, 221.588027954, 222.191741943, 222.795455933, 223.399185181, 224.00289917, 224.583404541, 225.175506592, 225.767608643, 226.348114014, 226.940216064, 227.532333374, 228.124435425, 228.716552734, 229.297042847, 229.889160156, 230.481262207, 231.073379517, 231.665481567, 232.269195557, 232.872924805, 233.465026855, 234.057144165, 234.649246216, 235.229751587, 235.821853638, 236.425567627, 237.017684937, 237.609786987, 238.201904297, 238.794006348, 239.374511719, 239.96661377, 240.570343018, 241.174057007, 241.777770996, 242.369888306, 242.961990356, 243.554092407, 244.146209717, 244.726715088, 245.318817139, 245.89932251, 246.503036499, 247.09513855, 247.687255859, 248.27935791, 248.87147522, 249.451965332, 250.044082642, 250.636184692, 251.228302002, 251.820404053, 252.424118042, 253.004623413, 253.585113525, 254.165618896, 254.746124268, 255.338226318, 255.918731689, 256.499237061, 257.091339111, 257.671844482, 258.252319336, 258.832824707, 259.413330078, 259.993835449, 260.5859375, 261.178039551, 261.758544922, 262.350646973, 262.942749023, 263.523254395, 264.115356445, 264.695861816, 265.276367188, 265.868469238, 266.43737793, 267.006256104, 267.5519104, 268.097595215, 268.643249512, 269.188934326, 269.722991943, 270.26864624, 270.814331055, 271.359985352, 271.905670166, 272.579040527, 273.240814209, 273.890960693, 274.552734375, 275.202911377, 275.864654541, 276.410339355, 276.96762085, 277.524902344, 278.047332764, 278.569793701, 279.092254639, 279.626312256, 280.160369873, 280.682800293, 281.20526123],
    "bpm_histogram": [0, 0, 0, 0, 0, 0, 0, 0, 0, 0, 0, 0, 0, 0, 0, 0, 0, 0, 0, 0, 0, 0, 0, 0, 0, 0, 0, 0, 0, 0, 0, 0, 0, 0, 0, 0, 0, 0, 0, 0, 0, 0, 0, 0, 0, 0, 0, 0, 0, 0, 0, 0, 0, 0, 0, 0, 0, 0, 0, 0, 0, 0, 0, 0, 0, 0, 0, 0, 0, 0, 0, 0, 0, 0, 0, 0, 0, 0, 0, 0, 0, 0, 0, 0, 0, 0, 0, 0, 0.00851063802838, 0.00425531901419, 0, 0.00851063802838, 0.00851063802838, 0, 0, 0, 0.0106382975355, 0, 0.0468085110188, 0.37659573555, 0, 0.404255330563, 0, 0.0872340425849, 0, 0.00425531901419, 0, 0, 0.00425531901419, 0, 0.0191489364952, 0, 0.00638297852129, 0, 0, 0.0106382975355, 0, 0, 0, 0, 0, 0, 0, 0, 0, 0, 0, 0, 0, 0, 0, 0, 0, 0, 0, 0, 0, 0, 0, 0, 0, 0, 0, 0, 0, 0, 0, 0, 0, 0, 0, 0, 0, 0, 0, 0, 0, 0, 0, 0, 0, 0, 0, 0, 0, 0, 0, 0, 0, 0, 0, 0, 0, 0, 0, 0, 0, 0, 0, 0, 0, 0, 0, 0, 0, 0, 0, 0, 0, 0, 0, 0, 0, 0, 0, 0, 0, 0, 0, 0, 0, 0, 0, 0, 0, 0, 0, 0, 0, 0, 0, 0, 0, 0, 0, 0, 0, 0, 0, 0, 0, 0, 0, 0, 0, 0, 0, 0, 0, 0, 0, 0, 0, 0, 0, 0, 0, 0, 0, 0, 0, 0, 0, 0, 0, 0, 0, 0, 0, 0]
},
"tonal": {
    "chords_changes_rate": 0.0693232342601,
    "chords_number_rate": 0.00164663267788,
    "chords_strength": {
        "mean": 0.534627735615,
        "stdev": 0.166838124394
    },
    "hpcp_crest": {
        "mean": 11.075425148,
        "stdev": 5.53526926041
    },
    "hpcp_entropy": {
        "mean": 2.33529114723,
        "stdev": 0.745710909367
    },
    "key_edma": {
        "strength": 0.752582371235,
        "key": "C#",
        "scale": "major"
    },
    "key_krumhansl": {
        "strength": 0.741532802582,
        "key": "C#",
        "scale": "major"
    },
    "key_temperley": {
        "strength": 0.716405630112,
        "key": "C#",
        "scale": "major"
    },
    "tuning_diatonic_strength": 0.56435072422,
    "tuning_equal_tempered_deviation": 0.0941473022103,
    "tuning_frequency": 442.03793335,
    "tuning_nontempered_energy_ratio": 0.786338984966,
    "hpcp": {
        "mean": [0.0678429752588, 0.0585681907833, 0.072694323957, 0.0967933163047, 0.113161504269, 0.144165962934, 0.187708288431, 0.165164321661, 0.126496255398, 0.122788101435, 0.112172193825, 0.211663946509, 0.312915176153, 0.205844670534, 0.0929658412933, 0.0778976604342, 0.0776374489069, 0.112175680697, 0.167004421353, 0.146276831627, 0.108685649931, 0.158207327127, 0.188818857074, 0.215562731028, 0.233253017068, 0.161174058914, 0.103173904121, 0.106576569378, 0.100997425616, 0.0866587087512, 0.0884744971991, 0.103133864701, 0.267142117023, 0.43356564641, 0.294079691172, 0.109004810452],
        "stdev": [0.144346937537, 0.132039025426, 0.153022870421, 0.180217444897, 0.193324580789, 0.218738138676, 0.267372250557, 0.254465401173, 0.210734322667, 0.202297538519, 0.181497111917, 0.267947822809, 0.358330398798, 0.255598068237, 0.153864234686, 0.13938498497, 0.150438293815, 0.181879654527, 0.227568209171, 0.205684304237, 0.184427589178, 0.257862001657, 0.27325963974, 0.255801200867, 0.290144920349, 0.238449648023, 0.19078156352, 0.188966289163, 0.179805010557, 0.169297337532, 0.203008696437, 0.20186419785, 0.285690695047, 0.384709388018, 0.294381737709, 0.191526010633]
    },
    "chords_histogram": [34.8427467346, 6.94878959656, 15.2642841339, 0.246994897723, 0.0164663270116, 0, 1.41610407829, 0, 0.675119400024, 0.164663270116, 0.806850016117, 2.8651406765, 0.0658653080463, 0.0493989773095, 0, 0, 0.872715294361, 9.10587882996, 11.7734231949, 8.64482116699, 4.10011529922, 0.115264281631, 0.197595909238, 1.82776224613],
    "thpcp": [1, 0.678281784058, 0.251414775848, 0.156476825476, 0.135084941983, 0.167666241527, 0.223249509931, 0.261002004147, 0.332512408495, 0.432940870523, 0.380944222212, 0.291758030653, 0.283205330372, 0.258720219135, 0.488193541765, 0.721725046635, 0.474771648645, 0.214421600103, 0.179667517543, 0.179067343473, 0.25872823596, 0.385188311338, 0.337381035089, 0.250678658485, 0.364898204803, 0.43550235033, 0.497185915709, 0.53798776865, 0.371740847826, 0.237966045737, 0.245814144611, 0.232946097851, 0.199874475598, 0.204062521458, 0.237873703241, 0.616151511669],
    "chords_key": "C#",
    "chords_scale": "major"
}
}