{
"metadata": {
    "version": {
        "essentia": "2.1-dev",
        "essentia_git_sha": "v2.1_beta3-415-gd5473f3",
        "extractor": "music 2.0"
    },
    "audio_properties": {
        "analysis": {
            "equal_loudness": 0,
            "length": 251.350204468,
            "sample_rate": 44100,
            "start_time": 0,
            "downmix": "mix"
        },
        "bit_rate": 192000,
        "length": 251.350204468,
        "lossless": 0,
        "number_channels": 2,
        "replay_gain": -8.26547622681,
        "sample_rate": 44100,
        "codec": "mp3",
        "md5_encoded": "79667eca111e98bf2980531d1c303cfe"
    },
    "tags": {
        "file_name": "our_lady_peace-somewhere_out_there.mp3"
    }
},
"lowlevel": {
    "average_loudness": 0.922165691853,
    "barkbands_crest": {
        "mean": 10.8222503662,
        "stdev": 4.18727111816
    },
    "barkbands_flatness_db": {
        "mean": 0.147568017244,
        "stdev": 0.0702308192849
    },
    "barkbands_kurtosis": {
        "mean": 4.11244297028,
        "stdev": 10.7455358505
    },
    "barkbands_skewness": {
        "mean": 1.53190994263,
        "stdev": 1.22000598907
    },
    "barkbands_spread": {
        "mean": 26.1896190643,
        "stdev": 16.4192848206
    },
    "dissonance": {
        "mean": 0.464587420225,
        "stdev": 0.0372972972691
    },
    "dynamic_complexity": 3.41149258614,
    "erbbands_crest": {
        "mean": 8.86283493042,
        "stdev": 4.27684879303
    },
    "erbbands_flatness_db": {
        "mean": 0.155945405364,
        "stdev": 0.0558603517711
    },
    "erbbands_kurtosis": {
        "mean": 0.929943203926,
        "stdev": 3.29267191887
    },
    "erbbands_skewness": {
        "mean": 0.0407624132931,
        "stdev": 0.942443847656
    },
    "erbbands_spread": {
        "mean": 37.1641807556,
        "stdev": 17.2803153992
    },
    "hfc": {
        "mean": 27.5418834686,
        "stdev": 29.702589035
    },
    "loudness_ebu128": {
        "integrated": -13.8571977615,
        "loudness_range": 9.01413536072,
        "momentary": {
            "mean": -15.9890890121,
            "stdev": 7.20120811462
        },
        "short_term": {
            "mean": -15.2996292114,
            "stdev": 4.2945318222
        }
    },
    "melbands_crest": {
        "mean": 15.8824195862,
        "stdev": 4.81085252762
    },
    "melbands_flatness_db": {
        "mean": 0.206378698349,
        "stdev": 0.0893385633826
    },
    "melbands_kurtosis": {
        "mean": 14.2327919006,
        "stdev": 25.6212615967
    },
    "melbands_skewness": {
        "mean": 2.82039666176,
        "stdev": 1.64751183987
    },
    "melbands_spread": {
        "mean": 25.5918312073,
        "stdev": 22.6056861877
    },
    "pitch_salience": {
        "mean": 0.497334122658,
        "stdev": 0.120024845004
    },
    "silence_rate_20dB": {
        "mean": 1,
        "stdev": 0
    },
    "silence_rate_30dB": {
        "mean": 0.996674656868,
        "stdev": 0.0575722940266
    },
    "silence_rate_60dB": {
        "mean": 0.0907999277115,
        "stdev": 0.287316828966
    },
    "spectral_centroid": {
        "mean": 1530.83630371,
        "stdev": 802.593505859
    },
    "spectral_complexity": {
        "mean": 24.2982635498,
        "stdev": 12.9532003403
    },
    "spectral_decrease": {
        "mean": -8.39015168452e-09,
        "stdev": 5.69724978305e-09
    },
    "spectral_energy": {
        "mean": 0.0341644510627,
        "stdev": 0.0227436609566
    },
    "spectral_energyband_high": {
        "mean": 0.00156816386152,
        "stdev": 0.00354471616447
    },
    "spectral_energyband_low": {
        "mean": 0.0176021475345,
        "stdev": 0.0172641165555
    },
    "spectral_energyband_middle_high": {
        "mean": 0.00668687745929,
        "stdev": 0.00673980638385
    },
    "spectral_energyband_middle_low": {
        "mean": 0.00906471442431,
        "stdev": 0.00798087660223
    },
    "spectral_entropy": {
        "mean": 7.59444856644,
        "stdev": 0.634089946747
    },
    "spectral_flux": {
        "mean": 0.0842706039548,
        "stdev": 0.0508287660778
    },
    "spectral_kurtosis": {
        "mean": 6.07169818878,
        "stdev": 12.1777544022
    },
    "spectral_rms": {
        "mean": 0.00534125650302,
        "stdev": 0.00219139317051
    },
    "spectral_rolloff": {
        "mean": 1517.94470215,
        "stdev": 1505.48413086
    },
    "spectral_skewness": {
        "mean": 1.5879380703,
        "stdev": 1.0249786377
    },
    "spectral_spread": {
        "mean": 4377839,
        "stdev": 1495683.125
    },
    "spectral_strongpeak": {
        "mean": 0.681726813316,
        "stdev": 0.915231585503
    },
    "zerocrossingrate": {
        "mean": 0.0593515187502,
        "stdev": 0.0409065335989
    },
    "barkbands": {
        "mean": [0.000146129968925, 0.0118416910991, 0.00494001200423, 0.00120704888832, 0.00251841591671, 0.00181009434164, 0.000972748966888, 0.00132939498872, 0.00109039107338, 0.000616444682237, 0.000519188935868, 0.000577309459914, 0.000758296111599, 0.000877261627465, 0.000637628952973, 0.000941230857279, 0.000647983397357, 0.000554510974325, 0.000428477826063, 0.00039664664655, 0.000397559866542, 0.000329417525791, 0.000235099942074, 0.000232510821661, 0.000125412174384, 3.30125621986e-05, 5.99107181642e-07],
        "stdev": [0.000249273201916, 0.0135027160868, 0.00556784076616, 0.00152985926252, 0.00418161973357, 0.00309503870085, 0.0020282282494, 0.00317480810918, 0.00243020965718, 0.00163512025028, 0.00126996869221, 0.00111891608685, 0.00179497362114, 0.00161606818438, 0.00155891641043, 0.00168751098681, 0.00104543392081, 0.00104825291783, 0.00052098283777, 0.000635337084532, 0.000775624415837, 0.00111427018419, 0.000812644429971, 0.000713733665179, 0.000488818041049, 0.000102175843494, 2.57468946074e-06]
    },
    "erbbands": {
        "mean": [0.203108385205, 3.07803869247, 6.97456645966, 4.31828641891, 6.13252305984, 6.85615301132, 14.0618333817, 16.1575698853, 15.9517421722, 17.193939209, 25.4018974304, 26.1736927032, 24.0156345367, 17.5708675385, 23.2319755554, 21.6635322571, 34.6029701233, 39.1186981201, 45.4692764282, 33.2346000671, 53.703289032, 40.5240211487, 31.9282627106, 24.1509838104, 20.0799674988, 19.0548267365, 17.8970031738, 14.1298322678, 12.1378221512, 8.76773071289, 6.70178365707, 5.48337984085, 3.17105960846, 1.82152175903, 0.678048312664, 0.213498204947, 0.0492532923818, 0.00485789263621, 0.000131407447043, 4.80502858409e-05],
        "stdev": [0.309328496456, 3.3660902977, 7.32727146149, 4.7480597496, 11.7190542221, 12.9136009216, 20.7298183441, 31.6478996277, 33.4724731445, 34.3250083923, 61.1649627686, 59.3337020874, 55.0970535278, 38.7135047913, 55.363445282, 39.8959999084, 77.0508880615, 75.4799880981, 89.2534484863, 55.6094970703, 95.0957794189, 64.1278457642, 62.2047920227, 29.2147922516, 26.0613574982, 31.6960868835, 29.3129463196, 33.7258758545, 41.5545425415, 31.5917949677, 21.9030685425, 17.4952068329, 11.3696098328, 7.62576723099, 2.33010339737, 0.647360622883, 0.17084120214, 0.0170386899263, 0.000368317589164, 3.88840853702e-05]
    },
    "gfcc": {
        "mean": [-3.51836395264, 95.8285751343, -118.395179749, 44.5842056274, -53.9959754944, 20.6045436859, -39.1833724976, 10.9762468338, -20.1677322388, 4.3476266861, -14.1046743393, -2.12020802498, -7.12083244324],
        "cov": [[18691.9277344, -2574.57763672, -1191.82775879, 1914.56481934, 49.1123847961, 1342.56994629, -271.570373535, 748.72833252, -212.232284546, 532.831970215, -315.030792236, 163.68762207, -515.152404785], [-2574.57763672, 1859.5769043, -9.92590522766, -584.444458008, 157.880737305, -496.53515625, 125.853645325, -282.802368164, 88.5699462891, -227.236206055, 120.717422485, -138.096099854, 145.603347778], [-1191.82775879, -9.92590522766, 753.145568848, 31.7931499481, 28.5870933533, 0.240831494331, 25.6487674713, 5.54530286789, 0.684697628021, 62.2494506836, 10.0773506165, 78.4738540649, 32.1287002563], [1914.56481934, -584.444458008, 31.7931499481, 775.891174316, 202.949081421, 288.738433838, 25.8584041595, 120.346099854, 5.45215082169, 87.5146331787, -7.75742864609, 20.7611503601, -7.04358768463], [49.1123847961, 157.880737305, 28.5870933533, 202.949081421, 333.477539062, 47.8174552917, 79.6110458374, 13.9675579071, 33.6120147705, 0.882175505161, 18.0257740021, 3.25701284409, 17.3199386597], [1342.56994629, -496.53515625, 0.240831494331, 288.738433838, 47.8174552917, 344.948760986, 72.2897949219, 129.611404419, -13.2341842651, 73.0542297363, -15.4224681854, 36.3515968323, -41.8883514404], [-271.570373535, 125.853645325, 25.6487674713, 25.8584041595, 79.6110458374, 72.2897949219, 205.317733765, 22.2977371216, 29.1162872314, -11.7104187012, 19.2589454651, -7.73193073273, 4.30732154846], [748.72833252, -282.802368164, 5.54530286789, 120.346099854, 13.9675579071, 129.611404419, 22.2977371216, 166.967880249, 34.7441711426, 60.5149841309, -8.52878570557, 18.6597270966, -30.8580245972], [-212.232284546, 88.5699462891, 0.684697628021, 5.45215082169, 33.6120147705, -13.2341842651, 29.1162872314, 34.7441711426, 114.52822113, 22.8564109802, 27.8103981018, -15.9182472229, 10.6553030014], [532.831970215, -227.236206055, 62.2494506836, 87.5146331787, 0.882175505161, 73.0542297363, -11.7104187012, 60.5149841309, 22.8564109802, 117.012992859, 15.4661588669, 23.771856308, -34.7250061035], [-315.030792236, 120.717422485, 10.0773506165, -7.75742864609, 18.0257740021, -15.4224681854, 19.2589454651, -8.52878570557, 27.8103981018, 15.4661588669, 99.6806564331, 3.3761100769, 15.5574464798], [163.68762207, -138.096099854, 78.4738540649, 20.7611503601, 3.25701284409, 36.3515968323, -7.73193073273, 18.6597270966, -15.9182472229, 23.771856308, 3.3761100769, 93.4570922852, 14.6833028793], [-515.152404785, 145.603347778, 32.1287002563, -7.04358768463, 17.3199386597, -41.8883514404, 4.30732154846, -30.8580245972, 10.6553030014, -34.7250061035, 15.5574464798, 14.6833028793, 107.691604614]],
        "icov": [[0.000220124580665, -0.000504821364302, 0.000456068781205, -0.000634248252027, 0.000425604375778, -0.000589672126807, 0.000487999554025, -0.000551514385734, 0.000455178145785, -0.000845927803311, 0.000816094398033, -0.000865483249072, 0.00076492090011], [-0.000504821364302, 0.00346997380257, -0.00126555177849, 0.00264770770445, -0.00257056509145, 0.00285691511817, -0.00222217501141, 0.00244590477087, -0.00180780759547, 0.00359547999687, -0.00365345133469, 0.00416407780722, -0.00294300727546], [0.000456068781205, -0.00126555177849, 0.00254991743714, -0.00148702110164, 0.000991536886431, -0.000939879042562, 0.000620751117822, -0.00108594214544, 0.00120717694517, -0.00310572865419, 0.00213134521618, -0.00314622931182, 0.00117387366481], [-0.000634248252027, 0.00264770770445, -0.00148702110164, 0.0049111796543, -0.00346408155747, 0.000504817464389, -0.00105515075848, 0.00195047259331, -0.00145217962563, 0.0024341843091, -0.00314624421299, 0.00445999996737, -0.00371936615556], [0.000425604375778, -0.00257056509145, 0.000991536886431, -0.00346408155747, 0.00615871557966, -0.00151657545939, 0.000144138277392, -0.00147545291111, 0.000419918680564, -0.00212799035944, 0.00255250907503, -0.00378142599948, 0.00239922408946], [-0.000589672126807, 0.00285691511817, -0.000939879042562, 0.000504817464389, -0.00151657545939, 0.00951759237796, -0.00473278015852, -0.000937193573918, 0.000521299953107, 0.00171036529355, -0.00279611418955, 0.00212940736674, -0.00188978714868], [0.000487999554025, -0.00222217501141, 0.000620751117822, -0.00105515075848, 0.000144138277392, -0.00473278015852, 0.00850202422589, -0.00176635209937, -0.000276817940176, -0.000414216570789, 0.00137883622665, -0.00189036445227, 0.00232677278109], [-0.000551514385734, 0.00244590477087, -0.00108594214544, 0.00195047259331, -0.00147545291111, -0.000937193573918, -0.00176635209937, 0.012700018473, -0.00552845187485, 0.000753149739467, -0.00134748604614, 0.00189443991985, -0.00118493381888], [0.000455178145785, -0.00180780759547, 0.00120717694517, -0.00145217962563, 0.000419918680564, 0.000521299953107, -0.000276817940176, -0.00552845187485, 0.0139826098457, -0.00566485291347, 2.38019074459e-05, 0.000614970165771, -0.000568726449274], [-0.000845927803311, 0.00359547999687, -0.00310572865419, 0.0024341843091, -0.00212799035944, 0.00171036529355, -0.000414216570789, 0.000753149739467, -0.00566485291347, 0.019701898098, -0.00745436688885, 0.00220477674156, 0.00110747199506], [0.000816094398033, -0.00365345133469, 0.00213134521618, -0.00314624421299, 0.00255250907503, -0.00279611418955, 0.00137883622665, -0.00134748604614, 2.38019074459e-05, -0.00745436688885, 0.0163165237755, -0.0055491104722, 0.00205591740087], [-0.000865483249072, 0.00416407780722, -0.00314622931182, 0.00445999996737, -0.00378142599948, 0.00212940736674, -0.00189036445227, 0.00189443991985, 0.000614970165771, 0.00220477674156, -0.0055491104722, 0.0197470951825, -0.0077256038785], [0.00076492090011, -0.00294300727546, 0.00117387366481, -0.00371936615556, 0.00239922408946, -0.00188978714868, 0.00232677278109, -0.00118493381888, -0.000568726449274, 0.00110747199506, 0.00205591740087, -0.0077256038785, 0.0159466285259]]
    },
    "melbands": {
        "mean": [0.00261755753309, 0.00400179764256, 0.000824341608677, 0.000465104269097, 0.000463638600195, 0.000359927624231, 0.000222702088649, 0.000229908473557, 0.000180213261046, 0.000173249965883, 0.000120031116239, 7.31834443286e-05, 6.97275318089e-05, 6.64482140564e-05, 5.71931559534e-05, 8.69266441441e-05, 7.13563276804e-05, 7.97743341536e-05, 4.37883754785e-05, 5.56101113034e-05, 6.06094508839e-05, 4.33312343375e-05, 3.1310988561e-05, 2.36863052123e-05, 1.92466850422e-05, 1.60342751769e-05, 1.32263685373e-05, 1.24370435515e-05, 1.09819038698e-05, 9.81504581432e-06, 7.78505727794e-06, 7.1163794928e-06, 5.69505846215e-06, 4.53940401712e-06, 3.89161596104e-06, 3.81123686566e-06, 3.01381010104e-06, 2.13585963138e-06, 2.13240946323e-06, 1.34010861075e-06],
        "stdev": [0.00327958539128, 0.00396045669913, 0.000856185040902, 0.00100857694633, 0.000651750946417, 0.000659372541122, 0.000455141882412, 0.000481309252791, 0.000426017504651, 0.000411763699958, 0.000286865717499, 0.000165898833075, 0.000164360099006, 0.000133793553687, 0.000110245535325, 0.000224870615057, 0.000151323838509, 0.000157590286108, 0.000113417001558, 0.000104466831544, 0.000112108245958, 7.34219574952e-05, 6.58776625642e-05, 4.06567996833e-05, 2.41582329181e-05, 2.07398461498e-05, 2.06102922675e-05, 2.23426322918e-05, 1.80167462531e-05, 2.0570210836e-05, 2.01053844648e-05, 2.46156469075e-05, 2.13300627365e-05, 1.69281811395e-05, 1.30922489916e-05, 1.30236230689e-05, 1.02260219137e-05, 8.0566487668e-06, 8.22983838589e-06, 6.27168356004e-06]
    },
    "melbands128": {
        "mean": [0.000136833943543, 0.0010399625171, 0.00355354952626, 0.00581004656851, 0.00454947911203, 0.00194412493147, 0.000817617401481, 0.000557261635549, 0.000673764909152, 0.000545619055629, 0.000259050488239, 0.000497200875543, 0.000541505520232, 0.000359726604074, 0.000407899700804, 0.000291321193799, 0.000339212012477, 0.000197247369215, 0.000131972934469, 0.000130875079776, 0.000321045081364, 0.000358560704626, 0.000104306920548, 7.97849716037e-05, 0.000154071109137, 0.000249431468546, 0.000120661890833, 8.8455468358e-05, 0.000155444446136, 5.25487303094e-05, 6.72017777106e-05, 6.07386245974e-05, 4.92263279739e-05, 9.98372415779e-05, 8.71367446962e-05, 4.90392303618e-05, 4.23423080065e-05, 7.4208699516e-05, 4.19025345764e-05, 8.53710662341e-05, 0.000117108604172, 5.66527996853e-05, 6.70093213557e-05, 6.60767109366e-05, 0.000113016008982, 7.88788456703e-05, 5.17100743309e-05, 5.02291295561e-05, 3.83919978049e-05, 2.7727239285e-05, 6.63929095026e-05, 6.21340805083e-05, 9.12096875254e-05, 3.86123647331e-05, 3.81903482776e-05, 5.64529364055e-05, 3.5777247831e-05, 2.29728502745e-05, 3.74199407815e-05, 3.36271841661e-05, 1.79331855179e-05, 2.06534568861e-05, 2.19710891542e-05, 1.53949131345e-05, 2.11876467802e-05, 1.67541584233e-05, 1.24519738165e-05, 1.34910478664e-05, 1.38125715239e-05, 1.23252575577e-05, 1.29900599859e-05, 1.29134778035e-05, 9.50427966018e-06, 1.02346257336e-05, 1.3446236153e-05, 9.86980467133e-06, 8.65214406076e-06, 7.58987107474e-06, 7.86819873611e-06, 7.96248605184e-06, 6.7496439442e-06, 7.30674628358e-06, 6.47539627607e-06, 5.44535168956e-06, 5.18604883837e-06, 4.65110451842e-06, 4.40544044977e-06, 4.17341016146e-06, 4.01191937272e-06, 3.64873767467e-06, 2.98458417092e-06, 4.39085988546e-06, 4.40913208877e-06, 2.73656405625e-06, 2.43773115471e-06, 2.13309886021e-06, 2.00056319954e-06, 2.14787974073e-06, 2.52279710367e-06, 1.87949967767e-06, 1.5658307575e-06, 1.24980283545e-06, 1.0837524087e-06, 8.43574468945e-07, 8.11100335341e-07, 6.15586657204e-07, 4.56962169437e-07, 3.93825615674e-07, 3.70486276324e-07, 3.1165211567e-07, 2.36150583532e-07, 1.79974563252e-07, 1.46122161482e-07, 1.0085054214e-07, 7.01326783314e-08, 4.70573553457e-08, 2.40577051613e-08, 7.09071912297e-10, 5.38221247084e-12, 5.20566185644e-12, 5.07057330151e-12, 4.95507194304e-12, 4.84586286029e-12, 4.75530118754e-12, 4.68397586342e-12, 4.74372667883e-12, 4.66494985002e-12, 4.56209722777e-12],
        "stdev": [0.00024067198683, 0.00207849266008, 0.0051698773168, 0.00634081522003, 0.00482545793056, 0.00221143267117, 0.00106818927452, 0.000777054054197, 0.00138522719499, 0.00166164338589, 0.000783617491834, 0.000809187244158, 0.000902887957636, 0.000823364011012, 0.000982295838185, 0.000791729078628, 0.000897629244719, 0.000478207570268, 0.000433933397289, 0.000402872596169, 0.000813603983261, 0.00102924474049, 0.000380864192266, 0.000265562179266, 0.000435607420513, 0.000720419862773, 0.000455631146906, 0.000316739606205, 0.000499282788951, 0.00013285462046, 0.000251703662798, 0.000207833465538, 0.000171248364495, 0.000353607174475, 0.000235442974372, 0.000139387164381, 0.000144905949128, 0.000180004906724, 0.000125640945043, 0.000272744946415, 0.000374940689653, 0.000226449003094, 0.00020790140843, 0.000191534520127, 0.000251451623626, 0.000238310400164, 0.000190165708773, 0.000201414208277, 0.000118604286399, 6.11971045146e-05, 0.000178841233719, 0.000151856322191, 0.000225770971156, 8.51122022141e-05, 7.03653277014e-05, 0.000119705669931, 9.06195273274e-05, 6.3090279582e-05, 0.000116700670333, 8.70608928381e-05, 3.95660608774e-05, 3.77284923161e-05, 3.69509980374e-05, 2.30494042626e-05, 3.94780909119e-05, 2.50756165769e-05, 1.97817025764e-05, 2.72407760349e-05, 2.38447810261e-05, 2.83186000161e-05, 2.90239440801e-05, 2.62239209405e-05, 1.93883679458e-05, 2.06658824027e-05, 2.46713771048e-05, 2.36410978687e-05, 2.27357340918e-05, 2.08280307561e-05, 2.01354323508e-05, 2.40442186623e-05, 2.60800752585e-05, 2.73508394457e-05, 2.775316716e-05, 2.10062735277e-05, 2.02177106985e-05, 1.91141425603e-05, 1.68912920344e-05, 1.57514587045e-05, 1.44016594277e-05, 1.21716902868e-05, 1.35595437314e-05, 1.59656792675e-05, 1.26572340378e-05, 1.14990398288e-05, 9.51082529355e-06, 8.98664075066e-06, 8.37927927932e-06, 9.23950119613e-06, 8.8866599981e-06, 8.66251957632e-06, 7.99513691163e-06, 6.86240218783e-06, 5.12631504535e-06, 3.4603781387e-06, 2.64532081928e-06, 2.13554494621e-06, 1.59074477324e-06, 1.31049205265e-06, 1.23754591641e-06, 1.02440787941e-06, 8.1184867895e-07, 9.06523723643e-07, 5.53493691768e-07, 3.47201051909e-07, 3.14220613973e-07, 1.98707766685e-07, 1.04396193024e-07, 4.46374048835e-09, 8.47304778423e-12, 8.21290951913e-12, 7.99223621312e-12, 7.79939394319e-12, 7.63187863601e-12, 7.49187864524e-12, 7.37320447752e-12, 1.35664786696e-11, 1.02439966232e-11, 7.17226321736e-12]
    },
    "mfcc": {
        "mean": [-635.377258301, 113.537628174, 1.83990347385, 25.9026298523, 10.9098463058, 9.99096107483, 0.950232565403, 3.55689072609, 2.24209594727, 4.14315462112, -1.65397465229, 3.15394687653, -1.1254837513],
        "cov": [[13094.4550781, -1951.66064453, -801.009765625, 706.13470459, 470.71975708, 681.939880371, 301.086578369, 399.18661499, 202.104141235, 422.45602417, 252.70098877, 370.238647461, -29.1526756287], [-1951.66064453, 1721.62402344, -138.761917114, -184.876419067, -115.872596741, -240.542770386, -113.39478302, -138.213699341, -92.5631713867, -118.795562744, -68.2387924194, -93.0640258789, 14.2069864273], [-801.009765625, -138.761917114, 605.042602539, -4.08343029022, -7.36939716339, 20.2155780792, 15.0557317734, -17.9400043488, 20.7797756195, -33.5393791199, 5.83164978027, -3.62174034119, 46.6871604919], [706.13470459, -184.876419067, -4.08343029022, 335.778625488, 179.829696655, 130.908126831, 60.7269210815, 42.0591697693, 48.857170105, 40.6138038635, -3.21138072014, 33.4790458679, 25.3616695404], [470.71975708, -115.872596741, -7.36939716339, 179.829696655, 263.840545654, 96.302696228, 36.7902183533, 31.2073955536, 37.9705886841, 37.5818977356, 2.60166454315, 29.5053863525, 28.8407440186], [681.939880371, -240.542770386, 20.2155780792, 130.908126831, 96.302696228, 227.366165161, 110.83429718, 79.504776001, 42.7828559875, 43.4136619568, 27.1492500305, 27.7822685242, 4.42381620407], [301.086578369, -113.39478302, 15.0557317734, 60.7269210815, 36.7902183533, 110.83429718, 160.583953857, 78.6650238037, 27.2023906708, 32.7659759521, 30.0856933594, 28.6777019501, -4.20066308975], [399.18661499, -138.213699341, -17.9400043488, 42.0591697693, 31.2073955536, 79.504776001, 78.6650238037, 140.045318604, 50.727973938, 39.0866470337, 25.4748764038, 17.9621143341, -4.43817472458], [202.104141235, -92.5631713867, 20.7797756195, 48.857170105, 37.9705886841, 42.7828559875, 27.2023906708, 50.727973938, 105.570114136, 38.3260536194, 10.4781541824, 4.62385225296, 6.15873622894], [422.45602417, -118.795562744, -33.5393791199, 40.6138038635, 37.5818977356, 43.4136619568, 32.7659759521, 39.0866470337, 38.3260536194, 119.022987366, 53.2343635559, 35.3107376099, -10.6291799545], [252.70098877, -68.2387924194, 5.83164978027, -3.21138072014, 2.60166454315, 27.1492500305, 30.0856933594, 25.4748764038, 10.4781541824, 53.2343635559, 116.964653015, 46.4952087402, -7.6710896492], [370.238647461, -93.0640258789, -3.62174034119, 33.4790458679, 29.5053863525, 27.7822685242, 28.6777019501, 17.9621143341, 4.62385225296, 35.3107376099, 46.4952087402, 100.564872742, 21.0912971497], [-29.1526756287, 14.2069864273, 46.6871604919, 25.3616695404, 28.8407440186, 4.42381620407, -4.20066308975, -4.43817472458, 6.15873622894, -10.6291799545, -7.6710896492, 21.0912971497, 76.06615448]],
        "icov": [[0.000131331820739, 0.000100695731817, 0.000189870057511, -0.000113394693471, 4.74040234621e-06, -0.000208083190955, 0.000113280642836, -9.39703313634e-05, 2.97637757285e-06, -0.00010220069089, -5.24406896147e-05, -0.000247849500738, 1.27866069306e-05], [0.000100695731817, 0.000844308175147, 0.00037615513429, 5.50077056687e-05, -5.47620984435e-05, 0.000463026226498, -0.000228116739891, 0.000303632405121, 0.000123964215163, 0.000265240261797, -0.000170268176589, 0.000382338854251, -0.000465518474812], [0.000189870057511, 0.00037615513429, 0.0021986248903, -1.57233371283e-05, 0.000151531057782, -0.000397423224058, -0.000303219101625, 0.000592053518631, -0.000660328078084, 0.000650361122098, -0.000650036614388, 0.000159710936714, -0.00132373231463], [-0.000113394693471, 5.50077056687e-05, -1.57233371283e-05, 0.00557228922844, -0.00278758141212, -0.00149620231241, -0.000446844263934, 0.000642478873488, -0.000869688868988, -0.000256755825831, 0.00115818565246, -0.000450347230071, -0.000469018967124], [4.74040234621e-06, -5.47620984435e-05, 0.000151531057782, -0.00278758141212, 0.00639280304313, -0.00119851913769, 0.000528901757207, 7.73110950831e-05, -0.000403476704378, -0.00086852547247, 0.000347562425304, -0.000383320904803, -0.00141932826955], [-0.000208083190955, 0.000463026226498, -0.000397423224058, -0.00149620231241, -0.00119851913769, 0.00942779518664, -0.00444234116003, -0.0011739396723, -0.000114761511213, 6.95772978361e-05, -0.00057206134079, 0.0011891189497, -0.000199527348741], [0.000113280642836, -0.000228116739891, -0.000303219101625, -0.000446844263934, 0.000528901757207, -0.00444234116003, 0.0115111861378, -0.00434237392619, 0.000701287761331, -0.00016528092965, -0.000508236407768, -0.00192982994486, 0.00126522849314], [-9.39703313634e-05, 0.000303632405121, 0.000592053518631, 0.000642478873488, 7.73110950831e-05, -0.0011739396723, -0.00434237392619, 0.0123441722244, -0.00414668116719, -0.000409900007071, -0.000513195118401, 0.000345548556652, -2.00340873562e-05], [2.97637757285e-06, 0.000123964215163, -0.000660328078084, -0.000869688868988, -0.000403476704378, -0.000114761511213, 0.000701287761331, -0.00414668116719, 0.013380696997, -0.00361680076458, 0.000477088033222, 0.00178951676935, -0.00140716461465], [-0.00010220069089, 0.000265240261797, 0.000650361122098, -0.000256755825831, -0.00086852547247, 6.95772978361e-05, -0.00016528092965, -0.000409900007071, -0.00361680076458, 0.0136800063774, -0.00452937372029, -0.00191098370124, 0.002167458646], [-5.24406896147e-05, -0.000170268176589, -0.000650036614388, 0.00115818565246, 0.000347562425304, -0.00057206134079, -0.000508236407768, -0.000513195118401, 0.000477088033222, -0.00452937372029, 0.0131160505116, -0.00497464463115, 0.00189852551557], [-0.000247849500738, 0.000382338854251, 0.000159710936714, -0.000450347230071, -0.000383320904803, 0.0011891189497, -0.00192982994486, 0.000345548556652, 0.00178951676935, -0.00191098370124, -0.00497464463115, 0.0156551674008, -0.00537890335545], [1.27866069306e-05, -0.000465518474812, -0.00132373231463, -0.000469018967124, -0.00141932826955, -0.000199527348741, 0.00126522849314, -2.00340873562e-05, -0.00140716461465, 0.002167458646, 0.00189852551557, -0.00537890335545, 0.0169252976775]]
    },
    "spectral_contrast_coeffs": {
        "mean": [-0.719596743584, -0.744975626469, -0.76452434063, -0.775067329407, -0.791219651699, -0.754167497158],
        "stdev": [0.0611363835633, 0.0756897628307, 0.0613431669772, 0.0529446415603, 0.041087385267, 0.0470459982753]
    },
    "spectral_contrast_valleys": {
        "mean": [-6.57261610031, -6.93883132935, -7.52335643768, -7.56016921997, -7.54206085205, -10.2849493027],
        "stdev": [1.33568775654, 1.18761062622, 1.29367911816, 1.42569243908, 1.58110070229, 1.73136484623]
    }
},
"rhythm": {
    "beats_count": 630,
    "beats_loudness": {
        "mean": 0.0415600910783,
        "stdev": 0.0248607844114
    },
    "bpm": 161.55809021,
    "bpm_histogram_first_peak_bpm": 161,
    "bpm_histogram_first_peak_weight": 0.325670540333,
    "bpm_histogram_second_peak_bpm": 105,
    "bpm_histogram_second_peak_spread": 0.600000023842,
    "bpm_histogram_second_peak_weight": 0.0254372023046,
    "danceability": 1.01022017002,
    "onset_rate": 2.78078770638,
    "beats_loudness_band_ratio": {
        "mean": [0.544257640839, 0.156548827887, 0.126027360559, 0.0779544860125, 0.0866690427065, 0.0562270209193],
        "stdev": [0.233463898301, 0.154046580195, 0.148993730545, 0.0826847329736, 0.0818693041801, 0.0821690708399]
    },
    "beats_position": [0.568888902664, 1.13777780533, 1.71827661991, 2.29877543449, 2.86766433716, 3.44816327095, 4.04027223587, 4.62077093124, 5.20126962662, 5.79337835312, 6.38548755646, 6.96598625183, 7.5464849472, 8.12698364258, 8.6958732605, 9.27637195587, 9.86848068237, 10.4605894089, 11.0526981354, 11.6448068619, 12.2369155884, 12.8174142838, 13.3863039017, 13.9435825348, 14.512471199, 15.0813598633, 15.6502494812, 16.2075271606, 16.7764167786, 17.3453063965, 17.9025840759, 18.4714736938, 19.0287532806, 19.5860309601, 20.154920578, 20.7238082886, 21.2926979065, 21.8615875244, 22.430475235, 22.9993648529, 23.5798625946, 24.1835823059, 24.7989120483, 25.4026298523, 26.0063495636, 26.6216773987, 27.2370071411, 27.8523349762, 28.4676647186, 29.0829925537, 29.6983222961, 30.3368701935, 30.9754180908, 31.6023578644, 32.2292976379, 32.7749671936, 33.3206329346, 33.8663024902, 34.3074836731, 34.7486610413, 35.1898422241, 35.6194114685, 36.0489807129, 36.4785499573, 36.908115387, 37.3376846313, 37.7672538757, 38.1968231201, 38.6147842407, 38.9863014221, 39.369430542, 39.7525634766, 40.124080658, 40.5072097778, 40.8903388977, 41.2618598938, 41.6333770752, 42.0048980713, 42.3764152527, 42.7479362488, 43.1310653687, 43.5141944885, 43.8857116699, 44.257232666, 44.6403617859, 45.0234909058, 45.3950119019, 45.7665290833, 46.1380500793, 46.5211791992, 46.9043083191, 47.287437439, 47.6705665588, 48.0420837402, 48.4252128601, 48.80834198, 49.1798629761, 49.5513839722, 49.934513092, 50.3060302734, 50.6891593933, 51.0606803894, 51.4321975708, 51.8153266907, 52.1984558105, 52.5699768066, 52.9531059265, 53.3362350464, 53.7077522278, 54.0792732239, 54.45079422, 54.8223114014, 55.2054405212, 55.5885696411, 55.9600906372, 56.3316078186, 56.7031288147, 57.0746459961, 57.457775116, 57.8409042358, 58.2240333557, 58.5955543518, 58.9670753479, 59.3385925293, 59.7101135254, 60.0932426453, 60.4763717651, 60.859500885, 61.2310180664, 61.6025390625, 61.9740562439, 62.34557724, 62.7170982361, 63.0886154175, 63.4833564758, 63.8664855957, 64.2496109009, 64.621131897, 64.9926528931, 65.3641738892, 65.7472991943, 66.1188201904, 66.5019454956, 66.8850784302, 67.2565994263, 67.6397247314, 68.022857666, 68.3943786621, 68.7775039673, 69.1490249634, 69.5321502686, 69.9152832031, 70.2868041992, 70.6583175659, 71.029838562, 71.4013595581, 71.7728805542, 72.1444015503, 72.515914917, 72.8990478516, 73.2821731567, 73.6536941528, 74.0252151489, 74.4083404541, 74.8146896362, 75.1745986938, 75.5345077515, 75.9060287476, 76.2775497437, 76.6490707397, 77.0205917358, 77.403717041, 77.7868499756, 78.1583633423, 78.5414962769, 78.924621582, 79.2961425781, 79.6676635742, 80.0391845703, 80.410697937, 80.7938308716, 81.1653518677, 81.5484771729, 81.9199981689, 82.291519165, 82.6630401611, 83.0345535278, 83.4060745239, 83.77759552, 84.1491165161, 84.5206298828, 84.9037628174, 85.2868881226, 85.6584091187, 86.0299301147, 86.4014511108, 86.7729721069, 87.1444854736, 87.5160064697, 87.8875274658, 88.270652771, 88.6537857056, 89.0253067017, 89.3968200684, 89.7683410645, 90.151473999, 90.5229949951, 90.9061203003, 91.2776412964, 91.6491622925, 92.0206756592, 92.3921966553, 92.7637176514, 93.1352386475, 93.5067520142, 93.8782730103, 94.2614059448, 94.64453125, 95.0160522461, 95.3875732422, 95.7590942383, 96.130607605, 96.5021286011, 96.8852615356, 97.2683868408, 97.6399078369, 98.011428833, 98.3829498291, 98.7544631958, 99.1259841919, 99.497505188, 99.8690261841, 100.252151489, 100.623672485, 100.995193481, 101.378318787, 101.749839783, 102.121360779, 102.504486084, 102.887619019, 103.259140015, 103.630653381, 104.002174377, 104.373695374, 104.756820679, 105.139953613, 105.511474609, 105.894599915, 106.277732849, 106.649246216, 107.020767212, 107.392288208, 107.775421143, 108.158546448, 108.530067444, 108.90158844, 109.273101807, 109.656234741, 110.039360046, 110.410881042, 110.794013977, 111.177139282, 111.548660278, 111.920181274, 112.291702271, 112.663215637, 113.034736633, 113.417869568, 113.789382935, 114.172515869, 114.544036865, 114.92716217, 115.310295105, 115.681808472, 116.053329468, 116.424850464, 116.784759521, 117.179496765, 117.5626297, 117.945755005, 118.328887939, 118.700408936, 119.071922302, 119.443443298, 119.814964294, 120.186485291, 120.569610596, 120.941131592, 121.324264526, 121.707389832, 122.090522766, 122.462036133, 122.833557129, 123.205078125, 123.58820343, 123.971336365, 124.342857361, 124.714370728, 125.085891724, 125.45741272, 125.840545654, 126.223670959, 126.595191956, 126.978317261, 127.361450195, 127.732971191, 128.104492188, 128.476013184, 128.859130859, 129.242263794, 129.625396729, 130.008529663, 130.3800354, 130.751556396, 131.123077393, 131.494598389, 131.877731323, 132.260864258, 132.632385254, 133.01550293, 133.387023926, 133.77015686, 134.141677856, 134.513198853, 134.884719849, 135.256240845, 135.639358521, 136.022491455, 136.394012451, 136.765533447, 137.148666382, 137.531784058, 137.903305054, 138.27482605, 138.646347046, 139.02947998, 139.412597656, 139.784118652, 140.155639648, 140.527160645, 140.921905518, 141.293426514, 141.66494751, 142.036453247, 142.419586182, 142.802719116, 143.174240112, 143.545761108, 143.917282104, 144.288803101, 144.660308838, 145.043441772, 145.414962769, 145.786483765, 146.169616699, 146.541137695, 146.912643433, 147.284164429, 147.655685425, 148.027206421, 148.398727417, 148.770248413, 149.153381348, 149.524902344, 149.896408081, 150.279541016, 150.651062012, 151.022583008, 151.394104004, 151.765625, 152.148742676, 152.520263672, 152.891784668, 153.274917603, 153.646438599, 154.017959595, 154.389480591, 154.761001587, 155.132507324, 155.515640259, 155.898773193, 156.270294189, 156.641815186, 157.013336182, 157.384857178, 157.756362915, 158.13949585, 158.522628784, 158.89414978, 159.265670776, 159.637191772, 160.00869751, 160.380218506, 160.751739502, 161.123260498, 161.506393433, 161.889526367, 162.261047363, 162.632553101, 163.004074097, 163.375595093, 163.747116089, 164.118637085, 164.490158081, 164.873291016, 165.256408691, 165.627929688, 165.999450684, 166.37097168, 166.742492676, 167.114013672, 167.485534668, 167.868652344, 168.251785278, 168.623306274, 168.994827271, 169.366348267, 169.737869263, 170.109390259, 170.480911255, 170.852416992, 171.235549927, 171.618682861, 172.001815796, 172.384933472, 172.768066406, 173.162811279, 173.557540894, 173.952285767, 174.358642578, 174.764984131, 175.159729004, 175.54284668, 175.914367676, 176.285888672, 176.657409668, 177.028930664, 177.40045166, 177.771972656, 178.143493652, 178.515014648, 178.886520386, 179.258041382, 179.629562378, 180.012695312, 180.395828247, 180.790557861, 181.173690796, 181.545211792, 181.916732788, 182.288253784, 182.65977478, 183.042892456, 183.437637329, 183.832382202, 184.227111816, 184.621856689, 185.028198242, 185.434555054, 185.817687988, 186.200805664, 186.583938599, 186.967071533, 187.338592529, 187.710113525, 188.081634521, 188.453155518, 188.824661255, 189.196182251, 189.579315186, 189.96244812, 190.333969116, 190.705490112, 191.07699585, 191.448516846, 191.820037842, 192.191558838, 192.563079834, 192.93460083, 193.306121826, 193.677642822, 194.049163818, 194.420669556, 194.792190552, 195.175323486, 195.558456421, 195.929977417, 196.301498413, 196.684616089, 197.067749023, 197.43927002, 197.810791016, 198.182312012, 198.553833008, 198.936950684, 199.30847168, 199.679992676, 200.051513672, 200.434646606, 200.806167603, 201.177688599, 201.549209595, 201.932327271, 202.303848267, 202.675369263, 203.046890259, 203.418411255, 203.789932251, 204.173049927, 204.544570923, 204.927703857, 205.310836792, 205.682357788, 206.053878784, 206.42539978, 206.796905518, 207.168426514, 207.53994751, 207.911468506, 208.282989502, 208.654510498, 209.037643433, 209.420761108, 209.792282104, 210.163803101, 210.535324097, 210.918457031, 211.301589966, 211.673095703, 212.044616699, 212.416137695, 212.787658691, 213.159179688, 213.530700684, 213.90222168, 214.273742676, 214.645263672, 215.028381348, 215.411514282, 215.783035278, 216.154556274, 216.526077271, 216.897598267, 217.269119263, 217.640625, 218.012145996, 218.383666992, 218.766799927, 219.149932861, 219.521453857, 219.892959595, 220.264480591, 220.636001587, 221.007522583, 221.379043579, 221.762176514, 222.145309448, 222.516815186, 222.89994812, 223.259857178, 223.631378174, 224.00289917, 224.374420166, 224.745941162, 225.117462158, 225.488967896, 225.860488892, 226.232009888, 226.603530884, 226.951828003, 227.346572876, 227.729705811, 228.112823486, 228.495956421, 228.879089355, 229.250610352, 229.622131348, 229.993652344, 230.36517334, 230.748291016, 231.119812012, 231.491333008, 231.862854004, 232.234375, 232.617507935, 232.989013672, 233.372146606, 233.743667603, 234.115188599, 234.498321533, 234.869842529, 235.241363525, 235.612869263, 235.984390259, 236.355911255, 236.727432251, 237.098953247, 237.470474243, 237.853607178, 238.236724854, 238.60824585, 238.979766846, 239.351287842, 239.722808838, 240.094329834, 240.46585083, 240.837371826, 241.208877563, 241.58039856, 241.951919556, 242.33505249, 242.718185425, 243.089706421, 243.472824097, 243.925613403, 244.37840271, 244.831192017, 245.272369385, 245.713562012, 246.15473938, 246.595916748, 247.106750488, 247.605987549, 248.105209351, 248.523162842, 248.941131592, 249.359085083, 249.777053833, 250.195007324, 250.624572754],
    "bpm_histogram": [0, 0, 0, 0, 0, 0, 0, 0, 0, 0, 0, 0, 0, 0, 0, 0, 0, 0, 0, 0, 0, 0, 0, 0, 0, 0, 0, 0, 0, 0, 0, 0, 0, 0, 0, 0, 0, 0, 0, 0, 0, 0, 0, 0, 0, 0, 0, 0, 0, 0, 0, 0, 0, 0, 0, 0, 0, 0, 0, 0, 0, 0, 0, 0, 0, 0, 0, 0, 0, 0, 0, 0, 0, 0, 0, 0, 0, 0, 0, 0, 0, 0, 0, 0, 0, 0, 0, 0, 0, 0, 0, 0, 0, 0, 0.00317965028808, 0, 0.00317965028808, 0, 0.0111287757754, 0.00476947519928, 0, 0.0127186011523, 0, 0.0174880754203, 0, 0.0254372023046, 0, 0, 0.00794912595302, 0, 0.00476947519928, 0, 0, 0, 0, 0, 0, 0.00158982514404, 0, 0, 0.00317965028808, 0, 0, 0, 0, 0, 0, 0, 0, 0, 0, 0, 0, 0.00476947519928, 0, 0, 0.0111287757754, 0, 0, 0, 0.0127186011523, 0, 0, 0, 0.00953895039856, 0, 0, 0, 0.00794912595302, 0, 0, 0, 0.020667726174, 0, 0, 0, 0, 0.270270258188, 0, 0, 0, 0.489666134119, 0.069952301681, 0, 0, 0, 0, 0.00635930057615, 0, 0, 0, 0, 0.00158982514404, 0, 0, 0, 0, 0, 0, 0, 0, 0, 0, 0, 0, 0, 0, 0, 0, 0, 0, 0, 0, 0, 0, 0, 0, 0, 0, 0, 0, 0, 0, 0, 0, 0, 0, 0, 0, 0, 0, 0, 0, 0, 0, 0, 0, 0, 0, 0, 0, 0, 0, 0, 0, 0, 0, 0, 0, 0, 0, 0, 0, 0, 0, 0, 0, 0, 0, 0, 0, 0, 0, 0, 0, 0, 0, 0, 0, 0]
},
"tonal": {
    "chords_changes_rate": 0.0520871803164,
    "chords_number_rate": 0.00166235689539,
    "chords_strength": {
        "mean": 0.50177782774,
        "stdev": 0.0981337875128
    },
    "hpcp_crest": {
        "mean": 13.8761663437,
        "stdev": 6.24290084839
    },
    "hpcp_entropy": {
        "mean": 1.91534113884,
        "stdev": 0.682644128799
    },
    "key_edma": {
        "strength": 0.812287211418,
        "key": "F#",
        "scale": "major"
    },
    "key_krumhansl": {
        "strength": 0.811271429062,
        "key": "F#",
        "scale": "major"
    },
    "key_temperley": {
        "strength": 0.812539696693,
        "key": "F#",
        "scale": "major"
    },
    "tuning_diatonic_strength": 0.68234705925,
    "tuning_equal_tempered_deviation": 0.0161742363125,
    "tuning_frequency": 440.508575439,
    "tuning_nontempered_energy_ratio": 0.661364495754,
    "hpcp": {
        "mean": [0.039376642555, 0.0323228798807, 0.068327344954, 0.103054538369, 0.0719889998436, 0.0382161773741, 0.0307668913156, 0.030273579061, 0.0605709627271, 0.0890511423349, 0.0930558443069, 0.224140241742, 0.356312811375, 0.214320257306, 0.0565985403955, 0.0430887304246, 0.0503483489156, 0.160515472293, 0.221536695957, 0.113652683794, 0.0433682054281, 0.039470423013, 0.0463542379439, 0.112590946257, 0.162388831377, 0.118816003203, 0.170858949423, 0.269974678755, 0.185717105865, 0.0758007615805, 0.0563739873469, 0.0592390112579, 0.163097515702, 0.285137474537, 0.191529065371, 0.0589073002338],
        "stdev": [0.122368149459, 0.108468838036, 0.145133733749, 0.194834008813, 0.148547753692, 0.112654812634, 0.103608705103, 0.107654213905, 0.142507895827, 0.183797836304, 0.183282420039, 0.282710075378, 0.369959563017, 0.258741527796, 0.138592347503, 0.120522104204, 0.132528752089, 0.267909884453, 0.333589315414, 0.195169091225, 0.124519385397, 0.123251251876, 0.136669158936, 0.203903988004, 0.265153199434, 0.217030242085, 0.260045528412, 0.378077149391, 0.292548269033, 0.173711717129, 0.137495800853, 0.141540542245, 0.222527459264, 0.328685283661, 0.25095051527, 0.146056577563]
    },
