{
"metadata": {
    "version": {
        "essentia": "2.1-dev",
        "essentia_git_sha": "v2.1_beta3-415-gd5473f3",
        "extractor": "music 2.0"
    },
    "audio_properties": {
        "analysis": {
            "equal_loudness": 0,
            "length": 224.862045288,
            "sample_rate": 44100,
            "start_time": 0,
            "downmix": "mix"
        },
        "bit_rate": 128000,
        "length": 224.862045288,
        "lossless": 0,
        "number_channels": 2,
        "replay_gain": -6.62742614746,
        "sample_rate": 44100,
        "codec": "mp3",
        "md5_encoded": "456050071336009a27031f176e245996"
    },
    "tags": {
        "file_name": "our_lady_peace-innocent.mp3"
    }
},
"lowlevel": {
    "average_loudness": 0.942122459412,
    "barkbands_crest": {
        "mean": 9.13102817535,
        "stdev": 3.70808243752
    },
    "barkbands_flatness_db": {
        "mean": 0.126682475209,
        "stdev": 0.0587124340236
    },
    "barkbands_kurtosis": {
        "mean": 1.79456698895,
        "stdev": 10.6980876923
    },
    "barkbands_skewness": {
        "mean": 1.03344464302,
        "stdev": 1.11901891232
    },
    "barkbands_spread": {
        "mean": 26.7662220001,
        "stdev": 11.9042139053
    },
    "dissonance": {
        "mean": 0.471169233322,
        "stdev": 0.0294219162315
    },
    "dynamic_complexity": 2.96438670158,
    "erbbands_crest": {
        "mean": 8.46670627594,
        "stdev": 3.65338993073
    },
    "erbbands_flatness_db": {
        "mean": 0.161248505116,
        "stdev": 0.0395473688841
    },
    "erbbands_kurtosis": {
        "mean": 0.497344017029,
        "stdev": 1.67059981823
    },
    "erbbands_skewness": {
        "mean": -0.11786031723,
        "stdev": 0.737974643707
    },
    "erbbands_spread": {
        "mean": 33.2949981689,
        "stdev": 13.0204210281
    },
    "hfc": {
        "mean": 27.6183605194,
        "stdev": 18.1760234833
    },
    "loudness_ebu128": {
        "integrated": -15.3486595154,
        "loudness_range": 5.35200405121,
        "momentary": {
            "mean": -18.0155792236,
            "stdev": 10.9961204529
        },
        "short_term": {
            "mean": -17.2652606964,
            "stdev": 8.17646789551
        }
    },
    "melbands_crest": {
        "mean": 14.3827457428,
        "stdev": 4.87063312531
    },
    "melbands_flatness_db": {
        "mean": 0.179150700569,
        "stdev": 0.0816146433353
    },
    "melbands_kurtosis": {
        "mean": 8.35183906555,
        "stdev": 23.9647941589
    },
    "melbands_skewness": {
        "mean": 2.17367267609,
        "stdev": 1.51142299175
    },
    "melbands_spread": {
        "mean": 31.9157752991,
        "stdev": 21.6544151306
    },
    "pitch_salience": {
        "mean": 0.534069538116,
        "stdev": 0.116785824299
    },
    "silence_rate_20dB": {
        "mean": 1,
        "stdev": 0
    },
    "silence_rate_30dB": {
        "mean": 0.997212171555,
        "stdev": 0.0527251362801
    },
    "silence_rate_60dB": {
        "mean": 0.0647392868996,
        "stdev": 0.246074661613
    },
    "spectral_centroid": {
        "mean": 1658.67553711,
        "stdev": 662.594848633
    },
    "spectral_complexity": {
        "mean": 27.130821228,
        "stdev": 11.5484790802
    },
    "spectral_decrease": {
        "mean": -8.14319722764e-09,
        "stdev": 5.64839375272e-09
    },
    "spectral_energy": {
        "mean": 0.0332392752171,
        "stdev": 0.0222254469991
    },
    "spectral_energyband_high": {
        "mean": 0.00108796579298,
        "stdev": 0.00161358248442
    },
    "spectral_energyband_low": {
        "mean": 0.0144288241863,
        "stdev": 0.0170298535377
    },
    "spectral_energyband_middle_high": {
        "mean": 0.00923968851566,
        "stdev": 0.00769830401987
    },
    "spectral_energyband_middle_low": {
        "mean": 0.00945325661451,
        "stdev": 0.00918428692967
    },
    "spectral_entropy": {
        "mean": 7.708589077,
        "stdev": 0.452536433935
    },
    "spectral_flux": {
        "mean": 0.096042342484,
        "stdev": 0.0494400151074
    },
    "spectral_kurtosis": {
        "mean": 5.17396831512,
        "stdev": 8.12623310089
    },
    "spectral_rms": {
        "mean": 0.00530242500827,
        "stdev": 0.00207675574347
    },
    "spectral_rolloff": {
        "mean": 1979.97497559,
        "stdev": 2280.55615234
    },
    "spectral_skewness": {
        "mean": 1.45977437496,
        "stdev": 0.729839682579
    },
    "spectral_spread": {
        "mean": 3969784.5,
        "stdev": 1224188.125
    },
    "spectral_strongpeak": {
        "mean": 0.875003635883,
        "stdev": 1.26903092861
    },
    "zerocrossingrate": {
        "mean": 0.069813080132,
        "stdev": 0.059807818383
    },
    "barkbands": {
        "mean": [0.000296160404105, 0.00757374148816, 0.00576981063932, 0.00117473653518, 0.00217213807628, 0.00165719131473, 0.00110408221371, 0.00135241646785, 0.00173636944965, 0.00179870263673, 0.000527100637555, 0.000912907358725, 0.000947056396399, 0.00122590491083, 0.000794998195488, 0.00115436920896, 0.000845394213684, 0.000511919497512, 0.000412924826378, 0.000350561895175, 0.000291277916403, 0.00026417261688, 0.000163530698046, 0.000126281476696, 5.71454875171e-05, 1.80506121978e-05, 4.31046231597e-07],
        "stdev": [0.000446725840447, 0.0114412307739, 0.00725775910541, 0.0013300642604, 0.00532410573214, 0.00274282717146, 0.00207667425275, 0.00207774341106, 0.00395127153024, 0.00407799100503, 0.00107697455678, 0.0013926862739, 0.00167260318995, 0.00198663026094, 0.00111924635712, 0.00153741950635, 0.00111414841376, 0.00065303890733, 0.00043911463581, 0.000406783568906, 0.000340637372574, 0.000705570273567, 0.000384766957723, 0.000251421530265, 0.000126962608192, 3.69523622794e-05, 1.13717328531e-06]
    },
    "erbbands": {
        "mean": [0.182722315192, 1.84495961666, 6.65468168259, 5.23983812332, 4.66931295395, 7.4825553894, 12.4791307449, 13.4191455841, 15.4504175186, 20.5013008118, 30.6816368103, 41.1165962219, 49.3689079285, 36.7510910034, 23.8895568848, 36.759262085, 44.8785438538, 50.1161155701, 56.336971283, 47.0056495667, 68.4128189087, 50.9075088501, 30.8540172577, 21.9898757935, 20.3269691467, 16.6469669342, 13.1781148911, 10.4047288895, 9.35249137878, 7.39109611511, 4.34078407288, 2.99868059158, 1.84016478062, 0.796641886234, 0.326191753149, 0.112964607775, 0.0267017502338, 0.00340176024474, 9.17133293115e-05, 4.3923730118e-05],
        "stdev": [0.24258197844, 2.97920489311, 8.55399608612, 5.70442438126, 10.3299560547, 21.365562439, 19.440656662, 25.2986774445, 27.3522434235, 36.5791893005, 45.229511261, 97.0531234741, 100.167411804, 77.9721603394, 46.8273963928, 55.7678947449, 72.6611557007, 73.6212463379, 83.1738128662, 58.7761497498, 83.0156097412, 62.0991744995, 39.221660614, 21.639377594, 22.3647689819, 19.1826400757, 14.1139583588, 15.3468208313, 24.5795040131, 20.0189113617, 9.82363986969, 5.83055591583, 4.08376836777, 1.82194590569, 0.768435359001, 0.236901640892, 0.0533107109368, 0.00674817338586, 0.000142631819472, 2.78104034805e-05]
    },
    "gfcc": {
        "mean": [-1.59026420116, 92.7343215942, -133.674713135, 40.5087203979, -51.8275489807, 16.3738498688, -38.0718574524, 10.999546051, -17.0498809814, 4.11312627792, -16.3408508301, -4.87204885483, -10.4750261307],
        "cov": [[26489.6660156, -310.768554688, -1905.03283691, 1078.09423828, -900.707885742, 942.217041016, -789.201965332, 659.440002441, -305.687042236, 185.303756714, -462.76461792, 150.372879028, -210.7109375], [-310.768554688, 1987.52294922, 207.837677002, -2.87228918076, 389.578155518, -235.632843018, 277.065246582, -80.7586746216, 138.531555176, -110.635971069, 155.62677002, -167.465103149, 111.105331421], [-1905.03283691, 207.837677002, 664.37097168, 49.3559074402, 217.783508301, 92.2773742676, 116.072013855, 35.1020889282, 77.8094558716, 39.3884811401, 36.5298881531, 26.3400802612, 14.2492961884], [1078.09423828, -2.87228918076, 49.3559074402, 406.379608154, 71.6293334961, 111.765823364, 27.5026226044, 33.6794548035, 30.8220062256, 7.2610449791, 7.36217451096, -3.38979005814, 10.4416980743], [-900.707885742, 389.578155518, 217.783508301, 71.6293334961, 352.760070801, 21.9828548431, 129.450180054, 42.6351165771, 79.5771179199, 8.98675060272, 49.7578926086, -21.9237308502, 33.0443305969], [942.217041016, -235.632843018, 92.2773742676, 111.765823364, 21.9828548431, 398.562988281, 127.657104492, 127.062721252, 10.5550384521, 34.345993042, -10.2513227463, 61.9759597778, 10.1200447083], [-789.201965332, 277.065246582, 116.072013855, 27.5026226044, 129.450180054, 127.657104492, 312.097930908, 42.609828949, 52.7142829895, -18.8505077362, 43.4869041443, -12.9323396683, 32.1323738098], [659.440002441, -80.7586746216, 35.1020889282, 33.6794548035, 42.6351165771, 127.062721252, 42.609828949, 171.346618652, 54.3141021729, 37.2398300171, -5.08493852615, 11.4067344666, -1.08182168007], [-305.687042236, 138.531555176, 77.8094558716, 30.8220062256, 79.5771179199, 10.5550384521, 52.7142829895, 54.3141021729, 118.579772949, 29.4100379944, 24.9503173828, -13.8257083893, 15.6963033676], [185.303756714, -110.635971069, 39.3884811401, 7.2610449791, 8.98675060272, 34.345993042, -18.8505077362, 37.2398300171, 29.4100379944, 86.67237854, 11.2532892227, 28.2176685333, -8.51768016815], [-462.76461792, 155.62677002, 36.5298881531, 7.36217451096, 49.7578926086, -10.2513227463, 43.4869041443, -5.08493852615, 24.9503173828, 11.2532892227, 93.1925582886, 10.1155347824, 26.822271347], [150.372879028, -167.465103149, 26.3400802612, -3.38979005814, -21.9237308502, 61.9759597778, -12.9323396683, 11.4067344666, -13.8257083893, 28.2176685333, 10.1155347824, 97.6602706909, 20.5593280792], [-210.7109375, 111.105331421, 14.2492961884, 10.4416980743, 33.0443305969, 10.1200447083, 32.1323738098, -1.08182168007, 15.6963033676, -8.51768016815, 26.822271347, 20.5593280792, 82.0821762085]],
        "icov": [[0.000260394677753, -0.000718701689038, 0.000779792375397, -0.000741134805139, 0.000551295932382, -0.000740193005186, 0.000821443914901, -0.00109281868208, 0.000793580024038, -0.000934874056838, 0.0012222121004, -0.000935105257668, 0.000719603383914], [-0.000718701689038, 0.00309249688871, -0.00225805002265, 0.00213562627323, -0.00218373467214, 0.0025167320855, -0.00275138136931, 0.00331555120647, -0.00267827999778, 0.00344848353416, -0.00440184911713, 0.00394475879148, -0.00290064304136], [0.000779792375397, -0.00225805002265, 0.00442900881171, -0.00214844057336, 0.000516730360687, -0.00266696163453, 0.00231926725246, -0.00269175390713, 0.00159410352353, -0.00327578838915, 0.0038543343544, -0.00372163276188, 0.00276799569838], [-0.000741134805139, 0.00213562627323, -0.00214844057336, 0.00499632302672, -0.00222722114995, 0.000909622525796, -0.00176284578629, 0.00357888638973, -0.00298460689373, 0.0029852129519, -0.00376852648333, 0.0034120536875, -0.00227683968842], [0.000551295932382, -0.00218373467214, 0.000516730360687, -0.00222722114995, 0.00625261384994, -0.00114578159992, 0.000833669735584, -0.00333292572759, 0.00111225317232, -0.00259940791875, 0.00222596805543, -0.00172060157638, 0.00103968707845], [-0.000740193005186, 0.0025167320855, -0.00266696163453, 0.000909622525796, -0.00114578159992, 0.00748141203076, -0.00489044655114, -5.54018115508e-05, -0.000603493535891, 0.00213976297528, -0.00264845276251, 0.000650055939332, -0.00246682623401], [0.000821443914901, -0.00275138136931, 0.00231926725246, -0.00176284578629, 0.000833669735584, -0.00489044655114, 0.00821129139513, -0.00313208159059, 0.00113748654258, -0.000965887389611, 0.0023552372586, -0.00217667105608, 0.00212400546297], [-0.00109281868208, 0.00331555120647, -0.00269175390713, 0.00357888638973, -0.00333292572759, -5.54018115508e-05, -0.00313208159059, 0.0146082378924, -0.00773886963725, 0.00231091631576, -0.00411647977307, 0.00459469063208, -0.0026000009384], [0.000793580024038, -0.00267827999778, 0.00159410352353, -0.00298460689373, 0.00111225317232, -0.000603493535891, 0.00113748654258, -0.00773886963725, 0.0170587394387, -0.0080019813031, 0.00287090661004, -0.000202773182536, -0.000135043082992], [-0.000934874056838, 0.00344848353416, -0.00327578838915, 0.0029852129519, -0.00259940791875, 0.00213976297528, -0.000965887389611, 0.00231091631576, -0.0080019813031, 0.0214118696749, -0.00774237513542, -0.000677766278386, 0.000764293188695], [0.0012222121004, -0.00440184911713, 0.0038543343544, -0.00376852648333, 0.00222596805543, -0.00264845276251, 0.0023552372586, -0.00411647977307, 0.00287090661004, -0.00774237513542, 0.0207950882614, -0.00736006721854, 0.00105603493284], [-0.000935105257668, 0.00394475879148, -0.00372163276188, 0.0034120536875, -0.00172060157638, 0.000650055939332, -0.00217667105608, 0.00459469063208, -0.000202773182536, -0.000677766278386, -0.00736006721854, 0.0207288172096, -0.00882134120911], [0.000719603383914, -0.00290064304136, 0.00276799569838, -0.00227683968842, 0.00103968707845, -0.00246682623401, 0.00212400546297, -0.0026000009384, -0.000135043082992, 0.000764293188695, 0.00105603493284, -0.00882134120911, 0.0187549740076]]
    },
    "melbands": {
        "mean": [0.00185466581024, 0.00319004734047, 0.000894710945431, 0.000455097237136, 0.000412124092691, 0.000308451533783, 0.000225922412938, 0.000253572070505, 0.000249402364716, 0.000259233929683, 0.000259149557678, 0.000173633539816, 7.08706211299e-05, 7.22446056898e-05, 0.000130261556478, 9.08187939785e-05, 9.67117521213e-05, 0.000101857178379, 6.07771871728e-05, 6.89990411047e-05, 7.8668948845e-05, 5.60392909392e-05, 3.16820478474e-05, 2.31269077631e-05, 1.70578605321e-05, 1.59892788361e-05, 1.335439174e-05, 1.03947231764e-05, 7.99948884378e-06, 7.38534617994e-06, 5.62040759178e-06, 5.13414943271e-06, 5.20461935594e-06, 3.65951063941e-06, 2.6296879696e-06, 1.83885026672e-06, 1.89398485873e-06, 1.36225560254e-06, 9.91390379568e-07, 5.55746908049e-07],
        "stdev": [0.00263487594202, 0.00423229718581, 0.000915348646231, 0.00137360801455, 0.0006278368528, 0.000534132239409, 0.000407486921176, 0.000423964025686, 0.000417049479438, 0.000653993338346, 0.000544528127648, 0.000381388847018, 0.0001418517204, 0.000122976663988, 0.00020744043286, 0.000179857976036, 0.000155731235282, 0.000171567749931, 8.91723102541e-05, 0.000104449849459, 9.913204849e-05, 7.56642621127e-05, 4.37831804447e-05, 3.04677669192e-05, 1.74741180672e-05, 1.91561612155e-05, 1.5783476556e-05, 1.33803532663e-05, 9.47424905462e-06, 8.61149692355e-06, 9.71486133494e-06, 1.36563003252e-05, 1.53951332322e-05, 9.82490746537e-06, 6.17236037215e-06, 4.20584137828e-06, 3.61981119568e-06, 3.06121296489e-06, 2.33612217926e-06, 1.42953251725e-06]
    },
    "melbands128": {
        "mean": [0.000276679522358, 0.00133187533356, 0.00229482073337, 0.00326456595212, 0.00378524791449, 0.00247261486948, 0.00109166093171, 0.000459477887489, 0.000402515521273, 0.000605389766861, 0.000401828816393, 0.000366524560377, 0.000457751797512, 0.00042956174002, 0.000328331749188, 0.000200506692636, 0.000280256470433, 0.000223032475333, 0.000190912382095, 0.000187312776688, 0.000324300985085, 0.000312674470479, 0.000200727794436, 0.000262953020865, 0.000249515578616, 0.000327547080815, 0.000112616282422, 0.000199941656319, 0.000489079218823, 0.00019590446027, 8.56156402733e-05, 5.5485899793e-05, 6.08543487033e-05, 9.67998203123e-05, 6.87596620992e-05, 4.95248823427e-05, 7.94542356743e-05, 0.000217983091716, 7.58477908676e-05, 8.29298005556e-05, 0.000110875458631, 7.71775958128e-05, 8.26865434647e-05, 8.66470509209e-05, 0.000181601630175, 8.24024245958e-05, 5.08126795467e-05, 6.53784227325e-05, 6.82627505739e-05, 4.79450282e-05, 7.16713111615e-05, 6.83940379531e-05, 0.000120769174828, 5.41172375961e-05, 5.14455459779e-05, 7.16004069545e-05, 4.45457990281e-05, 2.91132964776e-05, 2.98112518067e-05, 3.09500937874e-05, 2.14461560972e-05, 1.93312516785e-05, 1.75071327249e-05, 1.47876307892e-05, 1.88309968507e-05, 1.69117392943e-05, 1.35766767926e-05, 1.40836991704e-05, 1.34378806251e-05, 1.24771759147e-05, 1.05187100417e-05, 9.86422401184e-06, 7.43085911381e-06, 7.15860323908e-06, 9.36876040214e-06, 7.89266323409e-06, 6.36864979242e-06, 5.93589720665e-06, 5.48713205717e-06, 5.55413453185e-06, 4.62531261292e-06, 4.989003628e-06, 6.08420896242e-06, 5.17732905791e-06, 4.74323906019e-06, 3.93547497879e-06, 3.33630418936e-06, 2.96078565043e-06, 2.71581575362e-06, 2.33393257076e-06, 1.87409352748e-06, 1.78823722763e-06, 1.57222166308e-06, 1.99709688786e-06, 2.11046562981e-06, 1.46881234286e-06, 1.20986476304e-06, 1.13393230095e-06, 1.12017414722e-06, 8.45247200232e-07, 6.61572755689e-07, 4.98972553942e-07, 4.50106767858e-07, 3.5958441913e-07, 4.09782359156e-07, 3.30782398805e-07, 2.59512916045e-07, 2.13302314478e-07, 2.14095379647e-07, 1.39411326927e-07, 1.18041413089e-07, 9.56719290457e-08, 7.50146682549e-08, 6.34901482499e-08, 5.30855359671e-08, 3.9420985587e-08, 1.69618949997e-08, 6.67662869436e-11, 5.18238360211e-12, 5.02954058609e-12, 4.90582921508e-12, 4.79982113083e-12, 4.69761902988e-12, 4.61013388922e-12, 4.54704156272e-12, 5.05984143473e-12, 9.22602185621e-12, 9.83132325549e-12],
        "stdev": [0.00041464867536, 0.00178527075332, 0.00391227100044, 0.00573168788105, 0.00520086148754, 0.0031082876958, 0.00128056493122, 0.000551304838154, 0.000887700880412, 0.00224669044837, 0.00156578305177, 0.000691322027706, 0.000800203939434, 0.000853805744555, 0.000808219076134, 0.000491261656862, 0.000566790346056, 0.000508370692842, 0.00057346111862, 0.000502988637891, 0.00066188769415, 0.000552730809432, 0.000502097478602, 0.000809078046586, 0.00072384509258, 0.00111663329881, 0.000450598075986, 0.000582674925681, 0.00122955930419, 0.000574688892812, 0.000289250543574, 0.000151365849888, 0.000155906192958, 0.000280337728327, 0.000160197494552, 0.000163380536833, 0.000169080478372, 0.000397434574552, 0.000177676731255, 0.00023183018493, 0.000283712986857, 0.000191905637621, 0.000175350476638, 0.000214323430555, 0.000386263418477, 0.000189821337699, 0.000125780890812, 0.000146260659676, 0.000109060078103, 0.000102727048215, 0.000162242664373, 0.000135269918246, 0.000180636881851, 9.52565314947e-05, 0.000109870401502, 0.000117249568575, 7.09929154254e-05, 5.80746636842e-05, 5.22866357642e-05, 5.29523167643e-05, 3.94539019908e-05, 2.83081590169e-05, 2.19139965338e-05, 1.866290404e-05, 2.80165022559e-05, 2.62152861978e-05, 1.95894590433e-05, 1.97426925297e-05, 1.93867981579e-05, 1.73427033587e-05, 1.57564172696e-05, 1.9725479433e-05, 1.29317832034e-05, 1.04449036371e-05, 1.19261039799e-05, 1.07926471173e-05, 9.09763639356e-06, 9.48254000832e-06, 1.06961315396e-05, 1.24319603856e-05, 1.38238774525e-05, 1.54709068738e-05, 1.83286174433e-05, 1.69800387084e-05, 1.56646692631e-05, 1.22130904856e-05, 9.2738728199e-06, 7.75997432356e-06, 6.85425538904e-06, 5.83340579396e-06, 4.93527386425e-06, 4.30795807915e-06, 3.94318249164e-06, 3.96081259169e-06, 4.20563765147e-06, 3.05231969833e-06, 3.43253668689e-06, 3.37204733114e-06, 2.81203210761e-06, 1.90253751953e-06, 1.67979180787e-06, 1.43049362578e-06, 1.61625121109e-06, 1.20575919027e-06, 9.40950428685e-07, 8.06978505352e-07, 6.27486372196e-07, 4.63464232325e-07, 5.06014771418e-07, 4.26552958288e-07, 3.00050231772e-07, 2.10614771845e-07, 1.56799416118e-07, 1.36091642844e-07, 1.09729064945e-07, 9.02537351521e-08, 4.35725553416e-08, 2.77713879671e-10, 7.90918372462e-12, 7.68295323195e-12, 7.49058020472e-12, 7.32016790933e-12, 7.17005751646e-12, 7.04375273386e-12, 6.93732788229e-12, 5.51089937573e-11, 4.67600236309e-10, 5.30331334403e-10]
    },
    "mfcc": {
        "mean": [-624.354858398, 111.069618225, -14.2208280563, 24.5803699493, 8.02014064789, 7.02871465683, -3.20957660675, 2.40199947357, 3.04577255249, 6.20624494553, -0.341932922602, 3.24024200439, -2.11046934128],
        "cov": [[13243.4667969, 155.705551147, -1001.30371094, -160.768493652, -32.682056427, 251.29637146, -15.7132482529, 304.841430664, 174.199035645, 232.856872559, -4.81452274323, 113.130599976, -69.9087982178], [155.705551147, 1263.18603516, -51.6338043213, 186.712722778, 106.777038574, -38.1744003296, 113.104423523, 27.2860164642, 84.0803375244, 55.1096801758, 41.2244987488, 72.2539215088, 23.9553871155], [-1001.30371094, -51.6338043213, 576.999206543, 32.1604728699, 103.421722412, 104.60383606, 60.7444114685, 63.2406806946, 44.3208045959, 30.1216087341, 31.7472953796, 20.3759822845, 48.0167694092], [-160.768493652, 186.712722778, 32.1604728699, 323.56262207, 110.80847168, 33.7667160034, 22.3263835907, -5.11758899689, 26.0171546936, 2.67883324623, 11.8105888367, 21.5471763611, 38.5610694885], [-32.682056427, 106.777038574, 103.421722412, 110.80847168, 255.321121216, 28.8599815369, 19.7754364014, 24.5976982117, 43.4048957825, 54.37159729, 15.7739648819, 25.684671402, 38.4584922791], [251.29637146, -38.1744003296, 104.60383606, 33.7667160034, 28.8599815369, 211.790740967, 111.504257202, 99.4548034668, 58.478515625, 24.0581436157, 29.0483665466, 14.073223114, 12.1297397614], [-15.7132482529, 113.104423523, 60.7444114685, 22.3263835907, 19.7754364014, 111.504257202, 199.394287109, 110.680412292, 65.791015625, 34.0835800171, 27.4706726074, 34.5861816406, 5.80018520355], [304.841430664, 27.2860164642, 63.2406806946, -5.11758899689, 24.5976982117, 99.4548034668, 110.680412292, 163.485671997, 80.687171936, 58.2628631592, 23.831451416, 32.0963897705, 9.61949634552], [174.199035645, 84.0803375244, 44.3208045959, 26.0171546936, 43.4048957825, 58.478515625, 65.791015625, 80.687171936, 129.609436035, 59.8322105408, 37.8313179016, 17.638338089, 10.752404213], [232.856872559, 55.1096801758, 30.1216087341, 2.67883324623, 54.37159729, 24.0581436157, 34.0835800171, 58.2628631592, 59.8322105408, 117.636413574, 36.3520278931, 32.7755775452, 1.7809561491], [-4.81452274323, 41.2244987488, 31.7472953796, 11.8105888367, 15.7739648819, 29.0483665466, 27.4706726074, 23.831451416, 37.8313179016, 36.3520278931, 83.2503662109, 23.9930915833, 12.8485879898], [113.130599976, 72.2539215088, 20.3759822845, 21.5471763611, 25.684671402, 14.073223114, 34.5861816406, 32.0963897705, 17.638338089, 32.7755775452, 23.9930915833, 87.0394439697, 26.9134597778], [-69.9087982178, 23.9553871155, 48.0167694092, 38.5610694885, 38.4584922791, 12.1297397614, 5.80018520355, 9.61949634552, 10.752404213, 1.7809561491, 12.8485879898, 26.9134597778, 72.6132049561]],
        "icov": [[0.000110317327199, -2.63106849161e-05, 0.000244667084189, 7.06869323039e-05, -3.2391584682e-05, -0.000283303961623, 0.00027132499963, -0.00021842525166, -4.27906452387e-05, -0.000140118529089, 0.000112310699478, -0.000147617887706, 3.19171995216e-05], [-2.63106849161e-05, 0.00105235655792, 7.83808718552e-05, -0.000516426167451, -0.000176671048393, 0.000797067710664, -0.000918987265322, 0.000356392440153, -0.000525811803527, 5.1120500757e-06, -0.000172106025275, -0.000455983215943, 0.000113721631351], [0.000244667084189, 7.83808718552e-05, 0.0026660670992, 0.000323163083522, -0.000816039915662, -0.00134773482569, 0.000438368559116, -0.000622732215561, -6.37822158751e-05, -0.000258204439888, -0.00010079509957, -0.000146909034811, -0.000932021182962], [7.06869323039e-05, -0.000516426167451, 0.000323163083522, 0.004260616377, -0.00158318679314, -0.00118587806355, 0.000155739107868, 0.000957951357123, -0.000576753343921, 0.000754356617108, 0.000146283098729, -0.000401451427024, -0.00115078769159], [-3.2391584682e-05, -0.000176671048393, -0.000816039915662, -0.00158318679314, 0.00579479103908, -7.80427872087e-05, 0.000217514243559, 0.000507430813741, -0.000504707393702, -0.0026502055116, 0.000943586288486, 0.000209255202208, -0.00183800188825], [-0.000283303961623, 0.000797067710664, -0.00134773482569, -0.00118587806355, -7.80427872087e-05, 0.00939997751266, -0.00387699902058, -0.00249131023884, -0.000452105799923, 0.00144624896348, -0.00180565472692, 0.00133792008273, -4.88167934236e-05], [0.00027132499963, -0.000918987265322, 0.000438368559116, 0.000155739107868, 0.000217514243559, -0.00387699902058, 0.0108504854143, -0.00509441411123, -0.000800728274044, 0.000889845134225, -0.00014990157797, -0.00218602269888, 0.00146592094097], [-0.00021842525166, 0.000356392440153, -0.000622732215561, 0.000957951357123, 0.000507430813741, -0.00249131023884, -0.00509441411123, 0.0150955375284, -0.00464612804353, -0.00316745694727, 0.00213041272946, -0.00156697432976, -0.000900750106666], [-4.27906452387e-05, -0.000525811803527, -6.37822158751e-05, -0.000576753343921, -0.000504707393702, -0.000452105799923, -0.000800728274044, -0.00464612804353, 0.0143422270194, -0.0037775891833, -0.003265139414, 0.00260234531015, -0.000914874312002], [-0.000140118529089, 5.1120500757e-06, -0.000258204439888, 0.000754356617108, -0.0026502055116, 0.00144624896348, 0.000889845134225, -0.00316745694727, -0.0037775891833, 0.0150715205818, -0.00378046953119, -0.0034705020953, 0.00328911375254], [0.000112310699478, -0.000172106025275, -0.00010079509957, 0.000146283098729, 0.000943586288486, -0.00180565472692, -0.00014990157797, 0.00213041272946, -0.003265139414, -0.00378046953119, 0.0161450393498, -0.00258764741011, -0.00163599580992], [-0.000147617887706, -0.000455983215943, -0.000146909034811, -0.000401451427024, 0.000209255202208, 0.00133792008273, -0.00218602269888, -0.00156697432976, 0.00260234531015, -0.0034705020953, -0.00258764741011, 0.0165941156447, -0.00562629848719], [3.19171995216e-05, 0.000113721631351, -0.000932021182962, -0.00115078769159, -0.00183800188825, -4.88167934236e-05, 0.00146592094097, -0.000900750106666, -0.000914874312002, 0.00328911375254, -0.00163599580992, -0.00562629848719, 0.0184057299048]]
    },
    "spectral_contrast_coeffs": {
        "mean": [-0.715982437134, -0.761932134628, -0.765520513058, -0.780525922775, -0.79305356741, -0.738161385059],
        "stdev": [0.0755118057132, 0.0635743066669, 0.0701387822628, 0.0500874593854, 0.0398741438985, 0.0534435063601]
    },
    "spectral_contrast_valleys": {
        "mean": [-6.80497932434, -6.75383853912, -7.37251567841, -7.21949386597, -7.28585863113, -10.4290628433],
        "stdev": [1.79554903507, 1.61448895931, 1.55356764793, 1.63632965088, 1.6461212635, 1.7519993782]
    }
},
"rhythm": {
    "beats_count": 392,
    "beats_loudness": {
        "mean": 0.0381999909878,
        "stdev": 0.0220649801195
    },
    "bpm": 88.9872055054,
    "bpm_histogram_first_peak_bpm": 89,
    "bpm_histogram_first_peak_weight": 0.0617977976799,
    "bpm_histogram_second_peak_bpm": 117,
    "bpm_histogram_second_peak_spread": 0.456790149212,
    "bpm_histogram_second_peak_weight": 0.225063934922,
    "danceability": 1.12881076336,
    "onset_rate": 2.94387531281,
    "beats_loudness_band_ratio": {
        "mean": [0.408395111561, 0.168073639274, 0.124807037413, 0.130494326353, 0.13265030086, 0.0754996687174],
        "stdev": [0.272702753544, 0.162537336349, 0.113537713885, 0.128863468766, 0.109572000802, 0.121701151133]
    },
    "beats_position": [0.719818592072, 1.43963718414, 2.13623571396, 2.82122445107, 3.49460315704, 4.1679816246, 4.841360569, 5.52634906769, 6.21133756638, 6.8963265419, 7.55809497833, 8.2198638916, 8.893242836, 9.56662082672, 10.2399997711, 10.9133787155, 11.5867567062, 12.2601356506, 12.933514595, 13.6068935394, 14.2802715302, 14.9536504745, 15.6270294189, 16.3004074097, 16.9853973389, 17.6819953918, 18.3553733826, 19.0171432495, 19.6905212402, 20.363899231, 21.0256690979, 21.6990470886, 22.3724250793, 23.0574150085, 23.7307929993, 24.40417099, 25.0775508881, 25.7509288788, 26.4243087769, 27.0976867676, 27.7594547272, 28.4328346252, 29.0946025848, 29.7679805756, 30.4413604736, 31.1147384644, 31.7997264862, 32.4731063843, 33.146484375, 33.8314743042, 34.5048522949, 35.1782302856, 35.8516082764, 36.5249862671, 37.1983680725, 37.8717460632, 38.545124054, 39.2185020447, 39.8918800354, 40.5652618408, 41.2386398315, 41.9120178223, 42.585395813, 43.2587738037, 43.9321517944, 44.6055335999, 45.2789115906, 45.9522895813, 46.625667572, 47.2990455627, 47.9724235535, 48.6458053589, 49.3191833496, 49.9925613403, 50.6659393311, 51.3393173218, 52.0126991272, 52.6976852417, 53.3826751709, 54.0560531616, 54.7294311523, 55.4028091431, 56.0761909485, 56.7495689392, 57.4229469299, 58.0963249207, 58.7697029114, 59.4430847168, 60.1164627075, 60.7898406982, 61.463218689, 62.1365966797, 62.8099746704, 63.4833564758, 64.1567306519, 64.8301086426, 65.5034942627, 66.1768722534, 66.8502502441, 67.5236282349, 68.1970062256, 68.8703842163, 69.543762207, 70.2171401978, 70.8905181885, 71.5638961792, 72.2372741699, 72.91065979, 73.5840377808, 74.2690200806, 74.9307937622, 75.6041717529, 76.2891616821, 76.9741516113, 77.6475296021, 78.3209075928, 78.9942855835, 79.6676635742, 80.3410415649, 81.0144195557, 81.6877975464, 82.3611755371, 83.0345535278, 83.7079315186, 84.3813171387, 85.0546951294, 85.7280731201, 86.4014511108, 87.0748291016, 87.7482070923, 88.421585083, 89.0949630737, 89.7683410645, 90.4417190552, 91.1150970459, 91.788482666, 92.4618606567, 93.1468429565, 93.8086166382, 94.4819946289, 95.1553726196, 95.8403625488, 96.525352478, 97.1987304688, 97.8721084595, 98.5454864502, 99.2188644409, 99.8922424316, 100.565620422, 101.238998413, 101.912376404, 102.585754395, 103.259140015, 103.932518005, 104.605895996, 105.279273987, 105.952651978, 106.626029968, 107.299407959, 107.97278595, 108.64616394, 109.319541931, 109.992919922, 110.666305542, 111.339683533, 112.013061523, 112.686439514, 113.371429443, 114.044807434, 114.718185425, 115.379951477, 116.053329468, 116.726707458, 117.411697388, 118.085075378, 118.770065308, 119.443443298, 120.116821289, 120.79019928, 121.463577271, 121.962806702, 122.473648071, 122.972877502, 123.472106934, 123.971336365, 124.482177734, 124.981407166, 125.492240906, 125.991470337, 126.502311707, 127.013153076, 127.523986816, 128.023223877, 128.522445679, 129.033279419, 129.544128418, 130.054962158, 130.565795898, 131.065032959, 131.564254761, 132.07510376, 132.5859375, 133.085174561, 133.584396362, 134.083618164, 134.582855225, 135.093688965, 135.604537964, 136.103759766, 136.602996826, 137.113830566, 137.624664307, 138.135513306, 138.634735107, 139.133972168, 139.644805908, 140.14402771, 140.643264771, 141.154098511, 141.66494751, 142.17578125, 142.68661499, 143.185852051, 143.696685791, 144.195922852, 144.706756592, 145.217590332, 145.716827393, 146.216049194, 146.715286255, 147.214508057, 147.725341797, 148.236190796, 148.747024536, 149.257858276, 149.768707275, 150.279541016, 150.778778076, 151.277999878, 151.788833618, 152.299682617, 152.798904419, 153.298141479, 153.80897522, 154.30821228, 154.807434082, 155.318267822, 155.829116821, 156.339950562, 156.850784302, 157.361633301, 157.884078979, 158.406524658, 158.940582275, 159.463043213, 159.985488892, 160.50793457, 161.030380249, 161.541213989, 162.052062988, 162.562896729, 163.062133789, 163.561355591, 164.072189331, 164.58303833, 165.09387207, 165.604721069, 166.103942871, 166.603164673, 167.114013672, 167.624847412, 168.135681152, 168.646530151, 169.157363892, 169.668212891, 170.167434692, 170.666656494, 171.165893555, 171.665115356, 172.175964355, 172.675186157, 173.174423218, 173.685256958, 174.196090698, 174.706939697, 175.206161499, 175.70539856, 176.2162323, 176.715454102, 177.226303101, 177.725524902, 178.236373901, 178.747207642, 179.246429443, 179.745666504, 180.256500244, 180.767349243, 181.266571045, 181.765808105, 182.276641846, 182.787475586, 183.298324585, 183.797546387, 184.308380127, 184.819229126, 185.318450928, 185.829299927, 186.328521729, 186.827758789, 187.338592529, 187.84942627, 188.371871948, 188.905944824, 189.440002441, 189.974060059, 190.508117676, 191.030563354, 191.541397095, 192.052246094, 192.563079834, 193.073913574, 193.573150635, 194.072372437, 194.583221436, 195.082443237, 195.593276978, 196.092514038, 196.603347778, 197.114196777, 197.625030518, 198.124252319, 198.62348938, 199.13432312, 199.645172119, 200.156005859, 200.678451538, 201.212509155, 201.746566772, 202.28062439, 202.814697266, 203.337142944, 203.847976685, 204.358810425, 204.869659424, 205.392105103, 205.902938843, 206.42539978, 206.936233521, 207.447067261, 207.946304321, 208.433914185, 208.933151245, 209.420761108, 209.815505981, 210.210250854, 210.616592407, 211.022949219, 211.44090271, 211.858856201, 212.276824951, 212.648345947, 213.019866943, 213.391372681, 213.762893677, 214.134414673, 214.505935669, 214.889068604, 215.272201538, 215.643707275, 216.015228271, 216.386749268, 216.769882202, 217.153015137, 217.536148071, 217.907653809, 218.279174805, 218.662307739, 219.033828735, 219.405349731, 219.788482666, 220.171600342, 220.554733276, 220.937866211, 221.320999146, 221.669296265, 222.017593384, 222.365890503, 222.702575684, 223.050872803, 223.387573242, 223.735870361, 224.072555542],
    "bpm_histogram": [0, 0, 0, 0, 0, 0, 0, 0, 0, 0, 0, 0, 0, 0, 0, 0, 0, 0, 0, 0, 0, 0, 0, 0, 0, 0, 0, 0, 0, 0, 0, 0, 0, 0, 0, 0, 0, 0, 0, 0, 0, 0, 0, 0, 0, 0, 0, 0, 0, 0, 0, 0, 0, 0, 0, 0, 0, 0, 0, 0, 0, 0, 0, 0, 0, 0, 0, 0, 0, 0, 0, 0, 0, 0, 0, 0, 0, 0, 0, 0, 0, 0, 0, 0.00255754473619, 0, 0, 0.00511508947238, 0, 0.0485933497548, 0.378516614437, 0, 0.0230179019272, 0, 0, 0, 0, 0, 0, 0, 0, 0, 0, 0, 0, 0, 0, 0, 0, 0, 0, 0, 0, 0.0230179019272, 0, 0, 0.0306905377656, 0, 0.225063934922, 0, 0, 0.158567771316, 0, 0, 0.00511508947238, 0, 0, 0, 0, 0, 0, 0, 0, 0, 0, 0, 0, 0, 0, 0, 0, 0, 0, 0, 0, 0.00767263444141, 0, 0, 0, 0.00511508947238, 0, 0, 0, 0.00511508947238, 0, 0, 0, 0, 0.0281329918653, 0, 0, 0, 0.0255754478276, 0.00767263444141, 0, 0, 0, 0, 0, 0, 0, 0, 0, 0.0127877239138, 0, 0, 0, 0, 0, 0.00767263444141, 0, 0, 0, 0, 0, 0, 0, 0, 0, 0, 0, 0, 0, 0, 0, 0, 0, 0, 0, 0, 0, 0, 0, 0, 0, 0, 0, 0, 0, 0, 0, 0, 0, 0, 0, 0, 0, 0, 0, 0, 0, 0, 0, 0, 0, 0, 0, 0, 0, 0, 0, 0, 0, 0, 0, 0, 0, 0, 0, 0, 0, 0, 0, 0, 0, 0, 0, 0, 0, 0, 0]
},
"tonal": {
    "chords_changes_rate": 0.0507949627936,
    "chords_number_rate": 0.00206483574584,
    "chords_strength": {
        "mean": 0.516659736633,
        "stdev": 0.181503549218
    },
    "hpcp_crest": {
        "mean": 12.7057056427,
        "stdev": 6.06301450729
    },
    "hpcp_entropy": {
        "mean": 2.05231356621,
        "stdev": 0.741654932499
    },
    "key_edma": {
        "strength": 0.884690284729,
        "key": "C#",
        "scale": "major"
    },
    "key_krumhansl": {
        "strength": 0.883665144444,
        "key": "C#",
        "scale": "major"
    },
    "key_temperley": {
        "strength": 0.879152834415,
        "key": "C#",
        "scale": "major"
    },
    "tuning_diatonic_strength": 0.710243761539,
    "tuning_equal_tempered_deviation": 0.265870660543,
    "tuning_frequency": 434.193115234,
    "tuning_nontempered_energy_ratio": 0.971005678177,
    "hpcp": {
        "mean": [0.119868293405, 0.078084975481, 0.0761160105467, 0.134632647038, 0.146128177643, 0.0998493656516, 0.0819578543305, 0.06929179281, 0.082558080554, 0.129514604807, 0.131912216544, 0.119591161609, 0.270943492651, 0.305413424969, 0.13089171052, 0.0575384311378, 0.0574449449778, 0.0717457458377, 0.181447923183, 0.219096809626, 0.112764246762, 0.0631707161665, 0.0608443431556, 0.078006118536, 0.146180048585, 0.161538332701, 0.119336083531, 0.147231459618, 0.1623814255, 0.11558111757, 0.0867446139455, 0.0792763531208, 0.0979637801647, 0.324371725321, 0.457772195339, 0.269321739674],
        "stdev": [0.223294571042, 0.173642545938, 0.168407708406, 0.240472614765, 0.260990470648, 0.198262482882, 0.177307933569, 0.161936059594, 0.179855674505, 0.218359485269, 0.21398165822, 0.193720176816, 0.283806949854, 0.30730637908, 0.174620822072, 0.129588365555, 0.131226092577, 0.142217606306, 0.214348688722, 0.245898500085, 0.159110918641, 0.140955075622, 0.144228368998, 0.165721908212, 0.219719812274, 0.241819664836, 0.19627904892, 0.25205206871, 0.294800162315, 0.219251468778, 0.169981643558, 0.169243574142, 0.183928072453, 0.300847530365, 0.388122946024, 0.283350169659]
    },
    "chords_histogram": [55.151763916, 1.25954985619, 17.7369403839, 0, 0, 0, 0, 0, 2.41585803032, 0, 0, 0, 0, 0, 0, 2.35391283035, 1.05306625366, 1.92029738426, 0, 0.536857306957, 0.351022094488, 1.44538509846, 10.0557508469, 5.71959543228],
    "thpcp": [1, 0.588331341743, 0.261851400137, 0.170576050878, 0.166274860501, 0.294104039669, 0.319215923548, 0.218120202422, 0.179036334157, 0.151367411017, 0.180347517133, 0.282923698425, 0.288161277771, 0.261246025562, 0.591874063015, 0.66717338562, 0.285931974649, 0.125692278147, 0.125488057733, 0.156728059053, 0.396371662617, 0.478615373373, 0.246332675219, 0.137995958328, 0.132914021611, 0.170403793454, 0.319329231977, 0.352879315615, 0.260688811541, 0.321626037359, 0.354721039534, 0.252486109734, 0.189492970705, 0.173178613186, 0.21400116384, 0.708587646484],
    "chords_key": "C#",
    "chords_scale": "major"
}
}