{
"metadata": {
    "version": {
        "essentia": "2.1-dev",
        "essentia_git_sha": "v2.1_beta3-415-gd5473f3",
        "extractor": "music 2.0"
    },
    "audio_properties": {
        "analysis": {
            "equal_loudness": 0,
            "length": 195.369796753,
            "sample_rate": 44100,
            "start_time": 0,
            "downmix": "mix"
        },
        "bit_rate": 192000,
        "length": 195.369796753,
        "lossless": 0,
        "number_channels": 2,
        "replay_gain": -8.45502281189,
        "sample_rate": 44100,
        "codec": "mp3",
        "md5_encoded": "ecf8c0db54d24715e1af1ba86b0f3d0f"
    },
    "tags": {
        "file_name": "paw-jessie.mp3"
    }
},
"lowlevel": {
    "average_loudness": 0.898851752281,
    "barkbands_crest": {
        "mean": 7.89228105545,
        "stdev": 3.4241502285
    },
    "barkbands_flatness_db": {
        "mean": 0.108415648341,
        "stdev": 0.0413902774453
    },
    "barkbands_kurtosis": {
        "mean": 2.03697967529,
        "stdev": 7.21653699875
    },
    "barkbands_skewness": {
        "mean": 1.11683666706,
        "stdev": 1.10155534744
    },
    "barkbands_spread": {
        "mean": 27.2278060913,
        "stdev": 12.3290319443
    },
    "dissonance": {
        "mean": 0.479009717703,
        "stdev": 0.0160035211593
    },
    "dynamic_complexity": 2.02588844299,
    "erbbands_crest": {
        "mean": 7.67143726349,
        "stdev": 3.74089074135
    },
    "erbbands_flatness_db": {
        "mean": 0.14996021986,
        "stdev": 0.0364492721856
    },
    "erbbands_kurtosis": {
        "mean": -0.257470399141,
        "stdev": 1.19371974468
    },
    "erbbands_skewness": {
        "mean": 0.167019784451,
        "stdev": 0.597077727318
    },
    "erbbands_spread": {
        "mean": 41.7797241211,
        "stdev": 17.2711219788
    },
    "hfc": {
        "mean": 25.7710781097,
        "stdev": 19.7845592499
    },
    "loudness_ebu128": {
        "integrated": -14.306930542,
        "loudness_range": 4.07806110382,
        "momentary": {
            "mean": -16.804807663,
            "stdev": 23.8156166077
        },
        "short_term": {
            "mean": -14.6081819534,
            "stdev": 1.80971980095
        }
    },
    "melbands_crest": {
        "mean": 11.4478120804,
        "stdev": 4.51361274719
    },
    "melbands_flatness_db": {
        "mean": 0.154074087739,
        "stdev": 0.0583011880517
    },
    "melbands_kurtosis": {
        "mean": 10.9466962814,
        "stdev": 30.9704551697
    },
    "melbands_skewness": {
        "mean": 2.26586961746,
        "stdev": 1.87295401096
    },
    "melbands_spread": {
        "mean": 32.2086639404,
        "stdev": 20.8948116302
    },
    "pitch_salience": {
        "mean": 0.608269870281,
        "stdev": 0.102126590908
    },
    "silence_rate_20dB": {
        "mean": 1,
        "stdev": 0
    },
    "silence_rate_30dB": {
        "mean": 1,
        "stdev": 0
    },
    "silence_rate_60dB": {
        "mean": 0.0289958398789,
        "stdev": 0.167790606618
    },
    "spectral_centroid": {
        "mean": 1850.21704102,
        "stdev": 1051.90124512
    },
    "spectral_complexity": {
        "mean": 28.120262146,
        "stdev": 11.1640787125
    },
    "spectral_decrease": {
        "mean": -6.39615516107e-09,
        "stdev": 3.96371824252e-09
    },
    "spectral_energy": {
        "mean": 0.0264781191945,
        "stdev": 0.0157276056707
    },
    "spectral_energyband_high": {
        "mean": 0.00112858461216,
        "stdev": 0.00174108555075
    },
    "spectral_energyband_low": {
        "mean": 0.00768264988437,
        "stdev": 0.0116326250136
    },
    "spectral_energyband_middle_high": {
        "mean": 0.00778325973079,
        "stdev": 0.00707474816591
    },
    "spectral_energyband_middle_low": {
        "mean": 0.0114333517849,
        "stdev": 0.00730824377388
    },
    "spectral_entropy": {
        "mean": 7.85122108459,
        "stdev": 0.350436031818
    },
    "spectral_flux": {
        "mean": 0.0904655084014,
        "stdev": 0.0449267737567
    },
    "spectral_kurtosis": {
        "mean": 2.86033296585,
        "stdev": 1.75201797485
    },
    "spectral_rms": {
        "mean": 0.0048592123203,
        "stdev": 0.00149009271991
    },
    "spectral_rolloff": {
        "mean": 2079.51025391,
        "stdev": 2227.03417969
    },
    "spectral_skewness": {
        "mean": 1.12840557098,
        "stdev": 0.286834299564
    },
    "spectral_spread": {
        "mean": 4646174.5,
        "stdev": 3760353
    },
    "spectral_strongpeak": {
        "mean": 1.10458159447,
        "stdev": 1.29031193256
    },
    "zerocrossingrate": {
        "mean": 0.0775084272027,
        "stdev": 0.0546784438193
    },
    "barkbands": {
        "mean": [6.5849191742e-05, 0.00326220551506, 0.00308748870157, 0.00233261473477, 0.00237827957608, 0.00125220115297, 0.00126964913215, 0.000733630091418, 0.00297846319154, 0.00181101029739, 0.000885175250005, 0.000991485081613, 0.000785595155321, 0.000523923255969, 0.000557746272534, 0.000447863218142, 0.000577389029786, 0.000401844386943, 0.000787205179222, 0.000382216530852, 0.000314210628858, 0.000206408934901, 0.000155901303515, 0.000179934548214, 9.01448511286e-05, 1.92035531654e-05, 4.51994878858e-07],
        "stdev": [0.000104384183942, 0.00557240331545, 0.00587887410074, 0.00316543923691, 0.00218972261064, 0.00182230572682, 0.00202157581225, 0.0013857067097, 0.00391340162605, 0.00293831690215, 0.00187183369417, 0.00173423870001, 0.00158220529556, 0.000927356944885, 0.00104909483343, 0.000688475964125, 0.000885128276423, 0.000414496840676, 0.000635171483736, 0.000282945664367, 0.000235064173467, 0.000211273814784, 0.000373587186914, 0.00084723776672, 0.000392361631384, 7.9550947703e-05, 1.74887418325e-06]
    },
    "erbbands": {
        "mean": [0.062805980444, 0.857009768486, 3.13787841797, 6.45545578003, 8.08744430542, 7.50735235214, 8.36089134216, 10.8333692551, 19.6477832794, 13.1853351593, 23.5498847961, 76.8266677856, 49.0115661621, 54.7137451172, 40.6303787231, 42.7737388611, 37.8694610596, 29.9337387085, 33.8159713745, 20.4872436523, 28.0561485291, 31.2042636871, 24.3972492218, 25.5837650299, 42.0481796265, 19.746137619, 12.7903614044, 11.1875715256, 7.11839914322, 7.12801027298, 4.01628923416, 3.92885065079, 2.71785449982, 1.27496933937, 0.503868818283, 0.143560782075, 0.0253829415888, 0.00277684559114, 8.55665348354e-05, 3.69729241356e-05],
        "stdev": [0.0958725363016, 1.53446948528, 6.03849029541, 9.35050582886, 8.6962223053, 7.43558120728, 11.1753387451, 17.1532115936, 30.2989082336, 21.724729538, 35.6267051697, 104.175682068, 61.0518455505, 101.489768982, 70.4140548706, 71.6233673096, 70.1613540649, 50.1727333069, 61.7022666931, 29.6666030884, 41.2135429382, 44.5455627441, 25.6452598572, 23.5227069855, 33.45337677, 14.5118026733, 9.24735355377, 8.98443889618, 7.221991539, 9.15568256378, 11.5076131821, 17.0927429199, 13.8339071274, 6.03183078766, 2.12170648575, 0.621040701866, 0.108889520168, 0.0105123575777, 0.000259074528003, 2.63611582341e-05]
    },
    "gfcc": {
        "mean": [15.4117422104, 91.0420074463, -133.911407471, 44.4586410522, -64.7531890869, 13.7622451782, -28.6958312988, 11.4868068695, -29.5558128357, -2.47229170799, -20.1368503571, -4.69678640366, -11.7430334091],
        "cov": [[16709.3496094, 599.574645996, -1948.4954834, 227.53956604, -1016.6973877, 453.197814941, -432.955566406, 282.58203125, -474.491424561, -66.4770278931, -286.84979248, -16.6166992188, -212.041625977], [599.574645996, 1061.02563477, -434.671356201, 47.1401748657, 110.010665894, -299.455047607, 150.975463867, -136.299301147, 86.4745559692, -50.622959137, 43.8145904541, -90.416595459, 76.1166992188], [-1948.4954834, -434.671356201, 817.469726562, 114.631340027, 122.538917542, 103.649848938, -14.8034286499, 55.9597434998, 22.4694919586, 68.3207702637, 3.14120841026, 63.5975532532, -32.9547538757], [227.53956604, 47.1401748657, 114.631340027, 255.248626709, 65.0370788574, 13.3329219818, 7.60621547699, -7.47188186646, 19.1720676422, 19.4195747375, -9.47551441193, -0.401138991117, 5.52369737625], [-1016.6973877, 110.010665894, 122.538917542, 65.0370788574, 248.480010986, -18.228761673, 81.1004257202, -28.1953525543, 57.6024780273, 21.2463665009, 3.57460141182, -5.15987825394, 26.9402751923], [453.197814941, -299.455047607, 103.649848938, 13.3329219818, -18.228761673, 257.177398682, -3.63167262077, 93.2476882935, -37.3885116577, -7.02459859848, -2.09006881714, 29.6400299072, -22.9261054993], [-432.955566406, 150.975463867, -14.8034286499, 7.60621547699, 81.1004257202, -3.63167262077, 134.278747559, 16.094745636, 39.1907119751, -10.7640419006, 18.5051841736, -5.12636566162, 20.7756652832], [282.58203125, -136.299301147, 55.9597434998, -7.47188186646, -28.1953525543, 93.2476882935, 16.094745636, 106.951347351, 0.759071350098, 12.6413946152, -3.66499662399, 14.6824550629, -15.1293945312], [-474.491424561, 86.4745559692, 22.4694919586, 19.1720676422, 57.6024780273, -37.3885116577, 39.1907119751, 0.759071350098, 84.193107605, 26.9870357513, 20.4549827576, -17.9260349274, 17.8210964203], [-66.4770278931, -50.622959137, 68.3207702637, 19.4195747375, 21.2463665009, -7.02459859848, -10.7640419006, 12.6413946152, 26.9870357513, 82.0360794067, 13.2306365967, 14.5689926147, -10.6134214401], [-286.84979248, 43.8145904541, 3.14120841026, -9.47551441193, 3.57460141182, -2.09006881714, 18.5051841736, -3.66499662399, 20.4549827576, 13.2306365967, 73.6039047241, 14.5309200287, 12.3149909973], [-16.6166992188, -90.416595459, 63.5975532532, -0.401138991117, -5.15987825394, 29.6400299072, -5.12636566162, 14.6824550629, -17.9260349274, 14.5689926147, 14.5309200287, 72.7160873413, 5.40087461472], [-212.041625977, 76.1166992188, -32.9547538757, 5.52369737625, 26.9402751923, -22.9261054993, 20.7756652832, -15.1293945312, 17.8210964203, -10.6134214401, 12.3149909973, 5.40087461472, 55.266582489]],
        "icov": [[0.000477497436805, -0.0012099990854, 0.000969625543803, -0.000873090757523, 0.00110737397335, -0.00161942571867, 0.0016063899966, -0.00142629363108, 0.00125274958555, -0.00135503313504, 0.00177075027023, -0.000955621653702, 0.000992671819404], [-0.0012099990854, 0.00597108155489, -0.00127579947002, 0.00112615921535, -0.00335033866577, 0.0065706926398, -0.0063958321698, 0.00426075980067, -0.00323920487426, 0.00442401133478, -0.00605211267248, 0.0037854895927, -0.00293715926819], [0.000969625543803, -0.00127579947002, 0.00422808201984, -0.00272203236818, 0.000868415634613, -0.00258880946785, 0.0032404253725, -0.00335714407265, 0.00186187308282, -0.00253253639676, 0.00288690184243, -0.002901928965, 0.00318968086503], [-0.000873090757523, 0.00112615921535, -0.00272203236818, 0.00651677325368, -0.00243299314752, 0.00143436167855, -0.00207632035017, 0.00329701625742, -0.00274924002588, 0.00126072578132, -0.00165947910864, 0.00162543938495, -0.00237160152756], [0.00110737397335, -0.00335033866577, 0.000868415634613, -0.00243299314752, 0.0103476885706, -0.00547601096332, -0.000536707055289, 0.000981183256954, 0.000309199385811, -0.0054503143765, 0.00674913730472, -0.00216104346327, 0.000339532998623], [-0.00161942571867, 0.0065706926398, -0.00258880946785, 0.00143436167855, -0.00547601096332, 0.014602644369, -0.00642645824701, -0.00117765343748, -0.00105396681465, 0.00733657367527, -0.00900460779667, 0.00378958904184, -0.00274459389038], [0.0016063899966, -0.0063958321698, 0.0032404253725, -0.00207632035017, -0.000536707055289, -0.00642645824701, 0.0200733076781, -0.0103867575526, 0.000839403946884, -0.000632788403891, 0.00424925982952, -0.00511114066467, 0.00347861507908], [-0.00142629363108, 0.00426075980067, -0.00335714407265, 0.00329701625742, 0.000981183256954, -0.00117765343748, -0.0103867575526, 0.0228786263615, -0.00798808410764, 0.000706509512383, -0.00180677138269, 0.00148603215348, -0.00150209339336], [0.00125274958555, -0.00323920487426, 0.00186187308282, -0.00274924002588, 0.000309199385811, -0.00105396681465, 0.000839403946884, -0.00798808410764, 0.0271567739546, -0.0111551946029, -0.000365134357708, 0.00602686218917, -0.00384433264844], [-0.00135503313504, 0.00442401133478, -0.00253253639676, 0.00126072578132, -0.0054503143765, 0.00733657367527, -0.000632788403891, 0.000706509512383, -0.0111551946029, 0.0232848096639, -0.00818608142436, -0.00217647058889, 0.00330897630192], [0.00177075027023, -0.00605211267248, 0.00288690184243, -0.00165947910864, 0.00674913730472, -0.00900460779667, 0.00424925982952, -0.00180677138269, -0.000365134357708, -0.00818608142436, 0.0249583180994, -0.00840498507023, 0.00170482834801], [-0.000955621653702, 0.0037854895927, -0.002901928965, 0.00162543938495, -0.00216104346327, 0.00378958904184, -0.00511114066467, 0.00148603215348, 0.00602686218917, -0.00217647058889, -0.00840498507023, 0.0226636659354, -0.00852256361395], [0.000992671819404, -0.00293715926819, 0.00318968086503, -0.00237160152756, 0.000339532998623, -0.00274459389038, 0.00347861507908, -0.00150209339336, -0.00384433264844, 0.00330897630192, 0.00170482834801, -0.00852256361395, 0.0273920986801]]
    },
    "melbands": {
        "mean": [0.000753145897761, 0.00152644014452, 0.00118395278696, 0.000572681892663, 0.000296236743452, 0.000246474082815, 0.000291639618808, 0.000137006965815, 0.000228828881518, 0.000484734395286, 0.000238470631302, 0.000228619566769, 0.00012473683455, 0.00011140924471, 0.000108274201921, 6.84602709953e-05, 5.44595714018e-05, 5.38345047971e-05, 3.26737535943e-05, 3.05224675685e-05, 3.3082185837e-05, 3.51590861101e-05, 2.43631238845e-05, 1.8348418962e-05, 1.94814710994e-05, 3.36508601322e-05, 2.14997253352e-05, 1.11842409751e-05, 7.08716424924e-06, 8.74167290021e-06, 5.41271538168e-06, 3.7404233808e-06, 4.26134192821e-06, 3.70052043763e-06, 2.16977400669e-06, 2.27830037147e-06, 2.47897287409e-06, 2.03280160349e-06, 1.47858554556e-06, 9.28933218347e-07],
        "stdev": [0.00120979140047, 0.00276445830241, 0.00154838257004, 0.000548212847207, 0.000346430402715, 0.000380118901376, 0.000451992207672, 0.000236502542975, 0.000341418897733, 0.000667018059175, 0.000313461583573, 0.000436684116721, 0.000237787986407, 0.000174998072907, 0.000213058796362, 0.000145541445818, 9.96002054308e-05, 9.67977612163e-05, 5.33666097908e-05, 5.05270072608e-05, 5.0590839237e-05, 5.36750958418e-05, 3.10245486617e-05, 1.87405476026e-05, 1.98783145606e-05, 2.87544753519e-05, 1.5845096641e-05, 9.05414162844e-06, 5.56377563043e-06, 6.54933728583e-06, 4.88800105813e-06, 3.98983502237e-06, 4.76818649986e-06, 5.42959924132e-06, 6.16166789769e-06, 8.67681865202e-06, 1.18030893645e-05, 1.09647926365e-05, 7.53775157136e-06, 4.45101613877e-06]
    },
    "melbands128": {
        "mean": [6.24927051831e-05, 0.000348970090272, 0.00104366801679, 0.00152317993343, 0.00154086353723, 0.00156167312525, 0.00135392369702, 0.00110608246177, 0.000797696935479, 0.000620226026513, 0.000401345430873, 0.000306468689814, 0.00028980357456, 0.000257210398559, 0.000242026537308, 0.0002266416559, 0.000286049966235, 0.000366989028407, 0.000223539551371, 0.000110989632958, 0.000128914514789, 0.000126651473693, 0.00019828263612, 0.000334880634909, 0.000581905187573, 0.000588230439462, 0.000182544361451, 0.000225892770686, 0.000191751707462, 0.000345221022144, 0.000193860847503, 0.000104446808109, 0.000107978055894, 0.00017239691806, 9.90564294625e-05, 9.00245577213e-05, 0.000139978219522, 0.000101024081232, 0.000111971261504, 7.2397851909e-05, 6.44917381578e-05, 5.30465513293e-05, 4.73051441077e-05, 6.99542433722e-05, 3.36519478878e-05, 5.40632063348e-05, 7.78641842771e-05, 2.38657939917e-05, 2.04301122722e-05, 2.33542414207e-05, 3.11448893626e-05, 4.15743161284e-05, 2.71963581326e-05, 2.97877231787e-05, 4.53451684734e-05, 3.58815996151e-05, 2.80263247987e-05, 2.29752386076e-05, 2.47181396844e-05, 2.42228925345e-05, 1.81508803507e-05, 1.26643581098e-05, 1.73121225089e-05, 2.12055092561e-05, 2.34020826611e-05, 3.44736181432e-05, 4.24113859481e-05, 2.78889092442e-05, 1.45883504956e-05, 1.52802986122e-05, 1.31448787215e-05, 7.94478546595e-06, 6.48972809358e-06, 6.70916369927e-06, 7.94486822997e-06, 9.11567440198e-06, 9.41615144257e-06, 7.46633986637e-06, 4.65360881208e-06, 3.52933534487e-06, 3.51398489329e-06, 3.81775271308e-06, 4.25540611104e-06, 3.88659691453e-06, 4.77352205053e-06, 4.76871764477e-06, 2.99949010696e-06, 2.22381322601e-06, 2.13678436012e-06, 2.08539859159e-06, 2.17257684199e-06, 2.38619873016e-06, 2.38902566707e-06, 2.5398762773e-06, 2.46343211074e-06, 2.37052222474e-06, 1.83091378858e-06, 1.74877118297e-06, 1.57221018071e-06, 1.33229082167e-06, 1.09048664854e-06, 8.79874392012e-07, 6.96841141234e-07, 6.29077533176e-07, 5.88539478485e-07, 4.88935143039e-07, 4.24925644893e-07, 2.95738402656e-07, 2.27756714821e-07, 1.64110602441e-07, 1.18393330695e-07, 9.02079690945e-08, 6.92470436547e-08, 4.98973484753e-08, 3.52527820269e-08, 2.67807482857e-08, 1.76763261805e-08, 1.79637915654e-09, 3.82729091475e-12, 3.70096184601e-12, 3.60506958487e-12, 3.52399576534e-12, 3.44567495196e-12, 3.3789217084e-12, 3.33080459915e-12, 3.29468505429e-12, 3.26630367718e-12, 3.24377157079e-12],
        "stdev": [9.92513596429e-05, 0.000573997036554, 0.00179672753438, 0.00293988687918, 0.00319472700357, 0.00285133975558, 0.00211561960168, 0.00145893136505, 0.00100122275762, 0.000769017788116, 0.000517522625159, 0.000407568499213, 0.000494302075822, 0.000479711103253, 0.000491064100061, 0.000424961093813, 0.000594713375904, 0.000705862883478, 0.000486468867166, 0.000263708876446, 0.000361206621164, 0.000265630311333, 0.00047133496264, 0.000659262819681, 0.0009579223115, 0.00110224552918, 0.000285224989057, 0.00044729092042, 0.000399895012379, 0.000794815889094, 0.000511260644998, 0.000386883039027, 0.000278085382888, 0.000417211616877, 0.000267768016784, 0.000182157586096, 0.000323963584378, 0.00032426265534, 0.000304807501379, 0.0002079752594, 0.000220437388634, 0.000160914685694, 0.000102320045698, 0.000183988537174, 7.77934692451e-05, 0.000126403261675, 0.000200717739062, 4.56691232102e-05, 4.44627694378e-05, 5.51576631551e-05, 6.24838285148e-05, 9.04391054064e-05, 5.43323621969e-05, 5.28094788024e-05, 9.50010798988e-05, 6.4983847551e-05, 5.6553963077e-05, 3.75378949684e-05, 3.72401991626e-05, 3.28014066326e-05, 2.32032361964e-05, 1.88658414118e-05, 2.38261254708e-05, 2.65383769147e-05, 2.65082962869e-05, 3.53785144398e-05, 4.48522987426e-05, 2.64777954726e-05, 1.35791042339e-05, 1.40696365634e-05, 1.31462556965e-05, 8.19566776045e-06, 6.53077449897e-06, 6.23839923719e-06, 7.08981679054e-06, 7.99925783213e-06, 8.36207982502e-06, 7.17927605365e-06, 5.45493958271e-06, 4.31502485299e-06, 4.38695224148e-06, 4.71054454465e-06, 5.16097043146e-06, 5.10698737344e-06, 5.86498845223e-06, 6.0223469518e-06, 5.8717319007e-06, 6.02495811108e-06, 6.47723618385e-06, 7.4533568295e-06, 8.17303043732e-06, 9.72096768237e-06, 1.11628796731e-05, 1.21856364785e-05, 1.33652874865e-05, 1.41262653415e-05, 1.06037177829e-05, 9.09036771191e-06, 8.78563423612e-06, 6.98390249454e-06, 5.75348212806e-06, 4.64957292934e-06, 2.83270674117e-06, 2.69121983365e-06, 2.66966549134e-06, 2.43040221903e-06, 2.27980012824e-06, 1.48964682012e-06, 9.36461276524e-07, 6.89081332439e-07, 5.84409747262e-07, 4.33865153582e-07, 3.22502756944e-07, 2.3782348535e-07, 1.28846636471e-07, 1.05758154234e-07, 6.7099811929e-08, 8.58823057115e-09, 5.82557136211e-12, 5.64970899924e-12, 5.50154149667e-12, 5.37117008856e-12, 5.25860865269e-12, 5.16255397806e-12, 5.0839913876e-12, 5.02084701939e-12, 4.97467952248e-12, 4.9465401393e-12]
    },
    "mfcc": {
        "mean": [-609.968322754, 109.59463501, -10.4506511688, 30.0353965759, -8.78521537781, 4.39791440964, 5.55984306335, 7.68538808823, 1.64623117447, 1.35563361645, -0.514173448086, -6.24881458282, -2.61356663704],
        "cov": [[5845.88818359, 363.420654297, -406.792572021, -381.651702881, -213.301513672, -76.1572189331, 52.8926239014, 149.823791504, -72.7124023438, 48.7081756592, -101.182518005, -25.1594638824, -75.7598266602], [363.420654297, 950.753295898, -353.121307373, 267.191986084, -110.033218384, -17.6718444824, -26.9382152557, -52.1336288452, 38.6168518066, -15.530008316, 48.8000488281, -70.4410476685, 25.4926319122], [-406.792572021, -353.121307373, 537.030090332, 0.196968272328, 121.464447021, 34.9822540283, 33.368183136, 37.379119873, -17.0968875885, 19.6129283905, 0.307732880116, 55.9632644653, 2.24443387985], [-381.651702881, 267.191986084, 0.196968272328, 357.210723877, 44.8676528931, 48.7194290161, -26.9357910156, -51.1659126282, 51.7344703674, -21.9985523224, 56.0643501282, -28.1091156006, 30.2634735107], [-213.301513672, -110.033218384, 121.464447021, 44.8676528931, 151.715011597, 65.9710235596, 22.1449966431, 10.1614837646, 18.8558883667, 20.0658378601, 4.57514381409, 12.4972705841, -3.03433895111], [-76.1572189331, -17.6718444824, 34.9822540283, 48.7194290161, 65.9710235596, 107.929908752, 37.6352882385, 26.9823055267, 19.7889480591, 7.66974544525, 10.2680559158, 3.24411725998, 2.90200948715], [52.8926239014, -26.9382152557, 33.368183136, -26.9357910156, 22.1449966431, 37.6352882385, 94.806022644, 65.3175430298, 12.2007293701, 16.7186870575, 2.60137248039, 15.5760946274, -0.986727178097], [149.823791504, -52.1336288452, 37.379119873, -51.1659126282, 10.1614837646, 26.9823055267, 65.3175430298, 109.103317261, 19.3022289276, 16.2379398346, -14.8736524582, 21.649641037, -1.59912252426], [-72.7124023438, 38.6168518066, -17.0968875885, 51.7344703674, 18.8558883667, 19.7889480591, 12.2007293701, 19.3022289276, 75.197555542, 24.8359375, 17.4407424927, -13.3012580872, 2.49474239349], [48.7081756592, -15.530008316, 19.6129283905, -21.9985523224, 20.0658378601, 7.66974544525, 16.7186870575, 16.2379398346, 24.8359375, 77.0364608765, 24.2026557922, 0.937171936035, -11.5271291733], [-101.182518005, 48.8000488281, 0.307732880116, 56.0643501282, 4.57514381409, 10.2680559158, 2.60137248039, -14.8736524582, 17.4407424927, 24.2026557922, 71.0097579956, 15.8357496262, 6.97637796402], [-25.1594638824, -70.4410476685, 55.9632644653, -28.1091156006, 12.4972705841, 3.24411725998, 15.5760946274, 21.649641037, -13.3012580872, 0.937171936035, 15.8357496262, 69.0919647217, 20.6562232971], [-75.7598266602, 25.4926319122, 2.24443387985, 30.2634735107, -3.03433895111, 2.90200948715, -0.986727178097, -1.59912252426, 2.49474239349, -11.5271291733, 6.97637796402, 20.6562232971, 49.0665092468]],
        "icov": [[0.00022061218624, -0.000142736462294, 8.88171416591e-05, 0.000194542109966, 0.000110565284558, -5.37873602298e-05, 0.000102898964542, -0.000340633181622, 0.000239522763877, -0.000210709433304, 0.000186671983101, -5.32782141818e-05, 0.000225930431043], [-0.000142736462294, 0.0022688312456, 0.00113465462346, -0.00205270387232, 0.000989153864793, 0.000453936168924, -0.000714783382136, -9.31479225983e-05, 0.000619232770987, -0.000666259496938, -0.000328985683154, 0.000907422450837, -0.00069132092176], [8.88171416591e-05, 0.00113465462346, 0.00326702487655, -0.00131983635947, -0.00152038282249, 0.000871052208822, -0.000384497485356, -0.00104400154669, 0.00170737714507, -0.00104143610224, 0.000313819007715, -0.00110993464477, 0.000116109993542], [0.000194542109966, -0.00205270387232, -0.00131983635947, 0.00713812327012, -0.00202636257745, -0.00189077155665, 0.0016864555655, 0.001015119371, -0.0032550371252, 0.00399802811444, -0.00432667974383, 0.00272076483816, -0.00234740530141], [0.000110565284558, 0.000989153864793, -0.00152038282249, -0.00202636257745, 0.012868844904, -0.0063327876851, -0.00104983686469, 0.00293416599743, -0.00191906967666, -0.00341189210303, 0.00393959693611, -0.00316824135371, 0.00229072594084], [-5.37873602298e-05, 0.000453936168924, 0.000871052208822, -0.00189077155665, -0.0063327876851, 0.0158778019249, -0.00424266653135, -0.00264491862617, 0.000440206145868, 0.00125008716714, -0.00206787092611, 0.00198374944739, -0.00096458295593], [0.000102898964542, -0.000714783382136, -0.000384497485356, 0.0016864555655, -0.00104983686469, -0.00424266653135, 0.0207050237805, -0.0116552831605, 0.00132540799677, -0.00031838499126, -0.00358959147707, 0.000838039966766, -0.000254430924542], [-0.000340633181622, -9.31479225983e-05, -0.00104400154669, 0.001015119371, 0.00293416599743, -0.00264491862617, -0.0116552831605, 0.021935807541, -0.00771022448316, -0.00146678113379, 0.00786744244397, -0.00742357689887, 0.00181652989704], [0.000239522763877, 0.000619232770987, 0.00170737714507, -0.0032550371252, -0.00191906967666, 0.000440206145868, 0.00132540799677, -0.00771022448316, 0.0221102442592, -0.00615295534953, -0.00361081026495, 0.00658531300724, -0.00322028202936], [-0.000210709433304, -0.000666259496938, -0.00104143610224, 0.00399802811444, -0.00341189210303, 0.00125008716714, -0.00031838499126, -0.00146678113379, -0.00615295534953, 0.0209550205618, -0.00976485107094, 0.00275811576284, 0.00272643426433], [0.000186671983101, -0.000328985683154, 0.000313819007715, -0.00432667974383, 0.00393959693611, -0.00206787092611, -0.00358959147707, 0.00786744244397, -0.00361081026495, -0.00976485107094, 0.0264305919409, -0.0120286401361, 0.00285903527401], [-5.32782141818e-05, 0.000907422450837, -0.00110993464477, 0.00272076483816, -0.00316824135371, 0.00198374944739, 0.000838039966766, -0.00742357689887, 0.00658531300724, 0.00275811576284, -0.0120286401361, 0.0276816952974, -0.0123495776206], [0.000225930431043, -0.00069132092176, 0.000116109993542, -0.00234740530141, 0.00229072594084, -0.00096458295593, -0.000254430924542, 0.00181652989704, -0.00322028202936, 0.00272643426433, 0.00285903527401, -0.0123495776206, 0.0283805727959]]
    },
    "spectral_contrast_coeffs": {
        "mean": [-0.721296608448, -0.773327946663, -0.764602959156, -0.811098694801, -0.796756386757, -0.727535009384],
        "stdev": [0.0616990476847, 0.0690676420927, 0.0607743635774, 0.0462295077741, 0.0343372710049, 0.0465879514813]
    },
    "spectral_contrast_valleys": {
        "mean": [-6.63773488998, -6.59194278717, -7.02443027496, -7.37491941452, -7.03355073929, -10.1469373703],
        "stdev": [2.13310694695, 2.14957284927, 2.1502559185, 2.09299969673, 2.11308979988, 1.95891022682]
    }
},
"rhythm": {
    "beats_count": 493,
    "beats_loudness": {
        "mean": 0.0267946906388,
        "stdev": 0.0102764414623
    },
    "bpm": 153.204910278,
    "bpm_histogram_first_peak_bpm": 152,
    "bpm_histogram_first_peak_weight": 0.108391582966,
    "bpm_histogram_second_peak_bpm": 157,
    "bpm_histogram_second_peak_spread": 0.0961538553238,
    "bpm_histogram_second_peak_weight": 0.286585360765,
    "danceability": 1.15388965607,
    "onset_rate": 2.84055566788,
    "beats_loudness_band_ratio": {
        "mean": [0.35270267725, 0.129976421595, 0.212272301316, 0.164467737079, 0.0847573429346, 0.0952832773328],
        "stdev": [0.219430118799, 0.093052200973, 0.134425237775, 0.128867521882, 0.0639903396368, 0.0681060031056]
    },
    "beats_position": [0.406349211931, 0.824308395386, 1.21904754639, 1.6137868166, 1.99691605568, 2.39165520668, 2.7863945961, 3.1811337471, 3.55265307426, 3.93578219414, 4.31891155243, 4.71365070343, 5.10838985443, 5.50312900543, 5.89786815643, 6.29260778427, 6.68734693527, 7.07047605515, 7.45360517502, 7.84834432602, 8.2198638916, 8.6146030426, 9.0093421936, 9.39247131348, 9.77560043335, 10.1703395844, 10.5650787354, 10.95981884, 11.3429479599, 11.7260770798, 12.1208162308, 12.5039453506, 12.8870744705, 13.2818136215, 13.6765527725, 14.0596818924, 14.4428119659, 14.8375511169, 15.2206802368, 15.6038093567, 15.9985485077, 16.3932876587, 16.7880268097, 17.1711559296, 17.5542850494, 17.9490242004, 18.3437633514, 18.7385025024, 19.1216316223, 19.5047607422, 19.8994998932, 20.2942390442, 20.6773700714, 21.0604991913, 21.4552383423, 21.8383674622, 22.221496582, 22.6046257019, 22.9993648529, 23.3824939728, 23.7772331238, 24.1719722748, 24.5667114258, 24.9614505768, 25.3445796967, 25.7277088165, 26.1108379364, 26.4939670563, 26.8770961761, 27.2718353271, 27.6549663544, 28.0497055054, 28.4328346252, 28.8159637451, 29.2107028961, 29.6054420471, 30.0001811981, 30.383310318, 30.7664394379, 31.1611785889, 31.5443077087, 31.9274368286, 32.3105659485, 32.6936950684, 33.0884361267, 33.4831733704, 33.8663024902, 34.2494316101, 34.63256073, 35.0156898499, 35.4104309082, 35.7935600281, 36.1766891479, 36.5714263916, 36.96616745, 37.3609046936, 37.755645752, 38.1503829956, 38.545124054, 38.9398651123, 39.334602356, 39.7293434143, 40.1356925964, 40.5420417786, 40.9367790222, 41.3315200806, 41.7262573242, 42.1326065063, 42.5389556885, 42.9336967468, 43.3284339905, 43.7231750488, 44.1179122925, 44.5010414124, 44.8957824707, 45.2905197144, 45.6852607727, 46.0916099548, 46.4863471985, 46.8926963806, 47.2990455627, 47.6937866211, 48.1001358032, 48.5064849854, 48.901222229, 49.2959632874, 49.690700531, 50.0854415894, 50.480178833, 50.8633079529, 51.2580490112, 51.6527900696, 52.0475273132, 52.4538764954, 52.8486175537, 53.2433547974, 53.6380958557, 54.0328330994, 54.4275741577, 54.8339233398, 55.240272522, 55.6350097656, 56.029750824, 56.4244880676, 56.819229126, 57.2139663696, 57.608707428, 58.0034446716, 58.39818573, 58.8045349121, 59.2108840942, 59.6056213379, 60.0003623962, 60.3950996399, 60.7782287598, 61.1613578796, 61.5328788757, 61.9276161194, 62.3223571777, 62.7170982361, 63.0886154175, 63.4833564758, 63.8780937195, 64.2728347778, 64.6675720215, 65.0623092651, 65.4570541382, 65.8517913818, 66.2465286255, 66.6412658691, 67.0360107422, 67.4191360474, 67.8022689819, 68.1970062256, 68.5801315308, 68.9632644653, 69.358001709, 69.7527389526, 70.1474838257, 70.5306091309, 70.9137420654, 71.3084793091, 71.7032165527, 72.0863494873, 72.4694747925, 72.8642196655, 73.2589569092, 73.6536941528, 74.0368270874, 74.4199523926, 74.8030853271, 75.1862106323, 75.5693435669, 75.9524688721, 76.3472061157, 76.7419509888, 77.1366882324, 77.5314254761, 77.9261627197, 78.3092956543, 78.6924285889, 79.0871658325, 79.4702911377, 79.8534240723, 80.2365493774, 80.6312942505, 81.0144195557, 81.4091567993, 81.8039016724, 82.198638916, 82.5817642212, 82.9648971558, 83.3596343994, 83.7543716431, 84.1491165161, 84.5322418213, 84.9153747559, 85.3101119995, 85.7048492432, 86.0879821777, 86.4711074829, 86.8542404175, 87.2373657227, 87.6204986572, 88.0036239624, 88.3983688354, 88.7931060791, 89.1878433228, 89.5825805664, 89.9773254395, 90.3720626831, 90.7435836792, 91.1267089844, 91.5098419189, 91.8929672241, 92.3109283447, 92.7172775269, 93.1352386475, 93.5299758911, 93.9131011963, 94.3078460693, 94.7141952515, 95.1089324951, 95.5036697388, 95.8984146118, 96.2931518555, 96.6878890991, 97.0710220337, 97.4541473389, 97.8488845825, 98.2552337646, 98.6499786377, 99.0447158813, 99.4510650635, 99.8458023071, 100.240539551, 100.635284424, 101.030021667, 101.43637085, 101.842720032, 102.237457275, 102.632194519, 103.015327454, 103.398452759, 103.793197632, 104.199546814, 104.605895996, 105.00063324, 105.395370483, 105.790107727, 106.196456909, 106.602806091, 106.997550964, 107.392288208, 107.787025452, 108.181770325, 108.576507568, 108.971244812, 109.365982056, 109.760726929, 110.155464172, 110.550201416, 110.94493866, 111.339683533, 111.734420776, 112.12915802, 112.535507202, 112.953468323, 113.359817505, 113.754554749, 114.149291992, 114.544036865, 114.938774109, 115.333511353, 115.728248596, 116.122993469, 116.517730713, 116.912467957, 117.295600891, 117.690338135, 118.07346344, 118.468208313, 118.862945557, 119.2576828, 119.652427673, 120.047164917, 120.441902161, 120.836639404, 121.231384277, 121.626121521, 122.020858765, 122.415596008, 122.810340881, 123.205078125, 123.611427307, 124.006164551, 124.389297485, 124.784034729, 125.178771973, 125.561904907, 125.945030212, 126.351379395, 126.769340515, 127.175689697, 127.570426941, 127.976776123, 128.371520996, 128.754638672, 129.149383545, 129.544128418, 129.938858032, 130.333602905, 130.728347778, 131.111465454, 131.494598389, 131.889343262, 132.284072876, 132.678817749, 133.061950684, 133.445083618, 133.839813232, 134.222946167, 134.606079102, 134.989196777, 135.372329712, 135.767074585, 136.161804199, 136.556549072, 136.939682007, 137.322814941, 137.705932617, 138.089065552, 138.483810425, 138.878540039, 139.273284912, 139.668029785, 140.062759399, 140.445892334, 140.829025269, 141.223754883, 141.606887817, 141.990020752, 142.384765625, 142.767883301, 143.151016235, 143.545761108, 143.928878784, 144.312011719, 144.706756592, 145.101501465, 145.496231079, 145.890975952, 146.285705566, 146.680450439, 147.075195312, 147.469924927, 147.853057861, 148.236190796, 148.63092041, 149.025665283, 149.420410156, 149.803527832, 150.186660767, 150.569793701, 150.964538574, 151.359268188, 151.754013062, 152.148742676, 152.53187561, 152.926620483, 153.321365356, 153.704483032, 154.087615967, 154.48236084, 154.877090454, 155.260223389, 155.643356323, 156.026489258, 156.409606934, 156.792739868, 157.187484741, 157.582214355, 157.976959229, 158.371704102, 158.766433716, 159.161178589, 159.544311523, 159.939041138, 160.322174072, 160.705307007, 161.100036621, 161.483169556, 161.877914429, 162.272644043, 162.655776978, 163.038909912, 163.422042847, 163.816772461, 164.211517334, 164.606262207, 165.000991821, 165.384124756, 165.76725769, 166.161987305, 166.545120239, 166.939865112, 167.346206665, 167.740951538, 168.124084473, 168.507202148, 168.878723145, 169.261856079, 169.656600952, 170.051330566, 170.434463501, 170.805984497, 171.165893555, 171.525802612, 171.88571167, 172.245620728, 172.605529785, 172.977050781, 173.336959839, 173.708480835, 174.068389893, 174.439910889, 174.799819946, 175.159729004, 175.519638062, 175.879547119, 176.239456177, 176.610977173, 176.982498169, 177.354003906, 177.713912964, 178.073822021, 178.433731079, 178.793640137, 179.153549194, 179.513473511, 179.884979248, 180.256500244, 180.62802124, 180.999542236, 181.382675171, 181.777404785, 182.172149658, 182.566894531, 182.996459961, 183.426025391, 183.85559082, 184.331604004, 184.807617188, 185.283630371, 185.759628296, 186.235641479, 186.711654663, 187.187667847, 187.663665771, 188.139678955, 188.615692139, 189.091690063, 189.579315186, 190.055328369, 190.554550171, 191.053787231, 191.553009033, 192.075454712, 192.597915649, 193.120361328, 193.642807007, 194.200088501, 194.757369995],
    "bpm_histogram": [0, 0, 0, 0, 0, 0, 0, 0, 0, 0, 0, 0, 0, 0, 0, 0, 0, 0, 0, 0, 0, 0, 0, 0, 0, 0, 0, 0, 0, 0, 0, 0, 0, 0, 0, 0, 0, 0, 0, 0, 0, 0, 0, 0, 0, 0, 0, 0, 0, 0, 0, 0, 0, 0, 0, 0, 0, 0, 0, 0, 0, 0, 0, 0, 0, 0, 0, 0, 0, 0, 0, 0, 0, 0, 0, 0, 0, 0, 0, 0, 0, 0, 0, 0, 0, 0, 0, 0, 0, 0, 0, 0, 0, 0, 0, 0, 0, 0, 0, 0, 0, 0, 0, 0, 0, 0, 0, 0, 0.00406504049897, 0, 0, 0, 0, 0, 0, 0.00813008099794, 0, 0, 0, 0, 0.00609756074846, 0, 0, 0.00203252024949, 0, 0, 0.0243902429938, 0, 0, 0, 0, 0, 0, 0, 0, 0, 0, 0, 0, 0, 0.00609756074846, 0, 0, 0, 0.0101626012474, 0, 0, 0, 0.0630081295967, 0, 0, 0, 0.518292665482, 0, 0, 0, 0, 0.286585360765, 0, 0, 0, 0.0304878056049, 0.00406504049897, 0, 0, 0, 0, 0.0365853644907, 0, 0, 0, 0, 0, 0, 0, 0, 0, 0, 0, 0, 0, 0, 0, 0, 0, 0, 0, 0, 0, 0, 0, 0, 0, 0, 0, 0, 0, 0, 0, 0, 0, 0, 0, 0, 0, 0, 0, 0, 0, 0, 0, 0, 0, 0, 0, 0, 0, 0, 0, 0, 0, 0, 0, 0, 0, 0, 0, 0, 0, 0, 0, 0, 0, 0, 0, 0, 0, 0, 0, 0, 0, 0, 0, 0, 0, 0, 0, 0, 0, 0]
},
"tonal": {
    "chords_changes_rate": 0.0660646408796,
    "chords_number_rate": 0.00308935367502,
    "chords_strength": {
        "mean": 0.523422539234,
        "stdev": 0.128308162093
    },
    "hpcp_crest": {
        "mean": 11.9310817719,
        "stdev": 5.89879465103
    },
    "hpcp_entropy": {
        "mean": 2.22438526154,
        "stdev": 0.756374597549
    },
    "key_edma": {
        "strength": 0.737166404724,
        "key": "F",
        "scale": "major"
    },
    "key_krumhansl": {
        "strength": 0.742992162704,
        "key": "F",
        "scale": "major"
    },
    "key_temperley": {
        "strength": 0.747022330761,
        "key": "F",
        "scale": "major"
    },
    "tuning_diatonic_strength": 0.60300797224,
    "tuning_equal_tempered_deviation": 0.0461021773517,
    "tuning_frequency": 441.527557373,
    "tuning_nontempered_energy_ratio": 0.729601502419,
    "hpcp": {
        "mean": [0.292431950569, 0.174206152558, 0.102186046541, 0.113380514085, 0.101683333516, 0.0977244973183, 0.115084834397, 0.115859851241, 0.173188611865, 0.249058946967, 0.188712880015, 0.106263197958, 0.0906792357564, 0.0817874372005, 0.165657162666, 0.263745933771, 0.203577443957, 0.119659744203, 0.108523011208, 0.119654066861, 0.206740677357, 0.27473539114, 0.209261879325, 0.238273441792, 0.348757863045, 0.248525291681, 0.113016523421, 0.0905463248491, 0.079051874578, 0.139221742749, 0.215543165803, 0.176912531257, 0.129893317819, 0.123742774129, 0.13161931932, 0.242311060429],
        "stdev": [0.327177494764, 0.21961261332, 0.188146665692, 0.213820770383, 0.196545526385, 0.185311585665, 0.208343282342, 0.203450471163, 0.228622049093, 0.298465371132, 0.248920142651, 0.195137247443, 0.181841954589, 0.165630206466, 0.223105728626, 0.319787472486, 0.252247691154, 0.186146616936, 0.185561567545, 0.209619805217, 0.251126438379, 0.304434716702, 0.257640242577, 0.254580825567, 0.343910247087, 0.265805661678, 0.168113484979, 0.149918675423, 0.144773438573, 0.198595076799, 0.276441454887, 0.222994089127, 0.202610462904, 0.190109878778, 0.199643433094, 0.279407054186]
    },
    "chords_histogram": [20.6986694336, 3.3507604599, 15.8507604599, 8.4363117218, 2.1863117218, 0, 1.61596953869, 0, 0.403992384672, 0.736692011356, 2.23384022713, 0.190114066005, 1.04562735558, 0.0950570330024, 0, 0.38022813201, 2.80418252945, 5.48954391479, 0, 0.213878333569, 1.25950574875, 0.760456264019, 5.1568441391, 27.091255188],
    "thpcp": [1, 0.71260124445, 0.324054419994, 0.259625196457, 0.226666927338, 0.399193137884, 0.618030965328, 0.507264614105, 0.372445553541, 0.354809999466, 0.377394556999, 0.694783091545, 0.838495671749, 0.499504595995, 0.292999982834, 0.325098097324, 0.291558533907, 0.280207306147, 0.329984903336, 0.332207143307, 0.496586978436, 0.71413141489, 0.541100025177, 0.304690480232, 0.260006278753, 0.234510660172, 0.47499191761, 0.75624370575, 0.583721458912, 0.343102633953, 0.311170071363, 0.343086361885, 0.592791438103, 0.787753999233, 0.60002052784, 0.683205962181],
    "chords_key": "D",
    "chords_scale": "minor"
}
}