{
"metadata": {
    "version": {
        "essentia": "2.1-dev",
        "essentia_git_sha": "v2.1_beta3-415-gd5473f3",
        "extractor": "music 2.0"
    },
    "audio_properties": {
        "analysis": {
            "equal_loudness": 0,
            "length": 248.320007324,
            "sample_rate": 44100,
            "start_time": 0,
            "downmix": "mix"
        },
        "bit_rate": 192000,
        "length": 248.320007324,
        "lossless": 0,
        "number_channels": 2,
        "replay_gain": -8.73845672607,
        "sample_rate": 44100,
        "codec": "mp3",
        "md5_encoded": "9eba25698180daebefcd86df2100a190"
    },
    "tags": {
        "file_name": "screaming_trees-nearly_lost_you.mp3"
    }
},
"lowlevel": {
    "average_loudness": 0.939311981201,
    "barkbands_crest": {
        "mean": 8.14849662781,
        "stdev": 3.65617704391
    },
    "barkbands_flatness_db": {
        "mean": 0.0961719155312,
        "stdev": 0.053651176393
    },
    "barkbands_kurtosis": {
        "mean": 1.5559014082,
        "stdev": 6.55649423599
    },
    "barkbands_skewness": {
        "mean": 0.991439580917,
        "stdev": 1.05381095409
    },
    "barkbands_spread": {
        "mean": 31.9497509003,
        "stdev": 12.826874733
    },
    "dissonance": {
        "mean": 0.477095574141,
        "stdev": 0.0224957205355
    },
    "dynamic_complexity": 2.52548766136,
    "erbbands_crest": {
        "mean": 7.16988182068,
        "stdev": 3.13793492317
    },
    "erbbands_flatness_db": {
        "mean": 0.135659575462,
        "stdev": 0.0361710190773
    },
    "erbbands_kurtosis": {
        "mean": 0.218899548054,
        "stdev": 1.12625157833
    },
    "erbbands_skewness": {
        "mean": -0.0997108221054,
        "stdev": 0.580774068832
    },
    "erbbands_spread": {
        "mean": 35.8517341614,
        "stdev": 12.4851293564
    },
    "hfc": {
        "mean": 30.6588096619,
        "stdev": 19.4050235748
    },
    "loudness_ebu128": {
        "integrated": -13.3127555847,
        "loudness_range": 2.6482257843,
        "momentary": {
            "mean": -16.8577213287,
            "stdev": 27.0307064056
        },
        "short_term": {
            "mean": -14.211066246,
            "stdev": 5.40072202682
        }
    },
    "melbands_crest": {
        "mean": 12.8385362625,
        "stdev": 4.72051954269
    },
    "melbands_flatness_db": {
        "mean": 0.157217219472,
        "stdev": 0.0711628571153
    },
    "melbands_kurtosis": {
        "mean": 7.91731357574,
        "stdev": 14.9929485321
    },
    "melbands_skewness": {
        "mean": 2.16140079498,
        "stdev": 1.3931094408
    },
    "melbands_spread": {
        "mean": 35.6330833435,
        "stdev": 19.8029441833
    },
    "pitch_salience": {
        "mean": 0.567864656448,
        "stdev": 0.0934979468584
    },
    "silence_rate_20dB": {
        "mean": 1,
        "stdev": 0
    },
    "silence_rate_30dB": {
        "mean": 0.999719500542,
        "stdev": 0.0167445763946
    },
    "silence_rate_60dB": {
        "mean": 0.0351533293724,
        "stdev": 0.18416787684
    },
    "spectral_centroid": {
        "mean": 1871.609375,
        "stdev": 1111.18225098
    },
    "spectral_complexity": {
        "mean": 30.0752620697,
        "stdev": 9.88252639771
    },
    "spectral_decrease": {
        "mean": -7.80714071169e-09,
        "stdev": 5.18191711762e-09
    },
    "spectral_energy": {
        "mean": 0.0322469174862,
        "stdev": 0.0204699095339
    },
    "spectral_energyband_high": {
        "mean": 0.00132383324672,
        "stdev": 0.00144893524703
    },
    "spectral_energyband_low": {
        "mean": 0.0131518775597,
        "stdev": 0.0159913171083
    },
    "spectral_energyband_middle_high": {
        "mean": 0.00981425959617,
        "stdev": 0.00839497894049
    },
    "spectral_energyband_middle_low": {
        "mean": 0.00956366863102,
        "stdev": 0.00737598864362
    },
    "spectral_entropy": {
        "mean": 7.85797262192,
        "stdev": 0.407544881105
    },
    "spectral_flux": {
        "mean": 0.0992247313261,
        "stdev": 0.0505951754749
    },
    "spectral_kurtosis": {
        "mean": 4.24976968765,
        "stdev": 4.03337526321
    },
    "spectral_rms": {
        "mean": 0.00531110074371,
        "stdev": 0.00180348579306
    },
    "spectral_rolloff": {
        "mean": 2164.60107422,
        "stdev": 2118.42382812
    },
    "spectral_skewness": {
        "mean": 1.46164464951,
        "stdev": 0.440845698118
    },
    "spectral_spread": {
        "mean": 4842356,
        "stdev": 3968340
    },
    "spectral_strongpeak": {
        "mean": 0.9085983634,
        "stdev": 1.34777164459
    },
    "zerocrossingrate": {
        "mean": 0.0785989016294,
        "stdev": 0.054369725287
    },
    "barkbands": {
        "mean": [0.000358342600521, 0.00735433818772, 0.00412074103951, 0.0023466553539, 0.00178536458407, 0.00118855573237, 0.00123207247816, 0.00133345590439, 0.00115373206791, 0.00146439950913, 0.00131458207034, 0.000825819559395, 0.00101199490018, 0.00111114059109, 0.000843481509946, 0.000942826271057, 0.00114417204168, 0.000691293447744, 0.00054147571791, 0.000336375873303, 0.000315253157169, 0.000267484079814, 0.000211494058021, 0.000166399564478, 0.000108557993372, 7.11547399987e-05, 5.67858023715e-06],
        "stdev": [0.000583250017371, 0.0113653838634, 0.00532418256626, 0.0032822068315, 0.00221702479757, 0.00179035263136, 0.00190259783994, 0.0025591654703, 0.00247330125421, 0.00279824272729, 0.00290017994121, 0.00169275305234, 0.00185403518844, 0.00163409684319, 0.00120113114826, 0.00113033782691, 0.000958259392064, 0.000755901332013, 0.000554218480829, 0.00033957438427, 0.000348023109837, 0.000281254469883, 0.000320031889714, 0.000490824691951, 0.000196102249902, 0.000121039447549, 1.86828601727e-05]
    },
    "erbbands": {
        "mean": [0.199577137828, 1.67970883846, 4.61555147171, 6.91856193542, 6.56317996979, 5.79166078568, 7.62352657318, 9.88812732697, 12.4418544769, 27.7701854706, 29.6894111633, 27.3960266113, 39.2154541016, 49.6283721924, 45.6600379944, 40.2240371704, 47.7856521606, 60.1280670166, 46.2484130859, 45.3855628967, 58.0318450928, 58.2976417542, 40.8529052734, 31.7311458588, 23.3645858765, 16.6213302612, 15.060549736, 10.6365671158, 9.37754440308, 8.00109195709, 5.74318408966, 3.94307780266, 2.42796850204, 1.37366330624, 0.692653119564, 0.367903202772, 0.118146084249, 0.0184717345983, 0.000845631584525, 7.64638461987e-05],
        "stdev": [0.32888174057, 2.65235090256, 5.93897294998, 8.68127727509, 9.28054523468, 8.2831735611, 11.3580513, 15.7204713821, 19.0850963593, 48.3442077637, 58.8413085938, 60.2631645203, 73.8007354736, 97.7075805664, 93.268951416, 78.8656616211, 82.0864334106, 92.2399139404, 61.944152832, 60.3069152832, 53.8274536133, 45.9640617371, 40.5705986023, 34.8850746155, 21.5292701721, 16.6009845734, 16.6378993988, 12.1530609131, 9.79268264771, 10.0068302155, 9.2554397583, 10.3976249695, 7.71315956116, 2.93892741203, 1.13141548634, 0.64396494627, 0.206320643425, 0.0343872532248, 0.00324705080129, 0.000187038589502]
    },
    "gfcc": {
        "mean": [25.6876964569, 79.6547622681, -122.668144226, 39.4721870422, -45.0655670166, 21.7908344269, -34.5914993286, 15.9850883484, -20.3136634827, 3.74935221672, -19.312877655, 2.91047286987, -15.0774154663],
        "cov": [[25607.1171875, -861.544616699, -2507.546875, 457.891906738, -1007.51464844, 863.088928223, -613.672485352, 382.163604736, -679.09576416, 181.712677002, -828.830200195, 267.003997803, -336.9453125], [-861.544616699, 1373.67980957, -210.854492188, 65.0859909058, 126.85887146, -242.891723633, 73.4831466675, -93.9099884033, 186.244552612, -109.321388245, 217.188308716, -111.061386108, 65.8031234741], [-2507.546875, -210.854492188, 657.921813965, -46.6704139709, 131.777099609, -68.7015075684, 18.889585495, -0.57702600956, 42.4555587769, 38.5181350708, 39.9556159973, 11.8212804794, -2.49242639542], [457.891906738, 65.0859909058, -46.6704139709, 232.599899292, -7.92657279968, -11.9521932602, -11.1008024216, -14.362859726, -4.85340976715, 15.5852050781, 7.4651093483, -8.157579422, 21.7532558441], [-1007.51464844, 126.85887146, 131.777099609, -7.92657279968, 204.481796265, -46.7605247498, 70.3649673462, -6.62076234818, 34.4353103638, 8.48593425751, 48.0973052979, -2.85949397087, 15.2912473679], [863.088928223, -242.891723633, -68.7015075684, -11.9521932602, -46.7605247498, 211.974685669, 23.9368476868, 38.0895080566, -55.7523422241, -12.9773960114, -59.4919586182, 9.036195755, -24.9139728546], [-613.672485352, 73.4831466675, 18.889585495, -11.1008024216, 70.3649673462, 23.9368476868, 145.750198364, 4.70219802856, 18.7879295349, -17.5327320099, 28.5932769775, -9.89521884918, 3.47435712814], [382.163604736, -93.9099884033, -0.57702600956, -14.362859726, -6.62076234818, 38.0895080566, 4.70219802856, 80.7650375366, 1.75261735916, 19.5855236053, -25.729724884, 4.68421268463, -15.0249328613], [-679.09576416, 186.244552612, 42.4555587769, -4.85340976715, 34.4353103638, -55.7523422241, 18.7879295349, 1.75261735916, 105.725341797, 3.9679851532, 48.4200057983, -29.9597969055, 8.16975021362], [181.712677002, -109.321388245, 38.5181350708, 15.5852050781, 8.48593425751, -12.9773960114, -17.5327320099, 19.5855236053, 3.9679851532, 73.8825378418, -3.7950630188, 15.8066940308, -11.2809171677], [-828.830200195, 217.188308716, 39.9556159973, 7.4651093483, 48.0973052979, -59.4919586182, 28.5932769775, -25.729724884, 48.4200057983, -3.7950630188, 103.888374329, -6.29887199402, 23.6852703094], [267.003997803, -111.061386108, 11.8212804794, -8.157579422, -2.85949397087, 9.036195755, -9.89521884918, 4.68421268463, -29.9597969055, 15.8066940308, -6.29887199402, 65.43724823, 15.93542099], [-336.9453125, 65.8031234741, -2.49242639542, 21.7532558441, 15.2912473679, -24.9139728546, 3.47435712814, -15.0249328613, 8.16975021362, -11.2809171677, 23.6852703094, 15.93542099, 72.1262130737]],
        "icov": [[0.000186786841368, -0.000347228109604, 0.000446036632638, -0.000281859713141, 0.000208909972571, -0.000464660581201, 0.000450736813946, -0.000464069365989, 0.000466417171992, -0.000677498523146, 0.00100198411383, -0.000988654210232, 0.00069722358603], [-0.000347228109604, 0.00309993349947, 0.000405801372835, 4.89720114274e-05, -0.00145743868779, 0.00256097712554, -0.000713906018063, 0.000985607039183, -0.00274305837229, 0.00436524115503, -0.00490539008752, 0.00352271762677, -0.00119170697872], [0.000446036632638, 0.000405801372835, 0.00355544895865, -0.000553787220269, -0.00117737357505, -3.14973622153e-05, 0.00137753318995, -0.000944351544604, -0.000207475357456, -0.000741457741242, 0.000776931003202, -0.00195746263489, 0.00206389767118], [-0.000281859713141, 4.89720114274e-05, -0.000553787220269, 0.00539312651381, 2.84474281216e-05, 0.000320636667311, -0.000606027431786, 0.00148928898852, 0.000587907445151, -0.00182305253111, -0.00124068977311, 0.00313354865648, -0.00319958431646], [0.000208909972571, -0.00145743868779, -0.00117737357505, 2.84474281216e-05, 0.00821922067553, -0.000103845493868, -0.00307355076075, -0.000575846293941, 0.00134886812884, -0.00330727547407, 0.00120629521552, -0.00157561094966, -0.000212035156437], [-0.000464660581201, 0.00256097712554, -3.14973622153e-05, 0.000320636667311, -0.000103845493868, 0.00964586716145, -0.0033659057226, -0.00149733049329, 0.000191491519217, 0.00527973007411, -0.0025357385166, 0.00323464744724, -0.00047870358685], [0.000450736813946, -0.000713906018063, 0.00137753318995, -0.000606027431786, -0.00307355076075, -0.0033659057226, 0.0109135704115, -0.00210534594953, 0.000209662161069, 0.000851907068864, -7.61235278333e-05, -0.00186195259448, 0.00205790367909], [-0.000464069365989, 0.000985607039183, -0.000944351544604, 0.00148928898852, -0.000575846293941, -0.00149733049329, -0.00210534594953, 0.0177195928991, -0.00487787649035, -0.00265692640096, 0.00128165271599, 0.00122098752763, -0.000705097743776], [0.000466417171992, -0.00274305837229, -0.000207475357456, 0.000587907445151, 0.00134886812884, 0.000191491519217, 0.000209662161069, -0.00487787649035, 0.0189914200455, -0.00601725978777, -0.00101353367791, 0.00411831215024, -0.000418391573476], [-0.000677498523146, 0.00436524115503, -0.000741457741242, -0.00182305253111, -0.00330727547407, 0.00527973007411, 0.000851907068864, -0.00265692640096, -0.00601725978777, 0.0250930264592, -0.00732617592439, -0.000592876574956, 0.00245009874925], [0.00100198411383, -0.00490539008752, 0.000776931003202, -0.00124068977311, 0.00120629521552, -0.0025357385166, -7.61235278333e-05, 0.00128165271599, -0.00101353367791, -0.00732617592439, 0.0253505650908, -0.0089863743633, 0.00132587680127], [-0.000988654210232, 0.00352271762677, -0.00195746263489, 0.00313354865648, -0.00157561094966, 0.00323464744724, -0.00186195259448, 0.00122098752763, 0.00411831215024, -0.000592876574956, -0.0089863743633, 0.0290135070682, -0.0110682109371], [0.00069722358603, -0.00119170697872, 0.00206389767118, -0.00319958431646, -0.000212035156437, -0.00047870358685, 0.00205790367909, -0.000705097743776, -0.000418391573476, 0.00245009874925, 0.00132587680127, -0.0110682109371, 0.0213194619864]]
    },
    "melbands": {
        "mean": [0.00191956630442, 0.00242851418443, 0.00122597580776, 0.000415185262682, 0.000277797982562, 0.000227364391321, 0.000203197545488, 0.000297019578284, 0.000242718742811, 0.000162520736922, 0.000194182575797, 0.000196796812816, 0.000180322720553, 8.99252918316e-05, 0.000105199222162, 0.000107143096102, 0.000111502020445, 7.39537572372e-05, 5.75260673941e-05, 6.4970976382e-05, 7.0539812441e-05, 6.42606391921e-05, 4.62522220914e-05, 3.17814337905e-05, 2.48137966992e-05, 2.03085419344e-05, 1.22621340779e-05, 1.06249590317e-05, 9.88121610135e-06, 7.16109525456e-06, 5.91510706727e-06, 5.23709059053e-06, 5.21498031958e-06, 4.19140451413e-06, 3.38315317094e-06, 2.83790541289e-06, 2.24010909733e-06, 1.718597332e-06, 1.46350896557e-06, 1.06297682123e-06],
        "stdev": [0.00302542094141, 0.00314811291173, 0.00147877528798, 0.000509765348397, 0.000387192616472, 0.000350332382368, 0.000303390435874, 0.000510424608365, 0.000489973928779, 0.000354126328602, 0.000374967668904, 0.000403635989642, 0.00039694525185, 0.000182904419489, 0.000194461797946, 0.000183416341315, 0.000175164022949, 0.000103248443338, 8.03534712759e-05, 9.60172474151e-05, 6.35403048364e-05, 5.21582514921e-05, 5.02604452777e-05, 3.8299789594e-05, 3.03677861666e-05, 2.26086358452e-05, 1.14258164103e-05, 1.20021895782e-05, 1.15315051517e-05, 8.64070989337e-06, 7.14495126886e-06, 5.75136573389e-06, 6.03579792369e-06, 5.83423479839e-06, 5.51760604139e-06, 5.83168866797e-06, 6.87495275997e-06, 5.85767838857e-06, 4.32653405369e-06, 1.98520160666e-06]
    },
    "melbands128": {
        "mean": [0.000336300203344, 0.00149702164344, 0.00251197861508, 0.00287498440593, 0.0025042493362, 0.00195142615121, 0.00146038329694, 0.00107669120189, 0.000655150099192, 0.000310213363264, 0.000292303360766, 0.000307415059069, 0.000224460076424, 0.000315075129038, 0.000232945356402, 0.000178311383934, 0.00020075761131, 0.000168770304299, 0.000210594327655, 0.000402669538744, 0.000258755608229, 0.000227577329497, 0.00027069132193, 0.000204566953471, 0.000198636582354, 0.000103144870081, 0.000179298993316, 0.000240734239924, 0.000154689318151, 0.000214452913497, 0.000182994859642, 0.000211806036532, 0.000255296268733, 9.32797047426e-05, 5.15978063049e-05, 0.000103113561636, 0.000132326429593, 8.26780087664e-05, 0.000116563729534, 0.000104971579276, 7.96337553766e-05, 0.000147687576828, 0.000115832022857, 9.93817084236e-05, 7.49455575715e-05, 6.47614360787e-05, 8.43266825541e-05, 4.79467198602e-05, 4.69683254778e-05, 7.3386443546e-05, 6.25107786618e-05, 6.73151007504e-05, 6.15154858679e-05, 7.33387641958e-05, 8.83640896063e-05, 5.70152405999e-05, 4.89523918077e-05, 6.1151375121e-05, 4.02418845624e-05, 3.06944530166e-05, 3.39549551427e-05, 2.74183457805e-05, 3.07661575789e-05, 1.98314664885e-05, 2.37128078879e-05, 2.29795168707e-05, 1.69453578565e-05, 1.33127732624e-05, 1.06351162685e-05, 1.17300332931e-05, 1.02633266579e-05, 1.11626686703e-05, 8.66448681336e-06, 1.04853788798e-05, 1.03922975541e-05, 6.34804155197e-06, 6.78040260027e-06, 5.79371817366e-06, 5.65010668652e-06, 6.33994341115e-06, 5.10039490109e-06, 4.77612229588e-06, 5.29005910721e-06, 5.95755091126e-06, 4.36767368228e-06, 4.25722873842e-06, 4.30497675552e-06, 3.64650918527e-06, 3.41305440088e-06, 3.14441308547e-06, 2.86590670839e-06, 2.90511525236e-06, 2.52806580647e-06, 2.19666026169e-06, 2.14192596104e-06, 1.80089011792e-06, 1.56278383656e-06, 1.68010717516e-06, 1.56469468493e-06, 1.3105797052e-06, 1.1432160818e-06, 9.60506099545e-07, 1.10050552848e-06, 8.04345063443e-07, 7.92395553617e-07, 6.34827358681e-07, 7.01279191162e-07, 6.35907838387e-07, 7.51302252411e-07, 5.66987921502e-07, 5.15471185736e-07, 3.95628688921e-07, 4.02397802191e-07, 2.84812387008e-07, 2.22011905748e-07, 1.86282036907e-07, 1.32058119107e-07, 4.57203555015e-08, 2.18761648796e-08, 1.35415580971e-08, 1.14999956224e-08, 9.73595959408e-09, 1.14608056379e-08, 7.16273884649e-09, 2.75812106487e-09, 5.71245169223e-11, 3.94967218653e-12, 3.91975254338e-12],
        "stdev": [0.000555682054255, 0.00259688706137, 0.00456825876608, 0.00460887886584, 0.00344660459086, 0.00253028562292, 0.00195166422054, 0.00160857813898, 0.00108030589763, 0.000523308292031, 0.000526952848304, 0.000592745025642, 0.000460854469566, 0.000623430300038, 0.00048406899441, 0.000391944951843, 0.000422605866333, 0.000414572452428, 0.000448591279564, 0.000841471308377, 0.000712777022272, 0.000575959973503, 0.000765433476772, 0.000638315745164, 0.000630220398307, 0.000321214523865, 0.00045013797353, 0.000610874674749, 0.000426792888902, 0.00060169165954, 0.000512753147632, 0.000580283172894, 0.000676306954119, 0.000314342934871, 0.000165143879713, 0.000286941445665, 0.000358820310794, 0.000232537146076, 0.000318060425343, 0.000252322439337, 0.000219718072913, 0.000383330945624, 0.000254915765254, 0.000198719804757, 0.000167693258845, 0.000137194452691, 0.000185360142495, 0.000110287983262, 9.5033137768e-05, 0.000149878484081, 0.000155635090778, 0.000122203142382, 8.32229052321e-05, 8.3417420683e-05, 9.71132103587e-05, 6.45526160952e-05, 6.20959908701e-05, 9.56156509346e-05, 6.6069951572e-05, 5.02273687744e-05, 6.10899005551e-05, 4.99518391734e-05, 5.51277662453e-05, 2.95682348224e-05, 3.55957381544e-05, 3.5191889765e-05, 1.95046741283e-05, 1.55461748363e-05, 1.30105718199e-05, 1.559600787e-05, 1.47313812704e-05, 1.69656323123e-05, 1.4072790691e-05, 1.55173038365e-05, 1.4761744751e-05, 9.38082303037e-06, 9.98149243969e-06, 8.32426121633e-06, 8.18720855023e-06, 8.93682954484e-06, 6.28764291832e-06, 6.3953029894e-06, 6.64498838887e-06, 7.60621514928e-06, 6.61525200485e-06, 5.97295638727e-06, 6.80669563735e-06, 6.58438602841e-06, 6.16891611571e-06, 5.4568295127e-06, 6.60470959701e-06, 5.92373726249e-06, 7.41718395147e-06, 7.46042496758e-06, 7.0716191658e-06, 7.24083838577e-06, 5.52976507606e-06, 5.53361451239e-06, 4.91726132168e-06, 4.14968008045e-06, 2.56361568063e-06, 1.88157775938e-06, 1.72789088992e-06, 1.2813311514e-06, 1.32875732106e-06, 1.76758680936e-06, 1.47172977449e-06, 1.2138115153e-06, 1.5443713437e-06, 1.15816419566e-06, 9.59531007538e-07, 7.01491273958e-07, 8.17306954559e-07, 6.00441921961e-07, 4.20736796514e-07, 3.5958808553e-07, 2.60269615637e-07, 1.84991336027e-07, 1.66148467429e-07, 1.22737276342e-07, 1.17327616067e-07, 9.02923247281e-08, 1.10509475348e-07, 7.66840742017e-08, 3.33882361758e-08, 2.05833883271e-09, 6.02610929906e-12, 5.98974602556e-12]
    },
    "mfcc": {
        "mean": [-602.989562988, 105.469039917, -11.5133953094, 23.8566455841, 11.8693351746, 10.1725282669, 1.18267953396, 11.1134824753, 4.851541996, 2.88619494438, 2.15728783607, 2.43094849586, 0.565511226654],
        "cov": [[9593.79882812, 38.916305542, -574.153930664, -192.520401001, -106.847618103, 159.854293823, 10.5504407883, 172.239715576, 74.0573272705, 33.213092804, -141.471862793, -90.2156295776, -65.3118133545], [38.916305542, 937.641906738, -115.85067749, 151.330383301, 37.6311836243, -26.1969261169, -43.7358360291, 20.7969284058, -30.5650806427, 3.59057831764, 48.4676589966, 27.7624378204, 16.3315486908], [-574.153930664, -115.85067749, 324.122711182, 15.419172287, 45.7030487061, -16.932888031, -14.6836900711, -26.6777153015, -0.892492115498, -4.07575750351, 11.2252130508, 17.9786052704, 8.25901508331], [-192.520401001, 151.330383301, 15.419172287, 280.099090576, 41.970703125, -0.00367652345449, -13.9412536621, -48.6762580872, 2.31663250923, -21.2318878174, 27.3810863495, 6.49565792084, 12.4215393066], [-106.847618103, 37.6311836243, 45.7030487061, 41.970703125, 113.790687561, 0.127225533128, -3.73998951912, -18.9434585571, 11.0146532059, -1.30850338936, 7.04360628128, 6.50782775879, 8.09739017487], [159.854293823, -26.1969261169, -16.932888031, -0.00367652345449, 0.127225533128, 95.8129501343, 47.2512931824, 30.6801376343, -0.250495642424, 11.15812397, -8.674492836, -2.95117664337, -1.77194273472], [10.5504407883, -43.7358360291, -14.6836900711, -13.9412536621, -3.73998951912, 47.2512931824, 110.153556824, 41.6751441956, 12.9382963181, 4.28531169891, -6.83572912216, 5.03169536591, -2.26446986198], [172.239715576, 20.7969284058, -26.6777153015, -48.6762580872, -18.9434585571, 30.6801376343, 41.6751441956, 89.172203064, 12.4360990524, 19.7157649994, -8.19679927826, -2.23189711571, 2.20589399338], [74.0573272705, -30.5650806427, -0.892492115498, 2.31663250923, 11.0146532059, -0.250495642424, 12.9382963181, 12.4360990524, 68.3372650146, 13.5575351715, 4.16479301453, -1.4493625164, -0.659611225128], [33.213092804, 3.59057831764, -4.07575750351, -21.2318878174, -1.30850338936, 11.15812397, 4.28531169891, 19.7157649994, 13.5575351715, 66.4500961304, 19.9874858856, 5.71310901642, 0.679663836956], [-141.471862793, 48.4676589966, 11.2252130508, 27.3810863495, 7.04360628128, -8.674492836, -6.83572912216, -8.19679927826, 4.16479301453, 19.9874858856, 70.2767181396, 21.8155326843, 6.22211551666], [-90.2156295776, 27.7624378204, 17.9786052704, 6.49565792084, 6.50782775879, -2.95117664337, 5.03169536591, -2.23189711571, -1.4493625164, 5.71310901642, 21.8155326843, 49.5846672058, 14.2422323227], [-65.3118133545, 16.3315486908, 8.25901508331, 12.4215393066, 8.09739017487, -1.77194273472, -2.26446986198, 2.20589399338, -0.659611225128, 0.679663836956, 6.22211551666, 14.2422323227, 46.4508209229]],
        "icov": [[0.000127705017803, 4.45478281108e-06, 0.000202134178835, 3.57647768396e-05, 1.02961325865e-06, -0.000208067591302, 0.000201444476261, -0.000155273868586, -0.000156799796969, 4.00479984819e-06, 0.000183606563951, -7.49732953409e-06, 0.000116985662316], [4.45478281108e-06, 0.0014936029911, 0.000677983509377, -0.000912838673685, -0.000690669461619, 0.000568096002098, 0.000783404277172, -0.00157739827409, 0.000973714049906, 1.62649666891e-05, -0.000588715949561, -0.000746922625694, 0.000181319293915], [0.000202134178835, 0.000677983509377, 0.00400849990547, -0.000199438756681, -0.00155531277414, 0.000238316817558, 0.000750990526285, -0.000319825106999, 0.00026827462716, 9.14990378078e-05, -4.18120434915e-05, -0.00133472017478, 0.000135777576361], [3.57647768396e-05, -0.000912838673685, -0.000199438756681, 0.00503963092342, -0.000675009971019, -0.00146324699745, -0.000414770416683, 0.00310405925848, -0.00121817993931, 0.00162913429085, -0.00161822384689, 0.000998381641693, -0.00117723434232], [1.02961325865e-06, -0.000690669461619, -0.00155531277414, -0.000675009971019, 0.0106218820438, -0.00106551742647, -0.000447349419119, 0.00261886627413, -0.00240665650927, -0.000247695803409, 0.000416314956965, -7.61105402489e-05, -0.00140010518953], [-0.000208067591302, 0.000568096002098, 0.000238316817558, -0.00146324699745, -0.00106551742647, 0.0150881707668, -0.00546011561528, -0.00300427922048, 0.00281618023291, -0.00267916219309, 0.00117471488193, 0.000679828110151, 0.000207822580705], [0.000201444476261, 0.000783404277172, 0.000750990526285, -0.000414770416683, -0.000447349419119, -0.00546011561528, 0.0142594678327, -0.00571132916957, -0.00192184466869, 0.00198577484116, 0.000392549787648, -0.00320496037602, 0.0016950010322], [-0.000155273868586, -0.00157739827409, -0.000319825106999, 0.00310405925848, 0.00261886627413, -0.00300427922048, -0.00571132916957, 0.0192101169378, -0.00285894656554, -0.00365731865168, 0.00160905660596, 0.00170118943788, -0.00292296521366], [-0.000156799796969, 0.000973714049906, 0.00026827462716, -0.00121817993931, -0.00240665650927, 0.00281618023291, -0.00192184466869, -0.00285894656554, 0.0172870457172, -0.00323006417602, -0.000923239917029, 0.000947502907366, 0.000410180160543], [4.00479984819e-06, 1.62649666891e-05, 9.14990378078e-05, 0.00162913429085, -0.000247695803409, -0.00267916219309, 0.00198577484116, -0.00365731865168, -0.00323006417602, 0.0196163412184, -0.00650680623949, -0.000349766021827, 0.000405398197472], [0.000183606563951, -0.000588715949561, -4.18120434915e-05, -0.00161822384689, 0.000416314956965, 0.00117471488193, 0.000392549787648, 0.00160905660596, -0.000923239917029, -0.00650680623949, 0.0201074369252, -0.00731491995975, 0.000451787549537], [-7.49732953409e-06, -0.000746922625694, -0.00133472017478, 0.000998381641693, -7.61105402489e-05, 0.000679828110151, -0.00320496037602, 0.00170118943788, 0.000947502907366, -0.000349766021827, -0.00731491995975, 0.0267234370112, -0.00717065669596], [0.000116985662316, 0.000181319293915, 0.000135777576361, -0.00117723434232, -0.00140010518953, 0.000207822580705, 0.0016950010322, -0.00292296521366, 0.000410180160543, 0.000405398197472, 0.000451787549537, -0.00717065669596, 0.0245309453458]]
    },
    "spectral_contrast_coeffs": {
        "mean": [-0.736599087715, -0.770216822624, -0.773451089859, -0.785842657089, -0.773993909359, -0.754442632198],
        "stdev": [0.058941129595, 0.0663682967424, 0.0602600127459, 0.045498624444, 0.0384184084833, 0.0427587479353]
    },
    "spectral_contrast_valleys": {
        "mean": [-6.61988258362, -6.78592967987, -7.20008230209, -7.20605993271, -7.27090883255, -9.99852466583],
        "stdev": [2.32517385483, 2.35045170784, 2.38147497177, 2.39626717567, 2.40763115883, 2.21329593658]
    }
},
"rhythm": {
    "beats_count": 427,
    "beats_loudness": {
        "mean": 0.0393323265016,
        "stdev": 0.0169810503721
    },
    "bpm": 101.091781616,
    "bpm_histogram_first_peak_bpm": 101,
    "bpm_histogram_first_peak_weight": 0.583979308605,
    "bpm_histogram_second_peak_bpm": 167,
    "bpm_histogram_second_peak_spread": 0,
    "bpm_histogram_second_peak_weight": 0.0211267601699,
    "danceability": 1.08426427841,
    "onset_rate": 3.46303033829,
    "beats_loudness_band_ratio": {
        "mean": [0.527784526348, 0.0808780565858, 0.111736431718, 0.120714180171, 0.111532427371, 0.064479008317],
        "stdev": [0.228130564094, 0.0725623816252, 0.101532720029, 0.121039204299, 0.0757919028401, 0.0472481437027]
    },
    "beats_position": [0.568888902664, 1.14938771725, 1.72988653183, 2.31038546562, 2.90249419212, 3.49460315704, 4.08671188354, 4.69043064117, 5.2941493988, 5.89786815643, 6.5015873909, 7.10530614853, 7.70902490616, 8.31274318695, 8.91646194458, 9.49696159363, 10.077460289, 10.6811790466, 11.2848978043, 11.8770065308, 12.4575052261, 13.0496139526, 13.6417226791, 14.2338323593, 14.8143310547, 15.3948297501, 15.9753284454, 16.5674381256, 17.1595458984, 17.7632656097, 18.3669834137, 18.970703125, 19.5512008667, 20.154920578, 20.7470283508, 21.3159179688, 21.8964176178, 22.5001354218, 23.0922451019, 23.6843528748, 24.2648525238, 24.8685703278, 25.4722900391, 26.0643978119, 26.6565074921, 27.2718353271, 27.8871650696, 28.4908847809, 29.0946025848, 29.6983222961, 30.3020401001, 30.8941497803, 31.4862575531, 32.0899772644, 32.6704750061, 33.2741928101, 33.8663024902, 34.4468002319, 35.0389099121, 35.6426315308, 36.2463493347, 36.8500671387, 37.4537849426, 38.0458946228, 38.638004303, 39.2417221069, 39.8454399109, 40.4259414673, 41.006439209, 41.5869369507, 42.1906585693, 42.771156311, 43.3516540527, 43.9321517944, 44.5010414124, 45.0815429688, 45.6620407104, 46.2541503906, 46.8346481323, 47.4267578125, 48.018863678, 48.6109733582, 49.2030830383, 49.78358078, 50.3640823364, 50.9561882019, 51.5482978821, 52.1404075623, 52.7325172424, 53.3246231079, 53.9167327881, 54.4972343445, 55.0777320862, 55.6698417664, 56.2619476318, 56.854057312, 57.4461669922, 58.0382766724, 58.6303825378, 59.2108840942, 59.7913818359, 60.3718795776, 60.9756011963, 61.5677070618, 62.1598167419, 62.7635345459, 63.3672561646, 63.9709739685, 64.563079834, 65.1551895142, 65.7472991943, 66.3394088745, 66.9315185547, 67.5236282349, 68.115737915, 68.6962356567, 69.2767333984, 69.8804550171, 70.4957809448, 71.087890625, 71.6800003052, 72.2721099854, 72.8642196655, 73.4447174072, 74.0252151489, 74.6289291382, 75.2094345093, 75.8131484985, 76.4168701172, 77.0089797974, 77.6010894775, 78.1931991577, 78.796913147, 79.3890228271, 79.9927444458, 80.584854126, 81.1769561768, 81.7806777954, 82.3843994141, 82.9765090942, 83.5686187744, 84.1723327637, 84.7760543823, 85.3797683716, 85.9951019287, 86.6220397949, 87.2605895996, 87.9107437134, 88.537689209, 89.1762313843, 89.8031692505, 90.4185028076, 91.0222167969, 91.6259384155, 92.2296600342, 92.8333740234, 93.4254837036, 94.0292053223, 94.6213150024, 95.2018127441, 95.7939224243, 96.3860321045, 96.9665298462, 97.5470275879, 98.1391372681, 98.7312469482, 99.3233566284, 99.9154663086, 100.49596405, 101.076461792, 101.656959534, 102.237457275, 102.829566956, 103.421676636, 104.013786316, 104.605895996, 105.198005676, 105.790107727, 106.370613098, 106.95111084, 107.531608582, 108.123718262, 108.715827942, 109.296325684, 109.876823425, 110.457321167, 111.037818909, 111.629928589, 112.210426331, 112.814147949, 113.417869568, 114.009971619, 114.602081299, 115.194190979, 115.797912598, 116.401634216, 116.993736267, 117.585845947, 118.177955627, 118.770065308, 119.362174988, 119.954284668, 120.546394348, 121.138504028, 121.742218018, 122.345939636, 122.938049316, 123.518547058, 124.110656738, 124.702766418, 125.294876099, 125.886978149, 126.47908783, 127.082809448, 127.686531067, 128.290252686, 128.893966675, 129.486068726, 130.089797974, 130.705123901, 131.308837891, 131.912567139, 132.527893066, 133.143218994, 133.77015686, 134.397094727, 135.000808716, 135.616149902, 136.23147583, 136.835189819, 137.450515747, 138.065841675, 138.681182861, 139.296508789, 139.923446655, 140.538772583, 141.154098511, 141.769424438, 142.384765625, 142.988479614, 143.603805542, 144.21913147, 144.834457397, 145.449798584, 146.053512573, 146.657226562, 147.260955811, 147.8646698, 148.468383789, 149.083709717, 149.699050903, 150.302764893, 150.906478882, 151.51020813, 152.113922119, 152.70602417, 153.298141479, 153.901855469, 154.505569458, 155.086074829, 155.6665802, 156.270294189, 156.86239624, 157.45451355, 158.046615601, 158.650344849, 159.254058838, 159.846160889, 160.438278198, 161.030380249, 161.622497559, 162.214599609, 162.80670166, 163.39881897, 164.002532959, 164.594650269, 165.198364258, 165.802078247, 166.405807495, 166.997909546, 167.601623535, 168.205352783, 168.809066772, 169.401168823, 169.993286133, 170.597000122, 171.177505493, 171.757995605, 172.350112915, 172.953826904, 173.545944214, 174.138046265, 174.730148315, 175.333877563, 175.937591553, 176.541305542, 177.14503479, 177.748748779, 178.352462769, 178.967803955, 179.583129883, 180.186843872, 180.790557861, 181.394287109, 181.998001099, 182.590103149, 183.182220459, 183.762710571, 184.343215942, 184.923721313, 185.504211426, 186.084716797, 186.665206909, 187.257324219, 187.84942627, 188.429931641, 189.010421753, 189.602539062, 190.194641113, 190.786758423, 191.378860474, 191.959365845, 192.551467896, 193.143585205, 193.735687256, 194.327789307, 194.908294678, 195.488800049, 196.069290161, 196.661407471, 197.253509521, 197.845626831, 198.437728882, 199.029830933, 199.610336304, 200.202438354, 200.806167603, 201.398269653, 201.990386963, 202.594100952, 203.186203003, 203.778320312, 204.358810425, 204.950927734, 205.531417847, 206.123535156, 206.715637207, 207.307754517, 207.899856567, 208.491973877, 209.072463989, 209.65296936, 210.233459473, 210.813964844, 211.394470215, 211.986572266, 212.578674316, 213.159179688, 213.739685059, 214.320175171, 214.91229248, 215.504394531, 216.096496582, 216.688613892, 217.269119263, 217.861221313, 218.453323364, 219.033828735, 219.614334106, 220.194824219, 220.77532959, 221.367431641, 221.947937012, 222.540039062, 223.120544434, 223.701034546, 224.281539917, 224.873641968, 225.465759277, 226.04624939, 226.638366699, 227.23046875, 227.810974121, 228.379852295, 228.960357666, 229.552474976, 230.132965088, 230.713470459, 231.293960571, 231.874465942, 232.466567993, 233.047073364, 233.639175415, 234.231292725, 234.823394775, 235.415512085, 236.019226074, 236.483627319, 236.948028564, 237.412414551, 237.772338867, 238.109024048, 238.445709229, 238.782394409, 239.119094849, 239.444168091, 239.780853271, 240.117553711, 240.442626953, 240.790924072, 241.139221191, 241.487518311, 241.835830688, 242.195739746, 242.555648804, 242.915557861, 243.275466919, 243.635375977, 243.995285034, 244.355194092, 244.715103149, 245.202713013, 245.678726196, 246.15473938, 246.642349243, 247.129974365, 247.617584229],
    "bpm_histogram": [0, 0, 0, 0, 0, 0, 0, 0, 0, 0, 0, 0, 0, 0, 0, 0, 0, 0, 0, 0, 0, 0, 0, 0, 0, 0, 0, 0, 0, 0, 0, 0, 0, 0, 0, 0, 0, 0, 0, 0, 0, 0, 0, 0, 0, 0, 0, 0, 0, 0, 0, 0, 0, 0, 0, 0, 0, 0, 0, 0, 0, 0, 0, 0, 0, 0, 0, 0, 0, 0, 0, 0, 0, 0, 0, 0, 0, 0, 0, 0, 0, 0, 0, 0, 0, 0, 0, 0, 0, 0, 0, 0, 0.00234741787426, 0, 0.00469483574852, 0, 0.0140845067799, 0, 0.0610328651965, 0.239436626434, 0, 0.377934277058, 0, 0.223004698753, 0, 0.00704225338995, 0, 0, 0, 0, 0, 0, 0, 0, 0, 0, 0, 0, 0, 0, 0, 0, 0, 0.00938967149705, 0, 0, 0.00469483574852, 0, 0, 0.00704225338995, 0, 0, 0, 0, 0, 0, 0, 0, 0, 0, 0, 0, 0, 0, 0, 0, 0, 0, 0, 0, 0, 0, 0, 0, 0, 0, 0, 0, 0, 0, 0, 0, 0, 0, 0, 0, 0, 0.0211267601699, 0, 0, 0, 0, 0.00938967149705, 0, 0, 0, 0, 0, 0.0140845067799, 0, 0, 0, 0, 0, 0, 0.00469483574852, 0, 0, 0, 0, 0, 0, 0, 0, 0, 0, 0, 0, 0, 0, 0, 0, 0, 0, 0, 0, 0, 0, 0, 0, 0, 0, 0, 0, 0, 0, 0, 0, 0, 0, 0, 0, 0, 0, 0, 0, 0, 0, 0, 0, 0, 0, 0, 0, 0, 0, 0, 0, 0, 0, 0, 0, 0, 0, 0, 0, 0, 0, 0, 0]
},
"tonal": {
    "chords_changes_rate": 0.0667414441705,
    "chords_number_rate": 0.00224341009744,
    "chords_strength": {
        "mean": 0.46499684453,
        "stdev": 0.125733032823
    },
    "hpcp_crest": {
        "mean": 13.1492977142,
        "stdev": 7.39435243607
    },
    "hpcp_entropy": {
        "mean": 2.13951468468,
        "stdev": 0.845377326012
    },
    "key_edma": {
        "strength": 0.805340230465,
        "key": "C",
        "scale": "major"
    },
    "key_krumhansl": {
        "strength": 0.807580411434,
        "key": "C",
        "scale": "major"
    },
    "key_temperley": {
        "strength": 0.804765820503,
        "key": "C",
        "scale": "major"
    },
    "tuning_diatonic_strength": 0.609041929245,
    "tuning_equal_tempered_deviation": 0.302236258984,
    "tuning_frequency": 434.193115234,
    "tuning_nontempered_energy_ratio": 0.970125854015,
    "hpcp": {
        "mean": [0.15773460269, 0.186882421374, 0.117315813899, 0.072659611702, 0.0736484751105, 0.0738649219275, 0.156877323985, 0.225011855364, 0.1699436903, 0.234072476625, 0.280721247196, 0.154656946659, 0.0837319865823, 0.081811234355, 0.0869993194938, 0.131386324763, 0.190601631999, 0.151291176677, 0.0944528207183, 0.0920958295465, 0.101843260229, 0.202007859945, 0.283946484327, 0.211346060038, 0.141762599349, 0.116964168847, 0.0889033377171, 0.106919683516, 0.123414367437, 0.107872247696, 0.174420461059, 0.23943990469, 0.159947931767, 0.0989303663373, 0.0972051769495, 0.0962563753128],
        "stdev": [0.258206784725, 0.290094226599, 0.200127243996, 0.157774478197, 0.169185683131, 0.162290394306, 0.214803919196, 0.275281786919, 0.2319162637, 0.309374690056, 0.371474951506, 0.230372875929, 0.162711009383, 0.156211480498, 0.16172850132, 0.183105394244, 0.239688009024, 0.212055459619, 0.172649025917, 0.172429174185, 0.183667674661, 0.258481830359, 0.336930066347, 0.275780081749, 0.23301948607, 0.211702570319, 0.177956625819, 0.187056213617, 0.200250804424, 0.188151046634, 0.241873502731, 0.316189259291, 0.225892230868, 0.164677217603, 0.163873210549, 0.177845656872]
    },
    "chords_histogram": [23.3314647675, 10.4879417419, 20.2280807495, 3.92596745491, 2.22471499443, 0, 5.75808572769, 0.523462355137, 14.8438959122, 0.0186950825155, 0.35520657897, 0, 0.0747803300619, 0, 0.0186950825155, 2.61731171608, 0.112170502543, 1.60777711868, 0, 3.10338377953, 0, 0.71041315794, 1.94428861141, 8.11366653442],
    "thpcp": [1, 0.744316518307, 0.499258160591, 0.411923289299, 0.313098907471, 0.376548707485, 0.434639543295, 0.379903435707, 0.614272296429, 0.843257129192, 0.563303112984, 0.348412007093, 0.342336267233, 0.338994771242, 0.555508196354, 0.658160686493, 0.413161695004, 0.255891919136, 0.259374499321, 0.260136783123, 0.552489042282, 0.792444586754, 0.598506033421, 0.824354171753, 0.988641381264, 0.54466933012, 0.294886499643, 0.288122028112, 0.306393355131, 0.462715089321, 0.671258985996, 0.532815814018, 0.332643032074, 0.324342221022, 0.35867062211, 0.711429357529],
    "chords_key": "C",
    "chords_scale": "major"
}
}