{
"metadata": {
    "version": {
        "essentia": "2.1-dev",
        "essentia_git_sha": "v2.1_beta3-415-gd5473f3",
        "extractor": "music 2.0"
    },
    "audio_properties": {
        "analysis": {
            "equal_loudness": 0,
            "length": 225.384490967,
            "sample_rate": 44100,
            "start_time": 0,
            "downmix": "mix"
        },
        "bit_rate": 192000,
        "length": 225.384490967,
        "lossless": 0,
        "number_channels": 2,
        "replay_gain": -10.6277732849,
        "sample_rate": 44100,
        "codec": "mp3",
        "md5_encoded": "e81416a658f66920bce73e634acb24a8"
    },
    "tags": {
        "file_name": "sinch-something_more.mp3",
        "album": ["Sinch (Retail)"],
        "artist": ["Sinch"],
        "date": ["2002"],
        "genre": ["Hard Rock"],
        "title": ["Something More"],
        "tracknumber": ["4"]
    }
},
"lowlevel": {
    "average_loudness": 0.961115419865,
    "barkbands_crest": {
        "mean": 8.34224510193,
        "stdev": 3.57979345322
    },
    "barkbands_flatness_db": {
        "mean": 0.105835981667,
        "stdev": 0.0528575144708
    },
    "barkbands_kurtosis": {
        "mean": 1.51705372334,
        "stdev": 9.78674125671
    },
    "barkbands_skewness": {
        "mean": 0.955514192581,
        "stdev": 0.98416942358
    },
    "barkbands_spread": {
        "mean": 31.7711448669,
        "stdev": 15.5895042419
    },
    "dissonance": {
        "mean": 0.471552431583,
        "stdev": 0.0267018377781
    },
    "dynamic_complexity": 2.80103111267,
    "erbbands_crest": {
        "mean": 8.51101589203,
        "stdev": 4.10857582092
    },
    "erbbands_flatness_db": {
        "mean": 0.153077334166,
        "stdev": 0.0382202528417
    },
    "erbbands_kurtosis": {
        "mean": 0.118791677058,
        "stdev": 1.62853622437
    },
    "erbbands_skewness": {
        "mean": -0.0512272566557,
        "stdev": 0.717317223549
    },
    "erbbands_spread": {
        "mean": 36.212474823,
        "stdev": 13.4457073212
    },
    "hfc": {
        "mean": 32.743686676,
        "stdev": 21.4215011597
    },
    "loudness_ebu128": {
        "integrated": -11.6670656204,
        "loudness_range": 8.01378536224,
        "momentary": {
            "mean": -13.2839822769,
            "stdev": 4.88929414749
        },
        "short_term": {
            "mean": -12.7834768295,
            "stdev": 3.60384559631
        }
    },
    "melbands_crest": {
        "mean": 13.3789596558,
        "stdev": 4.72975826263
    },
    "melbands_flatness_db": {
        "mean": 0.160706788301,
        "stdev": 0.0710068717599
    },
    "melbands_kurtosis": {
        "mean": 7.01183223724,
        "stdev": 14.848069191
    },
    "melbands_skewness": {
        "mean": 2.05725669861,
        "stdev": 1.21680986881
    },
    "melbands_spread": {
        "mean": 36.9947471619,
        "stdev": 21.3356113434
    },
    "pitch_salience": {
        "mean": 0.567737996578,
        "stdev": 0.100976720452
    },
    "silence_rate_20dB": {
        "mean": 1,
        "stdev": 0
    },
    "silence_rate_30dB": {
        "mean": 1,
        "stdev": 0
    },
    "silence_rate_60dB": {
        "mean": 0.0750927105546,
        "stdev": 0.263552248478
    },
    "spectral_centroid": {
        "mean": 1832.92724609,
        "stdev": 721.468688965
    },
    "spectral_complexity": {
        "mean": 30.748249054,
        "stdev": 14.0025997162
    },
    "spectral_decrease": {
        "mean": -6.64812382922e-09,
        "stdev": 3.27423954616e-09
    },
    "spectral_energy": {
        "mean": 0.0280614569783,
        "stdev": 0.0135409729555
    },
    "spectral_energyband_high": {
        "mean": 0.00159572227858,
        "stdev": 0.00189904007129
    },
    "spectral_energyband_low": {
        "mean": 0.00846649054438,
        "stdev": 0.00801910366863
    },
    "spectral_energyband_middle_high": {
        "mean": 0.0087112672627,
        "stdev": 0.00651552481577
    },
    "spectral_energyband_middle_low": {
        "mean": 0.0103615121916,
        "stdev": 0.00763030676171
    },
    "spectral_entropy": {
        "mean": 7.6873383522,
        "stdev": 0.500181019306
    },
    "spectral_flux": {
        "mean": 0.0818949043751,
        "stdev": 0.0383126176894
    },
    "spectral_kurtosis": {
        "mean": 4.72046279907,
        "stdev": 4.47748374939
    },
    "spectral_rms": {
        "mean": 0.00497280899435,
        "stdev": 0.00162730750162
    },
    "spectral_rolloff": {
        "mean": 2250.27050781,
        "stdev": 1541.11962891
    },
    "spectral_skewness": {
        "mean": 1.46389782429,
        "stdev": 0.564082384109
    },
    "spectral_spread": {
        "mean": 4266560.5,
        "stdev": 1286892.5
    },
    "spectral_strongpeak": {
        "mean": 1.1642832756,
        "stdev": 1.58371829987
    },
    "zerocrossingrate": {
        "mean": 0.0763684362173,
        "stdev": 0.0367652885616
    },
    "barkbands": {
        "mean": [0.000233659928199, 0.00380378006957, 0.0035036590416, 0.00148259592243, 0.00169932167046, 0.00190324313007, 0.00145935930777, 0.00168951915111, 0.00188432564028, 0.000778225017712, 0.000678102893289, 0.00058237533085, 0.00106670137029, 0.000895892153494, 0.000838860694785, 0.000875358702615, 0.00128309905995, 0.000540732289664, 0.000662751961499, 0.000885956280399, 0.000402448582463, 0.000259446213022, 0.000220367262955, 0.000256281200564, 0.000135942114866, 3.61495876859e-05, 3.30024568029e-06],
        "stdev": [0.000405951752327, 0.00500910216942, 0.00446806382388, 0.00170172331855, 0.00175438716542, 0.00265480205417, 0.00307477382012, 0.00368106970564, 0.004359732382, 0.00165451643988, 0.00157923600636, 0.000995005946606, 0.00170295522548, 0.00156997819431, 0.00152574665844, 0.00116704741959, 0.00129374861717, 0.000648355635349, 0.000693557085469, 0.00117289251648, 0.000379689008696, 0.000367865752196, 0.000561917491723, 0.000632689567283, 0.000305090215988, 6.95116905263e-05, 9.03087402548e-06]
    },
    "erbbands": {
        "mean": [0.127332881093, 0.826637089252, 3.50741577148, 5.05815172195, 4.25510931015, 5.69642734528, 12.8894681931, 15.6205673218, 16.8910961151, 30.6723537445, 38.6904983521, 52.5491333008, 21.9237976074, 24.9691009521, 30.6196250916, 28.9982395172, 46.7467041016, 47.347202301, 48.7714118958, 43.3906669617, 59.0486068726, 61.6767539978, 31.7551994324, 35.0027999878, 37.4176025391, 41.4989280701, 19.9190139771, 13.4529161453, 10.1345310211, 6.55052518845, 6.4357380867, 5.47666168213, 4.12266921997, 2.03845000267, 0.69910889864, 0.228550732136, 0.0498154833913, 0.00894110929221, 0.00062146584969, 5.16817635798e-05],
        "stdev": [0.181237608194, 1.0745818615, 4.39293861389, 5.01565933228, 4.22122144699, 6.37980222702, 19.6361579895, 24.0830211639, 35.1784248352, 66.3125305176, 82.2315750122, 119.706481934, 43.7145767212, 53.8127593994, 67.3043289185, 44.1857452393, 72.5094070435, 72.1691894531, 90.1177902222, 70.2809295654, 63.4118843079, 60.7970809937, 34.8739585876, 38.3444290161, 38.4753761292, 54.7597885132, 18.8079452515, 13.5101337433, 13.8975887299, 12.9454307556, 17.7872581482, 14.6542663574, 9.79260540009, 4.6584239006, 1.65784263611, 0.466074824333, 0.0872405618429, 0.0171546787024, 0.00189541024156, 4.65325974801e-05]
    },
    "gfcc": {
        "mean": [23.3103561401, 81.2495651245, -128.542144775, 38.792011261, -52.726360321, 12.4914236069, -41.7521820068, 11.743563652, -25.9564342499, 5.28785276413, -17.0340328217, -5.45403766632, -11.7817926407],
        "cov": [[9536.76464844, -2153.86816406, -801.83996582, 1050.23706055, -449.101470947, 818.315490723, 133.969085693, 762.828369141, 211.438232422, 343.425415039, 125.490692139, 219.635421753, 121.894287109], [-2153.86816406, 1166.27624512, -5.9165096283, -318.715270996, 170.017227173, -326.273620605, 9.19086933136, -218.945220947, -20.1183319092, -85.1501235962, -11.557598114, -118.80316925, 20.417547226], [-801.83996582, -5.9165096283, 494.949584961, -7.6470990181, 63.7420921326, -9.81386947632, -43.151550293, -53.8057556152, -20.7694625854, -6.792760849, -16.3706874847, 28.8635063171, -41.9404792786], [1050.23706055, -318.715270996, -7.6470990181, 461.871643066, 38.7278747559, 199.420761108, 88.2535095215, 126.467483521, 58.4702987671, 52.2830963135, 31.1915302277, 28.6196136475, 60.6948394775], [-449.101470947, 170.017227173, 63.7420921326, 38.7278747559, 286.04095459, -9.2264919281, 67.8822784424, 4.93089580536, -4.79365491867, 11.2836074829, -0.115214705467, 4.39437818527, 10.62474823], [818.315490723, -326.273620605, -9.81386947632, 199.420761108, -9.2264919281, 284.969482422, 115.9818573, 111.285797119, 22.2955951691, 37.2793693542, 19.8643798828, 17.4456424713, 12.0962400436], [133.969085693, 9.19086933136, -43.151550293, 88.2535095215, 67.8822784424, 115.9818573, 227.379394531, 81.9402008057, 12.9253787994, 10.9273023605, 1.50934147835, 7.14972352982, 10.3094835281], [762.828369141, -218.945220947, -53.8057556152, 126.467483521, 4.93089580536, 111.285797119, 81.9402008057, 190.905517578, 60.8269615173, 43.642665863, 10.4441518784, 11.5746107101, 21.7174549103], [211.438232422, -20.1183319092, -20.7694625854, 58.4702987671, -4.79365491867, 22.2955951691, 12.9253787994, 60.8269615173, 111.559799194, 39.4567909241, 1.04008805752, -17.2169570923, 11.6199359894], [343.425415039, -85.1501235962, -6.792760849, 52.2830963135, 11.2836074829, 37.2793693542, 10.9273023605, 43.642665863, 39.4567909241, 94.7018585205, 26.5735816956, 7.92133188248, 8.96692752838], [125.490692139, -11.557598114, -16.3706874847, 31.1915302277, -0.115214705467, 19.8643798828, 1.50934147835, 10.4441518784, 1.04008805752, 26.5735816956, 75.0429916382, 35.9613265991, 9.56589412689], [219.635421753, -118.80316925, 28.8635063171, 28.6196136475, 4.39437818527, 17.4456424713, 7.14972352982, 11.5746107101, -17.2169570923, 7.92133188248, 35.9613265991, 108.744743347, 3.18045186996], [121.894287109, 20.417547226, -41.9404792786, 60.6948394775, 10.62474823, 12.0962400436, 10.3094835281, 21.7174549103, 11.6199359894, 8.96692752838, 9.56589412689, 3.18045186996, 77.3510894775]],
        "icov": [[0.000348623725586, 0.000173871594598, 0.000525532639585, -0.00041516116471, 0.000326209788909, -0.000296824699035, 0.000378812866984, -0.000702567282133, 0.000230109188124, -0.000650485511869, 0.000340999016771, -0.000494386593346, 0.000182809977559], [0.000173871594598, 0.00311233033426, 0.000106479194073, 0.000910133938305, -0.00121110130567, 0.00245650671422, -0.00221504410729, 0.00221124524251, -0.00153255660553, 0.00143484806176, -0.0027307679411, 0.00296120112762, -0.00201551080681], [0.000525532639585, 0.000106479194073, 0.00323155312799, -0.000882010732312, -0.000167253878317, -0.00096437020693, 0.00137580221053, -0.00050127011491, 0.000333773583407, -0.00121561251581, 0.00162329489831, -0.00189110229257, 0.00168692995794], [-0.00041516116471, 0.000910133938305, -0.000882010732312, 0.00474351551384, -0.00140882201958, -0.000973062531557, -0.00111527589615, 0.0011067702435, -0.00195918674581, 0.00135192170274, -0.00185550551396, 0.00128821725957, -0.00328863924369], [0.000326209788909, -0.00121110130567, -0.000167253878317, -0.00140882201958, 0.00520249316469, -0.000208848592592, -0.000439120194642, -0.00166336575057, 0.00155392847955, -0.00224313791841, 0.00162887014449, -0.00168318802025, 0.000558358151466], [-0.000296824699035, 0.00245650671422, -0.00096437020693, -0.000973062531557, -0.000208848592592, 0.00938202254474, -0.00486230757087, 0.000873088953085, -0.000164368218975, 0.00104794383515, -0.0034203431569, 0.00357737601735, -0.000796477834228], [0.000378812866984, -0.00221504410729, 0.00137580221053, -0.00111527589615, -0.000439120194642, -0.00486230757087, 0.00913637410849, -0.00448703346774, 0.00173130468465, -0.00122674240265, 0.00327135296538, -0.00336139090359, 0.00208737282082], [-0.000702567282133, 0.00221124524251, -0.00050127011491, 0.0011067702435, -0.00166336575057, 0.000873088953085, -0.00448703346774, 0.0129103846848, -0.00548944994807, 0.001260501449, -0.00214720936492, 0.00235277274624, -0.00270424946211], [0.000230109188124, -0.00153255660553, 0.000333773583407, -0.00195918674581, 0.00155392847955, -0.000164368218975, 0.00173130468465, -0.00548944994807, 0.0141728818417, -0.00563600054011, 0.00244587636553, 0.000535948260222, 0.00108269264456], [-0.000650485511869, 0.00143484806176, -0.00121561251581, 0.00135192170274, -0.00224313791841, 0.00104794383515, -0.00122674240265, 0.001260501449, -0.00563600054011, 0.0170348547399, -0.00714801996946, 0.00299134873785, -0.00148688058835], [0.000340999016771, -0.0027307679411, 0.00162329489831, -0.00185550551396, 0.00162887014449, -0.0034203431569, 0.00327135296538, -0.00214720936492, 0.00244587636553, -0.00714801996946, 0.0214160941541, -0.00932743027806, 0.00119378091767], [-0.000494386593346, 0.00296120112762, -0.00189110229257, 0.00128821725957, -0.00168318802025, 0.00357737601735, -0.00336139090359, 0.00235277274624, 0.000535948260222, 0.00299134873785, -0.00932743027806, 0.0160821024328, -0.00251457164995], [0.000182809977559, -0.00201551080681, 0.00168692995794, -0.00328863924369, 0.000558358151466, -0.000796477834228, 0.00208737282082, -0.00270424946211, 0.00108269264456, -0.00148688058835, 0.00119378091767, -0.00251457164995, 0.0171615406871]]
    },
    "melbands": {
        "mean": [0.00108617555816, 0.00157999398652, 0.000854559300933, 0.000349797279341, 0.000405778351706, 0.000343973952113, 0.000269420415862, 0.000338695768733, 0.000328433408868, 0.000300919957226, 9.92674686131e-05, 9.92308268906e-05, 9.79196338449e-05, 7.48763995944e-05, 7.84521907917e-05, 0.000110324377602, 8.59003412188e-05, 8.13824954093e-05, 5.47515446669e-05, 6.16659672232e-05, 7.54805732868e-05, 7.51409461373e-05, 3.33979478455e-05, 2.694275463e-05, 2.84723682853e-05, 2.33023056353e-05, 3.62833161489e-05, 2.40413646679e-05, 1.26253917188e-05, 9.94006495603e-06, 6.9562038334e-06, 6.153074537e-06, 4.09542053603e-06, 3.50076402356e-06, 3.61496449841e-06, 3.65563869309e-06, 3.24274537888e-06, 3.11266126118e-06, 2.21454820348e-06, 1.57537419909e-06],
        "stdev": [0.00146394455805, 0.00182854093146, 0.000780603324529, 0.000382732629078, 0.000561618770007, 0.00051533972146, 0.000555686710868, 0.000710921245627, 0.000675415736623, 0.000694403599482, 0.000218643268454, 0.000229025899898, 0.000232551799854, 0.000127964580315, 0.000118509145977, 0.000189040933037, 0.000146923164721, 0.000162787560839, 9.35802308959e-05, 9.84648140729e-05, 8.6170846771e-05, 7.98630571808e-05, 3.86888714274e-05, 3.33184761985e-05, 3.3971202356e-05, 2.58186810242e-05, 5.41206427442e-05, 3.13762320729e-05, 1.31606557261e-05, 9.70619021246e-06, 7.8747234511e-06, 8.50089782034e-06, 6.99152815287e-06, 7.86257714935e-06, 1.07855476017e-05, 9.99665462587e-06, 9.0765324785e-06, 7.64251672081e-06, 5.29282260686e-06, 3.76194043383e-06]
    },
    "melbands128": {
        "mean": [0.000215128267882, 0.00103751430288, 0.00143057224341, 0.00123570300639, 0.00171331013553, 0.00166455563158, 0.00110084167682, 0.000624176114798, 0.000354115356458, 0.000416366528952, 0.000312170712277, 0.000310090894345, 0.000494144042023, 0.000427954044426, 0.000423997029429, 0.000235415704083, 0.000174447253812, 0.00031005134224, 0.000278541818261, 0.00039454625221, 0.000331352435751, 0.000305359979393, 0.000319113198202, 0.000294193916488, 0.000487135432195, 0.000221286580199, 7.602693222e-05, 0.000110685381514, 7.12278051651e-05, 0.00013534205209, 9.0212241048e-05, 6.51593873044e-05, 0.000112797919428, 0.000126180471852, 4.79167829326e-05, 7.88789693615e-05, 8.78487771843e-05, 4.45550504082e-05, 0.000111641093099, 0.000106521139969, 0.000117844807392, 0.000101246703707, 7.19822201063e-05, 8.56221158756e-05, 9.45293431869e-05, 7.60643379181e-05, 8.06035750429e-05, 4.52792701253e-05, 4.51360210718e-05, 6.72996684443e-05, 6.60313089611e-05, 5.67644892726e-05, 4.73604632134e-05, 9.71344270511e-05, 0.000113610432891, 7.04142585164e-05, 4.33493987657e-05, 4.53779430245e-05, 2.42061742028e-05, 2.31109461311e-05, 2.80504282273e-05, 2.77839026239e-05, 3.09927199851e-05, 3.0304212487e-05, 2.24270297622e-05, 2.22284197662e-05, 2.49367785727e-05, 2.27202399401e-05, 4.79181835544e-05, 4.42023010692e-05, 2.19156409003e-05, 1.54988829308e-05, 1.32507702801e-05, 1.29633208417e-05, 1.08141866804e-05, 9.915521332e-06, 1.06308698378e-05, 7.01133194525e-06, 6.45599857307e-06, 6.73689646646e-06, 6.27880262982e-06, 5.88196962781e-06, 5.57379235033e-06, 3.54930534741e-06, 3.37158530783e-06, 3.46079150404e-06, 3.59719638254e-06, 3.51363905793e-06, 3.29281897393e-06, 4.12541703554e-06, 3.72283170691e-06, 3.60681974598e-06, 3.4200936625e-06, 3.14623707709e-06, 3.13465579893e-06, 3.35970116794e-06, 3.15969759868e-06, 2.69564043265e-06, 2.29804027185e-06, 1.97533336177e-06, 1.689276246e-06, 1.59795513355e-06, 1.31450428853e-06, 9.35643925004e-07, 7.33449155632e-07, 5.74242676521e-07, 4.61838851606e-07, 4.1770124426e-07, 4.57398812159e-07, 3.27049718862e-07, 1.92994193071e-07, 1.6901687161e-07, 1.34966853693e-07, 1.1678531564e-07, 1.1074617845e-07, 9.16910991577e-08, 6.49962075272e-08, 2.32369092856e-08, 1.72936491794e-08, 2.46609772603e-08, 1.11446381013e-08, 4.42785319521e-09, 1.05671560391e-09, 4.78723918146e-12, 3.71076606942e-12, 3.66587576267e-12, 3.6322943351e-12, 3.60734424103e-12],
        "stdev": [0.000378712633392, 0.00159106624778, 0.00208039325662, 0.00176340364851, 0.00228309235536, 0.00207091402262, 0.00120166444685, 0.000701665412635, 0.000468906044262, 0.0006152013666, 0.000457118992927, 0.000500697235111, 0.000912705087103, 0.000786757329479, 0.00078041665256, 0.000557638239115, 0.000594936485868, 0.000848228170071, 0.000793194107246, 0.00110573915299, 0.0010532210581, 0.000873685698025, 0.000977535033599, 0.000924796971958, 0.00134116015397, 0.00075907970313, 0.000225083465921, 0.000367574364645, 0.000203057512408, 0.000385997322155, 0.000277856423054, 0.000207012999454, 0.00036868287134, 0.000371255155187, 0.000161732707056, 0.000184081014595, 0.000175732027856, 0.000110948894871, 0.000253176141996, 0.000225334151764, 0.000317705300404, 0.000253646780038, 0.00019387435168, 0.000193633633899, 0.000275670172414, 0.000271508761216, 0.000189831887837, 0.000140824326081, 0.000110061067971, 0.000187790006748, 0.000151939078933, 9.42238548305e-05, 6.99794909451e-05, 0.000159125338541, 0.000162604017532, 0.000107341424155, 6.14186355961e-05, 6.17496771156e-05, 4.23708697781e-05, 4.08295272791e-05, 4.42457130703e-05, 4.1938303184e-05, 5.26928561158e-05, 4.10844259022e-05, 3.31818810082e-05, 3.20538565575e-05, 3.10046925733e-05, 3.58595352736e-05, 0.000105648003228, 8.81669184309e-05, 3.59433724952e-05, 2.07453267649e-05, 1.94933600142e-05, 1.63290987985e-05, 1.31312708618e-05, 1.13439682536e-05, 1.24507396322e-05, 8.7661546786e-06, 9.40776499192e-06, 9.56358144322e-06, 9.64779792412e-06, 9.97581628326e-06, 1.02156454886e-05, 6.66486857881e-06, 7.41498979551e-06, 8.29174496175e-06, 8.37396964926e-06, 1.14144477266e-05, 1.14366175694e-05, 1.34861074912e-05, 1.09546799649e-05, 1.04913196992e-05, 1.07509295049e-05, 9.62872672972e-06, 9.31968315854e-06, 8.68247570907e-06, 8.23561185825e-06, 6.96582037563e-06, 6.24223775958e-06, 4.78050833408e-06, 3.85641988032e-06, 4.42977943749e-06, 3.59977661901e-06, 2.90409820991e-06, 2.00936278816e-06, 1.30237970097e-06, 9.38845232668e-07, 8.77433990354e-07, 1.17565582514e-06, 8.78031755747e-07, 4.10566002529e-07, 2.97258338833e-07, 2.36296841649e-07, 2.23211955586e-07, 2.18950418684e-07, 1.83208484827e-07, 1.31997367703e-07, 8.36632167989e-08, 8.46728696047e-08, 1.05777324677e-07, 6.06612857723e-08, 2.76961014123e-08, 1.00108463741e-08, 2.29688698616e-11, 5.64362835978e-12, 5.57143697497e-12, 5.51884666439e-12, 5.48622432206e-12]
    },
    "mfcc": {
        "mean": [-612.878234863, 105.536216736, -11.5151557922, 25.2279701233, 9.98311424255, 1.77789461613, 1.52171194553, -3.16987228394, 1.65684616566, 1.20791864395, -0.585677087307, 3.10596132278, -1.28661990166],
        "cov": [[9006.0859375, -1992.01525879, -619.56628418, 308.232818604, -161.217330933, 142.509857178, 277.936096191, 320.401367188, 356.316741943, 500.200012207, 137.535186768, 197.434936523, 126.88835144], [-1992.01525879, 1139.80419922, -131.185073853, -89.6760177612, -6.16057014465, -136.813812256, -99.0221557617, -173.061737061, -65.4659042358, -176.475128174, -11.2321052551, -51.3630714417, -11.1189413071], [-619.56628418, -131.185073853, 455.092010498, -4.11150455475, 45.8367843628, 52.8654785156, -31.951751709, 9.11664485931, -41.1970405579, -25.1956119537, -11.5333452225, 10.7259378433, 4.29899406433], [308.232818604, -89.6760177612, -4.11150455475, 252.474060059, 75.966255188, 51.4266967773, 45.8344421387, 48.0075035095, 50.3955345154, 57.1830825806, -3.15355110168, 26.6430072784, 8.57716846466], [-161.217330933, -6.16057014465, 45.8367843628, 75.966255188, 193.537628174, 26.109292984, 6.03148317337, -10.1581668854, 8.75846481323, 21.5453796387, -14.3225717545, 14.6648902893, -0.0856775045395], [142.509857178, -136.813812256, 52.8654785156, 51.4266967773, 26.109292984, 174.588989258, 84.555229187, 59.9591217041, 16.2481002808, 50.5493507385, 7.53422307968, 13.8125495911, -5.17128801346], [277.936096191, -99.0221557617, -31.951751709, 45.8344421387, 6.03148317337, 84.555229187, 188.210113525, 93.7228622437, 40.5410919189, 49.3040161133, 13.9071817398, 20.1738529205, 8.64207649231], [320.401367188, -173.061737061, 9.11664485931, 48.0075035095, -10.1581668854, 59.9591217041, 93.7228622437, 166.695175171, 42.165184021, 48.7959709167, 10.1283493042, 19.388004303, 0.466855376959], [356.316741943, -65.4659042358, -41.1970405579, 50.3955345154, 8.75846481323, 16.2481002808, 40.5410919189, 42.165184021, 127.10710144, 85.5578460693, 22.6059455872, 16.1434612274, -8.61372852325], [500.200012207, -176.475128174, -25.1956119537, 57.1830825806, 21.5453796387, 50.5493507385, 49.3040161133, 48.7959709167, 85.5578460693, 160.692657471, 30.4587669373, 26.8167648315, -13.724691391], [137.535186768, -11.2321052551, -11.5333452225, -3.15355110168, -14.3225717545, 7.53422307968, 13.9071817398, 10.1283493042, 22.6059455872, 30.4587669373, 79.1201553345, 21.5819225311, 8.38189792633], [197.434936523, -51.3630714417, 10.7259378433, 26.6430072784, 14.6648902893, 13.8125495911, 20.1738529205, 19.388004303, 16.1434612274, 26.8167648315, 21.5819225311, 81.1534729004, 26.8175792694], [126.88835144, -11.1189413071, 4.29899406433, 8.57716846466, -0.0856775045395, -5.17128801346, 8.64207649231, 0.466855376959, -8.61372852325, -13.724691391, 8.38189792633, 26.8175792694, 88.2179794312]],
        "icov": [[0.000302835513139, 0.000561146007385, 0.000510172627401, -0.00015988915402, 0.00024371870677, 6.4003674197e-05, 3.40443534697e-06, 0.000151339132572, -0.000320256309351, -7.82019196777e-05, -0.000134957066621, -0.000255922379438, -0.000324134365655], [0.000561146007385, 0.00234139407985, 0.00129919836763, -0.000259944383288, 0.00021751067834, 0.000435858237324, -0.000175094624865, 0.00125887035392, -0.00102745823096, 0.00133788818493, -0.000707807717845, -0.00030895578675, -0.000244809431024], [0.000510172627401, 0.00129919836763, 0.00353462947533, -3.79250786864e-06, -0.000296620914014, -0.00100065418519, 0.00102690607309, -0.000115997419925, -7.85976881161e-05, 0.000655904703308, -0.000254375219811, -0.000848655239679, -0.00052434328245], [-0.00015988915402, -0.000259944383288, -3.79250786864e-06, 0.00542015349492, -0.00198768568225, -0.000857274397276, 7.28222657926e-05, -0.000952626985963, -0.00113404879812, -0.000443866039859, 0.000989352003671, -0.000570766220335, -0.000484141666675], [0.00024371870677, 0.00021751067834, -0.000296620914014, -0.00198768568225, 0.00666030170396, -0.000384105747798, -0.000236148582189, 0.00139298674185, -0.000101317396911, -0.000988588784821, 0.00132257922087, -0.00116370629985, -5.13117411174e-05], [6.4003674197e-05, 0.000435858237324, -0.00100065418519, -0.000857274397276, -0.000384105747798, 0.00887517817318, -0.00343002914451, -0.000515223131515, 0.00153286103159, -0.00181831337977, -0.00035056885099, 0.000195079745026, 0.000794404768385], [3.40443534697e-06, -0.000175094624865, 0.00102690607309, 7.28222657926e-05, -0.000236148582189, -0.00343002914451, 0.00919023901224, -0.00389482709579, -0.000899628561456, -0.000116761562822, -0.000189648242667, -0.000360515288776, -0.0011434671469], [0.000151339132572, 0.00125887035392, -0.000115997419925, -0.000952626985963, 0.00139298674185, -0.000515223131515, -0.00389482709579, 0.0101685645059, -0.00174802448601, 0.000413599831518, 6.13197262282e-05, -0.000832004006952, 0.000478912028484], [-0.000320256309351, -0.00102745823096, -7.85976881161e-05, -0.00113404879812, -0.000101317396911, 0.00153286103159, -0.000899628561456, -0.00174802448601, 0.0140194771811, -0.00662505393848, -0.00106070481706, 0.000265310431132, 0.000990673084743], [-7.82019196777e-05, 0.00133788818493, 0.000655904703308, -0.000443866039859, -0.000988588784821, -0.00181831337977, -0.000116761562822, 0.000413599831518, -0.00662505393848, 0.0133224213496, -0.0026734303683, -0.00164336536545, 0.00237336708233], [-0.000134957066621, -0.000707807717845, -0.000254375219811, 0.000989352003671, 0.00132257922087, -0.00035056885099, -0.000189648242667, 6.13197262282e-05, -0.00106070481706, -0.0026734303683, 0.0153915891424, -0.00323296361603, -0.000979009317234], [-0.000255922379438, -0.00030895578675, -0.000848655239679, -0.000570766220335, -0.00116370629985, 0.000195079745026, -0.000360515288776, -0.000832004006952, 0.000265310431132, -0.00164336536545, -0.00323296361603, 0.0163211375475, -0.00440804753453], [-0.000324134365655, -0.000244809431024, -0.00052434328245, -0.000484141666675, -5.13117411174e-05, 0.000794404768385, -0.0011434671469, 0.000478912028484, 0.000990673084743, 0.00237336708233, -0.000979009317234, -0.00440804753453, 0.0138985486701]]
    },
    "spectral_contrast_coeffs": {
        "mean": [-0.710694909096, -0.735925972462, -0.758589029312, -0.774994254112, -0.774153113365, -0.760229945183],
        "stdev": [0.0812203362584, 0.0779541656375, 0.0594235211611, 0.046388130635, 0.0414702817798, 0.0405429266393]
    },
    "spectral_contrast_valleys": {
        "mean": [-6.66574335098, -6.70199155807, -7.42099285126, -7.22617959976, -7.11089038849, -9.89346790314],
        "stdev": [0.948404490948, 0.900362551212, 1.03036618233, 1.13646495342, 1.30438745022, 1.36895298958]
    }
},
"rhythm": {
    "beats_count": 508,
    "beats_loudness": {
        "mean": 0.0292987059802,
        "stdev": 0.0124063622206
    },
    "bpm": 140.101654053,
    "bpm_histogram_first_peak_bpm": 140,
    "bpm_histogram_first_peak_weight": 0.346846818924,
    "bpm_histogram_second_peak_bpm": 133,
    "bpm_histogram_second_peak_spread": 0.304347872734,
    "bpm_histogram_second_peak_weight": 0.0315581858158,
    "danceability": 0.879351615906,
    "onset_rate": 2.65754365921,
    "beats_loudness_band_ratio": {
        "mean": [0.342434048653, 0.143760338426, 0.171284779906, 0.120205022395, 0.149531111121, 0.0983919277787],
        "stdev": [0.196911990643, 0.130430743098, 0.156073197722, 0.100217804313, 0.102474875748, 0.0791655182838]
    },
    "beats_position": [0.66176867485, 1.33514738083, 2.00852608681, 2.68190479279, 3.35528349876, 4.04027223587, 4.73687076569, 5.44507932663, 6.1648979187, 6.88471651077, 7.52326536179, 8.16181373596, 8.82358264923, 9.42730140686, 10.0310201645, 10.47219944, 10.9133787155, 11.3429479599, 11.7725172043, 12.1904764175, 12.6200447083, 13.0496139526, 13.479183197, 13.9087524414, 14.3267116547, 14.7446708679, 15.1742401123, 15.6038093567, 16.0449886322, 16.4861679077, 16.904127121, 17.3220863342, 17.7516555786, 18.181224823, 18.6107940674, 19.0403633118, 19.4699325562, 19.8994998932, 20.3174591064, 20.7470283508, 21.1765975952, 21.6061668396, 22.035736084, 22.4653053284, 22.8948745728, 23.312833786, 23.7424030304, 24.1719722748, 24.6015415192, 25.0311107635, 25.4606800079, 25.8902492523, 26.3198184967, 26.73777771, 27.1557369232, 27.5736961365, 28.0032653809, 28.4444446564, 28.8856239319, 29.3268013, 29.7447605133, 30.1627197266, 30.5922889709, 31.0218582153, 31.4514274597, 31.8809967041, 32.3105659485, 32.7401351929, 33.1580963135, 33.5876655579, 34.0172348022, 34.4468002319, 34.8763694763, 35.2943305969, 35.7238998413, 36.1534690857, 36.5714263916, 37.000995636, 37.4305648804, 37.8601341248, 38.2897033691, 38.7076644897, 39.1372337341, 39.5668029785, 39.9963722229, 40.4259414673, 40.8671188354, 41.2850799561, 41.703037262, 42.1326065063, 42.5737876892, 43.0033569336, 43.432926178, 43.8624954224, 44.2920608521, 44.7216300964, 45.1511993408, 45.5807685852, 46.0103378296, 46.439907074, 46.8694763184, 47.2990455627, 47.7170066833, 48.1349639893, 48.5645332336, 48.994102478, 49.4236717224, 49.8532409668, 50.2828102112, 50.7123794556, 51.1419487, 51.5715179443, 51.9894790649, 52.4074363708, 52.8370056152, 53.2665748596, 53.696144104, 54.1257133484, 54.5552825928, 54.9848518372, 55.4028091431, 55.8323783875, 56.2619476318, 56.6915168762, 57.1210861206, 57.5390472412, 57.9802246094, 58.4097938538, 58.8393630981, 59.2573242188, 59.6752815247, 60.1164627075, 60.5460319519, 60.9756011963, 61.4051704407, 61.8347396851, 62.252696991, 62.6822662354, 63.1118354797, 63.5414047241, 63.9709739685, 64.4005432129, 64.8301086426, 65.2596817017, 65.6892471313, 66.107208252, 66.536781311, 66.9663467407, 67.3843078613, 67.8022689819, 68.2318344116, 68.6614074707, 69.0909729004, 69.5205459595, 69.9617233276, 70.3796844482, 70.8092498779, 71.238822937, 71.6683883667, 72.0979614258, 72.5275268555, 72.9570999146, 73.3982772827, 73.8162307739, 74.245803833, 74.6753692627, 75.1049423218, 75.5229034424, 75.9408569336, 76.3704299927, 76.8116073608, 77.2295684814, 77.6591339111, 78.0887069702, 78.5182723999, 78.9362335205, 79.3658065796, 79.8069839478, 80.2481613159, 80.6661224365, 81.0956878662, 81.5136489868, 81.9432220459, 82.3727874756, 82.7907485962, 83.2203140259, 83.649887085, 84.0794525146, 84.5090255737, 84.9502029419, 85.3797683716, 85.7977294922, 86.2156906128, 86.6452560425, 87.0748291016, 87.5043945312, 87.9339675903, 88.36353302, 88.7931060791, 89.2110671997, 89.6406326294, 90.0702056885, 90.4997711182, 90.9293441772, 91.3472976685, 91.7768707275, 92.2064361572, 92.6243972778, 93.065574646, 93.4951477051, 93.9247131348, 94.3426742554, 94.7722396851, 95.2018127441, 95.6313781738, 96.0609512329, 96.4905166626, 96.9200897217, 97.3380508423, 97.767616272, 98.1971893311, 98.6151428223, 99.0563278198, 99.4858932495, 99.9154663086, 100.345031738, 100.774604797, 101.192558289, 101.622131348, 102.051696777, 102.481269836, 102.910835266, 103.352012634, 103.769973755, 104.187934875, 104.617500305, 105.047073364, 105.476638794, 105.906211853, 106.335777283, 106.765350342, 107.194915771, 107.624488831, 108.042449951, 108.460403442, 108.889976501, 109.319541931, 109.737503052, 110.17868042, 110.608253479, 111.037818909, 111.467391968, 111.896957397, 112.326530457, 112.756095886, 113.174057007, 113.592018127, 114.021583557, 114.451156616, 114.880722046, 115.310295105, 115.739860535, 116.169433594, 116.610610962, 117.040176392, 117.458137512, 117.887710571, 118.317276001, 118.74684906, 119.164802551, 119.59437561, 120.02394104, 120.453514099, 120.883079529, 121.301040649, 121.730613708, 122.160179138, 122.601356506, 123.019317627, 123.448883057, 123.878456116, 124.308021545, 124.737594604, 125.155555725, 125.585121155, 126.014694214, 126.444259644, 126.873832703, 127.291786194, 127.709747314, 128.139312744, 128.568893433, 128.998458862, 129.428024292, 129.857589722, 130.28717041, 130.71673584, 131.14630127, 131.575866699, 132.005432129, 132.435012817, 132.864578247, 133.294143677, 133.723709106, 134.153289795, 134.571243286, 134.989196777, 135.407165527, 135.836730957, 136.254684448, 136.684265137, 137.113830566, 137.543395996, 137.972961426, 138.390930176, 138.808883667, 139.238449097, 139.668029785, 140.097595215, 140.527160645, 140.956726074, 141.386306763, 141.804260254, 142.222213745, 142.640182495, 143.069747925, 143.510925293, 143.952102661, 144.381668091, 144.822860718, 145.252426147, 145.681991577, 146.123168945, 146.552734375, 146.993927002, 147.423492432, 147.841445923, 148.271011353, 148.700592041, 149.130157471, 149.5597229, 149.97769165, 150.40725708, 150.825210571, 151.254776001, 151.684356689, 152.113922119, 152.543487549, 152.973052979, 153.391021729, 153.820587158, 154.250152588, 154.679718018, 155.109298706, 155.538864136, 155.968429565, 156.386398315, 156.827575684, 157.268753052, 157.686706543, 158.104675293, 158.534240723, 158.963806152, 159.393371582, 159.822952271, 160.2525177, 160.68208313, 161.100036621, 161.52961731, 161.959182739, 162.37713623, 162.80670166, 163.236282349, 163.665847778, 164.095413208, 164.536590576, 164.954559326, 165.372512817, 165.813690186, 166.254867554, 166.684448242, 167.12562561, 167.55519104, 167.98475647, 168.40272522, 168.820678711, 169.238632202, 169.668212891, 170.09777832, 170.52734375, 170.945297241, 171.37487793, 171.804443359, 172.222396851, 172.640365601, 173.081542969, 173.522720337, 173.963897705, 174.381851196, 174.799819946, 175.217773438, 175.647338867, 176.076919556, 176.518096924, 176.936050415, 177.365615845, 177.795196533, 178.224761963, 178.654327393, 179.072280884, 179.501861572, 179.931427002, 180.360992432, 180.790557861, 181.208526611, 181.638092041, 182.067657471, 182.4972229, 182.926803589, 183.356369019, 183.785934448, 184.203903198, 184.633468628, 185.063034058, 185.492599487, 185.922180176, 186.351745605, 186.781311035, 187.199264526, 187.617233276, 188.058410645, 188.487976074, 188.917541504, 189.358734131, 189.776687622, 190.206253052, 190.624221802, 191.053787231, 191.471740723, 191.912918091, 192.342483521, 192.772064209, 193.213241577, 193.654418945, 194.095596313, 194.536773682, 194.966339111, 195.3959198, 195.837097168, 196.278274536, 196.707839966, 197.137405396, 197.578598022, 198.03137207, 198.484161377, 198.936950684, 199.378143311, 199.830932617, 200.272109985, 200.713287354, 201.154464722, 201.59564209, 202.048431396, 202.501220703, 202.95401001, 203.395187378, 203.859588623, 204.323989868, 204.776779175, 205.229568481, 205.682357788, 206.158370972, 206.622756958, 207.087158203, 207.53994751, 208.004348755, 208.457138062, 208.909927368, 209.374328613, 209.861953735, 210.349563599, 210.825576782, 211.348022461, 211.87046814, 212.404525757, 212.926986694, 213.449432373, 213.971878052, 214.49432373, 215.016769409, 215.481170654, 215.933959961, 216.386749268, 216.839538574, 217.396820068, 217.954101562, 218.499771118, 219.045440674, 219.591110229, 220.148391724, 220.705657959, 221.262939453, 221.831832886, 222.400726318, 222.958007812, 223.515274048, 224.072555542, 224.629837036],
    "bpm_histogram": [0, 0, 0, 0, 0, 0, 0, 0, 0, 0, 0, 0, 0, 0, 0, 0, 0, 0, 0, 0, 0, 0, 0, 0, 0, 0, 0, 0, 0, 0, 0, 0, 0, 0, 0, 0, 0, 0, 0, 0, 0, 0, 0, 0, 0, 0, 0, 0, 0, 0, 0, 0, 0, 0, 0, 0, 0, 0, 0, 0, 0, 0, 0, 0, 0, 0, 0, 0, 0, 0, 0, 0, 0, 0, 0, 0, 0, 0, 0, 0, 0, 0, 0, 0.00394477322698, 0, 0.00197238661349, 0.00197238661349, 0, 0.00197238661349, 0.00788954645395, 0, 0.00197238661349, 0, 0, 0.00394477322698, 0, 0, 0, 0, 0.00394477322698, 0, 0, 0, 0, 0, 0.00394477322698, 0, 0, 0.0177514795214, 0, 0.00591715984046, 0, 0.00197238661349, 0, 0, 0.0138067062944, 0, 0, 0, 0, 0, 0, 0, 0.00394477322698, 0, 0, 0.00394477322698, 0, 0, 0.0138067062944, 0, 0, 0, 0.0315581858158, 0, 0, 0.106508873403, 0, 0, 0, 0.571992099285, 0, 0, 0, 0.197238653898, 0, 0, 0, 0, 0, 0, 0, 0, 0, 0, 0, 0, 0, 0, 0, 0, 0, 0, 0, 0, 0, 0, 0, 0, 0, 0, 0, 0, 0, 0, 0, 0, 0, 0, 0, 0, 0, 0, 0, 0, 0, 0, 0, 0, 0, 0, 0, 0, 0, 0, 0, 0, 0, 0, 0, 0, 0, 0, 0, 0, 0, 0, 0, 0, 0, 0, 0, 0, 0, 0, 0, 0, 0, 0, 0, 0, 0, 0, 0, 0, 0, 0, 0, 0, 0, 0, 0, 0, 0, 0, 0, 0, 0, 0, 0, 0, 0, 0, 0, 0, 0, 0, 0, 0, 0]
},
"tonal": {
    "chords_changes_rate": 0.0698249191046,
    "chords_number_rate": 0.00226570549421,
    "chords_strength": {
        "mean": 0.505690515041,
        "stdev": 0.0922162756324
    },
    "hpcp_crest": {
        "mean": 12.8496770859,
        "stdev": 5.87687826157
    },
    "hpcp_entropy": {
        "mean": 2.08834958076,
        "stdev": 0.703866064548
    },
    "key_edma": {
        "strength": 0.77376896143,
        "key": "D",
        "scale": "minor"
    },
    "key_krumhansl": {
        "strength": 0.785228073597,
        "key": "D",
        "scale": "minor"
    },
    "key_temperley": {
        "strength": 0.782839417458,
        "key": "D",
        "scale": "minor"
    },
    "tuning_diatonic_strength": 0.573684155941,
    "tuning_equal_tempered_deviation": 0.244861602783,
    "tuning_frequency": 434.193115234,
    "tuning_nontempered_energy_ratio": 0.950453460217,
    "hpcp": {
        "mean": [0.299676656723, 0.311310201883, 0.154652357101, 0.161916986108, 0.165152281523, 0.0936847999692, 0.0958550348878, 0.116651020944, 0.105541177094, 0.158092141151, 0.167618155479, 0.0945077165961, 0.067055888474, 0.0707661136985, 0.101287096739, 0.309466511011, 0.383927673101, 0.183600902557, 0.0750448331237, 0.0568100959063, 0.0589047707617, 0.159620478749, 0.205669239163, 0.137007147074, 0.19198217988, 0.206490546465, 0.108252733946, 0.0838909670711, 0.0783535465598, 0.0687354877591, 0.120463356376, 0.142127856612, 0.0987666025758, 0.0849573090672, 0.0817126631737, 0.120279535651],
        "stdev": [0.328163146973, 0.314258038998, 0.218848749995, 0.281865626574, 0.30801230669, 0.18259370327, 0.187505707145, 0.229620069265, 0.187129333615, 0.23994128406, 0.248773738742, 0.172207131982, 0.145271986723, 0.147951960564, 0.177678659558, 0.315416127443, 0.367442637682, 0.214719802141, 0.134147763252, 0.108586601913, 0.11635196954, 0.227862477303, 0.284517079592, 0.192881464958, 0.280380576849, 0.299626499414, 0.183888241649, 0.141272768378, 0.137135639787, 0.133053794503, 0.199481353164, 0.231148913503, 0.167117238045, 0.161267310381, 0.160797655582, 0.19708584249]
    },
    "chords_histogram": [37.7136955261, 6.54994869232, 7.22966003418, 2.51287341118, 1.17404735088, 8.79505634308, 0.453141093254, 7.88877439499, 0, 2.18331623077, 0, 1.89495360851, 0, 0, 0, 0, 0.329557150602, 0, 0.988671481609, 0, 0.226570546627, 0, 6.38516998291, 15.6745624542],
    "thpcp": [1, 0.478217422962, 0.195466071367, 0.147970825434, 0.153426736593, 0.415756642818, 0.535697877407, 0.356856673956, 0.500047802925, 0.537837088108, 0.281961262226, 0.218507215381, 0.204084128141, 0.179032385349, 0.313765764236, 0.370194345713, 0.257253140211, 0.221284672618, 0.212833479047, 0.313286960125, 0.780554950237, 0.81085640192, 0.402816385031, 0.421738266945, 0.430165082216, 0.24401679635, 0.249669507146, 0.30383592844, 0.274898588657, 0.41177585721, 0.436587840319, 0.246160209179, 0.174657613039, 0.184321478009, 0.263818174601, 0.8060541749],
    "chords_key": "D",
    "chords_scale": "minor"
}
}