{
"metadata": {
    "version": {
        "essentia": "2.1-dev",
        "essentia_git_sha": "v2.1_beta3-415-gd5473f3",
        "extractor": "music 2.0"
    },
    "audio_properties": {
        "analysis": {
            "equal_loudness": 0,
            "length": 197.746932983,
            "sample_rate": 44100,
            "start_time": 0,
            "downmix": "mix"
        },
        "bit_rate": 192000,
        "length": 197.746932983,
        "lossless": 0,
        "number_channels": 2,
        "replay_gain": -8.03483200073,
        "sample_rate": 44100,
        "codec": "mp3",
        "md5_encoded": "7d96352343960e168c62a024863efda1"
    },
    "tags": {
        "file_name": "sponge-plowed.mp3",
        "title": ["Sponge - Plowed"]
    }
},
"lowlevel": {
    "average_loudness": 0.880589306355,
    "barkbands_crest": {
        "mean": 9.33614253998,
        "stdev": 4.90844917297
    },
    "barkbands_flatness_db": {
        "mean": 0.1357562989,
        "stdev": 0.0643142834306
    },
    "barkbands_kurtosis": {
        "mean": 1.69700849056,
        "stdev": 5.76324081421
    },
    "barkbands_skewness": {
        "mean": 1.05493605137,
        "stdev": 1.05055570602
    },
    "barkbands_spread": {
        "mean": 26.9990444183,
        "stdev": 10.8457727432
    },
    "dissonance": {
        "mean": 0.471202373505,
        "stdev": 0.032053720206
    },
    "dynamic_complexity": 3.83283090591,
    "erbbands_crest": {
        "mean": 9.07593250275,
        "stdev": 5.41856384277
    },
    "erbbands_flatness_db": {
        "mean": 0.172587767243,
        "stdev": 0.0617326311767
    },
    "erbbands_kurtosis": {
        "mean": 0.19417335093,
        "stdev": 1.97594845295
    },
    "erbbands_skewness": {
        "mean": -0.00210237083957,
        "stdev": 0.883019864559
    },
    "erbbands_spread": {
        "mean": 35.3296661377,
        "stdev": 13.4388122559
    },
    "hfc": {
        "mean": 23.96434021,
        "stdev": 15.8127832413
    },
    "loudness_ebu128": {
        "integrated": -14.3663663864,
        "loudness_range": 4.74205970764,
        "momentary": {
            "mean": -18.3019371033,
            "stdev": 20.6001682281
        },
        "short_term": {
            "mean": -16.2608737946,
            "stdev": 7.14234209061
        }
    },
    "melbands_crest": {
        "mean": 12.7008180618,
        "stdev": 5.66943693161
    },
    "melbands_flatness_db": {
        "mean": 0.176831692457,
        "stdev": 0.0752995163202
    },
    "melbands_kurtosis": {
        "mean": 8.18887138367,
        "stdev": 17.2248973846
    },
    "melbands_skewness": {
        "mean": 2.11671519279,
        "stdev": 1.48042416573
    },
    "melbands_spread": {
        "mean": 30.8530864716,
        "stdev": 16.3806934357
    },
    "pitch_salience": {
        "mean": 0.558644294739,
        "stdev": 0.131513834
    },
    "silence_rate_20dB": {
        "mean": 1,
        "stdev": 0
    },
    "silence_rate_30dB": {
        "mean": 0.993895292282,
        "stdev": 0.0778961330652
    },
    "silence_rate_60dB": {
        "mean": 0.107654377818,
        "stdev": 0.309953570366
    },
    "spectral_centroid": {
        "mean": 1770.15258789,
        "stdev": 939.555175781
    },
    "spectral_complexity": {
        "mean": 26.9970645905,
        "stdev": 11.8410673141
    },
    "spectral_decrease": {
        "mean": -7.28770110925e-09,
        "stdev": 5.8030789063e-09
    },
    "spectral_energy": {
        "mean": 0.0296791065484,
        "stdev": 0.0227636564523
    },
    "spectral_energyband_high": {
        "mean": 0.000827930227388,
        "stdev": 0.000896821788047
    },
    "spectral_energyband_low": {
        "mean": 0.0105812642723,
        "stdev": 0.0176660921425
    },
    "spectral_energyband_middle_high": {
        "mean": 0.00724852038547,
        "stdev": 0.0057626995258
    },
    "spectral_energyband_middle_low": {
        "mean": 0.0114397099242,
        "stdev": 0.00992389768362
    },
    "spectral_entropy": {
        "mean": 7.65848064423,
        "stdev": 0.667753517628
    },
    "spectral_flux": {
        "mean": 0.0901108831167,
        "stdev": 0.0535629726946
    },
    "spectral_kurtosis": {
        "mean": 3.75965213776,
        "stdev": 2.69597125053
    },
    "spectral_rms": {
        "mean": 0.00495431059971,
        "stdev": 0.00210002320819
    },
    "spectral_rolloff": {
        "mean": 1858.49194336,
        "stdev": 1836.72338867
    },
    "spectral_skewness": {
        "mean": 1.23120927811,
        "stdev": 0.430588275194
    },
    "spectral_spread": {
        "mean": 4100463,
        "stdev": 3406313
    },
    "spectral_strongpeak": {
        "mean": 1.07251036167,
        "stdev": 1.40275871754
    },
    "zerocrossingrate": {
        "mean": 0.0671336278319,
        "stdev": 0.0464983806014
    },
    "barkbands": {
        "mean": [0.000704341160599, 0.0078055835329, 0.00176450854633, 0.000838347303215, 0.0028864662163, 0.00153910333756, 0.00109267758671, 0.00275061326101, 0.00205998728052, 0.0010365123162, 0.000850506068673, 0.000695309136063, 0.000640358251985, 0.000732624204829, 0.000801702786703, 0.000523170630913, 0.000769409991335, 0.000608365342487, 0.000587677524891, 0.00033327654819, 0.000220622110646, 0.000199545815121, 8.94249897101e-05, 7.64800206525e-05, 5.95096753386e-05, 1.30143507704e-05, 9.24553489323e-10],
        "stdev": [0.000905323890038, 0.0162043944001, 0.00194272922818, 0.00092951831175, 0.00345002487302, 0.00196616421454, 0.00232978933491, 0.0066394531168, 0.00351173849776, 0.00219643604942, 0.00177316996269, 0.00115036021452, 0.00123847648501, 0.00146405631676, 0.00126013078261, 0.000651351874694, 0.000756098947022, 0.000573123281356, 0.000474649859825, 0.000279030151432, 0.000239477798459, 0.000214894884266, 0.000142225326272, 0.000204271025723, 0.000198578636628, 5.73854013055e-05, 1.71209524336e-09]
    },
    "erbbands": {
        "mean": [0.257856547832, 1.59522259235, 2.2465569973, 2.5784368515, 6.2074508667, 10.3227643967, 9.99088191986, 14.2792291641, 15.3807573318, 29.3842010498, 62.2088241577, 40.6386032104, 42.4328536987, 40.9169769287, 23.7637996674, 28.0230331421, 28.4460105896, 28.3927268982, 51.3120155334, 31.4290294647, 34.7373046875, 47.1609230042, 37.9501419067, 27.3413734436, 26.4258079529, 15.6106281281, 10.9773740768, 8.18691444397, 7.88937759399, 4.03667545319, 2.36315631866, 1.68131673336, 1.2491184473, 0.821445405483, 0.333612680435, 0.106203570962, 0.0143603896722, 0.00031895012944, 3.24213724525e-05, 3.7698122469e-05],
        "stdev": [0.474479615688, 3.62523794174, 3.30014133453, 2.18103194237, 8.52950954437, 13.8293876648, 11.5735778809, 20.7465343475, 30.0955562592, 58.5950469971, 136.136779785, 74.6785430908, 79.6843719482, 77.3298568726, 38.4525299072, 43.9795074463, 50.2392997742, 45.0684661865, 105.876937866, 38.7903709412, 38.8754844666, 46.4736785889, 35.6413879395, 21.9156112671, 21.5390090942, 13.1562347412, 11.0701446533, 9.02789878845, 8.35284328461, 5.73458766937, 3.79401040077, 4.15463256836, 3.53204441071, 2.657361269, 1.2094669342, 0.469993174076, 0.0526108182967, 0.00111616996583, 5.65527188883e-05, 2.76729115285e-05]
    },
    "gfcc": {
        "mean": [-17.8575496674, 105.172264099, -143.702835083, 49.8599662781, -59.3834915161, 10.8816051483, -32.8143157959, 16.6239013672, -15.382352829, 1.67221796513, -13.4046401978, -5.22364521027, -2.20173859596],
        "cov": [[30941.9863281, 1109.72705078, -1387.28479004, 1295.60351562, -1116.50915527, 1254.99023438, -1096.4934082, 291.492828369, -1308.3157959, -119.160545349, -25.2275619507, 737.916259766, 55.9045219421], [1109.72705078, 720.80859375, -329.767883301, 110.360176086, 66.5552368164, -129.231552124, 37.82006073, -161.926116943, 53.3531494141, -55.9999542236, 110.593284607, -37.9246177673, 94.0214233398], [-1387.28479004, -329.767883301, 932.873046875, 0.597312271595, 106.9375, 283.185577393, -161.155258179, 110.343963623, -94.3492431641, 92.2462310791, 28.7960281372, 86.8801574707, -40.6217842102], [1295.60351562, 110.360176086, 0.597312271595, 298.795593262, 26.2880115509, 39.4393768311, -44.8711204529, -34.8560218811, -49.4474716187, -58.537815094, 33.9056167603, 49.6751480103, 35.4226989746], [-1116.50915527, 66.5552368164, 106.9375, 26.2880115509, 219.696853638, -26.4225234985, 57.2410049438, -33.1152381897, 43.7475509644, 31.1212615967, 23.4394569397, -3.82396960258, 34.2032432556], [1254.99023438, -129.231552124, 283.185577393, 39.4393768311, -26.4225234985, 327.460693359, -82.4714660645, 82.2486114502, -132.428726196, 19.6287631989, 18.2658119202, 72.6674804688, -19.3854103088], [-1096.4934082, 37.82006073, -161.155258179, -44.8711204529, 57.2410049438, -82.4714660645, 274.839813232, 44.91355896, 105.389183044, -36.2076759338, -6.04552459717, -36.5857963562, -11.5466623306], [291.492828369, -161.926116943, 110.343963623, -34.8560218811, -33.1152381897, 82.2486114502, 44.91355896, 243.179718018, 52.9211120605, 58.5159835815, -50.7866249084, -18.4695720673, -50.873374939], [-1308.3157959, 53.3531494141, -94.3492431641, -49.4474716187, 43.7475509644, -132.428726196, 105.389183044, 52.9211120605, 236.729141235, 44.4786872864, -5.23746395111, -128.910446167, -1.65232467651], [-119.160545349, -55.9999542236, 92.2462310791, -58.537815094, 31.1212615967, 19.6287631989, -36.2076759338, 58.5159835815, 44.4786872864, 114.099243164, -4.99266576767, -22.7364578247, -17.842792511], [-25.2275619507, 110.593284607, 28.7960281372, 33.9056167603, 23.4394569397, 18.2658119202, -6.04552459717, -50.7866249084, -5.23746395111, -4.99266576767, 94.8500747681, 24.2812385559, 25.8534564972], [737.916259766, -37.9246177673, 86.8801574707, 49.6751480103, -3.82396960258, 72.6674804688, -36.5857963562, -18.4695720673, -128.910446167, -22.7364578247, 24.2812385559, 142.828659058, 15.5499639511], [55.9045219421, 94.0214233398, -40.6217842102, 35.4226989746, 34.2032432556, -19.3854103088, -11.5466623306, -50.873374939, -1.65232467651, -17.842792511, 25.8534564972, 15.5499639511, 75.8106002808]],
        "icov": [[0.000306845991872, -0.000745725643355, 0.000932864204515, -0.0010098273633, 0.00083947571693, -0.00109945330769, 0.000791742699221, -0.000865699024871, 0.000819588312879, -0.0010945572285, 0.000779538822826, -0.000919244019315, 0.000233015511185], [-0.000745725643355, 0.00452042743564, -0.00132662535179, 0.00193831557408, -0.00286083691753, 0.00288138398901, -0.00165521318559, 0.00225113448687, -0.00165725359693, 0.00296419928782, -0.00485251657665, 0.00350630120374, -0.00178969383705], [0.000932864204515, -0.00132662535179, 0.00542569672689, -0.00260995072313, 9.52335321927e-05, -0.00472720200196, 0.00443405471742, -0.003520865459, 0.00171557965223, -0.0024389999453, 0.000690304557793, -0.00366487470455, 0.00212470372207], [-0.0010098273633, 0.00193831557408, -0.00260995072313, 0.00822873134166, -0.00458572665229, 0.00283637316898, -0.00037993650767, 0.00170609541237, -0.00390952546149, 0.00755866570398, -0.00321452086791, 0.00129017757718, -0.000496012624353], [0.00083947571693, -0.00286083691753, 9.52335321927e-05, -0.00458572665229, 0.011472790502, -0.00216681347229, -0.00255964836106, 0.000636950600892, 0.00258785882033, -0.00864684581757, 0.00410979473963, -0.00207930640317, -0.00352369016036], [-0.00109945330769, 0.00288138398901, -0.00472720200196, 0.00283637316898, -0.00216681347229, 0.0107815107331, -0.00338249816559, 0.000191886079847, 0.00224006548524, 0.0028160691727, -0.00554174091667, 0.00555876642466, -0.00181165942922], [0.000791742699221, -0.00165521318559, 0.00443405471742, -0.00037993650767, -0.00255964836106, -0.00338249816559, 0.0108328023925, -0.00526764290407, -0.00220714951865, 0.00416630785912, 0.00033858360257, -0.00520480424166, 0.00431194063276], [-0.000865699024871, 0.00225113448687, -0.003520865459, 0.00170609541237, 0.000636950600892, 0.000191886079847, -0.00526764290407, 0.0118658980355, -0.00605817511678, -0.00136543775443, 0.00272801844403, 0.000509239267558, 0.000596634985413], [0.000819588312879, -0.00165725359693, 0.00171557965223, -0.00390952546149, 0.00258785882033, 0.00224006548524, -0.00220714951865, -0.00605817511678, 0.0188440531492, -0.00809141620994, -0.00235259905457, 0.00972164608538, -0.00348479603417], [-0.0010945572285, 0.00296419928782, -0.0024389999453, 0.00755866570398, -0.00864684581757, 0.0028160691727, 0.00416630785912, -0.00136543775443, -0.00809141620994, 0.0225191209465, -0.00505248177797, 0.00131455832161, 0.00320889241993], [0.000779538822826, -0.00485251657665, 0.000690304557793, -0.00321452086791, 0.00410979473963, -0.00554174091667, 0.00033858360257, 0.00272801844403, -0.00235259905457, -0.00505248177797, 0.0206485707313, -0.00759995356202, -0.000797125743702], [-0.000919244019315, 0.00350630120374, -0.00366487470455, 0.00129017757718, -0.00207930640317, 0.00555876642466, -0.00520480424166, 0.000509239267558, 0.00972164608538, 0.00131455832161, -0.00759995356202, 0.0211921762675, -0.00556254712865], [0.000233015511185, -0.00178969383705, 0.00212470372207, -0.000496012624353, -0.00352369016036, -0.00181165942922, 0.00431194063276, 0.000596634985413, -0.00348479603417, 0.00320889241993, -0.000797125743702, -0.00556254712865, 0.0208845324814]]
    },
    "melbands": {
        "mean": [0.00228716223501, 0.001553074806, 0.000553950492758, 0.000602291082032, 0.000386089232052, 0.000311972311465, 0.000237078609644, 0.000418563053245, 0.00046617933549, 0.000266803690465, 0.000211799095268, 0.000165485835169, 9.04287298908e-05, 7.11155298632e-05, 7.69660546212e-05, 6.16065735812e-05, 4.77833746118e-05, 8.78991413629e-05, 5.73584839003e-05, 2.93991015496e-05, 4.24465579272e-05, 5.07485165144e-05, 3.87778563891e-05, 2.58534728346e-05, 2.15334621316e-05, 2.3652199161e-05, 1.31156812131e-05, 9.74172144197e-06, 7.68350764702e-06, 4.85444570586e-06, 4.73344471175e-06, 4.91707032779e-06, 3.0288454127e-06, 1.91926460502e-06, 1.36485107305e-06, 1.12862164769e-06, 9.8713405805e-07, 8.54112784054e-07, 8.10444760191e-07, 6.61050478357e-07],
        "stdev": [0.00445046834648, 0.00283400691114, 0.000500777794514, 0.000812606711406, 0.000425564154284, 0.000438092189142, 0.000450663996162, 0.000892425188795, 0.000936812139116, 0.000516135070939, 0.000406463659601, 0.000317058846122, 0.000161600895808, 0.00012439225975, 0.000148086255649, 0.000134279893246, 8.42648660182e-05, 0.000211181584746, 8.5695864982e-05, 4.11116197938e-05, 5.02033690282e-05, 5.48792231712e-05, 3.68323926523e-05, 2.42031310336e-05, 1.83328684216e-05, 2.03642102861e-05, 1.10797336674e-05, 9.06611876417e-06, 7.78891717346e-06, 5.8360951698e-06, 5.50226650375e-06, 5.33409502168e-06, 3.77348646907e-06, 3.07164464175e-06, 2.20902552428e-06, 2.1998810098e-06, 2.88869114229e-06, 2.51457390732e-06, 2.53176699516e-06, 2.22837115871e-06]
    },
    "melbands128": {
        "mean": [0.000641037826426, 0.00205113668926, 0.00312993698753, 0.00249661947601, 0.00133404752705, 0.000841392495204, 0.000478866655612, 0.000447518890724, 0.00069866492413, 0.000553207122721, 0.000642304250505, 0.000488908321131, 0.00033415100188, 0.000239648521529, 0.000305407971609, 0.000392343994463, 0.000251550285611, 0.000206241238629, 0.000219987530727, 0.000233108075918, 0.00045542724547, 0.000868223898578, 0.000328517577145, 0.000314749515383, 0.000183944299351, 0.000301630963804, 0.00033663213253, 0.000145466357935, 0.000187684578123, 0.000134566260385, 0.000192558960407, 0.000166559533682, 5.56759550818e-05, 6.0253241827e-05, 7.53872154746e-05, 7.17940347386e-05, 6.02120126132e-05, 0.000108540232759, 6.00698258495e-05, 4.49670369562e-05, 8.10215642559e-05, 5.69046387682e-05, 4.14482346969e-05, 3.49892070517e-05, 9.27531000343e-05, 0.000117201416288, 5.11947910127e-05, 7.82873248681e-05, 4.78516958538e-05, 2.90247062367e-05, 2.71992867056e-05, 2.39145956584e-05, 5.23026064911e-05, 4.22726334364e-05, 3.86415158573e-05, 6.47966298857e-05, 4.86632816319e-05, 3.05645226035e-05, 3.80928213417e-05, 4.84586234961e-05, 1.89000220416e-05, 1.70654893736e-05, 1.92609786609e-05, 2.2172487661e-05, 2.58809959632e-05, 2.74151861959e-05, 2.04158623092e-05, 1.44465657286e-05, 1.13801770567e-05, 1.08384510895e-05, 9.33795945457e-06, 9.8628916021e-06, 9.04672288016e-06, 7.84537132859e-06, 5.23820062881e-06, 4.95496169606e-06, 4.59360353489e-06, 4.30592126577e-06, 4.79089430883e-06, 5.07037566422e-06, 5.23860171597e-06, 5.02096736454e-06, 3.83961332773e-06, 2.83328631667e-06, 2.24677251026e-06, 2.26742190534e-06, 1.76245544026e-06, 1.38131065341e-06, 1.33002208713e-06, 1.39837084134e-06, 1.13528574275e-06, 1.08495100903e-06, 1.02383626199e-06, 1.01714942957e-06, 1.0013740166e-06, 7.32696378236e-07, 8.39094127514e-07, 9.97167489913e-07, 7.6832253626e-07, 7.46826799514e-07, 7.82151744261e-07, 6.55110284242e-07, 5.12198937486e-07, 4.48265581099e-07, 3.72583343733e-07, 3.00123218722e-07, 2.62829786379e-07, 1.93496404677e-07, 1.82399830351e-07, 1.49157145302e-07, 1.25352713098e-07, 8.74730758937e-08, 4.85146234297e-09, 6.18133625882e-12, 6.00624021005e-12, 5.75959419047e-12, 4.7944152988e-12, 4.28587373924e-12, 4.16803874401e-12, 4.05388483199e-12, 3.95704085818e-12, 3.87361974094e-12, 3.79142767529e-12, 3.72328296666e-12, 3.67099102852e-12, 3.63272194444e-12, 3.60521768689e-12, 3.58061497119e-12],
        "stdev": [0.000836435996462, 0.00352176628076, 0.00699574965984, 0.00587807362899, 0.00247118389234, 0.000821853755042, 0.000445542944362, 0.000561006600037, 0.00104593066499, 0.00100600649603, 0.0010640239343, 0.000649498775601, 0.000489478872623, 0.000344234518707, 0.000523431983311, 0.000725998834241, 0.000602286367211, 0.000592037220486, 0.000606377434451, 0.000738451257348, 0.00122714356985, 0.00250846007839, 0.000773735111579, 0.000666583830025, 0.000593130709603, 0.000808520999271, 0.000856355414726, 0.000410747074056, 0.000547152943909, 0.000374635041226, 0.00049357349053, 0.00044335849816, 0.000136304282933, 0.000177458801772, 0.000201921269763, 0.000163414690178, 0.000150946347276, 0.000258236308582, 0.00015450171486, 0.000135554815643, 0.000250040349783, 0.000160812094691, 0.000111598135845, 0.000102972793684, 0.00023449807486, 0.000398094882257, 0.000143208337249, 0.0001590672764, 8.14128943603e-05, 5.77520513616e-05, 5.77158862143e-05, 4.93437801197e-05, 8.93712640391e-05, 6.358740211e-05, 4.9479156587e-05, 9.20394522836e-05, 6.23125160928e-05, 3.84881823265e-05, 5.16291984241e-05, 6.48074637866e-05, 2.22905146074e-05, 1.96237324417e-05, 2.16653770622e-05, 2.3851156584e-05, 2.80848798866e-05, 2.97792794299e-05, 2.30286623264e-05, 1.45546264321e-05, 1.20999993669e-05, 1.24778498503e-05, 1.08897156679e-05, 1.33482499223e-05, 1.02402755147e-05, 9.2018444775e-06, 7.58130954637e-06, 6.79425465933e-06, 6.37280982119e-06, 5.79766629016e-06, 6.52371136312e-06, 6.85582790538e-06, 6.53598408462e-06, 6.07570927968e-06, 4.73932868772e-06, 4.047233233e-06, 3.61979277841e-06, 4.2435008254e-06, 3.05137700707e-06, 2.52246400123e-06, 2.38856728174e-06, 2.34303388424e-06, 2.35324364439e-06, 2.35807578974e-06, 2.58217687588e-06, 3.35528216056e-06, 3.38621748597e-06, 2.6002182949e-06, 2.54356746154e-06, 2.87819557343e-06, 2.74902436104e-06, 2.4959649636e-06, 2.71651447292e-06, 2.35251786762e-06, 1.8730248712e-06, 1.73046305463e-06, 1.45546880503e-06, 1.15512591492e-06, 1.06798734123e-06, 9.95723326014e-07, 1.03836396192e-06, 6.96766335295e-07, 5.00036037465e-07, 3.03726409356e-07, 1.80481993795e-08, 9.86481174525e-11, 1.13360730525e-10, 1.07041979447e-10, 3.40986822112e-11, 7.15768503495e-12, 6.95103696824e-12, 6.76251285872e-12, 6.59563679714e-12, 6.44768483396e-12, 6.31750294439e-12, 6.20728338521e-12, 6.11421416968e-12, 6.04099669593e-12, 5.98658015522e-12, 5.95469853981e-12]
    },
    "mfcc": {
        "mean": [-634.836364746, 113.668785095, -16.5954494476, 33.6936225891, 0.435388565063, -0.193445339799, -0.962030172348, 5.93209552765, 7.04603147507, 3.63751220703, 4.67348527908, -1.39296460152, -1.93159770966],
        "cov": [[16575.5703125, 1976.6541748, 43.1169967651, 388.361114502, 53.4261817932, 373.475402832, 294.098937988, 314.672607422, -351.313598633, -577.515625, -374.026580811, 94.991104126, 198.888809204], [1976.6541748, 860.66796875, -218.510665894, 201.626098633, -13.8366632462, 54.9211463928, 9.59707641602, -51.4488143921, -43.4403572083, -86.7797851562, -27.7016220093, 1.57514488697, 32.6570968628], [43.1169967651, -218.510665894, 523.563354492, -159.538894653, 161.103912354, 17.7994651794, 11.7858791351, 25.0084323883, -40.4124488831, 57.0572929382, -1.3801445961, 39.3793563843, 31.8738880157], [388.361114502, 201.626098633, -159.538894653, 307.82711792, 16.0865859985, 8.65462493896, -19.5567913055, -10.8211345673, 16.8153877258, -44.7021102905, -20.8204441071, -12.9119663239, 29.4339618683], [53.4261817932, -13.8366632462, 161.103912354, 16.0865859985, 176.824493408, 29.5581493378, -5.36951637268, -24.8015632629, -1.02376949787, 41.5564422607, -0.796618282795, 11.8101968765, 22.6927089691], [373.475402832, 54.9211463928, 17.7994651794, 8.65462493896, 29.5581493378, 115.054862976, 57.3960494995, 21.2858104706, -32.0654449463, -34.0977897644, -18.6417312622, 0.834962368011, 2.78496074677], [294.098937988, 9.59707641602, 11.7858791351, -19.5567913055, -5.36951637268, 57.3960494995, 122.091522217, 66.6012268066, -4.62929105759, -36.8861808777, -4.87372684479, 20.4525108337, 3.80518507957], [314.672607422, -51.4488143921, 25.0084323883, -10.8211345673, -24.8015632629, 21.2858104706, 66.6012268066, 136.038360596, 34.9631233215, 5.96830606461, 1.79441308975, 28.6653881073, 9.39202594757], [-351.313598633, -43.4403572083, -40.4124488831, 16.8153877258, -1.02376949787, -32.0654449463, -4.62929105759, 34.9631233215, 115.295303345, 89.5415802002, 48.0872993469, 5.84263467789, -10.7328939438], [-577.515625, -86.7797851562, 57.0572929382, -44.7021102905, 41.5564422607, -34.0977897644, -36.8861808777, 5.96830606461, 89.5415802002, 176.442581177, 84.3124771118, 21.1928081512, -17.9282512665], [-374.026580811, -27.7016220093, -1.3801445961, -20.8204441071, -0.796618282795, -18.6417312622, -4.87372684479, 1.79441308975, 48.0872993469, 84.3124771118, 92.623008728, 31.6877822876, -7.6663403511], [94.991104126, 1.57514488697, 39.3793563843, -12.9119663239, 11.8101968765, 0.834962368011, 20.4525108337, 28.6653881073, 5.84263467789, 21.1928081512, 31.6877822876, 80.8632507324, 39.4032974243], [198.888809204, 32.6570968628, 31.8738880157, 29.4339618683, 22.6927089691, 2.78496074677, 3.80518507957, 9.39202594757, -10.7328939438, -17.9282512665, -7.6663403511, 39.4032974243, 76.5960540771]],
        "icov": [[0.000115536262456, -0.000287312199362, -8.85382250999e-05, 1.26462418848e-05, -5.9291782236e-05, -6.00091552769e-05, 9.01414678083e-05, -0.000427302496973, 0.000126575716422, 0.00015457032714, 0.000217500055442, -0.000107913991087, 5.33432539669e-05], [-0.000287312199362, 0.00230915867724, 0.000756862049457, -0.000791560043581, 0.000131168024382, -0.000463980162749, -0.000504869152792, 0.00172134290915, 0.000210749421967, -0.000442728516646, -0.000476100627566, -0.000173244727193, -0.000489864964038], [-8.85382250999e-05, 0.000756862049457, 0.00462096836418, 0.00190021994058, -0.00418464001268, 0.000909056630917, 0.000103585436591, -0.00182142923586, 0.00307762785815, -0.00145629059989, 0.000150961772306, 7.47997473809e-05, -0.00125400617253], [1.26462418848e-05, -0.000791560043581, 0.00190021994058, 0.00564155448228, -0.00280810659751, -0.000293281220365, 0.00206764205359, -0.00140488415491, -0.00193071993999, 0.00250659114681, -0.000668439490255, 0.00111572281457, -0.00206655054353], [-5.9291782236e-05, 0.000131168024382, -0.00418464001268, -0.00280810659751, 0.01231673453, -0.00355302845128, -0.00161469355226, 0.00523036671802, -0.00188077311032, -0.00430732266977, 0.00332431634888, -0.00075435632607, -0.0017134124646], [-6.00091552769e-05, -0.000463980162749, 0.000909056630917, -0.000293281220365, -0.00355302845128, 0.0145194437355, -0.00654840795323, -0.0016486448003, 0.00518244504929, -0.00126409856603, 2.79890427919e-05, 0.00184021156747, 0.000626692315564], [9.01414678083e-05, -0.000504869152792, 0.000103585436591, 0.00206764205359, -0.00161469355226, -0.00654840795323, 0.0176816694438, -0.00724358856678, -0.0030091451481, 0.00742024322972, -0.00361216673627, -0.00284297228791, 0.00228592939675], [-0.000427302496973, 0.00172134290915, -0.00182142923586, -0.00140488415491, 0.00523036671802, -0.0016486448003, -0.00724358856678, 0.0166681800038, -0.00686113489792, -0.00204464537092, 0.00426640175283, -0.00414781831205, -0.00037935297587], [0.000126575716422, 0.000210749421967, 0.00307762785815, -0.00193071993999, -0.00188077311032, 0.00518244504929, -0.0030091451481, -0.00686113489792, 0.0232380963862, -0.0113561423495, -0.00211570761167, 0.0042659919709, -0.0014058763627], [0.00015457032714, -0.000442728516646, -0.00145629059989, 0.00250659114681, -0.00430732266977, -0.00126409856603, 0.00742024322972, -0.00204464537092, -0.0113561423495, 0.0212327800691, -0.0113745480776, -0.00168268091511, 0.00374003988691], [0.000217500055442, -0.000476100627566, 0.000150961772306, -0.000668439490255, 0.00332431634888, 2.79890427919e-05, -0.00361216673627, 0.00426640175283, -0.00211570761167, -0.0113745480776, 0.02649455145, -0.010516515933, 0.00360567122698], [-0.000107913991087, -0.000173244727193, 7.47997473809e-05, 0.00111572281457, -0.00075435632607, 0.00184021156747, -0.00284297228791, -0.00414781831205, 0.0042659919709, -0.00168268091511, -0.010516515933, 0.025683099404, -0.0133602041751], [5.33432539669e-05, -0.000489864964038, -0.00125400617253, -0.00206655054353, -0.0017134124646, 0.000626692315564, 0.00228592939675, -0.00037935297587, -0.0014058763627, 0.00374003988691, 0.00360567122698, -0.0133602041751, 0.0227717719972]]
    },
    "spectral_contrast_coeffs": {
        "mean": [-0.757405638695, -0.752951920033, -0.768603205681, -0.775622367859, -0.790141642094, -0.729412376881],
        "stdev": [0.0666282922029, 0.0863032341003, 0.0636637732387, 0.060555614531, 0.0386712625623, 0.0639654025435]
    },
    "spectral_contrast_valleys": {
        "mean": [-6.8006067276, -6.84016942978, -7.51494503021, -7.68516588211, -7.34252929688, -10.6788253784],
        "stdev": [2.38245463371, 2.38613152504, 2.3785161972, 2.35726714134, 2.40591478348, 2.23545908928]
    }
},
"rhythm": {
    "beats_count": 346,
    "beats_loudness": {
        "mean": 0.0318022631109,
        "stdev": 0.016115989536
    },
    "bpm": 105.366241455,
    "bpm_histogram_first_peak_bpm": 105,
    "bpm_histogram_first_peak_weight": 0.412462890148,
    "bpm_histogram_second_peak_bpm": 110,
    "bpm_histogram_second_peak_spread": 0.125000059605,
    "bpm_histogram_second_peak_weight": 0.0202898550779,
    "danceability": 1.07746803761,
    "onset_rate": 2.86704850197,
    "beats_loudness_band_ratio": {
        "mean": [0.31035554409, 0.248502165079, 0.215866819024, 0.111168511212, 0.113818384707, 0.0708052292466],
        "stdev": [0.179331585765, 0.121817901731, 0.190852791071, 0.10587015748, 0.102442488074, 0.0435064062476]
    },
    "beats_position": [0.603718817234, 1.19582760334, 1.78793644905, 2.36843538284, 2.94893407822, 3.50621318817, 4.05188179016, 4.62077093124, 5.20126962662, 5.78176879883, 6.35065746307, 6.91954612732, 7.50004529953, 8.08054447174, 8.66104316711, 9.24154186249, 9.82204055786, 10.4025392532, 10.9830379486, 11.5635375977, 12.144036293, 12.7245349884, 13.3050336838, 13.873922348, 14.4428119659, 15.0233106613, 15.6038093567, 16.1843090057, 16.7648067474, 17.3453063965, 17.9141941071, 18.483083725, 19.0635814667, 19.6440811157, 20.2129707336, 20.7818584442, 21.3623580933, 21.942855835, 22.523355484, 23.0922451019, 23.6611328125, 24.2300224304, 24.7989120483, 25.3677997589, 25.9366893768, 26.5171871185, 27.0860767365, 27.6549663544, 28.2354640961, 28.804353714, 29.3732414246, 29.9537410736, 30.5342407227, 31.1147384644, 31.6952381134, 32.2757377625, 32.8446235657, 33.4251251221, 33.99401474, 34.5745124817, 35.1550102234, 35.7355079651, 36.3160095215, 36.8848991394, 37.4537849426, 38.034286499, 38.6147842407, 39.1952819824, 39.7757797241, 40.344669342, 40.91355896, 41.4940567017, 42.0629463196, 42.6318359375, 43.2123336792, 43.7928352356, 44.3617210388, 44.9306106567, 45.5111083984, 46.0799980164, 46.6604995728, 47.229385376, 47.8098869324, 48.3787727356, 48.9476623535, 49.5165519714, 50.0854415894, 50.6659393311, 51.2464370728, 51.8153266907, 52.3726081848, 52.941493988, 53.5219955444, 54.0908851624, 54.6597709656, 55.2286605835, 55.7975502014, 56.3664398193, 56.9353294373, 57.5042152405, 58.0731048584, 58.6419944763, 59.2108840942, 59.7797737122, 60.3486595154, 60.9175491333, 61.4864387512, 62.0553283691, 62.6242179871, 63.1814956665, 63.7503852844, 64.3192749023, 64.8881607056, 65.4570541382, 66.0259399414, 66.5948257446, 67.1753311157, 67.7442169189, 68.3131027222, 68.8819961548, 69.450881958, 70.0313796997, 70.6002731323, 71.1691589355, 71.7380523682, 72.3069381714, 72.8758239746, 73.4447174072, 74.0136032104, 74.5824966431, 75.1513824463, 75.7202682495, 76.3007659912, 76.8696594238, 77.4385452271, 78.0074386597, 78.5763244629, 79.1568222046, 79.7373199463, 80.3062133789, 80.8750991821, 81.4439926147, 82.012878418, 82.5701599121, 83.1390457153, 83.7079315186, 84.2884368896, 84.8457107544, 85.414604187, 85.9834899902, 86.5523757935, 87.1212692261, 87.6901550293, 88.2590484619, 88.8163223267, 89.3852157593, 89.9541015625, 90.5113830566, 91.0802688599, 91.637550354, 92.2064361572, 92.7753295898, 93.3442153931, 93.9247131348, 94.5052108765, 95.0741043091, 95.6429901123, 96.2118835449, 96.7807693481, 97.3612670898, 97.9301605225, 98.4990463257, 99.0679321289, 99.6368255615, 100.217323303, 100.786209106, 101.355102539, 101.935600281, 102.516098022, 103.096595764, 103.677093506, 104.234375, 104.803260803, 105.372154236, 105.929428101, 106.509933472, 107.078819275, 107.647705078, 108.204986572, 108.773872375, 109.342765808, 109.900039673, 110.480545044, 111.061042786, 111.629928589, 112.198822021, 112.779319763, 113.348205566, 113.917098999, 114.485984802, 115.054870605, 115.623764038, 116.192649841, 116.749931335, 117.330429077, 117.89931488, 118.468208313, 119.037094116, 119.605987549, 120.174873352, 120.743759155, 121.324264526, 121.881538391, 122.438819885, 122.99609375, 123.576599121, 124.157096863, 124.725982666, 125.294876099, 125.87537384, 126.444259644, 127.013153076, 127.582038879, 128.150924683, 128.731430054, 129.300308228, 129.86920166, 130.438095093, 131.006988525, 131.587478638, 132.15637207, 132.725265503, 133.282531738, 133.851425171, 134.420318604, 134.977600098, 135.546478271, 136.115371704, 136.695877075, 137.253143311, 137.833648682, 138.402542114, 138.971420288, 139.540313721, 140.109207153, 140.678085327, 141.24697876, 141.804260254, 142.373153687, 142.930435181, 143.499313354, 144.056594849, 144.625488281, 145.194366455, 145.763259888, 146.33215332, 146.889434814, 147.458312988, 148.027206421, 148.584487915, 149.141769409, 149.699050903, 150.267929077, 150.83682251, 151.394104004, 151.962997437, 152.53187561, 153.100769043, 153.669662476, 154.238540649, 154.807434082, 155.376327515, 155.933609009, 156.502487183, 157.059768677, 157.640274048, 158.197555542, 158.754821777, 159.312103271, 159.880996704, 160.438278198, 161.007156372, 161.564437866, 162.133331299, 162.702224731, 163.259490967, 163.828384399, 164.385665894, 164.954559326, 165.51184082, 166.069107056, 166.62638855, 167.195281982, 167.764175415, 168.32144165, 168.890335083, 169.459228516, 170.028121948, 170.597000122, 171.154281616, 171.71156311, 172.280456543, 172.849334717, 173.418228149, 173.987121582, 174.544403076, 175.101669312, 175.670562744, 176.239456177, 176.808334351, 177.377227783, 177.946121216, 178.515014648, 179.072280884, 179.641174316, 180.210067749, 180.778961182, 181.347839355, 181.916732788, 182.485626221, 183.042892456, 183.60017395, 184.157455444, 184.714736938, 185.283630371, 185.829299927, 186.374969482, 186.920639038, 187.466293335, 188.011962891, 188.546035767, 189.091690063, 189.648971558, 190.206253052, 190.763534546, 191.32081604, 191.878097534, 192.446975708, 193.015869141, 193.607971191, 194.188476562, 194.757369995, 195.337860107, 195.918365479, 196.487258911, 197.067749023],
    "bpm_histogram": [0, 0, 0, 0, 0, 0, 0, 0, 0, 0, 0, 0, 0, 0, 0, 0, 0, 0, 0, 0, 0, 0, 0, 0, 0, 0, 0, 0, 0, 0, 0, 0, 0, 0, 0, 0, 0, 0, 0, 0, 0, 0, 0, 0, 0, 0, 0, 0, 0, 0, 0, 0, 0, 0, 0, 0, 0, 0, 0, 0, 0, 0, 0, 0, 0, 0, 0, 0, 0, 0, 0, 0, 0, 0, 0, 0, 0, 0, 0, 0, 0, 0, 0, 0, 0, 0, 0, 0, 0, 0, 0, 0, 0, 0, 0, 0, 0, 0, 0, 0, 0, 0.00869565177709, 0, 0.237681165338, 0, 0.573913037777, 0, 0, 0.156521737576, 0, 0.0202898550779, 0, 0.00289855082519, 0, 0, 0, 0, 0, 0, 0, 0, 0, 0, 0, 0, 0, 0, 0, 0, 0, 0, 0, 0, 0, 0, 0, 0, 0, 0, 0, 0, 0, 0, 0, 0, 0, 0, 0, 0, 0, 0, 0, 0, 0, 0, 0, 0, 0, 0, 0, 0, 0, 0, 0, 0, 0, 0, 0, 0, 0, 0, 0, 0, 0, 0, 0, 0, 0, 0, 0, 0, 0, 0, 0, 0, 0, 0, 0, 0, 0, 0, 0, 0, 0, 0, 0, 0, 0, 0, 0, 0, 0, 0, 0, 0, 0, 0, 0, 0, 0, 0, 0, 0, 0, 0, 0, 0, 0, 0, 0, 0, 0, 0, 0, 0, 0, 0, 0, 0, 0, 0, 0, 0, 0, 0, 0, 0, 0, 0, 0, 0, 0, 0, 0, 0, 0, 0, 0, 0, 0]
},
"tonal": {
    "chords_changes_rate": 0.0469483584166,
    "chords_number_rate": 0.00258215959184,
    "chords_strength": {
        "mean": 0.543661236763,
        "stdev": 0.0876360237598
    },
    "hpcp_crest": {
        "mean": 12.6630125046,
        "stdev": 6.3620262146
    },
    "hpcp_entropy": {
        "mean": 2.08596777916,
        "stdev": 0.751369595528
    },
    "key_edma": {
        "strength": 0.69242888689,
        "key": "B",
        "scale": "major"
    },
    "key_krumhansl": {
        "strength": 0.68190830946,
        "key": "B",
        "scale": "major"
    },
    "key_temperley": {
        "strength": 0.662778675556,
        "key": "B",
        "scale": "major"
    },
    "tuning_diatonic_strength": 0.593346953392,
    "tuning_equal_tempered_deviation": 0.393047064543,
    "tuning_frequency": 434.193115234,
    "tuning_nontempered_energy_ratio": 0.980541348457,
    "hpcp": {
        "mean": [0.107309654355, 0.0716379880905, 0.0778722912073, 0.148151531816, 0.242785096169, 0.193107143044, 0.135222777724, 0.219663873315, 0.23483684659, 0.150139063597, 0.10477437079, 0.0946715846658, 0.168571338058, 0.274852573872, 0.205520957708, 0.0958672612906, 0.0779986158013, 0.0864102169871, 0.200267404318, 0.334174215794, 0.244836166501, 0.102613404393, 0.0739349201322, 0.0674780085683, 0.105974875391, 0.16122302413, 0.14145424962, 0.155416280031, 0.232872724533, 0.201692089438, 0.13121701777, 0.0918866991997, 0.0652709230781, 0.090101391077, 0.154847756028, 0.166481852531],
        "stdev": [0.184752717614, 0.143692389131, 0.161638557911, 0.216285631061, 0.294413119555, 0.255557209253, 0.21385447681, 0.324599146843, 0.343744456768, 0.235533490777, 0.199523761868, 0.192892670631, 0.222618997097, 0.329905509949, 0.263229042292, 0.181936338544, 0.162666082382, 0.170274168253, 0.244145616889, 0.354535788298, 0.282313495874, 0.182175278664, 0.155403643847, 0.149498030543, 0.181199461222, 0.240044772625, 0.210618808866, 0.210357546806, 0.268263459206, 0.251504987478, 0.200515061617, 0.154333204031, 0.122751884162, 0.155283287168, 0.223737418652, 0.24593706429]
    },
    "chords_histogram": [25.5633811951, 19.5539913177, 15.3755865097, 2.53521132469, 5.9624414444, 1.76056337357, 5.09389686584, 0, 10.0469484329, 0, 0.751173734665, 0, 0, 0, 0, 0.0234741792083, 0, 1.126760602, 0, 5.9624414444, 0.0234741792083, 0, 0, 6.22065734863],
    "thpcp": [1, 0.732660233974, 0.307065606117, 0.221246629953, 0.20192463696, 0.317124634981, 0.482452005148, 0.42329493165, 0.465075612068, 0.696860253811, 0.603553712368, 0.392660498619, 0.274966448545, 0.195320039988, 0.269623994827, 0.463374346495, 0.498188793659, 0.321118891239, 0.214373171329, 0.233029022813, 0.443336218596, 0.726522505283, 0.577863693237, 0.404647558928, 0.657333374023, 0.702737808228, 0.44928380847, 0.313532173634, 0.283300101757, 0.50444149971, 0.82248288393, 0.615011394024, 0.286878079176, 0.233407050371, 0.258578360081, 0.599290430546],
    "chords_key": "B",
    "chords_scale": "major"
}
}