{
"metadata": {
    "version": {
        "essentia": "2.1-dev",
        "essentia_git_sha": "v2.1_beta3-415-gd5473f3",
        "extractor": "music 2.0"
    },
    "audio_properties": {
        "analysis": {
            "equal_loudness": 0,
            "length": 63.2163276672,
            "sample_rate": 44100,
            "start_time": 0,
            "downmix": "mix"
        },
        "bit_rate": 192000,
        "length": 63.2163276672,
        "lossless": 0,
        "number_channels": 2,
        "replay_gain": -6.27622413635,
        "sample_rate": 44100,
        "codec": "mp3",
        "md5_encoded": "cc4739afcf4ab0d804e637eb9b1610a9"
    },
    "tags": {
        "file_name": "monologo_mujer_10.mp3",
        "date": ["2004"],
        "engineer": ["rosamerica tamyo"]
    }
},
"lowlevel": {
    "average_loudness": 0.980600297451,
    "barkbands_crest": {
        "mean": 12.3999042511,
        "stdev": 4.97433567047
    },
    "barkbands_flatness_db": {
        "mean": 0.188949510455,
        "stdev": 0.0693660452962
    },
    "barkbands_kurtosis": {
        "mean": 14.6569538116,
        "stdev": 35.965473175
    },
    "barkbands_skewness": {
        "mean": 2.0185842514,
        "stdev": 2.69361424446
    },
    "barkbands_spread": {
        "mean": 22.7399120331,
        "stdev": 25.5247554779
    },
    "dissonance": {
        "mean": 0.415585339069,
        "stdev": 0.0690745934844
    },
    "dynamic_complexity": 3.80878043175,
    "erbbands_crest": {
        "mean": 11.2459831238,
        "stdev": 4.24787378311
    },
    "erbbands_flatness_db": {
        "mean": 0.205358222127,
        "stdev": 0.0577101148665
    },
    "erbbands_kurtosis": {
        "mean": 3.02832865715,
        "stdev": 7.29994916916
    },
    "erbbands_skewness": {
        "mean": 0.483774334192,
        "stdev": 1.40426564217
    },
    "erbbands_spread": {
        "mean": 32.5664253235,
        "stdev": 21.5631084442
    },
    "hfc": {
        "mean": 18.2371826172,
        "stdev": 16.1935653687
    },
    "loudness_ebu128": {
        "integrated": -18.1716022491,
        "loudness_range": 1.10341072083,
        "momentary": {
            "mean": -18.6559791565,
            "stdev": 2.42453742027
        },
        "short_term": {
            "mean": -18.2655677795,
            "stdev": 0.40010124445
        }
    },
    "melbands_crest": {
        "mean": 16.7460670471,
        "stdev": 6.75057029724
    },
    "melbands_flatness_db": {
        "mean": 0.255079358816,
        "stdev": 0.0953904539347
    },
    "melbands_kurtosis": {
        "mean": 18.3023014069,
        "stdev": 30.7091026306
    },
    "melbands_skewness": {
        "mean": 2.68036961555,
        "stdev": 2.21267580986
    },
    "melbands_spread": {
        "mean": 28.9475269318,
        "stdev": 43.4873046875
    },
    "pitch_salience": {
        "mean": 0.564109623432,
        "stdev": 0.153168678284
    },
    "silence_rate_20dB": {
        "mean": 1,
        "stdev": 0
    },
    "silence_rate_30dB": {
        "mean": 1,
        "stdev": 0
    },
    "silence_rate_60dB": {
        "mean": 0.156754776835,
        "stdev": 0.363565862179
    },
    "spectral_centroid": {
        "mean": 1396.50024414,
        "stdev": 1201.69714355
    },
    "spectral_complexity": {
        "mean": 9.25036716461,
        "stdev": 6.66260385513
    },
    "spectral_decrease": {
        "mean": -5.41542410915e-09,
        "stdev": 4.57184556879e-09
    },
    "spectral_energy": {
        "mean": 0.0220932569355,
        "stdev": 0.0183175560087
    },
    "spectral_energyband_high": {
        "mean": 0.000784579780884,
        "stdev": 0.00147338688839
    },
    "spectral_energyband_low": {
        "mean": 0.000338316720445,
        "stdev": 0.000593455450144
    },
    "spectral_energyband_middle_high": {
        "mean": 0.00422150734812,
        "stdev": 0.006428046152
    },
    "spectral_energyband_middle_low": {
        "mean": 0.0172370225191,
        "stdev": 0.0147736351937
    },
    "spectral_entropy": {
        "mean": 7.0390458107,
        "stdev": 0.7800989151
    },
    "spectral_flux": {
        "mean": 0.095392614603,
        "stdev": 0.0532662905753
    },
    "spectral_kurtosis": {
        "mean": 8.7576007843,
        "stdev": 9.38910198212
    },
    "spectral_rms": {
        "mean": 0.00407499633729,
        "stdev": 0.00222459761426
    },
    "spectral_rolloff": {
        "mean": 2666.00415039,
        "stdev": 4188.37255859
    },
    "spectral_skewness": {
        "mean": 1.87442278862,
        "stdev": 1.08504962921
    },
    "spectral_spread": {
        "mean": 3965802.5,
        "stdev": 1551454.5
    },
    "spectral_strongpeak": {
        "mean": 1.24989879131,
        "stdev": 1.14236783981
    },
    "zerocrossingrate": {
        "mean": 0.0980993583798,
        "stdev": 0.0958870053291
    },
    "barkbands": {
        "mean": [1.17383169709e-05, 0.000106554332888, 3.71569076378e-05, 0.00106095906813, 0.00701329717413, 0.00147581310011, 0.00270358170383, 0.00207008887082, 0.00235651014373, 0.00125257519539, 0.000304796762066, 0.000383393227821, 0.00047437401372, 0.000673815957271, 0.000347548630089, 0.000139850162668, 0.000167123551364, 0.000464462151285, 0.000213198596612, 0.0001826347725, 0.000269519165158, 0.000144257181091, 0.000106713378045, 7.88573015598e-05, 2.16796888708e-05, 1.24255457195e-05, 2.03275740205e-05],
        "stdev": [1.62016895047e-05, 0.000158852926688, 0.00011526880553, 0.00173074170016, 0.00842631049454, 0.00299883820117, 0.0057587181218, 0.00467867590487, 0.00539461476728, 0.00341581343673, 0.000762823096011, 0.00103132007644, 0.00127644545864, 0.00168242619839, 0.000952519709244, 0.00038234112435, 0.000468712183647, 0.000786134158261, 0.000420941767516, 0.000324407796143, 0.000541021698155, 0.000532372621819, 0.000314534758218, 0.00024504767498, 5.96849276917e-05, 5.11915313837e-05, 5.83736073168e-06]
    },
    "erbbands": {
        "mean": [0.00486427452415, 0.0177771225572, 0.0585574582219, 1.71431815624, 17.9790859222, 21.5990524292, 11.2818584442, 14.4338092804, 37.593952179, 35.503704071, 54.3811988831, 51.7138748169, 50.6591873169, 21.5081615448, 13.6996059418, 15.8979959488, 21.4874839783, 34.6522636414, 25.3906707764, 12.2946434021, 7.69459962845, 10.0985898972, 20.9032020569, 20.9201164246, 7.36839151382, 8.18838024139, 13.3569488525, 7.9757642746, 5.30051183701, 3.97542572021, 3.10734081268, 1.87438297272, 1.15639197826, 0.301060646772, 0.13874399662, 0.081755168736, 0.0162587445229, 0.00084156577941, 0.000958101707511, 0.000634551455732],
        "stdev": [0.00655943388119, 0.0301542244852, 0.0999052301049, 2.40927052498, 22.1241664886, 33.5432052612, 36.8187217712, 25.9410438538, 72.8787918091, 94.3665771484, 114.733711243, 123.303085327, 121.517929077, 57.0987129211, 30.4770679474, 42.0427207947, 57.0106124878, 88.4440383911, 62.9117774963, 32.1150245667, 18.6659469604, 26.4285888672, 38.3099479675, 34.0814094543, 15.2747030258, 15.0060195923, 24.0273017883, 20.5102386475, 19.936384201, 13.2728338242, 8.96570491791, 6.08836221695, 3.42653679848, 0.866101384163, 0.380350649357, 0.336924225092, 0.0619843862951, 0.00279036327265, 0.000278827239526, 0.0001781777828]
    },
    "gfcc": {
        "mean": [-71.7310256958, 76.2985916138, -105.705314636, 14.198012352, -58.3187713623, -23.3140697479, -31.5431919098, -7.70448350906, -18.8153057098, -13.3655872345, -2.52506732941, -19.7458400726, -3.1385550499],
        "cov": [[9215.96875, 122.222122192, -2973.25317383, -162.488723755, -1738.42834473, -125.403633118, -792.00201416, 405.016906738, -717.610778809, 33.4266548157, -444.309204102, -229.397613525, -362.2890625], [122.222122192, 3098.03710938, -375.734832764, -1421.16149902, 147.967300415, -744.591369629, 23.3503723145, -322.297149658, -200.690734863, -503.938659668, 356.191741943, -337.892883301, 37.5267677307], [-2973.25317383, -375.734832764, 1735.27062988, 540.83795166, 393.090148926, 104.978111267, 145.205459595, -141.190505981, 173.269790649, 1.06784176826, 66.2506103516, 186.747848511, 43.7272491455], [-162.488723755, -1421.16149902, 540.83795166, 1264.21801758, -39.1617507935, 44.4791412354, -108.840270996, 123.896697998, 89.3819198608, 153.384353638, -194.580245972, 174.974273682, -4.53308534622], [-1738.42834473, 147.967300415, 393.090148926, -39.1617507935, 686.096008301, 16.2460784912, 99.7142868042, -28.522026062, 222.790008545, 14.4809560776, 38.6079559326, -7.37609672546, 88.5434112549], [-125.403633118, -744.591369629, 104.978111267, 44.4791412354, 16.2460784912, 658.723815918, 176.097167969, 16.8617916107, 92.72240448, 145.671005249, -69.2789001465, 53.0890693665, -88.9621276855], [-792.00201416, 23.3503723145, 145.205459595, -108.840270996, 99.7142868042, 176.097167969, 405.275024414, -52.694065094, 34.8537788391, 10.4953165054, 58.1755180359, -6.99567079544, -7.40330123901], [405.016906738, -322.297149658, -141.190505981, 123.896697998, -28.522026062, 16.8617916107, -52.694065094, 209.399765015, 14.7523326874, 60.5914421082, -60.909286499, 45.2121696472, 16.8602523804], [-717.610778809, -200.690734863, 173.269790649, 89.3819198608, 222.790008545, 92.72240448, 34.8537788391, 14.7523326874, 245.448928833, 71.2224502563, -30.5334701538, 27.7043933868, 41.8112983704], [33.4266548157, -503.938659668, 1.06784176826, 153.384353638, 14.4809560776, 145.671005249, 10.4953165054, 60.5914421082, 71.2224502563, 251.115478516, -78.090637207, 28.0710926056, -10.84192276], [-444.309204102, 356.191741943, 66.2506103516, -194.580245972, 38.6079559326, -69.2789001465, 58.1755180359, -60.909286499, -30.5334701538, -78.090637207, 254.699554443, 4.06686115265, 6.19942331314], [-229.397613525, -337.892883301, 186.747848511, 174.974273682, -7.37609672546, 53.0890693665, -6.99567079544, 45.2121696472, 27.7043933868, 28.0710926056, 4.06686115265, 166.838882446, 25.8733730316], [-362.2890625, 37.5267677307, 43.7272491455, -4.53308534622, 88.5434112549, -88.9621276855, -7.40330123901, 16.8602523804, 41.8112983704, -10.84192276, 6.19942331314, 25.8733730316, 166.863540649]],
        "icov": [[0.00175656168722, -0.00208958867006, 0.00240447255783, -0.00222555920482, 0.00236490415409, -0.00237132841721, 0.00197618152015, -0.00181178923231, 0.00164325942751, -0.00131572701503, 0.00155894260388, -0.000976537703536, 0.000941016362049], [-0.00208958867006, 0.00490240612999, -0.00316389254294, 0.00483800331131, -0.0031039735768, 0.00504383910447, -0.00253368122503, 0.0031381668523, -0.00202461122535, 0.00339613808319, -0.0020455843769, 0.00269883382134, -0.000386676867492], [0.00240447255783, -0.00316389254294, 0.00442029908299, -0.00384453311563, 0.00270421197638, -0.00360047374852, 0.00251980079338, -0.00160559662618, 0.00220551039092, -0.00182673020754, 0.00189779233187, -0.00250822096132, 0.00123585830443], [-0.00222555920482, 0.00483800331131, -0.00384453311563, 0.00620845984668, -0.00294906017371, 0.00530258566141, -0.00248000351712, 0.00261612934992, -0.00239816098474, 0.00286742299795, -0.00125757418573, 0.00187447457574, -0.000183142765309], [0.00236490415409, -0.0031039735768, 0.00270421197638, -0.00294906017371, 0.00584434438497, -0.00328102800995, 0.00241570081562, -0.00292221992277, 9.18668592931e-05, -0.00193466048222, 0.00189675029833, -0.0005815140903, 0.00046686938731], [-0.00237132841721, 0.00504383910447, -0.00360047374852, 0.00530258566141, -0.00328102800995, 0.00768503313884, -0.0038390676491, 0.00333093293011, -0.00304804323241, 0.00251341750845, -0.00158527714666, 0.00175968348049, 0.000849140109494], [0.00197618152015, -0.00253368122503, 0.00251980079338, -0.00248000351712, 0.00241570081562, -0.0038390676491, 0.00546433031559, -0.00177238369361, 0.00200825906359, -0.00167228584178, 0.0010818230221, -0.000782154442277, 0.000694856629707], [-0.00181178923231, 0.0031381668523, -0.00160559662618, 0.00261612934992, -0.00292221992277, 0.00333093293011, -0.00177238369361, 0.00904236268252, -0.0016715611564, 0.00124635826796, -0.000997622380964, -0.000518189393915, -0.00119619874749], [0.00164325942751, -0.00202461122535, 0.00220551039092, -0.00239816098474, 9.18668592931e-05, -0.00304804323241, 0.00200825906359, -0.0016715611564, 0.00854946672916, -0.00244316738099, 0.0018924032338, -0.00130641146097, -0.000204522380955], [-0.00131572701503, 0.00339613808319, -0.00182673020754, 0.00286742299795, -0.00193466048222, 0.00251341750845, -0.00167228584178, 0.00124635826796, -0.00244316738099, 0.00794041063637, -0.000609702139627, 0.00190433987882, -4.18783602072e-05], [0.00155894260388, -0.0020455843769, 0.00189779233187, -0.00125757418573, 0.00189675029833, -0.00158527714666, 0.0010818230221, -0.000997622380964, 0.0018924032338, -0.000609702139627, 0.00689722085372, -0.00247021741234, 0.00122339988593], [-0.000976537703536, 0.00269883382134, -0.00250822096132, 0.00187447457574, -0.0005815140903, 0.00175968348049, -0.000782154442277, -0.000518189393915, -0.00130641146097, 0.00190433987882, -0.00247021741234, 0.0107281282544, -0.00187519355677], [0.000941016362049, -0.000386676867492, 0.00123585830443, -0.000183142765309, 0.00046686938731, 0.000849140109494, 0.000694856629707, -0.00119619874749, -0.000204522380955, -4.18783602072e-05, 0.00122339988593, -0.00187519355677, 0.00844466034323]]
    },
    "melbands": {
        "mean": [3.53159775841e-05, 1.86687466339e-05, 0.000706557359081, 0.00164978427347, 0.000479581853142, 0.000337535399012, 0.000568009272683, 0.000383156206226, 0.000456164096249, 0.000318455917295, 0.000252336612903, 9.20175443753e-05, 4.27614431828e-05, 4.41337761004e-05, 4.12840345234e-05, 5.22824411746e-05, 6.52845119475e-05, 4.35009933426e-05, 2.24975974561e-05, 1.15245147754e-05, 8.38091818878e-06, 1.016022361e-05, 1.23819909277e-05, 2.42257265199e-05, 1.66744139278e-05, 6.00249177296e-06, 3.90603918277e-06, 5.80991581955e-06, 8.90770934348e-06, 6.63193168293e-06, 4.00741373596e-06, 2.83864051198e-06, 2.86471458821e-06, 1.95162920136e-06, 2.01153420676e-06, 1.19026560697e-06, 1.14528620543e-06, 9.4405066875e-07, 4.40631822585e-07, 1.79777629228e-07],
        "stdev": [4.94982705277e-05, 3.92953443225e-05, 0.000880369916558, 0.00203644577414, 0.00133259687573, 0.000606506713666, 0.00108613295015, 0.000959270459134, 0.000961395155173, 0.000791330938227, 0.000619501224719, 0.000266041897703, 9.75278962869e-05, 0.000121239027067, 0.000112161658762, 0.000139892552397, 0.000173742810148, 0.000114824011689, 6.39515492367e-05, 3.28600763169e-05, 2.19627108891e-05, 2.98103022942e-05, 2.7421167033e-05, 4.27263221354e-05, 2.92030163109e-05, 1.43269990076e-05, 8.58869952935e-06, 1.16197888929e-05, 1.60376657732e-05, 1.44866244227e-05, 1.29576401378e-05, 1.16639566841e-05, 1.07683508759e-05, 6.59111492496e-06, 5.92397054788e-06, 3.62046512237e-06, 3.94586504626e-06, 2.82459973278e-06, 1.40230315537e-06, 5.15366991749e-07]
    },
    "melbands128": {
        "mean": [1.01909226942e-05, 4.41446063633e-05, 4.42597556685e-05, 2.22902308451e-05, 1.04301871033e-05, 2.26295924222e-05, 0.000143333963933, 0.000730532512534, 0.00204746844247, 0.00228738109581, 0.00114696554374, 0.000679762044456, 0.00037138449261, 0.000149221872562, 0.000219620254938, 0.000479782902403, 0.000692549103405, 0.000571242417209, 0.000467013072921, 0.000380161131034, 0.000309274328174, 0.000443878845545, 0.0005152222584, 0.000443862489192, 0.000304877699818, 0.000296806392726, 0.000284610112431, 0.000274207442999, 0.000209653953789, 0.000105231214548, 5.52178607904e-05, 4.53724969702e-05, 3.9381760871e-05, 4.36098416685e-05, 4.46380763606e-05, 4.6927783842e-05, 3.77545147785e-05, 3.90742789023e-05, 4.32518063462e-05, 4.79104601254e-05, 4.27824161306e-05, 7.38397429814e-05, 7.67215824453e-05, 5.45315051568e-05, 4.69690821774e-05, 4.806589277e-05, 3.06194051518e-05, 2.47449097515e-05, 1.880468335e-05, 1.19904871099e-05, 1.19903161249e-05, 9.11733241082e-06, 7.2275211096e-06, 8.23823575047e-06, 1.04003784145e-05, 1.12656025522e-05, 8.94525510375e-06, 9.38526045502e-06, 1.27018556668e-05, 1.93853229575e-05, 2.60282668023e-05, 2.71604494628e-05, 2.37391668634e-05, 1.20261220218e-05, 8.6777827164e-06, 5.60353964829e-06, 4.42079863205e-06, 4.58954264104e-06, 3.18176853398e-06, 3.87751379094e-06, 4.76598233945e-06, 7.05144793756e-06, 9.62520880421e-06, 8.94787717698e-06, 8.90942283149e-06, 7.31091586204e-06, 5.51488938072e-06, 4.30529644291e-06, 4.13639827457e-06, 3.31615410687e-06, 2.53497728409e-06, 2.63197784989e-06, 3.49145216205e-06, 2.89736703962e-06, 2.54211295214e-06, 1.79030405434e-06, 1.80514200565e-06, 1.9688473003e-06, 2.54829001278e-06, 1.49534196225e-06, 1.35978098115e-06, 1.02723618056e-06, 1.04241360077e-06, 1.19137359889e-06, 1.1887874507e-06, 1.10824555577e-06, 9.44650935253e-07, 6.37757295863e-07, 4.60222793208e-07, 3.35906634064e-07, 2.15688018557e-07, 1.46200505924e-07, 1.40769529366e-07, 1.52655459829e-07, 1.54555522158e-07, 1.52629411332e-07, 1.55695360604e-07, 1.69904808445e-07, 1.51894809619e-07, 1.35874955731e-07, 9.83233050533e-08, 5.6620653055e-08, 4.03578681585e-08, 3.28096838587e-08, 1.36132136674e-08, 1.27022015128e-09, 1.33710986727e-10, 3.49078370376e-11, 5.36511156682e-12, 3.8740977093e-10, 5.71983171938e-09, 7.74707142881e-09, 2.77771732726e-07, 5.24695906279e-07, 4.26727053693e-09, 3.20515680663e-09, 1.78095371783e-10, 3.06434456802e-12],
        "stdev": [1.39686471812e-05, 5.98459846515e-05, 6.7052023951e-05, 4.61235285911e-05, 2.99706116493e-05, 7.44572098483e-05, 0.000367567117792, 0.00118583906442, 0.00283696479164, 0.00373254925944, 0.00250780093484, 0.00227624829859, 0.0016393881524, 0.000737350201234, 0.00056611787295, 0.00110648362897, 0.00163365842309, 0.00152767822146, 0.00162755895872, 0.0014857215574, 0.00114222476259, 0.00129507423844, 0.00138975586742, 0.00138818030246, 0.00111485121306, 0.00117778708227, 0.000968818727415, 0.000936751195695, 0.000758620561101, 0.000449186336482, 0.000236664549448, 0.000177730442374, 0.000117665942525, 0.000150873500388, 0.000181289840839, 0.000197665794985, 0.000144557387102, 0.000154083987582, 0.000174831206095, 0.000198723981157, 0.000169062084751, 0.000286642665742, 0.000284068024484, 0.000196444554604, 0.000159669172717, 0.000188290636288, 0.00012065678311, 0.000100443336123, 7.81644266681e-05, 4.60304763692e-05, 4.86029312015e-05, 3.3972577512e-05, 2.8688707971e-05, 2.82155233435e-05, 3.89739761886e-05, 4.31384687545e-05, 3.4416316339e-05, 2.88101728074e-05, 3.29732429236e-05, 5.0574355555e-05, 6.26391192782e-05, 5.81195963605e-05, 5.32367739652e-05, 2.83895842585e-05, 2.74857029581e-05, 1.57766535267e-05, 1.4128154362e-05, 1.24943016999e-05, 8.04853971204e-06, 9.9047592812e-06, 1.33779458338e-05, 1.62901105796e-05, 2.06666172744e-05, 2.01598959393e-05, 2.03184008569e-05, 1.83160573215e-05, 1.56062433234e-05, 1.32703216877e-05, 1.59500359587e-05, 1.58379261848e-05, 1.24752305055e-05, 1.3135779227e-05, 1.60932468134e-05, 1.11731469588e-05, 9.65546041698e-06, 6.87430838298e-06, 6.42463373879e-06, 6.53315009913e-06, 8.00480938778e-06, 4.41184147348e-06, 4.10565053244e-06, 3.48011099049e-06, 3.86715510103e-06, 4.61983472633e-06, 4.11363816966e-06, 3.5910072711e-06, 2.78565107692e-06, 2.16826515498e-06, 1.68444046267e-06, 1.08152858047e-06, 6.70250585699e-07, 4.28882970027e-07, 4.42048019522e-07, 4.42296851588e-07, 4.43351126478e-07, 4.58148406324e-07, 5.113618613e-07, 6.76772003771e-07, 6.93531490015e-07, 7.70443932652e-07, 4.54913589465e-07, 2.32740049455e-07, 1.41429396194e-07, 1.15051172145e-07, 5.19322611581e-08, 6.88210688438e-09, 3.42252864938e-10, 1.21191459646e-10, 2.40583681449e-11, 1.00664676594e-09, 9.86589210328e-09, 1.20872920562e-08, 8.11182800931e-08, 1.5573219514e-07, 7.47427009173e-09, 6.46726805442e-09, 5.14381870431e-10, 4.57752889413e-12]
    },
    "mfcc": {
        "mean": [-727.325561523, 120.007446289, -1.76898252964, 25.8243789673, -7.10933494568, -15.1398696899, -4.77897977829, -7.60894060135, -13.8197031021, 3.84304451942, -9.86774158478, 3.09680509567, -16.8423423767],
        "cov": [[10260.640625, -496.01083374, -2172.13208008, -621.481018066, -1221.80004883, -884.646240234, -351.37612915, -242.37612915, -442.490875244, 241.500320435, -379.327178955, 149.433395386, -764.535095215], [-496.01083374, 3836.99145508, -757.38482666, -797.585449219, -175.729507446, -640.45513916, 133.561798096, -153.695877075, -513.909057617, -49.8898544312, -263.419128418, 32.5018043518, -304.342163086], [-2172.13208008, -757.38482666, 1468.52453613, 457.5050354, 216.591552734, 377.283721924, 25.2018032074, 113.480110168, 88.5475311279, -203.708999634, 115.50554657, -70.6343917847, 280.331329346], [-621.481018066, -797.585449219, 457.5050354, 970.088867188, 249.616973877, -73.6323394775, -107.525970459, -51.5996131897, 174.251251221, -201.31918335, 5.3134303093, 1.20657253265, 151.647155762], [-1221.80004883, -175.729507446, 216.591552734, 249.616973877, 597.309143066, 70.6163787842, -110.560058594, 0.118683308363, 160.212051392, -44.1312904358, 46.0217247009, -22.7341575623, 158.697967529], [-884.646240234, -640.45513916, 377.283721924, -73.6323394775, 70.6163787842, 631.31652832, 49.791809082, 120.63822937, 143.327789307, 148.02973938, 177.088180542, -77.1025390625, 104.728492737], [-351.37612915, 133.561798096, 25.2018032074, -107.525970459, -110.560058594, 49.791809082, 283.233154297, 50.9189529419, -61.2366294861, 35.0183639526, 13.7079954147, 8.52655696869, 3.10328292847], [-242.37612915, -153.695877075, 113.480110168, -51.5996131897, 0.118683308363, 120.63822937, 50.9189529419, 238.145523071, 13.156162262, 22.4946689606, 9.30746841431, -14.2796087265, 64.0929870605], [-442.490875244, -513.909057617, 88.5475311279, 174.251251221, 160.212051392, 143.327789307, -61.2366294861, 13.156162262, 354.310302734, 45.5385284424, 42.0014381409, -39.5038604736, 78.1359329224], [241.500320435, -49.8898544312, -203.708999634, -201.31918335, -44.1312904358, 148.02973938, 35.0183639526, 22.4946689606, 45.5385284424, 271.561065674, 58.981803894, -22.0496788025, -51.9946632385], [-379.327178955, -263.419128418, 115.50554657, 5.3134303093, 46.0217247009, 177.088180542, 13.7079954147, 9.30746841431, 42.0014381409, 58.981803894, 216.921600342, -4.37918806076, 42.5222129822], [149.433395386, 32.5018043518, -70.6343917847, 1.20657253265, -22.7341575623, -77.1025390625, 8.52655696869, -14.2796087265, -39.5038604736, -22.0496788025, -4.37918806076, 153.080093384, -0.85554677248], [-764.535095215, -304.342163086, 280.331329346, 151.647155762, 158.697967529, 104.728492737, 3.10328292847, 64.0929870605, 78.1359329224, -51.9946632385, 42.5222129822, -0.85554677248, 223.825622559]],
        "icov": [[0.0003391263308, 0.000279074854916, 0.000332892232109, 0.000100884812127, 0.000440086674644, 0.000286938098725, 0.00049145828234, 1.62520100275e-05, 0.000365760817658, -0.00012091647659, 0.00027989668888, 3.36666962539e-05, 0.000385978491977], [0.000279074854916, 0.000722429598682, 0.000280335807474, 0.000488866877276, 9.05957931536e-05, 0.000616915582214, 0.000169875798747, 0.000189139609574, 0.000673057627864, 1.17408890219e-05, 0.000429261068348, 0.000222675371333, 0.000530896650162], [0.000332892232109, 0.000280335807474, 0.00173397536855, -0.000363172439393, 0.000420133292209, -0.000701910175849, 0.00030529499054, -0.000106199593574, 0.000702981720679, 0.00101809459738, 0.00014875207853, 0.0004305766779, -0.000386204017559], [0.000100884812127, 0.000488866877276, -0.000363172439393, 0.00208899541758, -0.000303437293041, 0.000951070163865, 0.000161618183483, 0.000493342988193, -0.000423591875006, 0.000705256068613, 6.55981057207e-05, 7.86755699664e-05, -2.49935692409e-05], [0.000440086674644, 9.05957931536e-05, 0.000420133292209, -0.000303437293041, 0.00316837476566, 0.000230848818319, 0.00150307128206, 0.000139544878039, -0.000260665925452, -0.000261077657342, 3.91211578972e-05, 0.000153697488713, -0.00108596123755], [0.000286938098725, 0.000616915582214, -0.000701910175849, 0.000951070163865, 0.000230848818319, 0.00417845882475, 0.000140003437991, -0.000646078318823, -0.000317538651871, -0.00173996586818, -0.00130073190667, 0.000958985358011, 7.53997956053e-05], [0.00049145828234, 0.000169875798747, 0.00030529499054, 0.000161618183483, 0.00150307128206, 0.000140003437991, 0.00506290514022, -0.000621547515038, 0.000937638396863, -0.000746369012631, 0.000217556400457, -0.000282613764284, -0.000148731502122], [1.62520100275e-05, 0.000189139609574, -0.000106199593574, 0.000493342988193, 0.000139544878039, -0.000646078318823, -0.000621547515038, 0.00534086488187, 0.000239126602537, -0.000195067041204, 0.000916338118259, 0.000170619692653, -0.00150816515088], [0.000365760817658, 0.000673057627864, 0.000702981720679, -0.000423591875006, -0.000260665925452, -0.000317538651871, 0.000937638396863, 0.000239126602537, 0.00485700601712, -0.000952017493546, 0.00071572617162, 0.00073466822505, -0.000226874675718], [-0.00012091647659, 1.17408890219e-05, 0.00101809459738, 0.000705256068613, -0.000261077657342, -0.00173996586818, -0.000746369012631, -0.000195067041204, -0.000952017493546, 0.00671026157215, -0.00105534691829, 0.000384297251003, 0.00100854679476], [0.00027989668888, 0.000429261068348, 0.00014875207853, 6.55981057207e-05, 3.91211578972e-05, -0.00130073190667, 0.000217556400457, 0.000916338118259, 0.00071572617162, -0.00105534691829, 0.00670442543924, -0.000648561981507, -0.000146737016621], [3.36666962539e-05, 0.000222675371333, 0.0004305766779, 7.86755699664e-05, 0.000153697488713, 0.000958985358011, -0.000282613764284, 0.000170619692653, 0.00073466822505, 0.000384297251003, -0.000648561981507, 0.00740989856422, -0.000793090672232], [0.000385978491977, 0.000530896650162, -0.000386204017559, -2.49935692409e-05, -0.00108596123755, 7.53997956053e-05, -0.000148731502122, -0.00150816515088, -0.000226874675718, 0.00100854679476, -0.000146737016621, -0.000793090672232, 0.00851564016193]]
    },
    "spectral_contrast_coeffs": {
        "mean": [-0.571042120457, -0.674093127251, -0.73865801096, -0.767842411995, -0.760549843311, -0.762720942497],
        "stdev": [0.157149761915, 0.150918468833, 0.123238258064, 0.088534489274, 0.0718879327178, 0.0611307732761]
    },
    "spectral_contrast_valleys": {
        "mean": [-8.39318656921, -7.70932435989, -8.60962867737, -8.73373508453, -8.33407974243, -11.2194910049],
        "stdev": [0.601643025875, 1.07437419891, 1.02477276325, 1.04724168777, 1.15850639343, 1.24496090412]
    }
},
"rhythm": {
    "beats_count": 116,
    "beats_loudness": {
        "mean": 0.0288618449122,
        "stdev": 0.0153149822727
    },
    "bpm": 121.933204651,
    "bpm_histogram_first_peak_bpm": 123,
    "bpm_histogram_first_peak_weight": 0.478260874748,
    "bpm_histogram_second_peak_bpm": 103,
    "bpm_histogram_second_peak_spread": 0.576923072338,
    "bpm_histogram_second_peak_weight": 0.0956521704793,
    "danceability": 1.61172020435,
    "onset_rate": 6.12071228027,
    "beats_loudness_band_ratio": {
        "mean": [0.213008597493, 0.300632685423, 0.357930898666, 0.110017344356, 0.0699734464288, 0.0803834050894],
        "stdev": [0.206044644117, 0.22848072648, 0.219949826598, 0.126172631979, 0.0705194398761, 0.195647805929]
    },
    "beats_position": [0.557278871536, 1.1261677742, 1.70666658878, 2.31038546562, 2.87927436829, 3.44816327095, 4.01705217361, 4.5627207756, 5.11999988556, 5.64244890213, 6.17650794983, 6.73378658295, 7.30267572403, 7.81351470947, 8.33596324921, 8.87002277374, 9.38086128235, 9.89170074463, 10.379319191, 10.866938591, 11.3777770996, 11.8653964996, 12.3297958374, 12.7941951752, 13.2469835281, 13.6997728348, 14.1409521103, 14.5821313858, 15.0813598633, 15.5689792633, 16.0682086945, 16.5558280945, 17.0550556183, 17.5542850494, 18.0419044495, 18.5411338806, 19.0519733429, 19.4815406799, 19.9111099243, 20.3174591064, 20.7470283508, 21.153377533, 21.5713367462, 21.9776859283, 22.3840351105, 22.8136043549, 23.2315635681, 23.6611328125, 24.0674819946, 24.4622211456, 24.8685703278, 25.3561897278, 25.8554191589, 26.3546485901, 26.8422679901, 27.3763256073, 27.8871650696, 28.3980045319, 28.9088420868, 29.4429016113, 30.0582313538, 30.6735591888, 31.2772789001, 31.869386673, 32.4847145081, 33.0652160645, 33.6457138062, 34.2262115479, 34.7951011658, 35.3523788452, 35.9212684631, 36.5017662048, 37.0822677612, 37.6627655029, 38.2432632446, 38.8702049255, 39.4971427917, 40.1356925964, 40.7742385864, 41.4127883911, 42.0048980713, 42.585395813, 43.1658935547, 43.7347831726, 44.3152809143, 45.0002708435, 45.6968688965, 46.3702468872, 47.0436286926, 47.7286148071, 48.4136047363, 49.0869827271, 49.78358078, 50.480178833, 51.1767807007, 51.8733787537, 52.5235366821, 53.1853065491, 53.8354644775, 54.4972343445, 55.1009521484, 55.7046699524, 56.2735595703, 56.7379570007, 57.2139663696, 57.6783676147, 58.1079368591, 58.5607261658, 59.0135154724, 59.5127410889, 60.0003623962, 60.4879798889, 60.9872093201, 61.4864387512, 61.9740562439, 62.4616775513],
    "bpm_histogram": [0, 0, 0, 0, 0, 0, 0, 0, 0, 0, 0, 0, 0, 0, 0, 0, 0, 0, 0, 0, 0, 0, 0, 0, 0, 0, 0, 0, 0, 0, 0, 0, 0, 0, 0, 0, 0, 0, 0, 0, 0, 0, 0, 0, 0, 0, 0, 0, 0, 0, 0, 0, 0, 0, 0, 0, 0, 0, 0, 0, 0, 0, 0, 0, 0, 0, 0, 0, 0, 0, 0, 0, 0, 0, 0, 0, 0, 0, 0, 0, 0, 0, 0, 0, 0, 0, 0.0434782616794, 0, 0.0260869562626, 0.0260869562626, 0, 0.0173913035542, 0.0173913035542, 0, 0.0260869562626, 0, 0.0173913035542, 0, 0.0260869562626, 0.0347826071084, 0, 0.0173913035542, 0, 0.0956521704793, 0, 0.0782608687878, 0, 0, 0.0260869562626, 0, 0.00869565177709, 0, 0.0347826071084, 0, 0, 0.0173913035542, 0, 0.0695652142167, 0, 0, 0.0869565233588, 0, 0, 0.10434782505, 0, 0, 0.00869565177709, 0, 0, 0.0347826071084, 0, 0, 0, 0.0347826071084, 0, 0, 0.0173913035542, 0, 0, 0, 0.0521739125252, 0, 0, 0, 0.0173913035542, 0, 0, 0, 0.0521739125252, 0, 0, 0, 0.00869565177709, 0, 0, 0, 0, 0, 0, 0, 0, 0, 0, 0, 0, 0, 0, 0, 0, 0, 0, 0, 0, 0, 0, 0, 0, 0, 0, 0, 0, 0, 0, 0, 0, 0, 0, 0, 0, 0, 0, 0, 0, 0, 0, 0, 0, 0, 0, 0, 0, 0, 0, 0, 0, 0, 0, 0, 0, 0, 0, 0, 0, 0, 0, 0, 0, 0, 0, 0, 0, 0, 0, 0, 0, 0, 0, 0, 0, 0, 0, 0, 0, 0, 0, 0, 0, 0, 0, 0, 0, 0, 0, 0, 0, 0, 0, 0, 0, 0]
},
"tonal": {
    "chords_changes_rate": 0.171680122614,
    "chords_number_rate": 0.0117388116196,
    "chords_strength": {
        "mean": 0.415600121021,
        "stdev": 0.0801457986236
    },
    "hpcp_crest": {
        "mean": 15.6803455353,
        "stdev": 7.99674367905
    },
    "hpcp_entropy": {
        "mean": 1.8042422533,
        "stdev": 0.886502742767
    },
    "key_edma": {
        "strength": 0.288169980049,
        "key": "C",
        "scale": "minor"
    },
    "key_krumhansl": {
        "strength": 0.295109689236,
        "key": "C",
        "scale": "minor"
    },
    "key_temperley": {
        "strength": 0.318402796984,
        "key": "C",
        "scale": "minor"
    },
    "tuning_diatonic_strength": 0.487588167191,
    "tuning_equal_tempered_deviation": 0.277631610632,
    "tuning_frequency": 443.828887939,
    "tuning_nontempered_energy_ratio": 0.910946726799,
    "hpcp": {
        "mean": [0.0919728055596, 0.0757549256086, 0.0713786259294, 0.0742562115192, 0.0734360441566, 0.0692721605301, 0.068096973002, 0.067743241787, 0.0659086704254, 0.0671401023865, 0.0689023137093, 0.0583534874022, 0.0586170479655, 0.0753580853343, 0.0818052366376, 0.0745387300849, 0.0723888799548, 0.0762415379286, 0.0730441063643, 0.0716228932142, 0.0713056400418, 0.0678254216909, 0.0815134271979, 0.0970711112022, 0.107648685575, 0.126530081034, 0.140473797917, 0.149478390813, 0.170512676239, 0.188948437572, 0.186474606395, 0.206527143717, 0.210143059492, 0.170809194446, 0.154852107167, 0.131003752351],
        "stdev": [0.218366369605, 0.200766474009, 0.192683383822, 0.186561986804, 0.184221789241, 0.184922426939, 0.184649810195, 0.178772032261, 0.169488146901, 0.178005948663, 0.180782362819, 0.151457905769, 0.149055242538, 0.171766251326, 0.187365427613, 0.171156689525, 0.168028220534, 0.170235350728, 0.168186157942, 0.179086118937, 0.187105089426, 0.176643103361, 0.199981808662, 0.229772076011, 0.231349244714, 0.250515311956, 0.258804380894, 0.271245270967, 0.284445643425, 0.302385509014, 0.295626193285, 0.31537848711, 0.327975511551, 0.287588864565, 0.285636901855, 0.255839943886]
    },
    "chords_histogram": [4.03521633148, 2.64123249054, 2.71460008621, 0.220102712512, 0, 0.440205425024, 0.293470293283, 9.46441650391, 3.96184897423, 16.5077037811, 12.6925897598, 3.44827580452, 4.32868671417, 0, 1.54071903229, 0.220102712512, 0.513572990894, 3.22817325592, 0.80704331398, 4.10858392715, 4.18195152283, 10.8584003448, 11.2986059189, 2.49449753761],
    "thpcp": [1, 0.812823414803, 0.736889004707, 0.623402714729, 0.437667578459, 0.360492169857, 0.339666813612, 0.353360295296, 0.349457383156, 0.329642862082, 0.324050545692, 0.322367250919, 0.313637137413, 0.319497108459, 0.327882885933, 0.277684569359, 0.278938770294, 0.358603745699, 0.389283537865, 0.354704707861, 0.344474285841, 0.362807780504, 0.347592294216, 0.340829223394, 0.339319497347, 0.322758316994, 0.387894928455, 0.46192869544, 0.512263834476, 0.602114021778, 0.668467462063, 0.711317300797, 0.811412334442, 0.899141907692, 0.887369811535, 0.982793092728],
    "chords_key": "G",
    "chords_scale": "major"
}
}