{
"metadata": {
    "version": {
        "essentia": "2.1-dev",
        "essentia_git_sha": "v2.1_beta3-415-gd5473f3",
        "extractor": "music 2.0"
    },
    "audio_properties": {
        "analysis": {
            "equal_loudness": 0,
            "length": 60.3951034546,
            "sample_rate": 44100,
            "start_time": 0,
            "downmix": "mix"
        },
        "bit_rate": 192000,
        "length": 60.3951034546,
        "lossless": 0,
        "number_channels": 2,
        "replay_gain": -5.79536628723,
        "sample_rate": 44100,
        "codec": "mp3",
        "md5_encoded": "e44860f893b3257c9c040086e94d63f4"
    },
    "tags": {
        "file_name": "monologo_hombre.mp3",
        "date": ["2004"],
        "engineer": ["rosamerica tamyo"]
    }
},
"lowlevel": {
    "average_loudness": 0.975576937199,
    "barkbands_crest": {
        "mean": 10.0432424545,
        "stdev": 4.03862094879
    },
    "barkbands_flatness_db": {
        "mean": 0.175865128636,
        "stdev": 0.0620037987828
    },
    "barkbands_kurtosis": {
        "mean": 7.77850866318,
        "stdev": 14.914232254
    },
    "barkbands_skewness": {
        "mean": 1.41526973248,
        "stdev": 1.84406197071
    },
    "barkbands_spread": {
        "mean": 28.1223392487,
        "stdev": 30.4989852905
    },
    "dissonance": {
        "mean": 0.448061943054,
        "stdev": 0.0435386784375
    },
    "dynamic_complexity": 4.92260789871,
    "erbbands_crest": {
        "mean": 9.38593387604,
        "stdev": 3.28527641296
    },
    "erbbands_flatness_db": {
        "mean": 0.190374076366,
        "stdev": 0.0577619634569
    },
    "erbbands_kurtosis": {
        "mean": 1.8737963438,
        "stdev": 4.32732534409
    },
    "erbbands_skewness": {
        "mean": 0.390730679035,
        "stdev": 1.18328499794
    },
    "erbbands_spread": {
        "mean": 32.9721412659,
        "stdev": 22.2845287323
    },
    "hfc": {
        "mean": 14.7951946259,
        "stdev": 14.9750976562
    },
    "loudness_ebu128": {
        "integrated": -19.2609901428,
        "loudness_range": 1.62298774719,
        "momentary": {
            "mean": -20.0102005005,
            "stdev": 2.95981049538
        },
        "short_term": {
            "mean": -19.379524231,
            "stdev": 0.552133977413
        }
    },
    "melbands_crest": {
        "mean": 13.1069669724,
        "stdev": 5.05856275558
    },
    "melbands_flatness_db": {
        "mean": 0.254558950663,
        "stdev": 0.0949862673879
    },
    "melbands_kurtosis": {
        "mean": 14.0369663239,
        "stdev": 32.7792396545
    },
    "melbands_skewness": {
        "mean": 2.32881999016,
        "stdev": 1.94043588638
    },
    "melbands_spread": {
        "mean": 28.3510189056,
        "stdev": 38.1134147644
    },
    "pitch_salience": {
        "mean": 0.656158983707,
        "stdev": 0.156981483102
    },
    "silence_rate_20dB": {
        "mean": 1,
        "stdev": 0
    },
    "silence_rate_30dB": {
        "mean": 1,
        "stdev": 0
    },
    "silence_rate_60dB": {
        "mean": 0.215603381395,
        "stdev": 0.411234796047
    },
    "spectral_centroid": {
        "mean": 1400.27966309,
        "stdev": 1057.45092773
    },
    "spectral_complexity": {
        "mean": 12.9373559952,
        "stdev": 10.2362594604
    },
    "spectral_decrease": {
        "mean": -4.89100138168e-09,
        "stdev": 4.57855708902e-09
    },
    "spectral_energy": {
        "mean": 0.0198017377406,
        "stdev": 0.0184729322791
    },
    "spectral_energyband_high": {
        "mean": 0.000357871496817,
        "stdev": 0.000817447667941
    },
    "spectral_energyband_low": {
        "mean": 0.00288219633512,
        "stdev": 0.00256581022404
    },
    "spectral_energyband_middle_high": {
        "mean": 0.00411232886836,
        "stdev": 0.00542461359873
    },
    "spectral_energyband_middle_low": {
        "mean": 0.0127112837508,
        "stdev": 0.0128131611273
    },
    "spectral_entropy": {
        "mean": 7.23802995682,
        "stdev": 0.66364043951
    },
    "spectral_flux": {
        "mean": 0.084441319108,
        "stdev": 0.0521696172655
    },
    "spectral_kurtosis": {
        "mean": 10.4884691238,
        "stdev": 9.87594604492
    },
    "spectral_rms": {
        "mean": 0.00374082406051,
        "stdev": 0.00230759289116
    },
    "spectral_rolloff": {
        "mean": 3493.90112305,
        "stdev": 5603.89453125
    },
    "spectral_skewness": {
        "mean": 1.97226023674,
        "stdev": 1.09152877331
    },
    "spectral_spread": {
        "mean": 3668372.25,
        "stdev": 1999634.25
    },
    "spectral_strongpeak": {
        "mean": 1.1697794199,
        "stdev": 1.15047907829
    },
    "zerocrossingrate": {
        "mean": 0.126794368029,
        "stdev": 0.167622834444
    },
    "barkbands": {
        "mean": [2.86465228783e-06, 0.000869840790983, 0.00182171526831, 0.00045963638695, 0.0031251006294, 0.00198746379465, 0.00271516712382, 0.00275356718339, 0.00152248772793, 0.000556585029699, 0.000558250641916, 0.000710210821126, 0.000552583485842, 0.000433997949585, 0.000280908279819, 0.000236585983657, 0.000309626862872, 0.000119390482723, 0.000349615933374, 0.000169328734046, 8.41798464535e-05, 6.65785264573e-05, 4.856918531e-05, 3.09822826239e-05, 7.93756589701e-06, 5.64897891309e-06, 2.29137640417e-05],
        "stdev": [8.42168174131e-06, 0.00118511472829, 0.00192272814456, 0.000882950611413, 0.00407654140145, 0.00288895098493, 0.00476655783132, 0.00532897887751, 0.00418693758547, 0.00141373486258, 0.00147887563799, 0.00182826397941, 0.00149040308315, 0.00127770472318, 0.000899510225281, 0.000518621236552, 0.000539263244718, 0.000224256378715, 0.000619331898633, 0.000308671907987, 0.000203294170205, 0.000256751518464, 0.00020700469031, 0.000131506778416, 3.10192517645e-05, 1.72446179931e-05, 5.95134451942e-06]
    },
    "erbbands": {
        "mean": [0.00641224440187, 0.28423050046, 1.97165215015, 1.74072158337, 6.64209794998, 11.2270536423, 10.1249351501, 18.4486255646, 33.5059204102, 53.9298744202, 55.2033309937, 36.0710792542, 16.8161563873, 20.3052005768, 25.8629150391, 28.2184677124, 24.3568477631, 24.9068012238, 18.6002292633, 13.021697998, 13.9947137833, 17.2420291901, 7.10825634003, 13.9286308289, 16.1678466797, 7.6106801033, 5.54494047165, 2.28481507301, 2.20929336548, 2.10379910469, 1.2713752985, 0.756124615669, 0.441220372915, 0.119187504053, 0.0459493286908, 0.0348203070462, 0.00805484689772, 0.000442446704255, 0.00107212120201, 0.000706748163793],
        "stdev": [0.0118052233011, 0.338360846043, 1.89269506931, 2.34101462364, 8.76961040497, 18.3714637756, 16.8815555573, 30.045009613, 60.3532104492, 99.8502502441, 106.772529602, 97.5725860596, 39.0665397644, 54.2535591125, 63.2299423218, 69.8633728027, 60.2391967773, 69.2310943604, 57.351360321, 34.8601036072, 26.688747406, 30.6389560699, 12.5475978851, 26.3865604401, 29.6051654816, 13.5898456573, 11.5186300278, 7.16329813004, 8.42353916168, 8.5921087265, 5.4841504097, 3.43844747543, 1.74862074852, 0.466271996498, 0.179199919105, 0.110538385808, 0.0266242884099, 0.00135338224936, 0.000292318261927, 0.0001804678177]
    },
    "gfcc": {
        "mean": [-86.6769943237, 97.5938796997, -96.0682525635, 17.7366008759, -34.4659080505, -25.5883216858, -22.2997932434, -7.07021856308, -13.1407213211, -5.82171297073, -1.25392580032, -14.7859268188, -4.83305740356],
        "cov": [[12798.9892578, 2695.82958984, -3078.27709961, -391.648071289, -1416.21130371, -633.284545898, -1104.43603516, 643.211120605, -1086.09106445, 230.45401001, -524.071289062, -41.6823883057, -561.377563477], [2695.82958984, 4009.44018555, -503.477905273, -1382.2947998, 149.457748413, -890.996154785, -29.0020942688, -64.1131210327, -493.746429443, -407.963043213, -52.5550079346, -82.4202880859, 31.1910800934], [-3078.27709961, -503.477905273, 1432.97070312, 348.148712158, 188.701126099, 181.215393066, 194.77331543, -182.717681885, 219.897445679, -121.81149292, 97.9942474365, 93.4979553223, 168.525421143], [-391.648071289, -1382.2947998, 348.148712158, 1185.19836426, 28.3026351929, 84.6666870117, -234.558685303, -68.7921218872, 151.41633606, 128.909423828, 40.2795791626, 25.3487186432, 36.3929595947], [-1416.21130371, 149.457748413, 188.701126099, 28.3026351929, 643.26776123, -88.945526123, -56.3878059387, -140.402160645, 114.496002197, -27.7285518646, 99.7279205322, -69.457321167, 94.0463180542], [-633.284545898, -890.996154785, 181.215393066, 84.6666870117, -88.945526123, 549.343261719, 121.022827148, 11.3252754211, 139.932113647, 91.5024414062, -3.10198497772, 46.5963287354, -50.1887817383], [-1104.43603516, -29.0020942688, 194.77331543, -234.558685303, -56.3878059387, 121.022827148, 544.253417969, 48.4888191223, 13.6761894226, -73.8112564087, 15.0082836151, 57.7417945862, 29.5792274475], [643.211120605, -64.1131210327, -182.717681885, -68.7921218872, -140.402160645, 11.3252754211, 48.4888191223, 238.378051758, -59.0960502625, 29.3304023743, -38.6656150818, 7.43335103989, -58.9780807495], [-1086.09106445, -493.746429443, 219.897445679, 151.41633606, 114.496002197, 139.932113647, 13.6761894226, -59.0960502625, 263.24520874, 52.673084259, 48.9551811218, -18.7006187439, 19.2826728821], [230.45401001, -407.963043213, -121.81149292, 128.909423828, -27.7285518646, 91.5024414062, -73.8112564087, 29.3304023743, 52.673084259, 196.49887085, -5.93246984482, -32.6142272949, -53.9750747681], [-524.071289062, -52.5550079346, 97.9942474365, 40.2795791626, 99.7279205322, -3.10198497772, 15.0082836151, -38.6656150818, 48.9551811218, -5.93246984482, 122.585426331, -17.1807231903, 3.47658348083], [-41.6823883057, -82.4202880859, 93.4979553223, 25.3487186432, -69.457321167, 46.5963287354, 57.7417945862, 7.43335103989, -18.7006187439, -32.6142272949, -17.1807231903, 123.301147461, 13.7051315308], [-561.377563477, 31.1910800934, 168.525421143, 36.3929595947, 94.0463180542, -50.1887817383, 29.5792274475, -58.9780807495, 19.2826728821, -53.9750747681, 3.47658348083, 13.7051315308, 142.38520813]],
        "icov": [[0.00284320884384, -0.00361423008144, 0.00395828345791, -0.00397823145613, 0.00385542702861, -0.00345267308876, 0.00352322962135, -0.00322522129864, 0.00300990161486, -0.00247250078246, 0.00249375961721, -0.00160636287183, 0.00125083874445], [-0.00361423008144, 0.00567605951801, -0.00515383202583, 0.00613074190915, -0.0050442176871, 0.00560728646815, -0.00421166885644, 0.00466482480988, -0.00302691641264, 0.00401234719902, -0.0029297391884, 0.00226245331578, -0.00106000469532], [0.00395828345791, -0.00515383202583, 0.00676263682544, -0.00600387109444, 0.00531462999061, -0.00525584537536, 0.00453975331038, -0.00414957664907, 0.00350962858647, -0.0027477608528, 0.00300882384181, -0.00277369027026, 0.000917321478482], [-0.00397823145613, 0.00613074190915, -0.00600387109444, 0.00786583404988, -0.00536019075662, 0.00609004637226, -0.00402693310753, 0.00502753769979, -0.00375479785725, 0.0034380313009, -0.0035826920066, 0.00197096308693, -0.00161653268151], [0.00385542702861, -0.0050442176871, 0.00531462999061, -0.00536019075662, 0.00761363049969, -0.00454636383802, 0.00498921796679, -0.00383104593493, 0.00326024042442, -0.00344472657889, 0.00204379833303, -0.0012776653748, 0.000456382142147], [-0.00345267308876, 0.00560728646815, -0.00525584537536, 0.00609004637226, -0.00454636383802, 0.00838645361364, -0.00455510802567, 0.0046957838349, -0.00409036036581, 0.00276546948589, -0.00227665738203, 0.00120410567615, 0.000215400534216], [0.00352322962135, -0.00421166885644, 0.00453975331038, -0.00402693310753, 0.00498921796679, -0.00455510802567, 0.00709185935557, -0.00468210084364, 0.00375415687449, -0.00232822983526, 0.0024340255186, -0.0025588478893, 0.000951794325374], [-0.00322522129864, 0.00466482480988, -0.00414957664907, 0.00502753769979, -0.00383104593493, 0.0046957838349, -0.00468210084364, 0.00965383369476, -0.00246498640627, 0.0026498765219, -0.00190432160161, 0.00185256265104, 0.0002520843409], [0.00300990161486, -0.00302691641264, 0.00350962858647, -0.00375479785725, 0.00326024042442, -0.00409036036581, 0.00375415687449, -0.00246498640627, 0.0099988495931, -0.00336732505821, 0.00175664108247, -0.00039678500616, 0.00130446336698], [-0.00247250078246, 0.00401234719902, -0.0027477608528, 0.0034380313009, -0.00344472657889, 0.00276546948589, -0.00232822983526, 0.0026498765219, -0.00336732505821, 0.0109643014148, -0.00148518977221, 0.00324896257371, 0.000913498864975], [0.00249375961721, -0.0029297391884, 0.00300882384181, -0.0035826920066, 0.00204379833303, -0.00227665738203, 0.0024340255186, -0.00190432160161, 0.00175664108247, -0.00148518977221, 0.0127946725115, -0.000384749349905, 0.0033052242361], [-0.00160636287183, 0.00226245331578, -0.00277369027026, 0.00197096308693, -0.0012776653748, 0.00120410567615, -0.0025588478893, 0.00185256265104, -0.00039678500616, 0.00324896257371, -0.000384749349905, 0.0115797901526, -0.0013024212094], [0.00125083874445, -0.00106000469532, 0.000917321478482, -0.00161653268151, 0.000456382142147, 0.000215400534216, 0.000951794325374, 0.0002520843409, 0.00130446336698, 0.000913498864975, 0.0033052242361, -0.0013024212094, 0.0114099578932]]
    },
    "melbands": {
        "mean": [0.000141592754517, 0.000815315230284, 0.000408697000239, 0.000738235481549, 0.000366412394214, 0.000417256524088, 0.000521466194186, 0.000609202601481, 0.000440706702648, 0.000199642439838, 7.86075397627e-05, 8.04215887911e-05, 8.14298036858e-05, 8.60211366671e-05, 5.60509542993e-05, 5.66450216866e-05, 4.37484050053e-05, 3.13162490784e-05, 1.89161419257e-05, 1.60133877216e-05, 1.66151039593e-05, 1.94895819732e-05, 9.80114145932e-06, 5.00876785736e-06, 1.19521264423e-05, 1.30220769279e-05, 8.23397931526e-06, 4.57631449535e-06, 4.21025288233e-06, 1.87489854397e-06, 1.12026316401e-06, 1.1998267837e-06, 1.35578090976e-06, 1.10174892143e-06, 8.2328216422e-07, 4.89648982693e-07, 4.4805111088e-07, 3.49498918695e-07, 1.83042999424e-07, 6.99040541008e-08],
        "stdev": [0.000218778732233, 0.00074047059752, 0.000442777352873, 0.00102408626117, 0.000579420127906, 0.000639745325316, 0.000910900824238, 0.00112069991883, 0.000880603678524, 0.000554645317607, 0.000188004254596, 0.000219599576667, 0.000210484358831, 0.000227590004215, 0.000140066607855, 0.000160737516126, 0.000129299573018, 0.000102436206362, 5.98930091655e-05, 3.99834971176e-05, 3.23849162669e-05, 3.51838752977e-05, 2.04434491025e-05, 9.67273899732e-06, 2.39216296904e-05, 2.50190369115e-05, 1.59293267643e-05, 9.35538992053e-06, 9.19463309401e-06, 5.17735952599e-06, 4.08069035984e-06, 4.62294110548e-06, 5.65385334994e-06, 4.74962007502e-06, 3.67626398656e-06, 2.37680433202e-06, 2.04863954423e-06, 1.42313285778e-06, 7.62358524753e-07, 2.74320399285e-07]
    },
    "melbands128": {
        "mean": [1.8791004095e-06, 1.0499689779e-05, 0.000104428479972, 0.000560460845008, 0.00106999080162, 0.000784591014963, 0.000298153143376, 0.000253552512731, 0.000654984789435, 0.0010448123794, 0.000706172781065, 0.000321742089, 0.000311096693622, 0.000388655258575, 0.000408791151131, 0.00041705777403, 0.000509298581164, 0.000540224020369, 0.000505564443301, 0.000636286451481, 0.000695201335475, 0.00050039566122, 0.000407324085245, 0.000400631863158, 0.000261195673374, 0.000110788620077, 7.94336447143e-05, 7.38557500881e-05, 8.08143740869e-05, 8.06935931905e-05, 8.41257060529e-05, 7.19458475942e-05, 8.46818147693e-05, 8.16793835838e-05, 8.81554442458e-05, 9.47544103838e-05, 6.99308438925e-05, 5.40301771252e-05, 4.60051887785e-05, 5.124400559e-05, 6.17736659478e-05, 6.08216614637e-05, 4.66462843178e-05, 3.3042524592e-05, 3.26389053953e-05, 3.50955378963e-05, 2.47848638537e-05, 1.73697917489e-05, 1.76400590135e-05, 1.69326576724e-05, 1.61654970725e-05, 1.44849764183e-05, 1.47918517541e-05, 1.83055726666e-05, 1.92156185221e-05, 2.10157231777e-05, 1.92200604943e-05, 1.20572340165e-05, 6.78762762618e-06, 3.98158499593e-06, 3.47820446223e-06, 6.15843600826e-06, 1.07740397652e-05, 1.38243731271e-05, 1.41530817928e-05, 1.13567912194e-05, 1.4281262338e-05, 1.2594364307e-05, 5.88075681662e-06, 3.54910639544e-06, 4.25309872298e-06, 5.19438390256e-06, 5.57682096769e-06, 4.13482212025e-06, 2.56764587903e-06, 1.9363606043e-06, 1.69431950781e-06, 1.04757305053e-06, 8.9820497351e-07, 1.3713415683e-06, 1.15346188068e-06, 1.08515496322e-06, 1.40856764119e-06, 1.4027615407e-06, 1.34140839236e-06, 1.10209941795e-06, 9.81789867183e-07, 1.17266176858e-06, 8.76495619195e-07, 5.12415056164e-07, 5.32796718744e-07, 4.55180611425e-07, 4.74616712154e-07, 4.43502869985e-07, 4.55101542229e-07, 3.97136204811e-07, 3.34874016517e-07, 2.69287966148e-07, 1.98220888592e-07, 1.31904272394e-07, 8.8305931456e-08, 5.61195712123e-08, 5.36718438582e-08, 4.68776377716e-08, 4.27548982884e-08, 5.05141173335e-08, 5.82052663844e-08, 6.58953140942e-08, 7.26502165094e-08, 5.93474922539e-08, 4.43526211313e-08, 3.29979314984e-08, 2.22972875719e-08, 1.40171900753e-08, 6.12862205429e-09, 1.11159093041e-09, 8.70353025761e-11, 1.40109633964e-11, 1.0619735126e-11, 5.79130854383e-10, 7.26145898966e-09, 9.47598088885e-09, 3.12178229933e-07, 5.9046573142e-07, 4.71594496787e-09, 4.08876887903e-09, 3.14435782967e-10, 3.67310955957e-12],
        "stdev": [4.74752005175e-06, 2.59232383542e-05, 0.000297113583656, 0.000715640024282, 0.00103615201078, 0.000919394544326, 0.00056448765099, 0.000496951455716, 0.00103784643579, 0.00177873531356, 0.0015527352225, 0.000867009803187, 0.000733874971047, 0.000738232745789, 0.000883311440703, 0.00091305206297, 0.00120337225962, 0.00131100579165, 0.00128488230985, 0.00153804151341, 0.00178400205914, 0.00127110735048, 0.00108778965659, 0.00133126892615, 0.000932929222472, 0.000414804962929, 0.000268198433332, 0.000211202830542, 0.000237447937252, 0.000265798444161, 0.000304125802359, 0.000225320793106, 0.00028602531529, 0.000245750125032, 0.000287155038677, 0.000318071397487, 0.000217402630369, 0.000166444384377, 0.000150204374222, 0.00016372402024, 0.000234187595197, 0.000226487682085, 0.000163701173733, 0.000126896557049, 0.00012187770335, 0.000136555012432, 0.000104435726826, 7.05710117472e-05, 6.68122447678e-05, 5.43953137822e-05, 4.3731124606e-05, 4.09582207794e-05, 3.59380610462e-05, 4.01708493882e-05, 3.91286448576e-05, 4.53909960925e-05, 4.61336567241e-05, 2.88930641545e-05, 1.60220188263e-05, 8.39202402858e-06, 7.55760629545e-06, 1.36021535582e-05, 2.44514085352e-05, 3.1034796848e-05, 3.2633455703e-05, 2.63468537014e-05, 3.24257416651e-05, 2.71483022516e-05, 1.28313549794e-05, 8.55395592225e-06, 1.03253860289e-05, 1.21459970615e-05, 1.40239289976e-05, 9.79059313977e-06, 6.33228592051e-06, 5.80098867431e-06, 5.87802696828e-06, 3.97499661631e-06, 3.582248155e-06, 5.90760237174e-06, 4.49632625532e-06, 4.43458520749e-06, 6.36478853266e-06, 6.27912140772e-06, 5.97550160819e-06, 4.86959106638e-06, 4.80619155496e-06, 5.76267302677e-06, 4.17373576056e-06, 2.34250887843e-06, 2.84887664748e-06, 2.30749697039e-06, 2.57793271885e-06, 2.12060626836e-06, 2.07701214094e-06, 1.71987073827e-06, 1.41500095197e-06, 1.07600749288e-06, 8.68694257861e-07, 7.0357543791e-07, 3.77976533628e-07, 2.17698627125e-07, 2.18734854229e-07, 1.82079702427e-07, 1.60026942808e-07, 2.85680897605e-07, 3.28348278344e-07, 2.31553514141e-07, 2.20858595412e-07, 1.99429138092e-07, 1.53094049438e-07, 1.17966742152e-07, 8.17127130404e-08, 5.4020887319e-08, 2.53346676971e-08, 6.70611122189e-09, 2.56864918224e-10, 4.27844218387e-11, 3.88208527824e-11, 1.33751598685e-09, 1.1549484924e-08, 1.33923192536e-08, 8.29102191346e-08, 1.57238858378e-07, 8.26702795109e-09, 7.69338104334e-09, 7.7552786415e-10, 8.97875263722e-12]
    },
    "mfcc": {
        "mean": [-744.862243652, 146.643539429, -4.25510215759, 40.8516273499, 3.41366243362, -6.40929317474, 0.191777020693, -6.93274307251, -5.28547430038, 1.90283310413, -2.35611248016, 2.3676700592, 3.54549312592],
        "cov": [[13998.9648438, 2252.25708008, -2453.5534668, -149.713378906, -1026.42321777, -1321.58251953, -388.084716797, -496.493041992, -511.89440918, -115.343566895, -359.712097168, 66.2417907715, -39.1886520386], [2252.25708008, 4879.87939453, -958.770080566, -518.733215332, -344.228759766, -868.958740234, 181.737747192, -109.140945435, -131.080322266, -504.826782227, -321.247009277, -30.4800434113, 48.407585144], [-2453.5534668, -958.770080566, 1371.37854004, 174.733261108, 77.8771743774, 373.944915771, 1.83004057407, 195.638977051, 92.3552932739, -3.75006532669, -0.870353341103, -17.1920566559, 22.8137741089], [-149.713378906, -518.733215332, 174.733261108, 793.053161621, 282.117706299, -24.4466304779, -77.6452789307, -99.9764862061, -77.6599349976, 38.883140564, -98.8290100098, -98.1948623657, 5.22340536118], [-1026.42321777, -344.228759766, 77.8771743774, 282.117706299, 752.335327148, 156.243209839, -153.059631348, -150.970108032, -85.7399673462, 95.1001815796, 8.8161945343, -87.5333328247, -9.28004932404], [-1321.58251953, -868.958740234, 373.944915771, -24.4466304779, 156.243209839, 503.979827881, -13.6994695663, 47.2590560913, 69.7583465576, 52.559551239, 116.917663574, 14.9682035446, -13.7174797058], [-388.084716797, 181.737747192, 1.83004057407, -77.6452789307, -153.059631348, -13.6994695663, 272.001739502, 103.964530945, 53.9711532593, -37.3665428162, 25.4112987518, 52.7829551697, -19.3736724854], [-496.493041992, -109.140945435, 195.638977051, -99.9764862061, -150.970108032, 47.2590560913, 103.964530945, 267.680755615, 71.5414428711, -48.0641708374, 53.0297050476, 21.0147171021, -14.3907976151], [-511.89440918, -131.080322266, 92.3552932739, -77.6599349976, -85.7399673462, 69.7583465576, 53.9711532593, 71.5414428711, 191.418716431, -0.138605326414, 20.6656551361, 32.2530860901, -24.2935962677], [-115.343566895, -504.826782227, -3.75006532669, 38.883140564, 95.1001815796, 52.559551239, -37.3665428162, -48.0641708374, -0.138605326414, 219.254058838, 78.1072692871, -3.83977246284, -12.8634719849], [-359.712097168, -321.247009277, -0.870353341103, -98.8290100098, 8.8161945343, 116.917663574, 25.4112987518, 53.0297050476, 20.6656551361, 78.1072692871, 248.128799438, 55.2174949646, -47.152141571], [66.2417907715, -30.4800434113, -17.1920566559, -98.1948623657, -87.5333328247, 14.9682035446, 52.7829551697, 21.0147171021, 32.2530860901, -3.83977246284, 55.2174949646, 153.817886353, -10.7171974182], [-39.1886520386, 48.407585144, 22.8137741089, 5.22340536118, -9.28004932404, -13.7174797058, -19.3736724854, -14.3907976151, -24.2935962677, -12.8634719849, -47.152141571, -10.7171974182, 119.322013855]],
        "icov": [[0.000178822432645, 1.01072710095e-05, 0.000240942303208, -4.20054675487e-05, 0.000322358915582, 0.00012810480257, 0.000358831137419, 4.64793920401e-05, 0.000369075947674, -2.99465900753e-05, 0.000201257891604, -0.000166323210578, 0.000250572949881], [1.01072710095e-05, 0.000512313796207, 8.4377505118e-05, 0.000406822480727, -0.000149176645209, 0.000728957646061, -0.00033065903699, 0.000356069387635, 7.91730126366e-05, 0.00100134708919, 8.18468397483e-05, 0.000254469225183, 2.26307042794e-06], [0.000240942303208, 8.4377505118e-05, 0.00149684178177, -0.000351926544681, 0.000423387973569, -0.000600357598159, 0.000636042037513, -0.000862978631631, 0.000366590247722, 2.02107912628e-05, 0.000753993401304, -0.000286426366074, 8.6262502009e-05], [-4.20054675487e-05, 0.000406822480727, -0.000351926544681, 0.0020645163022, -0.000717322807759, 0.000874767894857, -0.000499329296872, 0.000627010769676, 0.000286515714834, 0.000546810391825, 0.000493306259159, 0.000761349045206, 0.000217998764128], [0.000322358915582, -0.000149176645209, 0.000423387973569, -0.000717322807759, 0.0027386713773, -0.0007644543075, 0.0012459208956, 0.000696053495631, 0.00119607662782, -0.000695521011949, 0.000191268831259, 0.000249815435382, 0.000794753374066], [0.00012810480257, 0.000728957646061, -0.000600357598159, 0.000874767894857, -0.0007644543075, 0.00443246448413, -0.000185360040632, 0.000799421686679, -0.000642981380224, 0.00142244249582, -0.00120843877085, 0.000266379996901, -9.1909278126e-05], [0.000358831137419, -0.00033065903699, 0.000636042037513, -0.000499329296872, 0.0012459208956, -0.000185360040632, 0.00584972603247, -0.0016794524854, 0.000185121156392, -0.000443896220531, 0.000369518529624, -0.00163393956609, 0.000964174920227], [4.64793920401e-05, 0.000356069387635, -0.000862978631631, 0.000627010769676, 0.000696053495631, 0.000799421686679, -0.0016794524854, 0.00658486364409, -0.000930418958887, 0.00199957424775, -0.00165019533597, 0.00119771924801, 0.0001574865164], [0.000369075947674, 7.91730126366e-05, 0.000366590247722, 0.000286515714834, 0.00119607662782, -0.000642981380224, 0.000185121156392, -0.000930418958887, 0.00753857707605, -0.000586838577874, 0.00133710878436, -0.00105914729647, 0.00184822978918], [-2.99465900753e-05, 0.00100134708919, 2.02107912628e-05, 0.000546810391825, -0.000695521011949, 0.00142244249582, -0.000443896220531, 0.00199957424775, -0.000586838577874, 0.00788742955774, -0.00226332200691, 0.00102349359076, -0.000236992462305], [0.000201257891604, 8.18468397483e-05, 0.000753993401304, 0.000493306259159, 0.000191268831259, -0.00120843877085, 0.000369518529624, -0.00165019533597, 0.00133710878436, -0.00226332200691, 0.00697761354968, -0.00203409558162, 0.00220692739822], [-0.000166323210578, 0.000254469225183, -0.000286426366074, 0.000761349045206, 0.000249815435382, 0.000266379996901, -0.00163393956609, 0.00119771924801, -0.00105914729647, 0.00102349359076, -0.00203409558162, 0.00854408740997, -0.000348918081727], [0.000250572949881, 2.26307042794e-06, 8.6262502009e-05, 0.000217998764128, 0.000794753374066, -9.1909278126e-05, 0.000964174920227, 0.0001574865164, 0.00184822978918, -0.000236992462305, 0.00220692739822, -0.000348918081727, 0.00985432136804]]
    },
    "spectral_contrast_coeffs": {
        "mean": [-0.679371833801, -0.734936714172, -0.808903574944, -0.813537836075, -0.78084820509, -0.773363471031],
        "stdev": [0.117906682193, 0.102927610278, 0.077934242785, 0.0644906312227, 0.0653180927038, 0.0544971600175]
    },
    "spectral_contrast_valleys": {
        "mean": [-7.5840549469, -7.26341581345, -8.2204208374, -8.41351795197, -8.3531332016, -11.6968784332],
        "stdev": [1.10267674923, 1.52996110916, 1.5136026144, 1.32067251205, 1.27342164516, 1.16943502426]
    }
},
"rhythm": {
    "beats_count": 109,
    "beats_loudness": {
        "mean": 0.0299894716591,
        "stdev": 0.0173046309501
    },
    "bpm": 123.27205658,
    "bpm_histogram_first_peak_bpm": 123,
    "bpm_histogram_first_peak_weight": 0.516129016876,
    "bpm_histogram_second_peak_bpm": 99,
    "bpm_histogram_second_peak_spread": 0.304347813129,
    "bpm_histogram_second_peak_weight": 0.148148149252,
    "danceability": 1.44930827618,
    "onset_rate": 5.67817687988,
    "beats_loudness_band_ratio": {
        "mean": [0.254934221506, 0.243353962898, 0.32040065527, 0.117316678166, 0.0610562637448, 0.0677330717444],
        "stdev": [0.209747627378, 0.16988363862, 0.20381782949, 0.0979945361614, 0.0590753518045, 0.164566606283]
    },
    "beats_position": [0.545668900013, 1.11455774307, 1.69505667686, 2.2523355484, 2.7863945961, 3.34367346764, 3.90095233917, 4.446621418, 5.15482997894, 5.85142850876, 6.57124710083, 7.26784563065, 7.94122457504, 8.6146030426, 9.31120204926, 10.0078001022, 10.6811790466, 11.3313379288, 12.0047159195, 12.6432647705, 13.2818136215, 13.9319725037, 14.5589113235, 15.2322902679, 15.9172782898, 16.602268219, 17.298866272, 17.9722442627, 18.6688423157, 19.3190021515, 19.9459400177, 20.5728797913, 21.1649875641, 21.7803173065, 22.3840351105, 22.9877548218, 23.5914726257, 24.195192337, 24.7989120483, 25.4258499146, 26.0295696259, 26.6448974609, 27.2602272034, 27.8871650696, 28.4908847809, 29.0946025848, 29.6983222961, 30.3020401001, 30.9057598114, 31.5210876465, 32.1364173889, 32.6936950684, 33.239364624, 33.7850341797, 34.3423118591, 34.8995895386, 35.4568710327, 35.9444885254, 36.4437179565, 36.9429473877, 37.4305648804, 37.9065742493, 38.4058036804, 38.8934249878, 39.3810424805, 39.8686599731, 40.3795013428, 40.8903388977, 41.3895683289, 41.830745697, 42.2835350037, 42.7363243103, 43.1426734924, 43.5838546753, 44.0134239197, 44.4778213501, 44.9306106567, 45.3833999634, 45.801361084, 46.2077102661, 46.6024475098, 46.9739685059, 47.3454856873, 47.8098869324, 48.2858963013, 48.7619056702, 49.2379112244, 49.7023124695, 50.1783218384, 50.6659393311, 51.1535606384, 51.6760063171, 52.1752357483, 52.6628570557, 53.1620864868, 53.661315918, 54.1489334106, 54.6365509033, 55.1125602722, 55.6001815796, 56.0877990723, 56.5638084412, 57.0514259338, 57.5274353027, 58.0150566101, 58.5026741028, 58.9670753479, 59.4430847168, 59.9074821472],
    "bpm_histogram": [0, 0, 0, 0, 0, 0, 0, 0, 0, 0, 0, 0, 0, 0, 0, 0, 0, 0, 0, 0, 0, 0, 0, 0, 0, 0, 0, 0, 0, 0, 0, 0, 0, 0, 0, 0, 0, 0, 0, 0, 0, 0, 0, 0, 0, 0, 0, 0, 0, 0, 0, 0, 0, 0, 0, 0, 0, 0, 0, 0, 0, 0, 0, 0, 0, 0, 0, 0, 0, 0, 0, 0, 0, 0, 0, 0, 0, 0, 0, 0, 0, 0, 0, 0.00925925932825, 0, 0.00925925932825, 0.0555555559695, 0, 0.0185185186565, 0.0555555559695, 0, 0, 0.0277777779847, 0, 0.0185185186565, 0, 0.0462962947786, 0, 0.0462962947786, 0.101851850748, 0, 0.00925925932825, 0, 0.00925925932825, 0, 0.00925925932825, 0, 0, 0.0648148134351, 0, 0.0277777779847, 0, 0.00925925932825, 0, 0, 0.00925925932825, 0, 0.0185185186565, 0, 0, 0.0648148134351, 0, 0, 0.138888895512, 0, 0, 0.0833333358169, 0, 0, 0.0462962947786, 0, 0, 0, 0.037037037313, 0, 0, 0.0185185186565, 0, 0, 0, 0.00925925932825, 0, 0, 0, 0.00925925932825, 0, 0, 0, 0.0185185186565, 0, 0, 0, 0.00925925932825, 0, 0, 0, 0, 0, 0, 0, 0, 0.0185185186565, 0, 0, 0, 0, 0, 0, 0, 0, 0, 0, 0, 0, 0, 0, 0, 0, 0, 0, 0, 0, 0, 0, 0, 0, 0, 0, 0, 0, 0, 0, 0, 0, 0, 0, 0, 0, 0, 0, 0, 0, 0, 0, 0, 0, 0, 0, 0, 0, 0, 0, 0, 0, 0, 0, 0, 0, 0, 0, 0, 0, 0, 0, 0, 0, 0, 0, 0, 0, 0, 0, 0, 0, 0, 0, 0, 0, 0, 0, 0, 0, 0, 0, 0, 0, 0, 0, 0, 0]
},
"tonal": {
    "chords_changes_rate": 0.193548381329,
    "chords_number_rate": 0.010752688162,
    "chords_strength": {
        "mean": 0.476883292198,
        "stdev": 0.0984729230404
    },
    "hpcp_crest": {
        "mean": 11.7167072296,
        "stdev": 5.4683804512
    },
    "hpcp_entropy": {
        "mean": 2.28172206879,
        "stdev": 0.748742878437
    },
    "key_edma": {
        "strength": 0.344689339399,
        "key": "C#",
        "scale": "minor"
    },
    "key_krumhansl": {
        "strength": 0.340278536081,
        "key": "C#",
        "scale": "minor"
    },
    "key_temperley": {
        "strength": 0.348596662283,
        "key": "G#",
        "scale": "minor"
    },
    "tuning_diatonic_strength": 0.403303951025,
    "tuning_equal_tempered_deviation": 0.235346958041,
    "tuning_frequency": 456.306610107,
    "tuning_nontempered_energy_ratio": 0.896101891994,
    "hpcp": {
        "mean": [0.117527857423, 0.117690064013, 0.129588529468, 0.109506092966, 0.103445470333, 0.123605258763, 0.11926805228, 0.103012286127, 0.104660093784, 0.11045845598, 0.0989671722054, 0.0924231112003, 0.0978798121214, 0.0994669795036, 0.114930994809, 0.115642108023, 0.112686686218, 0.125706866384, 0.114930570126, 0.114576339722, 0.131059885025, 0.132822677493, 0.118262916803, 0.109475374222, 0.116581343114, 0.112291887403, 0.121576406062, 0.167333185673, 0.186415165663, 0.167663186789, 0.159121587873, 0.168374508619, 0.198655635118, 0.227300032973, 0.19504699111, 0.143256366253],
        "stdev": [0.224070310593, 0.227655142546, 0.239598527551, 0.217175841331, 0.203614875674, 0.231419146061, 0.219452872872, 0.204531356692, 0.201337099075, 0.212253347039, 0.194270163774, 0.180777952075, 0.189262494445, 0.186664894223, 0.2115021348, 0.213558241725, 0.211714982986, 0.230012610555, 0.200111106038, 0.213878974319, 0.239918917418, 0.23358514905, 0.214730069041, 0.208396792412, 0.227411583066, 0.214814096689, 0.225349411368, 0.271733790636, 0.291652023792, 0.278406202793, 0.264037102461, 0.271553277969, 0.284853070974, 0.317637950182, 0.291706860065, 0.26109534502]
    },
    "chords_histogram": [21.8894004822, 3.14900159836, 0.844854056835, 7.29646682739, 0.691244244576, 0.614439308643, 2.99539160728, 6.60522270203, 2.30414748192, 5.76036882401, 3.7634408474, 0, 0, 0, 0, 1.38248848915, 6.22119808197, 19.047618866, 4.22427034378, 0, 0.614439308643, 0.230414748192, 6.14439344406, 6.22119808197],
    "thpcp": [1, 0.858103692532, 0.630252301693, 0.51706045866, 0.517774045467, 0.570121049881, 0.481768935919, 0.455105394125, 0.543797791004, 0.524716377258, 0.453199595213, 0.460449099541, 0.485958814621, 0.435403257608, 0.406612843275, 0.430619448423, 0.437602132559, 0.505635619164, 0.508764147758, 0.495761841536, 0.553043782711, 0.50563377142, 0.504075348377, 0.576594233513, 0.584349572659, 0.520294308662, 0.481633782387, 0.512896299362, 0.494024962187, 0.534871935844, 0.736177563667, 0.820128202438, 0.737629413605, 0.700050890446, 0.740758836269, 0.8739798069],
    "chords_key": "G#",
    "chords_scale": "minor"
}
}