{
"metadata": {
    "version": {
        "essentia": "2.1-dev",
        "essentia_git_sha": "v2.1_beta3-415-gd5473f3",
        "extractor": "music 2.0"
    },
    "audio_properties": {
        "analysis": {
            "equal_loudness": 0,
            "length": 62.7461242676,
            "sample_rate": 44100,
            "start_time": 0,
            "downmix": "mix"
        },
        "bit_rate": 192000,
        "length": 62.7461242676,
        "lossless": 0,
        "number_channels": 2,
        "replay_gain": -6.09987640381,
        "sample_rate": 44100,
        "codec": "mp3",
        "md5_encoded": "db2995d01cdb2159e86733d864a769f4"
    },
    "tags": {
        "file_name": "monologo_mujer_04.mp3",
        "date": ["2004"],
        "engineer": ["rosamerica tamyo"]
    }
},
"lowlevel": {
    "average_loudness": 0.977417767048,
    "barkbands_crest": {
        "mean": 12.7636489868,
        "stdev": 5.27617311478
    },
    "barkbands_flatness_db": {
        "mean": 0.204481467605,
        "stdev": 0.0823949947953
    },
    "barkbands_kurtosis": {
        "mean": 19.9689426422,
        "stdev": 40.9998207092
    },
    "barkbands_skewness": {
        "mean": 2.28320026398,
        "stdev": 3.0164911747
    },
    "barkbands_spread": {
        "mean": 19.8475399017,
        "stdev": 24.9150028229
    },
    "dissonance": {
        "mean": 0.402848631144,
        "stdev": 0.0795238763094
    },
    "dynamic_complexity": 3.48459219933,
    "erbbands_crest": {
        "mean": 12.3768577576,
        "stdev": 5.09449100494
    },
    "erbbands_flatness_db": {
        "mean": 0.220501020551,
        "stdev": 0.0640917792916
    },
    "erbbands_kurtosis": {
        "mean": 3.68602180481,
        "stdev": 6.61180973053
    },
    "erbbands_skewness": {
        "mean": 0.643800914288,
        "stdev": 1.44545197487
    },
    "erbbands_spread": {
        "mean": 28.5860786438,
        "stdev": 22.9916496277
    },
    "hfc": {
        "mean": 16.115032196,
        "stdev": 14.9811458588
    },
    "loudness_ebu128": {
        "integrated": -18.4868202209,
        "loudness_range": 1.08755874634,
        "momentary": {
            "mean": -18.8734302521,
            "stdev": 2.11752939224
        },
        "short_term": {
            "mean": -18.5570030212,
            "stdev": 0.365505695343
        }
    },
    "melbands_crest": {
        "mean": 16.6613082886,
        "stdev": 6.85716724396
    },
    "melbands_flatness_db": {
        "mean": 0.266133069992,
        "stdev": 0.112475156784
    },
    "melbands_kurtosis": {
        "mean": 20.5592460632,
        "stdev": 38.3828811646
    },
    "melbands_skewness": {
        "mean": 2.59404802322,
        "stdev": 2.52500510216
    },
    "melbands_spread": {
        "mean": 26.8413925171,
        "stdev": 39.5397033691
    },
    "pitch_salience": {
        "mean": 0.554114818573,
        "stdev": 0.165488600731
    },
    "silence_rate_20dB": {
        "mean": 1,
        "stdev": 0
    },
    "silence_rate_30dB": {
        "mean": 0.999630153179,
        "stdev": 0.0192269664258
    },
    "silence_rate_60dB": {
        "mean": 0.175295859575,
        "stdev": 0.380222380161
    },
    "spectral_centroid": {
        "mean": 1267.21398926,
        "stdev": 1208.52929688
    },
    "spectral_complexity": {
        "mean": 8.08764839172,
        "stdev": 5.9090681076
    },
    "spectral_decrease": {
        "mean": -5.63396973519e-09,
        "stdev": 4.8957295995e-09
    },
    "spectral_energy": {
        "mean": 0.022725539282,
        "stdev": 0.0195165667683
    },
    "spectral_energyband_high": {
        "mean": 0.000494596897624,
        "stdev": 0.00122480746359
    },
    "spectral_energyband_low": {
        "mean": 0.00035505645792,
        "stdev": 0.000913027499337
    },
    "spectral_energyband_middle_high": {
        "mean": 0.00331274676137,
        "stdev": 0.00571996392682
    },
    "spectral_energyband_middle_low": {
        "mean": 0.0189760308713,
        "stdev": 0.0167629960924
    },
    "spectral_entropy": {
        "mean": 6.90324354172,
        "stdev": 0.890045106411
    },
    "spectral_flux": {
        "mean": 0.0911440998316,
        "stdev": 0.0538363009691
    },
    "spectral_kurtosis": {
        "mean": 10.5878705978,
        "stdev": 12.2421121597
    },
    "spectral_rms": {
        "mean": 0.00411085272208,
        "stdev": 0.00229612295516
    },
    "spectral_rolloff": {
        "mean": 2390.53637695,
        "stdev": 3920.27197266
    },
    "spectral_skewness": {
        "mean": 2.07846450806,
        "stdev": 1.2685328722
    },
    "spectral_spread": {
        "mean": 3739572.25,
        "stdev": 1798735.375
    },
    "spectral_strongpeak": {
        "mean": 1.31908929348,
        "stdev": 1.25238597393
    },
    "zerocrossingrate": {
        "mean": 0.0943052768707,
        "stdev": 0.0992991402745
    },
    "barkbands": {
        "mean": [9.94892889139e-06, 8.93447941053e-05, 4.49054350611e-05, 0.00137090310454, 0.00740657700226, 0.00105004361831, 0.00231031165458, 0.00339370709844, 0.00302590499632, 0.000847114890348, 0.000379741948564, 0.00030716942274, 0.000292071141303, 0.000500794849358, 0.000396722112782, 0.000179870025022, 0.000128436600789, 0.000285578571493, 0.000163522650837, 0.000103335230961, 0.000114493952424, 0.000152755790623, 8.05344243417e-05, 5.93020922679e-05, 9.47261014517e-06, 1.69189195276e-06, 2.13293333218e-05],
        "stdev": [2.73428577202e-05, 0.000249674136285, 0.000153811022756, 0.00248439819552, 0.00810227543116, 0.00210516969673, 0.00538326380774, 0.00735234841704, 0.0071615264751, 0.00236882222816, 0.00127978820819, 0.000993159017526, 0.000812288548332, 0.00131608813535, 0.00101304391865, 0.000533712736797, 0.00032956970972, 0.000547964184079, 0.000330862065312, 0.000258943939116, 0.000299445091514, 0.000545672141016, 0.000253991282079, 0.000179476250196, 3.04094519379e-05, 5.42453290109e-06, 5.7305073824e-06]
    },
    "erbbands": {
        "mean": [0.00346075743437, 0.0177565012127, 0.0742401555181, 2.16427946091, 22.7577114105, 21.0305042267, 5.09457874298, 10.9432001114, 30.3395957947, 40.143409729, 92.7423095703, 70.369392395, 37.5847816467, 17.4502315521, 14.2102479935, 13.320186615, 13.633638382, 22.1844520569, 23.2700099945, 17.6315097809, 9.65935993195, 7.81540298462, 13.4362621307, 13.6811361313, 5.80028343201, 5.01376771927, 4.34782981873, 5.05506324768, 5.22458267212, 3.86724734306, 2.22083520889, 1.73664939404, 0.674150526524, 0.173345088959, 0.0399030521512, 0.0107702389359, 0.00289099966176, 0.000200923052034, 0.000994920730591, 0.000662926933728],
        "stdev": [0.00988594349474, 0.0482892803848, 0.148074150085, 3.6004793644, 25.7780780792, 31.124124527, 17.3068408966, 20.2708377838, 62.3490028381, 110.379257202, 182.608001709, 169.863433838, 89.5527496338, 46.6447525024, 46.1131210327, 42.9391670227, 37.6994438171, 57.7761535645, 54.2051887512, 44.4017448425, 27.79662323, 18.2627105713, 27.9402294159, 24.2975502014, 12.8951454163, 12.72260952, 10.4135351181, 14.6879930496, 18.3236141205, 14.8748731613, 6.71974039078, 5.04621505737, 2.18309187889, 0.53598177433, 0.141602188349, 0.0414127409458, 0.00754550052807, 0.000375619652914, 0.000281091604847, 0.000173592503415]
    },
    "gfcc": {
        "mean": [-83.7320022583, 82.9822769165, -109.196296692, 12.3244018555, -61.3539848328, -26.1928310394, -34.1367950439, -13.3457622528, -7.88484859467, -24.0785923004, -6.94605350494, -26.373468399, -6.48831653595],
        "cov": [[8755.01464844, 348.414855957, -2798.60644531, -311.917388916, -1373.31237793, 73.3044509888, -928.513427734, 405.073150635, -348.121948242, -103.334075928, -350.310455322, -317.288146973, -285.024932861], [348.414855957, 3139.34179688, -32.5445556641, -1688.40808105, -6.40976810455, -716.363830566, -66.3718185425, -298.438446045, -182.028182983, -482.448699951, 94.3807830811, -287.101470947, -109.718406677], [-2798.60644531, -32.5445556641, 1780, 489.994232178, 262.091003418, -75.6427383423, 104.79006958, -104.68914032, 152.055053711, -41.2383308411, 101.316734314, 154.80619812, 26.3817634583], [-311.917388916, -1688.40808105, 489.994232178, 1489.43737793, 29.7266674042, 179.264816284, -83.7416534424, 145.831039429, 133.742950439, 186.23487854, -80.2805633545, 167.373718262, 46.7342605591], [-1373.31237793, -6.40976810455, 262.091003418, 29.7266674042, 588.397277832, 87.5735549927, 199.054107666, -43.3670310974, 86.4805450439, 24.9236068726, 13.501906395, 35.7735748291, 79.3300476074], [73.3044509888, -716.363830566, -75.6427383423, 179.264816284, 87.5735549927, 610.458435059, 192.997070312, 57.4462509155, 50.8670043945, 163.181137085, -5.94429254532, 64.60546875, -17.7510948181], [-928.513427734, -66.3718185425, 104.79006958, -83.7416534424, 199.054107666, 192.997070312, 479.544799805, -72.1017303467, -30.6962203979, 66.0298080444, 61.8970756531, 35.469707489, 23.1822967529], [405.073150635, -298.438446045, -104.68914032, 145.831039429, -43.3670310974, 57.4462509155, -72.1017303467, 253.321014404, 65.9263076782, 12.9119653702, -17.2531642914, 41.1202697754, 25.8486194611], [-348.121948242, -182.028182983, 152.055053711, 133.742950439, 86.4805450439, 50.8670043945, -30.6962203979, 65.9263076782, 193.602859497, 56.6576194763, 11.4488325119, 46.20362854, 41.5774765015], [-103.334075928, -482.448699951, -41.2383308411, 186.23487854, 24.9236068726, 163.181137085, 66.0298080444, 12.9119653702, 56.6576194763, 211.881454468, 15.5240430832, 42.9249839783, 28.1379547119], [-350.310455322, 94.3807830811, 101.316734314, -80.2805633545, 13.501906395, -5.94429254532, 61.8970756531, -17.2531642914, 11.4488325119, 15.5240430832, 160.363082886, 24.4631080627, -13.5350828171], [-317.288146973, -287.101470947, 154.80619812, 167.373718262, 35.7735748291, 64.60546875, 35.469707489, 41.1202697754, 46.20362854, 42.9249839783, 24.4631080627, 126.178726196, 39.2882652283], [-285.024932861, -109.718406677, 26.3817634583, 46.7342605591, 79.3300476074, -17.7510948181, 23.1822967529, 25.8486194611, 41.5774765015, 28.1379547119, -13.5350828171, 39.2882652283, 131.63432312]],
        "icov": [[0.00122022395954, -0.00162348896265, 0.00177705427632, -0.00170026253909, 0.00168571493123, -0.00166547449771, 0.00130992778577, -0.00121361587662, 0.00096565549029, -0.00078301737085, 0.000933896517381, -0.000549312622752, 0.000425895967055], [-0.00162348896265, 0.00427694199607, -0.00278272316791, 0.00423420546576, -0.00245828321204, 0.0034766481258, -0.00172742782161, 0.00221764552407, -0.00173998321407, 0.00283864350058, -0.00139545393176, 0.00203231466003, 0.000115810391435], [0.00177705427632, -0.00278272316791, 0.00360773294233, -0.0032421478536, 0.00229681050405, -0.0024687286932, 0.00169335666578, -0.00118591217324, 0.000726828875486, -0.000719560310245, 0.000923459068872, -0.00190278561786, 0.000761069997679], [-0.00170026253909, 0.00423420546576, -0.0032421478536, 0.00532886572182, -0.0025589435827, 0.00343890488148, -0.00148526486009, 0.00173686561175, -0.00158959557302, 0.00171284377575, -0.000585556728765, 0.0011110920459, 0.000276103994111], [0.00168571493123, -0.00245828321204, 0.00229681050405, -0.0025589435827, 0.00482699181885, -0.00266319699585, 0.000847466988489, -0.00125316833146, 0.000191431710846, -0.00074891973054, 0.00150365347508, -0.000495536369272, -0.000719954958186], [-0.00166547449771, 0.0034766481258, -0.0024687286932, 0.00343890488148, -0.00266319699585, 0.00574312731624, -0.00283578480594, 0.00140379706863, -0.00197920179926, 0.000559472246096, -0.000593277451117, 0.000541412620805, 0.00145162758417], [0.00130992778577, -0.00172742782161, 0.00169335666578, -0.00148526486009, 0.000847466988489, -0.00283578480594, 0.0048737898469, -0.000804278301075, 0.00256133032963, -0.00150080828462, 2.09979334613e-05, -0.00101144181099, -0.000193228886928], [-0.00121361587662, 0.00221764552407, -0.00118591217324, 0.00173686561175, -0.00125316833146, 0.00140379706863, -0.000804278301075, 0.00702374614775, -0.0030787284486, 0.0027434292715, -0.00116317125503, -0.000543026952073, -0.00102293211967], [0.00096565549029, -0.00173998321407, 0.000726828875486, -0.00158959557302, 0.000191431710846, -0.00197920179926, 0.00256133032963, -0.0030787284486, 0.00906047876924, -0.00315218348987, 0.000198659181478, -0.00103539205156, -0.00102802133188], [-0.00078301737085, 0.00283864350058, -0.000719560310245, 0.00171284377575, -0.00074891973054, 0.000559472246096, -0.00150080828462, 0.0027434292715, -0.00315218348987, 0.0100568067282, -0.00212946184911, 0.00108577404171, -0.00123805541079], [0.000933896517381, -0.00139545393176, 0.000923459068872, -0.000585556728765, 0.00150365347508, -0.000593277451117, 2.09979334613e-05, -0.00116317125503, 0.000198659181478, -0.00212946184911, 0.00872210413218, -0.00265763886273, 0.00220284983516], [-0.000549312622752, 0.00203231466003, -0.00190278561786, 0.0011110920459, -0.000495536369272, 0.000541412620805, -0.00101144181099, -0.000543026952073, -0.00103539205156, 0.00108577404171, -0.00265763886273, 0.0138650974259, -0.00316875195131], [0.000425895967055, 0.000115810391435, 0.000761069997679, 0.000276103994111, -0.000719954958186, 0.00145162758417, -0.000193228886928, -0.00102293211967, -0.00102802133188, -0.00123805541079, 0.00220284983516, -0.00316875195131, 0.0109911141917]]
    },
    "melbands": {
        "mean": [2.74857848126e-05, 2.2087855541e-05, 0.000924363615923, 0.00187422381714, 0.000261212087935, 0.000254466605838, 0.000470771890832, 0.00047583374544, 0.000785704003647, 0.000399532000301, 0.000177021109266, 6.9650268415e-05, 5.19208879268e-05, 3.54050389433e-05, 2.91055857815e-05, 3.11624935421e-05, 4.33924615209e-05, 3.96487557737e-05, 2.9713010008e-05, 1.49624438563e-05, 1.0653751815e-05, 7.3954306572e-06, 8.98118287296e-06, 1.53068394866e-05, 1.09790680654e-05, 4.51779442301e-06, 3.49222068508e-06, 3.25461246575e-06, 2.64421828433e-06, 2.63175343207e-06, 3.13923828799e-06, 2.94895471598e-06, 2.95955442198e-06, 1.73273133441e-06, 1.2121142845e-06, 1.27540567973e-06, 9.73765054368e-07, 5.2451503052e-07, 2.45420125111e-07, 1.10071738391e-07],
        "stdev": [7.70887054387e-05, 5.67816496186e-05, 0.00118293624837, 0.00208239373751, 0.000722375465557, 0.00047969823936, 0.000967176572885, 0.00121709611267, 0.00154349335935, 0.000989037798718, 0.000448780570878, 0.000197741654119, 0.000183260970516, 0.000119562384498, 8.3832310338e-05, 8.94693148439e-05, 0.000121559307445, 9.90527623799e-05, 7.96451931819e-05, 4.0283848648e-05, 3.44693144143e-05, 1.87868263311e-05, 2.32375004998e-05, 3.00071842503e-05, 2.08220844797e-05, 1.06408497231e-05, 9.01565999811e-06, 8.64594494487e-06, 6.38082110527e-06, 7.05201728124e-06, 9.84677626548e-06, 1.05115514089e-05, 1.18605194075e-05, 6.65406787448e-06, 3.80089863938e-06, 3.6223771076e-06, 3.05733624373e-06, 1.79464473149e-06, 7.61949763728e-07, 3.76351806608e-07]
    },
    "melbands128": {
        "mean": [7.90521789895e-06, 2.9200431527e-05, 3.56808450306e-05, 2.47955686064e-05, 1.56067399075e-05, 2.60879714915e-05, 0.000165073317476, 0.000958624703344, 0.00271408376284, 0.00263484683819, 0.00116273167077, 0.000344746600604, 0.000120337535918, 5.29792559973e-05, 0.000151023166836, 0.00042530009523, 0.000535693019629, 0.000455197994597, 0.000444695790065, 0.000416756811319, 0.000393036898458, 0.000789297744632, 0.000905117136426, 0.000742556527257, 0.000478165515233, 0.000260285829427, 0.000217481967411, 0.000196940469323, 0.000118844422104, 6.83883554302e-05, 5.44238246221e-05, 6.10731731285e-05, 6.36882541585e-05, 3.39427388099e-05, 3.06979054585e-05, 3.89445995097e-05, 3.9748611016e-05, 2.49331842497e-05, 2.54578189924e-05, 3.11584226438e-05, 3.17835038004e-05, 3.08472626784e-05, 4.23280362156e-05, 5.07049480802e-05, 4.87230790895e-05, 3.89552624256e-05, 2.67407212959e-05, 2.99700313917e-05, 3.3709078707e-05, 2.12359809666e-05, 1.06293946374e-05, 9.90974331216e-06, 1.32995510285e-05, 9.73566693574e-06, 7.48877710066e-06, 6.71407451591e-06, 7.94369771029e-06, 8.26489940664e-06, 9.36686865316e-06, 9.70442761172e-06, 1.8507374989e-05, 1.72005511558e-05, 1.24756861624e-05, 1.05716444523e-05, 5.77350374442e-06, 4.05312630392e-06, 3.82817142963e-06, 3.69581516679e-06, 3.0820781376e-06, 3.75596437152e-06, 3.40597625836e-06, 2.95457584798e-06, 2.83201734419e-06, 2.41729912887e-06, 2.77286335404e-06, 2.37540029957e-06, 2.96887492368e-06, 2.40897929871e-06, 3.3647586406e-06, 3.59782961823e-06, 2.97833616969e-06, 2.54586689152e-06, 3.04601280732e-06, 3.22124674312e-06, 2.7444987154e-06, 2.13547627936e-06, 1.27076646095e-06, 1.09622999389e-06, 1.29727368403e-06, 1.15547402402e-06, 1.32179400225e-06, 1.33651190026e-06, 1.17623130791e-06, 1.05389358396e-06, 8.05307877272e-07, 5.95192034325e-07, 4.92174592637e-07, 3.65269130498e-07, 2.633305769e-07, 1.78331731604e-07, 1.26395008238e-07, 1.05749158763e-07, 8.04607864779e-08, 5.11424325111e-08, 3.63359475841e-08, 3.12236068112e-08, 2.47532270237e-08, 1.87668707241e-08, 1.6043619766e-08, 1.4832365558e-08, 1.59444493164e-08, 1.39779086084e-08, 8.21975199017e-09, 4.05523392644e-09, 2.47479325921e-09, 5.20272325222e-10, 9.99620525244e-11, 2.57987919222e-11, 5.86267319413e-12, 3.77721243172e-10, 6.59001164749e-09, 8.71038441375e-09, 2.91432314725e-07, 5.49583091924e-07, 4.35987290714e-09, 3.45301365279e-09, 1.86652179823e-10, 3.54256901591e-12],
        "stdev": [2.35936768149e-05, 8.82056265255e-05, 0.000107440828288, 7.36960791983e-05, 4.78512192785e-05, 9.72476336756e-05, 0.000585162895732, 0.00164671684615, 0.00351354270242, 0.00370850716718, 0.00253768078983, 0.00126932456624, 0.000741653610021, 0.000263380265096, 0.000376322510419, 0.000965706130955, 0.00122937385458, 0.00138471357059, 0.00165569537785, 0.00170103029814, 0.00170161703136, 0.0020343309734, 0.00225904863328, 0.00239977124147, 0.00172262103297, 0.000998133677058, 0.00071184214903, 0.000681789126247, 0.000480585644254, 0.000287556729745, 0.00021457496041, 0.000229015669902, 0.000327547837514, 0.000144320802065, 0.00014783165534, 0.000189850426978, 0.000172303800355, 0.000106967825559, 0.000100597098935, 0.000125446749735, 0.000131779597723, 0.000117799267173, 0.000162323136465, 0.000213259481825, 0.000172144558746, 0.000124441765365, 9.44028288359e-05, 0.000123968973639, 0.000113184512884, 7.59702452342e-05, 4.23368255724e-05, 4.05770515499e-05, 6.18380727246e-05, 3.43989195244e-05, 2.91326832667e-05, 2.20812780753e-05, 2.19420726353e-05, 2.76710652543e-05, 3.26390218106e-05, 3.06635665765e-05, 4.65570592496e-05, 3.71857095161e-05, 2.73408841167e-05, 2.71679364232e-05, 1.79986436706e-05, 1.15602915685e-05, 1.05952294689e-05, 1.07550495159e-05, 8.87196165422e-06, 1.12615744001e-05, 1.04836954051e-05, 8.25495408208e-06, 7.76203341957e-06, 6.28486213827e-06, 7.97620486992e-06, 6.7861997195e-06, 9.14644078875e-06, 7.48743650547e-06, 1.14873819257e-05, 1.33727453431e-05, 1.1423721844e-05, 9.95805567072e-06, 1.20760796563e-05, 1.43681045301e-05, 1.20258609968e-05, 9.22593699215e-06, 4.91170749228e-06, 4.00987755711e-06, 4.19576599597e-06, 3.74070123144e-06, 4.14016858485e-06, 3.87927684642e-06, 3.42616181115e-06, 3.63953449778e-06, 3.05682124235e-06, 2.23109759645e-06, 1.67828568465e-06, 1.25235476389e-06, 8.73150270309e-07, 5.4675103911e-07, 4.03570396657e-07, 4.08792232065e-07, 3.4752878264e-07, 1.78762476821e-07, 1.3677076538e-07, 1.26408565393e-07, 8.35220959061e-08, 8.03871031962e-08, 8.95770000398e-08, 5.85845469914e-08, 4.50747954517e-08, 3.78138160784e-08, 2.22505818215e-08, 1.20177316987e-08, 7.90271137419e-09, 2.00226768499e-09, 2.71343336689e-10, 7.26414137175e-11, 2.37089705507e-11, 1.01636499217e-09, 1.09102247237e-08, 1.25667760642e-08, 7.9549160148e-08, 1.51046464225e-07, 7.59469109823e-09, 7.07680580803e-09, 5.43161071676e-10, 1.22429774652e-11]
    },
    "mfcc": {
        "mean": [-734.783447266, 120.705711365, -1.32687699795, 21.7280483246, -7.24377346039, -15.9889440536, -17.2546577454, -5.43900585175, -11.0884256363, 3.13801503181, -6.28226709366, -2.95790147781, -20.2900180817],
        "cov": [[9358.37011719, -460.256622314, -2074.40795898, -877.282470703, -709.403198242, -714.371704102, -489.085632324, -144.106384277, -304.563232422, 401.682098389, -258.77935791, -58.0063934326, -609.806518555], [-460.256622314, 4103.27978516, -480.146362305, -1072.04174805, -316.50189209, -672.850097656, -24.9656276703, -172.899536133, -369.731994629, -229.580993652, -167.937088013, 42.8176002502, -501.232971191], [-2074.40795898, -480.146362305, 1558.95361328, 571.637023926, 267.9503479, 163.650970459, -73.4972000122, 96.4517745972, 18.0744190216, -170.054656982, 86.592590332, 42.0118026733, 278.56552124], [-877.282470703, -1072.04174805, 571.637023926, 973.790344238, 287.781494141, 75.8535308838, -72.8737640381, -0.197606384754, 147.17565918, -124.625137329, 25.5966567993, 7.76265525818, 210.171981812], [-709.403198242, -316.50189209, 267.9503479, 287.781494141, 501.844787598, 54.2520637512, -108.745895386, 62.7202453613, 113.790939331, -6.86445617676, 10.9289884567, -11.3337221146, 121.247329712], [-714.371704102, -672.850097656, 163.650970459, 75.8535308838, 54.2520637512, 632.691345215, 224.244674683, 80.2022323608, 109.428161621, 115.69418335, 116.132133484, -62.2906036377, 155.962417603], [-489.085632324, -24.9656276703, -73.4972000122, -72.8737640381, -108.745895386, 224.244674683, 362.183929443, 77.4343643188, 18.1493434906, 55.9968795776, 45.9695663452, -14.513710022, 39.6433143616], [-144.106384277, -172.899536133, 96.4517745972, -0.197606384754, 62.7202453613, 80.2022323608, 77.4343643188, 221.059768677, 54.9547386169, 44.2254447937, 16.3869800568, 4.44486904144, 76.468711853], [-304.563232422, -369.731994629, 18.0744190216, 147.17565918, 113.790939331, 109.428161621, 18.1493434906, 54.9547386169, 258.250854492, 37.913848877, -5.28527069092, -3.08786725998, 68.481048584], [401.682098389, -229.580993652, -170.054656982, -124.625137329, -6.86445617676, 115.69418335, 55.9968795776, 44.2254447937, 37.913848877, 224.372573853, 36.5648880005, -22.3665885925, 14.4924030304], [-258.77935791, -167.937088013, 86.592590332, 25.5966567993, 10.9289884567, 116.132133484, 45.9695663452, 16.3869800568, -5.28527069092, 36.5648880005, 144.15222168, 17.5813484192, 54.6213417053], [-58.0063934326, 42.8176002502, 42.0118026733, 7.76265525818, -11.3337221146, -62.2906036377, -14.513710022, 4.44486904144, -3.08786725998, -22.3665885925, 17.5813484192, 138.393814087, 16.2873783112], [-609.806518555, -501.232971191, 278.56552124, 210.171981812, 121.247329712, 155.962417603, 39.6433143616, 76.468711853, 68.481048584, 14.4924030304, 54.6213417053, 16.2873783112, 235.854705811]],
        "icov": [[0.000303516368149, 0.000198404668481, 0.00027886062162, 6.67963977321e-05, 0.000299412815366, 0.000157151735038, 0.000502497481648, -0.000266228307737, 0.000355223135557, -0.000366991444025, 0.000264481495833, -4.46158111345e-07, 0.000419714750024], [0.000198404668481, 0.00070328626316, 4.88709083584e-05, 0.000706295773853, -7.30301690055e-05, 0.000521732144989, -8.5554063844e-05, 4.91777791467e-05, 0.000371192902094, 0.000376718817279, 0.000235465398873, -2.87772509182e-05, 0.000827986921649], [0.00027886062162, 4.88709083584e-05, 0.00139364611823, -0.000453603919595, 0.000212218816159, -0.000262035580818, 0.000927760032937, -0.000755724846385, 0.000749449012801, 0.000315211247653, -6.92057074048e-05, -0.000142518547364, -0.00047479866771], [6.67963977321e-05, 0.000706295773853, -0.000453603919595, 0.00260680634528, -0.000744267250411, 0.000670857960358, -0.000400044053094, 0.000877313897945, -0.000596777827013, 0.00140728836413, 1.26432869365e-05, 0.000222378395847, -0.000323179439874], [0.000299412815366, -7.30301690055e-05, 0.000212218816159, -0.000744267250411, 0.00345666240901, -0.000169870108948, 0.00186803971883, -0.00111736985855, -0.000433033623267, -0.000794293475337, 0.000175577908522, 0.00046031238162, -0.000482775620185], [0.000157151735038, 0.000521732144989, -0.000262035580818, 0.000670857960358, -0.000169870108948, 0.00355799030513, -0.00161837867927, 0.000467144040158, -0.000642296974547, -0.000599121733103, -0.00132735469379, 0.00146412663162, -0.000488510355353], [0.000502497481648, -8.5554063844e-05, 0.000927760032937, -0.000400044053094, 0.00186803971883, -0.00161837867927, 0.0056088520214, -0.00209123734385, 0.000641857506707, -0.00074187113205, 0.000125646140077, -7.05686834408e-05, 5.82342545385e-05], [-0.000266228307737, 4.91777791467e-05, -0.000755724846385, 0.000877313897945, -0.00111736985855, 0.000467144040158, -0.00209123734385, 0.00651159649715, -0.00114480173215, -0.000345306383679, 0.00020371802384, -0.000169448088855, -0.00164906913415], [0.000355223135557, 0.000371192902094, 0.000749449012801, -0.000596777827013, -0.000433033623267, -0.000642296974547, 0.000641857506707, -0.00114480173215, 0.00586435431615, -0.000976782175712, 0.00163439079188, -0.00064902426675, 0.000288136739982], [-0.000366991444025, 0.000376718817279, 0.000315211247653, 0.00140728836413, -0.000794293475337, -0.000599121733103, -0.00074187113205, -0.000345306383679, -0.000976782175712, 0.00759449414909, -0.0016623827396, 0.000638098048512, -0.000575568003114], [0.000264481495833, 0.000235465398873, -6.92057074048e-05, 1.26432869365e-05, 0.000175577908522, -0.00132735469379, 0.000125646140077, 0.00020371802384, 0.00163439079188, -0.0016623827396, 0.00962844770402, -0.00191287882626, -0.000515144260135], [-4.46158111345e-07, -2.87772509182e-05, -0.000142518547364, 0.000222378395847, 0.00046031238162, 0.00146412663162, -7.05686834408e-05, -0.000169448088855, -0.00064902426675, 0.000638098048512, -0.00191287882626, 0.00843528658152, -0.00122043292504], [0.000419714750024, 0.000827986921649, -0.00047479866771, -0.000323179439874, -0.000482775620185, -0.000488510355353, 5.82342545385e-05, -0.00164906913415, 0.000288136739982, -0.000575568003114, -0.000515144260135, -0.00122043292504, 0.0091848410666]]
    },
    "spectral_contrast_coeffs": {
        "mean": [-0.54977786541, -0.665305376053, -0.744831800461, -0.765448510647, -0.7718359828, -0.760826766491],
        "stdev": [0.162045747042, 0.156533226371, 0.118541702628, 0.0848317071795, 0.0666765570641, 0.0557617843151]
    },
    "spectral_contrast_valleys": {
        "mean": [-8.61905670166, -7.70717716217, -8.75778675079, -8.7794713974, -8.52058410645, -11.2531957626],
        "stdev": [0.894074440002, 1.16259992123, 1.13029837608, 1.17394220829, 1.21853816509, 1.28259789944]
    }
},
"rhythm": {
    "beats_count": 110,
    "beats_loudness": {
        "mean": 0.0317480899394,
        "stdev": 0.0179768595845
    },
    "bpm": 102.600822449,
    "bpm_histogram_first_peak_bpm": 103,
    "bpm_histogram_first_peak_weight": 0.642857134342,
    "bpm_histogram_second_peak_bpm": 96,
    "bpm_histogram_second_peak_spread": 0.653846144676,
    "bpm_histogram_second_peak_weight": 0.0825688093901,
    "danceability": 1.69423091412,
    "onset_rate": 6.03853797913,
    "beats_loudness_band_ratio": {
        "mean": [0.239272609353, 0.307368159294, 0.355860054493, 0.0915362536907, 0.0691929757595, 0.0852581337094],
        "stdev": [0.235443875194, 0.234952777624, 0.262166529894, 0.11183244735, 0.0925691798329, 0.202565044165]
    },
    "beats_position": [0.406349211931, 0.835918366909, 1.26548755169, 1.69505667686, 2.11301589012, 2.53097510338, 2.93732428551, 3.41333317757, 3.88934230804, 4.3653512001, 4.86458063126, 5.36380958557, 5.85142850876, 6.45514726639, 7.05886602402, 7.63936471939, 8.23147392273, 8.80036258698, 9.38086128235, 9.94974994659, 10.5186395645, 11.0991382599, 11.6796369553, 12.3297958374, 12.9799547195, 13.6301136017, 14.2802715302, 14.90721035, 15.5109291077, 16.114648819, 16.7415866852, 17.3569164276, 18.0070743561, 18.6456241608, 19.2957820892, 19.8762817383, 20.4799995422, 21.0488891602, 21.6293869019, 22.1982765198, 22.7903842926, 23.3941040039, 23.974603653, 24.5551013947, 25.1472110748, 25.7044887543, 26.2501583099, 26.7842178345, 27.3066654205, 27.8175048828, 28.3283443451, 28.8391838074, 29.3616313934, 29.8840808868, 30.3949203491, 30.9173698425, 31.4165973663, 31.9274368286, 32.4382743835, 32.9839439392, 33.5063934326, 34.0636711121, 34.6209526062, 35.1782302856, 35.7238998413, 36.269569397, 36.8036270142, 37.3957366943, 37.9878463745, 38.545124054, 39.1604537964, 39.7757797241, 40.402721405, 41.0296592712, 41.6333770752, 42.2487068176, 42.8640365601, 43.467754364, 44.071472168, 44.6519737244, 45.2208595276, 45.8129692078, 46.3934669495, 46.9739685059, 47.5544662476, 48.1581840515, 48.7619056702, 49.3888435364, 50.0041732788, 50.6194992065, 51.2464370728, 51.8733787537, 52.4770965576, 53.0808143616, 53.7077522278, 54.3346939087, 54.9732398987, 55.5885696411, 56.2038993835, 56.7960090637, 57.3765068054, 57.9570045471, 58.5375061035, 59.1412239075, 59.6288414001, 60.1280708313, 60.6156921387, 61.1033096313, 61.6025390625, 62.0901565552],
    "bpm_histogram": [0, 0, 0, 0, 0, 0, 0, 0, 0, 0, 0, 0, 0, 0, 0, 0, 0, 0, 0, 0, 0, 0, 0, 0, 0, 0, 0, 0, 0, 0, 0, 0, 0, 0, 0, 0, 0, 0, 0, 0, 0, 0, 0, 0, 0, 0, 0, 0, 0, 0, 0, 0, 0, 0, 0, 0, 0, 0, 0, 0, 0, 0, 0, 0, 0, 0, 0, 0, 0, 0, 0, 0, 0, 0, 0, 0, 0, 0, 0, 0, 0, 0, 0, 0, 0, 0, 0, 0, 0, 0, 0, 0, 0.0550458729267, 0, 0.0183486230671, 0, 0.0825688093901, 0, 0.0825688093901, 0.128440365195, 0, 0.0642201825976, 0, 0.137614682317, 0, 0.0550458729267, 0, 0, 0.0458715595305, 0, 0.0366972461343, 0, 0.0183486230671, 0, 0, 0.0458715595305, 0, 0.0550458729267, 0, 0, 0.0458715595305, 0, 0, 0.0458715595305, 0, 0, 0.0275229364634, 0, 0, 0, 0, 0, 0, 0, 0, 0, 0, 0, 0, 0, 0.0275229364634, 0, 0, 0, 0.0183486230671, 0, 0, 0, 0.00917431153357, 0, 0, 0, 0, 0, 0, 0, 0, 0, 0, 0, 0, 0, 0, 0, 0, 0, 0, 0, 0, 0, 0, 0, 0, 0, 0, 0, 0, 0, 0, 0, 0, 0, 0, 0, 0, 0, 0, 0, 0, 0, 0, 0, 0, 0, 0, 0, 0, 0, 0, 0, 0, 0, 0, 0, 0, 0, 0, 0, 0, 0, 0, 0, 0, 0, 0, 0, 0, 0, 0, 0, 0, 0, 0, 0, 0, 0, 0, 0, 0, 0, 0, 0, 0, 0, 0, 0, 0, 0, 0, 0, 0, 0, 0, 0, 0, 0, 0, 0, 0, 0]
},
"tonal": {
    "chords_changes_rate": 0.15003696084,
    "chords_number_rate": 0.0118255726993,
    "chords_strength": {
        "mean": 0.43686568737,
        "stdev": 0.0840010717511
    },
    "hpcp_crest": {
        "mean": 14.8308868408,
        "stdev": 6.68723344803
    },
    "hpcp_entropy": {
        "mean": 1.81146085262,
        "stdev": 0.856243550777
    },
    "key_edma": {
        "strength": 0.337516397238,
        "key": "G",
        "scale": "major"
    },
    "key_krumhansl": {
        "strength": 0.340320616961,
        "key": "G",
        "scale": "major"
    },
    "key_temperley": {
        "strength": 0.341825783253,
        "key": "G",
        "scale": "major"
    },
    "tuning_diatonic_strength": 0.47151479125,
    "tuning_equal_tempered_deviation": 0.256767749786,
    "tuning_frequency": 441.017791748,
    "tuning_nontempered_energy_ratio": 0.905636370182,
    "hpcp": {
        "mean": [0.122540213168, 0.0970236808062, 0.0886350721121, 0.0930322408676, 0.100232943892, 0.0908493548632, 0.083168618381, 0.0770881548524, 0.0675883591175, 0.0609772689641, 0.0583634488285, 0.0625253096223, 0.0835912749171, 0.0957148000598, 0.0994927510619, 0.103852771223, 0.0900416076183, 0.0787056982517, 0.0775230973959, 0.0829126909375, 0.0885582491755, 0.0855225324631, 0.0827976614237, 0.0884589403868, 0.09403860569, 0.0942249745131, 0.112982369959, 0.133817106485, 0.152418836951, 0.206761285663, 0.218351334333, 0.209971293807, 0.211213827133, 0.173782512546, 0.167060136795, 0.163378015161],
        "stdev": [0.247443422675, 0.224060624838, 0.209506288171, 0.212897583842, 0.222742021084, 0.209396407008, 0.193999961019, 0.187133878469, 0.173404797912, 0.15856179595, 0.15460640192, 0.151112943888, 0.181702718139, 0.19736918807, 0.198720529675, 0.211487144232, 0.187633261085, 0.177070870996, 0.188291653991, 0.198507264256, 0.201423689723, 0.199331477284, 0.19866245985, 0.209144786, 0.217009931803, 0.210474401712, 0.229868471622, 0.258235782385, 0.267486184835, 0.316860973835, 0.32182508707, 0.317095756531, 0.329418301582, 0.289551734924, 0.29093375802, 0.298905849457]
    },
    "chords_histogram": [13.5994091034, 1.62601625919, 2.06947517395, 6.28233575821, 0.591278612614, 10.1256465912, 10.6430158615, 1.77383589745, 0.147819653153, 0.0739098265767, 7.53880262375, 2.80857348442, 7.90835189819, 2.95639324188, 3.0303030014, 4.43458986282, 4.06504058838, 16.4818916321, 0, 0, 0.0739098265767, 0, 3.25203251839, 0.517368793488],
    "thpcp": [1, 0.961621284485, 0.967311799526, 0.795884847641, 0.765097856522, 0.748234570026, 0.561206638813, 0.444346636534, 0.405928701162, 0.426066726446, 0.459044337273, 0.416069597006, 0.380893558264, 0.353046417236, 0.309539496899, 0.279262185097, 0.267291456461, 0.28635185957, 0.382829248905, 0.438352257013, 0.455654412508, 0.475622326136, 0.412370324135, 0.360454410315, 0.35503834486, 0.379721462727, 0.405576854944, 0.391673952341, 0.379194676876, 0.405122041702, 0.430675655603, 0.431529194117, 0.517433822155, 0.612852275372, 0.698044002056, 0.946920156479],
    "chords_key": "G",
    "chords_scale": "minor"
}
}