{
"metadata": {
    "version": {
        "essentia": "2.1-dev",
        "essentia_git_sha": "v2.1_beta3-415-gd5473f3",
        "extractor": "music 2.0"
    },
    "audio_properties": {
        "analysis": {
            "equal_loudness": 0,
            "length": 62.7461242676,
            "sample_rate": 44100,
            "start_time": 0,
            "downmix": "mix"
        },
        "bit_rate": 192000,
        "length": 62.7461242676,
        "lossless": 0,
        "number_channels": 2,
        "replay_gain": -5.88152313232,
        "sample_rate": 44100,
        "codec": "mp3",
        "md5_encoded": "280f0bdb37cf61b5cf113ce2d7461144"
    },
    "tags": {
        "file_name": "monologo_hombre_09.mp3",
        "date": ["2004"],
        "engineer": ["rosamerica tamyo"]
    }
},
"lowlevel": {
    "average_loudness": 0.974827229977,
    "barkbands_crest": {
        "mean": 10.226067543,
        "stdev": 3.98929953575
    },
    "barkbands_flatness_db": {
        "mean": 0.194800883532,
        "stdev": 0.076688952744
    },
    "barkbands_kurtosis": {
        "mean": 13.9472064972,
        "stdev": 27.6843338013
    },
    "barkbands_skewness": {
        "mean": 1.77264404297,
        "stdev": 2.59381723404
    },
    "barkbands_spread": {
        "mean": 21.8937950134,
        "stdev": 23.6961269379
    },
    "dissonance": {
        "mean": 0.439002841711,
        "stdev": 0.0501864403486
    },
    "dynamic_complexity": 3.7065577507,
    "erbbands_crest": {
        "mean": 9.872797966,
        "stdev": 3.55906414986
    },
    "erbbands_flatness_db": {
        "mean": 0.190620943904,
        "stdev": 0.0499729178846
    },
    "erbbands_kurtosis": {
        "mean": 2.49146962166,
        "stdev": 5.54788255692
    },
    "erbbands_skewness": {
        "mean": 0.414677411318,
        "stdev": 1.32661163807
    },
    "erbbands_spread": {
        "mean": 33.2047729492,
        "stdev": 21.2892303467
    },
    "hfc": {
        "mean": 16.712179184,
        "stdev": 15.5795516968
    },
    "loudness_ebu128": {
        "integrated": -18.0383834839,
        "loudness_range": 1.45083045959,
        "momentary": {
            "mean": -18.5792808533,
            "stdev": 2.59536838531
        },
        "short_term": {
            "mean": -18.1772212982,
            "stdev": 0.527204394341
        }
    },
    "melbands_crest": {
        "mean": 15.4370956421,
        "stdev": 5.46583127975
    },
    "melbands_flatness_db": {
        "mean": 0.27873942256,
        "stdev": 0.108777202666
    },
    "melbands_kurtosis": {
        "mean": 18.8747940063,
        "stdev": 48.8635635376
    },
    "melbands_skewness": {
        "mean": 2.68895339966,
        "stdev": 2.18122386932
    },
    "melbands_spread": {
        "mean": 26.1280193329,
        "stdev": 39.0993499756
    },
    "pitch_salience": {
        "mean": 0.591034948826,
        "stdev": 0.124643318355
    },
    "silence_rate_20dB": {
        "mean": 1,
        "stdev": 0
    },
    "silence_rate_30dB": {
        "mean": 1,
        "stdev": 0
    },
    "silence_rate_60dB": {
        "mean": 0.139423072338,
        "stdev": 0.346388280392
    },
    "spectral_centroid": {
        "mean": 1288.95019531,
        "stdev": 1168.34082031
    },
    "spectral_complexity": {
        "mean": 12.404955864,
        "stdev": 8.64700508118
    },
    "spectral_decrease": {
        "mean": -7.07443037484e-09,
        "stdev": 5.47244027871e-09
    },
    "spectral_energy": {
        "mean": 0.028216322884,
        "stdev": 0.0215526595712
    },
    "spectral_energyband_high": {
        "mean": 0.00058206578251,
        "stdev": 0.00160225166474
    },
    "spectral_energyband_low": {
        "mean": 0.0104201147333,
        "stdev": 0.00797556806356
    },
    "spectral_energyband_middle_high": {
        "mean": 0.00353754404932,
        "stdev": 0.00485039176419
    },
    "spectral_energyband_middle_low": {
        "mean": 0.0144300712273,
        "stdev": 0.013375193812
    },
    "spectral_entropy": {
        "mean": 7.10601997375,
        "stdev": 0.723712682724
    },
    "spectral_flux": {
        "mean": 0.0935875549912,
        "stdev": 0.0500216037035
    },
    "spectral_kurtosis": {
        "mean": 10.5330400467,
        "stdev": 10.9882297516
    },
    "spectral_rms": {
        "mean": 0.00466248812154,
        "stdev": 0.00240610050969
    },
    "spectral_rolloff": {
        "mean": 2132.30761719,
        "stdev": 3723.49926758
    },
    "spectral_skewness": {
        "mean": 2.05516314507,
        "stdev": 1.22095525265
    },
    "spectral_spread": {
        "mean": 3681815.5,
        "stdev": 2344772.25
    },
    "spectral_strongpeak": {
        "mean": 0.841545045376,
        "stdev": 0.936107933521
    },
    "zerocrossingrate": {
        "mean": 0.0869415104389,
        "stdev": 0.113291680813
    },
    "barkbands": {
        "mean": [1.20720515042e-05, 0.0024368155282, 0.00732072303072, 0.00104597618338, 0.00455476529896, 0.00148058426566, 0.00297619844787, 0.0025745050516, 0.00158838916104, 0.000437084090663, 0.0003388125333, 0.000575672776904, 0.000577089434955, 0.000388733198633, 0.000243246468017, 0.00030702620279, 0.000292776967399, 8.60350701259e-05, 0.000277997605735, 0.000183325042599, 0.000133439534693, 0.000152883803821, 0.000132244502311, 6.18892590865e-05, 1.11957042463e-05, 4.60096043753e-06, 2.2286472813e-05],
        "stdev": [5.09224228153e-05, 0.00279208412394, 0.00660741934553, 0.00214037043042, 0.00564527884126, 0.00246259919368, 0.00552169093862, 0.00508036091924, 0.00386248389259, 0.00132099108305, 0.000871064723469, 0.00147987937089, 0.00163534597959, 0.00123406900093, 0.000705677608494, 0.000678806507494, 0.000527211814187, 0.000195667424123, 0.000494295672979, 0.000334749609465, 0.000430309737567, 0.000508244091179, 0.000472561077913, 0.000243101239903, 3.43999636243e-05, 1.92405150301e-05, 6.55545909467e-06]
    },
    "erbbands": {
        "mean": [0.0157374646515, 0.849996864796, 7.49135828018, 6.00984048843, 10.3647346497, 16.7487220764, 8.16613006592, 14.5307168961, 32.554397583, 55.089969635, 56.1395225525, 37.3824157715, 18.3866329193, 10.8922643661, 17.352104187, 24.3447208405, 25.5288696289, 24.0545330048, 13.4521541595, 15.0793952942, 17.2082443237, 15.8795776367, 5.82326078415, 7.93808507919, 16.8325538635, 8.0917673111, 5.9194893837, 4.85961484909, 5.40438079834, 5.10298776627, 3.40586471558, 1.55510985851, 0.93479514122, 0.219455048442, 0.0466281920671, 0.0265540312976, 0.00744045991451, 0.000432257918874, 0.00103095488157, 0.000699727039319],
        "stdev": [0.0182222984731, 0.841490328312, 6.29736566544, 7.78869724274, 14.048078537, 25.0964946747, 15.3849201202, 24.8205051422, 59.3373527527, 105.235687256, 112.945075989, 90.3443832397, 53.1122627258, 27.2718467712, 41.1933364868, 61.1279830933, 67.2540359497, 72.6402587891, 37.1174430847, 39.9517745972, 33.3734016418, 28.6999969482, 12.0477199554, 15.1427993774, 29.7281665802, 14.182182312, 17.9802684784, 15.6913976669, 18.227514267, 17.559305191, 12.6428956985, 6.17152833939, 3.83116483688, 0.732064664364, 0.143788576126, 0.103421777487, 0.033376224339, 0.00184433581308, 0.000307220150717, 0.000201654489501]
    },
    "gfcc": {
        "mean": [-67.2630996704, 103.641227722, -86.4448242188, 29.0318164825, -39.0940551758, -12.139090538, -27.0592060089, -8.25941848755, -4.02397584915, -13.0105514526, 0.0113314697519, -18.6169128418, -11.6124458313],
        "cov": [[11578.9619141, 1595.60632324, -2491.94433594, 354.422119141, -1093.84411621, 166.915542603, -969.364379883, 564.728149414, -404.36138916, -13.6622848511, -290.529998779, -217.656799316, -747.039001465], [1595.60632324, 3763.92163086, 42.480014801, -1298.95812988, 409.594390869, -471.023406982, -134.19871521, 24.8137016296, 9.86619281769, -632.714172363, 14.5623540878, -170.196624756, -164.173156738], [-2491.94433594, 42.480014801, 1283.6003418, 144.685684204, 221.570343018, -37.9869880676, 159.05166626, -169.944824219, 56.3340797424, -61.6128768921, 20.2572669983, 93.6862030029, 203.392410278], [354.422119141, -1298.95812988, 144.685684204, 1256.70458984, -74.2812957764, -8.37262821198, -248.527175903, -79.5981140137, 2.01127147675, 255.201599121, -37.6864624023, 47.912399292, 90.8791122437], [-1093.84411621, 409.594390869, 221.570343018, -74.2812957764, 554.759094238, -163.438949585, -115.716392517, -97.4298782349, 93.3924942017, -48.7060432434, 37.042678833, -61.2034263611, 95.284866333], [166.915542603, -471.023406982, -37.9869880676, -8.37262821198, -163.438949585, 389.49710083, 139.371704102, 13.0708961487, -40.4451522827, 123.562362671, -17.2282581329, 10.26795578, -28.7584228516], [-969.364379883, -134.19871521, 159.05166626, -248.527175903, -115.716392517, 139.371704102, 512.858886719, 29.449836731, -50.8646392822, 0.0181198213249, 58.3337898254, 40.0266494751, 16.9312324524], [564.728149414, 24.8137016296, -169.944824219, -79.5981140137, -97.4298782349, 13.0708961487, 29.449836731, 229.877334595, -31.7600269318, -35.4649887085, -0.569624722004, -4.35790872574, -48.9611320496], [-404.36138916, 9.86619281769, 56.3340797424, 2.01127147675, 93.3924942017, -40.4451522827, -50.8646392822, -31.7600269318, 172.558258057, 3.98553752899, -10.7608184814, 14.3251867294, 48.2373161316], [-13.6622848511, -632.714172363, -61.6128768921, 255.201599121, -48.7060432434, 123.562362671, 0.0181198213249, -35.4649887085, 3.98553752899, 283.883056641, 19.4291114807, -25.6259326935, 20.4306163788], [-290.529998779, 14.5623540878, 20.2572669983, -37.6864624023, 37.042678833, -17.2282581329, 58.3337898254, -0.569624722004, -10.7608184814, 19.4291114807, 119.451454163, -13.8497152328, 2.45183968544], [-217.656799316, -170.196624756, 93.6862030029, 47.912399292, -61.2034263611, 10.26795578, 40.0266494751, -4.35790872574, 14.3251867294, -25.6259326935, -13.8497152328, 152.446243286, 20.8421535492], [-747.039001465, -164.173156738, 203.392410278, 90.8791122437, 95.284866333, -28.7584228516, 16.9312324524, -48.9611320496, 48.2373161316, 20.4306163788, 2.45183968544, 20.8421535492, 148.22052002]],
        "icov": [[0.00109993224032, -0.00145577418152, 0.0015312541509, -0.00156137230806, 0.00156507175416, -0.00134953437373, 0.00125551200472, -0.00120580848306, 0.00105673761573, -0.000929019704927, 0.000981916906312, -0.000426427461207, 0.000805536459666], [-0.00145577418152, 0.00274121994153, -0.00223155412823, 0.00273245223798, -0.00222442788072, 0.00232223048806, -0.00132877193391, 0.00177621771581, -0.00133377453312, 0.00217098067515, -0.00127265846822, 0.00126266677398, -0.000316681660479], [0.0015312541509, -0.00223155412823, 0.00343585526571, -0.00260425917804, 0.00183205050416, -0.00216381787322, 0.0011519396212, -0.00112108734902, 0.00151392084081, -0.000901349761989, 0.00129158911295, -0.00120149739087, -0.000192512248759], [-0.00156137230806, 0.00273245223798, -0.00260425917804, 0.00413141259924, -0.00193634815514, 0.00269401469268, -0.000685014703777, 0.00188909564167, -0.00100220157765, 0.000705148850102, -0.00115648470819, 0.000667079468258, -0.00117826857604], [0.00156507175416, -0.00222442788072, 0.00183205050416, -0.00193634815514, 0.00533690163866, -0.00137429067399, 0.00249098800123, -0.00107851892244, 0.000653870753013, -0.00132478098385, 0.000431349588325, 0.000588529394008, -0.000360958074452], [-0.00134953437373, 0.00232223048806, -0.00216381787322, 0.00269401469268, -0.00137429067399, 0.00593644380569, -0.00214848364703, 0.00162011594512, -0.000913798809052, -0.000323315383866, 5.42375710211e-05, 0.000826585630421, 0.000128609346575], [0.00125551200472, -0.00132877193391, 0.0011519396212, -0.000685014703777, 0.00249098800123, -0.00214848364703, 0.00481254793704, -0.00161766156089, 0.00191939121578, -0.000958350894507, -0.0003992630227, -0.000755507324357, 0.000213323510252], [-0.00120580848306, 0.00177621771581, -0.00112108734902, 0.00188909564167, -0.00107851892244, 0.00162011594512, -0.00161766156089, 0.00672822166234, -0.000946189393289, 0.00211325031705, -0.00129989883862, 0.00081109860912, -0.000390767469071], [0.00105673761573, -0.00133377453312, 0.00151392084081, -0.00100220157765, 0.000653870753013, -0.000913798809052, 0.00191939121578, -0.000946189393289, 0.00824653822929, -0.00160152988974, 0.00172793061938, -0.00155072368216, -0.00101727456786], [-0.000929019704927, 0.00217098067515, -0.000901349761989, 0.000705148850102, -0.00132478098385, -0.000323315383866, -0.000958350894507, 0.00211325031705, -0.00160152988974, 0.00815151818097, -0.00245403801091, 0.00264010485262, -0.000809750752524], [0.000981916906312, -0.00127265846822, 0.00129158911295, -0.00115648470819, 0.000431349588325, 5.42375710211e-05, -0.0003992630227, -0.00129989883862, 0.00172793061938, -0.00245403801091, 0.0109209036455, 1.1267953596e-05, 0.00141913257539], [-0.000426427461207, 0.00126266677398, -0.00120149739087, 0.000667079468258, 0.000588529394008, 0.000826585630421, -0.000755507324357, 0.00081109860912, -0.00155072368216, 0.00264010485262, 1.1267953596e-05, 0.00894930120558, -0.000492504914291], [0.000805536459666, -0.000316681660479, -0.000192512248759, -0.00117826857604, -0.000360958074452, 0.000128609346575, 0.000213323510252, -0.000390767469071, -0.00101727456786, -0.000809750752524, 0.00141913257539, -0.000492504914291, 0.0120345009491]]
    },
    "melbands": {
        "mean": [0.000374479859602, 0.00298555963673, 0.00113715440966, 0.00113107578363, 0.000350638962118, 0.000320302380715, 0.000537259329576, 0.000600592349656, 0.000451131112641, 0.000209535413887, 8.50766591611e-05, 4.14699825342e-05, 5.14446946909e-05, 6.33196759736e-05, 6.36203840259e-05, 5.48155294382e-05, 4.30920590588e-05, 2.12272516364e-05, 1.8749922674e-05, 2.10613179661e-05, 2.01752845896e-05, 1.83607589861e-05, 8.06274783827e-06, 3.66386666428e-06, 6.05517016083e-06, 1.25127317006e-05, 1.03144293462e-05, 4.16773536926e-06, 3.50317327502e-06, 3.53953510057e-06, 2.60119463746e-06, 3.13121608997e-06, 2.8283886877e-06, 2.88249339064e-06, 2.17346041609e-06, 1.29678107896e-06, 7.94733750809e-07, 7.42943313981e-07, 3.63346714494e-07, 1.2504864344e-07],
        "stdev": [0.000438237242633, 0.00238634645939, 0.00118201156147, 0.00148586824071, 0.000573580153286, 0.000527238182258, 0.000974248512648, 0.00111570709851, 0.000928450666834, 0.000519623805303, 0.000255071441643, 0.000107456449769, 0.000128701780341, 0.000160158320796, 0.000172234009369, 0.000158969138283, 0.000137833339977, 6.56501360936e-05, 5.61971792195e-05, 5.28047276021e-05, 3.9720624045e-05, 3.39523030561e-05, 1.83137890417e-05, 8.35443370306e-06, 1.26368368001e-05, 2.36052728724e-05, 1.91914477909e-05, 8.55582038639e-06, 1.08135036498e-05, 1.18272319014e-05, 8.81623964233e-06, 1.0850381841e-05, 9.80702952802e-06, 1.03261172626e-05, 8.30251974548e-06, 5.53741892872e-06, 3.17200419886e-06, 3.17514650305e-06, 1.39262954235e-06, 3.81310144348e-07]
    },
    "melbands128": {
        "mean": [8.55844427861e-06, 2.31263547903e-05, 0.000197096072952, 0.00162916455884, 0.00388185959309, 0.00326531915925, 0.0011930296896, 0.000447237893241, 0.000998937757686, 0.00160847138613, 0.00111923983786, 0.000360569363693, 0.000212052764255, 0.000272358302027, 0.000328653404722, 0.000322838401189, 0.000384341896279, 0.000583666085731, 0.000705877377186, 0.000642283703201, 0.000557454361115, 0.000484479503939, 0.000468374521006, 0.000396820134483, 0.000261343462626, 0.000126955026644, 0.000103139667772, 9.75486109382e-05, 5.40657674719e-05, 3.93511400034e-05, 3.98790434701e-05, 3.71400346921e-05, 5.28975397174e-05, 6.13574520685e-05, 5.76725797146e-05, 6.76479103277e-05, 6.2666105805e-05, 6.98328949511e-05, 6.0317270254e-05, 4.89350677526e-05, 5.82208631386e-05, 5.68269897485e-05, 4.84192969452e-05, 3.34577525791e-05, 2.28908320423e-05, 2.01959355763e-05, 1.77228630491e-05, 1.69145478139e-05, 2.00714421226e-05, 2.13447292481e-05, 2.15553227463e-05, 2.07371740544e-05, 1.86292418221e-05, 2.08037890843e-05, 2.16883927351e-05, 1.8747179638e-05, 1.59351529874e-05, 9.67708183452e-06, 5.51831408302e-06, 3.89086017094e-06, 3.28445958075e-06, 3.40339920513e-06, 4.86745102535e-06, 6.5894432737e-06, 8.33481499285e-06, 1.29458903757e-05, 1.52616539708e-05, 1.29390118673e-05, 9.69723259914e-06, 5.86928035773e-06, 4.07890229326e-06, 3.14318140227e-06, 3.50723848896e-06, 3.34231731358e-06, 3.81889685741e-06, 4.12577310271e-06, 3.26659915117e-06, 2.26538895731e-06, 2.40792655859e-06, 3.04431637232e-06, 3.08540938931e-06, 3.31833325617e-06, 2.94296842185e-06, 2.55645591096e-06, 3.03837282445e-06, 2.82167343357e-06, 2.92232039101e-06, 2.77904428003e-06, 2.29048259826e-06, 1.56269345553e-06, 1.53502730882e-06, 1.19427204481e-06, 9.77373701971e-07, 7.16539375389e-07, 7.3945392387e-07, 7.7432434864e-07, 7.91137608758e-07, 6.48874049602e-07, 3.64465677194e-07, 2.24207056476e-07, 1.603513482e-07, 1.11954136628e-07, 7.96188999175e-08, 5.38402353811e-08, 3.93521659703e-08, 3.66706380817e-08, 3.94506187718e-08, 4.49440555883e-08, 5.43277849374e-08, 4.57241675633e-08, 4.05694962069e-08, 3.21766755462e-08, 2.15541717807e-08, 1.34320705669e-08, 6.55536558369e-09, 1.13047471384e-09, 9.64601731823e-11, 1.31979331977e-11, 7.85040955853e-12, 3.26636356851e-10, 5.7481632787e-09, 7.60855645154e-09, 3.04256218442e-07, 5.78971480536e-07, 3.46888784364e-09, 2.84215873059e-09, 1.48076551021e-10, 4.97283507775e-12],
        "stdev": [4.32687702414e-05, 7.10529566277e-05, 0.000383191509172, 0.00186561280861, 0.00340063055046, 0.00327159254812, 0.00193980929907, 0.000901910767425, 0.00173254637048, 0.00258933776058, 0.00221466342919, 0.000896354031283, 0.000641820661258, 0.000678381300531, 0.000754166103434, 0.000687245628797, 0.00089933531126, 0.00142077403143, 0.00182118301746, 0.00161293032579, 0.00148235051893, 0.00121198536362, 0.00128335074987, 0.00115352135617, 0.000851385761052, 0.000427445804235, 0.0003622029908, 0.000397204217734, 0.000177286652615, 0.000124316851725, 0.000141895550769, 0.000113703739771, 0.000172284722794, 0.000180268645636, 0.000182481744559, 0.000213733670535, 0.00020051485626, 0.00021984281193, 0.000214051833609, 0.000159637376782, 0.000222492439207, 0.000202854600502, 0.000186510718777, 0.000129039806779, 8.64275498316e-05, 7.94362349552e-05, 6.32240771665e-05, 6.30823633401e-05, 7.16006979928e-05, 7.08755251253e-05, 6.26761757303e-05, 5.46169867448e-05, 4.4416217861e-05, 4.59784168925e-05, 4.62797215732e-05, 4.20220530941e-05, 3.89934066334e-05, 2.54603583016e-05, 1.604627505e-05, 9.95009941107e-06, 8.27112580737e-06, 8.92874959391e-06, 1.18985562949e-05, 1.52303773575e-05, 1.87174446182e-05, 2.81332268059e-05, 3.14245371555e-05, 2.67677387455e-05, 2.19467838178e-05, 1.27281746245e-05, 9.48268552747e-06, 8.11477730167e-06, 1.1331711903e-05, 1.14863933049e-05, 1.41931477629e-05, 1.51119966176e-05, 1.10170121843e-05, 8.32073328638e-06, 9.08756646822e-06, 1.10840774141e-05, 1.16745814012e-05, 1.22327055578e-05, 1.10182008939e-05, 9.97262759483e-06, 1.17102999866e-05, 1.01241657831e-05, 1.19453370644e-05, 1.07136165752e-05, 9.70417931967e-06, 6.55174790154e-06, 6.91123386787e-06, 5.80833238928e-06, 4.30158024756e-06, 2.90568505079e-06, 3.39784037351e-06, 3.27443740389e-06, 4.13014777223e-06, 2.87566672341e-06, 1.49042932662e-06, 8.1195258872e-07, 5.85075667914e-07, 3.2760334534e-07, 2.37728741581e-07, 1.7521786333e-07, 1.39351271855e-07, 1.34605073754e-07, 1.54516769157e-07, 1.94466835524e-07, 2.31089842373e-07, 1.87512753769e-07, 1.84338759368e-07, 1.69001694417e-07, 9.82051204801e-08, 6.98783608755e-08, 3.98962427539e-08, 7.60687957069e-09, 2.48789711055e-10, 4.37842505308e-11, 3.29252770881e-11, 9.48885414687e-10, 1.03194528478e-08, 1.2277247663e-08, 9.10691468903e-08, 1.74654758212e-07, 7.08543090866e-09, 6.28877483422e-09, 4.86012396994e-10, 3.13613995884e-11]
    },
    "mfcc": {
        "mean": [-722.45111084, 142.888336182, 13.9447937012, 36.9680252075, 11.9341068268, 1.55389153957, -6.97564649582, 2.44986820221, -10.389746666, 9.24033927917, -0.235666155815, 0.58317553997, 8.31132507324],
        "cov": [[11141.515625, 461.551940918, -1599.83129883, -207.22869873, -336.66708374, -621.47454834, -448.55078125, 81.3182144165, -561.470214844, 379.7684021, -51.7358894348, -132.078735352, 235.552932739], [461.551940918, 4696.56103516, -354.350250244, -786.044494629, 264.371673584, -660.056030273, -92.6285552979, 399.138000488, -245.964477539, -24.2374858856, -212.605743408, -282.872650146, 293.145507812], [-1599.83129883, -354.350250244, 1018.09606934, 250.555801392, -40.2671203613, 237.454589844, 98.9717712402, 17.04180336, 123.753967285, -99.8106002808, -58.8238296509, 47.8452529907, -23.4680805206], [-207.22869873, -786.044494629, 250.555801392, 889.29284668, 294.630737305, 78.1987457275, -132.018875122, -168.499450684, 8.99991130829, -36.0653991699, -62.7061347961, -8.92111206055, -31.7906322479], [-336.66708374, 264.371673584, -40.2671203613, 294.630737305, 662.155700684, -22.672908783, -197.163619995, -134.039733887, -27.8676815033, 40.9331474304, -81.2907485962, -63.2849082947, -5.48238372803], [-621.47454834, -660.056030273, 237.454589844, 78.1987457275, -22.672908783, 429.240509033, 61.1778678894, -133.234802246, 99.0867233276, -34.7593154907, 71.4566192627, 86.5072402954, -84.4769821167], [-448.55078125, -92.6285552979, 98.9717712402, -132.018875122, -197.163619995, 61.1778678894, 375.002227783, 29.1118774414, 29.2524681091, 38.3031234741, 65.1251296997, 81.5620269775, -25.2979984283], [81.3182144165, 399.138000488, 17.04180336, -168.499450684, -134.039733887, -133.234802246, 29.1118774414, 317.377593994, -16.8900146484, -40.6493835449, -21.8222522736, -49.5317993164, 48.3398780823], [-561.470214844, -245.964477539, 123.753967285, 8.99991130829, -27.8676815033, 99.0867233276, 29.2524681091, -16.8900146484, 206.605438232, -15.7276592255, 11.2791042328, 57.8835220337, -43.0239944458], [379.7684021, -24.2374858856, -99.8106002808, -36.0653991699, 40.9331474304, -34.7593154907, 38.3031234741, -40.6493835449, -15.7276592255, 205.820083618, 3.39020419121, 2.79254841805, 13.9450654984], [-51.7358894348, -212.605743408, -58.8238296509, -62.7061347961, -81.2907485962, 71.4566192627, 65.1251296997, -21.8222522736, 11.2791042328, 3.39020419121, 159.668518066, 43.6277618408, -45.6500549316], [-132.078735352, -282.872650146, 47.8452529907, -8.92111206055, -63.2849082947, 86.5072402954, 81.5620269775, -49.5317993164, 57.8835220337, 2.79254841805, 43.6277618408, 180.55708313, -3.88591170311], [235.552932739, 293.145507812, -23.4680805206, -31.7906322479, -5.48238372803, -84.4769821167, -25.2979984283, 48.3398780823, -43.0239944458, 13.9450654984, -45.6500549316, -3.88591170311, 166.563903809]],
        "icov": [[0.000158199429279, -4.21752474722e-06, 0.000199901114684, -7.87114404375e-05, 0.000224835195695, -1.54834481236e-06, 0.000237532629399, -4.14276473748e-05, 0.000300666462863, -0.000282664288534, 0.000108984262624, -0.000105636303488, -1.9711058485e-05], [-4.21752474722e-06, 0.00043303144048, -6.20618084213e-05, 0.000465948542114, -0.000405494123697, 0.000391892855987, -0.000155980727868, -0.00011403633107, 0.000125134014525, 0.000294110854156, 0.000177745707333, 0.000327499437844, -0.00041709508514], [0.000199901114684, -6.20618084213e-05, 0.00177201488987, -0.000624033156782, 0.000417804752942, -0.000921442406252, -0.000211078746361, -0.000517741078511, -0.000124600803247, 5.64212277823e-05, 0.00103311613202, -0.000123623263789, -0.000134935675305], [-7.87114404375e-05, 0.000465948542114, -0.000624033156782, 0.00215537357144, -0.00103940395638, 0.000534468796104, 3.57529315806e-05, 0.000602299114689, 0.000163468328537, 0.000703182711732, 0.000327700021444, 0.000325395725667, -0.000237036671024], [0.000224835195695, -0.000405494123697, 0.000417804752942, -0.00103940395638, 0.00295278686099, -0.000319448503433, 0.00127657444682, 0.000686505634803, 0.000362256483641, -0.00120606494602, 0.00068262766581, -8.34558304632e-05, 0.000565689580981], [-1.54834481236e-06, 0.000391892855987, -0.000921442406252, 0.000534468796104, -0.000319448503433, 0.00436977855861, -0.0001688641496, 0.00140421022661, -0.000688507047016, 0.000745476281736, -0.00119969365187, -0.000351276044967, 0.000479957874632], [0.000237532629399, -0.000155980727868, -0.000211078746361, 3.57529315806e-05, 0.00127657444682, -0.0001688641496, 0.00432336144149, -0.000338367884979, 0.000693421286996, -0.00167103181593, -0.000659705197904, -0.00155172590166, 0.000728909915779], [-4.14276473748e-05, -0.00011403633107, -0.000517741078511, 0.000602299114689, 0.000686505634803, 0.00140421022661, -0.000338367884979, 0.00495092337951, -0.000475365115562, 0.00105251173954, -8.27837211546e-05, 0.00117881107144, -0.000658263743389], [0.000300666462863, 0.000125134014525, -0.000124600803247, 0.000163468328537, 0.000362256483641, -0.000688507047016, 0.000693421286996, -0.000475365115562, 0.00682015297934, -0.000535801693331, 0.000832554185763, -0.00188180233818, 0.00126502325293], [-0.000282664288534, 0.000294110854156, 5.64212277823e-05, 0.000703182711732, -0.00120606494602, 0.000745476281736, -0.00167103181593, 0.00105251173954, -0.000535801693331, 0.00646063219756, -3.78288132197e-05, 0.000599697930738, -0.000872262928169], [0.000108984262624, 0.000177745707333, 0.00103311613202, 0.000327700021444, 0.00068262766581, -0.00119969365187, -0.000659705197904, -8.27837211546e-05, 0.000832554185763, -3.78288132197e-05, 0.00894909817725, -0.00120165501721, 0.0017218568828], [-0.000105636303488, 0.000327499437844, -0.000123623263789, 0.000325395725667, -8.34558304632e-05, -0.000351276044967, -0.00155172590166, 0.00117881107144, -0.00188180233818, 0.000599697930738, -0.00120165501721, 0.00803164113313, -0.00181924761273], [-1.9711058485e-05, -0.00041709508514, -0.000134935675305, -0.000237036671024, 0.000565689580981, 0.000479957874632, 0.000728909915779, -0.000658263743389, 0.00126502325293, -0.000872262928169, 0.0017218568828, -0.00181924761273, 0.00809443648905]]
    },
    "spectral_contrast_coeffs": {
        "mean": [-0.650919914246, -0.733437776566, -0.806099951267, -0.801190078259, -0.765537679195, -0.773426055908],
        "stdev": [0.124004565179, 0.0976534634829, 0.0759053081274, 0.0664258077741, 0.0717472136021, 0.0554893687367]
    },
    "spectral_contrast_valleys": {
        "mean": [-7.30765914917, -7.11031913757, -8.24045944214, -8.32924842834, -8.46074676514, -11.3032264709],
        "stdev": [1.08879435062, 1.33432877064, 1.34818160534, 1.30044269562, 1.2721067667, 1.24954473972]
    }
},
"rhythm": {
    "beats_count": 104,
    "beats_loudness": {
        "mean": 0.0376404896379,
        "stdev": 0.0195339992642
    },
    "bpm": 94.3920974731,
    "bpm_histogram_first_peak_bpm": 96,
    "bpm_histogram_first_peak_weight": 0.599999964237,
    "bpm_histogram_second_peak_bpm": 103,
    "bpm_histogram_second_peak_spread": 0.615384638309,
    "bpm_histogram_second_peak_weight": 0.0970873758197,
    "danceability": 1.45463621616,
    "onset_rate": 5.84734392166,
    "beats_loudness_band_ratio": {
        "mean": [0.428316444159, 0.162080451846, 0.245807722211, 0.0803631395102, 0.0417474173009, 0.084084302187],
        "stdev": [0.211106032133, 0.141103163362, 0.200877293944, 0.0894377082586, 0.0485320165753, 0.18051725626]
    },
    "beats_position": [0.487619042397, 0.986848056316, 1.48607707024, 1.97369611263, 2.47292518616, 2.96054410934, 3.45977306366, 3.97061228752, 4.45823097229, 4.94585037231, 5.42185926437, 5.89786815643, 6.38548755646, 6.87310647964, 7.39555549622, 7.90639448166, 8.42884349823, 9.0093421936, 9.58984088898, 10.1819496155, 10.774058342, 11.354557991, 11.9698867798, 12.5968255997, 13.2121543884, 13.9435825348, 14.6517915726, 15.3716096878, 16.0914287567, 16.7880268097, 17.4614048004, 18.1463947296, 18.8313827515, 19.5047607422, 20.1781406403, 20.851518631, 21.5248966217, 22.2098865509, 22.7903842926, 23.3824939728, 23.9629936218, 24.5318813324, 25.1007709503, 25.6696586609, 26.2385482788, 26.8074378967, 27.3763256073, 27.9568252563, 28.6069831848, 29.2571430206, 29.895690918, 30.5458488464, 31.1843986511, 31.8229465485, 32.4614944458, 33.111656189, 33.7385940552, 34.3771438599, 35.0156898499, 35.6426315308, 36.269569397, 36.9197273254, 37.5466651917, 38.1736030579, 38.8005447388, 39.427482605, 40.0544204712, 40.6813583374, 41.3083000183, 41.9584579468, 42.585395813, 43.1658935547, 43.7347831726, 44.3152809143, 44.9073905945, 45.4995002747, 46.0799980164, 46.6721076965, 47.2409973145, 47.7634468079, 48.2858963013, 48.80834198, 49.3424034119, 49.8764610291, 50.4105224609, 50.9561882019, 51.4902496338, 52.024307251, 52.5699768066, 53.1272544861, 53.696144104, 54.2650337219, 54.8223114014, 55.3795890808, 55.9600906372, 56.6102485657, 57.2604064941, 57.9570045471, 58.6652145386, 59.3502044678, 60.0235824585, 60.6853485107, 61.3238983154, 61.9740562439],
    "bpm_histogram": [0, 0, 0, 0, 0, 0, 0, 0, 0, 0, 0, 0, 0, 0, 0, 0, 0, 0, 0, 0, 0, 0, 0, 0, 0, 0, 0, 0, 0, 0, 0, 0, 0, 0, 0, 0, 0, 0, 0, 0, 0, 0, 0, 0, 0, 0, 0, 0, 0, 0, 0, 0, 0, 0, 0, 0, 0, 0, 0, 0, 0, 0, 0, 0, 0, 0, 0, 0, 0, 0, 0, 0, 0, 0, 0, 0, 0, 0, 0, 0, 0, 0, 0.0097087379545, 0.019417475909, 0, 0.019417475909, 0.019417475909, 0, 0.038834951818, 0.058252427727, 0, 0.0097087379545, 0.0873786434531, 0, 0.0679611638188, 0, 0.116504855454, 0, 0.019417475909, 0, 0, 0.058252427727, 0, 0.0970873758197, 0, 0.0970873758197, 0, 0, 0.0291262138635, 0, 0.019417475909, 0, 0.0485436879098, 0, 0, 0.0485436879098, 0, 0.019417475909, 0, 0, 0.038834951818, 0, 0, 0.058252427727, 0, 0, 0.019417475909, 0, 0, 0, 0, 0, 0, 0, 0, 0, 0, 0, 0, 0, 0, 0, 0, 0, 0, 0, 0, 0, 0, 0, 0, 0, 0, 0, 0, 0, 0, 0, 0, 0, 0, 0, 0, 0, 0, 0, 0, 0, 0, 0, 0, 0, 0, 0, 0, 0, 0, 0, 0, 0, 0, 0, 0, 0, 0, 0, 0, 0, 0, 0, 0, 0, 0, 0, 0, 0, 0, 0, 0, 0, 0, 0, 0, 0, 0, 0, 0, 0, 0, 0, 0, 0, 0, 0, 0, 0, 0, 0, 0, 0, 0, 0, 0, 0, 0, 0, 0, 0, 0, 0, 0, 0, 0, 0, 0, 0, 0, 0, 0, 0, 0, 0, 0, 0, 0, 0, 0, 0, 0, 0]
},
"tonal": {
    "chords_changes_rate": 0.151515156031,
    "chords_number_rate": 0.0103473765776,
    "chords_strength": {
        "mean": 0.457153469324,
        "stdev": 0.110512979329
    },
    "hpcp_crest": {
        "mean": 12.2401361465,
        "stdev": 5.79099702835
    },
    "hpcp_entropy": {
        "mean": 2.19607067108,
        "stdev": 0.784743607044
    },
    "key_edma": {
        "strength": 0.294828921556,
        "key": "G",
        "scale": "minor"
    },
    "key_krumhansl": {
        "strength": 0.294521093369,
        "key": "G",
        "scale": "minor"
    },
    "key_temperley": {
        "strength": 0.281465530396,
        "key": "G",
        "scale": "minor"
    },
    "tuning_diatonic_strength": 0.545340716839,
    "tuning_equal_tempered_deviation": 0.217437371612,
    "tuning_frequency": 436.960693359,
    "tuning_nontempered_energy_ratio": 0.892216920853,
    "hpcp": {
        "mean": [0.168049067259, 0.149288848042, 0.136131778359, 0.138666987419, 0.145328164101, 0.115227453411, 0.0892427861691, 0.0882796868682, 0.0959097445011, 0.0984186157584, 0.0864787623286, 0.0797213092446, 0.0720655620098, 0.0655923485756, 0.0724445432425, 0.0875738114119, 0.0876313745975, 0.0796637386084, 0.0777412503958, 0.0737606808543, 0.0764743089676, 0.0831998810172, 0.0878793522716, 0.0878830775619, 0.0784942805767, 0.0766517072916, 0.0832206606865, 0.0831489786506, 0.0891419500113, 0.123000502586, 0.159053355455, 0.161344558001, 0.156543835998, 0.155808538198, 0.162547677755, 0.177147880197],
        "stdev": [0.291475474834, 0.282913714647, 0.261582106352, 0.265584200621, 0.276362597942, 0.249561414123, 0.203154817224, 0.198884144425, 0.212901100516, 0.222156554461, 0.198602795601, 0.189118981361, 0.170871466398, 0.158988714218, 0.160997778177, 0.194373831153, 0.199284642935, 0.178196340799, 0.178777173162, 0.163932695985, 0.167425557971, 0.181790232658, 0.184989407659, 0.19314096868, 0.182008847594, 0.180185109377, 0.191370069981, 0.190011918545, 0.205932766199, 0.246467292309, 0.287135869265, 0.288572371006, 0.277490854263, 0.283365160227, 0.281350880861, 0.301682859659]
    },
    "chords_histogram": [5.91278648376, 1.55210638046, 0.369549155235, 0.813008129597, 4.80413913727, 1.9216555357, 0, 21.4338512421, 1.10864746571, 1.69992613792, 4.58240938187, 1.62601625919, 3.32594227791, 0.960827767849, 10.716925621, 0.591278612614, 0, 0.221729487181, 0.295639306307, 0.739098310471, 8.05617141724, 21.286031723, 7.98226165771, 0],
    "thpcp": [1, 0.948637187481, 0.84273570776, 0.768464028835, 0.782775342464, 0.820377647877, 0.650459110737, 0.503775656223, 0.498338937759, 0.541410624981, 0.555573225021, 0.488172709942, 0.450026899576, 0.406810194254, 0.370268881321, 0.408949524164, 0.494354277849, 0.49467921257, 0.449701905251, 0.438849449158, 0.416379123926, 0.431697577238, 0.469663441181, 0.496079057455, 0.496100068092, 0.443100303411, 0.432698994875, 0.469780743122, 0.469376087189, 0.503206431866, 0.694337964058, 0.897856414318, 0.910790205002, 0.88369011879, 0.879539370537, 0.917581856251],
    "chords_key": "G",
    "chords_scale": "major"
}
}