{
"metadata": {
    "version": {
        "essentia": "2.1-dev",
        "essentia_git_sha": "v2.1_beta3-415-gd5473f3",
        "extractor": "music 2.0"
    },
    "audio_properties": {
        "analysis": {
            "equal_loudness": 0,
            "length": 60.3428573608,
            "sample_rate": 44100,
            "start_time": 0,
            "downmix": "mix"
        },
        "bit_rate": 192000,
        "length": 60.3428573608,
        "lossless": 0,
        "number_channels": 2,
        "replay_gain": -6.17457771301,
        "sample_rate": 44100,
        "codec": "mp3",
        "md5_encoded": "a8de9eaa91e6f954fc818e7761d40071"
    },
    "tags": {
        "file_name": "monologo_hombre_12.mp3",
        "date": ["2004"],
        "engineer": ["rosamerica tamyo"]
    }
},
"lowlevel": {
    "average_loudness": 0.974736452103,
    "barkbands_crest": {
        "mean": 9.6436958313,
        "stdev": 3.57812643051
    },
    "barkbands_flatness_db": {
        "mean": 0.196246430278,
        "stdev": 0.0720987915993
    },
    "barkbands_kurtosis": {
        "mean": 8.97405815125,
        "stdev": 20.6984157562
    },
    "barkbands_skewness": {
        "mean": 1.6062746048,
        "stdev": 2.07958769798
    },
    "barkbands_spread": {
        "mean": 22.6528301239,
        "stdev": 23.0627269745
    },
    "dissonance": {
        "mean": 0.442094534636,
        "stdev": 0.0423291698098
    },
    "dynamic_complexity": 4.2908244133,
    "erbbands_crest": {
        "mean": 9.53866481781,
        "stdev": 3.17047953606
    },
    "erbbands_flatness_db": {
        "mean": 0.210243195295,
        "stdev": 0.0624201819301
    },
    "erbbands_kurtosis": {
        "mean": 0.813003659248,
        "stdev": 3.72171020508
    },
    "erbbands_skewness": {
        "mean": 0.320289671421,
        "stdev": 0.963248729706
    },
    "erbbands_spread": {
        "mean": 31.9286231995,
        "stdev": 17.4653682709
    },
    "hfc": {
        "mean": 14.62981987,
        "stdev": 14.3839540482
    },
    "loudness_ebu128": {
        "integrated": -18.3253421783,
        "loudness_range": 1.32506942749,
        "momentary": {
            "mean": -18.8345851898,
            "stdev": 2.49559760094
        },
        "short_term": {
            "mean": -18.4246063232,
            "stdev": 0.49815005064
        }
    },
    "melbands_crest": {
        "mean": 13.4996814728,
        "stdev": 5.16190958023
    },
    "melbands_flatness_db": {
        "mean": 0.281145244837,
        "stdev": 0.105398461223
    },
    "melbands_kurtosis": {
        "mean": 11.9804210663,
        "stdev": 18.8218784332
    },
    "melbands_skewness": {
        "mean": 2.30987143517,
        "stdev": 1.63853144646
    },
    "melbands_spread": {
        "mean": 23.2623081207,
        "stdev": 28.8811721802
    },
    "pitch_salience": {
        "mean": 0.635770618916,
        "stdev": 0.124341785908
    },
    "silence_rate_20dB": {
        "mean": 1,
        "stdev": 0
    },
    "silence_rate_30dB": {
        "mean": 1,
        "stdev": 0
    },
    "silence_rate_60dB": {
        "mean": 0.191153839231,
        "stdev": 0.39320769906
    },
    "spectral_centroid": {
        "mean": 1148.81726074,
        "stdev": 986.254455566
    },
    "spectral_complexity": {
        "mean": 12.9096155167,
        "stdev": 9.27265834808
    },
    "spectral_decrease": {
        "mean": -5.88317083938e-09,
        "stdev": 5.11652231694e-09
    },
    "spectral_energy": {
        "mean": 0.0235313996673,
        "stdev": 0.0204438511282
    },
    "spectral_energyband_high": {
        "mean": 0.000179320006282,
        "stdev": 0.000693167443387
    },
    "spectral_energyband_low": {
        "mean": 0.00618931418285,
        "stdev": 0.00566194718704
    },
    "spectral_energyband_middle_high": {
        "mean": 0.004146149382,
        "stdev": 0.00503894593567
    },
    "spectral_energyband_middle_low": {
        "mean": 0.013743548654,
        "stdev": 0.0135662499815
    },
    "spectral_entropy": {
        "mean": 7.03637599945,
        "stdev": 0.676244199276
    },
    "spectral_flux": {
        "mean": 0.0899328142405,
        "stdev": 0.0515453666449
    },
    "spectral_kurtosis": {
        "mean": 15.5670690536,
        "stdev": 12.0354938507
    },
    "spectral_rms": {
        "mean": 0.00412637926638,
        "stdev": 0.00243524904363
    },
    "spectral_rolloff": {
        "mean": 2753.55737305,
        "stdev": 4843.48730469
    },
    "spectral_skewness": {
        "mean": 2.39106154442,
        "stdev": 1.1098638773
    },
    "spectral_spread": {
        "mean": 3170100.5,
        "stdev": 2749543.75
    },
    "spectral_strongpeak": {
        "mean": 1.01213622093,
        "stdev": 1.05734348297
    },
    "zerocrossingrate": {
        "mean": 0.1007553339,
        "stdev": 0.134733647108
    },
    "barkbands": {
        "mean": [4.2638839659e-06, 0.0010581004899, 0.00443435180932, 0.00103475537617, 0.00298307277262, 0.00246116518974, 0.00447633815929, 0.0022202047985, 0.000501312373672, 0.00021721397934, 0.000298993778415, 0.000627828121651, 0.000791117898189, 0.000488761172164, 0.000344274216332, 0.000424007128458, 0.000474346044939, 0.000372393318685, 0.000120087963296, 4.49258914159e-05, 4.78522488265e-05, 2.86791328108e-05, 2.59045773419e-05, 2.13546263694e-05, 5.97480948272e-06, 2.55615441347e-06, 2.15701984416e-05],
        "stdev": [1.37648576128e-05, 0.00142925139517, 0.004698805511, 0.00220568221994, 0.00349179329351, 0.00349391973577, 0.00721674459055, 0.00467668659985, 0.00136682984885, 0.000554752536118, 0.000881679821759, 0.00153440632857, 0.00184148189146, 0.00139968493022, 0.00090946740238, 0.000805618066806, 0.000759344256949, 0.00059674406657, 0.000278014631476, 0.000249878386967, 0.00025726124295, 0.000120954347949, 0.000163344244356, 9.79859469226e-05, 2.47195039265e-05, 1.21501225294e-05, 5.60823355045e-06]
    },
    "erbbands": {
        "mean": [0.00602586334571, 0.397598862648, 4.31743240356, 4.70689249039, 6.05658340454, 11.0360832214, 13.7683191299, 21.7608737946, 48.7786903381, 69.3297729492, 41.8012504578, 13.1112632751, 6.39643192291, 9.01700115204, 14.7857017517, 28.0739688873, 37.4698028564, 27.3424873352, 19.962059021, 18.0945682526, 26.6770401001, 26.7782459259, 22.7773609161, 10.8762588501, 3.81940197945, 2.10585165024, 2.22433996201, 1.63556432724, 0.985999822617, 0.82682466507, 0.799269855022, 0.481902509928, 0.337744623423, 0.0921961069107, 0.0346500501037, 0.0182343591005, 0.00299729802646, 0.000197199376998, 0.00101646978874, 0.000669232103974],
        "stdev": [0.00727422907948, 0.463168203831, 4.44182157516, 6.47038555145, 7.96386051178, 15.0319566727, 22.4107913971, 33.7063903809, 75.8990402222, 120.25176239, 89.6599273682, 33.1986541748, 13.7388811111, 23.1803665161, 37.7530632019, 64.8870544434, 84.0012588501, 70.0214538574, 55.8747138977, 39.5329360962, 47.7819671631, 42.1820755005, 35.398891449, 19.8056583405, 11.224609375, 12.186753273, 12.7450046539, 8.4177980423, 4.22093582153, 3.9172334671, 5.28045082092, 2.5703060627, 1.44747841358, 0.388410657644, 0.149453312159, 0.0856502354145, 0.0133427465335, 0.000714391877409, 0.000276033446426, 0.000170438361238]
    },
    "gfcc": {
        "mean": [-93.6706237793, 120.899864197, -100.935020447, 6.78605556488, -21.7736244202, -23.2435493469, -39.3005409241, -10.8655529022, -5.0225610733, -19.0009231567, 6.47834825516, -12.9288539886, -11.8037118912],
        "cov": [[12539.6875, 2441.79760742, -2694.95922852, 160.132858276, -551.475097656, -254.7293396, -1208.97546387, 630.759399414, -85.9987792969, -155.37008667, -16.6004905701, 111.807098389, -674.220397949], [2441.79760742, 4140.68261719, -330.209197998, -1122.12438965, 791.235046387, -719.910583496, -308.098693848, 116.095756531, 240.068313599, -657.775146484, 76.3333969116, 75.6036529541, -128.082946777], [-2694.95922852, -330.209197998, 1305.00439453, 232.579711914, 127.299163818, 121.14931488, 278.467071533, -176.044494629, -12.0499391556, 20.7551860809, -42.429901123, 44.0062789917, 239.185256958], [160.132858276, -1122.12438965, 232.579711914, 947.538757324, -127.784690857, 190.570648193, -87.6630172729, -99.2045822144, -58.9328651428, 210.104751587, -57.2043762207, 12.6390953064, 73.9672088623], [-551.475097656, 791.235046387, 127.299163818, -127.784690857, 623.725524902, -157.361495972, -148.721084595, -126.870613098, 126.265258789, -54.0901794434, 11.3867321014, -45.9151878357, 62.5195465088], [-254.7293396, -719.910583496, 121.14931488, 190.570648193, -157.361495972, 338.657165527, 110.26839447, -35.3465080261, -50.2681007385, 188.552566528, -6.32761716843, -24.9908733368, 18.7517471313], [-1208.97546387, -308.098693848, 278.467071533, -87.6630172729, -148.721084595, 110.26839447, 457.583007812, 0.768198847771, -49.9437026978, -12.1067037582, 30.7127838135, 16.385679245, 54.2802276611], [630.759399414, 116.095756531, -176.044494629, -99.2045822144, -126.870613098, -35.3465080261, 0.768198847771, 244.626419067, -27.8116550446, -73.8389358521, 15.2028331757, 46.5795478821, -56.0604743958], [-85.9987792969, 240.068313599, -12.0499391556, -58.9328651428, 126.265258789, -50.2681007385, -49.9437026978, -27.8116550446, 137.326751709, -2.09492945671, -12.9138870239, -13.1893730164, 11.7848711014], [-155.37008667, -657.775146484, 20.7551860809, 210.104751587, -54.0901794434, 188.552566528, -12.1067037582, -73.8389358521, -2.09492945671, 300.944122314, -10.6211872101, -73.3739776611, -15.9510145187], [-16.6004905701, 76.3333969116, -42.429901123, -57.2043762207, 11.3867321014, -6.32761716843, 30.7127838135, 15.2028331757, -12.9138870239, -10.6211872101, 102.19103241, -6.09051322937, -31.5601100922], [111.807098389, 75.6036529541, 44.0062789917, 12.6390953064, -45.9151878357, -24.9908733368, 16.385679245, 46.5795478821, -13.1893730164, -73.3739776611, -6.09051322937, 151.677902222, 14.928771019], [-674.220397949, -128.082946777, 239.185256958, 73.9672088623, 62.5195465088, 18.7517471313, 54.2802276611, -56.0604743958, 11.7848711014, -15.9510145187, -31.5601100922, 14.928771019, 154.335189819]],
        "icov": [[0.000581589818466, -0.000869493756909, 0.000904637738131, -0.00088945380412, 0.000953667040449, -0.00070031179348, 0.000732214772142, -0.000466328812763, 0.000624654523563, -0.000528456876054, 0.000368387001799, -0.000142825563671, 0.000102091333247], [-0.000869493756909, 0.00211042771116, -0.00143952621147, 0.00184377899859, -0.00210049259476, 0.00136058055796, -0.000802428112365, 0.000664181017783, -0.00137967918999, 0.00188926700503, -0.00058669957798, 2.67880295723e-05, 0.000687408610247], [0.000904637738131, -0.00143952621147, 0.00277009489946, -0.00169651315082, 0.00113211071584, -0.00129832641687, 0.000312202668283, -0.000285983958747, 0.00124591263011, -0.000899905222468, 0.000822576286737, -0.000604722707067, -0.00119865080342], [-0.00088945380412, 0.00184377899859, -0.00169651315082, 0.00334670790471, -0.00145287625492, 0.0010191348847, -0.000124543177662, 0.0010629958706, -0.000649659195915, 0.000572559132706, -0.000409517902881, -0.000394237082219, -0.000372384092771], [0.000953667040449, -0.00210049259476, 0.00113211071584, -0.00145287625492, 0.0051117320545, -0.000581535743549, 0.00207077711821, 0.000365259649698, -0.000231841419009, -0.00167508155573, -0.000551565142814, 0.000552509212866, -0.00155260262545], [-0.00070031179348, 0.00136058055796, -0.00129832641687, 0.0010191348847, -0.000581535743549, 0.0069780331105, -0.00177585543133, 0.00050819903845, 6.54416771795e-06, -0.00249223061837, -0.000584129942581, -3.17493613693e-05, -0.000584057183005], [0.000732214772142, -0.000802428112365, 0.000312202668283, -0.000124543177662, 0.00207077711821, -0.00177585543133, 0.00469951750711, -0.000431506137829, 0.000855314196087, 0.000179680180736, -0.000961615820415, -8.31471479614e-05, -0.000559376378078], [-0.000466328812763, 0.000664181017783, -0.000285983958747, 0.0010629958706, 0.000365259649698, 0.00050819903845, -0.000431506137829, 0.00633702846244, -0.000255448627286, 0.00153064203914, -0.000592304684687, -0.00108762469608, 0.00085347465938], [0.000624654523563, -0.00137967918999, 0.00124591263011, -0.000649659195915, -0.000231841419009, 6.54416771795e-06, 0.000855314196087, -0.000255448627286, 0.0105942217633, -0.00236412230879, 0.0018684869865, -0.000213409526623, -0.000986750936136], [-0.000528456876054, 0.00188926700503, -0.000899905222468, 0.000572559132706, -0.00167508155573, -0.00249223061837, 0.000179680180736, 0.00153064203914, -0.00236412230879, 0.00914235692471, -0.000173792752321, 0.00219528516755, 0.00273124570958], [0.000368387001799, -0.00058669957798, 0.000822576286737, -0.000409517902881, -0.000551565142814, -0.000584129942581, -0.000961615820415, -0.000592304684687, 0.0018684869865, -0.000173792752321, 0.0118622174487, 0.00012650982535, 0.00271416851319], [-0.000142825563671, 2.67880295723e-05, -0.000604722707067, -0.000394237082219, 0.000552509212866, -3.17493613693e-05, -8.31471479614e-05, -0.00108762469608, -0.000213409526623, 0.00219528516755, 0.00012650982535, 0.00850719492882, -0.000615203112829], [0.000102091333247, 0.000687408610247, -0.00119865080342, -0.000372384092771, -0.00155260262545, -0.000584057183005, -0.000559376378078, 0.00085347465938, -0.000986750936136, 0.00273124570958, 0.00271416851319, -0.000615203112829, 0.0117108039558]]
    },
    "melbands": {
        "mean": [0.000154936307808, 0.00167276826687, 0.000831683573779, 0.000665162340738, 0.000474704691442, 0.000491932383738, 0.000818901404273, 0.000717828865163, 0.000292558659567, 6.59248325974e-05, 2.97435180983e-05, 3.45397384081e-05, 4.45541918452e-05, 6.4429397753e-05, 8.64630565047e-05, 7.2767441452e-05, 4.84982665512e-05, 3.29909453285e-05, 2.49688691838e-05, 2.35611169046e-05, 3.30642506015e-05, 2.78150582744e-05, 2.41509387706e-05, 1.72810723598e-05, 8.06017669674e-06, 3.24368375004e-06, 1.68238636888e-06, 1.34182391776e-06, 1.45036767663e-06, 1.1442024288e-06, 8.89614284461e-07, 5.40572955288e-07, 5.42874374787e-07, 4.02715699011e-07, 4.99358861816e-07, 3.52383949576e-07, 2.77809078852e-07, 2.67223811079e-07, 1.4163100559e-07, 5.60571216113e-08],
        "stdev": [0.000211823222344, 0.00166343059391, 0.000970989174675, 0.00082433532225, 0.000699658179656, 0.000735272653401, 0.00125512445811, 0.00122546509374, 0.000647363543976, 0.000176576650119, 6.6166758188e-05, 9.08872461878e-05, 0.000126711776829, 0.000153241911903, 0.00019972010341, 0.000179328984814, 0.000136932343594, 0.000101308061858, 6.40885191387e-05, 4.79949994769e-05, 6.01804276812e-05, 4.60839546577e-05, 3.79899174732e-05, 2.93661069009e-05, 1.63932927535e-05, 8.79562139744e-06, 6.47475962978e-06, 9.71684039541e-06, 8.54793870531e-06, 6.35122705717e-06, 4.53105940323e-06, 2.35001334659e-06, 2.44718285103e-06, 2.03885747396e-06, 3.40243013852e-06, 2.26268275583e-06, 1.4174665921e-06, 1.14526733341e-06, 6.23484538664e-07, 2.49845811595e-07]
    },
    "melbands128": {
        "mean": [2.14657620745e-06, 3.41563554684e-06, 5.88646653341e-05, 0.000727037899196, 0.00210696994327, 0.00206309952773, 0.000997085939161, 0.000414863287006, 0.000548729207367, 0.000872953736689, 0.000670046487357, 0.000421999953687, 0.000458343623905, 0.00052037514979, 0.000460059818579, 0.000490705017, 0.000558935920708, 0.000879714207258, 0.00119247229304, 0.000771900115069, 0.000529229291715, 0.000462395313662, 0.000261090230197, 0.000134547663038, 8.04396622698e-05, 3.77133474103e-05, 2.7297233828e-05, 3.18883285217e-05, 2.78854604403e-05, 3.10954710585e-05, 3.66172462236e-05, 4.2061215936e-05, 4.5428841986e-05, 4.25591279054e-05, 5.72237258893e-05, 6.96236165822e-05, 7.70715196268e-05, 8.49432763061e-05, 9.55049836193e-05, 9.09402806428e-05, 6.69344153721e-05, 4.9141508498e-05, 5.02064540342e-05, 5.05464595335e-05, 3.46941524185e-05, 3.13342607114e-05, 2.78668649116e-05, 2.35721308854e-05, 2.47613315878e-05, 2.48546330113e-05, 1.94996719074e-05, 2.4937597118e-05, 3.79063749278e-05, 3.4101842175e-05, 2.88350365736e-05, 2.69684678642e-05, 2.69802367256e-05, 2.6818293918e-05, 2.18001860048e-05, 2.14384908759e-05, 1.99703190447e-05, 1.20489330584e-05, 8.83485063241e-06, 8.1667685663e-06, 4.47341517429e-06, 2.6778911888e-06, 2.97128144666e-06, 2.01491729968e-06, 1.30559124045e-06, 1.30233593154e-06, 1.16121691462e-06, 1.46179934291e-06, 1.62045637353e-06, 1.31238437007e-06, 1.54205986291e-06, 1.10046107693e-06, 1.03083254999e-06, 1.02211538433e-06, 8.87157568741e-07, 7.77913840011e-07, 5.19152138168e-07, 4.19324578615e-07, 5.7989348079e-07, 5.31037869678e-07, 5.88402997437e-07, 4.08624572401e-07, 2.96506186714e-07, 4.42740940798e-07, 6.20421701569e-07, 4.22858249749e-07, 4.30787650885e-07, 3.14158427273e-07, 2.60855955503e-07, 2.68032351869e-07, 2.94620036811e-07, 2.93957128861e-07, 2.67593947001e-07, 2.30043639249e-07, 1.49689682871e-07, 9.35947142011e-08, 6.55920260328e-08, 5.28764445562e-08, 3.93873023086e-08, 3.5859166303e-08, 3.66567540766e-08, 3.89729848393e-08, 3.60268721522e-08, 3.87432450566e-08, 3.40559793699e-08, 2.91827770837e-08, 1.88380830934e-08, 1.04182902305e-08, 6.81883793874e-09, 4.45698145057e-09, 2.08169614879e-09, 4.50403825347e-10, 1.49135329086e-10, 3.1528165495e-11, 1.28239762559e-11, 5.10197606385e-10, 7.6043766839e-09, 1.01118562412e-08, 2.92423209203e-07, 5.54823031962e-07, 4.91395679703e-09, 3.90377019599e-09, 2.60456600731e-10, 5.0792126581e-12],
        "stdev": [6.98443272995e-06, 7.63298339734e-06, 0.00012863871234, 0.000978538184427, 0.00232806405984, 0.00230531743728, 0.00161231809761, 0.000956742442213, 0.000950507528614, 0.00144514464773, 0.00120195420459, 0.000968185195234, 0.000997187220491, 0.000989726395346, 0.00090564211132, 0.00117769732606, 0.00137586169876, 0.00176493485924, 0.0026428096462, 0.00170339178294, 0.00144031026866, 0.00126042403281, 0.000765031785704, 0.000481171242427, 0.000299466599245, 0.00010465682135, 6.69471046422e-05, 9.3938804639e-05, 7.93422223069e-05, 0.000112365203677, 0.000111913781438, 0.000148904218804, 0.000176193803782, 0.000144951482071, 0.000185536628123, 0.000191760031157, 0.000266660063062, 0.000255169230513, 0.000282507884549, 0.000265906390268, 0.000220760295633, 0.000164410637808, 0.00017385497631, 0.000186144388863, 0.000133490844746, 0.00012095834245, 0.000102270896605, 7.70957703935e-05, 6.80952725816e-05, 5.66972266824e-05, 4.6838518756e-05, 5.36112311238e-05, 8.05388699519e-05, 6.901564484e-05, 5.18799279234e-05, 5.19805507793e-05, 5.03666160512e-05, 4.51640407846e-05, 3.77113683498e-05, 3.78502663807e-05, 3.82874131901e-05, 2.48960877798e-05, 1.9651322873e-05, 2.01447946893e-05, 9.6964322438e-06, 8.59003284859e-06, 1.22166484289e-05, 8.31268062029e-06, 5.42210773347e-06, 6.76302715874e-06, 1.06077268356e-05, 1.29005020426e-05, 1.04289447336e-05, 7.41211579225e-06, 1.09194388642e-05, 6.18564718025e-06, 5.83414339417e-06, 6.38534902464e-06, 4.55635108665e-06, 3.84009445042e-06, 2.26255269808e-06, 2.1772900709e-06, 2.76870036942e-06, 2.47723164648e-06, 2.93632956527e-06, 2.07782136386e-06, 1.84087900834e-06, 2.70859550255e-06, 4.47114234703e-06, 3.1675815535e-06, 3.15361580761e-06, 1.93421124095e-06, 1.51980236751e-06, 1.4246571709e-06, 1.60254523962e-06, 1.3435613937e-06, 1.17319348192e-06, 1.10720407065e-06, 6.9167623451e-07, 4.10205188928e-07, 3.12383576784e-07, 2.58602057102e-07, 1.71880799371e-07, 1.63560031297e-07, 1.69818747509e-07, 1.91773253277e-07, 1.70618761786e-07, 2.25434590106e-07, 1.59660928034e-07, 1.40570989515e-07, 8.55540776001e-08, 4.54264785787e-08, 3.33279572828e-08, 2.49514862105e-08, 1.64273981085e-08, 3.59869178901e-09, 3.60572988134e-10, 9.83492801088e-11, 8.29247503997e-11, 1.19171339463e-09, 1.10400479869e-08, 1.2470962929e-08, 7.78555673264e-08, 1.48079010387e-07, 8.01883359713e-09, 7.35826155562e-09, 6.78172906721e-10, 3.283336103e-11]
    },
    "mfcc": {
        "mean": [-748.44140625, 169.45425415, -12.209654808, 26.7241039276, 26.1814308167, -9.30700302124, -12.5275506973, 1.05473661423, -15.3502101898, -10.2257146835, 5.23070716858, 6.66215658188, -2.52517700195],
        "cov": [[10466.0654297, 1532.49609375, -2048.7902832, -8.89998817444, 143.772445679, -920.134216309, -751.836425781, 192.543533325, -458.222198486, -269.05178833, 261.883544922, 293.72567749, -91.6923370361], [1532.49609375, 4812.25585938, -876.27935791, -420.995849609, 679.380310059, -801.600402832, -396.25177002, 426.973693848, -57.1942214966, -478.126647949, 45.7939910889, -1.93716788292, 101.707641602], [-2048.7902832, -876.27935791, 1206.59057617, 227.726913452, -164.56401062, 359.736633301, 263.309509277, 8.51561164856, 165.20513916, 27.5966205597, -113.070594788, -6.51027154922, 36.9779777527], [-8.89998817444, -420.995849609, 227.726913452, 525.623535156, 189.220367432, 145.320465088, -37.1134490967, -47.2906646729, 7.65231370926, 15.3657836914, -61.5126838684, -61.3012580872, 8.68883228302], [143.772445679, 679.380310059, -164.56401062, 189.220367432, 674.812866211, 30.3818321228, -205.838638306, -96.9440307617, -22.1608047485, 11.8754673004, -39.3064613342, -84.1573867798, 24.5625953674], [-920.134216309, -801.600402832, 359.736633301, 145.320465088, 30.3818321228, 539.967468262, 118.866043091, -207.641540527, 84.2091217041, 152.87348938, -2.28110599518, -0.166887760162, 15.6958913803], [-751.836425781, -396.25177002, 263.309509277, -37.1134490967, -205.838638306, 118.866043091, 322.960021973, 18.0106277466, 39.8671989441, 55.2158584595, 13.2889766693, 51.2160377502, 12.6179332733], [192.543533325, 426.973693848, 8.51561164856, -47.2906646729, -96.9440307617, -207.641540527, 18.0106277466, 305.544342041, 21.1056346893, -158.828826904, -12.4765691757, 28.6317329407, 32.2899360657], [-458.222198486, -57.1942214966, 165.20513916, 7.65231370926, -22.1608047485, 84.2091217041, 39.8671989441, 21.1056346893, 168.181900024, 22.8944263458, -35.3602180481, -8.30948543549, 15.9132881165], [-269.05178833, -478.126647949, 27.5966205597, 15.3657836914, 11.8754673004, 152.87348938, 55.2158584595, -158.828826904, 22.8944263458, 249.324691772, 34.6957626343, -21.6797714233, -31.697719574], [261.883544922, 45.7939910889, -113.070594788, -61.5126838684, -39.3064613342, -2.28110599518, 13.2889766693, -12.4765691757, -35.3602180481, 34.6957626343, 145.152664185, 60.9787063599, -13.060418129], [293.72567749, -1.93716788292, -6.51027154922, -61.3012580872, -84.1573867798, -0.166887760162, 51.2160377502, 28.6317329407, -8.30948543549, -21.6797714233, 60.9787063599, 152.089141846, 19.7655258179], [-91.6923370361, 101.707641602, 36.9779777527, 8.68883228302, 24.5625953674, 15.6958913803, 12.6179332733, 32.2899360657, 15.9132881165, -31.697719574, -13.060418129, 19.7655258179, 79.9235305786]],
        "icov": [[0.000203351402888, -1.13374944704e-05, 0.000279372645309, -0.000238758366322, 0.000121323333587, 7.97650573077e-05, 0.000320762337651, -8.35798709886e-05, 0.000170490180608, -4.52947533631e-05, 4.37495145889e-05, -0.000538062246051, 0.000162904136232], [-1.13374944704e-05, 0.000529671728145, 5.92872238485e-05, 0.000475164386444, -0.000735418580007, 0.000441494485131, -5.88795592193e-05, -0.000215065098018, -0.000358422228601, 0.000680739351083, -0.000456488924101, 0.00017702569312, -0.000307669484755], [0.000279372645309, 5.92872238485e-05, 0.00196476560086, -0.000803617003839, 0.000355038879206, -0.000656928517856, -0.000398556323489, -0.000474308762932, -0.000498481327668, 0.000310239382088, 0.000880547275301, -0.000727099133655, 0.000243842208874], [-0.000238758366322, 0.000475164386444, -0.000803617003839, 0.00332809588872, -0.00145820074249, -0.000342009123415, -1.11140379886e-05, -0.000471592415124, 0.000200401031179, 0.000566098140553, 2.07040957321e-05, 0.00117711815983, -0.000264115136815], [0.000121323333587, -0.000735418580007, 0.000355038879206, -0.00145820074249, 0.003377427347, -0.000699135067407, 0.00137786765117, 0.000760485010687, 0.000553628138732, -0.00102898559999, 0.000775824359152, 0.000118198833661, -0.000776909466367], [7.97650573077e-05, 0.000441494485131, -0.000656928517856, -0.000342009123415, -0.000699135067407, 0.00463058147579, -0.000725450052414, 0.0025924348738, -0.00168355589267, 0.000136864953674, -0.0012008784106, -0.000338629761245, -0.00147956353612], [0.000320762337651, -5.88795592193e-05, -0.000398556323489, -1.11140379886e-05, 0.00137786765117, -0.000725450052414, 0.0058044125326, -0.00123806262854, 0.000794532359578, -0.00172847718932, 0.000181510898983, -0.00182127126027, -0.000432278640801], [-8.35798709886e-05, -0.000215065098018, -0.000474308762932, -0.000471592415124, 0.000760485010687, 0.0025924348738, -0.00123806262854, 0.00754726305604, -0.00210652640089, 0.00316022941843, -0.000877537648194, 0.000274455582257, -0.00168653903529], [0.000170490180608, -0.000358422228601, -0.000498481327668, 0.000200401031179, 0.000553628138732, -0.00168355589267, 0.000794532359578, -0.00210652640089, 0.00850605033338, -0.002134275157, 0.00213222182356, -0.000493305618875, -0.000322978885379], [-4.52947533631e-05, 0.000680739351083, 0.000310239382088, 0.000566098140553, -0.00102898559999, 0.000136864953674, -0.00172847718932, 0.00316022941843, -0.002134275157, 0.00841621868312, -0.00268250331283, 0.00177806487773, 0.00104689423461], [4.37495145889e-05, -0.000456488924101, 0.000880547275301, 2.07040957321e-05, 0.000775824359152, -0.0012008784106, 0.000181510898983, -0.000877537648194, 0.00213222182356, -0.00268250331283, 0.0109377913177, -0.00441504549235, 0.0019355379045], [-0.000538062246051, 0.00017702569312, -0.000727099133655, 0.00117711815983, 0.000118198833661, -0.000338629761245, -0.00182127126027, 0.000274455582257, -0.000493305618875, 0.00177806487773, -0.00441504549235, 0.0110843051225, -0.0030865825247], [0.000162904136232, -0.000307669484755, 0.000243842208874, -0.000264115136815, -0.000776909466367, -0.00147956353612, -0.000432278640801, -0.00168653903529, -0.000322978885379, 0.00104689423461, 0.0019355379045, -0.0030865825247, 0.015844354406]]
    },
    "spectral_contrast_coeffs": {
        "mean": [-0.651659548283, -0.71882802248, -0.804993987083, -0.79694545269, -0.721390902996, -0.802851557732],
        "stdev": [0.126472964883, 0.107048340142, 0.0771445706487, 0.0658456608653, 0.104316070676, 0.0450490303338]
    },
    "spectral_contrast_valleys": {
        "mean": [-7.562707901, -7.26848554611, -8.24870967865, -8.19167518616, -8.99433708191, -11.8880872726],
        "stdev": [1.44375014305, 1.60304427147, 1.51911497116, 1.57512712479, 1.43781602383, 1.35295546055]
    }
},
"rhythm": {
    "beats_count": 142,
    "beats_loudness": {
        "mean": 0.0364089012146,
        "stdev": 0.0182583946735
    },
    "bpm": 139.657043457,
    "bpm_histogram_first_peak_bpm": 140,
    "bpm_histogram_first_peak_weight": 0.630434751511,
    "bpm_histogram_second_peak_bpm": 133,
    "bpm_histogram_second_peak_spread": 0.466666698456,
    "bpm_histogram_second_peak_weight": 0.113475173712,
    "danceability": 1.56425702572,
    "onset_rate": 5.6659784317,
    "beats_loudness_band_ratio": {
        "mean": [0.316186577082, 0.206535428762, 0.300499767065, 0.0978043600917, 0.0874170958996, 0.0379884950817],
        "stdev": [0.196254655719, 0.13436460495, 0.210720896721, 0.0835680961609, 0.0795827582479, 0.12461117655]
    },
    "beats_position": [0.476009070873, 0.952018141747, 1.4164172411, 1.88081634045, 2.34521532059, 2.7863945961, 3.23918366432, 3.69197273254, 4.17959165573, 4.6439909935, 5.10838985443, 5.5727891922, 6.01396799088, 6.46675729752, 6.93115615845, 7.38394546509, 7.77868461609, 8.17342376709, 8.55655288696, 8.93968200684, 9.33442115784, 9.75238037109, 10.1355104446, 10.5186395645, 10.9133787155, 11.3081178665, 11.6912469864, 12.0743761063, 12.4923353195, 12.8870744705, 13.2934236526, 13.722992897, 14.1641721725, 14.5937414169, 15.0349206924, 15.4877090454, 15.9521083832, 16.4048976898, 16.8344669342, 17.2756462097, 17.7052154541, 18.1347846985, 18.5527439117, 18.970703125, 19.4002723694, 19.8298416138, 20.247800827, 20.6773700714, 21.1882076263, 21.6642169952, 22.1518363953, 22.6510658264, 23.1502952576, 23.6611328125, 24.0790920258, 24.5202713013, 24.9382305145, 25.3445796967, 25.7857589722, 26.168888092, 26.5752372742, 27.0048065186, 27.4227657318, 27.8407249451, 28.2586841583, 28.6882534027, 29.1178226471, 29.5357818604, 29.9073009491, 30.2788200378, 30.6503391266, 31.0334682465, 31.4165973663, 31.8113365173, 32.2060775757, 32.5892066956, 32.9723358154, 33.3670730591, 33.7734222412, 34.1449432373, 34.5745124817, 35.0273017883, 35.480091095, 35.9212684631, 36.362449646, 36.8036270142, 37.244808197, 37.6975975037, 38.1503829956, 38.6147842407, 38.9863014221, 39.3578224182, 39.7293434143, 40.1356925964, 40.5652618408, 40.9948310852, 41.4360084534, 41.8423576355, 42.2370948792, 42.6318359375, 43.0033569336, 43.4097061157, 43.8160552979, 44.2107925415, 44.5823135376, 44.9422225952, 45.2905197144, 45.6272087097, 45.9755096436, 46.3702468872, 46.7649879456, 47.1713371277, 47.5776863098, 47.9840354919, 48.4019927979, 48.80834198, 49.2263031006, 49.6326522827, 50.0390014648, 50.445350647, 50.8284797668, 51.2000007629, 51.5599098206, 51.931427002, 52.3726081848, 52.8253974915, 53.2897949219, 53.7541923523, 54.2185935974, 54.6829910278, 55.1357803345, 55.6001815796, 56.0529708862, 56.5057601929, 56.9585494995, 57.3997268677, 57.8292961121, 58.247253418, 58.6768226624, 59.1063919067, 59.5591812134, 60.0003623962],
    "bpm_histogram": [0, 0, 0, 0, 0, 0, 0, 0, 0, 0, 0, 0, 0, 0, 0, 0, 0, 0, 0, 0, 0, 0, 0, 0, 0, 0, 0, 0, 0, 0, 0, 0, 0, 0, 0, 0, 0, 0, 0, 0, 0, 0, 0, 0, 0, 0, 0, 0, 0, 0, 0, 0, 0, 0, 0, 0, 0, 0, 0, 0, 0, 0, 0, 0, 0, 0, 0, 0, 0, 0, 0, 0, 0, 0, 0, 0, 0, 0, 0, 0, 0, 0, 0, 0, 0, 0, 0, 0, 0, 0, 0, 0, 0, 0, 0, 0, 0, 0, 0, 0, 0, 0, 0, 0, 0, 0, 0, 0, 0, 0, 0, 0, 0, 0, 0, 0, 0, 0.014184396714, 0, 0, 0.014184396714, 0, 0, 0.014184396714, 0, 0, 0.014184396714, 0, 0, 0.0992907807231, 0, 0, 0, 0.113475173712, 0, 0, 0.106382980943, 0, 0, 0, 0.120567373931, 0, 0, 0, 0.0992907807231, 0, 0, 0, 0.106382980943, 0, 0, 0, 0.0992907807231, 0, 0, 0, 0, 0.0851063802838, 0, 0, 0, 0.0780141875148, 0, 0, 0, 0, 0, 0.014184396714, 0, 0, 0, 0, 0.014184396714, 0, 0, 0, 0, 0, 0.00709219835699, 0, 0, 0, 0, 0, 0, 0, 0, 0, 0, 0, 0, 0, 0, 0, 0, 0, 0, 0, 0, 0, 0, 0, 0, 0, 0, 0, 0, 0, 0, 0, 0, 0, 0, 0, 0, 0, 0, 0, 0, 0, 0, 0, 0, 0, 0, 0, 0, 0, 0, 0, 0, 0, 0, 0, 0, 0, 0, 0, 0, 0, 0, 0, 0, 0, 0, 0, 0, 0, 0, 0]
},
"tonal": {
    "chords_changes_rate": 0.159108385444,
    "chords_number_rate": 0.0115295927972,
    "chords_strength": {
        "mean": 0.44538334012,
        "stdev": 0.0759728699923
    },
    "hpcp_crest": {
        "mean": 11.6235933304,
        "stdev": 5.95835971832
    },
    "hpcp_entropy": {
        "mean": 2.31370520592,
        "stdev": 0.800570189953
    },
    "key_edma": {
        "strength": 0.307944267988,
        "key": "G",
        "scale": "minor"
    },
    "key_krumhansl": {
        "strength": 0.304685115814,
        "key": "G",
        "scale": "minor"
    },
    "key_temperley": {
        "strength": 0.292384237051,
        "key": "G",
        "scale": "minor"
    },
    "tuning_diatonic_strength": 0.334474980831,
    "tuning_equal_tempered_deviation": 0.241105750203,
    "tuning_frequency": 452.108886719,
    "tuning_nontempered_energy_ratio": 0.894993245602,
    "hpcp": {
        "mean": [0.158687189221, 0.159390345216, 0.18205268681, 0.177068278193, 0.132315427065, 0.10576620698, 0.109555326402, 0.117240063846, 0.106715023518, 0.103199988604, 0.110951900482, 0.117371857166, 0.109367415309, 0.091618001461, 0.0944319665432, 0.102339394391, 0.102947428823, 0.0939202979207, 0.0891856998205, 0.0913668647408, 0.0953547358513, 0.105200566351, 0.10951230675, 0.102712385356, 0.0958798527718, 0.10784932971, 0.130550578237, 0.154803782701, 0.18101015687, 0.192334875464, 0.191041380167, 0.176255226135, 0.165018990636, 0.178876191378, 0.190549910069, 0.177814632654],
        "stdev": [0.274086147547, 0.275328308344, 0.30017337203, 0.288903474808, 0.242588847876, 0.211265102029, 0.218341693282, 0.232125580311, 0.217615157366, 0.210799604654, 0.203281775117, 0.207948550582, 0.201635211706, 0.172559127212, 0.181757628918, 0.18409883976, 0.177141979337, 0.160075888038, 0.160196170211, 0.164299741387, 0.165582254529, 0.177120134234, 0.202439308167, 0.193181321025, 0.18279363215, 0.202756807208, 0.239652216434, 0.261115938425, 0.284053474665, 0.298921316862, 0.302454799414, 0.27781906724, 0.277473628521, 0.293160587549, 0.305757492781, 0.294836342335]
    },
    "chords_histogram": [2.38278245926, 0, 0, 4.91929292679, 5.99538803101, 7.99385070801, 1.53727900982, 7.07148361206, 4.15065336227, 0.307455807924, 15.987701416, 5.07302093506, 4.45810937881, 0.614911615849, 0, 6.14911603928, 0.0768639519811, 11.0684089661, 0.0768639519811, 0, 5.14988470078, 11.6833209991, 5.30361270905, 0],
    "thpcp": [1, 0.993274748325, 0.916397631168, 0.857977449894, 0.93002474308, 0.990719497204, 0.924505412579, 0.825056731701, 0.828712642193, 0.946540176868, 0.920624911785, 0.68794298172, 0.549906551838, 0.569607198238, 0.609562158585, 0.554839670658, 0.53656411171, 0.576868355274, 0.610247373581, 0.568630158901, 0.476346284151, 0.490976810455, 0.532089650631, 0.535250961781, 0.48831653595, 0.463700085878, 0.475040555, 0.495774537325, 0.546965658665, 0.569383502007, 0.534028947353, 0.498504757881, 0.560737252235, 0.678767085075, 0.804865896702, 0.941119790077],
    "chords_key": "F#",
    "chords_scale": "minor"
}
}