{
"metadata": {
    "version": {
        "essentia": "2.1-dev",
        "essentia_git_sha": "v2.1_beta3-415-gd5473f3",
        "extractor": "music 2.0"
    },
    "audio_properties": {
        "analysis": {
            "equal_loudness": 0,
            "length": 61.0742874146,
            "sample_rate": 44100,
            "start_time": 0,
            "downmix": "mix"
        },
        "bit_rate": 192000,
        "length": 61.0742874146,
        "lossless": 0,
        "number_channels": 2,
        "replay_gain": -5.95834159851,
        "sample_rate": 44100,
        "codec": "mp3",
        "md5_encoded": "a102e3724224966b3a1a665007e6a6fe"
    },
    "tags": {
        "file_name": "monologo_hombre_06.mp3",
        "date": ["2004"],
        "engineer": ["rosamerica tamyo"]
    }
},
"lowlevel": {
    "average_loudness": 0.972326934338,
    "barkbands_crest": {
        "mean": 10.0885276794,
        "stdev": 3.93841505051
    },
    "barkbands_flatness_db": {
        "mean": 0.177339404821,
        "stdev": 0.0623783320189
    },
    "barkbands_kurtosis": {
        "mean": 9.04318809509,
        "stdev": 16.9365577698
    },
    "barkbands_skewness": {
        "mean": 1.60168159008,
        "stdev": 1.91047275066
    },
    "barkbands_spread": {
        "mean": 26.0192279816,
        "stdev": 29.1907367706
    },
    "dissonance": {
        "mean": 0.435393959284,
        "stdev": 0.0538324676454
    },
    "dynamic_complexity": 4.44212007523,
    "erbbands_crest": {
        "mean": 10.0045967102,
        "stdev": 3.6553208828
    },
    "erbbands_flatness_db": {
        "mean": 0.189415901899,
        "stdev": 0.0521144010127
    },
    "erbbands_kurtosis": {
        "mean": 2.23525238037,
        "stdev": 4.66703128815
    },
    "erbbands_skewness": {
        "mean": 0.51992303133,
        "stdev": 1.20956432819
    },
    "erbbands_spread": {
        "mean": 32.6847686768,
        "stdev": 22.5429897308
    },
    "hfc": {
        "mean": 15.4073762894,
        "stdev": 14.4242677689
    },
    "loudness_ebu128": {
        "integrated": -18.6291790009,
        "loudness_range": 1.9168548584,
        "momentary": {
            "mean": -19.5101547241,
            "stdev": 3.26085138321
        },
        "short_term": {
            "mean": -18.8798217773,
            "stdev": 0.6428835392
        }
    },
    "melbands_crest": {
        "mean": 13.8563432693,
        "stdev": 5.36461544037
    },
    "melbands_flatness_db": {
        "mean": 0.259888678789,
        "stdev": 0.0960864722729
    },
    "melbands_kurtosis": {
        "mean": 15.6045560837,
        "stdev": 34.4885597229
    },
    "melbands_skewness": {
        "mean": 2.41071009636,
        "stdev": 2.02869677544
    },
    "melbands_spread": {
        "mean": 26.2305583954,
        "stdev": 35.8177490234
    },
    "pitch_salience": {
        "mean": 0.637130260468,
        "stdev": 0.151515051723
    },
    "silence_rate_20dB": {
        "mean": 1,
        "stdev": 0
    },
    "silence_rate_30dB": {
        "mean": 1,
        "stdev": 0
    },
    "silence_rate_60dB": {
        "mean": 0.192629173398,
        "stdev": 0.394367337227
    },
    "spectral_centroid": {
        "mean": 1343.76855469,
        "stdev": 1052.10290527
    },
    "spectral_complexity": {
        "mean": 12.468085289,
        "stdev": 9.31089401245
    },
    "spectral_decrease": {
        "mean": -5.50138157251e-09,
        "stdev": 4.68872940473e-09
    },
    "spectral_energy": {
        "mean": 0.022160936147,
        "stdev": 0.0187967922539
    },
    "spectral_energyband_high": {
        "mean": 0.000426481594332,
        "stdev": 0.000873094366398
    },
    "spectral_energyband_low": {
        "mean": 0.0043470133096,
        "stdev": 0.00410531787202
    },
    "spectral_energyband_middle_high": {
        "mean": 0.00392486387864,
        "stdev": 0.0051059955731
    },
    "spectral_energyband_middle_low": {
        "mean": 0.0140402428806,
        "stdev": 0.0133346589282
    },
    "spectral_entropy": {
        "mean": 7.17376708984,
        "stdev": 0.661505997181
    },
    "spectral_flux": {
        "mean": 0.0887155383825,
        "stdev": 0.0515909790993
    },
    "spectral_kurtosis": {
        "mean": 9.72573184967,
        "stdev": 8.50156879425
    },
    "spectral_rms": {
        "mean": 0.00402827560902,
        "stdev": 0.0023223743774
    },
    "spectral_rolloff": {
        "mean": 3248.90307617,
        "stdev": 5468.82861328
    },
    "spectral_skewness": {
        "mean": 1.97590506077,
        "stdev": 1.04343998432
    },
    "spectral_spread": {
        "mean": 3734952.5,
        "stdev": 1875959.625
    },
    "spectral_strongpeak": {
        "mean": 1.18772423267,
        "stdev": 1.15121114254
    },
    "zerocrossingrate": {
        "mean": 0.114254102111,
        "stdev": 0.150938719511
    },
    "barkbands": {
        "mean": [4.54281325801e-06, 0.000952730129939, 0.00288541102782, 0.000781797105446, 0.00315617467277, 0.00273014651611, 0.00273850490339, 0.00256537739187, 0.00192349462304, 0.000572482182179, 0.000562192522921, 0.000769797945395, 0.000465923163574, 0.000366202468285, 0.000243990027229, 0.000191067359992, 0.000278464634903, 0.000111656190711, 0.00033530764631, 0.000222272021347, 9.8194097518e-05, 8.12710059108e-05, 5.65606751479e-05, 2.95384743367e-05, 9.15380587685e-06, 7.06405080564e-06, 2.16356511373e-05],
        "stdev": [9.56041276368e-06, 0.00153246533591, 0.00318078999408, 0.00143732817378, 0.00414449116215, 0.00422454625368, 0.00478134909645, 0.00516580091789, 0.0048353029415, 0.00154465436935, 0.00151410209946, 0.00188476988114, 0.0012190596899, 0.00114793202374, 0.00078699819278, 0.000479033013107, 0.00046265128185, 0.000210132100619, 0.000567341747228, 0.00038807457895, 0.000218429471715, 0.0003180623753, 0.000223618189921, 0.000115778966574, 3.23221320286e-05, 1.78866830538e-05, 6.10892902841e-06]
    },
    "erbbands": {
        "mean": [0.00660012941808, 0.328964948654, 2.89152050018, 3.25389003754, 5.41137695312, 11.8286886215, 15.4032669067, 25.3253936768, 37.4723548889, 47.3289070129, 55.5186538696, 46.1870346069, 19.2126922607, 20.3424167633, 27.4184932709, 29.5726070404, 21.6192874908, 20.2543392181, 16.1998138428, 11.1575050354, 11.4041614532, 15.2304477692, 7.01175451279, 12.2378110886, 17.083108902, 9.51401042938, 7.47997236252, 2.19622588158, 2.66993546486, 2.65901756287, 1.52251803875, 0.721773862839, 0.433176934719, 0.133201003075, 0.0566018857062, 0.0398330800235, 0.0112332617864, 0.000698360381648, 0.00100755528547, 0.00067275686888],
        "stdev": [0.010994259268, 0.467453926802, 3.19976520538, 4.09949350357, 7.9486656189, 18.7901763916, 26.9764518738, 43.2152175903, 64.8759994507, 88.5275802612, 111.064102173, 118.6823349, 48.815990448, 53.7413024902, 68.3756103516, 68.9587097168, 52.6968078613, 55.7720336914, 53.8311920166, 32.72082901, 24.3737258911, 25.2279548645, 12.1840047836, 23.7100105286, 29.183965683, 16.0826950073, 14.0702209473, 6.99116659164, 11.0464448929, 9.55379676819, 6.60005807877, 3.13304662704, 1.62945747375, 0.484765738249, 0.194112464786, 0.105651222169, 0.0290180556476, 0.00165722088423, 0.000289063464152, 0.000185303942999]
    },
    "gfcc": {
        "mean": [-77.4681549072, 93.8162155151, -92.6774291992, 17.6370124817, -40.1111755371, -24.8954963684, -23.8941574097, -7.5361571312, -17.0053119659, -5.36098957062, -2.7076292038, -12.2388372421, -7.61467170715],
        "cov": [[13334.0917969, 2281.4831543, -2897.96948242, -373.434387207, -1572.87561035, -433.624511719, -956.840942383, 575.782043457, -1141.54956055, 149.058609009, -604.935119629, 19.355840683, -783.708251953], [2281.4831543, 3430.52612305, -155.28616333, -1181.12805176, -7.14531946182, -659.573120117, 9.36544036865, -99.6890792847, -415.671264648, -310.653259277, -73.1622314453, -46.9636726379, -38.7218666077], [-2897.96948242, -155.28616333, 1385.39123535, 298.01739502, 258.279541016, 108.998298645, 148.393234253, -154.644577026, 216.840438843, -114.601593018, 128.063949585, 78.2829818726, 186.124771118], [-373.434387207, -1181.12805176, 298.01739502, 1160.84020996, 139.377761841, 49.5695533752, -204.826568604, -43.3091545105, 158.93006897, 115.191558838, 73.2617492676, 30.4776973724, 59.5673980713], [-1572.87561035, -7.14531946182, 258.279541016, 139.377761841, 666.811523438, -16.6495685577, -59.4449424744, -128.365158081, 172.193435669, 28.2446975708, 105.190979004, -54.2604446411, 124.338485718], [-433.624511719, -659.573120117, 108.998298645, 49.5695533752, -16.6495685577, 517.379760742, 117.587356567, 25.6298484802, 118.319480896, 64.4127502441, -4.31737375259, 40.6856613159, -39.8024559021], [-956.840942383, 9.36544036865, 148.393234253, -204.826568604, -59.4449424744, 117.587356567, 511.531463623, 49.8270072937, -2.34043216705, -43.5131492615, 39.513961792, 25.5503368378, 32.4753837585], [575.782043457, -99.6890792847, -154.644577026, -43.3091545105, -128.365158081, 25.6298484802, 49.8270072937, 243.489898682, -51.1808662415, 9.85129833221, -29.9333343506, -3.82884216309, -49.5994377136], [-1141.54956055, -415.671264648, 216.840438843, 158.93006897, 172.193435669, 118.319480896, -2.34043216705, -51.1808662415, 298.447235107, 45.0293083191, 54.4596214294, -24.7024078369, 51.7961997986], [149.058609009, -310.653259277, -114.601593018, 115.191558838, 28.2446975708, 64.4127502441, -43.5131492615, 9.85129833221, 45.0293083191, 173.984893799, -3.15950584412, -39.7732009888, -34.9128608704], [-604.935119629, -73.1622314453, 128.063949585, 73.2617492676, 105.190979004, -4.31737375259, 39.513961792, -29.9333343506, 54.4596214294, -3.15950584412, 132.803512573, -3.74364256859, 23.9965724945], [19.355840683, -46.9636726379, 78.2829818726, 30.4776973724, -54.2604446411, 40.6856613159, 25.5503368378, -3.82884216309, -24.7024078369, -39.7732009888, -3.74364256859, 135.353744507, 1.99471890926], [-783.708251953, -38.7218666077, 186.124771118, 59.5673980713, 124.338485718, -39.8024559021, 32.4753837585, -49.5994377136, 51.7961997986, -34.9128608704, 23.9965724945, 1.99471890926, 165.359802246]],
        "icov": [[0.0013149806764, -0.00168620282784, 0.00187964295037, -0.00186187727377, 0.00184837577399, -0.00153855385724, 0.00170025590342, -0.00148028379772, 0.00134259788319, -0.00116350222379, 0.00113811774645, -0.000680936092976, 0.00103115697857], [-0.00168620282784, 0.00301804416813, -0.00260564545169, 0.00314051914029, -0.0026587001048, 0.00280080200173, -0.00210014288314, 0.00225035543554, -0.00111050310079, 0.00213067582808, -0.00123658264056, 0.00104092771653, -0.000757996109314], [0.00187964295037, -0.00260564545169, 0.00391485402361, -0.00310433655977, 0.00258805113845, -0.00258492073044, 0.00211234577, -0.00179123040289, 0.00129754259251, -0.000948877772316, 0.00117190135643, -0.00139333761763, 0.000729683320969], [-0.00186187727377, 0.00314051914029, -0.00310433655977, 0.004526801873, -0.00277115963399, 0.00290940864943, -0.00172131054569, 0.00219570868649, -0.00162393285427, 0.00120981258806, -0.00199497607537, 0.000558189407457, -0.00139778503217], [0.00184837577399, -0.0026587001048, 0.00258805113845, -0.00277115963399, 0.00504852412269, -0.0024289956782, 0.00276080914773, -0.00162836525124, 0.00102946523111, -0.002274596598, 0.000239546672674, -0.000346441782312, -2.18592977035e-05], [-0.00153855385724, 0.00280080200173, -0.00258492073044, 0.00290940864943, -0.0024289956782, 0.00532295741141, -0.00261496705934, 0.00187282415573, -0.00220535160042, 0.000959615688771, -0.000422931276262, -0.000133020163048, 0.000364842620911], [0.00170025590342, -0.00210014288314, 0.00211234577, -0.00172131054569, 0.00276080914773, -0.00261496705934, 0.00493371253833, -0.00254310690798, 0.00203229859471, -0.00143844587728, 0.000218258079258, -0.000968225300312, 0.000411512883147], [-0.00148028379772, 0.00225035543554, -0.00179123040289, 0.00219570868649, -0.00162836525124, 0.00187282415573, -0.00254310690798, 0.00683458521962, -0.00100101984572, 0.00168525602203, -0.000803942151833, 0.00128595368005, -0.000268315983703], [0.00134259788319, -0.00111050310079, 0.00129754259251, -0.00162393285427, 0.00102946523111, -0.00220535160042, 0.00203229859471, -0.00100101984572, 0.00709093967453, -0.00157288694754, 0.000391286535887, 0.000535363680683, 0.000606843270361], [-0.00116350222379, 0.00213067582808, -0.000948877772316, 0.00120981258806, -0.002274596598, 0.000959615688771, -0.00143844587728, 0.00168525602203, -0.00157288694754, 0.009939417243, -0.000449140410637, 0.00290788291022, 0.00096745963674], [0.00113811774645, -0.00123658264056, 0.00117190135643, -0.00199497607537, 0.000239546672674, -0.000422931276262, 0.000218258079258, -0.000803942151833, 0.000391286535887, -0.000449140410637, 0.0109847076237, -0.000449333689176, 0.00213205674663], [-0.000680936092976, 0.00104092771653, -0.00139333761763, 0.000558189407457, -0.000346441782312, -0.000133020163048, -0.000968225300312, 0.00128595368005, 0.000535363680683, 0.00290788291022, -0.000449333689176, 0.00959288422018, -0.000416160037275], [0.00103115697857, -0.000757996109314, 0.000729683320969, -0.00139778503217, -2.18592977035e-05, 0.000364842620911, 0.000411512883147, -0.000268315983703, 0.000606843270361, 0.00096745963674, 0.00213205674663, -0.000416160037275, 0.0100919650868]]
    },
    "melbands": {
        "mean": [0.000149082479766, 0.00115552928764, 0.000594137702137, 0.000655754702166, 0.000545279413927, 0.000564773217775, 0.000568508170545, 0.000532952486537, 0.000458033580799, 0.000263359921519, 8.89505245141e-05, 8.10310521047e-05, 8.40540451463e-05, 9.13909534574e-05, 5.74898404011e-05, 4.60314040538e-05, 3.58898869308e-05, 2.73655859928e-05, 1.64833945746e-05, 1.33758376251e-05, 1.35811815198e-05, 1.71655156009e-05, 9.68474796537e-06, 4.49500021205e-06, 1.03369266071e-05, 1.29782702061e-05, 9.60875968303e-06, 5.8473124227e-06, 6.05065497439e-06, 1.95095958588e-06, 9.97264010039e-07, 1.43761815252e-06, 1.7069844489e-06, 1.34469871682e-06, 9.92799641608e-07, 5.25442317212e-07, 4.01307630682e-07, 3.35928206141e-07, 1.9103491411e-07, 8.48004049203e-08],
        "stdev": [0.000247349671554, 0.00125201989431, 0.000627960136626, 0.000963458616752, 0.000863846857101, 0.000899311038665, 0.000964963983279, 0.00100851978641, 0.000944019353483, 0.000692291709129, 0.000238717024331, 0.00022086763056, 0.000222057948122, 0.000223352850298, 0.000142032920849, 0.000126103608636, 0.000106268198579, 9.97419047053e-05, 5.25650320924e-05, 3.87578511436e-05, 2.88929950329e-05, 2.952486102e-05, 1.84434120456e-05, 8.65087167767e-06, 2.16593634832e-05, 2.32470483752e-05, 1.72332020156e-05, 1.12511652333e-05, 1.19469150377e-05, 5.39599659533e-06, 3.97900521421e-06, 6.36781896901e-06, 6.71356565363e-06, 4.75064052807e-06, 4.44881379735e-06, 2.62831076725e-06, 1.73596106379e-06, 1.30704097501e-06, 7.0971441346e-07, 3.49996696514e-07]
    },
    "melbands128": {
        "mean": [2.98184932035e-06, 1.19020123748e-05, 8.64763060235e-05, 0.000629596586805, 0.00145117228385, 0.00132962048519, 0.000680257740896, 0.000324425956933, 0.000486051780172, 0.000815774546936, 0.000695403839927, 0.00055475498084, 0.00050634238869, 0.000517098698765, 0.000593045086134, 0.000551257107873, 0.000591702177189, 0.00059967848938, 0.000489581609145, 0.000521787558682, 0.0006056742277, 0.000473863183288, 0.000442868622486, 0.000444605131634, 0.000348385830875, 0.00017883523833, 9.6162490081e-05, 7.40343457437e-05, 8.95535995369e-05, 8.43902671477e-05, 7.89918340161e-05, 7.26761427359e-05, 7.98425462563e-05, 9.40203171922e-05, 0.000101928140793, 9.11006427486e-05, 7.80136324465e-05, 5.62405257369e-05, 4.55197478004e-05, 4.40216499555e-05, 4.79620139231e-05, 4.63811265945e-05, 3.85505336453e-05, 2.71493354376e-05, 3.07542723021e-05, 3.02211392409e-05, 2.08499841392e-05, 1.57997310453e-05, 1.49960169438e-05, 1.45259600686e-05, 1.38770974445e-05, 1.13842370411e-05, 1.13633514047e-05, 1.47063628901e-05, 1.81846407941e-05, 1.83714837476e-05, 1.57648701133e-05, 1.24609614431e-05, 7.26587495592e-06, 4.55542840427e-06, 3.26102326653e-06, 4.48730270364e-06, 9.36680316954e-06, 1.22548481158e-05, 1.1713740605e-05, 1.18734033094e-05, 1.48881990754e-05, 1.41775462907e-05, 7.58563419367e-06, 4.44030320068e-06, 5.16433601661e-06, 6.42472241452e-06, 8.67890867084e-06, 6.09249309491e-06, 3.10163500217e-06, 2.11128690353e-06, 1.44581929362e-06, 8.8867022896e-07, 7.99660540451e-07, 1.24327675621e-06, 1.3735950688e-06, 1.46782406318e-06, 1.76324772383e-06, 1.57189595029e-06, 1.93569690055e-06, 1.51465053477e-06, 1.01130046914e-06, 1.22214578369e-06, 1.17493675589e-06, 6.73982185617e-07, 5.6346857491e-07, 5.03074147673e-07, 4.25626581091e-07, 3.87573891203e-07, 4.15538124798e-07, 3.39284042639e-07, 3.50203663402e-07, 2.71997492973e-07, 2.19383366584e-07, 1.23802394114e-07, 1.04564499281e-07, 7.60723892768e-08, 6.87506869212e-08, 5.59134178957e-08, 5.33060600105e-08, 6.43364472808e-08, 7.1392072698e-08, 7.97962229626e-08, 7.62422729395e-08, 6.4094869856e-08, 5.62109647717e-08, 4.59637199413e-08, 3.34873782037e-08, 2.42992577171e-08, 1.32220607796e-08, 2.15243667334e-09, 6.34313643277e-11, 1.10693633079e-11, 1.06135846639e-11, 5.20968435058e-10, 5.88228621368e-09, 7.82297959745e-09, 2.95353686397e-07, 5.59746013096e-07, 4.22775903175e-09, 3.35011796082e-09, 2.65065275284e-10, 5.94497758313e-12],
        "stdev": [5.18613569511e-06, 2.69080319413e-05, 0.000238787630224, 0.00100747460965, 0.00178973027505, 0.00150858738925, 0.0010277973488, 0.000631572096609, 0.000906811153982, 0.00163700478151, 0.00149453291669, 0.00124003307428, 0.00120148004498, 0.00122085027397, 0.00139643950388, 0.00111126631964, 0.00128721958026, 0.00143115827814, 0.00128791329917, 0.00130295311101, 0.00168162945192, 0.00122212676797, 0.00128882797435, 0.00142547662836, 0.00121404021047, 0.000641551567242, 0.00036550994264, 0.000264148548013, 0.000307839509333, 0.000289318762952, 0.000276460166788, 0.000230663237744, 0.000305288849631, 0.000283311732346, 0.000356137898052, 0.000258297979599, 0.000242761117988, 0.000169658742379, 0.000152043357957, 0.00015034651733, 0.000170746367075, 0.000176327564986, 0.000134499627165, 0.000100117082184, 0.000150586784002, 0.000134532878292, 8.1792313722e-05, 5.94329867454e-05, 5.97058351559e-05, 5.47804083908e-05, 4.6908378863e-05, 3.39329126291e-05, 3.49539986928e-05, 3.38396748703e-05, 3.86445863114e-05, 3.69096742361e-05, 3.2942967664e-05, 2.76222781395e-05, 1.6345305994e-05, 1.042509939e-05, 6.71955740472e-06, 1.01739378806e-05, 2.22249836952e-05, 2.98447339446e-05, 2.6254905606e-05, 2.48070373345e-05, 3.1656712963e-05, 2.83044082607e-05, 1.60259260156e-05, 9.39625169849e-06, 1.1287867892e-05, 1.42402359415e-05, 1.94016574824e-05, 1.36347662192e-05, 7.50212075218e-06, 6.41806400381e-06, 5.50068989469e-06, 3.49673587152e-06, 3.60350918527e-06, 5.99115992372e-06, 6.79023469274e-06, 7.0478181442e-06, 8.08250570117e-06, 6.65516063236e-06, 7.9420133261e-06, 5.67131291973e-06, 3.58165152647e-06, 4.98821600559e-06, 5.83545488553e-06, 3.55535985364e-06, 3.08111839331e-06, 2.89628451355e-06, 1.95734810404e-06, 1.84875011655e-06, 1.88879391771e-06, 1.36192636546e-06, 1.48227809404e-06, 1.10696066713e-06, 9.0649990625e-07, 4.51616671171e-07, 4.33802341604e-07, 3.71982537217e-07, 2.88049932351e-07, 2.19185849915e-07, 2.17108009792e-07, 2.12090554896e-07, 2.2725640747e-07, 2.25734765991e-07, 2.00219616886e-07, 1.97992847006e-07, 1.79374282538e-07, 1.30342030502e-07, 9.37647257615e-08, 6.21291462721e-08, 3.91951786582e-08, 7.70393171479e-09, 2.22140222883e-10, 4.97305772951e-11, 5.79765367659e-11, 1.27004662343e-09, 1.02166861637e-08, 1.2324016474e-08, 8.50252135365e-08, 1.62495538802e-07, 7.89786280819e-09, 6.82993084311e-09, 7.03951064107e-10, 7.60849369619e-11]
    },
    "mfcc": {
        "mean": [-737.354370117, 143.927246094, 0.233836472034, 39.5696105957, -0.255203932524, -7.03403997421, -0.33928707242, -6.95189380646, -9.11379241943, 0.196008235216, -4.25721311569, 0.107715860009, 6.96485853195],
        "cov": [[13825.4013672, 1717.4699707, -2187.88867188, -296.036773682, -1173.27319336, -1154.65368652, -324.213592529, -302.31652832, -596.313049316, -114.450363159, -301.56362915, -61.1198272705, 4.43912935257], [1717.4699707, 4277.86230469, -519.452270508, -525.910949707, -417.776031494, -657.280700684, 136.621185303, -97.6584091187, -140.151809692, -432.796600342, -257.523284912, -52.7028999329, 126.598144531], [-2187.88867188, -519.452270508, 1212.28259277, 198.239868164, 119.902626038, 275.593017578, 18.6102981567, 175.546783447, 95.875038147, -42.3093795776, 6.66792440414, 28.6945667267, 25.0603122711], [-296.036773682, -525.910949707, 198.239868164, 822.269287109, 324.85546875, 6.53991270065, -52.2234191895, -92.9373703003, -61.7408485413, 48.1983261108, -85.9510116577, -36.6595573425, 22.1870574951], [-1173.27319336, -417.776031494, 119.902626038, 324.85546875, 808.52154541, 199.483108521, -156.921585083, -116.54876709, -19.1812458038, 99.8193664551, 3.82247805595, -20.2329788208, -17.322479248], [-1154.65368652, -657.280700684, 275.593017578, 6.53991270065, 199.483108521, 515.695739746, 6.90756702423, 41.3380737305, 90.0956420898, 42.0459747314, 128.611679077, 49.5157394409, -21.6717853546], [-324.213592529, 136.621185303, 18.6102981567, -52.2234191895, -156.921585083, 6.90756702423, 303.602203369, 95.4145507812, 44.4874572754, -5.89030408859, 28.8307056427, 54.1356201172, -6.95914840698], [-302.31652832, -97.6584091187, 175.546783447, -92.9373703003, -116.54876709, 41.3380737305, 95.4145507812, 268.810089111, 59.1484184265, -32.3335113525, 52.9880447388, 31.0618228912, 5.0966591835], [-596.313049316, -140.151809692, 95.875038147, -61.7408485413, -19.1812458038, 90.0956420898, 44.4874572754, 59.1484184265, 205.865066528, 27.5953025818, 21.6568489075, 35.4860496521, -25.5677909851], [-114.450363159, -432.796600342, -42.3093795776, 48.1983261108, 99.8193664551, 42.0459747314, -5.89030408859, -32.3335113525, 27.5953025818, 262.383392334, 67.4568862915, 18.7144069672, -37.9426727295], [-301.56362915, -257.523284912, 6.66792440414, -85.9510116577, 3.82247805595, 128.611679077, 28.8307056427, 52.9880447388, 21.6568489075, 67.4568862915, 218.103118896, 44.5962638855, -40.8518714905], [-61.1198272705, -52.7028999329, 28.6945667267, -36.6595573425, -20.2329788208, 49.5157394409, 54.1356201172, 31.0618228912, 35.4860496521, 18.7144069672, 44.5962638855, 150.672363281, -6.92328691483], [4.43912935257, 126.598144531, 25.0603122711, 22.1870574951, -17.322479248, -21.6717853546, -6.95914840698, 5.0966591835, -25.5677909851, -37.9426727295, -40.8518714905, -6.92328691483, 127.857254028]],
        "icov": [[0.000154792345711, -1.3400734133e-05, 0.000233156650211, -6.85803897795e-05, 0.000252622878179, 4.11784094467e-05, 0.000274276942946, -9.33220726438e-05, 0.000318767182762, -5.85442430747e-05, 0.000166944009834, -0.000173407854163, 0.000124272046378], [-1.3400734133e-05, 0.000423047342338, 4.70906979899e-06, 0.000307566195261, -0.000138982737553, 0.000460972893052, -0.000325201574014, 0.000287298869807, -4.73665522804e-06, 0.000588410708588, 7.92185237515e-05, -2.67795530817e-06, -0.000243723945459], [0.000233156650211, 4.70906979899e-06, 0.00151792890392, -0.000438222254161, 0.000368379696738, -0.000513555656653, 0.00055076694116, -0.000948975502979, 0.00023682063329, 0.000129755906528, 0.000574452104047, -0.000323186104652, 4.83443291159e-05], [-6.85803897795e-05, 0.000307566195261, -0.000438222254161, 0.00193284102716, -0.000818126834929, 0.00049544731155, -0.000612179050222, 0.000599736522418, 0.000312402786221, 0.000108717635158, 0.000528152682818, 0.000197104920517, -0.000361602229532], [0.000252622878179, -0.000138982737553, 0.000368379696738, -0.000818126834929, 0.0023971516639, -0.000869717041496, 0.00129450077657, 0.000128063882585, 0.000666552863549, -0.00072764599463, 0.00042385229608, -0.000269164680503, 0.000479526701383], [4.11784094467e-05, 0.000460972893052, -0.000513555656653, 0.00049544731155, -0.000869717041496, 0.00368805625476, -0.000412865221733, 0.000596947444137, -0.000898844737094, 0.000884158071131, -0.00163461489137, -0.000341771054082, -0.000440301169874], [0.000274276942946, -0.000325201574014, 0.00055076694116, -0.000612179050222, 0.00129450077657, -0.000412865221733, 0.00495809176937, -0.00152461428661, 0.000177384281415, -0.000612217874732, 0.000249137578066, -0.00142568943556, 0.0006029913784], [-9.33220726438e-05, 0.000287298869807, -0.000948975502979, 0.000599736522418, 0.000128063882585, 0.000596947444137, -0.00152461428661, 0.00571335898712, -0.0011169584468, 0.00106849009171, -0.00144746527076, 0.000104352606286, -0.000754605222028], [0.000318767182762, -4.73665522804e-06, 0.00023682063329, 0.000312402786221, 0.000666552863549, -0.000898844737094, 0.000177384281415, -0.0011169584468, 0.00684207677841, -0.000935976509936, 0.00141678843647, -0.00114174571354, 0.00136644300073], [-5.85442430747e-05, 0.000588410708588, 0.000129755906528, 0.000108717635158, -0.00072764599463, 0.000884158071131, -0.000612217874732, 0.00106849009171, -0.000935976509936, 0.0055697155185, -0.00156662601512, -0.000198424371774, 0.000304874527501], [0.000166944009834, 7.92185237515e-05, 0.000574452104047, 0.000528152682818, 0.00042385229608, -0.00163461489137, 0.000249137578066, -0.00144746527076, 0.00141678843647, -0.00156662601512, 0.0072931824252, -0.00130481005181, 0.00164114916697], [-0.000173407854163, -2.67795530817e-06, -0.000323186104652, 0.000197104920517, -0.000269164680503, -0.000341771054082, -0.00142568943556, 0.000104352606286, -0.00114174571354, -0.000198424371774, -0.00130481005181, 0.00790274422616, -0.000414522335632], [0.000124272046378, -0.000243723945459, 4.83443291159e-05, -0.000361602229532, 0.000479526701383, -0.000440301169874, 0.0006029913784, -0.000754605222028, 0.00136644300073, 0.000304874527501, 0.00164114916697, -0.000414522335632, 0.00903038587421]]
    },
    "spectral_contrast_coeffs": {
        "mean": [-0.646192371845, -0.714670300484, -0.798282682896, -0.807570338249, -0.783101737499, -0.776392817497],
        "stdev": [0.132189318538, 0.111275240779, 0.0853882953525, 0.067283526063, 0.0620029643178, 0.0531879402697]
    },
    "spectral_contrast_valleys": {
        "mean": [-7.72358083725, -7.29943132401, -8.21182632446, -8.51541042328, -8.27331924438, -11.5748167038],
        "stdev": [1.14592182636, 1.49698519707, 1.52077817917, 1.331843853, 1.34146988392, 1.18632590771]
    }
},
"rhythm": {
    "beats_count": 132,
    "beats_loudness": {
        "mean": 0.0326140969992,
        "stdev": 0.0178579520434
    },
    "bpm": 152.607696533,
    "bpm_histogram_first_peak_bpm": 152,
    "bpm_histogram_first_peak_weight": 0.16666662693,
    "bpm_histogram_second_peak_bpm": 136,
    "bpm_histogram_second_peak_spread": 0.533333301544,
    "bpm_histogram_second_peak_weight": 0.106870226562,
    "danceability": 1.32292282581,
    "onset_rate": 5.49992847443,
    "beats_loudness_band_ratio": {
        "mean": [0.277300983667, 0.227640226483, 0.322501510382, 0.11217366159, 0.0525347776711, 0.0619127899408],
        "stdev": [0.215784996748, 0.17186319828, 0.205535233021, 0.0989828631282, 0.0646715164185, 0.140197396278]
    },
    "beats_position": [0.429569154978, 0.859138309956, 1.27709746361, 1.70666658878, 2.13623571396, 2.55419492722, 2.97215414047, 3.41333317757, 3.85451245308, 4.28408145905, 4.69043064117, 5.08516979218, 5.47990942001, 5.85142850876, 6.24616765976, 6.6176867485, 6.97759628296, 7.3491153717, 7.73224496841, 8.12698364258, 8.52172279358, 8.90485286713, 9.26476192474, 9.58984088898, 9.92653083801, 10.2632198334, 10.6115188599, 10.95981884, 11.3081178665, 11.656416893, 12.0047159195, 12.3414058685, 12.7129249573, 13.0728340149, 13.4443531036, 13.8274831772, 14.2106122971, 14.6053514481, 15.0000905991, 15.3948297501, 15.7663488388, 16.1610889435, 16.5558280945, 16.9389572144, 17.3220863342, 17.7168254852, 18.1347846985, 18.5295238495, 18.9242630005, 19.3190021515, 19.7253513336, 20.154920578, 20.5728797913, 21.037279129, 21.5016784668, 21.9660758972, 22.4072551727, 22.8484344482, 23.2896137238, 23.7307929993, 24.1719722748, 24.6131515503, 25.0427207947, 25.4722900391, 25.8902492523, 26.2849884033, 26.7029476166, 27.1673469543, 27.6317462921, 28.0729255676, 28.5141029358, 28.9668922424, 29.4312915802, 29.8840808868, 30.3600902557, 30.8360996246, 31.3121089935, 31.7881164551, 32.2757377625, 32.8446235657, 33.4019050598, 33.9591827393, 34.4003639221, 34.8531494141, 35.3059387207, 35.7819480896, 36.2347373962, 36.6875267029, 37.1287078857, 37.5931053162, 38.0575065613, 38.545124054, 38.9746932983, 39.4158706665, 39.8454399109, 40.251789093, 40.6929702759, 41.1225395203, 41.6798171997, 42.2370948792, 42.7943763733, 43.3516540527, 43.9205436707, 44.4662132263, 45.0002708435, 45.5575485229, 46.1496582031, 46.718547821, 47.2758255005, 47.7866668701, 48.3207244873, 48.8199539185, 49.3656234741, 49.9229011536, 50.4337387085, 51.0142402649, 51.6295700073, 52.2216758728, 52.8370056152, 53.4291152954, 54.0560531616, 54.6713829041, 55.2867126465, 55.9136505127, 56.5173683167, 57.1210861206, 57.7248077393, 58.305305481, 58.9090232849, 59.5127410889, 60.104850769, 60.6969604492],
    "bpm_histogram": [0, 0, 0, 0, 0, 0, 0, 0, 0, 0, 0, 0, 0, 0, 0, 0, 0, 0, 0, 0, 0, 0, 0, 0, 0, 0, 0, 0, 0, 0, 0, 0, 0, 0, 0, 0, 0, 0, 0, 0, 0, 0, 0, 0, 0, 0, 0, 0, 0, 0, 0, 0, 0, 0, 0, 0, 0, 0, 0, 0, 0, 0, 0, 0, 0, 0, 0, 0, 0, 0, 0, 0, 0, 0, 0, 0, 0, 0, 0, 0, 0, 0, 0, 0, 0, 0, 0, 0, 0, 0, 0, 0, 0, 0, 0, 0, 0.0152671756223, 0, 0.0305343512446, 0.03816793859, 0, 0.03816793859, 0, 0.0152671756223, 0, 0.0229007638991, 0, 0, 0.068702287972, 0, 0.0152671756223, 0, 0.0152671756223, 0, 0, 0, 0, 0.0152671756223, 0, 0, 0.00763358781114, 0, 0, 0.0152671756223, 0, 0, 0.03816793859, 0, 0, 0.0610687024891, 0, 0, 0, 0.0458015277982, 0, 0, 0.106870226562, 0, 0, 0, 0.0763358771801, 0, 0, 0, 0.053435113281, 0, 0, 0, 0.0229007638991, 0, 0, 0, 0.11450381577, 0, 0, 0, 0, 0.0458015277982, 0, 0, 0, 0.0458015277982, 0, 0, 0, 0, 0, 0.0229007638991, 0, 0, 0, 0, 0.03816793859, 0, 0, 0, 0, 0, 0.0229007638991, 0, 0, 0, 0, 0, 0, 0.00763358781114, 0, 0, 0, 0, 0, 0, 0, 0, 0, 0, 0, 0, 0, 0, 0, 0, 0, 0, 0, 0, 0, 0, 0, 0, 0, 0, 0, 0, 0, 0, 0, 0, 0, 0, 0, 0, 0, 0, 0, 0, 0, 0, 0, 0, 0, 0, 0, 0, 0, 0, 0, 0, 0, 0, 0, 0, 0, 0, 0, 0, 0, 0, 0, 0]
},
"tonal": {
    "chords_changes_rate": 0.153378888965,
    "chords_number_rate": 0.0129081243649,
    "chords_strength": {
        "mean": 0.468838751316,
        "stdev": 0.10463321954
    },
    "hpcp_crest": {
        "mean": 12.7228775024,
        "stdev": 6.46926879883
    },
    "hpcp_entropy": {
        "mean": 2.17760562897,
        "stdev": 0.809766411781
    },
    "key_edma": {
        "strength": 0.354992985725,
        "key": "C#",
        "scale": "minor"
    },
    "key_krumhansl": {
        "strength": 0.351558417082,
        "key": "C#",
        "scale": "minor"
    },
    "key_temperley": {
        "strength": 0.346413522959,
        "key": "C#",
        "scale": "minor"
    },
    "tuning_diatonic_strength": 0.346918791533,
    "tuning_equal_tempered_deviation": 0.280564844608,
    "tuning_frequency": 443.572570801,
    "tuning_nontempered_energy_ratio": 0.909582257271,
    "hpcp": {
        "mean": [0.148238554597, 0.115049406886, 0.121897645295, 0.143345683813, 0.131240591407, 0.109635196626, 0.116222143173, 0.123403377831, 0.117555782199, 0.111379772425, 0.113939113915, 0.115274101496, 0.108995370567, 0.0967691838741, 0.0980063304305, 0.11354688555, 0.111402392387, 0.0963341891766, 0.0967686027288, 0.104018896818, 0.108355306089, 0.111384749413, 0.118750326335, 0.115890465677, 0.103413239121, 0.0934198200703, 0.0942037925124, 0.109553553164, 0.130557149649, 0.153392121196, 0.146897390485, 0.139489397407, 0.151454269886, 0.160836204886, 0.18696179986, 0.192136824131],
        "stdev": [0.255091458559, 0.227350875735, 0.240101218224, 0.262838602066, 0.243307843804, 0.22306843102, 0.239974945784, 0.230655357242, 0.224215179682, 0.218296647072, 0.221006125212, 0.228741288185, 0.220342770219, 0.203184008598, 0.20325987041, 0.226169973612, 0.220554560423, 0.198563799262, 0.199563145638, 0.205121293664, 0.217243418097, 0.219710543752, 0.219407811761, 0.212783649564, 0.195267915726, 0.195976749063, 0.19427062571, 0.223504960537, 0.242362901568, 0.26724383235, 0.253285557032, 0.251095235348, 0.261119455099, 0.266378283501, 0.286245554686, 0.293021529913]
    },
    "chords_histogram": [2.58162498474, 12.3006830215, 12.1488227844, 1.29081249237, 0, 3.56871676445, 2.0501139164, 1.89825356007, 4.02429771423, 23.2346248627, 2.6575551033, 0, 5.99848127365, 0.911161720753, 0.531511008739, 0, 5.54290056229, 3.79650712013, 2.4297645092, 5.77069091797, 3.64464688301, 0.0759301409125, 5.46697044373, 0.0759301409125],
    "thpcp": [1, 0.771525979042, 0.598788976669, 0.634431481361, 0.746060431004, 0.683057963848, 0.570610046387, 0.604892611504, 0.642268240452, 0.611833691597, 0.579689860344, 0.593010306358, 0.5999584198, 0.567279934883, 0.503647267818, 0.510086119175, 0.590968906879, 0.579807579517, 0.501383244991, 0.503644227982, 0.541379272938, 0.563948690891, 0.579715788364, 0.61805087328, 0.603166341782, 0.538227081299, 0.486215084791, 0.490295350552, 0.570185065269, 0.679500937462, 0.798348367214, 0.764545738697, 0.725989937782, 0.788262605667, 0.837092041969, 0.973065912724],
    "chords_key": "G#",
    "chords_scale": "major"
}
}