{
"metadata": {
    "version": {
        "essentia": "2.1-dev",
        "essentia_git_sha": "v2.1_beta3-415-gd5473f3",
        "extractor": "music 2.0"
    },
    "audio_properties": {
        "analysis": {
            "equal_loudness": 0,
            "length": 61.5967330933,
            "sample_rate": 44100,
            "start_time": 0,
            "downmix": "mix"
        },
        "bit_rate": 192000,
        "length": 61.5967330933,
        "lossless": 0,
        "number_channels": 2,
        "replay_gain": -6.38967704773,
        "sample_rate": 44100,
        "codec": "mp3",
        "md5_encoded": "a6e90143cb4721b33bed0c43397ef857"
    },
    "tags": {
        "file_name": "monologo_hombre_10.mp3",
        "date": ["2004"],
        "engineer": ["rosamerica tamyo"]
    }
},
"lowlevel": {
    "average_loudness": 0.97088098526,
    "barkbands_crest": {
        "mean": 11.46367836,
        "stdev": 4.15241479874
    },
    "barkbands_flatness_db": {
        "mean": 0.206108748913,
        "stdev": 0.082387059927
    },
    "barkbands_kurtosis": {
        "mean": 16.8238830566,
        "stdev": 32.2932281494
    },
    "barkbands_skewness": {
        "mean": 2.20809435844,
        "stdev": 2.6571521759
    },
    "barkbands_spread": {
        "mean": 23.1121692657,
        "stdev": 28.553483963
    },
    "dissonance": {
        "mean": 0.43119892478,
        "stdev": 0.056381534785
    },
    "dynamic_complexity": 4.07622241974,
    "erbbands_crest": {
        "mean": 10.1660032272,
        "stdev": 3.75282526016
    },
    "erbbands_flatness_db": {
        "mean": 0.199964493513,
        "stdev": 0.0579000562429
    },
    "erbbands_kurtosis": {
        "mean": 2.57684659958,
        "stdev": 6.53997755051
    },
    "erbbands_skewness": {
        "mean": 0.474115431309,
        "stdev": 1.35383701324
    },
    "erbbands_spread": {
        "mean": 34.6205444336,
        "stdev": 24.9967689514
    },
    "hfc": {
        "mean": 14.0755805969,
        "stdev": 14.3432321548
    },
    "loudness_ebu128": {
        "integrated": -18.1368522644,
        "loudness_range": 1.35853004456,
        "momentary": {
            "mean": -18.7543067932,
            "stdev": 2.72162652016
        },
        "short_term": {
            "mean": -18.2816581726,
            "stdev": 0.50447756052
        }
    },
    "melbands_crest": {
        "mean": 16.72747612,
        "stdev": 6.46555614471
    },
    "melbands_flatness_db": {
        "mean": 0.293645083904,
        "stdev": 0.119521260262
    },
    "melbands_kurtosis": {
        "mean": 26.2514915466,
        "stdev": 46.8373413086
    },
    "melbands_skewness": {
        "mean": 3.05252766609,
        "stdev": 2.69994854927
    },
    "melbands_spread": {
        "mean": 22.1726970673,
        "stdev": 32.6926307678
    },
    "pitch_salience": {
        "mean": 0.556559920311,
        "stdev": 0.15074723959
    },
    "silence_rate_20dB": {
        "mean": 1,
        "stdev": 0
    },
    "silence_rate_30dB": {
        "mean": 0.998116075993,
        "stdev": 0.043363712728
    },
    "silence_rate_60dB": {
        "mean": 0.176337599754,
        "stdev": 0.381108313799
    },
    "spectral_centroid": {
        "mean": 1223.74572754,
        "stdev": 1114.34509277
    },
    "spectral_complexity": {
        "mean": 10.736623764,
        "stdev": 8.69132614136
    },
    "spectral_decrease": {
        "mean": -6.14535489163e-09,
        "stdev": 5.04421171499e-09
    },
    "spectral_energy": {
        "mean": 0.0244706645608,
        "stdev": 0.0200604833663
    },
    "spectral_energyband_high": {
        "mean": 0.000364841078408,
        "stdev": 0.000935808348004
    },
    "spectral_energyband_low": {
        "mean": 0.00958182569593,
        "stdev": 0.00852679740638
    },
    "spectral_energyband_middle_high": {
        "mean": 0.00333018624224,
        "stdev": 0.00528567237779
    },
    "spectral_energyband_middle_low": {
        "mean": 0.0125657189637,
        "stdev": 0.0132922567427
    },
    "spectral_entropy": {
        "mean": 7.03963565826,
        "stdev": 0.763728678226
    },
    "spectral_flux": {
        "mean": 0.0850486978889,
        "stdev": 0.0499632284045
    },
    "spectral_kurtosis": {
        "mean": 11.4510650635,
        "stdev": 13.1379995346
    },
    "spectral_rms": {
        "mean": 0.00427222019061,
        "stdev": 0.00237106834538
    },
    "spectral_rolloff": {
        "mean": 2593.15527344,
        "stdev": 4847.18603516
    },
    "spectral_skewness": {
        "mean": 2.04780650139,
        "stdev": 1.33869230747
    },
    "spectral_spread": {
        "mean": 3531717.25,
        "stdev": 1590865.375
    },
    "spectral_strongpeak": {
        "mean": 1.00742518902,
        "stdev": 1.10930550098
    },
    "zerocrossingrate": {
        "mean": 0.0960059538484,
        "stdev": 0.121610045433
    },
    "barkbands": {
        "mean": [1.20058712128e-05, 0.00110322539695, 0.00722275907174, 0.00165620120242, 0.00286344205961, 0.00139094924089, 0.0020515283104, 0.00202399888076, 0.00230781990103, 0.000546581984963, 0.0003439556167, 0.000549222866539, 0.00066021445673, 0.000275189551758, 0.000140054136864, 0.000159413699294, 0.000306115980493, 0.000169752456713, 0.00025305969757, 0.000124411744764, 0.000105231709313, 0.000123244681163, 3.21496045217e-05, 2.09125155379e-05, 6.76461149851e-06, 2.98804206977e-06, 1.95131924556e-05],
        "stdev": [4.15414069721e-05, 0.00186185026541, 0.00697389990091, 0.00338113983162, 0.00330432341434, 0.003296706127, 0.00428634276614, 0.00435386970639, 0.00570811331272, 0.00184399588034, 0.00110481702723, 0.00151438056491, 0.00186899723485, 0.000844205613248, 0.000411461282056, 0.00040984217776, 0.000567807350308, 0.000354092335328, 0.000509312842041, 0.00024265369575, 0.000283685687464, 0.000480152666569, 0.000120296375826, 5.97836879024e-05, 2.13636394619e-05, 1.29466634462e-05, 5.04619401909e-06]
    },
    "erbbands": {
        "mean": [0.008948802948, 0.457513928413, 6.52440071106, 8.21822452545, 5.52704429626, 12.0024986267, 8.86068820953, 13.3475227356, 21.590511322, 39.6490402222, 49.1787643433, 55.3059577942, 27.872220993, 11.7175073624, 18.2367954254, 22.3604793549, 29.8794364929, 19.1508560181, 9.44021511078, 8.1426897049, 9.66018867493, 16.6934566498, 10.7367019653, 10.1727399826, 12.1206264496, 6.18535470963, 5.0647444725, 3.59622383118, 4.83911275864, 2.20435094833, 0.818343102932, 0.470660805702, 0.335642039776, 0.109312549233, 0.0337734743953, 0.0165370367467, 0.00522267725319, 0.000363108643796, 0.000911681097932, 0.000610638293438],
        "stdev": [0.017913479358, 0.614701211452, 6.37693548203, 10.3216142654, 8.67827796936, 15.3378829956, 18.1967849731, 33.3361053467, 42.7291374207, 84.2490844727, 105.163154602, 140.73374939, 83.2188873291, 32.067111969, 53.9908332825, 60.0751724243, 83.0115966797, 54.3360595703, 26.775302887, 20.5281658173, 21.930475235, 30.1609039307, 21.2052249908, 20.3686618805, 26.0013389587, 12.0423440933, 11.9573459625, 11.7062826157, 19.2995643616, 8.28423118591, 3.0022046566, 1.51816344261, 0.918523192406, 0.324970513582, 0.118645563722, 0.0713339745998, 0.0242819618434, 0.00147115637083, 0.0002441083343, 0.000153724657139]
    },
    "gfcc": {
        "mean": [-91.4805603027, 108.701698303, -91.9020614624, 24.3398208618, -34.0179786682, -20.8753242493, -19.7678642273, -7.54391145706, -12.9393367767, -14.2295665741, -0.224268347025, -25.2333240509, -5.81214046478],
        "cov": [[11410.6210938, 1170.42382812, -3217.11987305, 172.942703247, -1324.75720215, -91.6161651611, -922.585205078, 858.141174316, -674.596191406, 20.1594276428, -278.485534668, -364.566131592, -453.654205322], [1170.42382812, 3969.99951172, 106.308021545, -1127.11108398, 412.03717041, -917.843383789, 38.2495193481, 95.5585632324, -338.22265625, -561.823425293, 281.042266846, -478.463470459, 41.4645347595], [-3217.11987305, 106.308021545, 1771.37145996, 266.050964355, 376.513702393, 23.1041717529, 203.548980713, -290.893188477, 147.996948242, -67.2489089966, 35.0848846436, 136.44581604, 120.60962677], [172.942703247, -1127.11108398, 266.050964355, 1124.17614746, 2.06572151184, 88.1910476685, -219.717605591, -108.69984436, 123.808647156, 184.324981689, -128.803436279, 152.377853394, 6.16189956665], [-1324.75720215, 412.03717041, 376.513702393, 2.06572151184, 583.109619141, -157.900085449, -12.213924408, -127.493110657, 79.1206130981, -24.0237827301, 85.6726379395, -65.1424636841, 87.1051483154], [-91.6161651611, -917.843383789, 23.1041717529, 88.1910476685, -157.900085449, 650.462280273, 175.126266479, -53.0426292419, 81.6974945068, 162.871658325, -122.487670898, 122.762557983, -58.5734024048], [-922.585205078, 38.2495193481, 203.548980713, -219.717605591, -12.213924408, 175.126266479, 519.264953613, -33.1952400208, -20.9969768524, -19.7794342041, -4.01506710052, 53.7958488464, 23.8340873718], [858.141174316, 95.5585632324, -290.893188477, -108.69984436, -127.493110657, -53.0426292419, -33.1952400208, 278.362609863, -74.2263031006, -33.8071022034, 14.9510726929, -29.2032833099, -18.6041736603], [-674.596191406, -338.22265625, 147.996948242, 123.808647156, 79.1206130981, 81.6974945068, -20.9969768524, -74.2263031006, 232.120483398, 75.9998626709, -32.6101989746, 40.0269584656, 25.3372707367], [20.1594276428, -561.823425293, -67.2489089966, 184.324981689, -24.0237827301, 162.871658325, -19.7794342041, -33.8071022034, 75.9998626709, 221.386169434, -57.8954086304, 27.3559799194, -16.3706665039], [-278.485534668, 281.042266846, 35.0848846436, -128.803436279, 85.6726379395, -122.487670898, -4.01506710052, 14.9510726929, -32.6101989746, -57.8954086304, 167.114196777, -32.2676963806, 9.08775234222], [-364.566131592, -478.463470459, 136.44581604, 152.377853394, -65.1424636841, 122.762557983, 53.7958488464, -29.2032833099, 40.0269584656, 27.3559799194, -32.2676963806, 184.107498169, 6.4708480835], [-453.654205322, 41.4645347595, 120.60962677, 6.16189956665, 87.1051483154, -58.5734024048, 23.8340873718, -18.6041736603, 25.3372707367, -16.3706665039, 9.08775234222, 6.4708480835, 123.770118713]],
        "icov": [[0.00178852537647, -0.00226643355563, 0.00247198250145, -0.00245803035796, 0.00232580956072, -0.0022312856745, 0.00207751966082, -0.00198939000256, 0.00186693796422, -0.00143935147207, 0.00144897738937, -0.000731009000447, 0.000995678477921], [-0.00226643355563, 0.00381563091651, -0.00332371867262, 0.00364276929758, -0.00323779275641, 0.0035453827586, -0.0027451091446, 0.0026113926433, -0.00189157936256, 0.00292316568084, -0.00159146788064, 0.00231210840866, -0.000880484236404], [0.00247198250145, -0.00332371867262, 0.00438918033615, -0.00376912113279, 0.00286095356569, -0.00328783108853, 0.00253470987082, -0.00218860153109, 0.00221947161481, -0.00158092740458, 0.001759134233, -0.001733683981, 0.000996137736365], [-0.00245803035796, 0.00364276929758, -0.00376912113279, 0.00519249029458, -0.00338381715119, 0.0037176120095, -0.00216209888458, 0.00295077008195, -0.00222943443805, 0.0014921334805, -0.00101833592635, 0.000642852042802, -0.00111986533739], [0.00232580956072, -0.00323779275641, 0.00286095356569, -0.00338381715119, 0.00593418674543, -0.00276157981716, 0.00276287668385, -0.00179829355329, 0.00156200770289, -0.00242667389102, 0.000710103777237, -0.000135290189064, 1.87294208445e-05], [-0.0022312856745, 0.0035453827586, -0.00328783108853, 0.0037176120095, -0.00276157981716, 0.00615662941709, -0.00348571548238, 0.00277306698263, -0.00242410576902, 0.00100465631112, -0.000508878787514, 0.000812047102954, 0.000221909911488], [0.00207751966082, -0.0027451091446, 0.00253470987082, -0.00216209888458, 0.00276287668385, -0.00348571548238, 0.00522555457428, -0.00217288499698, 0.00273345899768, -0.00181830779184, 0.00178096094169, -0.00170510122553, 0.00040343782166], [-0.00198939000256, 0.0026113926433, -0.00218860153109, 0.00295077008195, -0.00179829355329, 0.00277306698263, -0.00217288499698, 0.00713167199865, -0.00140868511517, 0.00207716901787, -0.00199039326981, 0.00100772199221, -0.00145585113205], [0.00186693796422, -0.00189157936256, 0.00221947161481, -0.00222943443805, 0.00156200770289, -0.00242410576902, 0.00273345899768, -0.00140868511517, 0.0081293405965, -0.00252891890705, 0.00224460661411, -0.000881371379364, 0.000322784529999], [-0.00143935147207, 0.00292316568084, -0.00158092740458, 0.0014921334805, -0.00242667389102, 0.00100465631112, -0.00181830779184, 0.00207716901787, -0.00252891890705, 0.0098231267184, -0.000577138911467, 0.00301311793737, -0.000241227069637], [0.00144897738937, -0.00159146788064, 0.001759134233, -0.00101833592635, 0.000710103777237, -0.000508878787514, 0.00178096094169, -0.00199039326981, 0.00224460661411, -0.000577138911467, 0.00940362364054, -0.000783938332461, 0.00161256594583], [-0.000731009000447, 0.00231210840866, -0.001733683981, 0.000642852042802, -0.000135290189064, 0.000812047102954, -0.00170510122553, 0.00100772199221, -0.000881371379364, 0.00301311793737, -0.000783938332461, 0.0104471500963, -0.000746878213249], [0.000995678477921, -0.000880484236404, 0.000996137736365, -0.00111986533739, 1.87294208445e-05, 0.000221909911488, 0.00040343782166, -0.00145585113205, 0.000322784529999, -0.000241227069637, 0.00161256594583, -0.000746878213249, 0.0107269529253]]
    },
    "melbands": {
        "mean": [0.000170046201674, 0.00247242697515, 0.00132660882082, 0.000656441552565, 0.000365225452697, 0.000288118404569, 0.000364413601346, 0.000438578572357, 0.000409314845456, 0.000335620890837, 0.00013001752086, 4.50078077847e-05, 5.40455403097e-05, 6.24029198661e-05, 5.91076786804e-05, 6.56675256323e-05, 3.12289594149e-05, 1.56308851729e-05, 1.01354653452e-05, 1.10234486783e-05, 1.17049730761e-05, 1.75426030182e-05, 1.46490247062e-05, 6.85653640176e-06, 8.15320072434e-06, 1.01577561509e-05, 6.24168023933e-06, 3.53206996806e-06, 3.21069273923e-06, 2.56843804891e-06, 1.91752565115e-06, 2.79764435618e-06, 2.32377783504e-06, 8.28952295251e-07, 4.75037552405e-07, 3.41840006968e-07, 2.66062102128e-07, 2.60382932993e-07, 1.57368106102e-07, 6.93949644415e-08],
        "stdev": [0.000295206118608, 0.00239700172096, 0.00151421688497, 0.000819350359961, 0.000596071069594, 0.000695615715813, 0.000723369594198, 0.000895360601135, 0.000896036974154, 0.000877321872395, 0.000405257596867, 0.000132137050969, 0.000164997720276, 0.000170393104781, 0.000167908525327, 0.000193031592062, 9.56244912231e-05, 4.85004457005e-05, 2.91923352052e-05, 3.07841364702e-05, 2.84178477159e-05, 3.28969872498e-05, 3.16498262691e-05, 1.42775807035e-05, 1.75740951818e-05, 2.22392463911e-05, 1.35643331305e-05, 7.5485600064e-06, 7.70055339672e-06, 7.33033584766e-06, 7.05309503246e-06, 1.16657001854e-05, 9.22791605262e-06, 3.22501841765e-06, 1.83985480362e-06, 1.2735981727e-06, 8.25549307137e-07, 7.18057322047e-07, 4.52354470326e-07, 2.24932634296e-07]
    },
    "melbands128": {
        "mean": [8.90999581316e-06, 2.53673879342e-05, 7.33734632377e-05, 0.000736888963729, 0.00291469227523, 0.00355747458525, 0.00183511176147, 0.000585981411859, 0.000408951193094, 0.000762874784414, 0.00082636193838, 0.000431496358942, 0.000253350968705, 0.000268295814749, 0.000329713075189, 0.000271889002761, 0.000233901737374, 0.000378438300686, 0.000526205985807, 0.000451834552223, 0.000379321165383, 0.000421398319304, 0.000411829561926, 0.000402454432333, 0.00039303326048, 0.000323580869008, 0.000168613347341, 0.000127208724734, 7.50007602619e-05, 4.47542770416e-05, 3.47933309968e-05, 4.06519611715e-05, 5.31869591214e-05, 6.52169110253e-05, 6.80089287926e-05, 5.95610799792e-05, 5.73221004743e-05, 5.52504279767e-05, 5.92851356487e-05, 7.71258783061e-05, 6.97794748703e-05, 4.97081455251e-05, 3.13901982736e-05, 2.23260813073e-05, 1.80834340426e-05, 1.52121583596e-05, 1.17955423775e-05, 9.08137553779e-06, 9.22553226701e-06, 1.2580638213e-05, 1.21897519421e-05, 8.6953095888e-06, 8.34161528473e-06, 1.3970658074e-05, 1.72393010871e-05, 1.68526730704e-05, 1.8824939616e-05, 1.92991701624e-05, 1.23849658848e-05, 7.4066574598e-06, 6.4493251557e-06, 6.42973600407e-06, 6.39678182779e-06, 8.91723811947e-06, 1.05413582787e-05, 9.92774312181e-06, 1.10233750092e-05, 7.70752831158e-06, 4.48307264378e-06, 5.17630314789e-06, 3.44906788996e-06, 2.78572656498e-06, 3.0557403079e-06, 3.39802227245e-06, 3.31387172992e-06, 2.78384140984e-06, 2.2519795948e-06, 1.68579424553e-06, 1.78309596777e-06, 2.18251147999e-06, 2.65482162831e-06, 3.07893446916e-06, 3.14880094265e-06, 2.56271232502e-06, 1.35387574574e-06, 8.54854818044e-07, 7.11805967057e-07, 5.69246651594e-07, 4.69169577855e-07, 3.93610918081e-07, 3.95581110979e-07, 3.19690457218e-07, 2.6445053436e-07, 2.67330278803e-07, 2.52341123996e-07, 2.91395707563e-07, 2.66592792286e-07, 2.19363229803e-07, 1.6963886651e-07, 1.22460207308e-07, 8.51290522519e-08, 6.09387313943e-08, 4.91607003994e-08, 3.74536810455e-08, 3.44914603545e-08, 3.35452163824e-08, 3.1071696327e-08, 2.94040756188e-08, 2.9865773854e-08, 2.69352078419e-08, 2.43325839477e-08, 2.11110524617e-08, 1.71724909848e-08, 1.14376472737e-08, 6.33030516894e-09, 1.15153442337e-09, 1.39206229877e-10, 2.13045102393e-11, 7.39633267827e-12, 4.07658240498e-10, 5.85294124278e-09, 7.82525155785e-09, 2.65048612391e-07, 5.05039452037e-07, 3.68212771384e-09, 2.97987123865e-09, 2.01692579305e-10, 3.54664670028e-12],
        "stdev": [3.68208238797e-05, 0.000128821731778, 0.000243894683081, 0.00125361338723, 0.00327034248039, 0.00355783943087, 0.00258801318705, 0.00137602188624, 0.00104236102197, 0.00134768825956, 0.00134703295771, 0.000869962095749, 0.000735553388949, 0.00100107619073, 0.00105968245771, 0.000798418826889, 0.000745207362343, 0.000994237721898, 0.00149271055125, 0.00129805563483, 0.00113285996486, 0.0012053657556, 0.00123378657736, 0.00130049535073, 0.00130195787642, 0.00122619944159, 0.000668381806463, 0.000548574782442, 0.0003227678244, 0.000156565045472, 0.00012581430201, 0.000178550282726, 0.000194282765733, 0.000271601369604, 0.000251315766945, 0.000200118040084, 0.000223777678912, 0.000198336856556, 0.000209008547245, 0.000285845424514, 0.000253049656749, 0.000206960685318, 0.000123608522699, 9.54702918534e-05, 6.74329567119e-05, 5.79921616009e-05, 4.87510624225e-05, 3.71370952053e-05, 2.9971875847e-05, 3.88179796573e-05, 4.32573215221e-05, 2.89754607365e-05, 2.63210968114e-05, 4.16881011915e-05, 4.18319723394e-05, 3.75892232114e-05, 4.20914657298e-05, 5.03707997268e-05, 3.26702138409e-05, 1.99650930881e-05, 1.46682723425e-05, 1.53090550157e-05, 1.60918316396e-05, 2.24761461141e-05, 2.59760927293e-05, 2.5025146897e-05, 3.0298204365e-05, 2.02739902306e-05, 1.09525908556e-05, 1.38380837598e-05, 8.70799431141e-06, 7.29690509615e-06, 7.65710046835e-06, 9.31440808927e-06, 8.95149787539e-06, 8.46196689963e-06, 7.6891919889e-06, 6.29974692856e-06, 7.40142559152e-06, 9.56387066253e-06, 1.21044658954e-05, 1.37153565447e-05, 1.344811335e-05, 1.08294334495e-05, 5.74854675506e-06, 3.74565706807e-06, 3.07667164634e-06, 2.46573290497e-06, 2.0033171495e-06, 1.58910290793e-06, 1.57257920819e-06, 1.32411435061e-06, 9.8190105291e-07, 9.14562292564e-07, 7.70253848259e-07, 8.50052060741e-07, 7.77359787207e-07, 6.14899647644e-07, 5.39871962246e-07, 3.77220629844e-07, 2.82728450429e-07, 2.13606256239e-07, 1.89288087427e-07, 1.15531868516e-07, 1.21971780231e-07, 1.50738927118e-07, 1.48422174107e-07, 1.32735550551e-07, 1.53486368504e-07, 1.28051297565e-07, 1.13707784521e-07, 9.90264013012e-08, 9.67125259876e-08, 6.08294357107e-08, 3.29820011302e-08, 5.55449064521e-09, 3.05009795198e-10, 5.94137308796e-11, 3.31296448608e-11, 1.0257442673e-09, 9.39093247609e-09, 1.11117159918e-08, 7.0070171887e-08, 1.34267196472e-07, 6.73548194996e-09, 5.90818460822e-09, 5.65215152459e-10, 6.65262940222e-12]
    },
    "mfcc": {
        "mean": [-746.698913574, 148.533340454, 4.95154190063, 40.191116333, 7.47136545181, -7.11668348312, 5.83411550522, -5.506067276, -3.56147384644, 0.208203524351, -1.60798728466, 6.47464179993, -4.89218139648],
        "cov": [[12357.6044922, 551.530456543, -2615.47753906, -238.389633179, -730.891784668, -1264.09057617, -173.015167236, -306.264862061, -209.683654785, -27.2779254913, -78.6376953125, 128.772445679, -285.844085693], [551.530456543, 4497.38037109, -365.770843506, -306.907287598, 87.9845352173, -1098.48620605, 452.766265869, -110.325210571, -255.11932373, -156.978439331, -325.61138916, 115.073654175, -24.2577018738], [-2615.47753906, -365.770843506, 1422.50378418, 262.341156006, 132.609588623, 495.30380249, -20.8678760529, 173.727966309, 94.4186325073, -59.9168205261, 7.6783080101, -13.5990333557, 92.5833511353], [-238.389633179, -306.907287598, 262.341156006, 866.514587402, 325.584564209, 13.2945146561, -127.177566528, -97.8537750244, -20.9307594299, -15.0434799194, -106.949363708, -28.6709423065, 81.1729125977], [-730.891784668, 87.9845352173, 132.609588623, 325.584564209, 645.815856934, 13.5200128555, -139.917953491, -136.542175293, -49.8858604431, 53.2984428406, -64.0184860229, -24.2057876587, 50.7540626526], [-1264.09057617, -1098.48620605, 495.30380249, 13.2945146561, 13.5200128555, 882.34942627, -54.7075195312, 72.4237136841, 200.21395874, 35.1110534668, 174.977783203, 11.9729738235, 1.70184886456], [-173.015167236, 452.766265869, -20.8678760529, -127.177566528, -139.917953491, -54.7075195312, 357.567962646, 80.073348999, -3.93861317635, 0.464086204767, -10.0995883942, 50.0578536987, -8.0837020874], [-306.264862061, -110.325210571, 173.727966309, -97.8537750244, -136.542175293, 72.4237136841, 80.073348999, 265.728027344, 41.4937019348, -39.4656181335, 43.2443313599, -12.1026906967, 20.2060718536], [-209.683654785, -255.11932373, 94.4186325073, -20.9307594299, -49.8858604431, 200.21395874, -3.93861317635, 41.4937019348, 248.46647644, 24.6643276215, 46.8004188538, 28.1695747375, 0.0320715345442], [-27.2779254913, -156.978439331, -59.9168205261, -15.0434799194, 53.2984428406, 35.1110534668, 0.464086204767, -39.4656181335, 24.6643276215, 178.749206543, 35.4832572937, -34.7071876526, -2.2124478817], [-78.6376953125, -325.61138916, 7.6783080101, -106.949363708, -64.0184860229, 174.977783203, -10.0995883942, 43.2443313599, 46.8004188538, 35.4832572937, 211.287506104, 17.0731430054, -39.0164680481], [128.772445679, 115.073654175, -13.5990333557, -28.6709423065, -24.2057876587, 11.9729738235, 50.0578536987, -12.1026906967, 28.1695747375, -34.7071876526, 17.0731430054, 143.219238281, 3.38053512573], [-285.844085693, -24.2577018738, 92.5833511353, 81.1729125977, 50.7540626526, 1.70184886456, -8.0837020874, 20.2060718536, 0.0320715345442, -2.2124478817, -39.0164680481, 3.38053512573, 135.028335571]],
        "icov": [[0.000164979428519, 3.43867714037e-06, 0.000261178938672, -0.000105105937109, 0.000204534793738, 9.39002056839e-05, 0.000194006992388, -4.13049565395e-05, 2.71772241831e-05, -3.77765463782e-05, 6.00762468821e-05, -0.000218208457227, 0.000195899963728], [3.43867714037e-06, 0.000458130321931, -0.000118570947961, 0.000255668186583, -0.000265006383415, 0.000546770519577, -0.000545581220649, 0.00025842586183, -6.58860008116e-05, 0.000355558644515, 0.000215339736314, -0.000138381685247, 0.000110098284495], [0.000261178938672, -0.000118570947961, 0.00156174250878, -0.000495324085932, 0.000184014046681, -0.000650654779747, 0.000400935125072, -0.000860674132127, 0.000119013137009, 0.000164824683452, 0.000355438212864, -0.000242738053203, -3.81781974284e-05], [-0.000105105937109, 0.000255668186583, -0.000495324085932, 0.00185213517398, -0.000855861871969, 0.000282138265902, -0.000215419073356, 0.00061597552849, -0.000163583346875, 0.00050507026026, 0.000500579713844, 0.000280789507087, -0.0005913694622], [0.000204534793738, -0.000265006383415, 0.000184014046681, -0.000855861871969, 0.00272907875478, -0.000277700077277, 0.00110842834692, 0.000542591675185, 0.000552900368348, -0.00106093694922, 0.000277395796729, -0.000376343872631, -0.000191364611965], [9.39002056839e-05, 0.000546770519577, -0.000650654779747, 0.000282138265902, -0.000277700077277, 0.00274985330179, -0.000404511985835, 0.000503409188241, -0.001244927058, 0.00032922680839, -0.00116612727288, -0.000163392338436, 0.000216526648728], [0.000194006992388, -0.000545581220649, 0.000400935125072, -0.000215419073356, 0.00110842834692, -0.000404511985835, 0.00454170303419, -0.00156939995941, 0.000539708358701, -0.00149652070832, 0.000683003047016, -0.00180158065632, 0.000480300863273], [-4.13049565395e-05, 0.00025842586183, -0.000860674132127, 0.00061597552849, 0.000542591675185, 0.000503409188241, -0.00156939995941, 0.00603104010224, -0.000840076361783, 0.00176941417158, -0.00135479005985, 0.00176828308031, -0.0014344783267], [2.71772241831e-05, -6.58860008116e-05, 0.000119013137009, -0.000163583346875, 0.000552900368348, -0.001244927058, 0.000539708358701, -0.000840076361783, 0.00540227955207, -0.00123747403268, 0.000375412695576, -0.0014658421278, 0.000151937230839], [-3.77765463782e-05, 0.000355558644515, 0.000164824683452, 0.00050507026026, -0.00106093694922, 0.00032922680839, -0.00149652070832, 0.00176941417158, -0.00123747403268, 0.00763793289661, -0.00161345244851, 0.00263634230942, -0.000799241359346], [6.00762468821e-05, 0.000215339736314, 0.000355438212864, 0.000500579713844, 0.000277395796729, -0.00116612727288, 0.000683003047016, -0.00135479005985, 0.000375412695576, -0.00161345244851, 0.00736611941829, -0.00169017422013, 0.00191951286979], [-0.000218208457227, -0.000138381685247, -0.000242738053203, 0.000280789507087, -0.000376343872631, -0.000163392338436, -0.00180158065632, 0.00176828308031, -0.0014658421278, 0.00263634230942, -0.00169017422013, 0.00921359099448, -0.00139360071626], [0.000195899963728, 0.000110098284495, -3.81781974284e-05, -0.0005913694622, -0.000191364611965, 0.000216526648728, 0.000480300863273, -0.0014344783267, 0.000151937230839, -0.000799241359346, 0.00191951286979, -0.00139360071626, 0.00911103468388]]
    },
    "spectral_contrast_coeffs": {
        "mean": [-0.621046960354, -0.738663911819, -0.795798540115, -0.798821389675, -0.783720195293, -0.777934670448],
        "stdev": [0.137122303247, 0.113653935492, 0.0890541896224, 0.0696513056755, 0.0677260905504, 0.058726426214]
    },
    "spectral_contrast_valleys": {
        "mean": [-7.74440097809, -7.38190078735, -8.38991355896, -8.66070365906, -8.42288684845, -11.6836967468],
        "stdev": [0.960999667645, 1.26734936237, 1.28680551052, 1.23262012005, 1.28731453419, 1.26932168007]
    }
},
"rhythm": {
    "beats_count": 96,
    "beats_loudness": {
        "mean": 0.0365503020585,
        "stdev": 0.0179859176278
    },
    "bpm": 85.622428894,
    "bpm_histogram_first_peak_bpm": 86,
    "bpm_histogram_first_peak_weight": 0.566666722298,
    "bpm_histogram_second_peak_bpm": 123,
    "bpm_histogram_second_peak_spread": 0.363636374474,
    "bpm_histogram_second_peak_weight": 0.0736842080951,
    "danceability": 1.45910799503,
    "onset_rate": 5.46952295303,
    "beats_loudness_band_ratio": {
        "mean": [0.424759119749, 0.155289024115, 0.272526443005, 0.0987424477935, 0.0397625155747, 0.0447299145162],
        "stdev": [0.267025738955, 0.131465941668, 0.222982928157, 0.104708001018, 0.0422552525997, 0.124435968697]
    },
    "beats_position": [0.870748281479, 1.74149656296, 2.63546490669, 3.48299312592, 4.31891155243, 5.13160991669, 5.95591831207, 6.76861667633, 7.59292507172, 8.42884349823, 9.21832180023, 9.98458003998, 10.7508392334, 11.5170974731, 12.202085495, 12.8986845016, 13.6068935394, 14.3034915924, 15.0000905991, 15.696688652, 16.3932876587, 17.0898857117, 17.7632656097, 18.4366436005, 19.1100215912, 19.8066215515, 20.5148296356, 21.2346477509, 21.942855835, 22.6626758575, 23.3708839417, 24.0558719635, 24.7408618927, 25.4722900391, 26.2037181854, 26.9351463318, 27.6781845093, 28.409614563, 29.1410427094, 29.8608608246, 30.6038990021, 31.3004989624, 31.9970970154, 32.6820869446, 33.3670730591, 34.0404510498, 34.690612793, 35.3407707214, 35.9793205261, 36.6294784546, 37.2796363831, 37.9297943115, 38.5683441162, 39.1024017334, 39.6364631653, 40.1705207825, 40.7161903381, 41.2618598938, 41.8075294495, 42.3648071289, 42.9220848083, 43.4909744263, 44.0830841064, 44.6635818481, 45.2440795898, 45.8129692078, 46.3934669495, 46.9623565674, 47.5312461853, 48.0420837402, 48.5529251099, 49.0405426025, 49.5281639099, 50.0157814026, 50.480178833, 50.9678001404, 51.4786376953, 51.9778671265, 52.5119247437, 53.0111541748, 53.5219955444, 54.0328330994, 54.5436706543, 55.0312919617, 55.5189094543, 55.9833106995, 56.4477081299, 56.912109375, 57.3648986816, 57.8409042358, 58.305305481, 58.7697029114, 59.2573242188, 59.7217216492, 60.1745109558, 60.6505203247],
    "bpm_histogram": [0, 0, 0, 0, 0, 0, 0, 0, 0, 0, 0, 0, 0, 0, 0, 0, 0, 0, 0, 0, 0, 0, 0, 0, 0, 0, 0, 0, 0, 0, 0, 0, 0, 0, 0, 0, 0, 0, 0, 0, 0, 0, 0, 0, 0, 0, 0, 0, 0, 0, 0, 0, 0, 0, 0, 0, 0, 0, 0, 0, 0, 0, 0, 0, 0, 0, 0, 0.0105263162404, 0, 0.0105263162404, 0, 0.0105263162404, 0.0210526324809, 0.0210526324809, 0.0210526324809, 0, 0.0105263162404, 0, 0.0315789468586, 0, 0, 0.0210526324809, 0.0526315793395, 0.0315789468586, 0, 0.0421052649617, 0.0947368443012, 0, 0.0526315793395, 0.0421052649617, 0, 0, 0.0526315793395, 0, 0.0210526324809, 0, 0, 0, 0, 0, 0, 0.0105263162404, 0, 0.0315789468586, 0, 0.0421052649617, 0, 0, 0.0210526324809, 0, 0.0315789468586, 0, 0.0421052649617, 0, 0, 0, 0, 0.0631578937173, 0, 0, 0.0210526324809, 0, 0, 0.0736842080951, 0, 0, 0.0210526324809, 0, 0, 0.0736842080951, 0, 0, 0, 0.0210526324809, 0, 0, 0, 0, 0, 0, 0, 0, 0, 0, 0, 0, 0, 0, 0, 0, 0, 0, 0, 0, 0, 0, 0, 0, 0, 0, 0, 0, 0, 0, 0, 0, 0, 0, 0, 0, 0, 0, 0, 0, 0, 0, 0, 0, 0, 0, 0, 0, 0, 0, 0, 0, 0, 0, 0, 0, 0, 0, 0, 0, 0, 0, 0, 0, 0, 0, 0, 0, 0, 0, 0, 0, 0, 0, 0, 0, 0, 0, 0, 0, 0, 0, 0, 0, 0, 0, 0, 0, 0, 0, 0, 0, 0, 0, 0, 0, 0, 0, 0, 0, 0, 0, 0, 0, 0, 0, 0, 0, 0, 0, 0, 0, 0, 0, 0, 0]
},
"tonal": {
    "chords_changes_rate": 0.165662646294,
    "chords_number_rate": 0.0128012048081,
    "chords_strength": {
        "mean": 0.47254383564,
        "stdev": 0.115235358477
    },
    "hpcp_crest": {
        "mean": 12.7550592422,
        "stdev": 6.29889726639
    },
    "hpcp_entropy": {
        "mean": 2.16014838219,
        "stdev": 0.824847757816
    },
    "key_edma": {
        "strength": 0.277357757092,
        "key": "A",
        "scale": "major"
    },
    "key_krumhansl": {
        "strength": 0.280415177345,
        "key": "A",
        "scale": "major"
    },
    "key_temperley": {
        "strength": 0.288054972887,
        "key": "A",
        "scale": "major"
    },
    "tuning_diatonic_strength": 0.264456063509,
    "tuning_equal_tempered_deviation": 0.232839405537,
    "tuning_frequency": 443.060424805,
    "tuning_nontempered_energy_ratio": 0.90225237608,
    "hpcp": {
        "mean": [0.151161491871, 0.13378483057, 0.141097784042, 0.160713419318, 0.151246339083, 0.127782717347, 0.125277638435, 0.124101042747, 0.119289137423, 0.104571729898, 0.0840864405036, 0.087184868753, 0.0950051099062, 0.087451197207, 0.0834359973669, 0.0889901742339, 0.0937361940742, 0.0855661332607, 0.0791987553239, 0.0755741372705, 0.0742471963167, 0.0820407345891, 0.0861599445343, 0.0939885079861, 0.0985822826624, 0.091362811625, 0.0815127566457, 0.0833869054914, 0.094826169312, 0.101896099746, 0.101662218571, 0.103341042995, 0.113132201135, 0.120168797672, 0.142391085625, 0.164142787457],
        "stdev": [0.287154704332, 0.265650570393, 0.272397816181, 0.297308623791, 0.281155049801, 0.257540941238, 0.257253557444, 0.257296800613, 0.251567900181, 0.237080201507, 0.201292097569, 0.201277002692, 0.21650570631, 0.203084617853, 0.19393441081, 0.199652597308, 0.211746737361, 0.190812513232, 0.184164837003, 0.16739718616, 0.159066751599, 0.173296138644, 0.184639155865, 0.202271923423, 0.207304775715, 0.18768620491, 0.170506387949, 0.183251395822, 0.20626822114, 0.223859444261, 0.216550737619, 0.216829240322, 0.235618576407, 0.239122658968, 0.269031465054, 0.299976319075]
    },
    "chords_histogram": [15.2861442566, 3.53915667534, 4.59337329865, 9.41265106201, 0, 0.301204830408, 2.25903606415, 4.2168674469, 7.75602388382, 8.4337348938, 14.4578313828, 0.451807230711, 0.225903615355, 1.95783138275, 7.53012037277, 0.451807230711, 0.753012061119, 4.2168674469, 1.95783138275, 1.73192775249, 5.87349414825, 3.08734941483, 1.05421686172, 0.451807230711],
    "thpcp": [1, 0.920914590359, 0.815051555634, 0.859603941441, 0.979107379913, 0.921431541443, 0.778485119343, 0.763223528862, 0.756055414677, 0.726740062237, 0.63707780838, 0.512276172638, 0.53115260601, 0.578795492649, 0.532775163651, 0.508313536644, 0.542150974274, 0.571064949036, 0.521290838718, 0.482499152422, 0.460417032242, 0.45233297348, 0.499813228846, 0.524908483028, 0.57260209322, 0.600588560104, 0.556605696678, 0.496596634388, 0.508014440536, 0.577705383301, 0.620777189732, 0.619352340698, 0.629580140114, 0.689230442047, 0.732099175453, 0.867483019829],
    "chords_key": "A",
    "chords_scale": "major"
}
}