{
"metadata": {
    "version": {
        "essentia": "2.1-dev",
        "essentia_git_sha": "v2.1_beta3-415-gd5473f3",
        "extractor": "music 2.0"
    },
    "audio_properties": {
        "analysis": {
            "equal_loudness": 0,
            "length": 61.4138793945,
            "sample_rate": 44100,
            "start_time": 0,
            "downmix": "mix"
        },
        "bit_rate": 192000,
        "length": 61.4138793945,
        "lossless": 0,
        "number_channels": 2,
        "replay_gain": -6.76791000366,
        "sample_rate": 44100,
        "codec": "mp3",
        "md5_encoded": "1add87fa7645aa73b3f24206f2850d46"
    },
    "tags": {
        "file_name": "monologo_mujer_12.mp3",
        "date": ["2004"],
        "engineer": ["rosamerica tamyo"]
    }
},
"lowlevel": {
    "average_loudness": 0.972508788109,
    "barkbands_crest": {
        "mean": 11.9076433182,
        "stdev": 4.86107635498
    },
    "barkbands_flatness_db": {
        "mean": 0.190254732966,
        "stdev": 0.0724114701152
    },
    "barkbands_kurtosis": {
        "mean": 13.3815011978,
        "stdev": 33.9242668152
    },
    "barkbands_skewness": {
        "mean": 1.86335003376,
        "stdev": 2.65181827545
    },
    "barkbands_spread": {
        "mean": 22.0017642975,
        "stdev": 23.6279773712
    },
    "dissonance": {
        "mean": 0.41720199585,
        "stdev": 0.066580824554
    },
    "dynamic_complexity": 3.98629307747,
    "erbbands_crest": {
        "mean": 11.3023109436,
        "stdev": 4.39387083054
    },
    "erbbands_flatness_db": {
        "mean": 0.212054938078,
        "stdev": 0.057902097702
    },
    "erbbands_kurtosis": {
        "mean": 2.85130906105,
        "stdev": 6.84201049805
    },
    "erbbands_skewness": {
        "mean": 0.516526639462,
        "stdev": 1.37700676918
    },
    "erbbands_spread": {
        "mean": 31.2264385223,
        "stdev": 20.3874225616
    },
    "hfc": {
        "mean": 16.8398551941,
        "stdev": 15.4092311859
    },
    "loudness_ebu128": {
        "integrated": -18.1506614685,
        "loudness_range": 1.04659843445,
        "momentary": {
            "mean": -18.6641178131,
            "stdev": 2.52010416985
        },
        "short_term": {
            "mean": -18.3067836761,
            "stdev": 0.422748893499
        }
    },
    "melbands_crest": {
        "mean": 15.270617485,
        "stdev": 6.47606754303
    },
    "melbands_flatness_db": {
        "mean": 0.242791116238,
        "stdev": 0.0989545881748
    },
    "melbands_kurtosis": {
        "mean": 15.0486469269,
        "stdev": 24.8971424103
    },
    "melbands_skewness": {
        "mean": 2.36666083336,
        "stdev": 2.0592982769
    },
    "melbands_spread": {
        "mean": 27.3172454834,
        "stdev": 35.085193634
    },
    "pitch_salience": {
        "mean": 0.580917179585,
        "stdev": 0.150585159659
    },
    "silence_rate_20dB": {
        "mean": 1,
        "stdev": 0
    },
    "silence_rate_30dB": {
        "mean": 1,
        "stdev": 0
    },
    "silence_rate_60dB": {
        "mean": 0.187074825168,
        "stdev": 0.389976680279
    },
    "spectral_centroid": {
        "mean": 1449.53173828,
        "stdev": 1185.15673828
    },
    "spectral_complexity": {
        "mean": 8.82577514648,
        "stdev": 6.65701436996
    },
    "spectral_decrease": {
        "mean": -4.81961004439e-09,
        "stdev": 4.31075619645e-09
    },
    "spectral_energy": {
        "mean": 0.0197177603841,
        "stdev": 0.0173618551344
    },
    "spectral_energyband_high": {
        "mean": 0.000759878952522,
        "stdev": 0.00130397919565
    },
    "spectral_energyband_low": {
        "mean": 0.000143343422678,
        "stdev": 0.000354550342308
    },
    "spectral_energyband_middle_high": {
        "mean": 0.0040149805136,
        "stdev": 0.00620340043679
    },
    "spectral_energyband_middle_low": {
        "mean": 0.0152575913817,
        "stdev": 0.0137908523902
    },
    "spectral_entropy": {
        "mean": 7.07216978073,
        "stdev": 0.75964140892
    },
    "spectral_flux": {
        "mean": 0.0927572473884,
        "stdev": 0.0540668405592
    },
    "spectral_kurtosis": {
        "mean": 8.4290895462,
        "stdev": 9.17739391327
    },
    "spectral_rms": {
        "mean": 0.00377757567912,
        "stdev": 0.00222862046212
    },
    "spectral_rolloff": {
        "mean": 3302.7722168,
        "stdev": 5048.77148438
    },
    "spectral_skewness": {
        "mean": 1.83937168121,
        "stdev": 1.06405496597
    },
    "spectral_spread": {
        "mean": 3966776.75,
        "stdev": 1471301.125
    },
    "spectral_strongpeak": {
        "mean": 1.39826524258,
        "stdev": 1.19673752785
    },
    "zerocrossingrate": {
        "mean": 0.120482571423,
        "stdev": 0.126705169678
    },
    "barkbands": {
        "mean": [2.01554917112e-06, 1.11057424874e-05, 2.22606831812e-05, 0.000727249600459, 0.00533418683335, 0.00139933626633, 0.00286908401176, 0.00221718871035, 0.00208963546902, 0.00127092201728, 0.000397735479055, 0.000328621448716, 0.00041304298793, 0.0007004183135, 0.000292696844554, 0.000133262714371, 0.00016395097191, 0.000395532697439, 0.000143294237205, 0.000204034455237, 0.000282463675831, 0.000123279576655, 9.4944050943e-05, 5.36173138244e-05, 1.82705462066e-05, 1.10570654215e-05, 1.85610497283e-05],
        "stdev": [1.29929485411e-05, 3.85951534554e-05, 6.93283509463e-05, 0.00120625866111, 0.00661125546321, 0.00281640165485, 0.00622777920216, 0.00515478057787, 0.00490719778463, 0.00335289957002, 0.00116699934006, 0.000875340308994, 0.00109920103569, 0.00170997378882, 0.000792850391008, 0.00037270077155, 0.000407187646488, 0.000705471029505, 0.000289621879347, 0.000352982082404, 0.000542162917554, 0.000490070378873, 0.000309091759846, 0.000154875204316, 5.0967464631e-05, 3.81144745916e-05, 5.47162562725e-06]
    },
    "erbbands": {
        "mean": [0.000329378613969, 0.00327876000665, 0.0350639261305, 1.16612613201, 13.2072095871, 16.4675121307, 9.58884620667, 14.1273765564, 39.1777076721, 38.6355743408, 54.5310592651, 47.143497467, 50.1729125977, 23.9777927399, 15.3400945663, 13.46961689, 18.9327392578, 35.2823028564, 23.5064468384, 10.7283830643, 6.86016273499, 9.88965892792, 17.9342384338, 16.368106842, 4.9838757515, 9.57077980042, 15.5397415161, 7.0996837616, 4.31805419922, 3.42177271843, 2.92823314667, 1.38870704174, 0.777222573757, 0.246941804886, 0.115031801164, 0.0709730908275, 0.0150378178805, 0.000851314165629, 0.000878464605194, 0.000578373728786],
        "stdev": [0.000661630067043, 0.0104908933863, 0.0634873956442, 1.68035829067, 16.7200298309, 26.9200878143, 31.3151779175, 27.6866035461, 78.0191116333, 93.3377456665, 116.226745605, 113.851501465, 119.779983521, 66.2020568848, 39.9368019104, 34.8661270142, 51.0545082092, 89.1121826172, 53.4750976562, 29.186832428, 16.9129238129, 22.9800262451, 33.1087760925, 29.21575737, 10.2164535522, 16.5906162262, 27.1633815765, 18.2540168762, 17.7166728973, 12.7852125168, 9.62731552124, 4.21168518066, 2.24623990059, 0.698511838913, 0.320255160332, 0.229799374938, 0.0557098947465, 0.00326849380508, 0.000261737266555, 0.000166970174178]
    },
    "gfcc": {
        "mean": [-83.2125244141, 66.5155334473, -118.195907593, 4.12594223022, -67.2194671631, -30.5991821289, -37.3921737671, -16.0907745361, -22.7851638794, -17.5817089081, -7.36208629608, -23.3833961487, -6.70509195328],
        "cov": [[9035.22949219, 325.244262695, -2808.17016602, -54.1039466858, -1749.9251709, -59.2741012573, -719.787780762, 411.500946045, -585.815612793, 63.241027832, -363.615600586, -185.578826904, -311.085235596], [325.244262695, 3007.23291016, -331.468414307, -1324.93225098, 37.7711982727, -680.450561523, 20.5242118835, -284.907623291, -153.845840454, -493.077972412, 346.54107666, -333.291046143, 20.0309753418], [-2808.17016602, -331.468414307, 1741.50830078, 494.269042969, 391.415985107, 77.3475952148, 52.7755126953, -129.537521362, 70.4186706543, -41.6936950684, 36.5007095337, 167.012634277, 7.19013309479], [-54.1039466858, -1324.93225098, 494.269042969, 1153.52954102, -44.514755249, 62.7956008911, -135.538406372, 109.142051697, 44.1998100281, 161.895126343, -178.969970703, 149.585586548, -22.3182373047], [-1749.9251709, 37.7711982727, 391.415985107, -44.514755249, 653.164550781, 34.667514801, 111.788978577, -39.7980690002, 180.374221802, 20.9963302612, -2.19167566299, -14.169675827, 67.3930206299], [-59.2741012573, -680.450561523, 77.3475952148, 62.7956008911, 34.667514801, 570.859008789, 130.260940552, 19.3024482727, 38.0574378967, 97.468536377, -77.2457351685, 52.2825660706, -84.6045074463], [-719.787780762, 20.5242118835, 52.7755126953, -135.538406372, 111.788978577, 130.260940552, 373.874450684, -61.1981468201, 16.3365077972, 18.4946575165, 43.870677948, -39.6293525696, -16.9070701599], [411.500946045, -284.907623291, -129.537521362, 109.142051697, -39.7980690002, 19.3024482727, -61.1981468201, 184.658325195, 6.77105474472, 48.3840827942, -62.593662262, 45.6556739807, 23.8801193237], [-585.815612793, -153.845840454, 70.4186706543, 44.1998100281, 180.374221802, 38.0574378967, 16.3365077972, 6.77105474472, 200.427764893, 42.2894363403, -28.9528884888, 17.6244544983, 45.8667869568], [63.241027832, -493.077972412, -41.6936950684, 161.895126343, 20.9963302612, 97.468536377, 18.4946575165, 48.3840827942, 42.2894363403, 254.942443848, -95.1511154175, 19.7374401093, -11.5405702591], [-363.615600586, 346.54107666, 36.5007095337, -178.969970703, -2.19167566299, -77.2457351685, 43.870677948, -62.593662262, -28.9528884888, -95.1511154175, 252.802734375, 10.3978490829, 2.7885081768], [-185.578826904, -333.291046143, 167.012634277, 149.585586548, -14.169675827, 52.2825660706, -39.6293525696, 45.6556739807, 17.6244544983, 19.7374401093, 10.3978490829, 174.337478638, 23.1501026154], [-311.085235596, 20.0309753418, 7.19013309479, -22.3182373047, 67.3930206299, -84.6045074463, -16.9070701599, 23.8801193237, 45.8667869568, -11.5405702591, 2.7885081768, 23.1501026154, 158.620697021]],
        "icov": [[0.00271891849115, -0.0030842567794, 0.00368128833361, -0.00325110158883, 0.00365132954903, -0.00344217033125, 0.00293728383258, -0.00271408213302, 0.00277114775963, -0.00189978675917, 0.00274856807664, -0.00148115877528, 0.00166019168682], [-0.0030842567794, 0.00581949204206, -0.00448435219005, 0.00580026302487, -0.00424493430182, 0.00599825475365, -0.00307150208391, 0.00391797302291, -0.00286094774492, 0.00407534558326, -0.00328532373533, 0.00345008377917, -0.00100068852771], [0.00368128833361, -0.00448435219005, 0.00608048588037, -0.00521695008501, 0.00421989895403, -0.00500230118632, 0.0038746309001, -0.00282408040948, 0.00408180477098, -0.00241972878575, 0.00367095624097, -0.00318913557567, 0.0021980414167], [-0.00325110158883, 0.00580026302487, -0.00521695008501, 0.0072955568321, -0.00406663911417, 0.00621340796351, -0.00302326213568, 0.0034264603164, -0.00338472495787, 0.00336762843654, -0.00269995490089, 0.00281319511123, -0.000781106180511], [0.00365132954903, -0.00424493430182, 0.00421989895403, -0.00406663911417, 0.00764418765903, -0.00468494230881, 0.00346501241438, -0.00397761771455, 0.00157901935745, -0.00287045608275, 0.00376321142539, -0.00119759014342, 0.00159827468451], [-0.00344217033125, 0.00599825475365, -0.00500230118632, 0.00621340796351, -0.00468494230881, 0.00876756478101, -0.00443998165429, 0.00396502111107, -0.0037351672072, 0.00370576255955, -0.00279204291292, 0.00229721399955, 0.000252978148637], [0.00293728383258, -0.00307150208391, 0.0038746309001, -0.00302326213568, 0.00346501241438, -0.00443998165429, 0.00674784276634, -0.00216469378211, 0.00326567632146, -0.00239062355831, 0.00218067481183, -0.000561491237022, 0.00167758448515], [-0.00271408213302, 0.00391797302291, -0.00282408040948, 0.0034264603164, -0.00397761771455, 0.00396502111107, -0.00216469378211, 0.0108078839257, -0.00218174699694, 0.00218815519474, -0.0016085995594, -7.66672892496e-05, -0.0024309612345], [0.00277114775963, -0.00286094774492, 0.00408180477098, -0.00338472495787, 0.00157901935745, -0.0037351672072, 0.00326567632146, -0.00218174699694, 0.0103616276756, -0.00233971537091, 0.00307177426293, -0.00195772876032, 0.000213510429603], [-0.00189978675917, 0.00407534558326, -0.00241972878575, 0.00336762843654, -0.00287045608275, 0.00370576255955, -0.00239062355831, 0.00218815519474, -0.00233971537091, 0.00825638789684, -0.000767216901295, 0.00209172139876, -5.96107893216e-05], [0.00274856807664, -0.00328532373533, 0.00367095624097, -0.00269995490089, 0.00376321142539, -0.00279204291292, 0.00218067481183, -0.0016085995594, 0.00307177426293, -0.000767216901295, 0.00855822861195, -0.00350286555476, 0.00206230022013], [-0.00148115877528, 0.00345008377917, -0.00318913557567, 0.00281319511123, -0.00119759014342, 0.00229721399955, -0.000561491237022, -7.66672892496e-05, -0.00195772876032, 0.00209172139876, -0.00350286555476, 0.0109288431704, -0.00192950537894], [0.00166019168682, -0.00100068852771, 0.0021980414167, -0.000781106180511, 0.00159827468451, 0.000252978148637, 0.00167758448515, -0.0024309612345, 0.000213510429603, -5.96107893216e-05, 0.00206230022013, -0.00192950537894, 0.00965706538409]]
    },
    "melbands": {
        "mean": [2.98317831948e-06, 7.41336498322e-06, 0.000506647164002, 0.00122124922927, 0.000400063581765, 0.000324355380144, 0.000604081549682, 0.000422354816692, 0.000447521801107, 0.000287946109893, 0.000248393829679, 9.87055027508e-05, 5.2703802794e-05, 3.98798729293e-05, 3.37492965627e-05, 4.63259966637e-05, 6.85969207552e-05, 4.14329733758e-05, 1.81468149094e-05, 1.11964673124e-05, 7.18876435712e-06, 9.43619943428e-06, 1.28076089823e-05, 1.96481159946e-05, 1.30395510496e-05, 3.68628593606e-06, 3.06812216877e-06, 7.13750705472e-06, 1.06598454295e-05, 6.79850745655e-06, 3.25046403304e-06, 2.27264558816e-06, 2.54239012065e-06, 1.59765113494e-06, 1.90293860669e-06, 1.08628398721e-06, 7.68806103224e-07, 6.23746132078e-07, 3.20056159353e-07, 1.62496064604e-07],
        "stdev": [8.46487728268e-06, 2.17102187889e-05, 0.00067151687108, 0.00152903364506, 0.00114345946349, 0.000621123297606, 0.00120299810078, 0.000997416093014, 0.000955489696935, 0.000729641062208, 0.000608210393693, 0.000285097456072, 0.000139882133226, 0.00011054053175, 9.16754870559e-05, 0.000124176105601, 0.000179721348104, 9.91192791844e-05, 5.06683900312e-05, 3.30422881234e-05, 1.9089133275e-05, 2.35991756199e-05, 2.92118238576e-05, 3.49265610566e-05, 2.50407265412e-05, 8.62191973283e-06, 7.03968817106e-06, 1.31446904561e-05, 1.85554017662e-05, 1.46020856846e-05, 1.07503237814e-05, 1.0341160305e-05, 1.0911314348e-05, 5.78293656872e-06, 6.46396756565e-06, 3.5948914956e-06, 2.35053880715e-06, 1.84879502285e-06, 9.34465333557e-07, 4.77183220937e-07]
    },
    "melbands128": {
        "mean": [9.87769453786e-07, 2.02677142624e-06, 4.05705395679e-06, 4.39540917796e-06, 4.59560578747e-06, 1.37711349453e-05, 8.49081552587e-05, 0.000510825251695, 0.00152350089047, 0.00164518284146, 0.000876824255101, 0.000577648344915, 0.000325983419316, 0.000105675237137, 0.000216273838305, 0.000490612583235, 0.000641307211481, 0.000648881192319, 0.000575690646656, 0.000380535784643, 0.000369946443243, 0.000462136114947, 0.000507478427608, 0.000379762728699, 0.00027896053507, 0.000268554751528, 0.000264817295829, 0.000298816768918, 0.000185211305507, 9.85166261671e-05, 8.14215818536e-05, 6.18884587311e-05, 5.26202129549e-05, 4.31183798355e-05, 4.45912701252e-05, 4.08108680858e-05, 2.94706896966e-05, 3.03399920085e-05, 3.6502344301e-05, 4.41008887719e-05, 3.82540165447e-05, 6.21116923867e-05, 7.9382021795e-05, 6.94874033798e-05, 4.62291645817e-05, 4.06421895605e-05, 2.94612855214e-05, 1.76197809196e-05, 1.39348139783e-05, 1.31503447847e-05, 1.12346124297e-05, 9.06098193809e-06, 6.4068726715e-06, 6.20114997218e-06, 9.1687488748e-06, 8.89958846528e-06, 1.09360580609e-05, 1.09964585135e-05, 1.36929629662e-05, 1.59017890837e-05, 1.90372193174e-05, 2.41057168751e-05, 1.97803856281e-05, 8.38823689264e-06, 4.64264712718e-06, 3.7543243252e-06, 2.86919157588e-06, 2.69860674962e-06, 2.40347367253e-06, 4.44666329713e-06, 6.83252437739e-06, 7.96761105448e-06, 1.12422558232e-05, 1.09420507215e-05, 1.10567061711e-05, 7.21461810826e-06, 5.08774792252e-06, 3.87415957448e-06, 3.05048160953e-06, 2.57270539805e-06, 2.25307530854e-06, 1.89888316982e-06, 2.78918764707e-06, 2.74906892628e-06, 2.44707825914e-06, 1.39073529226e-06, 1.31502031309e-06, 1.78672462425e-06, 2.34888398154e-06, 1.63460242675e-06, 1.27522184812e-06, 9.15709563287e-07, 7.70641008785e-07, 7.698734521e-07, 7.5732998539e-07, 7.57418320063e-07, 6.08950415426e-07, 4.25034812679e-07, 3.28215094214e-07, 2.69993648772e-07, 1.93889690081e-07, 1.42675062875e-07, 1.202233193e-07, 1.32734712111e-07, 1.28532519739e-07, 1.20787106539e-07, 1.24381315914e-07, 1.3072040872e-07, 1.37661828603e-07, 1.2839072383e-07, 9.35182171702e-08, 5.36295203801e-08, 3.63300571848e-08, 2.89362169781e-08, 1.55821542336e-08, 2.58994381497e-09, 1.82757003975e-10, 5.05754639557e-11, 7.75433016409e-12, 4.66974348079e-10, 5.44761347143e-09, 7.18360793073e-09, 2.53759111501e-07, 4.77733408388e-07, 4.38794822699e-09, 3.17097903491e-09, 2.26210744581e-10, 2.92288350641e-12],
        "stdev": [4.83699386677e-06, 3.8877683437e-06, 1.18256575661e-05, 1.97122863028e-05, 1.85174740182e-05, 4.49635881523e-05, 0.000232131933444, 0.000840123044327, 0.00220812018961, 0.00262297480367, 0.00202881358564, 0.00197341525927, 0.0013830215903, 0.000536009843927, 0.000669123430271, 0.00108728487976, 0.00157109438442, 0.00179560063407, 0.00190905877389, 0.00134177622385, 0.00144300155807, 0.0013056541793, 0.00141499412712, 0.00122178229503, 0.00102475727908, 0.00108341767918, 0.000848390627652, 0.000992838409729, 0.000659996061586, 0.000418261712184, 0.000389546679799, 0.000225821277127, 0.000187491474207, 0.000193857820705, 0.000169645732967, 0.000162112221005, 0.000113505440822, 0.000127248335048, 0.00013242525165, 0.000197117798962, 0.000140540476423, 0.000229750032304, 0.000298914092127, 0.000232739417697, 0.000150915599079, 0.000148227307363, 0.000109822904051, 6.95288035786e-05, 6.96126226103e-05, 5.13445447723e-05, 4.75615088362e-05, 3.39300750056e-05, 2.37338754232e-05, 2.25304593187e-05, 3.54289368261e-05, 2.64865375357e-05, 3.51717535523e-05, 3.1500159821e-05, 4.33754721598e-05, 4.1548464651e-05, 4.59678230982e-05, 5.5030657677e-05, 5.02480979776e-05, 2.15609052248e-05, 1.34065203383e-05, 9.92385321297e-06, 9.21754053707e-06, 8.52764515002e-06, 6.53817460261e-06, 1.30329453896e-05, 1.56209916895e-05, 1.67626312759e-05, 2.3482092729e-05, 2.21779464482e-05, 2.97131318803e-05, 1.6612069885e-05, 1.50225523612e-05, 1.32778159241e-05, 1.16620230983e-05, 1.13268879431e-05, 1.29268810269e-05, 1.06680563476e-05, 1.57642843988e-05, 1.20074237202e-05, 1.20277818496e-05, 5.94139555687e-06, 4.68489952254e-06, 6.74051398164e-06, 8.42036024551e-06, 5.84371446166e-06, 4.63074002255e-06, 3.22201231029e-06, 2.48854416895e-06, 2.46991794484e-06, 2.49992854151e-06, 2.33378614212e-06, 1.94889389604e-06, 1.36126845973e-06, 9.81409925771e-07, 8.66026425683e-07, 6.0599546714e-07, 4.48291103794e-07, 3.71708438252e-07, 4.09300071169e-07, 3.70416898932e-07, 3.50268948068e-07, 3.6661541003e-07, 4.15007946231e-07, 4.95230551678e-07, 5.01972294842e-07, 3.68362407244e-07, 1.9415519148e-07, 1.54888596171e-07, 1.5301726819e-07, 6.92049013651e-08, 1.35996467421e-08, 4.25666640824e-10, 1.36977817977e-10, 4.90738873149e-11, 1.0686010965e-09, 8.91573481709e-09, 1.080925216e-08, 7.60925544796e-08, 1.45676750662e-07, 7.09346226202e-09, 6.02566085917e-09, 5.65468061264e-10, 4.41356673431e-12]
    },
    "mfcc": {
        "mean": [-736.770874023, 112.288360596, -11.2416524887, 16.9064750671, -15.6068048477, -19.5867099762, -12.9669456482, -14.0011339188, -18.9293498993, -0.984390795231, -15.5974302292, 0.328939676285, -19.8070602417],
        "cov": [[10339.2294922, -350.053894043, -2036.1920166, -609.356994629, -1242.37585449, -827.940429688, -423.796600342, -177.654388428, -480.335906982, 377.962432861, -501.864135742, 280.522186279, -638.324890137], [-350.053894043, 3553.28198242, -631.592102051, -788.132507324, -206.690734863, -609.160644531, 73.1562347412, -133.846694946, -480.218902588, 2.72264170647, -257.97869873, 47.7579498291, -317.706726074], [-2036.1920166, -631.592102051, 1451.8963623, 438.206848145, 289.869934082, 269.745788574, 53.8926200867, 85.670425415, 35.3935432434, -284.951690674, 114.681495667, -114.658363342, 231.344161987], [-609.356994629, -788.132507324, 438.206848145, 858.517089844, 231.772064209, -18.9406814575, -80.1388397217, -83.8992385864, 170.484558105, -182.387573242, 73.4931030273, -5.4484834671, 109.413246155], [-1242.37585449, -206.690734863, 289.869934082, 231.772064209, 577.485229492, 76.1024703979, -85.0441894531, 18.8601875305, 164.271606445, -93.2023010254, 41.4481201172, -34.3879203796, 140.180358887], [-827.940429688, -609.160644531, 269.745788574, -18.9406814575, 76.1024703979, 584.099975586, 77.1795883179, 108.046630859, 139.891265869, 130.395401001, 169.964172363, -89.6654815674, 104.534721375], [-423.796600342, 73.1562347412, 53.8926200867, -80.1388397217, -85.0441894531, 77.1795883179, 280.68157959, 33.7137145996, -43.2945594788, 34.3809127808, 32.0306167603, -10.7701025009, 24.7001800537], [-177.654388428, -133.846694946, 85.670425415, -83.8992385864, 18.8601875305, 108.046630859, 33.7137145996, 234.949768066, -1.67244541645, 16.3802604675, 5.50986051559, -33.061706543, 70.611831665], [-480.335906982, -480.218902588, 35.3935432434, 170.484558105, 164.271606445, 139.891265869, -43.2945594788, -1.67244541645, 371.302947998, 38.8086700439, 42.9235610962, -30.2801399231, 66.9039382935], [377.962432861, 2.72264170647, -284.951690674, -182.387573242, -93.2023010254, 130.395401001, 34.3809127808, 16.3802604675, 38.8086700439, 292.386474609, 26.4752426147, -20.6912460327, -65.4438476562], [-501.864135742, -257.97869873, 114.681495667, 73.4931030273, 41.4481201172, 169.964172363, 32.0306167603, 5.50986051559, 42.9235610962, 26.4752426147, 200.902191162, -12.2782335281, 58.8593635559], [280.522186279, 47.7579498291, -114.658363342, -5.4484834671, -34.3879203796, -89.6654815674, -10.7701025009, -33.061706543, -30.2801399231, -20.6912460327, -12.2782335281, 154.070648193, -10.4844417572], [-638.324890137, -317.706726074, 231.344161987, 109.413246155, 140.180358887, 104.534721375, 24.7001800537, 70.611831665, 66.9039382935, -65.4438476562, 58.8593635559, -10.4844417572, 205.103424072]],
        "icov": [[0.00030587828951, 0.000255982740782, 0.000248296477366, 8.89000075404e-05, 0.00038610844058, 0.00024337026116, 0.000419950840296, 2.40351273533e-05, 0.000360330741387, -0.000166633180925, 0.000423861813033, -8.49174102768e-05, 0.000277526734862], [0.000255982740782, 0.000760540482588, 0.000230338235269, 0.000548186362721, 4.64528820885e-05, 0.000648949004244, 0.000116912953672, 0.000247803021921, 0.000647738983389, -4.48073878943e-05, 0.000391242298065, 0.000133673922392, 0.000629595539067], [0.000248296477366, 0.000230338235269, 0.00160316762049, -0.000377674150513, 7.64267097111e-05, -0.000585191650316, 6.19978891336e-05, -9.42130573094e-05, 0.000747610931285, 0.0011634894181, 0.000382829573937, 0.000639910635073, -0.000156045483891], [8.89000075404e-05, 0.000548186362721, -0.000377674150513, 0.0023491664324, -0.000265631329967, 0.000908775138669, 0.000211793216295, 0.000861808890477, -0.000436877598986, 0.000563723559026, -0.000513762119226, 0.000100014753116, 0.000169739942066], [0.00038610844058, 4.64528820885e-05, 7.64267097111e-05, -0.000265631329967, 0.00320051424205, 0.000125051796203, 0.00138011691161, 3.856775038e-06, -0.000485937285703, -6.08668915447e-06, 0.000516886240803, 8.60873769852e-05, -0.00107695651241], [0.00024337026116, 0.000648949004244, -0.000585191650316, 0.000908775138669, 0.000125051796203, 0.00433560460806, -0.000101184159575, -0.000587042130064, -0.000421972334152, -0.00190102669876, -0.00181004672777, 0.000884759880137, -4.72480533062e-05], [0.000419950840296, 0.000116912953672, 6.19978891336e-05, 0.000211793216295, 0.00138011691161, -0.000101184159575, 0.0049055009149, -9.2024449259e-05, 0.000752328895032, -0.000726756581571, 0.00023808646074, -0.0001532574679, -0.000699059222825], [2.40351273533e-05, 0.000247803021921, -9.42130573094e-05, 0.000861808890477, 3.856775038e-06, -0.000587042130064, -9.2024449259e-05, 0.00576318660751, 0.000536604609806, -0.000212763683521, 0.00103570439387, 0.000747626763768, -0.00207322114147], [0.000360330741387, 0.000647738983389, 0.000747610931285, -0.000436877598986, -0.000485937285703, -0.000421972334152, 0.000752328895032, 0.000536604609806, 0.00463937409222, -0.000842222885694, 0.00100725376979, 0.000358599674655, -0.000266387854936], [-0.000166633180925, -4.48073878943e-05, 0.0011634894181, 0.000563723559026, -6.08668915447e-06, -0.00190102669876, -0.000726756581571, -0.000212763683521, -0.000842222885694, 0.00664989510551, -0.000723831064533, 0.000776056898758, 0.00157670548651], [0.000423861813033, 0.000391242298065, 0.000382829573937, -0.000513762119226, 0.000516886240803, -0.00181004672777, 0.00023808646074, 0.00103570439387, 0.00100725376979, -0.000723831064533, 0.0079796789214, -0.000652139133308, -0.000931360234972], [-8.49174102768e-05, 0.000133673922392, 0.000639910635073, 0.000100014753116, 8.60873769852e-05, 0.000884759880137, -0.0001532574679, 0.000747626763768, 0.000358599674655, 0.000776056898758, -0.000652139133308, 0.00783130805939, -0.00086294132052], [0.000277526734862, 0.000629595539067, -0.000156045483891, 0.000169739942066, -0.00107695651241, -4.72480533062e-05, -0.000699059222825, -0.00207322114147, -0.000266387854936, 0.00157670548651, -0.000931360234972, -0.00086294132052, 0.00917125213891]]
    },
    "spectral_contrast_coeffs": {
        "mean": [-0.549270272255, -0.67850869894, -0.739126503468, -0.768615782261, -0.762269377708, -0.761830210686],
        "stdev": [0.151839420199, 0.152170315385, 0.126663252711, 0.0879666134715, 0.0731047838926, 0.0605837479234]
    },
    "spectral_contrast_valleys": {
        "mean": [-8.89810562134, -7.68732595444, -8.61802101135, -8.72700691223, -8.36776733398, -11.2847700119],
        "stdev": [0.619156599045, 1.07230556011, 0.981402277946, 1.01033198833, 1.10832715034, 1.1984552145]
    }
},
"rhythm": {
    "beats_count": 123,
    "beats_loudness": {
        "mean": 0.030126478523,
        "stdev": 0.0158538222313
    },
    "bpm": 111.590324402,
    "bpm_histogram_first_peak_bpm": 112,
    "bpm_histogram_first_peak_weight": 0.631578922272,
    "bpm_histogram_second_peak_bpm": 129,
    "bpm_histogram_second_peak_spread": 0.533333301544,
    "bpm_histogram_second_peak_weight": 0.114754095674,
    "danceability": 1.55864751339,
    "onset_rate": 6.00699424744,
    "beats_loudness_band_ratio": {
        "mean": [0.151045680046, 0.26906222105, 0.381444334984, 0.15801268816, 0.0863471627235, 0.0843108221889],
        "stdev": [0.174574628472, 0.206755578518, 0.207060709596, 0.163466185331, 0.0841276869178, 0.174963012338]
    },
    "beats_position": [0.53405892849, 1.07972788811, 1.64861679077, 2.19428563118, 2.73995471001, 3.26240348816, 3.80807256699, 4.34213161469, 4.87619018555, 5.41024923325, 5.95591831207, 6.5015873909, 7.05886602402, 7.59292507172, 8.13859367371, 8.68426322937, 9.2067117691, 9.72916126251, 10.2632198334, 10.7856683731, 11.3197278976, 11.8421764374, 12.3065757751, 12.7593650818, 13.235373497, 13.6997728348, 14.1293420792, 14.5589113235, 14.9768705368, 15.4180498123, 15.8592290878, 16.3120174408, 16.7648067474, 17.2292060852, 17.6703853607, 18.1115646362, 18.5411338806, 18.9823131561, 19.4118824005, 19.8414516449, 20.2826309204, 20.7121982574, 21.1417675018, 21.5829467773, 22.0473461151, 22.4769153595, 22.9064846039, 23.3360538483, 23.7540130615, 24.2764625549, 24.7989120483, 25.3329696655, 25.8670291901, 26.3778686523, 26.9003162384, 27.4111557007, 27.9568252563, 28.4908847809, 29.0249423981, 29.5590019226, 30.081451416, 30.6038990021, 31.1147384644, 31.6371879578, 32.1596374512, 32.6704750061, 33.204536438, 33.7618141174, 34.3074836731, 34.8647613525, 35.4104309082, 35.9444885254, 36.4901580811, 37.0358276367, 37.6163253784, 38.1852149963, 38.7424926758, 39.3113822937, 39.8686599731, 40.4259414673, 40.9832191467, 41.5404968262, 42.0977783203, 42.6318359375, 43.1658935547, 43.6999549866, 44.2340126038, 44.7680702209, 45.2905197144, 45.8245811462, 46.3702468872, 46.9043083191, 47.4383659363, 47.8911552429, 48.3323364258, 48.7619056702, 49.2146911621, 49.655872345, 50.1086616516, 50.5498390198, 50.9910202026, 51.4554176331, 51.9082069397, 52.3609962463, 52.8253974915, 53.2781867981, 53.73097229, 54.1837615967, 54.6365509033, 55.0777320862, 55.5189094543, 55.9833106995, 56.4361000061, 56.8888893127, 57.3532867432, 57.8176841736, 58.2588653564, 58.7232627869, 59.187664032, 59.6520614624, 60.1164627075, 60.5924720764, 61.0568695068],
    "bpm_histogram": [0, 0, 0, 0, 0, 0, 0, 0, 0, 0, 0, 0, 0, 0, 0, 0, 0, 0, 0, 0, 0, 0, 0, 0, 0, 0, 0, 0, 0, 0, 0, 0, 0, 0, 0, 0, 0, 0, 0, 0, 0, 0, 0, 0, 0, 0, 0, 0, 0, 0, 0, 0, 0, 0, 0, 0, 0, 0, 0, 0, 0, 0, 0, 0, 0, 0, 0, 0, 0, 0, 0, 0, 0, 0, 0, 0, 0, 0, 0, 0, 0, 0, 0, 0, 0, 0, 0, 0, 0, 0, 0, 0, 0, 0, 0, 0, 0, 0, 0, 0, 0, 0, 0, 0.00819672085345, 0, 0.024590164423, 0, 0, 0.073770493269, 0, 0.114754095674, 0, 0.172131150961, 0, 0, 0.106557376683, 0, 0.0327868834138, 0, 0, 0, 0, 0, 0, 0, 0, 0.0163934417069, 0, 0, 0.114754095674, 0, 0, 0, 0.114754095674, 0, 0, 0.114754095674, 0, 0, 0, 0.0901639312506, 0, 0, 0, 0.0163934417069, 0, 0, 0, 0, 0, 0, 0, 0, 0, 0, 0, 0, 0, 0, 0, 0, 0, 0, 0, 0, 0, 0, 0, 0, 0, 0, 0, 0, 0, 0, 0, 0, 0, 0, 0, 0, 0, 0, 0, 0, 0, 0, 0, 0, 0, 0, 0, 0, 0, 0, 0, 0, 0, 0, 0, 0, 0, 0, 0, 0, 0, 0, 0, 0, 0, 0, 0, 0, 0, 0, 0, 0, 0, 0, 0, 0, 0, 0, 0, 0, 0, 0, 0, 0, 0, 0, 0, 0, 0, 0, 0, 0, 0, 0, 0, 0, 0, 0, 0, 0, 0, 0, 0, 0, 0]
},
"tonal": {
    "chords_changes_rate": 0.211480364203,
    "chords_number_rate": 0.0128398789093,
    "chords_strength": {
        "mean": 0.415681958199,
        "stdev": 0.0720670446754
    },
    "hpcp_crest": {
        "mean": 15.6086835861,
        "stdev": 8.52395439148
    },
    "hpcp_entropy": {
        "mean": 1.83920609951,
        "stdev": 0.963008999825
    },
    "key_edma": {
        "strength": 0.439144790173,
        "key": "C",
        "scale": "minor"
    },
    "key_krumhansl": {
        "strength": 0.436830461025,
        "key": "C",
        "scale": "minor"
    },
    "key_temperley": {
        "strength": 0.439804524183,
        "key": "C",
        "scale": "minor"
    },
    "tuning_diatonic_strength": 0.542991161346,
    "tuning_equal_tempered_deviation": 0.20876249671,
    "tuning_frequency": 434.946166992,
    "tuning_nontempered_energy_ratio": 0.873583614826,
    "hpcp": {
        "mean": [0.155031651258, 0.13004091382, 0.107827395201, 0.0998449400067, 0.0991104543209, 0.103151336312, 0.103679403663, 0.101965881884, 0.0990421697497, 0.0941878333688, 0.09605769068, 0.104732044041, 0.0986733138561, 0.0927117094398, 0.0942919999361, 0.0936491116881, 0.0971901789308, 0.100220881402, 0.0941064953804, 0.0882075950503, 0.0908053740859, 0.082827039063, 0.0726593211293, 0.0878547281027, 0.102563008666, 0.0993087887764, 0.121365346014, 0.151902094483, 0.150599956512, 0.176184743643, 0.233260273933, 0.242786809802, 0.22410748899, 0.196956858039, 0.154420003295, 0.14825835824],
        "stdev": [0.274321377277, 0.252283871174, 0.226649194956, 0.216164976358, 0.214658036828, 0.216674879193, 0.217117726803, 0.223130017519, 0.219670370221, 0.20703355968, 0.208825260401, 0.218387544155, 0.203154563904, 0.195860177279, 0.191364422441, 0.190819293261, 0.190834030509, 0.19393594563, 0.193520367146, 0.1855930686, 0.19203299284, 0.18069589138, 0.162951767445, 0.185131639242, 0.225725591183, 0.203491702676, 0.233737617731, 0.271631985903, 0.258862912655, 0.269378036261, 0.326783686876, 0.332651674747, 0.317059129477, 0.300209850073, 0.263268947601, 0.266324818134]
    },
    "chords_histogram": [12.6888217926, 7.09969806671, 7.40181255341, 0, 0.07552870363, 1.8882175684, 0.226586103439, 9.96978855133, 8.30815696716, 11.4803628922, 3.17220544815, 6.26888227463, 8.00604248047, 3.17220544815, 0, 0.906344413757, 3.24773406982, 2.19033241272, 0.15105740726, 2.26586103439, 0.30211481452, 2.26586103439, 4.68277931213, 4.22960710526],
    "thpcp": [1, 0.923062860966, 0.811233758926, 0.636031270027, 0.610652446747, 0.638550579548, 0.53561770916, 0.444123774767, 0.411245316267, 0.408220082521, 0.42486384511, 0.427038878202, 0.419981151819, 0.407938838005, 0.387944608927, 0.395646244287, 0.431374520063, 0.406419575214, 0.381864696741, 0.38837364316, 0.385725706816, 0.400310784578, 0.412793755531, 0.387609601021, 0.363312959671, 0.374012798071, 0.341151326895, 0.299272119999, 0.361859560013, 0.422440618277, 0.40903699398, 0.499884426594, 0.625660419464, 0.620297133923, 0.725676774979, 0.960761725903],
    "chords_key": "C",
    "chords_scale": "minor"
}
}