{
"metadata": {
    "version": {
        "essentia": "2.1-dev",
        "essentia_git_sha": "v2.1_beta3-415-gd5473f3",
        "extractor": "music 2.0"
    },
    "audio_properties": {
        "analysis": {
            "equal_loudness": 0,
            "length": 60.238368988,
            "sample_rate": 44100,
            "start_time": 0,
            "downmix": "mix"
        },
        "bit_rate": 192000,
        "length": 60.238368988,
        "lossless": 0,
        "number_channels": 2,
        "replay_gain": -5.71258354187,
        "sample_rate": 44100,
        "codec": "mp3",
        "md5_encoded": "cbf2f28ca9842fb3042591ebfebad46d"
    },
    "tags": {
        "file_name": "monologo_hombre_01.mp3",
        "date": ["2004"],
        "engineer": ["rosamerica tamyo"]
    }
},
"lowlevel": {
    "average_loudness": 0.975930392742,
    "barkbands_crest": {
        "mean": 11.0097026825,
        "stdev": 4.44689035416
    },
    "barkbands_flatness_db": {
        "mean": 0.187401667237,
        "stdev": 0.0773285254836
    },
    "barkbands_kurtosis": {
        "mean": 13.2541570663,
        "stdev": 26.887840271
    },
    "barkbands_skewness": {
        "mean": 1.7266753912,
        "stdev": 2.58155107498
    },
    "barkbands_spread": {
        "mean": 27.8943080902,
        "stdev": 33.2540969849
    },
    "dissonance": {
        "mean": 0.433970779181,
        "stdev": 0.052808906883
    },
    "dynamic_complexity": 5.25864982605,
    "erbbands_crest": {
        "mean": 9.84362792969,
        "stdev": 3.42624187469
    },
    "erbbands_flatness_db": {
        "mean": 0.18538145721,
        "stdev": 0.0589285008609
    },
    "erbbands_kurtosis": {
        "mean": 2.53685235977,
        "stdev": 6.57029294968
    },
    "erbbands_skewness": {
        "mean": 0.485199779272,
        "stdev": 1.20210886002
    },
    "erbbands_spread": {
        "mean": 31.0820884705,
        "stdev": 20.6108264923
    },
    "hfc": {
        "mean": 16.0147323608,
        "stdev": 16.1238136292
    },
    "loudness_ebu128": {
        "integrated": -18.4896450043,
        "loudness_range": 1.19017982483,
        "momentary": {
            "mean": -19.4581737518,
            "stdev": 3.7587928772
        },
        "short_term": {
            "mean": -18.6773490906,
            "stdev": 0.412648051977
        }
    },
    "melbands_crest": {
        "mean": 15.7727556229,
        "stdev": 6.12254333496
    },
    "melbands_flatness_db": {
        "mean": 0.266653031111,
        "stdev": 0.112464874983
    },
    "melbands_kurtosis": {
        "mean": 20.2789287567,
        "stdev": 37.4679756165
    },
    "melbands_skewness": {
        "mean": 2.58515071869,
        "stdev": 2.38166165352
    },
    "melbands_spread": {
        "mean": 25.5708427429,
        "stdev": 34.7030410767
    },
    "pitch_salience": {
        "mean": 0.556105434895,
        "stdev": 0.146790489554
    },
    "silence_rate_20dB": {
        "mean": 1,
        "stdev": 0
    },
    "silence_rate_30dB": {
        "mean": 1,
        "stdev": 0
    },
    "silence_rate_60dB": {
        "mean": 0.219953775406,
        "stdev": 0.414211511612
    },
    "spectral_centroid": {
        "mean": 1236.72973633,
        "stdev": 1134.68017578
    },
    "spectral_complexity": {
        "mean": 11.1922187805,
        "stdev": 8.89130401611
    },
    "spectral_decrease": {
        "mean": -6.59346044429e-09,
        "stdev": 5.92397686461e-09
    },
    "spectral_energy": {
        "mean": 0.0263377893716,
        "stdev": 0.023492205888
    },
    "spectral_energyband_high": {
        "mean": 0.000535553728696,
        "stdev": 0.0013022525236
    },
    "spectral_energyband_low": {
        "mean": 0.0104743661359,
        "stdev": 0.0094382436946
    },
    "spectral_energyband_middle_high": {
        "mean": 0.00376464007422,
        "stdev": 0.00530140427873
    },
    "spectral_energyband_middle_low": {
        "mean": 0.0132892969996,
        "stdev": 0.014138886705
    },
    "spectral_entropy": {
        "mean": 7.15650558472,
        "stdev": 0.731908619404
    },
    "spectral_flux": {
        "mean": 0.0851783379912,
        "stdev": 0.0557902045548
    },
    "spectral_kurtosis": {
        "mean": 10.6834478378,
        "stdev": 11.3890666962
    },
    "spectral_rms": {
        "mean": 0.00428884290159,
        "stdev": 0.00270208111033
    },
    "spectral_rolloff": {
        "mean": 3911.07714844,
        "stdev": 6271.49121094
    },
    "spectral_skewness": {
        "mean": 2.1922416687,
        "stdev": 1.11673343182
    },
    "spectral_spread": {
        "mean": 3925555,
        "stdev": 1911082.5
    },
    "spectral_strongpeak": {
        "mean": 1.13294458389,
        "stdev": 1.21089887619
    },
    "zerocrossingrate": {
        "mean": 0.132542207837,
        "stdev": 0.173557251692
    },
    "barkbands": {
        "mean": [9.55462655838e-06, 0.000982649042271, 0.00783580541611, 0.0020265809726, 0.00214979285374, 0.00140360696241, 0.00254866667092, 0.00285820569843, 0.002142268233, 0.000392106710933, 0.000269744981779, 0.000678557786159, 0.00080327159958, 0.000605640583672, 0.000336431578035, 0.000203648276511, 0.000258220476098, 0.000149022438563, 9.16734206839e-05, 0.00019703405269, 0.000136374437716, 8.06789612398e-05, 8.16543615656e-05, 5.76271995669e-05, 1.38653867907e-05, 3.38769064001e-06, 2.17552969843e-05],
        "stdev": [2.88915216515e-05, 0.00154092500452, 0.0077402102761, 0.00386682432145, 0.00244070589542, 0.00246832147241, 0.00484278146178, 0.00526595301926, 0.00449904473498, 0.000996994087473, 0.000751605723053, 0.00196709460579, 0.0019160809461, 0.00147443159949, 0.000973526039161, 0.000471714534797, 0.000415831775172, 0.000324062013533, 0.000306575646391, 0.000429993582657, 0.000450423860457, 0.000295008649118, 0.000328951195115, 0.000198109220946, 4.68739563075e-05, 1.20786462503e-05, 6.95526796335e-06]
    },
    "erbbands": {
        "mean": [0.00803768262267, 0.4264087677, 6.72330474854, 10.0577850342, 4.67178201675, 8.65438842773, 7.62915468216, 13.7086906433, 29.0257396698, 47.619102478, 69.3440246582, 51.7095336914, 18.745092392, 10.2096147537, 15.1889915466, 30.010093689, 36.134853363, 35.0215759277, 21.7667636871, 14.588145256, 11.4801673889, 14.7789926529, 9.9545211792, 4.30566883087, 5.52804422379, 9.14237689972, 8.3099822998, 3.79148387909, 2.48445057869, 3.22239208221, 2.23654913902, 1.28066051006, 0.899343132973, 0.236167162657, 0.0708477124572, 0.0260736122727, 0.00394373526797, 0.000258625339484, 0.00103531894274, 0.000677207717672],
        "stdev": [0.0138328680769, 0.504261791706, 6.3790307045, 13.0222225189, 7.19856882095, 10.6616325378, 12.4294023514, 25.8496665955, 56.69789505, 83.0782546997, 129.925598145, 106.854148865, 44.1580696106, 24.7189598083, 40.1650428772, 84.7239303589, 84.129776001, 77.7839660645, 53.3728370667, 39.3605499268, 24.1322097778, 23.3675727844, 19.5155773163, 12.1366205215, 18.0926780701, 20.2553024292, 20.596370697, 15.5248594284, 8.70279693604, 13.6268692017, 8.49902248383, 4.93298530579, 2.91529512405, 0.791771948338, 0.244267955422, 0.0933913961053, 0.0127539550886, 0.000611374387518, 0.0003688071738, 0.000203425792279]
    },
    "gfcc": {
        "mean": [-88.7907714844, 94.8105926514, -88.751739502, 23.3955974579, -39.422580719, -10.8347358704, -25.8925151825, -9.43285560608, -3.82545137405, -11.5261516571, -2.95980739594, -21.9968986511, -8.17661571503],
        "cov": [[15756.1142578, 2524.99365234, -3428.40722656, 306.044708252, -1948.86401367, 443.583435059, -1367.56872559, 710.115112305, -700.636047363, 178.93901062, -577.595703125, -580.687194824, -794.373291016], [2524.99365234, 4295.27148438, -46.2048225403, -1316.05273438, 164.235473633, -428.556640625, 26.0919818878, -169.331832886, -45.261882782, -496.488189697, -95.3269271851, -205.97769165, -149.396499634], [-3428.40722656, -46.2048225403, 1502.87548828, 187.484268188, 419.007263184, -254.678665161, 160.644577026, -181.103210449, 100.543403625, -132.119720459, 121.636138916, 191.134658813, 183.89302063], [306.044708252, -1316.05273438, 187.484268188, 1214.82385254, -105.293807983, -53.1445045471, -272.046966553, 63.8338813782, -78.934211731, 115.105804443, -39.4956512451, 86.7907562256, 61.3043518066], [-1948.86401367, 164.235473633, 419.007263184, -105.293807983, 567.972473145, -144.002227783, 113.110740662, -147.047668457, 134.651702881, -49.1946716309, 32.9718093872, 28.4974765778, 139.263977051], [443.583435059, -428.556640625, -254.678665161, -53.1445045471, -144.002227783, 330.124572754, 49.7286758423, 75.3954620361, -18.7441692352, 109.653358459, 2.14549994469, -34.9655647278, -68.8060379028], [-1367.56872559, 26.0919818878, 160.644577026, -272.046966553, 113.110740662, 49.7286758423, 498.755401611, -33.6794662476, 17.1608085632, -60.1694602966, 82.3975219727, 34.6850662231, 42.4257392883], [710.115112305, -169.331832886, -181.103210449, 63.8338813782, -147.047668457, 75.3954620361, -33.6794662476, 180.952682495, -37.5725593567, 42.6850662231, -12.7541875839, 4.64788103104, -24.4470348358], [-700.636047363, -45.261882782, 100.543403625, -78.934211731, 134.651702881, -18.7441692352, 17.1608085632, -37.5725593567, 156.679626465, 16.5811710358, 12.9290180206, 1.06180357933, 33.8584327698], [178.93901062, -496.488189697, -132.119720459, 115.105804443, -49.1946716309, 109.653358459, -60.1694602966, 42.6850662231, 16.5811710358, 227.897567749, -14.7030992508, -61.4291000366, -9.34544467926], [-577.595703125, -95.3269271851, 121.636138916, -39.4956512451, 32.9718093872, 2.14549994469, 82.3975219727, -12.7541875839, 12.9290180206, -14.7030992508, 116.604240417, 53.0015068054, 10.2917995453], [-580.687194824, -205.97769165, 191.134658813, 86.7907562256, 28.4974765778, -34.9655647278, 34.6850662231, 4.64788103104, 1.06180357933, -61.4291000366, 53.0015068054, 164.503509521, 53.9322090149], [-794.373291016, -149.396499634, 183.89302063, 61.3043518066, 139.263977051, -68.8060379028, 42.4257392883, -24.4470348358, 33.8584327698, -9.34544467926, 10.2917995453, 53.9322090149, 145.763702393]],
        "icov": [[0.00133828388061, -0.00165389780886, 0.00188460422214, -0.0017075187061, 0.00181313301437, -0.00138103531208, 0.0015039620921, -0.00131487217732, 0.00113476265687, -0.00112079561222, 0.000924582709558, -0.000465965538751, 0.000667953980155], [-0.00165389780886, 0.00280819321051, -0.00243017682806, 0.00290284538642, -0.00235663657077, 0.00254623242654, -0.00156097649597, 0.00149854400661, -0.000862221699208, 0.00251652067527, -0.000724599754903, 0.00147115951404, -0.000262515328359], [0.00188460422214, -0.00243017682806, 0.00384178641252, -0.00277682603337, 0.00214593997225, -0.00165445008315, 0.00184058479499, -0.00125445809681, 0.00130646175239, -0.00159109837841, 0.000660505436826, -0.00148391432595, 0.000620577018708], [-0.0017075187061, 0.00290284538642, -0.00277682603337, 0.00425696512684, -0.00224024546333, 0.00282919383608, -0.00102537299972, 0.00137565028854, -0.000167960766703, 0.00168875092641, -0.000324622902554, 0.000723511504475, -0.000709988409653], [0.00181313301437, -0.00235663657077, 0.00214593997225, -0.00224024546333, 0.00611756462604, -0.00153543695342, 0.00169149588328, -0.00027314745239, -0.000374981027562, -0.00160556624178, 0.00113449117634, -7.61299525038e-05, -0.00147484079935], [-0.00138103531208, 0.00254623242654, -0.00165445008315, 0.00282919383608, -0.00153543695342, 0.00731236999854, -0.00227449694648, 0.000455005210824, -0.000705684535205, -2.953963849e-05, -0.000483277166495, 0.000657548487652, 0.00159062677994], [0.0015039620921, -0.00156097649597, 0.00184058479499, -0.00102537299972, 0.00169149588328, -0.00227449694648, 0.00477274414152, -0.00154005759396, 0.00202885852195, -0.000134659014293, -0.000351431051968, 0.000109026390419, -0.000127083534608], [-0.00131487217732, 0.00149854400661, -0.00125445809681, 0.00137565028854, -0.00027314745239, 0.000455005210824, -0.00154005759396, 0.00920946151018, -0.000917641387787, 0.000140418676892, -0.000606121844612, -0.00108199997339, -0.00149190519005], [0.00113476265687, -0.000862221699208, 0.00130646175239, -0.000167960766703, -0.000374981027562, -0.000705684535205, 0.00202885852195, -0.000917641387787, 0.0100775389001, -0.00164755131118, 0.000748693419155, -8.76507692738e-05, 0.000536700128578], [-0.00112079561222, 0.00251652067527, -0.00159109837841, 0.00168875092641, -0.00160556624178, -2.953963849e-05, -0.000134659014293, 0.000140418676892, -0.00164755131118, 0.00992261990905, -0.00145586906001, 0.00509695056826, -0.00141315883957], [0.000924582709558, -0.000724599754903, 0.000660505436826, -0.000324622902554, 0.00113449117634, -0.000483277166495, -0.000351431051968, -0.000606121844612, 0.000748693419155, -0.00145586906001, 0.0129687506706, -0.00402519432828, 0.00259430729784], [-0.000465965538751, 0.00147115951404, -0.00148391432595, 0.000723511504475, -7.61299525038e-05, 0.000657548487652, 0.000109026390419, -0.00108199997339, -8.76507692738e-05, 0.00509695056826, -0.00402519432828, 0.0119965709746, -0.00310120591894], [0.000667953980155, -0.000262515328359, 0.000620577018708, -0.000709988409653, -0.00147484079935, 0.00159062677994, -0.000127083534608, -0.00149190519005, 0.000536700128578, -0.00141315883957, 0.00259430729784, -0.00310120591894, 0.0124429045245]]
    },
    "melbands": {
        "mean": [0.000151713582454, 0.00255526090041, 0.00156130210962, 0.000473907159176, 0.000301890075207, 0.000303805398289, 0.00047524436377, 0.000540022330824, 0.000567538314499, 0.000293097022222, 8.47035262268e-05, 3.98215233872e-05, 4.24230602221e-05, 6.9683061156e-05, 8.23416630737e-05, 7.94522129581e-05, 6.35724936728e-05, 3.66074164049e-05, 2.39476521529e-05, 1.51914555317e-05, 1.29115805976e-05, 1.47403607116e-05, 1.42164499266e-05, 5.43865007785e-06, 3.10345694743e-06, 3.74293631467e-06, 4.08965252063e-06, 6.85163922753e-06, 6.31157809039e-06, 3.00041506307e-06, 1.85307521861e-06, 1.15836542136e-06, 1.91762069335e-06, 1.71046485775e-06, 1.42128419611e-06, 8.71678309977e-07, 7.55990583912e-07, 7.03343175701e-07, 3.95486040361e-07, 1.31075651666e-07],
        "stdev": [0.000249241100391, 0.00237137777731, 0.00184496631846, 0.000571299286094, 0.000433737382991, 0.00056194991339, 0.000900828279555, 0.000901399238501, 0.00103739695624, 0.000623637926765, 0.000208612924325, 0.000100161414593, 0.0001156317594, 0.000198132533114, 0.000228226417676, 0.000184629650903, 0.000152013788465, 9.42741899053e-05, 7.21763499314e-05, 3.82388971047e-05, 2.79581981886e-05, 2.38408938458e-05, 2.66774677584e-05, 1.35557847898e-05, 9.93949925032e-06, 1.3823883819e-05, 1.30155822262e-05, 1.52028442244e-05, 1.41574764712e-05, 1.18782163554e-05, 8.31201668916e-06, 4.21366530645e-06, 7.28786881155e-06, 8.13195674709e-06, 5.3214566833e-06, 3.86187957702e-06, 2.90518369184e-06, 2.34565823121e-06, 1.24891903397e-06, 4.91852347295e-07]
    },
    "melbands128": {
        "mean": [5.77103583055e-06, 1.7188338461e-05, 7.33040942578e-05, 0.000655316282064, 0.00279177213088, 0.00404234277084, 0.00232693715952, 0.000645143387374, 0.000346284447005, 0.000520055415109, 0.000541229615919, 0.000376009993488, 0.000230170131545, 0.000211973107071, 0.000288895651465, 0.00035970218596, 0.000381718913559, 0.000489662867039, 0.00060686073266, 0.000523505616002, 0.000472185522085, 0.000630956317764, 0.000601558887865, 0.000502850336488, 0.000367942411685, 0.000210864614928, 0.000115028364235, 7.60842376621e-05, 5.23230010003e-05, 4.5436903747e-05, 3.42398016073e-05, 2.98995728372e-05, 4.0957613237e-05, 5.21812216903e-05, 5.56585691811e-05, 7.69558973843e-05, 8.93659889698e-05, 8.3270475443e-05, 7.77706154622e-05, 7.86493546912e-05, 8.5962783487e-05, 7.25254649296e-05, 6.53191746096e-05, 6.11978684901e-05, 4.30260843132e-05, 3.26093177136e-05, 2.7984908229e-05, 2.49130043812e-05, 2.32215134019e-05, 1.68103306351e-05, 1.39959747685e-05, 1.35983846121e-05, 1.25433307403e-05, 1.33648163683e-05, 1.21805860545e-05, 1.36737471621e-05, 1.84703731065e-05, 1.68933311215e-05, 1.32746044983e-05, 7.89981277194e-06, 4.81757842863e-06, 3.70756833945e-06, 3.27205725625e-06, 2.82425048681e-06, 2.93445646093e-06, 3.76250272893e-06, 4.18988975071e-06, 4.2995129661e-06, 3.59626687896e-06, 4.40885469288e-06, 6.25620805295e-06, 8.83231768967e-06, 8.06902153272e-06, 6.01650663157e-06, 4.02062005378e-06, 2.97713540931e-06, 2.65592325377e-06, 2.34428375734e-06, 1.75075444986e-06, 1.41069733672e-06, 9.70544988377e-07, 1.02526735191e-06, 1.58135037509e-06, 2.12598661165e-06, 2.16673470277e-06, 1.71752526512e-06, 1.58592035859e-06, 1.54810584263e-06, 1.65828907939e-06, 1.0721344097e-06, 9.86173517958e-07, 8.16270414816e-07, 6.81362962496e-07, 7.52567643758e-07, 8.1160044374e-07, 7.46641205751e-07, 7.09900973561e-07, 5.99015322678e-07, 4.49865126484e-07, 2.6320589086e-07, 1.63688397947e-07, 1.12067098712e-07, 8.35029538848e-08, 8.07351341336e-08, 7.99768784532e-08, 7.28759559365e-08, 6.1266248963e-08, 5.29229389201e-08, 4.78431729789e-08, 3.63819054883e-08, 2.10875050755e-08, 1.31946782389e-08, 9.33728117047e-09, 6.7874244003e-09, 3.39810135586e-09, 5.41592271031e-10, 8.80878356369e-11, 1.85089287646e-11, 1.03152798803e-11, 7.34228011723e-10, 8.35892866036e-09, 1.06992388282e-08, 2.93898381187e-07, 5.56536576823e-07, 6.32617114249e-09, 5.28557375645e-09, 4.51008203006e-10, 4.59985001477e-12],
        "stdev": [2.06395889109e-05, 8.12284924905e-05, 0.000254042446613, 0.00102565251291, 0.00296133384109, 0.00425860006362, 0.0033031241037, 0.00139644253068, 0.000865106354468, 0.000954200048, 0.000843291578349, 0.000744640827179, 0.000531829777174, 0.000499451882206, 0.000677760981489, 0.00096964428667, 0.00109109107871, 0.00131949409842, 0.00161412439775, 0.00122309965082, 0.0011711345287, 0.00160425622016, 0.00143412558828, 0.00129636586644, 0.000984174082987, 0.000639560632408, 0.000376932468498, 0.000256508850725, 0.000160011768457, 0.000149912259076, 0.000107280320663, 0.000101435980469, 0.000148439314216, 0.000173777370946, 0.000182089861482, 0.000280991342152, 0.000311640411383, 0.000303690263536, 0.000273758632829, 0.0002318284387, 0.000239716435317, 0.00019748196064, 0.000191400205949, 0.000188866484677, 0.000142238714034, 0.000107385123556, 0.00010115182522, 9.83630452538e-05, 8.86421330506e-05, 5.51328048459e-05, 3.81458557968e-05, 3.76127609343e-05, 3.42001258105e-05, 3.23246858898e-05, 2.34591552726e-05, 2.50831744779e-05, 3.71441055904e-05, 3.79051052732e-05, 3.09756069328e-05, 2.25187741307e-05, 1.454948233e-05, 1.15743123388e-05, 1.16608425742e-05, 1.04487380668e-05, 1.11998006105e-05, 1.54698100232e-05, 1.82923013199e-05, 1.51996628119e-05, 1.48113213072e-05, 1.49244506247e-05, 1.5748284568e-05, 2.27387390623e-05, 1.74524320755e-05, 1.61184252647e-05, 1.68519454746e-05, 1.383169365e-05, 1.2719247934e-05, 1.26309951156e-05, 8.20007517177e-06, 6.21474555373e-06, 3.83860606235e-06, 3.9328551793e-06, 6.00090288572e-06, 8.26194991532e-06, 9.69045413513e-06, 8.9390678113e-06, 9.78411844699e-06, 5.72185808778e-06, 6.64150365992e-06, 4.3927675506e-06, 4.9412815315e-06, 4.08153209719e-06, 2.90017828775e-06, 3.2020600429e-06, 3.09754909722e-06, 2.69237875727e-06, 2.55288932749e-06, 1.95243751477e-06, 1.46208719798e-06, 9.29239490688e-07, 6.46497653634e-07, 4.50339456393e-07, 3.30536266802e-07, 3.10839681106e-07, 3.00460015978e-07, 2.65882277972e-07, 2.12832347302e-07, 1.93491345613e-07, 2.09189877864e-07, 1.46503737142e-07, 7.3796286415e-08, 4.42067218387e-08, 2.9577501337e-08, 2.07906261096e-08, 1.2418922779e-08, 2.20322493583e-09, 3.55496021509e-10, 8.03872177157e-11, 2.90894027616e-11, 1.65617364267e-09, 1.41872611437e-08, 1.66780065314e-08, 9.33709927153e-08, 1.77942467872e-07, 1.08702140622e-08, 9.69883551249e-09, 1.03869890467e-09, 8.59884732862e-12]
    },
    "mfcc": {
        "mean": [-743.818664551, 135.021697998, 11.6701536179, 30.887676239, 9.46026515961, 1.43823802471, -6.25220775604, -3.02885007858, -3.58104157448, 5.04435920715, -2.1967830658, 8.37643814087, -0.635306239128],
        "cov": [[16707.4179688, 1543.57568359, -2161.57885742, -751.93170166, -760.060913086, -894.551452637, -540.049133301, -369.870880127, -486.459014893, 359.019561768, -310.668273926, 159.111846924, -77.0968475342], [1543.57568359, 4840.12890625, -284.39163208, -789.450805664, -75.848274231, -391.073883057, -69.3656921387, 77.1006698608, -3.80858159065, -267.364044189, -215.328979492, 165.886276245, 99.7404251099], [-2161.57885742, -284.39163208, 1021.36663818, 415.797363281, 146.730209351, 73.9317932129, 44.2497901917, 88.4697036743, -10.0549478531, -153.021392822, 0.944589197636, -19.8443317413, 26.523683548], [-751.93170166, -789.450805664, 415.797363281, 906.357971191, 279.750396729, 24.314289093, -42.6821212769, -42.369052887, 13.2676582336, -90.2561035156, -106.943748474, -58.3226280212, -4.48352050781], [-760.060913086, -75.848274231, 146.730209351, 279.750396729, 476.305541992, 31.6073875427, -141.921295166, -92.256652832, 26.2690982819, -17.9994487762, -52.1610794067, -36.9961929321, -6.18709373474], [-894.551452637, -391.073883057, 73.9317932129, 24.314289093, 31.6073875427, 258.38659668, 72.7552871704, -15.1342287064, 47.0199584961, 49.3798751831, 74.7336883545, -1.89016795158, -32.745136261], [-540.049133301, -69.3656921387, 44.2497901917, -42.6821212769, -141.921295166, 72.7552871704, 274.983673096, 86.1926193237, 39.6253623962, 18.2343215942, 47.4884147644, 36.3271141052, 19.7793464661], [-369.870880127, 77.1006698608, 88.4697036743, -42.369052887, -92.256652832, -15.1342287064, 86.1926193237, 236.447128296, 0.660564303398, -94.5022125244, 24.9146957397, 1.00259828568, 34.0391082764], [-486.459014893, -3.80858159065, -10.0549478531, 13.2676582336, 26.2690982819, 47.0199584961, 39.6253623962, 0.660564303398, 162.402908325, 30.8204212189, -4.69070911407, 8.14437961578, -1.06659924984], [359.019561768, -267.364044189, -153.021392822, -90.2561035156, -17.9994487762, 49.3798751831, 18.2343215942, -94.5022125244, 30.8204212189, 249.636154175, 71.0817260742, -7.46832990646, -27.0939331055], [-310.668273926, -215.328979492, 0.944589197636, -106.943748474, -52.1610794067, 74.7336883545, 47.4884147644, 24.9146957397, -4.69070911407, 71.0817260742, 164.808273315, 16.6471843719, -32.2780723572], [159.111846924, 165.886276245, -19.8443317413, -58.3226280212, -36.9961929321, -1.89016795158, 36.3271141052, 1.00259828568, 8.14437961578, -7.46832990646, 16.6471843719, 105.332962036, 15.0023212433], [-77.0968475342, 99.7404251099, 26.523683548, -4.48352050781, -6.18709373474, -32.745136261, 19.7793464661, 34.0391082764, -1.06659924984, -27.0939331055, -32.2780723572, 15.0023212433, 120.198951721]],
        "icov": [[0.000143213503179, -1.48581948451e-05, 0.000222720380407, -8.51001022966e-05, 0.000238330772845, 0.000242856913246, 0.000239472661633, -1.61952266353e-05, 0.000362043618225, -0.000290537049295, 0.000288733484922, -0.000307931797579, 0.000149167623022], [-1.48581948451e-05, 0.000351625814801, -6.33566669421e-05, 0.00043761744746, -0.000217172579141, 0.000367194414139, -0.000107185383968, 3.41464437952e-05, -0.000157346628839, 0.000350846676156, 0.000398657546612, -0.000368008069927, 5.64935180591e-05], [0.000222720380407, -6.33566669421e-05, 0.0017874087207, -0.000776357890572, 0.000156046589836, 2.58637373918e-05, 0.000138696108479, -0.000281045853626, 0.000731621694285, 0.000268213218078, -0.000222367758397, -0.000306317029754, -0.000110636901809], [-8.51001022966e-05, 0.00043761744746, -0.000776357890572, 0.00234307697974, -0.00112993386574, 0.000296208978398, -0.000610448129009, 0.000332046969561, -0.000345932814525, 0.000709957792424, 0.00129882665351, 0.000228636432439, 0.000347159482772], [0.000238330772845, -0.000217172579141, 0.000156046589836, -0.00112993386574, 0.00387876061723, -0.000497500179335, 0.00215018657036, 0.000666227424517, -8.74136749189e-05, -0.000531891302671, 0.000350199348759, -6.07046640653e-05, -0.00024092469539], [0.000242856913246, 0.000367194414139, 2.58637373918e-05, 0.000296208978398, -0.000497500179335, 0.00644147256389, -0.00134165713098, 0.000984346028417, -0.000760759750847, -4.52363892691e-05, -0.00146161369048, -0.000259318447206, 0.00115056184586], [0.000239472661633, -0.000107185383968, 0.000138696108479, -0.000610448129009, 0.00215018657036, -0.00134165713098, 0.00642104772851, -0.00191430328414, -0.000338340731105, -0.00156367092859, 0.000400636490667, -0.00203622109257, -0.000573896279093], [-1.61952266353e-05, 3.41464437952e-05, -0.000281045853626, 0.000332046969561, 0.000666227424517, 0.000984346028417, -0.00191430328414, 0.00725621497259, -0.000886191613972, 0.00347661226988, -0.00256871874444, 0.00188631238416, -0.00155118328985], [0.000362043618225, -0.000157346628839, 0.000731621694285, -0.000345932814525, -8.74136749189e-05, -0.000760759750847, -0.000338340731105, -0.000886191613972, 0.00818583182991, -0.00215441011824, 0.00224051065743, -0.00150580331683, 0.00065994518809], [-0.000290537049295, 0.000350846676156, 0.000268213218078, 0.000709957792424, -0.000531891302671, -4.52363892691e-05, -0.00156367092859, 0.00347661226988, -0.00215441011824, 0.0079164467752, -0.00368623412214, 0.00206718430854, -0.000759705493692], [0.000288733484922, 0.000398657546612, -0.000222367758397, 0.00129882665351, 0.000350199348759, -0.00146161369048, 0.000400636490667, -0.00256871874444, 0.00224051065743, -0.00368623412214, 0.0115580689162, -0.00307946372777, 0.00291037885472], [-0.000307931797579, -0.000368008069927, -0.000306317029754, 0.000228636432439, -6.07046640653e-05, -0.000259318447206, -0.00203622109257, 0.00188631238416, -0.00150580331683, 0.00206718430854, -0.00307946372777, 0.0122999474406, -0.00199844222516], [0.000149167623022, 5.64935180591e-05, -0.000110636901809, 0.000347159482772, -0.00024092469539, 0.00115056184586, -0.000573896279093, -0.00155118328985, 0.00065994518809, -0.000759705493692, 0.00291037885472, -0.00199844222516, 0.0101060504094]]
    },
    "spectral_contrast_coeffs": {
        "mean": [-0.641319692135, -0.735534787178, -0.803543269634, -0.799987137318, -0.794679999352, -0.78403878212],
        "stdev": [0.151632517576, 0.117921613157, 0.0840451046824, 0.0724452584982, 0.0591697655618, 0.0457307323813]
    },
    "spectral_contrast_valleys": {
        "mean": [-7.83138656616, -7.41090250015, -8.47302246094, -8.53449344635, -8.51078796387, -11.4479227066],
        "stdev": [1.11088657379, 1.50997400284, 1.49521362782, 1.43600928783, 1.42266654968, 1.40903615952]
    }
},
"rhythm": {
    "beats_count": 116,
    "beats_loudness": {
        "mean": 0.0395939350128,
        "stdev": 0.0228126067668
    },
    "bpm": 140.906417847,
    "bpm_histogram_first_peak_bpm": 140,
    "bpm_histogram_first_peak_weight": 0.5,
    "bpm_histogram_second_peak_bpm": 112,
    "bpm_histogram_second_peak_spread": 0.677419304848,
    "bpm_histogram_second_peak_weight": 0.0869565233588,
    "danceability": 1.62970495224,
    "onset_rate": 5.14473438263,
    "beats_loudness_band_ratio": {
        "mean": [0.399832934141, 0.102626517415, 0.280305981636, 0.0947327613831, 0.0470855459571, 0.102875284851],
        "stdev": [0.216374352574, 0.082496277988, 0.180824920535, 0.0854077860713, 0.0523078218102, 0.25103315711]
    },
    "beats_position": [0.359909296036, 0.766258478165, 1.17260766029, 1.54412698746, 1.92725622654, 2.32199549675, 2.73995471001, 3.15791368484, 3.5758728981, 4.00544214249, 4.43501138687, 4.82975053787, 5.24770975113, 5.65405893326, 6.08362817764, 6.51319694519, 6.93115615845, 7.38394546509, 7.8251247406, 8.25469398499, 8.68426322937, 9.11383247375, 9.54340076447, 9.96135997772, 10.379319191, 10.7972784042, 11.2152376175, 11.6099767685, 12.0279359818, 12.4226751328, 12.8522443771, 13.2818136215, 13.722992897, 14.1525621414, 14.5937414169, 15.0233106613, 15.4528799057, 15.9056682587, 16.3352375031, 16.7648067474, 17.1827659607, 17.600725174, 18.0186843872, 18.4482536316, 18.9010429382, 19.4815406799, 20.062040329, 20.5960998535, 21.2346477509, 21.8731975555, 22.523355484, 23.1735134125, 23.8236732483, 24.4738311768, 25.1239910126, 25.8321990967, 26.5171871185, 27.2602272034, 27.9800453186, 28.6998634338, 29.4196815491, 30.0001811981, 30.5690689087, 31.1379585266, 31.7068481445, 32.2757377625, 32.8562355042, 33.4367332458, 34.0172348022, 34.5745124817, 35.1201820374, 35.6426315308, 36.1766891479, 36.7455787659, 37.2796363831, 37.8136940002, 38.3593635559, 38.8469848633, 39.334602356, 39.8454399109, 40.3678894043, 40.8903388977, 41.4011802673, 41.9352378845, 42.4809074402, 43.0265769958, 43.5838546753, 44.1411323547, 44.6868019104, 45.2324714661, 45.7897491455, 46.3238105774, 46.8578681946, 47.3919258118, 47.9259872437, 48.4484329224, 48.9708824158, 49.4817237854, 50.0157814026, 50.573059082, 51.1187286377, 51.6760063171, 52.2681159973, 52.871837616, 53.4987754822, 54.1024932861, 54.6829910278, 55.2634925842, 55.8555984497, 56.4361000061, 56.946937561, 57.4693870544, 57.9802246094, 58.491065979, 59.0135154724, 59.5359611511],
    "bpm_histogram": [0, 0, 0, 0, 0, 0, 0, 0, 0, 0, 0, 0, 0, 0, 0, 0, 0, 0, 0, 0, 0, 0, 0, 0, 0, 0, 0, 0, 0, 0, 0, 0, 0, 0, 0, 0, 0, 0, 0, 0, 0, 0, 0, 0, 0, 0, 0, 0, 0, 0, 0, 0, 0, 0, 0, 0, 0, 0, 0, 0, 0, 0, 0, 0, 0, 0, 0, 0, 0, 0, 0, 0, 0, 0, 0, 0, 0, 0, 0, 0, 0, 0.00869565177709, 0, 0.0260869562626, 0, 0.00869565177709, 0, 0, 0.00869565177709, 0, 0, 0, 0.0434782616794, 0, 0.0173913035542, 0, 0.00869565177709, 0, 0, 0.0173913035542, 0, 0.0173913035542, 0, 0.0782608687878, 0, 0.0434782616794, 0, 0, 0.0521739125252, 0, 0.0608695633709, 0, 0.0869565233588, 0, 0, 0.0695652142167, 0, 0.0521739125252, 0, 0, 0, 0, 0, 0.0173913035542, 0, 0, 0, 0, 0, 0, 0, 0, 0, 0.0260869562626, 0, 0, 0.0260869562626, 0, 0, 0, 0.139130428433, 0, 0, 0, 0.113043479621, 0, 0, 0, 0.0260869562626, 0, 0, 0, 0.0347826071084, 0, 0, 0, 0, 0.00869565177709, 0, 0, 0, 0.00869565177709, 0, 0, 0, 0, 0, 0, 0, 0, 0, 0, 0, 0, 0, 0, 0, 0, 0, 0, 0, 0, 0, 0, 0, 0, 0, 0, 0, 0, 0, 0, 0, 0, 0, 0, 0, 0, 0, 0, 0, 0, 0, 0, 0, 0, 0, 0, 0, 0, 0, 0, 0, 0, 0, 0, 0, 0, 0, 0, 0, 0, 0, 0, 0, 0, 0, 0, 0, 0, 0, 0, 0, 0, 0, 0, 0, 0, 0, 0, 0, 0, 0, 0, 0, 0, 0, 0, 0, 0]
},
"tonal": {
    "chords_changes_rate": 0.214010775089,
    "chords_number_rate": 0.0146266361699,
    "chords_strength": {
        "mean": 0.440637886524,
        "stdev": 0.0986504554749
    },
    "hpcp_crest": {
        "mean": 13.3329229355,
        "stdev": 6.57483386993
    },
    "hpcp_entropy": {
        "mean": 2.07744884491,
        "stdev": 0.829863548279
    },
    "key_edma": {
        "strength": 0.228178039193,
        "key": "G#",
        "scale": "minor"
    },
    "key_krumhansl": {
        "strength": 0.228152707219,
        "key": "G#",
        "scale": "minor"
    },
    "key_temperley": {
        "strength": 0.217465609312,
        "key": "G#",
        "scale": "minor"
    },
    "tuning_diatonic_strength": 0.390239089727,
    "tuning_equal_tempered_deviation": 0.282334119081,
    "tuning_frequency": 444.855529785,
    "tuning_nontempered_energy_ratio": 0.904223322868,
    "hpcp": {
        "mean": [0.149796634912, 0.142016604543, 0.149310663342, 0.165124207735, 0.165205225348, 0.14312915504, 0.139909595251, 0.147292092443, 0.142423287034, 0.12079551816, 0.097907550633, 0.0962675735354, 0.0981062278152, 0.0937827676535, 0.0965641513467, 0.0930642038584, 0.0793875902891, 0.0694530680776, 0.0734362751245, 0.0816499963403, 0.0798011571169, 0.077734708786, 0.0834565982223, 0.0892131626606, 0.0923354178667, 0.0895708277822, 0.0833068788052, 0.091531611979, 0.105015493929, 0.116165146232, 0.113207094371, 0.106332227588, 0.113306835294, 0.128634378314, 0.158552184701, 0.169271230698],
        "stdev": [0.276034772396, 0.269898384809, 0.277380019426, 0.288953691721, 0.293225467205, 0.276467472315, 0.270821750164, 0.286401897669, 0.279509246349, 0.24870711565, 0.216102868319, 0.20771420002, 0.213612273335, 0.191782146692, 0.204622358084, 0.191775485873, 0.171794459224, 0.152220144868, 0.156198978424, 0.162356212735, 0.154006704688, 0.157523840666, 0.168086975813, 0.182496473193, 0.188324302435, 0.179797798395, 0.175381809473, 0.193044960499, 0.207957044244, 0.22649691999, 0.224205628037, 0.218954607844, 0.224602967501, 0.25203242898, 0.279169112444, 0.291583836079]
    },
    "chords_histogram": [26.3279438019, 1.4626635313, 0, 5.54272508621, 2.4634335041, 6.23556566238, 2.84834480286, 11.4703617096, 1.53964591026, 0, 2.23248648643, 4.46497297287, 3.6181678772, 1.23171675205, 0.461893767118, 0.307929188013, 1.38568127155, 3.84911465645, 2.30946874619, 0.230946883559, 4.2340259552, 11.0854501724, 3.84911465645, 2.84834480286],
    "thpcp": [1, 0.884950339794, 0.838988423347, 0.882079362869, 0.975500702858, 0.975979328156, 0.845561027527, 0.826540887356, 0.870154321194, 0.841390967369, 0.713621079922, 0.578406333923, 0.568717896938, 0.579580068588, 0.554038405418, 0.570469975471, 0.549793362617, 0.468996345997, 0.4103063941, 0.433837890625, 0.482361912727, 0.471439570189, 0.459231674671, 0.493034750223, 0.527042686939, 0.545487940311, 0.529155671597, 0.492150247097, 0.540739357471, 0.620397746563, 0.686266303062, 0.668791115284, 0.628176629543, 0.669380366802, 0.759930551052, 0.936675310135],
    "chords_key": "G#",
    "chords_scale": "minor"
}
}