{
"metadata": {
    "version": {
        "essentia": "2.1-dev",
        "essentia_git_sha": "v2.1_beta3-415-gd5473f3",
        "extractor": "music 2.0"
    },
    "audio_properties": {
        "analysis": {
            "equal_loudness": 0,
            "length": 61.4399986267,
            "sample_rate": 44100,
            "start_time": 0,
            "downmix": "mix"
        },
        "bit_rate": 192000,
        "length": 61.4399986267,
        "lossless": 0,
        "number_channels": 2,
        "replay_gain": -5.57351303101,
        "sample_rate": 44100,
        "codec": "mp3",
        "md5_encoded": "acf34b855309247a6724695fd1cbdb14"
    },
    "tags": {
        "file_name": "monologo_hombre_04.mp3",
        "date": ["2004"],
        "engineer": ["rosamerica tamyo"]
    }
},
"lowlevel": {
    "average_loudness": 0.975479364395,
    "barkbands_crest": {
        "mean": 10.3378887177,
        "stdev": 4.26617765427
    },
    "barkbands_flatness_db": {
        "mean": 0.181196138263,
        "stdev": 0.062760874629
    },
    "barkbands_kurtosis": {
        "mean": 9.13228321075,
        "stdev": 16.1701583862
    },
    "barkbands_skewness": {
        "mean": 1.56155502796,
        "stdev": 1.91275560856
    },
    "barkbands_spread": {
        "mean": 24.6064987183,
        "stdev": 27.0847091675
    },
    "dissonance": {
        "mean": 0.442228227854,
        "stdev": 0.04864628613
    },
    "dynamic_complexity": 4.5237288475,
    "erbbands_crest": {
        "mean": 9.74915218353,
        "stdev": 3.51395106316
    },
    "erbbands_flatness_db": {
        "mean": 0.193142771721,
        "stdev": 0.0574884042144
    },
    "erbbands_kurtosis": {
        "mean": 2.37853693962,
        "stdev": 5.42333698273
    },
    "erbbands_skewness": {
        "mean": 0.598139703274,
        "stdev": 1.20915842056
    },
    "erbbands_spread": {
        "mean": 31.3475551605,
        "stdev": 21.7015113831
    },
    "hfc": {
        "mean": 14.9834718704,
        "stdev": 14.9644918442
    },
    "loudness_ebu128": {
        "integrated": -19.2670078278,
        "loudness_range": 1.37426185608,
        "momentary": {
            "mean": -19.9682540894,
            "stdev": 2.80593061447
        },
        "short_term": {
            "mean": -19.3911724091,
            "stdev": 0.648033678532
        }
    },
    "melbands_crest": {
        "mean": 12.9517364502,
        "stdev": 4.91308450699
    },
    "melbands_flatness_db": {
        "mean": 0.262975156307,
        "stdev": 0.0960460007191
    },
    "melbands_kurtosis": {
        "mean": 14.3315296173,
        "stdev": 34.3376731873
    },
    "melbands_skewness": {
        "mean": 2.25545549393,
        "stdev": 1.93432331085
    },
    "melbands_spread": {
        "mean": 24.9126758575,
        "stdev": 33.6136398315
    },
    "pitch_salience": {
        "mean": 0.655021369457,
        "stdev": 0.153514459729
    },
    "silence_rate_20dB": {
        "mean": 1,
        "stdev": 0
    },
    "silence_rate_30dB": {
        "mean": 0.999622225761,
        "stdev": 0.0194327328354
    },
    "silence_rate_60dB": {
        "mean": 0.191537588835,
        "stdev": 0.393509566784
    },
    "spectral_centroid": {
        "mean": 1288.92163086,
        "stdev": 990.888549805
    },
    "spectral_complexity": {
        "mean": 12.8730640411,
        "stdev": 9.78799629211
    },
    "spectral_decrease": {
        "mean": -5.219214394e-09,
        "stdev": 4.66573180091e-09
    },
    "spectral_energy": {
        "mean": 0.0210575759411,
        "stdev": 0.0187894124538
    },
    "spectral_energyband_high": {
        "mean": 0.000321907398757,
        "stdev": 0.000794616877101
    },
    "spectral_energyband_low": {
        "mean": 0.0032394528389,
        "stdev": 0.00271975062788
    },
    "spectral_energyband_middle_high": {
        "mean": 0.00408023828641,
        "stdev": 0.00530331442133
    },
    "spectral_energyband_middle_low": {
        "mean": 0.0137370200828,
        "stdev": 0.0133923962712
    },
    "spectral_entropy": {
        "mean": 7.16422986984,
        "stdev": 0.665119767189
    },
    "spectral_flux": {
        "mean": 0.0887354314327,
        "stdev": 0.0517466887832
    },
    "spectral_kurtosis": {
        "mean": 10.7139520645,
        "stdev": 9.83025836945
    },
    "spectral_rms": {
        "mean": 0.00390600576065,
        "stdev": 0.00229936139658
    },
    "spectral_rolloff": {
        "mean": 3126.29931641,
        "stdev": 5362.67529297
    },
    "spectral_skewness": {
        "mean": 2.05818986893,
        "stdev": 1.09943675995
    },
    "spectral_spread": {
        "mean": 3635687.75,
        "stdev": 1911394.875
    },
    "spectral_strongpeak": {
        "mean": 1.18802595139,
        "stdev": 1.16297411919
    },
    "zerocrossingrate": {
        "mean": 0.118868723512,
        "stdev": 0.168133318424
    },
    "barkbands": {
        "mean": [3.43389297086e-06, 0.00100624747574, 0.00199779192917, 0.000529329990968, 0.0033917054534, 0.00219842977822, 0.00273465760984, 0.00271770637482, 0.00198117829859, 0.00064297899371, 0.000656853604596, 0.000749642553274, 0.00048795811017, 0.000354186340701, 0.000207922188565, 0.000189033031347, 0.000281137734419, 0.000126623155666, 0.000376101554139, 0.000176408386324, 7.80916161602e-05, 6.61083686282e-05, 4.27899758506e-05, 2.45035262196e-05, 7.45905708754e-06, 5.63849334867e-06, 2.36264404521e-05],
        "stdev": [1.51617323354e-05, 0.00132344709709, 0.0020182528533, 0.000899235485122, 0.00430506607518, 0.00359380920418, 0.00484848907217, 0.00497127650306, 0.00497436570004, 0.0015119521413, 0.00168153597042, 0.00180798873771, 0.0013068865519, 0.00117466063239, 0.000732923508622, 0.000509736884851, 0.000507857708726, 0.000236227366258, 0.000651801878121, 0.000361292157322, 0.000204009062145, 0.000294750963803, 0.000189296712051, 0.000108913147415, 2.32117399719e-05, 1.58463190019e-05, 6.29405758446e-06]
    },
    "erbbands": {
        "mean": [0.00756013486534, 0.324797779322, 2.16673111916, 1.98080849648, 6.83608722687, 11.8450202942, 12.5011129379, 20.3118972778, 35.5616416931, 51.1298713684, 57.7071609497, 48.154335022, 21.3660011292, 23.4923534393, 28.8831634521, 29.3109893799, 22.6393604279, 20.7333469391, 13.9022140503, 9.80717849731, 11.0900583267, 15.5502691269, 7.40355587006, 15.3724031448, 17.6692276001, 7.73186683655, 5.04766082764, 2.02838349342, 2.2061753273, 2.05229187012, 1.07476627827, 0.628231883049, 0.339577227831, 0.102413199842, 0.0477617681026, 0.0344836227596, 0.00816467683762, 0.000468900136184, 0.00110118312296, 0.000729851191863],
        "stdev": [0.0163593739271, 0.376383721828, 2.04403710365, 2.42691087723, 9.09237194061, 18.9002056122, 23.3364143372, 36.3857154846, 64.1193771362, 90.3997421265, 108.052986145, 121.1614151, 50.766204834, 57.758644104, 65.6143951416, 69.713218689, 57.3909912109, 62.2025871277, 45.7024002075, 30.4304161072, 24.0582351685, 28.1062736511, 13.1258001328, 28.9320068359, 33.0443763733, 15.7765245438, 11.6405258179, 7.05213880539, 10.0474624634, 8.98919200897, 4.91337585449, 3.19715237617, 1.30932724476, 0.351704806089, 0.141403675079, 0.0961885005236, 0.0248895063996, 0.00131567206699, 0.000306030880893, 0.000190797858522]
    },
    "gfcc": {
        "mean": [-83.2829360962, 101.370903015, -93.0596923828, 13.673784256, -38.1131324768, -26.4518756866, -20.1271057129, -5.14693021774, -16.5336399078, -8.15852069855, -1.51899778843, -13.4915103912, -6.01757192612],
        "cov": [[12864.1796875, 2453.92895508, -3036.06982422, -304.664001465, -1284.12438965, -530.296081543, -1002.66967773, 774.848083496, -1083.55566406, 257.910888672, -484.754760742, -82.7940139771, -636.530578613], [2453.92895508, 3554.79711914, -317.114013672, -1151.58996582, 71.1338729858, -733.496520996, 70.838722229, -26.753288269, -440.265686035, -344.856414795, -45.4233703613, -91.9179534912, 48.1824455261], [-3036.06982422, -317.114013672, 1513.71972656, 333.039031982, 145.397445679, 128.976974487, 165.658401489, -213.334350586, 242.170700073, -111.561073303, 87.0791168213, 96.1883163452, 189.209915161], [-304.664001465, -1151.58996582, 333.039031982, 1119.95898438, 60.8724327087, 45.6204910278, -226.951507568, -86.3420791626, 142.14932251, 144.342056274, 34.870639801, 14.687962532, 47.735004425], [-1284.12438965, 71.1338729858, 145.397445679, 60.8724327087, 621.199523926, -32.4631347656, -53.5643501282, -153.448822021, 108.325080872, 17.4617366791, 76.1689453125, -73.9484176636, 98.2652053833], [-530.296081543, -733.496520996, 128.976974487, 45.6204910278, -32.4631347656, 523.432189941, 97.3515548706, 2.07467031479, 132.888931274, 65.6220397949, -6.5447511673, 56.5055046082, -53.8987388611], [-1002.66967773, 70.838722229, 165.658401489, -226.951507568, -53.5643501282, 97.3515548706, 526.966247559, 41.1247596741, 3.27317547798, -104.857635498, 22.162071228, 57.8396987915, 39.2515487671], [774.848083496, -26.753288269, -213.334350586, -86.3420791626, -153.448822021, 2.07467031479, 41.1247596741, 281.735626221, -67.2627792358, 8.25331687927, -35.9358024597, 4.27734613419, -74.6178512573], [-1083.55566406, -440.265686035, 242.170700073, 142.14932251, 108.325080872, 132.888931274, 3.27317547798, -67.2627792358, 266.840667725, 45.0616569519, 46.1951408386, -5.85924530029, 20.1740150452], [257.910888672, -344.856414795, -111.561073303, 144.342056274, 17.4617366791, 65.6220397949, -104.857635498, 8.25331687927, 45.0616569519, 193.253082275, -0.428188383579, -27.8559761047, -55.7599220276], [-484.754760742, -45.4233703613, 87.0791168213, 34.870639801, 76.1689453125, -6.5447511673, 22.162071228, -35.9358024597, 46.1951408386, -0.428188383579, 122.86075592, -24.2933044434, 0.822240352631], [-82.7940139771, -91.9179534912, 96.1883163452, 14.687962532, -73.9484176636, 56.5055046082, 57.8396987915, 4.27734613419, -5.85924530029, -27.8559761047, -24.2933044434, 130.075637817, 10.2199325562], [-636.530578613, 48.1824455261, 189.209915161, 47.735004425, 98.2652053833, -53.8987388611, 39.2515487671, -74.6178512573, 20.1740150452, -55.7599220276, 0.822240352631, 10.2199325562, 162.59538269]],
        "icov": [[0.0020835516043, -0.00265983818099, 0.00282704900019, -0.0028687461745, 0.00286221201532, -0.0024833267089, 0.00263257417828, -0.00229172501713, 0.00236763292924, -0.00190967798699, 0.00194082979579, -0.000754887762014, 0.00134608044755], [-0.00265983818099, 0.00423757266253, -0.00375296920538, 0.00440072035417, -0.00384097732604, 0.00405383203179, -0.00326821091585, 0.00326461275108, -0.00233880919404, 0.003034906229, -0.0022356803529, 0.00121616059914, -0.00137509580236], [0.00282704900019, -0.00375296920538, 0.0049782609567, -0.00430380832404, 0.00395777635276, -0.00365123478696, 0.00334401312284, -0.0027749761939, 0.00238862656988, -0.00204598368146, 0.00216477829963, -0.0016170310555, 0.0010595691856], [-0.0028687461745, 0.00440072035417, -0.00430380832404, 0.00587249966338, -0.00396758085117, 0.00422510039061, -0.0029952742625, 0.00340787344612, -0.00291077559814, 0.0021595498547, -0.00279073650017, 0.000907729612663, -0.00210625049658], [0.00286221201532, -0.00384097732604, 0.00395777635276, -0.00396758085117, 0.00629645306617, -0.00359923648648, 0.00378626724705, -0.00251377769746, 0.00255519617349, -0.00308416038752, 0.00168698804919, -9.53483759076e-05, 0.000459147326183], [-0.0024833267089, 0.00405383203179, -0.00365123478696, 0.00422510039061, -0.00359923648648, 0.00662514194846, -0.00366715504788, 0.00319537171163, -0.00340823689476, 0.00202221935615, -0.00141562323552, 0.000129438834847, -7.61081391829e-05], [0.00263257417828, -0.00326821091585, 0.00334401312284, -0.0029952742625, 0.00378626724705, -0.00366715504788, 0.00606167316437, -0.00350226927549, 0.00308568682522, -0.00152773153968, 0.00151501817163, -0.00157692481298, 0.000872728647664], [-0.00229172501713, 0.00326461275108, -0.0027749761939, 0.00340787344612, -0.00251377769746, 0.00319537171163, -0.00350226927549, 0.00753737799823, -0.00200317334384, 0.00233365898021, -0.00127969880123, 0.00116614077706, 0.000154585679411], [0.00236763292924, -0.00233880919404, 0.00238862656988, -0.00291077559814, 0.00255519617349, -0.00340823689476, 0.00308568682522, -0.00200317334384, 0.00913103297353, -0.00275887013413, 0.00124217860866, -3.08145899908e-05, 0.00161521765403], [-0.00190967798699, 0.003034906229, -0.00204598368146, 0.0021595498547, -0.00308416038752, 0.00202221935615, -0.00152773153968, 0.00233365898021, -0.00275887013413, 0.0102410726249, -0.00114858045708, 0.00193817634135, 0.00108386285137], [0.00194082979579, -0.0022356803529, 0.00216477829963, -0.00279073650017, 0.00168698804919, -0.00141562323552, 0.00151501817163, -0.00127969880123, 0.00124217860866, -0.00114858045708, 0.0121883479878, 0.00112841615919, 0.00343829020858], [-0.000754887762014, 0.00121616059914, -0.0016170310555, 0.000907729612663, -9.53483759076e-05, 0.000129438834847, -0.00157692481298, 0.00116614077706, -3.08145899908e-05, 0.00193817634135, 0.00112841615919, 0.0103898253292, -0.000674300594255], [0.00134608044755, -0.00137509580236, 0.0010595691856, -0.00210625049658, 0.000459147326183, -7.61081391829e-05, 0.000872728647664, 0.000154585679411, 0.00161521765403, 0.00108386285137, 0.00343829020858, -0.000674300594255, 0.0109665542841]]
    },
    "melbands": {
        "mean": [0.000164537399542, 0.000904797227122, 0.000453807209851, 0.000746484671254, 0.000450608582469, 0.000458192196675, 0.000547291187104, 0.000574866891839, 0.000474437896628, 0.000273478362942, 9.89220134215e-05, 9.30306996452e-05, 9.22025137697e-05, 9.13153053261e-05, 5.84593508393e-05, 4.70965605928e-05, 3.70627785742e-05, 2.30160676438e-05, 1.41186137625e-05, 1.25989135995e-05, 1.3164113625e-05, 1.70181720023e-05, 1.03311931525e-05, 5.28076225237e-06, 1.3256281818e-05, 1.39166131703e-05, 9.6894627859e-06, 4.14210080635e-06, 3.70059956367e-06, 1.74689591859e-06, 9.73202304522e-07, 1.16577825793e-06, 1.42780947954e-06, 1.03901493276e-06, 6.71761711146e-07, 4.35040789171e-07, 3.6115895341e-07, 2.63163798309e-07, 1.44978528738e-07, 6.45733067017e-08],
        "stdev": [0.000244125403697, 0.000809443125036, 0.000457135756733, 0.00100603164174, 0.000787469965871, 0.000776490196586, 0.000965568062384, 0.0010076520266, 0.000920026912354, 0.000705345824827, 0.000242188965785, 0.000231653539231, 0.000218937406316, 0.000225723240874, 0.000147330239997, 0.000127929102746, 0.000121925972053, 7.9520905274e-05, 4.91943465022e-05, 4.0763119614e-05, 2.9022758099e-05, 3.15317665809e-05, 2.14928368223e-05, 1.0213006135e-05, 2.65104426944e-05, 2.61139048234e-05, 2.10322614294e-05, 9.7010151876e-06, 9.05179786059e-06, 5.0233870752e-06, 4.0957688725e-06, 5.40343989996e-06, 6.84156566422e-06, 4.57392161479e-06, 3.13823602482e-06, 2.39245946432e-06, 1.80256120075e-06, 1.03241791294e-06, 5.29645092229e-07, 2.23111698006e-07]
    },
    "melbands128": {
        "mean": [2.33131231653e-06, 1.41342352435e-05, 0.000122067664051, 0.000646282220259, 0.00117732037324, 0.000865282258019, 0.000349292211467, 0.000282920518657, 0.000696702220012, 0.000998176867142, 0.000692840199918, 0.000463331292849, 0.000413792877225, 0.000394908798626, 0.000445338344434, 0.000481426744955, 0.000558348139748, 0.000568343850318, 0.000501501141116, 0.000590583134908, 0.000645610911306, 0.000487989338581, 0.00045973790111, 0.000454120599898, 0.000371339381672, 0.000178111047717, 0.00010218751413, 9.09089358174e-05, 9.75190778263e-05, 8.87112983037e-05, 9.57495140028e-05, 9.40043246374e-05, 8.59566862346e-05, 9.71635890892e-05, 9.6353905974e-05, 9.61637269938e-05, 7.17461662134e-05, 5.62613458897e-05, 5.18584383826e-05, 4.63424694317e-05, 4.85245436721e-05, 4.41767806478e-05, 4.2141025915e-05, 3.05251705868e-05, 2.31295471167e-05, 2.3842918381e-05, 2.0363191652e-05, 1.35507088999e-05, 1.13870064524e-05, 1.34396932481e-05, 1.34472848003e-05, 1.1108139006e-05, 1.12530633487e-05, 1.50817077156e-05, 1.5233547856e-05, 1.79407343239e-05, 1.81548875844e-05, 1.38907162182e-05, 7.11595976099e-06, 3.86734927815e-06, 3.77719243261e-06, 6.24684480499e-06, 1.28433284772e-05, 1.56750302267e-05, 1.36434991873e-05, 1.32395998662e-05, 1.45898902701e-05, 1.40699276017e-05, 7.88915349403e-06, 4.79106938656e-06, 3.89429715142e-06, 3.7207346395e-06, 4.62079515273e-06, 3.80076585316e-06, 2.64254163085e-06, 1.83217275662e-06, 1.444573968e-06, 8.93961669135e-07, 7.99585109235e-07, 1.1784753724e-06, 1.10478856641e-06, 1.07634514279e-06, 1.49695483742e-06, 1.57393390054e-06, 1.30091621031e-06, 1.055881512e-06, 9.61615910455e-07, 9.71321810539e-07, 6.60908597183e-07, 4.54642304248e-07, 4.55820270417e-07, 4.35834124346e-07, 3.89432614156e-07, 3.68265631323e-07, 3.44604217162e-07, 2.95047186682e-07, 2.50268470836e-07, 2.15286007688e-07, 1.5232345163e-07, 1.06029958147e-07, 7.90916416804e-08, 5.49428200713e-08, 5.22011269766e-08, 4.79793484942e-08, 4.65659049098e-08, 5.48168834769e-08, 6.19321340878e-08, 6.94223132314e-08, 6.99543107885e-08, 5.55724710694e-08, 4.19104644322e-08, 3.19456461284e-08, 2.4237992946e-08, 1.60749600298e-08, 6.77362299584e-09, 1.1514116327e-09, 6.85180315263e-11, 1.24159614881e-11, 1.27643026357e-11, 5.61680146838e-10, 7.06661351657e-09, 9.34464150504e-09, 3.22438097555e-07, 6.09717062616e-07, 4.6477177662e-09, 3.88796106421e-09, 3.10653697211e-10, 3.91398935831e-12],
        "stdev": [1.34514821184e-05, 0.000102273777884, 0.000307815294946, 0.000812259502709, 0.00115706003271, 0.000952294387389, 0.000599547696766, 0.000500387395732, 0.00111782946624, 0.00171974266414, 0.00153553416021, 0.00119772774633, 0.00102661829442, 0.000962931721006, 0.00110925524496, 0.00108295399696, 0.00126180693042, 0.00139853206929, 0.00133643182926, 0.001345248078, 0.00154284504242, 0.00119747885037, 0.00121756328736, 0.0014072394697, 0.00121479388326, 0.000604540284257, 0.000387891079299, 0.000278566061752, 0.000277412385913, 0.000258398475125, 0.000309120048769, 0.000330019334797, 0.000256130413618, 0.00028170942096, 0.000281667569652, 0.000303367589368, 0.000224176459596, 0.000176958114025, 0.000190507620573, 0.000154190827743, 0.000173986161826, 0.000151431187987, 0.000169600738445, 0.00012670479191, 9.39491001191e-05, 9.45419087657e-05, 9.60018442129e-05, 5.74341866013e-05, 4.60304290755e-05, 5.61665619898e-05, 5.289605906e-05, 3.56994532922e-05, 3.15271608997e-05, 3.72329413949e-05, 3.3447300666e-05, 3.92094698327e-05, 4.26462902396e-05, 3.40886472259e-05, 1.66147965501e-05, 8.34107777337e-06, 9.26982011151e-06, 1.35277041409e-05, 2.92617678497e-05, 3.58626602974e-05, 2.98023787764e-05, 2.91441865556e-05, 3.23997446685e-05, 3.44928666891e-05, 1.92854058696e-05, 1.40577994898e-05, 1.09082147901e-05, 1.11001836558e-05, 1.27088969748e-05, 1.02830435935e-05, 7.38146763979e-06, 5.94201173953e-06, 5.17806847711e-06, 3.76301204597e-06, 4.03895910495e-06, 5.46956653125e-06, 5.25945188201e-06, 5.50195227333e-06, 7.9895298768e-06, 8.22527454147e-06, 6.5212507252e-06, 4.95628364661e-06, 4.70800841867e-06, 4.57833630207e-06, 3.39525604431e-06, 2.40793292505e-06, 2.55173586083e-06, 2.78677657661e-06, 2.62171852228e-06, 1.92842912838e-06, 1.63410095411e-06, 1.29374097924e-06, 9.46073555497e-07, 8.45919998937e-07, 6.149963383e-07, 4.14692721051e-07, 2.95041473919e-07, 1.95831205474e-07, 1.9015736541e-07, 1.92502852769e-07, 1.54294440335e-07, 1.67463753087e-07, 1.69618687096e-07, 1.80559453611e-07, 2.3825744222e-07, 1.80482317091e-07, 1.41305420698e-07, 1.04745247143e-07, 7.99933559392e-08, 5.51285950223e-08, 2.54478322859e-08, 5.49528911264e-09, 2.26259330716e-10, 4.92530322083e-11, 6.1362942505e-11, 1.35587341354e-09, 1.14883818014e-08, 1.3518619113e-08, 8.70790017871e-08, 1.66586502814e-07, 8.35677926858e-09, 7.68790187067e-09, 8.10629952053e-10, 1.06721489285e-11]
    },
    "mfcc": {
        "mean": [-743.268554688, 152.35925293, -1.11436891556, 38.7819862366, -0.981936573982, -9.94174575806, 2.63053679466, -4.25691413879, -6.51851081848, -0.518049240112, -1.55267000198, 0.687038242817, 2.9238858223],
        "cov": [[13885.2050781, 1983.48242188, -2527.02172852, -116.476593018, -950.914001465, -1307.5267334, -224.154342651, -398.725006104, -480.375, -77.430480957, -222.986938477, 64.9359741211, -52.2255058289], [1983.48242188, 4287.94580078, -717.668762207, -448.062683105, -387.055725098, -746.241516113, 226.758010864, -66.0210494995, -77.5588378906, -409.313171387, -277.835693359, -66.6645431519, 62.572013855], [-2527.02172852, -717.668762207, 1440.24816895, 205.942459106, 71.3869094849, 332.889312744, -48.5358886719, 180.2240448, 89.1761474609, -15.1577425003, -17.9637413025, -7.90238189697, 40.6379623413], [-116.476593018, -448.062683105, 205.942459106, 808.516235352, 259.444976807, -1.38229346275, -68.4208602905, -142.148178101, -49.3672943115, 43.8953475952, -100.354309082, -64.9303436279, 12.7454357147], [-950.914001465, -387.055725098, 71.3869094849, 259.444976807, 728.409301758, 199.34197998, -146.340011597, -176.831573486, -53.9202804565, 118.444831848, -6.21059274673, -47.2109375, 7.6363697052], [-1307.5267334, -746.241516113, 332.889312744, -1.38229346275, 199.34197998, 545.197509766, -24.8383464813, 28.649230957, 66.5596542358, 37.1751441956, 101.499336243, 25.4313106537, -9.17335319519], [-224.154342651, 226.758010864, -48.5358886719, -68.4208602905, -146.340011597, -24.8383464813, 284.497406006, 102.509628296, 48.6441345215, -33.2899551392, 19.2536945343, 44.504360199, -19.1765556335], [-398.725006104, -66.0210494995, 180.2240448, -142.148178101, -176.831573486, 28.649230957, 102.509628296, 299.243225098, 82.323600769, -49.929107666, 70.0350341797, 20.0217208862, -15.4485635757], [-480.375, -77.5588378906, 89.1761474609, -49.3672943115, -53.9202804565, 66.5596542358, 48.6441345215, 82.323600769, 193.136230469, -15.7830286026, 12.2496452332, 20.5172195435, -24.565984726], [-77.430480957, -409.313171387, -15.1577425003, 43.8953475952, 118.444831848, 37.1751441956, -33.2899551392, -49.929107666, -15.7830286026, 215.410263062, 64.5733718872, 6.64279079437, -13.0711688995], [-222.986938477, -277.835693359, -17.9637413025, -100.354309082, -6.21059274673, 101.499336243, 19.2536945343, 70.0350341797, 12.2496452332, 64.5733718872, 258.650543213, 60.0159492493, -54.2324867249], [64.9359741211, -66.6645431519, -7.90238189697, -64.9303436279, -47.2109375, 25.4313106537, 44.504360199, 20.0217208862, 20.5172195435, 6.64279079437, 60.0159492493, 153.095321655, -14.3250627518], [-52.2255058289, 62.572013855, 40.6379623413, 12.7454357147, 7.6363697052, -9.17335319519, -19.1765556335, -15.4485635757, -24.565984726, -13.0711688995, -54.2324867249, -14.3250627518, 138.987289429]],
        "icov": [[0.00015953851107, -1.68299538927e-05, 0.000246347597567, -9.28679219214e-05, 0.000247861666139, 9.34319905355e-05, 0.000284644251224, -3.54402618541e-05, 0.000252838479355, -6.2634855567e-05, 0.000127208128106, -0.000190476770513, 0.000100697659946], [-1.68299538927e-05, 0.000463090575067, -5.47822935459e-07, 0.000309434806695, -0.000147866361658, 0.00053806748474, -0.000405547412811, 0.000326681067236, -1.64212415257e-05, 0.00077869737288, 6.56435004203e-05, 0.000213407169213, -0.000101089273812], [0.000246347597567, -5.47822935459e-07, 0.00142044853419, -0.000500918657053, 0.000440762960352, -0.000477398803923, 0.000797236978542, -0.000955677765887, 0.000307075068122, -0.000120807744679, 0.000606717425399, -0.000417760253185, -9.19271988096e-05], [-9.28679219214e-05, 0.000309434806695, -0.000500918657053, 0.00190436700359, -0.000686782703269, 0.000582403037697, -0.00061654986348, 0.000872469623573, -3.37114252034e-05, 0.000409452215536, 0.000304171873722, 0.000589195929933, 9.76681840257e-05], [0.000247861666139, -0.000147866361658, 0.000440762960352, -0.000686782703269, 0.00262778019533, -0.000872869160958, 0.00105453818105, 0.000587085261941, 0.000621764280368, -0.00103527843021, 0.000258373824181, 1.46188858707e-05, 0.000217433218495], [9.34319905355e-05, 0.00053806748474, -0.000477398803923, 0.000582403037697, -0.000872869160958, 0.00355077930726, -0.000378329103114, 0.000690446817316, -0.000723567209207, 0.00110914243851, -0.00101380445994, 2.1776434096e-06, -0.000233033744735], [0.000284644251224, -0.000405547412811, 0.000797236978542, -0.00061654986348, 0.00105453818105, -0.000378329103114, 0.0053672241047, -0.00175775040407, -6.31247985439e-06, -0.000653961265925, 0.000523317721672, -0.00158411753364, 0.000553529825993], [-3.54402618541e-05, 0.000326681067236, -0.000955677765887, 0.000872469623573, 0.000587085261941, 0.000690446817316, -0.00175775040407, 0.00623916834593, -0.00148797477596, 0.00148481153883, -0.00181633618195, 0.00106588820927, -0.000218918910832], [0.000252838479355, -1.64212415257e-05, 0.000307075068122, -3.37114252034e-05, 0.000621764280368, -0.000723567209207, -6.31247985439e-06, -0.00148797477596, 0.00687682069838, -0.000195755943423, 0.00110017077532, -0.000826417526696, 0.00130870123394], [-6.2634855567e-05, 0.00077869737288, -0.000120807744679, 0.000409452215536, -0.00103527843021, 0.00110914243851, -0.000653961265925, 0.00148481153883, -0.000195755943423, 0.00712568964809, -0.00178893178236, 0.000426051701652, -0.000190018166904], [0.000127208128106, 6.56435004203e-05, 0.000606717425399, 0.000304171873722, 0.000258373824181, -0.00101380445994, 0.000523317721672, -0.00181633618195, 0.00110017077532, -0.00178893178236, 0.00629292614758, -0.00189156201668, 0.00188890483696], [-0.000190476770513, 0.000213407169213, -0.000417760253185, 0.000589195929933, 1.46188858707e-05, 2.1776434096e-06, -0.00158411753364, 0.00106588820927, -0.000826417526696, 0.000426051701652, -0.00189156201668, 0.00807309616357, -0.000212293496588], [0.000100697659946, -0.000101089273812, -9.19271988096e-05, 9.76681840257e-05, 0.000217433218495, -0.000233033744735, 0.000553529825993, -0.000218918910832, 0.00130870123394, -0.000190018166904, 0.00188890483696, -0.000212293496588, 0.00824949238449]]
    },
    "spectral_contrast_coeffs": {
        "mean": [-0.671062409878, -0.735539495945, -0.801374852657, -0.816617369652, -0.781560361385, -0.774819612503],
        "stdev": [0.120259657502, 0.102834030986, 0.0796897336841, 0.0618204139173, 0.0648295730352, 0.0548573285341]
    },
    "spectral_contrast_valleys": {
        "mean": [-7.54054641724, -7.12963247299, -8.08929824829, -8.51346588135, -8.36959266663, -11.7194652557],
        "stdev": [1.1024159193, 1.48394370079, 1.50531244278, 1.33126986027, 1.29606163502, 1.13812088966]
    }
},
"rhythm": {
    "beats_count": 99,
    "beats_loudness": {
        "mean": 0.0310076568276,
        "stdev": 0.0211714114994
    },
    "bpm": 103.484733582,
    "bpm_histogram_first_peak_bpm": 103,
    "bpm_histogram_first_peak_weight": 0.629629611969,
    "bpm_histogram_second_peak_bpm": 115,
    "bpm_histogram_second_peak_spread": 0.619047641754,
    "bpm_histogram_second_peak_weight": 0.0816326513886,
    "danceability": 1.43307900429,
    "onset_rate": 5.79317617416,
    "beats_loudness_band_ratio": {
        "mean": [0.263476908207, 0.218450292945, 0.338451743126, 0.103985719383, 0.056304037571, 0.0841947719455],
        "stdev": [0.214504122734, 0.156067892909, 0.210526183248, 0.0904832333326, 0.0652557238936, 0.190235808492]
    },
    "beats_position": [0.487619042397, 0.96362811327, 1.43963718414, 1.91564619541, 2.39165520668, 2.90249419212, 3.41333317757, 3.9125623703, 4.43501138687, 4.98067998886, 5.50312900543, 6.01396799088, 6.52480697632, 7.03564596176, 7.60453510284, 8.17342376709, 8.73070240021, 9.31120204926, 9.89170074463, 10.4605894089, 11.0294780731, 11.6215867996, 12.2136955261, 12.782585144, 13.3630838394, 13.966802597, 14.5589113235, 15.1394100189, 15.7199087143, 16.2887973785, 16.8925170898, 17.5078449249, 18.088344574, 18.6456241608, 19.179681778, 19.667301178, 20.154920578, 20.6657600403, 21.1649875641, 21.6642169952, 22.1866664886, 22.7091159821, 23.2431735992, 23.8468933105, 24.4390010834, 25.0543308258, 25.6580486298, 26.2269382477, 26.7958278656, 27.3763256073, 27.9568252563, 28.537322998, 29.1178226471, 29.6634922028, 30.1975498199, 30.7199993134, 31.2540588379, 31.7881164551, 32.3337860107, 32.8562355042, 33.3902931213, 33.9127426147, 34.4351921082, 34.9924697876, 35.5265312195, 36.118637085, 36.7455787659, 37.3841247559, 38.034286499, 38.6496124268, 39.2881622314, 39.9267120361, 40.5884780884, 41.2618598938, 41.9584579468, 42.6318359375, 43.2936058044, 43.9437637329, 44.5590934753, 45.2440795898, 45.9522895813, 46.6721076965, 47.3687057495, 48.1349639893, 48.901222229, 49.6674804688, 50.4569587708, 51.2928771973, 52.1636276245, 53.0575942993, 53.9399528503, 54.8223114014, 55.7046699524, 56.5405883789, 57.3765068054, 58.1892051697, 59.0019035339, 59.8146018982, 60.6273002625],
    "bpm_histogram": [0, 0, 0, 0, 0, 0, 0, 0, 0, 0, 0, 0, 0, 0, 0, 0, 0, 0, 0, 0, 0, 0, 0, 0, 0, 0, 0, 0, 0, 0, 0, 0, 0, 0, 0, 0, 0, 0, 0, 0, 0, 0, 0, 0, 0, 0, 0, 0, 0, 0, 0, 0, 0, 0, 0, 0, 0, 0, 0, 0, 0, 0, 0, 0, 0, 0, 0, 0.0102040814236, 0.0306122452021, 0.0102040814236, 0, 0, 0.0306122452021, 0, 0.0408163256943, 0, 0.0102040814236, 0, 0.0306122452021, 0, 0, 0, 0, 0.0102040814236, 0, 0.0102040814236, 0.0204081628472, 0, 0.0102040814236, 0.0204081628472, 0, 0.0204081628472, 0.0204081628472, 0, 0.0306122452021, 0, 0.0102040814236, 0, 0.0408163256943, 0.0408163256943, 0, 0.0510204099119, 0, 0.102040819824, 0, 0.0816326513886, 0, 0, 0.0306122452021, 0, 0.0306122452021, 0, 0.0714285746217, 0, 0, 0.0816326513886, 0, 0.0612244904041, 0, 0, 0.0306122452021, 0, 0, 0.0204081628472, 0, 0, 0.0408163256943, 0, 0, 0, 0, 0, 0, 0, 0, 0, 0, 0, 0, 0, 0, 0, 0, 0, 0, 0, 0, 0, 0, 0, 0, 0, 0, 0, 0, 0, 0, 0, 0, 0, 0, 0, 0, 0, 0, 0, 0, 0, 0, 0, 0, 0, 0, 0, 0, 0, 0, 0, 0, 0, 0, 0, 0, 0, 0, 0, 0, 0, 0, 0, 0, 0, 0, 0, 0, 0, 0, 0, 0, 0, 0, 0, 0, 0, 0, 0, 0, 0, 0, 0, 0, 0, 0, 0, 0, 0, 0, 0, 0, 0, 0, 0, 0, 0, 0, 0, 0, 0, 0, 0, 0, 0, 0, 0, 0, 0, 0, 0, 0, 0, 0, 0, 0, 0, 0, 0, 0, 0, 0, 0]
},
"tonal": {
    "chords_changes_rate": 0.172960728407,
    "chords_number_rate": 0.0105740185827,
    "chords_strength": {
        "mean": 0.474296629429,
        "stdev": 0.100209459662
    },
    "hpcp_crest": {
        "mean": 11.9029998779,
        "stdev": 5.52375364304
    },
    "hpcp_entropy": {
        "mean": 2.24641013145,
        "stdev": 0.756327688694
    },
    "key_edma": {
        "strength": 0.282091468573,
        "key": "C#",
        "scale": "minor"
    },
    "key_krumhansl": {
        "strength": 0.280990183353,
        "key": "C#",
        "scale": "minor"
    },
    "key_temperley": {
        "strength": 0.274778991938,
        "key": "C#",
        "scale": "minor"
    },
    "tuning_diatonic_strength": 0.460603296757,
    "tuning_equal_tempered_deviation": 0.192332535982,
    "tuning_frequency": 453.416503906,
    "tuning_nontempered_energy_ratio": 0.875266194344,
    "hpcp": {
        "mean": [0.112170502543, 0.113960281014, 0.132534816861, 0.115176178515, 0.0937467589974, 0.110633760691, 0.128577515483, 0.11926060915, 0.110084071755, 0.108935363591, 0.101906120777, 0.10061673075, 0.102323919535, 0.0986762717366, 0.120905943215, 0.130459144711, 0.115279734135, 0.117268890142, 0.113358221948, 0.112667992711, 0.129240810871, 0.140834122896, 0.128196418285, 0.113428384066, 0.116641409695, 0.116393849254, 0.13105712831, 0.172973945737, 0.190055847168, 0.171892613173, 0.1590102911, 0.159105047584, 0.178859233856, 0.212649017572, 0.192838326097, 0.141855463386],
        "stdev": [0.219783946872, 0.221427679062, 0.248142808676, 0.219550102949, 0.1972219944, 0.215809985995, 0.234845012426, 0.218108534813, 0.201353728771, 0.203208193183, 0.193236082792, 0.186347678304, 0.19240771234, 0.181378036737, 0.21643397212, 0.234677121043, 0.218950077891, 0.220542564988, 0.212567597628, 0.205833792686, 0.238541975617, 0.247614488006, 0.234819740057, 0.209202006459, 0.224104061723, 0.218773066998, 0.242922917008, 0.28212043643, 0.290883928537, 0.273232609034, 0.262420833111, 0.267568320036, 0.27545684576, 0.30103585124, 0.280083954334, 0.248581171036]
    },
    "chords_histogram": [2.03927493095, 12.5377645493, 20.6948642731, 11.1782474518, 0, 2.71903324127, 0, 0.830815732479, 7.09969806671, 2.87009072304, 4.22960710526, 1.1329305172, 0, 0, 0, 0, 0.377643495798, 2.6435046196, 6.94864034653, 16.1631412506, 4.98489427567, 0, 3.17220544815, 0.377643495798],
    "thpcp": [1, 0.906838536263, 0.667087316513, 0.527491271496, 0.535907864571, 0.623256206512, 0.541625738144, 0.440852075815, 0.520264625549, 0.604646623135, 0.560833096504, 0.517679691315, 0.512277781963, 0.479222148657, 0.473158687353, 0.481186896563, 0.464033514261, 0.568570435047, 0.61349517107, 0.542112708092, 0.551466882229, 0.533076643944, 0.529830753803, 0.607765853405, 0.662284374237, 0.60285449028, 0.533406555653, 0.548516094685, 0.547351896763, 0.616307258606, 0.813424646854, 0.893753707409, 0.80833953619, 0.747759342194, 0.748204946518, 0.841100692749],
    "chords_key": "G#",
    "chords_scale": "minor"
}
}