{
"metadata": {
    "version": {
        "essentia": "2.1-dev",
        "essentia_git_sha": "v2.1_beta3-415-gd5473f3",
        "extractor": "music 2.0"
    },
    "audio_properties": {
        "analysis": {
            "equal_loudness": 0,
            "length": 60.238368988,
            "sample_rate": 44100,
            "start_time": 0,
            "downmix": "mix"
        },
        "bit_rate": 192000,
        "length": 60.238368988,
        "lossless": 0,
        "number_channels": 2,
        "replay_gain": -6.30507087708,
        "sample_rate": 44100,
        "codec": "mp3",
        "md5_encoded": "69cbac8a7a6cdbf262da8636df781234"
    },
    "tags": {
        "file_name": "monologo_hombre_11.mp3",
        "date": ["2004"],
        "engineer": ["rosamerica tamyo"]
    }
},
"lowlevel": {
    "average_loudness": 0.960802435875,
    "barkbands_crest": {
        "mean": 10.079536438,
        "stdev": 3.82967615128
    },
    "barkbands_flatness_db": {
        "mean": 0.192552432418,
        "stdev": 0.0724332109094
    },
    "barkbands_kurtosis": {
        "mean": 9.71334838867,
        "stdev": 19.2953987122
    },
    "barkbands_skewness": {
        "mean": 1.63906776905,
        "stdev": 2.00914978981
    },
    "barkbands_spread": {
        "mean": 22.3638973236,
        "stdev": 25.3169269562
    },
    "dissonance": {
        "mean": 0.438662290573,
        "stdev": 0.0454300045967
    },
    "dynamic_complexity": 4.39459180832,
    "erbbands_crest": {
        "mean": 9.93366909027,
        "stdev": 3.69993638992
    },
    "erbbands_flatness_db": {
        "mean": 0.206070795655,
        "stdev": 0.0588498078287
    },
    "erbbands_kurtosis": {
        "mean": 1.77085649967,
        "stdev": 5.17297697067
    },
    "erbbands_skewness": {
        "mean": 0.377907454967,
        "stdev": 1.1989723444
    },
    "erbbands_spread": {
        "mean": 31.0732707977,
        "stdev": 19.7213840485
    },
    "hfc": {
        "mean": 15.8888692856,
        "stdev": 14.9004583359
    },
    "loudness_ebu128": {
        "integrated": -17.8658370972,
        "loudness_range": 1.54547309875,
        "momentary": {
            "mean": -18.4367084503,
            "stdev": 2.57702255249
        },
        "short_term": {
            "mean": -17.9625320435,
            "stdev": 0.517387449741
        }
    },
    "melbands_crest": {
        "mean": 13.4629173279,
        "stdev": 5.65886640549
    },
    "melbands_flatness_db": {
        "mean": 0.275430321693,
        "stdev": 0.10754956305
    },
    "melbands_kurtosis": {
        "mean": 15.5897502899,
        "stdev": 27.3441200256
    },
    "melbands_skewness": {
        "mean": 2.38045310974,
        "stdev": 2.07954525948
    },
    "melbands_spread": {
        "mean": 23.4075431824,
        "stdev": 30.6606025696
    },
    "pitch_salience": {
        "mean": 0.6441193223,
        "stdev": 0.126930102706
    },
    "silence_rate_20dB": {
        "mean": 1,
        "stdev": 0
    },
    "silence_rate_30dB": {
        "mean": 1,
        "stdev": 0
    },
    "silence_rate_60dB": {
        "mean": 0.174884438515,
        "stdev": 0.37986522913
    },
    "spectral_centroid": {
        "mean": 1183.48449707,
        "stdev": 1021.0949707
    },
    "spectral_complexity": {
        "mean": 12.9306621552,
        "stdev": 9.6138458252
    },
    "spectral_decrease": {
        "mean": -6.43189324023e-09,
        "stdev": 5.18021670004e-09
    },
    "spectral_energy": {
        "mean": 0.0257165618241,
        "stdev": 0.0206708069891
    },
    "spectral_energyband_high": {
        "mean": 0.000275942147709,
        "stdev": 0.000845806265716
    },
    "spectral_energyband_low": {
        "mean": 0.00603816937655,
        "stdev": 0.00563232135028
    },
    "spectral_energyband_middle_high": {
        "mean": 0.00438363011926,
        "stdev": 0.00583101669326
    },
    "spectral_energyband_middle_low": {
        "mean": 0.0157636646181,
        "stdev": 0.0138817308471
    },
    "spectral_entropy": {
        "mean": 7.08485174179,
        "stdev": 0.675573825836
    },
    "spectral_flux": {
        "mean": 0.0885726138949,
        "stdev": 0.0503259971738
    },
    "spectral_kurtosis": {
        "mean": 12.7252140045,
        "stdev": 12.2867631912
    },
    "spectral_rms": {
        "mean": 0.00437052361667,
        "stdev": 0.0024470128119
    },
    "spectral_rolloff": {
        "mean": 2845.23413086,
        "stdev": 5024.09716797
    },
    "spectral_skewness": {
        "mean": 2.16883063316,
        "stdev": 1.19475328922
    },
    "spectral_spread": {
        "mean": 3270259.5,
        "stdev": 1876328.25
    },
    "spectral_strongpeak": {
        "mean": 1.2305573225,
        "stdev": 1.14103603363
    },
    "zerocrossingrate": {
        "mean": 0.0998437330127,
        "stdev": 0.132434919477
    },
    "barkbands": {
        "mean": [4.02570231017e-06, 0.000801893416792, 0.00459325965494, 0.000916363904253, 0.00572547223419, 0.0014368443517, 0.00238001998514, 0.00246232724749, 0.00259035173804, 0.000546200375538, 0.000515603576787, 0.000815009407233, 0.000859824358486, 0.000434491143096, 0.000253071251791, 0.000239238113863, 0.000394493486965, 0.000181682175025, 0.000227414158871, 0.000106323859654, 6.2825398345e-05, 9.51956899371e-05, 2.3014312319e-05, 1.77293459274e-05, 7.9526225818e-06, 5.11000280312e-06, 2.08756937354e-05],
        "stdev": [3.81630416086e-05, 0.00107056554407, 0.00453460402787, 0.00234502600506, 0.00662147812545, 0.00256374198943, 0.00461118714884, 0.00494397105649, 0.00544184679165, 0.00140082102735, 0.00128110055812, 0.00199019815773, 0.00208733067848, 0.00122437358368, 0.000766332785133, 0.000498138309922, 0.00067064416362, 0.000305183843011, 0.000427881925134, 0.000223372073378, 0.000220148620429, 0.000431617896538, 0.000112334550067, 7.22126133041e-05, 3.33316129399e-05, 2.95810350508e-05, 5.32839385414e-06]
    },
    "erbbands": {
        "mean": [0.00490356655791, 0.329170137644, 4.3544716835, 4.75107860565, 10.8187007904, 23.1636371613, 9.9534406662, 13.4593410492, 27.6864585876, 41.2268104553, 63.1259613037, 58.7316665649, 25.9814491272, 16.7585411072, 23.6329364777, 34.9769973755, 39.2073822021, 29.7319259644, 14.8543052673, 12.3322439194, 15.1316175461, 21.5113582611, 11.4464845657, 10.7685842514, 10.1062831879, 4.88491773605, 3.24982357025, 2.25374007225, 3.69362425804, 1.73734629154, 0.595660924911, 0.369654774666, 0.29199013114, 0.111715599895, 0.0475745014846, 0.0282646119595, 0.00861961301416, 0.000506701355334, 0.000981714576483, 0.000652464746963],
        "stdev": [0.0113559840247, 0.360435456038, 4.04472637177, 7.30155086517, 14.7221870422, 29.9123306274, 18.2954864502, 24.2559547424, 51.1413192749, 81.012550354, 123.147018433, 121.542190552, 63.2896728516, 38.0319328308, 55.2678642273, 83.1660003662, 92.2698974609, 76.3194732666, 41.79895401, 30.8061103821, 27.1668300629, 36.4406929016, 18.3511009216, 20.0474948883, 19.0366191864, 10.1949300766, 10.1400680542, 8.86438751221, 17.1130905151, 8.04788398743, 2.81280469894, 1.54981088638, 1.2011808157, 0.467274069786, 0.200703829527, 0.16343228519, 0.0508722178638, 0.00252073514275, 0.000265684211627, 0.000160965122632]
    },
    "gfcc": {
        "mean": [-79.6640472412, 115.954650879, -102.123313904, 9.19998264313, -28.8990154266, -25.4961204529, -27.0935611725, -6.6669754982, -19.2009124756, -13.9303731918, -1.96803736687, -23.8517475128, -4.95774173737],
        "cov": [[9577.41894531, 1915.34912109, -2536.89282227, 42.8386421204, -595.190246582, -132.52885437, -621.703735352, 809.456542969, -497.716430664, -14.6572198868, -207.021331787, -324.470031738, -306.364318848], [1915.34912109, 4076.85693359, -336.369354248, -1055.34411621, 692.606262207, -814.278320312, -77.9944610596, 159.87828064, -224.882705688, -440.690979004, 220.422180176, -477.846679688, 69.3712005615], [-2536.89282227, -336.369354248, 1411.95593262, 302.338104248, 153.766830444, 98.7515869141, 126.490089417, -253.707229614, 141.423995972, 8.91358184814, -22.1617660522, 165.51675415, 76.7128677368], [42.8386421204, -1055.34411621, 302.338104248, 1018.262146, -24.5527210236, 32.5092506409, -172.65284729, -116.542053223, 93.2206039429, 157.054016113, -120.593223572, 140.20211792, -0.147269397974], [-595.190246582, 692.606262207, 153.766830444, -24.5527210236, 566.17779541, -253.296264648, -127.902252197, -113.036865234, 26.2423191071, -51.3196525574, 57.6071777344, -116.50062561, 72.0441360474], [-132.52885437, -814.278320312, 98.7515869141, 32.5092506409, -253.296264648, 536.520690918, 156.189208984, -44.0699005127, 26.4129962921, 91.8021316528, -97.9708480835, 112.941062927, -61.5348854065], [-621.703735352, -77.9944610596, 126.490089417, -172.65284729, -127.902252197, 156.189208984, 411.62008667, -1.86390328407, -55.356388092, -39.5975456238, -6.68396043777, 52.3979110718, 24.3366355896], [809.456542969, 159.87828064, -253.707229614, -116.542053223, -113.036865234, -44.0699005127, -1.86390328407, 271.974578857, -72.4250106812, -35.5201873779, 16.0707359314, -24.3631000519, -18.7902755737], [-497.716430664, -224.882705688, 141.423995972, 93.2206039429, 26.2423191071, 26.4129962921, -55.356388092, -72.4250106812, 216.011581421, 49.7500228882, -17.6845054626, 25.9846305847, -25.9602203369], [-14.6572198868, -440.690979004, 8.91358184814, 157.054016113, -51.3196525574, 91.8021316528, -39.5975456238, -35.5201873779, 49.7500228882, 177.221740723, -42.5133628845, 20.8583049774, -24.766122818], [-207.021331787, 220.422180176, -22.1617660522, -120.593223572, 57.6071777344, -97.9708480835, -6.68396043777, 16.0707359314, -17.6845054626, -42.5133628845, 150.392059326, -29.3134460449, 12.2136774063], [-324.470031738, -477.846679688, 165.51675415, 140.20211792, -116.50062561, 112.941062927, 52.3979110718, -24.3631000519, 25.9846305847, 20.8583049774, -29.3134460449, 179.614974976, -1.17696249485], [-306.364318848, 69.3712005615, 76.7128677368, -0.147269397974, 72.0441360474, -61.5348854065, 24.3366355896, -18.7902755737, -25.9602203369, -24.766122818, 12.2136774063, -1.17696249485, 107.261138916]],
        "icov": [[0.00159251166042, -0.00202293181792, 0.00221300800331, -0.00224806927145, 0.002002639696, -0.00204099132679, 0.0019727430772, -0.00175559776835, 0.0016134865582, -0.00115573161747, 0.0014751618728, -0.000873075448908, 0.000946053245571], [-0.00202293181792, 0.00340063218027, -0.00294163636863, 0.00343519984744, -0.00302468379959, 0.0033597717993, -0.00251413625665, 0.00212652841583, -0.00165513483807, 0.00241566402838, -0.0014956704108, 0.00208017718978, -0.000616442819592], [0.00221300800331, -0.00294163636863, 0.00421676505357, -0.00346957752481, 0.00244730012491, -0.00310795893893, 0.00230543105863, -0.00188301503658, 0.00165555579588, -0.00147914083209, 0.00183411047328, -0.00215554027818, 0.000749739177991], [-0.00224806927145, 0.00343519984744, -0.00346957752481, 0.00520691787824, -0.00303163402714, 0.00381215196103, -0.00205611740239, 0.00272212317213, -0.00186581839807, 0.00123295083176, -0.000832581485156, 0.000800392939709, -0.00105084327515], [0.002002639696, -0.00302468379959, 0.00244730012491, -0.00303163402714, 0.00608886126429, -0.00210493337363, 0.00322258914821, -0.000856926024426, 0.0016524909297, -0.0015694797039, 0.00144727318548, 7.54940556362e-05, -0.000383210630389], [-0.00204099132679, 0.0033597717993, -0.00310795893893, 0.00381215196103, -0.00210493337363, 0.00677277799696, -0.0033800508827, 0.00289605651051, -0.00157351547386, 0.00106344558299, -0.000125106176711, 0.000982799450867, 0.000688822299708], [0.0019727430772, -0.00251413625665, 0.00230543105863, -0.00205611740239, 0.00322258914821, -0.0033800508827, 0.00614906614646, -0.00189990981016, 0.00280056847259, -0.000851845426951, 0.00193136930466, -0.00147125311196, 2.24342129513e-05], [-0.00175559776835, 0.00212652841583, -0.00188301503658, 0.00272212317213, -0.000856926024426, 0.00289605651051, -0.00189990981016, 0.00731140188873, -0.000785126525443, 0.0017413693713, -0.00164769077674, 0.000903492793441, -0.000680783879943], [0.0016134865582, -0.00165513483807, 0.00165555579588, -0.00186581839807, 0.0016524909297, -0.00157351547386, 0.00280056847259, -0.000785126525443, 0.00785296503454, -0.0018669043202, 0.00190460099839, -0.0010091579752, 0.00294838799164], [-0.00115573161747, 0.00241566402838, -0.00147914083209, 0.00123295083176, -0.0015694797039, 0.00106344558299, -0.000851845426951, 0.0017413693713, -0.0018669043202, 0.0098844897002, -0.000224273928325, 0.00262469565496, 0.000243560149102], [0.0014751618728, -0.0014956704108, 0.00183411047328, -0.000832581485156, 0.00144727318548, -0.000125106176711, 0.00193136930466, -0.00164769077674, 0.00190460099839, -0.000224273928325, 0.0100084384903, -0.000731218606234, 0.00135865050834], [-0.000873075448908, 0.00208017718978, -0.00215554027818, 0.000800392939709, 7.54940556362e-05, 0.000982799450867, -0.00147125311196, 0.000903492793441, -0.0010091579752, 0.00262469565496, -0.000731218606234, 0.0105857634917, -0.000729926396161], [0.000946053245571, -0.000616442819592, 0.000749739177991, -0.00105084327515, -0.000383210630389, 0.000688822299708, 2.24342129513e-05, -0.000680783879943, 0.00294838799164, 0.000243560149102, 0.00135865050834, -0.000729926396161, 0.0130215575919]]
    },
    "melbands": {
        "mean": [0.00011532157805, 0.00164577714168, 0.000883096188772, 0.0014422176173, 0.00045315886382, 0.00029253444518, 0.000452257896541, 0.000471058592666, 0.000547865347471, 0.000340541941114, 0.000119314332551, 6.32255687378e-05, 7.46705482015e-05, 8.59411302372e-05, 9.36790238484e-05, 8.3082166384e-05, 5.05035204696e-05, 2.28073877224e-05, 1.84732289199e-05, 1.60546769621e-05, 1.81229115697e-05, 2.43733629759e-05, 1.4207364984e-05, 8.11409518064e-06, 8.67316430231e-06, 8.8025808509e-06, 5.20620733369e-06, 2.72966485682e-06, 2.13640282709e-06, 1.48973720115e-06, 1.2237115925e-06, 2.15134900827e-06, 1.80858910426e-06, 6.51223217574e-07, 3.66062607782e-07, 2.18634738758e-07, 2.26381899893e-07, 2.22927653226e-07, 1.43287536503e-07, 7.69588410776e-08],
        "stdev": [0.00016564343241, 0.00151173968334, 0.00108387472574, 0.0017741988413, 0.000673186674248, 0.000511799531523, 0.00084417295875, 0.000893342192285, 0.00106925610453, 0.000718041381333, 0.000303323176922, 0.000147720085806, 0.000180456147064, 0.000207343444345, 0.000228197386605, 0.000206479118788, 0.000139685696922, 6.94922127877e-05, 5.63722387596e-05, 3.78552904294e-05, 3.34068317898e-05, 4.39374744019e-05, 2.52700374404e-05, 1.41003092722e-05, 1.73284734046e-05, 1.7574395315e-05, 1.0619164641e-05, 6.63119408273e-06, 6.65124298393e-06, 5.6128083088e-06, 5.29045109943e-06, 1.01960604297e-05, 8.61194257595e-06, 3.26338999912e-06, 1.85749274806e-06, 9.44511327816e-07, 9.80291588348e-07, 9.31867589316e-07, 5.80801270189e-07, 3.43209279663e-07]
    },
    "melbands128": {
        "mean": [2.65096650764e-06, 6.34043999526e-06, 3.08328199026e-05, 0.000556379440241, 0.00206484785303, 0.00216071656905, 0.000989594031125, 0.00035286496859, 0.000873180746567, 0.00214327126741, 0.00162441376597, 0.000476645946037, 0.000247656687861, 0.000331649265718, 0.000328865105985, 0.000236889871303, 0.000257380132098, 0.000563106616028, 0.000593586242758, 0.000398210366257, 0.000455648521893, 0.000526723975781, 0.000540218141396, 0.000630358059425, 0.000420722004492, 0.000220944042667, 0.000177835230716, 0.000115710354294, 6.38101482764e-05, 5.48618008906e-05, 6.59914076095e-05, 7.26491271053e-05, 7.63454954722e-05, 7.43194977986e-05, 7.63781208661e-05, 8.96775527508e-05, 0.000100849567389, 9.50621106313e-05, 8.79856088432e-05, 8.83111570147e-05, 7.92952414486e-05, 8.33049271023e-05, 5.48889947822e-05, 3.42367457051e-05, 2.05813194043e-05, 2.13118801184e-05, 2.48361975537e-05, 1.92787483684e-05, 1.55929665198e-05, 1.49767320181e-05, 1.64335961017e-05, 1.71391420736e-05, 1.5032880583e-05, 1.76022422238e-05, 2.73022487818e-05, 2.64365717157e-05, 2.12971463043e-05, 1.7775584638e-05, 1.08285457827e-05, 8.51360164233e-06, 8.52831362863e-06, 7.05807315171e-06, 7.88784836914e-06, 9.40914378589e-06, 9.42593760556e-06, 9.74363138084e-06, 8.14333998278e-06, 5.53706104256e-06, 5.17479975315e-06, 3.6367030134e-06, 2.57555348071e-06, 2.31394437833e-06, 2.30950035984e-06, 2.08536857826e-06, 2.02920455195e-06, 1.60591957865e-06, 1.22267783809e-06, 1.06306106318e-06, 1.09304914986e-06, 1.4773283965e-06, 2.10946336665e-06, 2.42743726631e-06, 2.32898401009e-06, 2.0064023829e-06, 1.15555678804e-06, 6.37593757347e-07, 5.27953886831e-07, 5.1027882364e-07, 3.82444881097e-07, 2.36939783349e-07, 2.28653945555e-07, 2.08201242913e-07, 2.09737962109e-07, 2.29031499543e-07, 2.38993891344e-07, 2.2543082423e-07, 2.29882729741e-07, 2.08192844298e-07, 1.44206680375e-07, 1.08965977574e-07, 9.8483845079e-08, 6.7610940846e-08, 5.84980313079e-08, 5.62743487365e-08, 5.04057204864e-08, 4.76637680435e-08, 4.9817927561e-08, 5.5695974055e-08, 4.86341882322e-08, 4.70766003957e-08, 4.72255798911e-08, 3.62709506874e-08, 2.63457859973e-08, 1.71910183866e-08, 7.98294852444e-09, 1.42803013858e-09, 1.79118719856e-10, 2.7477903633e-11, 8.56349366418e-12, 4.4359763085e-10, 6.51216636172e-09, 8.57637427742e-09, 2.84343400381e-07, 5.38729182153e-07, 4.17786294449e-09, 3.27742522011e-09, 2.30255856049e-10, 4.29279745431e-12],
        "stdev": [3.52440292772e-05, 0.000103840677184, 9.7473974165e-05, 0.000735505542252, 0.00202304194681, 0.00236476771533, 0.00183557090349, 0.000898850266822, 0.00158605829347, 0.0032307440415, 0.0026068428997, 0.0011084767757, 0.000781099020969, 0.000775133434217, 0.000715366448276, 0.000705878715962, 0.00064611795824, 0.00131718732882, 0.00153583544306, 0.00117585342377, 0.00124122644775, 0.00134396809153, 0.00152207491919, 0.0016838752199, 0.00111882353667, 0.000719698262401, 0.000579395971727, 0.000379793200409, 0.000203842981136, 0.000150416628458, 0.00020217000565, 0.00021149982058, 0.000226222269703, 0.000220508489292, 0.000243467482505, 0.000276865757769, 0.000314255390549, 0.000290326395771, 0.000264975999016, 0.000279010040686, 0.000258716958342, 0.000279292289633, 0.000181655486813, 0.000125856749946, 8.18817934487e-05, 7.95000232756e-05, 0.000113041343866, 7.50903054723e-05, 5.03964220115e-05, 5.11798607477e-05, 4.50966144854e-05, 3.81078571081e-05, 3.38045101671e-05, 3.83438709832e-05, 5.77172577323e-05, 5.66850321775e-05, 4.27681625297e-05, 3.64936204278e-05, 2.21293375944e-05, 1.62663945957e-05, 1.59282062668e-05, 1.38676905408e-05, 1.7108162865e-05, 2.16749776882e-05, 2.16566932068e-05, 2.20519596041e-05, 1.79816015589e-05, 1.294361482e-05, 1.19374080896e-05, 8.16387728264e-06, 7.32454736863e-06, 7.06268792783e-06, 7.3945384429e-06, 7.02941315467e-06, 7.61257433624e-06, 6.70530153002e-06, 4.97671544508e-06, 4.46879676019e-06, 5.34253194928e-06, 7.09769619789e-06, 1.05109857031e-05, 1.24820526253e-05, 1.17776680781e-05, 1.03305228549e-05, 5.7226707213e-06, 2.98231634588e-06, 4.01261968364e-06, 2.8265264973e-06, 2.09668587559e-06, 1.15272007406e-06, 1.07676498828e-06, 9.19165984214e-07, 9.59660837907e-07, 1.05820936369e-06, 1.19196397463e-06, 8.84643270638e-07, 1.0312435279e-06, 9.85473548099e-07, 5.54968380584e-07, 4.47538468507e-07, 4.51769238907e-07, 3.1591048355e-07, 3.13573508492e-07, 2.28694574389e-07, 1.92996481019e-07, 2.31437923048e-07, 3.07950699607e-07, 4.67249662961e-07, 2.96391732491e-07, 3.07025914026e-07, 3.05526924649e-07, 2.1742221179e-07, 1.7203556979e-07, 9.49321758981e-08, 4.55801973942e-08, 9.23677401232e-09, 3.68855807009e-10, 6.71010469411e-11, 2.86327298676e-11, 1.09521181013e-09, 1.02565724802e-08, 1.17842144931e-08, 7.40864365412e-08, 1.40548891636e-07, 7.21800219594e-09, 6.52137943646e-09, 6.36350527827e-10, 2.87325319787e-11]
    },
    "mfcc": {
        "mean": [-735.985534668, 164.460205078, -11.6967077255, 32.7745132446, 10.3170509338, -13.0823516846, 5.47251653671, -9.06820869446, -5.02031993866, -4.19661617279, -2.23795104027, 3.51003527641, -4.35037136078],
        "cov": [[10135.9550781, 1379.66430664, -2229.40454102, -111.782348633, -302.721160889, -1100.45849609, 50.8897094727, -132.32460022, -17.0343856812, -17.7090492249, 67.3019790649, 108.574623108, -187.614273071], [1379.66430664, 4543.17724609, -856.234985352, -260.446624756, 353.007751465, -967.301452637, 368.61126709, -145.092010498, -91.4393310547, -140.487976074, -218.152862549, 177.929351807, -11.0752449036], [-2229.40454102, -856.234985352, 1313.19458008, 163.954833984, -31.105764389, 505.698425293, -77.5335845947, 164.567443848, 86.9518814087, -41.2314491272, 21.8213939667, 5.72331523895, 94.0210723877], [-111.782348633, -260.446624756, 163.954833984, 827.872558594, 320.651550293, 22.5946063995, -136.029174805, -109.131225586, -24.9780864716, 24.3242759705, -129.291046143, -19.2407932281, 62.1687011719], [-302.721160889, 353.007751465, -31.105764389, 320.651550293, 610.275817871, -27.3177833557, -162.734924316, -149.387557983, -88.7497253418, 79.5041046143, -82.798789978, -27.7452335358, 9.73854351044], [-1100.45849609, -967.301452637, 505.698425293, 22.5946063995, -27.3177833557, 689.330444336, -86.5968551636, 31.7753105164, 98.4393997192, 13.7538385391, 83.3463897705, -12.3562707901, -12.1787042618], [50.8897094727, 368.61126709, -77.5335845947, -136.029174805, -162.734924316, -86.5968551636, 352.951293945, 58.4168663025, 28.4742660522, -47.0102348328, -27.9558887482, 40.594543457, -7.78146219254], [-132.32460022, -145.092010498, 164.567443848, -109.131225586, -149.387557983, 31.7753105164, 58.4168663025, 253.943374634, 37.6334266663, -45.1825294495, 50.3585662842, -27.1768932343, 31.1824932098], [-17.0343856812, -91.4393310547, 86.9518814087, -24.9780864716, -88.7497253418, 98.4393997192, 28.4742660522, 37.6334266663, 173.489196777, -6.64809799194, 15.203868866, 19.9042320251, 0.689165234566], [-17.7090492249, -140.487976074, -41.2314491272, 24.3242759705, 79.5041046143, 13.7538385391, -47.0102348328, -45.1825294495, -6.64809799194, 166.480911255, 27.9655971527, -42.3388748169, -17.5901470184], [67.3019790649, -218.152862549, 21.8213939667, -129.291046143, -82.798789978, 83.3463897705, -27.9558887482, 50.3585662842, 15.203868866, 27.9655971527, 208.324859619, 10.0743951797, -40.1837348938], [108.574623108, 177.929351807, 5.72331523895, -19.2407932281, -27.7452335358, -12.3562707901, 40.594543457, -27.1768932343, 19.9042320251, -42.3388748169, 10.0743951797, 135.597824097, 10.8058071136], [-187.614273071, -11.0752449036, 94.0210723877, 62.1687011719, 9.73854351044, -12.1787042618, -7.78146219254, 31.1824932098, 0.689165234566, -17.5901470184, -40.1837348938, 10.8058071136, 135.445449829]],
        "icov": [[0.000186049976037, -4.52097674497e-06, 0.000309022434521, -0.000119423639262, 0.000150123829371, 0.000122470810311, 0.000148520121002, -0.000120155978948, -0.00012002454605, 1.15707707664e-05, -7.05438651494e-05, -0.000183574884431, 0.000129886786453], [-4.52097674497e-06, 0.000462481606519, 2.581683475e-05, 0.000279282859992, -0.000551408680622, 0.000542808731552, -0.000382695754524, 8.81584128365e-05, -0.000232889913605, 0.000370295369066, 0.000142125150887, -0.000360710080713, 5.18329907209e-05], [0.000309022434521, 2.581683475e-05, 0.00183221301995, -0.000440001982497, 0.000216395928874, -0.000702181365341, 0.00037609032006, -0.00107926316559, -0.000180870862096, 0.000103128593764, 0.000106277722807, -0.000691155029926, -0.000347371591488], [-0.000119423639262, 0.000279282859992, -0.000440001982497, 0.0020063535776, -0.00111119321082, 0.00031695276266, -1.95597986021e-05, 0.000561930472031, -0.000286326016067, 0.000290245661745, 0.000795694882981, 6.6614462412e-05, -0.000510253710672], [0.000150123829371, -0.000551408680622, 0.000216395928874, -0.00111119321082, 0.00346461962909, -0.000556925719138, 0.00130769866519, 0.000470503990073, 0.00111770210788, -0.00131375121418, 0.000434169080108, 0.000180746981641, 0.000128387095174], [0.000122470810311, 0.000542808731552, -0.000702181365341, 0.00031695276266, -0.000556925719138, 0.00313832843676, -5.64227739233e-05, 0.000612808100414, -0.0014105119044, 0.000516616099048, -0.00067950587254, -5.38203457836e-05, 0.00061084900517], [0.000148520121002, -0.000382695754524, 0.00037609032006, -1.95597986021e-05, 0.00130769866519, -5.64227739233e-05, 0.00424240529537, -0.0010408742819, -0.000136488204589, -0.000303459208226, 0.00109573197551, -0.00106178468559, 0.00067768082954], [-0.000120155978948, 8.81584128365e-05, -0.00107926316559, 0.000561930472031, 0.000470503990073, 0.000612808100414, -0.0010408742819, 0.00663274805993, -0.000807033327874, 0.00176046206616, -0.00186710676644, 0.00284776324406, -0.001781885745], [-0.00012002454605, -0.000232889913605, -0.000180870862096, -0.000286326016067, 0.00111770210788, -0.0014105119044, -0.000136488204589, -0.000807033327874, 0.00729102129117, -0.000935396179557, 0.000487990153488, -0.00105959747452, 0.000113177615276], [1.15707707664e-05, 0.000370295369066, 0.000103128593764, 0.000290245661745, -0.00131375121418, 0.000516616099048, -0.000303459208226, 0.00176046206616, -0.000935396179557, 0.00819940771908, -0.00182327500079, 0.0026060868986, -0.000119554861158], [-7.05438651494e-05, 0.000142125150887, 0.000106277722807, 0.000795694882981, 0.000434169080108, -0.00067950587254, 0.00109573197551, -0.00186710676644, 0.000487990153488, -0.00182327500079, 0.0071759717539, -0.00202452274971, 0.00192659930326], [-0.000183574884431, -0.000360710080713, -0.000691155029926, 6.6614462412e-05, 0.000180746981641, -5.38203457836e-05, -0.00106178468559, 0.00284776324406, -0.00105959747452, 0.0026060868986, -0.00202452274971, 0.0102047501132, -0.0016399549786], [0.000129886786453, 5.18329907209e-05, -0.000347371591488, -0.000510253710672, 0.000128387095174, 0.00061084900517, 0.00067768082954, -0.001781885745, 0.000113177615276, -0.000119554861158, 0.00192659930326, -0.0016399549786, 0.00922370422632]]
    },
    "spectral_contrast_coeffs": {
        "mean": [-0.623088240623, -0.740358114243, -0.797529459, -0.793202936649, -0.776377081871, -0.791510283947],
        "stdev": [0.126751482487, 0.105152703822, 0.0823363959789, 0.0671298056841, 0.0701580271125, 0.0512754023075]
    },
    "spectral_contrast_valleys": {
        "mean": [-7.60406494141, -7.09199333191, -8.0253868103, -8.27642250061, -8.34053993225, -11.7509832382],
        "stdev": [1.01642167568, 1.25509059429, 1.28817641735, 1.2123734951, 1.19001591206, 1.16084814072]
    }
},
"rhythm": {
    "beats_count": 118,
    "beats_loudness": {
        "mean": 0.0350476577878,
        "stdev": 0.0189600866288
    },
    "bpm": 132.011489868,
    "bpm_histogram_first_peak_bpm": 133,
    "bpm_histogram_first_peak_weight": 0.548387110233,
    "bpm_histogram_second_peak_bpm": 105,
    "bpm_histogram_second_peak_spread": 0.639999985695,
    "bpm_histogram_second_peak_weight": 0.0769230797887,
    "danceability": 1.46848583221,
    "onset_rate": 6.02431821823,
    "beats_loudness_band_ratio": {
        "mean": [0.333547085524, 0.239059746265, 0.275163412094, 0.11379916966, 0.056358024478, 0.0389294438064],
        "stdev": [0.234477907419, 0.160262301564, 0.201202020049, 0.109987169504, 0.0702581107616, 0.0971320942044]
    },
    "beats_position": [0.568888902664, 1.16099774837, 1.75310659409, 2.34521532059, 2.93732428551, 3.50621318817, 4.07510185242, 4.6439909935, 5.21287965775, 5.78176879883, 6.33904743195, 6.90793657303, 7.46521520615, 8.03410434723, 8.60299301147, 9.2067117691, 9.79882049561, 10.4141492844, 11.017868042, 11.6099767685, 12.1904764175, 12.7709751129, 13.3514738083, 14.0132427216, 14.6750106812, 15.3599996567, 16.0333786011, 16.7183666229, 17.4033565521, 18.0302944183, 18.6572322845, 19.3073921204, 19.9111099243, 20.4799995422, 21.0604991913, 21.640996933, 22.2447166443, 22.8368244171, 23.4289340973, 23.8817234039, 24.3345127106, 24.7873020172, 25.2633094788, 25.7393188477, 26.2153282166, 26.7029476166, 27.1673469543, 27.6317462921, 28.0961437225, 28.4676647186, 28.8507938385, 29.2339229584, 29.6054420471, 29.988571167, 30.383310318, 30.778049469, 31.1611785889, 31.5559177399, 31.9506568909, 32.3337860107, 32.7169151306, 33.1232643127, 33.5296134949, 33.9243545532, 34.3190917969, 34.725440979, 35.1317901611, 35.5497512817, 36.0141487122, 36.4785499573, 36.9429473877, 37.4537849426, 37.9878463745, 38.5219039917, 39.0675735474, 39.6016311646, 40.1473007202, 40.7045783997, 41.2502479553, 41.7726974487, 42.2835350037, 42.8175964355, 43.3168258667, 43.8160552979, 44.3268928528, 44.8377304077, 45.3601799011, 45.8710212708, 46.3818588257, 46.8810882568, 47.3570976257, 47.8331069946, 48.2742843628, 48.7386856079, 49.2030830383, 49.6442604065, 50.1086616516, 50.5614509583, 51.0026283264, 51.4554176331, 51.9082069397, 52.3609962463, 52.813785553, 53.2665748596, 53.7077522278, 54.1605415344, 54.6133308411, 55.0777320862, 55.5305213928, 55.9833106995, 56.4128799438, 56.8424491882, 57.2836265564, 57.7248077393, 58.1543769836, 58.6187744141, 59.0715637207, 59.4895210266],
    "bpm_histogram": [0, 0, 0, 0, 0, 0, 0, 0, 0, 0, 0, 0, 0, 0, 0, 0, 0, 0, 0, 0, 0, 0, 0, 0, 0, 0, 0, 0, 0, 0, 0, 0, 0, 0, 0, 0, 0, 0, 0, 0, 0, 0, 0, 0, 0, 0, 0, 0, 0, 0, 0, 0, 0, 0, 0, 0, 0, 0, 0, 0, 0, 0, 0, 0, 0, 0, 0, 0, 0, 0, 0, 0, 0, 0, 0, 0, 0, 0, 0, 0, 0, 0, 0, 0, 0, 0, 0, 0, 0.0256410259753, 0.00854700896889, 0, 0.0170940179378, 0.00854700896889, 0, 0, 0, 0.0170940179378, 0, 0.00854700896889, 0.0341880358756, 0, 0.0683760717511, 0, 0.0427350439131, 0, 0.0769230797887, 0, 0, 0.0256410259753, 0, 0.0256410259753, 0, 0.0341880358756, 0, 0, 0.0170940179378, 0, 0.0512820519507, 0, 0, 0.0256410259753, 0, 0, 0.00854700896889, 0, 0, 0.0427350439131, 0, 0, 0.0940170958638, 0, 0, 0, 0.119658119977, 0, 0, 0.0512820519507, 0, 0, 0, 0.0256410259753, 0, 0, 0, 0.0170940179378, 0, 0, 0, 0.0341880358756, 0, 0, 0, 0.0512820519507, 0, 0, 0, 0, 0.0512820519507, 0, 0, 0, 0.0170940179378, 0, 0, 0, 0, 0, 0, 0, 0, 0, 0, 0, 0, 0, 0, 0, 0, 0, 0, 0, 0, 0, 0, 0, 0, 0, 0, 0, 0, 0, 0, 0, 0, 0, 0, 0, 0, 0, 0, 0, 0, 0, 0, 0, 0, 0, 0, 0, 0, 0, 0, 0, 0, 0, 0, 0, 0, 0, 0, 0, 0, 0, 0, 0, 0, 0, 0, 0, 0, 0, 0, 0, 0, 0, 0, 0, 0, 0, 0, 0, 0, 0, 0, 0, 0, 0, 0, 0, 0]
},
"tonal": {
    "chords_changes_rate": 0.145496532321,
    "chords_number_rate": 0.0115473438054,
    "chords_strength": {
        "mean": 0.500151515007,
        "stdev": 0.119099728763
    },
    "hpcp_crest": {
        "mean": 11.9339857101,
        "stdev": 5.74297618866
    },
    "hpcp_entropy": {
        "mean": 2.25888824463,
        "stdev": 0.82646882534
    },
    "key_edma": {
        "strength": 0.323720753193,
        "key": "A",
        "scale": "major"
    },
    "key_krumhansl": {
        "strength": 0.334475487471,
        "key": "A",
        "scale": "major"
    },
    "key_temperley": {
        "strength": 0.348938018084,
        "key": "A",
        "scale": "major"
    },
    "tuning_diatonic_strength": 0.568491995335,
    "tuning_equal_tempered_deviation": 0.264107823372,
    "tuning_frequency": 437.213165283,
    "tuning_nontempered_energy_ratio": 0.905359268188,
    "hpcp": {
        "mean": [0.228766724467, 0.210414588451, 0.198200911283, 0.172353103757, 0.161964580417, 0.135535702109, 0.113643094897, 0.105764836073, 0.103859379888, 0.100936323404, 0.0904931947589, 0.0968177765608, 0.108151428401, 0.101196914911, 0.0914851650596, 0.0959926173091, 0.113289579749, 0.116497762501, 0.110040947795, 0.111709304154, 0.112913414836, 0.111277095973, 0.111311763525, 0.106914140284, 0.0951974093914, 0.108635671437, 0.134046822786, 0.122282393277, 0.111876092851, 0.125644892454, 0.135142400861, 0.139464259148, 0.158682450652, 0.186415627599, 0.212635487318, 0.243847057223],
        "stdev": [0.319403141737, 0.315739631653, 0.306028544903, 0.279737830162, 0.281767308712, 0.249281063676, 0.232452109456, 0.214123994112, 0.215294033289, 0.211538359523, 0.198277741671, 0.19794729352, 0.200033545494, 0.197291269898, 0.184093803167, 0.189969629049, 0.216533765197, 0.214821875095, 0.202518954873, 0.201606035233, 0.208538517356, 0.184947580099, 0.189634054899, 0.195153445005, 0.182263329625, 0.200464561582, 0.25317081809, 0.222706288099, 0.214536905289, 0.234999284148, 0.243648350239, 0.24999576807, 0.267396450043, 0.298345625401, 0.313267022371, 0.338781416416]
    },
    "chords_histogram": [22.863740921, 5.38876056671, 0.0769822970033, 5.15781354904, 0, 0.846805214882, 3.15627408028, 0.153964594007, 4.69591999054, 6.92840623856, 19.3995380402, 1.15473437309, 0.0769822970033, 3.23325634003, 5.92763662338, 4.61893749237, 0.153964594007, 4.0800614357, 0, 0, 2.4634335041, 1.07775211334, 0.769822955132, 7.77521181107],
    "thpcp": [1, 0.938156604767, 0.862895727158, 0.812808275223, 0.706808209419, 0.664205610752, 0.555822610855, 0.466042518616, 0.433734327555, 0.425920158625, 0.413932919502, 0.371106356382, 0.397043049335, 0.443521559238, 0.415001571178, 0.375174373388, 0.393659114838, 0.464592784643, 0.477749317884, 0.451270341873, 0.458112180233, 0.463050156832, 0.456339716911, 0.456481873989, 0.438447535038, 0.390398025513, 0.445507407188, 0.549716770649, 0.501471698284, 0.458796143532, 0.515261054039, 0.554209709167, 0.571933329105, 0.650745809078, 0.764477670193, 0.872003495693],
    "chords_key": "A",
    "chords_scale": "major"
}
}