{
"metadata": {
    "version": {
        "essentia": "2.1-dev",
        "essentia_git_sha": "v2.1_beta3-415-gd5473f3",
        "extractor": "music 2.0"
    },
    "audio_properties": {
        "analysis": {
            "equal_loudness": 0,
            "length": 61.4399986267,
            "sample_rate": 44100,
            "start_time": 0,
            "downmix": "mix"
        },
        "bit_rate": 192000,
        "length": 61.4399986267,
        "lossless": 0,
        "number_channels": 2,
        "replay_gain": -6.31957626343,
        "sample_rate": 44100,
        "codec": "mp3",
        "md5_encoded": "654cd129e3ffb41b0b8dcc805dbdbfec"
    },
    "tags": {
        "file_name": "monologo_mujer_01.mp3",
        "date": ["2004"],
        "engineer": ["rosamerica tamyo"]
    }
},
"lowlevel": {
    "average_loudness": 0.977525234222,
    "barkbands_crest": {
        "mean": 12.8169908524,
        "stdev": 5.47979068756
    },
    "barkbands_flatness_db": {
        "mean": 0.201428472996,
        "stdev": 0.0855069160461
    },
    "barkbands_kurtosis": {
        "mean": 28.4347991943,
        "stdev": 67.2700500488
    },
    "barkbands_skewness": {
        "mean": 2.68159532547,
        "stdev": 3.73186540604
    },
    "barkbands_spread": {
        "mean": 23.649389267,
        "stdev": 28.4859600067
    },
    "dissonance": {
        "mean": 0.41253438592,
        "stdev": 0.0724432021379
    },
    "dynamic_complexity": 4.06894779205,
    "erbbands_crest": {
        "mean": 11.9232997894,
        "stdev": 5.01565504074
    },
    "erbbands_flatness_db": {
        "mean": 0.20929813385,
        "stdev": 0.0664544552565
    },
    "erbbands_kurtosis": {
        "mean": 4.69623756409,
        "stdev": 10.183221817
    },
    "erbbands_skewness": {
        "mean": 0.699446618557,
        "stdev": 1.67140007019
    },
    "erbbands_spread": {
        "mean": 30.5681438446,
        "stdev": 23.0404586792
    },
    "hfc": {
        "mean": 15.3794727325,
        "stdev": 15.9449357986
    },
    "loudness_ebu128": {
        "integrated": -18.7211055756,
        "loudness_range": 1.23822784424,
        "momentary": {
            "mean": -19.2007904053,
            "stdev": 2.38173770905
        },
        "short_term": {
            "mean": -18.8319721222,
            "stdev": 0.43705534935
        }
    },
    "melbands_crest": {
        "mean": 17.708776474,
        "stdev": 7.28982019424
    },
    "melbands_flatness_db": {
        "mean": 0.276220500469,
        "stdev": 0.116867415607
    },
    "melbands_kurtosis": {
        "mean": 27.0953025818,
        "stdev": 47.8921127319
    },
    "melbands_skewness": {
        "mean": 3.01318979263,
        "stdev": 2.7027156353
    },
    "melbands_spread": {
        "mean": 28.213968277,
        "stdev": 42.7785301208
    },
    "pitch_salience": {
        "mean": 0.532177746296,
        "stdev": 0.180248022079
    },
    "silence_rate_20dB": {
        "mean": 1,
        "stdev": 0
    },
    "silence_rate_30dB": {
        "mean": 1,
        "stdev": 0
    },
    "silence_rate_60dB": {
        "mean": 0.199471101165,
        "stdev": 0.399606347084
    },
    "spectral_centroid": {
        "mean": 1349.57507324,
        "stdev": 1261.90087891
    },
    "spectral_complexity": {
        "mean": 7.90139770508,
        "stdev": 6.79910421371
    },
    "spectral_decrease": {
        "mean": -5.19741139016e-09,
        "stdev": 4.64088634189e-09
    },
    "spectral_energy": {
        "mean": 0.0210111718625,
        "stdev": 0.0184065904468
    },
    "spectral_energyband_high": {
        "mean": 0.000745822850149,
        "stdev": 0.00166611676104
    },
    "spectral_energyband_low": {
        "mean": 0.000571662792936,
        "stdev": 0.000993775087409
    },
    "spectral_energyband_middle_high": {
        "mean": 0.00299456133507,
        "stdev": 0.00544125959277
    },
    "spectral_energyband_middle_low": {
        "mean": 0.0172520708293,
        "stdev": 0.0159044116735
    },
    "spectral_entropy": {
        "mean": 6.95566272736,
        "stdev": 0.940015673637
    },
    "spectral_flux": {
        "mean": 0.0873253718019,
        "stdev": 0.0527189001441
    },
    "spectral_kurtosis": {
        "mean": 10.026725769,
        "stdev": 11.5495386124
    },
    "spectral_rms": {
        "mean": 0.00389552675188,
        "stdev": 0.00230728206225
    },
    "spectral_rolloff": {
        "mean": 2821.17041016,
        "stdev": 4569.65527344
    },
    "spectral_skewness": {
        "mean": 1.98058187962,
        "stdev": 1.24170911312
    },
    "spectral_spread": {
        "mean": 3983515.5,
        "stdev": 1652698.75
    },
    "spectral_strongpeak": {
        "mean": 1.1307271719,
        "stdev": 1.09872066975
    },
    "zerocrossingrate": {
        "mean": 0.103797674179,
        "stdev": 0.103660739958
    },
    "barkbands": {
        "mean": [1.04983982965e-05, 9.52739501372e-05, 5.00705646118e-05, 0.00227332557552, 0.00736468518153, 0.0016072159633, 0.00170900090598, 0.00164761953056, 0.00236524106003, 0.000759157643188, 0.000395547715016, 0.000417550414568, 0.000337285659043, 0.000363538536476, 0.000189594356925, 0.000109854634502, 9.79488613666e-05, 0.000241519097472, 0.000169334103703, 0.000213494698983, 0.000227741154958, 0.000122495635878, 0.000101115932921, 8.61085936776e-05, 2.46262370638e-05, 1.2439011698e-05, 1.89054026123e-05],
        "stdev": [1.36559629027e-05, 0.000153659071657, 0.000170470477315, 0.00335564138368, 0.0099559193477, 0.00350334472023, 0.00453800754622, 0.00407743640244, 0.00608470244333, 0.00225555268116, 0.001344208722, 0.00138604757376, 0.000993042835034, 0.0010389352683, 0.000629029178526, 0.000408772350056, 0.000300307117868, 0.000479263719171, 0.000454817258287, 0.000583098037168, 0.000532132748049, 0.000477780151414, 0.000388343585655, 0.000315938174026, 8.1288657384e-05, 5.32401645614e-05, 6.06262028668e-06]
    },
    "erbbands": {
        "mean": [0.00440671807155, 0.0166507940739, 0.0936352908611, 3.37577915192, 25.6869182587, 20.0414218903, 4.30861759186, 17.3428993225, 27.5430755615, 22.6161136627, 44.2315864563, 55.4181632996, 33.4604492188, 20.0711250305, 17.1192741394, 16.094581604, 15.6270923615, 17.6746292114, 14.4428100586, 7.90763473511, 5.63100528717, 5.88492822647, 12.2194538116, 11.2770338058, 7.16136980057, 10.1767845154, 11.6947231293, 6.82645797729, 4.01822137833, 4.10924530029, 2.85482120514, 2.08378505707, 1.19343233109, 0.343575775623, 0.156351879239, 0.0815120637417, 0.0174579918385, 0.000854785379488, 0.000915024487767, 0.000587734801229],
        "stdev": [0.00671578105539, 0.0281644240022, 0.155139192939, 4.50685691833, 31.1476955414, 36.5788154602, 13.6379051208, 36.0313835144, 65.8739852905, 58.9938697815, 106.998657227, 148.002365112, 91.8799819946, 59.1030426025, 50.6714820862, 50.2307815552, 43.5175476074, 47.7885246277, 43.9492950439, 24.5071144104, 19.2626609802, 16.9507007599, 26.166891098, 22.5866088867, 21.4379634857, 32.1278114319, 24.6212711334, 19.8962917328, 15.489859581, 16.300617218, 10.8975534439, 8.00516891479, 4.22522926331, 1.15084946156, 0.517640888691, 0.322298645973, 0.0823974460363, 0.00380599033087, 0.000323785468936, 0.000177394336788]
    },
    "gfcc": {
        "mean": [-92.7621612549, 83.1014633179, -96.6313781738, 14.1807909012, -51.8783340454, -24.6498165131, -25.5333366394, -10.931098938, -24.9780197144, -10.972281456, -6.98750925064, -23.3138618469, -0.664961159229],
        "cov": [[8822.56152344, 219.508224487, -2772.36523438, -154.536453247, -1586.3182373, -222.488449097, -750.66986084, 464.933624268, -1001.28106689, 314.641448975, -586.135375977, -273.052612305, -358.846679688], [219.508224487, 3774.76416016, -307.804107666, -1622.07543945, 194.624649048, -1051.43469238, 256.707672119, -347.6534729, -442.446228027, -386.52053833, 132.032485962, -487.964752197, -20.7831077576], [-2772.36523438, -307.804107666, 1781.17004395, 446.191711426, 228.777496338, 135.499816895, -70.2767410278, -209.544998169, 334.116912842, -137.466522217, 101.065948486, 196.097549438, 17.8391876221], [-154.536453247, -1622.07543945, 446.191711426, 1223.58752441, -59.2719421387, 230.329193115, -304.516998291, 97.9203414917, 242.89151001, 77.5454788208, -66.6733474731, 199.339447021, 72.5467605591], [-1586.3182373, 194.624649048, 228.777496338, -59.2719421387, 629.441650391, 3.85376906395, 172.663299561, -54.0846786499, 210.855392456, -43.8874664307, 106.652137756, -8.34381389618, 92.8308792114], [-222.488449097, -1051.43469238, 135.499816895, 230.329193115, 3.85376906395, 659.598449707, 120.412841797, 44.4869041443, 115.449897766, 130.997085571, -40.0861358643, 142.667694092, -69.7830429077], [-750.66986084, 256.707672119, -70.2767410278, -304.516998291, 172.663299561, 120.412841797, 532.857727051, -39.0639839172, -37.8077468872, -10.790602684, 106.504959106, -35.4550361633, -16.4117088318], [464.933624268, -347.6534729, -209.544998169, 97.9203414917, -54.0846786499, 44.4869041443, -39.0639839172, 249.304748535, 38.4321746826, 77.1365585327, -12.0956430435, 50.0132751465, 1.52025234699], [-1001.28106689, -442.446228027, 334.116912842, 242.89151001, 210.855392456, 115.449897766, -37.8077468872, 38.4321746826, 338.518005371, 40.5810127258, 30.1732807159, 99.8314437866, 85.7952194214], [314.641448975, -386.52053833, -137.466522217, 77.5454788208, -43.8874664307, 130.997085571, -10.790602684, 77.1365585327, 40.5810127258, 194.682052612, -25.6003513336, 35.6778526306, -16.7521972656], [-586.135375977, 132.032485962, 101.065948486, -66.6733474731, 106.652137756, -40.0861358643, 106.504959106, -12.0956430435, 30.1732807159, -25.6003513336, 213.592529297, 40.5772857666, 7.32832813263], [-273.052612305, -487.964752197, 196.097549438, 199.339447021, -8.34381389618, 142.667694092, -35.4550361633, 50.0132751465, 99.8314437866, 35.6778526306, 40.5772857666, 196.24395752, -5.19608783722], [-358.846679688, -20.7831077576, 17.8391876221, 72.5467605591, 92.8308792114, -69.7830429077, -16.4117088318, 1.52025234699, 85.7952194214, -16.7521972656, 7.32832813263, -5.19608783722, 182.17074585]],
        "icov": [[0.00246071210131, -0.00260974559933, 0.00315623218194, -0.00292484206147, 0.00315165682696, -0.00273291906342, 0.00257500610314, -0.00223334203474, 0.0024230312556, -0.00203979248181, 0.00207750452682, -0.00134330976289, 0.00155225698836], [-0.00260974559933, 0.00507438322529, -0.00369692756794, 0.00531256152317, -0.00375947123393, 0.00525280227885, -0.00277825095691, 0.00318687548861, -0.00211820984259, 0.0032718887087, -0.00228338758461, 0.00291479215957, -0.00119098508731], [0.00315623218194, -0.00369692756794, 0.00518091907725, -0.00433876551688, 0.00412086909637, -0.00387068558484, 0.00333996932022, -0.00194971146993, 0.00201083882712, -0.00197223201394, 0.00246857432649, -0.00259125814773, 0.00244892132469], [-0.00292484206147, 0.00531256152317, -0.00433876551688, 0.00697149755433, -0.00400162069127, 0.00512535776943, -0.00245870929211, 0.00309446174651, -0.00272681098431, 0.00335794012062, -0.0023332699202, 0.00247150007635, -0.00199425802566], [0.00315165682696, -0.00375947123393, 0.00412086909637, -0.00400162069127, 0.00689315842465, -0.00387903861701, 0.00255346181802, -0.00259936694056, 0.000899008009583, -0.00230539310724, 0.00195390940644, -0.00118213496171, 0.0014748617541], [-0.00273291906342, 0.00525280227885, -0.00387068558484, 0.00512535776943, -0.00387903861701, 0.00817178189754, -0.00411380082369, 0.00362382596359, -0.00288145011291, 0.00220350106247, -0.00119066226762, 0.00145672098733, -9.09142618184e-05], [0.00257500610314, -0.00277825095691, 0.00333996932022, -0.00245870929211, 0.00255346181802, -0.00411380082369, 0.00583267351612, -0.0023781300988, 0.00328309042379, -0.00205500912853, 0.000747809419408, -0.000823285256047, 0.00128697464243], [-0.00223334203474, 0.00318687548861, -0.00194971146993, 0.00309446174651, -0.00259936694056, 0.00362382596359, -0.0023781300988, 0.00817567296326, -0.00337539403699, 0.00125929876231, -0.00197116029449, 0.000236589476117, -0.000855339923874], [0.0024230312556, -0.00211820984259, 0.00201083882712, -0.00272681098431, 0.000899008009583, -0.00288145011291, 0.00328309042379, -0.00337539403699, 0.00957911740988, -0.00333658908494, 0.00204070843756, -0.00225777644664, -0.000782345246989], [-0.00203979248181, 0.0032718887087, -0.00197223201394, 0.00335794012062, -0.00230539310724, 0.00220350106247, -0.00205500912853, 0.00125929876231, -0.00333658908494, 0.00971120037138, -0.00165805674624, 0.00172962760553, -0.000385209830711], [0.00207750452682, -0.00228338758461, 0.00246857432649, -0.0023332699202, 0.00195390940644, -0.00119066226762, 0.000747809419408, -0.00197116029449, 0.00204070843756, -0.00165805674624, 0.00838024076074, -0.00372483907267, 0.00159441051073], [-0.00134330976289, 0.00291479215957, -0.00259125814773, 0.00247150007635, -0.00118213496171, 0.00145672098733, -0.000823285256047, 0.000236589476117, -0.00225777644664, 0.00172962760553, -0.00372483907267, 0.0108317453414, -0.000278608436929], [0.00155225698836, -0.00119098508731, 0.00244892132469, -0.00199425802566, 0.0014748617541, -9.09142618184e-05, 0.00128697464243, -0.000855339923874, -0.000782345246989, -0.000385209830711, 0.00159441051073, -0.000278608436929, 0.0085631813854]]
    },
    "melbands": {
        "mean": [3.16442601616e-05, 2.0521290935e-05, 0.00124338967726, 0.00194901111536, 0.000211742240936, 0.000385768973501, 0.00040733392234, 0.000259225489572, 0.000377733987989, 0.000342474610079, 0.000160246301675, 8.13790829852e-05, 5.54583166377e-05, 5.12210499437e-05, 3.57153039658e-05, 3.26187109749e-05, 3.31610463036e-05, 2.59134576481e-05, 1.23281788547e-05, 8.5904248408e-06, 6.18283365839e-06, 5.44452495888e-06, 8.34129696159e-06, 1.26776976686e-05, 8.9109489636e-06, 5.67145889363e-06, 4.51441337646e-06, 7.41787425795e-06, 7.93859908299e-06, 5.64239826417e-06, 3.33820730702e-06, 1.97945519176e-06, 2.68160079031e-06, 2.05330866265e-06, 1.7609504539e-06, 1.29367731461e-06, 1.28221324758e-06, 9.67597543422e-07, 4.67360138146e-07, 2.2099590069e-07],
        "stdev": [4.92460640089e-05, 5.09819547005e-05, 0.00149988068733, 0.00263723684475, 0.000560360960662, 0.000794773572125, 0.000953222217504, 0.000627065950539, 0.00092060805764, 0.000927014742047, 0.000459759496152, 0.000250035343925, 0.000172938176547, 0.000186578879948, 0.000108427077066, 8.88057329576e-05, 9.47094522417e-05, 8.38330888655e-05, 4.16377733927e-05, 3.16535406455e-05, 2.27601558436e-05, 1.72101608769e-05, 2.221660543e-05, 2.55845425272e-05, 1.96451801457e-05, 1.81057039299e-05, 1.42893513839e-05, 2.53149828495e-05, 1.7648388166e-05, 1.37525776154e-05, 1.16132996482e-05, 8.10687743069e-06, 1.08784188342e-05, 8.40001030156e-06, 6.93007996233e-06, 5.18484330314e-06, 4.97092196383e-06, 3.5571947592e-06, 1.60569902619e-06, 7.78282526426e-07]
    },
    "melbands128": {
        "mean": [9.24604228203e-06, 3.96882751375e-05, 3.95668575948e-05, 1.97984791157e-05, 1.00419574665e-05, 3.16769219353e-05, 0.000318080099532, 0.00155264569912, 0.00301776337437, 0.00269285496324, 0.00113117531873, 0.000192289851839, 7.22652257537e-05, 0.000108309788629, 0.000339239632012, 0.000580746738706, 0.000559355656151, 0.000366334686987, 0.000277690851362, 0.000213466366404, 0.000240273715463, 0.000377766264137, 0.000392661168007, 0.000378718599677, 0.000387859821785, 0.00033685573726, 0.00022296741372, 0.00013948448759, 0.00010674285295, 9.29082307266e-05, 6.99079755577e-05, 6.28168927506e-05, 5.01891081512e-05, 5.30945726496e-05, 6.16211182205e-05, 5.04559284309e-05, 3.59846017091e-05, 3.29012400471e-05, 3.85836319765e-05, 3.39920225088e-05, 3.04197546939e-05, 3.12314659823e-05, 3.38521167578e-05, 3.42204912158e-05, 3.16784316965e-05, 2.81130360236e-05, 1.38058248922e-05, 1.21555603982e-05, 1.23366626212e-05, 8.69318591867e-06, 9.47454645939e-06, 6.41868700768e-06, 5.90723311689e-06, 6.71402722219e-06, 5.1948577493e-06, 5.02140301251e-06, 5.60218768442e-06, 7.25354766473e-06, 8.62312845129e-06, 1.18205643957e-05, 1.45372678162e-05, 1.28634728753e-05, 8.20450441097e-06, 9.23692823562e-06, 7.13591180102e-06, 5.51744960831e-06, 4.59001239506e-06, 4.85183272758e-06, 3.5295743146e-06, 5.21002266396e-06, 8.10541587271e-06, 7.41586291042e-06, 9.63257662079e-06, 7.40140467315e-06, 7.30086367184e-06, 5.91416710449e-06, 5.00524356539e-06, 4.17377441408e-06, 3.14345538754e-06, 2.65337803285e-06, 1.52425718625e-06, 1.77669869572e-06, 2.7003559353e-06, 2.76236460195e-06, 2.74321405414e-06, 2.37051631302e-06, 1.57685826707e-06, 1.90446019133e-06, 2.07479365599e-06, 1.34434208121e-06, 1.34419985898e-06, 1.2657969819e-06, 1.24085613606e-06, 1.28313183723e-06, 1.34992160383e-06, 1.17153911106e-06, 8.83101677118e-07, 6.68089285227e-07, 5.05554737629e-07, 3.50590823928e-07, 2.56136104326e-07, 1.98423080633e-07, 1.73867761077e-07, 1.75223036081e-07, 1.74111036699e-07, 1.6829795868e-07, 1.7252372686e-07, 1.6433254757e-07, 1.45957386621e-07, 1.30869452164e-07, 9.91675008777e-08, 6.40533386331e-08, 5.06430026803e-08, 3.22961710708e-08, 1.14369562709e-08, 1.77818393343e-09, 1.04339002716e-10, 2.20174919963e-11, 5.15241625407e-12, 4.44079772954e-10, 7.15798931239e-09, 9.56694012899e-09, 2.56252178588e-07, 4.82174129957e-07, 5.94544546928e-09, 4.68392657993e-09, 2.67159655509e-10, 3.00365505038e-12],
        "stdev": [1.25165943246e-05, 6.17489713477e-05, 6.6989879997e-05, 4.14445967181e-05, 3.83611331927e-05, 0.000108119391371, 0.000665475497954, 0.00229994556867, 0.00413667410612, 0.00476702861488, 0.00294697075151, 0.000837138446514, 0.0005094614462, 0.000718241557479, 0.000866510497872, 0.00141795596574, 0.00161759951152, 0.00124519458041, 0.00121817574836, 0.000834562000819, 0.000757884874474, 0.00119539978914, 0.00129249354359, 0.00145372585393, 0.00142793485429, 0.00126127840485, 0.000942830694839, 0.000558904372156, 0.000433888402767, 0.000419242132921, 0.000266881863354, 0.000314789998811, 0.000225486030104, 0.00022741673456, 0.000290499883704, 0.000284527166514, 0.000145165351569, 0.000129646272399, 0.000184489763342, 0.000126901271869, 0.000119273718155, 0.000134397007059, 0.00013827093062, 0.000130991058541, 0.000139018404298, 0.000127963488922, 6.02930958848e-05, 6.94376867614e-05, 5.52838209842e-05, 4.42574200861e-05, 4.65242665086e-05, 3.47359055013e-05, 3.25986948155e-05, 3.11060975946e-05, 1.9959101337e-05, 2.1425417799e-05, 2.14595347643e-05, 2.65698308795e-05, 2.77730196103e-05, 3.26456247421e-05, 3.74281808035e-05, 3.07178816001e-05, 1.93918622244e-05, 2.7355776183e-05, 2.54620299529e-05, 2.08419351111e-05, 2.12418508454e-05, 1.80407278094e-05, 1.20008235172e-05, 2.20818274101e-05, 4.17008559452e-05, 2.45820738201e-05, 2.32472939388e-05, 2.05360647669e-05, 1.74953220267e-05, 1.39571184263e-05, 1.68093683897e-05, 1.40659940371e-05, 1.22556357383e-05, 1.29904383357e-05, 6.69584915158e-06, 7.79478523327e-06, 1.34851397888e-05, 1.12138568511e-05, 1.22731107695e-05, 1.06999068521e-05, 6.65792276777e-06, 8.22355013952e-06, 8.60018826643e-06, 5.29849603481e-06, 5.71657892579e-06, 5.55736369279e-06, 5.32115973328e-06, 5.16138834428e-06, 5.48705020265e-06, 4.67295922135e-06, 3.38922609444e-06, 2.3374416287e-06, 1.90489788565e-06, 1.31935746595e-06, 9.45115800732e-07, 7.88220916093e-07, 6.49022751986e-07, 6.03030173352e-07, 5.7958789057e-07, 6.00077726176e-07, 7.20698835721e-07, 7.12156065674e-07, 5.71106511416e-07, 5.6993059161e-07, 5.21505796769e-07, 3.20124172504e-07, 2.68645408141e-07, 1.75108354483e-07, 5.58478845392e-08, 1.09341415921e-08, 3.42220390914e-10, 7.6807879501e-11, 2.74447565368e-11, 1.15332343675e-09, 1.2150736417e-08, 1.4863314135e-08, 8.25008541483e-08, 1.5557259303e-07, 9.65661417496e-09, 8.74042171972e-09, 6.98469504457e-10, 5.30565088391e-12]
    },
    "mfcc": {
        "mean": [-751.515197754, 128.890151978, 1.87771272659, 30.2510185242, -8.1223526001, -12.5268335342, 4.30684757233, -15.5220708847, -5.98613834381, -3.18625974655, -9.18243312836, 1.42046189308, -16.9691829681],
        "cov": [[10092.1601562, -384.801147461, -2222.96044922, -422.334381104, -1250.42565918, -944.013977051, -17.271987915, -640.473388672, -183.464431763, -34.4610977173, -180.984130859, 30.2735500336, -681.876586914], [-384.801147461, 4639.96386719, -905.494873047, -612.509277344, -576.690002441, -806.846374512, 377.618896484, -435.154052734, -322.414611816, -269.453186035, -98.7390670776, -49.6821670532, -486.979248047], [-2222.96044922, -905.494873047, 1701.9362793, 301.843841553, 415.135498047, 380.743591309, -303.988708496, 232.466720581, -37.3792648315, -91.2346725464, -15.5201997757, 19.3014984131, 262.054046631], [-422.334381104, -612.509277344, 301.843841553, 631.870056152, 305.630584717, -61.2750244141, -160.086517334, -11.8893756866, 73.6726913452, -54.7713928223, -109.727203369, 106.431533813, 85.3668441772], [-1250.42565918, -576.690002441, 415.135498047, 305.630584717, 671.486328125, 134.950088501, -254.481552124, 74.3128585815, 125.368980408, -9.4223241806, -30.7717037201, 63.6249427795, 150.496658325], [-944.013977051, -806.846374512, 380.743591309, -61.2750244141, 134.950088501, 632.434570312, 18.8739452362, 209.558578491, 69.2933044434, 127.742591858, 144.678695679, -115.264526367, 143.099914551], [-17.271987915, 377.618896484, -303.988708496, -160.086517334, -254.481552124, 18.8739452362, 408.81350708, 34.3800430298, -66.8312835693, 67.7831420898, 47.594078064, -42.3049545288, -42.2076683044], [-640.473388672, -435.154052734, 232.466720581, -11.8893756866, 74.3128585815, 209.558578491, 34.3800430298, 305.920257568, 5.28183794022, 59.8004837036, 91.6168289185, -43.3394165039, 150.618743896], [-183.464431763, -322.414611816, -37.3792648315, 73.6726913452, 125.368980408, 69.2933044434, -66.8312835693, 5.28183794022, 270.501922607, 65.5146789551, -25.9746456146, 2.93301391602, 31.4853515625], [-34.4610977173, -269.453186035, -91.2346725464, -54.7713928223, -9.4223241806, 127.742591858, 67.7831420898, 59.8004837036, 65.5146789551, 222.522796631, 69.2805786133, -54.9691581726, 49.2177047729], [-180.984130859, -98.7390670776, -15.5201997757, -109.727203369, -30.7717037201, 144.678695679, 47.594078064, 91.6168289185, -25.9746456146, 69.2805786133, 224.281082153, -27.1248760223, 54.5989685059], [30.2735500336, -49.6821670532, 19.3014984131, 106.431533813, 63.6249427795, -115.264526367, -42.3049545288, -43.3394165039, 2.93301391602, -54.9691581726, -27.1248760223, 186.085510254, 16.6964321136], [-681.876586914, -486.979248047, 262.054046631, 85.3668441772, 150.496658325, 143.099914551, -42.2076683044, 150.618743896, 31.4853515625, 49.2177047729, 54.5989685059, 16.6964321136, 240.181594849]],
        "icov": [[0.000359282363206, 0.000318790931487, 0.000386079103919, 0.000166932411958, 0.000531301775482, 0.000356867763912, 0.000469919556053, 0.000201700706384, 0.000350994785549, 2.20643141802e-05, 0.000114184374979, 5.56715094717e-05, 0.000515997584444], [0.000318790931487, 0.000735713518225, 0.000296771584544, 0.000550207972992, 0.000288183393423, 0.000854234152939, -8.92337357072e-06, 0.0004741550365, 0.000426553073339, 0.000414909271058, -4.30076361226e-05, 0.000382046448067, 0.000731226522475], [0.000386079103919, 0.000296771584544, 0.00153960089665, -0.00012529824744, 0.000495695741847, -0.000403832062148, 0.00118216313422, -0.000207578152185, 0.000978933181614, 0.00048284168588, 0.000616075529251, -5.08255507157e-05, -3.33416319336e-05], [0.000166932411958, 0.000550207972992, -0.00012529824744, 0.00292052910663, -0.000702577643096, 0.000991597073153, -0.000172383792233, 0.00052317843074, -3.69403969671e-05, 0.000369406363461, 0.000726664962713, -0.000382228055969, -3.02441349049e-05], [0.000531301775482, 0.000288183393423, 0.000495695741847, -0.000702577643096, 0.00363605935127, -0.000186582910828, 0.00202320981771, -3.65515807061e-05, -9.93933499558e-05, -0.000114020709589, 0.000411326385802, -0.000537952058949, -6.86959856466e-06], [0.000356867763912, 0.000854234152939, -0.000403832062148, 0.000991597073153, -0.000186582910828, 0.00421065604314, -0.000601054343861, -6.20839491603e-05, -0.000386045168852, -0.000198756606551, -0.00138575665187, 0.00185243668966, 0.000652409740724], [0.000469919556053, -8.92337357072e-06, 0.00118216313422, -0.000172383792233, 0.00202320981771, -0.000601054343861, 0.00498334690928, -0.000946642074268, 0.001270629582, -0.00118896516506, 0.000661381462123, -0.000584450841416, 0.000614569580648], [0.000201700706384, 0.0004741550365, -0.000207578152185, 0.00052317843074, -3.65515807061e-05, -6.20839491603e-05, -0.000946642074268, 0.00632511032745, 0.000288013397949, 0.000362198770745, -0.00106952164788, 0.00121456210036, -0.00245171249844], [0.000350994785549, 0.000426553073339, 0.000978933181614, -3.69403969671e-05, -9.93933499558e-05, -0.000386045168852, 0.001270629582, 0.000288013397949, 0.0054740048945, -0.00146229902748, 0.00131845683791, -0.000238378037466, 0.000440262199845], [2.20643141802e-05, 0.000414909271058, 0.00048284168588, 0.000369406363461, -0.000114020709589, -0.000198756606551, -0.00118896516506, 0.000362198770745, -0.00146229902748, 0.00713270576671, -0.00127972790506, 0.00161720614415, -0.00109187408816], [0.000114184374979, -4.30076361226e-05, 0.000616075529251, 0.000726664962713, 0.000411326385802, -0.00138575665187, 0.000661381462123, -0.00106952164788, 0.00131845683791, -0.00127972790506, 0.00678653363138, -0.000951748050284, -0.000725835503545], [5.56715094717e-05, 0.000382046448067, -5.08255507157e-05, -0.000382228055969, -0.000537952058949, 0.00185243668966, -0.000584450841416, 0.00121456210036, -0.000238378037466, 0.00161720614415, -0.000951748050284, 0.00761531991884, -0.00112016580533], [0.000515997584444, 0.000731226522475, -3.33416319336e-05, -3.02441349049e-05, -6.86959856466e-06, 0.000652409740724, 0.000614569580648, -0.00245171249844, 0.000440262199845, -0.00109187408816, -0.000725835503545, -0.00112016580533, 0.00882813613862]]
    },
    "spectral_contrast_coeffs": {
        "mean": [-0.576747655869, -0.697617590427, -0.763317763805, -0.779832184315, -0.783862411976, -0.761928260326],
        "stdev": [0.167054280639, 0.144594043493, 0.115923590958, 0.0828885361552, 0.0710200369358, 0.0638956353068]
    },
    "spectral_contrast_valleys": {
        "mean": [-8.38191509247, -7.77072811127, -8.63112640381, -8.93859577179, -8.46078205109, -11.5017776489],
        "stdev": [0.5776065588, 1.07291173935, 1.04226267338, 0.99429577589, 1.15369236469, 1.38299524784]
    }
},
"rhythm": {
    "beats_count": 119,
    "beats_loudness": {
        "mean": 0.0309527013451,
        "stdev": 0.0172029882669
    },
    "bpm": 117.805938721,
    "bpm_histogram_first_peak_bpm": 117,
    "bpm_histogram_first_peak_weight": 0.520000040531,
    "bpm_histogram_second_peak_bpm": 105,
    "bpm_histogram_second_peak_spread": 0.54166662693,
    "bpm_histogram_second_peak_weight": 0.0932203382254,
    "danceability": 1.62505233288,
    "onset_rate": 6.26509189606,
    "beats_loudness_band_ratio": {
        "mean": [0.297417610884, 0.313104331493, 0.261455416679, 0.103958390653, 0.0510072186589, 0.108787938952],
        "stdev": [0.259297668934, 0.270539820194, 0.219977542758, 0.156550243497, 0.075504116714, 0.252460747957]
    },
    "beats_position": [0.383129239082, 0.777868449688, 1.18421769142, 1.57895684242, 1.97369611263, 2.36843538284, 2.76317453384, 3.14630389214, 3.52943301201, 3.93578219414, 4.33052158356, 4.71365070343, 5.10838985443, 5.52634906769, 5.99074840546, 6.46675729752, 6.94276618958, 7.40716552734, 7.8831744194, 8.33596324921, 8.80036258698, 9.287981987, 9.77560043335, 10.2632198334, 10.774058342, 11.2848978043, 11.7957363129, 12.3065757751, 12.7941951752, 13.2934236526, 13.7926530838, 14.268661499, 14.7446708679, 15.2206802368, 15.7199087143, 16.1843090057, 16.6835365295, 17.1943759918, 17.7168254852, 18.2276649475, 18.7385025024, 19.2377319336, 19.7253513336, 20.2245807648, 20.7121982574, 21.1882076263, 21.6642169952, 22.1518363953, 22.6858959198, 23.1851234436, 23.7191829681, 24.2416324615, 24.764081955, 25.3097496033, 25.8786392212, 26.4591369629, 27.0744667053, 27.6781845093, 28.2354640961, 28.7579135895, 29.3035831451, 29.8144207001, 30.3368701935, 30.870929718, 31.4165973663, 31.9506568909, 32.4847145081, 33.0303840637, 33.5992736816, 34.1565513611, 34.690612793, 35.2014503479, 35.6774597168, 36.1882972717, 36.6643066406, 37.1751480103, 37.6627655029, 38.1271629333, 38.5915641785, 39.0327415466, 39.5087509155, 39.9731521606, 40.4723815918, 40.9832191467, 41.4708366394, 42.0165061951, 42.5621757507, 43.1194534302, 43.6883430481, 44.2688446045, 44.8261222839, 45.3950119019, 45.9406776428, 46.5095672607, 47.1016769409, 47.6705665588, 48.2162361145, 48.7502937317, 49.3191833496, 49.8648529053, 50.4337387085, 50.9794082642, 51.5482978821, 52.1055755615, 52.6628570557, 53.2201347351, 53.8006324768, 54.3579139709, 54.9268035889, 55.4956893921, 56.0877990723, 56.7495689392, 57.3997268677, 58.0266647339, 58.6652145386, 59.3037643433, 59.919090271, 60.5228118896, 61.1381378174],
    "bpm_histogram": [0, 0, 0, 0, 0, 0, 0, 0, 0, 0, 0, 0, 0, 0, 0, 0, 0, 0, 0, 0, 0, 0, 0, 0, 0, 0, 0, 0, 0, 0, 0, 0, 0, 0, 0, 0, 0, 0, 0, 0, 0, 0, 0, 0, 0, 0, 0, 0, 0, 0, 0, 0, 0, 0, 0, 0, 0, 0, 0, 0, 0, 0, 0, 0, 0, 0, 0, 0, 0, 0, 0, 0, 0, 0, 0, 0, 0, 0, 0, 0, 0, 0, 0, 0, 0, 0, 0, 0, 0, 0, 0, 0.00847457628697, 0.00847457628697, 0, 0.0169491525739, 0, 0.00847457628697, 0, 0.0254237279296, 0.0169491525739, 0, 0.0169491525739, 0, 0.0254237279296, 0, 0.0932203382254, 0, 0, 0.0677966102958, 0, 0.0847457647324, 0, 0.0593220330775, 0, 0, 0.0423728823662, 0, 0.101694911718, 0, 0, 0.0677966102958, 0, 0, 0.0762711837888, 0, 0, 0.0932203382254, 0, 0, 0.0593220330775, 0, 0, 0, 0.00847457628697, 0, 0, 0.00847457628697, 0, 0, 0, 0, 0, 0, 0, 0.00847457628697, 0, 0, 0, 0.0169491525739, 0, 0, 0, 0.0593220330775, 0, 0, 0, 0, 0.0254237279296, 0, 0, 0, 0, 0, 0, 0, 0, 0, 0, 0, 0, 0, 0, 0, 0, 0, 0, 0, 0, 0, 0, 0, 0, 0, 0, 0, 0, 0, 0, 0, 0, 0, 0, 0, 0, 0, 0, 0, 0, 0, 0, 0, 0, 0, 0, 0, 0, 0, 0, 0, 0, 0, 0, 0, 0, 0, 0, 0, 0, 0, 0, 0, 0, 0, 0, 0, 0, 0, 0, 0, 0, 0, 0, 0, 0, 0, 0, 0, 0, 0, 0, 0, 0, 0, 0, 0, 0, 0, 0, 0, 0]
},
"tonal": {
    "chords_changes_rate": 0.147280961275,
    "chords_number_rate": 0.0120845921338,
    "chords_strength": {
        "mean": 0.444007337093,
        "stdev": 0.0878642275929
    },
    "hpcp_crest": {
        "mean": 14.6871490479,
        "stdev": 7.02931404114
    },
    "hpcp_entropy": {
        "mean": 1.8874232769,
        "stdev": 0.877906441689
    },
    "key_edma": {
        "strength": 0.254912376404,
        "key": "F",
        "scale": "minor"
    },
    "key_krumhansl": {
        "strength": 0.249185875058,
        "key": "F",
        "scale": "minor"
    },
    "key_temperley": {
        "strength": 0.23433342576,
        "key": "F#",
        "scale": "minor"
    },
    "tuning_diatonic_strength": 0.39240565896,
    "tuning_equal_tempered_deviation": 0.209313184023,
    "tuning_frequency": 434.946166992,
    "tuning_nontempered_energy_ratio": 0.879817605019,
    "hpcp": {
        "mean": [0.131080120802, 0.0963936150074, 0.083148136735, 0.0729026570916, 0.0708859413862, 0.0704490467906, 0.0641191750765, 0.0625221952796, 0.0628085359931, 0.0627193674445, 0.0628914684057, 0.0601346567273, 0.0583914145827, 0.0595913119614, 0.0612064935267, 0.0645940750837, 0.0628874823451, 0.0614185966551, 0.0642755255103, 0.0654542446136, 0.0812740623951, 0.0924922078848, 0.0945676416159, 0.114517271519, 0.13811647892, 0.144994899631, 0.159805953503, 0.177359461784, 0.160480171442, 0.164380788803, 0.180714085698, 0.159895911813, 0.162193626165, 0.165591597557, 0.139234945178, 0.142668947577],
        "stdev": [0.26196077466, 0.218380495906, 0.214586704969, 0.188519448042, 0.185009241104, 0.181931897998, 0.166139543056, 0.16282735765, 0.163743838668, 0.158511325717, 0.152228474617, 0.152636438608, 0.141697898507, 0.143367141485, 0.14080670476, 0.146406546235, 0.145622029901, 0.15727545321, 0.168771803379, 0.168213635683, 0.205783486366, 0.21515263617, 0.210795268416, 0.24322937429, 0.274678140879, 0.275770246983, 0.285213917494, 0.307662785053, 0.281338334084, 0.280166089535, 0.309186279774, 0.276791572571, 0.28994217515, 0.288949817419, 0.257471472025, 0.271728873253]
    },
    "chords_histogram": [8.91238689423, 0.528700888157, 5.9667673111, 5.74018144608, 0.906344413757, 0.07552870363, 1.05740177631, 0, 0, 23.111782074, 22.2054386139, 3.54984903336, 0.377643495798, 1.43504536152, 6.26888227463, 0.906344413757, 1.35951662064, 0.15105740726, 2.87009072304, 5.2870092392, 1.81268882751, 1.28398787975, 2.11480355263, 4.07854986191],
    "thpcp": [1, 0.884800493717, 0.897515118122, 0.916318178177, 0.770470917225, 0.789473295212, 0.725345373154, 0.533403992653, 0.460108786821, 0.403414368629, 0.392254650593, 0.389837056398, 0.354810059071, 0.345973014832, 0.347557514906, 0.347064077854, 0.348016411066, 0.332761317492, 0.323114901781, 0.329754650593, 0.338692426682, 0.357437968254, 0.347994357347, 0.339866131544, 0.355675250292, 0.362197816372, 0.449738383293, 0.511815130711, 0.523299753666, 0.633693099022, 0.764281749725, 0.802344202995, 0.884302675724, 0.98143684864, 0.888033568859, 0.909618020058],
    "chords_key": "C#",
    "chords_scale": "major"
}
}