{
"metadata": {
    "version": {
        "essentia": "2.1-dev",
        "essentia_git_sha": "v2.1_beta3-415-gd5473f3",
        "extractor": "music 2.0"
    },
    "audio_properties": {
        "analysis": {
            "equal_loudness": 0,
            "length": 60.4734687805,
            "sample_rate": 44100,
            "start_time": 0,
            "downmix": "mix"
        },
        "bit_rate": 192000,
        "length": 60.4734687805,
        "lossless": 0,
        "number_channels": 2,
        "replay_gain": -10.7740898132,
        "sample_rate": 44100,
        "codec": "mp3",
        "md5_encoded": "aedefd99851fbb77f3f515a66f4973ee"
    },
    "tags": {
        "file_name": "speech_22_69-g.mp3"
    }
},
"lowlevel": {
    "average_loudness": 0.976836144924,
    "barkbands_crest": {
        "mean": 11.0753288269,
        "stdev": 4.46125411987
    },
    "barkbands_flatness_db": {
        "mean": 0.237913027406,
        "stdev": 0.0823331773281
    },
    "barkbands_kurtosis": {
        "mean": 11.3060684204,
        "stdev": 17.5701637268
    },
    "barkbands_skewness": {
        "mean": 1.94178378582,
        "stdev": 1.95716536045
    },
    "barkbands_spread": {
        "mean": 16.3929824829,
        "stdev": 17.6355342865
    },
    "dissonance": {
        "mean": 0.452311903238,
        "stdev": 0.0459446460009
    },
    "dynamic_complexity": 5.0316400528,
    "erbbands_crest": {
        "mean": 9.77470397949,
        "stdev": 4.68041372299
    },
    "erbbands_flatness_db": {
        "mean": 0.225977256894,
        "stdev": 0.0510078892112
    },
    "erbbands_kurtosis": {
        "mean": 3.35610175133,
        "stdev": 9.2860584259
    },
    "erbbands_skewness": {
        "mean": 0.506393134594,
        "stdev": 1.5937589407
    },
    "erbbands_spread": {
        "mean": 33.9281044006,
        "stdev": 20.1781768799
    },
    "hfc": {
        "mean": 9.89502716064,
        "stdev": 10.1543016434
    },
    "loudness_ebu128": {
        "integrated": -13.9923439026,
        "loudness_range": 1.1865234375,
        "momentary": {
            "mean": -15.1371231079,
            "stdev": 3.98249793053
        },
        "short_term": {
            "mean": -14.1755933762,
            "stdev": 0.467420190573
        }
    },
    "melbands_crest": {
        "mean": 14.4792346954,
        "stdev": 5.50548219681
    },
    "melbands_flatness_db": {
        "mean": 0.288119018078,
        "stdev": 0.113544091582
    },
    "melbands_kurtosis": {
        "mean": 25.7062129974,
        "stdev": 34.6162872314
    },
    "melbands_skewness": {
        "mean": 3.21443748474,
        "stdev": 2.31614589691
    },
    "melbands_spread": {
        "mean": 23.3567733765,
        "stdev": 35.4307174683
    },
    "pitch_salience": {
        "mean": 0.661421775818,
        "stdev": 0.14304959774
    },
    "silence_rate_20dB": {
        "mean": 1,
        "stdev": 0
    },
    "silence_rate_30dB": {
        "mean": 0.998465061188,
        "stdev": 0.0391482003033
    },
    "silence_rate_60dB": {
        "mean": 0.246354565024,
        "stdev": 0.430890619755
    },
    "spectral_centroid": {
        "mean": 1222.4876709,
        "stdev": 1164.58227539
    },
    "spectral_complexity": {
        "mean": 10.0613965988,
        "stdev": 8.60016345978
    },
    "spectral_decrease": {
        "mean": -6.31867491663e-09,
        "stdev": 6.09155259568e-09
    },
    "spectral_energy": {
        "mean": 0.0247456226498,
        "stdev": 0.0237096529454
    },
    "spectral_energyband_high": {
        "mean": 0.000190963066416,
        "stdev": 0.000612354255281
    },
    "spectral_energyband_low": {
        "mean": 0.00720912404358,
        "stdev": 0.00699917366728
    },
    "spectral_energyband_middle_high": {
        "mean": 0.00184542499483,
        "stdev": 0.00266039930284
    },
    "spectral_energyband_middle_low": {
        "mean": 0.0165571589023,
        "stdev": 0.0178151223809
    },
    "spectral_entropy": {
        "mean": 7.04414319992,
        "stdev": 0.753903388977
    },
    "spectral_flux": {
        "mean": 0.0812216177583,
        "stdev": 0.0517025105655
    },
    "spectral_kurtosis": {
        "mean": 9.0780620575,
        "stdev": 10.3385477066
    },
    "spectral_rms": {
        "mean": 0.00412523606792,
        "stdev": 0.00266917701811
    },
    "spectral_rolloff": {
        "mean": 1206.93481445,
        "stdev": 1771.96032715
    },
    "spectral_skewness": {
        "mean": 1.77127337456,
        "stdev": 1.12910115719
    },
    "spectral_spread": {
        "mean": 3042254,
        "stdev": 1772112.75
    },
    "spectral_strongpeak": {
        "mean": 0.644138038158,
        "stdev": 0.697337925434
    },
    "zerocrossingrate": {
        "mean": 0.0446196496487,
        "stdev": 0.0480506829917
    },
    "barkbands": {
        "mean": [3.25633263856e-05, 0.00231377989985, 0.00385738350451, 0.00248251017183, 0.00870623160154, 0.00270318728872, 0.00117827858776, 0.000666306528728, 0.000722258351743, 0.000264556263573, 0.000167537247762, 0.000139494630275, 0.000201531147468, 0.000252803729381, 0.000155639558216, 0.000148667473695, 0.000149441373651, 0.000113135080028, 0.000201355840545, 0.000173819047632, 6.69895671308e-05, 2.33084301726e-05, 1.44023342727e-05, 7.77059995016e-06, 2.69536940323e-06, 1.40418459083e-08, 7.63884011601e-10],
        "stdev": [9.97758179437e-05, 0.00307967048138, 0.0048464294523, 0.00423020822927, 0.0110338181257, 0.00509129930288, 0.00262415944599, 0.0016863605706, 0.00193843746092, 0.000711495173164, 0.000555822625756, 0.000388308893889, 0.000493971456308, 0.000646826112643, 0.000344563741237, 0.000306934525725, 0.000286344991764, 0.000725752906874, 0.000592996133491, 0.000552650250029, 0.000260538101429, 9.52810078161e-05, 4.52651765954e-05, 2.25837393373e-05, 8.75215391716e-06, 5.25825214481e-08, 1.28087462858e-09]
    },
    "erbbands": {
        "mean": [0.0268554538488, 0.697790682316, 4.07186937332, 6.46665763855, 19.6043605804, 31.3621788025, 24.7479019165, 21.4247379303, 17.8362483978, 15.4767227173, 16.0263957977, 16.3648529053, 10.9529600143, 7.42440891266, 6.60160541534, 5.87705802917, 8.82916355133, 12.9993677139, 10.2919149399, 7.64911222458, 8.6021938324, 8.25193500519, 5.95186281204, 7.24524211884, 12.3585071564, 8.0355014801, 3.54586839676, 2.25901079178, 0.922391176224, 0.633696436882, 0.357322692871, 0.203487068415, 0.105325721204, 0.0500750020146, 0.00781823787838, 0.000456599198515, 2.59328862739e-05, 3.99038071919e-06, 1.24249036162e-05, 2.79572432191e-05],
        "stdev": [0.0538309030235, 0.836945354939, 4.47990131378, 8.94660663605, 26.6983623505, 48.136051178, 40.4952354431, 46.6222000122, 39.720993042, 35.7591667175, 40.6215515137, 44.5075950623, 28.65832901, 21.4666061401, 20.7426986694, 15.6928482056, 20.9183921814, 32.6622619629, 22.7146625519, 16.0315971375, 16.5913238525, 15.8609981537, 32.7720718384, 30.3018321991, 35.5079917908, 26.8410625458, 12.3709287643, 10.1114854813, 3.75917887688, 2.56358337402, 1.01958680153, 0.599571287632, 0.301369994879, 0.15562671423, 0.0288341734558, 0.00161702674814, 5.43221103726e-05, 6.05018612987e-06, 1.11682547868e-05, 2.63282436208e-05]
    },
    "gfcc": {
        "mean": [-123.439552307, 151.39704895, -127.517913818, 65.1259155273, -48.9768104553, 0.427286893129, -34.2914085388, -8.84749317169, -13.3830060959, -16.725069046, 3.16197681427, -25.6063194275, 7.66816234589],
        "cov": [[11233.8710938, 1363.21057129, -921.415161133, -646.225463867, -419.636566162, -1051.38232422, -666.843017578, -101.513076782, -94.8702011108, -305.219848633, -40.1999778748, -592.822692871, -304.478851318], [1363.21057129, 2828.37084961, 706.76159668, -1135.50366211, 349.134918213, -731.819885254, -71.6309890747, -421.133483887, -76.0210876465, -474.548950195, 78.3530502319, -272.811737061, -58.5616416931], [-921.415161133, 706.76159668, 1074.58190918, -30.3889694214, 213.601226807, -203.535888672, -35.548412323, -205.690063477, -53.1948471069, -206.757003784, -47.0810203552, 51.4776687622, 33.8491668701], [-646.225463867, -1135.50366211, -30.3889694214, 946.743408203, 25.2788982391, 157.889022827, -38.3950386047, 98.5411758423, 64.1631774902, 150.184417725, -40.1074142456, 106.535125732, 68.1223220825], [-419.636566162, 349.134918213, 213.601226807, 25.2788982391, 339.090332031, -94.2858963013, -27.7159843445, -110.304824829, 9.35405063629, -55.3674125671, 9.95159435272, -22.4569263458, 14.6230144501], [-1051.38232422, -731.819885254, -203.535888672, 157.889022827, -94.2858963013, 555.395324707, 196.403198242, 142.875473022, 3.74632239342, 167.916778564, -29.3375110626, 102.193496704, 28.8847827911], [-666.843017578, -71.6309890747, -35.548412323, -38.3950386047, -27.7159843445, 196.403198242, 309.359680176, 64.8386993408, -42.7953834534, 30.2060909271, -0.640502870083, 21.949338913, 1.66457664967], [-101.513076782, -421.133483887, -205.690063477, 98.5411758423, -110.304824829, 142.875473022, 64.8386993408, 230.133712769, 20.7644557953, 88.2876815796, 17.0595645905, 20.7811279297, 8.88596630096], [-94.8702011108, -76.0210876465, -53.1948471069, 64.1631774902, 9.35405063629, 3.74632239342, -42.7953834534, 20.7644557953, 117.503334045, 34.4324378967, -2.71129131317, -0.447931051254, 9.55662918091], [-305.219848633, -474.548950195, -206.757003784, 150.184417725, -55.3674125671, 167.916778564, 30.2060909271, 88.2876815796, 34.4324378967, 223.565383911, 11.8111944199, -3.80406022072, 24.6271018982], [-40.1999778748, 78.3530502319, -47.0810203552, -40.1074142456, 9.95159435272, -29.3375110626, -0.640502870083, 17.0595645905, -2.71129131317, 11.8111944199, 107.365783691, -8.38618564606, -23.4760665894], [-592.822692871, -272.811737061, 51.4776687622, 106.535125732, -22.4569263458, 102.193496704, 21.949338913, 20.7811279297, -0.447931051254, -3.80406022072, -8.38618564606, 169.696533203, 28.5831432343], [-304.478851318, -58.5616416931, 33.8491668701, 68.1223220825, 14.6230144501, 28.8847827911, 1.66457664967, 8.88596630096, 9.55662918091, 24.6271018982, -23.4760665894, 28.5831432343, 89.5523223877]],
        "icov": [[0.000213193197851, -0.000234111663303, 0.000294793193461, -0.000206464232178, 0.000337560864864, 0.000144474804983, 0.000409864267567, -0.000159636663739, 0.000367411674233, 5.54142898181e-05, 0.000474092725199, 0.000273118872428, 0.000506558571942], [-0.000234111663303, 0.00317940744571, -0.00114783470053, 0.00275620864704, -0.00150469352957, 0.0012016115943, -0.00140396715142, 0.00170043006074, -0.00143684854265, 0.0024249101989, -0.00236943666823, 0.00232333131135, -0.00254035997204], [0.000294793193461, -0.00114783470053, 0.00207216665149, -0.00109764642548, 0.00026119578979, 7.28914965293e-05, 0.0006524399505, 1.10905102702e-05, 0.00116493215319, 0.00017934438074, 0.00154644588474, -0.000891211442649, 0.000740252668038], [-0.000206464232178, 0.00275620864704, -0.00109764642548, 0.00384134822525, -0.00173249805812, 0.00103047862649, -0.000841021363158, 0.000895610544831, -0.00149866449647, 0.00112271867692, -0.00144175370224, 0.00113787560258, -0.00241948128678], [0.000337560864864, -0.00150469352957, 0.00026119578979, -0.00173249805812, 0.00505407107994, -0.000359935889719, 0.000718443887308, 0.000860026280861, 0.000137474446092, -0.000332002236973, 0.00018896292022, 0.000359478843166, 0.000586469715927], [0.000144474804983, 0.0012016115943, 7.28914965293e-05, 0.00103047862649, -0.000359935889719, 0.00463872589171, -0.00207329750992, -0.000126687576994, -0.000122548648505, -0.00115259585436, 0.000945200910792, -0.000752141175326, -0.000102866913949], [0.000409864267567, -0.00140396715142, 0.0006524399505, -0.000841021363158, 0.000718443887308, -0.00207329750992, 0.00588883180171, -0.0017768383259, 0.00262093148194, -0.000254761369433, 0.00128214526922, 0.000102716810943, 0.00158055231441], [-0.000159636663739, 0.00170043006074, 1.10905102702e-05, 0.000895610544831, 0.000860026280861, -0.000126687576994, -0.0017768383259, 0.00801106821746, -0.00177927117329, 0.00087463791715, -0.00287941936404, 0.00129168643616, -0.0021954937838], [0.000367411674233, -0.00143684854265, 0.00116493215319, -0.00149866449647, 0.000137474446092, -0.000122548648505, 0.00262093148194, -0.00177927117329, 0.0109988590702, -0.00194342643954, 0.00210939859971, -0.000589937553741, 0.00125618523452], [5.54142898181e-05, 0.0024249101989, 0.00017934438074, 0.00112271867692, -0.000332002236973, -0.00115259585436, -0.000254761369433, 0.00087463791715, -0.00194342643954, 0.0105611579493, -0.00336920935661, 0.00462400447577, -0.00385982962325], [0.000474092725199, -0.00236943666823, 0.00154644588474, -0.00144175370224, 0.00018896292022, 0.000945200910792, 0.00128214526922, -0.00287941936404, 0.00210939859971, -0.00336920935661, 0.0135071175173, -0.00240509374999, 0.00551079073921], [0.000273118872428, 0.00232333131135, -0.000891211442649, 0.00113787560258, 0.000359478843166, -0.000752141175326, 0.000102716810943, 0.00129168643616, -0.000589937553741, 0.00462400447577, -0.00240509374999, 0.0110202915967, -0.00338356127031], [0.000506558571942, -0.00254035997204, 0.000740252668038, -0.00241948128678, 0.000586469715927, -0.000102866913949, 0.00158055231441, -0.0021954937838, 0.00125618523452, -0.00385982962325, 0.00551079073921, -0.00338356127031, 0.0163663197309]]
    },
    "melbands": {
        "mean": [0.000433119246736, 0.00174847221933, 0.00146638962906, 0.00199045939371, 0.000975178030785, 0.00048446180881, 0.000266147369985, 0.000159688424901, 0.000132258646772, 0.000100567413028, 5.2641662478e-05, 2.98530903819e-05, 2.22383114306e-05, 1.67021607922e-05, 1.52837292262e-05, 2.2534859454e-05, 2.42345595325e-05, 1.73427906702e-05, 1.10951123133e-05, 9.90934859146e-06, 1.01939003798e-05, 9.46153431869e-06, 5.23971357325e-06, 5.57822068004e-06, 5.52182245883e-06, 8.65341280587e-06, 8.20110290078e-06, 4.77961702927e-06, 2.40507802118e-06, 1.60200829669e-06, 1.15532270684e-06, 5.26402345713e-07, 3.7160467059e-07, 3.43961147564e-07, 2.23047578629e-07, 1.3426948442e-07, 1.21822438359e-07, 8.4313711568e-08, 4.65282674611e-08, 4.01369852909e-08],
        "stdev": [0.000638590892777, 0.00176104949787, 0.00172577484045, 0.00268663652241, 0.00145724124741, 0.000995024456643, 0.000582552223932, 0.000367123982869, 0.000340308441082, 0.000277684885077, 0.000141067037475, 8.79633953446e-05, 7.18160154065e-05, 4.70852428407e-05, 4.02231125918e-05, 5.60741573281e-05, 6.24789536232e-05, 4.08969062846e-05, 2.53326579696e-05, 2.10590733332e-05, 2.03271283681e-05, 1.86501001735e-05, 1.8264303435e-05, 4.09399690398e-05, 2.50706398219e-05, 2.64145746769e-05, 2.295097147e-05, 1.9478282411e-05, 9.01679777598e-06, 6.79833055983e-06, 5.7594138525e-06, 2.28979979511e-06, 1.66005122537e-06, 1.37402162181e-06, 6.81813844494e-07, 3.95628603655e-07, 3.7608981529e-07, 2.47440681278e-07, 1.3785913211e-07, 1.321077292e-07]
    },
    "melbands128": {
        "mean": [2.77032431768e-05, 0.000109256798169, 0.000434903660789, 0.00134762306698, 0.00211256160401, 0.00177394784987, 0.00115312961861, 0.00137479486875, 0.00198986358009, 0.00238647288643, 0.00193339772522, 0.00116546603385, 0.000824774964713, 0.00065448548412, 0.000504758907482, 0.000394246948417, 0.000323029613355, 0.000241135741817, 0.000223031631322, 0.000172672254848, 0.000127244391479, 0.000124994010548, 0.00014467285655, 0.000129589257995, 0.000106475323264, 9.48787346715e-05, 7.11803149898e-05, 4.80815360788e-05, 3.81557838409e-05, 3.04748682538e-05, 2.85632959276e-05, 2.47298630711e-05, 2.06900804187e-05, 2.3134643925e-05, 1.7020105588e-05, 1.55676789291e-05, 1.45246840475e-05, 1.45053600136e-05, 1.52175480252e-05, 1.99238911591e-05, 2.36989108089e-05, 2.69343054242e-05, 2.65173257503e-05, 2.09854788409e-05, 2.08409655897e-05, 1.58727125381e-05, 1.53049240907e-05, 1.04193159132e-05, 9.96194830805e-06, 9.68316453509e-06, 1.02047806649e-05, 9.61320347415e-06, 9.92638615571e-06, 1.01726564026e-05, 1.14039967229e-05, 1.03938937173e-05, 7.03621708453e-06, 5.22793834534e-06, 4.60261799162e-06, 4.98895724377e-06, 5.67744746149e-06, 6.1279088186e-06, 5.45170451005e-06, 5.05488469571e-06, 5.93663071413e-06, 8.30363023852e-06, 1.08677395474e-05, 1.02182939372e-05, 7.43295640859e-06, 5.5461955526e-06, 5.17618036611e-06, 4.37089920524e-06, 2.99806060866e-06, 2.07336233871e-06, 1.59781916409e-06, 1.54899191784e-06, 1.67321195477e-06, 1.52884172167e-06, 1.14966326237e-06, 7.15987937383e-07, 5.55018914383e-07, 4.46424962774e-07, 4.13627077478e-07, 3.57210296897e-07, 3.31423564148e-07, 3.9367324689e-07, 3.36270346679e-07, 2.83466448536e-07, 2.26103836098e-07, 1.73574136397e-07, 1.4169833662e-07, 1.24432503412e-07, 1.17333435412e-07, 1.2791005588e-07, 1.22080834331e-07, 1.04187044769e-07, 8.10239484395e-08, 4.73697490122e-08, 4.03519138104e-08, 4.82268056601e-08, 5.37775974863e-08, 4.01383104531e-08, 2.39702373506e-08, 1.05189696953e-08, 4.71841854477e-09, 3.24804649843e-09, 1.7026611232e-09, 5.88403437085e-10, 1.02510167022e-10, 1.41252183561e-11, 7.72325779719e-12, 5.26778533988e-12, 4.325960163e-12, 4.0589194332e-12, 3.91270826502e-12, 3.7943879809e-12, 3.67049229552e-12, 3.56231602376e-12, 3.46767991925e-12, 3.37859492987e-12, 3.30101267501e-12, 3.23772280687e-12, 3.16835164875e-12, 3.1144299379e-12, 3.06976102524e-12, 3.03800951409e-12, 3.01592019587e-12, 2.99450850401e-12],
        "stdev": [9.18546938919e-05, 0.000400887540309, 0.000878538936377, 0.0017491246108, 0.00235068495385, 0.00247614271939, 0.00208130502142, 0.00241370429285, 0.00337067246437, 0.00446512503549, 0.00402731960639, 0.00243429793045, 0.00172364490572, 0.00160099740606, 0.00142537686042, 0.00116638431791, 0.000987490057014, 0.000687028514221, 0.000700163946021, 0.000507557415403, 0.000410045671742, 0.000413097150158, 0.00046007335186, 0.000475128443213, 0.000383508653613, 0.000315464887535, 0.000241042609559, 0.000148929248098, 0.000121252021927, 0.000105702034489, 0.000104524740891, 9.53105263761e-05, 7.63915159041e-05, 9.51105030254e-05, 5.92703581788e-05, 5.22603149875e-05, 4.673517833e-05, 4.73353466077e-05, 4.51188025181e-05, 5.48430507479e-05, 6.8543748057e-05, 9.15630153031e-05, 8.46992115839e-05, 5.62185159652e-05, 6.377450336e-05, 4.31089647464e-05, 4.17294140789e-05, 2.77358030871e-05, 2.79235882772e-05, 2.46850577241e-05, 2.35278603213e-05, 2.27976179303e-05, 2.32201819017e-05, 2.29294419114e-05, 2.48119267781e-05, 2.36464238696e-05, 1.69870581885e-05, 1.52078891915e-05, 2.15256422962e-05, 3.97804869863e-05, 4.49553772341e-05, 7.4314622907e-05, 4.1559796955e-05, 2.18817549467e-05, 2.31841604545e-05, 2.85667938442e-05, 4.44824290753e-05, 3.44522486557e-05, 2.16497410293e-05, 1.94776239368e-05, 2.40464378294e-05, 2.51114124694e-05, 1.17462477647e-05, 8.53390429256e-06, 6.91973082212e-06, 6.776544069e-06, 9.00876602827e-06, 7.94057541498e-06, 7.22278900867e-06, 3.51131666321e-06, 2.76079094874e-06, 1.97887857212e-06, 1.76385424311e-06, 1.89105935533e-06, 1.62587627983e-06, 1.80708025255e-06, 1.45422211517e-06, 1.35803475132e-06, 6.80020207255e-07, 4.43940535888e-07, 4.39936030716e-07, 4.57380025409e-07, 3.90239847547e-07, 4.21712741172e-07, 4.08974528909e-07, 3.13414574293e-07, 2.51087129755e-07, 1.45253522987e-07, 1.294097558e-07, 1.52948018695e-07, 1.75659309321e-07, 1.4156815098e-07, 9.60520125659e-08, 4.50506725258e-08, 2.04354986266e-08, 1.38327651555e-08, 7.10506187218e-09, 2.32969954439e-09, 5.04007946489e-10, 6.95241850202e-11, 2.87023148304e-11, 1.82220488698e-11, 7.58364898656e-12, 6.82864875756e-12, 6.57934600898e-12, 6.36622915842e-12, 6.16746410886e-12, 5.98747527253e-12, 5.8221235992e-12, 5.66964487511e-12, 5.53531699643e-12, 5.41659122069e-12, 5.30894685852e-12, 5.21849490703e-12, 5.14206125596e-12, 5.08257195012e-12, 5.04054610551e-12, 5.01160831584e-12]
    },
    "mfcc": {
        "mean": [-749.950256348, 151.84979248, -0.218002796173, 49.2166557312, 15.9359998703, 5.51505994797, 3.45978403091, -4.15507459641, -5.74696207047, 7.47697305679, -9.44497776031, -6.44092130661, -0.480244129896],
        "cov": [[9191.70703125, 1013.7074585, -1066.60900879, -8.75318622589, -329.059539795, -852.755065918, -574.694213867, -352.597625732, -456.329315186, 301.810150146, -172.491409302, -87.3986968994, -59.8153305054], [1013.7074585, 3905.35229492, 234.248275757, -387.872619629, 139.099838257, -517.843505859, -75.827835083, -190.106674194, -372.649078369, -149.093612671, -337.058959961, -179.041625977, 103.980026245], [-1066.60900879, 234.248275757, 727.594543457, 153.638336182, 117.311576843, 72.1082382202, 14.6929206848, 55.1485862732, 28.5208072662, -139.611175537, -99.4141921997, -19.1157112122, 38.2829666138], [-8.75318622589, -387.872619629, 153.638336182, 641.254211426, 220.455200195, 4.14209938049, -94.2839431763, -30.3201122284, -10.7463607788, -0.746064603329, -79.1415634155, -37.4198875427, 19.6869888306], [-329.059539795, 139.099838257, 117.311576843, 220.455200195, 379.403717041, 15.9218406677, -96.0616149902, -47.7300262451, -42.1339187622, -10.5438499451, -75.0047912598, -23.5216522217, 20.5840530396], [-852.755065918, -517.843505859, 72.1082382202, 4.14209938049, 15.9218406677, 358.140991211, 104.094039917, 40.7338981628, 130.498947144, -32.499042511, 73.8243179321, 25.220369339, -40.4590950012], [-574.694213867, -75.827835083, 14.6929206848, -94.2839431763, -96.0616149902, 104.094039917, 291.158843994, 67.7027816772, 63.4935035706, 16.4437294006, 80.9632644653, 29.6766376495, -20.2181568146], [-352.597625732, -190.106674194, 55.1485862732, -30.3201122284, -47.7300262451, 40.7338981628, 67.7027816772, 214.029006958, 36.3896598816, -63.5973548889, 50.1087493896, -1.27082180977, -6.80901670456], [-456.329315186, -372.649078369, 28.5208072662, -10.7463607788, -42.1339187622, 130.498947144, 63.4935035706, 36.3896598816, 219.828811646, 6.47160291672, 39.642791748, 39.2081489563, -21.4460811615], [301.810150146, -149.093612671, -139.611175537, -0.746064603329, -10.5438499451, -32.499042511, 16.4437294006, -63.5973548889, 6.47160291672, 227.269668579, 32.6548538208, -0.0478681325912, -2.81589484215], [-172.491409302, -337.058959961, -99.4141921997, -79.1415634155, -75.0047912598, 73.8243179321, 80.9632644653, 50.1087493896, 39.642791748, 32.6548538208, 180.466217041, 38.8808860779, -40.7114219666], [-87.3986968994, -179.041625977, -19.1157112122, -37.4198875427, -23.5216522217, 25.220369339, 29.6766376495, -1.27082180977, 39.2081489563, -0.0478681325912, 38.8808860779, 111.05115509, 2.10035681725], [-59.8153305054, 103.980026245, 38.2829666138, 19.6869888306, 20.5840530396, -40.4590950012, -20.2181568146, -6.80901670456, -21.4460811615, -2.81589484215, -40.7114219666, 2.10035681725, 94.2780227661]],
        "icov": [[0.000212083701626, -4.44327961304e-05, 0.00023717811564, -0.000130979649839, 0.000306085014017, 0.000210570855415, 0.00032398221083, 5.19160312251e-05, 0.000185154829524, -0.00015380064724, 0.000155368616106, -0.000102862322819, 0.000318278121995], [-4.44327961304e-05, 0.000589259085245, -0.000234010251006, 0.000617627403699, -0.000442643999122, 0.000665311643388, -0.000543606292922, 0.000513259554282, 0.000316672492772, 0.000477542198496, 0.000511806458235, 0.000700620934367, -0.000117686555313], [0.00023717811564, -0.000234010251006, 0.00221424736083, -0.000611420779023, 0.000118560448755, -0.000278261606582, 9.34826894081e-05, -0.000447826110758, -0.000143355660839, 0.000591888732743, 0.000931952614337, -0.000230301593547, -0.000127838968183], [-0.000130979649839, 0.000617627403699, -0.000611420779023, 0.0027429619804, -0.00156850821804, 0.000554069178179, -0.000341902137734, 0.000439807219664, 2.98903651128e-05, 0.00026273317053, 0.000697638199199, 0.00110025051981, -0.000258723768638], [0.000306085014017, -0.000442643999122, 0.000118560448755, -0.00156850821804, 0.00451890937984, -0.00100653339177, 0.00160657556262, 4.13712114096e-05, 0.000867881288286, -0.000772970088292, 0.000585448287893, -0.000742047850508, 0.000334403623128], [0.000210570855415, 0.000665311643388, -0.000278261606582, 0.000554069178179, -0.00100653339177, 0.00552159594372, -0.00133343169, 0.00110698537901, -0.00163542793598, 0.00129953515716, -0.000710392778274, 0.00108457251918, 0.00111630442552], [0.00032398221083, -0.000543606292922, 9.34826894081e-05, -0.000341902137734, 0.00160657556262, -0.00133343169, 0.00571365188807, -0.0013713336084, -9.12619143492e-05, -0.00147595524322, -0.00110679620411, -0.00121087627485, 0.000525986892171], [5.19160312251e-05, 0.000513259554282, -0.000447826110758, 0.000439807219664, 4.13712114096e-05, 0.00110698537901, -0.0013713336084, 0.00678789662197, -0.000491042272188, 0.00239159888588, -0.00160848291125, 0.00188908341806, -0.000557886669412], [0.000185154829524, 0.000316672492772, -0.000143355660839, 2.98903651128e-05, 0.000867881288286, -0.00163542793598, -9.12619143492e-05, -0.000491042272188, 0.00694495346397, -0.000793869432528, 0.00109181879088, -0.00163667881861, 0.000937861099374], [-0.00015380064724, 0.000477542198496, 0.000591888732743, 0.00026273317053, -0.000772970088292, 0.00129953515716, -0.00147595524322, 0.00239159888588, -0.000793869432528, 0.00638852734119, -0.00117124093231, 0.00151171768084, -0.000866033718921], [0.000155368616106, 0.000511806458235, 0.000931952614337, 0.000697638199199, 0.000585448287893, -0.000710392778274, -0.00110679620411, -0.00160848291125, 0.00109181879088, -0.00117124093231, 0.00998089369386, -0.00202764198184, 0.00279230996966], [-0.000102862322819, 0.000700620934367, -0.000230301593547, 0.00110025051981, -0.000742047850508, 0.00108457251918, -0.00121087627485, 0.00188908341806, -0.00163667881861, 0.00151171768084, -0.00202764198184, 0.0116512579843, -0.00193231168669], [0.000318278121995, -0.000117686555313, -0.000127838968183, -0.000258723768638, 0.000334403623128, 0.00111630442552, 0.000525986892171, -0.000557886669412, 0.000937861099374, -0.000866033718921, 0.00279230996966, -0.00193231168669, 0.0129594560713]]
    },
    "spectral_contrast_coeffs": {
        "mean": [-0.679168343544, -0.780618607998, -0.821491777897, -0.819433808327, -0.795908808708, -0.776919841766],
        "stdev": [0.133263528347, 0.0948522388935, 0.0602777414024, 0.0501055456698, 0.0554945804179, 0.0467941015959]
    },
    "spectral_contrast_valleys": {
        "mean": [-7.07261800766, -7.54666519165, -8.36205005646, -8.3015422821, -8.38022041321, -11.8315076828],
        "stdev": [1.33464443684, 1.48409855366, 1.33971977234, 1.29676127434, 1.28622734547, 1.18303155899]
    }
},
"rhythm": {
    "beats_count": 111,
    "beats_loudness": {
        "mean": 0.0364412404597,
        "stdev": 0.0245679169893
    },
    "bpm": 113.762245178,
    "bpm_histogram_first_peak_bpm": 115,
    "bpm_histogram_first_peak_weight": 0.599999964237,
    "bpm_histogram_second_peak_bpm": 123,
    "bpm_histogram_second_peak_spread": 0.444444477558,
    "bpm_histogram_second_peak_weight": 0.0909090936184,
    "danceability": 1.61196327209,
    "onset_rate": 5.70361232758,
    "beats_loudness_band_ratio": {
        "mean": [0.499047398567, 0.358508437872, 0.0966746509075, 0.0444659516215, 0.0347349382937, 0.0467961765826],
        "stdev": [0.231649026275, 0.22247761488, 0.101139523089, 0.0578807145357, 0.0629995465279, 0.138654962182]
    },
    "beats_position": [0.53405892849, 1.07972788811, 1.62539684772, 2.19428563118, 2.76317453384, 3.29723358154, 3.80807256699, 4.34213161469, 4.841360569, 5.32897949219, 5.81659841537, 6.26938772202, 6.72217655182, 7.16335582733, 7.61614513397, 8.05732440948, 8.498503685, 8.96290206909, 9.4040813446, 9.84526062012, 10.2980499268, 10.7276191711, 11.1687984467, 11.6099767685, 12.0975961685, 12.6084346771, 13.1076641083, 13.6185035706, 14.1409521103, 14.6750106812, 15.2090702057, 15.7199087143, 16.2307472229, 16.6951465607, 17.1711559296, 17.6471652985, 18.1231746674, 18.5991840363, 19.0868015289, 19.574420929, 20.062040329, 20.5380496979, 21.037279129, 21.5248966217, 22.0125160217, 22.4769153595, 22.9645347595, 23.4521541595, 24.0210418701, 24.6015415192, 25.1704311371, 25.7509288788, 26.343038559, 26.9119262695, 27.4924259186, 28.0845336914, 28.6534233093, 29.2339229584, 29.8144207001, 30.4181404114, 31.0218582153, 31.5559177399, 32.0783653259, 32.6008148193, 33.111656189, 33.6457138062, 34.1681632996, 34.690612793, 35.2130622864, 35.7355079651, 36.2463493347, 36.7687988281, 37.2796363831, 37.8020858765, 38.3245353699, 38.9050331116, 39.4507026672, 39.9963722229, 40.5652618408, 41.1109275818, 41.6449890137, 42.1906585693, 42.7363243103, 43.3052139282, 43.8624954224, 44.4081611633, 45.0351028442, 45.6852607727, 46.3238105774, 46.9623565674, 47.5892944336, 48.2394561768, 48.8780021667, 49.4933319092, 50.1086616516, 50.723991394, 51.3393173218, 51.9778671265, 52.5931968689, 53.1969146729, 53.8006324768, 54.3811340332, 54.9732398987, 55.5653495789, 56.157459259, 56.7495689392, 57.3300666809, 57.9337844849, 58.5491142273, 59.1528320312, 59.7449417114],
    "bpm_histogram": [0, 0, 0, 0, 0, 0, 0, 0, 0, 0, 0, 0, 0, 0, 0, 0, 0, 0, 0, 0, 0, 0, 0, 0, 0, 0, 0, 0, 0, 0, 0, 0, 0, 0, 0, 0, 0, 0, 0, 0, 0, 0, 0, 0, 0, 0, 0, 0, 0, 0, 0, 0, 0, 0, 0, 0, 0, 0, 0, 0, 0, 0, 0, 0, 0, 0, 0, 0, 0, 0, 0, 0, 0, 0, 0, 0, 0, 0, 0, 0, 0, 0, 0, 0, 0, 0, 0, 0, 0, 0, 0, 0, 0.0181818176061, 0, 0.0363636352122, 0, 0.0181818176061, 0, 0.0545454546809, 0.0545454546809, 0, 0.0636363625526, 0, 0.0727272704244, 0, 0.0727272704244, 0, 0, 0.00909090880305, 0, 0.0727272704244, 0, 0.0636363625526, 0, 0, 0.0909090936184, 0, 0.0727272704244, 0, 0, 0.0272727273405, 0, 0, 0.0909090936184, 0, 0, 0.0454545468092, 0, 0, 0.0272727273405, 0, 0, 0, 0.0363636352122, 0, 0, 0.0636363625526, 0, 0, 0, 0.00909090880305, 0, 0, 0, 0, 0, 0, 0, 0, 0, 0, 0, 0, 0, 0, 0, 0, 0, 0, 0, 0, 0, 0, 0, 0, 0, 0, 0, 0, 0, 0, 0, 0, 0, 0, 0, 0, 0, 0, 0, 0, 0, 0, 0, 0, 0, 0, 0, 0, 0, 0, 0, 0, 0, 0, 0, 0, 0, 0, 0, 0, 0, 0, 0, 0, 0, 0, 0, 0, 0, 0, 0, 0, 0, 0, 0, 0, 0, 0, 0, 0, 0, 0, 0, 0, 0, 0, 0, 0, 0, 0, 0, 0, 0, 0, 0, 0, 0, 0, 0, 0, 0, 0, 0, 0, 0, 0, 0, 0, 0]
},
"tonal": {
    "chords_changes_rate": 0.161809816957,
    "chords_number_rate": 0.0115030677989,
    "chords_strength": {
        "mean": 0.465735137463,
        "stdev": 0.104917250574
    },
    "hpcp_crest": {
        "mean": 11.1762294769,
        "stdev": 5.98347377777
    },
    "hpcp_entropy": {
        "mean": 2.49770736694,
        "stdev": 0.833660185337
    },
    "key_edma": {
        "strength": 0.274492442608,
        "key": "F",
        "scale": "minor"
    },
    "key_krumhansl": {
        "strength": 0.266402125359,
        "key": "F",
        "scale": "minor"
    },
    "key_temperley": {
        "strength": 0.228820547462,
        "key": "A",
        "scale": "minor"
    },
    "tuning_diatonic_strength": 0.3560564816,
    "tuning_equal_tempered_deviation": 0.200847417116,
    "tuning_frequency": 450.024475098,
    "tuning_nontempered_energy_ratio": 0.893406510353,
    "hpcp": {
        "mean": [0.127228885889, 0.120443716645, 0.118656873703, 0.118555702269, 0.108584389091, 0.103900268674, 0.106516681612, 0.112615585327, 0.111994080245, 0.107165895402, 0.099856287241, 0.0917287170887, 0.0881051644683, 0.0889205634594, 0.0978950113058, 0.108930319548, 0.106033325195, 0.0988070145249, 0.0989557877183, 0.102750219405, 0.109457224607, 0.117439620197, 0.132657393813, 0.138621374965, 0.132904320955, 0.127734288573, 0.118179813027, 0.121049620211, 0.137862429023, 0.133293449879, 0.131023198366, 0.143759548664, 0.146402984858, 0.155758455396, 0.155564144254, 0.136404111981],
        "stdev": [0.249234259129, 0.24286288023, 0.240162715316, 0.244614630938, 0.223500803113, 0.211303785443, 0.215335190296, 0.229884922504, 0.219530120492, 0.216658994555, 0.206404030323, 0.197527065873, 0.187376111746, 0.19039234519, 0.199345573783, 0.220999032259, 0.20897269249, 0.197407513857, 0.204721927643, 0.219931691885, 0.223987013102, 0.228232637048, 0.243658602238, 0.248451709747, 0.240043371916, 0.240622073412, 0.227909058332, 0.228860482574, 0.263637602329, 0.252694219351, 0.248935177922, 0.261858344078, 0.26383626461, 0.274943590164, 0.271984010935, 0.257275342941]
    },
    "chords_histogram": [0, 1.07361960411, 10.1993865967, 14.9539880753, 8.43558311462, 0, 1.53374230862, 1.68711662292, 13.9570550919, 7.89877319336, 4.44785261154, 1.30368101597, 0, 0, 0.843558311462, 11.5797548294, 12.4233131409, 4.06441736221, 0.613496959209, 0, 0.996932506561, 0.996932506561, 1.84049081802, 1.15030670166],
    "thpcp": [1, 0.998752474785, 0.875741302967, 0.816834509373, 0.773272395134, 0.761800527573, 0.761151015759, 0.697133183479, 0.6670601964, 0.6838580966, 0.723014295101, 0.719024062157, 0.688026189804, 0.641097068787, 0.588916480541, 0.565652549267, 0.570887565613, 0.628505289555, 0.699354112148, 0.680754840374, 0.634360492229, 0.635315656662, 0.659676671028, 0.702736973763, 0.753985524178, 0.851686656475, 0.889976561069, 0.853271961212, 0.82007932663, 0.758737683296, 0.777162432671, 0.885104000568, 0.855770230293, 0.841194748878, 0.922964632511, 0.939936041832],
    "chords_key": "G",
    "chords_scale": "major"
}
}