{
"metadata": {
    "version": {
        "essentia": "2.1-dev",
        "essentia_git_sha": "v2.1_beta3-415-gd5473f3",
        "extractor": "music 2.0"
    },
    "audio_properties": {
        "analysis": {
            "equal_loudness": 0,
            "length": 60.7608146667,
            "sample_rate": 44100,
            "start_time": 0,
            "downmix": "mix"
        },
        "bit_rate": 192000,
        "length": 60.7608146667,
        "lossless": 0,
        "number_channels": 2,
        "replay_gain": -6.96043014526,
        "sample_rate": 44100,
        "codec": "mp3",
        "md5_encoded": "c4c20bf73ed6558bd22f37dcbe477827"
    },
    "tags": {
        "file_name": "speech_25_69-g.mp3"
    }
},
"lowlevel": {
    "average_loudness": 0.921991050243,
    "barkbands_crest": {
        "mean": 14.3578977585,
        "stdev": 5.27510929108
    },
    "barkbands_flatness_db": {
        "mean": 0.305512487888,
        "stdev": 0.10063508153
    },
    "barkbands_kurtosis": {
        "mean": 33.669757843,
        "stdev": 77.2413482666
    },
    "barkbands_skewness": {
        "mean": 3.05765533447,
        "stdev": 3.67564535141
    },
    "barkbands_spread": {
        "mean": 12.844587326,
        "stdev": 18.7080535889
    },
    "dissonance": {
        "mean": 0.40350317955,
        "stdev": 0.0937666147947
    },
    "dynamic_complexity": 7.10073184967,
    "erbbands_crest": {
        "mean": 12.3486919403,
        "stdev": 5.35608482361
    },
    "erbbands_flatness_db": {
        "mean": 0.26350736618,
        "stdev": 0.0810531154275
    },
    "erbbands_kurtosis": {
        "mean": 8.05055713654,
        "stdev": 15.1164770126
    },
    "erbbands_skewness": {
        "mean": 0.917214214802,
        "stdev": 2.01994204521
    },
    "erbbands_spread": {
        "mean": 31.3484268188,
        "stdev": 29.9241352081
    },
    "hfc": {
        "mean": 9.91903305054,
        "stdev": 13.2635011673
    },
    "loudness_ebu128": {
        "integrated": -17.9886798859,
        "loudness_range": 3.86327934265,
        "momentary": {
            "mean": -20.5239715576,
            "stdev": 7.06659078598
        },
        "short_term": {
            "mean": -18.5634841919,
            "stdev": 1.32549059391
        }
    },
    "melbands_crest": {
        "mean": 20.5783061981,
        "stdev": 6.94601297379
    },
    "melbands_flatness_db": {
        "mean": 0.359413743019,
        "stdev": 0.133783847094
    },
    "melbands_kurtosis": {
        "mean": 66.3214797974,
        "stdev": 145.730575562
    },
    "melbands_skewness": {
        "mean": 4.29046392441,
        "stdev": 4.5945353508
    },
    "melbands_spread": {
        "mean": 20.925113678,
        "stdev": 42.2688827515
    },
    "pitch_salience": {
        "mean": 0.478474259377,
        "stdev": 0.182648658752
    },
    "silence_rate_20dB": {
        "mean": 1,
        "stdev": 0
    },
    "silence_rate_30dB": {
        "mean": 0.998472094536,
        "stdev": 0.0390588529408
    },
    "silence_rate_60dB": {
        "mean": 0.277692884207,
        "stdev": 0.447862029076
    },
    "spectral_centroid": {
        "mean": 1132.40893555,
        "stdev": 1295.26867676
    },
    "spectral_complexity": {
        "mean": 5.3846449852,
        "stdev": 5.7210278511
    },
    "spectral_decrease": {
        "mean": -5.6567577289e-09,
        "stdev": 5.57999069173e-09
    },
    "spectral_energy": {
        "mean": 0.0222495943308,
        "stdev": 0.0217674076557
    },
    "spectral_energyband_high": {
        "mean": 0.000406774517614,
        "stdev": 0.00153769622557
    },
    "spectral_energyband_low": {
        "mean": 0.00573162315413,
        "stdev": 0.00833336915821
    },
    "spectral_energyband_middle_high": {
        "mean": 0.00100839266088,
        "stdev": 0.00263030873612
    },
    "spectral_energyband_middle_low": {
        "mean": 0.0182606559247,
        "stdev": 0.0197282284498
    },
    "spectral_entropy": {
        "mean": 6.59640216827,
        "stdev": 1.12804186344
    },
    "spectral_flux": {
        "mean": 0.0742810368538,
        "stdev": 0.0560890473425
    },
    "spectral_kurtosis": {
        "mean": 13.3323926926,
        "stdev": 18.342874527
    },
    "spectral_rms": {
        "mean": 0.00382293388247,
        "stdev": 0.0026631038636
    },
    "spectral_rolloff": {
        "mean": 1148.078125,
        "stdev": 1966.22131348
    },
    "spectral_skewness": {
        "mean": 2.19701814651,
        "stdev": 1.74486362934
    },
    "spectral_spread": {
        "mean": 3270916,
        "stdev": 1838205.625
    },
    "spectral_strongpeak": {
        "mean": 0.748372375965,
        "stdev": 0.853802084923
    },
    "zerocrossingrate": {
        "mean": 0.0413864068687,
        "stdev": 0.0550676435232
    },
    "barkbands": {
        "mean": [2.66966744675e-05, 0.00105688127223, 0.00153802672867, 0.00659896060824, 0.00475973077118, 0.0025748424232, 0.00175830093212, 0.00149419752415, 0.000953795795795, 0.000196248525754, 5.37609012099e-05, 5.73576653551e-05, 0.00011365445971, 0.000146295904415, 9.30203532334e-05, 6.06971807429e-05, 7.1585389378e-05, 0.000138201095979, 0.000100424222182, 0.000111693683721, 0.000126906132209, 0.000109355030872, 7.91887941887e-05, 2.60175584117e-05, 3.71671808352e-06, 2.54337741978e-08, 7.23672233249e-10],
        "stdev": [0.000225316674914, 0.00376324309036, 0.00325662782416, 0.00895033963025, 0.00901233591139, 0.00440222444013, 0.00469141546637, 0.00425758212805, 0.00330600119196, 0.00103529263288, 0.000312303076498, 0.000406981154811, 0.000766389188357, 0.000741990981624, 0.000457278452814, 0.000317868136335, 0.000296988204354, 0.000457609916339, 0.000429125706432, 0.000491465965752, 0.000574485282414, 0.000562831410207, 0.000391838519135, 0.000141114287544, 2.43315244006e-05, 1.97089491394e-07, 1.2753476053e-09]
    },
    "erbbands": {
        "mean": [0.0166722387075, 0.292200088501, 1.55908167362, 12.8965578079, 22.1920585632, 11.5506887436, 18.1889572144, 20.1320381165, 21.9333992004, 34.5597953796, 28.624382019, 21.6564216614, 11.7015695572, 3.37249970436, 2.10689210892, 2.5426261425, 4.88820695877, 7.43351602554, 6.38404560089, 3.85125923157, 3.49170589447, 4.26631975174, 7.12613773346, 6.24629688263, 4.82285070419, 5.11407709122, 4.79401683807, 5.22353124619, 3.66692662239, 3.56681585312, 2.06230688095, 0.731868624687, 0.366148382425, 0.0835039541125, 0.00729118380696, 0.000547494506463, 3.79438861273e-05, 6.34645130049e-06, 1.21040420709e-05, 2.55982395174e-05],
        "stdev": [0.0644905790687, 1.02902984619, 3.39904689789, 17.3504810333, 33.0494766235, 28.5537452698, 45.2832336426, 37.7075843811, 65.6118392944, 88.2950134277, 80.3154067993, 72.1598358154, 59.584148407, 16.4474182129, 10.3689651489, 17.4519729614, 34.2586212158, 35.2716255188, 30.5330734253, 17.8718738556, 15.0445013046, 16.3630905151, 24.5531539917, 23.43318367, 20.3378677368, 22.8790931702, 20.4773292542, 27.4913330078, 18.5646972656, 17.7860145569, 10.1020517349, 3.67079472542, 2.14105224609, 0.52198278904, 0.0460033342242, 0.00353133887984, 0.000164434604812, 2.08561141335e-05, 1.17923027574e-05, 2.43511422013e-05]
    },
    "gfcc": {
        "mean": [-192.938430786, 141.66557312, -102.917518616, 70.7911376953, -65.5211334229, -12.2526817322, -31.481552124, -12.7487182617, -0.552048504353, -20.2247714996, 3.03229498863, -20.5607910156, -6.89540243149],
        "cov": [[17134.1015625, 1774.4576416, -2207.19995117, -1710.54199219, -1490.13916016, -1961.08886719, -708.853515625, -1081.84289551, -103.482208252, -792.656433105, -694.946472168, -825.78918457, -957.89050293], [1774.4576416, 3897.6550293, 797.918762207, -1918.36071777, 96.1032104492, -1273.56481934, 56.2042427063, -655.382141113, -165.920196533, -658.38470459, -48.0739707947, -209.885620117, -488.098876953], [-2207.19995117, 797.918762207, 1856.11560059, 121.38809967, 184.026931763, -271.051116943, 40.279914856, -208.53515625, -187.788803101, -219.949829102, 68.6734313965, 153.687652588, -45.2166137695], [-1710.54199219, -1918.36071777, 121.38809967, 1635.52172852, 227.152160645, 549.688415527, -68.213180542, 313.762695312, 60.5350532532, 308.259399414, 85.1418838501, 164.979705811, 326.998260498], [-1490.13916016, 96.1032104492, 184.026931763, 227.152160645, 574.315124512, 164.187576294, 72.7220687866, 110.644348145, 15.9779682159, 106.028968811, 86.8385467529, 68.6122894287, 140.037399292], [-1961.08886719, -1273.56481934, -271.051116943, 549.688415527, 164.187576294, 1034.3762207, 255.066802979, 341.125701904, 112.919197083, 360.633728027, 77.4118804932, 92.0159683228, 233.241928101], [-708.853515625, 56.2042427063, 40.279914856, -68.213180542, 72.7220687866, 255.066802979, 367.428253174, 74.208190918, -22.2504577637, 63.5111351013, 60.9490814209, 17.585187912, 0.543962538242], [-1081.84289551, -655.382141113, -208.53515625, 313.762695312, 110.644348145, 341.125701904, 74.208190918, 366.278533936, 89.1840591431, 175.973693848, 81.1167221069, 81.4120101929, 163.174530029], [-103.482208252, -165.920196533, -187.788803101, 60.5350532532, 15.9779682159, 112.919197083, -22.2504577637, 89.1840591431, 204.247879028, 74.5528717041, -31.8216400146, 3.8198363781, 31.7263393402], [-792.656433105, -658.38470459, -219.949829102, 308.259399414, 106.028968811, 360.633728027, 63.5111351013, 175.973693848, 74.5528717041, 314.617462158, 62.0303001404, 7.76179361343, 142.731002808], [-694.946472168, -48.0739707947, 68.6734313965, 85.1418838501, 86.8385467529, 77.4118804932, 60.9490814209, 81.1167221069, -31.8216400146, 62.0303001404, 166.340698242, 74.5578079224, 34.076915741], [-825.78918457, -209.885620117, 153.687652588, 164.979705811, 68.6122894287, 92.0159683228, 17.585187912, 81.4120101929, 3.8198363781, 7.76179361343, 74.5578079224, 189.255233765, 87.0951080322], [-957.89050293, -488.098876953, -45.2166137695, 326.998260498, 140.037399292, 233.241928101, 0.543962538242, 163.174530029, 31.7263393402, 142.731002808, 34.076915741, 87.0951080322, 239.890289307]],
        "icov": [[0.000165982768522, -3.83487385989e-05, 0.000250292359851, -9.16501012398e-05, 0.000182049770956, 0.000170721221366, 4.10249886045e-05, 0.00018342542171, 0.000107751082396, 4.8448517191e-05, 0.00024935186957, 0.000113833935757, 0.000239906192292], [-3.83487385989e-05, 0.00231816875748, -0.000693066744134, 0.00201403559186, -0.00158930569887, 0.00127579970285, -0.000991094741039, 0.00121002481319, -0.00149379100185, 0.00192255643196, -0.0018687605625, 0.00178164499812, -0.000773617532104], [0.000250292359851, -0.000693066744134, 0.00135627319105, -0.000894397438969, 0.000407109764637, 3.34855285473e-05, 6.74533075653e-05, 0.000430342217442, 0.00091012212215, -7.78876346885e-05, 0.000789265614003, -0.000989857246168, 0.000674223934766], [-9.16501012398e-05, 0.00201403559186, -0.000894397438969, 0.00283492566086, -0.00147144205403, 0.000669341825414, -0.000216737913433, 0.000632261508144, -0.00110500783194, 0.0011107630562, -0.00156900321599, 0.0012179443147, -0.00125642842613], [0.000182049770956, -0.00158930569887, 0.000407109764637, -0.00147144205403, 0.00355950905941, -0.000629868067335, 0.000339233345585, -0.000585007946938, 0.000642648839857, -0.00130887434352, 0.000514670449775, -0.000649468100164, -0.000636170676444], [0.000170721221366, 0.00127579970285, 3.34855285473e-05, 0.000669341825414, -0.000629868067335, 0.00335138128139, -0.0019928929396, 0.000274085410638, -0.000949625042267, -0.000488258112455, -2.79879350273e-05, 0.000474136264529, -0.000453339016531], [4.10249886045e-05, -0.000991094741039, 6.74533075653e-05, -0.000216737913433, 0.000339233345585, -0.0019928929396, 0.00470557529479, -0.00112809054554, 0.00156872253865, -0.000936543510761, 0.000175349632627, -0.000650444591884, 0.00151270860806], [0.00018342542171, 0.00121002481319, 0.000430342217442, 0.000632261508144, -0.000585007946938, 0.000274085410638, -0.00112809054554, 0.00688379071653, -0.00246205856092, 0.00115981826093, -0.00287871668115, 0.000706175458618, -0.0024030318018], [0.000107751082396, -0.00149379100185, 0.00091012212215, -0.00110500783194, 0.000642648839857, -0.000949625042267, 0.00156872253865, -0.00246205856092, 0.00804935675114, -0.00293689453974, 0.00427140761167, -0.00260854675435, 0.00231113261543], [4.8448517191e-05, 0.00192255643196, -7.78876346885e-05, 0.0011107630562, -0.00130887434352, -0.000488258112455, -0.000936543510761, 0.00115981826093, -0.00293689453974, 0.00985476747155, -0.00480519328266, 0.00492054736242, -0.00355044193566], [0.00024935186957, -0.0018687605625, 0.000789265614003, -0.00156900321599, 0.000514670449775, -2.79879350273e-05, 0.000175349632627, -0.00287871668115, 0.00427140761167, -0.00480519328266, 0.0124900061637, -0.00575534719974, 0.00377476471476], [0.000113833935757, 0.00178164499812, -0.000989857246168, 0.0012179443147, -0.000649468100164, 0.000474136264529, -0.000650444591884, 0.000706175458618, -0.00260854675435, 0.00492054736242, -0.00575534719974, 0.0113109620288, -0.00419958215207], [0.000239906192292, -0.000773617532104, 0.000674223934766, -0.00125642842613, -0.000636170676444, -0.000453339016531, 0.00151270860806, -0.0024030318018, 0.00231113261543, -0.00355044193566, 0.00377476471476, -0.00419958215207, 0.0106307724491]]
    },
    "melbands": {
        "mean": [0.000220578920562, 0.000642882718239, 0.0026159984991, 0.00120111461729, 0.000586822279729, 0.000464310345706, 0.000340413360391, 0.000377671967726, 0.000221630878514, 0.000129337087856, 5.41539520782e-05, 1.2753228475e-05, 6.94745949659e-06, 6.67170024826e-06, 7.02456509316e-06, 1.29810769067e-05, 1.39767216751e-05, 1.08705216917e-05, 6.27501458439e-06, 4.35516085417e-06, 4.09217136621e-06, 4.14419309891e-06, 5.75066178499e-06, 6.54866698824e-06, 4.96653547088e-06, 3.47199943462e-06, 3.48111939275e-06, 3.39398661708e-06, 3.0593014344e-06, 2.79788150692e-06, 3.10710584017e-06, 1.7866119606e-06, 2.50663856605e-06, 1.80229574198e-06, 1.31947604132e-06, 6.57696602957e-07, 3.7199188796e-07, 2.95771172887e-07, 1.41928637731e-07, 4.33428155588e-08],
        "stdev": [0.000771118677221, 0.00161037978251, 0.00314689148217, 0.0020943172276, 0.00148983183317, 0.000828627846204, 0.000950264045969, 0.000972836802248, 0.000661153113469, 0.000442184013082, 0.000291605858365, 6.51803566143e-05, 3.50975096808e-05, 5.18329507031e-05, 5.43043242942e-05, 8.24051676318e-05, 7.07763902028e-05, 5.61900851608e-05, 3.07310365315e-05, 2.73533041764e-05, 1.82710064109e-05, 1.75815912371e-05, 2.38879401877e-05, 2.23174702114e-05, 2.07476859941e-05, 1.57163722179e-05, 1.60350682563e-05, 1.63013264682e-05, 1.44581135828e-05, 1.1959819858e-05, 1.85497174243e-05, 9.20999991649e-06, 1.6010406398e-05, 9.50061075855e-06, 6.50853326079e-06, 3.80385085919e-06, 2.08624010156e-06, 1.76515663952e-06, 1.00407442005e-06, 2.67300094947e-07]
    },
    "melbands128": {
        "mean": [2.36185715039e-05, 8.98217258509e-05, 0.000253609352512, 0.000557906460017, 0.000561334425583, 0.000871688767802, 0.00256147258915, 0.00340722408146, 0.00236242986284, 0.001124804141, 0.000456544716144, 0.000523177557625, 0.000669126631692, 0.000642046506982, 0.000448448729003, 0.000394633214455, 0.000365496991435, 0.000305674737319, 0.000322568404954, 0.000439031107817, 0.000396713818191, 0.000262082292465, 0.000197135697817, 0.000191291721421, 0.000148354389239, 0.000101061406895, 9.18171499507e-05, 5.39524153282e-05, 1.98204961634e-05, 1.31075830723e-05, 1.17766776384e-05, 8.23942446004e-06, 6.42406894258e-06, 6.25771554041e-06, 5.83461769565e-06, 7.82293136581e-06, 5.84143754168e-06, 6.34063098914e-06, 7.3851219895e-06, 1.13304677143e-05, 1.5793601051e-05, 1.2933220205e-05, 1.55180659931e-05, 1.25957767523e-05, 1.3041461898e-05, 1.05365834315e-05, 8.94581535249e-06, 6.82900872562e-06, 4.80430662719e-06, 4.69894257549e-06, 4.69520955448e-06, 3.33147318088e-06, 3.90427749153e-06, 4.23875417255e-06, 4.97385690323e-06, 3.85085104426e-06, 3.84642271456e-06, 4.40257508671e-06, 7.24202845959e-06, 6.6516950028e-06, 6.8847066359e-06, 6.31595912637e-06, 5.05176285515e-06, 5.11235930389e-06, 3.80141250389e-06, 3.25356791109e-06, 3.4255645005e-06, 3.31697924594e-06, 3.73307352675e-06, 3.24959478348e-06, 3.45672515323e-06, 3.33514435624e-06, 3.4391605368e-06, 2.95321092381e-06, 2.83067697637e-06, 2.36808364207e-06, 2.96449570669e-06, 3.47272793988e-06, 3.45514877154e-06, 2.48318769991e-06, 1.51385063418e-06, 1.44291198012e-06, 2.34694539358e-06, 3.17286207974e-06, 2.04575258067e-06, 1.77576771421e-06, 1.87194484624e-06, 1.52428117417e-06, 1.33404580538e-06, 1.16880494261e-06, 8.12968664832e-07, 5.04474257923e-07, 3.8675864289e-07, 3.74279807147e-07, 3.46540645069e-07, 3.66948341934e-07, 2.92703617788e-07, 1.87220223324e-07, 1.61408948429e-07, 1.10177538204e-07, 5.86224793153e-08, 3.43053514484e-08, 2.02382537395e-08, 7.06785696636e-09, 3.15426107456e-09, 2.71842459654e-09, 1.40872413734e-09, 7.8142503579e-10, 4.66574556768e-10, 1.11599361696e-10, 2.07947149083e-11, 7.05088765152e-12, 4.62415218963e-12, 4.50548669553e-12, 3.86357048784e-12, 3.57878136847e-12, 3.46637475668e-12, 3.36273587101e-12, 3.27483634828e-12, 3.19777212522e-12, 3.12931082956e-12, 3.07366718882e-12, 3.00612117664e-12, 2.95107926811e-12, 2.91565729893e-12, 2.88883283614e-12, 2.8702088449e-12, 2.84969595664e-12],
        "stdev": [0.000206324708415, 0.000523005146533, 0.000963817175943, 0.00216068490408, 0.00204062834382, 0.00173295626882, 0.00401307595894, 0.0047814566642, 0.00432141590863, 0.00326654897071, 0.00177584821358, 0.00224446738139, 0.0020485338755, 0.0014825204853, 0.00101778213866, 0.0012681245571, 0.00145884777885, 0.00129242439289, 0.00110332900658, 0.00141348270699, 0.00145854591392, 0.00100255873986, 0.000814804458059, 0.00100469426252, 0.000661123835016, 0.000500064285006, 0.000660913938191, 0.000363256694982, 0.000109860324301, 8.61062362674e-05, 9.6537398349e-05, 6.10762072029e-05, 3.82588405046e-05, 3.92532856495e-05, 5.30252546014e-05, 8.48599302117e-05, 4.80198687001e-05, 5.36281768291e-05, 8.22098081699e-05, 0.000108814470877, 0.000124184589367, 7.33006818336e-05, 0.000111273991934, 7.12030596333e-05, 9.86592276604e-05, 6.60825462546e-05, 6.12291914877e-05, 4.52996682725e-05, 2.55155955529e-05, 2.98743361782e-05, 4.90426573378e-05, 2.0343280994e-05, 1.99488476937e-05, 2.19959165406e-05, 3.10885370709e-05, 2.00827671506e-05, 1.84076034202e-05, 2.42404585151e-05, 3.59438745363e-05, 2.32547627093e-05, 3.08336930175e-05, 2.54825117736e-05, 2.45214505412e-05, 2.93318571494e-05, 1.84232976608e-05, 1.61789921549e-05, 1.99032765522e-05, 1.70563434949e-05, 1.89472484635e-05, 1.97128665604e-05, 1.93474916159e-05, 1.75959976332e-05, 1.91185263247e-05, 1.63371350936e-05, 1.32074846988e-05, 1.03560587377e-05, 1.48495328176e-05, 2.03439776669e-05, 2.40610424953e-05, 1.6662028429e-05, 8.37192328618e-06, 9.87350449577e-06, 1.52466318468e-05, 2.62806843239e-05, 1.0092339835e-05, 9.604130355e-06, 1.29398940771e-05, 8.27753865451e-06, 6.70255030855e-06, 6.94356640452e-06, 6.15966746409e-06, 2.94253936772e-06, 2.34718822867e-06, 2.32778302234e-06, 2.05649553209e-06, 2.32348997997e-06, 1.90205014405e-06, 1.23384552353e-06, 1.34413892283e-06, 8.59417070842e-07, 3.71889740336e-07, 2.22207987122e-07, 1.76945164299e-07, 4.57032420798e-08, 2.20062883471e-08, 2.54285623669e-08, 1.04855368832e-08, 6.14849149372e-09, 4.59310989243e-09, 1.21265475439e-09, 1.85927648277e-10, 4.28801369412e-11, 2.12874353561e-11, 2.29805202645e-11, 9.37093978803e-12, 6.34349343887e-12, 6.1427768254e-12, 5.96154505969e-12, 5.79773078505e-12, 5.64437732664e-12, 5.51186787184e-12, 5.39361567561e-12, 5.28519545837e-12, 5.19528430692e-12, 5.11760252231e-12, 5.05903869144e-12, 5.01590175644e-12, 4.98852565159e-12]
    },
    "mfcc": {
        "mean": [-824.854370117, 136.298446655, 30.1022491455, 57.1773796082, 4.70783519745, 0.504443705082, -13.7451496124, 1.11654388905, -12.3293495178, 1.98014891148, 4.30202245712, -2.63076686859, -8.53320789337],
        "cov": [[15519.1689453, 1623.33190918, -2495.95214844, -291.356048584, -1902.2220459, -754.26751709, -1741.72045898, -486.679962158, -928.330749512, 72.8745498657, -155.016586304, -565.24041748, -778.992492676], [1623.33190918, 5487.28710938, 164.029525757, -659.706604004, -583.79901123, -854.950317383, -424.795318604, -203.478668213, -743.375854492, -534.339233398, -2.65214419365, -298.706237793, -366.602661133], [-2495.95214844, 164.029525757, 1493.22119141, 334.328491211, 218.329452515, 79.3145446777, 185.932434082, 69.4104919434, -59.8193778992, -271.673919678, -63.0745887756, 22.7437000275, 45.7783660889], [-291.356048584, -659.706604004, 334.328491211, 870.962646484, 327.872833252, 10.558839798, 12.9096565247, -56.855178833, 14.0069360733, -106.714500427, -117.859886169, 44.2608566284, 62.6695823669], [-1902.2220459, -583.79901123, 218.329452515, 327.872833252, 691.013671875, 168.178619385, 204.05506897, 30.7497138977, 228.351089478, 8.45295143127, -51.8626823425, 127.513778687, 159.524459839], [-754.26751709, -854.950317383, 79.3145446777, 10.558839798, 168.178619385, 501.184692383, 244.174987793, 62.5437927246, 212.641937256, 162.777267456, 54.0013237, 61.7368812561, 74.0539703369], [-1741.72045898, -424.795318604, 185.932434082, 12.9096565247, 204.05506897, 244.174987793, 599.770385742, 99.6187057495, 162.141418457, 98.7808456421, 27.943025589, 143.282974243, 154.948516846], [-486.679962158, -203.478668213, 69.4104919434, -56.855178833, 30.7497138977, 62.5437927246, 99.6187057495, 251.08190918, 68.228729248, -1.33511519432, 38.8852920532, 27.515045166, 59.8341903687], [-928.330749512, -743.375854492, -59.8193778992, 14.0069360733, 228.351089478, 212.641937256, 162.141418457, 68.228729248, 377.695922852, 157.735946655, -4.64286899567, 95.0737609863, 131.74772644], [72.8745498657, -534.339233398, -271.673919678, -106.714500427, 8.45295143127, 162.777267456, 98.7808456421, -1.33511519432, 157.735946655, 352.036376953, 51.8386611938, 24.0613288879, 77.2562179565], [-155.016586304, -2.65214419365, -63.0745887756, -117.859886169, -51.8626823425, 54.0013237, 27.943025589, 38.8852920532, -4.64286899567, 51.8386611938, 166.079925537, 15.5301408768, -22.0869235992], [-565.24041748, -298.706237793, 22.7437000275, 44.2608566284, 127.513778687, 61.7368812561, 143.282974243, 27.515045166, 95.0737609863, 24.0613288879, 15.5301408768, 177.132766724, 106.044113159], [-778.992492676, -366.602661133, 45.7783660889, 62.6695823669, 159.524459839, 74.0539703369, 154.948516846, 59.8341903687, 131.74772644, 77.2562179565, -22.0869235992, 106.044113159, 228.153610229]],
        "icov": [[0.000247101968853, -3.9618651499e-05, 0.000357964658178, -0.000252956233453, 0.000509049976245, -0.000256189174252, 0.000437146227341, -8.02846407169e-05, 0.000302832602756, -0.000180114860996, 0.000494416512083, -0.000219462293899, 0.000265070179012], [-3.9618651499e-05, 0.000384363927878, -0.000126988059492, 0.000404636550229, -0.000172711195773, 0.000479204434669, -0.000188794772839, 0.000259558029938, 0.000272172299447, 0.000336926837917, -0.000163735108799, 0.000344131753081, -2.50205357588e-05], [0.000357964658178, -0.000126988059492, 0.00149576016702, -0.000658193370327, 0.00065608357545, -0.000767018296756, 0.000338339275913, -0.000295706733596, 0.000599053513724, 0.000527260883246, 0.000773178704549, -6.2801191234e-05, 0.000116409079055], [-0.000252956233453, 0.000404636550229, -0.000658193370327, 0.00228239479475, -0.00136510841548, 0.000573461002205, -0.000335999153322, 0.000645419524517, 0.000324634631397, 0.000612304429524, 0.000167311503901, 0.000314673001412, -0.000405947386753], [0.000509049976245, -0.000172711195773, 0.00065608357545, -0.00136510841548, 0.00367386615835, -0.000885019311681, 0.000669095665216, 1.33258045025e-05, -0.000692373432685, 9.85359365586e-05, 0.00109569670167, -0.00095646927366, -0.000118448049761], [-0.000256189174252, 0.000479204434669, -0.000767018296756, 0.000573461002205, -0.000885019311681, 0.0041977846995, -0.00145289767534, 0.000237689644564, -0.00123968860134, -0.000529868761078, -0.00146315281745, 0.000871916126925, 0.000420717115048], [0.000437146227341, -0.000188794772839, 0.000338339275913, -0.000335999153322, 0.000669095665216, -0.00145289767534, 0.00359460478649, -0.000713448564056, 0.00066729116952, -0.000851880409755, 0.000977991032414, -0.00188602553681, -0.000162361611729], [-8.02846407169e-05, 0.000259558029938, -0.000295706733596, 0.000645419524517, 1.33258045025e-05, 0.000237689644564, -0.000713448564056, 0.00525377970189, -0.000866978080012, 0.00140221777838, -0.00168839399703, 0.00111349311192, -0.00160993123427], [0.000302832602756, 0.000272172299447, 0.000599053513724, 0.000324634631397, -0.000692373432685, -0.00123968860134, 0.00066729116952, -0.000866978080012, 0.00607172586024, -0.00150653033052, 0.00172938662581, -0.00120656332001, -0.000345175270922], [-0.000180114860996, 0.000336926837917, 0.000527260883246, 0.000612304429524, 9.85359365586e-05, -0.000529868761078, -0.000851880409755, 0.00140221777838, -0.00150653033052, 0.0057524596341, -0.00180104165338, 0.00181880604941, -0.00213131541386], [0.000494416512083, -0.000163735108799, 0.000773178704549, 0.000167311503901, 0.00109569670167, -0.00146315281745, 0.000977991032414, -0.00168839399703, 0.00172938662581, -0.00180104165338, 0.00911003444344, -0.00256392243318, 0.00239614234306], [-0.000219462293899, 0.000344131753081, -6.2801191234e-05, 0.000314673001412, -0.00095646927366, 0.000871916126925, -0.00188602553681, 0.00111349311192, -0.00120656332001, 0.00181880604941, -0.00256392243318, 0.0100542167202, -0.00373605219647], [0.000265070179012, -2.50205357588e-05, 0.000116409079055, -0.000405947386753, -0.000118448049761, 0.000420717115048, -0.000162361611729, -0.00160993123427, -0.000345175270922, -0.00213131541386, 0.00239614234306, -0.00373605219647, 0.00870420597494]]
    },
    "spectral_contrast_coeffs": {
        "mean": [-0.618631243706, -0.734055817127, -0.811468243599, -0.822520792484, -0.799969255924, -0.747038722038],
        "stdev": [0.177609696984, 0.140876486897, 0.0943650305271, 0.0688274204731, 0.0700138360262, 0.067885376513]
    },
    "spectral_contrast_valleys": {
        "mean": [-8.11413955688, -8.24440479279, -9.65484333038, -9.68239021301, -9.27230930328, -12.3936491013],
        "stdev": [1.30694663525, 1.66328465939, 1.43507313728, 1.46939074993, 1.40541005135, 1.31452775002]
    }
},
"rhythm": {
    "beats_count": 97,
    "beats_loudness": {
        "mean": 0.0336231701076,
        "stdev": 0.0227520931512
    },
    "bpm": 94.5913696289,
    "bpm_histogram_first_peak_bpm": 94,
    "bpm_histogram_first_peak_weight": 0.72000002861,
    "bpm_histogram_second_peak_bpm": 105,
    "bpm_histogram_second_peak_spread": 0.571428537369,
    "bpm_histogram_second_peak_weight": 0.09375,
    "danceability": 1.14996528625,
    "onset_rate": 4.9030714035,
    "beats_loudness_band_ratio": {
        "mean": [0.52957034111, 0.231271252036, 0.167064741254, 0.0169865135103, 0.0339190922678, 0.0893388912082],
        "stdev": [0.297675788403, 0.221571058035, 0.199424892664, 0.0404632948339, 0.0777517780662, 0.234366580844]
    },
    "beats_position": [0.626938760281, 1.27709746361, 1.91564619541, 2.55419492722, 3.1811337471, 3.80807256699, 4.42340135574, 5.0387301445, 5.65405893326, 6.29260778427, 6.94276618958, 7.51165533066, 8.08054447174, 8.64943313599, 9.21832180023, 9.78721046448, 10.3560991287, 10.866938591, 11.3429479599, 11.8421764374, 12.3297958374, 12.8290243149, 13.3166437149, 13.8042631149, 14.2802715302, 14.8607711792, 15.4296598434, 15.9985485077, 16.602268219, 17.2059860229, 17.786485672, 18.3437633514, 18.9010429382, 19.4815406799, 20.062040329, 20.6193199158, 21.2578678131, 21.8848075867, 22.523355484, 23.1502952576, 23.7656230927, 24.3809528351, 24.984670639, 25.7044887543, 26.4243087769, 27.1209068298, 27.8175048828, 28.4444446564, 29.0597724915, 29.6751022339, 30.290430069, 30.9289798737, 31.567527771, 32.2060775757, 32.8562355042, 33.5063934326, 34.1565513611, 34.8067131042, 35.4568710327, 36.0954170227, 36.7339668274, 37.3609046936, 37.9878463745, 38.6031723022, 39.1836738586, 39.7525634766, 40.3330612183, 40.9251708984, 41.5056686401, 42.0977783203, 42.713104248, 43.3284339905, 43.9553718567, 44.6171417236, 45.2672996521, 45.9174575806, 46.6372795105, 47.3570976257, 48.1349639893, 48.8896141052, 49.5978240967, 50.2944221497, 50.9910202026, 51.6876182556, 52.3958282471, 53.1040344238, 53.7541923523, 54.4159622192, 55.0545120239, 55.6814498901, 56.3199996948, 56.9585494995, 57.608707428, 58.2588653564, 58.8858032227, 59.5127410889, 60.1512908936],
    "bpm_histogram": [0, 0, 0, 0, 0, 0, 0, 0, 0, 0, 0, 0, 0, 0, 0, 0, 0, 0, 0, 0, 0, 0, 0, 0, 0, 0, 0, 0, 0, 0, 0, 0, 0, 0, 0, 0, 0, 0, 0, 0, 0, 0, 0, 0, 0, 0, 0, 0, 0, 0, 0, 0, 0, 0, 0, 0, 0, 0, 0, 0, 0, 0, 0, 0, 0, 0, 0, 0, 0, 0, 0, 0, 0, 0, 0, 0, 0, 0.0104166669771, 0, 0, 0.0104166669771, 0, 0, 0.0416666679084, 0, 0.03125, 0.0520833320916, 0, 0, 0, 0, 0.0208333339542, 0.125, 0, 0.145833328366, 0, 0.114583335817, 0, 0.114583335817, 0.03125, 0, 0.0208333339542, 0, 0.0729166641831, 0, 0.09375, 0, 0, 0.03125, 0, 0, 0, 0, 0, 0, 0, 0, 0.0104166669771, 0, 0, 0.0208333339542, 0, 0, 0.03125, 0, 0, 0.0208333339542, 0, 0, 0, 0, 0, 0, 0, 0, 0, 0, 0, 0, 0, 0, 0, 0, 0, 0, 0, 0, 0, 0, 0, 0, 0, 0, 0, 0, 0, 0, 0, 0, 0, 0, 0, 0, 0, 0, 0, 0, 0, 0, 0, 0, 0, 0, 0, 0, 0, 0, 0, 0, 0, 0, 0, 0, 0, 0, 0, 0, 0, 0, 0, 0, 0, 0, 0, 0, 0, 0, 0, 0, 0, 0, 0, 0, 0, 0, 0, 0, 0, 0, 0, 0, 0, 0, 0, 0, 0, 0, 0, 0, 0, 0, 0, 0, 0, 0, 0, 0, 0, 0, 0, 0, 0, 0, 0, 0, 0, 0, 0, 0, 0, 0, 0, 0, 0, 0, 0, 0, 0, 0, 0]
},
"tonal": {
    "chords_changes_rate": 0.177862599492,
    "chords_number_rate": 0.0152671756223,
    "chords_strength": {
        "mean": 0.430247575045,
        "stdev": 0.0894210636616
    },
    "hpcp_crest": {
        "mean": 14.8137407303,
        "stdev": 7.89786291122
    },
    "hpcp_entropy": {
        "mean": 1.92214500904,
        "stdev": 0.923534035683
    },
    "key_edma": {
        "strength": 0.243431136012,
        "key": "A",
        "scale": "minor"
    },
    "key_krumhansl": {
        "strength": 0.248796895146,
        "key": "A",
        "scale": "minor"
    },
    "key_temperley": {
        "strength": 0.271387398243,
        "key": "A",
        "scale": "minor"
    },
    "tuning_diatonic_strength": 0.3201431036,
    "tuning_equal_tempered_deviation": 0.202258333564,
    "tuning_frequency": 432.441040039,
    "tuning_nontempered_energy_ratio": 0.880336523056,
    "hpcp": {
        "mean": [0.0878428965807, 0.0748444423079, 0.0592293143272, 0.0471885614097, 0.0502750948071, 0.0613758973777, 0.0668545737863, 0.0651359930634, 0.0643617734313, 0.065823674202, 0.0573637522757, 0.0495944879949, 0.0547000691295, 0.064628854394, 0.0727058574557, 0.0751581415534, 0.087759308517, 0.113603234291, 0.118714109063, 0.108463317156, 0.114505678415, 0.126179203391, 0.122368887067, 0.123895905912, 0.122291311622, 0.102380402386, 0.0955100283027, 0.0980993956327, 0.09579898417, 0.0993677303195, 0.100722536445, 0.0897100865841, 0.0857189819217, 0.0899175778031, 0.0842045992613, 0.085560977459],
        "stdev": [0.222906932235, 0.206279277802, 0.178628146648, 0.150514945388, 0.153291553259, 0.184151694179, 0.186075225472, 0.184953689575, 0.177386015654, 0.186011791229, 0.171094805002, 0.150114655495, 0.172086566687, 0.187562540174, 0.200276851654, 0.202480405569, 0.220014616847, 0.260537266731, 0.266624957323, 0.255164951086, 0.257692664862, 0.278344452381, 0.26970911026, 0.269612878561, 0.270427763462, 0.237430527806, 0.225141018629, 0.234439343214, 0.226756200194, 0.234959989786, 0.23815433681, 0.218872234225, 0.215736091137, 0.231512904167, 0.209932222962, 0.217036962509]
    },
    "chords_histogram": [2.06106877327, 10.9923667908, 0.916030526161, 1.83206105232, 1.83206105232, 6.71755743027, 4.42748069763, 1.1450381279, 3.0534350872, 4.80916023254, 3.58778619766, 10.152671814, 1.60305345058, 0.22900763154, 0.534351170063, 4.19847345352, 10.3816795349, 2.97709918022, 13.4351148605, 1.45038163662, 0, 1.06870234013, 3.35877871513, 9.23664093018],
    "thpcp": [1, 0.969802320004, 0.981904327869, 0.969187557697, 0.811388850212, 0.756939530373, 0.777460873127, 0.75922960043, 0.787512719631, 0.798249900341, 0.710973620415, 0.679343163967, 0.712618052959, 0.667341351509, 0.67809098959, 0.696175694466, 0.593159914017, 0.469406306744, 0.373980492353, 0.398442000151, 0.486418485641, 0.529838263988, 0.51621812582, 0.510082244873, 0.521668195724, 0.4546212852, 0.393048048019, 0.433510959148, 0.512198925018, 0.576211094856, 0.59564602375, 0.695513248444, 0.900332450867, 0.94083738327, 0.859597444534, 0.907484531403],
    "chords_key": "C",
    "chords_scale": "minor"
}
}