{
"metadata": {
    "version": {
        "essentia": "2.1-dev",
        "essentia_git_sha": "v2.1_beta3-415-gd5473f3",
        "extractor": "music 2.0"
    },
    "audio_properties": {
        "analysis": {
            "equal_loudness": 0,
            "length": 60.1861228943,
            "sample_rate": 44100,
            "start_time": 0,
            "downmix": "mix"
        },
        "bit_rate": 192000,
        "length": 60.1861228943,
        "lossless": 0,
        "number_channels": 2,
        "replay_gain": -7.57327651978,
        "sample_rate": 44100,
        "codec": "mp3",
        "md5_encoded": "8726854ee8605d58d830d665032dcd4a"
    },
    "tags": {
        "file_name": "tertulia_tlfno_02.mp3",
        "date": ["2004"],
        "engineer": ["rosamerica tamyo"],
        "genre": ["Blues"]
    }
},
"lowlevel": {
    "average_loudness": 0.921199560165,
    "barkbands_crest": {
        "mean": 11.2800531387,
        "stdev": 4.57985401154
    },
    "barkbands_flatness_db": {
        "mean": 0.241358920932,
        "stdev": 0.0602427497506
    },
    "barkbands_kurtosis": {
        "mean": 7.5757522583,
        "stdev": 15.1759719849
    },
    "barkbands_skewness": {
        "mean": 1.51552391052,
        "stdev": 1.82511663437
    },
    "barkbands_spread": {
        "mean": 14.7246780396,
        "stdev": 13.1770009995
    },
    "dissonance": {
        "mean": 0.438130915165,
        "stdev": 0.0547906905413
    },
    "dynamic_complexity": 5.65966176987,
    "erbbands_crest": {
        "mean": 11.24077034,
        "stdev": 4.62948799133
    },
    "erbbands_flatness_db": {
        "mean": 0.27224317193,
        "stdev": 0.0623273029923
    },
    "erbbands_kurtosis": {
        "mean": 2.19626235962,
        "stdev": 5.35023498535
    },
    "erbbands_skewness": {
        "mean": 0.453064918518,
        "stdev": 1.3135099411
    },
    "erbbands_spread": {
        "mean": 26.5792255402,
        "stdev": 15.2831325531
    },
    "hfc": {
        "mean": 11.1714286804,
        "stdev": 14.0185194016
    },
    "loudness_ebu128": {
        "integrated": -18.0968399048,
        "loudness_range": 3.23028755188,
        "momentary": {
            "mean": -19.9643268585,
            "stdev": 5.06462621689
        },
        "short_term": {
            "mean": -18.4985122681,
            "stdev": 1.15710794926
        }
    },
    "melbands_crest": {
        "mean": 14.8711643219,
        "stdev": 6.35146522522
    },
    "melbands_flatness_db": {
        "mean": 0.274821788073,
        "stdev": 0.0782587304711
    },
    "melbands_kurtosis": {
        "mean": 12.5618886948,
        "stdev": 19.2517986298
    },
    "melbands_skewness": {
        "mean": 2.19243526459,
        "stdev": 1.8319889307
    },
    "melbands_spread": {
        "mean": 19.6873207092,
        "stdev": 20.9025325775
    },
    "pitch_salience": {
        "mean": 0.64855235815,
        "stdev": 0.163690149784
    },
    "silence_rate_20dB": {
        "mean": 1,
        "stdev": 0
    },
    "silence_rate_30dB": {
        "mean": 1,
        "stdev": 0
    },
    "silence_rate_60dB": {
        "mean": 0.285383731127,
        "stdev": 0.451601803303
    },
    "spectral_centroid": {
        "mean": 1192.6003418,
        "stdev": 828.083862305
    },
    "spectral_complexity": {
        "mean": 10.3220205307,
        "stdev": 8.32832622528
    },
    "spectral_decrease": {
        "mean": -4.27637836253e-09,
        "stdev": 4.47149428595e-09
    },
    "spectral_energy": {
        "mean": 0.0171533245593,
        "stdev": 0.0179203003645
    },
    "spectral_energyband_high": {
        "mean": 7.45488650864e-05,
        "stdev": 0.000267837371211
    },
    "spectral_energyband_low": {
        "mean": 0.00230368366465,
        "stdev": 0.00364491180517
    },
    "spectral_energyband_middle_high": {
        "mean": 0.00290657649748,
        "stdev": 0.00517146941274
    },
    "spectral_energyband_middle_low": {
        "mean": 0.0125007089227,
        "stdev": 0.014492620714
    },
    "spectral_entropy": {
        "mean": 7.00672578812,
        "stdev": 0.570959210396
    },
    "spectral_flux": {
        "mean": 0.0732709988952,
        "stdev": 0.0501791499555
    },
    "spectral_kurtosis": {
        "mean": 10.5238380432,
        "stdev": 9.92535114288
    },
    "spectral_rms": {
        "mean": 0.00340556469746,
        "stdev": 0.00226650713012
    },
    "spectral_rolloff": {
        "mean": 1178.8215332,
        "stdev": 1146.87536621
    },
    "spectral_skewness": {
        "mean": 1.80472719669,
        "stdev": 0.987437069416
    },
    "spectral_spread": {
        "mean": 2477681.25,
        "stdev": 1099166.125
    },
    "spectral_strongpeak": {
        "mean": 0.886141002178,
        "stdev": 0.962634265423
    },
    "zerocrossingrate": {
        "mean": 0.0424800924957,
        "stdev": 0.0308134090155
    },
    "barkbands": {
        "mean": [0.000207255143323, 0.000238750159042, 0.00126130587887, 0.00123196397908, 0.00165409734473, 0.00292844767682, 0.00316622015089, 0.00250224675983, 0.000940108438954, 0.000195792585146, 0.000134316098411, 0.000198067267775, 0.000405818485888, 0.000446543563157, 0.000437807029812, 0.000347770954249, 0.000366058753571, 0.000207193166716, 0.00017427005514, 5.54069883947e-05, 2.78493189398e-05, 1.98002253455e-05, 4.66763003715e-06, 1.4614305428e-06, 1.02117496681e-07, 5.90392956745e-10, 5.70708036385e-10],
        "stdev": [0.000321593281114, 0.000516975764185, 0.0023137757089, 0.00300499331206, 0.00321748782881, 0.00471379887313, 0.00568930758163, 0.00559231638908, 0.00309424987063, 0.000595911813434, 0.000487070879899, 0.000613073643763, 0.00137854740024, 0.00144101306796, 0.00149001437239, 0.0012148473179, 0.000937900622375, 0.000980670331046, 0.000538973428775, 0.000191531609744, 0.000138657167554, 6.94592454238e-05, 1.87177156477e-05, 5.3790572565e-06, 3.33991948764e-07, 1.41732769965e-09, 1.05301556363e-09]
    },
    "erbbands": {
        "mean": [0.00439731916413, 0.082251213491, 1.07340991497, 3.36366415024, 3.78041815758, 6.19049692154, 13.4152421951, 26.6101894379, 39.2978057861, 59.3902320862, 44.8753128052, 22.0690326691, 8.87919521332, 5.34590435028, 6.3998837471, 9.04593467712, 17.5484580994, 22.3842945099, 24.2196750641, 20.6932411194, 19.8883533478, 20.0731945038, 12.3423919678, 9.72460079193, 7.19115924835, 2.64146780968, 1.38740968704, 0.971691071987, 0.764833509922, 0.384050101042, 0.0966894850135, 0.04656515643, 0.0160625409335, 0.00273424200714, 0.000111267596367, 1.89846432477e-05, 8.40442680783e-06, 2.46631861955e-06, 8.94645563676e-06, 1.98869438464e-05],
        "stdev": [0.0209056250751, 0.134420007467, 1.78725516796, 7.08995819092, 7.88401651382, 13.7509241104, 28.5844154358, 44.9033050537, 69.5823669434, 118.888267517, 103.116378784, 66.1229248047, 28.9210777283, 15.0822229385, 23.2649936676, 25.8652515411, 56.1570968628, 70.3508224487, 77.5922775269, 67.0277938843, 54.5643157959, 50.7647781372, 58.2168159485, 32.3798828125, 21.3860492706, 8.64685440063, 6.74600887299, 4.68104839325, 2.75592112541, 1.58687365055, 0.339041471481, 0.160688757896, 0.0587809197605, 0.00868973881006, 0.0003445041948, 2.80323693005e-05, 8.8454435172e-06, 3.0966509712e-06, 9.26135271584e-06, 2.07221000892e-05]
    },
    "gfcc": {
        "mean": [-157.227478027, 158.086380005, -162.594238281, 41.5138244629, -59.7496795654, -23.1263885498, -38.0234794617, -16.3063678741, 12.3922319412, -15.6732234955, 9.85482692719, -19.1134815216, -2.60259509087],
        "cov": [[11194.8730469, 2063.6394043, -441.154327393, -1064.71057129, -130.272033691, -1437.40649414, -365.625091553, -479.998565674, 69.6184692383, -194.82862854, -149.387786865, -457.966278076, -675.07232666], [2063.6394043, 1358.33032227, 547.223937988, -572.836975098, -94.8639831543, -358.434906006, -44.9994430542, -213.654342651, -58.4978904724, -137.492752075, -31.2514762878, -145.589920044, -155.004760742], [-441.154327393, 547.223937988, 1345.1595459, 645.717041016, -70.7392807007, 67.31640625, 67.3204727173, -133.14831543, -193.677902222, -168.460998535, -111.044425964, -156.502731323, -10.0569505692], [-1064.71057129, -572.836975098, 645.717041016, 1587.37341309, 199.20489502, 289.370422363, 30.0086917877, -26.9662094116, -81.8904418945, -26.3642978668, -115.791641235, -94.7106399536, 62.1518859863], [-130.272033691, -94.8639831543, -70.7392807007, 199.20489502, 380.997192383, 1.80722022057, -161.326263428, 23.7772502899, 80.6253204346, 23.6718788147, -1.95592570305, -49.3318977356, 1.07100462914], [-1437.40649414, -358.434906006, 67.31640625, 289.370422363, 1.80722022057, 515.708251953, 251.978271484, 54.8780136108, -78.0810012817, 33.1858291626, 9.79529190063, 33.9159164429, 69.595664978], [-365.625091553, -44.9994430542, 67.3204727173, 30.0086917877, -161.326263428, 251.978271484, 430.936096191, 33.6594276428, -135.920761108, -20.765083313, 6.51357412338, 62.0948905945, 9.3228635788], [-479.998565674, -213.654342651, -133.14831543, -26.9662094116, 23.7772502899, 54.8780136108, 33.6594276428, 238.603713989, 54.5895080566, -9.1653175354, 35.4934959412, -1.25747811794, 19.1642341614], [69.6184692383, -58.4978904724, -193.677902222, -81.8904418945, 80.6253204346, -78.0810012817, -135.920761108, 54.5895080566, 199.5027771, 61.769947052, -7.39038228989, 15.2706451416, 24.0375728607], [-194.82862854, -137.492752075, -168.460998535, -26.3642978668, 23.6718788147, 33.1858291626, -20.765083313, -9.1653175354, 61.769947052, 134.348373413, 49.5130195618, 30.4898357391, 29.3697280884], [-149.387786865, -31.2514762878, -111.044425964, -115.791641235, -1.95592570305, 9.79529190063, 6.51357412338, 35.4934959412, -7.39038228989, 49.5130195618, 125.088745117, 54.4061431885, 5.16597318649], [-457.966278076, -145.589920044, -156.502731323, -94.7106399536, -49.3318977356, 33.9159164429, 62.0948905945, -1.25747811794, 15.2706451416, 30.4898357391, 54.4061431885, 207.63999939, 98.9566421509], [-675.07232666, -155.004760742, -10.0569505692, 62.1518859863, 1.07100462914, 69.595664978, 9.3228635788, 19.1642341614, 24.0375728607, 29.3697280884, 5.16597318649, 98.9566421509, 147.883728027]],
        "icov": [[0.000289454677841, -0.000461440708023, 0.00048882124247, -0.000277006067336, 0.000153569053509, 0.000543377245776, -0.000209655539948, 0.000271054392215, -6.85527265887e-05, 0.000156665686518, 8.68624265422e-05, 0.000295943260426, 0.000487552199047], [-0.000461440708023, 0.00411929702386, -0.00269517558627, 0.00224061403424, -0.00105461815838, 0.00064254226163, -0.00144839950372, 0.00264574494213, -0.00217749876902, 0.00217673741281, -0.00227267108858, 0.00166347564664, -0.000572123390157], [0.00048882124247, -0.00269517558627, 0.00339590432122, -0.00202805944718, 0.00119732413441, 0.000130399945192, 0.000429900217569, -0.000244733062573, 0.00119837780949, 0.000800174311735, 0.000499930290971, 0.000872193195391, -0.000530481163878], [-0.000277006067336, 0.00224061403424, -0.00202805944718, 0.00231267884374, -0.00122183014173, -0.000191586834262, -0.000504958501551, 0.000999349169433, -0.000556146667805, 0.000289814604912, -7.79856345616e-05, 0.000584292400163, -0.000379952020012], [0.000153569053509, -0.00105461815838, 0.00119732413441, -0.00122183014173, 0.00420662900433, -0.000738031289075, 0.00167916703504, -0.000354891031748, -0.000649135326967, 0.000402493111324, -0.000495250802487, 0.000652966962662, 5.34910177521e-05], [0.000543377245776, 0.00064254226163, 0.000130399945192, -0.000191586834262, -0.000738031289075, 0.0054352232255, -0.00342817022465, 0.00129154452588, -0.000345248554368, 2.59615953837e-05, -0.000825056340545, 0.00216864747927, -0.000631827919278], [-0.000209655539948, -0.00144839950372, 0.000429900217569, -0.000504958501551, 0.00167916703504, -0.00342817022465, 0.0066506061703, -0.00365331885405, 0.00444177119061, -0.00277875643224, 0.00337536702864, -0.00414992542937, 0.00191049708519], [0.000271054392215, 0.00264574494213, -0.000244733062573, 0.000999349169433, -0.000354891031748, 0.00129154452588, -0.00365331885405, 0.0104335835204, -0.00667338445783, 0.00773447426036, -0.00711199035868, 0.00590201839805, -0.00230544200167], [-6.85527265887e-05, -0.00217749876902, 0.00119837780949, -0.000556146667805, -0.000649135326967, -0.000345248554368, 0.00444177119061, -0.00667338445783, 0.0135752810165, -0.00877520535141, 0.00787821039557, -0.00468157464638, 0.000865565263666], [0.000156665686518, 0.00217673741281, 0.000800174311735, 0.000289814604912, 0.000402493111324, 2.59615953837e-05, -0.00277875643224, 0.00773447426036, -0.00877520535141, 0.0183930899948, -0.0106577174738, 0.00617005862296, -0.00389585341327], [8.68624265422e-05, -0.00227267108858, 0.000499930290971, -7.79856345616e-05, -0.000495250802487, -0.000825056340545, 0.00337536702864, -0.00711199035868, 0.00787821039557, -0.0106577174738, 0.017789516598, -0.00805190578103, 0.00478448485956], [0.000295943260426, 0.00166347564664, 0.000872193195391, 0.000584292400163, 0.000652966962662, 0.00216864747927, -0.00414992542937, 0.00590201839805, -0.00468157464638, 0.00617005862296, -0.00805190578103, 0.0141162090003, -0.00824929028749], [0.000487552199047, -0.000572123390157, -0.000530481163878, -0.000379952020012, 5.34910177521e-05, -0.000631827919278, 0.00191049708519, -0.00230544200167, 0.000865565263666, -0.00389585341327, 0.00478448485956, -0.00824929028749, 0.0149728199467]]
    },
    "melbands": {
        "mean": [5.84322224313e-05, 0.000410868349718, 0.000588432769291, 0.000338992744219, 0.000432277971413, 0.000601688050665, 0.000616410805378, 0.000650107220281, 0.000333615229465, 0.000121560777188, 4.09405474784e-05, 2.10640318983e-05, 1.95395041374e-05, 2.15931013372e-05, 2.98751674563e-05, 4.20299475081e-05, 4.14356509282e-05, 3.89462875319e-05, 3.27291854774e-05, 2.39104756474e-05, 2.35842890106e-05, 2.26428019232e-05, 1.3573941942e-05, 9.33742649067e-06, 7.72042039898e-06, 6.46709258945e-06, 3.23165590999e-06, 1.39299299917e-06, 9.1426693416e-07, 6.0283196035e-07, 5.60093326385e-07, 4.61701546328e-07, 3.19035819984e-07, 1.66942456303e-07, 5.0816112207e-08, 3.80415556833e-08, 2.38971153976e-08, 1.22947581005e-08, 5.86472070907e-09, 8.72847627509e-10],
        "stdev": [0.000152661814354, 0.000671676592901, 0.0011407607235, 0.00064707204001, 0.000876039790455, 0.000969484332018, 0.00105541781522, 0.00129750382621, 0.000789641402662, 0.000387847336242, 0.000141266951687, 6.16384786554e-05, 7.02884135535e-05, 7.149612793e-05, 9.09161753953e-05, 0.000142019314808, 0.000137519804412, 0.000129768508486, 0.000111750698125, 9.86570230452e-05, 6.69038272463e-05, 6.00829407631e-05, 5.24254173797e-05, 4.78236906929e-05, 2.65422495431e-05, 2.0948211386e-05, 1.11245226435e-05, 4.7915596042e-06, 4.59519060314e-06, 3.29218937622e-06, 2.7103174034e-06, 1.70189639448e-06, 1.29091756662e-06, 7.59759018365e-07, 1.76298939891e-07, 1.198698385e-07, 9.67500852767e-08, 4.84102748999e-08, 1.95605842634e-08, 2.9047311223e-09]
    },
    "melbands128": {
        "mean": [7.13398039807e-05, 3.40953993145e-05, 3.52312090399e-05, 0.00013525687973, 0.000404412770877, 0.000682891113684, 0.000738937989809, 0.000548747659195, 0.000338970305165, 0.000305194553221, 0.000367198896129, 0.000333192961989, 0.000440637901193, 0.000571206503082, 0.000591434829403, 0.000628174399026, 0.000640626589302, 0.000583033484872, 0.000627143133897, 0.000725491845515, 0.000683541875333, 0.000445561745437, 0.00028325576568, 0.000247563846642, 0.00014199623547, 7.93133804109e-05, 5.75676676817e-05, 3.70948873751e-05, 2.70910895779e-05, 2.21063619392e-05, 1.95567808987e-05, 1.73080843524e-05, 1.80596671271e-05, 2.32165530178e-05, 2.06082913792e-05, 2.12194008782e-05, 2.28149110626e-05, 2.6972960768e-05, 3.67709690181e-05, 3.97907824663e-05, 4.67803656647e-05, 4.00354692829e-05, 4.21281911258e-05, 4.16932780354e-05, 3.87769141525e-05, 4.00645985792e-05, 3.59835539712e-05, 3.84522645618e-05, 2.78027164313e-05, 2.55754093814e-05, 2.4393602871e-05, 2.12388604268e-05, 2.12178147194e-05, 2.54658207268e-05, 2.7043684895e-05, 2.30676359934e-05, 1.88622434507e-05, 1.47658583955e-05, 1.16372993944e-05, 1.11153885882e-05, 9.05910110305e-06, 8.28573956824e-06, 7.99231929705e-06, 7.37164918974e-06, 7.67960864323e-06, 6.81186929796e-06, 5.86895566812e-06, 3.95276447307e-06, 2.80275094156e-06, 1.90594676042e-06, 1.34912261274e-06, 1.19316200653e-06, 9.39172252856e-07, 9.07810829176e-07, 8.31800093692e-07, 6.20384412287e-07, 4.69176370643e-07, 5.62346656352e-07, 6.04658339398e-07, 5.18937213201e-07, 5.04382398958e-07, 4.18536302504e-07, 3.97332541979e-07, 3.12627520316e-07, 2.5849911367e-07, 2.16439659084e-07, 1.34345654601e-07, 6.34969907765e-08, 4.41487237879e-08, 4.11751521767e-08, 4.19164436494e-08, 3.71340220795e-08, 3.21342383813e-08, 2.46544651361e-08, 1.84660837732e-08, 1.49038754671e-08, 1.08826068157e-08, 8.71597816143e-09, 6.56184262482e-09, 4.44161196711e-09, 1.64216173992e-09, 9.0486118598e-11, 4.79984836599e-11, 3.13624612391e-11, 1.39318513323e-11, 7.08699245122e-12, 5.76493236829e-12, 6.00602683906e-12, 4.67340879537e-12, 3.66360978013e-12, 3.3660424708e-12, 3.22743784822e-12, 3.11525826836e-12, 2.99771730876e-12, 2.90121637651e-12, 2.81797762208e-12, 2.732774727e-12, 2.65105905978e-12, 2.57945422834e-12, 2.52105150991e-12, 2.46690189977e-12, 2.4206021302e-12, 2.37170266065e-12, 2.32825000598e-12, 2.30223197277e-12, 2.28196975205e-12, 2.26487231747e-12, 2.25009420818e-12],
        "stdev": [0.00015471118968, 0.000222300965106, 0.000135453519761, 0.000266136805294, 0.000729821447749, 0.00133634370286, 0.00171879690606, 0.00143206911162, 0.000949661654886, 0.000825719733257, 0.00104681553785, 0.00108525063843, 0.00119869492482, 0.00147678842768, 0.00130589411128, 0.00135694304481, 0.00159077637363, 0.001395411673, 0.0016874311259, 0.00185760401655, 0.00192028842866, 0.00133230350912, 0.000935408810619, 0.0010335019324, 0.000520272005815, 0.000418236333644, 0.000283688626951, 0.000138912306284, 0.000109931148472, 8.38083433337e-05, 6.56234988128e-05, 6.99425727362e-05, 6.73468894092e-05, 0.000117223949928, 9.31363902055e-05, 7.73263527662e-05, 8.44140085974e-05, 8.80229636095e-05, 0.000155008718139, 0.000146051170304, 0.000191750063095, 0.000159957475262, 0.000163141317898, 0.000177548325155, 0.000146068050526, 0.000173654974787, 0.00014518237731, 0.000171730658622, 9.4158713182e-05, 0.000111872999696, 0.00014948277385, 7.23616831237e-05, 7.00364180375e-05, 8.41397850309e-05, 9.32512557483e-05, 7.56460649427e-05, 6.19614220341e-05, 5.76301426918e-05, 6.35484684608e-05, 8.86874186108e-05, 5.19258646818e-05, 3.6803608964e-05, 3.26650369971e-05, 2.67007617367e-05, 3.09777897201e-05, 2.58560503426e-05, 1.8401637135e-05, 1.47273349285e-05, 1.19434034787e-05, 7.7484664871e-06, 4.89449530505e-06, 4.57161331724e-06, 4.67957715955e-06, 5.69583426113e-06, 5.37600726602e-06, 4.02494788432e-06, 2.53690791396e-06, 3.67001734958e-06, 3.21374727719e-06, 2.12778809328e-06, 2.02284059014e-06, 1.68018675595e-06, 1.76867524715e-06, 1.36236110393e-06, 1.22501739952e-06, 1.02667513602e-06, 6.49500975669e-07, 2.40578572175e-07, 1.44773267152e-07, 1.46521287547e-07, 1.75284341708e-07, 1.08269141208e-07, 1.28776264319e-07, 1.07469816157e-07, 9.34205601766e-08, 6.96965400948e-08, 4.05191045161e-08, 3.25326219297e-08, 2.32430732439e-08, 1.45828256137e-08, 5.10642905738e-09, 1.48416101631e-09, 6.51559695086e-10, 3.44747674852e-10, 1.25101845549e-10, 4.71268787883e-11, 5.47903597492e-11, 3.98757797615e-11, 2.5308470597e-11, 7.69847900706e-12, 6.3474234549e-12, 6.08338206198e-12, 5.84395769623e-12, 5.60899503926e-12, 5.41666928325e-12, 5.24061566712e-12, 5.07320964752e-12, 4.92505992586e-12, 4.78874752352e-12, 4.66309282854e-12, 4.54975206815e-12, 4.44954620024e-12, 4.36303293841e-12, 4.28792895288e-12, 4.22791272478e-12, 4.17667289643e-12, 4.13977619546e-12, 4.1185002457e-12]
    },
    "mfcc": {
        "mean": [-773.630554199, 160.155578613, -27.572303772, 36.5792312622, 2.91869044304, -8.5878238678, -26.9645614624, -8.03499317169, -11.0925188065, 4.51608324051, 3.113935709, 1.81851172447, 1.91507899761],
        "cov": [[9460.6953125, 2279.49316406, -1107.11047363, 233.243347168, -634.48638916, -463.012542725, -970.453674316, -253.163726807, -730.859375, 165.963226318, -44.5007095337, -31.5689163208, -190.356994629], [2279.49316406, 2096.8503418, 28.724603653, -478.923858643, -290.908630371, -384.650634766, -293.612213135, -181.820770264, -280.695098877, -68.1377029419, -74.9424438477, -24.8687591553, -11.8016443253], [-1107.11047363, 28.724603653, 1418.8359375, 572.261291504, 14.5179080963, 273.529083252, 311.653747559, 68.6164703369, 59.3218193054, -46.0883026123, -187.220092773, -74.1575088501, -11.186835289], [233.243347168, -478.923858643, 572.261291504, 1042.46557617, 338.856628418, 229.686828613, 19.7496490479, 22.1539039612, 5.26625680923, 70.1438446045, -115.997947693, -109.659057617, -28.5990219116], [-634.48638916, -290.908630371, 14.5179080963, 338.856628418, 656.619384766, 23.9975547791, -122.361473083, -56.5268630981, 27.2172908783, 133.337875366, -29.3981456757, -66.3305206299, 4.60545730591], [-463.012542725, -384.650634766, 273.529083252, 229.686828613, 23.9975547791, 460.656768799, 224.310928345, 28.5129184723, 89.2361831665, -35.6462745667, 3.05283284187, 11.4815797806, -15.3079500198], [-970.453674316, -293.612213135, 311.653747559, 19.7496490479, -122.361473083, 224.310928345, 485.572814941, 155.827209473, 68.7544631958, -22.0215053558, 24.4335422516, 29.5278930664, -2.57057762146], [-253.163726807, -181.820770264, 68.6164703369, 22.1539039612, -56.5268630981, 28.5129184723, 155.827209473, 216.831497192, 76.3625183105, -12.6555614471, 29.3055229187, 9.67377662659, -16.3771858215], [-730.859375, -280.695098877, 59.3218193054, 5.26625680923, 27.2172908783, 89.2361831665, 68.7544631958, 76.3625183105, 214.104888916, 9.63767910004, -1.98158740997, 11.0932760239, 8.69781398773], [165.963226318, -68.1377029419, -46.0883026123, 70.1438446045, 133.337875366, -35.6462745667, -22.0215053558, -12.6555614471, 9.63767910004, 221.285736084, 17.8612766266, -35.7399635315, 0.577814877033], [-44.5007095337, -74.9424438477, -187.220092773, -115.997947693, -29.3981456757, 3.05283284187, 24.4335422516, 29.3055229187, -1.98158740997, 17.8612766266, 153.275100708, 57.7626647949, -27.8756694794], [-31.5689163208, -24.8687591553, -74.1575088501, -109.659057617, -66.3305206299, 11.4815797806, 29.5278930664, 9.67377662659, 11.0932760239, -35.7399635315, 57.7626647949, 125.763259888, 16.062789917], [-190.356994629, -11.8016443253, -11.186835289, -28.5990219116, 4.60545730591, -15.3079500198, -2.57057762146, -16.3771858215, 8.69781398773, 0.577814877033, -27.8756694794, 16.062789917, 122.586601257]],
        "icov": [[0.000781037670095, -0.000852920289617, 0.00107495184056, -0.00124412891455, 0.00133583322167, -0.000926670152694, 0.00125318451319, -0.00114379066508, 0.00159855757374, -0.00147731311154, 0.0012604012154, -0.0011044171406, 0.000970991561189], [-0.000852920289617, 0.00183950888459, -0.00158123672009, 0.00190582929645, -0.00123440101743, 0.00128163665067, -0.000841351342387, 0.00136712391395, -0.000817061867565, 0.00155341799837, -0.00106629170477, 0.00131387158763, -0.000839587475639], [0.00107495184056, -0.00158123672009, 0.00299533340149, -0.00259393290617, 0.0019141449593, -0.00141281227116, 0.000603808090091, -0.00138096499722, 0.00160569162108, -0.00182124995627, 0.00292700529099, -0.00163559627254, 0.00153957784642], [-0.00124412891455, 0.00190582929645, -0.00259393290617, 0.00424158293754, -0.00275580305606, 0.000600919942372, -0.000931464426685, 0.000924812746234, -0.00122785998974, 0.00187382346485, -0.00125861517154, 0.00224681501277, -0.00121534790378], [0.00133583322167, -0.00123440101743, 0.0019141449593, -0.00275580305606, 0.00461165467277, -0.00154810596723, 0.00264241988771, -0.00143857800867, 0.00239231321029, -0.00346568948589, 0.00205803615972, -0.00145040813368, 0.00148853252176], [-0.000926670152694, 0.00128163665067, -0.00141281227116, 0.000600919942372, -0.00154810596723, 0.0052067739889, -0.003405821044, 0.00328473863192, -0.00333782541566, 0.00275781145319, -0.00234718807042, 0.0012121059699, -0.000697288720403], [0.00125318451319, -0.000841351342387, 0.000603808090091, -0.000931464426685, 0.00264241988771, -0.003405821044, 0.0068049156107, -0.00468223867938, 0.00381602556445, -0.00314432918094, 0.00174448022153, -0.00201278249733, 0.0010998675134], [-0.00114379066508, 0.00136712391395, -0.00138096499722, 0.000924812746234, -0.00143857800867, 0.00328473863192, -0.00468223867938, 0.00962900184095, -0.00513060996309, 0.00305298878811, -0.00348409009166, 0.00227795098908, -0.000643437961116], [0.00159855757374, -0.000817061867565, 0.00160569162108, -0.00122785998974, 0.00239231321029, -0.00333782541566, 0.00381602556445, -0.00513060996309, 0.0106260273606, -0.00387888029218, 0.00399028509855, -0.00290898466483, 0.0017044992419], [-0.00147731311154, 0.00155341799837, -0.00182124995627, 0.00187382346485, -0.00346568948589, 0.00275781145319, -0.00314432918094, 0.00305298878811, -0.00387888029218, 0.00868906546384, -0.00426351092756, 0.00398532859981, -0.00231445324607], [0.0012604012154, -0.00106629170477, 0.00292700529099, -0.00125861517154, 0.00205803615972, -0.00234718807042, 0.00174448022153, -0.00348409009166, 0.00399028509855, -0.00426351092756, 0.0137099763379, -0.00657437648624, 0.00474473694339], [-0.0011044171406, 0.00131387158763, -0.00163559627254, 0.00224681501277, -0.00145040813368, 0.0012121059699, -0.00201278249733, 0.00227795098908, -0.00290898466483, 0.00398532859981, -0.00657437648624, 0.0132430037484, -0.00378823420033], [0.000970991561189, -0.000839587475639, 0.00153957784642, -0.00121534790378, 0.00148853252176, -0.000697288720403, 0.0010998675134, -0.000643437961116, 0.0017044992419, -0.00231445324607, 0.00474473694339, -0.00378823420033, 0.010700811632]]
    },
    "spectral_contrast_coeffs": {
        "mean": [-0.655204772949, -0.726109027863, -0.814058423042, -0.801054775715, -0.773804724216, -0.725705683231],
        "stdev": [0.131808340549, 0.111070230603, 0.0686447247863, 0.070062123239, 0.0794906541705, 0.0644940361381]
    },
    "spectral_contrast_valleys": {
        "mean": [-8.26300811768, -7.2403345108, -8.56695079803, -8.25106430054, -8.71864414215, -12.8379678726],
        "stdev": [1.23484742641, 1.36291873455, 1.21260821819, 1.20155596733, 0.992051780224, 0.735332071781]
    }
},
"rhythm": {
    "beats_count": 110,
    "beats_loudness": {
        "mean": 0.0245280917734,
        "stdev": 0.0188858136535
    },
    "bpm": 107.1612854,
    "bpm_histogram_first_peak_bpm": 108,
    "bpm_histogram_first_peak_weight": 0.578947365284,
    "bpm_histogram_second_peak_bpm": 103,
    "bpm_histogram_second_peak_spread": 0.647058844566,
    "bpm_histogram_second_peak_weight": 0.110091745853,
    "danceability": 1.27638292313,
    "onset_rate": 5.09986019135,
    "beats_loudness_band_ratio": {
        "mean": [0.214351415634, 0.245115071535, 0.401938706636, 0.0660602375865, 0.104089275002, 0.017589930445],
        "stdev": [0.235057488084, 0.173250451684, 0.240148365498, 0.0843496099114, 0.159199923277, 0.0403546057642]
    },
    "beats_position": [0.487619042397, 0.99845802784, 1.50929701328, 2.03174591064, 2.53097510338, 3.06503391266, 3.61070299149, 4.1679816246, 4.73687076569, 5.2941493988, 5.87464857101, 6.47836732864, 7.08208608627, 7.6858048439, 8.28952407837, 8.893242836, 9.4853515625, 10.0890703201, 10.6811790466, 11.2732877731, 11.8770065308, 12.445895195, 13.0031747818, 13.4675731659, 13.9319725037, 14.4079818726, 14.8607711792, 15.3251695633, 15.7779588699, 16.242357254, 16.6951465607, 17.1479358673, 17.600725174, 18.0535144806, 18.5295238495, 19.0055332184, 19.4699325562, 19.9227199554, 20.3871192932, 20.8399085999, 21.2810878754, 21.733877182, 22.1750564575, 22.6742858887, 23.1619052887, 23.6495227814, 24.1487522125, 24.6595916748, 25.1704311371, 25.7044887543, 26.2617683411, 26.8074378967, 27.3763256073, 27.9336051941, 28.5141029358, 29.0713825226, 29.6286621094, 30.1743297577, 30.7432193756, 31.3004989624, 31.8577766418, 32.4150543213, 32.9723358154, 33.5180053711, 34.0636711121, 34.5861206055, 35.1201820374, 35.6542396545, 36.1999092102, 36.7455787659, 37.3028564453, 37.8253059387, 38.3361434937, 38.8702049255, 39.4158706665, 39.9731521606, 40.5768699646, 41.192199707, 41.7843093872, 42.3764152527, 42.9685249329, 43.560634613, 44.1411323547, 44.7100219727, 45.2905197144, 45.8594093323, 46.4631271362, 47.0668487549, 47.6473464966, 48.2278442383, 48.8199539185, 49.4120635986, 49.9809532166, 50.5614509583, 51.1303405762, 51.7108383179, 52.2913360596, 52.8486175537, 53.4058952332, 53.9515647888, 54.5088424683, 55.0312919617, 55.5421295166, 56.0413589478, 56.6334686279, 57.2139663696, 57.8176841736, 58.39818573, 58.9786834717, 59.5707931519],
    "bpm_histogram": [0, 0, 0, 0, 0, 0, 0, 0, 0, 0, 0, 0, 0, 0, 0, 0, 0, 0, 0, 0, 0, 0, 0, 0, 0, 0, 0, 0, 0, 0, 0, 0, 0, 0, 0, 0, 0, 0, 0, 0, 0, 0, 0, 0, 0, 0, 0, 0, 0, 0, 0, 0, 0, 0, 0, 0, 0, 0, 0, 0, 0, 0, 0, 0, 0, 0, 0, 0, 0, 0, 0, 0, 0, 0, 0, 0, 0, 0, 0, 0, 0, 0, 0, 0, 0, 0, 0, 0, 0, 0, 0, 0, 0, 0, 0, 0, 0, 0, 0.00917431153357, 0.100917428732, 0, 0.100917428732, 0, 0.110091745853, 0, 0.0733944922686, 0, 0, 0.146788984537, 0, 0.0825688093901, 0, 0.0458715595305, 0, 0, 0.0366972461343, 0, 0.0550458729267, 0, 0, 0.0366972461343, 0, 0, 0.0183486230671, 0, 0, 0.0275229364634, 0, 0, 0.0550458729267, 0, 0, 0, 0.0825688093901, 0, 0, 0.0183486230671, 0, 0, 0, 0, 0, 0, 0, 0, 0, 0, 0, 0, 0, 0, 0, 0, 0, 0, 0, 0, 0, 0, 0, 0, 0, 0, 0, 0, 0, 0, 0, 0, 0, 0, 0, 0, 0, 0, 0, 0, 0, 0, 0, 0, 0, 0, 0, 0, 0, 0, 0, 0, 0, 0, 0, 0, 0, 0, 0, 0, 0, 0, 0, 0, 0, 0, 0, 0, 0, 0, 0, 0, 0, 0, 0, 0, 0, 0, 0, 0, 0, 0, 0, 0, 0, 0, 0, 0, 0, 0, 0, 0, 0, 0, 0, 0, 0, 0, 0, 0, 0, 0, 0, 0, 0, 0, 0, 0, 0, 0, 0, 0, 0]
},
"tonal": {
    "chords_changes_rate": 0.151117965579,
    "chords_number_rate": 0.0146491900086,
    "chords_strength": {
        "mean": 0.460073024035,
        "stdev": 0.108621113002
    },
    "hpcp_crest": {
        "mean": 11.872631073,
        "stdev": 5.64629220963
    },
    "hpcp_entropy": {
        "mean": 2.2567794323,
        "stdev": 0.813278734684
    },
    "key_edma": {
        "strength": 0.546312749386,
        "key": "A",
        "scale": "minor"
    },
    "key_krumhansl": {
        "strength": 0.538740217686,
        "key": "A",
        "scale": "minor"
    },
    "key_temperley": {
        "strength": 0.516951799393,
        "key": "A",
        "scale": "major"
    },
    "tuning_diatonic_strength": 0.36926946044,
    "tuning_equal_tempered_deviation": 0.217276662588,
    "tuning_frequency": 452.108886719,
    "tuning_nontempered_energy_ratio": 0.890258789062,
    "hpcp": {
        "mean": [0.139024972916, 0.148273140192, 0.152930483222, 0.150428533554, 0.147913873196, 0.146752238274, 0.149656236172, 0.141949921846, 0.142161726952, 0.147056877613, 0.138939216733, 0.140034064651, 0.145382925868, 0.136134132743, 0.137699440122, 0.144133672118, 0.142016649246, 0.13615500927, 0.14314289391, 0.142473742366, 0.124911516905, 0.166061356664, 0.201776176691, 0.160703480244, 0.130048125982, 0.134285315871, 0.130320757627, 0.128008082509, 0.138917043805, 0.149053290486, 0.142723619938, 0.13180989027, 0.132144346833, 0.131132394075, 0.128941372037, 0.13420599699],
        "stdev": [0.239215984941, 0.24693004787, 0.256894916296, 0.252333849669, 0.250087112188, 0.248374089599, 0.257233738899, 0.25024369359, 0.238889083266, 0.242439091206, 0.23064532876, 0.236363068223, 0.237827554345, 0.225971013308, 0.228156477213, 0.243224129081, 0.234924167395, 0.235540002584, 0.240551277995, 0.239874526858, 0.224272012711, 0.242450341582, 0.308713763952, 0.244847521186, 0.228263378143, 0.237676844001, 0.229996189475, 0.21768219769, 0.23976585269, 0.246395602822, 0.240378215909, 0.23068331182, 0.231562063098, 0.228912889957, 0.22528642416, 0.241927757859]
    },
    "chords_histogram": [6.55358505249, 2.3130300045, 5.78257513046, 4.85736322403, 4.16345405579, 0, 3.70084810257, 1.85042405128, 0.616807997227, 8.24980735779, 5.62837314606, 3.00693917274, 0.154201999307, 0.84811103344, 1.92752504349, 0.771010041237, 1.77332305908, 14.2636852264, 3.54664611816, 10.4857358932, 8.94371604919, 8.09560489655, 1.23361599445, 1.23361599445],
    "thpcp": [1, 0.796444296837, 0.644516766071, 0.665516197681, 0.645867884159, 0.634406328201, 0.688470959663, 0.738706111908, 0.707336306572, 0.653248012066, 0.654905617237, 0.649890363216, 0.639031708241, 0.665123105049, 0.68900591135, 0.734839677811, 0.757921397686, 0.745521783829, 0.733059167862, 0.727302134037, 0.741694271564, 0.703501880169, 0.704551577568, 0.728811919689, 0.688580870628, 0.694006919861, 0.720515787601, 0.6746789217, 0.682436585426, 0.714324533939, 0.703832566738, 0.674782395363, 0.709414243698, 0.706097960472, 0.619059801102, 0.822997808456],
    "chords_key": "A",
    "chords_scale": "minor"
}
}