{
"metadata": {
    "version": {
        "essentia": "2.1-dev",
        "essentia_git_sha": "v2.1_beta3-415-gd5473f3",
        "extractor": "music 2.0"
    },
    "audio_properties": {
        "analysis": {
            "equal_loudness": 0,
            "length": 60.1338768005,
            "sample_rate": 44100,
            "start_time": 0,
            "downmix": "mix"
        },
        "bit_rate": 192000,
        "length": 60.1338768005,
        "lossless": 0,
        "number_channels": 2,
        "replay_gain": -6.8254737854,
        "sample_rate": 44100,
        "codec": "mp3",
        "md5_encoded": "fa2b7f690dfcab541cd3412eb9c51b8a"
    },
    "tags": {
        "file_name": "tertulia_04.mp3",
        "date": ["2004"],
        "engineer": ["rosamerica tamyo"],
        "genre": ["Blues"]
    }
},
"lowlevel": {
    "average_loudness": 0.968551337719,
    "barkbands_crest": {
        "mean": 10.8165655136,
        "stdev": 4.32405090332
    },
    "barkbands_flatness_db": {
        "mean": 0.246246799827,
        "stdev": 0.0591174922884
    },
    "barkbands_kurtosis": {
        "mean": 8.3002576828,
        "stdev": 19.2906093597
    },
    "barkbands_skewness": {
        "mean": 1.72333168983,
        "stdev": 1.73950815201
    },
    "barkbands_spread": {
        "mean": 15.8118686676,
        "stdev": 16.0136585236
    },
    "dissonance": {
        "mean": 0.435441285372,
        "stdev": 0.0542714856565
    },
    "dynamic_complexity": 4.74236106873,
    "erbbands_crest": {
        "mean": 10.687789917,
        "stdev": 3.99527239799
    },
    "erbbands_flatness_db": {
        "mean": 0.253398686647,
        "stdev": 0.0482541918755
    },
    "erbbands_kurtosis": {
        "mean": 2.53187942505,
        "stdev": 6.91005992889
    },
    "erbbands_skewness": {
        "mean": 0.461155742407,
        "stdev": 1.38182616234
    },
    "erbbands_spread": {
        "mean": 29.766204834,
        "stdev": 17.7191047668
    },
    "hfc": {
        "mean": 12.009349823,
        "stdev": 12.6647453308
    },
    "loudness_ebu128": {
        "integrated": -18.0671596527,
        "loudness_range": 1.93073272705,
        "momentary": {
            "mean": -19.236787796,
            "stdev": 4.21808433533
        },
        "short_term": {
            "mean": -18.2698554993,
            "stdev": 0.703576385975
        }
    },
    "melbands_crest": {
        "mean": 15.0152435303,
        "stdev": 6.37013816833
    },
    "melbands_flatness_db": {
        "mean": 0.291889697313,
        "stdev": 0.0862469598651
    },
    "melbands_kurtosis": {
        "mean": 16.0798244476,
        "stdev": 31.6502990723
    },
    "melbands_skewness": {
        "mean": 2.55310249329,
        "stdev": 1.98414504528
    },
    "melbands_spread": {
        "mean": 20.8588466644,
        "stdev": 29.7281322479
    },
    "pitch_salience": {
        "mean": 0.64145898819,
        "stdev": 0.163357570767
    },
    "silence_rate_20dB": {
        "mean": 1,
        "stdev": 0
    },
    "silence_rate_30dB": {
        "mean": 0.998456180096,
        "stdev": 0.0392609573901
    },
    "silence_rate_60dB": {
        "mean": 0.198379009962,
        "stdev": 0.398783653975
    },
    "spectral_centroid": {
        "mean": 1153.11499023,
        "stdev": 991.232421875
    },
    "spectral_complexity": {
        "mean": 10.9810886383,
        "stdev": 8.17324447632
    },
    "spectral_decrease": {
        "mean": -5.83112980124e-09,
        "stdev": 5.15812459412e-09
    },
    "spectral_energy": {
        "mean": 0.0230973064899,
        "stdev": 0.0204019062221
    },
    "spectral_energyband_high": {
        "mean": 0.000167486810824,
        "stdev": 0.000696150877047
    },
    "spectral_energyband_low": {
        "mean": 0.0062592132017,
        "stdev": 0.00787793472409
    },
    "spectral_energyband_middle_high": {
        "mean": 0.00258824648336,
        "stdev": 0.00358743360266
    },
    "spectral_energyband_middle_low": {
        "mean": 0.0149688310921,
        "stdev": 0.0150481145829
    },
    "spectral_entropy": {
        "mean": 6.95737743378,
        "stdev": 0.623145580292
    },
    "spectral_flux": {
        "mean": 0.0777484253049,
        "stdev": 0.0477354861796
    },
    "spectral_kurtosis": {
        "mean": 9.32573795319,
        "stdev": 9.22116947174
    },
    "spectral_rms": {
        "mean": 0.00413399469107,
        "stdev": 0.00233324803412
    },
    "spectral_rolloff": {
        "mean": 1061.56054688,
        "stdev": 1395.29992676
    },
    "spectral_skewness": {
        "mean": 1.73286044598,
        "stdev": 1.09083735943
    },
    "spectral_spread": {
        "mean": 2618859.25,
        "stdev": 1097205.375
    },
    "spectral_strongpeak": {
        "mean": 0.84113740921,
        "stdev": 0.931830942631
    },
    "zerocrossingrate": {
        "mean": 0.0392852500081,
        "stdev": 0.0384312905371
    },
    "barkbands": {
        "mean": [0.000363585422747, 0.00123424851336, 0.00381481950171, 0.00161462451797, 0.00331738474779, 0.00330473878421, 0.00326199014671, 0.0023818151094, 0.00101882824674, 0.000194836815353, 0.000174941495061, 0.000286954134936, 0.000346322311088, 0.000318005593726, 0.000325906730723, 0.000220790330786, 0.000336542259902, 0.000114043628855, 0.000218228524318, 0.000131478227559, 6.04629603913e-05, 4.21161093982e-05, 1.02936901385e-05, 4.04952515964e-06, 3.0954504382e-07, 1.41333633685e-09, 8.01583188714e-10],
        "stdev": [0.00104423507582, 0.0040582632646, 0.00490095419809, 0.00362503365614, 0.00416454672813, 0.00482525164261, 0.00598993105814, 0.005209680181, 0.00315157603472, 0.000529607641511, 0.000545051821973, 0.000873410084751, 0.0010695225792, 0.000899994862266, 0.000871630734764, 0.000575492391363, 0.000631594914012, 0.000366323598428, 0.000676224008203, 0.000461586489109, 0.000305807217956, 0.000208688346902, 4.24274694524e-05, 1.55492962222e-05, 1.09428742689e-06, 9.93676074756e-09, 1.32519517582e-09]
    },
    "erbbands": {
        "mean": [0.0221349783242, 0.379077970982, 3.54035425186, 5.81768655777, 6.60828495026, 12.1146907806, 18.8688030243, 29.8943214417, 41.4931144714, 54.7641296387, 47.430847168, 24.5841960907, 8.37460231781, 6.38195180893, 8.3641166687, 12.3441400528, 15.6549930573, 15.6838579178, 17.8217067719, 14.8118219376, 13.6568956375, 18.8771114349, 7.32223463058, 8.35724163055, 11.8228006363, 6.01889324188, 3.08084106445, 2.13149547577, 1.55470061302, 0.852117240429, 0.235514551401, 0.114071279764, 0.0519277751446, 0.00821386184543, 0.000406543258578, 4.29589708801e-05, 1.23516547319e-05, 3.20626077155e-06, 1.17912959468e-05, 2.64240952674e-05],
        "stdev": [0.217258617282, 0.623144984245, 4.11945819855, 10.1587772369, 10.8121423721, 17.7764377594, 29.1471233368, 50.5768852234, 74.8538818359, 110.948791504, 107.557495117, 70.7381210327, 23.0209560394, 18.6285915375, 24.8763580322, 36.0248146057, 46.5843200684, 42.8090629578, 46.711643219, 40.7622566223, 31.5401573181, 35.895740509, 16.8129959106, 33.5432357788, 34.5950622559, 21.1631374359, 14.3823385239, 12.3850193024, 7.92718935013, 3.68594026566, 1.01634836197, 0.44183498621, 0.218152046204, 0.0298086553812, 0.00189957150724, 0.00015135355352, 1.43655661304e-05, 4.24381414632e-06, 1.01571204141e-05, 2.31621670537e-05]
    },
    "gfcc": {
        "mean": [-127.228431702, 166.689178467, -140.075759888, 56.4884986877, -54.1775550842, -16.6146583557, -32.9278373718, -15.4773130417, 4.18284273148, -18.4261417389, 9.85928249359, -23.1517524719, -2.9707570076],
        "cov": [[9784.50390625, 1913.6081543, -905.030212402, -1065.8840332, -43.3507347107, -1128.65478516, -455.763305664, -173.107727051, 9.05444431305, -262.254089355, 33.7000808716, -341.727813721, -581.426879883], [1913.6081543, 2155.11572266, 352.236236572, -1205.04284668, 200.217987061, -506.841369629, -134.102249146, -149.081787109, -54.3776321411, -313.074279785, 51.900428772, -76.2251663208, -162.568817139], [-905.030212402, 352.236236572, 911.725402832, 73.7401428223, 25.6764259338, 40.432434082, -41.4007492065, -118.985084534, -81.9155502319, -90.9901657104, -2.80115509033, 39.9048194885, 75.6591796875], [-1065.8840332, -1205.04284668, 73.7401428223, 1189.34753418, 55.0942993164, 202.142837524, -71.247505188, -28.9138813019, 56.4295921326, 189.579574585, -37.9314689636, 24.6841602325, 159.739761353], [-43.3507347107, 200.217987061, 25.6764259338, 55.0942993164, 384.557922363, -75.2011871338, -203.558441162, -48.446056366, 33.2727241516, 2.15662479401, 14.2078742981, -58.3551445007, 21.0620555878], [-1128.65478516, -506.841369629, 40.432434082, 202.142837524, -75.2011871338, 478.124603271, 181.04826355, 47.9419898987, -20.9579868317, 81.8729858398, 12.097120285, 30.4083557129, 48.5514373779], [-455.763305664, -134.102249146, -41.4007492065, -71.247505188, -203.558441162, 181.04826355, 412.270843506, 97.3598709106, -103.65096283, -12.9123086929, 28.7543792725, 86.7422790527, -7.77529191971], [-173.107727051, -149.081787109, -118.985084534, -28.9138813019, -48.446056366, 47.9419898987, 97.3598709106, 224.391311646, -1.36453986168, -1.68744075298, 41.6312065125, 5.97685432434, 5.65952110291], [9.05444431305, -54.3776321411, -81.9155502319, 56.4295921326, 33.2727241516, -20.9579868317, -103.65096283, -1.36453986168, 201.078994751, 61.3254356384, -60.5051803589, -18.5577907562, 19.752954483], [-262.254089355, -313.074279785, -90.9901657104, 189.579574585, 2.15662479401, 81.8729858398, -12.9123086929, -1.68744075298, 61.3254356384, 161.92628479, 8.40851593018, -20.8653106689, 33.4891586304], [33.7000808716, 51.900428772, -2.80115509033, -37.9314689636, 14.2078742981, 12.097120285, 28.7543792725, 41.6312065125, -60.5051803589, 8.40851593018, 121.786621094, 16.4294757843, -27.2841129303], [-341.727813721, -76.2251663208, 39.9048194885, 24.6841602325, -58.3551445007, 30.4083557129, 86.7422790527, 5.97685432434, -18.5577907562, -20.8653106689, 16.4294757843, 141.744750977, 37.7407150269], [-581.426879883, -162.568817139, 75.6591796875, 159.739761353, 21.0620555878, 48.5514373779, -7.77529191971, 5.65952110291, 19.752954483, 33.4891586304, -27.2841129303, 37.7407150269, 138.266189575]],
        "icov": [[0.000257878709817, -0.000394766189856, 0.000383508624509, -0.000313285650918, 0.000408370775403, 0.000187044221093, 0.000293371354928, -1.92717998289e-05, 0.000228931035963, -4.17362316512e-05, 0.000114570480946, 0.000150582272909, 0.000620653678197], [-0.000394766189856, 0.00392092764378, -0.00187068863306, 0.00326291844249, -0.00213823956437, 0.00168540864252, -0.00179843208753, 0.00220034085214, -0.00232160161249, 0.00269858259708, -0.00276137026958, 0.00171758176293, -0.00158895482309], [0.000383508624509, -0.00187068863306, 0.00255913822912, -0.00164541497361, 0.00136866280809, -0.000822088157292, 0.0011852098396, 7.43642594898e-05, 0.00132258899976, 0.000286957452772, 0.000539209577255, -0.00035142278648, 1.47164473674e-06], [-0.000313285650918, 0.00326291844249, -0.00164541497361, 0.00398599915206, -0.0018725101836, 0.00107914360706, -0.0010321571026, 0.00171529792715, -0.00145784870256, 0.000803603674285, -0.00169051403645, 0.000979949370958, -0.00199504476041], [0.000408370775403, -0.00213823956437, 0.00136866280809, -0.0018725101836, 0.00518321478739, -0.00071766396286, 0.00269202096388, -0.00046207185369, 0.000974833092187, -0.000274383521173, -0.000349952693796, 0.00057615240803, -4.88159857923e-05], [0.000187044221093, 0.00168540864252, -0.000822088157292, 0.00107914360706, -0.00071766396286, 0.00442679366097, -0.0021726989653, 0.00103613815736, -0.00103967241012, 0.000164501107065, -0.00144231005106, 0.00156086718198, -0.000240392197156], [0.000293371354928, -0.00179843208753, 0.0011852098396, -0.0010321571026, 0.00269202096388, -0.0021726989653, 0.00643677264452, -0.00263840286061, 0.00377213652246, -0.00192428380251, 0.00251798820682, -0.00322510581464, 0.0017902298132], [-1.92717998289e-05, 0.00220034085214, 7.43642594898e-05, 0.00171529792715, -0.00046207185369, 0.00103613815736, -0.00263840286061, 0.00801897794008, -0.00335334311239, 0.00417149625719, -0.00558512518182, 0.00325093534775, -0.00280717201531], [0.000228931035963, -0.00232160161249, 0.00132258899976, -0.00145784870256, 0.000974833092187, -0.00103967241012, 0.00377213652246, -0.00335334311239, 0.0104745253921, -0.00608359510079, 0.007276348304, -0.00327542494051, 0.0020665039774], [-4.17362316512e-05, 0.00269858259708, 0.000286957452772, 0.000803603674285, -0.000274383521173, 0.000164501107065, -0.00192428380251, 0.00417149625719, -0.00608359510079, 0.0145362066105, -0.00745174055919, 0.00523798167706, -0.00393482670188], [0.000114570480946, -0.00276137026958, 0.000539209577255, -0.00169051403645, -0.000349952693796, -0.00144231005106, 0.00251798820682, -0.00558512518182, 0.007276348304, -0.00745174055919, 0.0164448451251, -0.00569088291377, 0.00538682751358], [0.000150582272909, 0.00171758176293, -0.00035142278648, 0.000979949370958, 0.00057615240803, 0.00156086718198, -0.00322510581464, 0.00325093534775, -0.00327542494051, 0.00523798167706, -0.00569088291377, 0.0122069865465, -0.00449314666912], [0.000620653678197, -0.00158895482309, 1.47164473674e-06, -0.00199504476041, -4.88159857923e-05, -0.000240392197156, 0.0017902298132, -0.00280717201531, 0.0020665039774, -0.00393482670188, 0.00538682751358, -0.00449314666912, 0.0135328602046]]
    },
    "melbands": {
        "mean": [0.000269591429969, 0.00141246581916, 0.00100782851223, 0.000671474437695, 0.000646735308692, 0.000664646271616, 0.000650772999506, 0.000590472423937, 0.000362779392162, 0.000134178044391, 3.73580114683e-05, 2.47995212703e-05, 2.50719167525e-05, 3.1341547583e-05, 3.46233791788e-05, 3.3800573874e-05, 2.81807060674e-05, 2.88487226499e-05, 2.43299764406e-05, 1.50754349306e-05, 1.64561770362e-05, 2.15271738853e-05, 1.02451704151e-05, 4.93339985042e-06, 6.68856591801e-06, 8.87503574631e-06, 7.12406836101e-06, 3.29066824634e-06, 2.03737954507e-06, 1.38072221034e-06, 1.1994536635e-06, 8.93849573913e-07, 7.39980464459e-07, 3.5675361687e-07, 1.31897706979e-07, 8.41899421289e-08, 6.43941149292e-08, 4.22386676746e-08, 1.71412803951e-08, 2.87543744371e-09],
        "stdev": [0.00146354013123, 0.00156363961287, 0.00152567529585, 0.000906736939214, 0.000914779782761, 0.00104586395901, 0.00114981713705, 0.00118830322754, 0.000857782142702, 0.000405468163081, 0.000107567444502, 7.24182682461e-05, 7.61154587963e-05, 9.47774606175e-05, 0.000102889622212, 0.000111828201625, 8.09846314951e-05, 8.30899880384e-05, 6.89775988576e-05, 4.23643468821e-05, 3.95478709834e-05, 4.21978438681e-05, 2.20679721679e-05, 1.78083355422e-05, 2.97562201013e-05, 2.70260825346e-05, 2.17177930608e-05, 1.43690976984e-05, 1.06470815808e-05, 7.31039381208e-06, 7.54306120143e-06, 4.77083267469e-06, 3.71729538529e-06, 1.4959418877e-06, 5.86928422308e-07, 4.06710938705e-07, 2.46322827024e-07, 1.81711186542e-07, 7.11523995278e-08, 1.08356816853e-08]
    },
    "melbands128": {
        "mean": [0.000152231164975, 0.000166399011505, 0.000200911337743, 0.000675284012686, 0.00160675833467, 0.00189824658446, 0.0012757621007, 0.000662443286274, 0.000618605874479, 0.000716950278729, 0.000688419677317, 0.000639524136204, 0.000649843423162, 0.00062760792207, 0.000692356727086, 0.000669093511533, 0.000614694843534, 0.000664874678478, 0.000667347980198, 0.000645195366815, 0.000562468369026, 0.00044007707038, 0.000366299238522, 0.000263608642854, 0.000160895593581, 9.09360751393e-05, 4.57590867882e-05, 3.47034401784e-05, 2.68341609626e-05, 2.21009577217e-05, 2.75484053418e-05, 2.25118310482e-05, 2.20482652367e-05, 3.01039053738e-05, 2.8313465009e-05, 3.3494849049e-05, 3.15055949613e-05, 3.55619486072e-05, 3.57000753866e-05, 3.43839201378e-05, 3.55634147127e-05, 2.98942395602e-05, 2.87049024337e-05, 2.54047627095e-05, 3.03303422697e-05, 3.02419957734e-05, 2.64628397417e-05, 2.5378241844e-05, 2.45672017627e-05, 1.72759191628e-05, 1.3754180145e-05, 1.21123302961e-05, 1.48145554704e-05, 1.82295443665e-05, 2.05987726076e-05, 2.39801920543e-05, 2.13499406527e-05, 1.23883519336e-05, 6.53856386634e-06, 4.73964382763e-06, 4.35566107626e-06, 5.11327334607e-06, 6.87361352902e-06, 6.73478916724e-06, 7.20043635738e-06, 8.70545227372e-06, 1.03848569779e-05, 9.06952664081e-06, 6.40383814243e-06, 4.4574489948e-06, 3.23566655425e-06, 2.80079393633e-06, 2.28718658946e-06, 1.89501054138e-06, 1.7673739876e-06, 1.41565556078e-06, 1.1668253137e-06, 1.26012105284e-06, 1.2456279137e-06, 1.15210582408e-06, 8.3467159584e-07, 8.23499703984e-07, 8.86542807166e-07, 7.59358783853e-07, 6.26345581622e-07, 4.29933010082e-07, 2.72216283292e-07, 1.66650295341e-07, 1.21376729112e-07, 1.06966673741e-07, 1.01049344892e-07, 7.16124901601e-08, 6.67046791136e-08, 6.90413983762e-08, 6.03202181537e-08, 5.13584055284e-08, 3.97742354608e-08, 2.72490403574e-08, 1.83368609186e-08, 1.23925225637e-08, 4.7236934364e-09, 1.07373798741e-09, 4.4372297503e-10, 2.38219832749e-10, 1.34559516307e-10, 7.16418521729e-11, 4.9026071397e-11, 2.68559844502e-11, 1.6687920143e-11, 8.15222628986e-12, 5.45918909037e-12, 4.72403323057e-12, 4.41483785293e-12, 4.22001452879e-12, 4.08145565955e-12, 3.95962212671e-12, 3.84169952794e-12, 3.72346077582e-12, 3.62720986059e-12, 3.5410765032e-12, 3.46578299913e-12, 3.39678068659e-12, 3.32948924507e-12, 3.27244763405e-12, 3.23215044139e-12, 3.20168848031e-12, 3.18036113937e-12, 3.15549496255e-12],
        "stdev": [0.000895930512343, 0.00220268196426, 0.00157204235438, 0.00106025894638, 0.00198134803213, 0.002693568822, 0.00255450885743, 0.00161524175201, 0.00135361857247, 0.00138664653059, 0.00143653876148, 0.00131886440795, 0.00129258749075, 0.00133254355751, 0.00150921777822, 0.00153174693696, 0.00143030541949, 0.00169967242982, 0.0017603924498, 0.00174928142224, 0.00163105258252, 0.00122562050819, 0.00116737280041, 0.00105728406925, 0.000596869329456, 0.000369601708371, 0.000192538675037, 0.000118307376397, 7.52092892071e-05, 6.87799838488e-05, 0.000110198088805, 8.196739509e-05, 8.2993930846e-05, 0.000115782626381, 0.000105423161585, 0.00013051230053, 0.000121091645269, 0.000132509885589, 0.000119873599033, 0.000140003001434, 0.000157257643878, 0.000113034795504, 0.0001000744669, 8.87925998541e-05, 0.00011119570263, 0.000105522667582, 8.28950869618e-05, 8.62530941959e-05, 9.5680647064e-05, 6.16911856923e-05, 4.55448207504e-05, 3.75345152861e-05, 5.08396806254e-05, 4.61361669295e-05, 4.54315086245e-05, 5.50497898075e-05, 5.03331066284e-05, 3.16894620482e-05, 1.75893746928e-05, 1.648487887e-05, 1.70194962266e-05, 2.50585308095e-05, 4.92421931995e-05, 2.99203838949e-05, 2.58837590081e-05, 2.79532268905e-05, 3.63190374628e-05, 2.93358898489e-05, 2.51758665399e-05, 1.9133409296e-05, 1.47016035044e-05, 1.92341285583e-05, 1.60133731697e-05, 9.56544863584e-06, 8.99422684597e-06, 7.652268323e-06, 7.69927282818e-06, 8.9955265139e-06, 8.00029738457e-06, 8.04215505923e-06, 4.80028666061e-06, 4.27308987128e-06, 5.29093358637e-06, 4.20385913458e-06, 2.74574722425e-06, 1.90459650184e-06, 1.26275085677e-06, 7.32135447379e-07, 5.73951297156e-07, 5.92512719777e-07, 6.36077629679e-07, 2.99232198131e-07, 2.56827206613e-07, 2.85259801558e-07, 2.54219287399e-07, 2.16871939074e-07, 1.94750342075e-07, 1.42795769875e-07, 8.33171682757e-08, 4.46261054776e-08, 1.53702401917e-08, 9.38859301414e-09, 4.48272130527e-09, 2.35326602649e-09, 1.37371436448e-09, 6.95169699583e-10, 4.57415910704e-10, 2.94169077986e-10, 2.126635118e-10, 6.87739171168e-11, 1.58541617334e-11, 9.01277229931e-12, 7.4319812457e-12, 7.04612670294e-12, 6.80545160156e-12, 6.58538501508e-12, 6.38142403503e-12, 6.1946298785e-12, 6.01905027556e-12, 5.86468850913e-12, 5.72707896732e-12, 5.60252712278e-12, 5.4932733709e-12, 5.39909653444e-12, 5.32102920753e-12, 5.25835971987e-12, 5.21366847264e-12, 5.18568174512e-12]
    },
    "mfcc": {
        "mean": [-750.08416748, 165.987716675, -8.83493041992, 49.8870620728, 8.06330680847, -1.51725316048, -14.0687036514, -4.03201198578, -11.6318225861, 5.58440446854, -0.443427503109, 1.92881512642, 2.43504834175],
        "cov": [[8308.07421875, 1832.36047363, -1295.63598633, -38.6324539185, -366.029876709, -646.426818848, -716.930603027, -102.348114014, -683.740600586, 117.356567383, -37.2366256714, 41.065071106, -18.3152103424], [1832.36047363, 3287.66333008, -106.963562012, -711.949279785, 8.89302825928, -619.746887207, -172.045288086, -18.7729358673, -336.981414795, -219.489837646, -133.846817017, -30.8260307312, 68.7367172241], [-1295.63598633, -106.963562012, 860.947021484, 93.7169570923, -8.06354427338, 176.721893311, 123.397224426, 27.6119785309, 64.2222900391, -91.873298645, -94.0910949707, -7.1380610466, 8.01745414734], [-38.6324539185, -711.949279785, 93.7169570923, 675.989257812, 220.557983398, 107.909759521, -93.7370147705, -94.9842224121, 14.3228025436, 40.2900047302, -65.6996307373, -75.1632537842, -0.749073326588], [-366.029876709, 8.89302825928, -8.06354427338, 220.557983398, 637.814331055, 38.5778694153, -162.456634521, -155.534973145, -28.4862957001, 87.4467315674, -69.289855957, -79.0383453369, -8.72203445435], [-646.426818848, -619.746887207, 176.721893311, 107.909759521, 38.5778694153, 409.681762695, 58.2918510437, -45.6284561157, 100.317329407, 10.515996933, 33.3425140381, 19.3372592926, -41.10754776], [-716.930603027, -172.045288086, 123.397224426, -93.7370147705, -162.456634521, 58.2918510437, 443.618499756, 128.345962524, 13.253663063, -43.8799362183, 47.2977371216, 75.669418335, 4.18124675751], [-102.348114014, -18.7729358673, 27.6119785309, -94.9842224121, -155.534973145, -45.6284561157, 128.345962524, 225.729156494, 25.4580364227, -51.6985206604, 42.1551055908, 28.2039546967, 6.99901199341], [-683.740600586, -336.981414795, 64.2222900391, 14.3228025436, -28.4862957001, 100.317329407, 13.253663063, 25.4580364227, 236.111251831, 33.1578025818, 8.1862859726, 6.46306800842, -9.91037082672], [117.356567383, -219.489837646, -91.873298645, 40.2900047302, 87.4467315674, 10.515996933, -43.8799362183, -51.6985206604, 33.1578025818, 207.738800049, 28.2760620117, -27.6450042725, -7.45646619797], [-37.2366256714, -133.846817017, -94.0910949707, -65.6996307373, -69.289855957, 33.3425140381, 47.2977371216, 42.1551055908, 8.1862859726, 28.2760620117, 174.931900024, 57.2498550415, -38.2710075378], [41.065071106, -30.8260307312, -7.1380610466, -75.1632537842, -79.0383453369, 19.3372592926, 75.669418335, 28.2039546967, 6.46306800842, -27.6450042725, 57.2498550415, 137.363723755, 7.62387657166], [-18.3152103424, 68.7367172241, 8.01745414734, -0.749073326588, -8.72203445435, -41.10754776, 4.18124675751, 6.99901199341, -9.91037082672, -7.45646619797, -38.2710075378, 7.62387657166, 121.704704285]],
        "icov": [[0.000430307729403, -0.000275957310805, 0.000538691994734, -0.000474778644275, 0.000636967422906, -0.000260318105575, 0.000686027400661, -0.000425163074397, 0.00105508312117, -0.000768076162785, 0.00064418639522, -0.000806550029665, 0.000432758213719], [-0.000275957310805, 0.000946907035541, -0.000505974981934, 0.00114766485058, -0.00064534926787, 0.00103369285353, -0.000229525932809, 0.000636686570942, -0.000143234385177, 0.00117535307072, -0.000207348261029, 0.000722561962903, -0.000311882002279], [0.000538691994734, -0.000505974981934, 0.00225103995763, -0.00088260800112, 0.000830133794807, -0.00115640659351, 0.00044846473611, -0.000824501505122, 0.00100703723729, -0.000581817468628, 0.00172994099557, -0.000994797446765, 0.000566684291698], [-0.000474778644275, 0.00114766485058, -0.00088260800112, 0.00329447351396, -0.00137884845026, 0.000773190520704, -0.000389504333725, 0.00105643924326, -0.000560445187148, 0.00149678124581, -0.000221599475481, 0.00170814839657, -0.000656861986499], [0.000636967422906, -0.00064534926787, 0.000830133794807, -0.00137884845026, 0.00321461656131, -0.000798120978288, 0.00127089570742, 7.27122460376e-05, 0.00171841064002, -0.00197821250185, 0.00133854476735, -0.00088111666264, 0.000804964045528], [-0.000260318105575, 0.00103369285353, -0.00115640659351, 0.000773190520704, -0.000798120978288, 0.00473593454808, -0.000767344841734, 0.00195267226081, -0.00144322938286, 0.00148127088323, -0.00129879650194, 0.000450917897979, 0.000451021041954], [0.000686027400661, -0.000229525932809, 0.00044846473611, -0.000389504333725, 0.00127089570742, -0.000767344841734, 0.00435050064698, -0.00214486569166, 0.00225973059423, -0.00127291330136, 0.0010750151705, -0.00240722950548, 0.000601575011387], [-0.000425163074397, 0.000636686570942, -0.000824501505122, 0.00105643924326, 7.27122460376e-05, 0.00195267226081, -0.00214486569166, 0.00753563176841, -0.00203245389275, 0.00248874141835, -0.0023359451443, 0.00182756711729, -0.00091973610688], [0.00105508312117, -0.000143234385177, 0.00100703723729, -0.000560445187148, 0.00171841064002, -0.00144322938286, 0.00225973059423, -0.00203245389275, 0.00817538611591, -0.00274549168535, 0.00233217864297, -0.00221406552009, 0.0012143899221], [-0.000768076162785, 0.00117535307072, -0.000581817468628, 0.00149678124581, -0.00197821250185, 0.00148127088323, -0.00127291330136, 0.00248874141835, -0.00274549168535, 0.00825565587729, -0.00286647258326, 0.00318259838969, -0.00129122240469], [0.00064418639522, -0.000207348261029, 0.00172994099557, -0.000221599475481, 0.00133854476735, -0.00129879650194, 0.0010750151705, -0.0023359451443, 0.00233217864297, -0.00286647258326, 0.010164343752, -0.00453871442005, 0.0033482296858], [-0.000806550029665, 0.000722561962903, -0.000994797446765, 0.00170814839657, -0.00088111666264, 0.000450917897979, -0.00240722950548, 0.00182756711729, -0.00221406552009, 0.00318259838969, -0.00453871442005, 0.0117234764621, -0.00253358436748], [0.000432758213719, -0.000311882002279, 0.000566684291698, -0.000656861986499, 0.000804964045528, 0.000451021041954, 0.000601575011387, -0.00091973610688, 0.0012143899221, -0.00129122240469, 0.0033482296858, -0.00253358436748, 0.00989012327045]]
    },
    "spectral_contrast_coeffs": {
        "mean": [-0.650403320789, -0.721897423267, -0.809823870659, -0.800371289253, -0.773789644241, -0.732217729092],
        "stdev": [0.134366735816, 0.108927078545, 0.0672944784164, 0.0667997151613, 0.0711153075099, 0.0626706033945]
    },
    "spectral_contrast_valleys": {
        "mean": [-7.49342298508, -7.2053976059, -8.45508766174, -8.35747909546, -8.50326633453, -12.48320961],
        "stdev": [1.10451376438, 1.33713519573, 1.21954190731, 1.1226978302, 1.00412607193, 0.838408708572]
    }
},
"rhythm": {
    "beats_count": 117,
    "beats_loudness": {
        "mean": 0.0312794446945,
        "stdev": 0.0181231312454
    },
    "bpm": 108.706161499,
    "bpm_histogram_first_peak_bpm": 108,
    "bpm_histogram_first_peak_weight": 0.666666686535,
    "bpm_histogram_second_peak_bpm": 117,
    "bpm_histogram_second_peak_spread": 0.565217375755,
    "bpm_histogram_second_peak_weight": 0.0862068980932,
    "danceability": 1.43924856186,
    "onset_rate": 5.02067375183,
    "beats_loudness_band_ratio": {
        "mean": [0.416777670383, 0.269186228514, 0.246121540666, 0.0445656254888, 0.0524466112256, 0.0224557481706],
        "stdev": [0.238065555692, 0.174560755491, 0.214670985937, 0.0543522052467, 0.0579992048442, 0.0564103201032]
    },
    "beats_position": [0.580498874187, 1.18421769142, 1.78793644905, 2.39165520668, 2.94893407822, 3.51782298088, 4.08671188354, 4.57433080673, 5.06195020676, 5.56117916107, 6.07201814651, 6.57124710083, 7.08208608627, 7.59292507172, 8.10376358032, 8.6146030426, 9.14866161346, 9.69433116913, 10.2167797089, 10.774058342, 11.3313379288, 11.8770065308, 12.4226751328, 12.9799547195, 13.4675731659, 13.9435825348, 14.3963718414, 14.8375511169, 15.2787294388, 15.7199087143, 16.1843090057, 16.637096405, 17.0666656494, 17.5078449249, 17.9374141693, 18.3669834137, 18.8081626892, 19.3306121826, 19.8646717072, 20.3871192932, 20.8979587555, 21.4087982178, 21.9196376801, 22.4536952972, 22.9877548218, 23.5218143463, 24.0326519012, 24.5551013947, 25.1007709503, 25.6464385986, 26.1804981232, 26.7261676788, 27.2834453583, 27.8291149139, 28.3515644073, 28.8507938385, 29.3500213623, 29.8840808868, 30.4181404114, 30.9754180908, 31.567527771, 32.1364173889, 32.7517471313, 33.3670730591, 33.9824028015, 34.5977325439, 35.2246704102, 35.8400001526, 36.4669380188, 37.0822677612, 37.6627655029, 38.2432632446, 38.8005447388, 39.3578224182, 39.9151000977, 40.4956016541, 41.0644874573, 41.6333770752, 42.2138786316, 42.8175964355, 43.4097061157, 43.9553718567, 44.5126533508, 45.0699310303, 45.6272087097, 46.0683898926, 46.4863471985, 46.9159164429, 47.3338775635, 47.7518348694, 48.1581840515, 48.5761451721, 49.0637626648, 49.5629920959, 50.0622215271, 50.573059082, 51.1071205139, 51.6411781311, 52.1752357483, 52.6976852417, 53.2201347351, 53.6148757935, 54.0096130371, 54.392742157, 54.7758712769, 55.1590003967, 55.5421295166, 55.9252586365, 56.3083877563, 56.6915168762, 57.0862579346, 57.4926071167, 57.8873443604, 58.2936935425, 58.7000427246, 59.1180038452, 59.5127410889],
    "bpm_histogram": [0, 0, 0, 0, 0, 0, 0, 0, 0, 0, 0, 0, 0, 0, 0, 0, 0, 0, 0, 0, 0, 0, 0, 0, 0, 0, 0, 0, 0, 0, 0, 0, 0, 0, 0, 0, 0, 0, 0, 0, 0, 0, 0, 0, 0, 0, 0, 0, 0, 0, 0, 0, 0, 0, 0, 0, 0, 0, 0, 0, 0, 0, 0, 0, 0, 0, 0, 0, 0, 0, 0, 0, 0, 0, 0, 0, 0, 0, 0, 0, 0, 0, 0, 0, 0, 0, 0, 0, 0, 0, 0, 0, 0, 0, 0, 0, 0.0172413792461, 0, 0.051724139601, 0.0344827584922, 0, 0.0172413792461, 0, 0.0344827584922, 0, 0.0431034490466, 0, 0, 0.103448279202, 0, 0.0689655169845, 0, 0.0948275849223, 0, 0, 0.0603448264301, 0, 0.0862068980932, 0, 0, 0.051724139601, 0, 0, 0.0344827584922, 0, 0, 0.00862068962306, 0, 0, 0.00862068962306, 0, 0, 0, 0.0172413792461, 0, 0, 0.051724139601, 0, 0, 0, 0.0344827584922, 0, 0, 0, 0.0431034490466, 0, 0, 0, 0.0344827584922, 0, 0, 0, 0.0431034490466, 0, 0, 0, 0, 0.0603448264301, 0, 0, 0, 0, 0, 0, 0, 0, 0, 0, 0, 0, 0, 0, 0, 0, 0, 0, 0, 0, 0, 0, 0, 0, 0, 0, 0, 0, 0, 0, 0, 0, 0, 0, 0, 0, 0, 0, 0, 0, 0, 0, 0, 0, 0, 0, 0, 0, 0, 0, 0, 0, 0, 0, 0, 0, 0, 0, 0, 0, 0, 0, 0, 0, 0, 0, 0, 0, 0, 0, 0, 0, 0, 0, 0, 0, 0, 0, 0, 0, 0, 0, 0, 0, 0, 0, 0, 0, 0, 0, 0, 0]
},
"tonal": {
    "chords_changes_rate": 0.171296298504,
    "chords_number_rate": 0.0138888889924,
    "chords_strength": {
        "mean": 0.489761203527,
        "stdev": 0.104731716216
    },
    "hpcp_crest": {
        "mean": 12.7052364349,
        "stdev": 6.16719913483
    },
    "hpcp_entropy": {
        "mean": 2.13375020027,
        "stdev": 0.771334648132
    },
    "key_edma": {
        "strength": 0.568638861179,
        "key": "A#",
        "scale": "major"
    },
    "key_krumhansl": {
        "strength": 0.562709033489,
        "key": "A#",
        "scale": "major"
    },
    "key_temperley": {
        "strength": 0.553497672081,
        "key": "A#",
        "scale": "major"
    },
    "tuning_diatonic_strength": 0.368489772081,
    "tuning_equal_tempered_deviation": 0.207055315375,
    "tuning_frequency": 434.193115234,
    "tuning_nontempered_energy_ratio": 0.883638978004,
    "hpcp": {
        "mean": [0.138005554676, 0.11795425415, 0.112832672894, 0.128736749291, 0.131297975779, 0.115636110306, 0.105210773647, 0.105507835746, 0.114992402494, 0.112197555602, 0.100489877164, 0.0969393849373, 0.100135095417, 0.110007181764, 0.109508492053, 0.104644492269, 0.110212303698, 0.113805897534, 0.108442753553, 0.0974835082889, 0.0932665318251, 0.0839484706521, 0.080652281642, 0.134892940521, 0.191396072507, 0.150365486741, 0.0949608907104, 0.0956437289715, 0.10383208096, 0.110149644315, 0.115176580846, 0.116329655051, 0.124577395618, 0.134778350592, 0.13919788599, 0.145166710019],
        "stdev": [0.258015871048, 0.242319956422, 0.233796268702, 0.258085399866, 0.259027004242, 0.239527493715, 0.226079970598, 0.221111625433, 0.235622420907, 0.23114643991, 0.210964456201, 0.209323242307, 0.21614767611, 0.229634910822, 0.220381170511, 0.212267160416, 0.216196671128, 0.221081733704, 0.20303195715, 0.197560980916, 0.194176584482, 0.184433326125, 0.182831764221, 0.219934329391, 0.312038809061, 0.249080091715, 0.199328780174, 0.201490923762, 0.223583564162, 0.230125516653, 0.237550243735, 0.232156485319, 0.24495652318, 0.258579522371, 0.260469257832, 0.266424208879]
    },
    "chords_histogram": [15.2777776718, 3.85802459717, 3.78086423874, 4.78395080566, 0.154320985079, 1.92901229858, 9.95370388031, 3.00925922394, 0, 2.62345671654, 3.62654328346, 2.77777767181, 2.70061731339, 0.848765432835, 0.0771604925394, 0, 2.00617289543, 6.63580226898, 4.08950614929, 10.1851854324, 17.5925922394, 2.16049385071, 0, 1.92901229858],
    "thpcp": [1, 0.785624742508, 0.496148586273, 0.499716252089, 0.542498469353, 0.575506269932, 0.601770877838, 0.607795417309, 0.650887966156, 0.704185545444, 0.727276623249, 0.758462309837, 0.721046924591, 0.616283595562, 0.589524507523, 0.672619581223, 0.686001420021, 0.604171812534, 0.549701869488, 0.551253914833, 0.600808560848, 0.586206138134, 0.525036275387, 0.506485760212, 0.523182630539, 0.574761986732, 0.572156429291, 0.546743154526, 0.575833678246, 0.594609379768, 0.566588163376, 0.509328663349, 0.48729595542, 0.438611239195, 0.421389430761, 0.704784274101],
    "chords_key": "G#",
    "chords_scale": "major"
}
}