{
"metadata": {
    "version": {
        "essentia": "2.1-dev",
        "essentia_git_sha": "v2.1_beta3-415-gd5473f3",
        "extractor": "music 2.0"
    },
    "audio_properties": {
        "analysis": {
            "equal_loudness": 0,
            "length": 63.1902046204,
            "sample_rate": 44100,
            "start_time": 0,
            "downmix": "mix"
        },
        "bit_rate": 192000,
        "length": 63.1902046204,
        "lossless": 0,
        "number_channels": 2,
        "replay_gain": -8.16058349609,
        "sample_rate": 44100,
        "codec": "mp3",
        "md5_encoded": "41f0d3e4a95030106f1d01ce0a5d0600"
    },
    "tags": {
        "file_name": "tlfno_hombre_11.mp3",
        "date": ["2004"],
        "engineer": ["rosamerica tamyo"]
    }
},
"lowlevel": {
    "average_loudness": 0.944311022758,
    "barkbands_crest": {
        "mean": 11.9845647812,
        "stdev": 3.98424267769
    },
    "barkbands_flatness_db": {
        "mean": 0.245357960463,
        "stdev": 0.0807792618871
    },
    "barkbands_kurtosis": {
        "mean": 5.68690633774,
        "stdev": 16.6912822723
    },
    "barkbands_skewness": {
        "mean": 1.06629550457,
        "stdev": 1.79355669022
    },
    "barkbands_spread": {
        "mean": 21.9142990112,
        "stdev": 23.1018352509
    },
    "dissonance": {
        "mean": 0.442177772522,
        "stdev": 0.048208232969
    },
    "dynamic_complexity": 7.29097604752,
    "erbbands_crest": {
        "mean": 13.6385335922,
        "stdev": 4.94402980804
    },
    "erbbands_flatness_db": {
        "mean": 0.304939925671,
        "stdev": 0.0988261476159
    },
    "erbbands_kurtosis": {
        "mean": 2.98040223122,
        "stdev": 7.5392370224
    },
    "erbbands_skewness": {
        "mean": -0.143437385559,
        "stdev": 1.51946222782
    },
    "erbbands_spread": {
        "mean": 18.740568161,
        "stdev": 12.8065023422
    },
    "hfc": {
        "mean": 13.7647399902,
        "stdev": 19.1634140015
    },
    "loudness_ebu128": {
        "integrated": -17.5321159363,
        "loudness_range": 3.03827857971,
        "momentary": {
            "mean": -19.6475906372,
            "stdev": 5.03763532639
        },
        "short_term": {
            "mean": -18.0477924347,
            "stdev": 1.07361197472
        }
    },
    "melbands_crest": {
        "mean": 14.3087778091,
        "stdev": 5.01422691345
    },
    "melbands_flatness_db": {
        "mean": 0.303844213486,
        "stdev": 0.0944586023688
    },
    "melbands_kurtosis": {
        "mean": 6.3883805275,
        "stdev": 17.6465511322
    },
    "melbands_skewness": {
        "mean": 1.36148965359,
        "stdev": 1.77723908424
    },
    "melbands_spread": {
        "mean": 23.3765773773,
        "stdev": 18.7087745667
    },
    "pitch_salience": {
        "mean": 0.633630275726,
        "stdev": 0.115435868502
    },
    "silence_rate_20dB": {
        "mean": 1,
        "stdev": 0
    },
    "silence_rate_30dB": {
        "mean": 1,
        "stdev": 0
    },
    "silence_rate_60dB": {
        "mean": 0.421961069107,
        "stdev": 0.493867814541
    },
    "spectral_centroid": {
        "mean": 1247.13049316,
        "stdev": 623.431762695
    },
    "spectral_complexity": {
        "mean": 8.25743675232,
        "stdev": 6.91193628311
    },
    "spectral_decrease": {
        "mean": -3.30792149228e-09,
        "stdev": 4.37605152115e-09
    },
    "spectral_energy": {
        "mean": 0.0137333134189,
        "stdev": 0.0181412026286
    },
    "spectral_energyband_high": {
        "mean": 1.4019909031e-05,
        "stdev": 1.11073222797e-05
    },
    "spectral_energyband_low": {
        "mean": 6.18522744844e-06,
        "stdev": 3.29775175487e-05
    },
    "spectral_energyband_middle_high": {
        "mean": 0.00558327371255,
        "stdev": 0.00866948626935
    },
    "spectral_energyband_middle_low": {
        "mean": 0.00819074735045,
        "stdev": 0.0113898096606
    },
    "spectral_entropy": {
        "mean": 6.69701910019,
        "stdev": 0.663301289082
    },
    "spectral_flux": {
        "mean": 0.0640300810337,
        "stdev": 0.0527662299573
    },
    "spectral_kurtosis": {
        "mean": 33.9939689636,
        "stdev": 19.8318119049
    },
    "spectral_rms": {
        "mean": 0.00278946431354,
        "stdev": 0.00237007439137
    },
    "spectral_rolloff": {
        "mean": 3793.48950195,
        "stdev": 5718.11035156
    },
    "spectral_skewness": {
        "mean": 3.81339335442,
        "stdev": 1.22135698795
    },
    "spectral_spread": {
        "mean": 2653468.75,
        "stdev": 2136152
    },
    "spectral_strongpeak": {
        "mean": 1.42068588734,
        "stdev": 1.57074892521
    },
    "zerocrossingrate": {
        "mean": 0.12650410831,
        "stdev": 0.132522448897
    },
    "barkbands": {
        "mean": [6.67088158934e-07, 4.63541800855e-06, 7.37659661354e-07, 8.48067088555e-07, 0.000497569038998, 0.00134808418807, 0.00289235729724, 0.00253964890726, 0.00078654428944, 0.000323654297972, 0.000219123787247, 0.000427849096013, 0.000697060488164, 0.00105224119034, 0.00127288058866, 0.0011814389145, 0.000434100657003, 2.236869841e-05, 1.61395364557e-05, 1.13697763027e-06, 7.9110174056e-07, 5.09963342665e-07, 2.86462295662e-07, 2.42704373932e-07, 2.77062099485e-07, 9.92393367483e-08, 1.20271952255e-05],
        "stdev": [2.52710947279e-06, 2.95578774967e-05, 4.63112883153e-06, 4.30593399869e-06, 0.0015225665411, 0.00361303146929, 0.00614733668044, 0.00578892743215, 0.00215767160989, 0.000826329807751, 0.000926617474761, 0.00155238050502, 0.00217364868149, 0.00333786825649, 0.0035992693156, 0.00309707433917, 0.00117748626508, 9.42737751757e-05, 0.000126088096295, 6.32740375295e-06, 4.39814903075e-06, 3.34863170792e-06, 8.84020209924e-07, 2.24662329629e-07, 2.06048397899e-07, 2.03213886607e-07, 2.50169887295e-06]
    },
    "erbbands": {
        "mean": [0.00020932557527, 0.000751448678784, 0.00102116423659, 0.00575452623889, 0.219575852156, 2.10914182663, 6.33988952637, 12.7855091095, 30.9450454712, 55.1274261475, 47.347694397, 19.4227218628, 12.1686878204, 8.15988922119, 11.5508947372, 19.3793334961, 30.8382091522, 49.3284759521, 64.9630126953, 63.9007568359, 62.5112304688, 21.6807403564, 2.29666113853, 1.1184926033, 0.40905931592, 0.0634557753801, 0.041754219681, 0.0259812902659, 0.0190580934286, 0.012597521767, 0.00735290534794, 0.00544216437265, 0.00418741488829, 0.00288562709466, 0.00206411606632, 0.000886191613972, 6.6622014856e-05, 8.69047289598e-05, 0.000931981368922, 0.000329513131874],
        "stdev": [0.00124881672673, 0.00533031392843, 0.00482163624838, 0.0169591587037, 0.583412289619, 6.5030374527, 17.4664516449, 37.3418807983, 64.7352142334, 110.801475525, 111.099098206, 49.7658042908, 29.6803684235, 22.4990539551, 45.7398490906, 65.6203384399, 91.9505996704, 157.169464111, 178.516830444, 181.408004761, 148.903778076, 53.3512039185, 6.66409349442, 7.19934558868, 2.97189188004, 0.320928424597, 0.242347285151, 0.14728051424, 0.126269727945, 0.067948743701, 0.0211916062981, 0.00685862544924, 0.0036519067362, 0.00253913691267, 0.0014391890727, 0.00121245905757, 0.000304775341647, 2.86724880425e-05, 0.000239577915636, 6.03134067205e-05]
    },
    "gfcc": {
        "mean": [-190.920043945, 83.1124343872, -141.554931641, -59.4686813354, -33.8972167969, -38.8478240967, -62.1953773499, -10.096075058, 16.2679862976, -6.67234325409, 6.42437171936, -6.80958127975, 9.62460041046],
        "cov": [[6700.71582031, 3242.82617188, -2624.453125, -1781.61096191, -638.238525391, -815.933227539, -842.377685547, -256.676971436, -82.7134780884, -116.086761475, -254.878967285, 42.914478302, -132.078521729], [3242.82617188, 2281.09082031, -1142.70751953, -1375.23095703, -557.48840332, -599.575439453, -479.435333252, -183.150848389, -106.767471313, -187.299636841, -111.416137695, 59.2060508728, -22.1680469513], [-2624.453125, -1142.70751953, 1754.79614258, 990.145385742, -54.2807731628, 234.71987915, 329.127044678, 80.0781097412, -77.59740448, -56.6176567078, 44.6763076782, 67.8618469238, 188.190933228], [-1781.61096191, -1375.23095703, 990.145385742, 1431.71960449, 508.402648926, 170.623764038, 30.3843021393, 43.5709953308, 65.565246582, 33.6975784302, -61.4081916809, 36.7283630371, 162.374710083], [-638.238525391, -557.48840332, -54.2807731628, 508.402648926, 685.820129395, 109.804672241, -191.519226074, -41.6743736267, 157.388092041, 67.8490219116, -38.9432144165, -31.7748184204, 36.1592063904], [-815.933227539, -599.575439453, 234.71987915, 170.623764038, 109.804672241, 514.307373047, 422.227600098, 84.0445022583, 3.99308943748, 113.753730774, 68.2246017456, -67.0539474487, -78.3029174805], [-842.377685547, -479.435333252, 329.127044678, 30.3843021393, -191.519226074, 422.227600098, 716.35748291, 263.128845215, -110.958969116, -23.4594154358, 107.216743469, -26.0494403839, -107.495788574], [-256.676971436, -183.150848389, 80.0781097412, 43.5709953308, -41.6743736267, 84.0445022583, 263.128845215, 282.626159668, 12.9101161957, -98.3469619751, -0.0654876604676, 22.9622364044, -19.3751354218], [-82.7134780884, -106.767471313, -77.59740448, 65.565246582, 157.388092041, 3.99308943748, -110.958969116, 12.9101161957, 223.513656616, 140.126739502, -36.8024101257, -50.4697608948, 10.6153783798], [-116.086761475, -187.299636841, -56.6176567078, 33.6975784302, 67.8490219116, 113.753730774, -23.4594154358, -98.3469619751, 140.126739502, 322.045410156, 123.273521423, -86.8531799316, -70.1669616699], [-254.878967285, -111.416137695, 44.6763076782, -61.4081916809, -38.9432144165, 68.2246017456, 107.216743469, -0.0654876604676, -36.8024101257, 123.273521423, 221.380828857, 19.0554618835, -66.8918380737], [42.914478302, 59.2060508728, 67.8618469238, 36.7283630371, -31.7748184204, -67.0539474487, -26.0494403839, 22.9622364044, -50.4697608948, -86.8531799316, 19.0554618835, 120.138412476, 69.2438430786], [-132.078521729, -22.1680469513, 188.190933228, 162.374710083, 36.1592063904, -78.3029174805, -107.495788574, -19.3751354218, 10.6153783798, -70.1669616699, -66.8918380737, 69.2438430786, 140.240890503]],
        "icov": [[0.00266364961863, -0.00363801675849, 0.00388665637001, -0.00377333466895, 0.00348760536872, -0.00286273634993, 0.00233572209254, -0.00157190207392, 0.00106132088695, -0.000810186553281, 0.000429113628343, -0.000291480973829, 2.53238558798e-05], [-0.00363801675849, 0.00725464476272, -0.00504021858796, 0.00695522734895, -0.00436617387459, 0.00504030380398, -0.00267058843747, 0.0023503950797, -0.000470317143481, 0.00049737788504, 0.00105556077324, -0.000846496492159, -0.000145370606333], [0.00388665637001, -0.00504021858796, 0.00814901571721, -0.00762721709907, 0.00765581894666, -0.00546685233712, 0.00326913152821, -0.00051646126667, -0.0011942271376, 0.00291056721471, -0.0033675651066, 0.00256142835133, -0.0031567257829], [-0.00377333466895, 0.00695522734895, -0.00762721709907, 0.0105021214113, -0.00855643115938, 0.00684021925554, -0.00345384841785, -0.000262372603174, 0.00404636049643, -0.00564341852441, 0.00596983358264, -0.00376347429119, 0.000538659689482], [0.00348760536872, -0.00436617387459, 0.00765581894666, -0.00855643115938, 0.011553298682, -0.00826196465641, 0.00611008889973, 0.000440763222286, -0.00547034433112, 0.0075738443993, -0.00634085480124, 0.00383401708677, -0.0013336695265], [-0.00286273634993, 0.00504030380398, -0.00546685233712, 0.00684021925554, -0.00826196465641, 0.0125450445339, -0.00892311241478, 0.00255320733413, 0.00257821101695, -0.00623418716714, 0.00572967762128, -0.00302345212549, 0.00107610598207], [0.00233572209254, -0.00267058843747, 0.00326913152821, -0.00345384841785, 0.00611008889973, -0.00892311241478, 0.0116254119202, -0.00738010136411, 0.00365749606863, 0.000329722795868, -0.0014585678, 0.00162141351029, 0.00111533165909], [-0.00157190207392, 0.0023503950797, -0.00051646126667, -0.000262372603174, 0.000440763222286, 0.00255320733413, -0.00738010136411, 0.0150733627379, -0.0134110068902, 0.012598792091, -0.00650741858408, 0.000393221853301, 0.00164609774947], [0.00106132088695, -0.000470317143481, -0.0011942271376, 0.00404636049643, -0.00547034433112, 0.00257821101695, 0.00365749606863, -0.0134110068902, 0.0252462662756, -0.0225659925491, 0.0152883427218, -0.00424309819937, -0.00217079394497], [-0.000810186553281, 0.00049737788504, 0.00291056721471, -0.00564341852441, 0.0075738443993, -0.00623418716714, 0.000329722795868, 0.012598792091, -0.0225659925491, 0.0299223959446, -0.0216865800321, 0.0127417268232, -0.00145235541277], [0.000429113628343, 0.00105556077324, -0.0033675651066, 0.00596983358264, -0.00634085480124, 0.00572967762128, -0.0014585678, -0.00650741858408, 0.0152883427218, -0.0216865800321, 0.0243069082499, -0.0162056069821, 0.00858258735389], [-0.000291480973829, -0.000846496492159, 0.00256142835133, -0.00376347429119, 0.00383401708677, -0.00302345212549, 0.00162141351029, 0.000393221853301, -0.00424309819937, 0.0127417268232, -0.0162056069821, 0.0269028507173, -0.01518432796], [2.53238558798e-05, -0.000145370606333, -0.0031567257829, 0.000538659689482, -0.0013336695265, 0.00107610598207, 0.00111533165909, 0.00164609774947, -0.00217079394497, -0.00145235541277, 0.00858258735389, -0.01518432796, 0.0237994845957]]
    },
    "melbands": {
        "mean": [1.54215376824e-06, 6.3722853838e-07, 1.91222056856e-06, 7.17715520295e-05, 0.000202033188543, 0.000279842352029, 0.000519980327226, 0.000621717423201, 0.00034241436515, 0.000106173021777, 5.83648761676e-05, 3.26122935803e-05, 3.39318248734e-05, 4.60659175587e-05, 5.93200566072e-05, 7.3089307989e-05, 9.29024754441e-05, 0.00010249135812, 9.42282786127e-05, 7.92392966105e-05, 7.3293747846e-05, 2.73484456557e-05, 3.09670326715e-06, 9.31682222927e-07, 8.99095482509e-07, 4.96517543525e-07, 6.92276032055e-08, 3.04277811836e-08, 2.81710281769e-08, 1.84420496652e-08, 1.36063844636e-08, 1.10224638306e-08, 9.01046259827e-09, 6.19212503494e-09, 4.14711065488e-09, 3.73265729436e-09, 3.2084257473e-09, 2.91599966395e-09, 2.64104627057e-09, 2.32620611662e-09],
        "stdev": [9.49757304625e-06, 3.65199207408e-06, 5.97298230787e-06, 0.000217537599383, 0.000530790886842, 0.000770829443354, 0.00107743637636, 0.00122011755593, 0.000814797938801, 0.000280519889202, 0.000145981990499, 8.99866427062e-05, 0.000142889402923, 0.000178322021384, 0.000207352568395, 0.000233110666159, 0.000316956342431, 0.000300993677229, 0.000273441750323, 0.00023995617812, 0.00017772767751, 7.25440550013e-05, 1.08046169771e-05, 4.43796761829e-06, 6.53832876196e-06, 4.24667905463e-06, 3.69434758341e-07, 1.8163483162e-07, 1.7810454267e-07, 1.02938393809e-07, 7.98314019335e-08, 7.63420828775e-08, 5.88768926946e-08, 2.89961672451e-08, 1.25227925807e-08, 7.42715000612e-09, 3.37879257906e-09, 2.63177413196e-09, 2.58352872429e-09, 2.04436201301e-09]
    },
    "melbands128": {
        "mean": [5.52734036319e-07, 1.91957133211e-06, 1.87423142961e-06, 1.00956856386e-06, 4.92096603466e-07, 3.55552487008e-07, 2.79729590602e-07, 5.19202046689e-07, 8.15616112959e-06, 5.10798818141e-05, 0.000114671762276, 0.000159033035743, 0.000205217307666, 0.000277169514447, 0.000294428318739, 0.000262829620624, 0.000285096466541, 0.000600054452661, 0.000757671659812, 0.000581136613619, 0.000646919128485, 0.000540727225598, 0.000281232583802, 0.000179284441401, 0.000123788704514, 7.53699496272e-05, 6.49554494885e-05, 6.15065728198e-05, 5.04334311699e-05, 3.42346502293e-05, 2.68882613454e-05, 2.64017198788e-05, 3.4424901969e-05, 3.77318538085e-05, 4.24102581746e-05, 5.00049354741e-05, 5.00372516399e-05, 5.63349494769e-05, 7.01847675373e-05, 6.3563187723e-05, 7.15458081686e-05, 8.66084155859e-05, 9.49350724113e-05, 9.68942331383e-05, 9.15514174267e-05, 0.000104521604953, 0.00011348281987, 9.8429445643e-05, 8.25977913337e-05, 8.95375997061e-05, 7.43388372939e-05, 7.46908553992e-05, 7.94811276137e-05, 7.69284015405e-05, 5.16699037689e-05, 2.08805358852e-05, 8.26566338219e-06, 3.47587888427e-06, 1.67027542375e-06, 1.04759124042e-06, 9.20180809771e-07, 7.98058636065e-07, 8.06791888408e-07, 9.78284333542e-07, 9.70209157458e-07, 5.30423960754e-07, 1.99715017857e-07, 8.6493351148e-08, 4.50691288734e-08, 3.32123875069e-08, 2.8041236888e-08, 3.00710105705e-08, 3.22118296481e-08, 2.8867544799e-08, 2.2609102146e-08, 1.86511552869e-08, 1.69853464627e-08, 1.4941225146e-08, 1.32714230716e-08, 1.22074750308e-08, 1.12824380949e-08, 1.06895372554e-08, 9.68138991198e-09, 9.56045465017e-09, 7.91265097888e-09, 6.22918960858e-09, 5.92063686966e-09, 5.21173770807e-09, 3.6576679463e-09, 3.57272189611e-09, 4.56151294514e-09, 3.58582430415e-09, 2.70443090145e-09, 3.60676799538e-09, 3.32776362022e-09, 2.37188535479e-09, 3.25837823389e-09, 3.01624747401e-09, 2.21638529752e-09, 2.98804625487e-09, 2.23862950399e-09, 2.16243067896e-09, 2.54107934694e-09, 1.96176075384e-09, 2.69186983815e-09, 2.11114414839e-09, 2.42146191987e-09, 2.3044803843e-09, 2.02750305434e-09, 5.96401816821e-10, 8.46239744945e-11, 7.59466170508e-11, 7.4120452831e-11, 1.0612893897e-10, 1.50986612102e-10, 1.43153239263e-10, 1.06343524264e-10, 1.93823186667e-11, 2.02637004398e-11, 1.99516003718e-09, 3.51526132647e-08, 4.61703777432e-08, 1.26360262698e-07, 2.24018307904e-07, 2.79847043316e-08, 2.72392455258e-08, 1.50472256877e-09, 5.92731809815e-12],
        "stdev": [2.41048292082e-06, 1.10363771455e-05, 1.36648404805e-05, 7.35876210456e-06, 2.76423725154e-06, 2.57932219938e-06, 2.9318352972e-06, 1.96713654077e-06, 2.76161044894e-05, 0.000162281852681, 0.00041453060112, 0.000633675255813, 0.000684796425048, 0.0010458829347, 0.00113568699453, 0.000932933238801, 0.000760641763918, 0.00161465187557, 0.00218322291039, 0.00154293642845, 0.00186140858568, 0.00156623590738, 0.000919568294194, 0.00070881441934, 0.000410741835367, 0.000269020878477, 0.000222619913984, 0.000193748724996, 0.000175299341208, 0.000107291649329, 0.00010287702753, 0.000128903615405, 0.000198369147256, 0.000178186601261, 0.000224650983, 0.0002454892674, 0.000209093632293, 0.0002551873622, 0.000305515626678, 0.000246489216806, 0.000285135582089, 0.000382067752071, 0.000400148914196, 0.000418058683863, 0.000346352084307, 0.000392446585465, 0.000443873315817, 0.000380193116143, 0.000312966265483, 0.000409418047639, 0.000285038317088, 0.000268524396233, 0.000232782986131, 0.0002161518496, 0.00015772759798, 6.71813904773e-05, 3.13697710226e-05, 1.44165660458e-05, 7.73586907599e-06, 4.23444862463e-06, 5.30607940163e-06, 5.75125523028e-06, 5.93484264755e-06, 8.38702635519e-06, 9.36606011237e-06, 5.2967470765e-06, 1.27492194224e-06, 5.4257714055e-07, 2.37217037125e-07, 2.37487881805e-07, 1.54677337605e-07, 1.8693650361e-07, 2.44080212042e-07, 1.89177058019e-07, 1.37723148441e-07, 1.04384028532e-07, 1.05853828813e-07, 8.84301059045e-08, 7.8287214933e-08, 7.98836978788e-08, 7.91031808944e-08, 7.74776793833e-08, 7.45598640606e-08, 6.14713968616e-08, 5.62550503957e-08, 3.55647351569e-08, 2.03143830646e-08, 1.61463340476e-08, 1.19301226675e-08, 1.20399317183e-08, 1.0642124515e-08, 5.83968562395e-09, 4.34129399096e-09, 3.77381015326e-09, 3.63465990638e-09, 2.65282062983e-09, 3.13912140726e-09, 2.9675200075e-09, 2.4748822991e-09, 3.1401052869e-09, 2.53558973817e-09, 2.14698681056e-09, 2.01548577827e-09, 1.59405633138e-09, 2.065782434e-09, 1.70903113883e-09, 1.89766025116e-09, 2.20668217032e-09, 2.37927899605e-09, 3.86092757765e-09, 1.43533107622e-09, 1.61774094121e-09, 9.17976694659e-10, 3.97805427488e-10, 5.01796326713e-10, 3.72888886435e-10, 2.79317263763e-10, 6.72956551595e-11, 8.20248244326e-11, 2.59472043851e-09, 1.80539014849e-08, 1.84372357381e-08, 2.81927583501e-08, 5.04052870554e-08, 1.69416036755e-08, 1.66721427775e-08, 1.84755244437e-09, 5.5919897185e-11]
    },
    "mfcc": {
        "mean": [-848.690979004, 161.68661499, -54.8688011169, -27.5046672821, 15.1302938461, -31.889673233, -48.7612533569, -19.7077064514, -8.63866043091, -2.52753734589, -0.608861386776, 0.718223392963, 5.66757202148],
        "cov": [[7292.08544922, 3363.28613281, -2423.64208984, -1402.8013916, -716.710021973, -842.426818848, -1022.29205322, -547.162353516, -355.326049805, -325.363586426, -192.180755615, -78.9187545776, -58.6456832886], [3363.28613281, 2513.64770508, -970.231994629, -1124.72546387, -634.680908203, -697.647949219, -572.996948242, -298.650726318, -283.687713623, -289.929504395, -157.138000488, -54.9401817322, -31.2500610352], [-2423.64208984, -970.231994629, 1639.12109375, 632.551757812, -138.698654175, 179.324554443, 421.792022705, 230.364227295, 124.379844666, -1.71329760551, -92.7133331299, 7.28402328491, 17.6616840363], [-1402.8013916, -1124.72546387, 632.551757812, 1008.84301758, 554.976745605, 183.131347656, 13.2533855438, 77.7716293335, 141.05027771, 16.7964019775, -133.636413574, -115.144493103, 1.06089663506], [-716.710021973, -634.680908203, -138.698654175, 554.976745605, 869.527648926, 237.905761719, -251.873092651, -132.614074707, 81.5630722046, 61.2598495483, -60.8614196777, -113.944114685, -12.1089801788], [-842.426818848, -697.647949219, 179.324554443, 183.131347656, 237.905761719, 519.344909668, 223.549499512, -59.6369094849, 78.0470657349, 173.477676392, 117.091186523, 63.7547111511, 5.49598169327], [-1022.29205322, -572.996948242, 421.792022705, 13.2533855438, -251.873092651, 223.549499512, 631.442687988, 339.174316406, 24.3985671997, 72.2393493652, 164.979217529, 124.818214417, 20.3307933807], [-547.162353516, -298.650726318, 230.364227295, 77.7716293335, -132.614074707, -59.6369094849, 339.174316406, 461.41204834, 158.592407227, -49.2614250183, -12.6492500305, 52.4194564819, -1.62259054184], [-355.326049805, -283.687713623, 124.379844666, 141.05027771, 81.5630722046, 78.0470657349, 24.3985671997, 158.592407227, 272.859954834, 79.3181915283, -46.2874679565, 8.15049362183, -17.6715278625], [-325.363586426, -289.929504395, -1.71329760551, 16.7964019775, 61.2598495483, 173.477676392, 72.2393493652, -49.2614250183, 79.3181915283, 243.245819092, 175.932983398, 34.3225746155, -6.84629297256], [-192.180755615, -157.138000488, -92.7133331299, -133.636413574, -60.8614196777, 117.091186523, 164.979217529, -12.6492500305, -46.2874679565, 175.932983398, 279.591674805, 117.645896912, 2.52690649033], [-78.9187545776, -54.9401817322, 7.28402328491, -115.144493103, -113.944114685, 63.7547111511, 124.818214417, 52.4194564819, 8.15049362183, 34.3225746155, 117.645896912, 153.954788208, 45.1459732056], [-58.6456832886, -31.2500610352, 17.6616840363, 1.06089663506, -12.1089801788, 5.49598169327, 20.3307933807, -1.62259054184, -17.6715278625, -6.84629297256, 2.52690649033, 45.1459732056, 110.020782471]],
        "icov": [[0.00111419765744, -0.00135305989534, 0.00165965093765, -0.00179612368811, 0.00187437201384, -0.00137561571319, 0.00113702472299, -0.000848821830004, 0.000899205100723, -0.000862741610035, 0.000956988777034, -0.000704784994014, 0.000370837806258], [-0.00135305989534, 0.00392942782491, -0.00181325944141, 0.00411880901083, -0.00178302824497, 0.00295938085765, -0.000468277663458, 0.00170599785633, -0.000810359546449, 0.00170511554461, -0.000249470584095, 0.000984447076917, -8.42973713588e-06], [0.00165965093765, -0.00181325944141, 0.00400242907926, -0.00387422996573, 0.00362776708789, -0.00152142252773, 0.00015844515292, 5.40946748515e-05, 0.000720975222066, -0.00138965819497, 0.00264431908727, -0.00172442605253, 0.000887467060238], [-0.00179612368811, 0.00411880901083, -0.00387422996573, 0.00784794054925, -0.00503103854135, 0.0037514581345, -0.00136770389508, 0.00160484889057, -0.00140843458939, 0.00171886431053, -0.000437761773355, 0.0021133236587, -0.00068235915387], [0.00187437201384, -0.00178302824497, 0.00362776708789, -0.00503103854135, 0.00832460727543, -0.00691632041708, 0.00765732722357, -0.00561594590545, 0.00378080457449, -0.00103519996628, -0.000331994640874, 0.00150470144581, -0.000344256754033], [-0.00137561571319, 0.00295938085765, -0.00152142252773, 0.0037514581345, -0.00691632041708, 0.0142221031711, -0.0137550188228, 0.0141023183241, -0.00894365925342, 0.00194376287982, 0.00201378040947, -0.00340606155805, 0.00162930472288], [0.00113702472299, -0.000468277663458, 0.00015844515292, -0.00136770389508, 0.00765732722357, -0.0137550188228, 0.0218518562615, -0.0203281138092, 0.0146870287135, -0.00612988369539, -0.000758630107157, 0.00139358907472, -0.000923936837353], [-0.000848821830004, 0.00170599785633, 5.40946748515e-05, 0.00160484889057, -0.00561594590545, 0.0141023183241, -0.0203281138092, 0.0252031031996, -0.0201952774078, 0.013432091102, -0.0051801353693, 0.00131171103567, -1.36681728691e-05], [0.000899205100723, -0.000810359546449, 0.000720975222066, -0.00140843458939, 0.00378080457449, -0.00894365925342, 0.0146870287135, -0.0201952774078, 0.026426250115, -0.0224707648158, 0.0177411902696, -0.0108218342066, 0.00487746251747], [-0.000862741610035, 0.00170511554461, -0.00138965819497, 0.00171886431053, -0.00103519996628, 0.00194376287982, -0.00612988369539, 0.013432091102, -0.0224707648158, 0.0331977419555, -0.0280028190464, 0.0175040662289, -0.00673216255382], [0.000956988777034, -0.000249470584095, 0.00264431908727, -0.000437761773355, -0.000331994640874, 0.00201378040947, -0.000758630107157, -0.0051801353693, 0.0177411902696, -0.0280028190464, 0.033788729459, -0.0219959355891, 0.00930246524513], [-0.000704784994014, 0.000984447076917, -0.00172442605253, 0.0021133236587, 0.00150470144581, -0.00340606155805, 0.00139358907472, 0.00131171103567, -0.0108218342066, 0.0175040662289, -0.0219959355891, 0.0256240833551, -0.0104004126042], [0.000370837806258, -8.42973713588e-06, 0.000887467060238, -0.00068235915387, -0.000344256754033, 0.00162930472288, -0.000923936837353, -1.36681728691e-05, 0.00487746251747, -0.00673216255382, 0.00930246524513, -0.0104004126042, 0.0136183854192]]
    },
    "spectral_contrast_coeffs": {
        "mean": [-0.609792053699, -0.725666344166, -0.80253225565, -0.760135173798, -0.735413730145, -0.86484336853],
        "stdev": [0.149870887399, 0.102990597486, 0.0856975540519, 0.088810287416, 0.0985866263509, 0.03100011684]
    },
    "spectral_contrast_valleys": {
        "mean": [-10.2012805939, -7.57816648483, -8.74697494507, -8.2904176712, -10.0985155106, -12.4490814209],
        "stdev": [0.627145648003, 1.38842713833, 1.35877180099, 1.30383372307, 0.683673739433, 0.410535931587]
    }
},
"rhythm": {
    "beats_count": 106,
    "beats_loudness": {
        "mean": 0.0220636017621,
        "stdev": 0.0213794540614
    },
    "bpm": 93.4701766968,
    "bpm_histogram_first_peak_bpm": 94,
    "bpm_histogram_first_peak_weight": 0.657142877579,
    "bpm_histogram_second_peak_bpm": 99,
    "bpm_histogram_second_peak_spread": 0.307692289352,
    "bpm_histogram_second_peak_weight": 0.0857142880559,
    "danceability": 1.43073880672,
    "onset_rate": 4.09779548645,
    "beats_loudness_band_ratio": {
        "mean": [0.00990384351462, 0.156524762511, 0.425857335329, 0.143959790468, 0.258803516626, 0.0348703041673],
        "stdev": [0.0444335229695, 0.194444164634, 0.266178548336, 0.158151462674, 0.244320511818, 0.113402411342]
    },
    "beats_position": [0.638548731804, 1.27709746361, 1.91564619541, 2.55419492722, 3.07664394379, 3.61070299149, 4.14476203918, 4.67882061005, 5.21287965775, 5.73532867432, 6.24616765976, 6.76861667633, 7.2910656929, 7.95283412933, 8.62621307373, 9.32281208038, 10.0078001022, 10.6579589844, 11.3081178665, 11.9698867798, 12.6316547394, 13.2934236526, 14.0016326904, 14.7214508057, 15.4644899368, 16.2307472229, 16.9737873077, 17.7168254852, 18.4366436005, 19.1564617157, 19.8066215515, 20.45677948, 21.0024490356, 21.548116684, 22.1053962708, 22.5697956085, 23.0341949463, 23.4869842529, 23.9629936218, 24.4506111145, 24.9266204834, 25.3910198212, 25.8670291901, 26.3546485901, 26.8538761139, 27.3414955139, 27.8407249451, 28.3283443451, 28.804353714, 29.2803630829, 29.7563705444, 30.2091598511, 30.6619491577, 31.1379585266, 31.6255779266, 32.1131973267, 32.7285270691, 33.3554649353, 33.9591827393, 34.5745124817, 35.1782302856, 35.7819480896, 36.3856697083, 36.9777755737, 37.5814971924, 38.1968231201, 38.8121528625, 39.427482605, 40.0544204712, 40.6929702759, 41.3315200806, 42.0281181335, 42.7014961243, 43.3284339905, 43.9669837952, 44.6055335999, 45.2556915283, 45.9174575806, 46.5560073853, 47.2177772522, 47.7634468079, 48.3207244873, 48.8780021667, 49.4585037231, 50.0506095886, 50.6543312073, 51.2580490112, 51.8501586914, 52.4074363708, 52.9763259888, 53.5219955444, 54.0676651001, 54.6017227173, 55.1241722107, 55.6350097656, 56.1458511353, 56.7495689392, 57.3532867432, 57.9918365479, 58.6419944763, 59.2921524048, 59.9423103333, 60.5808601379, 61.2194099426, 61.8579597473, 62.4848976135],
    "bpm_histogram": [0, 0, 0, 0, 0, 0, 0, 0, 0, 0, 0, 0, 0, 0, 0, 0, 0, 0, 0, 0, 0, 0, 0, 0, 0, 0, 0, 0, 0, 0, 0, 0, 0, 0, 0, 0, 0, 0, 0, 0, 0, 0, 0, 0, 0, 0, 0, 0, 0, 0, 0, 0, 0, 0, 0, 0, 0, 0, 0, 0, 0, 0, 0, 0, 0, 0, 0, 0, 0, 0, 0, 0, 0, 0, 0, 0, 0, 0, 0.00952380988747, 0, 0, 0.0285714287311, 0, 0.0285714287311, 0, 0.00952380988747, 0.0190476197749, 0, 0.00952380988747, 0.0190476197749, 0, 0.0571428574622, 0.0761904790998, 0, 0.114285714924, 0, 0.0380952395499, 0, 0.047619048506, 0.0857142880559, 0, 0.0285714287311, 0, 0.00952380988747, 0, 0.00952380988747, 0, 0, 0.0380952395499, 0, 0.047619048506, 0, 0.047619048506, 0, 0, 0.047619048506, 0, 0.0285714287311, 0, 0, 0.0190476197749, 0, 0, 0.0571428574622, 0, 0, 0.0666666701436, 0, 0, 0.0285714287311, 0, 0, 0, 0.0285714287311, 0, 0, 0, 0, 0, 0, 0, 0, 0, 0, 0, 0, 0, 0, 0, 0, 0, 0, 0, 0, 0, 0, 0, 0, 0, 0, 0, 0, 0, 0, 0, 0, 0, 0, 0, 0, 0, 0, 0, 0, 0, 0, 0, 0, 0, 0, 0, 0, 0, 0, 0, 0, 0, 0, 0, 0, 0, 0, 0, 0, 0, 0, 0, 0, 0, 0, 0, 0, 0, 0, 0, 0, 0, 0, 0, 0, 0, 0, 0, 0, 0, 0, 0, 0, 0, 0, 0, 0, 0, 0, 0, 0, 0, 0, 0, 0, 0, 0, 0, 0, 0, 0, 0, 0, 0, 0, 0, 0, 0, 0, 0, 0, 0, 0, 0, 0]
},
"tonal": {
    "chords_changes_rate": 0.16299559176,
    "chords_number_rate": 0.0110132154077,
    "chords_strength": {
        "mean": 0.444307118654,
        "stdev": 0.10476886481
    },
    "hpcp_crest": {
        "mean": 12.377948761,
        "stdev": 5.51132106781
    },
    "hpcp_entropy": {
        "mean": 2.12205433846,
        "stdev": 0.754435002804
    },
    "key_edma": {
        "strength": 0.33399567008,
        "key": "G",
        "scale": "minor"
    },
    "key_krumhansl": {
        "strength": 0.330895900726,
        "key": "G",
        "scale": "minor"
    },
    "key_temperley": {
        "strength": 0.30592378974,
        "key": "G",
        "scale": "minor"
    },
    "tuning_diatonic_strength": 0.283816277981,
    "tuning_equal_tempered_deviation": 0.251023262739,
    "tuning_frequency": 435.700531006,
    "tuning_nontempered_energy_ratio": 0.900713682175,
    "hpcp": {
        "mean": [0.177934840322, 0.194030582905, 0.207521215081, 0.202648341656, 0.2158382833, 0.20489141345, 0.173741549253, 0.165251687169, 0.176444217563, 0.185639485717, 0.182178199291, 0.195957735181, 0.19244633615, 0.176363632083, 0.199002802372, 0.201654672623, 0.179609462619, 0.154078006744, 0.136827304959, 0.126967012882, 0.123074345291, 0.127395361662, 0.109461419284, 0.0948094576597, 0.0997877940536, 0.123110719025, 0.120286107063, 0.105627834797, 0.113723956048, 0.132920846343, 0.153229266405, 0.149445056915, 0.12893243134, 0.132226377726, 0.17042529583, 0.18744687736],
        "stdev": [0.255878269672, 0.28041139245, 0.295591384172, 0.273872584105, 0.30258372426, 0.279491186142, 0.263477623463, 0.250497072935, 0.255657762289, 0.263358831406, 0.244552984834, 0.264456927776, 0.266040951014, 0.237908482552, 0.27209046483, 0.261919766665, 0.246587514877, 0.228914499283, 0.215124666691, 0.213925629854, 0.214937612414, 0.225748032331, 0.203255370259, 0.1780462116, 0.172885671258, 0.20663382113, 0.211552768946, 0.193591818213, 0.19377411902, 0.208392828703, 0.237868711352, 0.230393067002, 0.211416348815, 0.214375212789, 0.258380204439, 0.27294999361]
    },
    "chords_histogram": [20.9251098633, 0.660792946815, 0.0734214410186, 5.94713640213, 0.513950049877, 0.146842882037, 0, 10.6461086273, 2.71659326553, 1.02790009975, 5.65345096588, 10.0587368011, 0.881057262421, 0, 7.56240844727, 0.513950049877, 1.02790009975, 6.38766527176, 6.68135118484, 1.76211452484, 2.42290759087, 11.6740083694, 2.34948611259, 0.367107182741],
    "thpcp": [1, 0.949282050133, 0.804961681366, 0.765627324581, 0.81748342514, 0.860086023808, 0.84404951334, 0.907891452312, 0.891622781754, 0.817110061646, 0.921999573708, 0.93428593874, 0.832148313522, 0.713858544827, 0.633934378624, 0.588250637054, 0.570215523243, 0.590235233307, 0.507145524025, 0.439261555672, 0.462326675653, 0.570384085178, 0.557297348976, 0.489384144545, 0.526894271374, 0.615835368633, 0.709926247597, 0.692393660545, 0.597356617451, 0.612617790699, 0.789597153664, 0.868459820747, 0.824389636517, 0.898962795734, 0.961466193199, 0.938889682293],
    "chords_key": "G",
    "chords_scale": "minor"
}
}