{
"metadata": {
    "version": {
        "essentia": "2.1-dev",
        "essentia_git_sha": "v2.1_beta3-415-gd5473f3",
        "extractor": "music 2.0"
    },
    "audio_properties": {
        "analysis": {
            "equal_loudness": 0,
            "length": 62.1975517273,
            "sample_rate": 44100,
            "start_time": 0,
            "downmix": "mix"
        },
        "bit_rate": 192000,
        "length": 62.1975517273,
        "lossless": 0,
        "number_channels": 2,
        "replay_gain": -5.38116836548,
        "sample_rate": 44100,
        "codec": "mp3",
        "md5_encoded": "8056b28fd00c063a737d91010fc4b058"
    },
    "tags": {
        "file_name": "tlfno_hombres_06.mp3",
        "date": ["2004"],
        "engineer": ["rosamerica tamyo"]
    }
},
"lowlevel": {
    "average_loudness": 0.972031652927,
    "barkbands_crest": {
        "mean": 11.2715024948,
        "stdev": 4.53753900528
    },
    "barkbands_flatness_db": {
        "mean": 0.290971189737,
        "stdev": 0.0637217909098
    },
    "barkbands_kurtosis": {
        "mean": 4.93053722382,
        "stdev": 11.9006767273
    },
    "barkbands_skewness": {
        "mean": 0.730069935322,
        "stdev": 1.61329114437
    },
    "barkbands_spread": {
        "mean": 17.0683937073,
        "stdev": 17.8560428619
    },
    "dissonance": {
        "mean": 0.45966014266,
        "stdev": 0.0399786829948
    },
    "dynamic_complexity": 4.40341663361,
    "erbbands_crest": {
        "mean": 12.0512428284,
        "stdev": 4.55702400208
    },
    "erbbands_flatness_db": {
        "mean": 0.369639515877,
        "stdev": 0.0815344452858
    },
    "erbbands_kurtosis": {
        "mean": 2.63236308098,
        "stdev": 7.6546216011
    },
    "erbbands_skewness": {
        "mean": -0.397806972265,
        "stdev": 1.30189538002
    },
    "erbbands_spread": {
        "mean": 14.6315469742,
        "stdev": 10.17096138
    },
    "hfc": {
        "mean": 17.3992481232,
        "stdev": 20.5807247162
    },
    "loudness_ebu128": {
        "integrated": -19.6999931335,
        "loudness_range": 1.7142124176,
        "momentary": {
            "mean": -20.1926898956,
            "stdev": 2.29328870773
        },
        "short_term": {
            "mean": -19.7581977844,
            "stdev": 0.554823637009
        }
    },
    "melbands_crest": {
        "mean": 12.6138143539,
        "stdev": 4.98700714111
    },
    "melbands_flatness_db": {
        "mean": 0.342344611883,
        "stdev": 0.0861156731844
    },
    "melbands_kurtosis": {
        "mean": 3.45488238335,
        "stdev": 10.5492448807
    },
    "melbands_skewness": {
        "mean": 0.730862498283,
        "stdev": 1.65997493267
    },
    "melbands_spread": {
        "mean": 18.3377017975,
        "stdev": 12.306807518
    },
    "pitch_salience": {
        "mean": 0.695329189301,
        "stdev": 0.153257399797
    },
    "silence_rate_20dB": {
        "mean": 1,
        "stdev": 0
    },
    "silence_rate_30dB": {
        "mean": 1,
        "stdev": 0
    },
    "silence_rate_60dB": {
        "mean": 0.330597013235,
        "stdev": 0.470426917076
    },
    "spectral_centroid": {
        "mean": 1366.36633301,
        "stdev": 703.47467041
    },
    "spectral_complexity": {
        "mean": 11.1332092285,
        "stdev": 8.62472724915
    },
    "spectral_decrease": {
        "mean": -4.15317202851e-09,
        "stdev": 5.0512078964e-09
    },
    "spectral_energy": {
        "mean": 0.0172531846911,
        "stdev": 0.0208158120513
    },
    "spectral_energyband_high": {
        "mean": 3.29461254296e-05,
        "stdev": 2.91084779747e-05
    },
    "spectral_energyband_low": {
        "mean": 5.43199075764e-06,
        "stdev": 2.10806738323e-05
    },
    "spectral_energyband_middle_high": {
        "mean": 0.00812331028283,
        "stdev": 0.0108979102224
    },
    "spectral_energyband_middle_low": {
        "mean": 0.00916938297451,
        "stdev": 0.0123091312125
    },
    "spectral_entropy": {
        "mean": 6.71616697311,
        "stdev": 0.448608309031
    },
    "spectral_flux": {
        "mean": 0.0878615677357,
        "stdev": 0.0599007681012
    },
    "spectral_kurtosis": {
        "mean": 55.6659164429,
        "stdev": 33.1509780884
    },
    "spectral_rms": {
        "mean": 0.00321358488873,
        "stdev": 0.0025505318772
    },
    "spectral_rolloff": {
        "mean": 4006.67651367,
        "stdev": 5849.40527344
    },
    "spectral_skewness": {
        "mean": 4.50813102722,
        "stdev": 1.78971457481
    },
    "spectral_spread": {
        "mean": 1644580.625,
        "stdev": 1551008.125
    },
    "spectral_strongpeak": {
        "mean": 1.6705249548,
        "stdev": 1.58426737785
    },
    "zerocrossingrate": {
        "mean": 0.172839716077,
        "stdev": 0.18001024425
    },
    "barkbands": {
        "mean": [7.63840546369e-07, 2.78967308986e-06, 1.72361262685e-06, 1.08650067432e-06, 6.81015299051e-05, 0.00160264666192, 0.0033083523158, 0.00284512387589, 0.00117684481665, 0.000570812670048, 0.000706244376488, 0.00137443933636, 0.00211554951966, 0.00114055257291, 0.000842475448735, 0.000980777316727, 0.000296890095342, 0.000109084416181, 7.29351813789e-05, 5.13875011166e-06, 3.79879816137e-06, 1.35681932534e-06, 3.51050033487e-07, 1.32137728315e-07, 4.93673120161e-08, 1.95788274482e-08, 2.51289293374e-05],
        "stdev": [2.68291773864e-06, 1.41421423905e-05, 6.71098132443e-06, 3.96490668209e-06, 0.000168989456142, 0.00339804333635, 0.00602137530223, 0.00542413629591, 0.00237645232119, 0.00143922062125, 0.00179622450378, 0.00348929245956, 0.00472640106454, 0.00308851804584, 0.00202229712158, 0.00212639314122, 0.00116051523946, 0.000422921904828, 0.000312996358844, 1.58030761668e-05, 1.48198159877e-05, 6.48007608106e-06, 1.20336028431e-06, 4.70409077025e-07, 1.21762496974e-07, 3.61569796326e-08, 4.4039165914e-06]
    },
    "erbbands": {
        "mean": [9.75929724518e-05, 0.000574222358409, 0.00193335919175, 0.00310843484476, 0.0154503528029, 0.240646451712, 3.71933341026, 17.1646213531, 38.4699783325, 62.55834198, 52.9213256836, 28.1968402863, 18.4709720612, 22.2489089966, 34.3305282593, 61.7427749634, 95.6116104126, 69.5427322388, 46.7939071655, 48.9289131165, 48.4115524292, 16.0834312439, 6.35707426071, 5.87498378754, 1.59581828117, 0.278954744339, 0.190491348505, 0.118944741786, 0.0554376989603, 0.0219858959317, 0.00863052066416, 0.00410974072292, 0.00155990908388, 0.000758662703447, 0.000265255628619, 0.000104495426058, 4.31647131336e-05, 0.000104015307443, 0.0013177805813, 0.000751281913836],
        "stdev": [0.000627069442999, 0.00251808855683, 0.00719302240759, 0.00998781435192, 0.0320502929389, 0.48211145401, 8.75249481201, 37.0720558167, 72.7461242676, 113.765930176, 99.8442077637, 55.5682907104, 39.4767227173, 58.6529273987, 85.6721343994, 142.719497681, 207.631729126, 173.535415649, 116.533149719, 100.81375885, 111.997383118, 51.7747039795, 23.1133975983, 25.478553772, 5.45651245117, 0.777108252048, 0.71499055624, 0.488580524921, 0.269081443548, 0.077370300889, 0.0301201194525, 0.0150944991037, 0.00547485845163, 0.00205271271989, 0.000577698636334, 0.000164118609973, 7.31014515623e-05, 4.65804478154e-05, 0.000245593430009, 0.000133744310006]
    },
    "gfcc": {
        "mean": [-212.250808716, 91.7459487915, -196.714950562, -99.1025390625, -20.7611122131, -64.9768981934, -37.7744903564, -17.8902683258, 13.6296396255, -10.3866739273, 18.7180747986, -5.12383270264, 4.55241632462],
        "cov": [[11614.4423828, 3453.80664062, -2144.43066406, 195.673217773, -1827.64501953, 595.08807373, -60.0387229919, -465.46673584, 114.814857483, 714.061462402, -323.651000977, -168.046386719, -203.930053711], [3453.80664062, 2289.70703125, -110.258552551, -725.580871582, -849.471557617, -102.354751587, -240.775527954, -295.601959229, -66.8314437866, 113.578643799, -21.7988586426, 38.7566261292, 63.2024497986], [-2144.43066406, -110.258552551, 1460.90307617, 198.663696289, -24.4982357025, -13.2289104462, -30.9543838501, -130.436706543, -54.31690979, -124.80859375, -15.7371206284, 39.5155067444, 161.608306885], [195.673217773, -725.580871582, 198.663696289, 1200.7175293, 179.912368774, 71.6337051392, 74.6649703979, -4.86486768723, -31.6892375946, 56.711265564, -86.5378570557, -63.9131507874, 15.6854734421], [-1827.64501953, -849.471557617, -24.4982357025, 179.912368774, 698.766784668, -120.399871826, -71.2606201172, 128.791717529, 7.61379528046, -116.190879822, 44.124168396, 4.83738279343, 4.53362226486], [595.08807373, -102.354751587, -13.2289104462, 71.6337051392, -120.399871826, 688.158081055, 278.559265137, -41.3391876221, 147.549316406, 155.208862305, -118.331878662, -99.9848251343, -105.937919617], [-60.0387229919, -240.775527954, -30.9543838501, 74.6649703979, -71.2606201172, 278.559265137, 452.84085083, 182.509735107, -51.79845047, -2.80522561073, 41.6417503357, -48.5402374268, -103.358123779], [-465.46673584, -295.601959229, -130.436706543, -4.86486768723, 128.791717529, -41.3391876221, 182.509735107, 279.822265625, 20.3257141113, -76.5762405396, 45.6954193115, 15.80509758, -60.8875617981], [114.814857483, -66.8314437866, -54.31690979, -31.6892375946, 7.61379528046, 147.549316406, -51.79845047, 20.3257141113, 209.710342407, 82.2724456787, -85.7195358276, -19.5224094391, -24.6023616791], [714.061462402, 113.578643799, -124.80859375, 56.711265564, -116.190879822, 155.208862305, -2.80522561073, -76.5762405396, 82.2724456787, 175.74710083, -24.1383743286, -71.45703125, -50.3390731812], [-323.651000977, -21.7988586426, -15.7371206284, -86.5378570557, 44.124168396, -118.331878662, 41.6417503357, 45.6954193115, -85.7195358276, -24.1383743286, 138.602096558, 26.4317169189, -31.3511829376], [-168.046386719, 38.7566261292, 39.5155067444, -63.9131507874, 4.83738279343, -99.9848251343, -48.5402374268, 15.80509758, -19.5224094391, -71.45703125, 26.4317169189, 107.291168213, 40.2270545959], [-203.930053711, 63.2024497986, 161.608306885, 15.6854734421, 4.53362226486, -105.937919617, -103.358123779, -60.8875617981, -24.6023616791, -50.3390731812, -31.3511829376, 40.2270545959, 124.296844482]],
        "icov": [[0.00419409945607, -0.00618107337505, 0.00646097911522, -0.00607683695853, 0.00483395671472, -0.00326745514758, 0.00167407828849, -0.000440783187514, -0.000335962715326, -0.000194022606593, 0.00111570395529, -0.000434330897406, 0.000882393796928], [-0.00618107337505, 0.0104345902801, -0.00949238054454, 0.00956399179995, -0.00563003821298, 0.00449182558805, -0.00107772054616, 2.40066292463e-05, 0.00203290511854, -0.000436010130215, -0.00121700647287, 0.000611380499322, -0.00144170667045], [0.00646097911522, -0.00949238054454, 0.0110688349232, -0.00976879894733, 0.00786728784442, -0.00526557955891, 0.00221988977864, 0.000601231469773, -0.00216434430331, 0.00218938360922, -0.000179629540071, 0.000452535197837, -9.95261943899e-05], [-0.00607683695853, 0.00956399179995, -0.00976879894733, 0.0104689979926, -0.00726098241284, 0.00516791408882, -0.0024536664132, -0.000143844503327, 0.00311547284946, -0.00300942710601, 0.00154886941891, -0.00055581954075, -0.000926037027966], [0.00483395671472, -0.00563003821298, 0.00786728784442, -0.00726098241284, 0.0102125173435, -0.00574425375089, 0.00610153703019, -0.00274882931262, -0.000117177638458, 0.00340963690542, -0.0023257015273, 0.00260606221855, -0.0001324131008], [-0.00326745514758, 0.00449182558805, -0.00526557955891, 0.00516791408882, -0.00574425375089, 0.0100121898577, -0.00974370073527, 0.00723725371063, -0.00462030991912, -0.00184718682431, 0.00441490346566, -0.00180454377551, 0.00276999990456], [0.00167407828849, -0.00107772054616, 0.00221988977864, -0.0024536664132, 0.00610153703019, -0.00974370073527, 0.0160913951695, -0.0127163855359, 0.0098429126665, -0.00034425596823, -0.00315777608193, 0.00311470590532, -0.000653315917589], [-0.000440783187514, 2.40066292463e-05, 0.000601231469773, -0.000143844503327, -0.00274882931262, 0.00723725371063, -0.0127163855359, 0.0182904135436, -0.0134967789054, 0.00885386671871, -0.00224404409528, 0.000108058207843, 0.00346836843528], [-0.000335962715326, 0.00203290511854, -0.00216434430331, 0.00311547284946, -0.000117177638458, -0.00462030991912, 0.0098429126665, -0.0134967789054, 0.0230699852109, -0.0153243551031, 0.0120042618364, -0.00612436281517, 0.00184566446114], [-0.000194022606593, -0.000436010130215, 0.00218938360922, -0.00300942710601, 0.00340963690542, -0.00184718682431, -0.00034425596823, 0.00885386671871, -0.0153243551031, 0.027459314093, -0.0148544684052, 0.0131227215752, -0.000117439703899], [0.00111570395529, -0.00121700647287, -0.000179629540071, 0.00154886941891, -0.0023257015273, 0.00441490346566, -0.00315777608193, -0.00224404409528, 0.0120042618364, -0.0148544684052, 0.0257996805012, -0.0111779207364, 0.0090950820595], [-0.000434330897406, 0.000611380499322, 0.000452535197837, -0.00055581954075, 0.00260606221855, -0.00180454377551, 0.00311470590532, 0.000108058207843, -0.00612436281517, 0.0131227215752, -0.0111779207364, 0.0200455803424, -0.00573633098975], [0.000882393796928, -0.00144170667045, -9.95261943899e-05, -0.000926037027966, -0.0001324131008, 0.00276999990456, -0.000653315917589, 0.00346836843528, 0.00184566446114, -0.000117439703899, 0.0090950820595, -0.00573633098975, 0.0184620302171]]
    },
    "melbands": {
        "mean": [8.31924296563e-07, 9.2630961035e-07, 6.54652069443e-07, 3.96610403186e-06, 0.000104245511466, 0.000378574099159, 0.000614986231085, 0.000695132010151, 0.000392638932681, 0.000160488023539, 8.86006018845e-05, 8.64069588715e-05, 0.000103620019217, 0.0001377978042, 0.000203590912861, 0.000202181821805, 0.000119171272672, 7.52954947529e-05, 6.37882258161e-05, 6.92113753757e-05, 5.31114201294e-05, 1.85687385965e-05, 6.01024976277e-06, 5.21453739566e-06, 4.95241602039e-06, 1.82460200904e-06, 2.98149018363e-07, 1.40554902828e-07, 1.23601040514e-07, 9.27471006662e-08, 6.01776335429e-08, 3.41935191273e-08, 1.80263644012e-08, 9.62882396038e-09, 5.20129228576e-09, 3.23339643948e-09, 2.13236361901e-09, 1.09937414727e-09, 7.99455002198e-10, 5.52025813949e-10],
        "stdev": [4.6152899813e-06, 3.39804523719e-06, 2.05161177291e-06, 8.33362446429e-06, 0.000247732998105, 0.000786362099461, 0.001116039115, 0.00124565884471, 0.000739336304832, 0.000324812164763, 0.000194902488147, 0.000235046783928, 0.000258947286056, 0.00038776290603, 0.000453407876194, 0.000482367700897, 0.000324989377987, 0.00020753860008, 0.000150771273184, 0.000146845821291, 0.000138551404234, 7.04392659827e-05, 2.42289461312e-05, 2.21836598939e-05, 2.30262830883e-05, 7.17531838745e-06, 7.54014763515e-07, 4.97442158576e-07, 4.75139103173e-07, 3.64141754972e-07, 2.68684374305e-07, 1.78874941525e-07, 7.51900728346e-08, 3.33295275823e-08, 1.89648172721e-08, 1.2063321897e-08, 8.50094750149e-09, 4.59231452865e-09, 2.51237453064e-09, 1.51376255975e-09]
    },
    "melbands128": {
        "mean": [4.48054464641e-07, 8.61444561906e-07, 9.02086014776e-07, 9.48139131651e-07, 1.02776300537e-06, 7.83023551776e-07, 5.23268397501e-07, 5.85213854265e-07, 9.31532383674e-07, 1.73405840087e-06, 3.89070146412e-06, 2.92128734145e-05, 9.19768426684e-05, 0.00021870576893, 0.000382971804356, 0.000431886612205, 0.000528435630258, 0.000651022943202, 0.000684493395966, 0.000735127832741, 0.000734093424398, 0.000547836360056, 0.000345276319422, 0.000246607000008, 0.000185722543392, 0.000124327270896, 0.000101830373751, 8.27219701023e-05, 8.03547154646e-05, 8.00092020654e-05, 8.94961485756e-05, 9.76575392997e-05, 9.86545855994e-05, 0.000111661393021, 0.000123782097944, 0.000140858057421, 0.000159978560987, 0.000215453706915, 0.000216403219383, 0.000226792049943, 0.000215915264562, 0.000151781569002, 0.000122827841551, 0.000102796635474, 8.02306894911e-05, 7.41399344406e-05, 6.24886524747e-05, 6.31157163298e-05, 6.3729705289e-05, 6.58280623611e-05, 7.04390695319e-05, 7.48608217691e-05, 5.94685370743e-05, 4.73675172543e-05, 2.93616503768e-05, 1.64740249602e-05, 8.03794682724e-06, 6.29938313068e-06, 5.30710121893e-06, 5.24365577803e-06, 5.41652570973e-06, 4.83411258756e-06, 5.44506610822e-06, 5.4773681768e-06, 3.40880319527e-06, 1.81296150004e-06, 7.93487174633e-07, 3.74630758415e-07, 2.00784171511e-07, 1.50688023837e-07, 1.40124996051e-07, 1.34820510311e-07, 1.31488604893e-07, 1.23748137071e-07, 1.1356476648e-07, 9.71514850789e-08, 8.37304412471e-08, 7.22418391774e-08, 5.86298618543e-08, 4.69406344905e-08, 3.80198805772e-08, 2.92004020963e-08, 2.24841709695e-08, 1.77531482848e-08, 1.36198226031e-08, 1.06560884561e-08, 8.42521785671e-09, 6.86823131701e-09, 5.22627230382e-09, 3.87805743074e-09, 3.3157794288e-09, 3.19775650404e-09, 2.79387601942e-09, 2.24046936559e-09, 1.68321434568e-09, 1.25794885619e-09, 9.69974545129e-10, 8.49138093173e-10, 8.1326934076e-10, 7.87705289884e-10, 6.76268929745e-10, 5.17884735096e-10, 3.95449367696e-10, 3.21047882723e-10, 2.63192162508e-10, 2.2261757715e-10, 1.88259463574e-10, 1.73478717502e-10, 1.67069164059e-10, 1.48221962482e-10, 7.54254089741e-11, 7.54443729711e-11, 8.34976601749e-11, 1.00577469964e-10, 1.16458315214e-10, 1.59180071901e-10, 2.68217642541e-10, 1.18566947926e-10, 2.12510051223e-10, 2.23865215254e-09, 1.99640872722e-08, 2.65808655087e-08, 3.29567967583e-07, 6.11735345046e-07, 1.62181983399e-08, 1.26474768436e-08, 1.14314113731e-09, 1.65854465578e-11],
        "stdev": [2.03874878935e-06, 5.93516733716e-06, 5.60778016734e-06, 4.00546014134e-06, 3.9317988012e-06, 3.1001707157e-06, 2.01906050279e-06, 2.22331163968e-06, 2.93571588372e-06, 4.92474100611e-06, 9.90388252831e-06, 7.7993980085e-05, 0.000263019930571, 0.000666871434078, 0.00106311903801, 0.00108151044697, 0.00133678514976, 0.00155239913147, 0.00165569258388, 0.00167684652843, 0.00178280298132, 0.00132075615693, 0.000828301650472, 0.00060052407207, 0.000478531757835, 0.000297525897622, 0.000259377062321, 0.00020136355306, 0.000231627345784, 0.000255836494034, 0.000303817156237, 0.000293512421194, 0.000279692176264, 0.000342096580425, 0.000441738200607, 0.000544622831512, 0.000437230424723, 0.00060650362866, 0.000526533927768, 0.000634080905002, 0.000710706808604, 0.000480348273413, 0.00041209475603, 0.000372577196686, 0.00024457348627, 0.000266660441412, 0.000182312651305, 0.000189933358342, 0.000166969068232, 0.000165801480762, 0.000173143431311, 0.000220524685574, 0.000171007370227, 0.000181501178304, 0.000139729410876, 7.29546300136e-05, 3.20114413626e-05, 3.35409458785e-05, 2.35058068938e-05, 2.30190380535e-05, 2.87507609755e-05, 2.26467491302e-05, 2.75634192803e-05, 3.01101608784e-05, 1.54999852384e-05, 8.4958583102e-06, 2.6753327802e-06, 1.02837805116e-06, 5.74331124881e-07, 5.55741621611e-07, 5.09896779022e-07, 4.92472395308e-07, 4.95572180625e-07, 4.95594122185e-07, 4.66047566761e-07, 3.85343554399e-07, 3.36663873668e-07, 3.07051521986e-07, 2.73368129911e-07, 2.45806660359e-07, 2.08912624089e-07, 1.5322227398e-07, 1.09058952091e-07, 7.50445110498e-08, 5.0571536292e-08, 3.72391824044e-08, 3.04443510402e-08, 2.64252246751e-08, 2.00533829542e-08, 1.55763224541e-08, 1.29548682892e-08, 1.23025127863e-08, 1.08179278868e-08, 9.44428446559e-09, 8.21713985744e-09, 6.87234313901e-09, 3.8477963038e-09, 2.88320700648e-09, 2.77196932075e-09, 2.55834398111e-09, 2.0391932587e-09, 1.517253434e-09, 1.22805154934e-09, 1.09418729632e-09, 6.46953879357e-10, 4.9654130807e-10, 3.81595588461e-10, 3.48608447664e-10, 2.98123553621e-10, 2.57084992183e-10, 2.22899199098e-10, 2.32674435274e-10, 2.60568178145e-10, 2.64253063875e-10, 2.80005824083e-10, 3.26044247156e-10, 8.07462097185e-10, 5.07574593467e-10, 9.43957800814e-10, 2.18984896883e-09, 1.31888562294e-08, 1.48828815938e-08, 6.06274923598e-08, 1.16295453267e-07, 1.09468070164e-08, 9.90610082852e-09, 1.22257148849e-09, 1.01096783722e-10]
    },
    "mfcc": {
        "mean": [-837.990600586, 159.120330811, -100.726577759, -50.825088501, -6.4524641037, -41.010848999, -42.2022514343, -17.0373420715, -17.9781188965, -7.77223920822, 4.51501989365, 3.26914000511, 9.56975746155],
        "cov": [[10467.8808594, 3582.54321289, -1805.54309082, -342.037261963, -1349.47875977, 191.751068115, -318.010253906, -708.985595703, -104.426605225, 268.43081665, 34.8335266113, 121.565628052, 146.697006226], [3582.54321289, 2500.35864258, -210.21635437, -757.040161133, -702.474731445, -260.220184326, -340.826934814, -425.553009033, -213.625656128, -106.519210815, -173.555587769, -53.2582511902, 131.547058105], [-1805.54309082, -210.21635437, 1496.7578125, 219.151412964, -164.898696899, 216.749420166, 25.1957054138, -83.2256240845, 73.8823165894, -107.098777771, -195.535858154, -41.1311416626, -23.4066238403], [-342.037261963, -757.040161133, 219.151412964, 926.158935547, 303.170837402, 36.9548034668, 109.018943787, 65.9964294434, -17.2330589294, 40.4778213501, -13.1338348389, -122.401351929, -76.4856491089], [-1349.47875977, -702.474731445, -164.898696899, 303.170837402, 681.182067871, -50.7667732239, -98.7073516846, 61.963180542, -18.5834846497, -24.2385520935, -7.72569799423, -97.0540161133, -60.3070526123], [191.751068115, -260.220184326, 216.749420166, 36.9548034668, -50.7667732239, 641.842712402, 120.817016602, -102.923171997, 232.973754883, 149.800765991, 38.3793373108, 126.562232971, -38.9472351074], [-318.010253906, -340.826934814, 25.1957054138, 109.018943787, -98.7073516846, 120.817016602, 440.239837646, 233.360061646, 10.2095651627, 90.359161377, 130.268859863, 38.5089874268, -16.8031826019], [-708.985595703, -425.553009033, -83.2256240845, 65.9964294434, 61.963180542, -102.923171997, 233.360061646, 376.012329102, 78.3319778442, -12.6332864761, 91.5209197998, 58.0549240112, 14.6348543167], [-104.426605225, -213.625656128, 73.8823165894, -17.2330589294, -18.5834846497, 232.973754883, 10.2095651627, 78.3319778442, 294.052612305, 100.686660767, 13.5500955582, 106.823173523, 10.6996841431], [268.43081665, -106.519210815, -107.098777771, 40.4778213501, -24.2385520935, 149.800765991, 90.359161377, -12.6332864761, 100.686660767, 205.469924927, 104.535682678, 14.0083799362, -27.5758686066], [34.8335266113, -173.555587769, -195.535858154, -13.1338348389, -7.72569799423, 38.3793373108, 130.268859863, 91.5209197998, 13.5500955582, 104.535682678, 205.528457642, 102.674072266, -20.5878810883], [121.565628052, -53.2582511902, -41.1311416626, -122.401351929, -97.0540161133, 126.562232971, 38.5089874268, 58.0549240112, 106.823173523, 14.0083799362, 102.674072266, 228.902908325, 54.5537567139], [146.697006226, 131.547058105, -23.4066238403, -76.4856491089, -60.3070526123, -38.9472351074, -16.8031826019, 14.6348543167, 10.6996841431, -27.5758686066, -20.5878810883, 54.5537567139, 98.7457275391]],
        "icov": [[0.00314935576171, -0.00445837108418, 0.00507582351565, -0.00558463530615, 0.00555827608332, -0.0045755263418, 0.00347885675728, -0.00195719534531, 0.00179354217835, -0.00180130905937, 0.00171805149876, -0.00178317306563, 0.00125608535018], [-0.00445837108418, 0.00747033720836, -0.00692722760141, 0.00834660418332, -0.00676896702498, 0.00667115300894, -0.00454094819725, 0.0035335693974, -0.00229282979853, 0.0027020003181, -0.00222627585754, 0.00313156843185, -0.00249589025043], [0.00507582351565, -0.00692722760141, 0.0092432629317, -0.00922914594412, 0.00954022444785, -0.00747601082548, 0.0051893144846, -0.00245513767004, 0.0022128301207, -0.00173484731931, 0.00331916543655, -0.00260812556371, 0.00226345239207], [-0.00558463530615, 0.00834660418332, -0.00922914594412, 0.011644853279, -0.0102235153317, 0.00823650322855, -0.00648377323523, 0.00360911991447, -0.00278199231252, 0.0025107844267, -0.00254057208076, 0.00355072924867, -0.00211265869439], [0.00555827608332, -0.00676896702498, 0.00954022444785, -0.0102235153317, 0.0134845897555, -0.00927915796638, 0.008979071863, -0.00517798122019, 0.00457610096782, -0.00292102084495, 0.00258136750199, -0.00118554325309, 0.00185516872443], [-0.0045755263418, 0.00667115300894, -0.00747601082548, 0.00823650322855, -0.00927915796638, 0.0130944661796, -0.0108660450205, 0.0102432025596, -0.00911090988666, 0.00431590946391, -0.00218535587192, -2.88239425572e-05, 0.000401168887038], [0.00347885675728, -0.00454094819725, 0.0051893144846, -0.00648377323523, 0.008979071863, -0.0108660450205, 0.0157349500805, -0.0139783639461, 0.0121359238401, -0.00921227689832, 0.00344373797998, -0.0015411823988, 0.000718169845641], [-0.00195719534531, 0.0035335693974, -0.00245513767004, 0.00360911991447, -0.00517798122019, 0.0102432025596, -0.0139783639461, 0.0195143073797, -0.0160241257399, 0.0133544849232, -0.00878234766424, 0.00411812309176, -0.00261971191503], [0.00179354217835, -0.00229282979853, 0.0022128301207, -0.00278199231252, 0.00457610096782, -0.00911090988666, 0.0121359238401, -0.0160241257399, 0.02158594504, -0.0172781273723, 0.0133533952758, -0.00933976937085, 0.00318084540777], [-0.00180130905937, 0.0027020003181, -0.00173484731931, 0.0025107844267, -0.00292102084495, 0.00431590946391, -0.00921227689832, 0.0133544849232, -0.0172781273723, 0.0249412208796, -0.0187109876424, 0.0133898481727, -0.00547976326197], [0.00171805149876, -0.00222627585754, 0.00331916543655, -0.00254057208076, 0.00258136750199, -0.00218535587192, 0.00344373797998, -0.00878234766424, 0.0133533952758, -0.0187109876424, 0.0264331903309, -0.017672246322, 0.0104368804023], [-0.00178317306563, 0.00313156843185, -0.00260812556371, 0.00355072924867, -0.00118554325309, -2.88239425572e-05, -0.0015411823988, 0.00411812309176, -0.00933976937085, 0.0133898481727, -0.017672246322, 0.0203289259225, -0.0111629972234], [0.00125608535018, -0.00249589025043, 0.00226345239207, -0.00211265869439, 0.00185516872443, 0.000401168887038, 0.000718169845641, -0.00261971191503, 0.00318084540777, -0.00547976326197, 0.0104368804023, -0.0111629972234, 0.0187560413033]]
    },
    "spectral_contrast_coeffs": {
        "mean": [-0.628560245037, -0.759047329426, -0.812523663044, -0.789110779762, -0.692129909992, -0.833881795406],
        "stdev": [0.129395037889, 0.0983126014471, 0.074287571013, 0.0682719424367, 0.10100222379, 0.0603763610125]
    },
    "spectral_contrast_valleys": {
        "mean": [-11.0006446838, -7.18752861023, -7.81376934052, -7.65439081192, -10.1097278595, -13.6182546616],
        "stdev": [1.33532941341, 1.54112255573, 1.47512483597, 1.36846888065, 1.31833219528, 0.862902581692]
    }
},
"rhythm": {
    "beats_count": 121,
    "beats_loudness": {
        "mean": 0.0300738885999,
        "stdev": 0.0205208603293
    },
    "bpm": 128.745483398,
    "bpm_histogram_first_peak_bpm": 129,
    "bpm_histogram_first_peak_weight": 0.538461565971,
    "bpm_histogram_second_peak_bpm": 112,
    "bpm_histogram_second_peak_spread": 0.599999964237,
    "bpm_histogram_second_peak_weight": 0.0833333358169,
    "danceability": 1.75189673901,
    "onset_rate": 5.86648178101,
    "beats_loudness_band_ratio": {
        "mean": [0.000313232274493, 0.122698456049, 0.427616298199, 0.276541739702, 0.194106981158, 0.0161154735833],
        "stdev": [0.000524085422512, 0.170535862446, 0.202770382166, 0.164340302348, 0.214535355568, 0.0671385154128]
    },
    "beats_position": [0.557278871536, 1.13777780533, 1.70666658878, 2.27555561066, 2.87927436829, 3.48299312592, 4.1099319458, 4.71365070343, 5.31736946106, 5.87464857101, 6.47836732864, 7.08208608627, 7.6858048439, 8.27791404724, 8.87002277374, 9.4040813446, 9.96135997772, 10.4373693466, 10.9133787155, 11.3893871307, 11.8770065308, 12.3065757751, 12.7245349884, 13.1889343262, 13.6068935394, 14.0132427216, 14.4079818726, 14.8607711792, 15.3251695633, 15.7895689011, 16.2539672852, 16.7299766541, 17.2059860229, 17.6703853607, 18.1231746674, 18.575963974, 19.0519733429, 19.4815406799, 19.8994998932, 20.3406791687, 20.7818584442, 21.1998176575, 21.6177768707, 22.0473461151, 22.4653053284, 22.8948745728, 23.3360538483, 23.7772331238, 24.195192337, 24.6131515503, 25.0078907013, 25.4490699768, 25.8902492523, 26.3314285278, 26.7958278656, 27.3066654205, 27.7710647583, 28.2122440338, 28.6998634338, 29.1410427094, 29.6054420471, 30.1162815094, 30.5806789398, 31.0682983398, 31.5559177399, 32.0203170776, 32.5079345703, 32.9839439392, 33.4483451843, 33.901134491, 34.3887519836, 34.8995895386, 35.3872108459, 35.9212684631, 36.4785499573, 37.0358276367, 37.5582771301, 38.0807266235, 38.6147842407, 39.1604537964, 39.7061233521, 40.216960907, 40.7510185242, 41.3315200806, 41.8423576355, 42.3299751282, 42.8059844971, 43.2355537415, 43.6767349243, 44.164352417, 44.7216300964, 45.2789115906, 45.83618927, 46.3934669495, 46.9507484436, 47.4848060608, 48.0304756165, 48.5761451721, 49.1102027893, 49.6442604065, 50.1783218384, 50.631111145, 51.1071205139, 51.5715179443, 52.0823554993, 52.5699768066, 53.0808143616, 53.6148757935, 54.1489334106, 54.6597709656, 55.1590003967, 55.6698417664, 56.1690673828, 56.7495689392, 57.3648986816, 58.0731048584, 58.7697029114, 59.4430847168, 60.1164627075, 60.7898406982, 61.463218689],
    "bpm_histogram": [0, 0, 0, 0, 0, 0, 0, 0, 0, 0, 0, 0, 0, 0, 0, 0, 0, 0, 0, 0, 0, 0, 0, 0, 0, 0, 0, 0, 0, 0, 0, 0, 0, 0, 0, 0, 0, 0, 0, 0, 0, 0, 0, 0, 0, 0, 0, 0, 0, 0, 0, 0, 0, 0, 0, 0, 0, 0, 0, 0, 0, 0, 0, 0, 0, 0, 0, 0, 0, 0, 0, 0, 0, 0, 0, 0, 0, 0, 0, 0, 0, 0, 0, 0, 0, 0.00833333376795, 0.00833333376795, 0, 0, 0.0333333350718, 0, 0, 0, 0, 0, 0, 0.00833333376795, 0, 0.00833333376795, 0.0583333335817, 0, 0.0166666675359, 0, 0.0250000003725, 0, 0.0166666675359, 0, 0, 0.0750000029802, 0, 0.0333333350718, 0, 0.0833333358169, 0, 0, 0.0166666675359, 0, 0.0750000029802, 0, 0, 0.0166666675359, 0, 0, 0.0833333358169, 0, 0, 0.0750000029802, 0, 0, 0.10000000149, 0, 0, 0, 0.0416666679084, 0, 0, 0.0833333358169, 0, 0, 0, 0.0416666679084, 0, 0, 0, 0.0666666701436, 0, 0, 0, 0.00833333376795, 0, 0, 0, 0.0166666675359, 0, 0, 0, 0, 0, 0, 0, 0, 0, 0, 0, 0, 0, 0, 0, 0, 0, 0, 0, 0, 0, 0, 0, 0, 0, 0, 0, 0, 0, 0, 0, 0, 0, 0, 0, 0, 0, 0, 0, 0, 0, 0, 0, 0, 0, 0, 0, 0, 0, 0, 0, 0, 0, 0, 0, 0, 0, 0, 0, 0, 0, 0, 0, 0, 0, 0, 0, 0, 0, 0, 0, 0, 0, 0, 0, 0, 0, 0, 0, 0, 0, 0, 0, 0, 0, 0, 0, 0, 0, 0, 0, 0, 0, 0, 0, 0, 0]
},
"tonal": {
    "chords_changes_rate": 0.173750936985,
    "chords_number_rate": 0.0156599543989,
    "chords_strength": {
        "mean": 0.435172915459,
        "stdev": 0.0857584849
    },
    "hpcp_crest": {
        "mean": 10.7798500061,
        "stdev": 4.49487447739
    },
    "hpcp_entropy": {
        "mean": 2.40156579018,
        "stdev": 0.734357297421
    },
    "key_edma": {
        "strength": 0.684673547745,
        "key": "E",
        "scale": "minor"
    },
    "key_krumhansl": {
        "strength": 0.674300253391,
        "key": "E",
        "scale": "minor"
    },
    "key_temperley": {
        "strength": 0.664835512638,
        "key": "E",
        "scale": "minor"
    },
    "tuning_diatonic_strength": 0.355086952448,
    "tuning_equal_tempered_deviation": 0.230249494314,
    "tuning_frequency": 452.892974854,
    "tuning_nontempered_energy_ratio": 0.894805073738,
    "hpcp": {
        "mean": [0.167674645782, 0.170494228601, 0.177495062351, 0.183769613504, 0.186990275979, 0.194762095809, 0.20668579638, 0.214086651802, 0.226656675339, 0.235235407948, 0.22094103694, 0.209961012006, 0.207037806511, 0.196485847235, 0.192478582263, 0.198506087065, 0.203813701868, 0.202100664377, 0.205122888088, 0.206934303045, 0.205924361944, 0.212628096342, 0.205174937844, 0.20768225193, 0.216830015182, 0.206990078092, 0.197763353586, 0.190726697445, 0.198409453034, 0.211675494909, 0.219274118543, 0.208268091083, 0.190967142582, 0.188670054078, 0.182438343763, 0.172701314092],
        "stdev": [0.233509510756, 0.231193974614, 0.237189665437, 0.244039624929, 0.250187367201, 0.238928824663, 0.251360267401, 0.251926094294, 0.258909344673, 0.268533527851, 0.247318089008, 0.240316823125, 0.241795524955, 0.239770129323, 0.226886630058, 0.243896722794, 0.243512541056, 0.246009394526, 0.247950956225, 0.25330889225, 0.253301531076, 0.262002497911, 0.258651554585, 0.262259930372, 0.270869940519, 0.25860530138, 0.257800370455, 0.248199120164, 0.266925126314, 0.278988003731, 0.280883848667, 0.265873402357, 0.241199567914, 0.246470198035, 0.244612649083, 0.241841003299]
    },
    "chords_histogram": [6.18941068649, 7.7554063797, 1.49142432213, 3.13199114799, 2.6845638752, 4.02684545517, 4.25055932999, 6.86055183411, 1.3422819376, 3.05741977692, 4.8471288681, 2.60999250412, 0.969425797462, 3.50484704971, 10.0671138763, 6.26398229599, 7.23340797424, 2.75913500786, 2.83370614052, 0.521998524666, 0.745712161064, 6.04026842117, 4.10141706467, 6.71140956879],
    "thpcp": [1, 0.939233779907, 0.892557024956, 0.880130290985, 0.835273265839, 0.818238139153, 0.843861401081, 0.866424441338, 0.859142184258, 0.87198984623, 0.879690289497, 0.875396966934, 0.90389496088, 0.872211098671, 0.882869839668, 0.92175757885, 0.879927396774, 0.840704023838, 0.810790777206, 0.843450605869, 0.89984536171, 0.932147562504, 0.885360300541, 0.81181293726, 0.802047848701, 0.775556445122, 0.734163761139, 0.712795078754, 0.7247813344, 0.754542291164, 0.781215786934, 0.794907033443, 0.82794547081, 0.878633856773, 0.910095334053, 0.963531315327],
    "chords_key": "F",
    "chords_scale": "minor"
}
}