{
"metadata": {
    "version": {
        "essentia": "2.1-dev",
        "essentia_git_sha": "v2.1_beta3-415-gd5473f3",
        "extractor": "music 2.0"
    },
    "audio_properties": {
        "analysis": {
            "equal_loudness": 0,
            "length": 60.7608146667,
            "sample_rate": 44100,
            "start_time": 0,
            "downmix": "mix"
        },
        "bit_rate": 192000,
        "length": 60.7608146667,
        "lossless": 0,
        "number_channels": 2,
        "replay_gain": -6.00372314453,
        "sample_rate": 44100,
        "codec": "mp3",
        "md5_encoded": "7ec265aeb98bd4db77407e6fee153a16"
    },
    "tags": {
        "file_name": "tlfno_hombres_10.mp3",
        "date": ["2004"],
        "engineer": ["rosamerica tamyo"]
    }
},
"lowlevel": {
    "average_loudness": 0.965037941933,
    "barkbands_crest": {
        "mean": 13.3240203857,
        "stdev": 5.12895345688
    },
    "barkbands_flatness_db": {
        "mean": 0.310608655214,
        "stdev": 0.0649963691831
    },
    "barkbands_kurtosis": {
        "mean": 17.5195903778,
        "stdev": 52.9170799255
    },
    "barkbands_skewness": {
        "mean": 2.01613283157,
        "stdev": 3.01277661324
    },
    "barkbands_spread": {
        "mean": 15.6873435974,
        "stdev": 18.5378894806
    },
    "dissonance": {
        "mean": 0.410843729973,
        "stdev": 0.0735900253057
    },
    "dynamic_complexity": 4.95653152466,
    "erbbands_crest": {
        "mean": 13.5186080933,
        "stdev": 5.21513986588
    },
    "erbbands_flatness_db": {
        "mean": 0.36095276475,
        "stdev": 0.0745344310999
    },
    "erbbands_kurtosis": {
        "mean": 4.59432458878,
        "stdev": 12.2224025726
    },
    "erbbands_skewness": {
        "mean": 0.584990978241,
        "stdev": 1.73988246918
    },
    "erbbands_spread": {
        "mean": 16.3409023285,
        "stdev": 11.5900001526
    },
    "hfc": {
        "mean": 13.2435407639,
        "stdev": 15.3242416382
    },
    "loudness_ebu128": {
        "integrated": -19.5528564453,
        "loudness_range": 1.49636459351,
        "momentary": {
            "mean": -20.1384849548,
            "stdev": 2.53855919838
        },
        "short_term": {
            "mean": -19.6242027283,
            "stdev": 0.505026459694
        }
    },
    "melbands_crest": {
        "mean": 15.4041881561,
        "stdev": 6.01353311539
    },
    "melbands_flatness_db": {
        "mean": 0.374356180429,
        "stdev": 0.0985182225704
    },
    "melbands_kurtosis": {
        "mean": 12.9933815002,
        "stdev": 24.9109992981
    },
    "melbands_skewness": {
        "mean": 1.87090504169,
        "stdev": 2.27333307266
    },
    "melbands_spread": {
        "mean": 13.7925138474,
        "stdev": 13.4961585999
    },
    "pitch_salience": {
        "mean": 0.602473437786,
        "stdev": 0.167817905545
    },
    "silence_rate_20dB": {
        "mean": 1,
        "stdev": 0
    },
    "silence_rate_30dB": {
        "mean": 1,
        "stdev": 0
    },
    "silence_rate_60dB": {
        "mean": 0.301757067442,
        "stdev": 0.459025919437
    },
    "spectral_centroid": {
        "mean": 1132.80444336,
        "stdev": 777.773803711
    },
    "spectral_complexity": {
        "mean": 8.51107692719,
        "stdev": 7.11349630356
    },
    "spectral_decrease": {
        "mean": -4.3148942197e-09,
        "stdev": 4.81571538202e-09
    },
    "spectral_energy": {
        "mean": 0.0174865685403,
        "stdev": 0.019496742636
    },
    "spectral_energyband_high": {
        "mean": 2.23131919483e-05,
        "stdev": 5.27089650859e-06
    },
    "spectral_energyband_low": {
        "mean": 2.44296347773e-06,
        "stdev": 8.98936013982e-06
    },
    "spectral_energyband_middle_high": {
        "mean": 0.00447035394609,
        "stdev": 0.00667982921004
    },
    "spectral_energyband_middle_low": {
        "mean": 0.0131071787328,
        "stdev": 0.0148981567472
    },
    "spectral_entropy": {
        "mean": 6.52035427094,
        "stdev": 0.581535458565
    },
    "spectral_flux": {
        "mean": 0.0841334983706,
        "stdev": 0.0607988722622
    },
    "spectral_kurtosis": {
        "mean": 43.9720458984,
        "stdev": 24.0215759277
    },
    "spectral_rms": {
        "mean": 0.00330667663366,
        "stdev": 0.00247507775202
    },
    "spectral_rolloff": {
        "mean": 3799.60424805,
        "stdev": 6176.18408203
    },
    "spectral_skewness": {
        "mean": 3.95649003983,
        "stdev": 1.55768227577
    },
    "spectral_spread": {
        "mean": 1828831.75,
        "stdev": 1584795.625
    },
    "spectral_strongpeak": {
        "mean": 1.61331129074,
        "stdev": 1.28694903851
    },
    "zerocrossingrate": {
        "mean": 0.155540332198,
        "stdev": 0.18968886137
    },
    "barkbands": {
        "mean": [4.33795236177e-07, 3.71638009256e-07, 9.58255895966e-07, 1.70416240053e-06, 0.000860867730808, 0.00294441729784, 0.00387422507629, 0.00292342761531, 0.00223821494728, 0.000652066490147, 0.00053924304666, 0.000760261958931, 0.000988634070382, 0.000639458943624, 0.000435293535702, 0.000255348946666, 0.000115715782158, 9.80359109235e-05, 0.000132076384034, 3.74065643882e-06, 3.10648772484e-07, 1.56086883862e-07, 6.73074396218e-08, 3.08397609672e-08, 1.5321969471e-08, 8.77130634791e-09, 2.15304917219e-05],
        "stdev": [1.35910988774e-06, 1.58072873546e-06, 4.21282129537e-06, 8.95536959433e-06, 0.00213760347106, 0.0058696414344, 0.00778523134068, 0.00603232579306, 0.0054606013, 0.00204816344194, 0.00148312188685, 0.00191189534962, 0.00243811123073, 0.00174422585405, 0.00130408315454, 0.000671416171826, 0.00032547765295, 0.000338391633704, 0.000496968918014, 1.01327241282e-05, 1.55095290211e-06, 9.25253800688e-07, 5.52200617676e-07, 1.4983646679e-07, 4.28165876087e-08, 2.94358297737e-08, 3.38386985277e-06]
    },
    "erbbands": {
        "mean": [1.67150210473e-05, 9.94212750811e-05, 0.000907911802642, 0.00621387874708, 0.112500965595, 2.95250940323, 17.5437297821, 23.956155777, 41.0271034241, 70.3688049316, 65.2967910767, 51.9038925171, 27.5952892303, 19.8860034943, 23.5091724396, 34.4650306702, 45.4170303345, 35.1879196167, 27.3118114471, 18.4402256012, 12.9662847519, 6.29156923294, 4.82992887497, 7.37317609787, 4.17040014267, 0.282407581806, 0.0270197801292, 0.0111189885065, 0.00626218924299, 0.00335416081361, 0.0017407288542, 0.000883246830199, 0.000416228431277, 0.000215009815292, 0.000107825224404, 5.62738023291e-05, 2.31835310842e-05, 7.90405538282e-05, 0.0011214078404, 0.000647900276817],
        "stdev": [6.27504341537e-05, 0.000350459769834, 0.00328615750186, 0.0185153260827, 0.247881680727, 6.65394163132, 41.5221138, 49.8907356262, 84.2311477661, 145.344802856, 133.708175659, 128.132568359, 80.8811721802, 52.8432502747, 61.7280426025, 81.2012252808, 108.609161377, 89.6668624878, 75.2054290771, 53.700717926, 32.4488716125, 16.765083313, 16.6996974945, 23.0856933594, 16.227437973, 0.82355427742, 0.0915145277977, 0.0561601109803, 0.0361455865204, 0.0211386010051, 0.014347451739, 0.0054709687829, 0.00143253442366, 0.000642588362098, 0.000220851288759, 0.000158423616085, 5.44580288988e-05, 4.08979612985e-05, 0.000203122355742, 9.93461871985e-05]
    },
    "gfcc": {
        "mean": [-218.052261353, 112.970207214, -177.484329224, -88.3022003174, -23.2436161041, -84.9554672241, -41.5381164551, -22.3490390778, -5.34623861313, -17.568977356, 22.009098053, -13.2913961411, 2.4228322506],
        "cov": [[10084.34375, 4368.296875, -2287.69726562, -947.663635254, -1139.78759766, -377.012786865, -373.657226562, -14.4678153992, -195.025558472, 89.0504455566, -169.222991943, -116.964736938, -366.899932861], [4368.296875, 3097.50927734, -254.11114502, -880.887451172, -762.842773438, -441.531677246, -484.577423096, -234.628387451, -210.35369873, -78.739906311, -54.1229476929, 26.2871398926, -97.9239807129], [-2287.69726562, -254.11114502, 1597.13195801, 332.6378479, -62.0522193909, -105.25163269, -238.815765381, -217.537307739, 4.75288248062, -131.549926758, -18.8420333862, 146.051681519, 177.820922852], [-947.663635254, -880.887451172, 332.6378479, 928.82434082, 351.043121338, -169.949386597, -124.153846741, 23.0416984558, 27.9509372711, -14.6066684723, -23.5420131683, 33.2914733887, 83.2808456421], [-1139.78759766, -762.842773438, -62.0522193909, 351.043121338, 518.625671387, -19.6287002563, -64.0999908447, 16.2864189148, 51.3124504089, 20.9733428955, 22.8060646057, -18.0106430054, 46.9636001587], [-377.012786865, -441.531677246, -105.25163269, -169.949386597, -19.6287002563, 593.01550293, 315.710998535, 27.4320640564, 128.852828979, 73.6274337769, -54.4876785278, -36.3563804626, -48.3282546997], [-373.657226562, -484.577423096, -238.815765381, -124.153846741, -64.0999908447, 315.710998535, 492.105560303, 187.185287476, -43.1832695007, 8.27122020721, 32.4789466858, -52.6619338989, -61.5491867065], [-14.4678153992, -234.628387451, -217.537307739, 23.0416984558, 16.2864189148, 27.4320640564, 187.185287476, 199.206207275, 32.3660011292, -1.61762297153, 12.5424385071, -8.88999652863, -28.9603767395], [-195.025558472, -210.35369873, 4.75288248062, 27.9509372711, 51.3124504089, 128.852828979, -43.1832695007, 32.3660011292, 219.892532349, 84.6948852539, -53.2872009277, 2.39095187187, 2.34828734398], [89.0504455566, -78.739906311, -131.549926758, -14.6066684723, 20.9733428955, 73.6274337769, 8.27122020721, -1.61762297153, 84.6948852539, 128.796173096, 22.1404438019, -43.6560821533, -33.6016311646], [-169.222991943, -54.1229476929, -18.8420333862, -23.5420131683, 22.8060646057, -54.4876785278, 32.4789466858, 12.5424385071, -53.2872009277, 22.1404438019, 104.694496155, 19.0551586151, -18.3874263763], [-116.964736938, 26.2871398926, 146.051681519, 33.2914733887, -18.0106430054, -36.3563804626, -52.6619338989, -8.88999652863, 2.39095187187, -43.6560821533, 19.0551586151, 105.326446533, 41.7958145142], [-366.899932861, -97.9239807129, 177.820922852, 83.2808456421, 46.9636001587, -48.3282546997, -61.5491867065, -28.9603767395, 2.34828734398, -33.6016311646, -18.3874263763, 41.7958145142, 98.4559860229]],
        "icov": [[0.00328251556493, -0.00479767145589, 0.00526618398726, -0.00497319921851, 0.00431222189218, -0.00215905043297, 0.000757661589887, 0.000450408144388, -0.00153346941806, 0.00132107059471, -0.000843251880724, 0.000319616578054, -0.000160210503964], [-0.00479767145589, 0.00877104513347, -0.00754025857896, 0.00855540577322, -0.00462771207094, 0.00290466565639, 0.0023126967717, -0.00245865155011, 0.00566760636866, -0.00359341758303, 0.00362688535824, -0.00148620316759, 0.00152910500765], [0.00526618398726, -0.00754025857896, 0.00996495503932, -0.00876305252314, 0.00814156327397, -0.00330903520808, 0.000736891117413, 0.00341084878892, -0.00506914174184, 0.00553305866197, -0.0040433886461, 0.00147201365326, -0.00187477772124], [-0.00497319921851, 0.00855540577322, -0.00876305252314, 0.0108034452423, -0.00736369146034, 0.00397723214701, 0.00113249337301, -0.00361622287892, 0.00708964979276, -0.0068096476607, 0.00708911195397, -0.00367104075849, 0.00216322927736], [0.00431222189218, -0.00462771207094, 0.00814156327397, -0.00736369146034, 0.0118269082159, -0.00507731782272, 0.00635157851502, -0.00112311565317, -0.00172975345049, 0.00528004486114, -0.00602438347414, 0.0047635869123, -0.00280623044819], [-0.00215905043297, 0.00290466565639, -0.00330903520808, 0.00397723214701, -0.00507731782272, 0.0111639797688, -0.0123086925596, 0.010586685501, -0.00657212967053, -0.00192548905034, 0.00648193852976, -0.00538517767563, 0.00377281662077], [0.000757661589887, 0.0023126967717, 0.000736891117413, 0.00113249337301, 0.00635157851502, -0.0123086925596, 0.0242502782494, -0.0209269877523, 0.0174962356687, -0.00404863804579, -0.00133226474281, 0.00476282835007, -0.00130215159152], [0.000450408144388, -0.00245865155011, 0.00341084878892, -0.00361622287892, -0.00112311565317, 0.010586685501, -0.0209269877523, 0.028773156926, -0.0219697039574, 0.0125096533448, -0.00533783761784, -0.000973045651335, 0.00145461596549], [-0.00153346941806, 0.00566760636866, -0.00506914174184, 0.00708964979276, -0.00172975345049, -0.00657212967053, 0.0174962356687, -0.0219697039574, 0.0333761125803, -0.0251132193953, 0.0201810374856, -0.0103927692398, 0.00396934710443], [0.00132107059471, -0.00359341758303, 0.00553305866197, -0.0068096476607, 0.00528004486114, -0.00192548905034, -0.00404863804579, 0.0125096533448, -0.0251132193953, 0.0364463925362, -0.0275108199567, 0.0188753101975, -0.00531225977466], [-0.000843251880724, 0.00362688535824, -0.0040433886461, 0.00708911195397, -0.00602438347414, 0.00648193852976, -0.00133226474281, -0.00533783761784, 0.0201810374856, -0.0275108199567, 0.0389345884323, -0.0221401639283, 0.0122233051807], [0.000319616578054, -0.00148620316759, 0.00147201365326, -0.00367104075849, 0.0047635869123, -0.00538517767563, 0.00476282835007, -0.000973045651335, -0.0103927692398, 0.0188753101975, -0.0221401639283, 0.0270156599581, -0.0109784463421], [-0.000160210503964, 0.00152910500765, -0.00187477772124, 0.00216322927736, -0.00280623044819, 0.00377281662077, -0.00130215159152, 0.00145461596549, 0.00396934710443, -0.00531225977466, 0.0122233051807, -0.0109784463421, 0.0204768106341]]
    },
    "melbands": {
        "mean": [1.34036667987e-07, 3.11006829179e-07, 8.91369722922e-07, 6.5995795012e-05, 0.000523847993463, 0.000548491894733, 0.000682560319547, 0.000743854616303, 0.000525229144841, 0.000305158726405, 0.000129328545881, 7.72363127908e-05, 7.59567483328e-05, 8.10905694379e-05, 0.00010753445531, 8.87153801159e-05, 6.2561564846e-05, 4.53582179034e-05, 3.06531364913e-05, 1.97116260097e-05, 1.42895505633e-05, 7.31974205337e-06, 3.29995873471e-06, 5.09832034368e-06, 6.16083616478e-06, 4.95133008371e-06, 6.80968128108e-07, 4.35991083236e-08, 1.17734959559e-08, 7.37140926077e-09, 5.41436362411e-09, 3.70932928817e-09, 2.31103824966e-09, 1.63928637331e-09, 1.07651321191e-09, 6.2537841572e-10, 4.75332329053e-10, 2.84136908446e-10, 2.16368270523e-10, 1.49206244582e-10],
        "stdev": [5.39979907899e-07, 1.26991062643e-06, 3.5993793972e-06, 0.000172820145963, 0.00116591795813, 0.00108954869211, 0.00136237521656, 0.00148235843517, 0.00110988749657, 0.000771622813772, 0.000392135523725, 0.000212385944906, 0.000207632561796, 0.000212851271499, 0.000268401898211, 0.000216700878809, 0.000173012260348, 0.000132606990519, 9.52826521825e-05, 5.45685034012e-05, 3.70936941181e-05, 2.13644616451e-05, 1.20396143757e-05, 1.76158227987e-05, 2.01516741072e-05, 2.13414077734e-05, 2.40972258325e-06, 1.24446515315e-07, 5.50155583312e-08, 3.70325459187e-08, 3.31321245994e-08, 2.23548788369e-08, 1.42986671392e-08, 1.22827001903e-08, 1.06727187088e-08, 3.15767789694e-09, 3.21901083566e-09, 1.01633412797e-09, 7.63882013199e-10, 4.46025827383e-10]
    },
    "melbands128": {
        "mean": [1.95118417423e-07, 1.35208111374e-07, 1.07454297904e-07, 1.32068180392e-07, 2.52185969885e-07, 5.53363292966e-07, 8.49874197684e-07, 8.14002589777e-07, 1.30249202357e-06, 1.45195754158e-05, 8.75496698427e-05, 0.000366634718375, 0.000645064050332, 0.000743831973523, 0.000539303873666, 0.000447667844128, 0.000487555837026, 0.000709027459379, 0.000912566902116, 0.000871154596098, 0.000611112918705, 0.000536358100362, 0.000560126500204, 0.000480990827782, 0.000343407446053, 0.000250368349953, 0.000174553744728, 0.000124136800878, 8.18120388431e-05, 7.54236461944e-05, 7.74069922045e-05, 7.61322953622e-05, 8.09296616353e-05, 7.05124111846e-05, 7.01440876583e-05, 8.89373332029e-05, 8.60835862113e-05, 0.000109656779387, 0.000122704077512, 0.000102313737443, 7.82238712418e-05, 7.38350354368e-05, 6.5286141762e-05, 5.55489568796e-05, 5.201269596e-05, 4.11484288634e-05, 4.27336708526e-05, 3.07569971483e-05, 2.69247957476e-05, 2.26905031013e-05, 1.84204636753e-05, 1.77431102202e-05, 1.44285177157e-05, 1.41400723805e-05, 1.08964222818e-05, 6.96258803146e-06, 3.95628421757e-06, 2.75556340057e-06, 3.00697206512e-06, 4.23593155574e-06, 5.28922555532e-06, 5.83521659792e-06, 5.38474705536e-06, 6.37089260636e-06, 7.16800423106e-06, 6.11330460742e-06, 2.98374038721e-06, 9.0819213483e-07, 2.55690963513e-07, 8.90168863066e-08, 3.97002999364e-08, 2.14652082775e-08, 1.36309559196e-08, 1.04322364081e-08, 8.87239526293e-09, 7.71010011391e-09, 6.72636035759e-09, 5.77227377008e-09, 5.44368639055e-09, 4.85935114369e-09, 3.99093247339e-09, 3.29466565141e-09, 2.75562817009e-09, 2.23757679052e-09, 1.92245663833e-09, 1.72493574979e-09, 1.57501189868e-09, 1.38958700102e-09, 1.100283753e-09, 8.28259794083e-10, 6.4023564228e-10, 5.73976366436e-10, 5.74520653274e-10, 5.331717845e-10, 3.73176184398e-10, 3.07069036865e-10, 2.69368555239e-10, 2.42291742225e-10, 2.21355045404e-10, 2.06871880737e-10, 1.71854960818e-10, 1.43259321073e-10, 1.15166841341e-10, 1.03928726736e-10, 1.07939074345e-10, 1.03508937532e-10, 9.13545281089e-11, 8.3422505015e-11, 9.02635396982e-11, 7.89006221469e-11, 3.02156667742e-11, 2.52968843789e-11, 3.2106615977e-11, 3.70334006516e-11, 4.26788153429e-11, 9.35568497673e-11, 1.66441652127e-10, 3.96898312827e-11, 5.74551482779e-11, 1.51935852788e-09, 1.60072612942e-08, 2.25832597067e-08, 2.84433212983e-07, 5.26309406723e-07, 1.3123791831e-08, 9.32816579535e-09, 8.24990353809e-10, 8.16122863734e-12],
        "stdev": [7.54277778015e-07, 6.12753240148e-07, 4.90234924655e-07, 5.76278125664e-07, 1.11850363282e-06, 2.45268756771e-06, 3.78135155188e-06, 4.87098395752e-06, 5.24817687619e-06, 4.83251169499e-05, 0.000278549792711, 0.000984083744697, 0.00182893802412, 0.00219140318222, 0.00149162858725, 0.00126602896489, 0.00144280667882, 0.00200238008983, 0.00251286313869, 0.00231817667373, 0.00177357753273, 0.00151141977403, 0.00156458246056, 0.00158261822071, 0.00117364071775, 0.000895988137927, 0.000643910549115, 0.00053579476662, 0.000338929967256, 0.000267804483883, 0.000262370187556, 0.00025892429403, 0.000293911463814, 0.000256172119407, 0.000254778453382, 0.000300696352497, 0.000253572856309, 0.000349565787474, 0.000425836391514, 0.000316961144563, 0.000251354649663, 0.0002362284431, 0.000238739754423, 0.000217174063437, 0.000172173211467, 0.000171080770087, 0.000175786815817, 0.000108642918349, 0.000130156142404, 8.02427821327e-05, 5.91110729147e-05, 5.64157053304e-05, 4.50137777079e-05, 4.67866047984e-05, 3.57610224455e-05, 2.82965702354e-05, 1.25814694911e-05, 9.60988472798e-06, 1.51233489305e-05, 1.84009986697e-05, 2.06400272873e-05, 2.09270474443e-05, 1.61831303558e-05, 2.64896461886e-05, 3.54768199031e-05, 3.0480152418e-05, 1.30263942992e-05, 3.24627262671e-06, 6.8238290396e-07, 2.3410615313e-07, 1.2780114389e-07, 8.34086506529e-08, 6.16768431883e-08, 5.42388178815e-08, 4.61972682331e-08, 4.04658067055e-08, 3.39790204862e-08, 3.20346984495e-08, 3.62867176307e-08, 3.39192816057e-08, 2.43195046323e-08, 2.0548501567e-08, 1.87577509081e-08, 1.42243106183e-08, 1.09367839229e-08, 1.13001066282e-08, 1.44782319467e-08, 1.54797579199e-08, 1.23737677882e-08, 6.01770189235e-09, 2.9353888209e-09, 2.28696750426e-09, 4.26214841198e-09, 5.24769028232e-09, 1.50116297171e-09, 1.1238263653e-09, 9.7734054183e-10, 8.92822149545e-10, 7.62623186823e-10, 9.64235025158e-10, 5.99892857611e-10, 4.20360718456e-10, 2.58692595123e-10, 1.9912820004e-10, 2.76505179864e-10, 3.12373904521e-10, 1.84830942218e-10, 1.70142414047e-10, 4.48865167257e-10, 2.63235988562e-10, 2.41364678244e-10, 1.06368608366e-10, 2.2086493745e-10, 1.87340157276e-10, 1.46885809071e-10, 3.69789476817e-10, 7.13221925963e-10, 1.8040033356e-10, 2.96801527799e-10, 1.83540704857e-09, 1.11650342305e-08, 1.24070584917e-08, 4.59407161202e-08, 8.59856754687e-08, 9.03555719134e-09, 8.33734148387e-09, 1.07979614139e-09, 4.06591704749e-11]
    },
    "mfcc": {
        "mean": [-848.242736816, 170.182556152, -84.1211013794, -34.0225524902, -6.80728387833, -56.2079048157, -36.13331604, -23.0713272095, -36.8627548218, -8.86588764191, 0.981755018234, -12.7239770889, 3.1187915802],
        "cov": [[8849.01855469, 4465.34716797, -2315.91699219, -866.864318848, -827.083312988, -1012.40447998, -325.378631592, -309.446838379, -512.873046875, 25.0864620209, 60.3023796082, -56.2664375305, 51.0503005981], [4465.34716797, 3139.23022461, -562.531799316, -809.473266602, -638.003662109, -661.663330078, -407.482696533, -334.642150879, -378.686706543, -237.315933228, -90.2880554199, 20.3436946869, 4.73856163025], [-2315.91699219, -562.531799316, 1587.08349609, 288.716888428, -55.1470031738, 242.417251587, -136.900772095, -83.8975067139, 85.0544204712, -267.689910889, -202.399459839, 56.9574279785, -58.2567214966], [-866.864318848, -809.473266602, 288.716888428, 879.037475586, 438.360290527, -59.3278007507, -78.4592590332, -5.34749221802, -32.5678024292, -33.4131889343, -104.118232727, -113.459495544, 11.2511463165], [-827.083312988, -638.003662109, -55.1470031738, 438.360290527, 602.414672852, 73.2503433228, -171.027084351, -56.3398971558, 9.57185649872, 0.190285488963, -24.6167678833, -55.3897247314, 0.971532404423], [-1012.40447998, -661.663330078, 242.417251587, -59.3278007507, 73.2503433228, 539.450134277, 162.051025391, 39.8517303467, 231.209518433, 105.090133667, 64.4120864868, 88.2071990967, -42.6707000732], [-325.378631592, -407.482696533, -136.900772095, -78.4592590332, -171.027084351, 162.051025391, 425.385986328, 222.553543091, 67.9598236084, 143.111038208, 110.648880005, 19.8069763184, 10.0350017548], [-309.446838379, -334.642150879, -83.8975067139, -5.34749221802, -56.3398971558, 39.8517303467, 222.553543091, 267.976867676, 126.386795044, 49.5982437134, 67.3451309204, 39.4209136963, 8.10304927826], [-512.873046875, -378.686706543, 85.0544204712, -32.5678024292, 9.57185649872, 231.209518433, 67.9598236084, 126.386795044, 283.690002441, 123.105224609, 38.8771018982, 62.8788108826, 3.89115834236], [25.0864620209, -237.315933228, -267.689910889, -33.4131889343, 0.190285488963, 105.090133667, 143.111038208, 49.5982437134, 123.105224609, 259.991699219, 132.522888184, -9.72295093536, 23.4583034515], [60.3023796082, -90.2880554199, -202.399459839, -104.118232727, -24.6167678833, 64.4120864868, 110.648880005, 67.3451309204, 38.8771018982, 132.522888184, 189.365905762, 74.1657943726, -16.191701889], [-56.2664375305, 20.3436946869, 56.9574279785, -113.459495544, -55.3897247314, 88.2071990967, 19.8069763184, 39.4209136963, 62.8788108826, -9.72295093536, 74.1657943726, 141.96963501, 23.1463489532], [51.0503005981, 4.73856163025, -58.2567214966, 11.2511463165, 0.971532404423, -42.6707000732, 10.0350017548, 8.10304927826, 3.89115834236, 23.4583034515, -16.191701889, 23.1463489532, 111.180648804]],
        "icov": [[0.0184215586632, -0.0262562930584, 0.0272919777781, -0.0288660526276, 0.0301355924457, -0.0311636868864, 0.0310861151665, -0.0294255055487, 0.0262683127075, -0.0217567309737, 0.0160649139434, -0.0103606367484, 0.00516485935077], [-0.0262562930584, 0.038662660867, -0.0383201427758, 0.0415967330337, -0.0417478643358, 0.0451995208859, -0.043386194855, 0.0427946597338, -0.037086699158, 0.0310686510056, -0.0219832994044, 0.0135937556624, -0.00665999855846], [0.0272919777781, -0.0383201427758, 0.0422266274691, -0.0437158979475, 0.0464673340321, -0.0466771088541, 0.046339455992, -0.0416886582971, 0.0370873510838, -0.0289599057287, 0.0229427050799, -0.0149389654398, 0.00745056197047], [-0.0288660526276, 0.0415967330337, -0.0437158979475, 0.0485112033784, -0.0497935675085, 0.050865098834, -0.0496590472758, 0.0458094701171, -0.0400991216302, 0.0315787307918, -0.0223138462752, 0.0147763257846, -0.00681908521801], [0.0301355924457, -0.0417478643358, 0.0464673340321, -0.0497935675085, 0.0568114072084, -0.0558347590268, 0.0587926879525, -0.0523047447205, 0.0471367947757, -0.0356401093304, 0.0250218734145, -0.0147831849754, 0.0065008350648], [-0.0311636868864, 0.0451995208859, -0.0466771088541, 0.050865098834, -0.0558347590268, 0.0660424232483, -0.0672073885798, 0.0672330334783, -0.0615063533187, 0.0468520335853, -0.0319879725575, 0.0165899433196, -0.00606697611511], [0.0310861151665, -0.043386194855, 0.046339455992, -0.0496590472758, 0.0587926879525, -0.0672073885798, 0.0801658779383, -0.0799581035972, 0.0744244530797, -0.0620105005801, 0.0427521690726, -0.025390682742, 0.011157236062], [-0.0294255055487, 0.0427946597338, -0.0416886582971, 0.0458094701171, -0.0523047447205, 0.0672330334783, -0.0799581035972, 0.0922615975142, -0.0855616107583, 0.0752306580544, -0.0547633357346, 0.0331293791533, -0.015790225938], [0.0262683127075, -0.037086699158, 0.0370873510838, -0.0400991216302, 0.0471367947757, -0.0615063533187, 0.0744244530797, -0.0855616107583, 0.0905181095004, -0.0812226161361, 0.0622831135988, -0.0427453368902, 0.0204497799277], [-0.0217567309737, 0.0310686510056, -0.0289599057287, 0.0315787307918, -0.0356401093304, 0.0468520335853, -0.0620105005801, 0.0752306580544, -0.0812226161361, 0.0888562351465, -0.0714871585369, 0.0525893829763, -0.0285620223731], [0.0160649139434, -0.0219832994044, 0.0229427050799, -0.0223138462752, 0.0250218734145, -0.0319879725575, 0.0427521690726, -0.0547633357346, 0.0622831135988, -0.0714871585369, 0.0711799561977, -0.0531690232456, 0.0298159290105], [-0.0103606367484, 0.0135937556624, -0.0149389654398, 0.0147763257846, -0.0147831849754, 0.0165899433196, -0.025390682742, 0.0331293791533, -0.0427453368902, 0.0525893829763, -0.0531690232456, 0.051753602922, -0.0268892683089], [0.00516485935077, -0.00665999855846, 0.00745056197047, -0.00681908521801, 0.0065008350648, -0.00606697611511, 0.011157236062, -0.015790225938, 0.0204497799277, -0.0285620223731, 0.0298159290105, -0.0268892683089, 0.0245101060718]]
    },
    "spectral_contrast_coeffs": {
        "mean": [-0.519410789013, -0.711902201176, -0.79989773035, -0.801441192627, -0.690099537373, -0.85906714201],
        "stdev": [0.141724646091, 0.125132918358, 0.0832979530096, 0.0697060525417, 0.0815410017967, 0.0381968319416]
    },
    "spectral_contrast_valleys": {
        "mean": [-10.9589586258, -7.42522335052, -8.23246383667, -8.16944408417, -10.0735368729, -13.8556985855],
        "stdev": [1.13264834881, 1.43547022343, 1.4296810627, 1.25878846645, 0.96739500761, 0.634826004505]
    }
},
"rhythm": {
    "beats_count": 92,
    "beats_loudness": {
        "mean": 0.0309256836772,
        "stdev": 0.0210637878627
    },
    "bpm": 91.8775634766,
    "bpm_histogram_first_peak_bpm": 92,
    "bpm_histogram_first_peak_weight": 0.568627476692,
    "bpm_histogram_second_peak_bpm": 99,
    "bpm_histogram_second_peak_spread": 0.0526315569878,
    "bpm_histogram_second_peak_weight": 0.197802200913,
    "danceability": 1.74113428593,
    "onset_rate": 5.13341665268,
    "beats_loudness_band_ratio": {
        "mean": [0.000385714985896, 0.218821257353, 0.501856863499, 0.197966724634, 0.081048861146, 0.0343157760799],
        "stdev": [0.000562849920243, 0.268295586109, 0.262806564569, 0.172061562538, 0.135535374284, 0.12684892118]
    },
    "beats_position": [0.638548731804, 1.3235373497, 1.99691605568, 2.68190479279, 3.3785033226, 4.06349182129, 4.72526073456, 5.38702917099, 6.03718805313, 6.67573690414, 7.36072540283, 8.0224943161, 8.66104316711, 9.31120204926, 9.94974994659, 10.5999088287, 11.261677742, 11.9118366241, 12.5736055374, 13.2237634659, 13.8623123169, 14.5008611679, 15.1394100189, 15.8011789322, 16.4048976898, 17.0202255249, 17.6239452362, 18.2392749786, 18.8662128448, 19.4351024628, 20.0388202667, 20.6657600403, 21.2810878754, 21.8964176178, 22.5465755463, 23.1967334747, 23.8468933105, 24.497051239, 25.1472110748, 25.8089790344, 26.470746994, 27.1557369232, 27.8639450073, 28.5837631226, 29.3151912689, 30.0698413849, 30.8128795624, 31.5443077087, 32.2757377625, 33.0187759399, 33.7618141174, 34.4700202942, 35.1550102234, 35.8516082764, 36.5482063293, 37.2564163208, 37.976234436, 38.7076644897, 39.3810424805, 40.0660324097, 40.7161903381, 41.4011802673, 42.0977783203, 42.7943763733, 43.4909744263, 44.2107925415, 44.8725624084, 45.5575485229, 46.1960983276, 46.8346481323, 47.4848060608, 48.1349639893, 48.7735137939, 49.3888435364, 49.9925613403, 50.5962791443, 51.2232208252, 51.8501586914, 52.4538764954, 53.0575942993, 53.6845359802, 54.3230819702, 54.9616317749, 55.5885696411, 56.2155075073, 56.8308372498, 57.4461669922, 58.0498847961, 58.6652145386, 59.2573242188, 59.8610420227, 60.4647598267],
    "bpm_histogram": [0, 0, 0, 0, 0, 0, 0, 0, 0, 0, 0, 0, 0, 0, 0, 0, 0, 0, 0, 0, 0, 0, 0, 0, 0, 0, 0, 0, 0, 0, 0, 0, 0, 0, 0, 0, 0, 0, 0, 0, 0, 0, 0, 0, 0, 0, 0, 0, 0, 0, 0, 0, 0, 0, 0, 0, 0, 0, 0, 0, 0, 0, 0, 0, 0, 0, 0, 0, 0, 0, 0, 0, 0, 0, 0, 0, 0, 0, 0, 0, 0.0109890112653, 0.0329670347273, 0.0439560450613, 0.0329670347273, 0, 0.0329670347273, 0.0659340694547, 0, 0.0989011004567, 0.0219780225307, 0, 0.0989011004567, 0.142857149243, 0, 0.120879121125, 0, 0.0769230797887, 0, 0.0879120901227, 0.109890110791, 0, 0.0109890112653, 0, 0, 0, 0.0109890112653, 0, 0, 0, 0, 0, 0, 0, 0, 0, 0, 0, 0, 0, 0, 0, 0, 0, 0, 0, 0, 0, 0, 0, 0, 0, 0, 0, 0, 0, 0, 0, 0, 0, 0, 0, 0, 0, 0, 0, 0, 0, 0, 0, 0, 0, 0, 0, 0, 0, 0, 0, 0, 0, 0, 0, 0, 0, 0, 0, 0, 0, 0, 0, 0, 0, 0, 0, 0, 0, 0, 0, 0, 0, 0, 0, 0, 0, 0, 0, 0, 0, 0, 0, 0, 0, 0, 0, 0, 0, 0, 0, 0, 0, 0, 0, 0, 0, 0, 0, 0, 0, 0, 0, 0, 0, 0, 0, 0, 0, 0, 0, 0, 0, 0, 0, 0, 0, 0, 0, 0, 0, 0, 0, 0, 0, 0, 0, 0, 0, 0, 0, 0, 0, 0, 0, 0, 0, 0, 0, 0, 0, 0, 0, 0]
},
"tonal": {
    "chords_changes_rate": 0.213740453124,
    "chords_number_rate": 0.0167938936502,
    "chords_strength": {
        "mean": 0.455175727606,
        "stdev": 0.120763890445
    },
    "hpcp_crest": {
        "mean": 13.0005407333,
        "stdev": 6.32623624802
    },
    "hpcp_entropy": {
        "mean": 2.09418582916,
        "stdev": 0.807842612267
    },
    "key_edma": {
        "strength": 0.536697685719,
        "key": "C",
        "scale": "minor"
    },
    "key_krumhansl": {
        "strength": 0.530330479145,
        "key": "C",
        "scale": "minor"
    },
    "key_temperley": {
        "strength": 0.525568008423,
        "key": "C",
        "scale": "minor"
    },
    "tuning_diatonic_strength": 0.394365161657,
    "tuning_equal_tempered_deviation": 0.268672168255,
    "tuning_frequency": 434.946166992,
    "tuning_nontempered_energy_ratio": 0.901341080666,
    "hpcp": {
        "mean": [0.152018368244, 0.142517462373, 0.140178859234, 0.131583437324, 0.139643087983, 0.152700439095, 0.151720553637, 0.1457323879, 0.140606224537, 0.138318642974, 0.136198297143, 0.144240394235, 0.145810723305, 0.138519659638, 0.144890829921, 0.157916307449, 0.15900555253, 0.151477813721, 0.149523884058, 0.150725662708, 0.149229973555, 0.144793242216, 0.138614371419, 0.13384540379, 0.134078323841, 0.140793412924, 0.144322305918, 0.134836211801, 0.134242042899, 0.144251167774, 0.154476314783, 0.167001128197, 0.175356462598, 0.166700854897, 0.168290048838, 0.172252625227],
        "stdev": [0.240080013871, 0.230686873198, 0.233549773693, 0.223329976201, 0.233289703727, 0.250402480364, 0.248047083616, 0.241379708052, 0.229953020811, 0.229610830545, 0.229721754789, 0.240407437086, 0.244880467653, 0.233810082078, 0.237994521856, 0.261797636747, 0.253374367952, 0.256181687117, 0.249295026064, 0.255689293146, 0.243431031704, 0.241252064705, 0.240311712027, 0.230436742306, 0.234589383006, 0.237979918718, 0.235993728042, 0.217071980238, 0.207580327988, 0.227898225188, 0.241618514061, 0.254864215851, 0.266558140516, 0.261694788933, 0.266199469566, 0.272125571966]
    },
    "chords_histogram": [4.73282432556, 5.7251906395, 5.19083976746, 4.42748069763, 3.89312982559, 3.12977099419, 3.89312982559, 4.96183204651, 4.2748093605, 10.152671814, 5.95419836044, 2.21374034882, 0.3816793859, 1.06870234013, 3.66412210464, 4.42748069763, 11.603053093, 3.0534350872, 0.610687017441, 1.22137403488, 1.29770994186, 4.04580163956, 5.19083976746, 4.88549613953],
    "thpcp": [1, 0.950639903545, 0.959702551365, 0.982299864292, 0.86691057682, 0.812730014324, 0.799393773079, 0.750376880169, 0.796338438988, 0.870800197124, 0.865212202072, 0.831063687801, 0.801830887794, 0.788785517216, 0.776693940163, 0.822555363178, 0.831510424614, 0.789931893349, 0.826264560223, 0.900544583797, 0.906756162643, 0.863827943802, 0.852685332298, 0.859538674355, 0.851009249687, 0.825708031654, 0.790471971035, 0.763276159763, 0.764604389668, 0.802898347378, 0.823022425175, 0.768926382065, 0.765538036823, 0.822616755962, 0.8809273839, 0.952352285385],
    "chords_key": "G#",
    "chords_scale": "minor"
}
}