{
"metadata": {
    "version": {
        "essentia": "2.1-dev",
        "essentia_git_sha": "v2.1_beta3-415-gd5473f3",
        "extractor": "music 2.0"
    },
    "audio_properties": {
        "analysis": {
            "equal_loudness": 0,
            "length": 62.4326515198,
            "sample_rate": 44100,
            "start_time": 0,
            "downmix": "mix"
        },
        "bit_rate": 192000,
        "length": 62.4326515198,
        "lossless": 0,
        "number_channels": 2,
        "replay_gain": -5.72778511047,
        "sample_rate": 44100,
        "codec": "mp3",
        "md5_encoded": "7d23422a8ff32c695628d0af6fc646dd"
    },
    "tags": {
        "file_name": "tlfno_hombre_09.mp3",
        "date": ["2004"],
        "engineer": ["rosamerica tamyo"]
    }
},
"lowlevel": {
    "average_loudness": 0.968273341656,
    "barkbands_crest": {
        "mean": 11.1120700836,
        "stdev": 4.62593364716
    },
    "barkbands_flatness_db": {
        "mean": 0.282721817493,
        "stdev": 0.0488539412618
    },
    "barkbands_kurtosis": {
        "mean": 6.26856184006,
        "stdev": 13.4427900314
    },
    "barkbands_skewness": {
        "mean": 0.858429312706,
        "stdev": 2.04123353958
    },
    "barkbands_spread": {
        "mean": 15.6160478592,
        "stdev": 15.0367097855
    },
    "dissonance": {
        "mean": 0.443339079618,
        "stdev": 0.0505374856293
    },
    "dynamic_complexity": 4.65249300003,
    "erbbands_crest": {
        "mean": 11.0361528397,
        "stdev": 3.87986016273
    },
    "erbbands_flatness_db": {
        "mean": 0.345486104488,
        "stdev": 0.0692927092314
    },
    "erbbands_kurtosis": {
        "mean": 1.8353908062,
        "stdev": 5.89390182495
    },
    "erbbands_skewness": {
        "mean": -0.0176725946367,
        "stdev": 1.24967598915
    },
    "erbbands_spread": {
        "mean": 18.7879829407,
        "stdev": 12.3596954346
    },
    "hfc": {
        "mean": 15.2020082474,
        "stdev": 16.4589042664
    },
    "loudness_ebu128": {
        "integrated": -19.8010101318,
        "loudness_range": 1.33690071106,
        "momentary": {
            "mean": -20.4376373291,
            "stdev": 2.63722491264
        },
        "short_term": {
            "mean": -19.9110202789,
            "stdev": 0.447508454323
        }
    },
    "melbands_crest": {
        "mean": 12.4894485474,
        "stdev": 4.90337371826
    },
    "melbands_flatness_db": {
        "mean": 0.336618334055,
        "stdev": 0.0829769596457
    },
    "melbands_kurtosis": {
        "mean": 5.09465932846,
        "stdev": 12.3816633224
    },
    "melbands_skewness": {
        "mean": 1.21208703518,
        "stdev": 1.70103955269
    },
    "melbands_spread": {
        "mean": 19.1918525696,
        "stdev": 14.7060394287
    },
    "pitch_salience": {
        "mean": 0.689750015736,
        "stdev": 0.150638356805
    },
    "silence_rate_20dB": {
        "mean": 1,
        "stdev": 0
    },
    "silence_rate_30dB": {
        "mean": 1,
        "stdev": 0
    },
    "silence_rate_60dB": {
        "mean": 0.294052034616,
        "stdev": 0.455612659454
    },
    "spectral_centroid": {
        "mean": 1389.13378906,
        "stdev": 792.444641113
    },
    "spectral_complexity": {
        "mean": 12.3743495941,
        "stdev": 8.82868385315
    },
    "spectral_decrease": {
        "mean": -3.91103327502e-09,
        "stdev": 4.60094407018e-09
    },
    "spectral_energy": {
        "mean": 0.0161400102079,
        "stdev": 0.0187511369586
    },
    "spectral_energyband_high": {
        "mean": 2.53406069533e-05,
        "stdev": 1.19975129564e-05
    },
    "spectral_energyband_low": {
        "mean": 4.67119252789e-06,
        "stdev": 2.20208330575e-05
    },
    "spectral_energyband_middle_high": {
        "mean": 0.00545851932839,
        "stdev": 0.00652827555314
    },
    "spectral_energyband_middle_low": {
        "mean": 0.0107278842479,
        "stdev": 0.013499321416
    },
    "spectral_entropy": {
        "mean": 6.7714176178,
        "stdev": 0.421334028244
    },
    "spectral_flux": {
        "mean": 0.0843496546149,
        "stdev": 0.055933021009
    },
    "spectral_kurtosis": {
        "mean": 39.0802116394,
        "stdev": 19.423828125
    },
    "spectral_rms": {
        "mean": 0.00320748542435,
        "stdev": 0.00233631464653
    },
    "spectral_rolloff": {
        "mean": 3535.62084961,
        "stdev": 5361.00488281
    },
    "spectral_skewness": {
        "mean": 3.39607644081,
        "stdev": 1.39617037773
    },
    "spectral_spread": {
        "mean": 1739619.75,
        "stdev": 1703844.5
    },
    "spectral_strongpeak": {
        "mean": 1.47412550449,
        "stdev": 1.27997529507
    },
    "zerocrossingrate": {
        "mean": 0.160620927811,
        "stdev": 0.189797848463
    },
    "barkbands": {
        "mean": [5.58854026167e-07, 1.4990564523e-06, 2.0422282887e-06, 3.18702291224e-06, 0.000651381618809, 0.00119040778372, 0.00302851363085, 0.00346496119164, 0.00222641974688, 0.000476283108583, 0.00046476649004, 0.000899569364265, 0.000959706667345, 0.000649173802231, 0.000509855337441, 0.000400023622205, 0.000635281088762, 0.000247060932452, 0.000299130158965, 5.26758458363e-06, 1.01768057448e-06, 5.15016040481e-07, 2.12578186165e-07, 7.26416686803e-08, 3.18022657098e-08, 1.87288016207e-08, 2.30334389926e-05],
        "stdev": [1.81054315362e-06, 9.6850508271e-06, 1.07710347947e-05, 1.01660843939e-05, 0.0014839755604, 0.002186171012, 0.00559598486871, 0.00623003300279, 0.00463318498805, 0.0010450577829, 0.00123133591842, 0.00220784614794, 0.00216531055048, 0.00163235946093, 0.0013580879895, 0.000718027004041, 0.000977945746854, 0.000839314190671, 0.00115062785335, 2.51356268564e-05, 5.36087827641e-06, 2.65310495706e-06, 9.87358248494e-07, 2.49315093015e-07, 1.32414655241e-07, 4.89305733709e-08, 4.06715753343e-06]
    },
    "erbbands": {
        "mean": [5.69996882405e-05, 0.000331887800712, 0.00214201072231, 0.0126465409994, 0.362957686186, 2.80601358414, 5.86639595032, 11.4598426819, 33.4999046326, 59.7149391174, 78.9457321167, 53.738407135, 19.690788269, 15.5473527908, 24.1443653107, 37.9670906067, 43.7577667236, 35.5328598022, 31.615524292, 21.5000743866, 27.0489139557, 34.4090385437, 14.8784589767, 16.1861896515, 9.75804519653, 0.541639864445, 0.0680468976498, 0.0359990410507, 0.0205483846366, 0.0115319844335, 0.00510677322745, 0.00219317781739, 0.000949071254581, 0.000463305943413, 0.000194907857804, 8.73505778145e-05, 4.1284612962e-05, 0.00010362307512, 0.00119567825459, 0.000690481450874],
        "stdev": [0.000438209564891, 0.00175924308132, 0.0101156439632, 0.0287327785045, 0.535598576069, 6.47425174713, 11.4713106155, 22.9402065277, 66.5496063232, 107.123764038, 145.386886597, 111.286514282, 41.8996238708, 34.736656189, 63.0814056396, 87.5060043335, 96.6360015869, 79.7659606934, 80.1833877563, 51.5331535339, 42.8338661194, 53.2001342773, 38.2415008545, 56.3619537354, 41.0533752441, 2.11582517624, 0.258242607117, 0.179318875074, 0.106584988534, 0.0579970180988, 0.0225110165775, 0.00814132392406, 0.00299935112707, 0.00172211090103, 0.000814544968307, 0.000292355834972, 8.53708479553e-05, 8.16521060187e-05, 0.000234417471802, 0.000120797041745]
    },
    "gfcc": {
        "mean": [-193.484344482, 114.257705688, -185.777389526, -82.5515060425, -17.2639713287, -83.1595230103, -42.0554618835, -17.34715271, -5.36603546143, -28.6049175262, 12.4145011902, -13.4811210632, -2.30057859421],
        "cov": [[10306.8925781, 3598.62329102, -2462.08496094, -586.231933594, -1218.05627441, -167.934020996, -541.888916016, 108.5442276, 184.362808228, 148.890823364, -252.393249512, -9.90558433533, -579.266662598], [3598.62329102, 2862.02783203, -64.6283416748, -885.472473145, -608.34173584, -303.349975586, -431.292480469, -126.606895447, -77.6181182861, -185.47428894, -115.137039185, 18.6157665253, -173.13734436], [-2462.08496094, -64.6283416748, 1674.4732666, 164.71925354, -20.9911689758, 70.9655990601, -7.50551605225, -200.592529297, -72.4876785278, -163.112472534, -64.2170028687, 34.2236633301, 201.017913818], [-586.231933594, -885.472473145, 164.71925354, 818.067016602, 195.94039917, -47.2113647461, 0.384152412415, 1.43011868, -4.42972660065, 73.3413238525, -6.86954832077, -1.04256868362, 65.263961792], [-1218.05627441, -608.34173584, -20.9911689758, 195.94039917, 461.307373047, -81.9675445557, -28.7842998505, -6.66584062576, -33.1563796997, 8.95676231384, 71.5511245728, -15.8802947998, 68.2241287231], [-167.934020996, -303.349975586, 70.9655990601, -47.2113647461, -81.9675445557, 542.715942383, 213.119445801, -14.3621854782, 148.449264526, 81.588142395, -64.7595062256, -5.18952798843, -14.6186695099], [-541.888916016, -431.292480469, -7.50551605225, 0.384152412415, -28.7842998505, 213.119445801, 370.301269531, 127.120307922, -45.1329460144, 18.8496742249, 65.5586853027, 14.349275589, 0.491830140352], [108.5442276, -126.606895447, -200.592529297, 1.43011868, -6.66584062576, -14.3621854782, 127.120307922, 164.926681519, 11.5423173904, 11.2104053497, 39.8147773743, 15.5772886276, -13.0503263474], [184.362808228, -77.6181182861, -72.4876785278, -4.42972660065, -33.1563796997, 148.449264526, -45.1329460144, 11.5423173904, 205.11491394, 94.3340911865, -67.787940979, -18.143196106, -1.4242054224], [148.890823364, -185.47428894, -163.112472534, 73.3413238525, 8.95676231384, 81.588142395, 18.8496742249, 11.2104053497, 94.3340911865, 149.322494507, 24.2217693329, -30.7265338898, -26.2381134033], [-252.393249512, -115.137039185, -64.2170028687, -6.86954832077, 71.5511245728, -64.7595062256, 65.5586853027, 39.8147773743, -67.787940979, 24.2217693329, 130.268951416, 26.5588912964, -10.0713186264], [-9.90558433533, 18.6157665253, 34.2236633301, -1.04256868362, -15.8802947998, -5.18952798843, 14.349275589, 15.5772886276, -18.143196106, -30.7265338898, 26.5588912964, 77.2159957886, 25.1157588959], [-579.266662598, -173.13734436, 201.017913818, 65.263961792, 68.2241287231, -14.6186695099, 0.491830140352, -13.0503263474, -1.4242054224, -26.2381134033, -10.0713186264, 25.1157588959, 99.7587509155]],
        "icov": [[0.00297486805357, -0.00418529100716, 0.0046888096258, -0.00441655516624, 0.00389328133315, -0.00228782719932, 0.00133071490563, -0.000559062929824, 0.000241328700213, -0.000310986186378, 0.000745770055801, -0.000739495095331, 0.000557099469006], [-0.00418529100716, 0.00727386493236, -0.00685442611575, 0.00746024865657, -0.00432732747868, 0.00321216927841, 0.000267844210612, -0.000235405939748, 0.00143932155333, -0.000224840594456, 3.28424939653e-05, 0.000227656506468, 0.000558351282962], [0.0046888096258, -0.00685442611575, 0.0087417345494, -0.00771859381348, 0.0067510837689, -0.00378691148944, 0.00120807194617, 0.00132545083761, -0.00115485594142, 0.00220504309982, -0.000924373045564, 0.000454116001492, -0.00188386347145], [-0.00441655516624, 0.00746024865657, -0.00771859381348, 0.00968626886606, -0.00599136203527, 0.00384993874468, -0.000118883028335, -0.00117673852947, 0.00333315948956, -0.00400888733566, 0.00325614213943, -0.00171303632669, 0.000780013622716], [0.00389328133315, -0.00432732747868, 0.0067510837689, -0.00599136203527, 0.0103447651491, -0.00411427440122, 0.00490904180333, -0.00109062169213, 0.000601325300522, 0.00258610234596, -0.00418506702408, 0.00320506864227, -0.00297251041047], [-0.00228782719932, 0.00321216927841, -0.00378691148944, 0.00384993874468, -0.00411427440122, 0.00937637686729, -0.00924667343497, 0.00736344372854, -0.00680731981993, -0.00037773346412, 0.00358754419722, -0.00348933367059, 0.00364306755364], [0.00133071490563, 0.000267844210612, 0.00120807194617, -0.000118883028335, 0.00490904180333, -0.00924667343497, 0.0174041129649, -0.0138448476791, 0.0127234170213, -0.00367900263518, -0.00178621499799, 0.00242018559948, -0.00234952010214], [-0.000559062929824, -0.000235405939748, 0.00132545083761, -0.00117673852947, -0.00109062169213, 0.00736344372854, -0.0138448476791, 0.0207998435944, -0.014201246202, 0.00820934586227, -0.00454289745539, -0.000718226248864, 0.000736955611501], [0.000241328700213, 0.00143932155333, -0.00115485594142, 0.00333315948956, 0.000601325300522, -0.00680731981993, 0.0127234170213, -0.014201246202, 0.0253586620092, -0.0174632556736, 0.0128857679665, -0.0046784710139, -0.00103578798007], [-0.000310986186378, -0.000224840594456, 0.00220504309982, -0.00400888733566, 0.00258610234596, -0.00037773346412, -0.00367900263518, 0.00820934586227, -0.0174632556736, 0.0272673740983, -0.0191988945007, 0.0128427073359, -0.00299764517695], [0.000745770055801, 3.28424939653e-05, -0.000924373045564, 0.00325614213943, -0.00418506702408, 0.00358754419722, -0.00178621499799, -0.00454289745539, 0.0128857679665, -0.0191988945007, 0.0296157803386, -0.0166318155825, 0.00923380162567], [-0.000739495095331, 0.000227656506468, 0.000454116001492, -0.00171303632669, 0.00320506864227, -0.00348933367059, 0.00242018559948, -0.000718226248864, -0.0046784710139, 0.0128427073359, -0.0166318155825, 0.0261541064829, -0.01145513542], [0.000557099469006, 0.000558351282962, -0.00188386347145, 0.000780013622716, -0.00297251041047, 0.00364306755364, -0.00234952010214, 0.000736955611501, -0.00103578798007, -0.00299764517695, 0.00923380162567, -0.01145513542, 0.0232016164809]]
    },
    "melbands": {
        "mean": [4.58492621647e-07, 8.1217888237e-07, 4.74079388368e-06, 0.000103317099274, 0.000197288609343, 0.000260441709543, 0.00054426951101, 0.000678469543345, 0.000638269644696, 0.000301224121358, 8.89516813913e-05, 6.05027707934e-05, 7.17439179425e-05, 9.75802249741e-05, 0.000101923942566, 9.05542474356e-05, 6.26714900136e-05, 5.23139897268e-05, 3.59354889952e-05, 2.36958949245e-05, 3.4373410017e-05, 3.97404146497e-05, 1.90546888916e-05, 1.10244727693e-05, 1.33305957206e-05, 1.17852041512e-05, 1.38112193326e-06, 5.1958554792e-08, 3.20034381218e-08, 2.53124579075e-08, 1.75182091056e-08, 1.20883134613e-08, 8.04010813482e-09, 5.67714364408e-09, 3.10804337822e-09, 1.799204008e-09, 1.10274744891e-09, 6.67475075211e-10, 4.88459384052e-10, 3.30934557535e-10],
        "stdev": [3.15845409204e-06, 4.05196760767e-06, 7.51776906327e-06, 0.000212327460758, 0.000387594278436, 0.000497119850479, 0.00103849580046, 0.00117436004803, 0.00117905437946, 0.000643082661554, 0.000198557245312, 0.000137456343509, 0.00019108831475, 0.000252236000961, 0.000230034100241, 0.000213136110688, 0.000152850727318, 0.000141675714985, 9.90754851955e-05, 4.97153851029e-05, 5.68123359699e-05, 6.13523370703e-05, 4.16389520979e-05, 4.5557422709e-05, 4.83305593661e-05, 5.05446441821e-05, 7.05835782355e-06, 1.75170896455e-07, 1.60371229185e-07, 1.40307307106e-07, 9.10998920745e-08, 6.4535967681e-08, 4.36356550892e-08, 2.89207999771e-08, 1.42662424096e-08, 7.4212285206e-09, 4.01701916175e-09, 2.26520247004e-09, 1.65200941815e-09, 1.41808276233e-09]
    },
    "melbands128": {
        "mean": [2.93338160873e-07, 5.07098718572e-07, 4.55347333173e-07, 5.00865951381e-07, 8.75543605616e-07, 1.01957573406e-06, 8.84188125383e-07, 2.03108015739e-06, 1.84750351764e-05, 7.97240063548e-05, 0.00016156276979, 0.000193249536096, 0.000194605236175, 0.000217874272494, 0.00022437091684, 0.00027830444742, 0.000413695321186, 0.000601253123023, 0.000657463388052, 0.000682058220264, 0.00066973362118, 0.000708173378371, 0.00067843409488, 0.000533287704457, 0.000379843113478, 0.000208880504942, 0.000108748761704, 7.9777368228e-05, 6.7545712227e-05, 6.13163065282e-05, 5.53069075977e-05, 6.31338334642e-05, 7.07444560248e-05, 7.50058025005e-05, 9.69623215497e-05, 0.000102992715256, 0.000101758465462, 0.000101083263871, 0.000103931532067, 9.82378041954e-05, 9.19110243558e-05, 7.57245725254e-05, 6.1898099375e-05, 5.47168747289e-05, 5.87403701502e-05, 5.09006677021e-05, 4.85799027956e-05, 3.79182311008e-05, 3.09670431307e-05, 2.43605009018e-05, 2.13252133108e-05, 2.43174181378e-05, 2.9134691431e-05, 3.92235160689e-05, 4.58569375041e-05, 4.10295870097e-05, 3.57037279173e-05, 2.28152221098e-05, 1.34932815854e-05, 9.70566452452e-06, 1.02680560303e-05, 1.26259656099e-05, 1.2079206499e-05, 1.28619567477e-05, 1.64926168509e-05, 1.51888543769e-05, 6.96704682923e-06, 1.91016761164e-06, 3.37782438464e-07, 7.8204998033e-08, 4.49783392753e-08, 3.89858385574e-08, 3.52467424136e-08, 3.11085166516e-08, 2.77041660723e-08, 2.64426400776e-08, 2.44021851614e-08, 2.07492902859e-08, 1.66358393727e-08, 1.43223939375e-08, 1.28172592539e-08, 1.13697238291e-08, 9.54748724524e-09, 7.73226460637e-09, 6.81588696594e-09, 6.17674578152e-09, 5.52031265144e-09, 4.16256229485e-09, 2.96126345667e-09, 2.37283392934e-09, 2.00825867047e-09, 1.65881552938e-09, 1.40985156882e-09, 1.12864273483e-09, 9.03002894681e-10, 7.48075601464e-10, 6.16072692861e-10, 5.4541793304e-10, 5.08609154792e-10, 4.57233639839e-10, 3.87475385111e-10, 3.19082871236e-10, 2.50601650542e-10, 2.09607206592e-10, 1.99357752528e-10, 1.84768436662e-10, 1.537966976e-10, 1.35358738107e-10, 1.32833063993e-10, 1.3194063897e-10, 7.1811237512e-11, 6.32840377324e-11, 8.2317014316e-11, 9.01057770064e-11, 9.60058213484e-11, 2.95695495867e-10, 4.61523541606e-10, 1.35022396042e-10, 8.956185793e-11, 1.60017155082e-09, 1.73132406189e-08, 2.3548764716e-08, 3.03147743352e-07, 5.64159506666e-07, 1.35169289095e-08, 1.05177999643e-08, 8.43133007855e-10, 9.65501290029e-12],
        "stdev": [1.28399517507e-06, 4.12005329053e-06, 3.90959348806e-06, 2.70017335424e-06, 4.92460594614e-06, 5.47582567378e-06, 6.57127247905e-06, 4.60762294097e-06, 2.97562928608e-05, 0.00015066745982, 0.00039623057819, 0.000622901774477, 0.000483529642224, 0.000482088391436, 0.000585968256928, 0.000779736030381, 0.00102034618612, 0.00155030970927, 0.00167309911922, 0.00162421772256, 0.00160623004194, 0.00165615417063, 0.00163812667597, 0.00141285464633, 0.00104667933192, 0.000655422511045, 0.000356692587957, 0.000203052448342, 0.000184682838153, 0.000178489397513, 0.000141209660796, 0.000181870360393, 0.000234550228924, 0.000241718997131, 0.000343015271937, 0.000316613033647, 0.000293755932944, 0.00027193481219, 0.000293756398605, 0.000288000970613, 0.00028551905416, 0.000214325351408, 0.000196826382307, 0.000168075799593, 0.00020485384448, 0.000164539887919, 0.000161744217621, 0.000127672887174, 0.000109930755571, 7.09497908247e-05, 4.80510643683e-05, 5.3104624385e-05, 5.81125932513e-05, 7.72544954089e-05, 8.6388514319e-05, 7.35654466553e-05, 8.56705955812e-05, 6.13739393884e-05, 3.74744995497e-05, 3.84295526601e-05, 5.38238309673e-05, 7.02052711858e-05, 5.15911851835e-05, 5.08060184075e-05, 7.63944117352e-05, 7.13194385753e-05, 3.57085191354e-05, 1.28003084683e-05, 1.5736449086e-06, 2.85594097704e-07, 1.65715164258e-07, 1.52755305294e-07, 1.76253948325e-07, 1.73606721887e-07, 1.51589688357e-07, 1.55289910708e-07, 1.44709758843e-07, 1.21457546243e-07, 8.53644550602e-08, 7.15569186127e-08, 6.8639401718e-08, 6.88636490054e-08, 5.63076234528e-08, 4.3677200523e-08, 3.56576990157e-08, 3.17527799609e-08, 2.97876159294e-08, 2.0701207859e-08, 1.3675775179e-08, 1.06378763576e-08, 8.68010463506e-09, 6.99732183307e-09, 6.30934104962e-09, 4.23054169474e-09, 3.03227443155e-09, 2.96440272329e-09, 2.23365037577e-09, 1.75616587939e-09, 1.78151149388e-09, 1.63067015446e-09, 1.68183544869e-09, 1.54723367451e-09, 1.12203557556e-09, 8.6082768691e-10, 9.4792507177e-10, 1.04858655092e-09, 7.48143547114e-10, 4.93540819324e-10, 4.21353119062e-10, 5.44879252828e-10, 4.5205206245e-10, 2.85822643331e-10, 2.87126739051e-10, 2.42741299283e-10, 2.37341341025e-10, 8.85492179581e-10, 1.49599954646e-09, 5.39557232226e-10, 3.34105104693e-10, 1.88207205376e-09, 1.23717516232e-08, 1.41579059587e-08, 5.5428181156e-08, 1.05171110931e-07, 1.02293391535e-08, 9.34213773007e-09, 1.10908426887e-09, 6.05114985897e-11]
    },
    "mfcc": {
        "mean": [-823.882629395, 175.479522705, -93.560256958, -29.2834510803, 0.979810833931, -57.9571685791, -37.4946289062, -10.9675006866, -30.2285900116, -15.4292621613, -1.9074293375, -9.70300483704, -2.38407301903],
        "cov": [[9183.39257812, 3970.84838867, -2271.09790039, -646.333557129, -636.731811523, -817.159423828, -670.846313477, -195.593322754, -302.019012451, -16.2210350037, 242.063110352, 223.521469116, -1.86915266514], [3970.84838867, 2916.10473633, -366.809448242, -710.854187012, -436.841796875, -579.576721191, -486.190032959, -190.440994263, -251.614242554, -313.112976074, -82.8787765503, 105.631858826, -2.97532367706], [-2271.09790039, -366.809448242, 1758.59985352, 127.284820557, -191.998703003, 395.096923828, -19.3127269745, -52.304271698, 195.091064453, -232.365219116, -275.803863525, 38.7674102783, -29.84557724], [-646.333557129, -710.854187012, 127.284820557, 672.173034668, 269.945709229, -36.4548721313, 44.1331062317, -12.5054807663, -54.1360588074, 47.8681716919, -38.2940101624, -121.106758118, 11.6497592926], [-636.731811523, -436.841796875, -191.998703003, 269.945709229, 448.010040283, -14.8263311386, -61.0323944092, -71.0671920776, -69.0115280151, 39.2005844116, -8.25914859772, -109.925727844, -14.9160356522], [-817.159423828, -579.576721191, 395.096923828, -36.4548721313, -14.8263311386, 567.835510254, 102.768211365, -10.2292728424, 248.649688721, 84.2769546509, 16.5649051666, 108.981361389, -29.5352363586], [-670.846313477, -486.190032959, -19.3127269745, 44.1331062317, -61.0323944092, 102.768211365, 379.095306396, 185.308837891, 2.50086808205, 79.2728347778, 82.8274765015, 17.766834259, 54.9806022644], [-195.593322754, -190.440994263, -52.304271698, -12.5054807663, -71.0671920776, -10.2292728424, 185.308837891, 203.184448242, 48.4577636719, 9.539686203, 37.9045791626, 21.5482196808, 35.1227416992], [-302.019012451, -251.614242554, 195.091064453, -54.1360588074, -69.0115280151, 248.649688721, 2.50086808205, 48.4577636719, 265.128631592, 85.899597168, -7.52774095535, 71.2277374268, -4.18823337555], [-16.2210350037, -313.112976074, -232.365219116, 47.8681716919, 39.2005844116, 84.2769546509, 79.2728347778, 9.539686203, 85.899597168, 228.113464355, 128.938659668, -1.97048270702, 3.27274012566], [242.063110352, -82.8787765503, -275.803863525, -38.2940101624, -8.25914859772, 16.5649051666, 82.8274765015, 37.9045791626, -7.52774095535, 128.938659668, 183.624526978, 53.8045349121, -12.7560043335], [223.521469116, 105.631858826, 38.7674102783, -121.106758118, -109.925727844, 108.981361389, 17.766834259, 21.5482196808, 71.2277374268, -1.97048270702, 53.8045349121, 149.006591797, 29.8284797668], [-1.86915266514, -2.97532367706, -29.84557724, 11.6497592926, -14.9160356522, -29.5352363586, 54.9806022644, 35.1227416992, -4.18823337555, 3.27274012566, -12.7560043335, 29.8284797668, 108.607460022]],
        "icov": [[0.00565679138526, -0.00819135829806, 0.00879956316203, -0.00976593699306, 0.0103689972311, -0.0102222906426, 0.00982710067183, -0.00824476592243, 0.00629911851138, -0.0051881596446, 0.00332097732462, -0.00225465698168, 0.00108282489236], [-0.00819135829806, 0.0130175696686, -0.0125357350335, 0.0148507235572, -0.0141141833737, 0.0155354104936, -0.0132306590676, 0.0124142924324, -0.00849551521242, 0.00791873596609, -0.00444098655134, 0.00249317171983, -0.00162527523935], [0.00879956316203, -0.0125357350335, 0.0151213724166, -0.0157884266227, 0.0171612650156, -0.0163567848504, 0.0145691530779, -0.0111077576876, 0.00813660770655, -0.0054053356871, 0.00517511134967, -0.00274101388641, 0.00161978043616], [-0.00976593699306, 0.0148507235572, -0.0157884266227, 0.0198932848871, -0.0189967267215, 0.018525255844, -0.0164378732443, 0.0136128049344, -0.00928097590804, 0.00695080682635, -0.00425485894084, 0.00326081248932, -0.00184846518096], [0.0103689972311, -0.0141141833737, 0.0171612650156, -0.0189967267215, 0.0242937207222, -0.0203287824988, 0.0204636957496, -0.014778951183, 0.0128755932674, -0.0080576473847, 0.00507207447663, -0.00114324700553, 0.000422631856054], [-0.0102222906426, 0.0155354104936, -0.0163567848504, 0.018525255844, -0.0203287824988, 0.0265711434186, -0.0239718854427, 0.023190530017, -0.0201148688793, 0.0131221469492, -0.0078844903037, 0.00126422429457, 0.000392990041291], [0.00982710067183, -0.0132306590676, 0.0145691530779, -0.0164378732443, 0.0204636957496, -0.0239718854427, 0.0321241505444, -0.0302219744772, 0.0259303152561, -0.0198104903102, 0.0110817234963, -0.00598554452881, -8.14385421108e-05], [-0.00824476592243, 0.0124142924324, -0.0111077576876, 0.0136128049344, -0.014778951183, 0.023190530017, -0.0302219744772, 0.0399967953563, -0.032453391701, 0.0288958568126, -0.0201895926148, 0.0117414044216, -0.00539111858234], [0.00629911851138, -0.00849551521242, 0.00813660770655, -0.00928097590804, 0.0128755932674, -0.0201148688793, 0.0259303152561, -0.032453391701, 0.0389180295169, -0.0327889919281, 0.0256096925586, -0.0169456601143, 0.00692449091002], [-0.0051881596446, 0.00791873596609, -0.0054053356871, 0.00695080682635, -0.0080576473847, 0.0131221469492, -0.0198104903102, 0.0288958568126, -0.0327889919281, 0.0410399213433, -0.0322144031525, 0.0219724662602, -0.0112767759711], [0.00332097732462, -0.00444098655134, 0.00517511134967, -0.00425485894084, 0.00507207447663, -0.0078844903037, 0.0110817234963, -0.0201895926148, 0.0256096925586, -0.0322144031525, 0.0380141474307, -0.024834221229, 0.0145293865353], [-0.00225465698168, 0.00249317171983, -0.00274101388641, 0.00326081248932, -0.00114324700553, 0.00126422429457, -0.00598554452881, 0.0117414044216, -0.0169456601143, 0.0219724662602, -0.024834221229, 0.0290718059987, -0.0138705195859], [0.00108282489236, -0.00162527523935, 0.00161978043616, -0.00184846518096, 0.000422631856054, 0.000392990041291, -8.14385421108e-05, -0.00539111858234, 0.00692449091002, -0.0112767759711, 0.0145293865353, -0.0138705195859, 0.0178973525763]]
    },
    "spectral_contrast_coeffs": {
        "mean": [-0.530554294586, -0.757256805897, -0.80782109499, -0.799953818321, -0.63560706377, -0.851832568645],
        "stdev": [0.123789638281, 0.106891795993, 0.0730435401201, 0.0594842247665, 0.101029708982, 0.0449143610895]
    },
    "spectral_contrast_valleys": {
        "mean": [-10.7602148056, -7.08129882812, -7.85840654373, -7.89260435104, -9.92517757416, -13.7083005905],
        "stdev": [1.12503409386, 1.53849327564, 1.43942940235, 1.33080565929, 0.972672104836, 0.7682543993]
    }
},
"rhythm": {
    "beats_count": 114,
    "beats_loudness": {
        "mean": 0.029779387638,
        "stdev": 0.0210407823324
    },
    "bpm": 117.760513306,
    "bpm_histogram_first_peak_bpm": 117,
    "bpm_histogram_first_peak_weight": 0.421052634716,
    "bpm_histogram_second_peak_bpm": 136,
    "bpm_histogram_second_peak_spread": 0.555555522442,
    "bpm_histogram_second_peak_weight": 0.0707964599133,
    "danceability": 1.80178129673,
    "onset_rate": 5.60447740555,
    "beats_loudness_band_ratio": {
        "mean": [0.00291016791016, 0.135738283396, 0.528117895126, 0.187243267894, 0.136935085058, 0.0380450226367],
        "stdev": [0.00432323478162, 0.157689645886, 0.214028865099, 0.122205078602, 0.150174587965, 0.137500345707]
    },
    "beats_position": [0.53405892849, 1.06811785698, 1.62539684772, 2.14784574509, 2.67029476166, 3.20435357094, 3.75002264977, 4.2492518425, 4.74848079681, 5.24770975113, 5.75854873657, 6.31582736969, 6.87310647964, 7.41877555847, 7.98766422272, 8.56816291809, 9.287981987, 9.98458003998, 10.7276191711, 11.4358272552, 12.144036293, 12.8870744705, 13.5952835083, 14.2802715302, 14.9768705368, 15.6734695435, 16.3816776276, 17.0898857117, 17.786485672, 18.5295238495, 19.2841720581, 20.0388202667, 20.7818584442, 21.5248966217, 22.2795467377, 23.010974884, 23.7656230927, 24.4622211456, 25.1472110748, 25.8089790344, 26.4939670563, 27.1673469543, 27.8175048828, 28.4676647186, 29.1642627716, 29.8376407623, 30.5110206604, 31.1960086823, 31.8345565796, 32.5079345703, 33.1580963135, 33.7966423035, 34.3190917969, 34.8299331665, 35.3407707214, 35.8516082764, 36.362449646, 36.8732872009, 37.3841247559, 37.9297943115, 38.4754638672, 38.9863014221, 39.4971427917, 40.0079803467, 40.5188217163, 41.006439209, 41.4940567017, 41.981678009, 42.4809074402, 42.9801368713, 43.4445343018, 43.8857116699, 44.350112915, 44.8377304077, 45.3253517151, 45.7897491455, 46.2541503906, 46.718547821, 47.2061653137, 47.6589546204, 48.111743927, 48.5529251099, 49.0289344788, 49.4468917847, 49.8764610291, 50.2944221497, 50.7355995178, 51.1767807007, 51.6179580688, 52.0707473755, 52.5003166199, 52.941493988, 53.3942832947, 53.8470726013, 54.2882537842, 54.7178230286, 55.1706123352, 55.6466217041, 56.122631073, 56.5870285034, 57.0514259338, 57.4926071167, 57.9453964233, 58.3633537292, 58.7580947876, 59.1644439697, 59.5359611511, 59.9307022095, 60.3022193909, 60.673740387, 61.0452613831, 61.4167785645, 61.8115196228, 62.2062568665],
    "bpm_histogram": [0, 0, 0, 0, 0, 0, 0, 0, 0, 0, 0, 0, 0, 0, 0, 0, 0, 0, 0, 0, 0, 0, 0, 0, 0, 0, 0, 0, 0, 0, 0, 0, 0, 0, 0, 0, 0, 0, 0, 0, 0, 0, 0, 0, 0, 0, 0, 0, 0, 0, 0, 0, 0, 0, 0, 0, 0, 0, 0, 0, 0, 0, 0, 0, 0, 0, 0, 0, 0, 0, 0, 0, 0, 0, 0, 0, 0, 0, 0, 0, 0.0353982299566, 0.0442477874458, 0.00884955748916, 0.00884955748916, 0, 0.0442477874458, 0.0530973449349, 0, 0.0353982299566, 0.0353982299566, 0, 0.00884955748916, 0.0265486724675, 0, 0.0176991149783, 0, 0, 0, 0, 0, 0, 0, 0, 0.00884955748916, 0, 0.00884955748916, 0, 0, 0.0265486724675, 0, 0.0353982299566, 0, 0.0176991149783, 0, 0, 0.0265486724675, 0, 0.097345136106, 0, 0, 0.0442477874458, 0, 0, 0.0530973449349, 0, 0, 0.0265486724675, 0, 0, 0.0619469024241, 0, 0, 0, 0.0619469024241, 0, 0, 0.0707964599133, 0, 0, 0, 0.0265486724675, 0, 0, 0, 0.0265486724675, 0, 0, 0, 0.00884955748916, 0, 0, 0, 0.0353982299566, 0, 0, 0, 0, 0, 0, 0, 0, 0.0442477874458, 0, 0, 0, 0, 0, 0, 0, 0, 0, 0, 0, 0, 0, 0, 0, 0, 0, 0, 0, 0, 0, 0, 0, 0, 0, 0, 0, 0, 0, 0, 0, 0, 0, 0, 0, 0, 0, 0, 0, 0, 0, 0, 0, 0, 0, 0, 0, 0, 0, 0, 0, 0, 0, 0, 0, 0, 0, 0, 0, 0, 0, 0, 0, 0, 0, 0, 0, 0, 0, 0, 0, 0, 0, 0, 0, 0, 0, 0, 0, 0, 0, 0, 0, 0, 0, 0, 0, 0]
},
"tonal": {
    "chords_changes_rate": 0.14561663568,
    "chords_number_rate": 0.00965824630111,
    "chords_strength": {
        "mean": 0.469934642315,
        "stdev": 0.104300953448
    },
    "hpcp_crest": {
        "mean": 11.3361959457,
        "stdev": 5.46677112579
    },
    "hpcp_entropy": {
        "mean": 2.34316277504,
        "stdev": 0.789856493473
    },
    "key_edma": {
        "strength": 0.590754508972,
        "key": "C#",
        "scale": "minor"
    },
    "key_krumhansl": {
        "strength": 0.576148033142,
        "key": "C#",
        "scale": "minor"
    },
    "key_temperley": {
        "strength": 0.598772525787,
        "key": "G#",
        "scale": "minor"
    },
    "tuning_diatonic_strength": 0.594890773296,
    "tuning_equal_tempered_deviation": 0.250325948,
    "tuning_frequency": 444.085327148,
    "tuning_nontempered_energy_ratio": 0.898943543434,
    "hpcp": {
        "mean": [0.184460610151, 0.182763427496, 0.186479434371, 0.189764916897, 0.184642761946, 0.178820580244, 0.173122674227, 0.169323042035, 0.170671761036, 0.176754757762, 0.183296978474, 0.197987481952, 0.211236819625, 0.216934323311, 0.216933816671, 0.227080374956, 0.23768389225, 0.231791093946, 0.234502077103, 0.239403173327, 0.220452189445, 0.194022059441, 0.175491213799, 0.160757035017, 0.152138441801, 0.144291996956, 0.147755920887, 0.154354155064, 0.158955007792, 0.164395734668, 0.16783438623, 0.185308873653, 0.210325941443, 0.227773085237, 0.236919566989, 0.211377650499],
        "stdev": [0.253508627415, 0.255635797977, 0.262339949608, 0.261794179678, 0.252023249865, 0.245942726731, 0.246319562197, 0.240003630519, 0.236979469657, 0.248356416821, 0.248003080487, 0.254231631756, 0.269109934568, 0.270760297775, 0.271203488111, 0.266245812178, 0.272886693478, 0.261505901814, 0.270779520273, 0.272885292768, 0.261820673943, 0.24124610424, 0.211862847209, 0.211494117975, 0.199697136879, 0.186999648809, 0.20141685009, 0.215026304126, 0.21773083508, 0.216262876987, 0.215222761035, 0.235372081399, 0.261555999517, 0.285541385412, 0.301563441753, 0.269272208214]
    },
    "chords_histogram": [12.9271917343, 0, 1.93164932728, 6.16641902924, 0.965824663639, 0, 0.0742942020297, 31.500743866, 1.04011881351, 4.82912349701, 17.0133724213, 0.445765227079, 0.22288261354, 0, 0.371471017599, 0, 0, 5.86924219131, 1.70876669884, 1.04011881351, 4.38335800171, 5.12630033493, 3.78900456429, 0.594353616238],
    "thpcp": [1, 0.920840740204, 0.810440659523, 0.733036279678, 0.671490848064, 0.635490477085, 0.602715492249, 0.617184460163, 0.644745647907, 0.663963675499, 0.686689853668, 0.701053321362, 0.774045169353, 0.878542840481, 0.951420485973, 0.989625871181, 0.882935881615, 0.770501971245, 0.763412714005, 0.778934657574, 0.79265832901, 0.771262824535, 0.746943235397, 0.723142743111, 0.707271516323, 0.712905168533, 0.738314151764, 0.765641391277, 0.827004432678, 0.882347643375, 0.906146407127, 0.90614426136, 0.948526978493, 0.99281847477, 0.968203961849, 0.979527831078],
    "chords_key": "G#",
    "chords_scale": "major"
}
}