{
"metadata": {
    "version": {
        "essentia": "2.1-dev",
        "essentia_git_sha": "v2.1_beta3-415-gd5473f3",
        "extractor": "music 2.0"
    },
    "audio_properties": {
        "analysis": {
            "equal_loudness": 0,
            "length": 229.355102539,
            "sample_rate": 44100,
            "start_time": 0,
            "downmix": "mix"
        },
        "bit_rate": 192000,
        "length": 229.355102539,
        "lossless": 0,
        "number_channels": 2,
        "replay_gain": -9.96248054504,
        "sample_rate": 44100,
        "codec": "mp3",
        "md5_encoded": "ee4b7ad669a3184a602355440a6de475"
    },
    "tags": {
        "file_name": "area-facta_non_verba.mp3",
        "album": ["Various Artists"],
        "artist": ["DISCO ESTRELLA VOL. 4 - CD 2"],
        "genre": ["Other"],
        "title": ["Area - Facta non Verba"]
    }
},
"lowlevel": {
    "average_loudness": 0.959975719452,
    "barkbands_crest": {
        "mean": 11.5245494843,
        "stdev": 5.24249267578
    },
    "barkbands_flatness_db": {
        "mean": 0.130020618439,
        "stdev": 0.0634056255221
    },
    "barkbands_kurtosis": {
        "mean": 6.07119941711,
        "stdev": 12.3604841232
    },
    "barkbands_skewness": {
        "mean": 1.87516009808,
        "stdev": 1.4165841341
    },
    "barkbands_spread": {
        "mean": 24.2510318756,
        "stdev": 17.0593032837
    },
    "dissonance": {
        "mean": 0.461625814438,
        "stdev": 0.0287415962666
    },
    "dynamic_complexity": 2.4275431633,
    "erbbands_crest": {
        "mean": 8.24979686737,
        "stdev": 3.85986471176
    },
    "erbbands_flatness_db": {
        "mean": 0.130774393678,
        "stdev": 0.0572387836874
    },
    "erbbands_kurtosis": {
        "mean": 0.353228002787,
        "stdev": 1.86884284019
    },
    "erbbands_skewness": {
        "mean": 0.376463830471,
        "stdev": 0.678625166416
    },
    "erbbands_spread": {
        "mean": 43.9576454163,
        "stdev": 21.4189853668
    },
    "hfc": {
        "mean": 31.5409202576,
        "stdev": 29.9544658661
    },
    "loudness_ebu128": {
        "integrated": -11.6883201599,
        "loudness_range": 4.59041309357,
        "momentary": {
            "mean": -15.0799951553,
            "stdev": 26.9457817078
        },
        "short_term": {
            "mean": -12.3820409775,
            "stdev": 3.68973994255
        }
    },
    "melbands_crest": {
        "mean": 16.7541542053,
        "stdev": 7.77594518661
    },
    "melbands_flatness_db": {
        "mean": 0.209281876683,
        "stdev": 0.0808257758617
    },
    "melbands_kurtosis": {
        "mean": 18.1281261444,
        "stdev": 26.6669597626
    },
    "melbands_skewness": {
        "mean": 3.08680987358,
        "stdev": 1.87903213501
    },
    "melbands_spread": {
        "mean": 21.4349689484,
        "stdev": 20.1277332306
    },
    "pitch_salience": {
        "mean": 0.516745269299,
        "stdev": 0.161725506186
    },
    "silence_rate_20dB": {
        "mean": 1,
        "stdev": 0
    },
    "silence_rate_30dB": {
        "mean": 0.95880150795,
        "stdev": 0.198760092258
    },
    "silence_rate_60dB": {
        "mean": 0.0404899269342,
        "stdev": 0.197099268436
    },
    "spectral_centroid": {
        "mean": 1346.31225586,
        "stdev": 1143.69555664
    },
    "spectral_complexity": {
        "mean": 21.0732860565,
        "stdev": 9.16638183594
    },
    "spectral_decrease": {
        "mean": -1.13992193462e-08,
        "stdev": 7.61383223136e-09
    },
    "spectral_energy": {
        "mean": 0.0458842180669,
        "stdev": 0.0294541865587
    },
    "spectral_energyband_high": {
        "mean": 0.00180043769069,
        "stdev": 0.00317612523213
    },
    "spectral_energyband_low": {
        "mean": 0.0237315129489,
        "stdev": 0.0262909960002
    },
    "spectral_energyband_middle_high": {
        "mean": 0.00535870576277,
        "stdev": 0.00434383330867
    },
    "spectral_energyband_middle_low": {
        "mean": 0.0164953004569,
        "stdev": 0.0139438612387
    },
    "spectral_entropy": {
        "mean": 7.69622850418,
        "stdev": 0.587238788605
    },
    "spectral_flux": {
        "mean": 0.108040742576,
        "stdev": 0.0684056654572
    },
    "spectral_kurtosis": {
        "mean": 6.4416103363,
        "stdev": 12.5707883835
    },
    "spectral_rms": {
        "mean": 0.00624298816547,
        "stdev": 0.00240626675077
    },
    "spectral_rolloff": {
        "mean": 1587.60913086,
        "stdev": 2477.23754883
    },
    "spectral_skewness": {
        "mean": 1.80782485008,
        "stdev": 0.995177268982
    },
    "spectral_spread": {
        "mean": 6079091.5,
        "stdev": 4098042
    },
    "spectral_strongpeak": {
        "mean": 0.797606766224,
        "stdev": 0.880681574345
    },
    "zerocrossingrate": {
        "mean": 0.0673593357205,
        "stdev": 0.0622234605253
    },
    "barkbands": {
        "mean": [0.000912298448384, 0.0168883353472, 0.00463364832103, 0.00283968029544, 0.00467817066237, 0.00283583812416, 0.00204691104591, 0.00207389844581, 0.00154894578736, 0.000841991335619, 0.000872410018928, 0.000541586137842, 0.000557038350962, 0.000534221006092, 0.000726016936824, 0.000444433564553, 0.000326953828335, 0.000275997561403, 0.000401962926844, 0.000190128674149, 0.00021255169122, 0.000278082705336, 0.000304006243823, 0.000344429543475, 0.000341274426319, 0.000221508889808, 1.18917832879e-05],
        "stdev": [0.00145619444083, 0.021215012297, 0.0117035135627, 0.00672072917223, 0.00715054059401, 0.00340178492479, 0.00291632907465, 0.00395992957056, 0.00257212435827, 0.00135730847251, 0.00197659735568, 0.000863313267473, 0.000985634629615, 0.000789631507359, 0.001325013116, 0.000730929605197, 0.000406819774071, 0.000329985254211, 0.00055627443362, 0.000223013295908, 0.000308806076646, 0.000815651554149, 0.000680374796502, 0.000944427971262, 0.00064040441066, 0.000409763830248, 2.23927872867e-05]
    },
    "erbbands": {
        "mean": [0.629655480385, 3.17309474945, 5.48855638504, 7.81566810608, 14.397939682, 15.4739627838, 13.3372354507, 25.0394382477, 29.8729305267, 38.242641449, 43.8294296265, 36.0652999878, 35.2892303467, 25.062746048, 31.8500442505, 25.519536972, 26.5533065796, 30.3578548431, 32.2502670288, 33.6493835449, 24.1379261017, 15.872633934, 14.3279905319, 24.1883850098, 13.5655145645, 9.76164913177, 8.27259254456, 8.81754016876, 10.2895288467, 8.19318199158, 9.48063182831, 7.61427259445, 5.24249267578, 3.90717554092, 2.38752985001, 1.1141461134, 0.380807071924, 0.0583284981549, 0.00132012239192, 9.79310425464e-05],
        "stdev": [0.832624256611, 4.73995685577, 12.3095111847, 18.9240207672, 28.4584255219, 23.0308914185, 17.5983581543, 33.0256767273, 41.9445648193, 62.3646583557, 85.8862228394, 62.3196563721, 54.6412734985, 41.3432388306, 58.1887054443, 36.3829917908, 44.7524986267, 44.6188011169, 57.66847229, 58.6239128113, 32.3998794556, 18.1847896576, 15.6152305603, 34.951133728, 15.3423309326, 11.098733902, 9.77351474762, 19.2300224304, 31.0285625458, 19.3219299316, 20.9976062775, 21.3181724548, 13.7562503815, 7.6403055191, 4.55446720123, 2.12537384033, 0.711982369423, 0.104485109448, 0.00228294776753, 9.28784429561e-05]
    },
    "gfcc": {
        "mean": [22.1440010071, 79.6260223389, -95.3070907593, 19.6819915771, -52.8641891479, 18.2278213501, -41.2720298767, 17.6772670746, -23.9645252228, 9.48397731781, -14.9037380219, 5.03662776947, -14.1232938766],
        "cov": [[22356.7441406, -1587.05993652, -985.419128418, 1308.13867188, -912.9140625, 714.788085938, -579.914245605, 408.708099365, -363.980133057, 566.054382324, -397.277069092, 376.636413574, -258.963348389], [-1587.05993652, 1752.65393066, -284.894958496, -539.867126465, 203.077270508, -287.823760986, 13.0876865387, -22.9321117401, 15.3902101517, -243.21307373, 97.5825576782, -185.500671387, 21.9331798553], [-985.419128418, -284.894958496, 713.667724609, 234.400787354, -10.9332027435, 168.65020752, 131.01991272, -25.4069366455, 57.1976356506, 97.7577438354, 13.6763114929, 68.2845001221, 53.0609893799], [1308.13867188, -539.867126465, 234.400787354, 581.244873047, 3.97316646576, 223.483169556, 85.4287261963, 2.2346227169, 59.4028282166, 156.817199707, 1.14137637615, 127.17616272, 70.2887573242], [-912.9140625, 203.077270508, -10.9332027435, 3.97316646576, 296.362030029, -9.39509296417, 44.9662857056, 38.0352058411, 68.9900970459, -7.35932445526, 39.8788375854, -27.8709182739, 22.3166751862], [714.788085938, -287.823760986, 168.65020752, 223.483169556, -9.39509296417, 248.548339844, 117.414016724, 30.1269798279, 51.3114509583, 106.217247009, 16.7190914154, 78.1587905884, 32.4542427063], [-579.914245605, 13.0876865387, 131.01991272, 85.4287261963, 44.9662857056, 117.414016724, 252.127609253, 43.6915130615, 98.4592285156, 60.7624588013, 59.8759880066, 60.517375946, 51.6486625671], [408.708099365, -22.9321117401, -25.4069366455, 2.2346227169, 38.0352058411, 30.1269798279, 43.6915130615, 155.975509644, 74.4570083618, 47.391418457, 35.1893196106, 18.1988945007, 11.0490455627], [-363.980133057, 15.3902101517, 57.1976356506, 59.4028282166, 68.9900970459, 51.3114509583, 98.4592285156, 74.4570083618, 175.172042847, 106.51360321, 65.3970108032, 33.1491584778, 49.6663246155], [566.054382324, -243.21307373, 97.7577438354, 156.817199707, -7.35932445526, 106.217247009, 60.7624588013, 47.391418457, 106.51360321, 176.837097168, 44.7595863342, 79.425743103, 38.0655555725], [-397.277069092, 97.5825576782, 13.6763114929, 1.14137637615, 39.8788375854, 16.7190914154, 59.8759880066, 35.1893196106, 65.3970108032, 44.7595863342, 113.627174377, 46.2263412476, 48.3050918579], [376.636413574, -185.500671387, 68.2845001221, 127.17616272, -27.8709182739, 78.1587905884, 60.517375946, 18.1988945007, 33.1491584778, 79.425743103, 46.2263412476, 118.233940125, 60.841884613], [-258.963348389, 21.9331798553, 53.0609893799, 70.2887573242, 22.3166751862, 32.4542427063, 51.6486625671, 11.0490455627, 49.6663246155, 38.0655555725, 48.3050918579, 60.841884613, 104.804420471]],
        "icov": [[0.000242046604399, -0.00043015065603, 0.000473896070616, -0.000663704937324, 0.000557745457627, -0.000696218863595, 0.000702263612766, -0.0010784039041, 0.000914189149626, -0.00111153768376, 0.000975691596977, -0.000915292534046, 0.000809871358797], [-0.00043015065603, 0.00207987893373, -0.000665091851261, 0.00178817065898, -0.00131065072492, 0.00160199310631, -0.00175538519397, 0.00232568522915, -0.00199525803328, 0.00302518112585, -0.00308723142371, 0.00335818622261, -0.0026376019232], [0.000473896070616, -0.000665091851261, 0.00280261854641, -0.00155152799562, 0.00115994887892, -0.00195326423272, 0.000694504298735, -0.00138590054121, 0.00168004806619, -0.0024308625143, 0.00189700128976, -0.00116573099513, 0.000982625409961], [-0.000663704937324, 0.00178817065898, -0.00155152799562, 0.00560014974326, -0.00239186082035, 8.09296543594e-05, -0.00166847393848, 0.00375003181398, -0.0025511814747, 0.00202374532819, -0.00146890652832, 0.00126270181499, -0.00365540036], [0.000557745457627, -0.00131065072492, 0.00115994887892, -0.00239186082035, 0.00578661076725, -0.00155184336472, 0.00142614159267, -0.00306339305826, 0.000440225529019, -0.00138629996218, 0.00110958842561, -0.000149165876792, 0.00140789069701], [-0.000696218863595, 0.00160199310631, -0.00195326423272, 8.09296543594e-05, -0.00155184336472, 0.0109395012259, -0.00529387127608, 0.00213344930671, -0.00084088917356, 0.000515048275702, -0.00239998823963, 0.00232355552725, -0.00182540295646], [0.000702263612766, -0.00175538519397, 0.000694504298735, -0.00166847393848, 0.00142614159267, -0.00529387127608, 0.00954243820161, -0.00319867487997, -0.00129914365243, -0.000552273588255, 0.00218480289914, -0.0058356798254, 0.00303726224229], [-0.0010784039041, 0.00232568522915, -0.00138590054121, 0.00375003181398, -0.00306339305826, 0.00213344930671, -0.00319867487997, 0.0136514669284, -0.00781267508864, 0.00522432150319, -0.00524552492425, 0.00328229321167, -0.0025188147556], [0.000914189149626, -0.00199525803328, 0.00168004806619, -0.0025511814747, 0.000440225529019, -0.00084088917356, -0.00129914365243, -0.00781267508864, 0.0207864828408, -0.0150539884344, 0.00123718520626, 0.00277975108474, -0.00139947875869], [-0.00111153768376, 0.00302518112585, -0.0024308625143, 0.00202374532819, -0.00138629996218, 0.000515048275702, -0.000552273588255, 0.00522432150319, -0.0150539884344, 0.023143729195, -0.00640516262501, -0.0021156789735, -0.000740600342397], [0.000975691596977, -0.00308723142371, 0.00189700128976, -0.00146890652832, 0.00110958842561, -0.00239998823963, 0.00218480289914, -0.00524552492425, 0.00123718520626, -0.00640516262501, 0.0206379462034, -0.0108672352508, 0.0016015561996], [-0.000915292534046, 0.00335818622261, -0.00116573099513, 0.00126270181499, -0.000149165876792, 0.00232355552725, -0.0058356798254, 0.00328229321167, 0.00277975108474, -0.0021156789735, -0.0108672352508, 0.0287667512894, -0.0136189805344], [0.000809871358797, -0.0026376019232, 0.000982625409961, -0.00365540036, 0.00140789069701, -0.00182540295646, 0.00303726224229, -0.0025188147556, -0.00139947875869, -0.000740600342397, 0.0016015561996, -0.0136189805344, 0.0211832150817]]
    },
    "melbands": {
        "mean": [0.0050381203182, 0.00337854400277, 0.00158279563766, 0.001127408701, 0.000504244701006, 0.000572388467845, 0.000453338056104, 0.000427845778177, 0.000343300111126, 0.000216543950955, 0.000170148574398, 9.36741562327e-05, 0.000122460143757, 6.58722274238e-05, 6.4445179305e-05, 5.09367928316e-05, 5.62037348573e-05, 4.83969124616e-05, 4.67135905637e-05, 3.97260409954e-05, 2.65053968178e-05, 1.69590493897e-05, 1.2752461771e-05, 1.45518552017e-05, 2.07596876862e-05, 1.25831529658e-05, 6.94238678989e-06, 6.06052481089e-06, 5.1476004046e-06, 4.60964474769e-06, 5.44376189282e-06, 6.03108492214e-06, 5.05873913426e-06, 4.37989456259e-06, 5.63237836104e-06, 5.10592917635e-06, 4.44194029114e-06, 3.69529379896e-06, 3.38415725309e-06, 3.26243684867e-06],
        "stdev": [0.00622647209093, 0.0058878781274, 0.00337322009727, 0.00186114921235, 0.000630283087958, 0.000729577615857, 0.000620493898168, 0.000703025376424, 0.000655325304251, 0.000361948943464, 0.000269974727416, 0.000163132455782, 0.000269822514383, 9.3577458756e-05, 0.000108081076178, 8.8036795205e-05, 8.85855988599e-05, 9.08899164642e-05, 9.36051292229e-05, 7.05354759702e-05, 3.76336211048e-05, 2.14623087231e-05, 1.52128941409e-05, 1.77412421181e-05, 3.23421845678e-05, 1.79373491846e-05, 7.71058603277e-06, 7.28371742298e-06, 6.20715945843e-06, 6.68180609864e-06, 1.31898632389e-05, 1.91475501197e-05, 1.42769240483e-05, 1.03136271719e-05, 1.26211698444e-05, 1.26007616927e-05, 1.44864670801e-05, 1.04707050923e-05, 7.98823566583e-06, 6.20406035523e-06]
    },
    "melbands128": {
        "mean": [0.000868977513164, 0.00539229204878, 0.00661080610007, 0.0047926902771, 0.00306396116503, 0.00218027178198, 0.00151029066183, 0.00146568822674, 0.00155991804786, 0.00117687392049, 0.00092660554219, 0.000528811709955, 0.000375435716705, 0.000536102859769, 0.000494058127515, 0.000720923650078, 0.000581582251471, 0.000377960008336, 0.000301254243823, 0.000492094142828, 0.000410568143707, 0.000441808777396, 0.000315667246468, 0.000243214439251, 0.000276416889392, 0.00013391111861, 0.00026086618891, 0.000202448180062, 6.11257491983e-05, 9.1239962785e-05, 7.48566671973e-05, 0.000153707675054, 0.000163474833244, 7.28586528567e-05, 5.26316180185e-05, 7.600185927e-05, 7.15409987606e-05, 4.34807334386e-05, 9.09917289391e-05, 5.22169029864e-05, 2.84947163891e-05, 6.39336649328e-05, 6.93636393407e-05, 4.7263376473e-05, 2.53128928307e-05, 6.04847300565e-05, 5.95450401306e-05, 4.24854042649e-05, 4.07439765695e-05, 5.80468331464e-05, 3.61117236025e-05, 2.59853295574e-05, 2.91203978122e-05, 2.6509653253e-05, 2.29690940614e-05, 1.27440498545e-05, 1.34216325023e-05, 1.8963639377e-05, 8.77254933584e-06, 9.75445072982e-06, 1.60558010975e-05, 1.36102689794e-05, 2.41532161454e-05, 2.20383481064e-05, 1.85963617696e-05, 1.27917592181e-05, 8.6765812739e-06, 6.65011202727e-06, 5.50703771296e-06, 9.41676898947e-06, 6.00554676566e-06, 4.46761987405e-06, 5.14301063959e-06, 5.25655377714e-06, 5.02024386151e-06, 5.24074494024e-06, 3.75212425752e-06, 4.65354105472e-06, 5.80064579481e-06, 6.10389997746e-06, 6.2244153014e-06, 5.84810777582e-06, 5.94950370214e-06, 4.98556119055e-06, 4.42065174866e-06, 3.84853092328e-06, 4.32765955338e-06, 5.5073483054e-06, 5.86923260926e-06, 5.79758398089e-06, 4.82185077999e-06, 5.26248732058e-06, 4.96474694955e-06, 4.49438630312e-06, 4.10340044255e-06, 3.72604517906e-06, 3.7471190808e-06, 3.34288256454e-06, 3.46289357367e-06, 3.21642596646e-06, 3.51300377588e-06, 3.05343883156e-06, 3.34972492055e-06, 3.20957110489e-06, 2.86908061753e-06, 2.30348268815e-06, 1.97475924324e-06, 1.93422170014e-06, 1.97790109269e-06, 1.93235473489e-06, 1.6628200683e-06, 1.356984626e-06, 1.28741385197e-06, 8.37411619159e-07, 7.88632462445e-07, 6.28030079497e-07, 4.49137928626e-07, 4.72221479697e-08, 7.49771165293e-12, 6.49831013652e-12, 6.23931245211e-12, 6.04603303186e-12, 5.87728563733e-12, 5.7495896065e-12, 5.64355333299e-12, 5.56739593663e-12, 5.51292995629e-12, 5.47204295764e-12],
        "stdev": [0.001423076028, 0.00787389650941, 0.00898412428796, 0.0086511829868, 0.00720806792378, 0.00568592455238, 0.00422118185088, 0.00339692970738, 0.00343990046531, 0.00248452625237, 0.00164483801927, 0.000892511045095, 0.000708966806997, 0.000834522536024, 0.000782218296081, 0.00123492162675, 0.00102098810021, 0.000934112875257, 0.000592126336414, 0.00102489895653, 0.0010851493571, 0.00107431132346, 0.000938314653467, 0.000603396678343, 0.000686724320985, 0.00030696898466, 0.000510449288413, 0.000418546900619, 0.000176649380592, 0.000224125484237, 0.000176005429239, 0.000483051291667, 0.000431000051321, 0.00016850711836, 0.000122733661556, 0.000137722920044, 0.000143722223584, 0.000132288841996, 0.00021223067597, 0.000143550249049, 0.000100690820545, 0.000151516200276, 0.000144281817484, 9.2789887276e-05, 5.84825502301e-05, 0.000173229142092, 0.000145814425196, 0.000179505121196, 0.000106345818494, 0.000134995047119, 0.000109322747448, 5.47374474991e-05, 5.77427890676e-05, 5.60758053325e-05, 4.1226601752e-05, 2.58800355368e-05, 2.17762717512e-05, 2.99223211186e-05, 1.31694550873e-05, 1.57297672558e-05, 2.31401991186e-05, 2.2307756808e-05, 5.21607726114e-05, 4.44634133601e-05, 4.23866586061e-05, 2.38915399677e-05, 1.34545225592e-05, 9.4819597507e-06, 8.16910142021e-06, 1.35678610604e-05, 8.35449736769e-06, 6.45560612611e-06, 7.72861676523e-06, 7.42452948543e-06, 6.81540632286e-06, 7.85424890637e-06, 6.66356345391e-06, 1.23405088743e-05, 1.30802791318e-05, 1.91733961401e-05, 1.87168388948e-05, 2.30035566346e-05, 1.75610657607e-05, 1.59285955306e-05, 1.30403177536e-05, 9.84873895504e-06, 1.07079249574e-05, 1.43203442349e-05, 1.35173095259e-05, 1.30971611725e-05, 1.21227967611e-05, 1.45758240251e-05, 1.42831859193e-05, 1.60913532454e-05, 1.78442169272e-05, 1.18932366604e-05, 1.01865862234e-05, 8.79251456354e-06, 8.8507822511e-06, 7.797750186e-06, 7.20590924175e-06, 5.79649395149e-06, 7.1558010859e-06, 6.71945372233e-06, 5.92419792156e-06, 4.34622870671e-06, 3.9827650653e-06, 3.48056346411e-06, 4.12101871916e-06, 4.37325797975e-06, 3.16974205816e-06, 2.57341002907e-06, 2.65651738118e-06, 1.54820656917e-06, 1.54319263856e-06, 1.16483784041e-06, 8.09186417428e-07, 8.63608775603e-08, 1.07070411565e-11, 9.37700524867e-12, 9.03898830784e-12, 8.77393470378e-12, 8.5549900497e-12, 8.37827029976e-12, 8.23272786749e-12, 8.12175240256e-12, 8.04060290571e-12, 7.98952570769e-12]
    },
    "mfcc": {
        "mean": [-622.051513672, 119.592712402, 12.1660470963, 11.4721422195, 11.2882852554, 0.764023065567, 1.02470815182, 3.70000433922, -1.11967730522, 4.01699209213, 3.64483809471, -0.313880681992, 1.22840988636],
        "cov": [[9234.21582031, -1392.28149414, 434.820770264, 470.786437988, 49.2978630066, 438.687652588, 52.2715606689, 15.9733905792, 156.591842651, 118.326011658, 22.3314094543, 116.592605591, 90.4965896606], [-1392.28149414, 1887.19519043, -459.878570557, -256.983001709, 73.4189987183, -378.217254639, -20.4226608276, 26.4601631165, -105.480949402, -15.8229904175, 13.3808412552, -114.414581299, -61.6955795288], [434.820770264, -459.878570557, 703.640686035, 149.936050415, -65.2238845825, 236.364807129, 66.6991424561, 9.28916740417, 78.3637466431, 3.19681882858, 8.83503913879, 100.87953949, 29.8857917786], [470.786437988, -256.983001709, 149.936050415, 289.092681885, 61.8426055908, 162.246765137, 36.4442367554, 19.099023819, 73.0865020752, 25.0443325043, 5.25642299652, 54.9418106079, 43.2400741577], [49.2978630066, 73.4189987183, -65.2238845825, 61.8426055908, 228.348724365, -7.71425628662, 0.0521952174604, -4.09121417999, 11.485253334, 38.7391891479, 8.66017723083, -24.3920631409, 16.5915336609], [438.687652588, -378.217254639, 236.364807129, 162.246765137, -7.71425628662, 325.483276367, 81.3092956543, 24.1526451111, 88.140296936, 21.4447154999, 26.8649578094, 101.602210999, 31.840795517], [52.2715606689, -20.4226608276, 66.6991424561, 36.4442367554, 0.0521952174604, 81.3092956543, 116.333900452, 63.7723808289, 30.2741832733, 7.29482269287, 12.6387805939, 33.0184020996, 15.41588974], [15.9733905792, 26.4601631165, 9.28916740417, 19.099023819, -4.09121417999, 24.1526451111, 63.7723808289, 107.549758911, 41.9296569824, 23.5562782288, 23.3066291809, 22.4193668365, 17.9814414978], [156.591842651, -105.480949402, 78.3637466431, 73.0865020752, 11.485253334, 88.140296936, 30.2741832733, 41.9296569824, 124.530799866, 64.1443481445, 38.7409324646, 54.7952346802, 36.6871109009], [118.326011658, -15.8229904175, 3.19681882858, 25.0443325043, 38.7391891479, 21.4447154999, 7.29482269287, 23.5562782288, 64.1443481445, 105.605743408, 58.4156188965, 34.9751091003, 31.6179389954], [22.3314094543, 13.3808412552, 8.83503913879, 5.25642299652, 8.66017723083, 26.8649578094, 12.6387805939, 23.3066291809, 38.7409324646, 58.4156188965, 98.9876022339, 62.149017334, 23.2595119476], [116.592605591, -114.414581299, 100.87953949, 54.9418106079, -24.3920631409, 101.602210999, 33.0184020996, 22.4193668365, 54.7952346802, 34.9751091003, 62.149017334, 122.670883179, 54.871673584], [90.4965896606, -61.6955795288, 29.8857917786, 43.2400741577, 16.5915336609, 31.840795517, 15.41588974, 17.9814414978, 36.6871109009, 31.6179389954, 23.2595119476, 54.871673584, 87.8152236938]],
        "icov": [[0.000128485175082, 7.10813692422e-05, -2.89285094368e-06, -0.000132822562591, 1.37833230838e-05, -5.43073438166e-05, 1.92351690202e-05, -1.8007496692e-05, 7.11576940375e-05, -0.000160925541422, 1.32375307658e-05, 6.61086742184e-05, -1.5286681446e-05], [7.10813692422e-05, 0.000832530320622, 0.000235485931626, 0.000168347090948, -0.000285097688902, 0.000771368620917, -0.000528472475708, -0.00012994192366, 1.00607558124e-05, 0.000119165888464, -0.000325869652443, -0.000123433186673, 0.000358503952157], [-2.89285094368e-06, 0.000235485931626, 0.00212434190325, -0.000385532999644, 0.000485068449052, -0.000613645126577, -0.000659423065372, 0.000557386665605, -0.000485924771056, 0.000178168469574, 0.000432067929069, -0.000876163132489, 0.000339664024068], [-0.000132822562591, 0.000168347090948, -0.000385532999644, 0.00610760739073, -0.00194842775818, -0.0019762404263, 0.000660349905957, -0.000607135065366, -0.00158834771719, 0.000693804991897, 0.00135326036252, -0.000649245746899, -0.00106691289693], [1.37833230838e-05, -0.000285097688902, 0.000485068449052, -0.00194842775818, 0.00604798132554, -0.000255250488408, -0.000859014282469, 0.00129710615147, 0.000550585566089, -0.00230461917818, -0.00111862819176, 0.00338890496641, -0.00180664111394], [-5.43073438166e-05, 0.000771368620917, -0.000613645126577, -0.0019762404263, -0.000255250488408, 0.00804636254907, -0.00416819099337, 0.00203282106668, -0.00253070192412, 0.000854804588016, 0.000577466504183, -0.00434479303658, 0.00253741745837], [1.92351690202e-05, -0.000528472475708, -0.000659423065372, 0.000660349905957, -0.000859014282469, -0.00416819099337, 0.0166199989617, -0.00964243523777, 0.00159413984511, 0.000817630265374, 0.00106124358717, -0.00101131398696, -0.000370952941012], [-1.8007496692e-05, -0.00012994192366, 0.000557386665605, -0.000607135065366, 0.00129710615147, 0.00203282106668, -0.00964243523777, 0.016866305843, -0.00462801335379, 7.65639997553e-05, -0.00232898187824, 0.00153249013238, -0.00114132463932], [7.11576940375e-05, 1.00607558124e-05, -0.000485924771056, -0.00158834771719, 0.000550585566089, -0.00253070192412, 0.00159413984511, -0.00462801335379, 0.0173094943166, -0.0089150313288, 0.00151419325266, -0.00188858353067, -0.000880014151335], [-0.000160925541422, 0.000119165888464, 0.000178168469574, 0.000693804991897, -0.00230461917818, 0.000854804588016, 0.000817630265374, 7.65639997553e-05, -0.0089150313288, 0.0212068017572, -0.0103591857478, 0.00304814567789, -0.00325828744099], [1.32375307658e-05, -0.000325869652443, 0.000432067929069, 0.00135326036252, -0.00111862819176, 0.000577466504183, 0.00106124358717, -0.00232898187824, 0.00151419325266, -0.0103591857478, 0.0232285298407, -0.0133541915566, 0.00452573085204], [6.61086742184e-05, -0.000123433186673, -0.000876163132489, -0.000649245746899, 0.00338890496641, -0.00434479303658, -0.00101131398696, 0.00153249013238, -0.00188858353067, 0.00304814567789, -0.0133541915566, 0.024956876412, -0.0111039308831], [-1.5286681446e-05, 0.000358503952157, 0.000339664024068, -0.00106691289693, -0.00180664111394, 0.00253741745837, -0.000370952941012, -0.00114132463932, -0.000880014151335, -0.00325828744099, 0.00452573085204, -0.0111039308831, 0.0190654527396]]
    },
    "spectral_contrast_coeffs": {
        "mean": [-0.710412025452, -0.728811562061, -0.761317312717, -0.786683082581, -0.782671451569, -0.806035757065],
        "stdev": [0.080841049552, 0.0777963846922, 0.0686696395278, 0.0584652274847, 0.0582012571394, 0.0367274768651]
    },
    "spectral_contrast_valleys": {
        "mean": [-6.61973571777, -6.65773439407, -7.35780763626, -7.62278175354, -7.80957794189, -9.80557823181],
        "stdev": [2.23564505577, 2.20642733574, 2.15341472626, 2.17350792885, 2.28716921806, 2.23370885849]
    }
},
"rhythm": {
    "beats_count": 534,
    "beats_loudness": {
        "mean": 0.0521810650826,
        "stdev": 0.0337909571826
    },
    "bpm": 139.89515686,
    "bpm_histogram_first_peak_bpm": 140,
    "bpm_histogram_first_peak_weight": 0.295774638653,
    "bpm_histogram_second_peak_bpm": 133,
    "bpm_histogram_second_peak_spread": 0.375,
    "bpm_histogram_second_peak_weight": 0.0187617260963,
    "danceability": 1.20852577686,
    "onset_rate": 4.56910228729,
    "beats_loudness_band_ratio": {
        "mean": [0.459429711103, 0.18264426291, 0.174733459949, 0.0730742886662, 0.0536347515881, 0.0945203378797],
        "stdev": [0.273958384991, 0.144706428051, 0.162416622043, 0.0756619572639, 0.0734688714147, 0.0961977541447]
    },
    "beats_position": [0.417959183455, 0.870748281479, 1.3235373497, 1.764716506, 2.20589566231, 2.6470746994, 3.08825397491, 3.54104304314, 3.98222208023, 4.41179132462, 4.841360569, 5.27092981339, 5.70049858093, 6.13006782532, 6.57124710083, 7.01242637634, 7.4303855896, 7.84834432602, 8.26630401611, 8.68426322937, 9.10222244263, 9.52018165588, 9.94974994659, 10.4025392532, 10.8437185287, 11.2732877731, 11.7028570175, 12.144036293, 12.5852155685, 13.0147848129, 13.4443531036, 13.873922348, 14.3034915924, 14.7330608368, 15.1626300812, 15.6038093567, 16.0333786011, 16.4629478455, 16.8925170898, 17.3220863342, 17.7400455475, 18.181224823, 18.6107940674, 19.0403633118, 19.458322525, 19.8878898621, 20.3058490753, 20.7354183197, 21.1649875641, 21.5945568085, 22.0241260529, 22.4653053284, 22.8948745728, 23.3244438171, 23.7540130615, 24.1487522125, 24.5434913635, 24.9382305145, 25.37940979, 25.7973690033, 26.2269382477, 26.6565074921, 27.0860767365, 27.5156459808, 27.9452152252, 28.3747844696, 28.804353714, 29.2339229584, 29.6518821716, 30.081451416, 30.5110206604, 30.9289798737, 31.358549118, 31.7881164551, 32.2176856995, 32.6472549438, 33.0768241882, 33.5063934326, 33.935962677, 34.3655319214, 34.7951011658, 35.2246704102, 35.6542396545, 36.0838088989, 36.5133781433, 36.9429473877, 37.3725166321, 37.8020858765, 38.2316551208, 38.6612243652, 39.0791816711, 39.5087509155, 39.9383201599, 40.3562812805, 40.7858505249, 41.2154197693, 41.6449890137, 42.0745582581, 42.5041275024, 42.9336967468, 43.3632659912, 43.7928352356, 44.22240448, 44.6519737244, 45.0815429688, 45.5111083984, 45.9406776428, 46.3702468872, 46.7998161316, 47.229385376, 47.6473464966, 48.076915741, 48.5064849854, 48.9476623535, 49.3772315979, 49.8068008423, 50.2247619629, 50.6543312073, 51.0839004517, 51.513469696, 51.9430389404, 52.3726081848, 52.8021774292, 53.2317466736, 53.661315918, 54.1141014099, 54.5668907166, 55.0312919617, 55.4956893921, 55.9600906372, 56.4128799438, 56.854057312, 57.2836265564, 57.7248077393, 58.1543769836, 58.583946228, 59.0135154724, 59.4430847168, 59.8726501465, 60.3022193909, 60.7317886353, 61.1613578796, 61.5793190002, 62.0204963684, 62.438457489, 62.8796348572, 63.2975959778, 63.7271652222, 64.1567306519, 64.5863037109, 65.0158691406, 65.4454421997, 65.8750076294, 66.29296875, 66.7225418091, 67.1521072388, 67.5932846069, 68.0112457275, 68.4408187866, 68.8703842163, 69.299949646, 69.7295227051, 70.1474838257, 70.5886611938, 71.0182266235, 71.4477996826, 71.8657608032, 72.3069381714, 72.724899292, 73.1544647217, 73.5840377808, 74.0136032104, 74.4431762695, 74.8727416992, 75.3023147583, 75.7202682495, 76.1498413086, 76.5794067383, 77.0089797974, 77.4385452271, 77.8797302246, 78.2976837158, 78.7272567749, 79.1568222046, 79.5863952637, 80.0159606934, 80.433921814, 80.8634872437, 81.2930603027, 81.7226257324, 82.1521987915, 82.5817642212, 83.0113372803, 83.4292984009, 83.870475769, 84.2884368896, 84.7296142578, 85.1591796875, 85.5887527466, 86.0067138672, 86.4478912354, 86.865852356, 87.3070297241, 87.7249908447, 88.1545562744, 88.5841217041, 89.0136947632, 89.4432601929, 89.8612213135, 90.3023986816, 90.7203598022, 91.1615371704, 91.579498291, 92.0206756592, 92.4386367798, 92.8682098389, 93.2977752686, 93.7273483276, 94.1569137573, 94.5864868164, 95.0160522461, 95.4340133667, 95.8751907349, 96.2931518555, 96.7227172852, 97.1522903442, 97.5818557739, 98.011428833, 98.4409942627, 98.8705673218, 99.3001327515, 99.7297058105, 100.15927124, 100.588844299, 101.006797791, 101.447982788, 101.865936279, 102.307121277, 102.725074768, 103.154647827, 103.584213257, 104.013786316, 104.443351746, 104.872924805, 105.302490234, 105.732063293, 106.161628723, 106.579589844, 107.009155273, 107.438728333, 107.868293762, 108.297866821, 108.727432251, 109.15700531, 109.58657074, 110.016143799, 110.434104919, 110.875282288, 111.293243408, 111.734420776, 112.152381897, 112.593559265, 113.034736633, 113.510749817, 113.986755371, 114.462760925, 114.915550232, 115.356735229, 115.797912598, 116.215873718, 116.657051086, 117.075012207, 117.504577637, 117.934150696, 118.363716125, 118.793289185, 119.222854614, 119.652427673, 120.081993103, 120.511566162, 120.929519653, 121.359092712, 121.788658142, 122.218231201, 122.647796631, 123.07736969, 123.50693512, 123.936508179, 124.366073608, 124.784034729, 125.225212097, 125.643173218, 126.084350586, 126.502311707, 126.943489075, 127.361450195, 127.791015625, 128.220581055, 128.650161743, 129.079727173, 129.509292603, 129.938858032, 130.368438721, 130.79800415, 131.22756958, 131.65713501, 132.086715698, 132.516281128, 132.945846558, 133.363800049, 133.793380737, 134.222946167, 134.652511597, 135.082077026, 135.511657715, 135.941223145, 136.370788574, 136.800354004, 137.229934692, 137.659500122, 138.089065552, 138.518630981, 138.971420288, 139.435821533, 139.900222778, 140.364624023, 140.840637207, 141.293426514, 141.722991943, 142.152557373, 142.582122803, 143.011703491, 143.441268921, 143.870834351, 144.288803101, 144.729980469, 145.14793396, 145.57749939, 146.007064819, 146.436645508, 146.866210938, 147.295776367, 147.725341797, 148.154922485, 148.584487915, 149.014053345, 149.443618774, 149.873199463, 150.302764893, 150.720718384, 151.150299072, 151.579864502, 152.009429932, 152.438995361, 152.86857605, 153.298141479, 153.727706909, 154.157272339, 154.586837769, 155.016418457, 155.434371948, 155.863937378, 156.293518066, 156.723083496, 157.152648926, 157.582214355, 158.011795044, 158.441360474, 158.870925903, 159.300491333, 159.730072021, 160.148025513, 160.577590942, 161.007156372, 161.436737061, 161.86630249, 162.29586792, 162.72543335, 163.155014038, 163.584579468, 164.002532959, 164.443710327, 164.861679077, 165.302856445, 165.732421875, 166.161987305, 166.579956055, 167.009521484, 167.439086914, 167.868652344, 168.298233032, 168.727798462, 169.157363892, 169.575332642, 170.01651001, 170.434463501, 170.864028931, 171.293609619, 171.723175049, 172.152740479, 172.582305908, 173.011871338, 173.429840088, 173.871017456, 174.300582886, 174.730148315, 175.148117065, 175.589294434, 176.018859863, 176.448425293, 176.866394043, 177.295959473, 177.725524902, 178.155105591, 178.584671021, 179.01423645, 179.44380188, 179.873382568, 180.302947998, 180.720901489, 181.150466919, 181.580047607, 182.009613037, 182.439178467, 182.880355835, 183.298324585, 183.727890015, 184.157455444, 184.587020874, 185.016601562, 185.434555054, 185.864120483, 186.293685913, 186.723266602, 187.152832031, 187.582397461, 188.011962891, 188.429931641, 188.85949707, 189.2890625, 189.730239868, 190.148208618, 190.589385986, 191.007339478, 191.436920166, 191.866485596, 192.296051025, 192.725616455, 193.143585205, 193.584762573, 194.002716064, 194.432281494, 194.861862183, 195.303039551, 195.73260498, 196.16217041, 196.58013916, 197.00970459, 197.43927002, 197.868835449, 198.298416138, 198.716369629, 199.145935059, 199.575500488, 200.005081177, 200.434646606, 200.875823975, 201.293777466, 201.723358154, 202.152923584, 202.582489014, 203.012054443, 203.430023193, 203.871200562, 204.300765991, 204.730331421, 205.148300171, 205.577865601, 206.00743103, 206.43699646, 206.866577148, 207.28453064, 207.725708008, 208.155273438, 208.584854126, 209.002807617, 209.443984985, 209.861953735, 210.291519165, 210.721084595, 211.150650024, 211.580215454, 212.009796143, 212.439361572, 212.857315063, 213.298492432, 213.72807312, 214.15763855, 214.575592041, 215.005172729, 215.434738159, 215.864303589, 216.293869019, 216.723449707, 217.153015137, 217.582580566, 218.012145996, 218.441726685, 218.871292114, 219.289245605, 219.718811035, 220.148391724, 220.577957153, 221.007522583, 221.437088013, 221.866668701, 222.296234131, 222.725799561, 223.143753052, 223.584945679, 224.026123047, 224.397644043, 224.757553101, 225.117462158, 225.477371216, 225.837280273, 226.20880127, 226.580307007, 226.951828003, 227.323348999, 227.706481934, 228.07800293, 228.449523926, 228.821044922],
    "bpm_histogram": [0, 0, 0, 0, 0, 0, 0, 0, 0, 0, 0, 0, 0, 0, 0, 0, 0, 0, 0, 0, 0, 0, 0, 0, 0, 0, 0, 0, 0, 0, 0, 0, 0, 0, 0, 0, 0, 0, 0, 0, 0, 0, 0, 0, 0, 0, 0, 0, 0, 0, 0, 0, 0, 0, 0, 0, 0, 0, 0, 0, 0, 0, 0, 0, 0, 0, 0, 0, 0, 0, 0, 0, 0, 0, 0, 0, 0, 0, 0, 0, 0, 0, 0, 0, 0, 0, 0, 0, 0, 0, 0, 0, 0, 0, 0, 0, 0, 0, 0, 0, 0, 0, 0, 0, 0, 0, 0, 0, 0, 0, 0, 0, 0, 0, 0, 0, 0, 0, 0, 0, 0, 0, 0, 0, 0, 0, 0.00750469043851, 0, 0, 0.0112570356578, 0, 0, 0, 0.0187617260963, 0, 0, 0.114446528256, 0, 0, 0, 0.656660437584, 0, 0, 0, 0.161350846291, 0, 0, 0, 0, 0, 0, 0, 0.00562851782888, 0, 0, 0, 0, 0.00187617260963, 0, 0, 0, 0.0131332082674, 0.00187617260963, 0, 0, 0, 0, 0.00750469043851, 0, 0, 0, 0, 0, 0, 0, 0, 0, 0, 0, 0, 0, 0, 0, 0, 0, 0, 0, 0, 0, 0, 0, 0, 0, 0, 0, 0, 0, 0, 0, 0, 0, 0, 0, 0, 0, 0, 0, 0, 0, 0, 0, 0, 0, 0, 0, 0, 0, 0, 0, 0, 0, 0, 0, 0, 0, 0, 0, 0, 0, 0, 0, 0, 0, 0, 0, 0, 0, 0, 0, 0, 0, 0, 0, 0, 0, 0, 0, 0, 0, 0]
},
"tonal": {
    "chords_changes_rate": 0.0572874508798,
    "chords_number_rate": 0.00182186230086,
    "chords_strength": {
        "mean": 0.59709751606,
        "stdev": 0.158786833286
    },
    "hpcp_crest": {
        "mean": 12.4626703262,
        "stdev": 5.77588129044
    },
    "hpcp_entropy": {
        "mean": 2.09222912788,
        "stdev": 0.710780620575
    },
    "key_edma": {
        "strength": 0.770701706409,
        "key": "C",
        "scale": "major"
    },
    "key_krumhansl": {
        "strength": 0.759700119495,
        "key": "C",
        "scale": "major"
    },
    "key_temperley": {
        "strength": 0.742186903954,
        "key": "C",
        "scale": "major"
    },
    "tuning_diatonic_strength": 0.654789626598,
    "tuning_equal_tempered_deviation": 0.203410148621,
    "tuning_frequency": 434.193115234,
    "tuning_nontempered_energy_ratio": 0.915391087532,
    "hpcp": {
        "mean": [0.165615350008, 0.144713446498, 0.0770089253783, 0.0552200675011, 0.0639466419816, 0.101869106293, 0.201573476195, 0.218692988157, 0.133132398129, 0.128194361925, 0.111673541367, 0.0603800527751, 0.0611953660846, 0.0688565373421, 0.0738086178899, 0.132412493229, 0.14792881906, 0.0816555842757, 0.0467514097691, 0.0473595820367, 0.082971945405, 0.205740973353, 0.209495618939, 0.0902832746506, 0.0576109923422, 0.0634426698089, 0.0920349955559, 0.158041343093, 0.191935643554, 0.253327488899, 0.333981633186, 0.245787754655, 0.113131724298, 0.072755292058, 0.0682527720928, 0.103317975998],
        "stdev": [0.287368685007, 0.254536122084, 0.170610278845, 0.149872586131, 0.166779726744, 0.208338856697, 0.285041630268, 0.306566208601, 0.222257658839, 0.247944101691, 0.22586633265, 0.143215253949, 0.153771579266, 0.165955543518, 0.164343953133, 0.234401702881, 0.254779666662, 0.178686276078, 0.132781893015, 0.127888128161, 0.153946325183, 0.286950051785, 0.29262059927, 0.169179096818, 0.154665112495, 0.163773596287, 0.196348279715, 0.256543785334, 0.27393168211, 0.327054858208, 0.369514465332, 0.303150653839, 0.200727656484, 0.176987811923, 0.172386541963, 0.213076576591]
    },
    "chords_histogram": [21.801618576, 33.4210510254, 5.7085018158, 8.25910949707, 16.3765182495, 2.08502030373, 1.55870449543, 0.101214572787, 0.688259124756, 0.344129562378, 0.850202441216, 0, 1.03238868713, 0, 0, 0, 0.0404858291149, 0.54655867815, 0.323886632919, 0, 0, 0, 0.202429145575, 6.65991926193],
    "thpcp": [1, 0.735931932926, 0.338736355305, 0.217842191458, 0.204360857606, 0.309352278709, 0.495881617069, 0.433297604322, 0.230578318238, 0.165338635445, 0.191467538476, 0.305014103651, 0.603546619415, 0.654805421829, 0.398621916771, 0.383836567402, 0.334370315075, 0.180788546801, 0.183229729533, 0.20616863668, 0.220996037126, 0.3964664042, 0.442925006151, 0.244491249323, 0.139981985092, 0.141802951694, 0.248432666063, 0.616024792194, 0.62726688385, 0.270324081182, 0.172497481108, 0.189958557487, 0.275569021702, 0.47320368886, 0.574689209461, 0.75850725174],
    "chords_key": "E",
    "chords_scale": "minor"
}
}