{
"metadata": {
    "version": {
        "essentia": "2.1-dev",
        "essentia_git_sha": "v2.1_beta3-415-gd5473f3",
        "extractor": "music 2.0"
    },
    "audio_properties": {
        "analysis": {
            "equal_loudness": 0,
            "length": 215.013870239,
            "sample_rate": 44100,
            "start_time": 0,
            "downmix": "mix"
        },
        "bit_rate": 192000,
        "length": 215.013870239,
        "lossless": 0,
        "number_channels": 2,
        "replay_gain": -9.70607376099,
        "sample_rate": 44100,
        "codec": "mp3",
        "md5_encoded": "33003e38f81cc9402e6e34865d45ce93"
    },
    "tags": {
        "file_name": "bartherzz-infected.mp3",
        "album": ["Anual. El álbum dance del año. Progressive & Hard House. ( Cd. 3 )"],
        "artist": ["Varios"],
        "genre": ["Other"],
        "title": ["Infected"]
    }
},
"lowlevel": {
    "average_loudness": 0.940622150898,
    "barkbands_crest": {
        "mean": 13.531001091,
        "stdev": 5.97718048096
    },
    "barkbands_flatness_db": {
        "mean": 0.138267368078,
        "stdev": 0.0871971845627
    },
    "barkbands_kurtosis": {
        "mean": 12.0549125671,
        "stdev": 39.4884300232
    },
    "barkbands_skewness": {
        "mean": 2.3142516613,
        "stdev": 2.27838134766
    },
    "barkbands_spread": {
        "mean": 29.4068336487,
        "stdev": 20.3520107269
    },
    "dissonance": {
        "mean": 0.469628244638,
        "stdev": 0.0356027148664
    },
    "dynamic_complexity": 3.13779735565,
    "erbbands_crest": {
        "mean": 7.05940246582,
        "stdev": 4.62946176529
    },
    "erbbands_flatness_db": {
        "mean": 0.122009836137,
        "stdev": 0.0628523603082
    },
    "erbbands_kurtosis": {
        "mean": 0.0834154859185,
        "stdev": 4.16756916046
    },
    "erbbands_skewness": {
        "mean": 0.120858125389,
        "stdev": 0.782215297222
    },
    "erbbands_spread": {
        "mean": 57.1476211548,
        "stdev": 23.6136951447
    },
    "hfc": {
        "mean": 29.9966621399,
        "stdev": 29.020067215
    },
    "loudness_ebu128": {
        "integrated": -12.3619880676,
        "loudness_range": 6.27191352844,
        "momentary": {
            "mean": -16.2151241302,
            "stdev": 27.011505127
        },
        "short_term": {
            "mean": -13.520980835,
            "stdev": 4.71439695358
        }
    },
    "melbands_crest": {
        "mean": 18.4508132935,
        "stdev": 6.58131933212
    },
    "melbands_flatness_db": {
        "mean": 0.208505377173,
        "stdev": 0.109009586275
    },
    "melbands_kurtosis": {
        "mean": 36.0063400269,
        "stdev": 58.1653594971
    },
    "melbands_skewness": {
        "mean": 4.28969907761,
        "stdev": 2.84899950027
    },
    "melbands_spread": {
        "mean": 24.071390152,
        "stdev": 23.007440567
    },
    "pitch_salience": {
        "mean": 0.469094395638,
        "stdev": 0.177045300603
    },
    "silence_rate_20dB": {
        "mean": 1,
        "stdev": 0
    },
    "silence_rate_30dB": {
        "mean": 0.874419629574,
        "stdev": 0.331364005804
    },
    "silence_rate_60dB": {
        "mean": 0.0625202432275,
        "stdev": 0.242094427347
    },
    "spectral_centroid": {
        "mean": 1695.32263184,
        "stdev": 1218.92211914
    },
    "spectral_complexity": {
        "mean": 20.8315525055,
        "stdev": 13.1226453781
    },
    "spectral_decrease": {
        "mean": -1.06786144372e-08,
        "stdev": 1.08132480747e-08
    },
    "spectral_energy": {
        "mean": 0.0430242940784,
        "stdev": 0.0419082120061
    },
    "spectral_energyband_high": {
        "mean": 0.00243707932532,
        "stdev": 0.00291422219016
    },
    "spectral_energyband_low": {
        "mean": 0.0276699457318,
        "stdev": 0.0380576476455
    },
    "spectral_energyband_middle_high": {
        "mean": 0.00344465486705,
        "stdev": 0.0029245398473
    },
    "spectral_energyband_middle_low": {
        "mean": 0.0109379645437,
        "stdev": 0.0162692852318
    },
    "spectral_entropy": {
        "mean": 7.91592025757,
        "stdev": 0.684853494167
    },
    "spectral_flux": {
        "mean": 0.12210996449,
        "stdev": 0.0780532434583
    },
    "spectral_kurtosis": {
        "mean": 4.70030546188,
        "stdev": 12.5651350021
    },
    "spectral_rms": {
        "mean": 0.00568706728518,
        "stdev": 0.00310358358547
    },
    "spectral_rolloff": {
        "mean": 1917.00976562,
        "stdev": 2667.55175781
    },
    "spectral_skewness": {
        "mean": 1.41942822933,
        "stdev": 1.02457737923
    },
    "spectral_spread": {
        "mean": 6309736.5,
        "stdev": 3889205.75
    },
    "spectral_strongpeak": {
        "mean": 0.532700955868,
        "stdev": 0.433222293854
    },
    "zerocrossingrate": {
        "mean": 0.0767569020391,
        "stdev": 0.0634987950325
    },
    "barkbands": {
        "mean": [0.000537392508704, 0.0206740535796, 0.00509461201727, 0.00263638561592, 0.00435848673806, 0.00162956025451, 0.00075378123438, 0.000632297131233, 0.000686699931975, 0.000424626574386, 0.000279338331893, 0.000396455492591, 0.000365451182006, 0.00037751274067, 0.000376599666197, 0.000319280166877, 0.000325803994201, 0.000274469261058, 0.000289784744382, 0.000342047540471, 0.000389654189348, 0.000474863336422, 0.000458738213638, 0.000397955271183, 0.000369350193068, 0.000152641310706, 6.49303638056e-06],
        "stdev": [0.000931090209633, 0.0333502665162, 0.0131708374247, 0.00754014030099, 0.00991122797132, 0.0023712425027, 0.00114960805513, 0.00107059208676, 0.00106569647323, 0.000827551935799, 0.000580691208597, 0.00064670847496, 0.000557482533623, 0.000570220523514, 0.000465211662231, 0.000372630514903, 0.000368502282072, 0.000289219344268, 0.00028540493804, 0.000394935894292, 0.000411772081861, 0.000571275886614, 0.000622589199338, 0.000501495494973, 0.000564540619962, 0.000243715534452, 1.23343088489e-05]
    },
    "erbbands": {
        "mean": [0.540990889072, 4.76571798325, 7.04287719727, 7.65976524353, 12.3506669998, 14.6316947937, 15.6244649887, 9.75479030609, 10.2653264999, 12.3914833069, 14.3058338165, 13.8406543732, 19.0398082733, 10.3634262085, 11.5712213516, 17.6288299561, 16.9786396027, 20.3429489136, 19.5762290955, 18.0531406403, 17.8844337463, 18.0711612701, 15.0315608978, 14.2974014282, 16.1986637115, 16.0122718811, 15.7788848877, 15.4901924133, 16.6397361755, 14.921046257, 12.8028936386, 8.74304389954, 6.58423662186, 4.03289270401, 2.64438033104, 0.991406321526, 0.22980555892, 0.0316638424993, 0.000767384306528, 8.13635706436e-05],
        "stdev": [0.763558030128, 8.28836345673, 14.9639282227, 19.3926773071, 32.4645576477, 32.1692733765, 25.3000602722, 12.5791578293, 14.5718622208, 19.3575153351, 23.8977508545, 22.0024471283, 35.7914848328, 17.5590209961, 24.4971084595, 29.8728218079, 23.9447727203, 29.0342998505, 23.509344101, 19.9853897095, 19.2409000397, 19.9545021057, 15.9578342438, 14.7257585526, 17.3614597321, 18.4916248322, 17.0040435791, 17.1251754761, 20.0466861725, 19.1850261688, 17.0125617981, 11.2162733078, 8.40573215485, 5.72894144058, 4.49032735825, 1.62502861023, 0.376228511333, 0.0524416491389, 0.00125965371262, 7.68817481003e-05]
    },
    "gfcc": {
        "mean": [-1.07906365395, 62.572845459, -97.6002807617, 41.3164100647, -55.7014579773, 22.1121997833, -38.1192779541, 13.8117294312, -20.7583770752, 12.06711483, -14.9295148849, 5.71799230576, -8.62089347839],
        "cov": [[27783.2421875, -2771.85083008, -1136.14013672, 1955.01574707, -1169.39355469, 1509.22314453, -894.140075684, 599.94732666, -568.079528809, 437.843811035, -575.534667969, 433.477416992, -516.865783691], [-2771.85083008, 1962.47424316, 22.3231163025, -334.012695312, 300.103790283, -425.711303711, 154.552185059, -218.66633606, 116.6743927, -153.544326782, 143.240234375, -166.114486694, 156.842544556], [-1136.14013672, 22.3231163025, 993.729064941, 367.058441162, 248.713150024, 203.903961182, 183.033416748, 116.868644714, 53.8170433044, 29.3749637604, -2.37486076355, -23.5921192169, 20.8350200653], [1955.01574707, -334.012695312, 367.058441162, 687.379760742, 136.792938232, 335.455413818, 97.0968780518, 162.076843262, 37.5996170044, 78.8762054443, 1.09704875946, 42.5279426575, -4.61896371841], [-1169.39355469, 300.103790283, 248.713150024, 136.792938232, 392.660858154, 112.747436523, 190.641479492, 48.9543952942, 90.7402648926, 5.52552556992, 65.1363677979, -23.9994869232, 37.0278549194], [1509.22314453, -425.711303711, 203.903961182, 335.455413818, 112.747436523, 400.227508545, 130.897567749, 185.9480896, 36.7716369629, 103.220710754, 4.41856527328, 70.131072998, -24.6402320862], [-894.140075684, 154.552185059, 183.033416748, 97.0968780518, 190.641479492, 130.897567749, 254.981613159, 120.530578613, 126.882400513, 40.8397483826, 73.0283279419, 4.00945091248, 52.3452796936], [599.94732666, -218.66633606, 116.868644714, 162.076843262, 48.9543952942, 185.9480896, 120.530578613, 197.477905273, 86.0280685425, 92.5670547485, 19.1049365997, 45.5412559509, 18.006893158], [-568.079528809, 116.6743927, 53.8170433044, 37.5996170044, 90.7402648926, 36.7716369629, 126.882400513, 86.0280685425, 149.354095459, 59.9893417358, 72.4107437134, 19.0357379913, 46.1015090942], [437.843811035, -153.544326782, 29.3749637604, 78.8762054443, 5.52552556992, 103.220710754, 40.8397483826, 92.5670547485, 59.9893417358, 118.962837219, 62.1315612793, 60.9735679626, 20.210483551], [-575.534667969, 143.240234375, -2.37486076355, 1.09704875946, 65.1363677979, 4.41856527328, 73.0283279419, 19.1049365997, 72.4107437134, 62.1315612793, 123.514015198, 51.627155304, 61.4923477173], [433.477416992, -166.114486694, -23.5921192169, 42.5279426575, -23.9994869232, 70.131072998, 4.00945091248, 45.5412559509, 19.0357379913, 60.9735679626, 51.627155304, 104.944831848, 37.068572998], [-516.865783691, 156.842544556, 20.8350200653, -4.61896371841, 37.0278549194, -24.6402320862, 52.3452796936, 18.006893158, 46.1015090942, 20.210483551, 61.4923477173, 37.068572998, 106.433448792]],
        "icov": [[0.000240296998527, -0.000505146861542, 0.000477713940199, -0.000710563908797, 0.000564716523513, -0.000904883956537, 0.000809736608062, -0.000573569966946, 0.000469440303277, -0.000790531630628, 0.00126216793433, -0.000908558839001, 0.000613815791439], [-0.000505146861542, 0.00243993569165, -0.00102889747359, 0.0016241207486, -0.00178748206235, 0.0025839866139, -0.00198862724937, 0.00188914453611, -0.00148896523751, 0.00264458521269, -0.0042657381855, 0.00395429786295, -0.00266815023497], [0.000477713940199, -0.00102889747359, 0.00247718719766, -0.00212007667869, 0.000532447185833, -0.00146648311056, 0.000585662433878, -0.000994976027869, 0.00153283937834, -0.00246692472138, 0.00365010253154, -0.00162449735217, 0.000876133795828], [-0.000710563908797, 0.0016241207486, -0.00212007667869, 0.00510323792696, -0.00190781301353, -2.9630955396e-05, -0.000495602784213, 0.000928858236875, -0.00212737102993, 0.00353001826443, -0.00491776503623, 0.00387600529939, -0.00272157485597], [0.000564716523513, -0.00178748206235, 0.000532447185833, -0.00190781301353, 0.00686120940372, -0.00441933097318, 7.52244814066e-05, -8.07891119621e-05, -1.43206007124e-05, -3.47833702108e-05, 0.000748144462705, -0.000606533023529, 0.00154781667516], [-0.000904883956537, 0.0025839866139, -0.00146648311056, -2.9630955396e-05, -0.00441933097318, 0.0147263053805, -0.00892361160368, -0.000661865225993, 0.00307437451556, -0.0023105579894, -0.000657857744955, -0.00224032462575, 0.00179852067959], [0.000809736608062, -0.00198862724937, 0.000585662433878, -0.000495602784213, 7.52244814066e-05, -0.00892361160368, 0.019556870684, -0.0091812601313, -0.00502926576883, 0.00664214184508, -0.00504441745579, 0.00279452675022, -0.000572135031689], [-0.000573569966946, 0.00188914453611, -0.000994976027869, 0.000928858236875, -8.07891119621e-05, -0.000661865225993, -0.0091812601313, 0.0219152290374, -0.00697857001796, -0.00924885552377, 0.00817008782178, 0.000303598266328, -0.00469860015437], [0.000469440303277, -0.00148896523751, 0.00153283937834, -0.00212737102993, -1.43206007124e-05, 0.00307437451556, -0.00502926576883, -0.00697857001796, 0.0198925193399, -0.00744639243931, -0.000261525972746, -0.00179538293742, 0.00202630041167], [-0.000790531630628, 0.00264458521269, -0.00246692472138, 0.00353001826443, -3.47833702108e-05, -0.0023105579894, 0.00664214184508, -0.00924885552377, -0.00744639243931, 0.0338633693755, -0.0233852546662, 0.00410012062639, -0.000446680205641], [0.00126216793433, -0.0042657381855, 0.00365010253154, -0.00491776503623, 0.000748144462705, -0.000657857744955, -0.00504441745579, 0.00817008782178, -0.000261525972746, -0.0233852546662, 0.0397702641785, -0.0178075712174, -4.79569062009e-05], [-0.000908558839001, 0.00395429786295, -0.00162449735217, 0.00387600529939, -0.000606533023529, -0.00224032462575, 0.00279452675022, 0.000303598266328, -0.00179538293742, 0.00410012062639, -0.0178075712174, 0.0294785574079, -0.0114657608792], [0.000613815791439, -0.00266815023497, 0.000876133795828, -0.00272157485597, 0.00154781667516, 0.00179852067959, -0.000572135031689, -0.00469860015437, 0.00202630041167, -0.000446680205641, -4.79569062009e-05, -0.0114657608792, 0.0202009305358]]
    },
    "melbands": {
        "mean": [0.00547919468954, 0.0047593167983, 0.00145764660556, 0.00102889456321, 0.000541696383152, 0.000242324182182, 0.000160484996741, 0.000134138783324, 0.000115365204692, 9.27365617827e-05, 9.24883206608e-05, 3.89367050957e-05, 3.61904749298e-05, 4.08674968639e-05, 4.38094139099e-05, 3.77230353479e-05, 3.77162687073e-05, 3.00011470244e-05, 2.94971105177e-05, 2.1726165869e-05, 2.10503676499e-05, 1.98501293198e-05, 1.48930339492e-05, 1.23507215903e-05, 1.14141330414e-05, 1.09969487312e-05, 1.18135667435e-05, 1.02582635009e-05, 9.97088045551e-06, 9.22772505874e-06, 8.62492106535e-06, 8.67637118063e-06, 1.04319378806e-05, 7.70882616052e-06, 7.50162507757e-06, 6.68427310302e-06, 4.80595554109e-06, 4.74833541375e-06, 3.96688574256e-06, 3.22058735946e-06],
        "stdev": [0.00840845704079, 0.0081497374922, 0.00343393231742, 0.00247913599014, 0.00085017143283, 0.000313596450724, 0.000230189587455, 0.000213202874875, 0.000194009277038, 0.000153782704729, 0.000177577894647, 7.19157396816e-05, 8.10197889223e-05, 6.69892615406e-05, 7.08041770849e-05, 6.49240027997e-05, 5.99929662712e-05, 3.92256006307e-05, 3.84089798899e-05, 2.78483385046e-05, 2.4519775252e-05, 2.40357985604e-05, 1.65961864695e-05, 1.32487157316e-05, 1.26384175019e-05, 1.14492640932e-05, 1.50491941895e-05, 1.22339852169e-05, 1.1407423699e-05, 9.89180443867e-06, 9.88757801679e-06, 1.05005283331e-05, 1.3719341041e-05, 1.06903953565e-05, 1.02772028185e-05, 8.94369077287e-06, 6.28136967862e-06, 6.15278122496e-06, 5.26654230271e-06, 4.79362597616e-06]
    },
    "melbands128": {
        "mean": [0.000453711458249, 0.0035097389482, 0.00846529193223, 0.00771396793425, 0.00439692754298, 0.00223176390864, 0.00153535010759, 0.00124340015464, 0.00126124615781, 0.00120191578753, 0.000874839199241, 0.000510352023412, 0.000607332971413, 0.000459809467429, 0.0001695137762, 0.000194734253455, 0.000177775902557, 0.000143093027873, 0.000188058591448, 0.000129349762574, 0.000130996195367, 0.000102842299384, 0.000142866090755, 9.51627662289e-05, 6.72625756124e-05, 9.26608117879e-05, 0.000140212592669, 0.000106107705506, 4.26154110755e-05, 3.17083286063e-05, 4.76234890812e-05, 3.2781437767e-05, 3.22045598296e-05, 4.58221547888e-05, 2.54346232396e-05, 4.4164909923e-05, 5.52907695237e-05, 5.10213831149e-05, 2.8606835258e-05, 3.45939115505e-05, 4.55936860817e-05, 3.39812722814e-05, 3.80665296689e-05, 4.35203037341e-05, 2.44807179115e-05, 2.93849861919e-05, 3.19340797432e-05, 3.65379491996e-05, 2.41493817157e-05, 1.94643525901e-05, 2.43571594183e-05, 2.15054642467e-05, 1.67805719684e-05, 2.39236233028e-05, 2.36491814576e-05, 2.00512622541e-05, 1.61453026521e-05, 1.44492996696e-05, 1.54337485583e-05, 1.35712944029e-05, 1.10424052764e-05, 1.25566421048e-05, 1.32827708512e-05, 1.0538735296e-05, 9.02742522157e-06, 1.05539893411e-05, 1.28594265334e-05, 1.26187842397e-05, 1.17310291898e-05, 9.36544620345e-06, 1.23192157844e-05, 8.52068387758e-06, 1.03899710666e-05, 1.03811189547e-05, 9.22827439354e-06, 9.26647044253e-06, 8.19800879981e-06, 1.1337466276e-05, 7.20434763934e-06, 8.33554349811e-06, 8.07223659649e-06, 8.07949345472e-06, 1.17173613035e-05, 1.2363746464e-05, 7.48179718357e-06, 7.25049949324e-06, 7.88729084888e-06, 8.59469128045e-06, 7.11720076652e-06, 6.88957925377e-06, 7.94856077846e-06, 6.05728655501e-06, 5.65492427995e-06, 4.32666820416e-06, 4.88024579681e-06, 4.57872010884e-06, 5.22065738551e-06, 4.17693263444e-06, 4.27802206104e-06, 3.51391327058e-06, 3.43038345818e-06, 3.14725843964e-06, 3.02162402477e-06, 2.63815877588e-06, 2.60295132648e-06, 4.16450711782e-06, 2.65712037617e-06, 1.78708705789e-06, 1.4697509414e-06, 1.50841265167e-06, 1.09746906674e-06, 8.56890267187e-07, 6.15121564351e-07, 5.0174099897e-07, 3.91875460082e-07, 3.29353667894e-07, 2.44085697432e-07, 2.99043207974e-08, 7.25510537064e-12, 6.12565597205e-12, 5.91081350532e-12, 5.74138089501e-12, 5.58767572142e-12, 5.47252694549e-12, 5.37320578656e-12, 5.30348681638e-12, 5.25324141826e-12, 5.2135899764e-12],
        "stdev": [0.000744491349906, 0.00455540791154, 0.0145730720833, 0.0144707802683, 0.00932525284588, 0.00594082707539, 0.00436390982941, 0.00362160475925, 0.00373222539201, 0.00321465544403, 0.00207044626586, 0.00104321108665, 0.00109057314694, 0.000880123057868, 0.000279842119198, 0.00034993403824, 0.0003417081316, 0.000279981002677, 0.000399887532694, 0.000250261597103, 0.000330220878823, 0.000237048443523, 0.000285827438347, 0.000205059928703, 0.000149923886056, 0.000215677879169, 0.000290846917778, 0.000253853126196, 0.000136870672577, 8.3691556938e-05, 0.000108669453766, 7.1048962127e-05, 0.000116655806778, 0.000136825823574, 5.12690494361e-05, 0.000104083657789, 0.000122875295347, 0.000119526172057, 4.96288193972e-05, 6.63229147904e-05, 0.000112252237159, 6.65168990963e-05, 6.87761930749e-05, 9.46092768572e-05, 4.80345479446e-05, 4.92298495374e-05, 5.34063765372e-05, 6.02033178438e-05, 3.81674253731e-05, 2.8361868317e-05, 3.99440832553e-05, 3.46122942574e-05, 2.31305675698e-05, 3.61173406418e-05, 3.80506207875e-05, 3.44280742866e-05, 2.14538340515e-05, 1.95089669432e-05, 2.24619434448e-05, 1.96488381334e-05, 1.50689038492e-05, 1.61056923389e-05, 1.84879027074e-05, 1.39553112604e-05, 1.13990827231e-05, 1.2850220628e-05, 1.60829713423e-05, 1.83738120541e-05, 1.87798832485e-05, 1.36310327434e-05, 1.87296391232e-05, 1.08521635411e-05, 1.37106853799e-05, 1.36390890475e-05, 1.15626326078e-05, 1.16913752208e-05, 1.06980796772e-05, 1.59239734785e-05, 9.49815967033e-06, 1.14178810691e-05, 1.05559138319e-05, 1.15396569527e-05, 1.69830673258e-05, 1.86535544344e-05, 1.02458679976e-05, 1.04159535113e-05, 1.30479320433e-05, 1.29584059323e-05, 1.09771717689e-05, 9.57614520303e-06, 1.13409178084e-05, 8.84176461113e-06, 7.93619983597e-06, 5.97774533162e-06, 7.02114493834e-06, 6.87946157996e-06, 7.43921873436e-06, 5.55090309717e-06, 6.19303773419e-06, 5.11511689183e-06, 5.30066836291e-06, 4.93734250995e-06, 4.9266309361e-06, 3.8905582187e-06, 4.42513874077e-06, 9.58014516073e-06, 4.70991199109e-06, 2.98461691273e-06, 2.32649608733e-06, 2.63295873992e-06, 2.04422849492e-06, 1.53990936269e-06, 9.97991719487e-07, 8.33463218441e-07, 6.42843758669e-07, 5.72688406919e-07, 4.41462077561e-07, 7.53827436029e-08, 1.14588451575e-11, 9.91886260626e-12, 9.59867428596e-12, 9.33742753256e-12, 9.11519471014e-12, 8.93468111995e-12, 8.78301598117e-12, 8.66757013385e-12, 8.58395386022e-12, 8.53043590626e-12]
    },
    "mfcc": {
        "mean": [-637.792114258, 89.9282302856, 16.1606197357, 23.9808006287, 9.64256572723, 10.5775966644, 0.185097590089, 2.57751941681, 2.41040587425, 4.37695360184, 2.55782723427, 3.14339995384, 1.53154993057],
        "cov": [[13640.7109375, -2052.53564453, 467.1590271, 311.06741333, 292.617126465, 613.348999023, 184.424194336, 345.699493408, 86.7009658813, 193.30255127, 87.7004089355, -3.55503511429, -42.8450584412], [-2052.53564453, 1644.95300293, -162.896362305, 43.6475372314, -2.63620066643, -116.268814087, -58.0521812439, -113.794563293, -47.9270858765, -76.8200836182, -47.6822509766, -10.0174055099, -15.8784389496], [467.1590271, -162.896362305, 707.107543945, 244.758041382, 144.489120483, 142.255401611, 120.377174377, 104.643447876, 103.791992188, 81.572555542, 37.5229415894, 16.5822658539, 21.542552948], [311.06741333, 43.6475372314, 244.758041382, 369.039459229, 181.893783569, 140.553787231, 117.486862183, 89.4904785156, 87.3207702637, 66.6388549805, 35.1194953918, 25.4835624695, 29.1140022278], [292.617126465, -2.63620066643, 144.489120483, 181.893783569, 233.818984985, 156.21963501, 128.988815308, 86.1600494385, 76.2174301147, 53.430103302, 35.6270942688, 31.9564113617, 33.0054092407], [613.348999023, -116.268814087, 142.255401611, 140.553787231, 156.21963501, 216.176223755, 150.375579834, 117.977958679, 74.6029434204, 65.7011108398, 51.8113327026, 43.8299331665, 42.1358833313], [184.424194336, -58.0521812439, 120.377174377, 117.486862183, 128.988815308, 150.375579834, 192.668579102, 121.710517883, 102.731651306, 71.4434967041, 53.0113563538, 42.7821121216, 54.0357398987], [345.699493408, -113.794563293, 104.643447876, 89.4904785156, 86.1600494385, 117.977958679, 121.710517883, 159.118759155, 113.193275452, 82.1246871948, 57.2019233704, 39.4489822388, 40.130897522], [86.7009658813, -47.9270858765, 103.791992188, 87.3207702637, 76.2174301147, 74.6029434204, 102.731651306, 113.193275452, 149.438079834, 98.2538986206, 59.4597816467, 37.5537872314, 43.1796646118], [193.30255127, -76.8200836182, 81.572555542, 66.6388549805, 53.430103302, 65.7011108398, 71.4434967041, 82.1246871948, 98.2538986206, 109.513381958, 66.5823974609, 36.9341545105, 33.0237846375], [87.7004089355, -47.6822509766, 37.5229415894, 35.1194953918, 35.6270942688, 51.8113327026, 53.0113563538, 57.2019233704, 59.4597816467, 66.5823974609, 85.5667572021, 60.9618530273, 43.0028381348], [-3.55503511429, -10.0174055099, 16.5822658539, 25.4835624695, 31.9564113617, 43.8299331665, 42.7821121216, 39.4489822388, 37.5537872314, 36.9341545105, 60.9618530273, 90.9279556274, 71.0810623169], [-42.8450584412, -15.8784389496, 21.542552948, 29.1140022278, 33.0054092407, 42.1358833313, 54.0357398987, 40.130897522, 43.1796646118, 33.0237846375, 43.0028381348, 71.0810623169, 105.560279846]],
        "icov": [[0.000108432002889, 0.00010993044998, 8.32383284433e-06, -4.46157246188e-05, 2.84074467345e-05, -0.000395566836232, 0.00025720288977, -0.00013150277664, 0.000123810386867, -0.000126767496113, 6.61713784211e-05, 4.52904350823e-05, 7.00591335772e-05], [0.00010993044998, 0.000828173884656, 0.000193285668502, -0.000386056664865, -0.000196055683773, 0.000143151730299, -1.94318454305e-05, 0.000436012836872, -0.000296860816889, 0.000371409318177, 0.000187773272046, -0.000372026726836, 0.000263827037998], [8.32383284433e-06, 0.000193285668502, 0.00199040467851, -0.00108183675911, 4.04842139687e-05, -0.000443565979367, -4.77337598568e-05, 0.000137420996907, -0.000572194345295, -0.00029706134228, 0.000295914127491, 0.000155416913913, 0.00016300790594], [-4.46157246188e-05, -0.000386056664865, -0.00108183675911, 0.00529341818765, -0.00283939135261, -0.000540683744475, 0.00013640706311, -6.65354091325e-05, -0.000338897254551, -0.000979206874035, 0.000543606991414, 0.000193301049876, -0.000162920958246], [2.84074467345e-05, -0.000196055683773, 4.04842139687e-05, -0.00283939135261, 0.0110106403008, -0.00581101654097, -0.00182635965757, 0.00207163020968, -0.00250738626346, 0.00106252345722, 0.000873189594131, -0.000874820223544, 0.000707699975464], [-0.000395566836232, 0.000143151730299, -0.000443565979367, -0.000540683744475, -0.00581101654097, 0.0180308930576, -0.00778885465115, -0.00561103690416, 0.00648850668222, -0.00211494672112, -0.000632216513623, -0.00214314786717, 0.000548673619051], [0.00025720288977, -1.94318454305e-05, -4.77337598568e-05, 0.00013640706311, -0.00182635965757, -0.00778885465115, 0.017244502902, -0.00415105838329, -0.00443095993251, 0.00179021782242, -0.00126300170086, 0.00287780165672, -0.00366645841859], [-0.00013150277664, 0.000436012836872, 0.000137420996907, -6.65354091325e-05, 0.00207163020968, -0.00561103690416, -0.00415105838329, 0.0211155191064, -0.0111033832654, 0.000303003907902, -0.00114129297435, -0.000926929875277, 0.00122808932792], [0.000123810386867, -0.000296860816889, -0.000572194345295, -0.000338897254551, -0.00250738626346, 0.00648850668222, -0.00443095993251, -0.0111033832654, 0.026964103803, -0.0160183832049, 0.00159227382392, 0.00108049227856, -0.00249550957233], [-0.000126767496113, 0.000371409318177, -0.00029706134228, -0.000979206874035, 0.00106252345722, -0.00211494672112, 0.00179021782242, 0.000303003907902, -0.0160183832049, 0.0336065143347, -0.0185058694333, 0.00582004990429, -0.000525876122992], [6.61713784211e-05, 0.000187773272046, 0.000295914127491, 0.000543606991414, 0.000873189594131, -0.000632216513623, -0.00126300170086, -0.00114129297435, 0.00159227382392, -0.0185058694333, 0.0401933938265, -0.0234530940652, 0.00546136777848], [4.52904350823e-05, -0.000372026726836, 0.000155416913913, 0.000193301049876, -0.000874820223544, -0.00214314786717, 0.00287780165672, -0.000926929875277, 0.00108049227856, 0.00582004990429, -0.0234530940652, 0.039204724133, -0.0192220974714], [7.00591335772e-05, 0.000263827037998, 0.00016300790594, -0.000162920958246, 0.000707699975464, 0.000548673619051, -0.00366645841859, 0.00122808932792, -0.00249550957233, -0.000525876122992, 0.00546136777848, -0.0192220974714, 0.0224267672747]]
    },
    "spectral_contrast_coeffs": {
        "mean": [-0.68345695734, -0.776029288769, -0.78215700388, -0.818164527416, -0.816166698933, -0.78319132328],
        "stdev": [0.103463903069, 0.0688593909144, 0.0613263547421, 0.0432389713824, 0.0324384272099, 0.0350571908057]
    },
    "spectral_contrast_valleys": {
        "mean": [-7.10773324966, -7.10340309143, -7.75342941284, -7.69707632065, -7.54936933517, -9.71901988983],
        "stdev": [2.39627766609, 2.23536586761, 2.22347187996, 2.29735994339, 2.39774942398, 2.43923616409]
    }
},
"rhythm": {
    "beats_count": 503,
    "beats_loudness": {
        "mean": 0.0444225631654,
        "stdev": 0.0289730932564
    },
    "bpm": 141.854064941,
    "bpm_histogram_first_peak_bpm": 144,
    "bpm_histogram_first_peak_weight": 0.442953050137,
    "bpm_histogram_second_peak_bpm": 136,
    "bpm_histogram_second_peak_spread": 0.263157904148,
    "bpm_histogram_second_peak_weight": 0.0557768940926,
    "danceability": 1.36112296581,
    "onset_rate": 5.74807786942,
    "beats_loudness_band_ratio": {
        "mean": [0.593544185162, 0.162255123258, 0.0890943855047, 0.0444082990289, 0.0455677360296, 0.0880448371172],
        "stdev": [0.265353620052, 0.163204088807, 0.13699644804, 0.0596170946956, 0.0633137151599, 0.0749572440982]
    },
    "beats_position": [0.383129239082, 0.777868449688, 1.18421769142, 1.60217678547, 2.02013611794, 2.43809509277, 2.85605430603, 3.28562355042, 3.7151927948, 4.13315200806, 4.55111122131, 4.96907043457, 5.39863920212, 5.8282084465, 6.24616765976, 6.66412687302, 7.0936961174, 7.52326536179, 7.94122457504, 8.35918331146, 8.77714252472, 9.2067117691, 9.63628101349, 10.0542402267, 10.47219944, 10.9017686844, 11.3313379288, 11.749297142, 12.1672563553, 12.5852155685, 13.0147848129, 13.4443531036, 13.8623123169, 14.2802715302, 14.7098407745, 15.1394100189, 15.5573692322, 15.9753284454, 16.4048976898, 16.8228569031, 17.2524261475, 17.6703853607, 18.088344574, 18.5063037872, 18.9358730316, 19.365442276, 19.7834014893, 20.2013607025, 20.642539978, 21.0604991913, 21.4784584045, 21.8964176178, 22.3143768311, 22.7439460754, 23.1735134125, 23.5914726257, 24.009431839, 24.4390010834, 24.8685703278, 25.286529541, 25.7044887543, 26.1224479675, 26.5404071808, 26.9699764252, 27.3995456696, 27.8175048828, 28.2354640961, 28.6534233093, 29.0946025848, 29.5357818604, 29.9769611359, 30.4181404114, 30.8593196869, 31.2888889313, 31.7184581757, 32.1596374512, 32.6008148193, 33.0768241882, 33.5528335571, 34.0172348022, 34.4932403564, 34.9692497253, 35.4336509705, 35.9096603394, 36.3856697083, 36.8616790771, 37.3028564453, 37.7324256897, 38.1619949341, 38.5915641785, 39.0095214844, 39.4390907288, 39.8686599731, 40.2866210938, 40.7045783997, 41.134147644, 41.5637168884, 41.981678009, 42.3996353149, 42.8175964355, 43.2355537415, 43.6651229858, 44.0946922302, 44.5126533508, 44.9306106567, 45.3601799011, 45.7897491455, 46.2077102661, 46.625667572, 47.0552368164, 47.4848060608, 47.9027671814, 48.3323364258, 48.7619056702, 49.1798629761, 49.5978240967, 50.0157814026, 50.4337387085, 50.8633079529, 51.2928771973, 51.7108383179, 52.1287956238, 52.5467567444, 52.9763259888, 53.3942832947, 53.8238525391, 54.2418136597, 54.6713829041, 55.1009521484, 55.5189094543, 55.936870575, 56.3664398193, 56.7843971252, 57.2139663696, 57.6319274902, 58.0498847961, 58.4794540405, 58.9090232849, 59.3269844055, 59.7449417114, 60.1745109558, 60.6040802002, 61.0336494446, 61.463218689, 61.8927879333, 62.3223571777, 62.7635345459, 63.2047157288, 63.6342849731, 64.0638504028, 64.4934234619, 64.9229888916, 65.3409500122, 65.7589111328, 66.1884765625, 66.6180496216, 67.0360107422, 67.4539642334, 67.8835372925, 68.3131027222, 68.7426757812, 69.1838531494, 69.6366424561, 70.0778198242, 70.5189971924, 70.9485702515, 71.3781356812, 71.8077087402, 72.2372741699, 72.6552352905, 73.0731964111, 73.4911575317, 73.9207229614, 74.3502960205, 74.7682495117, 75.1862106323, 75.6157836914, 76.0453491211, 76.4633102417, 76.8812713623, 77.2992248535, 77.7287979126, 78.1583633423, 78.5763244629, 78.9942855835, 79.4122467041, 79.8418121338, 80.2713851929, 80.6893386841, 81.1072998047, 81.5252609253, 81.954826355, 82.3843994141, 82.8023605347, 83.2203140259, 83.649887085, 84.0794525146, 84.4974136353, 84.9153747559, 85.3333282471, 85.7629013062, 86.1924667358, 86.6104278564, 87.0283889771, 87.4579544067, 87.8875274658, 88.3054885864, 88.7234420776, 89.1414031982, 89.5709762573, 90.000541687, 90.4185028076, 90.8364639282, 91.2660293579, 91.6839904785, 92.1135559082, 92.5315170288, 92.9494781494, 93.36743927, 93.7970046997, 94.2265777588, 94.64453125, 95.0624923706, 95.4920654297, 95.9216308594, 96.33959198, 96.7575454712, 97.1755065918, 97.6050796509, 98.0346450806, 98.4526062012, 98.8705673218, 99.3001327515, 99.7297058105, 100.147659302, 100.565620422, 100.983581543, 101.413146973, 101.842720032, 102.260681152, 102.678634644, 103.096595764, 103.537773132, 103.955734253, 104.373695374, 104.791656494, 105.221221924, 105.650794983, 106.068748474, 106.486709595, 106.916282654, 107.345848083, 107.763809204, 108.181770325, 108.599723816, 109.029296875, 109.458862305, 109.876823425, 110.294784546, 110.712738037, 111.153923035, 111.571876526, 111.989837646, 112.407798767, 112.825759888, 113.255325317, 113.684898376, 114.102851868, 114.520812988, 114.938774109, 115.368339539, 115.797912598, 116.215873718, 116.633827209, 117.05178833, 117.492965698, 117.910926819, 118.328887939, 118.74684906, 119.188026428, 119.605987549, 120.02394104, 120.441902161, 120.87147522, 121.301040649, 121.71900177, 122.136962891, 122.554916382, 122.984489441, 123.414054871, 123.832015991, 124.249977112, 124.69115448, 125.143943787, 125.608345032, 126.072738647, 126.548751831, 126.989929199, 127.419502258, 127.83745575, 128.267028809, 128.6849823, 129.114562988, 129.544128418, 129.962081909, 130.3800354, 130.79800415, 131.22756958, 131.65713501, 132.07510376, 132.493057251, 132.911010742, 133.340591431, 133.77015686, 134.188110352, 134.606079102, 135.035644531, 135.465209961, 135.883178711, 136.301132202, 136.730697632, 137.160263062, 137.578231812, 137.996185303, 138.425750732, 138.855331421, 139.273284912, 139.691238403, 140.109207153, 140.527160645, 140.956726074, 141.374694824, 141.804260254, 142.222213745, 142.640182495, 143.069747925, 143.499313354, 143.917282104, 144.335235596, 144.753189087, 145.182769775, 145.612335205, 146.030288696, 146.448257446, 146.877822876, 147.307388306, 147.725341797, 148.143310547, 148.572875977, 149.002441406, 149.443618774, 149.896408081, 150.349197388, 150.778778076, 151.208343506, 151.626296997, 152.044265747, 152.473831177, 152.903396606, 153.321365356, 153.750930786, 154.180496216, 154.598449707, 155.016418457, 155.445983887, 155.875549316, 156.293518066, 156.711471558, 157.141036987, 157.570602417, 157.988571167, 158.406524658, 158.824493408, 159.242446899, 159.672012329, 160.101577759, 160.519546509, 160.9375, 161.35546875, 161.773422241, 162.202987671, 162.620956421, 163.038909912, 163.468475342, 163.898040771, 164.32762146, 164.745574951, 165.175140381, 165.616317749, 166.069107056, 166.510284424, 166.951477051, 167.392654419, 167.81060791, 168.24017334, 168.669754028, 169.08770752, 169.505661011, 169.935241699, 170.364807129, 170.78276062, 171.20072937, 171.618682861, 172.048248291, 172.477813721, 172.895782471, 173.313735962, 173.731704712, 174.161270142, 174.590835571, 175.008789062, 175.426757812, 175.844711304, 176.274276733, 176.703857422, 177.121810913, 177.539764404, 177.969345093, 178.398910522, 178.816864014, 179.234832764, 179.652786255, 180.082351685, 180.511917114, 180.929885864, 181.347839355, 181.777404785, 182.206985474, 182.624938965, 183.042892456, 183.472473145, 183.902038574, 184.319992065, 184.737960815, 185.155914307, 185.585479736, 186.015060425, 186.433013916, 186.850967407, 187.268936157, 187.698501587, 188.128067017, 188.546035767, 188.963989258, 189.381942749, 189.811508179, 190.241088867, 190.659042358, 191.07699585, 191.506576538, 191.936141968, 192.354095459, 192.772064209, 193.1900177, 193.61958313, 194.049163818, 194.46711731, 194.885070801, 195.314651489, 195.744216919, 196.16217041, 196.58013916, 196.998092651, 197.427658081, 197.857223511, 198.275192261, 198.693145752, 199.111114502, 199.540679932, 199.970245361, 200.388198853, 200.806167603, 201.224121094, 201.653686523, 202.083267212, 202.501220703, 202.919174194, 203.348754883, 203.778320312, 204.196273804, 204.614242554, 205.032196045, 205.461761475, 205.891326904, 206.309295654, 206.727249146, 207.145217896, 207.563171387, 208.004348755, 208.433914185, 208.851882935, 209.281448364, 209.734237671, 210.187026978, 210.628204346, 211.092605591, 211.545394897, 211.986572266, 212.439361572, 212.892150879, 213.402984619, 213.925445557, 214.447891235],
    "bpm_histogram": [0, 0, 0, 0, 0, 0, 0, 0, 0, 0, 0, 0, 0, 0, 0, 0, 0, 0, 0, 0, 0, 0, 0, 0, 0, 0, 0, 0, 0, 0, 0, 0, 0, 0, 0, 0, 0, 0, 0, 0, 0, 0, 0, 0, 0, 0, 0, 0, 0, 0, 0, 0, 0, 0, 0, 0, 0, 0, 0, 0, 0, 0, 0, 0, 0, 0, 0, 0, 0, 0, 0, 0, 0, 0, 0, 0, 0, 0, 0, 0, 0, 0, 0, 0, 0, 0, 0, 0, 0, 0, 0, 0, 0, 0, 0, 0, 0, 0, 0, 0, 0, 0, 0, 0, 0, 0, 0, 0, 0, 0, 0, 0, 0, 0, 0, 0.00398406386375, 0, 0.00199203193188, 0, 0, 0, 0, 0, 0, 0, 0, 0.015936255455, 0, 0, 0.00996015965939, 0, 0, 0, 0.0199203193188, 0, 0, 0.0557768940926, 0, 0, 0, 0.392430275679, 0, 0, 0, 0.496015936136, 0, 0, 0, 0.00199203193188, 0, 0, 0, 0.00199203193188, 0, 0, 0, 0, 0, 0, 0, 0, 0, 0, 0, 0, 0, 0, 0, 0, 0, 0, 0, 0, 0, 0, 0, 0, 0, 0, 0, 0, 0, 0, 0, 0, 0, 0, 0, 0, 0, 0, 0, 0, 0, 0, 0, 0, 0, 0, 0, 0, 0, 0, 0, 0, 0, 0, 0, 0, 0, 0, 0, 0, 0, 0, 0, 0, 0, 0, 0, 0, 0, 0, 0, 0, 0, 0, 0, 0, 0, 0, 0, 0, 0, 0, 0, 0, 0, 0, 0, 0, 0, 0, 0, 0, 0, 0, 0, 0, 0]
},
"tonal": {
    "chords_changes_rate": 0.0807600915432,
    "chords_number_rate": 0.00302310520783,
    "chords_strength": {
        "mean": 0.555787265301,
        "stdev": 0.160790652037
    },
    "hpcp_crest": {
        "mean": 12.225725174,
        "stdev": 5.71546697617
    },
    "hpcp_entropy": {
        "mean": 2.18042969704,
        "stdev": 0.790049135685
    },
    "key_edma": {
        "strength": 0.826301515102,
        "key": "G#",
        "scale": "major"
    },
    "key_krumhansl": {
        "strength": 0.81267362833,
        "key": "G#",
        "scale": "major"
    },
    "key_temperley": {
        "strength": 0.79061383009,
        "key": "G#",
        "scale": "major"
    },
    "tuning_diatonic_strength": 0.697138190269,
    "tuning_equal_tempered_deviation": 0.149915665388,
    "tuning_frequency": 434.193115234,
    "tuning_nontempered_energy_ratio": 0.871316254139,
    "hpcp": {
        "mean": [0.106633737683, 0.107610918581, 0.128162935376, 0.158420100808, 0.130351632833, 0.0733708962798, 0.0659547075629, 0.0860236361623, 0.127241685987, 0.162294134498, 0.137975439429, 0.0902839973569, 0.0682045519352, 0.0673379898071, 0.0954126343131, 0.120881401002, 0.119492970407, 0.158013924956, 0.201361462474, 0.140417903662, 0.0575757585466, 0.037558734417, 0.0419822074473, 0.0667742490768, 0.0958607271314, 0.0873906239867, 0.06146318838, 0.063308916986, 0.0838216096163, 0.109658457339, 0.14727255702, 0.160553351045, 0.145339637995, 0.142760843039, 0.127314656973, 0.10876236856],
        "stdev": [0.235422998667, 0.229648351669, 0.239989057183, 0.266718536615, 0.234795451164, 0.179367512465, 0.18443454802, 0.214145943522, 0.25373467803, 0.291247576475, 0.254601031542, 0.20311267674, 0.182241618633, 0.17787219584, 0.201968327165, 0.241243675351, 0.219861254096, 0.253892481327, 0.301399707794, 0.229940846562, 0.12774309516, 0.117891408503, 0.123822018504, 0.159832507372, 0.208259209991, 0.184554561973, 0.141341790557, 0.157555893064, 0.189187303185, 0.212261155248, 0.262310385704, 0.27760720253, 0.265003323555, 0.286364585161, 0.257624059916, 0.236352965236]
    },
    "chords_histogram": [21.0321750641, 18.6352844238, 20.92420578, 8.98294067383, 1.66270780563, 4.62103223801, 1.96501839161, 0, 0.820557117462, 0, 1.85705029964, 3.5413517952, 1.90023756027, 0.561433792114, 0.583027422428, 0, 0, 1.36039733887, 0.604621052742, 7.01792287827, 1.27402293682, 0.0215936079621, 0, 2.63442015648],
    "thpcp": [1, 0.697342514992, 0.28593236208, 0.186523944139, 0.208491772413, 0.331613838673, 0.47606292367, 0.433998763561, 0.305238097906, 0.314404338598, 0.416274338961, 0.544585108757, 0.731384038925, 0.79733902216, 0.721784770489, 0.708977997303, 0.632269203663, 0.540134966373, 0.529563784599, 0.534416675568, 0.636481940746, 0.786744892597, 0.647351443768, 0.36437407136, 0.327543854713, 0.42721003294, 0.631906867027, 0.805984079838, 0.685212731361, 0.448367804289, 0.338717013597, 0.33441349864, 0.473837614059, 0.600320458412, 0.593425214291, 0.784727752209],
    "chords_key": "G#",
    "chords_scale": "major"
}
}