{
"metadata": {
    "version": {
        "essentia": "2.1-dev",
        "essentia_git_sha": "v2.1_beta3-415-gd5473f3",
        "extractor": "music 2.0"
    },
    "audio_properties": {
        "analysis": {
            "equal_loudness": 0,
            "length": 224.391830444,
            "sample_rate": 44100,
            "start_time": 0,
            "downmix": "mix"
        },
        "bit_rate": 192000,
        "length": 224.391830444,
        "lossless": 0,
        "number_channels": 2,
        "replay_gain": -10.5168533325,
        "sample_rate": 44100,
        "codec": "mp3",
        "md5_encoded": "11c97080afded3ffa9f3aa7bc061a767"
    },
    "tags": {
        "file_name": "bibi-wild_wind.mp3",
        "album": ["Solo Numeros 1 2001 CD3"],
        "artist": ["Various Artists"],
        "genre": ["Other"],
        "title": ["wild wind-bibi"]
    }
},
"lowlevel": {
    "average_loudness": 0.863337993622,
    "barkbands_crest": {
        "mean": 10.9729814529,
        "stdev": 4.98205947876
    },
    "barkbands_flatness_db": {
        "mean": 0.133287653327,
        "stdev": 0.0600827522576
    },
    "barkbands_kurtosis": {
        "mean": 4.72985219955,
        "stdev": 11.0102157593
    },
    "barkbands_skewness": {
        "mean": 1.38849723339,
        "stdev": 1.65764498711
    },
    "barkbands_spread": {
        "mean": 28.9563884735,
        "stdev": 21.9108600616
    },
    "dissonance": {
        "mean": 0.445869237185,
        "stdev": 0.0359262675047
    },
    "dynamic_complexity": 3.1716709137,
    "erbbands_crest": {
        "mean": 9.87949752808,
        "stdev": 5.15730285645
    },
    "erbbands_flatness_db": {
        "mean": 0.149236530066,
        "stdev": 0.0717054158449
    },
    "erbbands_kurtosis": {
        "mean": 1.08835303783,
        "stdev": 3.12833023071
    },
    "erbbands_skewness": {
        "mean": 0.33847284317,
        "stdev": 0.759504437447
    },
    "erbbands_spread": {
        "mean": 49.5825805664,
        "stdev": 36.549659729
    },
    "hfc": {
        "mean": 35.7532691956,
        "stdev": 38.2470092773
    },
    "loudness_ebu128": {
        "integrated": -12.4694166183,
        "loudness_range": 5.71457862854,
        "momentary": {
            "mean": -15.0979299545,
            "stdev": 21.224357605
        },
        "short_term": {
            "mean": -13.1309518814,
            "stdev": 3.38656020164
        }
    },
    "melbands_crest": {
        "mean": 14.9441652298,
        "stdev": 5.91298675537
    },
    "melbands_flatness_db": {
        "mean": 0.197445362806,
        "stdev": 0.072960793972
    },
    "melbands_kurtosis": {
        "mean": 30.9680805206,
        "stdev": 87.6274261475
    },
    "melbands_skewness": {
        "mean": 3.12186813354,
        "stdev": 3.73609423637
    },
    "melbands_spread": {
        "mean": 27.3607826233,
        "stdev": 26.4574260712
    },
    "pitch_salience": {
        "mean": 0.511066496372,
        "stdev": 0.140476331115
    },
    "silence_rate_20dB": {
        "mean": 1,
        "stdev": 0
    },
    "silence_rate_30dB": {
        "mean": 0.999482691288,
        "stdev": 0.0227410998195
    },
    "silence_rate_60dB": {
        "mean": 0.0717020183802,
        "stdev": 0.257977217436
    },
    "spectral_centroid": {
        "mean": 1464.6907959,
        "stdev": 1083.96594238
    },
    "spectral_complexity": {
        "mean": 15.2421102524,
        "stdev": 8.3090801239
    },
    "spectral_decrease": {
        "mean": -6.99518531988e-09,
        "stdev": 5.64717561602e-09
    },
    "spectral_energy": {
        "mean": 0.0296443682164,
        "stdev": 0.0231638345867
    },
    "spectral_energyband_high": {
        "mean": 0.00231432775036,
        "stdev": 0.00365885859355
    },
    "spectral_energyband_low": {
        "mean": 0.0103144673631,
        "stdev": 0.0144098745659
    },
    "spectral_energyband_middle_high": {
        "mean": 0.00733037572354,
        "stdev": 0.00907792989165
    },
    "spectral_energyband_middle_low": {
        "mean": 0.0108357882127,
        "stdev": 0.014110378921
    },
    "spectral_entropy": {
        "mean": 7.64638090134,
        "stdev": 0.663224279881
    },
    "spectral_flux": {
        "mean": 0.0921673178673,
        "stdev": 0.0642584115267
    },
    "spectral_kurtosis": {
        "mean": 4.54239416122,
        "stdev": 6.34214353561
    },
    "spectral_rms": {
        "mean": 0.00490877171978,
        "stdev": 0.00219663092867
    },
    "spectral_rolloff": {
        "mean": 2501.06494141,
        "stdev": 3234.19799805
    },
    "spectral_skewness": {
        "mean": 1.64731872082,
        "stdev": 0.81760597229
    },
    "spectral_spread": {
        "mean": 7372224.5,
        "stdev": 4422375
    },
    "spectral_strongpeak": {
        "mean": 1.44749999046,
        "stdev": 1.87008666992
    },
    "zerocrossingrate": {
        "mean": 0.0931279882789,
        "stdev": 0.0753447264433
    },
    "barkbands": {
        "mean": [0.000128934421809, 0.00510438717902, 0.00410967553034, 0.00157027831301, 0.00336729618721, 0.00140629918315, 0.00208483752795, 0.00131977279671, 0.000749993487261, 0.0010590031743, 0.00209559313953, 0.000862688932102, 0.000504239753354, 0.00145749759395, 0.000419708056143, 0.000243177128141, 0.000274921185337, 0.000247454387136, 0.000237089130678, 0.000209307589103, 0.000210645492189, 0.000256500119576, 0.000354220246663, 0.000410348438891, 0.000571673677769, 0.00036969431676, 1.91314793483e-05],
        "stdev": [0.000249800097663, 0.00851759314537, 0.00807245913893, 0.00552250770852, 0.00857263896614, 0.00243214727379, 0.00464829150587, 0.00237345090136, 0.00167566200253, 0.0019885872025, 0.00510171474889, 0.00170945934951, 0.000978080672212, 0.00352471857332, 0.00121373508591, 0.000546917610336, 0.000548127223738, 0.000446661666501, 0.000368750013877, 0.00029660918517, 0.000329244794557, 0.0004284803872, 0.000640932528768, 0.000742400763556, 0.00100277143065, 0.000737232447136, 4.48318714916e-05]
    },
    "erbbands": {
        "mean": [0.132164344192, 1.22560989857, 4.13440322876, 5.89467668533, 8.01692867279, 11.6916255951, 12.1039295197, 10.097026825, 26.4959659576, 29.1805686951, 31.4146995544, 15.7932987213, 26.8566665649, 50.2179450989, 73.5383987427, 39.3328704834, 28.6804542542, 69.1048583984, 35.8518104553, 20.0558586121, 14.072883606, 14.0876531601, 13.6824560165, 14.9825563431, 9.05920982361, 10.0009222031, 9.2989654541, 7.73120546341, 8.86804294586, 8.4539899826, 10.425784111, 8.20596694946, 7.72151613235, 6.12741374969, 4.067715168, 2.03735327721, 0.559720695019, 0.097835354507, 0.00217392947525, 0.000109037675429],
        "stdev": [0.197262808681, 2.20360565186, 8.00257110596, 14.5494642258, 25.138917923, 29.9457511902, 22.382101059, 17.4591941833, 56.906288147, 57.3162498474, 57.9971160889, 28.9030246735, 54.2056694031, 124.198387146, 203.363647461, 72.7442169189, 48.784236908, 174.857940674, 72.6901016235, 44.7980728149, 30.4031467438, 26.2459945679, 24.6155853271, 23.1705360413, 12.204492569, 14.5253171921, 14.0807142258, 13.3184118271, 14.5785017014, 14.8032999039, 19.6400680542, 16.111038208, 12.7171888351, 10.0552749634, 7.79899740219, 4.03670549393, 1.15431594849, 0.217213779688, 0.00465695559978, 0.00016164239787]
    },
    "gfcc": {
        "mean": [-4.31668138504, 57.9925880432, -100.211540222, 10.7577095032, -59.9011688232, 26.2799720764, -41.5276679993, 14.7209911346, -33.393371582, 10.9901313782, -15.0211009979, 1.06668198109, -14.5618162155],
        "cov": [[20882.5976562, -529.091796875, 75.7475357056, 1389.10644531, -420.168518066, 261.840576172, -516.07244873, 396.739044189, -240.352722168, 263.660339355, -314.641113281, 408.471923828, -308.766143799], [-529.091796875, 1877.32739258, -598.257995605, -343.11730957, 241.212356567, -174.112060547, 84.2338562012, -99.6690673828, -98.2084960938, -148.26574707, 92.9173126221, -216.511291504, 77.0577087402], [75.7475357056, -598.257995605, 1924.9083252, 783.683837891, 101.010765076, 409.908843994, 51.9507484436, 104.432899475, 135.465911865, 28.6015586853, -84.6058273315, 227.318969727, -69.7237701416], [1389.10644531, -343.11730957, 783.683837891, 849.875305176, 124.353622437, 205.280105591, 60.995098114, 92.8078918457, 164.175140381, 66.388168335, -40.6306610107, 168.56161499, -5.66182613373], [-420.168518066, 241.212356567, 101.010765076, 124.353622437, 360.235015869, 131.382049561, 105.547790527, 61.4484367371, 56.2768669128, 7.05175209045, 26.6671886444, -29.9695930481, 40.5537109375], [261.840576172, -174.112060547, 409.908843994, 205.280105591, 131.382049561, 423.717193604, 106.242965698, 64.1056747437, 57.6711502075, 54.0224380493, -1.68003225327, 11.6256761551, -19.1074371338], [-516.07244873, 84.2338562012, 51.9507484436, 60.995098114, 105.547790527, 106.242965698, 202.447616577, 58.4536018372, 76.6053848267, 30.2902469635, 39.8260803223, 6.5855050087, 20.102399826], [396.739044189, -99.6690673828, 104.432899475, 92.8078918457, 61.4484367371, 64.1056747437, 58.4536018372, 216.918502808, 68.8835601807, 39.3042945862, 21.5048656464, 36.7772483826, 30.8914909363], [-240.352722168, -98.2084960938, 135.465911865, 164.175140381, 56.2768669128, 57.6711502075, 76.6053848267, 68.8835601807, 190.627456665, 75.5468597412, 19.210269928, 54.1105461121, 4.40168428421], [263.660339355, -148.26574707, 28.6015586853, 66.388168335, 7.05175209045, 54.0224380493, 30.2902469635, 39.3042945862, 75.5468597412, 134.574768066, 52.9522438049, 38.0240287781, 5.79081821442], [-314.641113281, 92.9173126221, -84.6058273315, -40.6306610107, 26.6671886444, -1.68003225327, 39.8260803223, 21.5048656464, 19.210269928, 52.9522438049, 114.904647827, 19.2756786346, 30.8497943878], [408.471923828, -216.511291504, 227.318969727, 168.56161499, -29.9695930481, 11.6256761551, 6.5855050087, 36.7772483826, 54.1105461121, 38.0240287781, 19.2756786346, 149.727554321, 13.3160648346], [-308.766143799, 77.0577087402, -69.7237701416, -5.66182613373, 40.5537109375, -19.1074371338, 20.102399826, 30.8914909363, 4.40168428421, 5.79081821442, 30.8497943878, 13.3160648346, 110.651512146]],
        "icov": [[0.000132520319312, -0.000174013723154, 0.000219882233068, -0.000353354174877, 0.000157391259563, -0.000220831483603, 0.000333663483616, -0.000460680399556, 0.000622790015768, -0.000634800293483, 0.000627739646006, -0.000590137846302, 0.000488072662847], [-0.000174013723154, 0.00118760904297, -0.000239295084612, 0.000445543962996, -0.000764881609939, 0.000669575296342, -0.000768297351897, 0.000966425577644, -0.000909890222829, 0.0019663812127, -0.00199852511287, 0.00181209272705, -0.000902479805518], [0.000219882233068, -0.000239295084612, 0.00147485884372, -0.0012117769802, 0.000192088307813, -0.00115440075751, 0.000739450100809, -0.000837959058117, 0.00105485320091, -0.000460313167423, 0.00131521595176, -0.00207246677019, 0.00134225492366], [-0.000353354174877, 0.000445543962996, -0.0012117769802, 0.00345308450051, -0.00113590748515, 0.000397312949644, -0.000755139801186, 0.00125133106485, -0.00260945619084, 0.00116360955872, -0.000390752305975, -0.000145809768583, -0.00144100852776], [0.000157391259563, -0.000764881609939, 0.000192088307813, -0.00113590748515, 0.00471720611677, -0.00125238113105, -0.000452659558505, -0.00113910750952, 8.79862127476e-05, -0.000283363799099, 0.000193137369934, 0.000866604445037, -0.000656901858747], [-0.000220831483603, 0.000669575296342, -0.00115440075751, 0.000397312949644, -0.00125238113105, 0.00457191234455, -0.0023053791374, 0.00056456704624, -0.000203014962608, -0.000430083135143, -0.000921555038076, 0.0025610413868, -0.000300586776575], [0.000333663483616, -0.000768297351897, 0.000739450100809, -0.000755139801186, -0.000452659558505, -0.0023053791374, 0.00866791047156, -0.00189613527618, -0.00112572987564, -0.000565144931898, -0.000306220026687, -0.00161738449242, 0.000970222172327], [-0.000460680399556, 0.000966425577644, -0.000837959058117, 0.00125133106485, -0.00113910750952, 0.00056456704624, -0.00189613527618, 0.0075166458264, -0.00336859980598, 0.00212882691994, -0.00256709195673, 0.00176915863995, -0.00313614378683], [0.000622790015768, -0.000909890222829, 0.00105485320091, -0.00260945619084, 8.79862127476e-05, -0.000203014962608, -0.00112572987564, -0.00336859980598, 0.0124233877286, -0.00756462058052, 0.00457046646625, -0.00420220615342, 0.00311345653608], [-0.000634800293483, 0.0019663812127, -0.000460313167423, 0.00116360955872, -0.000283363799099, -0.000430083135143, -0.000565144931898, 0.00212882691994, -0.00756462058052, 0.0174931045622, -0.0102019030601, 0.00322461663745, -0.00199165288359], [0.000627739646006, -0.00199852511287, 0.00131521595176, -0.000390752305975, 0.000193137369934, -0.000921555038076, -0.000306220026687, -0.00256709195673, 0.00457046646625, -0.0102019030601, 0.018336404115, -0.00687661767006, 0.000562006316613], [-0.000590137846302, 0.00181209272705, -0.00207246677019, -0.000145809768583, 0.000866604445037, 0.0025610413868, -0.00161738449242, 0.00176915863995, -0.00420220615342, 0.00322461663745, -0.00687661767006, 0.0157968271524, -0.00428290106356], [0.000488072662847, -0.000902479805518, 0.00134225492366, -0.00144100852776, -0.000656901858747, -0.000300586776575, 0.000970222172327, -0.00313614378683, 0.00311345653608, -0.00199165288359, 0.000562006316613, -0.00428290106356, 0.013027086854]]
    },
    "melbands": {
        "mean": [0.00131630140822, 0.00203681364655, 0.00105974427424, 0.000746437115595, 0.000437493174104, 0.000259119464317, 0.000416515162215, 0.000302668573568, 0.000262693763943, 8.45576796564e-05, 0.000133227105835, 0.0001904014498, 0.000234908555285, 0.000119563934277, 9.7330652352e-05, 4.98215558764e-05, 0.000150419902639, 6.31617658655e-05, 3.70636189473e-05, 2.06552067539e-05, 1.55370362336e-05, 1.58049533638e-05, 1.14221566037e-05, 1.2510938177e-05, 1.2282625903e-05, 7.55155906518e-06, 5.73443458052e-06, 7.03583054928e-06, 6.04064689469e-06, 4.47935553893e-06, 4.67844574814e-06, 4.77108324048e-06, 5.44331669516e-06, 4.28680777986e-06, 5.13773557032e-06, 7.34003469915e-06, 4.30192903877e-06, 4.88923569719e-06, 6.40163170829e-06, 4.68000007459e-06],
        "stdev": [0.00204704585485, 0.00353332515806, 0.00256193452515, 0.00213193544187, 0.000770051614381, 0.000444961042376, 0.000873674813192, 0.000572503660806, 0.000510167796165, 0.000163610980962, 0.000283434201265, 0.000469383900054, 0.000594769255258, 0.000256913335761, 0.000226919073611, 0.000115697068395, 0.000401450990466, 0.00015343290579, 0.000121678793221, 4.56996822322e-05, 4.41965166829e-05, 3.20365725202e-05, 2.63476631517e-05, 2.35270090343e-05, 2.08468009077e-05, 1.12749112304e-05, 8.8276428869e-06, 1.08386639113e-05, 9.10626931727e-06, 7.14158795745e-06, 9.40258269111e-06, 8.29802866065e-06, 9.77672607405e-06, 7.62996205594e-06, 9.57519114309e-06, 1.49708739627e-05, 8.81402866071e-06, 8.45523027238e-06, 1.04494311017e-05, 8.06776915852e-06]
    },
    "melbands128": {
        "mean": [0.000100379904325, 0.000896976620425, 0.00190539390314, 0.00198801094666, 0.00204766378738, 0.00203524739482, 0.00126528006513, 0.000660912366584, 0.000821000430733, 0.000869311101269, 0.000680095748976, 0.000483197916765, 0.000450855819508, 0.000329951872118, 0.000131657056045, 0.000272399920505, 0.000505835865624, 0.000371371308574, 0.000545981689356, 0.00028242362896, 0.000278228195384, 0.000184065109352, 0.000349031615769, 0.000264091650024, 5.90472955082e-05, 4.35987167293e-05, 5.70861520828e-05, 0.000169233200722, 0.000182548596058, 0.000104493919935, 0.000283095840132, 0.000193058542209, 0.000146985752508, 0.000443538243417, 5.56009654247e-05, 6.64461331326e-05, 9.83931240626e-05, 0.000157222631969, 3.51787821273e-05, 5.05062198499e-05, 7.09519517841e-05, 2.06140157388e-05, 0.00016314444656, 0.000220473390073, 9.88462852547e-05, 2.85540227196e-05, 2.14311767195e-05, 6.68914944981e-05, 2.51903493336e-05, 1.25775186461e-05, 3.0195022191e-05, 1.60449635587e-05, 8.57590566739e-06, 2.21497484745e-05, 1.74150682142e-05, 1.58030652528e-05, 1.26110708152e-05, 1.03689662865e-05, 1.23741692732e-05, 1.05575218186e-05, 1.70752282429e-05, 6.17280693405e-06, 1.30027683554e-05, 1.51303584062e-05, 1.15948305393e-05, 6.77731259202e-06, 4.71442808703e-06, 6.58007684251e-06, 5.41984672964e-06, 5.45564671484e-06, 6.24171116215e-06, 1.00023171399e-05, 4.96775737702e-06, 5.4366078075e-06, 6.31479815638e-06, 5.7936090343e-06, 2.61416926151e-06, 3.63311733054e-06, 6.15597218712e-06, 4.10505708714e-06, 4.47077854915e-06, 5.46976616533e-06, 4.37390144725e-06, 6.46388798486e-06, 5.30999295734e-06, 4.02044497605e-06, 4.20706237492e-06, 3.91331650462e-06, 4.0526651901e-06, 5.6680050875e-06, 1.17419685921e-05, 5.851595688e-06, 4.38401866631e-06, 3.66381277672e-06, 5.22193795405e-06, 4.07025891036e-06, 4.4804000936e-06, 6.35445394437e-06, 6.32150386082e-06, 7.3256583164e-06, 4.9616742217e-06, 3.87036425309e-06, 4.48842320111e-06, 4.57401529275e-06, 4.4343355512e-06, 4.95046060678e-06, 4.53996381111e-06, 5.02025932292e-06, 3.61384877579e-06, 2.38974689637e-06, 2.09477957469e-06, 1.77522645117e-06, 1.71551107542e-06, 1.59223702667e-06, 1.53431301442e-06, 1.00156853478e-06, 7.24942651686e-07, 8.88540654387e-08, 8.71613024811e-12, 5.04672215476e-12, 4.76490158094e-12, 4.5692009204e-12, 4.41280172125e-12, 4.29272112648e-12, 4.20104446022e-12, 4.13350777217e-12, 4.08480801267e-12, 4.05085947425e-12],
        "stdev": [0.000205452975933, 0.00140746252146, 0.00329700228758, 0.00418642768636, 0.00440797163174, 0.00405114749447, 0.00328931212425, 0.00264798803255, 0.00279546994716, 0.00284589501098, 0.00201294873841, 0.000990037224256, 0.000968554930296, 0.000756304827519, 0.000332579336828, 0.000715976813808, 0.00137338344939, 0.000918917416129, 0.0018033584347, 0.000576533784624, 0.000741571595427, 0.000454049964901, 0.00077631912427, 0.000731201726012, 0.000138842544402, 0.000153423054144, 0.00016258834512, 0.000426581507782, 0.000545890827198, 0.000250731653068, 0.000933865376282, 0.000742867065128, 0.000476764165796, 0.00146440474782, 0.000168602680787, 0.000211907812627, 0.000264190108282, 0.000486114789965, 9.32468974497e-05, 0.000150954161654, 0.00020584212325, 5.73894831177e-05, 0.000523743045051, 0.000665812811349, 0.000414133217419, 9.79287287919e-05, 7.44097633287e-05, 0.000275878206594, 9.27966975723e-05, 4.37429771409e-05, 8.9430672233e-05, 4.86297067255e-05, 2.8020785976e-05, 0.000102706471807, 5.18136585015e-05, 4.82045397803e-05, 3.38673016813e-05, 3.65008854715e-05, 5.18517263117e-05, 1.96663131646e-05, 4.75650776934e-05, 1.45340718518e-05, 2.91766154987e-05, 3.9316884795e-05, 2.52894315054e-05, 1.40885449582e-05, 9.97020742943e-06, 1.29230666062e-05, 1.02160247479e-05, 1.09958227767e-05, 1.12601219371e-05, 1.71218398464e-05, 8.57354007167e-06, 1.06340257844e-05, 1.65054934769e-05, 1.07763180495e-05, 4.37415883425e-06, 7.54598113417e-06, 1.65068286151e-05, 9.50378580455e-06, 9.08895890461e-06, 1.18383059089e-05, 1.04662458398e-05, 1.28263845909e-05, 1.05519093268e-05, 8.11785321275e-06, 8.25504776003e-06, 7.10292761141e-06, 8.38385312818e-06, 1.34396923386e-05, 2.59331736743e-05, 1.2039986359e-05, 1.0430497241e-05, 6.8937697506e-06, 1.24898369904e-05, 7.74052296038e-06, 8.38447249407e-06, 1.10430628411e-05, 1.18642583402e-05, 1.23771924336e-05, 9.14997963264e-06, 7.8230013969e-06, 8.65326001076e-06, 9.34534637054e-06, 8.70949043019e-06, 1.07893383756e-05, 1.02979665826e-05, 1.02777066786e-05, 7.62813351685e-06, 4.93186644235e-06, 4.62751359009e-06, 3.8159369069e-06, 3.75131207875e-06, 3.5276559629e-06, 3.78762547371e-06, 2.30993737205e-06, 1.65939695762e-06, 2.08054174777e-07, 2.36491676936e-11, 8.16414730959e-12, 7.73608520993e-12, 7.43470649628e-12, 7.20186540612e-12, 7.02010541712e-12, 6.87653449807e-12, 6.767681901e-12, 6.68995501357e-12, 6.64120494709e-12]
    },
    "mfcc": {
        "mean": [-651.97064209, 102.625823975, 12.0091142654, -2.16374087334, 5.19117212296, 2.34989714622, 10.0887269974, -2.40430021286, -2.52159881592, -0.182463765144, 1.76791059971, 1.68694972992, 0.178898021579],
        "cov": [[9848.90332031, -574.941589355, 604.221618652, 994.166809082, 206.023071289, 92.3129119873, -190.864990234, 189.481552124, 35.7648582458, 32.4545135498, -68.2808837891, 49.4745979309, 176.489089966], [-574.941589355, 1939.27294922, -681.05657959, -228.156402588, -49.7213935852, -173.803314209, 194.572113037, -112.529388428, -96.934677124, -13.7772130966, -38.336265564, -103.270324707, -135.292114258], [604.221618652, -681.05657959, 1569.66931152, 393.047607422, 324.629852295, 386.916259766, -42.8589363098, 241.381591797, 123.539863586, 0.005119104404, 45.4207458496, 50.1325263977, 159.695220947], [994.166809082, -228.156402588, 393.047607422, 550.592102051, 173.049499512, 124.905448914, -52.240901947, 112.025764465, 80.3159637451, 0.926963150501, 9.61020374298, 51.3431167603, 75.3451919556], [206.023071289, -49.7213935852, 324.629852295, 173.049499512, 330.1277771, 150.693725586, 80.2192993164, 98.7754516602, 102.790657043, 38.777053833, 21.9838829041, 13.1852827072, 53.0218963623], [92.3129119873, -173.803314209, 386.916259766, 124.905448914, 150.693725586, 363.377655029, 46.7351341248, 103.646888733, 69.938583374, 50.047290802, 61.4216041565, 4.22818899155, 48.1171340942], [-190.864990234, 194.572113037, -42.8589363098, -52.240901947, 80.2192993164, 46.7351341248, 230.56350708, 36.9146194458, 46.2823219299, 46.2823905945, 14.6387300491, -1.93617665768, 9.20738601685], [189.481552124, -112.529388428, 241.381591797, 112.025764465, 98.7754516602, 103.646888733, 36.9146194458, 183.286209106, 92.111946106, 31.1247062683, 46.1311073303, 21.0176372528, 45.6027679443], [35.7648582458, -96.934677124, 123.539863586, 80.3159637451, 102.790657043, 69.938583374, 46.2823219299, 92.111946106, 165.248962402, 63.5711860657, 43.8399162292, 22.7766094208, 46.4578704834], [32.4545135498, -13.7772130966, 0.005119104404, 0.926963150501, 38.777053833, 50.047290802, 46.2823905945, 31.1247062683, 63.5711860657, 126.584281921, 48.8056869507, 12.9788103104, 20.6726970673], [-68.2808837891, -38.336265564, 45.4207458496, 9.61020374298, 21.9838829041, 61.4216041565, 14.6387300491, 46.1311073303, 43.8399162292, 48.8056869507, 120.239303589, 51.5155525208, 31.3956718445], [49.4745979309, -103.270324707, 50.1325263977, 51.3431167603, 13.1852827072, 4.22818899155, -1.93617665768, 21.0176372528, 22.7766094208, 12.9788103104, 51.5155525208, 112.140884399, 59.2547645569], [176.489089966, -135.292114258, 159.695220947, 75.3451919556, 53.0218963623, 48.1171340942, 9.20738601685, 45.6027679443, 46.4578704834, 20.6726970673, 31.3956718445, 59.2547645569, 118.710235596]],
        "icov": [[0.000130948974402, 1.38075638461e-05, 1.41443815664e-05, -0.000246824376518, 1.02187032098e-05, 5.11655343871e-05, 4.26207625424e-05, -9.17687430046e-05, 0.000160140771186, -0.000149931671331, 9.50555986492e-05, 9.30605310714e-05, -0.00014282646589], [1.38075638461e-05, 0.000732852902729, 0.00024032042711, -7.05723141436e-05, -0.000220195346628, 0.000202183116926, -0.000636626500636, 4.14176938648e-05, 0.000387122825487, 0.000124501311802, -0.000322773616062, 0.00052312691696, 0.000237118976656], [1.41443815664e-05, 0.00024032042711, 0.0013151394669, -0.000220209156396, -0.000679680611938, -0.00080000446178, 0.000395669922, -0.000857014558278, 0.000358111050446, 0.000462300115032, 0.000226234158617, 0.000219233086682, -0.00084010505816], [-0.000246824376518, -7.05723141436e-05, -0.000220209156396, 0.00328471837565, -0.00106165162288, -0.000423404242611, 0.00111087458208, -0.000690351007506, -0.000717508199159, 0.000458742812043, 0.000863952096552, -0.00136371236295, -2.40708523052e-05], [1.02187032098e-05, -0.000220195346628, -0.000679680611938, -0.00106165162288, 0.00554143590853, -0.000825006514788, -0.00157340697479, 3.77825199394e-05, -0.00186851015314, -8.66291447892e-05, 0.000559882668313, 0.000162877942785, -0.000194169842871], [5.11655343871e-05, 0.000202183116926, -0.00080000446178, -0.000423404242611, -0.000825006514788, 0.00479221669957, -0.000768846657593, -0.000484777265228, 0.000601956446189, -0.000836515682749, -0.00218152580783, 0.00181718321983, -0.000248798751272], [4.26207625424e-05, -0.000636626500636, 0.000395669922, 0.00111087458208, -0.00157340697479, -0.000768846657593, 0.00646387739107, -0.00120192032773, -0.000588987779338, -0.00135615444742, 0.00114517926704, -0.000706481514499, -0.000535049824975], [-9.17687430046e-05, 4.14176938648e-05, -0.000857014558278, -0.000690351007506, 3.77825199394e-05, -0.000484777265228, -0.00120192032773, 0.00991969462484, -0.00378790334798, 0.000985725200735, -0.00237185880542, 0.000766279583331, -0.000207564924494], [0.000160140771186, 0.000387122825487, 0.000358111050446, -0.000717508199159, -0.00186851015314, 0.000601956446189, -0.000588987779338, -0.00378790334798, 0.0115835973993, -0.00379091082141, -0.000855275022332, 0.000758584646974, -0.00175743526779], [-0.000149931671331, 0.000124501311802, 0.000462300115032, 0.000458742812043, -8.66291447892e-05, -0.000836515682749, -0.00135615444742, 0.000985725200735, -0.00379091082141, 0.0118992701173, -0.0037640624214, 0.00100399169605, -0.000538246880751], [9.50555986492e-05, -0.000322773616062, 0.000226234158617, 0.000863952096552, 0.000559882668313, -0.00218152580783, 0.00114517926704, -0.00237185880542, -0.000855275022332, -0.0037640624214, 0.0144493542612, -0.00670635187998, 0.000610878167208], [9.30605310714e-05, 0.00052312691696, 0.000219233086682, -0.00136371236295, 0.000162877942785, 0.00181718321983, -0.000706481514499, 0.000766279583331, 0.000758584646974, 0.00100399169605, -0.00670635187998, 0.0159922614694, -0.00670109502971], [-0.00014282646589, 0.000237118976656, -0.00084010505816, -2.40708523052e-05, -0.000194169842871, -0.000248798751272, -0.000535049824975, -0.000207564924494, -0.00175743526779, -0.000538246880751, 0.000610878167208, -0.00670109502971, 0.0143255321309]]
    },
    "spectral_contrast_coeffs": {
        "mean": [-0.681048989296, -0.722651958466, -0.716339766979, -0.751476407051, -0.779403865337, -0.807582557201],
        "stdev": [0.0942242667079, 0.0831525325775, 0.0863483697176, 0.081651315093, 0.0568161383271, 0.0374576710165]
    },
    "spectral_contrast_valleys": {
        "mean": [-7.43310022354, -7.22320461273, -7.80741739273, -8.21411514282, -8.17827606201, -9.87916469574],
        "stdev": [2.2481110096, 2.01311373711, 1.96463274956, 1.94991874695, 2.02817368507, 2.06894111633]
    }
},
"rhythm": {
    "beats_count": 523,
    "beats_loudness": {
        "mean": 0.03692753613,
        "stdev": 0.0196853224188
    },
    "bpm": 140.011703491,
    "bpm_histogram_first_peak_bpm": 140,
    "bpm_histogram_first_peak_weight": 0.250980377197,
    "bpm_histogram_second_peak_bpm": 167,
    "bpm_histogram_second_peak_spread": 0,
    "bpm_histogram_second_peak_weight": 0.00574712641537,
    "danceability": 1.18780374527,
    "onset_rate": 4.29572296143,
    "beats_loudness_band_ratio": {
        "mean": [0.273875534534, 0.166272863746, 0.188073337078, 0.195228457451, 0.080232642591, 0.142638429999],
        "stdev": [0.212955862284, 0.136292248964, 0.14845328033, 0.204863026738, 0.0994847938418, 0.143996044993]
    },
    "beats_position": [0.336689323187, 0.696598649025, 1.05650794506, 1.4164172411, 1.764716506, 2.13623571396, 2.50775504112, 2.97215414047, 3.39011335373, 3.8196823597, 4.2492518425, 4.69043064117, 5.13160991669, 5.58439922333, 6.03718805313, 6.47836732864, 6.91954612732, 7.3491153717, 7.77868461609, 8.20825386047, 8.63782310486, 9.06739234924, 9.49696159363, 9.92653083801, 10.3560991287, 10.774058342, 11.2036275864, 11.6331968307, 12.0627660751, 12.4923353195, 12.9219045639, 13.3514738083, 13.7810430527, 14.2106122971, 14.6401815414, 15.0697498322, 15.4993190765, 15.9288883209, 16.3468475342, 16.7764167786, 17.2059860229, 17.6355552673, 18.0651245117, 18.4946937561, 18.9126529694, 19.3422222137, 19.7717914581, 20.2013607025, 20.6309299469, 21.0604991913, 21.4900684357, 21.9196376801, 22.3375968933, 22.7671642303, 23.1967334747, 23.6263027191, 24.0558719635, 24.4854412079, 24.9150104523, 25.3445796967, 25.774148941, 26.2153282166, 26.6448974609, 27.0744667053, 27.5040359497, 27.9336051941, 28.3515644073, 28.7811336517, 29.199092865, 29.6286621094, 30.0582313538, 30.4878005981, 30.9173698425, 31.3469390869, 31.776506424, 32.2060775757, 32.6356468201, 33.0652160645, 33.4947853088, 33.9243545532, 34.3539237976, 34.783493042, 35.2130622864, 35.6426315308, 36.0605888367, 36.4901580811, 36.9197273254, 37.3609046936, 37.7788658142, 38.2084350586, 38.638004303, 39.0675735474, 39.4971427917, 39.9267120361, 40.3562812805, 40.7742385864, 41.2038078308, 41.6333770752, 42.0629463196, 42.492515564, 42.9220848083, 43.3516540527, 43.7812232971, 44.2107925415, 44.6287536621, 45.0699310303, 45.4878921509, 45.929069519, 46.347026825, 46.7765960693, 47.2061653137, 47.6473464966, 48.0653038025, 48.4948730469, 48.9244422913, 49.3540115356, 49.78358078, 50.2015419006, 50.6427192688, 51.0606803894, 51.4902496338, 51.9198188782, 52.3493881226, 52.7789573669, 53.2085266113, 53.6380958557, 54.0676651001, 54.4972343445, 54.9151916504, 55.3447608948, 55.7743301392, 56.2155075073, 56.6334686279, 57.0630378723, 57.4926071167, 57.9337844849, 58.3517456055, 58.7697029114, 59.2108840942, 59.6404533386, 60.070022583, 60.4879798889, 60.9175491333, 61.3471183777, 61.7766876221, 62.2062568665, 62.6358261108, 63.0653953552, 63.4949645996, 63.924533844, 64.3541030884, 64.7836685181, 65.2016296387, 65.6312026978, 66.0607681274, 66.5019454956, 66.9199066162, 67.3494796753, 67.779045105, 68.2086181641, 68.6381835938, 69.0677566528, 69.4973220825, 69.9152832031, 70.3332443237, 70.7628097534, 71.1923828125, 71.6335601807, 72.0515213013, 72.481086731, 72.91065979, 73.3402252197, 73.7581863403, 74.18775177, 74.6289291382, 75.0585021973, 75.488067627, 75.917640686, 76.3472061157, 76.7767791748, 77.2063446045, 77.6359176636, 78.0654830933, 78.4950561523, 78.924621582, 79.3541946411, 79.7837600708, 80.2133331299, 80.6428985596, 81.0724716187, 81.5020370483, 81.9199981689, 82.349571228, 82.7791366577, 83.2087097168, 83.6382751465, 84.0678405762, 84.4974136353, 84.9153747559, 85.356552124, 85.7745132446, 86.2040786743, 86.6336517334, 87.0632171631, 87.4811782837, 87.9107437134, 88.3403167725, 88.7698822021, 89.1994552612, 89.6290206909, 90.05859375, 90.4881591797, 90.9061203003, 91.3356933594, 91.7652587891, 92.1948318481, 92.6243972778, 93.0539703369, 93.4835357666, 93.9131011963, 94.3426742554, 94.7838516235, 95.2134246826, 95.6429901123, 96.0609512329, 96.4905166626, 96.9200897217, 97.3496551514, 97.7792282104, 98.2087936401, 98.6383666992, 99.0563278198, 99.4858932495, 99.9154663086, 100.345031738, 100.774604797, 101.204170227, 101.633743286, 102.063308716, 102.492874146, 102.910835266, 103.340408325, 103.769973755, 104.199546814, 104.629112244, 105.058685303, 105.488250732, 105.906211853, 106.347389221, 106.77696228, 107.20652771, 107.636100769, 108.065666199, 108.495239258, 108.924804688, 109.354377747, 109.783943176, 110.201904297, 110.643081665, 111.061042786, 111.490608215, 111.920181274, 112.349746704, 112.779319763, 113.197273254, 113.638458252, 114.056411743, 114.485984802, 114.915550232, 115.345123291, 115.774688721, 116.20426178, 116.633827209, 117.063400269, 117.492965698, 117.922538757, 118.352104187, 118.770065308, 119.211242676, 119.629203796, 120.058776855, 120.488342285, 120.917915344, 121.347480774, 121.765441895, 122.206619263, 122.636184692, 123.065757751, 123.483718872, 123.913284302, 124.342857361, 124.772422791, 125.20199585, 125.631561279, 126.061134338, 126.490699768, 126.920272827, 127.349838257, 127.779411316, 128.197372437, 128.626937866, 129.056503296, 129.497680664, 129.915649414, 130.345214844, 130.774780273, 131.204345703, 131.633926392, 132.051879883, 132.481445312, 132.911010742, 133.340591431, 133.77015686, 134.19972229, 134.62928772, 135.058868408, 135.488433838, 135.917999268, 136.347564697, 136.777145386, 137.206710815, 137.636276245, 138.065841675, 138.483810425, 138.913375854, 139.342941284, 139.784118652, 140.202087402, 140.631652832, 141.061218262, 141.490783691, 141.92036438, 142.338317871, 142.767883301, 143.197463989, 143.638641357, 144.056594849, 144.486160278, 144.915740967, 145.356918335, 145.774871826, 146.204437256, 146.634017944, 147.051971436, 147.493148804, 147.911102295, 148.352294922, 148.770248413, 149.199813843, 149.629379272, 150.058959961, 150.488525391, 150.906478882, 151.336044312, 151.777236938, 152.206802368, 152.636367798, 153.065933228, 153.483901978, 153.913467407, 154.343032837, 154.772598267, 155.202178955, 155.631744385, 156.061309814, 156.490875244, 156.920455933, 157.338409424, 157.767974854, 158.197555542, 158.627120972, 159.056686401, 159.486251831, 159.915817261, 160.345397949, 160.774963379, 161.19291687, 161.622497559, 162.052062988, 162.481628418, 162.911193848, 163.340774536, 163.770339966, 164.199905396, 164.629470825, 165.059051514, 165.488616943, 165.918182373, 166.347747803, 166.777328491, 167.195281982, 167.624847412, 168.042816162, 168.472381592, 168.901947021, 169.331512451, 169.761077881, 170.190658569, 170.620223999, 171.049789429, 171.479354858, 171.908935547, 172.338500977, 172.768066406, 173.197631836, 173.627212524, 174.056777954, 174.474731445, 174.892700195, 175.322265625, 175.763442993, 176.193008423, 176.622589111, 177.052154541, 177.481719971, 177.9112854, 178.34085083, 178.770431519, 179.18838501, 179.617950439, 180.047531128, 180.477096558, 180.906661987, 181.336227417, 181.765808105, 182.195373535, 182.624938965, 183.054504395, 183.484085083, 183.913650513, 184.343215942, 184.772781372, 185.202362061, 185.63192749, 186.06149292, 186.49105835, 186.920639038, 187.350204468, 187.768157959, 188.197723389, 188.627304077, 189.056869507, 189.486434937, 189.916000366, 190.345581055, 190.775146484, 191.204711914, 191.634277344, 192.063858032, 192.493423462, 192.911376953, 193.340942383, 193.770523071, 194.200088501, 194.629653931, 195.047622681, 195.488800049, 195.90675354, 196.347930908, 196.765899658, 197.207077026, 197.625030518, 198.066207886, 198.484161377, 198.913742065, 199.343307495, 199.784484863, 200.202438354, 200.620407104, 201.061584473, 201.479537964, 201.909118652, 202.338684082, 202.768249512, 203.197814941, 203.62739563, 204.05696106, 204.486526489, 204.916091919, 205.334060669, 205.775238037, 206.193191528, 206.634368896, 207.052337646, 207.493515015, 207.911468506, 208.341033936, 208.770614624, 209.200180054, 209.629745483, 210.059310913, 210.488891602, 210.906845093, 211.336410522, 211.765975952, 212.195556641, 212.62512207, 213.0546875, 213.48425293, 213.913833618, 214.343399048, 214.772964478, 215.202529907, 215.620498657, 216.061676025, 216.479629517, 216.920806885, 217.338775635, 217.768341064, 218.197906494, 218.627471924, 219.057052612, 219.475006104, 219.881362915, 220.299316406, 220.717269897, 221.146850586, 221.576416016, 222.005981445, 222.435546875, 222.876724243, 223.364349365, 223.851974487],
    "bpm_histogram": [0, 0, 0, 0, 0, 0, 0, 0, 0, 0, 0, 0, 0, 0, 0, 0, 0, 0, 0, 0, 0, 0, 0, 0, 0, 0, 0, 0, 0, 0, 0, 0, 0, 0, 0, 0, 0, 0, 0, 0, 0, 0, 0, 0, 0, 0, 0, 0, 0, 0, 0, 0, 0, 0, 0, 0, 0, 0, 0, 0, 0, 0, 0, 0, 0, 0, 0, 0, 0, 0, 0, 0, 0, 0, 0, 0, 0, 0, 0, 0, 0, 0, 0, 0, 0, 0, 0, 0, 0, 0, 0, 0, 0, 0, 0, 0, 0, 0, 0, 0, 0, 0, 0, 0, 0, 0, 0, 0, 0, 0, 0, 0, 0, 0, 0, 0, 0, 0, 0, 0, 0, 0, 0, 0.00383141753264, 0, 0, 0, 0, 0, 0.00191570876632, 0, 0, 0, 0.00383141753264, 0, 0, 0.0823754817247, 0, 0, 0, 0.731800794601, 0, 0, 0, 0.162835255265, 0, 0, 0, 0.00191570876632, 0, 0, 0, 0, 0, 0, 0, 0, 0, 0, 0, 0, 0.00383141753264, 0, 0, 0, 0, 0, 0.00574712641537, 0, 0, 0, 0, 0.00191570876632, 0, 0, 0, 0, 0, 0, 0, 0, 0, 0, 0, 0, 0, 0, 0, 0, 0, 0, 0, 0, 0, 0, 0, 0, 0, 0, 0, 0, 0, 0, 0, 0, 0, 0, 0, 0, 0, 0, 0, 0, 0, 0, 0, 0, 0, 0, 0, 0, 0, 0, 0, 0, 0, 0, 0, 0, 0, 0, 0, 0, 0, 0, 0, 0, 0, 0, 0, 0, 0, 0, 0, 0, 0, 0, 0, 0, 0]
},
"tonal": {
    "chords_changes_rate": 0.0736602544785,
    "chords_number_rate": 0.00206910818815,
    "chords_strength": {
        "mean": 0.482965052128,
        "stdev": 0.124112509191
    },
    "hpcp_crest": {
        "mean": 16.9517707825,
        "stdev": 8.62083530426
    },
    "hpcp_entropy": {
        "mean": 1.59387469292,
        "stdev": 0.805280804634
    },
    "key_edma": {
        "strength": 0.60806787014,
        "key": "G#",
        "scale": "major"
    },
    "key_krumhansl": {
        "strength": 0.594850003719,
        "key": "G#",
        "scale": "major"
    },
    "key_temperley": {
        "strength": 0.60058516264,
        "key": "D#",
        "scale": "major"
    },
    "tuning_diatonic_strength": 0.527397632599,
    "tuning_equal_tempered_deviation": 0.0257114171982,
    "tuning_frequency": 440.763122559,
    "tuning_nontempered_energy_ratio": 0.67691719532,
    "hpcp": {
        "mean": [0.104078806937, 0.0802465677261, 0.186672627926, 0.27571451664, 0.150003820658, 0.0448888465762, 0.0418890677392, 0.0586482994258, 0.226273477077, 0.318701058626, 0.151838868856, 0.0341932177544, 0.02380390279, 0.0266949627548, 0.0861070156097, 0.129019320011, 0.0861221775413, 0.122624970973, 0.17294716835, 0.0910041108727, 0.029324086383, 0.0233386661857, 0.0210922732949, 0.056201223284, 0.0793183296919, 0.0503166653216, 0.0263808164746, 0.0215733144432, 0.028482304886, 0.145336344838, 0.220731899142, 0.129737213254, 0.151294752955, 0.21159543097, 0.147145286202, 0.113671608269],
        "stdev": [0.232643038034, 0.196599677205, 0.268693596125, 0.376715123653, 0.237933933735, 0.141003876925, 0.147390961647, 0.155961096287, 0.301031887531, 0.399909436703, 0.229724034667, 0.118897855282, 0.101543076336, 0.102009013295, 0.17712919414, 0.255865305662, 0.182595282793, 0.204836532474, 0.276487141848, 0.154387399554, 0.0772586911917, 0.0696535035968, 0.0723261535168, 0.126827210188, 0.181070774794, 0.117868863046, 0.0791330710053, 0.0752562433481, 0.0908791571856, 0.234984233975, 0.32371661067, 0.202886149287, 0.248018041253, 0.35161998868, 0.247222706676, 0.252457588911]
    },
    "chords_histogram": [15.3527832031, 11.8352985382, 3.76577687263, 0, 3.04158902168, 1.53114008904, 5.37968158722, 0, 0.351748406887, 0.5586591959, 0, 0, 0.41382163763, 0, 0, 7.88330221176, 0, 1.96565282345, 0, 0.496585965157, 0, 0.248292982578, 13.7595691681, 33.4160995483],
    "thpcp": [1, 0.476430386305, 0.10728931427, 0.0746903792024, 0.0837617665529, 0.270181149244, 0.404828637838, 0.270228713751, 0.384764879942, 0.542662680149, 0.285546928644, 0.0920112580061, 0.073230586946, 0.0661820024252, 0.176344633102, 0.248880028725, 0.157880440354, 0.08277605474, 0.0676913782954, 0.0893699750304, 0.456027179956, 0.692598581314, 0.407081216574, 0.474723100662, 0.663930773735, 0.461703151464, 0.356671571732, 0.326571881771, 0.251792609692, 0.585729539394, 0.865119576454, 0.470672488213, 0.140849381685, 0.131436869502, 0.184022918344, 0.709986567497],
    "chords_key": "C",
    "chords_scale": "minor"
}
}