{
"metadata": {
    "version": {
        "essentia": "2.1-dev",
        "essentia_git_sha": "v2.1_beta3-415-gd5473f3",
        "extractor": "music 2.0"
    },
    "audio_properties": {
        "analysis": {
            "equal_loudness": 0,
            "length": 227.134689331,
            "sample_rate": 44100,
            "start_time": 0,
            "downmix": "mix"
        },
        "bit_rate": 192000,
        "length": 227.134689331,
        "lossless": 0,
        "number_channels": 2,
        "replay_gain": -11.9180793762,
        "sample_rate": 44100,
        "codec": "mp3",
        "md5_encoded": "60d4e8a13ea9d189d86b594659233b2a"
    },
    "tags": {
        "file_name": "blue_bun-cambodia.mp3",
        "album": ["Solo Numeros 1 2001 CD1"],
        "artist": ["Various Artists"],
        "genre": ["Other"],
        "title": ["cambodia-blue bun"]
    }
},
"lowlevel": {
    "average_loudness": 0.957292437553,
    "barkbands_crest": {
        "mean": 12.6546764374,
        "stdev": 4.91934871674
    },
    "barkbands_flatness_db": {
        "mean": 0.161348849535,
        "stdev": 0.0649383664131
    },
    "barkbands_kurtosis": {
        "mean": 10.0014028549,
        "stdev": 29.0005760193
    },
    "barkbands_skewness": {
        "mean": 2.22267484665,
        "stdev": 1.91003453732
    },
    "barkbands_spread": {
        "mean": 21.8780097961,
        "stdev": 15.6235141754
    },
    "dissonance": {
        "mean": 0.462779015303,
        "stdev": 0.031572829932
    },
    "dynamic_complexity": 3.03922867775,
    "erbbands_crest": {
        "mean": 8.59415340424,
        "stdev": 4.19913864136
    },
    "erbbands_flatness_db": {
        "mean": 0.14842300117,
        "stdev": 0.0499693378806
    },
    "erbbands_kurtosis": {
        "mean": 0.237384989858,
        "stdev": 2.37650084496
    },
    "erbbands_skewness": {
        "mean": 0.236346662045,
        "stdev": 0.848785638809
    },
    "erbbands_spread": {
        "mean": 45.5565795898,
        "stdev": 20.5261497498
    },
    "hfc": {
        "mean": 21.5125389099,
        "stdev": 20.1457843781
    },
    "loudness_ebu128": {
        "integrated": -11.0832252502,
        "loudness_range": 4.26627540588,
        "momentary": {
            "mean": -13.3423070908,
            "stdev": 17.5909919739
        },
        "short_term": {
            "mean": -11.7912998199,
            "stdev": 3.49723339081
        }
    },
    "melbands_crest": {
        "mean": 16.7456054688,
        "stdev": 6.08985185623
    },
    "melbands_flatness_db": {
        "mean": 0.228965893388,
        "stdev": 0.0809260383248
    },
    "melbands_kurtosis": {
        "mean": 28.7534561157,
        "stdev": 55.9477157593
    },
    "melbands_skewness": {
        "mean": 3.68596506119,
        "stdev": 2.56292748451
    },
    "melbands_spread": {
        "mean": 20.0481758118,
        "stdev": 20.0578899384
    },
    "pitch_salience": {
        "mean": 0.470960170031,
        "stdev": 0.149474278092
    },
    "silence_rate_20dB": {
        "mean": 1,
        "stdev": 0
    },
    "silence_rate_30dB": {
        "mean": 0.926198482513,
        "stdev": 0.2614325881
    },
    "silence_rate_60dB": {
        "mean": 0.0558110997081,
        "stdev": 0.229551643133
    },
    "spectral_centroid": {
        "mean": 1382.39880371,
        "stdev": 1005.98138428
    },
    "spectral_complexity": {
        "mean": 17.399263382,
        "stdev": 10.6793546677
    },
    "spectral_decrease": {
        "mean": -9.70514690835e-09,
        "stdev": 9.15066511453e-09
    },
    "spectral_energy": {
        "mean": 0.0385807640851,
        "stdev": 0.0354849919677
    },
    "spectral_energyband_high": {
        "mean": 0.00103968940675,
        "stdev": 0.00164740765467
    },
    "spectral_energyband_low": {
        "mean": 0.023752015084,
        "stdev": 0.0313940383494
    },
    "spectral_energyband_middle_high": {
        "mean": 0.00433357106522,
        "stdev": 0.00473890872672
    },
    "spectral_energyband_middle_low": {
        "mean": 0.0109580736607,
        "stdev": 0.0115970149636
    },
    "spectral_entropy": {
        "mean": 7.53365278244,
        "stdev": 0.549556493759
    },
    "spectral_flux": {
        "mean": 0.104905337095,
        "stdev": 0.076027803123
    },
    "spectral_kurtosis": {
        "mean": 4.33941173553,
        "stdev": 5.51210975647
    },
    "spectral_rms": {
        "mean": 0.00550998980179,
        "stdev": 0.00269814650528
    },
    "spectral_rolloff": {
        "mean": 1309.74975586,
        "stdev": 2005.27868652
    },
    "spectral_skewness": {
        "mean": 1.48933839798,
        "stdev": 0.598299264908
    },
    "spectral_spread": {
        "mean": 5087419,
        "stdev": 3262165.5
    },
    "spectral_strongpeak": {
        "mean": 0.659170627594,
        "stdev": 0.826920449734
    },
    "zerocrossingrate": {
        "mean": 0.0538443513215,
        "stdev": 0.050933483988
    },
    "barkbands": {
        "mean": [0.000353368493961, 0.0143194040284, 0.00762955285609, 0.00245479261503, 0.0029188725166, 0.00201922631823, 0.000668180698995, 0.00119992799591, 0.00159587268718, 0.000612780277152, 0.000441383686848, 0.000356510252459, 0.000466130470159, 0.000441146257799, 0.000410928943893, 0.000365418934962, 0.000309265858959, 0.00045004079584, 0.000403644895414, 0.000214410218177, 0.000177929789061, 0.000195871703909, 0.000205619217013, 0.000146356978803, 0.000138869916555, 8.46293987706e-05, 5.92372543906e-07],
        "stdev": [0.00091504631564, 0.0180676374584, 0.0190987512469, 0.00618365639821, 0.00402181129903, 0.00296248984523, 0.00148812693078, 0.00264709116891, 0.00329172261991, 0.00188273959793, 0.000907240668312, 0.000672919733915, 0.000849838892464, 0.000789247569628, 0.000873536220752, 0.00080938328756, 0.000698957999703, 0.000749827479012, 0.000745264231227, 0.000311569543555, 0.000308997026877, 0.000335988064762, 0.000370855414076, 0.000328150897985, 0.000390246597817, 0.000181032024557, 1.60165120633e-06]
    },
    "erbbands": {
        "mean": [0.363502621651, 3.397783041, 8.78893375397, 8.95522499084, 7.25285100937, 9.57626724243, 15.7929544449, 18.458442688, 9.66371250153, 16.1191329956, 27.262544632, 36.0258636475, 25.4475631714, 18.2141361237, 17.4859142303, 12.927775383, 19.6685009003, 24.4146461487, 24.5106391907, 16.3171901703, 21.2448501587, 19.4819355011, 21.7463035583, 27.2072181702, 16.4141159058, 9.41056156158, 7.11329746246, 7.41985368729, 7.1676530838, 6.35447788239, 5.38993120193, 3.74039983749, 2.16423511505, 1.67878174782, 0.910805106163, 0.536749005318, 0.115533307195, 0.00697485264391, 0.000189514335943, 5.53125573788e-05],
        "stdev": [0.452766865492, 4.7911567688, 19.9571914673, 21.8587493896, 14.9597530365, 13.0303850174, 21.3320903778, 30.9691581726, 18.2581920624, 33.7529335022, 53.7083473206, 75.1961593628, 60.1714134216, 42.1190605164, 33.1376571655, 23.2316932678, 33.8761749268, 40.3825912476, 49.0944252014, 29.1564559937, 46.0805053711, 42.1704597473, 33.6696891785, 51.6442146301, 24.3501644135, 13.4543266296, 11.8062229156, 13.1977739334, 12.6315317154, 10.9931983948, 9.77281093597, 6.98005008698, 5.93822860718, 5.22815322876, 2.32894563675, 1.13145649433, 0.248909637332, 0.0147708663717, 0.000359929836122, 5.13417980983e-05]
    },
    "gfcc": {
        "mean": [-15.0964431763, 97.4475402832, -109.774978638, 44.0202522278, -55.1195755005, 19.026922226, -34.4565849304, 12.3600254059, -18.6850223541, 1.7442817688, -11.4759120941, 1.15679514408, -10.9044008255],
        "cov": [[17846.5605469, -1239.71850586, -457.050506592, 748.80456543, -321.644561768, 767.674133301, -419.759124756, 575.107971191, -568.347045898, 508.455688477, -616.311767578, 195.169235229, -466.180786133], [-1239.71850586, 1937.70593262, -268.781280518, -151.084381104, 294.482910156, -247.244537354, 328.360046387, -140.032745361, 264.043670654, -228.43661499, 251.126739502, -120.290863037, 149.269424438], [-457.050506592, -268.781280518, 1045.28442383, 191.438064575, 161.600402832, 261.725921631, 3.47380232811, 56.6611442566, -78.3483276367, 132.71572876, -118.069221497, 2.49121594429, -58.2462234497], [748.80456543, -151.084381104, 191.438064575, 478.460906982, 147.572875977, 136.283981323, 45.7264175415, 85.5395507812, 54.2764892578, 20.8330821991, -16.5051708221, 15.1250991821, 6.42299556732], [-321.644561768, 294.482910156, 161.600402832, 147.572875977, 420.299163818, 71.6890106201, 146.486557007, 60.0605964661, 76.1268310547, 0.0826290920377, -9.13696670532, -30.8868427277, 2.15084671974], [767.674133301, -247.244537354, 261.725921631, 136.283981323, 71.6890106201, 304.890472412, 49.4029960632, 93.4678497314, -33.9934158325, 72.8938751221, -35.7286834717, 3.08137488365, -24.230840683], [-419.759124756, 328.360046387, 3.47380232811, 45.7264175415, 146.486557007, 49.4029960632, 296.931182861, 39.7825393677, 65.0748901367, 1.06954395771, 50.7300720215, -52.6657676697, 24.1432113647], [575.107971191, -140.032745361, 56.6611442566, 85.5395507812, 60.0605964661, 93.4678497314, 39.7825393677, 160.983215332, 35.5340766907, 37.3990325928, -22.528553009, 11.8030338287, -20.3815784454], [-568.347045898, 264.043670654, -78.3483276367, 54.2764892578, 76.1268310547, -33.9934158325, 65.0748901367, 35.5340766907, 198.286056519, -40.6722793579, 91.9966812134, 3.71291446686, 56.1768188477], [508.455688477, -228.43661499, 132.71572876, 20.8330821991, 0.0826290920377, 72.8938751221, 1.06954395771, 37.3990325928, -40.6722793579, 147.111022949, -36.8171463013, 22.6623916626, -31.468296051], [-616.311767578, 251.126739502, -118.069221497, -16.5051708221, -9.13696670532, -35.7286834717, 50.7300720215, -22.528553009, 91.9966812134, -36.8171463013, 171.23109436, 24.2527942657, 65.949432373], [195.169235229, -120.290863037, 2.49121594429, 15.1250991821, -30.8868427277, 3.08137488365, -52.6657676697, 11.8030338287, 3.71291446686, 22.6623916626, 24.2527942657, 98.9478149414, 27.6579742432], [-466.180786133, 149.269424438, -58.2462234497, 6.42299556732, 2.15084671974, -24.230840683, 24.1432113647, -20.3815784454, 56.1768188477, -31.468296051, 65.949432373, 27.6579742432, 126.154556274]],
        "icov": [[0.000214805142605, -0.000464878423372, 0.000469904451165, -0.000525463779923, 0.000393166177673, -0.000663212034851, 0.000482016213937, -0.000680548488162, 0.000614144548308, -0.000742768927012, 0.00077584781684, -0.000629023881629, 0.000524815986864], [-0.000464878423372, 0.00238696066663, -0.001133640646, 0.00161385652609, -0.00168287241831, 0.00205718609504, -0.00193681800738, 0.00229004165158, -0.00200609886087, 0.00261925626546, -0.00267416005954, 0.00226729735732, -0.00153574172873], [0.000469904451165, -0.001133640646, 0.00249015307054, -0.00142003875226, 0.000463119969936, -0.0024866531603, 0.00135467504151, -0.00100268784445, 0.0014478941448, -0.00247388705611, 0.00233071576804, -0.00149369309656, 0.00124026369303], [-0.000525463779923, 0.00161385652609, -0.00142003875226, 0.00426875706762, -0.00183856522199, 0.000930063019041, -0.00139880122151, 0.00144248700235, -0.00255034444854, 0.00249229301699, -0.00178224244155, 0.00127208058257, -0.00160339113791], [0.000393166177673, -0.00168287241831, 0.000463119969936, -0.00183856522199, 0.00479881558567, -0.00159910926595, -0.000113843678264, -0.00189089018386, 0.000269594835117, -0.00149503804278, 0.00295897829346, -0.00162206136156, 0.00139464356471], [-0.000663212034851, 0.00205718609504, -0.0024866531603, 0.000930063019041, -0.00159910926595, 0.00810406636447, -0.00245794770308, -0.000285023386823, -0.000373180257156, 0.00174200488254, -0.00373464566655, 0.00283231190406, -0.00214006192982], [0.000482016213937, -0.00193681800738, 0.00135467504151, -0.00139880122151, -0.000113843678264, -0.00245794770308, 0.00709191989154, -0.00306159863248, 0.00175932853017, -0.00336210429668, 0.00034399703145, 0.00159211922437, 0.000296572834486], [-0.000680548488162, 0.00229004165158, -0.00100268784445, 0.00144248700235, -0.00189089018386, -0.000285023386823, -0.00306159863248, 0.0126414941624, -0.00580341601744, 0.00184294581413, -0.000499413406942, 9.41491307458e-05, 0.000129327323521], [0.000614144548308, -0.00200609886087, 0.0014478941448, -0.00255034444854, 0.000269594835117, -0.000373180257156, 0.00175932853017, -0.00580341601744, 0.0116350613534, -0.0016639798414, -0.00176463357639, -0.00109979463741, -0.000341666396707], [-0.000742768927012, 0.00261925626546, -0.00247388705611, 0.00249229301699, -0.00149503804278, 0.00174200488254, -0.00336210429668, 0.00184294581413, -0.0016639798414, 0.0128528457135, -0.00258420035243, -0.000323763524648, -0.000442842632765], [0.00077584781684, -0.00267416005954, 0.00233071576804, -0.00178224244155, 0.00295897829346, -0.00373464566655, 0.00034399703145, -0.000499413406942, -0.00176463357639, -0.00258420035243, 0.0143676735461, -0.00622643902898, 0.000279009866063], [-0.000629023881629, 0.00226729735732, -0.00149369309656, 0.00127208058257, -0.00162206136156, 0.00283231190406, 0.00159211922437, 9.41491307458e-05, -0.00109979463741, -0.000323763524648, -0.00622643902898, 0.0174037721008, -0.0056310268119], [0.000524815986864, -0.00153574172873, 0.00124026369303, -0.00160339113791, 0.00139464356471, -0.00214006192982, 0.000296572834486, 0.000129327323521, -0.000341666396707, -0.000442842632765, 0.000279009866063, -0.0056310268119, 0.0129972212017]]
    },
    "melbands": {
        "mean": [0.00367407314479, 0.00469194492325, 0.00154468324035, 0.000558797444683, 0.00055748707382, 0.000390758796129, 0.000146548496559, 0.000209478224861, 0.000216152751818, 0.000236838706769, 0.000126007158542, 7.73112333263e-05, 5.44990070921e-05, 4.56044108432e-05, 3.09328825097e-05, 5.34972314199e-05, 4.33307795902e-05, 3.96086907131e-05, 2.79718915408e-05, 2.2320626158e-05, 2.35776642512e-05, 2.06560162042e-05, 1.66330937645e-05, 2.13321254705e-05, 2.25759376917e-05, 1.36862208819e-05, 9.23308834899e-06, 5.45819693798e-06, 4.4248768063e-06, 4.09088988818e-06, 4.3848617679e-06, 4.21780669058e-06, 3.44644990946e-06, 3.72589579456e-06, 3.22132359543e-06, 2.85810187961e-06, 2.02121168513e-06, 1.54734300395e-06, 1.31963986405e-06, 1.48565163727e-06],
        "stdev": [0.00418764585629, 0.00865745637566, 0.00343833467923, 0.000880325911567, 0.000729466264602, 0.000629068235867, 0.000287341856165, 0.000446577672847, 0.000431492488133, 0.000516167026944, 0.000316582125379, 0.000195787812117, 0.000107085390482, 8.65579058882e-05, 6.74293041811e-05, 9.56522126216e-05, 7.95925006969e-05, 8.46394541441e-05, 6.05100321991e-05, 5.34321152372e-05, 5.45384718862e-05, 5.01447757415e-05, 3.03067045024e-05, 3.58362158295e-05, 4.66422716272e-05, 2.72126653726e-05, 1.3608712834e-05, 8.63281002239e-06, 7.39567167329e-06, 7.43769533074e-06, 7.98758264864e-06, 7.57448196964e-06, 6.12456506133e-06, 6.72272290103e-06, 6.09157177678e-06, 5.18865044796e-06, 3.95970573663e-06, 3.98678594138e-06, 4.55336930827e-06, 4.69467931907e-06]
    },
    "melbands128": {
        "mean": [0.000297598307952, 0.00244344980456, 0.00532189989462, 0.00564164109528, 0.00493541127071, 0.0034494723659, 0.00187997566536, 0.00106662476901, 0.000685925770085, 0.000489159661811, 0.000471257924801, 0.000655145326164, 0.000567495881114, 0.000395621173084, 0.000533961050678, 0.000286278926069, 0.00013827921066, 0.000123191115563, 0.000176487519639, 0.000126829065266, 0.000272274657618, 0.000295739999274, 0.000176711866516, 0.000201678616577, 0.000203885108931, 0.000321045750752, 0.00014178933634, 7.41138064768e-05, 0.000161948206369, 6.01263491262e-05, 7.22439654055e-05, 5.59319050808e-05, 3.48237554135e-05, 7.37471418688e-05, 6.44805331831e-05, 3.25522414641e-05, 2.05316391657e-05, 3.94811322622e-05, 2.65660637524e-05, 4.16509356e-05, 6.61635640427e-05, 5.95940364292e-05, 4.0265138523e-05, 3.52492534148e-05, 4.20775577368e-05, 4.21123404521e-05, 3.60580597771e-05, 3.67358770745e-05, 2.026380389e-05, 1.17491172205e-05, 2.46412892011e-05, 2.73535206361e-05, 3.32065683324e-05, 1.54055251187e-05, 1.65457186085e-05, 2.65587041213e-05, 1.92583265743e-05, 1.11653189379e-05, 1.83901629498e-05, 2.247186967e-05, 1.71831616171e-05, 2.102322469e-05, 3.44936270267e-05, 1.7077094526e-05, 1.56330370373e-05, 1.61002644745e-05, 1.0299351743e-05, 9.94168476609e-06, 1.0635979379e-05, 5.65514119444e-06, 5.12360520588e-06, 6.02923455517e-06, 3.9751694203e-06, 4.40921030531e-06, 4.35932133769e-06, 3.87828185922e-06, 4.00989893024e-06, 4.48582068202e-06, 4.3040536184e-06, 4.41509519078e-06, 4.70738041258e-06, 3.5801147078e-06, 4.24262771048e-06, 3.25767246068e-06, 3.1065467283e-06, 3.21109087054e-06, 4.19014941144e-06, 4.37295602751e-06, 2.99084354083e-06, 2.62408593699e-06, 2.68596886599e-06, 3.32017089022e-06, 2.34329218074e-06, 2.00127806238e-06, 1.77439028448e-06, 1.77162780801e-06, 1.4155542658e-06, 1.37136362355e-06, 1.2554822888e-06, 1.36935818773e-06, 1.35321670314e-06, 1.65911876593e-06, 1.43970032696e-06, 1.07778419078e-06, 9.48320860061e-07, 9.02269675862e-07, 8.64496769282e-07, 9.60002580541e-07, 9.70247583609e-07, 1.0545729765e-06, 8.2376550381e-07, 4.24937951493e-07, 2.71310000244e-07, 1.70367087549e-07, 9.15110618394e-08, 4.66469565197e-08, 2.37227126831e-08, 1.99363214826e-09, 5.72406271687e-12, 5.47341338919e-12, 5.32756000773e-12, 5.2029470142e-12, 5.0864147963e-12, 4.9944306503e-12, 4.91476824516e-12, 4.85912135181e-12, 4.81755217316e-12, 4.78411060767e-12],
        "stdev": [0.000767161895055, 0.00383201660588, 0.00598209863529, 0.00988399703056, 0.0113554792479, 0.00892659649253, 0.00508115813136, 0.00260894885287, 0.00162470410578, 0.000955634575803, 0.000841568049509, 0.00109832256567, 0.000882067950442, 0.000739690847695, 0.00100864854176, 0.000665503495838, 0.000370334368199, 0.000292817043373, 0.000520363042597, 0.000376141368179, 0.000719075382221, 0.000831943994854, 0.00047707761405, 0.000650414498523, 0.000559536449146, 0.000865296518896, 0.000645738269668, 0.000220654910663, 0.000627381610684, 0.000218451648834, 0.000227211538004, 0.000163476506714, 0.000121683755424, 0.000186597695574, 0.000149804327521, 8.99261503946e-05, 6.69840737828e-05, 0.000103948754258, 8.45760951051e-05, 9.47838634602e-05, 0.000156804220751, 0.00013661342382, 0.00010840719915, 0.000104809536424, 0.000116853727377, 0.000144163306686, 0.000120547396364, 0.000112399276986, 6.18091435172e-05, 3.7235840864e-05, 9.43321501836e-05, 8.79751823959e-05, 0.000107872539957, 5.50169352209e-05, 6.91936875228e-05, 8.02170834504e-05, 6.42196828267e-05, 3.61919446732e-05, 4.87011275254e-05, 4.9368609325e-05, 4.97422297485e-05, 5.5909218645e-05, 9.68517488218e-05, 5.68016512261e-05, 4.30433319707e-05, 5.25717659912e-05, 2.01915536309e-05, 1.58705097419e-05, 1.93172563741e-05, 1.00495544757e-05, 9.74216618488e-06, 1.25170854517e-05, 8.85171903064e-06, 8.10761139292e-06, 9.43464692682e-06, 7.52720961827e-06, 8.38645246404e-06, 8.66098253027e-06, 8.61352236825e-06, 8.82828408066e-06, 8.82285712578e-06, 7.08183915776e-06, 8.43201632961e-06, 6.43176281301e-06, 5.97721373197e-06, 6.34267053101e-06, 7.78622779762e-06, 9.99063195195e-06, 6.21981962468e-06, 5.17596117788e-06, 5.23149401488e-06, 6.221694548e-06, 4.72585134048e-06, 4.04597949455e-06, 3.91510320696e-06, 4.20142123403e-06, 3.97976782551e-06, 5.24520100953e-06, 4.95408903589e-06, 4.51869527751e-06, 4.51990854344e-06, 5.4283677855e-06, 4.96680331707e-06, 3.73004536414e-06, 2.62521507466e-06, 2.02671162697e-06, 1.8861363742e-06, 2.09885956792e-06, 2.15727118302e-06, 2.39072278418e-06, 1.87683849617e-06, 9.38562038755e-07, 6.60342834635e-07, 3.68564656128e-07, 2.01134824351e-07, 1.05737207434e-07, 6.3514058013e-08, 6.13761708124e-09, 8.96925676092e-12, 8.67148020056e-12, 8.43850857246e-12, 8.23765014535e-12, 8.06179255297e-12, 7.91516591853e-12, 7.79162324938e-12, 7.6976845037e-12, 7.62818107292e-12, 7.58193421241e-12]
    },
    "mfcc": {
        "mean": [-651.960327148, 118.866348267, 8.19812297821, 28.5046596527, 7.5819735527, 9.25106334686, 0.503757953644, 10.8757743835, -3.15399837494, 6.62899208069, 2.92918491364, -0.965062379837, -3.31689929962],
        "cov": [[9248.49511719, -923.385681152, -5.93611574173, 225.887878418, 121.590049744, 255.796127319, 108.787826538, 113.435188293, 101.581512451, 160.326248169, 162.701095581, -9.77641201019, -76.2603607178], [-923.385681152, 1719.78796387, -192.783782959, 55.591835022, -1.73102343082, -47.8388748169, 65.6572189331, 64.0107498169, 18.5957183838, 12.8605041504, -2.69822216034, 61.1796722412, 58.3938560486], [-5.93611574173, -192.783782959, 733.220031738, 37.8903236389, 136.397064209, 159.465042114, 109.422821045, -30.4345664978, 78.8741836548, -13.3919687271, 30.5539321899, 31.7917251587, 28.7358055115], [225.887878418, 55.591835022, 37.8903236389, 379.085601807, 131.964035034, 89.1717834473, 43.2634773254, 94.346282959, 79.3717041016, 46.2999420166, 19.0193347931, 43.6673660278, 29.7639636993], [121.590049744, -1.73102343082, 136.397064209, 131.964035034, 329.905578613, 103.321289062, 34.8031272888, 85.3850402832, 70.1049499512, 39.1274375916, 24.0531597137, 11.0775680542, 25.3685112], [255.796127319, -47.8388748169, 159.465042114, 89.1717834473, 103.321289062, 211.568527222, 125.989326477, 35.7941551208, 70.6715164185, 43.706867218, 36.5342674255, 18.7204685211, 9.86927223206], [108.787826538, 65.6572189331, 109.422821045, 43.2634773254, 34.8031272888, 125.989326477, 246.141479492, 25.9475440979, 89.1174926758, 51.9268569946, 44.7421531677, 13.8866443634, -1.03672456741], [113.435188293, 64.0107498169, -30.4345664978, 94.346282959, 85.3850402832, 35.7941551208, 25.9475440979, 194.761123657, 28.4440135956, 71.8502120972, 39.6649436951, -0.557605743408, 2.48859906197], [101.581512451, 18.5957183838, 78.8741836548, 79.3717041016, 70.1049499512, 70.6715164185, 89.1174926758, 28.4440135956, 169.262084961, 41.7085456848, 14.4226932526, 42.2126502991, 29.0288925171], [160.326248169, 12.8605041504, -13.3919687271, 46.2999420166, 39.1274375916, 43.706867218, 51.9268569946, 71.8502120972, 41.7085456848, 128.032943726, 56.0774841309, -2.84287118912, -9.85526180267], [162.701095581, -2.69822216034, 30.5539321899, 19.0193347931, 24.0531597137, 36.5342674255, 44.7421531677, 39.6649436951, 14.4226932526, 56.0774841309, 105.90335083, 21.7784957886, -3.62108850479], [-9.77641201019, 61.1796722412, 31.7917251587, 43.6673660278, 11.0775680542, 18.7204685211, 13.8866443634, -0.557605743408, 42.2126502991, -2.84287118912, 21.7784957886, 98.3859100342, 47.1673202515], [-76.2603607178, 58.3938560486, 28.7358055115, 29.7639636993, 25.3685112, 9.86927223206, -1.03672456741, 2.48859906197, 29.0288925171, -9.85526180267, -3.62108850479, 47.1673202515, 91.4456176758]],
        "icov": [[0.000123238263768, 6.65039624437e-05, 5.06379510625e-05, -5.16767722729e-05, 9.21295941225e-06, -0.000131326916744, 2.53168709605e-05, -1.4464586684e-06, -3.99454365834e-05, -2.35280185734e-05, -0.000141861542943, 1.12286907097e-05, 7.18936571502e-05], [6.65039624437e-05, 0.000697212410159, 0.000208696685149, -6.77705684211e-05, -6.7288739956e-05, 0.000266280781943, -0.000452545966255, -0.000200323862373, 0.000146902151755, -9.99396434054e-06, 0.000114945411042, -0.000398991571274, -0.000280387233943], [5.06379510625e-05, 0.000208696685149, 0.00190556352027, 0.000142825185321, -0.000588841561694, -0.00105253513902, -0.000325412052916, 0.000502332753967, -0.000316760502756, 0.000781231909059, -0.000567053561099, -7.14550551493e-05, -0.000277587037999], [-5.16767722729e-05, -6.77705684211e-05, 0.000142825185321, 0.00371123151854, -0.000784995267168, -0.000935751886573, 0.00028536960599, -0.00119776418433, -0.000670364010148, -0.000255004735664, 0.000693175708875, -0.0013040889753, -1.26357381305e-05], [9.21295941225e-06, -6.7288739956e-05, -0.000588841561694, -0.000784995267168, 0.00457741506398, -0.00156417046674, 0.00106516096275, -0.00137348507997, -0.0010834793793, 0.00015477539273, -0.000334782933351, 0.00113073620014, -0.000796253909357], [-0.000131326916744, 0.000266280781943, -0.00105253513902, -0.000935751886573, -0.00156417046674, 0.00933748297393, -0.00373696302995, 7.81743656262e-05, 3.93345799239e-05, -0.00086282734992, -9.71380213741e-05, -0.00044892373262, -0.000140321062645], [2.53168709605e-05, -0.000452545966255, -0.000325412052916, 0.00028536960599, 0.00106516096275, -0.00373696302995, 0.007409485057, 0.000111331311928, -0.00287294969894, -0.00049386115279, -0.00166415702552, 0.00102472479921, 0.00077258766396], [-1.4464586684e-06, -0.000200323862373, 0.000502332753967, -0.00119776418433, -0.00137348507997, 7.81743656262e-05, 0.000111331311928, 0.0077882357873, 0.00020987993048, -0.00305370916612, -0.00123445666395, 0.000957121956162, -0.000417675793869], [-3.99454365834e-05, 0.000146902151755, -0.000316760502756, -0.000670364010148, -0.0010834793793, 3.93345799239e-05, -0.00287294969894, 0.00020987993048, 0.00983766280115, -0.00285119982436, 0.00250189704821, -0.00351978070103, -0.00106696912553], [-2.35280185734e-05, -9.99396434054e-06, 0.000781231909059, -0.000255004735664, 0.00015477539273, -0.00086282734992, -0.00049386115279, -0.00305370916612, -0.00285119982436, 0.0138462195173, -0.00599379464984, 0.00265895039774, 0.000740463437978], [-0.000141861542943, 0.000114945411042, -0.000567053561099, 0.000693175708875, -0.000334782933351, -9.71380213741e-05, -0.00166415702552, -0.00123445666395, 0.00250189704821, -0.00599379464984, 0.014970600605, -0.0053434879519, 0.00178774190135], [1.12286907097e-05, -0.000398991571274, -7.14550551493e-05, -0.0013040889753, 0.00113073620014, -0.00044892373262, 0.00102472479921, 0.000957121956162, -0.00351978070103, 0.00265895039774, -0.0053434879519, 0.0170388054103, -0.0071648596786], [7.18936571502e-05, -0.000280387233943, -0.000277587037999, -1.26357381305e-05, -0.000796253909357, -0.000140321062645, 0.00077258766396, -0.000417675793869, -0.00106696912553, 0.000740463437978, 0.00178774190135, -0.0071648596786, 0.0157068707049]]
    },
    "spectral_contrast_coeffs": {
        "mean": [-0.715975701809, -0.741583943367, -0.761851727962, -0.783678233624, -0.772032141685, -0.765574514866],
        "stdev": [0.0867149680853, 0.0827219113708, 0.0778655037284, 0.0642543956637, 0.0645143613219, 0.0433312878013]
    },
    "spectral_contrast_valleys": {
        "mean": [-6.67848825455, -7.06459712982, -7.78281593323, -7.95899152756, -7.9644985199, -10.3887042999],
        "stdev": [1.94279849529, 1.83652961254, 1.81668782234, 1.84165167809, 1.87984514236, 1.91695678234]
    }
},
"rhythm": {
    "beats_count": 490,
    "beats_loudness": {
        "mean": 0.0533850155771,
        "stdev": 0.0291024930775
    },
    "bpm": 129.739837646,
    "bpm_histogram_first_peak_bpm": 129,
    "bpm_histogram_first_peak_weight": 0.221708953381,
    "bpm_histogram_second_peak_bpm": 136,
    "bpm_histogram_second_peak_spread": 0,
    "bpm_histogram_second_peak_weight": 0.026584867388,
    "danceability": 1.3359786272,
    "onset_rate": 4.11623716354,
    "beats_loudness_band_ratio": {
        "mean": [0.538155198097, 0.157799348235, 0.123614966869, 0.0695652961731, 0.060744382441, 0.0613476894796],
        "stdev": [0.237673223019, 0.143338814378, 0.138484403491, 0.0618956647813, 0.0804229304194, 0.069549895823]
    },
    "beats_position": [0.429569154978, 0.870748281479, 1.3235373497, 1.77632653713, 2.22911548615, 2.69351458549, 3.15791368484, 3.62231278419, 4.07510185242, 4.52789115906, 4.99229001999, 5.45668935776, 5.92108821869, 6.38548755646, 6.84988641739, 7.31428575516, 7.76707458496, 8.23147392273, 8.68426322937, 9.14866161346, 9.61306095123, 10.077460289, 10.5418596268, 11.0062580109, 11.4590473175, 11.9118366241, 12.3762359619, 12.840634346, 13.3050336838, 13.7694330215, 14.2338323593, 14.6982307434, 15.1626300812, 15.6270294189, 16.0914287567, 16.5558280945, 17.0086174011, 17.4614048004, 17.9258041382, 18.390203476, 18.8546028137, 19.3190021515, 19.7834014893, 20.247800827, 20.7121982574, 21.1882076263, 21.6758270264, 22.1750564575, 22.6742858887, 23.1851234436, 23.6843528748, 24.1487522125, 24.6131515503, 25.0775508881, 25.5419502258, 26.0063495636, 26.470746994, 26.9351463318, 27.3995456696, 27.8639450073, 28.3051242828, 28.7695236206, 29.2339229584, 29.6983222961, 30.1627197266, 30.6271190643, 31.0915184021, 31.5559177399, 31.9970970154, 32.4614944458, 32.9258956909, 33.3902931213, 33.8546943665, 34.3190917969, 34.783493042, 35.2362823486, 35.6890678406, 36.1534690857, 36.6178665161, 37.0822677612, 37.5234451294, 37.9878463745, 38.4638557434, 38.9282531738, 39.3810424805, 39.8454399109, 40.309841156, 40.7742385864, 41.2386398315, 41.703037262, 42.1674385071, 42.6202278137, 43.0730133057, 43.5374145508, 44.0018119812, 44.4662132263, 44.9306106567, 45.3950119019, 45.8594093323, 46.3238105774, 46.7765960693, 47.2409973145, 47.6937866211, 48.1581840515, 48.6225852966, 49.0869827271, 49.5513839722, 50.0157814026, 50.4685707092, 50.9329681396, 51.3857574463, 51.8501586914, 52.3145561218, 52.7789573669, 53.2433547974, 53.7077522278, 54.1489334106, 54.6133308411, 55.0777320862, 55.5421295166, 56.0065307617, 56.4709281921, 56.9353294373, 57.3997268677, 57.8641242981, 58.3285255432, 58.7929229736, 59.2457122803, 59.6985015869, 60.162902832, 60.6273002625, 61.0916976929, 61.556098938, 62.0088882446, 62.4616775513, 62.9260749817, 63.3904762268, 63.8548736572, 64.3192749023, 64.7836685181, 65.2480697632, 65.7124710083, 66.1652603149, 66.6180496216, 67.0708389282, 67.5352401733, 67.9996337891, 68.4524230957, 68.9168243408, 69.3812255859, 69.8456192017, 70.3100204468, 70.7744216919, 71.238822937, 71.7032165527, 72.1676177979, 72.632019043, 73.0848083496, 73.5375976562, 74.001991272, 74.4663925171, 74.9307937622, 75.3951950073, 75.859588623, 76.3239898682, 76.7767791748, 77.2295684814, 77.6939697266, 78.1583633423, 78.6227645874, 79.0871658325, 79.5515594482, 80.0159606934, 80.4803619385, 80.9331512451, 81.3975524902, 81.8503417969, 82.3147354126, 82.7791366577, 83.2435379028, 83.7079315186, 84.1607208252, 84.6135101318, 85.077911377, 85.5423126221, 86.0067138672, 86.4711074829, 86.935508728, 87.3999099731, 87.8643035889, 88.328704834, 88.7931060791, 89.2575073242, 89.7102966309, 90.1630859375, 90.6274795532, 91.0918807983, 91.5562820435, 92.0206756592, 92.4734649658, 92.9262542725, 93.3906555176, 93.8550567627, 94.3194503784, 94.7838516235, 95.2482528687, 95.7010421753, 96.1654434204, 96.6182327271, 97.0826263428, 97.5470275879, 98.011428833, 98.4758224487, 98.9402236938, 99.381401062, 99.8458023071, 100.310203552, 100.774604797, 101.238998413, 101.703399658, 102.167800903, 102.632194519, 103.096595764, 103.560997009, 104.013786316, 104.478187561, 104.930976868, 105.395370483, 105.859771729, 106.324172974, 106.788566589, 107.252967834, 107.705757141, 108.170158386, 108.622947693, 109.087341309, 109.551742554, 110.016143799, 110.480545044, 110.94493866, 111.409339905, 111.862129211, 112.314918518, 112.779319763, 113.255325317, 113.731338501, 114.195732117, 114.648521423, 115.089706421, 115.542495728, 116.006889343, 116.471290588, 116.935691833, 117.400085449, 117.864486694, 118.328887939, 118.770065308, 119.234466553, 119.698867798, 120.163261414, 120.627662659, 121.092063904, 121.55645752, 122.020858765, 122.473648071, 122.938049316, 123.390838623, 123.855232239, 124.319633484, 124.784034729, 125.248435974, 125.71282959, 126.177230835, 126.630020142, 127.082809448, 127.547210693, 128.011611938, 128.476013184, 128.94039917, 129.404800415, 129.857589722, 130.310379028, 130.774780273, 131.239181519, 131.703582764, 132.167984009, 132.632385254, 133.09677124, 133.561172485, 134.02557373, 134.466751099, 134.931152344, 135.395553589, 135.859954834, 136.324356079, 136.788757324, 137.253143311, 137.717544556, 138.170333862, 138.623123169, 139.087524414, 139.551925659, 140.016326904, 140.480728149, 140.945129395, 141.397918701, 141.850692749, 142.315093994, 142.779495239, 143.243896484, 143.708297729, 144.172698975, 144.63710022, 145.101501465, 145.565887451, 146.030288696, 146.483078003, 146.93586731, 147.400268555, 147.8646698, 148.329071045, 148.79347229, 149.257858276, 149.722259521, 150.16343689, 150.627838135, 151.09223938, 151.556640625, 152.02104187, 152.485443115, 152.938232422, 153.402633667, 153.855422974, 154.31980896, 154.784210205, 155.24861145, 155.713012695, 156.17741394, 156.641815186, 157.106216431, 157.605438232, 158.104675293, 158.592285156, 159.079910278, 159.555908203, 160.031921387, 160.519546509, 161.007156372, 161.483169556, 161.959182739, 162.423583984, 162.899581909, 163.375595093, 163.863220215, 164.339233398, 164.826843262, 165.326080322, 165.836914062, 166.324539185, 166.788925171, 167.253326416, 167.717727661, 168.182128906, 168.646530151, 169.110931396, 169.563720703, 170.01651001, 170.480911255, 170.945297241, 171.409698486, 171.874099731, 172.326889038, 172.791290283, 173.24407959, 173.708480835, 174.17288208, 174.637283325, 175.101669312, 175.566070557, 176.030471802, 176.483261108, 176.936050415, 177.40045166, 177.864852905, 178.32925415, 178.793640137, 179.258041382, 179.69921875, 180.163619995, 180.62802124, 181.092422485, 181.55682373, 182.021224976, 182.485626221, 182.950012207, 183.402801514, 183.867202759, 184.319992065, 184.784393311, 185.248794556, 185.713195801, 186.177597046, 186.641998291, 187.094787598, 187.547576904, 188.011962891, 188.476364136, 188.940765381, 189.405166626, 189.869567871, 190.333969116, 190.798370361, 191.262756348, 191.715545654, 192.179946899, 192.644348145, 193.097137451, 193.561538696, 194.025939941, 194.490341187, 194.954742432, 195.407531738, 195.860321045, 196.324707031, 196.789108276, 197.253509521, 197.717910767, 198.182312012, 198.646713257, 199.087890625, 199.55229187, 200.016693115, 200.481079102, 200.945480347, 201.409881592, 201.874282837, 202.327072144, 202.77986145, 203.244262695, 203.70866394, 204.173049927, 204.637451172, 205.101852417, 205.554641724, 206.019042969, 206.471832275, 206.936233521, 207.400634766, 207.865036011, 208.329421997, 208.793823242, 209.258224487, 209.722625732, 210.187026978, 210.651428223, 211.115829468, 211.580215454, 212.044616699, 212.497406006, 212.985031128, 213.48425293, 213.98348999, 214.482711792, 214.993560791, 215.504394531, 216.015228271, 216.537689209, 217.071746826, 217.594192505, 218.116638184, 218.650695801, 219.173141479, 219.683990479, 220.171600342, 220.659225464, 221.158447266, 221.622848511, 222.098861694, 222.574874878, 222.934783936, 223.283081055, 223.631378174, 223.979675293, 224.327972412, 224.676269531, 225.024581909, 225.384490967, 225.732788086, 226.081085205, 226.522262573],
    "bpm_histogram": [0, 0, 0, 0, 0, 0, 0, 0, 0, 0, 0, 0, 0, 0, 0, 0, 0, 0, 0, 0, 0, 0, 0, 0, 0, 0, 0, 0, 0, 0, 0, 0, 0, 0, 0, 0, 0, 0, 0, 0, 0, 0, 0, 0, 0, 0, 0, 0, 0, 0, 0, 0, 0, 0, 0, 0, 0, 0, 0, 0, 0, 0, 0, 0, 0, 0, 0, 0, 0, 0, 0, 0, 0, 0, 0, 0, 0, 0, 0, 0, 0, 0, 0, 0, 0, 0, 0, 0, 0, 0, 0, 0, 0, 0, 0, 0, 0, 0, 0, 0, 0, 0, 0, 0, 0, 0, 0, 0, 0, 0, 0, 0, 0.00408997945487, 0, 0, 0.00817995890975, 0, 0.0122699383646, 0, 0, 0.0204498972744, 0, 0, 0.0224948879331, 0, 0, 0.026584867388, 0, 0, 0.689161539078, 0, 0, 0, 0.169734150171, 0, 0, 0.026584867388, 0, 0, 0, 0, 0, 0, 0, 0, 0, 0, 0, 0, 0, 0, 0, 0, 0, 0, 0, 0, 0, 0, 0, 0, 0, 0, 0, 0, 0, 0, 0.00408997945487, 0, 0, 0, 0, 0.0163599178195, 0, 0, 0, 0, 0, 0, 0, 0, 0, 0, 0, 0, 0, 0, 0, 0, 0, 0, 0, 0, 0, 0, 0, 0, 0, 0, 0, 0, 0, 0, 0, 0, 0, 0, 0, 0, 0, 0, 0, 0, 0, 0, 0, 0, 0, 0, 0, 0, 0, 0, 0, 0, 0, 0, 0, 0, 0, 0, 0, 0, 0, 0, 0, 0, 0, 0, 0, 0, 0, 0, 0, 0, 0, 0, 0, 0, 0]
},
"tonal": {
    "chords_changes_rate": 0.0459934584796,
    "chords_number_rate": 0.00163532292936,
    "chords_strength": {
        "mean": 0.549933850765,
        "stdev": 0.104227125645
    },
    "hpcp_crest": {
        "mean": 14.0355062485,
        "stdev": 6.52567386627
    },
    "hpcp_entropy": {
        "mean": 1.88112044334,
        "stdev": 0.726794362068
    },
    "key_edma": {
        "strength": 0.742334246635,
        "key": "A#",
        "scale": "minor"
    },
    "key_krumhansl": {
        "strength": 0.758124768734,
        "key": "A#",
        "scale": "minor"
    },
    "key_temperley": {
        "strength": 0.761412024498,
        "key": "A#",
        "scale": "minor"
    },
    "tuning_diatonic_strength": 0.592759311199,
    "tuning_equal_tempered_deviation": 0.202984824777,
    "tuning_frequency": 434.193115234,
    "tuning_nontempered_energy_ratio": 0.939118921757,
    "hpcp": {
        "mean": [0.0588432177901, 0.0601245388389, 0.108848854899, 0.296422362328, 0.31968036294, 0.154463097453, 0.0815005302429, 0.06454320997, 0.0776839926839, 0.118093207479, 0.126160398126, 0.0986828655005, 0.17864638567, 0.187999382615, 0.0734527185559, 0.0332534722984, 0.0354276411235, 0.0668774098158, 0.136528939009, 0.123264975846, 0.0513510555029, 0.0448749959469, 0.0558056645095, 0.0761395767331, 0.196321964264, 0.211519002914, 0.0982181280851, 0.0910553261638, 0.0932325944304, 0.0634735226631, 0.0593347884715, 0.0513228364289, 0.0448817014694, 0.093994371593, 0.108634471893, 0.0684481412172],
        "stdev": [0.165514141321, 0.173634588718, 0.215304940939, 0.373814463615, 0.381721645594, 0.256347358227, 0.219635441899, 0.193687796593, 0.221110478044, 0.237811684608, 0.24818508327, 0.197561919689, 0.287650972605, 0.295697450638, 0.146933883429, 0.10236722976, 0.11245174706, 0.165148451924, 0.265710055828, 0.242379248142, 0.125776007771, 0.143834218383, 0.181697919965, 0.170452684164, 0.27531260252, 0.288037180901, 0.181564792991, 0.20512022078, 0.223121315241, 0.162264451385, 0.152828678489, 0.133043512702, 0.116256155074, 0.191287517548, 0.23273216188, 0.160918623209]
    },
    "chords_histogram": [42.6410484314, 10.4456253052, 2.35077667236, 7.84955024719, 0.858544588089, 0.49059689045, 0, 9.17825031281, 0, 0.347506135702, 0, 0, 0, 0, 0, 0, 0.26573997736, 0.102207683027, 0.592804551125, 0, 0.858544588089, 3.06623053551, 11.0793132782, 9.8732624054],
    "thpcp": [1, 0.483179807663, 0.254943817854, 0.201899200678, 0.243005201221, 0.369410276413, 0.394645452499, 0.30869230628, 0.558828175068, 0.588085472584, 0.229769259691, 0.104021005332, 0.110822074115, 0.209200873971, 0.42707952857, 0.3855881989, 0.160632506013, 0.140374571085, 0.174567073584, 0.238174080849, 0.614119589329, 0.661657810211, 0.307238548994, 0.284832417965, 0.291643172503, 0.198553085327, 0.185606613755, 0.160544231534, 0.14039555192, 0.294026106596, 0.339822173119, 0.214114308357, 0.184068918228, 0.188077047467, 0.340492784977, 0.92724609375],
    "chords_key": "A#",
    "chords_scale": "minor"
}
}