{
"metadata": {
    "version": {
        "essentia": "2.1-dev",
        "essentia_git_sha": "v2.1_beta3-415-gd5473f3",
        "extractor": "music 2.0"
    },
    "audio_properties": {
        "analysis": {
            "equal_loudness": 0,
            "length": 201.822036743,
            "sample_rate": 44100,
            "start_time": 0,
            "downmix": "mix"
        },
        "bit_rate": 192000,
        "length": 201.822036743,
        "lossless": 0,
        "number_channels": 2,
        "replay_gain": -8.55047225952,
        "sample_rate": 44100,
        "codec": "mp3",
        "md5_encoded": "24ef1ae4476224272cdf088d79cbd5d6"
    },
    "tags": {
        "file_name": "camino_feat_jeanna-feels_like_heaven.mp3"
    }
},
"lowlevel": {
    "average_loudness": 0.966358959675,
    "barkbands_crest": {
        "mean": 13.5379571915,
        "stdev": 7.1230931282
    },
    "barkbands_flatness_db": {
        "mean": 0.165389254689,
        "stdev": 0.0834874138236
    },
    "barkbands_kurtosis": {
        "mean": 18.9044799805,
        "stdev": 53.4196624756
    },
    "barkbands_skewness": {
        "mean": 2.6031191349,
        "stdev": 3.08832645416
    },
    "barkbands_spread": {
        "mean": 30.0563049316,
        "stdev": 22.7428092957
    },
    "dissonance": {
        "mean": 0.457359582186,
        "stdev": 0.0282785892487
    },
    "dynamic_complexity": 3.14115571976,
    "erbbands_crest": {
        "mean": 9.40685749054,
        "stdev": 4.76493358612
    },
    "erbbands_flatness_db": {
        "mean": 0.127540439367,
        "stdev": 0.0393506474793
    },
    "erbbands_kurtosis": {
        "mean": 0.160657793283,
        "stdev": 1.7361741066
    },
    "erbbands_skewness": {
        "mean": 0.326534420252,
        "stdev": 0.725815236568
    },
    "erbbands_spread": {
        "mean": 53.8934631348,
        "stdev": 24.4676914215
    },
    "hfc": {
        "mean": 34.3604049683,
        "stdev": 33.3837356567
    },
    "loudness_ebu128": {
        "integrated": -12.8001804352,
        "loudness_range": 4.57817840576,
        "momentary": {
            "mean": -14.3284521103,
            "stdev": 10.802570343
        },
        "short_term": {
            "mean": -13.3697452545,
            "stdev": 2.72929668427
        }
    },
    "melbands_crest": {
        "mean": 18.7222309113,
        "stdev": 8.39968967438
    },
    "melbands_flatness_db": {
        "mean": 0.210657224059,
        "stdev": 0.112383507192
    },
    "melbands_kurtosis": {
        "mean": 45.6312713623,
        "stdev": 82.3021621704
    },
    "melbands_skewness": {
        "mean": 4.31593704224,
        "stdev": 3.66850948334
    },
    "melbands_spread": {
        "mean": 27.269536972,
        "stdev": 25.6050281525
    },
    "pitch_salience": {
        "mean": 0.421157419682,
        "stdev": 0.198597580194
    },
    "silence_rate_20dB": {
        "mean": 1,
        "stdev": 0
    },
    "silence_rate_30dB": {
        "mean": 0.764983296394,
        "stdev": 0.423993140459
    },
    "silence_rate_60dB": {
        "mean": 0.0578626468778,
        "stdev": 0.233495563269
    },
    "spectral_centroid": {
        "mean": 1673.00817871,
        "stdev": 987.342712402
    },
    "spectral_complexity": {
        "mean": 17.198551178,
        "stdev": 9.67201328278
    },
    "spectral_decrease": {
        "mean": -1.52215609006e-08,
        "stdev": 1.69940701511e-08
    },
    "spectral_energy": {
        "mean": 0.0605663880706,
        "stdev": 0.0644072890282
    },
    "spectral_energyband_high": {
        "mean": 0.00256987754256,
        "stdev": 0.00338707561605
    },
    "spectral_energyband_low": {
        "mean": 0.0454117394984,
        "stdev": 0.0650771856308
    },
    "spectral_energyband_middle_high": {
        "mean": 0.0051253773272,
        "stdev": 0.00519197108224
    },
    "spectral_energyband_middle_low": {
        "mean": 0.00872092694044,
        "stdev": 0.0131694795564
    },
    "spectral_entropy": {
        "mean": 7.80157327652,
        "stdev": 0.515345394611
    },
    "spectral_flux": {
        "mean": 0.119142003357,
        "stdev": 0.0900006964803
    },
    "spectral_kurtosis": {
        "mean": 2.33547616005,
        "stdev": 2.01484918594
    },
    "spectral_rms": {
        "mean": 0.00659671518952,
        "stdev": 0.00394619815052
    },
    "spectral_rolloff": {
        "mean": 2397.04345703,
        "stdev": 2935.09423828
    },
    "spectral_skewness": {
        "mean": 1.29599404335,
        "stdev": 0.432417869568
    },
    "spectral_spread": {
        "mean": 7037984,
        "stdev": 2989750.75
    },
    "spectral_strongpeak": {
        "mean": 1.01746451855,
        "stdev": 1.23333024979
    },
    "zerocrossingrate": {
        "mean": 0.0857905074954,
        "stdev": 0.0686470493674
    },
    "barkbands": {
        "mean": [0.000786757096648, 0.037121720612, 0.00637778593227, 0.00184736249503, 0.00210214266554, 0.00145364995115, 0.00157480430789, 0.000643875624519, 0.000822514120955, 0.000969715765677, 0.00126065686345, 0.00062577490462, 0.000562634435482, 0.00020094786305, 0.000419913994847, 0.000290428637527, 0.000281971064396, 0.000224593197345, 0.00025564696989, 0.000343980529578, 0.000517293345183, 0.000268793868599, 0.000376040057745, 0.000483013980556, 0.000520381494425, 0.000234010396525, 2.29329000234e-09],
        "stdev": [0.00133312866092, 0.0599173307419, 0.0190222691745, 0.00666022533551, 0.00761580374092, 0.0020505161956, 0.00213859044015, 0.00128799781669, 0.00210476084612, 0.00190711836331, 0.00252254051156, 0.00183639372699, 0.00109283789061, 0.000455874425825, 0.000821333378553, 0.000540945213288, 0.00058756256476, 0.000382483995054, 0.000350172253093, 0.000445260549895, 0.000840655528009, 0.000401385797886, 0.000664291728754, 0.000842971086968, 0.000983548350632, 0.000426943675848, 3.67895247599e-09]
    },
    "erbbands": {
        "mean": [1.16434800625, 7.8163061142, 9.23827457428, 6.87114143372, 6.42983961105, 7.24663305283, 6.25547361374, 15.7000761032, 21.142118454, 20.0834846497, 11.7663555145, 22.7043914795, 22.0370445251, 52.1399841309, 36.9804000854, 29.4915046692, 27.680809021, 15.0674638748, 18.7180213928, 17.1468315125, 16.0244255066, 15.0739803314, 13.062587738, 12.8217477798, 14.571308136, 15.7452659607, 21.9015254974, 15.6720561981, 10.7473068237, 8.56782150269, 11.9378070831, 10.579533577, 7.97462749481, 6.1712770462, 3.36908936501, 1.33489954472, 0.400550991297, 0.0266617760062, 0.000579069834203, 0.000105011429696],
        "stdev": [1.93143057823, 13.5651912689, 22.1957950592, 21.3902759552, 21.3138008118, 27.1551647186, 14.0462350845, 22.7276268005, 27.5665912628, 30.7255344391, 22.998790741, 58.1733131409, 51.4565734863, 96.996963501, 71.2906494141, 85.381980896, 50.7761421204, 24.7725448608, 34.0183067322, 30.4282875061, 27.0106239319, 32.4631233215, 22.1930675507, 19.9164524078, 18.306968689, 19.6186637878, 36.8942909241, 23.5145874023, 15.7898015976, 13.3726673126, 22.1328048706, 17.5912055969, 15.2219257355, 12.5307254791, 6.22336626053, 2.39874744415, 0.752605557442, 0.0496857948601, 0.00100213009864, 9.24841806409e-05]
    },
    "gfcc": {
        "mean": [16.0961284637, 57.8555831909, -97.238494873, 33.2778549194, -62.0419082642, 31.1967315674, -31.2804164886, 23.9454841614, -22.7819690704, 18.142162323, -8.84652709961, 6.92517518997, -5.99212503433],
        "cov": [[12336.1728516, -702.90826416, -258.370635986, 374.677429199, -395.567596436, 367.816558838, -323.698547363, 87.5009918213, -386.285491943, 53.3149337769, -267.462219238, 108.339408875, -191.801055908], [-702.90826416, 1363.55297852, -30.5195770264, 109.476577759, 369.390258789, -0.247175469995, 305.213439941, -11.5565719604, 148.45262146, -60.2075691223, 192.918441772, -163.181625366, 175.377105713], [-258.370635986, -30.5195770264, 768.00378418, 117.788452148, 194.341751099, 164.462295532, 54.2960586548, 87.2620773315, 107.978240967, 42.5137138367, 58.8233070374, 110.462944031, -67.1045227051], [374.677429199, 109.476577759, 117.788452148, 358.547241211, 112.480873108, 25.9455986023, 97.4943389893, 42.5823631287, 60.0470199585, -31.4952507019, 49.961643219, -19.3412532806, 55.1915054321], [-395.567596436, 369.390258789, 194.341751099, 112.480873108, 371.894287109, 97.8521881104, 180.601348877, 51.6120567322, 107.606285095, 16.0177001953, 85.8079223633, -22.1440658569, 51.4328727722], [367.816558838, -0.247175469995, 164.462295532, 25.9455986023, 97.8521881104, 250.496780396, 109.137481689, 24.5167331696, 46.6298866272, 43.0726852417, 54.9861755371, 8.91526699066, 22.0910110474], [-323.698547363, 305.213439941, 54.2960586548, 97.4943389893, 180.601348877, 109.137481689, 292.347229004, 76.442779541, 114.008766174, 24.6016235352, 117.712478638, -34.9181365967, 102.647918701], [87.5009918213, -11.5565719604, 87.2620773315, 42.5823631287, 51.6120567322, 24.5167331696, 76.442779541, 164.858963013, 91.1374053955, 41.9548301697, 56.8259544373, 38.6995124817, 31.9205703735], [-386.285491943, 148.45262146, 107.978240967, 60.0470199585, 107.606285095, 46.6298866272, 114.008766174, 91.1374053955, 165.894332886, 58.9827461243, 96.9050445557, 17.4341945648, 53.2090377808], [53.3149337769, -60.2075691223, 42.5137138367, -31.4952507019, 16.0177001953, 43.0726852417, 24.6016235352, 41.9548301697, 58.9827461243, 128.078552246, 56.2392272949, 40.3480072021, 3.83817911148], [-267.462219238, 192.918441772, 58.8233070374, 49.961643219, 85.8079223633, 54.9861755371, 117.712478638, 56.8259544373, 96.9050445557, 56.2392272949, 169.115356445, 20.6311340332, 82.906578064], [108.339408875, -163.181625366, 110.462944031, -19.3412532806, -22.1440658569, 8.91526699066, -34.9181365967, 38.6995124817, 17.4341945648, 40.3480072021, 20.6311340332, 142.237716675, -12.0193901062], [-191.801055908, 175.377105713, -67.1045227051, 55.1915054321, 51.4328727722, 22.0910110474, 102.647918701, 31.9205703735, 53.2090377808, 3.83817911148, 82.906578064, -12.0193901062, 161.754302979]],
        "icov": [[0.000151360465679, -0.000170042942045, 0.000181491341209, -0.000406174338423, 0.000185400800547, -0.000556825019885, 0.000265101785772, -0.00049067864893, 0.000586706621107, -0.000351928785676, 0.000281394692138, -0.00024218026374, 0.00017654596013], [-0.000170042942045, 0.00198959023692, -0.000215587744606, 0.000922121165786, -0.00149476039223, 0.00156189978588, -0.00097522942815, 0.00158932234626, -0.00146842410322, 0.00166422966868, -0.0019409210654, 0.00163816765416, -0.000635552511085], [0.000181491341209, -0.000215587744606, 0.00268444069661, -0.00109485816211, -0.000766679702792, -0.00202338513918, 0.000932531140279, -0.000957313983236, -0.000313508120598, 0.000294262717944, -1.84592554433e-05, -0.00199480098672, 0.00201081065461], [-0.000406174338423, 0.000922121165786, -0.00109485816211, 0.00482045579702, -0.00117513793521, 0.00205593532883, -0.001283722464, 0.00123997963965, -0.00223968434148, 0.00267599476501, -0.00144148641266, 0.00151551596355, -0.0013928739354], [0.000185400800547, -0.00149476039223, -0.000766679702792, -0.00117513793521, 0.00585766369477, -0.00146119226702, -0.00128943496384, -0.000753342348617, 5.883241829e-05, -0.00109865446575, 0.00140751618892, -0.00038733924157, 0.000483838346554], [-0.000556825019885, 0.00156189978588, -0.00202338513918, 0.00205593532883, -0.00146119226702, 0.00848837103695, -0.00361237488687, 0.00306045915931, -0.00148034421727, 0.000107919309812, -0.0018729880685, 0.00189929443877, -0.00131530908402], [0.000265101785772, -0.00097522942815, 0.000932531140279, -0.001283722464, -0.00128943496384, -0.00361237488687, 0.00911123398691, -0.00299202697352, -0.00037959247129, -0.000202925977646, -0.00111460941844, 0.00101155135781, -0.00131539592985], [-0.00049067864893, 0.00158932234626, -0.000957313983236, 0.00123997963965, -0.000753342348617, 0.00306045915931, -0.00299202697352, 0.0118743516505, -0.00652028108016, 0.00105149764568, -0.00115487165749, -0.000588043069001, -0.00108010787517], [0.000586706621107, -0.00146842410322, -0.000313508120598, -0.00223968434148, 5.883241829e-05, -0.00148034421727, -0.00037959247129, -0.00652028108016, 0.0168505646288, -0.00562440417707, -0.00135442020837, -0.000694629561622, -0.000133962908876], [-0.000351928785676, 0.00166422966868, 0.000294262717944, 0.00267599476501, -0.00109865446575, 0.000107919309812, -0.000202925977646, 0.00105149764568, -0.00562440417707, 0.0140690766275, -0.00504954671487, -0.000660402292851, 0.0012985561043], [0.000281394692138, -0.0019409210654, -1.84592554433e-05, -0.00144148641266, 0.00140751618892, -0.0018729880685, -0.00111460941844, -0.00115487165749, -0.00135442020837, -0.00504954671487, 0.0145964855328, -0.00305825006217, -0.00347756082192], [-0.00024218026374, 0.00163816765416, -0.00199480098672, 0.00151551596355, -0.00038733924157, 0.00189929443877, 0.00101155135781, -0.000588043069001, -0.000694629561622, -0.000660402292851, -0.00305825006217, 0.0116771031171, -0.00139071175363], [0.00017654596013, -0.000635552511085, 0.00201081065461, -0.0013928739354, 0.000483838346554, -0.00131530908402, -0.00131539592985, -0.00108010787517, -0.000133962908876, 0.0012985561043, -0.00347756082192, -0.00139071175363, 0.0111560868099]]
    },
    "melbands": {
        "mean": [0.0104743642733, 0.00690498342738, 0.001189893228, 0.000507106131408, 0.000240627312451, 0.000321014289511, 0.000336310622515, 0.000204587704502, 8.26774121379e-05, 0.000149068058818, 0.000103652506368, 0.000202555369469, 0.000131874112412, 8.38922569528e-05, 5.24680144736e-05, 6.49782814435e-05, 2.21591908485e-05, 2.61699551629e-05, 3.00618976325e-05, 2.18655204662e-05, 1.78080772457e-05, 1.6197005607e-05, 1.37926654133e-05, 9.53507606027e-06, 1.02848844108e-05, 9.86052600638e-06, 1.12094803626e-05, 1.00567922345e-05, 1.21449638755e-05, 1.50562991621e-05, 6.94061282047e-06, 5.83956716582e-06, 5.28935333932e-06, 4.45654313808e-06, 7.17161537978e-06, 6.75862884236e-06, 6.12615076534e-06, 5.45139027963e-06, 5.40954624739e-06, 5.18936803928e-06],
        "stdev": [0.0169467423111, 0.0124486787245, 0.00341936270706, 0.00185195694212, 0.000601788749918, 0.000461948598968, 0.000436865579104, 0.000327032408677, 0.00018053673557, 0.000395102921175, 0.000255481165368, 0.000379310571589, 0.000254058977589, 0.000192989857169, 0.000150827501784, 0.000133889130666, 4.85637865495e-05, 5.23424714629e-05, 7.2961076512e-05, 4.47578677267e-05, 3.41933518939e-05, 3.73942129954e-05, 2.75464426522e-05, 1.55296729645e-05, 1.7732836568e-05, 1.4315266526e-05, 1.54704048327e-05, 1.38446011988e-05, 1.99168171093e-05, 2.81968204945e-05, 1.09190204967e-05, 8.97687368706e-06, 8.29993132356e-06, 7.18582577974e-06, 1.43225388456e-05, 1.13313653856e-05, 1.03590373328e-05, 9.97560709948e-06, 1.24879134091e-05, 1.04162718344e-05]
    },
    "melbands128": {
        "mean": [0.000754410109948, 0.00857895892113, 0.015866747126, 0.0119065232575, 0.00590035086498, 0.00274274870753, 0.00140740850475, 0.000788251345512, 0.000621433486231, 0.000558539992198, 0.000447414990049, 0.000248467345955, 0.000176802481292, 0.000171266321559, 0.000467484380351, 0.00028332445072, 0.000184010568773, 0.000439365452621, 0.000402232486522, 0.000185270226211, 0.000178635833436, 9.78843017947e-05, 8.24974122224e-05, 4.05841055908e-05, 0.000151558109792, 0.000216931221075, 7.18918308849e-05, 0.000118163981824, 6.60770165268e-05, 0.000189871789189, 0.000294770055916, 0.000169174192706, 8.81333398866e-05, 0.00015961372992, 4.58580725535e-05, 8.60096188262e-05, 0.000103617094283, 3.04922559735e-05, 3.81812023988e-05, 7.55138680688e-05, 9.34419076657e-05, 1.3831263459e-05, 2.45077244472e-05, 2.61090553977e-05, 9.88816100289e-06, 3.40220431099e-05, 3.20755316352e-05, 4.36852715211e-05, 2.10185080505e-05, 1.22726196423e-05, 3.06001602439e-05, 2.09543286473e-05, 1.45646636156e-05, 1.98917059606e-05, 1.70491075551e-05, 1.62441956491e-05, 1.39477906487e-05, 1.40185829878e-05, 1.47134214785e-05, 1.31263223011e-05, 6.74376906318e-06, 6.91655804985e-06, 1.53662313096e-05, 9.85015958577e-06, 5.82580514674e-06, 1.08378535515e-05, 1.07368696263e-05, 1.08573940452e-05, 1.17103718367e-05, 1.19982878459e-05, 7.25337622498e-06, 1.25659098558e-05, 8.94597815204e-06, 1.10926403067e-05, 1.64173416124e-05, 1.7569933334e-05, 1.53134824359e-05, 7.13670078767e-06, 7.11515804142e-06, 4.39562427346e-06, 4.32427941632e-06, 7.94401785242e-06, 6.06928006164e-06, 4.97929841003e-06, 4.54044084108e-06, 4.21266486228e-06, 3.79855214305e-06, 5.85949555898e-06, 9.11226743483e-06, 6.20272066953e-06, 6.74571856507e-06, 5.98836868448e-06, 8.56844781083e-06, 5.63155208511e-06, 5.69093481317e-06, 4.61402214569e-06, 6.08460049989e-06, 5.41141662325e-06, 5.38163430974e-06, 5.29295857632e-06, 5.45108196093e-06, 5.11142388859e-06, 4.96570328323e-06, 4.57814803667e-06, 3.69377812603e-06, 3.31242836182e-06, 3.09772008222e-06, 2.37499534705e-06, 2.19417324843e-06, 2.04276943805e-06, 1.8470896066e-06, 1.79671178557e-06, 1.14101590043e-06, 8.67848996222e-07, 6.27563622402e-07, 1.33532566338e-07, 4.7991870894e-11, 1.03519588734e-11, 9.89836511367e-12, 9.50156186369e-12, 9.21450762914e-12, 8.97210691159e-12, 8.75178922388e-12, 8.58217490129e-12, 8.43249949034e-12, 8.32704825232e-12, 8.25033964758e-12, 8.19243804739e-12],
        "stdev": [0.00132072949782, 0.015066916123, 0.0281711239368, 0.0224692430347, 0.0140483779833, 0.00845617149025, 0.00496308458969, 0.00280557270162, 0.00228467280976, 0.0023335700389, 0.00177333026659, 0.000821255845949, 0.000504576484673, 0.000315230252454, 0.000758197507821, 0.000530536926817, 0.000427451275755, 0.000698113115504, 0.000672469555866, 0.00039745727554, 0.000481755007058, 0.000238746055402, 0.000257892068475, 0.000169775332324, 0.000419472838985, 0.000686308892909, 0.000247533578658, 0.000452572683571, 0.000196392124053, 0.000472066982184, 0.000691971741617, 0.000455297122244, 0.000286811206024, 0.000423661113018, 0.000160651339684, 0.000304075569147, 0.000410190026741, 0.000179125461727, 0.0001385317737, 0.000167486723512, 0.000231362806517, 4.63500400656e-05, 6.1952341639e-05, 7.8653501987e-05, 3.91224348277e-05, 8.8549371867e-05, 8.12598518678e-05, 0.000158866925631, 5.90181880398e-05, 3.90271743527e-05, 8.42362060212e-05, 4.91608443554e-05, 4.15992290073e-05, 5.86844544159e-05, 3.96070536226e-05, 5.25897048647e-05, 4.89474441565e-05, 4.79736845591e-05, 3.61188358511e-05, 2.90586885967e-05, 1.66339559655e-05, 1.43058878166e-05, 3.50326226908e-05, 2.46179333772e-05, 1.43808165376e-05, 2.17924152821e-05, 2.07880257221e-05, 2.14192696149e-05, 2.27407981583e-05, 1.96018409042e-05, 1.27591320052e-05, 2.50602261076e-05, 1.79821527126e-05, 2.52603040281e-05, 4.49189428764e-05, 4.58512840851e-05, 4.07397128583e-05, 1.81279792741e-05, 1.36449671118e-05, 7.33148317522e-06, 7.17943157724e-06, 1.42289090945e-05, 1.0509716958e-05, 8.5317697085e-06, 7.42990687286e-06, 7.81331527833e-06, 6.55441863273e-06, 1.17426334327e-05, 2.00511567527e-05, 1.27384373627e-05, 1.22194733194e-05, 1.08455878944e-05, 1.57982503879e-05, 1.08390313471e-05, 9.78587650025e-06, 8.02083650342e-06, 1.20708518807e-05, 1.2357043488e-05, 1.38829991556e-05, 1.36595053846e-05, 1.20658232845e-05, 1.07638070403e-05, 9.9867775134e-06, 9.78465868684e-06, 7.12230030331e-06, 6.63525679556e-06, 5.98704400545e-06, 4.40311441707e-06, 4.04092133977e-06, 4.09112180932e-06, 3.66340373148e-06, 3.90628747482e-06, 2.12810459743e-06, 1.77965819148e-06, 1.19928313325e-06, 2.95507419423e-07, 1.86168885863e-10, 1.70641591135e-11, 1.6498791916e-11, 1.598002633e-11, 1.55602856988e-11, 1.51942642496e-11, 1.48708632214e-11, 1.46076137297e-11, 1.43753030313e-11, 1.42016043023e-11, 1.40745193278e-11, 1.39930437029e-11]
    },
    "mfcc": {
        "mean": [-631.24810791, 91.6239929199, 20.9569911957, 13.615395546, 4.40890073776, 6.15199565887, 11.9397220612, 3.53273940086, 6.6989941597, 7.12827157974, -0.698146164417, 10.9225625992, 7.91078567505],
        "cov": [[6990.00439453, -550.400756836, 103.833084106, 35.4499397278, -3.82859015465, 121.740577698, 20.7197761536, 9.79675769806, -95.4577636719, -52.9703216553, -190.905548096, -95.0691833496, -49.2306785583], [-550.400756836, 1177.38024902, -96.5492935181, 138.863372803, 139.675949097, 82.5816268921, 215.235855103, 42.1932296753, 106.596908569, 103.22568512, 17.15832901, 129.022109985, 27.755147934], [103.833084106, -96.5492935181, 503.861816406, 31.1504039764, 116.400001526, 94.3901519775, 2.17094326019, 108.740837097, -1.83952629566, 11.7808513641, 109.646713257, -10.6798706055, 77.5610809326], [35.4499397278, 138.863372803, 31.1504039764, 325.360168457, 100.765228271, 4.30530500412, 66.8601989746, 61.0105781555, 63.7425994873, 12.3369255066, 32.4108848572, 71.0234298706, -41.0421066284], [-3.82859015465, 139.675949097, 116.400001526, 100.765228271, 217.753265381, 67.5745544434, 62.7182693481, 64.9126663208, 39.9944496155, 33.2900543213, 47.8564529419, 35.0033035278, 32.4550361633], [121.740577698, 82.5816268921, 94.3901519775, 4.30530500412, 67.5745544434, 234.774154663, 78.6782608032, 52.2986450195, 15.8290224075, 52.9972496033, 15.8348836899, -3.56403899193, 68.2284164429], [20.7197761536, 215.235855103, 2.17094326019, 66.8601989746, 62.7182693481, 78.6782608032, 228.013763428, 52.8577270508, 82.6107711792, 87.3612213135, -17.3300704956, 94.5378112793, 6.77437496185], [9.79675769806, 42.1932296753, 108.740837097, 61.0105781555, 64.9126663208, 52.2986450195, 52.8577270508, 151.752853394, 51.6434555054, 19.486541748, 54.0300369263, 21.475440979, 43.7400665283], [-95.4577636719, 106.596908569, -1.83952629566, 63.7425994873, 39.9944496155, 15.8290224075, 82.6107711792, 51.6434555054, 127.480270386, 68.0775985718, 12.8072967529, 53.3994674683, 8.924036026], [-52.9703216553, 103.22568512, 11.7808513641, 12.3369255066, 33.2900543213, 52.9972496033, 87.3612213135, 19.486541748, 68.0775985718, 135.935195923, 16.4576053619, 50.0480766296, 19.7574195862], [-190.905548096, 17.15832901, 109.646713257, 32.4108848572, 47.8564529419, 15.8348836899, -17.3300704956, 54.0300369263, 12.8072967529, 16.4576053619, 160.838531494, 37.2822723389, 50.1137123108], [-95.0691833496, 129.022109985, -10.6798706055, 71.0234298706, 35.0033035278, -3.56403899193, 94.5378112793, 21.475440979, 53.3994674683, 50.0480766296, 37.2822723389, 163.049072266, 28.1845645905], [-49.2306785583, 27.755147934, 77.5610809326, -41.0421066284, 32.4550361633, 68.2284164429, 6.77437496185, 43.7400665283, 8.924036026, 19.7574195862, 50.1137123108, 28.1845645905, 152.280899048]],
        "icov": [[0.000160675059306, 8.63650275278e-05, -2.92785443889e-05, -6.97909490555e-05, -2.00518406928e-05, -9.0575995273e-05, -5.35788894922e-05, -5.96713798586e-05, 0.000141985787195, -1.07936621134e-05, 0.000230755409575, -3.37320784638e-06, 1.44498762893e-05], [8.63650275278e-05, 0.00120063719805, 0.0004048543924, -0.000237617306993, -0.000551710545551, -0.00012831632921, -0.000842214911245, 0.000190792052308, -4.65422453999e-05, -9.11849419936e-05, -0.000128235958982, -7.81708513387e-05, -0.000232189137023], [-2.92785443889e-05, 0.0004048543924, 0.00310740061104, -2.65809994744e-05, -0.00115745875519, -0.000449272687547, -0.000181192677701, -0.0012909224024, 0.00078596570529, -0.000196726585273, -0.00141074648127, 0.00060595467221, -0.00051470316248], [-6.97909490555e-05, -0.000237617306993, -2.65809994744e-05, 0.00488815875724, -0.00166427716613, -0.000290756928734, 0.00036621291656, -0.00114515959285, -0.00154682795983, 0.0013300688006, -0.000440978590632, -0.00193958741147, 0.00257151434198], [-2.00518406928e-05, -0.000551710545551, -0.00115745875519, -0.00166427716613, 0.00713194161654, -0.000792208535131, -0.000548817450181, -0.000473542924738, -0.000253846985288, -0.000172590298462, -0.000633507734165, 0.000286897848127, -0.000576927501243], [-9.0575995273e-05, -0.00012831632921, -0.000449272687547, -0.000290756928734, -0.000792208535131, 0.00701370136812, -0.00272025004961, -0.000524566275999, 0.00167735060677, -0.00199627829716, 5.8042263845e-05, 0.00266876886599, -0.00290968292393], [-5.35788894922e-05, -0.000842214911245, -0.000181192677701, 0.00036621291656, -0.000548817450181, -0.00272025004961, 0.0107826907188, -0.00249510188587, -0.00192091602366, -0.00266226800159, 0.00344177684747, -0.00511732511222, 0.00217238767073], [-5.96713798586e-05, 0.000190792052308, -0.0012909224024, -0.00114515959285, -0.000473542924738, -0.000524566275999, -0.00249510188587, 0.0115566300228, -0.00409620068967, 0.00231392891146, -0.00261595100164, 0.00183865765575, -0.00211728946306], [0.000141985787195, -4.65422453999e-05, 0.00078596570529, -0.00154682795983, -0.000253846985288, 0.00167735060677, -0.00192091602366, -0.00409620068967, 0.0148847354576, -0.00587452948093, 0.000713082379662, -0.000569718540646, -0.000437554321252], [-1.07936621134e-05, -9.11849419936e-05, -0.000196726585273, 0.0013300688006, -0.000172590298462, -0.00199627829716, -0.00266226800159, 0.00231392891146, -0.00587452948093, 0.0130014745519, -0.00165569887031, -0.00102544447873, 0.00024887296604], [0.000230755409575, -0.000128235958982, -0.00141074648127, -0.000440978590632, -0.000633507734165, 5.8042263845e-05, 0.00344177684747, -0.00261595100164, 0.000713082379662, -0.00165569887031, 0.0101787345484, -0.00302121508867, -0.00121254613623], [-3.37320784638e-06, -7.81708513387e-05, 0.00060595467221, -0.00193958741147, 0.000286897848127, 0.00266876886599, -0.00511732511222, 0.00183865765575, -0.000569718540646, -0.00102544447873, -0.00302121508867, 0.0115716261789, -0.00335659808479], [1.44498762893e-05, -0.000232189137023, -0.00051470316248, 0.00257151434198, -0.000576927501243, -0.00290968292393, 0.00217238767073, -0.00211728946306, -0.000437554321252, 0.00024887296604, -0.00121254613623, -0.00335659808479, 0.0105207897723]]
    },
    "spectral_contrast_coeffs": {
        "mean": [-0.718586742878, -0.712132811546, -0.718013525009, -0.771303713322, -0.77336281538, -0.782050073147],
        "stdev": [0.0812931954861, 0.0737813860178, 0.0767297074199, 0.0601772107184, 0.0593290962279, 0.0453603118658]
    },
    "spectral_contrast_valleys": {
        "mean": [-7.09315299988, -7.06215763092, -7.73286867142, -8.00302600861, -7.80246496201, -9.57075595856],
        "stdev": [1.57934355736, 1.53362870216, 1.52275371552, 1.499330163, 1.55506944656, 1.62146902084]
    }
},
"rhythm": {
    "beats_count": 455,
    "beats_loudness": {
        "mean": 0.0474101193249,
        "stdev": 0.0479293689132
    },
    "bpm": 136.925201416,
    "bpm_histogram_first_peak_bpm": 136,
    "bpm_histogram_first_peak_weight": 0.279342710972,
    "bpm_histogram_second_peak_bpm": 112,
    "bpm_histogram_second_peak_spread": 0.25,
    "bpm_histogram_second_peak_weight": 0.0198237877339,
    "danceability": 1.67113649845,
    "onset_rate": 4.34008312225,
    "beats_loudness_band_ratio": {
        "mean": [0.378401488066, 0.115021631122, 0.155351728201, 0.117088787258, 0.0583504997194, 0.195612415671],
        "stdev": [0.240362092853, 0.0954687148333, 0.122800387442, 0.106394186616, 0.0452638231218, 0.128927528858]
    },
    "beats_position": [0.522448956966, 0.952018141747, 1.369977355, 1.78793644905, 2.21750569344, 2.6470746994, 3.08825397491, 3.52943301201, 3.97061228752, 4.40018129349, 4.841360569, 5.27092981339, 5.71210861206, 6.15328788757, 6.59446716309, 7.02403593063, 7.45360517502, 7.89478445053, 8.33596324921, 8.77714252472, 9.21832180023, 9.65950107574, 10.1006803513, 10.5418596268, 10.9714279175, 11.4009971619, 11.8421764374, 12.2833557129, 12.7245349884, 13.1657142639, 13.5952835083, 14.0364627838, 14.4660310745, 14.90721035, 15.3483896255, 15.7895689011, 16.2307472229, 16.6719264984, 17.1014957428, 17.5426750183, 17.9722442627, 18.4134235382, 18.8546028137, 19.2957820892, 19.7369613647, 20.1665306091, 20.5960998535, 21.037279129, 21.4784584045, 21.9196376801, 22.3608150482, 22.8019943237, 23.2431735992, 23.6727428436, 24.102312088, 24.5434913635, 24.984670639, 25.4258499146, 25.8670291901, 26.3082084656, 26.73777771, 27.1673469543, 27.6085262299, 28.0497055054, 28.4908847809, 28.9204521179, 29.3500213623, 29.7912006378, 30.2323799133, 30.6735591888, 31.1147384644, 31.5559177399, 31.9970970154, 32.4382743835, 32.8678436279, 33.2974128723, 33.7385940552, 34.1797714233, 34.6209526062, 35.0737419128, 35.5265312195, 35.9909286499, 36.455329895, 36.9313354492, 37.4189567566, 37.8949661255, 38.3361434937, 38.7773246765, 39.2185020447, 39.6596832275, 40.0892524719, 40.5188217163, 40.9599990845, 41.4011802673, 41.8423576355, 42.2835350037, 42.7247161865, 43.1658935547, 43.6070747375, 44.0366439819, 44.4662132263, 44.9073905945, 45.3485717773, 45.7897491455, 46.2309303284, 46.6721076965, 47.1132888794, 47.5428581238, 47.9724235535, 48.4136047363, 48.8547821045, 49.2959632874, 49.7371406555, 50.1783218384, 50.6078910828, 51.0374603271, 51.4786376953, 51.9198188782, 52.3609962463, 52.8021774292, 53.2433547974, 53.6729240417, 54.1024932861, 54.5436706543, 54.9848518372, 55.4260292053, 55.8672103882, 56.2967796326, 56.726348877, 57.1675262451, 57.608707428, 58.0498847961, 58.491065979, 58.9322433472, 59.37342453, 59.8029937744, 60.2325630188, 60.673740387, 61.1149177551, 61.556098938, 61.9972763062, 62.438457489, 62.8680267334, 63.2975959778, 63.7387733459, 64.1799545288, 64.621131897, 65.0623092651, 65.4918823242, 65.9214477539, 66.3626327515, 66.8038101196, 67.2449874878, 67.686164856, 68.1273422241, 68.5685272217, 68.9980926514, 69.4276657104, 69.8688430786, 70.3100204468, 70.7511978149, 71.1923828125, 71.6335601807, 72.0631256104, 72.4926986694, 72.9338760376, 73.3750534058, 73.8162307739, 74.245803833, 74.6753692627, 75.1165542603, 75.5577316284, 75.9989089966, 76.4400863647, 76.8812713623, 77.3224487305, 77.7636260986, 78.1931991577, 78.6227645874, 79.0639419556, 79.5051269531, 79.9463043213, 80.3874816895, 80.8286590576, 81.2698364258, 81.7110214233, 82.140586853, 82.5701599121, 83.0113372803, 83.4525146484, 83.8936920166, 84.3348770142, 84.7644424438, 85.1940155029, 85.6351928711, 86.0763702393, 86.5175476074, 86.9587249756, 87.3999099731, 87.8294754028, 88.2590484619, 88.7002258301, 89.1414031982, 89.5825805664, 90.023765564, 90.4533309937, 90.8829040527, 91.3240814209, 91.7652587891, 92.2064361572, 92.6476211548, 93.0887985229, 93.5299758911, 93.9711532593, 94.4007263184, 94.830291748, 95.2714691162, 95.7126541138, 96.1538314819, 96.5950088501, 97.0361862183, 97.4657592773, 97.895324707, 98.3365097046, 98.7776870728, 99.2188644409, 99.6600418091, 100.101219177, 100.530792236, 100.960357666, 101.401542664, 101.842720032, 102.2838974, 102.725074768, 103.166259766, 103.607437134, 104.037002563, 104.466575623, 104.907752991, 105.348930359, 105.790107727, 106.219680786, 106.660858154, 107.090431213, 107.531608582, 107.97278595, 108.413963318, 108.855148315, 109.296325684, 109.725891113, 110.155464172, 110.596641541, 111.037818909, 111.479003906, 111.920181274, 112.361358643, 112.790924072, 113.220497131, 113.6616745, 114.102851868, 114.544036865, 114.985214233, 115.426391602, 115.86756897, 116.297142029, 116.726707458, 117.167892456, 117.609069824, 118.050247192, 118.491424561, 118.932601929, 119.362174988, 119.791740417, 120.232925415, 120.674102783, 121.115280151, 121.55645752, 121.986030579, 122.415596008, 122.856781006, 123.297958374, 123.739135742, 124.18031311, 124.621498108, 125.062675476, 125.492240906, 125.921813965, 126.362991333, 126.804168701, 127.245346069, 127.686531067, 128.127700806, 128.568893433, 129.021682739, 129.474472046, 129.938858032, 130.403259277, 130.983764648, 131.564254761, 132.121536255, 132.678817749, 133.224487305, 133.758544922, 134.292602539, 134.826660156, 135.360717773, 135.894775391, 136.428848267, 136.962905884, 137.496963501, 138.031021118, 138.495422363, 138.959823608, 139.435821533, 139.900222778, 140.341400146, 140.794189453, 141.235366821, 141.688156128, 142.129333496, 142.570526123, 143.011703491, 143.452880859, 143.894058228, 144.335235596, 144.764801025, 145.194366455, 145.635559082, 146.07673645, 146.517913818, 146.959091187, 147.388656616, 147.818222046, 148.259414673, 148.700592041, 149.141769409, 149.582946777, 150.024124146, 150.465301514, 150.894866943, 151.324447632, 151.765625, 152.206802368, 152.647979736, 153.089157104, 153.530334473, 153.959899902, 154.389480591, 154.830657959, 155.271835327, 155.713012695, 156.154190063, 156.595367432, 157.024932861, 157.45451355, 157.895690918, 158.336868286, 158.778045654, 159.219223022, 159.660400391, 160.089981079, 160.519546509, 160.960723877, 161.401901245, 161.843078613, 162.284255981, 162.72543335, 163.155014038, 163.584579468, 164.025756836, 164.466934204, 164.908111572, 165.34928894, 165.790466309, 166.220046997, 166.649612427, 167.090789795, 167.531967163, 167.973144531, 168.414321899, 168.843902588, 169.273468018, 169.714645386, 170.155822754, 170.597000122, 171.03817749, 171.479354858, 171.920547485, 172.361724854, 172.791290283, 173.220855713, 173.662033081, 174.103210449, 174.544403076, 174.985580444, 175.426757812, 175.856323242, 176.285888672, 176.72706604, 177.168243408, 177.609436035, 178.050613403, 178.491790771, 178.921356201, 179.350921631, 179.792098999, 180.233291626, 180.674468994, 181.115646362, 181.545211792, 181.98638916, 182.41595459, 182.857131958, 183.298324585, 183.739501953, 184.180679321, 184.621856689, 185.051422119, 185.480987549, 185.922180176, 186.363357544, 186.804534912, 187.24571228, 187.686889648, 188.128067017, 188.546035767, 188.987213135, 189.428390503, 189.869567871, 190.310745239, 190.751922607, 191.181488037, 191.611068726, 192.052246094, 192.493423462, 192.93460083, 193.375778198, 193.816955566, 194.258132935, 194.687713623, 195.117279053, 195.558456421, 195.999633789, 196.440811157, 196.881988525, 197.323165894, 197.764343262, 198.19392395, 198.635101318, 199.064666748, 199.505844116, 199.947021484, 200.388198853, 200.829391479, 201.270568848],
    "bpm_histogram": [0, 0, 0, 0, 0, 0, 0, 0, 0, 0, 0, 0, 0, 0, 0, 0, 0, 0, 0, 0, 0, 0, 0, 0, 0, 0, 0, 0, 0, 0, 0, 0, 0, 0, 0, 0, 0, 0, 0, 0, 0, 0, 0, 0, 0, 0, 0, 0, 0, 0, 0, 0, 0, 0, 0, 0, 0, 0, 0, 0, 0, 0, 0, 0, 0, 0, 0, 0, 0, 0, 0, 0, 0, 0, 0, 0, 0, 0, 0, 0, 0, 0, 0, 0, 0, 0, 0, 0, 0, 0, 0, 0, 0, 0, 0, 0, 0, 0, 0, 0, 0, 0, 0, 0.00440528616309, 0, 0, 0, 0, 0.00440528616309, 0, 0.00220264308155, 0, 0.0198237877339, 0, 0, 0, 0, 0, 0, 0, 0, 0, 0, 0.00220264308155, 0, 0, 0.0066079297103, 0, 0, 0.0154185025021, 0, 0, 0, 0.0132158594206, 0, 0, 0.676211476326, 0, 0, 0, 0.248898684978, 0, 0, 0, 0.0066079297103, 0, 0, 0, 0, 0, 0, 0, 0, 0, 0, 0, 0, 0, 0, 0, 0, 0, 0, 0, 0, 0, 0, 0, 0, 0, 0, 0, 0, 0, 0, 0, 0, 0, 0, 0, 0, 0, 0, 0, 0, 0, 0, 0, 0, 0, 0, 0, 0, 0, 0, 0, 0, 0, 0, 0, 0, 0, 0, 0, 0, 0, 0, 0, 0, 0, 0, 0, 0, 0, 0, 0, 0, 0, 0, 0, 0, 0, 0, 0, 0, 0, 0, 0, 0, 0, 0, 0, 0, 0, 0, 0, 0, 0, 0, 0, 0, 0, 0, 0, 0, 0, 0, 0, 0, 0]
},
"tonal": {
    "chords_changes_rate": 0.0455486550927,
    "chords_number_rate": 0.00115021853708,
    "chords_strength": {
        "mean": 0.603228390217,
        "stdev": 0.101083792746
    },
    "hpcp_crest": {
        "mean": 15.5972080231,
        "stdev": 7.37876701355
    },
    "hpcp_entropy": {
        "mean": 1.71692585945,
        "stdev": 0.727310538292
    },
    "key_edma": {
        "strength": 0.794981658459,
        "key": "A#",
        "scale": "major"
    },
    "key_krumhansl": {
        "strength": 0.790438890457,
        "key": "A#",
        "scale": "major"
    },
    "key_temperley": {
        "strength": 0.780894517899,
        "key": "A#",
        "scale": "major"
    },
    "tuning_diatonic_strength": 0.670479476452,
    "tuning_equal_tempered_deviation": 0.10663882643,
    "tuning_frequency": 436.960693359,
    "tuning_nontempered_energy_ratio": 0.740026772022,
    "hpcp": {
        "mean": [0.212642207742, 0.185648322105, 0.137919902802, 0.226595684886, 0.176802888513, 0.0558632314205, 0.0428575836122, 0.0430917814374, 0.0629176869988, 0.10029219836, 0.0817998573184, 0.042573556304, 0.0372302308679, 0.043307710439, 0.0828405022621, 0.130409568548, 0.102852836251, 0.0506010204554, 0.0335857383907, 0.0239147376269, 0.0253917034715, 0.0394713282585, 0.0492362082005, 0.149082809687, 0.313357174397, 0.227825373411, 0.0589736029506, 0.0354216657579, 0.03218062222, 0.0603124424815, 0.120259605348, 0.116885527968, 0.101547792554, 0.130176946521, 0.116253271699, 0.12717564404],
        "stdev": [0.311865329742, 0.28074991703, 0.251075029373, 0.354439884424, 0.296952724457, 0.158519461751, 0.146273702383, 0.146486580372, 0.163950502872, 0.21529443562, 0.180717423558, 0.135955289006, 0.132919117808, 0.146993249655, 0.198480054736, 0.267676889896, 0.220115631819, 0.13884755969, 0.117871150374, 0.102071836591, 0.0946322754025, 0.120146565139, 0.140423774719, 0.220411762595, 0.372702151537, 0.279227554798, 0.147621050477, 0.120124593377, 0.117437832057, 0.151235252619, 0.256187200546, 0.242076486349, 0.229377284646, 0.292466938496, 0.263820976019, 0.241190552711]
    },
    "chords_histogram": [24.1545886993, 20.7039337158, 34.161491394, 0, 0.0460087433457, 0.0920174866915, 0.253048092127, 0, 0, 0, 0, 0, 0, 0, 0, 0, 0, 7.98251676559, 0, 0.805152952671, 0, 0.414078682661, 0.506096184254, 10.881067276],
    "thpcp": [1, 0.727046906948, 0.188199311495, 0.113039270043, 0.102696299553, 0.19247187674, 0.383778035641, 0.373010545969, 0.324064046144, 0.41542673111, 0.370992839336, 0.405848830938, 0.678593695164, 0.59244954586, 0.440136402845, 0.72312271595, 0.56422162056, 0.17827335, 0.136769115925, 0.137516498566, 0.200785845518, 0.320057123899, 0.261043518782, 0.135862708092, 0.118810847402, 0.138205587864, 0.264364480972, 0.416169077158, 0.328228771687, 0.161480337381, 0.107180371881, 0.0763178244233, 0.0810311883688, 0.125962734222, 0.157124876976, 0.475760012865],
    "chords_key": "F",
    "chords_scale": "major"
}
}