{
"metadata": {
    "version": {
        "essentia": "2.1-dev",
        "essentia_git_sha": "v2.1_beta3-415-gd5473f3",
        "extractor": "music 2.0"
    },
    "audio_properties": {
        "analysis": {
            "equal_loudness": 0,
            "length": 399.882446289,
            "sample_rate": 44100,
            "start_time": 0,
            "downmix": "mix"
        },
        "bit_rate": 192000,
        "length": 399.882446289,
        "lossless": 0,
        "number_channels": 2,
        "replay_gain": -8.05420303345,
        "sample_rate": 44100,
        "codec": "mp3",
        "md5_encoded": "e5cdeb163f931ed90500ba478a89530f"
    },
    "tags": {
        "file_name": "dj_jamx-keep_it_that_way.mp3",
        "album": ["Pioneer the Album vol.2"],
        "artist": ["Progressive"],
        "genre": ["Other"],
        "title": ["Dj JamX - Keep It That Way Pt. 2 (Dj Gert Rmx)"]
    }
},
"lowlevel": {
    "average_loudness": 0.907123684883,
    "barkbands_crest": {
        "mean": 14.127076149,
        "stdev": 6.86580514908
    },
    "barkbands_flatness_db": {
        "mean": 0.222654759884,
        "stdev": 0.166714787483
    },
    "barkbands_kurtosis": {
        "mean": 26.290014267,
        "stdev": 112.315162659
    },
    "barkbands_skewness": {
        "mean": 2.76624155045,
        "stdev": 3.14419722557
    },
    "barkbands_spread": {
        "mean": 24.9395217896,
        "stdev": 26.1876583099
    },
    "dissonance": {
        "mean": 0.445194810629,
        "stdev": 0.0725789815187
    },
    "dynamic_complexity": 3.67875695229,
    "erbbands_crest": {
        "mean": 11.13276577,
        "stdev": 7.87499189377
    },
    "erbbands_flatness_db": {
        "mean": 0.186940640211,
        "stdev": 0.121643446386
    },
    "erbbands_kurtosis": {
        "mean": 5.88503694534,
        "stdev": 22.1619815826
    },
    "erbbands_skewness": {
        "mean": 0.871387183666,
        "stdev": 1.70385408401
    },
    "erbbands_spread": {
        "mean": 50.0232276917,
        "stdev": 35.5580940247
    },
    "hfc": {
        "mean": 33.8460617065,
        "stdev": 45.8413543701
    },
    "loudness_ebu128": {
        "integrated": -14.3111438751,
        "loudness_range": 6.03498744965,
        "momentary": {
            "mean": -17.561832428,
            "stdev": 22.4161815643
        },
        "short_term": {
            "mean": -15.6129655838,
            "stdev": 4.81950521469
        }
    },
    "melbands_crest": {
        "mean": 19.8626289368,
        "stdev": 8.24603748322
    },
    "melbands_flatness_db": {
        "mean": 0.30067011714,
        "stdev": 0.1999001652
    },
    "melbands_kurtosis": {
        "mean": 43.7374763489,
        "stdev": 67.4074859619
    },
    "melbands_skewness": {
        "mean": 4.29965353012,
        "stdev": 3.1003100872
    },
    "melbands_spread": {
        "mean": 19.4718608856,
        "stdev": 26.8524837494
    },
    "pitch_salience": {
        "mean": 0.47330108285,
        "stdev": 0.229002594948
    },
    "silence_rate_20dB": {
        "mean": 1,
        "stdev": 0
    },
    "silence_rate_30dB": {
        "mean": 0.954305291176,
        "stdev": 0.208797678351
    },
    "silence_rate_60dB": {
        "mean": 0.127561986446,
        "stdev": 0.333575427532
    },
    "spectral_centroid": {
        "mean": 1127.8614502,
        "stdev": 1178.94006348
    },
    "spectral_complexity": {
        "mean": 14.0960922241,
        "stdev": 11.8202228546
    },
    "spectral_decrease": {
        "mean": -1.04251753896e-08,
        "stdev": 9.20028764284e-09
    },
    "spectral_energy": {
        "mean": 0.0424168296158,
        "stdev": 0.0355813205242
    },
    "spectral_energyband_high": {
        "mean": 0.0026491547469,
        "stdev": 0.00437296135351
    },
    "spectral_energyband_low": {
        "mean": 0.024564601481,
        "stdev": 0.0324963480234
    },
    "spectral_energyband_middle_high": {
        "mean": 0.00196076300927,
        "stdev": 0.00266956933774
    },
    "spectral_energyband_middle_low": {
        "mean": 0.0149695128202,
        "stdev": 0.0194860175252
    },
    "spectral_entropy": {
        "mean": 7.23684978485,
        "stdev": 1.39694499969
    },
    "spectral_flux": {
        "mean": 0.104720830917,
        "stdev": 0.0800612270832
    },
    "spectral_kurtosis": {
        "mean": 24.5951576233,
        "stdev": 55.0485916138
    },
    "spectral_rms": {
        "mean": 0.00564190838486,
        "stdev": 0.00309048872441
    },
    "spectral_rolloff": {
        "mean": 2500.85766602,
        "stdev": 3727.54638672
    },
    "spectral_skewness": {
        "mean": 2.72606945038,
        "stdev": 3.12047576904
    },
    "spectral_spread": {
        "mean": 6183796,
        "stdev": 4867500
    },
    "spectral_strongpeak": {
        "mean": 0.742288053036,
        "stdev": 0.664994359016
    },
    "zerocrossingrate": {
        "mean": 0.0787531360984,
        "stdev": 0.0870941951871
    },
    "barkbands": {
        "mean": [0.000472749379696, 0.0179608333856, 0.00446043489501, 0.00241466774605, 0.00451039196923, 0.00609158258885, 0.000933670671657, 0.000452621025033, 0.00046448330977, 0.000344929547282, 0.000243916510954, 0.000260614004219, 0.000214528146898, 0.000156906127813, 0.0001584184065, 0.000152592911036, 0.000136764123454, 0.000125099904835, 0.000142922101077, 0.000154498033226, 0.000210386395338, 0.000247415417107, 0.000397921161493, 0.000590953743085, 0.000560694432352, 0.000528680218849, 2.78342813544e-05],
        "stdev": [0.000868754112162, 0.0260944757611, 0.0151938190684, 0.00683506857604, 0.00839354563504, 0.0111235454679, 0.00352305849083, 0.000779664260335, 0.000731013133191, 0.000587769784033, 0.000398997566663, 0.000541128218174, 0.00035642561852, 0.000269175419817, 0.000274142803391, 0.000386790634366, 0.000301156193018, 0.000270251126494, 0.000270667951554, 0.000257944746409, 0.000354966061423, 0.000410098786233, 0.000705665850546, 0.00114560557995, 0.00105182046536, 0.0011251042597, 6.80002922309e-05]
    },
    "erbbands": {
        "mean": [0.617872834206, 3.6066699028, 5.22220087051, 7.9907002449, 7.40287780762, 13.4622278214, 56.3184280396, 38.6967277527, 16.4767036438, 11.0099620819, 9.60545635223, 10.8342456818, 10.901140213, 10.4135360718, 11.464550972, 10.9657649994, 9.74721431732, 8.37853908539, 8.7540435791, 8.18290901184, 8.17158794403, 7.62195920944, 6.88086223602, 7.41772079468, 7.0705037117, 7.12064647675, 8.4367685318, 8.27020072937, 8.96967124939, 9.88117408752, 11.1073551178, 12.12682724, 9.82591342926, 6.04908514023, 4.24604654312, 2.349173069, 0.974859535694, 0.15785934031, 0.00338016450405, 0.000157532136654],
        "stdev": [1.00780403614, 5.39616203308, 15.083741188, 21.1782112122, 21.9065818787, 26.1005496979, 108.693183899, 88.3409729004, 62.3933906555, 24.2534427643, 15.9968214035, 17.776266098, 18.6314926147, 17.2717266083, 19.4225311279, 21.7692089081, 16.271900177, 13.6766843796, 14.7479906082, 15.662229538, 20.2215366364, 16.4963512421, 13.9541358948, 16.3280830383, 11.9968566895, 12.2413740158, 14.5822696686, 13.6927642822, 15.3458156586, 16.6718063354, 19.5712337494, 24.5170764923, 18.6435775757, 11.3157014847, 8.16357421875, 4.73027944565, 2.16946005821, 0.365381240845, 0.00771050900221, 0.00024703895906]
    },
    "gfcc": {
        "mean": [-67.0498504639, 91.4302368164, -80.9227828979, 20.1651229858, -57.7278366089, 5.76912736893, -42.2485580444, -0.0740098804235, -22.3457794189, 3.89549231529, -8.6974773407, 7.8502702713, -1.8337328434],
        "cov": [[31981.3847656, -8449.93652344, -1721.11218262, 1128.33117676, -2518.58837891, 2528.87524414, -882.34765625, 1593.05395508, -1379.85913086, 788.408935547, -1436.85217285, 409.208831787, -1523.09985352], [-8449.93652344, 6364.93896484, 660.539367676, -64.9656982422, 1669.82373047, -1028.57006836, 806.376098633, -706.683410645, 859.596008301, -465.653503418, 790.60949707, -262.736572266, 769.496582031], [-1721.11218262, 660.539367676, 2464.85644531, 60.7425956726, 772.420654297, 85.5299911499, 140.666473389, 55.4987640381, 145.750350952, 134.879058838, 183.635299683, 173.478210449, 192.662445068], [1128.33117676, -64.9656982422, 60.7425956726, 721.342834473, 235.148712158, 280.984619141, 273.922729492, 118.111579895, 173.505981445, 58.3253479004, 78.3057098389, -2.63047337532, 12.4146728516], [-2518.58837891, 1669.82373047, 772.420654297, 235.148712158, 1072.24963379, -28.4439182281, 488.539306641, -25.2341213226, 351.28012085, -6.58488368988, 266.5597229, -7.10902643204, 230.21673584], [2528.87524414, -1028.57006836, 85.5299911499, 280.984619141, -28.4439182281, 661.985107422, 150.299514771, 311.416015625, -64.6863861084, 141.448165894, -145.414428711, 41.2101554871, -197.32572937], [-882.34765625, 806.376098633, 140.666473389, 273.922729492, 488.539306641, 150.299514771, 462.042510986, 74.1278305054, 261.066345215, 10.4541873932, 147.155014038, -32.9461402893, 83.9832992554], [1593.05395508, -706.683410645, 55.4987640381, 118.111579895, -25.2341213226, 311.416015625, 74.1278305054, 280.963287354, -11.6717185974, 132.933349609, -78.1580886841, 50.4257049561, -120.16796875], [-1379.85913086, 859.596008301, 145.750350952, 173.505981445, 351.28012085, -64.6863861084, 261.066345215, -11.6717185974, 302.405181885, 27.9117183685, 215.327682495, 5.90522098541, 162.622421265], [788.408935547, -465.653503418, 134.879058838, 58.3253479004, -6.58488368988, 141.448165894, 10.4541873932, 132.933349609, 27.9117183685, 166.812576294, 29.0734844208, 97.0488128662, -7.79164457321], [-1436.85217285, 790.60949707, 183.635299683, 78.3057098389, 266.5597229, -145.414428711, 147.155014038, -78.1580886841, 215.327682495, 29.0734844208, 260.958862305, 57.2133979797, 196.685928345], [409.208831787, -262.736572266, 173.478210449, -2.63047337532, -7.10902643204, 41.2101554871, -32.9461402893, 50.4257049561, 5.90522098541, 97.0488128662, 57.2133979797, 123.35269165, 47.2232971191], [-1523.09985352, 769.496582031, 192.662445068, 12.4146728516, 230.21673584, -197.32572937, 83.9832992554, -120.16796875, 162.622421265, -7.79164457321, 196.685928345, 47.2232971191, 226.203308105]],
        "icov": [[0.000104127750092, -0.000155988105689, 6.3363040681e-05, -0.000306875095703, 0.000166342812008, -0.000104538434243, 0.000123589750729, -0.000241135901888, 0.00030997331487, -0.00030706464895, 0.000426564191002, -0.000682554964442, 0.000298334343825], [-0.000155988105689, 0.00130180281121, -0.000148159364471, 0.00105500058271, -0.00099534727633, 0.000320895545883, -0.000537119747605, 0.000749891973101, -0.00133823545184, 0.00225119967945, -0.00212610233575, 0.00263818399981, -0.00118222879246], [6.3363040681e-05, -0.000148159364471, 0.000725525780581, -0.000155484900461, -0.000652575399727, -0.000357630487997, 0.000751443381887, -0.000205839984119, 0.00023513250926, -0.00029763719067, 0.000424229947384, -0.0011475723004, -2.35173938563e-05], [-0.000306875095703, 0.00105500058271, -0.000155484900461, 0.00344717060216, -0.000926048320252, -0.000882879190613, -0.000651532725897, 0.00111477286555, -0.00257470924407, 0.0020398478955, -0.00251660193317, 0.00335079361685, -0.00129556609318], [0.000166342812008, -0.00099534727633, -0.000652575399727, -0.000926048320252, 0.00389219657518, 0.00028076703893, -0.00258490256965, -0.000557499646675, 0.00113208906259, -0.00177175411955, 0.00176309922244, -0.0015766088618, -1.89514285012e-05], [-0.000104538434243, 0.000320895545883, -0.000357630487997, -0.000882879190613, 0.00028076703893, 0.00564332026988, -0.00365900201723, -0.00166140939109, 0.00171417475212, -0.000956093834247, 0.00098963000346, -0.00112283567432, 0.00177919131238], [0.000123589750729, -0.000537119747605, 0.000751443381887, -0.000651532725897, -0.00258490256965, -0.00365900201723, 0.0109009239823, -0.00278490432538, -0.00452855974436, 0.00214575883001, -0.00138401112054, 0.00160603818949, 0.000164998316905], [-0.000241135901888, 0.000749891973101, -0.000205839984119, 0.00111477286555, -0.000557499646675, -0.00166140939109, -0.00278490432538, 0.0146746952087, -0.00520901475102, -0.0049273497425, 0.00355313415639, -0.00294050364755, 0.00498686172068], [0.00030997331487, -0.00133823545184, 0.00023513250926, -0.00257470924407, 0.00113208906259, 0.00171417475212, -0.00452855974436, -0.00520901475102, 0.020400872454, -0.0071354098618, -0.0069231861271, 0.00561467790976, -0.00422692159191], [-0.00030706464895, 0.00225119967945, -0.00029763719067, 0.0020398478955, -0.00177175411955, -0.000956093834247, 0.00214575883001, -0.0049273497425, -0.0071354098618, 0.0241921860725, -0.006156320218, -0.00704613653943, 0.000757834757678], [0.000426564191002, -0.00212610233575, 0.000424229947384, -0.00251660193317, 0.00176309922244, 0.00098963000346, -0.00138401112054, 0.00355313415639, -0.0069231861271, -0.006156320218, 0.0255280639976, -0.0141106760129, -0.00313404691406], [-0.000682554964442, 0.00263818399981, -0.0011475723004, 0.00335079361685, -0.0015766088618, -0.00112283567432, 0.00160603818949, -0.00294050364755, 0.00561467790976, -0.00704613653943, -0.0141106760129, 0.0367687605321, -0.0139960795641], [0.000298334343825, -0.00118222879246, -2.35173938563e-05, -0.00129556609318, -1.89514285012e-05, 0.00177919131238, 0.000164998316905, 0.00498686172068, -0.00422692159191, 0.000757834757678, -0.00313404691406, -0.0139960795641, 0.0234136153013]]
    },
    "melbands": {
        "mean": [0.00524943321943, 0.00348733202554, 0.00131862831768, 0.00065258750692, 0.00165329512674, 0.000900044571608, 0.000232618316659, 0.000112054127385, 7.50114340917e-05, 6.80759476381e-05, 5.4037431255e-05, 4.20619799115e-05, 3.63409162674e-05, 3.28608985001e-05, 2.37346139329e-05, 1.93249579752e-05, 1.51805688802e-05, 1.42656126627e-05, 1.12122970677e-05, 1.10666751425e-05, 9.2070977189e-06, 8.04266164778e-06, 6.70372583045e-06, 5.88787406741e-06, 6.05876584814e-06, 5.11236157763e-06, 5.01452495882e-06, 4.66067558591e-06, 5.01143722431e-06, 5.55828273718e-06, 4.48464470537e-06, 5.1256106417e-06, 4.71266866953e-06, 5.83855990044e-06, 5.97555981585e-06, 7.3958080975e-06, 7.44748922443e-06, 6.90243768986e-06, 6.17356408839e-06, 4.7152816478e-06],
        "stdev": [0.00789973512292, 0.00668160198256, 0.00336508313194, 0.00174208835233, 0.00305247912183, 0.0019128122367, 0.000861998880282, 0.000227891563554, 0.000121826771647, 0.000112733985588, 9.37380318646e-05, 7.25048303138e-05, 6.09830058238e-05, 6.58315257169e-05, 4.45372934337e-05, 3.13278687827e-05, 2.62332087004e-05, 2.47959560511e-05, 1.96404107555e-05, 2.75165457424e-05, 2.3717262593e-05, 1.83097399713e-05, 1.34437568704e-05, 1.40691508932e-05, 1.37542174343e-05, 9.38367975323e-06, 8.42084500619e-06, 8.7112048277e-06, 8.88097110874e-06, 9.61906698649e-06, 7.44723593016e-06, 8.92479602044e-06, 7.84582243796e-06, 1.02722742668e-05, 1.02921121652e-05, 1.49435545609e-05, 1.50806517922e-05, 1.31688884721e-05, 1.18147572721e-05, 8.83251323103e-06]
    },
    "melbands128": {
        "mean": [0.000462223251816, 0.00482223276049, 0.00776454852894, 0.00526028173044, 0.00284441607073, 0.00218802527525, 0.0017987024039, 0.000933466595598, 0.000655156967696, 0.000755101093091, 0.000575192156248, 0.00119820307009, 0.0025035396684, 0.00152938102838, 0.00100327527616, 0.000470935920021, 0.000233256490901, 0.000241043991991, 0.000155384404934, 0.00011893716146, 9.34751078603e-05, 8.41997971293e-05, 7.564034604e-05, 5.5745105783e-05, 7.52567502786e-05, 6.78966025589e-05, 6.51363734505e-05, 5.17401786055e-05, 4.28707098763e-05, 5.43273745279e-05, 3.63663966709e-05, 2.85238656943e-05, 4.09132480854e-05, 3.87375621358e-05, 3.07728005282e-05, 3.64938023267e-05, 2.76071623375e-05, 1.84154214367e-05, 2.77765448118e-05, 2.03831677936e-05, 1.67892812897e-05, 1.85289609362e-05, 1.26984296003e-05, 1.63868189702e-05, 1.39948442666e-05, 1.40769579957e-05, 1.47364407894e-05, 9.77966556093e-06, 1.08565436676e-05, 1.0834157365e-05, 1.1714176253e-05, 1.06308934846e-05, 8.84418386704e-06, 9.17061606742e-06, 8.69480845722e-06, 7.87730368756e-06, 7.45992474549e-06, 7.25484323993e-06, 6.18367539573e-06, 6.25045913694e-06, 5.46663477508e-06, 5.92786727793e-06, 6.55559915685e-06, 6.11543464402e-06, 5.33858928975e-06, 4.98465851706e-06, 4.98813733429e-06, 5.21208085047e-06, 5.25158748133e-06, 4.48419677923e-06, 4.2693773139e-06, 4.99993302583e-06, 5.08428502144e-06, 4.69045562568e-06, 5.18950582773e-06, 6.35584137854e-06, 5.27201382283e-06, 4.63362584924e-06, 4.11184373661e-06, 4.73619547847e-06, 4.93918378197e-06, 5.69957728658e-06, 4.72493229609e-06, 4.46831381851e-06, 4.45888372269e-06, 6.21607796347e-06, 6.16171473666e-06, 5.5722189245e-06, 5.91918433201e-06, 6.40117013972e-06, 6.5130961957e-06, 8.56581937114e-06, 6.93430956744e-06, 7.81594280852e-06, 7.3449532465e-06, 6.97297127772e-06, 6.61491048959e-06, 7.26365396986e-06, 6.37929497316e-06, 5.76565980737e-06, 4.7895773605e-06, 4.65397988592e-06, 4.09971335102e-06, 5.19047807757e-06, 5.02420380144e-06, 4.96305847264e-06, 4.05366472478e-06, 4.41059137302e-06, 4.23782739745e-06, 3.73318607672e-06, 3.39905886904e-06, 3.71266037291e-06, 3.28433088725e-06, 2.69313750323e-06, 2.05626315619e-06, 1.85944804798e-06, 1.12427983368e-06, 9.43120141983e-08, 1.36320746358e-11, 7.58916540722e-12, 7.17106408976e-12, 6.88091207277e-12, 6.64616712359e-12, 6.47150605673e-12, 6.33224852761e-12, 6.23480303844e-12, 6.16510835438e-12, 6.11377441728e-12],
        "stdev": [0.000864414905664, 0.00862286239862, 0.0122560737655, 0.00873904488981, 0.00816678069532, 0.00732698012143, 0.0049956087023, 0.00286526978016, 0.00246382830665, 0.00225467304699, 0.00156693835743, 0.00229639513418, 0.00526501284912, 0.00361908785999, 0.00284714158624, 0.00141642102972, 0.00163216609508, 0.000876239326317, 0.000526785617694, 0.000280011561699, 0.000223482653382, 0.000166925616213, 0.000156078473083, 0.000116747462016, 0.00015883136075, 0.000146632257383, 0.000133730805828, 0.000109814747702, 8.41417713673e-05, 0.000113108457299, 6.9976937084e-05, 5.3398172895e-05, 7.79533074819e-05, 7.87260578363e-05, 7.04512785887e-05, 8.38367923279e-05, 5.97044199822e-05, 4.10519605794e-05, 5.74244950258e-05, 3.76664866053e-05, 3.60364756489e-05, 3.33609714289e-05, 2.94058663712e-05, 3.19913269777e-05, 2.76744322036e-05, 3.10746690957e-05, 2.89464896923e-05, 1.98191355594e-05, 2.32806069107e-05, 2.48635624303e-05, 3.62765167665e-05, 3.61275124305e-05, 2.73712703347e-05, 2.62370122073e-05, 2.21833361138e-05, 2.05139022e-05, 2.02853389055e-05, 1.73157823156e-05, 1.32780496642e-05, 1.40365627885e-05, 1.42772560139e-05, 1.89263628272e-05, 1.82540861715e-05, 1.37634524435e-05, 1.14723616207e-05, 1.03060856418e-05, 9.66022798821e-06, 9.92479817796e-06, 9.97570987238e-06, 8.49142361403e-06, 9.74713384494e-06, 1.15556476885e-05, 9.16019598662e-06, 9.00945633475e-06, 1.09724842332e-05, 1.189089744e-05, 9.49953118834e-06, 9.04047465156e-06, 6.97892755852e-06, 8.40869597596e-06, 8.64879166329e-06, 1.15431021186e-05, 9.14696829568e-06, 7.58355736252e-06, 7.71264421928e-06, 1.21285038404e-05, 1.19208070828e-05, 9.90665193967e-06, 1.05446069938e-05, 1.20196982607e-05, 1.33013172672e-05, 1.83218198799e-05, 1.63457443705e-05, 1.81249979505e-05, 1.44099522004e-05, 1.31327096824e-05, 1.36968919833e-05, 1.4702774024e-05, 1.26177674247e-05, 1.16632427307e-05, 1.01877358247e-05, 8.88123940967e-06, 7.77329933044e-06, 1.0385270798e-05, 1.07150963231e-05, 1.01996593003e-05, 7.97341181169e-06, 9.0470757641e-06, 9.3121188911e-06, 7.52716550778e-06, 7.54447319196e-06, 8.83877692104e-06, 7.59842896514e-06, 7.04708008925e-06, 4.85581676912e-06, 4.80578773931e-06, 2.75737556876e-06, 2.74560846947e-07, 3.77315956257e-11, 1.19608749988e-11, 1.12828947574e-11, 1.0821801788e-11, 1.0473601153e-11, 1.02065847093e-11, 9.99291187992e-12, 9.83548572447e-12, 9.72199491051e-12, 9.65160850547e-12]
    },
    "mfcc": {
        "mean": [-709.828857422, 121.057861328, 29.8851413727, 16.1649570465, 6.31900310516, 3.8073220253, -4.96793413162, -3.3364841938, -6.38766813278, -4.14525747299, -5.24520587921, -0.985813140869, -0.364437639713],
        "cov": [[21172.9472656, -5640.60107422, -1180.68432617, -1257.37145996, -832.527587891, 33.7954673767, 342.757995605, 495.993041992, 214.528656006, 360.903167725, 122.640182495, 106.664489746, -233.911483765], [-5640.60107422, 4269.44091797, 291.35848999, 802.677185059, 592.586608887, 253.096679688, 125.820899963, 93.8004074097, 114.933685303, -22.2392349243, 81.0596237183, 47.0039978027, 122.493759155], [-1180.68432617, 291.35848999, 1492.08679199, 209.197479248, 406.325775146, 144.955810547, 110.982917786, 9.11703777313, 33.8680877686, -7.51699256897, 22.1657295227, 21.8124847412, 50.0419464111], [-1257.37145996, 802.677185059, 209.197479248, 678.304870605, 314.956695557, 229.889175415, 123.013557434, 121.327987671, 108.730171204, 101.838752747, 91.9179382324, 77.1767654419, 116.491462708], [-832.527587891, 592.586608887, 406.325775146, 314.956695557, 440.496246338, 215.957473755, 176.014755249, 109.490631104, 116.706512451, 63.7511978149, 78.0892410278, 56.0229454041, 86.1038360596], [33.7954673767, 253.096679688, 144.955810547, 229.889175415, 215.957473755, 332.56817627, 221.513305664, 181.272338867, 148.341751099, 111.988304138, 114.197105408, 81.5406417847, 64.5620803833], [342.757995605, 125.820899963, 110.982917786, 123.013557434, 176.014755249, 221.513305664, 257.338012695, 179.837936401, 146.914764404, 105.569007874, 102.231697083, 70.5945892334, 49.0712165833], [495.993041992, 93.8004074097, 9.11703777313, 121.327987671, 109.490631104, 181.272338867, 179.837936401, 207.605789185, 141.265319824, 115.849868774, 104.193778992, 72.0603408813, 41.258895874], [214.528656006, 114.933685303, 33.8680877686, 108.730171204, 116.706512451, 148.341751099, 146.914764404, 141.265319824, 163.534881592, 113.361747742, 87.5589447021, 64.55884552, 46.4859962463], [360.903167725, -22.2392349243, -7.51699256897, 101.838752747, 63.7511978149, 111.988304138, 105.569007874, 115.849868774, 113.361747742, 131.55090332, 94.0335159302, 68.256439209, 51.8754272461], [122.640182495, 81.0596237183, 22.1657295227, 91.9179382324, 78.0892410278, 114.197105408, 102.231697083, 104.193778992, 87.5589447021, 94.0335159302, 118.14679718, 76.9490356445, 54.9783248901], [106.664489746, 47.0039978027, 21.8124847412, 77.1767654419, 56.0229454041, 81.5406417847, 70.5945892334, 72.0603408813, 64.55884552, 68.256439209, 76.9490356445, 86.2523880005, 63.8779830933], [-233.911483765, 122.493759155, 50.0419464111, 116.491462708, 86.1038360596, 64.5620803833, 49.0712165833, 41.258895874, 46.4859962463, 51.8754272461, 54.9783248901, 63.8779830933, 102.050643921]],
        "icov": [[9.42566912272e-05, 0.000105349427031, 4.18750096287e-05, 7.5455303886e-05, -1.27428147607e-05, 2.06750755751e-05, -7.54924913053e-05, -0.000298640894471, 0.000115862036182, -0.000191708924831, 0.000184440505109, -0.000210739555769, 0.00021485958132], [0.000105349427031, 0.000483185373014, 0.000123254256323, -0.000292552722385, -0.000352745963028, 0.000105023616925, 7.75194639573e-05, -0.000368845561752, -0.000364912557416, 0.00086410867516, -0.000310850387905, -9.23808620428e-05, 0.000230298755923], [4.18750096287e-05, 0.000123254256323, 0.000989347230643, 6.25981410849e-05, -0.00116064061876, -6.14278615103e-05, -0.000166633384652, 0.000339924125001, 0.000265996000962, 0.000128341998789, 0.000133426714456, -0.000466295226943, 0.000385859631933], [7.5455303886e-05, -0.000292552722385, 6.25981410849e-05, 0.00323746190406, -0.00138752814382, -0.00143908546306, 0.00140298868064, -0.00100740953349, 0.00141353125218, -0.00274799857289, 0.00129735155497, 0.000104246741103, -0.00139954488259], [-1.27428147607e-05, -0.000352745963028, -0.00116064061876, -0.00138752814382, 0.00666438089684, -0.000964022881817, -0.00240680458955, 0.00110612763092, -0.00231755687855, 0.00213630055077, -0.00110102503095, 0.00238851411268, -0.00268794340082], [2.06750755751e-05, 0.000105023616925, -6.14278615103e-05, -0.00143908546306, -0.000964022881817, 0.00934849865735, -0.0045796232298, -0.00199269363657, -0.000775187509134, 0.00102291023359, -0.00164656201378, -0.000936418422498, 0.000807357137091], [-7.54924913053e-05, 7.75194639573e-05, -0.000166633384652, 0.00140298868064, -0.00240680458955, -0.0045796232298, 0.015438481234, -0.00668730633333, -0.00357643514872, 0.0014991852222, -0.001168360468, 0.000512362166774, -0.00040207215352], [-0.000298640894471, -0.000368845561752, 0.000339924125001, -0.00100740953349, 0.00110612763092, -0.00199269363657, -0.00668730633333, 0.0204713400453, -0.00581817654893, -0.00260546151549, -0.00386707065627, -0.00138307688758, 0.00293174316175], [0.000115862036182, -0.000364912557416, 0.000265996000962, 0.00141353125218, -0.00231755687855, -0.000775187509134, -0.00357643514872, -0.00581817654893, 0.0247104149312, -0.015334171243, 0.00439689541236, -0.00237209186889, 0.00113222608343], [-0.000191708924831, 0.00086410867516, 0.000128341998789, -0.00274799857289, 0.00213630055077, 0.00102291023359, 0.0014991852222, -0.00260546151549, -0.015334171243, 0.0339749604464, -0.0140713742003, 0.000597462931182, -0.00359854381531], [0.000184440505109, -0.000310850387905, 0.000133426714456, 0.00129735155497, -0.00110102503095, -0.00164656201378, -0.001168360468, -0.00386707065627, 0.00439689541236, -0.0140713742003, 0.0326154902577, -0.0173856206238, 0.00180677254684], [-0.000210739555769, -9.23808620428e-05, -0.000466295226943, 0.000104246741103, 0.00238851411268, -0.000936418422498, 0.000512362166774, -0.00138307688758, -0.00237209186889, 0.000597462931182, -0.0173856206238, 0.0416031107306, -0.017270680517], [0.00021485958132, 0.000230298755923, 0.000385859631933, -0.00139954488259, -0.00268794340082, 0.000807357137091, -0.00040207215352, 0.00293174316175, 0.00113222608343, -0.00359854381531, 0.00180677254684, -0.017270680517, 0.0233392678201]]
    },
    "spectral_contrast_coeffs": {
        "mean": [-0.636550545692, -0.766024708748, -0.826499342918, -0.846100389957, -0.834537625313, -0.8041061759],
        "stdev": [0.1092139557, 0.0927269533277, 0.0553032383323, 0.0401225462556, 0.0370505824685, 0.0500326007605]
    },
    "spectral_contrast_valleys": {
        "mean": [-7.3586730957, -7.24597263336, -7.92187404633, -8.32675457001, -8.5380821228, -10.7375946045],
        "stdev": [2.22937488556, 2.09261035919, 2.19973444939, 2.23245000839, 2.46709609032, 2.80186533928]
    }
},
"rhythm": {
    "beats_count": 917,
    "beats_loudness": {
        "mean": 0.0577034391463,
        "stdev": 0.0346026197076
    },
    "bpm": 137.67729187,
    "bpm_histogram_first_peak_bpm": 136,
    "bpm_histogram_first_peak_weight": 0.492957770824,
    "bpm_histogram_second_peak_bpm": 129,
    "bpm_histogram_second_peak_spread": 0.384615361691,
    "bpm_histogram_second_peak_weight": 0.0174672491848,
    "danceability": 1.38370656967,
    "onset_rate": 4.52369785309,
    "beats_loudness_band_ratio": {
        "mean": [0.506723642349, 0.279810190201, 0.0654938444495, 0.0327698290348, 0.022405827418, 0.115439929068],
        "stdev": [0.375354766846, 0.294653296471, 0.102449849248, 0.0461556874216, 0.0434786565602, 0.133889064193]
    },
