{
"metadata": {
    "version": {
        "essentia": "2.1-dev",
        "essentia_git_sha": "v2.1_beta3-415-gd5473f3",
        "extractor": "music 2.0"
    },
    "audio_properties": {
        "analysis": {
            "equal_loudness": 0,
            "length": 252.055511475,
            "sample_rate": 44100,
            "start_time": 0,
            "downmix": "mix"
        },
        "bit_rate": 192000,
        "length": 252.055511475,
        "lossless": 0,
        "number_channels": 2,
        "replay_gain": -7.23218154907,
        "sample_rate": 44100,
        "codec": "mp3",
        "md5_encoded": "712677fc8a7f04eb58752ec868aee05d"
    },
    "tags": {
        "file_name": "eifeel_65-people_of_tomorrow.mp3",
        "album": ["ยก Contact !"],
        "artist": ["Eiffel 65"],
        "genre": ["Other"],
        "title": ["People of tomorrow"]
    }
},
"lowlevel": {
    "average_loudness": 0.940729796886,
    "barkbands_crest": {
        "mean": 12.7748670578,
        "stdev": 6.13770103455
    },
    "barkbands_flatness_db": {
        "mean": 0.162981495261,
        "stdev": 0.0706981867552
    },
    "barkbands_kurtosis": {
        "mean": 6.38940191269,
        "stdev": 19.2567424774
    },
    "barkbands_skewness": {
        "mean": 1.75142836571,
        "stdev": 1.68106400967
    },
    "barkbands_spread": {
        "mean": 19.2299461365,
        "stdev": 11.0457611084
    },
    "dissonance": {
        "mean": 0.462956696749,
        "stdev": 0.0295362882316
    },
    "dynamic_complexity": 2.81312298775,
    "erbbands_crest": {
        "mean": 9.18428230286,
        "stdev": 4.22000551224
    },
    "erbbands_flatness_db": {
        "mean": 0.168972745538,
        "stdev": 0.0556149110198
    },
    "erbbands_kurtosis": {
        "mean": 0.844289600849,
        "stdev": 2.17504405975
    },
    "erbbands_skewness": {
        "mean": 0.057903829962,
        "stdev": 0.738550961018
    },
    "erbbands_spread": {
        "mean": 33.3782081604,
        "stdev": 17.7559700012
    },
    "hfc": {
        "mean": 22.4578533173,
        "stdev": 18.2589149475
    },
    "loudness_ebu128": {
        "integrated": -15.1053237915,
        "loudness_range": 4.20135879517,
        "momentary": {
            "mean": -17.7897758484,
            "stdev": 21.6283969879
        },
        "short_term": {
            "mean": -15.7431306839,
            "stdev": 3.44752025604
        }
    },
    "melbands_crest": {
        "mean": 17.6733570099,
        "stdev": 7.8563580513
    },
    "melbands_flatness_db": {
        "mean": 0.233736306429,
        "stdev": 0.0925135090947
    },
    "melbands_kurtosis": {
        "mean": 17.8823032379,
        "stdev": 33.1576271057
    },
    "melbands_skewness": {
        "mean": 3.00316023827,
        "stdev": 2.22651720047
    },
    "melbands_spread": {
        "mean": 21.4612312317,
        "stdev": 20.3620986938
    },
    "pitch_salience": {
        "mean": 0.466439604759,
        "stdev": 0.173299729824
    },
    "silence_rate_20dB": {
        "mean": 1,
        "stdev": 0
    },
    "silence_rate_30dB": {
        "mean": 0.9151699543,
        "stdev": 0.278635561466
    },
    "silence_rate_60dB": {
        "mean": 0.0454084910452,
        "stdev": 0.208199828863
    },
    "spectral_centroid": {
        "mean": 1485.79931641,
        "stdev": 1058.21289062
    },
    "spectral_complexity": {
        "mean": 18.4697437286,
        "stdev": 8.51049804688
    },
    "spectral_decrease": {
        "mean": -1.26427028846e-08,
        "stdev": 1.02301269678e-08
    },
    "spectral_energy": {
        "mean": 0.0497534275055,
        "stdev": 0.0396147444844
    },
    "spectral_energyband_high": {
        "mean": 0.000810920493677,
        "stdev": 0.00145680957939
    },
    "spectral_energyband_low": {
        "mean": 0.0338063016534,
        "stdev": 0.0340584516525
    },
    "spectral_energyband_middle_high": {
        "mean": 0.00681458739564,
        "stdev": 0.00592381320894
    },
    "spectral_energyband_middle_low": {
        "mean": 0.0105426395312,
        "stdev": 0.0136540336534
    },
    "spectral_entropy": {
        "mean": 7.45215797424,
        "stdev": 0.536092817783
    },
    "spectral_flux": {
        "mean": 0.105034485459,
        "stdev": 0.0727977007627
    },
    "spectral_kurtosis": {
        "mean": 6.5495095253,
        "stdev": 18.7505912781
    },
    "spectral_rms": {
        "mean": 0.00625273538753,
        "stdev": 0.00307299359702
    },
    "spectral_rolloff": {
        "mean": 1272.61303711,
        "stdev": 1946.49121094
    },
    "spectral_skewness": {
        "mean": 1.66005420685,
        "stdev": 0.993017137051
    },
    "spectral_spread": {
        "mean": 4433185,
        "stdev": 3605736.75
    },
    "spectral_strongpeak": {
        "mean": 0.904337882996,
        "stdev": 1.01993334293
    },
    "zerocrossingrate": {
        "mean": 0.0513188689947,
        "stdev": 0.0524575412273
    },
    "barkbands": {
        "mean": [0.000834662117995, 0.0243356227875, 0.00670459819958, 0.00316438963637, 0.00222326582298, 0.00112391507719, 0.000906336179469, 0.00125694216695, 0.00128364900593, 0.00133794406429, 0.00103277515154, 0.00069606397301, 0.000926322827581, 0.000953395443503, 0.000643707287963, 0.000423109857365, 0.00036546413321, 0.000326423702063, 0.000289208983304, 0.000226397067308, 0.000168062993907, 0.000136584014399, 0.000128643412609, 0.000111344437755, 0.000101120189356, 5.20097673871e-05, 1.48332719618e-06],
        "stdev": [0.0012405939633, 0.0298880897462, 0.0141722084954, 0.00786329433322, 0.00391884986311, 0.00240201386623, 0.00208223820664, 0.00299746380188, 0.00366272032261, 0.00308357039467, 0.00170127174351, 0.00112884177361, 0.00181907368824, 0.00153756071813, 0.00126824399922, 0.000745322438888, 0.000472046493087, 0.000467790901894, 0.000413016387029, 0.000319388316711, 0.000266708288109, 0.000318020087434, 0.000344324711477, 0.00033331013401, 0.000256910949247, 0.000131761829834, 3.70044426745e-06]
    },
    "erbbands": {
        "mean": [0.858817517757, 4.80442428589, 7.65343523026, 10.5985679626, 8.35108089447, 6.99099874496, 7.52894163132, 10.1322946548, 12.4808607101, 21.7875137329, 23.6120223999, 31.7952651978, 43.0325508118, 32.9212837219, 39.4979896545, 30.3698883057, 45.2747039795, 47.7967948914, 36.261100769, 30.1593875885, 22.0793952942, 21.1421661377, 19.7505607605, 16.0892353058, 13.3498020172, 10.0045948029, 8.02768135071, 5.72612380981, 5.18712711334, 4.15733337402, 3.55830097198, 2.39075922966, 1.79827260971, 1.26290953159, 0.674305737019, 0.342285096645, 0.0641144365072, 0.00753630232066, 0.000203899748158, 6.46745538688e-05],
        "stdev": [1.21107399464, 6.01280546188, 14.2021379471, 22.8713550568, 18.8067321777, 12.0976457596, 13.7502384186, 23.9132347107, 29.7704906464, 45.2126808167, 54.4572143555, 93.491859436, 94.2268371582, 59.9540557861, 61.7952346802, 42.6590003967, 83.2250366211, 74.8426132202, 50.2146263123, 50.4197120667, 37.3769645691, 26.9563999176, 26.0007171631, 27.0691013336, 17.7237281799, 15.1787748337, 12.7595462799, 9.8946390152, 11.8868570328, 9.31326198578, 9.76599502563, 8.70496463776, 4.91370105743, 3.23070693016, 1.73222661018, 0.958162724972, 0.133404031396, 0.0165003668517, 0.000399042357458, 5.26120420545e-05]
    },
    "gfcc": {
        "mean": [-12.182929039, 98.5423812866, -125.454429626, 32.5443687439, -43.4174766541, 22.068271637, -24.0481109619, 13.3862342834, -18.7118282318, 4.93029737473, -11.4654092789, -1.20181655884, -10.0726032257],
        "cov": [[18906.765625, -294.187652588, -188.190765381, 1304.82250977, -428.731292725, 907.087768555, -736.729797363, 354.954559326, -419.762237549, 336.738006592, -439.095306396, 123.176956177, -258.780090332], [-294.187652588, 1717.63867188, 72.524810791, 3.42322182655, 323.841186523, -187.296707153, 283.950500488, -148.665817261, 186.013275146, -191.727554321, 166.575027466, -145.053939819, 82.8948440552], [-188.190765381, 72.524810791, 1479.95703125, 335.232543945, 188.591751099, 139.783706665, -81.9947357178, 78.5038146973, 16.1709461212, 84.342666626, -59.8017616272, 81.3092346191, -58.1661109924], [1304.82250977, 3.42322182655, 335.232543945, 618.606750488, 195.371734619, 128.780944824, 13.235458374, 44.9260215759, 85.3802719116, 64.7873382568, 16.3594436646, 30.2917919159, -1.41737985611], [-428.731292725, 323.841186523, 188.591751099, 195.371734619, 479.668243408, 92.6872711182, 183.168518066, 40.7410621643, 132.199020386, 36.7299003601, 71.7934188843, 26.6220283508, 41.8762817383], [907.087768555, -187.296707153, 139.783706665, 128.780944824, 92.6872711182, 357.002380371, 68.9128875732, 98.6469268799, 7.26344251633, 83.502204895, 8.5110168457, 31.7596988678, 22.3506507874], [-736.729797363, 283.950500488, -81.9947357178, 13.235458374, 183.168518066, 68.9128875732, 319.116973877, 48.2031173706, 130.171691895, 12.8662567139, 116.241401672, 6.41797018051, 68.1509628296], [354.954559326, -148.665817261, 78.5038146973, 44.9260215759, 40.7410621643, 98.6469268799, 48.2031173706, 183.762359619, 67.2685089111, 74.5128479004, 5.88328409195, 47.9244308472, 18.9259796143], [-419.762237549, 186.013275146, 16.1709461212, 85.3802719116, 132.199020386, 7.26344251633, 130.171691895, 67.2685089111, 224.412078857, 33.830997467, 81.4329910278, 7.55490493774, 61.3028564453], [336.738006592, -191.727554321, 84.342666626, 64.7873382568, 36.7299003601, 83.502204895, 12.8662567139, 74.5128479004, 33.830997467, 149.232849121, 25.1227169037, 59.9592285156, -6.64090490341], [-439.095306396, 166.575027466, -59.8017616272, 16.3594436646, 71.7934188843, 8.5110168457, 116.241401672, 5.88328409195, 81.4329910278, 25.1227169037, 151.657943726, 28.027135849, 54.3521537781], [123.176956177, -145.053939819, 81.3092346191, 30.2917919159, 26.6220283508, 31.7596988678, 6.41797018051, 47.9244308472, 7.55490493774, 59.9592285156, 28.027135849, 121.044029236, 26.2283840179], [-258.780090332, 82.8948440552, -58.1661109924, -1.41737985611, 41.8762817383, 22.3506507874, 68.1509628296, 18.9259796143, 61.3028564453, -6.64090490341, 54.3521537781, 26.2283840179, 121.111366272]],
        "icov": [[0.000192135907128, -0.000462868367322, 0.00032462386298, -0.000529773591552, 0.000379506178433, -0.000620204955339, 0.000569296418689, -0.00048379364307, 0.000328819121933, -0.000462119729491, 0.000593823438976, -0.000585734553169, 0.000284120789729], [-0.000462868367322, 0.00241718697362, -0.00108870258555, 0.0013773686951, -0.00153031630907, 0.00205367896706, -0.0019675665535, 0.00170136790257, -0.00113149534445, 0.0022520115599, -0.0024471716024, 0.00271059456281, -0.000951343972702], [0.00032462386298, -0.00108870258555, 0.00150900438894, -0.0012225714745, 0.000453390850453, -0.00136857829057, 0.00145325995982, -0.00105291826185, 0.000495707499795, -0.000975670816842, 0.00153190724086, -0.0018632641295, 0.00100340007339], [-0.000529773591552, 0.0013773686951, -0.0012225714745, 0.00372854247689, -0.00179023563396, 0.00107236439362, -0.000940631492995, 0.00170563405845, -0.00184884376358, 0.0011566428002, -0.0018201750936, 0.00163084478118, -0.000471450446639], [0.000379506178433, -0.00153031630907, 0.000453390850453, -0.00179023563396, 0.00446452992037, -0.00179017847404, -0.000334993994329, -0.000582144537475, -0.000181619136129, -0.00142681633588, 0.00188714114483, -0.00222629797645, 0.000770204467699], [-0.000620204955339, 0.00205367896706, -0.00136857829057, 0.00107236439362, -0.00179017847404, 0.0065472824499, -0.00319055281579, -1.60297713592e-06, 0.000782831688412, 3.78469449061e-05, -0.00198418251239, 0.00350770237856, -0.00243260990828], [0.000569296418689, -0.0019675665535, 0.00145325995982, -0.000940631492995, -0.000334993994329, -0.00319055281579, 0.00837848056108, -0.00260497746058, -0.000450085237389, -0.00080660614185, -0.00105616613291, -0.00165134156123, 0.000662301492412], [-0.00048379364307, 0.00170136790257, -0.00105291826185, 0.00170563405845, -0.000582144537475, -1.60297713592e-06, -0.00260497746058, 0.0106300441548, -0.0040979408659, -0.000871954369359, 0.000732332933694, -0.000419775838964, -0.000888972834218], [0.000328819121933, -0.00113149534445, 0.000495707499795, -0.00184884376358, -0.000181619136129, 0.000782831688412, -0.000450085237389, -0.0040979408659, 0.0096035823226, -0.00264728348702, -0.000992891844362, 0.00137154804543, -0.00235217553563], [-0.000462119729491, 0.0022520115599, -0.000975670816842, 0.0011566428002, -0.00142681633588, 3.78469449061e-05, -0.00080660614185, -0.000871954369359, -0.00264728348702, 0.0137729337439, -0.00442331796512, -0.00196947692893, 0.00259944377467], [0.000593823438976, -0.0024471716024, 0.00153190724086, -0.0018201750936, 0.00188714114483, -0.00198418251239, -0.00105616613291, 0.000732332933694, -0.000992891844362, -0.00442331796512, 0.0144604584202, -0.00505600636825, -0.00128279603086], [-0.000585734553169, 0.00271059456281, -0.0018632641295, 0.00163084478118, -0.00222629797645, 0.00350770237856, -0.00165134156123, -0.000419775838964, 0.00137154804543, -0.00196947692893, -0.00505600636825, 0.0158812627196, -0.00483783800155], [0.000284120789729, -0.000951343972702, 0.00100340007339, -0.000471450446639, 0.000770204467699, -0.00243260990828, 0.000662301492412, -0.000888972834218, -0.00235217553563, 0.00259944377467, -0.00128279603086, -0.00483783800155, 0.0128968609497]]
    },
    "melbands": {
        "mean": [0.00715921027586, 0.00488946307451, 0.00178795657121, 0.000535643892363, 0.00027607116499, 0.000227686206927, 0.000186471675988, 0.000262161396677, 0.00018869926862, 0.000202019815333, 0.000214417814277, 0.000132284127176, 0.000122737910715, 8.16539395601e-05, 0.00010428121459, 8.55033358675e-05, 9.58016971708e-05, 5.74413825234e-05, 5.48600874026e-05, 3.48252906406e-05, 2.1907266273e-05, 2.26678475883e-05, 2.01262319024e-05, 1.33011217258e-05, 1.31911965582e-05, 1.007344963e-05, 8.87702481123e-06, 6.1528680817e-06, 5.36419747732e-06, 3.89559545511e-06, 3.01726413454e-06, 2.90555590254e-06, 2.66055440079e-06, 2.19461708184e-06, 2.16891680793e-06, 1.72433897205e-06, 1.35464506457e-06, 1.27058797261e-06, 1.14598856271e-06, 1.07973392005e-06],
        "stdev": [0.00920021720231, 0.00660412525758, 0.00366733293049, 0.00103565759491, 0.000453453452792, 0.000502594280988, 0.000429874256952, 0.000576388789341, 0.000466338795377, 0.000637262768578, 0.000485372002004, 0.000269384472631, 0.000187612560694, 0.000115804330562, 0.000195471657207, 0.000163723772857, 0.000165834659128, 8.79658473423e-05, 0.000125279242638, 6.11307259533e-05, 4.01961588068e-05, 3.21580955642e-05, 2.58381369349e-05, 2.01406037377e-05, 2.36608157138e-05, 1.45668091136e-05, 1.28310830405e-05, 1.06399411379e-05, 9.06093191588e-06, 6.34432262814e-06, 5.36691914022e-06, 6.57546297589e-06, 7.1725721682e-06, 4.89895182909e-06, 5.33559568794e-06, 7.21516562407e-06, 4.90438060297e-06, 3.87763884646e-06, 2.86980025521e-06, 2.89818012789e-06]
    },
    "melbands128": {
        "mean": [0.000752608815674, 0.00688544940203, 0.0102956555784, 0.00702644279227, 0.00413176883012, 0.00327055109665, 0.00231375987642, 0.00133287371136, 0.000795852392912, 0.000520000874531, 0.000360631005606, 0.00031239236705, 0.000244859023951, 0.000233110738918, 0.000251615158049, 0.000189208061784, 0.000231961224927, 0.000167258986039, 0.000192119638086, 0.000222219779971, 0.000385606370401, 0.000199796093511, 0.00015886266192, 0.000199653150048, 0.000185496071936, 0.000251603370998, 0.000116520430311, 0.000275627011433, 0.000233196275076, 0.000103094418591, 0.000140186413773, 9.91393535514e-05, 8.37277111714e-05, 0.000208945653867, 7.61976625654e-05, 4.72733736387e-05, 6.29497371847e-05, 0.000127666557091, 0.000122334939078, 9.24359919736e-05, 0.000100557059341, 3.0253051591e-05, 0.000104348240711, 0.000118418647617, 8.72348027769e-05, 3.87773834518e-05, 2.87916154775e-05, 9.65945946518e-05, 3.98577103624e-05, 1.79567869054e-05, 4.92595681862e-05, 3.24316388287e-05, 2.23215229198e-05, 1.85345979844e-05, 1.7748292521e-05, 2.93291996059e-05, 1.78772479558e-05, 1.75084151124e-05, 2.33388473134e-05, 2.3310602046e-05, 8.63922014105e-06, 6.50668380331e-06, 1.90509108506e-05, 1.10917353595e-05, 1.30679891299e-05, 9.56831081567e-06, 7.68502286519e-06, 1.19763135444e-05, 8.55092275742e-06, 5.75494095756e-06, 6.37490529698e-06, 6.47129672871e-06, 5.56502072868e-06, 5.15498459208e-06, 4.94255482408e-06, 4.01055331167e-06, 3.15190573019e-06, 4.0226514102e-06, 2.69623660643e-06, 2.54743076766e-06, 2.7194971608e-06, 2.96400685329e-06, 3.44733985003e-06, 2.48385936175e-06, 2.21667482947e-06, 2.30341061069e-06, 2.02130649996e-06, 2.33727291743e-06, 2.47577077062e-06, 1.60745389621e-06, 2.10161692848e-06, 1.61861919423e-06, 1.38061909638e-06, 1.38916652759e-06, 1.28676435907e-06, 1.37031520353e-06, 1.25127940009e-06, 1.10794223929e-06, 1.42236183365e-06, 9.16285102903e-07, 9.26038296711e-07, 1.0228869769e-06, 1.36772325732e-06, 1.31987712848e-06, 4.9889405318e-07, 4.92044648581e-07, 4.91067794428e-07, 6.64990238874e-07, 8.64222045038e-07, 4.57020320255e-07, 2.79593137975e-07, 2.27321692137e-07, 2.01184292337e-07, 9.64094084566e-08, 7.99850496946e-08, 8.08624704973e-08, 5.97856200102e-08, 4.07709732642e-09, 8.73310972149e-12, 8.35203173982e-12, 8.14668645044e-12, 7.96644694656e-12, 7.79668257039e-12, 7.66221461279e-12, 7.54712091433e-12, 7.46658464224e-12, 7.40546686473e-12, 7.35627010695e-12],
        "stdev": [0.00116775999777, 0.0105810780078, 0.0139458794147, 0.0100760590285, 0.00811934377998, 0.00701167201623, 0.00537211168557, 0.00340946088545, 0.0020002508536, 0.00116723298561, 0.00077221239917, 0.000624872103799, 0.000524960050825, 0.000664548191708, 0.000800438050646, 0.000513733772095, 0.000762007257435, 0.000460395502159, 0.000654415227473, 0.000543453439604, 0.00106032693293, 0.000714972498827, 0.00054756103782, 0.000740207498893, 0.00054985465249, 0.00120061845519, 0.000315031793434, 0.000757001689635, 0.00085328478599, 0.000341594364727, 0.000350391754182, 0.000258012354607, 0.000147287704749, 0.000424486206612, 0.000179415830644, 0.000113327572763, 0.000124113576021, 0.000299721141346, 0.000432869012002, 0.000207849094295, 0.000236205291003, 0.000110154534923, 0.000231746118516, 0.00023418085766, 0.000218613276957, 8.21665962576e-05, 6.01858882874e-05, 0.000269650481641, 9.49877794483e-05, 6.12658404862e-05, 0.000106810031866, 8.8122622401e-05, 7.8175777162e-05, 4.22043958679e-05, 3.47708264599e-05, 5.9833186242e-05, 2.87387338176e-05, 3.64976331184e-05, 4.27205886808e-05, 3.91959001718e-05, 2.10758353205e-05, 1.9820749003e-05, 4.42960990767e-05, 2.23519455176e-05, 2.73178811767e-05, 1.74615870492e-05, 1.43122633744e-05, 2.04381503863e-05, 1.52222046381e-05, 1.14767135528e-05, 1.75099812623e-05, 1.20020604299e-05, 1.12507386802e-05, 1.09567499749e-05, 1.02490230347e-05, 7.87539465819e-06, 5.82589473197e-06, 1.05904964585e-05, 5.27106249137e-06, 5.57296107218e-06, 6.24623953627e-06, 8.00237830845e-06, 1.17644231068e-05, 8.15506336949e-06, 6.1717673816e-06, 6.16011402599e-06, 4.34122512161e-06, 6.8339986683e-06, 6.44030114927e-06, 5.22302025274e-06, 1.04002283479e-05, 7.63760181144e-06, 6.35606511423e-06, 5.20238745594e-06, 5.19930017617e-06, 4.98337658428e-06, 4.04351067118e-06, 2.92491722576e-06, 3.87166574001e-06, 2.55419445239e-06, 2.44996726906e-06, 2.86890531243e-06, 4.28076600656e-06, 4.07479456044e-06, 1.25340432078e-06, 1.21276309528e-06, 1.30656155761e-06, 2.03439640245e-06, 3.01386671708e-06, 1.16266949135e-06, 6.15474732513e-07, 5.14239843596e-07, 4.38742603137e-07, 2.08483527331e-07, 1.83253817454e-07, 1.89136869722e-07, 1.51389059511e-07, 1.03576285326e-08, 1.34637708968e-11, 1.30171984303e-11, 1.26841107062e-11, 1.23919529152e-11, 1.21365105465e-11, 1.19256696532e-11, 1.17411844136e-11, 1.16006076273e-11, 1.14982207783e-11, 1.14341487667e-11]
    },
    "mfcc": {
        "mean": [-646.678771973, 124.513298035, -12.1300430298, 22.3073005676, 6.00950050354, 11.9969940186, 9.8316822052, 9.55030632019, 3.99848246574, 6.40127134323, 4.5194144249, 2.92375230789, 0.549128711224],
        "cov": [[7796.33544922, -158.732254028, 248.077423096, 249.067520142, 357.380859375, 325.099212646, 91.2243804932, 10.6373329163, 107.498939514, 52.4984207153, 34.1626548767, -6.22750043869, 40.2944946289], [-158.732254028, 1528.39257812, -49.2382164001, 194.23638916, 73.2157058716, 30.72397995, 88.2467269897, 76.3630523682, 24.9349575043, 13.0788259506, 25.7440547943, 21.831905365, -7.50015163422], [248.077423096, -49.2382164001, 991.193237305, 208.329421997, 199.904434204, 62.570640564, -13.8212814331, 23.0634994507, 12.4118976593, 31.9453220367, -20.4008407593, 28.9403839111, 62.1630096436], [249.067520142, 194.23638916, 208.329421997, 586.979614258, 218.03843689, 114.845756531, 8.43929195404, 71.7624206543, 43.4668235779, 42.5256690979, 31.868686676, 64.1702270508, 108.308151245], [357.380859375, 73.2157058716, 199.904434204, 218.03843689, 327.181396484, 131.090377808, 47.9619293213, 65.9970397949, 65.1932754517, 61.8604698181, 12.0967340469, 33.593006134, 50.2561645508], [325.099212646, 30.72397995, 62.570640564, 114.845756531, 131.090377808, 249.903671265, 123.575927734, 66.1820144653, 59.0798873901, 43.1344490051, 57.9670677185, 29.0919876099, 30.2487735748], [91.2243804932, 88.2467269897, -13.8212814331, 8.43929195404, 47.9619293213, 123.575927734, 206.160995483, 73.3921585083, 50.119140625, 22.8097515106, 59.9074249268, 26.2924423218, 14.372797966], [10.6373329163, 76.3630523682, 23.0634994507, 71.7624206543, 65.9970397949, 66.1820144653, 73.3921585083, 144.765045166, 75.3750839233, 49.7793617249, 33.6884918213, 38.009223938, 37.4144744873], [107.498939514, 24.9349575043, 12.4118976593, 43.4668235779, 65.1932754517, 59.0798873901, 50.119140625, 75.3750839233, 154.712341309, 62.7403907776, 39.1368751526, 35.3382911682, 23.2346401215], [52.4984207153, 13.0788259506, 31.9453220367, 42.5256690979, 61.8604698181, 43.1344490051, 22.8097515106, 49.7793617249, 62.7403907776, 114.534194946, 43.4269256592, 30.7009334564, 26.5713062286], [34.1626548767, 25.7440547943, -20.4008407593, 31.868686676, 12.0967340469, 57.9670677185, 59.9074249268, 33.6884918213, 39.1368751526, 43.4269256592, 119.391578674, 47.4033317566, 20.2261257172], [-6.22750043869, 21.831905365, 28.9403839111, 64.1702270508, 33.593006134, 29.0919876099, 26.2924423218, 38.009223938, 35.3382911682, 30.7009334564, 47.4033317566, 125.599533081, 70.5848464966], [40.2944946289, -7.50015163422, 62.1630096436, 108.308151245, 50.2561645508, 30.2487735748, 14.372797966, 37.4144744873, 23.2346401215, 26.5713062286, 20.2261257172, 70.5848464966, 121.007888794]],
        "icov": [[0.000141056996654, 1.70914190676e-05, -4.6736463446e-06, -7.59247086535e-06, -0.000107944521005, -0.000154140667291, 1.72827167262e-05, 0.000115744100185, -7.93208891992e-05, 3.35532931786e-05, -5.90583795201e-06, 6.14855671301e-05, -1.82078983926e-05], [1.70914190676e-05, 0.000738713599276, 7.85612792242e-05, -0.00034421813325, -7.32995758881e-05, 0.000256464525592, -0.000399458978791, -0.000258357322309, 9.72995112534e-05, 1.2706623238e-05, 4.39993782493e-05, -0.000155172354425, 0.000463176344056], [-4.6736463446e-06, 7.85612792242e-05, 0.00120519357733, -0.000201050977921, -0.000622704683337, -2.58923773799e-06, 9.12972391234e-05, 5.94184166403e-05, 0.000175392895471, -0.000113063826575, 0.000293434306514, -6.66778723826e-05, -0.000221698079258], [-7.59247086535e-06, -0.00034421813325, -0.000201050977921, 0.00289354030974, -0.00133492157329, -0.00073029223131, 0.00117005826905, -0.000567215669435, 0.000178512316779, 0.000586068257689, -0.000705546641257, 0.000225874988246, -0.00190881278832], [-0.000107944521005, -7.32995758881e-05, -0.000622704683337, -0.00133492157329, 0.00568105606362, -0.00183489429764, -0.000139908996061, -0.00028090068372, -0.000690264336299, -0.00172644294798, 0.00168853299692, -0.000232227626839, 0.000113702393719], [-0.000154140667291, 0.000256464525592, -2.58923773799e-06, -0.00073029223131, -0.00183489429764, 0.00772660598159, -0.00369205488823, -0.000165240257047, -0.000282658933429, -0.000224260205869, -0.00152281438932, 0.000490157864988, 0.000114565424155], [1.72827167262e-05, -0.000399458978791, 9.12972391234e-05, 0.00117005826905, -0.000139908996061, -0.00369205488823, 0.00890154298395, -0.00295227020979, -0.000299431645544, 0.00171835871879, -0.00259019969963, 0.000169925609953, -0.000274129968602], [0.000115744100185, -0.000258357322309, 5.94184166403e-05, -0.000567215669435, -0.00028090068372, -0.000165240257047, -0.00295227020979, 0.0119034685194, -0.00357010355219, -0.00207174452953, 0.00079097627895, -0.000525621348061, -0.00143440149259], [-7.93208891992e-05, 9.72995112534e-05, 0.000175392895471, 0.000178512316779, -0.000690264336299, -0.000282658933429, -0.000299431645544, -0.00357010355219, 0.0102839954197, -0.00332395010628, -0.000517424021382, -0.00106075010262, 0.000739795796108], [3.35532931786e-05, 1.2706623238e-05, -0.000113063826575, 0.000586068257689, -0.00172644294798, -0.000224260205869, 0.00171835871879, -0.00207174452953, -0.00332395010628, 0.0136142708361, -0.00394500093535, 0.000211809354369, -0.00108271709178], [-5.90583795201e-06, 4.39993782493e-05, 0.000293434306514, -0.000705546641257, 0.00168853299692, -0.00152281438932, -0.00259019969963, 0.00079097627895, -0.000517424021382, -0.00394500093535, 0.0132896257564, -0.00422406056896, 0.00143614772242], [6.14855671301e-05, -0.000155172354425, -6.66778723826e-05, 0.000225874988246, -0.000232227626839, 0.000490157864988, 0.000169925609953, -0.000525621348061, -0.00106075010262, 0.000211809354369, -0.00422406056896, 0.0139329675585, -0.00734575837851], [-1.82078983926e-05, 0.000463176344056, -0.000221698079258, -0.00190881278832, 0.000113702393719, 0.000114565424155, -0.000274129968602, -0.00143440149259, 0.000739795796108, -0.00108271709178, 0.00143614772242, -0.00734575837851, 0.0146617591381]]
    },
    "spectral_contrast_coeffs": {
        "mean": [-0.719038069248, -0.745619416237, -0.718449771404, -0.738794147968, -0.760230720043, -0.763436734676],
        "stdev": [0.100967861712, 0.0874212235212, 0.0789363980293, 0.0722087174654, 0.0625475794077, 0.0459634885192]
    },
    "spectral_contrast_valleys": {
        "mean": [-6.95141458511, -7.11308526993, -7.67874002457, -7.95845270157, -7.96545219421, -10.6529054642],
        "stdev": [2.2667453289, 2.0365421772, 1.98556303978, 1.99670267105, 2.01898956299, 2.00512576103]
    }
},
"rhythm": {
    "beats_count": 586,
    "beats_loudness": {
        "mean": 0.0755933448672,
        "stdev": 0.0432265885174
    },
    "bpm": 139.94480896,
    "bpm_histogram_first_peak_bpm": 140,
    "bpm_histogram_first_peak_weight": 0.138790011406,
    "bpm_histogram_second_peak_bpm": 133,
    "bpm_histogram_second_peak_spread": 0.416666686535,
    "bpm_histogram_second_peak_weight": 0.0119658121839,
    "danceability": 1.37484765053,
    "onset_rate": 3.98689556122,
    "beats_loudness_band_ratio": {
        "mean": [0.632945597172, 0.0534933358431, 0.10574658215, 0.123708702624, 0.0610663443804, 0.0346928276122],
        "stdev": [0.302096486092, 0.072222225368, 0.134644716978, 0.15688675642, 0.0659257248044, 0.0636563971639]
    },
    "beats_position": [0.452789098024, 0.917188167572, 1.38158726692, 1.83437633514, 2.29877543449, 2.73995471001, 3.16952371597, 3.59909296036, 4.02866220474, 4.45823097229, 4.87619018555, 5.30575942993, 5.73532867432, 6.1648979187, 6.59446716309, 7.02403593063, 7.45360517502, 7.87156438828, 8.3011341095, 8.73070240021, 9.16027164459, 9.58984088898, 10.0078001022, 10.4373693466, 10.866938591, 11.2965078354, 11.7260770798, 12.1556463242, 12.5852155685, 13.0147848129, 13.4443531036, 13.873922348, 14.3034915924, 14.7330608368, 15.1626300812, 15.5921993256, 16.0217685699, 16.4513378143, 16.8809070587, 17.3104763031, 17.7400455475, 18.1696147919, 18.5991840363, 19.0287532806, 19.458322525, 19.8878898621, 20.3174591064, 20.7470283508, 21.1765975952, 21.6061668396, 22.035736084, 22.4536952972, 22.8832645416, 23.312833786, 23.7424030304, 24.1719722748, 24.6015415192, 25.0311107635, 25.4606800079, 25.8902492523, 26.3082084656, 26.73777771, 27.1673469543, 27.5969161987, 28.0264854431, 28.4560546875, 28.8856239319, 29.3151912689, 29.7447605133, 30.1743297577, 30.6038990021, 31.0334682465, 31.4630374908, 31.8809967041, 32.3105659485, 32.7401351929, 33.1697044373, 33.5992736816, 34.028842926, 34.4584121704, 34.8879814148, 35.3175506592, 35.7471199036, 36.1766891479, 36.6062583923, 37.0358276367, 37.4653968811, 37.8949661255, 38.3245353699, 38.7541046143, 39.1836738586, 39.613243103, 40.0312004089, 40.4607696533, 40.8903388977, 41.3083000183, 41.7378692627, 42.1674385071, 42.5970077515, 43.0265769958, 43.4561424255, 43.8857116699, 44.3152809143, 44.7448501587, 45.1744194031, 45.5923805237, 46.0103378296, 46.439907074, 46.8694763184, 47.2990455627, 47.7286148071, 48.1581840515, 48.5993652344, 49.0289344788, 49.4585037231, 49.8880729675, 50.3176422119, 50.7472114563, 51.1767807007, 51.6179580688, 52.0475273132, 52.4770965576, 52.906665802, 53.3362350464, 53.7541923523, 54.1721534729, 54.6017227173, 55.0312919617, 55.4492492676, 55.878818512, 56.3083877563, 56.7379570007, 57.1675262451, 57.5854873657, 58.0150566101, 58.4446258545, 58.8741950989, 59.3037643433, 59.7333335876, 60.162902832, 60.6040802002, 61.0452613831, 61.4864387512, 61.9276161194, 62.380405426, 62.8331947327, 63.3092041016, 63.7736053467, 64.2263946533, 64.6675720215, 65.0971450806, 65.5267105103, 65.9562835693, 66.385848999, 66.8154220581, 67.2449874878, 67.6629486084, 68.0925140381, 68.5220870972, 68.9516525269, 69.3812255859, 69.8107910156, 70.2403640747, 70.6699295044, 71.0995025635, 71.5174560547, 71.9470291138, 72.3765945435, 72.8061676025, 73.2357330322, 73.6769180298, 74.1297073364, 74.6057128906, 75.0817184448, 75.5577316284, 76.0221328735, 76.4633102417, 76.8928756714, 77.3224487305, 77.7520141602, 78.1815872192, 78.6111526489, 79.0291137695, 79.4586868286, 79.8882522583, 80.3178253174, 80.7357788086, 81.1653518677, 81.5949172974, 82.0244903564, 82.4540557861, 82.8836288452, 83.3131942749, 83.742767334, 84.1723327637, 84.6019058228, 85.0314712524, 85.4610443115, 85.8906097412, 86.3085708618, 86.7381362915, 87.1677093506, 87.5972747803, 88.0268478394, 88.456413269, 88.8859863281, 89.3155517578, 89.7451248169, 90.1746902466, 90.6042633057, 91.0338287354, 91.4634017944, 91.8929672241, 92.3225402832, 92.7404937744, 93.1700668335, 93.5996322632, 94.0292053223, 94.458770752, 94.888343811, 95.3179092407, 95.7474822998, 96.1770477295, 96.6066207886, 97.0361862183, 97.4541473389, 97.8837203979, 98.3132858276, 98.7428588867, 99.1724243164, 99.590385437, 100.019950867, 100.449523926, 100.879089355, 101.308662415, 101.738227844, 102.167800903, 102.597366333, 103.026939392, 103.456504822, 103.886077881, 104.315643311, 104.74521637, 105.174781799, 105.604354858, 106.033920288, 106.463493347, 106.893058777, 107.322631836, 107.752197266, 108.181770325, 108.599723816, 109.029296875, 109.458862305, 109.876823425, 110.306388855, 110.735961914, 111.165527344, 111.595100403, 112.024665833, 112.454238892, 112.883804321, 113.31337738, 113.74294281, 114.172515869, 114.602081299, 115.031654358, 115.461219788, 115.890792847, 116.320358276, 116.749931335, 117.179496765, 117.609069824, 118.038635254, 118.468208313, 118.886169434, 119.315734863, 119.745300293, 120.163261414, 120.592834473, 121.022399902, 121.451972961, 121.881538391, 122.31111145, 122.74067688, 123.170249939, 123.599815369, 124.029388428, 124.458953857, 124.888526917, 125.318092346, 125.747665405, 126.177230835, 126.595191956, 127.024757385, 127.454330444, 127.883895874, 128.313461304, 128.743041992, 129.172607422, 129.602172852, 130.031738281, 130.46131897, 130.890884399, 131.308837891, 131.726806641, 132.15637207, 132.5859375, 133.01550293, 133.43347168, 133.863037109, 134.292602539, 134.722167969, 135.151748657, 135.581314087, 136.010879517, 136.440444946, 136.870025635, 137.299591064, 137.729156494, 138.158721924, 138.576690674, 139.006256104, 139.435821533, 139.865386963, 140.294967651, 140.724533081, 141.154098511, 141.58366394, 142.013244629, 142.442810059, 142.872375488, 143.290344238, 143.719909668, 144.149475098, 144.579040527, 145.008621216, 145.438186646, 145.867752075, 146.308929443, 146.726898193, 147.156463623, 147.586029053, 148.015594482, 148.445159912, 148.874740601, 149.30430603, 149.73387146, 150.16343689, 150.58140564, 151.010971069, 151.440536499, 151.870117188, 152.299682617, 152.729248047, 153.158813477, 153.576782227, 153.994735718, 154.435913086, 154.865478516, 155.295059204, 155.724624634, 156.154190063, 156.583755493, 157.013336182, 157.442901611, 157.872467041, 158.290420532, 158.708389282, 159.137954712, 159.567520142, 160.00869751, 160.449890137, 160.879455566, 161.309020996, 161.738586426, 162.168167114, 162.609344482, 163.038909912, 163.468475342, 163.898040771, 164.32762146, 164.745574951, 165.175140381, 165.604721069, 166.034286499, 166.463851929, 166.88180542, 167.311386108, 167.740951538, 168.170516968, 168.600082397, 169.029663086, 169.459228516, 169.888793945, 170.318359375, 170.747940063, 171.177505493, 171.595458984, 172.025024414, 172.454605103, 172.884170532, 173.313735962, 173.743301392, 174.17288208, 174.60244751, 175.032012939, 175.461578369, 175.891159058, 176.309112549, 176.738677979, 177.168243408, 177.597824097, 178.027389526, 178.456954956, 178.886520386, 179.316101074, 179.745666504, 180.163619995, 180.593200684, 181.022766113, 181.452331543, 181.881896973, 182.311477661, 182.741043091, 183.170608521, 183.60017395, 184.029754639, 184.459320068, 184.888885498, 185.318450928, 185.748016357, 186.177597046, 186.607162476, 187.036727905, 187.466293335, 187.895874023, 188.325439453, 188.755004883, 189.172973633, 189.590927124, 190.020492554, 190.450057983, 190.879638672, 191.309204102, 191.738769531, 192.168334961, 192.597915649, 193.027481079, 193.457046509, 193.886611938, 194.316192627, 194.745758057, 195.175323486, 195.604888916, 196.034469604, 196.464035034, 196.893600464, 197.323165894, 197.741134644, 198.170700073, 198.600265503, 199.029830933, 199.459411621, 199.888977051, 200.31854248, 200.73651123, 201.16607666, 201.59564209, 202.02520752, 202.454788208, 202.884353638, 203.313919067, 203.743484497, 204.173049927, 204.602630615, 205.032196045, 205.450149536, 205.879730225, 206.309295654, 206.738861084, 207.168426514, 207.598007202, 208.027572632, 208.457138062, 208.886703491, 209.31628418, 209.745849609, 210.163803101, 210.59336853, 211.022949219, 211.452514648, 211.882080078, 212.311645508, 212.741226196, 213.170791626, 213.600357056, 214.029922485, 214.459503174, 214.889068604, 215.318634033, 215.748199463, 216.177780151, 216.607345581, 217.025299072, 217.443267822, 217.872833252, 218.302398682, 218.731964111, 219.1615448, 219.591110229, 220.020675659, 220.450241089, 220.879821777, 221.309387207, 221.738952637, 222.168518066, 222.586486816, 223.016052246, 223.445617676, 223.875183105, 224.304763794, 224.734329224, 225.163894653, 225.593460083, 226.023040771, 226.452606201, 226.882171631, 227.311737061, 227.741317749, 228.170883179, 228.600448608, 229.030014038, 229.459594727, 229.889160156, 230.318725586, 230.748291016, 231.177871704, 231.607437134, 232.037002563, 232.454956055, 232.872924805, 233.302490234, 233.732055664, 234.161621094, 234.591201782, 235.020767212, 235.450332642, 235.868301392, 236.297866821, 236.727432251, 237.156997681, 237.586578369, 238.016143799, 238.445709229, 238.875274658, 239.304855347, 239.734420776, 240.163986206, 240.593551636, 241.023132324, 241.452697754, 241.882263184, 242.323440552, 242.753005981, 243.18258667, 243.600540161, 244.018493652, 244.448074341, 244.877639771, 245.318817139, 245.759994507, 246.201171875, 246.642349243, 247.071929932, 247.501495361, 247.919448853, 248.302581787, 248.685714722, 249.068832397, 249.451965332, 249.835098267, 250.22984314, 250.624572754, 251.077362061, 251.530151367],
    "bpm_histogram": [0, 0, 0, 0, 0, 0, 0, 0, 0, 0, 0, 0, 0, 0, 0, 0, 0, 0, 0, 0, 0, 0, 0, 0, 0, 0, 0, 0, 0, 0, 0, 0, 0, 0, 0, 0, 0, 0, 0, 0, 0, 0, 0, 0, 0, 0, 0, 0, 0, 0, 0, 0, 0, 0, 0, 0, 0, 0, 0, 0, 0, 0, 0, 0, 0, 0, 0, 0, 0, 0, 0, 0, 0, 0, 0, 0, 0, 0, 0, 0, 0, 0, 0, 0, 0, 0, 0, 0, 0, 0, 0, 0, 0, 0, 0, 0, 0, 0, 0, 0, 0, 0, 0, 0, 0, 0, 0, 0, 0, 0, 0, 0, 0, 0, 0, 0, 0, 0, 0, 0, 0, 0, 0, 0, 0, 0, 0.00683760689571, 0, 0, 0.00854700896889, 0, 0, 0, 0.0119658121839, 0, 0, 0.0341880358756, 0, 0, 0, 0.827350437641, 0, 0, 0, 0.0991453006864, 0, 0, 0, 0, 0, 0, 0, 0.00341880344786, 0, 0, 0, 0, 0.00854700896889, 0, 0, 0, 0, 0, 0, 0, 0, 0, 0, 0, 0, 0, 0, 0, 0, 0, 0, 0, 0, 0, 0, 0, 0, 0, 0, 0, 0, 0, 0, 0, 0, 0, 0, 0, 0, 0, 0, 0, 0, 0, 0, 0, 0, 0, 0, 0, 0, 0, 0, 0, 0, 0, 0, 0, 0, 0, 0, 0, 0, 0, 0, 0, 0, 0, 0, 0, 0, 0, 0, 0, 0, 0, 0, 0, 0, 0, 0, 0, 0, 0, 0, 0, 0, 0, 0, 0, 0, 0, 0, 0, 0]
},
"tonal": {
    "chords_changes_rate": 0.0692576915026,
    "chords_number_rate": 0.00257874373347,
    "chords_strength": {
        "mean": 0.49256631732,
        "stdev": 0.119803480804
    },
    "hpcp_crest": {
        "mean": 15.3167076111,
        "stdev": 7.53235530853
    },
    "hpcp_entropy": {
        "mean": 1.72202706337,
        "stdev": 0.750811100006
    },
    "key_edma": {
        "strength": 0.54358702898,
        "key": "F",
        "scale": "minor"
    },
    "key_krumhansl": {
        "strength": 0.55020904541,
        "key": "F",
        "scale": "minor"
    },
    "key_temperley": {
        "strength": 0.534764587879,
        "key": "F",
        "scale": "minor"
    },
    "tuning_diatonic_strength": 0.463684529066,
    "tuning_equal_tempered_deviation": 0.0332087911665,
    "tuning_frequency": 440.508575439,
    "tuning_nontempered_energy_ratio": 0.674827158451,
    "hpcp": {
        "mean": [0.156936183572, 0.0881160125136, 0.135815218091, 0.185361772776, 0.110632263124, 0.0502168014646, 0.0485709086061, 0.0547609366477, 0.174641415477, 0.239618957043, 0.125613182783, 0.091376028955, 0.106373026967, 0.0682755336165, 0.057687677443, 0.0629498288035, 0.0664665699005, 0.126540899277, 0.1460686028, 0.0828638896346, 0.0845984891057, 0.0928492993116, 0.0640312209725, 0.149317711592, 0.199886232615, 0.106954686344, 0.0454425401986, 0.03438571468, 0.0362828224897, 0.113861583173, 0.163701578975, 0.0983256474137, 0.118475221097, 0.184019729495, 0.171423599124, 0.182851731777],
        "stdev": [0.292837530375, 0.210761472583, 0.234253853559, 0.315617322922, 0.205408170819, 0.149287983775, 0.153191909194, 0.157545998693, 0.253883033991, 0.328173905611, 0.199451819062, 0.205099895597, 0.247972562909, 0.164188340306, 0.156461000443, 0.161803022027, 0.167721107602, 0.236246362329, 0.267531484365, 0.165307208896, 0.185879722238, 0.20863430202, 0.156099975109, 0.235151797533, 0.298802614212, 0.187126651406, 0.127342075109, 0.110179178417, 0.112395092845, 0.196091353893, 0.266908228397, 0.180037721992, 0.219369620085, 0.306149333715, 0.280686378479, 0.318304717541]
    },
    "chords_histogram": [20.7404670715, 9.70712852478, 5.63639736176, 11.6780252457, 0, 3.70233917236, 0.534168362617, 11.1070175171, 1.63934421539, 13.2068519592, 0.865721106529, 0.0920979902148, 0.18419598043, 0, 0, 0.276293963194, 1.89721858501, 1.86037945747, 1.23411309719, 0.442070364952, 1.12359547615, 0, 4.29176664352, 9.78080654144],
    "thpcp": [1, 0.524220526218, 0.381338894367, 0.443925768137, 0.284933775663, 0.24074755609, 0.262708038092, 0.27738443017, 0.528092205524, 0.609587013721, 0.345815241337, 0.353054255247, 0.38748729229, 0.267221003771, 0.623146474361, 0.834183692932, 0.446353197098, 0.189645007253, 0.143501639366, 0.151418834925, 0.475177705288, 0.683174550533, 0.41034168005, 0.494431763887, 0.767968177795, 0.71540081501, 0.76309376955, 0.654940605164, 0.367733895779, 0.566796660423, 0.773568928242, 0.461700797081, 0.209569394588, 0.202700614929, 0.228533402085, 0.728829741478],
    "chords_key": "F",
    "chords_scale": "minor"
}
}