{
"metadata": {
    "version": {
        "essentia": "2.1-dev",
        "essentia_git_sha": "v2.1_beta3-415-gd5473f3",
        "extractor": "music 2.0"
    },
    "audio_properties": {
        "analysis": {
            "equal_loudness": 0,
            "length": 288.287353516,
            "sample_rate": 44100,
            "start_time": 0,
            "downmix": "mix"
        },
        "bit_rate": 192000,
        "length": 288.287353516,
        "lossless": 0,
        "number_channels": 2,
        "replay_gain": -9.67799568176,
        "sample_rate": 44100,
        "codec": "mp3",
        "md5_encoded": "be357732017131c5dbc6b342b197dc7a"
    },
    "tags": {
        "file_name": "every_time.mp3",
        "album": ["The original sessions. Vol. V. Techno"],
        "artist": ["Various Artists"],
        "genre": ["Other"],
        "title": ["  Every time"]
    }
},
"lowlevel": {
    "average_loudness": 0.925129354,
    "barkbands_crest": {
        "mean": 12.1845417023,
        "stdev": 5.63746452332
    },
    "barkbands_flatness_db": {
        "mean": 0.173156395555,
        "stdev": 0.127164646983
    },
    "barkbands_kurtosis": {
        "mean": 23.8868370056,
        "stdev": 95.3374481201
    },
    "barkbands_skewness": {
        "mean": 2.58175325394,
        "stdev": 3.16568398476
    },
    "barkbands_spread": {
        "mean": 20.2878360748,
        "stdev": 15.7905750275
    },
    "dissonance": {
        "mean": 0.448405057192,
        "stdev": 0.0531887188554
    },
    "dynamic_complexity": 3.00808191299,
    "erbbands_crest": {
        "mean": 9.52151203156,
        "stdev": 5.53775644302
    },
    "erbbands_flatness_db": {
        "mean": 0.151562780142,
        "stdev": 0.083356924355
    },
    "erbbands_kurtosis": {
        "mean": 2.34428930283,
        "stdev": 14.0467147827
    },
    "erbbands_skewness": {
        "mean": 0.566608309746,
        "stdev": 1.12836647034
    },
    "erbbands_spread": {
        "mean": 48.4694709778,
        "stdev": 28.9888324738
    },
    "hfc": {
        "mean": 21.516576767,
        "stdev": 20.7590751648
    },
    "loudness_ebu128": {
        "integrated": -13.1963405609,
        "loudness_range": 6.47385025024,
        "momentary": {
            "mean": -15.533197403,
            "stdev": 20.4060306549
        },
        "short_term": {
            "mean": -13.8414697647,
            "stdev": 2.48921465874
        }
    },
    "melbands_crest": {
        "mean": 16.7807312012,
        "stdev": 7.33762550354
    },
    "melbands_flatness_db": {
        "mean": 0.25377702713,
        "stdev": 0.150319591165
    },
    "melbands_kurtosis": {
        "mean": 50.5694656372,
        "stdev": 144.545928955
    },
    "melbands_skewness": {
        "mean": 4.01405382156,
        "stdev": 3.88422369957
    },
    "melbands_spread": {
        "mean": 18.1122016907,
        "stdev": 19.548078537
    },
    "pitch_salience": {
        "mean": 0.491093605757,
        "stdev": 0.179756000638
    },
    "silence_rate_20dB": {
        "mean": 1,
        "stdev": 0
    },
    "silence_rate_30dB": {
        "mean": 0.998953044415,
        "stdev": 0.0323388017714
    },
    "silence_rate_60dB": {
        "mean": 0.0357574298978,
        "stdev": 0.185691922903
    },
    "spectral_centroid": {
        "mean": 1194.55480957,
        "stdev": 1078.39233398
    },
    "spectral_complexity": {
        "mean": 15.8651847839,
        "stdev": 10.0611438751
    },
    "spectral_decrease": {
        "mean": -9.48522149713e-09,
        "stdev": 6.97052504606e-09
    },
    "spectral_energy": {
        "mean": 0.037751108408,
        "stdev": 0.0274569764733
    },
    "spectral_energyband_high": {
        "mean": 0.00119062513113,
        "stdev": 0.0017412538873
    },
    "spectral_energyband_low": {
        "mean": 0.0184737797827,
        "stdev": 0.0194760207087
    },
    "spectral_energyband_middle_high": {
        "mean": 0.0042787976563,
        "stdev": 0.00572866899893
    },
    "spectral_energyband_middle_low": {
        "mean": 0.0143267847598,
        "stdev": 0.0170496627688
    },
    "spectral_entropy": {
        "mean": 7.46925973892,
        "stdev": 0.938484549522
    },
    "spectral_flux": {
        "mean": 0.114951349795,
        "stdev": 0.0693457648158
    },
    "spectral_kurtosis": {
        "mean": 12.5567922592,
        "stdev": 52.8844795227
    },
    "spectral_rms": {
        "mean": 0.00560503592715,
        "stdev": 0.00232679559849
    },
    "spectral_rolloff": {
        "mean": 1189.06286621,
        "stdev": 2120.05102539
    },
    "spectral_skewness": {
        "mean": 1.9536652565,
        "stdev": 2.34169363976
    },
    "spectral_spread": {
        "mean": 5779042.5,
        "stdev": 3698209.5
    },
    "spectral_strongpeak": {
        "mean": 0.688026845455,
        "stdev": 0.893288433552
    },
    "zerocrossingrate": {
        "mean": 0.0579353533685,
        "stdev": 0.0567447990179
    },
    "barkbands": {
        "mean": [0.00281836022623, 0.0110049489886, 0.00438071461394, 0.00281816418283, 0.00523870112374, 0.0020036813803, 0.00123273977078, 0.00144934596028, 0.00109970814083, 0.000982076511718, 0.000968739856035, 0.000613219570369, 0.000397685565986, 0.000435683847172, 0.000244312977884, 0.000179002890945, 0.000201094007934, 0.00017474257038, 0.00020419563225, 0.000196730165044, 0.000170792132849, 0.000202596420422, 0.000249050033744, 0.00021013431251, 0.000185184093425, 8.45080066938e-05, 4.9923851293e-06],
        "stdev": [0.00791130587459, 0.0147458910942, 0.00906892493367, 0.00729587953538, 0.0102621084079, 0.00349609158002, 0.0019771642983, 0.00259596598335, 0.00215104129165, 0.00197997246869, 0.00231283786707, 0.00141378410626, 0.0010828753002, 0.00108140334487, 0.000606423127465, 0.000267575815087, 0.000283759174636, 0.000232911930652, 0.000278124294709, 0.000276638747891, 0.000266156217549, 0.000276697217487, 0.000420682918048, 0.000341379578458, 0.000322576903272, 0.000189910264453, 1.3749387108e-05]
    },
    "erbbands": {
        "mean": [0.308916628361, 2.4605948925, 5.37285709381, 7.78118133545, 11.7223892212, 18.8457393646, 19.130897522, 16.7736167908, 18.2619724274, 28.7886238098, 24.5568847656, 25.6299152374, 33.8757171631, 23.1115131378, 42.1849822998, 25.9407196045, 20.6816978455, 22.8569393158, 16.0750904083, 11.267991066, 9.22144603729, 11.3893651962, 10.0712471008, 8.98581600189, 11.6869392395, 9.12526321411, 6.59179639816, 7.13434791565, 7.470495224, 7.32574605942, 7.14978885651, 4.94681501389, 3.15158057213, 2.25985264778, 1.19750010967, 0.454501062632, 0.141378939152, 0.0228886045516, 0.000541190791409, 6.21125436737e-05],
        "stdev": [0.496300190687, 3.36699175835, 8.99528121948, 17.6104125977, 30.562412262, 35.7372703552, 31.7365036011, 30.4883918762, 30.3540611267, 50.7580184937, 43.040058136, 52.4710617065, 64.9560165405, 48.9254646301, 106.024452209, 59.3564720154, 56.8831520081, 56.9461097717, 36.6272583008, 18.2974128723, 11.3831319809, 15.2223405838, 13.837726593, 11.1144361496, 15.9672832489, 13.0597734451, 10.3491182327, 10.8035764694, 10.5191879272, 11.0367021561, 12.4765625, 8.07499217987, 5.19906234741, 3.81974744797, 2.24649119377, 0.929043471813, 0.336237341166, 0.0613760426641, 0.00134954811074, 6.08132140769e-05]
    },
    "gfcc": {
        "mean": [-20.3087253571, 88.8597106934, -87.822052002, 35.5963287354, -57.6294288635, 19.3918571472, -32.6093444824, 11.909078598, -23.0131187439, 4.91056919098, -12.6850118637, 2.47592759132, -11.1904621124],
        "cov": [[23474.9648438, -2794.24975586, -3347.54150391, -186.404678345, -1954.55810547, 869.263916016, -1153.71606445, 611.537414551, -797.335021973, 542.004333496, -710.085510254, 503.60067749, -557.260803223], [-2794.24975586, 2560.7956543, 225.295944214, -295.401092529, 541.53717041, -390.320404053, 336.710601807, -247.753540039, 126.358970642, -269.233642578, 287.62008667, -173.883056641, 201.88168335], [-3347.54150391, 225.295944214, 1959.72167969, 417.07333374, 420.163848877, 50.3743591309, 132.145263672, -5.68347978592, 142.690582275, 1.55899679661, 33.6730003357, -72.5594406128, 16.7172412872], [-186.404678345, -295.401092529, 417.07333374, 591.600524902, 163.192962646, 83.3079376221, 30.6699390411, 73.6398391724, 79.9655609131, 19.0198841095, -12.8189973831, -34.734577179, -39.7067375183], [-1954.55810547, 541.53717041, 420.163848877, 163.192962646, 554.050354004, 33.8685073853, 224.504516602, -2.07413768768, 125.2445755, -66.3893585205, 95.9609909058, -60.429309845, 39.2379722595], [869.263916016, -390.320404053, 50.3743591309, 83.3079376221, 33.8685073853, 309.060394287, 70.0667953491, 96.8575820923, 9.88053131104, 70.049621582, -33.9833106995, 44.880405426, -46.6385879517], [-1153.71606445, 336.710601807, 132.145263672, 30.6699390411, 224.504516602, 70.0667953491, 279.015777588, 46.5520057678, 112.404304504, -16.2850475311, 90.5920562744, -26.8006324768, 39.0611495972], [611.537414551, -247.753540039, -5.68347978592, 73.6398391724, -2.07413768768, 96.8575820923, 46.5520057678, 190.22177124, 67.2664337158, 76.861579895, 5.81126308441, 45.0974845886, -25.5601539612], [-797.335021973, 126.358970642, 142.690582275, 79.9655609131, 125.2445755, 9.88053131104, 112.404304504, 67.2664337158, 171.005966187, 36.0803947449, 65.795425415, -9.3518409729, 29.1512966156], [542.004333496, -269.233642578, 1.55899679661, 19.0198841095, -66.3893585205, 70.049621582, -16.2850475311, 76.861579895, 36.0803947449, 140.623687744, 12.5914707184, 41.0855331421, -14.7574453354], [-710.085510254, 287.62008667, 33.6730003357, -12.8189973831, 95.9609909058, -33.9833106995, 90.5920562744, 5.81126308441, 65.795425415, 12.5914707184, 134.945220947, 15.4771366119, 47.3009910583], [503.60067749, -173.883056641, -72.5594406128, -34.734577179, -60.429309845, 44.880405426, -26.8006324768, 45.0974845886, -9.3518409729, 41.0855331421, 15.4771366119, 98.7331161499, 20.4643478394], [-557.260803223, 201.88168335, 16.7172412872, -39.7067375183, 39.2379722595, -46.6385879517, 39.0611495972, -25.5601539612, 29.1512966156, -14.7574453354, 47.3009910583, 20.4643478394, 107.823516846]],
        "icov": [[0.00024833183852, -0.000505008152686, 0.000347907684045, -0.000429245294072, 0.000486757140607, -0.00084516237257, 0.000743006356061, -0.000748934573494, 0.000614449963905, -0.000697054550983, 0.000900209415704, -0.000723747129086, 0.000508487108164], [-0.000505008152686, 0.00230397749692, -0.00077013351256, 0.00157021614723, -0.00161848322023, 0.00248769717291, -0.00197900179774, 0.00178968079854, -0.00122670643032, 0.00255487859249, -0.00356506789103, 0.00288015417755, -0.00172132987063], [0.000347907684045, -0.00077013351256, 0.00119133119006, -0.00100542302243, 0.000260629021795, -0.00120566354599, 0.00108554959297, -0.000731445034035, 0.000629386398941, -0.00138549332041, 0.00161217933055, -0.00101956806611, 0.000628536334261], [-0.000429245294072, 0.00157021614723, -0.00100542302243, 0.00353795685805, -0.00169640756212, 0.00128622818738, -0.000553463643882, 0.000533386599272, -0.00184346700553, 0.0021348556038, -0.00246797502041, 0.00295125856064, -0.000885896268301], [0.000486757140607, -0.00161848322023, 0.000260629021795, -0.00169640756212, 0.00507216993719, -0.00273039843887, 0.000137764160172, -0.00127514940687, 0.00020573020447, 4.7114022891e-05, 0.00105899793562, -0.00119081174489, 0.00121415685862], [-0.00084516237257, 0.00248769717291, -0.00120566354599, 0.00128622818738, -0.00273039843887, 0.00968347024173, -0.00641037058085, 0.00241551734507, -0.000597915728576, 0.000120124779642, -0.000463571894215, -0.000740164425224, 0.000233754370129], [0.000743006356061, -0.00197900179774, 0.00108554959297, -0.000553463643882, 0.000137764160172, -0.00641037058085, 0.0119029339403, -0.00469321198761, -0.000784600735642, 0.000346310349414, -0.00135671906173, 0.00181190459989, -0.000563432753552], [-0.000748934573494, 0.00178968079854, -0.000731445034035, 0.000533386599272, -0.00127514940687, 0.00241551734507, -0.00469321198761, 0.0128322420642, -0.00561287254095, -0.000564054877032, -0.000889918010216, -0.00290589407086, 0.00172149657737], [0.000614449963905, -0.00122670643032, 0.000629386398941, -0.00184346700553, 0.00020573020447, -0.000597915728576, -0.000784600735642, -0.00561287254095, 0.0139070171863, -0.00510248774663, 4.22400007665e-05, 0.000981062883511, -0.00134683190845], [-0.000697054550983, 0.00255487859249, -0.00138549332041, 0.0021348556038, 4.7114022891e-05, 0.000120124779642, 0.000346310349414, -0.000564054877032, -0.00510248774663, 0.0158771090209, -0.00764160091057, 0.0024643165525, -0.00117238832172], [0.000900209415704, -0.00356506789103, 0.00161217933055, -0.00246797502041, 0.00105899793562, -0.000463571894215, -0.00135671906173, -0.000889918010216, 4.22400007665e-05, -0.00764160091057, 0.0204171352088, -0.0100368335843, 0.00175422616303], [-0.000723747129086, 0.00288015417755, -0.00101956806611, 0.00295125856064, -0.00119081174489, -0.000740164425224, 0.00181190459989, -0.00290589407086, 0.000981062883511, 0.0024643165525, -0.0100368335843, 0.023121131584, -0.00903347786516], [0.000508487108164, -0.00172132987063, 0.000628536334261, -0.000885896268301, 0.00121415685862, 0.000233754370129, -0.000563432753552, 0.00172149657737, -0.00134683190845, -0.00117238832172, 0.00175422616303, -0.00903347786516, 0.0161217190325]]
    },
    "melbands": {
        "mean": [0.00307289673947, 0.00310015748255, 0.00147787923925, 0.00107110245153, 0.000765257398598, 0.000380404700991, 0.000266375398496, 0.000329376431182, 0.000194914551685, 0.000160210285685, 0.00016725739988, 8.84196051629e-05, 0.00012632276048, 8.33266385598e-05, 5.9806247009e-05, 4.07394036301e-05, 4.40850162704e-05, 2.64460741164e-05, 1.82781786862e-05, 1.41820282806e-05, 9.68086987996e-06, 1.18625175674e-05, 1.08008016468e-05, 7.67049732531e-06, 7.03803561919e-06, 8.11120571598e-06, 8.42194276629e-06, 5.43241731066e-06, 4.03133390137e-06, 4.20385777034e-06, 3.95163624489e-06, 4.34426237916e-06, 3.6890037336e-06, 4.29579404226e-06, 4.34543380834e-06, 3.50962409357e-06, 2.76887271866e-06, 2.2671683837e-06, 1.90875539374e-06, 1.90332525563e-06],
        "stdev": [0.00418865354732, 0.00418774178252, 0.00309152528644, 0.00237714126706, 0.00122375972569, 0.00066800910281, 0.000428653060226, 0.000596374971792, 0.00037484781933, 0.000342240091413, 0.000327285495587, 0.000198613473913, 0.00030109268846, 0.000161703763297, 0.000167679827427, 0.000127124163555, 0.00012139815226, 6.52912203805e-05, 4.78187575936e-05, 2.36640789808e-05, 1.21118928291e-05, 1.62609885592e-05, 1.62881078722e-05, 1.09035163405e-05, 9.24877440411e-06, 1.21573366414e-05, 1.16210721899e-05, 8.54258451e-06, 6.78780406815e-06, 6.6308211899e-06, 6.17121986579e-06, 6.32108231002e-06, 5.19168133906e-06, 6.97166251484e-06, 7.94250627223e-06, 5.97967982685e-06, 4.49629214927e-06, 3.83146743843e-06, 3.12768452204e-06, 3.31956834998e-06]
    },
    "melbands128": {
        "mean": [0.00159601320047, 0.00243189139292, 0.00368925184011, 0.0043113832362, 0.00312742847018, 0.00203414494172, 0.00157608941663, 0.00136106146965, 0.00119083456229, 0.000927740184125, 0.000969774206169, 0.00111569289584, 0.00062908855034, 0.000422543584136, 0.000374842173187, 0.000359163066605, 0.000368276087102, 0.000226106509217, 0.000175026623765, 0.000354119692929, 0.000471788225695, 0.000177872207132, 0.000177950671059, 0.000195269865799, 0.000154093519086, 0.000162035372341, 0.000129237581859, 0.000223325594561, 0.000143057259265, 7.49826649553e-05, 9.11607494345e-05, 6.72159440001e-05, 0.000103532140201, 0.000235240237089, 6.45994659862e-05, 5.45569855603e-05, 6.41688748146e-05, 8.35992832435e-05, 3.27312991431e-05, 4.3321026169e-05, 5.24938986928e-05, 1.98859652301e-05, 5.32200319867e-05, 5.01376161992e-05, 3.03735796479e-05, 2.2396847271e-05, 2.04827883863e-05, 2.50301654887e-05, 1.31923643494e-05, 1.10034543468e-05, 1.82894018508e-05, 1.25973556351e-05, 8.16303600004e-06, 9.43901795836e-06, 1.05774533949e-05, 1.25635942823e-05, 1.2253874047e-05, 1.16216579045e-05, 1.02201047412e-05, 9.63163984125e-06, 6.83424832459e-06, 6.54777977616e-06, 8.14944905869e-06, 6.30494150755e-06, 6.91955710863e-06, 7.98577821115e-06, 8.37947391119e-06, 1.04596992969e-05, 7.37676737117e-06, 7.86036252975e-06, 5.07537652084e-06, 4.75074966744e-06, 4.12433655583e-06, 4.34733055954e-06, 3.17569515573e-06, 3.95853430746e-06, 5.0151643336e-06, 4.13806992583e-06, 3.88970966014e-06, 3.50690106643e-06, 4.28871817348e-06, 5.08803987032e-06, 3.61640400115e-06, 3.42460384672e-06, 3.85977273254e-06, 4.05900073019e-06, 4.27361646871e-06, 4.83970461573e-06, 4.63705464426e-06, 3.82833695767e-06, 3.62193350156e-06, 3.30438524543e-06, 3.6184937926e-06, 2.58333261627e-06, 2.49062554758e-06, 2.29806732932e-06, 2.40885628955e-06, 1.94650101548e-06, 1.80613551493e-06, 1.82230746759e-06, 2.19145204028e-06, 1.87468253898e-06, 1.69305621966e-06, 1.50872040194e-06, 1.31700380734e-06, 1.27361386149e-06, 1.09740142307e-06, 8.83722805156e-07, 6.86597843469e-07, 6.53662993955e-07, 6.24975257324e-07, 6.19447462213e-07, 3.81043804509e-07, 3.15646900617e-07, 2.94898200082e-07, 2.4291682621e-07, 1.9622817149e-07, 1.84775963419e-08, 5.84197360626e-12, 4.990268615e-12, 4.82964709891e-12, 4.70356262619e-12, 4.58668259623e-12, 4.49724155485e-12, 4.42210287485e-12, 4.36966565362e-12, 4.33149262985e-12, 4.29959670298e-12],
        "stdev": [0.00354807567783, 0.00428513623774, 0.0062615647912, 0.00618595303968, 0.00516134873033, 0.00455391593277, 0.00406419765204, 0.00363675830886, 0.00360525446013, 0.00298511399888, 0.0022349411156, 0.00199329061434, 0.00119930680376, 0.000952497066464, 0.000903305306565, 0.000777137407567, 0.000818475091364, 0.000463937496534, 0.000442109187134, 0.000737100315746, 0.00102601852268, 0.00042067625327, 0.000531197874807, 0.000542428402696, 0.00038747524377, 0.000528397096787, 0.000291438074782, 0.000522850255948, 0.00037525666994, 0.000217866807361, 0.000309446651954, 0.000196065884666, 0.000262848159764, 0.000739171111491, 0.000144317265949, 0.000158815455507, 0.000233986240346, 0.000292252952931, 0.000113739770313, 0.000189189202501, 0.000187303478015, 5.95437850279e-05, 0.00018442835426, 0.000167378209881, 9.35919670155e-05, 7.96452659415e-05, 6.6836248152e-05, 0.000101919460576, 2.77909693978e-05, 1.9428674932e-05, 4.29907158832e-05, 2.42976057052e-05, 1.38568102557e-05, 1.53652472363e-05, 1.80527367775e-05, 1.98069792532e-05, 2.18749901251e-05, 2.41213783738e-05, 1.84105083463e-05, 1.81734412763e-05, 1.46458560266e-05, 1.06777961264e-05, 1.17065792438e-05, 1.00369106804e-05, 1.58372240548e-05, 1.47669024955e-05, 1.58447892318e-05, 1.81647792488e-05, 1.18193538583e-05, 1.34702604555e-05, 1.12116249511e-05, 7.51468769522e-06, 8.03650527814e-06, 9.8451419035e-06, 5.50694949197e-06, 6.76282252243e-06, 8.94468303159e-06, 7.43123291613e-06, 7.04859485268e-06, 6.08026539339e-06, 7.11253369445e-06, 8.37608422444e-06, 5.55990482098e-06, 5.44418026038e-06, 5.8547534536e-06, 7.11235725248e-06, 8.2071937868e-06, 9.34955733101e-06, 9.1737783805e-06, 7.41356006984e-06, 6.66590040055e-06, 5.82387065151e-06, 6.58137014398e-06, 4.46576905233e-06, 4.17440423917e-06, 3.87858381146e-06, 4.65131097371e-06, 3.47483364749e-06, 3.04693617181e-06, 3.19774812851e-06, 4.05719174523e-06, 3.43376495948e-06, 3.27345583173e-06, 3.14082717523e-06, 2.61466539087e-06, 2.68227950073e-06, 2.18601371671e-06, 1.90446462511e-06, 1.55819350312e-06, 1.40567328799e-06, 1.39614508043e-06, 1.56230350967e-06, 9.4402656714e-07, 8.91404965842e-07, 9.48514809807e-07, 6.93599019996e-07, 5.29315002495e-07, 5.39190274651e-08, 9.68803075957e-12, 7.7859645814e-12, 7.54159755478e-12, 7.34277569303e-12, 7.17433317615e-12, 7.03577517427e-12, 6.92014804834e-12, 6.83179684699e-12, 6.76681930975e-12, 6.72576447661e-12]
    },
    "mfcc": {
        "mean": [-662.497375488, 116.230300903, 25.3851146698, 24.1249217987, 5.88967895508, 8.72789478302, 5.20232725143, 6.88548326492, -0.668518960476, 3.88946318626, 1.14489150047, 1.33889138699, 1.79240989685],
        "cov": [[14071.7783203, -1556.55908203, -1379.08483887, -1316.53564453, -888.016296387, -422.12600708, -444.25012207, -155.965042114, -182.248687744, -86.9808731079, -16.4796638489, -197.221374512, -115.663742065], [-1556.55908203, 2095.51586914, -250.69960022, 26.2247219086, 14.1166448593, -54.6459159851, 157.376724243, 11.5881376266, -50.3580360413, -91.5892028809, -28.6989440918, 15.202589035, 55.1767845154], [-1379.08483887, -250.69960022, 1130.83703613, 360.900970459, 298.340362549, 173.211074829, 59.9220962524, 29.0312194824, 74.8863296509, 80.4152984619, 32.2519798279, 35.309387207, 14.8734064102], [-1316.53564453, 26.2247219086, 360.900970459, 552.414978027, 290.513702393, 99.6237335205, 62.4429512024, 61.4933319092, 56.5703430176, 52.2945251465, 40.4702758789, 47.4074287415, 16.6995449066], [-888.016296387, 14.1166448593, 298.340362549, 290.513702393, 346.100219727, 141.551269531, 83.0546951294, 78.3959655762, 56.4465103149, 42.8913612366, 39.3571929932, 32.43516922, 15.0494232178], [-422.12600708, -54.6459159851, 173.211074829, 99.6237335205, 141.551269531, 225.251617432, 108.123268127, 69.5914916992, 56.0388145447, 47.0220069885, 28.7924079895, 21.0015850067, 14.123957634], [-444.25012207, 157.376724243, 59.9220962524, 62.4429512024, 83.0546951294, 108.123268127, 175.131881714, 91.314743042, 44.7240638733, 34.7890625, 30.4900150299, 30.7966442108, 31.3782444], [-155.965042114, 11.5881376266, 29.0312194824, 61.4933319092, 78.3959655762, 69.5914916992, 91.314743042, 162.951950073, 72.320022583, 49.2818489075, 48.8716583252, 38.3146514893, 28.9894962311], [-182.248687744, -50.3580360413, 74.8863296509, 56.5703430176, 56.4465103149, 56.0388145447, 44.7240638733, 72.320022583, 120.034202576, 65.1606826782, 34.7430534363, 28.6233291626, 20.655626297], [-86.9808731079, -91.5892028809, 80.4152984619, 52.2945251465, 42.8913612366, 47.0220069885, 34.7890625, 49.2818489075, 65.1606826782, 131.161682129, 65.8182907104, 34.4630317688, 20.4163131714], [-16.4796638489, -28.6989440918, 32.2519798279, 40.4702758789, 39.3571929932, 28.7924079895, 30.4900150299, 48.8716583252, 34.7430534363, 65.8182907104, 111.709510803, 51.9308357239, 22.3770618439], [-197.221374512, 15.202589035, 35.309387207, 47.4074287415, 32.43516922, 21.0015850067, 30.7966442108, 38.3146514893, 28.6233291626, 34.4630317688, 51.9308357239, 90.0579223633, 50.1124954224], [-115.663742065, 55.1767845154, 14.8734064102, 16.6995449066, 15.0494232178, 14.123957634, 31.3782444, 28.9894962311, 20.655626297, 20.4163131714, 22.3770618439, 50.1124954224, 90.0955352783]],
        "icov": [[0.000113389229227, 8.20190325612e-05, 7.44326898712e-05, 0.000172687126906, 5.20955727552e-05, 2.63491656369e-05, 0.000124319107272, -9.73025526037e-05, 6.32454757579e-05, 3.4547820178e-06, -0.000162306852872, 0.000191182349226, -5.50892618776e-05], [8.20190325612e-05, 0.00066722225165, 0.000197981004021, 3.19389691867e-05, -0.000103481877886, 0.000479911483126, -0.000883878208697, 0.000196345994482, 0.000130275759147, 0.00040673132753, -0.000109572334622, 0.000176525689312, -0.00034823056194], [7.44326898712e-05, 0.000197981004021, 0.00137482187711, -0.000360367062967, -0.000604907982051, -0.000407980201999, 2.68651165243e-05, 0.000570488336962, -0.000209589983569, -0.00033934955718, 0.000130997417727, 4.31964690506e-05, -0.000145390004036], [0.000172687126906, 3.19389691867e-05, -0.000360367062967, 0.00380027340725, -0.00261913589202, 0.000630877155345, 0.00023953015625, -9.93194771581e-05, -5.49119649804e-05, -0.000398548640078, 4.58190734207e-05, -0.000797510962002, 0.000379471544875], [5.20955727552e-05, -0.000103481877886, -0.000604907982051, -0.00261913589202, 0.00696776015684, -0.0024405203294, 0.000175079592736, -0.00133699586149, -3.09140377794e-05, 0.000729185238015, -0.000848403957207, 0.000489369791467, 8.38830019347e-05], [2.63491656369e-05, 0.000479911483126, -0.000407980201999, 0.000630877155345, -0.0024405203294, 0.00853749271482, -0.00450410926715, 0.000307739392156, -0.00104298151564, -0.000555948819965, 0.000195526648895, 0.000332629511831, 0.00036078467383], [0.000124319107272, -0.000883878208697, 2.68651165243e-05, 0.00023953015625, 0.000175079592736, -0.00450410926715, 0.0120776407421, -0.0046726083383, 0.000603920489084, -0.00062159524532, 3.86280771636e-05, -0.000112759553303, -0.0013184431009], [-9.73025526037e-05, 0.000196345994482, 0.000570488336962, -9.93194771581e-05, -0.00133699586149, 0.000307739392156, -0.0046726083383, 0.0119183873758, -0.00475677847862, 0.000489862984978, -0.00201334105805, -0.000737176393159, -0.000463757518446], [6.32454757579e-05, 0.000130275759147, -0.000209589983569, -5.49119649804e-05, -3.09140377794e-05, -0.00104298151564, 0.000603920489084, -0.00475677847862, 0.0145592233166, -0.00536533398554, 0.00143754587043, -0.000838047708385, -0.00047790032113], [3.4547820178e-06, 0.00040673132753, -0.00033934955718, -0.000398548640078, 0.000729185238015, -0.000555948819965, -0.00062159524532, 0.000489862984978, -0.00536533398554, 0.0141637530178, -0.00666701095179, 0.000742957519833, -0.000827435229439], [-0.000162306852872, -0.000109572334622, 0.000130997417727, 4.58190734207e-05, -0.000848403957207, 0.000195526648895, 3.86280771636e-05, -0.00201334105805, 0.00143754587043, -0.00666701095179, 0.016764100641, -0.00802517682314, 0.0020552854985], [0.000191182349226, 0.000176525689312, 4.31964690506e-05, -0.000797510962002, 0.000489369791467, 0.000332629511831, -0.000112759553303, -0.000737176393159, -0.000838047708385, 0.000742957519833, -0.00802517682314, 0.0220817811787, -0.00984463002533], [-5.50892618776e-05, -0.00034823056194, -0.000145390004036, 0.000379471544875, 8.38830019347e-05, 0.00036078467383, -0.0013184431009, -0.000463757518446, -0.00047790032113, -0.000827435229439, 0.0020552854985, -0.00984463002533, 0.0169956982136]]
    },
    "spectral_contrast_coeffs": {
        "mean": [-0.678597390652, -0.747915327549, -0.759785294533, -0.799048244953, -0.799350559711, -0.790779232979],
        "stdev": [0.0943405404687, 0.084681622684, 0.0838397219777, 0.0632230192423, 0.0501885153353, 0.0425615869462]
    },
    "spectral_contrast_valleys": {
        "mean": [-6.85383749008, -7.09139251709, -7.86187601089, -8.26251602173, -8.11668300629, -10.2059574127],
        "stdev": [1.92267215252, 2.09973573685, 2.17196941376, 2.15390896797, 2.20598530769, 2.22550678253]
    }
},
"rhythm": {
    "beats_count": 751,
    "beats_loudness": {
        "mean": 0.0565396361053,
        "stdev": 0.0321187786758
    },
    "bpm": 156.242721558,
    "bpm_histogram_first_peak_bpm": 157,
    "bpm_histogram_first_peak_weight": 0.28440362215,
    "bpm_histogram_second_peak_bpm": 152,
    "bpm_histogram_second_peak_spread": 0.344262301922,
    "bpm_histogram_second_peak_weight": 0.0533333346248,
    "danceability": 1.23380422592,
    "onset_rate": 4.60286092758,
    "beats_loudness_band_ratio": {
        "mean": [0.588151812553, 0.164846107364, 0.133382439613, 0.0814558565617, 0.0247400384396, 0.0469960905612],
        "stdev": [0.2727214396, 0.137843698263, 0.123885400593, 0.111314147711, 0.0371292568743, 0.0764235109091]
    },
    "beats_position": [0.371519267559, 0.754648506641, 1.13777780533, 1.50929701328, 1.89242625237, 2.27555561066, 2.6470746994, 3.03020405769, 3.41333317757, 3.78485250473, 4.1679816246, 4.55111122131, 4.93424034119, 5.31736946106, 5.70049858093, 6.08362817764, 6.47836732864, 6.86149644852, 7.24462556839, 7.61614513397, 7.97605419159, 8.34757328033, 8.71909236908, 9.10222244263, 9.47374153137, 9.85687065125, 10.22838974, 10.5999088287, 10.9714279175, 11.3429479599, 11.7144670486, 12.0975961685, 12.4807252884, 12.8638544083, 13.2469835281, 13.6301136017, 14.0016326904, 14.3731517792, 14.7446708679, 15.1277999878, 15.5109291077, 15.8940582275, 16.2771873474, 16.6487064362, 17.031835556, 17.4149665833, 17.786485672, 18.1580047607, 18.5411338806, 18.9242630005, 19.3073921204, 19.6905212402, 20.062040329, 20.4451694489, 20.8282985687, 21.1998176575, 21.5829467773, 21.9660758972, 22.3375968933, 22.7207260132, 23.1038551331, 23.4869842529, 23.8701133728, 24.2416324615, 24.6131515503, 24.9962806702, 25.37940979, 25.7509288788, 26.1340579987, 26.5171871185, 26.8887062073, 27.2718353271, 27.6549663544, 28.0264854431, 28.409614563, 28.7927436829, 29.1642627716, 29.5473918915, 29.9305210114, 30.3020401001, 30.68516922, 31.0682983398, 31.4514274597, 31.8345565796, 32.2060775757, 32.5892066956, 32.9723358154, 33.3438529968, 33.7269821167, 34.1101112366, 34.4816322327, 34.8647613525, 35.2478904724, 35.6310195923, 36.0141487122, 36.3856697083, 36.7571868896, 37.1403160095, 37.5234451294, 37.9065742493, 38.2897033691, 38.6612243652, 39.0443534851, 39.427482605, 39.7989997864, 40.1821289062, 40.5652618408, 40.9367790222, 41.3199081421, 41.703037262, 42.0745582581, 42.4576873779, 42.8408164978, 43.2123336792, 43.5954627991, 43.9785919189, 44.3617210388, 44.7448501587, 45.1163711548, 45.4995002747, 45.8826293945, 46.2541503906, 46.6372795105, 47.0204086304, 47.4383659363, 47.8563270569, 48.2742843628, 48.6922454834, 49.1102027893, 49.4933319092, 49.8764610291, 50.2479820251, 50.631111145, 51.0142402649, 51.3857574463, 51.7688865662, 52.152015686, 52.5235366821, 52.906665802, 53.2897949219, 53.661315918, 54.0560531616, 54.4275741577, 54.7990913391, 55.182220459, 55.5653495789, 55.9484786987, 56.3316078186, 56.7031288147, 57.0862579346, 57.4693870544, 57.8409042358, 58.2240333557, 58.6071662903, 58.9786834717, 59.37342453, 59.7449417114, 60.1164627075, 60.4995918274, 60.8827209473, 61.2542381287, 61.648979187, 62.0204963684, 62.4036254883, 62.7867546082, 63.1582756042, 63.5414047241, 63.924533844, 64.2960510254, 64.67918396, 65.0623092651, 65.4338302612, 65.8169631958, 66.200088501, 66.5716094971, 66.9547348022, 67.3378677368, 67.7093887329, 68.0925140381, 68.4756469727, 68.8587722778, 69.2419052124, 69.6134262085, 69.9965515137, 70.3796844482, 70.7511978149, 71.1343307495, 71.5174560547, 71.8889770508, 72.2721099854, 72.6552352905, 73.0267562866, 73.4098815918, 73.7930145264, 74.1645355225, 74.5476608276, 74.9307937622, 75.3139190674, 75.697052002, 76.068572998, 76.4516983032, 76.8348312378, 77.2063446045, 77.5894775391, 77.9726028442, 78.3441238403, 78.7272567749, 79.1103820801, 79.4935150146, 79.8766403198, 80.2481613159, 80.6312942505, 81.0144195557, 81.3859405518, 81.7690658569, 82.1521987915, 82.5237197876, 82.9068450928, 83.2899780273, 83.661491394, 84.0446243286, 84.4277572632, 84.7992706299, 85.1824035645, 85.5539245605, 85.9370498657, 86.3201828003, 86.7033081055, 87.08644104, 87.4695663452, 87.8410873413, 88.2242126465, 88.6073455811, 88.9788665771, 89.3619918823, 89.7451248169, 90.116645813, 90.4997711182, 90.8829040527, 91.2660293579, 91.6491622925, 92.0206756592, 92.4038085938, 92.7869338989, 93.158454895, 93.5415878296, 93.9247131348, 94.2962341309, 94.667755127, 95.0508804321, 95.4340133667, 95.8171386719, 96.2002716064, 96.5717926025, 96.9549179077, 97.3380508423, 97.7211761475, 98.1159133911, 98.5106582642, 98.9053955078, 99.3117446899, 99.8225860596, 100.3334198, 100.844261169, 101.378318787, 101.912376404, 102.434829712, 102.87600708, 103.328796387, 103.769973755, 104.187934875, 104.605895996, 105.012245178, 105.41859436, 105.813331604, 106.208068848, 106.61441803, 107.009155273, 107.392288208, 107.775421143, 108.158546448, 108.541679382, 108.924804688, 109.307937622, 109.691062927, 110.074195862, 110.457321167, 110.828842163, 111.211967468, 111.595100403, 111.966621399, 112.349746704, 112.732879639, 113.116004944, 113.499137878, 113.882263184, 114.277008057, 114.6717453, 115.066482544, 115.472831726, 115.86756897, 116.262313843, 116.657051086, 117.063400269, 117.469749451, 117.876098633, 118.282447815, 118.677185059, 119.071922302, 119.478271484, 119.884620667, 120.27936554, 120.674102783, 121.068840027, 121.451972961, 121.835098267, 122.218231201, 122.601356506, 122.972877502, 123.356010437, 123.739135742, 124.110656738, 124.493782043, 124.876914978, 125.260040283, 125.643173218, 126.014694214, 126.397819519, 126.780952454, 127.15246582, 127.535598755, 127.91872406, 128.290252686, 128.673370361, 129.056503296, 129.428024292, 129.811157227, 130.194290161, 130.577407837, 130.948928833, 131.320449829, 131.703582764, 132.086715698, 132.469833374, 132.852966309, 133.236099243, 133.607620239, 133.979141235, 134.362258911, 134.745391846, 135.116912842, 135.488433838, 135.871566772, 136.254684448, 136.637817383, 137.020950317, 137.404083252, 137.775604248, 138.158721924, 138.541854858, 138.924987793, 139.296508789, 139.679641724, 140.062759399, 140.445892334, 140.829025269, 141.200546265, 141.572067261, 141.955184937, 142.338317871, 142.709838867, 143.092971802, 143.476104736, 143.847610474, 144.230743408, 144.613876343, 144.985397339, 145.368530273, 145.751647949, 146.134780884, 146.517913818, 146.889434814, 147.27255249, 147.655685425, 148.027206421, 148.410339355, 148.79347229, 149.164993286, 149.548110962, 149.931243896, 150.314376831, 150.685897827, 151.069015503, 151.440536499, 151.823669434, 152.206802368, 152.589935303, 152.973052979, 153.356185913, 153.727706909, 154.110839844, 154.48236084, 154.865478516, 155.24861145, 155.631744385, 156.014877319, 156.409606934, 156.815963745, 157.222305298, 157.617050171, 158.011795044, 158.406524658, 158.801269531, 159.195999146, 159.590744019, 159.973876953, 160.357009888, 160.740127563, 161.123260498, 161.518005371, 161.889526367, 162.261047363, 162.644165039, 163.027297974, 163.410430908, 163.793563843, 164.16506958, 164.548202515, 164.931335449, 165.302856445, 165.68598938, 166.069107056, 166.45223999, 166.835372925, 167.206893921, 167.590026855, 167.973144531, 168.344665527, 168.727798462, 169.110931396, 169.482452393, 169.865570068, 170.248703003, 170.620223999, 171.003356934, 171.386474609, 171.757995605, 172.14112854, 172.524261475, 172.895782471, 173.278915405, 173.662033081, 174.033554077, 174.416687012, 174.799819946, 175.182937622, 175.566070557, 175.937591553, 176.320724487, 176.703857422, 177.075378418, 177.458496094, 177.841629028, 178.213150024, 178.596282959, 178.979400635, 179.362533569, 179.745666504, 180.1171875, 180.500320435, 180.88343811, 181.254959106, 181.638092041, 182.021224976, 182.392745972, 182.775863647, 183.158996582, 183.530517578, 183.913650513, 184.296783447, 184.668289185, 185.051422119, 185.434555054, 185.80607605, 186.200805664, 186.57232666, 186.943847656, 187.326980591, 187.710113525, 188.09324646, 188.476364136, 188.847885132, 189.231018066, 189.614151001, 189.985671997, 190.368789673, 190.751922607, 191.123443604, 191.506576538, 191.889694214, 192.272827148, 192.655960083, 193.027481079, 193.399002075, 193.78213501, 194.165252686, 194.536773682, 194.919906616, 195.303039551, 195.686157227, 196.069290161, 196.440811157, 196.823944092, 197.207077026, 197.578598022, 197.961715698, 198.344848633, 198.716369629, 199.099502563, 199.482620239, 199.865753174, 200.248886108, 200.620407104, 201.003540039, 201.386657715, 201.758178711, 202.141311646, 202.52444458, 202.907577515, 203.279083252, 203.662216187, 204.033737183, 204.428482056, 204.800003052, 205.183120728, 205.566253662, 205.937774658, 206.309295654, 206.692428589, 207.075546265, 207.447067261, 207.830200195, 208.21333313, 208.596466064, 208.97958374, 209.351104736, 209.745849609, 210.163803101, 210.581771851, 211.01133728, 211.417678833, 211.812423706, 212.195556641, 212.578674316, 212.961807251, 213.344940186, 213.716461182, 214.099594116, 214.482711792, 214.854232788, 215.237365723, 215.620498657, 215.992019653, 216.375137329, 216.758270264, 217.12979126, 217.512924194, 217.896057129, 218.267562866, 218.650695801, 219.033828735, 219.41696167, 219.800079346, 220.171600342, 220.554733276, 220.937866211, 221.309387207, 221.692520142, 222.075637817, 222.447158813, 222.830291748, 223.213424683, 223.596542358, 223.979675293, 224.351196289, 224.722717285, 225.10585022, 225.488967896, 225.87210083, 226.255233765, 226.626754761, 226.998275757, 227.381408691, 227.764526367, 228.147659302, 228.530792236, 228.902313232, 229.285430908, 229.668563843, 230.051696777, 230.434829712, 230.806350708, 231.189468384, 231.572601318, 231.944122314, 232.327255249, 232.710388184, 233.105117798, 233.499862671, 233.894592285, 234.300949097, 234.69569397, 235.102035522, 235.508392334, 235.914733887, 236.30947876, 236.692596436, 237.07572937, 237.447250366, 237.830383301, 238.213516235, 238.596633911, 238.979766846, 239.351287842, 239.734420776, 240.117553711, 240.489059448, 240.872192383, 241.255325317, 241.626846313, 242.009979248, 242.393096924, 242.76461792, 243.147750854, 243.530883789, 243.902404785, 244.285522461, 244.668655396, 245.05178833, 245.434921265, 245.806442261, 246.189559937, 246.572692871, 246.944213867, 247.327346802, 247.710464478, 248.081985474, 248.465118408, 248.848251343, 249.219772339, 249.602905273, 249.986022949, 250.357543945, 250.74067688, 251.123809814, 251.50692749, 251.890060425, 252.261581421, 252.633102417, 253.02784729, 253.399353027, 253.782485962, 254.165618896, 254.537139893, 254.920272827, 255.303390503, 255.674911499, 256.058044434, 256.441162109, 256.812683105, 257.195831299, 257.578948975, 257.96206665, 258.345214844, 258.71673584, 259.099853516, 259.483001709, 259.854522705, 260.237640381, 260.620758057, 260.992279053, 261.375427246, 261.758544922, 262.130065918, 262.513183594, 262.896331787, 263.267852783, 263.650970459, 264.034088135, 264.417236328, 264.800354004, 265.171875, 265.554992676, 265.938140869, 266.309661865, 266.692779541, 267.075927734, 267.447418213, 267.830566406, 268.213684082, 268.585205078, 268.968353271, 269.351470947, 269.734588623, 270.117736816, 270.489257812, 270.872375488, 271.255493164, 271.62701416, 272.010162354, 272.393280029, 272.764801025, 273.147918701, 273.531066895, 273.902587891, 274.285705566, 274.668823242, 275.040344238, 275.423492432, 275.806610107, 276.189758301, 276.572875977, 276.944396973, 277.327514648, 277.710662842, 278.082183838, 278.465301514, 278.848419189, 279.219940186, 279.603088379, 279.986206055, 280.357727051, 280.740844727, 281.12399292, 281.495513916, 281.890258789, 282.261749268, 282.644897461, 283.028015137, 283.399536133, 283.782684326, 284.165802002, 284.548919678, 284.932067871, 285.315185547, 285.698303223, 286.081451416, 286.464569092, 286.870910645, 287.277282715, 287.683624268],
    "bpm_histogram": [0, 0, 0, 0, 0, 0, 0, 0, 0, 0, 0, 0, 0, 0, 0, 0, 0, 0, 0, 0, 0, 0, 0, 0, 0, 0, 0, 0, 0, 0, 0, 0, 0, 0, 0, 0, 0, 0, 0, 0, 0, 0, 0, 0, 0, 0, 0, 0, 0, 0, 0, 0, 0, 0, 0, 0, 0, 0, 0, 0, 0, 0, 0, 0, 0, 0, 0, 0, 0, 0, 0, 0, 0, 0, 0, 0, 0, 0, 0, 0, 0, 0, 0, 0, 0, 0, 0, 0, 0, 0, 0, 0, 0, 0, 0, 0, 0, 0, 0, 0, 0, 0, 0, 0, 0, 0, 0, 0, 0, 0, 0, 0, 0.00266666663811, 0, 0, 0.00133333331905, 0, 0.00400000018999, 0, 0, 0, 0, 0, 0, 0, 0, 0, 0, 0, 0, 0, 0, 0, 0.00133333331905, 0, 0, 0.00266666663811, 0, 0, 0, 0.00133333331905, 0, 0, 0, 0.0120000001043, 0, 0, 0, 0.0280000008643, 0, 0, 0, 0.0533333346248, 0, 0, 0, 0, 0.624000012875, 0, 0, 0, 0.247999995947, 0.019999999553, 0, 0, 0, 0, 0.00133333331905, 0, 0, 0, 0, 0, 0, 0, 0, 0, 0, 0, 0, 0, 0, 0, 0, 0, 0, 0, 0, 0, 0, 0, 0, 0, 0, 0, 0, 0, 0, 0, 0, 0, 0, 0, 0, 0, 0, 0, 0, 0, 0, 0, 0, 0, 0, 0, 0, 0, 0, 0, 0, 0, 0, 0, 0, 0, 0, 0, 0, 0, 0, 0, 0, 0, 0, 0, 0, 0, 0, 0, 0, 0, 0, 0, 0, 0, 0, 0, 0, 0, 0]
},
"tonal": {
    "chords_changes_rate": 0.056208729744,
    "chords_number_rate": 0.00112739566248,
    "chords_strength": {
        "mean": 0.606951713562,
        "stdev": 0.12162065506
    },
    "hpcp_crest": {
        "mean": 13.1077861786,
        "stdev": 6.10686540604
    },
    "hpcp_entropy": {
        "mean": 2.01220607758,
        "stdev": 0.749792575836
    },
    "key_edma": {
        "strength": 0.721267640591,
        "key": "F",
        "scale": "minor"
    },
    "key_krumhansl": {
        "strength": 0.731223225594,
        "key": "F",
        "scale": "minor"
    },
    "key_temperley": {
        "strength": 0.735203504562,
