{
"metadata": {
    "version": {
        "essentia": "2.1-dev",
        "essentia_git_sha": "v2.1_beta3-415-gd5473f3",
        "extractor": "music 2.0"
    },
    "audio_properties": {
        "analysis": {
            "equal_loudness": 0,
            "length": 222.589385986,
            "sample_rate": 44100,
            "start_time": 0,
            "downmix": "mix"
        },
        "bit_rate": 192000,
        "length": 222.589385986,
        "lossless": 0,
        "number_channels": 2,
        "replay_gain": -9.60051727295,
        "sample_rate": 44100,
        "codec": "mp3",
        "md5_encoded": "b1c47112be3ff05669ef73fcc2841b70"
    },
    "tags": {
        "file_name": "freedom_2002.mp3"
    }
},
"lowlevel": {
    "average_loudness": 0.925624847412,
    "barkbands_crest": {
        "mean": 10.5009765625,
        "stdev": 5.51500654221
    },
    "barkbands_flatness_db": {
        "mean": 0.152841538191,
        "stdev": 0.0677509829402
    },
    "barkbands_kurtosis": {
        "mean": 4.29048013687,
        "stdev": 12.4529647827
    },
    "barkbands_skewness": {
        "mean": 1.38698208332,
        "stdev": 1.46579694748
    },
    "barkbands_spread": {
        "mean": 25.1136798859,
        "stdev": 15.7409343719
    },
    "dissonance": {
        "mean": 0.467909425497,
        "stdev": 0.0298312939703
    },
    "dynamic_complexity": 2.9950876236,
    "erbbands_crest": {
        "mean": 9.11357784271,
        "stdev": 4.32691383362
    },
    "erbbands_flatness_db": {
        "mean": 0.163032829762,
        "stdev": 0.0702986642718
    },
    "erbbands_kurtosis": {
        "mean": 0.497832417488,
        "stdev": 2.29446363449
    },
    "erbbands_skewness": {
        "mean": 0.188333034515,
        "stdev": 0.800336658955
    },
    "erbbands_spread": {
        "mean": 37.5718994141,
        "stdev": 20.0573406219
    },
    "hfc": {
        "mean": 28.5825061798,
        "stdev": 25.2752227783
    },
    "loudness_ebu128": {
        "integrated": -12.3531303406,
        "loudness_range": 4.65803337097,
        "momentary": {
            "mean": -13.3854217529,
            "stdev": 4.70050382614
        },
        "short_term": {
            "mean": -12.8170633316,
            "stdev": 2.11993765831
        }
    },
    "melbands_crest": {
        "mean": 14.3995981216,
        "stdev": 6.84084177017
    },
    "melbands_flatness_db": {
        "mean": 0.195158600807,
        "stdev": 0.0890161991119
    },
    "melbands_kurtosis": {
        "mean": 13.2329502106,
        "stdev": 25.4428081512
    },
    "melbands_skewness": {
        "mean": 2.45928454399,
        "stdev": 1.92961668968
    },
    "melbands_spread": {
        "mean": 27.6139087677,
        "stdev": 20.6209754944
    },
    "pitch_salience": {
        "mean": 0.530176103115,
        "stdev": 0.150956317782
    },
    "silence_rate_20dB": {
        "mean": 1,
        "stdev": 0
    },
    "silence_rate_30dB": {
        "mean": 0.903838157654,
        "stdev": 0.294829159975
    },
    "silence_rate_60dB": {
        "mean": 0.07196495682,
        "stdev": 0.2584425807
    },
    "spectral_centroid": {
        "mean": 1576.23303223,
        "stdev": 705.586486816
    },
    "spectral_complexity": {
        "mean": 20.7461414337,
        "stdev": 10.2549743652
    },
    "spectral_decrease": {
        "mean": -9.64374802237e-09,
        "stdev": 9.79049019634e-09
    },
    "spectral_energy": {
        "mean": 0.038990367204,
        "stdev": 0.0377534627914
    },
    "spectral_energyband_high": {
        "mean": 0.0013370065717,
        "stdev": 0.00211961916648
    },
    "spectral_energyband_low": {
        "mean": 0.0215441286564,
        "stdev": 0.0341213904321
    },
    "spectral_energyband_middle_high": {
        "mean": 0.00769810937345,
        "stdev": 0.00676037045196
    },
    "spectral_energyband_middle_low": {
        "mean": 0.00942290667444,
        "stdev": 0.0084892809391
    },
    "spectral_entropy": {
        "mean": 7.61612987518,
        "stdev": 0.523369014263
    },
    "spectral_flux": {
        "mean": 0.107949838042,
        "stdev": 0.066370844841
    },
    "spectral_kurtosis": {
        "mean": 5.96216249466,
        "stdev": 12.5375137329
    },
    "spectral_rms": {
        "mean": 0.005450155586,
        "stdev": 0.0028870718088
    },
    "spectral_rolloff": {
        "mean": 1765.47558594,
        "stdev": 1682.35961914
    },
    "spectral_skewness": {
        "mean": 1.60357928276,
        "stdev": 0.837732255459
    },
    "spectral_spread": {
        "mean": 4846771,
        "stdev": 2205895.25
    },
    "spectral_strongpeak": {
        "mean": 0.98879802227,
        "stdev": 1.30146348476
    },
    "zerocrossingrate": {
        "mean": 0.0703247189522,
        "stdev": 0.0417160652578
    },
    "barkbands": {
        "mean": [0.000587095331866, 0.0164980385453, 0.00364198628813, 0.00142211024649, 0.0022450464312, 0.00169489253312, 0.00137085933238, 0.00128621165641, 0.00101273588371, 0.00147029804066, 0.0015939095756, 0.000537042389624, 0.000644493498839, 0.000689939653967, 0.000651038135402, 0.000593373144511, 0.000414498645114, 0.000379337143386, 0.000690203858539, 0.000379137636628, 0.000167354693986, 0.000174439570401, 0.000246886105742, 0.000253621459706, 0.000189679820323, 0.000156050547957, 1.42825651306e-09],
        "stdev": [0.00125520233996, 0.0292956177145, 0.0101845292374, 0.00336000090465, 0.00252794940025, 0.00227462430485, 0.00218663737178, 0.00211109197699, 0.00159097323194, 0.0024641030468, 0.00318818166852, 0.000930708542001, 0.0010298693087, 0.00107455998659, 0.000982183613814, 0.00124651310034, 0.000909775844775, 0.000602258893196, 0.000963802798651, 0.000534112507012, 0.000259367079707, 0.000342064886354, 0.000469542108476, 0.000579668558203, 0.000359221565304, 0.000340209982824, 2.2812658429e-09]
    },
    "erbbands": {
        "mean": [0.535167336464, 3.43554449081, 4.52851390839, 5.01853752136, 5.50823307037, 7.64027929306, 10.436835289, 15.070066452, 18.4326229095, 28.5517082214, 22.5461196899, 25.5207557678, 31.5255794525, 51.1423149109, 65.9125900269, 26.6676712036, 30.3667411804, 35.1504936218, 37.7536010742, 32.186794281, 28.2263965607, 21.7335643768, 18.3361778259, 29.1459598541, 35.2331504822, 20.6017112732, 7.82362985611, 6.52220439911, 6.03671312332, 6.85124969482, 7.40400743484, 5.97129201889, 3.6555044651, 2.13620829582, 1.36638128757, 0.75165438652, 0.288759171963, 0.0232623461634, 0.000454768916825, 6.88617146807e-05],
        "stdev": [0.953162431717, 6.56914615631, 10.9364471436, 13.8346376419, 7.57452297211, 9.48192501068, 13.8122110367, 22.3892593384, 30.2552165985, 43.497505188, 38.1064300537, 41.6717567444, 50.8869247437, 88.9486312866, 135.490646362, 40.9407920837, 47.4088439941, 55.0908699036, 58.0473861694, 45.8689346313, 55.6333847046, 47.8191070557, 27.2075462341, 45.9298171997, 50.6104507446, 29.1779899597, 12.0565319061, 10.2272624969, 11.5748672485, 13.4669494629, 14.2496576309, 15.2255859375, 7.22096538544, 4.04271936417, 2.60934638977, 1.55904781818, 0.649777829647, 0.0550900883973, 0.00100328715052, 7.12684195605e-05]
    },
    "gfcc": {
        "mean": [0.738180398941, 92.3936767578, -124.46799469, 29.759803772, -61.0731048584, 19.0351905823, -36.1947402954, 13.7921943665, -22.959733963, 2.66048526764, -6.54554700851, -2.29617524147, -7.03612279892],
        "cov": [[13305.734375, -2741.29833984, 1742.97888184, 1139.2755127, -279.726043701, 823.832824707, -351.293548584, 864.727844238, -495.56539917, 796.247070312, -573.420959473, 636.142822266, -481.603118896], [-2741.29833984, 2309.22216797, -484.788970947, -63.0693893433, 447.52822876, -260.146026611, 396.611175537, -330.709381104, 336.600738525, -366.195495605, 334.930877686, -324.374908447, 280.906036377], [1742.97888184, -484.788970947, 1942.38818359, 357.143859863, 175.225784302, 311.262878418, -96.4974594116, 262.862365723, -28.4250259399, 335.976257324, -301.970336914, 410.086181641, -156.814529419], [1139.2755127, -63.0693893433, 357.143859863, 673.41015625, 84.3056640625, 114.750114441, 21.4511470795, 131.313903809, 99.3728179932, 14.8234195709, 67.5347290039, 18.863658905, 43.8341522217], [-279.726043701, 447.52822876, 175.225784302, 84.3056640625, 428.620269775, 43.7614021301, 107.064666748, 18.8140850067, 95.6554336548, 10.565123558, 5.0045542717, 33.4082984924, 52.8129577637], [823.832824707, -260.146026611, 311.262878418, 114.750114441, 43.7614021301, 310.225769043, 55.1260566711, 96.2663726807, -23.2118835449, 113.574440002, -44.3492126465, 77.7831420898, -15.7078208923], [-351.293548584, 396.611175537, -96.4974594116, 21.4511470795, 107.064666748, 55.1260566711, 281.89553833, -32.356388092, 62.3514709473, -38.3946723938, 88.4140472412, -51.1965484619, 47.2855415344], [864.727844238, -330.709381104, 262.862365723, 131.313903809, 18.8140850067, 96.2663726807, -32.356388092, 223.812896729, 2.00535869598, 107.328010559, -45.2583580017, 90.6319046021, -34.500705719], [-495.56539917, 336.600738525, -28.4250259399, 99.3728179932, 95.6554336548, -23.2118835449, 62.3514709473, 2.00535869598, 208.100296021, -30.6080169678, 81.9800491333, -39.3103942871, 75.2587814331], [796.247070312, -366.195495605, 335.976257324, 14.8234195709, 10.565123558, 113.574440002, -38.3946723938, 107.328010559, -30.6080169678, 217.240997314, -75.9591598511, 133.946914673, -59.6821937561], [-573.420959473, 334.930877686, -301.970336914, 67.5347290039, 5.0045542717, -44.3492126465, 88.4140472412, -45.2583580017, 81.9800491333, -75.9591598511, 214.073974609, -107.486999512, 82.2122573853], [636.142822266, -324.374908447, 410.086181641, 18.863658905, 33.4082984924, 77.7831420898, -51.1965484619, 90.6319046021, -39.3103942871, 133.946914673, -107.486999512, 205.623886108, -40.7257423401], [-481.603118896, 280.906036377, -156.814529419, 43.8341522217, 52.8129577637, -15.7078208923, 47.2855415344, -34.500705719, 75.2587814331, -59.6821937561, 82.2122573853, -40.7257423401, 128.959533691]],
        "icov": [[0.00018474413082, -0.000140173840919, 0.000169109771377, -0.000434944027802, 0.000195764878299, -0.000249493052252, 9.27600558498e-05, -0.00033182874904, 0.000356653996278, -0.000390524219256, 0.000356733595254, -0.000266896531684, 0.000414817914134], [-0.000140173840919, 0.00225940300152, -0.00099549186416, 0.00108262756839, -0.00172773736995, 0.00140152592212, -0.00152817484923, 0.00152232090477, -0.00127762684133, 0.00149956217501, -0.00143172417302, 0.00219096359797, -0.00213341740891], [0.000169109771377, -0.00099549186416, 0.00182874279562, -0.00136017764453, 0.000552226090804, -0.00116738607176, 0.000712268287316, -0.000592869124375, 0.00021179189207, -0.00114064803347, 0.00166419299785, -0.00275283679366, 0.00211615976878], [-0.000434944027802, 0.00108262756839, -0.00136017764453, 0.00365642295219, -0.0010847490048, 0.000431494845543, -0.000338720274158, -5.7925357396e-05, -0.00163770921063, 0.00221237749793, -0.00252130464651, 0.00189929024782, -0.00208709179424], [0.000195764878299, -0.00172773736995, 0.000552226090804, -0.0010847490048, 0.00448444671929, -0.00104037194978, -3.45537637259e-06, -0.00129453535192, 9.20832826523e-05, -0.00126953492872, 0.00195884169079, -0.00209618499503, 0.000674420094583], [-0.000249493052252, 0.00140152592212, -0.00116738607176, 0.000431494845543, -0.00104037194978, 0.00627601519227, -0.00270070647821, 0.000206050492125, 0.00025850199745, -0.00107377499808, -0.000332592375344, 0.00227773166262, -0.00303137279116], [9.27600558498e-05, -0.00152817484923, 0.000712268287316, -0.000338720274158, -3.45537637259e-06, -0.00270070647821, 0.00624784035608, -0.000465772347525, 0.000221649330342, -0.000291532516712, -0.0010295555694, -0.0012302986579, 0.00191690970678], [-0.00033182874904, 0.00152232090477, -0.000592869124375, -5.7925357396e-05, -0.00129453535192, 0.000206050492125, -0.000465772347525, 0.00862367916852, -0.00204794411547, -0.000594419718254, -0.0011702083284, 0.000111776666017, -0.000521954207215], [0.000356653996278, -0.00127762684133, 0.00021179189207, -0.00163770921063, 9.20832826523e-05, 0.00025850199745, 0.000221649330342, -0.00204794411547, 0.00885964836925, -0.00210655247793, -0.000118440824735, 0.000113522677566, -0.00174015853554], [-0.000390524219256, 0.00149956217501, -0.00114064803347, 0.00221237749793, -0.00126953492872, -0.00107377499808, -0.000291532516712, -0.000594419718254, -0.00210655247793, 0.0118609173223, -0.00273215887137, -0.00290881539695, 0.00101483310573], [0.000356733595254, -0.00143172417302, 0.00166419299785, -0.00252130464651, 0.00195884169079, -0.000332592375344, -0.0010295555694, -0.0011702083284, -0.000118440824735, -0.00273215887137, 0.0111814821139, 0.000926540524233, -0.0014776873868], [-0.000266896531684, 0.00219096359797, -0.00275283679366, 0.00189929024782, -0.00209618499503, 0.00227773166262, -0.0012302986579, 0.000111776666017, 0.000113522677566, -0.00290881539695, 0.000926540524233, 0.0149078303948, -0.00544050242752], [0.000414817914134, -0.00213341740891, 0.00211615976878, -0.00208709179424, 0.000674420094583, -0.00303137279116, 0.00191690970678, -0.000521954207215, -0.00174015853554, 0.00101483310573, -0.0014776873868, -0.00544050242752, 0.0164544545114]]
    },
    "melbands": {
        "mean": [0.00476004835218, 0.00319472374395, 0.000887097325176, 0.000470881903311, 0.000378003518563, 0.000335504999384, 0.000280127773294, 0.000314214965329, 0.000178832269739, 0.000153493121616, 0.000157281130669, 0.00020488948212, 0.000222476213821, 9.01251914911e-05, 7.33414635761e-05, 5.30410288775e-05, 6.80664961692e-05, 6.24379827059e-05, 3.72951217287e-05, 5.08900920977e-05, 2.84818815999e-05, 2.31985541177e-05, 1.72753480001e-05, 1.93122377823e-05, 2.27154596359e-05, 2.87529601337e-05, 1.79787239176e-05, 1.23119216369e-05, 5.19893637829e-06, 3.49722859028e-06, 3.92317315345e-06, 3.23352310261e-06, 3.63224125977e-06, 3.86075680581e-06, 4.58850900031e-06, 3.73195643988e-06, 3.57604130841e-06, 2.69940028375e-06, 2.07303173738e-06, 1.6675464849e-06],
        "stdev": [0.00835128966719, 0.00627557840198, 0.00213069631718, 0.00057025521528, 0.000459764240077, 0.000477667548694, 0.000452040316304, 0.000481595430756, 0.000291039817967, 0.000263725174591, 0.000257943815086, 0.000379550736398, 0.000444005447207, 0.000171748251887, 0.000115982773423, 7.58379756007e-05, 0.000117992378364, 9.96128073893e-05, 5.17887747264e-05, 0.00010500139615, 6.4519168518e-05, 6.10467614024e-05, 3.1488823879e-05, 3.43017891282e-05, 4.16031216446e-05, 4.37256712758e-05, 2.60675733443e-05, 1.82509702427e-05, 8.73731914908e-06, 5.83405608268e-06, 6.51899654258e-06, 6.24396170679e-06, 8.13580209069e-06, 7.57642237659e-06, 9.08077981876e-06, 8.51077220432e-06, 9.88035026239e-06, 5.59559748581e-06, 3.92155834561e-06, 3.23726271745e-06]
    },
    "melbands128": {
        "mean": [0.000555535254534, 0.00400467403233, 0.00717659387738, 0.00510938186198, 0.00261890213005, 0.00173890276346, 0.00105211127084, 0.000631583679933, 0.000543825794011, 0.000489750469569, 0.000367676577298, 0.000430968240835, 0.000321402796544, 0.000375392846763, 0.00037340563722, 0.000290075025987, 0.000273454497801, 0.00029941831599, 0.000222115122597, 0.000367426750017, 0.000379424804123, 0.000174306012923, 0.000154280365678, 0.000171020103153, 0.000194875101442, 0.000121657198179, 0.000116576702567, 0.000175301625859, 0.00014259199088, 0.00028834384284, 0.000164650526131, 0.000170273022377, 0.000249413249549, 0.000298972037854, 6.76217387081e-05, 5.6020970078e-05, 6.34159223409e-05, 5.44422982784e-05, 0.000114446971565, 5.74666300963e-05, 3.41587838193e-05, 4.66558158223e-05, 7.55380824558e-05, 8.17989421193e-05, 4.24577847298e-05, 7.96294407337e-05, 5.95122983214e-05, 2.27591754083e-05, 3.54709882231e-05, 4.43470016762e-05, 6.50937436149e-05, 4.49962681159e-05, 2.38155498664e-05, 2.72487814073e-05, 2.40327917709e-05, 2.29671240959e-05, 1.90720820683e-05, 2.62487192231e-05, 1.18818525152e-05, 1.11560621008e-05, 1.80368933798e-05, 2.34277686104e-05, 3.53437026206e-05, 1.74354099727e-05, 1.13853366202e-05, 3.62459868484e-05, 3.47551213054e-05, 1.93056930584e-05, 1.03357351691e-05, 2.29606575886e-05, 1.15615421237e-05, 9.49693549046e-06, 5.85869292991e-06, 4.67069685328e-06, 3.43759825228e-06, 3.65624532606e-06, 3.4692400277e-06, 3.33317552759e-06, 4.78856145492e-06, 3.4561069242e-06, 3.08457015308e-06, 3.15657530336e-06, 3.41485883837e-06, 3.70367570213e-06, 3.92035690311e-06, 3.35319714395e-06, 4.03200419896e-06, 4.33452078141e-06, 5.63548337595e-06, 3.64396532859e-06, 3.51694711753e-06, 3.89500428355e-06, 3.95371125705e-06, 3.6041437852e-06, 3.43627152688e-06, 2.91386754725e-06, 2.65776589004e-06, 2.15180625673e-06, 2.06342588172e-06, 2.02906267077e-06, 1.91478693523e-06, 1.4485220845e-06, 1.61005925747e-06, 1.57797103384e-06, 1.65048868439e-06, 1.52630036609e-06, 1.28579245029e-06, 1.35528239298e-06, 1.34807169161e-06, 1.28466319893e-06, 1.06770119146e-06, 1.16995045119e-06, 9.54070515036e-07, 7.48172567455e-07, 6.11226653291e-07, 1.33253720946e-07, 4.59942604836e-11, 6.091912131e-12, 5.79525099784e-12, 5.56558401796e-12, 5.39476926673e-12, 5.25308269106e-12, 5.12453838045e-12, 5.0227443732e-12, 4.93753085293e-12, 4.87674787705e-12, 4.83183371786e-12, 4.79834878428e-12],
        "stdev": [0.00118782965001, 0.0076200007461, 0.0134785948321, 0.0106152398512, 0.00654398743063, 0.00512337451801, 0.00325075979345, 0.00126582977828, 0.000842667126562, 0.000827135983855, 0.00060997181572, 0.000623392057605, 0.000567132141441, 0.000624107604381, 0.000694790913258, 0.000557897204999, 0.000597611942794, 0.000671841495205, 0.000494727282785, 0.000669986067805, 0.000725098419935, 0.000425448030001, 0.000372411159333, 0.000311630021315, 0.000363853876479, 0.000366484309779, 0.000246339855948, 0.00040874860133, 0.000291261239909, 0.000661614700221, 0.000424673082307, 0.000475155742606, 0.00058346206788, 0.000840868917294, 0.000163514094311, 0.000139216339448, 0.000149101761053, 9.77859963314e-05, 0.00026382735814, 0.000117016534205, 7.45158395148e-05, 0.000111991997983, 0.000173010063008, 0.00016540622164, 7.87876779214e-05, 0.000174719214556, 0.000129058316816, 5.02521797898e-05, 6.69707951602e-05, 8.85309491423e-05, 0.00018613973225, 0.0001416306186, 7.66789453337e-05, 0.0001152828263, 7.81763519626e-05, 0.000102026911918, 5.79284023843e-05, 6.63208920741e-05, 2.46555682679e-05, 2.52820464084e-05, 5.21283764101e-05, 5.03361407027e-05, 9.1026944574e-05, 4.41115662397e-05, 2.75461916317e-05, 7.00218806742e-05, 7.46288060327e-05, 4.96340435348e-05, 2.41401612584e-05, 4.83536496176e-05, 2.41584966716e-05, 2.09716945392e-05, 1.07878031486e-05, 1.02275525933e-05, 9.06343029783e-06, 6.66341884425e-06, 6.35650621916e-06, 6.06701087236e-06, 8.52340599522e-06, 7.43018063076e-06, 6.00795692662e-06, 7.33504566597e-06, 8.24643939268e-06, 9.53558992478e-06, 9.33855972107e-06, 7.30101464796e-06, 8.54610516399e-06, 9.3501421361e-06, 1.23078189063e-05, 7.39356528356e-06, 7.91206912254e-06, 9.97983261186e-06, 1.20131271615e-05, 1.15603925224e-05, 9.56726671575e-06, 7.0161650001e-06, 5.37330970474e-06, 4.33601826444e-06, 4.08213963965e-06, 4.04833463108e-06, 3.92317951992e-06, 2.93566517939e-06, 3.31992237079e-06, 3.33506432071e-06, 3.12829683935e-06, 3.10137420456e-06, 2.62351568381e-06, 2.93710627375e-06, 2.86845715891e-06, 2.8931228826e-06, 2.45181513492e-06, 2.77255230685e-06, 2.23468259719e-06, 1.76871230906e-06, 1.5163907392e-06, 3.97737522917e-07, 2.12587086823e-10, 9.49526568483e-12, 9.08822843371e-12, 8.76246731424e-12, 8.50577941414e-12, 8.287362116e-12, 8.09788000544e-12, 7.94414013738e-12, 7.81266371042e-12, 7.71234378444e-12, 7.63968489165e-12, 7.59313879134e-12]
    },
    "mfcc": {
        "mean": [-634.908996582, 116.743179321, 0.0166733488441, 12.9076547623, 2.69350767136, 1.08554160595, 4.46956205368, 5.04136037827, -5.85180282593, 9.27971935272, -2.20473670959, -2.49569821358, 2.90415596962],
        "cov": [[9202.30273438, -1513.04516602, 396.376647949, 494.92010498, 96.402961731, 144.338684082, 213.489456177, 151.77973938, 105.72693634, 185.502639771, 198.181503296, 61.2885665894, 101.518768311], [-1513.04516602, 1480.69628906, -134.83215332, 44.1266326904, 81.8864746094, 77.6376037598, 76.8904190063, 41.0036354065, 34.0882072449, 30.1014099121, 6.84009838104, 10.5159883499, 3.48436689377], [396.376647949, -134.83215332, 1152.73620605, 234.217666626, 241.456268311, 187.609146118, -26.448102951, 84.9731063843, 151.1015625, -40.8936843872, 50.6582679749, 120.31010437, 6.59266519547], [494.92010498, 44.1266326904, 234.217666626, 502.013244629, 216.131576538, 43.0644302368, 39.5386772156, 104.679969788, 52.3715438843, 69.6334609985, -0.676137030125, 86.3756484985, 56.900554657], [96.402961731, 81.8864746094, 241.456268311, 216.131576538, 340.035308838, 82.1485137939, -7.63151168823, 64.0019454956, 99.5971221924, 16.3173961639, 3.62630629539, 83.7572250366, 41.2646598816], [144.338684082, 77.6376037598, 187.609146118, 43.0644302368, 82.1485137939, 259.953125, 86.4434967041, 42.8993034363, 86.9759140015, 14.3043041229, 42.0439147949, 21.8234367371, 3.33832097054], [213.489456177, 76.8904190063, -26.448102951, 39.5386772156, -7.63151168823, 86.4434967041, 192.303665161, 60.709312439, 2.03568792343, 58.5096549988, 26.0200424194, -10.7961359024, 17.8503856659], [151.77973938, 41.0036354065, 84.9731063843, 104.679969788, 64.0019454956, 42.8993034363, 60.709312439, 129.929428101, 59.5871047974, 27.9385814667, 17.4116191864, 38.1066665649, 16.3515110016], [105.72693634, 34.0882072449, 151.1015625, 52.3715438843, 99.5971221924, 86.9759140015, 2.03568792343, 59.5871047974, 170.317153931, 1.55162096024, 28.5515632629, 47.0673484802, 10.5960483551], [185.502639771, 30.1014099121, -40.8936843872, 69.6334609985, 16.3173961639, 14.3043041229, 58.5096549988, 27.9385814667, 1.55162096024, 130.589904785, 32.0205039978, -0.110167458653, 21.2122516632], [198.181503296, 6.84009838104, 50.6582679749, -0.676137030125, 3.62630629539, 42.0439147949, 26.0200424194, 17.4116191864, 28.5515632629, 32.0205039978, 115.132339478, 24.707857132, -4.88456726074], [61.2885665894, 10.5159883499, 120.31010437, 86.3756484985, 83.7572250366, 21.8234367371, -10.7961359024, 38.1066665649, 47.0673484802, -0.110167458653, 24.707857132, 115.457374573, 34.102809906], [101.518768311, 3.48436689377, 6.59266519547, 56.900554657, 41.2646598816, 3.33832097054, 17.8503856659, 16.3515110016, 10.5960483551, 21.2122516632, -4.88456726074, 34.102809906, 84.339263916]],
        "icov": [[0.000156678812345, 0.000174687462277, 1.93170649254e-06, -0.000166416750289, 3.10853865813e-05, -1.80391980393e-05, -0.000142963064718, 9.87103612715e-06, -7.36656729714e-05, -3.54154763045e-05, -0.000243627495365, 0.00010130116425, -0.000106745967059], [0.000174687462277, 0.000921800674405, 0.000177546637133, -0.000186847406439, -0.000203479678021, -0.000198621855816, -0.000365300889825, -4.28628445661e-05, -0.00012539839372, -3.73487491743e-05, -0.000228307151701, 2.59503558482e-05, 5.83038381592e-05], [1.93170649254e-06, 0.000177546637133, 0.00131714448798, -0.000415654852986, -0.000355269905413, -0.000783413706813, 0.000397095282096, -0.00021587293304, -0.00022973769228, 0.000611103663687, -0.000341804727213, -0.000513371953275, 0.00039339880459], [-0.000166416750289, -0.000186847406439, -0.000415654852986, 0.00374150392599, -0.00163822178729, 0.000308575545205, 4.91439495818e-05, -0.00166686205193, 0.000887984933797, -0.00155528227333, 0.00110327813309, -0.00105361151509, -0.000412107357988], [3.10853865813e-05, -0.000203479678021, -0.000355269905413, -0.00163822178729, 0.00542640453205, -0.000930964306463, 0.000999294337817, -9.35507923714e-05, -0.00154483411461, -0.000268032774329, 0.000765806238633, -0.00131596100982, -0.000869518029504], [-1.80391980393e-05, -0.000198621855816, -0.000783413706813, 0.000308575545205, -0.000930964306463, 0.00664112763479, -0.00353526580147, 0.00128421687987, -0.00258405646309, 0.000537437270395, -0.000967346539255, 0.00037535422598, 0.000556532759219], [-0.000142963064718, -0.000365300889825, 0.000397095282096, 4.91439495818e-05, 0.000999294337817, -0.00353526580147, 0.00963840167969, -0.00459808902815, 0.00224382220767, -0.00229467498139, -0.000500150723383, 0.00174687849358, -0.00181460019667], [9.87103612715e-06, -4.28628445661e-05, -0.00021587293304, -0.00166686205193, -9.35507923714e-05, 0.00128421687987, -0.00459808902815, 0.0133456299081, -0.00398069154471, -0.000279116007732, 0.00021853610815, -0.00226134178229, 0.00100939115509], [-7.36656729714e-05, -0.00012539839372, -0.00022973769228, 0.000887984933797, -0.00154483411461, -0.00258405646309, 0.00224382220767, -0.00398069154471, 0.00991323310882, 6.13734300714e-05, -0.000940885103773, -0.00101089326199, -0.000238923865254], [-3.54154763045e-05, -3.73487491743e-05, 0.000611103663687, -0.00155528227333, -0.000268032774329, 0.000537437270395, -0.00229467498139, -0.000279116007732, 6.13734300714e-05, 0.010953287594, -0.00337827391922, 0.00181787693873, -0.00199795770459], [-0.000243627495365, -0.000228307151701, -0.000341804727213, 0.00110327813309, 0.000765806238633, -0.000967346539255, -0.000500150723383, 0.00021853610815, -0.000940885103773, -0.00337827391922, 0.0117478203028, -0.00366589357145, 0.0024427336175], [0.00010130116425, 2.59503558482e-05, -0.000513371953275, -0.00105361151509, -0.00131596100982, 0.00037535422598, 0.00174687849358, -0.00226134178229, -0.00101089326199, 0.00181787693873, -0.00366589357145, 0.0144096734002, -0.00504346052185], [-0.000106745967059, 5.83038381592e-05, 0.00039339880459, -0.000412107357988, -0.000869518029504, 0.000556532759219, -0.00181460019667, 0.00100939115509, -0.000238923865254, -0.00199795770459, 0.0024427336175, -0.00504346052185, 0.0155353331938]]
    },
    "spectral_contrast_coeffs": {
        "mean": [-0.739501833916, -0.773876965046, -0.758337497711, -0.778303861618, -0.767339944839, -0.777419447899],
        "stdev": [0.0723028182983, 0.062909565866, 0.0696180537343, 0.0581500306726, 0.0603116229177, 0.0471283718944]
    },
    "spectral_contrast_valleys": {
        "mean": [-6.70029115677, -6.49827480316, -7.17171192169, -7.5271987915, -7.67835044861, -10.2329339981],
        "stdev": [1.4024387598, 0.969432711601, 0.982240974903, 1.04655337334, 1.22414529324, 1.81859052181]
    }
},
"rhythm": {
    "beats_count": 503,
    "beats_loudness": {
        "mean": 0.0894606485963,
        "stdev": 0.0462695732713
    },
    "bpm": 135.966430664,
    "bpm_histogram_first_peak_bpm": 136,
    "bpm_histogram_first_peak_weight": 0.0299999713898,
    "bpm_histogram_second_peak_bpm": 126,
    "bpm_histogram_second_peak_spread": 0.5,
    "bpm_histogram_second_peak_weight": 0.00199203193188,
    "danceability": 1.3607006073,
    "onset_rate": 4.21365261078,
    "beats_loudness_band_ratio": {
        "mean": [0.672769665718, 0.0967157110572, 0.0836975872517, 0.094225987792, 0.0498992986977, 0.0286207515746],
        "stdev": [0.290756434202, 0.130469247699, 0.0926869213581, 0.126207694411, 0.0804073736072, 0.044254925102]
    },
    "beats_position": [0.46439909935, 0.940408170223, 1.40480720997, 1.8575963974, 2.29877543449, 2.73995471001, 3.1811337471, 3.62231278419, 4.06349182129, 4.5046710968, 4.94585037231, 5.38702917099, 5.8282084465, 6.26938772202, 6.71056699753, 7.1517457962, 7.59292507172, 8.03410434723, 8.47528362274, 8.91646194458, 9.35764122009, 9.78721046448, 10.22838974, 10.6811790466, 11.1339683533, 11.5751476288, 12.0047159195, 12.445895195, 12.8870744705, 13.328253746, 13.7694330215, 14.2106122971, 14.6517915726, 15.0929698944, 15.5341491699, 15.9753284454, 16.4165077209, 16.8576869965, 17.298866272, 17.7400455475, 18.181224823, 18.6224040985, 19.0635814667, 19.5047607422, 19.9459400177, 20.3871192932, 20.8282985687, 21.2694778442, 21.7106571198, 22.1518363953, 22.5930156708, 23.0341949463, 23.4753742218, 23.9165534973, 24.3577327728, 24.7989120483, 25.2400894165, 25.681268692, 26.1224479675, 26.563627243, 27.0048065186, 27.4459857941, 27.8871650696, 28.3283443451, 28.7695236206, 29.2107028961, 29.6518821716, 30.0930614471, 30.5342407227, 30.9754180908, 31.4165973663, 31.8577766418, 32.2989578247, 32.7401351929, 33.1813163757, 33.6224937439, 34.0636711121, 34.5048522949, 34.9460296631, 35.3872108459, 35.8283882141, 36.269569397, 36.7107467651, 37.151927948, 37.5931053162, 38.034286499, 38.4754638672, 38.91664505, 39.3578224182, 39.7989997864, 40.2401809692, 40.6813583374, 41.1225395203, 41.5637168884, 42.0048980713, 42.4460754395, 42.8872566223, 43.3284339905, 43.7696151733, 44.2107925415, 44.6519737244, 45.0931510925, 45.5343284607, 45.9755096436, 46.4166870117, 46.8578681946, 47.2990455627, 47.7402267456, 48.1814041138, 48.6225852966, 49.0637626648, 49.5049438477, 49.9461212158, 50.3873023987, 50.8284797668, 51.269657135, 51.7108383179, 52.152015686, 52.5931968689, 53.0343742371, 53.4755554199, 53.9167327881, 54.3579139709, 54.7990913391, 55.240272522, 55.6814498901, 56.122631073, 56.5638084412, 57.0049858093, 57.4461669922, 57.8873443604, 58.3285255432, 58.7697029114, 59.2108840942, 59.6520614624, 60.0932426453, 60.5344200134, 60.9756011963, 61.4167785645, 61.8579597473, 62.2991371155, 62.7403144836, 63.1814956665, 63.6226730347, 64.0638504028, 64.5050354004, 64.9462127686, 65.3873901367, 65.8285675049, 66.2697525024, 66.7109298706, 67.1521072388, 67.5932846069, 68.0344696045, 68.4756469727, 68.9168243408, 69.358001709, 69.7991790771, 70.2519683838, 70.6931533813, 71.145942688, 71.5871200562, 72.0282974243, 72.4694747925, 72.8990478516, 73.3286132812, 73.7697982788, 74.210975647, 74.6521530151, 75.0933303833, 75.5345077515, 75.975692749, 76.4168701172, 76.8580474854, 77.2992248535, 77.7404098511, 78.1815872192, 78.6227645874, 79.0639419556, 79.5051269531, 79.9463043213, 80.3874816895, 80.8286590576, 81.2698364258, 81.7110214233, 82.1521987915, 82.5933761597, 83.0345535278, 83.4757385254, 83.9169158936, 84.3580932617, 84.7992706299, 85.2404556274, 85.6816329956, 86.1228103638, 86.5639877319, 87.0051651001, 87.4463500977, 87.8875274658, 88.328704834, 88.7698822021, 89.2110671997, 89.6522445679, 90.093421936, 90.5345993042, 90.9757843018, 91.4169616699, 91.8581390381, 92.2993164062, 92.7404937744, 93.181678772, 93.6228561401, 94.0640335083, 94.5052108765, 94.946395874, 95.3875732422, 95.8287506104, 96.2699279785, 96.7111129761, 97.1522903442, 97.5934677124, 98.0346450806, 98.4758224487, 98.9170074463, 99.3581848145, 99.7993621826, 100.240539551, 100.681724548, 101.122901917, 101.564079285, 102.005256653, 102.44644165, 102.887619019, 103.328796387, 103.769973755, 104.211151123, 104.652336121, 105.093513489, 105.534690857, 105.975868225, 106.417053223, 106.858230591, 107.299407959, 107.740585327, 108.181770325, 108.622947693, 109.064125061, 109.505302429, 109.958091736, 110.399269104, 110.840454102, 111.270019531, 111.711196899, 112.152381897, 112.593559265, 113.034736633, 113.475914001, 113.917098999, 114.358276367, 114.799453735, 115.240631104, 115.681808472, 116.122993469, 116.564170837, 117.005348206, 117.446525574, 117.887710571, 118.328887939, 118.770065308, 119.211242676, 119.652427673, 120.093605042, 120.53478241, 120.975959778, 121.417137146, 121.858322144, 122.299499512, 122.74067688, 123.181854248, 123.623039246, 124.064216614, 124.505393982, 124.94657135, 125.387756348, 125.828933716, 126.270111084, 126.711288452, 127.15246582, 127.593650818, 128.034820557, 128.476013184, 128.917190552, 129.35836792, 129.799545288, 130.240722656, 130.681900024, 131.123077393, 131.564254761, 132.005432129, 132.446624756, 132.887802124, 133.328979492, 133.77015686, 134.211334229, 134.652511597, 135.093688965, 135.534866333, 135.97605896, 136.417236328, 136.858413696, 137.299591064, 137.740768433, 138.181945801, 138.623123169, 139.064300537, 139.505477905, 139.946670532, 140.3878479, 140.829025269, 141.270202637, 141.711380005, 142.152557373, 142.593734741, 143.034912109, 143.476104736, 143.917282104, 144.358459473, 144.799636841, 145.240814209, 145.681991577, 146.123168945, 146.564346313, 147.005523682, 147.446716309, 147.887893677, 148.329071045, 148.770248413, 149.211425781, 149.652603149, 150.093780518, 150.534957886, 150.976135254, 151.417327881, 151.858505249, 152.299682617, 152.740859985, 153.182037354, 153.623214722, 154.06439209, 154.505569458, 154.946762085, 155.387939453, 155.829116821, 156.270294189, 156.711471558, 157.152648926, 157.593826294, 158.035003662, 158.47618103, 158.917373657, 159.358551025, 159.799728394, 160.240905762, 160.68208313, 161.123260498, 161.564437866, 162.005615234, 162.446792603, 162.887985229, 163.329162598, 163.770339966, 164.211517334, 164.652694702, 165.09387207, 165.535049438, 165.976226807, 166.417419434, 166.858596802, 167.29977417, 167.740951538, 168.182128906, 168.623306274, 169.064483643, 169.505661011, 169.946838379, 170.388031006, 170.829208374, 171.270385742, 171.71156311, 172.152740479, 172.593917847, 173.035095215, 173.476272583, 173.917449951, 174.358642578, 174.799819946, 175.240997314, 175.682174683, 176.123352051, 176.564529419, 177.005706787, 177.446884155, 177.888076782, 178.32925415, 178.770431519, 179.211608887, 179.652786255, 180.093963623, 180.535140991, 180.976318359, 181.417495728, 181.858688354, 182.299865723, 182.741043091, 183.182220459, 183.623397827, 184.064575195, 184.505752563, 184.946929932, 185.3881073, 185.829299927, 186.270477295, 186.711654663, 187.152832031, 187.594009399, 188.035186768, 188.476364136, 188.917541504, 189.358734131, 189.799911499, 190.241088867, 190.682266235, 191.123443604, 191.564620972, 192.00579834, 192.446975708, 192.888153076, 193.329345703, 193.770523071, 194.211700439, 194.652877808, 195.094055176, 195.535232544, 195.976409912, 196.41758728, 196.858764648, 197.299957275, 197.741134644, 198.182312012, 198.62348938, 199.064666748, 199.505844116, 199.947021484, 200.388198853, 200.829391479, 201.270568848, 201.711746216, 202.152923584, 202.594100952, 203.03527832, 203.476455688, 203.917633057, 204.358810425, 204.800003052, 205.24118042, 205.682357788, 206.123535156, 206.564712524, 207.005889893, 207.447067261, 207.888244629, 208.329421997, 208.770614624, 209.211791992, 209.65296936, 210.094146729, 210.535324097, 210.976501465, 211.417678833, 211.858856201, 212.300048828, 212.741226196, 213.182403564, 213.623580933, 214.064758301, 214.505935669, 214.947113037, 215.388290405, 215.829467773, 216.2706604, 216.711837769, 217.164627075, 217.617416382, 218.070205688, 218.511383057, 218.952560425, 219.393737793, 219.834915161, 220.276092529, 220.717269897, 221.158447266, 221.611236572, 222.052429199],
    "bpm_histogram": [0, 0, 0, 0, 0, 0, 0, 0, 0, 0, 0, 0, 0, 0, 0, 0, 0, 0, 0, 0, 0, 0, 0, 0, 0, 0, 0, 0, 0, 0, 0, 0, 0, 0, 0, 0, 0, 0, 0, 0, 0, 0, 0, 0, 0, 0, 0, 0, 0, 0, 0, 0, 0, 0, 0, 0, 0, 0, 0, 0, 0, 0, 0, 0, 0, 0, 0, 0, 0, 0, 0, 0, 0, 0, 0, 0, 0, 0, 0, 0, 0, 0, 0, 0, 0, 0, 0, 0, 0, 0, 0, 0, 0, 0, 0, 0, 0, 0, 0, 0, 0, 0, 0, 0, 0, 0, 0, 0, 0, 0, 0, 0, 0, 0, 0, 0, 0, 0, 0, 0, 0, 0, 0, 0, 0, 0, 0.00199203193188, 0, 0, 0.00199203193188, 0, 0, 0, 0.0199203193188, 0, 0, 0.966135442257, 0, 0, 0, 0.00996015965939, 0, 0, 0, 0, 0, 0, 0, 0, 0, 0, 0, 0, 0, 0, 0, 0, 0, 0, 0, 0, 0, 0, 0, 0, 0, 0, 0, 0, 0, 0, 0, 0, 0, 0, 0, 0, 0, 0, 0, 0, 0, 0, 0, 0, 0, 0, 0, 0, 0, 0, 0, 0, 0, 0, 0, 0, 0, 0, 0, 0, 0, 0, 0, 0, 0, 0, 0, 0, 0, 0, 0, 0, 0, 0, 0, 0, 0, 0, 0, 0, 0, 0, 0, 0, 0, 0, 0, 0, 0, 0, 0, 0, 0, 0, 0, 0, 0, 0, 0, 0, 0, 0, 0, 0, 0, 0, 0, 0, 0]
},
"tonal": {
    "chords_changes_rate": 0.0531803965569,
    "chords_number_rate": 0.00187695515342,
    "chords_strength": {
        "mean": 0.606194734573,
        "stdev": 0.108596049249
    },
    "hpcp_crest": {
        "mean": 13.6255073547,
        "stdev": 6.89006519318
    },
    "hpcp_entropy": {
        "mean": 2.02524209023,
        "stdev": 0.781216979027
    },
    "key_edma": {
        "strength": 0.628141820431,
        "key": "F",
        "scale": "major"
    },
    "key_krumhansl": {
        "strength": 0.636983931065,
        "key": "C",
        "scale": "major"
    },
    "key_temperley": {
        "strength": 0.66031318903,
        "key": "C",
        "scale": "major"
    },
    "tuning_diatonic_strength": 0.650507748127,
    "tuning_equal_tempered_deviation": 0.197620078921,
    "tuning_frequency": 434.193115234,
    "tuning_nontempered_energy_ratio": 0.890035927296,
    "hpcp": {
        "mean": [0.309658825397, 0.277947247028, 0.116736717522, 0.0558089055121, 0.0532425753772, 0.0831345096231, 0.15668541193, 0.190277442336, 0.166224062443, 0.257837235928, 0.27977219224, 0.162722200155, 0.0993638709188, 0.065282523632, 0.0702477693558, 0.120726175606, 0.129241123796, 0.0812418460846, 0.0534739643335, 0.0486926212907, 0.0851852670312, 0.166321098804, 0.1639110744, 0.106754794717, 0.133497685194, 0.131010204554, 0.0731463506818, 0.0654782578349, 0.0743625760078, 0.102462232113, 0.211207270622, 0.223712831736, 0.128966897726, 0.104987002909, 0.124631278217, 0.185157433152],
        "stdev": [0.359813213348, 0.343811899424, 0.20015886426, 0.133527189493, 0.138138115406, 0.173877224326, 0.241851568222, 0.278725355864, 0.250646263361, 0.315065383911, 0.335300892591, 0.249703243375, 0.184100791812, 0.148429661989, 0.156357526779, 0.225394815207, 0.228475183249, 0.153188839555, 0.117284908891, 0.110027246177, 0.151267960668, 0.228519678116, 0.220400944352, 0.171302825212, 0.239420443773, 0.259602248669, 0.142915815115, 0.139816105366, 0.153830423951, 0.164612784982, 0.282365083694, 0.299548685551, 0.208939760923, 0.213825345039, 0.237637206912, 0.274636358023]
    },
    "chords_histogram": [16.1209602356, 2.50260686874, 16.2877998352, 0.0417101159692, 2.69030237198, 0.521376430988, 10.4692392349, 0, 0, 0, 0, 0, 0, 0, 0.208550572395, 2.79457759857, 0.0834202319384, 1.43899893761, 0, 0.125130340457, 0, 0.145985394716, 25.630865097, 20.9384784698],
    "thpcp": [1, 0.897591888905, 0.37698495388, 0.180227085948, 0.171939477324, 0.268471300602, 0.505993664265, 0.614474475384, 0.536797404289, 0.832649409771, 0.903485298157, 0.525488674641, 0.32088175416, 0.210820809007, 0.226855382323, 0.389868348837, 0.417366176844, 0.262359201908, 0.172686710954, 0.157246038318, 0.275093942881, 0.537110805511, 0.529327988625, 0.344749718904, 0.431112170219, 0.423079192638, 0.236215934157, 0.211452901363, 0.240143567324, 0.330887496471, 0.682064414024, 0.722449421883, 0.416480600834, 0.339040875435, 0.402479320765, 0.597940087318],
    "chords_key": "F",
    "chords_scale": "major"
}
}