{
"metadata": {
    "version": {
        "essentia": "2.1-dev",
        "essentia_git_sha": "v2.1_beta3-415-gd5473f3",
        "extractor": "music 2.0"
    },
    "audio_properties": {
        "analysis": {
            "equal_loudness": 0,
            "length": 220.760818481,
            "sample_rate": 44100,
            "start_time": 0,
            "downmix": "mix"
        },
        "bit_rate": 192000,
        "length": 220.760818481,
        "lossless": 0,
        "number_channels": 2,
        "replay_gain": -11.4132118225,
        "sample_rate": 44100,
        "codec": "mp3",
        "md5_encoded": "ac0369fcd076bff57a4dac46eac7a95b"
    },
    "tags": {
        "file_name": "joyenergizar.mp3",
        "album": ["The original sessions. Vol V. Progressive"],
        "artist": ["Vaios"],
        "genre": ["Other"],
        "title": ["Joyenergizar"]
    }
},
"lowlevel": {
    "average_loudness": 0.842470645905,
    "barkbands_crest": {
        "mean": 14.6381244659,
        "stdev": 6.89105796814
    },
    "barkbands_flatness_db": {
        "mean": 0.165208056569,
        "stdev": 0.0912230834365
    },
    "barkbands_kurtosis": {
        "mean": 38.1809883118,
        "stdev": 159.766738892
    },
    "barkbands_skewness": {
        "mean": 3.52991819382,
        "stdev": 4.14794206619
    },
    "barkbands_spread": {
        "mean": 20.3443946838,
        "stdev": 16.8847541809
    },
    "dissonance": {
        "mean": 0.479211419821,
        "stdev": 0.0173328798264
    },
    "dynamic_complexity": 3.30346059799,
    "erbbands_crest": {
        "mean": 7.51100587845,
        "stdev": 3.92824459076
    },
    "erbbands_flatness_db": {
        "mean": 0.131261706352,
        "stdev": 0.0432409532368
    },
    "erbbands_kurtosis": {
        "mean": 0.305155813694,
        "stdev": 3.60633563995
    },
    "erbbands_skewness": {
        "mean": 0.239241972566,
        "stdev": 0.971256434917
    },
    "erbbands_spread": {
        "mean": 56.2359542847,
        "stdev": 28.3281116486
    },
    "hfc": {
        "mean": 22.2507610321,
        "stdev": 26.0312595367
    },
    "loudness_ebu128": {
        "integrated": -11.5588188171,
        "loudness_range": 8.49768924713,
        "momentary": {
            "mean": -15.7011871338,
            "stdev": 28.7565612793
        },
        "short_term": {
            "mean": -12.644197464,
            "stdev": 3.54714632034
        }
    },
    "melbands_crest": {
        "mean": 17.809545517,
        "stdev": 6.30464410782
    },
    "melbands_flatness_db": {
        "mean": 0.231741115451,
        "stdev": 0.118354156613
    },
    "melbands_kurtosis": {
        "mean": 67.4681930542,
        "stdev": 105.564704895
    },
    "melbands_skewness": {
        "mean": 5.32748603821,
        "stdev": 4.05839061737
    },
    "melbands_spread": {
        "mean": 19.8446331024,
        "stdev": 25.4594039917
    },
    "pitch_salience": {
        "mean": 0.475364625454,
        "stdev": 0.225988104939
    },
    "silence_rate_20dB": {
        "mean": 1,
        "stdev": 0
    },
    "silence_rate_30dB": {
        "mean": 0.973919451237,
        "stdev": 0.159384816885
    },
    "silence_rate_60dB": {
        "mean": 0.113050796092,
        "stdev": 0.316644430161
    },
    "spectral_centroid": {
        "mean": 1553.64880371,
        "stdev": 1359.87512207
    },
    "spectral_complexity": {
        "mean": 16.7581233978,
        "stdev": 12.9003820419
    },
    "spectral_decrease": {
        "mean": -1.04108774934e-08,
        "stdev": 8.33049451643e-09
    },
    "spectral_energy": {
        "mean": 0.0413111485541,
        "stdev": 0.0323984958231
    },
    "spectral_energyband_high": {
        "mean": 0.00174579187296,
        "stdev": 0.00290164258331
    },
    "spectral_energyband_low": {
        "mean": 0.0283863954246,
        "stdev": 0.0280230585486
    },
    "spectral_energyband_middle_high": {
        "mean": 0.00308794341981,
        "stdev": 0.0036693175789
    },
    "spectral_energyband_middle_low": {
        "mean": 0.0101015325636,
        "stdev": 0.0174160674214
    },
    "spectral_entropy": {
        "mean": 7.85301446915,
        "stdev": 0.523389816284
    },
    "spectral_flux": {
        "mean": 0.105304934084,
        "stdev": 0.0761952400208
    },
    "spectral_kurtosis": {
        "mean": 3.21621274948,
        "stdev": 4.67115974426
    },
    "spectral_rms": {
        "mean": 0.00566477887332,
        "stdev": 0.0028659759555
    },
    "spectral_rolloff": {
        "mean": 1501.34399414,
        "stdev": 2655.19067383
    },
    "spectral_skewness": {
        "mean": 1.30671787262,
        "stdev": 0.580478489399
    },
    "spectral_spread": {
        "mean": 5873031.5,
        "stdev": 4221589
    },
    "spectral_strongpeak": {
        "mean": 0.605129420757,
        "stdev": 0.665666937828
    },
    "zerocrossingrate": {
        "mean": 0.0549137443304,
        "stdev": 0.0672495290637
    },
    "barkbands": {
        "mean": [0.00077461253386, 0.021666822955, 0.00398469157517, 0.00325362873264, 0.00370153412223, 0.00130665919278, 0.000673815957271, 0.000665312749334, 0.000428284256486, 0.000374159310013, 0.000297995924484, 0.000411946035456, 0.000300227286061, 0.000286302063614, 0.000288251962047, 0.000250651879469, 0.000230262783589, 0.000215322739678, 0.000254957762081, 0.000389805762097, 0.000339086691383, 0.000448724575108, 0.000325952394633, 0.000240363719058, 0.000150008374476, 5.01720278407e-05, 1.61823174949e-06],
        "stdev": [0.0013900907943, 0.0240780357271, 0.00989521946758, 0.00815097801387, 0.0110586648807, 0.00251835025847, 0.00170554954093, 0.00184553978033, 0.00134580233134, 0.000900064071175, 0.000668085936923, 0.000773620326072, 0.000602748128586, 0.00058718881337, 0.00055847823387, 0.000445485376986, 0.000465179153252, 0.000411986402469, 0.000411394546973, 0.000630758935586, 0.000530470570084, 0.000866429589223, 0.000611484865658, 0.000448769045761, 0.000260489410721, 0.000106835352199, 6.76069839756e-06]
    },
    "erbbands": {
        "mean": [0.492807030678, 5.24056768417, 5.93288612366, 9.32900238037, 9.31244373322, 13.5424623489, 14.1869678497, 9.34127426147, 9.32626247406, 11.2469539642, 15.0373773575, 9.7685880661, 8.80861568451, 13.4651670456, 14.5635042191, 17.6523666382, 14.2236289978, 14.4192295074, 16.8900547028, 13.4601297379, 13.7291994095, 12.0851888657, 12.1426305771, 12.763958931, 14.0812292099, 18.8865966797, 14.6676473618, 13.5449914932, 18.0383396149, 10.4703779221, 9.51341247559, 6.06094455719, 3.71328568459, 1.98074173927, 0.907228708267, 0.299799531698, 0.0793763920665, 0.00960016530007, 0.000247233430855, 5.87134891248e-05],
        "stdev": [0.575997948647, 6.01055669785, 10.1728811264, 21.2586479187, 25.5314769745, 45.7310905457, 36.18907547, 19.6494865417, 21.7941303253, 31.0351390839, 40.6261253357, 30.0655460358, 23.204574585, 29.6139450073, 29.0939788818, 32.835899353, 27.7592086792, 28.1243305206, 32.574382782, 26.4622650146, 23.9131698608, 24.0873470306, 23.5365009308, 22.3275375366, 20.9144611359, 31.0420227051, 23.3061943054, 21.876001358, 36.7543869019, 18.5032787323, 18.607460022, 11.2480230331, 7.41171503067, 3.46512079239, 1.67014539242, 0.615498006344, 0.175273135304, 0.0321348793805, 0.000685826234985, 4.9793648941e-05]
    },
    "gfcc": {
        "mean": [-26.7149467468, 70.6493225098, -102.843406677, 47.75623703, -55.5388565063, 26.1801300049, -33.6727790833, 9.55979156494, -23.1438465118, 7.90923070908, -12.13489151, 3.16736698151, -8.18424034119],
        "cov": [[24175.5449219, -742.585205078, -1284.71398926, 1458.59851074, -1191.34362793, 781.768188477, -616.772216797, 260.36026001, -796.158325195, 256.770965576, -535.571838379, 160.051712036, -330.778198242], [-742.585205078, 1910.60009766, 352.234802246, -24.8159713745, 418.477203369, -145.245666504, 147.078186035, -108.173629761, 184.410324097, -94.6727676392, 154.519256592, -44.9343719482, 140.843719482], [-1284.71398926, 352.234802246, 1557.77392578, 656.434020996, 599.050720215, 259.722351074, 349.237854004, 56.3863449097, 113.189994812, 2.53202080727, 72.4579086304, 19.2128582001, 53.0550575256], [1458.59851074, -24.8159713745, 656.434020996, 710.488952637, 307.0390625, 322.746490479, 213.001937866, 75.8953933716, 28.3913803101, 43.9708404541, 15.6873292923, 28.1401939392, 21.2007846832], [-1191.34362793, 418.477203369, 599.050720215, 307.0390625, 619.499450684, 214.774795532, 289.141967773, -2.76870250702, 165.175003052, 3.35949778557, 102.531593323, 13.924290657, 87.9295730591], [781.768188477, -145.245666504, 259.722351074, 322.746490479, 214.774795532, 373.33605957, 194.148712158, 86.2028656006, 42.2997360229, 62.7719345093, 37.5170440674, 18.4595088959, 15.5948705673], [-616.772216797, 147.078186035, 349.237854004, 213.001937866, 289.141967773, 194.148712158, 283.925048828, 84.9262390137, 137.17350769, 33.462928772, 80.2353057861, 9.48918628693, 41.4606018066], [260.36026001, -108.173629761, 56.3863449097, 75.8953933716, -2.76870250702, 86.2028656006, 84.9262390137, 161.862258911, 86.3825683594, 61.4430809021, 21.8259086609, -2.76385688782, -18.3896598816], [-796.158325195, 184.410324097, 113.189994812, 28.3913803101, 165.175003052, 42.2997360229, 137.17350769, 86.3825683594, 202.065505981, 56.2502479553, 96.4678039551, 1.89540874958, 37.5253410339], [256.770965576, -94.6727676392, 2.53202080727, 43.9708404541, 3.35949778557, 62.7719345093, 33.462928772, 61.4430809021, 56.2502479553, 96.2598266602, 55.8881187439, 27.066991806, 4.80146551132], [-535.571838379, 154.519256592, 72.4579086304, 15.6873292923, 102.531593323, 37.5170440674, 80.2353057861, 21.8259086609, 96.4678039551, 55.8881187439, 130.554031372, 44.970123291, 64.4399337769], [160.051712036, -44.9343719482, 19.2128582001, 28.1401939392, 13.924290657, 18.4595088959, 9.48918628693, -2.76385688782, 1.89540874958, 27.066991806, 44.970123291, 79.3690109253, 46.8170013428], [-330.778198242, 140.843719482, 53.0550575256, 21.2007846832, 87.9295730591, 15.5948705673, 41.4606018066, -18.3896598816, 37.5253410339, 4.80146551132, 64.4399337769, 46.8170013428, 104.811706543]],
        "icov": [[0.000173478547367, -0.000316897232551, 0.000300654559396, -0.000616253761109, 0.000273551384453, -0.000451147614513, 0.000405879924074, -0.000296896265354, 0.000313196564093, -0.000636093609501, 0.000886568857823, -0.000875114754308, 0.000333601987222], [-0.000316897232551, 0.00152640556917, -0.000570972450078, 0.000984609010629, -0.000922798295505, 0.00147655489855, -0.000747653422877, 0.000758054316975, -0.000796738720965, 0.00222132564522, -0.00303770601749, 0.00294113624841, -0.00124078756198], [0.000300654559396, -0.000570972450078, 0.00203811540268, -0.00220131361857, -0.000612829870079, 0.000164626864716, -2.81041884591e-05, -0.00111318053678, 0.00139215169474, -0.000789068290032, 0.00100895611104, -0.00156461901497, 0.00105140230153], [-0.000616253761109, 0.000984609010629, -0.00220131361857, 0.0058416929096, -0.00126039900351, -0.000547675124835, -0.00141182471998, 0.000560041808058, -0.000427360850153, 0.00104791391641, -0.00135221739765, 0.00213640742004, -0.00155758985784], [0.000273551384453, -0.000922798295505, -0.000612829870079, -0.00126039900351, 0.00660854298621, -0.00286392658018, -0.00193078070879, 0.00408217730001, -0.00390337104909, -5.95478240939e-06, 0.00248530367389, -0.00171535497066, -0.000333487201715], [-0.000451147614513, 0.00147655489855, 0.000164626864716, -0.000547675124835, -0.00286392658018, 0.00916263274848, -0.00496633304283, -0.0013227108866, 0.00345972226933, -0.00163476425223, -0.00318630109541, 0.00405875686556, -0.00162645441014], [0.000405879924074, -0.000747653422877, -2.81041884591e-05, -0.00141182471998, -0.00193078070879, -0.00496633304283, 0.0138340182602, -0.00450824201107, -0.00286372750998, 0.00306345522404, -0.00113628967665, -0.00209092046134, 0.00119832041673], [-0.000296896265354, 0.000758054316975, -0.00111318053678, 0.000560041808058, 0.00408217730001, -0.0013227108866, -0.00450824201107, 0.0162655711174, -0.0088404295966, -0.00364530319348, 0.00291550834663, 0.00101359700784, 0.000990756205283], [0.000313196564093, -0.000796738720965, 0.00139215169474, -0.000427360850153, -0.00390337104909, 0.00345972226933, -0.00286372750998, -0.0088404295966, 0.0186873078346, -0.00582332536578, -0.00526950228959, 0.00382729782723, -0.00111115619075], [-0.000636093609501, 0.00222132564522, -0.000789068290032, 0.00104791391641, -5.95478240939e-06, -0.00163476425223, 0.00306345522404, -0.00364530319348, -0.00582332536578, 0.0286238212138, -0.0154224261642, -0.00122982601169, 0.00439677666873], [0.000886568857823, -0.00303770601749, 0.00100895611104, -0.00135221739765, 0.00248530367389, -0.00318630109541, -0.00113628967665, 0.00291550834663, -0.00526950228959, -0.0154224261642, 0.0307043921202, -0.0117729241028, -0.00503287045285], [-0.000875114754308, 0.00294113624841, -0.00156461901497, 0.00213640742004, -0.00171535497066, 0.00405875686556, -0.00209092046134, 0.00101359700784, 0.00382729782723, -0.00122982601169, -0.0117729241028, 0.0291361771524, -0.0116042811424], [0.000333601987222, -0.00124078756198, 0.00105140230153, -0.00155758985784, -0.000333487201715, -0.00162645441014, 0.00119832041673, 0.000990756205283, -0.00111115619075, 0.00439677666873, -0.00503287045285, -0.0116042811424, 0.0207395795733]]
    },
    "melbands": {
        "mean": [0.005585514009, 0.00470363907516, 0.00155417690985, 0.000820339191705, 0.000525103649125, 0.000213571824133, 0.000143076176755, 0.000127606195747, 0.000117560492072, 5.78640174353e-05, 4.40912881459e-05, 5.5033051467e-05, 4.42779200966e-05, 4.96428292536e-05, 3.73980474251e-05, 2.7857195164e-05, 2.64128848357e-05, 2.74813864962e-05, 1.96601868083e-05, 1.80876522791e-05, 1.593298839e-05, 1.27114062707e-05, 1.17505069284e-05, 1.01302921394e-05, 1.03614356703e-05, 9.22227445699e-06, 1.24944872368e-05, 1.21873035823e-05, 9.61105979513e-06, 7.45405714042e-06, 7.72269049776e-06, 1.05513618109e-05, 7.8510856838e-06, 5.08209313921e-06, 5.64051060792e-06, 4.97782684761e-06, 3.0666785733e-06, 2.62628509518e-06, 2.17638876165e-06, 1.4882252799e-06],
        "stdev": [0.00614675274119, 0.00559414085001, 0.0035235832911, 0.00248295231722, 0.00146304571535, 0.000429283012636, 0.000332309486112, 0.000350148358848, 0.000329533126205, 0.000179275972187, 0.000118979660328, 0.000126590006403, 9.26978682401e-05, 9.32909388212e-05, 7.59921167628e-05, 5.39622196811e-05, 5.48577627342e-05, 5.64006368222e-05, 3.96904506488e-05, 3.58218458132e-05, 2.99890616589e-05, 2.64701466222e-05, 2.59198150161e-05, 1.90669070435e-05, 1.92869028979e-05, 1.49878833327e-05, 2.0124236471e-05, 2.10586131288e-05, 1.58737711899e-05, 1.17866693472e-05, 1.32064142235e-05, 2.24070190598e-05, 1.46334914461e-05, 9.02440478967e-06, 1.1428885955e-05, 9.9099770523e-06, 5.51485391043e-06, 5.47389754502e-06, 3.97093754145e-06, 2.63887500296e-06]
    },
    "melbands128": {
        "mean": [0.000592048454564, 0.00267354422249, 0.00906763412058, 0.00867111701518, 0.00380108412355, 0.00196094298735, 0.00208307709545, 0.00132854667027, 0.000807304691989, 0.000873422482982, 0.000821132794954, 0.000622186344117, 0.000539715518244, 0.000307045003865, 0.000203830190003, 0.000176986693987, 0.000133015753818, 0.000149894709466, 0.000131757362396, 0.000120700889966, 0.00012267177226, 0.000147778351675, 0.000123726291349, 8.34427555674e-05, 5.76691636525e-05, 5.1858547522e-05, 4.70029481221e-05, 3.64487095794e-05, 4.14559654018e-05, 7.8297300206e-05, 4.81352617498e-05, 3.52867064066e-05, 4.56142843177e-05, 5.20026042068e-05, 4.03876510973e-05, 5.81606363994e-05, 4.98656772834e-05, 2.97651367873e-05, 3.85468265449e-05, 2.95908066619e-05, 2.37866388488e-05, 2.6811088901e-05, 2.74790727417e-05, 2.60560027527e-05, 2.38792963501e-05, 3.14876415359e-05, 2.72173710982e-05, 1.94846252271e-05, 1.63815693668e-05, 1.66494828591e-05, 2.00859976758e-05, 1.86412435141e-05, 1.23356103359e-05, 1.79822818609e-05, 1.66754998645e-05, 1.07157648017e-05, 1.04084847408e-05, 1.31800234158e-05, 1.14346248665e-05, 1.06281822809e-05, 1.09456486825e-05, 8.91842046258e-06, 8.91230956768e-06, 1.28277133626e-05, 9.35772823141e-06, 8.4437588157e-06, 9.99347139441e-06, 9.35343086894e-06, 1.35567770485e-05, 1.55297911988e-05, 1.36420749186e-05, 9.35859861784e-06, 9.66104198596e-06, 1.09297643576e-05, 7.96640142653e-06, 6.77065827404e-06, 7.396581168e-06, 8.26877931104e-06, 7.19888430467e-06, 7.92506943981e-06, 8.70884377946e-06, 1.40942120197e-05, 1.03811362351e-05, 6.6925927058e-06, 6.03331818638e-06, 5.17468242833e-06, 4.34773210145e-06, 5.65338996239e-06, 6.13189877186e-06, 5.29325689058e-06, 5.33951333637e-06, 4.69948645332e-06, 4.63036849396e-06, 2.89269564746e-06, 2.30596674555e-06, 2.44075999944e-06, 2.92551612802e-06, 2.60156775767e-06, 2.25080566452e-06, 1.82688586392e-06, 1.81231303031e-06, 1.31559090732e-06, 1.31347576371e-06, 1.39521216624e-06, 9.41407961363e-07, 8.7458664666e-07, 7.01197222952e-07, 5.82717746056e-07, 4.65753657863e-07, 4.3077909595e-07, 3.77161455845e-07, 3.24530873286e-07, 2.17930605118e-07, 1.73546951032e-07, 1.26739152506e-07, 9.71999156718e-08, 6.25736618076e-08, 8.68882032989e-09, 6.91225505653e-12, 6.45041528871e-12, 6.28167439939e-12, 6.13765982482e-12, 5.99969336365e-12, 5.89504270052e-12, 5.80027692543e-12, 5.73312881544e-12, 5.68445681151e-12, 5.64665371752e-12],
        "stdev": [0.000976144336164, 0.00403981935233, 0.010658396408, 0.0102714700624, 0.00593847641721, 0.00488906819373, 0.00497104553506, 0.00360512151383, 0.00256270682439, 0.00271395104937, 0.00308537716046, 0.0021276792977, 0.00139388639946, 0.000715648173355, 0.000561905559152, 0.000413020985434, 0.000391202280298, 0.000429448409704, 0.000409473926993, 0.000433723995229, 0.000454500230262, 0.000475954991998, 0.000396407907829, 0.000395764800487, 0.000241429515881, 0.000165301185916, 0.000162658820045, 0.000133170644403, 0.000137544571771, 0.000204736294108, 0.000130214320961, 0.000107955354906, 0.000104912702227, 0.00015415159578, 9.99255280476e-05, 0.000129489577375, 0.000110492619569, 7.80982372817e-05, 0.000103704296635, 6.93805777701e-05, 5.77985665586e-05, 6.3073624915e-05, 6.7022141593e-05, 6.32552473689e-05, 6.44753527013e-05, 7.16864742571e-05, 6.19641214143e-05, 4.82594296045e-05, 4.22137709393e-05, 4.6299162932e-05, 4.45964906248e-05, 4.50484840258e-05, 2.81703742075e-05, 4.12614172092e-05, 3.99659074901e-05, 2.67469458777e-05, 2.947525536e-05, 3.19842110912e-05, 3.10290088237e-05, 2.87060975097e-05, 2.09926238313e-05, 2.198657603e-05, 2.27367745538e-05, 2.50958237302e-05, 1.84175005415e-05, 1.64522334671e-05, 1.74986707862e-05, 1.77093716047e-05, 2.40771405515e-05, 2.87835555355e-05, 2.94621750072e-05, 1.77477868419e-05, 1.79365906661e-05, 2.07559169212e-05, 1.49420948219e-05, 1.26153991005e-05, 1.35415739351e-05, 1.68301903614e-05, 1.44948526213e-05, 1.56782534759e-05, 2.03201416298e-05, 3.4914304706e-05, 2.02867486223e-05, 1.33413195726e-05, 1.19213900689e-05, 1.00004344858e-05, 8.32251680549e-06, 1.12231709863e-05, 1.45348394653e-05, 1.05664357761e-05, 1.12797597467e-05, 1.00647303043e-05, 9.06315835891e-06, 5.36580773769e-06, 4.31011585533e-06, 4.79361460748e-06, 6.90358547217e-06, 5.68356790609e-06, 4.25168263973e-06, 3.3303060718e-06, 3.17243416248e-06, 2.52758604802e-06, 2.7339724511e-06, 2.88600767817e-06, 1.80117228865e-06, 1.61506579843e-06, 1.39637870689e-06, 1.27684336348e-06, 1.11547058168e-06, 9.62264152804e-07, 8.0105513689e-07, 7.19393767667e-07, 5.31323905761e-07, 4.67987547381e-07, 4.08702675259e-07, 4.62461485995e-07, 2.59525194224e-07, 2.87254930953e-08, 9.92138402683e-12, 9.4654770133e-12, 9.21774635787e-12, 9.00321397296e-12, 8.81368589223e-12, 8.65736909245e-12, 8.52267128398e-12, 8.41969549636e-12, 8.34459844973e-12, 8.29648849621e-12]
    },
    "mfcc": {
        "mean": [-660.478942871, 94.4102096558, 13.4075698853, 26.3833599091, 7.56207418442, 16.2233600616, 5.72016477585, 4.7402510643, 0.692488908768, 3.26140213013, -0.0109206903726, 2.86142778397, 3.469435215],
        "cov": [[10698.1503906, -1358.15905762, 152.836746216, 240.862792969, -128.601486206, 220.643615723, 143.075210571, 11.6014585495, -47.0922622681, -32.710735321, -111.629348755, -115.836845398, -72.1239547729], [-1358.15905762, 1913.93896484, 97.2007064819, 201.85597229, 205.662078857, 35.3690986633, -1.63803136349, 23.6837387085, 27.051607132, -16.0080299377, 10.3439283371, 37.5446395874, -3.42831301689], [152.836746216, 97.2007064819, 896.177124023, 473.444366455, 302.210540771, 281.184936523, 247.958145142, 176.858840942, 111.463783264, 100.666183472, 43.6174812317, 26.5921421051, 58.351940155], [240.862792969, 201.85597229, 473.444366455, 496.759399414, 274.962371826, 248.123794556, 176.552963257, 146.204864502, 107.254676819, 66.604019165, 37.0733032227, 33.2678565979, 39.324005127], [-128.601486206, 205.662078857, 302.210540771, 274.962371826, 328.51739502, 266.640472412, 169.137969971, 119.187408447, 95.9599380493, 73.6930770874, 38.6318435669, 33.5005493164, 52.1397590637], [220.643615723, 35.3690986633, 281.184936523, 248.123794556, 266.640472412, 381.593597412, 243.851593018, 147.706069946, 101.664146423, 79.7291793823, 31.1730117798, 33.7790985107, 69.5391540527], [143.075210571, -1.63803136349, 247.958145142, 176.552963257, 169.137969971, 243.851593018, 229.180450439, 133.40512085, 90.8028182983, 75.4459609985, 39.3512840271, 35.1024551392, 54.6658058167], [11.6014585495, 23.6837387085, 176.858840942, 146.204864502, 119.187408447, 147.706069946, 133.40512085, 151.883560181, 106.242118835, 70.5484771729, 54.0255050659, 45.893951416, 41.0896072388], [-47.0922622681, 27.051607132, 111.463783264, 107.254676819, 95.9599380493, 101.664146423, 90.8028182983, 106.242118835, 124.536521912, 87.4842910767, 57.4441261292, 49.7988586426, 43.9033470154], [-32.710735321, -16.0080299377, 100.666183472, 66.604019165, 73.6930770874, 79.7291793823, 75.4459609985, 70.5484771729, 87.4842910767, 110.566101074, 75.1548156738, 54.547203064, 48.9167976379], [-111.629348755, 10.3439283371, 43.6174812317, 37.0733032227, 38.6318435669, 31.1730117798, 39.3512840271, 54.0255050659, 57.4441261292, 75.1548156738, 103.186721802, 77.0436401367, 42.4514694214], [-115.836845398, 37.5446395874, 26.5921421051, 33.2678565979, 33.5005493164, 33.7790985107, 35.1024551392, 45.893951416, 49.7988586426, 54.547203064, 77.0436401367, 96.160118103, 68.0281448364], [-72.1239547729, -3.42831301689, 58.351940155, 39.324005127, 52.1397590637, 69.5391540527, 54.6658058167, 41.0896072388, 43.9033470154, 48.9167976379, 42.4514694214, 68.0281448364, 99.1721191406]],
        "icov": [[0.00011479195382, 7.68657191657e-05, 3.11629810312e-05, -0.000180971488589, 0.000213378909393, -0.000161898351507, -2.57643805526e-05, 5.41735316801e-05, 8.19865672383e-05, -0.000104419326817, 0.0001385215146, -5.54198450118e-05, 0.000126589264255], [7.68657191657e-05, 0.000682277022861, 0.000107411171484, -0.00029905673, -0.00062291265931, 0.000285915157292, 2.24974046432e-05, 0.000130262647872, -6.07309157203e-05, 0.000288030889351, 0.00041885083192, -0.000876877456903, 0.000502536131535], [3.11629810312e-05, 0.000107411171484, 0.00277330470271, -0.00225865235552, -0.000656892254483, 0.00124293600675, -0.00173197407275, -0.00114714109804, 0.00211981218308, -0.00188434217125, 0.0004489311832, 0.00116281129885, -0.000804786046501], [-0.000180971488589, -0.00029905673, -0.00225865235552, 0.00620603561401, -0.0024494305253, -0.000837140134536, 0.00102052115835, -0.000815005740151, -0.00221483013593, 0.00224574399181, -0.000133817477035, -0.00135245686397, 0.00123391579837], [0.000213378909393, -0.00062291265931, -0.000656892254483, -0.0024494305253, 0.0108293229714, -0.00633496697992, 0.00152041215915, 0.00124503532425, -0.00183865893632, -0.000495950167533, -0.00162678654306, 0.00177987874486, -0.000579949759413], [-0.000161898351507, 0.000285915157292, 0.00124293600675, -0.000837140134536, -0.00633496697992, 0.0134018873796, -0.00961842481047, -0.00163310242351, 0.00194636010565, -0.000953406095505, 0.00250323186629, 0.000801271118689, -0.00260802474804], [-2.57643805526e-05, 2.24974046432e-05, -0.00173197407275, 0.00102052115835, 0.00152041215915, -0.00961842481047, 0.0195120461285, -0.00799301825464, 0.00198637600988, -0.0032056667842, 0.000595750287175, 0.000508693861775, -0.000804361014161], [5.41735316801e-05, 0.000130262647872, -0.00114714109804, -0.000815005740151, 0.00124503532425, -0.00163310242351, -0.00799301825464, 0.0278034154326, -0.0195317827165, 0.00919678993523, -0.00688400119543, -0.000444713077741, 0.00178099586628], [8.19865672383e-05, -6.07309157203e-05, 0.00211981218308, -0.00221483013593, -0.00183865893632, 0.00194636010565, 0.00198637600988, -0.0195317827165, 0.03660383448, -0.0227945428342, 0.00944860093296, -0.00547379814088, 0.00103720428888], [-0.000104419326817, 0.000288030889351, -0.00188434217125, 0.00224574399181, -0.000495950167533, -0.000953406095505, -0.0032056667842, 0.00919678993523, -0.0227945428342, 0.0391143709421, -0.0243588835001, 0.0111550642177, -0.00738892797381], [0.0001385215146, 0.00041885083192, 0.0004489311832, -0.000133817477035, -0.00162678654306, 0.00250323186629, 0.000595750287175, -0.00688400119543, 0.00944860093296, -0.0243588835001, 0.0454857088625, -0.0343590341508, 0.0134585602209], [-5.54198450118e-05, -0.000876877456903, 0.00116281129885, -0.00135245686397, 0.00177987874486, 0.000801271118689, 0.000508693861775, -0.000444713077741, -0.00547379814088, 0.0111550642177, -0.0343590341508, 0.0525280199945, -0.0262157656252], [0.000126589264255, 0.000502536131535, -0.000804786046501, 0.00123391579837, -0.000579949759413, -0.00260802474804, -0.000804361014161, 0.00178099586628, 0.00103720428888, -0.00738892797381, 0.0134585602209, -0.0262157656252, 0.0274236388505]]
    },
    "spectral_contrast_coeffs": {
        "mean": [-0.702234745026, -0.790939092636, -0.812589585781, -0.835503816605, -0.823239326477, -0.775461196899],
        "stdev": [0.0953384786844, 0.0809377133846, 0.0619320496917, 0.045651819557, 0.040280520916, 0.0377140417695]
    },
    "spectral_contrast_valleys": {
        "mean": [-7.16600704193, -7.31984519958, -7.71210765839, -7.82004880905, -7.71855354309, -10.0409049988],
        "stdev": [2.56536912918, 2.41140055656, 2.35627675056, 2.35684752464, 2.43945121765, 2.31454896927]
    }
},
"rhythm": {
    "beats_count": 488,
    "beats_loudness": {
        "mean": 0.0499695055187,
        "stdev": 0.0327545590699
    },
    "bpm": 137.641830444,
    "bpm_histogram_first_peak_bpm": 136,
    "bpm_histogram_first_peak_weight": 0.506361365318,
    "bpm_histogram_second_peak_bpm": 144,
    "bpm_histogram_second_peak_spread": 0.150000035763,
    "bpm_histogram_second_peak_weight": 0.0349075980484,
    "danceability": 1.08794641495,
    "onset_rate": 4.46154928207,
    "beats_loudness_band_ratio": {
        "mean": [0.503528475761, 0.104697741568, 0.138472050428, 0.0927820280194, 0.0627304315567, 0.117326900363],
        "stdev": [0.331922888756, 0.133277490735, 0.186762779951, 0.112577952445, 0.0790051370859, 0.111731253564]
    },
    "beats_position": [0.49922901392, 0.952018141747, 1.39319729805, 1.83437633514, 2.27555561066, 2.70512461662, 3.13469386101, 3.5758728981, 4.01705217361, 4.446621418, 4.87619018555, 5.31736946106, 5.74693870544, 6.17650794983, 6.6176867485, 7.05886602402, 7.4884352684, 7.91800451279, 8.35918331146, 8.80036258698, 9.22993183136, 9.65950107574, 10.1006803513, 10.5418596268, 10.9714279175, 11.4009971619, 11.8421764374, 12.2717456818, 12.7013149261, 13.1424942017, 13.5836734772, 14.0132427216, 14.4428119659, 14.8839902878, 15.3135595322, 15.7431287766, 16.1843090057, 16.6254863739, 17.0550556183, 17.4846248627, 17.9258041382, 18.3553733826, 18.784942627, 19.2261219025, 19.667301178, 20.0968704224, 20.5264396667, 20.9676189423, 21.4087982178, 21.8383674622, 22.2679367065, 22.7091159821, 23.1386852264, 23.5682544708, 24.009431839, 24.4506111145, 24.8801803589, 25.3097496033, 25.7509288788, 26.1804981232, 26.6100673676, 27.0512466431, 27.4924259186, 27.9336051941, 28.3863945007, 28.8391838074, 29.3035831451, 29.8144207001, 30.3368701935, 30.870929718, 31.5326976776, 32.1944656372, 32.9955558777, 33.7966423035, 34.539680481, 35.2827186584, 36.0257606506, 36.7687988281, 37.5234451294, 38.2780952454, 39.0211334229, 39.7641716003, 40.5072097778, 41.2502479553, 41.9120178223, 42.5737876892, 43.1658935547, 43.7463951111, 44.3268928528, 44.86095047, 45.3950119019, 45.9522895813, 46.4747390747, 46.9971885681, 47.5196380615, 48.0304756165, 48.5297050476, 49.0289344788, 49.5165519714, 49.9925613403, 50.4685707092, 50.9329681396, 51.3857574463, 51.8501586914, 52.2913360596, 52.7325172424, 53.1736946106, 53.6148757935, 54.0560531616, 54.4972343445, 54.9384117126, 55.3795890808, 55.8091583252, 56.2387275696, 56.668296814, 57.0978660583, 57.5390472412, 57.9686164856, 58.39818573, 58.8393630981, 59.2689323425, 59.6985015869, 60.1280708313, 60.5576400757, 60.9872093201, 61.4167785645, 61.8463478088, 62.2759170532, 62.7170982361, 63.1466636658, 63.5762329102, 64.0174102783, 64.4469833374, 64.8765487671, 65.3177337646, 65.7472991943, 66.1768722534, 66.6180496216, 67.0592269897, 67.4888000488, 67.9183654785, 68.3595428467, 68.7891159058, 69.2186813354, 69.659866333, 70.1010437012, 70.5306091309, 70.9601821899, 71.4013595581, 71.8425369263, 72.2721099854, 72.701675415, 73.1428527832, 73.5840377808, 74.0136032104, 74.4431762695, 74.8843536377, 75.3139190674, 75.7434921265, 76.1846694946, 76.6258468628, 77.0554199219, 77.4849853516, 77.9261627197, 78.3557357788, 78.7853012085, 79.2264862061, 79.6676635742, 80.0972290039, 80.526802063, 80.9679794312, 81.3975524902, 81.8271179199, 82.2682952881, 82.7094802856, 83.1390457153, 83.5686187744, 84.0097961426, 84.4509735107, 84.8689346313, 85.3101119995, 85.7512893677, 86.1808624268, 86.6104278564, 87.0516052246, 87.4927902222, 87.9107437134, 88.3519287109, 88.7931060791, 89.2226715088, 89.6522445679, 90.093421936, 90.5345993042, 90.9641723633, 91.393737793, 91.8349151611, 92.2644882202, 92.6940536499, 93.1352386475, 93.5764160156, 94.0059814453, 94.4355545044, 94.8767318726, 95.3179092407, 95.7474822998, 96.1770477295, 96.6182327271, 97.0477981567, 97.4773712158, 97.918548584, 98.3597259521, 98.7892990112, 99.2188644409, 99.6600418091, 100.089614868, 100.519180298, 100.960357666, 101.401542664, 101.831108093, 102.260681152, 102.701858521, 103.143035889, 103.572608948, 104.002174377, 104.443351746, 104.884536743, 105.33732605, 105.778503418, 106.231292725, 106.672470093, 107.113647461, 107.554824829, 107.996009827, 108.425575256, 108.866752625, 109.296325684, 109.737503052, 110.167076111, 110.596641541, 111.037818909, 111.467391968, 111.896957397, 112.338134766, 112.767707825, 113.197273254, 113.638458252, 114.068023682, 114.497596741, 114.938774109, 115.379951477, 115.809524536, 116.239089966, 116.680267334, 117.121452332, 117.551017761, 117.98059082, 118.421768188, 118.886169434, 119.350563049, 119.826576233, 120.302581787, 120.697319031, 121.092063904, 121.486801147, 121.916366577, 122.345939636, 122.775505066, 123.205078125, 123.646255493, 124.075828552, 124.505393982, 124.934967041, 125.364532471, 125.805709839, 126.246894836, 126.688072205, 127.117637634, 127.547210693, 127.988388062, 128.42956543, 128.859130859, 129.288711548, 129.729888916, 130.159454346, 130.600631714, 131.030197144, 131.459777832, 131.889343262, 132.318908691, 132.748474121, 133.17805481, 133.596008301, 134.002349854, 134.420318604, 134.838272095, 135.360717773, 135.871566772, 136.382400513, 136.893234253, 137.392471313, 137.891693115, 138.414154053, 138.924987793, 139.435821533, 139.946670532, 140.480728149, 141.014785767, 141.467575073, 141.908752441, 142.361541748, 142.802719116, 143.243896484, 143.685073853, 144.126251221, 144.567428589, 145.008621216, 145.449798584, 145.879364014, 146.297317505, 146.715286255, 147.121627808, 147.516372681, 147.911102295, 148.305847168, 148.723800659, 149.141769409, 149.5597229, 149.97769165, 150.384033203, 150.801986694, 151.219955444, 151.603088379, 151.986206055, 152.369338989, 152.740859985, 153.170425415, 153.611602783, 154.041183472, 154.48236084, 154.923538208, 155.364715576, 155.805892944, 156.247070312, 156.676635742, 157.129425049, 157.582214355, 158.058227539, 158.545852661, 158.987030029, 159.428207397, 159.869384766, 160.310562134, 160.740127563, 161.169708252, 161.61088562, 162.052062988, 162.481628418, 162.911193848, 163.352371216, 163.781951904, 164.211517334, 164.652694702, 165.09387207, 165.535049438, 165.987838745, 166.45223999, 166.905029297, 167.369430542, 167.845443726, 168.32144165, 168.785842896, 169.227020264, 169.668212891, 170.09777832, 170.52734375, 170.968521118, 171.409698486, 171.827667236, 172.268844604, 172.710021973, 173.139587402, 173.569152832, 174.0103302, 174.439910889, 174.869476318, 175.310653687, 175.751831055, 176.181396484, 176.610977173, 177.052154541, 177.493331909, 177.922897339, 178.352462769, 178.793640137, 179.223220825, 179.652786255, 180.093963623, 180.535140991, 180.964706421, 181.394287109, 181.835464478, 182.265029907, 182.694595337, 183.135772705, 183.576965332, 184.0181427, 184.44770813, 184.87727356, 185.318450928, 185.748016357, 186.177597046, 186.618774414, 187.059951782, 187.477905273, 187.919082642, 188.360275269, 188.789840698, 189.219406128, 189.660583496, 190.101760864, 190.531341553, 190.960906982, 191.402084351, 191.843261719, 192.272827148, 192.702392578, 193.143585205, 193.573150635, 194.002716064, 194.443893433, 194.885070801, 195.303039551, 195.744216919, 196.185394287, 196.614959717, 197.044525146, 197.485717773, 197.926895142, 198.36807251, 198.797637939, 199.227203369, 199.668380737, 200.097961426, 200.527526855, 200.968704224, 201.409881592, 201.839447021, 202.26902771, 202.710205078, 203.139770508, 203.569335938, 204.010513306, 204.451690674, 204.869659424, 205.310836792, 205.75201416, 206.18157959, 206.611160278, 207.052337646, 207.493515015, 207.923080444, 208.352645874, 208.793823242, 209.23500061, 209.676193237, 210.117370605, 210.581771851, 211.057769775, 211.533782959, 212.021408081, 212.462585449, 212.903762817, 213.344940186, 213.786117554, 214.227294922, 214.656860352, 215.08644104, 215.527618408, 215.957183838, 216.386749268, 216.827926636, 217.257507324, 217.687072754, 218.128250122, 218.56942749, 219.010604858, 219.451782227, 219.892959595],
    "bpm_histogram": [0, 0, 0, 0, 0, 0, 0, 0, 0, 0, 0, 0, 0, 0, 0, 0, 0, 0, 0, 0, 0, 0, 0, 0, 0, 0, 0, 0, 0, 0, 0, 0, 0, 0, 0, 0, 0, 0, 0, 0, 0, 0, 0, 0, 0, 0, 0, 0, 0, 0, 0, 0, 0, 0, 0, 0, 0, 0, 0, 0, 0, 0, 0, 0, 0, 0, 0, 0, 0, 0, 0, 0, 0, 0, 0, 0.00410677632317, 0, 0, 0, 0, 0.00410677632317, 0.0164271052927, 0, 0, 0, 0, 0, 0, 0, 0, 0, 0.00821355264634, 0, 0, 0, 0, 0, 0, 0, 0, 0, 0.00205338816158, 0, 0.00410677632317, 0, 0, 0, 0, 0.00205338816158, 0, 0, 0, 0.0102669401094, 0, 0, 0.0123203285038, 0, 0.0164271052927, 0, 0, 0.00821355264634, 0, 0, 0.00616016425192, 0, 0, 0.0184804927558, 0, 0, 0.0184804927558, 0, 0, 0, 0.0246406570077, 0, 0, 0.39835730195, 0, 0, 0, 0.383983582258, 0, 0, 0, 0.0349075980484, 0, 0, 0, 0.00616016425192, 0, 0, 0, 0.0123203285038, 0, 0, 0, 0, 0.00616016425192, 0, 0, 0, 0.00205338816158, 0, 0, 0, 0, 0, 0, 0, 0, 0, 0, 0, 0, 0, 0, 0, 0, 0, 0, 0, 0, 0, 0, 0, 0, 0, 0, 0, 0, 0, 0, 0, 0, 0, 0, 0, 0, 0, 0, 0, 0, 0, 0, 0, 0, 0, 0, 0, 0, 0, 0, 0, 0, 0, 0, 0, 0, 0, 0, 0, 0, 0, 0, 0, 0, 0, 0, 0, 0, 0, 0, 0, 0, 0, 0, 0, 0, 0, 0, 0, 0, 0, 0, 0, 0, 0, 0, 0, 0]
},
"tonal": {
    "chords_changes_rate": 0.0828601494431,
    "chords_number_rate": 0.00294426921755,
    "chords_strength": {
        "mean": 0.470725059509,
        "stdev": 0.16823810339
    },
    "hpcp_crest": {
        "mean": 11.1039562225,
        "stdev": 6.45047283173
    },
    "hpcp_entropy": {
        "mean": 2.51224350929,
        "stdev": 0.897963345051
    },
    "key_edma": {
        "strength": 0.6308811903,
        "key": "F#",
        "scale": "minor"
    },
    "key_krumhansl": {
        "strength": 0.623359620571,
        "key": "F#",
        "scale": "minor"
    },
    "key_temperley": {
        "strength": 0.61153280735,
        "key": "F#",
        "scale": "minor"
    },
    "tuning_diatonic_strength": 0.611666798592,
    "tuning_equal_tempered_deviation": 0.295642018318,
    "tuning_frequency": 453.416503906,
    "tuning_nontempered_energy_ratio": 0.901376664639,
    "hpcp": {
        "mean": [0.0970299914479, 0.0880525633693, 0.0919099152088, 0.0966882333159, 0.0893893539906, 0.0869175642729, 0.0957320183516, 0.102842226624, 0.108409620821, 0.114916056395, 0.133804008365, 0.235763981938, 0.397924363613, 0.384204089642, 0.23204909265, 0.15927939117, 0.129431843758, 0.110804997385, 0.102765709162, 0.0963917523623, 0.0916250273585, 0.103956699371, 0.110131114721, 0.0916963145137, 0.0882000848651, 0.103039123118, 0.104378208518, 0.0930909067392, 0.0941236168146, 0.0947525277734, 0.097918830812, 0.111296474934, 0.10905815661, 0.1220901981, 0.145650491118, 0.12374792248],
        "stdev": [0.197488903999, 0.190675675869, 0.193106517196, 0.198991566896, 0.188461720943, 0.1872715801, 0.197423130274, 0.207239031792, 0.211260348558, 0.222419247031, 0.236891195178, 0.294668406248, 0.395317584276, 0.373134762049, 0.301512151957, 0.256386011839, 0.227743402123, 0.211291179061, 0.20519182086, 0.191269397736, 0.183486491442, 0.2045237571, 0.221733897924, 0.189856871963, 0.182181283832, 0.203263685107, 0.205974683166, 0.191885963082, 0.200183361769, 0.199097558856, 0.198389992118, 0.22680836916, 0.222810313106, 0.227980449796, 0.253256499767, 0.216607511044]
    },
    "chords_histogram": [1.8506834507, 2.8811776638, 17.9600429535, 1.76656150818, 0.420609891415, 0.883280754089, 0.357518404722, 3.7013669014, 2.79705572128, 47.0241851807, 3.61724495888, 1.87171399593, 0.420609891415, 0.105152472854, 0.0210304949433, 0, 0.2733964324, 1.21976864338, 0.420609891415, 3.68033647537, 0.56782335043, 1.95583593845, 5.17350149155, 1.0304942131],
    "thpcp": [1, 0.965520381927, 0.58314871788, 0.400275558233, 0.325267463923, 0.278457432985, 0.258254379034, 0.242236360908, 0.23025739193, 0.261247396469, 0.276763945818, 0.230436548591, 0.221650376916, 0.258941471577, 0.262306660414, 0.233941212296, 0.236536458135, 0.238116934896, 0.246073976159, 0.279692530632, 0.274067550898, 0.30681759119, 0.366025567055, 0.310983538628, 0.243840292096, 0.221279650927, 0.23097333312, 0.242981433868, 0.224639058113, 0.218427345157, 0.240578427911, 0.258446663618, 0.272437751293, 0.288788706064, 0.336254864931, 0.592484414577],
    "chords_key": "C#",
    "chords_scale": "major"
}
}