{
"metadata": {
    "version": {
        "essentia": "2.1-dev",
        "essentia_git_sha": "v2.1_beta3-415-gd5473f3",
        "extractor": "music 2.0"
    },
    "audio_properties": {
        "analysis": {
            "equal_loudness": 0,
            "length": 191.137954712,
            "sample_rate": 44100,
            "start_time": 0,
            "downmix": "mix"
        },
        "bit_rate": 192000,
        "length": 191.137954712,
        "lossless": 0,
        "number_channels": 2,
        "replay_gain": -7.7352180481,
        "sample_rate": 44100,
        "codec": "mp3",
        "md5_encoded": "afceafd2922e2a5b4690dbd6cce30e56"
    },
    "tags": {
        "file_name": "marc_et_claude-lovin._you.mp3",
        "album": ["Cultura De Club (CD 2)"],
        "artist": ["Various Artists"],
        "genre": ["Other"],
        "title": ["Marc Et Claude - Lovin' You"]
    }
},
"lowlevel": {
    "average_loudness": 0.663646042347,
    "barkbands_crest": {
        "mean": 13.3310089111,
        "stdev": 6.42365217209
    },
    "barkbands_flatness_db": {
        "mean": 0.149469584227,
        "stdev": 0.0816373154521
    },
    "barkbands_kurtosis": {
        "mean": 15.3243589401,
        "stdev": 55.7226715088
    },
    "barkbands_skewness": {
        "mean": 2.15210986137,
        "stdev": 2.94120144844
    },
    "barkbands_spread": {
        "mean": 23.0168991089,
        "stdev": 17.1348438263
    },
    "dissonance": {
        "mean": 0.464356213808,
        "stdev": 0.0315279588103
    },
    "dynamic_complexity": 2.41577267647,
    "erbbands_crest": {
        "mean": 8.73332977295,
        "stdev": 4.06620788574
    },
    "erbbands_flatness_db": {
        "mean": 0.150929868221,
        "stdev": 0.0638121515512
    },
    "erbbands_kurtosis": {
        "mean": 1.32418775558,
        "stdev": 2.90802812576
    },
    "erbbands_skewness": {
        "mean": 0.311030685902,
        "stdev": 0.662293314934
    },
    "erbbands_spread": {
        "mean": 36.5046310425,
        "stdev": 22.0394039154
    },
    "hfc": {
        "mean": 31.1348571777,
        "stdev": 30.3753948212
    },
    "loudness_ebu128": {
        "integrated": -13.7780733109,
        "loudness_range": 4.95433044434,
        "momentary": {
            "mean": -14.3189201355,
            "stdev": 2.3535695076
        },
        "short_term": {
            "mean": -14.1112766266,
            "stdev": 1.80027449131
        }
    },
    "melbands_crest": {
        "mean": 19.8304462433,
        "stdev": 8.8616809845
    },
    "melbands_flatness_db": {
        "mean": 0.223023802042,
        "stdev": 0.100954011083
    },
    "melbands_kurtosis": {
        "mean": 33.3537940979,
        "stdev": 73.7842941284
    },
    "melbands_skewness": {
        "mean": 3.4366133213,
        "stdev": 3.45455145836
    },
    "melbands_spread": {
        "mean": 22.6691570282,
        "stdev": 17.4184570312
    },
    "pitch_salience": {
        "mean": 0.438061207533,
        "stdev": 0.194714486599
    },
    "silence_rate_20dB": {
        "mean": 0.9843313694,
        "stdev": 0.124189406633
    },
    "silence_rate_30dB": {
        "mean": 0.853030502796,
        "stdev": 0.354082226753
    },
    "silence_rate_60dB": {
        "mean": 0.00692335702479,
        "stdev": 0.082917585969
    },
    "spectral_centroid": {
        "mean": 1358.8380127,
        "stdev": 625.610717773
    },
    "spectral_complexity": {
        "mean": 19.2451114655,
        "stdev": 8.01257896423
    },
    "spectral_decrease": {
        "mean": -1.53233017386e-08,
        "stdev": 2.1332422051e-08
    },
    "spectral_energy": {
        "mean": 0.0606577917933,
        "stdev": 0.0811209008098
    },
    "spectral_energyband_high": {
        "mean": 0.00159420771524,
        "stdev": 0.00257742777467
    },
    "spectral_energyband_low": {
        "mean": 0.0438049249351,
        "stdev": 0.0817853435874
    },
    "spectral_energyband_middle_high": {
        "mean": 0.00832042749971,
        "stdev": 0.0112836100161
    },
    "spectral_energyband_middle_low": {
        "mean": 0.00779354106635,
        "stdev": 0.0106562562287
    },
    "spectral_entropy": {
        "mean": 7.73715257645,
        "stdev": 0.568244278431
    },
    "spectral_flux": {
        "mean": 0.116684168577,
        "stdev": 0.0919841751456
    },
    "spectral_kurtosis": {
        "mean": 4.96192455292,
        "stdev": 5.58934259415
    },
    "spectral_rms": {
        "mean": 0.0066795013845,
        "stdev": 0.00381607166491
    },
    "spectral_rolloff": {
        "mean": 1425.02490234,
        "stdev": 1623.99157715
    },
    "spectral_skewness": {
        "mean": 1.72588455677,
        "stdev": 0.622224807739
    },
    "spectral_spread": {
        "mean": 5757081,
        "stdev": 2436311.25
    },
    "spectral_strongpeak": {
        "mean": 1.03888380527,
        "stdev": 1.60832059383
    },
    "zerocrossingrate": {
        "mean": 0.0611958801746,
        "stdev": 0.0441226772964
    },
    "barkbands": {
        "mean": [0.00237185065635, 0.0363321118057, 0.00434101140127, 0.00189546484035, 0.00160732364748, 0.00123311264906, 0.00051889574388, 0.000425467413152, 0.00187980406918, 0.00123829056975, 0.00123108166736, 0.00155275070574, 0.00107584416401, 0.00123133906163, 0.00108261022251, 0.000451746658655, 0.000221084366785, 0.000182970848982, 0.000116102055472, 0.00012972499826, 0.000170237573911, 0.000194887019461, 0.000309410883347, 0.000352928123903, 0.000350222573616, 0.000146751815919, 1.46545662574e-05],
        "stdev": [0.00283526955172, 0.0749257579446, 0.0198903400451, 0.00601316895336, 0.00373803940602, 0.00153482740279, 0.00101500377059, 0.000924508494791, 0.00254776095971, 0.00308993970975, 0.00380669557489, 0.0050401748158, 0.00184687704314, 0.00265230122022, 0.0038939549122, 0.000801733927801, 0.000382182537578, 0.000273814279353, 0.000143382392707, 0.00019023011555, 0.000314925302519, 0.000326725974446, 0.000567733659409, 0.000563431996852, 0.000683063757606, 0.000281237182207, 2.58296950051e-05]
    },
    "erbbands": {
        "mean": [1.37647783756, 6.70949077606, 6.66992330551, 5.63226270676, 6.53505182266, 4.62063932419, 5.86818504333, 11.5455083847, 7.44568586349, 9.37072563171, 11.606762886, 35.583694458, 45.8652191162, 45.7739753723, 61.6284103394, 53.0636100769, 49.9613990784, 56.448135376, 63.8776359558, 44.2455749512, 22.2384967804, 12.6890249252, 10.5136203766, 7.34730243683, 6.61309766769, 5.91988515854, 6.2278137207, 6.75037908554, 7.17630958557, 7.57761764526, 8.50270557404, 7.40257644653, 6.01482105255, 4.53461360931, 2.08359241486, 0.745935201645, 0.235217154026, 0.059712368995, 0.00141703360714, 0.000109825945401],
        "stdev": [2.49856328964, 16.5579547882, 24.269536972, 20.6159915924, 15.6310653687, 12.0226516724, 9.46155071259, 14.6662778854, 11.8232460022, 23.0140075684, 20.7738323212, 50.1806907654, 70.2554321289, 115.957603455, 167.652816772, 132.505020142, 84.2447891235, 96.1574859619, 193.643936157, 174.949676514, 35.8271408081, 20.8944473267, 14.980096817, 9.42343044281, 8.43790817261, 8.2148141861, 11.7742576599, 12.2575531006, 12.3250131607, 14.6078090668, 15.0585441589, 11.7247371674, 10.0508337021, 8.66483020782, 4.16048192978, 1.58668136597, 0.445652753115, 0.0987118855119, 0.00229624263011, 0.000114492009743]
    },
    "gfcc": {
        "mean": [17.7406024933, 75.581817627, -111.641304016, 16.192407608, -49.0888214111, 39.121307373, -30.3207950592, 12.2570104599, -20.2692241669, 5.66573572159, -13.7369174957, 2.80783605576, -6.05035257339],
        "cov": [[4930.88476562, -2024.42626953, 957.475463867, 346.566772461, -118.94985199, 659.001831055, -224.812973022, 453.648498535, -153.250793457, 312.515838623, -61.844581604, 324.979705811, -185.295822144], [-2024.42626953, 2213.67822266, -390.817138672, -200.452163696, 124.307449341, -454.245483398, 188.618927002, -342.227600098, 89.6151046753, -249.519241333, 28.2298126221, -287.089508057, 123.662124634], [957.475463867, -390.817138672, 1359.80541992, 396.481292725, 116.448814392, 574.555358887, 271.773040771, 332.949035645, 125.117256165, 223.515029907, 128.984115601, 195.45324707, 2.16994214058], [346.566772461, -200.452163696, 396.481292725, 369.080963135, 92.8674163818, 183.782394409, 105.249061584, 102.489952087, 70.6274108887, 93.5947341919, 41.3456840515, 72.8909988403, 7.46595048904], [-118.94985199, 124.307449341, 116.448814392, 92.8674163818, 363.706298828, 166.792022705, 170.06602478, 79.1544036865, 125.674621582, 37.3271865845, 68.5997161865, 17.7864551544, 28.319311142], [659.001831055, -454.245483398, 574.555358887, 183.782394409, 166.792022705, 554.184265137, 219.874710083, 269.163269043, 105.202758789, 179.102416992, 106.93081665, 149.651153564, 28.061788559], [-224.812973022, 188.618927002, 271.773040771, 105.249061584, 170.06602478, 219.874710083, 296.415924072, 119.231193542, 116.754577637, 59.2914543152, 77.8720779419, 42.2244949341, 48.0190849304], [453.648498535, -342.227600098, 332.949035645, 102.489952087, 79.1544036865, 269.163269043, 119.231193542, 241.321166992, 83.8372192383, 108.412353516, 64.9889068604, 94.4721755981, 15.1680727005], [-153.250793457, 89.6151046753, 125.117256165, 70.6274108887, 125.674621582, 105.202758789, 116.754577637, 83.8372192383, 148.672744751, 61.9677276611, 74.3508911133, 30.075963974, 42.5669593811], [312.515838623, -249.519241333, 223.515029907, 93.5947341919, 37.3271865845, 179.102416992, 59.2914543152, 108.412353516, 61.9677276611, 150.312469482, 66.6734695435, 85.8867492676, 22.4744815826], [-61.844581604, 28.2298126221, 128.984115601, 41.3456840515, 68.5997161865, 106.93081665, 77.8720779419, 64.9889068604, 74.3508911133, 66.6734695435, 114.245605469, 60.268661499, 46.9282302856], [324.979705811, -287.089508057, 195.45324707, 72.8909988403, 17.7864551544, 149.651153564, 42.2244949341, 94.4721755981, 30.075963974, 85.8867492676, 60.268661499, 136.69291687, 26.1999492645], [-185.295822144, 123.662124634, 2.16994214058, 7.46595048904, 28.319311142, 28.061788559, 48.0190849304, 15.1680727005, 42.5669593811, 22.4744815826, 46.9282302856, 26.1999492645, 91.4470901489]],
        "icov": [[0.000480940536363, -1.515801614e-05, -9.03296750039e-05, -0.000170438142959, -0.000128711311845, -0.000348381669028, 0.000809734396171, -0.00069306162186, 0.00061516702408, -0.000442740507424, 0.000612353847828, -0.000553956895601, 0.000514523766469], [-1.515801614e-05, 0.00179404392838, -0.00061487860512, 0.000617754703853, -0.000122121622553, 0.00113480037544, -0.0019746508915, 0.00214901915751, -0.000955557683483, 0.00128220370971, -0.00162031536456, 0.00274432986043, -0.00194766186178], [-9.03296750039e-05, -0.00061487860512, 0.00203099916689, -0.0013509291457, 0.000670613721013, -0.00134746998083, -7.25348581909e-05, -0.00120128446724, 0.000361688551493, -0.000350264861481, -0.000172455445863, -0.00108512095176, 0.00147082656622], [-0.000170438142959, 0.000617754703853, -0.0013509291457, 0.0046750260517, -0.000714480411261, 0.000823717622552, -0.00114059541374, 0.00155965646263, -0.00147575500887, -0.000721076736227, 0.000730824365746, 0.000214670144487, -0.0007940204232], [-0.000128711311845, -0.000122121622553, 0.000670613721013, -0.000714480411261, 0.00495457975194, -0.00156760157552, -0.00134278449696, 0.000677320815157, -0.00321993976831, 0.00152780883946, -0.000960009871051, 0.000476508896099, 0.000965691404417], [-0.000348381669028, 0.00113480037544, -0.00134746998083, 0.000823717622552, -0.00156760157552, 0.00757805258036, -0.00369164557196, -0.00177361769602, 0.00137075968087, -0.00199713464826, -0.00140700489283, 0.00084343313938, -0.00154990237206], [0.000809734396171, -0.0019746508915, -7.25348581909e-05, -0.00114059541374, -0.00134278449696, -0.00369164557196, 0.0106773432344, -0.00370441633277, -0.000593220989686, -0.000211865306483, 0.00203018728644, -0.00271006557159, 0.0010250749765], [-0.00069306162186, 0.00214901915751, -0.00120128446724, 0.00155965646263, 0.000677320815157, -0.00177361769602, -0.00370441633277, 0.0144543955103, -0.00584549596533, 0.00129421637394, -0.00162743125111, 0.00157961354125, -0.00174154795241], [0.00061516702408, -0.000955557683483, 0.000361688551493, -0.00147575500887, -0.00321993976831, 0.00137075968087, -0.000593220989686, -0.00584549596533, 0.0178908463567, -0.00498527381569, -0.00380088505335, 0.000991437700577, -0.000928030582145], [-0.000442740507424, 0.00128220370971, -0.000350264861481, -0.000721076736227, 0.00152780883946, -0.00199713464826, -0.000211865306483, 0.00129421637394, -0.00498527381569, 0.0170741695911, -0.0049190078862, -0.00138893653639, -0.00148096226621], [0.000612353847828, -0.00162031536456, -0.000172455445863, 0.000730824365746, -0.000960009871051, -0.00140700489283, 0.00203018728644, -0.00162743125111, -0.00380088505335, -0.0049190078862, 0.0213265176862, -0.00785379018635, -0.00240662950091], [-0.000553956895601, 0.00274432986043, -0.00108512095176, 0.000214670144487, 0.000476508896099, 0.00084343313938, -0.00271006557159, 0.00157961354125, 0.000991437700577, -0.00138893653639, -0.00785379018635, 0.0198306720704, -0.00584202352911], [0.000514523766469, -0.00194766186178, 0.00147082656622, -0.0007940204232, 0.000965691404417, -0.00154990237206, 0.0010250749765, -0.00174154795241, -0.000928030582145, -0.00148096226621, -0.00240662950091, -0.00584202352911, 0.018273435533]]
    },
    "melbands": {
        "mean": [0.0110874157399, 0.0054039908573, 0.00104182353243, 0.000396844465286, 0.000202923984034, 0.000250886252616, 0.000112459689262, 0.000101609904959, 0.000107150917756, 0.000251852266956, 0.000231710844673, 0.000184021657333, 0.000199928763323, 0.00018841426936, 0.000118414223834, 0.000104332786577, 0.000102548336145, 0.000106890904135, 7.57970556151e-05, 3.86879546568e-05, 2.34763738263e-05, 1.15795719466e-05, 1.18722646221e-05, 9.57021256909e-06, 5.43492978977e-06, 4.40138182967e-06, 5.38541098649e-06, 3.4501420032e-06, 3.57301382792e-06, 4.14502073909e-06, 3.8096334265e-06, 4.08304322264e-06, 3.82355028705e-06, 4.59276952824e-06, 4.98520603287e-06, 4.91882519782e-06, 4.39673476649e-06, 4.31845046478e-06, 3.97797930418e-06, 3.82644657293e-06],
        "stdev": [0.0214854739606, 0.0145781021565, 0.00326309213415, 0.000961710873526, 0.000341576669598, 0.000312581396429, 0.000176799119799, 0.000241201778408, 0.000191127575818, 0.000343802792486, 0.000372219161363, 0.0004873049038, 0.000544803566299, 0.00066496769432, 0.00035919182119, 0.000153874294483, 0.000189076599781, 0.000331711809849, 0.000269053998636, 0.000135314563522, 3.88059561374e-05, 2.05873257073e-05, 2.13496368815e-05, 1.66616355273e-05, 7.17801140127e-06, 5.6790763665e-06, 8.61457465362e-06, 5.13747863806e-06, 7.33756269256e-06, 8.66759000928e-06, 6.97437053532e-06, 7.26768575987e-06, 6.86810153638e-06, 9.09901609703e-06, 9.16353837965e-06, 8.41979272082e-06, 7.01106591805e-06, 7.2754141911e-06, 8.04576757218e-06, 7.42798692954e-06]
    },
    "melbands128": {
        "mean": [0.00212458986789, 0.0116178942844, 0.0151362046599, 0.00980069953948, 0.00432238169014, 0.00184756261297, 0.00110688165296, 0.000913432915695, 0.000694426067639, 0.000361068669008, 0.000260587665252, 0.00017041436513, 0.000162846321473, 0.000280341570033, 0.000294903846225, 0.000229397672229, 0.000127030987642, 9.01791427168e-05, 8.05707022664e-05, 0.000121580938867, 8.99192746147e-05, 9.61257392191e-05, 6.60650039208e-05, 0.000147588623804, 0.000230002071476, 0.000256239349255, 0.000411656306824, 0.000141580094351, 0.000192692255951, 0.000212291823118, 0.000144812031067, 0.0001935234759, 0.000231933096074, 0.000132629604195, 0.000317507016007, 0.00015882353182, 8.47114570206e-05, 0.000121693148685, 0.000147415732499, 9.4639697636e-05, 6.00390922045e-05, 0.000168283688254, 9.00547674973e-05, 6.80762459524e-05, 0.0001385606447, 0.000101718658698, 9.52641057665e-05, 8.15416351543e-05, 6.33880335954e-05, 6.69901928632e-05, 2.70394775725e-05, 1.97005010705e-05, 3.55742376996e-05, 1.96307992155e-05, 9.00085888134e-06, 9.1472738859e-06, 1.4202042621e-05, 1.85664648598e-05, 8.01519854576e-06, 5.6576282077e-06, 1.23043846543e-05, 1.07444993773e-05, 4.34343519373e-06, 4.10209440815e-06, 6.72797341394e-06, 3.15297143061e-06, 3.86788860851e-06, 6.22251218374e-06, 5.89972933085e-06, 4.00488124797e-06, 4.05091486755e-06, 2.48981200457e-06, 2.94843175652e-06, 3.90879904444e-06, 3.96826271754e-06, 4.63105334347e-06, 3.74248270418e-06, 4.07936931879e-06, 3.73905231754e-06, 3.52935012415e-06, 4.65137009087e-06, 3.65006053471e-06, 4.22785706178e-06, 4.0873665057e-06, 3.05183084492e-06, 3.99019063479e-06, 4.73946329294e-06, 6.92426056048e-06, 4.44862052973e-06, 4.21451204602e-06, 4.82635368826e-06, 5.72530370846e-06, 4.12502686231e-06, 4.23106121161e-06, 4.34703224528e-06, 5.04396348333e-06, 4.13156249124e-06, 3.62641117135e-06, 4.02943760491e-06, 4.2301699068e-06, 3.80606888939e-06, 4.0218351387e-06, 3.47060677086e-06, 2.71918520411e-06, 2.30270370594e-06, 2.00617023438e-06, 1.48749154505e-06, 1.35837979087e-06, 1.37484289553e-06, 1.03347724689e-06, 9.56055032475e-07, 7.50693345708e-07, 6.74978934967e-07, 6.38539745523e-07, 6.74288003211e-07, 7.27335191186e-07, 5.7782648355e-07, 7.37924210625e-08, 1.01495487362e-11, 8.6421434245e-12, 8.33963280378e-12, 8.10424557324e-12, 7.89734250217e-12, 7.74497480038e-12, 7.61062220189e-12, 7.51758811451e-12, 7.44896679061e-12, 7.39664579585e-12],
        "stdev": [0.00267215142958, 0.0199551712722, 0.0349667742848, 0.0267432909459, 0.0156325455755, 0.00868273712695, 0.00474609108642, 0.00250143511221, 0.00181422883179, 0.00117142789531, 0.000824617163744, 0.00042943583685, 0.000350797519786, 0.000493033556268, 0.000412095338106, 0.000397296011215, 0.000239235145273, 0.00020551563648, 0.000176231973455, 0.000387265492463, 0.000262508547166, 0.000209526551771, 0.000163112999871, 0.00032041821396, 0.00046356394887, 0.000426128332037, 0.000742676144, 0.000288373295916, 0.000681386387441, 0.00072067900328, 0.000603440275881, 0.000797862943728, 0.000767294492107, 0.000732238404453, 0.00156543194316, 0.00051143305609, 0.000215784690226, 0.000694924674463, 0.000348296976881, 0.000170392217115, 0.000133326844661, 0.00037918399903, 0.000182349947863, 0.000223111273954, 0.000503090035636, 0.000449217215646, 0.00052993738791, 0.000325632980093, 0.000446055753855, 0.000361680082278, 9.84082726063e-05, 6.58858334646e-05, 7.91083220975e-05, 3.02414500766e-05, 1.49659717863e-05, 2.8464528441e-05, 3.6021687265e-05, 4.8592362873e-05, 1.53825494635e-05, 1.31035249069e-05, 2.62347020907e-05, 2.34451454162e-05, 9.44349721976e-06, 6.02795671512e-06, 1.28821930048e-05, 5.07410322825e-06, 6.85483246343e-06, 1.09769125629e-05, 1.38481509566e-05, 6.55351823298e-06, 7.37108166504e-06, 4.43501858172e-06, 8.03407056083e-06, 9.63770889939e-06, 1.08077929326e-05, 1.11732042569e-05, 8.70616804605e-06, 9.61447949521e-06, 7.37458549338e-06, 7.48933780415e-06, 1.01421119325e-05, 7.4525923992e-06, 8.34351976664e-06, 7.8187267718e-06, 6.1883761191e-06, 1.45761905515e-05, 8.89129114512e-06, 1.55404686666e-05, 9.22532399272e-06, 8.31816942082e-06, 9.42619408306e-06, 1.10550190584e-05, 7.16872864359e-06, 6.89989201419e-06, 8.59260399011e-06, 9.97015467874e-06, 7.17743478162e-06, 6.10645747656e-06, 9.64372065937e-06, 1.14243312055e-05, 7.51059178583e-06, 8.57862960402e-06, 6.62984894007e-06, 5.51218272449e-06, 5.42227644473e-06, 4.70291570309e-06, 3.42162320521e-06, 3.07348113893e-06, 3.0678170333e-06, 2.83604981632e-06, 2.42109877036e-06, 1.73346347765e-06, 1.3808296444e-06, 1.10146299903e-06, 1.15565455872e-06, 1.25696976738e-06, 1.0125843346e-06, 1.45656912309e-07, 1.85793793545e-11, 1.68175751103e-11, 1.63296806632e-11, 1.59245585468e-11, 1.55734158208e-11, 1.529639089e-11, 1.50483514538e-11, 1.48647275044e-11, 1.4730732259e-11, 1.46436248544e-11]
    },
    "mfcc": {
        "mean": [-628.400085449, 114.502662659, 1.8117839098, -5.10563516617, 9.63551235199, 17.6723957062, 10.0216140747, 9.18427371979, 5.55950641632, 7.14228200912, 0.460185945034, 0.928366303444, -1.44024419785],
        "cov": [[4068.43066406, -1793.28930664, 629.755310059, -199.714202881, 288.807373047, 19.4018516541, 101.233390808, 84.2955322266, -3.95551109314, -7.66707754135, 122.244384766, 24.0849208832, 93.6626434326], [-1793.28930664, 1899.53479004, -392.508728027, 150.090942383, -195.517608643, -48.0209465027, -75.3498764038, -106.047363281, -13.7825632095, -25.4464054108, -124.624649048, -43.7421531677, -109.019638062], [629.755310059, -392.508728027, 1146.69494629, 61.6426849365, 159.549438477, 228.63092041, 261.450195312, 221.700317383, 136.215515137, 104.012741089, 169.827545166, 151.899353027, 156.852127075], [-199.714202881, 150.090942383, 61.6426849365, 291.090332031, 23.9439811707, 49.9439964294, -15.6348905563, 6.3537402153, 14.5434150696, 6.44302749634, 11.3617572784, 7.19031238556, 2.89400577545], [288.807373047, -195.517608643, 159.549438477, 23.9439811707, 256.415863037, 111.260246277, 107.144683838, 102.045036316, 70.8508224487, 73.8638076782, 88.3834381104, 62.1975059509, 54.4185409546], [19.4018516541, -48.0209465027, 228.63092041, 49.9439964294, 111.260246277, 265.940307617, 157.057449341, 137.500915527, 88.2313995361, 79.1827011108, 111.002182007, 57.187171936, 83.8640975952], [101.233390808, -75.3498764038, 261.450195312, -15.6348905563, 107.144683838, 157.057449341, 229.475601196, 156.401535034, 111.305038452, 78.0930862427, 99.2449035645, 79.1652145386, 75.4940948486], [84.2955322266, -106.047363281, 221.700317383, 6.3537402153, 102.045036316, 137.500915527, 156.401535034, 207.490478516, 103.916007996, 70.4858169556, 102.320411682, 65.6471710205, 75.1957092285], [-3.95551109314, -13.7825632095, 136.215515137, 14.5434150696, 70.8508224487, 88.2313995361, 111.305038452, 103.916007996, 132.097808838, 74.8476791382, 68.3569259644, 54.0782699585, 48.8604431152], [-7.66707754135, -25.4464054108, 104.012741089, 6.44302749634, 73.8638076782, 79.1827011108, 78.0930862427, 70.4858169556, 74.8476791382, 103.306594849, 71.8287734985, 40.029045105, 38.08385849], [122.244384766, -124.624649048, 169.827545166, 11.3617572784, 88.3834381104, 111.002182007, 99.2449035645, 102.320411682, 68.3569259644, 71.8287734985, 130.426391602, 71.026763916, 64.6977767944], [24.0849208832, -43.7421531677, 151.899353027, 7.19031238556, 62.1975059509, 57.187171936, 79.1652145386, 65.6471710205, 54.0782699585, 40.029045105, 71.026763916, 98.8133621216, 61.3069496155], [93.6626434326, -109.019638062, 156.852127075, 2.89400577545, 54.4185409546, 83.8640975952, 75.4940948486, 75.1957092285, 48.8604431152, 38.08385849, 64.6977767944, 61.3069496155, 105.053344727]],
        "icov": [[0.000480896269437, 0.000363709055819, -0.000201845177799, 0.000162945318152, -0.000411087938119, 0.000218940287596, -0.000124474187032, 0.000240357738221, -5.23510607309e-05, 0.000469125021482, -0.000360752252163, 0.000532965466846, -3.3433916542e-05], [0.000363709055819, 0.00100801989902, 9.81406410574e-05, -0.000311018229695, 0.000298198312521, -0.000199376387172, -0.000316024787026, 0.000227803058806, -0.000198983601877, -0.000168752318132, 0.000667765154503, -0.00045296738972, 0.000659398559947], [-0.000201845177799, 9.81406410574e-05, 0.00151410873514, -0.000518598768394, 0.000390092929592, -0.000284477224341, -0.000946118088905, -0.000370215275325, 0.00028072076384, -0.000323694839608, 0.000257699313806, -0.00118833919987, -0.000473087100545], [0.000162945318152, -0.000311018229695, -0.000518598768394, 0.00425521470606, -0.000798893277533, -0.00129696156364, 0.00209711142816, 7.19873423805e-05, -0.000988544314168, 0.000931927119382, -0.000352159986505, -1.149685977e-05, 0.000425196427386], [-0.000411087938119, 0.000298198312521, 0.000390092929592, -0.000798893277533, 0.00659846607596, -0.00109435268678, -0.000639393227175, -0.000987742212601, 0.000367319851648, -0.00280432682484, 0.000176042318344, -0.00239316909574, 0.000871567346621], [0.000218940287596, -0.000199376387172, -0.000284477224341, -0.00129696156364, -0.00109435268678, 0.00914107076824, -0.00397514831275, -0.000580725609325, 0.000629702873994, -0.000418196286773, -0.00422498025, 0.00439458107576, -0.00350362062454], [-0.000124474187032, -0.000316024787026, -0.000946118088905, 0.00209711142816, -0.000639393227175, -0.00397514831275, 0.014015564695, -0.00460716290399, -0.0039121969603, -0.000244507798925, 0.00122017227113, -0.00361269316636, 0.00113328173757], [0.000240357738221, 0.000227803058806, -0.000370215275325, 7.19873423805e-05, -0.000987742212601, -0.000580725609325, -0.00460716290399, 0.0131483888254, -0.00428675627336, 0.00206675566733, -0.00439481902868, 0.00244651385583, -0.00202908972278], [-5.23510607309e-05, -0.000198983601877, 0.00028072076384, -0.000988544314168, 0.000367319851648, 0.000629702873994, -0.0039121969603, -0.00428675627336, 0.0187194570899, -0.00877252127975, 0.00191355647985, -0.00286985305138, -0.000394809554564], [0.000469125021482, -0.000168752318132, -0.000323694839608, 0.000931927119382, -0.00280432682484, -0.000418196286773, -0.000244507798925, 0.00206675566733, -0.00877252127975, 0.02233848162, -0.00886545982212, 0.00326845818199, -0.000118461131933], [-0.000360752252163, 0.000667765154503, 0.000257699313806, -0.000352159986505, 0.000176042318344, -0.00422498025, 0.00122017227113, -0.00439481902868, 0.00191355647985, -0.00886545982212, 0.0238807480782, -0.0101724872366, -0.000256694533164], [0.000532965466846, -0.00045296738972, -0.00118833919987, -1.149685977e-05, -0.00239316909574, 0.00439458107576, -0.00361269316636, 0.00244651385583, -0.00286985305138, 0.00326845818199, -0.0101724872366, 0.0247622877359, -0.00863024313003], [-3.3433916542e-05, 0.000659398559947, -0.000473087100545, 0.000425196427386, 0.000871567346621, -0.00350362062454, 0.00113328173757, -0.00202908972278, -0.000394809554564, -0.000118461131933, -0.000256694533164, -0.00863024313003, 0.0193322543055]]
    },
    "spectral_contrast_coeffs": {
        "mean": [-0.713260650635, -0.77495855093, -0.754206717014, -0.778713226318, -0.804619729519, -0.80007314682],
        "stdev": [0.113223321736, 0.0727004930377, 0.0716728046536, 0.0531676411629, 0.0364413373172, 0.0326655060053]
    },
    "spectral_contrast_valleys": {
        "mean": [-6.92923879623, -6.81702852249, -6.87393808365, -7.21885585785, -7.73620223999, -9.69553470612],
        "stdev": [1.07186436653, 0.763735175133, 0.793705940247, 0.763412117958, 0.802574753761, 1.33996248245]
    }
},
"rhythm": {
    "beats_count": 445,
    "beats_loudness": {
        "mean": 0.098928026855,
        "stdev": 0.125620543957
    },
    "bpm": 138.681030273,
    "bpm_histogram_first_peak_bpm": 140,
    "bpm_histogram_first_peak_weight": 0.299435079098,
    "bpm_histogram_second_peak_bpm": 133,
    "bpm_histogram_second_peak_spread": 0.263157904148,
    "bpm_histogram_second_peak_weight": 0.0630630627275,
    "danceability": 1.3739579916,
    "onset_rate": 3.84498119354,
    "beats_loudness_band_ratio": {
        "mean": [0.522102117538, 0.084528118372, 0.106474064291, 0.167861238122, 0.085960753262, 0.0528317578137],
        "stdev": [0.338648200035, 0.114962510765, 0.110482230783, 0.17135168612, 0.12493943423, 0.0759238004684]
    },
    "beats_position": [0.429569154978, 0.870748281479, 1.31192743778, 1.75310659409, 2.18267560005, 2.61224484444, 3.04181408882, 3.47138309479, 3.90095233917, 4.33052158356, 4.77170038223, 5.22448968887, 5.67727899551, 6.14167785645, 6.60607719421, 7.08208608627, 7.5464849472, 7.98766422272, 8.42884349823, 8.87002277374, 9.29959201813, 9.72916126251, 10.1587295532, 10.5882987976, 11.0294780731, 11.4590473175, 11.8886165619, 12.3181858063, 12.7477550507, 13.177324295, 13.6068935394, 14.0480718613, 14.4776411057, 14.90721035, 15.3367795944, 15.7663488388, 16.2075271606, 16.637096405, 17.0666656494, 17.4962348938, 17.9258041382, 18.3669834137, 18.7965526581, 19.2261219025, 19.6556911469, 20.0852603912, 20.5264396667, 20.9560089111, 21.3855781555, 21.8151473999, 22.2447166443, 22.6742858887, 23.1038551331, 23.5450344086, 23.974603653, 24.40417099, 24.8453502655, 25.2633094788, 25.7044887543, 26.1340579987, 26.563627243, 26.9931964874, 27.4227657318, 27.8639450073, 28.2935142517, 28.7230834961, 29.1526527405, 29.5822219849, 30.0234012604, 30.4529705048, 30.8825397491, 31.3121089935, 31.7416782379, 32.171245575, 32.6008148193, 33.0419960022, 33.4715652466, 33.901134491, 34.3423118591, 34.7718811035, 35.2014503479, 35.6310195923, 36.0605888367, 36.4901580811, 36.9197273254, 37.3609046936, 37.790473938, 38.2200431824, 38.6496124268, 39.0791816711, 39.520362854, 39.9499320984, 40.3795013428, 40.8090705872, 41.2386398315, 41.6798171997, 42.1093864441, 42.5389556885, 42.9685249329, 43.3980941772, 43.8392753601, 44.2688446045, 44.6984100342, 45.1279792786, 45.5575485229, 45.9871177673, 46.4166870117, 46.8578681946, 47.287437439, 47.7170066833, 48.1581840515, 48.5993652344, 49.052154541, 49.5049438477, 49.9577331543, 50.4105224609, 50.8052597046, 51.1883888245, 51.5715179443, 51.9662590027, 52.3377761841, 52.720905304, 53.1040344238, 53.4871635437, 53.8470726013, 54.1953735352, 54.5436706543, 54.8919715881, 55.2518806458, 55.6117897034, 55.971698761, 56.3316078186, 56.6799087524, 57.0282058716, 57.3765068054, 57.7248077393, 58.0847167969, 58.4446258545, 58.8045349121, 59.1644439697, 59.5940132141, 60.0235824585, 60.4647598267, 60.894329071, 61.3355102539, 61.7766876221, 62.2178688049, 62.6474380493, 63.0770072937, 63.5065765381, 63.9013137817, 64.2844467163, 64.6675720215, 65.0623092651, 65.4570541382, 65.8517913818, 66.2465286255, 66.6412658691, 67.0476150513, 67.4539642334, 67.8603134155, 68.2550582886, 68.6149673462, 68.9748764038, 69.3347854614, 69.7062988281, 70.0662155151, 70.4261245728, 70.7976379395, 71.1575469971, 71.5058517456, 71.8541488647, 72.2024459839, 72.5507507324, 72.9687042236, 73.3982772827, 73.8394546509, 74.303855896, 74.7566452026, 75.2094345093, 75.673828125, 76.1266174316, 76.5794067383, 77.0321960449, 77.4849853516, 77.9261627197, 78.3557357788, 78.7853012085, 79.2264862061, 79.6560516357, 80.0856246948, 80.5151901245, 80.9447631836, 81.3743286133, 81.8039016724, 82.2334671021, 82.6630401611, 83.1042175293, 83.533782959, 83.9633560181, 84.3929214478, 84.8224945068, 85.263671875, 85.6932373047, 86.1228103638, 86.5639877319, 86.993560791, 87.4231262207, 87.8526992798, 88.2822647095, 88.7118377686, 89.1414031982, 89.5825805664, 90.023765564, 90.4533309937, 90.8829040527, 91.3008575439, 91.730430603, 92.1599960327, 92.5895690918, 93.0191345215, 93.460319519, 93.8898849487, 94.3194503784, 94.7722396851, 95.2018127441, 95.6197738647, 96.0493392944, 96.4789123535, 96.9200897217, 97.3496551514, 97.7792282104, 98.2087936401, 98.6383666992, 99.0679321289, 99.497505188, 99.9386825562, 100.379859924, 100.809432983, 101.238998413, 101.668571472, 102.098136902, 102.53931427, 102.968887329, 103.398452759, 103.839637756, 104.269203186, 104.698776245, 105.128341675, 105.569519043, 106.02230835, 106.475097656, 106.927886963, 107.36907196, 107.810249329, 108.251426697, 108.692604065, 109.133781433, 109.574966431, 110.016143799, 110.468933105, 110.921722412, 111.36289978, 111.804077148, 112.245262146, 112.686439514, 113.127616882, 113.56879425, 114.009971619, 114.462760925, 114.915550232, 115.356735229, 115.797912598, 116.239089966, 116.691879272, 117.144668579, 117.597457886, 118.050247192, 118.491424561, 118.932601929, 119.373786926, 119.803352356, 120.232925415, 120.662490845, 121.092063904, 121.533241272, 121.962806702, 122.392379761, 122.82194519, 123.25151825, 123.692695618, 124.122268677, 124.551834106, 124.981407166, 125.410972595, 125.840545654, 126.270111084, 126.711288452, 127.140861511, 127.570426941, 128, 128.42956543, 128.870742798, 129.300308228, 129.729888916, 130.159454346, 130.589019775, 131.030197144, 131.459777832, 131.889343262, 132.318908691, 132.748474121, 133.189651489, 133.619232178, 134.048797607, 134.478363037, 134.907928467, 135.349105835, 135.778686523, 136.208251953, 136.637817383, 137.067382812, 137.496963501, 137.926528931, 138.367706299, 138.797271729, 139.226852417, 139.656417847, 140.085983276, 140.527160645, 140.956726074, 141.386306763, 141.815872192, 142.245437622, 142.675003052, 143.10458374, 143.545761108, 143.975326538, 144.404891968, 144.846069336, 145.275650024, 145.716827393, 146.169616699, 146.634017944, 147.098403931, 147.562805176, 148.038818359, 148.491607666, 148.932785034, 149.362350464, 149.791931152, 150.221496582, 150.651062012, 151.09223938, 151.52180481, 151.951385498, 152.380950928, 152.810516357, 153.251693726, 153.681274414, 154.110839844, 154.540405273, 154.969970703, 155.411148071, 155.84072876, 156.270294189, 156.699859619, 157.129425049, 157.570602417, 158.000183105, 158.429748535, 158.859313965, 159.288879395, 159.730072021, 160.159637451, 160.589202881, 161.030380249, 161.459945679, 161.889526367, 162.319091797, 162.748657227, 163.178222656, 163.607803345, 164.048980713, 164.478546143, 164.908111572, 165.337677002, 165.76725769, 166.208435059, 166.638000488, 167.067565918, 167.508743286, 167.938323975, 168.367889404, 168.797454834, 169.227020264, 169.656600952, 170.086166382, 170.52734375, 170.95690918, 171.386474609, 171.816055298, 172.245620728, 172.686798096, 173.139587402, 173.603988647, 174.080001831, 174.555999756, 175.020401001, 175.473190308, 175.914367676, 176.343948364, 176.773513794, 177.214691162, 177.644256592, 178.073822021, 178.515014648, 178.93296814, 179.374145508, 179.803710938, 180.233291626, 180.674468994, 181.104034424, 181.533599854, 181.963165283, 182.392745972, 182.822311401, 183.251876831, 183.681442261, 184.111022949, 184.552200317, 184.981765747, 185.411331177, 185.852508545, 186.282089233, 186.711654663, 187.141220093, 187.570785522, 188.011962891, 188.441543579, 188.871109009, 189.312286377, 189.753463745, 190.194641113, 190.635818481],
    "bpm_histogram": [0, 0, 0, 0, 0, 0, 0, 0, 0, 0, 0, 0, 0, 0, 0, 0, 0, 0, 0, 0, 0, 0, 0, 0, 0, 0, 0, 0, 0, 0, 0, 0, 0, 0, 0, 0, 0, 0, 0, 0, 0, 0, 0, 0, 0, 0, 0, 0, 0, 0, 0, 0, 0, 0, 0, 0, 0, 0, 0, 0, 0, 0, 0, 0, 0, 0, 0, 0, 0, 0, 0, 0, 0, 0, 0, 0, 0, 0, 0, 0, 0, 0, 0, 0, 0, 0, 0, 0, 0, 0, 0, 0, 0, 0, 0, 0, 0, 0, 0, 0, 0, 0, 0, 0, 0, 0, 0, 0, 0, 0, 0, 0, 0, 0, 0, 0, 0, 0, 0, 0, 0, 0, 0, 0, 0, 0, 0.00900900922716, 0, 0, 0.0225225221366, 0, 0, 0, 0.0630630627275, 0, 0, 0.227477476001, 0, 0, 0, 0.55855858326, 0, 0, 0, 0.0112612610683, 0, 0, 0, 0.00675675692037, 0, 0, 0, 0.0202702693641, 0, 0, 0, 0, 0.0157657656819, 0, 0, 0, 0.00225225230679, 0.00450450461358, 0, 0, 0, 0, 0.0337837822735, 0, 0, 0, 0, 0.024774774909, 0, 0, 0, 0, 0, 0, 0, 0, 0, 0, 0, 0, 0, 0, 0, 0, 0, 0, 0, 0, 0, 0, 0, 0, 0, 0, 0, 0, 0, 0, 0, 0, 0, 0, 0, 0, 0, 0, 0, 0, 0, 0, 0, 0, 0, 0, 0, 0, 0, 0, 0, 0, 0, 0, 0, 0, 0, 0, 0, 0, 0, 0, 0, 0, 0, 0, 0, 0, 0, 0, 0, 0, 0, 0, 0, 0, 0]
},
"tonal": {
    "chords_changes_rate": 0.0427495762706,
    "chords_number_rate": 0.00218605785631,
    "chords_strength": {
        "mean": 0.558970570564,
        "stdev": 0.0923815667629
    },
    "hpcp_crest": {
        "mean": 14.8588819504,
        "stdev": 7.53822469711
    },
    "hpcp_entropy": {
        "mean": 1.9001737833,
        "stdev": 0.821160376072
    },
    "key_edma": {
        "strength": 0.465389966965,
        "key": "B",
        "scale": "minor"
    },
    "key_krumhansl": {
        "strength": 0.473161041737,
        "key": "B",
        "scale": "major"
    },
    "key_temperley": {
        "strength": 0.487601161003,
        "key": "B",
        "scale": "major"
    },
    "tuning_diatonic_strength": 0.491121351719,
    "tuning_equal_tempered_deviation": 0.22695158422,
    "tuning_frequency": 434.193115234,
    "tuning_nontempered_energy_ratio": 0.944638907909,
    "hpcp": {
        "mean": [0.0955821350217, 0.105346523225, 0.0765092074871, 0.0610543861985, 0.0541105419397, 0.0501552447677, 0.0982461124659, 0.12826128304, 0.0817374512553, 0.0479252450168, 0.0455162338912, 0.0554304085672, 0.112630665302, 0.141299307346, 0.103261418641, 0.0885432288051, 0.0784643366933, 0.0500484108925, 0.0392185933888, 0.0437377765775, 0.0704719051719, 0.188859120011, 0.246081799269, 0.145264491439, 0.0776101127267, 0.0845896974206, 0.124008275568, 0.263283133507, 0.299308359623, 0.152094513178, 0.0860417932272, 0.0934196785092, 0.0933988466859, 0.12896566093, 0.13308493793, 0.0870054066181],
        "stdev": [0.217362612486, 0.236872538924, 0.178854867816, 0.146069183946, 0.137017428875, 0.130840331316, 0.188663989305, 0.233323872089, 0.161211192608, 0.142702668905, 0.142405882478, 0.153056919575, 0.208956107497, 0.245368659496, 0.198110923171, 0.201042190194, 0.193167060614, 0.14307923615, 0.117251396179, 0.129688918591, 0.151600331068, 0.290557682514, 0.360401809216, 0.236705183983, 0.185066655278, 0.206677094102, 0.24821780622, 0.334398031235, 0.372919410467, 0.235176235437, 0.20844194293, 0.241813153028, 0.221262320876, 0.236770302057, 0.246956288815, 0.198673933744]
    },
    "chords_histogram": [4.00777244568, 0, 10.6631040573, 0, 0.17002671957, 0, 0, 0, 0, 0, 0, 0, 0, 0.17002671957, 0.0242895316333, 5.68375015259, 0, 3.27908682823, 9.49720668793, 35.1469497681, 4.39640522003, 12.9706096649, 13.99077034, 0],
    "thpcp": [1, 0.508153259754, 0.287468731403, 0.312118500471, 0.312048912048, 0.430878907442, 0.444641560316, 0.290688186884, 0.319343358278, 0.351966530085, 0.255620002747, 0.203984901309, 0.180785268545, 0.167570471764, 0.328243792057, 0.428525567055, 0.273087769747, 0.160119965672, 0.152071371675, 0.185194984078, 0.376303106546, 0.472086071968, 0.345000118017, 0.295826107264, 0.262152165174, 0.16721354425, 0.131030738354, 0.146129488945, 0.235449165106, 0.6309851408, 0.822168171406, 0.485333889723, 0.259298175573, 0.282617211342, 0.414316117764, 0.879638433456],
    "chords_key": "F#",
    "chords_scale": "minor"
}
}