{
"metadata": {
    "version": {
        "essentia": "2.1-dev",
        "essentia_git_sha": "v2.1_beta3-415-gd5473f3",
        "extractor": "music 2.0"
    },
    "audio_properties": {
        "analysis": {
            "equal_loudness": 0,
            "length": 204.669387817,
            "sample_rate": 44100,
            "start_time": 0,
            "downmix": "mix"
        },
        "bit_rate": 192000,
        "length": 204.669387817,
        "lossless": 0,
        "number_channels": 2,
        "replay_gain": -10.3972415924,
        "sample_rate": 44100,
        "codec": "mp3",
        "md5_encoded": "84a7c205b76fe95a849293dbd38d84e0"
    },
    "tags": {
        "file_name": "mario_lopez-the_sun_always_shin_on_tv.mp3",
        "album": ["Anual. El álbum dance del año. Progressive & Hard House. ( Cd. 3 )"],
        "artist": ["Varios"],
        "genre": ["Other"],
        "title": ["The sun always shin on TV"]
    }
},
"lowlevel": {
    "average_loudness": 0.783140301704,
    "barkbands_crest": {
        "mean": 12.0078639984,
        "stdev": 5.855656147
    },
    "barkbands_flatness_db": {
        "mean": 0.144992038608,
        "stdev": 0.0819308236241
    },
    "barkbands_kurtosis": {
        "mean": 12.7526426315,
        "stdev": 42.371887207
    },
    "barkbands_skewness": {
        "mean": 2.19973897934,
        "stdev": 2.39650154114
    },
    "barkbands_spread": {
        "mean": 24.2397232056,
        "stdev": 17.3489685059
    },
    "dissonance": {
        "mean": 0.457260608673,
        "stdev": 0.0394620113075
    },
    "dynamic_complexity": 5.07054805756,
    "erbbands_crest": {
        "mean": 9.09705638885,
        "stdev": 4.69475364685
    },
    "erbbands_flatness_db": {
        "mean": 0.143825098872,
        "stdev": 0.0667470470071
    },
    "erbbands_kurtosis": {
        "mean": 1.31329894066,
        "stdev": 3.69108605385
    },
    "erbbands_skewness": {
        "mean": 0.659396827221,
        "stdev": 0.941941916943
    },
    "erbbands_spread": {
        "mean": 49.4524726868,
        "stdev": 26.9134502411
    },
    "hfc": {
        "mean": 23.2686424255,
        "stdev": 23.3971271515
    },
    "loudness_ebu128": {
        "integrated": -12.3878860474,
        "loudness_range": 10.8104858398,
        "momentary": {
            "mean": -19.5279178619,
            "stdev": 33.2405509949
        },
        "short_term": {
            "mean": -15.7163257599,
            "stdev": 9.80494022369
        }
    },
    "melbands_crest": {
        "mean": 16.7813358307,
        "stdev": 7.51104927063
    },
    "melbands_flatness_db": {
        "mean": 0.21239182353,
        "stdev": 0.104306712747
    },
    "melbands_kurtosis": {
        "mean": 30.2348003387,
        "stdev": 55.2469978333
    },
    "melbands_skewness": {
        "mean": 3.57477974892,
        "stdev": 2.72126340866
    },
    "melbands_spread": {
        "mean": 22.991147995,
        "stdev": 25.1678695679
    },
    "pitch_salience": {
        "mean": 0.524310708046,
        "stdev": 0.182031258941
    },
    "silence_rate_20dB": {
        "mean": 1,
        "stdev": 0
    },
    "silence_rate_30dB": {
        "mean": 0.919010877609,
        "stdev": 0.272812187672
    },
    "silence_rate_60dB": {
        "mean": 0.175476402044,
        "stdev": 0.380350440741
    },
    "spectral_centroid": {
        "mean": 1424.87133789,
        "stdev": 1346.62487793
    },
    "spectral_complexity": {
        "mean": 16.2308311462,
        "stdev": 12.0334587097
    },
    "spectral_decrease": {
        "mean": -8.57181259306e-09,
        "stdev": 9.24783094547e-09
    },
    "spectral_energy": {
        "mean": 0.0344624444842,
        "stdev": 0.0361267700791
    },
    "spectral_energyband_high": {
        "mean": 0.00164078327361,
        "stdev": 0.00201770733111
    },
    "spectral_energyband_low": {
        "mean": 0.0190214812756,
        "stdev": 0.0303131714463
    },
    "spectral_energyband_middle_high": {
        "mean": 0.00383361848071,
        "stdev": 0.00472296029329
    },
    "spectral_energyband_middle_low": {
        "mean": 0.0112582435831,
        "stdev": 0.0145938331261
    },
    "spectral_entropy": {
        "mean": 7.73685455322,
        "stdev": 0.68387144804
    },
    "spectral_flux": {
        "mean": 0.0909893959761,
        "stdev": 0.0761548876762
    },
    "spectral_kurtosis": {
        "mean": 6.57561159134,
        "stdev": 22.5070018768
    },
    "spectral_rms": {
        "mean": 0.00489870226011,
        "stdev": 0.00310236727819
    },
    "spectral_rolloff": {
        "mean": 1748.12438965,
        "stdev": 2875.40380859
    },
    "spectral_skewness": {
        "mean": 1.63126587868,
        "stdev": 1.37614428997
    },
    "spectral_spread": {
        "mean": 6894485.5,
        "stdev": 4675879.5
    },
    "spectral_strongpeak": {
        "mean": 0.682522833347,
        "stdev": 0.71157169342
    },
    "zerocrossingrate": {
        "mean": 0.0791394487023,
        "stdev": 0.0721488893032
    },
    "barkbands": {
        "mean": [0.000527732772753, 0.0136135648936, 0.00369241135195, 0.00211652647704, 0.00325011974201, 0.00136522308458, 0.00161502370611, 0.00142964883707, 0.00130447593983, 0.000995306763798, 0.000728030980099, 0.000352158065652, 0.000468800804811, 0.000304307119222, 0.000233228754951, 0.000152413893375, 0.000185935481568, 0.000152433131007, 0.000198329813429, 0.000240645400481, 0.000234545135754, 0.000294949481031, 0.000364316016203, 0.000378603028366, 0.000196179826162, 6.42614322715e-05, 3.33426146426e-06],
        "stdev": [0.0012643255759, 0.0251399390399, 0.0118872476742, 0.00635756645352, 0.00667351065204, 0.00230881618336, 0.00351837300695, 0.00380494794808, 0.00273545598611, 0.00191179290414, 0.00136725546326, 0.00063400779618, 0.000838810461573, 0.000604259315878, 0.000562159460969, 0.000372176960809, 0.000398335774662, 0.000333844538545, 0.000352431059582, 0.000335174670909, 0.000313925731461, 0.000396923918743, 0.000542583933566, 0.000490044069011, 0.000257992418483, 0.000101119068859, 5.50395179744e-06]
    },
    "erbbands": {
        "mean": [0.455435097218, 2.7893717289, 4.51779460907, 6.2299695015, 8.08311462402, 11.6724510193, 10.9834356308, 12.2188816071, 21.3509941101, 31.2637462616, 23.2836360931, 35.4226493835, 20.8288764954, 33.8796234131, 32.1545066833, 16.3998584747, 21.4766864777, 17.5036964417, 13.9708347321, 9.75504589081, 8.36134624481, 9.96448707581, 8.45830726624, 9.85574626923, 11.0037527084, 11.7793464661, 9.31258678436, 9.44234848022, 11.1911220551, 9.36972236633, 11.1559810638, 8.70357894897, 5.73402833939, 2.76994276047, 1.11022567749, 0.369170814753, 0.104710012674, 0.0163864456117, 0.000402980163926, 5.62138957321e-05],
        "stdev": [0.79890614748, 5.76280069351, 12.8696641922, 17.9388542175, 20.3118839264, 23.7112998962, 17.1583709717, 22.3756408691, 47.8357963562, 78.3382415771, 47.4921875, 76.9287719727, 37.3056373596, 60.900718689, 59.8429946899, 29.1557292938, 37.0607337952, 32.3742179871, 30.9068279266, 24.4631233215, 18.6033973694, 21.0983409882, 18.9568576813, 18.4658088684, 17.2422218323, 16.2477989197, 12.9226522446, 12.805970192, 15.3017396927, 12.8368606567, 17.1187877655, 12.0070028305, 7.33467674255, 3.42698597908, 1.73253655434, 0.561202287674, 0.175762534142, 0.0254724863917, 0.000593580014538, 5.26436779182e-05]
    },
    "gfcc": {
        "mean": [-41.6257362366, 72.3522338867, -94.3971557617, 23.8825473785, -68.7107467651, 25.2970657349, -34.3857727051, 15.763176918, -25.060634613, 7.02754735947, -8.13543510437, 2.57394385338, -7.38060522079],
        "cov": [[37621.6679688, -1684.37658691, -1177.36315918, 2187.40356445, -2255.05859375, 946.993530273, -927.675048828, 533.728881836, -783.291870117, 210.66973877, -768.76171875, 291.731231689, -785.204833984], [-1684.37658691, 2121.95166016, 2.84302759171, -401.546234131, 419.039337158, -40.7110824585, 309.142578125, -187.615356445, 209.572799683, -111.51776123, 218.648880005, -149.706161499, 175.765396118], [-1177.36315918, 2.84302759171, 1283.78137207, 105.349205017, 147.483581543, -77.5365982056, -6.51002836227, 61.4752426147, -40.4379653931, 49.025604248, -12.1778774261, 89.3357772827, 14.1582632065], [2187.40356445, -401.546234131, 105.349205017, 789.387939453, 89.778137207, 261.048950195, 31.4479904175, -43.3616142273, 51.7724609375, -6.24414539337, -120.717697144, 33.3422584534, -134.811981201], [-2255.05859375, 419.039337158, 147.483581543, 89.778137207, 734.040588379, 186.189834595, 244.652008057, -82.7967987061, 173.488998413, 12.9028682709, 61.0212554932, -13.1675233841, 49.2420501709], [946.993530273, -40.7110824585, -77.5365982056, 261.048950195, 186.189834595, 429.21572876, 173.199035645, -43.9620666504, 93.0659561157, 36.5461616516, -12.4322900772, -16.9469623566, -41.8317718506], [-927.675048828, 309.142578125, -6.51002836227, 31.4479904175, 244.652008057, 173.199035645, 301.075714111, -8.29972362518, 157.938949585, 25.1593227386, 73.9874801636, -23.3427639008, 30.4628372192], [533.728881836, -187.615356445, 61.4752426147, -43.3616142273, -82.7967987061, -43.9620666504, -8.29972362518, 226.723022461, 15.1734189987, 77.3516235352, 39.6534576416, 63.3828773499, 16.1425762177], [-783.291870117, 209.572799683, -40.4379653931, 51.7724609375, 173.488998413, 93.0659561157, 157.938949585, 15.1734189987, 217.627670288, 32.7768669128, 76.9552154541, -0.32819545269, 29.2122917175], [210.66973877, -111.51776123, 49.025604248, -6.24414539337, 12.9028682709, 36.5461616516, 25.1593227386, 77.3516235352, 32.7768669128, 138.148635864, 35.1375427246, 41.5240440369, 32.1043586731], [-768.76171875, 218.648880005, -12.1778774261, -120.717697144, 61.0212554932, -12.4322900772, 73.9874801636, 39.6534576416, 76.9552154541, 35.1375427246, 155.449478149, 32.8152198792, 60.4208297729], [291.731231689, -149.706161499, 89.3357772827, 33.3422584534, -13.1675233841, -16.9469623566, -23.3427639008, 63.3828773499, -0.32819545269, 41.5240440369, 32.8152198792, 104.312820435, 21.0303592682], [-785.204833984, 175.765396118, 14.1582632065, -134.811981201, 49.2420501709, -41.8317718506, 30.4628372192, 16.1425762177, 29.2122917175, 32.1043586731, 60.4208297729, 21.0303592682, 129.897155762]],
        "icov": [[9.23338229768e-05, -0.000225500189117, 0.00012208618864, -0.000239754692302, 0.00026584713487, -0.000312982941978, 0.000219394001761, -0.000322907464579, 0.000295230740448, -0.000272211298579, 0.000335665390594, -0.000439393013949, 0.000304130458971], [-0.000225500189117, 0.00154719618149, -0.00043790199561, 0.000786026066635, -0.000833066820633, 0.000979441800155, -0.00101130595431, 0.00129056954756, -0.00102498393971, 0.0014334510779, -0.00188047729898, 0.00234121503308, -0.00151326158084], [0.00012208618864, -0.00043790199561, 0.00111827056389, -0.00054512481438, 4.03965932492e-05, -1.31341821543e-05, 9.36493379413e-05, -0.000634360243566, 0.000905978376977, -0.0007397235604, 0.000798895722255, -0.00140175607521, 0.000514633604325], [-0.000239754692302, 0.000786026066635, -0.00054512481438, 0.00313223735429, -0.000753895379603, -0.000353927112883, -0.000341297884006, 0.00135238352232, -0.00212249252945, 0.00110968493391, 0.000804060080554, -0.000652327260468, 0.0008157697157], [0.00026584713487, -0.000833066820633, 4.03965932492e-05, -0.000753895379603, 0.00303654861636, -0.00130489340518, -0.000363672734238, -0.000108235020889, -2.27530154007e-06, -0.000821705092676, 0.00120211427566, -0.00170787493698, 0.00039575737901], [-0.000312982941978, 0.000979441800155, -1.31341821543e-05, -0.000353927112883, -0.00130489340518, 0.00560429645702, -0.00322857359424, 0.00191532610916, -0.000629548565485, -0.000688908272423, -0.00101722381078, 0.00191550434101, -0.000289641349809], [0.000219394001761, -0.00101130595431, 9.36493379413e-05, -0.000341297884006, -0.000363672734238, -0.00322857359424, 0.00861575920135, -0.00165270920843, -0.0023910549935, -0.000536383071449, -0.000538327672984, 0.000613452808466, 0.000434558547568], [-0.000322907464579, 0.00129056954756, -0.000634360243566, 0.00135238352232, -0.000108235020889, 0.00191532610916, -0.00165270920843, 0.00825442839414, -0.00200364133343, -0.00170511647593, -0.00183743762318, -0.000904064392671, -0.000332820462063], [0.000295230740448, -0.00102498393971, 0.000905978376977, -0.00212249252945, -2.27530154007e-06, -0.000629548565485, -0.0023910549935, -0.00200364133343, 0.0103348819539, -0.0019189013401, -0.0018708583666, -0.000547717907466, 0.000586810405366], [-0.000272211298579, 0.0014334510779, -0.0007397235604, 0.00110968493391, -0.000821705092676, -0.000688908272423, -0.000536383071449, -0.00170511647593, -0.0019189013401, 0.0121518271044, -0.00207343697548, 0.000329679285642, -0.00358620169573], [0.000335665390594, -0.00188047729898, 0.000798895722255, 0.000804060080554, 0.00120211427566, -0.00101722381078, -0.000538327672984, -0.00183743762318, -0.0018708583666, -0.00207343697548, 0.0144291752949, -0.00737812602893, 0.000308307760861], [-0.000439393013949, 0.00234121503308, -0.00140175607521, -0.000652327260468, -0.00170787493698, 0.00191550434101, 0.000613452808466, -0.000904064392671, -0.000547717907466, 0.000329679285642, -0.00737812602893, 0.0195229835808, -0.00480261119083], [0.000304130458971, -0.00151326158084, 0.000514633604325, 0.0008157697157, 0.00039575737901, -0.000289641349809, 0.000434558547568, -0.000332820462063, 0.000586810405366, -0.00358620169573, 0.000308307760861, -0.00480261119083, 0.0134596219286]]
    },
    "melbands": {
        "mean": [0.00393702182919, 0.0028510033153, 0.00110355915967, 0.000762914598454, 0.00040943021304, 0.000263536319835, 0.000325604516547, 0.000348834873876, 0.000185362587217, 0.000213287043152, 0.000100212419056, 0.000140301970532, 0.000106850093289, 5.06313190272e-05, 4.59576767753e-05, 4.25649268436e-05, 3.12236261379e-05, 2.26957363338e-05, 1.54716126417e-05, 1.13557907753e-05, 9.36033211474e-06, 9.86358918453e-06, 9.99691746983e-06, 7.01810768078e-06, 7.97844495537e-06, 7.50437357055e-06, 8.52920948091e-06, 7.31950740374e-06, 5.86565556659e-06, 5.46098362975e-06, 5.43725718671e-06, 6.33565332464e-06, 5.51713992536e-06, 5.06969763592e-06, 6.6787488322e-06, 5.85213729209e-06, 5.0575563364e-06, 4.21476534029e-06, 3.13946816277e-06, 2.06985464501e-06],
        "stdev": [0.00699340645224, 0.00639744987711, 0.00295452377759, 0.00167409330606, 0.000618115765974, 0.000467949634185, 0.000729409279302, 0.000918866018765, 0.00035953335464, 0.000475600885693, 0.000190754522919, 0.000264672969934, 0.000199619069463, 8.53994351928e-05, 8.13912192825e-05, 7.76826564106e-05, 5.99960549152e-05, 5.09514611622e-05, 4.11677719967e-05, 2.90223233606e-05, 2.13311195694e-05, 2.1791913241e-05, 2.31268713833e-05, 1.55342022481e-05, 1.53632154252e-05, 1.31605465867e-05, 1.22647061289e-05, 1.04513846964e-05, 8.60900036059e-06, 7.74675754656e-06, 7.75419175625e-06, 8.82112271938e-06, 7.57388988859e-06, 7.1647614277e-06, 1.06210891317e-05, 8.79042909219e-06, 6.8775143518e-06, 5.61924071008e-06, 3.82239295504e-06, 2.71503017757e-06]
    },
    "melbands128": {
        "mean": [0.000451806437923, 0.00353583088145, 0.00574205629528, 0.00415968568996, 0.00256379181519, 0.00169027107768, 0.00131736998446, 0.000939495454077, 0.000685045961291, 0.000996365910396, 0.000695619673934, 0.000439790339442, 0.000366928725271, 0.000322210544255, 0.000329134258209, 0.000162825061125, 0.00018656377506, 0.000468550337246, 0.000269959768048, 0.000364764535334, 0.00047708346392, 0.000169808175997, 0.000143787896377, 0.0001632948115, 0.000304641464027, 0.000205481483135, 6.69517030474e-05, 8.63180102897e-05, 0.000102243713627, 0.00021716831543, 0.000114249392936, 7.14867928764e-05, 0.000128034182126, 0.000131985070766, 4.34604626207e-05, 3.6067871406e-05, 4.16434850194e-05, 3.44529180438e-05, 6.55921903672e-05, 4.76195891679e-05, 3.42786152032e-05, 3.84621307603e-05, 3.35925433319e-05, 2.76278206002e-05, 2.03254458029e-05, 2.41389807343e-05, 2.27937671298e-05, 1.45431613419e-05, 1.36467806442e-05, 1.19238138723e-05, 1.14484746518e-05, 1.02850754047e-05, 9.08720630832e-06, 9.31522390601e-06, 9.11051483854e-06, 8.96294841368e-06, 1.02863805296e-05, 1.52469083332e-05, 7.41882331567e-06, 5.54847429157e-06, 6.66855839881e-06, 7.92497576185e-06, 9.89201998891e-06, 7.87334738561e-06, 5.06271817358e-06, 7.69476719142e-06, 9.12905215955e-06, 7.41327539799e-06, 7.22456479707e-06, 1.19493279271e-05, 7.01155659044e-06, 5.53045265406e-06, 6.09586732025e-06, 6.37468519926e-06, 4.87209990752e-06, 5.23862490809e-06, 6.54332143313e-06, 4.33527975474e-06, 5.96521522311e-06, 5.57845214644e-06, 4.89757167088e-06, 8.10550500319e-06, 6.55303983876e-06, 4.74295711683e-06, 5.21356059835e-06, 4.68757843919e-06, 5.00710939377e-06, 5.73366060053e-06, 7.631583685e-06, 6.39729614704e-06, 6.30912609267e-06, 5.0296516747e-06, 6.39064592178e-06, 4.75779052067e-06, 4.88524938191e-06, 4.15111162511e-06, 4.33249761045e-06, 3.80827805202e-06, 3.33188791046e-06, 2.66993811238e-06, 2.40435792875e-06, 1.94820290744e-06, 1.72336626747e-06, 1.4490636886e-06, 1.21345988191e-06, 1.04182709038e-06, 9.34066463287e-07, 6.91936293151e-07, 5.82003849559e-07, 5.21123126873e-07, 4.45296961971e-07, 3.98184937467e-07, 3.06557438989e-07, 2.51255102057e-07, 2.05683761578e-07, 1.77688662006e-07, 1.27849787646e-07, 1.79114802989e-08, 6.16579096807e-12, 5.35556928666e-12, 5.19657103806e-12, 5.06600447356e-12, 4.94569316056e-12, 4.85201418973e-12, 4.77214275041e-12, 4.71530887253e-12, 4.67283590294e-12, 4.64017452934e-12],
        "stdev": [0.000951445952523, 0.00633923569694, 0.0113086625934, 0.00988240446895, 0.00758822681382, 0.00552959367633, 0.00414085108787, 0.00277256523259, 0.00214291107841, 0.00234920554794, 0.00159183109645, 0.000763699528761, 0.000708798877895, 0.000618131016381, 0.000745386758354, 0.000364517909475, 0.000554051308427, 0.00127790647093, 0.000687501276843, 0.0010461990023, 0.00165773765184, 0.000432363856817, 0.000447968457593, 0.000426764774602, 0.000750374980271, 0.000625799817499, 0.00012980705651, 0.000261636538198, 0.000302153697703, 0.000486913049826, 0.000243994625635, 0.000182818388566, 0.000282407185296, 0.000335391523549, 8.36106410134e-05, 8.06926254882e-05, 0.000132703236886, 8.13979058876e-05, 0.000138845862239, 9.79194737738e-05, 8.59635329107e-05, 9.92672867142e-05, 6.80640296196e-05, 6.33054223727e-05, 5.65295267734e-05, 5.92092546867e-05, 5.85578964092e-05, 5.336675531e-05, 3.78531913157e-05, 3.55449410563e-05, 3.39324724337e-05, 2.70346954494e-05, 2.20346264541e-05, 2.33527935052e-05, 2.53538091783e-05, 2.3541648261e-05, 2.2847287255e-05, 3.97887633881e-05, 2.09235349757e-05, 1.66080226336e-05, 1.69987160916e-05, 1.702629379e-05, 2.14704086829e-05, 1.63435070135e-05, 1.13452633741e-05, 1.52796947077e-05, 1.80015485967e-05, 1.30208109113e-05, 1.18241659948e-05, 1.89314523595e-05, 1.17232739285e-05, 9.87037674349e-06, 1.03589054561e-05, 1.02685326056e-05, 8.1609496192e-06, 8.91844683792e-06, 9.68191670836e-06, 6.74410512147e-06, 9.62228205026e-06, 8.96058827493e-06, 8.07074684417e-06, 1.28209721879e-05, 9.48425349634e-06, 7.33743172532e-06, 7.54257143853e-06, 7.42248312235e-06, 7.81471771916e-06, 9.1494721346e-06, 1.36439657581e-05, 1.06704774225e-05, 1.0291021681e-05, 8.13492260932e-06, 9.7297006505e-06, 6.98849726177e-06, 7.09825599188e-06, 5.96992867941e-06, 6.3113025135e-06, 5.15143847224e-06, 4.40601843366e-06, 3.44995237356e-06, 3.15054694511e-06, 2.76047308034e-06, 2.82106680061e-06, 2.49924869422e-06, 2.34494950746e-06, 2.12866643778e-06, 1.4081763311e-06, 1.12904524485e-06, 9.57957695391e-07, 9.32390548769e-07, 7.23411858417e-07, 6.60382511342e-07, 7.15602141099e-07, 4.41818713171e-07, 3.25468391793e-07, 2.83430296122e-07, 2.08052753692e-07, 3.41237829105e-08, 1.0893123209e-11, 9.65785871415e-12, 9.38461287847e-12, 9.15474900748e-12, 8.95479523866e-12, 8.79040590318e-12, 8.65082224605e-12, 8.54368398945e-12, 8.46558673856e-12, 8.41514618405e-12]
    },
    "mfcc": {
        "mean": [-675.374816895, 101.72051239, 26.5142059326, 5.34932661057, -0.491218179464, 1.81657242775, 8.03816795349, 3.58636164665, -1.74731492996, 4.88118124008, -0.174999117851, 4.08734750748, -0.781185925007],
        "cov": [[18754.1171875, -1525.78051758, 340.211181641, 730.640380859, -127.497322083, 656.339416504, -128.834716797, 418.815093994, -16.7060947418, 143.837615967, 24.2097225189, -123.624969482, -45.184337616], [-1525.78051758, 1931.88000488, 92.9298858643, -179.926025391, 103.873497009, -62.755947113, 195.818008423, -34.1396751404, 26.9828834534, 36.3453407288, 8.55192184448, 71.5382919312, 14.3522071838], [340.211181641, 92.9298858643, 837.428100586, 204.887863159, 23.0441265106, -39.1416664124, -0.273769199848, 10.5153894424, -26.5636310577, -19.0464496613, -10.2668476105, -16.8541793823, -15.1065816879], [730.640380859, -179.926025391, 204.887863159, 430.847961426, 153.539077759, 140.316085815, -17.7691802979, 83.242767334, 30.6335430145, -5.47883605957, 27.6748695374, 3.04257035255, 0.102960087359], [-127.497322083, 103.873497009, 23.0441265106, 153.539077759, 320.974121094, 183.443145752, 65.6914215088, 56.0451774597, 47.124622345, 22.765586853, 22.0898361206, 23.2828178406, 11.4675912857], [656.339416504, -62.755947113, -39.1416664124, 140.316085815, 183.443145752, 622.756591797, 102.80381012, 151.995269775, 97.7253875732, 63.2129554749, 96.3253097534, -8.75467205048, 67.5006790161], [-128.834716797, 195.818008423, -0.273769199848, -17.7691802979, 65.6914215088, 102.80381012, 165.692947388, 39.7259483337, 41.683177948, 44.546672821, 27.0177440643, 29.4966259003, 25.7242050171], [418.815093994, -34.1396751404, 10.5153894424, 83.242767334, 56.0451774597, 151.995269775, 39.7259483337, 175.103637695, 40.7202949524, 38.1865310669, 62.9228172302, 37.8734054565, 29.9621639252], [-16.7060947418, 26.9828834534, -26.5636310577, 30.6335430145, 47.124622345, 97.7253875732, 41.683177948, 40.7202949524, 131.199035645, 58.3685035706, 43.8615608215, 17.4336681366, 42.9204177856], [143.837615967, 36.3453407288, -19.0464496613, -5.47883605957, 22.765586853, 63.2129554749, 44.546672821, 38.1865310669, 58.3685035706, 102.952690125, 57.6867752075, 28.2281341553, 34.2865905762], [24.2097225189, 8.55192184448, -10.2668476105, 27.6748695374, 22.0898361206, 96.3253097534, 27.0177440643, 62.9228172302, 43.8615608215, 57.6867752075, 108.250099182, 48.2456588745, 39.9188957214], [-123.624969482, 71.5382919312, -16.8541793823, 3.04257035255, 23.2828178406, -8.75467205048, 29.4966259003, 37.8734054565, 17.4336681366, 28.2281341553, 48.2456588745, 95.7096176147, 39.1276016235], [-45.184337616, 14.3522071838, -15.1065816879, 0.102960087359, 11.4675912857, 67.5006790161, 25.7242050171, 29.9621639252, 42.9204177856, 34.2865905762, 39.9188957214, 39.1276016235, 88.3965377808]],
        "icov": [[6.91427558195e-05, 3.10112372972e-05, -8.7036360128e-06, -0.000111475557787, 0.000121220975416, -8.25530587463e-05, 3.93203954445e-05, -0.000131309381686, 9.40510581131e-05, -0.000243307542405, 0.000189748301636, 4.23469316502e-07, 7.21583710401e-05], [3.10112372972e-05, 0.000681267760228, -0.00016327224148, 0.00032620280399, -0.000262118992396, 9.68503081822e-05, -0.00068804185139, 0.000119585602079, -6.52852249914e-05, 2.21644859266e-05, 1.60405179486e-05, -0.000340391910868, 0.000163226708537], [-8.7036360128e-06, -0.00016327224148, 0.0014782496728, -0.000967537867837, 0.000224502946367, 0.000286580790998, -0.000319940038025, -1.61193911481e-05, 0.000441709649749, -3.70657471649e-05, -0.000128108178615, 0.000586010399275, -0.000275208905805], [-0.000111475557787, 0.00032620280399, -0.000967537867837, 0.00421536201611, -0.00196554022841, -0.000148526014527, 0.00103137327824, -0.000921894737985, -0.00097447889857, 0.00140257435851, -0.000793819432147, -0.000214132815017, 0.000482936244225], [0.000121220975416, -0.000262118992396, 0.000224502946367, -0.00196554022841, 0.00522347399965, -0.00142357836012, -0.000872644188348, 0.000150293097249, -0.000440478004748, -0.000772211526055, 0.00179328524973, -0.00185757898726, 0.00128340523224], [-8.25530587463e-05, 9.68503081822e-05, 0.000286580790998, -0.000148526014527, -0.00142357836012, 0.00341488630511, -0.00141798949335, -0.00150681263767, -0.000383849197533, 0.00089902599575, -0.00257007288747, 0.0035125517752, -0.00206486019306], [3.93203954445e-05, -0.00068804185139, -0.000319940038025, 0.00103137327824, -0.000872644188348, -0.00141798949335, 0.00934078730643, -0.000823008536827, -0.000792579376139, -0.00262134824879, 0.00190047000069, -0.00217317836359, 0.000337919336744], [-0.000131309381686, 0.000119585602079, -1.61193911481e-05, -0.000921894737985, 0.000150293097249, -0.00150681263767, -0.000823008536827, 0.00943836756051, -0.000452165782917, 7.93936560513e-05, -0.0025737232063, -0.00280882581137, 0.000677565927617], [9.40510581131e-05, -6.52852249914e-05, 0.000441709649749, -0.00097447889857, -0.000440478004748, -0.000383849197533, -0.000792579376139, -0.000452165782917, 0.0122132375836, -0.00516835786402, -0.000493002589792, 0.00180791376624, -0.00363355642185], [-0.000243307542405, 2.21644859266e-05, -3.70657471649e-05, 0.00140257435851, -0.000772211526055, 0.00089902599575, -0.00262134824879, 7.93936560513e-05, -0.00516835786402, 0.0184542220086, -0.00788751430809, 0.000705427257344, -0.00138509285171], [0.000189748301636, 1.60405179486e-05, -0.000128108178615, -0.000793819432147, 0.00179328524973, -0.00257007288747, 0.00190047000069, -0.0025737232063, -0.000493002589792, -0.00788751430809, 0.0202732346952, -0.00766707584262, -0.000340080005117], [4.23469316502e-07, -0.000340391910868, 0.000586010399275, -0.000214132815017, -0.00185757898726, 0.0035125517752, -0.00217317836359, -0.00280882581137, 0.00180791376624, 0.000705427257344, -0.00766707584262, 0.0195800885558, -0.00705684348941], [7.21583710401e-05, 0.000163226708537, -0.000275208905805, 0.000482936244225, 0.00128340523224, -0.00206486019306, 0.000337919336744, 0.000677565927617, -0.00363355642185, -0.00138509285171, -0.000340080005117, -0.00705684348941, 0.0179363954812]]
    },
    "spectral_contrast_coeffs": {
        "mean": [-0.709877490997, -0.760852754116, -0.772492706776, -0.81558662653, -0.810338914394, -0.803904354572],
        "stdev": [0.101033188403, 0.0871138200164, 0.0767138674855, 0.0488161034882, 0.043575771153, 0.0425002276897]
    },
    "spectral_contrast_valleys": {
        "mean": [-7.42485141754, -7.23642921448, -7.89355802536, -8.37191390991, -8.32283115387, -10.1455974579],
        "stdev": [2.82669949532, 2.71568608284, 2.64967131615, 2.66597485542, 2.76338028908, 2.74866962433]
    }
},
"rhythm": {
    "beats_count": 465,
    "beats_loudness": {
        "mean": 0.0627609491348,
        "stdev": 0.049513656646
    },
    "bpm": 139.460235596,
    "bpm_histogram_first_peak_bpm": 140,
    "bpm_histogram_first_peak_weight": 0.430317878723,
    "bpm_histogram_second_peak_bpm": 133,
    "bpm_histogram_second_peak_spread": 0.142857134342,
    "bpm_histogram_second_peak_weight": 0.0387931019068,
    "danceability": 1.23237407207,
    "onset_rate": 3.99152064323,
    "beats_loudness_band_ratio": {
        "mean": [0.518962979317, 0.121208332479, 0.163573578, 0.106090210378, 0.0421224720776, 0.067563071847],
        "stdev": [0.358746320009, 0.171390429139, 0.192421510816, 0.149585679173, 0.0908997356892, 0.123283557594]
    },
    "beats_position": [0.476009070873, 0.9287981987, 1.369977355, 1.8111563921, 2.22911548615, 2.67029476166, 3.08825397491, 3.51782298088, 3.94739222527, 4.37696123123, 4.80653047562, 5.23609972, 5.66566896439, 6.09523820877, 6.52480697632, 6.94276618958, 7.37233543396, 7.80190467834, 8.23147392273, 8.66104316711, 9.0906124115, 9.52018165588, 9.93814086914, 10.379319191, 10.7972784042, 11.2384576797, 11.656416893, 12.0975961685, 12.5155553818, 12.9451246262, 13.3746938705, 13.8042631149, 14.2338323593, 14.66340065, 15.0929698944, 15.5225391388, 15.9521083832, 16.3816776276, 16.8112468719, 17.2408161163, 17.6703853607, 18.088344574, 18.5179138184, 18.9474830627, 19.365442276, 19.7950115204, 20.2245807648, 20.6657600403, 21.0837192535, 21.5248966217, 21.9544658661, 22.3840351105, 22.8019943237, 23.2315635681, 23.6611328125, 24.0907020569, 24.5202713013, 24.9498405457, 25.37940979, 25.8089790344, 26.2385482788, 26.6565074921, 27.0860767365, 27.5156459808, 27.9452152252, 28.3747844696, 28.804353714, 29.2339229584, 29.6634922028, 30.0930614471, 30.5110206604, 30.9521980286, 31.3701572418, 31.8113365173, 32.2292976379, 32.6704750061, 33.0884361267, 33.5180053711, 33.9475746155, 34.3771438599, 34.8067131042, 35.2362823486, 35.6658477783, 36.0954170227, 36.5249862671, 36.9429473877, 37.3725166321, 37.8020858765, 38.2316551208, 38.6612243652, 39.0907936096, 39.520362854, 39.9383201599, 40.3795013428, 40.7974586487, 41.2386398315, 41.6565971375, 42.0977783203, 42.5157356262, 42.9453048706, 43.374874115, 43.8044433594, 44.2340126038, 44.6635818481, 45.0931510925, 45.5227203369, 45.9522895813, 46.3702468872, 46.7998161316, 47.229385376, 47.6589546204, 48.0885238647, 48.5180931091, 48.9476623535, 49.4004516602, 49.8532409668, 50.3060302734, 50.8633079529, 51.420589447, 52.0010871887, 52.5699768066, 53.1156463623, 53.661315918, 54.2185935974, 54.7758712769, 55.333152771, 55.878818512, 56.4244880676, 56.8656692505, 57.3068466187, 57.7480278015, 58.1775970459, 58.5955543518, 59.0251235962, 59.4546928406, 59.8958702087, 60.3254394531, 60.766620636, 61.1961898804, 61.6373672485, 62.0785484314, 62.5081176758, 62.9492950439, 63.3904762268, 63.8200454712, 64.2496109009, 64.67918396, 65.1087493896, 65.5499343872, 65.9911117554, 66.4322891235, 66.8850784302, 67.3262557983, 67.779045105, 68.2202224731, 68.6614074707, 69.1141967773, 69.566986084, 70.0197753906, 70.4609527588, 70.9137420654, 71.3665313721, 71.8309249878, 72.2721099854, 72.724899292, 73.1660766602, 73.6072540283, 74.0484313965, 74.489616394, 74.9307937622, 75.3719711304, 75.8131484985, 76.2543258667, 76.6955108643, 77.1366882324, 77.5894775391, 78.0422668457, 78.4834442139, 78.924621582, 79.3658065796, 79.7953720093, 80.2249450684, 80.654510498, 81.0840835571, 81.5136489868, 81.9432220459, 82.3727874756, 82.8023605347, 83.2319259644, 83.661491394, 84.0794525146, 84.5090255737, 84.9385910034, 85.3681640625, 85.7977294922, 86.2273025513, 86.656867981, 87.08644104, 87.5160064697, 88.0152359009, 88.5028533936, 89.0020828247, 89.5013122559, 89.9889297485, 90.4881591797, 90.9757843018, 91.4750061035, 91.9742355347, 92.5199050903, 93.065574646, 93.6112442017, 94.1569137573, 94.6909713745, 95.2250289917, 95.7706985474, 96.316368103, 96.8620376587, 97.4193191528, 97.9649887085, 98.4177780151, 98.8589553833, 99.3117446899, 99.7645339966, 100.217323303, 100.658500671, 101.09967804, 101.529251099, 101.970428467, 102.400001526, 102.841178894, 103.282356262, 103.72353363, 104.164710999, 104.605895996, 105.047073364, 105.488250732, 105.929428101, 106.370613098, 106.811790466, 107.241355896, 107.670928955, 108.112106323, 108.541679382, 108.971244812, 109.400817871, 109.830383301, 110.248344421, 110.666305542, 111.084259033, 111.525436401, 111.966621399, 112.407798767, 112.837364197, 113.266937256, 113.684898376, 114.102851868, 114.520812988, 114.961990356, 115.391563416, 115.821128845, 116.239089966, 116.668663025, 117.098228455, 117.516189575, 117.945755005, 118.386940002, 118.816505432, 119.234466553, 119.664031982, 120.093605042, 120.53478241, 120.95274353, 121.38230896, 121.823486328, 122.253059387, 122.671020508, 123.088973999, 123.518547058, 123.948112488, 124.377685547, 124.807250977, 125.236824036, 125.666389465, 126.095962524, 126.525527954, 126.955101013, 127.384666443, 127.802627563, 128.232192993, 128.661773682, 129.091339111, 129.520904541, 129.938858032, 130.3800354, 130.809616089, 131.239181519, 131.65713501, 132.098312378, 132.516281128, 132.945846558, 133.375411987, 133.816589355, 134.234558105, 134.664123535, 135.093688965, 135.523269653, 135.952835083, 136.382400513, 136.811965942, 137.241546631, 137.671112061, 138.089065552, 138.507034302, 138.94821167, 139.3777771, 139.807342529, 140.225296021, 140.666488647, 141.096054077, 141.525619507, 141.943572998, 142.384765625, 142.814331055, 143.243896484, 143.661849976, 144.103042603, 144.520996094, 144.950561523, 145.380126953, 145.809707642, 146.239273071, 146.657226562, 147.086807251, 147.516372681, 147.94593811, 148.37550354, 148.79347229, 149.234649658, 149.664215088, 150.093780518, 150.511749268, 150.952926636, 151.382492065, 151.812057495, 152.230026245, 152.671203613, 153.089157104, 153.518722534, 153.948303223, 154.377868652, 154.807434082, 155.236999512, 155.6665802, 156.09614563, 156.52571106, 156.955276489, 157.384857178, 157.814422607, 158.243988037, 158.661941528, 159.079910278, 159.521087646, 159.950653076, 160.380218506, 160.798187256, 161.239364624, 161.668930054, 162.098495483, 162.516464233, 162.957641602, 163.375595093, 163.805160522, 164.234741211, 164.664306641, 165.09387207, 165.5234375, 165.953018188, 166.382583618, 166.812149048, 167.230117798, 167.659683228, 168.089248657, 168.530426025, 168.948379517, 169.366348267, 169.807525635, 170.237091064, 170.666656494, 171.084625244, 171.525802612, 171.955368042, 172.384933472, 172.802902222, 173.24407959, 173.67364502, 174.103210449, 174.521179199, 174.962356567, 175.380310059, 175.798278809, 176.227844238, 176.657409668, 177.098587036, 177.516555786, 177.946121216, 178.375686646, 178.805252075, 179.234832764, 179.652786255, 180.093963623, 180.511917114, 180.941497803, 181.371063232, 181.812240601, 182.230194092, 182.671386719, 183.08934021, 183.51890564, 183.948471069, 184.378051758, 184.807617188, 185.237182617, 185.666748047, 186.084716797, 186.514282227, 186.943847656, 187.373413086, 187.802993774, 188.232559204, 188.662124634, 189.080093384, 189.498046875, 189.927612305, 190.357177734, 190.786758423, 191.216323853, 191.634277344, 192.075454712, 192.5050354, 192.93460083, 193.36416626, 193.793731689, 194.223312378, 194.652877808, 195.082443237, 195.512008667, 195.953201294, 196.394378662, 196.83555603, 197.276733398, 197.717910767, 198.159088135, 198.600265503, 199.041442871, 199.482620239, 199.923812866, 200.364990234, 200.806167603, 201.247344971, 201.6769104, 202.141311646, 202.617324829, 203.093322754, 203.569335938, 204.033737183],
    "bpm_histogram": [0, 0, 0, 0, 0, 0, 0, 0, 0, 0, 0, 0, 0, 0, 0, 0, 0, 0, 0, 0, 0, 0, 0, 0, 0, 0, 0, 0, 0, 0, 0, 0, 0, 0, 0, 0, 0, 0, 0, 0, 0, 0, 0, 0, 0, 0, 0, 0, 0, 0, 0, 0, 0, 0, 0, 0, 0, 0, 0, 0, 0, 0, 0, 0, 0, 0, 0, 0, 0, 0, 0, 0, 0, 0, 0, 0, 0, 0, 0, 0, 0, 0, 0, 0, 0, 0, 0, 0, 0, 0, 0, 0, 0, 0, 0, 0, 0, 0, 0, 0, 0, 0, 0, 0.00215517240576, 0, 0.00215517240576, 0, 0, 0.0129310349002, 0, 0.0258620698005, 0, 0.00431034481153, 0, 0, 0, 0, 0, 0, 0, 0.0129310349002, 0, 0, 0.00646551745012, 0, 0, 0.00646551745012, 0, 0, 0.00646551745012, 0, 0, 0, 0.0387931019068, 0, 0, 0.219827592373, 0, 0, 0, 0.502155184746, 0, 0, 0, 0.159482762218, 0, 0, 0, 0, 0, 0, 0, 0, 0, 0, 0, 0, 0, 0, 0, 0, 0, 0, 0, 0, 0, 0, 0, 0, 0, 0, 0, 0, 0, 0, 0, 0, 0, 0, 0, 0, 0, 0, 0, 0, 0, 0, 0, 0, 0, 0, 0, 0, 0, 0, 0, 0, 0, 0, 0, 0, 0, 0, 0, 0, 0, 0, 0, 0, 0, 0, 0, 0, 0, 0, 0, 0, 0, 0, 0, 0, 0, 0, 0, 0, 0, 0, 0, 0, 0, 0, 0, 0, 0, 0, 0, 0, 0, 0, 0, 0, 0, 0, 0, 0, 0, 0, 0, 0, 0]
},
"tonal": {
    "chords_changes_rate": 0.041506011039,
    "chords_number_rate": 0.00226808805019,
    "chords_strength": {
        "mean": 0.619792640209,
        "stdev": 0.198267042637
    },
    "hpcp_crest": {
        "mean": 13.4473028183,
        "stdev": 7.23438167572
    },
    "hpcp_entropy": {
        "mean": 2.00474667549,
        "stdev": 0.864707052708
    },
    "key_edma": {
        "strength": 0.69834792614,
        "key": "A",
        "scale": "minor"
    },
    "key_krumhansl": {
        "strength": 0.719148218632,
        "key": "A",
        "scale": "minor"
    },
    "key_temperley": {
        "strength": 0.73790204525,
        "key": "A",
        "scale": "minor"
    },
    "tuning_diatonic_strength": 0.730991959572,
    "tuning_equal_tempered_deviation": 0.211909294128,
    "tuning_frequency": 434.193115234,
    "tuning_nontempered_energy_ratio": 0.887182712555,
    "hpcp": {
        "mean": [0.338383436203, 0.311464548111, 0.168194428086, 0.0787730887532, 0.0567321814597, 0.0600960887969, 0.0852751284838, 0.0971479490399, 0.103479936719, 0.15894086659, 0.189909934998, 0.141527816653, 0.0883673503995, 0.0657369196415, 0.0701071247458, 0.116457387805, 0.146722227335, 0.115555480123, 0.0703133717179, 0.0515471100807, 0.0783230960369, 0.146008983254, 0.167439967394, 0.138554856181, 0.133536040783, 0.112756773829, 0.0825264006853, 0.0705622509122, 0.0578550361097, 0.0612331368029, 0.0897485390306, 0.104003444314, 0.0893433913589, 0.0906040966511, 0.151549503207, 0.246836796403],
        "stdev": [0.361114561558, 0.347803235054, 0.249248981476, 0.178363978863, 0.157431483269, 0.159340679646, 0.185940876603, 0.200378388166, 0.20222735405, 0.265915334225, 0.307084679604, 0.246801540256, 0.177938789129, 0.153186619282, 0.165423542261, 0.238987669349, 0.27668094635, 0.230935901403, 0.172956854105, 0.145059332252, 0.161384806037, 0.223216786981, 0.245319470763, 0.220984056592, 0.253556877375, 0.224496096373, 0.180281803012, 0.169831261039, 0.143571093678, 0.146052390337, 0.181917741895, 0.209177210927, 0.190947413445, 0.201950311661, 0.268750011921, 0.325378835201]
    },
    "chords_histogram": [15.5137214661, 7.1444773674, 0.385574966669, 4.01451587677, 0.0226808805019, 1.4969381094, 0.136085286736, 20.6169204712, 1.40621459484, 5.44341135025, 0.226808801293, 0, 0, 0, 0, 0.476298481226, 0, 0, 0.317532330751, 0, 1.54229986668, 0.158766165376, 20.3901119232, 20.7076435089],
    "thpcp": [1, 0.920448541641, 0.497052788734, 0.232792392373, 0.167656496167, 0.177597612143, 0.252007395029, 0.287094295025, 0.30580675602, 0.46970641613, 0.561227023602, 0.418246895075, 0.261145621538, 0.19426754117, 0.207182496786, 0.344158053398, 0.433597534895, 0.341492712498, 0.207791998982, 0.152333438396, 0.231462553144, 0.431489735842, 0.49482318759, 0.40946111083, 0.394629359245, 0.333221912384, 0.243884280324, 0.208527490497, 0.17097479105, 0.180957838893, 0.265227347612, 0.307353824377, 0.26403003931, 0.267755717039, 0.447863250971, 0.729458868504],
    "chords_key": "F",
    "chords_scale": "major"
}
}