{
"metadata": {
    "version": {
        "essentia": "2.1-dev",
        "essentia_git_sha": "v2.1_beta3-415-gd5473f3",
        "extractor": "music 2.0"
    },
    "audio_properties": {
        "analysis": {
            "equal_loudness": 0,
            "length": 336.744476318,
            "sample_rate": 44100,
            "start_time": 0,
            "downmix": "mix"
        },
        "bit_rate": 192000,
        "length": 336.744476318,
        "lossless": 0,
        "number_channels": 2,
        "replay_gain": -7.39019012451,
        "sample_rate": 44100,
        "codec": "mp3",
        "md5_encoded": "bf04b398b74aa42abea993224932bb92"
    },
    "tags": {
        "file_name": "markos-anual-temptation.mp3",
        "album": ["Anual. El álbum dance del año. Progressive & Hard House. ( Cd. 3 )"],
        "artist": ["Varios"],
        "genre": ["Other"],
        "title": ["Temptation"]
    }
},
"lowlevel": {
    "average_loudness": 0.94648706913,
    "barkbands_crest": {
        "mean": 14.8182497025,
        "stdev": 6.91194820404
    },
    "barkbands_flatness_db": {
        "mean": 0.205395013094,
        "stdev": 0.112797528505
    },
    "barkbands_kurtosis": {
        "mean": 68.8910827637,
        "stdev": 222.975723267
    },
    "barkbands_skewness": {
        "mean": 4.45602607727,
        "stdev": 5.92227840424
    },
    "barkbands_spread": {
        "mean": 22.0751552582,
        "stdev": 20.0850925446
    },
    "dissonance": {
        "mean": 0.471089303493,
        "stdev": 0.0347263328731
    },
    "dynamic_complexity": 2.67735171318,
    "erbbands_crest": {
        "mean": 7.0978717804,
        "stdev": 4.40100383759
    },
    "erbbands_flatness_db": {
        "mean": 0.139530152082,
        "stdev": 0.0607103407383
    },
    "erbbands_kurtosis": {
        "mean": 0.970767617226,
        "stdev": 6.22109174728
    },
    "erbbands_skewness": {
        "mean": 0.16858112812,
        "stdev": 1.18879950047
    },
    "erbbands_spread": {
        "mean": 57.209941864,
        "stdev": 27.9538879395
    },
    "hfc": {
        "mean": 27.4949436188,
        "stdev": 28.9109764099
    },
    "loudness_ebu128": {
        "integrated": -13.2442016602,
        "loudness_range": 6.06297492981,
        "momentary": {
            "mean": -15.4808158875,
            "stdev": 20.6003360748
        },
        "short_term": {
            "mean": -13.9323797226,
            "stdev": 3.14204239845
        }
    },
    "melbands_crest": {
        "mean": 19.6053199768,
        "stdev": 7.26788139343
    },
    "melbands_flatness_db": {
        "mean": 0.267815709114,
        "stdev": 0.145709365606
    },
    "melbands_kurtosis": {
        "mean": 95.7369842529,
        "stdev": 166.520248413
    },
    "melbands_skewness": {
        "mean": 6.01398086548,
        "stdev": 4.45661497116
    },
    "melbands_spread": {
        "mean": 20.2553291321,
        "stdev": 27.5178260803
    },
    "pitch_salience": {
        "mean": 0.428734332323,
        "stdev": 0.216690078378
    },
    "silence_rate_20dB": {
        "mean": 0.993174314499,
        "stdev": 0.0823310688138
    },
    "silence_rate_30dB": {
        "mean": 0.779026448727,
        "stdev": 0.414908915758
    },
    "silence_rate_60dB": {
        "mean": 0.0439878664911,
        "stdev": 0.20504809916
    },
    "spectral_centroid": {
        "mean": 1427.19604492,
        "stdev": 1169.28723145
    },
    "spectral_complexity": {
        "mean": 18.3051567078,
        "stdev": 13.6398677826
    },
    "spectral_decrease": {
        "mean": -1.96808489505e-08,
        "stdev": 2.16158024813e-08
    },
    "spectral_energy": {
        "mean": 0.076773673296,
        "stdev": 0.0820458978415
    },
    "spectral_energyband_high": {
        "mean": 0.00189734867308,
        "stdev": 0.00286583998241
    },
    "spectral_energyband_low": {
        "mean": 0.0629446655512,
        "stdev": 0.0825392827392
    },
    "spectral_energyband_middle_high": {
        "mean": 0.00390969822183,
        "stdev": 0.00554353697225
    },
    "spectral_energyband_middle_low": {
        "mean": 0.0090363342315,
        "stdev": 0.0119199324399
    },
    "spectral_entropy": {
        "mean": 7.75714874268,
        "stdev": 0.755597829819
    },
    "spectral_flux": {
        "mean": 0.144653007388,
        "stdev": 0.0714782401919
    },
    "spectral_kurtosis": {
        "mean": 8.09262657166,
        "stdev": 30.1809597015
    },
    "spectral_rms": {
        "mean": 0.00747776310891,
        "stdev": 0.0043571004644
    },
    "spectral_rolloff": {
        "mean": 1448.22009277,
        "stdev": 2420.3815918
    },
    "spectral_skewness": {
        "mean": 1.59763169289,
        "stdev": 1.66248726845
    },
    "spectral_spread": {
        "mean": 5879647.5,
        "stdev": 3301333
    },
    "spectral_strongpeak": {
        "mean": 0.551420629025,
        "stdev": 0.484440177679
    },
    "zerocrossingrate": {
        "mean": 0.0548496320844,
        "stdev": 0.0562444403768
    },
    "barkbands": {
        "mean": [0.000834757171106, 0.051514454186, 0.00960872787982, 0.00153890065849, 0.00492013525218, 0.00130063155666, 0.000532386125997, 0.000385740713682, 0.000303399719996, 0.00024257916084, 0.000280539243249, 0.000420979631599, 0.000527153315488, 0.000517948064953, 0.000470576487714, 0.000484573538415, 0.000320099876262, 0.000317876809277, 0.000225410811254, 0.000304776302073, 0.000361368263839, 0.00038695614785, 0.000382457132218, 0.000301255873637, 0.00023324326321, 5.70191150473e-05, 6.08752515063e-09],
        "stdev": [0.00110952288378, 0.0818135887384, 0.0128755094483, 0.00289768353105, 0.00832093413919, 0.00235427892767, 0.000899116159417, 0.00067828054307, 0.000507266260684, 0.000402680772822, 0.000451496627647, 0.000629603979178, 0.00118832360022, 0.000850229407661, 0.000667192973197, 0.000870356452651, 0.000477003050037, 0.000735593377613, 0.000378858385375, 0.000510905694682, 0.000525576353539, 0.000712485460099, 0.000630860275123, 0.000501471105963, 0.000380361831049, 9.64433565969e-05, 1.77574321469e-07]
    },
    "erbbands": {
        "mean": [1.58400082588, 11.1145000458, 12.540145874, 8.8206205368, 9.20250988007, 19.8538455963, 13.5541133881, 10.2850208282, 6.90083026886, 9.92299556732, 8.85379219055, 6.39278030396, 6.75957298279, 9.8827047348, 12.7082929611, 18.7801494598, 25.0500812531, 26.2106533051, 25.8101234436, 26.7483863831, 24.5428256989, 18.3017635345, 18.0621585846, 11.9971809387, 12.4566469193, 13.8736639023, 14.5492553711, 14.4259557724, 14.2833843231, 14.2600231171, 9.6148443222, 7.43937015533, 4.39915037155, 2.84618234634, 1.45249772072, 0.512874603271, 0.0431107096374, 0.00140238378663, 0.000101250101579, 9.5429852081e-05],
        "stdev": [2.51985836029, 18.1533164978, 13.7617692947, 12.5798950195, 17.3839302063, 33.9254570007, 22.1884994507, 19.9504528046, 12.221367836, 16.6296882629, 15.6986589432, 11.2183799744, 10.7837352753, 14.7359666824, 18.0774402618, 29.3041362762, 56.2165794373, 44.4729499817, 36.9248695374, 45.5934181213, 39.5102310181, 28.0570659637, 43.7905731201, 20.4571228027, 21.3571472168, 22.15574646, 20.3568534851, 22.8976478577, 27.592048645, 26.2365455627, 14.8254480362, 12.6697149277, 7.04628181458, 4.6706662178, 2.29136800766, 0.853658795357, 0.085926502943, 0.00693341437727, 0.000156531867106, 8.98395519471e-05]
    },
    "gfcc": {
        "mean": [-13.8156776428, 84.074180603, -97.354598999, 60.6953125, -44.3505783081, 39.3628845215, -38.2709197998, 8.56204605103, -18.4561901093, 6.93320178986, -11.4242925644, -0.34205237031, -1.46848464012],
        "cov": [[18046.9785156, -2153.72094727, -1398.54443359, 1356.14672852, -1437.95617676, 671.909484863, -1064.21166992, 473.207763672, -700.142700195, 551.627868652, -418.477416992, 335.06262207, -313.006011963], [-2153.72094727, 2959.48681641, 285.278289795, -831.342773438, 332.593292236, -567.098999023, 331.732391357, -436.844451904, 231.830047607, -424.38394165, 133.68548584, -272.937103271, 115.72151947], [-1398.54443359, 285.278289795, 1585.27099609, 189.586898804, 492.811309814, 118.95513916, 95.7462081909, 80.8636627197, 92.7616958618, 69.029800415, -14.4432296753, -29.2022476196, 17.5901355743], [1356.14672852, -831.342773438, 189.586898804, 687.471740723, 80.2715530396, 295.660217285, -65.9844589233, 141.270889282, -52.3041610718, 118.89302063, -56.2319107056, 44.7761192322, -33.1286773682], [-1437.95617676, 332.593292236, 492.811309814, 80.2715530396, 753.838928223, 262.81338501, 301.589263916, 50.848487854, 107.23815918, -1.45424044132, 90.7062454224, -46.9901657104, 50.0491371155], [671.909484863, -567.098999023, 118.95513916, 295.660217285, 262.81338501, 421.538818359, 101.221488953, 165.934631348, -17.201877594, 115.580619812, 16.9794254303, 47.5151939392, -5.39014673233], [-1064.21166992, 331.732391357, 95.7462081909, -65.9844589233, 301.589263916, 101.221488953, 329.962341309, 27.9025802612, 135.680801392, -33.8337478638, 94.9789810181, -27.4034309387, 53.3120613098], [473.207763672, -436.844451904, 80.8636627197, 141.270889282, 50.848487854, 165.934631348, 27.9025802612, 186.931045532, 23.0701713562, 121.004562378, -0.39542683959, 59.2939376831, -4.95274305344], [-700.142700195, 231.830047607, 92.7616958618, -52.3041610718, 107.23815918, -17.201877594, 135.680801392, 23.0701713562, 140.045089722, 2.3495182991, 57.2638320923, -15.136800766, 36.7254524231], [551.627868652, -424.38394165, 69.029800415, 118.89302063, -1.45424044132, 115.580619812, -33.8337478638, 121.004562378, 2.3495182991, 152.676925659, -0.156389012933, 66.4630355835, -16.2076148987], [-418.477416992, 133.68548584, -14.4432296753, -56.2319107056, 90.7062454224, 16.9794254303, 94.9789810181, -0.39542683959, 57.2638320923, -0.156389012933, 78.9253692627, 6.1936378479, 27.5934963226], [335.06262207, -272.937103271, -29.2022476196, 44.7761192322, -46.9901657104, 47.5151939392, -27.4034309387, 59.2939376831, -15.136800766, 66.4630355835, 6.1936378479, 72.1901779175, 5.13549947739], [-313.006011963, 115.72151947, 17.5901355743, -33.1286773682, 50.0491371155, -5.39014673233, 53.3120613098, -4.95274305344, 36.7254524231, -16.2076148987, 27.5934963226, 5.13549947739, 50.3090324402]],
        "icov": [[0.00023264036281, -0.000607085996307, 0.000256569910562, -0.000566782022361, 0.000548028328922, -0.000754594802856, 0.000347737368429, -0.000596801633947, 0.000694240734447, -0.000747428217437, 0.000416886119638, -0.000676104449667, 0.000420386641053], [-0.000607085996307, 0.00301604694687, -0.000951515161432, 0.00228013354354, -0.00185843883082, 0.00285066850483, -0.0012309217127, 0.00258444459178, -0.00242917076685, 0.00288520986214, -0.0017269635573, 0.00386415491812, -0.00191184016876], [0.000256569910562, -0.000951515161432, 0.00130364042707, -0.0009644391248, -0.000226261108764, -0.000553599791601, 0.000725784047972, -0.000896507292055, 0.000255034537986, -0.00160436693113, 0.00176764803473, -0.00108629011083, 0.000440829549916], [-0.000566782022361, 0.00228013354354, -0.0009644391248, 0.00442974828184, -0.00146355631296, 0.000109143664304, 5.01268841617e-05, 0.00208608084358, -0.00309236953035, 0.00242612790316, 0.000196455526748, 0.00258335890248, -0.00122940540314], [0.000548028328922, -0.00185843883082, -0.000226261108764, -0.00146355631296, 0.00517265265808, -0.00413544755429, -0.000918730103876, -0.00110321049578, 0.00252763694152, -0.00243952730671, -0.000819436216261, 0.000751819228753, -0.000182623174624], [-0.000754594802856, 0.00285066850483, -0.000553599791601, 0.000109143664304, -0.00413544755429, 0.0115220332518, -0.0044547165744, -0.00178706587758, 0.00353955267929, 0.000259485736024, -0.00337570998818, 0.00443882355466, -0.00219516060315], [0.000347737368429, -0.0012309217127, 0.000725784047972, 5.01268841617e-05, -0.000918730103876, -0.0044547165744, 0.0111209349707, -0.0027622980997, -0.00610053818673, 0.00396894756705, -0.00294472742826, -0.00191108707804, 0.00069635809632], [-0.000596801633947, 0.00258444459178, -0.000896507292055, 0.00208608084358, -0.00110321049578, -0.00178706587758, -0.0027622980997, 0.0190966688097, -0.00782287307084, -0.00499407108873, 0.00494168698788, -0.00281614135019, -0.000578667910304], [0.000694240734447, -0.00242917076685, 0.000255034537986, -0.00309236953035, 0.00252763694152, 0.00353955267929, -0.00610053818673, -0.00782287307084, 0.0245129410177, -0.00921472441405, -0.00684157712385, 0.00771696120501, -0.00655763130635], [-0.000747428217437, 0.00288520986214, -0.00160436693113, 0.00242612790316, -0.00243952730671, 0.000259485736024, 0.00396894756705, -0.00499407108873, -0.00921472441405, 0.0258987601846, -0.00445940438658, -0.00982865784317, 0.00714842835441], [0.000416886119638, -0.0017269635573, 0.00176764803473, 0.000196455526748, -0.000819436216261, -0.00337570998818, -0.00294472742826, 0.00494168698788, -0.00684157712385, -0.00445940438658, 0.0298785809427, -0.011141047813, -0.00155489367899], [-0.000676104449667, 0.00386415491812, -0.00108629011083, 0.00258335890248, 0.000751819228753, 0.00443882355466, -0.00191108707804, -0.00281614135019, 0.00771696120501, -0.00982865784317, -0.011141047813, 0.0415077209473, -0.0164645463228], [0.000420386641053, -0.00191184016876, 0.000440829549916, -0.00122940540314, -0.000182623174624, -0.00219516060315, 0.00069635809632, -0.000578667910304, -0.00655763130635, 0.00714842835441, -0.00155489367899, -0.0164645463228, 0.0347017012537]]
    },
    "melbands": {
        "mean": [0.0146671021357, 0.00958318822086, 0.00152860197704, 0.0010835789144, 0.000578343810048, 0.000227786047617, 0.000110114153358, 0.000101590019767, 6.93201363902e-05, 3.9439961256e-05, 3.34846190526e-05, 3.89638116758e-05, 4.25611542596e-05, 4.29277279181e-05, 5.46267583559e-05, 5.44831200386e-05, 4.6300359827e-05, 4.23641067755e-05, 3.22884006891e-05, 3.75674790121e-05, 2.6602525395e-05, 1.95180018636e-05, 1.58774601005e-05, 1.55575817189e-05, 8.84836481418e-06, 8.81452160684e-06, 9.01467046788e-06, 9.30020996748e-06, 9.38741777645e-06, 8.87083024281e-06, 7.96676158643e-06, 8.07511787571e-06, 7.39798133509e-06, 8.27550502436e-06, 5.52162555323e-06, 4.87451825393e-06, 4.4437924771e-06, 3.16729256156e-06, 2.61511286226e-06, 2.31765989156e-06],
        "stdev": [0.0234684273601, 0.0117000686005, 0.00205996190198, 0.00195727939717, 0.000901204533875, 0.000433863373473, 0.000187407698832, 0.000167151767528, 0.000123673817143, 6.76817653584e-05, 5.4538839322e-05, 6.08356167504e-05, 6.63524697302e-05, 6.37428311165e-05, 0.000105194216303, 0.000114367161586, 7.83553768997e-05, 6.24996318948e-05, 4.6728135203e-05, 7.49336613808e-05, 4.12908411818e-05, 3.06396432279e-05, 3.21288389387e-05, 3.59803780157e-05, 1.50220121213e-05, 1.4652918253e-05, 1.80924398592e-05, 1.44105724758e-05, 1.3348894754e-05, 1.36950484375e-05, 1.35147629408e-05, 1.65431993082e-05, 1.33795410875e-05, 1.60587896971e-05, 8.6047584773e-06, 7.47886269892e-06, 8.12605685496e-06, 5.05448042531e-06, 4.57758869743e-06, 3.79249286198e-06]
    },
    "melbands128": {
        "mean": [0.00081586081069, 0.0109472386539, 0.0237071607262, 0.0161939505488, 0.00751786166802, 0.00448427116498, 0.00180136261042, 0.000632836541627, 0.000868842878845, 0.00112438586075, 0.00134704844095, 0.000776788103394, 0.000443607510533, 0.000274544901913, 0.000225691386731, 0.000234810213442, 0.000113218622573, 7.92363716755e-05, 9.98904579319e-05, 0.000141589029226, 6.68451102683e-05, 7.54506836529e-05, 7.97634929768e-05, 5.13582999702e-05, 3.84464619856e-05, 3.04680452246e-05, 4.96035427204e-05, 2.6332494599e-05, 2.6281340979e-05, 4.70466438856e-05, 3.50361988239e-05, 4.03624981118e-05, 5.39220527571e-05, 3.1458617741e-05, 3.8453421439e-05, 4.41767406301e-05, 5.60499502171e-05, 5.28223899892e-05, 5.44247377547e-05, 6.14166856394e-05, 4.37763665104e-05, 6.23483065283e-05, 5.02653892909e-05, 3.66307976947e-05, 3.8848414988e-05, 5.11115285917e-05, 3.67711763829e-05, 2.39380842686e-05, 3.49277288478e-05, 4.08742926084e-05, 3.76793250325e-05, 3.69961489923e-05, 2.66812858172e-05, 2.35913812503e-05, 2.16426524275e-05, 2.07906541618e-05, 1.57741324074e-05, 1.44604964589e-05, 1.66082591022e-05, 1.78915815923e-05, 1.67727121152e-05, 1.34880483529e-05, 8.87611713551e-06, 8.04639057606e-06, 7.31479940441e-06, 9.10665767151e-06, 9.28889221541e-06, 9.21754599403e-06, 8.58961266204e-06, 9.80252571026e-06, 7.73324245529e-06, 1.00804118119e-05, 1.13780915854e-05, 8.83408938535e-06, 7.56770077714e-06, 8.78570335772e-06, 1.00266897789e-05, 8.17099862616e-06, 8.31919624034e-06, 6.59562783767e-06, 7.6246392382e-06, 9.39577148529e-06, 7.77863442636e-06, 6.45379122943e-06, 7.79194942879e-06, 8.61715398059e-06, 9.35416574066e-06, 5.7749834923e-06, 5.44839031136e-06, 4.98844747199e-06, 4.89267449666e-06, 4.91238142786e-06, 4.72407873531e-06, 4.46551575806e-06, 4.66241317554e-06, 3.00779356621e-06, 3.21792163049e-06, 2.60917886408e-06, 2.4824717002e-06, 2.78872448689e-06, 2.37778863266e-06, 2.46374065682e-06, 1.89467459677e-06, 1.88136289125e-06, 1.57315059823e-06, 1.386456006e-06, 1.52773952777e-06, 1.5199786958e-06, 8.26813447929e-07, 4.01818113005e-07, 2.63737149453e-07, 1.29326096499e-07, 8.23165109409e-08, 2.94110336085e-08, 6.05096595052e-09, 1.41190503733e-09, 2.02265412752e-10, 2.05779820267e-11, 1.0589604714e-11, 1.02434267665e-11, 9.99729379142e-12, 9.77849225203e-12, 9.56316362904e-12, 9.4045110241e-12, 9.25393355694e-12, 9.15205498192e-12, 9.07836913283e-12, 9.0154429061e-12],
        "stdev": [0.0010898913024, 0.0174483545125, 0.0408596396446, 0.026959752664, 0.00908346660435, 0.00637203315273, 0.00285048154183, 0.00134387298021, 0.00181832257658, 0.00266339653172, 0.00245606689714, 0.00131648848765, 0.000834570615552, 0.000578151841182, 0.000506461539771, 0.000471470033517, 0.000241470726905, 0.00020878786745, 0.000185725803021, 0.00026665016776, 0.000135376103572, 0.000168129743543, 0.000169739883859, 0.000106819752546, 0.000107239749923, 5.4767151596e-05, 0.000101922611066, 5.49221476831e-05, 5.89349510847e-05, 8.95457706065e-05, 6.42521481495e-05, 7.11776228854e-05, 0.000100973556982, 5.84887638979e-05, 6.95915368851e-05, 7.93748040451e-05, 0.000111221532279, 9.72046109382e-05, 0.000158177572303, 0.000167519494426, 9.23255138332e-05, 0.00012300373055, 9.37717122724e-05, 6.49438879918e-05, 7.10888198228e-05, 8.16214233055e-05, 6.19110214757e-05, 4.2717976612e-05, 6.16897523287e-05, 8.15379316919e-05, 9.3102658866e-05, 7.92137288954e-05, 4.46354424639e-05, 3.79771772714e-05, 3.89692249883e-05, 4.1078630602e-05, 2.54860970017e-05, 2.44975999522e-05, 4.77124740428e-05, 6.40051075607e-05, 4.05330574722e-05, 2.46769723162e-05, 1.69310278579e-05, 1.57425401994e-05, 1.35271629915e-05, 1.71370502358e-05, 1.65930505318e-05, 2.20228484977e-05, 1.92517254618e-05, 2.12082559301e-05, 1.11720082714e-05, 1.74826727743e-05, 2.0116005544e-05, 1.26183867906e-05, 1.37394499689e-05, 1.53718610818e-05, 1.78874543053e-05, 1.29520540213e-05, 1.7130134438e-05, 1.18799252959e-05, 1.85346234503e-05, 2.01872553589e-05, 1.78081299964e-05, 1.10657192636e-05, 1.56599107868e-05, 1.67784219229e-05, 2.15742311411e-05, 9.74430622591e-06, 9.13564326765e-06, 8.05482613941e-06, 7.64871765568e-06, 7.72310704633e-06, 9.02765623323e-06, 8.32081695989e-06, 9.95380833047e-06, 4.66948722533e-06, 5.33903221367e-06, 4.37636481365e-06, 4.28916791861e-06, 6.25111988484e-06, 3.73736952497e-06, 4.48971968581e-06, 3.07756636175e-06, 3.30767238665e-06, 2.54942347055e-06, 2.41153566094e-06, 2.8741751521e-06, 2.87883995043e-06, 1.34398840146e-06, 6.41013286895e-07, 5.12495091698e-07, 2.69316728918e-07, 2.30155166037e-07, 4.2407631895e-07, 7.03664326807e-08, 7.05259708411e-08, 1.11779669965e-08, 1.01749197956e-09, 1.56013726244e-11, 1.51544349986e-11, 1.47859224864e-11, 1.44567257471e-11, 1.41640518758e-11, 1.39245195235e-11, 1.37100573949e-11, 1.35490368924e-11, 1.34316984618e-11, 1.33564626373e-11]
    },
    "mfcc": {
        "mean": [-649.605651855, 99.5821075439, 20.0119819641, 29.1128520966, 25.105386734, 27.5544662476, 6.72356033325, 6.31349658966, 5.25545215607, 4.53939628601, 0.688148915768, 3.20093774796, 2.22906136513],
        "cov": [[11464.4482422, -2387.42944336, -540.044433594, 170.331176758, -443.018859863, -104.847511292, -345.506195068, -200.618804932, -255.44569397, -153.614425659, -73.7763061523, 19.0841903687, -39.3030967712], [-2387.42944336, 2772.01831055, 245.939941406, -178.437057495, -5.7565073967, -111.977333069, 9.27796077728, -22.9389438629, 2.81423854828, -67.408996582, -39.9829406738, -76.5409545898, -63.4152336121], [-540.044433594, 245.939941406, 943.629516602, 245.293075562, 230.292678833, 53.9571075439, 3.65252780914, -15.3292121887, 70.577911377, 45.8573493958, 14.8990497589, -23.7754840851, 14.7270650864], [170.331176758, -178.437057495, 245.293075562, 348.914367676, 185.042449951, 118.716186523, 42.5741729736, 38.3098983765, 55.2737884521, 27.3419418335, 27.5357151031, 4.68329620361, 13.2149305344], [-443.018859863, -5.7565073967, 230.292678833, 185.042449951, 446.712738037, 242.191680908, 218.132278442, 90.7774658203, 109.609031677, 76.980682373, 56.7560806274, 52.1414756775, 25.9291152954], [-104.847511292, -111.977333069, 53.9571075439, 118.716186523, 242.191680908, 272.835174561, 212.359207153, 114.370094299, 90.0155944824, 65.4235076904, 54.7430686951, 57.4896125793, 27.8632488251], [-345.506195068, 9.27796077728, 3.65252780914, 42.5741729736, 218.132278442, 212.359207153, 266.76651001, 136.514709473, 104.120544434, 77.7212677002, 64.928565979, 65.7745742798, 34.6773986816], [-200.618804932, -22.9389438629, -15.3292121887, 38.3098983765, 90.7774658203, 114.370094299, 136.514709473, 127.722450256, 82.3656539917, 56.5195007324, 46.2642097473, 41.4523506165, 28.3649330139], [-255.44569397, 2.81423854828, 70.577911377, 55.2737884521, 109.609031677, 90.0155944824, 104.120544434, 82.3656539917, 117.820846558, 73.3345489502, 54.6230735779, 38.1439933777, 34.5754165649], [-153.614425659, -67.408996582, 45.8573493958, 27.3419418335, 76.980682373, 65.4235076904, 77.7212677002, 56.5195007324, 73.3345489502, 88.8133544922, 55.0945358276, 39.9494972229, 32.7376976013], [-73.7763061523, -39.9829406738, 14.8990497589, 27.5357151031, 56.7560806274, 54.7430686951, 64.928565979, 46.2642097473, 54.6230735779, 55.0945358276, 69.2474365234, 45.637878418, 31.8410186768], [19.0841903687, -76.5409545898, -23.7754840851, 4.68329620361, 52.1414756775, 57.4896125793, 65.7745742798, 41.4523506165, 38.1439933777, 39.9494972229, 45.637878418, 68.9115600586, 38.5930023193], [-39.3030967712, -63.4152336121, 14.7270650864, 13.2149305344, 25.9291152954, 27.8632488251, 34.6773986816, 28.3649330139, 34.5754165649, 32.7376976013, 31.8410186768, 38.5930023193, 55.4788818359]],
        "icov": [[0.000122208686662, 9.13281328394e-05, 2.89130894089e-05, -0.000116226503451, 0.000145351630636, -0.000114001275506, 5.79820589337e-05, 0.000135844165925, 6.41741135041e-05, 0.000133369088871, -8.64050161908e-06, -0.000266806600848, 0.000166470010299], [9.13281328394e-05, 0.000520409317687, -0.000185363503988, 0.00028446916258, 4.84157089886e-06, 0.000298880040646, -0.000326793058775, 2.90169700747e-05, -0.000382878410164, 0.000898914062418, -0.000386569241527, 0.000191954022739, 0.000474566506455], [2.89130894089e-05, -0.000185363503988, 0.00168862217106, -0.00094062066637, -0.00075557094533, 0.00014432471653, 0.000501019589137, 0.000960081466474, -0.000641389051452, -0.00100995751563, 0.000370152236428, 0.00100059970282, -0.000851777731441], [-0.000116226503451, 0.00028446916258, -0.00094062066637, 0.00549779320136, -0.0019035434816, -0.00219920976087, 0.0031583730597, -0.00199796748348, -0.000937652133871, 0.00202628411353, -0.0024508505594, 0.00247137015685, -0.000699411379173], [0.000145351630636, 4.84157089886e-06, -0.00075557094533, -0.0019035434816, 0.00668028509244, -0.00273694749922, -0.00391919026151, 0.0037651185412, -0.00166237156373, -0.000658520206343, 0.00129042041954, -0.00186667067464, 0.00152213685215], [-0.000114001275506, 0.000298880040646, 0.00014432471653, -0.00219920976087, -0.00273694749922, 0.0138410897925, -0.00768471742049, -0.00216940557584, 0.000692796194926, 0.000246920302743, 0.000898909871466, -0.00218799849972, 0.00141534442082], [5.79820589337e-05, -0.000326793058775, 0.000501019589137, 0.0031583730597, -0.00391919026151, -0.00768471742049, 0.0185825657099, -0.00951945688576, -0.000327614339767, -0.000692842935678, -0.00153066392522, -0.00167019665241, 0.000378708966309], [0.000135844165925, 2.90169700747e-05, 0.000960081466474, -0.00199796748348, 0.0037651185412, -0.00216940557584, -0.00951945688576, 0.0248627644032, -0.00960843916982, -0.000640518497676, 0.000565654365346, -0.000900193233974, -0.000413528381614], [6.41741135041e-05, -0.000382878410164, -0.000641389051452, -0.000937652133871, -0.00166237156373, 0.000692796194926, -0.000327614339767, -0.00960843916982, 0.0269333086908, -0.0118020866066, -0.00414843019098, 0.00313330208883, -0.00407196301967], [0.000133369088871, 0.000898914062418, -0.00100995751563, 0.00202628411353, -0.000658520206343, 0.000246920302743, -0.000692842935678, -0.000640518497676, -0.0118020866066, 0.0329229943454, -0.0144563596696, -0.000144072255353, -0.00182345637586], [-8.64050161908e-06, -0.000386569241527, 0.000370152236428, -0.0024508505594, 0.00129042041954, 0.000898909871466, -0.00153066392522, 0.000565654365346, -0.00414843019098, -0.0144563596696, 0.0403216406703, -0.0161109752953, -0.00116798118688], [-0.000266806600848, 0.000191954022739, 0.00100059970282, 0.00247137015685, -0.00186667067464, -0.00218799849972, -0.00167019665241, -0.000900193233974, 0.00313330208883, -0.000144072255353, -0.0161109752953, 0.0389086902142, -0.0170357171446], [0.000166470010299, 0.000474566506455, -0.000851777731441, -0.000699411379173, 0.00152213685215, 0.00141534442082, 0.000378708966309, -0.000413528381614, -0.00407196301967, -0.00182345637586, -0.00116798118688, -0.0170357171446, 0.0337651446462]]
    },
    "spectral_contrast_coeffs": {
        "mean": [-0.69614636898, -0.792183160782, -0.811252772808, -0.825016617775, -0.824510753155, -0.783694446087],
        "stdev": [0.0761330649257, 0.0702777504921, 0.0576159097254, 0.0449141375721, 0.0326608903706, 0.046045023948]
    },
    "spectral_contrast_valleys": {
        "mean": [-6.60368871689, -7.40832710266, -7.72009134293, -7.51083850861, -7.68231534958, -9.82247829437],
        "stdev": [1.91109991074, 1.8739336729, 1.81772375107, 1.86939835548, 2.00526022911, 2.06456303596]
    }
},
"rhythm": {
    "beats_count": 786,
    "beats_loudness": {
        "mean": 0.0594106502831,
        "stdev": 0.0382973439991
    },
    "bpm": 140.8802948,
    "bpm_histogram_first_peak_bpm": 140,
    "bpm_histogram_first_peak_weight": 0.374670147896,
    "bpm_histogram_second_peak_bpm": 115,
    "bpm_histogram_second_peak_spread": 0.399999976158,
    "bpm_histogram_second_peak_weight": 0.00764331221581,
    "danceability": 1.47660434246,
    "onset_rate": 5.75782680511,
    "beats_loudness_band_ratio": {
        "mean": [0.687229096889, 0.141420170665, 0.0303302463144, 0.038169529289, 0.0482380799949, 0.0705030485988],
        "stdev": [0.26471927762, 0.13312022388, 0.0576502270997, 0.0652414113283, 0.0555469058454, 0.0764121040702]
    },
    "beats_position": [0.452789098024, 0.893968224525, 1.3235373497, 1.75310659409, 2.18267560005, 2.60063481331, 3.03020405769, 3.45977306366, 3.87773227692, 4.3073015213, 4.73687076569, 5.15482997894, 5.58439922333, 6.01396799088, 6.43192720413, 6.86149644852, 7.2910656929, 7.70902490616, 8.13859367371, 8.56816291809, 8.98612213135, 9.41569137573, 9.84526062012, 10.2632198334, 10.6927890778, 11.1223583221, 11.5403175354, 11.9698867798, 12.3994560242, 12.8174142838, 13.235373497, 13.6649427414, 14.0945119858, 14.5240812302, 14.9536504745, 15.3716096878, 15.8127889633, 16.2307472229, 16.6487064362, 17.0782756805, 17.5078449249, 17.9258041382, 18.3553733826, 18.784942627, 19.2029018402, 19.6324710846, 20.062040329, 20.4799995422, 20.9095687866, 21.339138031, 21.7570972443, 22.1866664886, 22.616235733, 23.0341949463, 23.4637641907, 23.8933334351, 24.3112926483, 24.7408618927, 25.1704311371, 25.6232185364, 26.0876178741, 26.5520172119, 27.0164165497, 27.4924259186, 27.9336051941, 28.3631744385, 28.7927436829, 29.2107028961, 29.6402721405, 30.0698413849, 30.4878005981, 30.9057598114, 31.3353290558, 31.7648983002, 32.1828575134, 32.6124267578, 33.0419960022, 33.4599533081, 33.8895225525, 34.3190917969, 34.7370529175, 35.1666221619, 35.5961914062, 36.0141487122, 36.4437179565, 36.8732872009, 37.2912483215, 37.7208137512, 38.1503829956, 38.5683441162, 38.9979133606, 39.427482605, 39.8454399109, 40.2750091553, 40.7045783997, 41.1225395203, 41.5521087646, 41.981678009, 42.3996353149, 42.8292045593, 43.2587738037, 43.6767349243, 44.1063041687, 44.5358734131, 44.953830719, 45.3833999634, 45.8129692078, 46.2309303284, 46.6604995728, 47.0900688171, 47.508026123, 47.9375953674, 48.3671646118, 48.7851219177, 49.2146911621, 49.6442604065, 50.0622215271, 50.4917907715, 50.9213600159, 51.3393173218, 51.7572784424, 52.1868476868, 52.6164169312, 53.0343742371, 53.4755554199, 53.8935127258, 54.3114738464, 54.7410430908, 55.1706123352, 55.5885696411, 56.0181388855, 56.4477081299, 56.8656692505, 57.2952384949, 57.7248077393, 58.1427650452, 58.5723342896, 59.0019035339, 59.4198646545, 59.8494338989, 60.2789993286, 60.6969604492, 61.1265296936, 61.556098938, 61.9740562439, 62.4036254883, 62.8331947327, 63.2511558533, 63.6807250977, 64.1102905273, 64.5282516479, 64.957824707, 65.3873901367, 65.8053512573, 66.234916687, 66.6644897461, 67.0824508667, 67.5120162964, 67.9415893555, 68.3595428467, 68.7891159058, 69.2186813354, 69.6366424561, 70.0662155151, 70.4957809448, 70.9137420654, 71.3433074951, 71.7728805542, 72.1908340454, 72.608795166, 73.0383682251, 73.4679336548, 73.8975067139, 74.3270721436, 74.7450332642, 75.1745986938, 75.6041717529, 76.0221328735, 76.4400863647, 76.8696594238, 77.2992248535, 77.7171859741, 78.1583633423, 78.5763244629, 78.9942855835, 79.4238510132, 79.8534240723, 80.2713851929, 80.6893386841, 81.0956878662, 81.5020370483, 81.9083862305, 82.3147354126, 82.7326965332, 83.1506576538, 83.5686187744, 83.9981842041, 84.4277572632, 84.8457107544, 85.2752838135, 85.7048492432, 86.1228103638, 86.5523757935, 86.9819488525, 87.4115142822, 87.8410873413, 88.2590484619, 88.6886138916, 89.1181869507, 89.5361404419, 89.9541015625, 90.3836746216, 90.8132400513, 91.2312011719, 91.6607666016, 92.0903396606, 92.5199050903, 92.9494781494, 93.36743927, 93.7853927612, 94.2149658203, 94.64453125, 95.0624923706, 95.4920654297, 95.9216308594, 96.33959198, 96.7575454712, 97.1871185303, 97.61668396, 98.046257019, 98.4758224487, 98.8937835693, 99.3233566284, 99.7529220581, 100.170883179, 100.588844299, 101.018409729, 101.447982788, 101.865936279, 102.295509338, 102.725074768, 103.143035889, 103.572608948, 104.002174377, 104.420135498, 104.849700928, 105.279273987, 105.697235107, 106.126800537, 106.556373596, 106.974327087, 107.415504456, 107.845077515, 108.297866821, 108.762268066, 109.203445435, 109.633010864, 110.062583923, 110.492149353, 110.921722412, 111.339683533, 111.769248962, 112.198822021, 112.616775513, 113.046348572, 113.475914001, 113.893875122, 114.323448181, 114.753013611, 115.170974731, 115.600540161, 116.03011322, 116.448066711, 116.866027832, 117.295600891, 117.725166321, 118.143127441, 118.572692871, 119.00226593, 119.420227051, 119.84979248, 120.27936554, 120.697319031, 121.138504028, 121.55645752, 121.97441864, 122.403991699, 122.833557129, 123.25151825, 123.681083679, 124.110656738, 124.528617859, 124.958183289, 125.387756348, 125.805709839, 126.235282898, 126.664848328, 127.082809448, 127.512374878, 127.941947937, 128.359909058, 128.789474487, 129.219039917, 129.637008667, 130.066574097, 130.496139526, 130.914108276, 131.343673706, 131.773239136, 132.191192627, 132.620773315, 133.050338745, 133.468292236, 133.897872925, 134.327438354, 134.745391846, 135.174957275, 135.604537964, 136.022491455, 136.452056885, 136.881637573, 137.299591064, 137.717544556, 138.147125244, 138.576690674, 138.994644165, 139.424209595, 139.853790283, 140.271743774, 140.701309204, 141.130874634, 141.548843384, 141.978408813, 142.407974243, 142.825942993, 143.255508423, 143.685073853, 144.103042603, 144.532608032, 144.962173462, 145.380126953, 145.809707642, 146.239273071, 146.657226562, 147.086807251, 147.516372681, 147.934326172, 148.363891602, 148.79347229, 149.211425781, 149.640991211, 150.070556641, 150.488525391, 150.91809082, 151.34765625, 151.765625, 152.19519043, 152.624755859, 153.042724609, 153.472290039, 153.901855469, 154.31980896, 154.749389648, 155.178955078, 155.596908569, 156.026489258, 156.456054688, 156.874008179, 157.291976929, 157.721542358, 158.151107788, 158.569061279, 158.998641968, 159.428207397, 159.846160889, 160.275741577, 160.705307007, 161.123260498, 161.552825928, 161.982406616, 162.400360107, 162.829925537, 163.259490967, 163.677459717, 164.118637085, 164.58303833, 165.035827637, 165.477005005, 165.906570435, 166.336135864, 166.765716553, 167.195281982, 167.624847412, 168.042816162, 168.472381592, 168.901947021, 169.319900513, 169.749481201, 170.179046631, 170.597000122, 171.026565552, 171.45614624, 171.874099731, 172.303665161, 172.73324585, 173.151199341, 173.569152832, 173.998733521, 174.42829895, 174.85786438, 175.28742981, 175.70539856, 176.123352051, 176.55291748, 176.982498169, 177.40045166, 177.83001709, 178.25958252, 178.67755127, 179.107116699, 179.536682129, 179.954650879, 180.384216309, 180.813781738, 181.231735229, 181.661315918, 182.090881348, 182.508834839, 182.938415527, 183.367980957, 183.785934448, 184.215499878, 184.645080566, 185.063034058, 185.492599487, 185.922180176, 186.340133667, 186.769699097, 187.199264526, 187.617233276, 188.046798706, 188.476364136, 188.894332886, 189.323898315, 189.753463745, 190.171432495, 190.600997925, 191.030563354, 191.471740723, 191.912918091, 192.377319336, 192.818496704, 193.259674072, 193.712463379, 194.188476562, 194.629653931, 195.05921936, 195.488800049, 195.918365479, 196.347930908, 196.765899658, 197.195465088, 197.625030518, 198.042984009, 198.472564697, 198.902130127, 199.320083618, 199.749649048, 200.179229736, 200.597183228, 201.026748657, 201.456329346, 201.874282837, 202.303848267, 202.733413696, 203.151382446, 203.580947876, 204.010513306, 204.451690674, 204.892883301, 205.334060669, 205.775238037, 206.216415405, 206.645980835, 207.075546265, 207.505126953, 207.934692383, 208.364257812, 208.793823242, 209.211791992, 209.641357422, 210.070922852, 210.488891602, 210.918457031, 211.348022461, 211.765975952, 212.195556641, 212.62512207, 213.043075562, 213.461044312, 213.890609741, 214.320175171, 214.738143921, 215.167709351, 215.59727478, 216.02684021, 216.45640564, 216.87437439, 217.292327881, 217.733505249, 218.151473999, 218.56942749, 218.99899292, 219.428573608, 219.8465271, 220.276092529, 220.705657959, 221.123626709, 221.553192139, 221.982757568, 222.400726318, 222.841903687, 223.259857178, 223.677825928, 224.107391357, 224.536956787, 224.954910278, 225.384490967, 225.814056396, 226.232009888, 226.661590576, 227.091156006, 227.509109497, 227.938674927, 228.368255615, 228.786209106, 229.215774536, 229.645339966, 230.063308716, 230.492874146, 230.922439575, 231.340408325, 231.769973755, 232.199539185, 232.617507935, 233.047073364, 233.476638794, 233.894592285, 234.324172974, 234.753738403, 235.171691895, 235.601272583, 236.030838013, 236.448791504, 236.866760254, 237.296325684, 237.725891113, 238.143844604, 238.573425293, 239.002990723, 239.420944214, 239.850509644, 240.280090332, 240.698043823, 241.127609253, 241.557189941, 241.975143433, 242.404708862, 242.834274292, 243.252243042, 243.681808472, 244.111373901, 244.529342651, 244.958908081, 245.388473511, 245.806442261, 246.23600769, 246.66557312, 247.083526611, 247.5131073, 247.942672729, 248.360626221, 248.790206909, 249.219772339, 249.63772583, 250.06729126, 250.496871948, 250.914825439, 251.344390869, 251.773956299, 252.191925049, 252.621490479, 253.051055908, 253.469024658, 253.886978149, 254.316543579, 254.746124268, 255.164077759, 255.593643188, 256.023223877, 256.452789307, 256.882354736, 257.300323486, 257.718261719, 258.147827148, 258.577423096, 258.995361328, 259.424926758, 259.854522705, 260.272460938, 260.702026367, 261.131591797, 261.549560547, 261.979125977, 262.408691406, 262.826660156, 263.256225586, 263.685791016, 264.103759766, 264.533325195, 264.962890625, 265.380859375, 265.810424805, 266.239990234, 266.657958984, 267.087524414, 267.517089844, 267.935058594, 268.364624023, 268.794189453, 269.212158203, 269.641723633, 270.071289062, 270.489257812, 270.918823242, 271.348388672, 271.766357422, 272.195922852, 272.625488281, 273.043426514, 273.461395264, 273.890960693, 274.320526123, 274.738494873, 275.168060303, 275.597625732, 276.015594482, 276.445159912, 276.874725342, 277.292694092, 277.722259521, 278.151824951, 278.569793701, 278.999359131, 279.428924561, 279.846893311, 280.27645874, 280.70602417, 281.12399292, 281.55355835, 281.983123779, 282.401092529, 282.830657959, 283.260223389, 283.678192139, 284.107757568, 284.537322998, 284.955291748, 285.384857178, 285.814422607, 286.23236084, 286.661956787, 287.091522217, 287.509460449, 287.927429199, 288.368621826, 288.786560059, 289.216125488, 289.645721436, 290.063659668, 290.493225098, 290.922821045, 291.340759277, 291.770324707, 292.199890137, 292.617858887, 293.035827637, 293.465393066, 293.894958496, 294.312927246, 294.742492676, 295.172058105, 295.590026855, 296.019592285, 296.449157715, 296.867126465, 297.296691895, 297.726257324, 298.144226074, 298.573791504, 299.003356934, 299.421295166, 299.850891113, 300.280456543, 300.698394775, 301.127990723, 301.557556152, 301.975494385, 302.405059814, 302.834655762, 303.252593994, 303.670562744, 304.100128174, 304.529693604, 304.947662354, 305.377227783, 305.806793213, 306.224761963, 306.654327393, 307.083892822, 307.501861572, 307.931427002, 308.360992432, 308.778961182, 309.208526611, 309.638092041, 310.056060791, 310.485626221, 310.91519165, 311.3331604, 311.76272583, 312.19229126, 312.610229492, 313.039825439, 313.469390869, 313.887329102, 314.316925049, 314.746490479, 315.164428711, 315.593994141, 316.023590088, 316.44152832, 316.87109375, 317.300689697, 317.71862793, 318.13659668, 318.566162109, 318.995727539, 319.413696289, 319.843261719, 320.272827148, 320.690795898, 321.120361328, 321.549926758, 321.967895508, 322.397460938, 322.827026367, 323.244995117, 323.674560547, 324.104125977, 324.522094727, 324.951660156, 325.381225586, 325.799163818, 326.228759766, 326.658325195, 327.076263428, 327.505859375, 327.935424805, 328.353363037, 328.782928467, 329.212524414, 329.642089844, 330.083251953, 330.53604126, 330.977233887, 331.488067627, 331.998901367, 332.509735107, 333.020568848, 333.543029785, 334.065490723, 334.587921143, 335.11038208, 335.632843018, 336.155273438],
    "bpm_histogram": [0, 0, 0, 0, 0, 0, 0, 0, 0, 0, 0, 0, 0, 0, 0, 0, 0, 0, 0, 0, 0, 0, 0, 0, 0, 0, 0, 0, 0, 0, 0, 0, 0, 0, 0, 0, 0, 0, 0, 0, 0, 0, 0, 0, 0, 0, 0, 0, 0, 0, 0, 0, 0, 0, 0, 0, 0, 0, 0, 0, 0, 0, 0, 0, 0, 0, 0, 0, 0, 0, 0, 0, 0, 0, 0, 0, 0, 0, 0, 0, 0, 0, 0, 0, 0, 0, 0, 0, 0, 0, 0, 0, 0, 0, 0, 0, 0, 0, 0, 0, 0, 0, 0, 0, 0, 0, 0, 0, 0, 0, 0, 0, 0, 0, 0, 0.00764331221581, 0, 0.0050955414772, 0, 0, 0, 0, 0, 0, 0, 0, 0.0025477707386, 0, 0, 0.00764331221581, 0, 0, 0, 0.0063694268465, 0, 0, 0.0318471342325, 0, 0, 0, 0.603821635246, 0, 0, 0, 0.329936295748, 0, 0, 0, 0.0050955414772, 0, 0, 0, 0, 0, 0, 0, 0, 0, 0, 0, 0, 0, 0, 0, 0, 0, 0, 0, 0, 0, 0, 0, 0, 0, 0, 0, 0, 0, 0, 0, 0, 0, 0, 0, 0, 0, 0, 0, 0, 0, 0, 0, 0, 0, 0, 0, 0, 0, 0, 0, 0, 0, 0, 0, 0, 0, 0, 0, 0, 0, 0, 0, 0, 0, 0, 0, 0, 0, 0, 0, 0, 0, 0, 0, 0, 0, 0, 0, 0, 0, 0, 0, 0, 0, 0, 0, 0, 0, 0, 0, 0, 0, 0, 0, 0, 0, 0, 0, 0, 0]
},
"tonal": {
    "chords_changes_rate": 0.0602509304881,
    "chords_number_rate": 0.00124086579308,
    "chords_strength": {
