{
"metadata": {
    "version": {
        "essentia": "2.1-dev",
        "essentia_git_sha": "v2.1_beta3-415-gd5473f3",
        "extractor": "music 2.0"
    },
    "audio_properties": {
        "analysis": {
            "equal_loudness": 0,
            "length": 235.520004272,
            "sample_rate": 44100,
            "start_time": 0,
            "downmix": "mix"
        },
        "bit_rate": 192000,
        "length": 235.520004272,
        "lossless": 0,
        "number_channels": 2,
        "replay_gain": -9.64373970032,
        "sample_rate": 44100,
        "codec": "mp3",
        "md5_encoded": "3974ca3ed3f360ea3dc80110ed6e0838"
    },
    "tags": {
        "file_name": "new_tone-new_tonewaiting_for_your_love.mp3"
    }
},
"lowlevel": {
    "average_loudness": 0.957129240036,
    "barkbands_crest": {
        "mean": 12.1208276749,
        "stdev": 6.43958950043
    },
    "barkbands_flatness_db": {
        "mean": 0.165095314384,
        "stdev": 0.0737147554755
    },
    "barkbands_kurtosis": {
        "mean": 13.4929008484,
        "stdev": 29.8875160217
    },
    "barkbands_skewness": {
        "mean": 2.3922700882,
        "stdev": 2.51733064651
    },
    "barkbands_spread": {
        "mean": 25.3053779602,
        "stdev": 18.3374443054
    },
    "dissonance": {
        "mean": 0.460339456797,
        "stdev": 0.0313110984862
    },
    "dynamic_complexity": 2.70936393738,
    "erbbands_crest": {
        "mean": 9.31792068481,
        "stdev": 4.71567487717
    },
    "erbbands_flatness_db": {
        "mean": 0.136247813702,
        "stdev": 0.0614194497466
    },
    "erbbands_kurtosis": {
        "mean": 0.651102244854,
        "stdev": 2.55483293533
    },
    "erbbands_skewness": {
        "mean": 0.374059438705,
        "stdev": 0.771013438702
    },
    "erbbands_spread": {
        "mean": 52.9233703613,
        "stdev": 31.1502246857
    },
    "hfc": {
        "mean": 27.4187793732,
        "stdev": 24.3865604401
    },
    "loudness_ebu128": {
        "integrated": -12.5464487076,
        "loudness_range": 3.42101860046,
        "momentary": {
            "mean": -14.2854986191,
            "stdev": 14.8487281799
        },
        "short_term": {
            "mean": -13.197183609,
            "stdev": 3.97084236145
        }
    },
    "melbands_crest": {
        "mean": 16.6422615051,
        "stdev": 7.45188760757
    },
    "melbands_flatness_db": {
        "mean": 0.216226637363,
        "stdev": 0.0936895757914
    },
    "melbands_kurtosis": {
        "mean": 45.3452453613,
        "stdev": 86.8906936646
    },
    "melbands_skewness": {
        "mean": 4.16567659378,
        "stdev": 3.77100014687
    },
    "melbands_spread": {
        "mean": 22.5717411041,
        "stdev": 20.2496566772
    },
    "pitch_salience": {
        "mean": 0.471015483141,
        "stdev": 0.177867382765
    },
    "silence_rate_20dB": {
        "mean": 1,
        "stdev": 0
    },
    "silence_rate_30dB": {
        "mean": 0.834384858608,
        "stdev": 0.371745526791
    },
    "silence_rate_60dB": {
        "mean": 0.0401222407818,
        "stdev": 0.196236938238
    },
    "spectral_centroid": {
        "mean": 1340.45812988,
        "stdev": 925.783752441
    },
    "spectral_complexity": {
        "mean": 16.9094047546,
        "stdev": 8.81255149841
    },
    "spectral_decrease": {
        "mean": -1.198294175e-08,
        "stdev": 1.15910596676e-08
    },
    "spectral_energy": {
        "mean": 0.0477135851979,
        "stdev": 0.0442118346691
    },
    "spectral_energyband_high": {
        "mean": 0.00167040829547,
        "stdev": 0.00244447146542
    },
    "spectral_energyband_low": {
        "mean": 0.0316127128899,
        "stdev": 0.0431588254869
    },
    "spectral_energyband_middle_high": {
        "mean": 0.00466800527647,
        "stdev": 0.0052109900862
    },
    "spectral_energyband_middle_low": {
        "mean": 0.0119026238099,
        "stdev": 0.016263442114
    },
    "spectral_entropy": {
        "mean": 7.73858547211,
        "stdev": 0.492504090071
    },
    "spectral_flux": {
        "mean": 0.112478420138,
        "stdev": 0.0736998990178
    },
    "spectral_kurtosis": {
        "mean": 3.25155687332,
        "stdev": 3.72956824303
    },
    "spectral_rms": {
        "mean": 0.00605523306876,
        "stdev": 0.00314385327511
    },
    "spectral_rolloff": {
        "mean": 1789.87207031,
        "stdev": 2496.31860352
    },
    "spectral_skewness": {
        "mean": 1.4445952177,
        "stdev": 0.545398890972
    },
    "spectral_spread": {
        "mean": 6735543.5,
        "stdev": 3379024.25
    },
    "spectral_strongpeak": {
        "mean": 0.9572686553,
        "stdev": 1.18591415882
    },
    "zerocrossingrate": {
        "mean": 0.0757192149758,
        "stdev": 0.0584552809596
    },
    "barkbands": {
        "mean": [0.000477710767882, 0.021902281791, 0.00717548560351, 0.00403780303895, 0.00277585862204, 0.00164845900144, 0.00073369249003, 0.0013439519098, 0.0011889153393, 0.000550461700186, 0.0005948485923, 0.000479494745377, 0.000864133180585, 0.000497434462886, 0.000736324407626, 0.000239451197558, 0.000250144425081, 0.0002074479562, 0.000251304853009, 0.000195816828636, 0.000231652957154, 0.000282683933619, 0.000229439858231, 0.000270690390607, 0.000344364321791, 0.00020360648341, 1.6961309024e-09],
        "stdev": [0.000954786431976, 0.0378053709865, 0.01587886177, 0.0115617951378, 0.00470187747851, 0.00271556549706, 0.000954452320002, 0.00225480063818, 0.00235652271658, 0.0010592736071, 0.00145672552753, 0.000968524836935, 0.00150126451626, 0.00115808716509, 0.00227375328541, 0.0005277445307, 0.000580979860388, 0.000332709751092, 0.000390349508962, 0.000293943710858, 0.000452678272268, 0.000694060465321, 0.000417523697251, 0.00034739964758, 0.000554075231776, 0.000319494894939, 2.61625876519e-09]
    },
    "erbbands": {
        "mean": [0.595178604126, 5.02181577682, 8.90800666809, 11.3432865143, 11.3649044037, 8.09684658051, 12.4269886017, 13.3615703583, 9.65953063965, 16.1824760437, 32.9033660889, 34.0831871033, 14.3855066299, 20.8196926117, 23.4104709625, 25.1262207031, 39.8160705566, 27.6758670807, 48.2539138794, 17.0929908752, 13.3819360733, 11.7560367584, 11.0958757401, 11.9547147751, 13.094540596, 9.95529937744, 10.4368629456, 8.01873397827, 9.41742038727, 9.30527591705, 6.66944742203, 5.62714958191, 4.42275667191, 3.52750825882, 2.69633030891, 1.16335880756, 0.325865745544, 0.0250746961683, 0.000515404215548, 8.36881808937e-05],
        "stdev": [1.21012663841, 8.42807292938, 17.3371047974, 27.9587783813, 29.3603229523, 12.0310974121, 16.5117740631, 24.5740623474, 11.245923996, 21.2957992554, 58.5765380859, 65.2355422974, 25.1414260864, 40.0878334045, 50.2213478088, 45.6246185303, 70.0625686646, 50.6114234924, 141.055923462, 33.6728363037, 26.9306163788, 25.0742168427, 16.3532295227, 18.7332115173, 23.7341327667, 15.3800411224, 23.4603633881, 11.9621515274, 21.357635498, 26.0749320984, 11.7336921692, 7.31600284576, 5.98644971848, 5.64146280289, 4.59866857529, 1.85022687912, 0.51958155632, 0.0411353707314, 0.000790591118857, 6.76388663123e-05]
    },
    "gfcc": {
        "mean": [6.49302005768, 70.4376449585, -98.2555236816, 29.0804195404, -61.8876228333, 23.2464981079, -40.010974884, 13.9242010117, -25.8407497406, 11.257941246, -16.0508422852, -2.48574137688, -16.7799301147],
        "cov": [[15802.7617188, -884.288269043, 1164.18652344, 893.110107422, -417.650115967, 1055.71252441, -512.32434082, 422.795440674, -580.554260254, 296.383880615, -580.781799316, 90.6051712036, -533.367370605], [-884.288269043, 1546.86230469, -397.759918213, -40.4445114136, 275.320068359, -141.005554199, 247.325576782, -129.946395874, 179.201843262, -145.932403564, 234.673126221, -172.025527954, 148.577667236], [1164.18652344, -397.759918213, 2128.04858398, 645.626159668, 219.689880371, 603.135070801, 25.2206401825, 387.072753906, 8.78005218506, 226.46383667, -159.362930298, 157.283447266, -56.4477424622], [893.110107422, -40.4445114136, 645.626159668, 718.311889648, 185.109649658, 230.287338257, 119.080940247, 93.3860015869, 116.778015137, 57.0684204102, -31.9943180084, 59.6993789673, 1.6032115221], [-417.650115967, 275.320068359, 219.689880371, 185.109649658, 452.163269043, 174.91506958, 130.661727905, 52.9136238098, 106.952331543, 46.2198371887, 22.1253395081, -10.2287969589, 24.2483787537], [1055.71252441, -141.005554199, 603.135070801, 230.287338257, 174.91506958, 516.611633301, 110.201133728, 162.123855591, 34.3259010315, 128.83656311, -35.4327812195, 43.7993164062, -40.6090011597], [-512.32434082, 247.325576782, 25.2206401825, 119.080940247, 130.661727905, 110.201133728, 328.767608643, 42.4158401489, 122.893661499, 26.0825424194, 69.9196014404, -16.7198028564, 25.1528701782], [422.795440674, -129.946395874, 387.072753906, 93.3860015869, 52.9136238098, 162.123855591, 42.4158401489, 270.514648438, 66.6204528809, 73.5371627808, -5.4251036644, 46.3642425537, 13.8297367096], [-580.554260254, 179.201843262, 8.78005218506, 116.778015137, 106.952331543, 34.3259010315, 122.893661499, 66.6204528809, 227.733932495, 36.591506958, 78.3391876221, -4.58279514313, 69.4330062866], [296.383880615, -145.932403564, 226.46383667, 57.0684204102, 46.2198371887, 128.83656311, 26.0825424194, 73.5371627808, 36.591506958, 156.662063599, 5.95865869522, 37.0299301147, -14.8759088516], [-580.781799316, 234.673126221, -159.362930298, -31.9943180084, 22.1253395081, -35.4327812195, 69.9196014404, -5.4251036644, 78.3391876221, 5.95865869522, 173.735107422, 1.83333933353, 67.852394104], [90.6051712036, -172.025527954, 157.283447266, 59.6993789673, -10.2287969589, 43.7993164062, -16.7198028564, 46.3642425537, -4.58279514313, 37.0299301147, 1.83333933353, 119.501998901, 25.4433326721], [-533.367370605, 148.577667236, -56.4477424622, 1.6032115221, 24.2483787537, -40.6090011597, 25.1528701782, 13.8297367096, 69.4330062866, -14.8759088516, 67.852394104, 25.4433326721, 134.87701416]],
        "icov": [[0.000176841131179, -0.000280537613435, 0.000254190672422, -0.000436188420281, 0.00038847970427, -0.000456657377072, 0.000405655329814, -0.000474736065371, 0.00048920448171, -0.00044869989506, 0.00044771382818, -0.00014431301679, 0.000386277621146], [-0.000280537613435, 0.0019877855666, -0.000639901030809, 0.000862010987476, -0.0014130800264, 0.00095481867902, -0.00123262847774, 0.00130309548695, -0.000925099418964, 0.00188124575652, -0.00220873230137, 0.00207945727743, -0.0015367642045], [0.000254190672422, -0.000639901030809, 0.00156984094065, -0.00140584935434, 0.000587405345868, -0.00127734954003, 0.000933278352022, -0.00176606129389, 0.00131607928779, -0.00140827416908, 0.00139035226312, -0.000788060831837, 0.000517043983564], [-0.000436188420281, 0.000862010987476, -0.00140584935434, 0.0035605400335, -0.00137304863892, 0.000938105920795, -0.00148101767991, 0.00202224240638, -0.00270820525475, 0.00199509644881, -0.000841569795739, -0.000392360816477, -0.000595445162617], [0.00038847970427, -0.0014130800264, 0.000587405345868, -0.00137304863892, 0.00430982327089, -0.00191953475587, 0.000706071499735, -0.000995356589556, 0.000353516981704, -0.00170189794153, 0.00183996965643, -0.000510496727657, 0.000773609033786], [-0.000456657377072, 0.00095481867902, -0.00127734954003, 0.000938105920795, -0.00191953475587, 0.00509242387488, -0.0020999184344, 0.000429705280112, -0.000624548527412, -0.000190910010133, -0.00125303829554, 0.000571905169636, -0.000354570685886], [0.000405655329814, -0.00123262847774, 0.000933278352022, -0.00148101767991, 0.000706071499735, -0.0020999184344, 0.00569319538772, -0.0014235759154, -0.000389442662708, -0.00114814064, 0.000309058930725, -0.000415631278884, 0.00169203185942], [-0.000474736065371, 0.00130309548695, -0.00176606129389, 0.00202224240638, -0.000995356589556, 0.000429705280112, -0.0014235759154, 0.00763173494488, -0.00347804650664, 0.00122955313418, -0.00139555579517, 7.13494591764e-06, -0.00165789423045], [0.00048920448171, -0.000925099418964, 0.00131607928779, -0.00270820525475, 0.000353516981704, -0.000624548527412, -0.000389442662708, -0.00347804650664, 0.0101390983909, -0.00347738782875, -0.000197611530893, 0.00137794821057, -0.00204927893355], [-0.00044869989506, 0.00188124575652, -0.00140827416908, 0.00199509644881, -0.00170189794153, -0.000190910010133, -0.00114814064, 0.00122955313418, -0.00347738782875, 0.0117551116273, -0.00343749392778, -0.000707305152901, 0.00082606106298], [0.00044771382818, -0.00220873230137, 0.00139035226312, -0.000841569795739, 0.00183996965643, -0.00125303829554, 0.000309058930725, -0.00139555579517, -0.000197611530893, -0.00343749392778, 0.0114785861224, -0.00254778866656, -0.00139845279045], [-0.00014431301679, 0.00207945727743, -0.000788060831837, -0.000392360816477, -0.000510496727657, 0.000571905169636, -0.000415631278884, 7.13494591764e-06, 0.00137794821057, -0.000707305152901, -0.00254778866656, 0.0137540539727, -0.00494599808007], [0.000386277621146, -0.0015367642045, 0.000517043983564, -0.000595445162617, 0.000773609033786, -0.000354570685886, 0.00169203185942, -0.00165789423045, -0.00204927893355, 0.00082606106298, -0.00139845279045, -0.00494599808007, 0.0132492231205]]
    },
    "melbands": {
        "mean": [0.00587356556207, 0.00547747639939, 0.00205198535696, 0.00066343031358, 0.000424552650657, 0.000295690115308, 0.000149452564074, 0.0001946859702, 0.000269395968644, 0.00019279391563, 6.42941959086e-05, 8.15656749182e-05, 8.49693096825e-05, 5.80266096222e-05, 7.27482474758e-05, 8.15804451122e-05, 4.73418876936e-05, 7.91185520939e-05, 3.45988701156e-05, 1.98630768864e-05, 1.4902599105e-05, 1.22789442685e-05, 1.22490919239e-05, 9.2497202786e-06, 9.34667150432e-06, 1.06313173092e-05, 6.57738064547e-06, 6.49108187645e-06, 6.89739772497e-06, 5.26877693119e-06, 4.42070813733e-06, 5.02072771269e-06, 5.89205319557e-06, 4.56812449556e-06, 3.93206801164e-06, 3.3692940633e-06, 3.48767230207e-06, 3.0789919947e-06, 3.04676495944e-06, 2.91172068501e-06],
        "stdev": [0.0107471803203, 0.00858426466584, 0.00484298914671, 0.0013319136342, 0.000526783347595, 0.000526429968886, 0.000180771399755, 0.000257341220276, 0.000455992354546, 0.000368564767996, 0.000123185993289, 0.000165983219631, 0.000214370564208, 0.000115203678433, 0.000134785790578, 0.000132177621708, 0.000109728127427, 0.000222365590162, 9.06413479242e-05, 4.8826172133e-05, 3.77577380277e-05, 3.14028584398e-05, 2.49956337939e-05, 1.46627398863e-05, 1.5910156435e-05, 1.97292229132e-05, 1.06372244773e-05, 1.00603429019e-05, 1.63915938174e-05, 9.74173508439e-06, 6.17077830611e-06, 1.02011317722e-05, 1.65203418874e-05, 1.24433336168e-05, 7.47493049857e-06, 4.82787390865e-06, 4.54202518085e-06, 4.00964745495e-06, 5.04053787154e-06, 4.73483987662e-06]
    },
    "melbands128": {
        "mean": [0.00037440363667, 0.00393610121682, 0.00913953315467, 0.00791555363685, 0.00517246732488, 0.00324397441, 0.00231661298312, 0.00193694257177, 0.00110319477972, 0.000579332350753, 0.000386118714232, 0.000425211736001, 0.000432736822404, 0.000422521668952, 0.00036331510637, 0.000187396071851, 0.0001173050332, 0.000158622104209, 0.0001556037314, 0.000179162831046, 0.000186389443115, 0.000299426348647, 0.000291017262498, 0.00018892067601, 0.000304045417579, 0.000146110265632, 4.81103234051e-05, 7.408716192e-05, 4.076483674e-05, 0.00010133034084, 7.39103270462e-05, 8.58853527461e-05, 0.000116052098747, 6.2760002038e-05, 3.02704629576e-05, 7.45940124034e-05, 7.75218213676e-05, 3.22289342876e-05, 0.000122927012853, 8.97919962881e-05, 8.96544515854e-05, 3.97022340621e-05, 3.80453602702e-05, 5.82335669606e-05, 4.95544045407e-05, 0.000101159785117, 0.000101118748717, 2.11314709304e-05, 1.65122237377e-05, 1.64013090398e-05, 2.57323899859e-05, 1.60414183483e-05, 1.13666255857e-05, 1.74730139406e-05, 1.69355535036e-05, 8.88427530299e-06, 8.66424670676e-06, 1.85059871001e-05, 1.05544404505e-05, 8.56771112012e-06, 7.30356623535e-06, 1.08534713945e-05, 1.28137335196e-05, 7.90683861851e-06, 5.97691087023e-06, 1.10640376079e-05, 1.55599900609e-05, 4.77040885016e-06, 4.75780734632e-06, 7.78849516792e-06, 5.89859519096e-06, 6.80578750689e-06, 6.21887420493e-06, 7.95390133135e-06, 6.07113497608e-06, 5.39563734492e-06, 4.98245162817e-06, 4.17627370553e-06, 4.47122783953e-06, 4.60967385152e-06, 3.91303410652e-06, 6.18982767264e-06, 5.60190574106e-06, 5.20953699379e-06, 6.84849237587e-06, 5.81803169553e-06, 3.05891921926e-06, 3.41102554557e-06, 4.83280155095e-06, 3.330207619e-06, 3.61513639291e-06, 3.11509074891e-06, 3.49283573087e-06, 3.4360364225e-06, 3.68868700207e-06, 3.28947726302e-06, 2.78673905996e-06, 2.84866064248e-06, 3.29372437591e-06, 3.04052286992e-06, 2.86068643618e-06, 2.81574648398e-06, 3.17051444654e-06, 2.90298862637e-06, 3.77095238946e-06, 2.63589004135e-06, 2.75417414741e-06, 2.64507389147e-06, 1.98609586732e-06, 1.50604080318e-06, 1.22425990412e-06, 1.08680376343e-06, 1.18645891689e-06, 8.37357902128e-07, 6.11946518347e-07, 1.39647212904e-07, 4.81013041898e-11, 7.22802330141e-12, 6.87671100619e-12, 6.59670582048e-12, 6.39374794428e-12, 6.22599758207e-12, 6.07012790727e-12, 5.9515296337e-12, 5.84918658647e-12, 5.77819953343e-12, 5.72591279946e-12, 5.68314709529e-12],
        "stdev": [0.000888479873538, 0.00906033162028, 0.0178722310811, 0.0137858856469, 0.0103196268901, 0.00728426687419, 0.00629162648693, 0.00552879553288, 0.00320921232924, 0.00117688684259, 0.000690508342814, 0.000661743513774, 0.000672302499879, 0.000956516945735, 0.000821160909254, 0.000333299976774, 0.00023376919853, 0.000226716263569, 0.000282063963823, 0.000321315950714, 0.000336582132149, 0.000692563073244, 0.00062983809039, 0.000535146566108, 0.000765750184655, 0.000271900964435, 0.00013623603445, 0.000197746383492, 0.000137548573548, 0.000263001973508, 0.000203788804356, 0.000272895646049, 0.00038379826583, 0.000163780452567, 8.5978579591e-05, 0.000206915996387, 0.000178139118361, 8.74209581525e-05, 0.000349425827153, 0.000167250036611, 0.00019730135682, 0.00010038784967, 0.000130475673359, 0.000185620592674, 0.000172720770934, 0.000368884357158, 0.000381354388082, 8.90669834916e-05, 5.87930007896e-05, 4.86267854285e-05, 9.60407778621e-05, 3.98811534978e-05, 2.84749185084e-05, 8.44247697387e-05, 6.15100070718e-05, 4.65153570985e-05, 2.48956657742e-05, 6.13561351201e-05, 2.19605826715e-05, 1.83162446774e-05, 1.13423011499e-05, 2.46983963734e-05, 2.77359249594e-05, 1.46862284964e-05, 1.09427483039e-05, 2.26500251301e-05, 3.94890194002e-05, 8.13771748653e-06, 9.66422430793e-06, 1.5817970052e-05, 1.00937304524e-05, 1.3371643945e-05, 1.04532455225e-05, 2.63768761215e-05, 1.61444495461e-05, 1.02365011116e-05, 8.63056538947e-06, 7.50004346628e-06, 6.56759493722e-06, 7.20157777323e-06, 5.8292198446e-06, 1.80405859282e-05, 1.60478884936e-05, 1.40541442306e-05, 2.09431273106e-05, 2.16960070247e-05, 5.09451274411e-06, 7.43447481e-06, 1.16029932542e-05, 5.66424432691e-06, 6.41363703835e-06, 4.43246517534e-06, 5.13612803843e-06, 5.12578890266e-06, 5.02602097185e-06, 4.81082588522e-06, 3.90055356547e-06, 4.5625729399e-06, 5.95749406784e-06, 5.71634609514e-06, 5.71871578359e-06, 4.87829220219e-06, 5.08786570208e-06, 5.40874862054e-06, 7.36428410164e-06, 4.58467775388e-06, 5.30936540599e-06, 4.77097592011e-06, 3.1791598758e-06, 2.37499898503e-06, 2.00004683393e-06, 1.84627936051e-06, 2.09262771023e-06, 1.42380929447e-06, 1.06879952e-06, 2.62434156184e-07, 2.14011405819e-10, 1.09788966113e-11, 1.05808877285e-11, 1.0239023171e-11, 9.96104761175e-12, 9.72236700869e-12, 9.51287486284e-12, 9.34070615993e-12, 9.19329196103e-12, 9.08103887226e-12, 8.99900640117e-12, 8.94590911765e-12]
    },
    "mfcc": {
        "mean": [-638.514099121, 103.288490295, 18.0614471436, 13.3340873718, 5.47986555099, 5.76208782196, 2.88228344917, -0.753038585186, -1.91582322121, 6.88227033615, 5.04554128647, 2.60874772072, -1.98667061329],
        "cov": [[7754.56347656, -271.281768799, 690.386047363, 311.69140625, 239.530395508, 522.946228027, 217.118942261, 191.441879272, 100.61680603, -31.7035522461, 70.4987335205, -49.223613739, -7.69825458527], [-271.281768799, 1342.89953613, -280.49029541, -29.471288681, 59.2956886292, -50.9506340027, 106.333961487, -25.7899703979, -45.7073402405, 96.405960083, -1.44824790955, 12.4301261902, -2.53591036797], [690.386047363, -280.49029541, 1576.95007324, 368.519165039, 389.858337402, 327.99206543, 197.208557129, 228.827194214, 265.313659668, 72.2491912842, 93.8031005859, 132.140808105, 87.9593963623], [311.69140625, -29.471288681, 368.519165039, 520.903625488, 171.847808838, 165.056152344, 45.2993888855, 101.805175781, 129.656005859, 16.6435203552, 49.061706543, 67.9104614258, 43.8259086609], [239.530395508, 59.2956886292, 389.858337402, 171.847808838, 444.07131958, 175.973632812, 90.2971801758, 102.110145569, 128.78263855, 73.6464767456, 20.5791110992, 51.0209312439, 52.4608039856], [522.946228027, -50.9506340027, 327.99206543, 165.056152344, 175.973632812, 432.938293457, 151.957687378, 112.78289032, 115.800918579, 84.4908828735, 104.306945801, 19.4725933075, 42.9412574768], [217.118942261, 106.333961487, 197.208557129, 45.2993888855, 90.2971801758, 151.957687378, 219.588287354, 98.5069580078, 67.8919067383, 69.1940612793, 53.8800697327, 40.1338195801, 39.3483085632], [191.441879272, -25.7899703979, 228.827194214, 101.805175781, 102.110145569, 112.78289032, 98.5069580078, 197.221237183, 112.80594635, 61.9813537598, 45.3364334106, 55.4018783569, 45.5707969666], [100.61680603, -45.7073402405, 265.313659668, 129.656005859, 128.78263855, 115.800918579, 67.8919067383, 112.80594635, 216.577346802, 84.4434432983, 55.1813087463, 50.1973075867, 51.2412147522], [-31.7035522461, 96.405960083, 72.2491912842, 16.6435203552, 73.6464767456, 84.4908828735, 69.1940612793, 61.9813537598, 84.4434432983, 172.037368774, 79.1863861084, 34.769657135, 27.0840854645], [70.4987335205, -1.44824790955, 93.8031005859, 49.061706543, 20.5791110992, 104.306945801, 53.8800697327, 45.3364334106, 55.1813087463, 79.1863861084, 131.597610474, 49.627117157, 27.2825832367], [-49.223613739, 12.4301261902, 132.140808105, 67.9104614258, 51.0209312439, 19.4725933075, 40.1338195801, 55.4018783569, 50.1973075867, 34.769657135, 49.627117157, 124.200965881, 51.8262786865], [-7.69825458527, -2.53591036797, 87.9593963623, 43.8259086609, 52.4608039856, 42.9412574768, 39.3483085632, 45.5707969666, 51.2412147522, 27.0840854645, 27.2825832367, 51.8262786865, 88.1770095825]],
        "icov": [[0.00014763775107, 1.43239431054e-05, -2.91884807666e-05, -3.34306350851e-05, -1.33510666274e-05, -0.000132679386297, -6.42253507976e-05, -8.46967886901e-05, 5.03233277414e-05, 0.000117105671961, -3.6007266317e-05, 0.000119149131933, 7.99196932348e-05], [1.43239431054e-05, 0.000948460539803, 0.000240991255851, -0.000184737858945, -0.000284434354398, 0.000283683679299, -0.000809809484053, 0.000289649207843, 0.000329133676132, -0.000676431402098, 0.000243331407546, -0.000142229575431, 0.000147512197145], [-2.91884807666e-05, 0.000240991255851, 0.00112101715058, -0.000275604514172, -0.000559274689294, -0.000147483631736, -0.000512566708494, -0.000162918338901, -0.000552444369532, 0.000345657637808, -3.02032058244e-05, -0.000574022124056, 0.000302195432596], [-3.34306350851e-05, -0.000184737858945, -0.000275604514172, 0.00283160433173, -0.000396654970245, -0.000709399871994, 0.000807033095043, -0.000419770745793, -0.000960311444942, 0.00106781057548, -0.000341974780895, -0.000888236332685, 0.000155534769874], [-1.33510666274e-05, -0.000284434354398, -0.000559274689294, -0.000396654970245, 0.00373141188174, -0.0010185202118, 0.000209394958802, -7.35142748454e-05, -0.000628962996416, -0.00112320843618, 0.00198534294032, -0.000538428721484, -0.00062105798861], [-0.000132679386297, 0.000283683679299, -0.000147483631736, -0.000709399871994, -0.0010185202118, 0.00479725608602, -0.0020725063514, -0.00027191353729, -8.96063138498e-05, -9.84947200777e-06, -0.00299721001647, 0.00240883557126, -0.000601939973421], [-6.42253507976e-05, -0.000809809484053, -0.000512566708494, 0.000807033095043, 0.000209394958802, -0.0020725063514, 0.00817811768502, -0.00242186547257, 0.000398986652726, -0.00079041486606, -4.54969740531e-05, -0.000660548626911, -0.00101853674278], [-8.46967886901e-05, 0.000289649207843, -0.000162918338901, -0.000419770745793, -7.35142748454e-05, -0.00027191353729, -0.00242186547257, 0.00920333247632, -0.00261790119112, -0.000872933364008, 0.000739342707675, -0.00165461085271, -0.000594216457102], [5.03233277414e-05, 0.000329133676132, -0.000552444369532, -0.000960311444942, -0.000628962996416, -8.96063138498e-05, 0.000398986652726, -0.00261790119112, 0.00912920106202, -0.00292770634405, -0.00018655648455, 0.000437805923866, -0.00197048927657], [0.000117105671961, -0.000676431402098, 0.000345657637808, 0.00106781057548, -0.00112320843618, -9.84947200777e-06, -0.00079041486606, -0.000872933364008, -0.00292770634405, 0.0108925001696, -0.00547644589096, 0.000429855106631, 0.000389594584703], [-3.6007266317e-05, 0.000243331407546, -3.02032058244e-05, -0.000341974780895, 0.00198534294032, -0.00299721001647, -4.54969740531e-05, 0.000739342707675, -0.00018655648455, -0.00547644589096, 0.0147616937757, -0.00485156988725, 0.000195272587007], [0.000119149131933, -0.000142229575431, -0.000574022124056, -0.000888236332685, -0.000538428721484, 0.00240883557126, -0.000660548626911, -0.00165461085271, 0.000437805923866, 0.000429855106631, -0.00485156988725, 0.0140851838514, -0.00584640912712], [7.99196932348e-05, 0.000147512197145, 0.000302195432596, 0.000155534769874, -0.00062105798861, -0.000601939973421, -0.00101853674278, -0.000594216457102, -0.00197048927657, 0.000389594584703, 0.000195272587007, -0.00584640912712, 0.016798781231]]
    },
    "spectral_contrast_coeffs": {
        "mean": [-0.691331684589, -0.759461641312, -0.759904503822, -0.771028757095, -0.792736530304, -0.785884559155],
        "stdev": [0.0952023565769, 0.0628780201077, 0.0674588754773, 0.0663893520832, 0.0472689196467, 0.0553449578583]
    },
    "spectral_contrast_valleys": {
        "mean": [-6.87201023102, -6.74061346054, -7.72324085236, -7.91671514511, -7.7932100296, -9.82258701324],
        "stdev": [1.97954976559, 1.66743278503, 1.60862457752, 1.60523414612, 1.64707648754, 1.94003593922]
    }
},
"rhythm": {
    "beats_count": 529,
    "beats_loudness": {
        "mean": 0.0893220603466,
        "stdev": 0.0384662076831
    },
    "bpm": 135.110046387,
    "bpm_histogram_first_peak_bpm": 136,
    "bpm_histogram_first_peak_weight": 0.297912716866,
    "bpm_histogram_second_peak_bpm": 129,
    "bpm_histogram_second_peak_spread": 0,
    "bpm_histogram_second_peak_weight": 0.00189393945038,
    "danceability": 1.56029927731,
    "onset_rate": 4.27118873596,
    "beats_loudness_band_ratio": {
        "mean": [0.782190620899, 0.0796260759234, 0.0516650788486, 0.0387814678252, 0.033626396209, 0.0348140858114],
        "stdev": [0.242256015539, 0.115899778903, 0.0796484053135, 0.0621244981885, 0.058682885021, 0.0655281841755]
    },
    "beats_position": [0.429569154978, 0.859138309956, 1.28870749474, 1.71827661991, 2.15945577621, 2.60063481331, 3.04181408882, 3.49460315704, 3.94739222527, 4.38857126236, 4.82975053787, 5.27092981339, 5.71210861206, 6.15328788757, 6.60607719421, 7.05886602402, 7.50004529953, 7.94122457504, 8.38240337372, 8.82358264923, 9.26476192474, 9.70594120026, 10.1587295532, 10.6115188599, 11.0526981354, 11.4938774109, 11.9350566864, 12.3762359619, 12.8174142838, 13.2585935593, 13.7113828659, 14.1641721725, 14.6053514481, 15.0465307236, 15.4877090454, 15.9288883209, 16.3700675964, 16.8228569031, 17.2756462097, 17.7168254852, 18.1580047607, 18.5991840363, 19.0403633118, 19.4815406799, 19.9343299866, 20.3755092621, 20.8166885376, 21.2694778442, 21.7106571198, 22.1518363953, 22.5930156708, 23.0458049774, 23.4985942841, 23.9397735596, 24.3809528351, 24.8221302032, 25.2633094788, 25.7044887543, 26.1572780609, 26.6100673676, 27.0512466431, 27.4924259186, 27.9336051941, 28.3747844696, 28.8159637451, 29.2687530518, 29.7215423584, 30.1627197266, 30.6038990021, 31.0450782776, 31.4862575531, 31.9274368286, 32.3802261353, 32.8330154419, 33.2741928101, 33.7153739929, 34.1565513611, 34.5977325439, 35.0389099121, 35.480091095, 35.9328804016, 36.3856697083, 36.8268470764, 37.2680282593, 37.7092056274, 38.1503829956, 38.6031723022, 39.0559616089, 39.4971427917, 39.9383201599, 40.3795013428, 40.8206787109, 41.2618598938, 41.703037262, 42.1558265686, 42.6086158752, 43.0497932434, 43.4909744263, 43.9321517944, 44.3733329773, 44.8145103455, 45.2672996521, 45.7200889587, 46.1612701416, 46.6024475098, 47.0436286926, 47.4848060608, 47.9259872437, 48.3671646118, 48.80834198, 49.2611312866, 49.7139205933, 50.1551017761, 50.5962791443, 51.0374603271, 51.4786376953, 51.931427002, 52.3842163086, 52.8253974915, 53.2665748596, 53.7077522278, 54.1489334106, 54.6017227173, 55.0545120239, 55.4956893921, 55.936870575, 56.3780479431, 56.819229126, 57.2604064941, 57.701587677, 58.1543769836, 58.6071662903, 59.0483436584, 59.4895210266, 59.9307022095, 60.3718795776, 60.8130607605, 61.2542381287, 61.7070274353, 62.1598167419, 62.6009979248, 63.042175293, 63.4833564758, 63.924533844, 64.3657150269, 64.8185043335, 65.2712936401, 65.7124710083, 66.1536483765, 66.5948257446, 67.0360107422, 67.4888000488, 67.9415893555, 68.3827667236, 68.8239440918, 69.26512146, 69.7062988281, 70.1474838257, 70.5886611938, 71.0414505005, 71.4826278687, 71.9354171753, 72.3765945435, 72.817779541, 73.2589569092, 73.7001342773, 74.152923584, 74.6057128906, 75.0468902588, 75.488067627, 75.9292526245, 76.3704299927, 76.8116073608, 77.252784729, 77.7055740356, 78.1583633423, 78.5995483398, 79.040725708, 79.4819030762, 79.9230804443, 80.375869751, 80.8286590576, 81.2698364258, 81.7110214233, 82.1521987915, 82.5933761597, 83.0461654663, 83.4989547729, 83.9401321411, 84.3813171387, 84.8224945068, 85.263671875, 85.7048492432, 86.1460266113, 86.598815918, 87.0516052246, 87.4927902222, 87.9339675903, 88.3751449585, 88.8163223267, 89.2575073242, 89.7102966309, 90.1630859375, 90.6042633057, 91.0454406738, 91.486618042, 91.9277954102, 92.3689804077, 92.8217697144, 93.274559021, 93.7157363892, 94.1569137573, 94.5980911255, 95.039276123, 95.4804534912, 95.9216308594, 96.374420166, 96.8272094727, 97.2683868408, 97.709564209, 98.1507492065, 98.5919265747, 99.0447158813, 99.497505188, 99.9386825562, 100.379859924, 100.821044922, 101.26222229, 101.703399658, 102.144577026, 102.597366333, 103.05015564, 103.491333008, 103.932518005, 104.373695374, 104.814872742, 105.25605011, 105.708839417, 106.161628723, 106.602806091, 107.043991089, 107.485168457, 107.926345825, 108.379135132, 108.8203125, 109.273101807, 109.714286804, 110.155464172, 110.596641541, 111.037818909, 111.490608215, 111.943397522, 112.38457489, 112.825759888, 113.266937256, 113.708114624, 114.149291992, 114.602081299, 115.054870605, 115.496055603, 115.937232971, 116.378410339, 116.819587708, 117.260765076, 117.701950073, 118.15473938, 118.607528687, 119.048706055, 119.489883423, 119.931060791, 120.372245789, 120.813423157, 121.266212463, 121.71900177, 122.160179138, 122.601356506, 123.042533875, 123.483718872, 123.92489624, 124.377685547, 124.830474854, 125.271652222, 125.71282959, 126.154014587, 126.595191956, 127.036369324, 127.477546692, 127.930335999, 128.383132935, 128.824310303, 129.265487671, 129.706665039, 130.147842407, 130.600631714, 131.041809082, 131.494598389, 131.935775757, 132.376953125, 132.818145752, 133.25932312, 133.700500488, 134.153289795, 134.606079102, 135.04725647, 135.488433838, 135.929611206, 136.370788574, 136.823577881, 137.276367188, 137.717544556, 138.158721924, 138.599899292, 139.041091919, 139.482269287, 139.923446655, 140.364624023, 140.81741333, 141.270202637, 141.711380005, 142.152557373, 142.593734741, 143.034912109, 143.487701416, 143.940490723, 144.381668091, 144.822860718, 145.264038086, 145.705215454, 146.146392822, 146.58757019, 147.040359497, 147.493148804, 147.934326172, 148.37550354, 148.816680908, 149.257858276, 149.699050903, 150.15184021, 150.604629517, 151.045806885, 151.486984253, 151.928161621, 152.369338989, 152.810516357, 153.251693726, 153.704483032, 154.157272339, 154.598449707, 155.039627075, 155.480819702, 155.92199707, 156.374786377, 156.827575684, 157.268753052, 157.70993042, 158.151107788, 158.592285156, 159.033462524, 159.474639893, 159.927429199, 160.368606567, 160.821395874, 161.262588501, 161.703765869, 162.144943237, 162.586120605, 163.038909912, 163.491699219, 163.932876587, 164.374053955, 164.815231323, 165.256408691, 165.69758606, 166.138778687, 166.591567993, 167.0443573, 167.485534668, 167.926712036, 168.367889404, 168.809066772, 169.261856079, 169.714645386, 170.155822754, 170.597000122, 171.03817749, 171.479354858, 171.920547485, 172.373336792, 172.826126099, 173.267303467, 173.708480835, 174.149658203, 174.60244751, 175.055236816, 175.496414185, 175.937591553, 176.378768921, 176.819946289, 177.261123657, 177.702316284, 178.143493652, 178.584671021, 179.037460327, 179.490249634, 179.931427002, 180.37260437, 180.813781738, 181.254959106, 181.696136475, 182.148925781, 182.601715088, 183.042892456, 183.484085083, 183.925262451, 184.366439819, 184.819229126, 185.272018433, 185.713195801, 186.154373169, 186.595550537, 187.036727905, 187.477905273, 187.919082642, 188.383483887, 188.824661255, 189.265853882, 189.70703125, 190.148208618, 190.589385986, 191.030563354, 191.483352661, 191.936141968, 192.377319336, 192.818496704, 193.259674072, 193.70085144, 194.142044067, 194.583221436, 195.036010742, 195.488800049, 195.929977417, 196.371154785, 196.812332153, 197.253509521, 197.69468689, 198.135864258, 198.588653564, 199.041442871, 199.482620239, 199.923812866, 200.364990234, 200.817779541, 201.258956909, 201.711746216, 202.152923584, 202.594100952, 203.03527832, 203.476455688, 203.929244995, 204.382034302, 204.82321167, 205.264389038, 205.705581665, 206.146759033, 206.587936401, 207.02911377, 207.481903076, 207.934692383, 208.375869751, 208.817047119, 209.258224487, 209.699401855, 210.140579224, 210.581771851, 211.034561157, 211.487350464, 211.928527832, 212.3697052, 212.810882568, 213.252059937, 213.693237305, 214.146026611, 214.587203979, 215.039993286, 215.481170654, 215.922348022, 216.375137329, 216.827926636, 217.269119263, 217.710296631, 218.151473999, 218.592651367, 219.033828735, 219.475006104, 219.916183472, 220.368972778, 220.810150146, 221.262939453, 221.704116821, 222.145309448, 222.586486816, 223.039276123, 223.480453491, 223.933242798, 224.374420166, 224.815597534, 225.256774902, 225.697952271, 226.139129639, 226.591918945, 227.033096313, 227.48588562, 227.938674927, 228.391464233, 228.84425354, 229.297042847, 229.749832153, 230.20262146, 230.643798828, 231.084991455, 231.526168823, 231.955734253, 232.385299683, 232.814865112, 233.244445801, 233.67401123, 234.10357666, 234.53314209, 234.962722778],
    "bpm_histogram": [0, 0, 0, 0, 0, 0, 0, 0, 0, 0, 0, 0, 0, 0, 0, 0, 0, 0, 0, 0, 0, 0, 0, 0, 0, 0, 0, 0, 0, 0, 0, 0, 0, 0, 0, 0, 0, 0, 0, 0, 0, 0, 0, 0, 0, 0, 0, 0, 0, 0, 0, 0, 0, 0, 0, 0, 0, 0, 0, 0, 0, 0, 0, 0, 0, 0, 0, 0, 0, 0, 0, 0, 0, 0, 0, 0, 0, 0, 0, 0, 0, 0, 0, 0, 0, 0, 0, 0, 0, 0, 0, 0, 0, 0, 0, 0, 0, 0, 0, 0, 0, 0, 0, 0, 0, 0, 0, 0, 0, 0, 0, 0, 0, 0, 0, 0, 0, 0, 0, 0, 0, 0, 0, 0, 0, 0, 0, 0, 0, 0.00189393945038, 0, 0, 0, 0.276515156031, 0, 0, 0.700757563114, 0, 0, 0, 0.0208333339542, 0, 0, 0, 0, 0, 0, 0, 0, 0, 0, 0, 0, 0, 0, 0, 0, 0, 0, 0, 0, 0, 0, 0, 0, 0, 0, 0, 0, 0, 0, 0, 0, 0, 0, 0, 0, 0, 0, 0, 0, 0, 0, 0, 0, 0, 0, 0, 0, 0, 0, 0, 0, 0, 0, 0, 0, 0, 0, 0, 0, 0, 0, 0, 0, 0, 0, 0, 0, 0, 0, 0, 0, 0, 0, 0, 0, 0, 0, 0, 0, 0, 0, 0, 0, 0, 0, 0, 0, 0, 0, 0, 0, 0, 0, 0, 0, 0, 0, 0, 0, 0, 0, 0, 0, 0, 0, 0, 0, 0]
},
"tonal": {
    "chords_changes_rate": 0.0569682642817,
    "chords_number_rate": 0.00177409814205,
    "chords_strength": {
        "mean": 0.562073349953,
        "stdev": 0.119304478168
    },
    "hpcp_crest": {
        "mean": 14.1738290787,
        "stdev": 6.69142198563
    },
    "hpcp_entropy": {
        "mean": 1.85547447205,
        "stdev": 0.715946435928
    },
    "key_edma": {
        "strength": 0.780472040176,
        "key": "D",
        "scale": "minor"
    },
    "key_krumhansl": {
        "strength": 0.789321899414,
        "key": "D",
        "scale": "minor"
    },
    "key_temperley": {
        "strength": 0.782513141632,
        "key": "D",
        "scale": "minor"
    },
    "tuning_diatonic_strength": 0.549290180206,
    "tuning_equal_tempered_deviation": 0.0290334690362,
    "tuning_frequency": 441.017791748,
    "tuning_nontempered_energy_ratio": 0.701268315315,
    "hpcp": {
        "mean": [0.2299464643, 0.141415446997, 0.141515687108, 0.151599824429, 0.0988040491939, 0.088112719357, 0.0997986644506, 0.0891939029098, 0.134377777576, 0.156737118959, 0.0947223305702, 0.065053999424, 0.071106672287, 0.0831563025713, 0.19214092195, 0.264698863029, 0.161919414997, 0.0775075033307, 0.0587094910443, 0.0615779161453, 0.140517354012, 0.183892831206, 0.129860132933, 0.152775496244, 0.184941247106, 0.112834215164, 0.063361376524, 0.0539113506675, 0.0464047044516, 0.0841304436326, 0.105111598969, 0.072518132627, 0.0570972263813, 0.0569662004709, 0.0768929421902, 0.191146448255],
        "stdev": [0.313720166683, 0.23115606606, 0.272173494101, 0.299009859562, 0.212341949344, 0.195173531771, 0.214926213026, 0.197490349412, 0.250451922417, 0.26865234971, 0.181639477611, 0.160081773996, 0.175652623177, 0.190110489726, 0.279936671257, 0.34139496088, 0.247417643666, 0.205901309848, 0.180644392967, 0.171088024974, 0.240637212992, 0.29130923748, 0.221682086587, 0.24632127583, 0.293272852898, 0.207718968391, 0.158978223801, 0.144523128867, 0.138371214271, 0.175565987825, 0.204270482063, 0.165481030941, 0.153282865882, 0.158938914537, 0.179636836052, 0.287046909332]
    },
    "chords_histogram": [29.2134838104, 0.157697618008, 12.4186868668, 13.1086139679, 0.709639251232, 2.38517642021, 0.0591366067529, 1.59668838978, 0.0394244045019, 7.05696821213, 2.08949351311, 0.650502681732, 0.473092854023, 0, 0, 0, 0, 0.827912449837, 0, 0.0985610112548, 0, 0, 1.30100536346, 27.81391716],
    "thpcp": [1, 0.611711800098, 0.292813897133, 0.221797287464, 0.232633858919, 0.53085744381, 0.694724678993, 0.490595728159, 0.577167153358, 0.698685467243, 0.426273882389, 0.239371553063, 0.203670501709, 0.175311312079, 0.317834556103, 0.397098779678, 0.273964643478, 0.215706348419, 0.215211346745, 0.290492147207, 0.722127974033, 0.868709683418, 0.534250319004, 0.534628987312, 0.572725653648, 0.37326964736, 0.33287909627, 0.377027183771, 0.336963683367, 0.507662832737, 0.592133700848, 0.357849419117, 0.245766073465, 0.26863232255, 0.314154356718, 0.725884974003],
    "chords_key": "D",
    "chords_scale": "minor"
}
}