{
"metadata": {
    "version": {
        "essentia": "2.1-dev",
        "essentia_git_sha": "v2.1_beta3-415-gd5473f3",
        "extractor": "music 2.0"
    },
    "audio_properties": {
        "analysis": {
            "equal_loudness": 0,
            "length": 426.083251953,
            "sample_rate": 44100,
            "start_time": 0,
            "downmix": "mix"
        },
        "bit_rate": 192000,
        "length": 426.083251953,
        "lossless": 0,
        "number_channels": 2,
        "replay_gain": -7.36833381653,
        "sample_rate": 44100,
        "codec": "mp3",
        "md5_encoded": "7dca1a695fd7ef04ddc8a23107fea03e"
    },
    "tags": {
        "file_name": "robert_miles-children.mp3",
        "artist": ["Robert Miles                  "],
        "genre": ["Techno"],
        "title": ["Children (Dreams Version)     "]
    }
},
"lowlevel": {
    "average_loudness": 0.708696603775,
    "barkbands_crest": {
        "mean": 12.5714302063,
        "stdev": 6.0209479332
    },
    "barkbands_flatness_db": {
        "mean": 0.170935705304,
        "stdev": 0.0850311517715
    },
    "barkbands_kurtosis": {
        "mean": 21.4703388214,
        "stdev": 87.5261535645
    },
    "barkbands_skewness": {
        "mean": 2.74492526054,
        "stdev": 3.01527643204
    },
    "barkbands_spread": {
        "mean": 19.2404155731,
        "stdev": 16.2951030731
    },
    "dissonance": {
        "mean": 0.456929087639,
        "stdev": 0.0316250100732
    },
    "dynamic_complexity": 4.12679052353,
    "erbbands_crest": {
        "mean": 8.45621871948,
        "stdev": 4.53633308411
    },
    "erbbands_flatness_db": {
        "mean": 0.142333075404,
        "stdev": 0.0563602671027
    },
    "erbbands_kurtosis": {
        "mean": 0.587859034538,
        "stdev": 2.75435638428
    },
    "erbbands_skewness": {
        "mean": 0.476457089186,
        "stdev": 0.717176020145
    },
    "erbbands_spread": {
        "mean": 45.7275276184,
        "stdev": 23.6958847046
    },
    "hfc": {
        "mean": 17.0067806244,
        "stdev": 20.1065673828
    },
    "loudness_ebu128": {
        "integrated": -16.0234947205,
        "loudness_range": 9.49100112915,
        "momentary": {
            "mean": -18.3215675354,
            "stdev": 12.4865322113
        },
        "short_term": {
            "mean": -17.5158863068,
            "stdev": 3.92208480835
        }
    },
    "melbands_crest": {
        "mean": 17.445098877,
        "stdev": 7.16138648987
    },
    "melbands_flatness_db": {
        "mean": 0.253985673189,
        "stdev": 0.100075565279
    },
    "melbands_kurtosis": {
        "mean": 39.0697593689,
        "stdev": 77.8600921631
    },
    "melbands_skewness": {
        "mean": 4.02577447891,
        "stdev": 2.997828722
    },
    "melbands_spread": {
        "mean": 15.823264122,
        "stdev": 14.2772188187
    },
    "pitch_salience": {
        "mean": 0.481403917074,
        "stdev": 0.180805727839
    },
    "silence_rate_20dB": {
        "mean": 1,
        "stdev": 0
    },
    "silence_rate_30dB": {
        "mean": 0.901749253273,
        "stdev": 0.297644168139
    },
    "silence_rate_60dB": {
        "mean": 0.0942727923393,
        "stdev": 0.292239934206
    },
    "spectral_centroid": {
        "mean": 1095.73974609,
        "stdev": 786.248718262
    },
    "spectral_complexity": {
        "mean": 13.7133131027,
        "stdev": 8.16753196716
    },
    "spectral_decrease": {
        "mean": -8.76027872465e-09,
        "stdev": 9.80391146044e-09
    },
    "spectral_energy": {
        "mean": 0.034605897963,
        "stdev": 0.0380276441574
    },
    "spectral_energyband_high": {
        "mean": 0.00109281286132,
        "stdev": 0.00184626888949
    },
    "spectral_energyband_low": {
        "mean": 0.0221637357026,
        "stdev": 0.031104631722
    },
    "spectral_energyband_middle_high": {
        "mean": 0.00292289722711,
        "stdev": 0.00398189155385
    },
    "spectral_energyband_middle_low": {
        "mean": 0.00986029207706,
        "stdev": 0.0170778278261
    },
    "spectral_entropy": {
        "mean": 7.4657793045,
        "stdev": 0.626282691956
    },
    "spectral_flux": {
        "mean": 0.0877723395824,
        "stdev": 0.0809685438871
    },
    "spectral_kurtosis": {
        "mean": 6.24860477448,
        "stdev": 13.3595895767
    },
    "spectral_rms": {
        "mean": 0.00504829967394,
        "stdev": 0.0028769087512
    },
    "spectral_rolloff": {
        "mean": 1036.7989502,
        "stdev": 1644.41333008
    },
    "spectral_skewness": {
        "mean": 1.77273666859,
        "stdev": 1.02592337132
    },
    "spectral_spread": {
        "mean": 5391031.5,
        "stdev": 2617528
    },
    "spectral_strongpeak": {
        "mean": 0.520346999168,
        "stdev": 0.611149549484
    },
    "zerocrossingrate": {
        "mean": 0.049188554287,
        "stdev": 0.0448745377362
    },
    "barkbands": {
        "mean": [0.000621784536634, 0.0157098006457, 0.00453612580895, 0.00239136209711, 0.00241508288309, 0.00151874066796, 0.00106316874735, 0.00106809230056, 0.00111241044942, 0.000830234610476, 0.00058090838138, 0.000346610118868, 0.000241041794652, 0.000343264546245, 0.000159534130944, 0.000184127784451, 0.000124471116578, 0.000103466991277, 0.000110381901322, 0.000137339229695, 0.000161777919857, 0.000258664455032, 0.000214381434489, 0.00022103516676, 0.000111447036033, 3.98557349399e-05, 8.06851062407e-07],
        "stdev": [0.000783285358921, 0.0265323128551, 0.0116500537843, 0.00700210081413, 0.00522831501439, 0.00302487006411, 0.00247970619239, 0.00242130155675, 0.00236262474209, 0.00188816722948, 0.00155869452283, 0.000565217225812, 0.000447672500741, 0.000997519702651, 0.000356364296749, 0.000408494350268, 0.000300950254314, 0.00017542943533, 0.000198498411919, 0.000224161994993, 0.000282391411019, 0.000478714995552, 0.000369160145056, 0.000400366727263, 0.000209198478842, 7.88716424722e-05, 2.12192821891e-06]
    },
    "erbbands": {
        "mean": [0.480706930161, 3.35754513741, 5.43304443359, 7.44763326645, 7.80241298676, 7.96968650818, 8.10436058044, 15.4751768112, 17.684343338, 18.6662006378, 19.5461750031, 27.9913845062, 27.6884307861, 16.9008846283, 25.8183021545, 13.259759903, 12.3901948929, 15.6933612823, 12.6345186234, 9.10880851746, 8.18810462952, 7.59626197815, 6.07374191284, 5.90934467316, 5.24968957901, 6.45027112961, 6.20520830154, 7.6448097229, 9.24886226654, 6.99809455872, 6.05186653137, 4.89820337296, 3.51098299026, 1.5486869812, 0.675775587559, 0.247943922877, 0.0620428845286, 0.00652184989303, 0.000165563484188, 4.76511959278e-05],
        "stdev": [0.768463790417, 6.25982189178, 12.4647407532, 19.0764255524, 19.5232715607, 17.8400669098, 13.569896698, 32.3657836914, 40.6751403809, 43.3054847717, 41.9464492798, 58.8348274231, 60.1943473816, 36.7908973694, 63.4701080322, 20.6122665405, 20.6252803802, 42.8256835938, 29.5024871826, 17.4881496429, 15.9008731842, 16.9113197327, 10.1432504654, 9.7018699646, 9.233502388, 11.1868219376, 10.5226316452, 13.792974472, 16.9723968506, 13.2214078903, 10.5094413757, 8.61797618866, 6.47378396988, 2.84552979469, 1.30880200863, 0.483720928431, 0.13014639914, 0.0139128379524, 0.000315546581987, 4.88077639602e-05]
    },
    "gfcc": {
        "mean": [-31.8887214661, 103.965522766, -93.3524703979, 36.5844497681, -58.3064537048, 29.6658802032, -29.6470489502, 12.9105739594, -17.5162010193, 5.15165328979, -11.391336441, -0.198648884892, -7.77439498901],
        "cov": [[13116.140625, -2935.9465332, -297.375518799, 387.202026367, -1128.90454102, 364.776977539, -518.49987793, 501.460693359, -360.668670654, 619.034729004, -579.405883789, 474.239196777, -466.034606934], [-2935.9465332, 2024.08288574, -126.817764282, -385.528900146, 353.689483643, -312.669067383, 164.289611816, -272.554412842, 109.473983765, -345.617156982, 215.995925903, -275.423583984, 219.972000122], [-297.375518799, -126.817764282, 538.961547852, 132.749816895, -57.8328208923, 51.2905197144, 23.9278068542, -31.5855751038, -27.0084781647, -10.3788671494, -0.778037965298, 8.61075019836, -44.2247428894], [387.202026367, -385.528900146, 132.749816895, 425.47555542, 49.5730056763, 78.9838943481, 4.35178852081, 55.15417099, 49.3764801025, 64.9862213135, 1.04205214977, 30.3982467651, -22.9377307892], [-1128.90454102, 353.689483643, -57.8328208923, 49.5730056763, 404.493133545, -22.2749176025, 131.422744751, 12.8769178391, 136.634902954, 14.0497903824, 93.7236022949, -35.5910148621, 61.6368331909], [364.776977539, -312.669067383, 51.2905197144, 78.9838943481, -22.2749176025, 208.952651978, 16.3152256012, 30.7803955078, -17.7949562073, 42.091381073, -27.275642395, 15.2004308701, -21.41929245], [-518.49987793, 164.289611816, 23.9278068542, 4.35178852081, 131.422744751, 16.3152256012, 191.236083984, 47.2806930542, 67.1542663574, 11.9131584167, 56.7104377747, -26.4393367767, 32.6232223511], [501.460693359, -272.554412842, -31.5855751038, 55.15417099, 12.8769178391, 30.7803955078, 47.2806930542, 163.287643433, 48.9097328186, 84.7523651123, -1.31243348122, 60.0001831055, -26.7094497681], [-360.668670654, 109.473983765, -27.0084781647, 49.3764801025, 136.634902954, -17.7949562073, 67.1542663574, 48.9097328186, 160.326217651, 44.3060531616, 45.7633132935, -10.582613945, 19.6069774628], [619.034729004, -345.617156982, -10.3788671494, 64.9862213135, 14.0497903824, 42.091381073, 11.9131584167, 84.7523651123, 44.3060531616, 169.465209961, 3.45170426369, 70.7191848755, -41.739112854], [-579.405883789, 215.995925903, -0.778037965298, 1.04205214977, 93.7236022949, -27.275642395, 56.7104377747, -1.31243348122, 45.7633132935, 3.45170426369, 123.161468506, 8.23276233673, 41.0117340088], [474.239196777, -275.423583984, 8.61075019836, 30.3982467651, -35.5910148621, 15.2004308701, -26.4393367767, 60.0001831055, -10.582613945, 70.7191848755, 8.23276233673, 128.602752686, -15.3822364807], [-466.034606934, 219.972000122, -44.2247428894, -22.9377307892, 61.6368331909, -21.41929245, 32.6232223511, -26.7094497681, 19.6069774628, -41.739112854, 41.0117340088, -15.3822364807, 98.8496856689]],
        "icov": [[0.000212610553717, -0.000281282438664, 0.000205707649002, -0.00033736761543, 0.000490681268275, -0.000242500842432, 0.000182297328138, -0.000492093327921, 0.000376596377464, -0.000828614865895, 0.000804104609415, -0.000421885109972, 0.000266579765594], [-0.000281282438664, 0.00378604535945, -0.000272193778073, 0.00231803790666, -0.00184254092164, 0.00267730816267, -0.00119454402011, 0.0029243149329, -0.00211486802436, 0.00474375439808, -0.00445287162438, 0.00348968151957, -0.00160872493871], [0.000205707649002, -0.000272193778073, 0.00266079418361, -0.0012335954234, 0.00106559053529, -0.000493313069455, -0.00115786399692, 0.000931500748266, 0.000314681412419, -0.000135071066325, 0.000453757151263, -0.0012564327335, 0.00183897628449], [-0.00033736761543, 0.00231803790666, -0.0012335954234, 0.00469243712723, -0.00202806992456, 0.00071601185482, 0.000267101655481, 0.00111787253991, -0.00222749682143, 0.00283639645204, -0.0030905297026, 0.00237020361237, -0.00128776859492], [0.000490681268275, -0.00184254092164, 0.00106559053529, -0.00202806992456, 0.00612051412463, -0.00127856596373, -0.00127948680893, -0.000775920634624, -0.00114415597636, -0.00334281963296, 0.00171285623219, -0.00172424467746, 0.000375385163352], [-0.000242500842432, 0.00267730816267, -0.000493313069455, 0.00071601185482, -0.00127856596373, 0.0078197484836, -0.00204906216823, 0.00180348486174, -4.65327684651e-05, 0.00197446695529, -0.00193203636445, 0.00281562330201, -0.00141781556886], [0.000182297328138, -0.00119454402011, -0.00115786399692, 0.000267101655481, -0.00127948680893, -0.00204906216823, 0.0101987477392, -0.00554039515555, 0.000470417347969, -0.00212591770105, -0.00102574145421, 0.0024315030314, -0.00163447449449], [-0.000492093327921, 0.0029243149329, 0.000931500748266, 0.00111787253991, -0.000775920634624, 0.00180348486174, -0.00554039515555, 0.0148203950375, -0.00501339836046, 0.00258790422231, -0.00220632483251, -0.0022809416987, 0.00120380078442], [0.000376596377464, -0.00211486802436, 0.000314681412419, -0.00222749682143, -0.00114415597636, -4.65327684651e-05, 0.000470417347969, -0.00501339836046, 0.0129568288103, -0.00616584531963, 0.00149189832155, 0.0010335064726, -0.000332559313392], [-0.000828614865895, 0.00474375439808, -0.000135071066325, 0.00283639645204, -0.00334281963296, 0.00197446695529, -0.00212591770105, 0.00258790422231, -0.00616584531963, 0.0184959527105, -0.00713431788608, -0.000231104990235, 0.00200479151681], [0.000804104609415, -0.00445287162438, 0.000453757151263, -0.0030905297026, 0.00171285623219, -0.00193203636445, -0.00102574145421, -0.00220632483251, 0.00149189832155, -0.00713431788608, 0.0189028512686, -0.00755068287253, -0.000884335604496], [-0.000421885109972, 0.00348968151957, -0.0012564327335, 0.00237020361237, -0.00172424467746, 0.00281562330201, 0.0024315030314, -0.0022809416987, 0.0010335064726, -0.000231104990235, -0.00755068287253, 0.0173030551523, -0.0039776340127], [0.000266579765594, -0.00160872493871, 0.00183897628449, -0.00128776859492, 0.000375385163352, -0.00141781556886, -0.00163447449449, 0.00120380078442, -0.000332559313392, 0.00200479151681, -0.000884335604496, -0.0039776340127, 0.0164608526975]]
    },
    "melbands": {
        "mean": [0.00437935534865, 0.00351922633126, 0.00131911213975, 0.000571678800043, 0.000304268003674, 0.000339520687703, 0.000245399569394, 0.000218505330849, 0.000154054941959, 0.00017866284179, 0.000137748880661, 7.11548418622e-05, 7.87907702033e-05, 4.81382558064e-05, 2.91437281703e-05, 2.60133456322e-05, 3.168229523e-05, 2.23805818678e-05, 1.20630520541e-05, 1.58119892149e-05, 7.19537365512e-06, 8.55642156239e-06, 5.7699971876e-06, 4.38632878286e-06, 4.78876290799e-06, 4.2292958824e-06, 3.48782532456e-06, 4.5797137318e-06, 3.8564917304e-06, 4.04598904424e-06, 4.49074377684e-06, 5.91286652707e-06, 3.96583845941e-06, 3.8462694647e-06, 3.47249670085e-06, 3.38900758834e-06, 2.80604263025e-06, 2.47142884291e-06, 1.90691059743e-06, 1.15088198527e-06],
        "stdev": [0.00718390382826, 0.00644667213783, 0.00317640905268, 0.0013330981601, 0.000519205175806, 0.000680152617861, 0.000560458109248, 0.000523776223417, 0.000365106388927, 0.000383360107662, 0.000307126669213, 0.000153752727783, 0.000208136960282, 8.71194861247e-05, 4.92454346386e-05, 5.4290456319e-05, 9.8053329566e-05, 6.29400383332e-05, 2.93541452265e-05, 3.74833143724e-05, 1.57212507474e-05, 2.16980770347e-05, 9.97306142381e-06, 7.56640110922e-06, 8.16438841866e-06, 9.19692683965e-06, 5.72793032916e-06, 8.38682262838e-06, 6.74857301419e-06, 7.24366873328e-06, 8.3044733401e-06, 1.11137633212e-05, 7.72617022449e-06, 7.37102891435e-06, 6.16715715296e-06, 5.76188631385e-06, 5.09514211444e-06, 4.59438660982e-06, 3.4797274111e-06, 2.21361256081e-06]
    },
    "melbands128": {
        "mean": [0.000549564429093, 0.0035950653255, 0.00634646508843, 0.00529451109469, 0.00307777454145, 0.0022093730513, 0.00156767119188, 0.00109591626097, 0.000749297381844, 0.000600419589318, 0.000410624517826, 0.000358896126272, 0.000251776247751, 0.000217784341658, 0.000408690772019, 0.00030820115353, 0.000388436979847, 0.000218578847125, 0.000122482117149, 0.000199462767341, 0.000329845730448, 0.000156065172632, 0.000139266718179, 0.000152259875904, 0.000170970699401, 0.00023630738724, 7.25586069166e-05, 0.00015027851623, 0.000178692804184, 6.31205184618e-05, 4.59481343569e-05, 5.07887780259e-05, 6.63177270326e-05, 0.000134895977681, 5.21069232491e-05, 2.55853974522e-05, 2.77981198451e-05, 4.14855458075e-05, 1.72568888956e-05, 2.74460071523e-05, 3.9267262764e-05, 5.68671157453e-06, 3.3320102375e-05, 3.90080313082e-05, 3.83999686164e-05, 1.63867698575e-05, 9.7544188975e-06, 1.75851509994e-05, 1.03495613075e-05, 4.10026086684e-06, 2.59267562797e-05, 1.60347317433e-05, 6.37422817817e-06, 3.83149972549e-06, 6.24911899649e-06, 1.28946740006e-05, 5.87689100939e-06, 4.42651071353e-06, 6.66732648824e-06, 7.34436343919e-06, 2.72351439889e-06, 1.84693828942e-06, 8.44744135975e-06, 2.79050868812e-06, 4.93762308906e-06, 5.09457277076e-06, 2.92903473564e-06, 3.50514392267e-06, 3.62387777386e-06, 3.63378717338e-06, 4.04158890888e-06, 6.25875190963e-06, 3.53441964762e-06, 3.81291420126e-06, 3.24847314914e-06, 3.48067783307e-06, 5.20667072124e-06, 4.06832396038e-06, 3.4663421502e-06, 5.92810374656e-06, 6.89462785886e-06, 5.61722072234e-06, 4.07050356444e-06, 3.59524278792e-06, 4.48679202236e-06, 3.16700038638e-06, 4.30775025961e-06, 3.67082566299e-06, 3.35326353706e-06, 3.48759158442e-06, 3.1933820992e-06, 3.42659996022e-06, 3.38095082952e-06, 2.66524557446e-06, 2.7791318189e-06, 2.15868976738e-06, 2.19962907977e-06, 3.39316920872e-06, 1.7401777086e-06, 1.38512052672e-06, 1.2721151279e-06, 1.06149548174e-06, 1.11340489184e-06, 7.3365345088e-07, 7.26227710857e-07, 7.22848312762e-07, 6.42274187612e-07, 5.08551750045e-07, 4.12781361092e-07, 2.98897731454e-07, 2.99139799154e-07, 2.38028135868e-07, 1.93772279999e-07, 1.22378082779e-07, 9.44543003811e-08, 6.73789273264e-08, 3.28166471775e-08, 3.02487146442e-09, 4.92885636819e-12, 4.72342390895e-12, 4.60283417283e-12, 4.50032936264e-12, 4.39803922447e-12, 4.31844750931e-12, 4.25421373476e-12, 4.21023762728e-12, 4.17706841338e-12, 4.14563479031e-12],
        "stdev": [0.000679624848999, 0.00569555116817, 0.0121070602909, 0.0106330681592, 0.00737398443744, 0.00554177258164, 0.00438125338405, 0.00314909615554, 0.0020278391894, 0.00158126372844, 0.00114590500016, 0.000734591856599, 0.000461527873995, 0.000455283996416, 0.000998800853267, 0.00073379452806, 0.00104412040673, 0.000551971956156, 0.00040457904106, 0.000521191512235, 0.000901474501006, 0.000420415046392, 0.000436137866927, 0.000560845888685, 0.000402794103138, 0.000595182122197, 0.000219670720981, 0.000449911458418, 0.000470443308586, 0.000135391019285, 0.000159925737535, 0.000174465501914, 0.000209824211197, 0.000343397288816, 0.000122938203276, 5.79160259804e-05, 6.40332873445e-05, 9.10391972866e-05, 5.40831752005e-05, 6.36884797132e-05, 9.32165494305e-05, 1.09290558612e-05, 0.000128179133753, 0.00013592634059, 0.000180543720489, 4.92062717967e-05, 2.70590553555e-05, 5.56531595066e-05, 3.60958620149e-05, 1.23191666717e-05, 7.50394683564e-05, 3.94408270949e-05, 2.00292324735e-05, 1.96013425011e-05, 2.72568831861e-05, 4.00710050599e-05, 1.56137666636e-05, 1.43201823448e-05, 1.40976890179e-05, 1.52164220708e-05, 8.87882470124e-06, 3.97919347961e-06, 1.86650759133e-05, 4.57431178802e-06, 1.19618407552e-05, 1.47145592564e-05, 7.42706561141e-06, 6.46142325422e-06, 6.40563439447e-06, 8.60150248627e-06, 1.02162539406e-05, 1.27395296659e-05, 6.32095998299e-06, 8.62997694639e-06, 7.13191730028e-06, 6.79795675751e-06, 1.09063676064e-05, 8.84102519194e-06, 7.10053200237e-06, 1.19865417219e-05, 1.43186352943e-05, 1.09911961772e-05, 8.61192893353e-06, 7.80405571277e-06, 9.47326680034e-06, 7.47885087549e-06, 9.27058681555e-06, 6.48275727144e-06, 6.48243849355e-06, 6.9296042966e-06, 5.34621403858e-06, 6.02269119554e-06, 6.70564486427e-06, 4.95750919072e-06, 5.36252036909e-06, 4.19890830017e-06, 4.3592513066e-06, 6.98504936736e-06, 3.33525304086e-06, 2.7198054795e-06, 2.4436349122e-06, 2.35726565734e-06, 2.30240470955e-06, 1.44028808791e-06, 1.43465842939e-06, 1.67548103036e-06, 1.38376481118e-06, 1.0883129562e-06, 8.04815726951e-07, 6.25569555268e-07, 6.20242019522e-07, 5.32063950232e-07, 4.62108687316e-07, 2.77679788496e-07, 2.19309669092e-07, 1.47304206166e-07, 8.21534982265e-08, 1.05197637268e-08, 9.24830611398e-12, 8.92428145272e-12, 8.69551566168e-12, 8.49518632523e-12, 8.31870856921e-12, 8.17233607175e-12, 8.04611498956e-12, 7.95025417027e-12, 7.8810881432e-12, 7.83460362558e-12]
    },
    "mfcc": {
        "mean": [-678.172851562, 129.070755005, 26.292257309, 17.8087882996, 5.68909025192, 14.2086858749, 6.25603151321, 9.0126581192, 4.17536687851, 6.34899091721, 2.3141541481, 3.51896166801, 0.0236238967627],
        "cov": [[10378.4921875, -2817.51757812, 238.312530518, -195.228439331, -449.53515625, -146.386749268, -310.24041748, -144.911651611, 106.88444519, -3.40779948235, 12.6589050293, 111.765655518, 52.3323554993], [-2817.51757812, 1982.32543945, -271.339813232, -58.3165473938, 56.893409729, -101.409294128, 65.8611373901, -15.2700138092, -63.448425293, -37.3795700073, -78.3423538208, -81.5665283203, -43.1367683411], [238.312530518, -271.339813232, 585.753051758, 12.1903648376, -62.2666816711, 53.3678321838, 4.83502721786, 13.9810333252, -45.305896759, -34.5547599792, -36.7486114502, -17.8119678497, -10.3728485107], [-195.228439331, -58.3165473938, 12.1903648376, 317.977508545, 116.204711914, 37.7755126953, 9.00577449799, 38.5761375427, 34.2754592896, 42.4891242981, 63.2021942139, 42.7703208923, 36.9330978394], [-449.53515625, 56.893409729, -62.2666816711, 116.204711914, 190.999893188, 70.9099349976, 9.27267551422, 20.8281173706, 18.6839199066, 30.2942466736, 36.567855835, 17.4988212585, 9.28575897217], [-146.386749268, -101.409294128, 53.3678321838, 37.7755126953, 70.9099349976, 162.12348938, 43.6327209473, 10.1652860641, 21.3342266083, 35.4735679626, 29.0699653625, -2.5303030014, -6.25327634811], [-310.24041748, 65.8611373901, 4.83502721786, 9.00577449799, 9.27267551422, 43.6327209473, 136.62612915, 42.5394287109, 9.15220165253, 26.9007091522, 8.82513046265, 5.52246236801, -3.14531731606], [-144.911651611, -15.2700138092, 13.9810333252, 38.5761375427, 20.8281173706, 10.1652860641, 42.5394287109, 101.916191101, 30.8178710938, 24.837884903, 25.5500068665, 3.62444782257, 6.21624422073], [106.88444519, -63.448425293, -45.305896759, 34.2754592896, 18.6839199066, 21.3342266083, 9.15220165253, 30.8178710938, 99.303314209, 59.0588417053, 32.0943374634, 18.8017787933, 6.96516561508], [-3.40779948235, -37.3795700073, -34.5547599792, 42.4891242981, 30.2942466736, 35.4735679626, 26.9007091522, 24.837884903, 59.0588417053, 118.348007202, 69.5735321045, 11.9436779022, 1.52179121971], [12.6589050293, -78.3423538208, -36.7486114502, 63.2021942139, 36.567855835, 29.0699653625, 8.82513046265, 25.5500068665, 32.0943374634, 69.5735321045, 119.765357971, 46.1576919556, 12.977180481], [111.765655518, -81.5665283203, -17.8119678497, 42.7703208923, 17.4988212585, -2.5303030014, 5.52246236801, 3.62444782257, 18.8017787933, 11.9436779022, 46.1576919556, 99.2507400513, 54.8800163269], [52.3323554993, -43.1367683411, -10.3728485107, 36.9330978394, 9.28575897217, -6.25327634811, -3.14531731606, 6.21624422073, 6.96516561508, 1.52179121971, 12.977180481, 54.8800163269, 101.773651123]],
        "icov": [[0.00019704287115, 0.000273908080999, 4.75450433441e-05, 2.64763439191e-05, 0.000315775396302, 0.000141608208651, 0.000214258907363, 0.000181024850463, -0.000156637164764, -8.30637800391e-05, 9.70421169768e-05, -9.61152036325e-05, 3.68849359802e-05], [0.000273908080999, 0.00102445029188, 0.000309824798023, 0.000106402098027, -3.88512817153e-05, 0.000795487023424, -0.00028033045237, 0.000409304135246, 0.000109692962724, -0.00016404678172, 0.000345669861417, 0.000381391640985, 5.0301248848e-05], [4.75450433441e-05, 0.000309824798023, 0.00232557673007, -0.000606920570135, 0.00145807408262, -0.00144691718742, 0.000510591140483, -0.00105823611375, 0.00157626904547, -0.000290135329124, 0.00120203150436, -0.000453296175692, 0.000410247710533], [2.64763439191e-05, 0.000106402098027, -0.000606920570135, 0.00473340274766, -0.00288170832209, 0.00082065933384, -0.000105610997707, -0.000419973948738, -0.00084016850451, 9.8557320598e-05, -0.00152620335575, -5.90049858147e-05, -0.0011299130274], [0.000315775396302, -3.88512817153e-05, 0.00145807408262, -0.00288170832209, 0.00993158388883, -0.00453152181581, 0.00225624116138, -0.00154908176046, 0.00118493696209, -0.000896654790267, 0.000959308992606, -0.00181609322317, 0.00078458286589], [0.000141608208651, 0.000795487023424, -0.00144691718742, 0.00082065933384, -0.00453152181581, 0.0106768682599, -0.00390491611324, 0.00292031187564, -0.00235319742933, 5.88128568779e-05, -0.00237550283782, 0.00288416119292, -0.000502686249092], [0.000214258907363, -0.00028033045237, 0.000510591140483, -0.000105610997707, 0.00225624116138, -0.00390491611324, 0.0111168483272, -0.00512530701235, 0.00247680372559, -0.0034803757444, 0.00311934528872, -0.00358968018554, 0.00149267318193], [0.000181024850463, 0.000409304135246, -0.00105823611375, -0.000419973948738, -0.00154908176046, 0.00292031187564, -0.00512530701235, 0.0146355647594, -0.00530202360824, 0.00220937444828, -0.00397113198414, 0.00381896877661, -0.00182974792551], [-0.000156637164764, 0.000109692962724, 0.00157626904547, -0.00084016850451, 0.00118493696209, -0.00235319742933, 0.00247680372559, -0.00530202360824, 0.0178752280772, -0.00928576570004, 0.00430933944881, -0.00438902294263, 0.0014730123803], [-8.30637800391e-05, -0.00016404678172, -0.000290135329124, 9.8557320598e-05, -0.000896654790267, 5.88128568779e-05, -0.0034803757444, 0.00220937444828, -0.00928576570004, 0.0192975159734, -0.0108473394066, 0.00541357556358, -0.00143834087066], [9.70421169768e-05, 0.000345669861417, 0.00120203150436, -0.00152620335575, 0.000959308992606, -0.00237550283782, 0.00311934528872, -0.00397113198414, 0.00430933944881, -0.0108473394066, 0.0190720595419, -0.00948709435761, 0.00342962308787], [-9.61152036325e-05, 0.000381391640985, -0.000453296175692, -5.90049858147e-05, -0.00181609322317, 0.00288416119292, -0.00358968018554, 0.00381896877661, -0.00438902294263, 0.00541357556358, -0.00948709435761, 0.0207952260971, -0.00959940534085], [3.68849359802e-05, 5.0301248848e-05, 0.000410247710533, -0.0011299130274, 0.00078458286589, -0.000502686249092, 0.00149267318193, -0.00182974792551, 0.0014730123803, -0.00143834087066, 0.00342962308787, -0.00959940534085, 0.0149950813502]]
    },
    "spectral_contrast_coeffs": {
        "mean": [-0.746877849102, -0.769603550434, -0.760118365288, -0.786412298679, -0.79081004858, -0.785731375217],
        "stdev": [0.0649658888578, 0.0752929374576, 0.0770972147584, 0.0612043589354, 0.049648873508, 0.0373313389719]
    },
    "spectral_contrast_valleys": {
        "mean": [-6.54317331314, -6.91151618958, -7.70276069641, -8.31261920929, -8.45955371857, -10.4326839447],
        "stdev": [1.255895257, 1.38189339638, 1.32130110264, 1.30827152729, 1.45637881756, 1.72072887421]
    }
},
"rhythm": {
    "beats_count": 961,
    "beats_loudness": {
        "mean": 0.0777095854282,
        "stdev": 0.0505698658526
    },
    "bpm": 136.916473389,
    "bpm_histogram_first_peak_bpm": 136,
    "bpm_histogram_first_peak_weight": 0.301218152046,
    "bpm_histogram_second_peak_bpm": 123,
    "bpm_histogram_second_peak_spread": 0.5,
    "bpm_histogram_second_peak_weight": 0.00833333376795,
    "danceability": 1.48907029629,
    "onset_rate": 4.20326042175,
    "beats_loudness_band_ratio": {
        "mean": [0.731429457664, 0.103984922171, 0.0842173323035, 0.0642718523741, 0.0206972509623, 0.0201504286379],
        "stdev": [0.259576797485, 0.125697165728, 0.122225426137, 0.113667726517, 0.0389032661915, 0.0245845038444]
    },
