{
"metadata": {
    "version": {
        "essentia": "2.1-dev",
        "essentia_git_sha": "v2.1_beta3-415-gd5473f3",
        "extractor": "music 2.0"
    },
    "audio_properties": {
        "analysis": {
            "equal_loudness": 0,
            "length": 226.03755188,
            "sample_rate": 44100,
            "start_time": 0,
            "downmix": "mix"
        },
        "bit_rate": 192000,
        "length": 226.03755188,
        "lossless": 0,
        "number_channels": 2,
        "replay_gain": -9.26792526245,
        "sample_rate": 44100,
        "codec": "mp3",
        "md5_encoded": "44ad05de5b510e9a1a6e73f373e8301b"
    },
    "tags": {
        "file_name": "roisin_murphy-never_enough.mp3",
        "album": ["Ibiza MIX 2001 2-3"],
        "artist": ["Various Artists"],
        "genre": ["Other"],
        "title": ["never enough-boris dlugosch feat. roisin murphy"]
    }
},
"lowlevel": {
    "average_loudness": 0.944031953812,
    "barkbands_crest": {
        "mean": 14.5592336655,
        "stdev": 6.48446130753
    },
    "barkbands_flatness_db": {
        "mean": 0.163183778524,
        "stdev": 0.0925195738673
    },
    "barkbands_kurtosis": {
        "mean": 14.3043327332,
        "stdev": 46.7038917542
    },
    "barkbands_skewness": {
        "mean": 1.92762041092,
        "stdev": 2.99956083298
    },
    "barkbands_spread": {
        "mean": 28.4995918274,
        "stdev": 21.0447731018
    },
    "dissonance": {
        "mean": 0.476396888494,
        "stdev": 0.0260936319828
    },
    "dynamic_complexity": 3.55486178398,
    "erbbands_crest": {
        "mean": 9.1891336441,
        "stdev": 5.51881742477
    },
    "erbbands_flatness_db": {
        "mean": 0.161436960101,
        "stdev": 0.0829156115651
    },
    "erbbands_kurtosis": {
        "mean": 1.26001358032,
        "stdev": 3.87760066986
    },
    "erbbands_skewness": {
        "mean": -0.179965764284,
        "stdev": 0.791864335537
    },
    "erbbands_spread": {
        "mean": 38.0741958618,
        "stdev": 22.2582874298
    },
    "hfc": {
        "mean": 28.3187599182,
        "stdev": 22.6105384827
    },
    "loudness_ebu128": {
        "integrated": -12.4938907623,
        "loudness_range": 3.68328952789,
        "momentary": {
            "mean": -16.6955509186,
            "stdev": 27.3222236633
        },
        "short_term": {
            "mean": -13.9484014511,
            "stdev": 6.45809936523
        }
    },
    "melbands_crest": {
        "mean": 20.9243297577,
        "stdev": 8.01862049103
    },
    "melbands_flatness_db": {
        "mean": 0.219158813357,
        "stdev": 0.114075794816
    },
    "melbands_kurtosis": {
        "mean": 37.9979820251,
        "stdev": 86.707069397
    },
    "melbands_skewness": {
        "mean": 3.64999294281,
        "stdev": 3.73901128769
    },
    "melbands_spread": {
        "mean": 31.2576675415,
        "stdev": 30.0176620483
    },
    "pitch_salience": {
        "mean": 0.421972960234,
        "stdev": 0.193505853415
    },
    "silence_rate_20dB": {
        "mean": 1,
        "stdev": 0
    },
    "silence_rate_30dB": {
        "mean": 0.893179953098,
        "stdev": 0.308889448643
    },
    "silence_rate_60dB": {
        "mean": 0.0826828256249,
        "stdev": 0.275402128696
    },
    "spectral_centroid": {
        "mean": 1951.7355957,
        "stdev": 1265.13195801
    },
    "spectral_complexity": {
        "mean": 21.7615032196,
        "stdev": 13.8325777054
    },
    "spectral_decrease": {
        "mean": -1.17606164807e-08,
        "stdev": 1.08500310958e-08
    },
    "spectral_energy": {
        "mean": 0.0469557754695,
        "stdev": 0.0413814522326
    },
    "spectral_energyband_high": {
        "mean": 0.00160572759341,
        "stdev": 0.00178364745807
    },
    "spectral_energyband_low": {
        "mean": 0.0332021825016,
        "stdev": 0.0407054461539
    },
    "spectral_energyband_middle_high": {
        "mean": 0.00718866521493,
        "stdev": 0.00758678186685
    },
    "spectral_energyband_middle_low": {
        "mean": 0.00567348860204,
        "stdev": 0.00811884738505
    },
    "spectral_entropy": {
        "mean": 7.8163895607,
        "stdev": 0.640168488026
    },
    "spectral_flux": {
        "mean": 0.109018407762,
        "stdev": 0.0710402131081
    },
    "spectral_kurtosis": {
        "mean": 6.58677101135,
        "stdev": 13.750790596
    },
    "spectral_rms": {
        "mean": 0.00604448327795,
        "stdev": 0.0030455046799
    },
    "spectral_rolloff": {
        "mean": 2068.29223633,
        "stdev": 2628.42163086
    },
    "spectral_skewness": {
        "mean": 1.5751696825,
        "stdev": 1.00531160831
    },
    "spectral_spread": {
        "mean": 5237968,
        "stdev": 4097565.75
    },
    "spectral_strongpeak": {
        "mean": 0.733447313309,
        "stdev": 1.0839676857
    },
    "zerocrossingrate": {
        "mean": 0.0728555619717,
        "stdev": 0.0664902403951
    },
    "barkbands": {
        "mean": [0.000878095743246, 0.0276540666819, 0.00420008134097, 0.000880907173268, 0.0013820285676, 0.0011225133203, 0.00070838094689, 0.000428182713222, 0.000664737191983, 0.00101849320345, 0.000593288103119, 0.000592808879446, 0.000585891189985, 0.00142547907308, 0.000886275607627, 0.000585545320064, 0.000654634088278, 0.000484316376969, 0.000457819638541, 0.000312832242344, 0.000354025774868, 0.000268643343588, 0.000281124463072, 0.000319709826726, 0.000181918760063, 3.30062503053e-05, 1.05490244096e-06],
        "stdev": [0.00132703990676, 0.0341892763972, 0.0118598472327, 0.00324380840175, 0.00395125150681, 0.00197867210954, 0.00150258827489, 0.00120726262685, 0.00138572358992, 0.00216213753447, 0.00166600418743, 0.00120190682355, 0.000996069284156, 0.00264545553364, 0.00161182472948, 0.00119401095435, 0.00136434205342, 0.000778268266004, 0.000618336664047, 0.000384440470953, 0.000415295857238, 0.000348805479007, 0.000323321582982, 0.0004416644515, 0.000240496345214, 4.19023963332e-05, 1.61036030022e-06]
    },
    "erbbands": {
        "mean": [0.939323246479, 5.53130960464, 6.37044763565, 3.48830652237, 3.60382127762, 4.85727787018, 6.10985946655, 9.68450164795, 11.1103019714, 10.4372854233, 8.90565776825, 16.7158756256, 30.0874710083, 23.7520179749, 26.2613983154, 28.5425682068, 29.6196460724, 69.0908737183, 46.5340232849, 49.0896148682, 35.9998283386, 31.821182251, 26.8613567352, 25.8815231323, 19.4423446655, 14.5239315033, 14.6418209076, 13.7767486572, 9.23009395599, 9.3697719574, 7.83929252625, 7.37126541138, 4.76090621948, 2.64815473557, 0.905338644981, 0.210023358464, 0.048322442919, 0.00837145932019, 0.000206621552934, 6.42690501991e-05],
        "stdev": [1.03761422634, 8.23246002197, 16.343164444, 9.81986045837, 13.7615528107, 12.4368572235, 12.9163284302, 18.333530426, 22.5686454773, 26.6779212952, 23.6322364807, 36.3407821655, 68.2105789185, 51.8002471924, 71.9393768311, 55.8776016235, 45.1934051514, 127.403244019, 76.4991378784, 92.8375701904, 75.5610733032, 60.242931366, 42.1730766296, 36.0023231506, 24.9289302826, 17.8302001953, 18.052564621, 16.6715984344, 12.1916980743, 11.8798313141, 8.8877363205, 9.88444042206, 6.84990549088, 3.64264845848, 1.12621927261, 0.253458291292, 0.0644505023956, 0.0117378411815, 0.000245628412813, 4.74865773867e-05]
    },
    "gfcc": {
        "mean": [-20.344871521, 69.2308349609, -123.799118042, 37.7580947876, -42.7720451355, 35.9029350281, -29.9724502563, 18.2297058105, -11.5342226028, 14.1272277832, -2.93527913094, 6.24118947983, -1.29531419277],
        "cov": [[31932.5976562, -1565.04956055, 566.674316406, 3524.11010742, -1649.9753418, 1511.90490723, -345.11151123, 945.471069336, -706.019348145, 392.16986084, -432.990905762, 616.062011719, -177.355926514], [-1565.04956055, 2325.97314453, -144.962417603, -569.912109375, 560.882568359, -382.15435791, 219.208648682, -227.562576294, 161.70413208, -256.181060791, 75.1753311157, -152.415664673, 152.191375732], [566.674316406, -144.962417603, 1658.12854004, 811.395996094, -77.0301208496, 324.515472412, 238.185211182, 78.4313430786, -53.4459457397, -48.8304519653, -54.2970581055, 70.6569442749, -4.79851722717], [3524.11010742, -569.912109375, 811.395996094, 1019.21112061, -159.31968689, 332.357452393, 101.179824829, 170.355407715, -97.7672195435, 40.4443969727, -74.7926101685, 117.867088318, -16.6993923187], [-1649.9753418, 560.882568359, -77.0301208496, -159.31968689, 484.32208252, -76.7336425781, 117.266342163, -73.9229888916, 83.5556335449, -82.4820480347, 29.1977882385, -79.9764938354, 18.316701889], [1511.90490723, -382.15435791, 324.515472412, 332.357452393, -76.7336425781, 417.471282959, 79.1385269165, 96.6093215942, -28.7793598175, 53.6087722778, -12.8150701523, 33.2727737427, -40.2362174988], [-345.11151123, 219.208648682, 238.185211182, 101.179824829, 117.266342163, 79.1385269165, 238.450286865, 27.1008529663, 48.825958252, -28.2308616638, 30.5065040588, 1.18490350246, 33.4383621216], [945.471069336, -227.562576294, 78.4313430786, 170.355407715, -73.9229888916, 96.6093215942, 27.1008529663, 164.649475098, 24.7200222015, 48.0120887756, 4.77373409271, 53.187587738, 7.1665596962], [-706.019348145, 161.70413208, -53.4459457397, -97.7672195435, 83.5556335449, -28.7793598175, 48.825958252, 24.7200222015, 129.523391724, 27.4364566803, 48.7968139648, -9.15276050568, 30.5737323761], [392.16986084, -256.181060791, -48.8304519653, 40.4443969727, -82.4820480347, 53.6087722778, -28.2308616638, 48.0120887756, 27.4364566803, 115.003196716, 42.2927284241, 35.1013259888, -5.52073192596], [-432.990905762, 75.1753311157, -54.2970581055, -74.7926101685, 29.1977882385, -12.8150701523, 30.5065040588, 4.77373409271, 48.7968139648, 42.2927284241, 111.564949036, 29.0215625763, 34.3048477173], [616.062011719, -152.415664673, 70.6569442749, 117.867088318, -79.9764938354, 33.2727737427, 1.18490350246, 53.187587738, -9.15276050568, 35.1013259888, 29.0215625763, 104.438476562, 41.2107391357], [-177.355926514, 152.191375732, -4.79851722717, -16.6993923187, 18.316701889, -40.2362174988, 33.4383621216, 7.1665596962, 30.5737323761, -5.52073192596, 34.3048477173, 41.2107391357, 99.7054672241]],
        "icov": [[0.000206378943403, -0.000541300396435, 0.000455215369584, -0.000885182118509, 0.000501559581608, -0.000510675774422, 0.000366139109246, -0.000534856400918, 0.000633770250715, -0.000614999735262, 0.0004692482471, -0.000580369145609, 0.000534469436388], [-0.000541300396435, 0.00248947972432, -0.00125076796394, 0.00246525066905, -0.00167043774854, 0.00170016486663, -0.00137699360494, 0.00187432323582, -0.00233415304683, 0.00329430191778, -0.00186674238648, 0.00232857372612, -0.00251209852286], [0.000455215369584, -0.00125076796394, 0.00224877311848, -0.00292267161421, 0.0015117416624, -0.00143083976582, 5.62354216527e-05, -0.000491895538289, 0.000805385992862, -0.000361158483429, 0.000896260200534, -0.00154340604786, 0.00156159512699], [-0.000885182118509, 0.00246525066905, -0.00292267161421, 0.00650342181325, -0.00260591274127, 0.00165126111824, -0.00196320633404, 0.000861919135787, -0.00107527070213, 0.00144856225234, -0.000354277552105, 0.00104050338268, -0.00254565919749], [0.000501559581608, -0.00167043774854, 0.0015117416624, -0.00260591274127, 0.00498077878729, -0.00133412261494, -0.00021972959803, -0.000300935498672, -0.000530913763214, 0.000607136869803, 0.00011950397311, -0.000127945662825, 0.00192835298367], [-0.000510675774422, 0.00170016486663, -0.00143083976582, 0.00165126111824, -0.00133412261494, 0.0054537798278, -0.00242153811269, 0.00029022822855, -0.000633608840872, 0.000106985600723, -0.00131748744752, 0.00210108910687, -0.000273535057204], [0.000366139109246, -0.00137699360494, 5.62354216527e-05, -0.00196320633404, -0.00021972959803, -0.00242153811269, 0.00836707372218, -0.00212308741175, -0.000529513985384, 0.000978679978289, -0.00130984000862, -0.000260316039203, -0.000388463231502], [-0.000534856400918, 0.00187432323582, -0.000491895538289, 0.000861919135787, -0.000300935498672, 0.00029022822855, -0.00212308741175, 0.0123844929039, -0.00649414304644, 0.00153891334776, 0.000234412276768, -0.00219329446554, -0.000794966646936], [0.000633770250715, -0.00233415304683, 0.000805385992862, -0.00107527070213, -0.000530913763214, -0.000633608840872, -0.000529513985384, -0.00649414304644, 0.0177234467119, -0.0089706806466, -0.00014949850447, 0.00188255973626, -0.00162301352248], [-0.000614999735262, 0.00329430191778, -0.000361158483429, 0.00144856225234, 0.000607136869803, 0.000106985600723, 0.000978679978289, 0.00153891334776, -0.0089706806466, 0.0228987727314, -0.00938265863806, 0.000565670139622, 0.000608721398748], [0.0004692482471, -0.00186674238648, 0.000896260200534, -0.000354277552105, 0.00011950397311, -0.00131748744752, -0.00130984000862, 0.000234412276768, -0.00014949850447, -0.00938265863806, 0.0179221760482, -0.0070586623624, -0.000185780809261], [-0.000580369145609, 0.00232857372612, -0.00154340604786, 0.00104050338268, -0.000127945662825, 0.00210108910687, -0.000260316039203, -0.00219329446554, 0.00188255973626, 0.000565670139622, -0.0070586623624, 0.0228731185198, -0.0109417317435], [0.000534469436388, -0.00251209852286, 0.00156159512699, -0.00254565919749, 0.00192835298367, -0.000273535057204, -0.000388463231502, -0.000794966646936, -0.00162301352248, 0.000608721398748, -0.000185780809261, -0.0109417317435, 0.0193041097373]]
    },
    "melbands": {
        "mean": [0.00801756139845, 0.00479224603623, 0.000630908005405, 0.000303167063976, 0.000220606292714, 0.000221541384235, 0.000164484983543, 0.000108749605715, 7.35468347557e-05, 0.000106780571514, 0.000149271872942, 9.44674029597e-05, 8.77332422533e-05, 7.01264216332e-05, 6.88029977027e-05, 5.63759858778e-05, 0.000146062142448, 7.86621167208e-05, 6.25510438113e-05, 5.18965498486e-05, 4.43743556389e-05, 3.50459340552e-05, 2.93077700917e-05, 2.0847615815e-05, 2.11803071579e-05, 1.61133066285e-05, 1.08503372758e-05, 9.21416904021e-06, 9.70184828475e-06, 8.33300873637e-06, 7.59957856644e-06, 5.14278326591e-06, 5.02305238115e-06, 5.19906006957e-06, 4.43969611297e-06, 4.72363808512e-06, 4.32245997217e-06, 3.34184937856e-06, 3.04449417854e-06, 1.9131357476e-06],
        "stdev": [0.00907441508025, 0.00914970692247, 0.00172171776649, 0.00095218262868, 0.000458279886516, 0.000403104582801, 0.000330936862156, 0.000285383139271, 0.000187555648154, 0.000234297607676, 0.000342818675563, 0.000227040975005, 0.000246401818004, 0.000144418198033, 0.000107632236904, 0.000102287391201, 0.000285168731352, 0.000137559080031, 0.00011352331785, 9.47734079091e-05, 0.000100094708614, 7.70906553953e-05, 5.54290381842e-05, 3.08009221044e-05, 3.11236290145e-05, 2.13781222556e-05, 1.42445633173e-05, 1.19059404824e-05, 1.30911475935e-05, 1.01380537672e-05, 9.40237441682e-06, 7.05497222953e-06, 6.82415520714e-06, 6.54897166896e-06, 5.02429747939e-06, 6.26746350463e-06, 5.91696652918e-06, 4.89462172482e-06, 4.57587748315e-06, 2.55529857895e-06]
    },
    "melbands128": {
        "mean": [0.000852173601743, 0.00740048661828, 0.0115880593657, 0.00833806209266, 0.004175840877, 0.0016959408531, 0.000659852055833, 0.000408404448535, 0.000361226557288, 0.000296840968076, 0.000273009878583, 0.000232768448768, 0.000186806253623, 0.000234455044847, 0.000214222178329, 0.000232063073781, 0.000215274296352, 0.000151501852088, 0.00010271420615, 0.000131926048198, 0.000107384890725, 6.59804063616e-05, 6.60161749693e-05, 6.99300071574e-05, 0.00012630209676, 9.33177216211e-05, 0.000125189937535, 0.000210623373277, 9.66930674622e-05, 0.000127287275973, 7.27301521692e-05, 6.8756256951e-05, 0.00011300490587, 8.75068217283e-05, 4.33731183875e-05, 7.70672850194e-05, 9.91253036773e-05, 4.17726951127e-05, 8.16369938548e-05, 6.65233892505e-05, 3.48103239958e-05, 6.1645230744e-05, 0.000149412371684, 0.000218194065383, 7.66701632529e-05, 6.02478539804e-05, 6.42554659862e-05, 3.95573515561e-05, 7.62450508773e-05, 9.05597698875e-05, 3.78382683266e-05, 2.81798529613e-05, 3.48645444319e-05, 5.60903754376e-05, 5.82533575653e-05, 2.51661585935e-05, 2.18260902329e-05, 3.4640688682e-05, 3.29178401444e-05, 1.92207080545e-05, 2.00897611649e-05, 1.89582788153e-05, 2.53675807471e-05, 2.09174613701e-05, 1.69832856045e-05, 1.7143182049e-05, 1.51344465849e-05, 1.14962713269e-05, 9.24936284719e-06, 1.09850934678e-05, 7.91257025412e-06, 9.07949015527e-06, 1.11666295197e-05, 1.00769802884e-05, 7.73312603997e-06, 7.60184821047e-06, 8.65542006068e-06, 1.01247114799e-05, 6.93983929523e-06, 5.80926143812e-06, 5.70153997614e-06, 4.54371502201e-06, 4.59397460872e-06, 5.07101458425e-06, 5.30740089744e-06, 5.74254727326e-06, 4.86289491164e-06, 4.63678406959e-06, 4.82163432025e-06, 3.9124797695e-06, 3.84965460398e-06, 5.74902423978e-06, 4.88304976898e-06, 4.49932258562e-06, 3.69489021068e-06, 3.53583664037e-06, 3.26225767822e-06, 3.09465281134e-06, 3.21298171002e-06, 2.85138276013e-06, 2.63435231318e-06, 1.58568070674e-06, 1.37991014526e-06, 1.21166465306e-06, 1.10584301183e-06, 7.55994904011e-07, 6.17957653049e-07, 4.29292839499e-07, 2.9660188261e-07, 2.39253608925e-07, 1.86793428725e-07, 1.18319817943e-07, 1.13386619205e-07, 1.82216751909e-07, 1.59116282816e-07, 8.83380835148e-08, 4.17984828971e-08, 4.74529437966e-09, 7.41397828546e-12, 7.01719325008e-12, 6.83738048818e-12, 6.68061526238e-12, 6.53345346574e-12, 6.41925358355e-12, 6.31646601343e-12, 6.24481586234e-12, 6.19194496024e-12, 6.15119804051e-12],
        "stdev": [0.00128773227334, 0.00869901571423, 0.0142846181989, 0.0151415495202, 0.0110643897206, 0.0046331868507, 0.00214859307744, 0.00159177975729, 0.0016010152176, 0.00111088331323, 0.000739523209631, 0.000592892116401, 0.00049086404033, 0.000541535031516, 0.000513710838277, 0.000563455047086, 0.000508258584887, 0.000476087618154, 0.00030462880386, 0.000430539337685, 0.000395471812226, 0.000249744072789, 0.000269857380772, 0.000201308095711, 0.000347611639882, 0.000323874934111, 0.000327207555529, 0.000610074377619, 0.000263532652752, 0.000409437459894, 0.000214445768506, 0.000211495585972, 0.000383856939152, 0.000400163757149, 0.000143171302625, 0.00021092579118, 0.000249984383117, 9.29388697841e-05, 0.000154067383846, 0.000140366755659, 0.000138136165333, 0.000183676704182, 0.000339753139997, 0.000516481872182, 0.000174685934326, 0.000167282574694, 0.000173734020791, 8.35787286633e-05, 0.00021466545877, 0.000203169431188, 0.000101865858596, 9.93826906779e-05, 0.000164733530255, 0.000133325796924, 0.000183098542038, 9.62169287959e-05, 5.8334429923e-05, 8.6484287749e-05, 8.89032598934e-05, 3.71771711798e-05, 3.73716575268e-05, 3.26099070662e-05, 5.23968301422e-05, 3.52499591827e-05, 2.41422676481e-05, 2.60291108134e-05, 2.58368690993e-05, 1.6761074221e-05, 1.44191362779e-05, 1.72460222529e-05, 1.20771301226e-05, 1.48964281834e-05, 1.83772153832e-05, 1.64486918948e-05, 1.10450882858e-05, 1.15071225082e-05, 1.20429249364e-05, 1.43356292028e-05, 9.16481985769e-06, 8.2254246081e-06, 8.62248180056e-06, 7.63867592468e-06, 6.94094751452e-06, 7.82582355896e-06, 7.77797231422e-06, 8.3388058556e-06, 6.58943054077e-06, 6.05460445513e-06, 5.94865969106e-06, 4.52269114248e-06, 5.00439455209e-06, 8.79970048118e-06, 7.55096425564e-06, 6.31742886981e-06, 5.48593243366e-06, 5.44385875401e-06, 5.08248240294e-06, 4.97202472616e-06, 5.13349414177e-06, 4.38052438767e-06, 4.01770421377e-06, 2.0683726234e-06, 1.93647588276e-06, 1.81205780336e-06, 1.41745670135e-06, 9.93696062324e-07, 7.60764692131e-07, 5.37229880138e-07, 3.7615382098e-07, 4.25469153242e-07, 4.60446102579e-07, 1.61368106433e-07, 1.63580267554e-07, 3.00762735606e-07, 2.77118886061e-07, 1.40248232583e-07, 6.26459453201e-08, 9.82026637786e-09, 1.13470370253e-11, 1.09577494647e-11, 1.06818998091e-11, 1.0439593634e-11, 1.02249545636e-11, 1.00475149034e-11, 9.89367268667e-12, 9.77595782103e-12, 9.68973946219e-12, 9.63469061477e-12]
    },
    "mfcc": {
        "mean": [-646.21862793, 91.2412948608, -6.22264480591, 12.7039022446, 16.3065910339, 17.6584911346, 7.95514726639, 8.62877750397, 5.5720038414, 10.7988405228, 6.02565002441, 7.3586730957, 3.25054907799],
        "cov": [[15470.2841797, -1046.80236816, 1093.03552246, 1453.41748047, 216.131530762, 344.057403564, 502.367431641, 498.421020508, 184.36630249, 176.821868896, -40.0979766846, 22.9810504913, 93.8844528198], [-1046.80236816, 2374, -219.611999512, 48.4575386047, 152.53944397, 2.48893141747, 20.6773281097, 90.0219421387, 67.8866119385, -43.4448394775, -71.2047729492, 28.0352725983, -36.5382118225], [1093.03552246, -219.611999512, 1161.71704102, 444.47366333, 51.4640045166, 210.455657959, 210.098251343, 168.675476074, 47.8665275574, 46.4065246582, 0.164338737726, 4.58792543411, 4.52593612671], [1453.41748047, 48.4575386047, 444.47366333, 606.286193848, 125.596984863, 103.543228149, 159.31149292, 156.173141479, 92.9270629883, 6.41147470474, -26.1251296997, 36.8479347229, 15.8076477051], [216.131530762, 152.53944397, 51.4640045166, 125.596984863, 211.594802856, 85.248588562, 55.8417510986, 56.5456085205, 37.3456535339, 15.3732442856, 4.63310480118, 3.99986076355, 7.69253396988], [344.057403564, 2.48893141747, 210.455657959, 103.543228149, 85.248588562, 235.852615356, 136.156509399, 81.0713272095, 35.2543907166, 50.9309425354, 17.1985187531, 1.3040419817, 16.6549167633], [502.367431641, 20.6773281097, 210.098251343, 159.31149292, 55.8417510986, 136.156509399, 192.990966797, 114.617156982, 42.8595581055, 34.3152427673, 9.255859375, 15.2815647125, 18.1182479858], [498.421020508, 90.0219421387, 168.675476074, 156.173141479, 56.5456085205, 81.0713272095, 114.617156982, 152.198348999, 70.5013809204, 26.1716270447, -0.953379511833, 25.0369586945, 17.8338108063], [184.36630249, 67.8866119385, 47.8665275574, 92.9270629883, 37.3456535339, 35.2543907166, 42.8595581055, 70.5013809204, 101.7631073, 34.8416213989, 3.70968079567, 19.7344284058, 10.7309608459], [176.821868896, -43.4448394775, 46.4065246582, 6.41147470474, 15.3732442856, 50.9309425354, 34.3152427673, 26.1716270447, 34.8416213989, 99.1885375977, 39.8625602722, 4.80164146423, 19.1448421478], [-40.0979766846, -71.2047729492, 0.164338737726, -26.1251296997, 4.63310480118, 17.1985187531, 9.255859375, -0.953379511833, 3.70968079567, 39.8625602722, 76.5826034546, 31.1149291992, 18.1066455841], [22.9810504913, 28.0352725983, 4.58792543411, 36.8479347229, 3.99986076355, 1.3040419817, 15.2815647125, 25.0369586945, 19.7344284058, 4.80164146423, 31.1149291992, 86.7619400024, 38.2070999146], [93.8844528198, -36.5382118225, 4.52593612671, 15.8076477051, 7.69253396988, 16.6549167633, 18.1182479858, 17.8338108063, 10.7309608459, 19.1448421478, 18.1066455841, 38.2070999146, 70.0966491699]],
        "icov": [[9.39768870012e-05, 4.77106332255e-05, 4.0529146645e-05, -0.000240000648773, 3.82990874641e-05, -3.75763897864e-06, 1.00353709058e-05, -0.000212767190533, 0.000180275223101, -0.000191230137716, 7.48152233427e-05, 7.68021127442e-05, -3.78220029233e-05], [4.77106332255e-05, 0.000525431649294, 0.000145922735101, -4.27015620517e-05, -0.000349314097548, 2.18044733629e-05, 2.39948603848e-05, -0.000444224191597, -1.70224279827e-06, -8.70485528139e-05, 0.000627859786619, -0.000454733526567, 0.000459871575003], [4.0529146645e-05, 0.000145922735101, 0.00153439422138, -0.00112656678539, 0.000615096651018, -0.000879038241692, -4.84130505356e-05, -0.000946885615122, 0.000937394972425, -0.000405873317504, -0.000121216500702, 0.000273269804893, 0.000421248463681], [-0.000240000648773, -4.27015620517e-05, -0.00112656678539, 0.00401726132259, -0.00157837860752, 0.000902559317183, -0.00139951566234, 7.05899656168e-05, -0.0020502647385, 0.00114454270806, 0.00130994163919, -0.00144777190872, 0.000220562753384], [3.82990874641e-05, -0.000349314097548, 0.000615096651018, -0.00157837860752, 0.00679754000157, -0.00248920777813, 0.000951717258431, -0.000997935072519, -0.000373537943233, 0.000534747319762, -0.00153801194392, 0.00142654974479, -0.000532935373485], [-3.75763897864e-06, 2.18044733629e-05, -0.000879038241692, 0.000902559317183, -0.00248920777813, 0.00887931417674, -0.00528425304219, 0.000579015060794, -0.000174789514858, -0.00197679921985, -2.30206951528e-05, 0.000838027277496, -0.000632562849205], [1.00353709058e-05, 2.39948603848e-05, -4.84130505356e-05, -0.00139951566234, 0.000951717258431, -0.00528425304219, 0.0139769949019, -0.00764224072918, 0.0023255913984, -0.000497127883136, -0.00103299587499, 0.000397303432692, -0.000369462650269], [-0.000212767190533, -0.000444224191597, -0.000946885615122, 7.05899656168e-05, -0.000997935072519, 0.000579015060794, -0.00764224072918, 0.0184245072305, -0.00811834819615, 0.000711164437234, 0.00167683605105, -0.00212551862933, -0.000867620983627], [0.000180275223101, -1.70224279827e-06, 0.000937394972425, -0.0020502647385, -0.000373537943233, -0.000174789514858, 0.0023255913984, -0.00811834819615, 0.0183235872537, -0.00669886451215, 0.00236091995612, -0.00259230751544, 0.00153395731468], [-0.000191230137716, -8.70485528139e-05, -0.000405873317504, 0.00114454270806, 0.000534747319762, -0.00197679921985, -0.000497127883136, 0.000711164437234, -0.00669886451215, 0.0181419588625, -0.00960972253233, 0.00520569365472, -0.0039471606724], [7.48152233427e-05, 0.000627859786619, -0.000121216500702, 0.00130994163919, -0.00153801194392, -2.30206951528e-05, -0.00103299587499, 0.00167683605105, 0.00236091995612, -0.00960972253233, 0.0229063294828, -0.00999255478382, 0.00174696138129], [7.68021127442e-05, -0.000454733526567, 0.000273269804893, -0.00144777190872, 0.00142654974479, 0.000838027277496, 0.000397303432692, -0.00212551862933, -0.00259230751544, 0.00520569365472, -0.00999255478382, 0.0209152437747, -0.00979252811521], [-3.78220029233e-05, 0.000459871575003, 0.000421248463681, 0.000220562753384, -0.000532935373485, -0.000632562849205, -0.000369462650269, -0.000867620983627, 0.00153395731468, -0.0039471606724, 0.00174696138129, -0.00979252811521, 0.0207339730114]]
    },
    "spectral_contrast_coeffs": {
        "mean": [-0.750089228153, -0.766218721867, -0.779934346676, -0.787254095078, -0.792824566364, -0.788801729679],
        "stdev": [0.0831629857421, 0.0832306146622, 0.0691241025925, 0.0574057437479, 0.0481771118939, 0.0405217520893]
    },
    "spectral_contrast_valleys": {
        "mean": [-7.37481784821, -7.47003221512, -7.62263441086, -7.54697465897, -7.74498558044, -10.0316543579],
        "stdev": [2.6294939518, 2.36543512344, 2.33584308624, 2.35497999191, 2.56865286827, 2.58730745316]
    }
},
"rhythm": {
    "beats_count": 498,
    "beats_loudness": {
        "mean": 0.0935318171978,
        "stdev": 0.0548030920327
    },
    "bpm": 131.949905396,
    "bpm_histogram_first_peak_bpm": 133,
    "bpm_histogram_first_peak_weight": 0.346236586571,
    "bpm_histogram_second_peak_bpm": 126,
    "bpm_histogram_second_peak_spread": 0.133333325386,
    "bpm_histogram_second_peak_weight": 0.0261569414288,
    "danceability": 1.34084367752,
    "onset_rate": 4.30863142014,
    "beats_loudness_band_ratio": {
        "mean": [0.742106080055, 0.0298476368189, 0.0376150496304, 0.100809648633, 0.0759105533361, 0.022866776213],
        "stdev": [0.285363852978, 0.0390154905617, 0.0619762651622, 0.182146608829, 0.104737490416, 0.0327931717038]
    },
    "beats_position": [0.336689323187, 0.673378646374, 1.02167797089, 1.38158726692, 1.75310659409, 2.11301589012, 2.46131515503, 2.80961441994, 3.1811337471, 3.54104304314, 3.9125623703, 4.27247142792, 4.73687076569, 5.20126962662, 5.66566896439, 6.14167785645, 6.60607719421, 7.07047605515, 7.53487491608, 7.98766422272, 8.45206356049, 8.90485286713, 9.35764122009, 9.82204055786, 10.2632198334, 10.7276191711, 11.1687984467, 11.6331968307, 12.0859861374, 12.538775444, 12.9915647507, 13.4443531036, 13.8971424103, 14.3499317169, 14.8027210236, 15.2671203613, 15.7199087143, 16.1726989746, 16.6254863739, 17.0898857117, 17.5426750183, 17.995464325, 18.4366436005, 18.9010429382, 19.3538322449, 19.8066215515, 20.2594108582, 20.7121982574, 21.1765975952, 21.6293869019, 22.0821762085, 22.5465755463, 23.010974884, 23.4753742218, 23.9281635284, 24.369342804, 24.8221302032, 25.2749195099, 25.7277088165, 26.1921081543, 26.6448974609, 27.0976867676, 27.5504760742, 28.0032653809, 28.4560546875, 28.9088420868, 29.3616313934, 29.8144207001, 30.2672100067, 30.7199993134, 31.17278862, 31.6255779266, 32.0899772644, 32.542766571, 32.9955558777, 33.4599533081, 33.9127426147, 34.3655319214, 34.818321228, 35.2711105347, 35.7238998413, 36.1882972717, 36.6526985168, 37.093875885, 37.5466651917, 37.9994544983, 38.4522438049, 38.9050331116, 39.3578224182, 39.8106117249, 40.2634010315, 40.7045783997, 41.1573677063, 41.6101570129, 42.0745582581, 42.5273475647, 42.9801368713, 43.432926178, 43.8857116699, 44.350112915, 44.8029022217, 45.2556915283, 45.708480835, 46.1612701416, 46.6140594482, 47.0668487549, 47.5196380615, 47.9724235535, 48.4368247986, 48.8896141052, 49.3424034119, 49.8068008423, 50.2595901489, 50.7123794556, 51.1651687622, 51.6179580688, 52.0707473755, 52.5235366821, 52.9647140503, 53.4291152954, 53.8935127258, 54.3463020325, 54.7990913391, 55.2634925842, 55.7046699524, 56.157459259, 56.6102485657, 57.0746459961, 57.5274353027, 57.9802246094, 58.433013916, 58.8858032227, 59.3502044678, 59.8029937744, 60.2557830811, 60.7201805115, 61.1613578796, 61.6141471863, 62.0669364929, 62.531337738, 62.9725151062, 63.4253044128, 63.8780937195, 64.3424911499, 64.7952804565, 65.2480697632, 65.7008590698, 66.1536483765, 66.6180496216, 67.0708389282, 67.5236282349, 67.98802948, 68.4292068481, 68.8936004639, 69.3463897705, 69.7991790771, 70.2519683838, 70.7047576904, 71.145942688, 71.6103363037, 72.0747375488, 72.515914917, 72.9687042236, 73.4214935303, 73.8858947754, 74.338684082, 74.7914733887, 75.2442626953, 75.697052002, 76.1498413086, 76.6026306152, 77.0670318604, 77.5198135376, 77.9726028442, 78.4253921509, 78.8781814575, 79.3425827026, 79.7837600708, 80.2365493774, 80.7009506226, 81.1537399292, 81.6065292358, 82.0593185425, 82.5237197876, 82.9765090942, 83.4292984009, 83.870475769, 84.3348770142, 84.7876663208, 85.2404556274, 85.6932373047, 86.1460266113, 86.6104278564, 87.0632171631, 87.5160064697, 87.9687957764, 88.421585083, 88.8859863281, 89.3271636963, 89.7915649414, 90.244354248, 90.6971435547, 91.1499328613, 91.602722168, 92.0555114746, 92.5083007812, 92.9610900879, 93.4138793945, 93.8782730103, 94.3310623169, 94.7838516235, 95.2366409302, 95.6894302368, 96.1538314819, 96.6066207886, 97.0594100952, 97.5121994019, 97.9649887085, 98.4177780151, 98.8705673218, 99.3233566284, 99.7761459351, 100.240539551, 100.693328857, 101.146118164, 101.598907471, 102.051696777, 102.516098022, 102.957275391, 103.421676636, 103.874465942, 104.327255249, 104.780044556, 105.232833862, 105.685623169, 106.138412476, 106.602806091, 107.055595398, 107.508384705, 107.961174011, 108.413963318, 108.878364563, 109.319541931, 109.783943176, 110.236732483, 110.68952179, 111.142311096, 111.595100403, 112.047889709, 112.500679016, 112.965080261, 113.417869568, 113.870658875, 114.323448181, 114.776237488, 115.240631104, 115.681808472, 116.146209717, 116.587387085, 117.05178833, 117.504577637, 117.957366943, 118.41015625, 118.862945557, 119.327346802, 119.780136108, 120.232925415, 120.685714722, 121.138504028, 121.591293335, 122.044082642, 122.496871948, 122.949661255, 123.414054871, 123.866844177, 124.319633484, 124.772422791, 125.225212097, 125.689613342, 126.142402649, 126.595191956, 127.047981262, 127.500770569, 127.965164185, 128.406341553, 128.859130859, 129.311920166, 129.776321411, 130.229110718, 130.681900024, 131.134689331, 131.587478638, 132.051879883, 132.493057251, 132.957458496, 133.410247803, 133.863037109, 134.327438354, 134.780227661, 135.233016968, 135.674194336, 136.138595581, 136.591384888, 137.044174194, 137.508575439, 137.949752808, 138.402542114, 138.855331421, 139.319732666, 139.772521973, 140.225296021, 140.689697266, 141.130874634, 141.595275879, 142.048065186, 142.500854492, 142.953643799, 143.406433105, 143.859222412, 144.312011719, 144.764801025, 145.217590332, 145.670379639, 146.123168945, 146.58757019, 147.040359497, 147.493148804, 147.957550049, 148.398727417, 148.863128662, 149.30430603, 149.768707275, 150.233108521, 150.674285889, 151.127075195, 151.579864502, 152.044265747, 152.485443115, 152.938232422, 153.402633667, 153.855422974, 154.31980896, 154.761001587, 155.225387573, 155.689788818, 156.154190063, 156.641815186, 157.129425049, 157.593826294, 158.058227539, 158.522628784, 158.987030029, 159.416595459, 159.846160889, 160.264129639, 160.693695068, 161.123260498, 161.541213989, 162.017227173, 162.481628418, 162.957641602, 163.422042847, 163.886444092, 164.339233398, 164.780410767, 165.233200073, 165.674377441, 166.127166748, 166.579956055, 167.0443573, 167.497146606, 167.949935913, 168.391113281, 168.843902588, 169.296691895, 169.761077881, 170.213867188, 170.666656494, 171.119445801, 171.572235107, 172.025024414, 172.477813721, 172.942214966, 173.406616211, 173.847793579, 174.300582886, 174.753372192, 175.217773438, 175.670562744, 176.123352051, 176.576141357, 177.028930664, 177.493331909, 177.946121216, 178.398910522, 178.851699829, 179.304489136, 179.757278442, 180.210067749, 180.674468994, 181.115646362, 181.568435669, 182.021224976, 182.485626221, 182.938415527, 183.391204834, 183.843994141, 184.296783447, 184.761169434, 185.21395874, 185.666748047, 186.131149292, 186.57232666, 187.025115967, 187.477905273, 187.942306519, 188.383483887, 188.847885132, 189.300674438, 189.753463745, 190.206253052, 190.659042358, 191.111831665, 191.564620972, 192.029022217, 192.481811523, 192.93460083, 193.387390137, 193.840179443, 194.304580688, 194.757369995, 195.210159302, 195.662948608, 196.115737915, 196.568527222, 197.021316528, 197.474105835, 197.926895142, 198.391296387, 198.844070435, 199.296859741, 199.749649048, 200.202438354, 200.6668396, 201.108016968, 201.572418213, 202.02520752, 202.477996826, 202.930786133, 203.383575439, 203.836364746, 204.289154053, 204.753555298, 205.194732666, 205.647521973, 206.100311279, 206.564712524, 207.017501831, 207.470291138, 207.934692383, 208.387481689, 208.840270996, 209.293060303, 209.745849609, 210.210250854, 210.651428223, 211.104217529, 211.557006836, 212.021408081, 212.474197388, 212.926986694, 213.379776001, 213.832565308, 214.296951294, 214.749740601, 215.214141846, 215.678543091, 216.142944336, 216.607345581, 217.060134888, 217.512924194, 217.965713501, 218.418502808, 218.871292114, 219.324081421, 219.788482666, 220.264480591, 220.740493774, 221.216506958, 221.680908203, 222.145309448, 222.621307373, 223.097320557, 223.57333374, 224.049331665, 224.525344849, 225.001358032, 225.477371216],
    "bpm_histogram": [0, 0, 0, 0, 0, 0, 0, 0, 0, 0, 0, 0, 0, 0, 0, 0, 0, 0, 0, 0, 0, 0, 0, 0, 0, 0, 0, 0, 0, 0, 0, 0, 0, 0, 0, 0, 0, 0, 0, 0, 0, 0, 0, 0, 0, 0, 0, 0, 0, 0, 0, 0, 0, 0, 0, 0, 0, 0, 0, 0, 0, 0, 0, 0, 0, 0, 0, 0, 0, 0, 0, 0, 0, 0, 0, 0, 0, 0, 0, 0, 0, 0, 0, 0, 0, 0, 0, 0, 0, 0, 0, 0, 0, 0, 0, 0, 0, 0, 0, 0, 0, 0, 0, 0, 0, 0, 0, 0, 0, 0, 0, 0, 0, 0, 0, 0, 0, 0, 0, 0, 0, 0, 0, 0.00402414472774, 0, 0, 0.0261569414288, 0, 0, 0.243460759521, 0, 0, 0, 0.611670017242, 0, 0, 0.0804829001427, 0, 0, 0, 0.00804828945547, 0, 0, 0, 0.00402414472774, 0, 0, 0, 0, 0, 0, 0, 0, 0, 0, 0, 0, 0, 0, 0, 0, 0.00603621732444, 0, 0, 0, 0, 0, 0.00804828945547, 0, 0, 0, 0, 0.00603621732444, 0, 0, 0, 0, 0, 0.00201207236387, 0, 0, 0, 0, 0, 0, 0, 0, 0, 0, 0, 0, 0, 0, 0, 0, 0, 0, 0, 0, 0, 0, 0, 0, 0, 0, 0, 0, 0, 0, 0, 0, 0, 0, 0, 0, 0, 0, 0, 0, 0, 0, 0, 0, 0, 0, 0, 0, 0, 0, 0, 0, 0, 0, 0, 0, 0, 0, 0, 0, 0, 0, 0, 0, 0, 0, 0, 0, 0, 0, 0]
},
"tonal": {
    "chords_changes_rate": 0.0757855847478,
    "chords_number_rate": 0.00164304790087,
    "chords_strength": {
        "mean": 0.528077304363,
        "stdev": 0.157242670655
    },
    "hpcp_crest": {
        "mean": 12.161198616,
        "stdev": 5.83697652817
    },
    "hpcp_entropy": {
        "mean": 2.18421268463,
        "stdev": 0.819582343102
    },
    "key_edma": {
        "strength": 0.469870954752,
        "key": "C",
        "scale": "major"
    },
    "key_krumhansl": {
        "strength": 0.479752510786,
        "key": "C",
        "scale": "major"
    },
    "key_temperley": {
        "strength": 0.494059413671,
        "key": "C",
        "scale": "major"
    },
    "tuning_diatonic_strength": 0.656414091587,
    "tuning_equal_tempered_deviation": 0.271835923195,
    "tuning_frequency": 434.193115234,
    "tuning_nontempered_energy_ratio": 0.934117972851,
    "hpcp": {
        "mean": [0.251027077436, 0.214224100113, 0.105360090733, 0.0660659298301, 0.05678403005, 0.0620867796242, 0.103225640953, 0.132430121303, 0.12466249615, 0.158444881439, 0.157570362091, 0.0852221548557, 0.0452611297369, 0.0383271835744, 0.0409708470106, 0.0580350868404, 0.0729349181056, 0.0573636777699, 0.034960500896, 0.0285256691277, 0.0344708524644, 0.0666804909706, 0.0912497490644, 0.0763017982244, 0.0699700936675, 0.0784111395478, 0.078436434269, 0.085131816566, 0.090097039938, 0.0995527505875, 0.190828919411, 0.238276317716, 0.16494679451, 0.142571642995, 0.173510447145, 0.198615416884],
        "stdev": [0.348322659731, 0.319542825222, 0.213431403041, 0.1811401546, 0.168381392956, 0.167025521398, 0.202083036304, 0.240656867623, 0.236927196383, 0.288615167141, 0.287429571152, 0.193696886301, 0.132708579302, 0.118896536529, 0.112023636699, 0.133526727557, 0.151228785515, 0.136546477675, 0.107017718256, 0.093593493104, 0.102725684643, 0.142703250051, 0.170777738094, 0.154531136155, 0.168538302183, 0.199666947126, 0.202527359128, 0.20230461657, 0.201373592019, 0.208795577288, 0.291752010584, 0.342907249928, 0.253492951393, 0.258192718029, 0.303659141064, 0.303873091936]
    },
    "chords_histogram": [15.0749645233, 34.914768219, 17.1903877258, 0, 0.985828697681, 0.0821523889899, 0.657219111919, 2.07434797287, 7.68124866486, 0.369685769081, 0, 0, 0, 0, 0, 0.575066745281, 0.4107619524, 0.513452470303, 0, 0.390223860741, 0, 1.88950502872, 8.1330871582, 9.0573015213],
    "thpcp": [1, 0.853390395641, 0.419716030359, 0.263182491064, 0.226206794381, 0.247331008315, 0.411213159561, 0.527553141117, 0.49660974741, 0.631186425686, 0.627702653408, 0.339493870735, 0.180303782225, 0.152681469917, 0.163212865591, 0.231190547347, 0.290546029806, 0.228515893221, 0.139269843698, 0.113635823131, 0.137319266796, 0.265630662441, 0.363505601883, 0.303958445787, 0.278735250235, 0.312361270189, 0.312462031841, 0.339134007692, 0.358913630247, 0.396581709385, 0.760192573071, 0.949205636978, 0.657087683678, 0.567953228951, 0.691202104092, 0.791211128235],
    "chords_key": "E",
    "chords_scale": "minor"
}
}