{
"metadata": {
    "version": {
        "essentia": "2.1-dev",
        "essentia_git_sha": "v2.1_beta3-415-gd5473f3",
        "extractor": "music 2.0"
    },
    "audio_properties": {
        "analysis": {
            "equal_loudness": 0,
            "length": 197.720809937,
            "sample_rate": 44100,
            "start_time": 0,
            "downmix": "mix"
        },
        "bit_rate": 192000,
        "length": 197.720809937,
        "lossless": 0,
        "number_channels": 2,
        "replay_gain": -9.8785533905,
        "sample_rate": 44100,
        "codec": "mp3",
        "md5_encoded": "2e00d09998aacf82a4f2f4f3ff0f7724"
    },
    "tags": {
        "file_name": "sean_kim-dance.mp3"
    }
},
"lowlevel": {
    "average_loudness": 0.963701426983,
    "barkbands_crest": {
        "mean": 13.4802713394,
        "stdev": 5.72994232178
    },
    "barkbands_flatness_db": {
        "mean": 0.15495172143,
        "stdev": 0.0615199021995
    },
    "barkbands_kurtosis": {
        "mean": 8.42118644714,
        "stdev": 29.7533550262
    },
    "barkbands_skewness": {
        "mean": 2.00442957878,
        "stdev": 1.95353412628
    },
    "barkbands_spread": {
        "mean": 27.0006504059,
        "stdev": 16.8955402374
    },
    "dissonance": {
        "mean": 0.451018691063,
        "stdev": 0.0363775603473
    },
    "dynamic_complexity": 2.5576133728,
    "erbbands_crest": {
        "mean": 9.1464176178,
        "stdev": 4.89959478378
    },
    "erbbands_flatness_db": {
        "mean": 0.128469288349,
        "stdev": 0.0541889257729
    },
    "erbbands_kurtosis": {
        "mean": 1.17309653759,
        "stdev": 3.16695046425
    },
    "erbbands_skewness": {
        "mean": 0.608549296856,
        "stdev": 0.811797499657
    },
    "erbbands_spread": {
        "mean": 45.8690452576,
        "stdev": 23.5441188812
    },
    "hfc": {
        "mean": 38.6691741943,
        "stdev": 27.639913559
    },
    "loudness_ebu128": {
        "integrated": -11.4672260284,
        "loudness_range": 2.5509967804,
        "momentary": {
            "mean": -14.882440567,
            "stdev": 26.1546840668
        },
        "short_term": {
            "mean": -11.8950557709,
            "stdev": 2.73825669289
        }
    },
    "melbands_crest": {
        "mean": 18.9756622314,
        "stdev": 7.35301208496
    },
    "melbands_flatness_db": {
        "mean": 0.207768827677,
        "stdev": 0.0814254134893
    },
    "melbands_kurtosis": {
        "mean": 26.9001045227,
        "stdev": 66.3018798828
    },
    "melbands_skewness": {
        "mean": 3.40366601944,
        "stdev": 2.6174595356
    },
    "melbands_spread": {
        "mean": 22.9073085785,
        "stdev": 21.250825882
    },
    "pitch_salience": {
        "mean": 0.448590606451,
        "stdev": 0.168559506536
    },
    "silence_rate_20dB": {
        "mean": 1,
        "stdev": 0
    },
    "silence_rate_30dB": {
        "mean": 0.956909716129,
        "stdev": 0.203066214919
    },
    "silence_rate_60dB": {
        "mean": 0.0596454143524,
        "stdev": 0.236833915114
    },
    "spectral_centroid": {
        "mean": 1431.70471191,
        "stdev": 1191.02355957
    },
    "spectral_complexity": {
        "mean": 18.9275569916,
        "stdev": 8.63327693939
    },
    "spectral_decrease": {
        "mean": -1.33789477275e-08,
        "stdev": 8.20407564106e-09
    },
    "spectral_energy": {
        "mean": 0.0540026910603,
        "stdev": 0.0316295772791
    },
    "spectral_energyband_high": {
        "mean": 0.00241226959042,
        "stdev": 0.00283223716542
    },
    "spectral_energyband_low": {
        "mean": 0.0316777490079,
        "stdev": 0.0300432294607
    },
    "spectral_energyband_middle_high": {
        "mean": 0.00639055389911,
        "stdev": 0.00558783439919
    },
    "spectral_energyband_middle_low": {
        "mean": 0.0150368157774,
        "stdev": 0.0155507335439
    },
    "spectral_entropy": {
        "mean": 7.8557882309,
        "stdev": 0.539179623127
    },
    "spectral_flux": {
        "mean": 0.126651987433,
        "stdev": 0.077292881906
    },
    "spectral_kurtosis": {
        "mean": 3.01114344597,
        "stdev": 3.03642487526
    },
    "spectral_rms": {
        "mean": 0.00679138069972,
        "stdev": 0.00256178621203
    },
    "spectral_rolloff": {
        "mean": 1666.3338623,
        "stdev": 2546.36376953
    },
    "spectral_skewness": {
        "mean": 1.51832067966,
        "stdev": 0.538507640362
    },
    "spectral_spread": {
        "mean": 7500017,
        "stdev": 4044949.25
    },
    "spectral_strongpeak": {
        "mean": 0.889029681683,
        "stdev": 1.11808383465
    },
    "zerocrossingrate": {
        "mean": 0.0767341703176,
        "stdev": 0.0642233416438
    },
    "barkbands": {
        "mean": [0.000982517842203, 0.0248628854752, 0.00491823814809, 0.0018974961713, 0.00298747420311, 0.00170114124194, 0.00159433449153, 0.00307759037241, 0.00250083440915, 0.00170519622043, 0.00137802760582, 0.000886142079253, 0.000396463554353, 0.000608988397289, 0.000880063627847, 0.000371274334611, 0.00032957966323, 0.000237136264332, 0.00017849674623, 0.000206216616789, 0.000195117565454, 0.000347928376868, 0.000409055035561, 0.000491077429615, 0.000485472643049, 0.000373859860701, 1.65342450842e-09],
        "stdev": [0.00133675604593, 0.0246996153146, 0.0156667325646, 0.00524385739118, 0.00799675099552, 0.00254804990254, 0.00239934260026, 0.00379252014682, 0.00462648458779, 0.00398796284571, 0.00228017196059, 0.00181299517862, 0.000938904879149, 0.00109669857193, 0.0016787716886, 0.000746072561014, 0.000541620480362, 0.000342753482983, 0.000199637914193, 0.000229616620345, 0.000260069180513, 0.000578771054279, 0.000634061114397, 0.000722672091797, 0.000582699431106, 0.000443563447334, 2.27696195232e-09]
    },
    "erbbands": {
        "mean": [0.85083770752, 4.99344062805, 6.21013212204, 6.51162099838, 10.3274154663, 8.01246356964, 10.0484266281, 13.9718093872, 21.3533782959, 49.8279647827, 64.2232971191, 53.6691970825, 65.3748321533, 40.8588180542, 44.7827720642, 39.1805458069, 22.8283901215, 34.597618103, 38.4664726257, 31.2302932739, 21.5123596191, 16.4568386078, 13.4552564621, 11.7622308731, 8.59832954407, 9.76641941071, 7.16904783249, 9.14898777008, 11.7817392349, 11.5451211929, 12.601187706, 11.3404960632, 7.47097635269, 5.3798456192, 3.46779298782, 1.64608681202, 0.73170787096, 0.0705363079906, 0.00128302827943, 0.000123370817164],
        "stdev": [0.896622717381, 5.5488114357, 14.6549720764, 19.5054759979, 35.0822601318, 17.1753864288, 17.2254619598, 22.0644931793, 31.4295139313, 66.053062439, 86.2914352417, 105.499969482, 157.289855957, 74.0270385742, 79.9706497192, 81.2163238525, 44.0468673706, 59.4843177795, 77.4267120361, 52.9530410767, 35.9508743286, 21.6194343567, 19.9701251984, 14.8431768417, 8.4057636261, 11.9899253845, 7.75757360458, 14.8426685333, 20.1242923737, 16.8884830475, 19.6923370361, 18.1141033173, 10.3347091675, 6.41846132278, 4.49343109131, 1.90642726421, 0.909472942352, 0.0949263945222, 0.001628667349, 8.57042905409e-05]
    },
    "gfcc": {
        "mean": [26.3858623505, 59.7487449646, -94.0995330811, 16.7199764252, -63.4823722839, 31.6976642609, -35.3487319946, 25.8517074585, -15.3544969559, 15.8416528702, -15.0467443466, 7.56334733963, -11.8389959335],
        "cov": [[24604.0644531, -28.5733184814, -25.6476306915, 830.847839355, -697.092224121, 772.667053223, -324.352020264, 674.026916504, -426.666687012, 503.077087402, -393.845092773, 315.069793701, -432.857055664], [-28.5733184814, 1053.97229004, -99.2412796021, -24.5367622375, 196.503753662, 109.649787903, 142.370025635, 45.8551826477, 97.344871521, -80.8499755859, 94.5813064575, -71.9773788452, 78.9491043091], [-25.6476306915, -99.2412796021, 1171.62512207, 361.683807373, 185.318099976, 218.851196289, 236.078140259, 135.369522095, -12.5665159225, 138.588790894, 14.805765152, 36.8050804138, -44.5620498657], [830.847839355, -24.5367622375, 361.683807373, 449.536773682, 110.33870697, 144.426574707, 81.0611114502, 74.5751113892, 46.0730628967, 36.5162010193, -3.52352380753, 10.1205234528, 16.3306655884], [-697.092224121, 196.503753662, 185.318099976, 110.33870697, 406.218200684, 106.311721802, 147.91569519, 80.7384414673, 87.460609436, 15.9730415344, 28.5244083405, 3.76806807518, 22.1754684448], [772.667053223, 109.649787903, 218.851196289, 144.426574707, 106.311721802, 344.71182251, 195.616577148, 142.164794922, 87.1270141602, 65.8751907349, 62.4485397339, 9.06756019592, 18.7070941925], [-324.352020264, 142.370025635, 236.078140259, 81.0611114502, 147.91569519, 195.616577148, 307.788818359, 138.728271484, 94.7319793701, 54.8137550354, 102.415466309, 20.6788005829, 21.5291194916], [674.026916504, 45.8551826477, 135.369522095, 74.5751113892, 80.7384414673, 142.164794922, 138.728271484, 210.485931396, 114.149375916, 88.7591629028, 60.0474777222, 46.3763237, 22.6732215881], [-426.666687012, 97.344871521, -12.5665159225, 46.0730628967, 87.460609436, 87.1270141602, 94.7319793701, 114.149375916, 200.126281738, 61.1828842163, 80.5303421021, 20.2172222137, 67.9377746582], [503.077087402, -80.8499755859, 138.588790894, 36.5162010193, 15.9730415344, 65.8751907349, 54.8137550354, 88.7591629028, 61.1828842163, 163.934417725, 65.458152771, 59.3666648865, 13.9244766235], [-393.845092773, 94.5813064575, 14.805765152, -3.52352380753, 28.5244083405, 62.4485397339, 102.415466309, 60.0474777222, 80.5303421021, 65.458152771, 154.981170654, 53.7258300781, 56.5685005188], [315.069793701, -71.9773788452, 36.8050804138, 10.1205234528, 3.76806807518, 9.06756019592, 20.6788005829, 46.3763237, 20.2172222137, 59.3666648865, 53.7258300781, 104.313117981, 35.2429389954], [-432.857055664, 78.9491043091, -44.5620498657, 16.3306655884, 22.1754684448, 18.7070941925, 21.5291194916, 22.6732215881, 67.9377746582, 13.9244766235, 56.5685005188, 35.2429389954, 111.814956665]],
        "icov": [[0.000162394921063, -0.000291832722723, 0.000290074851364, -0.000448021048214, 0.000351944647264, -0.000456738111097, 0.000328089518007, -0.000708013831172, 0.000676948286127, -0.00065415201243, 0.000688784290105, -0.000818229222205, 0.000682354089804], [-0.000291832722723, 0.00197689561173, -0.000438900431618, 0.00100532360375, -0.00123856111895, 0.00060979014961, -0.000614823715296, 0.000801733345725, -0.000961195386481, 0.00208351830952, -0.00246310094371, 0.00305188936181, -0.00213914993219], [0.000290074851364, -0.000438900431618, 0.00215340242721, -0.00183652993292, 0.000305890163872, -0.000815111037809, -0.000531577272341, -0.00133974780329, 0.00234874989837, -0.00247713667341, 0.00167065288406, -0.00140882295091, 0.00148922961671], [-0.000448021048214, 0.00100532360375, -0.00183652993292, 0.00469755288213, -0.00134367658757, 0.000183549287613, -0.000213675040868, 0.00181918102317, -0.00258575868793, 0.00244293012656, -0.00132549682166, 0.00221616844647, -0.00271523976699], [0.000351944647264, -0.00123856111895, 0.000305890163872, -0.00134367658757, 0.00434420350939, -0.000833477708511, -0.000629885937087, -0.00117074907757, 3.30247421516e-05, -0.00118883722462, 0.00276833819225, -0.00268656061962, 0.00176589831244], [-0.000456738111097, 0.00060979014961, -0.000815111037809, 0.000183549287613, -0.000833477708511, 0.00686031626537, -0.00332583766431, 0.00012837885879, -0.0016194548225, 0.000972098088823, -0.00192298716865, 0.00360705074854, -0.0022195938509], [0.000328089518007, -0.000614823715296, -0.000531577272341, -0.000213675040868, -0.000629885937087, -0.00332583766431, 0.00908414460719, -0.00408642739058, 0.001136562787, 0.000634957745206, -0.00321111944504, -0.000592810218222, 0.00232620164752], [-0.000708013831172, 0.000801733345725, -0.00133974780329, 0.00181918102317, -0.00117074907757, 0.00012837885879, -0.00408642739058, 0.014707788825, -0.00797853898257, 0.00024265240063, -0.000302238593576, -0.000858533836436, -0.000850430806167], [0.000676948286127, -0.000961195386481, 0.00234874989837, -0.00258575868793, 3.30247421516e-05, -0.0016194548225, 0.001136562787, -0.00797853898257, 0.0145113449544, -0.00495394226164, 6.72139285598e-05, 0.000905838736799, -0.00224318378605], [-0.00065415201243, 0.00208351830952, -0.00247713667341, 0.00244293012656, -0.00118883722462, 0.000972098088823, 0.000634957745206, 0.00024265240063, -0.00495394226164, 0.0145786078647, -0.00662248255685, 0.000171879451955, -0.000955099181738], [0.000688784290105, -0.00246310094371, 0.00167065288406, -0.00132549682166, 0.00276833819225, -0.00192298716865, -0.00321111944504, -0.000302238593576, 6.72139285598e-05, -0.00662248255685, 0.0177482366562, -0.00889828708023, 0.000326675799442], [-0.000818229222205, 0.00305188936181, -0.00140882295091, 0.00221616844647, -0.00268656061962, 0.00360705074854, -0.000592810218222, -0.000858533836436, 0.000905838736799, 0.000171879451955, -0.00889828708023, 0.0220860671252, -0.00902128126472], [0.000682354089804, -0.00213914993219, 0.00148922961671, -0.00271523976699, 0.00176589831244, -0.0022195938509, 0.00232620164752, -0.000850430806167, -0.00224318378605, -0.000955099181738, 0.000326675799442, -0.00902128126472, 0.0179910380393]]
    },
    "melbands": {
        "mean": [0.00730323931202, 0.00449834298342, 0.00127478444483, 0.000690192275215, 0.000340809143381, 0.000332601048285, 0.000319819868309, 0.000580995285418, 0.000558937725145, 0.000322451698594, 0.000313124794047, 0.000146487509483, 0.00014842809469, 0.000103210972156, 8.62400193e-05, 4.04224447266e-05, 6.90472152201e-05, 5.18186861882e-05, 6.76874187775e-05, 3.06016772811e-05, 2.31198991969e-05, 1.90335213119e-05, 1.25551514429e-05, 1.04090595414e-05, 9.62659760262e-06, 5.6689664234e-06, 6.81780920786e-06, 6.45570935376e-06, 4.10243410442e-06, 4.86667659061e-06, 5.40474547961e-06, 6.22160314379e-06, 7.30071315047e-06, 5.97109283262e-06, 7.1626168392e-06, 7.12194878361e-06, 6.99348356648e-06, 5.17267017131e-06, 4.82732457385e-06, 4.42822192781e-06],
        "stdev": [0.00718632200733, 0.00669201975688, 0.00340098771267, 0.00207655481063, 0.000530236808117, 0.000491215614602, 0.0004688136396, 0.000796295586042, 0.000841954955831, 0.000689247623086, 0.00077748275362, 0.000280273612589, 0.000241372676101, 0.000199576417799, 0.000176286674105, 0.000119287513371, 0.000133664027089, 0.000116914510727, 0.000131350141601, 6.60017612972e-05, 4.09893800679e-05, 2.79454307019e-05, 1.85900280485e-05, 1.4983535948e-05, 1.28626788864e-05, 6.60885916659e-06, 7.10165522833e-06, 8.75361183716e-06, 4.52536505691e-06, 6.42542272544e-06, 9.87255407381e-06, 1.14208714876e-05, 1.16497585623e-05, 8.96632354852e-06, 1.13921059892e-05, 1.11053304863e-05, 1.20083359434e-05, 7.84703752288e-06, 5.76435422772e-06, 5.48084153706e-06]
    },
    "melbands128": {
        "mean": [0.000926539127249, 0.00663046911359, 0.0107510397211, 0.00733738159761, 0.00362625508569, 0.00233680545352, 0.00128391536418, 0.000936456781346, 0.00121952116024, 0.000744040356949, 0.000350890215486, 0.000333027506713, 0.000345624895999, 0.000359692494385, 0.00027418762329, 0.000347262190189, 0.000445361045422, 0.000246388372034, 0.000316439021844, 0.000593108707108, 0.000896881043445, 0.000295056350296, 0.000680489116348, 0.00070325715933, 0.000250077224337, 0.000263286405243, 0.000237430474954, 0.000526932184584, 0.000135167356348, 6.33255986031e-05, 0.000229739220231, 0.000161241929163, 8.92792086233e-05, 0.000234859151533, 5.15427636856e-05, 9.38550147112e-05, 0.000114489201223, 0.000123239180539, 3.21866100421e-05, 3.77461401513e-05, 5.63308822166e-05, 1.88858612091e-05, 8.87644491741e-05, 8.86850830284e-05, 1.9746248654e-05, 5.61329434277e-05, 6.37443154119e-05, 0.000119068536151, 3.70147135982e-05, 1.83102893061e-05, 3.9240494516e-05, 3.375972301e-05, 1.7609248971e-05, 2.29364577535e-05, 2.62060293608e-05, 1.90134960576e-05, 1.20688473544e-05, 1.10758637675e-05, 1.33341691253e-05, 1.53340970428e-05, 8.11077734397e-06, 5.87651311434e-06, 1.70451403392e-05, 7.17564944352e-06, 5.49607284483e-06, 5.80235246161e-06, 5.131609214e-06, 6.96328334016e-06, 7.59497152103e-06, 5.84591816732e-06, 8.39553649712e-06, 5.06138894707e-06, 4.55726649307e-06, 3.42818907484e-06, 4.16202965425e-06, 5.04466652274e-06, 4.84975043946e-06, 5.75132798986e-06, 4.79913842355e-06, 6.14072450844e-06, 5.39150960321e-06, 5.65529171581e-06, 9.4916922535e-06, 6.60067598801e-06, 6.89653188601e-06, 6.20726223133e-06, 5.29050021214e-06, 6.19523598289e-06, 7.17314242138e-06, 8.2342312453e-06, 7.20228354112e-06, 6.95922472005e-06, 6.2147605604e-06, 8.56499082147e-06, 6.06392495683e-06, 5.43604573977e-06, 4.83778558191e-06, 4.9115665206e-06, 4.94821051689e-06, 4.81340612168e-06, 4.49753406428e-06, 4.31375019616e-06, 4.45728983323e-06, 3.94733660869e-06, 4.49595017926e-06, 3.48969638253e-06, 3.35271624863e-06, 2.96578787129e-06, 2.74940271083e-06, 2.61386890088e-06, 2.48480500886e-06, 2.44417719841e-06, 2.67095560957e-06, 2.19862886297e-06, 2.03448144021e-06, 4.36396902614e-07, 7.20098217166e-11, 7.30618256867e-12, 6.75421394161e-12, 6.37750052421e-12, 6.12056759441e-12, 5.91876374301e-12, 5.74463697098e-12, 5.61317051867e-12, 5.50171627006e-12, 5.42418106958e-12, 5.36712341237e-12, 5.32605903825e-12],
        "stdev": [0.00123989430722, 0.00776683306322, 0.0116516305134, 0.00970001053065, 0.00778528256342, 0.00802739616483, 0.0044665960595, 0.00286284624599, 0.00449739443138, 0.00247552245855, 0.000855870719533, 0.000598931568675, 0.000713745655958, 0.000767765217461, 0.000660971505567, 0.000623252941296, 0.000842865905724, 0.000472974701552, 0.000876461679582, 0.000874001823831, 0.00149594945833, 0.00053993408801, 0.00123996683396, 0.00152197596617, 0.000705760903656, 0.00110792473424, 0.000625852961093, 0.00151535600889, 0.000249289325438, 0.000190111633856, 0.00056695623789, 0.000381352612749, 0.000184170843568, 0.000570176809561, 0.000146350808791, 0.000334175885655, 0.000303688866552, 0.000356420030585, 0.000111637142254, 0.000120997880003, 0.000214339335798, 4.64144613943e-05, 0.00019078043988, 0.000193168219994, 3.83378574043e-05, 0.000220737871132, 0.000177092879312, 0.000297215679893, 8.79104190972e-05, 6.58428034512e-05, 0.000120802935271, 8.01666101324e-05, 4.44659199275e-05, 6.1702914536e-05, 6.78345531924e-05, 3.57047138095e-05, 1.7118636606e-05, 2.30725872825e-05, 3.02368898701e-05, 3.1623236282e-05, 1.83599568118e-05, 9.62199101195e-06, 3.06875481328e-05, 9.95556183625e-06, 9.11470397114e-06, 8.67954895512e-06, 6.9461611929e-06, 9.64753689914e-06, 9.61725527304e-06, 7.92084574641e-06, 1.51157964865e-05, 6.53758888802e-06, 6.78939886711e-06, 4.43052158516e-06, 5.25735777046e-06, 7.23730818208e-06, 7.92286391516e-06, 9.2909531304e-06, 9.77210311248e-06, 1.64029497682e-05, 1.10570736069e-05, 1.0985049812e-05, 1.61614134413e-05, 1.26550094137e-05, 1.08114090835e-05, 9.72307861957e-06, 9.38498578762e-06, 1.03798183773e-05, 1.22678002299e-05, 1.50276755448e-05, 1.2410596355e-05, 1.10860837594e-05, 1.01155383163e-05, 1.72504005604e-05, 1.15929078675e-05, 9.65954131971e-06, 7.70207952883e-06, 7.7214817793e-06, 6.04454453423e-06, 5.9525841607e-06, 5.69797703065e-06, 6.02786622039e-06, 5.94335415371e-06, 5.87476824876e-06, 7.04690046405e-06, 4.53277198176e-06, 4.44988518211e-06, 3.63267099601e-06, 3.47048171534e-06, 3.27744032802e-06, 3.17112062476e-06, 3.1718682294e-06, 3.59659156857e-06, 2.98741770166e-06, 2.96759685625e-06, 7.08336983735e-07, 1.85779558404e-10, 1.05097926889e-11, 9.8376046892e-12, 9.3896175557e-12, 9.05112443328e-12, 8.7785993752e-12, 8.5532900207e-12, 8.36999393405e-12, 8.21890472347e-12, 8.10305555293e-12, 8.01929356253e-12, 7.96825105898e-12]
    },
    "mfcc": {
        "mean": [-617.349975586, 100.036636353, 21.3299274445, -0.432012230158, 3.89940023422, 3.99625563622, 0.179192170501, 8.50520324707, 7.62089252472, 10.5265016556, 6.63064956665, 5.38415718079, 5.42446279526],
        "cov": [[9516.95507812, 220.755828857, 649.006652832, 351.461486816, 238.346328735, 194.877578735, 188.618484497, 186.904098511, 160.681594849, 146.797454834, 88.6555175781, 109.6043396, 111.823455811], [220.755828857, 1035.74658203, -43.6714134216, -21.0786075592, 95.053237915, 42.6916427612, 134.921478271, 112.876144409, 58.6309013367, 73.5460891724, 37.2795753479, 22.7588768005, 23.1229457855], [649.006652832, -43.6714134216, 849.310913086, 210.226272583, 70.7040405273, 169.09211731, 206.240493774, 69.354850769, 95.2788619995, 86.1505508423, 51.2689704895, 118.343109131, 85.85181427], [351.461486816, -21.0786075592, 210.226272583, 321.941650391, 131.597412109, 74.4041442871, 63.9682350159, 33.9975318909, 61.5469207764, 16.8267822266, 5.07157802582, 35.105381012, 32.891620636], [238.346328735, 95.053237915, 70.7040405273, 131.597412109, 247.51373291, 94.6579055786, 52.9748802185, 68.6050720215, 82.0132522583, 60.5193481445, 18.3635787964, 13.0134773254, 16.3929157257], [194.877578735, 42.6916427612, 169.09211731, 74.4041442871, 94.6579055786, 197.785232544, 132.078430176, 82.5080108643, 65.2316131592, 67.6960067749, 40.5855255127, 30.9725666046, 23.7337779999], [188.618484497, 134.921478271, 206.240493774, 63.9682350159, 52.9748802185, 132.078430176, 244.298782349, 119.586479187, 64.1672515869, 80.0079345703, 63.4200172424, 64.0677719116, 47.7350120544], [186.904098511, 112.876144409, 69.354850769, 33.9975318909, 68.6050720215, 82.5080108643, 119.586479187, 196.855270386, 93.1723022461, 79.3798065186, 70.5793762207, 39.3464736938, 22.5819168091], [160.681594849, 58.6309013367, 95.2788619995, 61.5469207764, 82.0132522583, 65.2316131592, 64.1672515869, 93.1723022461, 148.464157104, 97.2155609131, 43.5945930481, 45.9917907715, 36.0323905945], [146.797454834, 73.5460891724, 86.1505508423, 16.8267822266, 60.5193481445, 67.6960067749, 80.0079345703, 79.3798065186, 97.2155609131, 152.711685181, 75.8946304321, 47.7825279236, 42.090297699], [88.6555175781, 37.2795753479, 51.2689704895, 5.07157802582, 18.3635787964, 40.5855255127, 63.4200172424, 70.5793762207, 43.5945930481, 75.8946304321, 112.029067993, 58.5568580627, 33.1911811829], [109.6043396, 22.7588768005, 118.343109131, 35.105381012, 13.0134773254, 30.9725666046, 64.0677719116, 39.3464736938, 45.9917907715, 47.7825279236, 58.5568580627, 113.950691223, 77.715133667], [111.823455811, 23.1229457855, 85.85181427, 32.891620636, 16.3929157257, 23.7337779999, 47.7350120544, 22.5819168091, 36.0323905945, 42.090297699, 33.1911811829, 77.715133667, 110.636512756]],
        "icov": [[0.000114951741125, -2.40906883846e-05, -7.57844172767e-05, -7.07016370143e-05, -3.14329045068e-05, -6.36608228888e-06, 6.35566320852e-05, -7.88770557847e-05, 3.5359775211e-05, -3.60429221473e-05, -1.74303113454e-05, 4.08217783843e-05, -5.78726030653e-05], [-2.40906883846e-05, 0.00115987588651, 0.000202484807232, 0.000286377267912, -0.0005170336226, 0.000440516305389, -0.000858826795593, -0.000253953941865, 2.3293252525e-05, -0.000214210405829, 0.000257681473158, -1.67579491972e-05, -4.74620537716e-05], [-7.57844172767e-05, 0.000202484807232, 0.00200491840951, -0.000866678892635, 0.000458738417365, -0.000787958328146, -0.00111017213203, 0.000544428185094, -0.000261806650087, -0.000359847064829, 0.000621276616585, -0.00140082300641, 0.000224861258175], [-7.07016370143e-05, 0.000286377267912, -0.000866678892635, 0.00506305322051, -0.00250943237916, 0.000114418311568, -0.00058342225384, 0.000489786441904, -0.00140018458478, 0.00194511760492, -4.18858471676e-05, -0.000112782385258, -0.000514248036779], [-3.14329045068e-05, -0.0005170336226, 0.000458738417365, -0.00250943237916, 0.0070964563638, -0.0025419073645, 0.00122465309687, -0.000739266630262, -0.00145824835636, -0.00126615911722, 0.000722866156138, 0.000695200520568, -0.000102357371361], [-6.36608228888e-06, 0.000440516305389, -0.000787958328146, 0.000114418311568, -0.0025419073645, 0.0100639835, -0.00422626174986, -0.000317854661262, -0.000544644484762, -0.000757106055971, -0.000479688838823, 0.00134855485521, 0.000259872700553], [6.35566320852e-05, -0.000858826795593, -0.00111017213203, -0.00058342225384, 0.00122465309687, -0.00422626174986, 0.0099690342322, -0.00381858018227, 0.00213277153671, -0.00153686851263, 0.000150796739035, -0.00172694725916, -0.000588565832004], [-7.88770557847e-05, -0.000253953941865, 0.000544428185094, 0.000489786441904, -0.000739266630262, -0.000317854661262, -0.00381858018227, 0.0108573725447, -0.00529907085001, 0.00163194467314, -0.00446716323495, 0.00119961763266, 0.000776379369199], [3.5359775211e-05, 2.3293252525e-05, -0.000261806650087, -0.00140018458478, -0.00145824835636, -0.000544644484762, 0.00213277153671, -0.00529907085001, 0.0164714418352, -0.0087376087904, 0.00406262045726, -0.00378393940628, 0.000471944571473], [-3.60429221473e-05, -0.000214210405829, -0.000359847064829, 0.00194511760492, -0.00126615911722, -0.000757106055971, -0.00153686851263, 0.00163194467314, -0.0087376087904, 0.0170247703791, -0.00845138914883, 0.00319743226282, -0.00287955440581], [-1.74303113454e-05, 0.000257681473158, 0.000621276616585, -4.18858471676e-05, 0.000722866156138, -0.000479688838823, 0.000150796739035, -0.00446716323495, 0.00406262045726, -0.00845138914883, 0.0194684416056, -0.00921124964952, 0.00285848672502], [4.08217783843e-05, -1.67579491972e-05, -0.00140082300641, -0.000112782385258, 0.000695200520568, 0.00134855485521, -0.00172694725916, 0.00119961763266, -0.00378393940628, 0.00319743226282, -0.00921124964952, 0.0240961629897, -0.0129559552297], [-5.78726030653e-05, -4.74620537716e-05, 0.000224861258175, -0.000514248036779, -0.000102357371361, 0.000259872700553, -0.000588565832004, 0.000776379369199, 0.000471944571473, -0.00287955440581, 0.00285848672502, -0.0129559552297, 0.0183252803981]]
    },
    "spectral_contrast_coeffs": {
        "mean": [-0.725915670395, -0.737407207489, -0.745453000069, -0.7815721035, -0.796336889267, -0.809105336666],
        "stdev": [0.104686453938, 0.0800914466381, 0.0824582055211, 0.0686363875866, 0.0468652956188, 0.0343035571277]
    },
    "spectral_contrast_valleys": {
        "mean": [-6.98232316971, -6.6326880455, -7.35257339478, -7.80469322205, -7.84035491943, -9.37632369995],
        "stdev": [2.4985742569, 2.36678624153, 2.28756427765, 2.25759553909, 2.3090763092, 2.23729562759]
    }
},
"rhythm": {
    "beats_count": 446,
    "beats_loudness": {
        "mean": 0.0651024281979,
        "stdev": 0.0275451727211
    },
    "bpm": 135.917160034,
    "bpm_histogram_first_peak_bpm": 136,
    "bpm_histogram_first_peak_weight": 0.154791116714,
    "bpm_histogram_second_peak_bpm": 129,
    "bpm_histogram_second_peak_spread": 0.482758641243,
    "bpm_histogram_second_peak_weight": 0.0337078645825,
    "danceability": 1.18040084839,
    "onset_rate": 4.24797821045,
    "beats_loudness_band_ratio": {
        "mean": [0.566457927227, 0.071065813303, 0.171674534678, 0.0856160596013, 0.0471307784319, 0.0789477080107],
        "stdev": [0.264133363962, 0.0866241306067, 0.143388345838, 0.0868129953742, 0.0740897059441, 0.0752102211118]
    },
    "beats_position": [0.452789098024, 0.905578196049, 1.34675729275, 1.78793644905, 2.22911548615, 2.67029476166, 3.11147379875, 3.55265307426, 3.99383211136, 4.43501138687, 4.87619018555, 5.31736946106, 5.75854873657, 6.2229475975, 6.6989569664, 7.17496585846, 7.65097475052, 8.11537361145, 8.59138298035, 9.05578231812, 9.49696159363, 9.93814086914, 10.379319191, 10.8204984665, 11.261677742, 11.7028570175, 12.1556463242, 12.5968255997, 13.0496139526, 13.4907932281, 13.9319725037, 14.361541748, 14.8027210236, 15.2322902679, 15.6734695435, 16.114648819, 16.5558280945, 16.99700737, 17.4381847382, 17.8793640137, 18.3205432892, 18.7617225647, 19.2029018402, 19.6440811157, 20.0852603912, 20.5380496979, 20.9792289734, 21.4087982178, 21.8499774933, 22.2911567688, 22.7323360443, 23.1735134125, 23.614692688, 24.0558719635, 24.497051239, 24.9382305145, 25.37940979, 25.8205890656, 26.2617683411, 26.7029476166, 27.1441268921, 27.5853061676, 28.0264854431, 28.4676647186, 28.9088420868, 29.3500213623, 29.7912006378, 30.2323799133, 30.6735591888, 31.1147384644, 31.5559177399, 31.9970970154, 32.4382743835, 32.8794555664, 33.3206329346, 33.7618141174, 34.2029914856, 34.6441726685, 35.0853500366, 35.5265312195, 35.9677085876, 36.4088897705, 36.8500671387, 37.3028564453, 37.7440338135, 38.1736030579, 38.6147842407, 39.0559616089, 39.4971427917, 39.9383201599, 40.3795013428, 40.8206787109, 41.2618598938, 41.703037262, 42.1442184448, 42.585395813, 43.0265769958, 43.467754364, 43.9089317322, 44.3617210388, 44.8145103455, 45.2440795898, 45.6736488342, 46.1148300171, 46.5560073853, 46.9971885681, 47.4383659363, 47.8795471191, 48.3207244873, 48.7619056702, 49.2030830383, 49.6442604065, 50.0854415894, 50.5266189575, 50.9678001404, 51.4089775085, 51.8617668152, 52.2913360596, 52.7325172424, 53.1736946106, 53.6148757935, 54.0560531616, 54.5088424683, 54.9616317749, 55.4028091431, 55.8555984497, 56.3199996948, 56.7843971252, 57.2487983704, 57.7131958008, 58.1775970459, 58.6419944763, 59.1180038452, 59.5824012756, 60.0235824585, 60.4647598267, 60.9059410095, 61.3471183777, 61.7882995605, 62.2294769287, 62.6706581116, 63.1118354797, 63.5530128479, 63.9941940308, 64.4353713989, 64.8765487671, 65.3177337646, 65.7589111328, 66.200088501, 66.6412658691, 67.0824508667, 67.5236282349, 67.964805603, 68.4059829712, 68.8471679688, 69.2883453369, 69.7295227051, 70.1707000732, 70.6118774414, 71.053062439, 71.4942398071, 71.9354171753, 72.3765945435, 72.817779541, 73.2589569092, 73.7001342773, 74.1413116455, 74.5824966431, 75.0236740112, 75.4648513794, 75.9060287476, 76.3472061157, 76.7883911133, 77.2295684814, 77.6707458496, 78.1119232178, 78.5531082153, 78.9942855835, 79.4354629517, 79.8650360107, 80.3062133789, 80.7473907471, 81.2001800537, 81.6413574219, 82.08253479, 82.5237197876, 82.9648971558, 83.4060745239, 83.8472518921, 84.2884368896, 84.7296142578, 85.170791626, 85.6119689941, 86.0531539917, 86.4943313599, 86.935508728, 87.3766860962, 87.8178634644, 88.2590484619, 88.7002258301, 89.1414031982, 89.5825805664, 90.023765564, 90.4649429321, 90.9061203003, 91.3472976685, 91.788482666, 92.2296600342, 92.6708374023, 93.1120147705, 93.5531921387, 93.9943771362, 94.4355545044, 94.8767318726, 95.3179092407, 95.7590942383, 96.2002716064, 96.6414489746, 97.0826263428, 97.5238113403, 97.9649887085, 98.4061660767, 98.8473434448, 99.288520813, 99.7297058105, 100.194099426, 100.67011261, 101.146118164, 101.622131348, 102.098136902, 102.585754395, 103.026939392, 103.46811676, 103.909294128, 104.350471497, 104.791656494, 105.232833862, 105.67401123, 106.115188599, 106.556373596, 107.009155273, 107.46194458, 107.903129578, 108.344306946, 108.785484314, 109.226661682, 109.656234741, 110.097412109, 110.526985168, 110.968162537, 111.409339905, 111.850517273, 112.291702271, 112.732879639, 113.174057007, 113.615234375, 114.056411743, 114.497596741, 114.938774109, 115.379951477, 115.821128845, 116.262313843, 116.715103149, 117.167892456, 117.609069824, 118.050247192, 118.479812622, 118.92099762, 119.350563049, 119.791740417, 120.232925415, 120.674102783, 121.115280151, 121.55645752, 121.997642517, 122.438819885, 122.879997253, 123.321174622, 123.762359619, 124.203536987, 124.656326294, 125.109115601, 125.550292969, 125.991470337, 126.432647705, 126.862220764, 127.291786194, 127.732971191, 128.17414856, 128.615325928, 129.056503296, 129.497680664, 129.938858032, 130.391647339, 130.844436646, 131.308837891, 131.773239136, 132.249252319, 132.609161377, 132.980682373, 133.352203369, 133.735321045, 134.118453979, 134.466751099, 134.815048218, 135.174957275, 135.616149902, 136.057327271, 136.498504639, 136.939682007, 137.392471313, 137.84526062, 138.298049927, 138.739227295, 139.180404663, 139.63319397, 140.085983276, 140.527160645, 140.968338013, 141.409515381, 141.850692749, 142.291885376, 142.733062744, 143.174240112, 143.61541748, 144.056594849, 144.497772217, 144.938949585, 145.391738892, 145.83291626, 146.285705566, 146.715286255, 147.156463623, 147.597640991, 148.050430298, 148.491607666, 148.932785034, 149.373962402, 149.815139771, 150.256317139, 150.697509766, 151.138687134, 151.579864502, 152.02104187, 152.462219238, 152.903396606, 153.344573975, 153.774139404, 154.215332031, 154.656509399, 155.109298706, 155.550476074, 155.991653442, 156.432830811, 156.874008179, 157.303573608, 157.744766235, 158.174331665, 158.615509033, 159.056686401, 159.49786377, 159.939041138, 160.380218506, 160.821395874, 161.274185181, 161.715377808, 162.156555176, 162.609344482, 163.050521851, 163.491699219, 163.932876587, 164.374053955, 164.803619385, 165.233200073, 165.674377441, 166.11555481, 166.556732178, 166.997909546, 167.439086914, 167.880264282, 168.32144165, 168.762634277, 169.203811646, 169.644989014, 170.086166382, 170.52734375, 170.968521118, 171.409698486, 171.850875854, 172.292053223, 172.744842529, 173.186035156, 173.627212524, 174.068389893, 174.509567261, 174.950744629, 175.380310059, 175.821487427, 176.262680054, 176.715454102, 177.168243408, 177.609436035, 178.050613403, 178.491790771, 178.921356201, 179.362533569, 179.803710938, 180.256500244, 180.697677612, 181.138870239, 181.580047607, 182.021224976, 182.450790405, 182.891967773, 183.34475708, 183.785934448, 184.227111816, 184.656692505, 185.097869873, 185.55065918, 185.980224609, 186.409790039, 186.850967407, 187.292144775, 187.733337402, 188.174514771, 188.615692139, 189.056869507, 189.498046875, 189.939224243, 190.380401611, 190.821578979, 191.262756348, 191.703948975, 192.145126343, 192.586303711, 193.027481079, 193.468658447, 193.909835815, 194.351013184, 194.815414429, 195.279815674, 195.755828857, 196.231826782, 196.707839966, 197.183853149],
    "bpm_histogram": [0, 0, 0, 0, 0, 0, 0, 0, 0, 0, 0, 0, 0, 0, 0, 0, 0, 0, 0, 0, 0, 0, 0, 0, 0, 0, 0, 0, 0, 0, 0, 0, 0, 0, 0, 0, 0, 0, 0, 0, 0, 0, 0, 0, 0, 0, 0, 0, 0, 0, 0, 0, 0, 0, 0, 0, 0, 0, 0, 0, 0, 0, 0, 0, 0, 0, 0, 0, 0, 0, 0, 0, 0, 0, 0, 0, 0, 0, 0, 0, 0, 0, 0, 0, 0, 0, 0, 0, 0, 0, 0, 0, 0, 0, 0, 0, 0, 0, 0, 0, 0, 0, 0, 0, 0, 0, 0, 0, 0, 0, 0, 0, 0, 0, 0, 0, 0, 0, 0, 0, 0, 0, 0, 0.00224719103426, 0, 0, 0.031460672617, 0, 0, 0.0337078645825, 0, 0, 0, 0.0831460654736, 0, 0, 0.773033678532, 0, 0, 0, 0.058426965028, 0, 0, 0, 0, 0, 0, 0, 0, 0, 0, 0, 0, 0, 0, 0, 0, 0.00449438206851, 0, 0, 0, 0.00449438206851, 0, 0, 0, 0, 0, 0.00449438206851, 0, 0, 0, 0, 0.00449438206851, 0, 0, 0, 0, 0, 0, 0, 0, 0, 0, 0, 0, 0, 0, 0, 0, 0, 0, 0, 0, 0, 0, 0, 0, 0, 0, 0, 0, 0, 0, 0, 0, 0, 0, 0, 0, 0, 0, 0, 0, 0, 0, 0, 0, 0, 0, 0, 0, 0, 0, 0, 0, 0, 0, 0, 0, 0, 0, 0, 0, 0, 0, 0, 0, 0, 0, 0, 0, 0, 0, 0, 0, 0, 0, 0, 0, 0]
},
"tonal": {
    "chords_changes_rate": 0.0589340217412,
    "chords_number_rate": 0.0023479689844,
    "chords_strength": {
        "mean": 0.5113966465,
        "stdev": 0.152538821101
    },
    "hpcp_crest": {
        "mean": 13.7489013672,
        "stdev": 6.25500297546
    },
    "hpcp_entropy": {
        "mean": 1.83323073387,
        "stdev": 0.702261209488
    },
    "key_edma": {
        "strength": 0.517986595631,
        "key": "C",
        "scale": "minor"
    },
    "key_krumhansl": {
        "strength": 0.536681354046,
        "key": "C",
        "scale": "minor"
    },
    "key_temperley": {
        "strength": 0.554115772247,
        "key": "C",
        "scale": "minor"
    },
    "tuning_diatonic_strength": 0.510083556175,
    "tuning_equal_tempered_deviation": 0.216804414988,
    "tuning_frequency": 434.193115234,
    "tuning_nontempered_energy_ratio": 0.920450329781,
    "hpcp": {
        "mean": [0.0899233371019, 0.115393124521, 0.109637446702, 0.149946644902, 0.131901860237, 0.0574535056949, 0.048955604434, 0.0911501795053, 0.158189639449, 0.322522521019, 0.298345595598, 0.0974637567997, 0.0389344394207, 0.0487925410271, 0.0500204823911, 0.0701519101858, 0.0988118648529, 0.0876985415816, 0.142896711826, 0.155495628715, 0.0712543651462, 0.0361292399466, 0.0303819216788, 0.0296372119337, 0.0767279863358, 0.111867517233, 0.0942454114556, 0.133464157581, 0.148925051093, 0.0897176116705, 0.147135838866, 0.165696159005, 0.0810744315386, 0.142301529646, 0.157155781984, 0.0696355700493],
        "stdev": [0.211888328195, 0.264740496874, 0.235767409205, 0.267077803612, 0.232551172376, 0.13298329711, 0.148179367185, 0.245696991682, 0.255874961615, 0.376869261265, 0.337523639202, 0.171678334475, 0.112287849188, 0.157453477383, 0.150684297085, 0.155629500747, 0.204966157675, 0.199716284871, 0.220175921917, 0.24621386826, 0.125880509615, 0.101317130029, 0.0989080518484, 0.0980423092842, 0.169006034732, 0.232117071748, 0.215964570642, 0.283507943153, 0.304839283228, 0.212682127953, 0.221658140421, 0.253444284201, 0.144659727812, 0.276207357645, 0.309529453516, 0.146722748876]
    },
    "chords_histogram": [43.296546936, 4.0150270462, 5.51772737503, 4.0150270462, 0.493073493242, 3.42803478241, 0.845268845558, 2.27752995491, 0.258276581764, 0.422634422779, 0.0704390704632, 0.72787040472, 0, 0.516553163528, 0.0939187631011, 0.258276581764, 0, 2.34796905518, 3.09931898117, 0.234796896577, 0.117398448288, 0, 6.43343496323, 21.5308761597],
    "thpcp": [1, 0.925038039684, 0.302192091942, 0.120718516409, 0.151284143329, 0.155091434717, 0.217510119081, 0.306371986866, 0.271914482117, 0.443059653044, 0.482123315334, 0.22092834115, 0.11202082783, 0.0942009314895, 0.0918919146061, 0.237899616361, 0.346851795912, 0.292213439941, 0.413813441992, 0.461750864983, 0.278174728155, 0.456203311682, 0.51375067234, 0.251376032829, 0.441214233637, 0.487270712852, 0.215909168124, 0.278812587261, 0.357783138752, 0.339937329292, 0.464918375015, 0.408969461918, 0.17813795805, 0.151789724827, 0.282616466284, 0.490476250648],
    "chords_key": "C",
    "chords_scale": "minor"
}
}