{
"metadata": {
    "version": {
        "essentia": "2.1-dev",
        "essentia_git_sha": "v2.1_beta3-415-gd5473f3",
        "extractor": "music 2.0"
    },
    "audio_properties": {
        "analysis": {
            "equal_loudness": 0,
            "length": 431.412231445,
            "sample_rate": 44100,
            "start_time": 0,
            "downmix": "mix"
        },
        "bit_rate": 192000,
        "length": 431.412231445,
        "lossless": 0,
        "number_channels": 2,
        "replay_gain": -8.77554321289,
        "sample_rate": 44100,
        "codec": "mp3",
        "md5_encoded": "ca5552b4d21b1d69a43d3a6e2013428c"
    },
    "tags": {
        "file_name": "sunshine-alien_factory_remix_.mp3",
        "album": ["Sunshine ( Single )"],
        "artist": ["Dance Nation"],
        "genre": ["Other"],
        "title": ["Sunshine ( Alien Factory remix )"]
    }
},
"lowlevel": {
    "average_loudness": 0.889903903008,
    "barkbands_crest": {
        "mean": 14.4093360901,
        "stdev": 6.64008140564
    },
    "barkbands_flatness_db": {
        "mean": 0.209699183702,
        "stdev": 0.153250232339
    },
    "barkbands_kurtosis": {
        "mean": 102.576026917,
        "stdev": 580.509094238
    },
    "barkbands_skewness": {
        "mean": 3.66879057884,
        "stdev": 6.49992704391
    },
    "barkbands_spread": {
        "mean": 27.0292263031,
        "stdev": 22.9485626221
    },
    "dissonance": {
        "mean": 0.443240374327,
        "stdev": 0.0637974664569
    },
    "dynamic_complexity": 4.13412666321,
    "erbbands_crest": {
        "mean": 10.4367399216,
        "stdev": 6.06626987457
    },
    "erbbands_flatness_db": {
        "mean": 0.164663523436,
        "stdev": 0.0901570692658
    },
    "erbbands_kurtosis": {
        "mean": 11.7418785095,
        "stdev": 49.9366836548
    },
    "erbbands_skewness": {
        "mean": 0.968231499195,
        "stdev": 2.69187760353
    },
    "erbbands_spread": {
        "mean": 59.3219337463,
        "stdev": 42.3963394165
    },
    "hfc": {
        "mean": 29.8825950623,
        "stdev": 36.1975479126
    },
    "loudness_ebu128": {
        "integrated": -13.2271003723,
        "loudness_range": 5.72859382629,
        "momentary": {
            "mean": -15.7745409012,
            "stdev": 19.38920784
        },
        "short_term": {
            "mean": -14.1036071777,
            "stdev": 3.91689777374
        }
    },
    "melbands_crest": {
        "mean": 19.1831684113,
        "stdev": 7.35982942581
    },
    "melbands_flatness_db": {
        "mean": 0.282312035561,
        "stdev": 0.179296299815
    },
    "melbands_kurtosis": {
        "mean": 61.7445030212,
        "stdev": 110.431671143
    },
    "melbands_skewness": {
        "mean": 4.70154905319,
        "stdev": 4.01254701614
    },
    "melbands_spread": {
        "mean": 23.4389953613,
        "stdev": 29.692779541
    },
    "pitch_salience": {
        "mean": 0.450343310833,
        "stdev": 0.207672163844
    },
    "silence_rate_20dB": {
        "mean": 1,
        "stdev": 0
    },
    "silence_rate_30dB": {
        "mean": 0.850707709789,
        "stdev": 0.356395721436
    },
    "silence_rate_60dB": {
        "mean": 0.14304934442,
        "stdev": 0.350160360336
    },
    "spectral_centroid": {
        "mean": 1360.88745117,
        "stdev": 1213.53356934
    },
    "spectral_complexity": {
        "mean": 13.4712877274,
        "stdev": 12.9098243713
    },
    "spectral_decrease": {
        "mean": -1.24708252613e-08,
        "stdev": 1.61346900285e-08
    },
    "spectral_energy": {
        "mean": 0.0497781410813,
        "stdev": 0.0616649612784
    },
    "spectral_energyband_high": {
        "mean": 0.00238212523982,
        "stdev": 0.00378144043498
    },
    "spectral_energyband_low": {
        "mean": 0.0345499515533,
        "stdev": 0.0614474900067
    },
    "spectral_energyband_middle_high": {
        "mean": 0.0032313852571,
        "stdev": 0.00459590973333
    },
    "spectral_energyband_middle_low": {
        "mean": 0.0109100053087,
        "stdev": 0.0157911889255
    },
    "spectral_entropy": {
        "mean": 7.42212820053,
        "stdev": 1.17037510872
    },
    "spectral_flux": {
        "mean": 0.11955589056,
        "stdev": 0.0896847471595
    },
    "spectral_kurtosis": {
        "mean": 6.85714817047,
        "stdev": 26.8978595734
    },
    "spectral_rms": {
        "mean": 0.00575653789565,
        "stdev": 0.00392764480785
    },
    "spectral_rolloff": {
        "mean": 2114.11621094,
        "stdev": 3000.54418945
    },
    "spectral_skewness": {
        "mean": 1.60173988342,
        "stdev": 1.60024964809
    },
    "spectral_spread": {
        "mean": 7172137,
        "stdev": 3882914.25
    },
    "spectral_strongpeak": {
        "mean": 0.745917022228,
        "stdev": 0.873173475266
    },
    "zerocrossingrate": {
        "mean": 0.0786511227489,
        "stdev": 0.0702705830336
    },
    "barkbands": {
        "mean": [0.000178226749995, 0.0246334467083, 0.00860083661973, 0.00231298687868, 0.00438751466572, 0.00102857477032, 0.00175465422217, 0.000625071639661, 0.000485267548356, 0.000989732914604, 0.000343676627381, 0.000253147591138, 0.000376918062102, 0.000243732793024, 0.00027465086896, 0.00023026643612, 0.000161529955221, 0.000157165719429, 0.000239181914367, 0.00024971345556, 0.00035830255365, 0.000459667731775, 0.000361017504474, 0.000509772100486, 0.000323155371007, 0.000225835276069, 1.39240391945e-05],
        "stdev": [0.000301386229694, 0.0496663488448, 0.0230217836797, 0.00738438451663, 0.00835687387735, 0.00287299859338, 0.00470277899876, 0.00159601867199, 0.00136782345362, 0.00221269461326, 0.000774739484768, 0.000657325144857, 0.000919532147236, 0.00050123751862, 0.000626770837698, 0.000575399375521, 0.000392545975046, 0.000340433500241, 0.000485737575218, 0.000451695930678, 0.00062471581623, 0.000702243065462, 0.000662730017211, 0.00113066646736, 0.000660341873299, 0.000561203458346, 4.07967381761e-05]
    },
    "erbbands": {
        "mean": [0.493707090616, 6.20013141632, 11.7473611832, 8.24477005005, 12.2493972778, 15.568447113, 8.10447311401, 9.85257911682, 24.4331951141, 18.845407486, 11.5798912048, 13.082734108, 20.1366634369, 29.3206424713, 14.7328777313, 12.0570774078, 17.3368625641, 13.765789032, 15.9562320709, 11.630698204, 10.8287811279, 8.48870849609, 9.0030632019, 11.4587898254, 11.9742012024, 11.8634271622, 13.1454648972, 15.0168237686, 16.2000541687, 13.7031459808, 10.1934804916, 11.5224142075, 7.2995929718, 4.05978727341, 2.05966830254, 1.0528178215, 0.400372207165, 0.0685121938586, 0.0015508007491, 0.000107225831016],
        "stdev": [0.785491287708, 13.2606248856, 28.2113037109, 20.5095710754, 28.8757648468, 29.2018852234, 19.6991386414, 30.7437515259, 69.0959014893, 39.8866920471, 30.5189285278, 34.2173271179, 51.1744499207, 69.0741882324, 28.8476066589, 29.2584266663, 42.3214797974, 27.6991138458, 36.3065643311, 25.2261238098, 24.8443927765, 18.4789981842, 18.5221595764, 23.7956295013, 24.1305389404, 20.8786869049, 22.7437973022, 26.0270881653, 24.6714897156, 23.0355701447, 18.9617290497, 27.0692749023, 15.1522321701, 8.54587650299, 4.09881830215, 2.64720058441, 0.988705515862, 0.178233683109, 0.00397276040167, 0.000140602234751]
    },
    "gfcc": {
        "mean": [-54.5846633911, 58.2104034424, -64.7714767456, 39.8566665649, -63.3562660217, 23.4948253632, -35.508266449, 5.17200899124, -21.0242729187, 6.34483003616, -17.958612442, 5.49990940094, -11.3167095184],
        "cov": [[27869.0253906, -1696.05065918, -3243.27685547, 424.971435547, -280.141845703, 1105.26599121, -359.297424316, 983.697631836, -895.507324219, 524.553955078, -388.37097168, 403.288482666, -359.522888184], [-1696.05065918, 2751.99023438, 39.3346748352, -279.447875977, 811.672058105, -51.5171890259, 512.437866211, -16.8814487457, 408.009033203, -108.339073181, 342.126098633, -191.198303223, 135.602783203], [-3243.27685547, 39.3346748352, 3088.24536133, 961.101379395, 173.214096069, -56.5976104736, 86.4608612061, -243.423217773, 132.364776611, 32.9650497437, 4.20710420609, 40.4106254578, 52.4546699524], [424.971435547, -279.447875977, 961.101379395, 1242.94970703, 507.540405273, 131.200836182, 247.964447021, 12.8893575668, -12.8747615814, 57.4567604065, 23.5543880463, 23.160161972, 46.0120773315], [-280.141845703, 811.672058105, 173.214096069, 507.540405273, 1297.14379883, 331.011627197, 565.41192627, 199.928024292, 179.260284424, 45.0713615417, 207.67401123, -33.2537155151, 118.113967896], [1105.26599121, -51.5171890259, -56.5976104736, 131.200836182, 331.011627197, 489.169525146, 198.484344482, 182.722869873, 76.3362350464, 47.0443954468, 48.8398361206, 9.34379482269, 16.6575737], [-359.297424316, 512.437866211, 86.4608612061, 247.964447021, 565.41192627, 198.484344482, 531.932373047, 201.950256348, 180.581939697, 81.4632644653, 149.981140137, -21.0235061646, 45.2018890381], [983.697631836, -16.8814487457, -243.423217773, 12.8893575668, 199.928024292, 182.722869873, 201.950256348, 346.47744751, 131.505172729, 144.621582031, 105.387763977, 55.3827476501, 5.89028787613], [-895.507324219, 408.009033203, 132.364776611, -12.8747615814, 179.260284424, 76.3362350464, 180.581939697, 131.505172729, 283.230438232, 78.6354598999, 153.754882812, -10.6899223328, 35.5061721802], [524.553955078, -108.339073181, 32.9650497437, 57.4567604065, 45.0713615417, 47.0443954468, 81.4632644653, 144.621582031, 78.6354598999, 187.499450684, 75.0734405518, 74.1999511719, -4.4773607254], [-388.37097168, 342.126098633, 4.20710420609, 23.5543880463, 207.67401123, 48.8398361206, 149.981140137, 105.387763977, 153.754882812, 75.0734405518, 192.801101685, 25.3974170685, 45.087474823], [403.288482666, -191.198303223, 40.4106254578, 23.160161972, -33.2537155151, 9.34379482269, -21.0235061646, 55.3827476501, -10.6899223328, 74.1999511719, 25.3974170685, 127.763916016, 18.8835315704], [-359.522888184, 135.602783203, 52.4546699524, 46.0120773315, 118.113967896, 16.6575737, 45.2018890381, 5.89028787613, 35.5061721802, -4.4773607254, 45.087474823, 18.8835315704, 88.4426269531]],
        "icov": [[9.65543003986e-05, -0.000174662171048, 0.000105782593891, -0.000198901761905, 9.47777807596e-05, -0.0002778354974, 0.000242368856561, -0.000320281164022, 0.000436131056631, -0.000330927636242, 0.000227612588787, -0.00019453978166, 0.000257905601757], [-0.000174662171048, 0.00130713975523, -0.000253165489994, 0.000869036070071, -0.000651393900625, 0.000961617624853, -0.00102480396163, 0.00110863673035, -0.00140633666888, 0.00125007459428, -0.00145948282443, 0.00109670800157, -0.000739626877476], [0.000105782593891, -0.000253165489994, 0.000685371924192, -0.000708805862814, 0.000180305854883, -0.000323025917169, 0.000261938112089, 0.000352971896064, -0.000313837314025, -0.000542502559256, 0.00070440757554, -0.000742019794416, 0.000340955972206], [-0.000198901761905, 0.000869036070071, -0.000708805862814, 0.00212084711529, -0.000880882958882, 0.00071806187043, -0.00111364945769, 0.000853944162372, -0.00026586005697, 0.000469662627438, -0.000910324510187, 0.000948669621721, -0.000878454651684], [9.47777807596e-05, -0.000651393900625, 0.000180305854883, -0.000880882958882, 0.00225279177539, -0.00106157979462, -0.000890050432645, -0.000607807189226, 0.00117864680942, -0.000220357454964, -0.000330566283083, 3.51742492057e-05, -0.000901232881006], [-0.0002778354974, 0.000961617624853, -0.000323025917169, 0.00071806187043, -0.00106157979462, 0.00398066034541, -0.00111359474249, -0.00028295442462, -0.00183395214844, 0.00176134111825, -0.000343438674463, 0.000650720321573, -0.00066822260851], [0.000242368856561, -0.00102480396163, 0.000261938112089, -0.00111364945769, -0.000890050432645, -0.00111359474249, 0.00565500278026, -0.00248826155439, 0.000501092290506, -0.00158546422608, 0.000572766060941, 0.000380357581889, 0.000999791431241], [-0.000320281164022, 0.00110863673035, 0.000352971896064, 0.000853944162372, -0.000607807189226, -0.00028295442462, -0.00248826155439, 0.0086319828406, -0.0036688495893, -0.00183368427679, -0.00102009740658, -0.000924977124669, 4.08065307056e-06], [0.000436131056631, -0.00140633666888, -0.000313837314025, -0.00026586005697, 0.00117864680942, -0.00183395214844, 0.000501092290506, -0.0036688495893, 0.0112756853923, -0.00331328529865, -0.00372825493105, 0.00243306462653, -0.000300153740682], [-0.000330927636242, 0.00125007459428, -0.000542502559256, 0.000469662627438, -0.000220357454964, 0.00176134111825, -0.00158546422608, -0.00183368427679, -0.00331328529865, 0.0130981002003, -0.00334677961655, -0.00421045068651, 0.00230889255181], [0.000227612588787, -0.00145948282443, 0.00070440757554, -0.000910324510187, -0.000330566283083, -0.000343438674463, 0.000572766060941, -0.00102009740658, -0.00372825493105, -0.00334677961655, 0.0139779187739, -0.00339926336892, -0.00157260592096], [-0.00019453978166, 0.00109670800157, -0.000742019794416, 0.000948669621721, 3.51742492057e-05, 0.000650720321573, 0.000380357581889, -0.000924977124669, 0.00243306462653, -0.00421045068651, -0.00339926336892, 0.0146961109713, -0.00542289763689], [0.000257905601757, -0.000739626877476, 0.000340955972206, -0.000878454651684, -0.000901232881006, -0.00066822260851, 0.000999791431241, 4.08065307056e-06, -0.000300153740682, 0.00230889255181, -0.00157260592096, -0.00542289763689, 0.0167591050267]]
    },
    "melbands": {
        "mean": [0.00585508393124, 0.00721744028851, 0.00157061207574, 0.00111917639151, 0.000344231608324, 0.000205046264455, 0.000380577141186, 0.000190696824575, 8.96272613318e-05, 7.78138637543e-05, 0.000100253353594, 0.000122713885503, 4.68198704766e-05, 3.27477609972e-05, 4.14552196162e-05, 2.81933207589e-05, 2.59632270172e-05, 2.48932137765e-05, 1.62461292348e-05, 1.8914719476e-05, 1.06595643956e-05, 8.64574394654e-06, 8.16232659417e-06, 8.05762465461e-06, 9.39421624935e-06, 9.04613352759e-06, 8.34870115796e-06, 7.6736059782e-06, 7.75531680119e-06, 8.59705687617e-06, 8.73816497915e-06, 8.96825986274e-06, 8.95014818525e-06, 7.15460009815e-06, 5.95232950218e-06, 5.78490335101e-06, 7.67837627791e-06, 5.65227264815e-06, 3.58872148354e-06, 3.43274155057e-06],
        "stdev": [0.0108432015404, 0.0152778076008, 0.00364818284288, 0.00219791638665, 0.000738876406103, 0.000617634679656, 0.00106145301834, 0.000401495781261, 0.000231999889365, 0.000212251747143, 0.000256316096056, 0.000300301064271, 9.72927809926e-05, 7.48088568798e-05, 0.000106564388261, 6.31265138509e-05, 5.48173629795e-05, 5.80157175136e-05, 3.51352209691e-05, 4.96483989991e-05, 2.55931208812e-05, 2.10307225643e-05, 1.7141292119e-05, 1.72017353179e-05, 2.05036722036e-05, 1.85764747584e-05, 1.73449989234e-05, 1.37222004923e-05, 1.35363125082e-05, 1.53317196236e-05, 1.55645921041e-05, 1.38245959533e-05, 1.4404610738e-05, 1.28006140585e-05, 1.14601807581e-05, 1.24703055917e-05, 1.92739480553e-05, 1.18555572044e-05, 8.02345130069e-06, 7.54986103857e-06]
    },
    "melbands128": {
        "mean": [0.000169769162312, 0.00260971183889, 0.0088724186644, 0.0109257474542, 0.00747386692092, 0.00362781062722, 0.0015464858152, 0.00116253946908, 0.00113633193541, 0.00149247131776, 0.000997121678665, 0.000380313373171, 0.000232894541114, 0.000228820033954, 0.000259653897956, 0.000142653225339, 0.000138300762046, 0.000611971598119, 0.000365661631804, 0.000163909513503, 0.00016965685063, 0.000100325880339, 7.53912827349e-05, 6.83067628415e-05, 0.000108489512058, 5.48790667381e-05, 7.05312777427e-05, 0.000132645931444, 6.16930774413e-05, 0.000204048628802, 0.000109173612145, 4.13388261222e-05, 4.44515353593e-05, 5.4708099924e-05, 3.48136127286e-05, 2.77265025943e-05, 2.76773571386e-05, 2.80945332634e-05, 7.64850701671e-05, 3.14016833727e-05, 1.30968619487e-05, 2.36317846429e-05, 2.85042715404e-05, 2.6979141694e-05, 1.66133795574e-05, 2.70928503596e-05, 3.38768622896e-05, 1.47294140334e-05, 9.03164709598e-06, 1.39293979373e-05, 2.5452574846e-05, 1.79889320862e-05, 1.07665409814e-05, 7.87958924775e-06, 8.92989464774e-06, 7.9501151049e-06, 8.24586004455e-06, 1.12052666736e-05, 5.12259975949e-06, 9.24153482629e-06, 8.3347886175e-06, 6.87711417413e-06, 8.9792538347e-06, 1.03108559415e-05, 1.01908308352e-05, 8.82902622834e-06, 8.40003940539e-06, 8.56434417074e-06, 8.38917640067e-06, 8.05600393505e-06, 7.19309082342e-06, 8.5219680841e-06, 6.5818121584e-06, 7.51878633309e-06, 8.96967685549e-06, 8.32144905871e-06, 8.78931496118e-06, 8.7886419351e-06, 8.59507963469e-06, 9.07500088942e-06, 7.83018185757e-06, 9.76682440523e-06, 9.75615148491e-06, 8.56112910697e-06, 9.16882891033e-06, 6.4296355049e-06, 6.67407357469e-06, 7.82212919148e-06, 5.90036916037e-06, 4.41235943072e-06, 5.6258281802e-06, 5.56095619686e-06, 7.39520373827e-06, 7.70326369093e-06, 8.36348863231e-06, 6.6352081376e-06, 5.07480808665e-06, 4.08407686336e-06, 3.60893363904e-06, 3.36106677423e-06, 3.09348160954e-06, 3.80550272894e-06, 3.35755703418e-06, 2.71673616226e-06, 2.15716659113e-06, 1.94201879822e-06, 1.73038779394e-06, 1.71193937604e-06, 2.08603955798e-06, 1.86877230135e-06, 1.36053324695e-06, 1.38564871577e-06, 1.35809432322e-06, 1.06893151042e-06, 1.04598962025e-06, 6.68627080813e-07, 5.4868053212e-07, 6.38775503603e-08, 1.05402275449e-11, 7.84521145963e-12, 7.54568369593e-12, 7.32067791803e-12, 7.12346154286e-12, 6.97420897075e-12, 6.8492472978e-12, 6.76084188633e-12, 6.69744771795e-12, 6.6471710948e-12],
        "stdev": [0.000290672411211, 0.00367882079445, 0.0173425432295, 0.0257270839065, 0.0182119272649, 0.0096249775961, 0.00440625566989, 0.0036790932063, 0.00328397355042, 0.00328554818407, 0.00206494727172, 0.00107681378722, 0.000756862806156, 0.000605546694715, 0.00103420927189, 0.000475130247651, 0.000349531852407, 0.00196372298524, 0.000998526462354, 0.000426967424573, 0.000517086591572, 0.000335083721438, 0.000295431847917, 0.000217221255298, 0.000338801619364, 0.000236070991377, 0.000283921865048, 0.000434941728599, 0.000152065273141, 0.000584702356718, 0.000282449240331, 0.000128590836539, 0.000119887656183, 0.000151561616804, 0.000102635502117, 9.89194741123e-05, 0.000100521989225, 0.000115941322292, 0.000246228999458, 8.25209135655e-05, 4.06061481044e-05, 0.000110286608106, 6.57651107758e-05, 7.10044187144e-05, 5.58391475352e-05, 7.83398936619e-05, 9.33461269597e-05, 5.04033014295e-05, 2.5166415071e-05, 4.09752356063e-05, 8.26428513392e-05, 5.30123143108e-05, 3.68476321455e-05, 2.6885416446e-05, 3.54550902557e-05, 2.51133169513e-05, 2.22431990551e-05, 3.29733156832e-05, 1.28489127746e-05, 2.79417108686e-05, 1.85833287105e-05, 1.92775605683e-05, 2.06142103707e-05, 2.86666800093e-05, 2.52723420999e-05, 2.0400437279e-05, 2.119488272e-05, 2.40238023252e-05, 1.98557336262e-05, 1.69944123627e-05, 1.4190204638e-05, 1.88838457689e-05, 1.26936256493e-05, 1.47630235006e-05, 2.06940603675e-05, 1.63205550052e-05, 1.61983825819e-05, 1.88440080819e-05, 1.64773045981e-05, 1.70762923517e-05, 1.35104846777e-05, 1.71248866536e-05, 1.63887198141e-05, 1.62348642334e-05, 1.73032058228e-05, 1.20345684991e-05, 1.31985116241e-05, 2.06317999982e-05, 1.26395752886e-05, 8.77076672623e-06, 1.23032586998e-05, 1.31038741529e-05, 1.9325330868e-05, 2.26231604756e-05, 2.15761647269e-05, 1.47124519572e-05, 1.0412401025e-05, 9.45408828557e-06, 8.60754425958e-06, 8.92854768608e-06, 6.88830868967e-06, 1.02402882476e-05, 7.32218040866e-06, 6.16755005467e-06, 4.31688613389e-06, 4.04256843467e-06, 4.02722525905e-06, 4.11472183259e-06, 6.17018531557e-06, 5.99896065978e-06, 3.47026070813e-06, 3.8906609916e-06, 3.85125395042e-06, 2.4803434826e-06, 2.68967619377e-06, 1.89948309526e-06, 1.61226091677e-06, 1.86293775073e-07, 2.07310089234e-11, 1.45154591472e-11, 1.40675656887e-11, 1.37025425728e-11, 1.3389982699e-11, 1.31375856374e-11, 1.29213488867e-11, 1.27586916726e-11, 1.26419673341e-11, 1.25632091535e-11]
    },
    "mfcc": {
        "mean": [-706.776123047, 90.2463302612, 46.6225891113, 22.6418857574, 6.48502397537, 15.9095258713, -1.01048612595, 3.9650323391, 1.00284397602, 0.474406987429, -0.17663359642, -0.566687822342, -0.242116913199],
        "cov": [[22081.7128906, -1184.99768066, -2823.59326172, -723.370178223, -418.84588623, -47.2208747864, 543.778930664, 301.204803467, 126.518768311, 362.55871582, -67.2723846436, -85.6211013794, -21.6511764526], [-1184.99768066, 2408.45532227, -263.079925537, -64.9010391235, 215.907974243, 89.3877868652, 212.533111572, 207.126815796, 145.639953613, 217.527252197, 169.165649414, 156.302963257, 127.224784851], [-2823.59326172, -263.079925537, 2388.59960938, 752.466491699, 314.480957031, 247.362762451, -102.737205505, -128.042922974, -3.58915829659, -201.96144104, 1.76786363125, 27.3455562592, 9.67947006226], [-723.370178223, -64.9010391235, 752.466491699, 1186.85559082, 419.627166748, 371.230773926, 319.840209961, 116.003067017, 149.550384521, 16.4905014038, 64.1704025269, 96.3025817871, 126.211936951], [-418.84588623, 215.907974243, 314.480957031, 419.627166748, 571.715270996, 333.081878662, 282.102478027, 177.70942688, 151.767913818, 98.6527099609, 51.7275810242, 91.8329238892, 66.4860076904], [-47.2208747864, 89.3877868652, 247.362762451, 371.230773926, 333.081878662, 443.381378174, 305.700408936, 177.920501709, 155.100296021, 73.7437896729, 59.4543266296, 45.2295608521, 31.2499656677], [543.778930664, 212.533111572, -102.737205505, 319.840209961, 282.102478027, 305.700408936, 448.615234375, 255.461578369, 204.092224121, 165.079345703, 99.8947982788, 100.285926819, 85.0534744263], [301.204803467, 207.126815796, -128.042922974, 116.003067017, 177.70942688, 177.920501709, 255.461578369, 261.499420166, 163.276916504, 156.721679688, 101.807487488, 80.8751068115, 66.7602310181], [126.518768311, 145.639953613, -3.58915829659, 149.550384521, 151.767913818, 155.100296021, 204.092224121, 163.276916504, 204.905914307, 140.843078613, 84.4698562622, 87.6362228394, 73.3672485352], [362.55871582, 217.527252197, -201.96144104, 16.4905014038, 98.6527099609, 73.7437896729, 165.079345703, 156.721679688, 140.843078613, 224.209625244, 125.748092651, 107.157798767, 89.9283294678], [-67.2723846436, 169.165649414, 1.76786363125, 64.1704025269, 51.7275810242, 59.4543266296, 99.8947982788, 101.807487488, 84.4698562622, 125.748092651, 161.447113037, 111.894493103, 86.3583602905], [-85.6211013794, 156.302963257, 27.3455562592, 96.3025817871, 91.8329238892, 45.2295608521, 100.285926819, 80.8751068115, 87.6362228394, 107.157798767, 111.894493103, 172.462249756, 120.289421082], [-21.6511764526, 127.224784851, 9.67947006226, 126.211936951, 66.4860076904, 31.2499656677, 85.0534744263, 66.7602310181, 73.3672485352, 89.9283294678, 86.3583602905, 120.289421082, 164.720321655]],
        "icov": [[6.03316402703e-05, 4.22091688961e-05, 5.14555540576e-05, 1.62664582604e-05, 5.07934564666e-05, -1.13125433927e-05, -0.000123934718431, 1.03329984995e-05, 4.35391266365e-05, -0.000106333885924, 9.14704942261e-05, 1.5854884623e-05, -1.95817465283e-05], [4.22091688961e-05, 0.000514694256708, 5.8636032918e-05, 0.000130927743157, -0.000192847670405, 9.70740220509e-05, -0.000171327890712, -8.02304421086e-05, 6.17741388851e-05, -0.000133959270897, -0.000238831766183, -1.19161468319e-05, -0.000135810856591], [5.14555540576e-05, 5.8636032918e-05, 0.000812486629002, -0.00038966658758, -0.000310174946208, -0.000411296030506, 0.000760399212595, 0.000302386557451, -0.000511231832206, 0.00082749867579, -0.000617652141955, -0.000210907572182, 0.000154109802679], [1.62664582604e-05, 0.000130927743157, -0.00038966658758, 0.00179098395165, -0.000537189713214, -0.00023934028286, -0.00131121522281, 0.000678716460243, -0.000216030864976, 0.000778734101914, -0.000335381308105, 0.000491915212478, -0.00129649834707], [5.07934564666e-05, -0.000192847670405, -0.000310174946208, -0.000537189713214, 0.00415896018967, -0.00199632998556, -0.000317188940244, -0.00103588809725, 0.000678796204738, -0.00149496318772, 0.0025541537907, -0.00178941548802, 0.000350636284566], [-1.13125433927e-05, 9.70740220509e-05, -0.000411296030506, -0.00023934028286, -0.00199632998556, 0.00673705199733, -0.00310575915501, -0.000443979690317, -0.00147153576836, 0.00156291062012, -0.00176040141378, 0.00167669355869, 0.000943017948885], [-0.000123934718431, -0.000171327890712, 0.000760399212595, -0.00131121522281, -0.000317188940244, -0.00310575915501, 0.00922160875052, -0.00403732061386, -0.00174044491723, -0.000484560150653, 0.000754982116632, -0.00123246118892, 0.000211941354792], [1.03329984995e-05, -8.02304421086e-05, 0.000302386557451, 0.000678716460243, -0.00103588809725, -0.000443979690317, -0.00403732061386, 0.0127117475495, -0.00364353461191, -0.00183132919483, -0.00301380897872, 0.00170973024797, -8.531477215e-05], [4.35391266365e-05, 6.17741388851e-05, -0.000511231832206, -0.000216030864976, 0.000678796204738, -0.00147153576836, -0.00174044491723, -0.00364353461191, 0.014103169553, -0.00560793234035, 0.00234705721959, -0.00194791762624, -0.000493844272569], [-0.000106333885924, -0.000133959270897, 0.00082749867579, 0.000778734101914, -0.00149496318772, 0.00156291062012, -0.000484560150653, -0.00183132919483, -0.00560793234035, 0.0152997924015, -0.00704853003845, -0.000135646405397, -0.00131712772418], [9.14704942261e-05, -0.000238831766183, -0.000617652141955, -0.000335381308105, 0.0025541537907, -0.00176040141378, 0.000754982116632, -0.00301380897872, 0.00234705721959, -0.00704853003845, 0.0173190198839, -0.00710097094998, -0.000467130070319], [1.5854884623e-05, -1.19161468319e-05, -0.000210907572182, 0.000491915212478, -0.00178941548802, 0.00167669355869, -0.00123246118892, 0.00170973024797, -0.00194791762624, -0.000135646405397, -0.00710097094998, 0.0171925462782, -0.00789622496814], [-1.95817465283e-05, -0.000135810856591, 0.000154109802679, -0.00129649834707, 0.000350636284566, 0.000943017948885, 0.000211941354792, -8.531477215e-05, -0.000493844272569, -0.00131712772418, -0.000467130070319, -0.00789622496814, 0.0137125523761]]
    },
    "spectral_contrast_coeffs": {
        "mean": [-0.671159148216, -0.746429502964, -0.789243638515, -0.81853556633, -0.821896016598, -0.78483325243],
        "stdev": [0.12327260524, 0.092148244381, 0.0858904123306, 0.0643057301641, 0.0455135852098, 0.0478181317449]
    },
    "spectral_contrast_valleys": {
        "mean": [-7.37804937363, -7.76757764816, -8.49906253815, -8.7370634079, -8.48785686493, -10.0333814621],
        "stdev": [2.23189234734, 2.05973744392, 2.15044283867, 2.18826031685, 2.21015167236, 2.13669681549]
    }
},
"rhythm": {
    "beats_count": 991,
    "beats_loudness": {
        "mean": 0.0798586681485,
        "stdev": 0.0720542371273
    },
    "bpm": 137.578079224,
    "bpm_histogram_first_peak_bpm": 136,
    "bpm_histogram_first_peak_weight": 0.496132612228,
    "bpm_histogram_second_peak_bpm": 144,
    "bpm_histogram_second_peak_spread": 0.0714285969734,
    "bpm_histogram_second_peak_weight": 0.0393939390779,
    "danceability": 1.55191791058,
    "onset_rate": 4.42948865891,
    "beats_loudness_band_ratio": {
        "mean": [0.573159635067, 0.192310929298, 0.0862872973084, 0.0423795953393, 0.0242416057736, 0.119670115411],
        "stdev": [0.329392433167, 0.217858225107, 0.156231835485, 0.0823198631406, 0.0515731163323, 0.143682301044]
    },
