{
"metadata": {
    "version": {
        "essentia": "2.1-dev",
        "essentia_git_sha": "v2.1_beta3-415-gd5473f3",
        "extractor": "music 2.0"
    },
    "audio_properties": {
        "analysis": {
            "equal_loudness": 0,
            "length": 220.081634521,
            "sample_rate": 44100,
            "start_time": 0,
            "downmix": "mix"
        },
        "bit_rate": 192000,
        "length": 220.081634521,
        "lossless": 0,
        "number_channels": 2,
        "replay_gain": -9.92902374268,
        "sample_rate": 44100,
        "codec": "mp3",
        "md5_encoded": "6332d42d73bc3519e56a024101768770"
    },
    "tags": {
        "file_name": "varios-will_i.mp3",
        "album": ["The original sessions. Vol V. Progressive"],
        "artist": ["Vaios"],
        "genre": ["Other"],
        "title": ["Will I"]
    }
},
"lowlevel": {
    "average_loudness": 0.827132225037,
    "barkbands_crest": {
        "mean": 8.60134983063,
        "stdev": 4.78809070587
    },
    "barkbands_flatness_db": {
        "mean": 0.0873751789331,
        "stdev": 0.051693238318
    },
    "barkbands_kurtosis": {
        "mean": 1.97648179531,
        "stdev": 9.02322006226
    },
    "barkbands_skewness": {
        "mean": 1.05140554905,
        "stdev": 1.23155105114
    },
    "barkbands_spread": {
        "mean": 36.1242103577,
        "stdev": 16.186630249
    },
    "dissonance": {
        "mean": 0.471821993589,
        "stdev": 0.0237856265157
    },
    "dynamic_complexity": 2.83452916145,
    "erbbands_crest": {
        "mean": 6.37224912643,
        "stdev": 3.57862901688
    },
    "erbbands_flatness_db": {
        "mean": 0.121658287942,
        "stdev": 0.0440829247236
    },
    "erbbands_kurtosis": {
        "mean": -0.146495267749,
        "stdev": 1.42033064365
    },
    "erbbands_skewness": {
        "mean": -0.0274260733277,
        "stdev": 0.648439407349
    },
    "erbbands_spread": {
        "mean": 47.9686317444,
        "stdev": 17.3242988586
    },
    "hfc": {
        "mean": 30.3263320923,
        "stdev": 24.3997707367
    },
    "loudness_ebu128": {
        "integrated": -13.242647171,
        "loudness_range": 5.18577289581,
        "momentary": {
            "mean": -16.752035141,
            "stdev": 26.2477035522
        },
        "short_term": {
            "mean": -14.0308008194,
            "stdev": 4.19186878204
        }
    },
    "melbands_crest": {
        "mean": 13.2911882401,
        "stdev": 6.53030490875
    },
    "melbands_flatness_db": {
        "mean": 0.135020315647,
        "stdev": 0.0701916739345
    },
    "melbands_kurtosis": {
        "mean": 10.6771373749,
        "stdev": 19.8291301727
    },
    "melbands_skewness": {
        "mean": 2.4400498867,
        "stdev": 1.6862487793
    },
    "melbands_spread": {
        "mean": 39.7855758667,
        "stdev": 24.790266037
    },
    "pitch_salience": {
        "mean": 0.576701283455,
        "stdev": 0.139576599002
    },
    "silence_rate_20dB": {
        "mean": 1,
        "stdev": 0
    },
    "silence_rate_30dB": {
        "mean": 0.996308028698,
        "stdev": 0.0606500208378
    },
    "silence_rate_60dB": {
        "mean": 0.059810128063,
        "stdev": 0.237122431397
    },
    "spectral_centroid": {
        "mean": 2017.54467773,
        "stdev": 1152.80297852
    },
    "spectral_complexity": {
        "mean": 24.5521087646,
        "stdev": 11.5034322739
    },
    "spectral_decrease": {
        "mean": -6.18163520372e-09,
        "stdev": 6.04101746404e-09
    },
    "spectral_energy": {
        "mean": 0.0260816588998,
        "stdev": 0.0236322432756
    },
    "spectral_energyband_high": {
        "mean": 0.00202999915928,
        "stdev": 0.00216350937262
    },
    "spectral_energyband_low": {
        "mean": 0.00945944804698,
        "stdev": 0.0192105844617
    },
    "spectral_energyband_middle_high": {
        "mean": 0.0055485968478,
        "stdev": 0.00505995005369
    },
    "spectral_energyband_middle_low": {
        "mean": 0.0100721521303,
        "stdev": 0.0110575826839
    },
    "spectral_entropy": {
        "mean": 8.01083087921,
        "stdev": 0.421134859324
    },
    "spectral_flux": {
        "mean": 0.0904059782624,
        "stdev": 0.0629325285554
    },
    "spectral_kurtosis": {
        "mean": 3.06625890732,
        "stdev": 3.57690811157
    },
    "spectral_rms": {
        "mean": 0.0045634591952,
        "stdev": 0.00214948994108
    },
    "spectral_rolloff": {
        "mean": 3212.21069336,
        "stdev": 2812.43310547
    },
    "spectral_skewness": {
        "mean": 1.30279099941,
        "stdev": 0.407537579536
    },
    "spectral_spread": {
        "mean": 6164892.5,
        "stdev": 3966246.25
    },
    "spectral_strongpeak": {
        "mean": 0.869213342667,
        "stdev": 1.05766022205
    },
    "zerocrossingrate": {
        "mean": 0.111754857004,
        "stdev": 0.0680382102728
    },
    "barkbands": {
        "mean": [0.000239273736952, 0.00514289783314, 0.00315643125214, 0.00163125270046, 0.00223553809337, 0.00279257702641, 0.000726221944205, 0.000932484748773, 0.00155187258497, 0.000559748965316, 0.00110449385829, 0.000461565388832, 0.000443432159955, 0.000348933710484, 0.000521102861967, 0.000498523644637, 0.000517579203006, 0.000533913495019, 0.000441785290604, 0.000411762710428, 0.000343443738529, 0.00032558105886, 0.000327668560203, 0.000298247439787, 0.000310594390612, 0.000211032514926, 1.3675734408e-05],
        "stdev": [0.000747026875615, 0.0137763926759, 0.00871512107551, 0.00537287304178, 0.00402558036149, 0.00438089389354, 0.00216075801291, 0.00179598864634, 0.00337243336253, 0.00180986791383, 0.00262599484995, 0.000858610961586, 0.000813875580207, 0.000380237645004, 0.000604581611697, 0.000674479291774, 0.000649745459668, 0.000683255959302, 0.000420953991124, 0.000359557103366, 0.000282674882328, 0.000336947938194, 0.000528966193087, 0.000388035201468, 0.000487391691422, 0.00037748858449, 2.46576582867e-05]
    },
    "erbbands": {
        "mean": [0.174126446247, 1.06944406033, 3.29182744026, 5.05129718781, 5.70954275131, 7.50482082367, 19.9068622589, 19.684803009, 10.517742157, 13.7481708527, 28.5311222076, 34.8926467896, 17.7368164062, 38.0047111511, 29.2018623352, 19.7669391632, 20.9664916992, 21.8523845673, 22.9619235992, 27.012720108, 26.3233032227, 28.8087520599, 29.4882030487, 27.9024295807, 20.0757045746, 18.9666175842, 14.2331781387, 13.3997354507, 12.1800203323, 9.68820095062, 9.76537322998, 7.31023216248, 4.46560049057, 3.38455224037, 2.20093727112, 0.919986128807, 0.400129109621, 0.0737006738782, 0.00162283901591, 8.20217537694e-05],
        "stdev": [0.512745976448, 2.96745443344, 8.8715839386, 14.652964592, 16.0940647125, 11.9339942932, 32.2845039368, 34.7785568237, 27.4137611389, 32.6326217651, 55.4024848938, 81.5367202759, 56.3951377869, 99.3839492798, 64.6374359131, 31.9692764282, 35.353061676, 22.181936264, 29.6447734833, 27.7847309113, 28.9538650513, 41.1122741699, 42.8829040527, 27.2872276306, 17.7703399658, 16.9194431305, 11.3532457352, 11.8521223068, 12.6484413147, 11.7283229828, 17.0286521912, 10.116150856, 6.0526342392, 5.14505290985, 3.66193342209, 1.46835434437, 0.846348464489, 0.147651255131, 0.00302389194258, 9.76907758741e-05]
    },
    "gfcc": {
        "mean": [21.0997905731, 44.4899749756, -113.670204163, 28.5592956543, -61.2624359131, 9.9816493988, -44.8480300903, 8.90697669983, -30.2847270966, 3.9813580513, -21.8403701782, 5.05489015579, -15.3746671677],
        "cov": [[21690.0527344, -391.391693115, -943.544555664, 391.397918701, -743.600280762, 550.48815918, -706.614685059, 478.289581299, -516.715881348, 244.005905151, -408.545379639, 287.97869873, -291.497650146], [-391.391693115, 1531.51037598, -344.059143066, -49.0389709473, 214.547973633, -50.5078964233, 230.787506104, -45.1614570618, 172.303573608, -111.488128662, 132.989624023, -114.493988037, 125.792381287], [-943.544555664, -344.059143066, 938.27746582, 147.669555664, 124.799118042, 217.771133423, 19.8662815094, 148.519515991, 51.0058898926, 102.226753235, 6.05392122269, 65.2686462402, -11.6654596329], [391.397918701, -49.0389709473, 147.669555664, 375.546142578, 79.1238174438, 77.2026748657, 19.2234191895, 21.1673374176, 19.2101020813, 30.1772499084, 1.65442419052, 5.27375793457, -18.0591907501], [-743.600280762, 214.547973633, 124.799118042, 79.1238174438, 288.667236328, 74.4362945557, 131.344223022, 44.1196746826, 94.4534835815, 14.6572589874, 50.0673179626, -0.651465594769, 37.1531867981], [550.48815918, -50.5078964233, 217.771133423, 77.2026748657, 74.4362945557, 204.620132446, 63.7277069092, 104.506851196, 24.0518321991, 52.8987236023, 16.2953720093, 37.8409805298, 4.41739988327], [-706.614685059, 230.787506104, 19.8662815094, 19.2234191895, 131.344223022, 63.7277069092, 200.763809204, 35.4628829956, 81.6620941162, 15.4888648987, 67.1650695801, -2.2649474144, 41.6270828247], [478.289581299, -45.1614570618, 148.519515991, 21.1673374176, 44.1196746826, 104.506851196, 35.4628829956, 157.39654541, 60.2741127014, 55.6817359924, 22.0036239624, 47.2081832886, 17.6708641052], [-516.715881348, 172.303573608, 51.0058898926, 19.2101020813, 94.4534835815, 24.0518321991, 81.6620941162, 60.2741127014, 139.676773071, 44.6374053955, 63.5127334595, 14.1065034866, 46.5016021729], [244.005905151, -111.488128662, 102.226753235, 30.1772499084, 14.6572589874, 52.8987236023, 15.4888648987, 55.6817359924, 44.6374053955, 97.0790176392, 36.5196304321, 45.5353012085, 8.39460372925], [-408.545379639, 132.989624023, 6.05392122269, 1.65442419052, 50.0673179626, 16.2953720093, 67.1650695801, 22.0036239624, 63.5127334595, 36.5196304321, 94.0683670044, 28.9775257111, 46.4124755859], [287.97869873, -114.493988037, 65.2686462402, 5.27375793457, -0.651465594769, 37.8409805298, -2.2649474144, 47.2081832886, 14.1065034866, 45.5353012085, 28.9775257111, 83.7882919312, 30.2376346588], [-291.497650146, 125.792381287, -11.6654596329, -18.0591907501, 37.1531867981, 4.41739988327, 41.6270828247, 17.6708641052, 46.5016021729, 8.39460372925, 46.4124755859, 30.2376346588, 77.1368026733]],
        "icov": [[0.000181144059752, -0.000356532196747, 0.00042166467756, -0.000237134780036, 0.000201458955416, -0.00060621148441, 0.000564913148992, -0.00066281540785, 0.000717675313354, -0.000960036471952, 0.000915479729883, -0.000861779553816, 0.000517690437846], [-0.000356532196747, 0.00220399536192, -0.000428515515523, 0.000498254899867, -0.000707253580913, 0.000682531739585, -0.00129781628493, 0.00134399603121, -0.00261299358681, 0.00377504341304, -0.00345530034974, 0.00391414621845, -0.00248656305484], [0.00042166467756, -0.000428515515523, 0.00269786012359, -0.000724903948139, -0.000175254783244, -0.00278443982825, 0.00186749012209, -0.00182970345486, 0.00109481066465, -0.00243382225744, 0.0020949926693, -0.00178290123586, 0.00122900889255], [-0.000237134780036, 0.000498254899867, -0.000724903948139, 0.00349022867158, -0.00106605666224, -0.00034037878504, -0.000325510103721, 0.0017511502374, -0.0014691875549, 0.000816711573862, -0.00113267183769, 0.00105172896292, 0.000372352369595], [0.000201458955416, -0.000707253580913, -0.000175254783244, -0.00106605666224, 0.00646275095642, -0.00159257429186, -0.00189337681513, -0.0001243280567, -0.00184170086868, 0.000256568426266, 0.00145544297993, -0.00111126736738, 0.000309463095618], [-0.00060621148441, 0.000682531739585, -0.00278443982825, -0.00034037878504, -0.00159257429186, 0.013418151997, -0.00529914582148, -0.00363989104517, 0.00247876881622, 9.30083697313e-05, -0.0018606306985, 0.00166913075373, -0.00125171069521], [0.000564913148992, -0.00129781628493, 0.00186749012209, -0.000325510103721, -0.00189337681513, -0.00529914582148, 0.0120534300804, -0.00159462820739, 5.27473821421e-05, -0.0019521759823, -0.0017758513568, -0.000189518250409, 0.000856955826748], [-0.00066281540785, 0.00134399603121, -0.00182970345486, 0.0017511502374, -0.0001243280567, -0.00363989104517, -0.00159462820739, 0.0162444170564, -0.00920207891613, 0.00278479210101, -0.000575440877583, -0.00154137704521, -0.000960880948696], [0.000717675313354, -0.00261299358681, 0.00109481066465, -0.0014691875549, -0.00184170086868, 0.00247876881622, 5.27473821421e-05, -0.00920207891613, 0.0221309550107, -0.011716671288, 0.000206553027965, 0.000876770005561, -0.00291486480273], [-0.000960036471952, 0.00377504341304, -0.00243382225744, 0.000816711573862, 0.000256568426266, 9.30083697313e-05, -0.0019521759823, 0.00278479210101, -0.011716671288, 0.0286374669522, -0.0127859702334, -0.00144112878479, 0.00253052474], [0.000915479729883, -0.00345530034974, 0.0020949926693, -0.00113267183769, 0.00145544297993, -0.0018606306985, -0.0017758513568, -0.000575440877583, 0.000206553027965, -0.0127859702334, 0.0298563260585, -0.0106767378747, -0.00287031801417], [-0.000861779553816, 0.00391414621845, -0.00178290123586, 0.00105172896292, -0.00111126736738, 0.00166913075373, -0.000189518250409, -0.00154137704521, 0.000876770005561, -0.00144112878479, -0.0106767378747, 0.031422033906, -0.0150331435725], [0.000517690437846, -0.00248656305484, 0.00122900889255, 0.000372352369595, 0.000309463095618, -0.00125171069521, 0.000856955826748, -0.000960880948696, -0.00291486480273, 0.00253052474, -0.00287031801417, -0.0150331435725, 0.028030520305]]
    },
    "melbands": {
        "mean": [0.00146716553718, 0.0016307560727, 0.000905378372408, 0.000454418972367, 0.000613916432485, 0.000457627349533, 0.000160708310432, 0.000149757135659, 0.000266058312263, 0.00021106954955, 7.87599565228e-05, 0.000142986813444, 0.0001102909373, 5.51185075892e-05, 4.7804620408e-05, 4.87263605464e-05, 3.89642809751e-05, 3.15455035889e-05, 4.10829052271e-05, 3.84119994123e-05, 2.83099798253e-05, 3.22493433487e-05, 2.57967694779e-05, 2.40198096435e-05, 2.31038829952e-05, 1.40444399221e-05, 1.47873006426e-05, 1.20037548186e-05, 9.03099316929e-06, 7.8889706856e-06, 7.7015693023e-06, 6.71879115544e-06, 6.40396410745e-06, 4.99462248627e-06, 5.89905857851e-06, 4.93988727612e-06, 4.20710375693e-06, 3.07262325805e-06, 2.80665562968e-06, 2.93393031825e-06],
        "stdev": [0.00401822384447, 0.00409659696743, 0.00242805946618, 0.000984391313978, 0.000891970528755, 0.000762731186114, 0.000436029280536, 0.000348362635123, 0.000564320827834, 0.000515715742949, 0.000282951834379, 0.000381097808713, 0.000236700463574, 0.000112337744213, 7.74062864366e-05, 0.000105696839455, 4.39449686382e-05, 4.67788631795e-05, 4.68752114102e-05, 5.87866270507e-05, 3.0384027923e-05, 5.08291414008e-05, 3.25727814925e-05, 3.29311114911e-05, 2.40059744101e-05, 1.2552824046e-05, 1.42486160257e-05, 1.14416016004e-05, 7.56183681005e-06, 6.7299888542e-06, 7.49573473513e-06, 6.99695146977e-06, 7.81273047323e-06, 6.80744733472e-06, 1.11238259706e-05, 7.61897581469e-06, 5.67942788621e-06, 4.06088656746e-06, 4.10151915275e-06, 4.67676682092e-06]
    },
    "melbands128": {
        "mean": [0.000216750457184, 0.00142404250801, 0.00196005473845, 0.00163458264433, 0.00166375946719, 0.00150859472342, 0.00106601871084, 0.000741780153476, 0.000557719729841, 0.000454908469692, 0.000360027217539, 0.000441508251242, 0.000756113207899, 0.000783185707405, 0.000491502287332, 0.000281093700323, 0.000178932663403, 0.000125332924654, 0.000202285373234, 0.000136282542371, 0.000164276192663, 0.00011561683641, 0.000346662971424, 0.000376296520699, 0.000202012015507, 0.000210730941035, 6.36231488897e-05, 9.01124221855e-05, 5.21126385138e-05, 7.11748361937e-05, 0.000241438188823, 0.000172155894688, 5.65469090361e-05, 0.000128782587126, 4.18255949626e-05, 4.14126043324e-05, 5.38101630809e-05, 6.2568760768e-05, 2.70065411314e-05, 4.5919965487e-05, 6.91354434821e-05, 2.72376564681e-05, 4.8476158554e-05, 4.07223415095e-05, 1.47811579154e-05, 3.60066442227e-05, 3.88428052247e-05, 5.87370377616e-05, 2.87746424874e-05, 2.77281560557e-05, 5.00749702042e-05, 3.91085013689e-05, 2.01631628443e-05, 2.91754495265e-05, 3.42233543051e-05, 3.89561937482e-05, 2.20189249376e-05, 2.12488102989e-05, 2.83801546175e-05, 3.39476355293e-05, 1.94494077732e-05, 1.77746933332e-05, 3.25258515659e-05, 2.24980794883e-05, 1.30545158754e-05, 1.46592374222e-05, 1.30960961542e-05, 1.45628073369e-05, 1.62117157743e-05, 1.36061889862e-05, 1.2256116861e-05, 1.11742592708e-05, 9.81638459052e-06, 8.67421567818e-06, 7.97328175395e-06, 8.07036576589e-06, 7.79321726441e-06, 7.65398181102e-06, 8.74843226484e-06, 6.49507092021e-06, 5.84373628953e-06, 7.51589504944e-06, 6.95984999766e-06, 6.74012517266e-06, 5.5872392295e-06, 4.33041441283e-06, 5.1365368563e-06, 5.44267049918e-06, 6.67060066917e-06, 5.36044854016e-06, 5.288507964e-06, 4.40823396275e-06, 5.14415478392e-06, 4.43607268608e-06, 3.65143637282e-06, 3.07649861497e-06, 2.84095722236e-06, 3.26276108353e-06, 2.72930242318e-06, 2.73629598269e-06, 2.49018216891e-06, 3.02875537272e-06, 3.43432384398e-06, 2.99986845675e-06, 2.43078989115e-06, 2.08167557503e-06, 2.14169563151e-06, 1.68059068528e-06, 1.46095737819e-06, 1.40639929214e-06, 1.31001513637e-06, 1.42030785355e-06, 1.46500860865e-06, 1.07930827653e-06, 9.20195702747e-07, 8.83300515397e-07, 5.76292677579e-07, 6.09952834907e-08, 5.40220602627e-12, 4.29707181296e-12, 4.08570312999e-12, 3.93696967388e-12, 3.81487029466e-12, 3.72032916626e-12, 3.64768198285e-12, 3.59547786509e-12, 3.55720249264e-12, 3.52910582702e-12],
        "stdev": [0.000730504980311, 0.00456593930721, 0.00570879690349, 0.00516977347434, 0.00488119665533, 0.00423194048926, 0.00337603804655, 0.00244690477848, 0.00187052460387, 0.00124701461755, 0.000744799093809, 0.00073521072045, 0.00140936684329, 0.00160791899543, 0.00110347254667, 0.000839711166918, 0.000719999836292, 0.000482100236695, 0.000841538712848, 0.000369101617252, 0.000546619237866, 0.000265673035756, 0.000856945000123, 0.00108954368625, 0.000658278935589, 0.000762232986744, 0.000265212205704, 0.000479062990053, 0.000348739878973, 0.000270287739113, 0.000746025238186, 0.00056944147218, 0.000170485567651, 0.00041392253479, 0.000183064956218, 0.000116434639494, 0.000116602226626, 0.000147407234181, 5.99221020821e-05, 0.000114611168101, 0.000192049526959, 4.25005018769e-05, 6.43577805022e-05, 6.1265862314e-05, 2.05148535315e-05, 8.68732313393e-05, 6.97743380442e-05, 9.17005963856e-05, 4.30363616033e-05, 4.65156408609e-05, 0.000108276493847, 7.55712680984e-05, 3.70440648112e-05, 4.19785792474e-05, 4.63486758235e-05, 0.000101737838122, 4.02502919314e-05, 3.00307765428e-05, 4.6620170906e-05, 8.80266743479e-05, 4.01026736654e-05, 2.45419978455e-05, 4.46592639491e-05, 3.30830662278e-05, 1.59435548994e-05, 1.42830267578e-05, 1.47898545038e-05, 2.05580763577e-05, 1.84129421541e-05, 1.49394682012e-05, 1.40808269862e-05, 1.36607186505e-05, 1.02996027636e-05, 9.20846196095e-06, 7.70967380959e-06, 8.56264068716e-06, 8.20918194222e-06, 7.47356170905e-06, 1.06282604975e-05, 7.26213875168e-06, 6.27512372375e-06, 9.82548499451e-06, 9.31467911869e-06, 1.17503177535e-05, 6.43075418338e-06, 5.71871078137e-06, 7.82515508035e-06, 1.17858726298e-05, 1.37294327942e-05, 1.16395904115e-05, 8.62603883434e-06, 7.05229467712e-06, 8.32828936836e-06, 6.44396504867e-06, 5.18899059898e-06, 3.67095412912e-06, 4.24593963544e-06, 5.7515262597e-06, 4.26419182986e-06, 3.95842971557e-06, 4.11045402871e-06, 5.19713466929e-06, 6.216717793e-06, 5.73356101086e-06, 4.46037847723e-06, 3.84609893445e-06, 3.59910723091e-06, 2.71587305178e-06, 2.56940666077e-06, 2.6351260658e-06, 2.2977401386e-06, 2.91278161058e-06, 4.14687519878e-06, 2.50082553066e-06, 1.80058907517e-06, 2.00997146749e-06, 1.07294704321e-06, 9.92498314645e-08, 9.30720084336e-12, 7.20865858325e-12, 6.94000369325e-12, 6.7337576487e-12, 6.56504234656e-12, 6.42781401022e-12, 6.31495159983e-12, 6.22993887381e-12, 6.16820613683e-12, 6.12881750559e-12]
    },
    "mfcc": {
        "mean": [-615.850341797, 81.045463562, -0.882182657719, 18.6217708588, 2.9285056591, 0.46895056963, -4.25091362, 0.178817227483, -4.12610006332, -2.82469820976, -4.97226953506, -3.16683912277, -3.02316641808],
        "cov": [[7817.12744141, -6.70748996735, 179.221923828, 58.0119132996, 151.567443848, 60.284992218, 59.3977928162, 120.942573547, 27.4479808807, 27.9975337982, 8.66211509705, -23.8773078918, 1.22440850735], [-6.70748996735, 1260.86303711, -221.464523315, -5.8679318428, 35.2000236511, 10.5060462952, 66.4073257446, 79.9919509888, 70.0353851318, 59.7264862061, 17.9731445312, 38.763999939, 8.28056049347], [179.221923828, -221.464523315, 640.320678711, 51.3797569275, 145.830200195, 64.7066726685, 49.1176376343, 50.8615837097, 39.6977157593, 56.0307312012, 43.0100288391, 23.6898880005, 39.945854187], [58.0119132996, -5.8679318428, 51.3797569275, 250.790985107, 80.4681854248, 78.6125335693, 25.7161579132, 24.989528656, 20.5089111328, 18.6852607727, 17.910905838, 25.9325046539, 12.196680069], [151.567443848, 35.2000236511, 145.830200195, 80.4681854248, 191.550460815, 61.9988861084, 44.0931663513, 57.2135696411, 53.622505188, 43.7134475708, 30.5604457855, 32.388004303, 21.5164451599], [60.284992218, 10.5060462952, 64.7066726685, 78.6125335693, 61.9988861084, 133.282318115, 74.9423294067, 41.5209960938, 32.7607727051, 30.3339557648, 32.2251701355, 18.2972564697, 20.9342460632], [59.3977928162, 66.4073257446, 49.1176376343, 25.7161579132, 44.0931663513, 74.9423294067, 124.313705444, 62.1840629578, 40.2648391724, 32.9236488342, 31.5401649475, 20.266368866, 18.7243099213], [120.942573547, 79.9919509888, 50.8615837097, 24.989528656, 57.2135696411, 41.5209960938, 62.1840629578, 106.612411499, 58.1428833008, 41.9936943054, 30.5305519104, 23.9490776062, 23.3511295319], [27.4479808807, 70.0353851318, 39.6977157593, 20.5089111328, 53.622505188, 32.7607727051, 40.2648391724, 58.1428833008, 86.6995239258, 52.1952819824, 35.3090667725, 30.1244487762, 25.2812957764], [27.9975337982, 59.7264862061, 56.0307312012, 18.6852607727, 43.7134475708, 30.3339557648, 32.9236488342, 41.9936943054, 52.1952819824, 78.4292526245, 46.762928009, 29.7275085449, 26.2773094177], [8.66211509705, 17.9731445312, 43.0100288391, 17.910905838, 30.5604457855, 32.2251701355, 31.5401649475, 30.5305519104, 35.3090667725, 46.762928009, 72.7229232788, 40.2538032532, 30.3153877258], [-23.8773078918, 38.763999939, 23.6898880005, 25.9325046539, 32.388004303, 18.2972564697, 20.266368866, 23.9490776062, 30.1244487762, 29.7275085449, 40.2538032532, 64.3821182251, 39.4306869507], [1.22440850735, 8.28056049347, 39.945854187, 12.196680069, 21.5164451599, 20.9342460632, 18.7243099213, 23.3511295319, 25.2812957764, 26.2773094177, 30.3153877258, 39.4306869507, 64.5046310425]],
        "icov": [[0.00013276207028, 2.79624828181e-06, -1.08366884888e-05, -3.11331336889e-06, -9.12472751224e-05, 1.4524797507e-06, 1.62223441293e-05, -0.000182601099368, 9.66354855336e-05, 4.19064690504e-07, -1.80641200132e-05, 0.000138149523991, -1.82242565643e-05], [2.79624828181e-06, 0.000982296071015, 0.000470594328362, 9.21458849916e-05, -0.000239272019826, 0.000217504886677, -0.000413196743466, -0.000413994508563, -0.000140700882184, -0.000804868759587, 0.000591753458139, -0.000574309029616, 0.000300017913105], [-1.08366884888e-05, 0.000470594328362, 0.00222269562073, 0.000148814404383, -0.001600050251, -3.16485711664e-05, -0.000314304896165, -0.000183011827176, 0.000589986215346, -0.00110994523857, -0.000150571562699, 0.000695636903401, -0.000896857702173], [-3.11331336889e-06, 9.21458849916e-05, 0.000148814404383, 0.00551917171106, -0.0015664830571, -0.00346557819284, 0.0013719041599, -0.000277796323644, 0.000571192998905, -6.46662156214e-05, 0.000852008524816, -0.0022660472896, 0.000989318243228], [-9.12472751224e-05, -0.000239272019826, -0.001600050251, -0.0015664830571, 0.00900646299124, -0.00169089320116, 0.000623343687039, -0.0016301634023, -0.00246059871279, -0.000611660943832, 0.00112983444706, -0.00248666480184, 0.0014758433681], [1.4524797507e-06, 0.000217504886677, -3.16485711664e-05, -0.00346557819284, -0.00169089320116, 0.0150486370549, -0.00768940150738, 0.000989947118796, -0.000366740889149, 2.3287377644e-06, -0.00291242357343, 0.0033100747969, -0.00231106416322], [1.62223441293e-05, -0.000413196743466, -0.000314304896165, 0.0013719041599, 0.000623343687039, -0.00768940150738, 0.0158877167851, -0.00613518524915, -0.000308822694933, 0.000409991567722, -0.00124733510893, -0.000886420311872, 0.000966758409049], [-0.000182601099368, -0.000413994508563, -0.000183011827176, -0.000277796323644, -0.0016301634023, 0.000989947118796, -0.00613518524915, 0.0190158430487, -0.00797073729336, -0.000911828945391, -0.000202472088858, 0.00109977927059, -0.00173969485331], [9.66354855336e-05, -0.000140700882184, 0.000589986215346, 0.000571192998905, -0.00246059871279, -0.000366740889149, -0.000308822694933, -0.00797073729336, 0.0258386395872, -0.0106920292601, 0.000461187795736, -0.00289962836541, -0.00075780111365], [4.19064690504e-07, -0.000804868759587, -0.00110994523857, -6.46662156214e-05, -0.000611660943832, 2.3287377644e-06, 0.000409991567722, -0.000911828945391, -0.0106920292601, 0.0293758101761, -0.0126719838008, 0.00186687102541, -0.00174478418194], [-1.80641200132e-05, 0.000591753458139, -0.000150571562699, 0.000852008524816, 0.00112983444706, -0.00291242357343, -0.00124733510893, -0.000202472088858, 0.000461187795736, -0.0126719838008, 0.0301683396101, -0.0128586832434, -0.000476307788631], [0.000138149523991, -0.000574309029616, 0.000695636903401, -0.0022660472896, -0.00248666480184, 0.0033100747969, -0.000886420311872, 0.00109977927059, -0.00289962836541, 0.00186687102541, -0.0128586832434, 0.0344670079648, -0.0149668045342], [-1.82242565643e-05, 0.000300017913105, -0.000896857702173, 0.000989318243228, 0.0014758433681, -0.00231106416322, 0.000966758409049, -0.00173969485331, -0.00075780111365, -0.00174478418194, -0.000476307788631, -0.0149668045342, 0.0268204323947]]
    },
    "spectral_contrast_coeffs": {
        "mean": [-0.66208422184, -0.738555133343, -0.758105933666, -0.794823348522, -0.80064034462, -0.775673091412],
        "stdev": [0.0874290168285, 0.0777303427458, 0.0713413208723, 0.0468497462571, 0.036624841392, 0.0374538190663]
    },
    "spectral_contrast_valleys": {
        "mean": [-7.37425518036, -7.11171770096, -7.65151405334, -7.54543876648, -7.20888614655, -9.50620174408],
        "stdev": [2.34278559685, 2.27422571182, 2.22326588631, 2.23777103424, 2.28381323814, 2.19488430023]
    }
},
"rhythm": {
    "beats_count": 513,
    "beats_loudness": {
        "mean": 0.0240531619638,
        "stdev": 0.0152469873428
    },
    "bpm": 140.044525146,
    "bpm_histogram_first_peak_bpm": 140,
    "bpm_histogram_first_peak_weight": 0.176237642765,
    "bpm_histogram_second_peak_bpm": 148,
    "bpm_histogram_second_peak_spread": 0,
    "bpm_histogram_second_peak_weight": 0.005859375,
    "danceability": 1.12482941151,
    "onset_rate": 3.68011283875,
    "beats_loudness_band_ratio": {
        "mean": [0.209937915206, 0.207115441561, 0.165594756603, 0.118168756366, 0.111194737256, 0.20649163425],
        "stdev": [0.140588581562, 0.139977350831, 0.111796863377, 0.0990230962634, 0.0718523189425, 0.131706744432]
    },
    "beats_position": [0.452789098024, 0.9287981987, 1.369977355, 1.8111563921, 2.24072551727, 2.67029476166, 3.09986400604, 3.52943301201, 3.95900225639, 4.38857126236, 4.81814050674, 5.24770975113, 5.67727899551, 6.10684776306, 6.53641700745, 6.96598625183, 7.38394546509, 7.81351470947, 8.24308395386, 8.66104316711, 9.0906124115, 9.52018165588, 9.94974994659, 10.379319191, 10.7972784042, 11.2384576797, 11.6680269241, 12.0975961685, 12.5155553818, 12.9451246262, 13.3746938705, 13.8042631149, 14.2338323593, 14.66340065, 15.0929698944, 15.5225391388, 15.9521083832, 16.3816776276, 16.8112468719, 17.2408161163, 17.6703853607, 18.0999546051, 18.5295238495, 18.9590930939, 19.3770523071, 19.8066215515, 20.2361907959, 20.6657600403, 21.0953292847, 21.5248966217, 21.9544658661, 22.3840351105, 22.8019943237, 23.2315635681, 23.6611328125, 24.102312088, 24.5318813324, 24.9614505768, 25.3910198212, 25.8205890656, 26.2385482788, 26.6565074921, 27.0860767365, 27.5156459808, 27.9452152252, 28.3747844696, 28.804353714, 29.2339229584, 29.6634922028, 30.0930614471, 30.5226306915, 30.9521980286, 31.3817672729, 31.8113365173, 32.2409057617, 32.6704750061, 33.1000442505, 33.5296134949, 33.9591827393, 34.3887519836, 34.818321228, 35.2478904724, 35.6774597168, 36.1070289612, 36.5365982056, 36.96616745, 37.3841247559, 37.8136940002, 38.2432632446, 38.672832489, 39.1024017334, 39.5319709778, 39.9615402222, 40.3911094666, 40.8206787109, 41.2502479553, 41.6798171997, 42.1093864441, 42.5389556885, 42.9685249329, 43.3980941772, 43.8160552979, 44.2456245422, 44.6751937866, 45.1047592163, 45.5343284607, 45.9638977051, 46.3934669495, 46.8230361938, 47.2526054382, 47.6705665588, 48.1001358032, 48.5297050476, 48.959274292, 49.3888435364, 49.8068008423, 50.2363700867, 50.6659393311, 51.0955085754, 51.5250778198, 51.9546470642, 52.3842163086, 52.813785553, 53.2433547974, 53.6729240417, 54.1024932861, 54.5320625305, 54.9616317749, 55.3795890808, 55.8091583252, 56.2387275696, 56.668296814, 57.0978660583, 57.5274353027, 57.9570045471, 58.3865737915, 58.8161430359, 59.2341041565, 59.6636734009, 60.0932426453, 60.5228118896, 60.952381134, 61.3819503784, 61.8115196228, 62.2410888672, 62.6706581116, 63.100227356, 63.5297966003, 63.95936203, 64.3889312744, 64.806892395, 65.2364578247, 65.6660308838, 66.0955963135, 66.5251693726, 66.9547348022, 67.3843078613, 67.813873291, 68.2434463501, 68.6614074707, 69.0909729004, 69.5205459595, 69.9501113892, 70.3796844482, 70.8092498779, 71.238822937, 71.6683883667, 72.0979614258, 72.5275268555, 72.9570999146, 73.3750534058, 73.8046264648, 74.2341918945, 74.6637649536, 75.0933303833, 75.5229034424, 75.9524688721, 76.3820419312, 76.8116073608, 77.2295684814, 77.6591339111, 78.0887069702, 78.5182723999, 78.947845459, 79.3774108887, 79.8069839478, 80.2365493774, 80.6661224365, 81.0956878662, 81.5252609253, 81.9432220459, 82.3727874756, 82.8023605347, 83.2319259644, 83.661491394, 84.0910644531, 84.5206298828, 84.9502029419, 85.3797683716, 85.8093414307, 86.2389068604, 86.656867981, 87.08644104, 87.5160064697, 87.9455795288, 88.3751449585, 88.8047180176, 89.2342834473, 89.6638565063, 90.093421936, 90.5229949951, 90.9525604248, 91.3705215454, 91.8000869751, 92.2296600342, 92.6592254639, 93.0887985229, 93.5183639526, 93.9479370117, 94.3891143799, 94.8070755005, 95.2366409302, 95.6662139893, 96.0841674805, 96.5137405396, 96.9433059692, 97.3728790283, 97.802444458, 98.2320175171, 98.6615829468, 99.0911560059, 99.5207214355, 99.9386825562, 100.379859924, 100.797821045, 101.238998413, 101.656959534, 102.086524963, 102.516098022, 102.945663452, 103.375236511, 103.804801941, 104.234375, 104.66394043, 105.093513489, 105.523078918, 105.952651978, 106.382217407, 106.811790466, 107.229751587, 107.659317017, 108.088890076, 108.518455505, 108.948028564, 109.377593994, 109.807167053, 110.236732483, 110.666305542, 111.084259033, 111.513832092, 111.943397522, 112.38457489, 112.814147949, 113.243713379, 113.6616745, 114.091247559, 114.520812988, 114.938774109, 115.379951477, 115.809524536, 116.239089966, 116.657051086, 117.086616516, 117.516189575, 117.945755005, 118.375328064, 118.804893494, 119.234466553, 119.652427673, 120.093605042, 120.511566162, 120.941131592, 121.370697021, 121.811882019, 122.22983551, 122.659408569, 123.088973999, 123.518547058, 123.948112488, 124.366073608, 124.807250977, 125.225212097, 125.654785156, 126.084350586, 126.513923645, 126.943489075, 127.373062134, 127.802627563, 128.232192993, 128.661773682, 129.091339111, 129.520904541, 129.950469971, 130.3800354, 130.79800415, 131.22756958, 131.65713501, 132.098312378, 132.516281128, 132.945846558, 133.375411987, 133.804992676, 134.234558105, 134.652511597, 135.082077026, 135.511657715, 135.941223145, 136.370788574, 136.800354004, 137.229934692, 137.659500122, 138.089065552, 138.518630981, 138.94821167, 139.3777771, 139.807342529, 140.225296021, 140.654876709, 141.084442139, 141.514007568, 141.943572998, 142.373153687, 142.802719116, 143.220672607, 143.650253296, 144.079818726, 144.509384155, 144.938949585, 145.368530273, 145.798095703, 146.227661133, 146.657226562, 147.086807251, 147.516372681, 147.94593811, 148.37550354, 148.79347229, 149.22303772, 149.652603149, 150.070556641, 150.500137329, 150.929702759, 151.359268188, 151.788833618, 152.218414307, 152.647979736, 153.065933228, 153.495513916, 153.925079346, 154.354644775, 154.784210205, 155.213790894, 155.643356323, 156.072921753, 156.502487183, 156.932067871, 157.361633301, 157.79119873, 158.22076416, 158.650344849, 159.079910278, 159.509475708, 159.939041138, 160.368606567, 160.798187256, 161.227752686, 161.657318115, 162.075286865, 162.504852295, 162.934417725, 163.363983154, 163.793563843, 164.223129272, 164.652694702, 165.082260132, 165.51184082, 165.94140625, 166.37097168, 166.800537109, 167.230117798, 167.648071289, 168.077636719, 168.507202148, 168.936782837, 169.366348267, 169.795913696, 170.225479126, 170.655059814, 171.084625244, 171.514190674, 171.943756104, 172.361724854, 172.791290283, 173.220855713, 173.650421143, 174.080001831, 174.509567261, 174.93913269, 175.36869812, 175.798278809, 176.227844238, 176.657409668, 177.075378418, 177.504943848, 177.934509277, 178.364074707, 178.793640137, 179.223220825, 179.652786255, 180.082351685, 180.511917114, 180.929885864, 181.359451294, 181.789016724, 182.218597412, 182.648162842, 183.077728271, 183.507293701, 183.93687439, 184.366439819, 184.796005249, 185.225570679, 185.643539429, 186.073104858, 186.502670288, 186.943847656, 187.361816406, 187.791381836, 188.220947266, 188.650512695, 189.080093384, 189.498046875, 189.939224243, 190.368789673, 190.798370361, 191.216323853, 191.645889282, 192.075454712, 192.5050354, 192.93460083, 193.36416626, 193.793731689, 194.211700439, 194.652877808, 195.082443237, 195.512008667, 195.929977417, 196.371154785, 196.789108276, 197.218673706, 197.648254395, 198.077819824, 198.507385254, 198.936950684, 199.366531372, 199.784484863, 200.214050293, 200.643630981, 201.08480835, 201.502761841, 201.932327271, 202.361907959, 202.791473389, 203.221038818, 203.63899231, 204.080184937, 204.509750366, 204.939315796, 205.357269287, 205.786849976, 206.216415405, 206.645980835, 207.075546265, 207.493515015, 207.934692383, 208.364257812, 208.793823242, 209.211791992, 209.641357422, 210.070922852, 210.500488281, 210.93006897, 211.371246338, 211.789199829, 212.218765259, 212.648345947, 213.077911377, 213.507476807, 213.937042236, 214.366622925, 214.784576416, 215.202529907, 215.620498657, 216.038452148, 216.468017578, 216.897598267, 217.234283447, 217.582580566, 217.930877686, 218.348846436, 218.755187988, 219.1615448, 219.567886353],
    "bpm_histogram": [0, 0, 0, 0, 0, 0, 0, 0, 0, 0, 0, 0, 0, 0, 0, 0, 0, 0, 0, 0, 0, 0, 0, 0, 0, 0, 0, 0, 0, 0, 0, 0, 0, 0, 0, 0, 0, 0, 0, 0, 0, 0, 0, 0, 0, 0, 0, 0, 0, 0, 0, 0, 0, 0, 0, 0, 0, 0, 0, 0, 0, 0, 0, 0, 0, 0, 0, 0, 0, 0, 0, 0, 0, 0, 0, 0, 0, 0, 0, 0, 0, 0, 0, 0, 0, 0, 0, 0, 0, 0, 0, 0, 0, 0, 0, 0, 0, 0, 0, 0, 0, 0, 0, 0, 0, 0, 0, 0, 0, 0, 0, 0, 0, 0, 0, 0, 0, 0, 0, 0, 0, 0, 0, 0, 0, 0, 0.001953125, 0, 0, 0, 0, 0, 0, 0, 0, 0, 0.041015625, 0, 0, 0, 0.8125, 0, 0, 0, 0.1328125, 0, 0, 0, 0.005859375, 0, 0, 0, 0, 0, 0, 0, 0, 0, 0, 0, 0, 0, 0, 0, 0, 0, 0, 0, 0, 0, 0, 0, 0.00390625, 0, 0, 0, 0, 0, 0.001953125, 0, 0, 0, 0, 0, 0, 0, 0, 0, 0, 0, 0, 0, 0, 0, 0, 0, 0, 0, 0, 0, 0, 0, 0, 0, 0, 0, 0, 0, 0, 0, 0, 0, 0, 0, 0, 0, 0, 0, 0, 0, 0, 0, 0, 0, 0, 0, 0, 0, 0, 0, 0, 0, 0, 0, 0, 0, 0, 0, 0, 0, 0, 0, 0, 0, 0, 0, 0, 0, 0, 0]
},
"tonal": {
    "chords_changes_rate": 0.0364901907742,
    "chords_number_rate": 0.00210925959982,
    "chords_strength": {
        "mean": 0.581201434135,
        "stdev": 0.161673992872
    },
    "hpcp_crest": {
        "mean": 15.0153913498,
        "stdev": 8.14667606354
    },
    "hpcp_entropy": {
        "mean": 1.88194453716,
        "stdev": 0.857062995434
    },
    "key_edma": {
        "strength": 0.851190745831,
        "key": "D#",
        "scale": "major"
    },
    "key_krumhansl": {
        "strength": 0.866658568382,
        "key": "D#",
        "scale": "major"
    },
    "key_temperley": {
        "strength": 0.888022363186,
        "key": "D#",
        "scale": "major"
    },
    "tuning_diatonic_strength": 0.734844744205,
    "tuning_equal_tempered_deviation": 0.00341209559701,
    "tuning_frequency": 440.254241943,
    "tuning_nontempered_energy_ratio": 0.696365356445,
    "hpcp": {
        "mean": [0.0824087709188, 0.0918101593852, 0.235569745302, 0.357394009829, 0.215441152453, 0.0629388615489, 0.0466999411583, 0.0693631693721, 0.186103850603, 0.256258279085, 0.155143231153, 0.0599627792835, 0.0349808558822, 0.0461449064314, 0.118035905063, 0.162099793553, 0.142195433378, 0.262946993113, 0.332651346922, 0.175898939371, 0.0623074062169, 0.0458295680583, 0.0613314807415, 0.173793286085, 0.232470840216, 0.141720756888, 0.0781866461039, 0.0623844489455, 0.0641753524542, 0.12183868885, 0.167072013021, 0.146549075842, 0.166977450252, 0.212909802794, 0.158856913447, 0.090766556561],
        "stdev": [0.161998733878, 0.180601328611, 0.26514095068, 0.366243392229, 0.261760175228, 0.140545174479, 0.127675309777, 0.14061319828, 0.253588885069, 0.328022152185, 0.223934486508, 0.123714275658, 0.102983653545, 0.107810169458, 0.194645926356, 0.253185153008, 0.213057592511, 0.285980552435, 0.359980523586, 0.229423969984, 0.129163816571, 0.0948705077171, 0.124783433974, 0.256738990545, 0.322265952826, 0.210306361318, 0.147802427411, 0.148098826408, 0.143124505877, 0.18589246273, 0.249096184969, 0.222894117236, 0.24177621305, 0.318164974451, 0.247229218483, 0.159676238894]
    },
    "chords_histogram": [18.2661876678, 7.57224225998, 27.3781909943, 0.0632777884603, 0.0632777884603, 0, 0, 0, 0, 0.0421851947904, 0.527314901352, 0, 3.0373339653, 0, 0, 2.42564868927, 0, 1.98270404339, 0, 1.37101876736, 0, 2.42564868927, 25.1212825775, 9.72368717194],
    "thpcp": [1, 0.602811336517, 0.176104977727, 0.130667939782, 0.194080397487, 0.520724594593, 0.717018961906, 0.434095770121, 0.167777791619, 0.0978775694966, 0.129114940763, 0.330268293619, 0.453560471535, 0.397867411375, 0.735734164715, 0.930769205093, 0.492170929909, 0.174338132143, 0.128232613206, 0.171607464552, 0.486279249191, 0.650460958481, 0.396539270878, 0.218768760562, 0.174553707242, 0.179564714432, 0.340908586979, 0.467472910881, 0.410049051046, 0.467208296061, 0.595728516579, 0.444486796856, 0.253967761993, 0.230582401156, 0.256887793541, 0.659131765366],
    "chords_key": "A#",
    "chords_scale": "major"
}
}