{
"metadata": {
    "version": {
        "essentia": "2.1-dev",
        "essentia_git_sha": "v2.1_beta3-415-gd5473f3",
        "extractor": "music 2.0"
    },
    "audio_properties": {
        "analysis": {
            "equal_loudness": 0,
            "length": 241.658782959,
            "sample_rate": 44100,
            "start_time": 0,
            "downmix": "mix"
        },
        "bit_rate": 192000,
        "length": 241.658782959,
        "lossless": 0,
        "number_channels": 2,
        "replay_gain": -12.0598278046,
        "sample_rate": 44100,
        "codec": "mp3",
        "md5_encoded": "a86c5ac4ec5aaca950da620c81893b6f"
    },
    "tags": {
        "file_name": "varios_artistas-alone.mp3",
        "album": ["Anual. El álbum dance del año. Dance. ( Cd. 1 )"],
        "artist": ["Various Artists"],
        "genre": ["Other"],
        "title": ["Alone"]
    }
},
"lowlevel": {
    "average_loudness": 0.945942282677,
    "barkbands_crest": {
        "mean": 12.1211872101,
        "stdev": 6.07546520233
    },
    "barkbands_flatness_db": {
        "mean": 0.14492572844,
        "stdev": 0.0757324025035
    },
    "barkbands_kurtosis": {
        "mean": 10.6657781601,
        "stdev": 35.2531661987
    },
    "barkbands_skewness": {
        "mean": 1.98356890678,
        "stdev": 2.2765583992
    },
    "barkbands_spread": {
        "mean": 22.0350437164,
        "stdev": 14.9757223129
    },
    "dissonance": {
        "mean": 0.458858460188,
        "stdev": 0.0309481061995
    },
    "dynamic_complexity": 3.26409101486,
    "erbbands_crest": {
        "mean": 9.24705314636,
        "stdev": 4.66036367416
    },
    "erbbands_flatness_db": {
        "mean": 0.14982432127,
        "stdev": 0.0572940707207
    },
    "erbbands_kurtosis": {
        "mean": 0.727756679058,
        "stdev": 2.944480896
    },
    "erbbands_skewness": {
        "mean": 0.278286218643,
        "stdev": 0.819751799107
    },
    "erbbands_spread": {
        "mean": 42.7649612427,
        "stdev": 25.5228786469
    },
    "hfc": {
        "mean": 21.1632499695,
        "stdev": 19.4483146667
    },
    "loudness_ebu128": {
        "integrated": -11.5970935822,
        "loudness_range": 4.33542537689,
        "momentary": {
            "mean": -14.7080392838,
            "stdev": 24.4049739838
        },
        "short_term": {
            "mean": -12.3961076736,
            "stdev": 4.58998632431
        }
    },
    "melbands_crest": {
        "mean": 16.8142261505,
        "stdev": 7.57111930847
    },
    "melbands_flatness_db": {
        "mean": 0.20848788321,
        "stdev": 0.098820053041
    },
    "melbands_kurtosis": {
        "mean": 29.1438293457,
        "stdev": 59.9382705688
    },
    "melbands_skewness": {
        "mean": 3.38248419762,
        "stdev": 3.1282055378
    },
    "melbands_spread": {
        "mean": 23.586145401,
        "stdev": 21.8462219238
    },
    "pitch_salience": {
        "mean": 0.487124890089,
        "stdev": 0.17912915349
    },
    "silence_rate_20dB": {
        "mean": 1,
        "stdev": 0
    },
    "silence_rate_30dB": {
        "mean": 1,
        "stdev": 0
    },
    "silence_rate_60dB": {
        "mean": 0.0620616786182,
        "stdev": 0.24125610292
    },
    "spectral_centroid": {
        "mean": 1489.91088867,
        "stdev": 1141.24414062
    },
    "spectral_complexity": {
        "mean": 15.6275339127,
        "stdev": 9.26526641846
    },
    "spectral_decrease": {
        "mean": -7.00149493937e-09,
        "stdev": 5.4069353439e-09
    },
    "spectral_energy": {
        "mean": 0.0283448379487,
        "stdev": 0.021176636219
    },
    "spectral_energyband_high": {
        "mean": 0.000946985150222,
        "stdev": 0.00122276821639
    },
    "spectral_energyband_low": {
        "mean": 0.0133461076766,
        "stdev": 0.0188846737146
    },
    "spectral_energyband_middle_high": {
        "mean": 0.00571273406968,
        "stdev": 0.00725431414321
    },
    "spectral_energyband_middle_low": {
        "mean": 0.00942656956613,
        "stdev": 0.0111472634599
    },
    "spectral_entropy": {
        "mean": 7.64981269836,
        "stdev": 0.586471259594
    },
    "spectral_flux": {
        "mean": 0.0948653817177,
        "stdev": 0.057049613446
    },
    "spectral_kurtosis": {
        "mean": 4.51018095016,
        "stdev": 4.50881099701
    },
    "spectral_rms": {
        "mean": 0.00482441252097,
        "stdev": 0.00209250883199
    },
    "spectral_rolloff": {
        "mean": 1695.70812988,
        "stdev": 2284.09106445
    },
    "spectral_skewness": {
        "mean": 1.61082756519,
        "stdev": 0.638071477413
    },
    "spectral_spread": {
        "mean": 5730135,
        "stdev": 3806245.75
    },
    "spectral_strongpeak": {
        "mean": 1.07893764973,
        "stdev": 1.54904949665
    },
    "zerocrossingrate": {
        "mean": 0.0685452744365,
        "stdev": 0.0614866241813
    },
    "barkbands": {
        "mean": [0.000166090452694, 0.00888439361006, 0.00336966011673, 0.00150323973503, 0.00234924000688, 0.00149120145943, 0.00150731939357, 0.00100511591882, 0.00126501300838, 0.000919604266528, 0.000754237407818, 0.000774180341978, 0.000528747565113, 0.000673991511576, 0.000663913786411, 0.000404574966524, 0.000387981184758, 0.00033731808071, 0.000303849054035, 0.000201576272957, 0.000147576254676, 0.000146631180542, 0.000159017115948, 0.000180781571544, 0.000155025874847, 5.99933846388e-05, 4.57381929664e-06],
        "stdev": [0.000298852130072, 0.0156109640375, 0.00794229563326, 0.00533448671922, 0.00460110604763, 0.00320764747448, 0.00402484554797, 0.00268604257144, 0.00308539322577, 0.00246538943611, 0.00231126672588, 0.00151642167475, 0.00120702502318, 0.00192482909188, 0.00213809730485, 0.00124917784706, 0.00111400766764, 0.000874656543601, 0.000624020933174, 0.000261252134806, 0.000208730125451, 0.000196375607629, 0.000229469209444, 0.000458862254163, 0.000281770626316, 0.000109841093945, 1.11704312076e-05]
    },
    "erbbands": {
        "mean": [0.263396024704, 1.96006369591, 3.91825771332, 4.9517250061, 5.88030910492, 7.37966537476, 11.1748332977, 12.5846719742, 22.3034992218, 22.0615406036, 23.822145462, 25.1675758362, 28.8657627106, 28.1771755219, 26.6564750671, 32.8184623718, 25.4849224091, 25.2604408264, 37.2891845703, 36.2570800781, 19.7543296814, 22.3014297485, 17.7696666718, 20.6233692169, 12.1890735626, 8.46803379059, 6.80962085724, 5.75109481812, 5.35494184494, 4.80186891556, 4.62749433517, 3.98682928085, 2.8388812542, 2.09080004692, 0.853545188904, 0.30192437768, 0.103574551642, 0.0195884332061, 0.000461724499473, 4.83505318698e-05],
        "stdev": [0.492517352104, 3.55757784843, 8.10827732086, 14.7535190582, 15.0294275284, 14.4076471329, 29.2078285217, 26.222782135, 55.1297836304, 66.8675079346, 59.1352806091, 60.945224762, 74.9842453003, 90.7039718628, 53.3636322021, 65.2914276123, 52.6676330566, 46.0074234009, 114.758201599, 108.426856995, 50.6625976562, 59.5236663818, 48.5094985962, 48.6144218445, 19.6557445526, 10.9059963226, 9.62979507446, 7.50949478149, 7.08638048172, 6.75833272934, 6.8620429039, 9.16831493378, 7.32708406448, 4.07321023941, 1.61230266094, 0.562224686146, 0.194609612226, 0.043371386826, 0.000951249850914, 4.01809156756e-05]
    },
    "gfcc": {
        "mean": [-18.3434295654, 70.6177749634, -110.80255127, 24.5424346924, -58.6236610413, 19.7198162079, -38.9823989868, 13.1907978058, -25.999879837, 6.48466396332, -12.7175216675, 1.86180663109, -11.5974407196],
        "cov": [[19936.2578125, -586.42578125, -825.215209961, 671.591308594, -841.11932373, 416.284057617, -969.045898438, 176.37828064, -479.202209473, 229.638473511, -350.011627197, 194.06703186, -292.560455322], [-586.42578125, 1829.25708008, 161.40435791, -69.5065155029, 351.987640381, -45.0818977356, 285.973083496, -39.8102226257, 126.343399048, -69.3619384766, 140.310501099, -112.663093567, 120.415176392], [-825.215209961, 161.40435791, 1477.81860352, 607.796691895, 463.401794434, 331.549346924, 259.750732422, 72.850112915, 173.18699646, 59.9324150085, 24.5143184662, 115.721992493, -38.1454963684], [671.591308594, -69.5065155029, 607.796691895, 731.95904541, 340.288513184, 212.182907104, 110.928001404, 106.836853027, 136.224517822, 42.2944030762, 11.5681228638, 76.0083312988, -51.697593689], [-841.11932373, 351.987640381, 463.401794434, 340.288513184, 564.800231934, 215.738967896, 237.386749268, 100.844421387, 164.883087158, 36.6756858826, 59.8966941833, 23.6065502167, 19.1233787537], [416.284057617, -45.0818977356, 331.549346924, 212.182907104, 215.738967896, 349.437255859, 185.062408447, 69.4624176025, 47.0552330017, 70.0596618652, 12.2871761322, 48.399887085, -16.3275279999], [-969.045898438, 285.973083496, 259.750732422, 110.928001404, 237.386749268, 185.062408447, 369.645874023, 72.0303878784, 95.2021255493, 27.4514465332, 52.3093833923, 15.623418808, 17.9808311462], [176.37828064, -39.8102226257, 72.850112915, 106.836853027, 100.844421387, 69.4624176025, 72.0303878784, 214.920227051, 97.4030303955, 33.5178337097, 51.9207038879, 23.2309322357, 36.398109436], [-479.202209473, 126.343399048, 173.18699646, 136.224517822, 164.883087158, 47.0552330017, 95.2021255493, 97.4030303955, 197.379699707, 56.5578041077, 56.0349388123, 18.8359870911, 26.5593090057], [229.638473511, -69.3619384766, 59.9324150085, 42.2944030762, 36.6756858826, 70.0596618652, 27.4514465332, 33.5178337097, 56.5578041077, 136.751663208, 50.4677581787, 29.3494758606, 5.33441352844], [-350.011627197, 140.310501099, 24.5143184662, 11.5681228638, 59.8966941833, 12.2871761322, 52.3093833923, 51.9207038879, 56.0349388123, 50.4677581787, 149.83656311, 31.4489841461, 58.7586288452], [194.06703186, -112.663093567, 115.721992493, 76.0083312988, 23.6065502167, 48.399887085, 15.623418808, 23.2309322357, 18.8359870911, 29.3494758606, 31.4489841461, 116.941749573, 19.4645938873], [-292.560455322, 120.415176392, -38.1454963684, -51.697593689, 19.1233787537, -16.3275279999, 17.9808311462, 36.398109436, 26.5593090057, 5.33441352844, 58.7586288452, 19.4645938873, 130.304412842]],
        "icov": [[0.000158637500135, -0.000314474338666, 0.000198344554519, -0.000377019285224, 0.000409785920056, -0.000564438465517, 0.000614039541688, -0.000518547953106, 0.000429766514571, -0.000488305697218, 0.000511771766469, -0.000472624553367, 0.000256731989793], [-0.000314474338666, 0.00163455388974, -0.000501835718751, 0.000957860145718, -0.00138894340489, 0.00153083202895, -0.00181472767144, 0.00172992690932, -0.00118310749531, 0.00160828209482, -0.00188132422045, 0.00199126335792, -0.00109438458458], [0.000198344554519, -0.000501835718751, 0.00152525573503, -0.00114662840497, 0.000242645328399, -0.00119159952737, 0.000582728884183, -0.000261703506112, 0.000149283310748, -0.000515279767569, 0.000864024390467, -0.00137105793692, 0.000514285406098], [-0.000377019285224, 0.000957860145718, -0.00114662840497, 0.00373617955483, -0.00209043663926, 0.000907140201889, -0.000829830241855, 0.000681793375406, -0.00172873190604, 0.00163935974706, -0.00127121445257, 0.0003924954799, 0.00055936339777], [0.000409785920056, -0.00138894340489, 0.000242645328399, -0.00209043663926, 0.00536342523992, -0.00284363026731, 0.000905558699742, -0.00144435523544, -0.000493810861371, -0.000722692231648, 0.00110913312528, -0.000729924708139, 0.000319422048051], [-0.000564438465517, 0.00153083202895, -0.00119159952737, 0.000907140201889, -0.00284363026731, 0.00828572642058, -0.00462122540921, 0.00091883278219, 0.000755772285629, -0.00105632375926, -0.000716055219527, 0.00104619469494, -0.000778463901952], [0.000614039541688, -0.00181472767144, 0.000582728884183, -0.000829830241855, 0.000905558699742, -0.00462122540921, 0.00753338355571, -0.00254325289279, 0.000601622799877, -0.00109155441169, 0.00136068754364, -0.00200866232626, 0.00146445562132], [-0.000518547953106, 0.00172992690932, -0.000261703506112, 0.000681793375406, -0.00144435523544, 0.00091883278219, -0.00254325289279, 0.00899476371706, -0.00452720141038, 0.00257083284669, -0.00323485489935, 0.00216915621422, -0.00245127431117], [0.000429766514571, -0.00118310749531, 0.000149283310748, -0.00172873190604, -0.000493810861371, 0.000755772285629, 0.000601622799877, -0.00452720141038, 0.0112399216741, -0.00501504074782, 0.00136131548788, -0.00123061868362, 0.000249103759415], [-0.000488305697218, 0.00160828209482, -0.000515279767569, 0.00163935974706, -0.000722692231648, -0.00105632375926, -0.00109155441169, 0.00257083284669, -0.00501504074782, 0.0128892315552, -0.00558179337531, 0.00106719264295, 0.000175337030669], [0.000511771766469, -0.00188132422045, 0.000864024390467, -0.00127121445257, 0.00110913312528, -0.000716055219527, 0.00136068754364, -0.00323485489935, 0.00136131548788, -0.00558179337531, 0.0129293110222, -0.0040917545557, -0.00216850405559], [-0.000472624553367, 0.00199126335792, -0.00137105793692, 0.0003924954799, -0.000729924708139, 0.00104619469494, -0.00200866232626, 0.00216915621422, -0.00123061868362, 0.00106719264295, -0.0040917545557, 0.0134704057127, -0.00319737545215], [0.000256731989793, -0.00109438458458, 0.000514285406098, 0.00055936339777, 0.000319422048051, -0.000778463901952, 0.00146445562132, -0.00245127431117, 0.000249103759415, 0.000175337030669, -0.00216850405559, -0.00319737545215, 0.0113702900708]]
    },
    "melbands": {
        "mean": [0.00243880553171, 0.00228150864132, 0.000878976017702, 0.000481859780848, 0.000388829037547, 0.000299532199278, 0.000319897662848, 0.000232003585552, 0.000215688502067, 0.000155544956215, 0.000145852012793, 0.000115070186439, 9.16997960303e-05, 7.25063364371e-05, 9.36813303269e-05, 4.42926539108e-05, 4.78703077533e-05, 6.42360682832e-05, 5.45476796106e-05, 3.92108340748e-05, 1.90995415323e-05, 2.59650860244e-05, 1.32605327963e-05, 1.79027028935e-05, 1.71437659446e-05, 8.98940743355e-06, 8.02979320724e-06, 5.058268016e-06, 4.75644492326e-06, 3.40808742294e-06, 3.15109105031e-06, 3.13775672112e-06, 2.64665050054e-06, 2.6851137136e-06, 2.6899833756e-06, 2.47439356826e-06, 2.46437593887e-06, 2.09140307561e-06, 1.7717842411e-06, 1.7729606725e-06],
        "stdev": [0.00436423067003, 0.00389176281169, 0.00244092871435, 0.000966892926954, 0.000957079057116, 0.000588383874856, 0.000794968742412, 0.000698577845469, 0.000562084896956, 0.000400369550334, 0.000383229111321, 0.000368235108908, 0.000233810933423, 0.000149589497596, 0.000198641471798, 0.000120951663121, 9.88947867882e-05, 0.000233068014495, 0.000199298447114, 0.00011822887609, 5.82192951697e-05, 7.98782057245e-05, 3.12641532219e-05, 5.34118225914e-05, 4.47638631158e-05, 1.77070105565e-05, 1.18909520097e-05, 7.17704233466e-06, 7.48666616346e-06, 5.01946033182e-06, 4.20105379817e-06, 4.37873086412e-06, 3.67598568118e-06, 4.12298322772e-06, 4.01525676352e-06, 4.34988987763e-06, 6.5717194957e-06, 6.2506796894e-06, 3.29613362737e-06, 3.67394568457e-06]
    },
    "melbands128": {
        "mean": [0.000156776950462, 0.00188981823158, 0.00366942281835, 0.00303228199482, 0.00217402935959, 0.00156148686074, 0.00105374748819, 0.000645466207061, 0.000588728347793, 0.000558602798264, 0.000300764600979, 0.000450780469691, 0.00039231433766, 0.000348622532329, 0.000249152828474, 0.00026729592355, 0.000456899084384, 0.000310656876536, 0.000183548690984, 0.000267562252702, 0.000286736059934, 0.000110547574877, 0.000237219792325, 0.000332319090376, 0.000110727472929, 0.000148534527398, 0.000112938236271, 0.000154483917868, 0.000173127045855, 9.27842920646e-05, 0.000111824374471, 0.000122353711049, 7.05543134245e-05, 0.000104384467704, 5.40193177585e-05, 6.11874856986e-05, 9.29293018999e-05, 0.000139973344631, 5.48302305106e-05, 3.70114248653e-05, 5.75164995098e-05, 3.13949058182e-05, 3.66022068192e-05, 5.32171798113e-05, 9.36807482503e-05, 6.72360256431e-05, 2.729672633e-05, 6.36144031887e-05, 6.45525651635e-05, 3.86427054764e-05, 4.38644565293e-05, 3.08566268359e-05, 1.47032160385e-05, 1.41352193168e-05, 2.63766760327e-05, 3.33610769303e-05, 2.02018145501e-05, 1.18522184493e-05, 9.47014268604e-06, 1.74051638169e-05, 1.99155838345e-05, 1.4251403627e-05, 2.50591856457e-05, 1.41993568832e-05, 1.20971271826e-05, 8.03217426437e-06, 7.96396307123e-06, 9.03480031411e-06, 8.85512872628e-06, 5.60898615731e-06, 4.00897806685e-06, 5.28080727236e-06, 6.04582101005e-06, 4.81650886286e-06, 3.09069719151e-06, 3.11063990921e-06, 3.71131636712e-06, 3.69514805243e-06, 2.93412904284e-06, 2.83306712845e-06, 3.21584138874e-06, 3.48869434674e-06, 2.31592207456e-06, 2.88426895168e-06, 2.48329115493e-06, 2.59084799836e-06, 2.80395261143e-06, 2.70032842309e-06, 2.7083437999e-06, 2.66204415311e-06, 2.61125933321e-06, 2.31544595408e-06, 2.4878027034e-06, 2.32844081438e-06, 2.67342284133e-06, 2.35367906498e-06, 2.04888328881e-06, 1.54873248448e-06, 1.67125881489e-06, 1.95116535906e-06, 1.90728280813e-06, 1.78509810667e-06, 1.57831379966e-06, 1.21719517665e-06, 8.46440059377e-07, 7.36187757866e-07, 6.3158751118e-07, 5.70248403164e-07, 4.95284155022e-07, 4.40437190719e-07, 4.14453808162e-07, 4.22406827738e-07, 2.92693897563e-07, 2.61602565388e-07, 2.43575783543e-07, 2.15809308202e-07, 1.76783487404e-07, 1.75950898296e-08, 4.95340574114e-12, 4.23512397027e-12, 4.10358335853e-12, 3.99814990143e-12, 3.90381737353e-12, 3.82848093505e-12, 3.76626594495e-12, 3.72036342705e-12, 3.68665514783e-12, 3.66200732932e-12],
        "stdev": [0.000278275314486, 0.00377537100576, 0.00722387386486, 0.00602495856583, 0.00461543677375, 0.00390107929707, 0.00340598658659, 0.00236533093266, 0.00170296605211, 0.00127867399715, 0.000733645632863, 0.00136452075094, 0.00123339355923, 0.00111379125156, 0.000743440410588, 0.000689726672135, 0.00111383409239, 0.00109196780249, 0.000886705121957, 0.00107443053275, 0.000980053911917, 0.000508757482748, 0.000760109978728, 0.00105838407762, 0.000358957535354, 0.000677573785651, 0.00053888594266, 0.000548851152416, 0.000538122898433, 0.000436648377217, 0.000575234997086, 0.000614550721366, 0.000230457255384, 0.00025230096071, 0.000168567348737, 0.000232423568377, 0.000252226629527, 0.000363487226423, 0.00019337728736, 0.000129891530378, 0.000227669806918, 0.000102032528957, 0.00010378195293, 0.00014673107944, 0.000415944581619, 0.000370309309801, 0.000115912844194, 0.000313090276904, 0.000300814339425, 0.000195713917492, 0.000177982583409, 0.000142106160638, 7.94655352365e-05, 6.33294330328e-05, 0.000146236503497, 0.000131252294523, 6.2901788624e-05, 5.2091309044e-05, 2.84214147541e-05, 7.69243270042e-05, 9.36004580581e-05, 4.87066536152e-05, 0.000101392412034, 4.59093280369e-05, 3.44816653524e-05, 2.14024967136e-05, 2.32608381339e-05, 1.98619818548e-05, 1.65006185853e-05, 1.04412420114e-05, 8.04925730336e-06, 1.04593636934e-05, 1.02584153865e-05, 1.09138063635e-05, 5.20082812727e-06, 5.90700892644e-06, 6.40222469883e-06, 6.49103003525e-06, 4.59582088297e-06, 4.7016778808e-06, 5.12327324032e-06, 5.39323855264e-06, 3.44062641489e-06, 4.55309327663e-06, 3.85388466384e-06, 4.70149097964e-06, 5.23213520864e-06, 4.25838879892e-06, 4.5560154831e-06, 4.66199207949e-06, 4.78881702293e-06, 4.59561897515e-06, 5.47018271391e-06, 6.85990289639e-06, 8.05078252597e-06, 8.03885450296e-06, 6.64374238113e-06, 4.59324974145e-06, 3.0864623568e-06, 3.8806701923e-06, 3.99525470129e-06, 4.09715676142e-06, 3.90634477299e-06, 2.8945678423e-06, 1.69786301285e-06, 1.39060375659e-06, 1.19434855606e-06, 1.18064656363e-06, 1.09113284452e-06, 8.03403338523e-07, 7.33539025077e-07, 9.45888473325e-07, 5.45536579466e-07, 5.68203518014e-07, 5.64653248603e-07, 5.38286599294e-07, 4.17105042061e-07, 4.32051230348e-08, 7.67609760477e-12, 6.64123400371e-12, 6.45468010638e-12, 6.29769370333e-12, 6.16190562117e-12, 6.04877259391e-12, 5.95359005151e-12, 5.88049357472e-12, 5.82604580898e-12, 5.79213673552e-12]
    },
    "mfcc": {
        "mean": [-658.075622559, 104.923553467, 4.80279588699, 11.0249853134, 4.76420021057, 2.58586883545, 4.24633407593, 2.01698207855, -2.52564072609, 2.29495024681, 0.468866527081, -0.145747378469, -0.125767141581],
        "cov": [[9460.95898438, -760.600891113, -78.9633407593, -21.6350154877, 107.251571655, -51.5746536255, -210.830276489, -192.841842651, -174.135299683, -127.21698761, -162.225479126, -68.3061981201, -34.6040802002], [-760.600891113, 1872.20458984, -26.6034450531, 65.9815979004, 45.8933792114, 63.2579078674, 161.107528687, 35.6661949158, 76.5746688843, 49.8897590637, 54.8952445984, -3.74172472954, 9.50572109222], [-78.9633407593, -26.6034450531, 876.461486816, 346.354949951, 272.394165039, 306.66027832, 120.891441345, 175.759368896, 78.5555496216, 74.4417877197, 69.4018936157, 72.7353820801, 66.0075073242], [-21.6350154877, 65.9815979004, 346.354949951, 536.892944336, 315.248504639, 202.602661133, 86.2665405273, 173.307800293, 98.4459762573, 79.242767334, 75.1118392944, 79.0700073242, 67.5137710571], [107.251571655, 45.8933792114, 272.394165039, 315.248504639, 450.199279785, 174.813140869, 90.8924636841, 132.956237793, 102.587249756, 90.2619400024, 57.1250648499, 74.5035095215, 67.1943359375], [-51.5746536255, 63.2579078674, 306.66027832, 202.602661133, 174.813140869, 434.469696045, 162.298217773, 141.777664185, 77.6458892822, 90.4145202637, 90.4983520508, 36.8600387573, 35.2091636658], [-210.830276489, 161.107528687, 120.891441345, 86.2665405273, 90.8924636841, 162.298217773, 251.802459717, 125.407585144, 72.7040786743, 68.80884552, 66.537071228, 30.3613357544, 23.9492645264], [-192.841842651, 35.6661949158, 175.759368896, 173.307800293, 132.956237793, 141.777664185, 125.407585144, 232.496246338, 100.672821045, 70.9955215454, 51.3557014465, 54.780708313, 46.4268608093], [-174.135299683, 76.5746688843, 78.5555496216, 98.4459762573, 102.587249756, 77.6458892822, 72.7040786743, 100.672821045, 154.766296387, 84.8539962769, 50.3987846375, 34.7541007996, 29.58436203], [-127.21698761, 49.8897590637, 74.4417877197, 79.242767334, 90.2619400024, 90.4145202637, 68.80884552, 70.9955215454, 84.8539962769, 138.508773804, 66.5738754272, 37.0927963257, 27.382019043], [-162.225479126, 54.8952445984, 69.4018936157, 75.1118392944, 57.1250648499, 90.4983520508, 66.537071228, 51.3557014465, 50.3987846375, 66.5738754272, 130.605056763, 60.9140815735, 30.9094085693], [-68.3061981201, -3.74172472954, 72.7353820801, 79.0700073242, 74.5035095215, 36.8600387573, 30.3613357544, 54.780708313, 34.7541007996, 37.0927963257, 60.9140815735, 112.799423218, 52.603515625], [-34.6040802002, 9.50572109222, 66.0075073242, 67.5137710571, 67.1943359375, 35.2091636658, 23.9492645264, 46.4268608093, 29.58436203, 27.382019043, 30.9094085693, 52.603515625, 94.3659057617]],
        "icov": [[0.000115462593385, 4.05153514293e-05, 2.01235998247e-05, -8.54071822687e-06, -8.37670158944e-05, -4.39500508946e-05, 2.97478909488e-05, 7.88685283624e-05, 7.3378731031e-05, 1.90873088286e-05, 0.000101826706668, 6.31153488939e-06, -5.42793804925e-06], [4.05153514293e-05, 0.000598695478402, 7.88224569988e-05, -0.00011985789024, -7.70698170527e-06, 3.72470967704e-05, -0.000439111987362, 0.00025566900149, -0.000219624504098, 5.50081058464e-05, -9.20386664802e-05, 0.000192715175217, -6.1975166318e-05], [2.01235998247e-05, 7.88224569988e-05, 0.00183687394019, -0.000622426217888, -0.000293549004709, -0.00087934685871, 1.1680107491e-05, -0.000314357981551, 0.000225659023272, 0.000133430439746, 0.000238653941778, -0.000252432073466, -0.000198213776457], [-8.54071822687e-06, -0.00011985789024, -0.000622426217888, 0.00397107936442, -0.0019068516558, -0.000331886287313, 0.00078022305388, -0.00147288001608, -3.93854897993e-05, 0.000373994349502, -0.000730715750251, -0.000162224008818, -0.000154922890943], [-8.37670158944e-05, -7.70698170527e-06, -0.000293549004709, -0.0019068516558, 0.00442993221804, -0.000370101217413, -0.00032226665644, 0.000310439005261, -0.00097608246142, -0.000944261031691, 0.00100291054696, -0.000972899142653, -0.000753759464715], [-4.39500508946e-05, 3.72470967704e-05, -0.00087934685871, -0.000331886287313, -0.000370101217413, 0.00427680648863, -0.00148610246833, -0.000652550661471, 0.000425048463512, -0.000711461936589, -0.00161585037131, 0.00127031083684, 9.30100432015e-05], [2.97478909488e-05, -0.000439111987362, 1.1680107491e-05, 0.00078022305388, -0.00032226665644, -0.00148610246833, 0.00695492746308, -0.0027869399637, -0.000158876006026, -0.000484366843011, -0.00151185551658, 0.000527584052179, 0.000270225398708], [7.88685283624e-05, 0.00025566900149, -0.000314357981551, -0.00147288001608, 0.000310439005261, -0.000652550661471, -0.0027869399637, 0.00910769496113, -0.00328951561823, -0.000139266630867, 0.00151199533138, -0.00168304331601, -0.000959681929089], [7.3378731031e-05, -0.000219624504098, 0.000225659023272, -3.93854897993e-05, -0.00097608246142, 0.000425048463512, -0.000158876006026, -0.00328951561823, 0.0121208773926, -0.00499269878492, -0.000696803967003, 0.000476855406305, -0.000274309859378], [1.90873088286e-05, 5.50081058464e-05, 0.000133430439746, 0.000373994349502, -0.000944261031691, -0.000711461936589, -0.000484366843011, -0.000139266630867, -0.00499269878492, 0.0132892411202, -0.00392153812572, 0.000156276131747, -0.000323669431964], [0.000101826706668, -9.20386664802e-05, 0.000238653941778, -0.000730715750251, 0.00100291054696, -0.00161585037131, -0.00151185551658, 0.00151199533138, -0.000696803967003, -0.00392153812572, 0.014110436663, -0.00622333027422, 0.000134692221764], [6.31153488939e-06, 0.000192715175217, -0.000252432073466, -0.000162224008818, -0.000972899142653, 0.00127031083684, 0.000527584052179, -0.00168304331601, 0.000476855406305, 0.000156276131747, -0.00622333027422, 0.0159495193511, -0.00585886184126], [-5.42793804925e-06, -6.1975166318e-05, -0.000198213776457, -0.000154922890943, -0.000753759464715, 9.30100432015e-05, 0.000270225398708, -0.000959681929089, -0.000274309859378, -0.000323669431964, 0.000134692221764, -0.00585886184126, 0.0151581512764]]
    },
    "spectral_contrast_coeffs": {
        "mean": [-0.694237232208, -0.742077469826, -0.759208500385, -0.784438610077, -0.78887540102, -0.791067898273],
        "stdev": [0.095946021378, 0.0834215655923, 0.0746096000075, 0.0664903372526, 0.0577398277819, 0.0378124751151]
    },
    "spectral_contrast_valleys": {
        "mean": [-7.33114433289, -7.19556522369, -7.661901474, -7.95791482925, -7.97672176361, -10.1193408966],
        "stdev": [2.21174263954, 2.07914733887, 2.03410768509, 2.00913000107, 2.06365346909, 2.06128430367]
    }
},
"rhythm": {
    "beats_count": 553,
    "beats_loudness": {
        "mean": 0.0528671070933,
        "stdev": 0.0261559840292
    },
    "bpm": 139.917175293,
    "bpm_histogram_first_peak_bpm": 140,
    "bpm_histogram_first_peak_weight": 0.177914083004,
    "bpm_histogram_second_peak_bpm": 133,
    "bpm_histogram_second_peak_spread": 0.375,
    "bpm_histogram_second_peak_weight": 0.0271739121526,
    "danceability": 1.22798836231,
    "onset_rate": 4.85779762268,
    "beats_loudness_band_ratio": {
        "mean": [0.57081836462, 0.102296620607, 0.133400976658, 0.110168427229, 0.0718994364142, 0.0421746782959],
        "stdev": [0.39112842083, 0.136645421386, 0.174925819039, 0.141912072897, 0.107444852591, 0.0676194652915]
    },
    "beats_position": [0.441179126501, 0.893968224525, 1.35836732388, 1.82276642323, 2.26394557953, 2.70512461662, 3.09986400604, 3.48299312592, 3.85451245308, 4.22603178024, 4.59755086899, 4.96907043457, 5.34058952332, 5.71210861206, 6.08362817764, 6.45514726639, 6.83827638626, 7.22140598297, 7.63936471939, 8.05732440948, 8.47528362274, 8.91646194458, 9.35764122009, 9.78721046448, 10.2167797089, 10.6579589844, 11.0991382599, 11.5519275665, 12.0047159195, 12.4575052261, 12.9102945328, 13.3630838394, 13.8158731461, 14.2454423904, 14.6750106812, 15.1161899567, 15.545759201, 15.9753284454, 16.4048976898, 16.8344669342, 17.2640361786, 17.693605423, 18.1115646362, 18.5411338806, 18.970703125, 19.4002723694, 19.8298416138, 20.2594108582, 20.6889801025, 21.1185474396, 21.548116684, 21.9776859283, 22.4072551727, 22.8368244171, 23.2663936615, 23.6843528748, 24.1255321503, 24.5434913635, 24.984670639, 25.4026298523, 25.8321990967, 26.2617683411, 26.6913375854, 27.1209068298, 27.5504760742, 27.9800453186, 28.409614563, 28.8275737762, 29.2571430206, 29.686712265, 30.1162815094, 30.5458488464, 30.9754180908, 31.4049873352, 31.8345565796, 32.264125824, 32.6936950684, 33.1232643127, 33.5528335571, 33.9824028015, 34.4119720459, 34.8299331665, 35.2711105347, 35.6890678406, 36.118637085, 36.5482063293, 36.9777755737, 37.4073448181, 37.8369140625, 38.2664833069, 38.6960525513, 39.1256217957, 39.55519104, 39.9847602844, 40.402721405, 40.8322906494, 41.2618598938, 41.6914291382, 42.1209983826, 42.550567627, 42.9801368713, 43.3980941772, 43.8276634216, 44.257232666, 44.6868019104, 45.1047592163, 45.5343284607, 45.9638977051, 46.4050788879, 46.8346481323, 47.2642173767, 47.6937866211, 48.111743927, 48.5413131714, 48.9708824158, 49.4004516602, 49.8300209045, 50.2595901489, 50.6891593933, 51.1187286377, 51.5482978821, 51.9778671265, 52.4074363708, 52.8253974915, 53.2549667358, 53.6845359802, 54.1141014099, 54.5436706543, 54.9732398987, 55.4028091431, 55.8323783875, 56.2619476318, 56.6915168762, 57.1210861206, 57.550655365, 57.9802246094, 58.39818573, 58.8277549744, 59.2573242188, 59.6868934631, 60.1164627075, 60.5460319519, 60.9756011963, 61.4051704407, 61.8347396851, 62.2643089294, 62.6938781738, 63.1118354797, 63.5414047241, 63.9709739685, 64.4005432129, 64.8301086426, 65.2596817017, 65.6892471313, 66.1188201904, 66.5483856201, 66.9779586792, 67.4075241089, 67.8254852295, 68.2666625977, 68.6846237183, 69.1141967773, 69.543762207, 69.9733352661, 70.4029006958, 70.8324737549, 71.2620391846, 71.6916122437, 72.1211776733, 72.5507507324, 72.9803161621, 73.4098815918, 73.8394546509, 74.2574157715, 74.6869812012, 75.1165542603, 75.5461196899, 75.975692749, 76.4052581787, 76.8348312378, 77.2643966675, 77.6939697266, 78.1119232178, 78.5414962769, 78.9710617065, 79.4006347656, 79.8302001953, 80.2597732544, 80.6893386841, 81.1189117432, 81.5484771729, 81.9780502319, 82.4076156616, 82.8371887207, 83.2667541504, 83.684715271, 84.1258926392, 84.5438537598, 84.9734191895, 85.4029922485, 85.8325576782, 86.2621307373, 86.691696167, 87.1212692261, 87.5392303467, 87.9687957764, 88.3983688354, 88.8279342651, 89.2575073242, 89.6870727539, 90.116645813, 90.5462112427, 90.9757843018, 91.4169616699, 91.8581390381, 92.4502487183, 93.0191345215, 93.5996322632, 94.1917419434, 94.760635376, 95.3411331177, 95.9100189209, 96.467300415, 97.0361862183, 97.61668396, 98.1855773926, 98.7544631958, 99.3233566284, 99.8922424316, 100.472740173, 101.053237915, 101.633743286, 102.202629089, 102.771514893, 103.340408325, 103.909294128, 104.478187561, 105.035461426, 105.59274292, 106.161628723, 106.718910217, 107.148475647, 107.578048706, 107.996009827, 108.437187195, 108.866752625, 109.296325684, 109.725891113, 110.155464172, 110.585029602, 111.014602661, 111.455780029, 111.908569336, 112.361358643, 112.802536011, 113.243713379, 113.684898376, 114.114463806, 114.544036865, 114.973602295, 115.403175354, 115.832740784, 116.262313843, 116.691879272, 117.121452332, 117.551017761, 117.98059082, 118.41015625, 118.839729309, 119.2576828, 119.687255859, 120.116821289, 120.546394348, 120.975959778, 121.405532837, 121.835098267, 122.264671326, 122.694236755, 123.123809814, 123.553375244, 123.971336365, 124.412513733, 124.830474854, 125.271652222, 125.689613342, 126.119178772, 126.548751831, 126.978317261, 127.40789032, 127.83745575, 128.267028809, 128.696594238, 129.126159668, 129.555740356, 129.985305786, 130.403259277, 130.832824707, 131.262405396, 131.691970825, 132.121536255, 132.539505005, 132.969070435, 133.398635864, 133.828201294, 134.257781982, 134.687347412, 135.116912842, 135.546478271, 135.97605896, 136.40562439, 136.835189819, 137.253143311, 137.682723999, 138.112289429, 138.541854858, 138.971420288, 139.401000977, 139.830566406, 140.260131836, 140.689697266, 141.119277954, 141.548843384, 141.966796875, 142.396362305, 142.825942993, 143.255508423, 143.685073853, 144.114639282, 144.544219971, 144.9737854, 145.40335083, 145.83291626, 146.262496948, 146.692062378, 147.121627808, 147.551193237, 147.980773926, 148.398727417, 148.828292847, 149.257858276, 149.687438965, 150.117004395, 150.546569824, 150.976135254, 151.405715942, 151.835281372, 152.264846802, 152.694412231, 153.112380981, 153.541946411, 153.971511841, 154.401092529, 154.830657959, 155.260223389, 155.689788818, 156.119369507, 156.548934937, 156.978500366, 157.408065796, 157.826034546, 158.255599976, 158.685165405, 159.114730835, 159.544311523, 159.973876953, 160.403442383, 160.833007812, 161.262588501, 161.692153931, 162.12171936, 162.55128479, 162.980865479, 163.39881897, 163.828384399, 164.257949829, 164.687530518, 165.117095947, 165.546661377, 165.976226807, 166.405807495, 166.835372925, 167.253326416, 167.682891846, 168.112472534, 168.553649902, 168.971603394, 169.401168823, 169.830749512, 170.260314941, 170.689880371, 171.119445801, 171.549026489, 171.978591919, 172.408157349, 172.837722778, 173.267303467, 173.685256958, 174.114822388, 174.544403076, 174.973968506, 175.403533936, 175.833099365, 176.262680054, 176.692245483, 177.121810913, 177.539764404, 177.969345093, 178.398910522, 178.828475952, 179.258041382, 179.68762207, 180.1171875, 180.54675293, 180.976318359, 181.405899048, 181.835464478, 182.265029907, 182.694595337, 183.124176025, 183.553741455, 183.983306885, 184.412872314, 184.830841064, 185.260406494, 185.689971924, 186.131149292, 186.560714722, 186.99029541, 187.41986084, 187.84942627, 188.26739502, 188.685348511, 189.11491394, 189.54447937, 189.974060059, 190.403625488, 190.833190918, 191.262756348, 191.692337036, 192.121902466, 192.551467896, 192.981033325, 193.410614014, 193.840179443, 194.258132935, 194.687713623, 195.117279053, 195.546844482, 195.976409912, 196.405975342, 196.83555603, 197.26512146, 197.683074951, 198.11265564, 198.542221069, 198.971786499, 199.38973999, 199.819320679, 200.248886108, 200.690063477, 201.119628906, 201.549209595, 201.978775024, 202.408340454, 202.837905884, 203.267486572, 203.685440063, 204.126617432, 204.556182861, 204.985748291, 205.403717041, 205.833282471, 206.2628479, 206.692428589, 207.121994019, 207.551559448, 207.981124878, 208.410705566, 208.840270996, 209.258224487, 209.687789917, 210.117370605, 210.546936035, 210.976501465, 211.406066895, 211.835647583, 212.253601074, 212.683166504, 213.112747192, 213.553924561, 213.98348999, 214.41305542, 214.831008911, 215.2605896, 215.690155029, 216.119720459, 216.549285889, 216.978866577, 217.408432007, 217.837997437, 218.255966187, 218.685531616, 219.115097046, 219.544662476, 219.974243164, 220.403808594, 220.833374023, 221.262939453, 221.692520142, 222.122085571, 222.551651001, 222.981216431, 223.399185181, 223.840362549, 224.25831604, 224.68788147, 225.117462158, 225.547027588, 225.976593018, 226.406158447, 226.835739136, 227.265304565, 227.694869995, 228.124435425, 228.554016113, 228.983581543, 229.413146973, 229.831100464, 230.260681152, 230.690246582, 231.119812012, 231.549377441, 231.97895813, 232.40852356, 232.838088989, 233.267654419, 233.685623169, 234.126800537, 234.544754028, 234.997543335, 235.46194458, 235.926345825, 236.379135132, 236.831924438, 237.296325684, 237.74911499, 238.201904297, 238.666305542, 239.142303467, 239.595092773, 240.059494019, 240.523895264, 240.988296509],
    "bpm_histogram": [0, 0, 0, 0, 0, 0, 0, 0, 0, 0, 0, 0, 0, 0, 0, 0, 0, 0, 0, 0, 0, 0, 0, 0, 0, 0, 0, 0, 0, 0, 0, 0, 0, 0, 0, 0, 0, 0, 0, 0, 0, 0, 0, 0, 0, 0, 0, 0, 0, 0, 0, 0, 0, 0, 0, 0, 0, 0, 0, 0, 0, 0, 0, 0, 0, 0, 0, 0, 0, 0, 0, 0, 0, 0, 0, 0, 0, 0, 0, 0, 0, 0, 0, 0, 0, 0, 0, 0, 0, 0, 0, 0, 0, 0, 0, 0, 0, 0, 0, 0, 0, 0.00362318847328, 0, 0.0108695654199, 0, 0.0253623183817, 0, 0, 0.00724637694657, 0, 0, 0, 0, 0, 0, 0, 0, 0, 0, 0, 0, 0, 0, 0, 0, 0, 0.00181159423664, 0, 0, 0.0163043476641, 0, 0, 0, 0.0271739121526, 0, 0, 0.0525362305343, 0, 0, 0, 0.728260874748, 0, 0, 0, 0.105072461069, 0, 0, 0, 0, 0, 0, 0, 0.00181159423664, 0, 0, 0, 0, 0.00543478270993, 0, 0, 0, 0.0144927538931, 0, 0, 0, 0, 0, 0, 0, 0, 0, 0, 0, 0, 0, 0, 0, 0, 0, 0, 0, 0, 0, 0, 0, 0, 0, 0, 0, 0, 0, 0, 0, 0, 0, 0, 0, 0, 0, 0, 0, 0, 0, 0, 0, 0, 0, 0, 0, 0, 0, 0, 0, 0, 0, 0, 0, 0, 0, 0, 0, 0, 0, 0, 0, 0, 0, 0, 0, 0, 0, 0, 0, 0, 0, 0, 0, 0, 0, 0, 0, 0, 0, 0, 0, 0, 0, 0, 0, 0]
},
"tonal": {
    "chords_changes_rate": 0.0881844386458,
    "chords_number_rate": 0.00249759852886,
    "chords_strength": {
        "mean": 0.611852109432,
        "stdev": 0.16069431603
    },
    "hpcp_crest": {
        "mean": 14.4435491562,
        "stdev": 7.46132898331
    },
    "hpcp_entropy": {
        "mean": 1.89103984833,
        "stdev": 0.804851472378
    },
    "key_edma": {
        "strength": 0.669266402721,
        "key": "G#",
        "scale": "major"
    },
    "key_krumhansl": {
        "strength": 0.674719452858,
        "key": "G#",
        "scale": "major"
    },
    "key_temperley": {
        "strength": 0.671070694923,
        "key": "G#",
        "scale": "major"
    },
    "tuning_diatonic_strength": 0.698554933071,
    "tuning_equal_tempered_deviation": 0.194673851132,
    "tuning_frequency": 445.627075195,
    "tuning_nontempered_energy_ratio": 0.854858160019,
    "hpcp": {
        "mean": [0.0847380831838, 0.0699952095747, 0.0829874649644, 0.094832085073, 0.0899583995342, 0.0731825083494, 0.0662842988968, 0.116844929755, 0.225743159652, 0.222312226892, 0.117196924984, 0.0718983560801, 0.0644411817193, 0.0670719742775, 0.0821690410376, 0.0862920284271, 0.108078196645, 0.16888512671, 0.161413878202, 0.0870952755213, 0.0487790256739, 0.0419497489929, 0.0583931356668, 0.105073541403, 0.112607166171, 0.080621868372, 0.062034368515, 0.0563658438623, 0.074620552361, 0.117966026068, 0.131042897701, 0.138843864202, 0.237737074494, 0.295404940844, 0.254017472267, 0.167606025934],
        "stdev": [0.201886415482, 0.176811665297, 0.184128165245, 0.198683425784, 0.204514533281, 0.186838969588, 0.168891102076, 0.210205256939, 0.328070312738, 0.32032969594, 0.212442666292, 0.183502539992, 0.171864360571, 0.167709738016, 0.191676363349, 0.189149215817, 0.191157981753, 0.262274742126, 0.255145221949, 0.168838173151, 0.1260894835, 0.114777036011, 0.145264700055, 0.236374527216, 0.24196703732, 0.172759070992, 0.149255827069, 0.147623792291, 0.167064726353, 0.21294298768, 0.220661625266, 0.220700338483, 0.318040758371, 0.370608389378, 0.33268225193, 0.295109570026]
    },
    "chords_histogram": [34.4092216492, 5.80211353302, 1.49855911732, 2.53602313995, 0.0192122962326, 0, 1.03746402264, 0.461095094681, 4.36119127274, 4.5148897171, 12.122959137, 8.58789634705, 0.0192122962326, 0, 0.499519705772, 0.557156562805, 5.03362131119, 2.42074918747, 0.0960614830256, 0.0192122962326, 0.172910660505, 0.153698369861, 1.76753127575, 13.909702301],
    "thpcp": [1, 0.859895825386, 0.567377209663, 0.286853969097, 0.236946642399, 0.280927807093, 0.321024030447, 0.304525703192, 0.247736230493, 0.224384531379, 0.395541548729, 0.764182090759, 0.752567708492, 0.396733134985, 0.24338914454, 0.218145236373, 0.227050960064, 0.278157293797, 0.292114377022, 0.365864545107, 0.571707189083, 0.546415627003, 0.294833511114, 0.165125966072, 0.142007604241, 0.197671487927, 0.355693250895, 0.381195932627, 0.27291983366, 0.209997728467, 0.190808743238, 0.252604275942, 0.399336665869, 0.443604290485, 0.470011979342, 0.804783701897],
    "chords_key": "G#",
    "chords_scale": "major"
}
}