{
"metadata": {
    "version": {
        "essentia": "2.1-dev",
        "essentia_git_sha": "v2.1_beta3-415-gd5473f3",
        "extractor": "music 2.0"
    },
    "audio_properties": {
        "analysis": {
            "equal_loudness": 0,
            "length": 174.628570557,
            "sample_rate": 44100,
            "start_time": 0,
            "downmix": "mix"
        },
        "bit_rate": 192000,
        "length": 174.628570557,
        "lossless": 0,
        "number_channels": 2,
        "replay_gain": -8.89346122742,
        "sample_rate": 44100,
        "codec": "mp3",
        "md5_encoded": "e5c2cd8a016739e59063311d3a14dcf8"
    },
    "tags": {
        "file_name": "x_beat-lola.mp3",
        "album": ["Cultura De Club (CD 2)"],
        "artist": ["Various Artists"],
        "genre": ["Other"],
        "title": ["X-Beat - Lola"]
    }
},
"lowlevel": {
    "average_loudness": 0.974029302597,
    "barkbands_crest": {
        "mean": 13.3866271973,
        "stdev": 5.48641490936
    },
    "barkbands_flatness_db": {
        "mean": 0.188274160028,
        "stdev": 0.0857386216521
    },
    "barkbands_kurtosis": {
        "mean": 17.2637844086,
        "stdev": 50.365978241
    },
    "barkbands_skewness": {
        "mean": 2.86582946777,
        "stdev": 2.26729488373
    },
    "barkbands_spread": {
        "mean": 22.3932094574,
        "stdev": 17.1429195404
    },
    "dissonance": {
        "mean": 0.456231534481,
        "stdev": 0.0368893556297
    },
    "dynamic_complexity": 2.08879423141,
    "erbbands_crest": {
        "mean": 8.69218730927,
        "stdev": 4.19584083557
    },
    "erbbands_flatness_db": {
        "mean": 0.146687909961,
        "stdev": 0.0580755472183
    },
    "erbbands_kurtosis": {
        "mean": 1.70584869385,
        "stdev": 8.57475852966
    },
    "erbbands_skewness": {
        "mean": 0.547720372677,
        "stdev": 1.29565358162
    },
    "erbbands_spread": {
        "mean": 68.5878448486,
        "stdev": 39.2141494751
    },
    "hfc": {
        "mean": 27.1900119781,
        "stdev": 18.9163856506
    },
    "loudness_ebu128": {
        "integrated": -12.6553926468,
        "loudness_range": 3.08059310913,
        "momentary": {
            "mean": -12.8759422302,
            "stdev": 1.51566123962
        },
        "short_term": {
            "mean": -12.7829294205,
            "stdev": 1.09995937347
        }
    },
    "melbands_crest": {
        "mean": 19.699886322,
        "stdev": 7.12659931183
    },
    "melbands_flatness_db": {
        "mean": 0.263199925423,
        "stdev": 0.104627534747
    },
    "melbands_kurtosis": {
        "mean": 58.6790084839,
        "stdev": 83.290435791
    },
    "melbands_skewness": {
        "mean": 5.25429487228,
        "stdev": 3.69198536873
    },
    "melbands_spread": {
        "mean": 18.1952362061,
        "stdev": 22.8640956879
    },
    "pitch_salience": {
        "mean": 0.481841295958,
        "stdev": 0.165019482374
    },
    "silence_rate_20dB": {
        "mean": 1,
        "stdev": 0
    },
    "silence_rate_30dB": {
        "mean": 0.998138785362,
        "stdev": 0.0431020148098
    },
    "silence_rate_60dB": {
        "mean": 0.0105025256053,
        "stdev": 0.101934313774
    },
    "spectral_centroid": {
        "mean": 1232.42956543,
        "stdev": 830.531616211
    },
    "spectral_complexity": {
        "mean": 14.5892047882,
        "stdev": 8.50504016876
    },
    "spectral_decrease": {
        "mean": -1.26286474611e-08,
        "stdev": 6.56448317926e-09
    },
    "spectral_energy": {
        "mean": 0.050129737705,
        "stdev": 0.0251026824117
    },
    "spectral_energyband_high": {
        "mean": 0.00200179987587,
        "stdev": 0.00202302937396
    },
    "spectral_energyband_low": {
        "mean": 0.0290072970092,
        "stdev": 0.0223785713315
    },
    "spectral_energyband_middle_high": {
        "mean": 0.00317674921826,
        "stdev": 0.00489322282374
    },
    "spectral_energyband_middle_low": {
        "mean": 0.01720087789,
        "stdev": 0.0163272637874
    },
    "spectral_entropy": {
        "mean": 7.5437169075,
        "stdev": 0.642591416836
    },
    "spectral_flux": {
        "mean": 0.125232055783,
        "stdev": 0.0592122338712
    },
    "spectral_kurtosis": {
        "mean": 3.15921568871,
        "stdev": 6.50860929489
    },
    "spectral_rms": {
        "mean": 0.0067078624852,
        "stdev": 0.00197770958766
    },
    "spectral_rolloff": {
        "mean": 1227.84545898,
        "stdev": 2062.44384766
    },
    "spectral_skewness": {
        "mean": 1.29125499725,
        "stdev": 0.795923709869
    },
    "spectral_spread": {
        "mean": 6630291.5,
        "stdev": 2573400
    },
    "spectral_strongpeak": {
        "mean": 0.682403028011,
        "stdev": 0.911103606224
    },
    "zerocrossingrate": {
        "mean": 0.0610295720398,
        "stdev": 0.0492818467319
    },
    "barkbands": {
        "mean": [0.00312448735349, 0.0209516640753, 0.0038093207404, 0.00345693225972, 0.00708116078749, 0.00294101773761, 0.00128162303008, 0.00126557552721, 0.000892855692655, 0.000816680025309, 0.000299253762932, 0.000257536506979, 0.000258487736573, 0.000245322356932, 0.00021237047622, 0.000179830749403, 0.000445860670879, 0.000244582595769, 0.000200842201593, 0.00037748599425, 0.00015839326079, 0.000307046371745, 0.000641743012238, 0.000485188356834, 0.000166130033904, 2.64093559963e-05, 1.88569333659e-06],
        "stdev": [0.0044118007645, 0.0190668329597, 0.00715088844299, 0.00722288619727, 0.00816049613059, 0.00480032060295, 0.00375049002469, 0.00279722060077, 0.0019381006714, 0.00168637372553, 0.000611582829151, 0.000549736025278, 0.000906048284378, 0.00118341529742, 0.000979031901807, 0.000657855649479, 0.00125991657842, 0.000743443670217, 0.000809463555925, 0.000738261209335, 0.000239333079662, 0.000333019503159, 0.00090755650308, 0.000470806582598, 0.000199561181944, 3.74434530386e-05, 3.75916101802e-06]
    },
    "erbbands": {
        "mean": [0.906711757183, 3.47162032127, 4.70689105988, 8.55731678009, 12.9182863235, 25.0744590759, 26.8894691467, 30.3857688904, 22.6967182159, 25.5722942352, 22.5297107697, 20.8344726562, 24.7480220795, 20.8751335144, 12.0196695328, 10.1573257446, 11.3619260788, 13.252286911, 12.0175704956, 9.37364292145, 11.3459768295, 24.0756454468, 17.2656078339, 10.6905088425, 12.4604492188, 16.5118408203, 8.24235916138, 7.06962013245, 10.5054731369, 19.6231174469, 14.1561136246, 8.43066215515, 8.88157939911, 3.93055081367, 0.545124650002, 0.133361294866, 0.0456149093807, 0.0095556601882, 0.000252853438724, 6.91216337145e-05],
        "stdev": [0.858741998672, 3.59947037697, 7.69584703445, 16.130109787, 21.8839244843, 31.2034454346, 40.1683921814, 51.965423584, 53.5483169556, 71.7305603027, 40.6989860535, 46.6282424927, 49.1457901001, 41.7801246643, 23.3727550507, 21.1936244965, 38.7700271606, 60.4043121338, 50.6983757019, 42.2887420654, 44.2200584412, 66.0453567505, 44.2948722839, 39.7422981262, 42.0414237976, 31.8373069763, 11.2792158127, 10.0195360184, 12.1987276077, 23.887966156, 19.5211048126, 11.7412891388, 9.04289245605, 4.06463575363, 0.642715096474, 0.177213028073, 0.0679030790925, 0.0155666125938, 0.00036359069054, 3.10242612613e-05]
    },
    "gfcc": {
        "mean": [3.93052196503, 86.6830291748, -78.3244628906, 53.0783195496, -73.6298599243, 22.9916744232, -36.413433075, 7.84992551804, -14.5724506378, -1.31814193726, -7.40528964996, 2.9740755558, -2.44811344147],
        "cov": [[5498.24853516, -1732.29541016, -491.498352051, -114.69379425, -365.611175537, 602.872314453, -438.0362854, 318.352752686, -406.511932373, 94.4824905396, -323.640869141, 137.848724365, -321.258972168], [-1732.29541016, 2234.34619141, -86.802772522, -62.4142532349, 535.698303223, -601.139892578, 297.46395874, -205.127243042, 304.867645264, -80.3150482178, 264.748748779, -154.736953735, 151.912033081], [-491.498352051, -86.802772522, 1459.6114502, 416.970855713, -67.2872772217, 427.032501221, 22.7276649475, -20.2785568237, 4.42721271515, 50.1155548096, 54.4018096924, 53.2520942688, 63.295715332], [-114.69379425, -62.4142532349, 416.970855713, 723.502807617, 237.378967285, 54.3722496033, 72.7281188965, 31.6938476562, 42.2575187683, 23.4186477661, 123.120231628, -27.1659870148, -9.97933197021], [-365.611175537, 535.698303223, -67.2872772217, 237.378967285, 570.848754883, -91.9278793335, 123.754302979, 40.0729217529, 103.891731262, -3.71862077713, 99.1370239258, -40.3666114807, 28.5288524628], [602.872314453, -601.139892578, 427.032501221, 54.3722496033, -91.9278793335, 584.235656738, -5.34263753891, 74.1696472168, -59.761920929, 70.0782012939, -41.9122657776, 59.0718345642, -3.25149488449], [-438.0362854, 297.46395874, 22.7276649475, 72.7281188965, 123.754302979, -5.34263753891, 225.569778442, 37.4354095459, 86.0845336914, 9.71389579773, 55.3339729309, -28.5423793793, 47.0109939575], [318.352752686, -205.127243042, -20.2785568237, 31.6938476562, 40.0729217529, 74.1696472168, 37.4354095459, 180.022232056, 22.5743656158, 5.19994258881, -29.6063213348, 26.0419921875, -17.0517654419], [-406.511932373, 304.867645264, 4.42721271515, 42.2575187683, 103.891731262, -59.761920929, 86.0845336914, 22.5743656158, 162.326324463, 34.0796546936, 80.601600647, -13.2052974701, 42.768447876], [94.4824905396, -80.3150482178, 50.1155548096, 23.4186477661, -3.71862077713, 70.0782012939, 9.71389579773, 5.19994258881, 34.0796546936, 121.57308197, 60.5168075562, 17.0127735138, 10.8568706512], [-323.640869141, 264.748748779, 54.4018096924, 123.120231628, 99.1370239258, -41.9122657776, 55.3339729309, -29.6063213348, 80.601600647, 60.5168075562, 179.519683838, -1.03828799725, 29.555847168], [137.848724365, -154.736953735, 53.2520942688, -27.1659870148, -40.3666114807, 59.0718345642, -28.5423793793, 26.0419921875, -13.2052974701, 17.0127735138, -1.03828799725, 104.826759338, 33.0573043823], [-321.258972168, 151.912033081, 63.295715332, -9.97933197021, 28.5288524628, -3.25149488449, 47.0109939575, -17.0517654419, 42.768447876, 10.8568706512, 29.555847168, 33.0573043823, 99.6574249268]],
        "icov": [[0.000530644669197, -0.000549453310668, 0.00054115918465, -0.00058275758056, 0.000455922476249, -0.000857825856656, 0.000942156591918, -0.00110333738849, 0.00103697553277, -0.00108234921936, 0.000801661459263, -0.000759372953326, 0.00104139500763], [-0.000549453310668, 0.00305335153826, -0.00146320287604, 0.00231842510402, -0.00228017196059, 0.00265349261463, -0.0025182205718, 0.00306273531169, -0.00283303647302, 0.00315944547765, -0.00294986297376, 0.00244732922874, -0.00187816179823], [0.00054115918465, -0.00146320287604, 0.00211098440923, -0.00202183518559, 0.00149989302736, -0.00242255232297, 0.00161890254822, -0.00127962289844, 0.00127902172972, -0.00149325479288, 0.00159988144878, -0.00153263949323, 0.000588352791965], [-0.00058275758056, 0.00231842510402, -0.00202183518559, 0.00420862901956, -0.00260710273869, 0.00238783983514, -0.0022460189648, 0.00184877438005, -0.00166490487754, 0.00272683543153, -0.00377834797837, 0.00244197295979, -0.000779049529228], [0.000455922476249, -0.00228017196059, 0.00149989302736, -0.00260710273869, 0.00433212053031, -0.00201242603362, 0.00144031632226, -0.00283542554826, 0.00147385487799, -0.00174835883081, 0.00153561716434, -0.00126676389482, 0.000784124422353], [-0.000857825856656, 0.00265349261463, -0.00242255232297, 0.00238783983514, -0.00201242603362, 0.00564277078956, -0.00313064223155, 0.00200789025985, -0.00153323309496, 0.00116216798779, -0.00201588962227, 0.00179113144986, -0.00191671948414], [0.000942156591918, -0.0025182205718, 0.00161890254822, -0.0022460189648, 0.00144031632226, -0.00313064223155, 0.00977765023708, -0.00511559471488, 0.00126609310973, -0.00249242247082, 0.00159065099433, 0.000921645842027, -0.00142874440644], [-0.00110333738849, 0.00306273531169, -0.00127962289844, 0.00184877438005, -0.00283542554826, 0.00200789025985, -0.00511559471488, 0.0123392846435, -0.00643797684461, 0.00372932106256, -0.000288311217446, -0.00133356626611, 0.00105858210009], [0.00103697553277, -0.00283303647302, 0.00127902172972, -0.00166490487754, 0.00147385487799, -0.00153323309496, 0.00126609310973, -0.00643797684461, 0.0148565107957, -0.00562177831307, -0.000419530959334, -0.000129360589199, -0.00108443654608], [-0.00108234921936, 0.00315944547765, -0.00149325479288, 0.00272683543153, -0.00174835883081, 0.00116216798779, -0.00249242247082, 0.00372932106256, -0.00562177831307, 0.0159880910069, -0.00786923523992, 0.00199089059606, -0.00238718581386], [0.000801661459263, -0.00294986297376, 0.00159988144878, -0.00377834797837, 0.00153561716434, -0.00201588962227, 0.00159065099433, -0.000288311217446, -0.000419530959334, -0.00786923523992, 0.0139771541581, -0.0044753914699, 0.00275791762397], [-0.000759372953326, 0.00244732922874, -0.00153263949323, 0.00244197295979, -0.00126676389482, 0.00179113144986, 0.000921645842027, -0.00133356626611, -0.000129360589199, 0.00199089059606, -0.0044753914699, 0.0173514503986, -0.00979214347899], [0.00104139500763, -0.00187816179823, 0.000588352791965, -0.000779049529228, 0.000784124422353, -0.00191671948414, -0.00142874440644, 0.00105858210009, -0.00108443654608, -0.00238718581386, 0.00275791762397, -0.00979214347899, 0.019526489079]]
    },
    "melbands": {
        "mean": [0.00685901893303, 0.00317036174238, 0.00162642542273, 0.00127488654107, 0.00110981299076, 0.000635389296804, 0.000339494523359, 0.000290136784315, 0.000170480256202, 0.000132187735289, 0.000123950332636, 8.75991463545e-05, 4.05886567023e-05, 2.82350574707e-05, 2.86527447315e-05, 2.3737855372e-05, 2.45771734626e-05, 1.9025275833e-05, 1.48969375005e-05, 1.13586102088e-05, 1.32571394715e-05, 2.30922869378e-05, 2.57231422438e-05, 1.03435831988e-05, 8.38624509925e-06, 7.26600046619e-06, 1.13664609671e-05, 1.15639331852e-05, 6.28296720606e-06, 2.63564675151e-06, 4.82984978589e-06, 5.61402111998e-06, 6.83519056111e-06, 1.28492229123e-05, 8.42937788548e-06, 7.29338808014e-06, 4.16357352151e-06, 4.89301555717e-06, 7.82383267506e-06, 1.94808694687e-06],
        "stdev": [0.00627592997625, 0.00376714579761, 0.00287953694351, 0.00158911058679, 0.00161055719946, 0.00109338073526, 0.000789876037743, 0.000769561680499, 0.000306118658045, 0.00030213361606, 0.000247889314778, 0.000183601092431, 8.02894792287e-05, 6.1503276811e-05, 7.28842715034e-05, 9.84222861007e-05, 0.000119976546557, 8.5605403001e-05, 6.67745334795e-05, 4.46157901024e-05, 6.01773135713e-05, 7.13785993867e-05, 6.34752213955e-05, 3.48467328877e-05, 3.41604099958e-05, 3.07588597934e-05, 3.67672946595e-05, 2.05044252652e-05, 8.23161735752e-06, 5.55501037525e-06, 7.12075416232e-06, 6.53352071822e-06, 8.36855997477e-06, 1.61756233865e-05, 1.06184352262e-05, 1.51395925059e-05, 6.05579361945e-06, 5.23840390088e-06, 8.98141479411e-06, 2.4248124646e-06]
    },
    "melbands128": {
        "mean": [0.00248770625331, 0.00830867979676, 0.00833937432617, 0.00488902023062, 0.00261981179938, 0.00179282808676, 0.00172557577025, 0.00171101361047, 0.00121416244656, 0.00103649264202, 0.00117339438293, 0.00187842687592, 0.000911389477551, 0.0002642365871, 0.000687371764798, 0.000892564246897, 0.000455862929812, 0.000230260877288, 0.000217999622691, 0.000293044402497, 0.000377742922865, 0.000210878788494, 0.000144675010233, 0.000123775622342, 0.000118832285807, 0.000157254718943, 0.000113869231427, 0.000132333516376, 0.000114899936307, 0.000103625003248, 8.28865086078e-05, 4.3979849579e-05, 3.59075093002e-05, 4.02117257181e-05, 3.3763506508e-05, 2.30752630159e-05, 2.27680229727e-05, 3.40277583746e-05, 2.76778264379e-05, 2.1445335733e-05, 2.39016135311e-05, 2.50203120231e-05, 2.83687859337e-05, 2.20961737796e-05, 1.75114728336e-05, 1.69845607161e-05, 2.42044989136e-05, 1.39887861224e-05, 1.20618224173e-05, 1.20916447486e-05, 1.01528539744e-05, 1.2443128071e-05, 1.26008335428e-05, 1.3423650671e-05, 1.48778999574e-05, 2.31280100706e-05, 2.59776916209e-05, 4.49731342087e-05, 1.54262543219e-05, 1.21399943964e-05, 1.11635517897e-05, 8.731410162e-06, 7.0239143497e-06, 1.04761475086e-05, 6.12178382653e-06, 6.98819621903e-06, 7.69232246967e-06, 9.66889456322e-06, 1.67019079527e-05, 6.47616025162e-06, 9.31962767936e-06, 1.86301658687e-05, 6.67701124257e-06, 4.81186725665e-06, 3.4912427509e-06, 2.46463923759e-06, 2.51463688983e-06, 2.24678319682e-06, 6.60688692733e-06, 5.68180939808e-06, 4.96279062645e-06, 5.10991549163e-06, 7.48408228901e-06, 5.06261858391e-06, 6.79868890074e-06, 1.5533873011e-05, 1.4704408386e-05, 1.02995345515e-05, 9.79436208581e-06, 4.53383427157e-06, 7.64895685279e-06, 9.19438025448e-06, 3.25170071847e-06, 5.77727678319e-06, 2.97931546811e-06, 2.60104388872e-06, 5.06869491801e-06, 7.49794980948e-06, 1.33737576107e-05, 3.53706354872e-06, 3.09319943881e-06, 1.42717158269e-06, 1.176032697e-06, 6.5298837626e-07, 4.39041542677e-07, 3.35520752515e-07, 3.19838107998e-07, 2.34998594806e-07, 2.12087613249e-07, 1.64951103443e-07, 1.74383089302e-07, 1.58329015676e-07, 1.51188572772e-07, 1.11055861396e-07, 1.12089743709e-07, 1.26445570459e-07, 7.45137711533e-08, 1.00514672141e-08, 8.13339499917e-12, 7.32203013498e-12, 7.12504144226e-12, 6.9584620184e-12, 6.79831494918e-12, 6.67662192894e-12, 6.56798964174e-12, 6.49191074162e-12, 6.43668538608e-12, 6.39106606179e-12],
        "stdev": [0.00358507526107, 0.00817261543125, 0.00882595032454, 0.00554242543876, 0.00449818046764, 0.00340054626577, 0.00364391226321, 0.00361023773439, 0.00239356211387, 0.0018999351887, 0.00209245458245, 0.00308471196331, 0.00152224826161, 0.000468257610919, 0.00124336662702, 0.00189512292854, 0.00136590248439, 0.000841870147269, 0.00102799525484, 0.00108083931264, 0.0010720633436, 0.00048541961587, 0.000319001905154, 0.000377398682758, 0.000379738514312, 0.000452647422208, 0.000278250605334, 0.000322555890307, 0.000322822481394, 0.000249740696745, 0.000183175798156, 0.000110668224806, 9.69935790636e-05, 9.85779042821e-05, 9.20891252463e-05, 6.76984345773e-05, 6.04378255957e-05, 9.71497647697e-05, 0.000103726510133, 0.000121707074868, 0.000128812185721, 0.000159285089467, 0.000162644631928, 0.000184333068319, 0.000106269195385, 0.000100396529888, 0.000135186724947, 6.94634800311e-05, 8.59048668644e-05, 7.70240803831e-05, 4.55782246718e-05, 5.22033078596e-05, 6.86627827235e-05, 6.97566501913e-05, 0.000106670842797, 7.81270427979e-05, 7.92084902059e-05, 0.000119120151794, 5.05982825416e-05, 4.48684113508e-05, 3.95993229176e-05, 3.36220800818e-05, 2.96363323287e-05, 5.56107515877e-05, 3.58127654181e-05, 3.49992005795e-05, 3.30862676492e-05, 4.32031338278e-05, 5.63085268368e-05, 2.72962388408e-05, 1.96748242161e-05, 3.43558713212e-05, 1.07316136564e-05, 7.16497925168e-06, 7.90546982898e-06, 5.91852949583e-06, 6.65411016598e-06, 5.4605288824e-06, 1.14252652565e-05, 8.40014490677e-06, 6.23673440714e-06, 7.02960096532e-06, 1.22141273096e-05, 6.95460812494e-06, 8.91829313332e-06, 2.50629927905e-05, 2.11397327803e-05, 1.44382156577e-05, 1.36400512929e-05, 5.282627626e-06, 1.69551312865e-05, 2.22190210479e-05, 4.30786940342e-06, 9.7936599559e-06, 4.44468696514e-06, 3.26939721162e-06, 9.32179773372e-06, 1.02337280623e-05, 1.75880813913e-05, 4.24187055614e-06, 4.11565224567e-06, 1.89477384538e-06, 1.78208699708e-06, 9.06895650132e-07, 5.85974817113e-07, 5.06974970449e-07, 5.11982875651e-07, 3.47916085275e-07, 3.06482576207e-07, 2.47866097425e-07, 2.61472195007e-07, 2.59345853237e-07, 2.37389315316e-07, 1.90800278688e-07, 1.86536979641e-07, 2.13976520058e-07, 1.45113020267e-07, 2.44913138658e-08, 1.06397555696e-11, 1.00265898015e-11, 9.7576330696e-12, 9.52475685129e-12, 9.32309004303e-12, 9.15340112734e-12, 9.0112379364e-12, 8.89944975352e-12, 8.81730365804e-12, 8.76762204505e-12]
    },
    "mfcc": {
        "mean": [-644.004699707, 105.51235199, 50.6584396362, 27.0044364929, 4.67930316925, 9.84422969818, -3.12132239342, 7.9564371109, 0.426219969988, 2.37874388695, -2.35460424423, 1.65728795528, 4.17816829681],
        "cov": [[5528.86425781, -1626.94848633, -558.445678711, -759.947814941, -3.92449879646, -134.209762573, 50.7553710938, 20.8891487122, -36.1151885986, -64.5352249146, -68.4345779419, -29.600725174, -94.9919281006], [-1626.94848633, 2108.21411133, -488.526611328, 378.100585938, -0.727323591709, -94.2414169312, -80.3918762207, -39.8858184814, -44.2622947693, 46.4043922424, 81.4354171753, 2.93944978714, -20.625213623], [-558.445678711, -488.526611328, 1570.89367676, -32.4203338623, 124.061500549, 320.061523438, 136.914505005, 26.7562007904, 51.5853881836, -53.3654327393, 38.4813766479, 3.10550498962, 76.6071853638], [-759.947814941, 378.100585938, -32.4203338623, 807.283752441, 209.550491333, 14.0337285995, 50.5726165771, 28.8114509583, -26.2242889404, 72.1622695923, 20.5454158783, 125.465637207, 65.9292602539], [-3.92449879646, -0.727323591709, 124.061500549, 209.550491333, 373.191101074, 124.888465881, 113.627403259, 52.6479911804, 31.861000061, 11.5247440338, 60.5211181641, 46.5478096008, 39.6631126404], [-134.209762573, -94.2414169312, 320.061523438, 14.0337285995, 124.888465881, 282.239990234, 120.648750305, 18.6594257355, 36.4568328857, 36.4044418335, 29.1386413574, 26.8201942444, 34.2557945251], [50.7553710938, -80.3918762207, 136.914505005, 50.5726165771, 113.627403259, 120.648750305, 197.573104858, 70.8712387085, 40.5063323975, 33.3401679993, 52.1917686462, 14.8834104538, 19.1065654755], [20.8891487122, -39.8858184814, 26.7562007904, 28.8114509583, 52.6479911804, 18.6594257355, 70.8712387085, 149.943008423, 80.9123687744, 14.6804962158, 15.8861074448, 1.20799660683, 7.51968002319], [-36.1151885986, -44.2622947693, 51.5853881836, -26.2242889404, 31.861000061, 36.4568328857, 40.5063323975, 80.9123687744, 143.791488647, 36.187122345, -0.730351090431, -8.79076004028, 6.96675539017], [-64.5352249146, 46.4043922424, -53.3654327393, 72.1622695923, 11.5247440338, 36.4044418335, 33.3401679993, 14.6804962158, 36.187122345, 129.643478394, 41.4575653076, 18.0299453735, 32.3145751953], [-68.4345779419, 81.4354171753, 38.4813766479, 20.5454158783, 60.5211181641, 29.1386413574, 52.1917686462, 15.8861074448, -0.730351090431, 41.4575653076, 116.741928101, 43.1919403076, 15.4426689148], [-29.600725174, 2.93944978714, 3.10550498962, 125.465637207, 46.5478096008, 26.8201942444, 14.8834104538, 1.20799660683, -8.79076004028, 18.0299453735, 43.1919403076, 121.855445862, 53.7475471497], [-94.9919281006, -20.625213623, 76.6071853638, 65.9292602539, 39.6631126404, 34.2557945251, 19.1065654755, 7.51968002319, 6.96675539017, 32.3145751953, 15.4426689148, 53.7475471497, 91.0148162842]],
        "icov": [[0.000327227433445, 0.000223693816224, 0.000145167694427, 0.000364526087651, -0.000304653513012, 0.000248151074629, -0.000248731754255, -8.13568258309e-05, 0.000307938200422, -0.000259303138591, 0.000349436566466, -0.000439901719801, 0.000373261224013], [0.000223693816224, 0.00082198966993, 0.000372002425138, -0.000306528789224, 9.28627487156e-05, -0.000185940414667, 0.000284233276034, 0.000142898526974, -7.01740500517e-05, 0.000361040350981, -0.00101503101178, 0.000626078806818, -3.36031080224e-05], [0.000145167694427, 0.000372002425138, 0.00118008058053, -0.000257251085714, 0.000309418246616, -0.00129148131236, 9.27548899199e-05, 0.000210631493246, -0.000467186357128, 0.00152552966028, -0.00122663401999, 0.00112729077227, -0.00122020195704], [0.000364526087651, -0.000306528789224, -0.000257251085714, 0.0029753013514, -0.00199206522666, 0.00150396151002, -0.000927452347241, -0.000827082374599, 0.0018520837184, -0.00280954060145, 0.00335333868861, -0.00365991727449, 0.001385464333], [-0.000304653513012, 9.28627487156e-05, 0.000309418246616, -0.00199206522666, 0.00512738386169, -0.00224187597632, -0.000422775134211, 9.15874406928e-05, -0.00159455370158, 0.00312510551885, -0.00355822104029, 0.00215339846909, -0.00207925844006], [0.000248151074629, -0.000185940414667, -0.00129148131236, 0.00150396151002, -0.00224187597632, 0.0076824282296, -0.00375453196466, 0.00125664414372, 0.000247022253461, -0.00338389119133, 0.00336701190099, -0.00315847387537, 0.00146075501107], [-0.000248731754255, 0.000284233276034, 9.27548899199e-05, -0.000927452347241, -0.000422775134211, -0.00375453196466, 0.0100772576407, -0.0035171539057, 8.41113651404e-05, 0.000310300092679, -0.00396756036207, 0.00232949620113, -0.000648066343274], [-8.13568258309e-05, 0.000142898526974, 0.000210631493246, -0.000827082374599, 9.15874406928e-05, 0.00125664414372, -0.0035171539057, 0.0119148995727, -0.00668495707214, 0.00209655286744, -0.00150565546937, 0.000981610268354, -0.000946526415646], [0.000307938200422, -7.01740500517e-05, -0.000467186357128, 0.0018520837184, -0.00159455370158, 0.000247022253461, 8.41113651404e-05, -0.00668495707214, 0.0127035593614, -0.00526669342071, 0.00404745107517, -0.00170034857001, 0.00170858739875], [-0.000259303138591, 0.000361040350981, 0.00152552966028, -0.00280954060145, 0.00312510551885, -0.00338389119133, 0.000310300092679, 0.00209655286744, -0.00526669342071, 0.0149222398177, -0.0080892322585, 0.00541376369074, -0.00648377649486], [0.000349436566466, -0.00101503101178, -0.00122663401999, 0.00335333868861, -0.00355822104029, 0.00336701190099, -0.00396756036207, -0.00150565546937, 0.00404745107517, -0.0080892322585, 0.01794099994, -0.00925295986235, 0.00496108969674], [-0.000439901719801, 0.000626078806818, 0.00112729077227, -0.00365991727449, 0.00215339846909, -0.00315847387537, 0.00232949620113, 0.000981610268354, -0.00170034857001, 0.00541376369074, -0.00925295986235, 0.0181014351547, -0.0098462710157], [0.000373261224013, -3.36031080224e-05, -0.00122020195704, 0.001385464333, -0.00207925844006, 0.00146075501107, -0.000648066343274, -0.000946526415646, 0.00170858739875, -0.00648377649486, 0.00496108969674, -0.0098462710157, 0.0191072784364]]
    },
    "spectral_contrast_coeffs": {
        "mean": [-0.71195435524, -0.763251423836, -0.787832021713, -0.81568300724, -0.791109502316, -0.765078663826],
        "stdev": [0.0880577266216, 0.0721979513764, 0.0642825588584, 0.0527062527835, 0.0634870529175, 0.0345605686307]
    },
    "spectral_contrast_valleys": {
        "mean": [-6.21998786926, -6.61472940445, -7.58612394333, -8.14210796356, -7.86592626572, -9.72808742523],
        "stdev": [0.94634270668, 0.815970480442, 0.956924974918, 0.989339768887, 0.936596989632, 1.30023086071]
    }
},
"rhythm": {
    "beats_count": 383,
    "beats_loudness": {
        "mean": 0.0605491325259,
        "stdev": 0.0168862920254
    },
    "bpm": 131.981048584,
    "bpm_histogram_first_peak_bpm": 133,
    "bpm_histogram_first_peak_weight": 0.257217824459,
    "bpm_histogram_second_peak_bpm": 126,
    "bpm_histogram_second_peak_spread": 0,
    "bpm_histogram_second_peak_weight": 0.00261780107394,
    "danceability": 1.37071251869,
    "onset_rate": 6.79076719284,
    "beats_loudness_band_ratio": {
        "mean": [0.754056274891, 0.13976354897, 0.0535013899207, 0.0215727332979, 0.018155425787, 0.036402054131],
        "stdev": [0.198196128011, 0.150094538927, 0.0879124850035, 0.0445295609534, 0.0484315827489, 0.0379473343492]
    },
    "beats_position": [0.46439909935, 0.9287981987, 1.39319729805, 1.8575963974, 2.32199549675, 2.76317453384, 3.21596360207, 3.66875267029, 4.12154197693, 4.57433080673, 5.0387301445, 5.4915189743, 5.94430828094, 6.39709758759, 6.84988641739, 7.30267572403, 7.75546455383, 8.20825386047, 8.66104316711, 9.12544155121, 9.57823085785, 10.0310201645, 10.4838094711, 10.9365987778, 11.4009971619, 11.8537864685, 12.3065757751, 12.7593650818, 13.2121543884, 13.6765527725, 14.1293420792, 14.5821313858, 15.0349206924, 15.4877090454, 15.9521083832, 16.4048976898, 16.8576869965, 17.3104763031, 17.7632656097, 18.2160549164, 18.6688423157, 19.1216316223, 19.574420929, 20.0388202667, 20.4916095734, 20.94439888, 21.4087982178, 21.8615875244, 22.3143768311, 22.7671642303, 23.219953537, 23.6843528748, 24.1371421814, 24.589931488, 25.0427207947, 25.4955101013, 25.948299408, 26.4010887146, 26.865486145, 27.3182754517, 27.7710647583, 28.2238540649, 28.6766433716, 29.1410427094, 29.5822219849, 30.0350112915, 30.4878005981, 30.9521980286, 31.4049873352, 31.8577766418, 32.3105659485, 32.7633552551, 33.2277526855, 33.6805419922, 34.1333312988, 34.5861206055, 35.0389099121, 35.4916992188, 35.9444885254, 36.4088897705, 36.8616790771, 37.3144645691, 37.7672538757, 38.2200431824, 38.6844444275, 39.1372337341, 39.5900230408, 40.0428123474, 40.4956016541, 40.9483909607, 41.4011802673, 41.8539657593, 42.3067550659, 42.771156311, 43.2239456177, 43.6767349243, 44.1411323547, 44.5939216614, 45.046710968, 45.4995002747, 45.9522895813, 46.4050788879, 46.8578681946, 47.3106575012, 47.7634468079, 48.2278442383, 48.6806335449, 49.1334228516, 49.5862121582, 50.0390014648, 50.5033988953, 50.9561882019, 51.4089775085, 51.8617668152, 52.3145561218, 52.7673454285, 53.2201347351, 53.6845359802, 54.1373214722, 54.5901107788, 55.0429000854, 55.4956893921, 55.9600906372, 56.4128799438, 56.8656692505, 57.3184585571, 57.7712478638, 58.2356452942, 58.6768226624, 59.129611969, 59.5824012756, 60.0468025208, 60.4995918274, 60.952381134, 61.4051704407, 61.8579597473, 62.310749054, 62.7635345459, 63.227935791, 63.6691131592, 64.1335144043, 64.5863037109, 65.0390930176, 65.5034942627, 65.9446716309, 66.409072876, 66.8618545532, 67.3146438599, 67.7674331665, 68.2202224731, 68.6846237183, 69.1374130249, 69.5902023315, 70.0429916382, 70.4957809448, 70.9601821899, 71.4129714966, 71.8773651123, 72.3301544189, 72.7829437256, 73.2357330322, 73.6885223389, 74.1413116455, 74.5941009521, 75.0468902588, 75.4996795654, 75.9524688721, 76.4052581787, 76.8580474854, 77.3224487305, 77.7752380371, 78.2280273438, 78.6808166504, 79.133605957, 79.5747833252, 80.0391845703, 80.503578186, 80.9563674927, 81.4091567993, 81.861946106, 82.3147354126, 82.7675247192, 83.2203140259, 83.684715271, 84.1491165161, 84.6135101318, 85.0546951294, 85.5307006836, 85.9834899902, 86.4246673584, 86.877456665, 87.3302459717, 87.7714233398, 88.2242126465, 88.6770019531, 89.1414031982, 89.5941925049, 90.0469818115, 90.5113830566, 90.9641723633, 91.4169616699, 91.8697509766, 92.3225402832, 92.7753295898, 93.2281188965, 93.6809082031, 94.1336975098, 94.5980911255, 95.0508804321, 95.5036697388, 95.9680709839, 96.4208602905, 96.8736495972, 97.3264389038, 97.7792282104, 98.2436294556, 98.6848068237, 99.1375961304, 99.590385437, 100.054779053, 100.507568359, 100.960357666, 101.424758911, 101.877548218, 102.330337524, 102.783126831, 103.235916138, 103.688705444, 104.141494751, 104.594284058, 105.047073364, 105.511474609, 105.964263916, 106.417053223, 106.869842529, 107.322631836, 107.775421143, 108.22820282, 108.692604065, 109.15700531, 109.598182678, 110.050971985, 110.503761292, 110.956550598, 111.409339905, 111.87374115, 112.326530457, 112.779319763, 113.23210907, 113.696502686, 114.149291992, 114.59047699, 115.031654358, 115.496055603, 115.960449219, 116.424850464, 116.877639771, 117.330429077, 117.794830322, 118.247619629, 118.700408936, 119.153198242, 119.605987549, 120.070381165, 120.511566162, 120.964347839, 121.417137146, 121.881538391, 122.334327698, 122.787117004, 123.25151825, 123.692695618, 124.157096863, 124.609886169, 125.062675476, 125.515464783, 125.968254089, 126.432647705, 126.873832703, 127.338226318, 127.791015625, 128.243804932, 128.696594238, 129.149383545, 129.602172852, 130.054962158, 130.519363403, 130.97215271, 131.424942017, 131.877731323, 132.33052063, 132.794921875, 133.247711182, 133.700500488, 134.153289795, 134.606079102, 135.058868408, 135.511657715, 135.97605896, 136.428848267, 136.881637573, 137.334411621, 137.787200928, 138.239990234, 138.692779541, 139.157180786, 139.609970093, 140.062759399, 140.515548706, 140.968338013, 141.432739258, 141.885528564, 142.338317871, 142.791107178, 143.243896484, 143.696685791, 144.149475098, 144.602264404, 145.055053711, 145.519454956, 145.972244263, 146.425033569, 146.877822876, 147.330612183, 147.795013428, 148.247802734, 148.700592041, 149.153381348, 149.606170654, 150.070556641, 150.523345947, 150.976135254, 151.428924561, 151.881713867, 152.334503174, 152.78729248, 153.240081787, 153.692871094, 154.157272339, 154.610061646, 155.062850952, 155.515640259, 155.968429565, 156.432830811, 156.885620117, 157.338409424, 157.79119873, 158.243988037, 158.696777344, 159.14956665, 159.613967896, 160.066757202, 160.519546509, 160.972335815, 161.425125122, 161.889526367, 162.330703735, 162.79510498, 163.247894287, 163.700683594, 164.1534729, 164.606262207, 165.070648193, 165.5234375, 165.976226807, 166.429016113, 166.88180542, 167.334594727, 167.787384033, 168.251785278, 168.704574585, 169.157363892, 169.621765137, 170.062942505, 170.52734375, 170.980133057, 171.432922363, 171.88571167, 172.338500977, 172.791290283, 173.24407959, 173.708480835, 174.17288208],
    "bpm_histogram": [0, 0, 0, 0, 0, 0, 0, 0, 0, 0, 0, 0, 0, 0, 0, 0, 0, 0, 0, 0, 0, 0, 0, 0, 0, 0, 0, 0, 0, 0, 0, 0, 0, 0, 0, 0, 0, 0, 0, 0, 0, 0, 0, 0, 0, 0, 0, 0, 0, 0, 0, 0, 0, 0, 0, 0, 0, 0, 0, 0, 0, 0, 0, 0, 0, 0, 0, 0, 0, 0, 0, 0, 0, 0, 0, 0, 0, 0, 0, 0, 0, 0, 0, 0, 0, 0, 0, 0, 0, 0, 0, 0, 0, 0, 0, 0, 0, 0, 0, 0, 0, 0, 0, 0, 0, 0, 0, 0, 0, 0, 0, 0, 0, 0, 0, 0, 0, 0, 0, 0, 0, 0, 0, 0, 0, 0, 0.00261780107394, 0, 0, 0.209424078465, 0, 0, 0, 0.740837693214, 0, 0, 0.0471204183996, 0, 0, 0, 0, 0, 0, 0, 0, 0, 0, 0, 0, 0, 0, 0, 0, 0, 0, 0, 0, 0, 0, 0, 0, 0, 0, 0, 0, 0, 0, 0, 0, 0, 0, 0, 0, 0, 0, 0, 0, 0, 0, 0, 0, 0, 0, 0, 0, 0, 0, 0, 0, 0, 0, 0, 0, 0, 0, 0, 0, 0, 0, 0, 0, 0, 0, 0, 0, 0, 0, 0, 0, 0, 0, 0, 0, 0, 0, 0, 0, 0, 0, 0, 0, 0, 0, 0, 0, 0, 0, 0, 0, 0, 0, 0, 0, 0, 0, 0, 0, 0, 0, 0, 0, 0, 0, 0, 0, 0, 0, 0, 0, 0]
},
"tonal": {
    "chords_changes_rate": 0.107123866677,
    "chords_number_rate": 0.00186071242206,
    "chords_strength": {
        "mean": 0.491938382387,
        "stdev": 0.0798736810684
    },
    "hpcp_crest": {
        "mean": 11.740524292,
        "stdev": 5.19902420044
    },
    "hpcp_entropy": {
        "mean": 2.24782252312,
        "stdev": 0.677279472351
    },
    "key_edma": {
        "strength": 0.657066464424,
        "key": "F",
        "scale": "major"
    },
    "key_krumhansl": {
        "strength": 0.656315982342,
        "key": "F",
        "scale": "major"
    },
    "key_temperley": {
        "strength": 0.644186377525,
        "key": "F",
        "scale": "major"
    },
    "tuning_diatonic_strength": 0.516861200333,
    "tuning_equal_tempered_deviation": 0.253137856722,
    "tuning_frequency": 434.193115234,
    "tuning_nontempered_energy_ratio": 0.93634313345,
    "hpcp": {
        "mean": [0.190530121326, 0.164399147034, 0.141999542713, 0.120636045933, 0.0849636942148, 0.0603865459561, 0.0509168356657, 0.0519346855581, 0.0574107095599, 0.063485071063, 0.135494172573, 0.23470108211, 0.160296946764, 0.0603024326265, 0.0667634829879, 0.0761190801859, 0.0909545719624, 0.0725973546505, 0.0442330278456, 0.0483109168708, 0.0484243668616, 0.058119546622, 0.0802468284965, 0.132400751114, 0.195238247514, 0.233767494559, 0.281820058823, 0.223649084568, 0.150486081839, 0.139885619283, 0.115934476256, 0.0893104448915, 0.0682259202003, 0.0713379234076, 0.0786369144917, 0.141231656075],
        "stdev": [0.325371176004, 0.259077221155, 0.23721589148, 0.239276707172, 0.197446271777, 0.172639414668, 0.157806381583, 0.157307356596, 0.161806762218, 0.161570683122, 0.202509135008, 0.297611385584, 0.218831926584, 0.156988188624, 0.185895457864, 0.190592125058, 0.225329533219, 0.194262221456, 0.118814624846, 0.119119152427, 0.124891556799, 0.148385226727, 0.187054723501, 0.237214818597, 0.297258883715, 0.303707271814, 0.33768042922, 0.301495552063, 0.260206788778, 0.263011068106, 0.234338611364, 0.201087281108, 0.175518929958, 0.18801741302, 0.190566554666, 0.261273831129]
    },
    "chords_histogram": [35.2472076416, 5.98086118698, 0.212652847171, 0, 0, 0, 0.0265816058964, 0.93035620451, 1.67464113235, 0, 0, 0, 0, 0, 0.132908031344, 0.558213710785, 1.27591705322, 45.4279632568, 3.58851671219, 3.82775115967, 0.611376941204, 0.0265816058964, 0.292397648096, 0.186071231961],
    "thpcp": [1, 0.793588221073, 0.533979296684, 0.496365010738, 0.411377668381, 0.316905915737, 0.24209035933, 0.253132879734, 0.279032349586, 0.501141250134, 0.676070094109, 0.583347916603, 0.503866016865, 0.428060531616, 0.301482081413, 0.214273408055, 0.180671438575, 0.184283137321, 0.203714057803, 0.225268110633, 0.480782568455, 0.832804739475, 0.568791806698, 0.213974952698, 0.23690110445, 0.270098149776, 0.322739869356, 0.257601797581, 0.156954854727, 0.171424686909, 0.17182725668, 0.206229269505, 0.284744918346, 0.469805985689, 0.69277626276, 0.829492032528],
    "chords_key": "F",
    "chords_scale": "minor"
}
}