{
"metadata": {
    "version": {
        "essentia": "2.1-dev",
        "essentia_git_sha": "v2.1_beta3-415-gd5473f3",
        "extractor": "music 2.0"
    },
    "audio_properties": {
        "analysis": {
            "equal_loudness": 0,
            "length": 286.667755127,
            "sample_rate": 44100,
            "start_time": 0,
            "downmix": "mix"
        },
        "bit_rate": 192000,
        "length": 286.667755127,
        "lossless": 0,
        "number_channels": 2,
        "replay_gain": -8.16055679321,
        "sample_rate": 44100,
        "codec": "mp3",
        "md5_encoded": "0f2786f7898167db78da680d86106ed1"
    },
    "tags": {
        "file_name": "alice_in_chains-man_in_the_box.mp3"
    }
},
"lowlevel": {
    "average_loudness": 0.909226298332,
    "barkbands_crest": {
        "mean": 8.72514343262,
        "stdev": 4.1131401062
    },
    "barkbands_flatness_db": {
        "mean": 0.110242500901,
        "stdev": 0.040339127183
    },
    "barkbands_kurtosis": {
        "mean": 4.09306716919,
        "stdev": 74.617729187
    },
    "barkbands_skewness": {
        "mean": 0.823622226715,
        "stdev": 1.98976695538
    },
    "barkbands_spread": {
        "mean": 29.914522171,
        "stdev": 12.1096248627
    },
    "dissonance": {
        "mean": 0.479146838188,
        "stdev": 0.018373567611
    },
    "dynamic_complexity": 2.32398748398,
    "erbbands_crest": {
        "mean": 8.93568325043,
        "stdev": 4.44950199127
    },
    "erbbands_flatness_db": {
        "mean": 0.160159707069,
        "stdev": 0.037919100374
    },
    "erbbands_kurtosis": {
        "mean": 0.432820171118,
        "stdev": 1.88273704052
    },
    "erbbands_skewness": {
        "mean": -0.235488638282,
        "stdev": 0.740680992603
    },
    "erbbands_spread": {
        "mean": 34.5403175354,
        "stdev": 16.5751552582
    },
    "hfc": {
        "mean": 24.9075450897,
        "stdev": 16.0342330933
    },
    "loudness_ebu128": {
        "integrated": -14.7272224426,
        "loudness_range": 4.38238620758,
        "momentary": {
            "mean": -16.424654007,
            "stdev": 17.8534526825
        },
        "short_term": {
            "mean": -15.0186929703,
            "stdev": 1.66549563408
        }
    },
    "melbands_crest": {
        "mean": 13.1768064499,
        "stdev": 5.17876720428
    },
    "melbands_flatness_db": {
        "mean": 0.154440939426,
        "stdev": 0.0546691566706
    },
    "melbands_kurtosis": {
        "mean": 9.56128692627,
        "stdev": 62.8625869751
    },
    "melbands_skewness": {
        "mean": 1.95421850681,
        "stdev": 2.15354657173
    },
    "melbands_spread": {
        "mean": 38.6088409424,
        "stdev": 20.2524280548
    },
    "pitch_salience": {
        "mean": 0.559986770153,
        "stdev": 0.112258791924
    },
    "silence_rate_20dB": {
        "mean": 1,
        "stdev": 0
    },
    "silence_rate_30dB": {
        "mean": 0.999676048756,
        "stdev": 0.0179949644953
    },
    "silence_rate_60dB": {
        "mean": 0.0507815666497,
        "stdev": 0.219578877091
    },
    "spectral_centroid": {
        "mean": 1984.02111816,
        "stdev": 831.76184082
    },
    "spectral_complexity": {
        "mean": 26.3776626587,
        "stdev": 11.4138584137
    },
    "spectral_decrease": {
        "mean": -5.66513591593e-09,
        "stdev": 4.26096136152e-09
    },
    "spectral_energy": {
        "mean": 0.0236408207566,
        "stdev": 0.0169793143868
    },
    "spectral_energyband_high": {
        "mean": 0.000766003911849,
        "stdev": 0.000791394966654
    },
    "spectral_energyband_low": {
        "mean": 0.0077767688781,
        "stdev": 0.0124443573877
    },
    "spectral_energyband_middle_high": {
        "mean": 0.00900227483362,
        "stdev": 0.00701999524608
    },
    "spectral_energyband_middle_low": {
        "mean": 0.00711465720087,
        "stdev": 0.00762992352247
    },
    "spectral_entropy": {
        "mean": 7.76299476624,
        "stdev": 0.307405799627
    },
    "spectral_flux": {
        "mean": 0.0847545042634,
        "stdev": 0.0455182269216
    },
    "spectral_kurtosis": {
        "mean": 4.51630163193,
        "stdev": 2.02364754677
    },
    "spectral_rms": {
        "mean": 0.0044981976971,
        "stdev": 0.00168238533661
    },
    "spectral_rolloff": {
        "mean": 2375.15356445,
        "stdev": 1873.09106445
    },
    "spectral_skewness": {
        "mean": 1.37276566029,
        "stdev": 0.31896674633
    },
    "spectral_spread": {
        "mean": 4235333.5,
        "stdev": 2967703
    },
    "spectral_strongpeak": {
        "mean": 1.3662750721,
        "stdev": 1.85126590729
    },
    "zerocrossingrate": {
        "mean": 0.0816178694367,
        "stdev": 0.0468240752816
    },
    "barkbands": {
        "mean": [3.02222470054e-05, 0.00358001072891, 0.00327686872333, 0.00139515264891, 0.00232531805523, 0.0006453935639, 0.000589711300563, 0.000637619872577, 0.0012947031064, 0.00130517024081, 0.00143796449993, 0.000483086099848, 0.000494299456477, 0.000682677084114, 0.000907748239115, 0.00105394318234, 0.000909802445676, 0.000796362874098, 0.00081896292977, 0.000376877229428, 0.000188871970749, 0.000114143746032, 0.000116892100777, 9.40330064623e-05, 5.60616354051e-05, 2.79506875813e-05, 9.12788436835e-07],
        "stdev": [6.12648000242e-05, 0.00940323527902, 0.0043811686337, 0.0016927595716, 0.0056797801517, 0.00104769028258, 0.00125666335225, 0.00126638088841, 0.00198117969558, 0.00252886093222, 0.00328255537897, 0.000817932770588, 0.00100400613155, 0.00117450533435, 0.00149093242362, 0.00225724605843, 0.00102660735138, 0.00109335838351, 0.000822928093839, 0.000360680307494, 0.000166838261066, 0.000137660972541, 0.000194934604224, 0.000246845651418, 0.000142963588587, 4.26389378845e-05, 2.2094261567e-06]
    },
    "erbbands": {
        "mean": [0.0574810430408, 0.983681917191, 3.58079576492, 4.7154045105, 4.66937208176, 10.2865591049, 6.75205659866, 4.75730133057, 7.90757226944, 9.53772640228, 17.0389347076, 27.6130924225, 34.9965515137, 68.5445785522, 31.3393211365, 18.6998538971, 22.2827129364, 27.4420452118, 45.5617408752, 51.0625038147, 57.5449714661, 52.1577949524, 44.783290863, 46.3193588257, 31.7130832672, 17.4591751099, 11.4518289566, 5.15577602386, 3.82921290398, 3.9356944561, 3.38554811478, 2.22707605362, 1.42391145229, 0.695054888725, 0.36895570159, 0.149067223072, 0.0488152168691, 0.00598219735548, 0.000154055262101, 3.49385336449e-05],
        "stdev": [0.158681556582, 2.47598052025, 5.34600973129, 5.21559619904, 7.28743362427, 27.903263092, 12.9937610626, 7.50282001495, 17.1008319855, 16.1881961823, 28.2996959686, 42.0306358337, 55.9086837769, 140.870956421, 50.8633537292, 27.7541866302, 45.3420181274, 42.3809394836, 68.6974258423, 86.1246109009, 99.8164596558, 54.2530975342, 58.9258880615, 56.9190864563, 25.7557010651, 16.917350769, 9.58948040009, 5.24783658981, 4.479845047, 5.3992638588, 6.02783250809, 4.22409725189, 5.1702299118, 1.93281638622, 0.957934737206, 0.239911973476, 0.0818384587765, 0.0100278481841, 0.000294945813948, 2.33055998251e-05]
    },
    "gfcc": {
        "mean": [7.31475496292, 72.5064620972, -136.520401001, 36.687461853, -50.718460083, 8.8680562973, -38.4484100342, 17.8156795502, -31.6934356689, -4.98056030273, -25.7743282318, -3.72318100929, -13.3561010361],
        "cov": [[12531.1621094, 815.374511719, -1240.7935791, 478.834838867, -269.102264404, 337.702850342, -293.943725586, 252.952270508, -132.307556152, -51.3622436523, -214.299957275, -21.6670360565, -121.246192932], [815.374511719, 1123.70581055, -152.695495605, 307.649475098, 319.714263916, -23.8926906586, 253.414611816, 74.7648468018, 100.35369873, -11.2046957016, 83.1316757202, -133.578048706, 44.0952186584], [-1240.7935791, -152.695495605, 779.226013184, 138.180099487, 43.1456489563, 15.5224151611, -17.5969715118, 17.9100379944, 17.8042507172, 33.6102752686, -10.4565172195, 42.4566421509, -20.7688903809], [478.834838867, 307.649475098, 138.180099487, 429.721893311, 172.745056152, 26.9436588287, 48.0531768799, 59.2107582092, 107.48223114, 18.2539844513, 38.3539505005, -35.4359512329, 9.64736557007], [-269.102264404, 319.714263916, 43.1456489563, 172.745056152, 335.177001953, 54.6829032898, 173.230484009, 61.8574295044, 62.6625785828, 45.8667755127, 45.1171073914, -25.0765686035, 17.7308387756], [337.702850342, -23.8926906586, 15.5224151611, 26.9436588287, 54.6829032898, 242.554168701, 64.3663406372, 35.5238494873, 29.8131904602, -6.60339403152, 10.9579124451, 13.6975107193, 15.5589370728], [-293.943725586, 253.414611816, -17.5969715118, 48.0531768799, 173.230484009, 64.3663406372, 272.899871826, 73.6848754883, 13.7467021942, 8.35605144501, 33.1427497864, -0.748852610588, 18.7129173279], [252.952270508, 74.7648468018, 17.9100379944, 59.2107582092, 61.8574295044, 35.5238494873, 73.6848754883, 136.494934082, 60.552444458, 16.3783950806, 0.655577778816, -4.80126523972, 3.45571160316], [-132.307556152, 100.35369873, 17.8042507172, 107.48223114, 62.6625785828, 29.8131904602, 13.7467021942, 60.552444458, 170.661849976, 43.1639556885, 35.8705406189, -31.2459754944, 11.216545105], [-51.3622436523, -11.2046957016, 33.6102752686, 18.2539844513, 45.8667755127, -6.60339403152, 8.35605144501, 16.3783950806, 43.1639556885, 97.6677093506, 34.3884010315, -2.31892180443, -24.1214008331], [-214.299957275, 83.1316757202, -10.4565172195, 38.3539505005, 45.1171073914, 10.9579124451, 33.1427497864, 0.655577778816, 35.8705406189, 34.3884010315, 87.5145187378, 5.74722242355, 6.483751297], [-21.6670360565, -133.578048706, 42.4566421509, -35.4359512329, -25.0765686035, 13.6975107193, -0.748852610588, -4.80126523972, -31.2459754944, -2.31892180443, 5.74722242355, 89.8961486816, 18.4167690277], [-121.246192932, 44.0952186584, -20.7688903809, 9.64736557007, 17.7308387756, 15.5589370728, 18.7129173279, 3.45571160316, 11.216545105, -24.1214008331, 6.483751297, 18.4167690277, 73.0784835815]],
        "icov": [[0.000344763218891, -0.000721359858289, 0.000694847200066, -0.000729901774321, 0.000713841058314, -0.000990789034404, 0.00102937105112, -0.00101401854772, 0.000968179956544, -0.00105188961606, 0.00134354655165, -0.00124506524298, 0.000821979308967], [-0.000721359858289, 0.00375501159579, -0.00108587485738, 0.000545580114704, -0.00235857442021, 0.00291960639879, -0.00347994198091, 0.00209099939093, -0.00191110547166, 0.00338667817414, -0.00425150757656, 0.00535366078839, -0.00266114599071], [0.000694847200066, -0.00108587485738, 0.00297027523629, -0.00224144360982, 0.00120183546096, -0.00192960712593, 0.00201548589393, -0.00199358910322, 0.00194861681666, -0.00243333191611, 0.00315838423558, -0.003204414621, 0.00207057129592], [-0.000729901774321, 0.000545580114704, -0.00224144360982, 0.00572296138853, -0.00305791781284, 0.00188843475189, -0.00079313875176, 0.00151009659749, -0.0036131052766, 0.00332213984802, -0.00333954254165, 0.00214177183807, -0.00105350743979], [0.000713841058314, -0.00235857442021, 0.00120183546096, -0.00305791781284, 0.00815691147, -0.00278827338479, -0.000833754020277, -0.00180756440386, 0.0022117132321, -0.00548485619947, 0.00330920889974, -0.00216882862151, 0.000369364657672], [-0.000990789034404, 0.00291960639879, -0.00192960712593, 0.00188843475189, -0.00278827338479, 0.00784332677722, -0.0041970750317, 0.00248530227691, -0.00375462928787, 0.00459707947448, -0.00453535886481, 0.00352263520472, -0.00263109081425], [0.00102937105112, -0.00347994198091, 0.00201548589393, -0.00079313875176, -0.000833754020277, -0.0041970750317, 0.0108092362061, -0.00622644415125, 0.00446173548698, -0.00254202168435, 0.00264022219926, -0.00525418994948, 0.00267357961275], [-0.00101401854772, 0.00209099939093, -0.00199358910322, 0.00151009659749, -0.00180756440386, 0.00248530227691, -0.00622644415125, 0.0141558768228, -0.00699507631361, 0.00222901394591, -0.000533504877239, 0.00220349477604, -0.00157418975141], [0.000968179956544, -0.00191110547166, 0.00194861681666, -0.0036131052766, 0.0022117132321, -0.00375462928787, 0.00446173548698, -0.00699507631361, 0.0135081754997, -0.00679764710367, 0.000885177054442, 0.000634114257991, -0.00131409068126], [-0.00105188961606, 0.00338667817414, -0.00243333191611, 0.00332213984802, -0.00548485619947, 0.00459707947448, -0.00254202168435, 0.00222901394591, -0.00679764710367, 0.0206575598568, -0.0101703638211, 0.00311446283013, 0.00395805947483], [0.00134354655165, -0.00425150757656, 0.00315838423558, -0.00333954254165, 0.00330920889974, -0.00453535886481, 0.00264022219926, -0.000533504877239, 0.000885177054442, -0.0101703638211, 0.0225114785135, -0.00908877141774, 0.00244514690712], [-0.00124506524298, 0.00535366078839, -0.003204414621, 0.00214177183807, -0.00216882862151, 0.00352263520472, -0.00525418994948, 0.00220349477604, 0.000634114257991, 0.00311446283013, -0.00908877141774, 0.0228979736567, -0.00950562022626], [0.000821979308967, -0.00266114599071, 0.00207057129592, -0.00105350743979, 0.000369364657672, -0.00263109081425, 0.00267357961275, -0.00157418975141, -0.00131409068126, 0.00395805947483, 0.00244514690712, -0.00950562022626, 0.0209280829877]]
    },
    "melbands": {
        "mean": [0.000777457258664, 0.00173798052128, 0.000796700245701, 0.000551377946977, 0.000283074652543, 0.000112232904939, 0.000122100827866, 0.000116159892059, 0.0001476326579, 0.000181358293048, 0.000174913308001, 0.000275065482128, 0.000133996567456, 6.02451873419e-05, 4.38836068497e-05, 5.07294244017e-05, 5.11555335834e-05, 7.26060607121e-05, 7.4742732977e-05, 7.32167463866e-05, 6.30127033219e-05, 5.40693145012e-05, 4.71412167826e-05, 3.50766640622e-05, 3.84540944651e-05, 2.86504182441e-05, 1.61240241141e-05, 1.02735921246e-05, 8.30921453598e-06, 4.05199079978e-06, 2.55052077591e-06, 2.03102968044e-06, 2.39095766119e-06, 2.06313711715e-06, 2.00457179744e-06, 1.67484745361e-06, 1.23605252611e-06, 1.06524885268e-06, 7.46751823044e-07, 5.35526055501e-07],
        "stdev": [0.00209113489836, 0.00294419028796, 0.000835653685499, 0.0013598902151, 0.000590714917053, 0.000172409068909, 0.000260201748461, 0.000207838413189, 0.000248844444286, 0.000287795090117, 0.000306814734358, 0.000548658834305, 0.000253306527156, 0.000104195918539, 8.12267171568e-05, 0.000112827743578, 8.88115391717e-05, 0.000128060564748, 0.000135534181027, 0.000181505165529, 9.96097878669e-05, 5.66093731322e-05, 7.20686002751e-05, 4.67666504846e-05, 5.14822022524e-05, 2.65542385023e-05, 1.53596192831e-05, 1.06907154986e-05, 7.38704648029e-06, 3.8611265154e-06, 2.79800929093e-06, 2.53407324635e-06, 3.23031508742e-06, 3.01037562167e-06, 3.64631682714e-06, 3.30397847392e-06, 2.44513398684e-06, 4.08369533034e-06, 2.74850913229e-06, 1.43362797189e-06]
    },
    "melbands128": {
        "mean": [2.38925877056e-05, 0.000253785023233, 0.00108378659934, 0.00179098232184, 0.00192490709014, 0.00152939546388, 0.00102176540531, 0.000582873064559, 0.000352886767359, 0.000556041952223, 0.000802922178991, 0.000318157457514, 0.000223820024985, 0.000176890738658, 8.91076997505e-05, 9.24096384551e-05, 0.000117231051263, 0.000133519119117, 0.00013673043577, 7.08284860593e-05, 0.000136096583446, 0.000154323963216, 0.00012493255781, 0.000186067773029, 0.000162306489074, 0.000207233460969, 0.000164407785633, 0.000133961308165, 0.000241408299189, 0.000179669586942, 0.000397644354962, 0.000265318929451, 6.7129272793e-05, 8.12580619822e-05, 7.58333990234e-05, 5.36375482625e-05, 3.37702840625e-05, 5.01960457768e-05, 4.0099650505e-05, 5.2500901802e-05, 5.68886498513e-05, 4.23719975515e-05, 4.05086138926e-05, 5.45749062439e-05, 9.08526853891e-05, 7.19938252587e-05, 5.2811083151e-05, 0.000102029764093, 6.95696289768e-05, 4.54403052572e-05, 8.51405711728e-05, 8.75313708093e-05, 6.60082878312e-05, 5.40486107639e-05, 5.19739842275e-05, 5.62423592783e-05, 5.33348938916e-05, 4.94182859256e-05, 4.68972903036e-05, 3.92470719817e-05, 3.25495420839e-05, 3.15959077852e-05, 3.92716683564e-05, 4.05193750339e-05, 3.84580453101e-05, 3.03284377878e-05, 2.11651131394e-05, 1.83177871804e-05, 1.45345375131e-05, 1.43339157148e-05, 9.221928849e-06, 8.82713993633e-06, 1.00891511465e-05, 8.44340956974e-06, 6.37195489617e-06, 3.87611498809e-06, 3.1498664157e-06, 3.23196559293e-06, 2.36188293457e-06, 2.05760602512e-06, 2.05517335417e-06, 1.93089090317e-06, 2.1146911422e-06, 2.53493976743e-06, 2.6843968044e-06, 1.95878237719e-06, 1.8758397573e-06, 2.07895755011e-06, 2.00791578209e-06, 2.01028569791e-06, 1.83243491847e-06, 1.56414023422e-06, 1.43817851495e-06, 1.19941694265e-06, 1.12813575015e-06, 1.17683089229e-06, 1.05490505575e-06, 9.16752867397e-07, 8.03037380592e-07, 6.380791433e-07, 5.16095042258e-07, 5.32137391929e-07, 5.32555134214e-07, 5.03208752889e-07, 4.19155156806e-07, 3.32698164129e-07, 3.55748227321e-07, 2.88823628125e-07, 2.91373027039e-07, 1.7601510649e-07, 1.65513284855e-07, 1.57189887773e-07, 1.59642382869e-07, 1.76637058757e-07, 8.52028136933e-08, 5.05227788494e-08, 3.33323022517e-08, 4.52606796486e-09, 6.9243749623e-10, 5.15413767221e-10, 2.68392308378e-10, 5.83551956757e-11, 5.98134458629e-11, 8.0493918822e-12, 3.77671722021e-12, 3.29362947506e-12, 3.26573035107e-12, 3.24282939911e-12],
        "stdev": [5.69173280383e-05, 0.000764357973821, 0.00323012261651, 0.00470229657367, 0.00340588600375, 0.00193983339705, 0.00120512791909, 0.00071957934415, 0.000558680098038, 0.00155578472186, 0.00234655290842, 0.000798875174951, 0.000451367086498, 0.000385486346204, 0.00018557535077, 0.000208139957977, 0.00028440944152, 0.000398732343456, 0.000381374993594, 0.000161523828865, 0.000363350147381, 0.000380839337595, 0.000298475439195, 0.000442646851297, 0.000352903938619, 0.000453832937637, 0.000424491241574, 0.00028484192444, 0.000707114231773, 0.000484615040477, 0.00106748659164, 0.000731615291443, 0.000179592549102, 0.000229057375691, 0.000194509513676, 0.000129206062411, 7.23349148757e-05, 0.000135253561893, 0.000117772884551, 0.000181952054845, 0.000149276529555, 0.000122214565636, 0.000110073553515, 0.0001405889343, 0.000220712550799, 0.0001966732234, 0.000138084695209, 0.000237115542404, 0.000193606741959, 0.0001299110736, 0.000303433014778, 0.000299515435472, 0.000152751032147, 9.45739011513e-05, 7.19351737644e-05, 7.24438359612e-05, 8.04573210189e-05, 0.000109261542093, 0.000110157568997, 6.31455841358e-05, 6.22553488938e-05, 5.86139685765e-05, 8.16332249087e-05, 7.51044717617e-05, 5.81072526984e-05, 3.57521930709e-05, 2.28500703088e-05, 2.10557864193e-05, 1.82035582839e-05, 2.14844931179e-05, 1.27146013256e-05, 1.09096554297e-05, 1.18915650091e-05, 8.44169153424e-06, 6.13756947132e-06, 4.19550997321e-06, 4.23500068791e-06, 4.14879332311e-06, 2.91416131404e-06, 2.59005855696e-06, 3.10794098368e-06, 2.90803723146e-06, 3.07373943542e-06, 3.81839936381e-06, 4.6231016313e-06, 3.04857076117e-06, 3.18427305501e-06, 3.85677276427e-06, 4.03537615057e-06, 4.33486229667e-06, 4.12644567405e-06, 3.29169074575e-06, 3.05752701024e-06, 2.48132027991e-06, 2.59225089394e-06, 3.8258335735e-06, 5.3065573411e-06, 3.76899333787e-06, 3.64279821952e-06, 2.02873911803e-06, 1.3461335584e-06, 1.50314929215e-06, 1.66648874256e-06, 1.90914988707e-06, 1.27507007619e-06, 8.16167357698e-07, 5.92778064856e-07, 4.70768952709e-07, 6.59687543703e-07, 3.1301132708e-07, 2.93178430866e-07, 2.884444541e-07, 3.04297373077e-07, 3.47452868255e-07, 1.4795503489e-07, 9.68323305983e-08, 6.94374406862e-08, 2.61872656893e-08, 1.07486686218e-08, 9.48910017229e-09, 5.9127538421e-09, 1.40623956923e-09, 1.78296244435e-09, 2.46126979908e-10, 2.52460743283e-11, 4.99122835076e-12, 4.94626388459e-12, 4.91794755961e-12]
    },
    "mfcc": {
        "mean": [-624.84942627, 101.9271698, -23.6567554474, 28.0722675323, 5.55712413788, -4.52522993088, 3.58981347084, 9.24809932709, 2.59919667244, 3.24314522743, -7.11405563354, -6.8505525589, -5.57920312881],
        "cov": [[5475.24267578, 508.256439209, -339.490325928, 156.47744751, 168.751785278, 141.951141357, 15.6500968933, 223.754165649, 86.8571395874, 184.810562134, -8.43302822113, -21.1573066711, 35.316619873], [508.256439209, 858.707702637, -194.225967407, 287.588928223, 52.0264968872, 45.3373374939, 192.321838379, 58.8581619263, 110.608039856, 53.1208190918, 63.3793373108, 58.0102272034, 4.01403713226], [-339.490325928, -194.225967407, 589.492797852, 57.0246200562, 80.6363449097, -4.11902523041, -76.9911651611, -3.97439265251, -16.8862743378, -5.40470933914, -31.8395729065, 17.5881061554, 14.2331571579], [156.47744751, 287.588928223, 57.0246200562, 463.721496582, 129.024688721, 24.5908145905, 69.3321456909, 31.7997589111, 76.5865478516, 47.3531951904, 48.6863517761, 89.0917129517, 20.5442733765], [168.751785278, 52.0264968872, 80.6363449097, 129.024688721, 208.290313721, 64.4899291992, -5.33346223831, 22.5458850861, 41.2449874878, 66.5729675293, 17.9457874298, 26.0730457306, 38.5423622131], [141.951141357, 45.3373374939, -4.11902523041, 24.5908145905, 64.4899291992, 169.388641357, 79.6068649292, 45.2317810059, 26.5311470032, 21.070520401, 27.4399814606, 6.16594552994, 27.7147636414], [15.6500968933, 192.321838379, -76.9911651611, 69.3321456909, -5.33346223831, 79.6068649292, 215.907867432, 73.0144500732, 52.6220474243, -5.98742389679, 29.0328655243, 32.0096817017, 2.68262147903], [223.754165649, 58.8581619263, -3.97439265251, 31.7997589111, 22.5458850861, 45.2317810059, 73.0144500732, 145.203430176, 73.5148010254, 26.3562202454, -0.446984440088, 8.64911365509, 30.5807781219], [86.8571395874, 110.608039856, -16.8862743378, 76.5865478516, 41.2449874878, 26.5311470032, 52.6220474243, 73.5148010254, 128.859817505, 58.3222084045, 19.5349941254, 13.8836364746, 25.2894134521], [184.810562134, 53.1208190918, -5.40470933914, 47.3531951904, 66.5729675293, 21.070520401, -5.98742389679, 26.3562202454, 58.3222084045, 120.999916077, 51.1050186157, 28.5733795166, 14.834854126], [-8.43302822113, 63.3793373108, -31.8395729065, 48.6863517761, 17.9457874298, 27.4399814606, 29.0328655243, -0.446984440088, 19.5349941254, 51.1050186157, 101.227005005, 51.6326293945, 11.888794899], [-21.1573066711, 58.0102272034, 17.5881061554, 89.0917129517, 26.0730457306, 6.16594552994, 32.0096817017, 8.64911365509, 13.8836364746, 28.5733795166, 51.6326293945, 100.105560303, 31.8033294678], [35.316619873, 4.01403713226, 14.2331571579, 20.5442733765, 38.5423622131, 27.7147636414, 2.68262147903, 30.5807781219, 25.2894134521, 14.834854126, 11.888794899, 31.8033294678, 84.6599502563]],
        "icov": [[0.000241541405558, -0.000155059591634, 0.000150449908688, -4.61293529952e-05, -4.83559197164e-05, -0.000195871078176, 0.000285592250293, -0.000495450920425, 0.000363191764336, -0.000398027594201, 0.000269099662546, 3.77409087378e-05, 5.78305771342e-05], [-0.000155059591634, 0.00209584226832, 0.000452884793049, -0.00101610901766, -1.80701917998e-05, 0.000482545641717, -0.00159731076565, 0.000690225162543, -0.000788677891251, -0.000133583453135, -0.000297407852486, 0.000313955650199, -2.98759896395e-05], [0.000150449908688, 0.000452884793049, 0.0022530828137, -0.00043974709115, -0.000812096463051, -0.000252734665992, 0.000764035561588, -0.000603511463851, 0.00020888877043, 0.000177197158337, 0.00090987078147, -0.000875361147337, 0.000397544703446], [-4.61293529952e-05, -0.00101610901766, -0.00043974709115, 0.00409181416035, -0.00223936350085, 0.000514997751452, 1.042097756e-05, 0.000237579763052, -0.00166240846738, 0.00144031376112, -0.000301061285427, -0.00289138150401, 0.00128581188619], [-4.83559197164e-05, -1.80701917998e-05, -0.000812096463051, -0.00223936350085, 0.00907405186445, -0.00326368352398, 0.00112355570309, 0.000744017073885, 0.000272438017419, -0.00439688656479, 0.00197097985074, 0.00052988063544, -0.00245277653448], [-0.000195871078176, 0.000482545641717, -0.000252734665992, 0.000514997751452, -0.00326368352398, 0.0100068664178, -0.00453220261261, -0.00059404008789, 0.0011085224105, 0.000174259825144, -0.00312899216078, 0.00323325628415, -0.00259241042659], [0.000285592250293, -0.00159731076565, 0.000764035561588, 1.042097756e-05, 0.00112355570309, -0.00453220261261, 0.0104958768934, -0.0039603067562, -0.00192798965145, 0.00351532176137, -0.000684335944243, -0.00362014374696, 0.00331173138693], [-0.000495450920425, 0.000690225162543, -0.000603511463851, 0.000237579763052, 0.000744017073885, -0.00059404008789, -0.0039603067562, 0.0131072886288, -0.00584545871243, -0.000829591590445, 0.0022326244507, 0.000229560901062, -0.00304385344498], [0.000363191764336, -0.000788677891251, 0.00020888877043, -0.00166240846738, 0.000272438017419, 0.0011085224105, -0.00192798965145, -0.00584545871243, 0.0164872612804, -0.00740392040461, 0.000768879021052, 0.00336062489077, -0.00305823935196], [-0.000398027594201, -0.000133583453135, 0.000177197158337, 0.00144031376112, -0.00439688656479, 0.000174259825144, 0.00351532176137, -0.000829591590445, -0.00740392040461, 0.0181562937796, -0.00776574714109, -0.00231416104361, 0.00291608087718], [0.000269099662546, -0.000297407852486, 0.00090987078147, -0.000301061285427, 0.00197097985074, -0.00312899216078, -0.000684335944243, 0.0022326244507, 0.000768879021052, -0.00776574714109, 0.0188930258155, -0.00777039770037, 0.000561148277484], [3.77409087378e-05, 0.000313955650199, -0.000875361147337, -0.00289138150401, 0.00052988063544, 0.00323325628415, -0.00362014374696, 0.000229560901062, 0.00336062489077, -0.00231416104361, -0.00777039770037, 0.0199076272547, -0.00743538374081], [5.78305771342e-05, -2.98759896395e-05, 0.000397544703446, 0.00128581188619, -0.00245277653448, -0.00259241042659, 0.00331173138693, -0.00304385344498, -0.00305823935196, 0.00291608087718, 0.000561148277484, -0.00743538374081, 0.0174872092903]]
    },
    "spectral_contrast_coeffs": {
        "mean": [-0.703013062477, -0.782504796982, -0.751190900803, -0.769543647766, -0.784626245499, -0.766829609871],
        "stdev": [0.0786009505391, 0.0661315694451, 0.0764901787043, 0.0598805993795, 0.0384564585984, 0.0388474911451]
    },
    "spectral_contrast_valleys": {
        "mean": [-7.01008272171, -6.92809152603, -7.3264632225, -7.43322658539, -6.98344421387, -10.1370153427],
        "stdev": [1.83434724808, 1.70037412643, 1.67443549633, 1.66466808319, 1.69003331661, 1.53648257256]
    }
},
"rhythm": {
    "beats_count": 518,
    "beats_loudness": {
        "mean": 0.0321099720895,
        "stdev": 0.0160176418722
    },
    "bpm": 107.161148071,
    "bpm_histogram_first_peak_bpm": 105,
    "bpm_histogram_first_peak_weight": 0.531835198402,
    "bpm_histogram_second_peak_bpm": 112,
    "bpm_histogram_second_peak_spread": 0.537190079689,
    "bpm_histogram_second_peak_weight": 0.216634422541,
    "danceability": 1.19606029987,
    "onset_rate": 2.70680189133,
    "beats_loudness_band_ratio": {
        "mean": [0.340215682983, 0.185141757131, 0.105827525258, 0.129191279411, 0.161776557565, 0.0951443016529],
        "stdev": [0.263120651245, 0.160640880466, 0.0856299474835, 0.119634136558, 0.11398281157, 0.0573828518391]
    },
    "beats_position": [0.603718817234, 1.18421769142, 1.764716506, 2.34521532059, 2.91410422325, 3.49460315704, 4.06349182129, 4.63238096237, 5.20126962662, 5.7701587677, 6.33904743195, 6.90793657303, 7.47682523727, 8.05732440948, 8.6146030426, 9.18349170685, 9.74077033997, 10.3096599579, 10.866938591, 11.4474372864, 12.0279359818, 12.5968255997, 13.1657142639, 13.7462129593, 14.3267116547, 14.90721035, 15.4644899368, 16.0333786011, 16.602268219, 17.1827659607, 17.7400455475, 18.3089332581, 18.877822876, 19.4467124939, 20.0039901733, 20.5844898224, 21.153377533, 21.733877182, 22.3027667999, 22.8716545105, 23.4521541595, 24.0326519012, 24.589931488, 25.158821106, 25.7277088165, 26.2965984344, 26.8538761139, 27.4111557007, 27.9684352875, 28.5257129669, 29.0829925537, 29.6518821716, 30.2207698822, 30.7896595001, 31.358549118, 31.9274368286, 32.4847145081, 33.053604126, 33.6224937439, 34.1797714233, 34.7370529175, 35.3059387207, 35.8748283386, 36.4321098328, 36.9893875122, 37.5582771301, 38.1271629333, 38.6960525513, 39.2649421692, 39.8454399109, 40.4259414673, 40.9948310852, 41.5637168884, 42.1442184448, 42.7247161865, 43.3052139282, 43.8857116699, 44.4662132263, 45.0234909058, 45.5807685852, 46.1612701416, 46.7301597595, 47.2990455627, 47.8679351807, 48.4368247986, 49.0173225403, 49.5978240967, 50.1667098999, 50.7355995178, 51.3160972595, 51.8965988159, 52.4654884338, 53.0343742371, 53.6148757935, 54.1837615967, 54.7526512146, 55.2983207703, 55.8439903259, 56.4012680054, 56.9585494995, 57.5042152405, 58.0498847961, 58.6071662903, 59.1528320312, 59.6868934631, 60.2325630188, 60.766620636, 61.3122901917, 61.8579597473, 62.4036254883, 62.9376869202, 63.4601364136, 64.0058059692, 64.5514755249, 65.1087493896, 65.6776428223, 66.2465286255, 66.8038101196, 67.3610839844, 67.929977417, 68.4988632202, 69.0677566528, 69.6366424561, 70.1939239502, 70.7628097534, 71.3316955566, 71.8773651123, 72.423034668, 72.9803161621, 73.5259857178, 74.0832672119, 74.6289291382, 75.1862106323, 75.731880188, 76.2891616821, 76.8348312378, 77.368888855, 77.9145584106, 78.4718322754, 79.0175018311, 79.5631713867, 80.0972290039, 80.6428985596, 81.1769561768, 81.7110214233, 82.256690979, 82.8023605347, 83.3364181519, 83.8820877075, 84.4277572632, 84.9850311279, 85.5190887451, 86.0531539917, 86.6104278564, 87.1444854736, 87.6901550293, 88.235824585, 88.7698822021, 89.3039474487, 89.8380050659, 90.3720626831, 90.9061203003, 91.4634017944, 91.9974594116, 92.5315170288, 93.0771865845, 93.6228561401, 94.1569137573, 94.6909713745, 95.2366409302, 95.7823104858, 96.316368103, 96.8504257202, 97.3844909668, 97.918548584, 98.4526062012, 98.9866638184, 99.532333374, 100.07800293, 100.612060547, 101.146118164, 101.69178772, 102.237457275, 102.771514893, 103.305580139, 103.851242065, 104.385307312, 104.919364929, 105.441810608, 105.964263916, 106.475097656, 106.974327087, 107.508384705, 108.030838013, 108.576507568, 109.133781433, 109.702674866, 110.271560669, 110.840454102, 111.409339905, 111.989837646, 112.558731079, 113.127616882, 113.696502686, 114.265396118, 114.834281921, 115.403175354, 115.960449219, 116.517730713, 117.075012207, 117.632286072, 118.201179504, 118.770065308, 119.327346802, 119.884620667, 120.453514099, 121.034011841, 121.614509583, 122.183395386, 122.752288818, 123.321174622, 123.901672363, 124.458953857, 125.02784729, 125.585121155, 126.154014587, 126.711288452, 127.280181885, 127.849067688, 128.42956543, 128.986846924, 129.555740356, 130.12461853, 130.705123901, 131.262405396, 131.831283569, 132.400177002, 132.969070435, 133.526351929, 134.095230103, 134.652511597, 135.209793091, 135.767074585, 136.335968018, 136.904846191, 137.485351562, 138.042633057, 138.61151123, 139.192016602, 139.760910034, 140.31817627, 140.887069702, 141.455963135, 142.013244629, 142.570526123, 143.11618042, 143.661849976, 144.207519531, 144.753189087, 145.310470581, 145.844528198, 146.390197754, 146.93586731, 147.493148804, 148.027206421, 148.561264038, 149.095321655, 149.629379272, 150.16343689, 150.709106445, 151.231567383, 151.765625, 152.288070679, 152.833740234, 153.391021729, 153.948303223, 154.505569458, 155.062850952, 155.620132446, 156.189025879, 156.746307373, 157.315185547, 157.872467041, 158.429748535, 158.987030029, 159.532699585, 160.078369141, 160.624038696, 161.169708252, 161.726974487, 162.284255981, 162.829925537, 163.375595093, 163.921264648, 164.478546143, 165.024215698, 165.558273315, 166.11555481, 166.661224365, 167.206893921, 167.740951538, 168.286621094, 168.832290649, 169.366348267, 169.888793945, 170.434463501, 170.968521118, 171.502578735, 172.036636353, 172.582305908, 173.127975464, 173.662033081, 174.196090698, 174.741760254, 175.28742981, 175.821487427, 176.355545044, 176.88961792, 177.423675537, 177.957733154, 178.491790771, 179.01423645, 179.548294067, 180.093963623, 180.62802124, 181.173690796, 181.719360352, 182.253417969, 182.787475586, 183.333145142, 183.878814697, 184.412872314, 184.946929932, 185.480987549, 186.015060425, 186.537506104, 187.059951782, 187.605621338, 188.151290894, 188.685348511, 189.219406128, 189.753463745, 190.287521362, 190.821578979, 191.367248535, 191.912918091, 192.446975708, 192.981033325, 193.515090942, 194.03755188, 194.559997559, 195.070831299, 195.581680298, 196.0809021, 196.626571655, 197.183853149, 197.752746582, 198.321624756, 198.87890625, 199.447799683, 200.016693115, 200.573959351, 201.131240845, 201.700134277, 202.26902771, 202.826293945, 203.383575439, 203.952468872, 204.521362305, 205.090240479, 205.635910034, 206.204803467, 206.773696899, 207.330978394, 207.888244629, 208.457138062, 209.026031494, 209.583312988, 210.140579224, 210.697860718, 211.255142212, 211.812423706, 212.3697052, 212.903762817, 213.437820435, 213.98348999, 214.552383423, 215.098052979, 215.643707275, 216.189376831, 216.735046387, 217.269119263, 217.80317688, 218.337234497, 218.859680176, 219.393737793, 219.916183472, 220.43862915, 220.961090088, 221.483535767, 222.005981445, 222.540039062, 223.097320557, 223.666213989, 224.235092163, 224.792373657, 225.349655151, 225.906936646, 226.452606201, 227.009887695, 227.555557251, 228.112823486, 228.67010498, 229.227386475, 229.761444092, 230.295501709, 230.829559326, 231.375228882, 231.920898438, 232.466567993, 233.012237549, 233.557907104, 234.10357666, 234.637634277, 235.171691895, 235.71736145, 236.263031006, 236.808700562, 237.354370117, 237.888427734, 238.422485352, 238.956542969, 239.502212524, 240.04788208, 240.581939697, 241.115997314, 241.65007019, 242.184127808, 242.729797363, 243.275466919, 243.809524536, 244.355194092, 244.900863647, 245.446533203, 245.9921875, 246.526260376, 247.060317993, 247.59437561, 248.128433228, 248.662490845, 249.196548462, 249.730606079, 250.264663696, 250.787109375, 251.332778931, 251.866836548, 252.400909424, 252.946563721, 253.492233276, 254.026306152, 254.56036377, 255.094421387, 255.616867065, 256.139312744, 256.673370361, 257.219055176, 257.764709473, 258.29876709, 258.832824707, 259.378509521, 259.924163818, 260.458221436, 260.992279053, 261.52633667, 262.060394287, 262.594451904, 263.128509521, 263.639373779, 264.15020752, 264.672637939, 265.195098877, 265.705932617, 266.263214111, 266.832092285, 267.401000977, 267.958282471, 268.515563965, 269.084442139, 269.641723633, 270.210601807, 270.767883301, 271.336761475, 271.905670166, 272.46295166, 273.020233154, 273.589111328, 274.157989502, 274.715270996, 275.27255249, 275.829833984, 276.387115479, 276.955993652, 277.524902344, 278.093780518, 278.662658691, 279.231567383, 279.800445557, 280.36932373, 280.938232422, 281.495513916, 282.05279541, 282.598449707, 283.144134521, 283.701385498, 284.270294189, 284.839172363, 285.408081055, 285.988555908],
    "bpm_histogram": [0, 0, 0, 0, 0, 0, 0, 0, 0, 0, 0, 0, 0, 0, 0, 0, 0, 0, 0, 0, 0, 0, 0, 0, 0, 0, 0, 0, 0, 0, 0, 0, 0, 0, 0, 0, 0, 0, 0, 0, 0, 0, 0, 0, 0, 0, 0, 0, 0, 0, 0, 0, 0, 0, 0, 0, 0, 0, 0, 0, 0, 0, 0, 0, 0, 0, 0, 0, 0, 0, 0, 0, 0, 0, 0, 0, 0, 0, 0, 0, 0, 0, 0, 0, 0, 0, 0, 0, 0, 0, 0, 0, 0, 0, 0, 0, 0, 0, 0, 0, 0, 0, 0, 0.0715667307377, 0, 0.241779491305, 0, 0, 0.203094780445, 0, 0.206963256001, 0, 0.216634422541, 0, 0, 0.0444874279201, 0, 0.0116054154932, 0, 0, 0.00386847206391, 0, 0, 0, 0, 0, 0, 0, 0, 0, 0, 0, 0, 0, 0, 0, 0, 0, 0, 0, 0, 0, 0, 0, 0, 0, 0, 0, 0, 0, 0, 0, 0, 0, 0, 0, 0, 0, 0, 0, 0, 0, 0, 0, 0, 0, 0, 0, 0, 0, 0, 0, 0, 0, 0, 0, 0, 0, 0, 0, 0, 0, 0, 0, 0, 0, 0, 0, 0, 0, 0, 0, 0, 0, 0, 0, 0, 0, 0, 0, 0, 0, 0, 0, 0, 0, 0, 0, 0, 0, 0, 0, 0, 0, 0, 0, 0, 0, 0, 0, 0, 0, 0, 0, 0, 0, 0, 0, 0, 0, 0, 0, 0, 0, 0, 0, 0, 0, 0, 0, 0, 0, 0, 0, 0, 0, 0, 0, 0, 0]
},
"tonal": {
    "chords_changes_rate": 0.0628441870213,
    "chords_number_rate": 0.00194363459013,
    "chords_strength": {
        "mean": 0.54417103529,
        "stdev": 0.114164352417
    },
    "hpcp_crest": {
        "mean": 12.3585109711,
        "stdev": 6.19177293777
    },
    "hpcp_entropy": {
        "mean": 2.17635536194,
        "stdev": 0.781557440758
    },
    "key_edma": {
        "strength": 0.675456464291,
        "key": "D#",
        "scale": "minor"
    },
    "key_krumhansl": {
        "strength": 0.681985497475,
        "key": "D#",
        "scale": "minor"
    },
    "key_temperley": {
        "strength": 0.672804117203,
        "key": "D#",
        "scale": "minor"
    },
    "tuning_diatonic_strength": 0.559387862682,
    "tuning_equal_tempered_deviation": 0.0607366710901,
    "tuning_frequency": 441.017791748,
    "tuning_nontempered_energy_ratio": 0.786376416683,
    "hpcp": {
        "mean": [0.101337775588, 0.117169588804, 0.281434297562, 0.452726364136, 0.320478320122, 0.124157398939, 0.0820712372661, 0.0722302496433, 0.100576080382, 0.11441578716, 0.105734460056, 0.159404247999, 0.196249753237, 0.133356869221, 0.0861565098166, 0.0890043154359, 0.110702440143, 0.194930925965, 0.271238654852, 0.214827120304, 0.128636568785, 0.0988376438618, 0.0979999378324, 0.132277727127, 0.130456894636, 0.102398097515, 0.133794113994, 0.149797663093, 0.111907057464, 0.110858105123, 0.125209674239, 0.114835247397, 0.159565076232, 0.228592574596, 0.193361446261, 0.127091005445],
        "stdev": [0.196398615837, 0.207931980491, 0.30957442522, 0.40047493577, 0.335259258747, 0.207323908806, 0.177844688296, 0.15476153791, 0.187393426895, 0.211870864034, 0.184105575085, 0.22531825304, 0.260848909616, 0.191277563572, 0.14833278954, 0.159298464656, 0.185324296355, 0.233780130744, 0.291572779417, 0.238462775946, 0.195939123631, 0.174535393715, 0.175339743495, 0.208907604218, 0.196170032024, 0.161295101047, 0.206356674433, 0.241122514009, 0.200936213136, 0.172594517469, 0.185669198632, 0.172385931015, 0.212362930179, 0.298214942217, 0.260414928198, 0.205493956804]
    },
    "chords_histogram": [27.324262619, 10.4632329941, 9.68577861786, 3.15840625763, 2.47813415527, 9.71817302704, 1.68448328972, 24.8947200775, 0.113378681242, 0.307742148638, 0.340136051178, 0.485908657312, 1.60349857807, 0.388726919889, 0, 0, 0, 0.194363459945, 0.858438611031, 1.39293813705, 2.4619371891, 0.0809847712517, 2.36475539207, 0],
    "thpcp": [1, 0.70788526535, 0.274243801832, 0.18128220737, 0.159545049071, 0.222156450152, 0.252726137638, 0.233550474048, 0.352098435163, 0.433484256268, 0.294563949108, 0.190305918455, 0.196596264839, 0.244523957372, 0.430571168661, 0.599122703075, 0.474518686533, 0.284137576818, 0.218316525221, 0.216466158628, 0.292180299759, 0.288158386946, 0.22618098557, 0.29552975297, 0.330879032612, 0.247184753418, 0.244867786765, 0.276568114758, 0.253652662039, 0.352453678846, 0.504924356937, 0.427104443312, 0.280723661184, 0.22383891046, 0.258808851242, 0.62164324522],
    "chords_key": "D#",
    "chords_scale": "minor"
}
}