{
"metadata": {
    "version": {
        "essentia": "2.1-dev",
        "essentia_git_sha": "v2.1_beta3-415-gd5473f3",
        "extractor": "music 2.0"
    },
    "audio_properties": {
        "analysis": {
            "equal_loudness": 0,
            "length": 239.516738892,
            "sample_rate": 44100,
            "start_time": 0,
            "downmix": "mix"
        },
        "bit_rate": 192000,
        "length": 239.516738892,
        "lossless": 0,
        "number_channels": 2,
        "replay_gain": -11.3430862427,
        "sample_rate": 44100,
        "codec": "mp3",
        "md5_encoded": "0c0145a08d87204093380a078acb671e"
    },
    "tags": {
        "file_name": "bol-a vision.mp3",
        "date": ["2004"],
        "engineer": ["rosamerica tamyo"]
    }
},
"lowlevel": {
    "average_loudness": 0.959792196751,
    "barkbands_crest": {
        "mean": 8.10128307343,
        "stdev": 2.86984992027
    },
    "barkbands_flatness_db": {
        "mean": 0.112442165613,
        "stdev": 0.0376249067485
    },
    "barkbands_kurtosis": {
        "mean": 1.15398228168,
        "stdev": 2.92647242546
    },
    "barkbands_skewness": {
        "mean": 1.05841100216,
        "stdev": 0.85922908783
    },
    "barkbands_spread": {
        "mean": 26.3255882263,
        "stdev": 11.0643815994
    },
    "dissonance": {
        "mean": 0.478771418333,
        "stdev": 0.0169324781746
    },
    "dynamic_complexity": 1.92444849014,
    "erbbands_crest": {
        "mean": 7.56498527527,
        "stdev": 3.89819812775
    },
    "erbbands_flatness_db": {
        "mean": 0.149006292224,
        "stdev": 0.0418695434928
    },
    "erbbands_kurtosis": {
        "mean": 0.275916308165,
        "stdev": 1.47004747391
    },
    "erbbands_skewness": {
        "mean": -0.0894747972488,
        "stdev": 0.464533895254
    },
    "erbbands_spread": {
        "mean": 34.592250824,
        "stdev": 14.8324832916
    },
    "hfc": {
        "mean": 27.8843803406,
        "stdev": 18.7220745087
    },
    "loudness_ebu128": {
        "integrated": -10.3785791397,
        "loudness_range": 2.24473285675,
        "momentary": {
            "mean": -11.7058839798,
            "stdev": 13.9582853317
        },
        "short_term": {
            "mean": -10.659078598,
            "stdev": 2.10022354126
        }
    },
    "melbands_crest": {
        "mean": 13.2122631073,
        "stdev": 4.50522375107
    },
    "melbands_flatness_db": {
        "mean": 0.177637383342,
        "stdev": 0.0467772297561
    },
    "melbands_kurtosis": {
        "mean": 7.22554016113,
        "stdev": 8.65307331085
    },
    "melbands_skewness": {
        "mean": 2.19930028915,
        "stdev": 1.22790002823
    },
    "melbands_spread": {
        "mean": 28.3149719238,
        "stdev": 14.8449068069
    },
    "pitch_salience": {
        "mean": 0.573981225491,
        "stdev": 0.094311863184
    },
    "silence_rate_20dB": {
        "mean": 1,
        "stdev": 0
    },
    "silence_rate_30dB": {
        "mean": 1,
        "stdev": 0
    },
    "silence_rate_60dB": {
        "mean": 0.0197731889784,
        "stdev": 0.139220178127
    },
    "spectral_centroid": {
        "mean": 1506.7442627,
        "stdev": 769.346313477
    },
    "spectral_complexity": {
        "mean": 30.1190261841,
        "stdev": 7.97194862366
    },
    "spectral_decrease": {
        "mean": -8.50203196734e-09,
        "stdev": 3.68849084609e-09
    },
    "spectral_energy": {
        "mean": 0.0346178896725,
        "stdev": 0.0149282924831
    },
    "spectral_energyband_high": {
        "mean": 0.000864997680765,
        "stdev": 0.00123786076438
    },
    "spectral_energyband_low": {
        "mean": 0.0140025112778,
        "stdev": 0.00937467254698
    },
    "spectral_energyband_middle_high": {
        "mean": 0.0106600308791,
        "stdev": 0.00982279144228
    },
    "spectral_energyband_middle_low": {
        "mean": 0.0112181017175,
        "stdev": 0.00714035890996
    },
    "spectral_entropy": {
        "mean": 7.75769424438,
        "stdev": 0.298195183277
    },
    "spectral_flux": {
        "mean": 0.0963201224804,
        "stdev": 0.038286972791
    },
    "spectral_kurtosis": {
        "mean": 4.86308193207,
        "stdev": 3.11258196831
    },
    "spectral_rms": {
        "mean": 0.00563704455271,
        "stdev": 0.0014132745564
    },
    "spectral_rolloff": {
        "mean": 1655.08422852,
        "stdev": 1738.00927734
    },
    "spectral_skewness": {
        "mean": 1.55799019337,
        "stdev": 0.389354586601
    },
    "spectral_spread": {
        "mean": 4241319,
        "stdev": 2806567.25
    },
    "spectral_strongpeak": {
        "mean": 0.929338693619,
        "stdev": 1.47996509075
    },
    "zerocrossingrate": {
        "mean": 0.0606265738606,
        "stdev": 0.0421420186758
    },
    "barkbands": {
        "mean": [6.27550034551e-05, 0.00597959011793, 0.00596300978214, 0.0033691090066, 0.00259767565876, 0.00200891145505, 0.000854296202306, 0.000709131243639, 0.00142820936162, 0.00129490706604, 0.00216043577529, 0.00153428316116, 0.000983149628155, 0.000914127042051, 0.000996756367385, 0.000964094826486, 0.000730328378268, 0.000676479365211, 0.000433890934801, 0.000179547525477, 0.000263476540567, 0.000146510676132, 0.000111541208753, 0.000110595763545, 0.000105196464574, 3.83892111131e-05, 1.46626018704e-06],
        "stdev": [9.60550241871e-05, 0.00537119805813, 0.00539848813787, 0.00327482027933, 0.00237618619576, 0.00345501606353, 0.00134904822335, 0.00130075786728, 0.00271090981551, 0.00229694880545, 0.00386431952938, 0.00364975258708, 0.00225216033868, 0.00147453171667, 0.00229249778204, 0.00132407108322, 0.000862292246893, 0.00071437144652, 0.000494304753374, 0.000272279692581, 0.000329418980982, 0.000217147753574, 0.000238051914494, 0.000322924897773, 0.000433689099737, 0.000187982775969, 3.41335203302e-06]
    },
    "erbbands": {
        "mean": [0.0845634937286, 1.66661632061, 6.25082111359, 10.4083337784, 9.22630310059, 7.9080915451, 14.8376178741, 14.9430341721, 11.2294168472, 15.0480422974, 19.7429065704, 34.5672645569, 28.7484531403, 67.398727417, 80.3438873291, 63.9864311218, 50.5617294312, 42.3528251648, 56.4472579956, 43.0196685791, 56.4808311462, 41.8180770874, 38.4773368835, 31.1439914703, 15.70885849, 8.30963516235, 10.0985937119, 9.36149406433, 5.81882762909, 4.0368938446, 3.05291318893, 2.458745718, 1.7519415617, 1.18906784058, 0.729987919331, 0.257789999247, 0.0539199784398, 0.00663258973509, 0.000193025713088, 4.87612160214e-05],
        "stdev": [0.0771224349737, 1.47208857536, 5.60457515717, 8.41440200806, 9.41146087646, 7.91945791245, 23.4214992523, 27.5671138763, 19.1036453247, 24.8165988922, 36.0002288818, 70.254699707, 39.9353141785, 111.057624817, 133.075469971, 144.753295898, 106.903526306, 62.6914215088, 107.065704346, 97.225440979, 68.9890975952, 45.2220954895, 38.5093612671, 34.1583900452, 19.3567409515, 12.4487476349, 15.6320495605, 10.7803153992, 8.5119972229, 7.50293874741, 6.84479761124, 5.8507437706, 6.18111562729, 4.94907426834, 3.19793534279, 1.2764993906, 0.282176852226, 0.0213806927204, 0.000518011220265, 3.24511784129e-05]
    },
    "gfcc": {
        "mean": [29.9420375824, 98.7338867188, -128.255752563, 34.6084632874, -44.0083503723, 20.9448928833, -34.8975067139, 11.7431344986, -27.026594162, -4.12944936752, -20.8633975983, 1.80353403091, -11.5301856995],
        "cov": [[13461.6083984, -643.771728516, -559.580749512, 531.87286377, -663.012329102, 781.000366211, -431.927429199, 360.650482178, -386.428466797, 167.053207397, -223.436141968, 170.775512695, -225.189529419], [-643.771728516, 928.66217041, -435.42565918, -110.280075073, 109.747077942, -334.260955811, 103.199714661, -143.730270386, 93.2100524902, -96.4955978394, 46.225566864, -101.29498291, 80.6384887695], [-559.580749512, -435.42565918, 695.220397949, 98.2919158936, -14.6038560867, 205.116668701, -96.8529815674, 119.270080566, 3.414041996, 79.5855102539, -10.9358291626, 75.8265914917, -40.3053741455], [531.87286377, -110.280075073, 98.2919158936, 219.990570068, -52.9357566833, 59.3884925842, -18.5371742249, 3.77667665482, 12.767241478, 7.35591268539, -7.76087284088, 7.63643836975, -10.4178972244], [-663.012329102, 109.747077942, -14.6038560867, -52.9357566833, 188.110610962, 4.03562498093, 69.4661712646, 6.84127950668, 0.729612767696, -5.46061658859, 9.23612880707, 1.62106871605, 7.86684751511], [781.000366211, -334.260955811, 205.116668701, 59.3884925842, 4.03562498093, 300.399932861, -9.19931030273, 92.999206543, -52.7538642883, 45.1974372864, -17.5546588898, 51.1897735596, -45.8498039246], [-431.927429199, 103.199714661, -96.8529815674, -18.5371742249, 69.4661712646, -9.19931030273, 130.409576416, -12.8907413483, 19.1586265564, -25.9528198242, 9.47283554077, -11.8731975555, 8.63474273682], [360.650482178, -143.730270386, 119.270080566, 3.77667665482, 6.84127950668, 92.999206543, -12.8907413483, 127.337532043, -1.97498142719, 32.6131362915, -15.2203111649, 27.876499176, -18.9924449921], [-386.428466797, 93.2100524902, 3.414041996, 12.767241478, 0.729612767696, -52.7538642883, 19.1586265564, -1.97498142719, 84.6305160522, 9.57979679108, 9.62194156647, -26.3858394623, 7.30995702744], [167.053207397, -96.4955978394, 79.5855102539, 7.35591268539, -5.46061658859, 45.1974372864, -25.9528198242, 32.6131362915, 9.57979679108, 80.2776947021, 13.5624074936, 10.8877086639, -8.10287380219], [-223.436141968, 46.225566864, -10.9358291626, -7.76087284088, 9.23612880707, -17.5546588898, 9.47283554077, -15.2203111649, 9.62194156647, 13.5624074936, 57.2529449463, 11.5226516724, 12.6678686142], [170.775512695, -101.29498291, 75.8265914917, 7.63643836975, 1.62106871605, 51.1897735596, -11.8731975555, 27.876499176, -26.3858394623, 10.8877086639, 11.5226516724, 75.6874237061, 2.28537011147], [-225.189529419, 80.6384887695, -40.3053741455, -10.4178972244, 7.86684751511, -45.8498039246, 8.63474273682, -18.9924449921, 7.30995702744, -8.10287380219, 12.6678686142, 2.28537011147, 60.0689811707]],
        "icov": [[0.000504757685121, -0.000916734454222, 0.00131221138872, -0.00125632679556, 0.00151155912317, -0.00149889907334, 0.00127120595425, -0.00144161784556, 0.00167530763429, -0.00157746498007, 0.00160560337827, -0.00130857992917, 0.00109943398274], [-0.000916734454222, 0.00465540541336, -0.00146428286098, 0.00252833147533, -0.00434135133401, 0.00412167655304, -0.00196816632524, 0.00304755894467, -0.00511595420539, 0.00477723265067, -0.00448100594804, 0.00369301252067, -0.00319773703814], [0.00131221138872, -0.00146428286098, 0.00621938565746, -0.00377166108228, 0.00277553289197, -0.00466354377568, 0.00536246970296, -0.00429016212001, 0.00196206802502, -0.00399827770889, 0.00399177055806, -0.00469124456868, 0.00291211972944], [-0.00125632679556, 0.00252833147533, -0.00377166108228, 0.00883925519884, -0.00231495290063, 0.00231110607274, -0.00322575145401, 0.00496875261888, -0.0063379635103, 0.00470953574404, -0.00352745619603, 0.00299513828941, -0.00296318368055], [0.00151155912317, -0.00434135133401, 0.00277553289197, -0.00231495290063, 0.0127402357757, -0.00512039475143, -0.000736888905521, -0.00496489508078, 0.00712567195296, -0.00618175417185, 0.00522106420249, -0.00438507786021, 0.00327948760241], [-0.00149889907334, 0.00412167655304, -0.00466354377568, 0.00231110607274, -0.00512039475143, 0.0122429989278, -0.00613554567099, 0.00163599150255, -0.00102632539347, 0.002921492327, -0.00472361315042, 0.00357530545443, -0.00108672201168], [0.00127120595425, -0.00196816632524, 0.00536246970296, -0.00322575145401, -0.000736888905521, -0.00613554567099, 0.0161934327334, -0.00340653839521, -0.000829301949125, 0.000440356845502, 0.00197729491629, -0.00331244664267, 0.00232423143461], [-0.00144161784556, 0.00304755894467, -0.00429016212001, 0.00496875261888, -0.00496489508078, 0.00163599150255, -0.00340653839521, 0.0167955681682, -0.0081027848646, 0.00203233957291, -0.000569736701436, 0.000451234722277, -0.00245025055483], [0.00167530763429, -0.00511595420539, 0.00196206802502, -0.0063379635103, 0.00712567195296, -0.00102632539347, -0.000829301949125, -0.0081027848646, 0.0261479057372, -0.0104604018852, 0.00366913201287, 0.00139005645178, 0.00378660764545], [-0.00157746498007, 0.00477723265067, -0.00399827770889, 0.00470953574404, -0.00618175417185, 0.002921492327, 0.000440356845502, 0.00203233957291, -0.0104604018852, 0.0244154706597, -0.0121529269964, 0.0057622580789, -0.00366387399845], [0.00160560337827, -0.00448100594804, 0.00399177055806, -0.00352745619603, 0.00522106420249, -0.00472361315042, 0.00197729491629, -0.000569736701436, 0.00366913201287, -0.0121529269964, 0.0290147531778, -0.0110972644761, 0.00156511773821], [-0.00130857992917, 0.00369301252067, -0.00469124456868, 0.00299513828941, -0.00438507786021, 0.00357530545443, -0.00331244664267, 0.000451234722277, 0.00139005645178, 0.0057622580789, -0.0110972644761, 0.0240374598652, -0.00653560319915], [0.00109943398274, -0.00319773703814, 0.00291211972944, -0.00296318368055, 0.00327948760241, -0.00108672201168, 0.00232423143461, -0.00245025055483, 0.00378660764545, -0.00366387399845, 0.00156511773821, -0.00653560319915, 0.0230977237225]]
    },
    "melbands": {
        "mean": [0.00123858684674, 0.00305623630993, 0.00181039201561, 0.000567650655285, 0.00049767200835, 0.000347021152265, 0.000171984152985, 0.000157255140948, 0.000185610231711, 0.000204618118005, 0.000137578739668, 0.000260932836682, 0.000305356748868, 0.000180444054422, 0.00014315880253, 8.1750084064e-05, 7.99787303549e-05, 9.10072994884e-05, 6.76972413203e-05, 5.56310369575e-05, 6.66355917929e-05, 4.07840707339e-05, 4.08743617299e-05, 3.13327473123e-05, 2.52595291386e-05, 1.31709684865e-05, 7.87188218965e-06, 4.87505349156e-06, 5.6927751757e-06, 7.34534523872e-06, 4.4968455768e-06, 3.362694315e-06, 2.56810585597e-06, 2.0889838197e-06, 1.76575599653e-06, 1.58342027134e-06, 1.47183300214e-06, 1.26251848087e-06, 1.08633378204e-06, 9.71777581071e-07],
        "stdev": [0.00108655437361, 0.0024590510875, 0.00141069258098, 0.000501019589137, 0.000687384512275, 0.000614429474808, 0.000280411564745, 0.000255468883552, 0.000352558447048, 0.000407816958614, 0.000206052369322, 0.000448199454695, 0.000536852574442, 0.000452939799288, 0.000290463649435, 0.000190029066289, 0.000128364219563, 0.000174018612597, 0.000174880347913, 0.000104389313492, 8.46417533467e-05, 5.03839364683e-05, 4.51816413261e-05, 3.39092694048e-05, 2.92649001494e-05, 1.73428907146e-05, 1.09372285806e-05, 8.5175734057e-06, 1.02907524706e-05, 9.78259140538e-06, 5.45343709746e-06, 5.28990130988e-06, 4.26016731581e-06, 4.3091004045e-06, 4.22252423959e-06, 3.63541016668e-06, 3.92895253754e-06, 4.69562382932e-06, 4.48341597803e-06, 4.23679330197e-06]
    },
    "melbands128": {
        "mean": [5.41800618521e-05, 0.000339930615155, 0.00161366758402, 0.00316233513877, 0.00322308484465, 0.00295284367166, 0.00224437192082, 0.00149888324086, 0.000923182873521, 0.000450537569122, 0.000357039243681, 0.00048198987497, 0.000504254887346, 0.000595724559389, 0.000354240590241, 0.00023334081925, 0.000188241247088, 0.000153064291226, 0.000144278848893, 0.000204485302675, 0.000119591109979, 0.000131214066641, 0.000166625846759, 0.000242470981902, 0.000310483068461, 0.000118539188406, 0.000141168318805, 0.000126225786516, 0.000136037895572, 0.000242922833422, 0.000272816716461, 0.000355612894055, 0.000408045307267, 0.000157468923135, 0.000202303242986, 0.000183311116416, 0.000175972352736, 0.000115159637062, 0.000164412471349, 0.000111282417492, 4.61189702037e-05, 6.23532760073e-05, 7.87493336247e-05, 9.12876275834e-05, 8.56360420585e-05, 8.66979680723e-05, 0.000109895103378, 6.47393535473e-05, 5.42727284483e-05, 5.31158948434e-05, 4.7702480515e-05, 6.15243116044e-05, 9.05993510969e-05, 5.90669915255e-05, 3.69183908333e-05, 3.82169200748e-05, 4.20313081122e-05, 4.95894128107e-05, 3.68086512026e-05, 3.30537004629e-05, 3.05880857923e-05, 3.01656036754e-05, 3.06537367578e-05, 2.39946930378e-05, 1.68464939634e-05, 1.26711029225e-05, 1.09331931526e-05, 1.03867450889e-05, 6.89511261953e-06, 4.85739201395e-06, 4.6989061957e-06, 5.05646039528e-06, 4.95581252835e-06, 5.66003382119e-06, 6.70610916131e-06, 7.30875171939e-06, 8.17337604531e-06, 6.24728772891e-06, 3.78911749976e-06, 2.94769643006e-06, 3.30910961566e-06, 3.77956530428e-06, 2.88605883725e-06, 2.4242976906e-06, 2.21044979298e-06, 2.43337331085e-06, 1.92571587831e-06, 1.74361912286e-06, 1.82423104889e-06, 1.70084376805e-06, 1.63132619946e-06, 1.52071243065e-06, 1.55874045049e-06, 1.47240723436e-06, 1.46344882523e-06, 1.32305706302e-06, 1.24577763927e-06, 1.10255916752e-06, 1.08624794848e-06, 1.12481654924e-06, 9.70170162873e-07, 9.54266056397e-07, 9.27151802443e-07, 9.30552914724e-07, 8.57753434502e-07, 8.01341855095e-07, 6.5574221253e-07, 5.22612765508e-07, 4.28370213967e-07, 3.36412171009e-07, 2.73073823109e-07, 2.1245656967e-07, 1.44720928574e-07, 9.78459695489e-08, 7.69466623751e-08, 6.25950917765e-08, 5.23528740359e-08, 9.66964108784e-09, 7.14585168815e-10, 2.87223994588e-10, 1.63475816217e-10, 1.21524956764e-10, 1.16994344768e-10, 5.99245722488e-11, 4.35863810322e-11, 1.45950040248e-11, 5.57341195764e-12, 4.17611691755e-12],
        "stdev": [8.38476116769e-05, 0.000415196904214, 0.00157110078726, 0.0030477293767, 0.00326692778617, 0.00261394260451, 0.00199288572185, 0.001609154162, 0.00114397320431, 0.000535287777893, 0.000484533258714, 0.000695987720974, 0.000961931538768, 0.00135052704718, 0.000861610751599, 0.000520882138517, 0.000453801330877, 0.000381473044399, 0.000311237876303, 0.000414728507167, 0.000283147441223, 0.000269630574621, 0.000496721477248, 0.000710578984581, 0.00077581271762, 0.000352612929419, 0.000271662080195, 0.000280520325759, 0.000325008906657, 0.000596022815444, 0.000656540913042, 0.000817904074211, 0.000901642837562, 0.000436143076513, 0.000699134077877, 0.00067116075661, 0.000583326152992, 0.00035707038478, 0.000475362176076, 0.000366737687727, 0.000216908229049, 0.000180023140274, 0.000161510528415, 0.000211753766052, 0.000242852795054, 0.000233283324633, 0.000336262077326, 0.000277657527477, 0.000232702950598, 0.000205820455449, 0.000122139157611, 0.000122403318528, 0.000150024090544, 0.00010034184379, 7.91319616837e-05, 6.04129381827e-05, 6.88037107466e-05, 7.51698462409e-05, 5.37797895959e-05, 4.53775901406e-05, 4.23475976277e-05, 4.57309070043e-05, 4.44184006483e-05, 3.44712389051e-05, 2.74435988104e-05, 2.38238444581e-05, 1.91756644199e-05, 1.78056834557e-05, 1.17446807053e-05, 8.74637498782e-06, 1.03309375845e-05, 1.16411465569e-05, 1.18446560009e-05, 1.29104810185e-05, 1.54704066517e-05, 1.24148373288e-05, 1.24222060549e-05, 8.72791952133e-06, 5.62824197914e-06, 4.640489351e-06, 5.95757683186e-06, 6.74058401273e-06, 5.0265284699e-06, 4.51443384009e-06, 4.61497847937e-06, 5.2700629567e-06, 4.30843419963e-06, 4.84543079438e-06, 4.6658692554e-06, 4.34342609879e-06, 3.97790336137e-06, 4.03840203944e-06, 3.94193421016e-06, 3.5096695683e-06, 5.5336981859e-06, 5.89069395573e-06, 4.9291202231e-06, 4.41185375166e-06, 4.91784430778e-06, 4.76099785374e-06, 5.12159067512e-06, 4.32790920968e-06, 4.24004883826e-06, 4.39305176769e-06, 4.12389863413e-06, 4.13460566051e-06, 3.81997506338e-06, 2.87443208435e-06, 2.19862226913e-06, 1.88962746961e-06, 1.60384070114e-06, 1.39230269269e-06, 9.59809767664e-07, 5.02424427395e-07, 2.95964383668e-07, 1.95174436612e-07, 1.22669618463e-07, 2.89406365539e-08, 1.07747482048e-08, 3.19637183388e-09, 1.81410109157e-09, 1.45928114037e-09, 1.9839256904e-09, 1.13103482136e-09, 8.56545390171e-10, 2.05000211251e-10, 6.54307649728e-11, 5.90982341189e-12]
    },
    "mfcc": {
        "mean": [-602.499633789, 124.88344574, -15.5210933685, 20.848695755, 11.9803771973, 8.8192615509, 5.25890350342, 12.0648775101, 4.75339508057, -4.52122068405, -1.81374716759, -0.117520779371, -6.24098587036],
        "cov": [[5013.86425781, -111.90486908, 115.097000122, -9.97195243835, 24.2432880402, 233.974090576, 105.990875244, 160.171386719, -20.5120010376, 24.4404029846, -11.4882135391, 22.4799766541, 59.6819763184], [-111.90486908, 735.737121582, -337.597747803, 30.3669509888, -24.5547657013, -118.125785828, -17.2773475647, -62.544467926, 20.2309341431, -40.6340026855, -2.71608018875, -3.11770534515, -59.7303390503], [115.097000122, -337.597747803, 541.273742676, 28.1487045288, 86.0300521851, 78.2175598145, -42.0468978882, 51.9048614502, -8.23980522156, 52.1875648499, 24.8089084625, 10.9851722717, 44.350605011], [-9.97195243835, 30.3669509888, 28.1487045288, 157.50680542, -0.134811505675, -5.82406663895, -35.4234313965, -15.0916643143, 1.74440038204, 0.574119448662, -6.97053194046, 1.11414921284, -1.19194948673], [24.2432880402, -24.5547657013, 86.0300521851, -0.134811505675, 113.915374756, 28.4620552063, 21.8606414795, 26.1394290924, 11.8447113037, 11.2806158066, 13.7551698685, 6.78188896179, 10.6853017807], [233.974090576, -118.125785828, 78.2175598145, -5.82406663895, 28.4620552063, 148.39793396, 49.0979042053, 46.3242797852, -5.06661367416, 22.5492744446, 7.42901039124, -1.98679161072, 23.292175293], [105.990875244, -17.2773475647, -42.0468978882, -35.4234313965, 21.8606414795, 49.0979042053, 110.795402527, 47.1300888062, 13.0062055588, -4.27899599075, 2.58649873734, 8.27599620819, 10.1901073456], [160.171386719, -62.544467926, 51.9048614502, -15.0916643143, 26.1394290924, 46.3242797852, 47.1300888062, 117.507392883, 22.7105140686, 2.09335875511, 10.1841182709, 6.19280529022, 11.5966405869], [-20.5120010376, 20.2309341431, -8.23980522156, 1.74440038204, 11.8447113037, -5.06661367416, 13.0062055588, 22.7105140686, 66.3181228638, 23.0199871063, 8.20694828033, -2.10201406479, -1.85628187656], [24.4404029846, -40.6340026855, 52.1875648499, 0.574119448662, 11.2806158066, 22.5492744446, -4.27899599075, 2.09335875511, 23.0199871063, 74.8262634277, 21.2868747711, 6.14249563217, 5.28283119202], [-11.4882135391, -2.71608018875, 24.8089084625, -6.97053194046, 13.7551698685, 7.42901039124, 2.58649873734, 10.1841182709, 8.20694828033, 21.2868747711, 53.5255203247, 20.0082874298, 3.01151037216], [22.4799766541, -3.11770534515, 10.9851722717, 1.11414921284, 6.78188896179, -1.98679161072, 8.27599620819, 6.19280529022, -2.10201406479, 6.14249563217, 20.0082874298, 48.5399627686, 16.0456867218], [59.6819763184, -59.7303390503, 44.350605011, -1.19194948673, 10.6853017807, 23.292175293, 10.1901073456, 11.5966405869, -1.85628187656, 5.28283119202, 3.01151037216, 16.0456867218, 50.9260902405]],
        "icov": [[0.000223382332479, -5.61136766919e-05, -1.65098263096e-05, -2.10663324651e-06, 7.44863209547e-05, -0.000301304360619, -1.18877551358e-05, -0.000245351606281, 0.000133810171974, -8.37550032884e-05, 0.000186252131243, -0.000122780664242, -9.16094068089e-05], [-5.61136766919e-05, 0.0022835591808, 0.0013595110504, -0.000536419975106, -0.00090757838916, 0.000810083467513, 0.00042286462849, 0.000390600471292, -0.00060253799893, 0.000523984024767, -0.000632593757473, -0.00033278943738, 0.00125988398213], [-1.65098263096e-05, 0.0013595110504, 0.00376026309095, -0.000504460884258, -0.00244651269168, -0.00052648660494, 0.00273002171889, -0.001319091185, 0.000824243295938, -0.00119083595928, -0.000521504553035, 4.42239115728e-06, -0.000981396995485], [-2.10663324651e-06, -0.000536419975106, -0.000504460884258, 0.00721699232236, -9.44993298617e-05, -0.00108421593904, 0.00256896298379, 0.000433200155385, -0.00122614076827, 0.000501960515976, 0.00163599802181, -0.00144921755418, 0.000147693921463], [7.44863209547e-05, -0.00090757838916, -0.00244651269168, -9.44993298617e-05, 0.0115196090192, -0.000752370920964, -0.00274179759435, -0.000221508336836, -0.00148818397429, 0.000452922540717, -0.00150765653234, -1.5005854948e-05, -0.000504575378727], [-0.000301304360619, 0.000810083467513, -0.00052648660494, -0.00108421593904, -0.000752370920964, 0.0117451027036, -0.0049264896661, -0.00206636707298, 0.00381727516651, -0.00371166295372, -0.00119592656847, 0.00404595816508, -0.00270123314112], [-1.18877551358e-05, 0.00042286462849, 0.00273002171889, 0.00256896298379, -0.00274179759435, -0.0049264896661, 0.0160030014813, -0.00393313355744, -0.00250554317608, 0.00193363358267, 0.00137702934444, -0.00341783999465, -0.000581935280934], [-0.000245351606281, 0.000390600471292, -0.001319091185, 0.000433200155385, -0.000221508336836, -0.00206636707298, -0.00393313355744, 0.0132162440568, -0.00522372126579, 0.00336847966537, -0.00161790393759, -0.000785079086199, 0.000476815592265], [0.000133810171974, -0.00060253799893, 0.000824243295938, -0.00122614076827, -0.00148818397429, 0.00381727516651, -0.00250554317608, -0.00522372126579, 0.0214177127928, -0.00845129601657, -0.000887704489287, 0.00384396198206, -0.000854104699101], [-8.37550032884e-05, 0.000523984024767, -0.00119083595928, 0.000501960515976, 0.000452922540717, -0.00371166295372, 0.00193363358267, 0.00336847966537, -0.00845129601657, 0.0199062805623, -0.00587664684281, -0.00130369793624, 0.000595410587266], [0.000186252131243, -0.000632593757473, -0.000521504553035, 0.00163599802181, -0.00150765653234, -0.00119592656847, 0.00137702934444, -0.00161790393759, -0.000887704489287, -0.00587664684281, 0.0263840891421, -0.0110733099282, 0.00299442186952], [-0.000122780664242, -0.00033278943738, 4.42239115728e-06, -0.00144921755418, -1.5005854948e-05, 0.00404595816508, -0.00341783999465, -0.000785079086199, 0.00384396198206, -0.00130369793624, -0.0110733099282, 0.029611999169, -0.00966880749911], [-9.16094068089e-05, 0.00125988398213, -0.000981396995485, 0.000147693921463, -0.000504575378727, -0.00270123314112, -0.000581935280934, 0.000476815592265, -0.000854104699101, 0.000595410587266, 0.00299442186952, -0.00966880749911, 0.0262051522732]]
    },
    "spectral_contrast_coeffs": {
        "mean": [-0.712423086166, -0.781558692455, -0.763291954994, -0.792015254498, -0.775526106358, -0.755467534065],
        "stdev": [0.0578118897974, 0.0587030686438, 0.0583617761731, 0.0439410097897, 0.0366877093911, 0.0415714532137]
    },
    "spectral_contrast_valleys": {
        "mean": [-6.31360387802, -6.55063486099, -6.79593896866, -6.95358371735, -7.21130037308, -10.0504322052],
        "stdev": [1.63664472103, 1.6121366024, 1.60811948776, 1.5782712698, 1.61002504826, 1.66983020306]
    }
},
"rhythm": {
    "beats_count": 533,
    "beats_loudness": {
        "mean": 0.0339030884206,
        "stdev": 0.0138041349128
    },
    "bpm": 133.954406738,
    "bpm_histogram_first_peak_bpm": 133,
    "bpm_histogram_first_peak_weight": 0.480842888355,
    "bpm_histogram_second_peak_bpm": 126,
    "bpm_histogram_second_peak_spread": 0.285714328289,
    "bpm_histogram_second_peak_weight": 0.00939849577844,
    "danceability": 1.00209879875,
    "onset_rate": 3.33977556229,
    "beats_loudness_band_ratio": {
        "mean": [0.46113756299, 0.149265021086, 0.104371748865, 0.16193819046, 0.112568944693, 0.0442514754832],
        "stdev": [0.181772038341, 0.0981211215258, 0.0811229497194, 0.118793487549, 0.0739765018225, 0.0393105335534]
    },
    "beats_position": [0.46439909935, 0.9287981987, 1.39319729805, 1.8575963974, 2.33360528946, 2.82122445107, 3.29723358154, 3.7732424736, 4.26086139679, 4.73687076569, 5.20126962662, 5.65405893326, 6.10684776306, 6.5596370697, 7.00081634521, 7.45360517502, 7.90639448166, 8.34757328033, 8.80036258698, 9.24154186249, 9.69433116913, 10.1471195221, 10.5882987976, 11.0294780731, 11.4706573486, 11.9118366241, 12.3646259308, 12.8174142838, 13.2585935593, 13.7113828659, 14.1641721725, 14.6053514481, 15.0465307236, 15.4877090454, 15.9404983521, 16.3932876587, 16.8344669342, 17.2872562408, 17.7400455475, 18.1928348541, 18.6456241608, 19.0868015289, 19.5279808044, 19.9807701111, 20.4219493866, 20.8747386932, 21.3159179688, 21.7687072754, 22.2098865509, 22.6626758575, 23.1038551331, 23.5566444397, 24.009431839, 24.4506111145, 24.9034004211, 25.3561897278, 25.7973690033, 26.2501583099, 26.7029476166, 27.1557369232, 27.6085262299, 28.0497055054, 28.4908847809, 28.932062149, 29.3848514557, 29.8376407623, 30.290430069, 30.7432193756, 31.1843986511, 31.6255779266, 32.0667572021, 32.5079345703, 32.9491157532, 33.3902931213, 33.843082428, 34.2958717346, 34.7370529175, 35.1898422241, 35.6310195923, 36.0838088989, 36.5249862671, 36.96616745, 37.4189567566, 37.8717460632, 38.3129234314, 38.765712738, 39.2068939209, 39.6596832275, 40.1008605957, 40.5420417786, 40.9948310852, 41.4476165771, 41.88879776, 42.3415870667, 42.7943763733, 43.2471656799, 43.6883430481, 44.1411323547, 44.5939216614, 45.046710968, 45.4878921509, 45.9406776428, 46.3934669495, 46.8346481323, 47.2758255005, 47.7170066833, 48.1581840515, 48.6109733582, 49.0637626648, 49.5165519714, 49.9693412781, 50.4221305847, 50.8633079529, 51.2928771973, 51.7456665039, 52.1868476868, 52.6396369934, 53.0808143616, 53.5336036682, 53.9747848511, 54.4275741577, 54.8687515259, 55.3099327087, 55.7511100769, 56.2038993835, 56.6566886902, 57.1094779968, 57.5622673035, 58.0150566101, 58.4794540405, 58.9322433472, 59.3966445923, 59.8262138367, 60.2673912048, 60.7201805115, 61.1729698181, 61.6257591248, 62.0669364929, 62.5081176758, 62.9492950439, 63.3904762268, 63.831653595, 64.2728347778, 64.7256240845, 65.1668014526, 65.6195907593, 66.0723800659, 66.5251693726, 66.9779586792, 67.4307479858, 67.871925354, 68.3131027222, 68.7542877197, 69.2070770264, 69.659866333, 70.1126480103, 70.5538330078, 71.0066223145, 71.4477996826, 71.8889770508, 72.3301544189, 72.7829437256, 73.2357330322, 73.6885223389, 74.1297073364, 74.5824966431, 75.0236740112, 75.4764633179, 75.917640686, 76.3704299927, 76.8232192993, 77.276008606, 77.7171859741, 78.1583633423, 78.6111526489, 79.0639419556, 79.5051269531, 79.9463043213, 80.3874816895, 80.8402709961, 81.2814483643, 81.7342376709, 82.1754150391, 82.6166000366, 83.0693893433, 83.5221786499, 83.9749679565, 84.4277572632, 84.8689346313, 85.3101119995, 85.7512893677, 86.1924667358, 86.6336517334, 87.08644104, 87.5392303467, 87.9920196533, 88.44480896, 88.8859863281, 89.3271636963, 89.7799530029, 90.2327423096, 90.6739196777, 91.1267089844, 91.579498291, 92.0206756592, 92.4618606567, 92.9146499634, 93.36743927, 93.8086166382, 94.2497940063, 94.6909713745, 95.1321487427, 95.5849380493, 96.037727356, 96.4905166626, 96.9433059692, 97.3844909668, 97.825668335, 98.2784576416, 98.7312469482, 99.1840362549, 99.6368255615, 100.07800293, 100.519180298, 100.971969604, 101.424758911, 101.877548218, 102.318725586, 102.771514893, 103.21269989, 103.653877258, 104.095054626, 104.536231995, 104.989021301, 105.441810608, 105.882987976, 106.335777283, 106.788566589, 107.241355896, 107.694145203, 108.146934509, 108.599723816, 109.040908813, 109.482086182, 109.934875488, 110.387664795, 110.828842163, 111.270019531, 111.711196899, 112.152381897, 112.605171204, 113.046348572, 113.48752594, 113.940315247, 114.393104553, 114.84589386, 115.287071228, 115.739860535, 116.192649841, 116.633827209, 117.086616516, 117.539405823, 117.992195129, 118.433380127, 118.886169434, 119.327346802, 119.76852417, 120.209701538, 120.650878906, 121.092063904, 121.54485321, 121.997642517, 122.450431824, 122.891609192, 123.344398499, 123.797187805, 124.249977112, 124.69115448, 125.143943787, 125.596733093, 126.037910461, 126.47908783, 126.931877136, 127.384666443, 127.83745575, 128.290252686, 128.731430054, 129.172607422, 129.61378479, 130.066574097, 130.519363403, 130.960540771, 131.413330078, 131.866119385, 132.307296753, 132.748474121, 133.189651489, 133.630844116, 134.083618164, 134.536407471, 134.977600098, 135.430389404, 135.883178711, 136.335968018, 136.777145386, 137.229934692, 137.671112061, 138.123901367, 138.576690674, 139.017868042, 139.45904541, 139.900222778, 140.341400146, 140.782577515, 141.223754883, 141.688156128, 142.140945435, 142.593734741, 143.058135986, 143.499313354, 143.940490723, 144.381668091, 144.834457397, 145.287246704, 145.740036011, 146.192825317, 146.634017944, 147.075195312, 147.516372681, 147.969161987, 148.421951294, 148.863128662, 149.30430603, 149.757095337, 150.198272705, 150.639450073, 151.09223938, 151.533416748, 151.974594116, 152.427383423, 152.86857605, 153.321365356, 153.762542725, 154.215332031, 154.668121338, 155.120910645, 155.573699951, 156.038085938, 156.479278564, 156.920455933, 157.361633301, 157.802810669, 158.243988037, 158.685165405, 159.137954712, 159.590744019, 160.043533325, 160.496322632, 160.9375, 161.390289307, 161.831466675, 162.284255981, 162.737045288, 163.189834595, 163.631011963, 164.08380127, 164.524978638, 164.977767944, 165.418960571, 165.860137939, 166.301315308, 166.754104614, 167.206893921, 167.648071289, 168.100860596, 168.542037964, 168.994827271, 169.436004639, 169.888793945, 170.341583252, 170.78276062, 171.223937988, 171.676727295, 172.117904663, 172.57069397, 173.011871338, 173.464660645, 173.917449951, 174.370239258, 174.811431885, 175.264221191, 175.70539856, 176.146575928, 176.599365234, 177.040542603, 177.481719971, 177.934509277, 178.387298584, 178.840087891, 179.292877197, 179.745666504, 180.186843872, 180.639633179, 181.092422485, 181.533599854, 181.974777222, 182.427566528, 182.868743896, 183.298324585, 183.762710571, 184.215499878, 184.668289185, 185.109481812, 185.55065918, 186.003448486, 186.456237793, 186.897415161, 187.338592529, 187.791381836, 188.244171143, 188.696960449, 189.149749756, 189.590927124, 190.032104492, 190.47328186, 190.914459229, 191.367248535, 191.808425903, 192.26121521, 192.702392578, 193.155181885, 193.607971191, 194.049163818, 194.490341187, 194.954742432, 195.407531738, 195.860321045, 196.301498413, 196.75428772, 197.207077026, 197.648254395, 198.101043701, 198.542221069, 198.983398438, 199.424575806, 199.865753174, 200.31854248, 200.759719849, 201.200897217, 201.653686523, 202.09487915, 202.547653198, 203.000442505, 203.453231812, 203.894424438, 204.335601807, 204.776779175, 205.229568481, 205.682357788, 206.135147095, 206.587936401, 207.040725708, 207.493515015, 207.934692383, 208.375869751, 208.817047119, 209.269836426, 209.722625732, 210.163803101, 210.604980469, 211.057769775, 211.510559082, 211.95173645, 212.392913818, 212.845703125, 213.298492432, 213.739685059, 214.180862427, 214.633651733, 215.08644104, 215.539230347, 215.992019653, 216.433197021, 216.87437439, 217.315551758, 217.756729126, 218.209518433, 218.662307739, 219.115097046, 219.556274414, 219.997451782, 220.450241089, 220.891418457, 221.332611084, 221.773788452, 222.226577759, 222.679367065, 223.132156372, 223.584945679, 224.037734985, 224.478912354, 224.920089722, 225.36126709, 225.802444458, 226.255233765, 226.696411133, 227.149200439, 227.601989746, 228.054779053, 228.507568359, 228.960357666, 229.401535034, 229.854324341, 230.307113647, 230.748291016, 231.201080322, 231.64225769, 232.083435059, 232.536224365, 232.989013672, 233.430206299, 233.882995605, 234.335784912, 234.788574219, 235.252960205, 235.71736145, 236.181762695, 236.634552002, 237.098953247, 237.563354492, 238.027755737, 238.492156982, 238.968154907],
    "bpm_histogram": [0, 0, 0, 0, 0, 0, 0, 0, 0, 0, 0, 0, 0, 0, 0, 0, 0, 0, 0, 0, 0, 0, 0, 0, 0, 0, 0, 0, 0, 0, 0, 0, 0, 0, 0, 0, 0, 0, 0, 0, 0, 0, 0, 0, 0, 0, 0, 0, 0, 0, 0, 0, 0, 0, 0, 0, 0, 0, 0, 0, 0, 0, 0, 0, 0, 0, 0, 0, 0, 0, 0, 0, 0, 0, 0, 0, 0, 0, 0, 0, 0, 0, 0, 0, 0, 0, 0, 0, 0, 0, 0, 0, 0, 0, 0, 0, 0, 0, 0, 0, 0, 0, 0, 0, 0, 0, 0, 0, 0, 0, 0, 0, 0, 0, 0, 0, 0, 0, 0, 0, 0, 0, 0, 0.00375939859077, 0, 0, 0.00939849577844, 0, 0, 0.0338345877826, 0, 0, 0, 0.509398519993, 0, 0, 0.437969923019, 0, 0, 0, 0.00563909765333, 0, 0, 0, 0, 0, 0, 0, 0, 0, 0, 0, 0, 0, 0, 0, 0, 0, 0, 0, 0, 0, 0, 0, 0, 0, 0, 0, 0, 0, 0, 0, 0, 0, 0, 0, 0, 0, 0, 0, 0, 0, 0, 0, 0, 0, 0, 0, 0, 0, 0, 0, 0, 0, 0, 0, 0, 0, 0, 0, 0, 0, 0, 0, 0, 0, 0, 0, 0, 0, 0, 0, 0, 0, 0, 0, 0, 0, 0, 0, 0, 0, 0, 0, 0, 0, 0, 0, 0, 0, 0, 0, 0, 0, 0, 0, 0, 0, 0, 0, 0, 0, 0, 0, 0, 0, 0, 0, 0, 0]
},
"tonal": {
    "chords_changes_rate": 0.0732700154185,
    "chords_number_rate": 0.00271370424889,
    "chords_strength": {
        "mean": 0.521990120411,
        "stdev": 0.106593936682
    },
    "hpcp_crest": {
        "mean": 13.1485328674,
        "stdev": 6.65587854385
    },
    "hpcp_entropy": {
        "mean": 2.09876561165,
        "stdev": 0.773290157318
    },
    "key_edma": {
        "strength": 0.6636890769,
        "key": "E",
        "scale": "minor"
    },
    "key_krumhansl": {
        "strength": 0.68223887682,
        "key": "E",
        "scale": "minor"
    },
    "key_temperley": {
        "strength": 0.686482608318,
        "key": "E",
        "scale": "minor"
    },
    "tuning_diatonic_strength": 0.501622676849,
    "tuning_equal_tempered_deviation": 0.0595640987158,
    "tuning_frequency": 441.782684326,
    "tuning_nontempered_energy_ratio": 0.719944119453,
    "hpcp": {
        "mean": [0.146882146597, 0.102246388793, 0.0759988278151, 0.0746439322829, 0.0813948586583, 0.191231995821, 0.284513175488, 0.209224492311, 0.183252409101, 0.1971219033, 0.135832756758, 0.11679597944, 0.120179653168, 0.101423487067, 0.144259259105, 0.230922147632, 0.19793023169, 0.115736201406, 0.0985752344131, 0.113239839673, 0.211844325066, 0.313674151897, 0.241720870137, 0.142336428165, 0.112085618079, 0.0852000117302, 0.100536778569, 0.12522149086, 0.122407287359, 0.157987535, 0.178127318621, 0.114735625684, 0.0815068110824, 0.0769228562713, 0.0602815635502, 0.108665198088],
        "stdev": [0.239488199353, 0.161510705948, 0.152445554733, 0.159033879638, 0.170204386115, 0.246771633625, 0.323549449444, 0.250830441713, 0.268746852875, 0.308689028025, 0.21059679985, 0.166847214103, 0.186969265342, 0.180409476161, 0.210239872336, 0.32451197505, 0.292656362057, 0.211379274726, 0.189517691731, 0.203104898334, 0.258727252483, 0.346006631851, 0.293343782425, 0.247849032283, 0.215844064951, 0.172978073359, 0.179222375154, 0.200949430466, 0.200575307012, 0.233699053526, 0.267523497343, 0.189626544714, 0.141139373183, 0.134209319949, 0.121055141091, 0.192461147904]
    },
    "chords_histogram": [22.2717590332, 5.7375459671, 5.71816253662, 10.4865283966, 1.64760613441, 8.70323753357, 1.95774376392, 13.5879049301, 0.0969180092216, 2.44233369827, 0.562124431133, 1.20178329945, 0.0581508055329, 0, 0, 0, 0.562124431133, 1.60883891582, 0.0387672036886, 0.0193836018443, 0.193836018443, 1.3568520546, 9.63364982605, 12.1147508621],
    "thpcp": [1, 0.770611405373, 0.453771620989, 0.357331395149, 0.27161949873, 0.320513427258, 0.399208843708, 0.390237092972, 0.503667712212, 0.567873775959, 0.365779668093, 0.259845495224, 0.245231732726, 0.192178934813, 0.346426993608, 0.468263477087, 0.325963705778, 0.242285907269, 0.237966477871, 0.259488582611, 0.609651744366, 0.907034158707, 0.667012214661, 0.584212660789, 0.6284288764, 0.433037787676, 0.372348129749, 0.383135348558, 0.323340266943, 0.459901660681, 0.736184835434, 0.631005883217, 0.368969529867, 0.314259976149, 0.361011058092, 0.67536431551],
    "chords_key": "E",
    "chords_scale": "minor"
}
}