{
"metadata": {
    "version": {
        "essentia": "2.1-dev",
        "essentia_git_sha": "v2.1_beta3-415-gd5473f3",
        "extractor": "music 2.0"
    },
    "audio_properties": {
        "analysis": {
            "equal_loudness": 0,
            "length": 204.408157349,
            "sample_rate": 44100,
            "start_time": 0,
            "downmix": "mix"
        },
        "bit_rate": 192000,
        "length": 204.408157349,
        "lossless": 0,
        "number_channels": 2,
        "replay_gain": -11.1510448456,
        "sample_rate": 44100,
        "codec": "mp3",
        "md5_encoded": "2f356ddec60976d768f44ab38eda3126"
    },
    "tags": {
        "file_name": "bowling_for_soup-the_bitch_song.mp3",
        "album": ["Musica Si 2-3"],
        "artist": ["Various Artists"],
        "genre": ["Other"],
        "title": ["the bitch song-bowling for soup"]
    }
},
"lowlevel": {
    "average_loudness": 0.936173319817,
    "barkbands_crest": {
        "mean": 8.08881187439,
        "stdev": 3.30333590508
    },
    "barkbands_flatness_db": {
        "mean": 0.0959175527096,
        "stdev": 0.0507961213589
    },
    "barkbands_kurtosis": {
        "mean": 2.08046722412,
        "stdev": 8.66177940369
    },
    "barkbands_skewness": {
        "mean": 1.19358313084,
        "stdev": 1.1306450367
    },
    "barkbands_spread": {
        "mean": 36.381023407,
        "stdev": 15.2662973404
    },
    "dissonance": {
        "mean": 0.482205092907,
        "stdev": 0.0165104474872
    },
    "dynamic_complexity": 2.24678969383,
    "erbbands_crest": {
        "mean": 7.08979558945,
        "stdev": 3.64489459991
    },
    "erbbands_flatness_db": {
        "mean": 0.12513653934,
        "stdev": 0.0358414240181
    },
    "erbbands_kurtosis": {
        "mean": -0.0942972749472,
        "stdev": 1.64550101757
    },
    "erbbands_skewness": {
        "mean": -0.245513886213,
        "stdev": 0.674950242043
    },
    "erbbands_spread": {
        "mean": 48.5107307434,
        "stdev": 16.0929164886
    },
    "hfc": {
        "mean": 33.1266975403,
        "stdev": 21.943447113
    },
    "loudness_ebu128": {
        "integrated": -10.6297082901,
        "loudness_range": 3.30160236359,
        "momentary": {
            "mean": -14.1858119965,
            "stdev": 27.3627643585
        },
        "short_term": {
            "mean": -11.3768320084,
            "stdev": 5.33903646469
        }
    },
    "melbands_crest": {
        "mean": 12.8857412338,
        "stdev": 4.77345609665
    },
    "melbands_flatness_db": {
        "mean": 0.15189319849,
        "stdev": 0.0652653351426
    },
    "melbands_kurtosis": {
        "mean": 12.2322530746,
        "stdev": 20.9138965607
    },
    "melbands_skewness": {
        "mean": 2.77747249603,
        "stdev": 1.57690477371
    },
    "melbands_spread": {
        "mean": 35.6273384094,
        "stdev": 21.5622138977
    },
    "pitch_salience": {
        "mean": 0.588368415833,
        "stdev": 0.102150529623
    },
    "silence_rate_20dB": {
        "mean": 1,
        "stdev": 0
    },
    "silence_rate_30dB": {
        "mean": 0.999886453152,
        "stdev": 0.0106562701985
    },
    "silence_rate_60dB": {
        "mean": 0.035888697952,
        "stdev": 0.186015605927
    },
    "spectral_centroid": {
        "mean": 1991.67675781,
        "stdev": 1095.98266602
    },
    "spectral_complexity": {
        "mean": 31.3945484161,
        "stdev": 12.6805925369
    },
    "spectral_decrease": {
        "mean": -7.08993042053e-09,
        "stdev": 3.38252226229e-09
    },
    "spectral_energy": {
        "mean": 0.029763771221,
        "stdev": 0.0138493217528
    },
    "spectral_energyband_high": {
        "mean": 0.00213417666964,
        "stdev": 0.00211787084118
    },
    "spectral_energyband_low": {
        "mean": 0.0110087618232,
        "stdev": 0.00886364560574
    },
    "spectral_energyband_middle_high": {
        "mean": 0.00656770076603,
        "stdev": 0.00492653110996
    },
    "spectral_energyband_middle_low": {
        "mean": 0.0120646301657,
        "stdev": 0.00770991621539
    },
    "spectral_entropy": {
        "mean": 7.92798852921,
        "stdev": 0.401391983032
    },
    "spectral_flux": {
        "mean": 0.0828958526254,
        "stdev": 0.0371874906123
    },
    "spectral_kurtosis": {
        "mean": 2.89235329628,
        "stdev": 2.47040176392
    },
    "spectral_rms": {
        "mean": 0.00518066203222,
        "stdev": 0.00148275762331
    },
    "spectral_rolloff": {
        "mean": 2554.85864258,
        "stdev": 2327.94750977
    },
    "spectral_skewness": {
        "mean": 1.19013655186,
        "stdev": 0.337332189083
    },
    "spectral_spread": {
        "mean": 5351443,
        "stdev": 3884377.5
    },
    "spectral_strongpeak": {
        "mean": 0.741059720516,
        "stdev": 1.02435600758
    },
    "zerocrossingrate": {
        "mean": 0.0906605497003,
        "stdev": 0.0568195581436
    },
    "barkbands": {
        "mean": [0.000117105628306, 0.00488091912121, 0.00422949856147, 0.00259492453188, 0.00397714367136, 0.00149583513848, 0.00128903891891, 0.00107008428313, 0.00113753834739, 0.000923638639506, 0.000452778302133, 0.000459849834442, 0.000509838515427, 0.000651126960292, 0.000554070924409, 0.000747032579966, 0.000722019583918, 0.00070978840813, 0.000762281531934, 0.000589961360674, 0.000395906885387, 0.000490159785841, 0.000359259021934, 0.000360244826879, 0.000198690962861, 8.06020907476e-05, 4.4627608986e-06],
        "stdev": [0.000211794831557, 0.00508347665891, 0.00492776557803, 0.00266340677626, 0.00374367064796, 0.00218162406236, 0.00222708261572, 0.00221396517009, 0.00267121358775, 0.00226983055472, 0.00193345290609, 0.000839525368065, 0.000903938955162, 0.000827307987493, 0.00087682029698, 0.000893745338544, 0.00103822152596, 0.000602162792347, 0.000585060217418, 0.000583304907195, 0.000399525131797, 0.000564465706702, 0.000496202846989, 0.000673470203765, 0.000343685678672, 0.000151623244165, 1.13089208753e-05]
    },
    "erbbands": {
        "mean": [0.111036658287, 1.21933615208, 4.20463418961, 8.54644203186, 11.8034954071, 10.4749450684, 12.2423849106, 11.9241123199, 20.1833877563, 18.420343399, 25.228351593, 25.2861309052, 34.9379997253, 22.2944450378, 16.6494064331, 20.470413208, 23.2006340027, 36.5587654114, 26.2334423065, 32.3985748291, 46.0507354736, 38.7844619751, 38.9295806885, 43.7255821228, 34.8697509766, 25.3418560028, 17.4085845947, 15.1227235794, 16.5794944763, 15.3658132553, 9.63712692261, 7.99301433563, 5.5681271553, 2.66702365875, 1.21325147152, 0.441598385572, 0.123522207141, 0.0235152523965, 0.000528397795279, 5.65107293369e-05],
        "stdev": [0.122823305428, 1.30155837536, 4.8465423584, 8.55724143982, 11.6643819809, 11.4092674255, 21.4179515839, 18.8122825623, 33.0129623413, 37.1311721802, 55.369758606, 62.6562347412, 76.7261352539, 63.2081184387, 47.6886177063, 34.5620689392, 39.2260131836, 49.4819831848, 30.8104324341, 51.4352378845, 53.0927124023, 48.8594093323, 33.3032112122, 33.6180801392, 28.3442363739, 23.4321670532, 16.8226528168, 16.0273303986, 18.8283920288, 19.6196155548, 14.080163002, 15.1156692505, 11.0543689728, 4.69980144501, 2.11628866196, 0.902414977551, 0.236489251256, 0.0479583330452, 0.00101320713293, 4.06619546993e-05]
    },
    "gfcc": {
        "mean": [28.2341709137, 66.0264434814, -113.087104797, 51.1560401917, -53.3021736145, 14.2013883591, -41.6063156128, 13.1414880753, -23.9634552002, 1.55588567257, -19.5576877594, -2.00747680664, -17.0068588257],
        "cov": [[23787.1445312, 507.78793335, -1235.15820312, 723.403442383, -1177.67895508, 647.177734375, -645.555786133, 296.684875488, -434.022949219, 180.120605469, -273.562896729, 128.154052734, -366.322357178], [507.78793335, 1097.21350098, -115.963287354, 97.9377746582, 229.840713501, -242.655014038, 144.330535889, -47.3465995789, 69.3739776611, -85.2038040161, 18.3742218018, -127.213569641, 34.6258392334], [-1235.15820312, -115.963287354, 586.567993164, -21.4323749542, 145.886734009, 52.9397354126, -6.88387823105, 25.8503170013, 7.61269903183, 22.7283191681, 4.528465271, 10.8752832413, -0.469995111227], [723.403442383, 97.9377746582, -21.4323749542, 326.119262695, 46.0185012817, 14.2502508163, -30.2364768982, 0.31334605813, 28.3924751282, -27.3323516846, 22.0621700287, -27.6130428314, 13.8621902466], [-1177.67895508, 229.840713501, 145.886734009, 46.0185012817, 327.472015381, -63.2555656433, 103.414672852, 6.39378118515, 30.4106445312, -14.15903759, 3.92912626266, -40.337852478, 19.2373733521], [647.177734375, -242.655014038, 52.9397354126, 14.2502508163, -63.2555656433, 288.994354248, 41.7158508301, 60.5640563965, -40.3620986938, 29.1994590759, 12.6906356812, 29.6372756958, -25.3568553925], [-645.555786133, 144.330535889, -6.88387823105, -30.2364768982, 103.414672852, 41.7158508301, 209.241088867, 21.3595371246, 11.1709566116, -8.32267475128, 17.5987300873, -25.992641449, 8.4986371994], [296.684875488, -47.3465995789, 25.8503170013, 0.31334605813, 6.39378118515, 60.5640563965, 21.3595371246, 103.162307739, 26.5688743591, 24.8130512238, -6.85055208206, 1.89231741428, -5.16664457321], [-434.022949219, 69.3739776611, 7.61269903183, 28.3924751282, 30.4106445312, -40.3620986938, 11.1709566116, 26.5688743591, 112.309791565, 5.38603019714, 11.5149517059, -17.3853168488, 9.62397956848], [180.120605469, -85.2038040161, 22.7283191681, -27.3323516846, -14.15903759, 29.1994590759, -8.32267475128, 24.8130512238, 5.38603019714, 82.7337188721, 22.740983963, 29.3165588379, -11.3147659302], [-273.562896729, 18.3742218018, 4.528465271, 22.0621700287, 3.92912626266, 12.6906356812, 17.5987300873, -6.85055208206, 11.5149517059, 22.740983963, 80.5982284546, 17.5021038055, 14.4659423828], [128.154052734, -127.213569641, 10.8752832413, -27.6130428314, -40.337852478, 29.6372756958, -25.992641449, 1.89231741428, -17.3853168488, 29.3165588379, 17.5021038055, 77.475402832, 12.566740036], [-366.322357178, 34.6258392334, -0.469995111227, 13.8621902466, 19.2373733521, -25.3568553925, 8.4986371994, -5.16664457321, 9.62397956848, -11.3147659302, 14.4659423828, 12.566740036, 59.8415145874]],
        "icov": [[0.000181449751835, -0.00052017060807, 0.000219746885705, -0.00049983849749, 0.000537239247933, -0.00041719613364, 0.000492775987368, -0.000639436242636, 0.000719037023373, -0.000606733199675, 0.000810540572274, -0.00065953808371, 0.000766775920056], [-0.00052017060807, 0.00321136927232, -0.000336526340107, 0.00111914577428, -0.00207105814479, 0.00241346843541, -0.00232107471675, 0.00182694057003, -0.00208424427547, 0.00235369428992, -0.00310532352887, 0.00347537593916, -0.00232741655782], [0.000219746885705, -0.000336526340107, 0.00255750841461, -0.000121477947687, -0.0010556941852, -0.0012521186145, 0.00159130746033, -0.000820410903543, 0.000569500087295, -0.000754302542191, 0.000676929252222, -0.000713007582817, 0.000852002121974], [-0.00049983849749, 0.00111914577428, -0.000121477947687, 0.00545284943655, -0.00263826176524, -0.000365110550774, 0.00078309874516, 0.0017340896884, -0.0029080149252, 0.00305066769943, -0.00388134154491, 0.00315475044772, -0.00291926064529], [0.000537239247933, -0.00207105814479, -0.0010556941852, -0.00263826176524, 0.00723464367911, 0.000394206348574, -0.00148546590935, -0.00227904552594, 0.00241315783933, -0.00258385553025, 0.00318958540447, -0.00136654276866, 0.0015847395407], [-0.00041719613364, 0.00241346843541, -0.0012521186145, -0.000365110550774, 0.000394206348574, 0.00786982756108, -0.00425557745621, -0.00200671702623, 0.00100311310962, 0.00170537526719, -0.00317425280809, 0.000723926641513, 0.000539900094736], [0.000492775987368, -0.00232107471675, 0.00159130746033, 0.00078309874516, -0.00148546590935, -0.00425557745621, 0.00975524261594, -0.00247431080788, 0.00147473497782, -0.000699367548805, 0.00012283626711, 4.60083319922e-05, 0.000857157399878], [-0.000639436242636, 0.00182694057003, -0.000820410903543, 0.0017340896884, -0.00227904552594, -0.00200671702623, -0.00247431080788, 0.0165545530617, -0.00700413249433, -0.00216393172741, 0.00105773750693, 0.00276772934012, -0.00383619451895], [0.000719037023373, -0.00208424427547, 0.000569500087295, -0.0029080149252, 0.00241315783933, 0.00100311310962, 0.00147473497782, -0.00700413249433, 0.0147703401744, -0.00348374573514, 0.00104728876613, -9.40561731113e-05, 0.0018532917602], [-0.000606733199675, 0.00235369428992, -0.000754302542191, 0.00305066769943, -0.00258385553025, 0.00170537526719, -0.000699367548805, -0.00216393172741, -0.00348374573514, 0.0207764375955, -0.00875006243587, -0.00326598295942, 0.00296683027409], [0.000810540572274, -0.00310532352887, 0.000676929252222, -0.00388134154491, 0.00318958540447, -0.00317425280809, 0.00012283626711, 0.00105773750693, 0.00104728876613, -0.00875006243587, 0.0210031233728, -0.0061884210445, -0.000234074264881], [-0.00065953808371, 0.00347537593916, -0.000713007582817, 0.00315475044772, -0.00136654276866, 0.000723926641513, 4.60083319922e-05, 0.00276772934012, -9.40561731113e-05, -0.00326598295942, -0.0061884210445, 0.0241198521107, -0.00997784454376], [0.000766775920056, -0.00232741655782, 0.000852002121974, -0.00291926064529, 0.0015847395407, 0.000539900094736, 0.000857157399878, -0.00383619451895, 0.0018532917602, 0.00296683027409, -0.000234074264881, -0.00997784454376, 0.025115519762]]
    },
    "melbands": {
        "mean": [0.00119864440057, 0.00207653432153, 0.0015316727804, 0.000820984307211, 0.000440352159785, 0.000285102054477, 0.000301615946228, 0.00019829023222, 0.000203413437703, 0.000161447707796, 0.000171472958755, 8.78380669747e-05, 6.15207973169e-05, 4.69939077448e-05, 5.36093211849e-05, 5.37739142601e-05, 6.98661315255e-05, 4.03593512601e-05, 3.98063966713e-05, 4.72660212836e-05, 5.57635939913e-05, 3.86280808016e-05, 4.04755337513e-05, 3.21360712405e-05, 3.66108397429e-05, 2.52543941315e-05, 2.50309876719e-05, 1.48923354573e-05, 1.07932646642e-05, 1.01991299744e-05, 8.19570050226e-06, 9.20588263398e-06, 1.00207817013e-05, 7.75192984293e-06, 5.37461573913e-06, 5.59786349186e-06, 4.49951903647e-06, 4.17365208705e-06, 2.89836384582e-06, 2.04262369152e-06],
        "stdev": [0.00122421991546, 0.00215839361772, 0.00129857647698, 0.000789706711657, 0.000698883377481, 0.000436429982074, 0.000490267528221, 0.000392015557736, 0.00045814999612, 0.00038996982039, 0.000383355218219, 0.000264839065494, 0.000240409935941, 7.5036448834e-05, 0.000112366520625, 9.01992825675e-05, 9.66418156167e-05, 4.70338345622e-05, 6.82275858708e-05, 6.96664865245e-05, 7.26838261471e-05, 5.57598104933e-05, 4.28554085374e-05, 2.77842773357e-05, 2.97515216516e-05, 1.98005764105e-05, 2.71571279882e-05, 1.44377027027e-05, 1.10866831164e-05, 1.1020076272e-05, 9.17546640267e-06, 1.07502819446e-05, 1.36874241434e-05, 1.02227222669e-05, 7.48011325413e-06, 1.11023036879e-05, 9.91493106994e-06, 7.98645760369e-06, 6.84677570462e-06, 3.3684700611e-06]
    },
    "melbands128": {
        "mean": [0.000109348824481, 0.000700215809047, 0.00169758521952, 0.00208095996641, 0.00201331451535, 0.00217666639946, 0.0019143979298, 0.00101330387406, 0.001401175512, 0.000904598622583, 0.000428311206633, 0.000586254580412, 0.000470969825983, 0.000221808411879, 0.000178185364348, 0.000412545894505, 0.000428794242907, 0.000260319997324, 0.000198277120944, 0.000221848109504, 0.000166911355336, 0.000211385689909, 0.000234956140048, 0.000144704725244, 0.000165069533978, 0.000132063069032, 0.000238456137595, 0.000212369996007, 6.76182389725e-05, 0.000108903819637, 7.23780613043e-05, 9.0469395218e-05, 6.90249289619e-05, 3.67617358279e-05, 3.77372016374e-05, 5.11847501912e-05, 6.24647218501e-05, 5.18719862157e-05, 5.32226440555e-05, 4.52840577054e-05, 3.99840319005e-05, 8.45382601256e-05, 7.34862187528e-05, 6.9947411248e-05, 3.4083645005e-05, 3.71038840967e-05, 4.26779588452e-05, 3.80949131795e-05, 3.8986425352e-05, 4.66408964712e-05, 4.53409811598e-05, 4.76321874885e-05, 6.42420491204e-05, 5.57768798899e-05, 4.66418168799e-05, 3.00594074361e-05, 3.78666591132e-05, 4.56410598417e-05, 4.34687935922e-05, 2.81799002551e-05, 3.32974232151e-05, 2.89677700493e-05, 3.86465071642e-05, 4.14029054809e-05, 3.05887006107e-05, 2.31460653595e-05, 2.21457867156e-05, 2.72775905614e-05, 2.91998621833e-05, 1.66125664691e-05, 1.41127566167e-05, 1.49250909089e-05, 1.1740953596e-05, 9.91077740764e-06, 9.30653277464e-06, 1.14872236736e-05, 1.02434287328e-05, 7.87362023402e-06, 8.01661917649e-06, 7.62262106946e-06, 1.05024473669e-05, 8.97864265426e-06, 8.7952848844e-06, 1.06851857709e-05, 1.0857252164e-05, 8.11957761471e-06, 7.02384340912e-06, 5.90811123402e-06, 5.45593184142e-06, 4.496553629e-06, 5.53302925255e-06, 6.30554723102e-06, 5.31502382728e-06, 4.22929952038e-06, 4.11886139773e-06, 4.22397306465e-06, 4.44578017778e-06, 3.74513911083e-06, 2.91928677143e-06, 2.47057755587e-06, 2.24353971134e-06, 1.99703663384e-06, 1.77368110599e-06, 1.48863432514e-06, 1.32880563797e-06, 1.26636973619e-06, 1.06092420538e-06, 9.07475111944e-07, 7.11591383151e-07, 6.19668355739e-07, 4.88710838908e-07, 4.05700120609e-07, 3.3938115962e-07, 3.42776246498e-07, 3.58265396017e-07, 2.70979256811e-07, 1.74141902676e-07, 1.33716611117e-08, 4.45716770783e-12, 3.98585244671e-12, 3.84605325018e-12, 3.73764127287e-12, 3.63933796294e-12, 3.56139965609e-12, 3.50009040848e-12, 3.4547564462e-12, 3.42186088492e-12, 3.39624140443e-12],
        "stdev": [0.000201320115593, 0.00093172112247, 0.00193414336536, 0.0025402943138, 0.00276878103614, 0.0025912579149, 0.00214580446482, 0.00102523725946, 0.00164780835621, 0.00111883226782, 0.0007457419415, 0.000963795755524, 0.000984438811429, 0.000482428207761, 0.000395837967517, 0.000755939923692, 0.000757403904572, 0.000693048001267, 0.00050390069373, 0.000607540481724, 0.0004812789266, 0.000533965008799, 0.000683846243192, 0.000530367949978, 0.000645439955406, 0.000440341216745, 0.000629547226708, 0.000593568896875, 0.000249029719271, 0.000449465791462, 0.000251014571404, 0.000567390001379, 0.000311476644129, 0.00010023717914, 0.000105505925603, 9.97160241241e-05, 0.000130042884848, 0.000180385584827, 0.000170044178958, 0.000112259913294, 0.000101429934148, 0.000203305986361, 0.000133018082124, 0.000111080793431, 5.59512373002e-05, 5.84509107284e-05, 8.37758561829e-05, 0.000103717778984, 0.000100579716673, 0.000108894550067, 0.000104221740912, 7.47957528802e-05, 9.56486182986e-05, 0.000123825811897, 9.92523491732e-05, 6.78020369378e-05, 7.68408135627e-05, 6.90359884175e-05, 5.79185689276e-05, 3.12701231451e-05, 3.98195770686e-05, 3.05122794089e-05, 3.94462622353e-05, 4.33079112554e-05, 2.89217132377e-05, 2.15153941099e-05, 2.30181503866e-05, 3.14763456117e-05, 4.17973897129e-05, 2.00152480829e-05, 1.64739212778e-05, 1.67072994373e-05, 1.49913948917e-05, 1.28150913952e-05, 1.09105449155e-05, 1.38528457683e-05, 1.37456372613e-05, 1.03570218926e-05, 1.00333609225e-05, 9.90021817415e-06, 1.47696191561e-05, 1.24141042761e-05, 1.43953539009e-05, 1.70005369e-05, 1.71903302544e-05, 1.23309437186e-05, 1.049565617e-05, 7.7140321082e-06, 8.32979822007e-06, 8.15734256321e-06, 2.00250451599e-05, 1.3846881302e-05, 1.20974291349e-05, 1.10495411718e-05, 1.22874362205e-05, 8.25400184112e-06, 8.06057232694e-06, 1.1479267414e-05, 9.04411353986e-06, 5.79626657782e-06, 4.00135786549e-06, 3.33924617735e-06, 3.06371453007e-06, 2.71256772066e-06, 2.42940996031e-06, 2.69761949312e-06, 2.5263364023e-06, 1.97488452613e-06, 1.59019214152e-06, 1.48348794937e-06, 1.0442505527e-06, 8.99018800737e-07, 7.20021773759e-07, 6.62706383991e-07, 8.08601100744e-07, 5.4447588127e-07, 4.32241193948e-07, 2.77206755328e-08, 7.22973937661e-12, 6.2037133243e-12, 5.98777494601e-12, 5.81612015493e-12, 5.67419115166e-12, 5.55773656263e-12, 5.46233154194e-12, 5.38788718502e-12, 5.33422264692e-12, 5.3011605522e-12]
    },
    "mfcc": {
        "mean": [-603.182128906, 88.8119506836, 1.74508607388, 34.5216903687, 12.0676651001, 4.40215110779, -1.23720991611, 5.55599308014, -1.40818214417, 4.88095092773, 0.828128874302, -1.55111706257, -3.88722705841],
        "cov": [[9932.03222656, 438.466186523, 349.232116699, 16.3933773041, -54.1110725403, 221.344985962, 47.3835754395, 103.089950562, -68.8086547852, 9.03464031219, 162.731750488, 40.0703201294, -20.437505722], [438.466186523, 1054.13549805, -134.037628174, 267.936950684, 59.1229553223, -43.3885345459, 46.5234413147, -5.67878675461, 57.0745544434, 45.0620307922, 1.44972538948, -12.8583707809, -38.847743988], [349.232116699, -134.037628174, 363.368255615, -44.753036499, 77.6146621704, 33.4218559265, 8.39091396332, 12.4229488373, -16.8668422699, 1.05740392208, 1.61262655258, 8.44465255737, 17.8368988037], [16.3933773041, 267.936950684, -44.753036499, 347.813293457, 125.249237061, -9.60587978363, -7.08094215393, -15.1936407089, 31.042388916, 17.9037570953, -24.0329437256, 13.2867383957, -11.280339241], [-54.1110725403, 59.1229553223, 77.6146621704, 125.249237061, 205.646209717, 9.97653770447, 5.31299972534, 0.618970155716, 23.7720413208, 15.1598720551, -16.197675705, 13.1149692535, 7.63599395752], [221.344985962, -43.3885345459, 33.4218559265, -9.60587978363, 9.97653770447, 128.974685669, 78.4365386963, 37.177986145, 0.68597048521, 10.0566473007, 21.9226799011, 7.18629550934, -7.78089570999], [47.3835754395, 46.5234413147, 8.39091396332, -7.08094215393, 5.31299972534, 78.4365386963, 186.192932129, 46.8878288269, 26.9743556976, 13.1665019989, 24.8908481598, 18.3263702393, -25.0506801605], [103.089950562, -5.67878675461, 12.4229488373, -15.1936407089, 0.618970155716, 37.177986145, 46.8878288269, 89.41746521, 35.2562294006, 29.4758033752, 10.5799808502, 5.29524755478, -3.93881869316], [-68.8086547852, 57.0745544434, -16.8668422699, 31.042388916, 23.7720413208, 0.68597048521, 26.9743556976, 35.2562294006, 82.7768783569, 38.4618110657, 14.5329399109, -5.62889719009, -5.76813697815], [9.03464031219, 45.0620307922, 1.05740392208, 17.9037570953, 15.1598720551, 10.0566473007, 13.1665019989, 29.4758033752, 38.4618110657, 89.9052810669, 26.4287757874, 8.55072116852, -14.0706262589], [162.731750488, 1.44972538948, 1.61262655258, -24.0329437256, -16.197675705, 21.9226799011, 24.8908481598, 10.5799808502, 14.5329399109, 26.4287757874, 73.256652832, 20.9885826111, 5.12766313553], [40.0703201294, -12.8583707809, 8.44465255737, 13.2867383957, 13.1149692535, 7.18629550934, 18.3263702393, 5.29524755478, -5.62889719009, 8.55072116852, 20.9885826111, 69.4328536987, 19.1833553314], [-20.437505722, -38.847743988, 17.8368988037, -11.280339241, 7.63599395752, -7.78089570999, -25.0506801605, -3.93881869316, -5.76813697815, -14.0706262589, 5.12766313553, 19.1833553314, 62.1850585938]],
        "icov": [[0.000122556375572, -9.2708862212e-05, -0.00015024356253, -3.27212037519e-05, 8.88053764356e-05, -0.000203323856113, 0.000155604982865, -0.000190822538571, 0.000150222404045, 0.000134376154165, -0.0003001341247, -3.02522912534e-05, 0.000112194356916], [-9.2708862212e-05, 0.00140613189433, 0.000387013307773, -0.00101594591979, 1.14106360343e-05, 0.000925767701119, -0.000809441728052, 0.000202374038054, -0.000103963269794, -0.000510153186042, -0.000179369497346, 0.000658985576592, 4.02595542255e-05], [-0.00015024356253, 0.000387013307773, 0.00369720067829, 0.000825108319987, -0.00209658080712, -0.00016238601529, -0.000274583435385, -0.000260212866124, 0.00105048448313, -0.000541752728168, 0.000166219819221, 0.000367763714166, -0.00076068576891], [-3.27212037519e-05, -0.00101594591979, 0.000825108319987, 0.00515932170674, -0.0027687032707, -0.000893399177585, 0.00087552604964, 0.00119296903722, -0.00142568966839, -3.57903845725e-05, 0.00171393062919, -0.00187065859791, 0.00100566330366], [8.88053764356e-05, 1.14106360343e-05, -0.00209658080712, -0.0027687032707, 0.00796879641712, -0.000945270818193, -3.75195595552e-05, 0.000946229731198, -0.0021651070565, -0.000688688945957, 0.00193294510245, -0.00110755988862, -0.00109091261402], [-0.000203323856113, 0.000925767701119, -0.00016238601529, -0.000893399177585, -0.000945270818193, 0.0130078233778, -0.00516637042165, -0.0036319186911, 0.00384589470923, -0.000724651501514, -0.00281533086672, 0.00233328691684, -0.000466440775199], [0.000155604982865, -0.000809441728052, -0.000274583435385, 0.00087552604964, -3.75195595552e-05, -0.00516637042165, 0.00963594112545, -0.00216579716653, -0.00285664270632, 0.00270218588412, -0.00113012013026, -0.00366401835345, 0.00445572985336], [-0.000190822538571, 0.000202374038054, -0.000260212866124, 0.00119296903722, 0.000946229731198, -0.0036319186911, -0.00216579716653, 0.0179086159915, -0.0070468862541, -0.00370125542395, 0.00350590189919, -0.00146716379095, -0.00128164072521], [0.000150222404045, -0.000103963269794, 0.00105048448313, -0.00142568966839, -0.0021651070565, 0.00384589470923, -0.00285664270632, -0.0070468862541, 0.0211638472974, -0.00576530117542, -0.00403055688366, 0.00558135099709, -0.00215639150701], [0.000134376154165, -0.000510153186042, -0.000541752728168, -3.57903845725e-05, -0.000688688945957, -0.000724651501514, 0.00270218588412, -0.00370125542395, -0.00576530117542, 0.0175672918558, -0.00536907883361, -0.00284809665754, 0.0054838815704], [-0.0003001341247, -0.000179369497346, 0.000166219819221, 0.00171393062919, 0.00193294510245, -0.00281533086672, -0.00113012013026, 0.00350590189919, -0.00403055688366, -0.00536907883361, 0.0204929392785, -0.00545783294365, -0.00236514350399], [-3.02522912534e-05, 0.000658985576592, 0.000367763714166, -0.00187065859791, -0.00110755988862, 0.00233328691684, -0.00366401835345, -0.00146716379095, 0.00558135099709, -0.00284809665754, -0.00545783294365, 0.0203250329942, -0.0071307993494], [0.000112194356916, 4.02595542255e-05, -0.00076068576891, 0.00100566330366, -0.00109091261402, -0.000466440775199, 0.00445572985336, -0.00128164072521, -0.00215639150701, 0.0054838815704, -0.00236514350399, -0.0071307993494, 0.0217686519027]]
    },
    "spectral_contrast_coeffs": {
        "mean": [-0.704351365566, -0.769877374172, -0.782574534416, -0.794506490231, -0.789157867432, -0.751517832279],
        "stdev": [0.0735402852297, 0.0712868794799, 0.0656723827124, 0.045522145927, 0.0358272716403, 0.0427872352302]
    },
    "spectral_contrast_valleys": {
        "mean": [-6.66254520416, -6.87109041214, -7.52130460739, -7.34299945831, -7.02871322632, -9.71905040741],
        "stdev": [2.37934017181, 2.32425546646, 2.25535821915, 2.24800491333, 2.28206372261, 2.16434121132]
    }
},
"rhythm": {
    "beats_count": 525,
    "beats_loudness": {
        "mean": 0.0348382927477,
        "stdev": 0.0142047731206
    },
    "bpm": 165.174911499,
    "bpm_histogram_first_peak_bpm": 167,
    "bpm_histogram_first_peak_weight": 0,
    "bpm_histogram_second_peak_bpm": 161,
    "bpm_histogram_second_peak_spread": 0.0296295285225,
    "bpm_histogram_second_peak_weight": 0.25,
    "danceability": 0.950066447258,
    "onset_rate": 3.11111235619,
    "beats_loudness_band_ratio": {
        "mean": [0.413495242596, 0.181754276156, 0.157067909837, 0.0851004049182, 0.110974498093, 0.123409755528],
        "stdev": [0.20471060276, 0.123804859817, 0.133160799742, 0.0895598530769, 0.0752148106694, 0.0829137936234]
    },
    "beats_position": [0.708208620548, 1.42802715302, 2.14784574509, 2.85605430603, 3.55265307426, 4.26086139679, 4.95746040344, 5.66566896439, 6.37387752533, 7.0936961174, 7.81351470947, 8.54494285583, 9.26476192474, 9.98458003998, 10.7043991089, 11.4242172241, 12.1672563553, 12.9102945328, 13.5140132904, 14.117732048, 14.7214508057, 15.3251695633, 15.9172782898, 16.4861679077, 17.0550556183, 17.6123352051, 18.1580047607, 18.7036724091, 19.2493419647, 19.6789112091, 20.1084804535, 20.5264396667, 20.8863487244, 21.246257782, 21.6061668396, 21.9660758972, 22.3259868622, 22.6858959198, 23.0458049774, 23.405714035, 23.7656230927, 24.1255321503, 24.4854412079, 24.8453502655, 25.2052612305, 25.5767803192, 25.9366893768, 26.3082084656, 26.6797275543, 27.0280265808, 27.3879356384, 27.747844696, 28.1077537537, 28.4676647186, 28.8275737762, 29.199092865, 29.5590019226, 29.9189109802, 30.2788200378, 30.6387290955, 30.9986381531, 31.3469390869, 31.7068481445, 32.0667572021, 32.4266662598, 32.7981834412, 33.1697044373, 33.5296134949, 33.8895225525, 34.2494316101, 34.6093406677, 34.9692497253, 35.3407707214, 35.7122879028, 36.0722007751, 36.4321098328, 36.8036270142, 37.1751480103, 37.5466651917, 37.9065742493, 38.2664833069, 38.638004303, 38.9979133606, 39.3578224182, 39.7293434143, 40.0892524719, 40.4491615295, 40.7974586487, 41.1689796448, 41.5404968262, 41.9004058838, 42.2603149414, 42.6318359375, 42.9917449951, 43.3632659912, 43.7231750488, 44.0830841064, 44.4429931641, 44.8029022217, 45.1628112793, 45.5343284607, 45.894241333, 46.2541503906, 46.6140594482, 46.9739685059, 47.3454856873, 47.7170066833, 48.0885238647, 48.4484329224, 48.80834198, 49.1566429138, 49.5165519714, 49.8880729675, 50.2479820251, 50.6078910828, 50.9678001404, 51.3393173218, 51.6992263794, 52.0591392517, 52.4190483093, 52.7905654907, 53.1504745483, 53.510383606, 53.8702926636, 54.2418136597, 54.6017227173, 54.9616317749, 55.3215408325, 55.6814498901, 56.0413589478, 56.4012680054, 56.761177063, 57.1210861206, 57.4809951782, 57.8409042358, 58.2124252319, 58.583946228, 58.9438552856, 59.3037643433, 59.6636734009, 60.0351905823, 60.3950996399, 60.7550086975, 61.1149177551, 61.4864387512, 61.8463478088, 62.2062568665, 62.5777778625, 62.9376869202, 63.2975959778, 63.6691131592, 64.0290222168, 64.4005432129, 64.7604522705, 65.1319732666, 65.4918823242, 65.8517913818, 66.2117004395, 66.5716094971, 66.9315185547, 67.2914276123, 67.6397247314, 68.0112457275, 68.3711547852, 68.7310638428, 69.0909729004, 69.450881958, 69.8224029541, 70.1939239502, 70.5538330078, 70.9253463745, 71.2852630615, 71.6567764282, 72.0166854858, 72.3765945435, 72.7365036011, 73.0964126587, 73.4679336548, 73.8278427124, 74.18775177, 74.5476608276, 74.9075698853, 75.2674789429, 75.6273880005, 75.9989089966, 76.3588180542, 76.7187271118, 77.0902481079, 77.461769104, 77.8332901001, 78.1931991577, 78.5531082153, 78.924621582, 79.2845306396, 79.6444396973, 80.0043487549, 80.3642578125, 80.7357788086, 81.0956878662, 81.4672088623, 81.8271179199, 82.1870269775, 82.5469360352, 82.9068450928, 83.2667541504, 83.626663208, 83.9865722656, 84.3464813232, 84.7180023193, 85.077911377, 85.4378204346, 85.7977294922, 86.1460266113, 86.5059356689, 86.865852356, 87.2257614136, 87.5856704712, 87.9571838379, 88.328704834, 88.7002258301, 89.0717468262, 89.4432601929, 89.8031692505, 90.1630859375, 90.5345993042, 90.8945083618, 91.2544174194, 91.6143264771, 91.9742355347, 92.3341445923, 92.6940536499, 93.0539703369, 93.4138793945, 93.7853927612, 94.1453018188, 94.5168228149, 94.8767318726, 95.2482528687, 95.6081619263, 95.9680709839, 96.3279800415, 96.6878890991, 97.0477981567, 97.4077072144, 97.7792282104, 98.1275253296, 98.4874343872, 98.8473434448, 99.2188644409, 99.590385437, 99.9502944946, 100.310203552, 100.681724548, 101.041633606, 101.401542664, 101.761451721, 102.121360779, 102.492874146, 102.852790833, 103.21269989, 103.584213257, 103.944122314, 104.304031372, 104.66394043, 105.035461426, 105.395370483, 105.766891479, 106.138412476, 106.509933472, 106.869842529, 107.241355896, 107.601264954, 107.961174011, 108.321083069, 108.680992126, 109.040908813, 109.389205933, 109.74911499, 110.109024048, 110.468933105, 110.828842163, 111.200363159, 111.571876526, 111.943397522, 112.30330658, 112.663215637, 113.023124695, 113.383033752, 113.74294281, 114.102851868, 114.462760925, 114.822669983, 115.194190979, 115.554100037, 115.914009094, 116.273918152, 116.645439148, 117.005348206, 117.365257263, 117.725166321, 118.096687317, 118.456596375, 118.816505432, 119.188026428, 119.559547424, 119.919456482, 120.27936554, 120.639274597, 120.999183655, 121.370697021, 121.730613708, 122.090522766, 122.462036133, 122.82194519, 123.181854248, 123.541763306, 123.901672363, 124.273193359, 124.633102417, 124.993011475, 125.364532471, 125.724441528, 126.084350586, 126.444259644, 126.804168701, 127.175689697, 127.547210693, 127.907119751, 128.267028809, 128.626937866, 128.986846924, 129.346755981, 129.706665039, 130.054962158, 130.414871216, 130.763168335, 131.123077393, 131.494598389, 131.866119385, 132.237640381, 132.597549438, 132.957458496, 133.317367554, 133.677276611, 134.048797607, 134.420318604, 134.780227661, 135.140136719, 135.500045776, 135.859954834, 136.23147583, 136.591384888, 136.951293945, 137.311203003, 137.671112061, 138.042633057, 138.402542114, 138.762451172, 139.122360229, 139.482269287, 139.842178345, 140.202087402, 140.56199646, 140.921905518, 141.293426514, 141.66494751, 142.036453247, 142.396362305, 142.756271362, 143.127792358, 143.499313354, 143.870834351, 144.21913147, 144.567428589, 144.927337646, 145.287246704, 145.647155762, 146.007064819, 146.378585815, 146.738494873, 147.098403931, 147.458312988, 147.818222046, 148.189743042, 148.5496521, 148.921173096, 149.281082153, 149.652603149, 150.012512207, 150.372421265, 150.732330322, 151.09223938, 151.463760376, 151.823669434, 152.19519043, 152.555099487, 152.915008545, 153.274917603, 153.646438599, 154.017959595, 154.389480591, 154.749389648, 155.109298706, 155.469207764, 155.829116821, 156.189025879, 156.548934937, 156.920455933, 157.28036499, 157.640274048, 158.011795044, 158.383300781, 158.754821777, 159.114730835, 159.474639893, 159.83454895, 160.194458008, 160.554367065, 160.914276123, 161.285797119, 161.645706177, 162.005615234, 162.353912354, 162.71383667, 163.073745728, 163.433654785, 163.793563843, 164.1534729, 164.513381958, 164.861679077, 165.221588135, 165.581497192, 165.953018188, 166.324539185, 166.684448242, 167.0443573, 167.415863037, 167.775772095, 168.147293091, 168.507202148, 168.878723145, 169.238632202, 169.59854126, 169.970062256, 170.329971313, 170.70149231, 171.061401367, 171.432922363, 171.792831421, 172.152740479, 172.512649536, 172.872558594, 173.24407959, 173.603988647, 173.963897705, 174.323806763, 174.68371582, 175.055236816, 175.415145874, 175.775054932, 176.134963989, 176.494873047, 176.854782104, 177.214691162, 177.586212158, 177.946121216, 178.306030273, 178.665939331, 179.025848389, 179.385757446, 179.745666504, 180.1171875, 180.488708496, 180.848617554, 181.208526611, 181.580047607, 181.939956665, 182.299865723, 182.671386719, 183.054504395, 183.437637329, 183.820770264, 184.203903198, 184.598632812, 184.993377686, 185.3881073, 185.759628296, 186.131149292, 186.502670288, 186.874191284, 187.24571228, 187.617233276, 187.988754272, 188.360275269, 188.720184326, 189.080093384, 189.428390503, 189.788299561, 190.148208618, 190.612609863, 191.07699585, 191.541397095, 192.075454712, 192.621124268, 193.155181885, 193.631195068, 194.107208252, 194.583221436, 195.094055176, 195.604888916, 196.127349854, 196.649795532, 197.172241211, 197.69468689, 198.205535889, 198.693145752, 199.169158936, 199.645172119, 200.132781982, 200.608795166, 201.189300537, 201.769790649, 202.350296021, 202.965621948, 203.592559814],
    "bpm_histogram": [0, 0, 0, 0, 0, 0, 0, 0, 0, 0, 0, 0, 0, 0, 0, 0, 0, 0, 0, 0, 0, 0, 0, 0, 0, 0, 0, 0, 0, 0, 0, 0, 0, 0, 0, 0, 0, 0, 0, 0, 0, 0, 0, 0, 0, 0, 0, 0, 0, 0, 0, 0, 0, 0, 0, 0, 0, 0, 0, 0, 0, 0, 0, 0, 0, 0, 0, 0, 0, 0, 0, 0, 0, 0, 0, 0, 0, 0, 0, 0, 0, 0.00381679390557, 0.00190839695279, 0.0152671756223, 0, 0.00763358781114, 0.00381679390557, 0, 0, 0, 0, 0, 0, 0, 0, 0, 0.00190839695279, 0, 0.00190839695279, 0.00763358781114, 0, 0.00190839695279, 0, 0.00572519097477, 0, 0.00381679390557, 0, 0, 0.00190839695279, 0, 0.00763358781114, 0, 0.00381679390557, 0, 0, 0.00763358781114, 0, 0.00572519097477, 0, 0, 0, 0, 0, 0.00381679390557, 0, 0, 0.0114503819495, 0, 0, 0.00572519097477, 0, 0, 0, 0, 0, 0, 0, 0, 0, 0, 0.00381679390557, 0, 0, 0, 0.00190839695279, 0, 0, 0, 0, 0, 0, 0, 0.00572519097477, 0, 0, 0, 0, 0.00763358781114, 0, 0, 0, 0.219465643167, 0.0305343512446, 0, 0, 0, 0, 0.599236667156, 0, 0, 0, 0, 0.0286259539425, 0, 0, 0, 0, 0, 0, 0, 0, 0, 0, 0, 0, 0, 0, 0, 0, 0, 0, 0, 0, 0, 0, 0, 0, 0, 0, 0, 0, 0, 0, 0, 0, 0, 0, 0, 0, 0, 0, 0, 0, 0, 0, 0, 0, 0, 0, 0, 0, 0, 0, 0, 0, 0, 0, 0, 0, 0, 0, 0, 0, 0, 0, 0, 0, 0, 0, 0, 0, 0, 0, 0, 0, 0, 0, 0, 0, 0]
},
"tonal": {
    "chords_changes_rate": 0.0592777654529,
    "chords_number_rate": 0.002044060966,
    "chords_strength": {
        "mean": 0.518870294094,
        "stdev": 0.140360504389
    },
    "hpcp_crest": {
        "mean": 12.1354131699,
        "stdev": 6.39344167709
    },
    "hpcp_entropy": {
        "mean": 2.26763081551,
        "stdev": 0.814586222172
    },
    "key_edma": {
        "strength": 0.803580343723,
        "key": "C",
        "scale": "major"
    },
    "key_krumhansl": {
        "strength": 0.797904849052,
        "key": "C",
        "scale": "major"
    },
    "key_temperley": {
        "strength": 0.79002571106,
        "key": "C",
        "scale": "major"
    },
    "tuning_diatonic_strength": 0.656721115112,
    "tuning_equal_tempered_deviation": 0.104114502668,
    "tuning_frequency": 437.213165283,
    "tuning_nontempered_energy_ratio": 0.77183753252,
    "hpcp": {
        "mean": [0.136598721147, 0.114226251841, 0.0632929578424, 0.0524558126926, 0.0437422469258, 0.0633726119995, 0.107410699129, 0.113908603787, 0.238600328565, 0.342164158821, 0.19163505733, 0.0760873630643, 0.109882466495, 0.127921044827, 0.164623335004, 0.315286487341, 0.260892957449, 0.0850900933146, 0.0530716851354, 0.0436761714518, 0.0609372183681, 0.098547719419, 0.0867450460792, 0.0686609819531, 0.0676306560636, 0.0549970269203, 0.0773840472102, 0.128909945488, 0.135233074427, 0.265080869198, 0.464545220137, 0.313601434231, 0.095996811986, 0.0762399509549, 0.0770531818271, 0.0950489342213],
        "stdev": [0.238302439451, 0.200524926186, 0.135086238384, 0.125350937247, 0.126077651978, 0.154561936855, 0.197058498859, 0.205807611346, 0.298151433468, 0.406899511814, 0.25534081459, 0.15543396771, 0.190235123038, 0.213294923306, 0.232195019722, 0.351186722517, 0.303264737129, 0.166920751333, 0.132739275694, 0.0980954021215, 0.119844302535, 0.173148274422, 0.159693688154, 0.137352138758, 0.147221416235, 0.132129266858, 0.142457276583, 0.209233477712, 0.206851541996, 0.273206174374, 0.376428157091, 0.284621506929, 0.161329627037, 0.149402230978, 0.157054528594, 0.169657200575]
    },
    "chords_histogram": [26.8907566071, 0.0227117873728, 29.4571876526, 4.24710416794, 12.6050424576, 1.52168977261, 1.33999550343, 0, 0.249829664826, 0, 0, 0, 0.181694298983, 0.31796503067, 0, 0, 0, 14.5582561493, 0, 7.13150119781, 0.295253247023, 0, 0, 1.18101298809],
    "thpcp": [1, 0.675071895123, 0.206646859646, 0.164117395878, 0.165867984295, 0.204606413841, 0.294048279524, 0.245888337493, 0.136247143149, 0.112918637693, 0.0941614434123, 0.136418610811, 0.2312168926, 0.245204553008, 0.513621330261, 0.736557245255, 0.412521868944, 0.163788929582, 0.236537724733, 0.275368332863, 0.354375272989, 0.67869925499, 0.561609387398, 0.183168590069, 0.114244386554, 0.0940192043781, 0.131176069379, 0.212138056755, 0.186731114984, 0.147802576423, 0.145584657788, 0.118388965726, 0.166580229998, 0.277497082949, 0.291108518839, 0.570624470711],
    "chords_key": "G",
    "chords_scale": "major"
}
}