{
"metadata": {
    "version": {
        "essentia": "2.1-dev",
        "essentia_git_sha": "v2.1_beta3-415-gd5473f3",
        "extractor": "music 2.0"
    },
    "audio_properties": {
        "analysis": {
            "equal_loudness": 0,
            "length": 256.313476562,
            "sample_rate": 44100,
            "start_time": 0,
            "downmix": "mix"
        },
        "bit_rate": 192000,
        "length": 256.313476562,
        "lossless": 0,
        "number_channels": 2,
        "replay_gain": -10.8653240204,
        "sample_rate": 44100,
        "codec": "mp3",
        "md5_encoded": "e2f2a6247b61b89abb59011cc02bbca0"
    },
    "tags": {
        "file_name": "bush-machine_head.mp3"
    }
},
"lowlevel": {
    "average_loudness": 0.914436995983,
    "barkbands_crest": {
        "mean": 9.1680727005,
        "stdev": 3.85223388672
    },
    "barkbands_flatness_db": {
        "mean": 0.119679361582,
        "stdev": 0.0675995200872
    },
    "barkbands_kurtosis": {
        "mean": 2.5626502037,
        "stdev": 7.7602891922
    },
    "barkbands_skewness": {
        "mean": 1.33181810379,
        "stdev": 1.16121697426
    },
    "barkbands_spread": {
        "mean": 32.5539703369,
        "stdev": 14.70470047
    },
    "dissonance": {
        "mean": 0.480812370777,
        "stdev": 0.0193349849433
    },
    "dynamic_complexity": 2.85358285904,
    "erbbands_crest": {
        "mean": 7.90248441696,
        "stdev": 3.50866341591
    },
    "erbbands_flatness_db": {
        "mean": 0.144540920854,
        "stdev": 0.0464401766658
    },
    "erbbands_kurtosis": {
        "mean": 0.64746004343,
        "stdev": 2.47230315208
    },
    "erbbands_skewness": {
        "mean": -0.526884377003,
        "stdev": 0.874696731567
    },
    "erbbands_spread": {
        "mean": 42.7630805969,
        "stdev": 18.2275924683
    },
    "hfc": {
        "mean": 22.9974765778,
        "stdev": 16.8374404907
    },
    "loudness_ebu128": {
        "integrated": -12.7269802094,
        "loudness_range": 7.07991695404,
        "momentary": {
            "mean": -14.0401926041,
            "stdev": 4.63056373596
        },
        "short_term": {
            "mean": -13.7360391617,
            "stdev": 3.68171668053
        }
    },
    "melbands_crest": {
        "mean": 14.1207876205,
        "stdev": 4.5715842247
    },
    "melbands_flatness_db": {
        "mean": 0.190998613834,
        "stdev": 0.0828964859247
    },
    "melbands_kurtosis": {
        "mean": 13.9478034973,
        "stdev": 23.8667316437
    },
    "melbands_skewness": {
        "mean": 2.96154618263,
        "stdev": 1.68909561634
    },
    "melbands_spread": {
        "mean": 31.9324226379,
        "stdev": 20.2150268555
    },
    "pitch_salience": {
        "mean": 0.583811700344,
        "stdev": 0.102443262935
    },
    "silence_rate_20dB": {
        "mean": 1,
        "stdev": 0
    },
    "silence_rate_30dB": {
        "mean": 1,
        "stdev": 0
    },
    "silence_rate_60dB": {
        "mean": 0.0403079725802,
        "stdev": 0.196681678295
    },
    "spectral_centroid": {
        "mean": 1846.27246094,
        "stdev": 679.427246094
    },
    "spectral_complexity": {
        "mean": 25.8284416199,
        "stdev": 13.3749761581
    },
    "spectral_decrease": {
        "mean": -5.85629500449e-09,
        "stdev": 3.41590977726e-09
    },
    "spectral_energy": {
        "mean": 0.0241888910532,
        "stdev": 0.0139095811173
    },
    "spectral_energyband_high": {
        "mean": 0.00106785621028,
        "stdev": 0.00109806424007
    },
    "spectral_energyband_low": {
        "mean": 0.00987896695733,
        "stdev": 0.00904389377683
    },
    "spectral_energyband_middle_high": {
        "mean": 0.00579697685316,
        "stdev": 0.00490262219682
    },
    "spectral_energyband_middle_low": {
        "mean": 0.00829128641635,
        "stdev": 0.00696705654263
    },
    "spectral_entropy": {
        "mean": 7.69680547714,
        "stdev": 0.471035599709
    },
    "spectral_flux": {
        "mean": 0.0794775336981,
        "stdev": 0.0394526682794
    },
    "spectral_kurtosis": {
        "mean": 4.89491319656,
        "stdev": 5.26277732849
    },
    "spectral_rms": {
        "mean": 0.00461212685332,
        "stdev": 0.00152549496852
    },
    "spectral_rolloff": {
        "mean": 1922.70361328,
        "stdev": 1271.17382812
    },
    "spectral_skewness": {
        "mean": 1.32044565678,
        "stdev": 0.587366163731
    },
    "spectral_spread": {
        "mean": 3987114.75,
        "stdev": 1238295.625
    },
    "spectral_strongpeak": {
        "mean": 0.531390726566,
        "stdev": 0.930695950985
    },
    "zerocrossingrate": {
        "mean": 0.0685557946563,
        "stdev": 0.0308578703552
    },
    "barkbands": {
        "mean": [0.00033391371835, 0.00550653645769, 0.0032372858841, 0.00196612277068, 0.00332930963486, 0.00124913908076, 0.000570525357034, 0.000442511227448, 0.000662016391288, 0.000307804002659, 0.000197704634047, 0.000222209549975, 0.000282136345049, 0.0004857062886, 0.000535674684215, 0.000859274179675, 0.00126451370306, 0.000677549629472, 0.000783848576248, 0.000435257214122, 0.00028617400676, 0.000248871801887, 0.000126194485347, 8.25106471893e-05, 5.20296998729e-05, 4.06438957725e-05, 3.47075001628e-06],
        "stdev": [0.000504291674588, 0.00662332959473, 0.00386013276875, 0.00245492812246, 0.00420702155679, 0.00161870731972, 0.000710661581252, 0.000739147595596, 0.0013220156543, 0.000742709147744, 0.000464816752356, 0.000559144769795, 0.000669090077281, 0.000870521645993, 0.00106468587182, 0.00131125305779, 0.00129758310504, 0.000730013125576, 0.000829184020404, 0.000426296610385, 0.00031109774136, 0.000299949577311, 0.000189380429219, 0.000168369937455, 7.4686082371e-05, 4.98842200614e-05, 5.1554957281e-06]
    },
    "erbbands": {
        "mean": [0.158074021339, 1.26539516449, 3.56507968903, 5.19649982452, 10.3959245682, 9.55287837982, 11.0039520264, 10.1097173691, 7.38959169388, 9.60218048096, 10.8176908493, 16.2567825317, 10.3752393723, 8.53993320465, 8.49103450775, 9.37924480438, 13.8506708145, 16.2370109558, 29.1749229431, 37.2693481445, 55.5710830688, 68.301071167, 45.6833572388, 38.1144599915, 31.8882904053, 20.4614009857, 12.8206224442, 12.3075561523, 9.43500804901, 5.25632810593, 3.31634831429, 1.94545841217, 1.24936795235, 0.64683765173, 0.336268931627, 0.169099032879, 0.0764066427946, 0.0159704200923, 0.000370020890841, 4.01682082156e-05],
        "stdev": [0.211567178369, 1.50724089146, 4.07557725906, 4.99796628952, 17.84740448, 10.8087034225, 12.3433513641, 14.0121011734, 8.37571620941, 14.7880029678, 17.3463878632, 35.3631668091, 19.9905452728, 16.9312763214, 17.2310791016, 20.5362358093, 32.9299621582, 24.5977592468, 48.5103492737, 77.0148468018, 70.6523742676, 67.110534668, 46.4626998901, 38.327457428, 33.536491394, 19.96808815, 14.0099067688, 13.3784618378, 11.4723472595, 7.1802740097, 5.15791749954, 3.91182422638, 2.53979539871, 1.12067711353, 0.422347009182, 0.202801063657, 0.097491145134, 0.0210975464433, 0.000475280772662, 2.43779668381e-05]
    },
    "gfcc": {
        "mean": [4.75299596786, 87.2811203003, -115.200836182, 55.9871711731, -39.6091575623, -1.26815593243, -37.0111656189, 11.1844463348, -22.0028495789, 2.29011058807, -23.0175590515, 3.01778697968, -12.5117740631],
        "cov": [[11159.4453125, -3217.3425293, -546.103149414, 183.416732788, -440.534515381, 1052.37988281, -540.145690918, 497.265960693, -154.109970093, 519.702392578, -248.559906006, 574.091186523, -383.950164795], [-3217.3425293, 1951.04968262, -187.853378296, -62.7792472839, 239.961029053, -572.030517578, 264.542205811, -295.681976318, 95.8433609009, -257.983703613, 154.859573364, -258.7237854, 187.076324463], [-546.103149414, -187.853378296, 681.538574219, -9.39038562775, 12.5974855423, 172.413131714, -11.8346300125, 85.0595626831, -20.3491592407, 67.2289352417, -9.27914333344, 46.2780838013, -25.1406707764], [183.416732788, -62.7792472839, -9.39038562775, 188.046646118, 13.1396694183, 10.2660741806, -1.22900593281, -0.795909583569, 27.1843643188, -2.25561308861, 3.55885410309, -4.65866279602, 13.5595731735], [-440.534515381, 239.961029053, 12.5974855423, 13.1396694183, 206.78125, -59.7606887817, 74.0104064941, 4.40677165985, 18.749080658, 5.60052013397, 17.470621109, -7.61078977585, 27.5566234589], [1052.37988281, -572.030517578, 172.413131714, 10.2660741806, -59.7606887817, 336.053955078, -37.0488967896, 118.42338562, -17.5614376068, 90.77759552, -29.6106758118, 78.0126647949, -60.5657653809], [-540.145690918, 264.542205811, -11.8346300125, -1.22900593281, 74.0104064941, -37.0488967896, 160.708312988, -0.74112278223, 6.45687294006, -35.6127586365, 24.8801994324, -19.2366390228, 10.9695425034], [497.265960693, -295.681976318, 85.0595626831, -0.795909583569, 4.40677165985, 118.42338562, -0.74112278223, 148.629318237, 9.19614601135, 65.0950241089, -14.79550457, 53.7226295471, -30.0805530548], [-154.109970093, 95.8433609009, -20.3491592407, 27.1843643188, 18.749080658, -17.5614376068, 6.45687294006, 9.19614601135, 77.7158737183, 14.8962459564, 13.5375814438, -20.4779872894, 21.7034301758], [519.702392578, -257.983703613, 67.2289352417, -2.25561308861, 5.60052013397, 90.77759552, -35.6127586365, 65.0950241089, 14.8962459564, 106.594650269, 3.01824641228, 54.9735946655, -19.6066970825], [-248.559906006, 154.859573364, -9.27914333344, 3.55885410309, 17.470621109, -29.6106758118, 24.8801994324, -14.79550457, 13.5375814438, 3.01824641228, 70.615447998, 6.89041614532, 21.3547534943], [574.091186523, -258.7237854, 46.2780838013, -4.65866279602, -7.61078977585, 78.0126647949, -19.2366390228, 53.7226295471, -20.4779872894, 54.9735946655, 6.89041614532, 106.573905945, -11.2378168106], [-383.950164795, 187.076324463, -25.1406707764, 13.5595731735, 27.5566234589, -60.5657653809, 10.9695425034, -30.0805530548, 21.7034301758, -19.6066970825, 21.3547534943, -11.2378168106, 75.1238937378]],
        "icov": [[0.000459329516161, -0.000594903714955, 0.00095784990117, -0.000884472043253, 0.000488794525154, -0.00120862922631, 0.00114096025936, -0.000577079073992, 0.000873562530614, -0.00144871906377, 0.00161723839119, -0.00200179801323, 0.00136820483021], [-0.000594903714955, 0.00538983661681, -0.00208979751915, 0.00360748358071, -0.00291293743066, 0.00460815010592, -0.00461726635695, 0.00359137170017, -0.00455493247136, 0.00618290761486, -0.00801566336304, 0.00709301466122, -0.0046478677541], [0.00095784990117, -0.00208979751915, 0.0039134179242, -0.00221010041423, 0.00110380956903, -0.00389829115011, 0.00301386252977, -0.00213082879782, 0.00314434478059, -0.0042953887023, 0.00427860952914, -0.00461562722921, 0.00303092761897], [-0.000884472043253, 0.00360748358071, -0.00221010041423, 0.00880244188011, -0.00271083740517, 0.0031287309248, -0.00340874330141, 0.00295353936963, -0.00584811251611, 0.00629529450089, -0.00626573571935, 0.00582242151722, -0.00465056020766], [0.000488794525154, -0.00291293743066, 0.00110380956903, -0.00271083740517, 0.00852492358536, -0.00111237401143, -0.000662593694869, -0.00253200111911, 0.00288228830323, -0.00669541349635, 0.00534119782969, -0.00395717751235, 0.000979404198006], [-0.00120862922631, 0.00460815010592, -0.00389829115011, 0.0031287309248, -0.00111237401143, 0.0111087271944, -0.00562879443169, 0.00110875966493, -0.00377039890736, 0.00404287548736, -0.00687871826813, 0.00698076607659, -0.00374794076197], [0.00114096025936, -0.00461726635695, 0.00301386252977, -0.00340874330141, -0.000662593694869, -0.00562879443169, 0.0143196471035, -0.00527360569686, 0.00392956193537, -0.00142688886262, 0.00443115504459, -0.00760146602988, 0.00655140075833], [-0.000577079073992, 0.00359137170017, -0.00213082879782, 0.00295353936963, -0.00253200111911, 0.00110875966493, -0.00527360569686, 0.0150120807812, -0.00659299036488, 0.0011226182105, -0.00278097926639, 0.00156530051026, -0.00131280929781], [0.000873562530614, -0.00455493247136, 0.00314434478059, -0.00584811251611, 0.00288228830323, -0.00377039890736, 0.00392956193537, -0.00659299036488, 0.0240232367069, -0.012919511646, 0.00492699723691, 0.000466234982014, -0.00103837938514], [-0.00144871906377, 0.00618290761486, -0.0042953887023, 0.00629529450089, -0.00669541349635, 0.00404287548736, -0.00142688886262, 0.0011226182105, -0.012919511646, 0.0298954602331, -0.0136443031952, 0.00334651814774, -0.00308757461607], [0.00161723839119, -0.00801566336304, 0.00427860952914, -0.00626573571935, 0.00534119782969, -0.00687871826813, 0.00443115504459, -0.00278097926639, 0.00492699723691, -0.0136443031952, 0.0316305905581, -0.0162043031305, 0.00512392725796], [-0.00200179801323, 0.00709301466122, -0.00461562722921, 0.00582242151722, -0.00395717751235, 0.00698076607659, -0.00760146602988, 0.00156530051026, 0.000466234982014, 0.00334651814774, -0.0162043031305, 0.0302573852241, -0.0118024051189], [0.00136820483021, -0.0046478677541, 0.00303092761897, -0.00465056020766, 0.000979404198006, -0.00374794076197, 0.00655140075833, -0.00131280929781, -0.00103837938514, -0.00308757461607, 0.00512392725796, -0.0118024051189, 0.0251410230994]]
    },
    "melbands": {
        "mean": [0.00151534099132, 0.00181430357043, 0.0010941894725, 0.000750755425543, 0.000396761868615, 0.000226439107792, 0.00011106380407, 0.000105528066342, 9.18633013498e-05, 9.72596099018e-05, 5.07256518176e-05, 3.60791455023e-05, 2.88797455141e-05, 2.46629151661e-05, 2.89240851998e-05, 2.71968438028e-05, 3.07963637169e-05, 5.12629485456e-05, 4.08075138694e-05, 4.96301145176e-05, 6.98204385117e-05, 7.00379387126e-05, 6.15060853306e-05, 2.79865453194e-05, 3.12000738631e-05, 2.96795606118e-05, 1.61756652233e-05, 1.31147135107e-05, 8.47909359436e-06, 6.69311566526e-06, 7.39230063118e-06, 6.01587362326e-06, 3.43251849699e-06, 2.73037267107e-06, 2.05004357667e-06, 1.36552182539e-06, 1.12230259219e-06, 9.17913382636e-07, 6.93975209742e-07, 4.89788135383e-07],
        "stdev": [0.00186737196054, 0.00188516522758, 0.00118321180344, 0.0010361566674, 0.00041388781392, 0.000305496680085, 0.00012723695545, 0.000153593166033, 0.000149903862621, 0.000206638709642, 0.000104825172457, 7.81547278166e-05, 6.51583250146e-05, 7.28751547285e-05, 6.29580245004e-05, 6.4006257162e-05, 5.14408275194e-05, 9.47657317738e-05, 8.26038885862e-05, 9.58055752562e-05, 9.12370378501e-05, 7.15063797543e-05, 6.88878499204e-05, 2.99988350889e-05, 3.26702247548e-05, 3.36540470016e-05, 1.7174259483e-05, 1.36897579068e-05, 1.02293079181e-05, 7.75583248469e-06, 8.2903980001e-06, 7.24933352103e-06, 4.90604770675e-06, 3.89289607483e-06, 3.23945505443e-06, 2.61826130554e-06, 2.36937580667e-06, 1.96202722691e-06, 1.33414243919e-06, 8.52116329497e-07]
    },
    "melbands128": {
        "mean": [0.000280491658486, 0.00112793664448, 0.00220273761079, 0.00196682871319, 0.00189404084813, 0.00148315553088, 0.000969164771959, 0.00105731072836, 0.00114626635332, 0.00084064231487, 0.000467669626232, 0.000440358388005, 0.000362217455404, 0.00037441283348, 0.000267808820354, 0.000119992095279, 0.000109787921247, 0.000112947593152, 8.85861227289e-05, 0.00012199881894, 8.35139217088e-05, 0.000114200360258, 6.02285072091e-05, 9.8717137007e-05, 0.00014744476357, 6.63246100885e-05, 5.80399864702e-05, 3.918693983e-05, 6.1297629145e-05, 4.25829712185e-05, 2.317979488e-05, 2.9450879083e-05, 3.60950434697e-05, 2.01470556931e-05, 2.66571623797e-05, 2.6242556487e-05, 1.92911338672e-05, 2.8452841434e-05, 3.43735518982e-05, 3.55602423951e-05, 2.07327302633e-05, 2.35749212152e-05, 2.34181134147e-05, 2.98821978504e-05, 7.29140010662e-05, 5.52680066903e-05, 2.88838036795e-05, 2.84773796011e-05, 4.83682306367e-05, 6.92717294442e-05, 3.75957424694e-05, 4.09649619542e-05, 7.99484332674e-05, 7.49025202822e-05, 6.6716078436e-05, 6.61682643113e-05, 7.33433989808e-05, 8.27247058623e-05, 5.10086174472e-05, 3.62075370504e-05, 2.60623874055e-05, 2.19808680413e-05, 2.38851625909e-05, 3.35232653015e-05, 4.46087142336e-05, 3.06352812913e-05, 2.09856661968e-05, 1.78102272912e-05, 1.52325410454e-05, 1.35342279464e-05, 1.32255809149e-05, 1.34756492116e-05, 1.07950736492e-05, 6.8322392508e-06, 6.76606669003e-06, 6.36442518953e-06, 6.78595552017e-06, 7.31874570192e-06, 7.14013413017e-06, 8.0462968981e-06, 6.95245944371e-06, 5.0704561545e-06, 3.95851702706e-06, 3.33509910888e-06, 2.90870730169e-06, 2.76981336356e-06, 2.72715737992e-06, 2.49441563938e-06, 2.0923230295e-06, 1.69078066392e-06, 1.44482430642e-06, 1.32163097533e-06, 1.13064379548e-06, 1.16250487281e-06, 1.07582400233e-06, 9.98090968096e-07, 8.69518544278e-07, 8.3356178493e-07, 7.05836100678e-07, 6.37296125205e-07, 5.44309273209e-07, 4.55530795307e-07, 4.43211717993e-07, 4.17488337234e-07, 3.69365494635e-07, 3.46340357282e-07, 3.49053010495e-07, 2.79942270254e-07, 2.74502497177e-07, 2.92506200594e-07, 2.79206830101e-07, 2.66123265646e-07, 2.20523816097e-07, 2.53889339774e-07, 2.14677825738e-07, 1.7995856183e-07, 1.29113075786e-07, 1.92356441886e-08, 3.79446430873e-12, 3.49806880511e-12, 3.39083600608e-12, 3.30693567148e-12, 3.22753455906e-12, 3.16499777775e-12, 3.11426188657e-12, 3.07888306864e-12, 3.05234591942e-12, 3.03020347529e-12],
        "stdev": [0.000433144829003, 0.00169909221586, 0.00296074151993, 0.00247592572123, 0.00226153177209, 0.00173011876177, 0.00103014218621, 0.00153855176177, 0.00241462676786, 0.00131280091591, 0.000716351612937, 0.000591809977777, 0.000519651686773, 0.000619467988145, 0.000443222816102, 0.000258125655819, 0.000156475929543, 0.000168979415321, 0.000159959658049, 0.000260391941993, 0.000156989175593, 0.000243248781771, 0.000151963860844, 0.000266589515377, 0.000407492392696, 0.000159967152285, 0.000154997687787, 0.000109852888272, 0.000202747469302, 0.000127194798551, 6.52693124721e-05, 9.54679271672e-05, 0.000106151062937, 5.6231074268e-05, 0.000104442988231, 0.000112011373858, 5.71545424464e-05, 8.39836939122e-05, 0.000108222317067, 0.000127962121041, 7.27792576072e-05, 5.89133960602e-05, 5.11799371452e-05, 8.09940684121e-05, 0.000178957008757, 0.000127552237245, 7.82685601735e-05, 8.09317643871e-05, 0.000148560633534, 0.000208824552828, 0.000101429446659, 8.66818591021e-05, 0.00014068071323, 0.000117053343274, 9.47535882005e-05, 8.65092006279e-05, 8.99040023796e-05, 0.00011826557602, 7.28082668502e-05, 4.51004088973e-05, 3.4743508877e-05, 3.11513831548e-05, 2.90246334771e-05, 4.09269123338e-05, 5.97885773459e-05, 4.194207213e-05, 2.69736628979e-05, 2.25805506489e-05, 1.96878954739e-05, 1.7024567569e-05, 1.73267926584e-05, 1.73241824086e-05, 1.6680225599e-05, 1.01786908999e-05, 9.74553677224e-06, 8.82376843947e-06, 9.25433414523e-06, 9.12013274501e-06, 9.22170238482e-06, 1.01466748674e-05, 8.85541157913e-06, 7.59446402299e-06, 6.27936196906e-06, 5.32019521415e-06, 4.4142070692e-06, 4.1723128561e-06, 4.31791522715e-06, 4.27814438808e-06, 3.66099970961e-06, 2.88329601972e-06, 2.7629316719e-06, 2.93066750601e-06, 2.85778833131e-06, 2.58123191088e-06, 2.37410949921e-06, 2.28478666031e-06, 2.12014219869e-06, 1.78027323727e-06, 1.47212540469e-06, 1.27342070755e-06, 1.0332327065e-06, 9.22151400573e-07, 7.23093535271e-07, 6.26943517545e-07, 4.94425478337e-07, 4.51259865031e-07, 4.6103119189e-07, 3.51325070369e-07, 3.5992061953e-07, 3.94539171111e-07, 3.74957693339e-07, 3.71429365487e-07, 3.06207169842e-07, 3.5668477949e-07, 2.975853306e-07, 2.48064850439e-07, 1.89983708765e-07, 3.45477779717e-08, 5.30460267725e-12, 5.08069714772e-12, 4.93310991015e-12, 4.80968129907e-12, 4.70433067501e-12, 4.61590314582e-12, 4.54296582991e-12, 4.48575118023e-12, 4.44382508222e-12, 4.41826132971e-12]
    },
    "mfcc": {
        "mean": [-634.225158691, 109.85194397, -7.99181079865, 52.6346282959, 14.6321611404, 3.26629900932, -3.28298330307, 5.03853034973, 4.42719984055, -0.930558383465, -0.14688283205, -0.775091171265, -3.41543459892],
        "cov": [[8546.14453125, -1865.46838379, -873.356018066, -183.042449951, -102.36227417, 197.732223511, -122.207344055, 155.942092896, 31.0090255737, 109.969268799, 116.672706604, 86.9575576782, 96.6455383301], [-1865.46838379, 1185.42687988, -143.741378784, 190.083831787, -5.53209686279, -115.912696838, 35.7841415405, -83.1520004272, -19.9736976624, -82.4668121338, -23.8904685974, -11.3601779938, -40.1770896912], [-873.356018066, -143.741378784, 719.214111328, -135.488342285, 87.0361404419, 76.2946395874, 26.807641983, 51.4420280457, -9.86233615875, 46.4745903015, 3.55759906769, 10.4658222198, 24.7726135254], [-183.042449951, 190.083831787, -135.488342285, 237.058029175, 16.083316803, -29.9398212433, 0.207923069596, -29.4977684021, 15.2146949768, -29.2894878387, -11.5933427811, -0.0790214538574, -1.75552105904], [-102.36227417, -5.53209686279, 87.0361404419, 16.083316803, 134.566101074, 22.1449298859, 7.39194822311, -1.53181779385, 22.7041091919, 31.8095302582, 1.34624660015, 4.97205734253, 21.2100219727], [197.732223511, -115.912696838, 76.2946395874, -29.9398212433, 22.1449298859, 116.809822083, 27.8600463867, 27.6756191254, 9.17503547668, 26.766626358, 6.92872285843, 4.71407794952, 10.3403902054], [-122.207344055, 35.7841415405, 26.807641983, 0.207923069596, 7.39194822311, 27.8600463867, 115.518981934, 49.6094589233, 11.2609863281, 2.70914459229, 22.8294773102, 12.3399562836, 2.4521856308], [155.942092896, -83.1520004272, 51.4420280457, -29.4977684021, -1.53181779385, 27.6756191254, 49.6094589233, 92.5424499512, 20.8305892944, 12.8530635834, 22.7664737701, 11.0999298096, 8.94847774506], [31.0090255737, -19.9736976624, -9.86233615875, 15.2146949768, 22.7041091919, 9.17503547668, 11.2609863281, 20.8305892944, 69.4138183594, 33.0175323486, 5.15758323669, 2.45731663704, 7.906894207], [109.969268799, -82.4668121338, 46.4745903015, -29.2894878387, 31.8095302582, 26.766626358, 2.70914459229, 12.8530635834, 33.0175323486, 77.8048477173, 20.7108230591, 3.17331051826, 8.22007751465], [116.672706604, -23.8904685974, 3.55759906769, -11.5933427811, 1.34624660015, 6.92872285843, 22.8294773102, 22.7664737701, 5.15758323669, 20.7108230591, 67.0946731567, 28.2729129791, -0.351593345404], [86.9575576782, -11.3601779938, 10.4658222198, -0.0790214538574, 4.97205734253, 4.71407794952, 12.3399562836, 11.0999298096, 2.45731663704, 3.17331051826, 28.2729129791, 59.5426216125, 20.547454834], [96.6455383301, -40.1770896912, 24.7726135254, -1.75552105904, 21.2100219727, 10.3403902054, 2.4521856308, 8.94847774506, 7.906894207, 8.22007751465, -0.351593345404, 20.547454834, 59.197681427]],
        "icov": [[0.000296069396427, 0.000429957435699, 0.000539759581443, 5.52786768822e-05, -6.24272288405e-05, -0.000345912994817, 0.000380296376534, -0.000444522913313, 0.000286859605694, -8.91504023457e-05, -0.000220261354116, -0.00023226031044, -0.000228181001148], [0.000429957435699, 0.00181829358917, 0.000722873955965, -0.000561817490961, -0.000217791006435, 0.000388796324842, -0.000488259160193, 0.000425579375587, 0.000291301956167, 0.000521856069099, -0.000272919831332, -0.000377819611458, 0.000197116882191], [0.000539759581443, 0.000722873955965, 0.00287395576015, 0.00101654068567, -0.00139637710527, -0.00119727628771, 0.000714022899047, -0.00176983466372, 0.00159985828213, -0.00075419008499, 0.000279368337942, -0.000760943221394, -0.00045890401816], [5.52786768822e-05, -0.000561817490961, 0.00101654068567, 0.00595483742654, -0.00145578489173, -6.56637348584e-05, -0.000148133738548, 0.00105468172114, -0.00226130546071, 0.00241722306237, -2.67646846623e-05, -0.000331114657456, -0.000259422085946], [-6.24272288405e-05, -0.000217791006435, -0.00139637710527, -0.00145578489173, 0.0100830076262, -0.00072380003985, -0.000786444230471, 0.00203702878207, -0.00188004504889, -0.0030245941598, 0.000210243917536, 0.000370128109353, -0.00272241141647], [-0.000345912994817, 0.000388796324842, -0.00119727628771, -6.56637348584e-05, -0.00072380003985, 0.0117416987196, -0.00311437714845, -0.000426030514063, 0.000560110842343, -0.00262984400615, 0.00156206369866, 1.21511138786e-05, 2.48621636274e-05], [0.000380296376534, -0.000488259160193, 0.000714022899047, -0.000148133738548, -0.000786444230471, -0.00311437714845, 0.0135811874643, -0.00732401432469, 7.46941004763e-05, 0.00132365897298, -0.00281650247052, -0.000698193383869, 0.000146714693983], [-0.000444522913313, 0.000425579375587, -0.00176983466372, 0.00105468172114, 0.00203702878207, -0.000426030514063, -0.00732401432469, 0.0192870590836, -0.00623455410823, 0.00265275593847, -0.003704439383, 0.00120678637177, -0.00145756034181], [0.000286859605694, 0.000291301956167, 0.00159985828213, -0.00226130546071, -0.00188004504889, 0.000560110842343, 7.46941004763e-05, -0.00623455410823, 0.0223644692451, -0.0105217471719, 0.00315785151906, -0.00102808198426, -0.000642609666102], [-8.91504023457e-05, 0.000521856069099, -0.00075419008499, 0.00241722306237, -0.0030245941598, -0.00262984400615, 0.00132365897298, 0.00265275593847, -0.0105217471719, 0.0231152996421, -0.00799445435405, 0.00342366634868, -0.00106596923433], [-0.000220261354116, -0.000272919831332, 0.000279368337942, -2.67646846623e-05, 0.000210243917536, 0.00156206369866, -0.00281650247052, -0.003704439383, 0.00315785151906, -0.00799445435405, 0.0244409553707, -0.011788725853, 0.00531045068055], [-0.00023226031044, -0.000377819611458, -0.000760943221394, -0.000331114657456, 0.000370128109353, 1.21511138786e-05, -0.000698193383869, 0.00120678637177, -0.00102808198426, 0.00342366634868, -0.011788725853, 0.025711832568, -0.00918951164931], [-0.000228181001148, 0.000197116882191, -0.00045890401816, -0.000259422085946, -0.00272241141647, 2.48621636274e-05, 0.000146714693983, -0.00145756034181, -0.000642609666102, -0.00106596923433, 0.00531045068055, -0.00918951164931, 0.0222235936671]]
    },
    "spectral_contrast_coeffs": {
        "mean": [-0.726211309433, -0.784554541111, -0.809684574604, -0.787693440914, -0.779872179031, -0.727237701416],
        "stdev": [0.0619863681495, 0.0563223436475, 0.0483302995563, 0.0515140146017, 0.0354359447956, 0.0446957722306]
    },
    "spectral_contrast_valleys": {
        "mean": [-6.33759355545, -6.80886554718, -7.60221481323, -7.46815061569, -7.05434513092, -10.3882265091],
        "stdev": [0.810398936272, 0.868807792664, 0.96028059721, 1.05607068539, 1.16621911526, 1.55864191055]
    }
},
"rhythm": {
    "beats_count": 483,
    "beats_loudness": {
        "mean": 0.0297257695347,
        "stdev": 0.0150088630617
    },
    "bpm": 112.481056213,
    "bpm_histogram_first_peak_bpm": 112,
    "bpm_histogram_first_peak_weight": 0.346241474152,
    "bpm_histogram_second_peak_bpm": 117,
    "bpm_histogram_second_peak_spread": 0,
    "bpm_histogram_second_peak_weight": 0.0145228216425,
    "danceability": 1.03503954411,
    "onset_rate": 2.75041365623,
    "beats_loudness_band_ratio": {
        "mean": [0.52928507328, 0.207098633051, 0.0739876180887, 0.0445062294602, 0.124064184725, 0.0919474959373],
        "stdev": [0.185515761375, 0.144168183208, 0.0667768567801, 0.0511904843152, 0.0933463796973, 0.0694824680686]
    },
    "beats_position": [0.545668900013, 1.09133780003, 1.62539684772, 2.15945577621, 2.69351458549, 3.23918366432, 3.78485250473, 4.34213161469, 4.8994102478, 5.45668935776, 6.025578022, 6.59446716309, 7.17496585846, 7.73224496841, 8.28952407837, 8.83519268036, 9.38086128235, 9.91492080688, 10.4489793777, 10.9714279175, 11.4938774109, 12.0279359818, 12.5619955063, 13.0960540771, 13.6301136017, 14.1641721725, 14.6982307434, 15.2322902679, 15.7663488388, 16.2887973785, 16.8112468719, 17.3453063965, 17.8793640137, 18.4250335693, 18.970703125, 19.5047607422, 20.0388202667, 20.5728797913, 21.1069393158, 21.640996933, 22.1750564575, 22.7091159821, 23.2431735992, 23.7772331238, 24.3112926483, 24.8453502655, 25.37940979, 25.9134693146, 26.4475269318, 26.9815864563, 27.5040359497, 28.0264854431, 28.5605430603, 29.0946025848, 29.6286621094, 30.1627197266, 30.6967792511, 31.2308387756, 31.7648983002, 32.2989578247, 32.8330154419, 33.3670730591, 33.901134491, 34.4235839844, 34.9692497253, 35.5033111572, 36.0373687744, 36.5714263916, 37.1054878235, 37.6395454407, 38.1736030579, 38.7076644897, 39.2417221069, 39.7641716003, 40.2866210938, 40.8090705872, 41.3547401428, 41.88879776, 42.4228553772, 42.9569168091, 43.4909744263, 44.0250320435, 44.5590934753, 45.0931510925, 45.6272087097, 46.1612701416, 46.6953277588, 47.229385376, 47.7634468079, 48.2858963013, 48.80834198, 49.3424034119, 49.8764610291, 50.4105224609, 50.9561882019, 51.5018577576, 52.0359191895, 52.5699768066, 53.1040344238, 53.6148757935, 54.1489334106, 54.6829910278, 55.2170524597, 55.7511100769, 56.2851676941, 56.819229126, 57.3532867432, 57.8873443604, 58.4214057922, 58.9554634094, 59.4895210266, 60.0235824585, 60.5576400757, 61.0916976929, 61.6257591248, 62.1598167419, 62.6938781738, 63.227935791, 63.7619934082, 64.2844467163, 64.806892395, 65.3409500122, 65.8750076294, 66.409072876, 66.9431304932, 67.4655761719, 67.9996337891, 68.5220870972, 69.0561447144, 69.5902023315, 70.1474838257, 70.6815414429, 71.2155990601, 71.7496566772, 72.2837142944, 72.817779541, 73.3518371582, 73.8858947754, 74.4199523926, 74.9540100098, 75.488067627, 76.0221328735, 76.5561904907, 77.0902481079, 77.6243057251, 78.1583633423, 78.6924285889, 79.2497024536, 79.8069839478, 80.3874816895, 80.9447631836, 81.5020370483, 82.070930481, 82.6398162842, 83.2435379028, 83.835647583, 84.4277572632, 84.9734191895, 85.5190887451, 86.0647583008, 86.6104278564, 87.1560974121, 87.7017669678, 88.2474365234, 88.7931060791, 89.3271636963, 89.8612213135, 90.3952789307, 90.9293441772, 91.4634017944, 91.9974594116, 92.5315170288, 93.065574646, 93.5996322632, 94.1336975098, 94.667755127, 95.2018127441, 95.7358703613, 96.2583236694, 96.7807693481, 97.3032150269, 97.8372802734, 98.3829498291, 98.9170074463, 99.439453125, 99.9619064331, 100.49596405, 101.030021667, 101.552467346, 102.074920654, 102.62059021, 103.166259766, 103.700317383, 104.234375, 104.768432617, 105.302490234, 105.84815979, 106.393829346, 106.927886963, 107.46194458, 107.996009827, 108.530067444, 109.064125061, 109.598182678, 110.132240295, 110.666305542, 111.188751221, 111.734420776, 112.268478394, 112.802536011, 113.324989319, 113.870658875, 114.404716492, 114.938774109, 115.461219788, 115.983673096, 116.517730713, 117.05178833, 117.585845947, 118.119903564, 118.653968811, 119.188026428, 119.722084045, 120.256141663, 120.79019928, 121.312652588, 121.835098267, 122.369155884, 122.90322113, 123.437278748, 123.971336365, 124.505393982, 125.039451599, 125.573509216, 126.107574463, 126.64163208, 127.175689697, 127.709747314, 128.243804932, 128.777862549, 129.311920166, 129.845977783, 130.3800354, 130.914108276, 131.459777832, 131.993835449, 132.527893066, 133.050338745, 133.584396362, 134.118453979, 134.652511597, 135.186569214, 135.720626831, 136.254684448, 136.777145386, 137.311203003, 137.833648682, 138.367706299, 138.901763916, 139.435821533, 139.96987915, 140.503936768, 141.037994385, 141.572067261, 142.106124878, 142.628570557, 143.162628174, 143.708297729, 144.242355347, 144.776412964, 145.310470581, 145.844528198, 146.378585815, 146.912643433, 147.446716309, 147.980773926, 148.514831543, 149.04888916, 149.582946777, 150.105392456, 150.627838135, 151.161895752, 151.695953369, 152.230026245, 152.764083862, 153.298141479, 153.832199097, 154.366256714, 154.900314331, 155.434371948, 155.968429565, 156.502487183, 157.0365448, 157.570602417, 158.104675293, 158.63873291, 159.161178589, 159.683624268, 160.217681885, 160.751739502, 161.285797119, 161.819854736, 162.353912354, 162.887985229, 163.422042847, 163.956100464, 164.490158081, 165.024215698, 165.558273315, 166.092330933, 166.62638855, 167.160446167, 167.682891846, 168.205352783, 168.7394104, 169.273468018, 169.807525635, 170.341583252, 170.875640869, 171.409698486, 171.932144165, 172.454605103, 172.98866272, 173.522720337, 174.045166016, 174.567611694, 175.101669312, 175.635726929, 176.158187866, 176.680633545, 177.214691162, 177.748748779, 178.271194458, 178.793640137, 179.327713013, 179.86177063, 180.384216309, 180.918273926, 181.440719604, 181.974777222, 182.508834839, 183.042892456, 183.576965332, 184.111022949, 184.633468628, 185.155914307, 185.689971924, 186.224029541, 186.758087158, 187.280548096, 187.802993774, 188.337051392, 188.871109009, 189.405166626, 189.939224243, 190.47328186, 191.007339478, 191.541397095, 192.075454712, 192.609527588, 193.143585205, 193.677642822, 194.211700439, 194.745758057, 195.279815674, 195.813873291, 196.347930908, 196.881988525, 197.404434204, 197.93850708, 198.472564697, 199.006622314, 199.529067993, 200.06312561, 200.585571289, 201.119628906, 201.653686523, 202.176147461, 202.69859314, 203.221038818, 203.743484497, 204.265930176, 204.800003052, 205.32244873, 205.844894409, 206.378952026, 206.901397705, 207.423858643, 207.946304321, 208.46875, 208.991195679, 209.513641357, 210.024490356, 210.546936035, 211.069381714, 211.580215454, 212.102676392, 212.62512207, 213.147567749, 213.670013428, 214.180862427, 214.703308105, 215.214141846, 215.736587524, 216.259048462, 216.781494141, 217.303939819, 217.826385498, 218.348846436, 218.871292114, 219.393737793, 219.916183472, 220.427032471, 220.937866211, 221.46031189, 221.982757568, 222.505218506, 223.027664185, 223.561721802, 224.095779419, 224.629837036, 225.163894653, 225.697952271, 226.243621826, 226.789291382, 227.334960938, 227.880630493, 228.426300049, 228.960357666, 229.506027222, 230.051696777, 230.597366333, 231.13142395, 231.677093506, 232.222763062, 232.768432617, 233.314102173, 233.84815979, 234.382217407, 234.916275024, 235.450332642, 235.984390259, 236.530059814, 237.07572937, 237.621398926, 238.155456543, 238.701126099, 239.246795654, 239.79246521, 240.338134766, 240.883804321, 241.441085815, 241.99836731, 242.520812988, 243.043258667, 243.565704346, 244.006881714, 244.448074341, 244.889251709, 245.283981323, 245.678726196, 246.085067749, 246.479812622, 246.932601929, 247.385391235, 247.826568604, 248.27935791, 248.732147217, 249.196548462, 249.649337769, 250.078903198, 250.508468628, 250.938049316, 251.379226685, 251.820404053, 252.261581421, 252.737594604, 253.213607788, 253.701217651, 254.188842773, 254.676452637, 255.164077759, 255.640090942],
    "bpm_histogram": [0, 0, 0, 0, 0, 0, 0, 0, 0, 0, 0, 0, 0, 0, 0, 0, 0, 0, 0, 0, 0, 0, 0, 0, 0, 0, 0, 0, 0, 0, 0, 0, 0, 0, 0, 0, 0, 0, 0, 0, 0, 0, 0, 0, 0, 0, 0, 0, 0, 0, 0, 0, 0, 0, 0, 0, 0, 0, 0, 0, 0, 0, 0, 0, 0, 0, 0, 0, 0, 0, 0, 0, 0, 0, 0, 0, 0, 0, 0, 0, 0, 0, 0, 0, 0, 0, 0, 0, 0, 0, 0, 0, 0, 0, 0, 0, 0, 0, 0, 0.00207468890585, 0, 0.0041493778117, 0, 0.0041493778117, 0, 0.0082987556234, 0, 0, 0.0248962659389, 0, 0.0995850637555, 0, 0.595435678959, 0, 0, 0.190871372819, 0, 0.0145228216425, 0, 0, 0, 0, 0, 0.0082987556234, 0, 0, 0.00622406648472, 0, 0, 0.00207468890585, 0, 0, 0, 0.0103734442964, 0, 0, 0.0145228216425, 0, 0, 0, 0.00622406648472, 0, 0, 0, 0, 0, 0, 0, 0.00207468890585, 0, 0, 0, 0.00622406648472, 0, 0, 0, 0, 0, 0, 0, 0, 0, 0, 0, 0, 0, 0, 0, 0, 0, 0, 0, 0, 0, 0, 0, 0, 0, 0, 0, 0, 0, 0, 0, 0, 0, 0, 0, 0, 0, 0, 0, 0, 0, 0, 0, 0, 0, 0, 0, 0, 0, 0, 0, 0, 0, 0, 0, 0, 0, 0, 0, 0, 0, 0, 0, 0, 0, 0, 0, 0, 0, 0, 0, 0, 0, 0, 0, 0, 0, 0, 0, 0, 0, 0, 0, 0, 0, 0, 0, 0, 0, 0, 0, 0, 0, 0, 0, 0, 0]
},
"tonal": {
    "chords_changes_rate": 0.0349574349821,
    "chords_number_rate": 0.00144901289605,
    "chords_strength": {
        "mean": 0.586381614208,
        "stdev": 0.101216606796
    },
    "hpcp_crest": {
        "mean": 12.158036232,
        "stdev": 6.4326543808
    },
    "hpcp_entropy": {
        "mean": 2.31628727913,
        "stdev": 0.805852174759
    },
    "key_edma": {
        "strength": 0.878399968147,
        "key": "A",
        "scale": "major"
    },
    "key_krumhansl": {
        "strength": 0.873646914959,
        "key": "A",
        "scale": "major"
    },
    "key_temperley": {
        "strength": 0.860084354877,
        "key": "A",
        "scale": "major"
    },
    "tuning_diatonic_strength": 0.652035593987,
    "tuning_equal_tempered_deviation": 0.0396376810968,
    "tuning_frequency": 443.572570801,
    "tuning_nontempered_energy_ratio": 0.72205811739,
    "hpcp": {
        "mean": [0.281299293041, 0.155481159687, 0.0820622518659, 0.069920219481, 0.0746569037437, 0.146613925695, 0.196188017726, 0.130653694272, 0.0750360041857, 0.0683225989342, 0.0850493684411, 0.1981921345, 0.309080779552, 0.219925135374, 0.104859769344, 0.08376634866, 0.0692647472024, 0.0831394344568, 0.0974567607045, 0.0971657037735, 0.210502237082, 0.301210016012, 0.19113111496, 0.0929122045636, 0.072739303112, 0.0654893815517, 0.110687427223, 0.145174533129, 0.117585539818, 0.0895901843905, 0.0797356069088, 0.0796945765615, 0.14907567203, 0.214221328497, 0.193788871169, 0.258726358414],
        "stdev": [0.378299981356, 0.250875890255, 0.185944706202, 0.164751186967, 0.170165538788, 0.227753341198, 0.290682554245, 0.221442162991, 0.178323403001, 0.171268165112, 0.180780738592, 0.256670624018, 0.359476417303, 0.277412891388, 0.179338619113, 0.154943272471, 0.138324663043, 0.15272821486, 0.173407956958, 0.155192494392, 0.244340538979, 0.335471272469, 0.226181969047, 0.157685309649, 0.136649474502, 0.137688815594, 0.207103431225, 0.256247878075, 0.222826704383, 0.1892978549, 0.170059680939, 0.158544316888, 0.195413574576, 0.255060970783, 0.230211511254, 0.329301208258]
    },
    "chords_histogram": [33.5989875793, 34.5770683289, 18.4205760956, 0, 0.307915240526, 0, 1.26788628101, 0, 1.53957617283, 0, 0.760731756687, 0.16301394999, 1.6301394701, 0, 0, 0, 0, 0.362253218889, 0.036225322634, 0, 1.4309002161, 0, 0.760731756687, 5.14399576187],
    "thpcp": [1, 0.711545825005, 0.339263319969, 0.271017670631, 0.224099174142, 0.26898932457, 0.315311610699, 0.314369946718, 0.681058943272, 0.974534928799, 0.618385612965, 0.300608158112, 0.235340759158, 0.211884349585, 0.358118116856, 0.469697713852, 0.380436271429, 0.289860099554, 0.257976591587, 0.257843852043, 0.482319444418, 0.69309169054, 0.626984536648, 0.837083280087, 0.910115778446, 0.50304377079, 0.265504211187, 0.226219892502, 0.241544961929, 0.474354714155, 0.634746730328, 0.422716975212, 0.24277150631, 0.221050947905, 0.27516874671, 0.641230881214],
    "chords_key": "C#",
    "chords_scale": "minor"
}
}