{
"metadata": {
    "version": {
        "essentia": "2.1-dev",
        "essentia_git_sha": "v2.1_beta3-415-gd5473f3",
        "extractor": "music 2.0"
    },
    "audio_properties": {
        "analysis": {
            "equal_loudness": 0,
            "length": 294.530609131,
            "sample_rate": 44100,
            "start_time": 0,
            "downmix": "mix"
        },
        "bit_rate": 128000,
        "length": 294.530609131,
        "lossless": 0,
        "number_channels": 2,
        "replay_gain": -5.34122848511,
        "sample_rate": 44100,
        "codec": "mp3",
        "md5_encoded": "64e9b5fd50d97548cfa58364d1b23dca"
    },
    "tags": {
        "file_name": "candlebox-far_behind.mp3",
        "date": ["0"],
        "title": ["Candlebox - Far Behind"]
    }
},
"lowlevel": {
    "average_loudness": 0.892089664936,
    "barkbands_crest": {
        "mean": 10.9008769989,
        "stdev": 3.90299892426
    },
    "barkbands_flatness_db": {
        "mean": 0.187794581056,
        "stdev": 0.0784389227629
    },
    "barkbands_kurtosis": {
        "mean": 21.4233608246,
        "stdev": 218.25617981
    },
    "barkbands_skewness": {
        "mean": 2.15173816681,
        "stdev": 3.62936425209
    },
    "barkbands_spread": {
        "mean": 17.0595550537,
        "stdev": 10.7685089111
    },
    "dissonance": {
        "mean": 0.45305198431,
        "stdev": 0.0388282127678
    },
    "dynamic_complexity": 3.30571556091,
    "erbbands_crest": {
        "mean": 11.1339874268,
        "stdev": 5.5945186615
    },
    "erbbands_flatness_db": {
        "mean": 0.187678933144,
        "stdev": 0.0572695806623
    },
    "erbbands_kurtosis": {
        "mean": 0.990292727947,
        "stdev": 3.77659440041
    },
    "erbbands_skewness": {
        "mean": 0.441987872124,
        "stdev": 0.974755525589
    },
    "erbbands_spread": {
        "mean": 36.4106636047,
        "stdev": 17.7451038361
    },
    "hfc": {
        "mean": 19.491268158,
        "stdev": 13.7528028488
    },
    "loudness_ebu128": {
        "integrated": -16.2752017975,
        "loudness_range": 5.46272087097,
        "momentary": {
            "mean": -17.7170772552,
            "stdev": 5.49022054672
        },
        "short_term": {
            "mean": -17.1567802429,
            "stdev": 3.14900565147
        }
    },
    "melbands_crest": {
        "mean": 16.7521286011,
        "stdev": 5.92317771912
    },
    "melbands_flatness_db": {
        "mean": 0.260593354702,
        "stdev": 0.0929735898972
    },
    "melbands_kurtosis": {
        "mean": 25.813419342,
        "stdev": 121.742019653
    },
    "melbands_skewness": {
        "mean": 3.1912279129,
        "stdev": 2.79356455803
    },
    "melbands_spread": {
        "mean": 16.3383483887,
        "stdev": 11.8915510178
    },
    "pitch_salience": {
        "mean": 0.484201550484,
        "stdev": 0.12159653008
    },
    "silence_rate_20dB": {
        "mean": 1,
        "stdev": 0
    },
    "silence_rate_30dB": {
        "mean": 0.979189634323,
        "stdev": 0.142744928598
    },
    "silence_rate_60dB": {
        "mean": 0.0636922568083,
        "stdev": 0.244171321392
    },
    "spectral_centroid": {
        "mean": 1092.46081543,
        "stdev": 559.942993164
    },
    "spectral_complexity": {
        "mean": 19.6143779755,
        "stdev": 11.1098546982
    },
    "spectral_decrease": {
        "mean": -9.90161730385e-09,
        "stdev": 7.25658688694e-09
    },
    "spectral_energy": {
        "mean": 0.0391389392316,
        "stdev": 0.0282844100147
    },
    "spectral_energyband_high": {
        "mean": 0.000487624958623,
        "stdev": 0.000497298722621
    },
    "spectral_energyband_low": {
        "mean": 0.019809326157,
        "stdev": 0.0214454755187
    },
    "spectral_energyband_middle_high": {
        "mean": 0.00578480865806,
        "stdev": 0.00652275700122
    },
    "spectral_energyband_middle_low": {
        "mean": 0.0148451840505,
        "stdev": 0.0119212307036
    },
    "spectral_entropy": {
        "mean": 7.23638868332,
        "stdev": 0.656385838985
    },
    "spectral_flux": {
        "mean": 0.0863655954599,
        "stdev": 0.0556135103106
    },
    "spectral_kurtosis": {
        "mean": 6.97460365295,
        "stdev": 11.7317943573
    },
    "spectral_rms": {
        "mean": 0.00572515651584,
        "stdev": 0.00232525565661
    },
    "spectral_rolloff": {
        "mean": 890.886169434,
        "stdev": 811.576721191
    },
    "spectral_skewness": {
        "mean": 1.62514150143,
        "stdev": 0.968085825443
    },
    "spectral_spread": {
        "mean": 3542828.5,
        "stdev": 1154447.375
    },
    "spectral_strongpeak": {
        "mean": 0.938891530037,
        "stdev": 1.24917817116
    },
    "zerocrossingrate": {
        "mean": 0.0385509319603,
        "stdev": 0.0213277600706
    },
    "barkbands": {
        "mean": [0.000209201258258, 0.0101326266304, 0.00809445697814, 0.00259461067617, 0.00367332063615, 0.0026667304337, 0.00171729258727, 0.00119109300431, 0.00226177996956, 0.00178709346801, 0.000639555510134, 0.000512328930199, 0.000301523337839, 0.000363516388461, 0.000390613276977, 0.000464175565867, 0.000994383008219, 0.000379213714041, 0.000172754225787, 0.000215969339479, 0.00019261885609, 9.77005620371e-05, 4.17543960793e-05, 2.60334563791e-05, 1.43218248922e-05, 4.11865448768e-06, 1.3549535538e-07],
        "stdev": [0.000453326763818, 0.0143086193129, 0.00997687131166, 0.00333788315766, 0.00519340578467, 0.00409056292847, 0.00341264810413, 0.00292504415847, 0.00476119667292, 0.00476316083223, 0.00174050149508, 0.00112629204523, 0.000768400961533, 0.000603320135269, 0.000591332733165, 0.000693988753483, 0.00179940054659, 0.000525497714989, 0.000270411954261, 0.000234735605773, 0.000198049587198, 0.000143158235005, 6.96808347129e-05, 5.32789053977e-05, 2.98126196867e-05, 8.63189507072e-06, 4.17186925006e-07]
    },
    "erbbands": {
        "mean": [0.128002092242, 2.84006237984, 10.0218820572, 8.62425518036, 10.2453699112, 12.6902341843, 17.6124534607, 20.8686084747, 24.8788166046, 21.5086860657, 34.8181648254, 56.4179801941, 56.5844192505, 42.501789093, 22.8508911133, 23.8770561218, 15.9322662354, 17.2871723175, 18.597869873, 25.7004318237, 32.4435539246, 49.6221618652, 23.2282009125, 13.5898046494, 9.01034355164, 10.1835565567, 9.7865447998, 5.56002616882, 3.66207790375, 2.25307393074, 1.08166432381, 0.641917705536, 0.381600767374, 0.201216027141, 0.0817328169942, 0.0249303281307, 0.00643735844642, 0.000842317414936, 3.905097401e-05, 4.57119858766e-05],
        "stdev": [0.304004311562, 3.6826543808, 12.1689958572, 9.12634849548, 13.986998558, 21.0956325531, 29.3974781036, 37.3630180359, 49.8757972717, 50.1189956665, 84.7225112915, 126.653411865, 147.84425354, 120.008033752, 59.0306510925, 49.16771698, 36.5830879211, 29.6525936127, 27.9470176697, 37.1832275391, 51.8676147461, 80.9568405151, 28.1238861084, 24.46134758, 9.8656835556, 11.133898735, 9.9442024231, 6.50495624542, 5.44222974777, 3.47531938553, 1.85871827602, 1.21645593643, 0.844396650791, 0.44423276186, 0.165663063526, 0.0509404949844, 0.0139731653035, 0.00198412197642, 4.91756909469e-05, 3.21410589095e-05]
    },
    "gfcc": {
        "mean": [-27.1194667816, 131.827026367, -123.304954529, 45.4830665588, -49.3446998596, 4.47904682159, -29.9000358582, 4.83089065552, -16.1801128387, -6.17635536194, -17.6122703552, -6.5253329277, -4.09324455261],
        "cov": [[12722.0966797, -1997.63269043, -1174.33544922, 908.354858398, -862.741821289, 834.612915039, 32.1412315369, 694.88293457, -186.921783447, 393.724273682, -407.947143555, 331.671112061, -75.9796981812], [-1997.63269043, 1284.96972656, -82.1211547852, -351.501312256, 309.431854248, -411.212127686, 86.4946365356, -238.044799805, 89.1929626465, -230.286407471, 137.238113403, -199.078262329, 91.7217254639], [-1174.33544922, -82.1211547852, 959.125610352, 60.1417579651, 44.2778968811, 178.222900391, -53.2868347168, 6.79801607132, -10.1267318726, 87.9770278931, -1.15846097469, 52.9111404419, -65.3284225464], [908.354858398, -351.501312256, 60.1417579651, 443.073669434, 0.999164700508, 145.407974243, -0.147207647562, 83.5982971191, 54.2219314575, 76.3817825317, 24.1355705261, 64.6186218262, 21.483297348], [-862.741821289, 309.431854248, 44.2778968811, 0.999164700508, 322.151000977, -61.9745368958, 44.2246894836, -28.0635223389, 37.7171020508, -48.8080444336, 65.185546875, -12.4471349716, 21.7751502991], [834.612915039, -411.212127686, 178.222900391, 145.407974243, -61.9745368958, 368.878723145, 85.8885955811, 109.806098938, -36.6467018127, 78.452835083, -28.8301372528, 79.6053085327, -34.3918495178], [32.1412315369, 86.4946365356, -53.2868347168, -0.147207647562, 44.2246894836, 85.8885955811, 212.336853027, 53.8977394104, 24.2406253815, -13.3318328857, 12.5933074951, -23.5669212341, 28.2684574127], [694.88293457, -238.044799805, 6.79801607132, 83.5982971191, -28.0635223389, 109.806098938, 53.8977394104, 181.495956421, 32.7207069397, 60.6088027954, -44.2182312012, 39.1700744629, -0.868998348713], [-186.921783447, 89.1929626465, -10.1267318726, 54.2219314575, 37.7171020508, -36.6467018127, 24.2406253815, 32.7207069397, 132.86541748, 20.167722702, 21.9860248566, -23.4977664948, 24.8714942932], [393.724273682, -230.286407471, 87.9770278931, 76.3817825317, -48.8080444336, 78.452835083, -13.3318328857, 60.6088027954, 20.167722702, 140.5206604, 3.34027910233, 42.1069946289, -25.4366550446], [-407.947143555, 137.238113403, -1.15846097469, 24.1355705261, 65.185546875, -28.8301372528, 12.5933074951, -44.2182312012, 21.9860248566, 3.34027910233, 121.34790802, 15.2778530121, 14.6095571518], [331.671112061, -199.078262329, 52.9111404419, 64.6186218262, -12.4471349716, 79.6053085327, -23.5669212341, 39.1700744629, -23.4977664948, 42.1069946289, 15.2778530121, 119.042610168, 7.03682804108], [-75.9796981812, 91.7217254639, -65.3284225464, 21.483297348, 21.7751502991, -34.3918495178, 28.2684574127, -0.868998348713, 24.8714942932, -25.4366550446, 14.6095571518, 7.03682804108, 93.2607421875]],
        "icov": [[0.000348762085196, -0.000917771249078, 0.000754704931751, -0.00101530749816, 0.000814901082776, -0.000799859408289, 0.000464544427814, -0.000940328463912, 0.000912889663596, -0.000978270079941, 0.00130113109481, -0.000949871377088, 0.000672074733302], [-0.000917771249078, 0.0071784616448, -0.0028237849474, 0.00497256219387, -0.00410982174799, 0.00438475143164, -0.00305311894044, 0.00434734905139, -0.00442598713562, 0.00563301937655, -0.00668148184195, 0.00595315918326, -0.00407447526231], [0.000754704931751, -0.0028237849474, 0.00312569597736, -0.00244710384868, 0.00157741399016, -0.00306612858549, 0.00195604818873, -0.00186430348549, 0.00200599315576, -0.00327342911623, 0.00358591531403, -0.00270944996737, 0.00225090095773], [-0.00101530749816, 0.00497256219387, -0.00244710384868, 0.00738129252568, -0.00358935445547, 0.00176067149732, -0.000984766636975, 0.00298412516713, -0.00499157560989, 0.00371125270613, -0.00620469357818, 0.0042498614639, -0.00432379217818], [0.000814901082776, -0.00410982174799, 0.00157741399016, -0.00358935445547, 0.0068892701529, -0.00184402591549, 0.000699089840055, -0.00322115514427, 0.00225384905934, -0.00177968922071, 0.002543350216, -0.00417002523318, 0.00293694715947], [-0.000799859408289, 0.00438475143164, -0.00306612858549, 0.00176067149732, -0.00184402591549, 0.00937927700579, -0.00568817090243, 0.00197611539625, -0.00101946189534, 0.00301523366943, -0.00347454473376, 0.000924064486753, -0.000316646153806], [0.000464544427814, -0.00305311894044, 0.00195604818873, -0.000984766636975, 0.000699089840055, -0.00568817090243, 0.00976438354701, -0.00472089042887, 0.00151934742462, -0.00152108236216, 0.000505283998791, 0.00147806946188, -0.00129704887513], [-0.000940328463912, 0.00434734905139, -0.00186430348549, 0.00298412516713, -0.00322115514427, 0.00197611539625, -0.00472089042887, 0.0141201540828, -0.00656891334802, 0.00102465471718, 0.000523898634128, 0.000255463295616, -0.00206170463935], [0.000912889663596, -0.00442598713562, 0.00200599315576, -0.00499157560989, 0.00225384905934, -0.00101946189534, 0.00151934742462, -0.00656891334802, 0.0148949911818, -0.00620941631496, 0.00252804905176, 5.48540338059e-05, 0.000161696327268], [-0.000978270079941, 0.00563301937655, -0.00327342911623, 0.00371125270613, -0.00177968922071, 0.00301523366943, -0.00152108236216, 0.00102465471718, -0.00620941631496, 0.0164328552783, -0.00785778649151, 0.00273501756601, -0.000324338063365], [0.00130113109481, -0.00668148184195, 0.00358591531403, -0.00620469357818, 0.002543350216, -0.00347454473376, 0.000505283998791, 0.000523898634128, 0.00252804905176, -0.00785778649151, 0.0198819283396, -0.0100393472239, 0.00437458138913], [-0.000949871377088, 0.00595315918326, -0.00270944996737, 0.0042498614639, -0.00417002523318, 0.000924064486753, 0.00147806946188, 0.000255463295616, 5.48540338059e-05, 0.00273501756601, -0.0100393472239, 0.0198491867632, -0.00783059559762], [0.000672074733302, -0.00407447526231, 0.00225090095773, -0.00432379217818, 0.00293694715947, -0.000316646153806, -0.00129704887513, -0.00206170463935, 0.000161696327268, -0.000324338063365, 0.00437458138913, -0.00783059559762, 0.0171955600381]]
    },
    "melbands": {
        "mean": [0.00198622373864, 0.00493267690763, 0.00157805869821, 0.000852983095683, 0.000592608354054, 0.000488602730911, 0.000368490786059, 0.000215440901229, 0.000317586527672, 0.000340961298207, 0.000274134654319, 0.000174618660822, 8.35582395666e-05, 5.58185893169e-05, 4.85636956e-05, 3.12076699629e-05, 3.21798033838e-05, 2.94044293696e-05, 3.07419941237e-05, 3.2813706639e-05, 4.26952392445e-05, 5.81419153605e-05, 3.09397073579e-05, 1.71570209204e-05, 1.01943005575e-05, 5.82677057537e-06, 7.16680597179e-06, 6.53818869978e-06, 6.32638784737e-06, 4.83692656417e-06, 2.65970334112e-06, 2.1230589482e-06, 1.72388820374e-06, 1.04359799025e-06, 6.47537433451e-07, 4.55942995359e-07, 3.62383786978e-07, 2.75646527825e-07, 2.13721605746e-07, 1.55945727442e-07],
        "stdev": [0.00330644403584, 0.0055938330479, 0.00155501870904, 0.0013352711685, 0.000865800015163, 0.000812501006294, 0.000723416218534, 0.000497217988595, 0.000767269229982, 0.000777908542659, 0.000755670829676, 0.000519152905326, 0.000223776281928, 0.000124319165479, 9.98838586383e-05, 8.44387031975e-05, 5.94907760387e-05, 4.88916739414e-05, 4.52557251265e-05, 5.21994261362e-05, 8.36954277474e-05, 0.000107987798401, 5.37790401722e-05, 2.78891930066e-05, 2.1656996978e-05, 7.00518103258e-06, 8.6450136223e-06, 7.76739580033e-06, 7.04175272404e-06, 5.45608008906e-06, 3.55937299901e-06, 3.3048743262e-06, 2.65184735326e-06, 1.70156170043e-06, 1.14296835818e-06, 8.84694316028e-07, 7.28867291855e-07, 6.55506994462e-07, 4.75151324508e-07, 3.57900717063e-07]
    },
    "melbands128": {
        "mean": [0.000109698652523, 0.000535089115147, 0.00225787074305, 0.00566020840779, 0.0060203471221, 0.00337118422613, 0.0017181156436, 0.00119601888582, 0.000981094432063, 0.000978516880423, 0.000738952949177, 0.000500206835568, 0.00062558875652, 0.000640250742435, 0.000489862868562, 0.0003797809768, 0.000479012815049, 0.000355924479663, 0.000272750767181, 0.000260178232566, 0.000151558953803, 0.000179852926522, 0.00039867052692, 0.000317962549161, 0.000473234598758, 0.000250179873547, 0.000248627184192, 0.00035165794543, 0.000219413894229, 0.000195300613996, 0.000177566995262, 8.48935596878e-05, 0.000101919409644, 5.85085181228e-05, 3.28423484461e-05, 5.76503916818e-05, 9.53608177952e-05, 3.75359559257e-05, 3.14918215736e-05, 3.80260607926e-05, 2.50802240771e-05, 3.18625134241e-05, 3.18085949402e-05, 3.44222971762e-05, 3.09282550006e-05, 2.57205065282e-05, 3.18183338095e-05, 2.53958096437e-05, 2.95318022836e-05, 4.76195382362e-05, 3.18878228427e-05, 2.02608134714e-05, 2.90120424324e-05, 4.60074188595e-05, 8.82944950718e-05, 5.35038125236e-05, 4.16544608015e-05, 4.59337097709e-05, 2.18515797314e-05, 1.23532754515e-05, 1.95390748559e-05, 1.81358100235e-05, 1.43132956509e-05, 6.82296149535e-06, 5.30810348209e-06, 5.87701151744e-06, 5.43679061593e-06, 7.7394370237e-06, 6.99138627169e-06, 7.67145047575e-06, 6.5558838287e-06, 6.01820602242e-06, 6.02408181294e-06, 6.64068284095e-06, 6.4452742663e-06, 5.29620501766e-06, 4.09867698181e-06, 3.11723920277e-06, 2.42445435106e-06, 2.19203525376e-06, 2.25480289373e-06, 2.0708177999e-06, 1.86083570952e-06, 1.79479445706e-06, 1.56490557401e-06, 1.08952679057e-06, 9.31309273255e-07, 7.57661723583e-07, 6.60198850255e-07, 5.47554407149e-07, 4.6315406621e-07, 4.4880212613e-07, 4.00413512125e-07, 3.89651575006e-07, 3.11662745389e-07, 2.92558297588e-07, 2.71688065823e-07, 2.46389049607e-07, 2.30004104651e-07, 1.84146045967e-07, 1.71670237137e-07, 1.54129480734e-07, 1.37310195214e-07, 1.12465329494e-07, 8.99782790498e-08, 7.18383859066e-08, 5.95872080567e-08, 5.17612939177e-08, 3.97255952578e-08, 3.21571498318e-08, 2.68576272333e-08, 2.38685107234e-08, 1.9143124419e-08, 1.53400687708e-08, 1.25801538076e-08, 8.44349390405e-09, 5.26946930535e-09, 5.19513709829e-10, 5.98808329311e-12, 5.85183290713e-12, 5.69041602033e-12, 5.57212652755e-12, 5.45661519441e-12, 5.35780317681e-12, 5.29003750527e-12, 5.23912510597e-12, 5.20118887196e-12, 5.16470676989e-12],
        "stdev": [0.000324697699398, 0.00207432522438, 0.00484765926376, 0.00717400526628, 0.0076173003763, 0.00403292709962, 0.00207549217157, 0.00168396695517, 0.00164323591162, 0.00209618452936, 0.00164972862694, 0.000822373607662, 0.00138186302502, 0.00118140981067, 0.00122341758106, 0.000924978230614, 0.00128040893469, 0.00095356721431, 0.00084288866492, 0.000836410210468, 0.000507020624354, 0.000579912331887, 0.00130597606767, 0.000964072416537, 0.00141903944314, 0.000841334054712, 0.000908216170501, 0.00122689560521, 0.000902625557501, 0.000791212078184, 0.000711012224201, 0.000284286274109, 0.000362175196642, 0.00026199608692, 0.000156870883075, 0.000153983768541, 0.000241463581915, 0.000124464844703, 9.42095939536e-05, 0.000140958523843, 0.000114314178063, 8.58521379996e-05, 7.99332919996e-05, 9.23034749576e-05, 6.61281155772e-05, 7.35787471058e-05, 7.22669938114e-05, 6.57711934764e-05, 5.97925645707e-05, 0.000102423946373, 7.45869765524e-05, 4.82549257868e-05, 6.8999848736e-05, 0.000132934379508, 0.00027244258672, 0.000122678466141, 9.7484109574e-05, 0.000123345962493, 4.03678168368e-05, 1.72315249074e-05, 4.17960800405e-05, 4.35505535279e-05, 4.72214596812e-05, 1.82322837645e-05, 8.82611402631e-06, 8.94715594768e-06, 8.7349808382e-06, 1.20854783745e-05, 1.12935340439e-05, 1.21778512039e-05, 1.01022269519e-05, 1.01368877949e-05, 9.60800025496e-06, 9.36987635214e-06, 8.67999551701e-06, 7.95368941908e-06, 6.30488466413e-06, 4.66532992505e-06, 3.90415198126e-06, 3.52819120053e-06, 3.83388351111e-06, 3.85242947232e-06, 3.29658564624e-06, 2.95086488222e-06, 2.72777447208e-06, 2.00032991415e-06, 1.68451458649e-06, 1.38809252803e-06, 1.28163355839e-06, 1.10901839889e-06, 9.67975211097e-07, 1.01641921901e-06, 8.3172540144e-07, 7.5686460832e-07, 8.03675220595e-07, 7.99840961463e-07, 6.70690440074e-07, 5.83588018799e-07, 5.13055908868e-07, 4.81690790366e-07, 4.40739853502e-07, 3.72228612378e-07, 3.077829831e-07, 2.63210580442e-07, 1.95293836214e-07, 1.5520880936e-07, 1.32891145199e-07, 1.13584000871e-07, 8.65842793019e-08, 7.71684511847e-08, 6.09876380508e-08, 5.81385179999e-08, 4.45635848223e-08, 3.58301868175e-08, 3.02508489369e-08, 2.25433609558e-08, 1.60695581286e-08, 2.35590835729e-09, 9.22394018804e-12, 9.43469868203e-12, 8.70776974832e-12, 8.49928634417e-12, 8.33157327851e-12, 8.18836057986e-12, 8.06641038686e-12, 7.97312736667e-12, 7.90418425156e-12, 7.85947695814e-12]
    },
    "mfcc": {
        "mean": [-660.694030762, 145.175888062, -4.28090047836, 39.4241638184, 5.72165727615, 7.2844119072, -2.82514810562, 5.83803367615, 7.88390636444, -1.44913327694, -4.11374998093, 3.18283724785, -2.89364004135],
        "cov": [[10641.4873047, -1179.33398438, -1119.50891113, 351.342681885, -561.508850098, 182.991531372, 93.7503128052, 294.944549561, 288.563995361, 224.975311279, 9.95598125458, 55.7403564453, -39.2405014038], [-1179.33398438, 1120.48986816, -77.7324447632, -71.7813644409, 15.8457527161, -120.081886292, -35.1238250732, -67.3595657349, -32.5565834045, -47.2743835449, -53.7663955688, -20.1306362152, -20.1944541931], [-1119.50891113, -77.7324447632, 716.794372559, -14.1664104462, 104.605514526, 108.145759583, 28.0197277069, -12.2931375504, -17.7222633362, -7.84572267532, 65.7540664673, -13.4931621552, 26.3867931366], [351.342681885, -71.7813644409, -14.1664104462, 304.521881104, 87.5564804077, 32.0464134216, -5.71581602097, 16.2065982819, 40.1575050354, 40.4767150879, -0.462410837412, 55.3916969299, 36.5608940125], [-561.508850098, 15.8457527161, 104.605514526, 87.5564804077, 242.208145142, 27.8704891205, -6.37676858902, 8.56684303284, -18.0046482086, -18.8971557617, 6.97634506226, 32.8555679321, 29.0578708649], [182.991531372, -120.081886292, 108.145759583, 32.0464134216, 27.8704891205, 184.123657227, 89.6792602539, 48.8875389099, 13.0683364868, 15.436252594, 50.224571228, 7.90078878403, -1.09765589237], [93.7503128052, -35.1238250732, 28.0197277069, -5.71581602097, -6.37676858902, 89.6792602539, 185.369171143, 79.7375183105, 27.4132900238, 24.515668869, 31.7836265564, 5.29962539673, -1.19633102417], [294.944549561, -67.3595657349, -12.2931375504, 16.2065982819, 8.56684303284, 48.8875389099, 79.7375183105, 137.648529053, 58.6187286377, 22.9420394897, 21.4834747314, 2.81808710098, -4.68819665909], [288.563995361, -32.5565834045, -17.7222633362, 40.1575050354, -18.0046482086, 13.0683364868, 27.4132900238, 58.6187286377, 143.111129761, 74.9511260986, 9.74139881134, 7.47213125229, 0.313572436571], [224.975311279, -47.2743835449, -7.84572267532, 40.4767150879, -18.8971557617, 15.436252594, 24.515668869, 22.9420394897, 74.9511260986, 116.259963989, 35.1342697144, 6.95990228653, 8.12706851959], [9.95598125458, -53.7663955688, 65.7540664673, -0.462410837412, 6.97634506226, 50.224571228, 31.7836265564, 21.4834747314, 9.74139881134, 35.1342697144, 103.68536377, 30.6966304779, 2.23289394379], [55.7403564453, -20.1306362152, -13.4931621552, 55.3916969299, 32.8555679321, 7.90078878403, 5.29962539673, 2.81808710098, 7.47213125229, 6.95990228653, 30.6966304779, 99.1642456055, 44.6529006958], [-39.2405014038, -20.1944541931, 26.3867931366, 36.5608940125, 29.0578708649, -1.09765589237, -1.19633102417, -4.68819665909, 0.313572436571, 8.12706851959, 2.23289394379, 44.6529006958, 84.7457427979]],
        "icov": [[0.000178460948518, 0.000144347039168, 0.000254252285231, -0.000213434745092, 0.000411445333157, -0.000264223810518, 0.000154445282533, -0.000255746068433, -6.31068251096e-05, -4.17563969677e-05, 3.14144126605e-05, -3.28828027705e-05, -5.78541539653e-06], [0.000144347039168, 0.00113402295392, 0.000266191840637, 8.84908968146e-06, 4.37638009316e-05, 0.000434089888586, -0.00025984441163, 0.000314309203532, -0.000251720863162, 0.000240899898927, 0.00014771115093, -1.36378439493e-05, 0.000235828905716], [0.000254252285231, 0.000266191840637, 0.00222172681242, -5.095972665e-05, -0.000240662222495, -0.00125600339379, 0.000192059698747, 0.000422600802267, -0.000543340225704, 0.000532110279892, -0.00130849517882, 0.00130197010003, -0.00109683605842], [-0.000213434745092, 8.84908968146e-06, -5.095972665e-05, 0.004924824927, -0.00204493873753, -0.000827643147204, 0.000578117149416, 0.000200537368073, -0.000384393060813, -0.00180686987005, 0.00170642859302, -0.00221115886234, -0.000200996219064], [0.000411445333157, 4.37638009316e-05, -0.000240662222495, -0.00204493873753, 0.00646996730939, -0.00103598262649, 0.00102800806053, -0.00178159656934, 0.000809732940979, 0.000756794121116, 0.000243569113081, -0.00106137280818, -0.000680553086568], [-0.000264223810518, 0.000434089888586, -0.00125600339379, -0.000827643147204, -0.00103598262649, 0.00963693764061, -0.00396163435653, -4.3864150939e-05, 9.70836699707e-05, 0.00101763452403, -0.00294936564751, 0.000841129571199, 0.000687486375682], [0.000154445282533, -0.00025984441163, 0.000192059698747, 0.000578117149416, 0.00102800806053, -0.00396163435653, 0.00926772784442, -0.00475850049406, 0.00102733273525, -0.00163904554211, 0.000424949947046, -0.000790525402408, -0.000277112441836], [-0.000255746068433, 0.000314309203532, 0.000422600802267, 0.000200537368073, -0.00178159656934, -4.3864150939e-05, -0.00475850049406, 0.0130084296688, -0.00543980719522, 0.00276543432847, -0.00203370209783, 0.00145818525925, 4.13368616137e-05], [-6.31068251096e-05, -0.000251720863162, -0.000543340225704, -0.000384393060813, 0.000809732940979, 9.70836699707e-05, 0.00102733273525, -0.00543980719522, 0.013636845164, -0.00863492302597, 0.00317207630724, -0.00212967046537, 0.00149916880764], [-4.17563969677e-05, 0.000240899898927, 0.000532110279892, -0.00180686987005, 0.000756794121116, 0.00101763452403, -0.00163904554211, 0.00276543432847, -0.00863492302597, 0.0168117228895, -0.00673443637788, 0.00364110548981, -0.00278591387905], [3.14144126605e-05, 0.00014771115093, -0.00130849517882, 0.00170642859302, 0.000243569113081, -0.00294936564751, 0.000424949947046, -0.00203370209783, 0.00317207630724, -0.00673443637788, 0.0163469966501, -0.00736730545759, 0.00357799814083], [-3.28828027705e-05, -1.36378439493e-05, 0.00130197010003, -0.00221115886234, -0.00106137280818, 0.000841129571199, -0.000790525402408, 0.00145818525925, -0.00212967046537, 0.00364110548981, -0.00736730545759, 0.0178445447236, -0.00857515074313], [-5.78541539653e-06, 0.000235828905716, -0.00109683605842, -0.000200996219064, -0.000680553086568, 0.000687486375682, -0.000277112441836, 4.13368616137e-05, 0.00149916880764, -0.00278591387905, 0.00357799814083, -0.00857515074313, 0.0172080099583]]
    },
    "spectral_contrast_coeffs": {
        "mean": [-0.673027455807, -0.728741705418, -0.753487169743, -0.791778385639, -0.78408074379, -0.728614211082],
        "stdev": [0.0788803622127, 0.0869270116091, 0.0760572403669, 0.0503526590765, 0.0456235818565, 0.0521462894976]
    },
    "spectral_contrast_valleys": {
        "mean": [-6.56578540802, -6.84260654449, -7.59364700317, -7.77975177765, -7.75455951691, -11.1668796539],
        "stdev": [1.13840615749, 1.05482411385, 1.15117311478, 1.20603382587, 1.44689011574, 1.44161021709]
    }
},
"rhythm": {
    "beats_count": 476,
    "beats_loudness": {
        "mean": 0.0490162856877,
        "stdev": 0.0295359101146
    },
    "bpm": 89.8099517822,
    "bpm_histogram_first_peak_bpm": 89,
    "bpm_histogram_first_peak_weight": 0.438642323017,
    "bpm_histogram_second_peak_bpm": 178,
    "bpm_histogram_second_peak_spread": 0,
    "bpm_histogram_second_peak_weight": 0.050526317209,
    "danceability": 1.09510540962,
    "onset_rate": 3.22531223297,
    "beats_loudness_band_ratio": {
        "mean": [0.540972709656, 0.216950148344, 0.161555603147, 0.0699164643884, 0.0548559911549, 0.0221432521939],
        "stdev": [0.22042901814, 0.165193542838, 0.151944309473, 0.0863685309887, 0.0494334883988, 0.0243573822081]
    },
    "beats_position": [0.336689323187, 0.673378646374, 1.02167797089, 1.369977355, 1.70666658878, 2.04335594177, 2.38004541397, 2.71673464775, 3.05342388153, 3.39011335373, 3.7151927948, 4.04027223587, 4.37696123123, 4.71365070343, 5.05034017563, 5.38702917099, 5.73532867432, 6.09523820877, 6.45514726639, 6.81505680084, 7.17496585846, 7.5464849472, 7.91800451279, 8.27791404724, 8.63782310486, 8.99773216248, 9.35764122009, 9.70594120026, 10.0542402267, 10.4025392532, 10.7392292023, 11.0759181976, 11.412607193, 11.749297142, 12.0743761063, 12.4110651016, 12.7477550507, 13.084444046, 13.4211339951, 13.7694330215, 14.1061220169, 14.4428119659, 14.7911109924, 15.1394100189, 15.4993190765, 15.8360090256, 16.1843090057, 16.5326080322, 16.8809070587, 17.2292060852, 17.5775051117, 17.9374141693, 18.2857131958, 18.6340141296, 18.9939231873, 19.3538322449, 19.7137413025, 20.0736503601, 20.4103393555, 20.7470283508, 21.246257782, 21.7454872131, 22.4072551727, 23.0806350708, 23.7540130615, 24.4157810211, 25.0775508881, 25.7393188477, 26.4010887146, 27.0744667053, 27.747844696, 28.4212245941, 29.0829925537, 29.7447605133, 30.4065303802, 31.0682983398, 31.7416782379, 32.4150543213, 33.0768241882, 33.7385940552, 34.4119720459, 35.0853500366, 35.7587280273, 36.4204978943, 37.0822677612, 37.755645752, 38.4174156189, 39.0791816711, 39.7525634766, 40.4259414673, 41.099319458, 41.761089325, 42.4228553772, 43.0962333679, 43.7696151733, 44.4313812256, 45.1047592163, 45.7897491455, 46.4631271362, 47.1365089417, 47.7982749939, 48.4600448608, 49.1334228516, 49.78358078, 50.4337387085, 51.0955085754, 51.7572784424, 52.4306564331, 53.1040344238, 53.7658042908, 54.4275741577, 55.1009521484, 55.7743301392, 56.4477081299, 57.1210861206, 57.794467926, 58.4678459167, 59.129611969, 59.8029937744, 60.4647598267, 61.1381378174, 61.8115196228, 62.4848976135, 63.1582756042, 63.831653595, 64.5050354004, 65.1784133911, 65.8401794434, 66.5019454956, 67.1753311157, 67.8487091064, 68.5104751587, 69.1722412109, 69.8340148926, 70.4957809448, 71.1575469971, 71.8193206787, 72.4926986694, 73.1660766602, 73.8394546509, 74.5128326416, 75.1862106323, 75.859588623, 76.5329666138, 77.2063446045, 77.8797302246, 78.5531082153, 79.2264862061, 79.8998641968, 80.561630249, 81.2233963013, 81.8735580444, 82.5237197876, 83.1854858398, 83.8588638306, 84.5206298828, 85.1940155029, 85.8673934937, 86.5407714844, 87.2141494751, 87.8875274658, 88.5609054565, 89.2342834473, 89.907661438, 90.5810394287, 91.2428131104, 91.9045791626, 92.5663452148, 93.2281188965, 93.8898849487, 94.551651001, 95.2250289917, 95.8984146118, 96.5717926025, 97.2451705933, 97.918548584, 98.5919265747, 99.2653045654, 99.9270706177, 100.588844299, 101.273826599, 101.958816528, 102.632194519, 103.282356262, 103.932518005, 104.594284058, 105.25605011, 105.917823792, 106.579589844, 107.252967834, 107.926345825, 108.588119507, 109.249885559, 109.92326355, 110.596641541, 111.270019531, 111.943397522, 112.616775513, 113.278549194, 113.940315247, 114.613693237, 115.287071228, 115.94884491, 116.610610962, 117.272377014, 117.945755005, 118.619132996, 119.280906677, 119.954284668, 120.627662659, 121.301040649, 121.962806702, 122.624580383, 123.274734497, 123.936508179, 124.598274231, 125.271652222, 125.945030212, 126.618408203, 127.291786194, 127.965164185, 128.638549805, 129.311920166, 129.985305786, 130.658676147, 131.332061768, 132.005432129, 132.678817749, 133.340591431, 134.002349854, 134.675735474, 135.337509155, 135.999267578, 136.672653198, 137.334411621, 137.996185303, 138.669570923, 139.331329346, 140.004714966, 140.666488647, 141.339859009, 142.013244629, 142.68661499, 143.36000061, 144.033370972, 144.706756592, 145.368530273, 146.030288696, 146.703674316, 147.377044678, 148.038818359, 148.700592041, 149.373962402, 150.047348022, 150.709106445, 151.382492065, 152.067474365, 152.752471924, 153.414230347, 154.06439209, 154.726165771, 155.387939453, 156.061309814, 156.711471558, 157.361633301, 158.035003662, 158.708389282, 159.381759644, 160.055145264, 160.716918945, 161.378677368, 162.052062988, 162.72543335, 163.39881897, 164.072189331, 164.745574951, 165.407348633, 166.080718994, 166.754104614, 167.415863037, 168.089248657, 168.762634277, 169.436004639, 170.086166382, 170.747940063, 171.398086548, 172.048248291, 172.721633911, 173.406616211, 174.09161377, 174.776596069, 175.449981689, 176.123352051, 176.785125732, 177.458496094, 178.120269775, 178.770431519, 179.432189941, 180.093963623, 180.767349243, 181.440719604, 182.114105225, 182.775863647, 183.449249268, 184.111022949, 184.784393311, 185.457778931, 186.131149292, 186.804534912, 187.477905273, 188.139678955, 188.789840698, 189.451599121, 190.124984741, 190.798370361, 191.460128784, 192.121902466, 192.783676147, 193.44543457, 194.107208252, 194.792190552, 195.488800049, 196.16217041, 196.83555603, 197.508926392, 198.182312012, 198.844070435, 199.505844116, 200.167617798, 200.829391479, 201.479537964, 202.152923584, 202.826293945, 203.499679565, 204.161453247, 204.82321167, 205.49659729, 206.169967651, 206.831741333, 207.493515015, 208.155273438, 208.828659058, 209.490432739, 210.163803101, 210.837188721, 211.498947144, 212.160720825, 212.834106445, 213.507476807, 214.192474365, 214.865844727, 215.550842285, 216.224212646, 216.885986328, 217.547744751, 218.221130371, 218.894515991, 219.567886353, 220.218048096, 220.868209839, 221.5415802, 222.203353882, 222.865127563, 223.538497925, 224.211883545, 224.885253906, 225.558639526, 226.232009888, 226.905395508, 227.567153931, 228.228927612, 228.890701294, 229.552474976, 230.214233398, 230.87600708, 231.549377441, 232.234375, 232.907745361, 233.581130981, 234.242904663, 234.904663086, 235.566436768, 236.239807129, 236.913192749, 237.586578369, 238.25994873, 238.933334351, 239.606704712, 240.280090332, 240.941848755, 241.603622437, 242.265396118, 242.927154541, 243.600540161, 244.273925781, 244.947296143, 245.620681763, 246.282440186, 246.944213867, 247.617584229, 248.27935791, 248.95274353, 249.626113892, 250.287887573, 250.961257935, 251.623031616, 252.284805298, 252.946563721, 253.619949341, 254.293334961, 254.955093384, 255.628479004, 256.301849365, 256.963623047, 257.625396729, 258.29876709, 258.972137451, 259.64553833, 260.307312012, 260.969055176, 261.642456055, 262.315826416, 262.989196777, 263.662567139, 264.335968018, 265.009338379, 265.68270874, 266.344482422, 267.006256104, 267.679626465, 268.352996826, 269.014770508, 269.676544189, 270.338317871, 271.000091553, 271.673461914, 272.346832275, 273.031829834, 273.705200195, 274.366973877, 275.028747559, 275.69052124, 276.340667725, 276.990844727, 277.652587891, 278.151824951, 278.662658691, 279.161895752, 279.661132812, 280.160369873, 280.659576416, 281.147216797, 281.63482666, 282.122436523, 282.633270264, 283.132507324, 283.631744385, 284.142578125, 284.653411865, 285.164245605, 285.70993042, 286.255584717, 286.812866211, 287.370147705, 287.927429199, 288.415039062, 288.902679443, 289.390289307, 289.901123047, 290.411956787, 290.922821045, 291.480072021, 292.048980713, 292.617858887, 293.186737061, 293.755645752],
    "bpm_histogram": [0, 0, 0, 0, 0, 0, 0, 0, 0, 0, 0, 0, 0, 0, 0, 0, 0, 0, 0, 0, 0, 0, 0, 0, 0, 0, 0, 0, 0, 0, 0, 0, 0, 0, 0, 0, 0, 0, 0, 0, 0, 0, 0, 0, 0, 0, 0, 0, 0, 0, 0, 0, 0, 0, 0, 0, 0, 0, 0, 0, 0, 0, 0, 0, 0, 0, 0, 0, 0, 0, 0, 0, 0, 0, 0, 0, 0, 0, 0, 0, 0, 0, 0, 0, 0, 0, 0.00210526306182, 0, 0.027368420735, 0.425263166428, 0, 0.309473693371, 0.0421052649617, 0, 0, 0, 0, 0, 0, 0, 0, 0, 0, 0, 0, 0.00842105224729, 0, 0, 0.00842105224729, 0, 0.00421052612364, 0, 0, 0, 0, 0, 0, 0.0168421044946, 0, 0, 0.0189473684877, 0, 0, 0.0126315793023, 0, 0, 0, 0, 0, 0, 0, 0, 0, 0, 0, 0, 0, 0, 0, 0, 0, 0, 0, 0, 0, 0, 0, 0, 0, 0, 0, 0, 0, 0, 0, 0, 0, 0, 0, 0, 0, 0.00421052612364, 0, 0, 0, 0, 0, 0.0294736847281, 0, 0, 0, 0, 0.0336842089891, 0, 0, 0, 0, 0, 0.050526317209, 0, 0, 0, 0, 0, 0, 0.00631578965113, 0, 0, 0, 0, 0, 0, 0, 0, 0, 0, 0, 0, 0, 0, 0, 0, 0, 0, 0, 0, 0, 0, 0, 0, 0, 0, 0, 0, 0, 0, 0, 0, 0, 0, 0, 0, 0, 0, 0, 0, 0, 0, 0, 0, 0, 0, 0, 0, 0, 0, 0, 0, 0, 0, 0, 0, 0, 0, 0, 0, 0, 0, 0, 0]
},
"tonal": {
    "chords_changes_rate": 0.0714060515165,
    "chords_number_rate": 0.00189155107364,
    "chords_strength": {
        "mean": 0.508398234844,
        "stdev": 0.0907071977854
    },
    "hpcp_crest": {
        "mean": 14.9206371307,
        "stdev": 6.82922697067
    },
    "hpcp_entropy": {
        "mean": 1.79063785076,
        "stdev": 0.712412536144
    },
    "key_edma": {
        "strength": 0.711197435856,
        "key": "C",
        "scale": "major"
    },
    "key_krumhansl": {
        "strength": 0.694143414497,
        "key": "C",
        "scale": "major"
    },
    "key_temperley": {
        "strength": 0.709460437298,
        "key": "G",
        "scale": "major"
    },
    "tuning_diatonic_strength": 0.664503335953,
    "tuning_equal_tempered_deviation": 0.039714038372,
    "tuning_frequency": 445.627075195,
    "tuning_nontempered_energy_ratio": 0.721325755119,
    "hpcp": {
        "mean": [0.110482163727, 0.0802089348435, 0.0480508953333, 0.0448556505144, 0.0465053021908, 0.0955270156264, 0.142670854926, 0.108758971095, 0.107157975435, 0.0997672751546, 0.0414980985224, 0.0242683663964, 0.0284716840833, 0.0393987745047, 0.135870859027, 0.230786338449, 0.157697319984, 0.0653512626886, 0.0459870696068, 0.0561975128949, 0.174421191216, 0.298925727606, 0.217947363853, 0.082453802228, 0.0413626246154, 0.0339337848127, 0.0483603663743, 0.0684587433934, 0.0863143876195, 0.246884718537, 0.309169173241, 0.144034534693, 0.060485124588, 0.0535941235721, 0.0609573721886, 0.0900030657649],
        "stdev": [0.218293517828, 0.180864363909, 0.143789306283, 0.148391827941, 0.146791666746, 0.195358648896, 0.256021916866, 0.198586195707, 0.242086604238, 0.248335897923, 0.119222149253, 0.0857355445623, 0.0950905755162, 0.112464442849, 0.2200345397, 0.328060686588, 0.238974153996, 0.159629300237, 0.127276912332, 0.141074821353, 0.262469351292, 0.391142874956, 0.310255348682, 0.198360383511, 0.135114893317, 0.113643176854, 0.127714976668, 0.164630740881, 0.194957777858, 0.338151037693, 0.404836773872, 0.230780377984, 0.157084271312, 0.146140769124, 0.16558560729, 0.201255813241]
    },
    "chords_histogram": [23.6916770935, 4.8865070343, 9.61538505554, 0.23644387722, 5.29634284973, 1.54476666451, 4.49243402481, 0.63051700592, 1.1822193861, 0.220680952072, 0.063051700592, 0, 0.220680952072, 0, 0, 0.756620407104, 0.015762925148, 6.08448934555, 0.740857481956, 3.19987392426, 0, 3.6412358284, 8.32282447815, 25.1576290131],
    "thpcp": [1, 0.46587613225, 0.195637628436, 0.173348858953, 0.197165101767, 0.291112691164, 0.35735180974, 0.259433805943, 0.155419424176, 0.145084485412, 0.150420248508, 0.30897974968, 0.461465328932, 0.351778179407, 0.346599817276, 0.322694778442, 0.134224563837, 0.0784954279661, 0.0920909568667, 0.127434358001, 0.439470916986, 0.746472656727, 0.510068058968, 0.211377039552, 0.148744031787, 0.18176946044, 0.564161002636, 0.966867804527, 0.704945325851, 0.266694784164, 0.133786380291, 0.109757982194, 0.156420394778, 0.221428096294, 0.279181748629, 0.798542499542],
    "chords_key": "E",
    "chords_scale": "minor"
}
}