{
"metadata": {
    "version": {
        "essentia": "2.1-dev",
        "essentia_git_sha": "v2.1_beta3-415-gd5473f3",
        "extractor": "music 2.0"
    },
    "audio_properties": {
        "analysis": {
            "equal_loudness": 0,
            "length": 290.71673584,
            "sample_rate": 44100,
            "start_time": 0,
            "downmix": "mix"
        },
        "bit_rate": 192000,
        "length": 290.71673584,
        "lossless": 0,
        "number_channels": 2,
        "replay_gain": -8.79928398132,
        "sample_rate": 44100,
        "codec": "mp3",
        "md5_encoded": "f83a43147198af4e1ee0c88afb6336ff"
    },
    "tags": {
        "file_name": "deftones-ihabia.mp3",
        "date": ["2004"],
        "engineer": ["rosamerica tamyo"]
    }
},
"lowlevel": {
    "average_loudness": 0.962892115116,
    "barkbands_crest": {
        "mean": 8.73359107971,
        "stdev": 4.04999685287
    },
    "barkbands_flatness_db": {
        "mean": 0.0915988087654,
        "stdev": 0.04932044819
    },
    "barkbands_kurtosis": {
        "mean": 5.48123264313,
        "stdev": 144.863540649
    },
    "barkbands_skewness": {
        "mean": 1.15048265457,
        "stdev": 2.11843514442
    },
    "barkbands_spread": {
        "mean": 39.7505455017,
        "stdev": 16.0578308105
    },
    "dissonance": {
        "mean": 0.483667641878,
        "stdev": 0.014540091157
    },
    "dynamic_complexity": 2.21051692963,
    "erbbands_crest": {
        "mean": 6.5949048996,
        "stdev": 2.81598758698
    },
    "erbbands_flatness_db": {
        "mean": 0.122315712273,
        "stdev": 0.0356777720153
    },
    "erbbands_kurtosis": {
        "mean": 0.33391341567,
        "stdev": 1.97790789604
    },
    "erbbands_skewness": {
        "mean": -0.352218389511,
        "stdev": 0.657337367535
    },
    "erbbands_spread": {
        "mean": 41.9346809387,
        "stdev": 15.018163681
    },
    "hfc": {
        "mean": 37.2211990356,
        "stdev": 21.7646923065
    },
    "loudness_ebu128": {
        "integrated": -13.0317926407,
        "loudness_range": 2.91287612915,
        "momentary": {
            "mean": -15.8103380203,
            "stdev": 22.6602458954
        },
        "short_term": {
            "mean": -13.6332845688,
            "stdev": 3.4597556591
        }
    },
    "melbands_crest": {
        "mean": 14.4738006592,
        "stdev": 4.97606801987
    },
    "melbands_flatness_db": {
        "mean": 0.151117622852,
        "stdev": 0.061388079077
    },
    "melbands_kurtosis": {
        "mean": 13.766087532,
        "stdev": 130.448318481
    },
    "melbands_skewness": {
        "mean": 2.69710874557,
        "stdev": 2.22495770454
    },
    "melbands_spread": {
        "mean": 38.6145133972,
        "stdev": 22.111700058
    },
    "pitch_salience": {
        "mean": 0.559180855751,
        "stdev": 0.118555523455
    },
    "silence_rate_20dB": {
        "mean": 1,
        "stdev": 0
    },
    "silence_rate_30dB": {
        "mean": 0.996086895466,
        "stdev": 0.0624319314957
    },
    "silence_rate_60dB": {
        "mean": 0.030825747177,
        "stdev": 0.172833785415
    },
    "spectral_centroid": {
        "mean": 2227.36499023,
        "stdev": 970.019042969
    },
    "spectral_complexity": {
        "mean": 35.4770011902,
        "stdev": 12.9608621597
    },
    "spectral_decrease": {
        "mean": -7.84955389577e-09,
        "stdev": 4.8450488066e-09
    },
    "spectral_energy": {
        "mean": 0.0330020859838,
        "stdev": 0.0191951934248
    },
    "spectral_energyband_high": {
        "mean": 0.00232918607071,
        "stdev": 0.00186820887029
    },
    "spectral_energyband_low": {
        "mean": 0.0148316211998,
        "stdev": 0.0161671116948
    },
    "spectral_energyband_middle_high": {
        "mean": 0.00863008201122,
        "stdev": 0.0068432437256
    },
    "spectral_energyband_middle_low": {
        "mean": 0.00841678772122,
        "stdev": 0.00643334584311
    },
    "spectral_entropy": {
        "mean": 8.01165103912,
        "stdev": 0.291632890701
    },
    "spectral_flux": {
        "mean": 0.0954632535577,
        "stdev": 0.0451025925577
    },
    "spectral_kurtosis": {
        "mean": 3.32720017433,
        "stdev": 1.81021690369
    },
    "spectral_rms": {
        "mean": 0.00544042745605,
        "stdev": 0.00161212868989
    },
    "spectral_rolloff": {
        "mean": 2571.1262207,
        "stdev": 2086.65039062
    },
    "spectral_skewness": {
        "mean": 1.25159323215,
        "stdev": 0.306674718857
    },
    "spectral_spread": {
        "mean": 5109995,
        "stdev": 3298936.25
    },
    "spectral_strongpeak": {
        "mean": 0.605121612549,
        "stdev": 0.902976214886
    },
    "zerocrossingrate": {
        "mean": 0.0934435874224,
        "stdev": 0.0505510382354
    },
    "barkbands": {
        "mean": [0.000284032750642, 0.00941694714129, 0.00417119823396, 0.00205385801382, 0.00262630940415, 0.00077888002852, 0.000740160350688, 0.000825291965157, 0.000981459277682, 0.00130811240524, 0.000850920390803, 0.00070136791328, 0.00069633097155, 0.00074700609548, 0.000589991628658, 0.000814631464891, 0.000778656976763, 0.000786847202107, 0.00108149007428, 0.000751232437324, 0.000602462561801, 0.00040424359031, 0.000313570577418, 0.000276842474705, 0.000248186959652, 0.000149920655531, 2.21212158067e-05],
        "stdev": [0.000605309440289, 0.0128173800185, 0.00470857787877, 0.00204686913639, 0.00330018810928, 0.00135964574292, 0.00133955059573, 0.0016358528519, 0.0016481615603, 0.00275257253088, 0.00196057744324, 0.00150121806655, 0.00140032661147, 0.00119849620387, 0.000931790389586, 0.000727234815713, 0.000601229898166, 0.00059630459873, 0.00082977785496, 0.000605177541729, 0.000493473140523, 0.00040933775017, 0.000412247696659, 0.000315526383929, 0.000392108195229, 0.000215529216803, 5.4834446928e-05]
    },
    "erbbands": {
        "mean": [0.165817454457, 2.42087650299, 5.64087533951, 5.66675901413, 8.37495708466, 8.37199783325, 6.57611751556, 7.38716506958, 10.1961050034, 14.0046281815, 19.0963401794, 22.0103473663, 36.585723877, 38.017993927, 29.4772109985, 29.7018413544, 32.4582748413, 36.5000762939, 34.7428665161, 33.9347000122, 45.2571372986, 45.6575775146, 39.2030639648, 58.2338600159, 48.0870399475, 34.6808357239, 30.8794441223, 17.7595653534, 14.2760925293, 11.8004827499, 8.89650249481, 6.65486049652, 4.09662485123, 2.97238183022, 1.61001253128, 0.724380970001, 0.264455020428, 0.0565911866724, 0.00314854993485, 0.000103353384475],
        "stdev": [0.246206849813, 3.34359288216, 6.37269353867, 5.10545682907, 9.99604606628, 13.2265911102, 13.5661916733, 10.0745038986, 18.9023590088, 25.5115966797, 32.8979721069, 37.2577476501, 71.3813858032, 78.3027572632, 58.6993217468, 62.1115188599, 63.0527801514, 52.770652771, 54.8130493164, 38.3159637451, 36.6586494446, 34.1345901489, 28.8386993408, 42.4572296143, 39.1411209106, 27.7434711456, 24.6242542267, 16.0133514404, 14.9264364243, 13.2927646637, 11.4767036438, 7.84269571304, 4.81035089493, 4.63334226608, 2.86969709396, 1.09821975231, 0.39484411478, 0.0994145870209, 0.00872695352882, 0.000144265039125]
    },
    "gfcc": {
        "mean": [41.5235290527, 58.6722412109, -114.489578247, 49.1459541321, -44.314666748, 18.6691398621, -32.2059059143, 18.464258194, -27.4775047302, 3.78747224808, -21.5207443237, -0.587746918201, -14.9775266647],
        "cov": [[18163.4042969, -385.26739502, -653.875549316, 558.184997559, -722.35949707, 369.459228516, -552.139343262, 218.036895752, -517.870727539, -22.1798324585, -335.900726318, 71.5926895142, -319.227172852], [-385.26739502, 1281.79467773, -408.576141357, 37.3075294495, 178.915725708, -263.34866333, 147.892730713, -65.9586105347, 90.3502578735, -64.7402191162, 54.4987220764, -145.190734863, 56.7485237122], [-653.875549316, -408.576141357, 723.910461426, -77.3916854858, 50.896648407, -2.36625957489, -75.4555664062, 58.8885040283, 18.3537998199, 56.0311775208, -36.7442016602, 67.9850234985, -21.4347667694], [558.184997559, 37.3075294495, -77.3916854858, 402.127349854, 13.7416810989, 41.1808662415, -61.1088027954, -3.88578057289, 22.3038272858, -4.964656353, 43.0007247925, -14.6183357239, 27.4732971191], [-722.35949707, 178.915725708, 50.896648407, 13.7416810989, 266.693511963, -30.0386505127, 90.9735946655, -8.78936195374, 40.9414596558, 24.980255127, 28.4352893829, -19.2146759033, 19.8543224335], [369.459228516, -263.34866333, -2.36625957489, 41.1808662415, -30.0386505127, 238.311523438, 28.4946117401, 36.6587791443, -36.6144943237, 10.3942651749, 18.0720481873, 49.7652397156, 0.114246658981], [-552.139343262, 147.892730713, -75.4555664062, -61.1088027954, 90.9735946655, 28.4946117401, 170.892623901, 24.4645595551, 38.5877838135, -8.80739116669, 20.3737735748, -9.49753761292, 18.6849479675], [218.036895752, -65.9586105347, 58.8885040283, -3.88578057289, -8.78936195374, 36.6587791443, 24.4645595551, 111.140312195, 21.7861690521, 19.0476837158, -20.59400177, 8.7207775116, 1.30690658092], [-517.870727539, 90.3502578735, 18.3537998199, 22.3038272858, 40.9414596558, -36.6144943237, 38.5877838135, 21.7861690521, 91.9277877808, 25.3929042816, 18.4725017548, -17.8757953644, 10.2288694382], [-22.1798324585, -64.7402191162, 56.0311775208, -4.964656353, 24.980255127, 10.3942651749, -8.80739116669, 19.0476837158, 25.3929042816, 68.1287994385, 17.1797161102, 12.8550376892, -11.927564621], [-335.900726318, 54.4987220764, -36.7442016602, 43.0007247925, 28.4352893829, 18.0720481873, 20.3737735748, -20.59400177, 18.4725017548, 17.1797161102, 72.0121917725, 13.8491811752, 13.7771244049], [71.5926895142, -145.190734863, 67.9850234985, -14.6183357239, -19.2146759033, 49.7652397156, -9.49753761292, 8.7207775116, -17.8757953644, 12.8550376892, 13.8491811752, 63.1789855957, 9.75639343262], [-319.227172852, 56.7485237122, -21.4347667694, 27.4732971191, 19.8543224335, 0.114246658981, 18.6849479675, 1.30690658092, 10.2288694382, -11.927564621, 13.7771244049, 9.75639343262, 56.7282180786]],
        "icov": [[0.000126471946714, -0.000176228000782, 0.000143918776303, -0.000286544207484, 0.000135821625008, -0.000121830111311, 0.000167736405274, -0.000305951572955, 0.000567523878999, -0.000337984558428, 0.000719812640455, -0.000607770809438, 0.000741965137422], [-0.000176228000782, 0.00225277268328, 0.000497613684274, 0.00041572281043, -0.000858362880535, 0.00203917780891, -0.00104061106686, 5.37086707482e-05, -0.000800372217782, 0.00158888846636, -0.0028018145822, 0.00328374188393, -0.00202665594406], [0.000143918776303, 0.000497613684274, 0.00265741185285, 0.000236940075411, -0.00149347668048, 0.000461275543785, 0.00195567077026, -0.00143340020441, -0.00107518350706, 0.000357358134352, 0.00151007750537, -0.0030967972707, 0.00154695101082], [-0.000286544207484, 0.00041572281043, 0.000236940075411, 0.00466737477109, -0.00159745395649, -0.00147834653035, 0.00363666168414, -0.000457558664493, -0.00354166398756, 0.00314809055999, -0.00435112975538, 0.0031698863022, -0.00301235774532], [0.000135821625008, -0.000858362880535, -0.00149347668048, -0.00159745395649, 0.00703877583146, 0.000519866414834, -0.00492268893868, 0.00185759097803, 0.0026943993289, -0.00523108430207, 0.00095061614411, 0.00164209050126, -0.00115261226892], [-0.000121830111311, 0.00203917780891, 0.000461275543785, -0.00147834653035, 0.000519866414834, 0.00894342921674, -0.00454011233523, -0.00189106992912, 0.00385141791776, -0.000624707143288, -0.00321945431642, -0.00135209981818, -0.000307607231662], [0.000167736405274, -0.00104061106686, 0.00195567077026, 0.00363666168414, -0.00492268893868, -0.00454011233523, 0.0152061181143, -0.0042487969622, -0.0062288143672, 0.00669875601307, -0.00190510798711, -0.00176796317101, 0.00108234398067], [-0.000305951572955, 5.37086707482e-05, -0.00143340020441, -0.000457558664493, 0.00185759097803, -0.00189106992912, -0.0042487969622, 0.0148343378678, -0.0042252340354, -0.00457353144884, 0.00604240316898, 0.00020850020519, -0.00338714104146], [0.000567523878999, -0.000800372217782, -0.00107518350706, -0.00354166398756, 0.0026943993289, 0.00385141791776, -0.0062288143672, -0.0042252340354, 0.0240598339587, -0.0108549492434, -0.00100085372105, 0.00462694931775, -0.000671905931085], [-0.000337984558428, 0.00158888846636, 0.000357358134352, 0.00314809055999, -0.00523108430207, -0.000624707143288, 0.00669875601307, -0.00457353144884, -0.0108549492434, 0.0281986761838, -0.00997760426253, -0.00256901583634, 0.00560136092827], [0.000719812640455, -0.0028018145822, 0.00151007750537, -0.00435112975538, 0.00095061614411, -0.00321945431642, -0.00190510798711, 0.00604240316898, -0.00100085372105, -0.00997760426253, 0.0301290247589, -0.0134676061571, 0.00277494383045], [-0.000607770809438, 0.00328374188393, -0.0030967972707, 0.0031698863022, 0.00164209050126, -0.00135209981818, -0.00176796317101, 0.00020850020519, 0.00462694931775, -0.00256901583634, -0.0134676061571, 0.0363065712154, -0.0137526616454], [0.000741965137422, -0.00202665594406, 0.00154695101082, -0.00301235774532, -0.00115261226892, -0.000307607231662, 0.00108234398067, -0.00338714104146, -0.000671905931085, 0.00560136092827, 0.00277494383045, -0.0137526616454, 0.028989713639]]
    },
    "melbands": {
        "mean": [0.00209470512345, 0.00322230998427, 0.00110454647802, 0.000611692026723, 0.000267593888566, 0.000162651209394, 0.000154015709995, 0.000159617731697, 0.000163154865731, 0.000136899252539, 0.000186774428585, 0.000158012873726, 0.000103881691757, 7.36427973607e-05, 8.45551330713e-05, 6.71222805977e-05, 6.86836938257e-05, 5.75473786739e-05, 4.48631544714e-05, 5.19512796018e-05, 5.14584426128e-05, 4.75362576253e-05, 3.82261387131e-05, 3.62354912795e-05, 4.92805920658e-05, 3.79263619834e-05, 3.17416051985e-05, 1.98398647626e-05, 2.09755980904e-05, 1.4120420019e-05, 8.9771938292e-06, 8.0071249613e-06, 7.5288539847e-06, 6.16442684986e-06, 5.37613914275e-06, 4.40609937868e-06, 3.84250506613e-06, 2.88603882836e-06, 2.60135129793e-06, 2.43880595008e-06],
        "stdev": [0.00290278717875, 0.00376978237182, 0.000940239115153, 0.000771618506406, 0.000479694543174, 0.000233204555116, 0.000277138315141, 0.000305279623717, 0.00027852243511, 0.000247904390562, 0.000380510406103, 0.000333838630468, 0.000217193155549, 0.000153458313434, 0.000197194080101, 0.000134220390464, 0.000105174454802, 0.000101238045318, 7.10877138772e-05, 5.53905811103e-05, 4.25838006777e-05, 3.79085395252e-05, 3.10481955239e-05, 2.81494139927e-05, 3.72136200895e-05, 3.19831342495e-05, 2.77383751381e-05, 1.67924208654e-05, 1.75804416358e-05, 1.21131843116e-05, 9.11634288059e-06, 8.62100932864e-06, 8.06717980595e-06, 7.83016821515e-06, 7.25767131371e-06, 5.67755114389e-06, 4.66939400212e-06, 3.48679827766e-06, 3.64306401934e-06, 4.14166288465e-06]
    },
    "melbands128": {
        "mean": [0.0002371622395, 0.000928153051063, 0.00269438326359, 0.00463803950697, 0.00356423598714, 0.00176685443148, 0.00108659861144, 0.0010388904484, 0.000874807767104, 0.000603703432716, 0.000446031132014, 0.00037824496394, 0.000214679443161, 0.000122088531498, 0.000175804074388, 0.000162627839018, 0.000181333089131, 0.000144263147376, 0.000147186132381, 0.000148327293573, 0.000198903493583, 0.000133779874886, 0.000172906497028, 0.000190553531866, 0.000120618598885, 0.000139059353387, 0.000117434494314, 0.000209044650546, 0.000238087304751, 0.000147635233589, 0.000150588341057, 0.000133518798975, 9.15076088859e-05, 9.97684765025e-05, 6.67532585794e-05, 6.65257830406e-05, 7.48620950617e-05, 0.000107224681415, 7.08546140231e-05, 6.38247656752e-05, 7.17596776667e-05, 6.28625421086e-05, 6.70470617479e-05, 7.22157783457e-05, 7.01395329088e-05, 5.19746899954e-05, 4.69829392387e-05, 4.98974732182e-05, 4.09835047321e-05, 3.79514603992e-05, 5.75173398829e-05, 6.12880612607e-05, 5.62412169529e-05, 4.47250713478e-05, 4.40120711573e-05, 4.95124149893e-05, 5.0612641644e-05, 4.06018880312e-05, 3.54396179318e-05, 3.00957854051e-05, 3.02466469293e-05, 4.52447457064e-05, 5.17866646987e-05, 4.90923885081e-05, 4.91605860589e-05, 3.59839468729e-05, 3.3143460314e-05, 3.22635096381e-05, 3.25190958392e-05, 3.12794181809e-05, 1.7239317458e-05, 1.43127435877e-05, 2.14807787415e-05, 2.46233412327e-05, 1.72483323695e-05, 1.54469489644e-05, 1.26288996398e-05, 9.20815091376e-06, 8.35814989841e-06, 8.92446314538e-06, 7.70898077462e-06, 7.04195008439e-06, 9.65311119216e-06, 6.53250071991e-06, 7.6631695265e-06, 6.01818828727e-06, 5.83827795708e-06, 5.86002988712e-06, 5.82871598453e-06, 4.55323879578e-06, 4.22590119342e-06, 4.31310718341e-06, 4.89988178742e-06, 3.78624054065e-06, 3.37147139362e-06, 2.97817359751e-06, 2.82788437289e-06, 2.73857062894e-06, 2.21302548198e-06, 2.8673862289e-06, 2.84006250695e-06, 2.42210830947e-06, 1.80820336482e-06, 2.05465903491e-06, 1.68657061295e-06, 1.91631011148e-06, 1.51807284965e-06, 1.28469980609e-06, 1.12636803351e-06, 1.29141824345e-06, 9.71762915469e-07, 1.02231547316e-06, 7.9147366705e-07, 6.94909601862e-07, 6.35953654182e-07, 5.11727193953e-07, 4.37785047325e-07, 2.91885527304e-07, 1.62599334885e-07, 7.45318118334e-08, 2.59846206774e-08, 3.51070728044e-09, 5.6262150494e-10, 7.50611517386e-11, 4.01386606244e-12, 3.76340972275e-12, 3.724331607e-12, 3.69379136653e-12],
        "stdev": [0.000517838518135, 0.00168264727108, 0.00438912259415, 0.00643986137584, 0.00430622743443, 0.00194553832989, 0.0011348616099, 0.00112521380652, 0.00127609760966, 0.00109259109013, 0.00101575383451, 0.000782438030001, 0.000571635027882, 0.000464196462417, 0.000252582074609, 0.000301565392874, 0.000431086547906, 0.000334513111738, 0.000404449237976, 0.000322798790876, 0.000535131664947, 0.000353445735527, 0.000369769550161, 0.000444041070295, 0.000275709928246, 0.000412154971855, 0.000310024974169, 0.00050997181097, 0.000770827755332, 0.000404368300224, 0.000460771727376, 0.000407682353398, 0.000253395788604, 0.0002800883085, 0.000183737865882, 0.000191240862478, 0.000225060313824, 0.000333921401761, 0.000189956452232, 0.000183892436326, 0.000186129604117, 0.000131367749418, 0.000132815723191, 0.000139116178616, 0.000192787105334, 0.0001091717495, 0.000118868127174, 0.00011022095714, 7.46350924601e-05, 5.71413220314e-05, 9.04788175831e-05, 7.5215662946e-05, 5.94796656515e-05, 4.49844665127e-05, 4.77514440718e-05, 4.9857335398e-05, 4.98574518133e-05, 4.22644043283e-05, 3.72731301468e-05, 3.14976859954e-05, 3.12697084155e-05, 4.28092389484e-05, 4.84273041366e-05, 4.60013143311e-05, 4.7141154937e-05, 3.93876616727e-05, 3.66482418031e-05, 3.63911422028e-05, 3.42766652466e-05, 3.10585091938e-05, 1.91708750208e-05, 1.49124844029e-05, 2.11411024793e-05, 2.3924789275e-05, 1.68835649674e-05, 1.59673636517e-05, 1.27869507196e-05, 1.08080594146e-05, 1.01534524219e-05, 1.12230472951e-05, 9.41736561799e-06, 9.4577562777e-06, 1.19547448776e-05, 8.19199067337e-06, 9.0895446192e-06, 8.41783185024e-06, 8.8435208454e-06, 9.18270234251e-06, 8.32232763059e-06, 7.07798972144e-06, 6.41211545371e-06, 6.17897876509e-06, 6.51466598356e-06, 5.36976722287e-06, 4.43152475782e-06, 4.16287502958e-06, 3.7641095787e-06, 3.44359273186e-06, 3.73023794964e-06, 4.49934213975e-06, 5.51611492483e-06, 4.69902715849e-06, 3.4461550058e-06, 3.66867357116e-06, 3.75568833988e-06, 3.97692247134e-06, 3.17364333569e-06, 2.27660666496e-06, 1.82892858902e-06, 1.9795161279e-06, 1.51250344516e-06, 1.65611686498e-06, 1.28572560243e-06, 1.16017940854e-06, 1.07337052668e-06, 8.42122744871e-07, 7.91209572526e-07, 9.37719789817e-07, 6.30466672646e-07, 3.52249259095e-07, 1.72179809965e-07, 4.26919335439e-08, 1.25646062443e-08, 3.34843286431e-09, 1.43554204982e-11, 5.76154835646e-12, 5.70126194518e-12, 5.66449491479e-12]
    },
    "mfcc": {
        "mean": [-593.970031738, 86.6477432251, -5.7461566925, 34.8283958435, 12.5191497803, 7.48660469055, 9.89980792999, 9.54513072968, 5.09900426865, 6.44118404388, -0.501609563828, -1.34496581554, -1.55668473244],
        "cov": [[8092.31201172, -284.489562988, 275.703704834, 91.881149292, -18.9713459015, 116.186637878, 14.2896585464, 118.910041809, -121.496269226, -51.6240577698, -70.8336105347, -50.0138511658, -69.6457519531], [-284.489562988, 1122.10546875, -299.321929932, 163.305496216, -4.63409996033, -87.8309326172, 42.2006340027, -38.9801864624, 48.6064720154, 45.310043335, -1.70278358459, -11.4515771866, -19.0666637421], [275.703704834, -299.321929932, 438.620880127, -17.7349052429, 54.2884407043, -18.6518764496, -71.4423065186, 8.8028049469, -8.70247077942, -16.6022491455, 11.6428871155, -5.13647985458, 12.8425931931], [91.881149292, 163.305496216, -17.7349052429, 300.157165527, 111.954658508, -7.68820047379, -23.7282238007, -27.0485076904, 14.868229866, 21.4719715118, -2.79011702538, 9.66589927673, 7.02246046066], [-18.9713459015, -4.63409996033, 54.2884407043, 111.954658508, 158.770217896, 33.7671470642, 11.5846176147, -17.6085033417, 8.56892967224, 12.2896032333, 8.38910675049, 7.59211397171, 14.8800411224], [116.186637878, -87.8309326172, -18.6518764496, -7.68820047379, 33.7671470642, 124.646575928, 57.0650863647, 24.3166027069, -13.6005649567, -5.92300081253, 11.893283844, 12.1457672119, 5.50037622452], [14.2896585464, 42.2006340027, -71.4423065186, -23.7282238007, 11.5846176147, 57.0650863647, 115.772193909, 49.0116043091, 22.6110858917, 5.88482236862, 4.80388259888, 11.023191452, 5.14346170425], [118.910041809, -38.9801864624, 8.8028049469, -27.0485076904, -17.6085033417, 24.3166027069, 49.0116043091, 88.4732513428, 31.2915782928, 14.7751703262, -0.211335107684, 0.838994503021, 2.7814848423], [-121.496269226, 48.6064720154, -8.70247077942, 14.868229866, 8.56892967224, -13.6005649567, 22.6110858917, 31.2915782928, 84.6147003174, 36.9095726013, 11.9050168991, -4.95575475693, -1.67778789997], [-51.6240577698, 45.310043335, -16.6022491455, 21.4719715118, 12.2896032333, -5.92300081253, 5.88482236862, 14.7751703262, 36.9095726013, 69.5274734497, 26.47149086, 5.43500614166, -2.37926197052], [-70.8336105347, -1.70278358459, 11.6428871155, -2.79011702538, 8.38910675049, 11.893283844, 4.80388259888, -0.211335107684, 11.9050168991, 26.47149086, 58.380317688, 26.1271934509, 6.46810340881], [-50.0138511658, -11.4515771866, -5.13647985458, 9.66589927673, 7.59211397171, 12.1457672119, 11.023191452, 0.838994503021, -4.95575475693, 5.43500614166, 26.1271934509, 54.2516784668, 25.6808891296], [-69.6457519531, -19.0666637421, 12.8425931931, 7.02246046066, 14.8800411224, 5.50037622452, 5.14346170425, 2.7814848423, -1.67778789997, -2.37926197052, 6.46810340881, 25.6808891296, 47.1457939148]],
        "icov": [[0.000142506542034, 2.80001495412e-06, -0.00012209569104, -0.000140994918183, 0.000117216673971, -0.000114357135317, -4.97900982737e-05, -0.000243581263931, 0.000302824249957, -5.89859919273e-05, 0.000125779100927, 2.96877606161e-05, 0.000236430831137], [2.80001495412e-06, 0.00141304370482, 0.000744398101233, -0.000826565432362, 0.000269745360129, 0.0013668560423, -0.00124635011889, 0.000732835091185, -0.000102641919511, -0.000267566501861, -0.000514832849149, 0.00066553405486, 3.5026754631e-05], [-0.00012209569104, 0.000744398101233, 0.00395998777822, 0.000739878567401, -0.00262803235091, 0.00132055894937, 0.0029485875275, -0.00242549623363, -0.000174803528353, 0.00179945223499, -0.00216634315439, 0.000990390079096, -0.000729104795028], [-0.000140994918183, -0.000826565432362, 0.000739878567401, 0.00599585054442, -0.00473841978237, -0.000109177148261, 0.00315185147338, -0.000616176577751, -0.00103623140603, -0.000493121217005, 0.00185828027315, -0.00246537383646, 0.00058977334993], [0.000117216673971, 0.000269745360129, -0.00262803235091, -0.00473841978237, 0.0126347122714, -0.00346166500822, -0.00432480731979, 0.005513117183, -0.00109842396341, -0.00246172002517, 0.000555481004994, 0.00185060501099, -0.00298096449114], [-0.000114357135317, 0.0013668560423, 0.00132055894937, -0.000109177148261, -0.00346166500822, 0.01446053572, -0.00633347919211, -0.00245063239709, 0.00451928237453, 0.00149960280396, -0.00442707724869, 0.00102586450521, 0.000566496921238], [-4.97900982737e-05, -0.00124635011889, 0.0029485875275, 0.00315185147338, -0.00432480731979, -0.00633347919211, 0.0198408067226, -0.00908084772527, -0.00374968489632, 0.00301106902771, 0.000711052620318, -0.00371540198103, 0.00056958606001], [-0.000243581263931, 0.000732835091185, -0.00242549623363, -0.000616176577751, 0.005513117183, -0.00245063239709, -0.00908084772527, 0.0218273177743, -0.00619623297825, -0.00450953608379, 0.00430579483509, -0.000132592627779, -0.00202874676324], [0.000302824249957, -0.000102641919511, -0.000174803528353, -0.00103623140603, -0.00109842396341, 0.00451928237453, -0.00374968489632, -0.00619623297825, 0.0205068644136, -0.00733364373446, -0.00306637445465, 0.0048124846071, -0.000639179255813], [-5.89859919273e-05, -0.000267566501861, 0.00179945223499, -0.000493121217005, -0.00246172002517, 0.00149960280396, 0.00301106902771, -0.00450953608379, -0.00733364373446, 0.0243720021099, -0.0107977036387, 0.000777530367486, 0.00195431313477], [0.000125779100927, -0.000514832849149, -0.00216634315439, 0.00185828027315, 0.000555481004994, -0.00442707724869, 0.000711052620318, 0.00430579483509, -0.00306637445465, -0.0107977036387, 0.0306621938944, -0.0156746786088, 0.00397797953337], [2.96877606161e-05, 0.00066553405486, 0.000990390079096, -0.00246537383646, 0.00185060501099, 0.00102586450521, -0.00371540198103, -0.000132592627779, 0.0048124846071, 0.000777530367486, -0.0156746786088, 0.0352191925049, -0.0167035143822], [0.000236430831137, 3.5026754631e-05, -0.000729104795028, 0.00058977334993, -0.00298096449114, 0.000566496921238, 0.00056958606001, -0.00202874676324, -0.000639179255813, 0.00195431313477, 0.00397797953337, -0.0167035143822, 0.0312460307032]]
    },
    "spectral_contrast_coeffs": {
        "mean": [-0.721709609032, -0.776825368404, -0.781696140766, -0.804517865181, -0.80001616478, -0.762074708939],
        "stdev": [0.0646005198359, 0.0717769861221, 0.0652934983373, 0.0369517952204, 0.0271931886673, 0.03849561885]
    },
    "spectral_contrast_valleys": {
        "mean": [-6.59142303467, -6.89497566223, -7.21784162521, -7.06077051163, -6.68199539185, -9.50849628448],
        "stdev": [1.9761390686, 1.93235635757, 1.90347886086, 1.89664006233, 1.96121144295, 1.91448259354]
    }
},
"rhythm": {
    "beats_count": 375,
    "beats_loudness": {
        "mean": 0.0417844168842,
        "stdev": 0.0186068210751
    },
    "bpm": 77.7007369995,
    "bpm_histogram_first_peak_bpm": 78,
    "bpm_histogram_first_peak_weight": 0.338797807693,
    "bpm_histogram_second_peak_bpm": 69,
    "bpm_histogram_second_peak_spread": 0.66666662693,
    "bpm_histogram_second_peak_weight": 0.00534759368747,
    "danceability": 1.13379859924,
    "onset_rate": 2.1428296566,
    "beats_loudness_band_ratio": {
        "mean": [0.467169731855, 0.0985421538353, 0.11280747503, 0.113932728767, 0.118915200233, 0.122858516872],
        "stdev": [0.24428164959, 0.0803104192019, 0.0879149213433, 0.103568717837, 0.076210975647, 0.0725004673004]
    },
    "beats_position": [0.859138309956, 1.72988653183, 2.60063481331, 3.44816327095, 4.27247142792, 5.06195020676, 5.85142850876, 6.64090681076, 7.4303855896, 8.2198638916, 8.98612213135, 9.76399040222, 10.5534696579, 11.3429479599, 12.1324262619, 12.9219045639, 13.6997728348, 14.4892511368, 15.2787294388, 16.0682086945, 16.8344669342, 17.5891151428, 18.3437633514, 19.1100215912, 19.8646717072, 20.6193199158, 21.3739681244, 22.128616333, 22.8948745728, 23.6611328125, 24.40417099, 25.1704311371, 25.9366893768, 26.7029476166, 27.4575958252, 28.2122440338, 28.9785022736, 29.7331504822, 30.4878005981, 31.2540588379, 32.0203170776, 32.7749671936, 33.5296134949, 34.2958717346, 35.0621299744, 35.8283882141, 36.5830383301, 37.3376846313, 38.1039466858, 38.8818130493, 39.6596832275, 40.4491615295, 41.2502479553, 42.0513381958, 42.8640365601, 43.6419029236, 44.4197731018, 45.1860313416, 45.9522895813, 46.718547821, 47.4964179993, 48.2742843628, 49.0405426025, 49.8068008423, 50.5846710205, 51.362537384, 52.1287956238, 52.8950538635, 53.661315918, 54.4159622192, 55.1706123352, 55.936870575, 56.7031288147, 57.4693870544, 58.2356452942, 59.0019035339, 59.7681617737, 60.5344200134, 61.3006782532, 62.0553283691, 62.8099746704, 63.5762329102, 64.3424911499, 65.1203613281, 65.8866195679, 66.6644897461, 67.4307479858, 68.1970062256, 68.9632644653, 69.7295227051, 70.4957809448, 71.2852630615, 72.0747375488, 72.8526077271, 73.6304779053, 74.4083404541, 75.1862106323, 75.9524688721, 76.7187271118, 77.49659729, 78.2744674683, 79.0523376465, 79.8302001953, 80.6080703735, 81.3859405518, 82.1521987915, 82.9300689697, 83.7079315186, 84.4741897583, 85.2520599365, 86.0299301147, 86.807800293, 87.5856704712, 88.3519287109, 89.1181869507, 89.8960494995, 90.6739196777, 91.4634017944, 92.2296600342, 92.9959182739, 93.7621765137, 94.5284347534, 95.2946929932, 96.0609512329, 96.8388214111, 97.6282958984, 98.4061660767, 99.1840362549, 99.9619064331, 100.728164673, 101.494422913, 102.260681152, 103.026939392, 103.793197632, 104.559455872, 105.33732605, 106.10358429, 106.869842529, 107.647705078, 108.413963318, 109.15700531, 109.92326355, 110.68952179, 111.455780029, 112.233650208, 112.999908447, 113.766166687, 114.520812988, 115.287071228, 116.064941406, 116.842811584, 117.609069824, 118.386940002, 119.164802551, 119.931060791, 120.708930969, 121.486801147, 122.287887573, 123.088973999, 123.890068054, 124.69115448, 125.469024658, 126.246894836, 127.013153076, 127.779411316, 128.545669556, 129.311920166, 130.089797974, 130.867660522, 131.65713501, 132.423400879, 133.189651489, 133.967529297, 134.745391846, 135.511657715, 136.277908325, 137.044174194, 137.810424805, 138.576690674, 139.342941284, 140.109207153, 140.875457764, 141.641723633, 142.419586182, 143.185852051, 143.952102661, 144.71836853, 145.473007202, 146.239273071, 147.005523682, 147.771789551, 148.5496521, 149.327529907, 150.093780518, 150.860046387, 151.637908936, 152.415786743, 153.20526123, 153.994735718, 154.772598267, 155.550476074, 156.316726685, 157.082992554, 157.837631226, 158.592285156, 159.358551025, 160.136413574, 160.914276123, 161.680541992, 162.446792603, 163.213058472, 163.979324341, 164.745574951, 165.51184082, 166.278091431, 167.055953979, 167.833831787, 168.611694336, 169.389572144, 170.155822754, 170.922088623, 171.688339233, 172.454605103, 173.220855713, 173.987121582, 174.753372192, 175.519638062, 176.309112549, 177.098587036, 177.888076782, 178.67755127, 179.467025757, 180.279724121, 181.080810547, 181.881896973, 182.682983398, 183.484085083, 184.319992065, 185.155914307, 185.957000732, 186.758087158, 187.570785522, 188.383483887, 189.184570312, 189.985671997, 190.798370361, 191.599456787, 192.400543213, 193.1900177, 193.979492188, 194.768981934, 195.558456421, 196.33631897, 197.114196777, 197.903671265, 198.693145752, 199.482620239, 200.260498047, 201.038360596, 201.804626465, 202.559265137, 203.313919067, 204.103393555, 204.892883301, 205.682357788, 206.471832275, 207.249694824, 208.015960693, 208.793823242, 209.583312988, 210.372787476, 211.173873901, 211.974960327, 212.764434814, 213.553924561, 214.320175171, 215.109649658, 215.887527466, 216.665390015, 217.431655884, 218.197906494, 218.952560425, 219.707214355, 220.473464966, 221.239730835, 222.005981445, 222.772247314, 223.526885986, 224.281539917, 225.047790527, 225.814056396, 226.568710327, 227.323348999, 228.089614868, 228.855865479, 229.622131348, 230.388381958, 231.154647827, 231.920898438, 232.687164307, 233.453414917, 234.219680786, 234.985931396, 235.752197266, 236.518447876, 237.284713745, 238.027755737, 238.770782471, 239.490600586, 240.21043396, 240.953460693, 241.708114624, 242.485977173, 243.252243042, 244.030105591, 244.79637146, 245.56262207, 246.340499878, 247.106750488, 247.873016357, 248.639266968, 249.405532837, 250.171783447, 250.926437378, 251.692687988, 252.470565796, 253.236816406, 254.003082275, 254.769332886, 255.523986816, 256.290252686, 257.044891357, 257.811157227, 258.577423096, 259.343658447, 260.109924316, 260.876190186, 261.642456055, 262.408691406, 263.151733398, 263.894775391, 264.637817383, 265.404083252, 266.170349121, 266.936584473, 267.702850342, 268.469116211, 269.23538208, 270.001617432, 270.779510498, 271.557373047, 272.323608398, 273.089874268, 273.844543457, 274.610778809, 275.365447998, 276.154907227, 276.955993652, 277.745483398, 278.534973145, 279.312835693, 280.079101562, 280.845336914, 281.588378906, 282.331420898, 283.08605957, 283.84072876, 284.583770752, 285.338409424, 286.093048096, 286.894134521, 287.695220947, 288.496307373, 289.297424316, 290.098510742],
    "bpm_histogram": [0, 0, 0, 0, 0, 0, 0, 0, 0, 0, 0, 0, 0, 0, 0, 0, 0, 0, 0, 0, 0, 0, 0, 0, 0, 0, 0, 0, 0, 0, 0, 0, 0, 0, 0, 0, 0, 0, 0, 0, 0, 0, 0, 0, 0, 0, 0, 0, 0, 0, 0, 0, 0, 0, 0, 0, 0, 0, 0, 0, 0, 0, 0, 0, 0, 0, 0, 0, 0, 0.00534759368747, 0, 0.00267379684374, 0.00534759368747, 0.00267379684374, 0.013368983753, 0.0641711205244, 0.117647059262, 0.205882355571, 0.441176474094, 0, 0.106951870024, 0.0294117648154, 0, 0.00534759368747, 0, 0, 0, 0, 0, 0, 0, 0, 0, 0, 0, 0, 0, 0, 0, 0, 0, 0, 0, 0, 0, 0, 0, 0, 0, 0, 0, 0, 0, 0, 0, 0, 0, 0, 0, 0, 0, 0, 0, 0, 0, 0, 0, 0, 0, 0, 0, 0, 0, 0, 0, 0, 0, 0, 0, 0, 0, 0, 0, 0, 0, 0, 0, 0, 0, 0, 0, 0, 0, 0, 0, 0, 0, 0, 0, 0, 0, 0, 0, 0, 0, 0, 0, 0, 0, 0, 0, 0, 0, 0, 0, 0, 0, 0, 0, 0, 0, 0, 0, 0, 0, 0, 0, 0, 0, 0, 0, 0, 0, 0, 0, 0, 0, 0, 0, 0, 0, 0, 0, 0, 0, 0, 0, 0, 0, 0, 0, 0, 0, 0, 0, 0, 0, 0, 0, 0, 0, 0, 0, 0, 0, 0, 0, 0, 0, 0, 0, 0, 0, 0, 0, 0, 0, 0, 0, 0, 0, 0, 0, 0, 0, 0, 0, 0, 0, 0]
},
"tonal": {
    "chords_changes_rate": 0.0808048546314,
    "chords_number_rate": 0.00175662722904,
    "chords_strength": {
        "mean": 0.502014935017,
        "stdev": 0.130050078034
    },
    "hpcp_crest": {
        "mean": 10.9784965515,
        "stdev": 5.55377960205
    },
    "hpcp_entropy": {
        "mean": 2.47010087967,
        "stdev": 0.833202242851
    },
    "key_edma": {
        "strength": 0.61427718401,
        "key": "F",
        "scale": "minor"
    },
    "key_krumhansl": {
        "strength": 0.63143903017,
        "key": "F",
        "scale": "minor"
    },
    "key_temperley": {
        "strength": 0.636178433895,
        "key": "F",
        "scale": "minor"
    },
    "tuning_diatonic_strength": 0.525107264519,
    "tuning_equal_tempered_deviation": 0.309494167566,
    "tuning_frequency": 434.193115234,
    "tuning_nontempered_energy_ratio": 0.938616335392,
    "hpcp": {
        "mean": [0.111380770802, 0.0882904753089, 0.0725411996245, 0.092599876225, 0.116667158902, 0.0927544981241, 0.0689863190055, 0.0753002911806, 0.0873403549194, 0.137626498938, 0.15749886632, 0.125828400254, 0.168754428625, 0.199557378888, 0.135385200381, 0.0930317044258, 0.10858052969, 0.115762576461, 0.127275437117, 0.134061038494, 0.111191645265, 0.126895755529, 0.174577951431, 0.194924727082, 0.306092768908, 0.337215989828, 0.180186644197, 0.106032446027, 0.123842701316, 0.133485659957, 0.135303989053, 0.141899257898, 0.134285107255, 0.201176181436, 0.262748390436, 0.186196684837],
        "stdev": [0.180937960744, 0.161974459887, 0.151466667652, 0.176290094852, 0.219290599227, 0.172296434641, 0.136587291956, 0.157564401627, 0.170061439276, 0.21205201745, 0.223545193672, 0.182885229588, 0.25520285964, 0.280769467354, 0.200571790338, 0.170708045363, 0.21072909236, 0.211065426469, 0.211435854435, 0.218312740326, 0.18737475574, 0.217728883028, 0.295926719904, 0.287599444389, 0.319903582335, 0.368514031172, 0.253165096045, 0.188133403659, 0.220046803355, 0.228188529611, 0.20774641633, 0.211519494653, 0.20624423027, 0.26199555397, 0.336804002523, 0.246560588479]
    },
    "chords_histogram": [22.8680934906, 8.51165771484, 2.74672627449, 0.718620240688, 0.67071223259, 1.8364739418, 0.175662726164, 0.622804224491, 0.191632062197, 9.86905097961, 0.0319386795163, 1.21366977692, 1.10188436508, 0.0958160310984, 0.0479080155492, 0.415202796459, 8.32002544403, 0.0958160310984, 0.0479080155492, 0.622804224491, 3.11402106285, 0, 8.16033172607, 28.521238327],
    "thpcp": [1, 0.534336030483, 0.314434796572, 0.3672503829, 0.395846188068, 0.40123835206, 0.420796364546, 0.39821690321, 0.596579611301, 0.779169440269, 0.552158534527, 0.330295056105, 0.261821746826, 0.215117916465, 0.274601072073, 0.345971614122, 0.275059610605, 0.204576060176, 0.223299890757, 0.259004205465, 0.408125668764, 0.467056334019, 0.373138904572, 0.500434219837, 0.591779112816, 0.401479184628, 0.275881648064, 0.321991056204, 0.343289107084, 0.377430021763, 0.39755243063, 0.3297342062, 0.376304090023, 0.517703652382, 0.578041195869, 0.907705366611],
    "chords_key": "C#",
    "chords_scale": "major"
}
}