{
"metadata": {
    "version": {
        "essentia": "2.1-dev",
        "essentia_git_sha": "v2.1_beta3-415-gd5473f3",
        "extractor": "music 2.0"
    },
    "audio_properties": {
        "analysis": {
            "equal_loudness": 0,
            "length": 243.330612183,
            "sample_rate": 44100,
            "start_time": 0,
            "downmix": "mix"
        },
        "bit_rate": 192000,
        "length": 243.330612183,
        "lossless": 0,
        "number_channels": 2,
        "replay_gain": -10.3627529144,
        "sample_rate": 44100,
        "codec": "mp3",
        "md5_encoded": "31a9b50055abd119e874640bb299691b"
    },
    "tags": {
        "file_name": "dishwalla-find_your_way_back_home.mp3",
        "album": ["American Pie Soundtrack"],
        "artist": ["Dishwalla"],
        "date": ["1999"],
        "genre": ["Soundtrack"],
        "title": ["Find Your Way Home"]
    }
},
"lowlevel": {
    "average_loudness": 0.943654060364,
    "barkbands_crest": {
        "mean": 10.8066205978,
        "stdev": 4.52504634857
    },
    "barkbands_flatness_db": {
        "mean": 0.15892469883,
        "stdev": 0.124320670962
    },
    "barkbands_kurtosis": {
        "mean": 12.1668376923,
        "stdev": 29.902015686
    },
    "barkbands_skewness": {
        "mean": 2.43803572655,
        "stdev": 1.50534570217
    },
    "barkbands_spread": {
        "mean": 20.7487449646,
        "stdev": 15.661775589
    },
    "dissonance": {
        "mean": 0.450384408236,
        "stdev": 0.0488288886845
    },
    "dynamic_complexity": 3.49248099327,
    "erbbands_crest": {
        "mean": 9.64682388306,
        "stdev": 5.34313964844
    },
    "erbbands_flatness_db": {
        "mean": 0.136418581009,
        "stdev": 0.0781776234508
    },
    "erbbands_kurtosis": {
        "mean": 3.72250795364,
        "stdev": 20.8646812439
    },
    "erbbands_skewness": {
        "mean": 0.882885456085,
        "stdev": 1.39575767517
    },
    "erbbands_spread": {
        "mean": 49.4614448547,
        "stdev": 25.120880127
    },
    "hfc": {
        "mean": 22.9448280334,
        "stdev": 16.9788589478
    },
    "loudness_ebu128": {
        "integrated": -11.878033638,
        "loudness_range": 6.75067424774,
        "momentary": {
            "mean": -13.3396272659,
            "stdev": 5.09356737137
        },
        "short_term": {
            "mean": -12.9074420929,
            "stdev": 3.83826422691
        }
    },
    "melbands_crest": {
        "mean": 15.3533630371,
        "stdev": 4.90876626968
    },
    "melbands_flatness_db": {
        "mean": 0.247369751334,
        "stdev": 0.145990371704
    },
    "melbands_kurtosis": {
        "mean": 26.5907173157,
        "stdev": 34.7942199707
    },
    "melbands_skewness": {
        "mean": 3.60708022118,
        "stdev": 1.90588092804
    },
    "melbands_spread": {
        "mean": 15.5953798294,
        "stdev": 17.275554657
    },
    "pitch_salience": {
        "mean": 0.530645549297,
        "stdev": 0.130313277245
    },
    "silence_rate_20dB": {
        "mean": 1,
        "stdev": 0
    },
    "silence_rate_30dB": {
        "mean": 0.996851444244,
        "stdev": 0.0560218468308
    },
    "silence_rate_60dB": {
        "mean": 0.0619215741754,
        "stdev": 0.241022393107
    },
    "spectral_centroid": {
        "mean": 1021.70709229,
        "stdev": 613.808776855
    },
    "spectral_complexity": {
        "mean": 18.3804988861,
        "stdev": 10.2332811356
    },
    "spectral_decrease": {
        "mean": -8.87191387022e-09,
        "stdev": 6.33882413226e-09
    },
    "spectral_energy": {
        "mean": 0.0355657450855,
        "stdev": 0.0248480979353
    },
    "spectral_energyband_high": {
        "mean": 0.0013065187959,
        "stdev": 0.00149815680925
    },
    "spectral_energyband_low": {
        "mean": 0.0152488555759,
        "stdev": 0.0163265522569
    },
    "spectral_energyband_middle_high": {
        "mean": 0.00326554547064,
        "stdev": 0.00386939151213
    },
    "spectral_energyband_middle_low": {
        "mean": 0.0181012302637,
        "stdev": 0.0158052239567
    },
    "spectral_entropy": {
        "mean": 7.43772220612,
        "stdev": 0.967010617256
    },
    "spectral_flux": {
        "mean": 0.088318772614,
        "stdev": 0.0575190521777
    },
    "spectral_kurtosis": {
        "mean": 9.98927783966,
        "stdev": 25.2080173492
    },
    "spectral_rms": {
        "mean": 0.0054784542881,
        "stdev": 0.00216449098662
    },
    "spectral_rolloff": {
        "mean": 1070.60009766,
        "stdev": 1745.82702637
    },
    "spectral_skewness": {
        "mean": 2.02044391632,
        "stdev": 1.82436013222
    },
    "spectral_spread": {
        "mean": 5783969.5,
        "stdev": 1986146.5
    },
    "spectral_strongpeak": {
        "mean": 0.810269296169,
        "stdev": 0.918692827225
    },
    "zerocrossingrate": {
        "mean": 0.0625915452838,
        "stdev": 0.0456359907985
    },
    "barkbands": {
        "mean": [0.000240789406234, 0.00549138663337, 0.00720565347001, 0.00395672162995, 0.00552311399952, 0.00336883054115, 0.00203042221256, 0.0015964206541, 0.00151878618635, 0.000640636892058, 0.000346704968251, 0.000361247279216, 0.000379139237339, 0.000304138287902, 0.000263295543846, 0.000253729405813, 0.00027765322011, 0.000166609737789, 0.000218124478124, 0.000251630262937, 0.000235250437981, 0.000247460440733, 0.000179548063898, 0.000181524737854, 0.000144543781062, 0.000153190281708, 2.92979129881e-05],
        "stdev": [0.000577981234528, 0.00698076328263, 0.00914275273681, 0.00561375077814, 0.00834835972637, 0.00522134359926, 0.00332257966511, 0.00376409105957, 0.00322894239798, 0.00197904114611, 0.000924849766307, 0.00103374698665, 0.00102151313331, 0.000650097848848, 0.000499910674989, 0.000351564172888, 0.000316993129672, 0.000208499011933, 0.000243002272327, 0.000280715990812, 0.000300751853501, 0.000379577541025, 0.000349136535078, 0.00033283571247, 0.00020259275334, 0.000207677017897, 6.0176684201e-05]
    },
    "erbbands": {
        "mean": [0.109796345234, 1.46388292313, 6.99918889999, 12.5513343811, 14.0930252075, 18.1914367676, 31.0372467041, 23.4328536987, 29.3008041382, 24.9839000702, 43.1683311462, 34.9051933289, 20.2109203339, 23.7419052124, 15.1481323242, 16.8104801178, 18.9200344086, 14.6826219559, 17.0769882202, 10.9812097549, 16.5372161865, 14.366897583, 10.2104063034, 8.73355007172, 12.1733036041, 12.1166229248, 9.48168182373, 9.60046958923, 8.35165405273, 7.44608402252, 5.05733680725, 4.06082487106, 2.67608880997, 1.54167151451, 1.09925580025, 0.701554954052, 0.270960062742, 0.0605960823596, 0.00504229636863, 0.00015051200171],
        "stdev": [0.179741919041, 1.73857724667, 8.03445529938, 16.642408371, 25.4280967712, 31.4221572876, 52.7445144653, 40.1754302979, 46.0334014893, 46.5714645386, 101.896835327, 79.4014282227, 49.0394287109, 77.7672424316, 33.9595680237, 45.7421722412, 49.4582672119, 30.9327278137, 32.5386543274, 18.3589801788, 20.6113262177, 15.6654548645, 12.0120677948, 9.80165481567, 13.1837472916, 14.0204877853, 11.4873447418, 13.0873680115, 13.1013431549, 12.2840528488, 10.2270669937, 8.37218093872, 4.55813741684, 2.23351168633, 1.61238753796, 0.92537432909, 0.387966275215, 0.0999662429094, 0.0110955620185, 0.000271379889455]
    },
    "gfcc": {
        "mean": [-0.715292096138, 80.867477417, -71.8825836182, 32.2086143494, -55.9723014832, 7.93453979492, -39.9995918274, 8.14159297943, -24.9015159607, 6.04786777496, -22.8739585876, 0.493928700686, -14.9772939682],
        "cov": [[21168.4199219, -4060.44018555, -4250.11181641, -424.432434082, -1246.08190918, 278.346740723, -488.668884277, 378.058410645, -660.509033203, 563.501281738, -598.841674805, 495.830200195, -592.170227051], [-4060.44018555, 2138.88769531, 740.115661621, -91.0605545044, 375.923248291, -135.141967773, 181.661758423, -55.0478897095, 207.617599487, -171.649597168, 148.610702515, -178.111206055, 172.634765625], [-4250.11181641, 740.115661621, 1688.63244629, 178.102844238, 342.59552002, -20.5143909454, 149.286590576, -93.5534439087, 191.051071167, -71.7976074219, 124.878677368, -87.7486801147, 92.2202835083], [-424.432434082, -91.0605545044, 178.102844238, 448.164031982, 67.7875442505, 88.4564437866, -11.9782247543, 17.2042102814, 27.1222858429, 2.33927226067, 13.7440052032, -23.3806648254, 31.1224803925], [-1246.08190918, 375.923248291, 342.59552002, 67.7875442505, 404.074127197, 16.5723495483, 115.999359131, 10.0684967041, 73.507522583, -17.9854927063, 39.2548370361, -42.070526123, 29.1233901978], [278.346740723, -135.141967773, -20.5143909454, 88.4564437866, 16.5723495483, 220.925231934, 57.5546875, 28.7476177216, -12.1279668808, 18.0755577087, 2.78195357323, 2.70269227028, -19.7044181824], [-488.668884277, 181.661758423, 149.286590576, -11.9782247543, 115.999359131, 57.5546875, 183.995727539, 32.3184814453, 32.3109397888, -4.9302945137, 25.9800891876, -18.4603939056, -3.8705804348], [378.058410645, -55.0478897095, -93.5534439087, 17.2042102814, 10.0684967041, 28.7476177216, 32.3184814453, 106.080345154, 22.291179657, 16.8694343567, -11.1771087646, -2.82603383064, -8.70765399933], [-660.509033203, 207.617599487, 191.051071167, 27.1222858429, 73.507522583, -12.1279668808, 32.3109397888, 22.291179657, 111.236549377, 10.9034805298, 27.8581829071, -26.3652038574, 22.7959289551], [563.501281738, -171.649597168, -71.7976074219, 2.33927226067, -17.9854927063, 18.0755577087, -4.9302945137, 16.8694343567, 10.9034805298, 93.0386428833, 9.4905128479, 18.671415329, -27.0992221832], [-598.841674805, 148.610702515, 124.878677368, 13.7440052032, 39.2548370361, 2.78195357323, 25.9800891876, -11.1771087646, 27.8581829071, 9.4905128479, 86.5291137695, 2.36974620819, 18.6006031036], [495.830200195, -178.111206055, -87.7486801147, -23.3806648254, -42.070526123, 2.70269227028, -18.4603939056, -2.82603383064, -26.3652038574, 18.671415329, 2.36974620819, 79.2002868652, 3.20539307594], [-592.170227051, 172.634765625, 92.2202835083, 31.1224803925, 29.1233901978, -19.7044181824, -3.8705804348, -8.70765399933, 22.7959289551, -27.0992221832, 18.6006031036, 3.20539307594, 84.6455078125]],
        "icov": [[0.000191454601008, 1.26391360027e-05, 0.000259875116171, -7.63993557484e-06, 9.54016650212e-05, -8.14306840766e-05, 8.84603359737e-05, -0.000306081405142, 0.000261479523033, -0.000662931648549, 0.000712502980605, -0.000621125567704, 0.00053836661391], [1.26391360027e-05, 0.00125395436771, 7.43605269236e-05, 0.000510721933097, -0.000418359733885, 0.000341547449352, -0.000558243889827, 0.000507443677634, -0.0011676393915, 0.00145551457535, -0.00136211863719, 0.00199707807042, -0.00148355867714], [0.000259875116171, 7.43605269236e-05, 0.00143192964606, -0.000329057656927, -0.000240989233134, 5.8227305999e-06, -0.00046456704149, 0.00093509000726, -0.00118600204587, -0.000169283128344, 0.000311773474095, -0.000562193803489, 0.000604522821959], [-7.63993557484e-06, 0.000510721933097, -0.000329057656927, 0.00310080475174, -0.000559546402656, -0.00131857371889, 0.00108350708615, -0.000569803873077, -0.000254472048255, 0.000202749375603, -0.000652653514408, 0.00168652506545, -0.00178717216477], [9.54016650212e-05, -0.000418359733885, -0.000240989233134, -0.000559546402656, 0.00384477013722, 6.62987222313e-05, -0.00164397037588, -0.000294776953524, -0.000326653884258, -0.000703241501469, 0.000648965651635, -0.000298752536764, 0.000307580077788], [-8.14306840766e-05, 0.000341547449352, 5.8227305999e-06, -0.00131857371889, 6.62987222313e-05, 0.00617046141997, -0.00252473307773, -0.000444826524472, 0.000890058290679, -7.67350793467e-05, -0.000846660928801, 0.000440142001025, 0.00036970488145], [8.84603359737e-05, -0.000558243889827, -0.00046456704149, 0.00108350708615, -0.00164397037588, -0.00252473307773, 0.00904259458184, -0.0031637607608, 0.000557922001462, 4.75150545753e-06, -0.000816366693471, -0.000667757820338, 0.00198703352362], [-0.000306081405142, 0.000507443677634, 0.00093509000726, -0.000569803873077, -0.000294776953524, -0.000444826524472, -0.0031637607608, 0.0138527387753, -0.00557345803827, 0.000846993178129, 0.000537216721568, 0.00151448627003, -0.00111049262341], [0.000261479523033, -0.0011676393915, -0.00118600204587, -0.000254472048255, -0.000326653884258, 0.000890058290679, 0.000557922001462, -0.00557345803827, 0.0173443499953, -0.00664159143344, 0.000233555590967, 0.00147003901657, -0.00153618282638], [-0.000662931648549, 0.00145551457535, -0.000169283128344, 0.000202749375603, -0.000703241501469, -7.67350793467e-05, 4.75150545753e-06, 0.000846993178129, -0.00664159143344, 0.0190927274525, -0.00688825640827, 0.000360585923772, 0.00221620872617], [0.000712502980605, -0.00136211863719, 0.000311773474095, -0.000652653514408, 0.000648965651635, -0.000846660928801, -0.000816366693471, 0.000537216721568, 0.000233555590967, -0.00688825640827, 0.0191573724151, -0.00608111266047, 0.00101281970274], [-0.000621125567704, 0.00199707807042, -0.000562193803489, 0.00168652506545, -0.000298752536764, 0.000440142001025, -0.000667757820338, 0.00151448627003, 0.00147003901657, 0.000360585923772, -0.00608111266047, 0.0215097870678, -0.00785414595157], [0.00053836661391, -0.00148355867714, 0.000604522821959, -0.00178717216477, 0.000307580077788, 0.00036970488145, 0.00198703352362, -0.00111049262341, -0.00153618282638, 0.00221620872617, 0.00101281970274, -0.00785414595157, 0.0197594836354]]
    },
    "melbands": {
        "mean": [0.00127556174994, 0.00317678018473, 0.00224642222747, 0.00109517970122, 0.00104410073254, 0.000543708272744, 0.00045011198381, 0.000263419962721, 0.000357259996235, 0.000206153883482, 9.55669311224e-05, 9.71842455328e-05, 4.90778656967e-05, 4.32199885836e-05, 4.13034213125e-05, 3.68059918401e-05, 2.60061642621e-05, 2.86954655166e-05, 1.7359650883e-05, 1.38668247018e-05, 2.12152499444e-05, 1.52375596372e-05, 1.23895852084e-05, 7.02851275491e-06, 6.7758228397e-06, 9.01012663235e-06, 8.49456046126e-06, 7.97274788056e-06, 5.92627520746e-06, 5.86368651057e-06, 5.43293117516e-06, 4.64733921035e-06, 4.74359239888e-06, 3.79131438422e-06, 2.93422158393e-06, 2.58305158241e-06, 2.47374032369e-06, 1.95980737772e-06, 1.54278518494e-06, 1.20607603549e-06],
        "stdev": [0.0017663348699, 0.00341536174528, 0.00277737993747, 0.00185711379163, 0.00160312454682, 0.000876685546245, 0.000714358699042, 0.000486372911837, 0.000826694420539, 0.0004741611192, 0.000245757168159, 0.00033253536094, 0.000123303369037, 0.000113161841, 0.000111666493467, 9.57319207373e-05, 5.72706012463e-05, 6.09058224654e-05, 3.61472666555e-05, 2.28200478887e-05, 2.74481626548e-05, 1.73087300936e-05, 1.65781984833e-05, 9.70347900875e-06, 8.10936944617e-06, 1.02327594504e-05, 9.47727039602e-06, 1.03764687083e-05, 7.56362987886e-06, 7.79667880124e-06, 7.89308433014e-06, 7.49548871681e-06, 7.83139694249e-06, 6.64893786961e-06, 6.3572892941e-06, 5.15860983796e-06, 5.43124406249e-06, 3.52358892997e-06, 2.44151351581e-06, 1.7975631863e-06]
    },
    "melbands128": {
        "mean": [0.000218566172407, 0.00067934388062, 0.00162103283219, 0.00258905021474, 0.00332179362886, 0.00363784725778, 0.00269001233391, 0.00177318986971, 0.00147166394163, 0.000923895393498, 0.000978759839199, 0.00109483581036, 0.00124048080761, 0.000805089191999, 0.000483852578327, 0.000478383415611, 0.000354520656401, 0.000560973479878, 0.000367274653399, 0.000271634751698, 0.000144378311234, 0.000347672059434, 0.000458419817733, 0.000247797172051, 0.0002576749539, 0.000141930097016, 0.000188689737115, 5.49917531316e-05, 5.07928089064e-05, 0.000140218675369, 0.000102868383692, 3.64107872883e-05, 5.73898942093e-05, 4.80762719235e-05, 3.16684199788e-05, 4.76368950331e-05, 5.43854184798e-05, 2.49091845035e-05, 4.81086754007e-05, 5.23223861819e-05, 2.15558175114e-05, 3.71236201318e-05, 2.2681970222e-05, 2.11592905544e-05, 3.30828370352e-05, 2.76547016256e-05, 3.0076591429e-05, 1.6300167772e-05, 1.33055309561e-05, 1.26265013023e-05, 1.4359029592e-05, 1.18043026305e-05, 2.40620756813e-05, 2.24871018872e-05, 2.16920325329e-05, 1.22044493764e-05, 1.2151905139e-05, 1.5818493921e-05, 1.13621854325e-05, 8.12655798654e-06, 7.13159533916e-06, 5.75702506467e-06, 5.65331356484e-06, 6.90496881361e-06, 9.15995860851e-06, 8.52930952533e-06, 9.9603948911e-06, 8.38906271383e-06, 7.95938831288e-06, 8.88260092324e-06, 8.08876302472e-06, 7.71918712417e-06, 6.81352275933e-06, 5.40998644283e-06, 5.00167288919e-06, 5.54428879695e-06, 7.08578591002e-06, 5.23866856383e-06, 5.2696423154e-06, 5.42550696991e-06, 4.49243088951e-06, 4.27683426096e-06, 4.99591124026e-06, 4.3615341383e-06, 5.35701792614e-06, 3.96284758608e-06, 3.24425059262e-06, 3.39990401699e-06, 2.71858539236e-06, 2.82693349618e-06, 2.73668183581e-06, 2.43291060542e-06, 2.53130338024e-06, 2.43681211032e-06, 2.64717345999e-06, 1.99418627744e-06, 1.87890827874e-06, 1.63062225056e-06, 1.77931894996e-06, 1.33415744585e-06, 1.24171583593e-06, 1.15475268103e-06, 1.19742492188e-06, 1.21806397146e-06, 1.24457085349e-06, 1.23760935367e-06, 1.29717022901e-06, 1.29678403482e-06, 1.24823372971e-06, 1.22998085317e-06, 9.95411710392e-07, 9.85141355159e-07, 8.40131235691e-07, 7.42094584893e-07, 6.5871535071e-07, 5.40928454029e-07, 4.20724518335e-07, 3.64372937156e-07, 2.65571060254e-07, 1.60555771345e-07, 8.31172783933e-08, 3.11112628992e-08, 1.48829828461e-08, 5.77011327607e-09, 2.41023179193e-09, 2.57774440682e-10, 4.74825083766e-12, 4.70697395991e-12],
        "stdev": [0.000527086202055, 0.00137874123175, 0.00255262898281, 0.00321551575325, 0.00372175383382, 0.00488280365244, 0.0039055426605, 0.00256285397336, 0.00328952074051, 0.00226103328168, 0.00231050653383, 0.00196189130656, 0.00253618997522, 0.00154922099318, 0.00112600857392, 0.00109442253597, 0.000584610563237, 0.0012448860798, 0.000726862403098, 0.000802130671218, 0.000458097812952, 0.00103378132917, 0.00134898850229, 0.000758494774345, 0.000868468545377, 0.00045958798728, 0.000602102023549, 0.000220210800762, 0.000240880748606, 0.000537792686373, 0.000457327230833, 0.000142495715409, 0.00019683408027, 0.000148685634485, 0.000160286188475, 0.000150901207235, 0.00023197264818, 0.000124002704979, 0.000175662353286, 0.00018655443273, 0.00010431924602, 0.000144810168422, 6.86627317918e-05, 6.44452229608e-05, 0.000104750528408, 8.65651309141e-05, 7.11366083124e-05, 6.59146753605e-05, 3.66429594578e-05, 3.61429665645e-05, 3.23121676047e-05, 2.48999531323e-05, 4.54173496109e-05, 3.37688434229e-05, 3.33385287377e-05, 1.8644694137e-05, 2.09063891816e-05, 2.92399327009e-05, 1.9223878553e-05, 1.34709225676e-05, 1.39090343509e-05, 1.09402290036e-05, 8.14539271232e-06, 9.99307576421e-06, 1.33088133225e-05, 1.11436256702e-05, 1.31702436192e-05, 1.17024528663e-05, 1.11420094981e-05, 1.19518545034e-05, 1.36429853228e-05, 1.423818685e-05, 9.43253598962e-06, 8.92482330528e-06, 8.35733135318e-06, 8.71326847118e-06, 1.08693902803e-05, 8.45015620143e-06, 8.99097267393e-06, 8.57242866914e-06, 8.3180002548e-06, 7.87734006735e-06, 9.02029114513e-06, 8.61949683895e-06, 9.27311157284e-06, 7.46942032492e-06, 6.79051800034e-06, 7.20618254491e-06, 7.04677813701e-06, 6.53780534776e-06, 6.32893215879e-06, 4.88358318762e-06, 5.98819997322e-06, 6.68409848004e-06, 5.6246690292e-06, 4.25057442044e-06, 3.50390405401e-06, 3.10079894916e-06, 3.01681757264e-06, 2.2463575533e-06, 2.09316181099e-06, 1.87415309938e-06, 1.91435242414e-06, 1.97750250663e-06, 2.085842425e-06, 2.0813881747e-06, 1.97695226234e-06, 1.89863010291e-06, 1.7824504539e-06, 1.80510221526e-06, 1.45675983276e-06, 1.49271795635e-06, 1.28696774482e-06, 1.22861445107e-06, 1.1388482335e-06, 9.37833419812e-07, 7.50505819269e-07, 7.7139293353e-07, 6.22164350261e-07, 4.46679564448e-07, 2.94914514143e-07, 1.54697147536e-07, 1.00410566972e-07, 5.03200610069e-08, 2.56243009034e-08, 4.88693752132e-09, 7.42930109793e-12, 7.38210013951e-12]
    },
    "mfcc": {
        "mean": [-651.920959473, 115.652488708, 32.0591049194, 29.9022808075, 7.77798128128, 4.8969373703, -3.3254032135, -0.802966296673, 1.43867051601, 1.87611031532, -2.24141836166, -0.0347209759057, -0.986141979694],
        "cov": [[15640.7890625, -2027.54614258, -2399.07470703, -752.655883789, -966.188842773, -268.23147583, -268.094024658, -190.632476807, -180.07232666, -77.0824890137, -15.0792398453, 33.9233360291, -60.5953788757], [-2027.54614258, 1515.95336914, 229.759140015, 39.1047401428, 132.353378296, -45.4687004089, 23.5814800262, 20.2242012024, 46.1437149048, 27.0538101196, -10.9682426453, -15.537109375, 23.08527565], [-2399.07470703, 229.759140015, 951.741821289, 230.663986206, 166.955551147, 108.181655884, 14.8632116318, 24.1170482635, 24.3415260315, 22.0513591766, 23.4864063263, -3.15395283699, 6.79972362518], [-752.655883789, 39.1047401428, 230.663986206, 325.412811279, 156.608413696, 44.7794761658, 26.8959388733, 15.2516384125, 47.9854507446, 25.2586917877, 5.77667856216, 5.8328166008, 17.2284984589], [-966.188842773, 132.353378296, 166.955551147, 156.608413696, 266.597412109, 78.4431304932, 49.5738830566, 27.7368049622, 52.1422348022, 38.0629119873, -4.37479114532, 6.77117204666, 28.1555080414], [-268.23147583, -45.4687004089, 108.181655884, 44.7794761658, 78.4431304932, 174.116882324, 84.5948562622, 36.5699234009, 24.419090271, 20.6258907318, 31.6272392273, 9.16701316833, 8.22671699524], [-268.094024658, 23.5814800262, 14.8632116318, 26.8959388733, 49.5738830566, 84.5948562622, 159.007125854, 64.8259506226, 30.9573345184, 28.4243526459, 30.7311687469, 13.0501356125, 9.1308555603], [-190.632476807, 20.2242012024, 24.1170482635, 15.2516384125, 27.7368049622, 36.5699234009, 64.8259506226, 102.898971558, 40.6397895813, 20.1652622223, 14.2765264511, 0.00645330129191, 6.61788082123], [-180.07232666, 46.1437149048, 24.3415260315, 47.9854507446, 52.1422348022, 24.419090271, 30.9573345184, 40.6397895813, 97.4982147217, 42.1833343506, 11.8732881546, 4.44224596024, 4.43482780457], [-77.0824890137, 27.0538101196, 22.0513591766, 25.2586917877, 38.0629119873, 20.6258907318, 28.4243526459, 20.1652622223, 42.1833343506, 86.6912765503, 32.7879486084, 13.6131811142, 1.43010616302], [-15.0792398453, -10.9682426453, 23.4864063263, 5.77667856216, -4.37479114532, 31.6272392273, 30.7311687469, 14.2765264511, 11.8732881546, 32.7879486084, 87.3735961914, 29.6656284332, 4.15828084946], [33.9233360291, -15.537109375, -3.15395283699, 5.8328166008, 6.77117204666, 9.16701316833, 13.0501356125, 0.00645330129191, 4.44224596024, 13.6131811142, 29.6656284332, 65.7394332886, 27.3419017792], [-60.5953788757, 23.08527565, 6.79972362518, 17.2284984589, 28.1555080414, 8.22671699524, 9.1308555603, 6.61788082123, 4.43482780457, 1.43010616302, 4.15828084946, 27.3419017792, 59.7361984253]],
        "icov": [[0.000144870515214, 0.000114016038424, 0.00030521224835, -3.75351373805e-05, 0.000339937832905, -0.000168828293681, 0.000195109954802, 5.69980657019e-05, 4.7493317652e-06, -0.000170162107679, 3.66033345927e-05, -2.83876761387e-05, -7.99680201453e-05], [0.000114016038424, 0.000859658292029, 6.71807038088e-06, 0.000254709186265, -0.000203151983442, 0.000547018193174, -0.000180495582754, 0.000151889791596, -0.000285595480818, -0.000143454410136, -6.56637857901e-05, 0.000342114537489, -0.000386989122489], [0.00030521224835, 6.71807038088e-06, 0.00210618157871, -0.000975461676717, 0.000485105643747, -0.00128524925094, 0.00113117101137, -0.000274418707704, 0.000509800505824, -0.000351504975697, -0.000270348915365, 4.56149064121e-05, 0.00012295639317], [-3.75351373805e-05, 0.000254709186265, -0.000975461676717, 0.00497452588752, -0.00254471157677, 0.000804792740382, -0.0004516771005, 0.000634865195025, -0.00150837714318, 0.000485785945784, -0.0004185247235, 0.000151074156747, -0.000312562391628], [0.000339937832905, -0.000203151983442, 0.000485105643747, -0.00254471157677, 0.00784867536277, -0.00277988053858, 0.000132526169182, 0.000391025270801, -0.00104085460771, -0.00232965988107, 0.00249818572775, -3.90568711737e-05, -0.00230100238696], [-0.000168828293681, 0.000547018193174, -0.00128524925094, 0.000804792740382, -0.00277988053858, 0.0100159719586, -0.00460667256266, 0.000176582019776, -0.000501590955537, 0.00112999149133, -0.00247491523623, 0.000824034563266, -4.77177854918e-05], [0.000195109954802, -0.000180495582754, 0.00113117101137, -0.0004516771005, 0.000132526169182, -0.00460667256266, 0.0115936268121, -0.00543033657596, 0.000746536068618, -0.00121816201136, -0.00104532681871, -0.00114872667473, 0.000242903566686], [5.69980657019e-05, 0.000151889791596, -0.000274418707704, 0.000634865195025, 0.000391025270801, 0.000176582019776, -0.00543033657596, 0.015201552771, -0.00517068477347, 0.000362979859347, -0.000683776626829, 0.00229865219444, -0.00184476491995], [4.7493317652e-06, -0.000285595480818, 0.000509800505824, -0.00150837714318, -0.00104085460771, -0.000501590955537, 0.000746536068618, -0.00517068477347, 0.0161963012069, -0.0062276897952, 0.00084906257689, -0.000291199452477, 0.000531434314325], [-0.000170162107679, -0.000143454410136, -0.000351504975697, 0.000485785945784, -0.00232965988107, 0.00112999149133, -0.00121816201136, 0.000362979859347, -0.0062276897952, 0.0177664253861, -0.00566031550989, -0.00114547251724, 0.00182646710891], [3.66033345927e-05, -6.56637857901e-05, -0.000270348915365, -0.0004185247235, 0.00249818572775, -0.00247491523623, -0.00104532681871, -0.000683776626829, 0.00084906257689, -0.00566031550989, 0.0174099449068, -0.0071904566139, 0.00176459248178], [-2.83876761387e-05, 0.000342114537489, 4.56149064121e-05, 0.000151074156747, -3.90568711737e-05, 0.000824034563266, -0.00114872667473, 0.00229865219444, -0.000291199452477, -0.00114547251724, -0.0071904566139, 0.0232766699046, -0.0104883247986], [-7.99680201453e-05, -0.000386989122489, 0.00012295639317, -0.000312562391628, -0.00230100238696, -4.77177854918e-05, 0.000242903566686, -0.00184476491995, 0.000531434314325, 0.00182646710891, 0.00176459248178, -0.0104883247986, 0.0227378066629]]
    },
    "spectral_contrast_coeffs": {
        "mean": [-0.68284291029, -0.74845033884, -0.774848997593, -0.812699556351, -0.817587971687, -0.784562885761],
        "stdev": [0.0736484229565, 0.0726745128632, 0.0650067701936, 0.0483538508415, 0.0381725244224, 0.0431015118957]
    },
    "spectral_contrast_valleys": {
        "mean": [-6.3712720871, -6.73350715637, -7.85324954987, -7.99407863617, -7.7966337204, -9.98307228088],
        "stdev": [1.02076768875, 1.37585914135, 1.53551244736, 1.63836669922, 1.74049532413, 1.6370934248]
    }
},
"rhythm": {
    "beats_count": 609,
    "beats_loudness": {
        "mean": 0.0428962670267,
        "stdev": 0.0227902829647
    },
    "bpm": 151.012481689,
    "bpm_histogram_first_peak_bpm": 152,
    "bpm_histogram_first_peak_weight": 0.315352678299,
    "bpm_histogram_second_peak_bpm": 144,
    "bpm_histogram_second_peak_spread": 0.209302306175,
    "bpm_histogram_second_peak_weight": 0.0559210516512,
    "danceability": 1.13912844658,
    "onset_rate": 3.10258936882,
    "beats_loudness_band_ratio": {
        "mean": [0.559855282307, 0.224564298987, 0.139424592257, 0.0425386242568, 0.0364002883434, 0.0554801039398],
        "stdev": [0.230938270688, 0.169695198536, 0.13667576015, 0.0602371506393, 0.0404828153551, 0.0619530044496]
    },
    "beats_position": [0.441179126501, 0.882358253002, 1.3235373497, 1.764716506, 2.18267560005, 2.60063481331, 3.00698399544, 3.41333317757, 3.80807256699, 4.20281171799, 4.59755086899, 5.00390005112, 5.41024923325, 5.81659841537, 6.2229475975, 6.62929677963, 7.02403593063, 7.41877555847, 7.77868461609, 8.12698364258, 8.48689365387, 8.84680271149, 9.2067117691, 9.55501079559, 9.89170074463, 10.2167797089, 10.623128891, 11.0410881042, 11.4474372864, 11.8653964996, 12.2717456818, 12.6780948639, 13.0960540771, 13.4907932281, 13.8971424103, 14.3034915924, 14.6982307434, 15.0929698944, 15.4877090454, 15.8824491501, 16.2771873474, 16.6719264984, 17.0666656494, 17.4614048004, 17.8445339203, 18.2276649475, 18.6224040985, 19.0171432495, 19.4118824005, 19.7950115204, 20.1897506714, 20.5728797913, 20.9676189423, 21.3623580933, 21.7454872131, 22.1402263641, 22.523355484, 22.918094635, 23.312833786, 23.707572937, 24.102312088, 24.497051239, 24.89179039, 25.286529541, 25.6696586609, 26.0527877808, 26.4591369629, 26.865486145, 27.2602272034, 27.6549663544, 28.0497055054, 28.4444446564, 28.8391838074, 29.2339229584, 29.6286621094, 30.0234012604, 30.4181404114, 30.8128795624, 31.2076187134, 31.6023578644, 32.0087051392, 32.4150543213, 32.8097953796, 33.204536438, 33.5992736816, 33.99401474, 34.3887519836, 34.783493042, 35.1782302856, 35.5845794678, 35.9793205261, 36.3740577698, 36.7687988281, 37.1635360718, 37.5582771301, 37.94140625, 38.3361434937, 38.730884552, 39.1256217957, 39.520362854, 39.9151000977, 40.3214492798, 40.7161903381, 41.1109275818, 41.5172767639, 41.9120178223, 42.3067550659, 42.7014961243, 43.0962333679, 43.4909744263, 43.8857116699, 44.2804527283, 44.6751937866, 45.0699310303, 45.4762802124, 45.8710212708, 46.2773704529, 46.6721076965, 47.0668487549, 47.4615859985, 47.8563270569, 48.2510643005, 48.6458053589, 49.0405426025, 49.4352836609, 49.8300209045, 50.2247619629, 50.6194992065, 51.0026283264, 51.3973693848, 51.8037185669, 52.1984558105, 52.5931968689, 52.9879341125, 53.3826751709, 53.7774124146, 54.1721534729, 54.5668907166, 54.9616317749, 55.3563690186, 55.7511100769, 56.1458511353, 56.5405883789, 56.9353294373, 57.3300666809, 57.7248077393, 58.1195449829, 58.5142860413, 58.9206352234, 59.3269844055, 59.7217216492, 60.1164627075, 60.5111999512, 60.9059410095, 61.3006782532, 61.7070274353, 62.1133766174, 62.5081176758, 62.8912467957, 63.2743759155, 63.6691131592, 64.0638504028, 64.4585952759, 64.864944458, 65.2712936401, 65.6660308838, 66.0607681274, 66.4555053711, 66.8502502441, 67.2565994263, 67.6629486084, 68.0576858521, 68.4524230957, 68.8355560303, 69.2186813354, 69.6134262085, 70.0197753906, 70.4145126343, 70.8208618164, 71.2155990601, 71.6103363037, 72.0050811768, 72.3998184204, 72.7945556641, 73.1892929077, 73.5840377808, 73.9903869629, 74.396736145, 74.7914733887, 75.1862106323, 75.5693435669, 75.9524688721, 76.3472061157, 76.7419509888, 77.1483001709, 77.554649353, 77.9493865967, 78.3557357788, 78.7504730225, 79.1568222046, 79.5515594482, 79.9579086304, 80.3642578125, 80.7590026855, 81.1537399292, 81.5484771729, 81.9316101074, 82.3379592896, 82.7326965332, 83.1274337769, 83.5221786499, 83.9169158936, 84.3232650757, 84.7296142578, 85.1243515015, 85.5190887451, 85.9138336182, 86.3085708618, 86.7033081055, 87.0980453491, 87.5043945312, 87.9107437134, 88.3054885864, 88.7002258301, 89.0949630737, 89.4780960083, 89.8844451904, 90.2791824341, 90.6739196777, 91.0686569214, 91.4634017944, 91.8581390381, 92.2528762817, 92.6592254639, 93.065574646, 93.460319519, 93.8550567627, 94.2497940063, 94.64453125, 95.039276123, 95.4456253052, 95.8519744873, 96.246711731, 96.6414489746, 97.0477981567, 97.4541473389, 97.8488845825, 98.2436294556, 98.6499786377, 99.0563278198, 99.4510650635, 99.8458023071, 100.240539551, 100.635284424, 101.030021667, 101.424758911, 101.819496155, 102.214241028, 102.608978271, 103.003715515, 103.410064697, 103.816413879, 104.211151123, 104.605895996, 105.00063324, 105.395370483, 105.801719666, 106.208068848, 106.61441803, 107.020767212, 107.415504456, 107.810249329, 108.204986572, 108.611335754, 109.017684937, 109.41242218, 109.807167053, 110.201904297, 110.596641541, 111.002990723, 111.409339905, 111.804077148, 112.198822021, 112.593559265, 112.988296509, 113.383033752, 113.766166687, 114.149291992, 114.544036865, 114.938774109, 115.333511353, 115.728248596, 116.122993469, 116.517730713, 116.924079895, 117.330429077, 117.725166321, 118.119903564, 118.526252747, 118.932601929, 119.327346802, 119.722084045, 120.116821289, 120.511566162, 120.906303406, 121.301040649, 121.695777893, 122.090522766, 122.48526001, 122.879997253, 123.286346436, 123.692695618, 124.087432861, 124.493782043, 124.900131226, 125.294876099, 125.701225281, 126.107574463, 126.490699768, 126.885437012, 127.268569946, 127.66330719, 128.058044434, 128.452789307, 128.847518921, 129.242263794, 129.637008667, 130.031738281, 130.426483154, 130.821228027, 131.215957642, 131.622314453, 132.028656006, 132.423400879, 132.818145752, 133.212875366, 133.607620239, 134.013961792, 134.420318604, 134.815048218, 135.221405029, 135.627746582, 136.022491455, 136.417236328, 136.811965942, 137.206710815, 137.613052368, 138.01940918, 138.414154053, 138.820495605, 139.226852417, 139.63319397, 140.027938843, 140.422668457, 140.829025269, 141.235366821, 141.641723633, 142.048065186, 142.442810059, 142.907211304, 143.371612549, 143.847610474, 144.312011719, 144.776412964, 145.240814209, 145.670379639, 146.099945068, 146.529525757, 146.959091187, 147.377044678, 147.795013428, 148.212966919, 148.63092041, 149.04888916, 149.47845459, 149.90802002, 150.384033203, 150.871658325, 151.336044312, 151.754013062, 152.183578491, 152.636367798, 153.089157104, 153.541946411, 153.971511841, 154.389480591, 154.807434082, 155.225387573, 155.631744385, 156.038085938, 156.456054688, 156.874008179, 157.291976929, 157.70993042, 158.127883911, 158.545852661, 158.963806152, 159.381759644, 159.799728394, 160.217681885, 160.635650635, 161.053604126, 161.471557617, 161.901138306, 162.319091797, 162.737045288, 163.155014038, 163.561355591, 163.979324341, 164.397277832, 164.815231323, 165.233200073, 165.627929688, 166.022674561, 166.417419434, 166.823760986, 167.230117798, 167.624847412, 168.019592285, 168.414321899, 168.809066772, 169.203811646, 169.610153198, 170.004898071, 170.411239624, 170.805984497, 171.21232605, 171.618682861, 172.013427734, 172.408157349, 172.802902222, 173.197631836, 173.603988647, 174.0103302, 174.416687012, 174.823028564, 175.217773438, 175.612518311, 176.018859863, 176.425216675, 176.831558228, 177.237915039, 177.632644653, 178.027389526, 178.422134399, 178.816864014, 179.211608887, 179.606338501, 180.001083374, 180.395828247, 180.8021698, 181.208526611, 181.603256226, 181.998001099, 182.40435791, 182.799087524, 183.205444336, 183.60017395, 184.006530762, 184.412872314, 184.807617188, 185.202362061, 185.597091675, 185.991836548, 186.398178101, 186.804534912, 187.199264526, 187.594009399, 187.988754272, 188.383483887, 188.77822876, 189.172973633, 189.579315186, 189.985671997, 190.380401611, 190.775146484, 191.169876099, 191.57623291, 191.959365845, 192.354095459, 192.748840332, 193.143585205, 193.538314819, 193.933059692, 194.327789307, 194.734146118, 195.128890991, 195.512008667, 195.918365479, 196.324707031, 196.731063843, 197.137405396, 197.532150269, 197.926895142, 198.321624756, 198.716369629, 199.122711182, 199.529067993, 199.923812866, 200.31854248, 200.724899292, 201.119628906, 201.525985718, 201.920715332, 202.315460205, 202.710205078, 203.104934692, 203.499679565, 203.894424438, 204.289154053, 204.683898926, 205.06703186, 205.450149536, 205.844894409, 206.239639282, 206.634368896, 207.02911377, 207.423858643, 207.818588257, 208.21333313, 208.619674683, 209.026031494, 209.420761108, 209.815505981, 210.210250854, 210.604980469, 210.999725342, 211.394470215, 211.789199829, 212.183944702, 212.578674316, 212.973419189, 213.368164062, 213.762893677, 214.15763855, 214.552383423, 214.958724976, 215.353469849, 215.759811401, 216.154556274, 216.549285889, 216.944030762, 217.338775635, 217.745117188, 218.151473999, 218.546203613, 218.952560425, 219.358901978, 219.753646851, 220.148391724, 220.554733276, 220.961090088, 221.367431641, 221.773788452, 222.180130005, 222.574874878, 222.969604492, 223.375961304, 223.770706177, 224.165435791, 224.571792603, 224.978134155, 225.384490967, 225.79083252, 226.185577393, 226.580307007, 226.97505188, 227.381408691, 227.787750244, 228.194107056, 228.600448608, 228.995193481, 229.401535034, 229.807891846, 230.214233398, 230.562530518, 230.922439575, 231.282348633, 231.64225769, 232.002166748, 232.373687744, 232.733596802, 233.105117798, 233.476638794, 233.84815979, 234.208068848, 234.567977905, 234.939498901, 235.299407959, 235.659317017, 236.019226074, 236.379135132, 236.750656128, 237.122177124, 237.49369812, 237.865203857, 238.236724854, 238.60824585, 238.979766846, 239.36289978, 239.746032715, 240.129150391, 240.512283325, 240.883804321, 241.255325317, 241.626846313, 242.009979248, 242.393096924, 242.776229858],
    "bpm_histogram": [0, 0, 0, 0, 0, 0, 0, 0, 0, 0, 0, 0, 0, 0, 0, 0, 0, 0, 0, 0, 0, 0, 0, 0, 0, 0, 0, 0, 0, 0, 0, 0, 0, 0, 0, 0, 0, 0, 0, 0, 0, 0, 0, 0, 0, 0, 0, 0, 0, 0, 0, 0, 0, 0, 0, 0, 0, 0, 0, 0, 0, 0, 0, 0, 0, 0, 0, 0, 0, 0, 0, 0, 0, 0, 0, 0, 0, 0, 0, 0, 0, 0, 0, 0, 0, 0, 0, 0, 0, 0, 0, 0, 0, 0, 0, 0, 0, 0, 0, 0, 0, 0, 0, 0, 0, 0, 0, 0, 0, 0, 0, 0, 0, 0, 0, 0, 0, 0, 0, 0, 0, 0, 0, 0.00164473685436, 0, 0, 0.00328947370872, 0, 0, 0.0098684206605, 0, 0, 0, 0.00493421033025, 0, 0, 0.00493421033025, 0, 0, 0, 0.0148026319221, 0, 0, 0, 0.0559210516512, 0, 0, 0, 0.25, 0, 0, 0, 0.54276317358, 0, 0, 0, 0, 0.054276317358, 0, 0, 0, 0.0230263154954, 0.00164473685436, 0, 0, 0, 0, 0.0246710535139, 0, 0, 0, 0, 0.00493421033025, 0, 0, 0, 0, 0, 0.00164473685436, 0, 0, 0, 0, 0, 0, 0.00164473685436, 0, 0, 0, 0, 0, 0, 0, 0, 0, 0, 0, 0, 0, 0, 0, 0, 0, 0, 0, 0, 0, 0, 0, 0, 0, 0, 0, 0, 0, 0, 0, 0, 0, 0, 0, 0, 0, 0, 0, 0, 0, 0, 0, 0, 0, 0, 0, 0, 0, 0, 0, 0, 0, 0, 0, 0, 0, 0, 0, 0, 0, 0, 0, 0]
},
"tonal": {
    "chords_changes_rate": 0.0618202649057,
    "chords_number_rate": 0.00248044263572,
    "chords_strength": {
        "mean": 0.511117756367,
        "stdev": 0.0967129468918
    },
    "hpcp_crest": {
        "mean": 14.6953020096,
        "stdev": 7.67304849625
    },
    "hpcp_entropy": {
        "mean": 1.9065554142,
        "stdev": 0.816320776939
    },
    "key_edma": {
        "strength": 0.747497558594,
        "key": "G",
        "scale": "major"
    },
    "key_krumhansl": {
        "strength": 0.745723903179,
        "key": "G",
        "scale": "major"
    },
    "key_temperley": {
        "strength": 0.739586174488,
        "key": "G",
        "scale": "major"
    },
    "tuning_diatonic_strength": 0.622605800629,
    "tuning_equal_tempered_deviation": 0.0517388209701,
    "tuning_frequency": 442.03793335,
    "tuning_nontempered_energy_ratio": 0.724983334541,
    "hpcp": {
        "mean": [0.193634092808, 0.14577485621, 0.0580569393933, 0.0499018579721, 0.0675413683057, 0.162700638175, 0.255842834711, 0.191843271255, 0.0946643874049, 0.0623979493976, 0.0586461387575, 0.0719031766057, 0.0840178132057, 0.096871227026, 0.171771034598, 0.271376013756, 0.218103051186, 0.111009791493, 0.0800215676427, 0.0778590962291, 0.152947545052, 0.235278666019, 0.167910993099, 0.07273093611, 0.0488514229655, 0.0482653789222, 0.0982206836343, 0.135400682688, 0.112075485289, 0.137576386333, 0.164277985692, 0.106844104826, 0.0603884644806, 0.0486590340734, 0.0536110475659, 0.114190943539],
        "stdev": [0.302695035934, 0.249254062772, 0.155255362391, 0.154009237885, 0.181127741933, 0.260293215513, 0.350282013416, 0.300430864096, 0.205056041479, 0.161231666803, 0.167071208358, 0.178174853325, 0.191644623876, 0.19961553812, 0.256353884935, 0.341308683157, 0.302225410938, 0.213747471571, 0.181087002158, 0.174167364836, 0.242132857442, 0.33959159255, 0.256240367889, 0.173928543925, 0.141549825668, 0.134862005711, 0.185576319695, 0.22373431921, 0.208320528269, 0.262218564749, 0.307492226362, 0.213709458709, 0.137639179826, 0.116297736764, 0.143356710672, 0.207515597343]
    },
    "chords_histogram": [19.2902126312, 21.9042167664, 18.3934364319, 0.209883615375, 9.04407596588, 1.94619345665, 5.30433130264, 0.0381606556475, 7.04064130783, 0.28620493412, 1.73630988598, 0, 0.0381606556475, 0, 0.076321311295, 0.209883615375, 0, 1.08757865429, 0, 3.43445897102, 0, 2.88112950325, 1.22114098072, 5.85766077042],
