{
"metadata": {
    "version": {
        "essentia": "2.1-dev",
        "essentia_git_sha": "v2.1_beta3-415-gd5473f3",
        "extractor": "music 2.0"
    },
    "audio_properties": {
        "analysis": {
            "equal_loudness": 0,
            "length": 260.101226807,
            "sample_rate": 44100,
            "start_time": 0,
            "downmix": "mix"
        },
        "bit_rate": 128000,
        "length": 260.101226807,
        "lossless": 0,
        "number_channels": 2,
        "replay_gain": -10.3275699615,
        "sample_rate": 44100,
        "codec": "mp3",
        "md5_encoded": "553bc1cab76e2e19759a9e2cd5a887a3"
    },
    "tags": {
        "file_name": "foo_fighters-my_hero.mp3",
        "album": ["The Colour And The Shape"],
        "artist": ["Foo Fighters"],
        "date": ["1997"],
        "genre": ["Alternative Rock"],
        "title": ["My Hero"]
    }
},
"lowlevel": {
    "average_loudness": 0.939031124115,
    "barkbands_crest": {
        "mean": 8.73982048035,
        "stdev": 3.99356889725
    },
    "barkbands_flatness_db": {
        "mean": 0.126224443316,
        "stdev": 0.0637958198786
    },
    "barkbands_kurtosis": {
        "mean": 2.46263861656,
        "stdev": 10.0892076492
    },
    "barkbands_skewness": {
        "mean": 1.10939276218,
        "stdev": 1.36628675461
    },
    "barkbands_spread": {
        "mean": 28.9524154663,
        "stdev": 11.9312133789
    },
    "dissonance": {
        "mean": 0.477768003941,
        "stdev": 0.0214227829129
    },
    "dynamic_complexity": 3.29314804077,
    "erbbands_crest": {
        "mean": 7.65481328964,
        "stdev": 4.06020307541
    },
    "erbbands_flatness_db": {
        "mean": 0.163210555911,
        "stdev": 0.0636243522167
    },
    "erbbands_kurtosis": {
        "mean": 0.836640715599,
        "stdev": 8.85103416443
    },
    "erbbands_skewness": {
        "mean": -0.440943241119,
        "stdev": 0.870292663574
    },
    "erbbands_spread": {
        "mean": 39.2998428345,
        "stdev": 15.4664697647
    },
    "hfc": {
        "mean": 26.5210990906,
        "stdev": 16.9222393036
    },
    "loudness_ebu128": {
        "integrated": -11.8680610657,
        "loudness_range": 4.9993686676,
        "momentary": {
            "mean": -13.7159481049,
            "stdev": 6.78356695175
        },
        "short_term": {
            "mean": -13.3229513168,
            "stdev": 5.20631361008
        }
    },
    "melbands_crest": {
        "mean": 13.4200086594,
        "stdev": 5.26153516769
    },
    "melbands_flatness_db": {
        "mean": 0.18199031055,
        "stdev": 0.06892221421
    },
    "melbands_kurtosis": {
        "mean": 11.0782194138,
        "stdev": 23.0515136719
    },
    "melbands_skewness": {
        "mean": 2.47483730316,
        "stdev": 1.76787865162
    },
    "melbands_spread": {
        "mean": 31.2090759277,
        "stdev": 16.9446620941
    },
    "pitch_salience": {
        "mean": 0.576382815838,
        "stdev": 0.113024912775
    },
    "silence_rate_20dB": {
        "mean": 1,
        "stdev": 0
    },
    "silence_rate_30dB": {
        "mean": 1,
        "stdev": 0
    },
    "silence_rate_60dB": {
        "mean": 0.0797107890248,
        "stdev": 0.270840406418
    },
    "spectral_centroid": {
        "mean": 1783.83825684,
        "stdev": 530.148742676
    },
    "spectral_complexity": {
        "mean": 30.38230896,
        "stdev": 12.8865995407
    },
    "spectral_decrease": {
        "mean": -7.68040653298e-09,
        "stdev": 4.7787409585e-09
    },
    "spectral_energy": {
        "mean": 0.0313931778073,
        "stdev": 0.0189412776381
    },
    "spectral_energyband_high": {
        "mean": 0.00102629908361,
        "stdev": 0.00106902606785
    },
    "spectral_energyband_low": {
        "mean": 0.0133239189163,
        "stdev": 0.0143987499177
    },
    "spectral_energyband_middle_high": {
        "mean": 0.00774462800473,
        "stdev": 0.00658855214715
    },
    "spectral_energyband_middle_low": {
        "mean": 0.0109080178663,
        "stdev": 0.00778659619391
    },
    "spectral_entropy": {
        "mean": 7.6694021225,
        "stdev": 0.539437651634
    },
    "spectral_flux": {
        "mean": 0.0921918749809,
        "stdev": 0.0499574840069
    },
    "spectral_kurtosis": {
        "mean": 4.62935209274,
        "stdev": 5.37948846817
    },
    "spectral_rms": {
        "mean": 0.00518489116803,
        "stdev": 0.00193500053138
    },
    "spectral_rolloff": {
        "mean": 1817.29077148,
        "stdev": 1092.38000488
    },
    "spectral_skewness": {
        "mean": 1.22997033596,
        "stdev": 0.478266507387
    },
    "spectral_spread": {
        "mean": 3723793,
        "stdev": 1252286
    },
    "spectral_strongpeak": {
        "mean": 0.837847590446,
        "stdev": 1.37999546528
    },
    "zerocrossingrate": {
        "mean": 0.0664806514978,
        "stdev": 0.0271357838064
    },
    "barkbands": {
        "mean": [0.000221374240937, 0.00690850242972, 0.00467500789091, 0.00258486764506, 0.0025379313156, 0.00179400329944, 0.00123959907796, 0.000838560576085, 0.00170196965337, 0.000613638316281, 0.000542983529158, 0.00062809092924, 0.000672494759783, 0.000867803697474, 0.00091608177172, 0.000996481161565, 0.00115747877862, 0.000531176105142, 0.000718038121704, 0.000416111055529, 0.000351880938979, 0.00019227527082, 0.000126295955852, 8.48760755616e-05, 5.941469135e-05, 1.57162285177e-05, 5.167744348e-07],
        "stdev": [0.000296664773487, 0.00972622074187, 0.0060600945726, 0.00305232335813, 0.00291559146717, 0.00199569622055, 0.00199583708309, 0.00236498913728, 0.00359213212505, 0.00181656877976, 0.00118512462359, 0.0012934623519, 0.0018839223776, 0.00148750725202, 0.00204499228857, 0.00118750357069, 0.00111697358079, 0.000436449394329, 0.000527103955392, 0.000342005456332, 0.000302830390865, 0.00025519443443, 0.000214892279473, 0.000166111785802, 0.000179928494617, 3.50899281329e-05, 1.86455667972e-06]
    },
    "erbbands": {
        "mean": [0.193573266268, 1.59350681305, 4.79359579086, 8.04863262177, 8.14919757843, 8.86593818665, 10.9016742706, 14.6829824448, 14.3886890411, 22.2524585724, 20.5344161987, 37.6874809265, 28.9536361694, 17.8700904846, 21.424703598, 25.0854511261, 33.0381889343, 38.9503631592, 49.4687080383, 46.0536270142, 61.632610321, 63.4783363342, 35.7572135925, 34.1519889832, 31.8533821106, 19.8094997406, 16.4725208282, 11.5645904541, 7.15055465698, 5.00477313995, 3.4692466259, 1.87861442566, 1.34556233883, 0.856510341167, 0.334127277136, 0.0994788631797, 0.0235120430589, 0.0029981827829, 9.66008519754e-05, 4.16255061282e-05],
        "stdev": [0.275147944689, 2.30829811096, 6.38574790955, 8.30774211884, 9.32190513611, 10.7029533386, 11.768989563, 16.9664936066, 17.5158443451, 53.921497345, 54.1173362732, 89.9322280884, 68.4991149902, 32.7474746704, 44.9221801758, 48.3254508972, 89.3502120972, 75.8992156982, 89.8561172485, 93.8649215698, 56.0551452637, 56.8803939819, 29.9049415588, 25.4359207153, 23.4215335846, 16.1873874664, 13.7596693039, 10.8901414871, 9.11145877838, 7.78426027298, 6.15044641495, 3.14730405807, 3.17548060417, 2.79923844337, 0.861671864986, 0.223207131028, 0.0538489557803, 0.00644489983097, 0.000280038861092, 2.54467104241e-05]
    },
    "gfcc": {
        "mean": [2.25340032578, 103.562637329, -138.536972046, 51.4039726257, -45.7946166992, 5.41553544998, -35.181137085, 10.6386833191, -21.0180244446, 1.48590445518, -16.7769794464, -3.29461145401, -6.58295440674],
        "cov": [[17273.0410156, -1390.64282227, 1071.81115723, 1181.26330566, -772.956359863, 1765.7043457, 32.7720870972, 293.699523926, -248.162734985, 678.479858398, -84.2501983643, 149.547149658, -489.694152832], [-1390.64282227, 1380.90649414, -485.256561279, -130.55758667, 300.450622559, -570.821350098, 206.632522583, -267.02911377, 77.1859970093, -151.036895752, 85.9373474121, -192.271240234, 195.885513306], [1071.81115723, -485.256561279, 815.149719238, 263.13180542, -126.10080719, 420.939605713, -16.6373405457, 154.01373291, -44.4995994568, 123.233283997, -23.2953147888, 79.377243042, -146.796798706], [1181.26330566, -130.55758667, 263.13180542, 376.116729736, -2.39127826691, 189.383010864, 29.6498031616, 45.3668746948, 12.7360839844, 40.2821807861, 47.5586204529, 14.3579816818, -40.2467880249], [-772.956359863, 300.450622559, -126.10080719, -2.39127826691, 243.062667847, -136.98399353, 62.2585716248, -59.9543457031, 19.2684497833, -39.7590751648, 13.3943939209, -42.733631134, 43.1792602539], [1765.7043457, -570.821350098, 420.939605713, 189.383010864, -136.98399353, 499.534088135, -2.05531787872, 141.787643433, -45.2333717346, 117.856613159, -22.4710998535, 76.0045776367, -118.522125244], [32.7720870972, 206.632522583, -16.6373405457, 29.6498031616, 62.2585716248, -2.05531787872, 143.475738525, -4.94641876221, 21.4152641296, -7.11346387863, 18.368850708, -28.540430069, 16.0286178589], [293.699523926, -267.02911377, 154.01373291, 45.3668746948, -59.9543457031, 141.787643433, -4.94641876221, 166.175552368, 32.9416809082, 41.4344902039, -15.1578330994, 45.8354797363, -40.7975082397], [-248.162734985, 77.1859970093, -44.4995994568, 12.7360839844, 19.2684497833, -45.2333717346, 21.4152641296, 32.9416809082, 90.8279571533, 8.68242168427, 16.9870052338, -17.8936233521, 19.5341529846], [678.479858398, -151.036895752, 123.233283997, 40.2821807861, -39.7590751648, 117.856613159, -7.11346387863, 41.4344902039, 8.68242168427, 105.316619873, 7.9573302269, 23.8623371124, -36.7814941406], [-84.2501983643, 85.9373474121, -23.2953147888, 47.5586204529, 13.3943939209, -22.4710998535, 18.368850708, -15.1578330994, 16.9870052338, 7.9573302269, 78.2137374878, 16.5278987885, 23.124666214], [149.547149658, -192.271240234, 79.377243042, 14.3579816818, -42.733631134, 76.0045776367, -28.540430069, 45.8354797363, -17.8936233521, 23.8623371124, 16.5278987885, 83.6478347778, -9.8579158783], [-489.694152832, 195.885513306, -146.796798706, -40.2467880249, 43.1792602539, -118.522125244, 16.0286178589, -40.7975082397, 19.5341529846, -36.7814941406, 23.124666214, -9.8579158783, 93.6931762695]],
        "icov": [[0.000254661630606, -0.000682240119204, 0.000681739358697, -0.00100209750235, 0.00077295867959, -0.00087274966063, 0.000289747054921, -0.000182651012437, 0.000757009198423, -0.00142709852662, 0.0012746010907, -0.000712090812158, 0.00069811422145], [-0.000682240119204, 0.00590629549697, -0.00274514872581, 0.00330873066559, -0.00293882703409, 0.00498452875763, -0.00465606991202, 0.00266410550103, -0.00230286549777, 0.00426145968959, -0.00647954456508, 0.00677055865526, -0.00471282051876], [0.000681739358697, -0.00274514872581, 0.00481899315491, -0.00412859627977, 0.00242186803371, -0.00366226420738, 0.00150218023919, -0.00176386744715, 0.00298240152188, -0.00489431479946, 0.00496717030182, -0.0038090038579, 0.0041354522109], [-0.00100209750235, 0.00330873066559, -0.00412859627977, 0.00886316783726, -0.0040506455116, 0.00186709442642, -0.00138197443448, 0.0013849674724, -0.00439571356401, 0.00717127136886, -0.0094886738807, 0.0053187943995, -0.00311509193853], [0.00077295867959, -0.00293882703409, 0.00242186803371, -0.0040506455116, 0.00841121003032, -0.00174219580367, -0.000600743573159, -0.000181699666427, 0.0022505838424, -0.00440679723397, 0.00530676264316, -0.00299742654897, 0.00235774181783], [-0.00087274966063, 0.00498452875763, -0.00366226420738, 0.00186709442642, -0.00174219580367, 0.0110825672746, -0.00530101684853, -0.000334532145644, 0.000485471653519, 0.00168369640596, -0.00438361242414, 0.00380660779774, -0.00229285773821], [0.000289747054921, -0.00465606991202, 0.00150218023919, -0.00138197443448, -0.000600743573159, -0.00530101684853, 0.0134192602709, -0.0031803434249, 0.000366456777556, -0.0010715010576, 0.00122826569714, -0.00120376539417, 0.00197249418125], [-0.000182651012437, 0.00266410550103, -0.00176386744715, 0.0013849674724, -0.000181699666427, -0.000334532145644, -0.0031803434249, 0.0147148165852, -0.00997394230217, 0.00251089641824, 0.00182591285557, -0.00425130454823, 8.6053078121e-05], [0.000757009198423, -0.00230286549777, 0.00298240152188, -0.00439571356401, 0.0022505838424, 0.000485471653519, 0.000366456777556, -0.00997394230217, 0.0224424675107, -0.00901504885405, -5.27929259988e-05, 0.0048455093056, -0.000968316977378], [-0.00142709852662, 0.00426145968959, -0.00489431479946, 0.00717127136886, -0.00440679723397, 0.00168369640596, -0.0010715010576, 0.00251089641824, -0.00901504885405, 0.0234396345913, -0.0108400164172, 0.00360132777132, -0.00138301588595], [0.0012746010907, -0.00647954456508, 0.00496717030182, -0.0094886738807, 0.00530676264316, -0.00438361242414, 0.00122826569714, 0.00182591285557, -5.27929259988e-05, -0.0108400164172, 0.0301510989666, -0.016659302637, 0.00307020172477], [-0.000712090812158, 0.00677055865526, -0.0038090038579, 0.0053187943995, -0.00299742654897, 0.00380660779774, -0.00120376539417, -0.00425130454823, 0.0048455093056, 0.00360132777132, -0.016659302637, 0.030629247427, -0.0092707881704], [0.00069811422145, -0.00471282051876, 0.0041354522109, -0.00311509193853, 0.00235774181783, -0.00229285773821, 0.00197249418125, 8.6053078121e-05, -0.000968316977378, -0.00138301588595, 0.00307020172477, -0.0092707881704, 0.0229549985379]]
    },
    "melbands": {
        "mean": [0.00184877193533, 0.00242862477899, 0.00140175386332, 0.000636869401205, 0.000380067358492, 0.000338288053172, 0.000220117828576, 0.000233216851484, 0.000184111049748, 0.000235592611716, 0.000140154195833, 7.05633137841e-05, 7.70773258409e-05, 5.59957625228e-05, 8.31621655379e-05, 6.78903525113e-05, 7.25326317479e-05, 8.14415761852e-05, 6.78400901961e-05, 5.52829587832e-05, 7.58675741963e-05, 6.77454372635e-05, 4.83433213958e-05, 2.30507648666e-05, 2.79318865068e-05, 2.73672521871e-05, 1.73704356712e-05, 1.19812775665e-05, 1.00282450148e-05, 9.07053527044e-06, 5.91539901507e-06, 4.10848360843e-06, 3.31826709044e-06, 2.55985423792e-06, 2.17671845348e-06, 1.39217331707e-06, 1.05445656118e-06, 9.37336665174e-07, 8.64920764343e-07, 6.87062254201e-07],
        "stdev": [0.00259820534848, 0.00311085558496, 0.00137544493191, 0.000736407353543, 0.000383927748771, 0.000375315750716, 0.000273475539871, 0.000559445063118, 0.000467377423774, 0.000533812912181, 0.000351544644218, 0.00015311363677, 0.000174622808117, 0.000135959591717, 0.000175961962668, 0.000190857215784, 0.00013771749218, 0.000150882871822, 0.000175916546141, 0.000100963407021, 7.3471601354e-05, 6.06272551522e-05, 5.68888099224e-05, 1.94507774722e-05, 2.22104536078e-05, 2.12123050005e-05, 1.46266438605e-05, 1.05775789052e-05, 8.8616316134e-06, 7.90587000665e-06, 6.26399878456e-06, 5.38827407581e-06, 5.02609645991e-06, 4.21883987656e-06, 4.06143954024e-06, 2.40500594373e-06, 1.80646850367e-06, 2.24544828598e-06, 2.39551059167e-06, 2.43217436946e-06]
    },
    "melbands128": {
        "mean": [0.000207925942959, 0.00138052436523, 0.00266572018154, 0.00253379368223, 0.00238304655068, 0.0023143903818, 0.00172967044637, 0.00115368387196, 0.000723633507732, 0.000759595248383, 0.000501181755681, 0.000306501198793, 0.000298543600366, 0.000587708782405, 0.000367182830814, 0.000183928597835, 0.000235302693909, 0.000209488425753, 0.000178290094482, 0.000316632853355, 0.000188035555766, 0.000170454513864, 0.000126026498037, 0.00024337292416, 0.000321060215356, 0.000156283756951, 0.000233271770412, 0.000112754714792, 0.000113767680887, 5.87083995924e-05, 5.87914182688e-05, 8.04535884527e-05, 0.000100960161944, 4.64403492515e-05, 6.42282539047e-05, 4.64171680505e-05, 5.71428608964e-05, 0.000110305270937, 7.57919478929e-05, 6.92748581059e-05, 5.04181916767e-05, 9.11272072699e-05, 6.61085869069e-05, 5.62039713259e-05, 0.000105115883343, 8.37755360408e-05, 6.06365501881e-05, 8.16317842691e-05, 5.55867081857e-05, 6.92155372235e-05, 4.30752552347e-05, 5.43585192645e-05, 8.191211964e-05, 9.18180012377e-05, 5.52425408387e-05, 7.1953603765e-05, 6.07477595622e-05, 7.26389480405e-05, 3.39749203704e-05, 2.65648104687e-05, 2.19955618377e-05, 1.80373099283e-05, 2.68139338004e-05, 2.98819850286e-05, 3.28784008161e-05, 2.88220217044e-05, 2.34671333601e-05, 2.01428465516e-05, 1.53555683937e-05, 1.42533945109e-05, 1.31053457153e-05, 1.00540391941e-05, 9.4373963293e-06, 9.55898121902e-06, 1.19478700071e-05, 9.17756369745e-06, 8.29637974675e-06, 6.77002844895e-06, 5.65600930713e-06, 5.10423024025e-06, 3.97136363972e-06, 3.99909413318e-06, 3.58248553312e-06, 3.37130381922e-06, 2.95598897537e-06, 2.63276820078e-06, 2.3573152248e-06, 2.53283019447e-06, 2.29745819524e-06, 1.87115517747e-06, 1.51472636389e-06, 1.28751946704e-06, 1.10324697289e-06, 1.03903482795e-06, 1.04876255591e-06, 9.5639063602e-07, 8.51842344218e-07, 9.72792577159e-07, 9.87197495306e-07, 7.00918292296e-07, 7.72285318362e-07, 7.38201038075e-07, 5.31351304289e-07, 4.5276820515e-07, 3.72882993815e-07, 2.96534892641e-07, 2.30640836207e-07, 1.88629044828e-07, 1.6434020722e-07, 1.40540251437e-07, 1.08231446916e-07, 8.12177134435e-08, 6.60324772639e-08, 5.66109292777e-08, 4.25549266936e-08, 2.9338695029e-08, 1.86653750234e-08, 3.42633410533e-09, 3.96433053051e-10, 2.86371482083e-10, 2.29717106448e-10, 1.64185109952e-10, 6.30775640054e-11, 1.24907185289e-11, 1.09367029322e-11, 8.99760734668e-12, 3.94798690267e-12, 3.91845366918e-12],
        "stdev": [0.000282565975795, 0.00200954382308, 0.00414011394605, 0.00394062465057, 0.00355133740231, 0.00289291050285, 0.0019057119498, 0.00151298660785, 0.00102274247911, 0.00119311269373, 0.000744094955735, 0.000470402505016, 0.000434390094597, 0.000775340595283, 0.000504277530126, 0.00035478247446, 0.000381576712243, 0.000332477357006, 0.000385441293474, 0.000972211477347, 0.000585855916142, 0.000723482458852, 0.000540783279575, 0.000761508592404, 0.00103712349664, 0.000438439688878, 0.000736097048502, 0.000361941027222, 0.000527989235707, 0.000187656885828, 0.000132766595925, 0.000192151681404, 0.000310489180265, 0.000137951064971, 0.000225829848205, 0.000166214711498, 0.000175219684024, 0.000252614117926, 0.000313464464853, 0.0003165078233, 0.000196854351088, 0.000358121789759, 0.000167664053151, 0.000108460299089, 0.00022210284078, 0.000230673453189, 0.000204006122658, 0.000338941463269, 0.000169664184796, 0.000228407399845, 0.000112930349133, 6.87314895913e-05, 9.92111963569e-05, 0.000142344870255, 6.20039500063e-05, 8.65358306328e-05, 7.64531359891e-05, 0.000138631847221, 4.11079345213e-05, 2.8842694519e-05, 2.53496746154e-05, 2.01350030693e-05, 2.80265503534e-05, 2.99998755509e-05, 3.45783264493e-05, 2.9684331821e-05, 2.26614029089e-05, 2.0538282115e-05, 1.73118969542e-05, 1.52661341417e-05, 1.49146299009e-05, 1.05131030068e-05, 1.04149366962e-05, 1.02670646811e-05, 1.22141645988e-05, 9.21386526898e-06, 8.70353960636e-06, 7.44220369597e-06, 7.15168380339e-06, 7.09979804014e-06, 5.9221574702e-06, 5.90481840845e-06, 5.52762139705e-06, 5.94352331973e-06, 5.45566263099e-06, 4.49834305982e-06, 4.26642418461e-06, 5.1753581829e-06, 4.78032234241e-06, 3.73633474737e-06, 2.88023306894e-06, 2.35854531638e-06, 1.9774302018e-06, 1.85111582596e-06, 1.96658970708e-06, 2.56118119069e-06, 2.35033826357e-06, 2.35912739299e-06, 2.60346178038e-06, 2.5467204523e-06, 3.0123740089e-06, 2.76571904578e-06, 1.81478526429e-06, 1.28145495637e-06, 9.77156105364e-07, 7.1823927783e-07, 4.8745789627e-07, 4.02009362688e-07, 4.03500052926e-07, 3.67728404171e-07, 2.96143099376e-07, 2.12104708908e-07, 1.54242727035e-07, 1.27481229129e-07, 1.01276384612e-07, 6.96726161209e-08, 4.5965460771e-08, 3.11497068139e-08, 1.06618189832e-08, 1.10764055705e-08, 8.10323186329e-09, 5.98257177131e-09, 2.6567217315e-09, 4.67924254899e-10, 3.6830255512e-10, 2.76422940093e-10, 5.83377400207e-12, 5.79997334882e-12]
    },
    "mfcc": {
        "mean": [-624.869384766, 117.292823792, -20.072347641, 40.4884414673, 8.92398071289, 3.91182565689, -0.366896867752, 2.46398258209, 4.47215604782, 1.04792010784, -1.37167513371, 1.29646039009, -2.50810527802],
        "cov": [[12526.0332031, -229.489715576, 525.992614746, 588.162109375, -111.256469727, 799.587036133, 470.871124268, 222.620559692, 56.0177879333, 329.838775635, 221.456375122, 107.631134033, 273.048675537], [-229.489715576, 1186.5423584, -449.644622803, 314.609527588, -42.2554779053, -69.9799346924, 39.5767021179, -131.818954468, 35.5336341858, -22.7478275299, -49.2071914673, -16.6055717468, -38.889881134], [525.992614746, -449.644622803, 668.79095459, -67.9363098145, 48.0678939819, 110.8620224, 50.8058433533, 115.826522827, -9.14584827423, 61.9264030457, 58.4936408997, 28.1841773987, 70.1393051147], [588.162109375, 314.609527588, -67.9363098145, 389.953460693, 30.8074226379, 74.9948425293, 76.0289764404, -9.24255561829, 16.7212619781, 4.87160587311, 14.0713768005, 41.0779762268, 25.5677337646], [-111.256469727, -42.2554779053, 48.0678939819, 30.8074226379, 111.660079956, 30.7214317322, 3.99217033386, 0.885504961014, 3.68967676163, 4.30983257294, -0.260341614485, 2.7756626606, 3.29590940475], [799.587036133, -69.9799346924, 110.8620224, 74.9948425293, 30.7214317322, 190.198562622, 104.751571655, 43.3305282593, 3.32752323151, 30.7468223572, 38.0013275146, 18.5296783447, 24.4211349487], [470.871124268, 39.5767021179, 50.8058433533, 76.0289764404, 3.99217033386, 104.751571655, 133.016906738, 44.4210472107, 14.4437255859, 12.3381509781, 25.0700702667, 23.3923816681, 17.7437324524], [222.620559692, -131.818954468, 115.826522827, -9.24255561829, 0.885504961014, 43.3305282593, 44.4210472107, 104.182556152, 27.1814231873, 19.0592403412, 19.9520530701, 18.2833557129, 17.0302810669], [56.0177879333, 35.5336341858, -9.14584827423, 16.7212619781, 3.68967676163, 3.32752323151, 14.4437255859, 27.1814231873, 73.4834442139, 37.093711853, 13.4678506851, 5.27241182327, 1.50571191311], [329.838775635, -22.7478275299, 61.9264030457, 4.87160587311, 4.30983257294, 30.7468223572, 12.3381509781, 19.0592403412, 37.093711853, 83.2376174927, 35.9687919617, 5.47207403183, 11.5764312744], [221.456375122, -49.2071914673, 58.4936408997, 14.0713768005, -0.260341614485, 38.0013275146, 25.0700702667, 19.9520530701, 13.4678506851, 35.9687919617, 70.0940246582, 36.2983703613, 13.1953248978], [107.631134033, -16.6055717468, 28.1841773987, 41.0779762268, 2.7756626606, 18.5296783447, 23.3923816681, 18.2833557129, 5.27241182327, 5.47207403183, 36.2983703613, 65.6096954346, 27.7560558319], [273.048675537, -38.889881134, 70.1393051147, 25.5677337646, 3.29590940475, 24.4211349487, 17.7437324524, 17.0302810669, 1.50571191311, 11.5764312744, 13.1953248978, 27.7560558319, 60.4600334167]],
        "icov": [[0.000137455397635, 4.56963389297e-05, 3.48817738995e-05, -0.00016697414685, 0.000333211122779, -0.000464882294182, -1.52257061927e-05, -2.4344164558e-05, 0.000131781649543, -0.000420384661993, 4.33404456999e-05, 0.000170958519448, -0.000391031033359], [4.56963389297e-05, 0.00182455673348, 0.000611419789493, -0.00135005859192, 0.000666945998091, 0.00093291857047, -0.00159825175069, 0.00179001735523, -0.000818189990241, -0.000583018176258, 0.000659920042381, 0.000424614554504, 0.000173567910679], [3.48817738995e-05, 0.000611419789493, 0.00279643945396, 7.84547955845e-05, -0.000825691095088, -0.000236085164943, -0.000306990434183, -0.00198694155551, 0.00179539166857, -0.00160466576926, -0.000862597837113, 0.00104298209772, -0.00227942760102], [-0.00016697414685, -0.00135005859192, 7.84547955845e-05, 0.00461447425187, -0.00161869765725, -0.0010506339604, -0.000386244821129, -7.41116082281e-06, -0.00028858371661, 0.000705467653461, 0.000381634512451, -0.00247751525603, -0.000602473679464], [0.000333211122779, 0.000666945998091, -0.000825691095088, -0.00161869765725, 0.0113008227199, -0.00339445262216, 0.00150754849892, 0.00178624526598, -0.00174973241519, -0.000578484148718, 0.00222295359708, -0.000774977786932, 0.000400986085879], [-0.000464882294182, 0.00093291857047, -0.000236085164943, -0.0010506339604, -0.00339445262216, 0.0141335241497, -0.00903311930597, 4.97933469887e-05, 0.00244202301838, -0.00130830821581, -0.00315721170045, 0.00270534656011, 0.000167736929143], [-1.52257061927e-05, -0.00159825175069, -0.000306990434183, -0.000386244821129, 0.00150754849892, -0.00903311930597, 0.0175453163683, -0.00502033252269, -0.00157626764849, 0.00285904784687, -0.000785079260822, -0.00205091270618, -3.67097482012e-06], [-2.4344164558e-05, 0.00179001735523, -0.00198694155551, -7.41116082281e-06, 0.00178624526598, 4.97933469887e-05, -0.00502033252269, 0.0180263146758, -0.007678007707, 0.001352656167, 0.00167914212216, -0.00266642891802, 0.00063761905767], [0.000131781649543, -0.000818189990241, 0.00179539166857, -0.00028858371661, -0.00174973241519, 0.00244202301838, -0.00157626764849, -0.007678007707, 0.0229650642723, -0.0113243563101, 0.000427268299973, -0.000162474898389, 0.000229818833759], [-0.000420384661993, -0.000583018176258, -0.00160466576926, 0.000705467653461, -0.000578484148718, -0.00130830821581, 0.00285904784687, 0.001352656167, -0.0113243563101, 0.0244519002736, -0.0116729941219, 0.00604758411646, -0.00220190151595], [4.33404456999e-05, 0.000659920042381, -0.000862597837113, 0.000381634512451, 0.00222295359708, -0.00315721170045, -0.000785079260822, 0.00167914212216, 0.000427268299973, -0.0116729941219, 0.0307197272778, -0.0175745822489, 0.00556759955361], [0.000170958519448, 0.000424614554504, 0.00104298209772, -0.00247751525603, -0.000774977786932, 0.00270534656011, -0.00205091270618, -0.00266642891802, -0.000162474898389, 0.00604758411646, -0.0175745822489, 0.0312288813293, -0.0120135881007], [-0.000391031033359, 0.000173567910679, -0.00227942760102, -0.000602473679464, 0.000400986085879, 0.000167736929143, -3.67097482012e-06, 0.00063761905767, 0.000229818833759, -0.00220190151595, 0.00556759955361, -0.0120135881007, 0.0257644243538]]
    },
    "spectral_contrast_coeffs": {
        "mean": [-0.719548165798, -0.768213927746, -0.778319895267, -0.779201626778, -0.783630669117, -0.726803421974],
        "stdev": [0.0642310976982, 0.0650286749005, 0.0604937896132, 0.048341691494, 0.0375592373312, 0.0472247973084]
    },
    "spectral_contrast_valleys": {
        "mean": [-6.53149604797, -6.70844507217, -7.38470935822, -7.26246881485, -7.04685497284, -10.5206623077],
        "stdev": [1.50391209126, 1.29815852642, 1.35164296627, 1.30981624126, 1.45091485977, 1.78201007843]
    }
},
"rhythm": {
    "beats_count": 660,
    "beats_loudness": {
        "mean": 0.0368654988706,
        "stdev": 0.017914345488
    },
    "bpm": 153.929779053,
    "bpm_histogram_first_peak_bpm": 152,
    "bpm_histogram_first_peak_weight": 0.023952126503,
    "bpm_histogram_second_peak_bpm": 157,
    "bpm_histogram_second_peak_spread": 0.0378788113594,
    "bpm_histogram_second_peak_weight": 0.385432481766,
    "danceability": 1.13609087467,
    "onset_rate": 2.66029477119,
    "beats_loudness_band_ratio": {
        "mean": [0.477295696735, 0.15620161593, 0.120434649289, 0.0827205553651, 0.145933255553, 0.0581139288843],
        "stdev": [0.23940743506, 0.135174453259, 0.114723369479, 0.0968814268708, 0.147767409682, 0.0418037883937]
    },
    "beats_position": [0.348299324512, 0.708208620548, 1.06811785698, 1.43963718414, 1.82276642323, 2.20589566231, 2.60063481331, 2.9837641716, 3.36689329147, 3.76163268089, 4.15637159348, 4.55111122131, 4.94585037231, 5.32897949219, 5.72371864319, 6.10684776306, 6.5015873909, 6.8963265419, 7.27945566177, 7.66258478165, 8.04571437836, 8.42884349823, 8.82358264923, 9.21832180023, 9.61306095123, 10.0078001022, 10.3909292221, 10.774058342, 11.1687984467, 11.5635375977, 11.9582767487, 12.3414058685, 12.7245349884, 13.1192741394, 13.5024032593, 13.8855323792, 14.2802715302, 14.6750106812, 15.0697498322, 15.4528799057, 15.8360090256, 16.2307472229, 16.6254863739, 17.0202255249, 17.4033565521, 17.786485672, 18.181224823, 18.575963974, 18.9590930939, 19.3422222137, 19.7369613647, 20.1317005157, 20.5148296356, 20.8979587555, 21.2926979065, 21.6758270264, 22.0589561462, 22.4536952972, 22.8484344482, 23.2431735992, 23.6263027191, 24.009431839, 24.40417099, 24.7989120483, 25.1936511993, 25.5883903503, 25.9715194702, 26.3546485901, 26.7493877411, 27.132516861, 27.527256012, 27.9103851318, 28.3051242828, 28.6998634338, 29.0946025848, 29.4777317047, 29.8608608246, 30.2555999756, 30.6503391266, 31.0334682465, 31.4165973663, 31.8113365173, 32.2060775757, 32.6008148193, 32.9955558777, 33.3902931213, 33.7850341797, 34.1565513611, 34.539680481, 34.9228096008, 35.3175506592, 35.7122879028, 36.0954170227, 36.4785499573, 36.8732872009, 37.2564163208, 37.6395454407, 38.034286499, 38.4290237427, 38.823764801, 39.2185020447, 39.6016311646, 39.9847602844, 40.3795013428, 40.7626304626, 41.1457595825, 41.5404968262, 41.9352378845, 42.3183670044, 42.7014961243, 43.0962333679, 43.4909744263, 43.8857116699, 44.2804527283, 44.6635818481, 45.046710968, 45.4414520264, 45.83618927, 46.2193183899, 46.625667572, 47.0087966919, 47.3919258118, 47.7866668701, 48.16979599, 48.5529251099, 48.9476623535, 49.3424034119, 49.7255325317, 50.1086616516, 50.5033988953, 50.8981399536, 51.2928771973, 51.6760063171, 52.0591392517, 52.4538764954, 52.8370056152, 53.2201347351, 53.6148757935, 54.0096130371, 54.4043540955, 54.7990913391, 55.1938323975, 55.5769615173, 55.971698761, 56.3548278809, 56.726348877, 57.1210861206, 57.515827179, 57.9105644226, 58.2936935425, 58.6768226624, 59.0715637207, 59.4663009644, 59.8610420227, 60.2557830811, 60.6505203247, 61.0336494446, 61.4167785645, 61.8115196228, 62.2062568665, 62.6009979248, 62.9957351685, 63.3788642883, 63.7619934082, 64.1567306519, 64.5514755249, 64.9346008301, 65.3177337646, 65.7124710083, 66.107208252, 66.4903411865, 66.8734664917, 67.2565994263, 67.6397247314, 68.0344696045, 68.4292068481, 68.8239440918, 69.2186813354, 69.6134262085, 69.9849395752, 70.3796844482, 70.7744216919, 71.1691589355, 71.5522918701, 71.9354171753, 72.3301544189, 72.724899292, 73.1196365356, 73.5143737793, 73.9091110229, 74.303855896, 74.6869812012, 75.0701141357, 75.4532394409, 75.8363723755, 76.2194976807, 76.6026306152, 76.9973678589, 77.3921051025, 77.7752380371, 78.1583633423, 78.5531082153, 78.947845459, 79.3425827026, 79.7257156372, 80.1204528809, 80.5151901245, 80.8983230591, 81.2930603027, 81.6877975464, 82.070930481, 82.4540557861, 82.8487930298, 83.2435379028, 83.6382751465, 84.0214080811, 84.4045333862, 84.7992706299, 85.1940155029, 85.5887527466, 85.9834899902, 86.3666229248, 86.74974823, 87.1328811646, 87.5160064697, 87.9107437134, 88.3054885864, 88.7002258301, 89.0949630737, 89.4780960083, 89.8612213135, 90.2559585571, 90.6274795532, 91.0222167969, 91.4169616699, 91.8116989136, 92.1948318481, 92.5779571533, 92.972694397, 93.36743927, 93.7621765137, 94.1569137573, 94.5400466919, 94.9231719971, 95.3179092407, 95.7010421753, 96.0841674805, 96.4789123535, 96.8736495972, 97.2683868408, 97.6515197754, 98.0346450806, 98.4293823242, 98.8241271973, 99.2188644409, 99.6019973755, 99.9851226807, 100.379859924, 100.774604797, 101.157730103, 101.540863037, 101.935600281, 102.330337524, 102.725074768, 103.108207703, 103.491333008, 103.886077881, 104.269203186, 104.652336121, 105.047073364, 105.441810608, 105.824943542, 106.208068848, 106.602806091, 106.997550964, 107.392288208, 107.787025452, 108.170158386, 108.553283691, 108.948028564, 109.342765808, 109.737503052, 110.109024048, 110.503761292, 110.898498535, 111.293243408, 111.676368713, 112.059501648, 112.454238892, 112.848976135, 113.243713379, 113.626846313, 114.009971619, 114.393104553, 114.776237488, 115.170974731, 115.565711975, 115.972061157, 116.378410339, 116.761543274, 117.144668579, 117.527801514, 117.922538757, 118.305664062, 118.700408936, 119.083534241, 119.466667175, 119.861404419, 120.256141663, 120.639274597, 121.022399902, 121.417137146, 121.811882019, 122.195007324, 122.578140259, 122.972877502, 123.367614746, 123.762359619, 124.145484924, 124.528617859, 124.923355103, 125.306480408, 125.689613342, 126.084350586, 126.47908783, 126.873832703, 127.268569946, 127.651695251, 128.046432495, 128.42956543, 128.824310303, 129.207427979, 129.590560913, 129.985305786, 130.3800354, 130.763168335, 131.14630127, 131.541046143, 131.924163818, 132.307296753, 132.702041626, 133.085174561, 133.479904175, 133.863037109, 134.257781982, 134.652511597, 135.04725647, 135.441986084, 135.836730957, 136.219863892, 136.602996826, 136.99772644, 137.392471313, 137.787200928, 138.181945801, 138.565078735, 138.94821167, 139.342941284, 139.737686157, 140.120819092, 140.503936768, 140.898681641, 141.293426514, 141.688156128, 142.071289062, 142.454421997, 142.849151611, 143.232284546, 143.61541748, 144.010162354, 144.404891968, 144.799636841, 145.194366455, 145.589111328, 145.972244263, 146.355377197, 146.750106812, 147.133239746, 147.527984619, 147.911102295, 148.294235229, 148.688980103, 149.083709717, 149.466842651, 149.861587524, 150.256317139, 150.651062012, 151.045806885, 151.428924561, 151.812057495, 152.19519043, 152.578323364, 152.973052979, 153.356185913, 153.750930786, 154.134063721, 154.517181396, 154.91192627, 155.295059204, 155.67817688, 156.084533691, 156.479278564, 156.874008179, 157.268753052, 157.651885986, 158.035003662, 158.429748535, 158.824493408, 159.207611084, 159.590744019, 159.985488892, 160.380218506, 160.774963379, 161.169708252, 161.564437866, 161.947570801, 162.330703735, 162.72543335, 163.120178223, 163.503311157, 163.886444092, 164.269561768, 164.652694702, 165.047439575, 165.442169189, 165.836914062, 166.231658936, 166.614776611, 166.997909546, 167.392654419, 167.787384033, 168.170516968, 168.553649902, 168.936782837, 169.319900513, 169.714645386, 170.109390259, 170.504119873, 170.898864746, 171.293609619, 171.688339233, 172.071472168, 172.454605103, 172.837722778, 173.232467651, 173.615600586, 174.0103302, 174.405075073, 174.799819946, 175.182937622, 175.566070557, 175.96081543, 176.355545044, 176.738677979, 177.133422852, 177.516555786, 177.9112854, 178.306030273, 178.700775146, 179.083892822, 179.467025757, 179.850158691, 180.256500244, 180.651245117, 181.034378052, 181.417495728, 181.812240601, 182.206985474, 182.590103149, 182.973236084, 183.367980957, 183.762710571, 184.157455444, 184.540588379, 184.923721313, 185.306838989, 185.689971924, 186.084716797, 186.479446411, 186.862579346, 187.24571228, 187.640457153, 188.035186768, 188.429931641, 188.824661255, 189.219406128, 189.602539062, 189.985671997, 190.380401611, 190.763534546, 191.14666748, 191.541397095, 191.936141968, 192.330886841, 192.725616455, 193.10874939, 193.491882324, 193.886611938, 194.281356812, 194.664489746, 195.047622681, 195.442352295, 195.837097168, 196.220230103, 196.603347778, 196.998092651, 197.392837524, 197.787567139, 198.170700073, 198.553833008, 198.936950684, 199.320083618, 199.714828491, 200.109558105, 200.504302979, 200.899047852, 201.282180786, 201.665298462, 202.060043335, 202.454788208, 202.849517822, 203.232650757, 203.615783691, 204.010513306, 204.405258179, 204.788391113, 205.183120728, 205.566253662, 205.960998535, 206.355728149, 206.750473022, 207.133605957, 207.516723633, 207.911468506, 208.306213379, 208.677734375, 209.072463989, 209.467208862, 209.861953735, 210.25668335, 210.639816284, 211.022949219, 211.417678833, 211.812423706, 212.207168579, 212.590286255, 212.973419189, 213.368164062, 213.751281738, 214.134414673, 214.529159546, 214.92388916, 215.318634033, 215.701766968, 216.084899902, 216.468017578, 216.851150513, 217.245895386, 217.640625, 218.035369873, 218.430114746, 218.82484436, 219.219589233, 219.602722168, 219.985839844, 220.380584717, 220.77532959, 221.158447266, 221.5415802, 221.936325073, 222.331054688, 222.702575684, 223.097320557, 223.49206543, 223.886795044, 224.269927979, 224.653060913, 225.047790527, 225.4425354, 225.825668335, 226.220397949, 226.603530884, 226.998275757, 227.381408691, 227.764526367, 228.15927124, 228.554016113, 228.948745728, 229.331878662, 229.715011597, 230.109741211, 230.504486084, 230.899230957, 231.282348633, 231.677093506, 232.071838379, 232.478179932, 232.884536743, 233.290878296, 233.615966797, 233.941040039, 234.266113281, 234.591201782, 234.916275024, 235.241363525, 235.578048706, 235.914733887, 236.251419067, 236.588119507, 236.936416626, 237.284713745, 237.621398926, 237.992919922, 238.364440918, 238.735961914, 239.258407593, 239.769241333, 240.268478394, 240.767700195, 241.278549194, 241.789382935, 242.265396118, 242.741394043, 243.217407227, 243.69342041, 244.157821655, 244.633834839, 245.109832764, 245.56262207, 246.015411377, 246.468200684, 246.897766113, 247.327346802, 247.756912231, 248.174865723, 248.604446411, 249.034011841, 249.463577271, 249.916366577, 250.380767822, 250.833557129, 251.286346436, 251.739135742, 252.191925049, 252.644714355, 253.097503662, 253.550292969, 254.003082275, 254.467483521, 254.920272827, 255.384674072, 255.83744812, 256.301849365, 256.766265869, 257.230651855, 257.706665039, 258.182678223, 258.647064209, 259.111480713, 259.587463379],
    "bpm_histogram": [0, 0, 0, 0, 0, 0, 0, 0, 0, 0, 0, 0, 0, 0, 0, 0, 0, 0, 0, 0, 0, 0, 0, 0, 0, 0, 0, 0, 0, 0, 0, 0, 0, 0, 0, 0, 0, 0, 0, 0, 0, 0, 0, 0, 0, 0, 0, 0, 0, 0, 0, 0, 0, 0, 0, 0, 0, 0, 0, 0, 0, 0, 0, 0, 0, 0, 0, 0, 0, 0, 0, 0, 0, 0, 0, 0, 0, 0, 0, 0, 0, 0, 0, 0, 0, 0, 0, 0, 0, 0, 0, 0, 0, 0, 0, 0, 0, 0, 0, 0, 0, 0, 0, 0, 0, 0, 0, 0, 0, 0, 0, 0, 0, 0, 0, 0.00151745066978, 0, 0.00455235224217, 0, 0, 0.00303490133956, 0, 0, 0, 0, 0, 0.0136570557952, 0, 0, 0.0136570557952, 0, 0, 0, 0.0212443098426, 0, 0, 0, 0, 0, 0, 0.00910470448434, 0, 0, 0, 0.00151745066978, 0, 0, 0, 0.0121396053582, 0, 0, 0, 0.494688928127, 0, 0, 0, 0, 0.385432481766, 0, 0, 0, 0.0151745071635, 0.00151745066978, 0, 0, 0, 0, 0.00303490133956, 0, 0, 0, 0, 0.00303490133956, 0, 0, 0, 0, 0, 0.00758725358173, 0, 0, 0, 0, 0, 0, 0.00910470448434, 0, 0, 0, 0, 0, 0, 0, 0, 0, 0, 0, 0, 0, 0, 0, 0, 0, 0, 0, 0, 0, 0, 0, 0, 0, 0, 0, 0, 0, 0, 0, 0, 0, 0, 0, 0, 0, 0, 0, 0, 0, 0, 0, 0, 0, 0, 0, 0, 0, 0, 0, 0, 0, 0, 0, 0, 0, 0, 0, 0, 0, 0, 0, 0]
},
"tonal": {
    "chords_changes_rate": 0.0560514107347,
    "chords_number_rate": 0.00142806139775,
    "chords_strength": {
        "mean": 0.526548683643,
        "stdev": 0.086178354919
    },
    "hpcp_crest": {
        "mean": 13.2545433044,
        "stdev": 7.30080223083
    },
    "hpcp_entropy": {
        "mean": 2.1438035965,
        "stdev": 0.855365037918
    },
    "key_edma": {
        "strength": 0.89524191618,
        "key": "A",
        "scale": "major"
    },
    "key_krumhansl": {
        "strength": 0.881913840771,
        "key": "A",
        "scale": "major"
    },
    "key_temperley": {
        "strength": 0.859685957432,
        "key": "A",
        "scale": "major"
    },
    "tuning_diatonic_strength": 0.624532938004,
    "tuning_equal_tempered_deviation": 0.0293976180255,
    "tuning_frequency": 440.254241943,
    "tuning_nontempered_energy_ratio": 0.715404272079,
    "hpcp": {
        "mean": [0.268742501736, 0.151386216283, 0.0871646627784, 0.0914584323764, 0.0883688852191, 0.150922745466, 0.245684146881, 0.207531452179, 0.120480529964, 0.0889362171292, 0.0852289348841, 0.158343151212, 0.23905287683, 0.180170148611, 0.10181337595, 0.0797623023391, 0.0600071698427, 0.0931305959821, 0.13542792201, 0.127092942595, 0.220225483179, 0.365435183048, 0.270801573992, 0.116421706975, 0.0768326297402, 0.0560107044876, 0.0798483490944, 0.122449055314, 0.0979801639915, 0.0720217600465, 0.0739037394524, 0.072467893362, 0.154704123735, 0.209045141935, 0.161471351981, 0.225153565407],
