{
"metadata": {
    "version": {
        "essentia": "2.1-dev",
        "essentia_git_sha": "v2.1_beta3-415-gd5473f3",
        "extractor": "music 2.0"
    },
    "audio_properties": {
        "analysis": {
            "equal_loudness": 0,
            "length": 255.242446899,
            "sample_rate": 44100,
            "start_time": 0,
            "downmix": "mix"
        },
        "bit_rate": 192000,
        "length": 255.242446899,
        "lossless": 0,
        "number_channels": 2,
        "replay_gain": -12.2269935608,
        "sample_rate": 44100,
        "codec": "mp3",
        "md5_encoded": "d22fe6ba95016ea65a3a445c7f71b0ab"
    },
    "tags": {
        "file_name": "gavin_rossdale-adrenaline.mp3",
        "album": ["XXX OST                       "],
        "artist": ["gavin rossdale                "],
        "date": ["2002"],
        "genre": ["Soundtrack"],
        "title": ["adrenaline                    "]
    }
},
"lowlevel": {
    "average_loudness": 0.949474394321,
    "barkbands_crest": {
        "mean": 8.61066246033,
        "stdev": 3.76745128632
    },
    "barkbands_flatness_db": {
        "mean": 0.0912918746471,
        "stdev": 0.0434593446553
    },
    "barkbands_kurtosis": {
        "mean": 2.21058154106,
        "stdev": 19.9645061493
    },
    "barkbands_skewness": {
        "mean": 1.14804458618,
        "stdev": 1.21316123009
    },
    "barkbands_spread": {
        "mean": 33.6908836365,
        "stdev": 15.1509780884
    },
    "dissonance": {
        "mean": 0.476056188345,
        "stdev": 0.0188620369881
    },
    "dynamic_complexity": 3.4242041111,
    "erbbands_crest": {
        "mean": 8.12923240662,
        "stdev": 4.13286209106
    },
    "erbbands_flatness_db": {
        "mean": 0.128620132804,
        "stdev": 0.0320572778583
    },
    "erbbands_kurtosis": {
        "mean": 0.0696335583925,
        "stdev": 1.43101036549
    },
    "erbbands_skewness": {
        "mean": -0.043201841414,
        "stdev": 0.606908798218
    },
    "erbbands_spread": {
        "mean": 40.5461120605,
        "stdev": 14.6302871704
    },
    "hfc": {
        "mean": 31.6154060364,
        "stdev": 20.6439876556
    },
    "loudness_ebu128": {
        "integrated": -9.75127887726,
        "loudness_range": 4.5776424408,
        "momentary": {
            "mean": -12.7070665359,
            "stdev": 16.2208080292
        },
        "short_term": {
            "mean": -11.6907596588,
            "stdev": 7.90682983398
        }
    },
    "melbands_crest": {
        "mean": 13.4446487427,
        "stdev": 5.09964752197
    },
    "melbands_flatness_db": {
        "mean": 0.155428260565,
        "stdev": 0.0544594489038
    },
    "melbands_kurtosis": {
        "mean": 8.7280330658,
        "stdev": 17.6903057098
    },
    "melbands_skewness": {
        "mean": 2.34985971451,
        "stdev": 1.34114277363
    },
    "melbands_spread": {
        "mean": 34.1417388916,
        "stdev": 18.6082210541
    },
    "pitch_salience": {
        "mean": 0.557499110699,
        "stdev": 0.0998415648937
    },
    "silence_rate_20dB": {
        "mean": 1,
        "stdev": 0
    },
    "silence_rate_30dB": {
        "mean": 0.999818086624,
        "stdev": 0.013485532254
    },
    "silence_rate_60dB": {
        "mean": 0.0653083473444,
        "stdev": 0.247069105506
    },
    "spectral_centroid": {
        "mean": 1833.01452637,
        "stdev": 832.51373291
    },
    "spectral_complexity": {
        "mean": 28.4173183441,
        "stdev": 13.5693750381
    },
    "spectral_decrease": {
        "mean": -7.55792228802e-09,
        "stdev": 4.531544473e-09
    },
    "spectral_energy": {
        "mean": 0.0313928946853,
        "stdev": 0.0181076675653
    },
    "spectral_energyband_high": {
        "mean": 0.00184785039164,
        "stdev": 0.00187253870536
    },
    "spectral_energyband_low": {
        "mean": 0.0111173642799,
        "stdev": 0.011906302534
    },
    "spectral_energyband_middle_high": {
        "mean": 0.00743852416053,
        "stdev": 0.00578471133485
    },
    "spectral_energyband_middle_low": {
        "mean": 0.0120763201267,
        "stdev": 0.010238870047
    },
    "spectral_entropy": {
        "mean": 7.9172077179,
        "stdev": 0.312186270952
    },
    "spectral_flux": {
        "mean": 0.0890569314361,
        "stdev": 0.0465124696493
    },
    "spectral_kurtosis": {
        "mean": 3.16331601143,
        "stdev": 1.48922288418
    },
    "spectral_rms": {
        "mean": 0.00522572314367,
        "stdev": 0.0018218124751
    },
    "spectral_rolloff": {
        "mean": 2132.27490234,
        "stdev": 1913.29675293
    },
    "spectral_skewness": {
        "mean": 1.29544436932,
        "stdev": 0.292847335339
    },
    "spectral_spread": {
        "mean": 5062861.5,
        "stdev": 2634557.75
    },
    "spectral_strongpeak": {
        "mean": 0.907659351826,
        "stdev": 1.40478265285
    },
    "zerocrossingrate": {
        "mean": 0.0800148770213,
        "stdev": 0.0459122397006
    },
    "barkbands": {
        "mean": [0.000452764739748, 0.00689352164045, 0.00282882433385, 0.0018207404064, 0.00363266887143, 0.00116950506344, 0.00255511887372, 0.00118930940516, 0.0014271272812, 0.000915357843041, 0.000683732621837, 0.00067468470661, 0.000752812135033, 0.000634719966911, 0.000943801074754, 0.00103687553201, 0.000775163294747, 0.000357663142495, 0.000563071400393, 0.000509503297508, 0.000483810901642, 0.000355453288648, 0.000226732750889, 0.000197656554519, 0.000199444271857, 0.000102781516034, 1.00444322015e-05],
        "stdev": [0.000651438545901, 0.00896747317165, 0.00387599994428, 0.0027705731336, 0.00604677340016, 0.00194674322847, 0.00415557250381, 0.0019845161587, 0.00209829909727, 0.00176222645678, 0.00111363548785, 0.00157488288824, 0.00155658787116, 0.00105981423985, 0.00147053354885, 0.00154082977679, 0.000963121827226, 0.000403350510169, 0.000522107118741, 0.000548636773601, 0.000534746039193, 0.000398314208724, 0.000312065734761, 0.000393324822653, 0.000364716339391, 0.000167264748598, 4.87385659653e-05]
    },
    "erbbands": {
        "mean": [0.201177045703, 1.51382017136, 3.39345359802, 5.08448839188, 10.3710403442, 11.9953355789, 8.07691001892, 9.75276756287, 23.0869121552, 45.9605484009, 27.8791103363, 35.2440605164, 26.2600307465, 30.5283870697, 26.4950370789, 32.8282241821, 37.434173584, 31.2025794983, 39.0664215088, 62.6250343323, 59.798576355, 38.9782180786, 23.1561775208, 25.0104866028, 26.6514625549, 24.7179431915, 20.5592517853, 18.4981784821, 13.1885519028, 9.03814888, 6.12320280075, 4.1551861763, 3.38010907173, 2.46265149117, 1.24895954132, 0.566719353199, 0.16525042057, 0.0280736144632, 0.00151979213115, 7.60917464504e-05],
        "stdev": [0.256882190704, 2.14255905151, 4.59929800034, 6.6284365654, 16.9392223358, 20.9169178009, 13.7607021332, 16.5920295715, 40.6254234314, 90.1357955933, 44.24817276, 54.9228057861, 35.9657821655, 64.7760009766, 41.4987602234, 78.6228637695, 74.0830535889, 49.098323822, 65.0208740234, 111.212005615, 77.7558746338, 42.3909454346, 24.8068885803, 24.2390785217, 26.2897529602, 27.5100898743, 22.2269668579, 20.7462329865, 14.7669095993, 11.1974525452, 8.71297645569, 7.03161859512, 7.54130554199, 5.23464488983, 2.06203889847, 0.900628626347, 0.276012688875, 0.0658230260015, 0.00899242796004, 0.000184061107575]
    },
    "gfcc": {
        "mean": [25.8993282318, 74.5781173706, -116.702033997, 41.0743713379, -52.5379600525, 18.2335739136, -32.8629226685, 16.4328460693, -19.8074893951, 9.16256523132, -23.5243206024, 0.471003085375, -11.7258291245],
        "cov": [[20777.390625, -227.336853027, -618.230285645, 88.4454956055, -721.501342773, 81.6441802979, -550.070678711, 130.359985352, -300.661437988, 287.106750488, -218.126464844, 177.238632202, -347.527282715], [-227.336853027, 983.28527832, -275.995330811, 81.0017929077, 42.1016426086, -56.2083702087, 123.266372681, -63.7841796875, 108.495597839, -148.357757568, 38.1402626038, -118.209152222, 55.5215606689], [-618.230285645, -275.995330811, 470.674102783, 3.65508508682, 8.93404579163, 7.30129528046, -32.3452453613, 33.7480430603, -12.7207536697, 35.9001197815, 9.9703540802, 35.5876083374, -6.73441076279], [88.4454956055, 81.0017929077, 3.65508508682, 211.64680481, -5.52361440659, 6.04385948181, -18.3192386627, -13.4290246964, 13.454823494, -38.2440376282, -1.407289505, -25.4253311157, 30.6007118225], [-721.501342773, 42.1016426086, 8.93404579163, -5.52361440659, 220.526672363, 7.77845478058, 55.1577186584, 18.1485385895, 21.7922859192, 12.696056366, -13.1659832001, 5.79661846161, 15.0219144821], [81.6441802979, -56.2083702087, 7.30129528046, 6.04385948181, 7.77845478058, 137.073806763, 41.200958252, 26.6557064056, 4.24260377884, -1.1166549921, 12.4620046616, -7.26145601273, 0.209170132875], [-550.070678711, 123.266372681, -32.3452453613, -18.3192386627, 55.1577186584, 41.200958252, 150.69720459, 17.6640472412, 22.946346283, -28.1382007599, 12.8147315979, -15.8137779236, 6.3545422554], [130.359985352, -63.7841796875, 33.7480430603, -13.4290246964, 18.1485385895, 26.6557064056, 17.6640472412, 94.5598983765, 26.0508327484, 31.8913021088, -3.75417709351, 13.4566879272, -2.37434101105], [-300.661437988, 108.495597839, -12.7207536697, 13.454823494, 21.7922859192, 4.24260377884, 22.946346283, 26.0508327484, 104.875167847, 5.70598745346, 10.6238117218, -23.3207588196, 16.298948288], [287.106750488, -148.357757568, 35.9001197815, -38.2440376282, 12.696056366, -1.1166549921, -28.1382007599, 31.8913021088, 5.70598745346, 114.082702637, 4.03854036331, 36.206161499, -23.1224193573], [-218.126464844, 38.1402626038, 9.9703540802, -1.407289505, -13.1659832001, 12.4620046616, 12.8147315979, -3.75417709351, 10.6238117218, 4.03854036331, 71.1436538696, 4.52633094788, 5.49561691284], [177.238632202, -118.209152222, 35.5876083374, -25.4253311157, 5.79661846161, -7.26145601273, -15.8137779236, 13.4566879272, -23.3207588196, 36.206161499, 4.52633094788, 78.0972976685, 6.04668331146], [-347.527282715, 55.5215606689, -6.73441076279, 30.6007118225, 15.0219144821, 0.209170132875, 6.3545422554, -2.37434101105, 16.298948288, -23.1224193573, 5.49561691284, 6.04668331146, 69.5892868042]],
        "icov": [[8.89496368472e-05, -0.000149453582708, 0.000113573485578, -0.000108521184302, 0.000254411483184, -0.000230788966292, 0.000301820604363, -0.000239382236032, 0.000226628413657, -0.000211318270885, 0.000323073123582, -0.000338188780006, 0.000412788474932], [-0.000149453582708, 0.00255466951057, 0.000745152588934, -0.000168887199834, -0.000736709684134, 0.00182816502638, -0.00172495492734, 0.00104589073453, -0.00201667915098, 0.00203017471358, -0.00188658456318, 0.00216417806223, -0.00118364568334], [0.000113573485578, 0.000745152588934, 0.00284298928455, -0.000496978114825, -2.40652316279e-05, 0.000180877308594, 0.000463042932097, -0.000892576936167, -7.1884256613e-05, 0.000294631376164, -0.000647932523862, -0.000488483405206, 0.000606591580436], [-0.000108521184302, -0.000168887199834, -0.000496978114825, 0.00583416456357, -0.000377982709324, -0.000519816763699, 0.00120445736684, 0.000399152602768, -0.000478880567243, 0.00134271616116, -0.000143954457599, 0.00171652575955, -0.00261346274056], [0.000254411483184, -0.000736709684134, -2.40652316279e-05, -0.000377982709324, 0.00625245319679, -0.00060681020841, -0.00142217194661, -0.000635298201814, 0.000233696060604, -0.00223240628839, 0.00285579799674, -0.00155626994092, -0.000104284859844], [-0.000230788966292, 0.00182816502638, 0.000180877308594, -0.000519816763699, -0.00060681020841, 0.0101440139115, -0.00379420258105, -0.00154408160597, -0.000346824672306, 0.00120670511387, -0.00311109307222, 0.0031600529328, -0.00151748862118], [0.000301820604363, -0.00172495492734, 0.000463042932097, 0.00120445736684, -0.00142217194661, -0.00379420258105, 0.0113369077444, -0.00285890535451, 0.000480169343064, 0.00187314278446, -0.000240709807258, -0.00145828118548, 0.00223998003639], [-0.000239382236032, 0.00104589073453, -0.000892576936167, 0.000399152602768, -0.000635298201814, -0.00154408160597, -0.00285890535451, 0.0154101643711, -0.00507489545271, -0.00218296889216, 0.00134594505653, -0.00117898534518, -0.000903762702364], [0.000226628413657, -0.00201667915098, -7.1884256613e-05, -0.000478880567243, 0.000233696060604, -0.000346824672306, 0.000480169343064, -0.00507489545271, 0.0150140672922, -0.00433383276686, -0.000521959445905, 0.00395476445556, -0.00258095772006], [-0.000211318270885, 0.00203017471358, 0.000294631376164, 0.00134271616116, -0.00223240628839, 0.00120670511387, 0.00187314278446, -0.00218296889216, -0.00433383276686, 0.0160016547889, -0.00314098456874, -0.00394521933049, 0.00391850993037], [0.000323073123582, -0.00188658456318, -0.000647932523862, -0.000143954457599, 0.00285579799674, -0.00311109307222, -0.000240709807258, 0.00134594505653, -0.000521959445905, -0.00314098456874, 0.0177923664451, -0.00389901967719, 0.000592294789385], [-0.000338188780006, 0.00216417806223, -0.000488483405206, 0.00171652575955, -0.00155626994092, 0.0031600529328, -0.00145828118548, -0.00117898534518, 0.00395476445556, -0.00394521933049, -0.00389901967719, 0.0217722542584, -0.00761933811009], [0.000412788474932, -0.00118364568334, 0.000606591580436, -0.00261346274056, -0.000104284859844, -0.00151748862118, 0.00223998003639, -0.000903762702364, -0.00258095772006, 0.00391850993037, 0.000592294789385, -0.00761933811009, 0.0208972543478]]
    },
    "melbands": {
        "mean": [0.00187486351933, 0.00190892466344, 0.00100496178493, 0.000904397282284, 0.000312412506901, 0.000224632094614, 0.000397956871893, 0.00044295945554, 0.000227395677939, 0.000207936216611, 0.000125684091472, 0.000123162157251, 0.000101071273093, 6.60316436552e-05, 9.59227327257e-05, 6.77141943015e-05, 5.66152593819e-05, 6.3290419348e-05, 6.27782792435e-05, 7.72289349698e-05, 7.316020492e-05, 4.37124617747e-05, 2.72106644843e-05, 1.58228976943e-05, 2.07922203117e-05, 2.02503051696e-05, 1.76544272108e-05, 1.60601684911e-05, 1.28633919303e-05, 1.20689501273e-05, 1.01651821751e-05, 7.85108295531e-06, 5.8538535086e-06, 4.71195562568e-06, 3.6036756228e-06, 3.02062835544e-06, 2.33289438256e-06, 2.31141416407e-06, 2.37731865127e-06, 1.97662643586e-06],
        "stdev": [0.0023590491619, 0.00247800420038, 0.00117634481285, 0.00157617637888, 0.000478376256069, 0.000386723171687, 0.000647413369734, 0.00084225932369, 0.000348777481122, 0.000322528299876, 0.000181295865332, 0.000281485670712, 0.000158067807206, 0.000162086798809, 0.000179242269951, 0.000128323037643, 9.30438327487e-05, 0.000114577982458, 9.75429429673e-05, 0.000134325542604, 0.00010198437667, 5.28972195752e-05, 3.18728052662e-05, 1.83847605513e-05, 2.11529513763e-05, 1.96308683371e-05, 1.93425839825e-05, 1.93642317754e-05, 1.47280907186e-05, 1.4234070477e-05, 1.18999669212e-05, 9.32436705625e-06, 7.01715634932e-06, 6.39100608169e-06, 5.48374100617e-06, 4.39457335233e-06, 4.45175146524e-06, 5.21417723576e-06, 5.79445304538e-06, 4.15228487327e-06]
    },
    "melbands128": {
        "mean": [0.000409476051573, 0.00155004486442, 0.00248217699118, 0.00253026024438, 0.00192893110216, 0.00129720091354, 0.00102350686211, 0.00086691963952, 0.00105135911144, 0.00121397455223, 0.000704492616933, 0.000316542631481, 0.000241912188358, 0.000297999737086, 0.00019985162362, 0.000198550114874, 0.000259817199549, 0.000404252292356, 0.00046788828331, 0.000726514204871, 0.00021217711037, 0.000202209295821, 0.000228725388297, 0.00020622984448, 0.000323417392792, 0.00011299149628, 0.000174194152351, 0.000126859973534, 7.18155279174e-05, 0.000173468899447, 9.48415327002e-05, 0.000113726629934, 0.000151378655573, 4.79648224427e-05, 3.65825326298e-05, 7.53297790652e-05, 0.000114357826533, 7.07860235707e-05, 0.000124987025629, 8.11662976048e-05, 3.16693040077e-05, 8.07293399703e-05, 5.21368237969e-05, 4.24733152613e-05, 7.0421025157e-05, 6.88455620548e-05, 6.25961256446e-05, 2.49376498687e-05, 6.23920568614e-05, 0.000160723357112, 4.63433752884e-05, 3.8661135477e-05, 8.30104982015e-05, 8.94841869012e-05, 5.73167344555e-05, 3.91478242818e-05, 2.51903948083e-05, 3.74200462829e-05, 2.38881475525e-05, 1.84104683285e-05, 1.58304701472e-05, 1.18270518215e-05, 1.76020876097e-05, 2.5378922146e-05, 2.32993788813e-05, 1.84328291652e-05, 1.94001167984e-05, 2.05833039217e-05, 1.46026895891e-05, 1.81239847734e-05, 1.75556706381e-05, 1.37784427352e-05, 1.45366020661e-05, 1.21520433822e-05, 1.16123883345e-05, 1.26918857859e-05, 1.19716269182e-05, 1.16006758617e-05, 9.58879991231e-06, 9.10874587134e-06, 8.75216028362e-06, 6.84237147652e-06, 6.80250968799e-06, 5.68740415474e-06, 5.29334511157e-06, 4.71003568236e-06, 4.73515683552e-06, 4.27025997851e-06, 3.46565889231e-06, 3.0584826618e-06, 3.43532997249e-06, 2.94225515063e-06, 2.59471812569e-06, 2.13645671465e-06, 2.34917274611e-06, 2.27131454267e-06, 2.24978452934e-06, 2.47155526267e-06, 2.34453136727e-06, 2.43166073233e-06, 2.1699906938e-06, 1.94073504645e-06, 1.66761549281e-06, 1.6069737967e-06, 1.31649869672e-06, 1.28054318793e-06, 1.26874431317e-06, 1.07565392682e-06, 9.69195411926e-07, 8.73617750585e-07, 7.72625355694e-07, 6.04900094459e-07, 4.9858130069e-07, 3.73480247617e-07, 3.14883720876e-07, 2.57447538843e-07, 2.28154448223e-07, 9.22764229472e-08, 5.79847103666e-08, 3.5569932777e-08, 2.13378132941e-08, 1.14933449424e-08, 1.8608827812e-09, 5.91548945245e-12, 4.04143385424e-12, 3.98629870432e-12, 3.94681683169e-12, 3.91832529964e-12],
        "stdev": [0.000594519253355, 0.0021089008078, 0.00359060033225, 0.00379018951207, 0.00282185268588, 0.0017267500516, 0.00153724686243, 0.00132937694434, 0.00195950292982, 0.00267318403348, 0.00148166099098, 0.000615138502326, 0.000568625400774, 0.000643876963295, 0.000426195154432, 0.000561825348996, 0.000771605060436, 0.000962564721704, 0.000943837803788, 0.00169481150806, 0.000485144730192, 0.000465108838398, 0.000515192572493, 0.000362124497769, 0.000654143630527, 0.00023798730399, 0.000387554522604, 0.000232891790802, 0.000171082705492, 0.000518923334312, 0.000284844019916, 0.000231466372497, 0.000240417182795, 0.000205662014196, 0.000115383678349, 0.000240101668169, 0.000391315756133, 0.000153049753862, 0.000355747411959, 0.000212488797843, 9.2023088655e-05, 0.000234166451264, 0.000120731900097, 8.48585477797e-05, 0.000198276233277, 0.000173358319444, 0.0001449608244, 6.29694113741e-05, 0.000130545682623, 0.000365652900655, 0.00012854776287, 7.638947136e-05, 0.00015067201457, 0.000163546879776, 0.000101872392406, 6.24291424174e-05, 4.11091059505e-05, 5.92125907133e-05, 3.46214183082e-05, 3.19685495924e-05, 2.18718105316e-05, 1.7460926756e-05, 2.20605306822e-05, 3.00237552437e-05, 2.56519178947e-05, 2.21820773731e-05, 2.51535147981e-05, 2.66536935669e-05, 1.99756595975e-05, 2.54415299423e-05, 2.48046453635e-05, 2.083680738e-05, 2.09378085856e-05, 1.60731542564e-05, 1.55502893904e-05, 1.80518818524e-05, 1.60425242939e-05, 1.52816246555e-05, 1.3059480807e-05, 1.23143072415e-05, 1.32622326419e-05, 9.27374185267e-06, 8.56524729898e-06, 8.0043610069e-06, 7.47580270399e-06, 7.02237593941e-06, 7.34894319976e-06, 7.08501374902e-06, 6.17991872787e-06, 5.12733913638e-06, 5.04289982928e-06, 4.69279166282e-06, 4.64922823085e-06, 4.56436100649e-06, 5.10399650011e-06, 5.32738704351e-06, 5.59169484404e-06, 6.20895070824e-06, 6.46915714242e-06, 6.16582155999e-06, 5.02429929838e-06, 4.31162379755e-06, 3.59559930985e-06, 3.13916393679e-06, 2.45121395892e-06, 2.15784075408e-06, 2.06993195206e-06, 1.84824739335e-06, 1.67248856542e-06, 1.5759545704e-06, 1.39821645462e-06, 1.10158305233e-06, 8.96928213479e-07, 6.93420588505e-07, 5.94602056481e-07, 5.34613207037e-07, 6.10292602232e-07, 5.82820518957e-07, 5.21319122981e-07, 3.46659078332e-07, 2.48535087621e-07, 1.56745826985e-07, 2.35597692466e-08, 2.56078006022e-11, 6.23508319628e-12, 6.14915496994e-12, 6.08717893799e-12, 6.04951895869e-12]
    },
    "mfcc": {
        "mean": [-609.396972656, 101.868133545, -3.08056855202, 27.7445087433, 4.5190486908, 8.55629920959, -0.350320786238, 4.66509628296, 10.2905368805, 6.40525007248, 0.369946956635, 1.9600032568, 2.98739123344],
        "cov": [[11181.3701172, 402.041381836, 54.939125061, 80.8814468384, -110.123374939, -34.797077179, -146.622314453, -135.54977417, -129.977661133, -88.1104812622, 31.3202552795, 14.9391403198, 35.6535568237], [402.041381836, 854.367797852, -185.888504028, 113.50113678, -31.3917942047, 24.194688797, -9.96742630005, 56.6748428345, 42.6233062744, 42.004901886, -9.07336235046, -4.59458112717, -8.43838977814], [54.939125061, -185.888504028, 382.972991943, 0.924565017223, 16.967874527, -26.6903171539, -9.68864536285, -5.99750185013, -23.6548843384, -3.38499116898, -15.3088111877, 8.76915359497, 12.9780950546], [80.8814468384, 113.50113678, 0.924565017223, 194.156616211, 38.207698822, 5.91364765167, -20.1807022095, -1.67655432224, 18.9348716736, -6.97114276886, -25.270608902, -10.3806743622, -9.03763771057], [-110.123374939, -31.3917942047, 16.967874527, 38.207698822, 135.891952515, 11.7650880814, -4.31674432755, -6.96945095062, 26.4081001282, 11.737745285, -6.55972528458, 2.72593402863, 7.0739979744], [-34.797077179, 24.194688797, -26.6903171539, 5.91364765167, 11.7650880814, 92.252243042, 30.7812366486, 18.0660171509, 6.44149971008, 15.2187404633, 1.64774942398, -10.3003797531, -3.9438149929], [-146.622314453, -9.96742630005, -9.68864536285, -20.1807022095, -4.31674432755, 30.7812366486, 110.100959778, 37.7141494751, 4.06757116318, 2.72619605064, 6.25375318527, 4.99733972549, 3.00557136536], [-135.54977417, 56.6748428345, -5.99750185013, -1.67655432224, -6.96945095062, 18.0660171509, 37.7141494751, 93.2242660522, 29.8077392578, 15.640581131, -4.46898794174, 0.279919356108, 1.56247639656], [-129.977661133, 42.6233062744, -23.6548843384, 18.9348716736, 26.4081001282, 6.44149971008, 4.06757116318, 29.8077392578, 95.3952026367, 33.5753364563, 1.0122269392, -3.7616956234, 8.14182949066], [-88.1104812622, 42.004901886, -3.38499116898, -6.97114276886, 11.737745285, 15.2187404633, 2.72619605064, 15.640581131, 33.5753364563, 79.8923492432, 21.3743228912, 4.81134939194, -0.341263204813], [31.3202552795, -9.07336235046, -15.3088111877, -25.270608902, -6.55972528458, 1.64774942398, 6.25375318527, -4.46898794174, 1.0122269392, 21.3743228912, 71.7902297974, 24.8682289124, 3.68830442429], [14.9391403198, -4.59458112717, 8.76915359497, -10.3806743622, 2.72593402863, -10.3003797531, 4.99733972549, 0.279919356108, -3.7616956234, 4.81134939194, 24.8682289124, 58.0170326233, 22.3029575348], [35.6535568237, -8.43838977814, 12.9780950546, -9.03763771057, 7.0739979744, -3.9438149929, 3.00557136536, 1.56247639656, 8.14182949066, -0.341263204813, 3.68830442429, 22.3029575348, 71.4575271606]],
        "icov": [[9.73753922153e-05, -6.57783966744e-05, -4.36319751316e-05, -2.08370474866e-05, 6.21035142103e-05, -3.94124217564e-05, 9.39617093536e-05, 0.000107634346932, 7.42144984542e-05, 0.000105956401967, -9.83996287687e-05, 2.1153686248e-05, -7.51661282266e-05], [-6.57783966744e-05, 0.00165343540721, 0.000797657761723, -0.00103813689202, 0.000589718227275, -3.03929773509e-05, 0.000320804538205, -0.000972344598267, 4.90964666824e-05, -0.00101363123395, 0.000411203305703, -0.000287189002847, -4.24085701525e-05], [-4.36319751316e-05, 0.000797657761723, 0.00319479568861, -0.000488987250719, -0.000256621657172, 0.000863595691044, 0.000161187330377, -0.000716172449756, 0.00109538517427, -0.00107209151611, 0.00100189098157, -0.000420405238401, -0.000494596315548], [-2.08370474866e-05, -0.00103813689202, -0.000488987250719, 0.00665620993823, -0.00181027827784, -0.000629233312793, 0.00087971141329, 0.000542289286386, -0.0013087404659, 0.00149562337901, 0.00150173367001, -0.000171905892785, 0.00104648631532], [6.21035142103e-05, 0.000589718227275, -0.000256621657172, -0.00181027827784, 0.00896138045937, -0.00144069932867, 0.000115104208817, 0.00159421982244, -0.00245124706998, -0.000954541086685, 0.00109039177187, -0.00129301648121, -0.00052802497521], [-3.94124217564e-05, -3.03929773509e-05, 0.000863595691044, -0.000629233312793, -0.00144069932867, 0.0134436320513, -0.00355094647966, -0.00131815730128, 0.00145191734191, -0.00267148250714, -0.000555837352294, 0.00320323091, -0.000306858331896], [9.39617093536e-05, 0.000320804538205, 0.000161187330377, 0.00087971141329, 0.000115104208817, -0.00355094647966, 0.0120499925688, -0.00462533580139, 0.000529795826878, 0.0012524726335, -0.000879225030076, -0.00113495939877, -0.000194847598323], [0.000107634346932, -0.000972344598267, -0.000716172449756, 0.000542289286386, 0.00159421982244, -0.00131815730128, -0.00462533580139, 0.0153446448967, -0.00448202900589, -0.000783476862125, 0.00208012317307, -0.00116316485219, 0.000421194068622], [7.42144984542e-05, 4.90964666824e-05, 0.00109538517427, -0.0013087404659, -0.00245124706998, 0.00145191734191, 0.000529795826878, -0.00448202900589, 0.015353133902, -0.00565786659718, -6.8228750024e-05, 0.00239578168839, -0.00251776841469], [0.000105956401967, -0.00101363123395, -0.00107209151611, 0.00149562337901, -0.000954541086685, -0.00267148250714, 0.0012524726335, -0.000783476862125, -0.00565786659718, 0.0178162492812, -0.00525425095111, -0.000267757772235, 0.00120732292999], [-9.83996287687e-05, 0.000411203305703, 0.00100189098157, 0.00150173367001, 0.00109039177187, -0.000555837352294, -0.000879225030076, 0.00208012317307, -6.8228750024e-05, -0.00525425095111, 0.0194919295609, -0.00843544211239, 0.00156792625785], [2.1153686248e-05, -0.000287189002847, -0.000420405238401, -0.000171905892785, -0.00129301648121, 0.00320323091, -0.00113495939877, -0.00116316485219, 0.00239578168839, -0.000267757772235, -0.00843544211239, 0.024494856596, -0.00709595670924], [-7.51661282266e-05, -4.24085701525e-05, -0.000494596315548, 0.00104648631532, -0.00052802497521, -0.000306858331896, -0.000194847598323, 0.000421194068622, -0.00251776841469, 0.00120732292999, 0.00156792625785, -0.00709595670924, 0.0167097914964]]
    },
    "spectral_contrast_coeffs": {
        "mean": [-0.738442897797, -0.765996217728, -0.767208755016, -0.775977134705, -0.802973926067, -0.748129308224],
        "stdev": [0.072863727808, 0.0683552771807, 0.0577818341553, 0.048813354224, 0.0323655791581, 0.0390465706587]
    },
    "spectral_contrast_valleys": {
        "mean": [-6.57131576538, -6.61654138565, -7.3343000412, -7.34981298447, -7.09126567841, -9.78848934174],
        "stdev": [1.77245116234, 1.80181181431, 1.74781143665, 1.73908853531, 1.75817286968, 1.72272276878]
    }
},
"rhythm": {
    "beats_count": 424,
    "beats_loudness": {
        "mean": 0.0380433686078,
        "stdev": 0.0157401841134
    },
    "bpm": 100.021583557,
    "bpm_histogram_first_peak_bpm": 99,
    "bpm_histogram_first_peak_weight": 0.381861567497,
    "bpm_histogram_second_peak_bpm": 94,
    "bpm_histogram_second_peak_spread": 0.25,
    "bpm_histogram_second_peak_weight": 0.00709219835699,
    "danceability": 1.03795313835,
    "onset_rate": 3.63163471222,
    "beats_loudness_band_ratio": {
        "mean": [0.518364548683, 0.183253481984, 0.120528236032, 0.0774309262633, 0.102738127112, 0.0800298824906],
        "stdev": [0.167796671391, 0.157122969627, 0.0871068388224, 0.0796031653881, 0.0879637002945, 0.0481051690876]
    },
    "beats_position": [0.603718817234, 1.21904754639, 1.84598636627, 2.48453521729, 3.13469386101, 3.76163268089, 4.38857126236, 5.02712011337, 5.66566896439, 6.28099775314, 6.88471651077, 7.47682523727, 8.08054447174, 8.68426322937, 9.287981987, 9.89170074463, 10.4954195023, 11.0875282288, 11.6796369553, 12.2833557129, 12.8870744705, 13.479183197, 14.0712919235, 14.6750106812, 15.2787294388, 15.870839119, 16.4745578766, 17.0666656494, 17.6703853607, 18.2741031647, 18.877822876, 19.4815406799, 20.0852603912, 20.6773700714, 21.2694778442, 21.8731975555, 22.4769153595, 23.0690250397, 23.6611328125, 24.2648525238, 24.8685703278, 25.4606800079, 26.0643978119, 26.6565074921, 27.2602272034, 27.8639450073, 28.4676647186, 29.0829925537, 29.6751022339, 30.2672100067, 30.8593196869, 31.4630374908, 32.0667572021, 32.6704750061, 33.2625846863, 33.8663024902, 34.4584121704, 35.0621299744, 35.6658477783, 36.2579574585, 36.8500671387, 37.4537849426, 38.0575065613, 38.6612243652, 39.2649421692, 39.8570518494, 40.4491615295, 41.0528793335, 41.6565971375, 42.2487068176, 42.8408164978, 43.4445343018, 44.0482521057, 44.6519737244, 45.2556915283, 45.8478012085, 46.439907074, 47.0436286926, 47.6473464966, 48.2394561768, 48.8431739807, 49.4468917847, 50.0390014648, 50.6427192688, 51.2464370728, 51.8501586914, 52.4422683716, 53.0343742371, 53.6380958557, 54.2418136597, 54.8455314636, 55.4376411438, 56.029750824, 56.6334686279, 57.2371864319, 57.8292961121, 58.4214057922, 59.0251235962, 59.6288414001, 60.2325630188, 60.8362808228, 61.4399986267, 62.0321083069, 62.6242179871, 63.227935791, 63.831653595, 64.4353713989, 65.0274810791, 65.6195907593, 66.2233123779, 66.8270263672, 67.4191360474, 68.0112457275, 68.6149673462, 69.2186813354, 69.8224029541, 70.4261245728, 71.0182266235, 71.6103363037, 72.2140579224, 72.817779541, 73.4214935303, 74.0136032104, 74.6057128906, 75.2094345093, 75.8131484985, 76.4168701172, 77.0089797974, 77.6010894775, 78.2048034668, 78.8085250854, 79.4122467041, 80.0159606934, 80.6080703735, 81.2001800537, 81.8039016724, 82.4076156616, 83.0113372803, 83.6150588989, 84.2071609497, 84.7992706299, 85.4029922485, 86.0067138672, 86.598815918, 87.1909255981, 87.7946472168, 88.3983688354, 89.0020828247, 89.6058044434, 90.1979141235, 90.7900238037, 91.393737793, 91.9974594116, 92.6011810303, 93.2048950195, 93.8086166382, 94.4007263184, 95.0044403076, 95.5965499878, 96.188659668, 96.7923812866, 97.3960952759, 97.9882049561, 98.5919265747, 99.1840362549, 99.7877502441, 100.379859924, 100.983581543, 101.587303162, 102.179405212, 102.771514893, 103.375236511, 103.97895813, 104.582672119, 105.174781799, 105.778503418, 106.370613098, 106.974327087, 107.578048706, 108.181770325, 108.773872375, 109.365982056, 109.969703674, 110.573425293, 111.177139282, 111.769248962, 112.361358643, 112.965080261, 113.56879425, 114.160903931, 114.764625549, 115.356735229, 115.960449219, 116.564170837, 117.167892456, 117.771606445, 118.375328064, 118.967437744, 119.559547424, 120.163261414, 120.766983032, 121.359092712, 121.951202393, 122.554916382, 123.158638, 123.762359619, 124.366073608, 124.958183289, 125.550292969, 126.154014587, 126.757728577, 127.361450195, 127.953559875, 128.545669556, 129.149383545, 129.753097534, 130.356826782, 130.960540771, 131.552658081, 132.144760132, 132.748474121, 133.352203369, 133.955917358, 134.559631348, 135.140136719, 135.743850708, 136.347564697, 136.951293945, 137.555007935, 138.147125244, 138.739227295, 139.342941284, 139.946670532, 140.538772583, 141.130874634, 141.734603882, 142.338317871, 142.94203186, 143.545761108, 144.149475098, 144.741577148, 145.333694458, 145.937408447, 146.541137695, 147.144851685, 147.736953735, 148.329071045, 148.932785034, 149.536499023, 150.140228271, 150.732330322, 151.336044312, 151.928161621, 152.53187561, 153.135604858, 153.739318848, 154.31980896, 154.923538208, 155.527252197, 156.119369507, 156.711471558, 157.315185547, 157.918914795, 158.522628784, 159.126342773, 159.718460083, 160.310562134, 160.914276123, 161.518005371, 162.12171936, 162.72543335, 163.317550659, 163.90965271, 164.50177002, 165.09387207, 165.69758606, 166.301315308, 166.905029297, 167.508743286, 168.112472534, 168.704574585, 169.296691895, 169.900405884, 170.504119873, 171.107849121, 171.71156311, 172.3152771, 172.907394409, 173.49949646, 174.103210449, 174.706939697, 175.310653687, 175.914367676, 176.506484985, 177.098587036, 177.702316284, 178.306030273, 178.898132324, 179.490249634, 180.093963623, 180.697677612, 181.30140686, 181.893508911, 182.485626221, 183.08934021, 183.693054199, 184.296783447, 184.900497437, 185.492599487, 186.084716797, 186.688430786, 187.292144775, 187.895874023, 188.487976074, 189.080093384, 189.683807373, 190.287521362, 190.89125061, 191.4949646, 192.08706665, 192.67918396, 193.282897949, 193.886611938, 194.490341187, 195.082443237, 195.674560547, 196.278274536, 196.881988525, 197.485717773, 198.077819824, 198.669921875, 199.273651123, 199.877365112, 200.481079102, 201.08480835, 201.6769104, 202.26902771, 202.872741699, 203.476455688, 204.080184937, 204.672286987, 205.264389038, 205.868118286, 206.471832275, 207.075546265, 207.667663574, 208.259765625, 208.863494873, 209.467208862, 210.059310913, 210.651428223, 211.255142212, 211.858856201, 212.462585449, 213.066299438, 213.658401489, 214.250518799, 214.854232788, 215.457962036, 216.061676025, 216.665390015, 217.257507324, 217.849609375, 218.453323364, 219.045440674, 219.649154663, 220.241271973, 220.844985962, 221.448699951, 222.052429199, 222.656143188, 223.248245239, 223.840362549, 224.444076538, 225.047790527, 225.639907837, 226.232009888, 226.835739136, 227.439453125, 228.031555176, 228.623672485, 229.227386475, 229.831100464, 230.44644165, 231.038543701, 231.64225769, 232.245986938, 232.838088989, 233.430206299, 234.033920288, 234.637634277, 235.241363525, 235.845077515, 236.437179565, 237.029296875, 237.633010864, 238.236724854, 238.828842163, 239.420944214, 240.024673462, 240.628387451, 241.23210144, 241.835830688, 242.427932739, 243.02003479, 243.623764038, 244.227478027, 244.831192017, 245.434921265, 246.027023315, 246.619140625, 247.222854614, 247.826568604, 248.418685913, 249.010787964, 249.614501953, 250.218231201, 250.82194519, 251.42565918, 252.041000366, 252.667938232, 253.294876099, 253.921813965, 254.548751831],
    "bpm_histogram": [0, 0, 0, 0, 0, 0, 0, 0, 0, 0, 0, 0, 0, 0, 0, 0, 0, 0, 0, 0, 0, 0, 0, 0, 0, 0, 0, 0, 0, 0, 0, 0, 0, 0, 0, 0, 0, 0, 0, 0, 0, 0, 0, 0, 0, 0, 0, 0, 0, 0, 0, 0, 0, 0, 0, 0, 0, 0, 0, 0, 0, 0, 0, 0, 0, 0, 0, 0, 0, 0, 0, 0, 0, 0, 0, 0, 0, 0, 0, 0, 0, 0, 0, 0, 0, 0, 0, 0, 0, 0, 0, 0, 0.00236406619661, 0, 0.00709219835699, 0, 0.0165484640747, 0, 0.0118203312159, 0.600472807884, 0, 0.356974005699, 0, 0.00472813239321, 0, 0, 0, 0, 0, 0, 0, 0, 0, 0, 0, 0, 0, 0, 0, 0, 0, 0, 0, 0, 0, 0, 0, 0, 0, 0, 0, 0, 0, 0, 0, 0, 0, 0, 0, 0, 0, 0, 0, 0, 0, 0, 0, 0, 0, 0, 0, 0, 0, 0, 0, 0, 0, 0, 0, 0, 0, 0, 0, 0, 0, 0, 0, 0, 0, 0, 0, 0, 0, 0, 0, 0, 0, 0, 0, 0, 0, 0, 0, 0, 0, 0, 0, 0, 0, 0, 0, 0, 0, 0, 0, 0, 0, 0, 0, 0, 0, 0, 0, 0, 0, 0, 0, 0, 0, 0, 0, 0, 0, 0, 0, 0, 0, 0, 0, 0, 0, 0, 0, 0, 0, 0, 0, 0, 0, 0, 0, 0, 0, 0, 0, 0, 0, 0, 0, 0, 0, 0, 0, 0, 0, 0, 0, 0, 0, 0]
},
"tonal": {
    "chords_changes_rate": 0.053292106837,
    "chords_number_rate": 0.00163695891388,
    "chords_strength": {
        "mean": 0.529143750668,
        "stdev": 0.118911735713
    },
    "hpcp_crest": {
        "mean": 12.5110721588,
        "stdev": 5.72833490372
    },
    "hpcp_entropy": {
        "mean": 2.10107660294,
        "stdev": 0.677714288235
    },
    "key_edma": {
        "strength": 0.645619571209,
        "key": "A",
        "scale": "minor"
    },
    "key_krumhansl": {
        "strength": 0.637707054615,
        "key": "A",
        "scale": "minor"
    },
    "key_temperley": {
        "strength": 0.628294944763,
        "key": "A",
        "scale": "minor"
    },
    "tuning_diatonic_strength": 0.462258666754,
    "tuning_equal_tempered_deviation": 0.265956968069,
    "tuning_frequency": 434.193115234,
    "tuning_nontempered_energy_ratio": 0.972991645336,
    "hpcp": {
        "mean": [0.22880859673, 0.251748561859, 0.124576240778, 0.0568252503872, 0.0448496565223, 0.0543539896607, 0.22547288239, 0.309245854616, 0.172535076737, 0.173265814781, 0.172632351518, 0.0839855819941, 0.0732878521085, 0.083229213953, 0.089253924787, 0.173630163074, 0.216949388385, 0.130765244365, 0.083902746439, 0.076655164361, 0.0786947757006, 0.233957782388, 0.317577719688, 0.180764272809, 0.0851632505655, 0.0587110817432, 0.0466366223991, 0.0759551748633, 0.0958445668221, 0.0952463746071, 0.191521197557, 0.225166067481, 0.148641049862, 0.136193305254, 0.121131204069, 0.117780081928],
        "stdev": [0.305548191071, 0.326346158981, 0.206475734711, 0.147756546736, 0.136546358466, 0.130646526814, 0.234774976969, 0.296522676945, 0.205924615264, 0.293393045664, 0.307360261679, 0.16466370225, 0.138788565993, 0.150681138039, 0.154587075114, 0.228282764554, 0.287099123001, 0.202523112297, 0.150029882789, 0.150638401508, 0.163694992661, 0.271463602781, 0.339613199234, 0.23027998209, 0.185263872147, 0.154776364565, 0.126453399658, 0.141222640872, 0.166371300817, 0.17433694005, 0.272240936756, 0.302601605654, 0.229260966182, 0.235896095634, 0.21903643012, 0.21250320971]
    },
    "chords_histogram": [13.1684246063, 4.91087675095, 36.5769386292, 13.4048748016, 3.38304829597, 9.7671880722, 0, 4.76536941528, 0, 12.531829834, 0, 0, 0, 0, 0.309203356504, 0.036376863718, 0.0727537274361, 0, 0, 0, 0, 0, 1.0185521841, 0.054565295577],
    "thpcp": [1, 0.569196939468, 0.268165081739, 0.184871539474, 0.146851047873, 0.239170357585, 0.301798760891, 0.299915164709, 0.603068768978, 0.709010899067, 0.468046218157, 0.428850322962, 0.381422221661, 0.370870113373, 0.720480620861, 0.792714834213, 0.392270088196, 0.178933367133, 0.141224190593, 0.171151772141, 0.709977030754, 0.973764300346, 0.543284595013, 0.54558557272, 0.543590903282, 0.264456778765, 0.230771392584, 0.262075096369, 0.281045913696, 0.546732842922, 0.683137953281, 0.411758244038, 0.264195948839, 0.241374507546, 0.247796908021, 0.736694574356],
    "chords_key": "E",
    "chords_scale": "minor"
}
}