{
"metadata": {
    "version": {
        "essentia": "2.1-dev",
        "essentia_git_sha": "v2.1_beta3-415-gd5473f3",
        "extractor": "music 2.0"
    },
    "audio_properties": {
        "analysis": {
            "equal_loudness": 0,
            "length": 185.182037354,
            "sample_rate": 44100,
            "start_time": 0,
            "downmix": "mix"
        },
        "bit_rate": 320000,
        "length": 185.182037354,
        "lossless": 0,
        "number_channels": 2,
        "replay_gain": -10.4707298279,
        "sample_rate": 44100,
        "codec": "mp3",
        "md5_encoded": "65ad98be1e066822412de0afa11acae1"
    },
    "tags": {
        "file_name": "green_day-basket_case.mp3"
    }
},
"lowlevel": {
    "average_loudness": 0.83112102747,
    "barkbands_crest": {
        "mean": 9.05055809021,
        "stdev": 4.14632940292
    },
    "barkbands_flatness_db": {
        "mean": 0.141794353724,
        "stdev": 0.0824232250452
    },
    "barkbands_kurtosis": {
        "mean": 4.37342309952,
        "stdev": 19.5795612335
    },
    "barkbands_skewness": {
        "mean": 1.19066572189,
        "stdev": 1.41453206539
    },
    "barkbands_spread": {
        "mean": 29.5167789459,
        "stdev": 16.0890789032
    },
    "dissonance": {
        "mean": 0.472206413746,
        "stdev": 0.0405067354441
    },
    "dynamic_complexity": 3.54680347443,
    "erbbands_crest": {
        "mean": 7.78461551666,
        "stdev": 4.56853151321
    },
    "erbbands_flatness_db": {
        "mean": 0.154697597027,
        "stdev": 0.0585884042084
    },
    "erbbands_kurtosis": {
        "mean": 1.01417589188,
        "stdev": 4.56608057022
    },
    "erbbands_skewness": {
        "mean": -0.0195349175483,
        "stdev": 0.945747077465
    },
    "erbbands_spread": {
        "mean": 39.6052970886,
        "stdev": 18.4317817688
    },
    "hfc": {
        "mean": 24.5041713715,
        "stdev": 22.7274646759
    },
    "loudness_ebu128": {
        "integrated": -12.9496116638,
        "loudness_range": 6.22523117065,
        "momentary": {
            "mean": -16.3924045563,
            "stdev": 12.8586959839
        },
        "short_term": {
            "mean": -15.2646608353,
            "stdev": 9.56029415131
        }
    },
    "melbands_crest": {
        "mean": 13.6820888519,
        "stdev": 5.08803033829
    },
    "melbands_flatness_db": {
        "mean": 0.175637990236,
        "stdev": 0.109268382192
    },
    "melbands_kurtosis": {
        "mean": 11.7951450348,
        "stdev": 28.3482341766
    },
    "melbands_skewness": {
        "mean": 2.40468382835,
        "stdev": 1.65484714508
    },
    "melbands_spread": {
        "mean": 33.0135765076,
        "stdev": 23.1512432098
    },
    "pitch_salience": {
        "mean": 0.59365016222,
        "stdev": 0.107154250145
    },
    "silence_rate_20dB": {
        "mean": 1,
        "stdev": 0
    },
    "silence_rate_30dB": {
        "mean": 1,
        "stdev": 0
    },
    "silence_rate_60dB": {
        "mean": 0.107308514416,
        "stdev": 0.309491842985
    },
    "spectral_centroid": {
        "mean": 1700.41638184,
        "stdev": 750.326416016
    },
    "spectral_complexity": {
        "mean": 25.4929180145,
        "stdev": 13.8988704681
    },
    "spectral_decrease": {
        "mean": -5.43431522004e-09,
        "stdev": 4.35841629454e-09
    },
    "spectral_energy": {
        "mean": 0.0227329898626,
        "stdev": 0.0177806634456
    },
    "spectral_energyband_high": {
        "mean": 0.0012935976265,
        "stdev": 0.00180971750524
    },
    "spectral_energyband_low": {
        "mean": 0.00654651271179,
        "stdev": 0.0094813881442
    },
    "spectral_energyband_middle_high": {
        "mean": 0.00635452289134,
        "stdev": 0.00663709454238
    },
    "spectral_energyband_middle_low": {
        "mean": 0.010031179525,
        "stdev": 0.00926380883902
    },
    "spectral_entropy": {
        "mean": 7.68784809113,
        "stdev": 0.745541572571
    },
    "spectral_flux": {
        "mean": 0.0792774930596,
        "stdev": 0.0505547709763
    },
    "spectral_kurtosis": {
        "mean": 5.98683071136,
        "stdev": 13.6391658783
    },
    "spectral_rms": {
        "mean": 0.00429709348828,
        "stdev": 0.00192705530208
    },
    "spectral_rolloff": {
        "mean": 2371.63696289,
        "stdev": 2633.30517578
    },
    "spectral_skewness": {
        "mean": 1.51315510273,
        "stdev": 1.17332041264
    },
    "spectral_spread": {
        "mean": 4520253.5,
        "stdev": 1788200.5
    },
    "spectral_strongpeak": {
        "mean": 0.949920117855,
        "stdev": 1.54673933983
    },
    "zerocrossingrate": {
        "mean": 0.0846848785877,
        "stdev": 0.0700117498636
    },
    "barkbands": {
        "mean": [2.2031048502e-05, 0.00211752718315, 0.00301389046945, 0.00252199941315, 0.00325873121619, 0.000955890165642, 0.00102733739186, 0.000909262977075, 0.00121008371934, 0.000487077864818, 0.000414296897361, 0.00071276089875, 0.000684426806401, 0.0011000900995, 0.000733808905352, 0.000682961428538, 0.000504568277393, 0.00036725148675, 0.000495206739288, 0.000404316408094, 0.000311626266921, 0.000231760146562, 0.000204783631489, 0.000153996035806, 0.000139409370604, 6.79159566062e-05, 8.22359680352e-10],
        "stdev": [6.13676384091e-05, 0.00578635139391, 0.00401456421241, 0.00348548940383, 0.0042805201374, 0.00147119653411, 0.00288012414239, 0.00312279956415, 0.0025565973483, 0.00131711154245, 0.000929244502913, 0.00110944488551, 0.0015077664284, 0.00258446461521, 0.00181950943079, 0.00112284673378, 0.000592761614826, 0.0004513997701, 0.000498396810144, 0.00039808350266, 0.000336182361934, 0.000325953704305, 0.000418918702053, 0.000299315201119, 0.000549487711396, 0.000257418025285, 1.82901749302e-09]
    },
    "erbbands": {
        "mean": [0.0350524075329, 0.596333146095, 3.07286286354, 6.63087701797, 8.58347797394, 13.2933340073, 9.37902164459, 6.70926475525, 9.96270275116, 17.7848377228, 26.2520999908, 27.2005996704, 16.9152832031, 17.9939479828, 14.6184434891, 33.5766029358, 30.6884746552, 56.8665466309, 43.3672523499, 34.5159454346, 38.5503082275, 27.0145149231, 22.8214950562, 19.271062851, 26.6543884277, 19.0605869293, 14.6204528809, 10.2093315125, 8.28392505646, 7.59884881973, 5.36696004868, 3.75707626343, 2.29540491104, 1.62175655365, 0.935580909252, 0.389880686998, 0.115249492228, 0.00852521788329, 0.000182137155207, 3.87416621379e-05],
        "stdev": [0.103215649724, 1.49651563168, 4.24229478836, 8.25587081909, 9.20269584656, 20.2603282928, 14.2740011215, 10.6694278717, 28.0946159363, 50.3452911377, 79.0924911499, 56.0643997192, 35.9828300476, 43.7076416016, 24.0230922699, 52.7163505554, 55.872013092, 137.096969604, 91.9467086792, 71.1924514771, 48.9760475159, 31.3841056824, 27.7421340942, 21.3685970306, 26.3439121246, 18.596496582, 14.5199012756, 12.6166830063, 11.2485332489, 13.448059082, 11.235367775, 7.63020706177, 4.99591445923, 6.01803398132, 3.87794947624, 1.5865238905, 0.406770408154, 0.031095251441, 0.000604421948083, 4.54768414784e-05]
    },
    "gfcc": {
        "mean": [-29.9334411621, 80.9205245972, -122.030708313, 42.5636634827, -56.1136474609, 13.1403102875, -45.6075973511, 3.18372964859, -32.8760108948, 0.105217568576, -23.3248939514, -9.27518939972, -15.5127887726],
        "cov": [[39747.2734375, -309.320251465, -4536.26953125, 660.715942383, -1390.05334473, 1098.33532715, -1054.05249023, 473.710845947, -916.125, 233.550247192, -795.463867188, 3.22990632057, -621.784118652], [-309.320251465, 1979.30749512, 43.0302619934, -101.749916077, 135.888656616, -467.444274902, 40.1632728577, -233.624954224, 56.4963417053, -124.966804504, 95.0494689941, -192.434082031, 102.636734009], [-4536.26953125, 43.0302619934, 1735.38146973, 78.2322540283, 212.787658691, -68.8633041382, -20.901008606, 21.5549659729, 82.3665771484, 44.1082763672, 29.5496730804, 70.2041625977, -23.9381980896], [660.715942383, -101.749916077, 78.2322540283, 455.061676025, -23.7582626343, 123.845596313, -51.8475227356, 23.3257465363, -6.96353912354, -33.0695648193, 28.597038269, -20.6563339233, 60.7709960938], [-1390.05334473, 135.888656616, 212.787658691, -23.7582626343, 298.492736816, -44.4879608154, 81.1011581421, -1.40635943413, 24.1571350098, 28.858247757, -3.40468430519, 23.53723526, 25.2901077271], [1098.33532715, -467.444274902, -68.8633041382, 123.845596313, -44.4879608154, 317.013244629, 20.456571579, 83.1351242065, -33.9312324524, 12.8032493591, -14.0361051559, 30.2670593262, -35.39270401], [-1054.05249023, 40.1632728577, -20.901008606, -51.8475227356, 81.1011581421, 20.456571579, 196.161468506, 15.2184762955, 29.8262023926, -4.44478559494, 28.6845874786, 1.95916974545, 11.7955722809], [473.710845947, -233.624954224, 21.5549659729, 23.3257465363, -1.40635943413, 83.1351242065, 15.2184762955, 132.824493408, 21.4029369354, 45.4479293823, -24.9969158173, 25.5638866425, -27.2749519348], [-916.125, 56.4963417053, 82.3665771484, -6.96353912354, 24.1571350098, -33.9312324524, 29.8262023926, 21.4029369354, 122.388435364, 14.2057123184, 36.3061027527, -19.3638477325, 18.1495704651], [233.550247192, -124.966804504, 44.1082763672, -33.0695648193, 28.858247757, 12.8032493591, -4.44478559494, 45.4479293823, 14.2057123184, 88.0193328857, -10.2210550308, 37.2711486816, -30.7099018097], [-795.463867188, 95.0494689941, 29.5496730804, 28.597038269, -3.40468430519, -14.0361051559, 28.6845874786, -24.9969158173, 36.3061027527, -10.2210550308, 95.7687759399, -8.20297527313, 38.4745788574], [3.22990632057, -192.434082031, 70.2041625977, -20.6563339233, 23.53723526, 30.2670593262, 1.95916974545, 25.5638866425, -19.3638477325, 37.2711486816, -8.20297527313, 84.8139419556, -8.96731281281], [-621.784118652, 102.636734009, -23.9381980896, 60.7709960938, 25.2901077271, -35.39270401, 11.7955722809, -27.2749519348, 18.1495704651, -30.7099018097, 38.4745788574, -8.96731281281, 94.5941772461]],
        "icov": [[0.000188197460375, -0.000486408302095, 0.000467661593575, -0.000373533723177, 0.00047281809384, -0.000678139389493, 0.000711223576218, -0.000566278642509, 0.000523974362295, -0.000715152942576, 0.00095031154342, -0.000723651435692, 0.00070320389932], [-0.000486408302095, 0.00241361465305, -0.00122508918867, 0.000951546302531, -0.00173212273512, 0.00306973350234, -0.00201427727006, 0.00200059753843, -0.000983956851996, 0.00222083064727, -0.00319429626688, 0.003877813695, -0.00172113312874], [0.000467661593575, -0.00122508918867, 0.00192150659859, -0.0012439279817, 0.000549025018699, -0.00141827389598, 0.00212296238169, -0.00148244097363, 0.000676237687003, -0.00128285866231, 0.00194614834618, -0.00274527049623, 0.00272103981115], [-0.000373533723177, 0.000951546302531, -0.0012439279817, 0.00420933589339, -0.00104474218097, -0.000417357776314, -4.72091596748e-05, 0.000214772197069, -0.000422683020588, 0.00183676939923, -0.0026110210456, 0.00299319042824, -0.00429266970605], [0.00047281809384, -0.00173212273512, 0.000549025018699, -0.00104474218097, 0.00647061970085, -0.00182492472231, -0.000678027863614, -0.000620612583589, 0.00110734987538, -0.00454875500873, 0.0049056969583, -0.00294360960834, -0.000673285394441], [-0.000678139389493, 0.00306973350234, -0.00141827389598, -0.000417357776314, -0.00182492472231, 0.00921453163028, -0.00393077265471, -4.67793688586e-05, -0.000204023439437, 0.00399338081479, -0.00497015938163, 0.00312361400574, 0.000186403063708], [0.000711223576218, -0.00201427727006, 0.00212296238169, -4.72091596748e-05, -0.000678027863614, -0.00393077265471, 0.0101228030398, -0.00383085128851, 0.000931738875806, -0.000268040021183, 0.00082940334687, -0.00314001110382, 0.00287101021968], [-0.000566278642509, 0.00200059753843, -0.00148244097363, 0.000214772197069, -0.000620612583589, -4.67793688586e-05, -0.00383085128851, 0.0151766892523, -0.00531799765304, -0.00289388513193, 0.00131041393615, 0.00154664448928, -0.00170947529841], [0.000523974362295, -0.000983956851996, 0.000676237687003, -0.000422683020588, 0.00110734987538, -0.000204023439437, 0.000931738875806, -0.00531799765304, 0.0142746074125, -0.00501556415111, -0.00192080368288, 0.00367683754303, -0.000304803688778], [-0.000715152942576, 0.00222083064727, -0.00128285866231, 0.00183676939923, -0.00454875500873, 0.00399338081479, -0.000268040021183, -0.00289388513193, -0.00501556415111, 0.0234446749091, -0.0060975337401, -0.00433022668585, 0.00393733009696], [0.00095031154342, -0.00319429626688, 0.00194614834618, -0.0026110210456, 0.0049056969583, -0.00497015938163, 0.00082940334687, 0.00131041393615, -0.00192080368288, -0.0060975337401, 0.021613555029, -0.00540492963046, -0.00192871724721], [-0.000723651435692, 0.003877813695, -0.00274527049623, 0.00299319042824, -0.00294360960834, 0.00312361400574, -0.00314001110382, 0.00154664448928, 0.00367683754303, -0.00433022668585, -0.00540492963046, 0.0244712177664, -0.00638175895438], [0.00070320389932, -0.00172113312874, 0.00272103981115, -0.00429266970605, -0.000673285394441, 0.000186403063708, 0.00287101021968, -0.00170947529841, -0.000304803688778, 0.00393733009696, -0.00192871724721, -0.00638175895438, 0.0214226637036]]
    },
    "melbands": {
        "mean": [0.000452844222309, 0.00134848861489, 0.00120713782962, 0.000793651794083, 0.000386184896342, 0.000158051843755, 0.000175901208422, 0.000187555517186, 0.000226271804422, 0.000167317732121, 8.20416389615e-05, 7.21627438907e-05, 4.85447599203e-05, 6.85435516061e-05, 8.29541968415e-05, 7.43038981454e-05, 0.000111160588858, 6.95231574355e-05, 5.51056982658e-05, 4.53413922514e-05, 4.48696628155e-05, 2.92715776595e-05, 2.28922817769e-05, 1.62168580573e-05, 1.49321258505e-05, 2.06173390325e-05, 1.71993906406e-05, 1.14379181468e-05, 9.1013034762e-06, 7.93142771727e-06, 5.23538437847e-06, 4.68692724098e-06, 4.34867615695e-06, 4.20777087129e-06, 3.12035331262e-06, 2.79810069514e-06, 2.04370348911e-06, 1.64105597378e-06, 1.39972269153e-06, 1.36224878133e-06],
        "stdev": [0.00130002736114, 0.00208798795938, 0.00136353832204, 0.000963308266364, 0.000579733808991, 0.000254245445831, 0.000472079846077, 0.000528270262294, 0.000661669357214, 0.000344789878, 0.000185650438652, 0.000182249961654, 9.43091508816e-05, 0.000108239117253, 0.000166105251992, 0.00016122184752, 0.000282164168311, 0.000146801408846, 0.000135107969982, 9.44765124586e-05, 5.24505303474e-05, 3.48963476426e-05, 2.8505899536e-05, 2.06775112019e-05, 1.78272202902e-05, 2.11032074731e-05, 1.79901689989e-05, 1.17678728202e-05, 9.12233645067e-06, 9.27630753722e-06, 7.2556131272e-06, 6.52728022033e-06, 6.74311741022e-06, 8.20780041977e-06, 6.64263643557e-06, 6.28493808108e-06, 4.15346767113e-06, 3.34965966431e-06, 4.10367056247e-06, 5.72825001655e-06]
    },
    "melbands128": {
        "mean": [2.07361772482e-05, 0.000180456365342, 0.000575364916585, 0.0010766510386, 0.00150023668539, 0.00146172160748, 0.00139509246219, 0.00118389504496, 0.000775057065766, 0.000726146274246, 0.000954124785494, 0.000444757199148, 0.000300329353195, 0.000280152307823, 0.000136748160003, 0.000113797905215, 0.000117309813504, 0.000153885368491, 0.000332185038133, 0.000183538169949, 0.000128193030832, 0.000176404006197, 0.000279177591437, 0.000256957981037, 0.000134429821628, 0.000204893338378, 7.08402731107e-05, 7.6740354416e-05, 7.35687644919e-05, 6.11811847193e-05, 8.10437340988e-05, 7.56988083594e-05, 3.33697389578e-05, 4.74496373499e-05, 3.16726291203e-05, 8.52984157973e-05, 0.000113625763333, 9.49857567321e-05, 5.74460536882e-05, 4.39332070528e-05, 8.73049139045e-05, 0.000100446020951, 0.000111726127216, 0.00012932223035, 7.26648213458e-05, 5.3195944929e-05, 7.48621023376e-05, 5.71253076487e-05, 5.02031325595e-05, 3.20616090903e-05, 4.8701200285e-05, 5.47825948161e-05, 4.29762403655e-05, 4.41445081378e-05, 4.08049418184e-05, 2.48650158028e-05, 2.33149567066e-05, 2.1531859602e-05, 2.25359162869e-05, 2.65859180217e-05, 1.41330156112e-05, 1.08954136522e-05, 1.21379080156e-05, 1.58867842401e-05, 1.98593243113e-05, 2.175843656e-05, 2.08082146855e-05, 1.84001110028e-05, 1.76769754034e-05, 1.32221493914e-05, 1.27193061417e-05, 9.40879272093e-06, 8.77868387761e-06, 9.43931627262e-06, 8.91736817721e-06, 8.88282647793e-06, 7.18190176485e-06, 5.50305276192e-06, 4.95295307701e-06, 5.01297381561e-06, 4.72986312161e-06, 4.69612905363e-06, 4.35878519056e-06, 4.35476795246e-06, 4.1861317186e-06, 4.47521642855e-06, 4.27393342761e-06, 3.58412921742e-06, 3.08715812025e-06, 2.71976705335e-06, 2.81946222458e-06, 2.9073580663e-06, 2.63507058662e-06, 1.97773806576e-06, 1.69471809386e-06, 1.78099378445e-06, 1.64933601354e-06, 1.44522982737e-06, 1.34904564675e-06, 1.42072406106e-06, 1.40349686717e-06, 1.39541941735e-06, 1.26925306176e-06, 1.02634248833e-06, 1.10514349672e-06, 9.85991505331e-07, 9.94423771772e-07, 7.7756783412e-07, 6.53444431009e-07, 5.51087339318e-07, 4.1406687501e-07, 4.30564881526e-07, 3.7755725657e-07, 3.0567275644e-07, 2.53227682379e-07, 1.74400103248e-08, 1.14734905604e-11, 3.97099627486e-12, 3.58416291438e-12, 3.45797544245e-12, 3.35593965811e-12, 3.27221431375e-12, 3.19271692417e-12, 3.12769515148e-12, 3.07783269357e-12, 3.04103552236e-12, 3.01380751952e-12, 2.99135455989e-12],
        "stdev": [5.92733631493e-05, 0.000547690724488, 0.00189492770005, 0.00282148178667, 0.00237570377067, 0.00193639833014, 0.00191098090727, 0.00156930612866, 0.00101198384073, 0.00108398194425, 0.00158492941409, 0.000959992932621, 0.000528043485247, 0.000553928432055, 0.00024906147155, 0.000337263016263, 0.000519137305673, 0.000557916413527, 0.00103327771649, 0.00070186983794, 0.000609097827692, 0.000841431959998, 0.000955286785029, 0.000857713341247, 0.000400513294153, 0.00051818281645, 0.000213600811549, 0.000252322904998, 0.000275389116723, 0.000249028409598, 0.000248873897363, 0.0002517849789, 8.0376281403e-05, 0.000120580567454, 0.00012264540419, 0.000156166977831, 0.000252735480899, 0.000233331797062, 0.000250959128607, 0.000110182394565, 0.000218294022488, 0.000447445781901, 0.000385050370824, 0.000443164841272, 0.000179463168024, 0.000170932136825, 0.000323327316437, 0.000182132003829, 0.000200739537831, 0.00010732922965, 0.000147017388372, 0.000124931626488, 6.74242910463e-05, 5.38771710126e-05, 5.7813271269e-05, 3.93082009396e-05, 4.52581516583e-05, 3.70035013475e-05, 3.45907210431e-05, 4.55124281871e-05, 2.20601978071e-05, 1.77663314389e-05, 2.37750482484e-05, 2.1722404199e-05, 2.49919758062e-05, 2.65029921138e-05, 2.49828462984e-05, 2.35522838921e-05, 2.20516285481e-05, 1.65546025528e-05, 1.53842229338e-05, 1.21023131214e-05, 1.02025742308e-05, 1.04174123408e-05, 1.12585148599e-05, 1.18483922051e-05, 9.83856989478e-06, 8.30818498798e-06, 8.34406637296e-06, 7.523394288e-06, 7.51608331484e-06, 7.73666943132e-06, 6.57182181385e-06, 7.36507627153e-06, 8.58664770931e-06, 8.84281871549e-06, 9.3476874099e-06, 9.14852353162e-06, 6.48214927423e-06, 6.66657706461e-06, 7.87915723777e-06, 6.50351921649e-06, 5.7854804254e-06, 4.41819565822e-06, 3.64116635865e-06, 3.58392867383e-06, 3.60519902642e-06, 3.57648468707e-06, 4.02897421736e-06, 4.92355593451e-06, 5.13205077368e-06, 7.13501594873e-06, 5.78330445933e-06, 4.79968502987e-06, 4.79832942801e-06, 4.23315941589e-06, 4.06260232921e-06, 3.30386319547e-06, 2.85497731056e-06, 2.58841964751e-06, 1.72032844148e-06, 1.53529879299e-06, 1.31544766191e-06, 1.1274149756e-06, 9.6097005553e-07, 1.03878939228e-07, 6.2657511124e-11, 1.00392220578e-11, 6.16716833851e-12, 5.94708787424e-12, 5.76591855858e-12, 5.61281012987e-12, 5.48238537901e-12, 5.37417332858e-12, 5.28403536204e-12, 5.21417371085e-12, 5.16320449936e-12, 5.13198771673e-12]
    },
    "mfcc": {
        "mean": [-649.625671387, 102.122558594, -6.4764122963, 27.0531711578, 7.63301324844, 7.82959604263, -0.102651700377, -3.85809969902, -4.13966321945, -0.120103567839, -5.04037332535, -3.83405971527, -5.42404747009],
        "cov": [[18654.4804688, -775.02722168, -1473.99475098, -231.027420044, -204.864654541, 277.651824951, 81.7657775879, 262.455688477, 62.9164123535, 272.682189941, 17.1765499115, -70.3756637573, -71.6905059814], [-775.02722168, 1742.56542969, -118.247367859, 202.882217407, -11.5899200439, -111.266357422, -33.5250167847, -153.863357544, -18.6287937164, -62.9910774231, -17.6566791534, 20.820438385, -35.5822105408], [-1473.99475098, -118.247367859, 1004.17346191, 143.519989014, 212.187591553, 41.2848472595, -17.2754135132, 32.1445846558, -32.4796447754, 13.0812339783, 7.87930059433, 7.57685232162, 48.4867248535], [-231.027420044, 202.882217407, 143.519989014, 298.803009033, 113.138885498, 11.091714859, 13.2497320175, -37.6043624878, 31.1968917847, -30.1690692902, -31.3227405548, 17.7367668152, 24.1956367493], [-204.864654541, -11.5899200439, 212.187591553, 113.138885498, 225.399551392, 41.1557006836, 10.4548521042, -4.3848824501, 25.6037101746, 9.67430210114, -20.475894928, 10.1867790222, 17.0619010925], [277.651824951, -111.266357422, 41.2848472595, 11.091714859, 41.1557006836, 136.350265503, 62.9306640625, 45.3217086792, 3.79709768295, 3.67971563339, 12.5508413315, -7.01328277588, -4.1893901825], [81.7657775879, -33.5250167847, -17.2754135132, 13.2497320175, 10.4548521042, 62.9306640625, 131.948898315, 46.9284210205, 23.1086235046, -4.83712673187, 5.43618774414, 6.78616666794, 7.42633247375], [262.455688477, -153.863357544, 32.1445846558, -37.6043624878, -4.3848824501, 45.3217086792, 46.9284210205, 102.458450317, 21.723443985, 31.0968284607, 16.4696559906, 2.80778622627, 6.35860300064], [62.9164123535, -18.6287937164, -32.4796447754, 31.1968917847, 25.6037101746, 3.79709768295, 23.1086235046, 21.723443985, 89.3065032959, 24.0112133026, 10.6142311096, 10.0940122604, 5.75047826767], [272.682189941, -62.9910774231, 13.0812339783, -30.1690692902, 9.67430210114, 3.67971563339, -4.83712673187, 31.0968284607, 24.0112133026, 84.5290603638, 31.1652469635, 10.4009408951, 1.02838337421], [17.1765499115, -17.6566791534, 7.87930059433, -31.3227405548, -20.475894928, 12.5508413315, 5.43618774414, 16.4696559906, 10.6142311096, 31.1652469635, 71.6296005249, 20.5665855408, 3.09327054024], [-70.3756637573, 20.820438385, 7.57685232162, 17.7367668152, 10.1867790222, -7.01328277588, 6.78616666794, 2.80778622627, 10.0940122604, 10.4009408951, 20.5665855408, 59.1681442261, 27.6226387024], [-71.6905059814, -35.5822105408, 48.4867248535, 24.1956367493, 17.0619010925, -4.1893901825, 7.42633247375, 6.35860300064, 5.75047826767, 1.02838337421, 3.09327054024, 27.6226387024, 60.8726654053]],
        "icov": [[7.20980606275e-05, 1.90295850189e-05, 0.000138515111757, -7.19879026292e-05, -1.30656849251e-06, -0.000152997818077, 7.69739635871e-05, -0.000146939302795, 0.000107599742478, -0.000267637340585, 7.31095788069e-05, 8.38175910758e-05, -3.72810500266e-05], [1.90295850189e-05, 0.000770893238951, 0.000116404167784, -0.000611459079664, 9.09168229555e-05, 0.000503028102685, -0.000299008126603, 0.000709449348506, 0.00027820240939, 2.4575727366e-05, -0.000286134454655, -0.000329882692313, 0.000732393702492], [0.000138515111757, 0.000116404167784, 0.00178935856093, -0.000784140545875, -0.00145397358574, 4.68052785436e-05, 0.000597633654252, -0.00142036203761, 0.00163453689311, -0.0004018235486, -0.000987470149994, 0.000951504334807, -0.000925423228182], [-7.19879026292e-05, -0.000611459079664, -0.000784140545875, 0.00577406678349, -0.00147526117507, -0.000886032124981, -0.000367996806744, 0.00201304419897, -0.00275962473825, 0.00166889373213, 0.0018930034712, -0.00133293331601, -0.00118438596837], [-1.30656849251e-06, 9.09168229555e-05, -0.00145397358574, -0.00147526117507, 0.00786979775876, -0.00285655981861, 0.000199543501367, 0.00221993168816, -0.00234845164232, -0.00225557107478, 0.00356799107976, -0.00165448058397, -3.31046867359e-05], [-0.000152997818077, 0.000503028102685, 4.68052785436e-05, -0.000886032124981, -0.00285655981861, 0.0127285197377, -0.00476966612041, -0.00334962131456, 0.00248479028232, 0.0017440803349, -0.00404446944594, 0.00240053236485, 0.00188921322115], [7.69739635871e-05, -0.000299008126603, 0.000597633654252, -0.000367996806744, 0.000199543501367, -0.00476966612041, 0.0120560899377, -0.00464285584167, -0.00212779501453, 0.0025310376659, 0.000338841840858, -0.00122349488083, -0.00108768849168], [-0.000146939302795, 0.000709449348506, -0.00142036203761, 0.00201304419897, 0.00221993168816, -0.00334962131456, -0.00464285584167, 0.0180540420115, -0.00347329955548, -0.00450387876481, 0.00134895939846, -0.000563504232559, -0.00100799195934], [0.000107599742478, 0.00027820240939, 0.00163453689311, -0.00275962473825, -0.00234845164232, 0.00248479028232, -0.00212779501453, -0.00347329955548, 0.015940528363, -0.00378521461971, -0.00235787383281, 0.000534729857463, -2.88109713438e-05], [-0.000267637340585, 2.4575727366e-05, -0.0004018235486, 0.00166889373213, -0.00225557107478, 0.0017440803349, 0.0025310376659, -0.00450387876481, -0.00378521461971, 0.0190273039043, -0.00669194944203, -0.00118222960737, 0.00118245719932], [7.31095788069e-05, -0.000286134454655, -0.000987470149994, 0.0018930034712, 0.00356799107976, -0.00404446944594, 0.000338841840858, 0.00134895939846, -0.00235787383281, -0.00669194944203, 0.0217193514109, -0.00806761346757, 0.00138531869743], [8.38175910758e-05, -0.000329882692313, 0.000951504334807, -0.00133293331601, -0.00165448058397, 0.00240053236485, -0.00122349488083, -0.000563504232559, 0.000534729857463, -0.00118222960737, -0.00806761346757, 0.0261805467308, -0.0109858550131], [-3.72810500266e-05, 0.000732393702492, -0.000925423228182, -0.00118438596837, -3.31046867359e-05, 0.00188921322115, -0.00108768849168, -0.00100799195934, -2.88109713438e-05, 0.00118245719932, 0.00138531869743, -0.0109858550131, 0.0232946015894]]
    },
    "spectral_contrast_coeffs": {
        "mean": [-0.687783539295, -0.776837944984, -0.783365309238, -0.801790654659, -0.809072196484, -0.752346515656],
        "stdev": [0.0699981376529, 0.0766271799803, 0.068395473063, 0.0594683885574, 0.0413334965706, 0.0580651015043]
    },
    "spectral_contrast_valleys": {
        "mean": [-7.03453922272, -7.17897510529, -7.75560045242, -7.61188173294, -7.5068192482, -10.4661569595],
        "stdev": [2.06815314293, 1.95324611664, 2.00030255318, 2.09902334213, 2.08540964127, 2.06629657745]
    }
},
"rhythm": {
    "beats_count": 292,
    "beats_loudness": {
        "mean": 0.0250890459865,
        "stdev": 0.0160943642259
    },
    "bpm": 88.3726501465,
    "bpm_histogram_first_peak_bpm": 88,
    "bpm_histogram_first_peak_weight": 0.225806415081,
    "bpm_histogram_second_peak_bpm": 112,
    "bpm_histogram_second_peak_spread": 0.493827164173,
    "bpm_histogram_second_peak_weight": 0.140893474221,
    "danceability": 0.998770058155,
    "onset_rate": 3.43948101997,
    "beats_loudness_band_ratio": {
        "mean": [0.247905761003, 0.219864547253, 0.151958376169, 0.140409752727, 0.147787451744, 0.113602340221],
        "stdev": [0.207208499312, 0.137502372265, 0.145533144474, 0.147765681148, 0.104514800012, 0.100946001709]
    },
    "beats_position": [0.592108845711, 1.20743763447, 1.82276642323, 2.4497051239, 3.08825397491, 3.72680258751, 4.3653512001, 4.8994102478, 5.4334692955, 5.95591831207, 6.47836732864, 7.01242637634, 7.53487491608, 8.06893444061, 8.60299301147, 9.13705158234, 9.682721138, 10.2051696777, 10.7276191711, 11.261677742, 11.7957363129, 12.3297958374, 12.8638544083, 13.3979139328, 13.9319725037, 14.4660310745, 15.0000905991, 15.5225391388, 16.0449886322, 16.5674381256, 17.0898857117, 17.6123352051, 18.1347846985, 18.6688423157, 19.2029018402, 19.7369613647, 20.2710208893, 20.8050785065, 21.339138031, 21.8615875244, 22.3840351105, 22.918094635, 23.4521541595, 23.9862117767, 24.5202713013, 25.0543308258, 25.5883903503, 26.1224479675, 26.6565074921, 27.1789569855, 27.7130146027, 28.2470741272, 28.7811336517, 29.3151912689, 29.8608608246, 30.4181404114, 30.9754180908, 31.5210876465, 32.0783653259, 32.6356468201, 33.1813163757, 33.7153739929, 34.2494316101, 34.783493042, 35.3175506592, 35.8400001526, 36.362449646, 36.8965072632, 37.4189567566, 37.9297943115, 38.4522438049, 38.9746932983, 39.4971427917, 40.0312004089, 40.5536499023, 41.0760993958, 41.5869369507, 42.0977783203, 42.6202278137, 43.1658935547, 43.7115631104, 44.257232666, 44.8377304077, 45.4298400879, 46.1264381409, 46.8346481323, 47.5312461853, 48.2278442383, 48.9244422913, 49.6326522827, 50.3292503357, 51.0142402649, 51.7108383179, 52.3842163086, 53.0692062378, 53.7541923523, 54.4391822815, 55.1241722107, 55.8091583252, 56.4941482544, 57.1791381836, 57.8641242981, 58.5491142273, 59.222492218, 59.9074821472, 60.5924720764, 61.2774581909, 61.9624481201, 62.6474380493, 63.3324241638, 64.0174102783, 64.6907958984, 65.3641738892, 66.049156189, 66.7341461182, 67.4075241089, 68.0809020996, 68.7542877197, 69.4276657104, 70.1010437012, 70.7860336304, 71.4710159302, 72.1560058594, 72.8409957886, 73.5143737793, 74.18775177, 74.8611297607, 75.5345077515, 76.2194976807, 76.9044876099, 77.6010894775, 78.2976837158, 78.982673645, 79.6676635742, 80.3526535034, 81.0376434326, 81.7226257324, 82.4076156616, 83.1042175293, 83.7892074585, 84.4741897583, 85.1475753784, 85.8209533691, 86.5059356689, 87.2025375366, 87.8875274658, 88.5841217041, 89.2691116333, 89.9541015625, 90.6274795532, 91.3124694824, 91.9974594116, 92.6708374023, 93.3558273315, 94.0292053223, 94.702583313, 95.3759613037, 96.0609512329, 96.7343292236, 97.4077072144, 98.0810852051, 98.7544631958, 99.439453125, 100.124443054, 100.821044922, 101.494422913, 102.167800903, 102.852790833, 103.526168823, 104.211151123, 104.884536743, 105.581130981, 106.266120911, 106.95111084, 107.636100769, 108.321083069, 109.006072998, 109.691062927, 110.376052856, 111.061042786, 111.734420776, 112.407798767, 113.104400635, 113.800994873, 114.485984802, 115.170974731, 115.855964661, 116.552558899, 117.260765076, 117.957366943, 118.653968811, 119.327346802, 120.02394104, 120.697319031, 121.38230896, 122.067298889, 122.752288818, 123.437278748, 124.122268677, 124.818862915, 125.503852844, 126.177230835, 126.838996887, 127.512374878, 128.185760498, 128.847518921, 129.520904541, 130.194290161, 130.879272461, 131.552658081, 132.226028442, 132.899414062, 133.584396362, 134.257781982, 134.919540405, 135.592926025, 136.277908325, 136.951293945, 137.624664307, 138.298049927, 138.971420288, 139.63319397, 140.294967651, 140.945129395, 141.618499756, 142.291885376, 142.965255737, 143.627029419, 144.312011719, 144.985397339, 145.6587677, 146.320541382, 147.005523682, 147.69052124, 148.37550354, 149.04888916, 149.722259521, 150.395645142, 151.069015503, 151.742401123, 152.415786743, 153.089157104, 153.774139404, 154.459136963, 155.132507324, 155.794281006, 156.456054688, 157.106216431, 157.779586792, 158.464584351, 159.14956665, 159.822952271, 160.496322632, 161.169708252, 161.843078613, 162.516464233, 163.189834595, 163.863220215, 164.548202515, 165.233200073, 165.906570435, 166.591567993, 167.29977417, 168.019592285, 168.7394104, 169.447616577, 170.155822754, 170.864028931, 171.525802612, 172.187576294, 172.849334717, 173.511108398, 174.126434326, 174.741760254, 175.35710144, 175.984039307, 176.599365234, 177.121810913, 177.644256592, 178.166702271, 178.700775146, 179.234832764, 179.768890381, 180.279724121, 180.790557861, 181.30140686, 181.800628662, 182.299865723, 182.810699463, 183.333145142, 183.85559082, 184.378051758],
    "bpm_histogram": [0, 0, 0, 0, 0, 0, 0, 0, 0, 0, 0, 0, 0, 0, 0, 0, 0, 0, 0, 0, 0, 0, 0, 0, 0, 0, 0, 0, 0, 0, 0, 0, 0, 0, 0, 0, 0, 0, 0, 0, 0, 0, 0, 0, 0, 0, 0, 0, 0, 0, 0, 0, 0, 0, 0, 0, 0, 0, 0, 0, 0, 0, 0, 0, 0, 0, 0, 0, 0, 0, 0, 0, 0, 0, 0, 0, 0, 0, 0, 0, 0, 0, 0, 0.00687285233289, 0, 0.0240549836308, 0.0687285214663, 0, 0.261168390512, 0.233676970005, 0, 0.0446735396981, 0.00687285233289, 0, 0.0103092780337, 0, 0.00687285233289, 0, 0.0206185560673, 0, 0, 0.00343642616645, 0, 0.00343642616645, 0, 0, 0, 0, 0.0137457046658, 0, 0.0240549836308, 0, 0.140893474221, 0, 0, 0.0996563583612, 0, 0.0240549836308, 0, 0, 0.00687285233289, 0, 0, 0, 0, 0, 0, 0, 0, 0, 0, 0, 0, 0, 0, 0, 0, 0, 0, 0, 0, 0, 0, 0, 0, 0, 0, 0, 0, 0, 0, 0, 0, 0, 0, 0, 0, 0, 0, 0, 0, 0, 0, 0, 0, 0, 0, 0, 0, 0, 0, 0, 0, 0, 0, 0, 0, 0, 0, 0, 0, 0, 0, 0, 0, 0, 0, 0, 0, 0, 0, 0, 0, 0, 0, 0, 0, 0, 0, 0, 0, 0, 0, 0, 0, 0, 0, 0, 0, 0, 0, 0, 0, 0, 0, 0, 0, 0, 0, 0, 0, 0, 0, 0, 0, 0, 0, 0, 0, 0, 0, 0, 0, 0, 0, 0, 0, 0, 0, 0, 0, 0, 0, 0, 0, 0, 0, 0, 0, 0]
},
"tonal": {
    "chords_changes_rate": 0.0528954640031,
    "chords_number_rate": 0.00250689405948,
    "chords_strength": {
        "mean": 0.527017116547,
        "stdev": 0.162086606026
    },
    "hpcp_crest": {
        "mean": 12.6165542603,
        "stdev": 6.60478305817
    },
    "hpcp_entropy": {
        "mean": 2.12465500832,
        "stdev": 0.8855022192
    },
    "key_edma": {
        "strength": 0.906651556492,
        "key": "D#",
        "scale": "major"
    },
    "key_krumhansl": {
        "strength": 0.907034873962,
        "key": "D#",
        "scale": "major"
    },
    "key_temperley": {
        "strength": 0.90454274416,
        "key": "D#",
        "scale": "major"
    },
    "tuning_diatonic_strength": 0.73658066988,
    "tuning_equal_tempered_deviation": 0.0277211349458,
    "tuning_frequency": 442.548919678,
    "tuning_nontempered_energy_ratio": 0.722077190876,
    "hpcp": {
        "mean": [0.0811989083886, 0.0883130505681, 0.245271861553, 0.427088558674, 0.284027427435, 0.0881834477186, 0.069216825068, 0.0783626139164, 0.119150422513, 0.135372981429, 0.0895507708192, 0.0640625879169, 0.0640427544713, 0.0645361095667, 0.112655542791, 0.15295688808, 0.138038307428, 0.209550648928, 0.295189619064, 0.21620850265, 0.110775403678, 0.0852563679218, 0.0801707655191, 0.151540592313, 0.225331619382, 0.155365660787, 0.0776035487652, 0.0629383474588, 0.0573906451464, 0.121435366571, 0.166083022952, 0.122777223587, 0.132254093885, 0.162627086043, 0.126520678401, 0.0878968760371],
        "stdev": [0.167673647404, 0.180406600237, 0.281729638577, 0.404117494822, 0.305467635393, 0.182101979852, 0.174358561635, 0.176549255848, 0.220087900758, 0.239538878202, 0.162555322051, 0.140381753445, 0.138384491205, 0.132513344288, 0.15880356729, 0.212063342333, 0.208924397826, 0.273481816053, 0.347337573767, 0.287949442863, 0.200955808163, 0.190105095506, 0.176129326224, 0.213263809681, 0.281233161688, 0.217146262527, 0.156757384539, 0.143074378371, 0.125917002559, 0.210027858615, 0.27554166317, 0.195595189929, 0.205176845193, 0.266885221004, 0.22874070704, 0.169140025973]
    },
    "chords_histogram": [17.6485328674, 4.83830547333, 39.2830276489, 0.22562046349, 0.0752068161964, 0.376034080982, 0.476309865713, 0.401103019714, 2.53196287155, 0.22562046349, 0.35096514225, 0, 0.726999223232, 0, 0.852343916893, 2.78265237808, 0, 2.00551509857, 0, 3.05841064453, 0.200551509857, 1.37879168987, 16.1443977356, 6.41764831543],
    "thpcp": [1, 0.665031671524, 0.206475794315, 0.162066683173, 0.18348094821, 0.278982937336, 0.316967010498, 0.209677293897, 0.149998366833, 0.149951934814, 0.151107087731, 0.263775616884, 0.358138561249, 0.323207706213, 0.490649163723, 0.691167235374, 0.506238102913, 0.259373366833, 0.199622228742, 0.187714621425, 0.354822397232, 0.527599275112, 0.363778561354, 0.181703642011, 0.147366032004, 0.134376451373, 0.284332990646, 0.388872563839, 0.287474870682, 0.309664338827, 0.380780726671, 0.29623991251, 0.205804795027, 0.190121948719, 0.206779241562, 0.574288070202],
    "chords_key": "A#",
    "chords_scale": "major"
}
}