{
"metadata": {
    "version": {
        "essentia": "2.1-dev",
        "essentia_git_sha": "v2.1_beta3-415-gd5473f3",
        "extractor": "music 2.0"
    },
    "audio_properties": {
        "analysis": {
            "equal_loudness": 0,
            "length": 204.956741333,
            "sample_rate": 44100,
            "start_time": 0,
            "downmix": "mix"
        },
        "bit_rate": 128000,
        "length": 204.956741333,
        "lossless": 0,
        "number_channels": 2,
        "replay_gain": -8.37304496765,
        "sample_rate": 44100,
        "codec": "mp3",
        "md5_encoded": "15feb1585f805461c9ab5ee4283cb6a2"
    },
    "tags": {
        "file_name": "hole-violet.mp3",
        "album": ["Live through this"],
        "artist": ["Hole"],
        "date": ["1994"],
        "genre": ["Other"],
        "title": ["Violet"]
    }
},
"lowlevel": {
    "average_loudness": 0.843411326408,
    "barkbands_crest": {
        "mean": 10.0141477585,
        "stdev": 4.22802114487
    },
    "barkbands_flatness_db": {
        "mean": 0.133390530944,
        "stdev": 0.0557633303106
    },
    "barkbands_kurtosis": {
        "mean": 4.06038856506,
        "stdev": 10.0969562531
    },
    "barkbands_skewness": {
        "mean": 1.29421985149,
        "stdev": 1.31717789173
    },
    "barkbands_spread": {
        "mean": 21.9002876282,
        "stdev": 11.5450429916
    },
    "dissonance": {
        "mean": 0.463350147009,
        "stdev": 0.0320647954941
    },
    "dynamic_complexity": 3.03773283958,
    "erbbands_crest": {
        "mean": 10.3076543808,
        "stdev": 6.04306364059
    },
    "erbbands_flatness_db": {
        "mean": 0.156847402453,
        "stdev": 0.0502828396857
    },
    "erbbands_kurtosis": {
        "mean": 1.32271802425,
        "stdev": 3.98713755608
    },
    "erbbands_skewness": {
        "mean": 0.362938731909,
        "stdev": 0.847870886326
    },
    "erbbands_spread": {
        "mean": 35.1944847107,
        "stdev": 19.2729854584
    },
    "hfc": {
        "mean": 23.6406154633,
        "stdev": 18.8972873688
    },
    "loudness_ebu128": {
        "integrated": -14.1748781204,
        "loudness_range": 5.58190631866,
        "momentary": {
            "mean": -15.1158533096,
            "stdev": 3.60566306114
        },
        "short_term": {
            "mean": -14.6978635788,
            "stdev": 2.24148845673
        }
    },
    "melbands_crest": {
        "mean": 14.1297473907,
        "stdev": 4.97023487091
    },
    "melbands_flatness_db": {
        "mean": 0.195479393005,
        "stdev": 0.0707603991032
    },
    "melbands_kurtosis": {
        "mean": 11.8576478958,
        "stdev": 20.7938652039
    },
    "melbands_skewness": {
        "mean": 2.26373386383,
        "stdev": 1.82808566093
    },
    "melbands_spread": {
        "mean": 24.4974632263,
        "stdev": 14.2759618759
    },
    "pitch_salience": {
        "mean": 0.535378158092,
        "stdev": 0.109238430858
    },
    "silence_rate_20dB": {
        "mean": 1,
        "stdev": 0
    },
    "silence_rate_30dB": {
        "mean": 1,
        "stdev": 0
    },
    "silence_rate_60dB": {
        "mean": 0.0346624366939,
        "stdev": 0.182926669717
    },
    "spectral_centroid": {
        "mean": 1365.75292969,
        "stdev": 527.927856445
    },
    "spectral_complexity": {
        "mean": 22.2275714874,
        "stdev": 10.6808633804
    },
    "spectral_decrease": {
        "mean": -6.79077816201e-09,
        "stdev": 4.04879951788e-09
    },
    "spectral_energy": {
        "mean": 0.0277742128819,
        "stdev": 0.0166300460696
    },
    "spectral_energyband_high": {
        "mean": 0.000651357637253,
        "stdev": 0.00063947570743
    },
    "spectral_energyband_low": {
        "mean": 0.00874573178589,
        "stdev": 0.00890882126987
    },
    "spectral_energyband_middle_high": {
        "mean": 0.0106936469674,
        "stdev": 0.0140167418867
    },
    "spectral_energyband_middle_low": {
        "mean": 0.00873112864792,
        "stdev": 0.007316167932
    },
    "spectral_entropy": {
        "mean": 7.5987739563,
        "stdev": 0.443193376064
    },
    "spectral_flux": {
        "mean": 0.0839847326279,
        "stdev": 0.0442395918071
    },
    "spectral_kurtosis": {
        "mean": 4.73176956177,
        "stdev": 3.5141582489
    },
    "spectral_rms": {
        "mean": 0.0049437941052,
        "stdev": 0.00162963056937
    },
    "spectral_rolloff": {
        "mean": 1340.81140137,
        "stdev": 921.550231934
    },
    "spectral_skewness": {
        "mean": 1.58304536343,
        "stdev": 0.459400594234
    },
    "spectral_spread": {
        "mean": 4377323.5,
        "stdev": 1314773.125
    },
    "spectral_strongpeak": {
        "mean": 1.50765776634,
        "stdev": 2.11310052872
    },
    "zerocrossingrate": {
        "mean": 0.0576047971845,
        "stdev": 0.025090130046
    },
    "barkbands": {
        "mean": [4.22491939389e-05, 0.00417156657204, 0.00359354563989, 0.00162491528317, 0.00241375458427, 0.00151015620213, 0.00117823900655, 0.000763794058003, 0.00101652462035, 0.00108568265568, 0.0045546903275, 0.000922645034734, 0.000547904521227, 0.000753035827074, 0.000722020049579, 0.000904584187083, 0.00046941646724, 0.000390824774513, 0.00034076909651, 0.000250227603829, 0.00015869741037, 9.37399599934e-05, 8.39982894831e-05, 8.01195492386e-05, 6.92619869369e-05, 3.07264999719e-05, 1.13546116154e-06],
        "stdev": [7.97768589109e-05, 0.00478744832799, 0.00459633441642, 0.00197954080068, 0.00347132305615, 0.00192841805983, 0.00236823782325, 0.00178698566742, 0.00277650309727, 0.00379683240317, 0.0108400126919, 0.00342044094577, 0.00149240961764, 0.00168423703872, 0.00142583693378, 0.00145433656871, 0.000639239500742, 0.00059226131998, 0.000386916450225, 0.000312897231197, 0.000209269113839, 0.000118284166092, 0.000106993109512, 0.000102548205177, 0.000104589700641, 3.39658072335e-05, 2.15565637518e-06]
    },
    "erbbands": {
        "mean": [0.0655379891396, 1.13501644135, 3.99946188927, 5.22792196274, 6.51607036591, 8.38356494904, 9.51790332794, 12.4840583801, 14.5480003357, 19.7006072998, 17.8505725861, 24.7132263184, 25.6284160614, 82.8860626221, 156.014007568, 42.9025115967, 24.8928127289, 36.8665542603, 37.8379058838, 46.1275787354, 43.6315879822, 26.8206100464, 20.0112915039, 23.1148490906, 13.4454832077, 12.1282253265, 8.19948863983, 5.31358289719, 3.52127099037, 2.71879124641, 2.3151102066, 1.7440508604, 1.33194112778, 0.892284631729, 0.425978988409, 0.170576781034, 0.047272272408, 0.00673960568383, 0.000166399637237, 3.91642352042e-05],
        "stdev": [0.0842886120081, 1.30577504635, 4.88191652298, 5.50934410095, 9.77740478516, 11.8760566711, 11.7119846344, 17.1531505585, 25.4809513092, 44.7083854675, 40.4178962708, 72.214630127, 84.4697723389, 194.886795044, 376.679504395, 132.883239746, 60.7098083496, 84.9967651367, 76.4147033691, 80.3482055664, 63.9422569275, 36.1282310486, 28.8456687927, 28.9886550903, 14.7472171783, 15.6208467484, 11.7774095535, 6.08720016479, 4.45169353485, 3.50486755371, 2.97317266464, 2.0645160675, 1.8762601614, 1.41357719898, 0.619552016258, 0.19139456749, 0.0550335347652, 0.00892448890954, 0.00020341257914, 2.23236711463e-05]
    },
    "gfcc": {
        "mean": [10.1623210907, 94.0108795166, -118.240562439, 34.6411476135, -49.9083137512, 14.4426774979, -37.6031227112, 12.5368213654, -30.8084468842, 2.80212688446, -17.8136806488, -0.286315739155, -8.82285404205],
        "cov": [[6416.82226562, -1760.43408203, -507.203979492, -16.0682106018, -136.217102051, 867.759765625, -274.457000732, 317.133209229, 13.8486280441, 137.159500122, -177.264465332, 287.404052734, -160.525115967], [-1760.43408203, 1076.9465332, -39.7387580872, -51.340965271, 31.4651355743, -413.39630127, 178.148727417, -181.693939209, 6.75080490112, -65.9546508789, 106.898506165, -196.859161377, 92.915397644], [-507.203979492, -39.7387580872, 795.04901123, 135.533752441, 29.9442443848, 76.8392791748, -27.4161491394, 114.619277954, 49.1897850037, 120.812164307, -2.55602097511, 22.2555980682, -60.6695098877], [-16.0682106018, -51.340965271, 135.533752441, 283.175384521, 47.5987472534, -11.8522777557, -29.8251495361, 29.4355182648, 68.2790222168, 21.0573177338, -9.7551908493, 3.46166133881, -2.29578733444], [-136.217102051, 31.4651355743, 29.9442443848, 47.5987472534, 216.715454102, 45.1813697815, 24.8515491486, 16.1028671265, 12.5494804382, -5.75573730469, 12.8733358383, 45.7784347534, 12.5773229599], [867.759765625, -413.39630127, 76.8392791748, -11.8522777557, 45.1813697815, 400.347198486, 24.9141559601, 106.814804077, -11.0357789993, 25.3278942108, 9.22043418884, 100.096214294, -33.0552825928], [-274.457000732, 178.148727417, -27.4161491394, -29.8251495361, 24.8515491486, 24.9141559601, 181.240264893, -4.61028671265, -23.617307663, -20.084980011, 34.5471458435, -14.8466835022, 20.9518318176], [317.133209229, -181.693939209, 114.619277954, 29.4355182648, 16.1028671265, 106.814804077, -4.61028671265, 146.434371948, 46.8166656494, 31.470998764, -22.8741493225, 27.4794120789, -14.4413328171], [13.8486280441, 6.75080490112, 49.1897850037, 68.2790222168, 12.5494804382, -11.0357789993, -23.617307663, 46.8166656494, 105.035575867, 34.8371086121, -13.7372217178, -17.0943698883, -3.7622718811], [137.159500122, -65.9546508789, 120.812164307, 21.0573177338, -5.75573730469, 25.3278942108, -20.084980011, 31.470998764, 34.8371086121, 111.915061951, 19.6982326508, -7.80327939987, -36.9287185669], [-177.264465332, 106.898506165, -2.55602097511, -9.7551908493, 12.8733358383, 9.22043418884, 34.5471458435, -22.8741493225, -13.7372217178, 19.6982326508, 96.6286087036, 4.91340112686, 6.83787441254], [287.404052734, -196.859161377, 22.2555980682, 3.46166133881, 45.7784347534, 100.096214294, -14.8466835022, 27.4794120789, -17.0943698883, -7.80327939987, 4.91340112686, 126.337532043, 13.921040535], [-160.525115967, 92.915397644, -60.6695098877, -2.29578733444, 12.5773229599, -33.0552825928, 20.9518318176, -14.4413328171, -3.7622718811, -36.9287185669, 6.83787441254, 13.921040535, 75.870010376]],
        "icov": [[0.000448222068371, -0.000142341465107, 0.000693891837727, -0.000309722410748, 0.000455536210211, -0.000925981323235, 0.000579519604798, -0.000584830529988, 0.000422330514994, -0.000998596893623, 0.00091221567709, -0.000686020182911, 0.000496407214087], [-0.000142341465107, 0.00712588336319, -0.00237998110242, 0.00248564872891, -0.00270249089226, 0.0050618192181, -0.00496976450086, 0.00443266006187, -0.00454937759787, 0.00465785712004, -0.00690445723012, 0.00766081176698, -0.00472824787721], [0.000693891837727, -0.00237998110242, 0.00351634016261, -0.00196778425016, 0.00138950441033, -0.0027094562538, 0.00226248055696, -0.00332223298028, 0.00269186100923, -0.00445293495432, 0.00355459959246, -0.00357499765232, 0.00276882015169], [-0.000309722410748, 0.00248564872891, -0.00196778425016, 0.00571855995804, -0.00197659386322, 0.00239286245778, -0.00156387942843, 0.00230853725225, -0.00475963950157, 0.00286576431245, -0.00291592604481, 0.00276271346956, -0.00194367778022], [0.000455536210211, -0.00270249089226, 0.00138950441033, -0.00197659386322, 0.00686852354556, -0.00283454265445, 0.00132764934096, -0.00190833909437, 0.000999245792627, -0.00201607285999, 0.00277676316909, -0.00543150445446, 0.00203590746969], [-0.000925981323235, 0.0050618192181, -0.0027094562538, 0.00239286245778, -0.00283454265445, 0.00941732339561, -0.00530372885987, 0.00118337478489, -0.00287153362297, 0.00478151161224, -0.00690377829596, 0.00346640031785, -0.0018185529625], [0.000579519604798, -0.00496976450086, 0.00226248055696, -0.00156387942843, 0.00132764934096, -0.00530372885987, 0.0110316528007, -0.0044440892525, 0.00488836038858, -0.00301891285926, 0.00314978137612, -0.00327324564569, 0.00174084375612], [-0.000584830529988, 0.00443266006187, -0.00332223298028, 0.00230853725225, -0.00190833909437, 0.00118337478489, -0.0044440892525, 0.0154959810898, -0.00845632050186, 0.00303101330064, -0.00219915178604, 0.00416268594563, -0.00375355966389], [0.000422330514994, -0.00454937759787, 0.00269186100923, -0.00475963950157, 0.000999245792627, -0.00287153362297, 0.00488836038858, -0.00845632050186, 0.0192286744714, -0.00819375924766, 0.00624603079632, -0.00231569143943, 0.000924562278669], [-0.000998596893623, 0.00465785712004, -0.00445293495432, 0.00286576431245, -0.00201607285999, 0.00478151161224, -0.00301891285926, 0.00303101330064, -0.00819375924766, 0.0200755093247, -0.0109130591154, 0.00653346255422, 0.00168676837347], [0.00091221567709, -0.00690445723012, 0.00355459959246, -0.00291592604481, 0.00277676316909, -0.00690377829596, 0.00314978137612, -0.00219915178604, 0.00624603079632, -0.0109130591154, 0.0214562062174, -0.00907419994473, 0.00311247934587], [-0.000686020182911, 0.00766081176698, -0.00357499765232, 0.00276271346956, -0.00543150445446, 0.00346640031785, -0.00327324564569, 0.00416268594563, -0.00231569143943, 0.00653346255422, -0.00907419994473, 0.0213934648782, -0.00954396463931], [0.000496407214087, -0.00472824787721, 0.00276882015169, -0.00194367778022, 0.00203590746969, -0.0018185529625, 0.00174084375612, -0.00375355966389, 0.000924562278669, 0.00168676837347, 0.00311247934587, -0.00954396463931, 0.0221890322864]]
    },
    "melbands": {
        "mean": [0.000886250869371, 0.00197475100867, 0.000945535372011, 0.000556712970138, 0.00034397278796, 0.000286130874883, 0.000229396537179, 0.000204703290365, 0.000149809071445, 0.000149723302457, 0.000123894133139, 0.00029623467708, 0.000641127058771, 0.000141886164784, 7.08191801095e-05, 5.49208307348e-05, 6.84837141307e-05, 6.16794204689e-05, 5.25800824107e-05, 6.84113110765e-05, 4.53713983006e-05, 2.78204897768e-05, 1.98766738322e-05, 1.91126928257e-05, 1.91110302694e-05, 1.10647297333e-05, 8.09574339655e-06, 7.99230474513e-06, 5.59485533813e-06, 3.75010381504e-06, 2.82955761577e-06, 2.041405196e-06, 1.63664105912e-06, 1.47322418798e-06, 1.37609401918e-06, 1.19652577268e-06, 1.02004321434e-06, 9.15527664347e-07, 8.94514471383e-07, 7.11765153483e-07],
        "stdev": [0.00103595037945, 0.00224458891898, 0.00092759396648, 0.000885629735421, 0.000383965816582, 0.000381572754122, 0.000405095634051, 0.000447140715551, 0.00035585500882, 0.000439240742708, 0.000444012286607, 0.000751215906348, 0.00156084145419, 0.000500110676512, 0.000231728467043, 0.000138279705425, 0.000161701012985, 0.000136332120746, 0.000102876962046, 0.000118603828014, 6.92499379511e-05, 3.93922891817e-05, 3.04913337459e-05, 3.09352544718e-05, 2.48773030762e-05, 1.31422693812e-05, 9.9893695733e-06, 1.10112678158e-05, 8.44208807393e-06, 5.38240738024e-06, 3.2948162243e-06, 2.73175510301e-06, 2.21873574446e-06, 1.99254827749e-06, 1.86589102213e-06, 1.52686959609e-06, 1.26494194319e-06, 1.3693921801e-06, 1.28855037929e-06, 1.23895574689e-06]
    },
    "melbands128": {
        "mean": [3.78962904506e-05, 0.000315165380016, 0.00114872690756, 0.00213965540752, 0.00219175568782, 0.00167704687919, 0.00109104369767, 0.000737161026336, 0.000629467715044, 0.000634337891825, 0.000472721061669, 0.000347342604073, 0.000289373041596, 0.000391190609662, 0.000283932458842, 0.000246441952186, 0.000234304447076, 0.000211011458305, 0.000230222329265, 0.00025422257022, 0.000162668715348, 0.000148558319779, 0.000130338434246, 0.000162788564921, 0.000194351363461, 0.000121393015434, 0.000108288011688, 0.000109952627099, 0.000145170517499, 0.000190233375179, 0.000250814657193, 0.000685665290803, 0.000975759758148, 0.000363383354852, 0.000100184515759, 0.000142184537253, 8.44014211907e-05, 7.25780118955e-05, 5.89443225181e-05, 3.85888779419e-05, 4.56810557807e-05, 8.82756357896e-05, 7.1656810178e-05, 5.5717817304e-05, 6.54745526845e-05, 6.72812820994e-05, 5.43487985851e-05, 3.88701992051e-05, 5.67518181924e-05, 7.4164236139e-05, 6.71538873576e-05, 6.87823048793e-05, 5.53085264983e-05, 3.31786213792e-05, 2.73252499028e-05, 2.80410658888e-05, 2.7212770874e-05, 2.48268243013e-05, 1.55935904331e-05, 1.3653586393e-05, 1.90512982954e-05, 2.31055782933e-05, 2.25616713578e-05, 1.81447176146e-05, 1.35913905979e-05, 1.11760555228e-05, 9.65692106547e-06, 7.06134551365e-06, 7.5747379924e-06, 9.75974580797e-06, 8.00529141998e-06, 7.24988603906e-06, 6.96009738022e-06, 5.04010449731e-06, 4.41526754003e-06, 4.02913065045e-06, 3.31594628733e-06, 3.13440318678e-06, 2.98475811178e-06, 2.21519962906e-06, 2.24313248509e-06, 1.86635293176e-06, 1.74347337634e-06, 1.64936898273e-06, 1.56288820108e-06, 1.35134905577e-06, 1.4748114836e-06, 1.60024023899e-06, 1.46008915181e-06, 1.05176491161e-06, 1.39994051551e-06, 1.183737254e-06, 9.60203124123e-07, 1.14610691071e-06, 9.24196172036e-07, 9.11520771751e-07, 9.28238307552e-07, 8.87123178472e-07, 1.01544048903e-06, 7.8845397411e-07, 7.81750941314e-07, 7.11233212769e-07, 6.0427413473e-07, 6.01401382028e-07, 4.43608257683e-07, 4.23822370976e-07, 3.48306713249e-07, 3.65271915825e-07, 2.73777715165e-07, 2.60474479319e-07, 2.10818612345e-07, 1.60123263981e-07, 1.42930318248e-07, 1.13340796304e-07, 1.07847661468e-07, 6.41704005488e-08, 4.72777585969e-08, 4.86157913926e-09, 4.09582350674e-12, 3.93177244234e-12, 3.8288946666e-12, 3.74410311782e-12, 3.66154242343e-12, 3.59204354629e-12, 3.54153750597e-12, 3.50376693804e-12, 3.47501281223e-12, 3.451345763e-12],
        "stdev": [7.51552070142e-05, 0.000514255894814, 0.00155717309099, 0.00256179203279, 0.00275823730044, 0.00215673190542, 0.00125589908566, 0.000976892653853, 0.00109897495713, 0.00150112318806, 0.000798269291408, 0.000486068107421, 0.000476186600281, 0.000669537694193, 0.000487465702463, 0.000471338891657, 0.000501300208271, 0.000528656353708, 0.000701164186466, 0.000733027234674, 0.000514645362273, 0.000442040414782, 0.000455306697404, 0.0006319732056, 0.000763483403716, 0.000510737649165, 0.000444592733402, 0.00062558951322, 0.000782847462688, 0.000804753624834, 0.00104249129072, 0.00200998061337, 0.00274640740827, 0.00141773198266, 0.000562113069464, 0.000831647368614, 0.000346357031958, 0.000380148063414, 0.00023427803535, 0.000169800681761, 0.000186524164747, 0.000313714641379, 0.000252396683209, 0.000162372874911, 0.000185952769243, 0.000216535394429, 0.000168781989487, 0.000122752506286, 0.000153270899318, 0.000184221964446, 0.000162480821018, 0.000131765584229, 0.000121385761304, 5.30290672032e-05, 4.79719419673e-05, 5.21088986716e-05, 4.89285703225e-05, 4.57534042653e-05, 3.33130228682e-05, 2.98139184451e-05, 3.94884991692e-05, 4.65705670649e-05, 4.04530801461e-05, 2.71509379672e-05, 1.87152327271e-05, 1.78865811904e-05, 1.31159067678e-05, 1.01539071693e-05, 1.32865461637e-05, 1.49247716763e-05, 1.47598748299e-05, 1.18353109428e-05, 1.11629569801e-05, 9.98859104584e-06, 9.2234740805e-06, 7.03370778865e-06, 4.98555573358e-06, 4.60638602817e-06, 3.94355129174e-06, 2.88560772788e-06, 3.74667820324e-06, 2.77151775663e-06, 2.58712907453e-06, 2.60003275798e-06, 2.36321420743e-06, 1.97059239326e-06, 2.2963115498e-06, 2.485576033e-06, 2.13756561607e-06, 1.69563634245e-06, 2.15989871322e-06, 1.53963503635e-06, 1.28379667785e-06, 1.51215226651e-06, 1.39880830829e-06, 1.43133308939e-06, 1.64860591667e-06, 1.45753585912e-06, 1.50227549511e-06, 1.2895737882e-06, 1.37156939672e-06, 1.390919806e-06, 1.16954356599e-06, 1.08207541416e-06, 7.06966488906e-07, 5.88254806644e-07, 4.53227954722e-07, 4.45644388947e-07, 3.43910670608e-07, 3.25955880953e-07, 2.71520548267e-07, 2.15946855064e-07, 1.96493644466e-07, 1.60271994787e-07, 1.52082833438e-07, 1.04844069426e-07, 8.64774492015e-08, 1.3887799355e-08, 6.41137620425e-12, 6.22056486183e-12, 6.06034450054e-12, 5.9204277765e-12, 5.79845893522e-12, 5.69537863052e-12, 5.61071718599e-12, 5.54314320139e-12, 5.49332194316e-12, 5.46327913464e-12]
    },
    "mfcc": {
        "mean": [-631.84552002, 122.538612366, -5.2813501358, 25.9220523834, 9.05382347107, 3.19666099548, 7.01226711273, 1.86119186878, 1.72390162945, -0.0473311282694, -5.75172710419, -2.19838070869, 0.706225514412],
        "cov": [[5970.16748047, -1386.12561035, -591.405395508, -601.858459473, 180.138336182, 219.151046753, -92.263961792, 278.426361084, 95.2286834717, 112.660644531, -32.4094963074, 95.5345993042, 130.240524292], [-1386.12561035, 915.142333984, -66.7731246948, 161.712677002, -182.762298584, -116.795188904, 75.5683288574, -160.338943481, -43.5671081543, -21.7580871582, 15.4048938751, -39.0539894104, -70.197769165], [-591.405395508, -66.7731246948, 666.725463867, 67.5850143433, 98.5874633789, 29.3780193329, 8.64325332642, 5.20543718338, 32.212562561, 52.3205795288, 90.8128356934, 57.5862426758, 15.9891080856], [-601.858459473, 161.712677002, 67.5850143433, 342.916168213, 21.2453384399, -46.7643508911, -49.4544029236, -56.361907959, 25.5401420593, -0.0128370271996, 18.6865005493, -1.43589913845, -6.78331184387], [180.138336182, -182.762298584, 98.5874633789, 21.2453384399, 249.986709595, 56.1119384766, -28.3025474548, 63.4235877991, 30.3790721893, 23.8714370728, -2.58644294739, 39.8693199158, 38.8985862732], [219.151046753, -116.795188904, 29.3780193329, -46.7643508911, 56.1119384766, 158.841033936, 68.2777328491, 63.4495658875, 0.960398375988, 2.44581246376, 17.0163383484, 15.7486543655, 27.0273399353], [-92.263961792, 75.5683288574, 8.64325332642, -49.4544029236, -28.3025474548, 68.2777328491, 174.229049683, 47.7155990601, -11.3626470566, 2.12773823738, 12.487868309, 7.97585201263, 19.3291931152], [278.426361084, -160.338943481, 5.20543718338, -56.361907959, 63.4235877991, 63.4495658875, 47.7155990601, 162.211624146, 44.8878364563, 0.0908650532365, -28.0816841125, 1.44287610054, 38.3749542236], [95.2286834717, -43.5671081543, 32.212562561, 25.5401420593, 30.3790721893, 0.960398375988, -11.3626470566, 44.8878364563, 107.965179443, 34.3526153564, 5.36010408401, 1.74257969856, 0.613516032696], [112.660644531, -21.7580871582, 52.3205795288, -0.0128370271996, 23.8714370728, 2.44581246376, 2.12773823738, 0.0908650532365, 34.3526153564, 98.8432540894, 45.0127334595, 21.8462200165, -10.4871091843], [-32.4094963074, 15.4048938751, 90.8128356934, 18.6865005493, -2.58644294739, 17.0163383484, 12.487868309, -28.0816841125, 5.36010408401, 45.0127334595, 104.750579834, 44.8712921143, -11.3198633194], [95.5345993042, -39.0539894104, 57.5862426758, -1.43589913845, 39.8693199158, 15.7486543655, 7.97585201263, 1.44287610054, 1.74257969856, 21.8462200165, 44.8712921143, 80.1925201416, 21.7215595245], [130.240524292, -70.197769165, 15.9891080856, -6.78331184387, 38.8985862732, 27.0273399353, 19.3291931152, 38.3749542236, 0.613516032696, -10.4871091843, -11.3198633194, 21.7215595245, 85.5026245117]],
        "icov": [[0.000390875007724, 0.00047998590162, 0.000438182265498, 0.000391276902519, 8.66934788064e-05, -0.000187228099094, 0.000209738558624, 2.15810068767e-05, -0.000236143547227, -0.000431293970905, -7.63473508414e-05, -0.000329411122948, -0.000267209397862], [0.00047998590162, 0.00256867078133, 0.000652867543977, -0.00037069056998, 0.000548367330339, 0.000893605290912, -0.00173580006231, 0.00152197293937, -0.000399814045522, -0.000221432419494, -3.47457607859e-05, -0.000120539931231, 0.000405363680329], [0.000438182265498, 0.000652867543977, 0.00236012903042, 0.00015182174684, -0.000584335415624, -1.52683549004e-06, -7.92982027633e-05, 9.36875367188e-05, -0.000495006504934, -0.000501204107422, -0.00166001415346, -0.00038820123882, -0.000497627188452], [0.000391276902519, -0.00037069056998, 0.00015182174684, 0.00429736962542, -0.000828952528536, 8.84223845787e-05, 0.0012256745249, 0.000914636068046, -0.00165372854099, 0.000407081359299, -0.00102747697383, 0.00037437537685, -0.00109555968083], [8.66934788064e-05, 0.000548367330339, -0.000584335415624, -0.000828952528536, 0.00657665031031, -0.00223435927182, 0.00204369053245, -0.00153845862951, 3.81586687581e-05, -0.00178346596658, 0.00249128206633, -0.00313325971365, -0.000788766948972], [-0.000187228099094, 0.000893605290912, -1.52683549004e-06, 8.84223845787e-05, -0.00223435927182, 0.0107618253678, -0.00436829589307, -0.00157677615061, 0.000860553176608, 0.00162612251006, -0.00339627754875, 0.00165190990083, -0.000339987629559], [0.000209738558624, -0.00173580006231, -7.92982027633e-05, 0.0012256745249, 0.00204369053245, -0.00436829589307, 0.0104820737615, -0.00392058305442, 0.00155537819955, -0.00142451911233, -0.000628509209491, -0.000947617692873, -0.00181981595233], [2.15810068767e-05, 0.00152197293937, 9.36875367188e-05, 0.000914636068046, -0.00153845862951, -0.00157677615061, -0.00392058305442, 0.012802273035, -0.00536235747859, 0.000857571139932, 0.0030959949363, 0.000586969486903, -0.00198509264737], [-0.000236143547227, -0.000399814045522, -0.000495006504934, -0.00165372854099, 3.81586687581e-05, 0.000860553176608, 0.00155537819955, -0.00536235747859, 0.0136050470173, -0.00438018515706, -0.000167445323314, 0.000922727689613, 0.000867092167027], [-0.000431293970905, -0.000221432419494, -0.000501204107422, 0.000407081359299, -0.00178346596658, 0.00162612251006, -0.00142451911233, 0.000857571139932, -0.00438018515706, 0.0156833808869, -0.00599827989936, 0.000112689922389, 0.00196796632372], [-7.63473508414e-05, -3.47457607859e-05, -0.00166001415346, -0.00102747697383, 0.00249128206633, -0.00339627754875, -0.000628509209491, 0.0030959949363, -0.000167445323314, -0.00599827989936, 0.0197388920933, -0.00962725840509, 0.00333393923938], [-0.000329411122948, -0.000120539931231, -0.00038820123882, 0.00037437537685, -0.00313325971365, 0.00165190990083, -0.000947617692873, 0.000586969486903, 0.000922727689613, 0.000112689922389, -0.00962725840509, 0.0211745779961, -0.00528751593083], [-0.000267209397862, 0.000405363680329, -0.000497627188452, -0.00109555968083, -0.000788766948972, -0.000339987629559, -0.00181981595233, -0.00198509264737, 0.000867092167027, 0.00196796632372, 0.00333393923938, -0.00528751593083, 0.0162299778312]]
    },
    "spectral_contrast_coeffs": {
        "mean": [-0.717159867287, -0.757198154926, -0.739349126816, -0.782853066921, -0.79382288456, -0.769579231739],
        "stdev": [0.0590038560331, 0.0696012303233, 0.0859296172857, 0.0482778400183, 0.0310295429081, 0.0463848114014]
    },
    "spectral_contrast_valleys": {
        "mean": [-6.46477746964, -6.71238422394, -7.30233860016, -7.39235401154, -7.3293504715, -10.2344713211],
        "stdev": [0.703750371933, 0.776301324368, 0.868137776852, 0.979382932186, 0.923380494118, 1.27884531021]
    }
},
"rhythm": {
    "beats_count": 557,
    "beats_loudness": {
        "mean": 0.0289438609034,
        "stdev": 0.0144717972726
    },
    "bpm": 165.053604126,
    "bpm_histogram_first_peak_bpm": 167,
    "bpm_histogram_first_peak_weight": 0,
    "bpm_histogram_second_peak_bpm": 161,
    "bpm_histogram_second_peak_spread": 0.193181753159,
    "bpm_histogram_second_peak_weight": 0.255395680666,
    "danceability": 0.954146623611,
    "onset_rate": 2.80035305023,
    "beats_loudness_band_ratio": {
        "mean": [0.428547352552, 0.162782534957, 0.123642265797, 0.183646664023, 0.099019780755, 0.0441287793219],
        "stdev": [0.24393415451, 0.146682605147, 0.124446608126, 0.213004127145, 0.0950118303299, 0.0324920341372]
    },
    "beats_position": [0.383129239082, 0.766258478165, 1.14938771725, 1.52090704441, 1.88081634045, 2.26394557953, 2.6470746994, 3.04181408882, 3.41333317757, 3.78485250473, 4.14476203918, 4.5046710968, 4.86458063126, 5.22448968887, 5.58439922333, 5.94430828094, 6.30421733856, 6.66412687302, 7.02403593063, 7.38394546509, 7.74385452271, 8.10376358032, 8.46367359161, 8.82358264923, 9.18349170685, 9.54340076447, 9.91492080688, 10.2748298645, 10.6347389221, 11.0062580109, 11.3777770996, 11.7376871109, 12.0975961685, 12.4575052261, 12.8290243149, 13.1889343262, 13.5372333527, 13.9087524414, 14.2802715302, 14.6401815414, 15.0000905991, 15.3599996567, 15.7199087143, 16.0798187256, 16.4397277832, 16.8112468719, 17.1827659607, 17.5426750183, 17.9025840759, 18.2624931335, 18.6224040985, 18.9823131561, 19.3422222137, 19.7021312714, 20.062040329, 20.4219493866, 20.7702484131, 21.1301574707, 21.5016784668, 21.8615875244, 22.221496582, 22.6046257019, 22.9645347595, 23.3360538483, 23.707572937, 24.0674819946, 24.4273910522, 24.7873020172, 25.1472110748, 25.5071201324, 25.8670291901, 26.2269382477, 26.5868473053, 26.9467563629, 27.3066654205, 27.6549663544, 28.0032653809, 28.3631744385, 28.7230834961, 29.0829925537, 29.4429016113, 29.8028106689, 30.1743297577, 30.5342407227, 30.8941497803, 31.265668869, 31.6255779266, 31.9854869843, 32.3453979492, 32.7053070068, 33.0652160645, 33.4135131836, 33.7618141174, 34.121723175, 34.4816322327, 34.8531494141, 35.2130622864, 35.572971344, 35.9328804016, 36.2927894592, 36.6526985168, 37.0126075745, 37.3725166321, 37.7440338135, 38.1039466858, 38.4638557434, 38.823764801, 39.1836738586, 39.5435829163, 39.8918800354, 40.2401809692, 40.6000900269, 40.9599990845, 41.3199081421, 41.6798171997, 42.0397262573, 42.3996353149, 42.7595443726, 43.1194534302, 43.4793624878, 43.8392753601, 44.1991844177, 44.5590934753, 44.9306106567, 45.2905197144, 45.650428772, 46.0219497681, 46.3934669495, 46.7649879456, 47.1365089417, 47.508026123, 47.8911552429, 48.262676239, 48.6341934204, 49.0057144165, 49.3772315979, 49.748752594, 50.1086616516, 50.480178833, 50.8400878906, 51.1883888245, 51.5482978821, 51.9198188782, 52.2797279358, 52.6396369934, 52.999546051, 53.3594551086, 53.73097229, 54.0792732239, 54.4391822815, 54.7990913391, 55.1706123352, 55.5189094543, 55.878818512, 56.2387275696, 56.5986366272, 56.9585494995, 57.3184585571, 57.6783676147, 58.0382766724, 58.39818573, 58.7580947876, 59.129611969, 59.4895210266, 59.8378219604, 60.1977310181, 60.5576400757, 60.9059410095, 61.2658500671, 61.6257591248, 61.9972763062, 62.3571853638, 62.7170982361, 63.0770072937, 63.4485244751, 63.8084335327, 64.1683425903, 64.5282516479, 64.8881607056, 65.2480697632, 65.5963668823, 65.9446716309, 66.3045806885, 66.6644897461, 67.0360107422, 67.3959197998, 67.7558288574, 68.1273422241, 68.4872512817, 68.8471679688, 69.2186813354, 69.5902023315, 69.9617233276, 70.3332443237, 70.7047576904, 71.0762786865, 71.4477996826, 71.8193206787, 72.1908340454, 72.5623550415, 72.9222640991, 73.2821731567, 73.6536941528, 74.0136032104, 74.3735122681, 74.7334213257, 75.0933303833, 75.4532394409, 75.8131484985, 76.1846694946, 76.5445785522, 76.9044876099, 77.2643966675, 77.6243057251, 77.9958267212, 78.3557357788, 78.7156448364, 79.0871658325, 79.4586868286, 79.8185958862, 80.1785049438, 80.5500183105, 80.9215393066, 81.2930603027, 81.6529693604, 82.012878418, 82.3727874756, 82.7326965332, 83.0926055908, 83.4525146484, 83.8124237061, 84.1723327637, 84.5438537598, 84.9037628174, 85.263671875, 85.6351928711, 85.9951019287, 86.3550109863, 86.7265319824, 87.08644104, 87.4463500977, 87.8178634644, 88.177772522, 88.537689209, 88.8859863281, 89.2458953857, 89.6058044434, 89.965713501, 90.3256225586, 90.6855316162, 91.0454406738, 91.4169616699, 91.8000869751, 92.1599960327, 92.5199050903, 92.8798141479, 93.2397232056, 93.5996322632, 93.9595413208, 94.3194503784, 94.667755127, 95.0160522461, 95.3759613037, 95.7358703613, 96.0841674805, 96.4556884766, 96.8155975342, 97.1871185303, 97.5470275879, 97.895324707, 98.2552337646, 98.6151428223, 98.9634475708, 99.3233566284, 99.683265686, 100.043174744, 100.403083801, 100.762992859, 101.122901917, 101.482810974, 101.842720032, 102.202629089, 102.562538147, 102.922447205, 103.282356262, 103.64226532, 104.002174377, 104.373695374, 104.733604431, 105.093513489, 105.465034485, 105.824943542, 106.1848526, 106.544761658, 106.904670715, 107.264579773, 107.624488831, 107.984397888, 108.344306946, 108.704216003, 109.064125061, 109.424034119, 109.783943176, 110.143852234, 110.492149353, 110.852058411, 111.211967468, 111.571876526, 111.931785583, 112.291702271, 112.651611328, 113.011520386, 113.371429443, 113.731338501, 114.091247559, 114.451156616, 114.811065674, 115.170974731, 115.519271851, 115.879180908, 116.250701904, 116.633827209, 117.016960144, 117.400085449, 117.771606445, 118.143127441, 118.514648438, 118.886169434, 119.2576828, 119.629203796, 119.989112854, 120.349021912, 120.697319031, 121.057228088, 121.428749084, 121.788658142, 122.1485672, 122.508476257, 122.856781006, 123.216690063, 123.576599121, 123.936508179, 124.296417236, 124.656326294, 125.004623413, 125.364532471, 125.724441528, 126.084350586, 126.444259644, 126.804168701, 127.164077759, 127.512374878, 127.872291565, 128.243804932, 128.615325928, 128.975234985, 129.335144043, 129.695053101, 130.054962158, 130.414871216, 130.774780273, 131.14630127, 131.517822266, 131.877731323, 132.237640381, 132.597549438, 132.969070435, 133.328979492, 133.68888855, 134.060409546, 134.420318604, 134.780227661, 135.140136719, 135.488433838, 135.848342896, 136.208251953, 136.579772949, 136.928070068, 137.287979126, 137.647888184, 138.007797241, 138.379318237, 138.750839233, 139.133972168, 139.505477905, 139.900222778, 140.294967651, 140.689697266, 141.084442139, 141.479187012, 141.862304688, 142.245437622, 142.628570557, 143.02331543, 143.406433105, 143.801177979, 144.184310913, 144.567428589, 144.962173462, 145.356918335, 145.740036011, 146.111557007, 146.494689941, 146.866210938, 147.237731934, 147.620864868, 148.003982544, 148.387115479, 148.770248413, 149.153381348, 149.536499023, 149.919631958, 150.291152954, 150.66267395, 151.034194946, 151.405715942, 151.765625, 152.137145996, 152.508651733, 152.880172729, 153.228485107, 153.588394165, 153.948303223, 154.30821228, 154.656509399, 155.016418457, 155.387939453, 155.736236572, 156.09614563, 156.444442749, 156.804351807, 157.175872803, 157.524169922, 157.884078979, 158.243988037, 158.592285156, 158.940582275, 159.300491333, 159.660400391, 160.020309448, 160.380218506, 160.740127563, 161.100036621, 161.459945679, 161.819854736, 162.179763794, 162.55128479, 162.911193848, 163.282714844, 163.665847778, 164.048980713, 164.432098389, 164.815231323, 165.209976196, 165.604721069, 165.999450684, 166.394195557, 166.788925171, 167.183670044, 167.578414917, 167.973144531, 168.367889404, 168.762634277, 169.157363892, 169.563720703, 169.970062256, 170.376419067, 170.78276062, 171.189117432, 171.583847046, 171.978591919, 172.361724854, 172.744842529, 173.116363525, 173.49949646, 173.871017456, 174.242538452, 174.614059448, 174.985580444, 175.35710144, 175.728607178, 176.088516235, 176.448425293, 176.819946289, 177.179855347, 177.539764404, 177.888076782, 178.25958252, 178.619491577, 178.991012573, 179.350921631, 179.710830688, 180.082351685, 180.442260742, 180.813781738, 181.185302734, 181.55682373, 181.928344727, 182.288253784, 182.648162842, 183.019683838, 183.391204834, 183.751113892, 184.111022949, 184.470932007, 184.830841064, 185.202362061, 185.562271118, 185.922180176, 186.270477295, 186.641998291, 187.013504028, 187.385025024, 187.756546021, 188.128067017, 188.487976074, 188.847885132, 189.219406128, 189.590927124, 189.950836182, 190.310745239, 190.682266235, 191.042175293, 191.413696289, 191.785217285, 192.156738281, 192.516647339, 192.888153076, 193.259674072, 193.631195068, 194.002716064, 194.374237061, 194.745758057, 195.117279053, 195.488800049, 195.860321045, 196.231826782, 196.603347778, 196.963256836, 197.323165894, 197.69468689, 198.066207886, 198.426116943, 198.797637939, 199.180770874, 199.55229187, 199.923812866, 200.283721924, 200.74810791, 201.212509155, 201.6769104, 202.141311646, 202.605712891, 203.070114136, 203.546112061, 204.010513306, 204.474914551],
    "bpm_histogram": [0, 0, 0, 0, 0, 0, 0, 0, 0, 0, 0, 0, 0, 0, 0, 0, 0, 0, 0, 0, 0, 0, 0, 0, 0, 0, 0, 0, 0, 0, 0, 0, 0, 0, 0, 0, 0, 0, 0, 0, 0, 0, 0, 0, 0, 0, 0, 0, 0, 0, 0, 0, 0, 0, 0, 0, 0, 0, 0, 0, 0, 0, 0, 0, 0, 0, 0, 0, 0, 0, 0, 0, 0, 0, 0, 0, 0, 0, 0, 0, 0, 0, 0, 0, 0, 0, 0, 0, 0, 0, 0, 0, 0, 0, 0, 0, 0, 0, 0, 0, 0, 0, 0, 0, 0, 0, 0, 0, 0, 0, 0, 0, 0, 0, 0, 0, 0, 0, 0, 0, 0, 0, 0, 0, 0, 0, 0.00179856119212, 0, 0, 0.0143884895369, 0, 0, 0, 0, 0, 0, 0, 0, 0, 0, 0, 0, 0, 0, 0, 0, 0, 0, 0.008992806077, 0, 0, 0, 0.041366904974, 0, 0, 0, 0, 0.0611510798335, 0, 0, 0, 0.228417262435, 0.0269784163684, 0, 0, 0, 0, 0.548561155796, 0, 0, 0, 0, 0.068345323205, 0, 0, 0, 0, 0, 0, 0, 0, 0, 0, 0, 0, 0, 0, 0, 0, 0, 0, 0, 0, 0, 0, 0, 0, 0, 0, 0, 0, 0, 0, 0, 0, 0, 0, 0, 0, 0, 0, 0, 0, 0, 0, 0, 0, 0, 0, 0, 0, 0, 0, 0, 0, 0, 0, 0, 0, 0, 0, 0, 0, 0, 0, 0, 0, 0, 0, 0, 0, 0, 0, 0, 0, 0, 0, 0, 0, 0]
},
"tonal": {
    "chords_changes_rate": 0.0704416781664,
    "chords_number_rate": 0.00317100784741,
    "chords_strength": {
        "mean": 0.552456438541,
        "stdev": 0.0881531983614
    },
    "hpcp_crest": {
        "mean": 13.8147306442,
        "stdev": 6.48804473877
    },
    "hpcp_entropy": {
        "mean": 1.983258605,
        "stdev": 0.755754828453
    },
    "key_edma": {
        "strength": 0.719587862492,
        "key": "A",
        "scale": "minor"
    },
    "key_krumhansl": {
        "strength": 0.705763816833,
        "key": "A",
        "scale": "minor"
    },
    "key_temperley": {
        "strength": 0.695909380913,
        "key": "C",
        "scale": "major"
    },
    "tuning_diatonic_strength": 0.586395323277,
    "tuning_equal_tempered_deviation": 0.0332639999688,
    "tuning_frequency": 436.960693359,
    "tuning_nontempered_energy_ratio": 0.755671679974,
    "hpcp": {
        "mean": [0.16681677103, 0.117238529027, 0.0703729316592, 0.0689100921154, 0.0924757272005, 0.163018330932, 0.253967255354, 0.235441207886, 0.205479070544, 0.196501344442, 0.124390393496, 0.080852419138, 0.069429025054, 0.0638664439321, 0.108987063169, 0.157727599144, 0.118625178933, 0.0664856135845, 0.0585719123483, 0.0722339525819, 0.182672321796, 0.295315116644, 0.210931867361, 0.0952134132385, 0.0836181342602, 0.0737643018365, 0.0678128302097, 0.0780097469687, 0.0765363574028, 0.132070109248, 0.204605787992, 0.15017683804, 0.0926373526454, 0.102397143841, 0.101789578795, 0.140497714281],
        "stdev": [0.285888642073, 0.218910679221, 0.163432538509, 0.168066725135, 0.19779907167, 0.241695597768, 0.309191763401, 0.301934868097, 0.292693018913, 0.312728226185, 0.212355226278, 0.164806753397, 0.146381929517, 0.134930387139, 0.189402773976, 0.259554505348, 0.208296135068, 0.150099813938, 0.138613432646, 0.160635337234, 0.251125901937, 0.357538491488, 0.283983379602, 0.187845006585, 0.203590705991, 0.181605175138, 0.147630810738, 0.161479875445, 0.150092408061, 0.202665373683, 0.311998546124, 0.237784206867, 0.171543881297, 0.195663511753, 0.201454281807, 0.242542698979]
    },
    "chords_histogram": [14.9263877869, 13.9977350235, 18.5503959656, 2.40090608597, 3.37485837936, 0.135900333524, 10.5775766373, 1.49490368366, 16.8289928436, 1.5175538063, 2.0611550808, 0, 0, 0, 0, 3.3295583725, 0.611551523209, 0.611551523209, 0.634201586246, 1.336353302, 0.611551523209, 1.63080406189, 0.566251397133, 4.80181217194],
    "thpcp": [1, 0.714260339737, 0.32241293788, 0.283148854971, 0.249781668186, 0.229628711939, 0.264157652855, 0.259168446064, 0.447217583656, 0.692838847637, 0.508530795574, 0.313689857721, 0.346738576889, 0.344681233168, 0.475755244493, 0.564877212048, 0.396994680166, 0.238297760487, 0.233344271779, 0.313142538071, 0.552014827728, 0.859987318516, 0.797254145145, 0.695795953274, 0.665395498276, 0.421212404966, 0.273783534765, 0.235101491213, 0.216265410185, 0.369053453207, 0.534099280834, 0.401690155268, 0.225134477019, 0.198336988688, 0.244599580765, 0.618567466736],
    "chords_key": "G",
    "chords_scale": "major"
}
}