{
"metadata": {
    "version": {
        "essentia": "2.1-dev",
        "essentia_git_sha": "v2.1_beta3-415-gd5473f3",
        "extractor": "music 2.0"
    },
    "audio_properties": {
        "analysis": {
            "equal_loudness": 0,
            "length": 200.202453613,
            "sample_rate": 44100,
            "start_time": 0,
            "downmix": "mix"
        },
        "bit_rate": 192000,
        "length": 200.202453613,
        "lossless": 0,
        "number_channels": 2,
        "replay_gain": -10.8799629211,
        "sample_rate": 44100,
        "codec": "mp3",
        "md5_encoded": "28e822f128026e56975a91d25a8131e3"
    },
    "tags": {
        "file_name": "incubus-stellar.mp3",
        "date": ["2004"],
        "engineer": ["rosamerica tamyo"]
    }
},
"lowlevel": {
    "average_loudness": 0.917303144932,
    "barkbands_crest": {
        "mean": 11.503068924,
        "stdev": 4.29682016373
    },
    "barkbands_flatness_db": {
        "mean": 0.173727333546,
        "stdev": 0.0766975805163
    },
    "barkbands_kurtosis": {
        "mean": 11.8977718353,
        "stdev": 30.5286903381
    },
    "barkbands_skewness": {
        "mean": 2.20917081833,
        "stdev": 2.06292152405
    },
    "barkbands_spread": {
        "mean": 20.3685722351,
        "stdev": 13.2693157196
    },
    "dissonance": {
        "mean": 0.466722339392,
        "stdev": 0.02810806036
    },
    "dynamic_complexity": 3.4484872818,
    "erbbands_crest": {
        "mean": 9.31794452667,
        "stdev": 4.23915100098
    },
    "erbbands_flatness_db": {
        "mean": 0.171759173274,
        "stdev": 0.0481841675937
    },
    "erbbands_kurtosis": {
        "mean": 0.981906712055,
        "stdev": 4.53668880463
    },
    "erbbands_skewness": {
        "mean": -0.069310747087,
        "stdev": 1.10991466045
    },
    "erbbands_spread": {
        "mean": 38.750415802,
        "stdev": 19.1534042358
    },
    "hfc": {
        "mean": 21.3977680206,
        "stdev": 18.4736499786
    },
    "loudness_ebu128": {
        "integrated": -10.9528560638,
        "loudness_range": 8.1430978775,
        "momentary": {
            "mean": -12.7386894226,
            "stdev": 5.07932472229
        },
        "short_term": {
            "mean": -12.2905626297,
            "stdev": 4.10976934433
        }
    },
    "melbands_crest": {
        "mean": 18.0714683533,
        "stdev": 5.90798568726
    },
    "melbands_flatness_db": {
        "mean": 0.247440382838,
        "stdev": 0.0949540585279
    },
    "melbands_kurtosis": {
        "mean": 29.8460903168,
        "stdev": 53.2836036682
    },
    "melbands_skewness": {
        "mean": 3.67536020279,
        "stdev": 2.49912643433
    },
    "melbands_spread": {
        "mean": 20.3618183136,
        "stdev": 16.4862251282
    },
    "pitch_salience": {
        "mean": 0.477628260851,
        "stdev": 0.120318584144
    },
    "silence_rate_20dB": {
        "mean": 1,
        "stdev": 0
    },
    "silence_rate_30dB": {
        "mean": 0.989446818829,
        "stdev": 0.102189913392
    },
    "silence_rate_60dB": {
        "mean": 0.0677258521318,
        "stdev": 0.251258432865
    },
    "spectral_centroid": {
        "mean": 1264.73364258,
        "stdev": 656.876342773
    },
    "spectral_complexity": {
        "mean": 21.8458766937,
        "stdev": 14.6298942566
    },
    "spectral_decrease": {
        "mean": -8.79884520799e-09,
        "stdev": 6.59199050901e-09
    },
    "spectral_energy": {
        "mean": 0.0351498089731,
        "stdev": 0.0258761886507
    },
    "spectral_energyband_high": {
        "mean": 0.000535016821232,
        "stdev": 0.000796555948909
    },
    "spectral_energyband_low": {
        "mean": 0.0202196724713,
        "stdev": 0.0215345136821
    },
    "spectral_energyband_middle_high": {
        "mean": 0.00719509180635,
        "stdev": 0.00777057511732
    },
    "spectral_energyband_middle_low": {
        "mean": 0.00933367852122,
        "stdev": 0.00815360993147
    },
    "spectral_entropy": {
        "mean": 7.32858276367,
        "stdev": 0.60465079546
    },
    "spectral_flux": {
        "mean": 0.0802080631256,
        "stdev": 0.058005027473
    },
    "spectral_kurtosis": {
        "mean": 6.36925458908,
        "stdev": 5.09287548065
    },
    "spectral_rms": {
        "mean": 0.00540302786976,
        "stdev": 0.00225827237591
    },
    "spectral_rolloff": {
        "mean": 1179.67663574,
        "stdev": 1058.78955078
    },
    "spectral_skewness": {
        "mean": 1.64947450161,
        "stdev": 0.650297522545
    },
    "spectral_spread": {
        "mean": 3733442.5,
        "stdev": 1418093
    },
    "spectral_strongpeak": {
        "mean": 0.760868489742,
        "stdev": 1.13198006153
    },
    "zerocrossingrate": {
        "mean": 0.0449916943908,
        "stdev": 0.0279092472047
    },
    "barkbands": {
        "mean": [9.53862327151e-05, 0.00741419987753, 0.0106429811567, 0.00318825384602, 0.00268521322869, 0.000999964191578, 0.000800293055363, 0.000530458695721, 0.00100745807867, 0.00074200774543, 0.000478589849081, 0.000517964363098, 0.000605756416917, 0.00118252739776, 0.00109818519559, 0.000962879683357, 0.000601014413405, 0.00043194371392, 0.000469621620141, 0.000275769823929, 0.000139919444337, 0.000117908013635, 5.69750045543e-05, 4.25837752118e-05, 3.6151635868e-05, 2.32656529988e-05, 2.53984308074e-06],
        "stdev": [0.000281355518382, 0.0116330226883, 0.0122488820925, 0.00445297686383, 0.00388735509478, 0.00189586449414, 0.00158648123033, 0.00147553556599, 0.00172491755802, 0.00166614039335, 0.00127743568737, 0.00101984699722, 0.00142577779479, 0.00259264581837, 0.00227979477495, 0.00128244690131, 0.000779486552346, 0.000495190790389, 0.000509256904479, 0.000335708551574, 0.000191300947336, 0.000242127352976, 0.000125172795379, 0.000119566691865, 0.000137978815474, 0.000102386191429, 1.00960287455e-05]
    },
    "erbbands": {
        "mean": [0.136880248785, 2.06740641594, 11.2309846878, 12.0730667114, 8.85558223724, 8.95051670074, 8.37699508667, 8.00361824036, 9.13736438751, 14.5101671219, 12.819560051, 23.2754135132, 19.7715530396, 24.3040180206, 20.063747406, 20.8118667603, 27.8959274292, 45.7599906921, 67.9515762329, 54.6155204773, 53.0068473816, 34.2518844604, 25.7612342834, 26.1287326813, 19.8801326752, 12.1679010391, 6.84173345566, 5.3705163002, 4.6394944191, 2.53114724159, 1.51583564281, 0.972378909588, 0.67735940218, 0.448063343763, 0.236938223243, 0.118746057153, 0.0378816612065, 0.00689386669546, 0.000412788038375, 5.13753657287e-05],
        "stdev": [0.290629655123, 2.91291594505, 12.7864294052, 14.547246933, 10.3975915909, 14.8666563034, 13.9613409042, 16.6733551025, 17.596824646, 38.328666687, 29.0294799805, 42.33203125, 38.7109680176, 52.9189491272, 45.737953186, 37.0924873352, 62.838596344, 97.8792877197, 124.164100647, 104.381988525, 63.5103797913, 39.3652496338, 28.4745731354, 28.3197116852, 24.1765556335, 13.9493589401, 8.24398612976, 8.43183135986, 10.3490943909, 5.1307926178, 3.27994823456, 2.25441813469, 2.30811452866, 1.6949454546, 0.94384354353, 0.530646264553, 0.173831865191, 0.0240800660104, 0.00175612093881, 5.35281469638e-05]
    },
    "gfcc": {
        "mean": [-20.8796405792, 106.746292114, -120.364929199, 42.6850662231, -33.9517784119, 9.66016674042, -36.4379081726, 7.30721998215, -24.3733444214, -3.34595489502, -22.5308685303, -7.16538619995, -13.6471233368],
        "cov": [[10568.6982422, -2000.90136719, -580.910583496, 734.862854004, -314.33114624, 799.265686035, 68.7387161255, 456.844482422, -52.6996421814, 376.866668701, -318.230621338, 192.440353394, -306.742828369], [-2000.90136719, 1373.31396484, -11.3211450577, 15.4060564041, 295.314483643, -290.299133301, 154.291549683, -135.970306396, 79.3445205688, -164.904251099, 140.52961731, -169.720565796, 121.257499695], [-580.910583496, -11.3211450577, 1160.43188477, 291.253509521, 137.082824707, -2.47382378578, -52.2429885864, -14.9194574356, -90.4934921265, -53.4574813843, 27.0597877502, 66.6770401001, 8.02330589294], [734.862854004, 15.4060564041, 291.253509521, 630.524536133, 212.966873169, 17.7838535309, 96.9070968628, 59.6495895386, 18.7778606415, -13.9578266144, 7.23684406281, 5.7306432724, 31.5505466461], [-314.33114624, 295.314483643, 137.082824707, 212.966873169, 391.68170166, 20.5666122437, 165.022964478, 45.5273742676, 40.1840171814, -20.1199703217, 27.7699394226, -31.988199234, 45.3983421326], [799.265686035, -290.299133301, -2.47382378578, 17.7838535309, 20.5666122437, 426.192260742, 178.51802063, 108.853530884, 45.5390625, 70.772644043, -45.963684082, 11.504360199, -37.2683601379], [68.7387161255, 154.291549683, -52.2429885864, 96.9070968628, 165.022964478, 178.51802063, 317.628265381, 87.8728713989, 56.558883667, 19.1162242889, 3.80692386627, -23.8001995087, 18.1688270569], [456.844482422, -135.970306396, -14.9194574356, 59.6495895386, 45.5273742676, 108.853530884, 87.8728713989, 151.807693481, 44.4088592529, 46.8533401489, -24.8853607178, 12.4335479736, -15.1962299347], [-52.6996421814, 79.3445205688, -90.4934921265, 18.7778606415, 40.1840171814, 45.5390625, 56.558883667, 44.4088592529, 141.049835205, 38.2050056458, -7.86460161209, -41.7928581238, 1.28605818748], [376.866668701, -164.904251099, -53.4574813843, -13.9578266144, -20.1199703217, 70.772644043, 19.1162242889, 46.8533401489, 38.2050056458, 107.098419189, -3.47378921509, 20.1333026886, -22.5132064819], [-318.230621338, 140.52961731, 27.0597877502, 7.23684406281, 27.7699394226, -45.963684082, 3.80692386627, -24.8853607178, -7.86460161209, -3.47378921509, 86.1381454468, 15.5294647217, 19.381942749], [192.440353394, -169.720565796, 66.6770401001, 5.7306432724, -31.988199234, 11.504360199, -23.8001995087, 12.4335479736, -41.7928581238, 20.1333026886, 15.5294647217, 108.120521545, 21.5588150024], [-306.742828369, 121.257499695, 8.02330589294, 31.5505466461, 45.3983421326, -37.2683601379, 18.1688270569, -15.1962299347, 1.28605818748, -22.5132064819, 19.381942749, 21.5588150024, 87.9095230103]],
        "icov": [[0.000229195749853, -2.74473313766e-05, 0.000240151653998, -0.000476229819469, 0.000142947508721, -0.00031469197711, 0.00021052370721, -0.000259856577031, 0.000404553080443, -0.000421119766543, 0.000520166708156, -0.000372218113625, 0.000553763762582], [-2.74473313766e-05, 0.0029214292299, -0.000250303128269, 0.000718790106475, -0.00087954296032, 0.00165546697099, -0.00192063918803, 0.00121442647651, -0.00158300297335, 0.00245974981226, -0.00347629538737, 0.00359212141484, -0.0020590426866], [0.000240151653998, -0.000250303128269, 0.00143257330637, -0.00102428265382, -0.000268615956884, -0.000769353937358, 0.000913967669476, -0.000238419466768, 0.000960132398177, -7.30952597223e-05, 0.000561533612199, -0.00134908326436, 0.001176807913], [-0.000476229819469, 0.000718790106475, -0.00102428265382, 0.00333939306438, -0.00133865175303, 0.00123187201098, -0.00109290378168, 0.000178919959581, -0.00138648378197, 0.00154020183254, -0.00160239823163, 0.00142234913073, -0.00186863483395], [0.000142947508721, -0.00087954296032, -0.000268615956884, -0.00133865175303, 0.00485391495749, -0.00012626562966, -0.00132536480669, -0.00125697511248, 0.000439915165771, -0.00071332405787, 0.000322074134601, 0.000283314235276, -0.00061622436624], [-0.00031469197711, 0.00165546697099, -0.000769353937358, 0.00123187201098, -0.00012626562966, 0.00550984684378, -0.00391416857019, 0.000243766480708, -0.00169074651785, 0.000538709282409, -0.000786810996942, 0.00152110680938, -0.00053812423721], [0.00021052370721, -0.00192063918803, 0.000913967669476, -0.00109290378168, -0.00132536480669, -0.00391416857019, 0.00792814604938, -0.00287770992145, 0.0013087753905, -0.00133840960916, 0.00110038951971, -0.00125454925001, 0.000284842186375], [-0.000259856577031, 0.00121442647651, -0.000238419466768, 0.000178919959581, -0.00125697511248, 0.000243766480708, -0.00287770992145, 0.0117755262181, -0.00339887337759, -0.000691399676725, 0.000916827702895, -0.00134720467031, 0.000759391696192], [0.000404553080443, -0.00158300297335, 0.000960132398177, -0.00138648378197, 0.000439915165771, -0.00169074651785, 0.0013087753905, -0.00339887337759, 0.0127116171643, -0.00636397767812, 0.00233943015337, 0.00321062584408, -0.000915799930226], [-0.000421119766543, 0.00245974981226, -7.30952597223e-05, 0.00154020183254, -0.00071332405787, 0.000538709282409, -0.00133840960916, -0.000691399676725, -0.00636397767812, 0.0174125619233, -0.00527577102184, -0.00112027407158, 0.00133578712121], [0.000520166708156, -0.00347629538737, 0.000561533612199, -0.00160239823163, 0.000322074134601, -0.000786810996942, 0.00110038951971, 0.000916827702895, 0.00233943015337, -0.00527577102184, 0.0196403991431, -0.00781401991844, 0.00276578683406], [-0.000372218113625, 0.00359212141484, -0.00134908326436, 0.00142234913073, 0.000283314235276, 0.00152110680938, -0.00125454925001, -0.00134720467031, 0.00321062584408, -0.00112027407158, -0.00781401991844, 0.0206307955086, -0.00978648103774], [0.000553763762582, -0.0020590426866, 0.001176807913, -0.00186863483395, -0.00061622436624, -0.00053812423721, 0.000284842186375, 0.000759391696192, -0.000915799930226, 0.00133578712121, 0.00276578683406, -0.00978648103774, 0.0190191734582]]
    },
    "melbands": {
        "mean": [0.0016304475721, 0.00484525645152, 0.00203309580684, 0.000669167318847, 0.000305920577375, 0.000181097129826, 0.00014401115186, 0.000152043852722, 0.000116363888083, 0.000141078577144, 9.8903394246e-05, 0.000102430574771, 7.12739492883e-05, 5.55800434086e-05, 5.64311267226e-05, 6.30471549812e-05, 8.90633818926e-05, 0.000117490635603, 8.01867136033e-05, 6.08325644862e-05, 6.22215738986e-05, 3.25239561789e-05, 3.38893005392e-05, 1.65787514561e-05, 2.23479946726e-05, 1.50274881889e-05, 1.27103558043e-05, 7.05154207026e-06, 4.78227093481e-06, 3.02839089272e-06, 3.06480114887e-06, 2.88046044261e-06, 1.84007831194e-06, 1.222113724e-06, 8.73512988164e-07, 7.40930374832e-07, 5.26355563579e-07, 4.79719517443e-07, 4.18048102802e-07, 3.71384942355e-07],
        "stdev": [0.00287302210927, 0.00535033643246, 0.00222754967399, 0.000969140091911, 0.000486676144646, 0.000361616082955, 0.000274888530839, 0.00039575289702, 0.000230310892221, 0.000253957638051, 0.000202782917768, 0.000230627032579, 0.000184941076441, 0.00012186562526, 0.00010816512804, 0.000148376697325, 0.000206629585591, 0.000241003392148, 0.000197048590053, 0.000103441125248, 7.77378518251e-05, 4.10124230257e-05, 4.01473043894e-05, 1.92166226043e-05, 2.500608025e-05, 1.7117103198e-05, 1.79066264536e-05, 8.38803225633e-06, 5.83376277064e-06, 4.45557225248e-06, 5.15547253599e-06, 7.16747763363e-06, 3.54235680788e-06, 2.72915121968e-06, 1.92221091311e-06, 1.76826949883e-06, 1.22076039588e-06, 1.54328324697e-06, 1.80848928721e-06, 1.35895641051e-06]
    },
    "melbands128": {
        "mean": [8.52203447721e-05, 0.000804518582299, 0.0020378283225, 0.00363942864351, 0.00589021481574, 0.00477647036314, 0.00258300360292, 0.0013148264261, 0.000737192924134, 0.000874092918821, 0.000485970376758, 0.000317904166877, 0.000272457895335, 0.000296802958474, 0.000193992091226, 0.000113494410471, 0.000113169873657, 0.000159743343829, 0.000129424166516, 0.000202200390049, 0.000121643410239, 0.000104288526927, 7.79142283136e-05, 0.000157073067385, 0.000206087235711, 8.90404626261e-05, 0.000110720546218, 7.37151349313e-05, 0.000121069941088, 0.000131924884045, 7.66249359003e-05, 7.87758690421e-05, 9.35423231567e-05, 3.55992997356e-05, 6.81527380948e-05, 5.67796050746e-05, 4.71228850074e-05, 5.67964161746e-05, 6.10077913734e-05, 6.34714670014e-05, 4.63912074338e-05, 8.42656081659e-05, 8.17804902908e-05, 6.81235906086e-05, 0.000173304579221, 0.000116645329399, 7.61727133067e-05, 8.75016849022e-05, 7.17659349903e-05, 8.63865934662e-05, 4.42014570581e-05, 5.12255246576e-05, 8.48903655424e-05, 6.06417452218e-05, 2.7707852496e-05, 2.91870674118e-05, 3.32741656166e-05, 4.41008123744e-05, 3.25222463289e-05, 1.87181049114e-05, 1.28096753542e-05, 1.5815572624e-05, 2.37945860135e-05, 2.51960082096e-05, 1.91764356714e-05, 1.28986212076e-05, 1.31241549752e-05, 1.65831424965e-05, 1.24011066873e-05, 8.31833585835e-06, 6.72474970997e-06, 6.77905973134e-06, 5.84611461818e-06, 4.66158735435e-06, 3.23413223668e-06, 2.58186628344e-06, 3.18680849887e-06, 3.36570292347e-06, 2.97084602607e-06, 2.77109097624e-06, 3.38783524967e-06, 2.66395022663e-06, 2.26968973038e-06, 1.80043753062e-06, 1.46050001604e-06, 1.36590733746e-06, 1.16105525194e-06, 8.88444787961e-07, 8.63303341703e-07, 8.61818591602e-07, 7.56347844799e-07, 7.46824355247e-07, 6.54621317153e-07, 4.82115979139e-07, 4.68385366048e-07, 4.99581915392e-07, 4.73265714618e-07, 4.82844768612e-07, 4.18406102654e-07, 4.0296143311e-07, 3.43313047324e-07, 4.00017910351e-07, 3.46911122051e-07, 3.26532131112e-07, 2.58833949829e-07, 2.21903135866e-07, 1.92282243461e-07, 2.19947111191e-07, 2.23475410621e-07, 1.96573964217e-07, 1.7130201968e-07, 1.46103232623e-07, 1.05842239861e-07, 9.01569947587e-08, 8.23278440976e-08, 6.69755451099e-08, 5.14469284951e-08, 2.47321541025e-08, 1.50162779988e-08, 1.18057599252e-08, 5.19642551211e-09, 2.5284518923e-09, 1.73345438004e-09, 5.71750535805e-10, 2.97930291548e-10, 1.06295951208e-10, 3.93035985702e-11, 8.15152893102e-12],
        "stdev": [0.000265346723609, 0.00217001955025, 0.00432750862092, 0.00536454515532, 0.00703192688525, 0.00556716462597, 0.00347997504286, 0.00182364240754, 0.00105621793773, 0.00162732077297, 0.0010254830122, 0.000675557123031, 0.000556014711037, 0.000607505673543, 0.000454541383078, 0.000426284561399, 0.000276886799838, 0.000411861372413, 0.00032158094109, 0.00069432251621, 0.000390338827856, 0.0004316183622, 0.000236063162447, 0.000310940493364, 0.000481350987684, 0.000250909564784, 0.000342427461874, 0.00020106973534, 0.000361084094038, 0.000406855513575, 0.000234261649894, 0.000245644827373, 0.000319116341416, 0.000122784957057, 0.000234393563005, 0.000140669042594, 0.00012012818479, 0.00012927215721, 0.000213356412132, 0.000226446907618, 0.000163331846124, 0.000290101743303, 0.000327771354932, 0.000229316749028, 0.000546035415027, 0.000314463017276, 0.000224176925258, 0.000424944388214, 0.000215104766539, 0.000245729781454, 0.0001003381185, 8.03022048785e-05, 0.000125751030282, 0.000101292302134, 5.90048184677e-05, 4.76947388961e-05, 4.66484088975e-05, 6.60063305986e-05, 4.40262483608e-05, 2.62828052655e-05, 1.8079761503e-05, 2.3285710995e-05, 3.06337678921e-05, 3.27108173224e-05, 2.43227605097e-05, 1.79075559572e-05, 1.9436738512e-05, 3.6480538256e-05, 1.90203627426e-05, 1.2047025848e-05, 9.10695325729e-06, 9.21503760765e-06, 7.89640034782e-06, 6.16591114522e-06, 4.77712819702e-06, 4.36672826254e-06, 5.22671643921e-06, 6.44745477985e-06, 5.35411709279e-06, 5.70485781282e-06, 9.42575388763e-06, 9.12173982215e-06, 4.65577068098e-06, 3.80882283935e-06, 3.25719247485e-06, 3.24233201354e-06, 3.23042354466e-06, 2.1447015115e-06, 1.9888038878e-06, 2.0019749627e-06, 1.9377823719e-06, 2.05084779736e-06, 1.61887919603e-06, 1.17791535104e-06, 1.20159609196e-06, 1.4817939018e-06, 1.7152218561e-06, 1.95016446014e-06, 2.17496881305e-06, 1.66669178725e-06, 1.55591044404e-06, 1.37615040785e-06, 1.23473148506e-06, 1.37645031373e-06, 1.06691970814e-06, 1.13351336495e-06, 8.73385374689e-07, 1.01128784991e-06, 1.08119604647e-06, 9.23703794342e-07, 8.32049465771e-07, 8.08271920505e-07, 4.76890249956e-07, 4.51381453104e-07, 3.29787468445e-07, 2.30827126302e-07, 1.70718081449e-07, 1.16221933411e-07, 9.01436578715e-08, 8.03276876127e-08, 3.79236411163e-08, 1.93429272599e-08, 1.54752513026e-08, 6.48277653781e-09, 4.21213020019e-09, 1.61084245942e-09, 6.25181073577e-10, 1.10886945459e-10]
    },
    "mfcc": {
        "mean": [-662.653442383, 132.855743408, -13.9914541245, 36.4590339661, 18.6855335236, 8.94005966187, 2.91401028633, 5.87360715866, 2.35735368729, 3.23377490044, -1.69263911247, -6.57965803146, -3.88812446594],
        "cov": [[10577.5068359, -1733.27893066, -889.595581055, 230.420516968, -369.047088623, 430.84664917, 76.0333557129, 243.995269775, 358.769744873, 290.944396973, 190.775695801, 182.664489746, 88.8687362671], [-1733.27893066, 1091.25354004, -23.0815944672, 84.4468002319, 85.9677505493, -85.989402771, 40.9672584534, -30.8529853821, -64.2792358398, -19.2926197052, -29.7223587036, -33.7512016296, -8.92333316803], [-889.595581055, -23.0815944672, 835.068237305, 180.787124634, 160.425674438, 46.7196273804, 34.7633781433, 20.9108753204, -49.8013534546, -89.0115814209, -37.5386734009, -3.93235063553, 37.6322669983], [230.420516968, 84.4468002319, 180.787124634, 704.639465332, 219.7212677, 28.9492759705, 83.809928894, 52.6270141602, 42.0666046143, -34.9600639343, -37.2161560059, 50.9439544678, 40.7428131104], [-369.047088623, 85.9677505493, 160.425674438, 219.7212677, 249.022644043, 31.7366447449, 41.2261924744, 26.3784217834, 12.9486808777, 8.76924037933, -16.702375412, 6.85902070999, 15.1203708649], [430.84664917, -85.989402771, 46.7196273804, 28.9492759705, 31.7366447449, 249.716690063, 140.941116333, 102.674377441, 113.481300354, 69.1990280151, 56.6742019653, 31.5267162323, 10.7722043991], [76.0333557129, 40.9672584534, 34.7633781433, 83.809928894, 41.2261924744, 140.941116333, 246.77885437, 125.325332642, 93.0413513184, 31.687040329, 32.2894973755, 44.0384635925, 26.2910308838], [243.995269775, -30.8529853821, 20.9108753204, 52.6270141602, 26.3784217834, 102.674377441, 125.325332642, 152.28729248, 99.2874755859, 45.8666267395, 30.0266113281, 30.9487075806, 23.7952728271], [358.769744873, -64.2792358398, -49.8013534546, 42.0666046143, 12.9486808777, 113.481300354, 93.0413513184, 99.2874755859, 196.928848267, 101.528205872, 45.8910980225, 43.1923675537, 23.0523376465], [290.944396973, -19.2926197052, -89.0115814209, -34.9600639343, 8.76924037933, 69.1990280151, 31.687040329, 45.8666267395, 101.528205872, 146.354370117, 63.6388015747, 28.8635044098, 4.66039848328], [190.775695801, -29.7223587036, -37.5386734009, -37.2161560059, -16.702375412, 56.6742019653, 32.2894973755, 30.0266113281, 45.8910980225, 63.6388015747, 105.158081055, 40.942111969, 1.26065826416], [182.664489746, -33.7512016296, -3.93235063553, 50.9439544678, 6.85902070999, 31.5267162323, 44.0384635925, 30.9487075806, 43.1923675537, 28.8635044098, 40.942111969, 88.6757583618, 31.7731742859], [88.8687362671, -8.92333316803, 37.6322669983, 40.7428131104, 15.1203708649, 10.7722043991, 26.2910308838, 23.7952728271, 23.0523376465, 4.66039848328, 1.26065826416, 31.7731742859, 81.1267166138]],
        "icov": [[0.000191622253624, 0.000273089011898, 0.000213339779293, -0.000251288060099, 0.000319361832226, -0.000301052903524, 0.000145909449202, -0.000170563929714, 0.000162922908203, -0.000241548608756, 1.17431955005e-05, -1.5424520825e-06, -0.00020143596339], [0.000273089011898, 0.00145573122427, 0.000398384319851, -0.000425707286922, 7.9018973338e-05, 0.000170228260686, -0.000563975481782, 6.33678791928e-05, 0.000577422091737, -0.000656049116515, -7.11464163032e-05, 0.000522410846315, -0.000313066062517], [0.000213339779293, 0.000398384319851, 0.00183565402403, -0.000316684105201, -0.00063663237961, -0.000902981497347, 0.000328173919115, -0.000446870020824, 0.000554687576368, 0.000877434620634, -0.000147680722876, 0.000170650353539, -0.000891628966201], [-0.000251288060099, -0.000425707286922, -0.000316684105201, 0.00261397776194, -0.00228227302432, 0.000558732775971, -0.000349706213456, 9.446254262e-05, -0.00100604374893, 0.00147752265912, 0.000662038626615, -0.0014274015557, 0.000249120843364], [0.000319361832226, 7.9018973338e-05, -0.00063663237961, -0.00228227302432, 0.0071732737124, -0.000959870172665, 4.39667637693e-05, -0.000436116621131, 0.0011567104375, -0.00280814548023, 0.00117296038661, 0.000518654065672, -0.000384199840482], [-0.000301052903524, 0.000170228260686, -0.000902981497347, 0.000558732775971, -0.000959870172665, 0.008504524827, -0.00354731990956, -0.000579688174184, -0.00217477791011, -0.000632067094557, -0.00216901139356, 0.00122348091099, 0.0010648482712], [0.000145909449202, -0.000563975481782, 0.000328173919115, -0.000349706213456, 4.39667637693e-05, -0.00354731990956, 0.00917101930827, -0.00527859386057, -0.000325037399307, 0.00169370591175, 0.000105765342596, -0.0020685326308, -0.000355906173354], [-0.000170563929714, 6.33678791928e-05, -0.000446870020824, 9.446254262e-05, -0.000436116621131, -0.000579688174184, -0.00527859386057, 0.0145553797483, -0.00420171488076, 2.02035062102e-05, -0.000566830334719, 0.000799411151092, -0.00115818216], [0.000162922908203, 0.000577422091737, 0.000554687576368, -0.00100604374893, 0.0011567104375, -0.00217477791011, -0.000325037399307, -0.00420171488076, 0.0122900893912, -0.00673185894266, 0.00162096158601, -0.00136868550908, -0.00105077202898], [-0.000241548608756, -0.000656049116515, 0.000877434620634, 0.00147752265912, -0.00280814548023, -0.000632067094557, 0.00169370591175, 2.02035062102e-05, -0.00673185894266, 0.0154659049585, -0.00594133650884, -6.56739430269e-05, 0.000238356631598], [1.17431955005e-05, -7.11464163032e-05, -0.000147680722876, 0.000662038626615, 0.00117296038661, -0.00216901139356, 0.000105765342596, -0.000566830334719, 0.00162096158601, -0.00594133650884, 0.0167231410742, -0.00700684823096, 0.00228176498786], [-1.5424520825e-06, 0.000522410846315, 0.000170650353539, -0.0014274015557, 0.000518654065672, 0.00122348091099, -0.0020685326308, 0.000799411151092, -0.00136868550908, -6.56739430269e-05, -0.00700684823096, 0.0186237208545, -0.00591877894476], [-0.00020143596339, -0.000313066062517, -0.000891628966201, 0.000249120843364, -0.000384199840482, 0.0010648482712, -0.000355906173354, -0.00115818216, -0.00105077202898, 0.000238356631598, 0.00228176498786, -0.00591877894476, 0.0157538801432]]
    },
    "spectral_contrast_coeffs": {
        "mean": [-0.662723839283, -0.750314116478, -0.768715560436, -0.755235493183, -0.781695902348, -0.760902643204],
        "stdev": [0.077935770154, 0.0760588645935, 0.0704300776124, 0.0619241856039, 0.0426904410124, 0.0469702742994]
    },
    "spectral_contrast_valleys": {
        "mean": [-6.71860313416, -7.2388086319, -7.75192785263, -7.69393014908, -7.68122768402, -10.7888402939],
        "stdev": [1.05570065975, 1.02413797379, 1.1605553627, 1.22681701183, 1.35675406456, 1.32077121735]
    }
},
"rhythm": {
    "beats_count": 424,
    "beats_loudness": {
        "mean": 0.0420621484518,
        "stdev": 0.0241716057062
    },
    "bpm": 128.186477661,
    "bpm_histogram_first_peak_bpm": 129,
    "bpm_histogram_first_peak_weight": 0.367245674133,
    "bpm_histogram_second_peak_bpm": 94,
    "bpm_histogram_second_peak_spread": 0,
    "bpm_histogram_second_peak_weight": 0.0189125295728,
    "danceability": 1.100040555,
    "onset_rate": 3.16661071777,
    "beats_loudness_band_ratio": {
        "mean": [0.525210022926, 0.169147238135, 0.0961509272456, 0.10266456008, 0.112165346742, 0.0401364266872],
        "stdev": [0.275795668364, 0.160776808858, 0.102684602141, 0.103124313056, 0.0938327088952, 0.0343456678092]
    },
    "beats_position": [0.394739210606, 0.801088392735, 1.20743763447, 1.62539684772, 2.04335594177, 2.46131515503, 2.86766433716, 3.34367346764, 3.83129239082, 4.3073015213, 4.77170038223, 5.24770975113, 5.71210861206, 6.17650794983, 6.65251684189, 7.12852573395, 7.59292507172, 8.05732440948, 8.52172279358, 8.98612213135, 9.45052146912, 9.92653083801, 10.4025392532, 10.866938591, 11.3313379288, 11.7957363129, 12.2601356506, 12.7361450195, 13.2121543884, 13.6881628036, 14.1641721725, 14.6285715103, 15.0929698944, 15.5573692322, 16.0217685699, 16.4861679077, 16.9621772766, 17.4381847382, 17.9025840759, 18.3669834137, 18.8313827515, 19.3073921204, 19.7834014893, 20.247800827, 20.7121982574, 21.1765975952, 21.640996933, 22.1053962708, 22.5697956085, 23.0458049774, 23.5218143463, 23.9862117767, 24.4506111145, 24.9150104523, 25.37940979, 25.8438091278, 26.3198184967, 26.7958278656, 27.2602272034, 27.7246246338, 28.1890239716, 28.6534233093, 29.1178226471, 29.593832016, 30.0698413849, 30.5458488464, 31.0218582153, 31.4862575531, 31.9506568909, 32.4150543213, 32.8794555664, 33.3554649353, 33.8314743042, 34.2958717346, 34.7602729797, 35.2246704102, 35.6890678406, 36.1534690857, 36.6178665161, 37.093875885, 37.5698852539, 38.0458946228, 38.5219039917, 38.9863014221, 39.4507026672, 39.9151000977, 40.3911094666, 40.8555107117, 41.3315200806, 41.8075294495, 42.2719268799, 42.7363243103, 43.2123336792, 43.6767349243, 44.1411323547, 44.6171417236, 45.0931510925, 45.5575485229, 46.0219497681, 46.497959137, 46.9623565674, 47.4383659363, 47.9027671814, 48.3671646118, 48.8315620422, 49.3075714111, 49.78358078, 50.2479820251, 50.7123794556, 51.1767807007, 51.6527900696, 52.1287956238, 52.5931968689, 53.0575942993, 53.5219955444, 53.9980049133, 54.4624023438, 54.9268035889, 55.4028091431, 55.8672103882, 56.3316078186, 56.8076171875, 57.2836265564, 57.7480278015, 58.2124252319, 58.6768226624, 59.1412239075, 59.6172332764, 60.0932426453, 60.5576400757, 61.0220413208, 61.4864387512, 61.9508361816, 62.4268455505, 62.8912467957, 63.3672561646, 63.831653595, 64.2960510254, 64.7604522705, 65.2248535156, 65.7008590698, 66.1768722534, 66.6412658691, 67.1172790527, 67.5932846069, 68.0692977905, 68.5336914062, 69.0097045898, 69.474105835, 69.9384994507, 70.3912887573, 70.844078064, 71.3084793091, 71.7844848633, 72.2488861084, 72.7132873535, 73.1892929077, 73.6536941528, 74.1180953979, 74.5941009521, 75.0585021973, 75.5345077515, 75.9989089966, 76.4633102417, 76.9277114868, 77.3921051025, 77.8565063477, 78.3325119019, 78.8085250854, 79.2729263306, 79.7373199463, 80.2017211914, 80.6661224365, 81.1421279907, 81.6181411743, 82.08253479, 82.5469360352, 83.0229492188, 83.4989547729, 83.9633560181, 84.4277572632, 84.8921508789, 85.356552124, 85.8209533691, 86.2853469849, 86.7613601685, 87.2257614136, 87.7017669678, 88.177772522, 88.6537857056, 89.1181869507, 89.5825805664, 90.0469818115, 90.5113830566, 90.9757843018, 91.4401779175, 91.9045791626, 92.3921966553, 92.8565979004, 93.3209991455, 93.7853927612, 94.2730178833, 94.737411499, 95.2018127441, 95.6662139893, 96.1422195435, 96.6182327271, 97.0826263428, 97.5470275879, 98.011428833, 98.4758224487, 98.9518356323, 99.4162368774, 99.8922424316, 100.356643677, 100.809432983, 101.26222229, 101.726615906, 102.202629089, 102.667030334, 103.143035889, 103.607437134, 104.071838379, 104.547843933, 105.023849487, 105.488250732, 105.952651978, 106.417053223, 106.881446838, 107.345848083, 107.810249329, 108.286254883, 108.762268066, 109.226661682, 109.691062927, 110.155464172, 110.619865417, 111.084259033, 111.548660278, 112.013061523, 112.477455139, 112.941856384, 113.406257629, 113.882263184, 114.358276367, 114.834281921, 115.298683167, 115.763084412, 116.239089966, 116.715103149, 117.191108704, 117.655509949, 118.119903564, 118.58430481, 119.048706055, 119.5131073, 119.977500916, 120.441902161, 120.917915344, 121.38230896, 121.846710205, 122.322715759, 122.787117004, 123.263130188, 123.739135742, 124.203536987, 124.667930603, 125.132331848, 125.596733093, 126.061134338, 126.525527954, 127.001541138, 127.477546692, 127.941947937, 128.406341553, 128.870742798, 129.346755981, 129.822769165, 130.28717041, 130.763168335, 131.239181519, 131.703582764, 132.167984009, 132.632385254, 133.09677124, 133.572784424, 134.048797607, 134.513198853, 134.989196777, 135.465209961, 135.929611206, 136.382400513, 136.835189819, 137.299591064, 137.76399231, 138.239990234, 138.704391479, 139.180404663, 139.656417847, 140.13243103, 140.596817017, 141.061218262, 141.525619507, 141.990020752, 142.466033936, 142.94203186, 143.406433105, 143.882446289, 144.358459473, 144.822860718, 145.287246704, 145.751647949, 146.216049194, 146.692062378, 147.144851685, 147.60925293, 148.073654175, 148.5496521, 149.014053345, 149.47845459, 149.954467773, 150.418869019, 150.883255005, 151.359268188, 151.835281372, 152.299682617, 152.764083862, 153.240081787, 153.716094971, 154.180496216, 154.644897461, 155.109298706, 155.573699951, 156.038085938, 156.502487183, 156.966888428, 157.431289673, 157.895690918, 158.360092163, 158.824493408, 159.288879395, 159.764892578, 160.240905762, 160.716918945, 161.19291687, 161.668930054, 162.133331299, 162.609344482, 163.073745728, 163.538131714, 164.014144897, 164.478546143, 164.954559326, 165.418960571, 165.883346558, 166.347747803, 166.812149048, 167.276550293, 167.740951538, 168.216964722, 168.692962646, 169.157363892, 169.621765137, 170.086166382, 170.550567627, 171.014968872, 171.490966797, 171.955368042, 172.431381226, 172.895782471, 173.360183716, 173.824569702, 174.288970947, 174.764984131, 175.240997314, 175.717010498, 176.193008423, 176.657409668, 177.121810913, 177.586212158, 178.050613403, 178.515014648, 178.979400635, 179.44380188, 179.908203125, 180.384216309, 180.860229492, 181.324615479, 181.789016724, 182.253417969, 182.729431152, 183.193832397, 183.669830322, 184.145843506, 184.621856689, 185.086257935, 185.55065918, 186.015060425, 186.479446411, 186.943847656, 187.408248901, 187.884262085, 188.360275269, 188.824661255, 189.2890625, 189.765075684, 190.21786499, 190.682266235, 191.14666748, 191.611068726, 192.063858032, 192.528244019, 192.992645264, 193.503494263, 194.014328003, 194.525161743, 195.163711548, 195.802261353, 196.440811157, 197.079360962, 197.717910767, 198.356460571, 198.995010376, 199.633560181],
    "bpm_histogram": [0, 0, 0, 0, 0, 0, 0, 0, 0, 0, 0, 0, 0, 0, 0, 0, 0, 0, 0, 0, 0, 0, 0, 0, 0, 0, 0, 0, 0, 0, 0, 0, 0, 0, 0, 0, 0, 0, 0, 0, 0, 0, 0, 0, 0, 0, 0, 0, 0, 0, 0, 0, 0, 0, 0, 0, 0, 0, 0, 0, 0, 0, 0, 0, 0, 0, 0, 0, 0, 0, 0, 0, 0, 0, 0, 0, 0, 0, 0, 0, 0, 0, 0, 0, 0, 0, 0, 0, 0, 0, 0, 0, 0, 0, 0.0189125295728, 0, 0, 0, 0, 0, 0, 0, 0, 0, 0, 0, 0, 0, 0, 0, 0, 0, 0, 0, 0, 0, 0, 0.00709219835699, 0, 0, 0, 0, 0, 0.00709219835699, 0, 0, 0.328605204821, 0, 0, 0.60283690691, 0, 0, 0, 0.021276595071, 0, 0, 0, 0, 0, 0, 0, 0, 0, 0, 0.00709219835699, 0, 0, 0, 0.00709219835699, 0, 0, 0, 0, 0, 0, 0, 0, 0, 0, 0, 0, 0, 0, 0, 0, 0, 0, 0, 0, 0, 0, 0, 0, 0, 0, 0, 0, 0, 0, 0, 0, 0, 0, 0, 0, 0, 0, 0, 0, 0, 0, 0, 0, 0, 0, 0, 0, 0, 0, 0, 0, 0, 0, 0, 0, 0, 0, 0, 0, 0, 0, 0, 0, 0, 0, 0, 0, 0, 0, 0, 0, 0, 0, 0, 0, 0, 0, 0, 0, 0, 0, 0, 0, 0, 0, 0, 0, 0, 0, 0, 0, 0, 0, 0, 0, 0, 0, 0, 0, 0]
},
"tonal": {
    "chords_changes_rate": 0.0514842309058,
    "chords_number_rate": 0.00301484228112,
    "chords_strength": {
        "mean": 0.569303691387,
        "stdev": 0.108170814812
    },
    "hpcp_crest": {
        "mean": 13.3184499741,
        "stdev": 6.2004904747
    },
    "hpcp_entropy": {
        "mean": 2.05923104286,
        "stdev": 0.748066604137
    },
    "key_edma": {
        "strength": 0.786756753922,
        "key": "A",
        "scale": "major"
    },
    "key_krumhansl": {
        "strength": 0.793842434883,
        "key": "A",
        "scale": "major"
    },
    "key_temperley": {
        "strength": 0.799246013165,
        "key": "A",
        "scale": "major"
    },
    "tuning_diatonic_strength": 0.679850637913,
    "tuning_equal_tempered_deviation": 0.0894329696894,
    "tuning_frequency": 440.763122559,
    "tuning_nontempered_energy_ratio": 0.749681055546,
    "hpcp": {
        "mean": [0.358965933323, 0.148080766201, 0.0620281249285, 0.0577334798872, 0.0559671521187, 0.0969680920243, 0.149493679404, 0.112171135843, 0.0540189035237, 0.0454213023186, 0.0486431606114, 0.103724695742, 0.174070701003, 0.128631100059, 0.0828758180141, 0.102141752839, 0.0732610523701, 0.054402820766, 0.0595742538571, 0.0588093809783, 0.120719686151, 0.204381421208, 0.150745153427, 0.0622257255018, 0.0423881337047, 0.0330681428313, 0.0643634200096, 0.0888481736183, 0.0663635581732, 0.0920193940401, 0.1078049317, 0.0669309273362, 0.106870315969, 0.201196908951, 0.202814102173, 0.324213922024],
        "stdev": [0.407338052988, 0.228559583426, 0.165611848235, 0.166462212801, 0.151726126671, 0.195591881871, 0.262282550335, 0.217188879848, 0.149270281196, 0.134636580944, 0.13251785934, 0.201456144452, 0.297935694456, 0.218972057104, 0.167930454016, 0.234548404813, 0.18013830483, 0.134863570333, 0.135306939483, 0.133583426476, 0.199701398611, 0.297145038843, 0.237743124366, 0.149986222386, 0.118181757629, 0.101163513958, 0.148321732879, 0.200071528554, 0.152669519186, 0.214850023389, 0.259122848511, 0.161976188421, 0.196280553937, 0.319698572159, 0.285331577063, 0.367774486542]
    },
    "chords_histogram": [30.4035243988, 30.890537262, 8.882188797, 1.32189238071, 1.08998143673, 1.20593690872, 0, 0, 6.42393302917, 0.139146566391, 0.440630793571, 0.139146566391, 0.231910943985, 0.742115020752, 0, 1.11317253113, 0, 0, 0.162337660789, 4.15120601654, 2.64378476143, 2.34230065346, 4.7077922821, 2.96846008301],
    "thpcp": [1, 0.412520378828, 0.172796696424, 0.160832747817, 0.155912160873, 0.270131736994, 0.416456460953, 0.312484055758, 0.150484770536, 0.126533746719, 0.135509133339, 0.288954138756, 0.484922617674, 0.358337908983, 0.230873763561, 0.284544408321, 0.204089149833, 0.151554271579, 0.165960744023, 0.163829982281, 0.336298435926, 0.569361627102, 0.41994279623, 0.17334716022, 0.118083998561, 0.0921205580235, 0.179302304983, 0.247511431575, 0.184874251485, 0.256345748901, 0.300320774317, 0.186454817653, 0.297717154026, 0.560490250587, 0.564995408058, 0.90318852663],
    "chords_key": "C#",
    "chords_scale": "minor"
}
}