{
"metadata": {
    "version": {
        "essentia": "2.1-dev",
        "essentia_git_sha": "v2.1_beta3-415-gd5473f3",
        "extractor": "music 2.0"
    },
    "audio_properties": {
        "analysis": {
            "equal_loudness": 0,
            "length": 166.87020874,
            "sample_rate": 44100,
            "start_time": 0,
            "downmix": "mix"
        },
        "bit_rate": 128000,
        "length": 166.87020874,
        "lossless": 0,
        "number_channels": 2,
        "replay_gain": -6.89616203308,
        "sample_rate": 44100,
        "codec": "mp3",
        "md5_encoded": "3285a2256c1233c5fa394ce318d5bed8"
    },
    "tags": {
        "file_name": "l7-shitlist.mp3",
        "album": ["Natural Born Killers"],
        "artist": ["L7"],
        "genre": ["Soundtrack"],
        "title": ["Shit List"]
    }
},
"lowlevel": {
    "average_loudness": 0.968009829521,
    "barkbands_crest": {
        "mean": 8.74028205872,
        "stdev": 3.28079843521
    },
    "barkbands_flatness_db": {
        "mean": 0.10686866194,
        "stdev": 0.0283653177321
    },
    "barkbands_kurtosis": {
        "mean": 0.617013216019,
        "stdev": 2.41488099098
    },
    "barkbands_skewness": {
        "mean": 1.18864130974,
        "stdev": 0.735999584198
    },
    "barkbands_spread": {
        "mean": 37.7588577271,
        "stdev": 10.9733953476
    },
    "dissonance": {
        "mean": 0.484912872314,
        "stdev": 0.0111592179164
    },
    "dynamic_complexity": 1.19152736664,
    "erbbands_crest": {
        "mean": 6.79170513153,
        "stdev": 2.95468068123
    },
    "erbbands_flatness_db": {
        "mean": 0.134740367532,
        "stdev": 0.0277009382844
    },
    "erbbands_kurtosis": {
        "mean": 0.037588454783,
        "stdev": 1.06423807144
    },
    "erbbands_skewness": {
        "mean": -0.606064379215,
        "stdev": 0.479821771383
    },
    "erbbands_spread": {
        "mean": 47.8148956299,
        "stdev": 15.1706008911
    },
    "hfc": {
        "mean": 32.4782180786,
        "stdev": 13.1642818451
    },
    "loudness_ebu128": {
        "integrated": -14.7013320923,
        "loudness_range": 1.56798744202,
        "momentary": {
            "mean": -14.9531259537,
            "stdev": 1.83400464058
        },
        "short_term": {
            "mean": -14.7476654053,
            "stdev": 0.766160070896
        }
    },
    "melbands_crest": {
        "mean": 16.0188922882,
        "stdev": 4.53978681564
    },
    "melbands_flatness_db": {
        "mean": 0.159454092383,
        "stdev": 0.0371459871531
    },
    "melbands_kurtosis": {
        "mean": 11.1257839203,
        "stdev": 11.0716180801
    },
    "melbands_skewness": {
        "mean": 3.00223660469,
        "stdev": 1.29674446583
    },
    "melbands_spread": {
        "mean": 33.3868789673,
        "stdev": 15.8657522202
    },
    "pitch_salience": {
        "mean": 0.538026928902,
        "stdev": 0.101232647896
    },
    "silence_rate_20dB": {
        "mean": 1,
        "stdev": 0
    },
    "silence_rate_30dB": {
        "mean": 1,
        "stdev": 0
    },
    "silence_rate_60dB": {
        "mean": 0.0143294380978,
        "stdev": 0.118847690523
    },
    "spectral_centroid": {
        "mean": 2174.62646484,
        "stdev": 463.400482178
    },
    "spectral_complexity": {
        "mean": 34.6769599915,
        "stdev": 8.21567249298
    },
    "spectral_decrease": {
        "mean": -8.40377456512e-09,
        "stdev": 3.6442198148e-09
    },
    "spectral_energy": {
        "mean": 0.0346636287868,
        "stdev": 0.0142529904842
    },
    "spectral_energyband_high": {
        "mean": 0.00211722077802,
        "stdev": 0.00128049275372
    },
    "spectral_energyband_low": {
        "mean": 0.016576776281,
        "stdev": 0.0128068970516
    },
    "spectral_energyband_middle_high": {
        "mean": 0.00728251226246,
        "stdev": 0.00451438920572
    },
    "spectral_energyband_middle_low": {
        "mean": 0.0112697500736,
        "stdev": 0.00830873660743
    },
    "spectral_entropy": {
        "mean": 7.88662815094,
        "stdev": 0.196277871728
    },
    "spectral_flux": {
        "mean": 0.0931907892227,
        "stdev": 0.0355733297765
    },
    "spectral_kurtosis": {
        "mean": 2.66478490829,
        "stdev": 1.20867407322
    },
    "spectral_rms": {
        "mean": 0.00568158738315,
        "stdev": 0.00124010432046
    },
    "spectral_rolloff": {
        "mean": 2248.65771484,
        "stdev": 1211.73706055
    },
    "spectral_skewness": {
        "mean": 1.00475215912,
        "stdev": 0.290750831366
    },
    "spectral_spread": {
        "mean": 4385225.5,
        "stdev": 926278.875
    },
    "spectral_strongpeak": {
        "mean": 0.642685294151,
        "stdev": 0.904984354973
    },
    "zerocrossingrate": {
        "mean": 0.0777557343245,
        "stdev": 0.0232380628586
    },
    "barkbands": {
        "mean": [0.000114657574159, 0.00677792774513, 0.00718460325152, 0.00432771863416, 0.00342487753369, 0.000844397756737, 0.0010083746165, 0.000331104616635, 0.00113990833052, 0.000513483711984, 0.000582118344028, 0.000779309310019, 0.0004215981171, 0.000709372514393, 0.00073264434468, 0.000930780486669, 0.00054628867656, 0.000626666005701, 0.000967989384662, 0.00120588799473, 0.000592727272306, 0.000305670168018, 0.000262816436589, 0.000193133309949, 0.000101250669104, 3.7089765101e-05, 1.2531778566e-06],
        "stdev": [8.60335494508e-05, 0.00721857044846, 0.00673876842484, 0.00486513227224, 0.00505261495709, 0.000934738665819, 0.00160806090571, 0.000559542677365, 0.00214343750849, 0.00104763929266, 0.00162782054394, 0.00205364148133, 0.00057508336613, 0.000768968602642, 0.00109472381882, 0.00107368070167, 0.000564604182728, 0.000559168343898, 0.000666730920784, 0.000859258172568, 0.000406439736253, 0.000315889279591, 0.000231778307352, 0.000229841505643, 0.00013701505668, 6.44278989057e-05, 3.34156334247e-06]
    },
    "erbbands": {
        "mean": [0.0854374021292, 1.92011523247, 7.91579866409, 12.570766449, 12.2933263779, 12.5280838013, 6.99605226517, 7.26744365692, 13.1215667725, 10.9315128326, 11.8593568802, 19.2461128235, 24.6566047668, 21.2861404419, 24.5769329071, 27.3600025177, 18.3576259613, 36.5473175049, 29.8418102264, 43.1147499084, 52.4981956482, 33.1303520203, 30.8243961334, 44.6955184937, 54.4590072632, 54.6439971924, 39.0462417603, 13.6954689026, 11.2628631592, 9.21515274048, 7.17033290863, 4.60142660141, 2.95973658562, 1.42775988579, 0.565300166607, 0.214552626014, 0.0573790557683, 0.00817700941116, 0.000201139249839, 5.08441517013e-05],
        "stdev": [0.0893686190248, 2.04338884354, 7.70984363556, 10.8500108719, 16.2731113434, 24.1027412415, 7.0916056633, 8.69847583771, 22.5124092102, 15.9820098877, 19.2767448425, 32.8088417053, 62.2769966125, 50.1856498718, 55.902381897, 66.5563964844, 22.7099094391, 37.583190918, 34.3359336853, 52.5136947632, 61.3118171692, 31.2308330536, 26.3538341522, 34.9928855896, 34.2280845642, 37.5802993774, 26.7140922546, 11.0040636063, 12.1622753143, 8.91571235657, 6.40673208237, 5.53541564941, 3.57019352913, 1.90452444553, 0.77044826746, 0.345621675253, 0.104208141565, 0.0169574711472, 0.000366259570001, 2.28099106607e-05]
    },
    "gfcc": {
        "mean": [48.3960723877, 74.3947601318, -126.008605957, 66.0108413696, -53.0192146301, 18.6652183533, -38.4956245422, 10.3634338379, -28.6840648651, 1.77591860294, -18.2125988007, -10.7674636841, -13.0570812225],
        "cov": [[1799.66394043, -281.531555176, 266.94430542, -44.261806488, 165.106872559, 292.290557861, 63.2802658081, 182.867752075, -45.9275741577, 16.9721183777, -148.889953613, 117.583473206, -76.8760528564], [-281.531555176, 397.034515381, -215.545303345, 26.9527206421, -34.4222183228, -89.1999206543, 28.1182746887, -59.0146255493, 28.5514125824, -56.4252433777, 62.5457000732, -78.2038574219, 63.028793335], [266.94430542, -215.545303345, 378.823425293, 8.71209812164, 145.188095093, 108.191673279, 6.11662912369, 109.405639648, -15.5166730881, 67.3712234497, -60.8674430847, 61.8029136658, -71.9594573975], [-44.261806488, 26.9527206421, 8.71209812164, 202.132446289, -48.5343894958, -49.0776939392, -34.3892059326, -46.5074691772, 34.1319274902, 20.9482593536, 57.6173400879, -35.1832618713, 8.71664047241], [165.106872559, -34.4222183228, 145.188095093, -48.5343894958, 253.491073608, 134.948883057, 70.7190246582, 114.372032166, -9.70743179321, 25.1483020782, -43.9221839905, 50.0579566956, -28.8152313232], [292.290557861, -89.1999206543, 108.191673279, -49.0776939392, 134.948883057, 239.934188843, 78.5511245728, 100.257797241, 5.21529531479, 7.43853330612, -41.0943412781, 46.9855957031, -19.5814170837], [63.2802658081, 28.1182746887, 6.11662912369, -34.3892059326, 70.7190246582, 78.5511245728, 88.3937072754, 60.0255851746, 7.39438724518, -4.12661361694, -17.1053924561, 11.4028091431, 4.17644500732], [182.867752075, -59.0146255493, 109.405639648, -46.5074691772, 114.372032166, 100.257797241, 60.0255851746, 156.274963379, 36.4404182434, 13.9938983917, -49.6553726196, 28.3181495667, -20.5904655457], [-45.9275741577, 28.5514125824, -15.5166730881, 34.1319274902, -9.70743179321, 5.21529531479, 7.39438724518, 36.4404182434, 76.4653778076, 22.8188705444, 13.3504037857, -19.4423751831, -5.15074157715], [16.9721183777, -56.4252433777, 67.3712234497, 20.9482593536, 25.1483020782, 7.43853330612, -4.12661361694, 13.9938983917, 22.8188705444, 82.9379501343, 24.4511165619, 11.8334646225, -27.9073791504], [-148.889953613, 62.5457000732, -60.8674430847, 57.6173400879, -43.9221839905, -41.0943412781, -17.1053924561, -49.6553726196, 13.3504037857, 24.4511165619, 81.6798934937, -9.49962711334, 12.2481336594], [117.583473206, -78.2038574219, 61.8029136658, -35.1832618713, 50.0579566956, 46.9855957031, 11.4028091431, 28.3181495667, -19.4423751831, 11.8334646225, -9.49962711334, 64.6415405273, -0.316168665886], [-76.8760528564, 63.028793335, -71.9594573975, 8.71664047241, -28.8152313232, -19.5814170837, 4.17644500732, -20.5904655457, -5.15074157715, -27.9073791504, 12.2481336594, -0.316168665886, 63.8200073242]],
        "icov": [[0.00104580575135, -0.000678951852024, 0.000695452676155, -0.00140544224996, 0.000961513142101, -0.00129586027469, 0.000730571802706, -0.00140591419768, 0.00189578626305, -0.00126473570708, 0.00267698988318, -0.00226669711992, 0.00151648907922], [-0.000678951852024, 0.0082080475986, -0.000411566550611, 0.00315132201649, -0.00456937449053, 0.00344288744964, -0.00455012824386, 0.00344908586703, -0.00530910538509, 0.00644882069901, -0.00879785511643, 0.00950538273901, -0.00528778368607], [0.000695452676155, -0.000411566550611, 0.00855527073145, -0.00496137933806, -7.92969221948e-05, -0.00198354199529, 0.0037012018729, -0.00560722779483, 0.00661402707919, -0.00620845844969, 0.00717126065865, -0.00513062858954, 0.00528977112845], [-0.00140544224996, 0.00315132201649, -0.00496137933806, 0.0119264246896, -0.00293709849939, 0.00262708263472, -0.00134613586124, 0.00594219565392, -0.00898981466889, 0.00539606204256, -0.011998610571, 0.0101160295308, -0.00655620777979], [0.000961513142101, -0.00456937449053, -7.92969221948e-05, -0.00293709849939, 0.0112933050841, -0.00403400976211, -0.000356519245543, -0.00649018771946, 0.00745372194797, -0.00574562046677, 0.00622524786741, -0.00747584924102, 0.00463069882244], [-0.00129586027469, 0.00344288744964, -0.00198354199529, 0.00262708263472, -0.00403400976211, 0.0105791930109, -0.00736691569909, 0.00249491189606, -0.0055718915537, 0.00516201648861, -0.00529349409044, 0.00208095670678, -0.00201111985371], [0.000730571802706, -0.00455012824386, 0.0037012018729, -0.00134613586124, -0.000356519245543, -0.00736691569909, 0.0250322148204, -0.00930787995458, 0.00603652559221, -0.00486241001636, 0.00436465721577, -0.00246427371167, 0.000179460723302], [-0.00140591419768, 0.00344908586703, -0.00560722779483, 0.00594219565392, -0.00649018771946, 0.00249491189606, -0.00930787995458, 0.0243381075561, -0.0190938580781, 0.00651737069711, -0.000841022410896, 0.00243633473292, -0.00445488793775], [0.00189578626305, -0.00530910538509, 0.00661402707919, -0.00898981466889, 0.00745372194797, -0.0055718915537, 0.00603652559221, -0.0190938580781, 0.0346040278673, -0.0147276213393, 0.00731626618654, -0.0013005604269, 0.00625489884987], [-0.00126473570708, 0.00644882069901, -0.00620845844969, 0.00539606204256, -0.00574562046677, 0.00516201648861, -0.00486241001636, 0.00651737069711, -0.0147276213393, 0.0298533961177, -0.0193892065436, 0.00493778986856, 0.00139225972816], [0.00267698988318, -0.00879785511643, 0.00717126065865, -0.011998610571, 0.00622524786741, -0.00529349409044, 0.00436465721577, -0.000841022410896, 0.00731626618654, -0.0193892065436, 0.0402165651321, -0.0185825247318, 0.0065693105571], [-0.00226669711992, 0.00950538273901, -0.00513062858954, 0.0101160295308, -0.00747584924102, 0.00208095670678, -0.00246427371167, 0.00243633473292, -0.0013005604269, 0.00493778986856, -0.0185825247318, 0.0410475730896, -0.0152503037825], [0.00151648907922, -0.00528778368607, 0.00528977112845, -0.00655620777979, 0.00463069882244, -0.00201111985371, 0.000179460723302, -0.00445488793775, 0.00625489884987, 0.00139225972816, 0.0065693105571, -0.0152503037825, 0.0293799098581]]
    },
    "melbands": {
        "mean": [0.00131954497192, 0.00374631746672, 0.00220431783237, 0.000884956854861, 0.000305204128381, 0.000167077640072, 0.000206954966416, 0.000104779537651, 0.000113443034934, 0.000134383270051, 0.000121526427392, 8.2178710727e-05, 7.91432976257e-05, 9.99246694846e-05, 4.0744580474e-05, 4.61536219518e-05, 7.16015492799e-05, 4.25956241088e-05, 6.54814648442e-05, 5.42002489965e-05, 6.10714414506e-05, 3.32152922056e-05, 2.53506659647e-05, 3.25249820889e-05, 3.59680670954e-05, 3.86378305848e-05, 4.1601335397e-05, 3.54590592906e-05, 2.88813771476e-05, 1.26715503939e-05, 6.40827238385e-06, 6.39763993604e-06, 5.78410390517e-06, 4.94051391797e-06, 4.35145148003e-06, 3.28876171807e-06, 2.60971046373e-06, 2.13243720282e-06, 1.615891847e-06, 1.07797450255e-06],
        "stdev": [0.00135727704037, 0.00351759791374, 0.00195659999736, 0.00132910104003, 0.00036761930096, 0.000200455368031, 0.000329768488882, 0.000145695812535, 0.000199882531888, 0.000251858931733, 0.000308081129333, 0.000195680506295, 0.000193409112399, 0.000288565002847, 8.83700486156e-05, 5.15338433615e-05, 8.05815579952e-05, 5.15844767506e-05, 0.00010371778626, 6.40527214273e-05, 7.66118319007e-05, 3.49677320628e-05, 2.63094007096e-05, 3.00887149933e-05, 3.09207352984e-05, 2.7528980354e-05, 3.08599701384e-05, 2.65337257588e-05, 2.13242419704e-05, 9.49379227677e-06, 6.18171679889e-06, 7.59727663535e-06, 6.35933793092e-06, 4.77951562061e-06, 3.92181209463e-06, 3.41969575857e-06, 3.57272483598e-06, 2.55979330177e-06, 2.18905142901e-06, 1.50120501985e-06]
    },
    "melbands128": {
        "mean": [6.20036225882e-05, 0.000361692829756, 0.00147414626554, 0.00380326574668, 0.00426426995546, 0.00337237142958, 0.00268544466235, 0.00193934328854, 0.00115693127736, 0.00078492006287, 0.000897910329513, 0.000360791833373, 0.000204627853236, 0.000194978449144, 0.000146985272295, 0.000160623036209, 0.000204719370231, 0.000211260165088, 0.000253034988418, 9.72635534708e-05, 5.5867152696e-05, 6.49042776786e-05, 0.000113148023956, 0.000200059177587, 8.83856919245e-05, 0.000110850691271, 0.000239575339947, 9.26975044422e-05, 6.9041037932e-05, 6.33601885056e-05, 8.84538167156e-05, 0.000120170283481, 6.04600681982e-05, 5.4346237448e-05, 0.000128442334244, 0.000117447059893, 4.47256607004e-05, 4.36727023043e-05, 3.06617148453e-05, 3.0352272006e-05, 5.42080088053e-05, 5.9303783928e-05, 7.86643431638e-05, 7.88851539255e-05, 4.65273224108e-05, 3.17629164783e-05, 3.69333247363e-05, 8.24369126349e-05, 7.15275527909e-05, 4.29545143561e-05, 4.95218700962e-05, 6.26980763627e-05, 8.3996084868e-05, 5.11067628395e-05, 2.95673453365e-05, 3.20125436701e-05, 3.73448892788e-05, 2.68594085355e-05, 1.98091547645e-05, 2.36405030591e-05, 3.28821115545e-05, 4.17219162046e-05, 3.27384514094e-05, 3.30670918629e-05, 4.29045321653e-05, 3.78437944164e-05, 3.73639486497e-05, 3.99378805014e-05, 4.93647858093e-05, 3.35407930834e-05, 3.28739733959e-05, 4.01008073823e-05, 3.14523131237e-05, 3.01561394735e-05, 2.0948891688e-05, 1.39428730108e-05, 8.80666721059e-06, 5.90397939959e-06, 6.25783195574e-06, 6.59777833789e-06, 6.37678385829e-06, 6.47387196295e-06, 6.14358395978e-06, 6.19413822278e-06, 4.76414197692e-06, 5.03481578562e-06, 4.92461504109e-06, 5.00931218994e-06, 4.33259538113e-06, 3.9175256461e-06, 3.62356763617e-06, 3.02436114907e-06, 2.89681179311e-06, 2.80729341284e-06, 2.30127693612e-06, 1.99504438569e-06, 2.21029813474e-06, 2.19648723032e-06, 1.56335306656e-06, 1.4221186575e-06, 1.18354955703e-06, 1.06895083718e-06, 8.78181822372e-07, 7.26239534288e-07, 5.82010670769e-07, 5.37087828434e-07, 5.08547998379e-07, 4.39199283164e-07, 3.6275690718e-07, 3.06125286897e-07, 2.23047251779e-07, 1.93127249304e-07, 1.7757166404e-07, 1.4684138705e-07, 1.3153427858e-07, 8.5600312616e-08, 4.91285732096e-08, 4.922135588e-09, 5.47694355146e-12, 5.26121117159e-12, 5.12181139514e-12, 5.00880673743e-12, 4.89382189287e-12, 4.79926601932e-12, 4.73059612316e-12, 4.68153597485e-12, 4.6428594476e-12, 4.60694806956e-12],
        "stdev": [6.27868721494e-05, 0.000499274232425, 0.00178618344944, 0.00434658490121, 0.00468878960237, 0.00300026475452, 0.00247344840318, 0.00264174607582, 0.00187668914441, 0.00167244474869, 0.00225564744323, 0.000526613672264, 0.000248546799412, 0.000278260587947, 0.000228608681937, 0.00025991248549, 0.000531122088432, 0.0004136961943, 0.000517273845617, 0.000159892835654, 8.62508604769e-05, 0.000150102627231, 0.000271186814643, 0.000431589345681, 0.000245524861384, 0.000325443746988, 0.000837384606712, 0.000279496074654, 0.000196546199732, 0.000170851955772, 0.000328142428771, 0.000409509724705, 0.000235393352341, 0.000228994555073, 0.000472751795314, 0.000438983697677, 0.000140767413541, 0.000135098147439, 9.51202455326e-05, 4.89000594825e-05, 9.31396862143e-05, 7.48717066017e-05, 9.88418396446e-05, 0.00015750649618, 6.33885283605e-05, 6.55501062283e-05, 9.40861791605e-05, 0.000178929971298, 0.000144317134982, 7.89186087786e-05, 8.15178500488e-05, 0.000113107824291, 0.000144926845678, 8.68064889801e-05, 5.17654771102e-05, 4.55120170955e-05, 5.40775399713e-05, 4.55743465864e-05, 2.45817118412e-05, 3.50891968992e-05, 4.07718907809e-05, 5.70856718696e-05, 4.78351903439e-05, 4.12502340623e-05, 5.40700057172e-05, 3.74418486899e-05, 3.44905238308e-05, 3.61368001904e-05, 5.25298200955e-05, 3.40709775628e-05, 2.97898695862e-05, 4.38391907664e-05, 3.03564447677e-05, 3.00049250654e-05, 2.11662409129e-05, 1.29328636831e-05, 1.1100492884e-05, 7.52541563998e-06, 7.12477140041e-06, 7.39810184314e-06, 9.25891163206e-06, 1.05123526737e-05, 7.63054777053e-06, 7.98778728495e-06, 6.10013739788e-06, 5.68868472328e-06, 5.28859936821e-06, 5.13325858265e-06, 4.47942375104e-06, 4.26304268331e-06, 3.85347857446e-06, 3.94614653487e-06, 3.83213773603e-06, 4.90098909722e-06, 3.20479148286e-06, 2.5357303457e-06, 2.89735612569e-06, 3.22350138049e-06, 2.26042266149e-06, 2.21209825213e-06, 1.72877116711e-06, 1.62988726515e-06, 1.24111159039e-06, 1.16703290587e-06, 8.6237088226e-07, 8.0992333551e-07, 7.88737224866e-07, 7.50157994389e-07, 6.49565208732e-07, 5.97757548348e-07, 4.17545777509e-07, 3.62139019217e-07, 3.54147147164e-07, 3.00729936953e-07, 2.87110793806e-07, 1.9388816952e-07, 1.27791082605e-07, 1.79623942387e-08, 7.43981612428e-12, 7.19425734264e-12, 6.99950514216e-12, 6.83169710039e-12, 6.68589185751e-12, 6.56415373446e-12, 6.45976154512e-12, 6.37955573785e-12, 6.32140216908e-12, 6.28360384558e-12]
    },
    "mfcc": {
        "mean": [-583.776367188, 87.8379211426, -4.16048431396, 43.7803344727, 11.5694770813, 10.8994131088, 7.07597637177, 1.91101050377, -0.852556467056, 10.3205356598, -4.5649895668, -2.95757031441, -1.28525161743],
        "cov": [[1240.32043457, -133.252944946, 103.098617554, -100.295814514, 75.9530258179, 96.3204421997, 84.6978607178, 150.221755981, 99.0922470093, 18.1774768829, 12.3432159424, -11.2772665024, -16.8283233643], [-133.252944946, 305.549224854, -136.020217896, -9.87426662445, -5.98937320709, -23.3215084076, 35.3758163452, 24.7603969574, 14.9127864838, 16.6979293823, -12.8989028931, -23.5537166595, 4.54493951797], [103.098617554, -136.020217896, 213.163040161, 25.326385498, 50.4003295898, 22.9887542725, -1.88377904892, -1.04985833168, 10.1339683533, 5.62458515167, 36.5827217102, 20.7773017883, -17.0988693237], [-100.295814514, -9.87426662445, 25.326385498, 186.033630371, -8.43556499481, -32.1987495422, -45.2336883545, -76.521194458, -47.8028869629, -2.06806707382, -0.300874441862, 25.480430603, 7.28314971924], [75.9530258179, -5.98937320709, 50.4003295898, -8.43556499481, 155.755233765, 42.8675117493, 65.114692688, 69.2758102417, 54.2148628235, 30.7763671875, 41.6260261536, 11.1161003113, 0.314256519079], [96.3204421997, -23.3215084076, 22.9887542725, -32.1987495422, 42.8675117493, 99.4799957275, 53.1523323059, 27.4951190948, 14.1905603409, 1.93367338181, 13.6450767517, 6.9633975029, 11.0490646362], [84.6978607178, 35.3758163452, -1.88377904892, -45.2336883545, 65.114692688, 53.1523323059, 114.262046814, 74.1262969971, 45.58801651, 14.6288118362, 10.7896442413, -6.65826654434, 6.06286430359], [150.221755981, 24.7603969574, -1.04985833168, -76.521194458, 69.2758102417, 27.4951190948, 74.1262969971, 142.289627075, 87.2008132935, 31.7772254944, 16.5604858398, -13.2502326965, -7.92689418793], [99.0922470093, 14.9127864838, 10.1339683533, -47.8028869629, 54.2148628235, 14.1905603409, 45.58801651, 87.2008132935, 104.017745972, 45.1198158264, 20.5073986053, -8.38374614716, -6.30065917969], [18.1774768829, 16.6979293823, 5.62458515167, -2.06806707382, 30.7763671875, 1.93367338181, 14.6288118362, 31.7772254944, 45.1198158264, 73.2937011719, 39.0926818848, 10.8254976273, -1.03081870079], [12.3432159424, -12.8989028931, 36.5827217102, -0.300874441862, 41.6260261536, 13.6450767517, 10.7896442413, 16.5604858398, 20.5073986053, 39.0926818848, 72.1257858276, 32.037940979, 1.79538953304], [-11.2772665024, -23.5537166595, 20.7773017883, 25.480430603, 11.1161003113, 6.9633975029, -6.65826654434, -13.2502326965, -8.38374614716, 10.8254976273, 32.037940979, 59.1936264038, 24.2031764984], [-16.8283233643, 4.54493951797, -17.0988693237, 7.28314971924, 0.314256519079, 11.0490646362, 6.06286430359, -7.92689418793, -6.30065917969, -1.03081870079, 1.79538953304, 24.2031764984, 52.331287384]],
        "icov": [[0.00105797941796, 0.000388116488466, -0.000278521707514, 2.66885053861e-05, 0.000236054635025, -0.000719213625416, 3.77300275431e-05, -0.00105085398536, -0.00025509041734, 2.37548229052e-05, 0.000340991187841, -4.63113356091e-05, 0.000178151269211], [0.000388116488466, 0.00532287545502, 0.00315341446549, -0.000576713413466, -8.25158786029e-05, 0.00125856068917, -0.00223516789265, -0.000237112413743, -4.79603622807e-05, -0.000836400315166, -0.000655150564853, 0.00135418551508, 0.000104862323496], [-0.000278521707514, 0.00315341446549, 0.00831576064229, -0.00120756065007, -0.00180157448631, -0.000471526756883, -0.000214874278754, 0.00122284376994, -0.00145494646858, 0.0015610990813, -0.00290319765918, -0.00076220423216, 0.00314993667416], [2.66885053861e-05, -0.000576713413466, -0.00120756065007, 0.00836358312517, -0.00233560008928, 0.00216013356112, 0.000375761126634, 0.00396837666631, 0.00174684636295, -0.00249945698306, 0.00275392620824, -0.00312354159541, 0.00012687225535], [0.000236054635025, -8.25158786029e-05, -0.00180157448631, -0.00233560008928, 0.0120957046747, -0.00202143192291, -0.00360919488594, -0.00345989619382, -0.00211030431092, 0.000845273432788, -0.00449892692268, 0.000522334768903, -0.000256961793639], [-0.000719213625416, 0.00125856068917, -0.000471526756883, 0.00216013356112, -0.00202143192291, 0.0162937641144, -0.00735184922814, 0.00229997374117, 0.00142017449252, 0.000716610404197, -0.0012893283274, -0.000418731302489, -0.00260022026487], [3.77300275431e-05, -0.00223516789265, -0.000214874278754, 0.000375761126634, -0.00360919488594, -0.00735184922814, 0.0193702187389, -0.00650847703218, -5.33121819899e-05, 0.000506687676534, 0.000799821864348, 0.00174570293166, -0.00240361155011], [-0.00105085398536, -0.000237112413743, 0.00122284376994, 0.00396837666631, -0.00345989619382, 0.00229997374117, -0.00650847703218, 0.0219118762761, -0.0115156546235, 0.000638586468995, 0.000151178610395, -0.000528957345523, 0.00200380058959], [-0.00025509041734, -4.79603622807e-05, -0.00145494646858, 0.00174684636295, -0.00211030431092, 0.00142017449252, -5.33121819899e-05, -0.0115156546235, 0.0260783527046, -0.0114825563505, 0.00214258069173, 0.00242066616192, -0.00110113911796], [2.37548229052e-05, -0.000836400315166, 0.0015610990813, -0.00249945698306, 0.000845273432788, 0.000716610404197, 0.000506687676534, 0.000638586468995, -0.0114825563505, 0.0270929094404, -0.0136507702991, 0.000966993742622, -7.85488464317e-06], [0.000340991187841, -0.000655150564853, -0.00290319765918, 0.00275392620824, -0.00449892692268, -0.0012893283274, 0.000799821864348, 0.000151178610395, 0.00214258069173, -0.0136507702991, 0.0314380228519, -0.0155744701624, 0.00517782988027], [-4.63113356091e-05, 0.00135418551508, -0.00076220423216, -0.00312354159541, 0.000522334768903, -0.000418731302489, 0.00174570293166, -0.000528957345523, 0.00242066616192, 0.000966993742622, -0.0155744701624, 0.0337577201426, -0.0149120241404], [0.000178151269211, 0.000104862323496, 0.00314993667416, 0.00012687225535, -0.000256961793639, -0.00260022026487, -0.00240361155011, 0.00200380058959, -0.00110113911796, -7.85488464317e-06, 0.00517782988027, -0.0149120241404, 0.0278877392411]]
    },
    "spectral_contrast_coeffs": {
        "mean": [-0.696255922318, -0.779240071774, -0.781649768353, -0.791391432285, -0.780890583992, -0.748543739319],
        "stdev": [0.0665376186371, 0.0601588152349, 0.0710154697299, 0.0408532582223, 0.0296223647892, 0.0312272123992]
    },
    "spectral_contrast_valleys": {
        "mean": [-6.23995542526, -6.64576148987, -7.21964836121, -6.90444517136, -6.49762439728, -9.48179912567],
        "stdev": [0.6574447155, 0.538689613342, 0.55927503109, 0.518759250641, 0.492626905441, 0.7024949193]
    }
},
"rhythm": {
    "beats_count": 346,
    "beats_loudness": {
        "mean": 0.0415087789297,
        "stdev": 0.013999001123
    },
    "bpm": 130.02116394,
    "bpm_histogram_first_peak_bpm": 129,
    "bpm_histogram_first_peak_weight": 0.454225361347,
    "bpm_histogram_second_peak_bpm": 136,
    "bpm_histogram_second_peak_spread": 0,
    "bpm_histogram_second_peak_weight": 0.0347826071084,
    "danceability": 1.20134699345,
    "onset_rate": 2.81037211418,
    "beats_loudness_band_ratio": {
        "mean": [0.577443897724, 0.116676487029, 0.0771635770798, 0.0676484107971, 0.0863067507744, 0.111743174493],
        "stdev": [0.196999013424, 0.123977720737, 0.0808274894953, 0.0748635828495, 0.0536977835, 0.0659163445234]
    },
    "beats_position": [0.49922901392, 0.99845802784, 1.48607707024, 1.97369611263, 2.43809509277, 2.90249419212, 3.35528349876, 3.80807256699, 4.27247142792, 4.72526073456, 5.16644001007, 5.61922883987, 6.07201814651, 6.52480697632, 6.97759628296, 7.4303855896, 7.8831744194, 8.33596324921, 8.78875255585, 9.24154186249, 9.70594120026, 10.1703395844, 10.6347389221, 11.0875282288, 11.5403175354, 11.9931058884, 12.445895195, 12.9102945328, 13.3630838394, 13.8158731461, 14.2802715302, 14.7330608368, 15.1858501434, 15.6502494812, 16.114648819, 16.5906581879, 17.0666656494, 17.5310649872, 17.995464325, 18.4598636627, 18.9242630005, 19.3886623383, 19.853061676, 20.3058490753, 20.758638382, 21.2230377197, 21.6874370575, 22.1518363953, 22.6046257019, 23.0690250397, 23.5450344086, 23.9978218079, 24.4506111145, 24.9150104523, 25.37940979, 25.8438091278, 26.3082084656, 26.7609977722, 27.2137870789, 27.6781845093, 28.1309738159, 28.5837631226, 29.0481624603, 29.5125617981, 29.9769611359, 30.4413604736, 30.9057598114, 31.3701572418, 31.8345565796, 32.2989578247, 32.7633552551, 33.2277526855, 33.6921539307, 34.1449432373, 34.6093406677, 35.0621299744, 35.5265312195, 35.9793205261, 36.4437179565, 36.8965072632, 37.3376846313, 37.790473938, 38.2548751831, 38.7192726135, 39.1952819824, 39.6596832275, 40.124080658, 40.5884780884, 41.0528793335, 41.5172767639, 41.981678009, 42.4460754395, 42.9104766846, 43.374874115, 43.8392753601, 44.2920608521, 44.7448501587, 45.2092514038, 45.6736488342, 46.1496582031, 46.6140594482, 47.0900688171, 47.5544662476, 48.018863678, 48.4832649231, 48.9476623535, 49.4004516602, 49.8532409668, 50.3060302734, 50.7588195801, 51.2232208252, 51.6876182556, 52.1404075623, 52.6048049927, 53.0692062378, 53.5336036682, 53.9863929749, 54.45079422, 54.9151916504, 55.367980957, 55.8207702637, 56.2735595703, 56.726348877, 57.1907463074, 57.6667556763, 58.1427650452, 58.6071662903, 59.0483436584, 59.4895210266, 59.9423103333, 60.3950996399, 60.859500885, 61.3238983154, 61.7999076843, 62.2643089294, 62.7170982361, 63.1814956665, 63.6458930969, 64.1102905273, 64.5863037109, 65.0623092651, 65.5267105103, 65.9794998169, 66.4322891235, 66.9082946777, 67.3726959229, 67.837097168, 68.3131027222, 68.7775039673, 69.2419052124, 69.7062988281, 70.1590881348, 70.6118774414, 71.064666748, 71.5174560547, 71.9818572998, 72.4462585449, 72.91065979, 73.3634490967, 73.8162307739, 74.280632019, 74.7334213257, 75.1862106323, 75.638999939, 76.1034011841, 76.5561904907, 77.0205917358, 77.4733810425, 77.9261627197, 78.3789520264, 78.831741333, 79.2961425781, 79.7489318848, 80.2017211914, 80.6661224365, 81.1305236816, 81.5717010498, 82.012878418, 82.4656677246, 82.9184570312, 83.3828582764, 83.8472518921, 84.3000411987, 84.7528305054, 85.205619812, 85.6584091187, 86.1228103638, 86.5872116089, 87.0516052246, 87.5043945312, 87.9571838379, 88.3983688354, 88.8511581421, 89.3039474487, 89.7567367554, 90.2211303711, 90.6739196777, 91.1383209229, 91.5911102295, 92.0438995361, 92.5083007812, 92.972694397, 93.4254837036, 93.8782730103, 94.3310623169, 94.795463562, 95.2598648071, 95.7126541138, 96.1538314819, 96.6066207886, 97.0710220337, 97.5354156494, 98.011428833, 98.4758224487, 98.9286117554, 99.3930130005, 99.8458023071, 100.298591614, 100.75138092, 101.215782166, 101.69178772, 102.156188965, 102.608978271, 103.061767578, 103.514556885, 103.97895813, 104.443351746, 104.884536743, 105.348930359, 105.813331604, 106.277732849, 106.742126465, 107.20652771, 107.659317017, 108.123718262, 108.599723816, 109.064125061, 109.528526306, 109.992919922, 110.457321167, 110.910110474, 111.36289978, 111.815689087, 112.268478394, 112.732879639, 113.197273254, 113.6616745, 114.126075745, 114.59047699, 115.066482544, 115.542495728, 116.018501282, 116.494506836, 116.958908081, 117.423309326, 117.887710571, 118.328887939, 118.793289185, 119.2576828, 119.722084045, 120.186485291, 120.650878906, 121.115280151, 121.579681396, 122.044082642, 122.520088196, 122.99609375, 123.472106934, 123.948112488, 124.412513733, 124.876914978, 125.341316223, 125.805709839, 126.270111084, 126.734512329, 127.198905945, 127.66330719, 128.127700806, 128.592102051, 129.056503296, 129.520904541, 129.985305786, 130.46131897, 130.937316895, 131.40171814, 131.866119385, 132.33052063, 132.794921875, 133.25932312, 133.712112427, 134.257781982, 134.826660156, 135.395553589, 135.952835083, 136.510116577, 137.078994751, 137.647888184, 138.228393555, 138.808883667, 139.389389038, 139.830566406, 140.271743774, 140.747756958, 141.235366821, 141.711380005, 142.187393188, 142.675003052, 143.151016235, 143.61541748, 144.079818726, 144.567428589, 145.031829834, 145.496231079, 146.065124512, 146.634017944, 147.237731934, 147.841445923, 148.445159912, 149.04888916, 149.652603149, 150.267929077, 150.883255005, 151.486984253, 152.102310181, 152.717636108, 153.332962036, 153.948303223, 154.575241089, 155.190567017, 155.805892944, 156.421218872, 157.048156738, 157.70993042, 158.360092163, 159.010253906, 159.660400391, 160.310562134, 160.972335815, 161.622497559, 162.261047363, 162.899581909, 163.549743652, 164.211517334, 164.861679077, 165.51184082, 166.161987305],
    "bpm_histogram": [0, 0, 0, 0, 0, 0, 0, 0, 0, 0, 0, 0, 0, 0, 0, 0, 0, 0, 0, 0, 0, 0, 0, 0, 0, 0, 0, 0, 0, 0, 0, 0, 0, 0, 0, 0, 0, 0, 0, 0, 0, 0, 0, 0, 0, 0, 0, 0, 0, 0, 0, 0, 0, 0, 0, 0, 0, 0, 0, 0, 0, 0, 0, 0, 0, 0, 0, 0, 0, 0, 0, 0, 0, 0, 0, 0, 0, 0, 0, 0, 0, 0, 0, 0, 0, 0, 0, 0, 0, 0, 0, 0.00869565177709, 0.0260869562626, 0, 0.00579710165039, 0, 0.00579710165039, 0, 0.0260869562626, 0.0173913035542, 0, 0, 0, 0.00869565177709, 0, 0.0173913035542, 0, 0, 0.00579710165039, 0, 0.00289855082519, 0, 0, 0, 0, 0, 0, 0, 0, 0, 0.00289855082519, 0, 0, 0.0144927538931, 0, 0, 0.0869565233588, 0, 0, 0.449275374413, 0, 0, 0, 0.286956518888, 0, 0, 0.0347826071084, 0, 0, 0, 0, 0, 0, 0, 0, 0, 0, 0, 0, 0, 0, 0, 0, 0, 0, 0, 0, 0, 0, 0, 0, 0, 0, 0, 0, 0, 0, 0, 0, 0, 0, 0, 0, 0, 0, 0, 0, 0, 0, 0, 0, 0, 0, 0, 0, 0, 0, 0, 0, 0, 0, 0, 0, 0, 0, 0, 0, 0, 0, 0, 0, 0, 0, 0, 0, 0, 0, 0, 0, 0, 0, 0, 0, 0, 0, 0, 0, 0, 0, 0, 0, 0, 0, 0, 0, 0, 0, 0, 0, 0, 0, 0, 0, 0, 0, 0, 0, 0, 0, 0, 0, 0, 0, 0, 0, 0, 0, 0, 0, 0]
},
"tonal": {
    "chords_changes_rate": 0.0714881792665,
    "chords_number_rate": 0.00445062573999,
    "chords_strength": {
        "mean": 0.510310173035,
        "stdev": 0.109355211258
    },
    "hpcp_crest": {
        "mean": 11.4092912674,
        "stdev": 5.43871688843
    },
    "hpcp_entropy": {
        "mean": 2.37255454063,
        "stdev": 0.77325886488
    },
    "key_edma": {
        "strength": 0.690010488033,
        "key": "F#",
        "scale": "major"
    },
    "key_krumhansl": {
        "strength": 0.68991869688,
        "key": "F#",
        "scale": "major"
    },
    "key_temperley": {
        "strength": 0.683673202991,
        "key": "F#",
        "scale": "major"
    },
    "tuning_diatonic_strength": 0.620536386967,
    "tuning_equal_tempered_deviation": 0.0336983092129,
    "tuning_frequency": 446.91595459,
    "tuning_nontempered_energy_ratio": 0.771860420704,
    "hpcp": {
        "mean": [0.0664828047156, 0.0822800546885, 0.210003733635, 0.28969630599, 0.155225753784, 0.0512888282537, 0.0492675155401, 0.0622107945383, 0.108201622963, 0.129851877689, 0.107283748686, 0.186739757657, 0.227277293801, 0.11534524709, 0.0518173277378, 0.0558778196573, 0.0737342387438, 0.159406080842, 0.209065780044, 0.128484472632, 0.0610609166324, 0.0625504776835, 0.107711963356, 0.194044679403, 0.196484491229, 0.133202493191, 0.18758264184, 0.259104311466, 0.190831646323, 0.111864447594, 0.086492523551, 0.0740007609129, 0.114221826196, 0.149788290262, 0.110738158226, 0.0677470862865],
        "stdev": [0.163529455662, 0.18029589951, 0.277564555407, 0.367639273405, 0.221393421292, 0.122898086905, 0.122435256839, 0.137094944715, 0.202441871166, 0.239404276013, 0.188553571701, 0.264037311077, 0.331202715635, 0.195190191269, 0.133606746793, 0.14522869885, 0.15679910779, 0.239677190781, 0.286253392696, 0.197422415018, 0.143604829907, 0.156479805708, 0.212525933981, 0.320826798677, 0.314220666885, 0.224159672856, 0.268559187651, 0.350190281868, 0.266825973988, 0.186096802354, 0.153308957815, 0.147179752588, 0.205047681928, 0.27464106679, 0.204358279705, 0.161873623729]
    },
    "chords_histogram": [17.3574409485, 5.22948551178, 4.64534091949, 8.40055656433, 9.81919288635, 2.55910992622, 6.56467294693, 1.47426986694, 1.41863703728, 0.80667591095, 3.69958281517, 2.28094577789, 0.500695407391, 0.278164118528, 0.751043140888, 0, 1.16828930378, 1.08484005928, 1.25173854828, 0, 0.166898474097, 1.08484005928, 0.973574399948, 28.4840049744],
    "thpcp": [1, 0.535822331905, 0.177043437958, 0.170066088438, 0.214744865894, 0.373500168324, 0.448234498501, 0.370331794024, 0.644605219364, 0.784536361694, 0.398159205914, 0.17886775732, 0.192884132266, 0.254522532225, 0.550252377987, 0.721672236919, 0.443514376879, 0.210775613785, 0.215917408466, 0.371809929609, 0.669821023941, 0.678242981434, 0.459800451994, 0.647514760494, 0.894399762154, 0.658729970455, 0.386143863201, 0.298562735319, 0.255442529917, 0.39428126812, 0.517052829266, 0.382256031036, 0.233855545521, 0.229491382837, 0.284021764994, 0.724909961224],
    "chords_key": "D#",
    "chords_scale": "minor"
}
}