{
"metadata": {
    "version": {
        "essentia": "2.1-dev",
        "essentia_git_sha": "v2.1_beta3-415-gd5473f3",
        "extractor": "music 2.0"
    },
    "audio_properties": {
        "analysis": {
            "equal_loudness": 0,
            "length": 213.707748413,
            "sample_rate": 44100,
            "start_time": 0,
            "downmix": "mix"
        },
        "bit_rate": 128000,
        "length": 213.707748413,
        "lossless": 0,
        "number_channels": 2,
        "replay_gain": -7.41478919983,
        "sample_rate": 44100,
        "codec": "mp3",
        "md5_encoded": "7c19a93adfc4a7472677dd91a283c030"
    },
    "tags": {
        "file_name": "life_of_agony-weeds.mp3",
        "artist": ["Life Of Agony"],
        "genre": ["Alternative Rock"],
        "title": ["Weeds"]
    }
},
"lowlevel": {
    "average_loudness": 0.96598482132,
    "barkbands_crest": {
        "mean": 7.82672739029,
        "stdev": 3.63499855995
    },
    "barkbands_flatness_db": {
        "mean": 0.0849304422736,
        "stdev": 0.0331524908543
    },
    "barkbands_kurtosis": {
        "mean": 0.0174059830606,
        "stdev": 3.67787480354
    },
    "barkbands_skewness": {
        "mean": 0.684338986874,
        "stdev": 0.879589796066
    },
    "barkbands_spread": {
        "mean": 41.7531929016,
        "stdev": 14.2794141769
    },
    "dissonance": {
        "mean": 0.485378414392,
        "stdev": 0.0148516166955
    },
    "dynamic_complexity": 1.7713394165,
    "erbbands_crest": {
        "mean": 8.17255210876,
        "stdev": 3.12182736397
    },
    "erbbands_flatness_db": {
        "mean": 0.134540677071,
        "stdev": 0.0275340527296
    },
    "erbbands_kurtosis": {
        "mean": 0.850195169449,
        "stdev": 1.52750480175
    },
    "erbbands_skewness": {
        "mean": -0.662497639656,
        "stdev": 0.633118093014
    },
    "erbbands_spread": {
        "mean": 34.936000824,
        "stdev": 12.4303255081
    },
    "hfc": {
        "mean": 35.4196624756,
        "stdev": 24.8254165649
    },
    "loudness_ebu128": {
        "integrated": -14.7620725632,
        "loudness_range": 2.79723262787,
        "momentary": {
            "mean": -15.0798950195,
            "stdev": 2.26285481453
        },
        "short_term": {
            "mean": -14.8868732452,
            "stdev": 1.10982632637
        }
    },
    "melbands_crest": {
        "mean": 13.4338788986,
        "stdev": 5.12152910233
    },
    "melbands_flatness_db": {
        "mean": 0.139354392886,
        "stdev": 0.0479029975832
    },
    "melbands_kurtosis": {
        "mean": 6.35952377319,
        "stdev": 13.1188220978
    },
    "melbands_skewness": {
        "mean": 2.14933180809,
        "stdev": 1.34833598137
    },
    "melbands_spread": {
        "mean": 47.3789901733,
        "stdev": 23.9002780914
    },
    "pitch_salience": {
        "mean": 0.580488324165,
        "stdev": 0.100070610642
    },
    "silence_rate_20dB": {
        "mean": 1,
        "stdev": 0
    },
    "silence_rate_30dB": {
        "mean": 1,
        "stdev": 0
    },
    "silence_rate_60dB": {
        "mean": 0.0117327542976,
        "stdev": 0.107679054141
    },
    "spectral_centroid": {
        "mean": 2276.28466797,
        "stdev": 462.436248779
    },
    "spectral_complexity": {
        "mean": 33.1085281372,
        "stdev": 9.19925022125
    },
    "spectral_decrease": {
        "mean": -6.60644472461e-09,
        "stdev": 4.21079793256e-09
    },
    "spectral_energy": {
        "mean": 0.0281469207257,
        "stdev": 0.0165713690221
    },
    "spectral_energyband_high": {
        "mean": 0.00196960871108,
        "stdev": 0.00261058635078
    },
    "spectral_energyband_low": {
        "mean": 0.0113731762394,
        "stdev": 0.0140185160562
    },
    "spectral_energyband_middle_high": {
        "mean": 0.008719262667,
        "stdev": 0.00555174844339
    },
    "spectral_energyband_middle_low": {
        "mean": 0.00697153015062,
        "stdev": 0.0067739021033
    },
    "spectral_entropy": {
        "mean": 7.93919992447,
        "stdev": 0.234185427427
    },
    "spectral_flux": {
        "mean": 0.0971986055374,
        "stdev": 0.0428478270769
    },
    "spectral_kurtosis": {
        "mean": 3.77767777443,
        "stdev": 1.60267293453
    },
    "spectral_rms": {
        "mean": 0.00503520620987,
        "stdev": 0.00145157566294
    },
    "spectral_rolloff": {
        "mean": 2853.53735352,
        "stdev": 1813.66796875
    },
    "spectral_skewness": {
        "mean": 1.28744888306,
        "stdev": 0.253544002771
    },
    "spectral_spread": {
        "mean": 4425398.5,
        "stdev": 1384815.25
    },
    "spectral_strongpeak": {
        "mean": 0.826372087002,
        "stdev": 1.43631601334
    },
    "zerocrossingrate": {
        "mean": 0.093780554831,
        "stdev": 0.042547762394
    },
    "barkbands": {
        "mean": [0.000458870112197, 0.006743861828, 0.00344295147806, 0.0015048031928, 0.00225741090253, 0.0006825888413, 0.000612173171248, 0.000757603615057, 0.000917769735679, 0.000619550060946, 0.000782366783824, 0.000615571974777, 0.000956171483267, 0.000606179761235, 0.000294627097901, 0.000849341216963, 0.00185996515211, 0.000850223819725, 0.00101112446282, 0.000656762509607, 0.000342426501447, 0.000335661054123, 0.000356991222361, 0.000287081405986, 0.000239084023633, 9.79356773314e-05, 7.82222195994e-06],
        "stdev": [0.000975741480943, 0.0102889379486, 0.00438087293878, 0.00194654939696, 0.00365921459161, 0.00121208361816, 0.000965482322499, 0.00180947594345, 0.0018091580132, 0.00127127789892, 0.00169957312755, 0.00122022849973, 0.00218199961819, 0.000837723258883, 0.000494599458762, 0.00107671075966, 0.00131839816459, 0.000719468225725, 0.000804243958555, 0.00050595565699, 0.000346094282577, 0.000420359690906, 0.000745761208236, 0.000734731846023, 0.000686794170178, 0.000255887222011, 3.8244172174e-05]
    },
    "erbbands": {
        "mean": [0.239667162299, 1.34279358387, 3.72093963623, 4.73665952682, 7.39623403549, 6.68596744537, 5.99405574799, 5.74404478073, 7.05252838135, 13.7800989151, 15.5541162491, 21.5526943207, 22.3704929352, 23.4396190643, 27.7527351379, 26.9783325195, 41.6765289307, 33.6942977905, 21.9500160217, 20.3490562439, 64.8836288452, 108.167488098, 55.1859931946, 60.3392868042, 33.4537849426, 33.7558097839, 12.9223623276, 15.5694932938, 12.3492288589, 10.8175563812, 10.4698352814, 6.7607011795, 4.41928005219, 2.78154301643, 1.63579154015, 0.589296162128, 0.148179844022, 0.0247386712581, 0.00117917894386, 6.77811476635e-05],
        "stdev": [0.398230522871, 2.13885831833, 4.85403823853, 5.05417490005, 14.9806623459, 9.6484670639, 9.1921043396, 11.1411924362, 10.3014249802, 24.5479984283, 32.8353538513, 42.6431732178, 44.6877822876, 44.3642272949, 61.0062294006, 48.0150413513, 88.5367202759, 44.4682617188, 30.8190116882, 28.5890827179, 67.4284744263, 78.5789031982, 46.4393806458, 46.4497642517, 24.1786651611, 25.9854164124, 12.5587434769, 15.3379144669, 14.9516811371, 16.6442699432, 23.0192298889, 17.7951030731, 11.5688877106, 7.85450649261, 5.0055975914, 1.5947766304, 0.423601895571, 0.0758468806744, 0.00666124932468, 0.000148574385094]
    },
    "gfcc": {
        "mean": [47.1988754272, 62.7965431213, -123.863128662, 52.9888114929, -44.3450088501, 19.3940753937, -35.0038795471, 21.4749736786, -26.2475357056, 0.491145789623, -18.9816551208, 5.74366426468, -17.0119895935],
        "cov": [[2972.23828125, -646.571411133, 104.048278809, -128.393814087, -240.12008667, 211.635269165, -93.0396728516, 72.9495010376, -43.3160552979, 68.9915847778, -70.4133148193, 29.3124828339, -57.8477096558], [-646.571411133, 721.273803711, -287.978027344, 66.2727203369, 110.067695618, -128.465240479, 119.328727722, -39.6255874634, 44.3781356812, -26.2004146576, 73.2730255127, -23.8704681396, 39.0354270935], [104.048278809, -287.978027344, 400.350494385, -7.26114845276, -17.2594451904, 54.4152946472, -70.6815872192, 22.6229114532, -17.9561138153, 11.2410354614, -55.6887550354, 6.0238199234, -15.7633686066], [-128.393814087, 66.2727203369, -7.26114845276, 238.484161377, 56.96824646, -3.76337218285, -5.02168703079, -25.5571861267, 36.0802536011, -12.0630674362, 38.2703857422, -6.61568641663, 40.1077880859], [-240.12008667, 110.067695618, -17.2594451904, 56.96824646, 170.718032837, 10.852678299, 61.1660842896, 19.7165908813, 6.36780881882, 7.61125326157, 30.2784767151, 2.37982201576, 12.692117691], [211.635269165, -128.465240479, 54.4152946472, -3.76337218285, 10.852678299, 133.778839111, 37.7757759094, 34.3774108887, -15.0863361359, 1.47439134121, 4.14794921875, 3.49928641319, -11.3919029236], [-93.0396728516, 119.328727722, -70.6815872192, -5.02168703079, 61.1660842896, 37.7757759094, 125.235809326, 38.5955162048, 9.65359783173, -7.87508583069, 24.7079353333, 0.566592276096, 0.142840564251], [72.9495010376, -39.6255874634, 22.6229114532, -25.5571861267, 19.7165908813, 34.3774108887, 38.5955162048, 95.3399734497, 22.5476131439, 12.1212558746, 0.465632975101, 4.45887565613, -2.70245051384], [-43.3160552979, 44.3781356812, -17.9561138153, 36.0802536011, 6.36780881882, -15.0863361359, 9.65359783173, 22.5476131439, 77.7993927002, 24.0662097931, 16.9435501099, -7.34001874924, 7.45323038101], [68.9915847778, -26.2004146576, 11.2410354614, -12.0630674362, 7.61125326157, 1.47439134121, -7.87508583069, 12.1212558746, 24.0662097931, 57.4618988037, 18.3195552826, 3.86210680008, -9.7689371109], [-70.4133148193, 73.2730255127, -55.6887550354, 38.2703857422, 30.2784767151, 4.14794921875, 24.7079353333, 0.465632975101, 16.9435501099, 18.3195552826, 72.3711776733, 21.2903137207, 14.1641073227], [29.3124828339, -23.8704681396, 6.0238199234, -6.61568641663, 2.37982201576, 3.49928641319, 0.566592276096, 4.45887565613, -7.34001874924, 3.86210680008, 21.2903137207, 53.7799758911, 20.7855587006], [-57.8477096558, 39.0354270935, -15.7633686066, 40.1077880859, 12.692117691, -11.3919029236, 0.142840564251, -2.70245051384, 7.45323038101, -9.7689371109, 14.1641073227, 20.7855587006, 52.8484535217]],
        "icov": [[0.000525391253177, 0.000208903555176, 0.00032022735104, -0.000170166269527, 0.000630725582596, -0.000745527155232, 0.000183893964277, -0.000312888907501, 0.000293530931231, -0.000878460239619, 0.000599497114308, -0.000379237404559, 0.00010147481953], [0.000208903555176, 0.00381018244661, 0.00105142244138, 0.000313447235385, -0.00089708250016, 0.00331551930867, -0.00330202351324, 0.00145290594082, -0.000745695026126, 0.00122807186563, -0.00229126517661, 0.00255447742529, -0.00155499204993], [0.00032022735104, 0.00105142244138, 0.00424633175135, -0.000643109262455, -0.000611167750321, -0.00148367928341, 0.00195651943795, -0.000935522431973, 0.000125443650177, -0.00112270552199, 0.00309321866371, -0.00144749192987, 0.000617443525698], [-0.000170166269527, 0.000313447235385, -0.000643109262455, 0.00750516075641, -0.0028623493854, -0.000841817236505, 0.00184412230738, 0.00277476781048, -0.00443527428433, 0.0044546010904, -0.00468650925905, 0.00381163740531, -0.00445671612397], [0.000630725582596, -0.00089708250016, -0.000611167750321, -0.0028623493854, 0.00993522722274, -0.000466618716018, -0.00385003862903, -0.0020731149707, 0.00366362044588, -0.00476156966761, 0.000309004884912, -0.000265280978056, -0.000614566262811], [-0.000745527155232, 0.00331551930867, -0.00148367928341, -0.000841817236505, -0.000466618716018, 0.0153764868155, -0.00780278490856, -0.00123546097893, 0.0029834897723, 0.0014919063542, -0.00487675098702, 0.00330762169324, 0.00017698269221], [0.000183893964277, -0.00330202351324, 0.00195651943795, 0.00184412230738, -0.00385003862903, -0.00780278490856, 0.0190235916525, -0.00549470214173, -0.00203221477568, 0.00455567613244, -0.00102181069087, -0.00194687151816, 0.00290286680683], [-0.000312888907501, 0.00145290594082, -0.000935522431973, 0.00277476781048, -0.0020731149707, -0.00123546097893, -0.00549470214173, 0.0169899910688, -0.00693956343457, 0.000172170402948, 0.000813311547972, -0.000550719676539, -0.00167616608087], [0.000293530931231, -0.000745695026126, 0.000125443650177, -0.00443527428433, 0.00366362044588, 0.0029834897723, -0.00203221477568, -0.00693956343457, 0.0223274938762, -0.0109958332032, -0.000639088160824, 0.00446974579245, -0.00307868141681], [-0.000878460239619, 0.00122807186563, -0.00112270552199, 0.0044546010904, -0.00476156966761, 0.0014919063542, 0.00455567613244, 0.000172170402948, -0.0109958332032, 0.0306027196348, -0.0113887274638, 0.000220606074436, 0.00605058064684], [0.000599497114308, -0.00229126517661, 0.00309321866371, -0.00468650925905, 0.000309004884912, -0.00487675098702, -0.00102181069087, 0.000813311547972, -0.000639088160824, -0.0113887274638, 0.0287332050502, -0.0131250517443, 0.00119304226246], [-0.000379237404559, 0.00255447742529, -0.00144749192987, 0.00381163740531, -0.000265280978056, 0.00330762169324, -0.00194687151816, -0.000550719676539, 0.00446974579245, 0.000220606074436, -0.0131250517443, 0.031804792583, -0.014453491196], [0.00010147481953, -0.00155499204993, 0.000617443525698, -0.00445671612397, -0.000614566262811, 0.00017698269221, 0.00290286680683, -0.00167616608087, -0.00307868141681, 0.00605058064684, 0.00119304226246, -0.014453491196, 0.0307578183711]]
    },
    "melbands": {
        "mean": [0.00197111302987, 0.00191093888134, 0.000933680625167, 0.000517788867, 0.000229188837693, 0.000128932020743, 0.000113298156066, 0.000165275647305, 0.000122315817862, 0.000139402021887, 0.000110432702058, 9.12592804525e-05, 9.40098252613e-05, 6.97183932061e-05, 8.01244386821e-05, 9.78414609563e-05, 5.90445088164e-05, 3.89080596506e-05, 2.28314165724e-05, 3.75317431462e-05, 8.23991649668e-05, 0.000119752185128, 7.10523672751e-05, 3.45696862496e-05, 5.28475829924e-05, 2.91021988232e-05, 2.19434223254e-05, 2.19911198656e-05, 7.49571699998e-06, 7.79615584179e-06, 9.28304598347e-06, 6.97356381352e-06, 6.27131521469e-06, 5.89792307437e-06, 6.38588790025e-06, 4.97807059219e-06, 3.73630996364e-06, 3.14575572702e-06, 2.68501958089e-06, 2.23242022912e-06],
        "stdev": [0.00308848032728, 0.00258084433153, 0.00106372137088, 0.000905721215531, 0.000317657773849, 0.000235925253946, 0.000167072867043, 0.000318645470543, 0.000256382394582, 0.000286077469354, 0.000226894524531, 0.000172099767951, 0.000200073074666, 0.000136345712235, 0.000183942262083, 0.000260426924797, 7.75531152613e-05, 6.26312685199e-05, 4.37896887888e-05, 6.0932325141e-05, 8.24656526675e-05, 9.1133886599e-05, 5.33110542165e-05, 2.83266908809e-05, 4.34083267464e-05, 2.5567927878e-05, 1.77681067726e-05, 1.80115494004e-05, 8.11799054645e-06, 8.7733633336e-06, 9.28989811655e-06, 8.53272194945e-06, 9.04861462914e-06, 9.98957420961e-06, 1.38268551382e-05, 1.37240904223e-05, 9.95151731331e-06, 8.37608149595e-06, 7.89262230683e-06, 6.4116456997e-06]
    },
    "melbands128": {
        "mean": [0.000437283248175, 0.00204261182807, 0.00250127771869, 0.00207693129778, 0.0019624941051, 0.00160926522221, 0.000933392089792, 0.000754312728532, 0.000848227005918, 0.000498611771036, 0.00036606984213, 0.00027875523665, 0.000199115704163, 0.0001650788181, 0.000137805065606, 9.93232970359e-05, 0.00010616806685, 0.000102197765955, 0.000157976610353, 0.000136210466735, 0.000204357158509, 0.000165867502801, 8.31452125567e-05, 0.000125486607431, 0.00012844138837, 0.000175828230567, 9.48849046836e-05, 0.000117828596558, 0.000110388966277, 5.68282921449e-05, 0.000104261496745, 0.000123045538203, 6.41064398224e-05, 0.000117810130178, 6.63436949253e-05, 5.82471693633e-05, 6.53756360407e-05, 9.14269912755e-05, 8.06470416137e-05, 8.55541293276e-05, 0.000144808625919, 5.05758071085e-05, 4.92304570798e-05, 7.14434645488e-05, 5.4887153965e-05, 3.00652700389e-05, 2.23293591262e-05, 2.4743279937e-05, 2.21196314669e-05, 1.97684512386e-05, 3.34572250722e-05, 5.44647555216e-05, 8.99450460565e-05, 8.14825252746e-05, 9.92226923699e-05, 0.000142276054248, 0.000124641199363, 7.30251558707e-05, 5.85669731663e-05, 4.99098277942e-05, 2.46487215918e-05, 2.81627926597e-05, 5.11018188263e-05, 6.66192063363e-05, 4.7367393563e-05, 2.71751596301e-05, 1.85030530702e-05, 1.61990046763e-05, 2.18838595174e-05, 3.10490759148e-05, 2.69050506176e-05, 1.55296183948e-05, 8.48548825161e-06, 6.14877853877e-06, 5.64083075005e-06, 7.80864957051e-06, 7.75035096012e-06, 1.07664618554e-05, 1.01755204014e-05, 7.14396719559e-06, 7.19503168511e-06, 6.8741146606e-06, 6.34119987808e-06, 6.46152329864e-06, 6.04498609391e-06, 5.44077374798e-06, 6.12543999523e-06, 6.14388454778e-06, 7.02368561178e-06, 6.08228856436e-06, 4.97879818795e-06, 4.87232864543e-06, 4.59350485471e-06, 3.58815100299e-06, 3.31703495249e-06, 3.28793521476e-06, 3.11858752866e-06, 2.9888865356e-06, 2.71407566288e-06, 2.56576208812e-06, 2.28178464567e-06, 2.13298085328e-06, 2.23475672101e-06, 2.08457481676e-06, 1.99559872271e-06, 1.66572510807e-06, 1.41167993206e-06, 1.17647573461e-06, 9.98810605779e-07, 8.19109459371e-07, 6.05031857503e-07, 5.26751648522e-07, 4.39825925014e-07, 3.54259213964e-07, 3.01121787061e-07, 2.35344430166e-07, 1.74587739821e-07, 8.83239437144e-08, 4.45566072926e-08, 2.43694557867e-08, 1.14310383381e-08, 4.38295622018e-09, 1.62600000131e-09, 8.13590361748e-10, 2.19994758521e-10, 8.60695629351e-12, 4.14334669005e-12, 3.82400361376e-12],
        "stdev": [0.000934708223213, 0.00364995351993, 0.00428223237395, 0.00348133710213, 0.00276227900758, 0.00204598926939, 0.0010870284168, 0.00118152727373, 0.00199384917505, 0.00110038125422, 0.00064532738179, 0.000461962627014, 0.000365221610991, 0.000390589266317, 0.000354638410499, 0.000218609158765, 0.000215478197788, 0.000189070065971, 0.000349091773387, 0.000310175237246, 0.000592891185079, 0.000527201860677, 0.00022107809491, 0.000450528692454, 0.00030443794094, 0.000513320148457, 0.000267340394203, 0.000371356116375, 0.000272009609034, 0.000140729331179, 0.000269387819571, 0.00039748576819, 0.000195170927327, 0.000389178574551, 0.000230258126976, 0.000152506370796, 0.00018486182671, 0.000310042116325, 0.000272854027571, 0.000252947618719, 0.000532912381459, 0.000114773494715, 8.95624689292e-05, 0.000127799736219, 0.000142277232953, 6.22655497864e-05, 4.76256136608e-05, 7.25063582649e-05, 5.78484286962e-05, 4.26307160524e-05, 9.66706284089e-05, 0.000108222666313, 0.00015730150335, 9.31338727241e-05, 9.59241879173e-05, 0.000138030853122, 0.000119123251352, 6.6818385676e-05, 6.59268698655e-05, 7.86466989666e-05, 2.33377413679e-05, 2.66248516709e-05, 5.10550198669e-05, 7.2576549428e-05, 6.35857868474e-05, 3.26497174683e-05, 1.8118909793e-05, 1.73622665898e-05, 2.45818882831e-05, 3.03195956803e-05, 2.56570474448e-05, 2.17403376155e-05, 9.93744833977e-06, 8.94364075066e-06, 8.32307250676e-06, 1.05945537143e-05, 1.00855750134e-05, 1.28001584017e-05, 1.11322342491e-05, 9.23047355172e-06, 9.40150584938e-06, 1.00120487332e-05, 9.99755047815e-06, 1.013327892e-05, 1.00014012787e-05, 9.77520448942e-06, 1.10291057354e-05, 1.41876744237e-05, 1.60044237418e-05, 1.47272203321e-05, 1.47465743794e-05, 1.51950544023e-05, 1.42676663017e-05, 9.9783846963e-06, 9.48051001615e-06, 8.99474889593e-06, 9.26881148189e-06, 8.94959157449e-06, 8.02292197477e-06, 9.43950999499e-06, 7.4921435953e-06, 6.39321160634e-06, 6.39055542706e-06, 6.79119330016e-06, 6.50373522149e-06, 6.15414001004e-06, 4.81378810946e-06, 3.67364850717e-06, 2.6467509997e-06, 2.11850510823e-06, 1.69864324562e-06, 1.58750628998e-06, 1.60010915806e-06, 1.13504654564e-06, 9.8485224953e-07, 6.87303270297e-07, 5.37269727374e-07, 5.52899450668e-07, 4.0516874833e-07, 2.60750340431e-07, 1.62886450994e-07, 7.0456387391e-08, 3.91882650774e-08, 2.88167534279e-08, 8.63606430812e-09, 2.69529815133e-10, 2.39127398438e-11, 5.59640658468e-12]
    },
    "mfcc": {
        "mean": [-591.260681152, 88.1086120605, -11.837677002, 35.9364852905, 14.0896778107, 5.42625284195, 6.40976142883, 16.5440673828, 2.19977593422, -0.562555909157, 2.95812249184, 3.55912828445, -0.514840364456],
        "cov": [[2399.05639648, -430.061065674, 90.0681381226, -223.980697632, -107.796020508, 13.773730278, -38.2435073853, -7.20165634155, -6.67113733292, 33.5094718933, -6.86875152588, 14.1828641891, -2.25563263893], [-430.061065674, 538.611877441, -239.848754883, 94.1215515137, -49.4071121216, -18.0323944092, 34.1906242371, 13.9880104065, 2.00023841858, -7.56965303421, 40.0232391357, 4.83509874344, 4.69589233398], [90.0681381226, -239.848754883, 343.031341553, -54.3037605286, 48.3565711975, 5.50996541977, -36.9620437622, -19.0830383301, 9.83131027222, 1.70011615753, -27.9829769135, -17.0619049072, -11.0577316284], [-223.980697632, 94.1215515137, -54.3037605286, 203.221542358, 52.6759681702, 23.2518405914, -10.8356571198, -6.52842235565, -3.62034416199, 3.6948363781, -7.08154773712, 5.69781827927, 16.3604183197], [-107.796020508, -49.4071121216, 48.3565711975, 52.6759681702, 112.728721619, 21.3515300751, 13.7166175842, -3.09169745445, 7.33423376083, 11.1497812271, -4.33641433716, 5.74309825897, 4.70271968842], [13.773730278, -18.0323944092, 5.50996541977, 23.2518405914, 21.3515300751, 82.4669189453, 32.0534057617, 9.40042495728, -6.85496091843, 0.227345347404, 2.6770401001, 3.29376506805, 0.894082009792], [-38.2435073853, 34.1906242371, -36.9620437622, -10.8356571198, 13.7166175842, 32.0534057617, 117.468467712, 53.2016639709, 13.1141757965, -2.2937002182, 13.8815231323, 15.8599014282, 7.25725746155], [-7.20165634155, 13.9880104065, -19.0830383301, -6.52842235565, -3.09169745445, 9.40042495728, 53.2016639709, 80.7285308838, 26.607542038, 5.32893371582, 3.8680536747, 8.99103164673, 10.6810350418], [-6.67113733292, 2.00023841858, 9.83131027222, -3.62034416199, 7.33423376083, -6.85496091843, 13.1141757965, 26.607542038, 61.4596977234, 23.5145759583, 10.183259964, -1.50471758842, -2.67208147049], [33.5094718933, -7.56965303421, 1.70011615753, 3.6948363781, 11.1497812271, 0.227345347404, -2.2937002182, 5.32893371582, 23.5145759583, 57.4484138489, 26.022851944, 11.6112089157, -2.01576066017], [-6.86875152588, 40.0232391357, -27.9829769135, -7.08154773712, -4.33641433716, 2.6770401001, 13.8815231323, 3.8680536747, 10.183259964, 26.022851944, 59.6458816528, 24.193315506, 2.7322947979], [14.1828641891, 4.83509874344, -17.0619049072, 5.69781827927, 5.74309825897, 3.29376506805, 15.8599014282, 8.99103164673, -1.50471758842, 11.6112089157, 24.193315506, 54.2398452759, 24.7602596283], [-2.25563263893, 4.69589233398, -11.0577316284, 16.3604183197, 4.70271968842, 0.894082009792, 7.25725746155, 10.6810350418, -2.67208147049, -2.01576066017, 2.7322947979, 24.7602596283, 50.298625946]],
        "icov": [[0.000573726836592, 0.000502346607391, 0.000193645828404, 0.000361486629117, 0.000632647017483, -0.000311924377456, 0.00010965646652, 8.45222311909e-05, 7.09747655492e-06, -0.000472161569633, 0.000179370807018, -0.000190909573575, -0.000117864576168], [0.000502346607391, 0.003691238584, 0.00177043443546, -0.00140165630728, 0.00177178485319, 0.000843695248477, -0.000897443154827, 0.000348122150172, -0.000419843476266, 0.000759485177696, -0.00213051307946, 0.000964150123764, 4.71965104225e-05], [0.000193645828404, 0.00177043443546, 0.0048362663947, 0.00125714682508, -0.00170152750798, -0.000615766271949, 0.00139949831646, 0.00034561479697, -0.00129224127159, 0.000386459461879, 0.000658095115796, 0.00049166259123, 6.14778909949e-05], [0.000361486629117, -0.00140165630728, 0.00125714682508, 0.00812849588692, -0.00410312693566, -0.00283342693001, 0.0029124179855, -0.000188733261894, -0.000121369055705, -0.00105641898699, 0.00252195168287, -0.000606312416494, -0.00205393647775], [0.000632647017483, 0.00177178485319, -0.00170152750798, -0.00410312693566, 0.0141261769459, -0.00107185379602, -0.00378120690584, 0.00292091979645, -0.00141752383206, -0.00276001449674, 0.0012873505475, -0.00114832923282, -0.000243453774601], [-0.000311924377456, 0.000843695248477, -0.000615766271949, -0.00283342693001, -0.00107185379602, 0.0158725436777, -0.00533653143793, -0.000260555534624, 0.00356814707629, -0.000458858878119, -0.00179993745405, 0.00145824346691, 0.000887963513378], [0.00010965646652, -0.000897443154827, 0.00139949831646, 0.0029124179855, -0.00378120690584, -0.00533653143793, 0.0163166094571, -0.00930245779455, -0.000685768260155, 0.00364597979933, -0.00204203184694, -0.00269401166588, 0.00106541067362], [8.45222311909e-05, 0.000348122150172, 0.00034561479697, -0.000188733261894, 0.00292091979645, -0.000260555534624, -0.00930245779455, 0.0219024829566, -0.00828456506133, -0.00100763724186, 0.00328532443382, -0.0009337325464, -0.0036679727491], [7.09747655492e-06, -0.000419843476266, -0.00129224127159, -0.000121369055705, -0.00141752383206, 0.00356814707629, -0.000685768260155, -0.00828456506133, 0.0247281044722, -0.0091095790267, -0.00195349007845, 0.00437110941857, 0.000625165237579], [-0.000472161569633, 0.000759485177696, 0.000386459461879, -0.00105641898699, -0.00276001449674, -0.000458858878119, 0.00364597979933, -0.00100763724186, -0.0091095790267, 0.0280770175159, -0.0110974498093, -0.00297248922288, 0.00299797602929], [0.000179370807018, -0.00213051307946, 0.000658095115796, 0.00252195168287, 0.0012873505475, -0.00179993745405, -0.00204203184694, 0.00328532443382, -0.00195349007845, -0.0110974498093, 0.029090102762, -0.0117806801572, 0.00271042250097], [-0.000190909573575, 0.000964150123764, 0.00049166259123, -0.000606312416494, -0.00114832923282, 0.00145824346691, -0.00269401166588, -0.0009337325464, 0.00437110941857, -0.00297248922288, -0.0117806801572, 0.0320702642202, -0.0141588905826], [-0.000117864576168, 4.71965104225e-05, 6.14778909949e-05, -0.00205393647775, -0.000243453774601, 0.000887963513378, 0.00106541067362, -0.0036679727491, 0.000625165237579, 0.00299797602929, 0.00271042250097, -0.0141588905826, 0.0281613692641]]
    },
    "spectral_contrast_coeffs": {
        "mean": [-0.743889510632, -0.788274824619, -0.782457947731, -0.790538549423, -0.75909113884, -0.748966515064],
        "stdev": [0.0581558048725, 0.0625652894378, 0.0614384822547, 0.039582438767, 0.0312454532832, 0.0329321920872]
    },
    "spectral_contrast_valleys": {
        "mean": [-6.3769288063, -6.73241472244, -7.07718467712, -7.03201532364, -6.66678714752, -9.46565532684],
        "stdev": [0.557273745537, 0.608836770058, 0.579860687256, 0.55693179369, 0.585694432259, 0.912687182426]
    }
},
"rhythm": {
    "beats_count": 310,
    "beats_loudness": {
        "mean": 0.0344302132726,
        "stdev": 0.0115094389766
    },
    "bpm": 87.2291488647,
    "bpm_histogram_first_peak_bpm": 88,
    "bpm_histogram_first_peak_weight": 0.30689650774,
    "bpm_histogram_second_peak_bpm": 83,
    "bpm_histogram_second_peak_spread": 0,
    "bpm_histogram_second_peak_weight": 0.038834951818,
    "danceability": 1.31538391113,
    "onset_rate": 3.48105883598,
    "beats_loudness_band_ratio": {
        "mean": [0.435975492001, 0.152483642101, 0.103736370802, 0.108013659716, 0.150921091437, 0.142672777176],
        "stdev": [0.163890123367, 0.088866867125, 0.084113381803, 0.102858357131, 0.0667446702719, 0.0704708024859]
    },
    "beats_position": [0.638548731804, 1.28870749474, 1.92725622654, 2.57741498947, 3.23918366432, 3.9125623703, 4.59755086899, 5.27092981339, 5.9675283432, 6.66412687302, 7.33750534058, 8.0224943161, 8.70748329163, 9.39247131348, 10.077460289, 10.7624483109, 11.4474372864, 12.1324262619, 12.8174142838, 13.5024032593, 14.1873922348, 14.8723802567, 15.5573692322, 16.2307472229, 16.9273471832, 17.6239452362, 18.3089332581, 18.9939231873, 19.6905212402, 20.3755092621, 21.0488891602, 21.733877182, 22.430475235, 23.1154651642, 23.800453186, 24.4854412079, 25.1704311371, 25.8554191589, 26.5404071808, 27.2137870789, 27.8987751007, 28.5837631226, 29.2803630829, 29.9537410736, 30.6387290955, 31.3237190247, 32.0087051392, 32.6936950684, 33.3902931213, 34.0752830505, 34.7718811035, 35.4568710327, 36.1302490234, 36.8152389526, 37.5002250671, 38.1736030579, 38.8702049255, 39.5668029785, 40.251789093, 40.9251708984, 41.6217689514, 42.2951469421, 42.9801368713, 43.6535148621, 44.3268928528, 45.011882782, 45.7200889587, 46.4050788879, 47.0900688171, 47.7750549316, 48.4600448608, 49.1334228516, 49.8300209045, 50.5150108337, 51.2000007629, 51.8849868774, 52.5699768066, 53.2549667358, 53.9399528503, 54.6133308411, 55.3099327087, 56.0065307617, 56.6915168762, 57.3765068054, 58.0614967346, 58.7464828491, 59.4314727783, 60.1164627075, 60.801448822, 61.4864387512, 62.1714286804, 62.8564147949, 63.5530128479, 64.2263946533, 64.9113845825, 65.5963668823, 66.2813568115, 66.9663467407, 67.6513366699, 68.3363265991, 69.0213165283, 69.7062988281, 70.3912887573, 71.0762786865, 71.7612686157, 72.4462585449, 73.1196365356, 73.8046264648, 74.489616394, 75.1745986938, 75.859588623, 76.5329666138, 77.217956543, 77.9029464722, 78.5995483398, 79.2845306396, 79.9695205688, 80.6428985596, 81.3278884888, 82.012878418, 82.7094802856, 83.4060745239, 84.1026763916, 84.7876663208, 85.4726486206, 86.1460266113, 86.8194122314, 87.4927902222, 88.1893844604, 88.8859863281, 89.5825805664, 90.2675704956, 90.9525604248, 91.6259384155, 92.2993164062, 92.972694397, 93.6692962646, 94.3658905029, 95.0624923706, 95.7590942383, 96.4440765381, 97.1290664673, 97.802444458, 98.4874343872, 99.1724243164, 99.8574142456, 100.542404175, 101.227394104, 101.912376404, 102.608978271, 103.317184448, 104.048614502, 104.756820679, 105.465034485, 106.161628723, 106.858230591, 107.554824829, 108.251426697, 108.959632874, 109.66784668, 110.387664795, 111.10748291, 111.815689087, 112.523895264, 113.220497131, 113.905487061, 114.59047699, 115.26385498, 115.937232971, 116.6222229, 117.3072052, 118.003807068, 118.700408936, 119.385391235, 120.070381165, 120.743759155, 121.440361023, 122.125350952, 122.810340881, 123.495323181, 124.18031311, 124.853691101, 125.527069092, 126.200454712, 126.89704895, 127.582038879, 128.278640747, 128.963623047, 129.660217285, 130.356826782, 131.030197144, 131.726806641, 132.41178894, 133.09677124, 133.77015686, 134.45513916, 135.140136719, 135.836730957, 136.521713257, 137.195098877, 137.880081177, 138.565078735, 139.250061035, 139.935058594, 140.620040894, 141.305038452, 141.990020752, 142.675003052, 143.371612549, 144.079818726, 144.788024902, 145.496231079, 146.216049194, 146.947479248, 147.667297363, 148.398727417, 149.118545532, 149.826751709, 150.534957886, 151.231567383, 151.916549683, 152.589935303, 153.274917603, 153.971511841, 154.668121338, 155.364715576, 156.049697876, 156.734695435, 157.408065796, 158.081451416, 158.754821777, 159.451431274, 160.148025513, 160.833007812, 161.506393433, 162.191375732, 162.876373291, 163.561355591, 164.246353149, 164.931335449, 165.616317749, 166.324539185, 167.009521484, 167.694503784, 168.367889404, 169.052871704, 169.737869263, 170.434463501, 171.119445801, 171.804443359, 172.489425659, 173.174423218, 173.847793579, 174.532791138, 175.217773438, 175.902755737, 176.587753296, 177.284347534, 177.969345093, 178.654327393, 179.339309692, 180.024307251, 180.709289551, 181.394287109, 182.090881348, 182.787475586, 183.472473145, 184.169067383, 184.888885498, 185.608703613, 186.31690979, 187.025115967, 187.721725464, 188.406707764, 189.091690063, 189.776687622, 190.47328186, 191.181488037, 191.889694214, 192.586303711, 193.306121826, 194.025939941, 194.72253418, 195.419128418, 196.115737915, 196.812332153, 197.508926392, 198.205535889, 198.87890625, 199.55229187, 200.23727417, 200.92225647, 201.607254028, 202.292236328, 202.965621948, 203.662216187, 204.347213745, 205.032196045, 205.728790283, 206.42539978, 207.11038208, 207.79536438, 208.491973877, 209.188568115, 209.815505981, 210.442443848, 211.069381714, 211.69631958, 212.323257446, 212.950195312],
    "bpm_histogram": [0, 0, 0, 0, 0, 0, 0, 0, 0, 0, 0, 0, 0, 0, 0, 0, 0, 0, 0, 0, 0, 0, 0, 0, 0, 0, 0, 0, 0, 0, 0, 0, 0, 0, 0, 0, 0, 0, 0, 0, 0, 0, 0, 0, 0, 0, 0, 0, 0, 0, 0, 0, 0, 0, 0, 0, 0, 0, 0, 0, 0, 0, 0, 0, 0, 0, 0, 0, 0, 0, 0, 0, 0, 0, 0, 0, 0, 0, 0, 0, 0, 0, 0.0097087379545, 0.0291262138635, 0, 0.058252427727, 0.220064729452, 0, 0.504854381084, 0.145631074905, 0, 0.00323624606244, 0.00647249212489, 0, 0.00323624606244, 0, 0.019417475909, 0, 0, 0, 0, 0, 0, 0, 0, 0, 0, 0, 0, 0, 0, 0, 0, 0, 0, 0, 0, 0, 0, 0, 0, 0, 0, 0, 0, 0, 0, 0, 0, 0, 0, 0, 0, 0, 0, 0, 0, 0, 0, 0, 0, 0, 0, 0, 0, 0, 0, 0, 0, 0, 0, 0, 0, 0, 0, 0, 0, 0, 0, 0, 0, 0, 0, 0, 0, 0, 0, 0, 0, 0, 0, 0, 0, 0, 0, 0, 0, 0, 0, 0, 0, 0, 0, 0, 0, 0, 0, 0, 0, 0, 0, 0, 0, 0, 0, 0, 0, 0, 0, 0, 0, 0, 0, 0, 0, 0, 0, 0, 0, 0, 0, 0, 0, 0, 0, 0, 0, 0, 0, 0, 0, 0, 0, 0, 0, 0, 0, 0, 0, 0, 0, 0, 0, 0, 0, 0, 0, 0, 0, 0, 0, 0, 0, 0, 0, 0, 0, 0, 0, 0]
},
"tonal": {
    "chords_changes_rate": 0.0614816434681,
    "chords_number_rate": 0.00282424502075,
    "chords_strength": {
        "mean": 0.513764560223,
        "stdev": 0.0930213853717
    },
    "hpcp_crest": {
        "mean": 11.1736621857,
        "stdev": 5.49976348877
    },
    "hpcp_entropy": {
        "mean": 2.46085834503,
        "stdev": 0.803638041019
    },
    "key_edma": {
        "strength": 0.555768370628,
        "key": "C#",
        "scale": "major"
    },
    "key_krumhansl": {
        "strength": 0.572628319263,
        "key": "C#",
        "scale": "major"
    },
    "key_temperley": {
        "strength": 0.597153902054,
        "key": "C#",
        "scale": "major"
    },
    "tuning_diatonic_strength": 0.632711946964,
    "tuning_equal_tempered_deviation": 0.300051033497,
    "tuning_frequency": 434.193115234,
    "tuning_nontempered_energy_ratio": 0.959163606167,
    "hpcp": {
        "mean": [0.10648278147, 0.0710663720965, 0.0721984729171, 0.167699992657, 0.291135847569, 0.216604560614, 0.0833526402712, 0.059074100107, 0.0696919485927, 0.115802705288, 0.149867609143, 0.130123794079, 0.153856560588, 0.193612724543, 0.145729616284, 0.10736361891, 0.100644439459, 0.104016445577, 0.143175214529, 0.196246415377, 0.178295463324, 0.123380504549, 0.105050384998, 0.100963898003, 0.168769657612, 0.222204342484, 0.168351262808, 0.141714856029, 0.202955946326, 0.214414402843, 0.171908676624, 0.159171655774, 0.146563544869, 0.168486580253, 0.231872498989, 0.197954833508],
        "stdev": [0.19800965488, 0.169007956982, 0.16927601397, 0.23904620111, 0.364578485489, 0.29857763648, 0.171475037932, 0.150530144572, 0.150815889239, 0.200570821762, 0.242489084601, 0.208848074079, 0.226746961474, 0.283183783293, 0.21677647531, 0.161205992103, 0.141901522875, 0.144352927804, 0.17413637042, 0.240944460034, 0.219371363521, 0.169610783458, 0.160426422954, 0.173970222473, 0.226604387164, 0.286259055138, 0.239856913686, 0.223825648427, 0.308233052492, 0.313526213169, 0.25190910697, 0.218932658434, 0.1965508461, 0.211140319705, 0.313444495201, 0.285534203053]
    },
    "chords_histogram": [7.56028699875, 3.67151856422, 13.3608512878, 12.8829021454, 24.0929832458, 0.0651748850942, 7.38648700714, 0, 0.0868998467922, 0, 1.04279816151, 0, 0, 0, 0, 1.19487285614, 0, 5.04019117355, 0, 2.28112101555, 0.260699540377, 6.06126451492, 11.6445798874, 3.36736917496],
    "thpcp": [1, 0.743998229504, 0.286301523447, 0.202909052372, 0.239379480481, 0.397761762142, 0.514768660069, 0.446952164173, 0.528469979763, 0.665025353432, 0.50055539608, 0.368774980307, 0.345695793629, 0.357278048992, 0.49178147316, 0.674071609974, 0.612413287163, 0.423790156841, 0.360829442739, 0.346793085337, 0.579693853855, 0.763232529163, 0.578256726265, 0.486765384674, 0.697117686272, 0.736475467682, 0.590475797653, 0.546726405621, 0.503419756889, 0.578721523285, 0.796440899372, 0.679939746857, 0.36574947834, 0.244100376964, 0.247988954186, 0.576019704342],
    "chords_key": "D#",
    "chords_scale": "major"
}
}