{
"metadata": {
    "version": {
        "essentia": "2.1-dev",
        "essentia_git_sha": "v2.1_beta3-415-gd5473f3",
        "extractor": "music 2.0"
    },
    "audio_properties": {
        "analysis": {
            "equal_loudness": 0,
            "length": 322.951843262,
            "sample_rate": 44100,
            "start_time": 0,
            "downmix": "mix"
        },
        "bit_rate": 192000,
        "length": 322.951843262,
        "lossless": 0,
        "number_channels": 2,
        "replay_gain": -10.6342487335,
        "sample_rate": 44100,
        "codec": "mp3",
        "md5_encoded": "43ede39933d2ca487a30a03d2b739641"
    },
    "tags": {
        "file_name": "los_planetas.mp3",
        "date": ["2004"],
        "engineer": ["rosamerica tamyo"]
    }
},
"lowlevel": {
    "average_loudness": 0.968638718128,
    "barkbands_crest": {
        "mean": 9.13390827179,
        "stdev": 3.06989383698
    },
    "barkbands_flatness_db": {
        "mean": 0.103761397302,
        "stdev": 0.0290280468762
    },
    "barkbands_kurtosis": {
        "mean": 1.46725451946,
        "stdev": 3.57680487633
    },
    "barkbands_skewness": {
        "mean": 1.31932914257,
        "stdev": 0.694910883904
    },
    "barkbands_spread": {
        "mean": 30.4869289398,
        "stdev": 12.280456543
    },
    "dissonance": {
        "mean": 0.478152632713,
        "stdev": 0.0142494607717
    },
    "dynamic_complexity": 1.46696734428,
    "erbbands_crest": {
        "mean": 7.1619849205,
        "stdev": 3.0896627903
    },
    "erbbands_flatness_db": {
        "mean": 0.126625806093,
        "stdev": 0.0255324095488
    },
    "erbbands_kurtosis": {
        "mean": -0.504221200943,
        "stdev": 0.798438489437
    },
    "erbbands_skewness": {
        "mean": -0.0702506452799,
        "stdev": 0.53612112999
    },
    "erbbands_spread": {
        "mean": 46.1558609009,
        "stdev": 12.3981323242
    },
    "hfc": {
        "mean": 29.995475769,
        "stdev": 17.712978363
    },
    "loudness_ebu128": {
        "integrated": -11.4449167252,
        "loudness_range": 2.04586410522,
        "momentary": {
            "mean": -11.7024612427,
            "stdev": 2.12121367455
        },
        "short_term": {
            "mean": -11.5372476578,
            "stdev": 1.03660094738
        }
    },
    "melbands_crest": {
        "mean": 14.7903089523,
        "stdev": 5.00557184219
    },
    "melbands_flatness_db": {
        "mean": 0.163598164916,
        "stdev": 0.0383859910071
    },
    "melbands_kurtosis": {
        "mean": 9.89568424225,
        "stdev": 9.81648445129
    },
    "melbands_skewness": {
        "mean": 2.67862534523,
        "stdev": 1.00268423557
    },
    "melbands_spread": {
        "mean": 27.2557258606,
        "stdev": 14.6684522629
    },
    "pitch_salience": {
        "mean": 0.552036345005,
        "stdev": 0.092156291008
    },
    "silence_rate_20dB": {
        "mean": 1,
        "stdev": 0
    },
    "silence_rate_30dB": {
        "mean": 1,
        "stdev": 0
    },
    "silence_rate_60dB": {
        "mean": 0.0142343640327,
        "stdev": 0.118469789624
    },
    "spectral_centroid": {
        "mean": 1666.25598145,
        "stdev": 552.066833496
    },
    "spectral_complexity": {
        "mean": 31.101940155,
        "stdev": 9.08203697205
    },
    "spectral_decrease": {
        "mean": -8.75895800334e-09,
        "stdev": 3.54702289762e-09
    },
    "spectral_energy": {
        "mean": 0.0357791408896,
        "stdev": 0.0141455447301
    },
    "spectral_energyband_high": {
        "mean": 0.00145449896809,
        "stdev": 0.00194317870773
    },
    "spectral_energyband_low": {
        "mean": 0.0145397204906,
        "stdev": 0.00909468904138
    },
    "spectral_energyband_middle_high": {
        "mean": 0.00700305821374,
        "stdev": 0.00428642053157
    },
    "spectral_energyband_middle_low": {
        "mean": 0.0139447180554,
        "stdev": 0.00907376315445
    },
    "spectral_entropy": {
        "mean": 7.88219308853,
        "stdev": 0.224397033453
    },
    "spectral_flux": {
        "mean": 0.092088714242,
        "stdev": 0.0387151986361
    },
    "spectral_kurtosis": {
        "mean": 3.26177334785,
        "stdev": 1.30085647106
    },
    "spectral_rms": {
        "mean": 0.00578000303358,
        "stdev": 0.00122392212506
    },
    "spectral_rolloff": {
        "mean": 1764.55541992,
        "stdev": 1488.41320801
    },
    "spectral_skewness": {
        "mean": 1.29294669628,
        "stdev": 0.222365602851
    },
    "spectral_spread": {
        "mean": 4695710,
        "stdev": 1630820.5
    },
    "spectral_strongpeak": {
        "mean": 0.632018566132,
        "stdev": 0.600588202477
    },
    "zerocrossingrate": {
        "mean": 0.0687353238463,
        "stdev": 0.0355231165886
    },
    "barkbands": {
        "mean": [2.82978799078e-05, 0.00605531781912, 0.00736229866743, 0.00226517114788, 0.00233064382337, 0.00245845480822, 0.00414342200384, 0.0010213382775, 0.00160756194964, 0.000687337189447, 0.000746441655792, 0.000606683315709, 0.000693926704116, 0.000514519168064, 0.000563043053262, 0.000653575290926, 0.00113016203977, 0.000654300849419, 0.000567283830605, 0.00041169062024, 0.000333926524036, 0.000331281131366, 0.00023855031759, 0.000195377695491, 0.000122574885609, 5.17322441738e-05, 4.17258024754e-06],
        "stdev": [6.83147372911e-05, 0.00496330438182, 0.00714947422966, 0.00271103298292, 0.00273821502924, 0.00245859869756, 0.00416633998975, 0.00172996660694, 0.00272149057128, 0.00111351627856, 0.00131228216924, 0.00100413977634, 0.000922685256228, 0.000787101860624, 0.000723653763998, 0.000645212596282, 0.000898410740774, 0.000444310571766, 0.000517522450536, 0.000316888006637, 0.000386069150409, 0.000369971763575, 0.0006515114801, 0.000495800515637, 0.000225267067435, 9.8478361906e-05, 1.12749175969e-05]
    },
    "erbbands": {
        "mean": [0.0639045983553, 1.79557073116, 8.21665287018, 7.79242181778, 8.66581439972, 7.29631233215, 11.8812189102, 23.434425354, 53.1822280884, 46.849822998, 23.57188797, 34.1521263123, 25.6568317413, 24.5300502777, 29.2604598999, 24.9954013824, 34.2427902222, 24.0489883423, 29.8315010071, 32.4015045166, 43.0248527527, 62.4503059387, 42.8455505371, 26.4659881592, 29.1156864166, 19.6188659668, 12.835688591, 14.3394927979, 11.832531929, 8.83354377747, 6.62295007706, 4.52791976929, 2.95877408981, 1.56884109974, 0.75691819191, 0.300138235092, 0.0817394331098, 0.0144695397466, 0.000592806027271, 6.01651372563e-05],
        "stdev": [0.0594203434885, 1.33085203171, 6.64983177185, 8.06224918365, 11.2663841248, 7.97213029861, 11.703871727, 22.8150577545, 55.8655586243, 65.6614837646, 36.798740387, 56.164894104, 46.6692733765, 38.5321922302, 41.5693016052, 35.3658752441, 43.3395195007, 35.7627258301, 45.750164032, 33.1701583862, 39.5369720459, 48.0162696838, 28.3311977386, 17.8824806213, 30.5210494995, 14.6825485229, 12.5034008026, 17.5959949493, 13.2312889099, 15.229798317, 19.0804786682, 12.1658239365, 7.26647567749, 2.87875533104, 1.53286087513, 0.613763093948, 0.149128258228, 0.0267831645906, 0.00178533233702, 5.07917684445e-05]
    },
    "gfcc": {
        "mean": [53.7356910706, 80.6730880737, -117.288543701, 44.8742637634, -56.6853065491, 10.6155891418, -41.1216239929, 15.1672134399, -21.6439704895, 5.95616579056, -16.7323589325, 3.56986308098, -16.511548996],
        "cov": [[3829.60644531, -101.123313904, -97.4944992065, 59.6704025269, -169.522415161, 183.396972656, -93.989982605, 69.1979751587, -66.4541320801, 21.2084941864, -83.9116363525, 16.1458873749, -80.9686355591], [-101.123313904, 680.491271973, -280.613830566, 5.46881389618, 43.9892578125, -91.2394104004, 69.4514846802, -17.5756835938, 40.6608657837, -57.0960769653, 48.7848892212, -57.0294914246, 39.2476043701], [-97.4944992065, -280.613830566, 397.885681152, 42.9597740173, 41.1505241394, 29.3892440796, -27.6683921814, 37.4411087036, -3.31650781631, 53.1541481018, -12.9433670044, 41.3084259033, -27.3561611176], [59.6704025269, 5.46881389618, 42.9597740173, 144.493774414, 38.4321899414, 12.4305953979, -19.8200969696, -1.28207755089, 15.8950548172, -2.22578310966, 6.48309850693, 8.98531723022, 13.0130472183], [-169.522415161, 43.9892578125, 41.1505241394, 38.4321899414, 161.690109253, -11.1842908859, 6.75942420959, 25.9874858856, 8.07367420197, 2.45681643486, -1.30145668983, 9.70357894897, 8.57538890839], [183.396972656, -91.2394104004, 29.3892440796, 12.4305953979, -11.1842908859, 98.8580322266, 21.5303764343, 8.31761741638, -16.7121887207, -1.955935359, -5.96596622467, 0.51060038805, -8.66908931732], [-93.989982605, 69.4514846802, -27.6683921814, -19.8200969696, 6.75942420959, 21.5303764343, 80.8248443604, 18.0698661804, 1.52068006992, -6.28773546219, 6.73312616348, -12.5929059982, -2.30870079994], [69.1979751587, -17.5756835938, 37.4411087036, -1.28207755089, 25.9874858856, 8.31761741638, 18.0698661804, 81.1081237793, 37.3049354553, 23.8958072662, -1.45856440067, -0.57407194376, -2.37408900261], [-66.4541320801, 40.6608657837, -3.31650781631, 15.8950548172, 8.07367420197, -16.7121887207, 1.52068006992, 37.3049354553, 78.6219711304, 30.8772392273, 10.3408851624, -7.48155832291, 6.02970981598], [21.2084941864, -57.0960769653, 53.1541481018, -2.22578310966, 2.45681643486, -1.955935359, -6.28773546219, 23.8958072662, 30.8772392273, 61.3363456726, 16.8002796173, 8.45625782013, -8.45489215851], [-83.9116363525, 48.7848892212, -12.9433670044, 6.48309850693, -1.30145668983, -5.96596622467, 6.73312616348, -1.45856440067, 10.3408851624, 16.8002796173, 49.9639587402, 17.1848640442, 7.24144649506], [16.1458873749, -57.0294914246, 41.3084259033, 8.98531723022, 9.70357894897, 0.51060038805, -12.5929059982, -0.57407194376, -7.48155832291, 8.45625782013, 17.1848640442, 60.4166603088, 16.9504890442], [-80.9686355591, 39.2476043701, -27.3561611176, 13.0130472183, 8.57538890839, -8.66908931732, -2.30870079994, -2.37408900261, 6.02970981598, -8.45489215851, 7.24144649506, 16.9504890442, 45.8395614624]],
        "icov": [[0.000508857832756, -0.000604103144724, 0.000435029913206, -0.000505199132022, 0.000758540292736, -0.00125764578115, 0.00124932092149, -0.00125200068578, 0.00113897805568, -0.00128621316981, 0.00175653607585, -0.00132397911511, 0.00126245350111], [-0.000604103144724, 0.00459305942059, 0.000889654911589, 6.83830076014e-05, -0.00207983632572, 0.00451930519193, -0.00412210496143, 0.00194583181292, -0.00293157529086, 0.00495298346505, -0.00652215629816, 0.00493076257408, -0.00284495018423], [0.000435029913206, 0.000889654911589, 0.00488180061802, -0.00196651462466, -0.000273432902759, -0.000462717493065, 0.000679536897223, -0.00225354381837, 0.00202919659205, -0.00353984697722, 0.0025089092087, -0.00300577306189, 0.0031547753606], [-0.000505199132022, 6.83830076014e-05, -0.00196651462466, 0.00991790462285, -0.00290802889504, -0.00196691276506, 0.00212497496977, 0.00303382892162, -0.0048962472938, 0.00421269750223, -0.00378174288198, 0.00178692827467, -0.00314610614441], [0.000758540292736, -0.00207983632572, -0.000273432902759, -0.00290802889504, 0.00902701448649, -0.000749313447159, 0.00114429707173, -0.00474304938689, 0.00345327914692, -0.00282521964982, 0.0047771083191, -0.00372883025557, 0.00141334929504], [-0.00125764578115, 0.00451930519193, -0.000462717493065, -0.00196691276506, -0.000749313447159, 0.0184311233461, -0.00953559670597, 0.00107322214171, 0.000311231066007, 0.00455961329862, -0.00581950182095, 0.00502419890836, -0.00274590798654], [0.00124932092149, -0.00412210496143, 0.000679536897223, 0.00212497496977, 0.00114429707173, -0.00953559670597, 0.0218792725354, -0.00771701429039, 0.00387670425698, -0.00150836142711, 0.00137600000016, -0.00136637117248, 0.00372293614782], [-0.00125200068578, 0.00194583181292, -0.00225354381837, 0.00303382892162, -0.00474304938689, 0.00107322214171, -0.00771701429039, 0.0236598905176, -0.0127772204578, 0.000547038973309, -0.00107919843867, 0.00211618421599, -0.00298705417663], [0.00113897805568, -0.00293157529086, 0.00202919659205, -0.0048962472938, 0.00345327914692, 0.000311231066007, 0.00387670425698, -0.0127772204578, 0.0276150256395, -0.0152859278023, 0.00442432519048, 0.00111877336167, -0.00149539019912], [-0.00128621316981, 0.00495298346505, -0.00353984697722, 0.00421269750223, -0.00282521964982, 0.00455961329862, -0.00150836142711, 0.000547038973309, -0.0152859278023, 0.0368890352547, -0.0188851282001, 0.0048009539023, 0.00154492654838], [0.00175653607585, -0.00652215629816, 0.0025089092087, -0.00378174288198, 0.0047771083191, -0.00581950182095, 0.00137600000016, -0.00107919843867, 0.00442432519048, -0.0188851282001, 0.0405508168042, -0.0181069429964, 0.00550124421716], [-0.00132397911511, 0.00493076257408, -0.00300577306189, 0.00178692827467, -0.00372883025557, 0.00502419890836, -0.00136637117248, 0.00211618421599, 0.00111877336167, 0.0048009539023, -0.0181069429964, 0.0326476544142, -0.0156464818865], [0.00126245350111, -0.00284495018423, 0.0031547753606, -0.00314610614441, 0.00141334929504, -0.00274590798654, 0.00372293614782, -0.00298705417663, -0.00149539019912, 0.00154492654838, 0.00550124421716, -0.0156464818865, 0.0339042544365]]
    },
    "melbands": {
        "mean": [0.00113027065527, 0.00376498722471, 0.00147039571311, 0.000572198187001, 0.000400675460696, 0.000539120752364, 0.000799527158961, 0.000438691087766, 0.000198710302357, 0.000212164784898, 0.000127032937598, 9.92875939119e-05, 0.000110997731099, 6.14471646259e-05, 8.40148713905e-05, 5.96059035161e-05, 4.25553553214e-05, 4.98519548273e-05, 4.00040444219e-05, 4.06604958698e-05, 5.28898708581e-05, 6.66053965688e-05, 5.36703882972e-05, 2.74289559457e-05, 1.99753158086e-05, 2.36036776187e-05, 1.75189434231e-05, 1.17816862257e-05, 7.4479748946e-06, 8.14221311884e-06, 8.53829806147e-06, 7.04681815478e-06, 5.61533761356e-06, 4.60069486508e-06, 4.04042521041e-06, 3.02395869767e-06, 2.67639620688e-06, 2.14014971789e-06, 1.70894452367e-06, 1.18598245535e-06],
        "stdev": [0.000957185111474, 0.00246659270488, 0.00134300754871, 0.000666477775667, 0.00036345468834, 0.000504572875798, 0.000824392889626, 0.00063297880115, 0.000332442810759, 0.000357456825441, 0.00023904821137, 0.000159476723638, 0.000178638118086, 0.000111552253657, 0.000123595120385, 7.77428285801e-05, 6.95365379215e-05, 8.49447096698e-05, 4.48963619419e-05, 4.20202304667e-05, 5.09805431648e-05, 5.52946148673e-05, 4.30698055425e-05, 1.93416926777e-05, 1.51516724145e-05, 2.27974305744e-05, 1.87471268873e-05, 9.12521136343e-06, 7.04180092725e-06, 9.9545068224e-06, 1.11539857244e-05, 8.04896717455e-06, 6.96627103025e-06, 9.97441748041e-06, 1.22762303363e-05, 8.85677854967e-06, 7.36630772735e-06, 5.68460063732e-06, 3.56592568096e-06, 2.12501981878e-06]
    },
    "melbands128": {
        "mean": [2.43282975134e-05, 0.000173110282049, 0.00126814725809, 0.00352545734495, 0.00457354867831, 0.00326157081872, 0.00150973559357, 0.00115268782247, 0.000905215041712, 0.000538166670594, 0.000392974499846, 0.000283809495158, 0.000291770993499, 0.000714769295882, 0.000567083945498, 0.000307158683427, 0.000773423817009, 0.000982702476904, 0.000592573720496, 0.000628645764664, 0.000247031508479, 0.000174872810021, 0.000151412270498, 0.000271678844001, 0.000268011470325, 0.000145502912346, 0.000200628448511, 7.71345949033e-05, 0.000135841532028, 0.000103548409243, 7.01853059581e-05, 0.00011491139594, 0.000164556258824, 5.05170646647e-05, 7.61399496696e-05, 5.60664302611e-05, 5.13037230121e-05, 8.77251732163e-05, 0.00011130576604, 7.48231832404e-05, 3.59545083484e-05, 5.52193851036e-05, 3.96881187044e-05, 3.32031850121e-05, 5.80897212785e-05, 5.6893684814e-05, 3.76918469556e-05, 3.25315340888e-05, 3.96777504648e-05, 6.02968684689e-05, 2.92498189083e-05, 3.45612425008e-05, 5.65684713365e-05, 5.47311610717e-05, 6.11394571024e-05, 7.49822575017e-05, 5.95951532887e-05, 6.77580173942e-05, 4.74690787087e-05, 3.72722643078e-05, 2.6500216336e-05, 2.01834191103e-05, 1.82063777174e-05, 1.90591272258e-05, 2.4379862225e-05, 2.56789153354e-05, 2.16217667912e-05, 2.03689505724e-05, 1.55669331434e-05, 1.51274671225e-05, 1.36396438393e-05, 9.02602187125e-06, 7.6331452874e-06, 6.76821036905e-06, 7.76640717959e-06, 8.24191829452e-06, 8.34343791212e-06, 8.12065627542e-06, 8.5251767814e-06, 9.28327335714e-06, 7.38656581234e-06, 6.07661831964e-06, 5.94700395595e-06, 5.6725448303e-06, 5.39043776371e-06, 4.54001201433e-06, 4.40884286945e-06, 4.53886968899e-06, 4.15341219195e-06, 3.63103299605e-06, 3.13593750434e-06, 2.83580698124e-06, 2.86563999907e-06, 2.6875632102e-06, 2.61370882981e-06, 2.28522048928e-06, 2.01409898182e-06, 1.96682844944e-06, 1.83204235782e-06, 1.50317998759e-06, 1.34393656026e-06, 1.17850345305e-06, 9.55627911026e-07, 8.66335028604e-07, 8.56026645124e-07, 7.97860138846e-07, 8.24131916488e-07, 5.56531972506e-07, 4.781003895e-07, 4.45598175247e-07, 3.65174145145e-07, 2.63995104888e-07, 2.54914994002e-07, 1.9885399638e-07, 1.70751832229e-07, 1.45950806996e-07, 1.13643693567e-07, 4.0409243951e-08, 1.7616935466e-08, 8.55008508438e-09, 5.09870012877e-09, 2.77766099011e-09, 1.24316468231e-09, 3.59126589577e-10, 1.60404481364e-10, 1.04340654172e-10, 8.05846223084e-11, 5.17401399502e-11],
        "stdev": [6.25762768323e-05, 0.000307349750074, 0.00133530236781, 0.00290873972699, 0.00339355133474, 0.0033920740243, 0.00188152911142, 0.00137094932143, 0.00146665400825, 0.000822652888019, 0.000545741582755, 0.000354446296114, 0.000417354312958, 0.000772176776081, 0.000660098332446, 0.000531057245098, 0.00104698806535, 0.00126437586732, 0.000966303865425, 0.00114914041478, 0.000510016572662, 0.000480987160699, 0.000371393660316, 0.000641390681267, 0.000563100678846, 0.000398403906729, 0.000645595660899, 0.000155933128553, 0.000309902417939, 0.000215675143409, 0.000223951195949, 0.000255412363913, 0.000319291604683, 9.92050263449e-05, 0.000213306208025, 0.000115011534945, 0.000110415792733, 0.000203210191103, 0.000194943801034, 0.000124109545141, 7.50190811232e-05, 0.000145779471495, 9.59307653829e-05, 8.71232623467e-05, 0.000122814162751, 0.000143711193232, 7.65668664826e-05, 6.54074683553e-05, 5.66148264625e-05, 8.75821715454e-05, 4.64314216515e-05, 5.08317389176e-05, 7.97542961664e-05, 6.49558496661e-05, 7.18098599464e-05, 8.34973325254e-05, 6.44181418465e-05, 8.78269056557e-05, 4.38328279415e-05, 3.71271053154e-05, 2.49198601523e-05, 1.97280296561e-05, 1.86520446732e-05, 2.06380518648e-05, 2.65482631221e-05, 2.99222756439e-05, 4.14803726017e-05, 3.37613601005e-05, 1.86666293303e-05, 1.57735721587e-05, 1.30782455017e-05, 8.47699629958e-06, 7.80553182267e-06, 7.58757596486e-06, 1.10838773253e-05, 1.30833832372e-05, 1.10103774205e-05, 1.23917425299e-05, 1.35988229886e-05, 1.17547360787e-05, 9.76546289166e-06, 7.91656748333e-06, 7.42894144423e-06, 7.87238604971e-06, 7.99564168119e-06, 9.20156344364e-06, 1.15267112051e-05, 1.50832702275e-05, 1.3492830476e-05, 1.18345415103e-05, 1.07361165647e-05, 8.40021129989e-06, 8.06357093097e-06, 7.81571361586e-06, 8.16851297714e-06, 6.68572511131e-06, 5.64493575439e-06, 4.96160055263e-06, 4.20169135396e-06, 2.91670085062e-06, 2.41983798333e-06, 2.26575298257e-06, 2.01524335353e-06, 1.89253285043e-06, 1.94043764168e-06, 1.81527741461e-06, 1.83171528079e-06, 1.32075911097e-06, 1.05395372429e-06, 9.69059328781e-07, 7.5308292935e-07, 5.52553956368e-07, 4.8191532187e-07, 3.59533629535e-07, 2.99706982787e-07, 2.68098261813e-07, 2.43726475446e-07, 1.31978978857e-07, 8.79115091834e-08, 6.58104895024e-08, 4.5032802376e-08, 2.94046067495e-08, 1.44406602232e-08, 4.95292473701e-09, 2.76944844835e-09, 2.26730501041e-09, 2.43054976146e-09, 1.75285630455e-09]
    },
    "mfcc": {
        "mean": [-584.499267578, 106.255401611, -0.538608670235, 33.279209137, 7.77899742126, 1.69108974934, -3.5521197319, 4.81658601761, 1.16230356693, -1.894500494, 3.09522843361, 4.53728437424, 3.19559073448],
        "cov": [[2175.92626953, -29.2344932556, 9.78499603271, -96.0587005615, -44.69896698, 54.0207748413, -5.30488586426, 59.6954307556, -9.71769428253, 31.6804256439, 6.57022428513, 8.33784484863, -63.3468132019], [-29.2344932556, 523.843322754, -200.297485352, 60.1094856262, -32.9030265808, -45.5726203918, 16.063243866, 11.2255392075, 13.337638855, -1.7954120636, 38.9776802063, -4.62981939316, -13.8114509583], [9.78499603271, -200.297485352, 280.934051514, 2.11385083199, 26.3937549591, 22.7485256195, -1.70679533482, -3.0392844677, -4.98979520798, 11.2874631882, -0.142827242613, 22.0181407928, 13.4297494888], [-96.0587005615, 60.1094856262, 2.11385083199, 143.397247314, 73.8762435913, 1.33334982395, -9.04372024536, 1.54469287395, 11.5457763672, -2.64982151985, 4.02726745605, 4.0116186142, 18.7451381683], [-44.69896698, -32.9030265808, 26.3937549591, 73.8762435913, 140.921554565, 8.6356306076, -1.24270141125, 4.44406843185, 19.5855922699, 4.07343053818, -0.728666186333, 5.11542415619, 11.6515226364], [54.0207748413, -45.5726203918, 22.7485256195, 1.33334982395, 8.6356306076, 68.7844467163, 21.7262706757, 7.08378553391, -11.848238945, -5.99047231674, -10.059387207, -3.22988009453, -1.48229408264], [-5.30488586426, 16.063243866, -1.70679533482, -9.04372024536, -1.24270141125, 21.7262706757, 78.1194458008, 25.34649086, -0.1181871593, -2.57450127602, 1.12359499931, -3.13782978058, -7.51034736633], [59.6954307556, 11.2255392075, -3.0392844677, 1.54469287395, 4.44406843185, 7.08378553391, 25.34649086, 55.1214179993, 18.5561332703, 0.908886611462, -0.921213328838, 2.26972579956, -3.46808457375], [-9.71769428253, 13.337638855, -4.98979520798, 11.5457763672, 19.5855922699, -11.848238945, -0.1181871593, 18.5561332703, 62.217048645, 29.8188228607, 16.4218177795, 3.41683554649, -5.83682012558], [31.6804256439, -1.7954120636, 11.2874631882, -2.64982151985, 4.07343053818, -5.99047231674, -2.57450127602, 0.908886611462, 29.8188228607, 62.6333618164, 32.6317520142, 7.97517633438, -13.4137582779], [6.57022428513, 38.9776802063, -0.142827242613, 4.02726745605, -0.728666186333, -10.059387207, 1.12359499931, -0.921213328838, 16.4218177795, 32.6317520142, 66.2130432129, 27.5889263153, -8.86884593964], [8.33784484863, -4.62981939316, 22.0181407928, 4.0116186142, 5.11542415619, -3.22988009453, -3.13782978058, 2.26972579956, 3.41683554649, 7.97517633438, 27.5889263153, 55.3305587769, 18.9224586487], [-63.3468132019, -13.8114509583, 13.4297494888, 18.7451381683, 11.6515226364, -1.48229408264, -7.51034736633, -3.46808457375, -5.83682012558, -13.4137582779, -8.86884593964, 18.9224586487, 57.8914451599]],
        "icov": [[0.00053333613323, -7.07067520125e-05, -1.30192665893e-05, 0.00034949881956, -4.79081099911e-05, -0.000481484574266, 0.000519584282301, -0.000831400568131, 0.000417837058194, -0.000392110785469, 0.000163040822372, -0.000304266635794, 0.000547197123524], [-7.07067520125e-05, 0.00341898878105, 0.00210275105201, -0.00230998871848, 0.00141654559411, 0.00168291607406, -0.00119077053387, -0.000252997066127, -2.30496334552e-05, 0.000790416321252, -0.00204590125941, 0.000326342007611, 0.000347562046954], [-1.30192665893e-05, 0.00210275105201, 0.00526896910742, -0.00102832482662, 4.95635467814e-05, -0.000248309399467, -0.000468907091999, -2.52506324614e-05, 0.000731172796804, -0.00103882164694, -0.000199095913558, -0.0016360207228, -0.000143325363752], [0.00034949881956, -0.00230998871848, -0.00102832482662, 0.0119078233838, -0.00612759776413, -0.00170286430512, 0.00230942922644, -0.000802145921625, -0.000293440680252, 0.000655130308587, -0.000928490422666, 0.00126796436962, -0.00277910754085], [-4.79081099911e-05, 0.00141654559411, 4.95635467814e-05, -0.00612759776413, 0.0110889011994, -0.000575766607653, -0.000909010064788, 0.000652271206491, -0.00322169018909, 0.000315072276862, 0.000535848783329, -0.000697368697729, -9.05072556634e-06], [-0.000481484574266, 0.00168291607406, -0.000248309399467, -0.00170286430512, -0.000575766607653, 0.018898492679, -0.0055288374424, -0.000839807442389, 0.00381716736592, -0.000544618640561, 0.00145341234747, 0.000178367030458, 0.000738857197575], [0.000519584282301, -0.00119077053387, -0.000468907091999, 0.00230942922644, -0.000909010064788, -0.0055288374424, 0.0178267396986, -0.00854005198926, 0.00204645516351, 0.000312340096571, -0.00185317266732, 0.00136156717781, 0.00103767658584], [-0.000831400568131, -0.000252997066127, -2.52506324614e-05, -0.000802145921625, 0.000652271206491, -0.000839807442389, -0.00854005198926, 0.0268309880048, -0.0105627151206, 0.00360164279118, 0.00296833738685, -0.00317850336432, 0.000905365566723], [0.000417837058194, -2.30496334552e-05, 0.000731172796804, -0.000293440680252, -0.00322169018909, 0.00381716736592, 0.00204645516351, -0.0105627151206, 0.0271449647844, -0.0121290702373, -0.000874315621331, 0.00118864467368, 0.000159988849191], [-0.000392110785469, 0.000790416321252, -0.00103882164694, 0.000655130308587, 0.000315072276862, -0.000544618640561, 0.000312340096571, 0.00360164279118, -0.0121290702373, 0.028731007129, -0.012063678354, 0.00192288600374, 0.00292488117702], [0.000163040822372, -0.00204590125941, -0.000199095913558, -0.000928490422666, 0.000535848783329, 0.00145341234747, -0.00185317266732, 0.00296833738685, -0.000874315621331, -0.012063678354, 0.0303771197796, -0.0159501284361, 0.00688772462308], [-0.000304266635794, 0.000326342007611, -0.0016360207228, 0.00126796436962, -0.000697368697729, 0.000178367030458, 0.00136156717781, -0.00317850336432, 0.00118864467368, 0.00192288600374, -0.0159501284361, 0.0307196751237, -0.0120741771534], [0.000547197123524, 0.000347562046954, -0.000143325363752, -0.00277910754085, -9.05072556634e-06, 0.000738857197575, 0.00103767658584, 0.000905365566723, 0.000159988849191, 0.00292488117702, 0.00688772462308, -0.0120741771534, 0.0247937105596]]
    },
    "spectral_contrast_coeffs": {
        "mean": [-0.699881911278, -0.738794445992, -0.778711855412, -0.800129413605, -0.786781847477, -0.745910942554],
        "stdev": [0.053973864764, 0.0628710985184, 0.0566618926823, 0.0386625118554, 0.0282792411745, 0.0264094993472]
    },
    "spectral_contrast_valleys": {
        "mean": [-6.34891271591, -6.22355747223, -7.04397106171, -7.0005106926, -6.74443721771, -9.54551792145],
        "stdev": [0.945462465286, 0.928776323795, 0.892610490322, 0.849222421646, 0.838565587997, 0.919515252113]
    }
},
"rhythm": {
    "beats_count": 584,
    "beats_loudness": {
        "mean": 0.0374279543757,
        "stdev": 0.0130296321586
    },
    "bpm": 108.653694153,
    "bpm_histogram_first_peak_bpm": 108,
    "bpm_histogram_first_peak_weight": 0.557522118092,
    "bpm_histogram_second_peak_bpm": 115,
    "bpm_histogram_second_peak_spread": 0,
    "bpm_histogram_second_peak_weight": 0.0188679248095,
    "danceability": 1.13903748989,
    "onset_rate": 2.92909789085,
    "beats_loudness_band_ratio": {
        "mean": [0.410543233156, 0.178387835622, 0.199196591973, 0.0895157977939, 0.109385170043, 0.0747236534953],
        "stdev": [0.141516521573, 0.104674383998, 0.113333135843, 0.0609992705286, 0.0582465603948, 0.0581836849451]
    },
    "beats_position": [0.522448956966, 1.05650794506, 1.59056687355, 2.13623571396, 2.68190479279, 3.22757363319, 3.78485250473, 4.35374164581, 4.8994102478, 5.45668935776, 6.01396799088, 6.57124710083, 7.12852573395, 7.67419481277, 8.2198638916, 8.77714252472, 9.33442115784, 9.89170074463, 10.4489793777, 11.0062580109, 11.5635375977, 12.1208162308, 12.6780948639, 13.2469835281, 13.7926530838, 14.3499317169, 14.90721035, 15.4760990143, 16.0333786011, 16.5906581879, 17.1363258362, 17.693605423, 18.2508831024, 18.8081626892, 19.365442276, 19.9227199554, 20.4799995422, 21.037279129, 21.5945568085, 22.1402263641, 22.7091159821, 23.2663936615, 23.8236732483, 24.3925609589, 24.9614505768, 25.5187301636, 26.076007843, 26.6332874298, 27.2021770477, 27.7710647583, 28.3399543762, 28.9088420868, 29.4661216736, 30.0234012604, 30.5806789398, 31.1495685577, 31.7184581757, 32.2873458862, 32.8562355042, 33.4135131836, 33.9707946777, 34.5280723572, 35.0853500366, 35.6426315308, 36.211517334, 36.7804069519, 37.3376846313, 37.8949661255, 38.4406356812, 39.0095214844, 39.5668029785, 40.1356925964, 40.6929702759, 41.2502479553, 41.8191375732, 42.3880271912, 42.9569168091, 43.5141944885, 44.071472168, 44.6287536621, 45.1860313416, 45.743309021, 46.3121986389, 46.8810882568, 47.4383659363, 47.9956436157, 48.5529251099, 49.1102027893, 49.6674804688, 50.2247619629, 50.7820396423, 51.3393173218, 51.8965988159, 52.4538764954, 53.0227661133, 53.5916557312, 54.1489334106, 54.7062110901, 55.2634925842, 55.8323783875, 56.3896598816, 56.946937561, 57.515827179, 58.0847167969, 58.6419944763, 59.2108840942, 59.7681617737, 60.3370513916, 60.9059410095, 61.463218689, 62.0088882446, 62.5545578003, 63.1118354797, 63.6691131592, 64.2263946533, 64.7836685181, 65.3409500122, 65.8982315063, 66.443901062, 66.9895706177, 67.5468444824, 68.0925140381, 68.6497955322, 69.2186813354, 69.7759628296, 70.3332443237, 70.8905181885, 71.4477996826, 72.0050811768, 72.5623550415, 73.1196365356, 73.6885223389, 74.2574157715, 74.8146896362, 75.3719711304, 75.9292526245, 76.4865264893, 77.0438079834, 77.6010894775, 78.1583633423, 78.7156448364, 79.2729263306, 79.8418121338, 80.410697937, 80.9679794312, 81.5252609253, 82.0941467285, 82.6630401611, 83.2203140259, 83.77759552, 84.3348770142, 84.8921508789, 85.449432373, 86.0067138672, 86.5639877319, 87.1444854736, 87.7133789062, 88.2822647095, 88.8511581421, 89.4200439453, 89.9773254395, 90.5345993042, 91.0918807983, 91.6491622925, 92.2064361572, 92.7521057129, 93.2977752686, 93.8550567627, 94.4239425659, 94.9812240601, 95.5501098633, 96.1073913574, 96.6762771606, 97.2335586548, 97.802444458, 98.3597259521, 98.9170074463, 99.4858932495, 100.054779053, 100.612060547, 101.169342041, 101.726615906, 102.2838974, 102.841178894, 103.398452759, 103.955734253, 104.513015747, 105.058685303, 105.604354858, 106.161628723, 106.707298279, 107.252967834, 107.79863739, 108.344306946, 108.90158844, 109.458862305, 110.039360046, 110.585029602, 111.130699158, 111.687980652, 112.245262146, 112.790924072, 113.336593628, 113.893875122, 114.451156616, 115.008430481, 115.565711975, 116.122993469, 116.680267334, 117.237548828, 117.794830322, 118.352104187, 118.909385681, 119.466667175, 120.012336731, 120.557998657, 121.115280151, 121.660949707, 122.206619263, 122.763900757, 123.321174622, 123.878456116, 124.43573761, 124.981407166, 125.527069092, 126.061134338, 126.606803894, 127.15246582, 127.709747314, 128.25541687, 128.824310303, 129.369979858, 129.915649414, 130.449707031, 130.995376587, 131.541046143, 132.098312378, 132.643981934, 133.189651489, 133.723709106, 134.257781982, 134.7918396, 135.337509155, 135.883178711, 136.440444946, 136.99772644, 137.543395996, 138.089065552, 138.623123169, 139.157180786, 139.679641724, 140.225296021, 140.782577515, 141.32824707, 141.873916626, 142.43119812, 142.988479614, 143.545761108, 144.103042603, 144.660308838, 145.217590332, 145.774871826, 146.33215332, 146.889434814, 147.446716309, 148.003982544, 148.561264038, 149.118545532, 149.675827026, 150.233108521, 150.778778076, 151.336044312, 151.881713867, 152.438995361, 152.996276855, 153.55355835, 154.110839844, 154.668121338, 155.236999512, 155.805892944, 156.363174438, 156.920455933, 157.477722168, 158.046615601, 158.603897095, 159.172790527, 159.730072021, 160.298950195, 160.867843628, 161.425125122, 161.994003296, 162.562896729, 163.131790161, 163.700683594, 164.269561768, 164.826843262, 165.384124756, 165.929794312, 166.487075806, 167.055953979, 167.613235474, 168.170516968, 168.7394104, 169.296691895, 169.85395813, 170.411239624, 170.968521118, 171.525802612, 172.094696045, 172.663574219, 173.220855713, 173.789749146, 174.358642578, 174.915908813, 175.473190308, 176.04208374, 176.610977173, 177.168243408, 177.725524902, 178.282806396, 178.851699829, 179.420593262, 179.989471436, 180.558364868, 181.115646362, 181.672927856, 182.24180603, 182.787475586, 183.34475708, 183.913650513, 184.470932007, 185.028198242, 185.585479736, 186.14276123, 186.688430786, 187.24571228, 187.802993774, 188.360275269, 188.917541504, 189.486434937, 190.043716431, 190.600997925, 191.158279419, 191.727157593, 192.284439087, 192.841720581, 193.387390137, 193.933059692, 194.490341187, 195.036010742, 195.581680298, 196.115737915, 196.649795532, 197.207077026, 197.764343262, 198.321624756, 198.87890625, 199.424575806, 199.970245361, 200.515914917, 201.073196411, 201.630477905, 202.176147461, 202.733413696, 203.29069519, 203.836364746, 204.382034302, 204.927703857, 205.461761475, 206.00743103, 206.564712524, 207.121994019, 207.679275513, 208.236557007, 208.793823242, 209.351104736, 209.90838623, 210.465667725, 211.022949219, 211.580215454, 212.137496948, 212.694778442, 213.240447998, 213.786117554, 214.320175171, 214.854232788, 215.399902344, 215.945571899, 216.502853394, 217.060134888, 217.605804443, 218.151473999, 218.697143555, 219.24281311, 219.800079346, 220.35736084, 220.914642334, 221.471923828, 222.017593384, 222.563262939, 223.108932495, 223.654602051, 224.211883545, 224.76914978, 225.326431274, 225.87210083, 226.417770386, 226.963439941, 227.509109497, 228.066390991, 228.623672485, 229.180953979, 229.738220215, 230.283889771, 230.841171265, 231.38684082, 231.944122314, 232.501403809, 233.058685303, 233.615966797, 234.173233032, 234.718902588, 235.264572144, 235.821853638, 236.355911255, 236.901580811, 237.447250366, 237.992919922, 238.538589478, 239.095870972, 239.641540527, 240.187210083, 240.732879639, 241.278549194, 241.82421875, 242.381484985, 242.950378418, 243.507659912, 244.053329468, 244.598999023, 245.144668579, 245.690338135, 246.224395752, 246.758453369, 247.315734863, 247.861404419, 248.407073975, 248.95274353, 249.498413086, 250.044082642, 250.589752197, 251.123809814, 251.66947937, 252.215148926, 252.760818481, 253.306488037, 253.840545654, 254.374603271, 254.920272827, 255.465942383, 256.023223877, 256.568878174, 257.114562988, 257.648620605, 258.182678223, 258.71673584, 259.250793457, 259.784851074, 260.330505371, 260.876190186, 261.421844482, 261.979125977, 262.524810791, 263.070465088, 263.616149902, 264.161804199, 264.707489014, 265.253143311, 265.798828125, 266.344482422, 266.890167236, 267.424224854, 267.958282471, 268.503936768, 269.049621582, 269.595275879, 270.140960693, 270.675018311, 271.209075928, 271.754730225, 272.288787842, 272.834472656, 273.380126953, 273.925811768, 274.471466064, 275.017150879, 275.551208496, 276.085266113, 276.61932373, 277.153381348, 277.687438965, 278.233093262, 278.778778076, 279.312835693, 279.846893311, 280.380950928, 280.915008545, 281.460662842, 282.006347656, 282.540405273, 283.074462891, 283.608520508, 284.142578125, 284.665039062, 285.187469482, 285.7215271, 286.255584717, 286.801269531, 287.346923828, 287.880981445, 288.415039062, 288.94909668, 289.494781494, 290.040435791, 290.574493408, 291.108551025, 291.64263916, 292.176696777, 292.710754395, 293.244812012, 293.778869629, 294.312927246, 294.858581543, 295.404266357, 295.938323975, 296.472381592, 297.006439209, 297.528869629, 298.062927246, 298.608612061, 299.142669678, 299.676727295, 300.222412109, 300.768066406, 301.302124023, 301.836181641, 302.358642578, 302.904296875, 303.438354492, 303.984039307, 304.529693604, 305.063751221, 305.597808838, 306.120269775, 306.654327393, 307.18838501, 307.722442627, 308.244903564, 308.778961182, 309.324615479, 309.858673096, 310.40435791, 310.938415527, 311.472473145, 312.006530762, 312.540588379, 313.074645996, 313.608703613, 314.131164551, 314.653594971, 315.187652588, 315.721710205, 316.255767822, 316.789825439, 317.323883057, 317.857940674, 318.380401611, 318.914459229, 319.436920166, 320.029022217, 320.621124268, 321.201629639, 321.78213501, 322.374237061],
    "bpm_histogram": [0, 0, 0, 0, 0, 0, 0, 0, 0, 0, 0, 0, 0, 0, 0, 0, 0, 0, 0, 0, 0, 0, 0, 0, 0, 0, 0, 0, 0, 0, 0, 0, 0, 0, 0, 0, 0, 0, 0, 0, 0, 0, 0, 0, 0, 0, 0, 0, 0, 0, 0, 0, 0, 0, 0, 0, 0, 0, 0, 0, 0, 0, 0, 0, 0, 0, 0, 0, 0, 0, 0, 0, 0, 0, 0, 0, 0, 0, 0, 0, 0, 0, 0, 0, 0, 0, 0, 0, 0, 0, 0, 0, 0, 0, 0, 0, 0, 0, 0, 0, 0, 0.00514579750597, 0, 0.00686106365174, 0, 0.132075473666, 0, 0, 0.428816467524, 0, 0.262435674667, 0, 0.145797595382, 0, 0, 0.0188679248095, 0, 0, 0, 0, 0, 0, 0, 0, 0, 0, 0, 0, 0, 0, 0, 0, 0, 0, 0, 0, 0, 0, 0, 0, 0, 0, 0, 0, 0, 0, 0, 0, 0, 0, 0, 0, 0, 0, 0, 0, 0, 0, 0, 0, 0, 0, 0, 0, 0, 0, 0, 0, 0, 0, 0, 0, 0, 0, 0, 0, 0, 0, 0, 0, 0, 0, 0, 0, 0, 0, 0, 0, 0, 0, 0, 0, 0, 0, 0, 0, 0, 0, 0, 0, 0, 0, 0, 0, 0, 0, 0, 0, 0, 0, 0, 0, 0, 0, 0, 0, 0, 0, 0, 0, 0, 0, 0, 0, 0, 0, 0, 0, 0, 0, 0, 0, 0, 0, 0, 0, 0, 0, 0, 0, 0, 0, 0, 0, 0, 0, 0, 0, 0, 0]
},
"tonal": {
    "chords_changes_rate": 0.0557791851461,
    "chords_number_rate": 0.00158136861864,
    "chords_strength": {
        "mean": 0.544892370701,
        "stdev": 0.0915930345654
    },
    "hpcp_crest": {
        "mean": 12.8726320267,
        "stdev": 6.2514333725
    },
    "hpcp_entropy": {
        "mean": 2.18520498276,
        "stdev": 0.753625512123
    },
    "key_edma": {
        "strength": 0.828124821186,
        "key": "A",
        "scale": "major"
    },
    "key_krumhansl": {
        "strength": 0.821994721889,
        "key": "A",
        "scale": "major"
    },
    "key_temperley": {
        "strength": 0.815158963203,
        "key": "A",
        "scale": "major"
    },
    "tuning_diatonic_strength": 0.681019961834,
    "tuning_equal_tempered_deviation": 0.133660316467,
    "tuning_frequency": 446.399932861,
    "tuning_nontempered_energy_ratio": 0.809931397438,
    "hpcp": {
        "mean": [0.246412351727, 0.0700352415442, 0.0497165359557, 0.0511729083955, 0.0789884477854, 0.225068315864, 0.23653075099, 0.0877122208476, 0.0427277721465, 0.0354137979448, 0.0440633110702, 0.0856484845281, 0.0942418277264, 0.0611798241735, 0.0483192801476, 0.0494448877871, 0.0604214482009, 0.0827386379242, 0.0790435373783, 0.0835171937943, 0.29764726758, 0.441830813885, 0.250740975142, 0.0870390534401, 0.058582585305, 0.0618800260127, 0.121814414859, 0.157216846943, 0.110535182059, 0.0653789266944, 0.0492972396314, 0.0709879621863, 0.1660836339, 0.177219048142, 0.159136921167, 0.300817400217],
        "stdev": [0.336214274168, 0.154379174113, 0.132542788982, 0.137663811445, 0.162255063653, 0.28920045495, 0.303712278605, 0.158498823643, 0.119034439325, 0.10128107667, 0.104960992932, 0.175569817424, 0.195390418172, 0.127604648471, 0.101468220353, 0.103977039456, 0.116625592113, 0.139318689704, 0.135080456734, 0.141508668661, 0.261966377497, 0.393799841404, 0.283871561289, 0.181402742863, 0.142791852355, 0.135898604989, 0.213460385799, 0.282964289188, 0.212095528841, 0.15847299993, 0.122787468135, 0.139959484339, 0.229203477502, 0.243520081043, 0.211374700069, 0.385980278254]
    },
    "chords_histogram": [11.2133407593, 12.2627944946, 43.7464065552, 3.4215066433, 5.53479003906, 0.258769392967, 0, 0, 0.21564117074, 1.68200111389, 8.56814289093, 0.287521570921, 0.488786667585, 0, 2.458309412, 0, 0.057504311204, 0.14376078546, 0.805060386658, 4.85911464691, 1.1357101202, 0, 0.963197231293, 1.89764237404],
    "thpcp": [1, 0.567504525185, 0.196996346116, 0.132590532303, 0.140053674579, 0.275703758001, 0.355830430984, 0.250175356865, 0.147972762585, 0.111574925482, 0.160667747259, 0.375898718834, 0.401101589203, 0.36017614603, 0.680842936039, 0.557707488537, 0.158511444926, 0.112523920834, 0.115820147097, 0.178775325418, 0.509399294853, 0.535342335701, 0.198519930243, 0.0967061817646, 0.0801523923874, 0.0997289195657, 0.193849056959, 0.213298454881, 0.138468891382, 0.109361499548, 0.111909098923, 0.136752456427, 0.187263160944, 0.178900003433, 0.18902528286, 0.673667967319],
    "chords_key": "E",
    "chords_scale": "major"
}
}