{
"metadata": {
    "version": {
        "essentia": "2.1-dev",
        "essentia_git_sha": "v2.1_beta3-415-gd5473f3",
        "extractor": "music 2.0"
    },
    "audio_properties": {
        "analysis": {
            "equal_loudness": 0,
            "length": 291.13470459,
            "sample_rate": 44100,
            "start_time": 0,
            "downmix": "mix"
        },
        "bit_rate": 192000,
        "length": 291.13470459,
        "lossless": 0,
        "number_channels": 2,
        "replay_gain": -7.24658966064,
        "sample_rate": 44100,
        "codec": "mp3",
        "md5_encoded": "ae20c2dcf5f3b1fba359aaaacc3e83f7"
    },
    "tags": {
        "file_name": "manic_street_preachers-yes.mp3",
        "date": ["2004"],
        "engineer": ["rosamerica tamyo"]
    }
},
"lowlevel": {
    "average_loudness": 0.943664193153,
    "barkbands_crest": {
        "mean": 10.9807291031,
        "stdev": 3.7306163311
    },
    "barkbands_flatness_db": {
        "mean": 0.143998339772,
        "stdev": 0.043182708323
    },
    "barkbands_kurtosis": {
        "mean": 6.36802864075,
        "stdev": 11.2432746887
    },
    "barkbands_skewness": {
        "mean": 2.02980899811,
        "stdev": 1.25907766819
    },
    "barkbands_spread": {
        "mean": 20.9032001495,
        "stdev": 9.56493186951
    },
    "dissonance": {
        "mean": 0.470946013927,
        "stdev": 0.0246413759887
    },
    "dynamic_complexity": 2.17544722557,
    "erbbands_crest": {
        "mean": 7.28554391861,
        "stdev": 3.50970816612
    },
    "erbbands_flatness_db": {
        "mean": 0.139467224479,
        "stdev": 0.0275992304087
    },
    "erbbands_kurtosis": {
        "mean": 0.00996872037649,
        "stdev": 1.54428982735
    },
    "erbbands_skewness": {
        "mean": 0.076833628118,
        "stdev": 0.654942274094
    },
    "erbbands_spread": {
        "mean": 45.9222602844,
        "stdev": 18.6765384674
    },
    "hfc": {
        "mean": 24.2787361145,
        "stdev": 14.4333667755
    },
    "loudness_ebu128": {
        "integrated": -14.5574054718,
        "loudness_range": 2.74053382874,
        "momentary": {
            "mean": -15.5121202469,
            "stdev": 4.91230678558
        },
        "short_term": {
            "mean": -15.2237405777,
            "stdev": 3.42967557907
        }
    },
    "melbands_crest": {
        "mean": 16.5346183777,
        "stdev": 5.46317052841
    },
    "melbands_flatness_db": {
        "mean": 0.211714908481,
        "stdev": 0.0613230578601
    },
    "melbands_kurtosis": {
        "mean": 21.7024478912,
        "stdev": 26.8897762299
    },
    "melbands_skewness": {
        "mean": 3.54103589058,
        "stdev": 1.8295892477
    },
    "melbands_spread": {
        "mean": 18.2427616119,
        "stdev": 11.0817298889
    },
    "pitch_salience": {
        "mean": 0.50499433279,
        "stdev": 0.113738581538
    },
    "silence_rate_20dB": {
        "mean": 1,
        "stdev": 0
    },
    "silence_rate_30dB": {
        "mean": 0.994178652763,
        "stdev": 0.0760713890195
    },
    "silence_rate_60dB": {
        "mean": 0.0300637949258,
        "stdev": 0.170763269067
    },
    "spectral_centroid": {
        "mean": 1300.7590332,
        "stdev": 524.954528809
    },
    "spectral_complexity": {
        "mean": 25.4318180084,
        "stdev": 11.0060434341
    },
    "spectral_decrease": {
        "mean": -1.15982095039e-08,
        "stdev": 5.71340486033e-09
    },
    "spectral_energy": {
        "mean": 0.0459764935076,
        "stdev": 0.0223184898496
    },
    "spectral_energyband_high": {
        "mean": 0.000911863462534,
        "stdev": 0.000796466483735
    },
    "spectral_energyband_low": {
        "mean": 0.0261154547334,
        "stdev": 0.0175668504089
    },
    "spectral_energyband_middle_high": {
        "mean": 0.00720714172348,
        "stdev": 0.00672302348539
    },
    "spectral_energyband_middle_low": {
        "mean": 0.0145070124418,
        "stdev": 0.0106907235458
    },
    "spectral_entropy": {
        "mean": 7.66185474396,
        "stdev": 0.341555476189
    },
    "spectral_flux": {
        "mean": 0.0919735133648,
        "stdev": 0.0508339554071
    },
    "spectral_kurtosis": {
        "mean": 3.34787487984,
        "stdev": 1.9286595583
    },
    "spectral_rms": {
        "mean": 0.00644432427362,
        "stdev": 0.00182378664613
    },
    "spectral_rolloff": {
        "mean": 985.349182129,
        "stdev": 772.25213623
    },
    "spectral_skewness": {
        "mean": 1.30400979519,
        "stdev": 0.44693544507
    },
    "spectral_spread": {
        "mean": 4412313,
        "stdev": 1017710.625
    },
    "spectral_strongpeak": {
        "mean": 0.697163760662,
        "stdev": 0.705982685089
    },
    "zerocrossingrate": {
        "mean": 0.046398088336,
        "stdev": 0.0192029289901
    },
    "barkbands": {
        "mean": [0.00017950272013, 0.0108306929469, 0.0124906208366, 0.00489247823134, 0.00365540152416, 0.00160064070951, 0.00151628721505, 0.0010392483091, 0.00152426690329, 0.00120563455857, 0.000942119804677, 0.000973778660409, 0.000579985673539, 0.000989781343378, 0.000549606455024, 0.000617427751422, 0.000444556208095, 0.000395307783037, 0.000480477901874, 0.000317672500387, 0.000299469480524, 0.000220526562771, 0.00012170609989, 5.94269731664e-05, 3.18297206832e-05, 1.75554268935e-05, 5.4580050346e-07],
        "stdev": [0.000481139490148, 0.0113956294954, 0.0119254719466, 0.00469101732597, 0.00570709817111, 0.00229829992168, 0.00215019891039, 0.0020137259271, 0.00293241371401, 0.00269465800375, 0.00196918915026, 0.00176983873826, 0.000841884349938, 0.00188011548016, 0.00109069910832, 0.0012422677828, 0.000513116538059, 0.000425371457823, 0.000424210884375, 0.000363589526387, 0.000289224961307, 0.000260036817053, 0.000154432986164, 6.68387729093e-05, 3.37304772984e-05, 3.45810076396e-05, 1.24294069792e-06]
    },
    "erbbands": {
        "mean": [0.173891335726, 2.99024939537, 13.4470920563, 15.9164962769, 12.765668869, 13.8270969391, 13.0249700546, 13.0631856918, 22.0358009338, 18.8457641602, 26.5377693176, 32.723941803, 37.1307754517, 39.7061195374, 31.9854011536, 37.4335632324, 29.9948062897, 40.1965370178, 39.2343444824, 33.160823822, 31.5317955017, 25.6191139221, 23.4460678101, 24.0830898285, 20.5401210785, 15.0281820297, 12.6110668182, 11.0726499557, 8.22870159149, 5.92876720428, 2.88133597374, 1.5286809206, 0.859011948109, 0.418277561665, 0.192671656609, 0.10035648942, 0.0278176479042, 0.00299175013788, 0.000102950783912, 5.6395358115e-05],
        "stdev": [0.252656757832, 2.93892669678, 11.6605815887, 12.622133255, 11.0451412201, 24.8398303986, 21.5783519745, 17.4617557526, 33.1202354431, 29.7449092865, 48.2429428101, 66.4841690063, 82.1714401245, 65.8226623535, 54.6814727783, 67.2998733521, 39.107963562, 68.0460586548, 69.792427063, 61.5686759949, 47.5828742981, 31.1828422546, 24.6693534851, 21.3735790253, 19.6491241455, 18.1598873138, 12.6769275665, 10.8381271362, 9.48980045319, 7.73759317398, 3.6598777771, 1.72737634182, 1.00587952137, 0.420064151287, 0.236637607217, 0.183792844415, 0.0584613159299, 0.00585675658658, 0.000184604592505, 2.76386981568e-05]
    },
    "gfcc": {
        "mean": [27.7810554504, 102.727378845, -118.001785278, 49.8782958984, -53.2965126038, 21.0792865753, -30.4155311584, 7.25868463516, -24.8710594177, -0.137085571885, -18.8147525787, -4.01839876175, -14.0670051575],
        "cov": [[5021.29248047, -151.633239746, -281.583190918, -2.38635611534, -61.2117843628, 104.11366272, 16.1638221741, 92.8267440796, -53.0395698547, 18.8060913086, -130.561904907, 30.0871009827, 24.1370601654], [-151.633239746, 293.288513184, -29.2914333344, -15.7319736481, 52.2508125305, -7.50318431854, 38.179775238, -9.01248550415, 44.7969436646, -18.363275528, 43.4886703491, -38.7581977844, 31.5992584229], [-281.583190918, -29.2914333344, 943.616149902, -34.4684410095, 111.490119934, 150.339584351, -20.0055923462, 15.9729833603, -52.0744972229, 49.0395431519, -103.384849548, 52.5305747986, -109.75920105], [-2.38635611534, -15.7319736481, -34.4684410095, 394.956329346, 14.7344894409, 34.6988105774, 43.4282989502, 0.202951461077, 45.1695098877, -43.8779602051, 53.3279037476, -49.2372550964, 39.5634651184], [-61.2117843628, 52.2508125305, 111.490119934, 14.7344894409, 203.454544067, 83.2778015137, 42.4352035522, 18.2812843323, -15.6365699768, 11.0645561218, -23.4489898682, -6.87431764603, -8.61324691772], [104.11366272, -7.50318431854, 150.339584351, 34.6988105774, 83.2778015137, 177.47215271, 65.360458374, 5.2259759903, -13.4275569916, -9.72393321991, -11.7315778732, -11.6937017441, -18.9074497223], [16.1638221741, 38.179775238, -20.0055923462, 43.4282989502, 42.4352035522, 65.360458374, 108.153213501, 27.4805011749, -3.41246652603, -14.5950250626, 5.54425954819, -18.5579795837, 0.707665026188], [92.8267440796, -9.01248550415, 15.9729833603, 0.202951461077, 18.2812843323, 5.2259759903, 27.4805011749, 77.7309112549, 17.4617233276, 4.88264656067, -14.7236795425, 0.278792083263, -0.998457014561], [-53.0395698547, 44.7969436646, -52.0744972229, 45.1695098877, -15.6365699768, -13.4275569916, -3.41246652603, 17.4617233276, 101.5651474, 12.4461021423, 19.4413585663, -7.95358848572, 14.5835533142], [18.8060913086, -18.363275528, 49.0395431519, -43.8779602051, 11.0645561218, -9.72393321991, -14.5950250626, 4.88264656067, 12.4461021423, 67.3866271973, 4.53402805328, 17.2715759277, -10.8133831024], [-130.561904907, 43.4886703491, -103.384849548, 53.3279037476, -23.4489898682, -11.7315778732, 5.54425954819, -14.7236795425, 19.4413585663, 4.53402805328, 85.8556213379, 2.47804999352, 19.3210010529], [30.0871009827, -38.7581977844, 52.5305747986, -49.2372550964, -6.87431764603, -11.6937017441, -18.5579795837, 0.278792083263, -7.95358848572, 17.2715759277, 2.47804999352, 67.934677124, 4.31897830963], [24.1370601654, 31.5992584229, -109.75920105, 39.5634651184, -8.61324691772, -18.9074497223, 0.707665026188, -0.998457014561, 14.5835533142, -10.8133831024, 19.3210010529, 4.31897830963, 72.0115509033]],
        "icov": [[0.000288879266009, -0.000533573969733, 0.000459920993308, -0.000469788355986, 0.000521723646671, -0.000860880187247, 0.000588653376326, -0.000621388084255, 0.000665106170345, -0.00083831459051, 0.00127073458862, -0.00083921366604, 0.000367199449101], [-0.000533573969733, 0.0100564034656, -0.00343908183277, 0.0052395099774, -0.00498267589137, 0.00625016586855, -0.00622417451814, 0.00450070248917, -0.00701342523098, 0.00739635946229, -0.0102517623454, 0.00936682336032, -0.00646596867591], [0.000459920993308, -0.00343908183277, 0.00353223807178, -0.00273758172989, 0.00173874536995, -0.00443778932095, 0.00370980915613, -0.00228101061657, 0.00321644498035, -0.00424336642027, 0.00625696452335, -0.005510404706, 0.00458061881363], [-0.000469788355986, 0.0052395099774, -0.00273758172989, 0.00676129572093, -0.00310546834953, 0.00374443060718, -0.00421485258266, 0.00274046882987, -0.00534154986963, 0.00660522980615, -0.00860171020031, 0.00773590989411, -0.00542032346129], [0.000521723646671, -0.00498267589137, 0.00173874536995, -0.00310546834953, 0.00945852696896, -0.00611189752817, 0.00225889030844, -0.00342360534705, 0.00479506934062, -0.0063902894035, 0.00723409419879, -0.00435145571828, 0.00221419823356], [-0.000860880187247, 0.00625016586855, -0.00443778932095, 0.00374443060718, -0.00611189752817, 0.0154069857672, -0.010242279619, 0.00576372584328, -0.00553694646806, 0.00732594402507, -0.00857129599899, 0.00734158512205, -0.0036997043062], [0.000588653376326, -0.00622417451814, 0.00370980915613, -0.00421485258266, 0.00225889030844, -0.010242279619, 0.0199993047863, -0.00923730898649, 0.00650352612138, -0.00378560298122, 0.00526791019365, -0.00453764433041, 0.00473358668387], [-0.000621388084255, 0.00450070248917, -0.00228101061657, 0.00274046882987, -0.00342360534705, 0.00576372584328, -0.00923730898649, 0.0193663220853, -0.0074364412576, 0.00300371646881, -0.00178698531818, 0.00326024834067, -0.00304488488473], [0.000665106170345, -0.00701342523098, 0.00321644498035, -0.00534154986963, 0.00479506934062, -0.00553694646806, 0.00650352612138, -0.0074364412576, 0.0178556554019, -0.00942911114544, 0.00650295428932, -0.00526705151424, 0.00318364845589], [-0.00083831459051, 0.00739635946229, -0.00424336642027, 0.00660522980615, -0.0063902894035, 0.00732594402507, -0.00378560298122, 0.00300371646881, -0.00942911114544, 0.0264249872416, -0.0130036873743, 0.00505510624498, -0.00275987223722], [0.00127073458862, -0.0102517623454, 0.00625696452335, -0.00860171020031, 0.00723409419879, -0.00857129599899, 0.00526791019365, -0.00178698531818, 0.00650295428932, -0.0130036873743, 0.0299899093807, -0.0142152002081, 0.00641001015902], [-0.00083921366604, 0.00936682336032, -0.005510404706, 0.00773590989411, -0.00435145571828, 0.00734158512205, -0.00453764433041, 0.00326024834067, -0.00526705151424, 0.00505510624498, -0.0142152002081, 0.0291957072914, -0.0110923498869], [0.000367199449101, -0.00646596867591, 0.00458061881363, -0.00542032346129, 0.00221419823356, -0.0036997043062, 0.00473358668387, -0.00304488488473, 0.00318364845589, -0.00275987223722, 0.00641001015902, -0.0110923498869, 0.0236515570432]]
    },
    "melbands": {
        "mean": [0.0022682545241, 0.00617776112631, 0.00279465899803, 0.00093796371948, 0.000496095686685, 0.000311475218041, 0.000315606448567, 0.000210881975363, 0.000234233986703, 0.000198905559955, 0.000187588040717, 0.000165373552591, 0.000122412879136, 9.19666199479e-05, 9.73125497694e-05, 5.86808855587e-05, 7.90738413343e-05, 7.11740576662e-05, 4.250512211e-05, 4.63988544652e-05, 3.38251993526e-05, 2.74881949736e-05, 2.16298030864e-05, 1.9138218704e-05, 1.97894278244e-05, 1.73239077412e-05, 1.21982129713e-05, 9.38962693908e-06, 7.88249599282e-06, 7.17914826964e-06, 6.05520199315e-06, 4.70282293463e-06, 3.9872711568e-06, 3.04835225506e-06, 1.75215836862e-06, 1.14419333386e-06, 8.32382625049e-07, 6.20693128894e-07, 4.64936590561e-07, 3.16521891364e-07],
        "stdev": [0.00256887171417, 0.00475309975445, 0.00193099013995, 0.00123988906853, 0.000814198981971, 0.000405720726121, 0.000461324874777, 0.000354694580892, 0.000452105421573, 0.000396289804485, 0.000427071674494, 0.000289751333185, 0.000247515097726, 0.000174562766915, 0.000200982496608, 8.16378960735e-05, 0.000145311874803, 0.000147572805872, 8.8716915343e-05, 0.000115547518362, 4.97578075738e-05, 3.75372910639e-05, 2.2359603463e-05, 2.44778748311e-05, 1.83851025213e-05, 1.60330928338e-05, 1.49340494318e-05, 1.26385129988e-05, 8.48419767863e-06, 7.07910066922e-06, 6.22009793005e-06, 5.48243042431e-06, 5.34279297426e-06, 4.10260827266e-06, 2.35194920606e-06, 1.43264344388e-06, 9.64805281001e-07, 7.57175484978e-07, 5.39627535545e-07, 3.27150075918e-07]
    },
    "melbands128": {
        "mean": [0.000172895292053, 0.000965038314462, 0.00263968785293, 0.00565716577694, 0.00719951093197, 0.00575536722317, 0.00326220132411, 0.0023450916633, 0.00101792195346, 0.00091985007748, 0.000852103345096, 0.000541179208085, 0.000394071656046, 0.000501895265188, 0.000286122376565, 0.000178715825314, 0.000411051354604, 0.00034805922769, 0.000194307242054, 0.000192102408619, 0.000218573841266, 0.000238627646468, 0.000188559177332, 0.000298670434859, 0.000244659167947, 0.000123676960357, 0.000186327670235, 0.00016448830138, 0.000251847726759, 0.000145270067151, 0.000140118063428, 0.0001867285755, 0.000136044473038, 4.83094918309e-05, 0.000112880094093, 8.191967936e-05, 9.65992585407e-05, 0.00013986878912, 6.29805290373e-05, 4.86944773002e-05, 5.75085105083e-05, 7.01254612068e-05, 7.14582856745e-05, 7.23055782146e-05, 0.000133031280711, 4.84124102513e-05, 3.84212617064e-05, 4.66031560791e-05, 4.17680894316e-05, 4.01699471695e-05, 5.86802416365e-05, 3.26515983033e-05, 4.26382284786e-05, 2.84823363472e-05, 2.66526894848e-05, 3.41093764291e-05, 1.89438087546e-05, 2.26425763685e-05, 2.17839606194e-05, 2.18854493141e-05, 2.13218463614e-05, 1.41458931466e-05, 1.73096541403e-05, 1.99341775442e-05, 2.65369199042e-05, 1.62433771038e-05, 1.34947431434e-05, 1.38175482789e-05, 1.20139293358e-05, 9.34617128223e-06, 1.06343077277e-05, 8.66677783051e-06, 7.30797137294e-06, 8.34792808746e-06, 7.70135011408e-06, 6.75363708069e-06, 7.3659816735e-06, 7.10299218554e-06, 5.71257396587e-06, 5.32589683644e-06, 4.56182897324e-06, 4.68542293675e-06, 4.49133995062e-06, 3.99574946641e-06, 3.40200222126e-06, 3.45631133314e-06, 2.97847918773e-06, 2.16550097321e-06, 1.79324570126e-06, 1.3192679944e-06, 1.2011465742e-06, 1.11779661438e-06, 9.91611841528e-07, 8.49475611631e-07, 7.48505385673e-07, 6.10908728049e-07, 6.08808022662e-07, 6.12036103576e-07, 4.34137092498e-07, 4.6171936674e-07, 3.1834906622e-07, 3.30468679977e-07, 2.41669141587e-07, 1.96733765279e-07, 1.98287750663e-07, 2.16605897663e-07, 2.25600885528e-07, 2.07448366041e-07, 1.50636481067e-07, 1.72232788032e-07, 1.3564415724e-07, 1.12219680659e-07, 8.05778199719e-08, 5.48303731307e-08, 4.82335096308e-08, 2.30369678889e-08, 1.80756902779e-08, 4.16776213541e-09, 8.16926137848e-10, 3.13604975322e-10, 1.3910633756e-10, 1.18263634996e-10, 5.52473691795e-11, 3.82572341862e-11, 3.14916911992e-11, 2.1805800221e-11, 1.75176678718e-11, 9.6753013587e-12],
        "stdev": [0.000464960758109, 0.00212573749013, 0.00353897199966, 0.00601706793532, 0.00650004763156, 0.00570693193004, 0.00309466687031, 0.00236779847182, 0.00106842513196, 0.00164124171715, 0.00175744574517, 0.00122090487275, 0.000821413646918, 0.000885343237314, 0.000469675724162, 0.000365781830624, 0.000733950408176, 0.000588564202189, 0.000391126581235, 0.000413356552599, 0.000571196549572, 0.000553349847905, 0.000563687237445, 0.000883812899701, 0.0006839162088, 0.000337252975442, 0.000596190511715, 0.000551329518203, 0.000678651791532, 0.000442426855443, 0.00030042391154, 0.000498705718201, 0.000378631870262, 9.83885693131e-05, 0.000308847782435, 0.000215925945668, 0.000287905015284, 0.000376386684366, 0.000145658283145, 8.4921150119e-05, 0.00011778226326, 0.000174544984475, 0.000198263296625, 0.000199125162908, 0.000393928436097, 0.000124367579701, 0.000123433652334, 0.000147722894326, 0.000129808002384, 0.000111917353934, 0.000228498131037, 9.11176903173e-05, 9.53696799115e-05, 4.63343894808e-05, 3.59034820576e-05, 7.00849996065e-05, 3.2783151255e-05, 3.46948727383e-05, 2.81494612864e-05, 3.01808431686e-05, 4.51357627753e-05, 2.46879153565e-05, 1.96296768991e-05, 2.17593169509e-05, 3.41387349181e-05, 1.71377341758e-05, 2.06653330679e-05, 2.00579597731e-05, 1.8410042685e-05, 1.40027223097e-05, 2.28694716498e-05, 1.30991729748e-05, 1.04037535493e-05, 1.13489686555e-05, 1.20230442917e-05, 7.55024620958e-06, 7.84645180829e-06, 1.00995721368e-05, 6.84669475959e-06, 6.69896053296e-06, 5.80354617341e-06, 6.88928321324e-06, 6.27830695521e-06, 6.14256759945e-06, 5.39528673471e-06, 5.32387366547e-06, 4.36011077909e-06, 3.24873849422e-06, 2.72628631137e-06, 1.96243308892e-06, 1.80463553079e-06, 1.48864035054e-06, 1.20674076243e-06, 1.19142691801e-06, 9.45349768244e-07, 8.16035253592e-07, 8.44172859615e-07, 8.28618112791e-07, 6.18311730705e-07, 5.77461889861e-07, 3.48671392203e-07, 3.83813670624e-07, 2.66175021579e-07, 2.43857272153e-07, 2.65725475401e-07, 3.53788379925e-07, 3.96581469886e-07, 3.75733492319e-07, 3.07944162614e-07, 4.4197332727e-07, 3.63664071301e-07, 2.58136196862e-07, 1.77391186185e-07, 1.35902780585e-07, 9.91276323248e-08, 4.67667078397e-08, 3.64856447277e-08, 1.40647875568e-08, 7.30883353839e-09, 4.08400158136e-09, 1.96676830377e-09, 1.89210691559e-09, 8.57836246482e-10, 5.53902146372e-10, 4.50275844388e-10, 3.38858718862e-10, 2.98341629179e-10, 1.15994013006e-10]
    },
    "mfcc": {
        "mean": [-609.182189941, 121.474601746, 1.27612578869, 33.3990898132, 4.29505777359, 15.8914957047, 5.77415752411, 8.18297481537, 1.80012226105, 1.09599769115, 1.30145716667, -1.28126382828, -3.05666589737],
        "cov": [[4522.39648438, -101.987380981, -529.10748291, 71.7396392822, -201.86807251, -13.0113382339, -34.2219314575, 70.0329742432, 57.7304954529, 45.5714950562, -33.8442077637, -47.0728263855, -15.922504425], [-101.987380981, 441.193481445, 34.0607032776, -99.6866760254, 45.096912384, 4.00897979736, 18.8707523346, -13.5397863388, 11.0651159286, 5.05557870865, 17.2809257507, -11.7795238495, -13.7459449768], [-529.10748291, 34.0607032776, 637.557800293, 25.5636672974, 124.814369202, 113.844734192, 24.4489688873, 39.9128227234, 0.537151873112, 10.2229442596, 19.7263679504, 5.88922262192, -2.43683624268], [71.7396392822, -99.6866760254, 25.5636672974, 234.343948364, 39.4021453857, 17.9104175568, 14.8375291824, 17.4386138916, 22.2655620575, 9.89225196838, -2.20201086998, 24.1428813934, 17.6802883148], [-201.86807251, 45.096912384, 124.814369202, 39.4021453857, 157.316558838, 75.3003005981, 37.085357666, 23.4341011047, 23.4742050171, 14.0473985672, 7.47990846634, 2.8726246357, -0.252947717905], [-13.0113382339, 4.00897979736, 113.844734192, 17.9104175568, 75.3003005981, 152.583496094, 73.5243225098, 39.1583099365, 12.0027627945, 18.8874130249, 12.6922130585, -5.64097452164, -13.2212285995], [-34.2219314575, 18.8707523346, 24.4489688873, 14.8375291824, 37.085357666, 73.5243225098, 146.837051392, 48.6823501587, 14.3966093063, 6.10902738571, 6.7105050087, -1.24045574665, -17.6002750397], [70.0329742432, -13.5397863388, 39.9128227234, 17.4386138916, 23.4341011047, 39.1583099365, 48.6823501587, 91.9184036255, 29.3192081451, 17.6769733429, 3.57030057907, -2.0169262886, -1.63594317436], [57.7304954529, 11.0651159286, 0.537151873112, 22.2655620575, 23.4742050171, 12.0027627945, 14.3966093063, 29.3192081451, 79.3026809692, 26.091753006, -1.12074744701, -3.44117736816, -1.48266005516], [45.5714950562, 5.05557870865, 10.2229442596, 9.89225196838, 14.0473985672, 18.8874130249, 6.10902738571, 17.6769733429, 26.091753006, 69.386680603, 23.6351890564, -2.11189413071, -3.31659221649], [-33.8442077637, 17.2809257507, 19.7263679504, -2.20201086998, 7.47990846634, 12.6922130585, 6.7105050087, 3.57030057907, -1.12074744701, 23.6351890564, 53.9381370544, 18.6727104187, -1.17091047764], [-47.0728263855, -11.7795238495, 5.88922262192, 24.1428813934, 2.8726246357, -5.64097452164, -1.24045574665, -2.0169262886, -3.44117736816, -2.11189413071, 18.6727104187, 55.1110725403, 22.5636196136], [-15.922504425, -13.7459449768, -2.43683624268, 17.6802883148, -0.252947717905, -13.2212285995, -17.6002750397, -1.63594317436, -1.48266005516, -3.31659221649, -1.17091047764, 22.5636196136, 49.4395828247]],
        "icov": [[0.000278033869108, -4.31917833339e-05, 0.000229870056501, -0.000165153003763, 0.000395400478737, -0.000332686176989, 0.000239479311858, -0.000319928687532, -9.72683483269e-05, -0.000113373738714, 0.00011278391321, 0.000140318967169, 6.37572156847e-05], [-4.31917833339e-05, 0.0028308709152, -0.000123432313558, 0.00137640244793, -0.00130275578704, 0.000753532804083, -0.000716831767932, 0.000880738371052, -0.000730480533093, 0.000189660131582, -0.00105562794488, 0.000458825845271, 7.99277728447e-08], [0.000229870056501, -0.000123432313558, 0.00222796224989, -0.000163627191796, -0.00086641026428, -0.00142427429091, 0.000951842870563, -0.000983694684692, 0.00046951812692, 0.000216563552385, -0.000303191540297, -4.04572965635e-05, 0.000168921833392], [-0.000165153003763, 0.00137640244793, -0.000163627191796, 0.00563504500315, -0.00178664573468, 0.000460607348941, -0.000668185704853, 0.000302647444187, -0.00109864457045, -0.000561273598578, 0.000920411897823, -0.00221803761087, -0.000844074063934], [0.000395400478737, -0.00130275578704, -0.00086641026428, -0.00178664573468, 0.0107290940359, -0.00435672653839, 0.000190560065676, -9.77722884272e-05, -0.00206282595173, -0.000184009681107, 0.000478150002891, -7.61276605772e-05, -0.000712370791007], [-0.000332686176989, 0.000753532804083, -0.00142427429091, 0.000460607348941, -0.00435672653839, 0.0124796340242, -0.00476390263066, -0.000759442977142, 0.00109477690421, -0.0014499030076, -0.0014060754329, 0.00138676271308, 0.000730786356144], [0.000239479311858, -0.000716831767932, 0.000951842870563, -0.000668185704853, 0.000190560065676, -0.00476390263066, 0.0111197624356, -0.00474213296548, 2.99789862765e-05, 0.00144071562681, 1.51587864821e-05, -0.00156051700469, 0.00350247160532], [-0.000319928687532, 0.000880738371052, -0.000983694684692, 0.000302647444187, -9.77722884272e-05, -0.000759442977142, -0.00474213296548, 0.0161887500435, -0.00442627677694, -0.00159817410167, -0.000117372052046, 0.000815892766695, -0.00198606099002], [-9.72683483269e-05, -0.000730480533093, 0.00046951812692, -0.00109864457045, -0.00206282595173, 0.00109477690421, 2.99789862765e-05, -0.00442627677694, 0.0172525011003, -0.00620862888172, 0.00349794817157, -0.000375324278139, 0.000683059217408], [-0.000113373738714, 0.000189660131582, 0.000216563552385, -0.000561273598578, -0.000184009681107, -0.0014499030076, 0.00144071562681, -0.00159817410167, -0.00620862888172, 0.0214230567217, -0.0110242888331, 0.00447942595929, -0.000755563902203], [0.00011278391321, -0.00105562794488, -0.000303191540297, 0.000920411897823, 0.000478150002891, -0.0014060754329, 1.51587864821e-05, -0.000117372052046, 0.00349794817157, -0.0110242888331, 0.0287317913026, -0.0125833647326, 0.0048153870739], [0.000140318967169, 0.000458825845271, -4.04572965635e-05, -0.00221803761087, -7.61276605772e-05, 0.00138676271308, -0.00156051700469, 0.000815892766695, -0.000375324278139, 0.00447942595929, -0.0125833647326, 0.0289801731706, -0.0124290855601], [6.37572156847e-05, 7.99277728447e-08, 0.000168921833392, -0.000844074063934, -0.000712370791007, 0.000730786356144, 0.00350247160532, -0.00198606099002, 0.000683059217408, -0.000755563902203, 0.0048153870739, -0.0124290855601, 0.0276866983622]]
    },
    "spectral_contrast_coeffs": {
        "mean": [-0.675490915775, -0.75882178545, -0.76762419939, -0.792106747627, -0.799505591393, -0.731334030628],
        "stdev": [0.0687484443188, 0.0682257562876, 0.0682706832886, 0.0507582761347, 0.0303747020662, 0.0403356701136]
    },
    "spectral_contrast_valleys": {
        "mean": [-6.26110315323, -6.5852227211, -7.05586147308, -7.263048172, -7.12577486038, -10.0418310165],
        "stdev": [0.822302281857, 0.844104528427, 0.808741092682, 0.792070686817, 0.878293931484, 0.75897371769]
    }
},
"rhythm": {
    "beats_count": 683,
    "beats_loudness": {
        "mean": 0.0472634062171,
        "stdev": 0.0198177713901
    },
    "bpm": 141.030517578,
    "bpm_histogram_first_peak_bpm": 140,
    "bpm_histogram_first_peak_weight": 0.462109982967,
    "bpm_histogram_second_peak_bpm": 148,
    "bpm_histogram_second_peak_spread": 0,
    "bpm_histogram_second_peak_weight": 0.0102639300749,
    "danceability": 1.12369453907,
    "onset_rate": 3.62693405151,
    "beats_loudness_band_ratio": {
        "mean": [0.534294188023, 0.131424963474, 0.137602448463, 0.106853157282, 0.0710630714893, 0.0510358475149],
        "stdev": [0.223966687918, 0.0936357751489, 0.111090563238, 0.0888896360993, 0.0613523162901, 0.0338493958116]
    },
    "beats_position": [0.476009070873, 0.905578196049, 1.3235373497, 1.75310659409, 2.18267560005, 2.61224484444, 3.04181408882, 3.45977306366, 3.87773227692, 4.29569149017, 4.71365070343, 5.13160991669, 5.54956912994, 5.97913837433, 6.40870714188, 6.82666635513, 7.26784563065, 7.69741487503, 8.12698364258, 8.54494285583, 8.98612213135, 9.41569137573, 9.84526062012, 10.2632198334, 10.6811790466, 11.110748291, 11.5287075043, 11.9582767487, 12.3762359619, 12.8058052063, 13.235373497, 13.6649427414, 14.0945119858, 14.5240812302, 14.9536504745, 15.3832197189, 15.8127889633, 16.2307472229, 16.6603164673, 17.0898857117, 17.5078449249, 17.9258041382, 18.3553733826, 18.784942627, 19.2029018402, 19.6208610535, 20.0504302979, 20.4799995422, 20.8979587555, 21.3159179688, 21.7454872131, 22.1750564575, 22.5930156708, 23.010974884, 23.4405441284, 23.8701133728, 24.2880725861, 24.7060317993, 25.1472110748, 25.5767803192, 26.0063495636, 26.4243087769, 26.8422679901, 27.2718353271, 27.7014045715, 28.1309738159, 28.5605430603, 28.9785022736, 29.3964614868, 29.8260307312, 30.2555999756, 30.6735591888, 31.0915184021, 31.5210876465, 31.9506568909, 32.3686180115, 32.7981834412, 33.2277526855, 33.6573219299, 34.0868911743, 34.5048522949, 34.9228096008, 35.3407707214, 35.7703399658, 36.1999092102, 36.6178665161, 37.0358276367, 37.4653968811, 37.8949661255, 38.3129234314, 38.7424926758, 39.1720619202, 39.5900230408, 40.0195922852, 40.4491615295, 40.8787307739, 41.3083000183, 41.7378692627, 42.1674385071, 42.585395813, 43.0033569336, 43.4213142395, 43.8508834839, 44.2804527283, 44.7100219727, 45.139591217, 45.5575485229, 45.9755096436, 46.4050788879, 46.8346481323, 47.2526054382, 47.6821746826, 48.111743927, 48.5297050476, 48.9708824158, 49.4004516602, 49.8300209045, 50.2479820251, 50.6775512695, 51.0955085754, 51.5250778198, 51.9430389404, 52.3609962463, 52.7905654907, 53.2201347351, 53.6497039795, 54.0792732239, 54.4972343445, 54.9268035889, 55.3563690186, 55.7743301392, 56.1922874451, 56.6218566895, 57.0514259338, 57.4693870544, 57.8873443604, 58.3169136047, 58.7348747253, 59.1644439697, 59.5940132141, 60.0351905823, 60.4647598267, 60.8827209473, 61.3006782532, 61.7186393738, 62.1249885559, 62.5545578003, 62.9841270447, 63.4136962891, 63.831653595, 64.2612228394, 64.6907958984, 65.1319732666, 65.5615386963, 65.9911117554, 66.409072876, 66.8270263672, 67.2449874878, 67.6629486084, 68.0809020996, 68.5104751587, 68.9284362793, 69.358001709, 69.7875747681, 70.2171401978, 70.6351013184, 71.053062439, 71.4942398071, 71.9354171753, 72.3533782959, 72.7713394165, 73.1892929077, 73.6188659668, 74.0252151489, 74.4547805786, 74.8727416992, 75.3023147583, 75.731880188, 76.1614532471, 76.5794067383, 77.0205917358, 77.4385452271, 77.8565063477, 78.2976837158, 78.738861084, 79.1684341431, 79.5979995728, 80.0159606934, 80.433921814, 80.8634872437, 81.2930603027, 81.7110214233, 82.1289749146, 82.5469360352, 82.9648971558, 83.3828582764, 83.8008117676, 84.2303848267, 84.6599502563, 85.0895233154, 85.5190887451, 85.9370498657, 86.3550109863, 86.7729721069, 87.1909255981, 87.6088867188, 88.0268478394, 88.456413269, 88.8859863281, 89.3155517578, 89.7451248169, 90.1746902466, 90.6042633057, 91.0338287354, 91.4634017944, 91.8929672241, 92.3225402832, 92.7521057129, 93.181678772, 93.5996322632, 94.0175933838, 94.4355545044, 94.853515625, 95.2830810547, 95.7126541138, 96.1422195435, 96.5717926025, 96.9897460938, 97.4077072144, 97.8372802734, 98.2668457031, 98.6848068237, 99.1143722534, 99.5439453125, 99.9619064331, 100.379859924, 100.797821045, 101.227394104, 101.656959534, 102.074920654, 102.516098022, 102.934059143, 103.363624573, 103.781585693, 104.211151123, 104.629112244, 105.058685303, 105.488250732, 105.906211853, 106.324172974, 106.742126465, 107.160087585, 107.589660645, 108.019226074, 108.437187195, 108.866752625, 109.296325684, 109.737503052, 110.167076111, 110.596641541, 111.014602661, 111.432563782, 111.862129211, 112.291702271, 112.709655762, 113.127616882, 113.557182312, 113.986755371, 114.416320801, 114.84589386, 115.26385498, 115.69342041, 116.122993469, 116.54094696, 116.97052002, 117.400085449, 117.81804657, 118.23600769, 118.66557312, 119.095146179, 119.5131073, 119.942672729, 120.372245789, 120.79019928, 121.2081604, 121.637733459, 122.067298889, 122.508476257, 122.926437378, 123.344398499, 123.762359619, 124.18031311, 124.609886169, 125.039451599, 125.469024658, 125.898590088, 126.328163147, 126.757728577, 127.187301636, 127.616867065, 128.034820557, 128.452789307, 128.882354736, 129.311920166, 129.729888916, 130.147842407, 130.577407837, 131.006988525, 131.424942017, 131.842895508, 132.260864258, 132.702041626, 133.119995117, 133.537963867, 133.955917358, 134.385482788, 134.803451538, 135.233016968, 135.662582397, 136.092147827, 136.521713257, 136.951293945, 137.369247437, 137.787200928, 138.216781616, 138.646347046, 139.075912476, 139.505477905, 139.923446655, 140.341400146, 140.759368896, 141.200546265, 141.618499756, 142.036453247, 142.466033936, 142.895599365, 143.325164795, 143.754730225, 144.184310913, 144.613876343, 145.031829834, 145.449798584, 145.867752075, 146.285705566, 146.703674316, 147.144851685, 147.562805176, 147.992385864, 148.410339355, 148.839904785, 149.269470215, 149.699050903, 150.117004395, 150.534957886, 150.964538574, 151.394104004, 151.823669434, 152.241622925, 152.659591675, 153.089157104, 153.507110596, 153.925079346, 154.366256714, 154.795822144, 155.225387573, 155.6665802, 156.084533691, 156.52571106, 156.943664551, 157.361633301, 157.779586792, 158.185943604, 158.592285156, 159.033462524, 159.463043213, 159.892608643, 160.310562134, 160.728515625, 161.158096313, 161.587661743, 162.017227173, 162.446792603, 162.876373291, 163.305938721, 163.723892212, 164.141860962, 164.571426392, 165.000991821, 165.430557251, 165.848526001, 166.266479492, 166.696044922, 167.114013672, 167.531967163, 167.961532593, 168.391113281, 168.820678711, 169.250244141, 169.67980957, 170.109390259, 170.52734375, 170.95690918, 171.386474609, 171.804443359, 172.222396851, 172.640365601, 173.058319092, 173.476272583, 173.905853271, 174.335418701, 174.764984131, 175.194549561, 175.624130249, 176.053695679, 176.47164917, 176.88961792, 177.307571411, 177.725524902, 178.155105591, 178.584671021, 179.01423645, 179.44380188, 179.873382568, 180.302947998, 180.720901489, 181.150466919, 181.568435669, 181.998001099, 182.41595459, 182.845535278, 183.275100708, 183.693054199, 184.122619629, 184.552200317, 184.970153809, 185.3881073, 185.80607605, 186.247253418, 186.676818848, 187.106384277, 187.524353027, 187.953918457, 188.383483887, 188.801452637, 189.219406128, 189.637359619, 190.055328369, 190.47328186, 190.90284729, 191.332427979, 191.761993408, 192.179946899, 192.597915649, 193.027481079, 193.457046509, 193.886611938, 194.304580688, 194.734146118, 195.163711548, 195.581680298, 196.011245728, 196.429199219, 196.847167969, 197.276733398, 197.69468689, 198.124252319, 198.553833008, 198.995010376, 199.424575806, 199.854141235, 200.272109985, 200.701675415, 201.131240845, 201.560806274, 201.990386963, 202.408340454, 202.826293945, 203.244262695, 203.662216187, 204.091781616, 204.521362305, 204.950927734, 205.380493164, 205.798446655, 206.216415405, 206.657592773, 207.075546265, 207.493515015, 207.923080444, 208.352645874, 208.770614624, 209.188568115, 209.618133545, 210.047698975, 210.465667725, 210.883621216, 211.313186646, 211.742767334, 212.172332764, 212.601898193, 213.031463623, 213.461044312, 213.878997803, 214.296951294, 214.714920044, 215.144485474, 215.574050903, 215.992019653, 216.421585083, 216.851150513, 217.269119263, 217.710296631, 218.128250122, 218.546203613, 218.964172363, 219.405349731, 219.823303223, 220.241271973, 220.670837402, 221.100402832, 221.529968262, 221.95954895, 222.377502441, 222.807067871, 223.236633301, 223.654602051, 224.072555542, 224.490524292, 224.920089722, 225.349655151, 225.779220581, 226.20880127, 226.626754761, 227.05632019, 227.47428894, 227.90385437, 228.321807861, 228.739776611, 229.157730103, 229.598907471, 230.0284729, 230.45803833, 230.87600708, 231.30557251, 231.735137939, 232.153106689, 232.571060181, 233.00062561, 233.430206299, 233.84815979, 234.266113281, 234.69569397, 235.125259399, 235.543212891, 235.961181641, 236.39074707, 236.8203125, 237.238265991, 237.656234741, 238.097412109, 238.526977539, 238.956542969, 239.386123657, 239.815689087, 240.233642578, 240.63999939, 241.046340942, 241.487518311, 241.917098999, 242.346664429, 242.76461792, 243.19418335, 243.635375977, 244.064941406, 244.494506836, 244.924072266, 245.353652954, 245.783218384, 246.201171875, 246.619140625, 247.037094116, 247.455047607, 247.884628296, 248.314193726, 248.743759155, 249.173324585, 249.591293335, 250.009246826, 250.438812256, 250.868392944, 251.297958374, 251.727523804, 252.145477295, 252.575057983, 253.004623413, 253.422576904, 253.840545654, 254.258499146, 254.676452637, 255.094421387, 255.512374878, 255.941940308, 256.359893799, 256.789459229, 257.219055176, 257.648620605, 258.066558838, 258.496154785, 258.925720215, 259.343658447, 259.761627197, 260.191192627, 260.620758057, 261.038726807, 261.468292236, 261.897857666, 262.327423096, 262.756988525, 263.163360596, 263.592926025, 264.022491455, 264.452056885, 264.881622314, 265.311187744, 265.740753174, 266.170349121, 266.588287354, 267.006256104, 267.435821533, 267.865386963, 268.283355713, 268.701324463, 269.130889893, 269.560455322, 269.978393555, 270.407989502, 270.837554932, 271.255493164, 271.673461914, 272.103027344, 272.532592773, 272.950561523, 273.380126953, 273.809692383, 274.227661133, 274.657226562, 275.086791992, 275.504760742, 275.934326172, 276.363891602, 276.781860352, 277.211425781, 277.640991211, 278.058959961, 278.476898193, 278.894866943, 279.324432373, 279.753997803, 280.171966553, 280.601531982, 281.031097412, 281.449066162, 281.878631592, 282.308197021, 282.737762451, 283.167327881, 283.596923828, 284.026489258, 284.467651367, 284.908843994, 285.350006104, 285.79119873, 286.23236084, 286.673553467, 287.114746094, 287.5675354, 288.020324707, 288.461486816, 288.891052246, 289.320617676, 289.750213623, 290.179779053, 290.620941162],
    "bpm_histogram": [0, 0, 0, 0, 0, 0, 0, 0, 0, 0, 0, 0, 0, 0, 0, 0, 0, 0, 0, 0, 0, 0, 0, 0, 0, 0, 0, 0, 0, 0, 0, 0, 0, 0, 0, 0, 0, 0, 0, 0, 0, 0, 0, 0, 0, 0, 0, 0, 0, 0, 0, 0, 0, 0, 0, 0, 0, 0, 0, 0, 0, 0, 0, 0, 0, 0, 0, 0, 0, 0, 0, 0, 0, 0, 0, 0, 0, 0, 0, 0, 0, 0, 0, 0, 0, 0, 0, 0, 0, 0, 0, 0, 0, 0, 0, 0, 0, 0, 0, 0, 0, 0, 0, 0, 0, 0, 0, 0, 0, 0, 0, 0, 0, 0, 0, 0, 0, 0, 0, 0, 0, 0, 0, 0, 0, 0, 0, 0, 0, 0, 0, 0, 0, 0.00293255131692, 0, 0, 0.0571847520769, 0, 0, 0, 0.530791759491, 0, 0, 0, 0.398826986551, 0, 0, 0, 0.0102639300749, 0, 0, 0, 0, 0, 0, 0, 0, 0, 0, 0, 0, 0, 0, 0, 0, 0, 0, 0, 0, 0, 0, 0, 0, 0, 0, 0, 0, 0, 0, 0, 0, 0, 0, 0, 0, 0, 0, 0, 0, 0, 0, 0, 0, 0, 0, 0, 0, 0, 0, 0, 0, 0, 0, 0, 0, 0, 0, 0, 0, 0, 0, 0, 0, 0, 0, 0, 0, 0, 0, 0, 0, 0, 0, 0, 0, 0, 0, 0, 0, 0, 0, 0, 0, 0, 0, 0, 0, 0, 0, 0, 0, 0, 0, 0, 0, 0, 0, 0, 0, 0]
},
"tonal": {
    "chords_changes_rate": 0.0774995982647,
    "chords_number_rate": 0.00191357044969,
    "chords_strength": {
        "mean": 0.512935340405,
        "stdev": 0.105798594654
    },
    "hpcp_crest": {
        "mean": 12.6356143951,
        "stdev": 5.70315980911
    },
    "hpcp_entropy": {
        "mean": 2.12813282013,
        "stdev": 0.708976149559
    },
    "key_edma": {
        "strength": 0.785007357597,
        "key": "A",
        "scale": "major"
    },
    "key_krumhansl": {
        "strength": 0.769402623177,
        "key": "A",
        "scale": "major"
    },
    "key_temperley": {
        "strength": 0.759986579418,
        "key": "E",
        "scale": "major"
    },
    "tuning_diatonic_strength": 0.595475256443,
    "tuning_equal_tempered_deviation": 0.170117020607,
    "tuning_frequency": 445.627075195,
    "tuning_nontempered_energy_ratio": 0.807390213013,
    "hpcp": {
        "mean": [0.175761550665, 0.0644636675715, 0.0740041360259, 0.0779685825109, 0.0772089883685, 0.178317919374, 0.207544565201, 0.102988675237, 0.0546007454395, 0.044315610081, 0.0509012527764, 0.107201248407, 0.104411095381, 0.0445547774434, 0.0318357385695, 0.0336741358042, 0.0543818920851, 0.11729914695, 0.122298315167, 0.094037771225, 0.265824556351, 0.371634036303, 0.20402187109, 0.0851292163134, 0.0646224841475, 0.0514528863132, 0.0760593190789, 0.0846857130527, 0.0572020635009, 0.0451015792787, 0.0450539588928, 0.0672344490886, 0.159220650792, 0.184651166201, 0.151295781136, 0.221538543701],
