{
"metadata": {
    "version": {
        "essentia": "2.1-dev",
        "essentia_git_sha": "v2.1_beta3-415-gd5473f3",
        "extractor": "music 2.0"
    },
    "audio_properties": {
        "analysis": {
            "equal_loudness": 0,
            "length": 256.235107422,
            "sample_rate": 44100,
            "start_time": 0,
            "downmix": "mix"
        },
        "bit_rate": 192000,
        "length": 256.235107422,
        "lossless": 0,
        "number_channels": 2,
        "replay_gain": -11.1867542267,
        "sample_rate": 44100,
        "codec": "mp3",
        "md5_encoded": "ed8ebd280bfa229fd8d1ee87aaae19ad"
    },
    "tags": {
        "file_name": "matchbox_twenty-bent.mp3",
        "album": ["Mad Season"],
        "artist": ["Matchbox Twenty"],
        "date": ["2000"],
        "genre": ["Other"],
        "title": ["Bent"]
    }
},
"lowlevel": {
    "average_loudness": 0.939353764057,
    "barkbands_crest": {
        "mean": 8.98023891449,
        "stdev": 3.52836561203
    },
    "barkbands_flatness_db": {
        "mean": 0.129122704268,
        "stdev": 0.0567904412746
    },
    "barkbands_kurtosis": {
        "mean": 4.28261137009,
        "stdev": 9.09471416473
    },
    "barkbands_skewness": {
        "mean": 1.53267455101,
        "stdev": 1.1757311821
    },
    "barkbands_spread": {
        "mean": 21.894947052,
        "stdev": 12.6693506241
    },
    "dissonance": {
        "mean": 0.466396510601,
        "stdev": 0.0278636384755
    },
    "dynamic_complexity": 3.74159026146,
    "erbbands_crest": {
        "mean": 8.00743484497,
        "stdev": 3.90769290924
    },
    "erbbands_flatness_db": {
        "mean": 0.151654064655,
        "stdev": 0.0425029173493
    },
    "erbbands_kurtosis": {
        "mean": 0.279978603125,
        "stdev": 2.58031153679
    },
    "erbbands_skewness": {
        "mean": 0.204220235348,
        "stdev": 0.754602968693
    },
    "erbbands_spread": {
        "mean": 39.4562835693,
        "stdev": 18.2383651733
    },
    "hfc": {
        "mean": 22.8769016266,
        "stdev": 19.0295410156
    },
    "loudness_ebu128": {
        "integrated": -11.3664388657,
        "loudness_range": 5.12617111206,
        "momentary": {
            "mean": -13.281039238,
            "stdev": 7.30401420593
        },
        "short_term": {
            "mean": -12.8355007172,
            "stdev": 6.07872104645
        }
    },
    "melbands_crest": {
        "mean": 12.481139183,
        "stdev": 4.30134773254
    },
    "melbands_flatness_db": {
        "mean": 0.203871399164,
        "stdev": 0.0726392492652
    },
    "melbands_kurtosis": {
        "mean": 13.3674554825,
        "stdev": 20.9901180267
    },
    "melbands_skewness": {
        "mean": 2.62518906593,
        "stdev": 1.60736978054
    },
    "melbands_spread": {
        "mean": 22.5219898224,
        "stdev": 16.2565307617
    },
    "pitch_salience": {
        "mean": 0.586788892746,
        "stdev": 0.0912892669439
    },
    "silence_rate_20dB": {
        "mean": 1,
        "stdev": 0
    },
    "silence_rate_30dB": {
        "mean": 0.99990940094,
        "stdev": 0.00951780658215
    },
    "silence_rate_60dB": {
        "mean": 0.0578055642545,
        "stdev": 0.233375951648
    },
    "spectral_centroid": {
        "mean": 1258.7598877,
        "stdev": 579.33380127
    },
    "spectral_complexity": {
        "mean": 22.726102829,
        "stdev": 12.1854000092
    },
    "spectral_decrease": {
        "mean": -7.93619747697e-09,
        "stdev": 4.58995685904e-09
    },
    "spectral_energy": {
        "mean": 0.0320281013846,
        "stdev": 0.0183303002268
    },
    "spectral_energyband_high": {
        "mean": 0.000845109752845,
        "stdev": 0.0016688008327
    },
    "spectral_energyband_low": {
        "mean": 0.0111872227862,
        "stdev": 0.0109332520515
    },
    "spectral_energyband_middle_high": {
        "mean": 0.00676706479862,
        "stdev": 0.00668947538361
    },
    "spectral_energyband_middle_low": {
        "mean": 0.0147643471137,
        "stdev": 0.010791647248
    },
    "spectral_entropy": {
        "mean": 7.58521270752,
        "stdev": 0.45533952117
    },
    "spectral_flux": {
        "mean": 0.0884058848023,
        "stdev": 0.0436139255762
    },
    "spectral_kurtosis": {
        "mean": 4.96636676788,
        "stdev": 5.88320875168
    },
    "spectral_rms": {
        "mean": 0.0052677327767,
        "stdev": 0.00187028071377
    },
    "spectral_rolloff": {
        "mean": 1279.09265137,
        "stdev": 1242.99145508
    },
    "spectral_skewness": {
        "mean": 1.52500963211,
        "stdev": 0.623690068722
    },
    "spectral_spread": {
        "mean": 4151452.5,
        "stdev": 1461287.25
    },
    "spectral_strongpeak": {
        "mean": 0.81204867363,
        "stdev": 1.11757230759
    },
    "zerocrossingrate": {
        "mean": 0.0525712147355,
        "stdev": 0.0314063169062
    },
    "barkbands": {
        "mean": [0.000497523113154, 0.00661494210362, 0.00263228849508, 0.00271625700407, 0.00472703808919, 0.00214454671368, 0.00181852770038, 0.001499209553, 0.00166837428696, 0.00101007963531, 0.000765770208091, 0.000823899288662, 0.000738207949325, 0.000745737692341, 0.000725129444618, 0.000656887365039, 0.000579360756092, 0.000368171778973, 0.000325018510921, 0.000239294269704, 0.000219270994421, 0.000170708153746, 0.000143836194184, 0.000108715990791, 6.4488624048e-05, 2.20860674744e-05, 2.69631959782e-06],
        "stdev": [0.000731459876988, 0.00764609826729, 0.00369498226792, 0.0028956506867, 0.00560258282349, 0.00352224963717, 0.00293158437125, 0.00361154112034, 0.00288272579201, 0.00202968507074, 0.00169975939207, 0.00178817950655, 0.00166453595739, 0.00144377409015, 0.00115788844414, 0.00108896172605, 0.000966309860814, 0.000486731762066, 0.000374160939828, 0.000289802701445, 0.000309535011183, 0.000436462607468, 0.000469884980703, 0.000429691717727, 0.000266687624389, 5.78447979933e-05, 1.14120375656e-05]
    },
    "erbbands": {
        "mean": [0.186024293303, 1.46837604046, 3.06469750404, 6.99524259567, 12.5490932465, 15.7321243286, 15.7608270645, 18.8770523071, 21.269323349, 35.8603744507, 30.6044101715, 37.0405921936, 31.7221221924, 33.0737724304, 35.6893730164, 29.7828178406, 36.1780128479, 34.1532363892, 44.3729057312, 32.8586158752, 38.4970283508, 34.5613365173, 22.1143321991, 18.4979915619, 14.1974229813, 11.5116977692, 10.1688423157, 7.38659667969, 6.31718587875, 4.80179595947, 4.10289669037, 2.74945068359, 1.56112587452, 0.914647877216, 0.348433285952, 0.119662165642, 0.036359898746, 0.00736882910132, 0.000375589297619, 5.25857467437e-05],
        "stdev": [0.219938322902, 1.81119966507, 3.99487757683, 7.30812597275, 15.7354230881, 20.8178272247, 23.6088371277, 35.8736953735, 35.4238739014, 72.5074005127, 64.3919754028, 65.1239318848, 58.7264823914, 62.1641235352, 70.7592468262, 55.2224121094, 79.1905441284, 59.6124649048, 77.1953582764, 52.4960899353, 62.5530090332, 59.5915222168, 27.979845047, 21.4418716431, 17.0025844574, 13.4903268814, 13.2664337158, 13.0891742706, 17.2560138702, 11.5938138962, 14.3963718414, 11.1968278885, 6.12847232819, 4.08133411407, 1.27424347401, 0.338202416897, 0.0917343646288, 0.0220812838525, 0.00165074062534, 7.90455014794e-05]
    },
    "gfcc": {
        "mean": [1.37221777439, 108.74294281, -117.723114014, 38.9523925781, -50.2497291565, 12.0762481689, -34.226234436, 7.86080932617, -21.0587749481, 1.80634951591, -16.7147731781, -1.28207457066, -8.69905662537],
        "cov": [[12550.3955078, -1332.56347656, -721.776550293, -153.713973999, -362.269805908, 234.437652588, -392.14239502, 307.13494873, -95.1305389404, 274.180511475, -202.099090576, 92.7341461182, -259.7840271], [-1332.56347656, 1225.94848633, -251.690490723, -160.451690674, 306.735748291, -240.331420898, 245.799377441, -88.1823120117, 97.626335144, -91.0860671997, 132.768707275, -71.0089187622, 106.804222107], [-721.776550293, -251.690490723, 851.501831055, 107.578422546, -52.695514679, 124.47480011, -106.871032715, 47.209903717, -25.1841163635, 4.22721815109, -54.5226974487, 36.2958145142, -27.2476024628], [-153.713973999, -160.451690674, 107.578422546, 367.527008057, 2.24559140205, 53.6971855164, -21.7419319153, -18.796497345, 21.9183502197, -17.4292964935, -10.1911468506, -10.0204458237, 15.1525630951], [-362.269805908, 306.735748291, -52.695514679, 2.24559140205, 295.16619873, -52.9785346985, 91.7003707886, -3.41968250275, 21.7304153442, 0.506982684135, 25.1078968048, -15.9231204987, 26.1964244843], [234.437652588, -240.331420898, 124.47480011, 53.6971855164, -52.9785346985, 213.385467529, -6.30823612213, 31.0807247162, -17.9286022186, 10.1016111374, -12.9407672882, 2.74904203415, -32.015953064], [-392.14239502, 245.799377441, -106.871032715, -21.7419319153, 91.7003707886, -6.30823612213, 192.168197632, -8.83302783966, 10.0206785202, -16.9721508026, 38.4643936157, -18.7123298645, 10.7224369049], [307.13494873, -88.1823120117, 47.209903717, -18.796497345, -3.41968250275, 31.0807247162, -8.83302783966, 123.313034058, 27.1795291901, 32.163143158, -12.7137956619, 4.15533781052, -19.448261261], [-95.1305389404, 97.626335144, -25.1841163635, 21.9183502197, 21.7304153442, -17.9286022186, 10.0206785202, 27.1795291901, 102.589424133, 12.2674121857, 16.4054775238, -16.4802303314, 12.2531614304], [274.180511475, -91.0860671997, 4.22721815109, -17.4292964935, 0.506982684135, 10.1016111374, -16.9721508026, 32.163143158, 12.2674121857, 86.8639144897, 4.76619338989, 9.82142353058, -19.4006671906], [-202.099090576, 132.768707275, -54.5226974487, -10.1911468506, 25.1078968048, -12.9407672882, 38.4643936157, -12.7137956619, 16.4054775238, 4.76619338989, 76.9742584229, 8.61452770233, 13.1004343033], [92.7341461182, -71.0089187622, 36.2958145142, -10.0204458237, -15.9231204987, 2.74904203415, -18.7123298645, 4.15533781052, -16.4802303314, 9.82142353058, 8.61452770233, 65.2550354004, 11.0370473862], [-259.7840271, 106.804222107, -27.2476024628, 15.1525630951, 26.1964244843, -32.015953064, 10.7224369049, -19.448261261, 12.2531614304, -19.4006671906, 13.1004343033, 11.0370473862, 67.7693939209]],
        "icov": [[0.000124900689116, -2.98776667478e-05, 0.000213521052501, -2.9285916753e-05, 4.13650741393e-05, -0.000145781450556, 0.000245764211286, -0.000238602704485, 0.000104332219053, -0.000214849278564, 0.000290931086056, -0.000267408817308, 0.000332995026838], [-2.98776667478e-05, 0.00330431479961, -0.000458584690932, 0.00151729257777, -0.00175956392195, 0.0021127408836, -0.00197851960547, 0.00108466448728, -0.00195437530056, 0.00248553440906, -0.00348344026133, 0.00295013235882, -0.00228533125482], [0.000213521052501, -0.000458584690932, 0.00190436618868, -0.00056359654991, 9.76928859018e-05, -0.00117972830776, 0.00130960019305, -0.000911617011297, 0.000505973410327, -0.000336940924171, 0.00149121694267, -0.00165610085241, 0.00116251443978], [-2.9285916753e-05, 0.00151729257777, -0.00056359654991, 0.00387799204327, -0.00104017124977, -2.66366387223e-05, -0.000520152912941, 0.0014301573392, -0.00199655932374, 0.00157131964806, -0.00129664677661, 0.00187038979493, -0.00195811432786], [4.13650741393e-05, -0.00175956392195, 9.76928859018e-05, -0.00104017124977, 0.0053122327663, -0.000101842910226, -0.000958441873081, -0.000913754571229, 0.00104152190033, -0.00222192099318, 0.0016553401947, -0.000718648836482, -3.60163066944e-05], [-0.000145781450556, 0.0021127408836, -0.00117972830776, -2.66366387223e-05, -0.000101842910226, 0.00764292478561, -0.00249367230572, -0.000478671339806, -0.000107546809886, 0.0014800876379, -0.00272416975349, 0.00220945384353, 0.000160313080414], [0.000245764211286, -0.00197851960547, 0.00130960019305, -0.000520152912941, -0.000958441873081, -0.00249367230572, 0.00906643550843, -0.00139985093847, 0.00157073477749, -0.000124840458739, -0.000542852678336, -0.000591461954173, 0.00194081175141], [-0.000238602704485, 0.00108466448728, -0.000911617011297, 0.0014301573392, -0.000913754571229, -0.000478671339806, -0.00139985093847, 0.0116919670254, -0.00473044300452, -0.0015133729903, 0.000913514522836, -0.000306718284264, 0.000688933883794], [0.000104332219053, -0.00195437530056, 0.000505973410327, -0.00199655932374, 0.00104152190033, -0.000107546809886, 0.00157073477749, -0.00473044300452, 0.0143298385665, -0.00339948688634, -0.00103658158332, 0.00270819384605, -0.00173438712955], [-0.000214849278564, 0.00248553440906, -0.000336940924171, 0.00157131964806, -0.00222192099318, 0.0014800876379, -0.000124840458739, -0.0015133729903, -0.00339948688634, 0.0167893785983, -0.00477455137298, -0.000249540258665, 0.0023006121628], [0.000290931086056, -0.00348344026133, 0.00149121694267, -0.00129664677661, 0.0016553401947, -0.00272416975349, -0.000542852678336, 0.000913514522836, -0.00103658158332, -0.00477455137298, 0.0211156122386, -0.00757790589705, 0.00188871403225], [-0.000267408817308, 0.00295013235882, -0.00165610085241, 0.00187038979493, -0.000718648836482, 0.00220945384353, -0.000591461954173, -0.000306718284264, 0.00270819384605, -0.000249540258665, -0.00757790589705, 0.0228209197521, -0.00824424438179], [0.000332995026838, -0.00228533125482, 0.00116251443978, -0.00195811432786, -3.60163066944e-05, 0.000160313080414, 0.00194081175141, 0.000688933883794, -0.00173438712955, 0.0023006121628, 0.00188871403225, -0.00824424438179, 0.0224693566561]]
    },
    "melbands": {
        "mean": [0.00178279308602, 0.00179198384285, 0.00134659337346, 0.00105634983629, 0.000595864374191, 0.000415873510065, 0.000334916025167, 0.00039660159382, 0.000245913659455, 0.000227863056352, 0.000157717673574, 0.000136527683935, 0.000121639888675, 9.47521839407e-05, 7.84802468843e-05, 7.29272869648e-05, 6.08350164839e-05, 7.56628651288e-05, 4.54175496998e-05, 4.02256991947e-05, 4.45535843028e-05, 3.6984874896e-05, 2.60431170318e-05, 1.59984138008e-05, 1.50211089931e-05, 1.14178119475e-05, 8.87166788743e-06, 7.15361738912e-06, 6.61900958221e-06, 5.07602590005e-06, 4.00864064432e-06, 3.65716573469e-06, 3.05566550196e-06, 2.52175141213e-06, 2.43669319389e-06, 2.02514593184e-06, 1.54806161845e-06, 1.11158158234e-06, 9.29429972985e-07, 7.16670797374e-07],
        "stdev": [0.00206726370379, 0.00212918547913, 0.00128471513744, 0.00130475685, 0.000839669432025, 0.000746915698983, 0.00053277995903, 0.000812654499896, 0.000481897470308, 0.000401083147153, 0.000301915802993, 0.000269806274446, 0.000252532277955, 0.000237706772168, 0.000149493745994, 0.000169211940374, 0.00011146866018, 0.000148008795804, 7.56993831601e-05, 6.75130795571e-05, 7.68022655393e-05, 7.46901132516e-05, 3.42965431628e-05, 2.21427235374e-05, 1.83424181159e-05, 1.36194821607e-05, 1.19887090477e-05, 8.61145053932e-06, 8.92612933967e-06, 7.26355574443e-06, 8.04202863947e-06, 1.06649258669e-05, 8.19109027361e-06, 6.35293554296e-06, 8.57406939758e-06, 8.1884836618e-06, 6.55011353956e-06, 4.40114990852e-06, 3.88146736441e-06, 3.4484344269e-06]
    },
    "melbands128": {
        "mean": [0.000425267819082, 0.00140375306364, 0.00236750324257, 0.00249645113945, 0.00166226096917, 0.00131386204157, 0.00146094313823, 0.00126762641594, 0.00131345773116, 0.00115203100722, 0.000865786161739, 0.000702541321516, 0.000488038407639, 0.000529560842551, 0.000456339563243, 0.000346059969161, 0.000272961769952, 0.000354115560185, 0.000286261114525, 0.000474875589134, 0.000368360400898, 0.000348160305293, 0.00013225908333, 0.000246416660957, 0.000309977272991, 0.00014877205831, 0.000229639132158, 0.000111225293949, 0.000158490322065, 0.000175486304215, 9.95266673272e-05, 0.000110807093733, 0.000163469652762, 7.160667883e-05, 0.000141462500324, 8.70029325597e-05, 4.7333247494e-05, 8.23034424684e-05, 9.64800274232e-05, 8.32896475913e-05, 4.98493172927e-05, 8.63076274982e-05, 5.64352994843e-05, 4.21485601692e-05, 8.5949752247e-05, 8.79341023392e-05, 6.39304053038e-05, 3.54401890945e-05, 3.9484428271e-05, 5.64417860005e-05, 2.86939302896e-05, 3.25830442307e-05, 6.86014755047e-05, 3.46570777765e-05, 2.6446310585e-05, 5.09970777784e-05, 2.6531459298e-05, 3.35439326591e-05, 2.45813753281e-05, 1.58048806043e-05, 1.60333856911e-05, 1.5165831428e-05, 1.40458787428e-05, 1.61622465384e-05, 1.47840901263e-05, 1.06047018562e-05, 9.97701226879e-06, 9.59676344792e-06, 7.96126550995e-06, 9.18178920983e-06, 7.03855630491e-06, 6.51305754218e-06, 6.08298159932e-06, 7.1650965765e-06, 6.50542006042e-06, 5.08925450049e-06, 4.56015595773e-06, 4.31983517046e-06, 3.80300457437e-06, 3.94821381633e-06, 3.49941024069e-06, 3.80388291887e-06, 3.37002893502e-06, 3.0555002013e-06, 2.70564987659e-06, 2.4682244657e-06, 2.55264899351e-06, 2.44630223278e-06, 2.47722164204e-06, 2.41022712544e-06, 2.1482496777e-06, 1.9338765469e-06, 1.78133507234e-06, 1.60747424616e-06, 1.37628546781e-06, 1.17257070542e-06, 1.06558832158e-06, 9.97914412437e-07, 9.34072772907e-07, 8.93324340723e-07, 8.64543721946e-07, 6.66525863835e-07, 5.90911383824e-07, 4.33662421528e-07, 3.79038823439e-07, 3.15478160928e-07, 2.88583379415e-07, 2.1845087872e-07, 2.12102264641e-07, 1.52826999056e-07, 1.55104075361e-07, 1.19274588428e-07, 1.17133410527e-07, 9.20903175938e-08, 8.03800404015e-08, 7.5571172431e-08, 6.0238320998e-08, 2.52650327326e-08, 1.10629168049e-08, 7.18454851167e-09, 3.10166980988e-09, 4.15918721686e-09, 5.773124645e-09, 2.56130228138e-09, 1.82166105117e-11, 4.26111880156e-12, 4.22407161332e-12, 4.1959443732e-12],
        "stdev": [0.000596411235165, 0.00170440902002, 0.00326768564992, 0.00312203890644, 0.00230294349603, 0.00181999802589, 0.00172155513428, 0.00141145568341, 0.00198472919874, 0.00199940754101, 0.00147609435953, 0.00129635049962, 0.000959255732596, 0.000987584120594, 0.00100519170519, 0.00100984226447, 0.00065468280809, 0.000806260271929, 0.000589039758779, 0.00122053734958, 0.00110066158231, 0.00103959033731, 0.000394208793296, 0.000620495527983, 0.000669294036925, 0.000413812231272, 0.000628753390629, 0.000311924843118, 0.000430979707744, 0.000452231615782, 0.000275029044133, 0.000294259429211, 0.000421135977376, 0.000269274809398, 0.000450924853794, 0.000283769681118, 0.000109420921945, 0.000226883101277, 0.000238179942244, 0.0002917542879, 0.000211039136047, 0.000244140450377, 0.000129592444864, 0.000119169329992, 0.000261640874669, 0.000212190090679, 0.000135432579555, 9.5781404525e-05, 9.58033342613e-05, 0.000116873627121, 7.3629002145e-05, 8.19214183139e-05, 0.000143573342939, 7.43060663808e-05, 5.9778252762e-05, 0.000148887629621, 4.57691676274e-05, 5.4932799685e-05, 4.30487380072e-05, 2.80245949398e-05, 2.71654225799e-05, 2.44530692726e-05, 2.07330158446e-05, 2.62182638835e-05, 2.20461279241e-05, 1.60592389875e-05, 1.49934094225e-05, 1.67340949702e-05, 1.29091240524e-05, 1.25529650177e-05, 9.84234247881e-06, 9.48206161411e-06, 9.15391046874e-06, 1.11247127279e-05, 1.03680276879e-05, 7.80021309765e-06, 7.49431637814e-06, 9.29327234189e-06, 8.0355848695e-06, 9.81013454293e-06, 1.12274892672e-05, 1.33674348035e-05, 1.04893979369e-05, 9.28227746044e-06, 7.16678641766e-06, 5.87909835303e-06, 7.23101948097e-06, 8.57225768414e-06, 9.20402635529e-06, 9.61606929195e-06, 8.85659665073e-06, 8.67502058099e-06, 7.76684646553e-06, 7.15493752068e-06, 6.23521009402e-06, 4.86677072331e-06, 4.38108463641e-06, 4.14410033045e-06, 4.02861087423e-06, 4.19538901042e-06, 4.30805403084e-06, 3.40992960446e-06, 3.31823252964e-06, 1.84753071153e-06, 1.40186682529e-06, 1.15192528938e-06, 8.80465563569e-07, 7.37362199743e-07, 6.80552432186e-07, 4.37631598516e-07, 4.33444427017e-07, 2.91322919566e-07, 3.23525028989e-07, 2.56357424178e-07, 2.20533920015e-07, 2.32978436543e-07, 1.87268810237e-07, 1.39081606676e-07, 8.14423799511e-08, 5.69019924512e-08, 2.77909659729e-08, 3.93176051716e-08, 4.83633755266e-08, 2.21453468896e-08, 3.10680231541e-10, 6.52576560498e-12, 6.46610759727e-12, 6.42932278597e-12]
    },
    "mfcc": {
        "mean": [-637.120910645, 132.028305054, -3.1538901329, 29.5900325775, 6.69249725342, 7.5725812912, 0.268143355846, 3.51469779015, 2.29943704605, 2.73551702499, -1.49017882347, 0.35529088974, -3.22967457771],
        "cov": [[10563.1386719, -398.015411377, -1006.53369141, -162.080718994, -280.34286499, -77.1519775391, -208.02557373, -46.1633758545, -39.6885948181, 105.092796326, 60.1776046753, 76.005897522, -6.91757678986], [-398.015411377, 1329.7220459, -421.776184082, 59.4238471985, -35.608215332, -79.6003265381, 77.3711166382, -7.13319396973, 28.0950374603, -16.3409938812, -5.4107708931, 39.4804153442, 7.70734930038], [-1006.53369141, -421.776184082, 862.57800293, -20.4625968933, 124.731437683, 51.0387306213, -36.8005218506, 42.406211853, -6.61184692383, -1.38194465637, -14.3535470963, -31.6823806763, -1.4922721386], [-162.080718994, 59.4238471985, -20.4625968933, 282.848999023, 64.5641937256, 26.3135089874, 4.96670722961, -1.75856006145, 27.3576812744, -9.19316005707, -5.27437496185, 0.888448894024, 4.05740833282], [-280.34286499, -35.608215332, 124.731437683, 64.5641937256, 197.125640869, 22.9894638062, -5.55508518219, 8.63344573975, 24.8619651794, 17.7211894989, -1.44861781597, 3.37390851974, 4.7822060585], [-77.1519775391, -79.6003265381, 51.0387306213, 26.3135089874, 22.9894638062, 142.819473267, 48.8926811218, 19.3187980652, -4.23896694183, 3.53214097023, 5.55867338181, -11.5355987549, -8.70237731934], [-208.02557373, 77.3711166382, -36.8005218506, 4.96670722961, -5.55508518219, 48.8926811218, 139.078353882, 34.9060516357, 4.3049249649, 0.984424471855, 11.2167415619, 7.11898612976, -3.44226670265], [-46.1633758545, -7.13319396973, 42.406211853, -1.75856006145, 8.63344573975, 19.3187980652, 34.9060516357, 86.9625167847, 20.0871944427, 8.89011573792, 4.85901117325, 2.70886731148, 4.07975053787], [-39.6885948181, 28.0950374603, -6.61184692383, 27.3576812744, 24.8619651794, -4.23896694183, 4.3049249649, 20.0871944427, 76.9236679077, 28.8751296997, 4.01716518402, 3.27403402328, 0.128577321768], [105.092796326, -16.3409938812, -1.38194465637, -9.19316005707, 17.7211894989, 3.53214097023, 0.984424471855, 8.89011573792, 28.8751296997, 86.0091934204, 34.4042739868, 8.38757324219, -6.76471757889], [60.1776046753, -5.4107708931, -14.3535470963, -5.27437496185, -1.44861781597, 5.55867338181, 11.2167415619, 4.85901117325, 4.01716518402, 34.4042739868, 72.22315979, 22.3746738434, 0.320389956236], [76.005897522, 39.4804153442, -31.6823806763, 0.888448894024, 3.37390851974, -11.5355987549, 7.11898612976, 2.70886731148, 3.27403402328, 8.38757324219, 22.3746738434, 65.4669799805, 21.4143505096], [-6.91757678986, 7.70734930038, -1.4922721386, 4.05740833282, 4.7822060585, -8.70237731934, -3.44226670265, 4.07975053787, 0.128577321768, -6.76471757889, 0.320389956236, 21.4143505096, 61.3622283936]],
        "icov": [[0.000125356455101, 8.08875556686e-05, 0.000189200261957, 3.47500208591e-05, 8.39991917019e-05, -4.61978997919e-05, 0.000245032511884, -0.000119084172184, 9.27202563616e-05, -0.000164112294442, 3.59581572411e-05, -0.000149150451762, 4.84172414872e-05], [8.08875556686e-05, 0.00103367120028, 0.000537250190973, -0.000140944001032, -5.42832713109e-05, 0.00059494166635, -0.000497792265378, -3.74276642106e-05, -0.000187220197404, 0.000110087297799, 0.000224858507863, -0.000413001893321, 0.000120323878946], [0.000189200261957, 0.000537250190973, 0.00189403258264, 0.000300480838632, -0.0008913744241, -0.000276608014246, 0.000763276068028, -0.00104883534368, 0.000441793497885, 5.52140136278e-06, 0.000132622662932, 0.000246653973591, 3.57445787813e-05], [3.47500208591e-05, -0.000140944001032, 0.000300480838632, 0.00419638352469, -0.00134925695602, -0.000957988959271, 0.000286276394036, 0.000438277085777, -0.0016093965387, 0.00126711395569, -0.000223656563321, 3.11772928399e-05, -0.000158985640155], [8.39991917019e-05, -5.42832713109e-05, -0.0008913744241, -0.00134925695602, 0.00660720374435, -0.000805602583569, 0.000482419651235, 0.000216239117435, -0.00124588282779, -0.00147469167132, 0.000816018378828, -0.000927260785829, -0.000373290269636], [-4.61978997919e-05, 0.00059494166635, -0.000276608014246, -0.000957988959271, -0.000805602583569, 0.00929032918066, -0.00362274819054, -0.000706630758941, 0.00133319059387, -0.000371403526515, -0.000578467617743, 0.00166489940602, 0.000579034211114], [0.000245032511884, -0.000497792265378, 0.000763276068028, 0.000286276394036, 0.000482419651235, -0.00362274819054, 0.0104161966592, -0.00375089375302, 0.000238485154114, 0.00047804438509, -0.000994236441329, -0.00127936899662, 0.000875982223079], [-0.000119084172184, -3.74276642106e-05, -0.00104883534368, 0.000438277085777, 0.000216239117435, -0.000706630758941, -0.00375089375302, 0.0145904617384, -0.00399030046538, -2.56307475865e-06, -0.000200352267711, 2.96720299957e-05, -0.00136198941618], [9.27202563616e-05, -0.000187220197404, 0.000441793497885, -0.0016093965387, -0.00124588282779, 0.00133319059387, 0.000238485154114, -0.00399030046538, 0.01753484644, -0.00641784537584, 0.00209187623113, -8.75917176018e-05, -8.6373747763e-06], [-0.000164112294442, 0.000110087297799, 5.52140136278e-06, 0.00126711395569, -0.00147469167132, -0.000371403526515, 0.00047804438509, -2.56307475865e-06, -0.00641784537584, 0.0177942551672, -0.00803609285504, 0.00023133031209, 0.00190962245688], [3.59581572411e-05, 0.000224858507863, 0.000132622662932, -0.000223656563321, 0.000816018378828, -0.000578467617743, -0.000994236441329, -0.000200352267711, 0.00209187623113, -0.00803609285504, 0.0197254270315, -0.00628309696913, 0.00100513536017], [-0.000149150451762, -0.000413001893321, 0.000246653973591, 3.11772928399e-05, -0.000927260785829, 0.00166489940602, -0.00127936899662, 2.96720299957e-05, -8.75917176018e-05, 0.00023133031209, -0.00628309696913, 0.0206678602844, -0.0068805962801], [4.84172414872e-05, 0.000120323878946, 3.57445787813e-05, -0.000158985640155, -0.000373290269636, 0.000579034211114, 0.000875982223079, -0.00136198941618, -8.6373747763e-06, 0.00190962245688, 0.00100513536017, -0.0068805962801, 0.0191558022052]]
    },
    "spectral_contrast_coeffs": {
        "mean": [-0.718728244305, -0.750434696674, -0.759815096855, -0.792225956917, -0.800813615322, -0.756130933762],
        "stdev": [0.068714812398, 0.071331165731, 0.0658131092787, 0.0508183799684, 0.0392362698913, 0.0437543876469]
    },
    "spectral_contrast_valleys": {
        "mean": [-6.32364654541, -6.64724063873, -7.37025690079, -7.40613126755, -7.43849754333, -10.4210424423],
        "stdev": [1.00488352776, 1.1268466711, 1.14596056938, 1.20279121399, 1.21578156948, 1.38787281513]
    }
},
"rhythm": {
    "beats_count": 437,
    "beats_loudness": {
        "mean": 0.0391910634935,
        "stdev": 0.019460812211
    },
    "bpm": 95.4849319458,
    "bpm_histogram_first_peak_bpm": 96,
    "bpm_histogram_first_peak_weight": 0.254019320011,
    "bpm_histogram_second_peak_bpm": 126,
    "bpm_histogram_second_peak_spread": 0.38793104887,
    "bpm_histogram_second_peak_weight": 0.162844032049,
    "danceability": 1.10965108871,
    "onset_rate": 3.44187831879,
    "beats_loudness_band_ratio": {
        "mean": [0.469349622726, 0.229491055012, 0.145622268319, 0.0978343561292, 0.0765491053462, 0.0470019206405],
        "stdev": [0.212425112724, 0.151084572077, 0.120068721473, 0.094947502017, 0.0626076310873, 0.0538893602788]
    },
    "beats_position": [0.487619042397, 0.986848056316, 1.48607707024, 1.97369611263, 2.4497051239, 2.92571425438, 3.40172338486, 3.87773227692, 4.34213161469, 4.80653047562, 5.28253936768, 5.75854873657, 6.2229475975, 6.6989569664, 7.17496585846, 7.63936471939, 8.10376358032, 8.57977294922, 9.05578231812, 9.53179073334, 10.0078001022, 10.47219944, 10.9365987778, 11.4009971619, 11.8653964996, 12.3414058685, 12.8174142838, 13.2934236526, 13.7694330215, 14.2338323593, 14.7098407745, 15.1858501434, 15.6502494812, 16.1262588501, 16.602268219, 17.0666656494, 17.5310649872, 18.0070743561, 18.483083725, 18.9590930939, 19.4351024628, 19.9227199554, 20.4219493866, 21.0721092224, 21.7222671509, 22.3840351105, 23.0225849152, 23.6611328125, 24.2880725861, 24.9150104523, 25.5419502258, 26.168888092, 26.7958278656, 27.4227657318, 28.0497055054, 28.6882534027, 29.3268013, 29.9537410736, 30.5690689087, 31.1843986511, 31.8113365173, 32.4382743835, 33.0768241882, 33.7153739929, 34.3423118591, 34.9692497253, 35.5961914062, 36.2231292725, 36.8500671387, 37.4770050049, 38.1039466858, 38.730884552, 39.3578224182, 39.9847602844, 40.6116981506, 41.2386398315, 41.8655776978, 42.492515564, 43.1310653687, 43.7580032349, 44.3733329773, 45.0002708435, 45.6272087097, 46.2541503906, 46.8926963806, 47.5312461853, 48.1581840515, 48.7735137939, 49.4120635986, 50.0390014648, 50.6659393311, 51.2928771973, 51.9198188782, 52.5467567444, 53.1853065491, 53.8122444153, 54.4391822815, 55.0777320862, 55.7046699524, 56.3316078186, 56.9585494995, 57.5854873657, 58.2124252319, 58.8393630981, 59.4663009644, 60.0932426453, 60.7201805115, 61.3471183777, 61.9740562439, 62.6009979248, 63.227935791, 63.8548736572, 64.4818115234, 65.1087493896, 65.7240829468, 66.351020813, 66.9895706177, 67.6165084839, 68.2434463501, 68.8703842163, 69.4973220825, 70.1474838257, 70.7860336304, 71.4245758057, 72.0515213013, 72.6784591675, 73.3053970337, 73.9323348999, 74.5592727661, 75.1862106323, 75.8131484985, 76.4400863647, 77.0670318604, 77.6939697266, 78.3209075928, 78.947845459, 79.5747833252, 80.2017211914, 80.8286590576, 81.4555969238, 82.08253479, 82.7094802856, 83.3480224609, 83.9865722656, 84.6251220703, 85.2404556274, 85.8673934937, 86.4943313599, 87.1212692261, 87.7482070923, 88.3751449585, 89.0136947632, 89.6406326294, 90.2559585571, 90.8829040527, 91.5098419189, 92.1367797852, 92.7637176514, 93.3906555176, 94.0175933838, 94.64453125, 95.2714691162, 95.8984146118, 96.525352478, 97.1522903442, 97.7908401489, 98.4293823242, 99.0679321289, 99.6948699951, 100.321815491, 100.948753357, 101.575691223, 102.202629089, 102.817955017, 103.444892883, 104.071838379, 104.698776245, 105.325714111, 105.952651978, 106.579589844, 107.218139648, 107.856689453, 108.483627319, 109.110565186, 109.725891113, 110.34122467, 110.94493866, 111.583488464, 112.222038269, 112.848976135, 113.475914001, 114.102851868, 114.729797363, 115.379951477, 116.018501282, 116.657051086, 117.295600891, 117.922538757, 118.537864685, 119.164802551, 119.791740417, 120.418685913, 121.045623779, 121.672561646, 122.299499512, 122.926437378, 123.553375244, 124.18031311, 124.807250977, 125.434196472, 126.061134338, 126.676460266, 127.291786194, 127.91872406, 128.545669556, 129.18421936, 129.822769165, 130.46131897, 131.088256836, 131.715194702, 132.342132568, 132.969070435, 133.607620239, 134.234558105, 134.861495972, 135.488433838, 136.115371704, 136.74230957, 137.357635498, 137.984573364, 138.623123169, 139.261672974, 139.876998901, 140.503936768, 141.130874634, 141.757827759, 142.384765625, 143.011703491, 143.638641357, 144.277191162, 144.904129028, 145.531066895, 146.169616699, 146.796554565, 147.423492432, 148.050430298, 148.677368164, 149.30430603, 149.931243896, 150.558181763, 151.185119629, 151.812057495, 152.438995361, 153.065933228, 153.692871094, 154.31980896, 154.958358765, 155.596908569, 156.223846436, 156.850784302, 157.477722168, 158.104675293, 158.731613159, 159.358551025, 159.985488892, 160.612426758, 161.239364624, 161.86630249, 162.493240356, 163.120178223, 163.747116089, 164.374053955, 165.000991821, 165.627929688, 166.254867554, 166.893417358, 167.531967163, 168.158905029, 168.785842896, 169.412780762, 170.039718628, 170.666656494, 171.293609619, 171.920547485, 172.547485352, 173.174423218, 173.801361084, 174.42829895, 175.055236816, 175.682174683, 176.309112549, 176.936050415, 177.57460022, 178.213150024, 178.840087891, 179.467025757, 180.093963623, 180.720901489, 181.347839355, 181.963165283, 182.590103149, 183.217056274, 183.85559082, 184.482528687, 185.109481812, 185.724807739, 186.340133667, 186.967071533, 187.605621338, 188.244171143, 188.871109009, 189.498046875, 190.124984741, 190.763534546, 191.402084351, 192.029022217, 192.655960083, 193.282897949, 193.909835815, 194.536773682, 195.163711548, 195.790649414, 196.429199219, 197.056137085, 197.683074951, 198.310012817, 198.948562622, 199.575500488, 200.202438354, 200.829391479, 201.456329346, 202.083267212, 202.710205078, 203.337142944, 203.964080811, 204.591018677, 205.217956543, 205.833282471, 206.448608398, 207.075546265, 207.714096069, 208.352645874, 208.97958374, 209.606521606, 210.233459473, 210.872009277, 211.510559082, 212.137496948, 212.764434814, 213.391372681, 214.018310547, 214.645263672, 215.272201538, 215.899139404, 216.526077271, 216.990478516, 217.454864502, 217.930877686, 218.406890869, 218.871292114, 219.347290039, 219.823303223, 220.287704468, 220.752105713, 221.228118896, 221.704116821, 222.180130005, 222.656143188, 223.120544434, 223.584945679, 224.060943604, 224.536956787, 225.001358032, 225.477371216, 225.953369141, 226.429382324, 226.905395508, 227.369796753, 227.834197998, 228.298583984, 228.762985229, 229.238998413, 229.715011597, 230.191009521, 230.667022705, 231.13142395, 231.595825195, 232.06022644, 232.536224365, 233.012237549, 233.476638794, 233.952651978, 234.428665161, 234.904663086, 235.38067627, 235.845077515, 236.30947876, 236.785476685, 237.261489868, 237.725891113, 238.190292358, 238.666305542, 239.142303467, 239.606704712, 240.082717896, 240.558731079, 241.023132324, 241.499130249, 241.986755371, 242.462768555, 242.938766479, 243.426391602, 243.925613403, 244.424850464, 244.924072266, 245.411697388, 245.887710571, 246.363708496, 246.83972168, 247.315734863, 247.791748047, 248.267745972, 248.743759155, 249.219772339, 249.695770264, 250.183395386, 250.671020508, 251.17024231, 251.66947937, 252.157089233, 252.633102417, 253.109115601, 253.585113525, 254.061126709, 254.537139893, 255.024749756, 255.512374878],
    "bpm_histogram": [0, 0, 0, 0, 0, 0, 0, 0, 0, 0, 0, 0, 0, 0, 0, 0, 0, 0, 0, 0, 0, 0, 0, 0, 0, 0, 0, 0, 0, 0, 0, 0, 0, 0, 0, 0, 0, 0, 0, 0, 0, 0, 0, 0, 0, 0, 0, 0, 0, 0, 0, 0, 0, 0, 0, 0, 0, 0, 0, 0, 0, 0, 0, 0, 0, 0, 0, 0, 0, 0, 0, 0, 0, 0, 0, 0, 0, 0, 0, 0, 0, 0, 0, 0, 0, 0, 0, 0, 0, 0, 0, 0.00229357788339, 0.00917431153357, 0, 0.123853214085, 0, 0.532110095024, 0, 0.0458715595305, 0.00229357788339, 0, 0, 0, 0, 0, 0, 0, 0, 0, 0, 0, 0, 0, 0, 0, 0, 0, 0, 0, 0, 0.0183486230671, 0, 0, 0.0229357797652, 0, 0, 0.162844032049, 0, 0, 0.0802752301097, 0, 0, 0, 0, 0, 0, 0, 0, 0, 0, 0, 0, 0, 0, 0, 0, 0, 0, 0, 0, 0, 0, 0, 0, 0, 0, 0, 0, 0, 0, 0, 0, 0, 0, 0, 0, 0, 0, 0, 0, 0, 0, 0, 0, 0, 0, 0, 0, 0, 0, 0, 0, 0, 0, 0, 0, 0, 0, 0, 0, 0, 0, 0, 0, 0, 0, 0, 0, 0, 0, 0, 0, 0, 0, 0, 0, 0, 0, 0, 0, 0, 0, 0, 0, 0, 0, 0, 0, 0, 0, 0, 0, 0, 0, 0, 0, 0, 0, 0, 0, 0, 0, 0, 0, 0, 0, 0, 0, 0, 0, 0, 0, 0, 0, 0, 0, 0, 0, 0, 0]
},
"tonal": {
    "chords_changes_rate": 0.0547200590372,
    "chords_number_rate": 0.00144953792915,
    "chords_strength": {
        "mean": 0.503839850426,
        "stdev": 0.0877161845565
    },
    "hpcp_crest": {
        "mean": 13.4510612488,
        "stdev": 6.82709741592
    },
    "hpcp_entropy": {
        "mean": 2.07118535042,
        "stdev": 0.743002772331
    },
    "key_edma": {
        "strength": 0.641114890575,
        "key": "A",
        "scale": "major"
    },
    "key_krumhansl": {
        "strength": 0.653375446796,
        "key": "A",
        "scale": "major"
    },
    "key_temperley": {
        "strength": 0.67197650671,
        "key": "A",
        "scale": "major"
    },
    "tuning_diatonic_strength": 0.586667001247,
    "tuning_equal_tempered_deviation": 0.0256515722722,
    "tuning_frequency": 441.272583008,
    "tuning_nontempered_energy_ratio": 0.675578832626,
    "hpcp": {
        "mean": [0.193174526095, 0.115564972162, 0.0567648634315, 0.0555462650955, 0.0591634102166, 0.155352935195, 0.262484133244, 0.186478897929, 0.0867952853441, 0.0702731981874, 0.0741917416453, 0.163573399186, 0.256052285433, 0.20350112021, 0.179797723889, 0.22679169476, 0.166596904397, 0.113216653466, 0.108585588634, 0.0945162177086, 0.185334146023, 0.280166625977, 0.190420150757, 0.0920823290944, 0.0800840258598, 0.0950921997428, 0.213674455881, 0.279595166445, 0.172887787223, 0.0907554030418, 0.0918328091502, 0.110580146313, 0.142721369863, 0.155575677752, 0.127702817321, 0.159601211548],
        "stdev": [0.279696106911, 0.190733030438, 0.130476236343, 0.129330798984, 0.138367131352, 0.219980925322, 0.336364358664, 0.256911337376, 0.190500676632, 0.167415395379, 0.170187532902, 0.231108695269, 0.302886962891, 0.249846875668, 0.257958680391, 0.345261633396, 0.262194156647, 0.19272403419, 0.194183647633, 0.177670806646, 0.242754638195, 0.332134783268, 0.247890666127, 0.175780922174, 0.166075110435, 0.178547814488, 0.262175142765, 0.319733440876, 0.225928246975, 0.171486020088, 0.187907263637, 0.227105617523, 0.2307638973, 0.240644276142, 0.206683471799, 0.226965129375]
    },
    "chords_histogram": [28.1935138702, 11.1614427567, 10.0380506516, 0.742888212204, 8.93277740479, 0, 2.86283755302, 0, 0.326146036386, 0.0181192252785, 0.815365076065, 0.434861391783, 0, 0.036238450557, 0.0181192252785, 0.344265252352, 0.271788358688, 0.742888212204, 0.308026820421, 0.416742175817, 0.289907604456, 9.80250072479, 9.4038772583, 14.8396444321],
    "thpcp": [1, 0.679667472839, 0.32866987586, 0.285844266415, 0.339413017035, 0.762669205666, 0.997960269451, 0.617089152336, 0.323933660984, 0.327779263258, 0.394694209099, 0.509416043758, 0.555296957493, 0.455810248852, 0.569665312767, 0.689498722553, 0.412486582994, 0.202611088753, 0.198261529207, 0.211172223091, 0.554501950741, 0.936885774136, 0.665599942207, 0.309798806906, 0.250826448202, 0.264812916517, 0.583843290806, 0.913928568363, 0.726357460022, 0.641752839088, 0.809488594532, 0.59463506937, 0.404104709625, 0.387575030327, 0.337357163429, 0.661513984203],
    "chords_key": "A",
    "chords_scale": "major"
}
}