{
"metadata": {
    "version": {
        "essentia": "2.1-dev",
        "essentia_git_sha": "v2.1_beta3-415-gd5473f3",
        "extractor": "music 2.0"
    },
    "audio_properties": {
        "analysis": {
            "equal_loudness": 0,
            "length": 349.152648926,
            "sample_rate": 44100,
            "start_time": 0,
            "downmix": "mix"
        },
        "bit_rate": 192000,
        "length": 349.152648926,
        "lossless": 0,
        "number_channels": 2,
        "replay_gain": -13.7156181335,
        "sample_rate": 44100,
        "codec": "mp3",
        "md5_encoded": "2983da643f7bd5d7c79448e1943fb22a"
    },
    "tags": {
        "file_name": "oasis-columbia.mp3",
        "date": ["2004"],
        "engineer": ["rosamerica tamyo"]
    }
},
"lowlevel": {
    "average_loudness": 0.96815019846,
    "barkbands_crest": {
        "mean": 9.94615268707,
        "stdev": 3.76733875275
    },
    "barkbands_flatness_db": {
        "mean": 0.0968185588717,
        "stdev": 0.0248685497791
    },
    "barkbands_kurtosis": {
        "mean": -0.669575154781,
        "stdev": 2.21722269058
    },
    "barkbands_skewness": {
        "mean": 0.659319639206,
        "stdev": 0.673731803894
    },
    "barkbands_spread": {
        "mean": 44.9975585938,
        "stdev": 9.16261672974
    },
    "dissonance": {
        "mean": 0.491281300783,
        "stdev": 0.00650789774954
    },
    "dynamic_complexity": 3.35125088692,
    "erbbands_crest": {
        "mean": 7.47730970383,
        "stdev": 2.10561418533
    },
    "erbbands_flatness_db": {
        "mean": 0.148070350289,
        "stdev": 0.0237078573555
    },
    "erbbands_kurtosis": {
        "mean": 2.6676261425,
        "stdev": 1.93992233276
    },
    "erbbands_skewness": {
        "mean": -1.25059187412,
        "stdev": 0.492994278669
    },
    "erbbands_spread": {
        "mean": 25.5428295135,
        "stdev": 8.87187099457
    },
    "hfc": {
        "mean": 32.7255096436,
        "stdev": 17.459777832
    },
    "loudness_ebu128": {
        "integrated": -8.11820983887,
        "loudness_range": 2.87461709976,
        "momentary": {
            "mean": -10.7555818558,
            "stdev": 8.38149356842
        },
        "short_term": {
            "mean": -10.5678081512,
            "stdev": 7.88353347778
        }
    },
    "melbands_crest": {
        "mean": 16.5361042023,
        "stdev": 4.41165542603
    },
    "melbands_flatness_db": {
        "mean": 0.161373317242,
        "stdev": 0.0361052304506
    },
    "melbands_kurtosis": {
        "mean": 4.96922254562,
        "stdev": 7.44309139252
    },
    "melbands_skewness": {
        "mean": 2.21127724648,
        "stdev": 0.968531429768
    },
    "melbands_spread": {
        "mean": 46.4029884338,
        "stdev": 17.1175537109
    },
    "pitch_salience": {
        "mean": 0.539750039577,
        "stdev": 0.0942791253328
    },
    "silence_rate_20dB": {
        "mean": 1,
        "stdev": 0
    },
    "silence_rate_30dB": {
        "mean": 1,
        "stdev": 0
    },
    "silence_rate_60dB": {
        "mean": 0.0986168384552,
        "stdev": 0.298148810863
    },
    "spectral_centroid": {
        "mean": 2462.64868164,
        "stdev": 313.989532471
    },
    "spectral_complexity": {
        "mean": 35.769317627,
        "stdev": 13.4904088974
    },
    "spectral_decrease": {
        "mean": -7.4079471446e-09,
        "stdev": 3.61514596037e-09
    },
    "spectral_energy": {
        "mean": 0.0309276692569,
        "stdev": 0.0146115208045
    },
    "spectral_energyband_high": {
        "mean": 0.00105477508623,
        "stdev": 0.00123015337158
    },
    "spectral_energyband_low": {
        "mean": 0.0159658994526,
        "stdev": 0.011023806408
    },
    "spectral_energyband_middle_high": {
        "mean": 0.0100646708161,
        "stdev": 0.00509185390547
    },
    "spectral_energyband_middle_low": {
        "mean": 0.00457051908597,
        "stdev": 0.00356120057404
    },
    "spectral_entropy": {
        "mean": 7.82718086243,
        "stdev": 0.146100968122
    },
    "spectral_flux": {
        "mean": 0.0895031541586,
        "stdev": 0.0373532734811
    },
    "spectral_kurtosis": {
        "mean": 6.00181674957,
        "stdev": 1.73688411713
    },
    "spectral_rms": {
        "mean": 0.00518615124747,
        "stdev": 0.00181030808017
    },
    "spectral_rolloff": {
        "mean": 2597.80517578,
        "stdev": 807.747497559
    },
    "spectral_skewness": {
        "mean": 1.45995604992,
        "stdev": 0.244092866778
    },
    "spectral_spread": {
        "mean": 3393252.5,
        "stdev": 783706.125
    },
    "spectral_strongpeak": {
        "mean": 0.311341971159,
        "stdev": 0.376288294792
    },
    "zerocrossingrate": {
        "mean": 0.0789730474353,
        "stdev": 0.0197216272354
    },
    "barkbands": {
        "mean": [0.000439267285401, 0.0110373850912, 0.0039080302231, 0.000886087364051, 0.00161149958149, 0.000652387330774, 0.000458254944533, 0.000342374522006, 0.000431372638559, 0.000558994361199, 0.000205051692319, 0.000433955545304, 0.000619686557911, 0.000798265158664, 0.000752487452701, 0.00151012127753, 0.00191059405915, 0.00134758721106, 0.00161071587354, 0.000615441473201, 0.000266042072326, 0.000162617769092, 0.000113459158456, 0.000121115859656, 6.75115152262e-05, 6.33052841295e-05, 3.85673456549e-06],
        "stdev": [0.000563857203815, 0.00972608570009, 0.00420084455982, 0.00102574448101, 0.00202731788158, 0.000834416074213, 0.000964685517829, 0.000595097546466, 0.000831433222629, 0.000990011962131, 0.00035959656816, 0.000777204113547, 0.000633571413346, 0.000728607992642, 0.000631798466202, 0.00118068500888, 0.00139778887387, 0.000883545842953, 0.0010215920629, 0.000434733694419, 0.000237179672695, 0.000287049915642, 0.000284697831376, 0.000314497185173, 0.000136292044772, 0.000112399902719, 9.11161532713e-06]
    },
    "erbbands": {
        "mean": [0.35187548399, 2.3583574295, 4.57443809509, 3.93075633049, 3.54396057129, 6.29173612595, 5.16711759567, 5.12160491943, 6.30106306076, 6.07832241058, 8.39640808105, 11.759180069, 13.2486667633, 15.0030536652, 11.8296098709, 17.9436397552, 29.483083725, 39.0601348877, 35.4844322205, 60.7797737122, 90.0644760132, 110.373123169, 72.5061798096, 89.9956436157, 61.6863441467, 31.0568523407, 14.3425865173, 7.86762619019, 6.02100801468, 4.76741933823, 3.07355475426, 3.33243250847, 1.33833348751, 0.758222937584, 0.4794511199, 0.35693114996, 0.0946812182665, 0.0127375032753, 0.000624282576609, 5.48658281332e-05],
        "stdev": [0.349282413721, 2.06557893753, 4.29846191406, 3.57764315605, 4.09077358246, 8.52708911896, 6.45674753189, 6.97216844559, 12.9031991959, 11.8665275574, 14.8020772934, 22.1467895508, 24.0639667511, 27.9628562927, 20.2042636871, 28.0451259613, 30.2366275787, 34.9561729431, 29.0404491425, 48.6345901489, 67.8711547852, 80.9654846191, 48.0031471252, 54.9524230957, 39.2850875854, 21.9917736053, 11.4826784134, 9.01672554016, 10.4613113403, 9.82597541809, 7.80279159546, 8.27462863922, 4.04517364502, 1.9999537468, 0.763254463673, 0.703070163727, 0.151473507285, 0.0198130384088, 0.00158783863299, 4.49151957582e-05]
    },
    "gfcc": {
        "mean": [20.7519168854, 69.8593215942, -130.121200562, 56.5171318054, -23.3348407745, 15.038640976, -34.6112518311, 23.3461837769, -24.3427772522, 7.22202157974, -16.7789707184, 4.70914459229, -14.2458047867],
        "cov": [[11921.8808594, -3.8720536232, 121.520622253, 119.464096069, -303.021057129, 296.258636475, -47.9691314697, 136.395385742, -6.59696102142, 57.619468689, 42.9041061401, 64.6103057861, -41.957233429], [-3.8720536232, 376.736358643, -140.947921753, 31.2790966034, 19.1180000305, -63.0734710693, 40.7926521301, -7.58377504349, 11.2429056168, -22.0835266113, 32.9075126648, -34.4995918274, 29.5929946899], [121.520622253, -140.947921753, 269.600494385, -31.7300319672, 1.10704481602, 11.8527069092, -41.0943489075, -8.1413640976, -7.47575139999, 23.0670776367, -24.0551452637, 28.0556583405, -22.2169647217], [119.464096069, 31.2790966034, -31.7300319672, 128.045394897, 6.88353013992, 28.2972431183, -6.68590450287, -9.19985866547, 10.9238357544, -8.37024211884, 13.0301294327, -7.97793102264, 15.2050123215], [-303.021057129, 19.1180000305, 1.10704481602, 6.88353013992, 132.473251343, -16.520401001, 29.5033435822, -6.34645605087, -16.4522743225, 1.16215062141, -3.56699204445, -0.70207375288, 3.20762443542], [296.258636475, -63.0734710693, 11.8527069092, 28.2972431183, -16.520401001, 119.01449585, 20.0475921631, 10.0957298279, -0.95494055748, -3.11653518677, 9.57256221771, 10.4484462738, 4.80429172516], [-47.9691314697, 40.7926521301, -41.0943489075, -6.68590450287, 29.5033435822, 20.0475921631, 76.6092605591, 25.8898105621, 13.1419219971, -1.35623705387, 7.26416540146, -2.34867954254, 5.21849822998], [136.395385742, -7.58377504349, -8.1413640976, -9.19985866547, -6.34645605087, 10.0957298279, 25.8898105621, 68.2877883911, 32.7579879761, 12.6527748108, 5.40746927261, -2.64672636986, -0.925433218479], [-6.59696102142, 11.2429056168, -7.47575139999, 10.9238357544, -16.4522743225, -0.95494055748, 13.1419219971, 32.7579879761, 62.3435974121, 24.7132892609, 14.3640756607, -3.58225798607, 1.74697685242], [57.619468689, -22.0835266113, 23.0670776367, -8.37024211884, 1.16215062141, -3.11653518677, -1.35623705387, 12.6527748108, 24.7132892609, 51.3479423523, 18.1249694824, 12.1636209488, -4.93268823624], [42.9041061401, 32.9075126648, -24.0551452637, 13.0301294327, -3.56699204445, 9.57256221771, 7.26416540146, 5.40746927261, 14.3640756607, 18.1249694824, 54.0023956299, 15.3048591614, 13.0953903198], [64.6103057861, -34.4995918274, 28.0556583405, -7.97793102264, -0.70207375288, 10.4484462738, -2.34867954254, -2.64672636986, -3.58225798607, 12.1636209488, 15.3048591614, 45.4034042358, 14.3590583801], [-41.957233429, 29.5929946899, -22.2169647217, 15.2050123215, 3.20762443542, 4.80429172516, 5.21849822998, -0.925433218479, 1.74697685242, -4.93268823624, 13.0953903198, 14.3590583801, 44.5766410828]],
        "icov": [[0.000105894912849, -0.000151957952767, -4.48295104434e-05, -0.000143350494909, 0.000235040279222, -0.000262753252173, 0.00011943604477, -0.000368703360436, 0.000334945623763, -0.000238667882513, 0.000109201333544, -0.000230747114983, 0.000219586203457], [-0.000151957952767, 0.00508226826787, 0.000881363055669, -0.000554360565729, 0.000104279984953, 0.00360447284766, -0.0031999447383, 0.00191685231403, -0.000507435877807, 0.00184778915718, -0.00382599188015, 0.00422014808282, -0.00288126384839], [-4.48295104434e-05, 0.000881363055669, 0.00564632518217, 0.000948453613091, -0.0011674312409, -0.00092482205946, 0.00283314310946, 0.000412959256209, -0.00109965517186, -0.00144597899634, 0.00274130771868, -0.00345206120983, 0.00191363540944], [-0.000143350494909, -0.000554360565729, 0.000948453613091, 0.0110816033557, -0.00281078368425, -0.00396230025217, 0.00426431884989, 0.00281709199771, -0.00544463424012, 0.00290591386147, -0.00176123809069, 0.00263037742116, -0.00268050492741], [0.000235040279222, 0.000104279984953, -0.0011674312409, -0.00281078368425, 0.0109382122755, 0.00279172346927, -0.00681417761371, -8.91435338417e-05, 0.00620856694877, -0.00388427544385, 0.000726353842765, 0.000704064848833, -0.000876501318999], [-0.000262753252173, 0.00360447284766, -0.00092482205946, -0.00396230025217, 0.00279172346927, 0.0140382600948, -0.00759647041559, 2.38795510086e-05, 0.00270072533749, 0.00191793299746, -0.00397105887532, 0.00095559930196, -0.00160851888359], [0.00011943604477, -0.0031999447383, 0.00283314310946, 0.00426431884989, -0.00681417761371, -0.00759647041559, 0.0241563450545, -0.00670252600685, -0.00490651279688, 0.00271280179732, 0.0012969536474, -0.0031811085064, 0.00167237699497], [-0.000368703360436, 0.00191685231403, 0.000412959256209, 0.00281709199771, -8.91435338417e-05, 2.38795510086e-05, -0.00670252600685, 0.0244270060211, -0.0122284227982, 0.00054408662254, -0.000300193001749, 0.00269977934659, -0.00132107432], [0.000334945623763, -0.000507435877807, -0.00109965517186, -0.00544463424012, 0.00620856694877, 0.00270072533749, -0.00490651279688, -0.0122284227982, 0.0327801033854, -0.0146458437666, -0.00203395169228, 0.00535067077726, -0.00248744152486], [-0.000238667882513, 0.00184778915718, -0.00144597899634, 0.00290591386147, -0.00388427544385, 0.00191793299746, 0.00271280179732, 0.00054408662254, -0.0146458437666, 0.034661475569, -0.0108429966494, -0.00589632987976, 0.00609749415889], [0.000109201333544, -0.00382599188015, 0.00274130771868, -0.00176123809069, 0.000726353842765, -0.00397105887532, 0.0012969536474, -0.000300193001749, -0.00203395169228, -0.0108429966494, 0.030784394592, -0.0111746415496, -0.0017367474502], [-0.000230747114983, 0.00422014808282, -0.00345206120983, 0.00263037742116, 0.000704064848833, 0.00095559930196, -0.0031811085064, 0.00269977934659, 0.00535067077726, -0.00589632987976, -0.0111746415496, 0.0385664924979, -0.0153641533107], [0.000219586203457, -0.00288126384839, 0.00191363540944, -0.00268050492741, -0.000876501318999, -0.00160851888359, 0.00167237699497, -0.00132107432, -0.00248744152486, 0.00609749415889, -0.0017367474502, -0.0153641533107, 0.0326655581594]]
    },
    "melbands": {
        "mean": [0.0031552950386, 0.00267341756262, 0.000653845781926, 0.000401359226089, 0.000190761464182, 0.000115861563245, 9.67474916251e-05, 6.81043238728e-05, 7.28884406271e-05, 6.72567912261e-05, 6.47899723845e-05, 6.23476589681e-05, 3.3533648093e-05, 5.06216056237e-05, 4.6237193601e-05, 6.81291421643e-05, 7.53069034545e-05, 5.67263814446e-05, 6.14275195403e-05, 9.19270096347e-05, 0.000108589912998, 0.000119473959785, 8.21535431896e-05, 5.57227285753e-05, 7.64341384638e-05, 5.90827694396e-05, 2.83806202788e-05, 1.79958733497e-05, 8.78016908246e-06, 6.89877879267e-06, 3.78689969693e-06, 3.35741037816e-06, 3.11422741106e-06, 2.47739535553e-06, 1.72891896e-06, 1.86577722161e-06, 2.03302124646e-06, 9.53095138811e-07, 7.18396620414e-07, 5.99272084401e-07],
        "stdev": [0.00287608313374, 0.00193786132149, 0.000563532812521, 0.00054414535407, 0.000220503177843, 0.000157921414939, 0.000200135094929, 0.000123941761558, 0.000134512185468, 0.000126252853079, 0.000122212746646, 0.000121631688671, 5.60128391953e-05, 9.35863427003e-05, 5.74849436816e-05, 6.54421746731e-05, 7.20498719602e-05, 5.06348624185e-05, 4.87826437165e-05, 7.50545514165e-05, 8.6643944087e-05, 9.34332492761e-05, 5.98088772676e-05, 3.6645327782e-05, 4.91057217005e-05, 4.2478684918e-05, 1.98252837436e-05, 1.41952486956e-05, 7.66350603953e-06, 6.29203441349e-06, 5.34355558557e-06, 6.17266141489e-06, 5.66955350223e-06, 5.6947333178e-06, 4.62127127321e-06, 4.44002398581e-06, 5.45864577361e-06, 3.12843189931e-06, 2.27060195357e-06, 1.48835692926e-06]
    },
    "melbands128": {
        "mean": [0.000414448411902, 0.00263099162839, 0.00468688877299, 0.00352040096186, 0.00257515581325, 0.00175147270784, 0.000831407145597, 0.000348862115061, 0.000237715954427, 0.00061392452335, 0.000416638271417, 0.000162747441209, 0.000165710865986, 0.000197676708922, 0.000135824971949, 5.48697353224e-05, 6.50224465062e-05, 0.000132521105115, 9.69982647803e-05, 5.360501018e-05, 6.35943360976e-05, 7.43973287172e-05, 6.51936788927e-05, 6.29419009783e-05, 0.000115561429993, 3.28549504047e-05, 3.99604687118e-05, 8.74802790349e-05, 6.07584734098e-05, 8.09520570328e-05, 6.19914862909e-05, 2.44625680352e-05, 3.21599982271e-05, 3.23343265336e-05, 5.94751691096e-05, 5.04139825352e-05, 5.16140898981e-05, 2.63905676547e-05, 5.91494281252e-05, 7.88941324572e-05, 6.44226020086e-05, 6.4861626015e-05, 7.12910914444e-05, 8.73622193467e-05, 6.87671708874e-05, 4.19121861341e-05, 5.90703239141e-05, 3.79063931177e-05, 6.5368541982e-05, 0.000117208779557, 7.98119581304e-05, 8.51243603393e-05, 0.000123826030176, 0.000100492732599, 0.000115504873975, 0.000131870139739, 0.000120022566989, 8.30361022963e-05, 7.53510103095e-05, 6.27744884696e-05, 3.91307075915e-05, 5.92033575231e-05, 9.12363248062e-05, 6.44416504656e-05, 8.45848626341e-05, 6.90688902978e-05, 3.7473597331e-05, 3.40668411809e-05, 2.24848208745e-05, 2.62243156612e-05, 2.25796120503e-05, 1.14327840492e-05, 8.60334330355e-06, 8.74884517543e-06, 8.18671287561e-06, 8.50134347274e-06, 5.4794877542e-06, 3.80912229048e-06, 3.87144746128e-06, 3.47323748429e-06, 3.05159983327e-06, 3.41456166097e-06, 3.70534598915e-06, 2.91352398563e-06, 2.90594994112e-06, 2.65361313723e-06, 2.39399810198e-06, 1.97882332031e-06, 1.71771728219e-06, 1.47243815718e-06, 1.54048359491e-06, 1.73880721377e-06, 2.92255185741e-06, 2.0941429284e-06, 1.68122915056e-06, 1.03065951862e-06, 8.24621622542e-07, 7.35335447644e-07, 6.7570789497e-07, 8.12703376596e-07, 5.70799556954e-07, 5.9367147287e-07, 5.76053480472e-07, 5.16032343967e-07, 5.82893278533e-07, 5.76812055897e-07, 3.77142896468e-07, 3.90366238889e-07, 6.52517258004e-07, 1.00449040019e-06, 5.71143516481e-07, 3.29678215394e-07, 2.10532633105e-07, 1.86303736882e-07, 1.40651650327e-07, 1.21178985069e-07, 8.98864271903e-08, 4.2167563663e-08, 2.41161348669e-08, 1.55131871793e-08, 3.85717058293e-09, 2.29660979123e-09, 1.5667579456e-09, 2.70618000231e-10, 1.46484754882e-10, 1.5121936689e-11, 5.84796707587e-12, 4.0323217855e-12],
        "stdev": [0.000537386571523, 0.00295965978876, 0.00454767839983, 0.00329195219092, 0.00236578006297, 0.00181624421384, 0.00083437334979, 0.000396070914576, 0.00034603124368, 0.000941415259149, 0.00066254317062, 0.000290389958536, 0.000263724039542, 0.000282679335214, 0.000202436305699, 0.000156465466716, 0.00022888139938, 0.000303196517052, 0.00027300111833, 0.000158509938046, 0.000160044641234, 0.000146954305819, 0.000179436799954, 0.000221540933126, 0.000255253951764, 7.33386405045e-05, 8.50812066346e-05, 0.000210330545087, 0.000134162895847, 0.000212844301132, 0.000132691435283, 5.2911851526e-05, 7.18047595001e-05, 0.000100537698017, 0.000172450076207, 9.99922485789e-05, 0.00011591277871, 5.00254427607e-05, 9.60047982517e-05, 0.000104850951175, 8.90025694389e-05, 9.131636034e-05, 9.48276574491e-05, 0.000110886838229, 8.70407966431e-05, 5.43237038073e-05, 7.78428366175e-05, 4.49084909633e-05, 6.91240129527e-05, 0.000132706423756, 8.94910335774e-05, 0.000106034327473, 0.000136072005262, 9.7380769148e-05, 0.000124690326629, 0.000133220804855, 0.000126897371956, 8.10185811133e-05, 6.98991061654e-05, 6.43137973384e-05, 3.52132192347e-05, 5.07937875227e-05, 7.85414813436e-05, 5.22188092873e-05, 7.62939234846e-05, 6.31880757282e-05, 3.27376765199e-05, 3.14535463986e-05, 2.00488011615e-05, 2.34748258663e-05, 2.31503836403e-05, 1.09893808258e-05, 1.01726018329e-05, 8.95425637282e-06, 7.77735567681e-06, 8.43022098707e-06, 6.38405572317e-06, 5.49797368876e-06, 5.7481438489e-06, 6.60715295453e-06, 6.48503510092e-06, 6.92000639901e-06, 6.96694633007e-06, 5.78681238039e-06, 6.58597673464e-06, 6.68610618959e-06, 6.0314705479e-06, 5.1623719628e-06, 4.99138013765e-06, 4.86345970785e-06, 4.23300889452e-06, 4.36746222476e-06, 7.16334352546e-06, 6.19155025561e-06, 5.65332447877e-06, 4.12193685406e-06, 2.79487107946e-06, 2.14445981328e-06, 2.49421805165e-06, 2.56244243246e-06, 2.00607132683e-06, 1.47618891333e-06, 9.98261043605e-07, 8.41226665216e-07, 1.02593469364e-06, 9.66810489444e-07, 5.63181458801e-07, 5.71787040826e-07, 1.51036772422e-06, 2.737701152e-06, 1.26547229229e-06, 5.31273087745e-07, 3.16349172635e-07, 2.8397744245e-07, 2.21369262476e-07, 1.89530268813e-07, 1.50704792645e-07, 1.34379675387e-07, 1.02157812876e-07, 8.93143550229e-08, 2.83169914184e-08, 2.5370310297e-08, 2.00477465739e-08, 4.89867169051e-09, 3.28938942751e-09, 4.26892216021e-10, 9.26551335656e-11, 1.11440440209e-11]
    },
    "mfcc": {
        "mean": [-617.508178711, 97.2937316895, -29.7022953033, 46.4183158875, 26.6968021393, 7.661236763, 9.24928283691, 12.8077125549, 2.93249940872, 8.48506259918, 2.5737862587, 2.46996068954, 0.718570888042],
        "cov": [[10812.7744141, 447.117095947, -155.638778687, 148.377151489, -155.797897339, 65.0399780273, 10.6342010498, 99.3540267944, -66.2395706177, 106.856079102, 55.613117218, -16.9709835052, 15.303358078], [447.117095947, 362.148834229, -136.376678467, 74.9127807617, -28.1763648987, -40.2420845032, 18.5635910034, -8.55848407745, -6.26937532425, 11.5571060181, 1.68064701557, -3.60407495499, 3.45467686653], [-155.638778687, -136.376678467, 251.194061279, -54.7171783447, 15.4342069626, 13.7885684967, -38.3797874451, -9.7979927063, -7.66079950333, -14.0480222702, 13.5485429764, -11.604888916, -9.04923820496], [148.377151489, 74.9127807617, -54.7171783447, 116.146331787, 24.9034824371, -2.5781686306, -3.74307656288, -10.0074739456, -0.586340367794, 5.48920679092, -3.47203779221, 0.362913399935, 0.636050343513], [-155.797897339, -28.1763648987, 15.4342069626, 24.9034824371, 74.9936141968, 17.2404537201, 9.91315937042, -8.07683372498, -1.96297955513, -6.49978303909, -3.42538380623, -2.34099411964, -2.34203290939], [65.0399780273, -40.2420845032, 13.7885684967, -2.5781686306, 17.2404537201, 81.3274612427, 26.0333709717, 9.77757549286, -4.29053640366, -12.2599315643, -4.98263597488, 1.41306257248, -5.14464902878], [10.6342010498, 18.5635910034, -38.3797874451, -3.74307656288, 9.91315937042, 26.0333709717, 67.8629302979, 23.7240161896, 4.0158572197, -3.41008019447, -3.17953777313, -1.13306879997, 2.42970514297], [99.3540267944, -8.55848407745, -9.7979927063, -10.0074739456, -8.07683372498, 9.77757549286, 23.7240161896, 53.6324996948, 18.6400241852, 8.54585075378, -0.470182597637, 2.42118573189, 2.47279787064], [-66.2395706177, -6.26937532425, -7.66079950333, -0.586340367794, -1.96297955513, -4.29053640366, 4.0158572197, 18.6400241852, 48.5532569885, 20.7270526886, 5.12935400009, 2.45788049698, 2.28357982635], [106.856079102, 11.5571060181, -14.0480222702, 5.48920679092, -6.49978303909, -12.2599315643, -3.41008019447, 8.54585075378, 20.7270526886, 50.7131652832, 21.477306366, 5.99559926987, 2.84342765808], [55.613117218, 1.68064701557, 13.5485429764, -3.47203779221, -3.42538380623, -4.98263597488, -3.17953777313, -0.470182597637, 5.12935400009, 21.477306366, 46.886680603, 17.695356369, 6.94685459137], [-16.9709835052, -3.60407495499, -11.604888916, 0.362913399935, -2.34099411964, 1.41306257248, -1.13306879997, 2.42118573189, 2.45788049698, 5.99559926987, 17.695356369, 47.044593811, 18.826089859], [15.303358078, 3.45467686653, -9.04923820496, 0.636050343513, -2.34203290939, -5.14464902878, 2.42970514297, 2.47279787064, 2.28357982635, 2.84342765808, 6.94685459137, 18.826089859, 41.7533836365]],
        "icov": [[0.000112628549687, -0.000123019461171, -1.34879992402e-05, -0.000134151589009, 0.000219855748583, -0.000244525959715, 0.000141960161272, -0.000324845314026, 0.000363432074664, -0.000288026436465, -9.20325765037e-05, 0.00015761636314, -9.48180313571e-05], [-0.000123019461171, 0.00449332268909, 0.00146148283966, -0.00241599255241, 0.00190117780585, 0.00213908567093, -0.00212158542126, 0.00133159197867, 0.000414471316617, 0.00042266890523, -0.00094768370036, 0.000794835621491, 0.000189508820768], [-1.34879992402e-05, 0.00146148283966, 0.00661744456738, 0.00241418811493, -0.00191951298621, -0.00115959229879, 0.00444040074944, -0.000757068861276, 0.00022882707708, 0.00241410918534, -0.00399952381849, 0.00301167625003, -5.20716166648e-05], [-0.000134151589009, -0.00241599255241, 0.00241418811493, 0.0130329672247, -0.00625071348622, -0.0012426051544, 0.00396806839854, 0.000621830578893, -0.000564493180718, -0.000904135755263, 0.000700523494743, 2.60399156105e-05, -0.0002335478639], [0.000219855748583, 0.00190117780585, -0.00191951298621, -0.00625071348622, 0.0185545179993, -0.001774622011, -0.00535920122638, 0.00399365881458, -0.000442516990006, 9.49236127781e-05, 0.000514029874466, 0.00018412139616, 0.000187957033631], [-0.000244525959715, 0.00213908567093, -0.00115959229879, -0.0012426051544, -0.001774622011, 0.0173176322132, -0.00751311797649, -0.000445419223979, 0.000670948298648, 0.0028836033307, 0.000914683681913, -0.00296662701294, 0.00313044060022], [0.000141960161272, -0.00212158542126, 0.00444040074944, 0.00396806839854, -0.00535920122638, -0.00751311797649, 0.0254676807672, -0.0105498097837, 0.000874243618455, 0.0025720091071, -0.00299646449275, 0.00382583937608, -0.00250756274909], [-0.000324845314026, 0.00133159197867, -0.000757068861276, 0.000621830578893, 0.00399365881458, -0.000445419223979, -0.0105498097837, 0.0286284927279, -0.00967298541218, -0.00221913354471, 0.00331662036479, -0.00219841185026, 4.24683566962e-05], [0.000363432074664, 0.000414471316617, 0.00022882707708, -0.000564493180718, -0.000442516990006, 0.000670948298648, 0.000874243618455, -0.00967298541218, 0.0297264847904, -0.0117485290393, 0.00155176082626, 0.000373795919586, -0.000781899027061], [-0.000288026436465, 0.00042266890523, 0.00241410918534, -0.000904135755263, 9.49236127781e-05, 0.0028836033307, 0.0025720091071, -0.00221913354471, -0.0117485290393, 0.032999817282, -0.0147796608508, 0.00228241761215, 0.000775110034738], [-9.20325765037e-05, -0.00094768370036, -0.00399952381849, 0.000700523494743, 0.000514029874466, 0.000914683681913, -0.00299646449275, 0.00331662036479, 0.00155176082626, -0.0147796608508, 0.0338805280626, -0.012370496057, 0.000216491302126], [0.00015761636314, 0.000794835621491, 0.00301167625003, 2.60399156105e-05, 0.00018412139616, -0.00296662701294, 0.00382583937608, -0.00219841185026, 0.000373795919586, 0.00228241761215, -0.012370496057, 0.0316964797676, -0.0123280994594], [-9.48180313571e-05, 0.000189508820768, -5.20716166648e-05, -0.0002335478639, 0.000187957033631, 0.00313044060022, -0.00250756274909, 4.24683566962e-05, -0.000781899027061, 0.000775110034738, 0.000216491302126, -0.0123280994594, 0.030013712123]]
    },
    "spectral_contrast_coeffs": {
        "mean": [-0.768832087517, -0.803310632706, -0.802157580853, -0.79007256031, -0.763244867325, -0.759732842445],
        "stdev": [0.0520465560257, 0.0526090934873, 0.0475756116211, 0.035673122853, 0.0345337018371, 0.0293509624898]
    },
    "spectral_contrast_valleys": {
        "mean": [-6.48226261139, -7.04366540909, -7.40888261795, -6.88191843033, -6.65748214722, -10.0372238159],
        "stdev": [1.08907091618, 1.04470419884, 1.02674400806, 0.99190813303, 0.984803020954, 1.1110188961]
    }
},
"rhythm": {
    "beats_count": 583,
    "beats_loudness": {
        "mean": 0.0401550494134,
        "stdev": 0.0185365714133
    },
    "bpm": 100.438446045,
    "bpm_histogram_first_peak_bpm": 101,
    "bpm_histogram_first_peak_weight": 0.489547014236,
    "bpm_histogram_second_peak_bpm": 96,
    "bpm_histogram_second_peak_spread": 0.250000059605,
    "bpm_histogram_second_peak_weight": 0.0103092780337,
    "danceability": 1.30429852009,
    "onset_rate": 2.75510430336,
    "beats_loudness_band_ratio": {
        "mean": [0.557089269161, 0.0626501515508, 0.0419837683439, 0.0652996227145, 0.187836632133, 0.104506291449],
        "stdev": [0.159181594849, 0.0492156073451, 0.0423900745809, 0.047302082181, 0.0828981474042, 0.0535303466022]
    },
    "beats_position": [0.626938760281, 1.26548755169, 1.90403628349, 2.51936507225, 3.13469386101, 3.75002264977, 4.3653512001, 4.98067998886, 5.59600877762, 6.2229475975, 6.84988641739, 7.47682523727, 8.10376358032, 8.71909236908, 9.33442115784, 9.93814086914, 10.5650787354, 11.1804075241, 11.7957363129, 12.4110651016, 13.0263938904, 13.6417226791, 14.2570514679, 14.8723802567, 15.4877090454, 16.1030387878, 16.7183666229, 17.3336963654, 17.9490242004, 18.5643539429, 19.179681778, 19.7950115204, 20.4103393555, 21.0140590668, 21.6177768707, 22.2331066132, 22.8368244171, 23.4521541595, 24.0558719635, 24.6595916748, 25.2633094788, 25.8670291901, 26.4823570251, 27.0744667053, 27.6781845093, 28.2935142517, 28.897233963, 29.500951767, 30.1162815094, 30.7199993134, 31.3237190247, 31.9274368286, 32.542766571, 33.1580963135, 33.7618141174, 34.3655319214, 34.9808616638, 35.5961914062, 36.1999092102, 36.8152389526, 37.4305648804, 38.034286499, 38.638004303, 39.2417221069, 39.8454399109, 40.4491615295, 41.0528793335, 41.6565971375, 42.2603149414, 42.8640365601, 43.467754364, 44.071472168, 44.6751937866, 45.2789115906, 45.8826293945, 46.4747390747, 47.0900688171, 47.6937866211, 48.297504425, 48.8896141052, 49.5049438477, 50.1086616516, 50.7123794556, 51.3160972595, 51.9198188782, 52.5235366821, 53.1272544861, 53.73097229, 54.3579139709, 54.9616317749, 55.5653495789, 56.1690673828, 56.7727890015, 57.3765068054, 57.9802246094, 58.583946228, 59.187664032, 59.7913818359, 60.3950996399, 60.9872093201, 61.5793190002, 62.1830368042, 62.7867546082, 63.3904762268, 63.9941940308, 64.5979156494, 65.2016296387, 65.8053512573, 66.409072876, 67.0127868652, 67.6165084839, 68.2202224731, 68.8239440918, 69.4276657104, 70.0313796997, 70.6351013184, 71.238822937, 71.8309249878, 72.423034668, 73.0267562866, 73.6304779053, 74.2341918945, 74.8379135132, 75.4416275024, 76.0453491211, 76.6490707397, 77.252784729, 77.8448944092, 78.4370040894, 79.040725708, 79.6444396973, 80.2365493774, 80.8518829346, 81.4555969238, 82.070930481, 82.6862564087, 83.2899780273, 83.8936920166, 84.4974136353, 85.1011352539, 85.7048492432, 86.2969589233, 86.8890686035, 87.4927902222, 88.0965042114, 88.7002258301, 89.3039474487, 89.8960494995, 90.4997711182, 91.1034927368, 91.7188186646, 92.3225402832, 92.9262542725, 93.5299758911, 94.1336975098, 94.737411499, 95.3411331177, 95.9448471069, 96.5485687256, 97.1406784058, 97.7444000244, 98.3481140137, 98.9402236938, 99.532333374, 100.136054993, 100.728164673, 101.331878662, 101.935600281, 102.53931427, 103.13142395, 103.72353363, 104.327255249, 104.930976868, 105.534690857, 106.126800537, 106.718910217, 107.322631836, 107.914733887, 108.506843567, 109.098953247, 109.702674866, 110.294784546, 110.898498535, 111.502220154, 112.094329834, 112.674827576, 113.266937256, 113.870658875, 114.474372864, 115.078094482, 115.681808472, 116.273918152, 116.866027832, 117.458137512, 118.050247192, 118.642356873, 119.234466553, 119.838180542, 120.441902161, 121.034011841, 121.626121521, 122.218231201, 122.810340881, 123.402442932, 124.006164551, 124.598274231, 125.20199585, 125.79410553, 126.397819519, 126.989929199, 127.593650818, 128.185760498, 128.777862549, 129.369979858, 129.962081909, 130.565795898, 131.169525146, 131.761627197, 132.353744507, 132.957458496, 133.561172485, 134.164901733, 134.768615723, 135.360717773, 135.952835083, 136.556549072, 137.160263062, 137.752380371, 138.344482422, 138.94821167, 139.551925659, 140.155639648, 140.759368896, 141.363082886, 141.966796875, 142.558914185, 143.151016235, 143.754730225, 144.358459473, 144.950561523, 145.542678833, 146.146392822, 146.750106812, 147.342224121, 147.94593811, 148.538040161, 149.141769409, 149.745483398, 150.337600708, 150.929702759, 151.533416748, 152.125534058, 152.717636108, 153.321365356, 153.925079346, 154.528793335, 155.132507324, 155.724624634, 156.316726685, 156.908843994, 157.500946045, 158.104675293, 158.708389282, 159.300491333, 159.892608643, 160.496322632, 161.100036621, 161.692153931, 162.284255981, 162.887985229, 163.491699219, 164.08380127, 164.675918579, 165.279632568, 165.883346558, 166.475463867, 167.067565918, 167.671295166, 168.275009155, 168.867111206, 169.459228516, 170.062942505, 170.666656494, 171.258773804, 171.862487793, 172.466217041, 173.058319092, 173.662033081, 174.265762329, 174.869476318, 175.461578369, 176.053695679, 176.657409668, 177.249526978, 177.841629028, 178.445343018, 179.049072266, 179.652786255, 180.256500244, 180.848617554, 181.440719604, 182.044433594, 182.648162842, 183.240264893, 183.832382202, 184.424484253, 185.016601562, 185.620315552, 186.224029541, 186.816146851, 187.408248901, 188.000366211, 188.592468262, 189.196182251, 189.799911499, 190.39201355, 190.995727539, 191.599456787, 192.191558838, 192.795272827, 193.399002075, 193.991104126, 194.583221436, 195.175323486, 195.767440796, 196.359542847, 196.951644897, 197.543762207, 198.135864258, 198.716369629, 199.296859741, 199.888977051, 200.481079102, 201.073196411, 201.665298462, 202.257415771, 202.849517822, 203.430023193, 204.022125244, 204.614242554, 205.217956543, 205.810058594, 206.402175903, 206.994277954, 207.586395264, 208.178497314, 208.770614624, 209.362716675, 209.954818726, 210.546936035, 211.139038086, 211.742767334, 212.346481323, 212.938583374, 213.530700684, 214.122802734, 214.726531982, 215.318634033, 215.922348022, 216.514465332, 217.106567383, 217.698684692, 218.290786743, 218.882904053, 219.475006104, 220.078720093, 220.682449341, 221.274551392, 221.866668701, 222.47038269, 223.07409668, 223.666213989, 224.25831604, 224.862030029, 225.454147339, 226.04624939, 226.649978638, 227.242080688, 227.834197998, 228.426300049, 229.0184021, 229.622131348, 230.225845337, 230.817947388, 231.410064697, 232.013778687, 232.617507935, 233.209609985, 233.801712036, 234.393829346, 234.985931396, 235.578048706, 236.170150757, 236.762268066, 237.365982056, 237.958084106, 238.561813354, 239.153915405, 239.746032715, 240.338134766, 240.930252075, 241.533966064, 242.126068115, 242.718185425, 243.321899414, 243.914016724, 244.506118774, 245.098220825, 245.690338135, 246.282440186, 246.874557495, 247.466659546, 248.058776855, 248.650878906, 249.242996216, 249.846710205, 250.450424194, 251.030929565, 251.623031616, 252.215148926, 252.807250977, 253.399353027, 253.979858398, 254.571975708, 255.164077759, 255.74458313, 256.325073242, 256.917175293, 257.509277344, 258.101409912, 258.693511963, 259.285614014, 259.877716064, 260.469848633, 261.061950684, 261.654052734, 262.246154785, 262.838256836, 263.430389404, 264.022491455, 264.614593506, 265.195098877, 265.775604248, 266.356109619, 266.936584473, 267.517089844, 268.097595215, 268.689697266, 269.281799316, 269.873931885, 270.466033936, 271.046539307, 271.638641357, 272.230743408, 272.811248779, 273.40335083, 273.995452881, 274.587554932, 275.1796875, 275.771789551, 276.363891602, 276.944396973, 277.524902344, 278.117004395, 278.709106445, 279.301208496, 279.893341064, 280.473815918, 281.054321289, 281.63482666, 282.226928711, 282.819030762, 283.399536133, 283.991638184, 284.583770752, 285.175872803, 285.767974854, 286.348480225, 286.940582275, 287.521087646, 288.113189697, 288.716918945, 289.320617676, 289.912750244, 290.504852295, 291.108551025, 291.700683594, 292.292785645, 292.896514893, 293.488616943, 294.080718994, 294.672821045, 295.264923096, 295.868652344, 296.472381592, 297.064483643, 297.656585693, 298.260314941, 298.852416992, 299.444519043, 300.048248291, 300.640350342, 301.232452393, 301.824584961, 302.428283691, 303.02041626, 303.62411499, 304.216217041, 304.808349609, 305.40045166, 305.992553711, 306.596282959, 307.199981689, 307.792114258, 308.384216309, 308.976318359, 309.56842041, 310.160552979, 310.752655029, 311.34475708, 311.936859131, 312.540588379, 313.13269043, 313.72479248, 314.328521729, 314.920623779, 315.51272583, 316.104858398, 316.696960449, 317.2890625, 317.881164551, 318.473297119, 319.06539917, 319.657501221, 320.249603271, 320.841705322, 321.433837891, 322.025939941, 322.618041992, 323.210144043, 323.802276611, 324.394378662, 324.986480713, 325.566986084, 326.159088135, 326.751190186, 327.343292236, 327.935424805, 328.527526855, 329.119628906, 329.711730957, 330.303863525, 330.895965576, 331.488067627, 332.080169678, 332.672271729, 333.264404297, 333.856506348, 334.448608398, 335.040710449, 335.632843018, 336.224945068, 336.817047119, 337.40914917, 337.989654541, 338.581756592, 339.173858643, 339.765991211, 340.358093262, 340.950195312, 341.542297363, 342.134429932, 342.726531982, 343.318634033, 343.910736084, 344.491241455, 345.071746826, 345.663848877, 346.255950928, 346.848052979, 347.440185547, 348.032287598, 348.624389648],
    "bpm_histogram": [0, 0, 0, 0, 0, 0, 0, 0, 0, 0, 0, 0, 0, 0, 0, 0, 0, 0, 0, 0, 0, 0, 0, 0, 0, 0, 0, 0, 0, 0, 0, 0, 0, 0, 0, 0, 0, 0, 0, 0, 0, 0, 0, 0, 0, 0, 0, 0, 0, 0, 0, 0, 0, 0, 0, 0, 0, 0, 0, 0, 0, 0, 0, 0, 0, 0, 0, 0, 0, 0, 0, 0, 0, 0, 0, 0, 0, 0, 0, 0, 0, 0, 0, 0, 0, 0, 0, 0, 0, 0, 0, 0, 0, 0, 0.00343642616645, 0, 0.0103092780337, 0, 0.0704467371106, 0.364261180162, 0, 0.50343644619, 0, 0.0481099672616, 0, 0, 0, 0, 0, 0, 0, 0, 0, 0, 0, 0, 0, 0, 0, 0, 0, 0, 0, 0, 0, 0, 0, 0, 0, 0, 0, 0, 0, 0, 0, 0, 0, 0, 0, 0, 0, 0, 0, 0, 0, 0, 0, 0, 0, 0, 0, 0, 0, 0, 0, 0, 0, 0, 0, 0, 0, 0, 0, 0, 0, 0, 0, 0, 0, 0, 0, 0, 0, 0, 0, 0, 0, 0, 0, 0, 0, 0, 0, 0, 0, 0, 0, 0, 0, 0, 0, 0, 0, 0, 0, 0, 0, 0, 0, 0, 0, 0, 0, 0, 0, 0, 0, 0, 0, 0, 0, 0, 0, 0, 0, 0, 0, 0, 0, 0, 0, 0, 0, 0, 0, 0, 0, 0, 0, 0, 0, 0, 0, 0, 0, 0, 0, 0, 0, 0, 0, 0, 0, 0, 0, 0, 0, 0, 0, 0]
},
"tonal": {
    "chords_changes_rate": 0.0573138296604,
    "chords_number_rate": 0.00132978719193,
    "chords_strength": {
        "mean": 0.511256098747,
        "stdev": 0.0943204164505
    },
    "hpcp_crest": {
        "mean": 9.49356746674,
        "stdev": 4.64046096802
    },
    "hpcp_entropy": {
        "mean": 2.83334994316,
        "stdev": 0.704140484333
    },
    "key_edma": {
        "strength": 0.66508191824,
        "key": "D",
        "scale": "minor"
    },
    "key_krumhansl": {
        "strength": 0.657649278641,
        "key": "D",
        "scale": "minor"
    },
    "key_temperley": {
        "strength": 0.634721040726,
        "key": "D",
        "scale": "minor"
    },
    "tuning_diatonic_strength": 0.503608167171,
    "tuning_equal_tempered_deviation": 0.438517212868,
    "tuning_frequency": 434.193115234,
    "tuning_nontempered_energy_ratio": 0.967319011688,
    "hpcp": {
        "mean": [0.303821951151, 0.424250811338, 0.293901383877, 0.104231543839, 0.0606332421303, 0.0473879687488, 0.0621918328106, 0.0902291312814, 0.103462316096, 0.139932900667, 0.181710749865, 0.143884211779, 0.0996951237321, 0.108780384064, 0.0974198356271, 0.109428092837, 0.209053084254, 0.220594897866, 0.127348735929, 0.0866788551211, 0.0743190571666, 0.0780817940831, 0.131695464253, 0.121757119894, 0.0718782022595, 0.0692745372653, 0.0592018179595, 0.0515376664698, 0.0584316439927, 0.0683996081352, 0.0906186625361, 0.111733742058, 0.0981717929244, 0.0987217500806, 0.139184117317, 0.187835171819],
        "stdev": [0.334715992212, 0.391572266817, 0.320384800434, 0.216185718775, 0.166876390576, 0.140303254128, 0.155395835638, 0.172059252858, 0.202928468585, 0.259995937347, 0.310666948557, 0.251565843821, 0.174357950687, 0.162199407816, 0.160848110914, 0.194638520479, 0.302843272686, 0.318310201168, 0.201022937894, 0.140588849783, 0.108947314322, 0.0985054448247, 0.132845982909, 0.131788253784, 0.106827758253, 0.114586278796, 0.110170900822, 0.101823687553, 0.114120148122, 0.117542043328, 0.124303638935, 0.136451274157, 0.147981703281, 0.171926930547, 0.214837804437, 0.263330072165]
    },
    "chords_histogram": [4.135638237, 0.811170220375, 4.09574460983, 17.9122333527, 0.252659589052, 9.82712745667, 0.132978722453, 13.7632980347, 0.585106372833, 37.952129364, 2.36702132225, 1.76861703396, 0.0132978726178, 0, 0, 0, 0, 0.0132978726178, 0.0664893612266, 1.96808505058, 4.04255342484, 0, 0.292553186417, 0],
    "thpcp": [1, 0.692753851414, 0.245683789253, 0.142918393016, 0.111698001623, 0.146592140198, 0.212678745389, 0.24387063086, 0.32983532548, 0.428309738636, 0.339148938656, 0.234990999103, 0.256405830383, 0.229627937078, 0.257932543755, 0.492758244276, 0.519963383675, 0.300173223019, 0.204310402274, 0.175177171826, 0.184046298265, 0.310418874025, 0.286993265152, 0.169423848391, 0.163286745548, 0.139544382691, 0.12147924304, 0.137729004025, 0.161224454641, 0.213596910238, 0.263367176056, 0.231400370598, 0.232696667314, 0.328070372343, 0.442745566368, 0.716137588024],
    "chords_key": "A",
    "chords_scale": "major"
}
}