{
"metadata": {
    "version": {
        "essentia": "2.1-dev",
        "essentia_git_sha": "v2.1_beta3-415-gd5473f3",
        "extractor": "music 2.0"
    },
    "audio_properties": {
        "analysis": {
            "equal_loudness": 0,
            "length": 194.142044067,
            "sample_rate": 44100,
            "start_time": 0,
            "downmix": "mix"
        },
        "bit_rate": 128000,
        "length": 194.142044067,
        "lossless": 0,
        "number_channels": 2,
        "replay_gain": -3.83407592773,
        "sample_rate": 44100,
        "codec": "mp3",
        "md5_encoded": "3e1cb5f60b76c16bf7cf26eb27c65f7a"
    },
    "tags": {
        "file_name": "oleander-boys_don_t_cry.mp3"
    }
},
"lowlevel": {
    "average_loudness": 0.934736073017,
    "barkbands_crest": {
        "mean": 8.43031311035,
        "stdev": 4.07067871094
    },
    "barkbands_flatness_db": {
        "mean": 0.107440009713,
        "stdev": 0.0613616704941
    },
    "barkbands_kurtosis": {
        "mean": 2.06245350838,
        "stdev": 12.1124038696
    },
    "barkbands_skewness": {
        "mean": 1.0790169239,
        "stdev": 1.25713515282
    },
    "barkbands_spread": {
        "mean": 38.6038398743,
        "stdev": 16.1212501526
    },
    "dissonance": {
        "mean": 0.482646912336,
        "stdev": 0.0177932083607
    },
    "dynamic_complexity": 2.48326826096,
    "erbbands_crest": {
        "mean": 7.0788397789,
        "stdev": 3.23116087914
    },
    "erbbands_flatness_db": {
        "mean": 0.138195097446,
        "stdev": 0.0412462055683
    },
    "erbbands_kurtosis": {
        "mean": 0.444833159447,
        "stdev": 1.69051110744
    },
    "erbbands_skewness": {
        "mean": -0.568730294704,
        "stdev": 0.687925159931
    },
    "erbbands_spread": {
        "mean": 42.3728561401,
        "stdev": 15.9366855621
    },
    "hfc": {
        "mean": 33.610244751,
        "stdev": 21.3220825195
    },
    "loudness_ebu128": {
        "integrated": -18.2061729431,
        "loudness_range": 5.29000854492,
        "momentary": {
            "mean": -19.3722496033,
            "stdev": 4.34954595566
        },
        "short_term": {
            "mean": -19.10546875,
            "stdev": 3.65712356567
        }
    },
    "melbands_crest": {
        "mean": 15.0294494629,
        "stdev": 5.40323925018
    },
    "melbands_flatness_db": {
        "mean": 0.161323904991,
        "stdev": 0.0747512429953
    },
    "melbands_kurtosis": {
        "mean": 12.3647041321,
        "stdev": 27.3218288422
    },
    "melbands_skewness": {
        "mean": 2.70736145973,
        "stdev": 1.75622916222
    },
    "melbands_spread": {
        "mean": 39.9867019653,
        "stdev": 23.3855800629
    },
    "pitch_salience": {
        "mean": 0.550544559956,
        "stdev": 0.115571975708
    },
    "silence_rate_20dB": {
        "mean": 1,
        "stdev": 0
    },
    "silence_rate_30dB": {
        "mean": 0.998086571693,
        "stdev": 0.0437021777034
    },
    "silence_rate_60dB": {
        "mean": 0.0495096854866,
        "stdev": 0.216927543283
    },
    "spectral_centroid": {
        "mean": 2146.63720703,
        "stdev": 692.388305664
    },
    "spectral_complexity": {
        "mean": 32.25233078,
        "stdev": 13.8193330765
    },
    "spectral_decrease": {
        "mean": -6.95283874919e-09,
        "stdev": 5.0556323572e-09
    },
    "spectral_energy": {
        "mean": 0.029290093109,
        "stdev": 0.0198622923344
    },
    "spectral_energyband_high": {
        "mean": 0.00212020147592,
        "stdev": 0.00189819431398
    },
    "spectral_energyband_low": {
        "mean": 0.0132462056354,
        "stdev": 0.0166811235249
    },
    "spectral_energyband_middle_high": {
        "mean": 0.00739943189546,
        "stdev": 0.00528053427115
    },
    "spectral_energyband_middle_low": {
        "mean": 0.00801505241543,
        "stdev": 0.00629200646654
    },
    "spectral_entropy": {
        "mean": 7.83693599701,
        "stdev": 0.380945771933
    },
    "spectral_flux": {
        "mean": 0.0946038886905,
        "stdev": 0.0498283132911
    },
    "spectral_kurtosis": {
        "mean": 3.67970609665,
        "stdev": 2.66474676132
    },
    "spectral_rms": {
        "mean": 0.00503860879689,
        "stdev": 0.00178558006883
    },
    "spectral_rolloff": {
        "mean": 2591.49194336,
        "stdev": 1636.73413086
    },
    "spectral_skewness": {
        "mean": 1.19944131374,
        "stdev": 0.468301802874
    },
    "spectral_spread": {
        "mean": 4402950.5,
        "stdev": 1311302.75
    },
    "spectral_strongpeak": {
        "mean": 0.573780417442,
        "stdev": 0.828283965588
    },
    "zerocrossingrate": {
        "mean": 0.0881262421608,
        "stdev": 0.0421770662069
    },
    "barkbands": {
        "mean": [0.000166768833878, 0.00583213381469, 0.00590895162895, 0.00222261948511, 0.00226406613365, 0.000979531090707, 0.000882967084181, 0.000713226210792, 0.000714991649147, 0.000671961344779, 0.000523662019987, 0.000625107088126, 0.000516306667123, 0.000531325116754, 0.000532135716639, 0.000736998103093, 0.00115114985965, 0.000661223893985, 0.00102948886342, 0.000899342296179, 0.000523416907527, 0.000483806041302, 0.000208234399906, 0.000185777782463, 0.000177672322025, 0.000141644180985, 5.62579816688e-06],
        "stdev": [0.000418964045821, 0.0116401659325, 0.00709430966526, 0.00261406251229, 0.00278411526233, 0.00144266569987, 0.00174917397089, 0.00144931359682, 0.00160647870507, 0.00160623237025, 0.00143390381709, 0.00100778159685, 0.00104429887142, 0.00102136086207, 0.000818841217551, 0.000783796596806, 0.000954521470703, 0.000527053431142, 0.000913711730391, 0.000784404925071, 0.000441923824837, 0.000420738186222, 0.000338501209626, 0.000433748442447, 0.000381740974262, 0.000217562337639, 1.1158606867e-05]
    },
    "erbbands": {
        "mean": [0.13748960197, 1.46080231667, 6.10179805756, 7.91444635391, 8.19469738007, 6.12803459167, 7.32694101334, 8.41344261169, 12.0341291428, 15.1792764664, 14.5684995651, 16.0756206512, 20.673707962, 18.7522392273, 21.5162525177, 27.7178421021, 24.9051151276, 25.5705013275, 27.2811126709, 31.4799766541, 47.9465484619, 64.2929840088, 41.5634346008, 38.565612793, 56.0944862366, 42.3997688293, 21.7066650391, 23.1009063721, 18.9506473541, 8.90476703644, 6.00728607178, 4.12201595306, 3.07109951973, 2.23050928116, 1.10892128944, 0.674817442894, 0.252647042274, 0.0330868065357, 0.000760346069001, 6.31351940683e-05],
        "stdev": [0.32751968503, 2.78103137016, 7.85807847977, 8.35021400452, 9.58142757416, 8.62490653992, 10.5254259109, 12.7169418335, 23.3208122253, 33.4947891235, 32.1173400879, 34.4070053101, 47.2140731812, 47.2392044067, 51.4447174072, 43.8745689392, 48.0530815125, 49.4953727722, 38.1864929199, 39.928237915, 47.4351806641, 52.0436935425, 32.0874404907, 32.9712791443, 48.6324462891, 36.5758628845, 18.2612323761, 19.6737918854, 16.5325050354, 9.57096862793, 10.1452150345, 8.37372875214, 8.07245159149, 5.7389497757, 1.87552928925, 0.986601769924, 0.407088249922, 0.0553151294589, 0.00125084980391, 5.00206042489e-05]
    },
    "gfcc": {
        "mean": [29.062702179, 69.9608917236, -122.81211853, 53.8178977966, -46.8584899902, 9.8718996048, -33.8861198425, 10.4554672241, -29.0222816467, 3.61256933212, -24.2443752289, 1.76212739944, -16.5475292206],
        "cov": [[8798.6875, -2578.72363281, 759.953552246, -369.527679443, -220.59979248, 755.815429688, -525.799682617, 731.717224121, -444.781463623, 479.074005127, -426.694641113, 125.281852722, -541.601501465], [-2578.72363281, 1704.54455566, -408.547515869, 184.095733643, 145.077133179, -318.175476074, 312.238189697, -282.159576416, 244.158294678, -216.100708008, 209.769302368, -117.125137329, 231.756332397], [759.953552246, -408.547515869, 617.159118652, -6.26999187469, 59.6589431763, 208.454666138, -123.386566162, 125.223724365, -42.3285560608, 68.7055511475, -60.2442436218, 6.82203531265, -90.2117767334], [-369.527679443, 184.095733643, -6.26999187469, 439.285400391, 38.5864982605, -107.734779358, 103.522888184, -62.4334144592, 49.3675308228, -39.2974014282, 61.5797386169, 27.7369632721, 76.0530700684], [-220.59979248, 145.077133179, 59.6589431763, 38.5864982605, 217.582885742, 24.5135803223, 76.1318130493, 19.6375370026, 30.0782585144, 6.4264497757, -2.02724862099, 3.72594738007, 10.1064109802], [755.815429688, -318.175476074, 208.454666138, -107.734779358, 24.5135803223, 315.184173584, -58.7715873718, 135.234619141, -36.5629615784, 46.6718177795, -35.9721717834, -26.3037624359, -61.1434288025], [-525.799682617, 312.238189697, -123.386566162, 103.522888184, 76.1318130493, -58.7715873718, 226.695114136, -25.5730667114, 41.6666755676, -40.7647171021, 39.4115409851, 17.2998313904, 51.9815063477], [731.717224121, -282.159576416, 125.223724365, -62.4334144592, 19.6375370026, 135.234619141, -25.5730667114, 166.957641602, -6.31709384918, 60.9850234985, -50.9430389404, -0.951184928417, -55.339881897], [-444.781463623, 244.158294678, -42.3285560608, 49.3675308228, 30.0782585144, -36.5629615784, 41.6666755676, -6.31709384918, 108.116233826, -1.86685049534, 40.1008529663, -22.0640621185, 40.178276062], [479.074005127, -216.100708008, 68.7055511475, -39.2974014282, 6.4264497757, 46.6718177795, -40.7647171021, 60.9850234985, -1.86685049534, 99.57787323, -10.0630550385, 24.5535526276, -40.9512405396], [-426.694641113, 209.769302368, -60.2442436218, 61.5797386169, -2.02724862099, -35.9721717834, 39.4115409851, -50.9430389404, 40.1008529663, -10.0630550385, 89.9605484009, 11.2467937469, 43.5658454895], [125.281852722, -117.125137329, 6.82203531265, 27.7369632721, 3.72594738007, -26.3037624359, 17.2998313904, -0.951184928417, -22.0640621185, 24.5535526276, 11.2467937469, 83.3627853394, 10.5844774246], [-541.601501465, 231.756332397, -90.2117767334, 76.0530700684, 10.1064109802, -61.1434288025, 51.9815063477, -55.339881897, 40.178276062, -40.9512405396, 43.5658454895, 10.5844774246, 92.8324661255]],
        "icov": [[0.000420404277975, -0.00043690437451, 0.000219940659008, -0.000521633133758, 0.000545136339497, -0.000586148700677, 0.000616987003013, -0.00119364995044, 0.0012715352932, -0.00123284163419, 0.00122742727399, -0.00105069112033, 0.00113167020027], [-0.00043690437451, 0.00431867782027, -0.000498572655488, 0.00184727006126, -0.00246531586163, 0.0025425592903, -0.00318773230538, 0.00320440903306, -0.00463083200157, 0.00445908913389, -0.00606907298788, 0.00649942597374, -0.00361177860759], [0.000219940659008, -0.000498572655488, 0.00297903222963, -0.00124398781918, -0.000579794461373, -0.00191792729311, 0.00210927706212, -0.00106684246566, 0.000440030737082, -0.000491271726787, 0.00153005798347, -0.00215855706483, 0.00254566268995], [-0.000521633133758, 0.00184727006126, -0.00124398781918, 0.00432025454938, -0.00131401815452, 0.00239963177592, -0.0026725884527, 0.00203979504295, -0.00283872894943, 0.00296169263311, -0.00425608456135, 0.00286562088877, -0.00376147334464], [0.000545136339497, -0.00246531586163, -0.000579794461373, -0.00131401815452, 0.00777547806501, -0.00233381800354, -0.000674866081681, -0.00171831063926, 0.00159171363339, -0.00426934007555, 0.00576412118971, -0.00411596987396, 0.00201006373391], [-0.000586148700677, 0.0025425592903, -0.00191792729311, 0.00239963177592, -0.00233381800354, 0.00870987772942, -0.00208274880424, -0.00261287065223, 0.00016969194985, 0.0030892805662, -0.00749798351899, 0.00773015711457, -0.00407074391842], [0.000616987003013, -0.00318773230538, 0.00210927706212, -0.0026725884527, -0.000674866081681, -0.00208274880424, 0.0102888345718, -0.00487648509443, 0.00285495305434, -0.00039268747787, 0.00330528942868, -0.00755571061745, 0.00373195577413], [-0.00119364995044, 0.00320440903306, -0.00106684246566, 0.00203979504295, -0.00171831063926, -0.00261287065223, -0.00487648509443, 0.0192904453725, -0.0102161290124, 0.000236067731748, 0.00167378305923, 0.00339583330788, -0.00162232259754], [0.0012715352932, -0.00463083200157, 0.000440030737082, -0.00283872894943, 0.00159171363339, 0.00016969194985, 0.00285495305434, -0.0102161290124, 0.0252332631499, -0.0113046811894, 0.000536791631021, 0.00200598547235, -0.00240630027838], [-0.00123284163419, 0.00445908913389, -0.000491271726787, 0.00296169263311, -0.00426934007555, 0.0030892805662, -0.00039268747787, 0.000236067731748, -0.0113046811894, 0.025949979201, -0.0105473352596, -0.00117797614075, 0.00305578787811], [0.00122742727399, -0.00606907298788, 0.00153005798347, -0.00425608456135, 0.00576412118971, -0.00749798351899, 0.00330528942868, 0.00167378305923, 0.000536791631021, -0.0105473352596, 0.0303496234119, -0.0136352665722, 0.00329375616275], [-0.00105069112033, 0.00649942597374, -0.00215855706483, 0.00286562088877, -0.00411596987396, 0.00773015711457, -0.00755571061745, 0.00339583330788, 0.00200598547235, -0.00117797614075, -0.0136352665722, 0.0305889192969, -0.0134828882292], [0.00113167020027, -0.00361177860759, 0.00254566268995, -0.00376147334464, 0.00201006373391, -0.00407074391842, 0.00373195577413, -0.00162232259754, -0.00240630027838, 0.00305578787811, 0.00329375616275, -0.0134828882292, 0.0283708386123]]
    },
    "melbands": {
        "mean": [0.0014233343536, 0.00282877404243, 0.00141251867171, 0.000520222936757, 0.000258466083324, 0.000193961386685, 0.000177350841113, 0.000166010897374, 0.000119764379633, 0.000100453849882, 0.000103940074041, 7.61751944083e-05, 6.78492942825e-05, 6.72634123475e-05, 7.25736899767e-05, 4.69278093078e-05, 4.84286392748e-05, 4.3172367441e-05, 4.30424006481e-05, 4.453037036e-05, 5.90882846154e-05, 7.27727383492e-05, 4.46060475952e-05, 3.0028688343e-05, 2.97755195788e-05, 4.37930684711e-05, 3.76560019504e-05, 2.5840348826e-05, 1.39833609865e-05, 1.17543040687e-05, 1.3789638615e-05, 1.21571238196e-05, 6.86790508553e-06, 4.0348722905e-06, 3.51882454197e-06, 2.90036314254e-06, 2.3634650006e-06, 2.09094605452e-06, 2.15682575799e-06, 1.77404967872e-06],
        "stdev": [0.0030414192006, 0.0038032385055, 0.00134835322388, 0.000659278361127, 0.000354437128408, 0.000281832501059, 0.000339114340022, 0.000357129203621, 0.000295463571092, 0.000215828957153, 0.000243387446972, 0.000195703862119, 0.000178689020686, 0.000115982518764, 0.000132060973556, 9.41622056416e-05, 0.000102370766399, 6.80339362589e-05, 6.97727155057e-05, 4.9436068366e-05, 6.27359986538e-05, 6.20589635218e-05, 3.60755511792e-05, 2.51563196798e-05, 2.74725352938e-05, 4.19366224378e-05, 3.45688313246e-05, 2.34138187807e-05, 1.26487648231e-05, 1.04548371382e-05, 1.20682097986e-05, 1.10083365144e-05, 6.62821594233e-06, 5.25204859514e-06, 6.06549156146e-06, 5.68710356674e-06, 5.09239862367e-06, 5.59841373615e-06, 6.192726687e-06, 4.54890187029e-06]
    },
    "melbands128": {
        "mean": [0.000157153655891, 0.000948239467107, 0.00186081801075, 0.00250819465145, 0.0031200943049, 0.00280662043951, 0.00167648331262, 0.000974482682068, 0.000898034661077, 0.000547263072804, 0.000252141355304, 0.000294238358038, 0.000253985432209, 0.00021868137992, 0.000196627894184, 0.000152794178575, 0.000235465544392, 0.000164613928064, 0.000141942189657, 0.000181587398401, 0.000195088548935, 0.000105635837826, 0.000118742558698, 0.000134041634738, 9.15273412829e-05, 0.000105085287942, 7.74019354139e-05, 0.000117629766464, 0.000115666902275, 7.08248335286e-05, 7.21001633792e-05, 6.45264954073e-05, 5.96671379753e-05, 8.81898376974e-05, 4.76769419038e-05, 7.00266318745e-05, 7.82189017627e-05, 8.45994509291e-05, 6.00219573244e-05, 4.86889221065e-05, 4.70010418212e-05, 3.85030180041e-05, 4.86263197672e-05, 5.21349938936e-05, 5.06860378664e-05, 3.85098392144e-05, 3.70786183339e-05, 5.17708467669e-05, 4.02367222705e-05, 3.62144492101e-05, 4.86186218041e-05, 4.77555804537e-05, 5.10055360792e-05, 6.55121402815e-05, 7.4950781709e-05, 8.29475684441e-05, 6.20945938863e-05, 4.52441636298e-05, 3.89879605791e-05, 4.15956856159e-05, 2.94662841043e-05, 1.9934204829e-05, 2.77681883745e-05, 2.51006913459e-05, 4.60585033579e-05, 4.93986990477e-05, 3.72682625311e-05, 4.27652630606e-05, 3.65038104064e-05, 3.38247227774e-05, 2.60520428128e-05, 2.40549634327e-05, 1.57296290126e-05, 1.23607605929e-05, 1.05813733171e-05, 1.09084066935e-05, 1.18354109873e-05, 1.56370315381e-05, 1.29347326947e-05, 1.34337515192e-05, 1.49858069562e-05, 1.00192792161e-05, 8.7874050223e-06, 6.51171785648e-06, 5.78425124331e-06, 4.27333816333e-06, 3.35680761054e-06, 3.44999625668e-06, 3.65792629964e-06, 3.55744441549e-06, 3.0685719139e-06, 2.71077624348e-06, 2.6146460641e-06, 2.43431531999e-06, 2.08575920624e-06, 2.14097212847e-06, 2.042541837e-06, 2.14775059248e-06, 2.06622644328e-06, 2.34916569752e-06, 2.01588977689e-06, 1.72131149156e-06, 1.39787255193e-06, 1.22368794564e-06, 1.21591392599e-06, 1.20669312764e-06, 1.10734754344e-06, 1.14254203254e-06, 1.19350147543e-06, 1.22277606351e-06, 1.18818832107e-06, 9.97523670776e-07, 7.46406783492e-07, 6.39884035536e-07, 4.47367284551e-07, 3.31903294182e-07, 2.23665310273e-07, 3.38947785394e-08, 4.98857769329e-12, 4.55144255618e-12, 4.39773174474e-12, 4.28328553181e-12, 4.16969887437e-12, 4.07237264743e-12, 4.01815213047e-12, 3.97856487339e-12, 3.94546504842e-12, 3.90950683285e-12],
        "stdev": [0.000405479950132, 0.00254921428859, 0.00459353206679, 0.00492261582986, 0.00459889229387, 0.00324495439418, 0.00196776445955, 0.00114773376845, 0.001206672634, 0.000921543047298, 0.00052244705148, 0.000451551575679, 0.000403817248298, 0.000442811578978, 0.000396342133172, 0.000286493363092, 0.000541870074812, 0.000441921467427, 0.000429319799878, 0.000538143445738, 0.000465819379315, 0.00033219481702, 0.000398773379857, 0.000528902106453, 0.000275182392215, 0.000305634690449, 0.000249215780059, 0.000381851161364, 0.000358822901035, 0.000256619794527, 0.000274034129689, 0.000271250552032, 0.000221314112423, 0.000282233668258, 0.000138152026921, 0.00015732619795, 0.000169811522937, 0.000198967769393, 0.000182448420674, 0.000144908670336, 0.000124974147184, 0.000108847474621, 0.000147464030306, 0.000144457124406, 0.000114953269076, 7.73715873947e-05, 8.01411442808e-05, 0.0001124257833, 9.85249353107e-05, 6.37758057564e-05, 6.67596395942e-05, 6.4421845309e-05, 8.64532994456e-05, 9.53610433498e-05, 8.41789806145e-05, 9.1078443802e-05, 6.4898886194e-05, 5.28093369212e-05, 3.98195661546e-05, 4.37492708443e-05, 3.46153174178e-05, 2.26918909902e-05, 3.52128954546e-05, 2.66191836999e-05, 6.64243780193e-05, 6.43001767457e-05, 4.31417320215e-05, 5.14565072081e-05, 4.27019731433e-05, 4.29022220487e-05, 3.01304989989e-05, 2.85634105239e-05, 1.69844915945e-05, 1.41952459671e-05, 1.19523001558e-05, 1.2538233932e-05, 1.24864818645e-05, 1.71611845872e-05, 1.33170169647e-05, 1.38422683449e-05, 1.58156726684e-05, 1.03239972304e-05, 9.77211584541e-06, 7.40356108508e-06, 6.63708897264e-06, 5.50315417058e-06, 5.90563195146e-06, 6.2193521444e-06, 6.7311134444e-06, 6.60304021949e-06, 6.39362906441e-06, 6.17268779024e-06, 5.52800429432e-06, 5.38729182153e-06, 5.26614985574e-06, 5.79740390094e-06, 6.07814672549e-06, 6.35146989225e-06, 6.6780708039e-06, 6.95183371135e-06, 5.84167491979e-06, 4.71749126518e-06, 3.42053249369e-06, 2.56343150795e-06, 2.20841889131e-06, 1.91273306882e-06, 1.69083227775e-06, 1.76019182163e-06, 1.87201578683e-06, 1.9938593141e-06, 2.10301732295e-06, 1.67867551681e-06, 1.30672242449e-06, 1.10103087536e-06, 7.54997017793e-07, 5.84768429235e-07, 4.32398223893e-07, 7.79085169711e-08, 6.8388988049e-12, 6.44172345673e-12, 6.22999308392e-12, 6.05814270277e-12, 5.91308686043e-12, 5.7965212491e-12, 5.70016169682e-12, 5.62743645086e-12, 5.56996029161e-12, 5.53510579385e-12]
    },
    "mfcc": {
        "mean": [-608.887390137, 94.4096832275, -11.1292219162, 43.0459365845, 7.63793468475, 8.9413433075, 4.37509870529, 4.89256334305, 4.5088596344, -3.54890155792, -0.828153789043, -0.230194121599, 1.43888127804],
        "cov": [[7005.61230469, -1426.5769043, 153.694152832, -369.681793213, -19.2560577393, 32.0628051758, 15.5327835083, 95.2713851929, -25.7184810638, 242.353652954, 167.707336426, 76.7492904663, -15.5032691956], [-1426.5769043, 1082.48132324, -196.014144897, 122.374420166, -31.0724983215, 22.6983585358, 7.91928863525, 9.63873291016, 47.3295135498, -25.5531044006, 19.2803325653, 16.0982551575, -10.316411972], [153.694152832, -196.014144897, 442.121551514, -52.1304168701, 130.774856567, 41.869304657, -7.56338453293, 23.6657600403, -23.9721355438, 43.743560791, -7.33062791824, 22.4703063965, 3.28337144852], [-369.681793213, 122.374420166, -52.1304168701, 535.462097168, -59.6508293152, 34.9810295105, 4.76898288727, 25.0892677307, 15.3891620636, -60.2606010437, 16.9934272766, -57.5145301819, 64.9412841797], [-19.2560577393, -31.0724983215, 130.774856567, -59.6508293152, 209.914459229, 39.6563415527, 9.02993583679, 7.40739870071, 25.0780830383, 38.551864624, -1.05708873272, 42.0071220398, -3.75455617905], [32.0628051758, 22.6983585358, 41.869304657, 34.9810295105, 39.6563415527, 102.370368958, 53.3557548523, 34.8153343201, 9.99758243561, 15.5778865814, 17.7567539215, 0.243081629276, 1.71834599972], [15.5327835083, 7.91928863525, -7.56338453293, 4.76898288727, 9.02993583679, 53.3557548523, 113.44417572, 59.9489631653, 23.3463764191, 4.7709107399, 17.8311252594, 3.02675414085, -3.35469102859], [95.2713851929, 9.63873291016, 23.6657600403, 25.0892677307, 7.40739870071, 34.8153343201, 59.9489631653, 99.6865158081, 38.4432182312, 22.2189445496, 18.3959960938, -1.84460604191, 3.60978221893], [-25.7184810638, 47.3295135498, -23.9721355438, 15.3891620636, 25.0780830383, 9.99758243561, 23.3463764191, 38.4432182312, 85.6926116943, 36.2266921997, 15.4158716202, 7.27017259598, 0.464297622442], [242.353652954, -25.5531044006, 43.743560791, -60.2606010437, 38.551864624, 15.5778865814, 4.7709107399, 22.2189445496, 36.2266921997, 91.3031311035, 31.428440094, 22.4039058685, -8.55102062225], [167.707336426, 19.2803325653, -7.33062791824, 16.9934272766, -1.05708873272, 17.7567539215, 17.8311252594, 18.3959960938, 15.4158716202, 31.428440094, 71.6577072144, 23.2231693268, 5.0078291893], [76.7492904663, 16.0982551575, 22.4703063965, -57.5145301819, 42.0071220398, 0.243081629276, 3.02675414085, -1.84460604191, 7.27017259598, 22.4039058685, 23.2231693268, 77.5124359131, 11.7384176254], [-15.5032691956, -10.316411972, 3.28337144852, 64.9412841797, -3.75455617905, 1.71834599972, -3.35469102859, 3.60978221893, 0.464297622442, -8.55102062225, 5.0078291893, 11.7384176254, 62.4156303406]],
        "icov": [[0.000245488947257, 0.000337068602676, 0.000131523251184, 7.33838896849e-05, 0.000130537009682, -0.000178702335688, 0.000238769949647, -0.000338795012794, 0.000252797151916, -0.000436356815044, -0.00040841603186, -0.000171974039404, 8.20660497993e-05], [0.000337068602676, 0.00156859739218, 0.000654646079056, -0.000157906892127, 0.000218434361159, -0.000825486669783, 0.000787257798947, -0.000624993699603, -0.00022873475973, -9.96671660687e-05, -0.000563700334169, -0.00103208085056, 0.000814551429357], [0.000131523251184, 0.000654646079056, 0.00362508976832, -8.29218406579e-05, -0.00188040558714, -0.00101055728737, 0.00135578471236, -0.00209076399915, 0.00258516916074, -0.00171843590215, 0.000658312870655, -0.000388533924706, -8.94583718036e-05], [7.33838896849e-05, -0.000157906892127, -8.29218406579e-05, 0.00309059838764, 0.000278725696262, -0.00132359599229, 0.00104589574039, -0.000484874442918, -0.00126862700563, 0.00228538783267, -0.00203512283042, 0.00261385366321, -0.00308746704832], [0.000130537009682, 0.000218434361159, -0.00188040558714, 0.000278725696262, 0.00788889173418, -0.00307561503723, 0.000404561229516, 0.00134387845173, -0.00301166367717, -0.000819983833935, 0.0020173646044, -0.00388733460568, 0.000859976164065], [-0.000178702335688, -0.000825486669783, -0.00101055728737, -0.00132359599229, -0.00307561503723, 0.0164820626378, -0.00754671683535, -0.000271159806289, 0.00257812556811, -0.00232074549422, -0.00166551826987, 0.00256085745059, -0.000464331533294], [0.000238769949647, 0.000787257798947, 0.00135578471236, 0.00104589574039, 0.000404561229516, -0.00754671683535, 0.0175048299134, -0.00887721031904, -0.00129617424682, 0.00378863234073, -0.0020216749981, -0.00173763174098, 0.00173393555451], [-0.000338795012794, -0.000624993699603, -0.00209076399915, -0.000484874442918, 0.00134387845173, -0.000271159806289, -0.00887721031904, 0.0193045008928, -0.00638710148633, -0.00134550151415, -0.000417302566348, 0.00214314693585, -0.00158466713037], [0.000252797151916, -0.00022873475973, 0.00258516916074, -0.00126862700563, -0.00301166367717, 0.00257812556811, -0.00129617424682, -0.00638710148633, 0.0201298128814, -0.00862861797214, 0.00076952582458, 2.60019205598e-05, -0.00014196333359], [-0.000436356815044, -9.96671660687e-05, -0.00171843590215, 0.00228538783267, -0.000819983833935, -0.00232074549422, 0.00378863234073, -0.00134550151415, -0.00862861797214, 0.0214705970138, -0.00719256093726, -0.000561213120818, 0.00157200265676], [-0.00040841603186, -0.000563700334169, 0.000658312870655, -0.00203512283042, 0.0020173646044, -0.00166551826987, -0.0020216749981, -0.000417302566348, 0.00076952582458, -0.00719256093726, 0.0218251757324, -0.00680779432878, 0.000509012490511], [-0.000171974039404, -0.00103208085056, -0.000388533924706, 0.00261385366321, -0.00388733460568, 0.00256085745059, -0.00173763174098, 0.00214314693585, 2.60019205598e-05, -0.000561213120818, -0.00680779432878, 0.0207961779088, -0.00687614595518], [8.20660497993e-05, 0.000814551429357, -8.94583718036e-05, -0.00308746704832, 0.000859976164065, -0.000464331533294, 0.00173393555451, -0.00158466713037, -0.00014196333359, 0.00157200265676, 0.000509012490511, -0.00687614595518, 0.0211118813604]]
    },
    "spectral_contrast_coeffs": {
        "mean": [-0.706414878368, -0.768068253994, -0.786165356636, -0.792981147766, -0.773295402527, -0.704775691032],
        "stdev": [0.0596935078502, 0.0678462386131, 0.0549243204296, 0.0430512540042, 0.0393085069954, 0.0661587715149]
    },
    "spectral_contrast_valleys": {
        "mean": [-6.55274343491, -6.86619710922, -7.26656007767, -7.2185087204, -6.8388967514, -10.1062269211],
        "stdev": [0.910145103931, 0.922074735165, 0.931573450565, 0.933146297932, 0.98971092701, 1.69442117214]
    }
},
"rhythm": {
    "beats_count": 505,
    "beats_loudness": {
        "mean": 0.0356483981013,
        "stdev": 0.0195508413017
    },
    "bpm": 162.890182495,
    "bpm_histogram_first_peak_bpm": 161,
    "bpm_histogram_first_peak_weight": 0.0543806552887,
    "bpm_histogram_second_peak_bpm": 167,
    "bpm_histogram_second_peak_spread": 0,
    "bpm_histogram_second_peak_weight": 0.22619047761,
    "danceability": 1.15686643124,
    "onset_rate": 2.41046190262,
    "beats_loudness_band_ratio": {
        "mean": [0.488398909569, 0.129608646035, 0.0998061969876, 0.083280660212, 0.120765551925, 0.134379789233],
        "stdev": [0.229412660003, 0.112157963216, 0.111288957298, 0.0852487683296, 0.0797744467854, 0.0968541875482]
    },
    "beats_position": [0.417959183455, 0.812698423862, 1.18421769142, 1.55573689938, 1.92725622654, 2.29877543449, 2.67029476166, 3.04181408882, 3.41333317757, 3.78485250473, 4.14476203918, 4.5046710968, 4.87619018555, 5.24770975113, 5.60761880875, 5.97913837433, 6.35065746307, 6.72217655182, 7.08208608627, 7.44199514389, 7.80190467834, 8.17342376709, 8.54494285583, 8.91646194458, 9.287981987, 9.65950107574, 10.0310201645, 10.4025392532, 10.7624483109, 11.1223583221, 11.4938774109, 11.8653964996, 12.2369155884, 12.6084346771, 12.9799547195, 13.3398637772, 13.6997728348, 14.0712919235, 14.4428119659, 14.8143310547, 15.1858501434, 15.5573692322, 15.9288883209, 16.3004074097, 16.6603164673, 17.0202255249, 17.391746521, 17.7516555786, 18.1231746674, 18.5063037872, 18.877822876, 19.2493419647, 19.6208610535, 19.9807701111, 20.3406791687, 20.7121982574, 21.0837192535, 21.4552383423, 21.826757431, 22.1982765198, 22.5697956085, 22.9297046661, 23.3012237549, 23.6727428436, 24.0326519012, 24.40417099, 24.764081955, 25.1239910126, 25.5187301636, 25.9134693146, 26.3082084656, 26.7029476166, 27.0976867676, 27.4924259186, 27.8755550385, 28.2586841583, 28.6418132782, 29.0249423981, 29.3964614868, 29.7679805756, 30.1394996643, 30.4994106293, 30.8593196869, 31.2308387756, 31.6023578644, 31.9738769531, 32.3453979492, 32.7169151306, 33.0884361267, 33.4599533081, 33.8314743042, 34.2029914856, 34.5629005432, 34.9344215393, 35.3059387207, 35.6774597168, 36.0489807129, 36.4204978943, 36.7804069519, 37.151927948, 37.5234451294, 37.8949661255, 38.2664833069, 38.638004303, 38.9979133606, 39.3578224182, 39.7293434143, 40.1008605957, 40.4723815918, 40.8438987732, 41.2038078308, 41.5637168884, 41.9352378845, 42.3067550659, 42.678276062, 43.0497932434, 43.4213142395, 43.7928352356, 44.1759643555, 44.5590934753, 44.9306106567, 45.3253517151, 45.7200889587, 46.1148300171, 46.5211791992, 46.9043083191, 47.2642173767, 47.6241264343, 47.9956436157, 48.3671646118, 48.7386856079, 49.1102027893, 49.4817237854, 49.8532409668, 50.2131500244, 50.573059082, 50.9445800781, 51.3160972595, 51.6876182556, 52.0591392517, 52.4306564331, 52.813785553, 53.1736946106, 53.5452156067, 53.9167327881, 54.2882537842, 54.6597709656, 55.0196800232, 55.3795890808, 55.7511100769, 56.122631073, 56.4825401306, 56.8424491882, 57.2139663696, 57.5738754272, 57.9337844849, 58.2820854187, 58.6884346008, 59.0715637207, 59.4430847168, 59.8146018982, 60.1861228943, 60.5576400757, 60.9291610718, 61.3006782532, 61.6721992493, 62.0321083069, 62.3920173645, 62.7635345459, 63.135055542, 63.4949645996, 63.8548736572, 64.2263946533, 64.5979156494, 64.9694290161, 65.3293380737, 65.7008590698, 66.0607681274, 66.4322891235, 66.8038101196, 67.1753311157, 67.5468444824, 67.9183654785, 68.2898864746, 68.6614074707, 69.0213165283, 69.3812255859, 69.7527389526, 70.1126480103, 70.4725646973, 70.844078064, 71.2155990601, 71.5871200562, 71.9586410522, 72.3301544189, 72.701675415, 73.0731964111, 73.4563217163, 73.8394546509, 74.210975647, 74.5824966431, 74.9540100098, 75.3139190674, 75.673828125, 76.0453491211, 76.4168701172, 76.7767791748, 77.1483001709, 77.5082092285, 77.8797302246, 78.2396392822, 78.5995483398, 78.9710617065, 79.3425827026, 79.7141036987, 80.0856246948, 80.4571380615, 80.8286590576, 81.2001800537, 81.5600891113, 81.9199981689, 82.3147354126, 82.6862564087, 83.0577774048, 83.4176864624, 83.8008117676, 84.1723327637, 84.5438537598, 84.9037628174, 85.2752838135, 85.6468048096, 86.0067138672, 86.3782272339, 86.74974823, 87.1212692261, 87.4811782837, 87.8410873413, 88.2126083374, 88.572517395, 88.9324264526, 89.3039474487, 89.6754608154, 90.0469818115, 90.4185028076, 90.7900238037, 91.1615371704, 91.521446228, 91.8813552856, 92.2528762817, 92.6243972778, 92.9959182739, 93.36743927, 93.7389526367, 94.1104736328, 94.4819946289, 94.8419036865, 95.2018127441, 95.5733337402, 95.9448471069, 96.316368103, 96.6878890991, 97.0594100952, 97.4309310913, 97.802444458, 98.1739654541, 98.5454864502, 98.9170074463, 99.2769165039, 99.6484298706, 100.008346558, 100.368255615, 100.739768982, 101.111289978, 101.494422913, 101.865936279, 102.237457275, 102.597366333, 102.957275391, 103.317184448, 103.677093506, 104.048614502, 104.40852356, 104.768432617, 105.139953613, 105.511474609, 105.882987976, 106.254508972, 106.626029968, 106.997550964, 107.36907196, 107.740585327, 108.112106323, 108.483627319, 108.855148315, 109.226661682, 109.58657074, 109.946479797, 110.318000793, 110.677909851, 111.037818909, 111.409339905, 111.780860901, 112.152381897, 112.523895264, 112.89541626, 113.266937256, 113.638458252, 114.009971619, 114.381492615, 114.753013611, 115.124534607, 115.496055603, 115.86756897, 116.239089966, 116.610610962, 116.982131958, 117.342041016, 117.713554382, 118.07346344, 118.444984436, 118.816505432, 119.17641449, 119.536323547, 119.907844543, 120.27936554, 120.650878906, 121.022399902, 121.393920898, 121.765441895, 122.136962891, 122.496871948, 122.856781006, 123.228294373, 123.599815369, 123.971336365, 124.342857361, 124.714370728, 125.097503662, 125.45741272, 125.828933716, 126.200454712, 126.571968079, 126.943489075, 127.315010071, 127.674919128, 128.034820557, 128.406341553, 128.777862549, 129.149383545, 129.509292603, 129.86920166, 130.240722656, 130.612243652, 130.983764648, 131.343673706, 131.715194702, 132.07510376, 132.446624756, 132.818145752, 133.189651489, 133.561172485, 133.932693481, 134.304214478, 134.675735474, 135.024032593, 135.395553589, 135.767074585, 136.138595581, 136.510116577, 136.881637573, 137.241546631, 137.601455688, 137.972961426, 138.344482422, 138.716003418, 139.087524414, 139.45904541, 139.830566406, 140.202087402, 140.56199646, 140.921905518, 141.293426514, 141.66494751, 142.036453247, 142.407974243, 142.779495239, 143.151016235, 143.522537231, 143.894058228, 144.265579224, 144.63710022, 145.008621216, 145.368530273, 145.728439331, 146.088348389, 146.448257446, 146.819763184, 147.19128418, 147.562805176, 147.934326172, 148.305847168, 148.677368164, 149.04888916, 149.408798218, 149.768707275, 150.140228271, 150.523345947, 150.894866943, 151.266387939, 151.637908936, 152.009429932, 152.380950928, 152.752471924, 153.12399292, 153.495513916, 153.855422974, 154.215332031, 154.586837769, 154.958358765, 155.318267822, 155.689788818, 156.061309814, 156.432830811, 156.792739868, 157.152648926, 157.524169922, 157.895690918, 158.267211914, 158.63873291, 159.010253906, 159.381759644, 159.75328064, 160.113189697, 160.473098755, 160.844619751, 161.216140747, 161.587661743, 161.959182739, 162.330703735, 162.690612793, 163.050521851, 163.422042847, 163.793563843, 164.16506958, 164.536590576, 164.908111572, 165.279632568, 165.651153564, 166.011062622, 166.382583618, 166.754104614, 167.12562561, 167.485534668, 167.857055664, 168.228561401, 168.600082397, 168.971603394, 169.34312439, 169.714645386, 170.09777832, 170.480911255, 171.003356934, 171.525802612, 172.048248291, 172.55909729, 173.06993103, 173.580764771, 174.138046265, 174.706939697, 175.264221191, 175.809890747, 176.355545044, 176.843170166, 177.31918335, 177.795196533, 178.271194458, 178.747207642, 179.223220825, 179.69921875, 180.221679688, 180.744125366, 181.266571045, 181.858688354, 182.450790405, 183.019683838, 183.588562012, 184.157455444, 184.703125, 185.237182617, 185.782852173, 186.328521729, 186.874191284, 187.41986084, 187.965530396, 188.511199951, 189.045257568, 189.579315186, 190.124984741, 190.624221802, 191.123443604, 191.622665405, 192.133514404, 192.632736206, 193.131973267, 193.631195068],
    "bpm_histogram": [0, 0, 0, 0, 0, 0, 0, 0, 0, 0, 0, 0, 0, 0, 0, 0, 0, 0, 0, 0, 0, 0, 0, 0, 0, 0, 0, 0, 0, 0, 0, 0, 0, 0, 0, 0, 0, 0, 0, 0, 0, 0, 0, 0, 0, 0, 0, 0, 0, 0, 0, 0, 0, 0, 0, 0, 0, 0, 0, 0, 0, 0, 0, 0, 0, 0, 0, 0, 0, 0, 0, 0, 0, 0, 0, 0, 0, 0, 0, 0, 0, 0, 0, 0, 0, 0, 0, 0, 0, 0, 0, 0, 0, 0, 0, 0, 0, 0, 0, 0, 0, 0.00396825419739, 0, 0, 0, 0.00793650839478, 0, 0, 0.00396825419739, 0, 0.0198412705213, 0, 0.00595238106325, 0, 0, 0.0119047621265, 0, 0.00793650839478, 0, 0, 0.0119047621265, 0, 0, 0.00198412709869, 0, 0, 0.0119047621265, 0, 0, 0, 0, 0, 0, 0, 0, 0, 0, 0, 0, 0, 0, 0, 0, 0, 0, 0, 0, 0, 0.00396825419739, 0, 0, 0, 0.0218253973871, 0, 0, 0, 0, 0.0357142873108, 0, 0, 0, 0.549603164196, 0.0714285746217, 0, 0, 0, 0, 0.22619047761, 0, 0, 0, 0, 0.00396825419739, 0, 0, 0, 0, 0, 0, 0, 0, 0, 0, 0, 0, 0, 0, 0, 0, 0, 0, 0, 0, 0, 0, 0, 0, 0, 0, 0, 0, 0, 0, 0, 0, 0, 0, 0, 0, 0, 0, 0, 0, 0, 0, 0, 0, 0, 0, 0, 0, 0, 0, 0, 0, 0, 0, 0, 0, 0, 0, 0, 0, 0, 0, 0, 0, 0, 0, 0, 0, 0, 0, 0, 0, 0, 0, 0, 0, 0]
},
"tonal": {
    "chords_changes_rate": 0.0607364885509,
    "chords_number_rate": 0.00215208041482,
    "chords_strength": {
        "mean": 0.518832445145,
        "stdev": 0.10923808068
    },
    "hpcp_crest": {
        "mean": 11.1261005402,
        "stdev": 4.99157381058
    },
    "hpcp_entropy": {
        "mean": 2.42027020454,
        "stdev": 0.710236489773
    },
    "key_edma": {
        "strength": 0.750181615353,
        "key": "G#",
        "scale": "major"
    },
    "key_krumhansl": {
        "strength": 0.768856287003,
        "key": "G#",
        "scale": "major"
    },
    "key_temperley": {
        "strength": 0.792207717896,
        "key": "G#",
        "scale": "major"
    },
    "tuning_diatonic_strength": 0.634127259254,
    "tuning_equal_tempered_deviation": 0.269903570414,
    "tuning_frequency": 434.193115234,
    "tuning_nontempered_energy_ratio": 0.962600529194,
    "hpcp": {
        "mean": [0.118337079883, 0.0776958316565, 0.0705408975482, 0.142869204283, 0.201969981194, 0.135068491101, 0.0697408616543, 0.067017711699, 0.0867132619023, 0.194033056498, 0.219833686948, 0.130754515529, 0.172918692231, 0.201198622584, 0.11986938864, 0.0962284356356, 0.111839614809, 0.113178990781, 0.178512006998, 0.216031104326, 0.140058517456, 0.0887459442019, 0.0831522643566, 0.0891277045012, 0.200658127666, 0.236631914973, 0.131253898144, 0.0830722153187, 0.0777095481753, 0.0996891930699, 0.156402558088, 0.173205465078, 0.145648390055, 0.221418619156, 0.284950941801, 0.204141885042],
        "stdev": [0.211330324411, 0.176491990685, 0.170858055353, 0.244418546557, 0.326158493757, 0.23575592041, 0.166696712375, 0.162345200777, 0.177701145411, 0.272577285767, 0.298522621393, 0.201704457402, 0.262654155493, 0.31921133399, 0.185684427619, 0.14207868278, 0.162363111973, 0.16384780407, 0.219781562686, 0.269775956869, 0.19477160275, 0.150351122022, 0.154096111655, 0.169012784958, 0.264756858349, 0.305935293436, 0.195366442204, 0.165847927332, 0.16335439682, 0.198456645012, 0.241358920932, 0.254329532385, 0.228554606438, 0.274750262499, 0.3356308043, 0.269934415817]
    },
    "chords_histogram": [42.5633659363, 13.0320425034, 4.42372083664, 0.310856044292, 9.30176925659, 0, 0.645624101162, 0, 0.0717360079288, 0.0956480130553, 0, 0, 0, 0, 0, 1.64992821217, 0.0956480130553, 1.26733624935, 0.215208038688, 1.14777612686, 0.382592052221, 0.884744167328, 14.1080818176, 9.80392169952],
    "thpcp": [1, 0.716410636902, 0.415289312601, 0.272663891315, 0.247554540634, 0.501381754875, 0.708788633347, 0.47400611639, 0.244746908545, 0.235190346837, 0.304309427738, 0.680934965611, 0.771479070187, 0.458866775036, 0.606836736202, 0.706081628799, 0.420666754246, 0.337701767683, 0.392487257719, 0.397187650204, 0.62646573782, 0.758134365082, 0.491517990828, 0.311442881823, 0.291812568903, 0.312782615423, 0.704184830189, 0.830430388451, 0.460619270802, 0.291531652212, 0.272712022066, 0.349846869707, 0.548875391483, 0.607843101025, 0.511134982109, 0.777041196823],
    "chords_key": "G#",
    "chords_scale": "major"
}
}