{
"metadata": {
    "version": {
        "essentia": "2.1-dev",
        "essentia_git_sha": "v2.1_beta3-415-gd5473f3",
        "extractor": "music 2.0"
    },
    "audio_properties": {
        "analysis": {
            "equal_loudness": 0,
            "length": 318.64163208,
            "sample_rate": 44100,
            "start_time": 0,
            "downmix": "mix"
        },
        "bit_rate": 128000,
        "length": 318.64163208,
        "lossless": 0,
        "number_channels": 2,
        "replay_gain": -8.26488113403,
        "sample_rate": 44100,
        "codec": "mp3",
        "md5_encoded": "5bee00ed3aabc2d5cc900e8b1a18537c"
    },
    "tags": {
        "file_name": "pearl_jam-jeremy.mp3"
    }
},
"lowlevel": {
    "average_loudness": 0.900167942047,
    "barkbands_crest": {
        "mean": 8.85110187531,
        "stdev": 3.93856906891
    },
    "barkbands_flatness_db": {
        "mean": 0.117745526135,
        "stdev": 0.0676662623882
    },
    "barkbands_kurtosis": {
        "mean": 2.80695843697,
        "stdev": 6.61685848236
    },
    "barkbands_skewness": {
        "mean": 1.31679785252,
        "stdev": 0.974686861038
    },
    "barkbands_spread": {
        "mean": 24.2966556549,
        "stdev": 11.8234872818
    },
    "dissonance": {
        "mean": 0.465598493814,
        "stdev": 0.0277333296835
    },
    "dynamic_complexity": 2.8272292614,
    "erbbands_crest": {
        "mean": 9.0666217804,
        "stdev": 4.68005847931
    },
    "erbbands_flatness_db": {
        "mean": 0.151765137911,
        "stdev": 0.0534702427685
    },
    "erbbands_kurtosis": {
        "mean": 0.268904715776,
        "stdev": 1.75310242176
    },
    "erbbands_skewness": {
        "mean": 0.310355782509,
        "stdev": 0.67082297802
    },
    "erbbands_spread": {
        "mean": 37.7087478638,
        "stdev": 15.624165535
    },
    "hfc": {
        "mean": 27.7315216064,
        "stdev": 18.620885849
    },
    "loudness_ebu128": {
        "integrated": -14.0459976196,
        "loudness_range": 7.1915435791,
        "momentary": {
            "mean": -15.5361509323,
            "stdev": 6.58814382553
        },
        "short_term": {
            "mean": -15.0382432938,
            "stdev": 4.35992956161
        }
    },
    "melbands_crest": {
        "mean": 12.68978405,
        "stdev": 4.84911966324
    },
    "melbands_flatness_db": {
        "mean": 0.174454629421,
        "stdev": 0.0818372294307
    },
    "melbands_kurtosis": {
        "mean": 9.03740406036,
        "stdev": 13.1208581924
    },
    "melbands_skewness": {
        "mean": 2.22905707359,
        "stdev": 1.27844429016
    },
    "melbands_spread": {
        "mean": 26.2775936127,
        "stdev": 13.3059167862
    },
    "pitch_salience": {
        "mean": 0.575441002846,
        "stdev": 0.104376286268
    },
    "silence_rate_20dB": {
        "mean": 1,
        "stdev": 0
    },
    "silence_rate_30dB": {
        "mean": 0.997668325901,
        "stdev": 0.0482334680855
    },
    "silence_rate_60dB": {
        "mean": 0.0293646175414,
        "stdev": 0.168826207519
    },
    "spectral_centroid": {
        "mean": 1352.81640625,
        "stdev": 511.824798584
    },
    "spectral_complexity": {
        "mean": 26.8096027374,
        "stdev": 12.3875627518
    },
    "spectral_decrease": {
        "mean": -7.46186223921e-09,
        "stdev": 4.94263918682e-09
    },
    "spectral_energy": {
        "mean": 0.0306780897081,
        "stdev": 0.0198656860739
    },
    "spectral_energyband_high": {
        "mean": 0.00120189005975,
        "stdev": 0.00118980894331
    },
    "spectral_energyband_low": {
        "mean": 0.00772492913529,
        "stdev": 0.0119974482805
    },
    "spectral_energyband_middle_high": {
        "mean": 0.00794090237468,
        "stdev": 0.00653905048966
    },
    "spectral_energyband_middle_low": {
        "mean": 0.0154554890469,
        "stdev": 0.0102935945615
    },
    "spectral_entropy": {
        "mean": 7.66124868393,
        "stdev": 0.576612114906
    },
    "spectral_flux": {
        "mean": 0.0875386297703,
        "stdev": 0.0462550260127
    },
    "spectral_kurtosis": {
        "mean": 5.82947063446,
        "stdev": 11.8829746246
    },
    "spectral_rms": {
        "mean": 0.00516612036154,
        "stdev": 0.0018002896104
    },
    "spectral_rolloff": {
        "mean": 1549.50073242,
        "stdev": 1061.81945801
    },
    "spectral_skewness": {
        "mean": 1.59444975853,
        "stdev": 0.867307960987
    },
    "spectral_spread": {
        "mean": 4516728,
        "stdev": 1519560.875
    },
    "spectral_strongpeak": {
        "mean": 1.26716923714,
        "stdev": 1.43620479107
    },
    "zerocrossingrate": {
        "mean": 0.0660528838634,
        "stdev": 0.0289310347289
    },
    "barkbands": {
        "mean": [0.000269793439656, 0.00415447307751, 0.00200092233717, 0.00290832435712, 0.0037383090239, 0.00138941511977, 0.00247125257738, 0.00216825399548, 0.00214740121737, 0.00152067514136, 0.000881267071236, 0.000936055730563, 0.000912811781745, 0.000780528993346, 0.000870906107593, 0.0008046036819, 0.000622494670097, 0.000359598285286, 0.000392457062844, 0.000295838923194, 0.000281656975858, 0.000251726480201, 0.000199495028937, 0.000130229163915, 0.000116680632345, 7.16991053196e-05, 1.26272345824e-06],
        "stdev": [0.000751856656279, 0.0100191859528, 0.00288851675577, 0.00301946210675, 0.00348644377664, 0.00151619617827, 0.00377905950882, 0.00461535155773, 0.00494840741158, 0.00282761454582, 0.00149168784264, 0.00176720274612, 0.00181397504639, 0.00139025610406, 0.00160173769109, 0.00115708203521, 0.000748904654756, 0.000370169407688, 0.000348039902747, 0.000268018426141, 0.0002370482689, 0.00029039211222, 0.000228507851716, 0.00024250955903, 0.000262868969003, 0.000150681691593, 4.6516047405e-06]
    },
    "erbbands": {
        "mean": [0.146187499166, 0.836043119431, 2.23905587196, 6.20964765549, 11.7184448242, 13.6152982712, 8.52583599091, 12.5742282867, 32.0588531494, 35.9609069824, 52.3276863098, 57.0445175171, 43.6780395508, 40.7887001038, 42.0640792847, 40.4931869507, 44.3994064331, 36.8350639343, 46.3224334717, 46.4800376892, 42.4399757385, 33.5524520874, 22.9274330139, 18.9942932129, 18.404378891, 14.0949172974, 11.8223752975, 11.1937389374, 9.24885845184, 6.7260017395, 5.53171634674, 3.09288597107, 2.1503200531, 1.56127440929, 0.698148429394, 0.513366878033, 0.0699973404408, 0.00773158017546, 0.000218003464397, 4.68277648906e-05],
        "stdev": [0.384140461683, 1.96322536469, 3.38128995895, 6.00478076935, 9.88675880432, 15.1029043198, 8.73139190674, 14.2102956772, 49.7469062805, 65.7075271606, 108.777183533, 134.950866699, 99.5121307373, 63.1600074768, 65.7469024658, 71.1122665405, 80.3054656982, 60.6851387024, 75.1882629395, 78.7470169067, 56.774520874, 35.3878326416, 22.6110401154, 16.7516517639, 16.240272522, 12.7780847549, 10.0219249725, 10.0061330795, 10.3969364166, 7.64171981812, 6.71391963959, 4.43173837662, 4.63192892075, 3.74138975143, 1.40317487717, 1.15121519566, 0.133145079017, 0.0171356331557, 0.000641459308099, 3.53617906512e-05]
    },
    "gfcc": {
        "mean": [20.1443328857, 93.9773406982, -122.798484802, 32.938911438, -59.2805862427, 15.7245531082, -43.0617485046, 8.51767349243, -26.7245464325, 0.966777682304, -20.7360687256, -1.96275770664, -12.2697486877],
        "cov": [[13432.8515625, -2841.68041992, -603.511962891, 706.64642334, -1116.56091309, 972.780029297, 68.9696884155, 849.555297852, 30.3031654358, 765.293884277, -500.116912842, 400.344116211, -203.34274292], [-2841.68041992, 1582.8269043, -122.904273987, -281.854522705, 383.184539795, -389.195922852, 84.0357513428, -298.858154297, 24.1928882599, -316.056243896, 215.10017395, -225.105072021, 109.849205017], [-603.511962891, -122.904273987, 482.661651611, -3.9315340519, 40.4534187317, 23.9279975891, -51.4493598938, 25.1329231262, -11.9038877487, 38.8257713318, -18.2852973938, 62.8862495422, -15.0624303818], [706.64642334, -281.854522705, -3.9315340519, 322.065460205, -44.567035675, 67.8774871826, 4.16655683517, 70.7734527588, 51.4814605713, 64.1413040161, -28.2503299713, 51.6769599915, 13.890083313], [-1116.56091309, 383.184539795, 40.4534187317, -44.567035675, 270.057250977, -80.1477966309, 7.30147457123, -87.7294311523, 11.8116998672, -67.5862579346, 54.7778091431, -50.8152770996, 38.0056114197], [972.780029297, -389.195922852, 23.9279975891, 67.8774871826, -80.1477966309, 220.25894165, 33.0825500488, 97.6084976196, -14.9531650543, 82.5536804199, -49.3777503967, 63.097869873, -21.9307479858], [68.9696884155, 84.0357513428, -51.4493598938, 4.16655683517, 7.30147457123, 33.0825500488, 144.6746521, 36.8573417664, 5.15405750275, -24.6114253998, 7.16056251526, 10.9935760498, 4.97700071335], [849.555297852, -298.858154297, 25.1329231262, 70.7734527588, -87.7294311523, 97.6084976196, 36.8573417664, 155.743667603, 35.8749084473, 76.6456298828, -49.8440513611, 45.0176696777, -16.4233798981], [30.3031654358, 24.1928882599, -11.9038877487, 51.4814605713, 11.8116998672, -14.9531650543, 5.15405750275, 35.8749084473, 105.064582825, 42.8294830322, 0.489289700985, -18.1828575134, 9.81175518036], [765.293884277, -316.056243896, 38.8257713318, 64.1413040161, -67.5862579346, 82.5536804199, -24.6114253998, 76.6456298828, 42.8294830322, 151.939117432, -22.6008396149, 49.5561637878, -25.6534442902], [-500.116912842, 215.10017395, -18.2852973938, -28.2503299713, 54.7778091431, -49.3777503967, 7.16056251526, -49.8440513611, 0.489289700985, -22.6008396149, 99.8511276245, -3.88295197487, 15.3580961227], [400.344116211, -225.105072021, 62.8862495422, 51.6769599915, -50.8152770996, 63.097869873, 10.9935760498, 45.0176696777, -18.1828575134, 49.5561637878, -3.88295197487, 113.553276062, 2.67071223259], [-203.34274292, 109.849205017, -15.0624303818, 13.890083313, 38.0056114197, -21.9307479858, 4.97700071335, -16.4233798981, 9.81175518036, -25.6534442902, 15.3580961227, 2.67071223259, 65.9433135986]],
        "icov": [[0.000276107632089, -0.000389179360354, 0.000514058920089, -0.000330748647684, 0.00051890721079, -0.000570922042243, 0.000378328229999, -0.000809557794128, 0.000659465964418, -0.00103226525243, 0.000927023647819, -0.000463919684989, 0.000270867196377], [-0.000389179360354, 0.00534349679947, -0.00114037271123, 0.00209697289392, -0.00232233502902, 0.00366541719995, -0.00402791099623, 0.0036801029928, -0.00339475437067, 0.00490602152422, -0.00603148760274, 0.00468613626435, -0.00339691992849], [0.000514058920089, -0.00114037271123, 0.00366498832591, -0.000435449503129, -0.000134600544698, -0.00119885685854, 0.00231061130762, -0.00253647426143, 0.00143783271778, -0.00208437396213, 0.00275026238523, -0.00332409050316, 0.0017557120882], [-0.000330748647684, 0.00209697289392, -0.000435449503129, 0.00504489568993, -0.00115040421952, 0.000872487085871, -0.00112966948655, 0.00142432271969, -0.00386951607652, 0.00249992706813, -0.0020354941953, 8.6439671577e-05, -0.00226314831525], [0.00051890721079, -0.00232233502902, -0.000134600544698, -0.00115040421952, 0.00747408811003, -0.00220107636414, 0.000670963141602, 0.000235664963839, 0.000693852372933, -0.00243345159106, 0.00169268914033, -0.000176256522536, -0.000788300007116], [-0.000570922042243, 0.00366541719995, -0.00119885685854, 0.000872487085871, -0.00220107636414, 0.0116774821654, -0.00495507428423, 0.000295033329166, 0.0014474648051, 0.000102843652712, -0.00276378914714, 0.00258282921277, -0.0023606934119], [0.000378328229999, -0.00402791099623, 0.00231061130762, -0.00112966948655, 0.000670963141602, -0.00495507428423, 0.0130849340931, -0.00692087970674, 0.000840247783344, 0.000910789996851, 0.00287227402441, -0.00580515805632, 0.00369169772603], [-0.000809557794128, 0.0036801029928, -0.00253647426143, 0.00142432271969, 0.000235664963839, 0.000295033329166, -0.00692087970674, 0.0189190804958, -0.00814148318022, 0.00227978429757, -0.00115439854562, 0.00172647775616, -0.00201240018941], [0.000659465964418, -0.00339475437067, 0.00143783271778, -0.00386951607652, 0.000693852372933, 0.0014474648051, 0.000840247783344, -0.00814148318022, 0.0206772945821, -0.0120443906635, 0.00358972675167, 0.00329747213982, -0.00190927123185], [-0.00103226525243, 0.00490602152422, -0.00208437396213, 0.00249992706813, -0.00243345159106, 0.000102843652712, 0.000910789996851, 0.00227978429757, -0.0120443906635, 0.0220116656274, -0.00822553504258, -0.000616672215983, 0.00187327608], [0.000927023647819, -0.00603148760274, 0.00275026238523, -0.0020354941953, 0.00169268914033, -0.00276378914714, 0.00287227402441, -0.00115439854562, 0.00358972675167, -0.00822553504258, 0.021815052256, -0.00851120706648, 0.00309382239357], [-0.000463919684989, 0.00468613626435, -0.00332409050316, 8.6439671577e-05, -0.000176256522536, 0.00258282921277, -0.00580515805632, 0.00172647775616, 0.00329747213982, -0.000616672215983, -0.00851120706648, 0.0205855518579, -0.007767572999], [0.000270867196377, -0.00339691992849, 0.0017557120882, -0.00226314831525, -0.000788300007116, -0.0023606934119, 0.00369169772603, -0.00201240018941, -0.00190927123185, 0.00187327608, 0.00309382239357, -0.007767572999, 0.0220324303955]]
    },
    "melbands": {
        "mean": [0.00121616234537, 0.00113507488277, 0.00124494417105, 0.00100464664865, 0.000338643527357, 0.000275938189588, 0.000504509836901, 0.000401890894864, 0.000440192350652, 0.000325411732774, 0.000206936543691, 0.00016250248882, 0.000133540670504, 0.000109798464109, 0.000112095869554, 7.99041226855e-05, 6.77062344039e-05, 7.48640522943e-05, 6.29906717222e-05, 5.84656590945e-05, 4.77205358038e-05, 3.4217195207e-05, 2.99780676869e-05, 1.47466334965e-05, 1.51901649588e-05, 1.56551795953e-05, 1.07684381874e-05, 8.89451621333e-06, 7.46052774048e-06, 6.7501337071e-06, 6.49585399515e-06, 5.63342018722e-06, 4.08036112276e-06, 3.61244792657e-06, 3.12104270961e-06, 2.54802489508e-06, 1.72338809534e-06, 1.43140425735e-06, 1.53701341787e-06, 1.25016003949e-06],
        "stdev": [0.00305205397308, 0.0018588056555, 0.00108853471465, 0.000913352007046, 0.000338486192049, 0.000317614641972, 0.000778678862844, 0.000740169780329, 0.000876937469002, 0.000787656696048, 0.000499618530739, 0.000267209979938, 0.000216479675146, 0.000207088523894, 0.000228782882914, 0.000149128798512, 0.000118193078379, 0.000130554428324, 0.000127500825329, 9.81240009423e-05, 6.57777127344e-05, 4.18296658609e-05, 3.17718877341e-05, 1.44040986925e-05, 1.40874799399e-05, 1.48438421093e-05, 1.0432999261e-05, 8.35837727209e-06, 6.61898320686e-06, 5.90036279391e-06, 6.28602219876e-06, 6.80097946315e-06, 4.83283611175e-06, 4.22335824624e-06, 3.77314700017e-06, 3.29135127686e-06, 2.93393918582e-06, 3.16748469231e-06, 3.69203507944e-06, 3.10509017254e-06]
    },
    "melbands128": {
        "mean": [0.000249548989814, 0.00121915480122, 0.00160168961156, 0.00126974994782, 0.00113876361866, 0.000939340563491, 0.00119673262816, 0.00153173995204, 0.00100919650868, 0.00129930803087, 0.000898023485206, 0.000306448899209, 0.000229302808293, 0.000352150353137, 0.000303758250084, 0.000205764488783, 0.0002558491542, 0.000742843723856, 0.000486982316943, 0.000366544700228, 0.000351164722815, 0.000459426199086, 0.000451860687463, 0.000338218611432, 0.000527285505086, 0.000176637040568, 0.000194436055608, 0.000279702653643, 0.000122183875646, 0.000217376553337, 0.000154329944053, 9.22880135477e-05, 0.000154586407007, 0.000149565326865, 0.00011031809845, 9.86881132121e-05, 0.000107006977487, 0.000104444727185, 0.000131374050397, 0.000100635726994, 5.48475945834e-05, 7.16475697118e-05, 6.35121177766e-05, 6.44968749839e-05, 8.26947507448e-05, 6.77325224387e-05, 8.37123880046e-05, 5.83478977205e-05, 4.92746039527e-05, 8.46103284857e-05, 4.8683690693e-05, 4.84789234179e-05, 5.88479706494e-05, 4.11739201809e-05, 3.75389245164e-05, 3.10681971314e-05, 3.2143198041e-05, 4.09778767789e-05, 2.53586458712e-05, 1.82368075912e-05, 1.30633980007e-05, 1.23780409922e-05, 1.54038516484e-05, 1.42165799843e-05, 1.8342399926e-05, 1.74492106453e-05, 1.32902905534e-05, 1.06484430944e-05, 1.04781047412e-05, 1.02829981188e-05, 8.69168161444e-06, 8.82256699697e-06, 7.58286114433e-06, 7.33833712729e-06, 6.98097073837e-06, 6.84970746079e-06, 6.56801830701e-06, 6.46773378321e-06, 6.07155061516e-06, 7.26028611098e-06, 6.21849449089e-06, 4.91753735332e-06, 4.23904793934e-06, 4.36660002379e-06, 3.39693633578e-06, 3.93960544898e-06, 3.71429928236e-06, 2.81758389065e-06, 2.46780314228e-06, 4.12902954849e-06, 3.38023914992e-06, 1.813000722e-06, 1.64650555234e-06, 1.87866862689e-06, 1.72888553607e-06, 1.28336432681e-06, 1.39192184179e-06, 1.53220935317e-06, 1.54955591825e-06, 1.61454545378e-06, 1.35109462462e-06, 1.17750778372e-06, 1.17225272334e-06, 8.17062357328e-07, 7.38418748369e-07, 5.55744179564e-07, 5.68478299101e-07, 1.18004368233e-06, 1.61376226515e-06, 3.98631101461e-07, 2.67142439725e-07, 2.03366369078e-07, 2.03012689326e-07, 1.28974591007e-07, 1.06680282386e-07, 7.4356030666e-08, 4.59997728797e-08, 8.24836821067e-09, 8.99344987371e-10, 5.79708558934e-10, 3.62042090751e-10, 1.15371573406e-10, 9.03131805452e-11, 6.60665272489e-11, 6.95697943698e-11, 4.72982200281e-12, 4.29997574006e-12, 3.9457261243e-12],
        "stdev": [0.000716784445103, 0.00333329220302, 0.00434206658974, 0.00302581931464, 0.00205290573649, 0.0012609527912, 0.00136799830943, 0.0016633530613, 0.00115825445391, 0.00152518996038, 0.00119823333807, 0.00056396110449, 0.000346808956238, 0.000456001464045, 0.000406618084526, 0.00041552024777, 0.000521760550328, 0.00141292181797, 0.000863826484419, 0.00108174211346, 0.00108261022251, 0.00129237689544, 0.00129945285153, 0.000887613219675, 0.00160757580306, 0.000707826227881, 0.000687393068802, 0.000879477069248, 0.000318219856126, 0.000435384747107, 0.000338645622833, 0.000223441384151, 0.000318096310366, 0.000358499528375, 0.000327165005729, 0.000278398511, 0.000282158027403, 0.000337000499712, 0.000365787011106, 0.000240731926169, 0.00017698542797, 0.000242152993451, 0.000148562452523, 0.00015661114594, 0.000247426389251, 0.0001547599677, 0.000212773898966, 0.00024172871781, 0.000122710320284, 0.000195231114049, 0.000131086490001, 0.000122814832139, 9.9864009826e-05, 7.31500549591e-05, 9.01370804058e-05, 4.18518357037e-05, 4.30364634667e-05, 4.94534651807e-05, 4.1349157982e-05, 2.3259442969e-05, 1.66699064721e-05, 1.40379697768e-05, 1.86326524272e-05, 1.54972767632e-05, 2.21261980187e-05, 2.06021741178e-05, 1.46787160702e-05, 1.24018133647e-05, 1.24465814224e-05, 1.21037783174e-05, 9.91643446469e-06, 9.7903475762e-06, 7.88361376181e-06, 7.75493208494e-06, 7.2705297498e-06, 6.82635527482e-06, 6.67055792292e-06, 6.6975453592e-06, 6.43219436824e-06, 9.81986704574e-06, 9.45243664319e-06, 6.18357171334e-06, 5.259367299e-06, 5.92276091993e-06, 4.76629247714e-06, 5.26659823663e-06, 4.46657941211e-06, 3.75304784939e-06, 3.2446955629e-06, 6.09825247011e-06, 5.35241497346e-06, 2.46747163146e-06, 2.6801135391e-06, 3.23508129441e-06, 3.63500521416e-06, 3.16487330565e-06, 3.35760387316e-06, 3.68024302588e-06, 3.92756101064e-06, 4.39033738076e-06, 3.58954616786e-06, 3.24833126797e-06, 2.61720310846e-06, 2.03665695153e-06, 1.5829706399e-06, 1.31025888095e-06, 1.20023389627e-06, 3.02803368868e-06, 4.33924560639e-06, 8.34763852708e-07, 5.7031166989e-07, 4.40469079876e-07, 4.46576990498e-07, 2.89950293109e-07, 2.39988366957e-07, 1.84637286793e-07, 1.39508742336e-07, 5.25017185282e-08, 2.16347864068e-08, 2.40163373633e-08, 1.91723383836e-08, 3.59589846788e-09, 3.34426464299e-09, 3.30955951533e-09, 4.2417505064e-09, 4.55222422258e-11, 3.20418760968e-11, 6.24850995598e-12]
    },
    "mfcc": {
        "mean": [-614.803344727, 116.602760315, -2.67324066162, 18.5907783508, 5.03638029099, 4.88676786423, -2.86133408546, 1.27989435196, 0.390130370855, -2.30301856995, -2.54277443886, -0.7461591959, -2.21279907227],
        "cov": [[9718.79199219, -1564.86633301, -341.660797119, 30.6685123444, -481.789367676, 190.614303589, -54.5851478577, 259.591827393, 372.611419678, 434.279022217, 136.183410645, 141.44708252, 307.713775635], [-1564.86633301, 1263.47302246, -168.825332642, -38.4473876953, 123.556610107, -81.0397567749, 48.4352493286, -67.8935394287, -105.282821655, -127.569488525, -12.8698205948, -5.87257480621, -109.453369141], [-341.660797119, -168.825332642, 390.762939453, 11.6732721329, 25.892578125, 1.88158583641, -13.3750629425, 10.7977333069, 6.74924945831, -17.1108016968, 5.71281766891, -2.2616815567, 22.0574531555], [30.6685123444, -38.4473876953, 11.6732721329, 211.119155884, 41.0692825317, 11.0115127563, -31.4839439392, 10.5913848877, 18.6207065582, 18.5198154449, -12.2008209229, 6.95888805389, 29.0541954041], [-481.789367676, 123.556610107, 25.892578125, 41.0692825317, 192.308944702, 15.7162027359, -10.1932554245, -45.2266159058, -7.01871013641, -0.941047728062, -11.8918113708, -14.5005264282, -11.5439586639], [190.614303589, -81.0397567749, 1.88158583641, 11.0115127563, 15.7162027359, 93.717338562, 29.2560558319, 16.6306362152, 7.50047969818, 8.81750583649, 3.21762871742, 3.28484296799, 9.77349185944], [-54.5851478577, 48.4352493286, -13.3750629425, -31.4839439392, -10.1932554245, 29.2560558319, 107.304573059, 46.2453308105, -4.70400381088, -25.0027866364, 1.76451253891, 8.55556774139, -12.3085889816], [259.591827393, -67.8935394287, 10.7977333069, 10.5913848877, -45.2266159058, 16.6306362152, 46.2453308105, 117.707328796, 33.7780036926, 1.75603795052, 2.90249466896, 4.63159036636, 3.56120872498], [372.611419678, -105.282821655, 6.74924945831, 18.6207065582, -7.01871013641, 7.50047969818, -4.70400381088, 33.7780036926, 104.668487549, 59.4209213257, 6.32820892334, 5.12781333923, 15.2286968231], [434.279022217, -127.569488525, -17.1108016968, 18.5198154449, -0.941047728062, 8.81750583649, -25.0027866364, 1.75603795052, 59.4209213257, 112.539833069, 29.9740962982, 3.28106927872, 16.9730319977], [136.183410645, -12.8698205948, 5.71281766891, -12.2008209229, -11.8918113708, 3.21762871742, 1.76451253891, 2.90249466896, 6.32820892334, 29.9740962982, 67.0351028442, 26.2177963257, 0.862547636032], [141.44708252, -5.87257480621, -2.2616815567, 6.95888805389, -14.5005264282, 3.28484296799, 8.55556774139, 4.63159036636, 5.12781333923, 3.28106927872, 26.2177963257, 66.7199707031, 33.0883636475], [307.713775635, -109.453369141, 22.0574531555, 29.0541954041, -11.5439586639, 9.77349185944, -12.3085889816, 3.56120872498, 15.2286968231, 16.9730319977, 0.862547636032, 33.0883636475, 91.1316604614]],
        "icov": [[0.000194532505702, 0.000125230682897, 0.000227345750318, 6.60477016936e-05, 0.000301000167383, -0.000273440527963, 0.000165230288985, -0.000203058574698, -0.000244150840444, -0.000305038847728, -0.000115781687782, -7.07779545337e-05, -0.000360419478966], [0.000125230682897, 0.00137913157232, 0.000726488011423, -1.74671531568e-05, -0.000746355799492, 0.00104237662163, -0.000551936100237, 0.000210361351492, 7.38019443816e-05, 0.000964746286627, -0.000473577529192, -0.000528047734406, 0.000778371642809], [0.000227345750318, 0.000726488011423, 0.00331502524205, 0.000127260849695, -0.00064343214035, 0.000195554792299, 0.000569434603676, -0.000652080285363, -0.000769465754274, 0.00150724616833, -0.00152903492562, 0.000639118428808, -0.00110785104334], [6.60477016936e-05, -1.74671531568e-05, 0.000127260849695, 0.00588990468532, -0.00145759060979, -0.00081887783017, 0.00250021624379, -0.00207447749563, 2.7391466574e-05, -0.000779082532972, 0.00153205893002, -0.00112822535448, -0.00129498890601], [0.000301000167383, -0.000746355799492, -0.00064343214035, -0.00145759060979, 0.00776460766792, -0.00263923127204, -0.000234859864577, 0.00280894106254, -0.00103931222111, -0.00135094346479, 0.000740762799978, 0.000987496576272, -0.000107462903543], [-0.000273440527963, 0.00104237662163, 0.000195554792299, -0.00081887783017, -0.00263923127204, 0.0142222745344, -0.00500571588054, -3.43972860719e-05, 0.000862124259584, -5.72285316593e-05, -0.000707902014256, 0.000589817354921, -0.000486230535898], [0.000165230288985, -0.000551936100237, 0.000569434603676, 0.00250021624379, -0.000234859864577, -0.00500571588054, 0.0154297873378, -0.00645072339103, 0.00028776936233, 0.00201727286913, 0.000188568374142, -0.00280629913323, 0.00128076295368], [-0.000203058574698, 0.000210361351492, -0.000652080285363, -0.00207447749563, 0.00280894106254, -3.43972860719e-05, -0.00645072339103, 0.0141959935427, -0.00470374757424, 0.00224909512326, -0.000951485475525, 0.00145465310197, 0.000538990076166], [-0.000244150840444, 7.38019443816e-05, -0.000769465754274, 2.7391466574e-05, -0.00103931222111, 0.000862124259584, 0.00028776936233, -0.00470374757424, 0.0168064590544, -0.00896942056715, 0.00382153922692, -0.00218755588867, 0.000709265877958], [-0.000305038847728, 0.000964746286627, 0.00150724616833, -0.000779082532972, -0.00135094346479, -5.72285316593e-05, 0.00201727286913, 0.00224909512326, -0.00896942056715, 0.0192102845758, -0.00923884194344, 0.00424875644967, -0.00144237780478], [-0.000115781687782, -0.000473577529192, -0.00152903492562, 0.00153205893002, 0.000740762799978, -0.000707902014256, 0.000188568374142, -0.000951485475525, 0.00382153922692, -0.00923884194344, 0.0238510929048, -0.0114337066188, 0.00494394963607], [-7.07779545337e-05, -0.000528047734406, 0.000639118428808, -0.00112822535448, 0.000987496576272, 0.000589817354921, -0.00280629913323, 0.00145465310197, -0.00218755588867, 0.00424875644967, -0.0114337066188, 0.0250809453428, -0.00998827069998], [-0.000360419478966, 0.000778371642809, -0.00110785104334, -0.00129498890601, -0.000107462903543, -0.000486230535898, 0.00128076295368, 0.000538990076166, 0.000709265877958, -0.00144237780478, 0.00494394963607, -0.00998827069998, 0.0177263393998]]
    },
    "spectral_contrast_coeffs": {
        "mean": [-0.6902359128, -0.735249996185, -0.761821866035, -0.787540853024, -0.796164870262, -0.739865124226],
        "stdev": [0.0647492259741, 0.0719287842512, 0.0588458627462, 0.0476438701153, 0.0321468710899, 0.0509661324322]
    },
    "spectral_contrast_valleys": {
        "mean": [-6.53500413895, -6.53467559814, -7.13800573349, -7.22293519974, -7.31681728363, -10.189740181],
        "stdev": [0.927060842514, 1.08885717392, 1.12604308128, 1.12819886208, 1.41788351536, 1.52189159393]
    }
},
"rhythm": {
    "beats_count": 577,
    "beats_loudness": {
        "mean": 0.0372102148831,
        "stdev": 0.0205510370433
    },
    "bpm": 105.115821838,
    "bpm_histogram_first_peak_bpm": 103,
    "bpm_histogram_first_peak_weight": 0.498054504395,
    "bpm_histogram_second_peak_bpm": 108,
    "bpm_histogram_second_peak_spread": 0.615384578705,
    "bpm_histogram_second_peak_weight": 0.138888895512,
    "danceability": 1.13127720356,
    "onset_rate": 2.99065709114,
    "beats_loudness_band_ratio": {
        "mean": [0.338880509138, 0.18731559813, 0.210145652294, 0.142290040851, 0.0939032584429, 0.0846285149455],
        "stdev": [0.195401549339, 0.145976439118, 0.139077275991, 0.117655850947, 0.0770765766501, 0.0584026910365]
    },
    "beats_position": [0.545668900013, 1.09133780003, 1.63700675964, 2.18267560005, 2.71673464775, 3.25079369545, 3.78485250473, 4.3073015213, 4.82975053787, 5.35219955444, 5.86303853989, 6.51319694519, 7.1517457962, 7.79029464722, 8.42884349823, 9.0906124115, 9.76399040222, 10.4257593155, 11.0991382599, 11.7609071732, 12.3994560242, 13.0496139526, 13.6997728348, 14.3499317169, 15.0000905991, 15.6502494812, 16.3004074097, 16.9273471832, 17.5542850494, 18.1696147919, 18.784942627, 19.4002723694, 20.0039901733, 20.5960998535, 21.1882076263, 21.7570972443, 22.3375968933, 22.918094635, 23.4985942841, 24.0790920258, 24.6479816437, 25.2168693542, 25.7973690033, 26.3778686523, 26.958366394, 27.5388660431, 28.1193637848, 28.6998634338, 29.2803630829, 29.8608608246, 30.4297504425, 30.9986381531, 31.5791378021, 32.1596374512, 32.7401351929, 33.3206329346, 33.901134491, 34.4816322327, 35.0621299744, 35.6426315308, 36.2231292725, 36.8036270142, 37.3841247559, 37.9646263123, 38.5335159302, 39.1024017334, 39.6596832275, 40.216960907, 40.7974586487, 41.3779602051, 41.9584579468, 42.5273475647, 43.0962333679, 43.6767349243, 44.2456245422, 44.8145103455, 45.3950119019, 45.9755096436, 46.5560073853, 47.1365089417, 47.7053947449, 48.2858963013, 48.8547821045, 49.4120635986, 49.9925613403, 50.573059082, 51.1535606384, 51.7340583801, 52.3145561218, 52.8950538635, 53.4755554199, 54.0444450378, 54.6133308411, 55.1938323975, 55.7743301392, 56.3664398193, 56.9353294373, 57.515827179, 58.0963249207, 58.6419944763, 59.1992721558, 59.7681617737, 60.3254394531, 60.894329071, 61.463218689, 62.0204963684, 62.5777778625, 63.1466636658, 63.7271652222, 64.2960510254, 64.8765487671, 65.4454421997, 66.0143280029, 66.5948257446, 67.1637191772, 67.7093887329, 68.2666625977, 68.8471679688, 69.4044418335, 69.9617233276, 70.5189971924, 71.087890625, 71.6567764282, 72.2140579224, 72.7829437256, 73.3518371582, 73.9323348999, 74.5128326416, 75.0933303833, 75.6622238159, 76.2311096191, 76.7883911133, 77.368888855, 77.9493865967, 78.5298843384, 79.098777771, 79.6676635742, 80.2481613159, 80.8170471191, 81.3859405518, 81.9664382935, 82.5469360352, 83.1274337769, 83.6963272095, 84.2652130127, 84.8341064453, 85.4029922485, 85.9602737427, 86.5407714844, 87.1096572876, 87.6785507202, 88.2590484619, 88.8279342651, 89.4084320068, 89.9773254395, 90.5462112427, 91.1150970459, 91.695602417, 92.2644882202, 92.8333740234, 93.4138793945, 93.9943771362, 94.5748748779, 95.1553726196, 95.7358703613, 96.316368103, 96.8852615356, 97.4541473389, 98.0346450806, 98.6151428223, 99.1956481934, 99.7761459351, 100.356643677, 100.92552948, 101.494422913, 102.063308716, 102.632194519, 103.21269989, 103.793197632, 104.373695374, 104.954193115, 105.534690857, 106.115188599, 106.69568634, 107.276191711, 107.856689453, 108.437187195, 109.017684937, 109.58657074, 110.155464172, 110.735961914, 111.316459656, 111.885353088, 112.46585083, 113.023124695, 113.592018127, 114.160903931, 114.741401672, 115.310295105, 115.86756897, 116.424850464, 116.993736267, 117.5626297, 118.131515503, 118.700408936, 119.269294739, 119.838180542, 120.407073975, 120.975959778, 121.54485321, 122.113739014, 122.682624817, 123.25151825, 123.832015991, 124.412513733, 124.981407166, 125.550292969, 126.13079071, 126.711288452, 127.291786194, 127.872291565, 128.452789307, 129.033279419, 129.61378479, 130.194290161, 130.763168335, 131.332061768, 131.889343262, 132.446624756, 133.027114868, 133.596008301, 134.164901733, 134.733779907, 135.314285278, 135.883178711, 136.463668823, 137.044174194, 137.624664307, 138.205169678, 138.78565979, 139.366165161, 139.946670532, 140.527160645, 141.084442139, 141.641723633, 142.199005127, 142.756271362, 143.313552856, 143.870834351, 144.439727783, 145.008621216, 145.589111328, 146.169616699, 146.750106812, 147.319000244, 147.887893677, 148.468383789, 149.025665283, 149.582946777, 150.140228271, 150.697509766, 151.243179321, 151.800445557, 152.369338989, 152.926620483, 153.495513916, 154.06439209, 154.633285522, 155.202178955, 155.794281006, 156.374786377, 156.955276489, 157.524169922, 158.081451416, 158.63873291, 159.195999146, 159.776504517, 160.345397949, 160.914276123, 161.471557617, 162.028839111, 162.586120605, 163.1434021, 163.700683594, 164.281173706, 164.861679077, 165.418960571, 165.976226807, 166.533508301, 167.079177856, 167.624847412, 168.182128906, 168.7394104, 169.308303833, 169.877182007, 170.434463501, 170.991744995, 171.549026489, 172.106307983, 172.663574219, 173.220855713, 173.801361084, 174.370239258, 174.93913269, 175.508026123, 176.076919556, 176.657409668, 177.214691162, 177.771972656, 178.317642212, 178.863311768, 179.420593262, 179.977859497, 180.54675293, 181.115646362, 181.684524536, 182.253417969, 182.83392334, 183.414413452, 183.971694946, 184.52897644, 185.097869873, 185.666748047, 186.224029541, 186.781311035, 187.338592529, 187.907485962, 188.476364136, 189.03364563, 189.602539062, 190.171432495, 190.740310669, 191.309204102, 191.889694214, 192.470199585, 193.050704956, 193.607971191, 194.176864624, 194.745758057, 195.303039551, 195.871917725, 196.440811157, 196.998092651, 197.555374146, 198.11265564, 198.681533813, 199.262039185, 199.830932617, 200.411422729, 200.991928101, 201.572418213, 202.141311646, 202.710205078, 203.279083252, 203.847976685, 204.405258179, 204.974151611, 205.543029785, 206.100311279, 206.657592773, 207.214874268, 207.79536438, 208.352645874, 208.909927368, 209.467208862, 210.024490356, 210.581771851, 211.127426147, 211.673095703, 212.218765259, 212.764434814, 213.31010437, 213.855773926, 214.389831543, 214.92388916, 215.469558716, 216.015228271, 216.549285889, 217.094955444, 217.652236938, 218.221130371, 218.790023804, 219.358901978, 219.916183472, 220.461853027, 221.007522583, 221.5415802, 222.087249756, 222.632919312, 223.190200806, 223.724258423, 224.269927979, 224.815597534, 225.36126709, 225.906936646, 226.452606201, 226.998275757, 227.555557251, 228.112823486, 228.658493042, 229.204162598, 229.749832153, 230.295501709, 230.841171265, 231.38684082, 231.920898438, 232.454956055, 232.989013672, 233.523086548, 234.045532227, 234.567977905, 235.113647461, 235.659317017, 236.193374634, 236.727432251, 237.261489868, 237.795547485, 238.329605103, 238.85206604, 239.374511719, 239.885345459, 240.407791138, 240.953460693, 241.487518311, 242.021575928, 242.555648804, 243.089706421, 243.635375977, 244.181045532, 244.726715088, 245.272369385, 245.806442261, 246.340499878, 246.874557495, 247.408615112, 247.954284668, 248.488342285, 249.022399902, 249.544845581, 250.078903198, 250.612960815, 251.147018433, 251.692687988, 252.238357544, 252.7840271, 253.329696655, 253.886978149, 254.432647705, 254.978317261, 255.523986816, 256.069641113, 256.603729248, 257.137786865, 257.683441162, 258.229125977, 258.763183594, 259.297241211, 259.831298828, 260.365356445, 260.876190186, 261.387023926, 261.897857666, 262.408691406, 262.907928467, 263.418762207, 263.929595947, 264.440460205, 264.962890625, 265.496948242, 266.031005859, 266.565063477, 267.099121094, 267.633178711, 268.167236328, 268.701324463, 269.23538208, 269.7578125, 270.280273438, 270.791107178, 271.278717041, 271.766357422, 272.265563965, 272.764801025, 273.275634766, 273.809692383, 274.33215332, 274.866210938, 275.400268555, 275.922729492, 276.456787109, 276.990844727, 277.524902344, 278.058959961, 278.593017578, 279.127075195, 279.661132812, 280.19519043, 280.717651367, 281.240081787, 281.762542725, 282.284973145, 282.819030762, 283.353088379, 283.887145996, 284.421234131, 284.966888428, 285.489349365, 286.023406982, 286.534240723, 287.045074463, 287.544311523, 288.043518066, 288.542755127, 289.041992188, 289.529602051, 290.028839111, 290.551300049, 291.062133789, 291.584564209, 292.107025146, 292.641082764, 293.186737061, 293.732421875, 294.266479492, 294.800537109, 295.346221924, 295.891876221, 296.425933838, 296.971618652, 297.517272949, 298.051330566, 298.585388184, 299.119445801, 299.641906738, 300.175964355, 300.535858154, 300.895782471, 301.25567627, 301.627197266, 301.998718262, 302.370239258, 302.741760254, 303.10168457, 303.461578369, 303.821502686, 304.181396484, 304.529693604, 304.877990723, 305.237915039, 305.597808838, 305.957733154, 306.352478027, 306.747192383, 307.141937256, 307.536682129, 307.977874756, 308.419036865, 308.848602295, 309.278167725, 309.707763672, 310.148925781, 310.613342285, 311.077728271, 311.553741455, 312.029754639, 312.505767822, 312.981750488, 313.457763672, 313.933776855, 314.421386719, 314.9090271, 315.396636963, 315.884246826, 316.383483887, 316.87109375, 317.370330811, 317.869567871],
    "bpm_histogram": [0, 0, 0, 0, 0, 0, 0, 0, 0, 0, 0, 0, 0, 0, 0, 0, 0, 0, 0, 0, 0, 0, 0, 0, 0, 0, 0, 0, 0, 0, 0, 0, 0, 0, 0, 0, 0, 0, 0, 0, 0, 0, 0, 0, 0, 0, 0, 0, 0, 0, 0, 0, 0, 0, 0, 0, 0, 0, 0, 0, 0, 0, 0, 0, 0, 0, 0, 0, 0, 0, 0, 0, 0, 0, 0, 0, 0, 0, 0, 0, 0, 0, 0, 0, 0, 0, 0, 0, 0, 0.00347222224809, 0, 0.00520833348855, 0.0121527779847, 0, 0.00694444449618, 0, 0.00347222224809, 0, 0.00520833348855, 0.00173611112405, 0, 0.00694444449618, 0, 0.223958328366, 0, 0.213541671634, 0, 0, 0.138888895512, 0, 0.104166664183, 0, 0.118055552244, 0, 0, 0.0399305559695, 0, 0.0243055559695, 0, 0, 0.0190972220153, 0, 0, 0.0138888889924, 0, 0, 0.0104166669771, 0, 0, 0.00347222224809, 0, 0, 0, 0, 0, 0, 0.00520833348855, 0, 0, 0, 0.00520833348855, 0, 0, 0, 0, 0, 0, 0, 0, 0, 0, 0, 0.00694444449618, 0, 0, 0, 0, 0, 0, 0, 0, 0.00694444449618, 0, 0, 0, 0, 0, 0.017361111939, 0, 0, 0, 0, 0.00347222224809, 0, 0, 0, 0, 0, 0, 0, 0, 0, 0, 0, 0, 0, 0, 0, 0, 0, 0, 0, 0, 0, 0, 0, 0, 0, 0, 0, 0, 0, 0, 0, 0, 0, 0, 0, 0, 0, 0, 0, 0, 0, 0, 0, 0, 0, 0, 0, 0, 0, 0, 0, 0, 0, 0, 0, 0, 0, 0, 0, 0, 0, 0, 0, 0, 0, 0, 0, 0, 0, 0, 0, 0, 0, 0, 0, 0, 0]
},
"tonal": {
    "chords_changes_rate": 0.0362815111876,
    "chords_number_rate": 0.00131137983408,
    "chords_strength": {
        "mean": 0.545892953873,
        "stdev": 0.0996803045273
    },
    "hpcp_crest": {
        "mean": 13.8355588913,
        "stdev": 6.69508361816
    },
    "hpcp_entropy": {
        "mean": 1.98170542717,
        "stdev": 0.723239123821
    },
    "key_edma": {
        "strength": 0.705822050571,
        "key": "D",
        "scale": "minor"
    },
    "key_krumhansl": {
        "strength": 0.712163507938,
        "key": "A",
        "scale": "minor"
    },
    "key_temperley": {
        "strength": 0.722801804543,
        "key": "A",
        "scale": "minor"
    },
    "tuning_diatonic_strength": 0.589760780334,
    "tuning_equal_tempered_deviation": 0.352330833673,
    "tuning_frequency": 434.193115234,
    "tuning_nontempered_energy_ratio": 0.983579277992,
    "hpcp": {
        "mean": [0.312332302332, 0.516661524773, 0.330793589354, 0.0934218540788, 0.0499657951295, 0.0469763092697, 0.0981677994132, 0.142873167992, 0.106015533209, 0.0962698832154, 0.109895884991, 0.078658208251, 0.0837225690484, 0.108809299767, 0.0934862792492, 0.120658800006, 0.176725819707, 0.14612826705, 0.0827119499445, 0.0608361288905, 0.0748284757137, 0.228208720684, 0.394441008568, 0.261293500662, 0.104106716812, 0.098497197032, 0.070785023272, 0.0590942800045, 0.0633717477322, 0.0644762665033, 0.142257139087, 0.201601982117, 0.130141839385, 0.0761783570051, 0.0787958651781, 0.101902239025],
        "stdev": [0.284409344196, 0.381348401308, 0.296487390995, 0.177031725645, 0.127846240997, 0.119518399239, 0.1774392277, 0.229922071099, 0.176578953862, 0.18549849093, 0.213320448995, 0.158955484629, 0.146186411381, 0.179644331336, 0.174019366503, 0.211221367121, 0.28263759613, 0.252249211073, 0.156396463513, 0.135752126575, 0.15508942306, 0.256620794535, 0.335994005203, 0.258843362331, 0.190555930138, 0.224536657333, 0.158679172397, 0.141047179699, 0.14027479291, 0.132136017084, 0.215426161885, 0.300601452589, 0.221074670553, 0.156910061836, 0.162614792585, 0.171164244413]
    },
    "chords_histogram": [26.4170188904, 5.49322462082, 4.66268396378, 4.24012804031, 0.32055953145, 3.65729284286, 0, 40.7402000427, 0, 0.466268390417, 0, 0, 0, 0, 0, 0, 0, 0.072854436934, 0.0291417744011, 0.0291417744011, 1.25309634209, 0, 5.63893318176, 6.9794549942],
    "thpcp": [1, 0.640252053738, 0.180818289518, 0.0967089533806, 0.0909227952361, 0.190004080534, 0.276531457901, 0.205193400383, 0.186330661178, 0.212703824043, 0.152243211865, 0.162045300007, 0.210600733757, 0.180942982435, 0.233535483479, 0.342053383589, 0.282831728458, 0.160089239478, 0.117748521268, 0.144830748439, 0.44169870019, 0.763441801071, 0.50573438406, 0.201498880982, 0.190641626716, 0.137004628778, 0.114377163351, 0.122656218708, 0.124794013798, 0.275339126587, 0.39020127058, 0.251889944077, 0.147443443537, 0.152509644628, 0.197232097387, 0.604520142078],
    "chords_key": "A",
    "chords_scale": "major"
}
}