{
"metadata": {
    "version": {
        "essentia": "2.1-dev",
        "essentia_git_sha": "v2.1_beta3-415-gd5473f3",
        "extractor": "music 2.0"
    },
    "audio_properties": {
        "analysis": {
            "equal_loudness": 0,
            "length": 341.263671875,
            "sample_rate": 44100,
            "start_time": 0,
            "downmix": "mix"
        },
        "bit_rate": 192000,
        "length": 341.263671875,
        "lossless": 0,
        "number_channels": 2,
        "replay_gain": -8.34567451477,
        "sample_rate": 44100,
        "codec": "mp3",
        "md5_encoded": "cd1c6f9bc1d2836ff0c991e3a1209c79"
    },
    "tags": {
        "file_name": "pearl_jam-alive.mp3",
        "date": ["2004"],
        "engineer": ["rosamerica tamyo"],
        "genre": ["Blues"]
    }
},
"lowlevel": {
    "average_loudness": 0.795243799686,
    "barkbands_crest": {
        "mean": 9.57920265198,
        "stdev": 4.068567276
    },
    "barkbands_flatness_db": {
        "mean": 0.103957079351,
        "stdev": 0.0458398163319
    },
    "barkbands_kurtosis": {
        "mean": 1.86757552624,
        "stdev": 5.97453165054
    },
    "barkbands_skewness": {
        "mean": 1.08359789848,
        "stdev": 0.993162631989
    },
    "barkbands_spread": {
        "mean": 29.6869544983,
        "stdev": 13.9135437012
    },
    "dissonance": {
        "mean": 0.472905635834,
        "stdev": 0.0218003187329
    },
    "dynamic_complexity": 2.63233733177,
    "erbbands_crest": {
        "mean": 8.86183929443,
        "stdev": 4.76994466782
    },
    "erbbands_flatness_db": {
        "mean": 0.14048217237,
        "stdev": 0.0400410220027
    },
    "erbbands_kurtosis": {
        "mean": 0.35995554924,
        "stdev": 1.94403004646
    },
    "erbbands_skewness": {
        "mean": 0.10847800225,
        "stdev": 0.717173695564
    },
    "erbbands_spread": {
        "mean": 37.5350952148,
        "stdev": 15.2966852188
    },
    "hfc": {
        "mean": 26.2312316895,
        "stdev": 18.8743743896
    },
    "loudness_ebu128": {
        "integrated": -14.800945282,
        "loudness_range": 4.72388648987,
        "momentary": {
            "mean": -15.6009531021,
            "stdev": 4.26331567764
        },
        "short_term": {
            "mean": -15.2068653107,
            "stdev": 2.05795192719
        }
    },
    "melbands_crest": {
        "mean": 13.6421422958,
        "stdev": 5.47617435455
    },
    "melbands_flatness_db": {
        "mean": 0.159155130386,
        "stdev": 0.0583950318396
    },
    "melbands_kurtosis": {
        "mean": 8.35200309753,
        "stdev": 14.1244678497
    },
    "melbands_skewness": {
        "mean": 2.14860582352,
        "stdev": 1.38841295242
    },
    "melbands_spread": {
        "mean": 32.4517211914,
        "stdev": 17.9615306854
    },
    "pitch_salience": {
        "mean": 0.552699744701,
        "stdev": 0.102913446724
    },
    "silence_rate_20dB": {
        "mean": 1,
        "stdev": 0
    },
    "silence_rate_30dB": {
        "mean": 0.999387681484,
        "stdev": 0.0247351936996
    },
    "silence_rate_60dB": {
        "mean": 0.0289154984057,
        "stdev": 0.167533800006
    },
    "spectral_centroid": {
        "mean": 1668.09350586,
        "stdev": 596.360717773
    },
    "spectral_complexity": {
        "mean": 25.1839027405,
        "stdev": 10.2681360245
    },
    "spectral_decrease": {
        "mean": -6.53200293854e-09,
        "stdev": 4.21200851974e-09
    },
    "spectral_energy": {
        "mean": 0.0270325709134,
        "stdev": 0.0170327425003
    },
    "spectral_energyband_high": {
        "mean": 0.00112360750791,
        "stdev": 0.0012476015836
    },
    "spectral_energyband_low": {
        "mean": 0.0082375369966,
        "stdev": 0.00933406408876
    },
    "spectral_energyband_middle_high": {
        "mean": 0.00744066713378,
        "stdev": 0.0074553899467
    },
    "spectral_energyband_middle_low": {
        "mean": 0.0109720053151,
        "stdev": 0.0098815113306
    },
    "spectral_entropy": {
        "mean": 7.80530261993,
        "stdev": 0.351192861795
    },
    "spectral_flux": {
        "mean": 0.0827198624611,
        "stdev": 0.0408346988261
    },
    "spectral_kurtosis": {
        "mean": 3.61708235741,
        "stdev": 2.30521988869
    },
    "spectral_rms": {
        "mean": 0.00488401949406,
        "stdev": 0.00158726645168
    },
    "spectral_rolloff": {
        "mean": 1854.65393066,
        "stdev": 1275.96520996
    },
    "spectral_skewness": {
        "mean": 1.42660021782,
        "stdev": 0.3675532341
    },
    "spectral_spread": {
        "mean": 4810133,
        "stdev": 1307700.375
    },
    "spectral_strongpeak": {
        "mean": 1.25463974476,
        "stdev": 1.7492184639
    },
    "zerocrossingrate": {
        "mean": 0.0733110904694,
        "stdev": 0.0333979390562
    },
    "barkbands": {
        "mean": [0.000360878068022, 0.00602994579822, 0.00126350624487, 0.0011802224908, 0.00286631495692, 0.000876774429344, 0.00124853721354, 0.00186738860793, 0.002538387198, 0.00119756045751, 0.000696146162227, 0.000700249278452, 0.000839635147713, 0.000920263351873, 0.00069042557152, 0.000618753547315, 0.00096949323779, 0.000479617185192, 0.000384799088351, 0.000307202484692, 0.000266324961558, 0.000215729043703, 0.000156004432938, 0.000170928382431, 0.0001470536954, 3.76999014406e-05, 2.75084926216e-06],
        "stdev": [0.00063595030224, 0.00805518589914, 0.00195785285905, 0.00160767149646, 0.00305804167874, 0.00114908989053, 0.00228106137365, 0.00475352583453, 0.00635840184987, 0.00297739496455, 0.00192754436284, 0.00193496223073, 0.00213515176438, 0.00188610341866, 0.00142469559796, 0.00110996025614, 0.0015827761963, 0.00047178164823, 0.000414425652707, 0.000302846427076, 0.000249751290539, 0.000235031940974, 0.000206571188755, 0.000376592681278, 0.000442102638772, 7.93619838078e-05, 8.68842380441e-06]
    },
    "erbbands": {
        "mean": [0.237296819687, 1.09350752831, 1.52798104286, 2.95312261581, 6.30431365967, 11.1181335449, 8.18748664856, 6.76447534561, 13.2775640488, 28.3343524933, 47.3271865845, 62.5889930725, 38.969871521, 37.8717346191, 28.3892269135, 31.1742649078, 39.272769928, 47.2880973816, 40.3513641357, 32.9075584412, 43.9291496277, 48.7737846375, 27.3710441589, 24.8415107727, 17.6695690155, 14.1649551392, 10.7230520248, 10.0579614639, 7.86222743988, 6.05132961273, 4.27292919159, 3.67223119736, 2.79702138901, 1.97362887859, 0.842809021473, 0.246932655573, 0.0548596121371, 0.00842947512865, 0.000420047726948, 4.8935693485e-05],
        "stdev": [0.362846374512, 1.39569962025, 1.98346436024, 3.77644014359, 7.19245290756, 13.927649498, 9.73104667664, 9.8565454483, 21.7246417999, 65.5996551514, 116.166046143, 165.645111084, 109.660484314, 89.518371582, 67.9730377197, 83.2617416382, 95.0027923584, 90.2646942139, 82.3343276978, 66.0061569214, 69.5673065186, 65.4635009766, 25.6501731873, 27.2532787323, 16.8696117401, 13.7910451889, 10.2183542252, 9.60046768188, 8.63392162323, 6.84900760651, 6.23381137848, 7.58266925812, 6.54123926163, 5.82125902176, 2.62581634521, 0.533954918385, 0.126687198877, 0.0220548138022, 0.0013756423723, 5.82277934882e-05]
    },
    "gfcc": {
        "mean": [28.2012481689, 79.7843170166, -122.321258545, 39.2227287292, -57.0618057251, 19.5530891418, -39.5306777954, 18.0199279785, -22.0951938629, 2.42210936546, -18.2080993652, -0.0685421600938, -9.41132450104],
        "cov": [[6141.33691406, -943.385437012, -138.337112427, -60.0467262268, -190.241287231, 393.580322266, -208.748519897, 269.12902832, -131.709060669, 318.056396484, -126.998138428, 132.923690796, -107.989562988], [-943.385437012, 927.119689941, -158.697814941, -45.1623687744, 87.248840332, -172.909744263, 134.414291382, -96.3337478638, 105.683334351, -109.070396423, 90.5318069458, -88.0908432007, 72.7713241577], [-138.337112427, -158.697814941, 634.065856934, 46.180557251, 64.8023986816, 83.5213851929, -41.1784210205, 63.2113380432, -12.1556186676, 63.7551269531, -17.0804157257, 71.6892700195, -33.133934021], [-60.0467262268, -45.1623687744, 46.180557251, 298.265441895, 44.3897132874, 7.19771575928, 24.2237758636, 31.949136734, 35.6207809448, 3.90544438362, 18.7110080719, 28.6254081726, 27.4986972809], [-190.241287231, 87.248840332, 64.8023986816, 44.3897132874, 172.74697876, 30.6120281219, 32.6599006653, 9.06121444702, 35.6444778442, 10.7495775223, 10.4560432434, 8.87279987335, 17.0749359131], [393.580322266, -172.909744263, 83.5213851929, 7.19771575928, 30.6120281219, 210.254257202, 27.8649673462, 65.1158905029, -11.8164758682, 64.7946243286, 3.63821125031, 21.6088695526, -0.975285053253], [-208.748519897, 134.414291382, -41.1784210205, 24.2237758636, 32.6599006653, 27.8649673462, 153.705245972, 30.6954059601, 35.3330497742, -24.2441902161, 32.4337882996, 5.38811922073, 22.8003234863], [269.12902832, -96.3337478638, 63.2113380432, 31.949136734, 9.06121444702, 65.1158905029, 30.6954059601, 117.450256348, 40.2285499573, 47.4107933044, -1.84996807575, 16.7421379089, 1.11646354198], [-131.709060669, 105.683334351, -12.1556186676, 35.6207809448, 35.6444778442, -11.8164758682, 35.3330497742, 40.2285499573, 118.806915283, 43.9335823059, 24.5899085999, -24.3101482391, 17.0305652618], [318.056396484, -109.070396423, 63.7551269531, 3.90544438362, 10.7495775223, 64.7946243286, -24.2441902161, 47.4107933044, 43.9335823059, 124.240280151, 28.1639518738, 10.1536970139, -11.7296762466], [-126.998138428, 90.5318069458, -17.0804157257, 18.7110080719, 10.4560432434, 3.63821125031, 32.4337882996, -1.84996807575, 24.5899085999, 28.1639518738, 83.4788894653, 21.6765155792, 20.0520477295], [132.923690796, -88.0908432007, 71.6892700195, 28.6254081726, 8.87279987335, 21.6088695526, 5.38811922073, 16.7421379089, -24.3101482391, 10.1536970139, 21.6765155792, 95.4965057373, 15.9583053589], [-107.989562988, 72.7713241577, -33.133934021, 27.4986972809, 17.0749359131, -0.975285053253, 22.8003234863, 1.11646354198, 17.0305652618, -11.7296762466, 20.0520477295, 15.9583053589, 67.6263504028]],
        "icov": [[0.000317993399221, -0.000202600363991, 0.000375732546672, -8.75080004334e-05, 0.000261935725575, -0.000393781810999, 0.000364114705008, -0.000647570064757, 0.000568491464946, -0.000993088120595, 0.000903800362721, -0.000741447322071, 0.000353155948687], [-0.000202600363991, 0.00318274344318, -0.000632503360976, 0.00100943038706, -0.00137948431075, 0.00175575423054, -0.0017228347715, 0.001748832874, -0.00225138501264, 0.00306128896773, -0.00404491834342, 0.00326825445518, -0.00201707612723], [0.000375732546672, -0.000632503360976, 0.00261984416284, -0.00039834677591, -0.000378201133572, -0.000990747241303, 0.00129053567071, -0.00160764635075, 0.000934824172873, -0.00181793712545, 0.00205296045169, -0.0028391990345, 0.00190936145373], [-8.75080004334e-05, 0.00100943038706, -0.00039834677591, 0.00417453469709, -0.00105864740908, 0.000586123613175, -0.000273313664366, -0.00023603765294, -0.00186611048412, 0.00193741207477, -0.00182369409595, 9.37742879614e-05, -0.00142221187707], [0.000261935725575, -0.00137948431075, -0.000378201133572, -0.00105864740908, 0.00796436332166, -0.00235898001119, -0.000194362175534, 0.00101111538243, -0.00166284653824, -0.00139134353958, 0.00281073595397, -0.00232931831852, 4.54632281617e-05], [-0.000393781810999, 0.00175575423054, -0.000990747241303, 0.000586123613175, -0.00235898001119, 0.00980899855494, -0.0042011924088, -0.00189975788817, 0.00418301904574, -0.00368816661648, -0.0015564475907, 0.0036418363452, -0.0031480344478], [0.000364114705008, -0.0017228347715, 0.00129053567071, -0.000273313664366, -0.000194362175534, -0.0042011924088, 0.0124391391873, -0.00468590669334, -0.00259387912229, 0.00530440919101, -0.00277805048972, -0.00284229149111, 0.00211847084574], [-0.000647570064757, 0.001748832874, -0.00160764635075, -0.00023603765294, 0.00101111538243, -0.00189975788817, -0.00468590669334, 0.0175056327134, -0.00762757239863, -0.000434190093074, 0.00187995715532, -0.000811666308437, -0.00111982342787], [0.000568491464946, -0.00225138501264, 0.000934824172873, -0.00186611048412, -0.00166284653824, 0.00418301904574, -0.00259387912229, -0.00762757239863, 0.0214077010751, -0.0122220981866, 0.00220576464199, 0.00446270406246, -0.00319027365185], [-0.000993088120595, 0.00306128896773, -0.00181793712545, 0.00193741207477, -0.00139134353958, -0.00368816661648, 0.00530440919101, -0.000434190093074, -0.0122220981866, 0.024817135185, -0.0134703973308, 0.00258298846893, 0.00272539956495], [0.000903800362721, -0.00404491834342, 0.00205296045169, -0.00182369409595, 0.00281073595397, -0.0015564475907, -0.00277805048972, 0.00187995715532, 0.00220576464199, -0.0134703973308, 0.0259997006506, -0.0098810615018, -0.000552650133613], [-0.000741447322071, 0.00326825445518, -0.0028391990345, 9.37742879614e-05, -0.00232931831852, 0.0036418363452, -0.00284229149111, -0.000811666308437, 0.00446270406246, 0.00258298846893, -0.0098810615018, 0.0206121280789, -0.00712775439024], [0.000353155948687, -0.00201707612723, 0.00190936145373, -0.00142221187707, 4.54632281617e-05, -0.0031480344478, 0.00211847084574, -0.00111982342787, -0.00319027365185, 0.00272539956495, -0.000552650133613, -0.00712775439024, 0.0214047748595]]
    },
    "melbands": {
        "mean": [0.00186662538908, 0.00101726851426, 0.00058659008937, 0.000667514803354, 0.000330564682372, 0.000155478715897, 0.000216786807869, 0.000327955611283, 0.000412503082771, 0.000368021777831, 0.000182893592864, 0.000152471329784, 0.000101547091617, 7.31775580789e-05, 9.21432147152e-05, 8.11306308606e-05, 8.88594877324e-05, 6.62273305352e-05, 4.57678906969e-05, 3.93235932279e-05, 5.67417009734e-05, 5.74044061068e-05, 3.02248372464e-05, 2.27707769227e-05, 1.98208217626e-05, 1.40168385769e-05, 1.1869008631e-05, 8.46699003887e-06, 6.32855199001e-06, 7.23436733097e-06, 5.12628503202e-06, 4.39782616013e-06, 4.07693823945e-06, 3.09466918225e-06, 2.50050288741e-06, 2.29099509852e-06, 2.17978777073e-06, 1.97346616915e-06, 1.76149580966e-06, 1.66839095073e-06],
        "stdev": [0.00265019922517, 0.00111691956408, 0.000666030158754, 0.00074146874249, 0.000380410143407, 0.000220849891775, 0.000358665944077, 0.000741771189496, 0.000980333308689, 0.000954595801886, 0.000543628644664, 0.000380548153771, 0.000273405341431, 0.000213327279198, 0.000255838123849, 0.000172608313733, 0.000184310774785, 0.000149347702973, 0.000103324113297, 8.73593235156e-05, 9.90685439319e-05, 9.42434126046e-05, 3.35136028298e-05, 2.44922921411e-05, 2.40462250076e-05, 1.43193246913e-05, 1.2623540897e-05, 8.69875020726e-06, 6.49029516353e-06, 7.40191808291e-06, 5.09815163241e-06, 4.94981668453e-06, 4.9395048336e-06, 3.65687242265e-06, 3.62493938155e-06, 4.04204365623e-06, 5.05013713337e-06, 4.49145272796e-06, 5.11604957865e-06, 5.14579733135e-06]
    },
    "melbands128": {
        "mean": [0.000345510110492, 0.00203252257779, 0.002533828374, 0.00154213840142, 0.000834389647935, 0.000600847590249, 0.000587549700867, 0.000585214525927, 0.000581716012675, 0.000760784372687, 0.000735951354727, 0.000396771822125, 0.000273386453046, 0.00020727046649, 0.000137545765028, 0.000141282624099, 0.000153161017806, 0.000240494933678, 0.000224064162467, 0.00036136226845, 0.000287845556159, 0.000419646588853, 0.00037379359128, 0.000405243306886, 0.000574740290176, 0.000197895118617, 0.000274638441624, 0.000178195958142, 0.000103303056676, 0.000199424423045, 0.000146596357808, 0.000105414896097, 0.000131127671921, 6.34609605186e-05, 6.91480745445e-05, 7.48748207116e-05, 8.66868431331e-05, 8.3771716163e-05, 0.000114646936709, 7.85016236478e-05, 5.49918477191e-05, 0.000108960288344, 9.51381589402e-05, 7.42455667933e-05, 7.49203536543e-05, 5.9672693169e-05, 7.13204499334e-05, 3.39925754815e-05, 4.0116810851e-05, 5.63753383176e-05, 2.94683741231e-05, 3.2407380786e-05, 5.35869039595e-05, 6.15692260908e-05, 8.05259551271e-05, 5.8382498537e-05, 3.43673054886e-05, 4.28425155405e-05, 2.30115074373e-05, 1.90600712813e-05, 2.39209584834e-05, 2.32594320551e-05, 2.35344614339e-05, 1.69767045008e-05, 1.85617336683e-05, 1.3932107322e-05, 1.12016150524e-05, 1.19988353617e-05, 1.17286699606e-05, 1.20297054309e-05, 9.24200048757e-06, 5.98802580498e-06, 6.89229500495e-06, 6.4726959863e-06, 5.47770423509e-06, 7.64306059864e-06, 8.04634146334e-06, 6.20340551905e-06, 4.47150978289e-06, 4.41727434008e-06, 4.1427360884e-06, 4.51697769677e-06, 4.70022314403e-06, 4.03693638873e-06, 3.62157629752e-06, 3.1150786981e-06, 3.03154274661e-06, 2.91121045848e-06, 2.50346352004e-06, 2.20480524149e-06, 1.99218220587e-06, 2.53522944149e-06, 2.33169930652e-06, 2.31461899602e-06, 1.97337385544e-06, 1.86501506505e-06, 2.10051894101e-06, 1.92528204934e-06, 1.72419925093e-06, 1.66563370385e-06, 1.75423849669e-06, 1.75528305135e-06, 1.47721743815e-06, 1.20754464206e-06, 9.0179196377e-07, 7.18496664831e-07, 5.96138704623e-07, 5.06424214564e-07, 4.07585275752e-07, 3.21670569292e-07, 2.32831709468e-07, 1.98165679421e-07, 1.6259326685e-07, 1.16686429408e-07, 9.58018091524e-08, 8.29586213058e-08, 6.39411510406e-08, 2.06356833843e-08, 1.29319799314e-08, 8.42330383222e-09, 4.96362728697e-09, 3.80464237892e-09, 2.37399699898e-09, 1.40631284395e-09, 9.76305924993e-10, 5.95969329442e-10, 2.92753987718e-10, 8.75593694771e-11],
        "stdev": [0.000616320816334, 0.00330880098045, 0.00371645763516, 0.00190537655726, 0.00106812408194, 0.000956152332947, 0.000855490390677, 0.000819971610326, 0.000901614606846, 0.00109799089842, 0.00112174218521, 0.000604509143159, 0.000399393786211, 0.000338638317771, 0.000268107309239, 0.000294218887575, 0.000306259404169, 0.000568564573769, 0.000547370000277, 0.00113184761722, 0.00099164689891, 0.0013033549767, 0.00138582882937, 0.00145391235128, 0.00194824649952, 0.000722015043721, 0.00109523872379, 0.00075293739792, 0.000371182744857, 0.000620321545284, 0.000498498557135, 0.000376803305699, 0.000466393801617, 0.000244223279878, 0.000264164264081, 0.000326006294927, 0.000340776634403, 0.000327201734763, 0.000486687407829, 0.000251178484177, 0.000203630319447, 0.000295671576168, 0.000281779619399, 0.000236114894506, 0.000275238737231, 0.000195068219909, 0.000217122083995, 0.00015567697119, 0.000122759462101, 0.000158676877618, 0.000131895489176, 0.000106815794425, 0.000112775574962, 0.000151215033839, 0.000257180043263, 0.000111849192763, 4.69254846394e-05, 7.12888213457e-05, 3.11031690217e-05, 3.38418249157e-05, 3.35046788678e-05, 3.18353304465e-05, 4.59313559986e-05, 2.71793542197e-05, 2.98760005535e-05, 1.67512680491e-05, 1.74561646418e-05, 1.82965159183e-05, 1.4959064174e-05, 1.72309792106e-05, 1.09254260678e-05, 7.87910994404e-06, 8.33953345136e-06, 8.30927456263e-06, 7.14172392691e-06, 9.22973322304e-06, 1.02383537524e-05, 6.82349991621e-06, 5.23620747117e-06, 5.37376217835e-06, 5.19583454661e-06, 6.25230086371e-06, 6.381210369e-06, 6.09863855061e-06, 4.85538657813e-06, 4.08699725085e-06, 4.12518193116e-06, 4.30504769611e-06, 3.88248599847e-06, 4.13992938775e-06, 3.91940693589e-06, 4.26794758823e-06, 5.30124407305e-06, 5.9506519392e-06, 5.26718622496e-06, 4.44642364528e-06, 4.89388366987e-06, 4.88263049192e-06, 5.56547456654e-06, 5.72257204112e-06, 5.31504474566e-06, 5.5612158576e-06, 5.65902109884e-06, 3.71490091311e-06, 3.63793219549e-06, 2.41066800299e-06, 1.77266156243e-06, 1.06659797439e-06, 9.47448313582e-07, 7.37633968129e-07, 5.30844488367e-07, 4.87744841848e-07, 4.26139621368e-07, 3.14899381237e-07, 3.08018229589e-07, 2.33457143395e-07, 1.84980308404e-07, 9.6272430028e-08, 8.97431249314e-08, 5.32452943958e-08, 3.78101425724e-08, 3.37427756847e-08, 2.28370140576e-08, 1.46371235132e-08, 1.26258603572e-08, 9.65294066901e-09, 7.21347026555e-09, 2.96813262857e-09]
    },
    "mfcc": {
        "mean": [-608.877929688, 104.848472595, -3.09342813492, 21.9733448029, 8.32065296173, 2.00821352005, 0.52128714323, 7.04751014709, 5.05069446564, 1.66849172115, 2.37626504898, 2.3232960701, -3.43693161011],
        "cov": [[4370.49560547, -744.76763916, -65.5625686646, -258.72756958, 5.27636384964, 70.8082885742, 38.9891853333, -19.1420955658, 38.7608985901, 107.383392334, 99.7446746826, 44.7589607239, 9.68429756165], [-744.76763916, 845.124511719, -99.3232650757, 27.8036594391, -25.8613891602, -31.1964530945, -8.50246715546, -3.11084771156, 0.322355180979, -14.421995163, -5.43952894211, 14.4232702255, -6.02976751328], [-65.5625686646, -99.3232650757, 432.591827393, 28.9138736725, 83.8946075439, 24.7536735535, 17.8482456207, 17.5493888855, -1.2115175724, 22.9223690033, -3.12224888802, 13.0325660706, 36.5997123718], [-258.72756958, 27.8036594391, 28.9138736725, 266.033081055, 35.1589279175, -4.44693899155, -20.4019489288, 39.253162384, 16.5578174591, -18.3199043274, 4.10642576218, 3.58022117615, 14.4537935257], [5.27636384964, -25.8613891602, 83.8946075439, 35.1589279175, 158.598999023, 42.328502655, 0.66706097126, -10.2766246796, 21.8730201721, 36.4517211914, -2.86635828018, 4.27048110962, 19.9744625092], [70.8082885742, -31.1964530945, 24.7536735535, -4.44693899155, 42.328502655, 105.200866699, 46.7214431763, 14.8231058121, 9.38469696045, 17.7677249908, 10.3506307602, 6.32325601578, 10.1266183853], [38.9891853333, -8.50246715546, 17.8482456207, -20.4019489288, 0.66706097126, 46.7214431763, 103.368431091, 50.5481910706, 5.96456432343, -1.87736797333, 9.51932621002, 9.50922679901, 0.345489025116], [-19.1420955658, -3.11084771156, 17.5493888855, 39.253162384, -10.2766246796, 14.8231058121, 50.5481910706, 106.615158081, 32.4690551758, -16.5890865326, 5.44578123093, 3.86402058601, -4.14534330368], [38.7608985901, 0.322355180979, -1.2115175724, 16.5578174591, 21.8730201721, 9.38469696045, 5.96456432343, 32.4690551758, 84.3126525879, 47.2856750488, 17.1294879913, 5.75205039978, 3.0750837326], [107.383392334, -14.421995163, 22.9223690033, -18.3199043274, 36.4517211914, 17.7677249908, -1.87736797333, -16.5890865326, 47.2856750488, 108.445236206, 41.5281600952, 14.572760582, 11.6490497589], [99.7446746826, -5.43952894211, -3.12224888802, 4.10642576218, -2.86635828018, 10.3506307602, 9.51932621002, 5.44578123093, 17.1294879913, 41.5281600952, 83.3090667725, 40.7089347839, 4.71143293381], [44.7589607239, 14.4232702255, 13.0325660706, 3.58022117615, 4.27048110962, 6.32325601578, 9.50922679901, 3.86402058601, 5.75205039978, 14.572760582, 40.7089347839, 75.2265930176, 31.0702571869], [9.68429756165, -6.02976751328, 36.5997123718, 14.4537935257, 19.9744625092, 10.1266183853, 0.345489025116, -4.14534330368, 3.0750837326, 11.6490497589, 4.71143293381, 31.0702571869, 70.7575302124]],
        "icov": [[0.000301491352729, 0.000263681111392, 0.000109425382107, 0.000271400815109, -3.65646628779e-05, -7.98074688646e-05, 3.56893069693e-05, -5.16857799084e-05, -4.65526827611e-05, -9.21919563552e-05, -0.000246936484473, -8.22752190288e-05, -4.25214420829e-05], [0.000263681111392, 0.00147808063775, 0.000377254618797, 3.90010827687e-05, 1.74212573256e-06, 0.000265312410193, -0.000149408748257, 8.60429208842e-05, -0.000112625682959, -0.000109163411253, 0.000145302939927, -0.000622347055469, 0.000140542702866], [0.000109425382107, 0.000377254618797, 0.00287998304702, 4.25432654083e-06, -0.00143177842256, 0.00030114519177, -0.000181182520464, -0.00114661024418, 0.00131286156829, -0.0010012491839, 0.000395716982894, -0.000203061470529, -0.00100798951462], [0.000271400815109, 3.90010827687e-05, 4.25432654083e-06, 0.00500805629417, -0.001493387972, -2.14826486626e-05, 0.00236641475931, -0.00267712213099, -0.000399159500375, 0.00157277553808, -0.00166109623387, 0.000644153857138, -0.00121660612058], [-3.65646628779e-05, 1.74212573256e-06, -0.00143177842256, -0.001493387972, 0.00933459680527, -0.00356555962935, 0.000404766411521, 0.0020715680439, -0.00178153044544, -0.00216661836021, 0.00242776004598, -0.000639276695438, -0.000401440047426], [-7.98074688646e-05, 0.000265312410193, 0.00030114519177, -2.14826486626e-05, -0.00356555962935, 0.0141767086461, -0.00668056542054, 0.000550618977286, 0.000312044372549, -0.000805131625384, -0.00114844820928, 0.00108649104368, -0.00135699124075], [3.56893069693e-05, -0.000149408748257, -0.000181182520464, 0.00236641475931, 0.000404766411521, -0.00668056542054, 0.0176310241222, -0.00921607855707, 0.00307309278287, -0.000848728697747, -0.000304361776216, -0.00137823005207, 0.000440168718342], [-5.16857799084e-05, 8.60429208842e-05, -0.00114661024418, -0.00267712213099, 0.0020715680439, 0.000550618977286, -0.00921607855707, 0.0194200929254, -0.0105070164427, 0.00689368741587, -0.00148867839016, 0.000202146882657, 0.00100555061363], [-4.65526827611e-05, -0.000112625682959, 0.00131286156829, -0.000399159500375, -0.00178153044544, 0.000312044372549, 0.00307309278287, -0.0105070164427, 0.0225039087236, -0.0117955990136, 0.00181770022027, -0.000465659191832, 0.000274306803476], [-9.21919563552e-05, -0.000109163411253, -0.0010012491839, 0.00157277553808, -0.00216661836021, -0.000805131625384, -0.000848728697747, 0.00689368741587, -0.0117955990136, 0.0202368572354, -0.00939094182104, 0.00309856422246, -0.00221952935681], [-0.000246936484473, 0.000145302939927, 0.000395716982894, -0.00166109623387, 0.00242776004598, -0.00114844820928, -0.000304361776216, -0.00148867839016, 0.00181770022027, -0.00939094182104, 0.0229558087885, -0.0126280868426, 0.00505774375051], [-8.22752190288e-05, -0.000622347055469, -0.000203061470529, 0.000644153857138, -0.000639276695438, 0.00108649104368, -0.00137823005207, 0.000202146882657, -0.000465659191832, 0.00309856422246, -0.0126280868426, 0.0240754783154, -0.0102455774322], [-4.25214420829e-05, 0.000140542702866, -0.00100798951462, -0.00121660612058, -0.000401440047426, -0.00135699124075, 0.000440168718342, 0.00100555061363, 0.000274306803476, -0.00221952935681, 0.00505774375051, -0.0102455774322, 0.019800407812]]
    },
    "spectral_contrast_coeffs": {
        "mean": [-0.734712123871, -0.755690932274, -0.760931968689, -0.773992180824, -0.78362262249, -0.766863167286],
        "stdev": [0.0700908750296, 0.0761970952153, 0.0640611276031, 0.0507918000221, 0.032627556473, 0.0351935252547]
    },
    "spectral_contrast_valleys": {
        "mean": [-6.48650217056, -6.57781600952, -7.2294049263, -7.35856389999, -7.14509630203, -9.67047405243],
        "stdev": [0.805718302727, 0.809080660343, 0.829278707504, 0.862912416458, 0.895624995232, 1.06521737576]
    }
},
"rhythm": {
    "beats_count": 852,
    "beats_loudness": {
        "mean": 0.0325340218842,
        "stdev": 0.0168057437986
    },
    "bpm": 151.671798706,
    "bpm_histogram_first_peak_bpm": 152,
    "bpm_histogram_first_peak_weight": 0.433395862579,
    "bpm_histogram_second_peak_bpm": 157,
    "bpm_histogram_second_peak_spread": 0.302904605865,
    "bpm_histogram_second_peak_weight": 0.197414800525,
    "danceability": 1.07664716244,
    "onset_rate": 3.1382291317,
    "beats_loudness_band_ratio": {
        "mean": [0.374537140131, 0.150181382895, 0.190835371614, 0.130291968584, 0.119077533484, 0.069773286581],
        "stdev": [0.231509923935, 0.12012809515, 0.158783167601, 0.124580420554, 0.0980260744691, 0.0512122735381]
    },
    "beats_position": [0.417959183455, 0.847528338432, 1.26548755169, 1.69505667686, 2.12462592125, 2.55419492722, 2.99537420273, 3.42494320869, 3.85451245308, 4.27247142792, 4.69043064117, 5.10838985443, 5.52634906769, 5.95591831207, 6.37387752533, 6.80344676971, 7.22140598297, 7.6277551651, 8.03410434723, 8.45206356049, 8.87002277374, 9.27637195587, 9.69433116913, 10.1122903824, 10.5186395645, 10.9249887466, 11.3313379288, 11.7376871109, 12.144036293, 12.5619955063, 12.9799547195, 13.3746938705, 13.7694330215, 14.1641721725, 14.5705213547, 14.9768705368, 15.3716096878, 15.7663488388, 16.1610889435, 16.5674381256, 16.9737873077, 17.3685264587, 17.7632656097, 18.1580047607, 18.5643539429, 18.970703125, 19.365442276, 19.760181427, 20.1665306091, 20.5728797913, 20.9792289734, 21.3855781555, 21.7919273376, 22.1982765198, 22.5930156708, 22.9877548218, 23.3941040039, 23.800453186, 24.195192337, 24.6015415192, 25.0078907013, 25.4026298523, 25.7857589722, 26.168888092, 26.563627243, 26.958366394, 27.353105545, 27.747844696, 28.142583847, 28.5489330292, 28.9552822113, 29.3732414246, 29.7679805756, 30.1511096954, 30.5342407227, 30.9173698425, 31.3237190247, 31.7416782379, 32.1480255127, 32.5543746948, 32.9491157532, 33.3438529968, 33.7385940552, 34.1449432373, 34.539680481, 34.9460296631, 35.3523788452, 35.7587280273, 36.1534690857, 36.5482063293, 36.9429473877, 37.3376846313, 37.7440338135, 38.1503829956, 38.5567321777, 38.9630813599, 39.3578224182, 39.7757797241, 40.1705207825, 40.5652618408, 40.9716110229, 41.3663482666, 41.761089325, 42.1674385071, 42.5737876892, 42.9801368713, 43.374874115, 43.7696151733, 44.1875724792, 44.5939216614, 45.0002708435, 45.3950119019, 45.8129692078, 46.2077102661, 46.6140594482, 47.0204086304, 47.4267578125, 47.8331069946, 48.2394561768, 48.6458053589, 49.0405426025, 49.4352836609, 49.8300209045, 50.2247619629, 50.631111145, 51.0374603271, 51.4438095093, 51.8501586914, 52.2448959351, 52.6512451172, 53.0459861755, 53.4523353577, 53.8586845398, 54.2650337219, 54.6713829041, 55.0777320862, 55.4724693298, 55.8672103882, 56.2619476318, 56.668296814, 57.0630378723, 57.457775116, 57.8409042358, 58.2356452942, 58.6303825378, 59.03673172, 59.4430847168, 59.8378219604, 60.2441711426, 60.6273002625, 61.0220413208, 61.4051704407, 61.7882995605, 62.1830368042, 62.5661659241, 62.9492950439, 63.3440361023, 63.7387733459, 64.1451263428, 64.5514755249, 64.957824707, 65.3641738892, 65.7705230713, 66.1768722534, 66.5716094971, 66.9663467407, 67.3726959229, 67.779045105, 68.1737823486, 68.5801315308, 68.9864807129, 69.3812255859, 69.7875747681, 70.1939239502, 70.6118774414, 71.029838562, 71.4477996826, 71.8541488647, 72.2604980469, 72.6784591675, 73.0731964111, 73.4795455933, 73.8858947754, 74.303855896, 74.6985931396, 75.0933303833, 75.488067627, 75.8828125, 76.2891616821, 76.6955108643, 77.1018600464, 77.5082092285, 77.9145584106, 78.3209075928, 78.7272567749, 79.133605957, 79.5399551392, 79.9463043213, 80.3526535034, 80.7590026855, 81.1537399292, 81.5600891113, 81.9664382935, 82.3611755371, 82.7675247192, 83.1738739014, 83.5686187744, 83.9633560181, 84.3464813232, 84.7412261963, 85.1359634399, 85.5423126221, 85.9370498657, 86.3317871094, 86.7381362915, 87.1444854736, 87.5624465942, 87.9687957764, 88.36353302, 88.7582778931, 89.1646270752, 89.5593643188, 89.965713501, 90.3720626831, 90.7667999268, 91.1615371704, 91.5678863525, 91.9742355347, 92.3805847168, 92.7869338989, 93.1932830811, 93.5996322632, 93.9943771362, 94.4007263184, 94.8070755005, 95.2134246826, 95.6197738647, 96.0145111084, 96.4092483521, 96.8039855957, 97.2103347778, 97.61668396, 98.0230331421, 98.4293823242, 98.8241271973, 99.2304763794, 99.6368255615, 100.043174744, 100.449523926, 100.867477417, 101.273826599, 101.680175781, 102.074920654, 102.469657898, 102.87600708, 103.282356262, 103.677093506, 104.071838379, 104.466575623, 104.861312866, 105.267662048, 105.67401123, 106.080360413, 106.486709595, 106.904670715, 107.311019897, 107.71736908, 108.112106323, 108.518455505, 108.924804688, 109.33115387, 109.737503052, 110.143852234, 110.538589478, 110.933334351, 111.316459656, 111.711196899, 112.105941772, 112.500679016, 112.89541626, 113.290153503, 113.684898376, 114.07963562, 114.474372864, 114.869110107, 115.26385498, 115.658592224, 116.041717529, 116.424850464, 116.819587708, 117.214332581, 117.609069824, 118.003807068, 118.375328064, 118.770065308, 119.17641449, 119.582763672, 119.977500916, 120.372245789, 120.778594971, 121.184944153, 121.579681396, 121.97441864, 122.369155884, 122.775505066, 123.181854248, 123.576599121, 123.971336365, 124.366073608, 124.772422791, 125.178771973, 125.596733093, 126.003082275, 126.409431458, 126.81578064, 127.222129822, 127.628479004, 128.034820557, 128.441177368, 128.835922241, 129.242263794, 129.637008667, 130.031738281, 130.414871216, 130.821228027, 131.215957642, 131.610702515, 132.017044067, 132.423400879, 132.818145752, 133.224487305, 133.630844116, 134.037185669, 134.44354248, 134.849884033, 135.256240845, 135.662582397, 136.068939209, 136.463668823, 136.858413696, 137.253143311, 137.647888184, 138.042633057, 138.437362671, 138.843719482, 139.250061035, 139.644805908, 140.062759399, 140.457504272, 140.852249146, 141.24697876, 141.641723633, 142.036453247, 142.43119812, 142.825942993, 143.220672607, 143.627029419, 144.033370972, 144.428115845, 144.822860718, 145.205978394, 145.589111328, 145.983856201, 146.378585815, 146.773330688, 147.156463623, 147.551193237, 147.957550049, 148.363891602, 148.770248413, 149.164993286, 149.5597229, 149.942855835, 150.32598877, 150.720718384, 151.103851318, 151.486984253, 151.881713867, 152.264846802, 152.647979736, 153.042724609, 153.437454224, 153.832199097, 154.226928711, 154.621673584, 155.016418457, 155.399536133, 155.782669067, 156.165802002, 156.548934937, 156.932067871, 157.315185547, 157.70993042, 158.093063354, 158.47618103, 158.870925903, 159.277282715, 159.683624268, 160.089981079, 160.496322632, 160.891067505, 161.285797119, 161.680541992, 162.063674927, 162.446792603, 162.829925537, 163.213058472, 163.596191406, 163.990921021, 164.374053955, 164.768798828, 165.175140381, 165.581497192, 165.999450684, 166.405807495, 166.812149048, 167.206893921, 167.601623535, 167.996368408, 168.391113281, 168.785842896, 169.192199707, 169.59854126, 170.004898071, 170.411239624, 170.817596436, 171.223937988, 171.6302948, 172.036636353, 172.442993164, 172.849334717, 173.255691528, 173.662033081, 174.080001831, 174.486343384, 174.892700195, 175.299041748, 175.70539856, 176.100128174, 176.506484985, 176.912826538, 177.31918335, 177.725524902, 178.120269775, 178.526611328, 178.921356201, 179.316101074, 179.722442627, 180.1171875, 180.511917114, 180.918273926, 181.324615479, 181.719360352, 182.114105225, 182.508834839, 182.91519165, 183.321533203, 183.716278076, 184.122619629, 184.52897644, 184.923721313, 185.318450928, 185.724807739, 186.131149292, 186.537506104, 186.943847656, 187.326980591, 187.721725464, 188.116455078, 188.511199951, 188.894332886, 189.2890625, 189.672195435, 190.055328369, 190.426849365, 190.798370361, 191.193099976, 191.564620972, 191.936141968, 192.307662964, 192.690795898, 193.073913574, 193.468658447, 193.86340332, 194.258132935, 194.641265869, 195.047622681, 195.453964233, 195.860321045, 196.255050659, 196.649795532, 197.044525146, 197.43927002, 197.834014893, 198.228744507, 198.62348938, 199.018234253, 199.412963867, 199.80770874, 200.214050293, 200.620407104, 201.026748657, 201.433105469, 201.85105896, 202.245803833, 202.640533447, 203.03527832, 203.430023193, 203.824752808, 204.207885742, 204.591018677, 204.974151611, 205.357269287, 205.75201416, 206.146759033, 206.553100586, 206.959457397, 207.36579895, 207.772155762, 208.166885376, 208.561630249, 208.956375122, 209.351104736, 209.745849609, 210.140579224, 210.535324097, 210.93006897, 211.324798584, 211.719543457, 212.11428833, 212.509017944, 212.926986694, 213.333328247, 213.739685059, 214.134414673, 214.529159546, 214.92388916, 215.318634033, 215.701766968, 216.084899902, 216.479629517, 216.87437439, 217.269119263, 217.663848877, 218.046981812, 218.430114746, 218.82484436, 219.219589233, 219.625930786, 220.020675659, 220.415420532, 220.810150146, 221.216506958, 221.611236572, 222.005981445, 222.400726318, 222.807067871, 223.213424683, 223.608154297, 224.00289917, 224.397644043, 224.792373657, 225.18711853, 225.581848145, 225.988204956, 226.394546509, 226.789291382, 227.184036255, 227.578765869, 227.973510742, 228.368255615, 228.762985229, 229.157730103, 229.552474976, 229.94720459, 230.330337524, 230.725082397, 231.108200073, 231.502944946, 231.897689819, 232.304031372, 232.710388184, 233.105117798, 233.499862671, 233.894592285, 234.289337158, 234.684082031, 235.078811646, 235.473556519, 235.868301392, 236.263031006, 236.657775879, 237.052505493, 237.447250366, 237.841995239, 238.236724854, 238.631469727, 239.0262146, 239.420944214, 239.815689087, 240.21043396, 240.605163574, 240.999908447, 241.394638062, 241.789382935, 242.172515869, 242.555648804, 242.938766479, 243.321899414, 243.705032349, 244.088165283, 244.471282959, 244.854415894, 245.249160767, 245.643890381, 246.038635254, 246.433380127, 246.828109741, 247.222854614, 247.605987549, 247.989105225, 248.383850098, 248.778594971, 249.173324585, 249.568069458, 249.939590454, 250.322723389, 250.694229126, 251.077362061, 251.460494995, 251.84362793, 252.226745605, 252.60987854, 252.993011475, 253.376144409, 253.747665405, 254.119186401, 254.490692139, 254.862213135, 255.222122192, 255.58203125, 255.953552246, 256.336669922, 256.719818115, 257.114562988, 257.509277344, 257.904022217, 258.29876709, 258.693511963, 259.076629639, 259.459777832, 259.854522705, 260.237640381, 260.620758057, 261.00390625, 261.387023926, 261.770141602, 262.164886475, 262.548034668, 262.931152344, 263.325897217, 263.709014893, 264.103759766, 264.486877441, 264.870025635, 265.264770508, 265.659484863, 266.042633057, 266.425750732, 266.808898926, 267.192016602, 267.575134277, 267.958282471, 268.329803467, 268.712921143, 269.096038818, 269.490783691, 269.873931885, 270.257049561, 270.651794434, 271.046539307, 271.441253662, 271.824401855, 272.207519531, 272.590667725, 272.9737854, 273.356903076, 273.74005127, 274.134765625, 274.517913818, 274.901031494, 275.284179688, 275.667297363, 276.062042236, 276.445159912, 276.828308105, 277.223022461, 277.606170654, 277.98928833, 278.372406006, 278.755554199, 279.138671875, 279.498596191, 279.85848999, 280.230010986, 280.589935303, 280.973052979, 281.356170654, 281.72769165, 282.110839844, 282.49395752, 282.877105713, 283.260223389, 283.643341064, 284.026489258, 284.409606934, 284.792724609, 285.175872803, 285.558990479, 285.930511475, 286.302032471, 286.685150146, 287.06829834, 287.439819336, 287.811340332, 288.194458008, 288.577606201, 288.960723877, 289.343841553, 289.726989746, 290.110107422, 290.481628418, 290.853149414, 291.22467041, 291.596191406, 291.956085205, 292.316009521, 292.67590332, 293.047424316, 293.418945312, 293.790466309, 294.173614502, 294.568328857, 294.951477051, 295.334594727, 295.706115723, 296.077636719, 296.460754395, 296.843902588, 297.215423584, 297.58694458, 297.958465576, 298.329986572, 298.701477051, 299.072998047, 299.444519043, 299.816040039, 300.199188232, 300.582305908, 300.965423584, 301.348571777, 301.720092773, 302.09161377, 302.463134766, 302.846252441, 303.229370117, 303.600891113, 303.972412109, 304.343933105, 304.715454102, 305.086975098, 305.458496094, 305.83001709, 306.201538086, 306.584655762, 306.967803955, 307.350921631, 307.734039307, 308.105560303, 308.488708496, 308.871826172, 309.243347168, 309.614868164, 309.98638916, 310.357910156, 310.729431152, 311.100952148, 311.484069824, 311.867218018, 312.238739014, 312.610229492, 312.981750488, 313.364898682, 313.748016357, 314.119537354, 314.49105835, 314.862579346, 315.245697021, 315.628845215, 316.000366211, 316.371887207, 316.743408203, 317.114929199, 317.498046875, 317.881164551, 318.252685547, 318.624206543, 319.007354736, 319.390472412, 319.761993408, 320.133514404, 320.5050354, 320.876556396, 321.248077393, 321.619598389, 321.991119385, 322.374237061, 322.757354736, 323.128875732, 323.512023926, 323.895141602, 324.278259277, 324.661407471, 325.032928467, 325.404449463, 325.799163818, 326.193908691, 326.600280762, 327.134338379, 327.679992676, 328.214050293, 328.74810791, 329.270568848, 329.792999268, 330.327056885, 330.861114502, 331.395172119, 331.929260254, 332.463317871, 333.020568848, 333.577850342, 334.135131836, 334.750457764, 335.389007568, 336.015960693, 336.642883301, 337.246612549, 337.90838623, 338.570159912, 339.220306396, 339.882080078, 340.54385376],
