{
"metadata": {
    "version": {
        "essentia": "2.1-dev",
        "essentia_git_sha": "v2.1_beta3-415-gd5473f3",
        "extractor": "music 2.0"
    },
    "audio_properties": {
        "analysis": {
            "equal_loudness": 0,
            "length": 131.3959198,
            "sample_rate": 44100,
            "start_time": 0,
            "downmix": "mix"
        },
        "bit_rate": 192000,
        "length": 131.3959198,
        "lossless": 0,
        "number_channels": 2,
        "replay_gain": -9.84275245667,
        "sample_rate": 44100,
        "codec": "mp3",
        "md5_encoded": "f5c098e9e86731825c1c826ce8ab6488"
    },
    "tags": {
        "file_name": "presidents_of_the_united_states_of_america-lump.mp3",
        "genre": ["Other"]
    }
},
"lowlevel": {
    "average_loudness": 0.974116325378,
    "barkbands_crest": {
        "mean": 8.94028091431,
        "stdev": 4.03024196625
    },
    "barkbands_flatness_db": {
        "mean": 0.106939554214,
        "stdev": 0.0411683358252
    },
    "barkbands_kurtosis": {
        "mean": 1.33561778069,
        "stdev": 5.02777957916
    },
    "barkbands_skewness": {
        "mean": 0.918749570847,
        "stdev": 1.11326682568
    },
    "barkbands_spread": {
        "mean": 33.2268371582,
        "stdev": 16.6878356934
    },
    "dissonance": {
        "mean": 0.478455930948,
        "stdev": 0.0208376627415
    },
    "dynamic_complexity": 1.84967696667,
    "erbbands_crest": {
        "mean": 7.88135719299,
        "stdev": 4.36113834381
    },
    "erbbands_flatness_db": {
        "mean": 0.142224028707,
        "stdev": 0.0389195270836
    },
    "erbbands_kurtosis": {
        "mean": 0.718162357807,
        "stdev": 2.76473331451
    },
    "erbbands_skewness": {
        "mean": -0.224989101291,
        "stdev": 0.736046731472
    },
    "erbbands_spread": {
        "mean": 37.7827186584,
        "stdev": 16.7097492218
    },
    "hfc": {
        "mean": 35.2336502075,
        "stdev": 32.9542007446
    },
    "loudness_ebu128": {
        "integrated": -12.6819915771,
        "loudness_range": 2.03210639954,
        "momentary": {
            "mean": -12.8378982544,
            "stdev": 1.21468222141
        },
        "short_term": {
            "mean": -12.7306613922,
            "stdev": 0.745978236198
        }
    },
    "melbands_crest": {
        "mean": 13.4751214981,
        "stdev": 5.04138469696
    },
    "melbands_flatness_db": {
        "mean": 0.156187027693,
        "stdev": 0.0577342696488
    },
    "melbands_kurtosis": {
        "mean": 8.34755420685,
        "stdev": 12.5100288391
    },
    "melbands_skewness": {
        "mean": 2.27617502213,
        "stdev": 1.48708224297
    },
    "melbands_spread": {
        "mean": 38.8801116943,
        "stdev": 30.7721195221
    },
    "pitch_salience": {
        "mean": 0.560382127762,
        "stdev": 0.116467021406
    },
    "silence_rate_20dB": {
        "mean": 1,
        "stdev": 0
    },
    "silence_rate_30dB": {
        "mean": 1,
        "stdev": 0
    },
    "silence_rate_60dB": {
        "mean": 0.0220848061144,
        "stdev": 0.146961286664
    },
    "spectral_centroid": {
        "mean": 1862.87207031,
        "stdev": 748.94329834
    },
    "spectral_complexity": {
        "mean": 28.483215332,
        "stdev": 12.2189788818
    },
    "spectral_decrease": {
        "mean": -7.08439307218e-09,
        "stdev": 4.18959800186e-09
    },
    "spectral_energy": {
        "mean": 0.029933873564,
        "stdev": 0.0166543442756
    },
    "spectral_energyband_high": {
        "mean": 0.00215725926682,
        "stdev": 0.00370717374608
    },
    "spectral_energyband_low": {
        "mean": 0.0117446966469,
        "stdev": 0.0122941080481
    },
    "spectral_energyband_middle_high": {
        "mean": 0.0083745252341,
        "stdev": 0.00645682495087
    },
    "spectral_energyband_middle_low": {
        "mean": 0.00890774000436,
        "stdev": 0.00718237040564
    },
    "spectral_entropy": {
        "mean": 7.89691305161,
        "stdev": 0.353151112795
    },
    "spectral_flux": {
        "mean": 0.098186865449,
        "stdev": 0.0423285476863
    },
    "spectral_kurtosis": {
        "mean": 3.59851241112,
        "stdev": 2.35738992691
    },
    "spectral_rms": {
        "mean": 0.00517787318677,
        "stdev": 0.00154709850904
    },
    "spectral_rolloff": {
        "mean": 2429.88769531,
        "stdev": 2164.23046875
    },
    "spectral_skewness": {
        "mean": 1.38280761242,
        "stdev": 0.384699523449
    },
    "spectral_spread": {
        "mean": 4881689,
        "stdev": 1800216.125
    },
    "spectral_strongpeak": {
        "mean": 0.861812412739,
        "stdev": 1.28667581081
    },
    "zerocrossingrate": {
        "mean": 0.0858080983162,
        "stdev": 0.0568692088127
    },
    "barkbands": {
        "mean": [0.000166390193044, 0.00665347417817, 0.00380169064738, 0.00166191870812, 0.00226352922618, 0.00204940931872, 0.000563132751267, 0.000509813253302, 0.00161560648121, 0.0007249477203, 0.00098932988476, 0.000940849015024, 0.00121409585699, 0.000819345586933, 0.000879895291291, 0.000867742521223, 0.000582908745855, 0.000714835769031, 0.000498425564729, 0.000450655439636, 0.000359069381375, 0.000346708140569, 0.000342518556863, 0.000542390916962, 0.000281913584331, 8.99313017726e-05, 3.3931944472e-06],
        "stdev": [0.000344404019415, 0.00882093980908, 0.00487036956474, 0.00185654126108, 0.00263807806186, 0.00341018289328, 0.00122434995137, 0.000855642312672, 0.00298833940178, 0.00134967349004, 0.00160538498312, 0.00149462197442, 0.00225987634622, 0.00143522373401, 0.00142829760443, 0.0011748583056, 0.000734301051125, 0.000696879578754, 0.000545725517441, 0.000481250724988, 0.000556838756893, 0.000798710796516, 0.000690575165208, 0.00146707869135, 0.000801259477157, 0.000319243059494, 1.67100461113e-05]
    },
    "erbbands": {
        "mean": [0.126648038626, 1.70067739487, 4.34239912033, 5.8989815712, 5.39387083054, 7.57302331924, 15.659072876, 15.2317800522, 6.42416858673, 11.5563621521, 13.7043094635, 38.4792404175, 30.4643993378, 25.9083366394, 44.9471549988, 36.4318313599, 53.7813529968, 46.8442459106, 47.9735527039, 44.9369163513, 45.5489959717, 34.2242889404, 38.3960456848, 29.0350990295, 26.0685596466, 21.6751747131, 14.2200603485, 14.260725975, 12.4470777512, 10.8421192169, 9.72029685974, 9.35454368591, 9.83761501312, 4.21414709091, 1.46403217316, 0.524613320827, 0.143946826458, 0.0186247006059, 0.000459365866845, 5.76048878429e-05],
        "stdev": [0.163795992732, 2.29414248466, 5.53402900696, 6.52247190475, 6.34583282471, 10.5383052826, 27.1697750092, 24.959482193, 9.95468425751, 24.6203346252, 21.8664398193, 74.7965164185, 53.1220741272, 38.3655052185, 72.5957717896, 50.48387146, 101.354400635, 74.3091201782, 80.1997909546, 56.3889160156, 56.725566864, 39.4290122986, 38.0696296692, 29.8640727997, 27.5098438263, 23.3253078461, 18.8686237335, 26.7918586731, 29.6628227234, 21.3525676727, 20.4207763672, 23.439704895, 28.1576423645, 11.8674516678, 4.53503131866, 1.65952849388, 0.611459136009, 0.0814563855529, 0.00183163571637, 7.42157790228e-05]
    },
    "gfcc": {
        "mean": [36.4342384338, 71.8204421997, -125.028511047, 40.9434738159, -51.5616760254, 27.2365207672, -41.6621360779, 14.5452833176, -29.1948547363, -0.407516986132, -15.3267602921, -1.34790861607, -9.39674091339],
        "cov": [[3468.90576172, -504.530975342, -82.8578948975, 260.638092041, -269.571807861, 171.574676514, -92.1786727905, 75.3403015137, -27.0686798096, 27.6252098083, -100.787208557, 55.5122489929, -17.5976390839], [-504.530975342, 1576.51159668, -296.360717773, -122.403182983, 452.698364258, -93.9036407471, 192.686340332, -16.3788204193, 56.328502655, -73.7198181152, 121.496620178, -129.546936035, 42.7063522339], [-82.8578948975, -296.360717773, 575.089355469, 140.449203491, 28.9763050079, 93.3009796143, -51.7952270508, 27.1911392212, 20.6273517609, 24.9522438049, -49.3782348633, 69.1648025513, -37.8898086548], [260.638092041, -122.403182983, 140.449203491, 298.122741699, 52.1859321594, 44.8172683716, 22.1948070526, 14.5714559555, 29.5328178406, 6.09186267853, -32.3081054688, 36.2539825439, -8.41633224487], [-269.571807861, 452.698364258, 28.9763050079, 52.1859321594, 350.544616699, 65.68019104, 111.055274963, 33.7744178772, 40.2504043579, -3.62015604973, 39.261390686, -30.3542613983, -0.188453346491], [171.574676514, -93.9036407471, 93.3009796143, 44.8172683716, 65.68019104, 210.460754395, 91.3271255493, 40.7170143127, 10.879904747, 14.0184812546, 6.41868162155, -7.0553984642, -26.7549648285], [-92.1786727905, 192.686340332, -51.7952270508, 22.1948070526, 111.055274963, 91.3271255493, 198.827957153, 45.4075241089, 18.1706638336, 7.06795167923, 23.1540927887, -23.5811977386, -20.9050254822], [75.3403015137, -16.3788204193, 27.1911392212, 14.5714559555, 33.7744178772, 40.7170143127, 45.4075241089, 104.756072998, 50.1824645996, 22.4670543671, -1.06595218182, 1.36277091503, 6.02895545959], [-27.0686798096, 56.328502655, 20.6273517609, 29.5328178406, 40.2504043579, 10.879904747, 18.1706638336, 50.1824645996, 90.2048492432, 27.6948299408, 3.10908842087, 2.24474072456, 10.8721895218], [27.6252098083, -73.7198181152, 24.9522438049, 6.09186267853, -3.62015604973, 14.0184812546, 7.06795167923, 22.4670543671, 27.6948299408, 77.2506103516, 20.4620418549, 20.9864635468, 2.60267615318], [-100.787208557, 121.496620178, -49.3782348633, -32.3081054688, 39.261390686, 6.41868162155, 23.1540927887, -1.06595218182, 3.10908842087, 20.4620418549, 96.7108154297, 15.4278497696, 13.0131244659], [55.5122489929, -129.546936035, 69.1648025513, 36.2539825439, -30.3542613983, -7.0553984642, -23.5811977386, 1.36277091503, 2.24474072456, 20.9864635468, 15.4278497696, 83.7103424072, 19.8758029938], [-17.5976390839, 42.7063522339, -37.8898086548, -8.41633224487, -0.188453346491, -26.7549648285, -20.9050254822, 6.02895545959, 10.8721895218, 2.60267615318, 13.0131244659, 19.8758029938, 59.9348831177]],
        "icov": [[0.000487758137751, -0.000341461156495, 0.000490291335154, -0.000667613581754, 0.000643486098852, -0.00103708147071, 0.000931904825848, -0.000890624942258, 0.000682680692989, -0.000460567709524, 0.000652998045553, -0.000696754606906, 0.000541868852451], [-0.000341461156495, 0.0024130162783, -0.000331669201842, 0.00115680706222, -0.00272457068786, 0.00263038091362, -0.0023699963931, 0.00201981072314, -0.00208656745963, 0.00214593135752, -0.00220792461187, 0.00262827565894, -0.00183795182966], [0.000490291335154, -0.000331669201842, 0.00353069370613, -0.00121384987142, -0.000218921908527, -0.0024850089103, 0.00284215039574, -0.00152895541396, 0.000493604748044, -0.000778912857641, 0.00218956405297, -0.00366533966735, 0.00316140335053], [-0.000667613581754, 0.00115680706222, -0.00121384987142, 0.0056022061035, -0.00229310803115, 0.00159617990721, -0.00242542964406, 0.00249927118421, -0.00293253734708, 0.00155337713659, 0.000538663065527, -0.000839182292111, -0.000767201185226], [0.000643486098852, -0.00272457068786, -0.000218921908527, -0.00229310803115, 0.00754406070337, -0.00335662811995, 0.000887812348083, -0.00232590944506, 0.0011964921141, -0.00140359881334, 0.000404410675401, -0.000652160088066, 0.00071123521775], [-0.00103708147071, 0.00263038091362, -0.0024850089103, 0.00159617990721, -0.00335662811995, 0.0111621059477, -0.00653980812058, 0.00154160510283, -0.00170209037606, 0.00194834754802, -0.00380855053663, 0.00458187330514, -0.00145790504757], [0.000931904825848, -0.0023699963931, 0.00284215039574, -0.00242542964406, 0.000887812348083, -0.00653980812058, 0.0123831126839, -0.00578411342576, 0.00309599540196, -0.00240586488508, 0.00182177871466, -0.00339357787743, 0.0056756506674], [-0.000890624942258, 0.00201981072314, -0.00152895541396, 0.00249927118421, -0.00232590944506, 0.00154160510283, -0.00578411342576, 0.0179198011756, -0.00962007418275, 0.00053544115508, -0.000599662424065, 0.00255361176096, -0.00445033237338], [0.000682680692989, -0.00208656745963, 0.000493604748044, -0.00293253734708, 0.0011964921141, -0.00170209037606, 0.00309599540196, -0.00962007418275, 0.0199860800058, -0.00690548494458, 0.002398354467, -0.000561715045478, -0.00078107509762], [-0.000460567709524, 0.00214593135752, -0.000778912857641, 0.00155337713659, -0.00140359881334, 0.00194834754802, -0.00240586488508, 0.00053544115508, -0.00690548494458, 0.0191954933107, -0.00571369798854, -0.00101529515814, 3.00772499031e-05], [0.000652998045553, -0.00220792461187, 0.00218956405297, 0.000538663065527, 0.000404410675401, -0.00380855053663, 0.00182177871466, -0.000599662424065, 0.002398354467, -0.00571369798854, 0.0169531721622, -0.00749974418432, 0.000840960012283], [-0.000696754606906, 0.00262827565894, -0.00366533966735, -0.000839182292111, -0.000652160088066, 0.00458187330514, -0.00339357787743, 0.00255361176096, -0.000561715045478, -0.00101529515814, -0.00749974418432, 0.0229883398861, -0.00975871924311], [0.000541868852451, -0.00183795182966, 0.00316140335053, -0.000767201185226, 0.00071123521775, -0.00145790504757, 0.0056756506674, -0.00445033237338, -0.00078107509762, 3.00772499031e-05, 0.000840960012283, -0.00975871924311, 0.0250170957297]]
    },
    "melbands": {
        "mean": [0.00153639877681, 0.00240459572524, 0.00099292898085, 0.00044351813267, 0.000512213795446, 0.000345105625456, 0.000103160287836, 0.000124052836327, 0.000114318390843, 0.000256258615991, 0.000147452243255, 9.901120211e-05, 0.00014228503278, 0.000119049924251, 8.37908592075e-05, 0.000137066890602, 7.69572870922e-05, 7.74465443101e-05, 6.34429525235e-05, 5.98457845626e-05, 5.10473983013e-05, 3.5428085539e-05, 3.35568875016e-05, 3.36522462021e-05, 2.21702957788e-05, 1.92218867596e-05, 1.83502088476e-05, 1.31032638819e-05, 8.51106415212e-06, 8.89184138941e-06, 8.00725592853e-06, 7.07988738213e-06, 6.45383852316e-06, 5.95479241383e-06, 5.72307453695e-06, 5.18534397997e-06, 5.87807653574e-06, 7.22401318853e-06, 5.85120596952e-06, 2.77607227872e-06],
        "stdev": [0.00199556094594, 0.00288332183845, 0.000988320098259, 0.00053706986364, 0.000790575286373, 0.00055456685368, 0.000176000394276, 0.000240386871155, 0.000202760667889, 0.000495958549436, 0.000268626608886, 0.00015637735487, 0.000224570278078, 0.000206496959436, 0.000121270895761, 0.000273141195066, 0.000140853517223, 0.000139759999001, 9.90135886241e-05, 9.14027332328e-05, 6.72475944157e-05, 4.64174627268e-05, 3.6737692426e-05, 3.47771638189e-05, 2.49571094173e-05, 2.28928329307e-05, 1.96054734261e-05, 1.51805506903e-05, 1.18205662147e-05, 1.36979588206e-05, 1.74949400389e-05, 1.80183596967e-05, 1.45279109347e-05, 1.18259249575e-05, 1.24421212604e-05, 1.16939399959e-05, 1.62053947861e-05, 2.14985648199e-05, 1.68476162798e-05, 7.89920341049e-06]
    },
    "melbands128": {
        "mean": [0.000147913247929, 0.000705694314092, 0.00212131626904, 0.00311683281325, 0.00242482544854, 0.0018492185045, 0.00130854023155, 0.000651368172839, 0.000540992885362, 0.000427129212767, 0.000387911481084, 0.00045264326036, 0.000562323257327, 0.000599474704359, 0.000394898466766, 0.000199669637368, 8.65083784447e-05, 7.14587586117e-05, 0.000130443950184, 0.000150522901095, 8.88392387424e-05, 0.000120579497889, 9.26792490645e-05, 0.000120644654089, 0.000274297781289, 0.000317535537761, 0.000196066510398, 0.000122712124721, 0.000116539842566, 8.56366095832e-05, 9.48297456489e-05, 0.000119980475574, 0.000141132884892, 0.000171060019056, 0.000141497745062, 0.000102485850221, 8.03887378424e-05, 8.17033069325e-05, 7.1692673373e-05, 0.000141772063216, 0.000163110220456, 0.000120021679322, 6.85706327204e-05, 5.90612471569e-05, 7.58064925321e-05, 8.97613281268e-05, 6.70042427373e-05, 6.827715697e-05, 5.74629593757e-05, 5.79689913138e-05, 6.25003231107e-05, 5.74750592932e-05, 5.89097835473e-05, 4.43387834821e-05, 4.17734954681e-05, 3.55736228812e-05, 2.90427269647e-05, 2.99804432871e-05, 3.6807552533e-05, 3.76810276066e-05, 3.38248028129e-05, 3.19822102028e-05, 2.45390874625e-05, 1.90237715287e-05, 1.80493334483e-05, 2.06805743801e-05, 1.86847682926e-05, 1.79399412445e-05, 1.92850584426e-05, 1.75110326381e-05, 1.44507421282e-05, 1.04190994534e-05, 7.69302369008e-06, 9.75277816906e-06, 6.45186401016e-06, 1.01707310023e-05, 8.75643581821e-06, 8.35915216157e-06, 7.76039541961e-06, 8.15459588921e-06, 7.03602017893e-06, 6.79267668602e-06, 6.74862576489e-06, 6.74068223816e-06, 5.99614486418e-06, 5.46271530766e-06, 6.16515717411e-06, 6.20646414973e-06, 5.9664453147e-06, 5.18907154401e-06, 4.87628994961e-06, 5.20710455021e-06, 5.65841537536e-06, 5.32263084096e-06, 6.36588129055e-06, 7.43845475881e-06, 7.22161530575e-06, 7.31699719836e-06, 6.61882268105e-06, 4.77088451589e-06, 3.40897145179e-06, 2.40143663177e-06, 2.05273772735e-06, 1.83799943443e-06, 1.61262119036e-06, 1.38426707963e-06, 1.31708907247e-06, 1.05102265024e-06, 8.20533841761e-07, 7.19696856777e-07, 6.64758431412e-07, 5.67751669678e-07, 4.34234181057e-07, 3.08563016915e-07, 2.35226167433e-07, 1.91258919813e-07, 1.32046778845e-07, 1.92106490715e-08, 5.40849266414e-12, 4.92451088588e-12, 4.75775842335e-12, 4.62425150255e-12, 4.50581932876e-12, 4.40952439493e-12, 4.33398846325e-12, 4.278609151e-12, 4.23695627194e-12, 4.20533529874e-12],
        "stdev": [0.000306870468194, 0.00104508036748, 0.00307361618616, 0.00440911389887, 0.00344390724786, 0.00232262257487, 0.0016086982796, 0.000763733056374, 0.000790190009866, 0.000708862731699, 0.000755016284529, 0.000752374646254, 0.00114081020001, 0.00133137824014, 0.000775351480115, 0.00041294193943, 0.000187500743777, 0.000184928983799, 0.000386325758882, 0.000390003464418, 0.00018667455879, 0.000222580260015, 0.000237542102695, 0.000375246279873, 0.000671184214298, 0.00075368618127, 0.00053969793953, 0.00031691294862, 0.000296468671877, 0.000175323497388, 0.000211410588236, 0.000267581024673, 0.000281444285065, 0.000436902337242, 0.000345940323314, 0.000270429707598, 0.000148913357407, 0.000147363418364, 0.000172228610609, 0.000394846952986, 0.000431749795098, 0.00029130227631, 0.000186679317267, 0.000175854205736, 0.000173358872416, 0.000243525370024, 0.000177313791937, 0.000180139875738, 9.51027977862e-05, 0.000101271711173, 0.000149198371219, 9.86734012258e-05, 0.000108365995402, 7.44054996176e-05, 7.60245675338e-05, 5.91925927438e-05, 4.12891313317e-05, 4.56459165434e-05, 4.96307620779e-05, 5.14860657859e-05, 4.59076254629e-05, 4.62530806544e-05, 3.16383666359e-05, 2.86266022158e-05, 2.77508042927e-05, 3.01284599118e-05, 2.61875047727e-05, 2.3783355573e-05, 2.50361026701e-05, 2.4320304874e-05, 1.98239504243e-05, 1.50413197844e-05, 1.18305561045e-05, 1.6877966118e-05, 1.11392992039e-05, 1.67187936313e-05, 1.56769528985e-05, 1.69354298123e-05, 1.97953086172e-05, 2.25838084589e-05, 2.02957726287e-05, 1.83385964192e-05, 1.8200787963e-05, 1.59261089721e-05, 1.34399488161e-05, 1.25409460452e-05, 1.31075230456e-05, 1.45889953274e-05, 1.39109743031e-05, 1.26336872199e-05, 1.2090104974e-05, 1.26027043734e-05, 1.44060786624e-05, 1.57517715706e-05, 2.07728298847e-05, 2.27345899475e-05, 2.42670357693e-05, 2.13573603105e-05, 1.95065695152e-05, 1.53679229697e-05, 1.11463650683e-05, 6.80421635479e-06, 5.78808567298e-06, 5.40772771274e-06, 6.07232959737e-06, 5.55022643312e-06, 4.99665247844e-06, 3.39907523994e-06, 2.63469905804e-06, 2.8072583973e-06, 2.91168157673e-06, 2.61751256403e-06, 2.22321887122e-06, 1.41628049732e-06, 1.08941662802e-06, 9.2906611826e-07, 6.49643084216e-07, 9.99897338261e-08, 8.51292300541e-12, 7.5984305653e-12, 7.29060908866e-12, 7.06025992878e-12, 6.87694476018e-12, 6.72717046998e-12, 6.60708640576e-12, 6.51361560175e-12, 6.44569076932e-12, 6.40491826243e-12]
    },
    "mfcc": {
        "mean": [-600.757202148, 96.8738937378, -6.45949792862, 17.5895023346, 15.4472227097, 7.20947599411, 8.5137052536, 7.16475391388, -0.13057038188, 1.92985796928, -3.58966040611, -1.57010114193, -3.30557441711],
        "cov": [[3464.86157227, -625.136169434, 35.3102149963, -4.61991977692, -137.800430298, 24.0417861938, -82.4330062866, 39.934299469, 47.6887741089, -32.1936569214, 0.692609071732, -10.3828983307, 4.01784324646], [-625.136169434, 1482.78588867, -442.634490967, 67.3793106079, 152.714797974, 2.40599560738, 166.529830933, 31.571559906, 16.87566185, 64.9386520386, 28.9231586456, 39.5918540955, 13.763999939], [35.3102149963, -442.634490967, 496.51739502, 16.4861488342, 45.5176887512, 46.2415161133, -64.126411438, 23.8599472046, 11.050245285, -26.6801948547, 6.2425775528, -1.99774158001, 18.0631389618], [-4.61991977692, 67.3793106079, 16.4861488342, 243.638214111, 62.2479667664, 38.9780349731, -4.73868083954, 29.5685405731, 42.4446907043, -18.4192447662, 9.44986248016, 15.0183353424, 36.8357086182], [-137.800430298, 152.714797974, 45.5176887512, 62.2479667664, 212.462905884, 47.2847251892, 30.4612255096, 34.2217025757, 33.489238739, 23.3766536713, 3.42273235321, 18.2012023926, 22.7929725647], [24.0417861938, 2.40599560738, 46.2415161133, 38.9780349731, 47.2847251892, 157.561035156, 83.8944244385, 55.7923164368, 25.2845249176, 17.7113571167, 41.2217292786, 9.73477077484, 9.31595134735], [-82.4330062866, 166.529830933, -64.126411438, -4.73868083954, 30.4612255096, 83.8944244385, 172.410766602, 64.4385528564, 13.4158630371, 37.6409950256, 41.2817344666, 23.8289642334, 1.53059387207], [39.934299469, 31.571559906, 23.8599472046, 29.5685405731, 34.2217025757, 55.7923164368, 64.4385528564, 110.152488708, 45.3257904053, 27.7074012756, 26.5094490051, 12.1266384125, 18.9569473267], [47.6887741089, 16.87566185, 11.050245285, 42.4446907043, 33.489238739, 25.2845249176, 13.4158630371, 45.3257904053, 114.110122681, 36.109588623, 23.8931179047, 9.94121456146, 13.1056251526], [-32.1936569214, 64.9386520386, -26.6801948547, -18.4192447662, 23.3766536713, 17.7113571167, 37.6409950256, 27.7074012756, 36.109588623, 96.2449417114, 32.7833404541, 11.6991281509, -2.32945990562], [0.692609071732, 28.9231586456, 6.2425775528, 9.44986248016, 3.42273235321, 41.2217292786, 41.2817344666, 26.5094490051, 23.8931179047, 32.7833404541, 78.7343902588, 27.0898208618, 10.4089269638], [-10.3828983307, 39.5918540955, -1.99774158001, 15.0183353424, 18.2012023926, 9.73477077484, 23.8289642334, 12.1266384125, 9.94121456146, 11.6991281509, 27.0898208618, 63.4417419434, 28.6800308228], [4.01784324646, 13.763999939, 18.0631389618, 36.8357086182, 22.7929725647, 9.31595134735, 1.53059387207, 18.9569473267, 13.1056251526, -2.32945990562, 10.4089269638, 28.6800308228, 66.9881057739]],
        "icov": [[0.000331895600539, 0.000157002592459, 0.000167335572769, 1.56435871759e-05, 0.000122446552268, -0.000152988402988, 0.000218722590944, -0.000255811406532, -0.000135796581162, 0.000103683960333, -2.42108649218e-06, -8.80455045262e-05, 9.3625358204e-06], [0.000157002592459, 0.00125935825054, 0.00107916805428, -0.00025022830232, -0.000950962188654, 0.000458147842437, -0.000700874137692, -4.80253438582e-05, 0.000110562432383, -3.97106523451e-05, -0.000333099305863, -1.62315700436e-05, -9.64181672316e-05], [0.000167335572769, 0.00107916805428, 0.00349064054899, 0.000255608785665, -0.00137280474883, -0.000994295463897, 0.00154841702897, -0.00120433047414, 0.000214407176827, 0.000826173229143, -0.000871911586728, -0.00010971906886, -0.00023351762502], [1.56435871759e-05, -0.00025022830232, 0.000255608785665, 0.00551588088274, -0.00102328136563, -0.00137192569673, 0.00139405799564, -0.000691671448294, -0.00172395526897, 0.00222755270079, -0.000434296525782, -0.000170768020325, -0.00179336057045], [0.000122446552268, -0.000950962188654, -0.00137280474883, -0.00102328136563, 0.00690851872787, -0.00164873385802, 5.89499140915e-05, -0.00015019554121, -0.00082927319454, -0.00170519226231, 0.00265788985416, -0.00127305346541, -0.000724310695659], [-0.000152988402988, 0.000458147842437, -0.000994295463897, -0.00137192569673, -0.00164873385802, 0.0115660652518, -0.0054114642553, -0.00120892841369, -3.31925439241e-05, 0.00086094380822, -0.00385063397698, 0.00246422924101, -6.44439714961e-05], [0.000218722590944, -0.000700874137692, 0.00154841702897, 0.00139405799564, 5.89499140915e-05, -0.0054114642553, 0.0126807577908, -0.00549003761262, 0.001829207642, -0.000941361940932, -0.00134424585849, -0.00321337324567, 0.002137218602], [-0.000255811406532, -4.80253438582e-05, -0.00120433047414, -0.000691671448294, -0.00015019554121, -0.00120892841369, -0.00549003761262, 0.0159860253334, -0.00421521766111, -0.00145642110147, 5.05153620907e-05, 0.00182184483856, -0.00346274115145], [-0.000135796581162, 0.000110562432383, 0.000214407176827, -0.00172395526897, -0.00082927319454, -3.31925439241e-05, 0.001829207642, -0.00421521766111, 0.0127143450081, -0.00393490074202, -0.00159291806631, 0.000158008246217, -0.000130978034576], [0.000103683960333, -3.97106523451e-05, 0.000826173229143, 0.00222755270079, -0.00170519226231, 0.00086094380822, -0.000941361940932, -0.00145642110147, -0.00393490074202, 0.0154259819537, -0.0050610974431, -0.000290305353701, 0.00166536075994], [-2.42108649218e-06, -0.000333099305863, -0.000871911586728, -0.000434296525782, 0.00265788985416, -0.00385063397698, -0.00134424585849, 5.05153620907e-05, -0.00159291806631, -0.0050610974431, 0.0205272994936, -0.00704470509663, 0.00015218128101], [-8.80455045262e-05, -1.62315700436e-05, -0.00010971906886, -0.000170768020325, -0.00127305346541, 0.00246422924101, -0.00321337324567, 0.00182184483856, 0.000158008246217, -0.000290305353701, -0.00704470509663, 0.0239330083132, -0.009412528947], [9.3625358204e-06, -9.64181672316e-05, -0.00023351762502, -0.00179336057045, -0.000724310695659, -6.44439714961e-05, 0.002137218602, -0.00346274115145, -0.000130978034576, 0.00166536075994, 0.00015218128101, -0.009412528947, 0.0212726145983]]
    },
    "spectral_contrast_coeffs": {
        "mean": [-0.718853116035, -0.775564014912, -0.778182983398, -0.789896905422, -0.782899558544, -0.778515636921],
        "stdev": [0.0733297020197, 0.0748219192028, 0.0664987191558, 0.0490641817451, 0.0336094908416, 0.0324429124594]
    },
    "spectral_contrast_valleys": {
        "mean": [-6.50233697891, -6.76965045929, -6.92515611649, -6.94511842728, -7.00676965714, -9.44379234314],
        "stdev": [0.825042724609, 0.764133572578, 0.747965395451, 0.704268038273, 0.754821121693, 0.944666981697]
    }
},
"rhythm": {
    "beats_count": 312,
    "beats_loudness": {
        "mean": 0.0389094091952,
        "stdev": 0.0133573934436
    },
    "bpm": 143.001922607,
    "bpm_histogram_first_peak_bpm": 144,
    "bpm_histogram_first_peak_weight": 0.496688723564,
    "bpm_histogram_second_peak_bpm": 136,
    "bpm_histogram_second_peak_spread": 0,
    "bpm_histogram_second_peak_weight": 0.0225080382079,
    "danceability": 1.3698580265,
    "onset_rate": 3.88088488579,
    "beats_loudness_band_ratio": {
        "mean": [0.347359448671, 0.127443179488, 0.135396555066, 0.162851125002, 0.148854926229, 0.104065649211],
        "stdev": [0.241781547666, 0.0992841720581, 0.102810800076, 0.120494261384, 0.0904683321714, 0.0913315936923]
    },
    "beats_position": [0.429569154978, 0.859138309956, 1.30031740665, 1.71827661991, 2.13623571396, 2.55419492722, 2.97215414047, 3.39011335373, 3.80807256699, 4.22603178024, 4.6439909935, 5.06195020676, 5.47990942001, 5.89786815643, 6.32743740082, 6.7570066452, 7.18657588959, 7.61614513397, 8.03410434723, 8.45206356049, 8.88163280487, 9.31120204926, 9.72916126251, 10.1471195221, 10.5650787354, 10.9946479797, 11.4242172241, 11.8421764374, 12.2717456818, 12.7013149261, 13.1192741394, 13.5372333527, 13.966802597, 14.3963718414, 14.8143310547, 15.2322902679, 15.6618595123, 16.0798187256, 16.50938797, 16.9273471832, 17.3569164276, 17.786485672, 18.2044448853, 18.6224040985, 19.0403633118, 19.458322525, 19.8646717072, 20.2826309204, 20.7121982574, 21.1301574707, 21.548116684, 21.9660758972, 22.3956451416, 22.8136043549, 23.2431735992, 23.6727428436, 24.102312088, 24.5202713013, 24.9382305145, 25.3561897278, 25.774148941, 26.1921081543, 26.6100673676, 27.0280265808, 27.4459857941, 27.8639450073, 28.2935142517, 28.7230834961, 29.1526527405, 29.5822219849, 30.0001811981, 30.4413604736, 30.8593196869, 31.3004989624, 31.7184581757, 32.1480255127, 32.5775947571, 33.0071640015, 33.4367332458, 33.8663024902, 34.2958717346, 34.7138328552, 35.1434020996, 35.5497512817, 35.9909286499, 36.4204978943, 36.8500671387, 37.2680282593, 37.6859855652, 38.1039466858, 38.5335159302, 38.9630813599, 39.3810424805, 39.8106117249, 40.2401809692, 40.6697502136, 41.099319458, 41.5288887024, 41.9584579468, 42.3880271912, 42.8175964355, 43.2471656799, 43.6767349243, 44.1063041687, 44.5358734131, 44.9654426575, 45.3950119019, 45.8129692078, 46.2309303284, 46.6488876343, 47.0668487549, 47.4964179993, 47.9259872437, 48.3439445496, 48.7619056702, 49.1914749146, 49.6210403442, 50.0622215271, 50.5033988953, 50.9329681396, 51.362537384, 51.7804985046, 52.1984558105, 52.6164169312, 53.0343742371, 53.4523353577, 53.8702926636, 54.2882537842, 54.7062110901, 55.1241722107, 55.5421295166, 55.9600906372, 56.3780479431, 56.7843971252, 57.2023582458, 57.608707428, 58.0266647339, 58.433013916, 58.8393630981, 59.2457122803, 59.6520614624, 60.070022583, 60.4879798889, 60.894329071, 61.3006782532, 61.7186393738, 62.1365966797, 62.5429458618, 62.9609069824, 63.3672561646, 63.7736053467, 64.1799545288, 64.5979156494, 65.0158691406, 65.4222183228, 65.8169631958, 66.2233123779, 66.6412658691, 67.0592269897, 67.4771881104, 67.895149231, 68.3131027222, 68.7310638428, 69.1490249634, 69.566986084, 69.9733352661, 70.3796844482, 70.7976379395, 71.2039871216, 71.6103363037, 72.0166854858, 72.423034668, 72.8293838501, 73.2357330322, 73.6536941528, 74.0716552734, 74.489616394, 74.9191818237, 75.3487548828, 75.766708374, 76.1846694946, 76.6026306152, 77.0089797974, 77.4153289795, 77.8216781616, 78.2280273438, 78.6227645874, 79.0291137695, 79.4354629517, 79.8534240723, 80.2713851929, 80.6893386841, 81.1189117432, 81.5484771729, 81.9664382935, 82.3960113525, 82.8255767822, 83.2551422119, 83.684715271, 84.1026763916, 84.5206298828, 84.9385910034, 85.3681640625, 85.7861175537, 86.2040786743, 86.6336517334, 87.0632171631, 87.4927902222, 87.9107437134, 88.328704834, 88.7466659546, 89.1762313843, 89.6058044434, 90.023765564, 90.4533309937, 90.8829040527, 91.3008575439, 91.7188186646, 92.1367797852, 92.5547409058, 92.9610900879, 93.3790435791, 93.8086166382, 94.2381820679, 94.667755127, 95.0973205566, 95.5268936157, 95.9564590454, 96.3860321045, 96.8039855957, 97.2451705933, 97.6747360229, 98.104309082, 98.5338745117, 98.9634475708, 99.3930130005, 99.8225860596, 100.240539551, 100.658500671, 101.08807373, 101.51763916, 101.935600281, 102.36516571, 102.79473877, 103.224304199, 103.64226532, 104.071838379, 104.501403809, 104.930976868, 105.348930359, 105.766891479, 106.196456909, 106.626029968, 107.043991089, 107.46194458, 107.879905701, 108.297866821, 108.715827942, 109.145393372, 109.563354492, 109.981315613, 110.387664795, 110.805618286, 111.223579407, 111.641540527, 112.059501648, 112.46585083, 112.872200012, 113.278549194, 113.684898376, 114.091247559, 114.497596741, 114.915550232, 115.333511353, 115.763084412, 116.181037903, 116.598999023, 117.005348206, 117.423309326, 117.841270447, 118.259223938, 118.66557312, 119.071922302, 119.478271484, 119.884620667, 120.302581787, 120.720542908, 121.138504028, 121.55645752, 121.97441864, 122.392379761, 122.810340881, 123.228294373, 123.634643555, 124.040992737, 124.447341919, 124.86530304, 125.271652222, 125.678001404, 126.084350586, 126.490699768, 126.89704895, 127.315010071, 127.732971191, 128.150924683, 128.568893433, 128.986846924, 129.404800415, 129.822769165, 130.240722656, 130.658676147, 131.065032959],
    "bpm_histogram": [0, 0, 0, 0, 0, 0, 0, 0, 0, 0, 0, 0, 0, 0, 0, 0, 0, 0, 0, 0, 0, 0, 0, 0, 0, 0, 0, 0, 0, 0, 0, 0, 0, 0, 0, 0, 0, 0, 0, 0, 0, 0, 0, 0, 0, 0, 0, 0, 0, 0, 0, 0, 0, 0, 0, 0, 0, 0, 0, 0, 0, 0, 0, 0, 0, 0, 0, 0, 0, 0, 0, 0, 0, 0, 0, 0, 0, 0, 0, 0, 0, 0, 0, 0, 0, 0, 0, 0, 0, 0, 0, 0, 0, 0, 0, 0, 0, 0, 0, 0, 0, 0, 0, 0, 0, 0, 0, 0, 0, 0, 0, 0, 0, 0, 0, 0, 0, 0, 0, 0, 0, 0, 0, 0, 0, 0, 0, 0, 0, 0, 0, 0, 0, 0, 0, 0, 0.0225080382079, 0, 0, 0, 0.315112531185, 0, 0, 0, 0.488745987415, 0, 0, 0, 0.167202576995, 0, 0, 0, 0.0064308680594, 0, 0, 0, 0, 0, 0, 0, 0, 0, 0, 0, 0, 0, 0, 0, 0, 0, 0, 0, 0, 0, 0, 0, 0, 0, 0, 0, 0, 0, 0, 0, 0, 0, 0, 0, 0, 0, 0, 0, 0, 0, 0, 0, 0, 0, 0, 0, 0, 0, 0, 0, 0, 0, 0, 0, 0, 0, 0, 0, 0, 0, 0, 0, 0, 0, 0, 0, 0, 0, 0, 0, 0, 0, 0, 0, 0, 0, 0, 0, 0, 0, 0, 0, 0, 0, 0, 0, 0, 0, 0, 0, 0, 0, 0, 0, 0, 0]
},
"tonal": {
    "chords_changes_rate": 0.0989049822092,
    "chords_number_rate": 0.00459201680496,
    "chords_strength": {
        "mean": 0.497306346893,
        "stdev": 0.103635050356
    },
    "hpcp_crest": {
        "mean": 11.6829242706,
        "stdev": 6.32628297806
    },
    "hpcp_entropy": {
        "mean": 2.4039618969,
        "stdev": 0.83790075779
    },
    "key_edma": {
        "strength": 0.64576292038,
        "key": "F#",
        "scale": "major"
    },
    "key_krumhansl": {
        "strength": 0.652715504169,
        "key": "F#",
        "scale": "major"
    },
    "key_temperley": {
        "strength": 0.662803113461,
        "key": "F#",
        "scale": "major"
    },
    "tuning_diatonic_strength": 0.654558837414,
    "tuning_equal_tempered_deviation": 0.102836452425,
    "tuning_frequency": 440,
    "tuning_nontempered_energy_ratio": 0.832849502563,
    "hpcp": {
        "mean": [0.0819209814072, 0.0624785199761, 0.0687308162451, 0.0872643440962, 0.100445769727, 0.141669809818, 0.178313240409, 0.144874155521, 0.117073148489, 0.120918169618, 0.121469222009, 0.18159493804, 0.303346633911, 0.266078412533, 0.146184056997, 0.128177672625, 0.137840926647, 0.138648927212, 0.143688127398, 0.146265089512, 0.136350139976, 0.139213860035, 0.150770455599, 0.189856916666, 0.210160464048, 0.166500583291, 0.174192726612, 0.227868080139, 0.205549031496, 0.150564551353, 0.109674043953, 0.0820456370711, 0.0872036367655, 0.113849937916, 0.120544739068, 0.105587847531],
        "stdev": [0.164001271129, 0.139380499721, 0.143007650971, 0.164453104138, 0.178083360195, 0.222720757127, 0.277426719666, 0.234678909183, 0.202300339937, 0.196068063378, 0.199453383684, 0.243426293135, 0.343613386154, 0.302972584963, 0.220691591501, 0.221317410469, 0.236735448241, 0.237196564674, 0.241363093257, 0.248603627086, 0.233867764473, 0.247190833092, 0.243083804846, 0.26637968421, 0.285859555006, 0.236691191792, 0.242876052856, 0.304102748632, 0.291135966778, 0.250223338604, 0.204349771142, 0.165085822344, 0.153001219034, 0.177141994238, 0.186137661338, 0.185177668929]
    },
    "chords_histogram": [20.2755203247, 5.65171337128, 24.9381847382, 1.13034260273, 0.141292825341, 0, 0, 0, 2.86117982864, 1.7308371067, 0.84775698185, 0.105969622731, 1.0243730545, 2.82585668564, 0.0353232063353, 9.25468063354, 0.565171301365, 5.05121850967, 0.70646417141, 10.8795480728, 0.6711409688, 0.423878490925, 7.66513586044, 3.21441197395],
    "thpcp": [1, 0.877143144608, 0.481904327869, 0.422545224428, 0.454400718212, 0.457064330578, 0.473676353693, 0.482171446085, 0.449486255646, 0.458926677704, 0.497023671865, 0.625874459743, 0.692806303501, 0.548878967762, 0.574236571789, 0.751180529594, 0.677604436874, 0.496344894171, 0.361546933651, 0.270468264818, 0.287471920252, 0.375313013792, 0.397382825613, 0.348076552153, 0.270057320595, 0.205964118242, 0.226575180888, 0.287672042847, 0.331125378609, 0.467022836208, 0.587820053101, 0.477586150169, 0.3859385252, 0.398613840342, 0.400430440903, 0.598638355732],
    "chords_key": "C#",
    "chords_scale": "major"
}
}