{
"metadata": {
    "version": {
        "essentia": "2.1-dev",
        "essentia_git_sha": "v2.1_beta3-415-gd5473f3",
        "extractor": "music 2.0"
    },
    "audio_properties": {
        "analysis": {
            "equal_loudness": 0,
            "length": 349.28326416,
            "sample_rate": 44100,
            "start_time": 0,
            "downmix": "mix"
        },
        "bit_rate": 192000,
        "length": 349.28326416,
        "lossless": 0,
        "number_channels": 2,
        "replay_gain": -11.5471000671,
        "sample_rate": 44100,
        "codec": "mp3",
        "md5_encoded": "1b5337419ba375793e1701b3a5029ab2"
    },
    "tags": {
        "file_name": "queens_of_the_stone_age-better_living_through_chemistry.mp3",
        "album": ["Rated R"],
        "artist": ["Queens Of The Stone Age"],
        "genre": ["Blues"],
        "title": ["Better Living Through Chemistry"]
    }
},
"lowlevel": {
    "average_loudness": 0.929542124271,
    "barkbands_crest": {
        "mean": 9.77216243744,
        "stdev": 4.55810976028
    },
    "barkbands_flatness_db": {
        "mean": 0.205375269055,
        "stdev": 0.0988292768598
    },
    "barkbands_kurtosis": {
        "mean": 8.20018863678,
        "stdev": 21.6567974091
    },
    "barkbands_skewness": {
        "mean": 1.69383859634,
        "stdev": 1.09953212738
    },
    "barkbands_spread": {
        "mean": 11.7576732635,
        "stdev": 7.27532911301
    },
    "dissonance": {
        "mean": 0.449647575617,
        "stdev": 0.0382283404469
    },
    "dynamic_complexity": 1.96769738197,
    "erbbands_crest": {
        "mean": 9.46418857574,
        "stdev": 4.48859739304
    },
    "erbbands_flatness_db": {
        "mean": 0.218921586871,
        "stdev": 0.0813553854823
    },
    "erbbands_kurtosis": {
        "mean": 3.51152682304,
        "stdev": 13.7098770142
    },
    "erbbands_skewness": {
        "mean": 0.974014163017,
        "stdev": 1.26467931271
    },
    "erbbands_spread": {
        "mean": 26.884979248,
        "stdev": 12.7864618301
    },
    "hfc": {
        "mean": 18.8268985748,
        "stdev": 9.59073543549
    },
    "loudness_ebu128": {
        "integrated": -10.7669525146,
        "loudness_range": 3.87324810028,
        "momentary": {
            "mean": -12.9100618362,
            "stdev": 17.4894142151
        },
        "short_term": {
            "mean": -11.695561409,
            "stdev": 4.59383058548
        }
    },
    "melbands_crest": {
        "mean": 12.6009206772,
        "stdev": 4.20825767517
    },
    "melbands_flatness_db": {
        "mean": 0.28637561202,
        "stdev": 0.115439146757
    },
    "melbands_kurtosis": {
        "mean": 10.5210266113,
        "stdev": 14.2071285248
    },
    "melbands_skewness": {
        "mean": 2.17378687859,
        "stdev": 0.988742530346
    },
    "melbands_spread": {
        "mean": 12.8786077499,
        "stdev": 10.5614585876
    },
    "pitch_salience": {
        "mean": 0.619261562824,
        "stdev": 0.10879611969
    },
    "silence_rate_20dB": {
        "mean": 1,
        "stdev": 0
    },
    "silence_rate_30dB": {
        "mean": 1,
        "stdev": 0
    },
    "silence_rate_60dB": {
        "mean": 0.0400159545243,
        "stdev": 0.195961743593
    },
    "spectral_centroid": {
        "mean": 771.56842041,
        "stdev": 741.464111328
    },
    "spectral_complexity": {
        "mean": 20.2080554962,
        "stdev": 8.62354564667
    },
    "spectral_decrease": {
        "mean": -1.05923421145e-08,
        "stdev": 4.98397056958e-09
    },
    "spectral_energy": {
        "mean": 0.041685692966,
        "stdev": 0.0193060152233
    },
    "spectral_energyband_high": {
        "mean": 0.000220591144171,
        "stdev": 0.000476756395074
    },
    "spectral_energyband_low": {
        "mean": 0.0110887289047,
        "stdev": 0.0111052459106
    },
    "spectral_energyband_middle_high": {
        "mean": 0.00474983919412,
        "stdev": 0.00333645148203
    },
    "spectral_energyband_middle_low": {
        "mean": 0.0277062281966,
        "stdev": 0.0148447947577
    },
    "spectral_entropy": {
        "mean": 6.96823167801,
        "stdev": 0.810357093811
    },
    "spectral_flux": {
        "mean": 0.0835591107607,
        "stdev": 0.0476819388568
    },
    "spectral_kurtosis": {
        "mean": 14.8977499008,
        "stdev": 19.2669010162
    },
    "spectral_rms": {
        "mean": 0.00612078234553,
        "stdev": 0.00179020257201
    },
    "spectral_rolloff": {
        "mean": 822.348388672,
        "stdev": 1375.34606934
    },
    "spectral_skewness": {
        "mean": 2.41967463493,
        "stdev": 1.27932357788
    },
    "spectral_spread": {
        "mean": 3110140.5,
        "stdev": 2956729.5
    },
    "spectral_strongpeak": {
        "mean": 0.942666292191,
        "stdev": 0.737639427185
    },
    "zerocrossingrate": {
        "mean": 0.0357362851501,
        "stdev": 0.0379704684019
    },
    "barkbands": {
        "mean": [0.000129361273139, 0.0054258108139, 0.00385326729156, 0.00492047192529, 0.0105773629621, 0.00466733099893, 0.00225938064978, 0.00208463496529, 0.00239686644636, 0.0015103421174, 0.000520011060871, 0.000780904723797, 0.000418027251726, 0.000355069671059, 0.000318467704346, 0.000450173189165, 0.000418445270043, 0.000163040036568, 0.000152963169967, 9.33387418627e-05, 3.69253320969e-05, 3.84172781196e-05, 2.81385255221e-05, 3.44031868735e-05, 3.38481950166e-05, 1.82049352588e-05, 4.90151819577e-07],
        "stdev": [0.000298700178973, 0.00634199287742, 0.00479701254517, 0.00619445834309, 0.0121818510816, 0.00457655079663, 0.00312636466697, 0.00300368620083, 0.00318706291728, 0.00186525564641, 0.000682386627886, 0.000892608775757, 0.000639490783215, 0.000494744046591, 0.000472046784125, 0.000501347414684, 0.000504240917508, 0.000171292442246, 0.000176908142748, 0.000129752632347, 5.91085918131e-05, 7.31821346562e-05, 5.32375815965e-05, 9.03325853869e-05, 0.000175553403096, 0.000115695023851, 2.80425729215e-06]
    },
    "erbbands": {
        "mean": [0.0899292901158, 1.4271312952, 4.656457901, 9.79572486877, 23.1509284973, 39.1456184387, 36.9150047302, 48.5866966248, 33.9578590393, 39.4601173401, 41.2299003601, 58.4904937744, 56.1705818176, 30.0938720703, 25.5834236145, 30.370513916, 21.0065040588, 19.0817222595, 16.8254909515, 16.8541412354, 28.6084270477, 21.4171867371, 9.86866664886, 7.95334148407, 7.4512014389, 4.37837028503, 1.74991738796, 1.45756077766, 1.45728421211, 0.983477115631, 0.813318550587, 0.741345345974, 0.542149543762, 0.371563851833, 0.249320745468, 0.108159333467, 0.0272031482309, 0.00319659081288, 9.2260997917e-05, 5.01206704939e-05],
        "stdev": [0.143779724836, 1.63180673122, 5.22574520111, 11.1605224609, 24.6513500214, 55.2570495605, 33.8478279114, 51.5587844849, 44.4798126221, 53.041934967, 51.9768638611, 80.2083587646, 71.4920883179, 34.116443634, 30.4139728546, 31.4442958832, 28.4091949463, 25.3208961487, 20.1898708344, 23.4516601562, 28.5891036987, 22.9955806732, 10.8629894257, 8.33471488953, 9.68994426727, 5.63440799713, 2.47800970078, 2.40878677368, 2.78175926208, 1.88133585453, 1.61335635185, 1.87914097309, 1.50349783897, 1.45375657082, 1.61030459404, 0.72444152832, 0.163226529956, 0.0176178440452, 0.000396598014049, 2.75465063169e-05]
    },
    "gfcc": {
        "mean": [-36.4252586365, 157.403945923, -122.575584412, 13.2968301773, -44.9459609985, -9.70641994476, -36.7840194702, 2.22703242302, -24.190738678, -8.03819847107, -13.8845844269, -4.54190635681, -4.04138422012],
        "cov": [[18399.2929688, -1946.16906738, -1298.39172363, 813.734863281, -1118.82336426, 1528.03222656, -582.091491699, 1192.87805176, -18.9937725067, 438.330993652, -425.709686279, 157.925170898, -580.409667969], [-1946.16906738, 2979.36450195, -280.798614502, -243.058868408, 1127.07067871, -980.457397461, 506.246185303, -526.341247559, 105.835533142, -375.134246826, 250.797546387, -216.687850952, 354.23348999], [-1298.39172363, -280.798614502, 1028.3951416, 260.185333252, 136.296966553, 168.021377563, -73.6764221191, 29.5718955994, -59.2928581238, 56.0903205872, -33.5777397156, 21.7346019745, -42.2047042847], [813.734863281, -243.058868408, 260.185333252, 499.490264893, 87.1454467773, 293.277191162, 10.0495643616, 124.358055115, 53.9549865723, 36.7477989197, -13.6015539169, -4.34185504913, -54.6509857178], [-1118.82336426, 1127.07067871, 136.296966553, 87.1454467773, 722.246032715, -303.886230469, 256.543304443, -150.698959351, 57.981098175, -119.815788269, 103.498847961, -75.3377304077, 139.699234009], [1528.03222656, -980.457397461, 168.021377563, 293.277191162, -303.886230469, 599.370910645, -111.58241272, 313.941345215, 17.7682743073, 157.9503479, -89.4563980103, 86.6716308594, -137.696670532], [-582.091491699, 506.246185303, -73.6764221191, 10.0495643616, 256.543304443, -111.58241272, 209.61366272, -48.5956268311, 62.8973236084, -51.5087471008, 42.9853172302, -39.5278625488, 57.5973777771], [1192.87805176, -526.341247559, 29.5718955994, 124.358055115, -150.698959351, 313.941345215, -48.5956268311, 267.201049805, 31.5262565613, 116.322463989, -49.8427276611, 44.0971717834, -79.7018432617], [-18.9937725067, 105.835533142, -59.2928581238, 53.9549865723, 57.981098175, 17.7682743073, 62.8973236084, 31.5262565613, 95.148979187, 2.48935866356, 21.0017547607, -9.07277202606, 8.28641891479], [438.330993652, -375.134246826, 56.0903205872, 36.7477989197, -119.815788269, 157.9503479, -51.5087471008, 116.322463989, 2.48935866356, 126.457679749, -13.5924835205, 41.0830345154, -54.2481307983], [-425.709686279, 250.797546387, -33.5777397156, -13.6015539169, 103.498847961, -89.4563980103, 42.9853172302, -49.8427276611, 21.0017547607, -13.5924835205, 86.5012207031, -4.05868768692, 45.9840927124], [157.925170898, -216.687850952, 21.7346019745, -4.34185504913, -75.3377304077, 86.6716308594, -39.5278625488, 44.0971717834, -9.07277202606, 41.0830345154, -4.05868768692, 82.679397583, 2.52411818504], [-580.409667969, 354.23348999, -42.2047042847, -54.6509857178, 139.699234009, -137.696670532, 57.5973777771, -79.7018432617, 8.28641891479, -54.2481307983, 45.9840927124, 2.52411818504, 105.374984741]],
        "icov": [[0.000214012106881, -0.000514263869263, 0.000470459315693, -0.000526044343133, 0.000156570837134, -0.000161578238476, 0.000832644989714, -0.000811685924418, 0.000575194542762, -0.000284835172351, 0.000759445130825, -0.000548097828869, 0.000825255410746], [-0.000514263869263, 0.00346808857284, -0.000862790795509, 0.00169142405502, -0.00223832577467, 0.00135344720911, -0.00298810820095, 0.00227238470688, -0.00193168153055, 0.00215671327896, -0.00305783934891, 0.00295663578436, -0.00334558682516], [0.000470459315693, -0.000862790795509, 0.0025699576363, -0.00159681716468, -0.000885996152647, -0.000807044852991, 0.00267675239593, -0.000865733367391, 0.00205142376944, -0.00144564162474, 0.00219196802936, -0.00114487775136, 0.00186029146425], [-0.000526044343133, 0.00169142405502, -0.00159681716468, 0.00625822367147, -0.0025860874448, -0.00354478810914, -0.00100481603295, 0.00333816604689, -0.00362100242637, 0.00213262601756, -0.00311615434475, 0.00371918082237, -0.00145339709707], [0.000156570837134, -0.00223832577467, -0.000885996152647, -0.0025860874448, 0.00646850233898, 0.00184071564581, -0.00275579886511, -0.00257413228974, 0.0016920636408, -0.000687050924171, 0.000218977686018, -0.00149621581659, -0.000466583413072], [-0.000161578238476, 0.00135344720911, -0.000807044852991, -0.00354478810914, 0.00184071564581, 0.0103757958859, -0.00287862145342, -0.00589535245672, 0.000221101290663, 0.000672383001074, 0.000367673608707, -0.00386871746741, 0.000891983392648], [0.000832644989714, -0.00298810820095, 0.00267675239593, -0.00100481603295, -0.00275579886511, -0.00287862145342, 0.015353246592, -0.00216301879846, -0.00261938828044, -0.00160105980467, 0.00401605991647, -0.000554611207917, 0.00268848962151], [-0.000811685924418, 0.00227238470688, -0.000865733367391, 0.00333816604689, -0.00257413228974, -0.00589535245672, -0.00216301879846, 0.0165789667517, -0.00570278987288, -0.00476081017405, -0.000226269083214, 0.00369578064419, -0.00328645273112], [0.000575194542762, -0.00193168153055, 0.00205142376944, -0.00362100242637, 0.0016920636408, 0.000221101290663, -0.00261938828044, -0.00570278987288, 0.0186060629785, -0.00121467455756, -0.00104056298733, -0.00126325618476, 0.00216542440467], [-0.000284835172351, 0.00215671327896, -0.00144564162474, 0.00213262601756, -0.000687050924171, 0.000672383001074, -0.00160105980467, -0.00476081017405, -0.00121467455756, 0.0196908861399, -0.0073583079502, -0.00327862426639, 0.00429393025115], [0.000759445130825, -0.00305783934891, 0.00219196802936, -0.00311615434475, 0.000218977686018, 0.000367673608707, 0.00401605991647, -0.000226269083214, -0.00104056298733, -0.0073583079502, 0.0224302727729, -0.00364973978139, -0.00185906153638], [-0.000548097828869, 0.00295663578436, -0.00114487775136, 0.00371918082237, -0.00149621581659, -0.00386871746741, -0.000554611207917, 0.00369578064419, -0.00126325618476, -0.00327862426639, -0.00364973978139, 0.023521091789, -0.0120203010738], [0.000825255410746, -0.00334558682516, 0.00186029146425, -0.00145339709707, -0.000466583413072, 0.000891983392648, 0.00268848962151, -0.00328645273112, 0.00216542440467, 0.00429393025115, -0.00185906153638, -0.0120203010738, 0.0262417960912]]
    },
    "melbands": {
        "mean": [0.00114768871572, 0.00234178965911, 0.00222428073175, 0.00216743024066, 0.00157412316184, 0.000999652082101, 0.000502031005453, 0.000449287588708, 0.000329022761434, 0.000376762938686, 0.000273241807008, 0.000121322525956, 7.16369831935e-05, 9.56940930337e-05, 6.20228529442e-05, 3.7392564991e-05, 3.61386446457e-05, 2.58997661149e-05, 2.44488419412e-05, 2.57390947809e-05, 3.55701522494e-05, 2.59453154285e-05, 1.03970696728e-05, 7.37044865673e-06, 6.22498464509e-06, 6.02992349741e-06, 4.560411071e-06, 2.4337684863e-06, 1.08921631181e-06, 8.96973915587e-07, 8.07166316008e-07, 8.55683651935e-07, 6.81103244915e-07, 4.91690570925e-07, 4.75316483062e-07, 4.30614221614e-07, 4.6362674766e-07, 3.80423529123e-07, 3.46933916262e-07, 3.04186926314e-07],
        "stdev": [0.00147222168744, 0.00250595412217, 0.00233668531291, 0.00259393034503, 0.00162425090093, 0.00102929933928, 0.000640508776996, 0.000626972818282, 0.000417515111621, 0.000542236375622, 0.000356211763574, 0.000146404330735, 8.59225183376e-05, 0.000116267379781, 8.13080332591e-05, 5.36877705599e-05, 5.30814832018e-05, 3.3174197597e-05, 3.93811933463e-05, 3.57465542038e-05, 3.67785796698e-05, 3.047672908e-05, 1.58484854182e-05, 7.75301850808e-06, 7.02332999936e-06, 8.02391423349e-06, 7.4115755524e-06, 3.12419069814e-06, 1.60603724453e-06, 1.66136032931e-06, 1.41384578001e-06, 1.66208644714e-06, 1.40830297823e-06, 9.40197537602e-07, 9.36998674206e-07, 1.03196509826e-06, 1.23659117435e-06, 1.06827235413e-06, 1.10631674488e-06, 1.33635387556e-06]
    },
    "melbands128": {
        "mean": [0.000112077534141, 0.000534563092515, 0.0013052286813, 0.00281121395528, 0.00265181576833, 0.00174536684062, 0.00164193962701, 0.00290112593211, 0.00232073268853, 0.00172124360688, 0.00182403787039, 0.00251831137575, 0.00103562651202, 0.000735611305572, 0.001498610829, 0.000717646209523, 0.000477350899018, 0.000526482355781, 0.000473987893201, 0.000387492385926, 0.000571057200432, 0.000341545295669, 0.000310039438773, 0.000299555540551, 0.000359088619007, 0.000475909328088, 0.000244052964263, 0.000351284397766, 0.000161358373589, 0.000150349835167, 0.000105374907434, 6.57686250634e-05, 4.59047223558e-05, 0.000102967838757, 9.86573213595e-05, 0.000100285469671, 7.17406583135e-05, 6.46630942356e-05, 5.72006392758e-05, 4.03576814278e-05, 3.66558633687e-05, 2.45596638706e-05, 4.02842742915e-05, 4.07925363106e-05, 2.48539217864e-05, 2.27928485401e-05, 2.66225342784e-05, 3.08174203383e-05, 1.97449280677e-05, 1.6703732399e-05, 2.64506525127e-05, 3.61221500498e-05, 3.24213033309e-05, 3.7675799831e-05, 3.7647143472e-05, 2.65682374447e-05, 1.43376091728e-05, 1.11922190627e-05, 8.76961894392e-06, 9.31210342969e-06, 6.68242591928e-06, 6.30137355984e-06, 7.54961774874e-06, 5.04812442159e-06, 6.37712037133e-06, 6.62927777739e-06, 5.40027667739e-06, 4.97344717587e-06, 4.32944034401e-06, 4.35135461885e-06, 2.22643097914e-06, 1.83467614079e-06, 1.17497052088e-06, 9.86741952147e-07, 8.82671429281e-07, 9.52945526933e-07, 8.30795841011e-07, 8.94569211596e-07, 7.68629320191e-07, 7.69516702803e-07, 8.51519644129e-07, 9.27282826524e-07, 8.04969317869e-07, 6.50843389849e-07, 5.92321782733e-07, 4.91677212722e-07, 4.51587538919e-07, 5.02364514432e-07, 4.81956590193e-07, 4.60567264327e-07, 4.24548602496e-07, 4.13499662955e-07, 4.45477297717e-07, 5.09469202825e-07, 4.58955327076e-07, 3.69040520809e-07, 3.69735346339e-07, 3.55638604788e-07, 4.00968701797e-07, 2.99588407415e-07, 2.96116326126e-07, 3.08784620984e-07, 3.00394276564e-07, 3.27971036995e-07, 2.67007862931e-07, 3.01316418927e-07, 2.17967155436e-07, 2.33707922348e-07, 1.98740565338e-07, 1.39984067005e-07, 1.19841203627e-07, 1.01102365591e-07, 8.32597848444e-08, 6.25988789693e-08, 4.242804863e-08, 3.21704760609e-08, 1.96902618654e-08, 2.28329621876e-09, 4.67037606505e-12, 4.47547164259e-12, 4.36466704792e-12, 4.27461928701e-12, 4.1811415441e-12, 4.10845316101e-12, 4.0468639724e-12, 4.00237568782e-12, 3.97133671434e-12, 3.94522695762e-12],
        "stdev": [0.000264282745775, 0.0011040403042, 0.00210728449747, 0.00325890397653, 0.00307247112505, 0.00233108783141, 0.00229259068146, 0.00384930591099, 0.00273840595037, 0.00312580750324, 0.00361693045124, 0.0035236584954, 0.00117556529585, 0.00105909141712, 0.00188344740309, 0.000983517267741, 0.00116870796774, 0.000767092627939, 0.00101030466612, 0.000666563282721, 0.00110978982411, 0.000649857218377, 0.000557473278604, 0.000518150278367, 0.000605990877375, 0.000952902890276, 0.00044656774844, 0.000619327882305, 0.000259542401182, 0.000245307135629, 0.000169971186551, 0.000127509658341, 8.11950376374e-05, 0.000189065627637, 0.00020823898376, 0.000146447870065, 9.9542492535e-05, 0.000112280344183, 0.000137481314596, 7.42472184356e-05, 7.72268977016e-05, 5.24136557942e-05, 8.04313676781e-05, 7.74224317865e-05, 5.45990660612e-05, 4.01676443289e-05, 5.50120203116e-05, 6.44961473881e-05, 5.56058221264e-05, 4.49138206022e-05, 4.97719229315e-05, 6.50409638183e-05, 4.16098082496e-05, 5.41408844583e-05, 6.46985135972e-05, 4.4446780521e-05, 2.03160107048e-05, 3.36915036314e-05, 1.40019701576e-05, 1.44266359712e-05, 8.89382772584e-06, 9.15265809454e-06, 1.1676757822e-05, 6.89235093887e-06, 1.09192378659e-05, 1.20788799904e-05, 9.70807559497e-06, 1.21929369925e-05, 9.46349155129e-06, 8.61113949213e-06, 3.38369909514e-06, 2.6191996767e-06, 1.88549142877e-06, 1.88427861758e-06, 1.59561716373e-06, 2.27079112847e-06, 1.79853475402e-06, 1.73268608705e-06, 1.53857661189e-06, 1.57895544817e-06, 1.86337172181e-06, 2.10953567148e-06, 1.77152264769e-06, 1.50684434175e-06, 1.32632919758e-06, 1.08009817268e-06, 9.62962189988e-07, 1.01446426015e-06, 1.03253773887e-06, 1.19926676234e-06, 1.02387559764e-06, 1.0840279856e-06, 1.33199637276e-06, 1.43514910178e-06, 1.29743921207e-06, 1.20162451367e-06, 1.1026146467e-06, 1.12036548217e-06, 1.20752417843e-06, 1.33965477289e-06, 1.18217076306e-06, 1.45595629419e-06, 1.58577563525e-06, 2.28466433327e-06, 1.76530124918e-06, 2.59012176684e-06, 1.42975886774e-06, 1.78433492692e-06, 1.3612177554e-06, 9.98143036668e-07, 7.97578763923e-07, 5.71985083297e-07, 5.66752078157e-07, 3.48309470155e-07, 2.69896105465e-07, 1.72644007534e-07, 1.10871482661e-07, 1.48560932445e-08, 7.33858807056e-12, 6.99319074871e-12, 6.82031644703e-12, 6.6681877034e-12, 6.53524543509e-12, 6.4216826301e-12, 6.32717012464e-12, 6.25243867097e-12, 6.19755809173e-12, 6.16386976182e-12]
    },
    "mfcc": {
        "mean": [-671.095336914, 183.227615356, -12.6737880707, 21.6239566803, 6.95317745209, -8.98539829254, -2.58772325516, -0.123114652932, -3.41261386871, -3.79889774323, -7.26917362213, -5.96709299088, -2.05824542046],
        "cov": [[10530.59375, -1367.56481934, -332.788269043, -89.155166626, -200.322158813, 243.259124756, -108.834266663, 440.054504395, 417.869018555, 303.680358887, 287.876525879, 392.421386719, 264.8621521], [-1367.56481934, 2626.26928711, -659.088195801, 454.739349365, 300.123291016, -159.676116943, 196.847793579, -83.6898880005, -38.933555603, -87.1824188232, -157.258987427, -103.116737366, 17.8043498993], [-332.788269043, -659.088195801, 848.641296387, -5.91830205917, 139.837295532, 138.231292725, 5.20154190063, 40.8163871765, -20.3477649689, 52.9108314514, 55.3598327637, -25.6526184082, -61.8978729248], [-89.155166626, 454.739349365, -5.91830205917, 411.089233398, 255.806793213, 117.785896301, 127.609237671, 63.5344467163, 43.6526908875, 49.9806976318, 1.87432920933, 1.73956763744, 14.8650379181], [-200.322158813, 300.123291016, 139.837295532, 255.806793213, 324.141937256, 101.70954895, 119.582504272, 59.8023071289, 37.3097686768, 41.4545898438, -2.89674544334, -1.13982844353, 8.88070583344], [243.259124756, -159.676116943, 138.231292725, 117.785896301, 101.70954895, 174.161895752, 66.9506454468, 87.5192718506, 60.6250457764, 48.3203392029, 44.6134986877, 27.3254356384, 16.7361392975], [-108.834266663, 196.847793579, 5.20154190063, 127.609237671, 119.582504272, 66.9506454468, 129.31477356, 49.4123001099, 41.0319633484, 34.7153511047, 8.97763061523, 10.2100124359, 19.1985607147], [440.054504395, -83.6898880005, 40.8163871765, 63.5344467163, 59.8023071289, 87.5192718506, 49.4123001099, 125.911125183, 82.2787704468, 50.3753852844, 31.2247085571, 39.2062301636, 25.2736225128], [417.869018555, -38.933555603, -20.3477649689, 43.6526908875, 37.3097686768, 60.6250457764, 41.0319633484, 82.2787704468, 123.664283752, 52.3271331787, 34.4971046448, 41.1238327026, 36.7354202271], [303.680358887, -87.1824188232, 52.9108314514, 49.9806976318, 41.4545898438, 48.3203392029, 34.7153511047, 50.3753852844, 52.3271331787, 99.967010498, 54.0906867981, 29.2764225006, 12.1749048233], [287.876525879, -157.258987427, 55.3598327637, 1.87432920933, -2.89674544334, 44.6134986877, 8.97763061523, 31.2247085571, 34.4971046448, 54.0906867981, 86.1749420166, 37.2420425415, 16.5852985382], [392.421386719, -103.116737366, -25.6526184082, 1.73956763744, -1.13982844353, 27.3254356384, 10.2100124359, 39.2062301636, 41.1238327026, 29.2764225006, 37.2420425415, 86.4763412476, 48.7540969849], [264.8621521, 17.8043498993, -61.8978729248, 14.8650379181, 8.88070583344, 16.7361392975, 19.1985607147, 25.2736225128, 36.7354202271, 12.1749048233, 16.5852985382, 48.7540969849, 89.2646865845]],
        "icov": [[0.000147874365211, 4.95691238029e-05, 0.000116302129754, -2.45127957896e-05, 2.464331601e-06, -3.07837253786e-05, 0.000349685695255, -0.000370258290786, -9.1014415375e-05, -0.000206018346944, -7.76140004746e-05, -0.00022233913478, -0.00012736399367], [4.95691238029e-05, 0.000995581154712, 0.000640086305793, -0.000840954133309, -0.000650694360957, 0.0014079590328, -0.000962882069871, 5.16135987709e-05, -8.02395297796e-05, 0.00054434093181, -2.23239348998e-05, 0.000808740500361, -0.000247313699219], [0.000116302129754, 0.000640086305793, 0.00246288557537, 0.000748812220991, -0.0020496181678, -0.00108954892494, 0.000567319220863, -0.00038158686948, 0.00110692798626, -0.000577746715862, -0.000906860339455, 0.00101608480327, 0.000741367868613], [-2.45127957896e-05, -0.000840954133309, 0.000748812220991, 0.00685818912461, -0.00359727907926, -0.00388701981865, -0.000157687507453, 0.00024511598167, 0.000978320837021, -0.00204378692433, 0.000527878233697, 4.09791537095e-05, 0.000424481957452], [2.464331601e-06, -0.000650694360957, -0.0020496181678, -0.00359727907926, 0.0088515970856, -0.000481239083456, -0.00289029441774, -0.000343898049323, -0.00048257317394, -0.000579717219807, 0.00216504558921, -0.000806973606814, -0.000454975641333], [-3.07837253786e-05, 0.0014079590328, -0.00108954892494, -0.00388701981865, -0.000481239083456, 0.0155741516501, -0.00406285747886, -0.00531573826447, -0.00130559247918, 0.00329180480912, -0.00421595666558, 0.00117370462976, -0.000560342625249], [0.000349685695255, -0.000962882069871, 0.000567319220863, -0.000157687507453, -0.00289029441774, -0.00406285747886, 0.0165788587183, -0.00228268513456, -0.000710823165718, -0.00323281995952, 0.000493389146868, -0.000126738086692, -0.00158496678341], [-0.000370258290786, 5.16135987709e-05, -0.00038158686948, 0.00024511598167, -0.000343898049323, -0.00531573826447, -0.00228268513456, 0.0200780555606, -0.00816065724939, -0.00186892377678, 0.00273223873228, -0.00295206508599, 0.0013379631564], [-9.1014415375e-05, -8.02395297796e-05, 0.00110692798626, 0.000978320837021, -0.00048257317394, -0.00130559247918, -0.000710823165718, -0.00816065724939, 0.0174527317286, -0.00401865830645, -0.00069837277988, -0.000305355642922, -0.00269082537852], [-0.000206018346944, 0.00054434093181, -0.000577746715862, -0.00204378692433, -0.000579717219807, 0.00329180480912, -0.00323281995952, -0.00186892377678, -0.00401865830645, 0.020592443645, -0.0102613931522, -7.87747485447e-05, 0.00190215848852], [-7.76140004746e-05, -2.23239348998e-05, -0.000906860339455, 0.000527878233697, 0.00216504558921, -0.00421595666558, 0.000493389146868, 0.00273223873228, -0.00069837277988, -0.0102613931522, 0.0228881165385, -0.00585383037105, -0.000155054905917], [-0.00022233913478, 0.000808740500361, 0.00101608480327, 4.09791537095e-05, -0.000806973606814, 0.00117370462976, -0.000126738086692, -0.00295206508599, -0.000305355642922, -7.87747485447e-05, -0.00585383037105, 0.022729113698, -0.00927055533975], [-0.00012736399367, -0.000247313699219, 0.000741367868613, 0.000424481957452, -0.000454975641333, -0.000560342625249, -0.00158496678341, 0.0013379631564, -0.00269082537852, 0.00190215848852, -0.000155054905917, -0.00927055533975, 0.0181257333606]]
    },
    "spectral_contrast_coeffs": {
        "mean": [-0.647097706795, -0.736455202103, -0.759047865868, -0.799847185612, -0.7750877738, -0.775652825832],
        "stdev": [0.0987079516053, 0.0663952827454, 0.0584017783403, 0.045462474227, 0.041715387255, 0.0421264246106]
    },
    "spectral_contrast_valleys": {
        "mean": [-6.50507068634, -6.34192085266, -7.14524507523, -7.63999414444, -8.21270751953, -11.6627483368],
        "stdev": [1.84584522247, 1.7312926054, 1.75342094898, 1.74113810062, 1.76717078686, 2.1035888195]
    }
},
"rhythm": {
    "beats_count": 649,
    "beats_loudness": {
        "mean": 0.0423680096865,
        "stdev": 0.0178953893483
    },
    "bpm": 111.304443359,
    "bpm_histogram_first_peak_bpm": 112,
    "bpm_histogram_first_peak_weight": 0.535816669464,
    "bpm_histogram_second_peak_bpm": 103,
    "bpm_histogram_second_peak_spread": 0.413793087006,
    "bpm_histogram_second_peak_weight": 0.183641970158,
    "danceability": 0.965853631496,
    "onset_rate": 3.15776395798,
    "beats_loudness_band_ratio": {
        "mean": [0.360724836588, 0.342383921146, 0.204642578959, 0.0832267403603, 0.0425881110132, 0.0195450149477],
        "stdev": [0.217937678099, 0.206311583519, 0.16476547718, 0.0784039050341, 0.0401605069637, 0.0299197547138]
    },
    "beats_position": [0.53405892849, 1.09133780003, 1.64861679077, 2.20589566231, 2.77478456497, 3.34367346764, 3.93578219414, 4.52789115906, 5.08516979218, 5.61922883987, 6.17650794983, 6.73378658295, 7.2910656929, 7.83673477173, 8.38240337372, 8.92807197571, 9.47374153137, 10.0078001022, 10.5418596268, 11.0643081665, 11.5867567062, 12.1208162308, 12.6664848328, 13.2121543884, 13.7578229904, 14.3034915924, 14.8491611481, 15.3948297501, 15.9521083832, 16.50938797, 17.0550556183, 17.600725174, 18.1463947296, 18.6920623779, 19.2377319336, 19.7834014893, 20.3290691376, 20.8747386932, 21.4204082489, 21.9544658661, 22.5001354218, 23.0458049774, 23.6030826569, 24.1487522125, 24.7060317993, 25.2516994476, 25.7973690033, 26.343038559, 26.8887062073, 27.4343757629, 27.9800453186, 28.5257129669, 29.0713825226, 29.6170520782, 30.1627197266, 30.7083892822, 31.2540588379, 31.7997264862, 32.3453979492, 32.8794555664, 33.4251251221, 33.9707946777, 34.5164604187, 35.0621299744, 35.5961914062, 36.1302490234, 36.6759185791, 37.2215881348, 37.755645752, 38.2897033691, 38.8469848633, 39.3810424805, 39.9151000977, 40.4607696533, 41.006439209, 41.5404968262, 42.0977783203, 42.6318359375, 43.1775054932, 43.7115631104, 44.257232666, 44.8029022217, 45.3485717773, 45.894241333, 46.439907074, 46.9739685059, 47.5196380615, 48.0653038025, 48.5993652344, 49.1334228516, 49.6674804688, 50.2131500244, 50.7588195801, 51.3044891357, 51.8501586914, 52.3842163086, 52.9182739258, 53.4639434814, 54.0096130371, 54.5436706543, 55.0777320862, 55.6117897034, 56.157459259, 56.7031288147, 57.2371864319, 57.7828559875, 58.3285255432, 58.8625831604, 59.4082527161, 59.9539222717, 60.4879798889, 61.0336494446, 61.5793190002, 62.1249885559, 62.6706581116, 63.2163238525, 63.7503852844, 64.2960510254, 64.8417205811, 65.3757781982, 65.9214477539, 66.4671173096, 67.0127868652, 67.5584564209, 68.1041259766, 68.6381835938, 69.1722412109, 69.7062988281, 70.2519683838, 70.7860336304, 71.3316955566, 71.8773651123, 72.423034668, 72.9570999146, 73.5027618408, 74.0484313965, 74.5824966431, 75.1281585693, 75.673828125, 76.2194976807, 76.7651672363, 77.2992248535, 77.8332901001, 78.3789520264, 78.924621582, 79.4586868286, 79.9927444458, 80.526802063, 81.0608596802, 81.5949172974, 82.1289749146, 82.6630401611, 83.1970977783, 83.719543457, 84.2419967651, 84.7760543823, 85.3101119995, 85.8441696167, 86.3782272339, 86.9122848511, 87.4463500977, 87.9804077148, 88.514465332, 89.0369110107, 89.5593643188, 90.093421936, 90.6274795532, 91.1615371704, 91.6839904785, 92.2064361572, 92.7404937744, 93.251335144, 93.7853927612, 94.3078460693, 94.830291748, 95.3643493652, 95.8984146118, 96.432472229, 96.9084777832, 97.3844909668, 97.860496521, 98.2900695801, 98.7312469482, 99.1608123779, 99.6136016846, 100.066390991, 100.519180298, 100.983581543, 101.447982788, 101.912376404, 102.376777649, 102.841178894, 103.305580139, 103.769973755, 104.245986938, 104.721992493, 105.186393738, 105.778503418, 106.370613098, 106.962722778, 107.554824829, 108.146934509, 108.739044189, 109.33115387, 109.911651611, 110.422492981, 110.933334351, 111.444168091, 111.850517273, 112.268478394, 112.686439514, 113.081176758, 113.475914001, 113.870658875, 114.265396118, 114.660133362, 115.054870605, 115.449615479, 115.855964661, 116.250701904, 116.645439148, 117.040176392, 117.481361389, 117.922538757, 118.363716125, 118.804893494, 119.246078491, 119.687255859, 120.128433228, 120.499954224, 120.87147522, 121.242988586, 121.602897644, 121.962806702, 122.334327698, 122.705848694, 123.065757751, 123.425666809, 123.785575867, 124.145484924, 124.505393982, 124.94657135, 125.387756348, 125.828933716, 126.270111084, 126.711288452, 127.140861511, 127.582038879, 128.011611938, 128.441177368, 128.882354736, 129.311920166, 129.753097534, 130.182678223, 130.623855591, 131.053421021, 131.48298645, 131.912567139, 132.353744507, 132.794921875, 133.236099243, 133.677276611, 134.257781982, 134.838272095, 135.418777466, 135.98765564, 136.568161011, 137.137054443, 137.717544556, 138.298049927, 138.878540039, 139.447433472, 140.016326904, 140.596817017, 141.177322388, 141.757827759, 142.338317871, 142.907211304, 143.476104736, 144.033370972, 144.613876343, 145.194366455, 145.774871826, 146.355377197, 146.93586731, 147.504760742, 148.085250854, 148.642532349, 149.211425781, 149.780319214, 150.349197388, 150.91809082, 151.486984253, 152.055877686, 152.613143921, 153.182037354, 153.750930786, 154.31980896, 154.900314331, 155.480819702, 156.061309814, 156.641815186, 157.222305298, 157.802810669, 158.383300781, 158.963806152, 159.544311523, 160.124801636, 160.693695068, 161.262588501, 161.843078613, 162.423583984, 163.004074097, 163.584579468, 164.16506958, 164.733963013, 165.302856445, 165.871749878, 166.440628052, 166.997909546, 167.578414917, 168.158905029, 168.7394104, 169.319900513, 169.877182007, 170.434463501, 171.003356934, 171.572235107, 172.152740479, 172.73324585, 173.313735962, 173.894241333, 174.486343384, 175.078460693, 175.658950806, 176.251068115, 176.831558228, 177.423675537, 178.004165649, 178.584671021, 179.165161133, 179.745666504, 180.326171875, 180.895050049, 181.463943481, 182.044433594, 182.624938965, 183.193832397, 183.762710571, 184.343215942, 184.923721313, 185.504211426, 186.084716797, 186.653594971, 187.234100342, 187.814605713, 188.395095825, 188.975601196, 189.54447937, 190.124984741, 190.682266235, 191.251159668, 191.83164978, 192.400543213, 192.969436646, 193.549926758, 194.11882019, 194.699310303, 195.291427612, 195.883529663, 196.464035034, 197.044525146, 197.625030518, 198.205535889, 198.786026001, 199.366531372, 199.947021484, 200.515914917, 201.08480835, 201.665298462, 202.245803833, 202.826293945, 203.406799316, 203.987304688, 204.5677948, 205.148300171, 205.728790283, 206.309295654, 206.889785767, 207.458679199, 208.027572632, 208.608062744, 209.188568115, 209.769073486, 210.33795166, 210.906845093, 211.487350464, 212.056228638, 212.636734009, 213.217224121, 213.797729492, 214.378234863, 214.970336914, 215.550842285, 216.131332397, 216.711837769, 217.292327881, 217.861221313, 218.441726685, 219.010604858, 219.567886353, 220.136779785, 220.705657959, 221.262939453, 221.831832886, 222.400726318, 222.981216431, 223.561721802, 224.130615234, 224.699493408, 225.279998779, 225.860488892, 226.440994263, 227.021499634, 227.601989746, 228.182495117, 228.762985229, 229.343490601, 229.923980713, 230.492874146, 231.061767578, 231.64225769, 232.222763062, 232.803268433, 233.383758545, 233.964263916, 234.544754028, 235.125259399, 235.705749512, 236.274642944, 236.866760254, 237.458862305, 238.039367676, 238.619857788, 239.211975098, 239.79246521, 240.372970581, 240.953460693, 241.545578003, 242.137680054, 242.718185425, 243.287063599, 243.855957031, 244.424850464, 244.993743896, 245.597457886, 246.189559937, 246.758453369, 247.33895874, 247.919448853, 248.488342285, 249.057235718, 249.614501953, 250.171783447, 250.717453003, 251.263122559, 251.797180176, 252.331237793, 252.876907349, 253.410964966, 253.945022583, 254.467483521, 255.001541138, 255.535598755, 256.069641113, 256.603729248, 257.137786865, 257.683441162, 258.229125977, 258.763183594, 259.297241211, 259.831298828, 260.365356445, 260.899414062, 261.456695557, 261.990753174, 262.524810791, 263.070465088, 263.616149902, 264.15020752, 264.684265137, 265.241546631, 265.775604248, 266.309661865, 266.855316162, 267.401000977, 267.935058594, 268.480712891, 269.014770508, 269.560455322, 270.094512939, 270.628570557, 271.174224854, 271.719909668, 272.253967285, 272.799621582, 273.345306396, 273.879364014, 274.413421631, 274.959075928, 275.493133545, 276.038818359, 276.572875977, 277.118530273, 277.652587891, 278.198272705, 278.732330322, 279.266387939, 279.800445557, 280.357727051, 280.891784668, 281.425842285, 281.959899902, 282.517181396, 283.051239014, 283.585296631, 284.119354248, 284.676635742, 285.210693359, 285.744750977, 286.278808594, 286.824493408, 287.370147705, 287.904205322, 288.449890137, 288.995544434, 289.529602051, 290.086883545, 290.620941162, 291.154998779, 291.689056396, 292.234741211, 292.780395508, 293.314453125, 293.848510742, 294.394195557, 294.928253174, 295.473907471, 296.007965088, 296.542022705, 297.08770752, 297.633361816, 298.167419434, 298.701477051, 299.247161865, 299.792816162, 300.326873779, 300.860961914, 301.406616211, 301.952270508, 302.486358643, 303.02041626, 303.554473877, 304.088531494, 304.622589111, 305.156646729, 305.690704346, 306.224761963, 306.75881958, 307.316101074, 307.850158691, 308.384216309, 308.918273926, 309.452331543, 309.98638916, 310.520446777, 311.054504395, 311.576965332, 312.099395752, 312.621856689, 313.144317627, 313.678375244, 314.200805664, 314.734863281, 315.257324219, 315.791381836, 316.325439453, 316.85949707, 317.393554688, 317.927612305, 318.438446045, 318.960906982, 319.483337402, 320.01739502, 320.551483154, 321.073913574, 321.596374512, 322.130432129, 322.652862549, 323.186920166, 323.709381104, 324.243438721, 324.754272461, 325.276733398, 325.799163818, 326.333221436, 326.86730957, 327.401367188, 327.935424805, 328.469482422, 329.003540039, 329.560821533, 330.10647583, 330.652160645, 331.186218262, 331.720275879, 332.254333496, 332.788391113, 333.32244873, 333.856506348, 334.390563965, 334.913024902, 335.435455322, 335.969512939, 336.503570557, 337.037628174, 337.560089111, 338.094146729, 338.616607666, 339.139038086, 339.661499023, 340.183929443, 340.683166504, 341.170776367, 341.658416748, 342.157623291, 342.656860352, 343.156097412, 343.655334473, 344.154541016, 344.653778076, 345.164611816, 345.663848877, 346.163085938, 346.650695801, 347.138305664, 347.625946045, 348.113555908, 348.601165771],
    "bpm_histogram": [0, 0, 0, 0, 0, 0, 0, 0, 0, 0, 0, 0, 0, 0, 0, 0, 0, 0, 0, 0, 0, 0, 0, 0, 0, 0, 0, 0, 0, 0, 0, 0, 0, 0, 0, 0, 0, 0, 0, 0, 0, 0, 0, 0, 0, 0, 0, 0, 0, 0, 0, 0, 0, 0, 0, 0, 0, 0, 0, 0, 0, 0, 0, 0, 0, 0, 0, 0, 0, 0, 0, 0, 0, 0, 0, 0, 0, 0, 0, 0, 0, 0, 0, 0, 0, 0, 0, 0, 0, 0, 0, 0, 0, 0, 0, 0, 0, 0, 0, 0.00154320988804, 0, 0.0339506156743, 0, 0.183641970158, 0, 0.0941358059645, 0, 0, 0.0493827164173, 0, 0.189814820886, 0, 0.25, 0, 0, 0.0493827164173, 0, 0.0108024692163, 0, 0, 0.0138888889924, 0, 0, 0.0108024692163, 0, 0, 0.00771604944021, 0, 0, 0.0123456791043, 0, 0, 0, 0.00462962966412, 0, 0, 0.0324074067175, 0, 0, 0, 0.0154320988804, 0, 0, 0, 0.00308641977608, 0, 0, 0, 0.00308641977608, 0, 0, 0, 0.0154320988804, 0, 0, 0, 0, 0, 0, 0, 0, 0.00617283955216, 0.00154320988804, 0, 0, 0, 0, 0.0108024692163, 0, 0, 0, 0, 0, 0, 0, 0, 0, 0, 0, 0, 0, 0, 0, 0, 0, 0, 0, 0, 0, 0, 0, 0, 0, 0, 0, 0, 0, 0, 0, 0, 0, 0, 0, 0, 0, 0, 0, 0, 0, 0, 0, 0, 0, 0, 0, 0, 0, 0, 0, 0, 0, 0, 0, 0, 0, 0, 0, 0, 0, 0, 0, 0, 0, 0, 0, 0, 0, 0, 0, 0, 0, 0, 0, 0, 0, 0, 0, 0, 0, 0]
},
"tonal": {
    "chords_changes_rate": 0.0554300136864,
    "chords_number_rate": 0.00132925692014,
    "chords_strength": {
        "mean": 0.507337212563,
        "stdev": 0.112259037793
    },
    "hpcp_crest": {
        "mean": 14.1302242279,
        "stdev": 6.9249215126
    },
    "hpcp_entropy": {
        "mean": 1.9373344183,
        "stdev": 0.735448479652
    },
    "key_edma": {
        "strength": 0.727971196175,
        "key": "F",
        "scale": "minor"
    },
    "key_krumhansl": {
        "strength": 0.743226230145,
        "key": "F",
        "scale": "minor"
    },
    "key_temperley": {
        "strength": 0.743719100952,
        "key": "F",
        "scale": "minor"
    },
    "tuning_diatonic_strength": 0.579511582851,
    "tuning_equal_tempered_deviation": 0.103686764836,
    "tuning_frequency": 437.465789795,
    "tuning_nontempered_energy_ratio": 0.71748483181,
    "hpcp": {
        "mean": [0.11675671488, 0.0855261012912, 0.0703860446811, 0.111546166241, 0.105920501053, 0.0507182851434, 0.0293359830976, 0.0336922332644, 0.18493051827, 0.397444099188, 0.277230739594, 0.0794921293855, 0.0894309356809, 0.0853883102536, 0.0527536980808, 0.055013358593, 0.0641669780016, 0.0935232788324, 0.144869074225, 0.1120916605, 0.0593188777566, 0.0671620368958, 0.0689825639129, 0.248524457216, 0.520517885685, 0.362789750099, 0.0916132852435, 0.0637704581022, 0.0609461888671, 0.100864514709, 0.180115908384, 0.14940841496, 0.0965072214603, 0.135057151318, 0.11942654103, 0.101198270917],
