{
"metadata": {
    "version": {
        "essentia": "2.1-dev",
        "essentia_git_sha": "v2.1_beta3-415-gd5473f3",
        "extractor": "music 2.0"
    },
    "audio_properties": {
        "analysis": {
            "equal_loudness": 0,
            "length": 239.098770142,
            "sample_rate": 44100,
            "start_time": 0,
            "downmix": "mix"
        },
        "bit_rate": 128000,
        "length": 239.098770142,
        "lossless": 0,
        "number_channels": 2,
        "replay_gain": -7.66900062561,
        "sample_rate": 44100,
        "codec": "mp3",
        "md5_encoded": "c8b387c221df7b29757e6bb83237cecd"
    },
    "tags": {
        "file_name": "seven_mary_three-cumbersome.mp3"
    }
},
"lowlevel": {
    "average_loudness": 0.924825012684,
    "barkbands_crest": {
        "mean": 9.26069927216,
        "stdev": 3.71277976036
    },
    "barkbands_flatness_db": {
        "mean": 0.124605983496,
        "stdev": 0.0755315050483
    },
    "barkbands_kurtosis": {
        "mean": 4.20701265335,
        "stdev": 10.763384819
    },
    "barkbands_skewness": {
        "mean": 1.32244682312,
        "stdev": 1.42582058907
    },
    "barkbands_spread": {
        "mean": 31.5197563171,
        "stdev": 20.0801620483
    },
    "dissonance": {
        "mean": 0.473628938198,
        "stdev": 0.0329932458699
    },
    "dynamic_complexity": 2.96936607361,
    "erbbands_crest": {
        "mean": 8.40962600708,
        "stdev": 4.43553352356
    },
    "erbbands_flatness_db": {
        "mean": 0.138745486736,
        "stdev": 0.0594564937055
    },
    "erbbands_kurtosis": {
        "mean": 1.07199680805,
        "stdev": 3.26258778572
    },
    "erbbands_skewness": {
        "mean": -0.114975854754,
        "stdev": 1.04559659958
    },
    "erbbands_spread": {
        "mean": 40.8352088928,
        "stdev": 18.6249027252
    },
    "hfc": {
        "mean": 26.5384712219,
        "stdev": 23.8537330627
    },
    "loudness_ebu128": {
        "integrated": -15.3415403366,
        "loudness_range": 5.47321796417,
        "momentary": {
            "mean": -16.9363651276,
            "stdev": 8.46918487549
        },
        "short_term": {
            "mean": -16.1181297302,
            "stdev": 4.04024839401
        }
    },
    "melbands_crest": {
        "mean": 14.5081043243,
        "stdev": 5.34029388428
    },
    "melbands_flatness_db": {
        "mean": 0.189135298133,
        "stdev": 0.0946804210544
    },
    "melbands_kurtosis": {
        "mean": 15.096862793,
        "stdev": 24.5049629211
    },
    "melbands_skewness": {
        "mean": 2.75498700142,
        "stdev": 1.95128035545
    },
    "melbands_spread": {
        "mean": 29.7999038696,
        "stdev": 21.9460048676
    },
    "pitch_salience": {
        "mean": 0.551770627499,
        "stdev": 0.12451364845
    },
    "silence_rate_20dB": {
        "mean": 1,
        "stdev": 0
    },
    "silence_rate_30dB": {
        "mean": 0.998737752438,
        "stdev": 0.0355060845613
    },
    "silence_rate_60dB": {
        "mean": 0.0414603352547,
        "stdev": 0.199364215136
    },
    "spectral_centroid": {
        "mean": 1766.68078613,
        "stdev": 810.38494873
    },
    "spectral_complexity": {
        "mean": 23.6735610962,
        "stdev": 11.9283561707
    },
    "spectral_decrease": {
        "mean": -6.43428288427e-09,
        "stdev": 5.30329025139e-09
    },
    "spectral_energy": {
        "mean": 0.0266915615648,
        "stdev": 0.0209431126714
    },
    "spectral_energyband_high": {
        "mean": 0.0014438215876,
        "stdev": 0.00223141582683
    },
    "spectral_energyband_low": {
        "mean": 0.0108131747693,
        "stdev": 0.0164065547287
    },
    "spectral_energyband_middle_high": {
        "mean": 0.00585903180763,
        "stdev": 0.006242739968
    },
    "spectral_energyband_middle_low": {
        "mean": 0.00957761891186,
        "stdev": 0.00975018367171
    },
    "spectral_entropy": {
        "mean": 7.71336650848,
        "stdev": 0.607209503651
    },
    "spectral_flux": {
        "mean": 0.0775135904551,
        "stdev": 0.0540407635272
    },
    "spectral_kurtosis": {
        "mean": 6.30410861969,
        "stdev": 12.1356592178
    },
    "spectral_rms": {
        "mean": 0.00476600602269,
        "stdev": 0.00182366278023
    },
    "spectral_rolloff": {
        "mean": 2144.84912109,
        "stdev": 2179.73071289
    },
    "spectral_skewness": {
        "mean": 1.61205875874,
        "stdev": 0.980712234974
    },
    "spectral_spread": {
        "mean": 4876061,
        "stdev": 1765533.875
    },
    "spectral_strongpeak": {
        "mean": 0.897310674191,
        "stdev": 1.19495177269
    },
    "zerocrossingrate": {
        "mean": 0.0821801647544,
        "stdev": 0.0552042908967
    },
    "barkbands": {
        "mean": [7.87827812019e-05, 0.00649064779282, 0.00334880454466, 0.00193120387848, 0.00265048188157, 0.000729709630832, 0.00146252883133, 0.00143106572796, 0.00115434627514, 0.00063301762566, 0.000627319735941, 0.000664757972118, 0.000576872727834, 0.000416424853029, 0.000393858150346, 0.000617510580923, 0.000771734456066, 0.000441983400378, 0.000626647321042, 0.000404790887842, 0.000296306825476, 0.000217693013838, 0.00017054604541, 0.000192198582226, 0.000202505994821, 0.000154731416842, 5.1199463087e-06],
        "stdev": [0.000269424665021, 0.0130844116211, 0.0050481618382, 0.0021707508713, 0.0040737115778, 0.00129780685529, 0.00367584801279, 0.00389661034569, 0.00276712444611, 0.00175935833249, 0.00176509621087, 0.00159146729857, 0.00142682541627, 0.0009145787335, 0.000886121008079, 0.00102542061359, 0.000900264538359, 0.000519705121405, 0.000631082511973, 0.000583837740123, 0.000370517431293, 0.000383626058465, 0.000472865300253, 0.000571451440919, 0.000545990362298, 0.000257095060078, 8.99764472706e-06]
    },
    "erbbands": {
        "mean": [0.113264642656, 1.68281376362, 4.35149097443, 4.98339128494, 7.23735237122, 10.1396532059, 6.75956106186, 7.06896734238, 12.6234960556, 38.2268562317, 24.1475372314, 26.6325016022, 25.1233730316, 19.2986812592, 29.5228118896, 24.6627655029, 26.4780311584, 21.2283935547, 21.2066001892, 22.2195339203, 38.0201835632, 43.5256652832, 29.0325241089, 29.5826931, 27.4873256683, 18.3614768982, 12.9678382874, 11.6518688202, 7.60992717743, 6.38942098618, 4.75985765457, 3.60862851143, 3.46709680557, 2.39593911171, 1.41034090519, 0.773475408554, 0.261383146048, 0.0328088440001, 0.000740057497751, 5.95107558183e-05],
        "stdev": [0.327838480473, 3.13636779785, 5.97834730148, 5.9338259697, 6.92149686813, 21.0730190277, 12.5115003586, 12.9006824493, 28.5947341919, 104.811286926, 65.2791671753, 71.7215957642, 61.3619384766, 46.7156181335, 76.9482192993, 53.3961029053, 61.0564880371, 46.8421440125, 43.4986877441, 46.1085624695, 59.6314544678, 51.4471855164, 31.0901489258, 29.0817737579, 30.0077533722, 25.6998538971, 16.9398651123, 15.6961641312, 11.4768400192, 18.1878356934, 12.7612600327, 9.95382785797, 10.9693851471, 7.3532948494, 3.23197722435, 1.41251385212, 0.425889968872, 0.0507843755186, 0.00113554426935, 5.43001078768e-05]
    },
    "gfcc": {
        "mean": [2.56830811501, 71.2277297974, -105.847084045, 41.7620582581, -44.0528450012, 10.0047550201, -36.7725639343, 19.3794250488, -29.6841831207, 2.95235610008, -23.6824531555, 1.27827715874, -17.1175498962],
        "cov": [[21317.9101562, -1147.35070801, -1014.48919678, 390.355712891, -869.808776855, 815.454162598, -578.81817627, 554.738464355, -450.459350586, 444.291503906, -466.784729004, 319.850738525, -381.310974121], [-1147.35070801, 1932.14990234, 80.7329483032, -171.402633667, 197.877822876, -329.621276855, 137.20854187, -124.213500977, 81.7747497559, -193.082748413, 135.297302246, -148.230911255, 73.5307159424], [-1014.48919678, 80.7329483032, 1385.5559082, 31.3773269653, 18.5997161865, 180.883575439, -59.9875144958, 31.5591773987, 14.8127717972, 64.3723297119, -45.43176651, 95.5425338745, -43.5689430237], [390.355712891, -171.402633667, 31.3773269653, 445.497039795, 61.745174408, 29.817407608, -15.7225027084, 15.6131000519, 5.86246967316, -10.8125200272, -15.6535873413, -7.54246282578, 35.4218292236], [-869.808776855, 197.877822876, 18.5997161865, 61.745174408, 233.98348999, -51.7944335938, 36.1738128662, -22.2601909637, 13.4487934113, -34.820728302, 12.1395111084, -28.1764411926, 27.233373642], [815.454162598, -329.621276855, 180.883575439, 29.817407608, -51.7944335938, 317.081420898, 32.041633606, 70.9433898926, -31.9038772583, 59.8978919983, -28.8782405853, 59.6143226624, -33.9590454102], [-578.81817627, 137.20854187, -59.9875144958, -15.7225027084, 36.1738128662, 32.041633606, 176.248199463, 11.6934366226, 20.3340339661, -34.2107925415, 27.3394985199, -16.1808929443, 13.5781011581], [554.738464355, -124.213500977, 31.5591773987, 15.6131000519, -22.2601909637, 70.9433898926, 11.6934366226, 128.275787354, 25.8613204956, 36.6528320312, -24.4730415344, 8.45141029358, -20.5540828705], [-450.459350586, 81.7747497559, 14.8127717972, 5.86246967316, 13.4487934113, -31.9038772583, 20.3340339661, 25.8613204956, 105.631278992, 25.3930854797, 20.0437049866, -29.6374168396, 6.0595407486], [444.291503906, -193.082748413, 64.3723297119, -10.8125200272, -34.820728302, 59.8978919983, -34.2107925415, 36.6528320312, 25.3930854797, 111.01815033, 3.41763806343, 27.607629776, -30.1878528595], [-466.784729004, 135.297302246, -45.43176651, -15.6535873413, 12.1395111084, -28.8782405853, 27.3394985199, -24.4730415344, 20.0437049866, 3.41763806343, 87.6455230713, 0.83356064558, 19.8565292358], [319.850738525, -148.230911255, 95.5425338745, -7.54246282578, -28.1764411926, 59.6143226624, -16.1808929443, 8.45141029358, -29.6374168396, 27.607629776, 0.83356064558, 88.4013595581, 1.83268201351], [-381.310974121, 73.5307159424, -43.5689430237, 35.4218292236, 27.233373642, -33.9590454102, 13.5781011581, -20.5540828705, 6.0595407486, -30.1878528595, 19.8565292358, 1.83268201351, 68.4249649048]],
        "icov": [[0.000197408575332, -0.000409509986639, 0.000398490054067, -0.000420392840169, 0.000543344183825, -0.000421576056397, 0.000544337439351, -0.000584884372074, 0.000740751100238, -0.000870140211191, 0.00100790022407, -0.000755895336624, 0.000580605061259], [-0.000409509986639, 0.00192040763795, -0.00117437890731, 0.00132219656371, -0.00150305114221, 0.00148663087748, -0.00146012508776, 0.00122022663709, -0.00178898207378, 0.00315472972579, -0.00346865109168, 0.00269303517416, -0.00130101304967], [0.000398490054067, -0.00117437890731, 0.00182501785457, -0.00100705504883, 0.000873076496646, -0.00157184654381, 0.00161596469115, -0.000884254171979, 0.000701767974533, -0.00189481442794, 0.0028434919659, -0.00298806396313, 0.00180894369259], [-0.000420392840169, 0.00132219656371, -0.00100705504883, 0.00366615178064, -0.00200330535881, 0.000550313212443, -0.000646008818876, 0.000864601403009, -0.00182226521429, 0.00254501216114, -0.00228033773601, 0.00260607642122, -0.00296820094809], [0.000543344183825, -0.00150305114221, 0.000873076496646, -0.00200330535881, 0.00679975142702, -0.000619404425379, 0.000450231716968, -0.00123258680105, 0.0022841442842, -0.00264291907661, 0.00315479701385, -0.00126470648684, 0.00051282934146], [-0.000421576056397, 0.00148663087748, -0.00157184654381, 0.000550313212443, -0.000619404425379, 0.00675840163603, -0.0037743030116, -0.000604487198871, 0.000857373292092, -3.85456260119e-05, -0.00200186111033, 0.000706510327291, -0.000595463614445], [0.000544337439351, -0.00146012508776, 0.00161596469115, -0.000646008818876, 0.000450231716968, -0.0037743030116, 0.00977220479399, -0.00266570714302, -0.000243330912781, 0.00137389474548, 0.000404317717766, -0.00203766883351, 0.00173851498403], [-0.000584884372074, 0.00122022663709, -0.000884254171979, 0.000864601403009, -0.00123258680105, -0.000604487198871, -0.00266570714302, 0.0129082491621, -0.00600337749347, 0.000921107479371, 0.000479762529721, 0.00118414161261, -0.000217160384636], [0.000740751100238, -0.00178898207378, 0.000701767974533, -0.00182226521429, 0.0022841442842, 0.000857373292092, -0.000243330912781, -0.00600337749347, 0.0187087208033, -0.0100947814062, 0.00151946756523, 0.00352587760426, -0.00144382391591], [-0.000870140211191, 0.00315472972579, -0.00189481442794, 0.00254501216114, -0.00264291907661, -3.85456260119e-05, 0.00137389474548, 0.000921107479371, -0.0100947814062, 0.0223058499396, -0.00924639962614, -0.000289782241452, 0.00369959394448], [0.00100790022407, -0.00346865109168, 0.0028434919659, -0.00228033773601, 0.00315479701385, -0.00200186111033, 0.000404317717766, 0.000479762529721, 0.00151946756523, -0.00924639962614, 0.0222667455673, -0.00715304492041, -0.000334024429321], [-0.000755895336624, 0.00269303517416, -0.00298806396313, 0.00260607642122, -0.00126470648684, 0.000706510327291, -0.00203766883351, 0.00118414161261, 0.00352587760426, -0.000289782241452, -0.00715304492041, 0.0221484284848, -0.00770156038925], [0.000580605061259, -0.00130101304967, 0.00180894369259, -0.00296820094809, 0.00051282934146, -0.000595463614445, 0.00173851498403, -0.000217160384636, -0.00144382391591, 0.00369959394448, -0.000334024429321, -0.00770156038925, 0.0230899713933]]
    },
    "melbands": {
        "mean": [0.00142488256097, 0.00237477081828, 0.000980059499852, 0.000598701182753, 0.000307878857711, 0.000154936351464, 0.000214207320823, 0.000420320255216, 0.000175970621058, 0.000166432451806, 0.000122656259919, 7.53622953198e-05, 9.56941730692e-05, 7.7788681665e-05, 6.80644297972e-05, 5.00823880429e-05, 3.77614196623e-05, 3.45857151842e-05, 2.89101426461e-05, 3.23156673403e-05, 4.61455565528e-05, 4.23646670242e-05, 4.07151674153e-05, 1.89637685253e-05, 2.45988430834e-05, 2.34643102885e-05, 1.54795052367e-05, 1.16960090963e-05, 8.53912661114e-06, 7.01859153196e-06, 6.49474395686e-06, 4.37658673036e-06, 3.8823786781e-06, 3.32774902745e-06, 2.70867212748e-06, 2.43690010393e-06, 2.12541885958e-06, 2.4471537472e-06, 2.26544193538e-06, 1.96642326955e-06],
        "stdev": [0.00334003265016, 0.00337845250033, 0.000991474254988, 0.000880913226865, 0.000567653158214, 0.000288079318125, 0.000476254092064, 0.00108313607052, 0.000456493988167, 0.000437009526649, 0.000313083990477, 0.000193071842659, 0.000265195092652, 0.000199209767743, 0.000176973087946, 0.000122691169963, 8.84228866198e-05, 7.40400137147e-05, 6.7573186243e-05, 6.28127963864e-05, 7.35649227863e-05, 5.59621112188e-05, 4.338916915e-05, 2.4566814318e-05, 2.51904930337e-05, 2.49847198575e-05, 1.98751386051e-05, 1.93814885279e-05, 1.20204522318e-05, 9.28360532271e-06, 9.63443835644e-06, 6.95774406267e-06, 7.64960532251e-06, 1.11393983389e-05, 7.98104247224e-06, 6.14781674813e-06, 6.45563886792e-06, 7.88717625255e-06, 7.79913534643e-06, 5.85681618759e-06]
    },
    "melbands128": {
        "mean": [7.300501602e-05, 0.000622680992819, 0.00185373413842, 0.00320201413706, 0.00266916514374, 0.00142863322981, 0.000947249180172, 0.00100311182905, 0.00074184150435, 0.000396805233322, 0.000670766690746, 0.000466869823867, 0.000185402008356, 0.000147534738062, 0.000157065253006, 0.000152517532115, 0.00017194863176, 0.0001827563392, 0.000225759853492, 0.00056802429026, 0.000402258126996, 0.000286544556729, 7.78354442446e-05, 0.000138069939567, 0.000221841575694, 0.000124460377265, 0.000171993087861, 0.000113359252282, 0.000107451021904, 6.54400791973e-05, 7.00737000443e-05, 7.762783207e-05, 0.000107240281068, 9.06115819816e-05, 0.000115649076179, 6.00240018684e-05, 4.37468152086e-05, 7.92388236732e-05, 7.92471182649e-05, 5.07460645167e-05, 4.18373892899e-05, 5.01051144965e-05, 3.58352990588e-05, 3.10506293317e-05, 4.15743961639e-05, 3.44099353242e-05, 2.91205415124e-05, 2.92124113912e-05, 2.82239452645e-05, 2.89393519779e-05, 2.95658519462e-05, 3.37082456099e-05, 5.97831276536e-05, 4.62352072645e-05, 3.00293431792e-05, 3.78381082555e-05, 5.40972250747e-05, 5.93090298935e-05, 3.03694669128e-05, 1.82879575732e-05, 1.99873884412e-05, 1.68422338902e-05, 1.81374816748e-05, 2.71251192316e-05, 3.4988639527e-05, 2.16031294258e-05, 1.80144415936e-05, 2.03415202122e-05, 1.39224384839e-05, 1.07101859612e-05, 1.12761463242e-05, 1.34573419928e-05, 9.77623494691e-06, 7.38234621167e-06, 7.42873726267e-06, 5.94247921981e-06, 7.59784643378e-06, 7.85300926509e-06, 6.44873489364e-06, 5.04629997522e-06, 4.95664244227e-06, 3.67455231753e-06, 3.60787862519e-06, 4.04249840358e-06, 4.1462453737e-06, 3.49061360794e-06, 3.10792984237e-06, 2.81325560536e-06, 2.38572647504e-06, 3.03813317259e-06, 2.6928726129e-06, 2.14988654079e-06, 2.13240514313e-06, 2.06128538593e-06, 2.07876541936e-06, 2.53562052421e-06, 2.44359443968e-06, 2.5099720915e-06, 2.41521479438e-06, 2.06264439839e-06, 1.91900971913e-06, 2.00111912818e-06, 1.94426456801e-06, 1.88182775673e-06, 1.52740460635e-06, 1.38693940244e-06, 1.30165233259e-06, 1.55871839524e-06, 1.24489793052e-06, 1.43292550092e-06, 1.1108381841e-06, 9.60726197263e-07, 8.20397588086e-07, 6.63743094265e-07, 4.92109279548e-07, 3.19663826076e-07, 1.93913862745e-07, 3.24447704259e-08, 4.93849188973e-12, 4.07858035539e-12, 3.92756313583e-12, 3.81472978206e-12, 3.71287852893e-12, 3.63068364435e-12, 3.5715562452e-12, 3.52929187611e-12, 3.4969093593e-12, 3.46975139592e-12],
        "stdev": [0.000257875071838, 0.00219989893958, 0.00524010322988, 0.00552363228053, 0.00376345403492, 0.00230619637296, 0.00135146104731, 0.00110390060581, 0.000848964322358, 0.000730661093257, 0.00169314257801, 0.000956504081842, 0.000467567937449, 0.000284599227598, 0.000301797641441, 0.000398168049287, 0.000557921535801, 0.000607733847573, 0.000742527947295, 0.00193142273929, 0.00121028884314, 0.00113770144526, 0.000291340285912, 0.000464428798296, 0.000811563164461, 0.000402725359891, 0.000558733765502, 0.000396666117013, 0.00044439706835, 0.000221028429223, 0.000286945083644, 0.00026323509519, 0.00040759507101, 0.000324603839545, 0.000380204146495, 0.000182731659152, 0.000145280879224, 0.000261050707195, 0.000256787374383, 0.000165176272276, 0.000166515732417, 0.00015638959303, 0.000113546877401, 9.95467053144e-05, 0.000113510002848, 9.703230171e-05, 0.000100428740552, 8.7360960606e-05, 9.38488738029e-05, 8.22564106784e-05, 7.57788002375e-05, 7.87623575889e-05, 0.000129728054162, 7.70039478084e-05, 5.59138570679e-05, 7.84736330388e-05, 7.23396515241e-05, 8.00824564067e-05, 4.31955049862e-05, 2.74037010968e-05, 3.34940814355e-05, 2.32073343795e-05, 2.2890882974e-05, 3.39969010383e-05, 5.12005244673e-05, 2.70694035862e-05, 2.52880745393e-05, 3.07387417706e-05, 2.15275831579e-05, 1.46267493619e-05, 1.65690853464e-05, 3.94029375457e-05, 1.51478334374e-05, 1.12432699098e-05, 1.37872602863e-05, 8.63087097969e-06, 1.10546980068e-05, 1.28836845761e-05, 1.07810610643e-05, 1.18324196592e-05, 9.10979360924e-06, 6.15778844804e-06, 6.59309307594e-06, 6.92670437275e-06, 1.31742999656e-05, 1.36378475872e-05, 1.24625057651e-05, 9.45919055084e-06, 8.61854914547e-06, 8.57711165736e-06, 7.18023375157e-06, 5.97918096901e-06, 6.20649643679e-06, 6.38119900032e-06, 7.67498841014e-06, 8.6066638687e-06, 8.33245030663e-06, 8.38396772451e-06, 8.79891740624e-06, 7.85219890531e-06, 6.86117527948e-06, 5.8420177993e-06, 5.54344114789e-06, 4.70381064588e-06, 3.74641626877e-06, 3.2820830711e-06, 2.8864315027e-06, 3.12041788675e-06, 2.5712331535e-06, 2.69851989287e-06, 2.10667940337e-06, 1.65074413871e-06, 1.44022715176e-06, 1.10836049316e-06, 8.25342283406e-07, 5.0297683174e-07, 3.32169179273e-07, 6.97451767451e-08, 1.23685870573e-11, 6.24169726321e-12, 6.02955792933e-12, 5.86022549931e-12, 5.72006070981e-12, 5.60590115994e-12, 5.51202052751e-12, 5.43912831441e-12, 5.38602886249e-12, 5.35305003449e-12]
    },
    "mfcc": {
        "mean": [-636.413024902, 103.465591431, -0.851055562496, 35.806350708, 12.9347324371, 0.552900731564, 5.92646217346, 7.97515153885, 4.23057174683, 0.253369629383, 0.828867912292, 1.40652370453, -2.2141828537],
        "cov": [[11044.0537109, -915.124694824, -480.316040039, -273.155212402, -212.708435059, 101.155273438, 8.32514381409, 64.5620269775, 104.738769531, 74.783164978, 93.025100708, 115.056312561, 161.664611816], [-915.124694824, 1490.70800781, 18.4729862213, 18.7840652466, 5.26311063766, -97.2398376465, 16.8316783905, 15.6150665283, -36.7488021851, -28.970085144, 25.5520153046, 11.5100259781, -14.4715280533], [-480.316040039, 18.4729862213, 1080.12036133, 0.0782106816769, 149.412918091, 149.464233398, 2.86104989052, 53.8868293762, 35.3577156067, 34.6916046143, 38.1183128357, -8.12069892883, 55.9207420349], [-273.155212402, 18.7840652466, 0.0782106816769, 366.696533203, 110.12474823, 2.56624889374, -5.17425394058, 1.58764374256, 21.4396190643, 3.57527661324, -29.0151939392, -0.137082010508, -20.1102199554], [-212.708435059, 5.26311063766, 149.412918091, 110.12474823, 205.409500122, 37.2815742493, -3.22047734261, -3.46836185455, 15.0643768311, 16.8363571167, 4.33777093887, -13.4916687012, -6.04301977158], [101.155273438, -97.2398376465, 149.464233398, 2.56624889374, 37.2815742493, 165.73324585, 62.2267723083, 37.3948898315, 11.3904485703, 7.28393173218, 5.5151219368, -6.80580663681, 11.8469419479], [8.32514381409, 16.8316783905, 2.86104989052, -5.17425394058, -3.22047734261, 62.2267723083, 125.136253357, 62.4223136902, 12.1875286102, -6.89205360413, 1.49799048901, 4.79081916809, 2.23933720589], [64.5620269775, 15.6150665283, 53.8868293762, 1.58764374256, -3.46836185455, 37.3948898315, 62.4223136902, 108.817001343, 40.2515983582, 6.16379833221, 4.44478559494, -0.0749177411199, 6.19456720352], [104.738769531, -36.7488021851, 35.3577156067, 21.4396190643, 15.0643768311, 11.3904485703, 12.1875286102, 40.2515983582, 85.1063079834, 43.4617004395, 11.945775032, 1.15283453465, 0.360298454762], [74.783164978, -28.970085144, 34.6916046143, 3.57527661324, 16.8363571167, 7.28393173218, -6.89205360413, 6.16379833221, 43.4617004395, 78.378944397, 40.0436477661, 6.22677135468, -0.645138561726], [93.025100708, 25.5520153046, 38.1183128357, -29.0151939392, 4.33777093887, 5.5151219368, 1.49799048901, 4.44478559494, 11.945775032, 40.0436477661, 75.6830978394, 29.3889980316, 9.64234447479], [115.056312561, 11.5100259781, -8.12069892883, -0.137082010508, -13.4916687012, -6.80580663681, 4.79081916809, -0.0749177411199, 1.15283453465, 6.22677135468, 29.3889980316, 61.5752677917, 29.5097675323], [161.664611816, -14.4715280533, 55.9207420349, -20.1102199554, -6.04301977158, 11.8469419479, 2.23933720589, 6.19456720352, 0.360298454762, -0.645138561726, 9.64234447479, 29.5097675323, 66.2200241089]],
        "icov": [[0.000107784493593, 5.38933309144e-05, 7.79408655944e-05, 5.1823702961e-05, 4.60464252683e-05, -0.000110228713311, 9.34424024308e-05, -6.22284860583e-05, -0.000125131104141, 1.81596915354e-05, -0.000104534774437, -4.59070761281e-05, -0.000238319378695], [5.38933309144e-05, 0.000778966816142, -5.99542363489e-05, -5.85991692788e-05, -4.9731854233e-05, 0.000647949287668, -0.000301282387227, -0.000280048698187, 0.000318117294228, 0.000337437086273, -0.000598087965045, 4.88232217322e-05, 5.43102869415e-05], [7.79408655944e-05, -5.99542363489e-05, 0.00136162003037, 0.000217249922571, -0.00078619341366, -0.00118421530351, 0.000929528556298, -0.000700980715919, -0.000195057611563, 5.34715072718e-05, -0.000573372177314, 0.000551656587049, -0.00127376138698], [5.1823702961e-05, -5.85991692788e-05, 0.000217249922571, 0.00374818011187, -0.00216821325012, -0.000112105029984, 0.000399151031161, -0.000345306005329, -0.000678653770592, -0.000536686333362, 0.00256844889373, -0.00236686691642, 0.00133570947219], [4.60464252683e-05, -4.9731854233e-05, -0.00078619341366, -0.00216821325012, 0.00707940431312, -0.00098803138826, -6.13328884356e-05, 0.00132419948932, -0.000659581564832, -0.000211549908272, -0.00144805107266, 0.00204300764017, -0.000114871159894], [-0.000110228713311, 0.000647949287668, -0.00118421530351, -0.000112105029984, -0.00098803138826, 0.00987128634006, -0.00508526945487, -0.000206539378269, 0.00105398916639, -0.000770914310124, -0.000482263742015, 0.00203145830892, -0.00113648944534], [9.34424024308e-05, -0.000301282387227, 0.000929528556298, 0.000399151031161, -6.13328884356e-05, -0.00508526945487, 0.014297761023, -0.00733134988695, 0.000632099050563, 0.00148574693594, 0.000124652826344, -0.0025191293098, 0.00126426666975], [-6.22284860583e-05, -0.000280048698187, -0.000700980715919, -0.000345306005329, 0.00132419948932, -0.000206539378269, -0.00733134988695, 0.0169719289988, -0.00833608210087, 0.00331008154899, -0.00162291305605, 0.00212198402733, -0.00123582559172], [-0.000125131104141, 0.000318117294228, -0.000195057611563, -0.000678653770592, -0.000659581564832, 0.00105398916639, 0.000632099050563, -0.00833608210087, 0.0223701223731, -0.0133951716125, 0.0043270192109, -0.00133644067682, 0.000556585611776], [1.81596915354e-05, 0.000337437086273, 5.34715072718e-05, -0.000536686333362, -0.000211549908272, -0.000770914310124, 0.00148574693594, 0.00331008154899, -0.0133951716125, 0.0273468587548, -0.0144311422482, 0.00390429934487, 0.000280749227386], [-0.000104534774437, -0.000598087965045, -0.000573372177314, 0.00256844889373, -0.00144805107266, -0.000482263742015, 0.000124652826344, -0.00162291305605, 0.0043270192109, -0.0144311422482, 0.0266278777272, -0.0130376722664, 0.00325900013559], [-4.59070761281e-05, 4.88232217322e-05, 0.000551656587049, -0.00236686691642, 0.00204300764017, 0.00203145830892, -0.0025191293098, 0.00212198402733, -0.00133644067682, 0.00390429934487, -0.0130376722664, 0.0290229618549, -0.012342040427], [-0.000238319378695, 5.43102869415e-05, -0.00127376138698, 0.00133570947219, -0.000114871159894, -0.00113648944534, 0.00126426666975, -0.00123582559172, 0.000556585611776, 0.000280749227386, 0.00325900013559, -0.012342040427, 0.0224670078605]]
    },
    "spectral_contrast_coeffs": {
        "mean": [-0.713657021523, -0.767668783665, -0.785266757011, -0.795736074448, -0.788026452065, -0.768435120583],
        "stdev": [0.0565806999803, 0.0807860568166, 0.066755823791, 0.0495816394687, 0.0388774052262, 0.046844702214]
    },
    "spectral_contrast_valleys": {
        "mean": [-6.71773338318, -6.99114370346, -7.56545591354, -7.61441278458, -7.27058744431, -10.0553894043],
        "stdev": [1.5638487339, 1.3930273056, 1.42716777325, 1.460105896, 1.53471302986, 1.67113053799]
    }
},
"rhythm": {
    "beats_count": 637,
    "beats_loudness": {
        "mean": 0.033825982362,
        "stdev": 0.018715698272
    },
    "bpm": 162.390853882,
    "bpm_histogram_first_peak_bpm": 161,
    "bpm_histogram_first_peak_weight": 0.119760453701,
    "bpm_histogram_second_peak_bpm": 167,
    "bpm_histogram_second_peak_spread": 0,
    "bpm_histogram_second_peak_weight": 0.143081754446,
    "danceability": 1.11518263817,
    "onset_rate": 2.99432373047,
    "beats_loudness_band_ratio": {
        "mean": [0.460218966007, 0.137762457132, 0.14400075376, 0.0882707536221, 0.110976539552, 0.095651358366],
        "stdev": [0.29362398386, 0.123035594821, 0.160583361983, 0.110892012715, 0.127739205956, 0.0990977659822]
    },
    "beats_position": [0.406349211931, 0.801088392735, 1.17260766029, 1.54412698746, 1.91564619541, 2.28716540337, 2.6470746994, 3.01859402657, 3.39011335373, 3.76163268089, 4.12154197693, 4.48145103455, 4.841360569, 5.21287965775, 5.58439922333, 5.95591831207, 6.32743740082, 6.68734693527, 7.05886602402, 7.41877555847, 7.80190467834, 8.18503379822, 8.56816291809, 8.93968200684, 9.31120204926, 9.682721138, 10.0542402267, 10.4257593155, 10.7856683731, 11.1455783844, 11.5170974731, 11.8886165619, 12.2601356506, 12.6316547394, 12.9799547195, 13.3630838394, 13.7346029282, 14.1061220169, 14.4660310745, 14.8375511169, 15.2090702057, 15.5805892944, 15.9521083832, 16.3236274719, 16.6835365295, 17.0434455872, 17.4033565521, 17.7632656097, 18.1347846985, 18.5063037872, 18.877822876, 19.2609519958, 19.6208610535, 19.9923801422, 20.363899231, 20.7354183197, 21.1069393158, 21.4784584045, 21.8499774933, 22.221496582, 22.5930156708, 22.9645347595, 23.3360538483, 23.707572937, 24.0674819946, 24.4273910522, 24.7989120483, 25.158821106, 25.5187301636, 25.8902492523, 26.2617683411, 26.6332874298, 27.0048065186, 27.3763256073, 27.747844696, 28.1193637848, 28.4908847809, 28.8624038696, 29.2339229584, 29.6054420471, 29.9769611359, 30.3484802246, 30.7199993134, 31.0915184021, 31.4630374908, 31.8345565796, 32.2060775757, 32.5775947571, 32.9491157532, 33.3206329346, 33.6921539307, 34.0636711121, 34.4351921082, 34.8067131042, 35.1782302856, 35.5497512817, 35.9212684631, 36.2927894592, 36.6643066406, 37.0358276367, 37.4073448181, 37.7672538757, 38.1271629333, 38.4986839294, 38.8702049255, 39.2417221069, 39.6016311646, 39.9615402222, 40.3330612183, 40.7045783997, 41.0760993958, 41.4476165771, 41.8191375732, 42.1906585693, 42.5621757507, 42.9336967468, 43.3052139282, 43.6767349243, 44.0482521057, 44.4081611633, 44.7796821594, 45.1628112793, 45.5343284607, 45.9058494568, 46.2773704529, 46.6488876343, 47.0204086304, 47.3919258118, 47.7634468079, 48.1349639893, 48.5064849854, 48.8780021667, 49.2495231628, 49.6094322205, 49.9693412781, 50.3408622742, 50.7123794556, 51.0839004517, 51.4438095093, 51.8153266907, 52.1868476868, 52.5583648682, 52.9182739258, 53.2897949219, 53.661315918, 54.0328330994, 54.4043540955, 54.7758712769, 55.1473922729, 55.5189094543, 55.8904304504, 56.2619476318, 56.6334686279, 57.0049858093, 57.3765068054, 57.7480278015, 58.1195449829, 58.491065979, 58.8625831604, 59.2341041565, 59.6056213379, 59.977142334, 60.3486595154, 60.708568573, 61.0684814453, 61.4399986267, 61.8115196228, 62.1830368042, 62.5545578003, 62.9260749817, 63.2975959778, 63.6691131592, 64.0406341553, 64.4121551514, 64.7836685181, 65.1551895142, 65.5267105103, 65.8982315063, 66.2697525024, 66.6412658691, 67.0127868652, 67.3843078613, 67.7558288574, 68.1273422241, 68.4988632202, 68.8703842163, 69.2419052124, 69.6134262085, 69.9849395752, 70.3448486328, 70.7047576904, 71.0762786865, 71.4361877441, 71.7960968018, 72.1676177979, 72.5507507324, 72.9222640991, 73.2821731567, 73.6536941528, 74.0136032104, 74.3735122681, 74.7566452026, 75.1397705078, 75.5112915039, 75.8944168091, 76.2775497437, 76.6490707397, 77.0205917358, 77.3921051025, 77.7520141602, 78.1119232178, 78.4834442139, 78.85496521, 79.2264862061, 79.5979995728, 79.9695205688, 80.3410415649, 80.712562561, 81.0840835571, 81.4555969238, 81.8271179199, 82.198638916, 82.5701599121, 82.9416732788, 83.3131942749, 83.684715271, 84.0562362671, 84.4277572632, 84.7992706299, 85.170791626, 85.5307006836, 85.9022216797, 86.2737426758, 86.6452560425, 87.0167770386, 87.3766860962, 87.7482070923, 88.1081161499, 88.4680252075, 88.8395462036, 89.2110671997, 89.5825805664, 89.9541015625, 90.3256225586, 90.6971435547, 91.0686569214, 91.4401779175, 91.8116989136, 92.1832199097, 92.5431289673, 92.9030380249, 93.274559021, 93.6460723877, 94.0175933838, 94.3891143799, 94.760635376, 95.1321487427, 95.5036697388, 95.8751907349, 96.246711731, 96.6182327271, 96.9897460938, 97.3612670898, 97.7327880859, 98.104309082, 98.4758224487, 98.8473434448, 99.2188644409, 99.590385437, 99.9619064331, 100.321815491, 100.681724548, 101.053237915, 101.424758911, 101.796279907, 102.167800903, 102.53931427, 102.910835266, 103.282356262, 103.653877258, 104.025398254, 104.396911621, 104.768432617, 105.139953613, 105.511474609, 105.882987976, 106.254508972, 106.61441803, 106.974327087, 107.345848083, 107.71736908, 108.088890076, 108.472015381, 108.843536377, 109.226661682, 109.58657074, 109.958091736, 110.318000793, 110.68952179, 111.061042786, 111.432563782, 111.804077148, 112.175598145, 112.547119141, 112.918640137, 113.290153503, 113.6616745, 114.033195496, 114.404716492, 114.776237488, 115.147750854, 115.519271851, 115.879180908, 116.239089966, 116.610610962, 116.982131958, 117.353645325, 117.725166321, 118.096687317, 118.468208313, 118.828117371, 119.188026428, 119.571151733, 119.942672729, 120.314193726, 120.685714722, 121.068840027, 121.440361023, 121.811882019, 122.183395386, 122.554916382, 122.926437378, 123.286346436, 123.657867432, 124.029388428, 124.400901794, 124.772422791, 125.143943787, 125.515464783, 125.87537384, 126.246894836, 126.618408203, 126.989929199, 127.361450195, 127.732971191, 128.104492188, 128.476013184, 128.847518921, 129.219039917, 129.590560913, 129.962081909, 130.321990967, 130.681900024, 131.053421021, 131.424942017, 131.796463013, 132.167984009, 132.539505005, 132.911010742, 133.282531738, 133.654052734, 134.02557373, 134.397094727, 134.757003784, 135.116912842, 135.488433838, 135.859954834, 136.23147583, 136.602996826, 136.974502563, 137.34602356, 137.717544556, 138.089065552, 138.448974609, 138.832107544, 139.20362854, 139.575149536, 139.946670532, 140.31817627, 140.678085327, 141.037994385, 141.397918701, 141.769424438, 142.140945435, 142.512466431, 142.895599365, 143.2787323, 143.661849976, 144.033370972, 144.404891968, 144.776412964, 145.14793396, 145.519454956, 145.902587891, 146.285705566, 146.657226562, 147.028747559, 147.400268555, 147.771789551, 148.143310547, 148.526443481, 148.909561157, 149.281082153, 149.652603149, 150.024124146, 150.40725708, 150.790390015, 151.161895752, 151.533416748, 151.904937744, 152.27645874, 152.647979736, 153.019500732, 153.402633667, 153.785751343, 154.157272339, 154.540405273, 154.923538208, 155.306671143, 155.689788818, 156.061309814, 156.432830811, 156.804351807, 157.187484741, 157.593826294, 158.000183105, 158.406524658, 158.801269531, 159.195999146, 159.602355957, 160.00869751, 160.415054321, 160.809799194, 161.204528809, 161.61088562, 162.005615234, 162.388748169, 162.771881104, 163.1434021, 163.526535034, 163.90965271, 164.292785645, 164.675918579, 165.047439575, 165.418960571, 165.790466309, 166.161987305, 166.545120239, 166.928253174, 167.311386108, 167.694503784, 168.054412842, 168.414321899, 168.785842896, 169.157363892, 169.528884888, 169.900405884, 170.27192688, 170.643447876, 171.014968872, 171.386474609, 171.757995605, 172.129516602, 172.501037598, 172.872558594, 173.255691528, 173.638824463, 174.0103302, 174.381851196, 174.753372192, 175.136505127, 175.519638062, 175.902755737, 176.285888672, 176.657409668, 177.028930664, 177.40045166, 177.771972656, 178.143493652, 178.515014648, 178.874923706, 179.246429443, 179.606338501, 179.977859497, 180.349380493, 180.709289551, 181.069198608, 181.440719604, 181.812240601, 182.183761597, 182.555282593, 182.938415527, 183.309921265, 183.693054199, 184.076187134, 184.44770813, 184.830841064, 185.202362061, 185.585479736, 185.957000732, 186.31690979, 186.688430786, 187.059951782, 187.431472778, 187.802993774, 188.162902832, 188.52281189, 188.894332886, 189.277450562, 189.648971558, 190.032104492, 190.403625488, 190.775146484, 191.14666748, 191.518188477, 191.889694214, 192.26121521, 192.632736206, 192.992645264, 193.36416626, 193.724075317, 194.095596313, 194.46711731, 194.838638306, 195.210159302, 195.570068359, 195.929977417, 196.301498413, 196.673019409, 197.044525146, 197.416046143, 197.787567139, 198.159088135, 198.530609131, 198.902130127, 199.273651123, 199.645172119, 200.016693115, 200.399810791, 200.759719849, 201.131240845, 201.502761841, 201.874282837, 202.245803833, 202.617324829, 202.988845825, 203.360351562, 203.720275879, 204.080184937, 204.451690674, 204.811599731, 205.171508789, 205.543029785, 205.914550781, 206.286071777, 206.657592773, 207.02911377, 207.400634766, 207.760543823, 208.120452881, 208.491973877, 208.863494873, 209.23500061, 209.606521606, 209.978042603, 210.349563599, 210.721084595, 211.092605591, 211.464126587, 211.835647583, 212.218765259, 212.590286255, 212.961807251, 213.333328247, 213.704849243, 214.087982178, 214.459503174, 214.831008911, 215.202529907, 215.574050903, 215.933959961, 216.293869019, 216.665390015, 217.036911011, 217.408432007, 217.779953003, 218.151473999, 218.522994995, 218.894515991, 219.266021729, 219.625930786, 219.985839844, 220.345748901, 220.705657959, 221.077178955, 221.46031189, 221.831832886, 222.203353882, 222.563262939, 222.934783936, 223.306304932, 223.677825928, 224.072555542, 224.467300415, 224.862030029, 225.256774902, 225.663131714, 226.057861328, 226.46421814, 226.870559692, 227.276916504, 227.671646118, 228.066390991, 228.461135864, 228.84425354, 229.180953979, 229.51763916, 229.854324341, 230.191009521, 230.562530518, 230.934051514, 231.30557251, 231.677093506, 232.118270874, 232.559448242, 233.00062561, 233.476638794, 233.952651978, 234.417053223, 234.927886963, 235.450332642, 235.961181641, 236.472015381, 236.982849121, 237.49369812, 238.00453186, 238.515365601],
    "bpm_histogram": [0, 0, 0, 0, 0, 0, 0, 0, 0, 0, 0, 0, 0, 0, 0, 0, 0, 0, 0, 0, 0, 0, 0, 0, 0, 0, 0, 0, 0, 0, 0, 0, 0, 0, 0, 0, 0, 0, 0, 0, 0, 0, 0, 0, 0, 0, 0, 0, 0, 0, 0, 0, 0, 0, 0, 0, 0, 0, 0, 0, 0, 0, 0, 0, 0, 0, 0, 0, 0, 0, 0, 0, 0, 0, 0, 0, 0, 0, 0, 0, 0, 0, 0, 0, 0, 0, 0, 0, 0, 0, 0, 0, 0, 0, 0, 0, 0, 0, 0, 0, 0, 0, 0, 0, 0, 0, 0, 0, 0, 0, 0, 0, 0, 0, 0, 0.00157232698984, 0, 0.0110062891617, 0, 0, 0, 0, 0, 0, 0, 0, 0.00314465397969, 0, 0, 0.00157232698984, 0, 0, 0, 0, 0, 0, 0.00471698120236, 0, 0, 0, 0, 0, 0, 0, 0, 0, 0, 0, 0.0172955971211, 0, 0, 0, 0.0220125783235, 0, 0, 0, 0, 0.0943396240473, 0, 0, 0, 0.621069192886, 0.0723270475864, 0, 0, 0, 0, 0.143081754446, 0, 0, 0, 0, 0.00157232698984, 0, 0, 0, 0, 0, 0.00628930795938, 0, 0, 0, 0, 0, 0, 0, 0, 0, 0, 0, 0, 0, 0, 0, 0, 0, 0, 0, 0, 0, 0, 0, 0, 0, 0, 0, 0, 0, 0, 0, 0, 0, 0, 0, 0, 0, 0, 0, 0, 0, 0, 0, 0, 0, 0, 0, 0, 0, 0, 0, 0, 0, 0, 0, 0, 0, 0, 0, 0, 0, 0, 0, 0, 0, 0, 0, 0, 0, 0, 0]
},
"tonal": {
    "chords_changes_rate": 0.062912620604,
    "chords_number_rate": 0.00174757279456,
    "chords_strength": {
        "mean": 0.496024906635,
        "stdev": 0.149538636208
    },
    "hpcp_crest": {
        "mean": 13.3894205093,
        "stdev": 7.0242857933
    },
    "hpcp_entropy": {
        "mean": 2.06065797806,
        "stdev": 0.841414988041
    },
    "key_edma": {
        "strength": 0.655002117157,
        "key": "B",
        "scale": "major"
    },
    "key_krumhansl": {
        "strength": 0.662869691849,
        "key": "B",
        "scale": "major"
    },
    "key_temperley": {
        "strength": 0.673733353615,
        "key": "B",
        "scale": "major"
    },
    "tuning_diatonic_strength": 0.575594782829,
    "tuning_equal_tempered_deviation": 0.0472210198641,
    "tuning_frequency": 441.527557373,
    "tuning_nontempered_energy_ratio": 0.72408747673,
    "hpcp": {
        "mean": [0.110872283578, 0.0621359273791, 0.0584604553878, 0.0676292553544, 0.0687729939818, 0.134111002088, 0.214701667428, 0.166868314147, 0.0939354524016, 0.0810597166419, 0.0784319043159, 0.146517187357, 0.209841400385, 0.136648982763, 0.0602219551802, 0.0491765365005, 0.0425196141005, 0.0528941676021, 0.0710352137685, 0.0940698981285, 0.22403049469, 0.28587821126, 0.162950798869, 0.0779380872846, 0.0604162551463, 0.0694258511066, 0.259045690298, 0.401650011539, 0.231768190861, 0.0738502591848, 0.0542449578643, 0.0672335848212, 0.0942605435848, 0.102556377649, 0.0860764235258, 0.111942991614],
        "stdev": [0.24089409411, 0.150798738003, 0.136676087976, 0.147307306528, 0.172342613339, 0.232003778219, 0.332718968391, 0.264899492264, 0.202167585492, 0.182243600488, 0.178126454353, 0.222373113036, 0.291274130344, 0.202100396156, 0.130039155483, 0.124438010156, 0.116004414856, 0.121044673026, 0.147670865059, 0.170553252101, 0.286358326674, 0.367522090673, 0.238128662109, 0.166145905852, 0.145282492042, 0.151877582073, 0.298046499491, 0.40855756402, 0.282286465168, 0.16204982996, 0.132624268532, 0.152170687914, 0.172822207212, 0.18034504354, 0.160051122308, 0.227565735579]
    },
    "chords_histogram": [10.5436897278, 0.834951460361, 21.6893196106, 0, 0.135922327638, 0.116504855454, 0.873786389828, 0.077669903636, 0, 0, 0, 0, 0, 2.56310677528, 0, 1.72815537453, 0, 1.53398060799, 0, 14.7378644943, 13.8640775681, 14.9320392609, 16, 0.368932038546],
