{
"metadata": {
    "version": {
        "essentia": "2.1-dev",
        "essentia_git_sha": "v2.1_beta3-415-gd5473f3",
        "extractor": "music 2.0"
    },
    "audio_properties": {
        "analysis": {
            "equal_loudness": 0,
            "length": 285.831848145,
            "sample_rate": 44100,
            "start_time": 0,
            "downmix": "mix"
        },
        "bit_rate": 192000,
        "length": 285.831848145,
        "lossless": 0,
        "number_channels": 2,
        "replay_gain": -12.0706005096,
        "sample_rate": 44100,
        "codec": "mp3",
        "md5_encoded": "b8e656ddd102f0d00361c521ea3ae9fd"
    },
    "tags": {
        "file_name": "silverchair-too_much_of_not_enough.mp3",
        "album": ["The Greatest View"],
        "artist": ["Silverchair"],
        "genre": ["Hard Rock"],
        "title": ["Too Much of Not Enough"]
    }
},
"lowlevel": {
    "average_loudness": 0.943187713623,
    "barkbands_crest": {
        "mean": 9.79953098297,
        "stdev": 3.91171479225
    },
    "barkbands_flatness_db": {
        "mean": 0.116065405309,
        "stdev": 0.046829815954
    },
    "barkbands_kurtosis": {
        "mean": 4.83653068542,
        "stdev": 39.8926010132
    },
    "barkbands_skewness": {
        "mean": 1.52514457703,
        "stdev": 1.77381491661
    },
    "barkbands_spread": {
        "mean": 33.5196609497,
        "stdev": 16.2528629303
    },
    "dissonance": {
        "mean": 0.4772387743,
        "stdev": 0.0241415686905
    },
    "dynamic_complexity": 2.60507726669,
    "erbbands_crest": {
        "mean": 7.72960710526,
        "stdev": 3.52677059174
    },
    "erbbands_flatness_db": {
        "mean": 0.133317902684,
        "stdev": 0.0378340817988
    },
    "erbbands_kurtosis": {
        "mean": 0.371208995581,
        "stdev": 1.73449981213
    },
    "erbbands_skewness": {
        "mean": -0.479233086109,
        "stdev": 0.796236336231
    },
    "erbbands_spread": {
        "mean": 44.2456855774,
        "stdev": 15.8929719925
    },
    "hfc": {
        "mean": 26.2574672699,
        "stdev": 17.719909668
    },
    "loudness_ebu128": {
        "integrated": -11.0024700165,
        "loudness_range": 6.10562229156,
        "momentary": {
            "mean": -13.1204032898,
            "stdev": 10.0463218689
        },
        "short_term": {
            "mean": -12.4579544067,
            "stdev": 7.17349052429
        }
    },
    "melbands_crest": {
        "mean": 15.0969028473,
        "stdev": 5.16609477997
    },
    "melbands_flatness_db": {
        "mean": 0.18426720798,
        "stdev": 0.0557059198618
    },
    "melbands_kurtosis": {
        "mean": 16.4843616486,
        "stdev": 55.7553901672
    },
    "melbands_skewness": {
        "mean": 3.16063117981,
        "stdev": 2.09457135201
    },
    "melbands_spread": {
        "mean": 29.6322650909,
        "stdev": 19.1702289581
    },
    "pitch_salience": {
        "mean": 0.526875734329,
        "stdev": 0.105748251081
    },
    "silence_rate_20dB": {
        "mean": 1,
        "stdev": 0
    },
    "silence_rate_30dB": {
        "mean": 1,
        "stdev": 0
    },
    "silence_rate_60dB": {
        "mean": 0.0545041002333,
        "stdev": 0.227004915476
    },
    "spectral_centroid": {
        "mean": 1914.05236816,
        "stdev": 834.538635254
    },
    "spectral_complexity": {
        "mean": 27.1801643372,
        "stdev": 13.2559700012
    },
    "spectral_decrease": {
        "mean": -6.94160062764e-09,
        "stdev": 3.61676111282e-09
    },
    "spectral_energy": {
        "mean": 0.0285808388144,
        "stdev": 0.0145594347268
    },
    "spectral_energyband_high": {
        "mean": 0.00133705465123,
        "stdev": 0.00137762434315
    },
    "spectral_energyband_low": {
        "mean": 0.012942282483,
        "stdev": 0.0102875493467
    },
    "spectral_energyband_middle_high": {
        "mean": 0.00572702428326,
        "stdev": 0.00427161902189
    },
    "spectral_energyband_middle_low": {
        "mean": 0.00962108187377,
        "stdev": 0.0074062156491
    },
    "spectral_entropy": {
        "mean": 7.7539229393,
        "stdev": 0.394571214914
    },
    "spectral_flux": {
        "mean": 0.0727630406618,
        "stdev": 0.0365434959531
    },
    "spectral_kurtosis": {
        "mean": 4.30277776718,
        "stdev": 3.7117190361
    },
    "spectral_rms": {
        "mean": 0.00501546123996,
        "stdev": 0.00165190466214
    },
    "spectral_rolloff": {
        "mean": 1953.00842285,
        "stdev": 1654.91894531
    },
    "spectral_skewness": {
        "mean": 1.35200762749,
        "stdev": 0.547145485878
    },
    "spectral_spread": {
        "mean": 4617945.5,
        "stdev": 2217115.5
    },
    "spectral_strongpeak": {
        "mean": 0.607548832893,
        "stdev": 0.812149822712
    },
    "zerocrossingrate": {
        "mean": 0.0718591287732,
        "stdev": 0.0381423383951
    },
    "barkbands": {
        "mean": [0.000259647815255, 0.00765656121075, 0.00404374068603, 0.00178492511623, 0.00363984773867, 0.00136156205554, 0.00129834003747, 0.000926671898924, 0.000519285677001, 0.00021981234022, 0.000255655759247, 0.000335594901117, 0.000275978643913, 0.000356728181941, 0.000463681790279, 0.0009332774207, 0.00088440196123, 0.000680994009599, 0.000892428972293, 0.00072007329436, 0.000373597897124, 0.000213164414163, 0.000151653701323, 0.00014648346405, 0.000112370289571, 7.05167913111e-05, 3.86307283406e-06],
        "stdev": [0.000569583964534, 0.00743046263233, 0.00407908391207, 0.00199337652884, 0.00469100335613, 0.00243557640351, 0.00275636720471, 0.00227155396715, 0.00212998129427, 0.000485774653498, 0.000683870748617, 0.000589690287597, 0.000476336717838, 0.000594015407842, 0.000607509340625, 0.00123722315766, 0.00126197002828, 0.000832298828755, 0.000884837063495, 0.000734396162443, 0.000382188241929, 0.000266480608843, 0.000239556815359, 0.000303532055113, 0.000211617007153, 9.88404135569e-05, 6.3424668042e-06]
    },
    "erbbands": {
        "mean": [0.174975946546, 1.86422264576, 4.87381601334, 5.59118795395, 8.97969532013, 12.6038675308, 11.0124492645, 10.9557256699, 16.6110191345, 25.1875553131, 16.1672039032, 11.8778533936, 7.69693136215, 8.15795135498, 9.56632232666, 15.9734802246, 13.1664800644, 18.5600738525, 20.3253707886, 33.8260383606, 57.4157562256, 45.9217453003, 38.3565711975, 40.305770874, 46.312915802, 33.4330368042, 16.7872142792, 13.373169899, 7.95881986618, 5.75954246521, 4.25367069244, 3.16177153587, 2.36730861664, 1.42094314098, 0.71016561985, 0.375960737467, 0.11009363085, 0.0191392246634, 0.00044550243183, 4.94288287882e-05],
        "stdev": [0.224477633834, 1.76872181892, 4.47165822983, 5.66676664352, 10.4111604691, 21.6158638, 18.013759613, 21.7238235474, 34.3976478577, 61.802116394, 37.4815635681, 49.6554641724, 21.6654682159, 16.4903011322, 25.4577236176, 26.7591342926, 19.4169807434, 30.3934268951, 25.9960479736, 42.1224937439, 74.5590057373, 54.4770088196, 47.3638458252, 40.4497146606, 47.062084198, 33.8291969299, 17.7770652771, 13.9985761642, 9.82595729828, 8.2460565567, 6.81064224243, 5.97546291351, 5.17870950699, 3.11654877663, 1.1745275259, 0.588757455349, 0.147917032242, 0.0267397109419, 0.000609820359387, 2.96435955534e-05]
    },
    "gfcc": {
        "mean": [10.598241806, 70.7889785767, -109.154121399, 52.4932975769, -42.1447906494, 9.38907241821, -41.0996856689, 12.3431987762, -29.0648498535, 7.77749586105, -18.5462551117, 2.95767784119, -15.3891181946],
        "cov": [[20808.4726562, -427.796844482, -1051.90368652, 1697.99621582, 225.980178833, -58.1430244446, -538.412902832, 269.494445801, -223.355529785, 234.772705078, -523.77130127, -17.3652801514, -298.381500244], [-427.796844482, 878.190429688, -211.063613892, -295.286865234, -45.4458274841, -145.582061768, 37.0059623718, -90.8589630127, -12.6433296204, -55.8745117188, 42.7289390564, -40.3927345276, 23.3036308289], [-1051.90368652, -211.063613892, 458.635620117, -56.2669487, 19.1884460449, 136.365005493, 30.2400188446, 32.8869094849, 0.799000799656, 15.2857112885, 17.1446762085, 23.1757411957, -20.9001426697], [1697.99621582, -295.286865234, -56.2669487, 647.244628906, 243.968887329, 43.0015296936, 30.9443283081, 70.9720687866, 58.991394043, 19.2715911865, -27.3130378723, 2.79768443108, 13.3784246445], [225.980178833, -45.4458274841, 19.1884460449, 243.968887329, 267.33102417, 36.7339019775, 73.4501495361, 42.9008827209, 36.6674575806, 12.0164699554, -2.34686493874, 1.67585885525, 22.7871417999], [-58.1430244446, -145.582061768, 136.365005493, 43.0015296936, 36.7339019775, 233.034988403, 67.8215408325, 21.5184249878, -24.0922088623, -12.7694530487, 12.2037696838, -8.67924499512, -28.529127121], [-538.412902832, 37.0059623718, 30.2400188446, 30.9443283081, 73.4501495361, 67.8215408325, 184.007110596, 51.7433319092, 41.7754631042, 21.2163581848, 25.9998531342, -9.14953899384, 1.88355517387], [269.494445801, -90.8589630127, 32.8869094849, 70.9720687866, 42.9008827209, 21.5184249878, 51.7433319092, 119.152099609, 61.09948349, 38.182182312, -5.71965837479, -3.6745929718, -2.63894629478], [-223.355529785, -12.6433296204, 0.799000799656, 58.991394043, 36.6674575806, -24.0922088623, 41.7754631042, 61.09948349, 113.86592865, 40.4043502808, 8.86372661591, -8.59696674347, 8.60895824432], [234.772705078, -55.8745117188, 15.2857112885, 19.2715911865, 12.0164699554, -12.7694530487, 21.2163581848, 38.182182312, 40.4043502808, 91.2706298828, 22.7895736694, 9.70765972137, -8.67509937286], [-523.77130127, 42.7289390564, 17.1446762085, -27.3130378723, -2.34686493874, 12.2037696838, 25.9998531342, -5.71965837479, 8.86372661591, 22.7895736694, 83.1752929688, 20.6007614136, 6.35186386108], [-17.3652801514, -40.3927345276, 23.1757411957, 2.79768443108, 1.67585885525, -8.67924499512, -9.14953899384, -3.6745929718, -8.59696674347, 9.70765972137, 20.6007614136, 63.8207511902, 24.0558547974], [-298.381500244, 23.3036308289, -20.9001426697, 13.3784246445, 22.7871417999, -28.529127121, 1.88355517387, -2.63894629478, 8.60895824432, -8.67509937286, 6.35186386108, 24.0558547974, 71.5816421509]],
        "icov": [[0.000227769749472, -0.000440427160356, 0.000442729447968, -0.000769241712987, 0.000254470942309, -0.000492718245368, 0.000808042823337, -0.000901511404663, 0.00101980532054, -0.00132607016712, 0.00147286581341, -0.000828545482364, 0.000898363534361], [-0.000440427160356, 0.00311183882877, -7.38211601856e-05, 0.00268549448811, -0.00135614874307, 0.00220073829405, -0.00255616917275, 0.00270006642677, -0.00224226410501, 0.00401607854292, -0.00432938570157, 0.00303696002811, -0.00177683355287], [0.000442729447968, -7.38211601856e-05, 0.00413811579347, -0.000352621107595, -0.000432910310337, -0.00250250496902, 0.00180034909863, -0.00196686130948, 0.00125763087999, -0.00234886910766, 0.0025329424534, -0.00281136203557, 0.00244830315933], [-0.000769241712987, 0.00268549448811, -0.000352621107595, 0.00598418479785, -0.00381400063634, 0.00143251707777, -0.00224835961126, 0.00286331493407, -0.00452369078994, 0.00515706604347, -0.00500480411574, 0.00271473568864, -0.00265153869987], [0.000254470942309, -0.00135614874307, -0.000432910310337, -0.00381400063634, 0.00741846719757, -0.000840981083456, -0.00101602380164, -0.00124497793149, 0.00138491811231, -0.00216408353299, 0.00244253035635, -0.000897856894881, -0.000971087254584], [-0.000492718245368, 0.00220073829405, -0.00250250496902, 0.00143251707777, -0.000840981083456, 0.00896313879639, -0.00483070127666, 0.00121075334027, 0.000626890279818, 0.00540920346975, -0.00546937901527, 0.00372923607938, 5.52744822926e-05], [0.000808042823337, -0.00255616917275, 0.00180034909863, -0.00224835961126, -0.00101602380164, -0.00483070127666, 0.0117956157774, -0.00585721898824, 0.00190613407176, -0.00555616617203, 0.00356120988727, -0.00223917118274, 0.00255200709216], [-0.000901511404663, 0.00270006642677, -0.00196686130948, 0.00286331493407, -0.00124497793149, 0.00121075334027, -0.00585721898824, 0.0184679534286, -0.0101523604244, 0.00224817497656, -0.00283572426997, 0.00290986779146, -0.00326526816934], [0.00101980532054, -0.00224226410501, 0.00125763087999, -0.00452369078994, 0.00138491811231, 0.000626890279818, 0.00190613407176, -0.0101523604244, 0.0202797204256, -0.0096197379753, 0.00473148236051, 0.000480635178974, 0.00139194424264], [-0.00132607016712, 0.00401607854292, -0.00234886910766, 0.00515706604347, -0.00216408353299, 0.00540920346975, -0.00555616617203, 0.00224817497656, -0.0096197379753, 0.0248010922223, -0.0135386809707, 0.0025795341935, -0.000913740077522], [0.00147286581341, -0.00432938570157, 0.0025329424534, -0.00500480411574, 0.00244253035635, -0.00546937901527, 0.00356120988727, -0.00283572426997, 0.00473148236051, -0.0135386809707, 0.0265358276665, -0.0113772321492, 0.00532720610499], [-0.000828545482364, 0.00303696002811, -0.00281136203557, 0.00271473568864, -0.000897856894881, 0.00372923607938, -0.00223917118274, 0.00290986779146, 0.000480635178974, 0.0025795341935, -0.0113772321492, 0.026287348941, -0.0114021077752], [0.000898363534361, -0.00177683355287, 0.00244830315933, -0.00265153869987, -0.000971087254584, 5.52744822926e-05, 0.00255200709216, -0.00326526816934, 0.00139194424264, -0.000913740077522, 0.00532720610499, -0.0114021077752, 0.0227282624692]]
    },
    "melbands": {
        "mean": [0.00187565712258, 0.00261765974574, 0.00106792896986, 0.000797029177193, 0.000437149195932, 0.000260938366409, 0.000255787279457, 0.000265771377599, 0.000126135419123, 6.82253303239e-05, 3.65393098036e-05, 3.14268181683e-05, 3.25450055243e-05, 3.47437453456e-05, 3.80950405088e-05, 2.63499805442e-05, 3.61136662832e-05, 3.05366520479e-05, 3.43444116879e-05, 6.02243126195e-05, 6.95086782798e-05, 5.01790127601e-05, 3.99285599997e-05, 2.92901386274e-05, 3.27885463776e-05, 3.38640238624e-05, 3.29708891513e-05, 1.92011902982e-05, 1.05401404653e-05, 8.9147433755e-06, 7.2609518611e-06, 4.53395296063e-06, 3.71462488147e-06, 2.93711923405e-06, 2.4870296329e-06, 2.11472661249e-06, 1.87716409528e-06, 1.76395315066e-06, 1.38693633289e-06, 1.11914187073e-06],
        "stdev": [0.00201366469264, 0.00211911648512, 0.000964512641076, 0.00109094381332, 0.000672252790537, 0.000503980962094, 0.000509649224114, 0.000644246232696, 0.00033902816358, 0.000279717554804, 0.00010779054719, 6.53364040772e-05, 9.18113219086e-05, 6.24968233751e-05, 6.37346383883e-05, 4.8783258535e-05, 6.4462859882e-05, 4.23989076808e-05, 4.57447677036e-05, 8.67920607561e-05, 9.79611795628e-05, 6.70852168696e-05, 4.90951751999e-05, 3.69841363863e-05, 3.43915489793e-05, 3.7065892684e-05, 3.45894040947e-05, 2.04554471566e-05, 1.26395589177e-05, 9.22455183172e-06, 8.30290446174e-06, 5.8465489019e-06, 5.03368573845e-06, 4.60333285446e-06, 4.16810780735e-06, 3.59397790817e-06, 4.0003869799e-06, 3.79759899261e-06, 3.42633029504e-06, 2.42031205744e-06]
    },
    "melbands128": {
        "mean": [0.000236197578488, 0.00115832535084, 0.00253765890375, 0.00330077693798, 0.00282978778705, 0.00180018681567, 0.00113156216685, 0.000826955540106, 0.00095975905424, 0.000812522310298, 0.000680998899043, 0.000599179242272, 0.000367646163795, 0.000254951155512, 0.000193325351574, 0.000311796262395, 0.000364667183021, 0.000181130337296, 0.000225982468692, 0.000342203304172, 0.000280687643681, 0.000118198549899, 0.000116427545436, 0.000123495599837, 8.33788944874e-05, 4.3220596126e-05, 4.26895821874e-05, 4.10984357586e-05, 2.49955628533e-05, 2.63897345576e-05, 3.44991312886e-05, 3.98163865611e-05, 3.26412518916e-05, 3.22040505125e-05, 1.48978915604e-05, 4.33663226431e-05, 5.4595493566e-05, 3.63037033821e-05, 3.32523741235e-05, 2.25268686336e-05, 2.7681928259e-05, 2.60660999629e-05, 3.75016679754e-05, 4.40798976342e-05, 2.30759524129e-05, 3.04903151118e-05, 3.65435116692e-05, 2.77037506748e-05, 3.56546443072e-05, 4.60568990093e-05, 6.65565021336e-05, 7.08455918357e-05, 6.5560627263e-05, 7.1881680924e-05, 7.45312208892e-05, 4.16687798861e-05, 3.70960806322e-05, 3.97142030124e-05, 4.51017949672e-05, 3.22881751345e-05, 2.79928535747e-05, 2.44839375227e-05, 3.31554037984e-05, 3.24573120452e-05, 3.8061360101e-05, 3.13414784614e-05, 3.49374713551e-05, 3.43079518643e-05, 3.38550162269e-05, 2.92413515126e-05, 1.96019918803e-05, 1.49784391397e-05, 1.04956270661e-05, 1.08058766273e-05, 8.42294139147e-06, 9.53572816798e-06, 8.55681810208e-06, 8.44119040266e-06, 7.64525157138e-06, 5.48237312614e-06, 4.69084079668e-06, 4.2631299948e-06, 3.82849839298e-06, 3.80220058105e-06, 3.38665381605e-06, 3.22049868373e-06, 2.77493722933e-06, 2.41756856667e-06, 2.58113709606e-06, 2.41856287175e-06, 2.2281103611e-06, 2.05812534659e-06, 1.88343926766e-06, 1.79210462647e-06, 1.91610138245e-06, 2.01653529075e-06, 1.67338669144e-06, 1.50506821228e-06, 1.33750268105e-06, 1.37229335451e-06, 1.37610095408e-06, 1.05836193143e-06, 8.41479561586e-07, 7.64864637404e-07, 7.14140639957e-07, 8.36257015635e-07, 8.19836941446e-07, 7.90367039372e-07, 6.70396786973e-07, 5.56298175525e-07, 4.28969940458e-07, 3.72670939441e-07, 3.33848362288e-07, 2.99716759855e-07, 2.49752361015e-07, 2.13820001704e-07, 1.50001312704e-07, 1.81583921233e-08, 4.13993752474e-12, 3.78723181288e-12, 3.66311061345e-12, 3.56543462289e-12, 3.47627916036e-12, 3.40634400027e-12, 3.34883683284e-12, 3.30724423542e-12, 3.27716890083e-12, 3.25330908046e-12],
        "stdev": [0.000534440390766, 0.0019154077163, 0.00324144540355, 0.00313099194318, 0.00264592701569, 0.00186941341963, 0.00132686586585, 0.000946061161812, 0.00126665655989, 0.00156455719844, 0.00166655681096, 0.0011776520405, 0.000780147209298, 0.000625887594651, 0.000530447345227, 0.000896506884601, 0.0010312491795, 0.000553568126634, 0.000775971508119, 0.00103845831472, 0.00091824773699, 0.000398387172027, 0.000405984144891, 0.000685664068442, 0.000538908003364, 0.000200800001039, 0.000245183589868, 0.000147168189869, 6.48634086247e-05, 7.12549663149e-05, 9.92835266516e-05, 0.000140585747431, 0.000126398226712, 0.000137391980388, 6.75911360304e-05, 8.70720832609e-05, 0.000128168307128, 9.55802388489e-05, 8.21186622488e-05, 4.55125409644e-05, 8.2693695731e-05, 8.52668235893e-05, 8.52584562381e-05, 9.73228234216e-05, 5.96661120653e-05, 5.69241456105e-05, 7.65796648921e-05, 5.13505692652e-05, 7.12637483957e-05, 8.5665298684e-05, 0.000148846374941, 0.000114785754704, 0.000121701981698, 0.000149145373143, 0.000139431416756, 6.60637015244e-05, 5.53649115318e-05, 5.93107288296e-05, 7.08783991286e-05, 6.72344613122e-05, 4.48576356575e-05, 3.49281071976e-05, 4.74115295219e-05, 3.90723362216e-05, 4.55031258753e-05, 4.46875346825e-05, 4.9953108828e-05, 4.43299577455e-05, 4.38979041064e-05, 4.31003609265e-05, 2.43426693487e-05, 2.02919691219e-05, 1.54831777763e-05, 1.70672046806e-05, 1.13933710963e-05, 1.1715893379e-05, 9.61255409493e-06, 1.00974211819e-05, 1.04887185444e-05, 7.72793737269e-06, 6.97568748365e-06, 6.28484622212e-06, 5.73581201024e-06, 5.78855633648e-06, 5.24595543538e-06, 5.15503506904e-06, 5.1734355111e-06, 4.63946025775e-06, 4.79689742861e-06, 4.41231713921e-06, 3.99433156417e-06, 3.96760924559e-06, 3.78634263143e-06, 4.1453877202e-06, 5.13420900461e-06, 4.35142192146e-06, 3.69809481526e-06, 3.81032327823e-06, 3.71680403077e-06, 3.53703035216e-06, 3.59931800631e-06, 2.36066580328e-06, 1.73769990397e-06, 1.40945110161e-06, 1.26170994008e-06, 1.58860405008e-06, 1.54564736476e-06, 1.55818349867e-06, 1.17496119856e-06, 8.60338104758e-07, 6.26070175258e-07, 5.57620694508e-07, 4.97049597925e-07, 4.23774366709e-07, 3.5900666262e-07, 3.27077344764e-07, 2.46458824904e-07, 3.64938372854e-08, 6.14742284855e-12, 5.80502529726e-12, 5.63076972201e-12, 5.48566921055e-12, 5.36198993192e-12, 5.25915595795e-12, 5.17334482544e-12, 5.10677437837e-12, 5.05842026252e-12, 5.02849628256e-12]
    },
    "mfcc": {
        "mean": [-625.880065918, 97.4579925537, -3.74066758156, 44.4998931885, 17.1182155609, 6.59001111984, 3.62736105919, 1.39906191826, -0.988175928593, 0.239194691181, -2.21128296852, 1.71089529991, 3.30314040184],
        "cov": [[9621.37109375, -274.447723389, -201.196731567, 1163.11743164, 506.77456665, 238.844818115, 47.3682823181, 98.1924743652, 182.087371826, 310.626190186, 40.2044334412, -10.9631004333, 14.9237203598], [-274.447723389, 1006.09863281, -150.174621582, -103.984603882, -114.65486145, -98.3328475952, -22.2063369751, -72.9177856445, -33.8297271729, -102.790870667, -26.8481216431, -0.789671599865, 4.17550945282], [-201.196731567, -150.174621582, 359.297637939, -139.327636719, 14.117313385, 38.3812980652, 21.066865921, 33.8885917664, -35.9131889343, 5.36604642868, 12.1904315948, 1.19126737118, -8.72175788879], [1163.11743164, -103.984603882, -139.327636719, 461.773468018, 152.068237305, 56.3413696289, 18.2199783325, 37.7771530151, 74.1020050049, 66.1061248779, 9.10195541382, 18.0886211395, 35.3044891357], [506.77456665, -114.65486145, 14.117313385, 152.068237305, 199.050811768, 63.7741012573, 30.7517356873, 38.4983596802, 25.9534702301, 30.167388916, -5.98937988281, -6.25951290131, 1.23563289642], [238.844818115, -98.3328475952, 38.3812980652, 56.3413696289, 63.7741012573, 151.660446167, 83.100692749, 54.4800720215, 0.310347408056, 31.8255767822, 16.7423057556, -13.3966493607, -8.82539081573], [47.3682823181, -22.2063369751, 21.066865921, 18.2199783325, 30.7517356873, 83.100692749, 141.207733154, 56.6327934265, 8.3018693924, 28.4266910553, 22.5789775848, -2.76289820671, 0.735655784607], [98.1924743652, -72.9177856445, 33.8885917664, 37.7771530151, 38.4983596802, 54.4800720215, 56.6327934265, 105.012908936, 29.8103694916, 38.3521614075, 10.2340202332, 0.558463394642, 3.09182214737], [182.087371826, -33.8297271729, -35.9131889343, 74.1020050049, 25.9534702301, 0.310347408056, 8.3018693924, 29.8103694916, 106.064712524, 50.0520935059, 14.8291378021, 7.99912023544, 6.21913957596], [310.626190186, -102.790870667, 5.36604642868, 66.1061248779, 30.167388916, 31.8255767822, 28.4266910553, 38.3521614075, 50.0520935059, 129.083709717, 47.7910690308, 14.7292461395, 7.44499921799], [40.2044334412, -26.8481216431, 12.1904315948, 9.10195541382, -5.98937988281, 16.7423057556, 22.5789775848, 10.2340202332, 14.8291378021, 47.7910690308, 78.246925354, 28.8796577454, 4.71116638184], [-10.9631004333, -0.789671599865, 1.19126737118, 18.0886211395, -6.25951290131, -13.3966493607, -2.76289820671, 0.558463394642, 7.99912023544, 14.7292461395, 28.8796577454, 67.2112121582, 31.9456634521], [14.9237203598, 4.17550945282, -8.72175788879, 35.3044891357, 1.23563289642, -8.82539081573, 0.735655784607, 3.09182214737, 6.21913957596, 7.44499921799, 4.71116638184, 31.9456634521, 69.484161377]],
        "icov": [[0.000162055512192, -4.34164358012e-05, -6.6914697527e-05, -0.000388024782296, -9.91727501969e-05, -9.28545487113e-05, 8.09548946563e-05, 9.74671638687e-05, 6.03352455073e-05, -0.000285816844553, 6.15186509094e-05, 7.44136123103e-05, 0.000128173531266], [-4.34164358012e-05, 0.00127182144206, 0.000541184912436, 0.000284680136247, 0.000316212535836, 0.000551890931092, -0.000546068884432, 0.00025008872035, -1.4092101992e-05, 0.000848653260618, -0.000127188453916, -1.82970561582e-05, -0.000157322414452], [-6.6914697527e-05, 0.000541184912436, 0.00402532331645, 0.00189304014202, -0.00103856576607, -0.000569324940443, 0.000350881222403, -0.0012928560609, 0.00104577105958, 2.7787361887e-06, -0.000498139241245, -0.000546671682969, -0.000283546367427], [-0.000388024782296, 0.000284680136247, 0.00189304014202, 0.00508100958541, -0.00243571214378, -0.000851853692438, 0.000497578410432, -0.000369553541532, -0.00130305672064, -3.15226934617e-05, -2.15269046748e-05, -0.000783641880844, -0.00184973829892], [-9.91727501969e-05, 0.000316212535836, -0.00103856576607, -0.00243571214378, 0.00820993818343, -0.00175847264472, -0.000268518924713, -0.000472750660265, -0.000516128551681, -1.40140164149e-05, 0.001799487276, 4.08505256928e-05, 0.000670946901664], [-9.28545487113e-05, 0.000551890931092, -0.000569324940443, -0.000851853692438, -0.00175847264472, 0.0127633176744, -0.00559364119545, -0.00245089246891, 0.00238439138047, -0.000259942375124, -0.00177155795973, 0.00247738626786, 0.000964358274359], [8.09548946563e-05, -0.000546068884432, 0.000350881222403, 0.000497578410432, -0.000268518924713, -0.00559364119545, 0.0122555186972, -0.00408079940826, 0.000132544417283, -0.000166489917319, -0.00231439946219, 0.00077397970017, -0.001040151692], [9.74671638687e-05, 0.00025008872035, -0.0012928560609, -0.000369553541532, -0.000472750660265, -0.00245089246891, -0.00408079940826, 0.0153400050476, -0.00336488219909, -0.00212998292409, 0.00211224448867, -0.000585565750953, -0.000297345424769], [6.03352455073e-05, -1.4092101992e-05, 0.00104577105958, -0.00130305672064, -0.000516128551681, 0.00238439138047, 0.000132544417283, -0.00336488219909, 0.0136592388153, -0.00428281957284, -0.000179734968697, -5.16401742061e-05, 0.000513836333994], [-0.000285816844553, 0.000848653260618, 2.7787361887e-06, -3.15226934617e-05, -1.40140164149e-05, -0.000259942375124, -0.000166489917319, -0.00212998292409, -0.00428281957284, 0.0141820050776, -0.00731641612947, 0.000942148151807, -0.000982785248198], [6.15186509094e-05, -0.000127188453916, -0.000498139241245, -2.15269046748e-05, 0.001799487276, -0.00177155795973, -0.00231439946219, 0.00211224448867, -0.000179734968697, -0.00731641612947, 0.021486280486, -0.00945398956537, 0.00330606428906], [7.44136123103e-05, -1.82970561582e-05, -0.000546671682969, -0.000783641880844, 4.08505256928e-05, 0.00247738626786, 0.00077397970017, -0.000585565750953, -5.16401742061e-05, 0.000942148151807, -0.00945398956537, 0.0242374688387, -0.0099521568045], [0.000128173531266, -0.000157322414452, -0.000283546367427, -0.00184973829892, 0.000670946901664, 0.000964358274359, -0.001040151692, -0.000297345424769, 0.000513836333994, -0.000982785248198, 0.00330606428906, -0.0099521568045, 0.0198234450072]]
    },
    "spectral_contrast_coeffs": {
        "mean": [-0.717913389206, -0.739110410213, -0.783367872238, -0.778156757355, -0.778154432774, -0.753722667694],
        "stdev": [0.0686705932021, 0.0834987312555, 0.0552318915725, 0.0434945710003, 0.0370175912976, 0.0521367788315]
    },
    "spectral_contrast_valleys": {
        "mean": [-6.5519194603, -7.20190191269, -7.76647233963, -7.55534887314, -7.15916967392, -10.0205516815],
        "stdev": [1.67027652264, 1.55122077465, 1.52378690243, 1.67158210278, 1.79518032074, 1.61122584343]
    }
},
"rhythm": {
    "beats_count": 698,
    "beats_loudness": {
        "mean": 0.0299855992198,
        "stdev": 0.0133934114128
    },
    "bpm": 155.056091309,
    "bpm_histogram_first_peak_bpm": 157,
    "bpm_histogram_first_peak_weight": 0.242214560509,
    "bpm_histogram_second_peak_bpm": 148,
    "bpm_histogram_second_peak_spread": 0.594427227974,
    "bpm_histogram_second_peak_weight": 0.187948346138,
    "danceability": 1.0335791111,
    "onset_rate": 2.62026238441,
    "beats_loudness_band_ratio": {
        "mean": [0.481825768948, 0.188338771462, 0.114956885576, 0.0594715364277, 0.116236254573, 0.103731639683],
        "stdev": [0.209881111979, 0.156501635909, 0.12912479043, 0.0666274800897, 0.0831727609038, 0.0755733400583]
    },
    "beats_position": [0.429569154978, 0.835918366909, 1.24226760864, 1.66022670269, 2.08979582787, 2.51936507225, 2.94893407822, 3.34367346764, 3.73841261864, 4.13315200806, 4.51628112793, 4.8994102478, 5.27092981339, 5.65405893326, 6.03718805313, 6.40870714188, 6.78022670746, 7.17496585846, 7.56970500946, 7.95283412933, 8.33596324921, 8.71909236908, 9.10222244263, 9.47374153137, 9.84526062012, 10.22838974, 10.623128891, 11.0062580109, 11.3893871307, 11.7725172043, 12.1672563553, 12.5619955063, 12.9451246262, 13.3398637772, 13.722992897, 14.1061220169, 14.5008611679, 14.8839902878, 15.2671203613, 15.6502494812, 16.0217685699, 16.4048976898, 16.7880268097, 17.1595458984, 17.5426750183, 17.9374141693, 18.3205432892, 18.7036724091, 19.0868015289, 19.4699325562, 19.853061676, 20.247800827, 20.642539978, 21.0256690979, 21.4087982178, 21.8035373688, 22.1750564575, 22.5697956085, 22.9529247284, 23.3360538483, 23.7307929993, 24.102312088, 24.4854412079, 24.8685703278, 25.2516994476, 25.6464385986, 26.0411777496, 26.4243087769, 26.8190479279, 27.2021770477, 27.5853061676, 27.9684352875, 28.3515644073, 28.7346935272, 29.1178226471, 29.4893417358, 29.8724708557, 30.2555999756, 30.6503391266, 31.0450782776, 31.4282073975, 31.8113365173, 32.1944656372, 32.5775947571, 32.960723877, 33.3438529968, 33.7269821167, 34.1101112366, 34.4932403564, 34.8879814148, 35.2827186584, 35.6658477783, 36.0489807129, 36.4321098328, 36.8036270142, 37.186756134, 37.5698852539, 37.9530143738, 38.3361434937, 38.730884552, 39.1024017334, 39.4855308533, 39.8686599731, 40.251789093, 40.6349182129, 41.0296592712, 41.4127883911, 41.8075294495, 42.1906585693, 42.5737876892, 42.9569168091, 43.340045929, 43.7231750488, 44.1063041687, 44.4894332886, 44.86095047, 45.2440795898, 45.6272087097, 46.0219497681, 46.4050788879, 46.7882080078, 47.1713371277, 47.5544662476, 47.9375953674, 48.3091163635, 48.6922454834, 49.0637626648, 49.4468917847, 49.8300209045, 50.2015419006, 50.5846710205, 50.9678001404, 51.3393173218, 51.7224464417, 52.1055755615, 52.4887046814, 52.8602256775, 53.2433547974, 53.6264839172, 54.0096130371, 54.392742157, 54.7758712769, 55.1473922729, 55.5189094543, 55.8904304504, 56.2735595703, 56.6566886902, 57.0282058716, 57.3997268677, 57.7712478638, 58.1427650452, 58.525894165, 58.9090232849, 59.2921524048, 59.6752815247, 60.0468025208, 60.4299316406, 60.8130607605, 61.1961898804, 61.5793190002, 61.9624481201, 62.3339653015, 62.7170982361, 63.100227356, 63.4833564758, 63.8548736572, 64.2380065918, 64.621131897, 65.0042648315, 65.3757781982, 65.7472991943, 66.1304321289, 66.5019454956, 66.8734664917, 67.2682037354, 67.6513366699, 68.0344696045, 68.4175949097, 68.8007278442, 69.1838531494, 69.566986084, 69.9384994507, 70.3100204468, 70.6815414429, 71.053062439, 71.4361877441, 71.8077087402, 72.1908340454, 72.57396698, 72.9687042236, 73.3634490967, 73.7581863403, 74.1413116455, 74.7102050781, 75.2907028198, 75.9060287476, 76.5213623047, 77.1366882324, 77.7404098511, 78.3092956543, 78.889793396, 79.4586868286, 80.0275726318, 80.5964584351, 81.1769561768, 81.7574615479, 82.3379592896, 82.9184570312, 83.4989547729, 84.0794525146, 84.6599502563, 85.228843689, 85.7977294922, 86.3666229248, 86.935508728, 87.5160064697, 88.0965042114, 88.6770019531, 89.2575073242, 89.8380050659, 90.4185028076, 90.9990005493, 91.5678863525, 92.1599960327, 92.7404937744, 93.3209991455, 93.8898849487, 94.458770752, 95.039276123, 95.6197738647, 96.188659668, 96.7575454712, 97.3380508423, 97.918548584, 98.4874343872, 99.0679321289, 99.6484298706, 100.228935242, 100.821044922, 101.389930725, 101.958816528, 102.53931427, 103.108207703, 103.688705444, 104.071838379, 104.454963684, 104.838096619, 105.232833862, 105.615959167, 105.999092102, 106.382217407, 106.765350342, 107.160087585, 107.531608582, 107.903129578, 108.286254883, 108.669387817, 109.052513123, 109.435646057, 109.807167053, 110.201904297, 110.596641541, 110.991378784, 111.386123657, 111.780860901, 112.175598145, 112.570335388, 112.941856384, 113.31337738, 113.684898376, 114.056411743, 114.427932739, 114.822669983, 115.205802917, 115.588935852, 115.972061157, 116.355194092, 116.738319397, 117.109840393, 117.492965698, 117.876098633, 118.259223938, 118.642356873, 119.013877869, 119.397003174, 119.791740417, 120.163261414, 120.53478241, 120.917915344, 121.301040649, 121.672561646, 122.044082642, 122.415596008, 122.798728943, 123.181854248, 123.553375244, 123.92489624, 124.308021545, 124.69115448, 125.074279785, 125.45741272, 125.828933716, 126.212059021, 126.595191956, 126.989929199, 127.361450195, 127.732971191, 128.104492188, 128.487609863, 128.870742798, 129.253875732, 129.637008667, 130.020126343, 130.391647339, 130.774780273, 131.14630127, 131.517822266, 131.9009552, 132.284072876, 132.667205811, 133.050338745, 133.43347168, 133.816589355, 134.188110352, 134.559631348, 134.931152344, 135.30267334, 135.697418213, 136.092147827, 136.475280762, 136.846801758, 137.218322754, 137.601455688, 137.984573364, 138.35609436, 138.739227295, 139.133972168, 139.505477905, 139.88861084, 140.271743774, 140.654876709, 141.026397705, 141.409515381, 141.804260254, 142.199005127, 142.593734741, 143.000091553, 143.406433105, 143.812789917, 144.21913147, 144.63710022, 145.043441772, 145.449798584, 145.856140137, 146.274108887, 146.692062378, 147.110015869, 147.516372681, 147.934326172, 148.363891602, 148.781860352, 149.188201904, 149.594558716, 150.000900269, 150.418869019, 150.825210571, 151.231567383, 151.661132812, 152.090698242, 152.497055054, 152.915008545, 153.321365356, 153.739318848, 154.157272339, 154.575241089, 154.981582642, 155.387939453, 155.805892944, 156.223846436, 156.641815186, 157.059768677, 157.477722168, 157.895690918, 158.325256348, 158.754821777, 159.172790527, 159.590744019, 160.00869751, 160.42666626, 160.844619751, 161.262588501, 161.680541992, 162.098495483, 162.504852295, 162.922805786, 163.329162598, 163.747116089, 164.16506958, 164.58303833, 165.000991821, 165.418960571, 165.836914062, 166.254867554, 166.672836304, 167.090789795, 167.508743286, 167.926712036, 168.344665527, 168.751022339, 169.157363892, 169.575332642, 169.993286133, 170.411239624, 170.840820312, 171.258773804, 171.688339233, 172.106307983, 172.501037598, 172.919006348, 173.336959839, 173.75491333, 174.17288208, 174.590835571, 175.008789062, 175.426757812, 175.844711304, 176.262680054, 176.680633545, 177.098587036, 177.493331909, 177.888076782, 178.306030273, 178.723983765, 179.118728638, 179.52507019, 179.931427002, 180.349380493, 180.755737305, 181.162078857, 181.580047607, 181.998001099, 182.392745972, 182.799087524, 183.205444336, 183.623397827, 184.041351318, 184.459320068, 184.87727356, 185.283630371, 185.689971924, 186.096328735, 186.502670288, 186.9090271, 187.315368652, 187.733337402, 188.162902832, 188.592468262, 189.010421753, 189.428390503, 189.834732056, 190.241088867, 190.659042358, 191.06539917, 191.471740723, 191.866485596, 192.26121521, 192.667572021, 193.073913574, 193.480270386, 193.886611938, 194.281356812, 194.676101685, 195.070831299, 195.47718811, 195.883529663, 196.289886475, 196.707839966, 197.114196777, 197.52053833, 197.915283203, 198.298416138, 198.693145752, 199.076278687, 199.459411621, 199.854141235, 200.23727417, 200.620407104, 201.015136719, 201.409881592, 201.804626465, 202.199356079, 202.594100952, 203.000442505, 203.406799316, 203.801544189, 204.196273804, 204.591018677, 204.974151611, 205.368881226, 205.75201416, 206.146759033, 206.541488647, 206.936233521, 207.330978394, 207.725708008, 208.120452881, 208.515182495, 208.89831543, 209.304672241, 209.699401855, 210.08253479, 210.477279663, 210.883621216, 211.278366089, 211.673095703, 212.067840576, 212.450973511, 212.834106445, 213.217224121, 213.600357056, 213.995101929, 214.378234863, 214.772964478, 215.156097412, 215.550842285, 215.945571899, 216.351928711, 216.746658325, 217.12979126, 217.512924194, 217.896057129, 218.279174805, 218.650695801, 219.033828735, 219.405349731, 219.788482666, 220.171600342, 220.554733276, 220.937866211, 221.320999146, 221.704116821, 222.098861694, 222.481994629, 222.865127563, 223.236633301, 223.619766235, 224.00289917, 224.374420166, 224.76914978, 225.152282715, 225.535415649, 225.918548584, 226.30166626, 226.684799194, 227.067932129, 227.462677002, 227.857406616, 228.240539551, 228.623672485, 229.0184021, 229.413146973, 229.807891846, 230.191009521, 230.562530518, 230.945663452, 231.328796387, 231.711929321, 232.095046997, 232.478179932, 232.849700928, 233.221221924, 233.604354858, 233.987472534, 234.382217407, 234.765350342, 235.148483276, 235.531600952, 235.914733887, 236.30947876, 236.704208374, 237.098953247, 237.5052948, 237.911651611, 238.317993164, 238.724349976, 239.130691528, 239.525436401, 239.920181274, 240.314910889, 240.7212677, 241.127609253, 241.533966064, 241.940307617, 242.346664429, 242.753005981, 243.159362793, 243.577316284, 243.983673096, 244.390014648, 244.79637146, 245.202713013, 245.609069824, 246.015411377, 246.421768188, 246.828109741, 247.222854614, 247.617584229, 248.02394104, 248.430297852, 248.836639404, 249.242996216, 249.649337769, 250.05569458, 250.462036133, 250.868392944, 251.263122559, 251.66947937, 252.075820923, 252.470565796, 252.876907349, 253.28326416, 253.701217651, 254.107574463, 254.513916016, 254.920272827, 255.32661438, 255.732971191, 256.139312744, 256.545654297, 256.952026367, 257.35836792, 257.764709473, 258.159454346, 258.565795898, 258.972137451, 259.378509521, 259.784851074, 260.191192627, 260.59753418, 261.00390625, 261.410247803, 261.816589355, 262.222930908, 262.629302979, 263.035644531, 263.441986084, 263.848327637, 264.24307251, 264.649414062, 265.055786133, 265.462127686, 265.868469238, 266.274810791, 266.681182861, 267.087524414, 267.493865967, 267.88861084, 268.294952393, 268.701324463, 269.107666016, 269.514007568, 269.931976318, 270.338317871, 270.744659424, 271.151000977, 271.557373047, 271.9637146, 272.370056152, 272.764801025, 273.171142578, 273.577514648, 273.983856201, 274.378601074, 274.784942627, 275.202911377, 275.632476807, 276.050415039, 276.526428223, 277.002441406, 277.47845459, 277.90802002, 278.337585449, 278.767150879, 279.196716309, 279.614685059, 280.032653809, 280.450592041, 280.868560791, 281.286529541, 281.704498291, 282.122436523, 282.56362915, 282.99319458, 283.42276001, 283.852325439, 284.293518066, 284.723083496, 285.152648926],
    "bpm_histogram": [0, 0, 0, 0, 0, 0, 0, 0, 0, 0, 0, 0, 0, 0, 0, 0, 0, 0, 0, 0, 0, 0, 0, 0, 0, 0, 0, 0, 0, 0, 0, 0, 0, 0, 0, 0, 0, 0, 0, 0, 0, 0, 0, 0, 0, 0, 0, 0, 0, 0, 0, 0, 0, 0, 0, 0, 0, 0, 0, 0, 0, 0, 0, 0, 0, 0, 0, 0, 0, 0, 0, 0, 0, 0, 0, 0, 0, 0, 0, 0, 0, 0, 0, 0, 0, 0, 0, 0, 0, 0, 0, 0, 0, 0, 0, 0, 0, 0, 0.00430416082963, 0.00143472023774, 0, 0.00286944047548, 0, 0.0387374460697, 0, 0.0258249640465, 0, 0, 0, 0, 0, 0, 0, 0, 0, 0, 0, 0, 0, 0, 0, 0, 0, 0, 0, 0, 0.00430416082963, 0, 0, 0, 0, 0, 0, 0, 0, 0, 0.00286944047548, 0, 0, 0, 0.0315638445318, 0, 0, 0, 0.116212338209, 0, 0, 0, 0.187948346138, 0, 0, 0, 0.159253939986, 0, 0, 0, 0, 0.314203739166, 0, 0, 0, 0.100430414081, 0.0100430417806, 0, 0, 0, 0, 0, 0, 0, 0, 0, 0, 0, 0, 0, 0, 0, 0, 0, 0, 0, 0, 0, 0, 0, 0, 0, 0, 0, 0, 0, 0, 0, 0, 0, 0, 0, 0, 0, 0, 0, 0, 0, 0, 0, 0, 0, 0, 0, 0, 0, 0, 0, 0, 0, 0, 0, 0, 0, 0, 0, 0, 0, 0, 0, 0, 0, 0, 0, 0, 0, 0, 0, 0, 0, 0, 0, 0, 0, 0, 0, 0, 0, 0, 0, 0, 0, 0, 0]
},
"tonal": {
    "chords_changes_rate": 0.0529564656317,
    "chords_number_rate": 0.00227420404553,
    "chords_strength": {
        "mean": 0.504726290703,
        "stdev": 0.100645065308
    },
    "hpcp_crest": {
        "mean": 13.1229171753,
        "stdev": 6.50947570801
    },
    "hpcp_entropy": {
        "mean": 2.12452816963,
        "stdev": 0.80615234375
    },
    "key_edma": {
        "strength": 0.703459322453,
        "key": "C",
        "scale": "minor"
    },
    "key_krumhansl": {
        "strength": 0.721463799477,
        "key": "C",
        "scale": "minor"
    },
    "key_temperley": {
        "strength": 0.753938138485,
        "key": "C",
        "scale": "minor"
    },
    "tuning_diatonic_strength": 0.564599990845,
    "tuning_equal_tempered_deviation": 0.246444940567,
    "tuning_frequency": 434.193115234,
    "tuning_nontempered_energy_ratio": 0.953860878944,
    "hpcp": {
