{
"metadata": {
    "version": {
        "essentia": "2.1-dev",
        "essentia_git_sha": "v2.1_beta3-415-gd5473f3",
        "extractor": "music 2.0"
    },
    "audio_properties": {
        "analysis": {
            "equal_loudness": 0,
            "length": 205.688156128,
            "sample_rate": 44100,
            "start_time": 0,
            "downmix": "mix"
        },
        "bit_rate": 192000,
        "length": 205.688156128,
        "lossless": 0,
        "number_channels": 2,
        "replay_gain": -9.93504524231,
        "sample_rate": 44100,
        "codec": "mp3",
        "md5_encoded": "d60be4a67ae2c8b8750f0e6c1f1e39f8"
    },
    "tags": {
        "file_name": "sober-caida_libre.mp3",
        "album": ["Morfología"],
        "artist": ["Sôber"],
        "genre": ["Rock"],
        "title": ["Caida Libre"]
    }
},
"lowlevel": {
    "average_loudness": 0.95597833395,
    "barkbands_crest": {
        "mean": 9.65521621704,
        "stdev": 3.76241469383
    },
    "barkbands_flatness_db": {
        "mean": 0.12069196254,
        "stdev": 0.0556253939867
    },
    "barkbands_kurtosis": {
        "mean": 7.11290979385,
        "stdev": 26.3133888245
    },
    "barkbands_skewness": {
        "mean": 1.90090465546,
        "stdev": 1.76046001911
    },
    "barkbands_spread": {
        "mean": 32.9231414795,
        "stdev": 18.8120613098
    },
    "dissonance": {
        "mean": 0.480746626854,
        "stdev": 0.016968280077
    },
    "dynamic_complexity": 1.97520422935,
    "erbbands_crest": {
        "mean": 7.15504360199,
        "stdev": 4.00420379639
    },
    "erbbands_flatness_db": {
        "mean": 0.11752153933,
        "stdev": 0.0349457859993
    },
    "erbbands_kurtosis": {
        "mean": 0.297453016043,
        "stdev": 2.76410245895
    },
    "erbbands_skewness": {
        "mean": -0.297190189362,
        "stdev": 0.802000820637
    },
    "erbbands_spread": {
        "mean": 54.3606185913,
        "stdev": 21.8193035126
    },
    "hfc": {
        "mean": 30.7403392792,
        "stdev": 26.9574394226
    },
    "loudness_ebu128": {
        "integrated": -11.9514102936,
        "loudness_range": 3.01339054108,
        "momentary": {
            "mean": -13.0183382034,
            "stdev": 8.2963476181
        },
        "short_term": {
            "mean": -12.1758861542,
            "stdev": 1.81691348553
        }
    },
    "melbands_crest": {
        "mean": 16.0806617737,
        "stdev": 4.60623788834
    },
    "melbands_flatness_db": {
        "mean": 0.189819678664,
        "stdev": 0.0721398964524
    },
    "melbands_kurtosis": {
        "mean": 27.9239196777,
        "stdev": 50.0924873352
    },
    "melbands_skewness": {
        "mean": 3.94739174843,
        "stdev": 2.3242790699
    },
    "melbands_spread": {
        "mean": 26.8895206451,
        "stdev": 21.9520740509
    },
    "pitch_salience": {
        "mean": 0.529265880585,
        "stdev": 0.122096024454
    },
    "silence_rate_20dB": {
        "mean": 1,
        "stdev": 0
    },
    "silence_rate_30dB": {
        "mean": 0.999097049236,
        "stdev": 0.0300357490778
    },
    "silence_rate_60dB": {
        "mean": 0.0224604960531,
        "stdev": 0.148172959685
    },
    "spectral_centroid": {
        "mean": 1680.81066895,
        "stdev": 846.258666992
    },
    "spectral_complexity": {
        "mean": 25.5124149323,
        "stdev": 12.5297374725
    },
    "spectral_decrease": {
        "mean": -8.75314576376e-09,
        "stdev": 6.54970433445e-09
    },
    "spectral_energy": {
        "mean": 0.0358246862888,
        "stdev": 0.0255235731602
    },
    "spectral_energyband_high": {
        "mean": 0.0020107217133,
        "stdev": 0.0028039580211
    },
    "spectral_energyband_low": {
        "mean": 0.0198825895786,
        "stdev": 0.0221920721233
    },
    "spectral_energyband_middle_high": {
        "mean": 0.00553264468908,
        "stdev": 0.00498353643343
    },
    "spectral_energyband_middle_low": {
        "mean": 0.011176886037,
        "stdev": 0.0099014621228
    },
    "spectral_entropy": {
        "mean": 7.88124465942,
        "stdev": 0.415390223265
    },
    "spectral_flux": {
        "mean": 0.104655943811,
        "stdev": 0.0582813955843
    },
    "spectral_kurtosis": {
        "mean": 2.97884464264,
        "stdev": 2.26072955132
    },
    "spectral_rms": {
        "mean": 0.00559515599161,
        "stdev": 0.00190922769252
    },
    "spectral_rolloff": {
        "mean": 1943.64880371,
        "stdev": 2218.41113281
    },
    "spectral_skewness": {
        "mean": 1.27983915806,
        "stdev": 0.419477641582
    },
    "spectral_spread": {
        "mean": 5676820,
        "stdev": 2627023.75
    },
    "spectral_strongpeak": {
        "mean": 0.6014290452,
        "stdev": 1.03701090813
    },
    "zerocrossingrate": {
        "mean": 0.0802488550544,
        "stdev": 0.0527526885271
    },
    "barkbands": {
        "mean": [7.84207149991e-05, 0.00829684641212, 0.00880075898021, 0.00445304298773, 0.00324452295899, 0.00097530731, 0.000967659405433, 0.00071919860784, 0.000694374437444, 0.000401053810492, 0.00032059525256, 0.000403708923841, 0.000635627657175, 0.000699988217093, 0.000541537359823, 0.000686735496856, 0.000639492704067, 0.000447219237685, 0.000573704950511, 0.000449682673207, 0.000386301107937, 0.000307052687276, 0.000236298539676, 0.00047972498578, 0.000280193838989, 0.000100848890725, 4.79895288663e-06],
        "stdev": [0.000154333261889, 0.0134962536395, 0.0100605925545, 0.00497296126559, 0.00478825252503, 0.00136345007923, 0.0020210063085, 0.00191956851631, 0.00163186190184, 0.00076252152212, 0.000561751890928, 0.000846535491291, 0.0015073986724, 0.00161882280372, 0.0013577719219, 0.00106188759673, 0.00101090769749, 0.000515943975188, 0.000600504630711, 0.000542394642252, 0.000495167332701, 0.000444755103672, 0.000338231271598, 0.00145669921767, 0.000643248960841, 0.000142732911627, 1.07107762233e-05]
    },
    "erbbands": {
        "mean": [0.129087150097, 2.28732085228, 8.99775886536, 14.4755210876, 10.594953537, 12.6097898483, 9.57417011261, 7.92137145996, 11.2373285294, 17.7527770996, 15.0964040756, 16.3852958679, 12.2689123154, 14.297539711, 12.746175766, 19.255903244, 28.1872558594, 33.37109375, 35.3762359619, 30.8423347473, 38.0627098083, 33.9247970581, 25.6018657684, 30.7906990051, 24.8604640961, 21.803106308, 17.4743881226, 13.79621315, 11.3470067978, 7.78888511658, 7.11419582367, 9.43975639343, 7.69078731537, 4.04141616821, 1.47054600716, 0.536383628845, 0.154326170683, 0.0311302579939, 0.000652534421533, 6.73043177812e-05],
        "stdev": [0.247047483921, 3.54183626175, 10.6544446945, 14.084561348, 11.8791351318, 21.6708812714, 13.81407547, 11.221329689, 24.7491645813, 38.0950698853, 40.4463043213, 42.1362304688, 29.6139888763, 22.327753067, 20.9073638916, 37.1885185242, 63.02110672, 74.7274475098, 83.5941009521, 65.2672729492, 53.351940155, 45.7908706665, 30.7319469452, 28.889995575, 29.3114509583, 26.2128791809, 21.3615550995, 18.9592285156, 16.6798152924, 10.5766324997, 10.8456754684, 28.3528404236, 23.6401634216, 10.8111400604, 2.60875701904, 0.770934164524, 0.223095566034, 0.0582369714975, 0.00114011380356, 4.93178740726e-05]
    },
    "gfcc": {
        "mean": [27.6972122192, 67.1964187622, -99.06615448, 52.3392295837, -45.3475799561, 21.7783508301, -41.4575920105, 13.2045278549, -29.8444652557, 3.16181993484, -22.792842865, -3.83892440796, -16.2805480957],
        "cov": [[14884.0166016, -236.710952759, -1110.125, 171.824829102, -750.065063477, -10.7859153748, -563.504150391, 201.822265625, -315.036834717, 162.703659058, -211.742767334, 122.299835205, -221.904327393], [-236.710952759, 1027.1583252, -277.735931396, -7.76419830322, 151.888931274, -128.340179443, 122.467323303, -95.9038543701, 40.7161331177, -56.7766685486, 44.9232521057, -75.392578125, 64.0934295654], [-1110.125, -277.735931396, 636.454101562, 26.5517234802, 41.8372497559, 94.9920959473, 13.6957302094, 22.7921791077, -2.34383821487, -20.585521698, -25.3288574219, 29.0392570496, -13.002412796], [171.824829102, -7.76419830322, 26.5517234802, 306.251678467, 34.6035804749, -57.5553703308, 8.66434955597, -11.9517974854, 11.8889760971, -15.2055339813, 22.0448093414, 13.3758306503, 42.6037826538], [-750.065063477, 151.888931274, 41.8372497559, 34.6035804749, 301.999664307, 39.1034965515, 48.755241394, 8.977684021, 37.3877944946, -6.37111949921, 1.97540676594, -27.5662384033, 31.8636493683], [-10.7859153748, -128.340179443, 94.9920959473, -57.5553703308, 39.1034965515, 255.185180664, 16.4831867218, 40.8253135681, -5.36432027817, -2.82823991776, -10.3387784958, -23.1130275726, -16.231218338], [-563.504150391, 122.467323303, 13.6957302094, 8.66434955597, 48.755241394, 16.4831867218, 161.301757812, 9.14536571503, 15.6860713959, -16.9248390198, 22.3329963684, 12.8318014145, 5.09440660477], [201.822265625, -95.9038543701, 22.7921791077, -11.9517974854, 8.977684021, 40.8253135681, 9.14536571503, 111.329536438, 13.2191238403, 14.590546608, 0.616763293743, 3.04758810997, -3.11656475067], [-315.036834717, 40.7161331177, -2.34383821487, 11.8889760971, 37.3877944946, -5.36432027817, 15.6860713959, 13.2191238403, 84.4729690552, 22.4127788544, 5.21939706802, -13.0127849579, 12.1429452896], [162.703659058, -56.7766685486, -20.585521698, -15.2055339813, -6.37111949921, -2.82823991776, -16.9248390198, 14.590546608, 22.4127788544, 68.7581558228, 12.7676877975, 2.53841233253, -15.8085279465], [-211.742767334, 44.9232521057, -25.3288574219, 22.0448093414, 1.97540676594, -10.3387784958, 22.3329963684, 0.616763293743, 5.21939706802, 12.7676877975, 67.0302810669, 16.7088489532, 10.8589220047], [122.299835205, -75.392578125, 29.0392570496, 13.3758306503, -27.5662384033, -23.1130275726, 12.8318014145, 3.04758810997, -13.0127849579, 2.53841233253, 16.7088489532, 77.064125061, 9.61668205261], [-221.904327393, 64.0934295654, -13.002412796, 42.6037826538, 31.8636493683, -16.231218338, 5.09440660477, -3.11656475067, 12.1429452896, -15.8085279465, 10.8589220047, 9.61668205261, 66.7190704346]],
        "icov": [[0.000202728901058, -0.00033543779864, 0.000354600430001, -0.000506999902427, 0.000374817056581, -0.000392200105125, 0.000705984130036, -0.000679921300616, 0.000629536050837, -0.000623036990874, 0.00105637265369, -0.000963544065598, 0.000734023284167], [-0.00033543779864, 0.00259896134958, 2.70880846074e-05, 0.00144324544817, -0.00133735954296, 0.00165693822782, -0.00253553781658, 0.00240408163518, -0.00143878778908, 0.00242272205651, -0.00305655249394, 0.00379874464124, -0.00239511416294], [0.000354600430001, 2.70880846074e-05, 0.00265055103227, -0.00104219396599, 0.000153247106937, -0.00112913281191, 0.000939451740123, -0.000922879728023, 0.000603551859967, 2.14641295315e-05, 0.00221616192721, -0.00235515832901, 0.00174669525586], [-0.000506999902427, 0.00144324544817, -0.00104219396599, 0.00530869420618, -0.00143611058593, 0.00213967170566, -0.00205220538191, 0.00216088141315, -0.00194134505, 0.00261328159831, -0.00413251388818, 0.00305296713486, -0.00399660877883], [0.000374817056581, -0.00133735954296, 0.000153247106937, -0.00143611058593, 0.00507613131776, -0.00158623640891, 0.000575501704589, -0.00167090550531, 0.000343019957654, -0.00200511841103, 0.00264726881869, -0.000813339080196, -0.000305043853587], [-0.000392200105125, 0.00165693822782, -0.00112913281191, 0.00213967170566, -0.00158623640891, 0.00620925799012, -0.00248073902912, 0.000289027782856, -0.000477353925817, 0.00200858735479, -0.00289613893256, 0.00468134880066, -0.00165206647944], [0.000705984130036, -0.00253553781658, 0.000939451740123, -0.00205220538191, 0.000575501704589, -0.00248073902912, 0.0111098829657, -0.00370831787586, 0.000212276776438, 0.000615373719484, 0.00161652546376, -0.00682460004464, 0.00520521914586], [-0.000679921300616, 0.00240408163518, -0.000922879728023, 0.00216088141315, -0.00167090550531, 0.000289027782856, -0.00370831787586, 0.0131749575958, -0.00360474502668, 0.000925011700019, -0.00385754765011, 0.00360819953494, -0.00338066439144], [0.000629536050837, -0.00143878778908, 0.000603551859967, -0.00194134505, 0.000343019957654, -0.000477353925817, 0.000212276776438, -0.00360474502668, 0.0180257428437, -0.00919994246215, 0.00423406995833, 0.000448714388767, -0.00184564304072], [-0.000623036990874, 0.00242272205651, 2.14641295315e-05, 0.00261328159831, -0.00200511841103, 0.00200858735479, 0.000615373719484, 0.000925011700019, -0.00919994246215, 0.0240204390138, -0.00924281217158, 0.00180500838906, 0.00398835446686], [0.00105637265369, -0.00305655249394, 0.00221616192721, -0.00413251388818, 0.00264726881869, -0.00289613893256, 0.00161652546376, -0.00385754765011, 0.00423406995833, -0.00924281217158, 0.0249963179231, -0.00941981282085, 0.00157680059783], [-0.000963544065598, 0.00379874464124, -0.00235515832901, 0.00305296713486, -0.000813339080196, 0.00468134880066, -0.00682460004464, 0.00360819953494, 0.000448714388767, 0.00180500838906, -0.00941981282085, 0.0238178037107, -0.00859935302287], [0.000734023284167, -0.00239511416294, 0.00174669525586, -0.00399660877883, -0.000305043853587, -0.00165206647944, 0.00520521914586, -0.00338066439144, -0.00184564304072, 0.00398835446686, 0.00157680059783, -0.00859935302287, 0.0240750294179]]
    },
    "melbands": {
        "mean": [0.00176522543188, 0.00433348258957, 0.00243821390904, 0.00078819115879, 0.000403558980906, 0.000180570539669, 0.000176714806003, 0.000187072451808, 0.000122553479741, 9.87081002677e-05, 5.87165086472e-05, 5.69471994822e-05, 4.35051624663e-05, 3.99009441026e-05, 6.24131935183e-05, 6.25691827736e-05, 6.13801676081e-05, 6.11010545981e-05, 3.64421903214e-05, 4.40887270088e-05, 4.57949136035e-05, 3.49463080056e-05, 3.08744783979e-05, 1.94900221686e-05, 2.59097269009e-05, 2.00945087272e-05, 1.62347332662e-05, 1.37233000714e-05, 1.0983761058e-05, 9.09600294108e-06, 7.86542022979e-06, 6.68522307024e-06, 5.23391554452e-06, 3.93409709432e-06, 3.76956859327e-06, 4.46579542768e-06, 6.53417873764e-06, 5.81264839639e-06, 4.44975376013e-06, 3.01883892462e-06],
        "stdev": [0.00307599804364, 0.00522736553103, 0.00223253038712, 0.00108609977178, 0.000588433234952, 0.000255487422692, 0.000382456055377, 0.000413043628214, 0.000321630417602, 0.000255028862739, 0.000146828853758, 9.36846117838e-05, 7.84514413681e-05, 8.28077027109e-05, 0.000129490610561, 0.000158306866069, 0.00014204364561, 0.000152114967932, 8.56631231727e-05, 8.22668152978e-05, 7.31665131752e-05, 5.25414470758e-05, 5.15882748005e-05, 2.29087745538e-05, 2.5229079256e-05, 2.3729446184e-05, 2.05138712772e-05, 1.76328667294e-05, 1.39039775604e-05, 1.23339659694e-05, 1.12634606921e-05, 1.01048226497e-05, 7.92825630924e-06, 5.31373052581e-06, 5.29989665665e-06, 9.91807883111e-06, 2.17068627535e-05, 1.90905229829e-05, 1.31396909637e-05, 7.81641847425e-06]
    },
    "melbands128": {
        "mean": [6.65121187922e-05, 0.000588434399106, 0.00233994191512, 0.00424952339381, 0.00453989999369, 0.00438904063776, 0.0031541143544, 0.00194214656949, 0.000898091646377, 0.000628304609563, 0.000785213487688, 0.000556055572815, 0.000293099175906, 0.000242706184508, 0.000177451307536, 0.000142806326039, 0.000171502470039, 0.000175286637386, 0.000172638159711, 0.000239372893702, 0.000165917721461, 0.000122116325656, 0.000117184747069, 0.000115434580948, 0.000127919905935, 7.30508763809e-05, 7.72853018134e-05, 5.73978213652e-05, 3.95662755182e-05, 6.57899945509e-05, 5.99523482379e-05, 4.66173551104e-05, 4.84531046823e-05, 3.7618123315e-05, 2.67763698503e-05, 4.22417797381e-05, 5.65438167541e-05, 6.1995946453e-05, 7.0018650149e-05, 5.88640941714e-05, 5.07692384417e-05, 8.38034320623e-05, 5.58311476198e-05, 4.82861141791e-05, 7.76468295953e-05, 6.19920901954e-05, 5.04420349898e-05, 2.73395962722e-05, 3.0806990253e-05, 5.38324093213e-05, 4.30887412222e-05, 3.95080314775e-05, 4.40618132416e-05, 5.43201385881e-05, 3.80353303626e-05, 3.00665396935e-05, 3.14310018439e-05, 4.33030254499e-05, 2.62485773419e-05, 1.75440254679e-05, 1.79610688065e-05, 2.0247314751e-05, 2.61321565631e-05, 2.80618623947e-05, 2.57032752415e-05, 1.98874968191e-05, 1.70023959072e-05, 1.51145386553e-05, 1.62932010426e-05, 1.76890571311e-05, 1.42387370943e-05, 1.16067612908e-05, 1.0602934708e-05, 1.10106620923e-05, 1.13658925329e-05, 9.87633029581e-06, 7.64534797781e-06, 7.36617721486e-06, 8.19314300315e-06, 8.24848120828e-06, 6.55858275422e-06, 6.48077639198e-06, 5.86482974541e-06, 5.15728788741e-06, 4.70314398626e-06, 3.99715599997e-06, 3.78439585802e-06, 3.55420615961e-06, 2.970751666e-06, 4.89323701913e-06, 4.33949116996e-06, 3.88807075069e-06, 5.36336074219e-06, 6.45696036372e-06, 7.54921074986e-06, 7.12389555702e-06, 5.05132766193e-06, 4.49076196674e-06, 4.84116344523e-06, 4.12571580455e-06, 3.80102210329e-06, 2.66168308372e-06, 2.35477773458e-06, 2.05823266697e-06, 1.381789275e-06, 1.46742627294e-06, 1.1342963262e-06, 1.05568949493e-06, 8.91147351467e-07, 7.92993375853e-07, 6.79939660131e-07, 5.04954130065e-07, 4.07922783552e-07, 4.16876616782e-07, 3.98672455049e-07, 4.7309683282e-07, 1.9671665541e-07, 4.8817383469e-10, 5.10058575237e-12, 4.83871102908e-12, 4.67558240388e-12, 4.54774629413e-12, 4.4308701673e-12, 4.33873076355e-12, 4.2648718758e-12, 4.21362814432e-12, 4.17498197472e-12, 4.14152002623e-12],
        "stdev": [0.000135948968818, 0.00127297884319, 0.00468354858458, 0.00651956675574, 0.0060125454329, 0.00484998198226, 0.00332353706472, 0.00231656222604, 0.0012482739985, 0.00118576048408, 0.00159950577654, 0.000984969199635, 0.000517261156347, 0.000446271209512, 0.000274236837868, 0.000284337031189, 0.000434510351624, 0.000480535556562, 0.000458185793832, 0.000578938343097, 0.000508260098286, 0.000448456499726, 0.000454852677649, 0.000359694065992, 0.000447586207883, 0.000259837135673, 0.000278884283034, 0.00019870972028, 9.51699112193e-05, 0.000146441612742, 0.000113621099445, 0.000108253749204, 0.000125737453345, 8.24688977445e-05, 9.10246162675e-05, 0.000128788524307, 0.000150051622768, 0.000185644617886, 0.000222425573156, 0.000202117545996, 0.00022149826691, 0.000318221282214, 0.000193621279323, 0.000157317146659, 0.000289426534437, 0.000203909774427, 0.000205662974622, 0.000104934581032, 9.82484561973e-05, 0.00018545066996, 9.80278418865e-05, 7.32064363547e-05, 7.26969592506e-05, 0.000145444311784, 9.49091481743e-05, 6.48855493637e-05, 5.77380415052e-05, 0.000108891152195, 4.77036519442e-05, 2.63406000158e-05, 3.12067240884e-05, 2.5984376407e-05, 2.94442725135e-05, 3.42268758686e-05, 3.29891590809e-05, 2.86223330477e-05, 3.11843978125e-05, 2.54679398495e-05, 2.5645862479e-05, 2.6282032195e-05, 2.13472449104e-05, 1.82971398317e-05, 1.6373800463e-05, 1.56181959028e-05, 1.53461041918e-05, 1.51733156599e-05, 1.26559698401e-05, 1.16042083391e-05, 1.31021706693e-05, 1.27275361592e-05, 1.16980972962e-05, 1.07100404421e-05, 9.86152917903e-06, 8.70218264026e-06, 7.9450865087e-06, 6.15219323663e-06, 5.60095031688e-06, 5.09622486788e-06, 4.55764529761e-06, 8.82854146766e-06, 8.59293504618e-06, 1.03076663436e-05, 1.74365359271e-05, 2.36883806792e-05, 2.71361786872e-05, 2.60681263171e-05, 1.77660895133e-05, 1.32881950776e-05, 1.5306934074e-05, 1.38537379826e-05, 1.08211042971e-05, 7.2853963502e-06, 5.3694188864e-06, 3.9951933104e-06, 2.68499252343e-06, 2.38477718995e-06, 1.78890309144e-06, 1.70005660038e-06, 1.42918690926e-06, 1.26013298996e-06, 1.10268058506e-06, 7.68424058606e-07, 6.32486887753e-07, 7.36040647098e-07, 7.32352134492e-07, 1.0347935131e-06, 4.2848748194e-07, 1.55377055666e-09, 7.76539336306e-12, 7.48320329313e-12, 7.26350663643e-12, 7.07902443262e-12, 6.92221106824e-12, 6.7901808308e-12, 6.68175974619e-12, 6.59659696658e-12, 6.53472024756e-12, 6.49650819251e-12]
    },
    "mfcc": {
        "mean": [-612.996398926, 93.9231338501, 10.735830307, 34.6009521484, 20.0307998657, 10.6690311432, 7.38603878021, 3.87906360626, 3.62058663368, 2.33671998978, -1.14613258839, -0.0270314514637, -3.65776824951],
        "cov": [[7343.45361328, -175.830383301, -277.948272705, 104.660682678, -158.385848999, -193.756469727, -171.346328735, -98.673866272, -140.175323486, -55.5005187988, -19.6978549957, 40.2783699036, -20.8903121948], [-175.830383301, 977.670288086, -237.470458984, 79.3832931519, 5.11778402328, 42.4235305786, 43.2219047546, -8.03086662292, 31.9292430878, -18.1711864471, 18.2250423431, -4.28047180176, -7.37913417816], [-277.948272705, -237.470458984, 510.901245117, -38.9460754395, 26.8771362305, 31.9972248077, 12.4048566818, 44.7225074768, -0.779579520226, -3.61061000824, -25.0953350067, -8.07363796234, 5.97679281235], [104.660682678, 79.3832931519, -38.9460754395, 377.604003906, 14.6698074341, -19.0262947083, -23.1385345459, -4.86177539825, -11.6213283539, -11.0002737045, -37.4805335999, -26.1854476929, 25.2387561798], [-158.385848999, 5.11778402328, 26.8771362305, 14.6698074341, 236.734588623, 47.1000404358, 30.1436424255, 5.87416982651, 44.7960472107, 49.1232261658, -11.0813674927, -17.9468345642, -13.8618030548], [-193.756469727, 42.4235305786, 31.9972248077, -19.0262947083, 47.1000404358, 142.422103882, 42.2040138245, 27.3292884827, 12.5332136154, 17.6433639526, 8.22564411163, -14.392334938, -8.66990470886], [-171.346328735, 43.2219047546, 12.4048566818, -23.1385345459, 30.1436424255, 42.2040138245, 126.09980011, 56.061832428, 18.0093002319, 1.60844838619, 12.2147054672, 18.831867218, -7.90223932266], [-98.673866272, -8.03086662292, 44.7225074768, -4.86177539825, 5.87416982651, 27.3292884827, 56.061832428, 95.1720428467, 30.9362163544, -2.7928647995, -2.84760951996, 11.9464197159, 6.87307977676], [-140.175323486, 31.9292430878, -0.779579520226, -11.6213283539, 44.7960472107, 12.5332136154, 18.0093002319, 30.9362163544, 82.7447662354, 35.3232040405, 1.55315184593, -3.41718554497, 5.59054374695], [-55.5005187988, -18.1711864471, -3.61061000824, -11.0002737045, 49.1232261658, 17.6433639526, 1.60844838619, -2.7928647995, 35.3232040405, 77.1545791626, 20.7787322998, -7.20764875412, -4.5131072998], [-19.6978549957, 18.2250423431, -25.0953350067, -37.4805335999, -11.0813674927, 8.22564411163, 12.2147054672, -2.84760951996, 1.55315184593, 20.7787322998, 70.4409179688, 28.4949760437, -7.01579189301], [40.2783699036, -4.28047180176, -8.07363796234, -26.1854476929, -17.9468345642, -14.392334938, 18.831867218, 11.9464197159, -3.41718554497, -7.20764875412, 28.4949760437, 75.2295227051, 21.2728538513], [-20.8903121948, -7.37913417816, 5.97679281235, 25.2387561798, -13.8618030548, -8.66990470886, -7.90223932266, 6.87307977676, 5.59054374695, -4.5131072998, -7.01579189301, 21.2728538513, 63.2338600159]],
        "icov": [[0.000152131222421, 2.93566881737e-05, 8.87253045221e-05, -3.20736435242e-05, 2.73103487416e-05, 0.000104941471363, 0.000166108089616, -6.99081647326e-05, 0.000209668185562, -6.22589795967e-05, 0.000105070306745, -0.000164175929967, 0.00015074069961], [2.93566881737e-05, 0.00129956472665, 0.000568950548768, -0.000315191748086, 6.86474813847e-05, -0.00050395069411, -0.000469432823593, 0.000586305628531, -0.000990680418909, 0.00100167060737, -0.000434224115452, 0.000134745030664, 0.000122510478832], [8.87253045221e-05, 0.000568950548768, 0.00246135122143, 0.000205529213417, -0.000262806803221, -0.000446605292382, 0.000288068229565, -0.00117566564586, 0.000507591466885, 0.00015769181482, 0.000648977002129, 0.000130090425955, -0.000179412410944], [-3.20736435242e-05, -0.000315191748086, 0.000205529213417, 0.00312130432576, -0.000478000263683, 0.00051682384219, 0.000320948543958, -0.000686167855747, 0.00112410611473, -0.000241276764427, 0.000960114761256, 0.001256166026, -0.00166452745907], [2.73103487416e-05, 6.86474813847e-05, -0.000262806803221, -0.000478000263683, 0.00591334840283, -0.00139862846117, -0.00143437774386, 0.00171685370151, -0.00226542376913, -0.00298857945018, 0.0024093631655, -0.000689788779709, 0.00145768921357], [0.000104941471363, -0.00050395069411, -0.000446605292382, 0.00051682384219, -0.00139862846117, 0.00932987127453, -0.00196339935064, -0.00216300506145, 0.00182268815115, -0.00137651397381, -0.00177003000863, 0.00316582689993, -0.0007466704119], [0.000166108089616, -0.000469432823593, 0.000288068229565, 0.000320948543958, -0.00143437774386, -0.00196339935064, 0.0131006324664, -0.00712379394099, 0.000861543114297, 0.00055717973737, -0.000735897803679, -0.00321296788752, 0.00263544521295], [-6.99081647326e-05, 0.000586305628531, -0.00117566564586, -0.000686167855747, 0.00171685370151, -0.00216300506145, -0.00712379394099, 0.0187126863748, -0.00790953077376, 0.00315603520721, 0.00151526450645, -0.00192728010006, -0.000673052156344], [0.000209668185562, -0.000990680418909, 0.000507591466885, 0.00112410611473, -0.00226542376913, 0.00182268815115, 0.000861543114297, -0.00790953077376, 0.0208057686687, -0.00912232231349, 0.00146936962847, 0.00137938838452, -0.0026138657704], [-6.22589795967e-05, 0.00100167060737, 0.00015769181482, -0.000241276764427, -0.00298857945018, -0.00137651397381, 0.00055717973737, 0.00315603520721, -0.00912232231349, 0.0221883617342, -0.00845793448389, 0.00351056130603, -0.000668846420012], [0.000105070306745, -0.000434224115452, 0.000648977002129, 0.000960114761256, 0.0024093631655, -0.00177003000863, -0.000735897803679, 0.00151526450645, 0.00146936962847, -0.00845793448389, 0.0229733865708, -0.0103152329102, 0.00485383952036], [-0.000164175929967, 0.000134745030664, 0.000130090425955, 0.001256166026, -0.000689788779709, 0.00316582689993, -0.00321296788752, -0.00192728010006, 0.00137938838452, 0.00351056130603, -0.0103152329102, 0.0222293939441, -0.00895556155592], [0.00015074069961, 0.000122510478832, -0.000179412410944, -0.00166452745907, 0.00145768921357, -0.0007466704119, 0.00263544521295, -0.000673052156344, -0.0026138657704, -0.000668846420012, 0.00485383952036, -0.00895556155592, 0.0209140907973]]
    },
    "spectral_contrast_coeffs": {
        "mean": [-0.6969602108, -0.786561369896, -0.800451993942, -0.793993651867, -0.803902685642, -0.769205093384],
        "stdev": [0.0607846193016, 0.0638474076986, 0.0555535554886, 0.0543846674263, 0.0332962907851, 0.0433253161609]
    },
    "spectral_contrast_valleys": {
        "mean": [-6.34558296204, -6.88109827042, -7.47317838669, -7.36258172989, -7.07613992691, -9.57278060913],
        "stdev": [1.53295373917, 1.57417607307, 1.50776410103, 1.52860510349, 1.60014557838, 1.53617966175]
    }
},
"rhythm": {
    "beats_count": 373,
    "beats_loudness": {
        "mean": 0.0343625023961,
        "stdev": 0.0127975596115
    },
    "bpm": 109.12878418,
    "bpm_histogram_first_peak_bpm": 110,
    "bpm_histogram_first_peak_weight": 0.481586396694,
    "bpm_histogram_second_peak_bpm": 105,
    "bpm_histogram_second_peak_spread": 0.428571462631,
    "bpm_histogram_second_peak_weight": 0.0215053763241,
    "danceability": 1.2282179594,
    "onset_rate": 3.67029428482,
    "beats_loudness_band_ratio": {
        "mean": [0.531632781029, 0.126923248172, 0.0752828419209, 0.0620905831456, 0.0923712253571, 0.135925829411],
        "stdev": [0.229267030954, 0.086744248867, 0.0684336200356, 0.0629082620144, 0.0701552629471, 0.0991764366627]
    },
    "beats_position": [0.476009070873, 0.986848056316, 1.49768710136, 1.99691605568, 2.50775504112, 3.01859402657, 3.55265307426, 4.08671188354, 4.63238096237, 5.17804956436, 5.75854873657, 6.31582736969, 6.87310647964, 7.40716552734, 7.96444416046, 8.51011276245, 9.05578231812, 9.6014509201, 10.1587295532, 10.7276191711, 11.2732877731, 11.8189563751, 12.3646259308, 12.9102945328, 13.4559631348, 14.0016326904, 14.5589113235, 15.1161899567, 15.6618595123, 16.2075271606, 16.7648067474, 17.3104763031, 17.8561439514, 18.4134235382, 18.970703125, 19.5279808044, 20.0736503601, 20.6193199158, 21.1765975952, 21.733877182, 22.2795467377, 22.8136043549, 23.3592739105, 23.9165534973, 24.4622211456, 25.0078907013, 25.553560257, 26.0992279053, 26.6565074921, 27.2137870789, 27.7710647583, 28.3283443451, 28.8740139008, 29.4196815491, 29.9653511047, 30.5110206604, 31.0682983398, 31.6255779266, 32.171245575, 32.7169151306, 33.2625846863, 33.8198623657, 34.3771438599, 34.9228096008, 35.4684791565, 36.0141487122, 36.5598182678, 37.1054878235, 37.6511573792, 38.1968231201, 38.7541046143, 39.3113822937, 39.8686599731, 40.4143295288, 40.9716110229, 41.5172767639, 42.0629463196, 42.6202278137, 43.1658935547, 43.7115631104, 44.2456245422, 44.7912902832, 45.3485717773, 45.9058494568, 46.4515190125, 46.9971885681, 47.5544662476, 48.111743927, 48.6574134827, 49.2146911621, 49.7603607178, 50.3176422119, 50.8633079529, 51.4089775085, 51.9546470642, 52.5119247437, 53.0575942993, 53.603263855, 54.1489334106, 54.7062110901, 55.2634925842, 55.8207702637, 56.3780479431, 56.9353294373, 57.4926071167, 58.0266647339, 58.5607261658, 59.094783783, 59.6520614624, 60.2093429565, 60.7434005737, 61.2890701294, 61.8347396851, 62.3920173645, 62.9492950439, 63.5065765381, 64.0754623413, 64.621131897, 65.1668014526, 65.7240829468, 66.2813568115, 66.8270263672, 67.3610839844, 67.90675354, 68.4524230957, 69.0097045898, 69.566986084, 70.1126480103, 70.6583175659, 71.2039871216, 71.7728805542, 72.3417663574, 72.8990478516, 73.4447174072, 73.9903869629, 74.5360565186, 75.0701141357, 75.6041717529, 76.1614532471, 76.7071151733, 77.252784729, 77.8100662231, 78.3673477173, 78.924621582, 79.4819030762, 80.0275726318, 80.584854126, 81.1305236816, 81.6761856079, 82.2218551636, 82.7791366577, 83.3248062134, 83.870475769, 84.4277572632, 84.9734191895, 85.5307006836, 86.0879821777, 86.6336517334, 87.1677093506, 87.7133789062, 88.2590484619, 88.8047180176, 89.3503875732, 89.907661438, 90.4649429321, 91.0222167969, 91.5678863525, 92.1135559082, 92.6708374023, 93.2281188965, 93.7737884521, 94.3194503784, 94.8651199341, 95.4107894897, 95.9564590454, 96.5021286011, 97.0477981567, 97.5934677124, 98.1507492065, 98.7080230713, 99.2653045654, 99.8225860596, 100.379859924, 100.92552948, 101.471199036, 102.005256653, 102.562538147, 103.119819641, 103.665489197, 104.211151123, 104.768432617, 105.325714111, 105.882987976, 106.428657532, 106.974327087, 107.531608582, 108.088890076, 108.622947693, 109.168617249, 109.714286804, 110.271560669, 110.828842163, 111.36289978, 111.896957397, 112.454238892, 113.011520386, 113.557182312, 114.102851868, 114.648521423, 115.217414856, 115.774688721, 116.320358276, 116.866027832, 117.423309326, 117.968978882, 118.514648438, 119.060317993, 119.605987549, 120.151649475, 120.697319031, 121.242988586, 121.800270081, 122.345939636, 122.90322113, 123.448883057, 124.006164551, 124.563446045, 125.132331848, 125.678001404, 126.223670959, 126.769340515, 127.315010071, 127.860679626, 128.406341553, 128.963623047, 129.520904541, 130.078186035, 130.635467529, 131.181137085, 131.726806641, 132.272476196, 132.818145752, 133.375411987, 133.932693481, 134.478363037, 135.024032593, 135.569702148, 136.115371704, 136.66104126, 137.206710815, 137.76399231, 138.321273804, 138.878540039, 139.412597656, 139.96987915, 140.503936768, 141.061218262, 141.606887817, 142.164169312, 142.709838867, 143.255508423, 143.801177979, 144.358459473, 144.904129028, 145.449798584, 145.99546814, 146.541137695, 147.086807251, 147.632461548, 148.189743042, 148.747024536, 149.292694092, 149.838363647, 150.384033203, 150.929702759, 151.475372314, 152.02104187, 152.578323364, 153.135604858, 153.692871094, 154.250152588, 154.807434082, 155.353103638, 155.898773193, 156.456054688, 157.013336182, 157.559005737, 158.104675293, 158.650344849, 159.195999146, 159.75328064, 160.310562134, 160.856231689, 161.413513184, 161.959182739, 162.516464233, 163.050521851, 163.607803345, 164.16506958, 164.722351074, 165.26802063, 165.813690186, 166.37097168, 166.916641235, 167.450698853, 167.996368408, 168.553649902, 169.110931396, 169.668212891, 170.225479126, 170.771148682, 171.328430176, 171.88571167, 172.431381226, 172.977050781, 173.522720337, 174.068389893, 174.614059448, 175.148117065, 175.70539856, 176.251068115, 176.808334351, 177.365615845, 177.922897339, 178.480178833, 179.025848389, 179.571517944, 180.1171875, 180.674468994, 181.231735229, 181.765808105, 182.299865723, 182.845535278, 183.391204834, 183.93687439, 184.482528687, 185.039810181, 185.597091675, 186.154373169, 186.711654663, 187.268936157, 187.826202393, 188.371871948, 188.917541504, 189.474822998, 190.020492554, 190.566162109, 191.123443604, 191.669113159, 192.214782715, 192.772064209, 193.306121826, 193.851791382, 194.409072876, 194.97795105, 195.523620605, 196.069290161, 196.614959717, 197.160629272, 197.69468689, 198.228744507, 198.786026001, 199.343307495, 199.900588989, 200.457870483, 201.003540039, 201.549209595, 202.118087769, 202.69859314, 203.279083252, 203.859588623, 204.440093994, 205.032196045],
    "bpm_histogram": [0, 0, 0, 0, 0, 0, 0, 0, 0, 0, 0, 0, 0, 0, 0, 0, 0, 0, 0, 0, 0, 0, 0, 0, 0, 0, 0, 0, 0, 0, 0, 0, 0, 0, 0, 0, 0, 0, 0, 0, 0, 0, 0, 0, 0, 0, 0, 0, 0, 0, 0, 0, 0, 0, 0, 0, 0, 0, 0, 0, 0, 0, 0, 0, 0, 0, 0, 0, 0, 0, 0, 0, 0, 0, 0, 0, 0, 0, 0, 0, 0, 0, 0, 0, 0, 0, 0, 0, 0, 0, 0, 0, 0, 0, 0, 0, 0, 0, 0, 0, 0, 0.00268817204051, 0, 0.0134408604354, 0, 0.0215053763241, 0, 0, 0.384408593178, 0, 0.491935491562, 0, 0.0725806429982, 0, 0, 0, 0, 0.010752688162, 0, 0, 0.00268817204051, 0, 0, 0, 0, 0, 0, 0, 0, 0, 0, 0, 0, 0, 0, 0, 0, 0, 0, 0, 0, 0, 0, 0, 0, 0, 0, 0, 0, 0, 0, 0, 0, 0, 0, 0, 0, 0, 0, 0, 0, 0, 0, 0, 0, 0, 0, 0, 0, 0, 0, 0, 0, 0, 0, 0, 0, 0, 0, 0, 0, 0, 0, 0, 0, 0, 0, 0, 0, 0, 0, 0, 0, 0, 0, 0, 0, 0, 0, 0, 0, 0, 0, 0, 0, 0, 0, 0, 0, 0, 0, 0, 0, 0, 0, 0, 0, 0, 0, 0, 0, 0, 0, 0, 0, 0, 0, 0, 0, 0, 0, 0, 0, 0, 0, 0, 0, 0, 0, 0, 0, 0, 0, 0, 0, 0, 0, 0, 0, 0]
},
"tonal": {
    "chords_changes_rate": 0.102685622871,
    "chords_number_rate": 0.00293387495913,
    "chords_strength": {
        "mean": 0.527069985867,
        "stdev": 0.0905718430877
    },
    "hpcp_crest": {
        "mean": 10.3083839417,
        "stdev": 5.30071783066
    },
    "hpcp_entropy": {
        "mean": 2.57682585716,
        "stdev": 0.802783548832
    },
    "key_edma": {
        "strength": 0.694067656994,
        "key": "E",
        "scale": "major"
    },
    "key_krumhansl": {
        "strength": 0.693915188313,
        "key": "E",
        "scale": "major"
    },
    "key_temperley": {
        "strength": 0.687578976154,
        "key": "E",
        "scale": "major"
    },
    "tuning_diatonic_strength": 0.618138492107,
    "tuning_equal_tempered_deviation": 0.0859627351165,
    "tuning_frequency": 438.984558105,
    "tuning_nontempered_energy_ratio": 0.819597542286,
    "hpcp": {
        "mean": [0.144360035658, 0.108547359705, 0.0723994523287, 0.0679516941309, 0.0803031474352, 0.138047873974, 0.234748780727, 0.238871648908, 0.211395457387, 0.218752279878, 0.144737914205, 0.0707228854299, 0.0656692311168, 0.0760193914175, 0.108808778226, 0.171804457903, 0.168855383992, 0.112976491451, 0.0912802144885, 0.0873303636909, 0.132632389665, 0.209331512451, 0.213973686099, 0.220011606812, 0.242319568992, 0.155528262258, 0.0801723971963, 0.0768955796957, 0.0683896690607, 0.0938742533326, 0.131079092622, 0.105052635074, 0.0755330398679, 0.0823820009828, 0.0865517705679, 0.119109384716],
        "stdev": [0.253374129534, 0.199454829097, 0.165686681867, 0.165447935462, 0.186846390367, 0.240900695324, 0.32183560729, 0.310849487782, 0.279932618141, 0.315705597401, 0.2414034307, 0.16116937995, 0.154876023531, 0.169071555138, 0.202433824539, 0.274206578732, 0.273059308529, 0.214386209846, 0.192852586508, 0.180261000991, 0.22099840641, 0.29389834404, 0.293145924807, 0.287870675325, 0.341899901628, 0.256554067135, 0.170540705323, 0.163391187787, 0.151625573635, 0.197604730725, 0.263985693455, 0.209341064095, 0.146028354764, 0.158547475934, 0.165524363518, 0.210899025202]
    },
    "chords_histogram": [21.4624233246, 0.654479801655, 0.835025966167, 0, 0, 0, 0, 5.66463565826, 4.28797101974, 0.270819216967, 0.0451365374029, 0.993003845215, 0, 5.41638469696, 6.09343242645, 9.3432636261, 9.14014911652, 18.6865272522, 2.30196332932, 3.36267209053, 1.46693754196, 0, 1.10584521294, 8.86932945251],
    "thpcp": [1, 0.641831219196, 0.330853998661, 0.317331284285, 0.282229244709, 0.387398570776, 0.540934801102, 0.433529317379, 0.311708390713, 0.339972555637, 0.357180267572, 0.491538435221, 0.595742404461, 0.447951287031, 0.298776745796, 0.280421823263, 0.331393569708, 0.569693446159, 0.968757033348, 0.985771179199, 0.872382938862, 0.902742922306, 0.597301781178, 0.291857928038, 0.271002590656, 0.313715457916, 0.449030101299, 0.70899951458, 0.696829319, 0.466229349375, 0.376693546772, 0.360393345356, 0.547344923019, 0.863865494728, 0.883022725582, 0.907939910889],
    "chords_key": "E",
    "chords_scale": "major"
}
}