{
"metadata": {
    "version": {
        "essentia": "2.1-dev",
        "essentia_git_sha": "v2.1_beta3-415-gd5473f3",
        "extractor": "music 2.0"
    },
    "audio_properties": {
        "analysis": {
            "equal_loudness": 0,
            "length": 318.014678955,
            "sample_rate": 44100,
            "start_time": 0,
            "downmix": "mix"
        },
        "bit_rate": 192000,
        "length": 318.014678955,
        "lossless": 0,
        "number_channels": 2,
        "replay_gain": -8.33366966248,
        "sample_rate": 44100,
        "codec": "mp3",
        "md5_encoded": "3e8e7d851b13f2b0c1ceff87a1d600a7"
    },
    "tags": {
        "file_name": "soundgarden-black_hole_sun.mp3"
    }
},
"lowlevel": {
    "average_loudness": 0.864562809467,
    "barkbands_crest": {
        "mean": 8.8482170105,
        "stdev": 3.78315734863
    },
    "barkbands_flatness_db": {
        "mean": 0.121511384845,
        "stdev": 0.057119242847
    },
    "barkbands_kurtosis": {
        "mean": 2.62968111038,
        "stdev": 9.35448932648
    },
    "barkbands_skewness": {
        "mean": 1.34822714329,
        "stdev": 1.10071742535
    },
    "barkbands_spread": {
        "mean": 31.4702625275,
        "stdev": 16.5390415192
    },
    "dissonance": {
        "mean": 0.469368577003,
        "stdev": 0.0275297444314
    },
    "dynamic_complexity": 3.14824342728,
    "erbbands_crest": {
        "mean": 7.92964458466,
        "stdev": 3.91326594353
    },
    "erbbands_flatness_db": {
        "mean": 0.146114915609,
        "stdev": 0.0432685911655
    },
    "erbbands_kurtosis": {
        "mean": 0.0489595495164,
        "stdev": 2.10342955589
    },
    "erbbands_skewness": {
        "mean": -0.0773611441255,
        "stdev": 0.757309615612
    },
    "erbbands_spread": {
        "mean": 44.0794944763,
        "stdev": 14.8153152466
    },
    "hfc": {
        "mean": 27.2847366333,
        "stdev": 21.9448986053
    },
    "loudness_ebu128": {
        "integrated": -14.0614051819,
        "loudness_range": 6.4918756485,
        "momentary": {
            "mean": -15.6970939636,
            "stdev": 5.03354501724
        },
        "short_term": {
            "mean": -15.2830991745,
            "stdev": 3.66880893707
        }
    },
    "melbands_crest": {
        "mean": 14.2260122299,
        "stdev": 5.05859231949
    },
    "melbands_flatness_db": {
        "mean": 0.180291801691,
        "stdev": 0.0726665705442
    },
    "melbands_kurtosis": {
        "mean": 12.0963153839,
        "stdev": 20.1618671417
    },
    "melbands_skewness": {
        "mean": 2.72990965843,
        "stdev": 1.43420016766
    },
    "melbands_spread": {
        "mean": 31.3734302521,
        "stdev": 23.5791816711
    },
    "pitch_salience": {
        "mean": 0.530592083931,
        "stdev": 0.111726947129
    },
    "silence_rate_20dB": {
        "mean": 1,
        "stdev": 0
    },
    "silence_rate_30dB": {
        "mean": 0.997152686119,
        "stdev": 0.0532828979194
    },
    "silence_rate_60dB": {
        "mean": 0.0656348094344,
        "stdev": 0.247691512108
    },
    "spectral_centroid": {
        "mean": 1664.01318359,
        "stdev": 697.81072998
    },
    "spectral_complexity": {
        "mean": 24.4099445343,
        "stdev": 13.2283248901
    },
    "spectral_decrease": {
        "mean": -7.18951964629e-09,
        "stdev": 5.43588285495e-09
    },
    "spectral_energy": {
        "mean": 0.0296096522361,
        "stdev": 0.0214982014149
    },
    "spectral_energyband_high": {
        "mean": 0.00167695479468,
        "stdev": 0.00229725125246
    },
    "spectral_energyband_low": {
        "mean": 0.0132342940196,
        "stdev": 0.0160549767315
    },
    "spectral_energyband_middle_high": {
        "mean": 0.00620322255418,
        "stdev": 0.00538329873234
    },
    "spectral_energyband_middle_low": {
        "mean": 0.00979996845126,
        "stdev": 0.00786365754902
    },
    "spectral_entropy": {
        "mean": 7.74969387054,
        "stdev": 0.443086475134
    },
    "spectral_flux": {
        "mean": 0.0827572271228,
        "stdev": 0.0474257431924
    },
    "spectral_kurtosis": {
        "mean": 3.41359758377,
        "stdev": 6.35796356201
    },
    "spectral_rms": {
        "mean": 0.00499279471114,
        "stdev": 0.00198986707255
    },
    "spectral_rolloff": {
        "mean": 1986.77258301,
        "stdev": 1738.61376953
    },
    "spectral_skewness": {
        "mean": 1.2328748703,
        "stdev": 0.536492645741
    },
    "spectral_spread": {
        "mean": 4684528,
        "stdev": 1546502.75
    },
    "spectral_strongpeak": {
        "mean": 0.636132240295,
        "stdev": 0.837566077709
    },
    "zerocrossingrate": {
        "mean": 0.0728227421641,
        "stdev": 0.0423678793013
    },
    "barkbands": {
        "mean": [0.000126814411487, 0.00684496387839, 0.00514078745618, 0.00187445501797, 0.00330395856872, 0.000974898517597, 0.00127379887272, 0.000936760625336, 0.00116047880147, 0.000826142902952, 0.000759596528951, 0.000685428851284, 0.000334017095156, 0.000496310880408, 0.00042722307262, 0.000648450281005, 0.00074444944039, 0.000669174944051, 0.000496624794323, 0.000420233147452, 0.000289211573545, 0.000339874008205, 0.000473681400763, 0.000235830200836, 9.79368342087e-05, 2.70643195108e-05, 1.57790930189e-06],
        "stdev": [0.000269351352472, 0.0121897310019, 0.00633638631552, 0.00283732800744, 0.00385092385113, 0.00146310753189, 0.00223807804286, 0.00167077279184, 0.0022172073368, 0.00120420276653, 0.00116102176253, 0.00134295516182, 0.000625772809144, 0.00103715527803, 0.00077082333155, 0.000905319175217, 0.00112264498603, 0.000875110097695, 0.000584410037845, 0.000487458368298, 0.00034833693644, 0.000519448483828, 0.000919769110624, 0.000570887117647, 0.000226927004405, 5.00325659232e-05, 3.75274089492e-06]
    },
    "erbbands": {
        "mean": [0.169623211026, 1.66371285915, 5.52987241745, 6.68647480011, 8.91493988037, 10.8646297455, 9.45830440521, 7.78432273865, 15.9703788757, 17.4674110413, 24.0872917175, 27.5642433167, 28.2199211121, 27.036113739, 27.2919502258, 27.814655304, 18.1119022369, 22.4102020264, 24.8347530365, 23.8651103973, 39.3512802124, 44.3537101746, 39.8737831116, 25.7200317383, 23.5793952942, 19.6014499664, 13.6213197708, 11.0205545425, 10.9161167145, 15.102973938, 13.2070322037, 6.30952787399, 3.39243340492, 1.4065104723, 0.544184744358, 0.157020583749, 0.0418968163431, 0.00766659621149, 0.000200706155738, 4.41946212959e-05],
        "stdev": [0.344964444637, 2.85165452957, 6.87828779221, 8.40764141083, 11.9883203506, 14.3958234787, 14.1859970093, 12.4802980423, 27.3743972778, 34.5371322632, 38.9860877991, 61.9548568726, 39.2858123779, 40.526309967, 45.1120491028, 47.169670105, 28.9789524078, 36.6706886292, 39.6598701477, 32.2759628296, 56.3865470886, 63.5685920715, 51.921962738, 30.9990234375, 27.9328689575, 23.1559925079, 15.302069664, 13.5512056351, 15.8355484009, 27.3984222412, 26.7774581909, 14.4566278458, 8.87752056122, 3.49201178551, 1.17659795284, 0.291537225246, 0.0819903761148, 0.0162361841649, 0.00037749382318, 3.12299453071e-05]
    },
    "gfcc": {
        "mean": [11.9874172211, 90.4621276855, -121.953567505, 49.6308670044, -55.929473877, 20.7728767395, -33.7484512329, 11.1550273895, -19.0962352753, -4.82598161697, -18.0054473877, -0.891177475452, -12.4201469421],
        "cov": [[10020.5585938, -2469.26147461, 230.460906982, 413.801086426, -748.869140625, 800.157409668, -81.7640075684, 637.387023926, -401.739044189, 161.195373535, -362.060028076, 440.090820312, -220.629776001], [-2469.26147461, 1696.73291016, -458.855987549, -153.223434448, 437.909759521, -547.81072998, 88.4808425903, -278.281951904, 150.343215942, -116.296043396, 185.704360962, -216.997314453, 119.016983032], [230.460906982, -458.855987549, 593.421630859, 39.1105537415, -92.9799041748, 236.428741455, -42.8214759827, 112.36555481, -20.1562385559, 78.0886459351, -35.861530304, 105.058914185, -15.2868967056], [413.801086426, -153.223434448, 39.1105537415, 265.676544189, 33.58070755, 28.123550415, -3.09273910522, 33.9836883545, 3.65604233742, -6.14118003845, 4.86039209366, -1.7500191927, 25.8024425507], [-748.869140625, 437.909759521, -92.9799041748, 33.58070755, 375.528076172, -154.187393188, 60.7164230347, -40.4815559387, 17.1308097839, 13.2808618546, 44.719379425, -35.2407531738, 56.4695167542], [800.157409668, -547.81072998, 236.428741455, 28.123550415, -154.187393188, 438.447174072, 42.6743659973, 136.332260132, 9.97504520416, 32.7459983826, -30.37641716, 73.5019836426, -27.7181377411], [-81.7640075684, 88.4808425903, -42.8214759827, -3.09273910522, 60.7164230347, 42.6743659973, 167.44744873, 30.8530635834, 26.3498268127, 7.46483898163, 10.928273201, -8.66105937958, -7.22278213501], [637.387023926, -278.281951904, 112.36555481, 33.9836883545, -40.4815559387, 136.332260132, 30.8530635834, 173.680450439, 2.60682177544, 38.8521842957, -27.5856742859, 48.2083015442, -10.2781906128], [-401.739044189, 150.343215942, -20.1562385559, 3.65604233742, 17.1308097839, 9.97504520416, 26.3498268127, 2.60682177544, 158.976318359, 23.0295886993, 28.0931301117, -47.1475868225, -7.64119577408], [161.195373535, -116.296043396, 78.0886459351, -6.14118003845, 13.2808618546, 32.7459983826, 7.46483898163, 38.8521842957, 23.0295886993, 110.095504761, 7.31180763245, 25.2487258911, -19.6756076813], [-362.060028076, 185.704360962, -35.861530304, 4.86039209366, 44.719379425, -30.37641716, 10.928273201, -27.5856742859, 28.0931301117, 7.31180763245, 95.0898895264, -5.67037343979, 20.2164707184], [440.090820312, -216.997314453, 105.058914185, -1.7500191927, -35.2407531738, 73.5019836426, -8.66105937958, 48.2083015442, -47.1475868225, 25.2487258911, -5.67037343979, 118.143280029, 11.7436466217], [-220.629776001, 119.016983032, -15.2868967056, 25.8024425507, 56.4695167542, -27.7181377411, -7.22278213501, -10.2781906128, -7.64119577408, -19.6756076813, 20.2164707184, 11.7436466217, 94.0070571899]],
        "icov": [[0.000302090833429, -0.000308597751427, 0.000485791475512, -0.00075608905172, 0.000507698219735, -0.000469884485938, 0.000324431777699, -0.000736314803362, 0.00075876316987, -0.000720091164112, 0.000959823024459, -0.000934956304263, 0.000708462786861], [-0.000308597751427, 0.0044131972827, -0.000795173749793, 0.00344074773602, -0.00278831087053, 0.00338335288689, -0.00210308586247, 0.00208910997026, -0.00338573125191, 0.00417365552858, -0.00540018174797, 0.0039032578934, -0.00337386876345], [0.000485791475512, -0.000795173749793, 0.00349091715179, -0.0016751063522, 0.000859700492583, -0.00211075996049, 0.00168383808341, -0.00156590261031, 0.00140199484304, -0.00268169445917, 0.00239616143517, -0.00295881018974, 0.00140069017652], [-0.00075608905172, 0.00344074773602, -0.0016751063522, 0.00778266834095, -0.00325213093311, 0.00280601205304, -0.0015200257767, 0.00163197296206, -0.0035615246743, 0.00462485756725, -0.00561550632119, 0.00500966794789, -0.00443633785471], [0.000507698219735, -0.00278831087053, 0.000859700492583, -0.00325213093311, 0.0062630167231, -0.00093412026763, -0.000416815135395, -0.00178294407669, 0.0029399918858, -0.0045277797617, 0.00341804185882, -0.00240842532367, 0.000346658373019], [-0.000469884485938, 0.00338335288689, -0.00211075996049, 0.00280601205304, -0.00093412026763, 0.00706716673449, -0.00331886881031, 0.00032394201844, -0.00365086481906, 0.00400517787784, -0.00463126925752, 0.00258132815361, -0.00285934656858], [0.000324431777699, -0.00210308586247, 0.00168383808341, -0.0015200257767, -0.000416815135395, -0.00331886881031, 0.00893851742148, -0.00288907950744, 0.00127230479848, -0.00187608739361, 0.00227792700753, -0.00212095235474, 0.0032435762696], [-0.000736314803362, 0.00208910997026, -0.00156590261031, 0.00163197296206, -0.00178294407669, 0.00032394201844, -0.00288907950744, 0.0115429544821, -0.0032964439597, 0.000755089160521, -0.00135448365472, 0.00108000310138, -0.00282252114266], [0.00075876316987, -0.00338573125191, 0.00140199484304, -0.0035615246743, 0.0029399918858, -0.00365086481906, 0.00127230479848, -0.0032964439597, 0.0120475757867, -0.00625195493922, 0.00281186169013, 0.000202114650165, 0.00320841721259], [-0.000720091164112, 0.00417365552858, -0.00268169445917, 0.00462485756725, -0.0045277797617, 0.00400517787784, -0.00187608739361, 0.000755089160521, -0.00625195493922, 0.0172041654587, -0.00757380761206, 0.00201505143195, -0.000370687659597], [0.000959823024459, -0.00540018174797, 0.00239616143517, -0.00561550632119, 0.00341804185882, -0.00463126925752, 0.00227792700753, -0.00135448365472, 0.00281186169013, -0.00757380761206, 0.0208827424794, -0.00761606544256, 0.00273256376386], [-0.000934956304263, 0.0039032578934, -0.00295881018974, 0.00500966794789, -0.00240842532367, 0.00258132815361, -0.00212095235474, 0.00108000310138, 0.000202114650165, 0.00201505143195, -0.00761606544256, 0.0188926365227, -0.00711328582838], [0.000708462786861, -0.00337386876345, 0.00140069017652, -0.00443633785471, 0.000346658373019, -0.00285934656858, 0.0032435762696, -0.00282252114266, 0.00320841721259, -0.000370687659597, 0.00273256376386, -0.00711328582838, 0.0173905864358]]
    },
    "melbands": {
        "mean": [0.00172332080547, 0.00271917041391, 0.00122735346667, 0.000741038180422, 0.00036218756577, 0.000184629272553, 0.000250791112194, 0.000180902323336, 0.000207900651731, 0.000170134357177, 0.000137512557558, 0.000106435079942, 9.97489842121e-05, 6.71195666655e-05, 6.25827742624e-05, 3.44568143191e-05, 4.36751070083e-05, 4.05909777328e-05, 3.5001681681e-05, 3.6497192923e-05, 4.65229895781e-05, 4.71264247608e-05, 4.37863673142e-05, 2.57259780483e-05, 2.04748575925e-05, 1.77801775862e-05, 1.57228587341e-05, 1.25166370708e-05, 8.97667996469e-06, 7.12491464583e-06, 5.91363186686e-06, 5.58450074095e-06, 7.60758075558e-06, 8.6611662482e-06, 8.25009919936e-06, 5.31686100658e-06, 3.35276627084e-06, 2.57473539023e-06, 1.67709765719e-06, 1.00418526472e-06],
        "stdev": [0.00326671893708, 0.00337896705605, 0.00140445621219, 0.000908529968001, 0.000494049745612, 0.000286128284642, 0.000425788748544, 0.00036537804408, 0.000348656816641, 0.000392069196096, 0.000200552269234, 0.000160853363923, 0.00015499193978, 0.000152906824951, 0.000109504268039, 6.09403869021e-05, 8.31151701277e-05, 7.66428565839e-05, 6.83060861775e-05, 5.03740520799e-05, 7.08005391061e-05, 8.07479591458e-05, 5.97619000473e-05, 3.38456411555e-05, 2.66484221356e-05, 2.11919068533e-05, 2.07844932447e-05, 1.5547084331e-05, 1.01636424006e-05, 9.13848634809e-06, 7.56395957069e-06, 8.34968705021e-06, 1.29013824335e-05, 1.62705873663e-05, 1.68390633917e-05, 1.22843657664e-05, 8.01473652245e-06, 6.86590010446e-06, 4.79799928144e-06, 2.36812093135e-06]
    },
    "melbands128": {
        "mean": [0.000122939367429, 0.00114371790551, 0.00243399548344, 0.00277438946068, 0.00292930612341, 0.00239595887251, 0.00139449816197, 0.000828333257232, 0.000950510962866, 0.000814008701127, 0.000624450796749, 0.000450624560472, 0.000341703591403, 0.000205321848625, 0.00014380759967, 0.000179511116585, 0.000276219827356, 0.000248649012065, 0.000296582962619, 0.000175592140295, 0.000160662355484, 0.000122153200209, 0.000298673112411, 0.000168103229953, 0.000175830966327, 0.000179594426299, 0.000115248731163, 0.000157051996212, 0.000144091391121, 6.3426377892e-05, 0.000126801300212, 0.000114422058687, 0.000109549211629, 7.62085110182e-05, 6.4380641561e-05, 4.58937793155e-05, 0.000108024571091, 7.32422704459e-05, 2.73844871117e-05, 3.953299165e-05, 3.31701485266e-05, 2.94179844786e-05, 4.62178468297e-05, 4.5072138164e-05, 5.49591677554e-05, 2.9871109291e-05, 3.60222766176e-05, 5.0561131502e-05, 2.4168042728e-05, 2.34124254348e-05, 3.99218661187e-05, 4.26503283961e-05, 5.48631724087e-05, 3.91492030758e-05, 4.96323009429e-05, 5.53621575818e-05, 3.68804285245e-05, 3.72947615688e-05, 5.61573979212e-05, 3.82970974897e-05, 2.17070682993e-05, 1.71951778611e-05, 1.91215312952e-05, 2.30976274906e-05, 2.01174079848e-05, 1.64954872162e-05, 1.68071874214e-05, 1.81756877282e-05, 1.39026269608e-05, 1.5445466488e-05, 1.19952428577e-05, 1.13096248242e-05, 1.15821821964e-05, 7.79505080573e-06, 7.52713322072e-06, 6.68200800646e-06, 7.44268072594e-06, 6.97210725775e-06, 5.48221078134e-06, 5.13360600962e-06, 5.19862851434e-06, 5.95933079239e-06, 6.1039022512e-06, 7.83893756306e-06, 8.73997942108e-06, 8.69055384101e-06, 8.68775805429e-06, 8.57110717334e-06, 8.5599222075e-06, 8.01399801276e-06, 6.18609919911e-06, 4.60041337647e-06, 3.57954104402e-06, 3.36970379067e-06, 3.19441301144e-06, 2.93601533485e-06, 2.49565187005e-06, 1.97332565222e-06, 1.78462846634e-06, 1.51776259827e-06, 1.10842529466e-06, 9.29083284973e-07, 8.35928460674e-07, 7.75865657943e-07, 6.23801724942e-07, 4.70628947369e-07, 3.79625902269e-07, 3.36725321404e-07, 2.30012773272e-07, 2.11640383441e-07, 1.60164518093e-07, 1.43849860024e-07, 1.2176758446e-07, 1.10786821494e-07, 9.92911850517e-08, 8.34906543901e-08, 6.30987244676e-08, 9.26098131515e-09, 4.96293934768e-12, 4.57125006251e-12, 4.44655206752e-12, 4.34311310873e-12, 4.24383445052e-12, 4.1625166855e-12, 4.0996216838e-12, 4.05463640094e-12, 4.02018869583e-12, 3.99117544569e-12],
        "stdev": [0.000264086556854, 0.00249780458398, 0.00528159039095, 0.00486950017512, 0.0040344921872, 0.0029572499916, 0.00196492183022, 0.00127407535911, 0.00153489294462, 0.001287971274, 0.00116274890024, 0.00079058035044, 0.000628365320154, 0.000403230689699, 0.000323380576447, 0.000404613878345, 0.000669601315167, 0.00054249598179, 0.000747860816773, 0.00049507181393, 0.000543632602785, 0.000300855259411, 0.00061941012973, 0.000357739801984, 0.000638950557914, 0.000493572908454, 0.000238541077124, 0.000282922177576, 0.000283273402601, 0.000139813870192, 0.000281323649688, 0.00024667949765, 0.000215585532715, 0.000186252364074, 0.000296590267681, 0.000171449355548, 0.000221454232815, 0.000153691944433, 0.000100318793557, 0.000104722799733, 7.82782371971e-05, 6.10682182014e-05, 0.000103168909845, 0.00014213907707, 0.000180920498678, 6.08602131251e-05, 8.06367097539e-05, 0.000138393908856, 6.09238486504e-05, 4.22734628955e-05, 7.34030327294e-05, 9.52707923716e-05, 0.000106528052129, 9.32214607019e-05, 0.000101740813989, 0.000138014744152, 5.8769237512e-05, 6.88521322445e-05, 9.75111834123e-05, 7.22283293726e-05, 3.57969584002e-05, 3.15436227538e-05, 3.14438220812e-05, 3.93147929572e-05, 3.17761514452e-05, 2.3285369025e-05, 2.7794538255e-05, 3.29750437231e-05, 2.34233903029e-05, 2.66998958978e-05, 2.01060793188e-05, 1.53203181981e-05, 1.54320041474e-05, 1.05996596176e-05, 1.21157027024e-05, 1.00614743133e-05, 1.13728065116e-05, 9.96280323307e-06, 8.20562217996e-06, 7.47387184674e-06, 8.55534108268e-06, 1.07279265649e-05, 1.04742266558e-05, 1.37810011438e-05, 1.95678112505e-05, 1.8156841179e-05, 1.69917748281e-05, 1.79160524567e-05, 1.93357791431e-05, 1.77320453076e-05, 1.51235062731e-05, 1.21856319311e-05, 9.17131183087e-06, 8.66151458467e-06, 8.04611136118e-06, 7.94770858192e-06, 7.33179740564e-06, 6.16689476374e-06, 5.45558214071e-06, 4.53356415164e-06, 3.07144091494e-06, 2.09410382013e-06, 1.88493220321e-06, 1.81615610018e-06, 1.56266321483e-06, 1.2096888895e-06, 8.98945927474e-07, 6.29886812931e-07, 4.90952970722e-07, 4.29270528457e-07, 3.31879675741e-07, 2.97720760045e-07, 2.67712294999e-07, 2.40665031015e-07, 2.19182169303e-07, 1.95417214854e-07, 1.46294397041e-07, 2.64673065686e-08, 9.54454310725e-12, 7.37760807307e-12, 7.17252906374e-12, 6.99786886424e-12, 6.84678225574e-12, 6.72121429693e-12, 6.61492562115e-12, 6.53260258388e-12, 6.47283051811e-12, 6.43504390399e-12]
    },
    "mfcc": {
        "mean": [-622.596801758, 106.541854858, 1.15260672569, 29.0503921509, 7.02019882202, 10.4557247162, -0.419965296984, 14.1569471359, 1.62275338173, 3.82138156891, -2.93020415306, -0.837669014931, -0.111337676644],
        "cov": [[8362.65625, -1557.96704102, 0.100532501936, 10.2898864746, -366.733428955, 54.8239364624, 137.194046021, 450.825775146, 91.1318740845, 41.6626281738, -180.299636841, 72.1923675537, 1.94946634769], [-1557.96704102, 1320.35717773, -475.178527832, 185.800872803, 89.5620498657, -112.516654968, -21.7791061401, -173.929656982, -40.2477645874, -48.1538696289, 50.2567214966, -24.7076931, -20.35978508], [0.100532501936, -475.178527832, 627.473449707, -178.783569336, -5.80117177963, 91.267364502, -26.4636707306, 93.9350662231, 2.85647058487, 49.7415733337, -22.1673107147, 29.7259788513, 59.6743125916], [10.2898864746, 185.800872803, -178.783569336, 344.269744873, 79.8182601929, -54.7193832397, 17.1171207428, -63.4282951355, 10.892950058, -24.1931190491, -9.86393928528, -3.70572733879, -12.078004837], [-366.733428955, 89.5620498657, -5.80117177963, 79.8182601929, 187.361618042, 13.7004175186, 4.88831186295, -27.1885910034, 10.0046949387, -1.80003798008, -10.385881424, 7.45113897324, 2.72348284721], [54.8239364624, -112.516654968, 91.267364502, -54.7193832397, 13.7004175186, 158.690109253, 40.2349357605, 59.1262359619, 22.6788349152, 37.1836738586, 13.7959470749, 19.3901920319, 27.5572223663], [137.194046021, -21.7791061401, -26.4636707306, 17.1171207428, 4.88831186295, 40.2349357605, 145.825149536, 52.2518119812, 26.6208515167, -10.487197876, -5.1110830307, 9.6120557785, -1.02714598179], [450.825775146, -173.929656982, 93.9350662231, -63.4282951355, -27.1885910034, 59.1262359619, 52.2518119812, 173.536987305, 42.6692276001, 32.3091430664, -7.48411607742, 19.5505580902, 27.0854301453], [91.1318740845, -40.2477645874, 2.85647058487, 10.892950058, 10.0046949387, 22.6788349152, 26.6208515167, 42.6692276001, 103.237129211, 37.0548324585, 8.95620059967, 5.65418386459, 3.25395154953], [41.6626281738, -48.1538696289, 49.7415733337, -24.1931190491, -1.80003798008, 37.1836738586, -10.487197876, 32.3091430664, 37.0548324585, 116.166809082, 44.3932914734, 21.4426288605, 15.7404727936], [-180.299636841, 50.2567214966, -22.1673107147, -9.86393928528, -10.385881424, 13.7959470749, -5.1110830307, -7.48411607742, 8.95620059967, 44.3932914734, 102.578559875, 28.8018951416, -0.439760059118], [72.1923675537, -24.7076931, 29.7259788513, -3.70572733879, 7.45113897324, 19.3901920319, 9.6120557785, 19.5505580902, 5.65418386459, 21.4426288605, 28.8018951416, 79.7040634155, 34.2474060059], [1.94946634769, -20.35978508, 59.6743125916, -12.078004837, 2.72348284721, 27.5572223663, -1.02714598179, 27.0854301453, 3.25395154953, 15.7404727936, -0.439760059118, 34.2474060059, 85.0406112671]],
        "icov": [[0.000221069771214, 0.00027635472361, 0.000252116878983, -0.000180494418601, 0.000351425202098, 2.99667080981e-05, 4.83097064716e-05, -0.000424738595029, 7.34806453693e-05, -0.000140414616908, 0.000445579615189, -0.000346767745214, 0.000138575254823], [0.00027635472361, 0.00156312366016, 0.00111764471512, -0.000220169560635, -0.000117043826322, 0.00036983602331, 1.72772652149e-05, 3.33884090651e-05, 0.000329010304995, -8.88933573151e-05, -0.000112195550173, 5.18880824529e-06, -0.000572969205678], [0.000252116878983, 0.00111764471512, 0.00306898867711, 0.000723716628272, -0.000296566809993, -0.000432371307397, 0.000726777419914, -0.00078216183465, 0.000534871185664, -0.000699576397892, 0.00103485910222, -0.000525982468389, -0.00105527264532], [-0.000180494418601, -0.000220169560635, 0.000723716628272, 0.00429109157994, -0.00185978354421, 0.00104119698517, -0.000776546890847, 0.00130386732053, -0.000796195468865, 5.13626036991e-05, 0.000138659539516, -2.23434853979e-05, -0.000618793244939], [0.000351425202098, -0.000117043826322, -0.000296566809993, -0.00185978354421, 0.0072390823625, -0.00141657376662, 0.000113055793918, 0.000440105388407, -0.000745602010284, -0.000330500100972, 0.00209401268512, -0.00174210418481, 0.000798391061835], [2.99667080981e-05, 0.00036983602331, -0.000432371307397, 0.00104119698517, -0.00141657376662, 0.0090995663777, -0.00242058653384, -0.00117621140089, 5.15437841386e-06, -0.00169000355527, -0.00110338896047, 0.000465429970063, -0.00189933693036], [4.83097064716e-05, 1.72772652149e-05, 0.000726777419914, -0.000776546890847, 0.000113055793918, -0.00242058653384, 0.00928288232535, -0.00285578076728, -0.00151108007412, 0.0023861057125, 0.000247390416916, -0.0013970003929, 0.00136524345726], [-0.000424738595029, 3.33884090651e-05, -0.00078216183465, 0.00130386732053, 0.000440105388407, -0.00117621140089, -0.00285578076728, 0.0103295873851, -0.00263119139709, -0.00115349632688, 0.00078770739492, -0.000209970879951, -0.00180282723159], [7.34806453693e-05, 0.000329010304995, 0.000534871185664, -0.000796195468865, -0.000745602010284, 5.15437841386e-06, -0.00151108007412, -0.00263119139709, 0.0127382986248, -0.00397766986862, 9.264981054e-05, 0.000647937820759, 0.000419039832195], [-0.000140414616908, -8.88933573151e-05, -0.000699576397892, 5.13626036991e-05, -0.000330500100972, -0.00169000355527, 0.0023861057125, -0.00115349632688, -0.00397766986862, 0.0135638909414, -0.00560243055224, -0.000160655225045, -0.000888091977686], [0.000445579615189, -0.000112195550173, 0.00103485910222, 0.000138659539516, 0.00209401268512, -0.00110338896047, 0.000247390416916, 0.00078770739492, 9.264981054e-05, -0.00560243055224, 0.0154592953622, -0.0063258218579, 0.00295992870815], [-0.000346767745214, 5.18880824529e-06, -0.000525982468389, -2.23434853979e-05, -0.00174210418481, 0.000465429970063, -0.0013970003929, -0.000209970879951, 0.000647937820759, -0.000160655225045, -0.0063258218579, 0.0187193099409, -0.00723629444838], [0.000138575254823, -0.000572969205678, -0.00105527264532, -0.000618793244939, 0.000798391061835, -0.00189933693036, 0.00136524345726, -0.00180282723159, 0.000419039832195, -0.000888091977686, 0.00295992870815, -0.00723629444838, 0.0165297891945]]
    },
    "spectral_contrast_coeffs": {
        "mean": [-0.709191799164, -0.743914425373, -0.758944034576, -0.780793249607, -0.784590482712, -0.741745173931],
        "stdev": [0.0571614056826, 0.0733075737953, 0.0591801851988, 0.0467733219266, 0.0368004143238, 0.0397056341171]
    },
    "spectral_contrast_valleys": {
        "mean": [-6.52443218231, -6.92993736267, -7.32288551331, -7.51915168762, -7.30254411697, -10.0620918274],
        "stdev": [0.893812954426, 0.937312602997, 1.0582036972, 0.996111452579, 1.23860669136, 1.54151570797]
    }
},
"rhythm": {
    "beats_count": 564,
    "beats_loudness": {
        "mean": 0.0415745228529,
        "stdev": 0.0264563634992
    },
    "bpm": 106.463157654,
    "bpm_histogram_first_peak_bpm": 105,
    "bpm_histogram_first_peak_weight": 0.600000023842,
    "bpm_histogram_second_peak_bpm": 110,
    "bpm_histogram_second_peak_spread": 0.16483515501,
    "bpm_histogram_second_peak_weight": 0.134991124272,
    "danceability": 1.11127841473,
    "onset_rate": 2.63180971146,
    "beats_loudness_band_ratio": {
        "mean": [0.517825245857, 0.147940799594, 0.118930190802, 0.0885319784284, 0.0882131159306, 0.0936228260398],
        "stdev": [0.222893103957, 0.127066910267, 0.100753568113, 0.0772044509649, 0.0635433495045, 0.105447530746]
    },
    "beats_position": [0.603718817234, 1.23065757751, 1.8575963974, 2.46131515503, 3.05342388153, 3.64553284645, 4.23764181137, 4.81814050674, 5.38702917099, 5.95591831207, 6.53641700745, 7.10530614853, 7.6858048439, 8.26630401611, 8.84680271149, 9.42730140686, 10.0194101334, 10.6115188599, 11.1920175552, 11.7841272354, 12.3181858063, 12.8638544083, 13.4559631348, 14.0480718613, 14.6517915726, 15.2439002991, 15.8360090256, 16.4165077209, 16.99700737, 17.5775051117, 18.1463947296, 18.7152824402, 19.2841720581, 19.853061676, 20.4219493866, 20.9908390045, 21.5597267151, 22.1402263641, 22.7091159821, 23.2780036926, 23.8468933105, 24.4273910522, 24.9962806702, 25.5651702881, 26.1340579987, 26.7029476166, 27.2834453583, 27.8639450073, 28.4328346252, 29.0017223358, 29.5822219849, 30.1394996643, 30.7083892822, 31.2772789001, 31.8577766418, 32.4266662598, 32.9955558777, 33.5760536194, 34.1565513611, 34.7370529175, 35.3175506592, 35.8980484009, 36.4785499573, 37.059047699, 37.6163253784, 38.1736030579, 38.7541046143, 39.3113822937, 39.8802719116, 40.4491615295, 41.0296592712, 41.6101570129, 42.1790466309, 42.7595443726, 43.3284339905, 43.8973236084, 44.4662132263, 45.046710968, 45.6272087097, 46.1960983276, 46.7765960693, 47.3454856873, 47.9143753052, 48.4832649231, 49.0637626648, 49.6326522827, 50.2015419006, 50.7704315186, 51.3393173218, 51.9198188782, 52.5003166199, 53.0808143616, 53.661315918, 54.2418136597, 54.8339233398, 55.4028091431, 55.971698761, 56.5405883789, 57.1094779968, 57.6783676147, 58.2356452942, 58.7929229736, 59.3618125916, 59.9307022095, 60.4879798889, 61.0452613831, 61.6141471863, 62.1830368042, 62.7403144836, 63.3092041016, 63.8664855957, 64.4353713989, 65.0042648315, 65.5731506348, 66.1304321289, 66.6993179321, 67.2682037354, 67.8254852295, 68.3827667236, 68.9516525269, 69.508934021, 70.0546035767, 70.6118774414, 71.1691589355, 71.7380523682, 72.3069381714, 72.8758239746, 73.4563217163, 74.0252151489, 74.6057128906, 75.1745986938, 75.7434921265, 76.3123779297, 76.8812713623, 77.4501571655, 78.0190429688, 78.5995483398, 79.1684341431, 79.7489318848, 80.3178253174, 80.8867111206, 81.4555969238, 82.0244903564, 82.5933761597, 83.1622695923, 83.719543457, 84.2884368896, 84.8573226929, 85.4262084961, 85.9834899902, 86.5523757935, 87.1212692261, 87.7017669678, 88.2822647095, 88.8511581421, 89.4200439453, 89.9889297485, 90.5578231812, 91.1383209229, 91.7072067261, 92.2877044678, 92.8565979004, 93.4138793945, 93.9943771362, 94.5632629395, 95.1437606812, 95.7126541138, 96.2931518555, 96.8736495972, 97.4541473389, 98.0346450806, 98.5919265747, 99.1608123779, 99.7413101196, 100.310203552, 100.879089355, 101.447982788, 102.005256653, 102.574150085, 103.143035889, 103.72353363, 104.304031372, 104.884536743, 105.453422546, 106.02230835, 106.591201782, 107.160087585, 107.740585327, 108.321083069, 108.90158844, 109.470474243, 110.039360046, 110.596641541, 111.153923035, 111.722808838, 112.291702271, 112.848976135, 113.406257629, 113.975143433, 114.544036865, 115.124534607, 115.705032349, 116.273918152, 116.842811584, 117.411697388, 117.98059082, 118.549476624, 119.118362427, 119.675643921, 120.244529724, 120.825035095, 121.393920898, 121.962806702, 122.531700134, 123.100585938, 123.66947937, 124.238365173, 124.807250977, 125.364532471, 125.921813965, 126.490699768, 127.059593201, 127.628479004, 128.197372437, 128.76625061, 129.335144043, 129.892425537, 130.449707031, 131.006988525, 131.564254761, 132.121536255, 132.690429688, 133.2709198, 133.839813232, 134.408706665, 134.977600098, 135.546478271, 136.115371704, 136.684265137, 137.241546631, 137.810424805, 138.390930176, 138.959823608, 139.528701782, 140.085983276, 140.643264771, 141.200546265, 141.757827759, 142.338317871, 142.918823242, 143.464492798, 144.033370972, 144.613876343, 145.182769775, 145.751647949, 146.320541382, 146.889434814, 147.446716309, 148.003982544, 148.561264038, 149.130157471, 149.699050903, 150.256317139, 150.813598633, 151.370880127, 151.928161621, 152.485443115, 153.054321289, 153.623214722, 154.180496216, 154.73777771, 155.295059204, 155.852325439, 156.421218872, 156.990112305, 157.547393799, 158.104675293, 158.661941528, 159.230834961, 159.811340332, 160.380218506, 160.9375, 161.494781494, 162.052062988, 162.609344482, 163.166610718, 163.723892212, 164.281173706, 164.8384552, 165.395736694, 165.94140625, 166.510284424, 167.067565918, 167.624847412, 168.182128906, 168.727798462, 169.273468018, 169.830749512, 170.388031006, 170.945297241, 171.502578735, 172.059860229, 172.617141724, 173.186035156, 173.743301392, 174.288970947, 174.834640503, 175.380310059, 175.925979614, 176.47164917, 177.028930664, 177.586212158, 178.131881714, 178.67755127, 179.234832764, 179.792098999, 180.349380493, 180.895050049, 181.440719604, 181.998001099, 182.555282593, 183.100952148, 183.635009766, 184.180679321, 184.726348877, 185.272018433, 185.817687988, 186.363357544, 186.920639038, 187.477905273, 188.035186768, 188.580856323, 189.126525879, 189.672195435, 190.21786499, 190.763534546, 191.297592163, 191.843261719, 192.400543213, 192.93460083, 193.491882324, 194.049163818, 194.594833374, 195.140487671, 195.686157227, 196.231826782, 196.789108276, 197.346389771, 197.903671265, 198.460952759, 199.006622314, 199.55229187, 200.086349487, 200.632019043, 201.177688599, 201.734954834, 202.292236328, 202.849517822, 203.406799316, 203.975692749, 204.556182861, 205.171508789, 205.786849976, 206.402175903, 207.005889893, 207.609603882, 208.201721191, 208.793823242, 209.39755249, 209.978042603, 210.558547974, 211.104217529, 211.649887085, 212.183944702, 212.706390381, 213.22883606, 213.751281738, 214.285354614, 214.819412231, 215.353469849, 215.899139404, 216.45640564, 217.002075195, 217.547744751, 218.105026245, 218.685531616, 219.24281311, 219.800079346, 220.368972778, 220.937866211, 221.518356323, 222.098861694, 222.667755127, 223.225036621, 223.782302856, 224.351196289, 224.920089722, 225.488967896, 226.04624939, 226.603530884, 227.172424316, 227.741317749, 228.310195923, 228.879089355, 229.43637085, 229.993652344, 230.562530518, 231.13142395, 231.700317383, 232.269195557, 232.826477051, 233.372146606, 233.929428101, 234.486709595, 235.043991089, 235.589660645, 236.14692688, 236.692596436, 237.24987793, 237.818771362, 238.376052856, 238.933334351, 239.490600586, 240.059494019, 240.628387451, 241.185668945, 241.742950439, 242.300216675, 242.857498169, 243.414779663, 243.972061157, 244.529342651, 245.075012207, 245.643890381, 246.201171875, 246.758453369, 247.315734863, 247.884628296, 248.45350647, 249.010787964, 249.568069458, 250.136962891, 250.705841064, 251.263122559, 251.820404053, 252.377685547, 252.934967041, 253.492233276, 254.049514771, 254.606796265, 255.164077759, 255.721359253, 256.278625488, 256.859130859, 257.416412354, 257.973693848, 258.530975342, 259.088256836, 259.64553833, 260.202819824, 260.760070801, 261.305755615, 261.874633789, 262.431915283, 263.000823975, 263.569702148, 264.126983643, 264.684265137, 265.241546631, 265.798828125, 266.367706299, 266.936584473, 267.493865967, 268.039550781, 268.573608398, 269.096038818, 269.630096436, 270.164154053, 270.709838867, 271.255493164, 271.801177979, 272.346832275, 272.90411377, 273.461395264, 274.018676758, 274.564361572, 275.110015869, 275.655700684, 276.20135498, 276.758636475, 277.315917969, 277.873199463, 278.430480957, 278.987762451, 279.533416748, 280.079101562, 280.636352539, 281.193634033, 281.750915527, 282.296600342, 282.842254639, 283.399536133, 283.956817627, 284.514099121, 285.071380615, 285.628662109, 286.162719727, 286.696777344, 287.242431641, 287.788116455, 288.322174072, 288.867828369, 289.413513184, 289.970794678, 290.528076172, 291.085357666, 291.631011963, 292.188293457, 292.733947754, 293.279632568, 293.825286865, 294.382568359, 294.928253174, 295.473907471, 296.031188965, 296.588470459, 297.145751953, 297.703033447, 298.248687744, 298.794372559, 299.340026855, 299.88571167, 300.431365967, 300.977050781, 301.534332275, 302.079986572, 302.625671387, 303.182952881, 303.740234375, 304.297485352, 304.854766846, 305.41204834, 305.980957031, 306.549835205, 307.118713379, 307.68762207, 308.256500244, 308.825378418, 309.405883789, 309.98638916, 310.566894531, 311.089324951, 311.611785889, 312.122619629, 312.633453369, 313.144317627, 313.666748047, 314.189208984, 314.711639404, 315.234100342, 315.756561279, 316.278991699, 316.789825439, 317.300689697],
    "bpm_histogram": [0, 0, 0, 0, 0, 0, 0, 0, 0, 0, 0, 0, 0, 0, 0, 0, 0, 0, 0, 0, 0, 0, 0, 0, 0, 0, 0, 0, 0, 0, 0, 0, 0, 0, 0, 0, 0, 0, 0, 0, 0, 0, 0, 0, 0, 0, 0, 0, 0, 0, 0, 0, 0, 0, 0, 0, 0, 0, 0, 0, 0, 0, 0, 0, 0, 0, 0, 0, 0, 0, 0, 0, 0, 0, 0, 0, 0, 0, 0, 0, 0, 0, 0, 0, 0, 0, 0, 0, 0, 0, 0, 0, 0, 0, 0, 0, 0.0035523979459, 0, 0.00532859703526, 0.00888099428266, 0, 0.0230905860662, 0, 0.134991124272, 0, 0.316163420677, 0, 0, 0.316163420677, 0, 0.134991124272, 0, 0.0266429837793, 0, 0, 0.021314388141, 0, 0.00888099428266, 0, 0, 0, 0, 0, 0, 0, 0, 0, 0, 0, 0, 0, 0, 0, 0, 0, 0, 0, 0, 0, 0, 0, 0, 0, 0, 0, 0, 0, 0, 0, 0, 0, 0, 0, 0, 0, 0, 0, 0, 0, 0, 0, 0, 0, 0, 0, 0, 0, 0, 0, 0, 0, 0, 0, 0, 0, 0, 0, 0, 0, 0, 0, 0, 0, 0, 0, 0, 0, 0, 0, 0, 0, 0, 0, 0, 0, 0, 0, 0, 0, 0, 0, 0, 0, 0, 0, 0, 0, 0, 0, 0, 0, 0, 0, 0, 0, 0, 0, 0, 0, 0, 0, 0, 0, 0, 0, 0, 0, 0, 0, 0, 0, 0, 0, 0, 0, 0, 0, 0, 0, 0, 0, 0, 0, 0, 0, 0, 0, 0, 0, 0]
},
"tonal": {
    "chords_changes_rate": 0.0560665801167,
    "chords_number_rate": 0.00204409402795,
    "chords_strength": {
        "mean": 0.54139560461,
        "stdev": 0.105240397155
    },
    "hpcp_crest": {
        "mean": 13.0755834579,
        "stdev": 6.11511468887
    },
    "hpcp_entropy": {
        "mean": 2.06761956215,
        "stdev": 0.715975403786
    },
    "key_edma": {
        "strength": 0.69059830904,
        "key": "G#",
        "scale": "minor"
    },
    "key_krumhansl": {
        "strength": 0.695024967194,
        "key": "G#",
        "scale": "minor"
    },
    "key_temperley": {
        "strength": 0.676666378975,
        "key": "G#",
        "scale": "minor"
    },
    "tuning_diatonic_strength": 0.523955643177,
    "tuning_equal_tempered_deviation": 0.0412963405252,
    "tuning_frequency": 431.443084717,
    "tuning_nontempered_energy_ratio": 0.721523284912,
    "hpcp": {
        "mean": [0.0889370068908, 0.0767244771123, 0.129626885056, 0.218481644988, 0.179560363293, 0.1600369066, 0.217192828655, 0.163885340095, 0.102907173336, 0.110361784697, 0.0944727808237, 0.115899726748, 0.17153416574, 0.1291308254, 0.0625428259373, 0.0535653866827, 0.0655973404646, 0.168787792325, 0.241671442986, 0.143647819757, 0.0687341019511, 0.0846281722188, 0.0787411779165, 0.0839237198234, 0.127474650741, 0.11052621901, 0.0995082184672, 0.147016957402, 0.115096457303, 0.0767234638333, 0.0968865305185, 0.0944038778543, 0.170384794474, 0.269839078188, 0.180412992835, 0.0836980268359],
        "stdev": [0.214436143637, 0.176930755377, 0.224472686648, 0.321418553591, 0.273235350847, 0.252425342798, 0.352081298828, 0.285077542067, 0.194071054459, 0.213461488485, 0.193609416485, 0.217117741704, 0.291124016047, 0.230323269963, 0.141857013106, 0.134587407112, 0.150816321373, 0.224162057042, 0.29404309392, 0.205310449004, 0.143107756972, 0.192610025406, 0.177221551538, 0.161348208785, 0.226267978549, 0.195001453161, 0.178822368383, 0.266386628151, 0.210081070662, 0.152890965343, 0.186247587204, 0.189653202891, 0.234978720546, 0.3431173563, 0.251031249762, 0.165120437741]
    },
    "chords_histogram": [19.1706809998, 6.68710756302, 8.16177558899, 3.41655707359, 4.14659070969, 4.89122486115, 8.30778217316, 11.19871521, 0.277412772179, 15.1992988586, 1.12425172329, 1.40166449547, 0.350416123867, 0.423419475555, 0.934442996979, 0, 0.496422827244, 0, 0, 0.292013436556, 1.88348662853, 2.32150673866, 0.86143964529, 8.45378875732],
    "thpcp": [1, 0.668594777584, 0.310177564621, 0.329592764378, 0.284334182739, 0.480385899544, 0.809673845768, 0.665434956551, 0.593082785606, 0.804897606373, 0.60734474659, 0.381364971399, 0.408991098404, 0.350107848644, 0.429514229298, 0.635690629482, 0.478547543287, 0.231778234243, 0.198508635163, 0.243098005652, 0.625512778759, 0.895613193512, 0.532346248627, 0.254722565413, 0.313624590635, 0.291807919741, 0.311013966799, 0.472409904003, 0.409600496292, 0.368768751621, 0.544831991196, 0.426537394524, 0.284330427647, 0.359052985907, 0.349852502346, 0.631431102753],
    "chords_key": "G#",
    "chords_scale": "minor"
}
}