{
"metadata": {
    "version": {
        "essentia": "2.1-dev",
        "essentia_git_sha": "v2.1_beta3-415-gd5473f3",
        "extractor": "music 2.0"
    },
    "audio_properties": {
        "analysis": {
            "equal_loudness": 0,
            "length": 219.611434937,
            "sample_rate": 44100,
            "start_time": 0,
            "downmix": "mix"
        },
        "bit_rate": 192000,
        "length": 219.611434937,
        "lossless": 0,
        "number_channels": 2,
        "replay_gain": -9.01310920715,
        "sample_rate": 44100,
        "codec": "mp3",
        "md5_encoded": "c2f9dad3cb2243f2e6346e972ea9a880"
    },
    "tags": {
        "file_name": "stone_temple_pilots-all_in_the_suit_that_you_wear.mp3",
        "album": ["All_In_The_Suit_That_You_Wear-"],
        "artist": ["Stone Temple Pilots"],
        "date": ["2003"],
        "genre": ["Rock"],
        "title": ["All In The Suit That You Wear"]
    }
},
"lowlevel": {
    "average_loudness": 0.930573880672,
    "barkbands_crest": {
        "mean": 9.41125202179,
        "stdev": 3.95686936378
    },
    "barkbands_flatness_db": {
        "mean": 0.0981995686889,
        "stdev": 0.0395255535841
    },
    "barkbands_kurtosis": {
        "mean": 1.55961155891,
        "stdev": 4.74929523468
    },
    "barkbands_skewness": {
        "mean": 1.25946617126,
        "stdev": 0.933177947998
    },
    "barkbands_spread": {
        "mean": 32.8679542542,
        "stdev": 13.4578466415
    },
    "dissonance": {
        "mean": 0.483921915293,
        "stdev": 0.0129235256463
    },
    "dynamic_complexity": 2.13521146774,
    "erbbands_crest": {
        "mean": 7.02461862564,
        "stdev": 3.31480836868
    },
    "erbbands_flatness_db": {
        "mean": 0.125828906894,
        "stdev": 0.0348768718541
    },
    "erbbands_kurtosis": {
        "mean": -0.14259454608,
        "stdev": 0.983879327774
    },
    "erbbands_skewness": {
        "mean": -0.210946962237,
        "stdev": 0.481865972281
    },
    "erbbands_spread": {
        "mean": 42.1204299927,
        "stdev": 14.2958021164
    },
    "hfc": {
        "mean": 32.847492218,
        "stdev": 17.3142795563
    },
    "loudness_ebu128": {
        "integrated": -12.0993289948,
        "loudness_range": 2.9114074707,
        "momentary": {
            "mean": -13.3314599991,
            "stdev": 6.84499645233
        },
        "short_term": {
            "mean": -12.527926445,
            "stdev": 2.42639040947
        }
    },
    "melbands_crest": {
        "mean": 14.827249527,
        "stdev": 4.99414396286
    },
    "melbands_flatness_db": {
        "mean": 0.163259029388,
        "stdev": 0.0518589913845
    },
    "melbands_kurtosis": {
        "mean": 10.8773908615,
        "stdev": 15.2478523254
    },
    "melbands_skewness": {
        "mean": 2.72147536278,
        "stdev": 1.44694840908
    },
    "melbands_spread": {
        "mean": 30.765668869,
        "stdev": 17.1943359375
    },
    "pitch_salience": {
        "mean": 0.532608926296,
        "stdev": 0.110220968723
    },
    "silence_rate_20dB": {
        "mean": 1,
        "stdev": 0
    },
    "silence_rate_30dB": {
        "mean": 0.991542458534,
        "stdev": 0.0915763154626
    },
    "silence_rate_60dB": {
        "mean": 0.0411248542368,
        "stdev": 0.198549836874
    },
    "spectral_centroid": {
        "mean": 1876.92468262,
        "stdev": 524.881958008
    },
    "spectral_complexity": {
        "mean": 32.8212280273,
        "stdev": 10.4338111877
    },
    "spectral_decrease": {
        "mean": -9.65953184107e-09,
        "stdev": 5.80543435547e-09
    },
    "spectral_energy": {
        "mean": 0.0394367650151,
        "stdev": 0.0224483273923
    },
    "spectral_energyband_high": {
        "mean": 0.00167198642157,
        "stdev": 0.0016208254965
    },
    "spectral_energyband_low": {
        "mean": 0.0201866980642,
        "stdev": 0.0196105949581
    },
    "spectral_energyband_middle_high": {
        "mean": 0.00849470403045,
        "stdev": 0.00533177377656
    },
    "spectral_energyband_middle_low": {
        "mean": 0.0113978236914,
        "stdev": 0.0090353647247
    },
    "spectral_entropy": {
        "mean": 7.92570495605,
        "stdev": 0.225863561034
    },
    "spectral_flux": {
        "mean": 0.101146608591,
        "stdev": 0.0510748960078
    },
    "spectral_kurtosis": {
        "mean": 3.35113072395,
        "stdev": 1.37452161312
    },
    "spectral_rms": {
        "mean": 0.00593237485737,
        "stdev": 0.00181156408507
    },
    "spectral_rolloff": {
        "mean": 1962.88208008,
        "stdev": 1497.95373535
    },
    "spectral_skewness": {
        "mean": 1.28159141541,
        "stdev": 0.259132236242
    },
    "spectral_spread": {
        "mean": 4639596,
        "stdev": 1210767.375
    },
    "spectral_strongpeak": {
        "mean": 0.629799604416,
        "stdev": 0.780952274799
    },
    "zerocrossingrate": {
        "mean": 0.0742681995034,
        "stdev": 0.0368455685675
    },
    "barkbands": {
        "mean": [0.000195978267584, 0.0111891264096, 0.00701761944219, 0.00292060547508, 0.00239789416082, 0.00167683174368, 0.00128131732345, 0.0011630639201, 0.00111992564052, 0.00170915958006, 0.000556819548365, 0.000527464202605, 0.000688292027917, 0.000929335306864, 0.00100498681422, 0.000738522969186, 0.000813859398477, 0.000744070566725, 0.000796724634711, 0.000502513081301, 0.000440150382929, 0.000347629160387, 0.000245585397352, 0.000193837826373, 0.000145738842548, 7.47780286474e-05, 1.48749586515e-05],
        "stdev": [0.000394281756599, 0.0141290044412, 0.00835680961609, 0.00396861555055, 0.00362330744974, 0.00268417154439, 0.00214957562275, 0.00162922136951, 0.00119582889602, 0.00268057081848, 0.00082380278036, 0.000867343216669, 0.00107594102155, 0.00124636280816, 0.0013826781651, 0.000746217207052, 0.000701287994161, 0.000848345691338, 0.000795203261077, 0.000448761798907, 0.000375096133212, 0.000420846248744, 0.000472519430332, 0.000325520115439, 0.000259700027527, 0.000101122277556, 3.83265360142e-05]
    },
    "erbbands": {
        "mean": [0.200311645865, 2.9572865963, 8.20904636383, 9.61876106262, 7.48164272308, 8.04034805298, 14.0825109482, 12.2468032837, 18.4791889191, 19.5958766937, 25.3503360748, 28.70911026, 51.0682678223, 34.8246116638, 24.1740455627, 24.8141384125, 31.6058673859, 45.719203949, 53.9495239258, 47.1928253174, 42.2783927917, 41.8637084961, 44.2862892151, 35.8806419373, 40.9879646301, 24.0463123322, 20.0686969757, 14.8732213974, 12.247964859, 10.0994615555, 6.6870303154, 4.39740562439, 3.01437282562, 1.76141273975, 0.961459517479, 0.380958706141, 0.123933665454, 0.0301222465932, 0.00249136402272, 0.000111431079858],
        "stdev": [0.284557908773, 3.62163496017, 9.46015834808, 9.82383155823, 14.6360797882, 11.6081457138, 28.4939899445, 17.3270893097, 31.701543808, 30.2876091003, 33.8223991394, 31.2681102753, 88.1695556641, 52.6762428284, 34.7381896973, 40.2465629578, 46.8702774048, 60.2186508179, 72.3939361572, 59.5941848755, 36.8911209106, 33.1484375, 49.0771141052, 32.3783531189, 46.2586708069, 20.1854667664, 16.4779376984, 14.2836074829, 14.3672075272, 16.7483615875, 12.908618927, 7.65246725082, 5.00523805618, 3.29976415634, 1.72082996368, 0.606008768082, 0.162054359913, 0.046850733459, 0.00732667371631, 0.000219524968998]
    },
    "gfcc": {
        "mean": [46.9281349182, 75.0822372437, -119.065376282, 42.4696998596, -48.0949211121, 16.6252403259, -29.4773006439, 15.8668708801, -20.9524154663, 5.96773910522, -20.3936271667, -1.2527667284, -13.422334671],
        "cov": [[11500.9433594, -141.947280884, 717.180786133, 193.668380737, 26.2806015015, 245.171676636, -310.415740967, 312.692138672, -225.854751587, 155.265792847, -317.972869873, 148.970916748, -238.710083008], [-141.947280884, 1151.66491699, -427.898803711, 98.1352233887, 122.523788452, -89.5116043091, 182.697540283, -71.0789413452, 80.921875, -24.4621639252, 115.00705719, -112.882705688, 54.8509559631], [717.180786133, -427.898803711, 646.039123535, 51.5865631104, 59.1886291504, 57.2246627808, -74.9668045044, 70.3869400024, -41.9737663269, 42.8215560913, -81.0343475342, 56.4771156311, -37.8467750549], [193.668380737, 98.1352233887, 51.5865631104, 241.643875122, 40.8488883972, 44.2620697021, 16.172164917, 25.6684741974, 13.1073160172, -20.7055358887, -23.6689682007, -8.12284755707, 12.7240791321], [26.2806015015, 122.523788452, 59.1886291504, 40.8488883972, 191.638214111, 18.0983924866, 66.2423324585, 38.7587966919, 35.2839050293, 7.66282844543, 4.24135303497, -18.9008331299, 3.86754345894], [245.171676636, -89.5116043091, 57.2246627808, 44.2620697021, 18.0983924866, 117.29889679, 20.0757408142, 42.7845306396, -3.16880846024, -1.21258115768, -13.2388324738, 9.68314552307, -12.1305532455], [-310.415740967, 182.697540283, -74.9668045044, 16.172164917, 66.2423324585, 20.0757408142, 184.441513062, 6.46825933456, 51.8885765076, -15.7835760117, 39.6594009399, -14.0938873291, 5.86946868896], [312.692138672, -71.0789413452, 70.3869400024, 25.6684741974, 38.7587966919, 42.7845306396, 6.46825933456, 114.611251831, 11.1225671768, 7.72888612747, -25.204416275, 9.70118045807, -4.35060024261], [-225.854751587, 80.921875, -41.9737663269, 13.1073160172, 35.2839050293, -3.16880846024, 51.8885765076, 11.1225671768, 85.5101089478, 22.5413131714, 23.7587718964, -17.9300556183, 10.8140068054], [155.265792847, -24.4621639252, 42.8215560913, -20.7055358887, 7.66282844543, -1.21258115768, -15.7835760117, 7.72888612747, 22.5413131714, 72.8773040771, 21.6024703979, 1.13776922226, -7.86056137085], [-317.972869873, 115.00705719, -81.0343475342, -23.6689682007, 4.24135303497, -13.2388324738, 39.6594009399, -25.204416275, 23.7587718964, 21.6024703979, 81.9792175293, -0.175370484591, 9.43660831451], [148.970916748, -112.882705688, 56.4771156311, -8.12284755707, -18.9008331299, 9.68314552307, -14.0938873291, 9.70118045807, -17.9300556183, 1.13776922226, -0.175370484591, 73.0086364746, 12.5984306335], [-238.710083008, 54.8509559631, -37.8467750549, 12.7240791321, 3.86754345894, -12.1305532455, 5.86946868896, -4.35060024261, 10.8140068054, -7.86056137085, 9.43660831451, 12.5984306335, 59.0044555664]],
        "icov": [[0.000157319504069, -0.000257174891885, -4.49217441201e-05, -8.74816578289e-06, 5.67839779251e-05, -0.000247011194006, 0.000171943218447, -0.000252265977906, 0.000275113852695, -0.000560604617931, 0.000712544831913, -0.000604562519584, 0.000648413260933], [-0.000257174891885, 0.00245501776226, 0.000991954701021, -0.00113308534492, -0.00113540189341, 0.00178424676415, -0.00136932940222, 0.000685259350576, 0.000363887666026, 0.000643715611659, -0.00260553276166, 0.00296122254804, -0.00201054988429], [-4.49217441201e-05, 0.000991954701021, 0.00295812240802, -0.000964643200859, -0.00159667176194, 0.000374506053049, -0.000166582321981, 1.44404757521e-05, 0.00116526894271, -0.0021465565078, 0.00145331874955, -0.00106436619535, 0.000696150353178], [-8.74816578289e-06, -0.00113308534492, -0.000964643200859, 0.00570308463648, -3.26013582708e-06, -0.00259796739556, 0.000859181396663, -0.000115732131235, -0.00170378794428, 0.00194956071209, 0.00148534751497, -8.26892937766e-05, -0.00110647035763], [5.67839779251e-05, -0.00113540189341, -0.00159667176194, -3.26013582708e-06, 0.00789402145892, -0.000454432185506, -0.00185899052303, -0.00214573740959, -0.0011254750425, -0.000451782514574, 0.000498847628478, 0.0012143291533, -0.000515350722708], [-0.000247011194006, 0.00178424676415, 0.000374506053049, -0.00259796739556, -0.000454432185506, 0.0126514378935, -0.00289458082989, -0.00291566341184, 0.00161964667495, 0.000217841588892, -0.00187190051656, 0.000991977984086, 0.0006659606006], [0.000171943218447, -0.00136932940222, -0.000166582321981, 0.000859181396663, -0.00185899052303, -0.00289458082989, 0.0100962799042, -0.000410775770433, -0.00509938690811, 0.00460020173341, -0.0027496186085, -0.00211800867692, 0.00260797748342], [-0.000252265977906, 0.000685259350576, 1.44404757521e-05, -0.000115732131235, -0.00214573740959, -0.00291566341184, -0.000410775770433, 0.0126286717132, -0.0025509276893, -0.000658292789012, 0.00278908573091, -0.000812401529402, -0.00100291275885], [0.000275113852695, 0.000363887666026, 0.00116526894271, -0.00170378794428, -0.0011254750425, 0.00161964667495, -0.00509938690811, -0.0025509276893, 0.0203191116452, -0.00900640152395, 6.15714525338e-05, 0.00341515336186, -0.0030473403167], [-0.000560604617931, 0.000643715611659, -0.0021465565078, 0.00194956071209, -0.000451782514574, 0.000217841588892, 0.00460020173341, -0.000658292789012, -0.00900640152395, 0.0241601057351, -0.0108816241845, 0.00204582861625, 0.00107732182369], [0.000712544831913, -0.00260553276166, 0.00145331874955, 0.00148534751497, 0.000498847628478, -0.00187190051656, -0.0027496186085, 0.00278908573091, 6.15714525338e-05, -0.0108816241845, 0.0249420274049, -0.00707260286435, 0.00203852192499], [-0.000604562519584, 0.00296122254804, -0.00106436619535, -8.26892937766e-05, 0.0012143291533, 0.000991977984086, -0.00211800867692, -0.000812401529402, 0.00341515336186, 0.00204582861625, -0.00707260286435, 0.0226600188762, -0.00964888557792], [0.000648413260933, -0.00201054988429, 0.000696150353178, -0.00110647035763, -0.000515350722708, 0.0006659606006, 0.00260797748342, -0.00100291275885, -0.0030473403167, 0.00107732182369, 0.00203852192499, -0.00964888557792, 0.0243987757713]]
    },
    "melbands": {
        "mean": [0.00256326561794, 0.00433800974861, 0.00164236302953, 0.000510768091772, 0.000469376129331, 0.000287247996312, 0.000276663515251, 0.000219907553401, 0.000202509676456, 0.00017573373043, 0.000254769256571, 0.000142982185935, 7.78613612056e-05, 6.15545213805e-05, 6.45008985884e-05, 7.13932895451e-05, 8.71935772011e-05, 8.74842808116e-05, 6.77737261867e-05, 5.59758773306e-05, 4.99186498928e-05, 4.30774998676e-05, 4.61746785732e-05, 3.39323414664e-05, 2.79319538095e-05, 3.0303697713e-05, 2.50508128374e-05, 1.36070602821e-05, 1.22471055874e-05, 1.09699030872e-05, 8.03478087619e-06, 7.17968077879e-06, 6.14597183812e-06, 5.33885850018e-06, 4.17791852669e-06, 2.65261178356e-06, 2.74954845736e-06, 2.24738710131e-06, 1.64182085882e-06, 1.44111652389e-06],
        "stdev": [0.00331732700579, 0.00463636638597, 0.0017811282305, 0.000856677186675, 0.00083314650692, 0.000407381623518, 0.000462289317511, 0.000333792966558, 0.000263315276243, 0.000191038183402, 0.00044740687008, 0.000225526397116, 0.000110887784103, 9.3236718385e-05, 0.000104768871097, 0.000109354346932, 0.000124103709823, 0.000123321151477, 9.47188163991e-05, 6.74897601129e-05, 4.5320350182e-05, 3.64786756109e-05, 5.07149743498e-05, 4.06147519243e-05, 2.78124643955e-05, 3.5762826883e-05, 2.86832055281e-05, 1.19558599181e-05, 9.93422054307e-06, 1.02681942735e-05, 8.71512747835e-06, 8.65748006618e-06, 8.32663954498e-06, 1.03219044831e-05, 8.62673005031e-06, 4.75563911095e-06, 5.21300080436e-06, 3.9664328142e-06, 2.91338278657e-06, 2.94598817163e-06]
    },
    "melbands128": {
        "mean": [0.00017167776241, 0.00095630728174, 0.00375558179803, 0.0052848579362, 0.00466716382653, 0.00319252186455, 0.00205375556834, 0.00125916732941, 0.000698688207194, 0.000411024171626, 0.000423147168476, 0.000471600884339, 0.000554968544748, 0.0003905139165, 0.000260677654296, 0.000236974956351, 0.000276849343209, 0.000322969135595, 0.000221457594307, 0.000208655532333, 0.000234034319874, 0.000218976972974, 0.000216722619371, 0.000144598190673, 0.000198161738808, 0.000166526762769, 0.00016860665346, 0.000382737518521, 0.00017742079217, 0.000189023456187, 0.00012028466881, 6.45615946269e-05, 8.31108045531e-05, 9.16094941203e-05, 4.18366398662e-05, 5.9168873122e-05, 8.22795700515e-05, 4.97302426083e-05, 7.03942132532e-05, 7.16407666914e-05, 6.63762184558e-05, 7.63760472182e-05, 8.43243542477e-05, 0.000101363439171, 7.76767701609e-05, 9.02778701857e-05, 9.31302274694e-05, 6.13582305959e-05, 5.64433430554e-05, 7.85071606515e-05, 4.81593779114e-05, 4.74505723105e-05, 4.36329100921e-05, 5.40236360393e-05, 5.88003640587e-05, 3.43593164871e-05, 3.35343247571e-05, 5.59224536119e-05, 4.65871453343e-05, 4.14242422266e-05, 3.17738886224e-05, 2.94007986668e-05, 2.96463822451e-05, 2.79541345662e-05, 2.46854342549e-05, 2.83952231257e-05, 3.6647728848e-05, 3.0443083233e-05, 2.1810965336e-05, 1.90208611457e-05, 1.31340011649e-05, 1.11862436825e-05, 1.13717842396e-05, 1.1501579138e-05, 1.52780885401e-05, 1.1137922229e-05, 9.85089718597e-06, 7.51635434426e-06, 7.9931169239e-06, 8.29643886391e-06, 7.61202863941e-06, 6.55664871374e-06, 6.29565920462e-06, 5.70662814425e-06, 6.97847872289e-06, 4.96529310112e-06, 5.35355184184e-06, 4.70747363579e-06, 4.368408554e-06, 3.70683392248e-06, 2.57330839304e-06, 2.50862444773e-06, 2.34219919548e-06, 3.01794352708e-06, 2.77498952528e-06, 2.50442622018e-06, 2.1620435291e-06, 1.83750523775e-06, 1.64055859386e-06, 1.56466512635e-06, 1.44660089063e-06, 1.41232408168e-06, 1.47670789374e-06, 1.18802370253e-06, 1.06991785742e-06, 9.95508344204e-07, 8.82928191004e-07, 7.37432173992e-07, 6.27803103725e-07, 5.5446537317e-07, 4.75642764286e-07, 4.3310828346e-07, 3.66851935496e-07, 3.38031554747e-07, 3.21087810562e-07, 2.87674680521e-07, 2.35029133933e-07, 1.54321739387e-07, 9.60993631338e-08, 8.96307597031e-08, 4.55891076001e-08, 2.47118681074e-08, 1.01591153268e-08, 4.28318225332e-09, 3.5555536293e-09, 2.16895590377e-09, 1.23816856767e-09, 1.97807187297e-11],
        "stdev": [0.000349682057276, 0.00174250465352, 0.00527698313817, 0.00669148704037, 0.00565672712401, 0.00368325086311, 0.00217263167724, 0.00213649077341, 0.0017326339148, 0.000906544737518, 0.00075122108683, 0.000810000230558, 0.0013471437851, 0.000912846531719, 0.000473094929475, 0.000437853508629, 0.000696771487128, 0.000658920267597, 0.000529871031176, 0.000458286463981, 0.000495259824675, 0.000420580181526, 0.000375459640054, 0.000246567185968, 0.000324205437209, 0.000229839410167, 0.000235178289586, 0.000876293284819, 0.000321108440403, 0.000363833241863, 0.000277694984106, 0.000123909252579, 0.000135748749017, 0.000202275783522, 8.0561854702e-05, 0.000130696920678, 0.000195115440874, 0.00012905416952, 0.0001720914006, 0.000158440874657, 0.000141747877933, 0.000174994202098, 0.000190441394807, 0.000187169498531, 0.000157157919602, 0.000195328277186, 0.000189371203305, 0.000155859976076, 0.000124307931401, 0.00014584796736, 8.03892398835e-05, 7.75107764639e-05, 5.62178465771e-05, 6.98659787304e-05, 7.55618457333e-05, 4.44468714704e-05, 4.25123798777e-05, 7.86424934631e-05, 7.41165931686e-05, 7.57954258006e-05, 5.08462944708e-05, 4.76160603284e-05, 4.13270790887e-05, 3.51886519638e-05, 3.14220415021e-05, 4.52637395938e-05, 6.16089964751e-05, 4.91339815198e-05, 3.47351851815e-05, 2.37231342908e-05, 1.38348968903e-05, 1.25530968944e-05, 1.22646306409e-05, 1.00908200693e-05, 2.07604825846e-05, 1.17975187095e-05, 1.05552289824e-05, 9.74978684098e-06, 9.37307322602e-06, 1.20141885418e-05, 1.04075443232e-05, 9.08938909561e-06, 8.84982910065e-06, 8.31756369735e-06, 1.21359262266e-05, 1.07337918962e-05, 1.26854129121e-05, 1.02372850961e-05, 1.01387076938e-05, 8.57665418152e-06, 5.46020964975e-06, 4.27736313213e-06, 4.61043828182e-06, 6.12500616626e-06, 6.24787980996e-06, 5.17210401085e-06, 3.83180667995e-06, 3.35418940267e-06, 3.19717537423e-06, 3.18116008202e-06, 3.15813690577e-06, 3.36612652063e-06, 3.20929689224e-06, 2.63865240413e-06, 2.09952668229e-06, 1.99782516574e-06, 1.61777711583e-06, 1.35984487315e-06, 1.20247523228e-06, 9.26164545945e-07, 8.06809055121e-07, 6.66075663958e-07, 5.07571655817e-07, 4.65896448532e-07, 4.52579939747e-07, 4.3298692276e-07, 3.92536207983e-07, 4.28243197348e-07, 3.41225188549e-07, 3.34823511139e-07, 2.22837158503e-07, 1.48939719224e-07, 8.31456290484e-08, 3.82900680052e-08, 4.02200974747e-08, 2.4947993893e-08, 1.32206867676e-08, 3.92305465891e-10]
    },
    "mfcc": {
        "mean": [-591.002197266, 103.468650818, -7.51036691666, 30.8281402588, 6.00695705414, 8.36426925659, 4.14442682266, 7.37526035309, 7.26952028275, 7.29251098633, 3.23005628586, -0.365309476852, -2.16480374336],
        "cov": [[6644.41210938, 241.832366943, 321.714324951, 234.535995483, 257.616394043, 52.19140625, -21.5545043945, 133.439117432, 86.0650558472, 111.460723877, -77.2609634399, -64.1016769409, 19.6513652802], [241.832366943, 850.41784668, -299.550201416, 135.033843994, -55.7632102966, 36.5309562683, 65.0877075195, -22.2577896118, 17.7150039673, 10.3161439896, 81.7670288086, 58.1707954407, 4.60187387466], [321.714324951, -299.550201416, 424.440551758, 23.8036689758, 88.4105911255, 12.57335186, -11.0579090118, 2.92805743217, 9.14280605316, 0.306857913733, -60.5569877625, 3.18737983704, 28.0040931702], [234.535995483, 135.033843994, 23.8036689758, 196.130966187, 44.4285850525, 42.7548179626, 19.3667888641, 30.0874862671, 37.6748008728, 22.1087055206, 0.0941563099623, 4.94427728653, 12.7402067184], [257.616394043, -55.7632102966, 88.4105911255, 44.4285850525, 158.620742798, 4.93200016022, 7.57350826263, 8.1634683609, 30.6620292664, 34.8909225464, -19.1448078156, -9.4614648819, 9.52688217163], [52.19140625, 36.5309562683, 12.57335186, 42.7548179626, 4.93200016022, 100.260604858, 31.0296802521, 24.0595588684, 10.9081859589, 10.0297908783, 15.851934433, 16.7511577606, 1.44664669037], [-21.5545043945, 65.0877075195, -11.0579090118, 19.3667888641, 7.57350826263, 31.0296802521, 92.4943161011, 43.8502998352, 17.9054603577, 10.9535179138, 19.5036964417, 20.4228191376, 4.35007762909], [133.439117432, -22.2577896118, 2.92805743217, 30.0874862671, 8.1634683609, 24.0595588684, 43.8502998352, 113.645858765, 39.854473114, 12.5393161774, 0.967881023884, -3.76486587524, -3.58932924271], [86.0650558472, 17.7150039673, 9.14280605316, 37.6748008728, 30.6620292664, 10.9081859589, 17.9054603577, 39.854473114, 82.1318817139, 38.5007247925, 3.41486549377, 0.754599690437, 5.45294952393], [111.460723877, 10.3161439896, 0.306857913733, 22.1087055206, 34.8909225464, 10.0297908783, 10.9535179138, 12.5393161774, 38.5007247925, 77.9530334473, 23.9294223785, 3.30380511284, 2.80146121979], [-77.2609634399, 81.7670288086, -60.5569877625, 0.0941563099623, -19.1448078156, 15.851934433, 19.5036964417, 0.967881023884, 3.41486549377, 23.9294223785, 79.7665863037, 32.7537841797, 0.300176382065], [-64.1016769409, 58.1707954407, 3.18737983704, 4.94427728653, -9.4614648819, 16.7511577606, 20.4228191376, -3.76486587524, 0.754599690437, 3.30380511284, 32.7537841797, 65.3766174316, 21.1377182007], [19.6513652802, 4.60187387466, 28.0040931702, 12.7402067184, 9.52688217163, 1.44664669037, 4.35007762909, -3.58932924271, 5.45294952393, 2.80146121979, 0.300176382065, 21.1377182007, 53.086769104]],
        "icov": [[0.000190672784811, -0.000205931020901, -0.000225605661399, 1.68438727997e-05, -0.000205669974093, -3.85100211133e-05, 0.000300281419186, -0.000386855739634, 0.000185094046174, -0.000259909225861, 9.26352004171e-05, 0.000223147246288, -4.52378953923e-05], [-0.000205931020901, 0.00256762350909, 0.00184796215035, -0.00193984317593, 0.00055312103359, 0.000157607631991, -0.00175543886144, 0.00196363148279, -0.000780960952397, 0.000747100682929, -0.000457477406599, -0.00159118883312, 0.000194367268705], [-0.000225605661399, 0.00184796215035, 0.00450980756432, -0.00117978279013, -0.0010417556623, -0.000557876192033, -0.000738641479984, 0.00123390415683, -0.000317609810736, 0.000427523627877, 0.00230270018801, -0.00261950027198, -0.000786372867879], [1.68438727997e-05, -0.00193984317593, -0.00117978279013, 0.00798749923706, -0.00160832237452, -0.00256491079926, 0.00139948050492, -0.00185080454685, -0.00136411085259, -0.000379831093596, 0.000558595231269, 0.00127264729235, -0.00136365334038], [-0.000205669974093, 0.00055312103359, -0.0010417556623, -0.00160832237452, 0.00912450719625, 0.000530274992343, -0.00172791699879, 0.00155503931455, -0.00139645393938, -0.00331796309911, 0.00166764121968, 0.000784714298788, -0.000444832752692], [-3.85100211133e-05, 0.000157607631991, -0.000557876192033, -0.00256491079926, 0.000530274992343, 0.0127237904817, -0.00286159128882, -0.00105986976996, 0.000670335721225, -0.000411581277149, -0.00137087784242, -0.00206467462704, 0.00141407665797], [0.000300281419186, -0.00175543886144, -0.000738641479984, 0.00139948050492, -0.00172791699879, -0.00286159128882, 0.0170290730894, -0.0071413484402, 0.000622885825578, -0.000527430209331, -0.00112266663928, -0.00277586397715, -0.000319909217069], [-0.000386855739634, 0.00196363148279, 0.00123390415683, -0.00185080454685, 0.00155503931455, -0.00105986976996, -0.0071413484402, 0.0151201365516, -0.00655203964561, 0.00200227624737, -0.000115588212793, 0.0011901621474, 0.00121767248493], [0.000185094046174, -0.000780960952397, -0.000317609810736, -0.00136411085259, -0.00139645393938, 0.000670335721225, 0.000622885825578, -0.00655203964561, 0.0205050818622, -0.00901056732982, 0.00220950273797, -0.000439446244854, -0.00123585830443], [-0.000259909225861, 0.000747100682929, 0.000427523627877, -0.000379831093596, -0.00331796309911, -0.000411581277149, -0.000527430209331, 0.00200227624737, -0.00901056732982, 0.0214046537876, -0.00827539060265, 0.00228651170619, -0.000385313120205], [9.26352004171e-05, -0.000457477406599, 0.00230270018801, 0.000558595231269, 0.00166764121968, -0.00137087784242, -0.00112266663928, -0.000115588212793, 0.00220950273797, -0.00827539060265, 0.0224662162364, -0.0104650743306, 0.00272848759778], [0.000223147246288, -0.00159118883312, -0.00261950027198, 0.00127264729235, 0.000784714298788, -0.00206467462704, -0.00277586397715, 0.0011901621474, -0.000439446244854, 0.00228651170619, -0.0104650743306, 0.0266739781946, -0.00928209908307], [-4.52378953923e-05, 0.000194367268705, -0.000786372867879, -0.00136365334038, -0.000444832752692, 0.00141407665797, -0.000319909217069, 0.00121767248493, -0.00123585830443, -0.000385313120205, 0.00272848759778, -0.00928209908307, 0.0235566366464]]
    },
    "spectral_contrast_coeffs": {
        "mean": [-0.721883356571, -0.790985643864, -0.777260482311, -0.794194042683, -0.790847301483, -0.745127856731],
        "stdev": [0.0564511120319, 0.0582695677876, 0.0543549880385, 0.0412549301982, 0.0320939682424, 0.0367526859045]
    },
    "spectral_contrast_valleys": {
        "mean": [-6.36149787903, -6.35932588577, -6.92320203781, -6.96011400223, -6.78209018707, -9.65807056427],
        "stdev": [1.23283874989, 1.04832649231, 1.01703035831, 1.01354300976, 1.00217938423, 1.19684100151]
    }
},
"rhythm": {
    "beats_count": 447,
    "beats_loudness": {
        "mean": 0.0412981063128,
        "stdev": 0.0161933749914
    },
    "bpm": 122.929870605,
    "bpm_histogram_first_peak_bpm": 123,
    "bpm_histogram_first_peak_weight": 0.285714268684,
    "bpm_histogram_second_peak_bpm": 117,
    "bpm_histogram_second_peak_spread": 0.461538493633,
    "bpm_histogram_second_peak_weight": 0.0156950671226,
    "danceability": 1.14582657814,
    "onset_rate": 2.41774702072,
    "beats_loudness_band_ratio": {
        "mean": [0.531689107418, 0.0965242162347, 0.110078416765, 0.099639698863, 0.103600740433, 0.0876788720489],
        "stdev": [0.200126230717, 0.0846322327852, 0.0808623805642, 0.0889663174748, 0.0644027516246, 0.0688487812877]
    },
    "beats_position": [0.557278871536, 1.1261677742, 1.68344664574, 2.2523355484, 2.80961441994, 3.34367346764, 3.86612248421, 4.38857126236, 4.88780021667, 5.38702917099, 5.87464857101, 6.38548755646, 6.8963265419, 7.39555549622, 7.8831744194, 8.37079334259, 8.87002277374, 9.35764122009, 9.84526062012, 10.3328800201, 10.8204984665, 11.3081178665, 11.7957363129, 12.2833557129, 12.7709751129, 13.2585935593, 13.7462129593, 14.2338323593, 14.7214508057, 15.2090702057, 15.696688652, 16.1843090057, 16.6719264984, 17.1595458984, 17.6355552673, 18.1231746674, 18.6107940674, 19.0984115601, 19.574420929, 20.062040329, 20.549659729, 21.037279129, 21.5248966217, 22.0241260529, 22.523355484, 23.010974884, 23.4985942841, 23.9862117767, 24.4738311768, 24.9614505768, 25.4374599457, 25.9134693146, 26.4010887146, 26.8887062073, 27.3763256073, 27.8639450073, 28.3631744385, 28.8624038696, 29.3500213623, 29.8376407623, 30.3252601624, 30.8128795624, 31.3004989624, 31.7881164551, 32.2757377625, 32.7633552551, 33.2509727478, 33.750202179, 34.2378234863, 34.725440979, 35.2014503479, 35.6890678406, 36.1766891479, 36.6643066406, 37.151927948, 37.6395454407, 38.1271629333, 38.6147842407, 39.1024017334, 39.5900230408, 40.0776405334, 40.5652618408, 41.0644874573, 41.5637168884, 42.0397262573, 42.5389556885, 43.0265769958, 43.5141944885, 44.0018119812, 44.4894332886, 44.9654426575, 45.4414520264, 45.9174575806, 46.3934669495, 46.8810882568, 47.3687057495, 47.8563270569, 48.355556488, 48.8431739807, 49.3424034119, 49.8300209045, 50.3176422119, 50.8052597046, 51.2928771973, 51.7804985046, 52.2681159973, 52.7441253662, 53.2201347351, 53.7077522278, 54.2069816589, 54.6946029663, 55.1938323975, 55.6814498901, 56.1690673828, 56.6566886902, 57.1443061829, 57.6319274902, 58.1311569214, 58.6303825378, 59.1180038452, 59.5940132141, 60.0816307068, 60.5692520142, 61.0684814453, 61.556098938, 62.0437164307, 62.531337738, 63.0189552307, 63.5065765381, 63.9941940308, 64.4818115234, 64.9694290161, 65.4570541382, 65.9446716309, 66.443901062, 66.9431304932, 67.4307479858, 67.9183654785, 68.4059829712, 68.8936004639, 69.3812255859, 69.8572311401, 70.3564605713, 70.844078064, 71.3316955566, 71.8193206787, 72.3185501099, 72.817779541, 73.3053970337, 73.7930145264, 74.2690200806, 74.7450332642, 75.2326507568, 75.7202682495, 76.2194976807, 76.7187271118, 77.2063446045, 77.6939697266, 78.1931991577, 78.6924285889, 79.1800460815, 79.6676635742, 80.1552810669, 80.6428985596, 81.1305236816, 81.6065292358, 82.08253479, 82.5701599121, 83.0577774048, 83.5221786499, 84.0097961426, 84.4974136353, 84.9966430664, 85.4958724976, 85.9834899902, 86.4827194214, 86.9819488525, 87.4695663452, 87.9571838379, 88.44480896, 88.9324264526, 89.4200439453, 89.907661438, 90.4068908691, 90.8945083618, 91.3821334839, 91.8581390381, 92.3457565308, 92.8333740234, 93.3209991455, 93.7970046997, 94.2846221924, 94.7722396851, 95.2714691162, 95.7590942383, 96.246711731, 96.7343292236, 97.2219467163, 97.709564209, 98.2087936401, 98.7080230713, 99.1956481934, 99.683265686, 100.170883179, 100.658500671, 101.146118164, 101.633743286, 102.10974884, 102.585754395, 103.073379517, 103.560997009, 104.048614502, 104.536231995, 105.023849487, 105.511474609, 105.999092102, 106.486709595, 106.974327087, 107.46194458, 107.949569702, 108.437187195, 108.936416626, 109.435646057, 109.934875488, 110.410881042, 110.886894226, 111.374511719, 111.862129211, 112.349746704, 112.848976135, 113.336593628, 113.82421875, 114.311836243, 114.787841797, 115.26385498, 115.751472473, 116.239089966, 116.738319397, 117.237548828, 117.725166321, 118.212783813, 118.700408936, 119.188026428, 119.675643921, 120.163261414, 120.650878906, 121.12689209, 121.602897644, 122.078910828, 122.56652832, 123.042533875, 123.541763306, 124.029388428, 124.528617859, 125.016235352, 125.503852844, 125.991470337, 126.47908783, 126.966712952, 127.454330444, 127.941947937, 128.441177368, 128.94039917, 129.43963623, 129.927261353, 130.426483154, 130.902496338, 131.378494263, 131.866119385, 132.353744507, 132.84135437, 133.328979492, 133.816589355, 134.304214478, 134.7918396, 135.279449463, 135.767074585, 136.254684448, 136.753921509, 137.253143311, 137.740768433, 138.228393555, 138.716003418, 139.20362854, 139.691238403, 140.178863525, 140.666488647, 141.154098511, 141.641723633, 142.129333496, 142.616958618, 143.092971802, 143.580581665, 144.056594849, 144.555831909, 145.043441772, 145.519454956, 146.007064819, 146.50630188, 146.993927002, 147.481536865, 147.980773926, 148.479995728, 148.979232788, 149.466842651, 149.954467773, 150.442077637, 150.929702759, 151.428924561, 151.916549683, 152.404174805, 152.891784668, 153.37940979, 153.867019653, 154.366256714, 154.853881836, 155.341491699, 155.829116821, 156.316726685, 156.804351807, 157.28036499, 157.767974854, 158.255599976, 158.743209839, 159.230834961, 159.730072021, 160.217681885, 160.705307007, 161.19291687, 161.680541992, 162.179763794, 162.679000854, 163.166610718, 163.65423584, 164.141860962, 164.629470825, 165.105484009, 165.593109131, 166.080718994, 166.579956055, 167.067565918, 167.543579102, 168.019592285, 168.507202148, 168.994827271, 169.482452393, 169.970062256, 170.457687378, 170.945297241, 171.421310425, 171.897323608, 172.373336792, 172.872558594, 173.360183716, 173.847793579, 174.335418701, 174.823028564, 175.310653687, 175.821487427, 176.332336426, 176.819946289, 177.307571411, 177.795196533, 178.271194458, 178.747207642, 179.223220825, 179.69921875, 180.186843872, 180.674468994, 181.162078857, 181.649703979, 182.125717163, 182.613327026, 183.112564087, 183.60017395, 184.087799072, 184.575408936, 185.063034058, 185.55065918, 186.049880981, 186.549118042, 187.036727905, 187.524353027, 188.011962891, 188.487976074, 188.963989258, 189.451599121, 189.939224243, 190.426849365, 190.914459229, 191.413696289, 191.912918091, 192.400543213, 192.888153076, 193.375778198, 193.86340332, 194.351013184, 194.838638306, 195.326248169, 195.825485229, 196.324707031, 196.812332153, 197.311553955, 197.787567139, 198.275192261, 198.762802124, 199.250427246, 199.738052368, 200.225662231, 200.713287354, 201.200897217, 201.688522339, 202.187744141, 202.675369263, 203.162994385, 203.650604248, 204.126617432, 204.614242554, 205.101852417, 205.589477539, 206.077087402, 206.564712524, 207.052337646, 207.53994751, 208.027572632, 208.515182495, 209.002807617, 209.490432739, 209.978042603, 210.465667725, 210.953277588, 211.44090271, 211.928527832, 212.416137695, 212.903762817, 213.391372681, 213.878997803, 214.366622925, 214.854232788, 215.34185791, 215.85269165, 216.363540649, 216.87437439, 217.396820068, 217.919265747, 218.441726685, 218.964172363],
    "bpm_histogram": [0, 0, 0, 0, 0, 0, 0, 0, 0, 0, 0, 0, 0, 0, 0, 0, 0, 0, 0, 0, 0, 0, 0, 0, 0, 0, 0, 0, 0, 0, 0, 0, 0, 0, 0, 0, 0, 0, 0, 0, 0, 0, 0, 0, 0, 0, 0, 0, 0, 0, 0, 0, 0, 0, 0, 0, 0, 0, 0, 0, 0, 0, 0, 0, 0, 0, 0, 0, 0, 0, 0, 0, 0, 0, 0, 0, 0, 0, 0, 0, 0, 0, 0, 0, 0, 0, 0, 0, 0, 0, 0, 0, 0, 0, 0, 0, 0, 0, 0, 0, 0, 0, 0, 0, 0, 0.00448430515826, 0, 0, 0.00448430515826, 0, 0, 0, 0.00224215257913, 0, 0, 0.0134529145434, 0, 0.0156950671226, 0, 0, 0.159192830324, 0, 0, 0.683856487274, 0, 0, 0.114349775016, 0, 0, 0.00224215257913, 0, 0, 0, 0, 0, 0, 0, 0, 0, 0, 0, 0, 0, 0, 0, 0, 0, 0, 0, 0, 0, 0, 0, 0, 0, 0, 0, 0, 0, 0, 0, 0, 0, 0, 0, 0, 0, 0, 0, 0, 0, 0, 0, 0, 0, 0, 0, 0, 0, 0, 0, 0, 0, 0, 0, 0, 0, 0, 0, 0, 0, 0, 0, 0, 0, 0, 0, 0, 0, 0, 0, 0, 0, 0, 0, 0, 0, 0, 0, 0, 0, 0, 0, 0, 0, 0, 0, 0, 0, 0, 0, 0, 0, 0, 0, 0, 0, 0, 0, 0, 0, 0, 0, 0, 0, 0, 0, 0, 0, 0, 0, 0, 0, 0, 0, 0, 0, 0, 0, 0]
},
"tonal": {
    "chords_changes_rate": 0.0564482025802,
    "chords_number_rate": 0.00232558138669,
    "chords_strength": {
        "mean": 0.514281630516,
        "stdev": 0.0811240375042
    },
    "hpcp_crest": {
        "mean": 12.0180559158,
        "stdev": 5.66492462158
    },
    "hpcp_entropy": {
        "mean": 2.25046539307,
        "stdev": 0.736175477505
    },
    "key_edma": {
        "strength": 0.66965842247,
        "key": "G",
        "scale": "minor"
    },
    "key_krumhansl": {
        "strength": 0.661322176456,
        "key": "G",
        "scale": "minor"
    },
    "key_temperley": {
        "strength": 0.646696865559,
        "key": "G",
        "scale": "minor"
    },
    "tuning_diatonic_strength": 0.580568373203,
    "tuning_equal_tempered_deviation": 0.0648150295019,
    "tuning_frequency": 442.804626465,
    "tuning_nontempered_energy_ratio": 0.773518800735,
    "hpcp": {
        "mean": [0.233112514019, 0.142975702882, 0.1038435027, 0.112134508789, 0.0846978276968, 0.079868555069, 0.0992638170719, 0.108089983463, 0.150492951274, 0.151194348931, 0.0923007577658, 0.0714028775692, 0.0836637616158, 0.102622330189, 0.191667422652, 0.349301189184, 0.315861225128, 0.142876207829, 0.0710909664631, 0.060617569834, 0.0965516939759, 0.114003583789, 0.0952154174447, 0.141261056066, 0.178417265415, 0.126340687275, 0.0911870747805, 0.0814875215292, 0.0687771737576, 0.123947434127, 0.190471425653, 0.144546583295, 0.0819744318724, 0.0771750807762, 0.0839532539248, 0.182698354125],
        "stdev": [0.313439816236, 0.233316704631, 0.211317375302, 0.252494663, 0.189533814788, 0.14764739573, 0.179499417543, 0.189639210701, 0.239922851324, 0.254993915558, 0.171595349908, 0.154232382774, 0.192380338907, 0.207520112395, 0.243056252599, 0.3568610847, 0.355040043592, 0.231039404869, 0.167562544346, 0.147425115108, 0.176014438272, 0.189761772752, 0.179411783814, 0.226514443755, 0.286694407463, 0.232057154179, 0.17180493474, 0.157323002815, 0.150445535779, 0.198663011193, 0.283190876245, 0.224766135216, 0.155280634761, 0.15744677186, 0.166934147477, 0.253186434507]
    },
    "chords_histogram": [3.74207186699, 8.26638507843, 40.6131095886, 4.60887956619, 1.20507395267, 5.68710374832, 0.16913318634, 21.8604660034, 3.04439735413, 3.65750527382, 0.549682855606, 0.549682855606, 1.79704022408, 2.28329801559, 0.232558146119, 0, 0, 0.0634249448776, 0.211416497827, 0.422832995653, 0.190274834633, 0, 0.739957690239, 0.105708248913],
    "thpcp": [1, 0.904266119003, 0.409034401178, 0.203523397446, 0.173539549112, 0.276413857937, 0.32637616992, 0.272588312626, 0.404410451651, 0.510783433914, 0.361695557833, 0.261055737734, 0.233287274837, 0.196899339557, 0.354844003916, 0.545292794704, 0.413816452026, 0.234681233764, 0.220941364765, 0.240346312523, 0.523039579391, 0.667368233204, 0.409319251776, 0.297289282084, 0.321025282145, 0.242477923632, 0.228652402759, 0.284178286791, 0.309446364641, 0.430840075016, 0.432848066092, 0.264244049788, 0.204416364431, 0.23951753974, 0.293793231249, 0.548716783524],
    "chords_key": "D",
    "chords_scale": "minor"
}
}