{
"metadata": {
    "version": {
        "essentia": "2.1-dev",
        "essentia_git_sha": "v2.1_beta3-415-gd5473f3",
        "extractor": "music 2.0"
    },
    "audio_properties": {
        "analysis": {
            "equal_loudness": 0,
            "length": 313.704498291,
            "sample_rate": 44100,
            "start_time": 0,
            "downmix": "mix"
        },
        "bit_rate": 128000,
        "length": 313.704498291,
        "lossless": 0,
        "number_channels": 2,
        "replay_gain": -7.80008506775,
        "sample_rate": 44100,
        "codec": "mp3",
        "md5_encoded": "38fd922c6170d023fca37e04d56f7818"
    },
    "tags": {
        "file_name": "stone_temple_pilots-plush.mp3",
        "album": ["Core"],
        "artist": ["Stone Temple Pilots"],
        "date": ["1992"],
        "genre": ["Other"],
        "title": ["Plush"]
    }
},
"lowlevel": {
    "average_loudness": 0.950273036957,
    "barkbands_crest": {
        "mean": 8.43005084991,
        "stdev": 3.45702409744
    },
    "barkbands_flatness_db": {
        "mean": 0.0971193909645,
        "stdev": 0.0512929782271
    },
    "barkbands_kurtosis": {
        "mean": 1.47645246983,
        "stdev": 4.80551195145
    },
    "barkbands_skewness": {
        "mean": 1.26528918743,
        "stdev": 0.838690757751
    },
    "barkbands_spread": {
        "mean": 36.3964233398,
        "stdev": 14.3179616928
    },
    "dissonance": {
        "mean": 0.479290932417,
        "stdev": 0.0212591495365
    },
    "dynamic_complexity": 2.77133369446,
    "erbbands_crest": {
        "mean": 6.92347669601,
        "stdev": 3.7372918129
    },
    "erbbands_flatness_db": {
        "mean": 0.12044005096,
        "stdev": 0.0399032942951
    },
    "erbbands_kurtosis": {
        "mean": 0.0658016353846,
        "stdev": 1.33137667179
    },
    "erbbands_skewness": {
        "mean": -0.235706925392,
        "stdev": 0.664442420006
    },
    "erbbands_spread": {
        "mean": 47.9908180237,
        "stdev": 16.1486721039
    },
    "hfc": {
        "mean": 32.0528907776,
        "stdev": 21.3601646423
    },
    "loudness_ebu128": {
        "integrated": -14.3558511734,
        "loudness_range": 3.70219326019,
        "momentary": {
            "mean": -15.487827301,
            "stdev": 7.08327531815
        },
        "short_term": {
            "mean": -14.9528551102,
            "stdev": 4.62948131561
        }
    },
    "melbands_crest": {
        "mean": 14.0717420578,
        "stdev": 4.79078054428
    },
    "melbands_flatness_db": {
        "mean": 0.156707257032,
        "stdev": 0.062710955739
    },
    "melbands_kurtosis": {
        "mean": 11.4667263031,
        "stdev": 15.7079210281
    },
    "melbands_skewness": {
        "mean": 2.85577082634,
        "stdev": 1.34170842171
    },
    "melbands_spread": {
        "mean": 32.1047897339,
        "stdev": 17.2732467651
    },
    "pitch_salience": {
        "mean": 0.580706596375,
        "stdev": 0.0991133525968
    },
    "silence_rate_20dB": {
        "mean": 1,
        "stdev": 0
    },
    "silence_rate_30dB": {
        "mean": 0.998667836189,
        "stdev": 0.0364748612046
    },
    "silence_rate_60dB": {
        "mean": 0.0240526944399,
        "stdev": 0.15321663022
    },
    "spectral_centroid": {
        "mean": 1874.43103027,
        "stdev": 585.426391602
    },
    "spectral_complexity": {
        "mean": 29.34724617,
        "stdev": 11.6682281494
    },
    "spectral_decrease": {
        "mean": -7.787742895e-09,
        "stdev": 5.0643040872e-09
    },
    "spectral_energy": {
        "mean": 0.0323000214994,
        "stdev": 0.0202968753874
    },
    "spectral_energyband_high": {
        "mean": 0.00213618879206,
        "stdev": 0.00196243776008
    },
    "spectral_energyband_low": {
        "mean": 0.0131882475689,
        "stdev": 0.0141655290499
    },
    "spectral_energyband_middle_high": {
        "mean": 0.00668170815334,
        "stdev": 0.00515228277072
    },
    "spectral_energyband_middle_low": {
        "mean": 0.0127023886889,
        "stdev": 0.0101922173053
    },
    "spectral_entropy": {
        "mean": 7.96590185165,
        "stdev": 0.369681745768
    },
    "spectral_flux": {
        "mean": 0.0946810990572,
        "stdev": 0.0468108430505
    },
    "spectral_kurtosis": {
        "mean": 3.08417034149,
        "stdev": 5.67354154587
    },
    "spectral_rms": {
        "mean": 0.00533024827018,
        "stdev": 0.00176096602809
    },
    "spectral_rolloff": {
        "mean": 2239.38452148,
        "stdev": 1553.6953125
    },
    "spectral_skewness": {
        "mean": 1.1981151104,
        "stdev": 0.501370131969
    },
    "spectral_spread": {
        "mean": 5191173,
        "stdev": 1293084.75
    },
    "spectral_strongpeak": {
        "mean": 0.718255996704,
        "stdev": 0.98192024231
    },
    "zerocrossingrate": {
        "mean": 0.0864905044436,
        "stdev": 0.0361315943301
    },
    "barkbands": {
        "mean": [0.000212772923987, 0.00648134946823, 0.00427078921348, 0.00382679468021, 0.00393291935325, 0.00123512709979, 0.00113428477198, 0.00150222226512, 0.000771407037973, 0.000678017386235, 0.000466864410555, 0.000778636313044, 0.000513168633915, 0.000966123596299, 0.000755484623369, 0.000684060214553, 0.00062976119807, 0.00041250186041, 0.000605347857345, 0.000594768731389, 0.000499402871355, 0.000517649401445, 0.000301644497085, 0.000196504086489, 0.000201054441277, 0.000125320395455, 6.12909070696e-06],
        "stdev": [0.000560467247851, 0.0106710400432, 0.00484168389812, 0.0045188148506, 0.00511852838099, 0.00167409109417, 0.00224887672812, 0.00339288008399, 0.00175811361987, 0.00183168717194, 0.00109125312883, 0.00157870969269, 0.0011406452395, 0.0014803125523, 0.00122359069064, 0.000859347754158, 0.000619405065663, 0.00036604332854, 0.000561245891731, 0.000476030574646, 0.000433519220678, 0.000610509305261, 0.000504178169649, 0.000285131070996, 0.000240891065914, 0.000174363143742, 1.42876360769e-05]
    },
    "erbbands": {
        "mean": [0.165694922209, 1.5341694355, 4.60194683075, 10.1845693588, 13.2563419342, 12.0148382187, 11.6270875931, 9.27742099762, 15.2114067078, 22.3123073578, 30.8783435822, 19.7648448944, 21.2727069855, 18.4760131836, 23.2697238922, 34.293258667, 25.7648849487, 45.4673309326, 46.5635070801, 32.7368087769, 40.7379875183, 32.3008422852, 24.9488582611, 29.6656513214, 27.4231872559, 29.2384128571, 20.9835166931, 19.186876297, 18.5582008362, 14.3206834793, 7.75207185745, 4.90746974945, 2.89715194702, 2.23566675186, 1.4052709341, 0.662992835045, 0.208846464753, 0.0318647250533, 0.000838474079501, 6.72965252306e-05],
        "stdev": [0.394943773746, 2.13767290115, 4.78251934052, 11.6520862579, 16.8822040558, 15.8957605362, 14.9603366852, 14.1923274994, 28.01537323, 50.5028915405, 67.6018295288, 43.8291282654, 66.3855514526, 35.2294845581, 51.2795639038, 70.4019317627, 49.0039291382, 75.3220062256, 63.0100212097, 47.5011329651, 44.6286354065, 27.5772666931, 21.1444091797, 27.1334037781, 23.7759437561, 23.1663551331, 16.8158817291, 18.9402561188, 20.6462135315, 21.9147071838, 13.1688365936, 8.58399963379, 3.55031752586, 2.64792704582, 1.76818966866, 0.902845203876, 0.297856807709, 0.0494767203927, 0.0020333873108, 6.63166429149e-05]
    },
    "gfcc": {
        "mean": [40.8758277893, 66.0204696655, -111.778335571, 49.317073822, -52.5000038147, 16.1728439331, -39.1533851624, 6.76983308792, -30.2483901978, 7.14730119705, -25.5651035309, -1.30437541008, -16.9342327118],
        "cov": [[10867.0722656, -734.097106934, -282.100738525, -77.7509460449, -125.978813171, 433.35748291, -181.766265869, 249.477890015, -131.49836731, 162.245223999, -232.860855103, 173.200195312, -284.269897461], [-734.097106934, 1401.53515625, -332.551116943, 76.1976623535, 107.14540863, -305.412078857, 240.595275879, -209.104187012, 148.730560303, -110.713134766, 101.061668396, -159.688735962, 143.420501709], [-282.100738525, -332.551116943, 436.008117676, -39.5884475708, 31.7312507629, 46.3198394775, -52.8670883179, 65.7049789429, -68.8008346558, 35.6387748718, -20.0926761627, 60.681728363, -39.2829208374], [-77.7509460449, 76.1976623535, -39.5884475708, 323.244232178, 109.473854065, 28.3644351959, 42.1303520203, 20.4114303589, 49.1363563538, 6.55599546432, 34.8748054504, -18.8956203461, 47.1040802002], [-125.978813171, 107.14540863, 31.7312507629, 109.473854065, 231.290023804, 1.38911437988, 67.8198242188, 11.711648941, 8.77344322205, 29.1894264221, 6.18078804016, -5.51557254791, 23.4123668671], [433.35748291, -305.412078857, 46.3198394775, 28.3644351959, 1.38911437988, 217.333938599, -9.82548141479, 90.7206726074, -17.7170238495, 27.5328807831, -5.47041463852, 44.8736228943, -26.3420238495], [-181.766265869, 240.595275879, -52.8670883179, 42.1303520203, 67.8198242188, -9.82548141479, 166.951324463, 9.96821212769, 19.3150558472, -16.4427509308, 27.0882568359, -13.5655422211, 20.1919174194], [249.477890015, -209.104187012, 65.7049789429, 20.4114303589, 11.711648941, 90.7206726074, 9.96821212769, 121.381278992, 17.1979389191, 41.1499977112, -10.4086122513, 29.3007049561, -22.3984146118], [-131.49836731, 148.730560303, -68.8008346558, 49.1363563538, 8.77344322205, -17.7170238495, 19.3150558472, 17.1979389191, 123.922744751, 21.747713089, 21.2067279816, -32.8229026794, 17.2322425842], [162.245223999, -110.713134766, 35.6387748718, 6.55599546432, 29.1894264221, 27.5328807831, -16.4427509308, 41.1499977112, 21.747713089, 76.5405426025, 13.336722374, 21.2264633179, -10.8151884079], [-232.860855103, 101.061668396, -20.0926761627, 34.8748054504, 6.18078804016, -5.47041463852, 27.0882568359, -10.4086122513, 21.2067279816, 13.336722374, 64.4770050049, 12.5627555847, 24.4242095947], [173.200195312, -159.688735962, 60.681728363, -18.8956203461, -5.51557254791, 44.8736228943, -13.5655422211, 29.3007049561, -32.8229026794, 21.2264633179, 12.5627555847, 76.8305892944, 4.28919887543], [-284.269897461, 143.420501709, -39.2829208374, 47.1040802002, 23.4123668671, -26.3420238495, 20.1919174194, -22.3984146118, 17.2322425842, -10.8151884079, 24.4242095947, 4.28919887543, 76.4923095703]],
        "icov": [[0.00017688338994, -0.000401090335799, 0.000277272687526, -0.000246593175689, 0.000208630532143, -0.000361210317351, 0.000346009619534, -0.000257817591773, 0.000380519690225, -0.000708214065526, 0.00114290555939, -0.0010030065896, 0.000854005280416], [-0.000401090335799, 0.00449702562764, -0.000176923524123, 0.0015394105576, -0.00166797742713, 0.00278213992715, -0.00390680599958, 0.00311244791374, -0.0033716019243, 0.00416964339092, -0.0059783058241, 0.00579080497846, -0.00461660325527], [0.000277272687526, -0.000176923524123, 0.00377583829686, -1.70792409335e-05, -0.000861857552081, 0.000421110278694, 0.00141030119266, -0.00227749766782, 0.00184838089626, -0.000593319651671, 0.00084155931836, -0.00246796687134, 0.00205079140142], [-0.000246593175689, 0.0015394105576, -1.70792409335e-05, 0.00534655014053, -0.0029423898086, 0.000142934703035, -0.000382115715183, -0.000596341094933, -0.00185696000699, 0.00330665451474, -0.00528115406632, 0.00432343920693, -0.00389816518873], [0.000208630532143, -0.00166797742713, -0.000861857552081, -0.0029423898086, 0.00796738732606, -0.00119427882601, -0.00230958941393, 0.000939545454457, 0.00220512435772, -0.00704929884523, 0.00598991569132, -0.00156586396042, -1.13126052383e-05], [-0.000361210317351, 0.00278213992715, 0.000421110278694, 0.000142934703035, -0.00119427882601, 0.00956287607551, -0.00148626638111, -0.00386744434945, -0.000559188076295, 0.00381360668689, -0.00507821468636, 0.00145165319555, -0.00130665744655], [0.000346009619534, -0.00390680599958, 0.00141030119266, -0.000382115715183, -0.00230958941393, -0.00148626638111, 0.0130283357576, -0.00749329011887, 0.00324670108967, 0.00204392289743, -0.000965843326412, -0.00350157730281, 0.00419466104358], [-0.000257817591773, 0.00311244791374, -0.00227749766782, -0.000596341094933, 0.000939545454457, -0.00386744434945, -0.00749329011887, 0.0220194347203, -0.00768040306866, -0.00456656282768, 0.00418613152578, -0.0013419118477, -0.000966752297245], [0.000380519690225, -0.0033716019243, 0.00184838089626, -0.00185696000699, 0.00220512435772, -0.000559188076295, 0.00324670108967, -0.00768040306866, 0.0167030058801, -0.0079141240567, 0.000640177400783, 0.00339033082128, 0.000578664708883], [-0.000708214065526, 0.00416964339092, -0.000593319651671, 0.00330665451474, -0.00704929884523, 0.00381360668689, 0.00204392289743, -0.00456656282768, -0.0079141240567, 0.0290700662881, -0.0152622265741, 0.00202733674087, -0.00054394477047], [0.00114290555939, -0.0059783058241, 0.00084155931836, -0.00528115406632, 0.00598991569132, -0.00507821468636, -0.000965843326412, 0.00418613152578, 0.000640177400783, -0.0152622265741, 0.037014849484, -0.0171154141426, 0.00387806189246], [-0.0010030065896, 0.00579080497846, -0.00246796687134, 0.00432343920693, -0.00156586396042, 0.00145165319555, -0.00350157730281, -0.0013419118477, 0.00339033082128, 0.00202733674087, -0.0171154141426, 0.0337216965854, -0.0139073319733], [0.000854005280416, -0.00461660325527, 0.00205079140142, -0.00389816518873, -1.13126052383e-05, -0.00130665744655, 0.00419466104358, -0.000966752297245, 0.000578664708883, -0.00054394477047, 0.00387806189246, -0.0139073319733, 0.0258540380746]]
    },
    "melbands": {
        "mean": [0.00165680306964, 0.00233497680165, 0.00185110117309, 0.000926952285226, 0.000424419442425, 0.000217697510379, 0.000235827174038, 0.000258956686594, 0.000243344038608, 0.000114328417112, 0.000103510428744, 7.23260382074e-05, 6.90678934916e-05, 8.6526517407e-05, 6.9780558988e-05, 5.40745895705e-05, 9.1183501354e-05, 7.67413075664e-05, 5.29181597813e-05, 4.31312910223e-05, 4.92120452691e-05, 3.33501338901e-05, 3.13754972012e-05, 1.64481534739e-05, 2.52774225373e-05, 2.07814318856e-05, 2.02375194931e-05, 1.87717396329e-05, 1.27593184516e-05, 1.23569025163e-05, 1.07736841528e-05, 1.05176859506e-05, 9.87121984508e-06, 7.14500038157e-06, 4.52557469544e-06, 3.50918708136e-06, 2.81741858998e-06, 2.02371893465e-06, 1.83276085863e-06, 1.91213598555e-06],
        "stdev": [0.00322797475383, 0.00232271966524, 0.00187748030294, 0.00129759404808, 0.000494425476063, 0.000321207364323, 0.000440659263404, 0.000612802861724, 0.000540558772627, 0.000268140254775, 0.00033300294308, 0.000146083417349, 0.000167020203662, 0.000169840888702, 0.000129309628392, 0.000124795114971, 0.000155003624968, 0.000104790684418, 9.24847117858e-05, 6.1809165345e-05, 5.417801367e-05, 3.21624538628e-05, 3.11823423544e-05, 1.50094065248e-05, 2.42153419094e-05, 2.08183100767e-05, 1.68778242369e-05, 1.55221005116e-05, 1.0935690625e-05, 1.09771726784e-05, 1.20204613268e-05, 1.13550286187e-05, 1.48860635818e-05, 1.18870939332e-05, 8.14989016362e-06, 6.45237469143e-06, 4.94895402881e-06, 2.52527047451e-06, 2.19290791392e-06, 2.35400034398e-06]
    },
    "melbands128": {
        "mean": [0.000196802197024, 0.00116008287296, 0.00228403205983, 0.00259344070219, 0.00234586838633, 0.00209430139512, 0.00218566833064, 0.00172499089967, 0.00135981594212, 0.000988839310594, 0.000645646825433, 0.000498398032505, 0.000442161399405, 0.000251146149822, 0.000174476168468, 0.000228555640206, 0.000248146185186, 0.000235005660215, 0.000250604236498, 0.000226204778301, 0.000328453927068, 0.000242837850237, 0.000306725880364, 0.000122617202578, 0.000127458159113, 9.97178794933e-05, 9.63619095273e-05, 0.000136779490276, 6.7205655796e-05, 8.05950257927e-05, 7.6646108937e-05, 4.8678371968e-05, 6.52176386211e-05, 9.23318730202e-05, 6.63646715111e-05, 8.46718903631e-05, 0.000131442167913, 5.20027060702e-05, 5.17175321875e-05, 5.60458356631e-05, 4.90293787152e-05, 5.94071461819e-05, 8.53983583511e-05, 0.000122792989714, 7.65748409322e-05, 6.24286476523e-05, 8.46019320306e-05, 6.09758244536e-05, 3.38519676006e-05, 3.89261331293e-05, 4.44880315627e-05, 4.63710020995e-05, 5.22559093952e-05, 4.66792444058e-05, 5.14191560796e-05, 2.35858205997e-05, 2.7027219403e-05, 3.98942866013e-05, 3.18195998261e-05, 1.77795191121e-05, 1.44305158756e-05, 1.36275666591e-05, 2.50839748333e-05, 2.91109499813e-05, 2.61103650701e-05, 1.96249820874e-05, 1.90650589502e-05, 1.71541996679e-05, 2.04433254112e-05, 2.42920341407e-05, 2.14543215407e-05, 1.4214834664e-05, 1.3022316125e-05, 1.3125060832e-05, 1.1410690604e-05, 1.33721960083e-05, 1.26736831589e-05, 9.75783677859e-06, 1.099938072e-05, 1.10562550617e-05, 1.05733024611e-05, 9.99452458927e-06, 1.09145348688e-05, 1.01512587207e-05, 8.80345851328e-06, 8.09992616269e-06, 6.73019303576e-06, 4.95821268487e-06, 4.41891006631e-06, 4.11646442444e-06, 3.83493443223e-06, 3.4352979128e-06, 2.79730420516e-06, 3.18841966873e-06, 2.50025482273e-06, 2.10070356843e-06, 1.97185545403e-06, 1.7581821794e-06, 1.86780391687e-06, 1.82144776772e-06, 1.91480489775e-06, 2.05411288334e-06, 1.67254006556e-06, 1.86120280432e-06, 1.51406743498e-06, 1.48977551362e-06, 1.44199998431e-06, 1.27104704006e-06, 1.179466949e-06, 1.00890940757e-06, 8.36937999793e-07, 7.53080996674e-07, 6.53479162338e-07, 5.37379207799e-07, 4.45653284942e-07, 3.39330512134e-07, 2.21927834332e-07, 3.2974050157e-08, 8.81611139647e-09, 3.12832559857e-09, 4.24102841734e-09, 1.49647971792e-09, 5.7262161679e-10, 2.0690761604e-10, 1.23010074349e-11, 4.61337391899e-12, 4.2891185395e-12, 4.25535214704e-12],
        "stdev": [0.000531888334081, 0.00324091943912, 0.00483454298228, 0.00332600576803, 0.00263840844855, 0.00249474751763, 0.00283751194365, 0.0020185073372, 0.00199559796602, 0.00200142944232, 0.00106722349301, 0.000657739816234, 0.000679144868627, 0.000436024623923, 0.000339804711984, 0.000485301658046, 0.000561368884519, 0.000625462445896, 0.000706162245478, 0.000655989337247, 0.00119231513236, 0.000634731957689, 0.0009021142032, 0.000404538703151, 0.000434665795183, 0.0003409247729, 0.000332292518578, 0.000603938358836, 0.000230084420764, 0.000221628011786, 0.000194020598428, 0.000140657415614, 0.000260331347818, 0.000267313793302, 0.000247481832048, 0.000216686763451, 0.00037864537444, 0.000130277243443, 0.000151863045176, 0.000171466424945, 0.000182133648195, 0.000215669642785, 0.000219523644773, 0.000236770298216, 0.0001477534679, 0.000138627219712, 0.000186789620784, 0.00016601489915, 8.72036835062e-05, 9.06809873413e-05, 8.56583210407e-05, 8.05625459179e-05, 9.39745295909e-05, 5.63909925404e-05, 7.79655165388e-05, 2.85496334982e-05, 3.08976632368e-05, 5.33629900019e-05, 3.79749908461e-05, 2.085516644e-05, 1.66349200299e-05, 1.65587025549e-05, 3.07398586301e-05, 3.25923210767e-05, 3.20739818562e-05, 2.4694518288e-05, 2.28440439969e-05, 1.79694015969e-05, 2.10245671042e-05, 2.51187429967e-05, 2.05967353395e-05, 1.42793933264e-05, 1.5538686057e-05, 1.29971795104e-05, 1.09125494419e-05, 1.34180190798e-05, 1.37800370794e-05, 1.14446274893e-05, 1.53933342517e-05, 1.45526482811e-05, 1.28634019347e-05, 1.26786771943e-05, 1.84388864e-05, 1.76276280399e-05, 1.65057717822e-05, 1.45771400639e-05, 1.29347836264e-05, 9.9499739008e-06, 9.02731062524e-06, 8.11800055089e-06, 7.90645935922e-06, 6.25757911621e-06, 7.45159695725e-06, 6.14338841842e-06, 3.89100887332e-06, 2.80971198663e-06, 2.66825918516e-06, 2.44145894612e-06, 2.39258861257e-06, 2.38682514464e-06, 2.48327205554e-06, 2.81057714346e-06, 2.24766381507e-06, 2.51362143899e-06, 2.11396059058e-06, 2.07992866308e-06, 1.97674353331e-06, 1.82895951184e-06, 1.78022526143e-06, 1.56058592893e-06, 1.28729027438e-06, 1.15834234293e-06, 9.90179728433e-07, 8.43806446937e-07, 7.1182296324e-07, 5.74415651045e-07, 4.15844510826e-07, 1.71699170437e-07, 1.25156688568e-07, 4.75806238853e-08, 6.65029773472e-08, 2.83368226661e-08, 1.73219145694e-08, 1.09508695445e-08, 4.36445907193e-10, 2.8354832371e-11, 6.54857505028e-12, 6.50833640453e-12]
    },
    "mfcc": {
        "mean": [-598.217407227, 92.145149231, 1.00202155113, 34.7156181335, 7.53549623489, 13.4683084488, 1.70904362202, -0.45262414217, 1.89831030369, 0.0366933643818, 0.19239769876, -2.85106444359, -1.97194349766],
        "cov": [[6831.96337891, -154.503417969, -5.89337491989, -33.5366210938, 103.062522888, 191.048568726, -3.45852255821, 141.668151855, 42.6455307007, 127.57635498, 69.5809783936, 7.87813329697, 30.2392997742], [-154.503417969, 990.294921875, -152.625747681, 179.466842651, -100.641342163, -12.7161340714, 3.4938454628, -70.3121185303, 29.7357292175, -49.2447547913, 3.94644212723, -4.85924243927, 0.781717836857], [-5.89337491989, -152.625747681, 295.333312988, -73.4599456787, 29.4165077209, -34.3552856445, -5.01939153671, 16.875623703, -39.5122451782, -2.65812945366, -33.0253601074, 6.6265745163, 8.70041561127], [-33.5366210938, 179.466842651, -73.4599456787, 326.56463623, 59.3563575745, 46.4569625854, 43.6439666748, -9.93252754211, 48.4520454407, 9.14095497131, 20.375207901, 11.3552980423, -2.57100462914], [103.062522888, -100.641342163, 29.4165077209, 59.3563575745, 162.266433716, 41.9688224792, 12.7334499359, -1.36337387562, 18.1725616455, 35.6323127747, -1.46319198608, 5.31008529663, -3.01229405403], [191.048568726, -12.7161340714, -34.3552856445, 46.4569625854, 41.9688224792, 92.3296051025, 45.1991615295, 27.6268234253, 13.3206653595, 15.325966835, 14.9136676788, 1.96940791607, 1.51560032368], [-3.45852255821, 3.4938454628, -5.01939153671, 43.6439666748, 12.7334499359, 45.1991615295, 137.320709229, 44.77709198, 18.99127388, -21.4502716064, 11.2650146484, 19.1215000153, -7.79136896133], [141.668151855, -70.3121185303, 16.875623703, -9.93252754211, -1.36337387562, 27.6268234253, 44.77709198, 92.5021743774, 26.1269702911, 16.029132843, 12.2839603424, 11.5462675095, 11.0194683075], [42.6455307007, 29.7357292175, -39.5122451782, 48.4520454407, 18.1725616455, 13.3206653595, 18.99127388, 26.1269702911, 73.1537322998, 34.9541473389, 16.993183136, 6.07768535614, 5.43362426758], [127.57635498, -49.2447547913, -2.65812945366, 9.14095497131, 35.6323127747, 15.325966835, -21.4502716064, 16.029132843, 34.9541473389, 86.9347381592, 32.0988082886, 7.18724679947, 6.79527282715], [69.5809783936, 3.94644212723, -33.0253601074, 20.375207901, -1.46319198608, 14.9136676788, 11.2650146484, 12.2839603424, 16.993183136, 32.0988082886, 62.4454154968, 25.6435699463, 5.96137332916], [7.87813329697, -4.85924243927, 6.6265745163, 11.3552980423, 5.31008529663, 1.96940791607, 19.1215000153, 11.5462675095, 6.07768535614, 7.18724679947, 25.6435699463, 59.2972946167, 26.3402137756], [30.2392997742, 0.781717836857, 8.70041561127, -2.57100462914, -3.01229405403, 1.51560032368, -7.79136896133, 11.0194683075, 5.43362426758, 6.79527282715, 5.96137332916, 26.3402137756, 55.6769752502]],
        "icov": [[0.00016330248036, -1.5802002963e-05, -2.07367465919e-05, 5.23447997693e-05, -4.15422364313e-05, -0.000348870817106, 0.000164009223226, -0.000213538311073, 2.88148185064e-05, -7.5618372648e-05, -9.13782641874e-05, 2.08036290132e-05, -3.99106011173e-06], [-1.5802002963e-05, 0.00145004992373, 0.000254176877206, -0.00077872921247, 0.00116933579557, -0.000134174799314, -6.83772450429e-05, 0.00125985895284, -0.000905515858904, 0.000573788944166, 0.0001087625933, 1.96378423425e-05, -0.0002820501104], [-2.07367465919e-05, 0.000254176877206, 0.00497462926432, 0.000289814110147, -0.00147131911945, 0.00290379859507, -0.00104245741386, -0.00189558544662, 0.00354880304076, -0.00185182341374, 0.0027937036939, -0.000891066330951, -0.000683538848534], [5.23447997693e-05, -0.00077872921247, 0.000289814110147, 0.00456944620237, -0.00178374850657, -0.0012998477323, -0.000563477806281, 0.0010452689603, -0.00235187006183, 0.00092731625773, -0.000885230198037, -0.000368659704691, 0.000186905221199], [-4.15422364313e-05, 0.00116933579557, -0.00147131911945, -0.00178374850657, 0.010287867859, -0.00466316239908, -0.000320817780448, 0.00355198304169, -0.00193148700055, -0.0038123333361, 0.00381629867479, -0.00238800770603, 0.00146425433923], [-0.000348870817106, -0.000134174799314, 0.00290379859507, -0.0012998477323, -0.00466316239908, 0.0195980072021, -0.00601797457784, -0.00407759752125, 0.00506778992712, -0.00307193468325, -0.00191554252524, 0.00457335496321, -0.00322147971019], [0.000164009223226, -6.83772450429e-05, -0.00104245741386, -0.000563477806281, -0.000320817780448, -0.00601797457784, 0.0140413241461, -0.00508434325457, -0.00412108097225, 0.00770628359169, -0.00187585107051, -0.00515201734379, 0.00526629481465], [-0.000213538311073, 0.00125985895284, -0.00189558544662, 0.0010452689603, 0.00355198304169, -0.00407759752125, -0.00508434325457, 0.0187769960612, -0.00660195108503, -0.00172843644395, 1.29753198053e-05, 0.000102184567368, -0.00287633994594], [2.88148185064e-05, -0.000905515858904, 0.00354880304076, -0.00235187006183, -0.00193148700055, 0.00506778992712, -0.00412108097225, -0.00660195108503, 0.0253091603518, -0.0108674801886, 0.00172400707379, 0.00157215970103, -0.00225057988428], [-7.5618372648e-05, 0.000573788944166, -0.00185182341374, 0.00092731625773, -0.0038123333361, -0.00307193468325, 0.00770628359169, -0.00172843644395, -0.0108674801886, 0.0248025730252, -0.0121236601844, 0.00163340719882, 0.000221881724428], [-9.13782641874e-05, 0.0001087625933, 0.0027937036939, -0.000885230198037, 0.00381629867479, -0.00191554252524, -0.00187585107051, 1.29753198053e-05, 0.00172400707379, -0.0121236601844, 0.0294764190912, -0.0129631282762, 0.00385229382664], [2.08036290132e-05, 1.96378423425e-05, -0.000891066330951, -0.000368659704691, -0.00238800770603, 0.00457335496321, -0.00515201734379, 0.000102184567368, 0.00157215970103, 0.00163340719882, -0.0129631282762, 0.0302797108889, -0.0141740757972], [-3.99106011173e-06, -0.0002820501104, -0.000683538848534, 0.000186905221199, 0.00146425433923, -0.00322147971019, 0.00526629481465, -0.00287633994594, -0.00225057988428, 0.000221881724428, 0.00385229382664, -0.0141740757972, 0.0260411724448]]
    },
    "spectral_contrast_coeffs": {
        "mean": [-0.707595646381, -0.771677434444, -0.789554655552, -0.793888926506, -0.807339251041, -0.729405760765],
        "stdev": [0.064465738833, 0.0670876279473, 0.0549428611994, 0.0447543151677, 0.0266960971057, 0.050644390285]
    },
    "spectral_contrast_valleys": {
        "mean": [-6.32157754898, -6.68795681, -7.21530294418, -7.14169406891, -6.79367637634, -9.61654663086],
        "stdev": [1.00946927071, 1.01120662689, 1.0135114193, 1.01392626762, 1.01032221317, 1.31354022026]
    }
},
"rhythm": {
    "beats_count": 751,
    "beats_loudness": {
        "mean": 0.046535640955,
        "stdev": 0.0228330958635
    },
    "bpm": 144.331512451,
    "bpm_histogram_first_peak_bpm": 144,
    "bpm_histogram_first_peak_weight": 0.439461886883,
    "bpm_histogram_second_peak_bpm": 136,
    "bpm_histogram_second_peak_spread": 0.173913061619,
    "bpm_histogram_second_peak_weight": 0.050666667521,
    "danceability": 1.19126105309,
    "onset_rate": 2.76038122177,
    "beats_loudness_band_ratio": {
        "mean": [0.514502167702, 0.152395665646, 0.116798810661, 0.0831326842308, 0.0895543992519, 0.102999560535],
        "stdev": [0.239234507084, 0.119729094207, 0.113249175251, 0.0879843235016, 0.0648543089628, 0.0678164362907]
    },
    "beats_position": [0.359909296036, 0.731428563595, 1.11455774307, 1.50929701328, 1.90403628349, 2.29877543449, 2.69351458549, 3.08825397491, 3.49460315704, 3.90095233917, 4.31891155243, 4.72526073456, 5.13160991669, 5.53795909882, 5.94430828094, 6.3622674942, 6.78022670746, 7.19818592072, 7.61614513397, 8.01088428497, 8.4172334671, 8.82358264923, 9.22993183136, 9.64789104462, 10.0542402267, 10.47219944, 10.8901586533, 11.2848978043, 11.7028570175, 12.1092061996, 12.5155553818, 12.933514595, 13.3398637772, 13.7462129593, 14.1641721725, 14.5821313858, 14.9884805679, 15.3832197189, 15.7895689011, 16.1959171295, 16.602268219, 17.0202255249, 17.426574707, 17.8329238892, 18.2392749786, 18.6456241608, 19.0635814667, 19.4699325562, 19.8762817383, 20.2942390442, 20.7121982574, 21.1301574707, 21.5365066528, 21.942855835, 22.3492050171, 22.7671642303, 23.1735134125, 23.5914726257, 24.009431839, 24.4273910522, 24.8569602966, 25.2749195099, 25.6928787231, 26.1224479675, 26.5404071808, 26.9467563629, 27.353105545, 27.7710647583, 28.1890239716, 28.6302032471, 29.0481624603, 29.4545116425, 29.8608608246, 30.2672100067, 30.6735591888, 31.079908371, 31.4862575531, 31.8926067352, 32.2989578247, 32.7053070068, 33.111656189, 33.5180053711, 33.9243545532, 34.3307037354, 34.7370529175, 35.1550102234, 35.572971344, 35.9793205261, 36.3856697083, 36.8036270142, 37.2215881348, 37.6395454407, 38.0575065613, 38.4986839294, 38.91664505, 39.334602356, 39.7409515381, 40.1473007202, 40.5536499023, 40.9599990845, 41.3779602051, 41.795917511, 42.2022666931, 42.6086158752, 43.0149650574, 43.4213142395, 43.8392753601, 44.2340126038, 44.6287536621, 45.046710968, 45.4646720886, 45.8826293945, 46.3005905151, 46.718547821, 47.1365089417, 47.5544662476, 47.9608154297, 48.3903846741, 48.80834198, 49.2030830383, 49.6094322205, 50.0157814026, 50.4337387085, 50.8516998291, 51.2580490112, 51.6643981934, 52.0823554993, 52.4887046814, 52.8950538635, 53.3014030457, 53.7077522278, 54.1141014099, 54.5320625305, 54.9384117126, 55.3563690186, 55.7511100769, 56.1458511353, 56.5522003174, 56.9585494995, 57.3648986816, 57.7828559875, 58.1892051697, 58.6071662903, 59.0135154724, 59.4198646545, 59.8262138367, 60.2557830811, 60.673740387, 61.0916976929, 61.5096588135, 61.9160079956, 62.3223571777, 62.7403144836, 63.1466636658, 63.5646247864, 63.9709739685, 64.3889312744, 64.806892395, 65.2248535156, 65.6312026978, 66.0375518799, 66.443901062, 66.8618545532, 67.2682037354, 67.6745529175, 68.0809020996, 68.4988632202, 68.9168243408, 69.3231735229, 69.7295227051, 70.1474838257, 70.5654373169, 70.9833984375, 71.4013595581, 71.8193206787, 72.2372741699, 72.6552352905, 73.0731964111, 73.4911575317, 73.9091110229, 74.3154602051, 74.7450332642, 75.1629943848, 75.580947876, 75.9989089966, 76.4168701172, 76.8348312378, 77.2411804199, 77.6475296021, 78.0654830933, 78.4834442139, 78.9014053345, 79.3193664551, 79.7257156372, 80.1320648193, 80.5500183105, 80.9679794312, 81.3859405518, 81.7922897339, 82.198638916, 82.6049880981, 83.0229492188, 83.4292984009, 83.8472518921, 84.2536010742, 84.6715621948, 85.0895233154, 85.507484436, 85.9254379272, 86.3433990479, 86.7729721069, 87.2025375366, 87.6321105957, 88.0732879639, 88.514465332, 88.9440383911, 89.3503875732, 89.7567367554, 90.1630859375, 90.5810394287, 90.9990005493, 91.4169616699, 91.8349151611, 92.2528762817, 92.6708374023, 93.0887985229, 93.5067520142, 93.9247131348, 94.3426742554, 94.760635376, 95.1785888672, 95.5965499878, 96.0028991699, 96.4092483521, 96.8272094727, 97.2451705933, 97.6747360229, 98.104309082, 98.5338745117, 98.9634475708, 99.3930130005, 99.8341903687, 100.263763428, 100.693328857, 101.122901917, 101.552467346, 101.982040405, 102.411605835, 102.829566956, 103.259140015, 103.677093506, 104.095054626, 104.501403809, 104.907752991, 105.325714111, 105.732063293, 106.138412476, 106.556373596, 106.974327087, 107.392288208, 107.810249329, 108.22820282, 108.634559631, 109.052513123, 109.458862305, 109.876823425, 110.294784546, 110.701133728, 111.10748291, 111.525436401, 111.943397522, 112.372970581, 112.802536011, 113.23210907, 113.6616745, 114.091247559, 114.497596741, 114.915550232, 115.333511353, 115.739860535, 116.146209717, 116.575782776, 117.005348206, 117.423309326, 117.829658508, 118.247619629, 118.653968811, 119.071922302, 119.489883423, 119.931060791, 120.349021912, 120.766983032, 121.184944153, 121.602897644, 122.044082642, 122.462036133, 122.879997253, 123.297958374, 123.715919495, 124.133872986, 124.551834106, 124.969795227, 125.387756348, 125.805709839, 126.212059021, 126.618408203, 127.024757385, 127.442718506, 127.860679626, 128.267028809, 128.6849823, 129.10295105, 129.520904541, 129.938858032, 130.356826782, 130.751556396, 131.157913208, 131.564254761, 131.982223511, 132.400177002, 132.806533813, 133.212875366, 133.630844116, 134.037185669, 134.45513916, 134.87310791, 135.30267334, 135.720626831, 136.126983643, 136.556549072, 136.974502563, 137.380859375, 137.787200928, 138.205169678, 138.634735107, 139.052688599, 139.470657349, 139.900222778, 140.31817627, 140.724533081, 141.130874634, 141.548843384, 141.966796875, 142.384765625, 142.802719116, 143.220672607, 143.638641357, 144.04498291, 144.451339722, 144.846069336, 145.264038086, 145.681991577, 146.099945068, 146.517913818, 146.924255371, 147.330612183, 147.736953735, 148.143310547, 148.561264038, 148.979232788, 149.408798218, 149.838363647, 150.279541016, 150.685897827, 151.09223938, 151.51020813, 151.928161621, 152.346115112, 152.752471924, 153.182037354, 153.599990845, 154.006347656, 154.412689209, 154.819046021, 155.225387573, 155.643356323, 156.061309814, 156.479278564, 156.897232056, 157.303573608, 157.70993042, 158.127883911, 158.545852661, 158.952194214, 159.370162964, 159.799728394, 160.217681885, 160.635650635, 161.053604126, 161.471557617, 161.912734985, 162.330703735, 162.748657227, 163.166610718, 163.584579468, 164.002532959, 164.420501709, 164.8384552, 165.256408691, 165.674377441, 166.092330933, 166.533508301, 166.951477051, 167.369430542, 167.787384033, 168.216964722, 168.646530151, 169.064483643, 169.482452393, 169.900405884, 170.318359375, 170.736328125, 171.154281616, 171.572235107, 171.990203857, 172.408157349, 172.826126099, 173.24407959, 173.662033081, 174.080001831, 174.497955322, 174.915908813, 175.345489502, 175.763442993, 176.181396484, 176.610977173, 177.028930664, 177.435287476, 177.841629028, 178.25958252, 178.67755127, 179.095504761, 179.513473511, 179.931427002, 180.349380493, 180.755737305, 181.162078857, 181.580047607, 181.998001099, 182.41595459, 182.83392334, 183.26348877, 183.693054199, 184.111022949, 184.52897644, 184.946929932, 185.37651062, 185.80607605, 186.235641479, 186.665206909, 187.106384277, 187.547576904, 188.000366211, 188.453155518, 188.894332886, 189.335510254, 189.776687622, 190.21786499, 190.659042358, 191.07699585, 191.506576538, 191.912918091, 192.330886841, 192.748840332, 193.166793823, 193.607971191, 194.014328003, 194.420669556, 194.838638306, 195.256591797, 195.674560547, 196.092514038, 196.510467529, 196.928436279, 197.346389771, 197.764343262, 198.170700073, 198.577041626, 198.983398438, 199.401351929, 199.80770874, 200.225662231, 200.643630981, 201.061584473, 201.467926025, 201.874282837, 202.292236328, 202.69859314, 203.104934692, 203.522903442, 203.940856934, 204.347213745, 204.753555298, 205.159912109, 205.566253662, 205.984207153, 206.402175903, 206.820129395, 207.238098145, 207.656051636, 208.062393188, 208.46875, 208.886703491, 209.304672241, 209.722625732, 210.140579224, 210.558547974, 210.976501465, 211.382858276, 211.789199829, 212.207168579, 212.62512207, 213.043075562, 213.47265625, 213.90222168, 214.331787109, 214.749740601, 215.179321289, 215.608886719, 216.038452148, 216.468017578, 216.897598267, 217.315551758, 217.733505249, 218.151473999, 218.592651367, 219.033828735, 219.440170288, 219.8465271, 220.264480591, 220.682449341, 221.088790894, 221.495147705, 221.913101196, 222.331054688, 222.737411499, 223.143753052, 223.538497925, 223.956451416, 224.374420166, 224.792373657, 225.210342407, 225.628295898, 226.034637451, 226.440994263, 226.847335815, 227.253692627, 227.671646118, 228.089614868, 228.507568359, 228.913925171, 229.320266724, 229.738220215, 230.144577026, 230.574142456, 231.003707886, 231.421676636, 231.851242065, 232.269195557, 232.675552368, 233.081893921, 233.499862671, 233.917816162, 234.324172974, 234.730514526, 235.148483276, 235.566436768, 235.97277832, 236.379135132, 236.797088623, 237.215057373, 237.621398926, 238.027755737, 238.445709229, 238.86366272, 239.270019531, 239.676361084, 240.082717896, 240.489059448, 240.907028198, 241.324981689, 241.742950439, 242.160903931, 242.578857422, 242.996826172, 243.403167725, 243.821136475, 244.227478027, 244.645431519, 245.086624146, 245.527801514, 245.945755005, 246.363708496, 246.781677246, 247.199630737, 247.617584229, 248.035552979, 248.465118408, 248.87147522, 249.289428711, 249.707382202, 250.136962891, 250.56652832, 250.984481812, 251.402450562, 251.832015991, 252.261581421, 252.667938232, 253.074279785, 253.492233276, 253.933425903, 254.351379395, 254.769332886, 255.187301636, 255.616867065, 256.034820557, 256.452789307, 256.882354736, 257.311920166, 257.729888916, 258.159454346, 258.577423096, 258.995361328, 259.413330078, 259.831298828, 260.249237061, 260.667205811, 261.085174561, 261.503112793, 261.921081543, 262.339050293, 262.756988525, 263.151733398, 263.569702148, 263.999267578, 264.428833008, 264.846801758, 265.264770508, 265.671112061, 266.077453613, 266.495422363, 266.913360596, 267.331329346, 267.760894775, 268.190460205, 268.620025635, 269.072814941, 269.537231445, 269.990020752, 270.442810059, 270.883972168, 271.325164795, 271.766357422, 272.195922852, 272.625488281, 273.055053711, 273.473022461, 273.879364014, 274.297332764, 274.715270996, 275.133239746, 275.551208496, 275.969146729, 276.387115479, 276.805084229, 277.223022461, 277.640991211, 278.058959961, 278.476898193, 278.894866943, 279.312835693, 279.707580566, 280.125518799, 280.543487549, 280.961456299, 281.379394531, 281.797363281, 282.215332031, 282.633270264, 283.051239014, 283.457580566, 283.863952637, 284.281890869, 284.699859619, 285.117828369, 285.535766602, 285.953735352, 286.371704102, 286.778045654, 287.184387207, 287.602355957, 288.020324707, 288.438262939, 288.856231689, 289.274200439, 289.692138672, 290.098510742, 290.504852295, 290.922821045, 291.340759277, 291.758728027, 292.176696777, 292.59463501, 293.01260376, 293.418945312, 293.825286865, 294.243255615, 294.661224365, 295.090789795, 295.520355225, 295.961547852, 296.402709961, 296.843902588, 297.285064697, 297.726257324, 298.167419434, 298.608612061, 299.061401367, 299.502593994, 299.955383301, 300.350097656, 300.73324585, 301.127990723, 301.511108398, 301.905853271, 302.300598145, 302.6953125, 303.078460693, 303.484802246, 303.891143799, 304.309112549, 304.738677979, 305.168243408, 305.597808838, 306.027374268, 306.456970215, 306.886535645, 307.316101074, 307.745666504, 308.186828613, 308.62802124, 309.05758667, 309.498779297, 309.939941406, 310.392730713, 310.857147217, 311.321533203, 311.785949707, 312.250335693, 312.71472168, 313.179138184],
    "bpm_histogram": [0, 0, 0, 0, 0, 0, 0, 0, 0, 0, 0, 0, 0, 0, 0, 0, 0, 0, 0, 0, 0, 0, 0, 0, 0, 0, 0, 0, 0, 0, 0, 0, 0, 0, 0, 0, 0, 0, 0, 0, 0, 0, 0, 0, 0, 0, 0, 0, 0, 0, 0, 0, 0, 0, 0, 0, 0, 0, 0, 0, 0, 0, 0, 0, 0, 0, 0, 0, 0, 0, 0, 0, 0, 0, 0, 0, 0, 0, 0, 0, 0, 0, 0, 0, 0, 0, 0, 0, 0, 0, 0, 0, 0, 0, 0, 0, 0, 0, 0, 0, 0, 0, 0, 0, 0, 0, 0, 0, 0, 0, 0, 0, 0, 0, 0, 0, 0, 0, 0, 0, 0, 0, 0, 0, 0, 0, 0, 0, 0, 0.00933333300054, 0, 0, 0, 0.0106666665524, 0, 0, 0.050666667521, 0, 0, 0, 0.11466666311, 0, 0, 0, 0.5, 0, 0, 0, 0.277333319187, 0, 0, 0, 0.0306666661054, 0, 0, 0, 0, 0.00533333327621, 0, 0, 0, 0.00133333331905, 0, 0, 0, 0, 0, 0, 0, 0, 0, 0, 0, 0, 0, 0, 0, 0, 0, 0, 0, 0, 0, 0, 0, 0, 0, 0, 0, 0, 0, 0, 0, 0, 0, 0, 0, 0, 0, 0, 0, 0, 0, 0, 0, 0, 0, 0, 0, 0, 0, 0, 0, 0, 0, 0, 0, 0, 0, 0, 0, 0, 0, 0, 0, 0, 0, 0, 0, 0, 0, 0, 0, 0, 0, 0, 0, 0, 0, 0, 0, 0, 0, 0, 0, 0, 0, 0, 0, 0]
},
"tonal": {
    "chords_changes_rate": 0.0658576264977,
    "chords_number_rate": 0.00192393071484,
    "chords_strength": {
        "mean": 0.514927744865,
        "stdev": 0.0960002988577
    },
    "hpcp_crest": {
        "mean": 12.8115701675,
        "stdev": 6.89130830765
    },
    "hpcp_entropy": {
        "mean": 2.1907351017,
        "stdev": 0.818622589111
    },
    "key_edma": {
        "strength": 0.69745773077,
        "key": "G",
        "scale": "minor"
    },
    "key_krumhansl": {
        "strength": 0.716750085354,
        "key": "G",
        "scale": "minor"
    },
    "key_temperley": {
        "strength": 0.717648744583,
        "key": "G",
        "scale": "minor"
    },
