{
"metadata": {
    "version": {
        "essentia": "2.1-dev",
        "essentia_git_sha": "v2.1_beta3-415-gd5473f3",
        "extractor": "music 2.0"
    },
    "audio_properties": {
        "analysis": {
            "equal_loudness": 0,
            "length": 230.922454834,
            "sample_rate": 44100,
            "start_time": 0,
            "downmix": "mix"
        },
        "bit_rate": 192000,
        "length": 230.922454834,
        "lossless": 0,
        "number_channels": 2,
        "replay_gain": -11.2027587891,
        "sample_rate": 44100,
        "codec": "mp3",
        "md5_encoded": "68fc8729065ca8009692e207749df129"
    },
    "tags": {
        "file_name": "suede-beautiful_ones.mp3",
        "date": ["2004"],
        "engineer": ["rosamerica tamyo"]
    }
},
"lowlevel": {
    "average_loudness": 0.941046655178,
    "barkbands_crest": {
        "mean": 7.47705030441,
        "stdev": 3.24653673172
    },
    "barkbands_flatness_db": {
        "mean": 0.0773343592882,
        "stdev": 0.0322912447155
    },
    "barkbands_kurtosis": {
        "mean": 0.337785094976,
        "stdev": 5.0722360611
    },
    "barkbands_skewness": {
        "mean": 0.689234733582,
        "stdev": 0.828939855099
    },
    "barkbands_spread": {
        "mean": 35.388004303,
        "stdev": 12.9551744461
    },
    "dissonance": {
        "mean": 0.479872256517,
        "stdev": 0.0150037724525
    },
    "dynamic_complexity": 3.60892033577,
    "erbbands_crest": {
        "mean": 7.57329130173,
        "stdev": 3.49442100525
    },
    "erbbands_flatness_db": {
        "mean": 0.133631706238,
        "stdev": 0.0419167727232
    },
    "erbbands_kurtosis": {
        "mean": 0.0819865167141,
        "stdev": 1.26570558548
    },
    "erbbands_skewness": {
        "mean": -0.00649938965216,
        "stdev": 0.670789182186
    },
    "erbbands_spread": {
        "mean": 39.2253189087,
        "stdev": 15.0022315979
    },
    "hfc": {
        "mean": 33.1146850586,
        "stdev": 22.4842739105
    },
    "loudness_ebu128": {
        "integrated": -11.4402160645,
        "loudness_range": 3.0507183075,
        "momentary": {
            "mean": -13.6290836334,
            "stdev": 8.49938774109
        },
        "short_term": {
            "mean": -13.1266708374,
            "stdev": 6.82498979568
        }
    },
    "melbands_crest": {
        "mean": 11.6133460999,
        "stdev": 5.02349233627
    },
    "melbands_flatness_db": {
        "mean": 0.117143288255,
        "stdev": 0.0410180389881
    },
    "melbands_kurtosis": {
        "mean": 5.67412090302,
        "stdev": 17.0359458923
    },
    "melbands_skewness": {
        "mean": 1.79785919189,
        "stdev": 1.35307240486
    },
    "melbands_spread": {
        "mean": 42.641292572,
        "stdev": 19.7125720978
    },
    "pitch_salience": {
        "mean": 0.591505289078,
        "stdev": 0.10506490618
    },
    "silence_rate_20dB": {
        "mean": 1,
        "stdev": 0
    },
    "silence_rate_30dB": {
        "mean": 1,
        "stdev": 0
    },
    "silence_rate_60dB": {
        "mean": 0.091996781528,
        "stdev": 0.289014130831
    },
    "spectral_centroid": {
        "mean": 2153.61157227,
        "stdev": 513.776794434
    },
    "spectral_complexity": {
        "mean": 27.8520011902,
        "stdev": 11.8614606857
    },
    "spectral_decrease": {
        "mean": -5.47009904039e-09,
        "stdev": 3.75915476525e-09
    },
    "spectral_energy": {
        "mean": 0.0236489716917,
        "stdev": 0.0157311502844
    },
    "spectral_energyband_high": {
        "mean": 0.00205988809466,
        "stdev": 0.0019241955597
    },
    "spectral_energyband_low": {
        "mean": 0.00633758679032,
        "stdev": 0.00812237523496
    },
    "spectral_energyband_middle_high": {
        "mean": 0.00825246423483,
        "stdev": 0.00673241121694
    },
    "spectral_energyband_middle_low": {
        "mean": 0.00799701455981,
        "stdev": 0.00774984480813
    },
    "spectral_entropy": {
        "mean": 8.01131057739,
        "stdev": 0.230367690325
    },
    "spectral_flux": {
        "mean": 0.0862850025296,
        "stdev": 0.0418970249593
    },
    "spectral_kurtosis": {
        "mean": 2.85470366478,
        "stdev": 1.27709436417
    },
    "spectral_rms": {
        "mean": 0.0044588749297,
        "stdev": 0.00178625097033
    },
    "spectral_rolloff": {
        "mean": 2861.60839844,
        "stdev": 1574.32275391
    },
    "spectral_skewness": {
        "mean": 1.24523079395,
        "stdev": 0.212744221091
    },
    "spectral_spread": {
        "mean": 5170907,
        "stdev": 1598910
    },
    "spectral_strongpeak": {
        "mean": 1.06790494919,
        "stdev": 1.24464452267
    },
    "zerocrossingrate": {
        "mean": 0.103235594928,
        "stdev": 0.0361373126507
    },
    "barkbands": {
        "mean": [6.1525242927e-05, 0.00287726800889, 0.00251949508674, 0.00147393823136, 0.00166002439801, 0.000816622108687, 0.00114459672477, 0.000816826650407, 0.00184340646956, 0.000896604789887, 0.00128490512725, 0.00118613732047, 0.000557552382816, 0.000712567765731, 0.000737337279133, 0.00055783597054, 0.000743470678572, 0.000806037744042, 0.000558687781449, 0.000638680066913, 0.000423801131546, 0.000395686482079, 0.000304944900563, 0.000297303544357, 0.000204785959795, 0.000110346460133, 1.86183297046e-05],
        "stdev": [0.000126053753775, 0.00509167974815, 0.00369993434288, 0.00207494036295, 0.00280300714076, 0.00135818857234, 0.00230294419453, 0.00183893204667, 0.00363986333832, 0.0020563902799, 0.00287533225492, 0.00257838377729, 0.000835131155327, 0.00104656477924, 0.000985501334071, 0.000750036269892, 0.00109345978126, 0.000980934477411, 0.000584703695495, 0.000564736430533, 0.000433325621998, 0.000424691446824, 0.000378091790481, 0.000421650736826, 0.000303568522213, 0.000200159352971, 6.69302462484e-05]
    },
    "erbbands": {
        "mean": [0.0662980675697, 0.720783233643, 2.52068686485, 4.59958982468, 5.44017410278, 5.14989709854, 5.52073335648, 6.98132276535, 12.4278182983, 19.6208305359, 22.559835434, 38.3553314209, 36.3682174683, 40.0631637573, 48.69972229, 41.4652862549, 27.0237598419, 32.4906463623, 37.8692092896, 37.3780059814, 33.0954666138, 44.7888069153, 44.80727005, 33.0053329468, 30.5480594635, 29.9014148712, 19.2247390747, 16.1555461884, 14.5615100861, 10.9059648514, 8.26356506348, 6.57556724548, 4.74425792694, 2.55475831032, 1.36922693253, 0.632791340351, 0.16529391706, 0.0300537087023, 0.00285177608021, 0.000221077207243],
        "stdev": [0.126500546932, 1.25822615623, 3.68816828728, 5.97025489807, 9.42444992065, 8.72982883453, 7.949010849, 13.0581693649, 25.4181613922, 42.0528106689, 43.9254074097, 80.3397369385, 82.1190795898, 78.5497589111, 94.0726394653, 83.7997436523, 37.8155555725, 49.9978866577, 45.9617843628, 47.6334075928, 43.2343635559, 61.5938415527, 57.2301330566, 31.1151981354, 33.8567504883, 26.3991413116, 18.5801353455, 17.6517219543, 15.5379676819, 13.3335523605, 9.8221654892, 9.31367683411, 6.88310480118, 3.68306922913, 2.14227032661, 1.06738364697, 0.33304643631, 0.0689070895314, 0.0100933182985, 0.000879631377757]
    },
    "gfcc": {
        "mean": [25.506187439, 48.0906143188, -128.468109131, 36.2162399292, -60.716583252, 20.4690341949, -36.0785217285, 15.6657495499, -27.3591308594, 2.83471107483, -20.6702022552, -0.71949750185, -14.0369100571],
        "cov": [[14757.2080078, 237.565231323, 685.209594727, 323.334472656, -14.1319494247, -48.436832428, -273.630828857, 91.0332336426, -326.716522217, -221.90763855, -348.082672119, 9.78041648865, -162.279067993], [237.565231323, 558.983459473, 18.0116004944, 158.039489746, 71.7389450073, 35.1672058105, 31.8016395569, 74.5152816772, 17.0467948914, -27.9289741516, -7.7651386261, -51.5234909058, -9.61639213562], [685.209594727, 18.0116004944, 1067.70959473, 179.701583862, 155.240997314, 31.7293834686, -2.91639971733, 104.796791077, -15.1647043228, 7.95050907135, -77.7420349121, 24.8987045288, -51.6427345276], [323.334472656, 158.039489746, 179.701583862, 297.179626465, 90.5384521484, 16.1819782257, -41.5158805847, 61.5752754211, 21.8313655853, -27.7584552765, -21.2900085449, -6.6344833374, -6.03505373001], [-14.1319494247, 71.7389450073, 155.240997314, 90.5384521484, 297.13180542, 66.2644119263, 70.0494995117, 18.3965892792, 18.3093318939, -16.7454490662, -2.75220775604, -12.094619751, -5.2721619606], [-48.436832428, 35.1672058105, 31.7293834686, 16.1819782257, 66.2644119263, 191.271362305, 87.8623809814, 14.5680198669, -30.9790439606, 8.30167579651, 2.71458792686, 7.43021249771, -5.2392039299], [-273.630828857, 31.8016395569, -2.91639971733, -41.5158805847, 70.0494995117, 87.8623809814, 148.769500732, 16.1867446899, 4.99617052078, 1.78031158447, 11.0151453018, -9.2185087204, 4.89128112793], [91.0332336426, 74.5152816772, 104.796791077, 61.5752754211, 18.3965892792, 14.5680198669, 16.1867446899, 132.463165283, 47.8189964294, -0.789002001286, -24.4266967773, 2.70218753815, -3.46874213219], [-326.716522217, 17.0467948914, -15.1647043228, 21.8313655853, 18.3093318939, -30.9790439606, 4.99617052078, 47.8189964294, 104.640258789, 20.3743934631, 5.50322437286, -10.6159191132, 6.00451135635], [-221.90763855, -27.9289741516, 7.95050907135, -27.7584552765, -16.7454490662, 8.30167579651, 1.78031158447, -0.789002001286, 20.3743934631, 76.2229537964, 36.0631523132, 9.41680431366, -6.42701148987], [-348.082672119, -7.7651386261, -77.7420349121, -21.2900085449, -2.75220775604, 2.71458792686, 11.0151453018, -24.4266967773, 5.50322437286, 36.0631523132, 83.8789520264, 22.4830513, 7.99165010452], [9.78041648865, -51.5234909058, 24.8987045288, -6.6344833374, -12.094619751, 7.43021249771, -9.2185087204, 2.70218753815, -10.6159191132, 9.41680431366, 22.4830513, 62.4329872131, 21.103055954], [-162.279067993, -9.61639213562, -51.6427345276, -6.03505373001, -5.2721619606, -5.2392039299, 4.89128112793, -3.46874213219, 6.00451135635, -6.42701148987, 7.99165010452, 21.103055954, 60.5412406921]],
        "icov": [[8.82704334799e-05, -3.94047310692e-05, 1.24331938878e-06, -4.06507861044e-05, -2.12519789784e-05, 5.749758202e-05, 9.06890054466e-05, -6.94448899594e-05, 0.000284609966911, 2.93719913316e-05, 0.000317610072671, -0.000189942642464, 0.000218348490307], [-3.94047310692e-05, 0.00260814838111, 0.00016804781626, -0.00125145353377, -4.81141651107e-05, -4.47849015472e-05, -0.000513258564752, -0.00149146956392, 0.000723251199815, 0.000433479290223, -0.00134907709435, 0.00265506957658, -0.000497918168548], [1.24331938878e-06, 0.00016804781626, 0.00147345033474, -0.000773169856984, -0.000719145231415, 0.00057633407414, -0.000412505120039, -0.000794534164015, 0.00100045639556, -0.00142468395643, 0.0017864491092, -0.00142848596442, 0.00119653018191], [-4.06507861044e-05, -0.00125145353377, -0.000773169856984, 0.0061096563004, -0.00137541745789, -0.00173840567004, 0.00388289848343, -0.00133082445245, -0.00146299181506, 0.00242936122231, -0.00138581218198, 0.000603735330515, -0.000642922241241], [-2.12519789784e-05, -4.81141651107e-05, -0.000719145231415, -0.00137541745789, 0.00504468334839, -0.000947830674704, -0.00225071446039, 0.00139745953493, -0.00178674398921, 0.00164102052804, -0.000957779411692, 0.000566573813558, 8.4392275312e-05], [5.749758202e-05, -4.47849015472e-05, 0.00057633407414, -0.00173840567004, -0.000947830674704, 0.0093681383878, -0.0058113061823, -0.00101465603802, 0.0045366496779, -0.00347114610486, 0.00220448942855, -0.00253871944733, 0.00138037267607], [9.06890054466e-05, -0.000513258564752, -0.000412505120039, 0.00388289848343, -0.00225071446039, -0.0058113061823, 0.0133474087343, -0.00215375889093, -0.00130554521456, 0.00251749297604, -0.00311910430901, 0.00372166489251, -0.00219272449613], [-6.94448899594e-05, -0.00149146956392, -0.000794534164015, -0.00133082445245, 0.00139745953493, -0.00101465603802, -0.00215375889093, 0.0134188607335, -0.00721526099369, 5.18449451192e-05, 0.00438239378855, -0.00490392046049, 0.00159527291544], [0.000284609966911, 0.000723251199815, 0.00100045639556, -0.00146299181506, -0.00178674398921, 0.0045366496779, -0.00130554521456, -0.00721526099369, 0.0174310673028, -0.00590670853853, 0.000274100224487, 0.00372270401567, -0.00217527337372], [2.93719913316e-05, 0.000433479290223, -0.00142468395643, 0.00242936122231, 0.00164102052804, -0.00347114610486, 0.00251749297604, 5.18449451192e-05, -0.00590670853853, 0.0215424988419, -0.0100163985044, 0.000697637558915, 0.00276835309342], [0.000317610072671, -0.00134907709435, 0.0017864491092, -0.00138581218198, -0.000957779411692, 0.00220448942855, -0.00311910430901, 0.00438239378855, 0.000274100224487, -0.0100163985044, 0.0229109358042, -0.0105571886525, 0.00219835760072], [-0.000189942642464, 0.00265506957658, -0.00142848596442, 0.000603735330515, 0.000566573813558, -0.00253871944733, 0.00372166489251, -0.00490392046049, 0.00372270401567, 0.000697637558915, -0.0105571886525, 0.0279752071947, -0.0106507418677], [0.000218348490307, -0.000497918168548, 0.00119653018191, -0.000642922241241, 8.4392275312e-05, 0.00138037267607, -0.00219272449613, 0.00159527291544, -0.00217527337372, 0.00276835309342, 0.00219835760072, -0.0106507418677, 0.0223077926785]]
    },
    "melbands": {
        "mean": [0.000712428067345, 0.00123420881573, 0.000823034439236, 0.000392104382627, 0.000196492503164, 0.000161278134328, 0.000201529837796, 0.000205641466891, 0.000197414759896, 0.000253010512097, 0.00017883106193, 0.000155856861966, 0.000173693886609, 0.000142127872095, 7.04649428371e-05, 6.12954099779e-05, 5.93500080868e-05, 6.19047714281e-05, 5.75421945541e-05, 4.00504468416e-05, 3.71257592633e-05, 4.60349438072e-05, 4.41121264885e-05, 3.60968624591e-05, 2.55907743849e-05, 2.1460951757e-05, 2.26863230637e-05, 1.91720228031e-05, 1.27203402371e-05, 9.76856699708e-06, 9.11972983886e-06, 8.23595928523e-06, 7.41195390219e-06, 5.73075976718e-06, 4.64139657197e-06, 4.68502958029e-06, 3.69116446564e-06, 3.40813380717e-06, 2.72003057944e-06, 1.9893523131e-06],
        "stdev": [0.001290445216, 0.00174523203168, 0.00100893375929, 0.00069669977529, 0.000269630894763, 0.000286509952275, 0.000398025527829, 0.000428639003076, 0.000387839128962, 0.000540874956641, 0.000415546412114, 0.000312978721922, 0.000366959691746, 0.000344495376339, 0.000135100694024, 9.5812647487e-05, 9.95532827801e-05, 8.43336019898e-05, 8.35656173876e-05, 5.31410041731e-05, 5.34514838364e-05, 6.65084517095e-05, 6.78650249029e-05, 4.58426693513e-05, 2.53463822446e-05, 2.49202348641e-05, 2.49130225711e-05, 1.85724893527e-05, 1.30488633658e-05, 1.02688391053e-05, 1.10047185444e-05, 9.29236466618e-06, 8.27677740745e-06, 8.14088434709e-06, 5.77621813136e-06, 5.95395249547e-06, 5.89600267631e-06, 5.27559541297e-06, 3.73126226805e-06, 3.15960642183e-06]
    },
    "melbands128": {
        "mean": [5.75501289859e-05, 0.000413334404584, 0.0010311974911, 0.00120829476509, 0.00122469617054, 0.00127218500711, 0.000990370404907, 0.000652391929179, 0.000563667621464, 0.000429890118539, 0.000278502760921, 0.000201573624508, 0.000185057433555, 0.000190220074728, 0.000145768193761, 0.000148173872731, 0.000194460721104, 0.000184069445822, 0.00023853663879, 0.000250014913036, 0.000146567224874, 0.000172255487996, 0.0001862499048, 0.000256749044638, 0.000241734363954, 0.00025906751398, 0.000265882757958, 0.000133337438456, 0.000165706587723, 0.000106101659185, 0.000161079835379, 0.00023598135158, 0.000180872695637, 0.000104441147414, 0.000192149382201, 0.000144177683978, 7.92821301729e-05, 8.98207581486e-05, 3.94191192754e-05, 5.42104353372e-05, 6.95139824529e-05, 6.69727014611e-05, 5.5708031141e-05, 5.03923038195e-05, 8.11413410702e-05, 6.33126110188e-05, 4.09259519074e-05, 6.6347522079e-05, 5.98543556407e-05, 4.83745898237e-05, 3.31069568347e-05, 3.69173139916e-05, 4.21378827014e-05, 3.47207351297e-05, 3.21745210385e-05, 5.63299618079e-05, 4.64412187284e-05, 4.23481797043e-05, 4.52339590993e-05, 4.51216765214e-05, 3.22768537444e-05, 3.33988100465e-05, 2.98769118672e-05, 2.14969859371e-05, 2.22740200115e-05, 2.1062880478e-05, 1.99222231458e-05, 2.58257387031e-05, 2.0726429284e-05, 2.27972450375e-05, 2.04204607144e-05, 1.75377972482e-05, 1.39915719046e-05, 1.28947358462e-05, 9.44831117522e-06, 9.47222179093e-06, 1.03689844764e-05, 9.34260879148e-06, 9.05370961846e-06, 8.87689111551e-06, 7.93004619482e-06, 7.34788591217e-06, 9.82695109997e-06, 7.3467472248e-06, 5.94488574279e-06, 5.12006590725e-06, 6.6845332185e-06, 5.0177909543e-06, 4.06258823205e-06, 4.28035400546e-06, 5.64421634408e-06, 4.08428695664e-06, 4.71560088044e-06, 3.53928680852e-06, 3.30748434862e-06, 3.21876700582e-06, 3.51587800651e-06, 3.56487134923e-06, 2.80657695839e-06, 2.26420911531e-06, 2.11314431908e-06, 1.95399502445e-06, 1.86769955235e-06, 1.54496717641e-06, 1.51150754846e-06, 1.49398852045e-06, 1.36475705403e-06, 1.43320198731e-06, 1.13122985113e-06, 8.60212537646e-07, 6.21540152679e-07, 5.2582237231e-07, 5.39061716154e-07, 4.34146983253e-07, 3.42755782867e-07, 2.7249490131e-07, 2.22064372224e-07, 1.11188910523e-07, 8.35465527871e-08, 8.73354011333e-08, 6.6358921913e-08, 6.33872332401e-08, 5.18930534099e-08, 5.71385605497e-08, 4.79464539183e-08, 2.01341077144e-08, 4.51084503084e-10, 8.52352632918e-11],
        "stdev": [0.000121657605632, 0.000881937972736, 0.00204839929938, 0.00222343066707, 0.00198615435511, 0.00186060718261, 0.0013913186267, 0.000985450227745, 0.00113598303869, 0.000986601691693, 0.000590824754909, 0.000332667346811, 0.000315560435411, 0.000365673098713, 0.000341029110132, 0.000417819013819, 0.000517892709468, 0.000495080428664, 0.000681672012433, 0.000663355982397, 0.000410945329349, 0.000514361716341, 0.000505487900227, 0.000662109872792, 0.00069831154542, 0.000799383386038, 0.000897110847291, 0.000448599952506, 0.000509477686137, 0.000302691682009, 0.000466814060928, 0.000666680280119, 0.000553299381863, 0.000343574676663, 0.000622393330559, 0.000466891913675, 0.00022118241759, 0.000230172183365, 9.0913650638e-05, 0.000127714272821, 0.000151397180161, 0.000152557200636, 0.000156707843416, 0.000129298758111, 0.000154181121616, 0.000116647715913, 9.26855645957e-05, 0.000134407033329, 0.000117548064736, 8.96406563697e-05, 6.60014120513e-05, 7.53585773055e-05, 7.48565216782e-05, 6.99671945767e-05, 7.40583200241e-05, 9.97464303509e-05, 8.26590039651e-05, 0.000100410674349, 8.66040063556e-05, 7.66709854361e-05, 6.33442032267e-05, 5.16215550306e-05, 4.09629392379e-05, 2.88039918814e-05, 3.06824549625e-05, 2.94123346976e-05, 3.45166627085e-05, 3.99803902837e-05, 2.72861652775e-05, 2.59285152424e-05, 2.43856102315e-05, 2.14309457078e-05, 1.71628580574e-05, 1.63861877809e-05, 1.24592897919e-05, 1.21228385979e-05, 1.21417178889e-05, 1.29119334815e-05, 1.32527093228e-05, 1.30648113554e-05, 1.02274707388e-05, 9.76219780568e-06, 1.23864465422e-05, 9.2628351922e-06, 7.70212682255e-06, 7.86609143688e-06, 1.22820083561e-05, 9.15074360819e-06, 5.43202804693e-06, 6.0328766267e-06, 7.39414599593e-06, 6.56150541545e-06, 6.64304570819e-06, 6.528537142e-06, 6.32176625004e-06, 6.17469640929e-06, 5.83880682825e-06, 5.61311890124e-06, 4.08529103879e-06, 3.46985234501e-06, 3.16061255035e-06, 3.6459216517e-06, 3.51719222635e-06, 2.92127833745e-06, 2.61849254457e-06, 2.42167607212e-06, 2.35779270952e-06, 2.81945608549e-06, 2.05029755307e-06, 1.67728694578e-06, 1.29849479436e-06, 1.11938993541e-06, 1.22406436276e-06, 9.95680920823e-07, 8.41374344418e-07, 6.3571036435e-07, 5.08665266352e-07, 4.33753314155e-07, 3.69219236518e-07, 3.60842818736e-07, 2.89538718334e-07, 3.28898778434e-07, 2.98202110116e-07, 3.18572347169e-07, 2.97780019309e-07, 1.17154250745e-07, 6.27097840322e-09, 1.78445058729e-09]
    },
    "mfcc": {
        "mean": [-608.761779785, 77.5063095093, -9.02576446533, 17.406867981, 0.486972332001, 4.00461578369, 3.45736503601, 6.61124277115, 1.99684679508, 3.56700205803, -1.281665802, -1.65825462341, -2.925126791],
        "cov": [[10036.6943359, 635.089477539, 434.054412842, 404.228240967, 218.680038452, -13.0330171585, 71.1831970215, 153.409255981, 42.9322967529, -80.9905548096, -123.00466156, -89.4640884399, -155.066772461], [635.089477539, 443.946563721, 59.0271224976, 96.1721191406, 66.9667663574, 12.0346879959, 66.8849105835, 46.0020713806, 43.5088577271, 29.0793704987, 12.4953079224, 5.77812814713, -16.7066440582], [434.054412842, 59.0271224976, 710.678955078, 174.580825806, 144.646850586, -15.7440843582, 26.7475090027, 42.6910476685, 56.4458274841, -10.0924015045, 0.534395456314, 28.516374588, 5.51246976852], [404.228240967, 96.1721191406, 174.580825806, 277.496124268, 168.379089355, -23.2289123535, -15.5112304688, 41.6217765808, 40.1912155151, 6.82615947723, 0.0474662110209, 12.14179039, -9.11466312408], [218.680038452, 66.9667663574, 144.646850586, 168.379089355, 236.908477783, 34.7716827393, 27.8639011383, 52.4981994629, 45.255241394, 10.5840797424, 7.086789608, 14.7254953384, -4.64516830444], [-13.0330171585, 12.0346879959, -15.7440843582, -23.2289123535, 34.7716827393, 156.66708374, 97.2752380371, 16.5089244843, 0.47776094079, 3.82974720001, 8.69709777832, -3.82010126114, -1.07564592361], [71.1831970215, 66.8849105835, 26.7475090027, -15.5112304688, 27.8639011383, 97.2752380371, 154.282546997, 46.9160575867, 12.4259901047, 3.00104403496, 5.67327976227, 5.27157783508, 0.642196893692], [153.409255981, 46.0020713806, 42.6910476685, 41.6217765808, 52.4981994629, 16.5089244843, 46.9160575867, 112.149536133, 56.2308692932, 20.6296596527, 2.54353642464, -3.38630867004, -7.71300363541], [42.9322967529, 43.5088577271, 56.4458274841, 40.1912155151, 45.255241394, 0.47776094079, 12.4259901047, 56.2308692932, 97.1710662842, 38.6302032471, 5.37208032608, -3.73193502426, -9.26031208038], [-80.9905548096, 29.0793704987, -10.0924015045, 6.82615947723, 10.5840797424, 3.82974720001, 3.00104403496, 20.6296596527, 38.6302032471, 71.8306503296, 30.510181427, 2.14524483681, -4.38959264755], [-123.00466156, 12.4953079224, 0.534395456314, 0.0474662110209, 7.086789608, 8.69709777832, 5.67327976227, 2.54353642464, 5.37208032608, 30.510181427, 62.5498733521, 27.8702964783, 5.05720996857], [-89.4640884399, 5.77812814713, 28.516374588, 12.14179039, 14.7254953384, -3.82010126114, 5.27157783508, -3.38630867004, -3.73193502426, 2.14524483681, 27.8702964783, 60.4750328064, 31.4161205292], [-155.066772461, -16.7066440582, 5.51246976852, -9.11466312408, -4.64516830444, -1.07564592361, 0.642196893692, -7.71300363541, -9.26031208038, -4.38959264755, 5.05720996857, 31.4161205292, 64.3403396606]],
        "icov": [[0.000123620964587, -0.000159435672686, -4.71803505206e-05, -0.000111088396807, 4.10718457715e-05, -3.30513321387e-05, 4.69507394882e-05, -0.000145697966218, 0.000115581075079, 0.000116669289127, 0.000184331976925, 1.60602430697e-05, 0.000231587517192], [-0.000159435672686, 0.00301660015248, 0.000172543106601, -0.000917543482501, 4.44966062787e-05, 0.00081113394117, -0.00191724300385, 0.000419858464738, -0.000636382726952, -0.000872011238243, -0.000328942900524, -0.0002127289481, 0.000319153274177], [-4.71803505206e-05, 0.000172543106601, 0.00183984800242, -0.000770974555053, -0.000458223832538, 0.000553381047212, -0.000738289905712, 0.000388958520489, -0.00108143663965, 0.000838261621539, -0.000200157708605, -0.00049425609177, -0.000146981707076], [-0.000111088396807, -0.000917543482501, -0.000770974555053, 0.00796641595662, -0.00504153082147, 0.00125045154709, 0.00172579381615, -0.000763181596994, 0.000202626804821, -7.51701518311e-05, 0.00053486606339, -0.00072909827577, 0.000574825564399], [4.10718457715e-05, 4.44966062787e-05, -0.000458223832538, -0.00504153082147, 0.00907078199089, -0.00288237561472, 0.000289137678919, -0.00141279248055, -0.00129303662106, 0.000396504445234, 6.90727611072e-05, -0.00158512440976, 0.000479549984448], [-3.30513321387e-05, 0.00081113394117, 0.000553381047212, 0.00125045154709, -0.00288237561472, 0.0122437942773, -0.00815356709063, 0.00201362394728, 0.000221915499424, -0.000203284158488, -0.00217602797784, 0.00306097278371, -0.000725444115233], [4.69507394882e-05, -0.00191724300385, -0.000738289905712, 0.00172579381615, 0.000289137678919, -0.00815356709063, 0.0142536833882, -0.00542577262968, 0.001320404117, 0.000848813564517, 0.00108022929635, -0.00254158233292, 0.000418970623286], [-0.000145697966218, 0.000419858464738, 0.000388958520489, -0.000763181596994, -0.00141279248055, 0.00201362394728, -0.00542577262968, 0.0155855882913, -0.0076231630519, -7.05306520103e-05, -0.000587690330576, 0.00149859266821, -0.000316904101055], [0.000115581075079, -0.000636382726952, -0.00108143663965, 0.000202626804821, -0.00129303662106, 0.000221915499424, 0.001320404117, -0.0076231630519, 0.019579494372, -0.00945624522865, 0.00362766371109, -0.00028752363869, 0.00124612811487], [0.000116669289127, -0.000872011238243, 0.000838261621539, -7.51701518311e-05, 0.000396504445234, -0.000203284158488, 0.000848813564517, -7.05306520103e-05, -0.00945624522865, 0.0249023474753, -0.0130659285933, 0.00474850321189, -0.000973072950728], [0.000184331976925, -0.000328942900524, -0.000200157708605, 0.00053486606339, 6.90727611072e-05, -0.00217602797784, 0.00108022929635, -0.000587690330576, 0.00362766371109, -0.0130659285933, 0.0291641112417, -0.0154577987269, 0.00522525375709], [1.60602430697e-05, -0.0002127289481, -0.00049425609177, -0.00072909827577, -0.00158512440976, 0.00306097278371, -0.00254158233292, 0.00149859266821, -0.00028752363869, 0.00474850321189, -0.0154577987269, 0.0321170240641, -0.0141202518716], [0.000231587517192, 0.000319153274177, -0.000146981707076, 0.000574825564399, 0.000479549984448, -0.000725444115233, 0.000418970623286, -0.000316904101055, 0.00124612811487, -0.000973072950728, 0.00522525375709, -0.0141202518716, 0.0228546112776]]
    },
    "spectral_contrast_coeffs": {
        "mean": [-0.729893088341, -0.769330382347, -0.750326097012, -0.784634172916, -0.786682724953, -0.763711571693],
        "stdev": [0.062586940825, 0.0686260610819, 0.0686522051692, 0.0496251322329, 0.0399834290147, 0.0333108194172]
    },
    "spectral_contrast_valleys": {
        "mean": [-7.04611063004, -6.88367414474, -7.23965501785, -7.31125020981, -6.95669412613, -9.40935611725],
        "stdev": [1.48272943497, 1.27551722527, 1.21791541576, 1.19502806664, 1.21026289463, 1.25600254536]
    }
},
"rhythm": {
    "beats_count": 379,
    "beats_loudness": {
        "mean": 0.033822581172,
        "stdev": 0.0155145330355
    },
    "bpm": 98.7972946167,
    "bpm_histogram_first_peak_bpm": 99,
    "bpm_histogram_first_peak_weight": 0.0403226613998,
    "bpm_histogram_second_peak_bpm": 94,
    "bpm_histogram_second_peak_spread": 0,
    "bpm_histogram_second_peak_weight": 0.0158730167896,
    "danceability": 1.25108683109,
    "onset_rate": 3.60709047318,
    "beats_loudness_band_ratio": {
        "mean": [0.392950683832, 0.127707049251, 0.13453873992, 0.135750025511, 0.137225151062, 0.129548430443],
        "stdev": [0.1897803545, 0.0987837910652, 0.0981990620494, 0.108887679875, 0.0905294269323, 0.0615861825645]
    },
    "beats_position": [0.603718817234, 1.23065757751, 1.8575963974, 2.49614500999, 3.13469386101, 3.7732424736, 4.41179132462, 5.05034017563, 5.67727899551, 6.31582736969, 6.94276618958, 7.5464849472, 8.16181373596, 8.76553249359, 9.38086128235, 9.98458003998, 10.5882987976, 11.1920175552, 11.7957363129, 12.3994560242, 13.0031747818, 13.6068935394, 14.2222223282, 14.8375511169, 15.4412698746, 16.0449886322, 16.6487064362, 17.2640361786, 17.8793640137, 18.483083725, 19.0868015289, 19.6905212402, 20.2942390442, 20.8979587555, 21.5016784668, 22.1170063019, 22.7323360443, 23.3360538483, 23.9397735596, 24.5434913635, 25.1472110748, 25.7509288788, 26.3662586212, 26.9699764252, 27.5853061676, 28.1890239716, 28.7927436829, 29.3964614868, 30.0001811981, 30.6155090332, 31.2308387756, 31.8345565796, 32.4382743835, 33.0419960022, 33.6457138062, 34.2610435486, 34.8647613525, 35.480091095, 36.0838088989, 36.6875267029, 37.2912483215, 37.9065742493, 38.5219039917, 39.1256217957, 39.7293434143, 40.3330612183, 40.9367790222, 41.5404968262, 42.1442184448, 42.7479362488, 43.3632659912, 43.9785919189, 44.5823135376, 45.1860313416, 45.7897491455, 46.4050788879, 47.0204086304, 47.6241264343, 48.2278442383, 48.8315620422, 49.4352836609, 50.0390014648, 50.6427192688, 51.2580490112, 51.8733787537, 52.4770965576, 53.0808143616, 53.6845359802, 54.2882537842, 54.8919715881, 55.5073013306, 56.122631073, 56.726348877, 57.3416786194, 57.9453964233, 58.5607261658, 59.1644439697, 59.7681617737, 60.3718795776, 60.9756011963, 61.5793190002, 62.1830368042, 62.7867546082, 63.4136962891, 64.0174102783, 64.621131897, 65.2248535156, 65.8285675049, 66.4322891235, 67.0360107422, 67.6513366699, 68.2550582886, 68.8703842163, 69.474105835, 70.0778198242, 70.6815414429, 71.2852630615, 71.9005889893, 72.515914917, 73.1196365356, 73.7233581543, 74.3270721436, 74.9307937622, 75.5461196899, 76.1614532471, 76.7651672363, 77.3805007935, 77.9958267212, 78.6111526489, 79.2148742676, 79.8185958862, 80.4223098755, 81.0144195557, 81.6181411743, 82.2218551636, 82.8255767822, 83.4292984009, 84.0446243286, 84.6599502563, 85.263671875, 85.8673934937, 86.4711074829, 87.0748291016, 87.6785507202, 88.2822647095, 88.8975982666, 89.5129241943, 90.116645813, 90.7203598022, 91.3240814209, 91.9394073486, 92.5431289673, 93.1468429565, 93.7621765137, 94.3658905029, 94.9696121216, 95.5733337402, 96.1770477295, 96.7807693481, 97.3960952759, 98.011428833, 98.6151428223, 99.2188644409, 99.8341903687, 100.449523926, 101.053237915, 101.656959534, 102.260681152, 102.864395142, 103.46811676, 104.083442688, 104.687164307, 105.290885925, 105.906211853, 106.509933472, 107.113647461, 107.71736908, 108.321083069, 108.924804688, 109.540130615, 110.155464172, 110.759178162, 111.36289978, 111.966621399, 112.570335388, 113.185668945, 113.789382935, 114.404716492, 115.008430481, 115.6121521, 116.215873718, 116.819587708, 117.423309326, 118.038635254, 118.653968811, 119.2576828, 119.861404419, 120.476730347, 121.092063904, 121.695777893, 122.287887573, 122.891609192, 123.50693512, 124.110656738, 124.714370728, 125.318092346, 125.933418274, 126.548751831, 127.15246582, 127.756187439, 128.371520996, 128.986846924, 129.602172852, 130.217498779, 130.821228027, 131.413330078, 132.005432129, 132.609161377, 133.212875366, 133.816589355, 134.420318604, 135.035644531, 135.650970459, 136.254684448, 136.858413696, 137.473739624, 138.089065552, 138.692779541, 139.319732666, 139.923446655, 140.527160645, 141.119277954, 141.711380005, 142.315093994, 142.930435181, 143.545761108, 144.149475098, 144.764801025, 145.380126953, 145.983856201, 146.575958252, 147.179672241, 147.795013428, 148.398727417, 149.014053345, 149.629379272, 150.233108521, 150.825210571, 151.417327881, 152.032653809, 152.647979736, 153.251693726, 153.855422974, 154.459136963, 155.074462891, 155.689788818, 156.293518066, 156.897232056, 157.512557983, 158.127883911, 158.743209839, 159.346939087, 159.962265015, 160.565979004, 161.169708252, 161.773422241, 162.37713623, 162.980865479, 163.584579468, 164.188293457, 164.792022705, 165.395736694, 165.999450684, 166.614776611, 167.230117798, 167.833831787, 168.437545776, 169.041259766, 169.644989014, 170.248703003, 170.852416992, 171.45614624, 172.071472168, 172.686798096, 173.290512085, 173.894241333, 174.497955322, 175.101669312, 175.70539856, 176.309112549, 176.924438477, 177.539764404, 178.143493652, 178.747207642, 179.350921631, 179.966262817, 180.569976807, 181.185302734, 181.789016724, 182.392745972, 182.996459961, 183.611785889, 184.227111816, 184.830841064, 185.434555054, 186.038269043, 186.641998291, 187.24571228, 187.84942627, 188.453155518, 189.068481445, 189.683807373, 190.287521362, 190.89125061, 191.4949646, 192.110290527, 192.725616455, 193.329345703, 193.933059692, 194.536773682, 195.140487671, 195.744216919, 196.347930908, 196.963256836, 197.566986084, 198.182312012, 198.786026001, 199.38973999, 199.993469238, 200.597183228, 201.200897217, 201.804626465, 202.419952393, 203.03527832, 203.63899231, 204.242721558, 204.846435547, 205.450149536, 206.053878784, 206.669204712, 207.28453064, 207.888244629, 208.491973877, 209.095687866, 209.699401855, 210.314727783, 210.93006897, 211.533782959, 212.137496948, 212.741226196, 213.344940186, 213.960266113, 214.563980103, 215.167709351, 215.783035278, 216.386749268, 217.002075195, 217.605804443, 218.221130371, 218.82484436, 219.428573608, 220.032287598, 220.647613525, 221.262939453, 221.866668701, 222.47038269, 223.07409668, 223.677825928, 224.281539917, 224.885253906, 225.500579834, 226.104309082, 226.71963501, 227.323348999, 227.927078247, 228.530792236, 229.146118164, 229.761444092, 230.37677002],
    "bpm_histogram": [0, 0, 0, 0, 0, 0, 0, 0, 0, 0, 0, 0, 0, 0, 0, 0, 0, 0, 0, 0, 0, 0, 0, 0, 0, 0, 0, 0, 0, 0, 0, 0, 0, 0, 0, 0, 0, 0, 0, 0, 0, 0, 0, 0, 0, 0, 0, 0, 0, 0, 0, 0, 0, 0, 0, 0, 0, 0, 0, 0, 0, 0, 0, 0, 0, 0, 0, 0, 0, 0, 0, 0, 0, 0, 0, 0, 0, 0, 0, 0, 0, 0, 0, 0, 0, 0, 0, 0, 0, 0, 0, 0, 0, 0, 0.0158730167896, 0, 0.0158730167896, 0, 0.301587313414, 0.642857134342, 0, 0.023809524253, 0, 0, 0, 0, 0, 0, 0, 0, 0, 0, 0, 0, 0, 0, 0, 0, 0, 0, 0, 0, 0, 0, 0, 0, 0, 0, 0, 0, 0, 0, 0, 0, 0, 0, 0, 0, 0, 0, 0, 0, 0, 0, 0, 0, 0, 0, 0, 0, 0, 0, 0, 0, 0, 0, 0, 0, 0, 0, 0, 0, 0, 0, 0, 0, 0, 0, 0, 0, 0, 0, 0, 0, 0, 0, 0, 0, 0, 0, 0, 0, 0, 0, 0, 0, 0, 0, 0, 0, 0, 0, 0, 0, 0, 0, 0, 0, 0, 0, 0, 0, 0, 0, 0, 0, 0, 0, 0, 0, 0, 0, 0, 0, 0, 0, 0, 0, 0, 0, 0, 0, 0, 0, 0, 0, 0, 0, 0, 0, 0, 0, 0, 0, 0, 0, 0, 0, 0, 0, 0, 0, 0, 0, 0, 0, 0, 0, 0, 0]
},
"tonal": {
    "chords_changes_rate": 0.0693606734276,
    "chords_number_rate": 0.0024125452619,
    "chords_strength": {
        "mean": 0.500525653362,
        "stdev": 0.10387853533
    },
    "hpcp_crest": {
        "mean": 12.681684494,
        "stdev": 6.0056810379
    },
    "hpcp_entropy": {
        "mean": 2.150359869,
        "stdev": 0.725836992264
    },
    "key_edma": {
        "strength": 0.583885192871,
        "key": "B",
        "scale": "major"
    },
    "key_krumhansl": {
        "strength": 0.601353764534,
        "key": "B",
        "scale": "major"
    },
    "key_temperley": {
        "strength": 0.627043843269,
        "key": "B",
        "scale": "major"
    },
    "tuning_diatonic_strength": 0.548256635666,
    "tuning_equal_tempered_deviation": 0.0255869682878,
    "tuning_frequency": 440.508575439,
    "tuning_nontempered_energy_ratio": 0.738757014275,
    "hpcp": {
        "mean": [0.108727231622, 0.0826085284352, 0.126286387444, 0.196860805154, 0.189558371902, 0.207972273231, 0.278427302837, 0.218711346388, 0.129309073091, 0.108235187829, 0.0954404622316, 0.171006381512, 0.284070640802, 0.21945348382, 0.112481400371, 0.100234165788, 0.111512362957, 0.182733505964, 0.238985940814, 0.169688478112, 0.141910597682, 0.178429156542, 0.143153235316, 0.154383212328, 0.178582295775, 0.122840039432, 0.13225632906, 0.200120076537, 0.165374174714, 0.130359664559, 0.137379273772, 0.124374374747, 0.193331360817, 0.277179926634, 0.214544683695, 0.136138021946],
        "stdev": [0.197379633784, 0.166048571467, 0.202491059899, 0.27789208293, 0.255834400654, 0.259154438972, 0.327233761549, 0.279466301203, 0.210185393691, 0.189254671335, 0.17206312716, 0.230563819408, 0.345761418343, 0.274577647448, 0.188863128424, 0.183390945196, 0.19286789, 0.228560194373, 0.263229727745, 0.205359324813, 0.20829090476, 0.284778654575, 0.214057698846, 0.211260735989, 0.226980268955, 0.165481820703, 0.172368273139, 0.245531156659, 0.209870412946, 0.191435590386, 0.21255043149, 0.196576535702, 0.235208198428, 0.308886647224, 0.243278414011, 0.2057107687]
    },
    "chords_histogram": [18.8781661987, 8.66505813599, 3.79975867271, 6.29272222519, 12.4447126389, 0, 2.01045441628, 0, 3.71934056282, 0.422195404768, 0.562927246094, 0, 0, 0, 0.30156815052, 1.52794528008, 0, 0.261359065771, 0.120627261698, 0.482509046793, 4.7848815918, 14.37474823, 10.6353034973, 10.715722084],
    "thpcp": [1, 0.77253139019, 0.395962774754, 0.352849423885, 0.392551511526, 0.643267810345, 0.841290533543, 0.597346067429, 0.499560952187, 0.628115415573, 0.503935337067, 0.543467700481, 0.628654539585, 0.432427793741, 0.465575486422, 0.704472959042, 0.582158625126, 0.458898752928, 0.483609557152, 0.437829047441, 0.680574953556, 0.975742936134, 0.755251169205, 0.47924003005, 0.382747173309, 0.290802776814, 0.444559812546, 0.692999482155, 0.667293071747, 0.732114613056, 0.980134010315, 0.769918859005, 0.455200403929, 0.38101503253, 0.335974395275, 0.601985394955],
    "chords_key": "B",
    "chords_scale": "major"
}
}