{
"metadata": {
    "version": {
        "essentia": "2.1-dev",
        "essentia_git_sha": "v2.1_beta3-415-gd5473f3",
        "extractor": "music 2.0"
    },
    "audio_properties": {
        "analysis": {
            "equal_loudness": 0,
            "length": 246.360809326,
            "sample_rate": 44100,
            "start_time": 0,
            "downmix": "mix"
        },
        "bit_rate": 192000,
        "length": 246.360809326,
        "lossless": 0,
        "number_channels": 2,
        "replay_gain": -7.20761299133,
        "sample_rate": 44100,
        "codec": "mp3",
        "md5_encoded": "da48b72b7a5a868fe32f33896cbebf52"
    },
    "tags": {
        "file_name": "temple_of_the_dog-hunger_strike.mp3"
    }
},
"lowlevel": {
    "average_loudness": 0.788009464741,
    "barkbands_crest": {
        "mean": 9.37851524353,
        "stdev": 3.87985825539
    },
    "barkbands_flatness_db": {
        "mean": 0.133766934276,
        "stdev": 0.068478345871
    },
    "barkbands_kurtosis": {
        "mean": 2.72218513489,
        "stdev": 8.71506500244
    },
    "barkbands_skewness": {
        "mean": 1.18106913567,
        "stdev": 1.09706401825
    },
    "barkbands_spread": {
        "mean": 20.5099182129,
        "stdev": 10.4687366486
    },
    "dissonance": {
        "mean": 0.457680225372,
        "stdev": 0.0341947861016
    },
    "dynamic_complexity": 3.22060441971,
    "erbbands_crest": {
        "mean": 10.4642238617,
        "stdev": 5.04016494751
    },
    "erbbands_flatness_db": {
        "mean": 0.179997190833,
        "stdev": 0.05157424137
    },
    "erbbands_kurtosis": {
        "mean": 0.772713959217,
        "stdev": 2.87240242958
    },
    "erbbands_skewness": {
        "mean": 0.268163442612,
        "stdev": 0.849052906036
    },
    "erbbands_spread": {
        "mean": 30.340177536,
        "stdev": 12.9158706665
    },
    "hfc": {
        "mean": 21.0672187805,
        "stdev": 16.7558078766
    },
    "loudness_ebu128": {
        "integrated": -16.0309906006,
        "loudness_range": 7.34168624878,
        "momentary": {
            "mean": -21.4541797638,
            "stdev": 33.1897239685
        },
        "short_term": {
            "mean": -18.5274353027,
            "stdev": 16.8619365692
        }
    },
    "melbands_crest": {
        "mean": 12.3850574493,
        "stdev": 4.23328876495
    },
    "melbands_flatness_db": {
        "mean": 0.199525818229,
        "stdev": 0.078540854156
    },
    "melbands_kurtosis": {
        "mean": 7.2265868187,
        "stdev": 11.8265256882
    },
    "melbands_skewness": {
        "mean": 1.96056389809,
        "stdev": 1.24197077751
    },
    "melbands_spread": {
        "mean": 25.811624527,
        "stdev": 19.1329097748
    },
    "pitch_salience": {
        "mean": 0.550257563591,
        "stdev": 0.0984873324633
    },
    "silence_rate_20dB": {
        "mean": 1,
        "stdev": 0
    },
    "silence_rate_30dB": {
        "mean": 1,
        "stdev": 0
    },
    "silence_rate_60dB": {
        "mean": 0.0491942316294,
        "stdev": 0.216270059347
    },
    "spectral_centroid": {
        "mean": 1422.37719727,
        "stdev": 1293.76098633
    },
    "spectral_complexity": {
        "mean": 21.4157943726,
        "stdev": 10.4377346039
    },
    "spectral_decrease": {
        "mean": -6.0869997931e-09,
        "stdev": 3.8046845674e-09
    },
    "spectral_energy": {
        "mean": 0.0248846355826,
        "stdev": 0.0156511012465
    },
    "spectral_energyband_high": {
        "mean": 0.000483176467242,
        "stdev": 0.000617848942056
    },
    "spectral_energyband_low": {
        "mean": 0.00606536958367,
        "stdev": 0.00697826594114
    },
    "spectral_energyband_middle_high": {
        "mean": 0.00836766604334,
        "stdev": 0.00913953129202
    },
    "spectral_energyband_middle_low": {
        "mean": 0.0115970121697,
        "stdev": 0.00813639909029
    },
    "spectral_entropy": {
        "mean": 7.43674087524,
        "stdev": 0.577611982822
    },
    "spectral_flux": {
        "mean": 0.0674336701632,
        "stdev": 0.0375931560993
    },
    "spectral_kurtosis": {
        "mean": 6.06355237961,
        "stdev": 6.45501708984
    },
    "spectral_rms": {
        "mean": 0.00461308518425,
        "stdev": 0.00173125136644
    },
    "spectral_rolloff": {
        "mean": 1659.60192871,
        "stdev": 2334.73901367
    },
    "spectral_skewness": {
        "mean": 1.64729845524,
        "stdev": 0.626764416695
    },
    "spectral_spread": {
        "mean": 4285165.5,
        "stdev": 4703737.5
    },
    "spectral_strongpeak": {
        "mean": 1.44254338741,
        "stdev": 1.68069529533
    },
    "zerocrossingrate": {
        "mean": 0.0604031644762,
        "stdev": 0.0602995753288
    },
    "barkbands": {
        "mean": [0.000139469120768, 0.00166393455584, 0.00323083135299, 0.00160216283984, 0.00246562785469, 0.00213495572098, 0.00192022090778, 0.0012684466783, 0.00108330941293, 0.00199213018641, 0.00158686283976, 0.000772934581619, 0.000712774635758, 0.000632728333585, 0.000905290944502, 0.000906534260139, 0.000753415981308, 0.000221817288548, 0.000282363704173, 0.000230374964303, 0.000151596905198, 7.6051466749e-05, 5.27279771632e-05, 4.32526248915e-05, 3.32826530212e-05, 1.94464864762e-05, 2.13306088881e-06],
        "stdev": [0.000192161081941, 0.00332977087237, 0.00424374546856, 0.00195506052114, 0.00239642220549, 0.00258430000395, 0.00341833638959, 0.00249172258191, 0.00289916130714, 0.00490912655368, 0.0041844365187, 0.00221716030501, 0.00219716341235, 0.00104798621032, 0.00143679080065, 0.00154846999794, 0.000897576508578, 0.000295445905067, 0.000367055647075, 0.000321272149449, 0.000209892255953, 0.00012187428365, 0.000102030593553, 9.72175912466e-05, 0.000101794343209, 3.29373469867e-05, 4.57901751361e-06]
    },
    "erbbands": {
        "mean": [0.0459841042757, 0.416516423225, 2.81259727478, 5.75323867798, 5.93210935593, 8.76497173309, 9.3711938858, 17.384563446, 30.5340156555, 23.9870529175, 33.7078018188, 26.1123828888, 64.2354660034, 55.7414779663, 49.7010345459, 36.085647583, 32.3407859802, 38.6856803894, 39.1291007996, 50.9995040894, 50.9157524109, 39.8487167358, 16.557844162, 11.9857282639, 14.3715353012, 10.8081769943, 8.23248386383, 4.02796697617, 2.93670082092, 1.9088408947, 1.45591533184, 0.991277456284, 0.696576833725, 0.44460234046, 0.184724330902, 0.0946176722646, 0.0325094014406, 0.00719523429871, 0.000266032729996, 3.65719279216e-05],
        "stdev": [0.0863862261176, 0.824423730373, 3.67246389389, 6.88434457779, 6.24928331375, 11.0842142105, 9.86571407318, 22.7800502777, 42.4603729248, 63.9139213562, 63.1397247314, 71.2407989502, 171.032653809, 128.554656982, 123.446655273, 97.3796157837, 96.3738479614, 61.3754196167, 64.8248138428, 82.6750946045, 66.2242355347, 46.6951408386, 19.9679031372, 13.009935379, 20.3350296021, 15.536942482, 12.803030014, 5.45251512527, 4.46957826614, 3.66856575012, 2.85698437691, 1.91798782349, 1.74791121483, 1.54216706753, 0.463364183903, 0.166036695242, 0.054889652878, 0.0125419693068, 0.00058403017465, 2.69892061624e-05]
    },
    "gfcc": {
        "mean": [-27.7236061096, 103.191726685, -130.046707153, 23.982301712, -51.7329902649, -3.74886250496, -39.4917411804, 4.29829216003, -24.75050354, -0.898535728455, -23.160993576, -4.0957903862, -9.69953536987],
        "cov": [[32047.6054688, -377.765045166, -3564.96362305, 359.065917969, -781.715332031, 1291.32421875, -1167.14807129, 538.978881836, -707.637329102, 310.247283936, -764.47064209, 136.291168213, -370.481658936], [-377.765045166, 1442.11352539, -335.124328613, 67.535774231, -32.5625457764, -472.198486328, 169.471389771, -193.760681152, 50.4032287598, -133.750335693, 115.210769653, -128.917236328, 128.354598999], [-3564.96362305, -335.124328613, 930.773498535, 36.5388298035, 215.474182129, 88.4599304199, 74.8229904175, 58.53515625, 78.725769043, 47.5589828491, 74.7771148682, 80.5912628174, -18.6428165436], [359.065917969, 67.535774231, 36.5388298035, 266.913085938, 131.443115234, 38.782409668, 8.38695430756, 35.4294013977, 36.2144470215, 28.4421043396, -0.938520014286, 13.1122074127, 14.8235902786], [-781.715332031, -32.5625457764, 215.474182129, 131.443115234, 402.814056396, 167.314804077, 98.2938156128, 81.8887481689, 48.027671814, 86.4102401733, 54.39037323, 70.5640411377, 33.9644241333], [1291.32421875, -472.198486328, 88.4599304199, 38.782409668, 167.314804077, 536.554077148, 26.5959262848, 138.481201172, -18.1273918152, 90.5673370361, 16.4970664978, 95.4162979126, -45.8003540039], [-1167.14807129, 169.471389771, 74.8229904175, 8.38695430756, 98.2938156128, 26.5959262848, 233.786987305, 5.75228691101, 29.9813175201, -30.8817882538, 53.1695175171, 24.4610080719, 43.6356163025], [538.978881836, -193.760681152, 58.53515625, 35.4294013977, 81.8887481689, 138.481201172, 5.75228691101, 143.733612061, 20.239276886, 51.6348953247, -28.0826072693, 38.7755393982, -9.69377803802], [-707.637329102, 50.4032287598, 78.725769043, 36.2144470215, 48.027671814, -18.1273918152, 29.9813175201, 20.239276886, 127.870758057, 32.7565078735, 28.1640872955, -13.8435907364, 16.9973392487], [310.247283936, -133.750335693, 47.5589828491, 28.4421043396, 86.4102401733, 90.5673370361, -30.8817882538, 51.6348953247, 32.7565078735, 116.05670166, 15.3634052277, 23.7898750305, -11.8678283691], [-764.47064209, 115.210769653, 74.7771148682, -0.938520014286, 54.39037323, 16.4970664978, 53.1695175171, -28.0826072693, 28.1640872955, 15.3634052277, 133.634963989, 27.6052875519, 31.1172122955], [136.291168213, -128.917236328, 80.5912628174, 13.1122074127, 70.5640411377, 95.4162979126, 24.4610080719, 38.7755393982, -13.8435907364, 23.7898750305, 27.6052875519, 122.835388184, 22.3394641876], [-370.481658936, 128.354598999, -18.6428165436, 14.8235902786, 33.9644241333, -45.8003540039, 43.6356163025, -9.69377803802, 16.9973392487, -11.8678283691, 31.1172122955, 22.3394641876, 98.4646530151]],
        "icov": [[0.000274797203019, -0.00054021080723, 0.000798696244601, -0.000410920387367, 0.000573316996451, -0.000914654461667, 0.00102017901372, -0.000833010941278, 0.000715316622518, -0.000719761184882, 0.000900926068425, -0.000988688901998, 0.000523274880834], [-0.00054021080723, 0.00292020174675, -0.000838995387312, 0.000167400474311, -0.00165703590028, 0.00309880147688, -0.00302585260943, 0.00213484233245, -0.00152193789836, 0.00225796410814, -0.00341299106367, 0.00311056734063, -0.00155147793703], [0.000798696244601, -0.000838995387312, 0.00403015408665, -0.00123364874162, 0.000725041667465, -0.00193948182277, 0.00256330566481, -0.00247551780194, 0.00119364634156, -0.00129482231569, 0.00144242763054, -0.00330201233737, 0.00244690803811], [-0.000410920387367, 0.000167400474311, -0.00123364874162, 0.00557079585269, -0.0025180906523, 0.000967547064647, -0.000493902305607, 0.000842848443426, -0.00217266613618, 0.00138128723484, -0.000209144956898, 0.00106273929123, -0.000849563162774], [0.000573316996451, -0.00165703590028, 0.000725041667465, -0.0025180906523, 0.0064433212392, -0.00293449265882, 0.000587729387917, -0.00243846536614, 0.00201547658071, -0.00470268540084, 0.00198279088363, -0.00262250285596, -0.000200831578695], [-0.000914654461667, 0.00309880147688, -0.00193948182277, 0.000967547064647, -0.00293449265882, 0.00725452648476, -0.00450861873105, 0.000747179496102, -0.00140294071753, 0.00206173257902, -0.00505332602188, 0.00273968814872, -6.95036287652e-05], [0.00102017901372, -0.00302585260943, 0.00256330566481, -0.000493902305607, 0.000587729387917, -0.00450861873105, 0.0107990978286, -0.00400133803487, 0.00124436186161, 0.000916530261748, 0.00250938069075, -0.00443750619888, 0.000972427369561], [-0.000833010941278, 0.00213484233245, -0.00247551780194, 0.000842848443426, -0.00243846536614, 0.000747179496102, -0.00400133803487, 0.0153438784182, -0.00448190700263, -0.000573715078644, 0.00179150584154, 0.00106585852336, -0.00214370596223], [0.000715316622518, -0.00152193789836, 0.00119364634156, -0.00217266613618, 0.00201547658071, -0.00140294071753, 0.00124436186161, -0.00448190700263, 0.0132032688707, -0.00567390210927, 0.000447533355327, 0.000711858447175, -0.000378019962227], [-0.000719761184882, 0.00225796410814, -0.00129482231569, 0.00138128723484, -0.00470268540084, 0.00206173257902, 0.000916530261748, -0.000573715078644, -0.00567390210927, 0.017672855407, -0.00551186921075, 0.00207372684963, 0.00039477928658], [0.000900926068425, -0.00341299106367, 0.00144242763054, -0.000209144956898, 0.00198279088363, -0.00505332602188, 0.00250938069075, 0.00179150584154, 0.000447533355327, -0.00551186921075, 0.0158223062754, -0.00619269674644, -0.00016355959815], [-0.000988688901998, 0.00311056734063, -0.00330201233737, 0.00106273929123, -0.00262250285596, 0.00273968814872, -0.00443750619888, 0.00106585852336, 0.000711858447175, 0.00207372684963, -0.00619269674644, 0.0166428759694, -0.00600139936432], [0.000523274880834, -0.00155147793703, 0.00244690803811, -0.000849563162774, -0.000200831578695, -6.95036287652e-05, 0.000972427369561, -0.00214370596223, -0.000378019962227, 0.00039477928658, -0.00016355959815, -0.00600139936432, 0.0156594943255]]
    },
    "melbands": {
        "mean": [0.000430880463682, 0.00119130045641, 0.000987787265331, 0.000514128536452, 0.00034902401967, 0.000428898783866, 0.000465517950943, 0.000242395341047, 0.000263890746282, 0.000161602714797, 0.000316598714562, 0.000212932354771, 0.000216028638533, 8.18160915514e-05, 8.22026777314e-05, 6.85048507876e-05, 7.10389358574e-05, 5.94785669819e-05, 5.70404663449e-05, 7.3051378422e-05, 5.56103877898e-05, 4.4591994083e-05, 2.35880706896e-05, 9.85453243629e-06, 9.20096317714e-06, 1.21559887702e-05, 8.68242204888e-06, 6.61004196445e-06, 5.55395308766e-06, 3.49265860677e-06, 1.9601875465e-06, 1.76257299245e-06, 1.258977818e-06, 9.89721229416e-07, 8.60389604895e-07, 7.00819896338e-07, 5.74279965804e-07, 4.91315688578e-07, 4.60143041892e-07, 3.44984613321e-07],
        "stdev": [0.000830703764223, 0.00155461730901, 0.00104211142752, 0.000518724846188, 0.000382098107366, 0.000571418961044, 0.000647394510452, 0.000607569061685, 0.000515152642038, 0.000421584962169, 0.000857632374391, 0.000513065082487, 0.00057675287826, 0.000232604128541, 0.000279573723674, 0.000175726032467, 0.000115406553959, 0.000104280567029, 9.60712859523e-05, 0.000132811313961, 7.40667164791e-05, 5.5663054809e-05, 2.96142025036e-05, 1.27180574054e-05, 1.04242963062e-05, 1.84049222298e-05, 1.14386339192e-05, 1.10213459266e-05, 9.83444897429e-06, 4.54534347227e-06, 2.99493990497e-06, 2.64435698227e-06, 2.38025063481e-06, 2.04849766305e-06, 1.80724669008e-06, 1.25233680137e-06, 1.24602172491e-06, 1.17779597986e-06, 1.50364598994e-06, 1.28877195493e-06]
    },
    "melbands128": {
        "mean": [8.92922762432e-05, 0.000354991701897, 0.000527708267327, 0.000663723039906, 0.00115887168795, 0.00172247027513, 0.00129043741617, 0.000639088044409, 0.000629947579, 0.000442240387201, 0.000497105764225, 0.000454655906651, 0.000336479919497, 0.000199060072191, 0.000187477853615, 0.000795320142061, 0.000754824664909, 0.000302638974972, 0.000319964834489, 0.000306938280119, 9.92362329271e-05, 0.0002982938895, 0.000343741761753, 0.000139087802381, 0.000154959911015, 0.000117236835649, 0.000289259536657, 0.000487754790811, 0.000161458025104, 0.000186186865903, 0.000202400304261, 0.000305265508359, 0.000322597334161, 4.94424093631e-05, 5.32482772542e-05, 0.000103428363218, 0.000116400362458, 6.85930353939e-05, 7.45259530959e-05, 7.24545825506e-05, 4.36186564912e-05, 9.9613374914e-05, 6.92367248121e-05, 7.12360779289e-05, 2.87929979095e-05, 7.5524301792e-05, 7.48915554141e-05, 2.52787667705e-05, 6.92972971592e-05, 8.63631503307e-05, 6.01249194006e-05, 8.15215171315e-05, 5.61289925827e-05, 4.56178786408e-05, 5.32209051016e-05, 4.28888233728e-05, 4.12720401073e-05, 3.09176793962e-05, 1.62612286658e-05, 1.13291935122e-05, 1.07999348984e-05, 7.25581458028e-06, 6.49457706459e-06, 1.01586902019e-05, 1.3033210962e-05, 1.38713830893e-05, 1.0652371202e-05, 8.26021005196e-06, 8.77973707247e-06, 8.23228947411e-06, 7.12800238034e-06, 5.53746986043e-06, 5.02230113852e-06, 6.61682634018e-06, 4.60075443698e-06, 4.10606753576e-06, 2.7078021958e-06, 1.94595872927e-06, 1.91329968402e-06, 1.89057800526e-06, 1.86012005088e-06, 1.73465764419e-06, 1.42792941915e-06, 1.29822194594e-06, 1.00006968751e-06, 9.93725848275e-07, 1.04377079424e-06, 8.91783543011e-07, 8.36856827391e-07, 8.77142724676e-07, 7.00531245457e-07, 7.15380792826e-07, 5.64286608551e-07, 5.81825247536e-07, 5.63520529795e-07, 5.40279529559e-07, 4.69179582296e-07, 4.2640218112e-07, 4.96126290273e-07, 4.50924773077e-07, 3.9415093056e-07, 3.32221276267e-07, 2.96538559041e-07, 2.2544379874e-07, 1.86220916021e-07, 1.76910845084e-07, 1.75528313662e-07, 1.65694373777e-07, 1.78123713113e-07, 1.53281860094e-07, 1.42873219033e-07, 1.11735474206e-07, 9.62251007763e-08, 8.43640606263e-08, 7.76102453415e-08, 7.88949705566e-08, 6.36244976704e-08, 2.0935777556e-08, 5.45347855763e-09, 3.3352425266e-09, 1.38924793891e-09, 1.0937346584e-09, 7.0285277598e-10, 2.81574596972e-10, 8.96078957563e-12, 3.10586690914e-12, 3.08048465208e-12, 3.0576736889e-12],
        "stdev": [0.000172839354491, 0.000698617252056, 0.00118872872554, 0.00150045834016, 0.00175177468918, 0.00230912375264, 0.00167354242876, 0.000772865896579, 0.000813955848571, 0.000641619961243, 0.000805424177088, 0.000677312433254, 0.000438295304775, 0.000247922638664, 0.000291435688268, 0.00127658899873, 0.00127034680918, 0.00083792937221, 0.000988861778751, 0.0011115175439, 0.000478270638268, 0.000713097804692, 0.000716165348422, 0.000702289573383, 0.000798116787337, 0.000360480305972, 0.00079130922677, 0.00162450864445, 0.00055609253468, 0.000577215396333, 0.000838354637381, 0.000905265915208, 0.00103460717946, 0.000182306059287, 0.000284166540951, 0.000378263473976, 0.00042785439291, 0.000398577918531, 0.000392648478737, 0.000307601352688, 0.000148836028529, 0.00026625796454, 0.000155245186761, 0.000142590200994, 0.000102449688711, 0.000163798613357, 0.000179054230102, 0.000105209779576, 0.000139706840855, 0.000205495394766, 0.000216995656956, 0.000155508314492, 9.63767815847e-05, 8.85990666575e-05, 8.80438456079e-05, 7.55617802497e-05, 6.04452761763e-05, 4.74157459394e-05, 3.12925185426e-05, 2.19465364353e-05, 1.64175380633e-05, 1.17640902317e-05, 9.34526360652e-06, 1.42846020026e-05, 2.00139365916e-05, 2.59872795141e-05, 2.69114952971e-05, 1.4583308257e-05, 1.34396705107e-05, 1.38570458148e-05, 1.55086545419e-05, 1.36533572004e-05, 1.03969514385e-05, 1.52101874846e-05, 8.24358812679e-06, 5.69822304897e-06, 4.52701169706e-06, 3.66476228919e-06, 3.22864525515e-06, 3.23538370139e-06, 2.96728944704e-06, 2.89334457193e-06, 2.74690978586e-06, 2.97877545563e-06, 2.22833637054e-06, 2.01314060178e-06, 2.62107937488e-06, 2.11225551539e-06, 1.90544290035e-06, 1.94281574295e-06, 1.42591261465e-06, 1.31196964048e-06, 1.18289051443e-06, 1.43530894547e-06, 1.44930083934e-06, 1.21120717722e-06, 1.1950529597e-06, 1.34589754452e-06, 1.63051333857e-06, 1.85602982583e-06, 1.67214352587e-06, 1.19995297609e-06, 1.15251941679e-06, 7.98462622242e-07, 4.60298224425e-07, 3.55563571475e-07, 3.31724123726e-07, 2.92802781132e-07, 3.5236590179e-07, 3.00109803675e-07, 2.65753044459e-07, 2.01052046123e-07, 1.69493418412e-07, 1.47067609646e-07, 1.38476920597e-07, 1.43679912412e-07, 1.23528877793e-07, 6.35892192236e-08, 2.96862392446e-08, 2.05307433276e-08, 9.95906912493e-09, 9.72407754318e-09, 6.48220188637e-09, 3.71457486992e-09, 1.75154044046e-10, 4.87327192489e-12, 4.82879578337e-12, 4.80085676074e-12]
    },
    "mfcc": {
        "mean": [-653.485168457, 131.839187622, -19.7659816742, 26.0739002228, 1.91867339611, -3.85727739334, -6.59123182297, -4.58071613312, 2.37623333931, -1.79150950909, -8.63695907593, -3.50489544868, -2.70886778831],
        "cov": [[11755.6279297, 329.145721436, -965.540527344, -456.047821045, 312.47857666, 450.741790771, 106.938087463, 193.511871338, 165.824783325, 214.264587402, -133.591400146, 95.2231292725, -1.95293056965], [329.145721436, 1132.66564941, -252.527313232, 253.592224121, -175.317642212, -169.757659912, -42.064540863, -118.353912354, -24.5480861664, -99.0020751953, -43.4313049316, -25.9150028229, -54.8024253845], [-965.540527344, -252.527313232, 486.394348145, -26.9289054871, 68.4080200195, 8.93743419647, -5.48760604858, 43.4005317688, -35.506313324, -1.08015489578, 39.1281700134, 15.7405233383, 16.0747299194], [-456.047821045, 253.592224121, -26.9289054871, 355.822052002, 26.8171920776, -74.771232605, -40.6748962402, -53.4417190552, 35.355758667, -13.7899093628, -4.11244344711, -40.8263397217, -9.1500825882], [312.47857666, -175.317642212, 68.4080200195, 26.8171920776, 317.592132568, 132.186645508, 65.364982605, 46.7320098877, 45.5472106934, 56.2897377014, 32.3154983521, 72.2372817993, 36.1493186951], [450.741790771, -169.757659912, 8.93743419647, -74.771232605, 132.186645508, 229.803649902, 114.132949829, 95.7032470703, 25.9766635895, 31.9558429718, 33.3642997742, 73.6504974365, 16.5062923431], [106.938087463, -42.064540863, -5.48760604858, -40.6748962402, 65.364982605, 114.132949829, 189.227844238, 90.8088684082, 23.3968391418, -14.7297563553, 12.9721593857, 65.4117050171, 8.61587619781], [193.511871338, -118.353912354, 43.4005317688, -53.4417190552, 46.7320098877, 95.7032470703, 90.8088684082, 165.734664917, 39.3032875061, 1.98746502399, 16.3803653717, 39.6410751343, 20.5541477203], [165.824783325, -24.5480861664, -35.506313324, 35.355758667, 45.5472106934, 25.9766635895, 23.3968391418, 39.3032875061, 119.333869934, 44.0882759094, 12.0405473709, -1.62904119492, -7.41955709457], [214.264587402, -99.0020751953, -1.08015489578, -13.7899093628, 56.2897377014, 31.9558429718, -14.7297563553, 1.98746502399, 44.0882759094, 109.933433533, 29.9763278961, 5.84273910522, 4.46015453339], [-133.591400146, -43.4313049316, 39.1281700134, -4.11244344711, 32.3154983521, 33.3642997742, 12.9721593857, 16.3803653717, 12.0405473709, 29.9763278961, 95.746307373, 34.1172142029, -0.864866733551], [95.2231292725, -25.9150028229, 15.7405233383, -40.8263397217, 72.2372817993, 73.6504974365, 65.4117050171, 39.6410751343, -1.62904119492, 5.84273910522, 34.1172142029, 116.455703735, 33.7008285522], [-1.95293056965, -54.8024253845, 16.0747299194, -9.1500825882, 36.1493186951, 16.5062923431, 8.61587619781, 20.5541477203, -7.41955709457, 4.46015453339, -0.864866733551, 33.7008285522, 89.6330184937]],
        "icov": [[0.000142149161547, -0.000127028732095, 0.000260842149146, 0.000256934872596, -0.00021263997769, -0.000217644119402, 0.000201234332053, -0.000209331876249, -1.74188051005e-06, -0.00022682484996, 0.00025109454873, 6.14619129919e-05, 4.98348017572e-05], [-0.000127028732095, 0.00164895271882, 0.000401501980377, -0.00126426841598, 0.000745723140426, 0.000770457438193, -0.000360493693734, 0.000508447934408, 0.000160623647389, 0.000908919493668, -9.05578344828e-05, -0.00116180407349, 0.000683789141476], [0.000260842149146, 0.000401501980377, 0.00320694851689, 0.000214998042793, -0.00107401888818, 0.000497278408147, 0.000704398087692, -0.00147593952715, 0.00132719695102, 5.320951459e-05, -0.000609757495113, 5.81834246987e-05, 0.000389759428799], [0.000256934872596, -0.00126426841598, 0.000214998042793, 0.00480195693672, -0.00191193551291, 0.00040334026562, 0.000496918160934, 0.000394290458644, -0.00176808808465, 0.000627489178441, -0.000395396898966, 0.00193261599634, -0.00066514511127], [-0.00021263997769, 0.000745723140426, -0.00107401888818, -0.00191193551291, 0.00601085461676, -0.00223516207188, -0.000627686327789, 0.0013136601774, -0.00110946106724, -0.00118930428289, 0.000362307677278, -0.00238568242639, -0.000936922559049], [-0.000217644119402, 0.000770457438193, 0.000497278408147, 0.00040334026562, -0.00223516207188, 0.0101058837026, -0.00334897241555, -0.00243215821683, 0.00118382787332, -0.00112735992298, -0.00118694454432, -0.00178480229806, 0.00115206988994], [0.000201234332053, -0.000360493693734, 0.000704398087692, 0.000496918160934, -0.000627686327789, -0.00334897241555, 0.0103470925242, -0.00332105881535, -0.00121451844461, 0.00244636111893, 0.000907419365831, -0.00312328035943, 0.00130601774435], [-0.000209331876249, 0.000508447934408, -0.00147593952715, 0.000394290458644, 0.0013136601774, -0.00243215821683, -0.00332105881535, 0.0112819559872, -0.00407555745915, 0.00220856512897, -0.000737622496672, 5.98000988248e-05, -0.0022154035978], [-1.74188051005e-06, 0.000160623647389, 0.00132719695102, -0.00176808808465, -0.00110946106724, 0.00118382787332, -0.00121451844461, -0.00407555745915, 0.0131911486387, -0.00532087823376, -0.000126176193589, 0.00119522109162, 0.00186651560944], [-0.00022682484996, 0.000908919493668, 5.320951459e-05, 0.000627489178441, -0.00118930428289, -0.00112735992298, 0.00244636111893, 0.00220856512897, -0.00532087823376, 0.0148935774341, -0.00400365656242, 0.000527696218342, -0.000867649214342], [0.00025109454873, -9.05578344828e-05, -0.000609757495113, -0.000395396898966, 0.000362307677278, -0.00118694454432, 0.000907419365831, -0.000737622496672, -0.000126176193589, -0.00400365656242, 0.0142194107175, -0.00462922407314, 0.00223998422734], [6.14619129919e-05, -0.00116180407349, 5.81834246987e-05, 0.00193261599634, -0.00238568242639, -0.00178480229806, -0.00312328035943, 5.98000988248e-05, 0.00119522109162, 0.000527696218342, -0.00462922407314, 0.0160720832646, -0.004959681537], [4.98348017572e-05, 0.000683789141476, 0.000389759428799, -0.00066514511127, -0.000936922559049, 0.00115206988994, 0.00130601774435, -0.0022154035978, 0.00186651560944, -0.000867649214342, 0.00223998422734, -0.004959681537, 0.0140702212229]]
    },
    "spectral_contrast_coeffs": {
        "mean": [-0.674266993999, -0.708575069904, -0.731238663197, -0.759776651859, -0.781998991966, -0.761108279228],
        "stdev": [0.0855893567204, 0.0891140326858, 0.083599679172, 0.0578640885651, 0.0403464064002, 0.0441657789052]
    },
    "spectral_contrast_valleys": {
        "mean": [-7.26629066467, -7.19324302673, -7.80122947693, -7.93466377258, -7.85577392578, -10.9943876266],
        "stdev": [2.709223032, 2.7059366703, 2.7024564743, 2.74889779091, 2.70964622498, 2.50075268745]
    }
},
"rhythm": {
    "beats_count": 558,
    "beats_loudness": {
        "mean": 0.0272140055895,
        "stdev": 0.0157046429813
    },
    "bpm": 138.164916992,
    "bpm_histogram_first_peak_bpm": 140,
    "bpm_histogram_first_peak_weight": 0.470817089081,
    "bpm_histogram_second_peak_bpm": 133,
    "bpm_histogram_second_peak_spread": 0.192307710648,
    "bpm_histogram_second_peak_weight": 0.0377019755542,
    "danceability": 0.915912806988,
    "onset_rate": 2.68289852142,
    "beats_loudness_band_ratio": {
        "mean": [0.290192723274, 0.230850085616, 0.244761779904, 0.164233833551, 0.108919210732, 0.0439867898822],
        "stdev": [0.211444154382, 0.174737662077, 0.1938816607, 0.159580007195, 0.0913832709193, 0.0390550270677]
    },
    "beats_position": [0.417959183455, 0.847528338432, 1.27709746361, 1.70666658878, 2.13623571396, 2.56580495834, 2.99537420273, 3.42494320869, 3.85451245308, 4.28408145905, 4.71365070343, 5.13160991669, 5.56117916107, 5.99074840546, 6.420317173, 6.84988641739, 7.27945566177, 7.70902490616, 8.15020370483, 8.56816291809, 8.99773216248, 9.42730140686, 9.85687065125, 10.2864398956, 10.71600914, 11.1455783844, 11.5751476288, 12.0047159195, 12.4226751328, 12.8522443771, 13.2818136215, 13.722992897, 14.1641721725, 14.5937414169, 15.0233106613, 15.4644899368, 15.9056682587, 16.3352375031, 16.7648067474, 17.1943759918, 17.6239452362, 18.0651245117, 18.4946937561, 18.9242630005, 19.3538322449, 19.7834014893, 20.2245807648, 20.6657600403, 21.0953292847, 21.5248966217, 21.9660758972, 22.3956451416, 22.825214386, 23.2547836304, 23.6843528748, 24.1139221191, 24.5434913635, 24.9614505768, 25.4026298523, 25.8321990967, 26.2617683411, 26.6913375854, 27.1209068298, 27.5504760742, 27.9800453186, 28.4212245941, 28.8624038696, 29.3035831451, 29.7331504822, 30.1627197266, 30.5806789398, 31.0102481842, 31.4398174286, 31.869386673, 32.2989578247, 32.7169151306, 33.146484375, 33.5876655579, 34.0172348022, 34.4468002319, 34.8879814148, 35.329158783, 35.7587280273, 36.1882972717, 36.6178665161, 37.059047699, 37.4886169434, 37.9181861877, 38.3593635559, 38.7889328003, 39.2185020447, 39.6480712891, 40.0776405334, 40.5072097778, 40.9367790222, 41.3663482666, 41.8075294495, 42.2370948792, 42.678276062, 43.1194534302, 43.560634613, 44.0018119812, 44.4429931641, 44.8841705322, 45.3253517151, 45.7549209595, 46.1844902039, 46.625667572, 47.0552368164, 47.4848060608, 47.9259872437, 48.3671646118, 48.80834198, 49.2495231628, 49.6790924072, 50.1086616516, 50.5498390198, 50.9794082642, 51.420589447, 51.8501586914, 52.2797279358, 52.7092971802, 53.1504745483, 53.5916557312, 54.0328330994, 54.4740142822, 54.9035835266, 55.333152771, 55.7627182007, 56.1922874451, 56.6334686279, 57.0746459961, 57.515827179, 57.9686164856, 58.4214057922, 58.8741950989, 59.3385925293, 59.7913818359, 60.2441711426, 60.6969604492, 61.1381378174, 61.5677070618, 61.9972763062, 62.4500656128, 62.9028549194, 63.3556442261, 63.8084335327, 64.2612228394, 64.7256240845, 65.1784133911, 65.6428070068, 66.107208252, 66.5599975586, 67.0127868652, 67.4539642334, 67.895149231, 68.3363265991, 68.7775039673, 69.2070770264, 69.6482543945, 70.0894317627, 70.5189971924, 70.9601821899, 71.4013595581, 71.8309249878, 72.2604980469, 72.701675415, 73.1428527832, 73.5840377808, 74.0136032104, 74.4431762695, 74.8727416992, 75.3023147583, 75.7434921265, 76.1846694946, 76.6142425537, 77.0438079834, 77.4733810425, 77.9029464722, 78.3441238403, 78.7853012085, 79.2264862061, 79.6560516357, 80.0856246948, 80.526802063, 80.9679794312, 81.3975524902, 81.8271179199, 82.256690979, 82.6862564087, 83.1274337769, 83.5686187744, 83.9981842041, 84.4277572632, 84.8689346313, 85.298500061, 85.7280731201, 86.1692504883, 86.6104278564, 87.0516052246, 87.4927902222, 87.9107437134, 88.3519287109, 88.7931060791, 89.2226715088, 89.6522445679, 90.0818099976, 90.4997711182, 90.9293441772, 91.3589096069, 91.8000869751, 92.2296600342, 92.6592254639, 93.0887985229, 93.5183639526, 93.9479370117, 94.3891143799, 94.830291748, 95.2598648071, 95.6894302368, 96.1190032959, 96.5485687256, 96.9897460938, 97.4309310913, 97.8721084595, 98.3132858276, 98.7428588867, 99.1840362549, 99.625213623, 100.054779053, 100.49596405, 100.937141418, 101.378318787, 101.807891846, 102.237457275, 102.667030334, 103.096595764, 103.537773132, 103.97895813, 104.40852356, 104.849700928, 105.279273987, 105.708839417, 106.138412476, 106.579589844, 107.020767212, 107.473556519, 107.914733887, 108.355918884, 108.785484314, 109.226661682, 109.656234741, 110.085800171, 110.51537323, 110.94493866, 111.386123657, 111.827301025, 112.268478394, 112.709655762, 113.15083313, 113.592018127, 114.033195496, 114.474372864, 114.915550232, 115.356735229, 115.797912598, 116.227478027, 116.657051086, 117.086616516, 117.527801514, 117.968978882, 118.41015625, 118.839729309, 119.280906677, 119.722084045, 120.163261414, 120.604438782, 121.045623779, 121.486801147, 121.916366577, 122.357551575, 122.798728943, 123.239906311, 123.66947937, 124.0990448, 124.528617859, 124.958183289, 125.387756348, 125.817321777, 126.246894836, 126.688072205, 127.117637634, 127.547210693, 127.988388062, 128.417953491, 128.847518921, 129.277099609, 129.706665039, 130.147842407, 130.577407837, 131.006988525, 131.448165894, 131.877731323, 132.307296753, 132.748474121, 133.17805481, 133.607620239, 134.048797607, 134.478363037, 134.907928467, 135.349105835, 135.778686523, 136.219863892, 136.649429321, 137.090606689, 137.520172119, 137.949752808, 138.390930176, 138.832107544, 139.261672974, 139.702850342, 140.13243103, 140.573608398, 141.014785767, 141.444351196, 141.873916626, 142.315093994, 142.744674683, 143.185852051, 143.61541748, 144.056594849, 144.486160278, 144.915740967, 145.345306396, 145.774871826, 146.216049194, 146.645614624, 147.075195312, 147.504760742, 147.934326172, 148.363891602, 148.79347229, 149.234649658, 149.664215088, 150.093780518, 150.534957886, 150.976135254, 151.405715942, 151.835281372, 152.264846802, 152.694412231, 153.135604858, 153.565170288, 153.994735718, 154.435913086, 154.865478516, 155.295059204, 155.736236572, 156.165802002, 156.595367432, 157.024932861, 157.45451355, 157.884078979, 158.302032471, 158.720001221, 159.14956665, 159.57913208, 160.00869751, 160.449890137, 160.891067505, 161.320632935, 161.750198364, 162.191375732, 162.632553101, 163.073745728, 163.514923096, 163.944488525, 164.374053955, 164.815231323, 165.256408691, 165.69758606, 166.138778687, 166.568344116, 166.997909546, 167.439086914, 167.880264282, 168.32144165, 168.762634277, 169.203811646, 169.644989014, 170.074554443, 170.504119873, 170.933700562, 171.363265991, 171.792831421, 172.222396851, 172.663574219, 173.104751587, 173.545944214, 173.987121582, 174.42829895, 174.869476318, 175.299041748, 175.728607178, 176.169799805, 176.599365234, 177.040542603, 177.470108032, 177.9112854, 178.352462769, 178.782043457, 179.223220825, 179.652786255, 180.082351685, 180.511917114, 180.953109741, 181.382675171, 181.812240601, 182.253417969, 182.694595337, 183.124176025, 183.565353394, 183.994918823, 184.436096191, 184.87727356, 185.306838989, 185.736419678, 186.165985107, 186.595550537, 187.036727905, 187.477905273, 187.919082642, 188.34866333, 188.77822876, 189.207794189, 189.637359619, 190.078552246, 190.519729614, 190.960906982, 191.402084351, 191.820037842, 192.24961853, 192.67918396, 193.10874939, 193.538314819, 193.967880249, 194.397460938, 194.838638306, 195.279815674, 195.709381104, 196.138946533, 196.568527222, 196.998092651, 197.43927002, 197.857223511, 198.286804199, 198.716369629, 199.145935059, 199.575500488, 199.993469238, 200.411422729, 200.829391479, 201.258956909, 201.665298462, 202.10647583, 202.547653198, 202.988845825, 203.430023193, 203.871200562, 204.31237793, 204.753555298, 205.194732666, 205.635910034, 206.065490723, 206.506668091, 206.936233521, 207.36579895, 207.79536438, 208.236557007, 208.677734375, 209.118911743, 209.560089111, 209.989654541, 210.419219971, 210.860397339, 211.301589966, 211.742767334, 212.183944702, 212.613510132, 213.043075562, 213.48425293, 213.913833618, 214.343399048, 214.784576416, 215.214141846, 215.643707275, 216.084899902, 216.526077271, 216.967254639, 217.408432007, 217.849609375, 218.290786743, 218.731964111, 219.173141479, 219.602722168, 220.043899536, 220.473464966, 220.903030396, 221.332611084, 221.773788452, 222.21496582, 222.656143188, 223.097320557, 223.538497925, 223.979675293, 224.420852661, 224.862030029, 225.303222656, 225.732788086, 226.173965454, 226.615142822, 227.044708252, 227.47428894, 227.90385437, 228.3334198, 228.762985229, 229.204162598, 229.645339966, 230.098129272, 230.550918579, 231.003707886, 231.456497192, 231.944122314, 232.443344116, 232.942581177, 233.383758545, 233.824935913, 234.266113281, 234.707290649, 235.148483276, 235.589660645, 236.030838013, 236.483627319, 236.936416626, 237.400817871, 237.911651611, 238.422485352, 238.933334351, 239.502212524, 240.071105957, 240.63999939, 241.301757812, 241.963531494, 242.671737671, 243.391555786, 244.111373901, 244.831192017, 245.56262207],
    "bpm_histogram": [0, 0, 0, 0, 0, 0, 0, 0, 0, 0, 0, 0, 0, 0, 0, 0, 0, 0, 0, 0, 0, 0, 0, 0, 0, 0, 0, 0, 0, 0, 0, 0, 0, 0, 0, 0, 0, 0, 0, 0, 0, 0, 0, 0, 0, 0, 0, 0, 0, 0, 0, 0, 0, 0, 0, 0, 0, 0, 0, 0, 0, 0, 0, 0, 0, 0, 0, 0, 0, 0, 0, 0, 0, 0, 0, 0, 0, 0, 0, 0, 0, 0, 0.00179533218034, 0.00538599630818, 0, 0.00179533218034, 0, 0, 0, 0, 0, 0.00359066436067, 0, 0, 0, 0, 0, 0, 0, 0, 0, 0, 0, 0, 0, 0.00538599630818, 0, 0, 0, 0, 0, 0, 0, 0, 0, 0, 0, 0.00538599630818, 0, 0, 0.00359066436067, 0, 0, 0.00179533218034, 0, 0, 0, 0, 0, 0.00897666066885, 0, 0, 0, 0.0377019755542, 0, 0, 0.407540380955, 0, 0, 0, 0.488330334425, 0, 0, 0, 0.0269299820065, 0, 0, 0, 0.00179533218034, 0, 0, 0, 0, 0, 0, 0, 0, 0, 0, 0, 0, 0, 0, 0, 0, 0, 0, 0, 0, 0, 0, 0, 0, 0, 0, 0, 0, 0, 0, 0, 0, 0, 0, 0, 0, 0, 0, 0, 0, 0, 0, 0, 0, 0, 0, 0, 0, 0, 0, 0, 0, 0, 0, 0, 0, 0, 0, 0, 0, 0, 0, 0, 0, 0, 0, 0, 0, 0, 0, 0, 0, 0, 0, 0, 0, 0, 0, 0, 0, 0, 0, 0, 0, 0, 0, 0, 0, 0, 0, 0, 0, 0, 0, 0, 0, 0, 0, 0, 0, 0]
},
"tonal": {
    "chords_changes_rate": 0.0397663004696,
    "chords_number_rate": 0.00207312474959,
    "chords_strength": {
        "mean": 0.516929626465,
        "stdev": 0.18775574863
    },
    "hpcp_crest": {
        "mean": 13.5170507431,
        "stdev": 6.40190029144
    },
    "hpcp_entropy": {
        "mean": 1.91309022903,
        "stdev": 0.730149149895
    },
    "key_edma": {
        "strength": 0.809629678726,
        "key": "G",
        "scale": "major"
    },
    "key_krumhansl": {
        "strength": 0.815900146961,
        "key": "G",
        "scale": "major"
    },
    "key_temperley": {
        "strength": 0.815090715885,
        "key": "G",
        "scale": "major"
    },
    "tuning_diatonic_strength": 0.691056072712,
    "tuning_equal_tempered_deviation": 0.0663129463792,
    "tuning_frequency": 441.272583008,
    "tuning_nontempered_energy_ratio": 0.680951952934,
    "hpcp": {
        "mean": [0.196060955524, 0.117472484708, 0.0567843392491, 0.0540337488055, 0.0783350095153, 0.242439717054, 0.357301205397, 0.231966659427, 0.148484289646, 0.139360055327, 0.104129381478, 0.0758903846145, 0.0566810704768, 0.063804641366, 0.209454923868, 0.310761153698, 0.170862048864, 0.0611277110875, 0.0503724105656, 0.0575274527073, 0.110442079604, 0.149109348655, 0.106401093304, 0.0565937720239, 0.0391151793301, 0.0396875031292, 0.101912915707, 0.124641805887, 0.0923446416855, 0.303566366434, 0.416833907366, 0.189424484968, 0.0532038472593, 0.0480058602989, 0.0565798468888, 0.139885351062],
        "stdev": [0.265001237392, 0.200603604317, 0.168484777212, 0.162166371942, 0.176453322172, 0.290263950825, 0.375389128923, 0.296463996172, 0.244988650084, 0.259126663208, 0.195336431265, 0.154372155666, 0.129094019532, 0.141718029976, 0.231204763055, 0.310195297003, 0.206521317363, 0.135605886579, 0.113569930196, 0.118528455496, 0.184365794063, 0.242352545261, 0.192432284355, 0.128639578819, 0.108138285577, 0.111463263631, 0.182977825403, 0.215809047222, 0.170880869031, 0.31036183238, 0.387214362621, 0.241520389915, 0.134888112545, 0.118614532053, 0.125111848116, 0.200223311782]
    },
    "chords_histogram": [67.4519424438, 6.50207328796, 3.0154542923, 0.263852238655, 1.1684885025, 0.226159065962, 3.78816437721, 0.376931786537, 1.09310209751, 0.433471530676, 0.980022609234, 0.0376931764185, 0, 0, 0.150772705674, 0, 1.26272141933, 5.2770447731, 0, 0.584244251251, 0.301545411348, 1.03656232357, 1.65849983692, 4.39125537872],
    "thpcp": [1, 0.45443636179, 0.12763799727, 0.115167841315, 0.135737150908, 0.335590153933, 0.470357507467, 0.281820833683, 0.136227741838, 0.129628971219, 0.187928587198, 0.5816218853, 0.857178866863, 0.556496620178, 0.356219321489, 0.334329932928, 0.249810248613, 0.18206384778, 0.135979995131, 0.153069704771, 0.502490103245, 0.745527505875, 0.409904390574, 0.146647647023, 0.120845280588, 0.13801048696, 0.264954656363, 0.357718855143, 0.255260169506, 0.135770559311, 0.0938387662172, 0.095211789012, 0.244492858648, 0.299020320177, 0.221538215876, 0.728266954422],
    "chords_key": "G",
    "chords_scale": "major"
}
}