{
"metadata": {
    "version": {
        "essentia": "2.1-dev",
        "essentia_git_sha": "v2.1_beta3-415-gd5473f3",
        "extractor": "music 2.0"
    },
    "audio_properties": {
        "analysis": {
            "equal_loudness": 0,
            "length": 236.042449951,
            "sample_rate": 44100,
            "start_time": 0,
            "downmix": "mix"
        },
        "bit_rate": 192000,
        "length": 236.042449951,
        "lossless": 0,
        "number_channels": 2,
        "replay_gain": -8.13037872314,
        "sample_rate": 44100,
        "codec": "mp3",
        "md5_encoded": "db73a7a2d895ef90c15f6061728a1c82"
    },
    "tags": {
        "file_name": "the_wallflowers-we_can_be_heros.mp3",
        "album": ["                              "],
        "artist": ["Wallflowers                   "],
        "date": ["    "],
        "genre": ["Blues"],
        "title": ["We Can Be Heros               "]
    }
},
"lowlevel": {
    "average_loudness": 0.94350874424,
    "barkbands_crest": {
        "mean": 8.79804992676,
        "stdev": 2.92556881905
    },
    "barkbands_flatness_db": {
        "mean": 0.147252365947,
        "stdev": 0.048581507057
    },
    "barkbands_kurtosis": {
        "mean": 3.64431190491,
        "stdev": 5.74936199188
    },
    "barkbands_skewness": {
        "mean": 1.67416489124,
        "stdev": 0.948887646198
    },
    "barkbands_spread": {
        "mean": 23.5147190094,
        "stdev": 12.7069559097
    },
    "dissonance": {
        "mean": 0.467571824789,
        "stdev": 0.0245009493083
    },
    "dynamic_complexity": 2.48838472366,
    "erbbands_crest": {
        "mean": 7.56762456894,
        "stdev": 3.61352419853
    },
    "erbbands_flatness_db": {
        "mean": 0.146326333284,
        "stdev": 0.0417270176113
    },
    "erbbands_kurtosis": {
        "mean": -0.338486999273,
        "stdev": 1.08315777779
    },
    "erbbands_skewness": {
        "mean": 0.0726999938488,
        "stdev": 0.587996661663
    },
    "erbbands_spread": {
        "mean": 43.2382545471,
        "stdev": 14.5111932755
    },
    "hfc": {
        "mean": 23.8364334106,
        "stdev": 17.9519062042
    },
    "loudness_ebu128": {
        "integrated": -14.660484314,
        "loudness_range": 2.82744979858,
        "momentary": {
            "mean": -16.4364681244,
            "stdev": 13.1752262115
        },
        "short_term": {
            "mean": -15.3745355606,
            "stdev": 3.48914217949
        }
    },
    "melbands_crest": {
        "mean": 13.146689415,
        "stdev": 4.26929473877
    },
    "melbands_flatness_db": {
        "mean": 0.207786798477,
        "stdev": 0.0652428716421
    },
    "melbands_kurtosis": {
        "mean": 13.3536472321,
        "stdev": 14.5775318146
    },
    "melbands_skewness": {
        "mean": 2.92892146111,
        "stdev": 1.31702661514
    },
    "melbands_spread": {
        "mean": 21.2817440033,
        "stdev": 14.3456640244
    },
    "pitch_salience": {
        "mean": 0.556289076805,
        "stdev": 0.0908081680536
    },
    "silence_rate_20dB": {
        "mean": 1,
        "stdev": 0
    },
    "silence_rate_30dB": {
        "mean": 0.991934716702,
        "stdev": 0.0894466862082
    },
    "silence_rate_60dB": {
        "mean": 0.0456378497183,
        "stdev": 0.208680644631
    },
    "spectral_centroid": {
        "mean": 1365.62536621,
        "stdev": 774.909240723
    },
    "spectral_complexity": {
        "mean": 23.6999111176,
        "stdev": 9.95309829712
    },
    "spectral_decrease": {
        "mean": -9.57172652249e-09,
        "stdev": 5.85067150283e-09
    },
    "spectral_energy": {
        "mean": 0.038287896663,
        "stdev": 0.0228685159236
    },
    "spectral_energyband_high": {
        "mean": 0.001030167914,
        "stdev": 0.00162197474856
    },
    "spectral_energyband_low": {
        "mean": 0.0195426493883,
        "stdev": 0.0187869537622
    },
    "spectral_energyband_middle_high": {
        "mean": 0.00535198953003,
        "stdev": 0.00433854525909
    },
    "spectral_energyband_middle_low": {
        "mean": 0.0156225794926,
        "stdev": 0.00969710573554
    },
    "spectral_entropy": {
        "mean": 7.59059619904,
        "stdev": 0.413863033056
    },
    "spectral_flux": {
        "mean": 0.0892587229609,
        "stdev": 0.0542054586112
    },
    "spectral_kurtosis": {
        "mean": 4.7544965744,
        "stdev": 3.4105026722
    },
    "spectral_rms": {
        "mean": 0.00582588184625,
        "stdev": 0.00184747402091
    },
    "spectral_rolloff": {
        "mean": 1295.2310791,
        "stdev": 1498.83557129
    },
    "spectral_skewness": {
        "mean": 1.49940228462,
        "stdev": 0.404796421528
    },
    "spectral_spread": {
        "mean": 4312721,
        "stdev": 2475818.25
    },
    "spectral_strongpeak": {
        "mean": 0.630553424358,
        "stdev": 0.849595785141
    },
    "zerocrossingrate": {
        "mean": 0.0558928586543,
        "stdev": 0.0378191247582
    },
    "barkbands": {
        "mean": [0.000236976862652, 0.00990534666926, 0.00629451218992, 0.00423815147951, 0.00340924761258, 0.00265418901108, 0.00157014350407, 0.0017265775241, 0.00175103498623, 0.000821172376163, 0.000422345328843, 0.000446083053248, 0.000311170471832, 0.000449971819762, 0.000584521854762, 0.000657741678879, 0.000857311533764, 0.000387422624044, 0.000347722612787, 0.000369537447114, 0.000254282989772, 0.000198192574317, 0.00012657851039, 0.000109286345833, 0.000104626502434, 5.37838386663e-05, 1.32059163604e-09],
        "stdev": [0.000522297399584, 0.00861393567175, 0.00997474230826, 0.00464281858876, 0.00407307548448, 0.0028595502954, 0.00201768381521, 0.00305522535928, 0.00392483361065, 0.00127442600206, 0.00102702225558, 0.000928512250539, 0.000797814747784, 0.000989476102404, 0.000748370832298, 0.000912872492336, 0.000824684917461, 0.000418057286879, 0.000488447432872, 0.000627989124041, 0.000410870823544, 0.000390197703382, 0.000297308026347, 0.000313305732561, 0.000236831372604, 0.000133093140903, 1.99421901215e-09]
    },
    "erbbands": {
        "mean": [0.227704972029, 2.4259262085, 6.96409034729, 13.15284729, 10.1267604828, 11.0547714233, 21.6339206696, 17.5982780457, 22.5261936188, 21.0081863403, 45.0456542969, 40.3559265137, 31.7320709229, 26.5059604645, 18.0506267548, 18.8544597626, 15.7169704437, 22.8259925842, 30.1363162994, 30.9076061249, 39.9826545715, 43.2526473999, 25.800069809, 15.3450269699, 20.1426868439, 17.0716094971, 12.934214592, 8.63026618958, 7.20941972733, 5.24536752701, 3.43968224525, 2.56162405014, 1.67819678783, 1.26100301743, 0.688387453556, 0.429479748011, 0.0425805971026, 0.000879957573488, 6.48458517389e-05, 5.01160757267e-05],
        "stdev": [0.27736762166, 2.03655290604, 9.90084266663, 15.2351169586, 10.7929811478, 14.9826755524, 23.8424968719, 24.1812705994, 26.4336929321, 38.1026077271, 79.6710586548, 94.2714691162, 56.8825645447, 47.8283004761, 35.9343490601, 39.0280761719, 35.2673454285, 53.1328086853, 40.5035095215, 49.1806335449, 41.724697113, 40.8528747559, 25.9613361359, 17.3957672119, 31.4990520477, 30.0677604675, 19.3347473145, 16.3132915497, 14.784034729, 10.5549440384, 8.35161876678, 6.62188053131, 5.35121822357, 2.87975144386, 1.67727100849, 1.05618369579, 0.105985745788, 0.00213305698708, 0.000106869927549, 3.05286994262e-05]
    },
    "gfcc": {
        "mean": [14.2016849518, 110.97505188, -118.137748718, 47.315486908, -50.333316803, 11.774066925, -38.4739952087, 19.6568126678, -21.5319385529, 5.20940160751, -21.8935089111, -0.933168053627, -5.86619472504],
        "cov": [[12930.7021484, -911.600219727, 239.259567261, 615.854248047, -634.696472168, 670.901245117, -556.719848633, 349.393798828, -344.72366333, 444.035766602, -419.322875977, 294.198364258, -123.556045532], [-911.600219727, 1310.08227539, -256.274780273, -176.821899414, 299.472320557, -315.035766602, 271.993774414, -108.317687988, 175.723327637, -177.723510742, 142.277557373, -119.95362854, 97.8241882324], [239.259567261, -256.274780273, 514.225280762, 110.307250977, 3.49748706818, 126.338233948, -72.8407745361, 44.5583305359, -49.0953063965, 46.3071098328, -67.0140686035, 58.7523117065, -17.3008289337], [615.854248047, -176.821899414, 110.307250977, 233.866638184, -14.839548111, 64.2880401611, -44.2871704102, -0.813650846481, -19.0324440002, 24.4124240875, -32.7581748962, 23.2444553375, 3.52062821388], [-634.696472168, 299.472320557, 3.49748706818, -14.839548111, 237.201507568, -69.1376419067, 90.5753936768, -26.6823348999, 21.6471633911, -35.5150871277, 18.8995704651, -14.4368972778, 15.4134969711], [670.901245117, -315.035766602, 126.338233948, 64.2880401611, -69.1376419067, 193.921340942, -51.4777336121, 42.7809677124, -61.7208709717, 37.9843521118, -50.7595748901, 29.4532566071, -28.6052799225], [-556.719848633, 271.993774414, -72.8407745361, -44.2871704102, 90.5753936768, -51.4777336121, 162.609161377, -9.00296592712, 46.1218719482, -53.5989952087, 36.8704185486, -36.8783950806, 17.1830997467], [349.393798828, -108.317687988, 44.5583305359, -0.813650846481, -26.6823348999, 42.7809677124, -9.00296592712, 94.381729126, -1.89684939384, 27.8216705322, -30.8347244263, 8.67106151581, -18.0216770172], [-344.72366333, 175.723327637, -49.0953063965, -19.0324440002, 21.6471633911, -61.7208709717, 46.1218719482, -1.89684939384, 106.441596985, -17.8569889069, 32.5225219727, -36.6305732727, 17.5011787415], [444.035766602, -177.723510742, 46.3071098328, 24.4124240875, -35.5150871277, 37.9843521118, -53.5989952087, 27.8216705322, -17.8569889069, 95.40965271, -18.3059406281, 30.5848579407, -23.9245414734], [-419.322875977, 142.277557373, -67.0140686035, -32.7581748962, 18.8995704651, -50.7595748901, 36.8704185486, -30.8347244263, 32.5225219727, -18.3059406281, 85.5886535645, -11.2740573883, 15.5383262634], [294.198364258, -119.95362854, 58.7523117065, 23.2444553375, -14.4368972778, 29.4532566071, -36.8783950806, 8.67106151581, -36.6305732727, 30.5848579407, -11.2740573883, 76.9278869629, 7.71616077423], [-123.556045532, 97.8241882324, -17.3008289337, 3.52062821388, 15.4134969711, -28.6052799225, 17.1830997467, -18.0216770172, 17.5011787415, -23.9245414734, 15.5383262634, 7.71616077423, 63.1043434143]],
        "icov": [[0.000290467753075, -0.000881738495082, 0.00035499635851, -0.000804926734418, 0.00087563379202, -0.000934802694246, 0.000634839001577, -0.000763907562941, 0.000617256970145, -0.0010486075189, 0.000936873955652, -0.000787559431046, 0.000346046173945], [-0.000881738495082, 0.00528151029721, -0.00109199481085, 0.00316470046528, -0.00430085510015, 0.00454515358433, -0.00323092797771, 0.0028919398319, -0.0030557254795, 0.00456526922062, -0.0036023047287, 0.00351968873292, -0.00253833737224], [0.00035499635851, -0.00109199481085, 0.0032228496857, -0.00165568792727, 0.000142714430694, -0.00249064224772, 0.0016049859114, -0.00146996730473, 0.000260072672972, -0.00112460192759, 0.00195309065748, -0.00231368467212, 0.000646630069241], [-0.000804926734418, 0.00316470046528, -0.00165568792727, 0.007777325809, -0.0031488481909, 0.00156257674098, -0.0014168091584, 0.00370184890926, -0.00286127324216, 0.00257189199328, -0.00155115185771, 0.00228821998462, -0.00257857423276], [0.00087563379202, -0.00430085510015, 0.000142714430694, -0.0031488481909, 0.00990593899041, -0.00169271661434, -0.00094683089992, -0.00148746545892, 0.00338520784862, -0.00403826450929, 0.00402944767848, -0.00340407178737, 0.00219677947462], [-0.000934802694246, 0.00454515358433, -0.00249064224772, 0.00156257674098, -0.00169271661434, 0.0135041782632, -0.00398214906454, 0.000662900565658, 0.0010736315744, 0.00373448105529, -0.00220718514174, 0.00338274636306, -0.000589723233134], [0.000634839001577, -0.00323092797771, 0.0016049859114, -0.0014168091584, -0.00094683089992, -0.00398214906454, 0.0132229030132, -0.00407629879192, -0.000258314132225, 0.000846790324431, -0.000102560370578, -0.000686549698003, 0.000933993316721], [-0.000763907562941, 0.0028919398319, -0.00146996730473, 0.00370184890926, -0.00148746545892, 0.000662900565658, -0.00407629879192, 0.0170429162681, -0.00501120090485, 4.24279496656e-05, 0.00221448298544, 0.000867382972501, 0.000807204109151], [0.000617256970145, -0.0030557254795, 0.000260072672972, -0.00286127324216, 0.00338520784862, 0.0010736315744, -0.000258314132225, -0.00501120090485, 0.0175457857549, -0.00484615471214, -0.00124670751393, 0.00455305958167, -0.00247763725929], [-0.0010486075189, 0.00456526922062, -0.00112460192759, 0.00257189199328, -0.00403826450929, 0.00373448105529, 0.000846790324431, 4.24279496656e-05, -0.00484615471214, 0.0210988111794, -0.00446665426716, -0.00228773360141, 0.00360144278966], [0.000936873955652, -0.0036023047287, 0.00195309065748, -0.00155115185771, 0.00402944767848, -0.00220718514174, -0.000102560370578, 0.00221448298544, -0.00124670751393, -0.00446665426716, 0.0205627102405, -0.00481439568102, 0.000894087948836], [-0.000787559431046, 0.00351968873292, -0.00231368467212, 0.00228821998462, -0.00340407178737, 0.00338274636306, -0.000686549698003, 0.000867382972501, 0.00455305958167, -0.00228773360141, -0.00481439568102, 0.0234662238508, -0.00877466797829], [0.000346046173945, -0.00253833737224, 0.000646630069241, -0.00257857423276, 0.00219677947462, -0.000589723233134, 0.000933993316721, 0.000807204109151, -0.00247763725929, 0.00360144278966, 0.000894087948836, -0.00877466797829, 0.0228580124676]]
    },
    "melbands": {
        "mean": [0.00243350258097, 0.00361270550638, 0.00209499825723, 0.000763128744438, 0.000666222535074, 0.00041462291847, 0.000348216999555, 0.000229330529692, 0.000374657276552, 0.000248030875809, 0.000151445026859, 0.00010596413631, 6.18482372374e-05, 5.19628811162e-05, 3.61468592018e-05, 3.7936388253e-05, 4.09037602367e-05, 4.51735977549e-05, 4.22159537266e-05, 4.06133913202e-05, 5.05519892613e-05, 4.59552975371e-05, 3.7542948121e-05, 1.45848925968e-05, 1.18015286716e-05, 1.31148053697e-05, 1.50497271534e-05, 1.04938953882e-05, 8.62306842464e-06, 6.17710566075e-06, 4.63783271698e-06, 4.16396505898e-06, 3.61852312381e-06, 2.59165108218e-06, 2.01049238058e-06, 1.69392069438e-06, 1.52958443778e-06, 1.16526871352e-06, 1.09719883312e-06, 1.06086531559e-06],
        "stdev": [0.00230896589346, 0.00419563381001, 0.00226893881336, 0.00101035134867, 0.000697223818861, 0.000522306596395, 0.00041426953976, 0.000432179280324, 0.000680103490595, 0.000589975854382, 0.00028459407622, 0.000198658235604, 0.000142033095472, 9.97371680569e-05, 8.22867878014e-05, 0.000101841746073, 9.37386430451e-05, 6.92092799e-05, 5.73053839616e-05, 7.13330737199e-05, 5.47471026948e-05, 4.64030017611e-05, 4.07993575209e-05, 1.60679282999e-05, 1.48264834934e-05, 1.81995601451e-05, 2.77200997516e-05, 2.05775304494e-05, 1.37256465678e-05, 9.95497157419e-06, 1.01396844912e-05, 9.10026483325e-06, 7.07854269422e-06, 5.78003255214e-06, 5.14395242135e-06, 4.5108181439e-06, 4.16960529037e-06, 4.07901461585e-06, 3.0931407764e-06, 2.35423158301e-06]
    },
    "melbands128": {
        "mean": [0.000225865180255, 0.00147469842341, 0.00339423120022, 0.00421574525535, 0.00367645802908, 0.00304663158022, 0.0030605813954, 0.00154222594574, 0.000858583895024, 0.000979370903224, 0.000596408382989, 0.000488700228743, 0.000907145207748, 0.000655370764434, 0.000377938500606, 0.000328486756189, 0.000251952238614, 0.000451954285381, 0.000314038712531, 0.000206791140954, 0.000173638662091, 0.000310748437187, 0.000540142937098, 0.000196098451852, 0.00028738976107, 0.000205838499824, 0.000282600725768, 0.000130146421725, 5.53434329049e-05, 0.000137015827931, 0.000111373963591, 6.60779114696e-05, 7.14456909918e-05, 4.65698249172e-05, 4.7961522796e-05, 5.17266707902e-05, 6.63805694785e-05, 2.4233615477e-05, 2.87561961159e-05, 3.68310284102e-05, 2.5309071134e-05, 6.44510946586e-05, 4.18705421907e-05, 3.06883557641e-05, 3.24259599438e-05, 4.11360306316e-05, 7.614812057e-05, 3.37118726748e-05, 2.70614855253e-05, 5.73670622543e-05, 3.90328714275e-05, 2.66569204541e-05, 5.36688494321e-05, 5.21436340932e-05, 6.38862766209e-05, 3.7873385736e-05, 3.78993318009e-05, 5.44103095308e-05, 3.18234378938e-05, 1.76599351107e-05, 1.3671025954e-05, 1.14490167107e-05, 1.28750316435e-05, 1.07566766019e-05, 1.2776404219e-05, 1.00685801954e-05, 1.49889383465e-05, 2.02027586056e-05, 1.25675251184e-05, 1.25369579109e-05, 1.07195864985e-05, 8.99112092156e-06, 1.06074194264e-05, 7.74085674493e-06, 7.69582493376e-06, 7.02582110534e-06, 4.94691039421e-06, 4.87167153551e-06, 4.60375031253e-06, 4.45368459623e-06, 4.32077422374e-06, 4.09372432841e-06, 3.67618395103e-06, 3.80855772164e-06, 3.34505489263e-06, 2.74704279946e-06, 2.38873076341e-06, 2.12830741475e-06, 2.05801802622e-06, 1.8363386971e-06, 1.80326492227e-06, 1.66274287494e-06, 1.45964327203e-06, 1.69668396666e-06, 1.45759452153e-06, 1.20849290397e-06, 1.10413520815e-06, 1.07694813778e-06, 1.10517009944e-06, 1.10093606054e-06, 1.09380096092e-06, 1.15741192985e-06, 8.72910788985e-07, 8.28602082947e-07, 6.71669738495e-07, 7.69729354033e-07, 7.35331582291e-07, 7.20887271655e-07, 8.45237650537e-07, 8.852870792e-07, 5.91396258187e-07, 4.23939425787e-08, 8.55409579975e-12, 7.29458767695e-12, 6.94224105285e-12, 6.66531977181e-12, 6.41637220786e-12, 6.20052403519e-12, 6.02086826576e-12, 5.84657322555e-12, 5.70180404627e-12, 5.57809787943e-12, 5.45631075044e-12, 5.35694839182e-12, 5.27846343024e-12, 5.22115510548e-12, 5.17947707293e-12, 5.14352579625e-12],
        "stdev": [0.000500708410982, 0.00247993436642, 0.0031934636645, 0.00370417791419, 0.00512224715203, 0.00483432319015, 0.00369136221707, 0.00166453362908, 0.00119569548406, 0.00162554043345, 0.00109867076389, 0.000696156697813, 0.00114200380631, 0.000851540651638, 0.00070285127731, 0.000669289845973, 0.000420274212956, 0.000680155644659, 0.000481181865325, 0.000585247238632, 0.000640764774289, 0.000692264176905, 0.00113321305253, 0.000732217682526, 0.0010317628039, 0.000662075530272, 0.000801499874797, 0.000253180594882, 0.000151252257638, 0.000274699967122, 0.000284813664621, 0.000221566762775, 0.00021529305377, 0.000142902048538, 0.000149127867189, 0.000116232557048, 0.000207352131838, 9.56316871452e-05, 9.31694958126e-05, 0.000121121214761, 0.000135206792038, 0.000268397125183, 0.000117464878713, 6.17371333647e-05, 9.92737841443e-05, 9.14283591555e-05, 0.000121751778352, 7.83260547905e-05, 5.75347949052e-05, 0.000153895642143, 9.21332393773e-05, 5.08534394612e-05, 7.80899863457e-05, 7.54769498599e-05, 8.32323930808e-05, 5.8060806623e-05, 4.87905235786e-05, 7.3343711847e-05, 4.60941264464e-05, 3.04750228679e-05, 1.92990155483e-05, 1.50356027007e-05, 2.44972288783e-05, 1.85124717973e-05, 2.21784339374e-05, 1.62797750818e-05, 2.85327423626e-05, 5.41359404451e-05, 3.22645100823e-05, 2.88585542876e-05, 2.96366961265e-05, 2.33309510804e-05, 1.99224214157e-05, 1.52169668581e-05, 1.41686459756e-05, 1.18127718451e-05, 1.02449885162e-05, 1.05771196104e-05, 1.23580057334e-05, 1.11312947411e-05, 1.05117915155e-05, 1.04154323708e-05, 8.58862222231e-06, 8.05295894679e-06, 7.44836324884e-06, 6.21909339316e-06, 6.87054716764e-06, 5.84582085139e-06, 5.92702099311e-06, 5.18912929692e-06, 5.47480385649e-06, 4.96913980896e-06, 3.97179064748e-06, 4.53395387012e-06, 4.9077384574e-06, 4.60501223642e-06, 4.44471288574e-06, 3.96590803575e-06, 3.44607406078e-06, 3.00977512779e-06, 2.56465750681e-06, 2.58909972217e-06, 2.33976470554e-06, 2.35715879171e-06, 1.9220883587e-06, 1.95714619622e-06, 1.91465164789e-06, 1.79722792382e-06, 2.37655217461e-06, 2.18016180042e-06, 1.59362548402e-06, 1.20190762232e-07, 1.21679784304e-11, 1.09654481675e-11, 1.04649500871e-11, 1.00525065702e-11, 9.69311089727e-12, 9.37605548756e-12, 9.09363122997e-12, 8.83916551064e-12, 8.61389692214e-12, 8.41426060771e-12, 8.24063560445e-12, 8.09337145913e-12, 7.96933265906e-12, 7.87246136336e-12, 7.80217297019e-12, 7.75731735791e-12]
    },
    "mfcc": {
        "mean": [-623.057312012, 131.973205566, -4.32963323593, 38.2428131104, 10.0358791351, 2.45466017723, -2.21247386932, 5.52173995972, 9.85058498383, 3.41291975975, -1.29104411602, 0.377056896687, 2.32054615021],
        "cov": [[7689.48339844, -652.718994141, 488.994537354, 128.360534668, 81.5746078491, 218.010223389, -43.2681045532, -30.9160804749, 93.3208465576, -17.5182495117, 63.8877067566, -13.3579807281, -34.6964035034], [-652.718994141, 1383.59240723, -375.840087891, 210.740661621, -21.0043125153, -58.1217002869, 19.588886261, 70.335975647, 45.7891082764, 21.0732097626, 9.63104915619, 23.3432731628, 40.5095214844], [488.994537354, -375.840087891, 440.067138672, -18.6278629303, 61.9973449707, 49.3043708801, -11.0929460526, -3.35023641586, 7.63613986969, -15.1417589188, -9.13179588318, 11.1512870789, -36.4099960327], [128.360534668, 210.740661621, -18.6278629303, 236.0546875, 45.2465667725, 38.7406349182, -0.403313338757, 10.8377447128, 24.5530853271, 0.745762825012, -11.6215600967, -1.62644135952, 24.7357254028], [81.5746078491, -21.0043125153, 61.9973449707, 45.2465667725, 116.657165527, 30.4497566223, 5.76910305023, -5.39417314529, 9.28604698181, -11.5309638977, -6.42214250565, 2.28459620476, 0.715621650219], [218.010223389, -58.1217002869, 49.3043708801, 38.7406349182, 30.4497566223, 107.466583252, 27.432308197, 4.54208469391, 2.46787309647, -14.1999492645, 0.499753028154, -6.21951675415, -10.7489891052], [-43.2681045532, 19.588886261, -11.0929460526, -0.403313338757, 5.76910305023, 27.432308197, 93.2365875244, 27.9529590607, 1.11761903763, -7.91782426834, 1.10048639774, -0.742872655392, -6.05109643936], [-30.9160804749, 70.335975647, -3.35023641586, 10.8377447128, -5.39417314529, 4.54208469391, 27.9529590607, 77.2929840088, 23.930683136, 6.5833029747, -3.29340267181, -3.6967279911, -2.33842039108], [93.3208465576, 45.7891082764, 7.63613986969, 24.5530853271, 9.28604698181, 2.46787309647, 1.11761903763, 23.930683136, 70.3890533447, 17.9575214386, 2.80996179581, -5.10592079163, -1.39549148083], [-17.5182495117, 21.0732097626, -15.1417589188, 0.745762825012, -11.5309638977, -14.1999492645, -7.91782426834, 6.5833029747, 17.9575214386, 77.4628753662, 17.1175689697, -0.63683360815, -11.0085582733], [63.8877067566, 9.63104915619, -9.13179588318, -11.6215600967, -6.42214250565, 0.499753028154, 1.10048639774, -3.29340267181, 2.80996179581, 17.1175689697, 69.5994491577, 14.1654644012, -9.16448116302], [-13.3579807281, 23.3432731628, 11.1512870789, -1.62644135952, 2.28459620476, -6.21951675415, -0.742872655392, -3.6967279911, -5.10592079163, -0.63683360815, 14.1654644012, 63.0248603821, 15.2044801712], [-34.6964035034, 40.5095214844, -36.4099960327, 24.7357254028, 0.715621650219, -10.7489891052, -6.05109643936, -2.33842039108, -1.39549148083, -11.0085582733, -9.16448116302, 15.2044801712, 67.7091827393]],
        "icov": [[0.000154346605996, 5.16180152772e-05, -0.000114820759336, -0.000100404562545, 7.2194437962e-05, -0.000231665660976, 9.99590120045e-05, 6.23668820481e-05, -0.000220419358811, 6.13874435658e-05, -0.000190622755326, 4.44006909674e-05, -3.36406446877e-05], [5.16180152772e-05, 0.00127176125534, 0.000972871610429, -0.00116843148135, -2.10389680433e-05, 0.000648699468002, -1.96687983589e-06, -0.000892238575034, -0.000413353060139, 0.000251989345998, -0.0001696695399, -0.000755410816055, 0.000466912548291], [-0.000114820759336, 0.000972871610429, 0.00374803994782, -0.000244300026679, -0.00145060883369, -0.000461558462121, 0.000874412828125, -0.0010005395161, -0.000527814903762, 0.000549190619495, 0.000748249411117, -0.0017909144517, 0.00203132536262], [-0.000100404562545, -0.00116843148135, -0.000244300026679, 0.00648641958833, -0.00182664627209, -0.00263984780759, 0.000811867706943, 0.000191552433535, -0.000906930421479, -0.000830146775115, 0.000932836323045, 0.000727580103558, -0.0023647909984], [7.2194437962e-05, -2.10389680433e-05, -0.00145060883369, -0.00182664627209, 0.0108056506142, -0.0016359804431, -0.000762313080486, 0.00175241997931, -0.00156421086285, 0.00108630338218, 0.000400640448788, -0.00039452209603, -0.000157481568749], [-0.000231665660976, 0.000648699468002, -0.000461558462121, -0.00263984780759, -0.0016359804431, 0.0132166650146, -0.00376927200705, -7.08143779775e-05, 0.000337412289809, 0.00193036941346, -0.000961420650128, 0.000821596011519, 0.0019917243626], [9.99590120045e-05, -1.96687983589e-06, 0.000874412828125, 0.000811867706943, -0.000762313080486, -0.00376927200705, 0.0137756196782, -0.00527366437018, 0.000969491142314, 0.00124506338034, -0.000432805623859, -0.000654908712022, 0.00099556252826], [6.23668820481e-05, -0.000892238575034, -0.0010005395161, 0.000191552433535, 0.00175241997931, -7.08143779775e-05, -0.00527366437018, 0.0175534468144, -0.00537624768913, -0.000777747831307, 0.00128093548119, 0.000731108069886, -0.00016512577713], [-0.000220419358811, -0.000413353060139, -0.000527814903762, -0.000906930421479, -0.00156421086285, 0.000337412289809, 0.000969491142314, -0.00537624768913, 0.0182545818388, -0.00381239899434, -0.00058783008717, 0.00166627170984, -0.000544435111806], [6.13874435658e-05, 0.000251989345998, 0.000549190619495, -0.000830146775115, 0.00108630338218, 0.00193036941346, 0.00124506338034, -0.000777747831307, -0.00381239899434, 0.0157324410975, -0.00342746428214, -0.00016031373525, 0.00291005708277], [-0.000190622755326, -0.0001696695399, 0.000748249411117, 0.000932836323045, 0.000400640448788, -0.000961420650128, -0.000432805623859, 0.00128093548119, -0.00058783008717, -0.00342746428214, 0.0171150304377, -0.00471021328121, 0.00271896738559], [4.44006909674e-05, -0.000755410816055, -0.0017909144517, 0.000727580103558, -0.00039452209603, 0.000821596011519, -0.000654908712022, 0.000731108069886, 0.00166627170984, -0.00016031373525, -0.00471021328121, 0.0191615242511, -0.0055849053897], [-3.36406446877e-05, 0.000466912548291, 0.00203132536262, -0.0023647909984, -0.000157481568749, 0.0019917243626, 0.00099556252826, -0.00016512577713, -0.000544435111806, 0.00291005708277, 0.00271896738559, -0.0055849053897, 0.01891387254]]
    },
    "spectral_contrast_coeffs": {
        "mean": [-0.724792182446, -0.73876875639, -0.756752490997, -0.781454443932, -0.781628966331, -0.747836828232],
        "stdev": [0.0516076274216, 0.0641767680645, 0.0578937754035, 0.0409570522606, 0.0342801250517, 0.0390394367278]
    },
    "spectral_contrast_valleys": {
        "mean": [-6.16083860397, -6.62029409409, -7.37794542313, -7.46329784393, -7.33116483688, -10.4940633774],
        "stdev": [1.60457861423, 1.50935590267, 1.43591880798, 1.46517002583, 1.57025682926, 1.72407603264]
    }
},
"rhythm": {
    "beats_count": 432,
    "beats_loudness": {
        "mean": 0.049724560231,
        "stdev": 0.0255376640707
    },
    "bpm": 110.612869263,
    "bpm_histogram_first_peak_bpm": 110,
    "bpm_histogram_first_peak_weight": 0.397561013699,
    "bpm_histogram_second_peak_bpm": 98,
    "bpm_histogram_second_peak_spread": 0.416666686535,
    "bpm_histogram_second_peak_weight": 0.0162412989885,
    "danceability": 1.07832098007,
    "onset_rate": 2.90611386299,
    "beats_loudness_band_ratio": {
        "mean": [0.584021687508, 0.181796148419, 0.11412256211, 0.0488702729344, 0.0741015970707, 0.0592648945749],
        "stdev": [0.197814583778, 0.131354555488, 0.111246645451, 0.0499931946397, 0.0510543659329, 0.0473213121295]
    },
    "beats_position": [0.53405892849, 1.09133780003, 1.64861679077, 2.19428563118, 2.73995471001, 3.27401351929, 3.80807256699, 4.34213161469, 4.88780021667, 5.4334692955, 5.9675283432, 6.5015873909, 7.04725599289, 7.59292507172, 8.12698364258, 8.67265319824, 9.21832180023, 9.75238037109, 10.2864398956, 10.8204984665, 11.3661680222, 11.9118366241, 12.445895195, 12.9799547195, 13.5256233215, 14.0712919235, 14.6169614792, 15.1626300812, 15.7082986832, 16.2539672852, 16.7880268097, 17.3336963654, 17.8793640137, 18.4134235382, 18.9474830627, 19.4931507111, 20.0388202667, 20.5728797913, 21.1185474396, 21.6642169952, 22.2098865509, 22.7555541992, 23.2896137238, 23.8352832794, 24.3809528351, 24.9150104523, 25.4606800079, 26.0063495636, 26.5404071808, 27.0860767365, 27.6317462921, 28.1658039093, 28.6998634338, 29.2455329895, 29.7912006378, 30.3368701935, 30.8825397491, 31.4398174286, 31.9738769531, 32.5079345703, 33.053604126, 33.5992736816, 34.1333312988, 34.6790008545, 35.2246704102, 35.7587280273, 36.2927894592, 36.8268470764, 37.3609046936, 37.9065742493, 38.4522438049, 38.9863014221, 39.5319709778, 40.0776405334, 40.6233100891, 41.1689796448, 41.7146492004, 42.2603149414, 42.7943763733, 43.3284339905, 43.8741035461, 44.4197731018, 44.9654426575, 45.5111083984, 46.0567779541, 46.6024475098, 47.1365089417, 47.6705665588, 48.2162361145, 48.7619056702, 49.3075714111, 49.8532409668, 50.3873023987, 50.9213600159, 51.4670295715, 52.0126991272, 52.5467567444, 53.0808143616, 53.6264839172, 54.1721534729, 54.7178230286, 55.2634925842, 55.8091583252, 56.3548278809, 56.9004974365, 57.4345550537, 57.9802246094, 58.5142860413, 59.0599517822, 59.6056213379, 60.1396827698, 60.673740387, 61.2077980042, 61.7534675598, 62.2991371155, 62.8564147949, 63.4020843506, 63.9477539062, 64.4818115234, 65.0158691406, 65.5615386963, 66.107208252, 66.6528778076, 67.1985473633, 67.7326049805, 68.2666625977, 68.8123321533, 69.358001709, 69.9036712646, 70.4493408203, 70.9833984375, 71.5174560547, 72.0631256104, 72.608795166, 73.1544647217, 73.7001342773, 74.245803833, 74.7914733887, 75.3255310059, 75.859588623, 76.3936462402, 76.9277114868, 77.4733810425, 78.0190429688, 78.5531082153, 79.098777771, 79.6444396973, 80.1785049438, 80.7241744995, 81.2698364258, 81.8155059814, 82.3611755371, 82.8952331543, 83.44090271, 83.9865722656, 84.5206298828, 85.0662994385, 85.6119689941, 86.1576385498, 86.7033081055, 87.2373657227, 87.7830352783, 88.328704834, 88.8627624512, 89.4084320068, 89.9541015625, 90.4881591797, 91.0222167969, 91.5678863525, 92.1135559082, 92.6592254639, 93.2048950195, 93.7505645752, 94.2962341309, 94.8419036865, 95.3875732422, 95.9216308594, 96.4556884766, 96.9897460938, 97.5238113403, 98.0694732666, 98.6151428223, 99.1492080688, 99.683265686, 100.228935242, 100.774604797, 101.308662415, 101.865936279, 102.400001526, 102.934059143, 103.479728699, 104.025398254, 104.571060181, 105.116729736, 105.662399292, 106.208068848, 106.742126465, 107.276191711, 107.821853638, 108.367523193, 108.913192749, 109.458862305, 110.00453186, 110.550201416, 111.084259033, 111.629928589, 112.175598145, 112.709655762, 113.243713379, 113.777778625, 114.311836243, 114.869110107, 115.403175354, 115.94884491, 116.482902527, 117.028572083, 117.574241638, 118.119903564, 118.66557312, 119.211242676, 119.756912231, 120.302581787, 120.848251343, 121.393920898, 121.939590454, 122.48526001, 123.019317627, 123.564987183, 124.0990448, 124.644714355, 125.190383911, 125.724441528, 126.258499146, 126.804168701, 127.349838257, 127.895507812, 128.441177368, 128.986846924, 129.520904541, 130.054962158, 130.600631714, 131.14630127, 131.680358887, 132.214416504, 132.76008606, 133.305755615, 133.839813232, 134.385482788, 134.919540405, 135.465209961, 136.010879517, 136.556549072, 137.102218628, 137.647888184, 138.193557739, 138.739227295, 139.284896851, 139.830566406, 140.364624023, 140.898681641, 141.444351196, 141.990020752, 142.535690308, 143.081359863, 143.61541748, 144.149475098, 144.695144653, 145.240814209, 145.774871826, 146.320541382, 146.866210938, 147.400268555, 147.934326172, 148.479995728, 149.025665283, 149.5597229, 150.105392456, 150.651062012, 151.185119629, 151.719177246, 152.264846802, 152.810516357, 153.356185913, 153.901855469, 154.447525024, 154.981582642, 155.527252197, 156.072921753, 156.618591309, 157.152648926, 157.698318481, 158.243988037, 158.778045654, 159.32371521, 159.869384766, 160.403442383, 160.9375, 161.483169556, 162.028839111, 162.574508667, 163.120178223, 163.65423584, 164.188293457, 164.733963013, 165.26802063, 165.802078247, 166.347747803, 166.905029297, 167.439086914, 167.98475647, 168.518814087, 169.052871704, 169.586929321, 170.132598877, 170.689880371, 171.235549927, 171.781219482, 172.326889038, 172.860946655, 173.406616211, 173.952285767, 174.497955322, 175.032012939, 175.577682495, 176.123352051, 176.669021606, 177.214691162, 177.748748779, 178.294418335, 178.840087891, 179.374145508, 179.919815063, 180.453872681, 180.999542236, 181.545211792, 182.090881348, 182.636550903, 183.182220459, 183.716278076, 184.250335693, 184.796005249, 185.341674805, 185.875732422, 186.409790039, 186.955459595, 187.50112915, 188.046798706, 188.592468262, 189.126525879, 189.672195435, 190.206253052, 190.751922607, 191.285980225, 191.820037842, 192.365707397, 192.911376953, 193.457046509, 194.002716064, 194.536773682, 195.082443237, 195.616500854, 196.16217041, 196.707839966, 197.253509521, 197.787567139, 198.333236694, 198.867294312, 199.412963867, 199.947021484, 200.481079102, 201.026748657, 201.572418213, 202.10647583, 202.652145386, 203.197814941, 203.743484497, 204.277542114, 204.82321167, 205.368881226, 205.914550781, 206.460220337, 207.005889893, 207.551559448, 208.097229004, 208.64289856, 209.176956177, 209.711013794, 210.245071411, 210.76751709, 211.301589966, 211.835647583, 212.3697052, 212.903762817, 213.437820435, 213.971878052, 214.529159546, 215.08644104, 215.643707275, 216.20098877, 216.758270264, 217.292327881, 217.837997437, 218.383666992, 218.917724609, 219.451782227, 220.009063721, 220.543121338, 221.100402832, 221.657684326, 222.226577759, 222.783843994, 223.341125488, 223.898406982, 224.51373291, 225.129058838, 225.744400024, 226.371337891, 226.998275757, 227.625213623, 228.240539551, 228.855865479, 229.471191406, 230.086532593, 230.713470459, 231.340408325, 231.909286499, 232.478179932, 233.047073364, 233.615966797, 234.184844971, 234.753738403, 235.334228516],
    "bpm_histogram": [0, 0, 0, 0, 0, 0, 0, 0, 0, 0, 0, 0, 0, 0, 0, 0, 0, 0, 0, 0, 0, 0, 0, 0, 0, 0, 0, 0, 0, 0, 0, 0, 0, 0, 0, 0, 0, 0, 0, 0, 0, 0, 0, 0, 0, 0, 0, 0, 0, 0, 0, 0, 0, 0, 0, 0, 0, 0, 0, 0, 0, 0, 0, 0, 0, 0, 0, 0, 0, 0, 0, 0, 0, 0, 0, 0, 0, 0, 0, 0, 0, 0, 0, 0, 0, 0, 0, 0, 0, 0, 0, 0, 0, 0, 0, 0, 0.0116009283811, 0, 0.0162412989885, 0, 0, 0, 0, 0.00232018553652, 0, 0.0162412989885, 0, 0, 0.0440835282207, 0, 0.573085844517, 0, 0.334106743336, 0, 0, 0.00232018553652, 0, 0, 0, 0, 0, 0, 0, 0, 0, 0, 0, 0, 0, 0, 0, 0, 0, 0, 0, 0, 0, 0, 0, 0, 0, 0, 0, 0, 0, 0, 0, 0, 0, 0, 0, 0, 0, 0, 0, 0, 0, 0, 0, 0, 0, 0, 0, 0, 0, 0, 0, 0, 0, 0, 0, 0, 0, 0, 0, 0, 0, 0, 0, 0, 0, 0, 0, 0, 0, 0, 0, 0, 0, 0, 0, 0, 0, 0, 0, 0, 0, 0, 0, 0, 0, 0, 0, 0, 0, 0, 0, 0, 0, 0, 0, 0, 0, 0, 0, 0, 0, 0, 0, 0, 0, 0, 0, 0, 0, 0, 0, 0, 0, 0, 0, 0, 0, 0, 0, 0, 0, 0, 0, 0, 0, 0, 0, 0, 0, 0, 0, 0, 0, 0]
},
"tonal": {
    "chords_changes_rate": 0.0287175457925,
    "chords_number_rate": 0.00137686857488,
    "chords_strength": {
        "mean": 0.537151873112,
        "stdev": 0.080982863903
    },
    "hpcp_crest": {
        "mean": 16.6886348724,
        "stdev": 8.77383327484
    },
    "hpcp_entropy": {
        "mean": 1.69662094116,
        "stdev": 0.833678543568
    },
    "key_edma": {
        "strength": 0.819820046425,
        "key": "G",
        "scale": "major"
    },
    "key_krumhansl": {
        "strength": 0.813340783119,
        "key": "G",
        "scale": "major"
    },
    "key_temperley": {
        "strength": 0.802813887596,
        "key": "G",
        "scale": "major"
    },
    "tuning_diatonic_strength": 0.61212849617,
    "tuning_equal_tempered_deviation": 0.0315205492079,
    "tuning_frequency": 445.884552002,
    "tuning_nontempered_energy_ratio": 0.656091928482,
    "hpcp": {
        "mean": [0.21100525558, 0.109721943736, 0.0406714044511, 0.0369878821075, 0.0453015305102, 0.0831888616085, 0.117386899889, 0.102620877326, 0.11296967417, 0.114125870168, 0.0689647048712, 0.064806714654, 0.0807258561254, 0.0875096395612, 0.331625163555, 0.555327892303, 0.309601902962, 0.0648504570127, 0.0424267835915, 0.040022842586, 0.0953781157732, 0.15036123991, 0.102557346225, 0.0448023192585, 0.035109963268, 0.0424756668508, 0.095821224153, 0.112801201642, 0.0809340700507, 0.176434755325, 0.215893492103, 0.114230275154, 0.0754008442163, 0.0752742439508, 0.0826945528388, 0.168925642967],
        "stdev": [0.245863929391, 0.154279604554, 0.119015149772, 0.124809019268, 0.134547621012, 0.169553473592, 0.233613863587, 0.209696486592, 0.238179773092, 0.258971571922, 0.170308083296, 0.160754352808, 0.184555187821, 0.18963290751, 0.270739614964, 0.393058657646, 0.260975301266, 0.165349245071, 0.130881264806, 0.114804789424, 0.169494345784, 0.261573582888, 0.195459574461, 0.132736116648, 0.117342889309, 0.122065268457, 0.179217576981, 0.196778699756, 0.157330408692, 0.284848541021, 0.342138618231, 0.19949157536, 0.183323055506, 0.184306591749, 0.187793716788, 0.229947417974]
    },
    "chords_histogram": [31.2942562103, 3.54051923752, 46.2431144714, 0, 0.137686863542, 0.236034616828, 0.924468934536, 0, 0, 0, 0, 0, 0, 0, 0, 0, 0, 0.255704164505, 0.118017308414, 1.27852082253, 0, 3.93391036987, 8.08418560028, 3.95357990265],
    "thpcp": [1, 0.557511866093, 0.116778679192, 0.0763995200396, 0.0720706507564, 0.171750992537, 0.270761191845, 0.184678897262, 0.0806772336364, 0.0632238462567, 0.0764875411987, 0.172548919916, 0.203125402331, 0.145741045475, 0.317712754011, 0.38876760006, 0.205698788166, 0.135777160525, 0.13554918766, 0.148911222816, 0.304190814495, 0.379965156317, 0.197580471635, 0.0732385441661, 0.0666054859757, 0.0815761834383, 0.149801343679, 0.21138304472, 0.184793308377, 0.203428775072, 0.205510780215, 0.124187357724, 0.116699911654, 0.145366117358, 0.157581925392, 0.597169995308],
    "chords_key": "D",
    "chords_scale": "major"
}
}