{
"metadata": {
    "version": {
        "essentia": "2.1-dev",
        "essentia_git_sha": "v2.1_beta3-415-gd5473f3",
        "extractor": "music 2.0"
    },
    "audio_properties": {
        "analysis": {
            "equal_loudness": 0,
            "length": 235.676727295,
            "sample_rate": 44100,
            "start_time": 0,
            "downmix": "mix"
        },
        "bit_rate": 192000,
        "length": 235.676727295,
        "lossless": 0,
        "number_channels": 2,
        "replay_gain": -11.3923530579,
        "sample_rate": 44100,
        "codec": "mp3",
        "md5_encoded": "be7e8c2af4e0983a382e841017587398"
    },
    "tags": {
        "file_name": "the_afghan_whigs-summer_s_kiss.mp3",
        "date": ["2004"],
        "engineer": ["rosamerica tamyo"]
    }
},
"lowlevel": {
    "average_loudness": 0.836077928543,
    "barkbands_crest": {
        "mean": 8.50736141205,
        "stdev": 3.32664203644
    },
    "barkbands_flatness_db": {
        "mean": 0.126573830843,
        "stdev": 0.0451916381717
    },
    "barkbands_kurtosis": {
        "mean": 2.55882287025,
        "stdev": 7.84552764893
    },
    "barkbands_skewness": {
        "mean": 1.20680844784,
        "stdev": 1.12156653404
    },
    "barkbands_spread": {
        "mean": 26.5622844696,
        "stdev": 11.4066314697
    },
    "dissonance": {
        "mean": 0.475698024035,
        "stdev": 0.0195130780339
    },
    "dynamic_complexity": 3.49445772171,
    "erbbands_crest": {
        "mean": 8.78458309174,
        "stdev": 3.7297513485
    },
    "erbbands_flatness_db": {
        "mean": 0.160938918591,
        "stdev": 0.0325617156923
    },
    "erbbands_kurtosis": {
        "mean": 0.271918743849,
        "stdev": 1.81904530525
    },
    "erbbands_skewness": {
        "mean": -0.179584413767,
        "stdev": 0.838064312935
    },
    "erbbands_spread": {
        "mean": 38.6376113892,
        "stdev": 14.1467666626
    },
    "hfc": {
        "mean": 24.1344947815,
        "stdev": 17.2394828796
    },
    "loudness_ebu128": {
        "integrated": -11.7058763504,
        "loudness_range": 7.45100879669,
        "momentary": {
            "mean": -13.4946804047,
            "stdev": 5.53827238083
        },
        "short_term": {
            "mean": -13.2799549103,
            "stdev": 5.17439985275
        }
    },
    "melbands_crest": {
        "mean": 12.3221282959,
        "stdev": 4.21560525894
    },
    "melbands_flatness_db": {
        "mean": 0.168901875615,
        "stdev": 0.0573635958135
    },
    "melbands_kurtosis": {
        "mean": 9.49473953247,
        "stdev": 13.9808864594
    },
    "melbands_skewness": {
        "mean": 2.35871243477,
        "stdev": 1.28230047226
    },
    "melbands_spread": {
        "mean": 30.8321647644,
        "stdev": 17.0163974762
    },
    "pitch_salience": {
        "mean": 0.589503586292,
        "stdev": 0.0928547084332
    },
    "silence_rate_20dB": {
        "mean": 1,
        "stdev": 0
    },
    "silence_rate_30dB": {
        "mean": 1,
        "stdev": 0
    },
    "silence_rate_60dB": {
        "mean": 0.0548714399338,
        "stdev": 0.227727949619
    },
    "spectral_centroid": {
        "mean": 1495.3885498,
        "stdev": 559.644836426
    },
    "spectral_complexity": {
        "mean": 24.3930644989,
        "stdev": 11.5258893967
    },
    "spectral_decrease": {
        "mean": -5.87869664059e-09,
        "stdev": 3.97495636406e-09
    },
    "spectral_energy": {
        "mean": 0.0243766084313,
        "stdev": 0.0162523649633
    },
    "spectral_energyband_high": {
        "mean": 0.000921636354178,
        "stdev": 0.00104289257433
    },
    "spectral_energyband_low": {
        "mean": 0.00511537585407,
        "stdev": 0.00659798365086
    },
    "spectral_energyband_middle_high": {
        "mean": 0.00734798470512,
        "stdev": 0.00638660090044
    },
    "spectral_energyband_middle_low": {
        "mean": 0.0119841331616,
        "stdev": 0.00934362690896
    },
    "spectral_entropy": {
        "mean": 7.62536239624,
        "stdev": 0.395658254623
    },
    "spectral_flux": {
        "mean": 0.0744948387146,
        "stdev": 0.0433064550161
    },
    "spectral_kurtosis": {
        "mean": 3.79577589035,
        "stdev": 2.95989060402
    },
    "spectral_rms": {
        "mean": 0.00454836571589,
        "stdev": 0.00175908592064
    },
    "spectral_rolloff": {
        "mean": 1831.75708008,
        "stdev": 983.815979004
    },
    "spectral_skewness": {
        "mean": 1.34736192226,
        "stdev": 0.387285768986
    },
    "spectral_spread": {
        "mean": 4102068.25,
        "stdev": 969286.5625
    },
    "spectral_strongpeak": {
        "mean": 1.04408359528,
        "stdev": 1.52749836445
    },
    "zerocrossingrate": {
        "mean": 0.0661581903696,
        "stdev": 0.0253956150264
    },
    "barkbands": {
        "mean": [2.07973462238e-05, 0.00224316702224, 0.00198721978813, 0.00221706880257, 0.00424082810059, 0.0020953854546, 0.00141841277946, 0.000481324066641, 0.00131124688778, 0.00054704817012, 0.000682774465531, 0.000434697634773, 0.000491195940413, 0.000847557384986, 0.000888242560904, 0.00141929346137, 0.00121796876192, 0.000434813118773, 0.000320949271554, 0.000287776754703, 0.000278200866887, 0.000260022730799, 0.000139195704833, 5.59979271202e-05, 4.24460231443e-05, 1.25883161672e-05, 3.77567971555e-07],
        "stdev": [3.92564397771e-05, 0.0031257388182, 0.00367670180276, 0.0032286120113, 0.00442259572446, 0.00258152140304, 0.00312399654649, 0.00186331546865, 0.00352604594082, 0.00229705451056, 0.00138558342587, 0.00133594800718, 0.00106974644586, 0.00151396403089, 0.0012595646549, 0.00169074779842, 0.00129538902547, 0.000509609293658, 0.000305672147078, 0.000322975363815, 0.00033532481757, 0.0003210499126, 0.000302600499708, 0.000120544762467, 6.97090072208e-05, 5.21576803294e-05, 2.19784624278e-06]
    },
    "erbbands": {
        "mean": [0.0439739152789, 0.591174900532, 2.25314712524, 4.7143201828, 11.3580541611, 14.6030282974, 15.9236650467, 16.8605823517, 14.6627349854, 24.8541221619, 12.06254673, 28.5215244293, 25.1316814423, 16.3919658661, 23.649269104, 18.4815254211, 23.8825511932, 35.0404624939, 38.9407424927, 64.279296875, 83.8409347534, 68.684967041, 31.766784668, 19.7359027863, 14.5753145218, 14.1615514755, 10.6023550034, 11.7151708603, 9.45795536041, 6.69851398468, 3.32703709602, 1.64959728718, 0.752767562866, 0.509822368622, 0.268096864223, 0.0852599292994, 0.0183469187468, 0.00222752662376, 7.13774497854e-05, 3.30132570525e-05],
        "stdev": [0.0690411329269, 0.819791376591, 3.70493292809, 6.24572038651, 16.7911872864, 14.6530666351, 16.1964530945, 23.5864906311, 38.0039520264, 61.1987762451, 40.8610992432, 79.9126968384, 83.0334320068, 39.5615997314, 44.613445282, 50.3183937073, 50.3848114014, 64.096206665, 58.2438354492, 81.8512649536, 102.618728638, 71.9601135254, 33.7068710327, 19.4380950928, 14.4326152802, 16.2318248749, 12.5689811707, 14.5335588455, 11.3742551804, 10.1772623062, 8.87725353241, 4.22399282455, 1.15407764912, 0.659462809563, 0.620863139629, 0.315475851297, 0.0816179215908, 0.00991211365908, 0.000263971276581, 2.33783503063e-05]
    },
    "gfcc": {
        "mean": [1.09148907661, 98.8065795898, -135.003479004, 50.9871520996, -57.3106536865, 9.71872425079, -49.789768219, -0.813959121704, -21.2601718903, -3.33554339409, -22.409078598, 0.642893254757, -3.58566999435],
        "cov": [[8765.09277344, -1673.31091309, -807.696289062, -77.5893630981, 382.789031982, 175.9634552, -169.436599731, 498.218414307, -141.101852417, 346.643829346, -216.242019653, 418.138824463, -394.439544678], [-1673.31091309, 762.909057617, 23.7001800537, -28.9845294952, 23.7421836853, -130.274353027, 136.549316406, -157.686004639, 53.2561378479, -115.358734131, 47.2108459473, -127.319473267, 133.740524292], [-807.696289062, 23.7001800537, 463.668334961, 64.0578536987, -73.3231430054, 68.2736282349, -30.9150371552, -1.15539515018, -1.75528907776, -0.337184071541, 20.8813514709, -7.49938440323, -1.72561407089], [-77.5893630981, -28.9845294952, 64.0578536987, 196.11668396, 20.5359840393, 18.2337532043, -18.3869819641, -10.1316375732, 4.97339200974, 0.0579606071115, 26.1779155731, 0.383662670851, 11.3154945374], [382.789031982, 23.7421836853, -73.3231430054, 20.5359840393, 188.385284424, 4.38263893127, 46.1375083923, 22.236240387, -2.38830018044, 22.482509613, -9.08364295959, 28.5663547516, -10.9387683868], [175.9634552, -130.274353027, 68.2736282349, 18.2337532043, 4.38263893127, 137.314834595, 1.85687673092, 50.8282432556, -12.822971344, 20.127204895, 2.93914890289, 13.3124599457, -20.7951259613], [-169.436599731, 136.549316406, -30.9150371552, -18.3869819641, 46.1375083923, 1.85687673092, 135.004806519, -3.44828009605, 12.0044145584, -0.612150132656, -13.8816423416, -17.5966739655, 10.0362005234], [498.218414307, -157.686004639, -1.15539515018, -10.1316375732, 22.236240387, 50.8282432556, -3.44828009605, 129.801925659, 23.6772441864, 44.3532524109, -10.8460578918, 25.7750053406, -39.986114502], [-141.101852417, 53.2561378479, -1.75528907776, 4.97339200974, -2.38830018044, -12.822971344, 12.0044145584, 23.6772441864, 74.7055969238, 22.1632938385, 1.54572188854, -17.838973999, 5.79170894623], [346.643829346, -115.358734131, -0.337184071541, 0.0579606071115, 22.482509613, 20.127204895, -0.612150132656, 44.3532524109, 22.1632938385, 96.238609314, 8.03596115112, 24.5672130585, -31.7883281708], [-216.242019653, 47.2108459473, 20.8813514709, 26.1779155731, -9.08364295959, 2.93914890289, -13.8816423416, -10.8460578918, 1.54572188854, 8.03596115112, 67.9712982178, 11.6353368759, 15.5231122971], [418.138824463, -127.319473267, -7.49938440323, 0.383662670851, 28.5663547516, 13.3124599457, -17.5966739655, 25.7750053406, -17.838973999, 24.5672130585, 11.6353368759, 88.9717483521, -2.62820053101], [-394.439544678, 133.740524292, -1.72561407089, 11.3154945374, -10.9387683868, -20.7951259613, 10.0362005234, -39.986114502, 5.79170894623, -31.7883281708, 15.5231122971, -2.62820053101, 79.1293640137]],
        "icov": [[0.000419616117142, -7.51511761337e-05, 0.000746905105188, -0.000298840779578, -0.000125778547954, -0.000207998571568, 0.000560379878152, -0.000766738376115, 0.000773468171246, -0.000742697971873, 0.00131698907353, -0.00139084318653, 0.00108761328738], [-7.51511761337e-05, 0.0094915535301, -0.00250159227289, 0.0036549998913, -0.00468980986625, 0.00508425850421, -0.00668190559372, 0.004199963063, -0.00544839398935, 0.00649409741163, -0.00951710529625, 0.0100347585976, -0.0081283878535], [0.000746905105188, -0.00250159227289, 0.00458307098597, -0.00221838406287, 0.00201908149756, -0.00303103961051, 0.00278851832263, -0.00195383839309, 0.00242987694219, -0.00288871210068, 0.00440437439829, -0.00494011631235, 0.00414350721985], [-0.000298840779578, 0.0036549998913, -0.00221838406287, 0.00764245912433, -0.0032822820358, 0.00118392717559, -0.00168027658947, 0.00285499030724, -0.00349644222297, 0.00320006511174, -0.00633544009179, 0.00524791423231, -0.00433656619862], [-0.000125778547954, -0.00468980986625, 0.00201908149756, -0.0032822820358, 0.00957020465285, -0.00225174915977, 0.00033087405609, -0.0023395861499, 0.00303725036792, -0.00379905453883, 0.00512690329924, -0.00681260460988, 0.00433938438073], [-0.000207998571568, 0.00508425850421, -0.00303103961051, 0.00118392717559, -0.00225174915977, 0.0131270121783, -0.00490866135806, -0.00217673787847, 0.00072603742592, 0.00273429253139, -0.00631214259192, 0.00648822262883, -0.00470520416275], [0.000560379878152, -0.00668190559372, 0.00278851832263, -0.00168027658947, 0.00033087405609, -0.00490866135806, 0.0145979914814, -0.00316622131504, 0.00346508133225, -0.00583740696311, 0.00949084758759, -0.00630676792935, 0.00502214813605], [-0.000766738376115, 0.004199963063, -0.00195383839309, 0.00285499030724, -0.0023395861499, -0.00217673787847, -0.00316622131504, 0.0169207435101, -0.0100085074082, 0.00277636875398, -0.00448515592143, 0.002783956239, -0.000494603649713], [0.000773468171246, -0.00544839398935, 0.00242987694219, -0.00349644222297, 0.00303725036792, 0.00072603742592, 0.00346508133225, -0.0100085074082, 0.0244889836758, -0.0109864864498, 0.00711198057979, -0.00166554190218, 0.00107426871546], [-0.000742697971873, 0.00649409741163, -0.00288871210068, 0.00320006511174, -0.00379905453883, 0.00273429253139, -0.00583740696311, 0.00277636875398, -0.0109864864498, 0.021866524592, -0.0115232141688, 0.004618993029, -0.000859572319314], [0.00131698907353, -0.00951710529625, 0.00440437439829, -0.00633544009179, 0.00512690329924, -0.00631214259192, 0.00949084758759, -0.00448515592143, 0.00711198057979, -0.0115232141688, 0.0310454200953, -0.0161671340466, 0.00745490705594], [-0.00139084318653, 0.0100347585976, -0.00494011631235, 0.00524791423231, -0.00681260460988, 0.00648822262883, -0.00630676792935, 0.002783956239, -0.00166554190218, 0.004618993029, -0.0161671340466, 0.0309034511447, -0.0156059172004], [0.00108761328738, -0.0081283878535, 0.00414350721985, -0.00433656619862, 0.00433938438073, -0.00470520416275, 0.00502214813605, -0.000494603649713, 0.00107426871546, -0.000859572319314, 0.00745490705594, -0.0156059172004, 0.0285793989897]]
    },
    "melbands": {
        "mean": [0.000513898266945, 0.00105163885746, 0.00104078359436, 0.000979534466751, 0.000589072878938, 0.000388288492104, 0.000232330319704, 0.000236655629124, 0.000115179274871, 0.000178116286406, 0.000123676785734, 6.34714451735e-05, 9.84871076071e-05, 3.91683825001e-05, 6.03628068347e-05, 4.94880805491e-05, 6.86257699272e-05, 6.81943347445e-05, 6.22444567853e-05, 9.09594018594e-05, 9.55763389356e-05, 7.35850844649e-05, 4.7538549552e-05, 2.08252240554e-05, 1.52510838234e-05, 1.11035224108e-05, 1.0196272342e-05, 9.04819535208e-06, 6.33036370346e-06, 6.5497970354e-06, 7.0348328336e-06, 5.65883465242e-06, 4.29714691563e-06, 3.50429309037e-06, 1.93903338186e-06, 1.45747264924e-06, 8.25506674573e-07, 5.3153337376e-07, 4.58298416106e-07, 4.16329356767e-07],
        "stdev": [0.000735541165341, 0.00159018556587, 0.00141171074938, 0.00110358034726, 0.000538295716979, 0.000531219819095, 0.00053727615159, 0.000594043231104, 0.000406367238611, 0.000482388946693, 0.000426052254625, 0.000171845837031, 0.000181970957783, 0.000127572653582, 0.000172543659573, 0.000103094207589, 0.000136264483444, 0.000113904228783, 9.73794230958e-05, 0.000107294123154, 0.000121151118947, 8.40102657094e-05, 5.70184383832e-05, 2.8928341635e-05, 1.60021154443e-05, 1.07024943645e-05, 1.20152499221e-05, 1.09475677164e-05, 7.64203105064e-06, 8.15798557596e-06, 9.35077878239e-06, 6.89093030815e-06, 6.18557442067e-06, 5.82810253036e-06, 5.71955115447e-06, 3.66798849427e-06, 2.33604009736e-06, 8.91484887688e-07, 5.84605857057e-07, 5.64219135413e-07]
    },
    "melbands128": {
        "mean": [1.97740318981e-05, 0.000252833531704, 0.000703809550032, 0.00104432110675, 0.00120849115774, 0.00089115271112, 0.000833485973999, 0.00124920206144, 0.0011242829496, 0.00109500891995, 0.000834317819681, 0.000617376761511, 0.000465365825221, 0.000680935627315, 0.000422206299845, 0.000209462479688, 0.000261425302597, 0.000178510948899, 0.000214020314161, 0.000401502184104, 0.00013743020827, 6.98297153576e-05, 5.65613081562e-05, 0.000225413226872, 0.000229767465498, 0.000122583209304, 0.00017176757683, 0.000119788273878, 0.000104010592622, 3.91891844629e-05, 3.31904338964e-05, 0.000129533058498, 0.00014873938926, 3.20989456668e-05, 4.08915366279e-05, 3.38117170031e-05, 4.80948147015e-05, 6.82943136781e-05, 7.0816691732e-05, 4.10983047914e-05, 2.99064413412e-05, 8.09857447166e-05, 5.35358558409e-05, 6.32186493021e-05, 0.000112711095426, 5.91643656662e-05, 3.77256801585e-05, 3.32730378432e-05, 7.79437323217e-05, 0.000134806294227, 5.8982950577e-05, 7.68899190007e-05, 0.000138257761137, 9.50233225012e-05, 3.79530720238e-05, 9.65420258581e-05, 5.31408077222e-05, 9.05636989046e-05, 2.50173507084e-05, 1.39448784466e-05, 2.68573712674e-05, 1.98489469767e-05, 1.25140950331e-05, 1.64669199876e-05, 1.56966470968e-05, 9.2583040896e-06, 9.3639091574e-06, 1.10591154225e-05, 8.79294839251e-06, 1.20561699077e-05, 9.52373648033e-06, 7.80807022238e-06, 6.09378412264e-06, 6.00083149038e-06, 6.9180596256e-06, 5.54367989025e-06, 7.69649341237e-06, 6.18630429017e-06, 7.11856182534e-06, 7.71170107328e-06, 5.80944788453e-06, 4.76208879263e-06, 5.13067288921e-06, 4.07325342167e-06, 3.8010332446e-06, 4.04816591981e-06, 3.49201877725e-06, 2.29820034292e-06, 1.85241742656e-06, 1.55274881308e-06, 1.74660203811e-06, 1.44938553603e-06, 1.0141382063e-06, 7.92509524672e-07, 7.45010197534e-07, 5.80332539357e-07, 4.86519468268e-07, 4.37972545342e-07, 4.42176713022e-07, 4.94719415656e-07, 4.47620692512e-07, 4.09578518656e-07, 3.70483036249e-07, 3.2153053553e-07, 3.07288104295e-07, 2.96186641435e-07, 2.42440790998e-07, 1.63260608588e-07, 1.30978079937e-07, 1.11977122685e-07, 9.04815209424e-08, 6.87149324108e-08, 4.91636846789e-08, 3.71931321297e-08, 3.14355190767e-08, 2.26644978341e-08, 1.3418650191e-08, 2.39461894758e-09, 2.42310060905e-10, 9.41111216735e-11, 1.13615665487e-10, 8.83863676693e-11, 9.02861049812e-11, 1.22577156758e-10, 8.42807976187e-11, 5.83170525759e-11, 7.53805524945e-12, 3.3438766079e-12],
        "stdev": [3.82593170798e-05, 0.000467011530418, 0.00109114218503, 0.00150762218982, 0.00194539851509, 0.00173238967545, 0.00120809592772, 0.00198113708757, 0.00208313111216, 0.00165119767189, 0.00104660179932, 0.000698724528775, 0.0006501293974, 0.000874080578797, 0.000679007149301, 0.000650249770842, 0.0010716667166, 0.000529071199708, 0.000664771476295, 0.0010901450878, 0.000584222027101, 0.00050941912923, 0.000382802303648, 0.00102323852479, 0.000791667203885, 0.000573541328777, 0.000640802667476, 0.000644177489448, 0.000550245982595, 0.000184457516298, 0.000186894874787, 0.000320445891703, 0.000285732647171, 0.000170875428012, 0.000242186084506, 0.000131543332827, 0.00020883360412, 0.000317155616358, 0.000204412979656, 0.000139079842484, 0.000143731071148, 0.00017459463561, 0.000171217805473, 0.000219579742406, 0.000242285110289, 0.000140193282277, 0.000100073637441, 0.000136047179694, 0.000141856318805, 0.000223570736125, 0.000136701070005, 0.000130486820126, 0.000268832198344, 0.000138433402753, 4.7003471991e-05, 0.000154961337103, 7.29707826395e-05, 0.000144733756315, 3.48645407939e-05, 3.44049731211e-05, 4.62346870336e-05, 2.69009542535e-05, 1.88326994248e-05, 2.0469096853e-05, 2.00440335902e-05, 1.12556599561e-05, 1.12995721793e-05, 1.93470950762e-05, 1.27240236907e-05, 1.84021919267e-05, 1.46427191794e-05, 1.10009023047e-05, 7.79025867814e-06, 9.62415015238e-06, 1.20192298709e-05, 7.58035503168e-06, 1.19312026072e-05, 9.89658474282e-06, 1.29178088173e-05, 1.19495571198e-05, 8.26964060252e-06, 6.79974982631e-06, 7.73213378125e-06, 6.80795392327e-06, 6.59879560772e-06, 6.68388884151e-06, 6.41517272015e-06, 6.02211002843e-06, 6.56626480122e-06, 6.37065204501e-06, 4.50440438726e-06, 3.36063794748e-06, 3.23782933265e-06, 2.9252441891e-06, 1.89395473171e-06, 1.20783977309e-06, 8.15828684608e-07, 6.25327800208e-07, 6.14972861968e-07, 7.03846808392e-07, 6.00664634476e-07, 5.9877743297e-07, 6.53331994727e-07, 7.56239330713e-07, 7.65795675761e-07, 9.02998749552e-07, 8.77379648045e-07, 6.26770599865e-07, 5.35204264906e-07, 5.85822249377e-07, 4.92502010729e-07, 3.48465022171e-07, 2.33654944282e-07, 1.57747507501e-07, 1.27773859049e-07, 1.10439152934e-07, 7.34821483661e-08, 2.27708163436e-08, 9.88666659651e-09, 1.3051451031e-09, 1.59658908316e-09, 1.19933152298e-09, 1.19139442756e-09, 1.80597514721e-09, 1.33313227124e-09, 8.64558535874e-10, 1.05078078183e-10, 1.45632863408e-11]
    },
    "mfcc": {
        "mean": [-629.621032715, 113.490089417, -11.3326501846, 34.285785675, 10.5537166595, 10.4336061478, -14.060968399, -0.449226170778, 1.48668253422, -7.49830913544, -7.31843614578, -5.43969106674, -1.73244476318],
        "cov": [[8534.91015625, -1097.03210449, -1328.27661133, 12.4418430328, 49.4303245544, -8.15675735474, -57.5759963989, 242.769378662, -4.38938331604, 54.0011520386, 141.226028442, 157.23828125, 82.9984741211], [-1097.03210449, 558.392089844, 1.28588652611, 32.7058372498, -45.0633392334, 3.28812503815, 32.5124130249, -43.6468772888, 46.6559524536, -12.4512996674, -33.0752601624, -18.9628772736, -20.162935257], [-1328.27661133, 1.28588652611, 577.467773438, -32.6075706482, 26.2418193817, 7.75635719299, 0.552348852158, -14.1413841248, -33.5337371826, 11.5040607452, -14.3794469833, -38.4998970032, 5.29551649094], [12.4418430328, 32.7058372498, -32.6075706482, 170.778640747, 26.3894367218, 21.9846782684, 5.40750217438, -11.3044462204, 13.495923996, -20.8021030426, -3.74948358536, 18.7746200562, 16.3367614746], [49.4303245544, -45.0633392334, 26.2418193817, 26.3894367218, 121.935394287, 12.9861021042, 8.02752494812, 17.1342639923, -10.994430542, 4.06149959564, 1.24739968777, 6.43695783615, 14.3786869049], [-8.15675735474, 3.28812503815, 7.75635719299, 21.9846782684, 12.9861021042, 87.6830062866, 38.1984291077, 1.03129208088, 8.5854473114, -2.83729863167, 1.99000072479, -2.17153525352, -0.0419027507305], [-57.5759963989, 32.5124130249, 0.552348852158, 5.40750217438, 8.02752494812, 38.1984291077, 94.5478668213, 26.0657596588, 5.38192558289, 2.48300600052, 13.0723018646, -4.44201755524, -1.86686170101], [242.769378662, -43.6468772888, -14.1413841248, -11.3044462204, 17.1342639923, 1.03129208088, 26.0657596588, 81.7854766846, 12.9518537521, 9.25759029388, 1.56100392342, 1.84518766403, 7.44915390015], [-4.38938331604, 46.6559524536, -33.5337371826, 13.495923996, -10.994430542, 8.5854473114, 5.38192558289, 12.9518537521, 85.1887893677, 27.8333492279, 8.48217487335, 2.92319750786, 3.48063111305], [54.0011520386, -12.4512996674, 11.5040607452, -20.8021030426, 4.06149959564, -2.83729863167, 2.48300600052, 9.25759029388, 27.8333492279, 77.9102935791, 35.9818763733, -0.939593613148, -5.04807329178], [141.226028442, -33.0752601624, -14.3794469833, -3.74948358536, 1.24739968777, 1.99000072479, 13.0723018646, 1.56100392342, 8.48217487335, 35.9818763733, 70.8097915649, 22.3141479492, 0.081160672009], [157.23828125, -18.9628772736, -38.4998970032, 18.7746200562, 6.43695783615, -2.17153525352, -4.44201755524, 1.84518766403, 2.92319750786, -0.939593613148, 22.3141479492, 60.1531448364, 26.1062030792], [82.9984741211, -20.162935257, 5.29551649094, 16.3367614746, 14.3786869049, -0.0419027507305, -1.86686170101, 7.44915390015, 3.48063111305, -5.04807329178, 0.081160672009, 26.1062030792, 60.8409004211]],
        "icov": [[0.000334877491696, 0.00054960657144, 0.000766574055888, -4.60366682091e-05, 7.25932768546e-05, -0.000198899637326, 0.00028728475445, -0.000661745492835, 0.000240594657953, -0.000215031570406, -0.000219295587158, 2.54109509115e-05, -0.000298727041809], [0.00054960657144, 0.00323762465268, 0.00116877118126, -0.000418330600951, 0.000622381630819, 0.000473226973554, -0.001291036373, 0.000710495456588, -0.00123270030599, -0.000302654312691, 0.00118239969015, -0.000163108619745, 0.000174247761606], [0.000766574055888, 0.00116877118126, 0.00371109554544, 0.000190173144802, -0.000242167530814, -0.000736067770049, 0.000693400332239, -0.0011150687933, 0.00143664737698, -0.00118901696987, -0.000342901563272, 0.00152050773613, -0.00165078300051], [-4.60366682091e-05, -0.000418330600951, 0.000190173144802, 0.00721398973837, -0.00187735271174, -0.00130760471802, -4.4272372179e-05, 0.001501785242, -0.00186248344835, 0.00240827980451, -0.000169145510881, -0.00148718792479, -0.000827179581393], [7.25932768546e-05, 0.000622381630819, -0.000242167530814, -0.00187735271174, 0.00976243708283, -0.00125166366342, 2.90045909423e-06, -0.00221201009117, 0.00222467305139, -0.00194650236517, 0.000733748078346, -0.00031913240673, -0.00155753525905], [-0.000198899637326, 0.000473226973554, -0.000736067770049, -0.00130760471802, -0.00125166366342, 0.0152676086873, -0.00712086772546, 0.00307865138166, -0.0025079655461, 0.000921116850805, 0.00103642302565, 0.000107355859654, 0.000726687198039], [0.00028728475445, -0.001291036373, 0.000693400332239, -4.4272372179e-05, 2.90045909423e-06, -0.00712086772546, 0.0167657416314, -0.00701989233494, 0.00173189188354, 0.00149262184277, -0.00563081447035, 0.00281720748171, -0.000676440249663], [-0.000661745492835, 0.000710495456588, -0.0011150687933, 0.001501785242, -0.00221201009117, 0.00307865138166, -0.00701989233494, 0.0179735943675, -0.00403289822862, -0.000761770934332, 0.00348767777905, -0.000824841205031, -0.00054233870469], [0.000240594657953, -0.00123270030599, 0.00143664737698, -0.00186248344835, 0.00222467305139, -0.0025079655461, 0.00173189188354, -0.00403289822862, 0.0167054552585, -0.00721083814278, 0.000566442555282, 0.000116756898933, -0.00194709794596], [-0.000215031570406, -0.000302654312691, -0.00118901696987, 0.00240827980451, -0.00194650236517, 0.000921116850805, 0.00149262184277, -0.000761770934332, -0.00721083814278, 0.0219873301685, -0.0116484602913, 0.0040038228035, 0.000783985364251], [-0.000219295587158, 0.00118239969015, -0.000342901563272, -0.000169145510881, 0.000733748078346, 0.00103642302565, -0.00563081447035, 0.00348767777905, 0.000566442555282, -0.0116484602913, 0.0252515915781, -0.010949508287, 0.00365952285938], [2.54109509115e-05, -0.000163108619745, 0.00152050773613, -0.00148718792479, -0.00031913240673, 0.000107355859654, 0.00281720748171, -0.000824841205031, 0.000116756898933, 0.0040038228035, -0.010949508287, 0.0270278658718, -0.0108160469681], [-0.000298727041809, 0.000174247761606, -0.00165078300051, -0.000827179581393, -0.00155753525905, 0.000726687198039, -0.000676440249663, -0.00054233870469, -0.00194709794596, 0.000783985364251, 0.00365952285938, -0.0108160469681, 0.0224942266941]]
    },
    "spectral_contrast_coeffs": {
        "mean": [-0.6932284832, -0.744512915611, -0.766774177551, -0.759747922421, -0.783642947674, -0.730050742626],
        "stdev": [0.0628906413913, 0.0670414865017, 0.0671068951488, 0.0535293035209, 0.0407193601131, 0.0406881123781]
    },
    "spectral_contrast_valleys": {
        "mean": [-6.49505567551, -6.88162708282, -7.58303499222, -7.35717916489, -7.35285615921, -10.2567272186],
        "stdev": [0.737847864628, 0.752193450928, 0.9486784935, 1.07541394234, 1.094211936, 1.11851525307]
    }
},
"rhythm": {
    "beats_count": 470,
    "beats_loudness": {
        "mean": 0.02922311984,
        "stdev": 0.0170055236667
    },
    "bpm": 123.070350647,
    "bpm_histogram_first_peak_bpm": 123,
    "bpm_histogram_first_peak_weight": 0.336633682251,
    "bpm_histogram_second_peak_bpm": 108,
    "bpm_histogram_second_peak_spread": 0.557692289352,
    "bpm_histogram_second_peak_weight": 0.098081022501,
    "danceability": 1.090097785,
    "onset_rate": 3.2287607193,
    "beats_loudness_band_ratio": {
        "mean": [0.417461156845, 0.258471786976, 0.109217248857, 0.0704832226038, 0.142601370811, 0.0634218305349],
        "stdev": [0.159395724535, 0.153847813606, 0.112782709301, 0.0788652002811, 0.0892166644335, 0.0414342842996]
    },
    "beats_position": [0.603718817234, 1.23065757751, 1.8575963974, 2.47292518616, 3.05342388153, 3.62231278419, 4.17959165573, 4.73687076569, 5.2941493988, 5.85142850876, 6.40870714188, 6.96598625183, 7.52326536179, 8.08054447174, 8.63782310486, 9.19510173798, 9.75238037109, 10.3096599579, 10.866938591, 11.4242172241, 11.9814968109, 12.538775444, 13.0960540771, 13.6533327103, 14.2106122971, 14.7678909302, 15.3251695633, 15.870839119, 16.4165077209, 16.9737873077, 17.5310649872, 18.088344574, 18.6456241608, 19.2029018402, 19.760181427, 20.3174591064, 20.8747386932, 21.43201828, 21.9892959595, 22.5465755463, 23.1038551331, 23.6611328125, 24.2184123993, 24.764081955, 25.3097496033, 25.8670291901, 26.4126987457, 26.958366394, 27.5156459808, 28.0729255676, 28.6302032471, 29.1874828339, 29.7331504822, 30.2788200378, 30.8360996246, 31.3933773041, 31.9506568909, 32.5079345703, 33.0419960022, 33.5876655579, 34.1333312988, 34.6790008545, 35.2246704102, 35.7703399658, 36.3160095215, 36.8616790771, 37.4073448181, 37.9530143738, 38.4986839294, 39.0443534851, 39.5900230408, 40.1473007202, 40.6929702759, 41.2386398315, 41.795917511, 42.3415870667, 42.8872566223, 43.432926178, 43.9785919189, 44.5242614746, 45.0699310303, 45.6156005859, 46.1612701416, 46.6953277588, 47.229385376, 47.7634468079, 48.297504425, 48.8431739807, 49.3888435364, 49.9229011536, 50.4569587708, 50.9910202026, 51.5250778198, 52.0591392517, 52.5931968689, 53.1272544861, 53.661315918, 54.1953735352, 54.7294311523, 55.2634925842, 55.7975502014, 56.3316078186, 56.8656692505, 57.3997268677, 57.9337844849, 58.4678459167, 59.0019035339, 59.5243530273, 60.0468025208, 60.5692520142, 61.0916976929, 61.6257591248, 62.1598167419, 62.6822662354, 63.2047157288, 63.7271652222, 64.2496109009, 64.7604522705, 65.2828979492, 65.7937393188, 66.29296875, 66.8038101196, 67.2914276123, 67.779045105, 68.2782745361, 68.7775039673, 69.26512146, 69.7527389526, 70.2403640747, 70.7279815674, 71.2155990601, 71.7032165527, 72.1908340454, 72.6784591675, 73.1660766602, 73.6536941528, 74.1413116455, 74.6289291382, 75.1281585693, 75.6273880005, 76.1150131226, 76.6026306152, 77.0902481079, 77.6010894775, 78.1119232178, 78.6111526489, 79.1103820801, 79.5979995728, 80.0972290039, 80.5964584351, 81.0840835571, 81.5833053589, 82.08253479, 82.5817642212, 83.0809936523, 83.5686187744, 84.0562362671, 84.5554656982, 85.0546951294, 85.5539245605, 86.0531539917, 86.5407714844, 87.0400009155, 87.5392303467, 88.0268478394, 88.514465332, 89.0020828247, 89.5013122559, 90.000541687, 90.4997711182, 90.9990005493, 91.486618042, 91.9742355347, 92.4618606567, 92.9494781494, 93.4370956421, 93.9363250732, 94.4355545044, 94.9231719971, 95.4107894897, 95.8984146118, 96.3860321045, 96.8852615356, 97.3844909668, 97.895324707, 98.3945541382, 98.8937835693, 99.381401062, 99.8690261841, 100.368255615, 100.855873108, 101.355102539, 101.842720032, 102.341949463, 102.829566956, 103.328796387, 103.816413879, 104.304031372, 104.791656494, 105.279273987, 105.766891479, 106.254508972, 106.742126465, 107.241355896, 107.728981018, 108.22820282, 108.715827942, 109.203445435, 109.691062927, 110.17868042, 110.666305542, 111.153923035, 111.641540527, 112.12915802, 112.616775513, 113.104400635, 113.592018127, 114.07963562, 114.555641174, 115.031654358, 115.519271851, 116.006889343, 116.494506836, 116.982131958, 117.469749451, 117.957366943, 118.433380127, 118.92099762, 119.408615112, 119.884620667, 120.372245789, 120.859863281, 121.347480774, 121.835098267, 122.322715759, 122.798728943, 123.274734497, 123.762359619, 124.249977112, 124.737594604, 125.236824036, 125.724441528, 126.212059021, 126.711288452, 127.198905945, 127.686531067, 128.185760498, 128.6849823, 129.195831299, 129.695053101, 130.194290161, 130.681900024, 131.169525146, 131.65713501, 132.144760132, 132.632385254, 133.119995117, 133.630844116, 134.118453979, 134.606079102, 135.082077026, 135.581314087, 136.080535889, 136.579772949, 137.067382812, 137.555007935, 138.042633057, 138.53024292, 139.006256104, 139.482269287, 139.958267212, 140.434280396, 140.921905518, 141.409515381, 141.897140503, 142.384765625, 142.872375488, 143.36000061, 143.847610474, 144.346847534, 144.846069336, 145.345306396, 145.82131958, 146.308929443, 146.796554565, 147.284164429, 147.771789551, 148.259414673, 148.747024536, 149.234649658, 149.710647583, 150.186660767, 150.674285889, 151.161895752, 151.649520874, 152.137145996, 152.624755859, 153.112380981, 153.599990845, 154.087615967, 154.575241089, 155.062850952, 155.550476074, 156.038085938, 156.52571106, 157.013336182, 157.500946045, 157.988571167, 158.47618103, 158.963806152, 159.451431274, 159.939041138, 160.42666626, 160.902679443, 161.378677368, 161.86630249, 162.353912354, 162.841537476, 163.317550659, 163.793563843, 164.269561768, 164.745574951, 165.221588135, 165.69758606, 166.185211182, 166.672836304, 167.160446167, 167.648071289, 168.135681152, 168.623306274, 169.110931396, 169.59854126, 170.086166382, 170.562179565, 171.03817749, 171.525802612, 172.013427734, 172.501037598, 172.98866272, 173.464660645, 173.940673828, 174.42829895, 174.915908813, 175.391921997, 175.879547119, 176.355545044, 176.831558228, 177.31918335, 177.806793213, 178.294418335, 178.770431519, 179.258041382, 179.745666504, 180.233291626, 180.720901489, 181.196914673, 181.672927856, 182.16053772, 182.648162842, 183.135772705, 183.623397827, 184.111022949, 184.598632812, 185.074645996, 185.55065918, 186.038269043, 186.525894165, 187.013504028, 187.50112915, 187.988754272, 188.476364136, 188.963989258, 189.440002441, 189.927612305, 190.415237427, 190.914459229, 191.402084351, 191.889694214, 192.377319336, 192.85333252, 193.329345703, 193.805343628, 194.29296875, 194.768981934, 195.256591797, 195.73260498, 196.208618164, 196.696228027, 197.172241211, 197.648254395, 198.135864258, 198.62348938, 199.111114502, 199.598724365, 200.074737549, 200.550750732, 201.026748657, 201.491149902, 201.967163086, 202.454788208, 202.942398071, 203.430023193, 203.906021118, 204.382034302, 204.869659424, 205.357269287, 205.844894409, 206.344116211, 206.843353271, 207.330978394, 207.818588257, 208.306213379, 208.793823242, 209.269836426, 209.745849609, 210.233459473, 210.721084595, 211.208709717, 211.69631958, 212.183944702, 212.671554565, 213.159179688, 213.64680481, 214.134414673, 214.622039795, 215.109649658, 215.59727478, 216.084899902, 216.572509766, 217.083358765, 217.594192505, 218.093414307, 218.534591675, 218.975784302, 219.41696167, 219.858139038, 220.310928345, 220.763717651, 221.216506958, 221.657684326, 222.098861694, 222.540039062, 222.981216431, 223.422393799, 223.863571167, 224.304763794, 224.757553101, 225.210342407, 225.674728394, 226.1275177, 226.568710327, 227.009887695, 227.462677002, 227.915466309, 228.379852295, 228.84425354, 229.285430908, 229.738220215, 230.179412842, 230.62059021, 231.061767578, 231.502944946, 231.944122314, 232.385299683, 232.826477051, 233.267654419, 233.708831787, 234.150024414, 234.579589844, 235.009155273],
    "bpm_histogram": [0, 0, 0, 0, 0, 0, 0, 0, 0, 0, 0, 0, 0, 0, 0, 0, 0, 0, 0, 0, 0, 0, 0, 0, 0, 0, 0, 0, 0, 0, 0, 0, 0, 0, 0, 0, 0, 0, 0, 0, 0, 0, 0, 0, 0, 0, 0, 0, 0, 0, 0, 0, 0, 0, 0, 0, 0, 0, 0, 0, 0, 0, 0, 0, 0, 0, 0, 0, 0, 0, 0, 0, 0, 0, 0, 0, 0, 0, 0, 0, 0, 0, 0, 0, 0, 0, 0, 0, 0, 0, 0, 0, 0, 0, 0, 0, 0.00426439242437, 0, 0.00213219621219, 0, 0, 0, 0, 0.00213219621219, 0, 0.00213219621219, 0, 0, 0.098081022501, 0, 0.06823027879, 0, 0.0533049032092, 0, 0, 0.0191897656769, 0, 0.0213219616562, 0, 0, 0.108742006123, 0, 0, 0.428571432829, 0, 0, 0.108742006123, 0, 0, 0.00852878484875, 0, 0, 0, 0.0191897656769, 0, 0, 0.0511727072299, 0, 0, 0, 0.00426439242437, 0, 0, 0, 0, 0, 0, 0, 0, 0, 0, 0, 0, 0, 0, 0, 0, 0, 0, 0, 0, 0, 0, 0, 0, 0, 0, 0, 0, 0, 0, 0, 0, 0, 0, 0, 0, 0, 0, 0, 0, 0, 0, 0, 0, 0, 0, 0, 0, 0, 0, 0, 0, 0, 0, 0, 0, 0, 0, 0, 0, 0, 0, 0, 0, 0, 0, 0, 0, 0, 0, 0, 0, 0, 0, 0, 0, 0, 0, 0, 0, 0, 0, 0, 0, 0, 0, 0, 0, 0, 0, 0, 0, 0, 0, 0, 0, 0, 0, 0, 0, 0, 0, 0, 0, 0, 0, 0, 0, 0]
},
"tonal": {
    "chords_changes_rate": 0.0494483858347,
    "chords_number_rate": 0.00137903855648,
    "chords_strength": {
        "mean": 0.50513279438,
        "stdev": 0.0908380672336
    },
    "hpcp_crest": {
        "mean": 13.6158761978,
        "stdev": 7.16700077057
    },
    "hpcp_entropy": {
        "mean": 2.06367015839,
        "stdev": 0.754828155041
    },
    "key_edma": {
        "strength": 0.807960569859,
        "key": "A",
        "scale": "major"
    },
    "key_krumhansl": {
        "strength": 0.800970137119,
        "key": "E",
        "scale": "major"
    },
    "key_temperley": {
        "strength": 0.812899231911,
        "key": "E",
        "scale": "major"
    },
    "tuning_diatonic_strength": 0.624510705471,
    "tuning_equal_tempered_deviation": 0.0420279540122,
    "tuning_frequency": 438.984558105,
    "tuning_nontempered_energy_ratio": 0.643394947052,
    "hpcp": {
        "mean": [0.216609418392, 0.101957283914, 0.0617651864886, 0.063135407865, 0.0654446408153, 0.199182912707, 0.392394781113, 0.271054506302, 0.0827037990093, 0.0671322196722, 0.0672487989068, 0.150210872293, 0.203086718917, 0.132630378008, 0.128085225821, 0.122600704432, 0.0604339614511, 0.0915790870786, 0.115969024599, 0.102618530393, 0.324265420437, 0.525283873081, 0.311102598906, 0.0989035442472, 0.0765268728137, 0.0851794183254, 0.141071528196, 0.177076280117, 0.122724935412, 0.0769973918796, 0.0757979303598, 0.0859062820673, 0.202048972249, 0.239293351769, 0.156292840838, 0.212829783559],
        "stdev": [0.305010735989, 0.178328186274, 0.145391151309, 0.156860917807, 0.1573279351, 0.216740846634, 0.32947537303, 0.246712133288, 0.160565853119, 0.144349381328, 0.142533615232, 0.205776587129, 0.266076594591, 0.185331091285, 0.17684340477, 0.200323745608, 0.125501826406, 0.14544531703, 0.169731423259, 0.167100816965, 0.265230953693, 0.363443076611, 0.254427015781, 0.181615814567, 0.173238202929, 0.19455139339, 0.238938897848, 0.243160933256, 0.188643291593, 0.162413597107, 0.164466142654, 0.180070325732, 0.269002020359, 0.290599912405, 0.224788680673, 0.28764051199]
    },
    "chords_histogram": [45.3506698608, 0.472813248634, 2.44286847115, 0, 0.236406624317, 0.118203312159, 0, 0, 0, 0.0985027551651, 0, 0.177304968238, 0, 0, 0.433412134647, 1.47754132748, 0, 2.52167057991, 0.807722628117, 2.32466506958, 0.295508265495, 0.807722628117, 25.6698188782, 16.7651691437],
    "thpcp": [1, 0.592256128788, 0.188285902143, 0.14568670094, 0.162158831954, 0.268562465906, 0.337105870247, 0.23363545537, 0.146582439542, 0.1442989856, 0.163542583585, 0.384647190571, 0.455550551414, 0.297539770603, 0.405170977116, 0.412366390228, 0.194099396467, 0.117584392428, 0.120192930102, 0.124589093029, 0.379190981388, 0.747014701366, 0.516015291214, 0.157445907593, 0.127801790833, 0.128023728728, 0.285961329937, 0.386622786522, 0.252492755651, 0.243840008974, 0.233398944139, 0.11505009979, 0.174342080951, 0.220774009824, 0.195358231664, 0.617314636707],
    "chords_key": "E",
    "chords_scale": "major"
}
}