{
"metadata": {
    "version": {
        "essentia": "2.1-dev",
        "essentia_git_sha": "v2.1_beta3-415-gd5473f3",
        "extractor": "music 2.0"
    },
    "audio_properties": {
        "analysis": {
            "equal_loudness": 0,
            "length": 217.88734436,
            "sample_rate": 44100,
            "start_time": 0,
            "downmix": "mix"
        },
        "bit_rate": 128000,
        "length": 217.88734436,
        "lossless": 0,
        "number_channels": 2,
        "replay_gain": -6.89728164673,
        "sample_rate": 44100,
        "codec": "mp3",
        "md5_encoded": "00f4f35c09306092e3181d003b76bf86"
    },
    "tags": {
        "file_name": "2pac-fuck_snoop_doggy_dog.mp3"
    }
},
"lowlevel": {
    "average_loudness": 0.951000809669,
    "barkbands_crest": {
        "mean": 12.7072649002,
        "stdev": 5.51179838181
    },
    "barkbands_flatness_db": {
        "mean": 0.208281964064,
        "stdev": 0.0804365426302
    },
    "barkbands_kurtosis": {
        "mean": 15.7264251709,
        "stdev": 55.0447273254
    },
    "barkbands_skewness": {
        "mean": 2.38738107681,
        "stdev": 2.29048919678
    },
    "barkbands_spread": {
        "mean": 16.7653903961,
        "stdev": 16.8215045929
    },
    "dissonance": {
        "mean": 0.436462968588,
        "stdev": 0.0509004257619
    },
    "dynamic_complexity": 4.59808826447,
    "erbbands_crest": {
        "mean": 10.3196601868,
        "stdev": 5.07158041
    },
    "erbbands_flatness_db": {
        "mean": 0.184687927365,
        "stdev": 0.0562303289771
    },
    "erbbands_kurtosis": {
        "mean": 2.23141789436,
        "stdev": 5.52525854111
    },
    "erbbands_skewness": {
        "mean": 0.752988398075,
        "stdev": 1.20200824738
    },
    "erbbands_spread": {
        "mean": 38.6199531555,
        "stdev": 27.3494129181
    },
    "hfc": {
        "mean": 11.3565578461,
        "stdev": 19.7527256012
    },
    "loudness_ebu128": {
        "integrated": -18.3829212189,
        "loudness_range": 2.27798652649,
        "momentary": {
            "mean": -19.7573947906,
            "stdev": 4.61134052277
        },
        "short_term": {
            "mean": -19.1772270203,
            "stdev": 3.43846917152
        }
    },
    "melbands_crest": {
        "mean": 17.6640491486,
        "stdev": 6.88428401947
    },
    "melbands_flatness_db": {
        "mean": 0.276506453753,
        "stdev": 0.106041073799
    },
    "melbands_kurtosis": {
        "mean": 32.7992630005,
        "stdev": 64.3279876709
    },
    "melbands_skewness": {
        "mean": 3.49141979218,
        "stdev": 2.77021193504
    },
    "melbands_spread": {
        "mean": 17.5252971649,
        "stdev": 23.2340755463
    },
    "pitch_salience": {
        "mean": 0.521111726761,
        "stdev": 0.155589222908
    },
    "silence_rate_20dB": {
        "mean": 1,
        "stdev": 0
    },
    "silence_rate_30dB": {
        "mean": 0.981459796429,
        "stdev": 0.134901225567
    },
    "silence_rate_60dB": {
        "mean": 0.18412360549,
        "stdev": 0.387575387955
    },
    "spectral_centroid": {
        "mean": 1011.36608887,
        "stdev": 802.812683105
    },
    "spectral_complexity": {
        "mean": 10.939904213,
        "stdev": 12.0539770126
    },
    "spectral_decrease": {
        "mean": -6.0555063186e-09,
        "stdev": 7.30189952947e-09
    },
    "spectral_energy": {
        "mean": 0.023884922266,
        "stdev": 0.0285396464169
    },
    "spectral_energyband_high": {
        "mean": 0.000429941370385,
        "stdev": 0.000997588038445
    },
    "spectral_energyband_low": {
        "mean": 0.0130843464285,
        "stdev": 0.0223132669926
    },
    "spectral_energyband_middle_high": {
        "mean": 0.00262429192662,
        "stdev": 0.00621617911384
    },
    "spectral_energyband_middle_low": {
        "mean": 0.00856453739107,
        "stdev": 0.0112258531153
    },
    "spectral_entropy": {
        "mean": 7.21626853943,
        "stdev": 0.652320504189
    },
    "spectral_flux": {
        "mean": 0.0789525732398,
        "stdev": 0.0656753852963
    },
    "spectral_kurtosis": {
        "mean": 6.71412277222,
        "stdev": 7.61487436295
    },
    "spectral_rms": {
        "mean": 0.00408020894974,
        "stdev": 0.0025795889087
    },
    "spectral_rolloff": {
        "mean": 1120.3782959,
        "stdev": 1661.02209473
    },
    "spectral_skewness": {
        "mean": 1.81939435005,
        "stdev": 0.951953113079
    },
    "spectral_spread": {
        "mean": 4612893.5,
        "stdev": 2369827.75
    },
    "spectral_strongpeak": {
        "mean": 0.509817183018,
        "stdev": 0.588569223881
    },
    "zerocrossingrate": {
        "mean": 0.046387758106,
        "stdev": 0.0434097200632
    },
    "barkbands": {
        "mean": [0.000622055551503, 0.00906846113503, 0.00264939991757, 0.00152334175073, 0.00247421045788, 0.00124489783775, 0.00154348777141, 0.000756851804908, 0.00087659037672, 0.000353746610926, 0.000266130198725, 0.000326989480527, 0.000304578337818, 0.000244487921009, 0.000233949060203, 0.000179520662641, 0.000213185863686, 0.000241799934884, 0.00023021652305, 0.000192484934814, 0.000144071280374, 7.33429478714e-05, 4.74735024909e-05, 4.10613720305e-05, 2.40892914007e-05, 8.34382899484e-06, 9.29699552898e-08],
        "stdev": [0.00147830683272, 0.0172331612557, 0.00879721902311, 0.00340551137924, 0.00417521642521, 0.00269830762409, 0.00374995451421, 0.00203072233126, 0.00209268764593, 0.000919946003705, 0.00078365317313, 0.000980495824479, 0.000905840890482, 0.000667174812406, 0.000698234594893, 0.000502427457832, 0.00071800785372, 0.000846879149321, 0.000748568330891, 0.000681966659613, 0.00040882040048, 0.000181860377779, 0.00012916540436, 0.00011339194316, 5.3577557992e-05, 2.24797786359e-05, 4.807429832e-07]
    },
    "erbbands": {
        "mean": [0.324257612228, 1.7501707077, 3.09361982346, 4.56796550751, 5.7249341011, 10.4050922394, 7.49623394012, 11.3134126663, 17.5670814514, 25.6781902313, 14.3341236115, 20.4287109375, 15.2988328934, 10.3457698822, 11.520113945, 13.615149498, 13.9378480911, 13.2237672806, 11.8594436646, 11.3859405518, 11.2627544403, 11.7792024612, 13.653383255, 11.865193367, 10.6416759491, 9.38721370697, 6.77604007721, 4.68266153336, 2.8265171051, 1.99968886375, 1.20697236061, 0.949580252171, 0.615823447704, 0.309749513865, 0.152868881822, 0.0574977695942, 0.0117223113775, 0.000854392070323, 3.38787976943e-05, 2.87569873763e-05],
        "stdev": [0.764602839947, 3.18009662628, 8.76529407501, 10.7913351059, 9.8020734787, 20.2514438629, 12.6896419525, 27.2744693756, 42.4930152893, 64.9341583252, 32.0504188538, 50.6226501465, 36.064666748, 26.1219577789, 30.5258483887, 40.8814849854, 40.0110321045, 33.5622520447, 32.6327896118, 33.811706543, 33.4624214172, 37.2773017883, 48.5784912109, 39.7299003601, 34.1133460999, 33.2083892822, 21.1823444366, 12.4598646164, 7.36247062683, 4.41710853577, 3.77741527557, 3.12072515488, 1.52382230759, 0.683651983738, 0.361811757088, 0.149533390999, 0.0341237895191, 0.0028742167633, 7.480916247e-05, 3.28821333824e-05]
    },
    "gfcc": {
        "mean": [-88.2510757446, 118.592170715, -101.821022034, 40.7112846375, -63.2773094177, 12.6932172775, -37.7730102539, 5.51662683487, -15.6292057037, 0.360630840063, -9.73909282684, -7.00131177902, -3.763859272],
        "cov": [[10747.0566406, -1296.5267334, -1046.87878418, 261.327789307, -529.724609375, 285.267181396, -87.4192199707, 326.013824463, -387.754364014, 235.621429443, -252.163787842, 15.4706449509, -297.256774902], [-1296.5267334, 2745.88574219, -270.739715576, -320.623413086, 644.57611084, -250.319320679, 451.217224121, -200.123397827, 497.8387146, -358.500976562, 370.436859131, -199.187408447, 277.245605469], [-1046.87878418, -270.739715576, 2100.7722168, 271.782562256, 84.9471206665, 284.228546143, -153.16859436, 107.365219116, -44.2262420654, 276.482818604, -48.563079834, 239.608032227, -43.1576271057], [261.327789307, -320.623413086, 271.782562256, 730.230957031, 62.7967147827, -37.1244125366, -25.2676067352, -81.0671691895, -4.87209224701, 17.9704723358, 34.0811004639, 10.9828424454, 28.8492584229], [-529.724609375, 644.57611084, 84.9471206665, 62.7967147827, 493.360015869, 22.9492988586, 126.797370911, -5.80160522461, 174.541183472, -42.5181427002, 97.9972763062, -14.1078882217, 81.2762908936], [285.267181396, -250.319320679, 284.228546143, -37.1244125366, 22.9492988586, 406.867462158, 87.3683166504, 111.621192932, -24.6603412628, 117.901176453, -18.3753604889, 58.1371688843, -20.9638061523], [-87.4192199707, 451.217224121, -153.16859436, -25.2676067352, 126.797370911, 87.3683166504, 409.036712646, 45.607635498, 80.5799636841, -31.581817627, 105.083274841, -28.7143707275, 46.6644325256], [326.013824463, -200.123397827, 107.365219116, -81.0671691895, -5.80160522461, 111.621192932, 45.607635498, 270.15032959, 34.9553260803, 99.0387878418, -45.556842804, 39.4278106689, -24.8731880188], [-387.754364014, 497.8387146, -44.2262420654, -4.87209224701, 174.541183472, -24.6603412628, 80.5799636841, 34.9553260803, 286.382659912, -20.0554409027, 75.5506515503, -37.952167511, 69.4047088623], [235.621429443, -358.500976562, 276.482818604, 17.9704723358, -42.5181427002, 117.901176453, -31.581817627, 99.0387878418, -20.0554409027, 226.415206909, -32.8591804504, 50.6465644836, -55.5665473938], [-252.163787842, 370.436859131, -48.563079834, 34.0811004639, 97.9972763062, -18.3753604889, 105.083274841, -45.556842804, 75.5506515503, -32.8591804504, 167.850128174, -11.059135437, 50.6196365356], [15.4706449509, -199.187408447, 239.608032227, 10.9828424454, -14.1078882217, 58.1371688843, -28.7143707275, 39.4278106689, -37.952167511, 50.6465644836, -11.059135437, 134.235900879, -13.6884679794], [-297.256774902, 277.245605469, -43.1576271057, 28.8492584229, 81.2762908936, -20.9638061523, 46.6644325256, -24.8731880188, 69.4047088623, -55.5665473938, 50.6196365356, -13.6884679794, 119.707214355]],
        "icov": [[0.000151160929818, -0.000226404939895, 0.000216048400034, -0.000302026892314, 0.000191251325305, -0.000243066009716, 0.000181979034096, -0.000296183046885, 0.000282304623397, -0.000242249720031, 0.000222912800382, -0.000237954984186, 0.000347905239323], [-0.000226404939895, 0.00244007096626, -0.000969413376879, 0.00189173803665, -0.0015384509461, 0.00138132029679, -0.00155842141248, 0.00143878743984, -0.00198761885986, 0.00192836171482, -0.00206189602613, 0.00207693921402, -0.00166907010134], [0.000216048400034, -0.000969413376879, 0.00126966077369, -0.00111000135075, 0.000431484746514, -0.000979349482805, 0.000942221959122, -0.000663339160383, 0.000845422153361, -0.00139066879638, 0.000910112459678, -0.00185219931882, 0.000804992800113], [-0.000302026892314, 0.00189173803665, -0.00111000135075, 0.00315524078906, -0.00139619898982, 0.00143424747512, -0.00126455316786, 0.00175243907142, -0.00145194958895, 0.00121241016313, -0.00177613319829, 0.00180661317427, -0.00187344453298], [0.000191251325305, -0.0015384509461, 0.000431484746514, -0.00139619898982, 0.00396310631186, -0.00116919667926, 0.000552148267161, -0.00082752876915, -0.000146593869431, -0.000738818664104, 0.000756741676014, -0.00132431741804, 0.000517940032296], [-0.000243066009716, 0.00138132029679, -0.000979349482805, 0.00143424747512, -0.00116919667926, 0.00446441257372, -0.00196095672436, 0.000352194532752, -0.000617470301222, -0.000132902729092, -0.000774986634497, 0.000800902082119, -0.0013726168545], [0.000181979034096, -0.00155842141248, 0.000942221959122, -0.00126455316786, 0.000552148267161, -0.00196095672436, 0.00468022795394, -0.00196490739472, 0.00134125642944, -0.000672000343911, -0.000823204696644, -0.000766934652347, 0.00092549144756], [-0.000296183046885, 0.00143878743984, -0.000663339160383, 0.00175243907142, -0.00082752876915, 0.000352194532752, -0.00196490739472, 0.00672053173184, -0.00271756784059, -0.000674495473504, 0.000808155804407, 2.47347070399e-05, -0.00101971987169], [0.000282304623397, -0.00198761885986, 0.000845422153361, -0.00145194958895, -0.000146593869431, -0.000617470301222, 0.00134125642944, -0.00271756784059, 0.00730308331549, -0.002071617404, 0.000219674984692, -0.000216466753045, -0.000450497580459], [-0.000242249720031, 0.00192836171482, -0.00139066879638, 0.00121241016313, -0.000738818664104, -0.000132902729092, -0.000672000343911, -0.000674495473504, -0.002071617404, 0.00895455945283, -0.00219752104022, 0.00128101825248, 0.00117232312914], [0.000222912800382, -0.00206189602613, 0.000910112459678, -0.00177613319829, 0.000756741676014, -0.000774986634497, -0.000823204696644, 0.000808155804407, 0.000219674984692, -0.00219752104022, 0.0110237747431, -0.00278402026743, -0.000202888564672], [-0.000237954984186, 0.00207693921402, -0.00185219931882, 0.00180661317427, -0.00132431741804, 0.000800902082119, -0.000766934652347, 2.47347070399e-05, -0.000216466753045, 0.00128101825248, -0.00278402026743, 0.0120941959321, -0.00188042083755], [0.000347905239323, -0.00166907010134, 0.000804992800113, -0.00187344453298, 0.000517940032296, -0.0013726168545, 0.00092549144756, -0.00101971987169, -0.000450497580459, 0.00117232312914, -0.000202888564672, -0.00188042083755, 0.013336410746]]
    },
    "melbands": {
        "mean": [0.00266038998961, 0.00190958927851, 0.000813968013972, 0.000602036772761, 0.000301431748085, 0.000252191588515, 0.000287623523036, 0.000262514513452, 0.000107902662421, 0.000133103661938, 7.41719341022e-05, 4.05543360102e-05, 3.7573154259e-05, 3.66013155144e-05, 3.45541193383e-05, 2.8549500712e-05, 2.40552017203e-05, 1.87982732314e-05, 1.76030789589e-05, 1.26946561068e-05, 1.37423794513e-05, 1.22213123177e-05, 1.31123433675e-05, 1.06067236629e-05, 9.59821318247e-06, 8.21939556772e-06, 7.04191415934e-06, 6.02670070293e-06, 4.15649810748e-06, 3.75841432287e-06, 2.34985895986e-06, 1.63473475823e-06, 1.25210362967e-06, 1.03755996861e-06, 6.7384257818e-07, 6.3782624693e-07, 5.54700648081e-07, 4.6134610443e-07, 3.2375299952e-07, 2.39858763962e-07],
        "stdev": [0.00551925273612, 0.00407096743584, 0.00178027176298, 0.0010906093521, 0.000459804956336, 0.000592877331655, 0.000683167017996, 0.000652572663967, 0.000250515964581, 0.000337034638505, 0.000178783768206, 0.000104463557363, 0.000105598592199, 0.000115508875751, 0.000106807623524, 8.2253558503e-05, 6.29770656815e-05, 5.32106641913e-05, 5.41733315913e-05, 3.63573126378e-05, 4.3785359594e-05, 4.01855795644e-05, 4.65033554065e-05, 3.67556422134e-05, 3.29138820234e-05, 2.60673969024e-05, 2.46859635809e-05, 2.15557029151e-05, 1.36852231662e-05, 1.05252474896e-05, 6.3184602368e-06, 4.39582890976e-06, 3.10232280754e-06, 2.32422917179e-06, 1.90941591427e-06, 3.02526382256e-06, 1.81611142125e-06, 1.20533559311e-06, 8.08550396414e-07, 5.38269716799e-07]
    },
    "melbands128": {
        "mean": [0.000507374759763, 0.00274503487162, 0.00346660381183, 0.00272768805735, 0.0017138842959, 0.00128577719443, 0.000956788368057, 0.00070536416024, 0.000476515328046, 0.000626799999736, 0.000788897101302, 0.000307025155053, 0.000225361800403, 0.000247599091381, 0.000251033372479, 0.000262637535343, 0.000244009162998, 0.000280193489743, 0.000358730583685, 0.000320955878124, 0.000212545011891, 0.000126571729197, 8.45005488372e-05, 9.94233851088e-05, 0.000128490064526, 0.000168570695678, 9.68949534581e-05, 6.87400097377e-05, 4.47602978966e-05, 4.04046440963e-05, 3.90362692997e-05, 4.00428434659e-05, 3.75564086426e-05, 3.69322224287e-05, 3.34235191985e-05, 4.04681268265e-05, 3.34212563757e-05, 3.53885952791e-05, 3.58474862878e-05, 2.78143434116e-05, 2.80457188637e-05, 2.7355077691e-05, 2.46095114562e-05, 2.23004662985e-05, 1.98754423764e-05, 1.80036731763e-05, 1.74958277057e-05, 1.87725163414e-05, 1.78635527845e-05, 1.42725848491e-05, 1.1054994502e-05, 1.24302423501e-05, 1.1046329746e-05, 1.66097343026e-05, 1.5629313566e-05, 1.0674339137e-05, 1.02954672911e-05, 1.1452574654e-05, 1.58590901265e-05, 1.32244585984e-05, 1.02286057881e-05, 8.64511002874e-06, 8.36205890664e-06, 1.10610617412e-05, 9.77396211965e-06, 6.86493422108e-06, 9.54754614213e-06, 5.59938598599e-06, 7.14183443051e-06, 7.85453994467e-06, 5.85421003052e-06, 5.47070658286e-06, 4.23678056904e-06, 3.68856285604e-06, 4.41831480202e-06, 4.14467103838e-06, 3.47050149685e-06, 2.71676435659e-06, 2.26425117944e-06, 1.8718657202e-06, 1.61635637141e-06, 1.5966814999e-06, 1.50749224304e-06, 1.09425968731e-06, 1.11955296234e-06, 1.35734319429e-06, 8.80248364865e-07, 7.05251807176e-07, 6.63730759243e-07, 6.50242327538e-07, 6.42776512905e-07, 6.50279048386e-07, 5.99740303642e-07, 5.70783242893e-07, 5.02433067595e-07, 5.16699458331e-07, 4.47943023119e-07, 3.93378712715e-07, 3.43425909932e-07, 2.74473251238e-07, 2.63326711547e-07, 2.39743656039e-07, 2.0643746268e-07, 1.83379682994e-07, 1.78294541797e-07, 1.50553674416e-07, 1.52757692717e-07, 1.18624598144e-07, 9.38306428111e-08, 7.78387132527e-08, 6.25570351076e-08, 4.51805384216e-08, 3.47263764411e-08, 1.88817956825e-08, 1.15084546337e-08, 6.35179020492e-09, 3.55239304639e-09, 3.54821422244e-10, 7.63289015326e-11, 2.32229964425e-11, 1.66089156317e-11, 3.69576765025e-12, 3.47152862012e-12, 3.41053010486e-12, 3.36414923696e-12, 3.3339839136e-12, 3.30921791705e-12, 3.28509506924e-12],
        "stdev": [0.00107431504875, 0.00699090026319, 0.00762984436005, 0.00509692076594, 0.00461816275492, 0.00425103260204, 0.00241666077636, 0.0015871359501, 0.000953460112214, 0.00133466778789, 0.00185748690274, 0.000555078615434, 0.000484688120196, 0.000559372536372, 0.000691112771165, 0.000845937000122, 0.000777689740062, 0.00083976436872, 0.00114258367103, 0.000987728824839, 0.000753594038542, 0.000407399988035, 0.000264790840447, 0.000332354946295, 0.000404733873438, 0.000553909281734, 0.000298042141367, 0.000237610613112, 0.00013812610996, 0.000120015552966, 0.000137245020596, 0.000155098488904, 0.00013523636153, 0.000124927653815, 0.000126580620417, 0.000183592477697, 0.000120686963783, 0.000132260262035, 0.000132927991217, 9.18560690479e-05, 0.000100446748547, 9.63063648669e-05, 7.53433414502e-05, 7.58604583098e-05, 7.12512337486e-05, 5.99879822403e-05, 6.31484872429e-05, 6.52577800793e-05, 5.98657825321e-05, 5.11090547661e-05, 3.64002589777e-05, 3.99038181058e-05, 3.67873944924e-05, 6.63661121507e-05, 6.06352914474e-05, 3.64801853721e-05, 3.70579728042e-05, 4.21849108534e-05, 6.39173595118e-05, 5.60165462957e-05, 3.73952025257e-05, 2.8805274269e-05, 3.38437748724e-05, 4.16469265474e-05, 3.352181011e-05, 2.20622114284e-05, 3.47844288626e-05, 1.95211050595e-05, 2.71464250545e-05, 3.31032679242e-05, 2.05032392842e-05, 2.08299734368e-05, 1.57009508257e-05, 1.25665155792e-05, 1.50980667968e-05, 1.31027527459e-05, 9.61184650805e-06, 8.38044707052e-06, 6.71154339216e-06, 5.3303670029e-06, 4.53482334706e-06, 4.73476120533e-06, 4.34504681834e-06, 3.13825944431e-06, 2.70958457804e-06, 3.31902265316e-06, 2.16729017666e-06, 1.80139829808e-06, 1.78676623364e-06, 3.36019388669e-06, 3.95915958507e-06, 4.27360782851e-06, 2.09794734474e-06, 1.73653484126e-06, 2.59339071818e-06, 1.53870212216e-06, 1.08159883894e-06, 1.04670027667e-06, 1.03256479633e-06, 7.3344079965e-07, 6.21008666712e-07, 5.72671694954e-07, 4.92466426749e-07, 4.42818276269e-07, 4.57149496924e-07, 4.27443637818e-07, 4.25409410809e-07, 3.19880882671e-07, 2.67352533001e-07, 2.2283394685e-07, 1.93873617604e-07, 1.44237205291e-07, 1.17493044627e-07, 6.74262494726e-08, 4.39027445509e-08, 3.00740090609e-08, 1.76171663924e-08, 3.32895333521e-09, 3.20774895535e-09, 1.29537758298e-09, 8.60047699724e-10, 1.58924037125e-11, 6.66723620757e-12, 6.55415652306e-12, 6.45625697002e-12, 6.3815970737e-12, 6.32600612518e-12, 6.29072054864e-12]
    },
    "mfcc": {
        "mean": [-729.743164062, 136.964370728, 21.7285804749, 27.1929130554, 5.40503644943, 5.85919332504, -3.34503340721, 0.063435152173, 0.724899053574, 2.43198251724, 1.1750844717, 1.44047474861, -0.14397379756],
        "cov": [[10365.3457031, -920.094604492, -1439.22644043, 31.8747596741, -665.810302734, -48.7305679321, 2.70275568962, 19.7037849426, -80.2941207886, 62.464881897, -2.12340784073, -22.2723960876, -142.239517212], [-920.094604492, 2492.34350586, -277.524658203, -157.194122314, 182.758102417, -19.6750621796, 51.746181488, 185.3253479, 120.081611633, 9.53129577637, 125.049377441, 45.4431724548, 105.569519043], [-1439.22644043, -277.524658203, 1601.19006348, 178.273757935, 262.877624512, 181.901473999, 32.893573761, -46.9061737061, 21.8870391846, -24.9187602997, -24.1614360809, 98.3233413696, 87.5951919556], [31.8747596741, -157.194122314, 178.273757935, 636.382080078, 155.472473145, 56.8989219666, -7.31995296478, -32.2872314453, -30.0667533875, -25.8953742981, -34.513092041, -2.7212023735, 35.4510192871], [-665.810302734, 182.758102417, 262.877624512, 155.472473145, 444.72555542, 77.4926834106, -62.9831886292, 7.08659601212, 36.7227058411, 12.8301143646, 1.73883712292, 21.6441307068, 40.6359710693], [-48.7305679321, -19.6750621796, 181.901473999, 56.8989219666, 77.4926834106, 282.950195312, 111.586837769, 30.3410396576, 10.9953565598, 24.3325519562, 36.5636940002, 16.8917579651, 11.2576217651], [2.70275568962, 51.746181488, 32.893573761, -7.31995296478, -62.9831886292, 111.586837769, 272.84777832, 84.3908462524, 11.9364147186, 42.2434501648, 41.3177375793, 4.42983531952, 11.731803894], [19.7037849426, 185.3253479, -46.9061737061, -32.2872314453, 7.08659601212, 30.3410396576, 84.3908462524, 201.778381348, 67.1979827881, 22.6830940247, 37.3841667175, 18.8132686615, 21.7820224762], [-80.2941207886, 120.081611633, 21.8870391846, -30.0667533875, 36.7227058411, 10.9953565598, 11.9364147186, 67.1979827881, 176.68371582, 77.3994064331, 46.8967323303, 19.3443946838, 24.8068199158], [62.464881897, 9.53129577637, -24.9187602997, -25.8953742981, 12.8301143646, 24.3325519562, 42.2434501648, 22.6830940247, 77.3994064331, 162.422042847, 68.6092453003, 1.50625312328, 14.6720046997], [-2.12340784073, 125.049377441, -24.1614360809, -34.513092041, 1.73883712292, 36.5636940002, 41.3177375793, 37.3841667175, 46.8967323303, 68.6092453003, 128.598587036, 41.5411453247, 23.3530292511], [-22.2723960876, 45.4431724548, 98.3233413696, -2.7212023735, 21.6441307068, 16.8917579651, 4.42983531952, 18.8132686615, 19.3443946838, 1.50625312328, 41.5411453247, 105.510627747, 36.9848594666], [-142.239517212, 105.569519043, 87.5951919556, 35.4510192871, 40.6359710693, 11.2576217651, 11.731803894, 21.7820224762, 24.8068199158, 14.6720046997, 23.3530292511, 36.9848594666, 100.600326538]],
        "icov": [[0.000127798091853, 4.27232807851e-05, 0.000117235169455, -6.35262549622e-05, 0.000157663496793, -9.73599817371e-05, 7.28337472538e-05, -5.84440531384e-05, 2.90897951345e-05, -9.93447174551e-05, 6.91981840646e-05, -0.000163510994753, 5.8903307945e-05], [4.27232807851e-05, 0.000535887316801, 0.000168529935763, 0.000139911979204, -0.000292760902084, 0.00010703937005, -0.000118496696814, -0.000248882774031, -0.000180522503797, 0.000391751789721, -0.000453995511634, 8.54733370943e-05, -0.000462667900138], [0.000117235169455, 0.000168529935763, 0.00096978561487, -6.65348343318e-05, -0.000297312886687, -0.000453945074696, -0.00017903164553, 0.000306731817545, -0.000236266874708, 0.00014101441775, 0.000473597989185, -0.000848210183904, -0.000467114412459], [-6.35262549622e-05, 0.000139911979204, -6.65348343318e-05, 0.00191472144797, -0.00076348008588, -0.000120984353998, -0.00022136545158, 0.000223641429329, 0.000193177998881, 0.000301423395285, 0.000222100046813, 0.000344806932844, -0.000824039452709], [0.000157663496793, -0.000292760902084, -0.000297312886687, -0.00076348008588, 0.00354189192876, -0.00115956971422, 0.00156371004414, -0.000453477958217, -0.000163160133525, -0.000778205809183, 0.000515061081387, -0.000192952735233, -0.000221931171836], [-9.73599817371e-05, 0.00010703937005, -0.000453945074696, -0.000120984353998, -0.00115956971422, 0.00514466082677, -0.00224857591093, 0.000107935287815, 7.7482269262e-05, 0.000304605026031, -0.00131478602998, 0.000166506622918, 0.000499909394421], [7.28337472538e-05, -0.000118496696814, -0.00017903164553, -0.00022136545158, 0.00156371004414, -0.00224857591093, 0.00593531457707, -0.00233720359392, 0.00111221568659, -0.00146640813909, -0.000312000396661, 0.000466872763354, -0.00026450434234], [-5.84440531384e-05, -0.000248882774031, 0.000306731817545, 0.000223641429329, -0.000453477958217, 0.000107935287815, -0.00233720359392, 0.0072036255151, -0.00265237153508, 0.00125513109379, -0.000466840632726, -0.000455533532659, -0.000536589301191], [2.90897951345e-05, -0.000180522503797, -0.000236266874708, 0.000193177998881, -0.000163160133525, 7.7482269262e-05, 0.00111221568659, -0.00265237153508, 0.00873233843595, -0.00393013097346, -0.000257092091488, -0.0005272878916, -0.000456525420304], [-9.93447174551e-05, 0.000391751789721, 0.00014101441775, 0.000301423395285, -0.000778205809183, 0.000304605026031, -0.00146640813909, 0.00125513109379, -0.00393013097346, 0.0105455685407, -0.00508866365999, 0.00253100693226, -0.000919193902519], [6.91981840646e-05, -0.000453995511634, 0.000473597989185, 0.000222100046813, 0.000515061081387, -0.00131478602998, -0.000312000396661, -0.000466840632726, -0.000257092091488, -0.00508866365999, 0.0134820332751, -0.00511296698824, -0.000284221576294], [-0.000163510994753, 8.54733370943e-05, -0.000848210183904, 0.000344806932844, -0.000192952735233, 0.000166506622918, 0.000466872763354, -0.000455533532659, -0.0005272878916, 0.00253100693226, -0.00511296698824, 0.0136392172426, -0.00366688729264], [5.8903307945e-05, -0.000462667900138, -0.000467114412459, -0.000824039452709, -0.000221931171836, 0.000499909394421, -0.00026450434234, -0.000536589301191, -0.000456525420304, -0.000919193902519, -0.000284221576294, -0.00366688729264, 0.013047689572]]
    },
    "spectral_contrast_coeffs": {
        "mean": [-0.713437736034, -0.741208076477, -0.780015349388, -0.807161808014, -0.808917224407, -0.776387929916],
        "stdev": [0.100723154843, 0.0837371870875, 0.0839953050017, 0.0590110681951, 0.0494093634188, 0.0607656687498]
    },
    "spectral_contrast_valleys": {
        "mean": [-7.0917596817, -7.34557056427, -8.3212556839, -8.55441570282, -8.60891819, -11.1389522552],
        "stdev": [1.30053973198, 1.17315721512, 1.2213498354, 1.19188857079, 1.32212388515, 1.48504459858]
    }
},
"rhythm": {
    "beats_count": 366,
    "beats_loudness": {
        "mean": 0.0619103424251,
        "stdev": 0.0270164981484
    },
    "bpm": 101.247016907,
    "bpm_histogram_first_peak_bpm": 101,
    "bpm_histogram_first_peak_weight": 0.185595571995,
    "bpm_histogram_second_peak_bpm": 91,
    "bpm_histogram_second_peak_spread": 0,
    "bpm_histogram_second_peak_weight": 0.00821917876601,
    "danceability": 1.72737932205,
    "onset_rate": 4.71759462357,
    "beats_loudness_band_ratio": {
        "mean": [0.550608038902, 0.117501825094, 0.0978640392423, 0.0739358812571, 0.102755002677, 0.0796021446586],
        "stdev": [0.333855390549, 0.116777874529, 0.10520272702, 0.0719935446978, 0.110446706414, 0.0846265777946]
    },
    "beats_position": [0.638548731804, 1.28870749474, 1.95047616959, 2.61224484444, 3.22757363319, 3.83129239082, 4.42340135574, 5.01551008224, 5.60761880875, 6.19972801208, 6.79183673859, 7.38394546509, 7.97605419159, 8.56816291809, 9.17188167572, 9.76399040222, 10.3560991287, 10.9482088089, 11.5403175354, 12.1208162308, 12.7129249573, 13.3050336838, 13.8971424103, 14.4892511368, 15.0929698944, 15.6850786209, 16.2771873474, 16.8576869965, 17.4614048004, 18.0535144806, 18.6456241608, 19.2377319336, 19.8298416138, 20.4219493866, 21.0140590668, 21.6061668396, 22.1982765198, 22.7903842926, 23.3824939728, 23.974603653, 24.5667114258, 25.158821106, 25.7509288788, 26.343038559, 26.9351463318, 27.527256012, 28.1193637848, 28.711473465, 29.3035831451, 29.895690918, 30.4878005981, 31.079908371, 31.6720180511, 32.2757377625, 32.8678436279, 33.4599533081, 34.0520629883, 34.6441726685, 35.2362823486, 35.8283882141, 36.4204978943, 37.0126075745, 37.6047172546, 38.1968231201, 38.7889328003, 39.3810424805, 39.9731521606, 40.5652618408, 41.1689796448, 41.761089325, 42.3531951904, 42.9453048706, 43.5374145508, 44.129524231, 44.7216300964, 45.3021316528, 45.9058494568, 46.497959137, 47.0900688171, 47.6821746826, 48.2742843628, 48.866394043, 49.4585037231, 50.0390014648, 50.6427192688, 51.234828949, 51.8269386292, 52.4190483093, 53.0111541748, 53.603263855, 54.1953735352, 54.7874832153, 55.3795890808, 55.971698761, 56.5638084412, 57.1559181213, 57.7480278015, 58.340133667, 58.9322433472, 59.5243530273, 60.1164627075, 60.708568573, 61.3006782532, 61.8927879333, 62.4848976135, 63.0770072937, 63.6691131592, 64.2612228394, 64.8533325195, 65.4454421997, 66.0375518799, 66.6412658691, 67.2449874878, 67.8487091064, 68.4292068481, 69.0213165283, 69.6134262085, 70.2055282593, 70.7976379395, 71.3897476196, 71.9818572998, 72.57396698, 73.1660766602, 73.7581863403, 74.3502960205, 74.9424057007, 75.5229034424, 76.1150131226, 76.7187271118, 77.310836792, 77.9029464722, 78.4834442139, 79.0871658325, 79.6792755127, 80.2713851929, 80.8518829346, 81.4555969238, 82.047706604, 82.6398162842, 83.2319259644, 83.8240356445, 84.4161453247, 85.0082550049, 85.6003646851, 86.1924667358, 86.784576416, 87.3766860962, 87.9687957764, 88.5609054565, 89.1530151367, 89.7451248169, 90.3372344971, 90.9293441772, 91.521446228, 92.1135559082, 92.7056655884, 93.2977752686, 93.8898849487, 94.4819946289, 95.0741043091, 95.6662139893, 96.2699279785, 96.8620376587, 97.4541473389, 98.046257019, 98.6383666992, 99.2304763794, 99.8225860596, 100.41469574, 101.006797791, 101.587303162, 102.191017151, 102.79473877, 103.375236511, 103.967346191, 104.559455872, 105.163169861, 105.755279541, 106.347389221, 106.927886963, 107.531608582, 108.112106323, 108.715827942, 109.307937622, 109.900039673, 110.492149353, 111.084259033, 111.664756775, 112.268478394, 112.860588074, 113.452697754, 114.044807434, 114.636917114, 115.229019165, 115.821128845, 116.413238525, 117.005348206, 117.597457886, 118.189567566, 118.781677246, 119.373786926, 119.965896606, 120.557998657, 121.150108337, 121.742218018, 122.334327698, 122.926437378, 123.518547058, 124.110656738, 124.702766418, 125.294876099, 125.87537384, 126.47908783, 127.07119751, 127.66330719, 128.25541687, 128.847518921, 129.43963623, 130.031738281, 130.623855591, 131.215957642, 131.808074951, 132.400177002, 132.992294312, 133.584396362, 134.176498413, 134.768615723, 135.360717773, 135.952835083, 136.544937134, 137.137054443, 137.729156494, 138.321273804, 138.913375854, 139.505477905, 140.097595215, 140.689697266, 141.281814575, 141.873916626, 142.466033936, 143.058135986, 143.650253296, 144.242355347, 144.834457397, 145.426574707, 146.030288696, 146.622406006, 147.214508057, 147.806625366, 148.398727417, 148.990829468, 149.582946777, 150.175048828, 150.767166138, 151.359268188, 151.951385498, 152.555099487, 153.147201538, 153.739318848, 154.31980896, 154.91192627, 155.50402832, 156.09614563, 156.688247681, 157.291976929, 157.872467041, 158.47618103, 159.06829834, 159.660400391, 160.240905762, 160.844619751, 161.425125122, 162.028839111, 162.620956421, 163.213058472, 163.793563843, 164.397277832, 164.989379883, 165.581497192, 166.173599243, 166.765716553, 167.357818604, 167.949935913, 168.530426025, 169.134140015, 169.714645386, 170.318359375, 170.910476685, 171.502578735, 172.094696045, 172.686798096, 173.267303467, 173.871017456, 174.463119507, 175.055236816, 175.647338867, 176.239456177, 176.831558228, 177.423675537, 178.004165649, 178.607894897, 179.18838501, 179.792098999, 180.384216309, 180.976318359, 181.568435669, 182.16053772, 182.752655029, 183.34475708, 183.93687439, 184.52897644, 185.121078491, 185.713195801, 186.305297852, 186.897415161, 187.477905273, 188.081634521, 188.662124634, 189.265853882, 189.857955933, 190.450057983, 191.042175293, 191.634277344, 192.226394653, 192.818496704, 193.410614014, 194.002716064, 194.594833374, 195.186935425, 195.779037476, 196.371154785, 196.963256836, 197.555374146, 198.147476196, 198.739593506, 199.331695557, 199.923812866, 200.515914917, 201.108016968, 201.700134277, 202.292236328, 202.884353638, 203.476455688, 204.068572998, 204.660675049, 205.252792358, 205.844894409, 206.43699646, 207.02911377, 207.62121582, 208.21333313, 208.805435181, 209.39755249, 209.989654541, 210.581771851, 211.173873901, 211.765975952, 212.358093262, 212.950195312, 213.542312622, 214.134414673, 214.738143921, 215.34185791, 215.945571899, 216.560897827, 217.187835693],
    "bpm_histogram": [0, 0, 0, 0, 0, 0, 0, 0, 0, 0, 0, 0, 0, 0, 0, 0, 0, 0, 0, 0, 0, 0, 0, 0, 0, 0, 0, 0, 0, 0, 0, 0, 0, 0, 0, 0, 0, 0, 0, 0, 0, 0, 0, 0, 0, 0, 0, 0, 0, 0, 0, 0, 0, 0, 0, 0, 0, 0, 0, 0, 0, 0, 0, 0, 0, 0, 0, 0, 0, 0, 0, 0, 0, 0, 0, 0, 0, 0, 0, 0, 0, 0, 0, 0, 0, 0, 0, 0, 0, 0, 0, 0.00547945220023, 0.00273972610012, 0, 0, 0, 0.00273972610012, 0, 0.00547945220023, 0.106849312782, 0, 0.805479466915, 0, 0.0712328776717, 0, 0, 0, 0, 0, 0, 0, 0, 0, 0, 0, 0, 0, 0, 0, 0, 0, 0, 0, 0, 0, 0, 0, 0, 0, 0, 0, 0, 0, 0, 0, 0, 0, 0, 0, 0, 0, 0, 0, 0, 0, 0, 0, 0, 0, 0, 0, 0, 0, 0, 0, 0, 0, 0, 0, 0, 0, 0, 0, 0, 0, 0, 0, 0, 0, 0, 0, 0, 0, 0, 0, 0, 0, 0, 0, 0, 0, 0, 0, 0, 0, 0, 0, 0, 0, 0, 0, 0, 0, 0, 0, 0, 0, 0, 0, 0, 0, 0, 0, 0, 0, 0, 0, 0, 0, 0, 0, 0, 0, 0, 0, 0, 0, 0, 0, 0, 0, 0, 0, 0, 0, 0, 0, 0, 0, 0, 0, 0, 0, 0, 0, 0, 0, 0, 0, 0, 0, 0, 0, 0, 0, 0, 0, 0, 0, 0]
},
"tonal": {
    "chords_changes_rate": 0.1327508986,
    "chords_number_rate": 0.00319624971598,
    "chords_strength": {
        "mean": 0.495462566614,
        "stdev": 0.105969056487
    },
    "hpcp_crest": {
        "mean": 12.6396942139,
        "stdev": 5.87063884735
    },
    "hpcp_entropy": {
        "mean": 2.1431286335,
        "stdev": 0.78657156229
    },
    "key_edma": {
        "strength": 0.682138681412,
        "key": "A#",
        "scale": "major"
    },
    "key_krumhansl": {
        "strength": 0.685944736004,
        "key": "A#",
        "scale": "minor"
    },
    "key_temperley": {
        "strength": 0.703872144222,
        "key": "A#",
        "scale": "minor"
    },
    "tuning_diatonic_strength": 0.621633112431,
    "tuning_equal_tempered_deviation": 0.286024034023,
    "tuning_frequency": 434.193115234,
    "tuning_nontempered_energy_ratio": 0.911964833736,
    "hpcp": {
        "mean": [0.139821365476, 0.145720019937, 0.156765013933, 0.157198056579, 0.149069175124, 0.132121428847, 0.115019030869, 0.103053741157, 0.0895134657621, 0.0825662985444, 0.0933154895902, 0.107475705445, 0.0953537002206, 0.0743053406477, 0.0641513168812, 0.0647165104747, 0.0650940164924, 0.0588504858315, 0.0706439241767, 0.12701870501, 0.149848967791, 0.107411339879, 0.0783969312906, 0.0961912274361, 0.144329458475, 0.251472502947, 0.313655138016, 0.216521605849, 0.113799013197, 0.08251555264, 0.0775246098638, 0.0777295529842, 0.0766617804766, 0.0798756554723, 0.0950892046094, 0.123308129609],
        "stdev": [0.263409525156, 0.249551206827, 0.274699270725, 0.275961250067, 0.284486353397, 0.25027769804, 0.234397038817, 0.219331651926, 0.198210760951, 0.177410826087, 0.167643040419, 0.181100189686, 0.184559002519, 0.177703306079, 0.157294258475, 0.158575981855, 0.162121862173, 0.15146741271, 0.164169535041, 0.249106124043, 0.292610645294, 0.21759827435, 0.172862455249, 0.178814649582, 0.226784825325, 0.316733211279, 0.385886847973, 0.296041339636, 0.213243231177, 0.180134490132, 0.176953479648, 0.172577947378, 0.174753934145, 0.177311465144, 0.215659707785, 0.239781737328]
    },
    "chords_histogram": [12.2522907257, 9.8657579422, 12.0818243027, 3.40933299065, 0.745791614056, 0.063924998045, 0.12784999609, 6.30726623535, 9.01342391968, 25.2716808319, 1.00149154663, 0, 0.170466646552, 0.085233323276, 2.85531640053, 2.55699968338, 3.70764970779, 1.40634989738, 0, 0.277008324862, 1.68335819244, 4.06989145279, 0.745791614056, 2.30129981041],
    "thpcp": [1, 0.690317392349, 0.362815707922, 0.263077318668, 0.247165113688, 0.247818529606, 0.244414240122, 0.254660755396, 0.303164809942, 0.393132835627, 0.445780575275, 0.464586734772, 0.499800562859, 0.501181185246, 0.475264579058, 0.421231508255, 0.366705387831, 0.328557491302, 0.285388171673, 0.263239115477, 0.297509849072, 0.342655658722, 0.304008096457, 0.236901402473, 0.204528182745, 0.206330150366, 0.207533717155, 0.187628000975, 0.225228011608, 0.404962927103, 0.477750718594, 0.34245043993, 0.249946266413, 0.306678295135, 0.460153341293, 0.801748394966],
    "chords_key": "F",
    "chords_scale": "major"
}
}