{
"metadata": {
    "version": {
        "essentia": "2.1-dev",
        "essentia_git_sha": "v2.1_beta3-415-gd5473f3",
        "extractor": "music 2.0"
    },
    "audio_properties": {
        "analysis": {
            "equal_loudness": 0,
            "length": 222.040817261,
            "sample_rate": 44100,
            "start_time": 0,
            "downmix": "mix"
        },
        "bit_rate": 192000,
        "length": 222.040817261,
        "lossless": 0,
        "number_channels": 2,
        "replay_gain": -10.0830574036,
        "sample_rate": 44100,
        "codec": "mp3",
        "md5_encoded": "e601f922bef4a198f17d5a7f70e92aa3"
    },
    "tags": {
        "file_name": "7_notas_7_colores-este_es_un_problema_para_mis_oidos.mp3"
    }
},
"lowlevel": {
    "average_loudness": 0.829575002193,
    "barkbands_crest": {
        "mean": 13.0899152756,
        "stdev": 5.80842161179
    },
    "barkbands_flatness_db": {
        "mean": 0.187809675932,
        "stdev": 0.0761420354247
    },
    "barkbands_kurtosis": {
        "mean": 24.0563106537,
        "stdev": 43.6189956665
    },
    "barkbands_skewness": {
        "mean": 3.2959280014,
        "stdev": 2.89282774925
    },
    "barkbands_spread": {
        "mean": 21.2815380096,
        "stdev": 22.1417770386
    },
    "dissonance": {
        "mean": 0.465152055025,
        "stdev": 0.0263742096722
    },
    "dynamic_complexity": 7.23826122284,
    "erbbands_crest": {
        "mean": 8.6630153656,
        "stdev": 3.73207688332
    },
    "erbbands_flatness_db": {
        "mean": 0.146815627813,
        "stdev": 0.0390822328627
    },
    "erbbands_kurtosis": {
        "mean": 0.647508382797,
        "stdev": 3.38765192032
    },
    "erbbands_skewness": {
        "mean": 0.283510297537,
        "stdev": 1.11896836758
    },
    "erbbands_spread": {
        "mean": 55.7102890015,
        "stdev": 29.0593261719
    },
    "hfc": {
        "mean": 14.5751924515,
        "stdev": 24.7617683411
    },
    "loudness_ebu128": {
        "integrated": -13.0211772919,
        "loudness_range": 7.18550109863,
        "momentary": {
            "mean": -18.4120082855,
            "stdev": 10.3042869568
        },
        "short_term": {
            "mean": -17.3892688751,
            "stdev": 9.10618305206
        }
    },
    "melbands_crest": {
        "mean": 19.5409355164,
        "stdev": 7.80288982391
    },
    "melbands_flatness_db": {
        "mean": 0.264147281647,
        "stdev": 0.102044336498
    },
    "melbands_kurtosis": {
        "mean": 67.7919235229,
        "stdev": 104.602432251
    },
    "melbands_skewness": {
        "mean": 5.46102380753,
        "stdev": 3.82265663147
    },
    "melbands_spread": {
        "mean": 21.2848548889,
        "stdev": 33.0544624329
    },
    "pitch_salience": {
        "mean": 0.471416860819,
        "stdev": 0.173349186778
    },
    "silence_rate_20dB": {
        "mean": 1,
        "stdev": 0
    },
    "silence_rate_30dB": {
        "mean": 0.863237142563,
        "stdev": 0.343580037355
    },
    "silence_rate_60dB": {
        "mean": 0.210581347346,
        "stdev": 0.407731533051
    },
    "spectral_centroid": {
        "mean": 1313.96020508,
        "stdev": 904.749328613
    },
    "spectral_complexity": {
        "mean": 11.1814098358,
        "stdev": 10.6561851501
    },
    "spectral_decrease": {
        "mean": -1.06930322374e-08,
        "stdev": 1.52525103658e-08
    },
    "spectral_energy": {
        "mean": 0.0416801385581,
        "stdev": 0.0582765899599
    },
    "spectral_energyband_high": {
        "mean": 0.000806412019301,
        "stdev": 0.00246548000723
    },
    "spectral_energyband_low": {
        "mean": 0.0303213205189,
        "stdev": 0.0558963678777
    },
    "spectral_energyband_middle_high": {
        "mean": 0.00247030309401,
        "stdev": 0.00469141360372
    },
    "spectral_energyband_middle_low": {
        "mean": 0.00894827023149,
        "stdev": 0.0118082808331
    },
    "spectral_entropy": {
        "mean": 7.48146867752,
        "stdev": 0.563167572021
    },
    "spectral_flux": {
        "mean": 0.0741515830159,
        "stdev": 0.0732419490814
    },
    "spectral_kurtosis": {
        "mean": 3.99855256081,
        "stdev": 3.30134510994
    },
    "spectral_rms": {
        "mean": 0.00499888090417,
        "stdev": 0.00395913841203
    },
    "spectral_rolloff": {
        "mean": 1540.56726074,
        "stdev": 2507.90478516
    },
    "spectral_skewness": {
        "mean": 1.45857715607,
        "stdev": 0.578719258308
    },
    "spectral_spread": {
        "mean": 5328299,
        "stdev": 2025417.875
    },
    "spectral_strongpeak": {
        "mean": 0.561079442501,
        "stdev": 0.563173890114
    },
    "zerocrossingrate": {
        "mean": 0.0569691061974,
        "stdev": 0.0582020431757
    },
    "barkbands": {
        "mean": [0.00138523895293, 0.0241518057883, 0.0039410837926, 0.0019074663287, 0.00405168067664, 0.000725915655494, 0.000858260435052, 0.000587313377764, 0.000774913583882, 0.000218425615458, 0.000177742855158, 0.000165259916685, 0.000159774470376, 0.000215583990212, 0.000230375764659, 0.000296852231259, 0.000274584454019, 0.000388443470001, 0.000231271682424, 0.000247179908911, 0.000278609135421, 0.000172103304067, 0.000135282913106, 6.35288888589e-05, 3.32372619596e-05, 7.65024742577e-06, 3.46873264334e-07],
        "stdev": [0.00300728227012, 0.0490640699863, 0.0104399798438, 0.00447521451861, 0.00629969779402, 0.0014512456255, 0.00213719741441, 0.00157145701814, 0.00169383792672, 0.000875382800587, 0.000781277311035, 0.000625661574304, 0.00070375012001, 0.000687396444846, 0.000786183285527, 0.000859841704369, 0.000712057808414, 0.000801451911684, 0.000609690963756, 0.000826427654829, 0.00101094658021, 0.000554505502805, 0.000433467212133, 0.000148470091517, 8.46953844302e-05, 1.80549213837e-05, 1.14059685075e-06]
    },
    "erbbands": {
        "mean": [1.09119212627, 3.83073282242, 4.86875200272, 5.38912391663, 12.0579862595, 12.7881326675, 8.80774211884, 4.22462034225, 9.54848194122, 14.1306295395, 16.7910861969, 15.8184242249, 6.36241054535, 9.74286079407, 6.93906593323, 6.05311727524, 8.03653335571, 10.5327444077, 12.0188436508, 13.5134868622, 15.3409566879, 17.4567775726, 19.3356113434, 15.9894933701, 11.469994545, 11.8175964355, 11.2895298004, 9.98265647888, 6.23233890533, 5.33436727524, 3.42706823349, 1.65970504284, 0.928266167641, 0.472965598106, 0.185019940138, 0.0524156428874, 0.0110253207386, 0.00128834857605, 7.54028296797e-05, 4.98102599522e-05],
        "stdev": [2.33016300201, 7.9374089241, 11.9752092361, 13.4872188568, 20.5735149384, 20.4413909912, 18.728767395, 9.41847991943, 25.1838321686, 34.1355781555, 38.7900314331, 37.3864326477, 15.6780986786, 42.1185951233, 27.4604816437, 19.9212532043, 36.0964202881, 32.4511528015, 39.8070030212, 41.7303161621, 40.658618927, 43.7166481018, 41.1001052856, 35.062084198, 35.1646995544, 39.0288467407, 42.0227622986, 34.2013092041, 19.8777351379, 17.3087120056, 10.6056213379, 4.47705316544, 2.04874968529, 1.20505976677, 0.478075832129, 0.128108531237, 0.0254929047078, 0.00302983354777, 0.000187819969142, 6.49468784104e-05]
    },
    "gfcc": {
        "mean": [-81.0830688477, 83.372467041, -84.5702438354, 58.4083023071, -50.698928833, 5.25779914856, -42.1187858582, 21.0065879822, -21.0865325928, -1.12775349617, -17.2341442108, -5.6426024437, -12.6748447418],
        "cov": [[18326.6425781, 3290.62353516, -2827.04711914, -441.150939941, -337.561645508, 125.816665649, 220.252822876, -283.444641113, 702.171081543, 198.769958496, 30.1562175751, -538.599365234, 283.560424805], [3290.62353516, 2245.68188477, -436.052703857, -449.877929688, 253.217712402, -198.748306274, 69.1488037109, -50.5200119019, 162.589889526, -44.1066474915, 100.680419922, -222.633743286, 100.572120667], [-2827.04711914, -436.052703857, 1313.9621582, 338.640563965, 94.2554626465, -19.6799507141, -8.48825073242, 43.1694297791, -83.1357116699, -54.01902771, 12.4834442139, 109.612571716, -82.2649612427], [-441.150939941, -449.877929688, 338.640563965, 555.161315918, -20.5592441559, 5.14995145798, 50.8121452332, 9.0491065979, 100.418365479, 30.8344173431, 6.68639039993, 54.4911956787, 12.1757240295], [-337.561645508, 253.217712402, 94.2554626465, -20.5592441559, 421.589569092, 46.0285758972, 79.2199935913, 108.025642395, 85.4211883545, 34.1289710999, 87.9231796265, -7.56686735153, 42.9479484558], [125.816665649, -198.748306274, -19.6799507141, 5.14995145798, 46.0285758972, 345.516326904, 153.63848877, 2.92333889008, 16.8434391022, 30.4812984467, 53.7202911377, 58.8046302795, 5.15827560425], [220.252822876, 69.1488037109, -8.48825073242, 50.8121452332, 79.2199935913, 153.63848877, 256.808563232, 40.3705329895, 90.6130981445, 47.1125030518, 79.6499557495, 40.6067810059, 26.9816093445], [-283.444641113, -50.5200119019, 43.1694297791, 9.0491065979, 108.025642395, 2.92333889008, 40.3705329895, 194.671081543, 97.8979034424, 55.964302063, 42.8112297058, 7.11446809769, 17.5858840942], [702.171081543, 162.589889526, -83.1357116699, 100.418365479, 85.4211883545, 16.8434391022, 90.6130981445, 97.8979034424, 250.400390625, 93.1627502441, 62.2780303955, -8.50742340088, 54.6136932373], [198.769958496, -44.1066474915, -54.01902771, 30.8344173431, 34.1289710999, 30.4812984467, 47.1125030518, 55.964302063, 93.1627502441, 117.793998718, 43.6081581116, 3.60115933418, 13.8027248383], [30.1562175751, 100.680419922, 12.4834442139, 6.68639039993, 87.9231796265, 53.7202911377, 79.6499557495, 42.8112297058, 62.2780303955, 43.6081581116, 122.732849121, 31.5886878967, 23.7717494965], [-538.599365234, -222.633743286, 109.612571716, 54.4911956787, -7.56686735153, 58.8046302795, 40.6067810059, 7.11446809769, -8.50742340088, 3.60115933418, 31.5886878967, 120.143913269, 11.162197113], [283.560424805, 100.572120667, -82.2649612427, 12.1757240295, 42.9479484558, 5.15827560425, 26.9816093445, 17.5858840942, 54.6136932373, 13.8027248383, 23.7717494965, 11.162197113, 91.0753631592]],
        "icov": [[0.000149369006976, -0.000238502179855, 0.000234177728998, -0.000189243161003, 0.000221485315706, -0.000274549354799, 9.80050099315e-05, 8.55419639265e-05, -0.000206998491194, -0.00014561941498, 0.000128812651383, 0.000166476645973, -7.13613508196e-06], [-0.000238502179855, 0.00157827034127, -0.000477535824757, 0.001386993099, -0.00074517756002, 0.00131902017165, -0.000896885932889, 0.00107271631714, -0.00099330896046, 0.00146565376781, -0.00136412447318, 0.00152215198614, -0.000738753820769], [0.000234177728998, -0.000477535824757, 0.00163869350217, -0.00125936581753, -0.000130433298182, -0.000290638767183, 0.00029118853854, -0.00045538842096, 0.000416523747845, 0.000227871685638, 8.98598591448e-05, -0.000819891749416, 0.00131911889184], [-0.000189243161003, 0.001386993099, -0.00125936581753, 0.00398435117677, -0.000206460274057, 0.00124240666628, -0.00109050108586, 0.00173642183654, -0.00265747401863, 0.000935926975217, -0.00042292161379, 0.000707584084012, -0.00112245662604], [0.000221485315706, -0.00074517756002, -0.000130433298182, -0.000206460274057, 0.00395049341023, -0.00102436251473, 0.000107281688543, -0.00157631549519, -0.000136232425575, -0.00015920115402, -0.00123736367095, 0.0010630430188, -0.0011907289736], [-0.000274549354799, 0.00131902017165, -0.000290638767183, 0.00124240666628, -0.00102436251473, 0.00549840275198, -0.0032176617533, 0.00119736557826, 5.7516299421e-05, 0.000467131962068, -0.00113268243149, -0.000547339848708, 0.000120751887152], [9.80050099315e-05, -0.000896885932889, 0.00029118853854, -0.00109050108586, 0.000107281688543, -0.0032176617533, 0.00737621309236, -0.000648958957754, -0.000930531008635, -0.000644487445243, -0.00145975721534, -0.00156608154066, 0.000394414295442], [8.55419639265e-05, 0.00107271631714, -0.00045538842096, 0.00173642183654, -0.00157631549519, 0.00119736557826, -0.000648958957754, 0.0089702559635, -0.00396775687113, -0.000756305176765, -0.000969517044723, 0.00103004672565, -0.000337969278917], [-0.000206998491194, -0.00099330896046, 0.000416523747845, -0.00265747401863, -0.000136232425575, 5.7516299421e-05, -0.000930531008635, -0.00396775687113, 0.0106749506667, -0.00499917007983, -0.000148824416101, -0.000300647341646, -0.00199227198027], [-0.00014561941498, 0.00146565376781, 0.000227871685638, 0.000935926975217, -0.00015920115402, 0.000467131962068, -0.000644487445243, -0.000756305176765, -0.00499917007983, 0.0149759957567, -0.00402280176058, 0.00162776955403, 0.000879807514139], [0.000128812651383, -0.00136412447318, 8.98598591448e-05, -0.00042292161379, -0.00123736367095, -0.00113268243149, -0.00145975721534, -0.000969517044723, -0.000148824416101, -0.00402280176058, 0.0145981162786, -0.00453723594546, -4.49519138783e-05], [0.000166476645973, 0.00152215198614, -0.000819891749416, 0.000707584084012, 0.0010630430188, -0.000547339848708, -0.00156608154066, 0.00103004672565, -0.000300647341646, 0.00162776955403, -0.00453723594546, 0.0146068735048, -0.00391194690019], [-7.13613508196e-06, -0.000738753820769, 0.00131911889184, -0.00112245662604, -0.0011907289736, 0.000120751887152, 0.000394414295442, -0.000337969278917, -0.00199227198027, 0.000879807514139, -4.49519138783e-05, -0.00391194690019, 0.0152150886133]]
    },
    "melbands": {
        "mean": [0.0078658927232, 0.00329677923582, 0.00113299884833, 0.000999858370051, 0.000329814851284, 0.000105111459561, 0.000157099711942, 0.000144546967931, 0.000152742941282, 9.35093266889e-05, 2.89979561785e-05, 3.90266613977e-05, 2.29518955166e-05, 2.17038741539e-05, 1.31698325276e-05, 1.62241540238e-05, 2.07959292311e-05, 1.86063516594e-05, 1.74835276994e-05, 1.90004539036e-05, 1.74082706508e-05, 1.70070252352e-05, 2.01102484425e-05, 1.57233316713e-05, 1.26982849906e-05, 7.95935829956e-06, 8.9193781605e-06, 7.2874381658e-06, 6.88018644723e-06, 6.79652021063e-06, 5.44589329365e-06, 3.36517609867e-06, 3.44060663338e-06, 2.93782659355e-06, 2.27023701882e-06, 1.21570667488e-06, 9.12947427878e-07, 7.15845146715e-07, 4.34720760722e-07, 3.88747878333e-07],
        "stdev": [0.0163955315948, 0.0068115121685, 0.0024033728987, 0.0015542776091, 0.000655559531879, 0.000221646798309, 0.000402942183428, 0.000354100484401, 0.000349486916093, 0.00022016937146, 7.96533786342e-05, 0.000172565618414, 9.15858763619e-05, 8.52653101902e-05, 5.2439958381e-05, 6.73566682963e-05, 6.86038692947e-05, 6.26080873189e-05, 5.65140908293e-05, 6.28818161204e-05, 4.98774024891e-05, 4.67834397568e-05, 4.56148154626e-05, 3.51447342837e-05, 2.8729737096e-05, 2.21345380851e-05, 3.21111147059e-05, 2.31628564507e-05, 2.64007503574e-05, 2.44149032369e-05, 1.95039337996e-05, 1.07019368443e-05, 1.17875297292e-05, 9.55542418524e-06, 7.22254708307e-06, 3.69162444258e-06, 2.43919726017e-06, 1.57673423473e-06, 1.05540095774e-06, 1.04206344531e-06]
    },
    "melbands128": {
        "mean": [0.00135590287391, 0.00995601061732, 0.0101399114355, 0.00493688182905, 0.00273065920919, 0.00171457242686, 0.000997988739982, 0.00100065255538, 0.00126594072208, 0.00131451897323, 0.000742689240724, 0.000347769702785, 0.000339479098329, 0.000195472486666, 6.28200577921e-05, 8.36613980937e-05, 0.000110729466542, 0.00017617586127, 0.000201466347789, 0.000168161961483, 0.000118800184282, 8.29368364066e-05, 0.000185008961125, 0.00021500614821, 8.88539361767e-05, 7.15997302905e-05, 3.78721160814e-05, 2.08311867027e-05, 2.15913405555e-05, 4.09602725995e-05, 4.92764484079e-05, 2.91077485599e-05, 1.72568124981e-05, 1.96968449018e-05, 2.97066762869e-05, 2.14454594243e-05, 1.13512287498e-05, 7.62905938245e-06, 1.69002250914e-05, 2.46792060352e-05, 1.27748098748e-05, 9.96429662337e-06, 2.27781220019e-05, 2.64953214355e-05, 1.58297953021e-05, 1.54724493768e-05, 2.49240874837e-05, 1.67105899891e-05, 1.23454792629e-05, 2.3160731871e-05, 1.96374458028e-05, 1.4845181795e-05, 2.14549199882e-05, 1.56747591973e-05, 1.42954659168e-05, 2.01268630917e-05, 1.56389960466e-05, 1.90992723219e-05, 2.5269755497e-05, 1.39463745654e-05, 1.59562441695e-05, 1.21204338939e-05, 2.18251643673e-05, 7.93943672761e-06, 8.07740980235e-06, 8.21797129902e-06, 7.86868622527e-06, 7.44260023566e-06, 9.45692499954e-06, 1.10645296445e-05, 7.0426349339e-06, 4.86676208311e-06, 7.06144965079e-06, 7.46139494368e-06, 6.67292260914e-06, 6.61454669171e-06, 7.93287472334e-06, 5.24005645275e-06, 6.25010397926e-06, 3.71390865439e-06, 3.63998651665e-06, 2.67589211944e-06, 3.46954266206e-06, 4.20164542447e-06, 2.90357411359e-06, 2.13442490349e-06, 3.25577389049e-06, 3.84712075174e-06, 1.93987762032e-06, 1.56872363277e-06, 1.25124427086e-06, 1.1446127246e-06, 1.0274984561e-06, 9.71804865912e-07, 7.8292237049e-07, 8.13352301066e-07, 7.23459379515e-07, 5.62175841878e-07, 3.85188855034e-07, 3.93885784433e-07, 4.37346415083e-07, 3.81281978434e-07, 3.49858396476e-07, 2.70978432582e-07, 1.85642875294e-07, 1.56241171112e-07, 1.26089375385e-07, 1.02355130593e-07, 8.93467984042e-08, 6.74981137649e-08, 5.11509483658e-08, 4.26132018561e-08, 3.08571799224e-08, 2.15350581811e-08, 1.50068899529e-08, 1.13940652469e-08, 8.50318038204e-09, 2.92519675149e-09, 1.33903488297e-09, 7.65524643676e-10, 5.97848215378e-10, 5.18559362117e-10, 2.89894747096e-10, 1.68217342833e-10, 1.13450110417e-10, 4.48827190691e-11, 2.45805372584e-11, 6.49015563514e-12],
        "stdev": [0.00295712589286, 0.0215902402997, 0.022190708667, 0.0106145525351, 0.00693683885038, 0.00472818501294, 0.0029083872214, 0.00217027333565, 0.00243101478554, 0.00219704187475, 0.00138805166353, 0.000870990916155, 0.000817170774098, 0.000446024350822, 0.000239145985688, 0.000222714967094, 0.00032272876706, 0.000588262686506, 0.000589155242778, 0.00050246581668, 0.000426615617471, 0.000367452157661, 0.000473692285595, 0.000568496587221, 0.000321973522659, 0.000227764452575, 0.000132697139634, 7.83565556048e-05, 0.000115554277727, 0.000224215677008, 0.00026727936347, 0.000167207123013, 0.000102997160866, 0.00014649273362, 0.000148696984979, 9.97140814434e-05, 4.99779016536e-05, 3.9569040382e-05, 9.82603887678e-05, 0.000150048843352, 6.24263921054e-05, 4.8555455578e-05, 9.35231073527e-05, 0.000116938499559, 7.06825449015e-05, 7.40027462598e-05, 0.000138936782605, 7.28025333956e-05, 5.99864142714e-05, 0.000106582971057, 9.03311374714e-05, 5.04881463712e-05, 7.91230559116e-05, 6.18871490587e-05, 5.22127047589e-05, 6.64399849484e-05, 5.05619682372e-05, 5.5703221733e-05, 6.30979411653e-05, 3.93502523366e-05, 4.63982905785e-05, 3.41104823747e-05, 4.80750459246e-05, 2.22759845201e-05, 2.10001671803e-05, 2.1482925149e-05, 2.89349500235e-05, 3.05647408823e-05, 3.641461808e-05, 4.93637562613e-05, 2.19301909965e-05, 1.42315029734e-05, 2.68745588983e-05, 3.37314377248e-05, 2.69794454653e-05, 2.41028174059e-05, 3.09164606733e-05, 1.73545940925e-05, 2.64218506345e-05, 1.44809591802e-05, 1.25772339743e-05, 8.30928820506e-06, 1.10864566523e-05, 1.65177389135e-05, 9.32236525841e-06, 7.10403173798e-06, 1.10626060632e-05, 1.38631467053e-05, 6.51896471027e-06, 4.91470700581e-06, 4.01677334594e-06, 4.03229296353e-06, 2.873892754e-06, 2.9132702366e-06, 2.21507366405e-06, 1.99933583644e-06, 1.58673776696e-06, 1.37048311899e-06, 1.06985839921e-06, 1.02690455606e-06, 1.24103519283e-06, 1.04579601157e-06, 1.06247603071e-06, 8.40451434669e-07, 5.1434381021e-07, 3.83654025882e-07, 3.48542130268e-07, 2.86629443735e-07, 2.38391905327e-07, 1.80788958914e-07, 1.29273715288e-07, 1.06991166149e-07, 7.95451668978e-08, 5.28736592287e-08, 4.11981098125e-08, 2.94145969804e-08, 2.27828298449e-08, 1.46449510297e-08, 1.05419593055e-08, 7.35485494729e-09, 4.61516735939e-09, 4.2811620915e-09, 2.48449461004e-09, 1.65804037167e-09, 1.12091458337e-09, 4.94845942001e-10, 4.62287957914e-10, 2.98908016394e-11]
    },
    "mfcc": {
        "mean": [-729.943359375, 107.580459595, 25.2629089355, 49.4504547119, 19.8517169952, -5.18238115311, 0.086086243391, 7.42881441116, 2.97857999802, 5.63838863373, 4.22018718719, -2.08212161064, -6.60603618622],
        "cov": [[18576.5703125, 2458.99389648, -1914.16589355, -341.898986816, -762.444152832, 142.664627075, -584.938049316, -220.96711731, 356.586761475, 408.251068115, 164.943054199, 182.023773193, -101.963249207], [2458.99389648, 2234.45629883, -459.00982666, -144.181686401, 113.943443298, -192.919937134, 22.7624073029, -75.2728042603, 31.4782657623, 74.5975341797, 63.9532241821, -30.8384723663, -39.1284561157], [-1914.16589355, -459.00982666, 942.226501465, 279.071472168, 67.5850143433, 92.1522445679, 31.933549881, 84.4362716675, -83.0298690796, -56.6313514709, -10.0714969635, -29.1222648621, 8.70566272736], [-341.898986816, -144.181686401, 279.071472168, 509.777435303, 106.022224426, -35.1423225403, -71.5216751099, 14.0088262558, 33.767906189, 52.504486084, 25.5716362, 8.68825531006, 5.29732704163], [-762.444152832, 113.943443298, 67.5850143433, 106.022224426, 319.986358643, -40.700553894, 51.7372169495, 22.1258850098, 46.6852645874, 37.2510566711, 25.7569446564, 32.4922714233, 19.1492156982], [142.664627075, -192.919937134, 92.1522445679, -35.1423225403, -40.700553894, 306.936859131, 92.1229934692, 77.6913375854, 12.7183103561, -7.71983242035, 37.1971969604, 31.0091915131, 36.5140037537], [-584.938049316, 22.7624073029, 31.933549881, -71.5216751099, 51.7372169495, 92.1229934692, 220.359069824, 77.4753723145, -2.46628284454, -5.64122438431, 33.8427734375, 31.0344562531, 12.8299942017], [-220.96711731, -75.2728042603, 84.4362716675, 14.0088262558, 22.1258850098, 77.6913375854, 77.4753723145, 152.586471558, 35.7371711731, 7.63825511932, 32.6434593201, 38.8334503174, 52.9701728821], [356.586761475, 31.4782657623, -83.0298690796, 33.767906189, 46.6852645874, 12.7183103561, -2.46628284454, 35.7371711731, 143.155258179, 77.6600494385, 39.853225708, 37.6720314026, 31.5071334839], [408.251068115, 74.5975341797, -56.6313514709, 52.504486084, 37.2510566711, -7.71983242035, -5.64122438431, 7.63825511932, 77.6600494385, 154.748931885, 71.4384765625, 33.5258598328, 9.07552146912], [164.943054199, 63.9532241821, -10.0714969635, 25.5716362, 25.7569446564, 37.1971969604, 33.8427734375, 32.6434593201, 39.853225708, 71.4384765625, 118.689491272, 56.1812400818, 25.7720966339], [182.023773193, -30.8384723663, -29.1222648621, 8.68825531006, 32.4922714233, 31.0091915131, 31.0344562531, 38.8334503174, 37.6720314026, 33.5258598328, 56.1812400818, 124.741500854, 63.8455619812], [-101.963249207, -39.1284561157, 8.70566272736, 5.29732704163, 19.1492156982, 36.5140037537, 12.8299942017, 52.9701728821, 31.5071334839, 9.07552146912, 25.7720966339, 63.8455619812, 114.754394531]],
        "icov": [[0.000126158614876, -0.000150331616169, 0.000160067749675, -4.24394020229e-05, 0.000288931158138, -0.000282144930679, 0.000402806908824, -8.01322530606e-05, -0.000124153521028, -0.000183433905477, 0.000132455141284, -0.000401135912398, 0.000326194422087], [-0.000150331616169, 0.000746526697185, 5.6574735936e-05, 0.000140577962156, -0.000578642648179, 0.000640890561044, -0.000626721710432, 0.000187187484698, 0.000238447115407, 0.000174921777216, -0.000689015025273, 0.000917163852137, -0.000448351347586], [0.000160067749675, 5.6574735936e-05, 0.00196334370412, -0.000986487604678, -3.04654531647e-05, -0.000722115859389, 0.000454749184428, -0.0010117610218, 0.00118826527614, 9.20413640415e-06, -6.19761485723e-05, 0.000224573566811, 0.000271140539553], [-4.24394020229e-05, 0.000140577962156, -0.000986487604678, 0.00301002291963, -0.000903470150661, 0.000365235318895, 0.00116607325617, -0.000210391328437, -0.000454453314887, -0.000618761463556, -0.000450041610748, -4.31037551607e-05, 0.000246170850005], [0.000288931158138, -0.000578642648179, -3.04654531647e-05, -0.000903470150661, 0.00485516525805, 0.000295146979624, -0.000763929565437, 0.000320031831507, -0.00165547302458, -0.000521672714967, 0.000627537257969, -0.00159226241522, 0.000377756601665], [-0.000282144930679, 0.000640890561044, -0.000722115859389, 0.000365235318895, 0.000295146979624, 0.00527258496732, -0.00246017077006, -0.000602580199484, -0.000486859877128, 0.00100931560155, -0.00160325632896, 0.00107935443521, -0.00135458970908], [0.000402806908824, -0.000626721710432, 0.000454749184428, 0.00116607325617, -0.000763929565437, -0.00246017077006, 0.00873703788966, -0.00362763460726, 0.000960816920269, -0.000265143200522, -0.000671389920171, -0.00233849254437, 0.0028728460893], [-8.01322530606e-05, 0.000187187484698, -0.0010117610218, -0.000210391328437, 0.000320031831507, -0.000602580199484, -0.00362763460726, 0.0112900612876, -0.00286093796603, 0.00106825493276, -0.00101935269777, 0.000425556936534, -0.00389525317587], [-0.000124153521028, 0.000238447115407, 0.00118826527614, -0.000454453314887, -0.00165547302458, -0.000486859877128, 0.000960816920269, -0.00286093796603, 0.0122246807441, -0.00489522796124, 0.000466119061457, -7.15226997272e-05, -0.00148800667375], [-0.000183433905477, 0.000174921777216, 9.20413640415e-06, -0.000618761463556, -0.000521672714967, 0.00100931560155, -0.000265143200522, 0.00106825493276, -0.00489522796124, 0.012426157482, -0.00642137089744, 0.000668169639539, 0.000658653792925], [0.000132455141284, -0.000689015025273, -6.19761485723e-05, -0.000450041610748, 0.000627537257969, -0.00160325632896, -0.000671389920171, -0.00101935269777, 0.000466119061457, -0.00642137089744, 0.0156881660223, -0.00550692947581, 0.000779665017035], [-0.000401135912398, 0.000917163852137, 0.000224573566811, -4.31037551607e-05, -0.00159226241522, 0.00107935443521, -0.00233849254437, 0.000425556936534, -7.15226997272e-05, 0.000668169639539, -0.00550692947581, 0.0156907625496, -0.00759771792218], [0.000326194422087, -0.000448351347586, 0.000271140539553, 0.000246170850005, 0.000377756601665, -0.00135458970908, 0.0028728460893, -0.00389525317587, -0.00148800667375, 0.000658653792925, 0.000779665017035, -0.00759771792218, 0.0150725869462]]
    },
    "spectral_contrast_coeffs": {
        "mean": [-0.718451201916, -0.769611120224, -0.786486029625, -0.793923795223, -0.79651260376, -0.800659000874],
        "stdev": [0.0862143561244, 0.0804413333535, 0.0783298462629, 0.0693749561906, 0.0509673207998, 0.0610544383526]
    },
    "spectral_contrast_valleys": {
        "mean": [-6.99276018143, -7.65665531158, -8.97358798981, -8.89441490173, -8.22875213623, -10.584192276],
        "stdev": [1.43260645866, 1.55852842331, 1.45607030392, 1.50661218166, 1.27816486359, 1.04117834568]
    }
},
"rhythm": {
    "beats_count": 333,
    "beats_loudness": {
        "mean": 0.0562127493322,
        "stdev": 0.064789287746
    },
    "bpm": 86.9766845703,
    "bpm_histogram_first_peak_bpm": 88,
    "bpm_histogram_first_peak_weight": 0.446096599102,
    "bpm_histogram_second_peak_bpm": 98,
    "bpm_histogram_second_peak_spread": 0.517241418362,
    "bpm_histogram_second_peak_weight": 0.0421686731279,
    "danceability": 1.30074667931,
    "onset_rate": 4.34131717682,
    "beats_loudness_band_ratio": {
        "mean": [0.50308150053, 0.224877253175, 0.0811035707593, 0.0279899407178, 0.0753119289875, 0.154778197408],
        "stdev": [0.300724446774, 0.186388999224, 0.112297147512, 0.0594572648406, 0.0728056654334, 0.161344110966]
    },
    "beats_position": [0.568888902664, 1.16099774837, 1.75310659409, 2.34521532059, 2.93732428551, 3.56426286697, 4.19120168686, 4.93424034119, 5.66566896439, 6.38548755646, 7.10530614853, 7.80190467834, 8.498503685, 9.18349170685, 9.86848068237, 10.5650787354, 11.2500677109, 11.9350566864, 12.6200447083, 13.3050336838, 14.0016326904, 14.7098407745, 15.3948297501, 16.0798187256, 16.7648067474, 17.4614048004, 18.1463947296, 18.8313827515, 19.5279808044, 20.2245807648, 20.9095687866, 21.5945568085, 22.2795467377, 22.9645347595, 23.6611328125, 24.3577327728, 25.0427207947, 25.7277088165, 26.4243087769, 27.1092967987, 27.7942848206, 28.4908847809, 29.1758728027, 29.8724708557, 30.5574588776, 31.2540588379, 31.9390468597, 32.6240348816, 33.3206329346, 34.0172348022, 34.7022209167, 35.3872108459, 36.0722007751, 36.7571868896, 37.4537849426, 38.1503829956, 38.8353729248, 39.520362854, 40.216960907, 40.91355896, 41.5985488892, 42.2835350037, 42.9685249329, 43.6535148621, 44.350112915, 45.046710968, 45.7317008972, 46.4166870117, 47.1016769409, 47.7982749939, 48.4832649231, 49.1798629761, 49.8764610291, 50.5614509583, 51.2464370728, 51.9430389404, 52.6280250549, 53.3130149841, 54.0096130371, 54.7062110901, 55.3795890808, 56.0761909485, 56.7727890015, 57.4693870544, 58.1543769836, 58.8393630981, 59.5243530273, 60.2093429565, 60.9059410095, 61.6025390625, 62.2759170532, 62.9725151062, 63.6575050354, 64.3424911499, 65.0390930176, 65.7356872559, 66.4206771851, 67.1056671143, 67.8022689819, 68.4988632202, 69.1838531494, 69.8688430786, 70.5654373169, 71.2504272461, 71.9354171753, 72.632019043, 73.3170089722, 74.001991272, 74.6985931396, 75.3951950073, 76.068572998, 76.7651672363, 77.4501571655, 78.1351470947, 78.831741333, 79.5283432007, 80.2133331299, 80.8983230591, 81.5949172974, 82.291519165, 82.9765090942, 83.661491394, 84.3580932617, 85.0430831909, 85.7280731201, 86.4246673584, 87.1096572876, 87.7946472168, 88.4912490845, 89.1878433228, 89.8612213135, 90.5578231812, 91.2428131104, 91.9394073486, 92.6243972778, 93.3209991455, 94.0059814453, 94.6909713745, 95.3875732422, 96.0841674805, 96.7575454712, 97.4541473389, 98.1391372681, 98.8357315063, 99.5207214355, 100.217323303, 100.902313232, 101.587303162, 102.2838974, 102.980499268, 103.665489197, 104.350471497, 105.047073364, 105.732063293, 106.417053223, 107.113647461, 107.79863739, 108.483627319, 109.180221558, 109.876823425, 110.561813354, 111.246803284, 111.943397522, 112.63999939, 113.31337738, 114.009971619, 114.694961548, 115.379951477, 116.076553345, 116.773147583, 117.446525574, 118.143127441, 118.828117371, 119.524711609, 120.209701538, 120.906303406, 121.579681396, 122.276275635, 122.972877502, 123.66947937, 124.35446167, 125.039451599, 125.736053467, 126.421043396, 127.106025696, 127.802627563, 128.487609863, 129.18421936, 129.86920166, 130.565795898, 131.250793457, 131.935775757, 132.632385254, 133.317367554, 134.002349854, 134.698959351, 135.38394165, 136.068939209, 136.765533447, 137.462127686, 138.147125244, 138.832107544, 139.528701782, 140.225296021, 140.898681641, 141.595275879, 142.280273438, 142.965255737, 143.661849976, 144.358459473, 145.043441772, 145.728439331, 146.413421631, 147.110015869, 147.795013428, 148.491607666, 149.176589966, 149.861587524, 150.558181763, 151.254776001, 151.93977356, 152.624755859, 153.321365356, 154.006347656, 154.691329956, 155.387939453, 156.072921753, 156.757904053, 157.45451355, 158.151107788, 158.836090088, 159.521087646, 160.217681885, 160.914276123, 161.587661743, 162.284255981, 162.96925354, 163.65423584, 164.350830078, 165.047439575, 165.732421875, 166.417419434, 167.114013672, 167.81060791, 168.49559021, 169.180587769, 169.865570068, 170.562179565, 171.247161865, 171.943756104, 172.628753662, 173.313735962, 174.0103302, 174.706939697, 175.380310059, 176.076919556, 176.761901855, 177.446884155, 178.143493652, 178.840087891, 179.52507019, 180.221679688, 180.906661987, 181.603256226, 182.276641846, 182.973236084, 183.669830322, 184.354827881, 185.039810181, 185.736419678, 186.421401978, 187.106384277, 187.802993774, 188.499588013, 189.196182251, 189.892791748, 190.577774048, 191.262756348, 191.947753906, 192.632736206, 193.236465454, 193.851791382, 194.46711731, 195.05921936, 195.639724731, 196.255050659, 196.881988525, 197.497314453, 198.124252319, 198.739593506, 199.273651123, 199.80770874, 200.353378296, 200.899047852, 201.433105469, 201.967163086, 202.52444458, 203.081726074, 203.662216187, 204.254333496, 204.846435547, 205.484985352, 206.123535156, 206.750473022, 207.377410889, 207.992736816, 208.608062744, 209.223403931, 209.838729858, 210.454055786, 211.057769775, 211.673095703, 212.28843689, 212.79927063, 213.31010437, 213.809341431, 214.273742676, 214.726531982, 215.179321289, 215.585662842, 215.992019653, 216.386749268, 216.781494141, 217.176239014, 217.582580566, 217.988937378, 218.453323364, 218.917724609, 219.382125854, 219.8465271, 220.310928345, 220.77532959, 221.228118896],
    "bpm_histogram": [0, 0, 0, 0, 0, 0, 0, 0, 0, 0, 0, 0, 0, 0, 0, 0, 0, 0, 0, 0, 0, 0, 0, 0, 0, 0, 0, 0, 0, 0, 0, 0, 0, 0, 0, 0, 0, 0, 0, 0, 0, 0, 0, 0, 0, 0, 0, 0, 0, 0, 0, 0, 0, 0, 0, 0, 0, 0, 0, 0, 0, 0, 0, 0, 0, 0, 0, 0, 0, 0, 0, 0, 0, 0, 0, 0, 0, 0, 0, 0, 0, 0.00301204808056, 0.00301204808056, 0.00602409616113, 0, 0.00301204808056, 0.35843372345, 0, 0.412650614977, 0.0361445769668, 0, 0, 0, 0, 0.00602409616113, 0, 0.0180722884834, 0, 0.0361445769668, 0.00602409616113, 0, 0.0210843365639, 0, 0.00602409616113, 0, 0, 0, 0, 0.00602409616113, 0, 0.00602409616113, 0, 0.0120481923223, 0, 0, 0, 0, 0.00602409616113, 0, 0, 0.00301204808056, 0, 0, 0, 0, 0, 0, 0, 0, 0.0210843365639, 0, 0, 0, 0.00903614424169, 0, 0, 0, 0, 0, 0, 0, 0, 0, 0, 0, 0, 0, 0, 0.0120481923223, 0, 0, 0, 0.00903614424169, 0, 0, 0, 0, 0, 0, 0, 0, 0, 0, 0, 0, 0, 0, 0, 0, 0, 0, 0, 0, 0, 0, 0, 0, 0, 0, 0, 0, 0, 0, 0, 0, 0, 0, 0, 0, 0, 0, 0, 0, 0, 0, 0, 0, 0, 0, 0, 0, 0, 0, 0, 0, 0, 0, 0, 0, 0, 0, 0, 0, 0, 0, 0, 0, 0, 0, 0, 0, 0, 0, 0, 0, 0, 0, 0, 0, 0, 0, 0, 0, 0, 0, 0, 0, 0, 0, 0, 0, 0, 0, 0, 0, 0, 0, 0, 0, 0]
},
"tonal": {
    "chords_changes_rate": 0.0804934129119,
    "chords_number_rate": 0.00250888569281,
    "chords_strength": {
        "mean": 0.483259946108,
        "stdev": 0.131508767605
    },
    "hpcp_crest": {
        "mean": 12.0555315018,
        "stdev": 5.4657907486
    },
    "hpcp_entropy": {
        "mean": 2.19479131699,
        "stdev": 0.781718969345
    },
    "key_edma": {
        "strength": 0.674232602119,
        "key": "C",
        "scale": "minor"
    },
    "key_krumhansl": {
        "strength": 0.67695069313,
        "key": "C",
        "scale": "minor"
    },
    "key_temperley": {
        "strength": 0.66879940033,
        "key": "C",
        "scale": "minor"
    },
    "tuning_diatonic_strength": 0.512793362141,
    "tuning_equal_tempered_deviation": 0.28314268589,
    "tuning_frequency": 434.193115234,
    "tuning_nontempered_energy_ratio": 0.94391143322,
    "hpcp": {
        "mean": [0.160622611642, 0.193332135677, 0.125716611743, 0.0795634016395, 0.0866142883897, 0.0836384147406, 0.0799216479063, 0.0810248330235, 0.100266776979, 0.159198239446, 0.163275420666, 0.0964078679681, 0.0599213950336, 0.0562372729182, 0.0498543269932, 0.0554275289178, 0.0788171961904, 0.0836058482528, 0.128422617912, 0.145621985197, 0.0772880092263, 0.0437627397478, 0.0474049858749, 0.0619581602514, 0.111731983721, 0.119616836309, 0.0755875110626, 0.0610903464258, 0.0648263320327, 0.0843428894877, 0.205787330866, 0.334374934435, 0.267926126719, 0.143399372697, 0.102474473417, 0.103857383132],
        "stdev": [0.271100670099, 0.332702189684, 0.233895093203, 0.193239346147, 0.206338182092, 0.205899551511, 0.199276715517, 0.191795423627, 0.208121687174, 0.277421981096, 0.281628757715, 0.193546697497, 0.148410022259, 0.145084857941, 0.137163549662, 0.129973247647, 0.143173694611, 0.16888473928, 0.220967531204, 0.278253942728, 0.148160368204, 0.11967920512, 0.12432911247, 0.13823351264, 0.217727869749, 0.23084770143, 0.164599627256, 0.154349088669, 0.156912222505, 0.188988700509, 0.288828521967, 0.391900032759, 0.351326972246, 0.269245237112, 0.222731307149, 0.224131137133]
    },
    "chords_histogram": [61.1122741699, 2.59251523018, 0.209073796868, 0, 1.588960886, 6.27221393585, 0, 4.8086977005, 3.63788414001, 1.02446162701, 0.439054995775, 0.773573100567, 0.250888556242, 0.188166424632, 0, 0, 0.250888556242, 2.06983065605, 1.23353540897, 1.25444281101, 0.773573100567, 1.48442399502, 9.51285839081, 0.522684514523],
    "thpcp": [1, 0.80127453804, 0.428858011961, 0.306465774775, 0.310601592064, 0.480366796255, 0.57818967104, 0.375974982977, 0.237946674228, 0.259033441544, 0.250133633614, 0.239018052816, 0.242317304015, 0.299863308668, 0.476106971502, 0.488300412893, 0.288322657347, 0.179204210639, 0.168186277151, 0.149097084999, 0.165764600039, 0.235715031624, 0.250036239624, 0.384067714214, 0.435505092144, 0.231141760945, 0.130879253149, 0.141771942377, 0.185295462608, 0.334151804447, 0.357732653618, 0.226056158543, 0.182700142264, 0.193873181939, 0.252240478992, 0.615438878536],
    "chords_key": "C",
    "chords_scale": "minor"
}
}