{
"metadata": {
    "version": {
        "essentia": "2.1-dev",
        "essentia_git_sha": "v2.1_beta3-415-gd5473f3",
        "extractor": "music 2.0"
    },
    "audio_properties": {
        "analysis": {
            "equal_loudness": 0,
            "length": 322.351013184,
            "sample_rate": 44100,
            "start_time": 0,
            "downmix": "mix"
        },
        "bit_rate": 192000,
        "length": 322.351013184,
        "lossless": 0,
        "number_channels": 2,
        "replay_gain": -6.47849082947,
        "sample_rate": 44100,
        "codec": "mp3",
        "md5_encoded": "bfb180f6ff6b511dbd014847b9c131d5"
    },
    "tags": {
        "file_name": "alma_vacia-cantando_al_pasado_el_presente.mp3",
        "album": ["Jardín de los callados"],
        "artist": ["Alma vacía (Alma vacía)"],
        "date": ["1998"],
        "title": ["Cantando al pasado el presente"]
    }
},
"lowlevel": {
    "average_loudness": 0.891516923904,
    "barkbands_crest": {
        "mean": 13.1115150452,
        "stdev": 5.41434526443
    },
    "barkbands_flatness_db": {
        "mean": 0.188096806407,
        "stdev": 0.0718490704894
    },
    "barkbands_kurtosis": {
        "mean": 9.63199138641,
        "stdev": 23.6226844788
    },
    "barkbands_skewness": {
        "mean": 2.00232076645,
        "stdev": 1.88885176182
    },
    "barkbands_spread": {
        "mean": 16.6641921997,
        "stdev": 13.0280504227
    },
    "dissonance": {
        "mean": 0.441332280636,
        "stdev": 0.0444390028715
    },
    "dynamic_complexity": 3.81634569168,
    "erbbands_crest": {
        "mean": 11.0925512314,
        "stdev": 5.10854291916
    },
    "erbbands_flatness_db": {
        "mean": 0.184928640723,
        "stdev": 0.0614174827933
    },
    "erbbands_kurtosis": {
        "mean": 2.41264081001,
        "stdev": 4.44800233841
    },
    "erbbands_skewness": {
        "mean": 0.694016098976,
        "stdev": 0.965622603893
    },
    "erbbands_spread": {
        "mean": 30.3678283691,
        "stdev": 21.752494812
    },
    "hfc": {
        "mean": 18.1063213348,
        "stdev": 21.9932918549
    },
    "loudness_ebu128": {
        "integrated": -17.4848041534,
        "loudness_range": 5.94462871552,
        "momentary": {
            "mean": -18.4190139771,
            "stdev": 3.09670853615
        },
        "short_term": {
            "mean": -18.0435009003,
            "stdev": 2.28656029701
        }
    },
    "melbands_crest": {
        "mean": 19.1724033356,
        "stdev": 7.70040130615
    },
    "melbands_flatness_db": {
        "mean": 0.255708545446,
        "stdev": 0.0855525583029
    },
    "melbands_kurtosis": {
        "mean": 22.8008842468,
        "stdev": 57.9218673706
    },
    "melbands_skewness": {
        "mean": 2.91805839539,
        "stdev": 2.6783490181
    },
    "melbands_spread": {
        "mean": 17.2850894928,
        "stdev": 14.0116949081
    },
    "pitch_salience": {
        "mean": 0.454499363899,
        "stdev": 0.172961458564
    },
    "silence_rate_20dB": {
        "mean": 1,
        "stdev": 0
    },
    "silence_rate_30dB": {
        "mean": 0.97227025032,
        "stdev": 0.164186298847
    },
    "silence_rate_60dB": {
        "mean": 0.088663212955,
        "stdev": 0.284271448851
    },
    "spectral_centroid": {
        "mean": 1078.05371094,
        "stdev": 522.590820312
    },
    "spectral_complexity": {
        "mean": 13.0458078384,
        "stdev": 8.38694953918
    },
    "spectral_decrease": {
        "mean": -8.67860361353e-09,
        "stdev": 8.26217672056e-09
    },
    "spectral_energy": {
        "mean": 0.0343973338604,
        "stdev": 0.0324006937444
    },
    "spectral_energyband_high": {
        "mean": 0.000625320943072,
        "stdev": 0.00158976111561
    },
    "spectral_energyband_low": {
        "mean": 0.0181103609502,
        "stdev": 0.023304393515
    },
    "spectral_energyband_middle_high": {
        "mean": 0.00608231173828,
        "stdev": 0.0101343048736
    },
    "spectral_energyband_middle_low": {
        "mean": 0.00993060693145,
        "stdev": 0.0144348153844
    },
    "spectral_entropy": {
        "mean": 7.43925952911,
        "stdev": 0.527260482311
    },
    "spectral_flux": {
        "mean": 0.100298017263,
        "stdev": 0.0725052803755
    },
    "spectral_kurtosis": {
        "mean": 5.97479057312,
        "stdev": 6.49374246597
    },
    "spectral_rms": {
        "mean": 0.00517658377066,
        "stdev": 0.00260031269863
    },
    "spectral_rolloff": {
        "mean": 1023.253479,
        "stdev": 1243.59741211
    },
    "spectral_skewness": {
        "mean": 1.82735645771,
        "stdev": 0.737411439419
    },
    "spectral_spread": {
        "mean": 4600094.5,
        "stdev": 1921710.375
    },
    "spectral_strongpeak": {
        "mean": 0.739448785782,
        "stdev": 1.11085247993
    },
    "zerocrossingrate": {
        "mean": 0.0434437021613,
        "stdev": 0.0334141142666
    },
    "barkbands": {
        "mean": [0.00206599081866, 0.0137573042884, 0.00209620012902, 0.000990031869151, 0.00178986671381, 0.000865149311721, 0.00186122371815, 0.00199132668786, 0.00213300669566, 0.00139430211857, 0.000793923798483, 0.000952276866883, 0.00140136480331, 0.000651321548503, 0.000389650202123, 0.000243766611675, 0.000214552303078, 6.77350981277e-05, 7.5902469689e-05, 7.20457028365e-05, 0.000121637778648, 0.000157735252287, 0.000144632038428, 8.23910741019e-05, 5.8786583395e-05, 1.54071585712e-05, 9.74586509983e-06],
        "stdev": [0.00368726393208, 0.0201020631939, 0.00484978454188, 0.00408043293282, 0.00494454288855, 0.00209651398472, 0.00410652998835, 0.00484188925475, 0.00494779227301, 0.00283479806967, 0.00272692670114, 0.00279142498039, 0.00428205914795, 0.00203347532079, 0.00132240075618, 0.000793855404481, 0.000539963541087, 0.000134160771267, 0.000189167389181, 0.000167724429048, 0.000366853113519, 0.000430620071711, 0.000528436736204, 0.000285802758299, 0.00020980037516, 5.30213983438e-05, 3.65724627045e-05]
    },
    "erbbands": {
        "mean": [0.570535063744, 2.40826416016, 2.74305176735, 2.98623251915, 4.34785509109, 6.19207906723, 7.1355175972, 7.38048791885, 16.6035804749, 38.2764511108, 49.4704399109, 50.3444786072, 40.9931755066, 41.4018554688, 36.3986473083, 40.2323989868, 63.5827484131, 40.5515518188, 25.6688728333, 17.0827007294, 12.8361959457, 11.6689071655, 4.7367272377, 3.23456382751, 4.16558122635, 3.45873451233, 3.95573234558, 5.37797307968, 5.5886926651, 5.32315731049, 3.77358150482, 1.91891622543, 1.34439194202, 0.928389728069, 0.242922335863, 0.0827640146017, 0.0254686977714, 0.00924401916564, 0.00168691098224, 0.00010985906556],
        "stdev": [0.998224854469, 3.05832242966, 4.5402431488, 11.3756771088, 14.4287509918, 17.6702957153, 18.5178642273, 18.4412479401, 37.0731582642, 92.469039917, 110.95300293, 118.832672119, 82.942489624, 90.9285888672, 110.25453186, 115.281082153, 195.792648315, 115.567886353, 78.3331756592, 56.3117637634, 36.1370391846, 25.9653167725, 9.06632041931, 7.36247110367, 10.5207481384, 8.02155017853, 12.8480949402, 14.9737062454, 14.6566905975, 17.0511035919, 14.3926067352, 5.93092918396, 5.16545343399, 3.59597921371, 0.785576283932, 0.331645786762, 0.0822320133448, 0.0323482193053, 0.00640255631879, 0.000310490693664]
    },
    "gfcc": {
        "mean": [-39.0263900757, 101.952331543, -117.429931641, 15.8867616653, -62.6178092957, 27.1115779877, -20.2422523499, 15.2435998917, -0.667885780334, 3.23159527779, -7.9590086937, 1.46797335148, -3.74571681023],
        "cov": [[6768.36083984, -725.576416016, 496.055511475, 284.566802979, 138.801010132, 342.786132812, -182.045059204, -149.925704956, -247.302307129, 434.927001953, -161.369522095, 43.0323638916, -289.603790283], [-725.576416016, 1588.11682129, -199.619857788, 7.66358852386, 406.472381592, -94.3345794678, 93.5852737427, -1.22650575638, 176.833862305, -98.8051681519, 186.35118103, -166.579498291, 86.7652816772], [496.055511475, -199.619857788, 1173.37280273, 495.08114624, 157.946685791, 245.241104126, 119.12789917, 89.7266540527, 50.5702514648, 103.631690979, -61.1942520142, 77.6184539795, -34.0850563049], [284.566802979, 7.66358852386, 495.08114624, 719.434753418, 202.744842529, 238.07144165, 144.869216919, 70.1345291138, 119.217712402, 53.8509140015, 10.6119165421, -10.7970876694, 24.2483730316], [138.801010132, 406.472381592, 157.946685791, 202.744842529, 521.253051758, 129.61932373, 172.073684692, 38.6670303345, 108.793540955, 23.7316570282, 55.3831481934, -40.2934532166, -9.44397640228], [342.786132812, -94.3345794678, 245.241104126, 238.07144165, 129.61932373, 417.169799805, 155.075866699, 137.494735718, 62.7848548889, 93.6855697632, 45.0657539368, 29.8576107025, -26.2001857758], [-182.045059204, 93.5852737427, 119.12789917, 144.869216919, 172.073684692, 155.075866699, 452.135955811, 121.257453918, 92.0805282593, 0.202254667878, 65.9886474609, 55.1575660706, 15.8399276733], [-149.925704956, -1.22650575638, 89.7266540527, 70.1345291138, 38.6670303345, 137.494735718, 121.257453918, 225.240280151, 88.7144851685, 30.8910961151, 22.2664432526, 26.7282314301, 16.5272865295], [-247.302307129, 176.833862305, 50.5702514648, 119.217712402, 108.793540955, 62.7848548889, 92.0805282593, 88.7144851685, 259.73260498, 60.6083106995, 62.2344398499, -1.16080892086, 41.25157547], [434.927001953, -98.8051681519, 103.631690979, 53.8509140015, 23.7316570282, 93.6855697632, 0.202254667878, 30.8910961151, 60.6083106995, 182.287872314, 37.0313949585, 16.9753551483, -19.7752609253], [-161.369522095, 186.35118103, -61.1942520142, 10.6119165421, 55.3831481934, 45.0657539368, 65.9886474609, 22.2664432526, 62.2344398499, 37.0313949585, 148.658706665, 27.0225658417, 30.7426986694], [43.0323638916, -166.579498291, 77.6184539795, -10.7970876694, -40.2934532166, 29.8576107025, 55.1575660706, 26.7282314301, -1.16080892086, 16.9753551483, 27.0225658417, 149.076934814, 27.9208488464], [-289.603790283, 86.7652816772, -34.0850563049, 24.2483730316, -9.44397640228, -26.2001857758, 15.8399276733, 16.5272865295, 41.25157547, -19.7752609253, 30.7426986694, 27.9208488464, 123.58631897]],
        "icov": [[0.000233012760873, -2.35597217397e-05, 4.48698301625e-05, -0.000103928803583, -0.00010026601376, -0.000114260154078, 6.17376135779e-05, 0.000169141872902, 0.000281997519778, -0.00063027307624, 0.000345123786246, -0.000227285607252, 0.000303435110254], [-2.35597217397e-05, 0.00140889338218, -0.000134381756652, 0.000273425306659, -0.000909636670258, 0.000431864638813, 6.08838054177e-05, -0.000102301681181, -0.000459333998151, 0.00103479053359, -0.0018983077025, 0.00168762123212, -0.000697286217473], [4.48698301625e-05, -0.000134381756652, 0.00151414750144, -0.000978116760962, -0.000173553446075, -0.00018321191601, 3.4415119444e-05, -0.000146284888615, 0.000229965196922, -0.000763324147556, 0.00124658632558, -0.00125881598797, 0.000547450908925], [-0.000103928803583, 0.000273425306659, -0.000978116760962, 0.00267751538195, -0.000384292390663, -0.00090868229745, -0.000252087134868, 0.000464727607323, -0.000875303870998, 0.000701518496498, -0.000375371513655, 0.00134966219775, -0.00128958048299], [-0.00010026601376, -0.000909636670258, -0.000173553446075, -0.000384292390663, 0.00336440466344, -0.000589571485762, -0.000870167510584, 0.000499315559864, -0.000555479316972, -8.09143020888e-05, 0.000310034083668, 0.00015856383834, 0.000667579239234], [-0.000114260154078, 0.000431864638813, -0.00018321191601, -0.00090868229745, -0.000589571485762, 0.00462565151975, -0.00051504507428, -0.00220381235704, 0.000546112307347, -0.000846651790198, -0.00154339207802, 0.000264463626081, 0.000859543564729], [6.17376135779e-05, 6.08838054177e-05, 3.4415119444e-05, -0.000252087134868, -0.000870167510584, -0.00051504507428, 0.00340949045494, -0.00107088126242, -0.0003236028424, 0.000929443980567, -0.000810953788459, -0.0012289241422, 0.000427521328675], [0.000169141872902, -0.000102301681181, -0.000146284888615, 0.000464727607323, 0.000499315559864, -0.00220381235704, -0.00107088126242, 0.00701494002715, -0.00176472519524, -0.000293570279609, 0.00112458877265, -0.00042233147542, -0.000535524042789], [0.000281997519778, -0.000459333998151, 0.000229965196922, -0.000875303870998, -0.000555479316972, 0.000546112307347, -0.0003236028424, -0.00176472519524, 0.00652189552784, -0.00291922781616, -0.00031208342989, 2.64655700448e-05, -0.00100312463474], [-0.00063027307624, 0.00103479053359, -0.000763324147556, 0.000701518496498, -8.09143020888e-05, -0.000846651790198, 0.000929443980567, -0.000293570279609, -0.00291922781616, 0.0100066773593, -0.00400426890701, 0.00111229741015, 0.000503244693391], [0.000345123786246, -0.0018983077025, 0.00124658632558, -0.000375371513655, 0.000310034083668, -0.00154339207802, -0.000810953788459, 0.00112458877265, -0.00031208342989, -0.00400426890701, 0.0125506771728, -0.00413045007735, -0.000516474887263], [-0.000227285607252, 0.00168762123212, -0.00125881598797, 0.00134966219775, 0.00015856383834, 0.000264463626081, -0.0012289241422, -0.00042233147542, 2.64655700448e-05, 0.00111229741015, -0.00413045007735, 0.0111877480522, -0.00337818218395], [0.000303435110254, -0.000697286217473, 0.000547450908925, -0.00128958048299, 0.000667579239234, 0.000859543564729, 0.000427521328675, -0.000535524042789, -0.00100312463474, 0.000503244693391, -0.000516474887263, -0.00337818218395, 0.0112532014027]]
    },
    "melbands": {
        "mean": [0.00451094051823, 0.00201352615841, 0.000560786982533, 0.000381253863452, 0.000260996632278, 0.000162885859027, 0.000297914841212, 0.000427255174145, 0.000401057681302, 0.000303423061268, 0.000204059426324, 0.000174274930032, 0.000116654169688, 0.000105507366243, 0.000129068313981, 0.000131049542688, 6.7831701017e-05, 4.28783241659e-05, 2.7045571187e-05, 1.90648879652e-05, 1.417218391e-05, 1.33362646011e-05, 6.71118777973e-06, 2.7088715342e-06, 2.5059644031e-06, 3.03946580971e-06, 2.8523356832e-06, 2.14044075619e-06, 2.07101311389e-06, 3.00649207929e-06, 3.1950560242e-06, 3.15113106808e-06, 3.04780314764e-06, 3.01679210679e-06, 2.4459643555e-06, 1.49363188484e-06, 9.99220333142e-07, 8.65660638283e-07, 1.03605418644e-06, 6.97857956311e-07],
        "stdev": [0.00703058531508, 0.00228583649732, 0.00186933961231, 0.00113265949767, 0.000686080602463, 0.000400430639274, 0.000643834646326, 0.000992219778709, 0.000922260282096, 0.000702470541, 0.000422932876972, 0.000379496748792, 0.00038390874397, 0.000314676901326, 0.000416487309849, 0.00040662768879, 0.000213054561755, 0.000141153970617, 9.43367049331e-05, 6.77636926412e-05, 4.17056944571e-05, 3.20023900713e-05, 1.56917467393e-05, 5.68309769733e-06, 6.21590606897e-06, 8.20578861749e-06, 7.42332986192e-06, 5.26675785295e-06, 6.05620061833e-06, 1.11250619739e-05, 8.95516768651e-06, 8.15564999357e-06, 9.48409342527e-06, 1.04149930849e-05, 1.12806328616e-05, 4.49654680779e-06, 3.25614269059e-06, 3.20092021866e-06, 4.44829174739e-06, 2.64372783931e-06]
    },
    "melbands128": {
        "mean": [0.0017171013169, 0.0050098807551, 0.00588309718296, 0.00329075939953, 0.00160453619901, 0.000932556693442, 0.00059962994419, 0.000469223654363, 0.000439904251834, 0.000384624872822, 0.000363138969988, 0.000303741340758, 0.000255893537542, 0.000183320153155, 0.000162984404597, 0.000151539075887, 0.000145153491758, 0.000296668324154, 0.000511366059072, 0.000449774146546, 0.000324532069499, 0.000485574360937, 0.000377022894099, 0.000360615289537, 0.000369039742509, 0.000260388449533, 0.000209664984141, 0.000171832332853, 0.000233108919929, 0.000213082006667, 0.000144295147038, 0.000111691821076, 0.000116137940495, 0.000115302762424, 0.000126535480376, 9.18711957638e-05, 9.4039234682e-05, 0.00011970270134, 0.000163701421116, 0.000154004155775, 0.000125387945445, 9.9143202533e-05, 6.65716870571e-05, 5.43305250176e-05, 4.90039601573e-05, 4.0873495891e-05, 3.62715909432e-05, 2.81319589703e-05, 2.24522100325e-05, 2.28570443142e-05, 1.85792832781e-05, 1.57598824444e-05, 1.37649039971e-05, 1.35607788252e-05, 1.50152463902e-05, 1.44708865264e-05, 1.09758602775e-05, 8.18417083792e-06, 5.43056376046e-06, 3.24468055624e-06, 2.58854834101e-06, 2.21641334974e-06, 2.01953093892e-06, 2.97158180729e-06, 2.63677929979e-06, 3.03807837554e-06, 3.23852736983e-06, 3.09107190333e-06, 2.98349050354e-06, 2.19884850594e-06, 2.31403828366e-06, 2.04010939342e-06, 1.52891266225e-06, 1.98393377104e-06, 2.66933284365e-06, 3.36605694429e-06, 2.81767597698e-06, 3.13798159368e-06, 3.38120594279e-06, 2.9071982226e-06, 3.48929120264e-06, 3.02352441395e-06, 3.05973480863e-06, 3.1050974485e-06, 3.04152399622e-06, 2.61454169959e-06, 3.18791444442e-06, 3.52322126673e-06, 2.40470626522e-06, 1.71062004028e-06, 1.54331007707e-06, 1.5257803625e-06, 1.2786096022e-06, 9.84321673059e-07, 8.22973845516e-07, 7.86743328263e-07, 8.68976485435e-07, 9.7644010566e-07, 1.08117649233e-06, 1.08709571123e-06, 8.68623430961e-07, 6.65470963668e-07, 4.44188231086e-07, 3.10209912868e-07, 2.20595651967e-07, 1.9564059528e-07, 1.90576045611e-07, 1.5500147299e-07, 1.46535995782e-07, 1.19242656638e-07, 8.89350033617e-08, 7.74946045112e-08, 7.73099060325e-08, 7.63386367453e-08, 6.78814160437e-08, 5.39537516886e-08, 7.48549453533e-08, 9.26394960743e-08, 7.87654812484e-08, 6.03141998567e-08, 4.3167226238e-08, 2.45631017748e-08, 2.5425924477e-08, 1.96677358844e-08, 7.62364571472e-09, 3.66649643979e-09, 1.36126454553e-09, 4.25490441491e-11],
        "stdev": [0.00310101453215, 0.00949575658888, 0.00916318316013, 0.0038218467962, 0.00231940927915, 0.0025309373159, 0.00264709023759, 0.00174050265923, 0.00168291979935, 0.00127127463929, 0.00112435803749, 0.000913024996407, 0.000693358015269, 0.0005982281873, 0.000503805349581, 0.000453720771475, 0.000488273217343, 0.00085258774925, 0.00128848466557, 0.00147434521932, 0.00116817990784, 0.00138984096702, 0.00114067818504, 0.00148052861914, 0.00117347750347, 0.000691837922204, 0.000645511900075, 0.00052343349671, 0.000581424217671, 0.000538797932677, 0.000484707183205, 0.000449650775408, 0.000551701290533, 0.000473411986604, 0.000465674558654, 0.000391694717109, 0.000412823283114, 0.000504374271259, 0.000741027586628, 0.000644460727926, 0.000530801189598, 0.000432363769505, 0.000299535837257, 0.000232991398661, 0.00022476943559, 0.000189405633137, 0.000179164446308, 0.000145296464325, 9.85441874946e-05, 0.000121132608911, 7.88717661635e-05, 7.53304266254e-05, 5.22232585354e-05, 4.73240397696e-05, 5.83707260375e-05, 3.79877274099e-05, 3.04517634504e-05, 2.84331454168e-05, 1.33643015943e-05, 7.07401022737e-06, 6.99254178471e-06, 7.16836166248e-06, 5.96290601607e-06, 7.50834715291e-06, 9.53237849899e-06, 9.10352628125e-06, 1.03059137473e-05, 9.3768185252e-06, 9.31407521421e-06, 5.87108661421e-06, 6.83157122694e-06, 5.46376077182e-06, 3.88994385503e-06, 6.26153996564e-06, 1.02105823316e-05, 1.70928506122e-05, 8.70780877449e-06, 9.27970359044e-06, 1.07350833787e-05, 7.88477791502e-06, 9.96190010483e-06, 8.35542050481e-06, 9.15492000786e-06, 1.07306887003e-05, 1.0973884855e-05, 9.49588502408e-06, 1.01558835013e-05, 2.39196706389e-05, 1.2691360098e-05, 5.69887879465e-06, 4.7528669711e-06, 5.0425783229e-06, 4.18845593231e-06, 3.52773872692e-06, 2.92432150673e-06, 2.65087464868e-06, 3.33056254931e-06, 4.70353688797e-06, 4.96578468301e-06, 4.71626299259e-06, 3.65950609194e-06, 2.5024023671e-06, 1.65516382822e-06, 9.95016421257e-07, 7.27267433831e-07, 7.85737825026e-07, 9.29269504013e-07, 7.55763380766e-07, 7.04241358562e-07, 4.83670021367e-07, 3.18941630439e-07, 2.74312270676e-07, 2.59094662169e-07, 2.79990018726e-07, 2.65380776909e-07, 1.82657373671e-07, 3.16815174983e-07, 3.76288710413e-07, 3.59657207127e-07, 2.4700526069e-07, 2.09591561884e-07, 1.54686034648e-07, 1.33436813599e-07, 1.03594977929e-07, 6.77424552009e-08, 5.12912130546e-08, 2.1202689382e-08, 1.11759168586e-09]
    },
    "mfcc": {
        "mean": [-681.039855957, 132.807006836, 4.88320302963, -0.215984269977, -5.89973974228, 9.70108509064, -3.36710143089, 14.8664999008, 10.944642067, 10.892329216, 7.43600606918, 6.98535680771, 5.35051345825],
        "cov": [[6280.09667969, -535.438598633, 147.958007812, 55.6698379517, 191.358184814, 435.978881836, 123.905906677, -303.073913574, -95.9482650757, -55.8167762756, 210.348083496, -23.7912445068, 45.4147605896], [-535.438598633, 1377.1809082, -364.506561279, 33.2263793945, 179.349334717, -61.9653434753, 50.3397331238, 0.263422727585, 3.44805383682, 10.5094156265, 56.6023406982, 53.5024490356, 52.4747581482], [147.958007812, -364.506561279, 1001.39471436, 293.612884521, 168.901107788, 215.21887207, 91.825378418, 94.4689941406, 126.685684204, 56.5211219788, 38.6917037964, 22.0507965088, 46.0848579407], [55.6698379517, 33.2263793945, 293.612884521, 533.555114746, 183.703796387, 191.624557495, 98.0168380737, 91.0077896118, 110.778800964, 78.681678772, 2.51379036903, 28.1867675781, 8.90178585052], [191.358184814, 179.349334717, 168.901107788, 183.703796387, 439.168609619, 162.392059326, 43.8857688904, 9.32449913025, 72.5532455444, 75.6070709229, 79.9807662964, 16.2883682251, 30.6128768921], [435.978881836, -61.9653434753, 215.21887207, 191.624557495, 162.392059326, 353.903961182, 167.420608521, 91.9873428345, 84.3300704956, 79.1407470703, 98.2630844116, 73.4029541016, 25.3169021606], [123.905906677, 50.3397331238, 91.825378418, 98.0168380737, 43.8857688904, 167.420608521, 317.752380371, 159.988769531, 74.3715896606, 39.6901931763, 75.1518859863, 55.2593994141, 33.0097808838], [-303.073913574, 0.263422727585, 94.4689941406, 91.0077896118, 9.32449913025, 91.9873428345, 159.988769531, 292.61239624, 116.622718811, 61.6083145142, 31.5867919922, 59.4481658936, 36.6152877808], [-95.9482650757, 3.44805383682, 126.685684204, 110.778800964, 72.5532455444, 84.3300704956, 74.3715896606, 116.622718811, 205.084594727, 94.0818634033, 46.1696281433, 52.1509361267, 31.8876094818], [-55.8167762756, 10.5094156265, 56.5211219788, 78.681678772, 75.6070709229, 79.1407470703, 39.6901931763, 61.6083145142, 94.0818634033, 167.31590271, 76.0954589844, 53.553730011, 22.9200706482], [210.348083496, 56.6023406982, 38.6917037964, 2.51379036903, 79.9807662964, 98.2630844116, 75.1518859863, 31.5867919922, 46.1696281433, 76.0954589844, 156.939346313, 72.7296905518, 37.8926467896], [-23.7912445068, 53.5024490356, 22.0507965088, 28.1867675781, 16.2883682251, 73.4029541016, 55.2593994141, 59.4481658936, 52.1509361267, 53.553730011, 72.7296905518, 137.28414917, 61.8678131104], [45.4147605896, 52.4747581482, 46.0848579407, 8.90178585052, 30.6128768921, 25.3169021606, 33.0097808838, 36.6152877808, 31.8876094818, 22.9200706482, 37.8926467896, 61.8678131104, 121.597480774]],
        "icov": [[0.000222385744564, 0.000104889273643, 6.4795378421e-05, -3.54177391273e-05, -9.00154418559e-07, -0.000311487267027, -7.69427497289e-05, 0.000328977184836, 1.03310458144e-06, 0.000217400825932, -0.000354124465957, 0.000252475845627, -0.000222734219278], [0.000104889273643, 0.00106018036604, 0.000501261034515, -0.000289105490083, -0.000630276277661, 0.000439309922513, -0.000364002451533, 0.000185323238838, 1.74880074155e-06, 0.000354909629095, -0.000422700861236, -0.000264610513113, -0.000356280623237], [6.4795378421e-05, 0.000501261034515, 0.00156416196842, -0.000628523062915, -0.000332209601765, -0.000395951792598, 2.22029520955e-05, 7.89376645116e-06, -0.000474935193779, 0.00047447529505, -0.000360659265425, 0.000436127302237, -0.000704040692654], [-3.54177391273e-05, -0.000289105490083, -0.000628523062915, 0.00318510411307, -0.000684454920702, -0.00108452327549, -0.000255065882811, -0.000128709798446, -0.000496178283356, -0.000970414432231, 0.00211498443969, -0.000411311164498, 0.000512365135364], [-9.00154418559e-07, -0.000630276277661, -0.000332209601765, -0.000684454920702, 0.00379463238642, -0.00141818320844, 0.000680911354721, 0.00045430730097, -0.00048178868019, -0.000436443224316, -0.00139929214492, 0.00171404401772, -0.000760785769671], [-0.000311487267027, 0.000439309922513, -0.000395951792598, -0.00108452327549, -0.00141818320844, 0.00654340535402, -0.00207852455787, -0.000330130482325, 0.000235651852563, -0.000434876797954, -0.00108074385207, -0.00222430494614, 0.00130322237965], [-7.69427497289e-05, -0.000364002451533, 2.22029520955e-05, -0.000255065882811, 0.000680911354721, -0.00207852455787, 0.00589977577329, -0.00269422819838, -0.000126033570268, 0.00109941291157, -0.00186204363126, 0.000742546864785, -0.000304630637402], [0.000328977184836, 0.000185323238838, 7.89376645116e-06, -0.000128709798446, 0.00045430730097, -0.000330130482325, -0.00269422819838, 0.00647085160017, -0.00220505683683, -0.000449308688985, 0.000808229262475, -0.000685055332724, -0.000699522031937], [1.03310458144e-06, 1.74880074155e-06, -0.000474935193779, -0.000496178283356, -0.00048178868019, 0.000235651852563, -0.000126033570268, -0.00220505683683, 0.00850289128721, -0.00324454647489, 0.000264736503595, -0.000866654794663, -0.000274163205177], [0.000217400825932, 0.000354909629095, 0.00047447529505, -0.000970414432231, -0.000436443224316, -0.000434876797954, 0.00109941291157, -0.000449308688985, -0.00324454647489, 0.0106374612078, -0.00443805241957, -0.000613003212493, 0.00023479272204], [-0.000354124465957, -0.000422700861236, -0.000360659265425, 0.00211498443969, -0.00139929214492, -0.00108074385207, -0.00186204363126, 0.000808229262475, 0.000264736503595, -0.00443805241957, 0.0133664505556, -0.00461986241862, 8.82932727109e-05], [0.000252475845627, -0.000264610513113, 0.000436127302237, -0.000411311164498, 0.00171404401772, -0.00222430494614, 0.000742546864785, -0.000685055332724, -0.000866654794663, -0.000613003212493, -0.00461986241862, 0.0138538125902, -0.00534522533417], [-0.000222734219278, -0.000356280623237, -0.000704040692654, 0.000512365135364, -0.000760785769671, 0.00130322237965, -0.000304630637402, -0.000699522031937, -0.000274163205177, 0.00023479272204, 8.82932727109e-05, -0.00534522533417, 0.0116233807057]]
    },
    "spectral_contrast_coeffs": {
        "mean": [-0.708523690701, -0.725791335106, -0.737537145615, -0.792433679104, -0.802702307701, -0.776018440723],
        "stdev": [0.090005852282, 0.0856099948287, 0.0680429115891, 0.0638178288937, 0.0467016138136, 0.0431734845042]
    },
    "spectral_contrast_valleys": {
        "mean": [-7.41637706757, -6.92304754257, -7.43691253662, -7.88734722137, -8.31443595886, -10.536942482],
        "stdev": [1.2584952116, 0.971659421921, 0.977382719517, 0.942140519619, 0.931688845158, 1.13096642494]
    }
},
"rhythm": {
    "beats_count": 487,
    "beats_loudness": {
        "mean": 0.0517848655581,
        "stdev": 0.0248569585383
    },
    "bpm": 90.8192596436,
    "bpm_histogram_first_peak_bpm": 91,
    "bpm_histogram_first_peak_weight": 0.154008388519,
    "bpm_histogram_second_peak_bpm": 98,
    "bpm_histogram_second_peak_spread": 0.399999976158,
    "bpm_histogram_second_peak_weight": 0.00617283955216,
    "danceability": 1.37421619892,
    "onset_rate": 4.5724902153,
    "beats_loudness_band_ratio": {
        "mean": [0.490733653307, 0.0879623070359, 0.197933286428, 0.152972698212, 0.0503320470452, 0.0565192215145],
        "stdev": [0.246931746602, 0.0749596133828, 0.147005677223, 0.128353625536, 0.0574084371328, 0.0638751015067]
    },
    "beats_position": [0.650158703327, 1.3235373497, 2.00852608681, 2.68190479279, 3.36689329147, 4.05188179016, 4.72526073456, 5.41024923325, 6.09523820877, 6.78022670746, 7.46521520615, 8.15020370483, 8.82358264923, 9.4853515625, 10.1471195221, 10.8204984665, 11.4938774109, 12.144036293, 12.8058052063, 13.4675731659, 14.1293420792, 14.7911109924, 15.4528799057, 16.114648819, 16.7648067474, 17.4149665833, 18.0767345428, 18.7385025024, 19.3886623383, 20.0388202667, 20.6889801025, 21.3507480621, 22.0125160217, 22.6858959198, 23.3360538483, 23.9862117767, 24.6479816437, 25.3097496033, 25.9599094391, 26.6216773987, 27.2834453583, 27.9452152252, 28.6069831848, 29.2571430206, 29.9189109802, 30.5806789398, 31.2540588379, 31.9042167664, 32.5659866333, 33.2277526855, 33.8779144287, 34.539680481, 35.2014503479, 35.8632202148, 36.5249862671, 37.1751480103, 37.8253059387, 38.4986839294, 39.1488418579, 39.8106117249, 40.4607696533, 41.1225395203, 41.795917511, 42.4692955017, 43.1426734924, 43.8160552979, 44.4894332886, 45.1628112793, 45.83618927, 46.4863471985, 47.1481170654, 47.8098869324, 48.4600448608, 49.1102027893, 49.748752594, 50.3873023987, 51.0490684509, 51.6992263794, 52.3377761841, 52.9879341125, 53.661315918, 54.3114738464, 54.9732398987, 55.6234016418, 56.2851676941, 56.9585494995, 57.6319274902, 58.2820854187, 58.9438552856, 59.6056213379, 60.2673912048, 60.9291610718, 61.5793190002, 62.2294769287, 62.8912467957, 63.5530128479, 64.2031707764, 64.864944458, 65.5267105103, 66.1884765625, 66.8502502441, 67.5004043579, 68.1621780396, 68.8239440918, 69.485710144, 70.1474838257, 70.7976379395, 71.4594116211, 72.1211776733, 72.7829437256, 73.4563217163, 74.1297073364, 74.8843536377, 75.638999939, 76.4052581787, 77.1483001709, 77.8332901001, 78.5066680908, 79.1916503906, 79.8766403198, 80.5500183105, 81.2350082397, 81.9316101074, 82.6166000366, 83.2899780273, 83.9633560181, 84.6483459473, 85.3101119995, 85.9718780518, 86.6336517334, 87.2838058472, 87.9455795288, 88.6073455811, 89.2807235718, 89.9308853149, 90.5810394287, 91.2428131104, 91.9045791626, 92.5663452148, 93.2281188965, 93.8898849487, 94.551651001, 95.2134246826, 95.8635787964, 96.525352478, 97.1755065918, 97.8372802734, 98.4990463257, 99.1608123779, 99.8225860596, 100.484352112, 101.146118164, 101.796279907, 102.458045959, 103.108207703, 103.769973755, 104.443351746, 105.105125427, 105.766891479, 106.417053223, 107.067207336, 107.728981018, 108.39074707, 109.040908813, 109.714286804, 110.376052856, 111.037818909, 111.687980652, 112.338134766, 113.011520386, 113.6616745, 114.311836243, 114.973602295, 115.635368347, 116.297142029, 116.958908081, 117.609069824, 118.282447815, 118.944213867, 119.617591858, 120.27936554, 120.95274353, 121.637733459, 122.334327698, 123.054145813, 123.66947937, 124.296417236, 124.923355103, 125.53868103, 126.154014587, 126.804168701, 127.442718506, 128.127700806, 128.812698364, 129.474472046, 130.136230469, 130.79800415, 131.459777832, 132.121536255, 132.771697998, 133.43347168, 134.095230103, 134.757003784, 135.418777466, 136.080535889, 136.74230957, 137.392471313, 138.042633057, 138.716003418, 139.389389038, 140.039550781, 140.689697266, 141.351470947, 142.013244629, 142.675003052, 143.336776733, 143.998550415, 144.660308838, 145.310470581, 145.960632324, 146.622406006, 147.284164429, 147.934326172, 148.596099854, 149.257858276, 149.919631958, 150.58140564, 151.231567383, 151.904937744, 152.578323364, 153.228485107, 153.89024353, 154.540405273, 155.202178955, 155.852325439, 156.502487183, 157.164260864, 157.826034546, 158.487792969, 159.14956665, 159.811340332, 160.473098755, 161.134872437, 161.796646118, 162.458404541, 163.120178223, 163.770339966, 164.420501709, 165.09387207, 165.76725769, 166.429016113, 167.090789795, 167.752563477, 168.40272522, 169.052871704, 169.703033447, 170.364807129, 171.014968872, 171.676727295, 172.338500977, 173.011871338, 173.662033081, 174.323806763, 174.985580444, 175.647338867, 176.309112549, 176.959274292, 177.632644653, 178.294418335, 178.956192017, 179.606338501, 180.256500244, 180.918273926, 181.580047607, 182.24180603, 182.891967773, 183.553741455, 184.203903198, 184.865661621, 185.527435303, 186.189208984, 186.850967407, 187.50112915, 188.162902832, 188.824661255, 189.486434937, 190.13659668, 190.798370361, 191.471740723, 192.133514404, 192.783676147, 193.44543457, 194.11882019, 194.780578613, 195.430740356, 196.0809021, 196.742675781, 197.404434204, 198.054595947, 198.716369629, 199.378143311, 200.039901733, 200.690063477, 201.351837158, 202.013595581, 202.686981201, 203.348754883, 204.010513306, 204.660675049, 205.310836792, 205.960998535, 206.622756958, 207.28453064, 207.946304321, 208.608062744, 209.269836426, 209.931610107, 210.581771851, 211.243530273, 211.905303955, 212.555465698, 213.217224121, 213.878997803, 214.540771484, 215.202529907, 215.864303589, 216.514465332, 217.176239014, 217.837997437, 218.499771118, 219.1615448, 219.823303223, 220.473464966, 221.123626709, 221.785385132, 222.447158813, 223.108932495, 223.770706177, 224.4324646, 225.094238281, 225.756011963, 226.417770386, 227.079544067, 227.741317749, 228.403076172, 229.064849854, 229.715011597, 230.36517334, 231.026931763, 231.688705444, 232.338867188, 233.00062561, 233.662399292, 234.324172974, 234.985931396, 235.63609314, 236.297866821, 236.959625244, 237.621398926, 238.283172607, 238.944946289, 239.606704712, 240.268478394, 240.918640137, 241.58039856, 242.25378418, 242.903945923, 243.554092407, 244.215866089, 244.877639771, 245.527801514, 246.189559937, 246.851333618, 247.501495361, 248.163253784, 248.825027466, 249.486801147, 250.14855957, 250.798721313, 251.448883057, 252.122268677, 252.7840271, 253.445800781, 254.095962524, 254.757720947, 255.419494629, 256.081268311, 256.743041992, 257.393188477, 258.054962158, 258.71673584, 259.366882324, 260.028656006, 260.690429688, 261.352203369, 262.013977051, 262.675720215, 263.337493896, 263.999267578, 264.649414062, 265.311187744, 265.961364746, 266.623138428, 267.284881592, 267.946655273, 268.608428955, 269.258575439, 269.908752441, 270.582122803, 271.255493164, 271.905670166, 272.55581665, 273.217590332, 273.879364014, 274.541137695, 275.202911377, 275.864654541, 276.526428223, 277.176605225, 277.826751709, 278.50012207, 279.161895752, 279.823669434, 280.485443115, 281.147216797, 281.808959961, 282.459136963, 283.120910645, 283.771057129, 284.421234131, 285.094604492, 285.756378174, 286.418121338, 287.06829834, 287.730072021, 288.391845703, 289.041992188, 289.692138672, 290.353912354, 291.015686035, 291.677459717, 292.339233398, 293.00100708, 293.662750244, 294.336151123, 295.009521484, 295.659667969, 296.309844971, 296.971618652, 297.633361816, 298.283538818, 298.933685303, 299.595458984, 300.245605469, 300.90737915, 301.569152832, 302.230926514, 302.892700195, 303.554473877, 304.204620361, 304.866394043, 305.528167725, 306.178314209, 306.840087891, 307.501861572, 308.163635254, 308.825378418, 309.4871521, 310.148925781, 310.799072266, 311.460845947, 312.122619629, 312.784393311, 313.446166992, 314.096313477, 314.758087158, 315.41986084, 316.081634521, 316.743408203, 317.393554688, 318.055328369, 318.717102051, 319.367248535, 320.029022217, 320.690795898, 321.36416626, 322.014312744],
    "bpm_histogram": [0, 0, 0, 0, 0, 0, 0, 0, 0, 0, 0, 0, 0, 0, 0, 0, 0, 0, 0, 0, 0, 0, 0, 0, 0, 0, 0, 0, 0, 0, 0, 0, 0, 0, 0, 0, 0, 0, 0, 0, 0, 0, 0, 0, 0, 0, 0, 0, 0, 0, 0, 0, 0, 0, 0, 0, 0, 0, 0, 0, 0, 0, 0, 0, 0, 0, 0, 0, 0, 0, 0, 0, 0, 0, 0, 0, 0, 0, 0.00205761310644, 0, 0.00411522621289, 0.00205761310644, 0, 0.00205761310644, 0, 0, 0.00411522621289, 0, 0.0349794253707, 0.106995888054, 0, 0.5679012537, 0.257201641798, 0, 0.00823045242578, 0, 0.00411522621289, 0, 0.00617283955216, 0, 0, 0, 0, 0, 0, 0, 0, 0, 0, 0, 0, 0, 0, 0, 0, 0, 0, 0, 0, 0, 0, 0, 0, 0, 0, 0, 0, 0, 0, 0, 0, 0, 0, 0, 0, 0, 0, 0, 0, 0, 0, 0, 0, 0, 0, 0, 0, 0, 0, 0, 0, 0, 0, 0, 0, 0, 0, 0, 0, 0, 0, 0, 0, 0, 0, 0, 0, 0, 0, 0, 0, 0, 0, 0, 0, 0, 0, 0, 0, 0, 0, 0, 0, 0, 0, 0, 0, 0, 0, 0, 0, 0, 0, 0, 0, 0, 0, 0, 0, 0, 0, 0, 0, 0, 0, 0, 0, 0, 0, 0, 0, 0, 0, 0, 0, 0, 0, 0, 0, 0, 0, 0, 0, 0, 0, 0, 0, 0, 0, 0, 0, 0, 0, 0, 0, 0, 0, 0, 0, 0, 0, 0, 0, 0, 0, 0, 0, 0, 0, 0]
},
"tonal": {
    "chords_changes_rate": 0.0712948292494,
    "chords_number_rate": 0.00172835949343,
    "chords_strength": {
        "mean": 0.47505441308,
        "stdev": 0.107778504491
    },
    "hpcp_crest": {
        "mean": 12.6570730209,
        "stdev": 5.26651096344
    },
    "hpcp_entropy": {
        "mean": 2.02391052246,
        "stdev": 0.669780910015
    },
    "key_edma": {
        "strength": 0.694258928299,
        "key": "B",
        "scale": "minor"
    },
    "key_krumhansl": {
        "strength": 0.700286149979,
        "key": "B",
        "scale": "minor"
    },
    "key_temperley": {
        "strength": 0.69884377718,
        "key": "B",
        "scale": "minor"
    },
    "tuning_diatonic_strength": 0.527030587196,
    "tuning_equal_tempered_deviation": 0.13737846911,
    "tuning_frequency": 434.193115234,
    "tuning_nontempered_energy_ratio": 0.801528632641,
    "hpcp": {
        "mean": [0.11717659235, 0.145062223077, 0.15230961144, 0.170801207423, 0.154538884759, 0.139975100756, 0.217434033751, 0.270140767097, 0.214831933379, 0.130288422108, 0.0884901806712, 0.0854181423783, 0.109569698572, 0.100029714406, 0.121380083263, 0.167187303305, 0.12089946121, 0.0635957345366, 0.0547020584345, 0.055564250797, 0.068830229342, 0.0773046091199, 0.0824766308069, 0.10622189194, 0.115929022431, 0.0924174711108, 0.10480119288, 0.177855446935, 0.199173107743, 0.131985157728, 0.104548931122, 0.0929142534733, 0.075583897531, 0.0920628905296, 0.0788982063532, 0.0827498435974],
        "stdev": [0.213430374861, 0.246249988675, 0.251513749361, 0.284785985947, 0.280776143074, 0.227951824665, 0.293556302786, 0.363733738661, 0.291589707136, 0.240917533636, 0.171660289168, 0.161842435598, 0.206174775958, 0.192014083266, 0.202953398228, 0.278034001589, 0.225280210376, 0.156678274274, 0.141711816192, 0.135552257299, 0.161072418094, 0.181116819382, 0.180949285626, 0.19515825808, 0.218567416072, 0.17767803371, 0.206171661615, 0.269474983215, 0.326134830713, 0.236218586564, 0.231021329761, 0.223894581199, 0.162856295705, 0.187601983547, 0.166329905391, 0.177672863007]
    },
    "chords_histogram": [44.2171974182, 2.13164329529, 4.72418260574, 1.16664266586, 0.259253919125, 0.129626959562, 0.604925811291, 0.83537375927, 0.388880878687, 6.19328832626, 3.35589814186, 1.00820970535, 0.0288059916347, 0, 0, 0.230447933078, 4.75298881531, 9.69321632385, 0.331268906593, 12.2569494247, 4.17686891556, 0.288059920073, 0.230447933078, 2.99582314491],
    "thpcp": [1, 0.795259237289, 0.482298254967, 0.327570617199, 0.316198647022, 0.405602246523, 0.370287358761, 0.449321597815, 0.618889570236, 0.447542458773, 0.235417023301, 0.202494651079, 0.205686286092, 0.254793941975, 0.286164164543, 0.305309832096, 0.393209397793, 0.42914301157, 0.34210857749, 0.38795030117, 0.658380627632, 0.73729377985, 0.488579183817, 0.387016475201, 0.343947529793, 0.279794484377, 0.340795993805, 0.292063295841, 0.306321203709, 0.433761239052, 0.536987543106, 0.563815712929, 0.632267415524, 0.572067975998, 0.518156170845, 0.804891586304],
    "chords_key": "B",
    "chords_scale": "minor"
}
}