{
"metadata": {
    "version": {
        "essentia": "2.1-dev",
        "essentia_git_sha": "v2.1_beta3-415-gd5473f3",
        "extractor": "music 2.0"
    },
    "audio_properties": {
        "analysis": {
            "equal_loudness": 0,
            "length": 111.516731262,
            "sample_rate": 44100,
            "start_time": 0,
            "downmix": "mix"
        },
        "bit_rate": 192000,
        "length": 111.516731262,
        "lossless": 0,
        "number_channels": 2,
        "replay_gain": -5.22905540466,
        "sample_rate": 44100,
        "codec": "mp3",
        "md5_encoded": "6a6699a2ffb09c68c4452c1401fe13a1"
    },
    "tags": {
        "file_name": "armand_est_mort.mp3"
    }
},
"lowlevel": {
    "average_loudness": 0.812381088734,
    "barkbands_crest": {
        "mean": 11.3432369232,
        "stdev": 5.69325065613
    },
    "barkbands_flatness_db": {
        "mean": 0.17346252501,
        "stdev": 0.0754107385874
    },
    "barkbands_kurtosis": {
        "mean": 13.0219478607,
        "stdev": 32.6561126709
    },
    "barkbands_skewness": {
        "mean": 2.06341791153,
        "stdev": 2.50172710419
    },
    "barkbands_spread": {
        "mean": 24.2687740326,
        "stdev": 20.6789302826
    },
    "dissonance": {
        "mean": 0.472370326519,
        "stdev": 0.0264111179858
    },
    "dynamic_complexity": 5.58137989044,
    "erbbands_crest": {
        "mean": 7.99388933182,
        "stdev": 3.54287385941
    },
    "erbbands_flatness_db": {
        "mean": 0.160352826118,
        "stdev": 0.0432889424264
    },
    "erbbands_kurtosis": {
        "mean": 1.08261489868,
        "stdev": 5.56221818924
    },
    "erbbands_skewness": {
        "mean": -0.0289951860905,
        "stdev": 1.14069533348
    },
    "erbbands_spread": {
        "mean": 45.246181488,
        "stdev": 23.4499702454
    },
    "hfc": {
        "mean": 14.7839012146,
        "stdev": 25.9815673828
    },
    "loudness_ebu128": {
        "integrated": -20.3063869476,
        "loudness_range": 5.05365180969,
        "momentary": {
            "mean": -23.5530891418,
            "stdev": 7.55451822281
        },
        "short_term": {
            "mean": -22.4776935577,
            "stdev": 6.26074695587
        }
    },
    "melbands_crest": {
        "mean": 14.5882024765,
        "stdev": 5.75863647461
    },
    "melbands_flatness_db": {
        "mean": 0.220724016428,
        "stdev": 0.111299656332
    },
    "melbands_kurtosis": {
        "mean": 32.6377677917,
        "stdev": 57.8731765747
    },
    "melbands_skewness": {
        "mean": 3.61433720589,
        "stdev": 2.94358730316
    },
    "melbands_spread": {
        "mean": 31.8099021912,
        "stdev": 38.6334877014
    },
    "pitch_salience": {
        "mean": 0.540508210659,
        "stdev": 0.151314139366
    },
    "silence_rate_20dB": {
        "mean": 1,
        "stdev": 0
    },
    "silence_rate_30dB": {
        "mean": 0.996877610683,
        "stdev": 0.0557899661362
    },
    "silence_rate_60dB": {
        "mean": 0.222522899508,
        "stdev": 0.415934830904
    },
    "spectral_centroid": {
        "mean": 1695.16052246,
        "stdev": 1173.23059082
    },
    "spectral_complexity": {
        "mean": 11.8784341812,
        "stdev": 12.3122549057
    },
    "spectral_decrease": {
        "mean": -4.38143743509e-09,
        "stdev": 5.5712252589e-09
    },
    "spectral_energy": {
        "mean": 0.0178774893284,
        "stdev": 0.0219083353877
    },
    "spectral_energyband_high": {
        "mean": 0.000944053113926,
        "stdev": 0.00229790969752
    },
    "spectral_energyband_low": {
        "mean": 0.00984739046544,
        "stdev": 0.016333360225
    },
    "spectral_energyband_middle_high": {
        "mean": 0.00266115204431,
        "stdev": 0.00565421395004
    },
    "spectral_energyband_middle_low": {
        "mean": 0.00526605127379,
        "stdev": 0.00970897264779
    },
    "spectral_entropy": {
        "mean": 7.55686187744,
        "stdev": 0.543912947178
    },
    "spectral_flux": {
        "mean": 0.0716909468174,
        "stdev": 0.0593323521316
    },
    "spectral_kurtosis": {
        "mean": 4.22268867493,
        "stdev": 4.93990564346
    },
    "spectral_rms": {
        "mean": 0.00350593915209,
        "stdev": 0.00226932670921
    },
    "spectral_rolloff": {
        "mean": 1967.43359375,
        "stdev": 2492.36157227
    },
    "spectral_skewness": {
        "mean": 1.34201622009,
        "stdev": 0.677000582218
    },
    "spectral_spread": {
        "mean": 4462054.5,
        "stdev": 2601288.5
    },
    "spectral_strongpeak": {
        "mean": 0.424980461597,
        "stdev": 0.763959944248
    },
    "zerocrossingrate": {
        "mean": 0.0680872797966,
        "stdev": 0.0645394027233
    },
    "barkbands": {
        "mean": [6.97549985489e-05, 0.00656678900123, 0.00243689562194, 0.00138919986784, 0.00160532735754, 0.000757872709073, 0.000572071410716, 0.000408746534958, 0.0004131628084, 0.000330861483235, 0.00017206663324, 0.000242979032919, 0.000218746819883, 0.000122219178593, 0.000130780012114, 0.000223192895646, 0.000337684643455, 0.000366797816241, 0.000422627141234, 0.000286415888695, 0.000191160579561, 0.000104154278233, 0.000101879988506, 0.000273945071967, 0.000120394666737, 1.17553290693e-05, 6.54774068298e-10],
        "stdev": [0.000117664334539, 0.0125717036426, 0.00475582340732, 0.00635874504223, 0.00301126926206, 0.00152525596786, 0.00172586005647, 0.00109200761653, 0.00104233354796, 0.00148773111869, 0.000521239766385, 0.000877141254023, 0.000840416760184, 0.000370286725229, 0.00035329835373, 0.000546891300473, 0.000749427708797, 0.00100430753082, 0.00126994005404, 0.000798586755991, 0.000454631837783, 0.000246183131821, 0.000234180144616, 0.00134819350205, 0.000473418971524, 3.16446676152e-05, 1.15611453744e-09]
    },
    "erbbands": {
        "mean": [0.163138315082, 1.56292843819, 2.89464879036, 4.10438394547, 4.55850172043, 6.07826805115, 4.41553115845, 7.49727201462, 7.70667695999, 9.75791454315, 8.82367897034, 9.13482379913, 10.8420658112, 8.73362922668, 7.69687223434, 10.4264183044, 10.3726634979, 6.20511817932, 6.59627532959, 8.87699890137, 13.2377710342, 19.3380775452, 19.4719467163, 22.3784275055, 17.8569011688, 13.0927324295, 10.7334709167, 5.30610704422, 3.89632415771, 3.37195777893, 2.75339722633, 4.35181283951, 5.00850629807, 2.08532881737, 0.53813713789, 0.101347096264, 0.0128975138068, 0.000627599656582, 3.51572816726e-05, 2.54558162851e-05],
        "stdev": [0.31085768342, 3.02481555939, 5.36330986023, 13.9504404068, 16.4060001373, 11.1593551636, 9.34051609039, 15.8591222763, 23.277671814, 28.8770084381, 21.4797935486, 23.3639411926, 43.1461372375, 31.5514183044, 22.4561347961, 38.6601371765, 39.5879745483, 17.1564941406, 17.7799949646, 21.4188613892, 31.5935440063, 42.5458221436, 50.8290481567, 69.1893234253, 46.357875824, 37.1560592651, 24.9981269836, 13.1181335449, 9.54842281342, 7.23097658157, 7.15117263794, 20.1019954681, 25.4805335999, 9.46827507019, 1.58204960823, 0.271927475929, 0.0359673053026, 0.00177132012323, 7.44439166738e-05, 3.07981317746e-05]
    },
    "gfcc": {
        "mean": [-86.2178421021, 95.5753479004, -117.186470032, 60.1431045532, -55.9776115417, 16.2310218811, -35.5962715149, 13.9745702744, -23.5680427551, -5.86022901535, -9.22975730896, -6.59769105911, -4.85473108292],
        "cov": [[17104.3007812, -5.78296947479, 720.613464355, 630.355285645, -110.399894714, 272.611633301, -594.678833008, 1063.32519531, 46.093120575, 586.922668457, 258.513549805, 307.616088867, -83.7107849121], [-5.78296947479, 2187.03100586, 426.425476074, -256.73046875, 435.059204102, -244.574508667, 387.908569336, -13.7760429382, 264.859405518, -90.7562026978, 177.410629272, -63.8784790039, 90.4799575806], [720.613464355, 426.425476074, 1809.95336914, 211.03477478, 439.247772217, 230.945922852, 81.2600860596, 315.098480225, 121.360527039, 131.464767456, 84.0159912109, 56.2837028503, 35.5239067078], [630.355285645, -256.73046875, 211.03477478, 550.422851562, 165.126296997, 6.30169725418, -51.3819465637, -16.052072525, 8.31090354919, 31.1622524261, 0.430326849222, 11.8959264755, 54.8513412476], [-110.399894714, 435.059204102, 439.247772217, 165.126296997, 427.088775635, 24.1764335632, 123.317962646, 28.9694099426, 86.1370315552, 32.8778839111, 32.7621231079, 9.81029510498, 39.3390083313], [272.611633301, -244.574508667, 230.945922852, 6.30169725418, 24.1764335632, 271.540405273, 61.960319519, 81.7557678223, -28.7455978394, 27.7549247742, -32.8159255981, 1.85368108749, -24.5449581146], [-594.678833008, 387.908569336, 81.2600860596, -51.3819465637, 123.317962646, 61.960319519, 377.063598633, -10.4594106674, 37.9481315613, -19.1756439209, -31.3701000214, 5.36549282074, 12.3468322754], [1063.32519531, -13.7760429382, 315.098480225, -16.052072525, 28.9694099426, 81.7557678223, -10.4594106674, 224.993209839, 45.9338302612, 83.7585220337, 30.1340408325, 38.5131835938, -5.85862541199], [46.093120575, 264.859405518, 121.360527039, 8.31090354919, 86.1370315552, -28.7455978394, 37.9481315613, 45.9338302612, 144.903839111, 32.7263412476, 55.8734588623, -5.87953472137, 30.8202037811], [586.922668457, -90.7562026978, 131.464767456, 31.1622524261, 32.8778839111, 27.7549247742, -19.1756439209, 83.7585220337, 32.7263412476, 148.525894165, 11.2299852371, 53.2479324341, -8.97410678864], [258.513549805, 177.410629272, 84.0159912109, 0.430326849222, 32.7621231079, -32.8159255981, -31.3701000214, 30.1340408325, 55.8734588623, 11.2299852371, 126.460464478, 5.9561252594, 20.2164611816], [307.616088867, -63.8784790039, 56.2837028503, 11.8959264755, 9.81029510498, 1.85368108749, 5.36549282074, 38.5131835938, -5.87953472137, 53.2479324341, 5.9561252594, 94.773109436, 8.77237701416], [-83.7107849121, 90.4799575806, 35.5239067078, 54.8513412476, 39.3390083313, -24.5449581146, 12.3468322754, -5.85862541199, 30.8202037811, -8.97410678864, 20.2164611816, 8.77237701416, 77.7840576172]],
        "icov": [[0.000162299431395, -0.00035720251617, 0.000190460879821, -0.000511584396008, 0.000302217231365, -0.00038864594535, 0.000393459340557, -0.000862955232151, 0.000378973170882, -0.000321379338857, -4.44116039944e-06, -0.00033632927807, 0.000312855816446], [-0.00035720251617, 0.00237273564562, -0.00075264723273, 0.00221024849452, -0.00185200106353, 0.00258017750457, -0.0021526478231, 0.00190088257659, -0.00167905131821, 0.00142425799277, -0.00122150639072, 0.00169938558247, -0.00116819108371], [0.000190460879821, -0.00075264723273, 0.0013769834768, -0.000971734465566, -0.000349607667886, -0.00136802485213, 0.000829711905681, -0.00220881565474, 0.000647714652587, -0.000420969590778, -5.35823892278e-05, -0.000661631522235, 0.000367237167666], [-0.000511584396008, 0.00221024849452, -0.000971734465566, 0.00480313086882, -0.00273168832064, 0.00221361545846, -0.00138206093106, 0.00335981626995, -0.00129727972671, 0.000815965991933, -0.000391845707782, 0.00184113613795, -0.00300997542217], [0.000302217231365, -0.00185200106353, -0.000349607667886, -0.00273168832064, 0.00577433593571, -0.00174279010389, 0.000443119381089, -0.000593689735979, -9.72506750259e-05, -0.00151530548465, 0.000631685077678, -0.00129698996898, 0.000825970608275], [-0.00038864594535, 0.00258017750457, -0.00136802485213, 0.00221361545846, -0.00174279010389, 0.0081502199173, -0.00346265104599, 0.000306395813823, 9.52118061832e-05, 0.000949374865741, -0.00048710370902, 0.00317609054036, -0.000489626429044], [0.000393459340557, -0.0021526478231, 0.000829711905681, -0.00138206093106, 0.000443119381089, -0.00346265104599, 0.00568913063034, -0.00150729797315, 9.73394198809e-05, -0.000348373374436, 0.00241711782292, -0.00275860866532, 0.000793906219769], [-0.000862955232151, 0.00190088257659, -0.00220881565474, 0.00335981626995, -0.000593689735979, 0.000306395813823, -0.00150729797315, 0.0130507359281, -0.00420646881685, -0.000811911479104, -0.000586027221289, 0.000150187624968, -0.00117275700904], [0.000378973170882, -0.00167905131821, 0.000647714652587, -0.00129727972671, -9.72506750259e-05, 9.52118061832e-05, 9.73394198809e-05, -0.00420646881685, 0.0136589994654, -0.00441509531811, -0.00311461742967, 0.00290327100083, -0.00271247304045], [-0.000321379338857, 0.00142425799277, -0.000420969590778, 0.000815965991933, -0.00151530548465, 0.000949374865741, -0.000348373374436, -0.000811911479104, -0.00441509531811, 0.0124807078391, 0.000384218146792, -0.00488591520116, 0.00231482461095], [-4.44116039944e-06, -0.00122150639072, -5.35823892278e-05, -0.000391845707782, 0.000631685077678, -0.00048710370902, 0.00241711782292, -0.000586027221289, -0.00311461742967, 0.000384218146792, 0.0116591174155, -0.00175597588532, -0.000737901078537], [-0.00033632927807, 0.00169938558247, -0.000661631522235, 0.00184113613795, -0.00129698996898, 0.00317609054036, -0.00275860866532, 0.000150187624968, 0.00290327100083, -0.00488591520116, -0.00175597588532, 0.0165561642498, -0.00435235630721], [0.000312855816446, -0.00116819108371, 0.000367237167666, -0.00300997542217, 0.000825970608275, -0.000489626429044, 0.000793906219769, -0.00117275700904, -0.00271247304045, 0.00231482461095, -0.000737901078537, -0.00435235630721, 0.0177443791181]]
    },
    "melbands": {
        "mean": [0.00170683301985, 0.00176606071182, 0.000737724010833, 0.000372961425455, 0.000189122642041, 0.000162361000548, 0.000120231925393, 0.000104280916275, 7.06816135789e-05, 5.75807971472e-05, 5.3891344578e-05, 3.58090182999e-05, 2.38991742663e-05, 2.69243355433e-05, 2.87444054266e-05, 1.78297505045e-05, 1.09964494186e-05, 1.04537730294e-05, 1.07445330286e-05, 1.40334232128e-05, 1.55556444952e-05, 1.93976138689e-05, 1.965750198e-05, 1.73270655068e-05, 1.83485353773e-05, 1.56934493134e-05, 1.07616506284e-05, 8.14686518424e-06, 7.51630068407e-06, 4.07023480875e-06, 2.85519990939e-06, 2.17994670493e-06, 2.05460878533e-06, 1.80926895155e-06, 1.50631922224e-06, 1.75343211595e-06, 3.07496088681e-06, 3.85180010198e-06, 2.56826751865e-06, 1.53524217694e-06],
        "stdev": [0.00325414002873, 0.00305770826526, 0.00258399336599, 0.000798284541816, 0.000377207412384, 0.000342728599207, 0.000350018235622, 0.000296944665024, 0.000174795233761, 0.000149932151544, 0.000221704802243, 0.000136933202157, 7.08955121809e-05, 8.60200234456e-05, 0.000131320979563, 5.92676988163e-05, 3.28535934386e-05, 3.0369270462e-05, 2.90597890853e-05, 3.55091651727e-05, 3.79442244594e-05, 4.36243790318e-05, 4.61457530037e-05, 5.40664550499e-05, 5.8672776504e-05, 4.46947269666e-05, 3.05293979181e-05, 2.37113417825e-05, 1.74155356945e-05, 1.03199117802e-05, 7.05911088517e-06, 5.47073886992e-06, 4.8828665058e-06, 3.87950558434e-06, 3.89710157833e-06, 5.54400503461e-06, 1.58364473464e-05, 2.01590064535e-05, 1.29469899548e-05, 6.84563201503e-06]
    },
    "melbands128": {
        "mean": [6.43038001726e-05, 0.000987912411802, 0.00271955132484, 0.00251220772043, 0.00163060694467, 0.001158831059, 0.000856881029904, 0.000645583902951, 0.000444668403361, 0.000298773782561, 0.000395117764128, 0.000258065469097, 0.000121916396893, 0.000110605702503, 0.000179257025593, 0.000187006604392, 0.000139050986036, 9.69074098975e-05, 0.000119718431961, 0.000116645285743, 9.5732146292e-05, 7.63519419706e-05, 6.79218719597e-05, 6.6912798502e-05, 5.67053466511e-05, 5.48924981558e-05, 5.64233705518e-05, 5.86002315686e-05, 4.82784889755e-05, 3.8284513721e-05, 3.44490472344e-05, 2.3390597562e-05, 2.17130673263e-05, 2.52960016951e-05, 2.57646915998e-05, 2.88087157969e-05, 2.57324918493e-05, 3.0519629945e-05, 3.06792389893e-05, 2.20357069338e-05, 1.66440859175e-05, 9.10990274861e-06, 9.59757744567e-06, 1.31508195409e-05, 1.19281994557e-05, 9.34379932005e-06, 8.96787605598e-06, 1.22619067042e-05, 1.01802015706e-05, 1.05726530819e-05, 1.67323159985e-05, 1.3696599126e-05, 1.59861538123e-05, 1.50679525177e-05, 1.75855693669e-05, 1.92016723304e-05, 2.1636218662e-05, 2.25545372814e-05, 1.92544230231e-05, 1.34687370519e-05, 1.85723893082e-05, 1.99067308131e-05, 1.23661329781e-05, 1.99710975721e-05, 2.46491144935e-05, 1.5391056877e-05, 1.07500800368e-05, 1.04304344859e-05, 1.25505266624e-05, 8.84455948835e-06, 7.28809845896e-06, 8.21305093268e-06, 8.0902764239e-06, 7.57256975703e-06, 7.09775213181e-06, 3.97892335968e-06, 2.98465533888e-06, 2.59799867308e-06, 3.24900111082e-06, 2.53535677075e-06, 2.30482919505e-06, 2.1514256332e-06, 1.69866473243e-06, 2.4771727567e-06, 1.62661979175e-06, 2.0326720005e-06, 1.72677300725e-06, 1.75592595042e-06, 1.48788774368e-06, 1.37475296924e-06, 1.41465898196e-06, 1.85939052244e-06, 2.15701425077e-06, 3.03321894535e-06, 3.60370472663e-06, 4.08485038861e-06, 3.86263855034e-06, 3.71001078747e-06, 2.70941427516e-06, 1.95910752154e-06, 1.71987687736e-06, 1.63474680903e-06, 1.04476771412e-06, 6.92368814725e-07, 6.11960331298e-07, 3.54567504246e-07, 2.71591773071e-07, 2.17918454837e-07, 1.53156975102e-07, 1.02500408161e-07, 6.25053928616e-08, 3.97198007818e-08, 3.48820314855e-08, 2.05530810149e-08, 9.06155506186e-09, 1.03403741125e-09, 3.56741936339e-12, 3.05325469768e-12, 2.97060943552e-12, 2.89043745536e-12, 2.82279473234e-12, 2.76841375345e-12, 2.70477368801e-12, 2.65152027938e-12, 2.62253066485e-12, 2.60076357152e-12, 2.58176227792e-12, 2.55772616628e-12],
        "stdev": [0.000114150469017, 0.00193210144062, 0.00542803248391, 0.00509149674326, 0.00316933938302, 0.00230183824897, 0.0029401385691, 0.00316154863685, 0.0017112599453, 0.000680805766024, 0.000796785345301, 0.000643477367703, 0.000350689486368, 0.000300568324747, 0.000427091261372, 0.000531704979949, 0.000564152665902, 0.000423564546509, 0.00048126897309, 0.000438732851762, 0.000348623434547, 0.000234457693296, 0.000227395023103, 0.000232299003983, 0.000197498506168, 0.000198048859602, 0.000212229904719, 0.000309147988446, 0.00029284649645, 0.000186727120308, 0.000141160475323, 8.22472866275e-05, 8.83155444171e-05, 9.33828632697e-05, 9.42115948419e-05, 0.000113007590699, 0.000117264062283, 0.000184830481885, 0.000170100363903, 9.72967463895e-05, 5.79295374337e-05, 2.80332187685e-05, 4.12303488702e-05, 4.7807363444e-05, 4.72920874017e-05, 3.08181151922e-05, 3.24242937495e-05, 3.92553592974e-05, 3.41613522323e-05, 2.99079838442e-05, 4.93683037348e-05, 4.07234074373e-05, 4.27989398304e-05, 3.91014800698e-05, 4.53828542959e-05, 4.63602082164e-05, 5.55098267796e-05, 5.5654123571e-05, 5.50360309717e-05, 3.52016504621e-05, 7.47334488551e-05, 6.42520535621e-05, 2.97235474136e-05, 7.58421520004e-05, 9.81758275884e-05, 4.11687651649e-05, 2.56624171016e-05, 2.7454823794e-05, 4.57346941403e-05, 3.19425816997e-05, 2.46237450483e-05, 2.28169410548e-05, 2.17147699004e-05, 1.75319491973e-05, 1.89880665857e-05, 1.11595090857e-05, 8.63043351274e-06, 8.22665151645e-06, 8.47535284265e-06, 6.14103328189e-06, 6.14675764155e-06, 6.58766248307e-06, 4.58860677099e-06, 6.2490239543e-06, 3.85093153454e-06, 4.90802403874e-06, 3.70155657947e-06, 4.29700685345e-06, 4.41636029791e-06, 4.12035615227e-06, 4.3377408474e-06, 5.93758704781e-06, 9.68964741332e-06, 1.75145996764e-05, 2.08937071875e-05, 2.21803675231e-05, 2.14977389987e-05, 2.03601648536e-05, 1.43547658809e-05, 1.11506160465e-05, 9.45016654441e-06, 7.40421000955e-06, 3.94982862417e-06, 2.20323158828e-06, 1.79321443738e-06, 1.02694900761e-06, 8.11295819858e-07, 6.42945849449e-07, 5.17719229265e-07, 2.85776167175e-07, 2.74859246474e-07, 1.32159158284e-07, 1.07739346333e-07, 7.00912110574e-08, 3.28713873898e-08, 5.62357138634e-09, 6.6122064421e-12, 5.45033939855e-12, 5.28404490302e-12, 5.12680045986e-12, 4.99222191364e-12, 4.8736297116e-12, 4.76867286978e-12, 4.68378894697e-12, 4.60877169761e-12, 4.55426711968e-12, 4.51267885906e-12, 4.48485519555e-12]
    },
    "mfcc": {
        "mean": [-718.082458496, 108.581802368, 6.03052711487, 38.7915649414, 11.189661026, 2.84474539757, 7.50236129761, 9.17690372467, -0.998844325542, 3.82579374313, -3.976136446, 0.809157788754, -0.623273968697],
        "cov": [[12827.3291016, -68.5566864014, 514.065795898, 527.157104492, 486.989318848, -501.913330078, -44.8388824463, 90.7694702148, 101.358047485, 182.117156982, 201.6953125, 494.032836914, 125.682945251], [-68.5566864014, 2328.11010742, 120.022201538, 115.947547913, 46.6978988647, -40.9947357178, 80.2855072021, 174.820587158, 105.994400024, 129.498764038, 70.3720474243, 123.721824646, 68.2397842407], [514.065795898, 120.022201538, 1043.27966309, 129.189804077, 388.761016846, 15.4725055695, 144.806106567, 104.990036011, 122.72858429, 116.44443512, 27.0283946991, 116.061729431, 30.1136398315], [527.157104492, 115.947547913, 129.189804077, 578.010498047, 213.990737915, 112.629226685, 9.68453216553, 16.3483371735, 65.142616272, 1.53203606606, 10.8359680176, 30.5051994324, 14.4009943008], [486.989318848, 46.6978988647, 388.761016846, 213.990737915, 474.362335205, 6.83731746674, 25.2666702271, -0.424573332071, 30.5585155487, 59.8725738525, -2.18611121178, 81.9244613647, 27.4936466217], [-501.913330078, -40.9947357178, 15.4725055695, 112.629226685, 6.83731746674, 265.830566406, 98.5800247192, 49.1516304016, 76.8283309937, -11.6756896973, 46.8745307922, -32.7489585876, -26.1970672607], [-44.8388824463, 80.2855072021, 144.806106567, 9.68453216553, 25.2666702271, 98.5800247192, 178.871780396, 89.8875732422, 61.8787231445, 21.0753688812, 30.4127101898, 9.80338287354, -2.27426195145], [90.7694702148, 174.820587158, 104.990036011, 16.3483371735, -0.424573332071, 49.1516304016, 89.8875732422, 140.029876709, 68.8779678345, 33.2076454163, 23.3141345978, 16.038143158, 4.27786397934], [101.358047485, 105.994400024, 122.72858429, 65.142616272, 30.5585155487, 76.8283309937, 61.8787231445, 68.8779678345, 151.543045044, 48.737197876, 50.0348205566, 12.7259740829, -6.08645009995], [182.117156982, 129.498764038, 116.44443512, 1.53203606606, 59.8725738525, -11.6756896973, 21.0753688812, 33.2076454163, 48.737197876, 100.986869812, 33.5693359375, 37.8250465393, 9.19958400726], [201.6953125, 70.3720474243, 27.0283946991, 10.8359680176, -2.18611121178, 46.8745307922, 30.4127101898, 23.3141345978, 50.0348205566, 33.5693359375, 106.763824463, 33.2885017395, 6.19975852966], [494.032836914, 123.721824646, 116.061729431, 30.5051994324, 81.9244613647, -32.7489585876, 9.80338287354, 16.038143158, 12.7259740829, 37.8250465393, 33.2885017395, 105.927879333, 40.5598220825], [125.682945251, 68.2397842407, 30.1136398315, 14.4009943008, 27.4936466217, -26.1970672607, -2.27426195145, 4.27786397934, -6.08645009995, 9.19958400726, 6.19975852966, 40.5598220825, 71.830329895]],
        "icov": [[0.000118228010251, 5.46142218809e-05, 3.3037547837e-05, -0.000152034786879, -2.07463963307e-05, 0.000363710831152, -6.03405023867e-05, -0.000133899811772, -7.53490821808e-05, 5.72875142097e-05, -0.000214335406781, -0.00046259368537, 0.000170519968378], [5.46142218809e-05, 0.000554276048206, 0.000106850049633, -0.000211024351302, 4.89660415042e-05, 0.000368995242752, -6.95169146638e-05, -0.000645798281766, -8.34848251543e-05, -0.000389318214729, -0.000136925009429, -0.000543357105926, -0.000111105597171], [3.3037547837e-05, 0.000106850049633, 0.00181102310307, 6.72512032907e-05, -0.00124573637731, 0.000510670186486, -0.00104262679815, -0.0004650191986, -0.000836398918182, -0.000519000634085, 0.000375742674805, -0.000902583240531, 0.000198527704924], [-0.000152034786879, -0.000211024351302, 6.72512032907e-05, 0.00273606670089, -0.00119801121764, -0.00169086095411, 0.000997290946543, 3.35493386956e-05, -0.000845752423629, 0.000891274015885, 0.000643140054308, 0.000211032980587, -0.00059927185066], [-2.07463963307e-05, 4.89660415042e-05, -0.00124573637731, -0.00119801121764, 0.00415122136474, -0.000406915787607, -0.00010793239926, 0.00133683986496, 0.000549251795746, -0.00152963411529, 0.00119315739721, -0.00168212491553, 2.11628175748e-05], [0.000363710831152, 0.000368995242752, 0.000510670186486, -0.00169086095411, -0.000406915787607, 0.0082145165652, -0.00357029028237, -0.000504976022057, -0.00213638320565, 0.00203442317434, -0.00344909913838, 0.00112991570495, 0.00142473774031], [-6.03405023867e-05, -6.95169146638e-05, -0.00104262679815, 0.000997290946543, -0.00010793239926, -0.00357029028237, 0.0108648352325, -0.0050502656959, 0.000124915779452, 0.000511289865244, -0.000288616429316, -7.5856820331e-05, -0.000194405613001], [-0.000133899811772, -0.000645798281766, -0.0004650191986, 3.35493386956e-05, 0.00133683986496, -0.000504976022057, -0.0050502656959, 0.0135374236852, -0.00328293163329, -0.0014548067702, 0.00162823917344, -0.000207721022889, -0.000741043360904], [-7.53490821808e-05, -8.34848251543e-05, -0.000836398918182, -0.000845752423629, 0.000549251795746, -0.00213638320565, 0.000124915779452, -0.00328293163329, 0.0122936479747, -0.00390346767381, -0.00293018994853, 0.00150827271864, 0.000884306733496], [5.72875142097e-05, -0.000389318214729, -0.000519000634085, 0.000891274015885, -0.00152963411529, 0.00203442317434, 0.000511289865244, -0.0014548067702, -0.00390346767381, 0.0160441752523, -0.00317476689816, -0.00208635651506, 0.000805302639492], [-0.000214335406781, -0.000136925009429, 0.000375742674805, 0.000643140054308, 0.00119315739721, -0.00344909913838, -0.000288616429316, 0.00162823917344, -0.00293018994853, -0.00317476689816, 0.0148424757645, -0.00482475897297, -4.65206369427e-07], [-0.00046259368537, -0.000543357105926, -0.000902583240531, 0.000211032980587, -0.00168212491553, 0.00112991570495, -7.5856820331e-05, -0.000207721022889, 0.00150827271864, -0.00208635651506, -0.00482475897297, 0.019870493561, -0.0076810689643], [0.000170519968378, -0.000111105597171, 0.000198527704924, -0.00059927185066, 2.11628175748e-05, 0.00142473774031, -0.000194405613001, -0.000741043360904, 0.000884306733496, 0.000805302639492, -4.65206369427e-07, -0.0076810689643, 0.0186243280768]]
    },
    "spectral_contrast_coeffs": {
        "mean": [-0.739848017693, -0.78469067812, -0.797866523266, -0.815655231476, -0.801169037819, -0.773688018322],
        "stdev": [0.0695474892855, 0.0780519470572, 0.0543328635395, 0.048986915499, 0.0419174171984, 0.052269987762]
    },
    "spectral_contrast_valleys": {
        "mean": [-7.26990365982, -7.77850151062, -8.28638935089, -8.42887115479, -8.08323764801, -11.0362787247],
        "stdev": [1.90932607651, 1.82884025574, 1.57035136223, 1.57049155235, 1.75625562668, 1.85073256493]
    }
},
"rhythm": {
    "beats_count": 183,
    "beats_loudness": {
        "mean": 0.0294871795923,
        "stdev": 0.0223002955317
    },
    "bpm": 92.9070053101,
    "bpm_histogram_first_peak_bpm": 92,
    "bpm_histogram_first_peak_weight": 0.42253524065,
    "bpm_histogram_second_peak_bpm": 117,
    "bpm_histogram_second_peak_spread": 0.375,
    "bpm_histogram_second_peak_weight": 0.0549450553954,
    "danceability": 1.10385537148,
    "onset_rate": 4.61730003357,
    "beats_loudness_band_ratio": {
        "mean": [0.386496752501, 0.137383237481, 0.101659521461, 0.0911352336407, 0.133872672915, 0.185007542372],
        "stdev": [0.338876843452, 0.13072501123, 0.116962902248, 0.1260163486, 0.124312840402, 0.178313568234]
    },
    "beats_position": [0.49922901392, 1.01006805897, 1.52090704441, 2.03174591064, 2.54258489609, 3.06503391266, 3.5758728981, 4.08671188354, 4.60916090012, 5.13160991669, 5.65405893326, 6.025578022, 6.38548755646, 6.74539661407, 7.10530614853, 7.52326536179, 7.94122457504, 8.35918331146, 8.77714252472, 9.14866161346, 9.52018165588, 9.89170074463, 10.2516098022, 10.623128891, 10.9946479797, 11.3777770996, 11.7609071732, 12.2369155884, 12.7129249573, 13.1889343262, 13.6649427414, 14.117732048, 14.5821313858, 15.0813598633, 15.5921993256, 16.1030387878, 16.6254863739, 17.1363258362, 17.6471652985, 18.2973232269, 18.9358730316, 19.5860309601, 20.247800827, 20.8863487244, 21.548116684, 22.1866664886, 22.825214386, 23.4753742218, 24.1255321503, 24.7756919861, 25.4142398834, 26.0527877808, 26.7029476166, 27.353105545, 28.0032653809, 28.6418132782, 29.2803630829, 29.9305210114, 30.5806789398, 31.2308387756, 31.8809967041, 32.5195465088, 33.1580963135, 33.7966423035, 34.4468002319, 35.0853500366, 35.7355079651, 36.3856697083, 37.0358276367, 37.6743774414, 38.3129234314, 38.9630813599, 39.613243103, 40.2634010315, 40.91355896, 41.5404968262, 42.1906585693, 42.8292045593, 43.4793624878, 44.1179122925, 44.7680702209, 45.4182319641, 46.0567779541, 46.6953277588, 47.3454856873, 47.9956436157, 48.6458053589, 49.2843513489, 49.934513092, 50.573059082, 51.2232208252, 51.8617668152, 52.5119247437, 53.1504745483, 53.8006324768, 54.4391822815, 55.08934021, 55.7278900146, 56.3780479431, 57.0282058716, 57.6783676147, 58.3169136047, 58.9554634094, 59.6056213379, 60.2557830811, 60.8827209473, 61.5328788757, 62.1830368042, 62.8331947327, 63.4833564758, 64.1335144043, 64.772064209, 65.4222183228, 66.0607681274, 66.7109298706, 67.3610839844, 68.0112457275, 68.6497955322, 69.2883453369, 69.9384994507, 70.5886611938, 71.2272109985, 71.8657608032, 72.515914917, 73.1660766602, 73.8046264648, 74.4431762695, 75.0933303833, 75.7434921265, 76.3936462402, 77.0438079834, 77.6707458496, 78.3209075928, 78.9710617065, 79.6096115112, 80.2481613159, 80.8983230591, 81.5484771729, 82.198638916, 82.8371887207, 83.4873428345, 84.1258926392, 84.7760543823, 85.414604187, 86.0647583008, 86.7033081055, 87.3534698486, 88.0036239624, 88.6537857056, 89.2923355103, 89.9308853149, 90.5694351196, 91.2312011719, 91.8697509766, 92.5083007812, 93.158454895, 93.8086166382, 94.458770752, 95.0973205566, 95.7358703613, 96.3860321045, 97.0361862183, 97.6863479614, 98.3365097046, 98.9866638184, 99.625213623, 100.263763428, 100.913917542, 101.564079285, 102.214241028, 102.852790833, 103.491333008, 104.141494751, 104.780044556, 105.41859436, 106.057144165, 106.707298279, 107.345848083, 107.996009827, 108.680992126, 109.365982056, 110.062583923, 110.759178162],
    "bpm_histogram": [0, 0, 0, 0, 0, 0, 0, 0, 0, 0, 0, 0, 0, 0, 0, 0, 0, 0, 0, 0, 0, 0, 0, 0, 0, 0, 0, 0, 0, 0, 0, 0, 0, 0, 0, 0, 0, 0, 0, 0, 0, 0, 0, 0, 0, 0, 0, 0, 0, 0, 0, 0, 0, 0, 0, 0, 0, 0, 0, 0, 0, 0, 0, 0, 0, 0, 0, 0, 0, 0, 0, 0, 0, 0, 0, 0, 0, 0, 0, 0, 0, 0, 0, 0, 0, 0, 0.0109890112653, 0, 0.0109890112653, 0, 0, 0.0164835173637, 0.434065937996, 0, 0.302197813988, 0, 0.0164835173637, 0, 0, 0, 0, 0, 0, 0, 0, 0, 0, 0, 0, 0, 0, 0, 0, 0, 0, 0.0274725276977, 0, 0.0549450553954, 0, 0, 0.00549450563267, 0, 0, 0, 0, 0, 0.0219780225307, 0, 0, 0.00549450563267, 0, 0, 0, 0.00549450563267, 0, 0, 0, 0, 0, 0, 0, 0, 0, 0, 0.0219780225307, 0, 0, 0, 0, 0, 0, 0, 0, 0, 0, 0, 0, 0.0109890112653, 0, 0, 0, 0.0329670347273, 0, 0, 0, 0, 0, 0.0219780225307, 0, 0, 0, 0, 0, 0, 0, 0, 0, 0, 0, 0, 0, 0, 0, 0, 0, 0, 0, 0, 0, 0, 0, 0, 0, 0, 0, 0, 0, 0, 0, 0, 0, 0, 0, 0, 0, 0, 0, 0, 0, 0, 0, 0, 0, 0, 0, 0, 0, 0, 0, 0, 0, 0, 0, 0, 0, 0, 0, 0, 0, 0, 0, 0, 0, 0, 0, 0, 0, 0, 0, 0, 0, 0, 0, 0, 0, 0, 0, 0, 0, 0]
},
"tonal": {
    "chords_changes_rate": 0.106949649751,
    "chords_number_rate": 0.00499375769868,
    "chords_strength": {
        "mean": 0.432870268822,
        "stdev": 0.0852923840284
    },
    "hpcp_crest": {
        "mean": 10.1991443634,
        "stdev": 5.29887294769
    },
    "hpcp_entropy": {
        "mean": 2.56332182884,
        "stdev": 0.778336882591
    },
    "key_edma": {
        "strength": 0.640221714973,
        "key": "G",
        "scale": "minor"
    },
    "key_krumhansl": {
        "strength": 0.643650770187,
        "key": "D",
        "scale": "major"
    },
    "key_temperley": {
        "strength": 0.650628864765,
        "key": "D",
        "scale": "major"
    },
    "tuning_diatonic_strength": 0.534648060799,
    "tuning_equal_tempered_deviation": 0.327870368958,
    "tuning_frequency": 450.024475098,
    "tuning_nontempered_energy_ratio": 0.966294646263,
    "hpcp": {
        "mean": [0.137260079384, 0.20730252564, 0.263041377068, 0.190511405468, 0.104990504682, 0.111680343747, 0.1247305125, 0.136162623763, 0.141522675753, 0.113434813917, 0.134566053748, 0.182340919971, 0.128268882632, 0.0765636488795, 0.0965734124184, 0.170804172754, 0.313386470079, 0.295239120722, 0.144618839025, 0.0840228274465, 0.0786269679666, 0.0854849144816, 0.093923009932, 0.0952012762427, 0.0790662765503, 0.0977276563644, 0.126136794686, 0.11195012182, 0.136582925916, 0.13497979939, 0.087795868516, 0.111417114735, 0.149379000068, 0.12952747941, 0.112653397024, 0.118772253394],
        "stdev": [0.26576423645, 0.289462059736, 0.304445028305, 0.265568166971, 0.226512730122, 0.24424469471, 0.255182027817, 0.247788012028, 0.252817094326, 0.222676843405, 0.223204687238, 0.304919868708, 0.219881996512, 0.167883709073, 0.185785666108, 0.265747070312, 0.361917078495, 0.333969146013, 0.214804753661, 0.170926973224, 0.167730376124, 0.174945563078, 0.174857437611, 0.167005464435, 0.152561679482, 0.16237616539, 0.205028951168, 0.177850112319, 0.198568239808, 0.193136572838, 0.162064313889, 0.188742831349, 0.23981192708, 0.213162913918, 0.225721314549, 0.242968320847]
    },
    "chords_histogram": [9.69621276855, 0, 0, 0.208073243499, 0.749063670635, 1.91427385807, 0.374531835318, 0.332917183638, 0, 0, 0, 0.707449018955, 4.99375772476, 2.74656677246, 0.332917183638, 3.57885980606, 2.2471909523, 23.8451938629, 15.3974199295, 0.291302531958, 6.61672925949, 2.33042025566, 21.5147724152, 2.12234711647],
    "thpcp": [1, 0.942092776299, 0.461471229792, 0.26811248064, 0.250894576311, 0.272777944803, 0.299703449011, 0.303782343864, 0.252296388149, 0.311843901873, 0.402495980263, 0.357227057219, 0.435829043388, 0.430713564157, 0.280152082443, 0.35552623868, 0.47666066885, 0.413315474987, 0.359471142292, 0.378996104002, 0.437989801168, 0.661491632462, 0.839351415634, 0.607912003994, 0.335019260645, 0.356366187334, 0.398008614779, 0.434487879276, 0.451591521502, 0.361964613199, 0.429393321276, 0.581840455532, 0.409299373627, 0.244310632348, 0.308160752058, 0.545027256012],
    "chords_key": "D",
    "chords_scale": "minor"
}
}