{
"metadata": {
    "version": {
        "essentia": "2.1-dev",
        "essentia_git_sha": "v2.1_beta3-415-gd5473f3",
        "extractor": "music 2.0"
    },
    "audio_properties": {
        "analysis": {
            "equal_loudness": 0,
            "length": 246.569793701,
            "sample_rate": 44100,
            "start_time": 0,
            "downmix": "mix"
        },
        "bit_rate": 128000,
        "length": 246.569793701,
        "lossless": 0,
        "number_channels": 2,
        "replay_gain": -7.10934066772,
        "sample_rate": 44100,
        "codec": "mp3",
        "md5_encoded": "00d43f1f76ce18007c283e313a7f5e36"
    },
    "tags": {
        "file_name": "big_daddy_kane-raw.mp3",
        "artist": ["Big Daddy Kane"],
        "encodedby": ["Ripped with Streamripper"],
        "genre": ["Blues"],
        "title": ["Raw"]
    }
},
"lowlevel": {
    "average_loudness": 0.935008466244,
    "barkbands_crest": {
        "mean": 13.0661115646,
        "stdev": 6.67237091064
    },
    "barkbands_flatness_db": {
        "mean": 0.170300126076,
        "stdev": 0.0743528828025
    },
    "barkbands_kurtosis": {
        "mean": 9.68723297119,
        "stdev": 33.1767959595
    },
    "barkbands_skewness": {
        "mean": 1.50928354263,
        "stdev": 2.73960566521
    },
    "barkbands_spread": {
        "mean": 34.4369010925,
        "stdev": 21.7590866089
    },
    "dissonance": {
        "mean": 0.476321905851,
        "stdev": 0.0332502536476
    },
    "dynamic_complexity": 4.26372766495,
    "erbbands_crest": {
        "mean": 10.1038036346,
        "stdev": 4.83424043655
    },
    "erbbands_flatness_db": {
        "mean": 0.176915958524,
        "stdev": 0.0515178516507
    },
    "erbbands_kurtosis": {
        "mean": 3.02588295937,
        "stdev": 5.89948940277
    },
    "erbbands_skewness": {
        "mean": -0.802703678608,
        "stdev": 1.30917346478
    },
    "erbbands_spread": {
        "mean": 38.9465675354,
        "stdev": 28.7446193695
    },
    "hfc": {
        "mean": 20.892408371,
        "stdev": 22.9022121429
    },
    "loudness_ebu128": {
        "integrated": -17.7278175354,
        "loudness_range": 2.34234046936,
        "momentary": {
            "mean": -18.7842140198,
            "stdev": 5.32389783859
        },
        "short_term": {
            "mean": -18.0848178864,
            "stdev": 2.37667512894
        }
    },
    "melbands_crest": {
        "mean": 18.9134178162,
        "stdev": 9.05565071106
    },
    "melbands_flatness_db": {
        "mean": 0.20346750319,
        "stdev": 0.106101498008
    },
    "melbands_kurtosis": {
        "mean": 46.5278053284,
        "stdev": 115.758323669
    },
    "melbands_skewness": {
        "mean": 3.97744822502,
        "stdev": 4.83692884445
    },
    "melbands_spread": {
        "mean": 48.4943199158,
        "stdev": 45.7446594238
    },
    "pitch_salience": {
        "mean": 0.477124482393,
        "stdev": 0.205356776714
    },
    "silence_rate_20dB": {
        "mean": 1,
        "stdev": 0
    },
    "silence_rate_30dB": {
        "mean": 0.963182687759,
        "stdev": 0.188304916024
    },
    "silence_rate_60dB": {
        "mean": 0.179472699761,
        "stdev": 0.383754909039
    },
    "spectral_centroid": {
        "mean": 2630.97753906,
        "stdev": 982.025817871
    },
    "spectral_complexity": {
        "mean": 13.4892654419,
        "stdev": 13.2983760834
    },
    "spectral_decrease": {
        "mean": -6.16239770324e-09,
        "stdev": 8.61096705052e-09
    },
    "spectral_energy": {
        "mean": 0.0251533202827,
        "stdev": 0.0333461426198
    },
    "spectral_energyband_high": {
        "mean": 0.00141403474845,
        "stdev": 0.00174986117054
    },
    "spectral_energyband_low": {
        "mean": 0.0148822730407,
        "stdev": 0.0309717059135
    },
    "spectral_energyband_middle_high": {
        "mean": 0.00504336785525,
        "stdev": 0.0081356568262
    },
    "spectral_energyband_middle_low": {
        "mean": 0.00415189797059,
        "stdev": 0.00720020476729
    },
    "spectral_entropy": {
        "mean": 7.83422422409,
        "stdev": 0.326377004385
    },
    "spectral_flux": {
        "mean": 0.0909340903163,
        "stdev": 0.0614406988025
    },
    "spectral_kurtosis": {
        "mean": 2.948523283,
        "stdev": 1.93888008595
    },
    "spectral_rms": {
        "mean": 0.00415136385709,
        "stdev": 0.00270295864902
    },
    "spectral_rolloff": {
        "mean": 2689.12182617,
        "stdev": 2377.51464844
    },
    "spectral_skewness": {
        "mean": 0.916056573391,
        "stdev": 0.469219207764
    },
    "spectral_spread": {
        "mean": 4453328.5,
        "stdev": 1603294.75
    },
    "spectral_strongpeak": {
        "mean": 0.73647081852,
        "stdev": 1.12965714931
    },
    "zerocrossingrate": {
        "mean": 0.0904542431235,
        "stdev": 0.0596307478845
    },
    "barkbands": {
        "mean": [0.000554788159207, 0.0130573613569, 0.00104553357232, 0.000365955667803, 0.000698502582964, 0.000330169132212, 0.000936439842917, 0.000683856836986, 0.000948059954681, 0.000633156101685, 0.000480916147353, 0.000452740932815, 0.000545784307178, 0.000426244951086, 0.000599863065872, 0.000409766071243, 0.000512763741426, 0.00056788866641, 0.000316008517984, 0.000424486584961, 0.000499495188706, 0.000285329064354, 6.86104031047e-05, 0.000154169523739, 0.000119877702673, 3.54606272595e-05, 6.65426185265e-08],
        "stdev": [0.000951509922743, 0.0283964276314, 0.00387805840001, 0.000905213761143, 0.00185846048407, 0.000976169190835, 0.00333239301108, 0.00240650004707, 0.00329785072245, 0.00248898728751, 0.00185221887659, 0.00168407999445, 0.00150103343185, 0.00154442701023, 0.00231582997367, 0.00107104785275, 0.00122823694255, 0.00103218655568, 0.00066193175735, 0.000549193122424, 0.000652905495372, 0.000364108767826, 0.00015174075088, 0.00029438562342, 0.000239082277403, 7.23936755094e-05, 2.89835696776e-07]
    },
    "erbbands": {
        "mean": [0.524964928627, 2.29749083519, 1.6843059063, 1.32072651386, 1.42869949341, 2.75865101814, 2.10195636749, 3.47171354294, 11.9547901154, 13.0566329956, 18.3810348511, 21.6740894318, 18.3253669739, 21.4991817474, 19.1626529694, 18.6981754303, 23.1696453094, 23.0164203644, 27.0995464325, 28.9967918396, 23.5469150543, 30.5683078766, 34.1022109985, 19.6957015991, 15.1326112747, 20.4720230103, 22.0297546387, 17.2811279297, 12.4727993011, 4.33937978745, 1.91488182545, 3.22854328156, 2.30017638206, 1.17496752739, 0.951559722424, 0.251477181911, 0.0423937253654, 0.00368555216119, 9.79944379651e-05, 3.64249899576e-05],
        "stdev": [1.09648191929, 5.38423109055, 4.80177688599, 3.79615402222, 2.96248316765, 8.51562404633, 6.12455940247, 10.4926137924, 45.6392250061, 45.602142334, 59.9694366455, 77.259513855, 76.5711212158, 76.8489532471, 67.1140594482, 66.334274292, 65.4491500854, 69.4509506226, 96.9373092651, 100.614112854, 57.9596443176, 69.5249328613, 61.000289917, 40.8933105469, 27.8786888123, 26.6937923431, 28.2737178802, 24.1438312531, 15.800989151, 6.52006626129, 4.18665075302, 6.00491285324, 4.65141677856, 2.27987790108, 1.97149944305, 0.513764321804, 0.086083419621, 0.00787058845162, 0.000179623792064, 4.32522283518e-05]
    },
    "gfcc": {
        "mean": [-53.2569732666, 51.8290252686, -125.20614624, 70.1498794556, -51.3471298218, 24.2725143433, -19.4689388275, 15.5252342224, -20.0170631409, 15.2117109299, -14.4661359787, 2.23716616631, -5.34017419815],
        "cov": [[11062.3154297, 383.229705811, -816.877929688, -1216.20898438, -554.657409668, -205.852218628, -722.273071289, 337.6590271, -112.005783081, -6.00583648682, -65.7623138428, 147.003234863, -53.085105896], [383.229705811, 1760.30456543, -538.191345215, -295.751281738, -11.6801137924, -432.823516846, 206.839202881, -140.752380371, 343.881225586, -174.257095337, 94.3378753662, -23.3061008453, 22.6576824188], [-816.877929688, -538.191345215, 1502.52514648, 494.253967285, 204.986724854, 384.607086182, 45.0756149292, 253.864883423, -102.151039124, 163.147293091, 49.6914215088, 9.96302509308, 23.4741764069], [-1216.20898438, -295.751281738, 494.253967285, 948.721923828, 486.956359863, 187.347579956, 208.794281006, -113.900085449, 9.45463562012, 75.9885940552, 40.133644104, -9.14112567902, 23.0514316559], [-554.657409668, -11.6801137924, 204.986724854, 486.956359863, 713.729431152, 246.420349121, 95.9455032349, -15.7139911652, 52.0501747131, 36.8737716675, 73.4644241333, 23.7488918304, -32.6552886963], [-205.852218628, -432.823516846, 384.607086182, 187.347579956, 246.420349121, 428.831817627, 120.221961975, 126.206260681, -89.3776931763, 66.1814117432, 37.3685913086, 7.96482992172, 0.182770639658], [-722.273071289, 206.839202881, 45.0756149292, 208.794281006, 95.9455032349, 120.221961975, 521.40045166, 15.7551202774, 84.9924850464, -1.1192035675, 39.7828521729, -2.2102997303, 43.0738487244], [337.6590271, -140.752380371, 253.864883423, -113.900085449, -15.7139911652, 126.206260681, 15.7551202774, 293.852172852, 55.8491973877, 45.2812042236, 22.7298583984, 15.995549202, -4.61791181564], [-112.005783081, 343.881225586, -102.151039124, 9.45463562012, 52.0501747131, -89.3776931763, 84.9924850464, 55.8491973877, 280.981048584, 48.6332969666, 53.7134857178, -30.3536682129, 29.6561794281], [-6.00583648682, -174.257095337, 163.147293091, 75.9885940552, 36.8737716675, 66.1814117432, -1.1192035675, 45.2812042236, 48.6332969666, 178.076980591, 35.6896018982, 9.70859241486, 6.90774297714], [-65.7623138428, 94.3378753662, 49.6914215088, 40.133644104, 73.4644241333, 37.3685913086, 39.7828521729, 22.7298583984, 53.7134857178, 35.6896018982, 133.270523071, 40.1600151062, -6.18303442001], [147.003234863, -23.3061008453, 9.96302509308, -9.14112567902, 23.7488918304, 7.96482992172, -2.2102997303, 15.995549202, -30.3536682129, 9.70859241486, 40.1600151062, 91.7246246338, 24.2943878174], [-53.085105896, 22.6576824188, 23.4741764069, 23.0514316559, -32.6552886963, 0.182770639658, 43.0738487244, -4.61791181564, 29.6561794281, 6.90774297714, -6.18303442001, 24.2943878174, 102.67502594]],
        "icov": [[0.000133778448799, -0.000167086560396, 0.00014472703333, -6.68867287459e-05, 0.000116215771413, -0.000182622141438, 0.000247668038355, -0.000318869570037, 0.000201046292204, -0.000212850893149, 0.000161562231369, -0.000220224392251, 2.50990924542e-05], [-0.000167086560396, 0.00208951416425, -0.000714194786269, 0.00150365789887, -0.00126790662762, 0.00212324154563, -0.00146006816067, 0.00161638332065, -0.00181864853948, 0.00187308178283, -0.0015089022927, 0.000799449335318, -0.000324352178723], [0.00014472703333, -0.000714194786269, 0.00179131911136, -0.00147539074533, 0.000630162016023, -0.000886878347956, 0.000851137097925, -0.00243852450512, 0.00188560865354, -0.0013611059403, -0.000211634367588, 0.000659291516058, -0.000732416170649], [-6.68867287459e-05, 0.00150365789887, -0.00147539074533, 0.00391543516889, -0.00259768590331, 0.00201289076358, -0.00186769384891, 0.00278639234602, -0.00112372636795, 0.000677416392136, -0.00090627418831, 0.00119485042524, -0.000887348898686], [0.000116215771413, -0.00126790662762, 0.000630162016023, -0.00259768590331, 0.00456223124638, -0.00434280280024, 0.00172606459819, 0.000196311113541, -0.00198492757045, 0.000214688610868, 0.00171322678216, -0.00388421071693, 0.00310355727561], [-0.000182622141438, 0.00212324154563, -0.000886878347956, 0.00201289076358, -0.00434280280024, 0.00953319203109, -0.00315816956572, -0.00214435253292, 0.00415198365226, -0.000531005614903, -0.00438548717648, 0.00609392812476, -0.00385134643875], [0.000247668038355, -0.00146006816067, 0.000851137097925, -0.00186769384891, 0.00172606459819, -0.00315816956572, 0.00392356608063, -0.00108775566332, -0.000344521220541, -0.000318395846989, 0.00102269649506, -0.00148089497816, 6.75531191519e-05], [-0.000318869570037, 0.00161638332065, -0.00243852450512, 0.00278639234602, 0.000196311113541, -0.00214435253292, -0.00108775566332, 0.00981326121837, -0.00695230113342, 0.00258097611368, 0.00144737458322, -0.00421783188358, 0.00329391867854], [0.000201046292204, -0.00181864853948, 0.00188560865354, -0.00112372636795, -0.00198492757045, 0.00415198365226, -0.000344521220541, -0.00695230113342, 0.0131897917017, -0.00530185364187, -0.00462421914563, 0.00887897238135, -0.00631272373721], [-0.000212850893149, 0.00187308178283, -0.0013611059403, 0.000677416392136, 0.000214688610868, -0.000531005614903, -0.000318395846989, 0.00258097611368, -0.00530185364187, 0.00964919663966, -0.00122923369054, -0.00199980218895, 0.00123593513854], [0.000161562231369, -0.0015089022927, -0.000211634367588, -0.00090627418831, 0.00171322678216, -0.00438548717648, 0.00102269649506, 0.00144737458322, -0.00462421914563, -0.00122923369054, 0.0142261888832, -0.0100910058245, 0.00551981525496], [-0.000220224392251, 0.000799449335318, 0.000659291516058, 0.00119485042524, -0.00388421071693, 0.00609392812476, -0.00148089497816, -0.00421783188358, 0.00887897238135, -0.00199980218895, -0.0100910058245, 0.0228931009769, -0.00997843779624], [2.50990924542e-05, -0.000324352178723, -0.000732416170649, -0.000887348898686, 0.00310355727561, -0.00385134643875, 6.75531191519e-05, 0.00329391867854, -0.00631272373721, 0.00123593513854, 0.00551981525496, -0.00997843779624, 0.015738049522]]
    },
    "melbands": {
        "mean": [0.00407278863713, 0.00161940453108, 0.000226658215979, 0.00015160163457, 8.97331774468e-05, 7.81095732236e-05, 0.000186349192518, 0.000140141099109, 0.000162530064699, 0.000129470645334, 8.94164040801e-05, 8.69868963491e-05, 6.54535397189e-05, 5.35642429895e-05, 5.09112469445e-05, 5.00616879435e-05, 4.11886212532e-05, 4.12905501435e-05, 4.55310801044e-05, 3.24225402437e-05, 2.582353045e-05, 3.23150743498e-05, 3.17011144944e-05, 2.56515595538e-05, 1.50472742462e-05, 1.06726947706e-05, 1.16373375931e-05, 1.37131755764e-05, 1.52190641529e-05, 9.99203984975e-06, 9.88571900962e-06, 7.37561185815e-06, 4.46300055046e-06, 1.68443864368e-06, 1.02567776139e-06, 9.63707179835e-07, 2.57509736912e-06, 1.95733650799e-06, 9.37009758673e-07, 9.50684693635e-07],
        "stdev": [0.00878234487027, 0.00373327359557, 0.000602160871495, 0.000378784869099, 0.000274461548543, 0.000243778224103, 0.000681859499309, 0.000482086499687, 0.000536649662536, 0.000468741258373, 0.000388780114008, 0.000317814818118, 0.000240569119342, 0.000202650699066, 0.000169644423295, 0.000139468742418, 0.000138719682582, 0.000160809649969, 0.000191228828044, 8.9792367362e-05, 6.66105188429e-05, 8.01316200523e-05, 6.44717729301e-05, 4.75676242786e-05, 3.48548746842e-05, 2.2922127755e-05, 1.96214732568e-05, 1.79990965989e-05, 2.05143933272e-05, 1.42505832628e-05, 1.42294884427e-05, 9.69917618932e-06, 5.90425270275e-06, 3.15246802529e-06, 2.34399703913e-06, 2.27262671615e-06, 4.81419510834e-06, 4.11705195802e-06, 1.86094314358e-06, 1.83621330052e-06]
    },
    "melbands128": {
        "mean": [0.000547248870134, 0.00447988323867, 0.00569096347317, 0.00315060233697, 0.00108815031126, 0.000468907877803, 0.000274172140053, 0.000154598339577, 0.000130045096739, 0.000148557635839, 0.000163377058925, 0.000132052125991, 5.97663347435e-05, 4.87454526592e-05, 6.36213226244e-05, 8.93560645636e-05, 0.000150049119839, 0.000232511214563, 0.000184066651855, 0.00013695708185, 0.000120918688481, 0.000135622700327, 0.000166243553394, 0.000199409259949, 0.000156024252647, 9.46967702475e-05, 8.65651818458e-05, 9.42257756833e-05, 8.47270493978e-05, 9.11898750928e-05, 8.78911960172e-05, 7.85191223258e-05, 6.36814365862e-05, 5.48439129489e-05, 6.25684406259e-05, 5.25606737938e-05, 4.1482369852e-05, 4.66360324936e-05, 6.74659750075e-05, 4.27218656114e-05, 4.82612522319e-05, 5.55732149223e-05, 3.7397720007e-05, 3.75517338398e-05, 3.81569443562e-05, 4.09196873079e-05, 4.64559852844e-05, 4.71142229799e-05, 4.82788964291e-05, 3.42305465892e-05, 2.8909456887e-05, 3.33521311404e-05, 2.46901399805e-05, 2.11455990211e-05, 3.05420035147e-05, 3.8773236156e-05, 2.84055895463e-05, 2.4819657483e-05, 3.67985412595e-05, 3.8936304918e-05, 2.42735786742e-05, 1.60943945957e-05, 1.8349794118e-05, 1.38366303872e-05, 1.19310652735e-05, 1.01204695966e-05, 1.03698348539e-05, 1.01460454971e-05, 1.15578313853e-05, 1.39955272971e-05, 1.52690845425e-05, 1.11588160507e-05, 1.57752019732e-05, 1.799736674e-05, 1.22415885926e-05, 9.2645686891e-06, 8.37559673528e-06, 1.19614569485e-05, 1.10296441562e-05, 6.92434286975e-06, 6.78145897837e-06, 8.1462721937e-06, 7.41341000321e-06, 3.65473647435e-06, 2.71285193776e-06, 1.72323427705e-06, 1.46264733303e-06, 1.12833197363e-06, 9.08313381842e-07, 1.05982076093e-06, 9.88111537481e-07, 7.84453618508e-07, 1.07120752091e-06, 3.33529897034e-06, 2.40524536821e-06, 3.35625645675e-06, 1.58638886205e-06, 6.65317770654e-07, 9.2352718184e-07, 1.08900189844e-06, 9.43159648159e-07, 5.62341597288e-07, 1.36367316372e-06, 1.95165762307e-06, 1.14468082302e-06, 7.37280913654e-07, 4.15009452581e-07, 6.30153010661e-07, 4.50903939964e-07, 2.75829904695e-07, 1.78953968089e-07, 1.90555155655e-07, 1.03510949145e-07, 6.01591594318e-08, 6.29339709235e-08, 4.69959822169e-08, 4.50206938396e-09, 8.85592779665e-11, 4.44157731427e-12, 4.30316329444e-12, 4.19617248934e-12, 4.10309329915e-12, 4.01214738516e-12, 3.93777892238e-12, 3.88041985697e-12, 3.83817890665e-12, 3.80749945461e-12, 3.78145475002e-12],
        "stdev": [0.000939468038268, 0.00898902118206, 0.0135070541874, 0.00739835435525, 0.00296077155508, 0.00173382461071, 0.000842417881358, 0.000356551085133, 0.000295075878967, 0.000402365549235, 0.000555537058972, 0.000509940902703, 0.000213741514017, 0.000156041613081, 0.000241368179559, 0.000393366965, 0.00078657316044, 0.00103916006628, 0.00083823123714, 0.000657634227537, 0.000589926610701, 0.000627070956398, 0.000712039123755, 0.000932748778723, 0.000728386628907, 0.000514701067004, 0.000519130087923, 0.00056867103558, 0.000459619186586, 0.000432501605246, 0.000445455341833, 0.000360919599188, 0.000326590787154, 0.000285679940134, 0.000305729248794, 0.000263313500909, 0.000239823420998, 0.000215479434701, 0.000253200705629, 0.000191305109183, 0.000172548287082, 0.000193458748981, 0.00016974452592, 0.000195391927264, 0.000199656045879, 0.000217892273213, 0.000221512847929, 0.000268661620794, 0.000259330525296, 0.000146170597873, 9.33103365242e-05, 0.000107242129161, 9.34311683523e-05, 6.53489041724e-05, 8.0018544395e-05, 0.000115923816338, 9.11956594791e-05, 7.53578206059e-05, 9.92818168015e-05, 8.73733515618e-05, 6.12957956037e-05, 4.43767530669e-05, 5.10411555297e-05, 3.81533136533e-05, 3.20182771247e-05, 2.65948801825e-05, 2.44614511757e-05, 2.37083786487e-05, 2.27357668336e-05, 2.46491526923e-05, 2.43994672928e-05, 1.57040249178e-05, 2.28269818763e-05, 2.97802307614e-05, 1.74091273948e-05, 1.58937236847e-05, 1.42480739669e-05, 1.83771062439e-05, 1.648727266e-05, 1.10432010842e-05, 1.08450485641e-05, 1.1339869161e-05, 1.06569405034e-05, 5.56769509785e-06, 4.34804860561e-06, 3.58856323146e-06, 3.41965801454e-06, 2.55382997238e-06, 2.28055591833e-06, 2.90630327981e-06, 2.63011565949e-06, 2.08974097404e-06, 2.41073553298e-06, 6.43906469122e-06, 4.41676684204e-06, 7.63025400374e-06, 3.67097140952e-06, 1.31821059313e-06, 1.91360413737e-06, 2.26924657909e-06, 1.9516003249e-06, 1.07335415578e-06, 2.78035304291e-06, 4.27218765253e-06, 2.47831417255e-06, 1.55777956934e-06, 8.41766564008e-07, 1.38402538141e-06, 9.69418124441e-07, 5.52618075744e-07, 3.58191897476e-07, 4.2024043978e-07, 2.18438458433e-07, 1.32091145133e-07, 1.48531825062e-07, 1.12004251207e-07, 1.4547154592e-08, 8.21785695049e-10, 8.70537322784e-12, 8.44689422574e-12, 8.23322313104e-12, 8.04369331558e-12, 7.87658740314e-12, 7.73902990303e-12, 7.61751859507e-12, 7.52701720397e-12, 7.46003345903e-12, 7.41660639153e-12]
    },
    "mfcc": {
        "mean": [-686.912841797, 69.6176300049, -6.41238546371, 48.0518836975, -0.53145134449, 21.380569458, 12.0379676819, 5.38947629929, 13.6787366867, 3.26395916939, 8.31726932526, 8.96706867218, -0.0205077491701],
        "cov": [[8650.1875, 955.446166992, -801.741516113, -989.321960449, -213.87562561, -770.841003418, -536.88092041, -86.2798843384, -239.211410522, -162.644073486, -154.362731934, -74.2859344482, -106.137359619], [955.446166992, 1607.27416992, -445.986877441, -100.167869568, -309.729766846, -231.85118103, -296.024749756, 84.2016677856, -11.3892192841, -39.4832382202, 110.669380188, -3.6483643055, 13.3189916611], [-801.741516113, -445.986877441, 1188.02612305, 139.8152771, 218.125946045, 36.066318512, 274.439453125, 28.4127559662, 91.4080047607, 138.438064575, -34.7610359192, 86.9041137695, 52.6055526733], [-989.321960449, -100.167869568, 139.8152771, 796.29486084, 198.613494873, 368.54486084, 116.657409668, 23.6694450378, 87.5728378296, 4.35648918152, 88.0046768188, 13.1584072113, 47.2234382629], [-213.87562561, -309.729766846, 218.125946045, 198.613494873, 704.018737793, 186.491409302, 122.280677795, 37.649520874, -18.9243278503, 57.8232002258, 38.6869392395, 92.2592544556, -34.785030365], [-770.841003418, -231.85118103, 36.066318512, 368.54486084, 186.491409302, 473.464294434, 264.319366455, 36.7405548096, 72.2982406616, 20.1371269226, 48.9441108704, 24.4963951111, 41.9379844666], [-536.88092041, -296.024749756, 274.439453125, 116.657409668, 122.280677795, 264.319366455, 405.264587402, 140.701156616, 75.9514770508, 14.5855369568, 35.1141166687, 59.0130004883, 16.0004348755], [-86.2798843384, 84.2016677856, 28.4127559662, 23.6694450378, 37.649520874, 36.7405548096, 140.701156616, 222.337371826, 71.8230743408, 30.1793251038, 49.8036193848, 46.0305213928, -2.65876579285], [-239.211410522, -11.3892192841, 91.4080047607, 87.5728378296, -18.9243278503, 72.2982406616, 75.9514770508, 71.8230743408, 183.853439331, 101.663032532, 24.9562950134, 4.43942546844, 39.6374549866], [-162.644073486, -39.4832382202, 138.438064575, 4.35648918152, 57.8232002258, 20.1371269226, 14.5855369568, 30.1793251038, 101.663032532, 189.132705688, 65.0596160889, 25.9495563507, 35.3706283569], [-154.362731934, 110.669380188, -34.7610359192, 88.0046768188, 38.6869392395, 48.9441108704, 35.1141166687, 49.8036193848, 24.9562950134, 65.0596160889, 159.222381592, 85.6797561646, 0.900531172752], [-74.2859344482, -3.6483643055, 86.9041137695, 13.1584072113, 92.2592544556, 24.4963951111, 59.0130004883, 46.0305213928, 4.43942546844, 25.9495563507, 85.6797561646, 131.376556396, 23.2634162903], [-106.137359619, 13.3189916611, 52.6055526733, 47.2234382629, -34.785030365, 41.9379844666, 16.0004348755, -2.65876579285, 39.6374549866, 35.3706283569, 0.900531172752, 23.2634162903, 114.946640015]],
        "icov": [[0.000158010254381, -7.94481529738e-05, 0.000107475585537, 8.32979203551e-05, -8.45265385578e-05, 0.000204354990274, -8.67698836373e-05, 7.71986669861e-05, 1.35998407131e-05, -2.47963998845e-05, 0.000188572594197, -7.81359049142e-05, 2.70161717708e-06], [-7.94481529738e-05, 0.00108920200728, -0.000178872753168, 0.000250602111919, 0.000215618289076, -0.000345093780197, 0.00136203295551, -0.00113501702435, -0.000272781500826, 0.00108327483758, -0.0017414491158, 0.000821134250145, -0.000637165445369], [0.000107475585537, -0.000178872753168, 0.00221497588791, -0.00137946824543, -0.000100761862996, 0.00243761390448, -0.00313145620748, 0.00155692081898, 0.000549310876522, -0.00298903416842, 0.00346354371868, -0.00255987117998, 0.000446349440608], [8.32979203551e-05, 0.000250602111919, -0.00137946824543, 0.00364062259905, -0.000698595773429, -0.00330477626994, 0.00315237673931, -0.00120297586545, -0.00186175608542, 0.00398985855281, -0.00463328976184, 0.00327656581067, -0.00150134740397], [-8.45265385578e-05, 0.000215618289076, -0.000100761862996, -0.000698595773429, 0.00249576126225, -0.000987384235486, 0.000342634564731, -0.000576817372348, 0.00151003827341, -0.00200155982748, 0.00195426749997, -0.00269387406297, 0.00190964073408], [0.000204354990274, -0.000345093780197, 0.00243761390448, -0.00330477626994, -0.000987384235486, 0.0088640647009, -0.00737065589055, 0.00359657756053, 0.000134403991979, -0.00287472060882, 0.00250274455175, -0.000987690757029, -0.000934326439165], [-8.67698836373e-05, 0.00136203295551, -0.00313145620748, 0.00315237673931, 0.000342634564731, -0.00737065589055, 0.0117225917056, -0.00623044464737, -0.00187140714843, 0.00579693121836, -0.0051611866802, 0.00219018897042, -0.00062423851341], [7.71986669861e-05, -0.00113501702435, 0.00155692081898, -0.00120297586545, -0.000576817372348, 0.00359657756053, -0.00623044464737, 0.00947197712958, -0.00224957498722, -0.00186074862722, 0.00188889307901, -0.00273156515323, 0.00147042574827], [1.35998407131e-05, -0.000272781500826, 0.000549310876522, -0.00186175608542, 0.00151003827341, 0.000134403991979, -0.00187140714843, -0.00224957498722, 0.0116823669523, -0.00783769134432, 0.00399006111547, -0.00103550625499, -0.00026436909684], [-2.47963998845e-05, 0.00108327483758, -0.00298903416842, 0.00398985855281, -0.00200155982748, -0.00287472060882, 0.00579693121836, -0.00186074862722, -0.00783769134432, 0.0167612023652, -0.0126616507769, 0.00763201061636, -0.00472682435066], [0.000188572594197, -0.0017414491158, 0.00346354371868, -0.00463328976184, 0.00195426749997, 0.00250274455175, -0.0051611866802, 0.00188889307901, 0.00399006111547, -0.0126616507769, 0.0234519578516, -0.0160703975707, 0.0067236199975], [-7.81359049142e-05, 0.000821134250145, -0.00255987117998, 0.00327656581067, -0.00269387406297, -0.000987690757029, 0.00219018897042, -0.00273156515323, -0.00103550625499, 0.00763201061636, -0.0160703975707, 0.0213131923229, -0.00734374066815], [2.70161717708e-06, -0.000637165445369, 0.000446349440608, -0.00150134740397, 0.00190964073408, -0.000934326439165, -0.00062423851341, 0.00147042574827, -0.00026436909684, -0.00472682435066, 0.0067236199975, -0.00734374066815, 0.0132074765861]]
    },
    "spectral_contrast_coeffs": {
        "mean": [-0.746497392654, -0.779323637486, -0.804447770119, -0.807692229748, -0.782707512379, -0.707235336304],
        "stdev": [0.0750529691577, 0.10534118861, 0.0776109620929, 0.0603881888092, 0.0437076874077, 0.0752265751362]
    },
    "spectral_contrast_valleys": {
        "mean": [-7.65781545639, -7.9315738678, -8.20135116577, -8.04913520813, -7.40627861023, -10.3802967072],
        "stdev": [1.12216055393, 1.29422223568, 1.25027239323, 1.1990827322, 1.0462269783, 1.33374869823]
    }
},
"rhythm": {
    "beats_count": 449,
    "beats_loudness": {
        "mean": 0.0448535867035,
        "stdev": 0.043620031327
    },
    "bpm": 109.611938477,
    "bpm_histogram_first_peak_bpm": 110,
    "bpm_histogram_first_peak_weight": 0.304054021835,
    "bpm_histogram_second_peak_bpm": 105,
    "bpm_histogram_second_peak_spread": 0,
    "bpm_histogram_second_peak_weight": 0.00669642863795,
    "danceability": 1.59302687645,
    "onset_rate": 5.5559091568,
    "beats_loudness_band_ratio": {
        "mean": [0.337858110666, 0.0530601330101, 0.147167384624, 0.137630552053, 0.166192993522, 0.17729189992],
        "stdev": [0.350600272417, 0.0751322284341, 0.186929225922, 0.157040342689, 0.159788936377, 0.208520427346]
    },
    "beats_position": [0.592108845711, 1.19582760334, 1.764716506, 2.32199549675, 2.87927436829, 3.43655323982, 3.98222208023, 4.52789115906, 5.06195020676, 5.60761880875, 6.15328788757, 6.6989569664, 7.24462556839, 7.80190467834, 8.35918331146, 8.893242836, 9.43891143799, 9.98458003998, 10.5302495956, 11.0759181976, 11.6331968307, 12.1788663864, 12.7245349884, 13.2702035904, 13.8158731461, 14.3499317169, 14.8956003189, 15.4412698746, 15.9869384766, 16.5326080322, 17.0898857117, 17.6355552673, 18.181224823, 18.7268924713, 19.272562027, 19.8182315826, 20.363899231, 20.9095687866, 21.4552383423, 22.0009059906, 22.5465755463, 23.0922451019, 23.6379127502, 24.1835823059, 24.7292518616, 25.2749195099, 25.8321990967, 26.3778686523, 26.9235363007, 27.4692058563, 28.0032653809, 28.5605430603, 29.106212616, 29.6634922028, 30.2091598511, 30.7432193756, 31.2888889313, 31.8345565796, 32.3686180115, 32.9142837524, 33.4599533081, 34.0172348022, 34.5629005432, 35.0969619751, 35.6310195923, 36.1999092102, 36.7571868896, 37.3028564453, 37.8369140625, 38.3825836182, 38.9398651123, 39.4855308533, 40.0195922852, 40.5652618408, 41.099319458, 41.6565971375, 42.2022666931, 42.7595443726, 43.3052139282, 43.8508834839, 44.3965530396, 44.9422225952, 45.4878921509, 46.0335578918, 46.5792274475, 47.1248970032, 47.6705665588, 48.2278442383, 48.7619056702, 49.3075714111, 49.8532409668, 50.3989105225, 50.9445800781, 51.4902496338, 52.0359191895, 52.5815849304, 53.1272544861, 53.6729240417, 54.2185935974, 54.7642631531, 55.3099327087, 55.8555984497, 56.4128799438, 56.9585494995, 57.5042152405, 58.0498847961, 58.583946228, 59.129611969, 59.6752815247, 60.2209510803, 60.7782287598, 61.3238983154, 61.8579597473, 62.4036254883, 62.9492950439, 63.4949645996, 64.0406341553, 64.5863037109, 65.1319732666, 65.6776428223, 66.2233123779, 66.7689819336, 67.3146438599, 67.871925354, 68.4175949097, 68.9632644653, 69.508934021, 70.0546035767, 70.5886611938, 71.1343307495, 71.6800003052, 72.2372741699, 72.7829437256, 73.3286132812, 73.8858947754, 74.4199523926, 74.9772338867, 75.5112915039, 76.0569610596, 76.6026306152, 77.1483001709, 77.6939697266, 78.2512435913, 78.796913147, 79.3425827026, 79.8766403198, 80.4223098755, 80.9679794312, 81.5252609253, 82.070930481, 82.6166000366, 83.1622695923, 83.7079315186, 84.2419967651, 84.7876663208, 85.3333282471, 85.8789978027, 86.4246673584, 86.9819488525, 87.5392303467, 88.0732879639, 88.6189575195, 89.1646270752, 89.7102966309, 90.2559585571, 90.8016281128, 91.3472976685, 91.8929672241, 92.4386367798, 92.9843063354, 93.5299758911, 94.0756454468, 94.6213150024, 95.1669845581, 95.7126541138, 96.2583236694, 96.8039855957, 97.3496551514, 97.895324707, 98.4409942627, 98.9866638184, 99.5439453125, 100.089614868, 100.635284424, 101.169342041, 101.715011597, 102.260681152, 102.806350708, 103.352012634, 103.89768219, 104.443351746, 104.989021301, 105.534690857, 106.080360413, 106.626029968, 107.171699524, 107.71736908, 108.274642944, 108.831924438, 109.377593994, 109.92326355, 110.468933105, 111.014602661, 111.560272217, 112.105941772, 112.663215637, 113.220497131, 113.766166687, 114.311836243, 114.857505798, 115.403175354, 115.94884491, 116.494506836, 117.05178833, 117.609069824, 118.166343689, 118.712013245, 119.246078491, 119.791740417, 120.349021912, 120.883079529, 121.440361023, 121.997642517, 122.543312073, 123.100585938, 123.646255493, 124.18031311, 124.725982666, 125.271652222, 125.828933716, 126.374603271, 126.920272827, 127.465942383, 128.011611938, 128.568893433, 129.114562988, 129.660217285, 130.205886841, 130.751556396, 131.308837891, 131.854507446, 132.400177002, 132.945846558, 133.491516113, 134.048797607, 134.606079102, 135.163360596, 135.709014893, 136.254684448, 136.788757324, 137.334411621, 137.880081177, 138.425750732, 138.971420288, 139.517089844, 140.062759399, 140.608428955, 141.165710449, 141.711380005, 142.268661499, 142.814331055, 143.36000061, 143.917282104, 144.46295166, 145.008621216, 145.565887451, 146.111557007, 146.657226562, 147.214508057, 147.760177612, 148.305847168, 148.863128662, 149.408798218, 149.954467773, 150.500137329, 151.045806885, 151.59147644, 152.148742676, 152.694412231, 153.251693726, 153.797363281, 154.343032837, 154.877090454, 155.42276001, 155.968429565, 156.52571106, 157.082992554, 157.628662109, 158.174331665, 158.720001221, 159.265670776, 159.811340332, 160.357009888, 160.914276123, 161.459945679, 162.005615234, 162.55128479, 163.096954346, 163.642623901, 164.188293457, 164.745574951, 165.291244507, 165.836914062, 166.382583618, 166.928253174, 167.485534668, 168.031204224, 168.576873779, 169.122543335, 169.668212891, 170.225479126, 170.771148682, 171.316818237, 171.862487793, 172.408157349, 172.965438843, 173.511108398, 174.068389893, 174.614059448, 175.159729004, 175.70539856, 176.262680054, 176.796737671, 177.342407227, 177.888076782, 178.445343018, 179.002624512, 179.559906006, 180.1171875, 180.662857056, 181.208526611, 181.742584229, 182.276641846, 182.83392334, 183.391204834, 183.93687439, 184.482528687, 185.028198242, 185.573867798, 186.119537354, 186.665206909, 187.222488403, 187.779769897, 188.325439453, 188.882720947, 189.428390503, 189.96244812, 190.496505737, 191.053787231, 191.611068726, 192.168334961, 192.714004517, 193.259674072, 193.805343628, 194.351013184, 194.896682739, 195.442352295, 195.988021851, 196.533691406, 197.079360962, 197.625030518, 198.182312012, 198.739593506, 199.285263062, 199.830932617, 200.376602173, 200.92225647, 201.467926025, 202.013595581, 202.559265137, 203.104934692, 203.662216187, 204.196273804, 204.753555298, 205.310836792, 205.856506348, 206.402175903, 206.947845459, 207.493515015, 208.03918457, 208.584854126, 209.142120361, 209.687789917, 210.233459473, 210.779129028, 211.324798584, 211.882080078, 212.427749634, 212.973419189, 213.530700684, 214.064758301, 214.622039795, 215.167709351, 215.713378906, 216.2706604, 216.816329956, 217.361984253, 217.919265747, 218.464935303, 219.010604858, 219.556274414, 220.10194397, 220.647613525, 221.20489502, 221.750564575, 222.307846069, 222.853515625, 223.399185181, 223.944854736, 224.490524292, 225.036193848, 225.581848145, 226.1275177, 226.684799194, 227.23046875, 227.787750244, 228.3334198, 228.879089355, 229.424758911, 229.970428467, 230.516098022, 231.073379517, 231.619049072, 232.176315308, 232.721984863, 233.267654419, 233.801712036, 234.35899353, 234.893051147, 235.450332642, 236.007614136, 236.541671753, 237.098953247, 237.644622803, 238.190292358, 238.747573853, 239.293243408, 239.850509644, 240.396179199, 240.941848755, 241.487518311, 242.033187866, 242.578857422, 243.124526978, 243.670196533, 244.227478027, 244.784759521, 245.342041016, 245.910919189],
    "bpm_histogram": [0, 0, 0, 0, 0, 0, 0, 0, 0, 0, 0, 0, 0, 0, 0, 0, 0, 0, 0, 0, 0, 0, 0, 0, 0, 0, 0, 0, 0, 0, 0, 0, 0, 0, 0, 0, 0, 0, 0, 0, 0, 0, 0, 0, 0, 0, 0, 0, 0, 0, 0, 0, 0, 0, 0, 0, 0, 0, 0, 0, 0, 0, 0, 0, 0, 0, 0, 0, 0, 0, 0, 0, 0, 0, 0, 0, 0, 0, 0, 0, 0, 0, 0, 0, 0, 0, 0, 0, 0, 0, 0, 0, 0, 0, 0, 0, 0, 0, 0, 0.00223214295693, 0, 0, 0, 0, 0, 0.00669642863795, 0, 0, 0.220982149243, 0, 0.689732134342, 0, 0.0803571417928, 0, 0, 0, 0, 0, 0, 0, 0, 0, 0, 0, 0, 0, 0, 0, 0, 0, 0, 0, 0, 0, 0, 0, 0, 0, 0, 0, 0, 0, 0, 0, 0, 0, 0, 0, 0, 0, 0, 0, 0, 0, 0, 0, 0, 0, 0, 0, 0, 0, 0, 0, 0, 0, 0, 0, 0, 0, 0, 0, 0, 0, 0, 0, 0, 0, 0, 0, 0, 0, 0, 0, 0, 0, 0, 0, 0, 0, 0, 0, 0, 0, 0, 0, 0, 0, 0, 0, 0, 0, 0, 0, 0, 0, 0, 0, 0, 0, 0, 0, 0, 0, 0, 0, 0, 0, 0, 0, 0, 0, 0, 0, 0, 0, 0, 0, 0, 0, 0, 0, 0, 0, 0, 0, 0, 0, 0, 0, 0, 0, 0, 0, 0, 0, 0, 0, 0, 0]
},
"tonal": {
    "chords_changes_rate": 0.132743358612,
    "chords_number_rate": 0.00263603846543,
    "chords_strength": {
        "mean": 0.490464538336,
        "stdev": 0.100049495697
    },
    "hpcp_crest": {
        "mean": 11.5705270767,
        "stdev": 5.3798418045
    },
    "hpcp_entropy": {
        "mean": 2.35119318962,
        "stdev": 0.82911491394
    },
    "key_edma": {
        "strength": 0.681502759457,
        "key": "C",
        "scale": "minor"
    },
    "key_krumhansl": {
        "strength": 0.668412029743,
        "key": "C",
        "scale": "minor"
    },
    "key_temperley": {
        "strength": 0.643403053284,
        "key": "C",
        "scale": "minor"
    },
    "tuning_diatonic_strength": 0.604658305645,
    "tuning_equal_tempered_deviation": 0.202293634415,
    "tuning_frequency": 434.193115234,
    "tuning_nontempered_energy_ratio": 0.895783960819,
    "hpcp": {
        "mean": [0.126874685287, 0.123156473041, 0.115030840039, 0.108319304883, 0.0998383834958, 0.102142572403, 0.113518565893, 0.11174621433, 0.118877880275, 0.123212352395, 0.116358958185, 0.0978879779577, 0.0788760706782, 0.0766311660409, 0.0784345343709, 0.0858056247234, 0.0965469628572, 0.122909493744, 0.151965692639, 0.146746635437, 0.131291776896, 0.128436177969, 0.106710784137, 0.090217359364, 0.109473243356, 0.11553671211, 0.1114128232, 0.113268241286, 0.107784882188, 0.11264538765, 0.144317045808, 0.27698802948, 0.328597396612, 0.231729626656, 0.157860800624, 0.126392275095],
        "stdev": [0.235224097967, 0.226685166359, 0.22292278707, 0.225925162435, 0.209433168173, 0.213096812367, 0.225672617555, 0.221692860126, 0.235450536013, 0.238325327635, 0.228266969323, 0.199569582939, 0.166814804077, 0.162874773145, 0.160901159048, 0.177749559283, 0.188899353147, 0.219115912914, 0.256862044334, 0.254579335451, 0.230225175619, 0.219859853387, 0.189845383167, 0.169220298529, 0.213028788567, 0.216376364231, 0.186005949974, 0.205824047327, 0.196682810783, 0.206197530031, 0.235354930162, 0.346075445414, 0.3839584589, 0.305050253868, 0.262950718403, 0.232522591949]
    },
    "chords_histogram": [26.2662391663, 14.0463190079, 2.82432675362, 2.97495770454, 5.02730178833, 0.67783844471, 1.63810956478, 5.34739208221, 5.79928445816, 8.69892692566, 0, 0.414234608412, 0.0188288465142, 0, 0.67783844471, 2.01468658447, 2.14648842812, 0.979099988937, 0.150630772114, 0, 0, 2.59838080406, 14.3475809097, 3.35153460503],
    "thpcp": [1, 0.705208361149, 0.480407953262, 0.384641736746, 0.386109828949, 0.37479442358, 0.350066184998, 0.329641401768, 0.303831934929, 0.310844123363, 0.345463991165, 0.340070307255, 0.361773639917, 0.374964475632, 0.35410797596, 0.297896385193, 0.240038633347, 0.233206853271, 0.238694936037, 0.26112690568, 0.293815374374, 0.37404280901, 0.462467730045, 0.446584910154, 0.399552077055, 0.390861839056, 0.324746280909, 0.274552881718, 0.333153098822, 0.351605683565, 0.339055716991, 0.3447021842, 0.32801502943, 0.342806696892, 0.439191073179, 0.842940449715],
    "chords_key": "C",
    "chords_scale": "minor"
}
}