{
"metadata": {
    "version": {
        "essentia": "2.1-dev",
        "essentia_git_sha": "v2.1_beta3-415-gd5473f3",
        "extractor": "music 2.0"
    },
    "audio_properties": {
        "analysis": {
            "equal_loudness": 0,
            "length": 212.401626587,
            "sample_rate": 44100,
            "start_time": 0,
            "downmix": "mix"
        },
        "bit_rate": 192000,
        "length": 212.401626587,
        "lossless": 0,
        "number_channels": 2,
        "replay_gain": -10.9461650848,
        "sample_rate": 44100,
        "codec": "mp3",
        "md5_encoded": "57bba8d159ea26388f9722afc9ad034d"
    },
    "tags": {
        "file_name": "bone_thugs_n_harmony-sleepwalkers.mp3"
    }
},
"lowlevel": {
    "average_loudness": 0.923561930656,
    "barkbands_crest": {
        "mean": 11.2814493179,
        "stdev": 4.05008649826
    },
    "barkbands_flatness_db": {
        "mean": 0.168676063418,
        "stdev": 0.0564409010112
    },
    "barkbands_kurtosis": {
        "mean": 7.68206548691,
        "stdev": 16.9408073425
    },
    "barkbands_skewness": {
        "mean": 2.07047557831,
        "stdev": 1.44347345829
    },
    "barkbands_spread": {
        "mean": 20.8231773376,
        "stdev": 13.3020038605
    },
    "dissonance": {
        "mean": 0.451240450144,
        "stdev": 0.0356881432235
    },
    "dynamic_complexity": 3.06836867332,
    "erbbands_crest": {
        "mean": 11.3901138306,
        "stdev": 5.38723182678
    },
    "erbbands_flatness_db": {
        "mean": 0.155846878886,
        "stdev": 0.0452608130872
    },
    "erbbands_kurtosis": {
        "mean": 0.814835071564,
        "stdev": 3.60560035706
    },
    "erbbands_skewness": {
        "mean": 0.471096098423,
        "stdev": 0.927014350891
    },
    "erbbands_spread": {
        "mean": 49.3957176208,
        "stdev": 25.4910182953
    },
    "hfc": {
        "mean": 17.7268810272,
        "stdev": 14.3199729919
    },
    "loudness_ebu128": {
        "integrated": -12.7248287201,
        "loudness_range": 2.09229660034,
        "momentary": {
            "mean": -13.6306734085,
            "stdev": 5.91187858582
        },
        "short_term": {
            "mean": -13.0228033066,
            "stdev": 2.55935263634
        }
    },
    "melbands_crest": {
        "mean": 16.594959259,
        "stdev": 5.43845462799
    },
    "melbands_flatness_db": {
        "mean": 0.235204800963,
        "stdev": 0.0734543502331
    },
    "melbands_kurtosis": {
        "mean": 25.5541648865,
        "stdev": 34.6328086853
    },
    "melbands_skewness": {
        "mean": 3.58144211769,
        "stdev": 2.32936191559
    },
    "melbands_spread": {
        "mean": 17.9615402222,
        "stdev": 14.1402769089
    },
    "pitch_salience": {
        "mean": 0.469903588295,
        "stdev": 0.10972867161
    },
    "silence_rate_20dB": {
        "mean": 1,
        "stdev": 0
    },
    "silence_rate_30dB": {
        "mean": 0.996174454689,
        "stdev": 0.0617352575064
    },
    "silence_rate_60dB": {
        "mean": 0.0267788823694,
        "stdev": 0.161436721683
    },
    "spectral_centroid": {
        "mean": 1233.86572266,
        "stdev": 698.555114746
    },
    "spectral_complexity": {
        "mean": 12.5167779922,
        "stdev": 6.18856143951
    },
    "spectral_decrease": {
        "mean": -7.62854757141e-09,
        "stdev": 6.01162186697e-09
    },
    "spectral_energy": {
        "mean": 0.0303998608142,
        "stdev": 0.023569593206
    },
    "spectral_energyband_high": {
        "mean": 0.000654149975162,
        "stdev": 0.000798813183792
    },
    "spectral_energyband_low": {
        "mean": 0.0129122398794,
        "stdev": 0.0158630926162
    },
    "spectral_energyband_middle_high": {
        "mean": 0.00466536590829,
        "stdev": 0.00856314972043
    },
    "spectral_energyband_middle_low": {
        "mean": 0.0136554641649,
        "stdev": 0.0158141907305
    },
    "spectral_entropy": {
        "mean": 7.36076879501,
        "stdev": 0.447208851576
    },
    "spectral_flux": {
        "mean": 0.100571453571,
        "stdev": 0.0539321191609
    },
    "spectral_kurtosis": {
        "mean": 4.15765142441,
        "stdev": 6.87670278549
    },
    "spectral_rms": {
        "mean": 0.00505730835721,
        "stdev": 0.00202037766576
    },
    "spectral_rolloff": {
        "mean": 1052.70043945,
        "stdev": 1402.8059082
    },
    "spectral_skewness": {
        "mean": 1.51036846638,
        "stdev": 0.669688284397
    },
    "spectral_spread": {
        "mean": 5192014,
        "stdev": 2110044
    },
    "spectral_strongpeak": {
        "mean": 0.933824300766,
        "stdev": 1.22203230858
    },
    "zerocrossingrate": {
        "mean": 0.0552240796387,
        "stdev": 0.0344751663506
    },
    "barkbands": {
        "mean": [0.000110085915367, 0.00514408340678, 0.0063622831367, 0.00215447624214, 0.00357940397225, 0.00177226483356, 0.00182284158655, 0.00194595253561, 0.00201651430689, 0.00148849410471, 0.000763786258176, 0.000514188781381, 0.000349793059286, 0.000404645019444, 0.000276802282315, 0.000234663093579, 0.000268390809651, 0.000216538130189, 0.000196930923266, 0.000180591203389, 0.000120307908219, 0.000167985926964, 0.000133697772981, 9.9908465927e-05, 5.65804693906e-05, 1.83951942745e-05, 2.58237548678e-07],
        "stdev": [0.000604931497946, 0.0069611184299, 0.0103995380923, 0.00556457042694, 0.00700137810782, 0.00371511140838, 0.00532769365236, 0.00571567099541, 0.0059539983049, 0.00570139754564, 0.00335085671395, 0.00190470565576, 0.0010627679294, 0.00106011843309, 0.000782807182986, 0.000663594400976, 0.000607619993389, 0.000310515635647, 0.000369327084627, 0.000292582291877, 0.000179125578143, 0.000287987437332, 0.00020377158944, 0.000150082705659, 8.41368018882e-05, 3.4585922549e-05, 1.00260160707e-06]
    },
    "erbbands": {
        "mean": [0.12422285229, 1.3112705946, 6.41490936279, 8.02385807037, 9.54765892029, 11.0384263992, 16.2055644989, 12.693570137, 25.705871582, 28.1720733643, 52.7167396545, 44.8773422241, 35.7029876709, 49.3048591614, 22.5435791016, 21.8178062439, 17.1588535309, 19.2870903015, 16.6555404663, 14.7391090393, 11.9972667694, 15.972158432, 13.6950063705, 8.68175697327, 11.7454242706, 8.416431427, 4.35157585144, 4.88493347168, 5.38066291809, 5.52210140228, 3.58706760406, 2.36318421364, 1.60686326027, 0.758996009827, 0.35276773572, 0.108877882361, 0.0289878528565, 0.00323637994006, 8.31465513329e-05, 3.89941051253e-05],
        "stdev": [0.239565744996, 1.6007502079, 9.11651802063, 16.577671051, 18.2370567322, 25.1618652344, 37.0755996704, 27.3042182922, 78.1052703857, 90.9911727905, 139.916290283, 134.058685303, 135.885757446, 191.896774292, 83.2829971313, 76.0211334229, 49.8241539001, 53.500038147, 36.9200592041, 42.8737602234, 29.8727817535, 33.54088974, 19.8606834412, 13.5511493683, 22.1052150726, 13.6547088623, 6.11047554016, 7.95655536652, 9.42144489288, 8.59084415436, 5.83631277084, 3.37779736519, 2.60412120819, 1.16987061501, 0.509501516819, 0.182409793139, 0.059674590826, 0.0079911146313, 0.000157352318638, 2.78444658761e-05]
    },
    "gfcc": {
        "mean": [-16.228553772, 93.6602325439, -100.251251221, 49.1586265564, -61.0143585205, 20.8504943848, -36.904006958, 13.9948720932, -19.2932853699, 0.522563755512, -15.5747623444, -3.47384214401, -13.1022415161],
        "cov": [[12820.9199219, -1117.51342773, -1418.0213623, 206.600875854, -930.656616211, 459.271057129, -408.7890625, 134.766326904, -344.657897949, 70.9411621094, -393.31552124, -51.8066749573, -273.514678955], [-1117.51342773, 1083.16027832, -147.049118042, -166.831848145, 184.555923462, -149.653381348, 222.403030396, -71.8767547607, 174.459289551, -97.0553665161, 178.531387329, -101.089859009, 109.607055664], [-1418.0213623, -147.049118042, 776.371704102, 177.090698242, 96.9626998901, -67.3883132935, -106.097305298, -17.9956760406, -68.9864654541, 32.9996032715, -37.0599975586, 24.6417446136, -57.6265792847], [206.600875854, -166.831848145, 177.090698242, 474.049194336, 96.9339981079, -33.6521186829, -112.24584198, -18.0050907135, 22.1585388184, 9.21957588196, 15.6444578171, 16.0294075012, 20.2762203217], [-930.656616211, 184.555923462, 96.9626998901, 96.9339981079, 284.798370361, -17.8591194153, 25.4961929321, -9.38119888306, 56.228767395, -7.68466806412, 42.3190231323, -24.0534496307, 37.8033828735], [459.271057129, -149.653381348, -67.3883132935, -33.6521186829, -17.8591194153, 299.625091553, 107.564682007, 10.6991519928, -37.3600463867, -34.5655326843, -37.8310508728, -0.583546221256, -31.4372501373], [-408.7890625, 222.403030396, -106.097305298, -112.24584198, 25.4961929321, 107.564682007, 313.280975342, 32.3438415527, 2.9501349926, -49.3956642151, 42.6209259033, -30.4406661987, 22.8367462158], [134.766326904, -71.8767547607, -17.9956760406, -18.0050907135, -9.38119888306, 10.6991519928, 32.3438415527, 153.811981201, 22.1052303314, 1.86359918118, -13.590297699, -12.0161466599, -18.81391716], [-344.657897949, 174.459289551, -68.9864654541, 22.1585388184, 56.228767395, -37.3600463867, 2.9501349926, 22.1052303314, 212.252059937, 32.3316040039, 34.1826438904, -37.9730224609, 30.9743518829], [70.9411621094, -97.0553665161, 32.9996032715, 9.21957588196, -7.68466806412, -34.5655326843, -49.3956642151, 1.86359918118, 32.3316040039, 155.2865448, 7.79383993149, -27.2096786499, -34.6454353333], [-393.31552124, 178.531387329, -37.0599975586, 15.6444578171, 42.3190231323, -37.8310508728, 42.6209259033, -13.590297699, 34.1826438904, 7.79383993149, 156.104156494, 19.6049346924, 20.2316112518], [-51.8066749573, -101.089859009, 24.6417446136, 16.0294075012, -24.0534496307, -0.583546221256, -30.4406661987, -12.0161466599, -37.9730224609, -27.2096786499, 19.6049346924, 143.752716064, 42.9441604614], [-273.514678955, 109.607055664, -57.6265792847, 20.2762203217, 37.8033828735, -31.4372501373, 22.8367462158, -18.81391716, 30.9743518829, -34.6454353333, 20.2316112518, 42.9441604614, 139.656723022]],
        "icov": [[0.000260421278654, -0.000361879821867, 0.000613758107647, -0.00058541004546, 0.000689776730724, -0.000503749120981, 0.000556900631636, -0.000427617109381, 0.000635511474684, -0.000436074798927, 0.000624233740382, -0.000118435018521, 0.000380370212952], [-0.000361879821867, 0.00371530512348, -0.000938941375352, 0.00210513034835, -0.00203250418417, 0.0025198396761, -0.00231202808209, 0.00245876889676, -0.0026872921735, 0.00310935289599, -0.00328925601207, 0.00254932441749, -0.00143103860319], [0.000613758107647, -0.000938941375352, 0.00319590047002, -0.00192722887732, 0.000854120182339, -0.000724508892745, 0.00135528633837, -0.000943993742112, 0.00212541199289, -0.0013990245061, 0.00218921620399, -0.00101465184707, 0.00197079917416], [-0.00058541004546, 0.00210513034835, -0.00192722887732, 0.00456162402406, -0.00265596061945, 0.00146445783321, -0.000708578329068, 0.00162415218074, -0.00232410989702, 0.00213496549986, -0.00292076333426, 0.00137260346673, -0.0018268028507], [0.000689776730724, -0.00203250418417, 0.000854120182339, -0.00265596061945, 0.00688850693405, -0.00213880371302, 0.00161087547895, -0.00158733024728, 0.00136314844713, -0.00154209986795, 0.00132811791264, 0.000234981576796, -8.87512214831e-05], [-0.000503749120981, 0.0025198396761, -0.000724508892745, 0.00146445783321, -0.00213880371302, 0.00658341124654, -0.00392947671935, 0.00223308964632, -0.0019929704722, 0.00263164821081, -0.000860821572132, 0.000484912685351, 0.000598936807364], [0.000556900631636, -0.00231202808209, 0.00135528633837, -0.000708578329068, 0.00161087547895, -0.00392947671935, 0.00714726140723, -0.00297232647426, 0.00266161398031, -0.000988424755633, 0.000288368755719, 0.000524653994944, -0.000361014244845], [-0.000427617109381, 0.00245876889676, -0.000943993742112, 0.00162415218074, -0.00158733024728, 0.00223308964632, -0.00297232647426, 0.00893233995885, -0.00326436338946, 0.00221076561138, -0.00128942949232, 0.00103807321284, 0.000369212270016], [0.000635511474684, -0.0026872921735, 0.00212541199289, -0.00232410989702, 0.00136314844713, -0.0019929704722, 0.00266161398031, -0.00326436338946, 0.00884681474417, -0.00374459777959, 0.00181479740422, 0.000229776080232, -0.00034908685484], [-0.000436074798927, 0.00310935289599, -0.0013990245061, 0.00213496549986, -0.00154209986795, 0.00263164821081, -0.000988424755633, 0.00221076561138, -0.00374459777959, 0.0105197634548, -0.00382800446823, 0.00319366552867, 0.000300377520034], [0.000624233740382, -0.00328925601207, 0.00218921620399, -0.00292076333426, 0.00132811791264, -0.000860821572132, 0.000288368755719, -0.00128942949232, 0.00181479740422, -0.00382800446823, 0.0118168508634, -0.00463452329859, 0.00271841348149], [-0.000118435018521, 0.00254932441749, -0.00101465184707, 0.00137260346673, 0.000234981576796, 0.000484912685351, 0.000524653994944, 0.00103807321284, 0.000229776080232, 0.00319366552867, -0.00463452329859, 0.0117422072217, -0.00494910869747], [0.000380370212952, -0.00143103860319, 0.00197079917416, -0.0018268028507, -8.87512214831e-05, 0.000598936807364, -0.000361014244845, 0.000369212270016, -0.00034908685484, 0.000300377520034, 0.00271841348149, -0.00494910869747, 0.0116545157507]]
    },
    "melbands": {
        "mean": [0.00126352044754, 0.00284037995152, 0.00144482171163, 0.000768690311816, 0.000545052753296, 0.00031035245047, 0.000377161632059, 0.000316578953061, 0.000473621621495, 0.000249462435022, 0.000177411639015, 0.000206868571695, 8.55873804539e-05, 5.5792141211e-05, 5.41057706869e-05, 3.1052644772e-05, 3.64628467651e-05, 2.7399364626e-05, 2.18889817916e-05, 1.79383550858e-05, 1.23492400235e-05, 1.64836383192e-05, 1.40128277053e-05, 1.03595084511e-05, 6.37585299046e-06, 8.24133439892e-06, 8.82932818058e-06, 4.64159620606e-06, 2.31130388784e-06, 3.10383052238e-06, 2.61151876657e-06, 2.34004733102e-06, 4.63831520392e-06, 2.5248118618e-06, 2.07905827665e-06, 1.75200989361e-06, 1.38216103096e-06, 1.13933958801e-06, 8.802230127e-07, 5.63273260923e-07],
        "stdev": [0.00198272871785, 0.00367317302153, 0.00270509230904, 0.0015703055542, 0.00121256173588, 0.000635806762148, 0.00113689282443, 0.00103719055187, 0.00124829995912, 0.00076302519301, 0.000714917492587, 0.000813251710497, 0.000340772356139, 0.000224261064432, 0.000166724028531, 9.35963107622e-05, 0.000111478671897, 6.66926716804e-05, 6.56253032503e-05, 5.49759643036e-05, 3.27597044816e-05, 3.70021843992e-05, 3.02936350636e-05, 1.60957297339e-05, 1.19001078929e-05, 1.71406318259e-05, 1.65455276147e-05, 8.45067461341e-06, 3.32383251589e-06, 5.62206150789e-06, 4.11089786212e-06, 4.50428342447e-06, 9.32662987907e-06, 3.93011032429e-06, 3.67319444194e-06, 2.82720930045e-06, 2.06498202715e-06, 1.92499692275e-06, 1.47516425386e-06, 8.61477644776e-07]
    },
    "melbands128": {
        "mean": [0.000101167788671, 0.000853324483614, 0.00168770423625, 0.00217075715773, 0.00320696434937, 0.00300596607849, 0.00168680143543, 0.000945738865994, 0.000976426992565, 0.000938919314649, 0.000525673676748, 0.000555918319151, 0.000618686666712, 0.000493901548907, 0.000229017736274, 0.000232620179304, 0.000424888334237, 0.000434305839008, 0.000249757664278, 0.000312356365612, 0.000335883902153, 0.000357621262083, 0.000525852083229, 0.000598681624979, 0.000307323236484, 0.000109796761535, 0.000120383985632, 0.000181618102943, 0.000230441597523, 0.000228526536375, 0.000219790352276, 0.000129544001538, 7.10651365807e-05, 5.72174831177e-05, 4.98493172927e-05, 5.71464443055e-05, 6.01181855018e-05, 6.18153062533e-05, 4.69355800305e-05, 3.03547840304e-05, 2.51038054557e-05, 3.36377161148e-05, 4.31604494224e-05, 3.20339240716e-05, 3.28234491462e-05, 2.6737961889e-05, 2.06514596357e-05, 2.40735389525e-05, 2.12293707591e-05, 1.85233093362e-05, 1.78141290235e-05, 1.77569618245e-05, 1.37963952511e-05, 8.73764929565e-06, 1.13355135909e-05, 1.90367118194e-05, 1.94468884729e-05, 1.49245997818e-05, 9.86443865258e-06, 1.684209019e-05, 9.62206650001e-06, 7.64659034758e-06, 5.58174633625e-06, 5.92656169829e-06, 7.76799970481e-06, 8.06635489425e-06, 8.74354373082e-06, 9.21003447729e-06, 9.0778548838e-06, 8.21212870505e-06, 4.5607616812e-06, 3.27216162077e-06, 2.02526052817e-06, 1.8279069991e-06, 2.89790727948e-06, 3.15663396577e-06, 3.1859781302e-06, 3.35822687703e-06, 2.56265616372e-06, 1.88661624634e-06, 1.83171289336e-06, 2.70238115263e-06, 3.08732387566e-06, 7.15816759111e-06, 3.28767646351e-06, 2.0150198452e-06, 2.50290690929e-06, 2.84179100163e-06, 1.62501009981e-06, 2.09349127545e-06, 2.09903669202e-06, 1.6131010625e-06, 1.02397473256e-06, 1.79100163678e-06, 1.24110488287e-06, 1.01909711248e-06, 1.13780527045e-06, 1.29396994453e-06, 9.15618841191e-07, 6.59126101255e-07, 6.25695406598e-07, 5.48479818008e-07, 4.6173832402e-07, 6.46087528366e-07, 3.88010732877e-07, 2.60280927478e-07, 2.61624307996e-07, 1.84212680665e-07, 1.7413731257e-07, 1.73180112029e-07, 1.43864568258e-07, 1.08318047864e-07, 7.08596132881e-08, 7.80670177392e-08, 5.17523268684e-08, 3.79600528788e-08, 1.05385247195e-08, 3.09200200166e-11, 4.14060973009e-12, 4.0176165346e-12, 3.91694489343e-12, 3.83161558037e-12, 3.75020110452e-12, 3.68227280265e-12, 3.62791524253e-12, 3.58852205763e-12, 3.55909485911e-12, 3.53453074101e-12],
        "stdev": [0.000533814891241, 0.00205620727502, 0.00292084761895, 0.00272441771813, 0.00422109663486, 0.00545807834715, 0.00383317586966, 0.00254244962707, 0.00199263426475, 0.00226823985577, 0.00156430783682, 0.00155496050138, 0.0015901067527, 0.0012564510107, 0.000709024607204, 0.00068406102946, 0.00130157498643, 0.00176918471698, 0.00104683754034, 0.00138534500729, 0.00155726773664, 0.0014157431433, 0.00171501364093, 0.00211220071651, 0.00126861443277, 0.000612822943367, 0.000637271790765, 0.00101868901402, 0.00119511957746, 0.00111460161861, 0.00117237819359, 0.000682942802086, 0.000414727022871, 0.000344224652508, 0.000305940280668, 0.000303434120724, 0.000321559462463, 0.000228025339311, 0.00020383305673, 0.000155330155394, 0.000116822935524, 0.000111924608063, 0.000180141010787, 0.000137442591949, 0.000103400248918, 9.25112544792e-05, 8.62397282617e-05, 8.88770955498e-05, 9.51115580392e-05, 9.70933178905e-05, 6.967412628e-05, 7.05153361196e-05, 5.57832718187e-05, 3.13582495437e-05, 3.82221187465e-05, 5.55947772227e-05, 5.90619092691e-05, 6.67992571834e-05, 2.20601523324e-05, 3.81035715691e-05, 2.20853926294e-05, 2.14559659071e-05, 1.73903117684e-05, 1.68349652085e-05, 1.82658059202e-05, 2.22283943003e-05, 2.39908022195e-05, 2.44749462581e-05, 2.12232371268e-05, 1.95187094505e-05, 1.13526502901e-05, 9.10154994926e-06, 3.93535265175e-06, 3.24212237501e-06, 5.938670256e-06, 7.78221328801e-06, 8.57123905007e-06, 8.52108223626e-06, 4.13744601246e-06, 3.63475305676e-06, 4.41054089606e-06, 6.52924427413e-06, 8.53558503877e-06, 1.70634757524e-05, 5.68301902604e-06, 4.1608536776e-06, 4.25988446295e-06, 5.35598974238e-06, 3.80408846468e-06, 4.3019167606e-06, 3.73955663235e-06, 2.98824556921e-06, 2.05723040381e-06, 2.92440086014e-06, 1.8833991362e-06, 1.80757069757e-06, 2.33220271184e-06, 2.33596688304e-06, 1.5913583411e-06, 1.28147848955e-06, 1.14208160085e-06, 8.66205198236e-07, 7.58179567129e-07, 9.93366370494e-07, 6.39590894025e-07, 4.59630200567e-07, 4.7960855909e-07, 3.15002779416e-07, 3.48847237319e-07, 3.68162176301e-07, 3.10261071945e-07, 2.46238386126e-07, 1.67668076756e-07, 1.99452259153e-07, 1.2384622039e-07, 1.12868818292e-07, 4.02597954974e-08, 1.63252550367e-10, 6.51457230175e-12, 6.33762530303e-12, 6.1817764449e-12, 6.04398388976e-12, 5.92211956557e-12, 5.81874349051e-12, 5.73181909921e-12, 5.66433098342e-12, 5.61456003217e-12, 5.58306135698e-12]
    },
    "mfcc": {
        "mean": [-657.325439453, 112.365402222, 22.0257568359, 29.2925491333, 8.42259120941, 8.91713905334, -0.35751286149, 9.37507724762, 0.950217306614, 5.49797344208, 1.96321678162, 0.881997644901, -1.57904696465],
        "cov": [[6340.56054688, 182.700454712, -420.677581787, -392.058898926, -353.341003418, -51.315032959, -152.455841064, -19.0498828888, -80.3525772095, 7.30784034729, 1.16416883469, -157.925125122, -92.1805953979], [182.700454712, 871.651306152, -223.005264282, -49.6867485046, -86.6539459229, -35.1082801819, 37.7797889709, 30.6231994629, 1.59308707714, 44.7932357788, 38.2359161377, 39.7403755188, -3.61247634888], [-420.677581787, -223.005264282, 564.241027832, 146.928268433, 103.53692627, 20.3297519684, 5.54034662247, -34.4681053162, -12.362827301, -70.433883667, -6.05598306656, 21.5753211975, -32.0362739563], [-392.058898926, -49.6867485046, 146.928268433, 426.423706055, 195.130844116, -21.8387031555, -64.8283538818, -66.4969787598, -9.88090419769, 7.52981519699, -32.9753456116, 7.15251111984, 37.5167160034], [-353.341003418, -86.6539459229, 103.53692627, 195.130844116, 310.806427002, 13.1954584122, -67.180015564, -47.0656280518, 7.14336919785, 1.36449337006, -9.90039920807, 25.1844615936, -16.7406921387], [-51.315032959, -35.1082801819, 20.3297519684, -21.8387031555, 13.1954584122, 203.900085449, 61.4160690308, 24.346616745, 18.0420608521, -13.1338777542, -1.87323153019, 2.98815226555, 5.8836183548], [-152.455841064, 37.7797889709, 5.54034662247, -64.8283538818, -67.180015564, 61.4160690308, 241.734695435, 90.6402130127, -7.72815608978, -0.431865811348, 10.2291088104, -18.3044433594, -21.9086933136], [-19.0498828888, 30.6231994629, -34.4681053162, -66.4969787598, -47.0656280518, 24.346616745, 90.6402130127, 195.172821045, 37.2892951965, -25.5892982483, -15.4580698013, 11.2756881714, -6.74762010574], [-80.3525772095, 1.59308707714, -12.362827301, -9.88090419769, 7.14336919785, 18.0420608521, -7.72815608978, 37.2892951965, 152.273590088, 19.7094459534, -13.7930965424, -1.85411810875, -4.84667778015], [7.30784034729, 44.7932357788, -70.433883667, 7.52981519699, 1.36449337006, -13.1338777542, -0.431865811348, -25.5892982483, 19.7094459534, 217.276519775, 42.4835586548, -16.1778125763, 20.723236084], [1.16416883469, 38.2359161377, -6.05598306656, -32.9753456116, -9.90039920807, -1.87323153019, 10.2291088104, -15.4580698013, -13.7930965424, 42.4835586548, 143.177154541, 24.320766449, -19.8563518524], [-157.925125122, 39.7403755188, 21.5753211975, 7.15251111984, 25.1844615936, 2.98815226555, -18.3044433594, 11.2756881714, -1.85411810875, -16.1778125763, 24.320766449, 149.596481323, 9.29047203064], [-92.1805953979, -3.61247634888, -32.0362739563, 37.5167160034, -16.7406921387, 5.8836183548, -21.9086933136, -6.74762010574, -4.84667778015, 20.723236084, -19.8563518524, 9.29047203064, 168.914810181]],
        "icov": [[0.000192976411199, -1.74199230969e-05, 8.44329842948e-05, 8.48822455737e-05, 0.000175256529474, -5.69221156184e-05, 0.000252769852523, -3.45637017745e-05, 0.000143524317537, -3.896342605e-06, 1.9896282538e-05, 0.000186113684322, 0.00014955450024], [-1.74199230969e-05, 0.00136710866354, 0.000542935682461, -0.000239977540332, 0.000306016590912, 0.000217866385356, -0.000286749127554, -4.69444830742e-06, -5.67533825233e-05, -9.50307876337e-05, -0.000217020977288, -0.0005255479482, 0.000174788758159], [8.44329842948e-05, 0.000542935682461, 0.00241438229568, -0.000734931847546, -6.85319755576e-05, -9.52787595452e-05, -0.000393268099288, 0.000392932997784, -1.1835031728e-05, 0.00069906655699, -0.00022059053299, -0.000355154916178, 0.000547544041183], [8.48822455737e-05, -0.000239977540332, -0.000734931847546, 0.00392185011879, -0.00216315570287, 0.000504089402966, 0.000136591421324, 0.000529083888978, 0.000232441088883, -0.000261882290943, 0.000738995091524, 0.000322672654875, -0.00105442653876], [0.000175256529474, 0.000306016590912, -6.85319755576e-05, -0.00216315570287, 0.00533434655517, -0.000892422744073, 0.00121384346858, 0.000126864266349, -9.3561153335e-05, -0.000270604301477, 7.13191766408e-05, -0.000651105830912, 0.00136660807766], [-5.69221156184e-05, 0.000217866385356, -9.52787595452e-05, 0.000504089402966, -0.000892422744073, 0.00570134958252, -0.00183389370795, 0.000249557517236, -0.000881174055394, 0.000426075421274, -4.70201484859e-05, -0.000246362818871, -0.000740894873161], [0.000252769852523, -0.000286749127554, -0.000393268099288, 0.000136591421324, 0.00121384346858, -0.00183389370795, 0.00649646669626, -0.00285650743172, 0.00138583162334, -0.000572783115786, -0.000393015565351, 0.001196594676, 0.000937585602514], [-3.45637017745e-05, -4.69444830742e-06, 0.000392932997784, 0.000529083888978, 0.000126864266349, 0.000249557517236, -0.00285650743172, 0.00732366088778, -0.00198768847622, 0.000929637986701, 0.000845484784804, -0.00109748926479, -0.000147342725541], [0.000143524317537, -5.67533825233e-05, -1.1835031728e-05, 0.000232441088883, -9.3561153335e-05, -0.000881174055394, 0.00138583162334, -0.00198768847622, 0.0075743868947, -0.00117474084254, 0.000843886518851, 0.00030298953061, 0.000588995113503], [-3.896342605e-06, -9.50307876337e-05, 0.00069906655699, -0.000261882290943, -0.000270604301477, 0.000426075421274, -0.000572783115786, 0.000929637986701, -0.00117474084254, 0.00561734521762, -0.00191360502504, 0.000788606470451, -0.000883415516], [1.9896282538e-05, -0.000217020977288, -0.00022059053299, 0.000738995091524, 7.13191766408e-05, -4.70201484859e-05, -0.000393015565351, 0.000845484784804, 0.000843886518851, -0.00191360502504, 0.00841885432601, -0.00168329407461, 0.00113297405187], [0.000186113684322, -0.0005255479482, -0.000355154916178, 0.000322672654875, -0.000651105830912, -0.000246362818871, 0.001196594676, -0.00109748926479, 0.00030298953061, 0.000788606470451, -0.00168329407461, 0.00780690833926, -0.000708605221007], [0.00014955450024, 0.000174788758159, 0.000547544041183, -0.00105442653876, 0.00136660807766, -0.000740894873161, 0.000937585602514, -0.000147342725541, 0.000588995113503, -0.000883415516, 0.00113297405187, -0.000708605221007, 0.00691794510931]]
    },
    "spectral_contrast_coeffs": {
        "mean": [-0.694704890251, -0.712964177132, -0.756542384624, -0.779373943806, -0.749651372433, -0.74884724617],
        "stdev": [0.0785769447684, 0.0952994674444, 0.0857967659831, 0.0613205395639, 0.0525963008404, 0.0448999367654]
    },
    "spectral_contrast_valleys": {
        "mean": [-6.64256858826, -7.14720916748, -7.95809841156, -8.15097236633, -8.19725036621, -10.52277565],
        "stdev": [1.17270922661, 1.26815915108, 1.32894182205, 1.31363677979, 1.40149188042, 1.51791787148]
    }
},
"rhythm": {
    "beats_count": 545,
    "beats_loudness": {
        "mean": 0.0465658269823,
        "stdev": 0.0252222772688
    },
    "bpm": 153.798828125,
    "bpm_histogram_first_peak_bpm": 152,
    "bpm_histogram_first_peak_weight": 0.00955408811569,
    "bpm_histogram_second_peak_bpm": 157,
    "bpm_histogram_second_peak_spread": 0.0462962388992,
    "bpm_histogram_second_peak_weight": 0.378676474094,
    "danceability": 1.45388269424,
    "onset_rate": 4.37349081039,
    "beats_loudness_band_ratio": {
        "mean": [0.478519320488, 0.190607354045, 0.187419235706, 0.105395287275, 0.053177125752, 0.0425732061267],
        "stdev": [0.284250497818, 0.206989645958, 0.187807932496, 0.15792556107, 0.0760358795524, 0.0393934063613]
    },
    "beats_position": [0.336689323187, 0.708208620548, 1.10294783115, 1.49768710136, 1.88081634045, 2.27555561066, 2.67029476166, 3.05342388153, 3.43655323982, 3.83129239082, 4.22603178024, 4.62077093124, 5.00390005112, 5.38702917099, 5.78176879883, 6.17650794983, 6.57124710083, 6.9543762207, 7.33750534058, 7.73224496841, 8.12698364258, 8.51011276245, 8.893242836, 9.287981987, 9.682721138, 10.0658502579, 10.4489793777, 10.8437185287, 11.2384576797, 11.6215867996, 12.0047159195, 12.3994560242, 12.7941951752, 13.177324295, 13.572063446, 13.966802597, 14.3499317169, 14.7446708679, 15.1277999878, 15.5109291077, 15.9056682587, 16.3004074097, 16.6951465607, 17.0898857117, 17.4846248627, 17.8677539825, 18.2508831024, 18.6456241608, 19.0403633118, 19.4234924316, 19.8066215515, 20.2013607025, 20.5960998535, 20.9792289734, 21.3623580933, 21.7570972443, 22.1518363953, 22.5349655151, 22.9297046661, 23.312833786, 23.707572937, 24.102312088, 24.4854412079, 24.8685703278, 25.2633094788, 25.6464385986, 26.0411777496, 26.4243087769, 26.8190479279, 27.2137870789, 27.6085262299, 27.9916553497, 28.3863945007, 28.7695236206, 29.1642627716, 29.5590019226, 29.9537410736, 30.3368701935, 30.7199993134, 31.1147384644, 31.4862575531, 31.8809967041, 32.2757377625, 32.6588668823, 33.0419960022, 33.4251251221, 33.8198623657, 34.2146034241, 34.6209526062, 35.0156898499, 35.3988189697, 35.7819480896, 36.1766891479, 36.5598182678, 36.9429473877, 37.3376846313, 37.7324256897, 38.1271629333, 38.5219039917, 38.9050331116, 39.2881622314, 39.6829032898, 40.0776405334, 40.4607696533, 40.8438987732, 41.2386398315, 41.6333770752, 42.0281181335, 42.4228553772, 42.8059844971, 43.1891136169, 43.5838546753, 43.9785919189, 44.3617210388, 44.7448501587, 45.139591217, 45.5343284607, 45.9174575806, 46.3005905151, 46.6953277588, 47.0900688171, 47.4848060608, 47.8679351807, 48.2510643005, 48.6458053589, 49.0173225403, 49.4120635986, 49.8068008423, 50.2015419006, 50.5962791443, 50.9910202026, 51.3741493225, 51.7572784424, 52.152015686, 52.5351448059, 52.9182739258, 53.3130149841, 53.696144104, 54.0908851624, 54.4740142822, 54.8687515259, 55.2634925842, 55.6582298279, 56.0529708862, 56.4477081299, 56.8308372498, 57.2139663696, 57.608707428, 58.0034446716, 58.39818573, 58.7929229736, 59.1760520935, 59.5707931519, 59.9539222717, 60.3486595154, 60.7434005737, 61.1265296936, 61.5096588135, 61.9043960571, 62.2991371155, 62.6822662354, 63.0653953552, 63.4601364136, 63.8432655334, 64.2263946533, 64.621131897, 65.0158691406, 65.3990020752, 65.7821273804, 66.1652603149, 66.5599975586, 66.9431304932, 67.3378677368, 67.720993042, 68.1041259766, 68.4988632202, 68.8936004639, 69.2883453369, 69.659866333, 70.0546035767, 70.4493408203, 70.844078064, 71.238822937, 71.6335601807, 72.0050811768, 72.3998184204, 72.7945556641, 73.1892929077, 73.5840377808, 73.9671630859, 74.3502960205, 74.7450332642, 75.1397705078, 75.5112915039, 75.9060287476, 76.3007659912, 76.6955108643, 77.0902481079, 77.4733810425, 77.8565063477, 78.2512435913, 78.6459884644, 79.0291137695, 79.4122467041, 79.8069839478, 80.2017211914, 80.5964584351, 80.9795913696, 81.3627166748, 81.7574615479, 82.1521987915, 82.5469360352, 82.9416732788, 83.3248062134, 83.7079315186, 84.1026763916, 84.4741897583, 84.8689346313, 85.263671875, 85.6584091187, 86.0531539917, 86.4478912354, 86.8194122314, 87.2141494751, 87.6088867188, 88.0036239624, 88.386756897, 88.7698822021, 89.1646270752, 89.5593643188, 89.9541015625, 90.3256225586, 90.7203598022, 91.1150970459, 91.5098419189, 91.8929672241, 92.2761001587, 92.6708374023, 93.065574646, 93.460319519, 93.8434448242, 94.2265777588, 94.6213150024, 95.0160522461, 95.4107894897, 95.8055343628, 96.2002716064, 96.5833969116, 96.9665298462, 97.3496551514, 97.7327880859, 98.1275253296, 98.5222625732, 98.9053955078, 99.288520813, 99.683265686, 100.07800293, 100.472740173, 100.867477417, 101.250610352, 101.633743286, 102.02848053, 102.423217773, 102.817955017, 103.21269989, 103.595825195, 103.97895813, 104.373695374, 104.768432617, 105.163169861, 105.546302795, 105.929428101, 106.324172974, 106.718910217, 107.102035522, 107.485168457, 107.879905701, 108.274642944, 108.669387817, 109.052513123, 109.435646057, 109.830383301, 110.225120544, 110.608253479, 110.991378784, 111.386123657, 111.780860901, 112.163986206, 112.547119141, 112.941856384, 113.336593628, 113.731338501, 114.114463806, 114.497596741, 114.892333984, 115.287071228, 115.670204163, 116.053329468, 116.448066711, 116.842811584, 117.237548828, 117.620681763, 118.003807068, 118.398544312, 118.793289185, 119.188026428, 119.571151733, 119.954284668, 120.349021912, 120.743759155, 121.138504028, 121.521629333, 121.904762268, 122.299499512, 122.694236755, 123.07736969, 123.460494995, 123.855232239, 124.249977112, 124.644714355, 125.039451599, 125.422584534, 125.805709839, 126.200454712, 126.595191956, 126.989929199, 127.373062134, 127.756187439, 128.150924683, 128.534057617, 128.917190552, 129.311920166, 129.706665039, 130.089797974, 130.472915649, 130.867660522, 131.262405396, 131.65713501, 132.040267944, 132.423400879, 132.818145752, 133.201263428, 133.596008301, 133.990753174, 134.37387085, 134.768615723, 135.163360596, 135.534866333, 135.929611206, 136.324356079, 136.719085693, 137.102218628, 137.496963501, 137.880081177, 138.27482605, 138.669570923, 139.064300537, 139.447433472, 139.830566406, 140.225296021, 140.620040894, 141.003173828, 141.397918701, 141.792648315, 142.17578125, 142.558914185, 142.94203186, 143.336776733, 143.731521606, 144.126251221, 144.520996094, 144.915740967, 145.310470581, 145.693603516, 146.07673645, 146.459854126, 146.842987061, 147.237731934, 147.632461548, 148.027206421, 148.421951294, 148.805084229, 149.188201904, 149.582946777, 149.97769165, 150.360809326, 150.743942261, 151.138687134, 151.533416748, 151.928161621, 152.311294556, 152.70602417, 153.089157104, 153.472290039, 153.855422974, 154.250152588, 154.644897461, 155.039627075, 155.434371948, 155.817504883, 156.200637817, 156.595367432, 156.990112305, 157.384857178, 157.779586792, 158.162719727, 158.545852661, 158.940582275, 159.335327148, 159.706848145, 160.101577759, 160.496322632, 160.891067505, 161.274185181, 161.657318115, 162.052062988, 162.446792603, 162.829925537, 163.213058472, 163.607803345, 164.002532959, 164.385665894, 164.768798828, 165.163528442, 165.558273315, 165.94140625, 166.324539185, 166.719268799, 167.114013672, 167.508743286, 167.903488159, 168.286621094, 168.669754028, 169.064483643, 169.459228516, 169.85395813, 170.248703003, 170.631835938, 171.014968872, 171.409698486, 171.804443359, 172.199172974, 172.57069397, 172.965438843, 173.360183716, 173.743301392, 174.138046265, 174.532791138, 174.915908813, 175.299041748, 175.682174683, 176.076919556, 176.47164917, 176.866394043, 177.261123657, 177.644256592, 178.027389526, 178.422134399, 178.816864014, 179.199996948, 179.583129883, 179.966262817, 180.360992432, 180.744125366, 181.138870239, 181.533599854, 181.928344727, 182.323074341, 182.717819214, 183.100952148, 183.484085083, 183.878814697, 184.27355957, 184.656692505, 185.039810181, 185.434555054, 185.829299927, 186.212417603, 186.595550537, 186.99029541, 187.385025024, 187.779769897, 188.174514771, 188.557632446, 188.940765381, 189.335510254, 189.730239868, 190.124984741, 190.508117676, 190.89125061, 191.285980225, 191.680725098, 192.075454712, 192.458587646, 192.841720581, 193.236465454, 193.631195068, 194.014328003, 194.397460938, 194.792190552, 195.186935425, 195.570068359, 195.953201294, 196.347930908, 196.742675781, 197.125808716, 197.508926392, 197.903671265, 198.298416138, 198.693145752, 199.087890625, 199.47102356, 199.854141235, 200.248886108, 200.643630981, 201.026748657, 201.409881592, 201.804626465, 202.199356079, 202.582489014, 202.965621948, 203.360351562, 203.755096436, 204.149841309, 204.532974243, 204.916091919, 205.310836792, 205.705581665, 206.100311279, 206.495056152, 206.889785767, 207.296142578, 207.702484131, 208.050796509, 208.399093628, 208.747390747, 209.095687866, 209.443984985, 209.803894043, 210.152191162, 210.51210022, 210.860397339, 211.208709717, 211.568618774, 211.916915894],
    "bpm_histogram": [0, 0, 0, 0, 0, 0, 0, 0, 0, 0, 0, 0, 0, 0, 0, 0, 0, 0, 0, 0, 0, 0, 0, 0, 0, 0, 0, 0, 0, 0, 0, 0, 0, 0, 0, 0, 0, 0, 0, 0, 0, 0, 0, 0, 0, 0, 0, 0, 0, 0, 0, 0, 0, 0, 0, 0, 0, 0, 0, 0, 0, 0, 0, 0, 0, 0, 0, 0, 0, 0, 0, 0, 0, 0, 0, 0, 0, 0, 0, 0, 0, 0, 0, 0, 0, 0, 0, 0, 0, 0, 0, 0, 0, 0, 0, 0, 0, 0, 0, 0, 0, 0, 0, 0, 0, 0, 0, 0, 0, 0, 0, 0, 0, 0, 0, 0, 0, 0, 0, 0, 0, 0, 0, 0, 0, 0, 0, 0, 0, 0, 0, 0, 0, 0, 0, 0, 0, 0, 0, 0, 0, 0, 0, 0, 0, 0, 0, 0, 0.00551470601931, 0, 0, 0, 0.571691155434, 0, 0, 0, 0, 0.378676474094, 0, 0, 0, 0.0183823537081, 0.00367647060193, 0, 0, 0, 0, 0.00551470601931, 0, 0, 0, 0, 0.0165441185236, 0, 0, 0, 0, 0, 0, 0, 0, 0, 0, 0, 0, 0, 0, 0, 0, 0, 0, 0, 0, 0, 0, 0, 0, 0, 0, 0, 0, 0, 0, 0, 0, 0, 0, 0, 0, 0, 0, 0, 0, 0, 0, 0, 0, 0, 0, 0, 0, 0, 0, 0, 0, 0, 0, 0, 0, 0, 0, 0, 0, 0, 0, 0, 0, 0, 0, 0, 0, 0, 0, 0, 0, 0, 0, 0, 0, 0]
},
"tonal": {
    "chords_changes_rate": 0.09683059901,
    "chords_number_rate": 0.00306010921486,
    "chords_strength": {
        "mean": 0.537394940853,
        "stdev": 0.105973109603
    },
    "hpcp_crest": {
        "mean": 13.0022773743,
        "stdev": 5.83990192413
    },
    "hpcp_entropy": {
        "mean": 1.98934471607,
        "stdev": 0.669208884239
    },
    "key_edma": {
        "strength": 0.578259170055,
        "key": "C",
        "scale": "minor"
    },
    "key_krumhansl": {
        "strength": 0.569783329964,
        "key": "C",
        "scale": "minor"
    },
    "key_temperley": {
        "strength": 0.57414329052,
        "key": "C",
        "scale": "minor"
    },
    "tuning_diatonic_strength": 0.582701146603,
    "tuning_equal_tempered_deviation": 0.142777428031,
    "tuning_frequency": 446.91595459,
    "tuning_nontempered_energy_ratio": 0.816923141479,
    "hpcp": {
        "mean": [0.112429387867, 0.0937047451735, 0.0996259823442, 0.103526376188, 0.106549926102, 0.12241640687, 0.135692924261, 0.152935177088, 0.165822252631, 0.128894761205, 0.0835449919105, 0.0912889391184, 0.106795080006, 0.0922944396734, 0.0780010521412, 0.0778683423996, 0.0919041633606, 0.129306823015, 0.132157370448, 0.0961591899395, 0.0770589858294, 0.0643465220928, 0.0521223694086, 0.0496385097504, 0.0521178916097, 0.0641713961959, 0.100971482694, 0.117524184287, 0.0990004166961, 0.0921542644501, 0.092654414475, 0.130102917552, 0.291301578283, 0.342045724392, 0.212778136134, 0.142150193453],
        "stdev": [0.2216886729, 0.200430810452, 0.21404017508, 0.213724970818, 0.227573558688, 0.242886275053, 0.251551061869, 0.266816943884, 0.305789023638, 0.254146367311, 0.193650022149, 0.192507296801, 0.216682702303, 0.197974219918, 0.189122542739, 0.184764295816, 0.190341725945, 0.216346412897, 0.214017644525, 0.189928650856, 0.178264737129, 0.164012953639, 0.151279300451, 0.142373755574, 0.144250735641, 0.163733676076, 0.209796100855, 0.247125044465, 0.203245922923, 0.195255279541, 0.185387969017, 0.232897028327, 0.353185713291, 0.393949866295, 0.287353605032, 0.253640264273]
    },
    "chords_histogram": [1.22404372692, 0.087431691587, 3.49726772308, 0.0218579228967, 0.327868849039, 0.153005465865, 0.89617484808, 0.371584713459, 2.75409841537, 18.5136604309, 0.546448111534, 1.44262290001, 1.00546443462, 0.0218579228967, 5.85792350769, 5.6174864769, 26.9289608002, 4.08743190765, 0, 0.174863383174, 1.00546443462, 6.99453544617, 3.40983605385, 15.0601091385],
    "thpcp": [1, 0.622075140476, 0.415588289499, 0.328696966171, 0.273953855038, 0.291265100241, 0.302668243647, 0.311507850885, 0.357894867659, 0.396709889174, 0.447119086981, 0.484795570374, 0.376834899187, 0.244250953197, 0.266891032457, 0.312224566936, 0.269830703735, 0.228042766452, 0.227654770017, 0.26868969202, 0.378039568663, 0.386373400688, 0.28112962842, 0.225288555026, 0.188122570515, 0.152384221554, 0.145122438669, 0.152371123433, 0.187610581517, 0.29519879818, 0.343592017889, 0.28943619132, 0.269420892, 0.270883113146, 0.380367040634, 0.851645112038],
    "chords_key": "G#",
    "chords_scale": "minor"
}
}