{
"metadata": {
    "version": {
        "essentia": "2.1-dev",
        "essentia_git_sha": "v2.1_beta3-415-gd5473f3",
        "extractor": "music 2.0"
    },
    "audio_properties": {
        "analysis": {
            "equal_loudness": 0,
            "length": 338.076721191,
            "sample_rate": 44100,
            "start_time": 0,
            "downmix": "mix"
        },
        "bit_rate": 192000,
        "length": 338.076721191,
        "lossless": 0,
        "number_channels": 2,
        "replay_gain": -3.72712898254,
        "sample_rate": 44100,
        "codec": "mp3",
        "md5_encoded": "5f8293c1fcf93f3a8b52a7651e8708f4"
    },
    "tags": {
        "file_name": "boogie_down_productions-my_philosophy.mp3"
    }
},
"lowlevel": {
    "average_loudness": 0.932759165764,
    "barkbands_crest": {
        "mean": 9.39926719666,
        "stdev": 4.33465337753
    },
    "barkbands_flatness_db": {
        "mean": 0.129428327084,
        "stdev": 0.0596029646695
    },
    "barkbands_kurtosis": {
        "mean": 4.9052271843,
        "stdev": 13.5587072372
    },
    "barkbands_skewness": {
        "mean": 1.05830645561,
        "stdev": 1.89949679375
    },
    "barkbands_spread": {
        "mean": 35.5397071838,
        "stdev": 20.7332019806
    },
    "dissonance": {
        "mean": 0.467436134815,
        "stdev": 0.0323533937335
    },
    "dynamic_complexity": 3.45875644684,
    "erbbands_crest": {
        "mean": 8.55544948578,
        "stdev": 4.33036136627
    },
    "erbbands_flatness_db": {
        "mean": 0.152758598328,
        "stdev": 0.0469005964696
    },
    "erbbands_kurtosis": {
        "mean": 1.53225898743,
        "stdev": 6.5191526413
    },
    "erbbands_skewness": {
        "mean": -0.179966971278,
        "stdev": 1.33517241478
    },
    "erbbands_spread": {
        "mean": 53.041847229,
        "stdev": 27.8667259216
    },
    "hfc": {
        "mean": 30.7321338654,
        "stdev": 35.2937660217
    },
    "loudness_ebu128": {
        "integrated": -20.4774169922,
        "loudness_range": 2.31255722046,
        "momentary": {
            "mean": -22.2607097626,
            "stdev": 15.7799158096
        },
        "short_term": {
            "mean": -20.9369773865,
            "stdev": 3.03400826454
        }
    },
    "melbands_crest": {
        "mean": 13.8428812027,
        "stdev": 5.43230390549
    },
    "melbands_flatness_db": {
        "mean": 0.156329870224,
        "stdev": 0.0816181972623
    },
    "melbands_kurtosis": {
        "mean": 20.0427742004,
        "stdev": 38.9518089294
    },
    "melbands_skewness": {
        "mean": 2.85903573036,
        "stdev": 2.55825853348
    },
    "melbands_spread": {
        "mean": 51.3580551147,
        "stdev": 50.0972137451
    },
    "pitch_salience": {
        "mean": 0.594185650349,
        "stdev": 0.121108964086
    },
    "silence_rate_20dB": {
        "mean": 1,
        "stdev": 0
    },
    "silence_rate_30dB": {
        "mean": 0.975963175297,
        "stdev": 0.153169095516
    },
    "silence_rate_60dB": {
        "mean": 0.125815540552,
        "stdev": 0.331644952297
    },
    "spectral_centroid": {
        "mean": 2104.19165039,
        "stdev": 1300.32470703
    },
    "spectral_complexity": {
        "mean": 15.3056793213,
        "stdev": 13.0066747665
    },
    "spectral_decrease": {
        "mean": -5.43901457206e-09,
        "stdev": 8.19204171165e-09
    },
    "spectral_energy": {
        "mean": 0.0233154781163,
        "stdev": 0.0320814028382
    },
    "spectral_energyband_high": {
        "mean": 0.00292868237011,
        "stdev": 0.00410948367789
    },
    "spectral_energyband_low": {
        "mean": 0.00868301931769,
        "stdev": 0.0222688708454
    },
    "spectral_energyband_middle_high": {
        "mean": 0.00382717163302,
        "stdev": 0.00549492938444
    },
    "spectral_energyband_middle_low": {
        "mean": 0.00957768410444,
        "stdev": 0.0172416996211
    },
    "spectral_entropy": {
        "mean": 7.97445487976,
        "stdev": 0.448373049498
    },
    "spectral_flux": {
        "mean": 0.105833292007,
        "stdev": 0.0726717188954
    },
    "spectral_kurtosis": {
        "mean": 1.46940433979,
        "stdev": 1.85059380531
    },
    "spectral_rms": {
        "mean": 0.00404721079394,
        "stdev": 0.00252328603528
    },
    "spectral_rolloff": {
        "mean": 3638.45239258,
        "stdev": 3039.39208984
    },
    "spectral_skewness": {
        "mean": 0.921918034554,
        "stdev": 0.473235279322
    },
    "spectral_spread": {
        "mean": 6315125.5,
        "stdev": 2906228.25
    },
    "spectral_strongpeak": {
        "mean": 0.80837136507,
        "stdev": 1.23001301289
    },
    "zerocrossingrate": {
        "mean": 0.121420837939,
        "stdev": 0.0759571120143
    },
    "barkbands": {
        "mean": [5.29806238774e-05, 0.00387915223837, 0.00315063283779, 0.00290525285527, 0.00284383655526, 0.000946457614191, 0.00095333653735, 0.000987068749964, 0.000757527595852, 0.000608190370258, 0.000495639047585, 0.000407384737628, 0.000341282022418, 0.000345911830664, 0.000353519950295, 0.000222904607654, 0.000426575657912, 0.000346072163666, 0.000258599029621, 0.000279764091829, 0.00048575780238, 0.000591416668613, 0.000746627629269, 0.000688339874614, 0.000204888361623, 3.55658012268e-05, 8.14544137029e-07],
        "stdev": [0.000155837449711, 0.0107572684065, 0.0109142279252, 0.0109076024964, 0.00531527679414, 0.00261700153351, 0.00304955616593, 0.00334880733863, 0.00224735843949, 0.00163453840651, 0.00155317957979, 0.00119470246136, 0.000962850928772, 0.000949999783188, 0.000785140495282, 0.000427441002103, 0.0007793023251, 0.000766428129282, 0.000433885492384, 0.000445281999419, 0.000757147790864, 0.00078178208787, 0.00123574445024, 0.0017730507534, 0.000460970390122, 6.65038096486e-05, 2.37262543124e-06]
    },
    "erbbands": {
        "mean": [0.0970736145973, 0.938952744007, 3.15650129318, 7.64556980133, 9.56383228302, 9.41604804993, 8.57881164551, 7.29149961472, 11.1327257156, 18.4910526276, 21.0725440979, 18.0875759125, 17.584897995, 20.970041275, 18.0030040741, 16.943031311, 16.1440200806, 16.9457206726, 19.1177215576, 15.6070547104, 14.8962831497, 23.518163681, 20.7360076904, 13.8332538605, 12.7624292374, 13.3166589737, 17.2947406769, 20.2067947388, 19.3689861298, 23.5135879517, 21.0863113403, 17.880941391, 9.05639839172, 3.19343781471, 0.99598556757, 0.257372289896, 0.045658107847, 0.0056143598631, 0.000161922624102, 4.15752510889e-05],
        "stdev": [0.288559406996, 2.6020257473, 9.76137161255, 28.4949226379, 24.6733589172, 18.2713756561, 20.2049674988, 23.1613368988, 35.8376502991, 59.8797035217, 66.4833145142, 53.3352737427, 50.2525520325, 55.9391899109, 53.7009811401, 45.6057357788, 43.3605918884, 46.6591758728, 44.131111145, 31.3721561432, 26.2798175812, 42.5716552734, 47.2191352844, 24.7307949066, 20.8711090088, 20.7617435455, 29.4959831238, 29.0331707001, 25.7489013672, 33.872177124, 34.8030166626, 41.8186454773, 25.7875728607, 7.50229072571, 2.17421579361, 0.503801226616, 0.0859638601542, 0.0135853439569, 0.000321420986438, 4.73875625175e-05]
    },
    "gfcc": {
        "mean": [-23.2068996429, 44.8580513, -109.067100525, 52.574306488, -79.6309738159, 23.3784770966, -45.0422706604, 5.19284772873, -23.2598571777, -4.47138166428, -22.5076007843, -0.776074886322, -15.3070354462],
        "cov": [[15667.6240234, 283.515258789, -840.603210449, 374.534484863, -364.061309814, 181.710037231, -327.076568604, 104.451087952, -222.025588989, 83.2136535645, -291.034576416, 98.8654022217, -132.078308105], [283.515258789, 1650.43505859, 82.5797653198, -124.910209656, 279.377441406, -73.635345459, 234.796218872, -7.56205558777, 49.0988235474, -79.4008636475, 12.6179828644, 6.38774681091, 20.3182086945], [-840.603210449, 82.5797653198, 1527.91430664, 594.572937012, 187.701721191, 179.230987549, 55.0829582214, 22.5699005127, 15.7421922684, 56.0791435242, 22.5876407623, -11.0625600815, 4.18613147736], [374.534484863, -124.910209656, 594.572937012, 729.430419922, 231.83416748, 42.0801544189, -59.9755973816, -33.4780960083, 24.6118297577, 66.0043029785, -3.33773374557, -1.82491791248, 17.3263282776], [-364.061309814, 279.377441406, 187.701721191, 231.83416748, 498.398651123, 111.971153259, 86.8879013062, -13.438911438, 6.67029714584, 58.1873283386, 27.6490726471, 10.7975978851, 18.2975959778], [181.710037231, -73.635345459, 179.230987549, 42.0801544189, 111.971153259, 341.903747559, 136.060058594, 44.2291183472, -40.3994216919, 10.7991886139, 26.2111492157, -17.4640712738, -4.10654735565], [-327.076568604, 234.796218872, 55.0829582214, -59.9755973816, 86.8879013062, 136.060058594, 377.504364014, 111.919219971, -31.5056495667, -0.639599859715, 3.07926821709, 15.0778474808, 18.6761264801], [104.451087952, -7.56205558777, 22.5699005127, -33.4780960083, -13.438911438, 44.2291183472, 111.919219971, 168.424911499, 46.9451713562, -0.644424259663, -9.22355651855, 9.29184913635, 0.744134426117], [-222.025588989, 49.0988235474, 15.7421922684, 24.6118297577, 6.67029714584, -40.3994216919, -31.5056495667, 46.9451713562, 165.296203613, 41.5049133301, 2.73191380501, -14.8623895645, -5.48090076447], [83.2136535645, -79.4008636475, 56.0791435242, 66.0043029785, 58.1873283386, 10.7991886139, -0.639599859715, -0.644424259663, 41.5049133301, 146.169448853, 27.6480369568, -9.48114395142, -15.1688375473], [-291.034576416, 12.6179828644, 22.5876407623, -3.33773374557, 27.6490726471, 26.2111492157, 3.07926821709, -9.22355651855, 2.73191380501, 27.6480369568, 104.946479797, 25.6800765991, 1.57457578182], [98.8654022217, 6.38774681091, -11.0625600815, -1.82491791248, 10.7975978851, -17.4640712738, 15.0778474808, 9.29184913635, -14.8623895645, -9.48114395142, 25.6800765991, 96.9136352539, 30.0099544525], [-132.078308105, 20.3182086945, 4.18613147736, 17.3263282776, 18.2975959778, -4.10654735565, 18.6761264801, 0.744134426117, -5.48090076447, -15.1688375473, 1.57457578182, 30.0099544525, 84.3772583008]],
        "icov": [[0.000132062166813, -0.000226459349506, 0.00020819461497, -0.000318828038871, 0.000322972802678, -0.000394973467337, 0.000391325709643, -0.000382624391932, 0.000421238539275, -0.000453971064417, 0.000515117659234, -0.000420826632762, 0.000229700614], [-0.000226459349506, 0.00139591470361, -0.00057604839094, 0.000998546369374, -0.00133408419788, 0.00138316804077, -0.00153730530292, 0.00132522452623, -0.00143262639176, 0.00173537083901, -0.0011165398173, 0.000932807393838, -0.000273903162451], [0.00020819461497, -0.00057604839094, 0.00141680869274, -0.00149583909661, 0.000820445595309, -0.00116670073476, 0.000631403818261, -0.000831821234897, 0.000741454947274, -0.00086727773305, 0.00063624343602, -0.000637417717371, 0.000441440497525], [-0.000318828038871, 0.000998546369374, -0.00149583909661, 0.00349155254662, -0.00205549132079, 0.00139968725853, -0.000641634396743, 0.00132117909379, -0.00133602647111, 0.000905683264136, -0.000672953727189, 0.000979884993285, -0.000997965107672], [0.000322972802678, -0.00133408419788, 0.000820445595309, -0.00205549132079, 0.00421352637932, -0.00221854541451, 0.000789006822743, -0.000552741752472, 0.0011087525636, -0.0024269183632, 0.0011763953371, -0.00156235380564, 0.00018617058231], [-0.000394973467337, 0.00138316804077, -0.00116670073476, 0.00139968725853, -0.00221854541451, 0.0058425264433, -0.00269351899624, 0.000628220557701, -0.000433049543062, 0.00205535907298, -0.002945125103, 0.00292387534864, -0.000468359066872], [0.000391325709643, -0.00153730530292, 0.000631403818261, -0.000641634396743, 0.000789006822743, -0.00269351899624, 0.00624633673579, -0.0046432139352, 0.00330046657473, -0.0025531873107, 0.00194608455058, -0.00150191865396, -0.000307385344058], [-0.000382624391932, 0.00132522452623, -0.000831821234897, 0.00132117909379, -0.000552741752472, 0.000628220557701, -0.0046432139352, 0.0110472971573, -0.00552836479619, 0.00247398833744, -0.000286249851342, -0.000524072383996, 0.000210054480704], [0.000421238539275, -0.00143262639176, 0.000741454947274, -0.00133602647111, 0.0011087525636, -0.000433049543062, 0.00330046657473, -0.00552836479619, 0.0102969948202, -0.00422359956428, 0.00111923145596, 0.000393898895709, 4.72172650916e-05], [-0.000453971064417, 0.00173537083901, -0.00086727773305, 0.000905683264136, -0.0024269183632, 0.00205535907298, -0.0025531873107, 0.00247398833744, -0.00422359956428, 0.0110171511769, -0.0042145405896, 0.00235234922729, 0.000846428913064], [0.000515117659234, -0.0011165398173, 0.00063624343602, -0.000672953727189, 0.0011763953371, -0.002945125103, 0.00194608455058, -0.000286249851342, 0.00111923145596, -0.0042145405896, 0.0137175917625, -0.00564489886165, 0.00142188835889], [-0.000420826632762, 0.000932807393838, -0.000637417717371, 0.000979884993285, -0.00156235380564, 0.00292387534864, -0.00150191865396, -0.000524072383996, 0.000393898895709, 0.00235234922729, -0.00564489886165, 0.0149509850889, -0.00499849021435], [0.000229700614, -0.000273903162451, 0.000441440497525, -0.000997965107672, 0.00018617058231, -0.000468359066872, -0.000307385344058, 0.000210054480704, 4.72172650916e-05, 0.000846428913064, 0.00142188835889, -0.00499849021435, 0.0143695734441]]
    },
    "melbands": {
        "mean": [0.000983830075711, 0.00154967559502, 0.00139222631697, 0.000698416261002, 0.000319129263517, 0.000168650134583, 0.000176974906935, 0.000210235913983, 0.000166948710103, 0.000107977539301, 8.62634624355e-05, 8.47504707053e-05, 6.49464200251e-05, 4.84238298668e-05, 3.74903938791e-05, 3.35884724336e-05, 3.14954013447e-05, 3.103032941e-05, 2.58215241047e-05, 1.57454342116e-05, 1.8572081899e-05, 2.47354037128e-05, 2.28491353482e-05, 1.48926492329e-05, 1.07450387077e-05, 9.77391664492e-06, 8.05775016488e-06, 9.14136671781e-06, 1.0299949281e-05, 1.14104032036e-05, 1.18308116726e-05, 1.07483665488e-05, 1.17202334877e-05, 1.32366676553e-05, 1.17545278044e-05, 1.27936782519e-05, 1.00440429378e-05, 7.0401879384e-06, 4.12150075135e-06, 2.15791146729e-06],
        "stdev": [0.00279670185409, 0.00429335096851, 0.00484973145649, 0.00139956129715, 0.000672173744533, 0.00050176680088, 0.000562576227821, 0.000679663673509, 0.000513366016094, 0.000324695487507, 0.000255020306213, 0.000229134151596, 0.000199687972781, 0.000151003478095, 0.000101053825347, 9.82193814707e-05, 9.24016785575e-05, 7.74645086494e-05, 5.75168196519e-05, 3.25271939801e-05, 3.40090155078e-05, 4.65919911221e-05, 4.36503396486e-05, 4.01529432565e-05, 2.04764328373e-05, 1.6889134713e-05, 1.40189631566e-05, 1.45498024722e-05, 1.90974897123e-05, 1.95413995243e-05, 1.64590674103e-05, 1.46176125781e-05, 1.66212448676e-05, 2.05293217732e-05, 1.89356178453e-05, 2.69733973255e-05, 2.58385935012e-05, 2.16495609493e-05, 1.08001258923e-05, 4.83864050693e-06]
    },
    "melbands128": {
        "mean": [5.19683781022e-05, 0.000643838837277, 0.00142843951471, 0.00154564296827, 0.00149301288184, 0.00161271577235, 0.00161835970357, 0.00136670039501, 0.000911852461286, 0.000752303458285, 0.000543198897503, 0.000356008473318, 0.000300637475448, 0.000242166555836, 0.00015817086387, 0.000130976724904, 0.000157845177455, 0.000181014504051, 0.000203544463147, 0.000208535318961, 0.00021953137184, 0.000204028619919, 0.0001560679666, 0.000132790126372, 0.000128916697577, 8.82599852048e-05, 8.09616249171e-05, 9.17054348974e-05, 8.56110782479e-05, 8.1620819401e-05, 8.51016811794e-05, 8.82191161509e-05, 6.60749574308e-05, 4.75681554235e-05, 4.60594455944e-05, 5.36975931027e-05, 4.35237052443e-05, 3.4454951674e-05, 3.43955143762e-05, 3.83441984013e-05, 3.296219802e-05, 2.9109793104e-05, 2.89650306513e-05, 3.58108372893e-05, 3.15921570291e-05, 2.82181445073e-05, 3.31094379362e-05, 2.73564110103e-05, 2.2491954951e-05, 2.11752048926e-05, 1.36034605021e-05, 1.17927902465e-05, 1.4202474631e-05, 2.2870124667e-05, 2.63955498667e-05, 2.39618238993e-05, 2.45624887611e-05, 2.40716071858e-05, 2.2518734113e-05, 1.99516616703e-05, 1.41168320624e-05, 1.21037219287e-05, 1.096127653e-05, 1.04849477793e-05, 9.69741176959e-06, 1.02216345113e-05, 9.59705175774e-06, 8.60256659507e-06, 8.02214344731e-06, 6.58565431877e-06, 9.48159413383e-06, 1.00909483081e-05, 9.71249301074e-06, 1.05878116301e-05, 1.04997543531e-05, 1.17068475447e-05, 1.13074847832e-05, 1.20219647215e-05, 1.26886679936e-05, 1.04709406514e-05, 1.12237521535e-05, 1.09678685476e-05, 9.48577508098e-06, 9.78276602837e-06, 1.67007037817e-05, 1.3347530512e-05, 1.21189359561e-05, 1.22941519294e-05, 1.15770671982e-05, 1.13892456284e-05, 1.26331206047e-05, 1.35664658956e-05, 1.26879704112e-05, 9.99999792839e-06, 8.2084989117e-06, 8.65109996084e-06, 6.85308168613e-06, 4.7571165851e-06, 4.49708795713e-06, 3.7183015138e-06, 2.40533358919e-06, 1.98835505216e-06, 1.65343806202e-06, 1.33918251777e-06, 1.07018195195e-06, 8.63443801791e-07, 6.81473579789e-07, 5.75843898787e-07, 3.81250629289e-07, 2.95233292036e-07, 2.26764626632e-07, 1.56210120394e-07, 1.17311969916e-07, 9.16290900932e-08, 7.16312200666e-08, 6.21932372269e-08, 3.35887690994e-08, 4.49888792886e-09, 4.05657061761e-12, 3.87313054892e-12, 3.7697332235e-12, 3.68831224243e-12, 3.59710611991e-12, 3.51855502199e-12, 3.47618266637e-12, 3.4444873169e-12, 3.4178580105e-12, 3.38626696128e-12],
        "stdev": [0.000154481793288, 0.00207678810693, 0.00442100502551, 0.00447195954621, 0.00436807051301, 0.00587501283735, 0.00636737374589, 0.00490142311901, 0.00242495094426, 0.00157261430286, 0.0012350063771, 0.000857080158312, 0.000832516991068, 0.000790159509052, 0.000665853614919, 0.000549756165128, 0.000599122024141, 0.000771933002397, 0.000836768420413, 0.000853152188938, 0.000939516641665, 0.000881000654772, 0.000600421451963, 0.000593312841374, 0.000491268525366, 0.000351271475665, 0.000342918909155, 0.00034383291495, 0.000297051505186, 0.000285278598312, 0.000313012045808, 0.000323702668538, 0.000258687970927, 0.000212310405914, 0.000211530117667, 0.00019499802147, 0.000140660966281, 0.00012799774413, 0.000129901163746, 0.000142798249726, 0.000125673279399, 0.000145046622492, 0.000113231006253, 0.000125534672407, 0.000117759947898, 9.32432085392e-05, 9.72421985352e-05, 8.20951900096e-05, 5.81427775614e-05, 5.14889325132e-05, 3.48579196725e-05, 3.22536689055e-05, 3.39485341101e-05, 5.20462308486e-05, 6.15543904132e-05, 5.69893527427e-05, 6.53279057587e-05, 5.47864692635e-05, 5.13679624419e-05, 6.94866539561e-05, 5.54991529498e-05, 2.69033444056e-05, 2.45756273216e-05, 2.31433568842e-05, 1.96325781872e-05, 2.16559328692e-05, 1.88264039025e-05, 1.80294864549e-05, 1.56339647219e-05, 1.28435194711e-05, 1.80678798642e-05, 1.80147580977e-05, 2.14456558751e-05, 2.37155309151e-05, 2.03113686439e-05, 2.31130507018e-05, 2.15152540477e-05, 1.97698973352e-05, 1.85455137398e-05, 1.57457707246e-05, 1.74397591763e-05, 1.61895040947e-05, 1.62973265105e-05, 1.57419399329e-05, 2.67890445684e-05, 2.30290424952e-05, 2.33421651501e-05, 2.22004364332e-05, 1.98240577447e-05, 2.11390288314e-05, 2.74623816949e-05, 3.46517699654e-05, 3.20799299516e-05, 2.8339722121e-05, 2.52100744547e-05, 3.02283460769e-05, 2.30082750932e-05, 1.44687073771e-05, 1.28044430312e-05, 9.46756972553e-06, 6.27442614132e-06, 4.49689105153e-06, 3.66840504284e-06, 3.07233131025e-06, 2.53834969044e-06, 2.13554380935e-06, 1.69980921783e-06, 1.23322524814e-06, 7.53446101953e-07, 5.42684631455e-07, 4.51671098745e-07, 3.25842819393e-07, 2.36299143808e-07, 1.98924013262e-07, 1.93111162616e-07, 1.85743616044e-07, 9.34632566896e-08, 1.79773351761e-08, 7.77368447391e-12, 7.48241833076e-12, 7.28022156449e-12, 7.105266462e-12, 6.95097191611e-12, 6.82103852567e-12, 6.71596068688e-12, 6.63226158021e-12, 6.57098334078e-12, 6.53194642472e-12]
    },
    "mfcc": {
        "mean": [-656.872741699, 62.4963607788, 23.4281635284, 22.0449352264, -0.747275650501, 10.4952316284, -10.0396995544, 8.08590698242, -2.76470160484, -1.70215690136, -3.99819946289, -0.348659038544, -7.70270776749],
        "cov": [[9746.63378906, 204.639007568, -503.956939697, 63.9352760315, -54.7845611572, 81.5083618164, -91.8676528931, 13.4069013596, -4.62082290649, 37.9126815796, -89.9114151001, -32.3732261658, -45.3882026672], [204.639007568, 1652.24462891, -133.133605957, 20.7728252411, -51.9275093079, 33.4826431274, 117.684715271, 130.763793945, 75.911895752, -42.2244415283, 57.1863327026, 30.3055801392, -20.2172775269], [-503.956939697, -133.133605957, 1268.98266602, 371.424346924, 236.441238403, 159.980682373, 96.4905853271, 50.9473457336, 23.3094825745, 92.4702758789, -0.831484913826, 2.03567218781, 46.7530174255], [63.9352760315, 20.7728252411, 371.424346924, 664.616943359, 277.779937744, 137.313903809, 11.1647319794, -24.8818225861, 45.0989608765, 34.8072242737, 0.672828733921, -27.9989681244, 60.3977394104], [-54.7845611572, -51.9275093079, 236.441238403, 277.779937744, 458.834716797, 178.823028564, 7.29310941696, -35.3305778503, -13.5770301819, 46.025604248, 14.5706977844, -9.5487947464, 27.8095378876], [81.5083618164, 33.4826431274, 159.980682373, 137.313903809, 178.823028564, 289.77130127, 167.27243042, 12.2765522003, 23.9831523895, 55.0475158691, 17.1016101837, 7.01313686371, 22.5563907623], [-91.8676528931, 117.684715271, 96.4905853271, 11.1647319794, 7.29310941696, 167.27243042, 366.597686768, 114.869094849, 64.3014831543, 28.2530651093, 8.05443763733, 32.3293380737, 29.1469707489], [13.4069013596, 130.763793945, 50.9473457336, -24.8818225861, -35.3305778503, 12.2765522003, 114.869094849, 200.398712158, 79.6819000244, -4.59754037857, 5.91974163055, 35.2262916565, -3.59144806862], [-4.62082290649, 75.911895752, 23.3094825745, 45.0989608765, -13.5770301819, 23.9831523895, 64.3014831543, 79.6819000244, 164.430130005, 57.5263824463, 13.1610822678, 23.3351993561, 2.95893239975], [37.9126815796, -42.2244415283, 92.4702758789, 34.8072242737, 46.025604248, 55.0475158691, 28.2530651093, -4.59754037857, 57.5263824463, 145.928131104, 53.1606636047, 16.1251716614, 6.75362205505], [-89.9114151001, 57.1863327026, -0.831484913826, 0.672828733921, 14.5706977844, 17.1016101837, 8.05443763733, 5.91974163055, 13.1610822678, 53.1606636047, 103.974967957, 42.0356330872, 5.05579090118], [-32.3732261658, 30.3055801392, 2.03567218781, -27.9989681244, -9.5487947464, 7.01313686371, 32.3293380737, 35.2262916565, 23.3351993561, 16.1251716614, 42.0356330872, 106.204536438, 25.9872760773], [-45.3882026672, -20.2172775269, 46.7530174255, 60.3977394104, 27.8095378876, 22.5563907623, 29.1469707489, -3.59144806862, 2.95893239975, 6.75362205505, 5.05579090118, 25.9872760773, 94.3572769165]],
        "icov": [[0.000111867309897, -1.69786999322e-05, 6.99314623489e-05, -5.85071502428e-05, 5.55720580451e-05, -0.000112256384455, 8.91658492037e-05, -9.59054159466e-05, 9.93607463897e-05, -0.000171848383616, 0.000209705118323, -5.02569055243e-05, 4.40253243141e-05], [-1.69786999322e-05, 0.000697425857652, 7.43460186641e-05, -0.000101593213913, 6.34473690297e-05, -7.96826134319e-05, -0.000126832950627, -0.000279198080534, -0.000253284058999, 0.000528104603291, -0.000654540781397, 0.00010133752221, 0.000175662833499], [6.99314623489e-05, 7.43460186641e-05, 0.0011191793019, -0.000579973624554, -0.000105597333459, -0.000162298150826, -3.68948858522e-05, -0.00064944208134, 0.000610548420809, -0.000916479039006, 0.000571911106817, -0.000163778109709, -1.62223750522e-05], [-5.85071502428e-05, -0.000101593213913, -0.000579973624554, 0.00262181437574, -0.0011563525768, -0.000299480860122, 0.000276462058537, 0.000587262329645, -0.00142111675814, 0.000850879237987, -0.000475911336252, 0.00105786114, -0.00137358822394], [5.55720580451e-05, 6.34473690297e-05, -0.000105597333459, -0.0011563525768, 0.00392905715853, -0.00240951427259, 0.00106404267717, -0.000284186535282, 0.000912453455385, -0.000549255579244, 2.19491957978e-05, -0.000136901944643, -4.14397472923e-05], [-0.000112256384455, -7.96826134319e-05, -0.000162298150826, -0.000299480860122, -0.00240951427259, 0.00744414143264, -0.00363904307596, 0.00121769728139, 7.48278471292e-05, -0.00109983689617, -0.000212884348002, 5.11876642122e-05, 0.00037577652256], [8.91658492037e-05, -0.000126832950627, -3.68948858522e-05, 0.000276462058537, 0.00106404267717, -0.00363904307596, 0.00536892283708, -0.00248130992986, -0.000202472132514, -0.000243741626036, 0.000605188950431, -0.00017857880448, -0.00129899638705], [-9.59054159466e-05, -0.000279198080534, -0.00064944208134, 0.000587262329645, -0.000284186535282, 0.00121769728139, -0.00248130992986, 0.00867857970297, -0.00401375908405, 0.00252359150909, -0.00061230949359, -0.00154779199511, 0.0011337302858], [9.93607463897e-05, -0.000253284058999, 0.000610548420809, -0.00142111675814, 0.000912453455385, 7.48278471292e-05, -0.000202472132514, -0.00401375908405, 0.0104751205072, -0.00538946082816, 0.00228508515283, -0.00132988940459, 0.000524711387698], [-0.000171848383616, 0.000528104603291, -0.000916479039006, 0.000850879237987, -0.000549255579244, -0.00109983689617, -0.000243741626036, 0.00252359150909, -0.00538946082816, 0.0125152235851, -0.00651365378872, 0.00120365002658, -0.000173165812157], [0.000209705118323, -0.000654540781397, 0.000571911106817, -0.000475911336252, 2.19491957978e-05, -0.000212884348002, 0.000605188950431, -0.00061230949359, 0.00228508515283, -0.00651365378872, 0.0154988411814, -0.00573304388672, 0.000959122087806], [-5.02569055243e-05, 0.00010133752221, -0.000163778109709, 0.00105786114, -0.000136901944643, 5.11876642122e-05, -0.00017857880448, -0.00154779199511, -0.00132988940459, 0.00120365002658, -0.00573304388672, 0.0135752502829, -0.00405015377328], [4.40253243141e-05, 0.000175662833499, -1.62223750522e-05, -0.00137358822394, -4.14397472923e-05, 0.00037577652256, -0.00129899638705, 0.0011337302858, 0.000524711387698, -0.000173165812157, 0.000959122087806, -0.00405015377328, 0.0129709104076]]
    },
    "spectral_contrast_coeffs": {
        "mean": [-0.706576108932, -0.762328267097, -0.783587396145, -0.806474626064, -0.800321400166, -0.751729786396],
        "stdev": [0.0891994088888, 0.095267675817, 0.0781089589, 0.0575601458549, 0.048248924315, 0.0448868311942]
    },
    "spectral_contrast_valleys": {
        "mean": [-7.33045291901, -7.44904613495, -8.0590467453, -8.13131332397, -7.66521072388, -9.5109500885],
        "stdev": [1.90477252007, 1.75990378857, 1.74416577816, 1.71122682095, 1.72738301754, 1.63794493675]
    }
},
"rhythm": {
    "beats_count": 533,
    "beats_loudness": {
        "mean": 0.0463196374476,
        "stdev": 0.0307865086943
    },
    "bpm": 94.0252075195,
    "bpm_histogram_first_peak_bpm": 94,
    "bpm_histogram_first_peak_weight": 0.221782147884,
    "bpm_histogram_second_peak_bpm": 120,
    "bpm_histogram_second_peak_spread": 0.5,
    "bpm_histogram_second_peak_weight": 0.00939849577844,
    "danceability": 1.5343028307,
    "onset_rate": 5.56353902817,
    "beats_loudness_band_ratio": {
        "mean": [0.389246881008, 0.163033038378, 0.133322864771, 0.115461423993, 0.0916899368167, 0.14656214416],
        "stdev": [0.353321969509, 0.150357961655, 0.165636271238, 0.145036101341, 0.101301930845, 0.150638729334]
    },
    "beats_position": [0.592108845711, 1.16099774837, 1.72988653183, 2.29877543449, 2.87927436829, 3.47138309479, 4.02866220474, 4.6439909935, 5.25931978226, 5.86303853989, 6.46675729752, 7.07047605515, 7.6858048439, 8.31274318695, 8.93968200684, 9.58984088898, 10.2167797089, 10.8553285599, 11.4938774109, 12.1324262619, 12.7709751129, 13.4095239639, 14.0480718613, 14.6866207123, 15.3251695633, 15.9637184143, 16.602268219, 17.2408161163, 17.8793640137, 18.5179138184, 19.1564617157, 19.7950115204, 20.4335594177, 21.0721092224, 21.7106571198, 22.3492050171, 22.9877548218, 23.6263027191, 24.2648525238, 24.9034004211, 25.5419502258, 26.1804981232, 26.8190479279, 27.4575958252, 28.0961437225, 28.7346935272, 29.3732414246, 30.0117912292, 30.6503391266, 31.2888889313, 31.9274368286, 32.5659866333, 33.204536438, 33.843082428, 34.4816322327, 35.1201820374, 35.7587280273, 36.397277832, 37.0358276367, 37.6743774414, 38.3129234314, 38.9398651123, 39.5784111023, 40.216960907, 40.8555107117, 41.4940567017, 42.1209983826, 42.7595443726, 43.3980941772, 44.0366439819, 44.6751937866, 45.3137397766, 45.9522895813, 46.6024475098, 47.229385376, 47.8679351807, 48.5064849854, 49.1566429138, 49.78358078, 50.4221305847, 51.0606803894, 51.6992263794, 52.3377761841, 52.9763259888, 53.6148757935, 54.2534217834, 54.8919715881, 55.5305213928, 56.1690673828, 56.819229126, 57.457775116, 58.0963249207, 58.7232627869, 59.3502044678, 60.0003623962, 60.6389122009, 61.2774581909, 61.9160079956, 62.5545578003, 63.2047157288, 63.831653595, 64.4818115234, 65.1087493896, 65.7472991943, 66.385848999, 67.0243988037, 67.6629486084, 68.3014984131, 68.9400405884, 69.5785903931, 70.2171401978, 70.8556900024, 71.4942398071, 72.1327896118, 72.7713394165, 73.4098815918, 74.0484313965, 74.6753692627, 75.3023147583, 75.9524688721, 76.6026306152, 77.2411804199, 77.8681182861, 78.5066680908, 79.1568222046, 79.7953720093, 80.433921814, 81.0608596802, 81.7110214233, 82.349571228, 82.9881134033, 83.6150588989, 84.2419967651, 84.8921508789, 85.5190887451, 86.1576385498, 86.7961883545, 87.4347381592, 88.0732879639, 88.7234420776, 89.3503875732, 89.9889297485, 90.6274795532, 91.2776412964, 91.9277954102, 92.5663452148, 93.2048950195, 93.8318328857, 94.458770752, 95.0973205566, 95.7358703613, 96.374420166, 97.0129699707, 97.6515197754, 98.2900695801, 98.9402236938, 99.5671615601, 100.205711365, 100.844261169, 101.482810974, 102.121360779, 102.759910583, 103.398452759, 104.037002563, 104.675552368, 105.314102173, 105.952651978, 106.591201782, 107.229751587, 107.868293762, 108.506843567, 109.145393372, 109.783943176, 110.422492981, 111.061042786, 111.69959259, 112.338134766, 112.97668457, 113.615234375, 114.25378418, 114.892333984, 115.530883789, 116.169433594, 116.807983398, 117.446525574, 118.07346344, 118.712013245, 119.350563049, 119.989112854, 120.627662659, 121.266212463, 121.904762268, 122.543312073, 123.181854248, 123.820404053, 124.458953857, 125.085891724, 125.724441528, 126.362991333, 127.013153076, 127.651695251, 128.290252686, 128.92880249, 129.567337036, 130.205886841, 130.844436646, 131.471374512, 132.109924316, 132.748474121, 133.387023926, 134.02557373, 134.664123535, 135.30267334, 135.941223145, 136.579772949, 137.218322754, 137.856872559, 138.495422363, 139.133972168, 139.784118652, 140.411056519, 141.049606323, 141.688156128, 142.326705933, 142.965255737, 143.61541748, 144.253967285, 144.880905151, 145.519454956, 146.158004761, 146.796554565, 147.43510437, 148.073654175, 148.712203979, 149.350738525, 149.98928833, 150.627838135, 151.266387939, 151.904937744, 152.543487549, 153.182037354, 153.80897522, 154.447525024, 155.086074829, 155.736236572, 156.374786377, 157.013336182, 157.651885986, 158.290420532, 158.928970337, 159.567520142, 160.206069946, 160.844619751, 161.483169556, 162.12171936, 162.748657227, 163.387207031, 164.025756836, 164.664306641, 165.302856445, 165.929794312, 166.579956055, 167.218505859, 167.857055664, 168.48399353, 169.134140015, 169.772689819, 170.411239624, 171.049789429, 171.688339233, 172.326889038, 172.965438843, 173.592376709, 174.230926514, 174.869476318, 175.496414185, 176.146575928, 176.785125732, 177.423675537, 178.073822021, 178.700775146, 179.339309692, 179.977859497, 180.616409302, 181.254959106, 181.893508911, 182.532058716, 183.170608521, 183.809158325, 184.44770813, 185.086257935, 185.724807739, 186.363357544, 186.99029541, 187.640457153, 188.278991699, 188.917541504, 189.556091309, 190.194641113, 190.833190918, 191.471740723, 192.098678589, 192.748840332, 193.387390137, 194.025939941, 194.664489746, 195.303039551, 195.941589355, 196.58013916, 197.207077026, 197.845626831, 198.484161377, 199.13432312, 199.772872925, 200.411422729, 201.038360596, 201.6769104, 202.315460205, 202.95401001, 203.592559814, 204.231109619, 204.869659424, 205.508209229, 206.146759033, 206.785308838, 207.423858643, 208.062393188, 208.700942993, 209.339492798, 209.978042603, 210.616592407, 211.255142212, 211.893692017, 212.532241821, 213.170791626, 213.809341431, 214.447891235, 215.08644104, 215.724990845, 216.363540649, 216.990478516, 217.62902832, 218.267562866, 218.906112671, 219.544662476, 220.18321228, 220.821762085, 221.46031189, 222.098861694, 222.749023438, 223.387573242, 224.026123047, 224.664672852, 225.291610718, 225.930160522, 226.568710327, 227.207244873, 227.845794678, 228.484344482, 229.122894287, 229.761444092, 230.399993896, 231.038543701, 231.677093506, 232.315643311, 232.942581177, 233.581130981, 234.219680786, 234.858230591, 235.496780396, 236.1353302, 236.773880005, 237.424026489, 238.062576294, 238.701126099, 239.339675903, 239.978225708, 240.616775513, 241.255325317, 241.893875122, 242.532424927, 243.170974731, 243.809524536, 244.448074341, 245.086624146, 245.725158691, 246.363708496, 246.990646362, 247.617584229, 248.256134033, 248.894683838, 249.544845581, 250.183395386, 250.82194519, 251.448883057, 252.0990448, 252.737594604, 253.376144409, 254.003082275, 254.653244019, 255.291793823, 255.930328369, 256.568878174, 257.207427979, 257.845977783, 258.484527588, 259.111480713, 259.750030518, 260.388580322, 261.027130127, 261.665649414, 262.304199219, 262.942749023, 263.581298828, 264.219848633, 264.858398438, 265.496948242, 266.147125244, 266.785675049, 267.424224854, 268.062774658, 268.701324463, 269.32824707, 269.966796875, 270.60534668, 271.243896484, 271.882446289, 272.520996094, 273.159545898, 273.798095703, 274.436645508, 275.075195312, 275.713745117, 276.352294922, 277.002441406, 277.640991211, 278.267944336, 278.894866943, 279.545043945, 280.183563232, 280.822113037, 281.460662842, 282.099212646, 282.737762451, 283.376312256, 284.003265381, 284.641815186, 285.29196167, 285.930511475, 286.569061279, 287.207611084, 287.834564209, 288.484710693, 289.123260498, 289.750213623, 290.38873291, 291.027282715, 291.66583252, 292.304382324, 292.942932129, 293.569885254, 294.208435059, 294.846984863, 295.473907471, 296.124084473, 296.774230957, 297.412780762, 298.051330566, 298.678283691, 299.328430176, 299.96697998, 300.605529785, 301.232452393, 301.882629395, 302.521179199, 303.159729004, 303.798278809, 304.436828613, 305.075378418, 305.713928223, 306.352478027, 306.991027832, 307.617950439, 308.256500244, 308.895050049, 309.533599854, 310.172149658, 310.810699463, 311.449249268, 312.087799072, 312.726348877, 313.364898682, 314.003448486, 314.641998291, 315.280548096, 315.907470703, 316.546020508, 317.19619751, 317.834747314, 318.461669922, 319.088623047, 319.57623291, 320.063842773, 320.528259277, 320.992645264, 321.468658447, 321.956268311, 322.443908691, 322.943115234, 323.442352295, 323.941589355, 324.440795898, 324.940032959, 325.42767334, 325.973327637, 326.518981934, 327.111114502, 327.703216553, 328.295318604, 328.933868408, 329.58404541, 330.222564697, 330.861114502, 331.511291504, 332.161437988, 332.81161499, 333.473358154, 334.123535156, 334.762084961, 335.400634766, 336.03918457, 336.677734375, 337.327880859],
    "bpm_histogram": [0, 0, 0, 0, 0, 0, 0, 0, 0, 0, 0, 0, 0, 0, 0, 0, 0, 0, 0, 0, 0, 0, 0, 0, 0, 0, 0, 0, 0, 0, 0, 0, 0, 0, 0, 0, 0, 0, 0, 0, 0, 0, 0, 0, 0, 0, 0, 0, 0, 0, 0, 0, 0, 0, 0, 0, 0, 0, 0, 0, 0, 0, 0, 0, 0, 0, 0, 0, 0, 0, 0, 0, 0, 0, 0, 0, 0, 0, 0, 0, 0, 0, 0, 0, 0, 0, 0, 0, 0, 0, 0, 0.00187969929539, 0.0902255624533, 0, 0.73872178793, 0, 0.112781956792, 0, 0.00563909765333, 0.00563909765333, 0, 0.00751879718155, 0, 0.00187969929539, 0, 0.00563909765333, 0, 0, 0.00187969929539, 0, 0.00375939859077, 0, 0, 0, 0, 0, 0, 0, 0, 0, 0.00939849577844, 0, 0, 0.00939849577844, 0, 0, 0.00187969929539, 0, 0, 0.00375939859077, 0, 0, 0, 0, 0, 0, 0, 0, 0, 0, 0, 0, 0, 0, 0, 0, 0, 0, 0, 0, 0, 0, 0, 0, 0, 0, 0, 0, 0, 0, 0, 0, 0, 0, 0, 0, 0, 0, 0, 0, 0, 0, 0, 0, 0, 0, 0, 0, 0, 0, 0, 0, 0, 0, 0, 0, 0, 0, 0, 0, 0, 0, 0, 0, 0, 0, 0, 0, 0, 0, 0, 0, 0, 0, 0, 0, 0, 0, 0, 0, 0, 0, 0, 0, 0, 0, 0, 0, 0, 0, 0, 0, 0, 0, 0, 0, 0, 0, 0, 0, 0, 0, 0, 0, 0, 0, 0, 0, 0, 0, 0, 0, 0, 0, 0, 0, 0, 0, 0, 0]
},
"tonal": {
    "chords_changes_rate": 0.161653622985,
    "chords_number_rate": 0.00233484408818,
    "chords_strength": {
        "mean": 0.474911689758,
        "stdev": 0.119242839515
    },
    "hpcp_crest": {
        "mean": 10.8546066284,
        "stdev": 5.79980564117
    },
    "hpcp_entropy": {
        "mean": 2.47329235077,
        "stdev": 0.838156163692
    },
    "key_edma": {
        "strength": 0.518719911575,
        "key": "B",
        "scale": "major"
    },
    "key_krumhansl": {
        "strength": 0.510915577412,
        "key": "B",
        "scale": "major"
    },
    "key_temperley": {
        "strength": 0.494133472443,
        "key": "B",
        "scale": "major"
    },
    "tuning_diatonic_strength": 0.497238337994,
    "tuning_equal_tempered_deviation": 0.238145470619,
    "tuning_frequency": 449.504882812,
    "tuning_nontempered_energy_ratio": 0.901924550533,
    "hpcp": {
        "mean": [0.194975376129, 0.161088943481, 0.141241386533, 0.1429143399, 0.136161729693, 0.128575697541, 0.132105618715, 0.155898913741, 0.165429666638, 0.153336927295, 0.133817717433, 0.129357308149, 0.133987680078, 0.137135073543, 0.145912051201, 0.154060006142, 0.146532103419, 0.140005365014, 0.152873396873, 0.162305369973, 0.174343362451, 0.180392146111, 0.151069685817, 0.119250789285, 0.112132899463, 0.1108898893, 0.1131856516, 0.13383975625, 0.223782837391, 0.283129155636, 0.242983654141, 0.203282132745, 0.19171653688, 0.19038516283, 0.180187940598, 0.186591252685],
        "stdev": [0.287393838167, 0.253616780043, 0.238061353564, 0.233098194003, 0.219777271152, 0.215935528278, 0.21639379859, 0.233256429434, 0.242307305336, 0.240375131369, 0.225133359432, 0.218933135271, 0.21858716011, 0.214939072728, 0.221051856875, 0.23370988667, 0.225612446666, 0.21553568542, 0.221870452166, 0.228437170386, 0.237535893917, 0.247239664197, 0.223551750183, 0.193337500095, 0.186231806874, 0.188579648733, 0.191990211606, 0.20725081861, 0.272900223732, 0.319198817015, 0.285327345133, 0.274630814791, 0.267244875431, 0.26924008131, 0.267182320356, 0.275550752878]
    },
    "chords_histogram": [15.2039556503, 4.87570381165, 5.10918807983, 0.370828181505, 0.892734527588, 0.2334844172, 2.11509418488, 6.4414229393, 5.58989143372, 4.31259441376, 0.0961406379938, 0.0412031300366, 0.52190631628, 1.38717210293, 18.0744400024, 5.54868841171, 4.25765705109, 5.91951656342, 3.52973484993, 5.93325090408, 0.68671888113, 3.58467245102, 1.03007829189, 4.24392271042],
    "thpcp": [1, 0.858207821846, 0.717983722687, 0.67713457346, 0.672432184219, 0.636416077614, 0.659032285213, 0.688644647598, 0.568959236145, 0.498858511448, 0.504767298698, 0.480917364359, 0.454123824835, 0.466591358185, 0.550628244877, 0.584290444851, 0.541579425335, 0.472638428211, 0.45688444376, 0.473238736391, 0.484355181456, 0.515355110168, 0.54413330555, 0.517545104027, 0.494492918253, 0.539942264557, 0.573255598545, 0.615773260593, 0.637137293816, 0.533571660519, 0.421188652515, 0.39604857564, 0.391658306122, 0.399766862392, 0.472716271877, 0.790391385555],
    "chords_key": "C",
    "chords_scale": "major"
}
}