{
"metadata": {
    "version": {
        "essentia": "2.1-dev",
        "essentia_git_sha": "v2.1_beta3-415-gd5473f3",
        "extractor": "music 2.0"
    },
    "audio_properties": {
        "analysis": {
            "equal_loudness": 0,
            "length": 242.259597778,
            "sample_rate": 44100,
            "start_time": 0,
            "downmix": "mix"
        },
        "bit_rate": 192000,
        "length": 242.259597778,
        "lossless": 0,
        "number_channels": 2,
        "replay_gain": -6.44769859314,
        "sample_rate": 44100,
        "codec": "mp3",
        "md5_encoded": "3c3b4c6c8c6ba9282bd633edd188a6c1"
    },
    "tags": {
        "file_name": "coolio-Gangsta_s_paradise.mp3",
        "album": ["The All Time Greatest Movie Songs (Disc 1)"],
        "artist": ["Various"],
        "date": ["1999"],
        "genre": ["Soundtrack"],
        "title": ["Coolio & LV \/ Gangsta's Paradise (Dangerous Minds)"]
    }
},
"lowlevel": {
    "average_loudness": 0.958108603954,
    "barkbands_crest": {
        "mean": 10.6812639236,
        "stdev": 4.97577619553
    },
    "barkbands_flatness_db": {
        "mean": 0.129717975855,
        "stdev": 0.0538579747081
    },
    "barkbands_kurtosis": {
        "mean": 6.97213125229,
        "stdev": 13.8881254196
    },
    "barkbands_skewness": {
        "mean": 1.82259762287,
        "stdev": 1.58520030975
    },
    "barkbands_spread": {
        "mean": 25.2151107788,
        "stdev": 18.8406791687
    },
    "dissonance": {
        "mean": 0.451804697514,
        "stdev": 0.0361398644745
    },
    "dynamic_complexity": 3.06314373016,
    "erbbands_crest": {
        "mean": 10.1256370544,
        "stdev": 4.97773170471
    },
    "erbbands_flatness_db": {
        "mean": 0.132989823818,
        "stdev": 0.0499652437866
    },
    "erbbands_kurtosis": {
        "mean": 1.77103459835,
        "stdev": 3.67185401917
    },
    "erbbands_skewness": {
        "mean": 0.791808843613,
        "stdev": 0.906756937504
    },
    "erbbands_spread": {
        "mean": 42.7917060852,
        "stdev": 27.1895523071
    },
    "hfc": {
        "mean": 21.7692642212,
        "stdev": 22.1655387878
    },
    "loudness_ebu128": {
        "integrated": -17.0101165771,
        "loudness_range": 4.16880321503,
        "momentary": {
            "mean": -19.3906497955,
            "stdev": 21.7305374146
        },
        "short_term": {
            "mean": -17.3447246552,
            "stdev": 1.94110929966
        }
    },
    "melbands_crest": {
        "mean": 15.3173294067,
        "stdev": 6.66812419891
    },
    "melbands_flatness_db": {
        "mean": 0.207326576114,
        "stdev": 0.0698708444834
    },
    "melbands_kurtosis": {
        "mean": 24.232919693,
        "stdev": 62.0690765381
    },
    "melbands_skewness": {
        "mean": 2.97065401077,
        "stdev": 2.69815349579
    },
    "melbands_spread": {
        "mean": 22.2448673248,
        "stdev": 19.3730812073
    },
    "pitch_salience": {
        "mean": 0.526095330715,
        "stdev": 0.128944516182
    },
    "silence_rate_20dB": {
        "mean": 1,
        "stdev": 0
    },
    "silence_rate_30dB": {
        "mean": 0.933397233486,
        "stdev": 0.249333918095
    },
    "silence_rate_60dB": {
        "mean": 0.0187829416245,
        "stdev": 0.135753244162
    },
    "spectral_centroid": {
        "mean": 1354.99487305,
        "stdev": 1079.12805176
    },
    "spectral_complexity": {
        "mean": 15.5141353607,
        "stdev": 8.92347812653
    },
    "spectral_decrease": {
        "mean": -8.49143777515e-09,
        "stdev": 1.32388713325e-08
    },
    "spectral_energy": {
        "mean": 0.0340232476592,
        "stdev": 0.0510878749192
    },
    "spectral_energyband_high": {
        "mean": 0.00114042975474,
        "stdev": 0.00170587596949
    },
    "spectral_energyband_low": {
        "mean": 0.0186946764588,
        "stdev": 0.0459391325712
    },
    "spectral_energyband_middle_high": {
        "mean": 0.0045249494724,
        "stdev": 0.0049927579239
    },
    "spectral_energyband_middle_low": {
        "mean": 0.0109454644844,
        "stdev": 0.0139945829287
    },
    "spectral_entropy": {
        "mean": 7.68965244293,
        "stdev": 0.447662949562
    },
    "spectral_flux": {
        "mean": 0.0950186252594,
        "stdev": 0.0853577032685
    },
    "spectral_kurtosis": {
        "mean": 3.38776397705,
        "stdev": 2.25616574287
    },
    "spectral_rms": {
        "mean": 0.00497583253309,
        "stdev": 0.00290418369696
    },
    "spectral_rolloff": {
        "mean": 1600.09509277,
        "stdev": 2505.91625977
    },
    "spectral_skewness": {
        "mean": 1.53672266006,
        "stdev": 0.45053011179
    },
    "spectral_spread": {
        "mean": 6538974,
        "stdev": 3802327.75
    },
    "spectral_strongpeak": {
        "mean": 0.767405569553,
        "stdev": 0.953968703747
    },
    "zerocrossingrate": {
        "mean": 0.0745272561908,
        "stdev": 0.0597535260022
    },
    "barkbands": {
        "mean": [0.000466778699774, 0.0129496464506, 0.00423948327079, 0.00171320617665, 0.00208395835944, 0.00118550879415, 0.00161154998932, 0.00209069438279, 0.00176467839628, 0.00109281227924, 0.0011537396349, 0.00078329606913, 0.000441235490143, 0.000292922311928, 0.000229255398153, 0.000189243073692, 0.000232731399592, 0.00016166374553, 0.000151536078192, 0.000132775821839, 0.000169766150066, 0.000178933652933, 0.000112040863314, 0.000220179164899, 0.000165008459589, 0.000204267824301, 6.23408459433e-06],
        "stdev": [0.000809783407021, 0.0327836126089, 0.0209657158703, 0.00561614800245, 0.00352021330036, 0.00210704980418, 0.00397462304682, 0.00493967486545, 0.00395696377382, 0.00253254384734, 0.00181061262265, 0.00123857881408, 0.00107921415474, 0.000602203188464, 0.000495745858643, 0.000319667393342, 0.000414975074818, 0.000234428938711, 0.000201747505344, 0.000196711785975, 0.000242950743996, 0.000277240265859, 0.000260236731265, 0.000407029670896, 0.000355916505214, 0.000325494416757, 2.46146282734e-05]
    },
    "erbbands": {
        "mean": [0.45403984189, 2.57868671417, 4.92247200012, 5.7694311142, 5.85816383362, 7.20275974274, 8.30466175079, 9.62100696564, 19.6946163177, 36.1181564331, 43.3844833374, 36.6632499695, 43.5920295715, 27.0276565552, 54.5080909729, 30.6307048798, 21.9190216064, 16.0924797058, 11.6757173538, 12.9929246902, 9.70485115051, 13.6491527557, 9.54539108276, 8.31525993347, 6.68398427963, 6.41002941132, 6.21127796173, 7.4292345047, 6.43289279938, 4.30882692337, 3.31601500511, 3.23234272003, 4.61724948883, 2.06989789009, 1.11886310577, 0.61907440424, 0.516359627247, 0.054678119719, 0.00138466816861, 8.41643559397e-05],
        "stdev": [1.03855097294, 7.44774341583, 21.9370155334, 22.0111656189, 12.9025163651, 12.6425428391, 13.3764896393, 19.2389564514, 50.638671875, 84.0262527466, 98.3126373291, 80.9005203247, 96.1361618042, 63.5211791992, 82.7441101074, 47.7924804688, 51.4014854431, 30.4298744202, 25.1475925446, 26.0514068604, 15.6614675522, 25.665927887, 14.3842010498, 10.1790084839, 9.62684822083, 9.26830101013, 9.54631137848, 10.5440483093, 10.0685148239, 7.80300188065, 7.79328632355, 6.88557720184, 8.52184104919, 4.4201593399, 2.41972136497, 1.1938341856, 0.823813438416, 0.095843039453, 0.00462803244591, 0.000136241564178]
    },
    "gfcc": {
        "mean": [0.440751701593, 71.0528259277, -87.5210266113, 24.561580658, -62.3353614807, 20.7867736816, -27.5326251984, 20.3660449982, -25.539182663, 7.90936994553, -18.0300579071, 9.62131595612, -12.9143505096],
        "cov": [[15744.9521484, 369.133605957, -721.66583252, 181.340942383, -339.989440918, 503.353607178, -366.156402588, 344.992156982, -214.438232422, 282.100067139, -334.016448975, 128.535919189, -231.812179565], [369.133605957, 1123.15100098, -266.633758545, 30.6624736786, 18.2026004791, -6.53954029083, 113.767349243, -13.4631490707, 57.004535675, -82.299659729, 53.8563346863, -5.98790979385, 30.4301586151], [-721.66583252, -266.633758545, 1455.73168945, 452.430664062, 340.14074707, 94.2121658325, -79.406036377, 44.3077888489, 114.228294373, 136.150146484, -16.5858192444, 14.285533905, 17.0307617188], [181.340942383, 30.6624736786, 452.430664062, 608.309692383, 201.466888428, 39.3033638, -97.7604370117, -15.3194150925, 87.1588973999, 70.5642852783, -27.4691162109, -19.8764953613, 69.9568481445], [-339.989440918, 18.2026004791, 340.14074707, 201.466888428, 361.640258789, 78.6735992432, -30.1836338043, 15.7068967819, 118.23033905, 73.2889480591, -16.5857696533, 7.02204799652, 17.5913410187], [503.353607178, -6.53954029083, 94.2121658325, 39.3033638, 78.6735992432, 212.917510986, 62.3070144653, 33.7801361084, 1.67024683952, 33.5389022827, -3.24300885201, 14.2670507431, 13.0655384064], [-366.156402588, 113.767349243, -79.406036377, -97.7604370117, -30.1836338043, 62.3070144653, 223.351882935, 48.6030845642, -47.6851234436, -48.3940544128, 35.5705795288, 15.9350814819, 14.3682937622], [344.992156982, -13.4631490707, 44.3077888489, -15.3194150925, 15.7068967819, 33.7801361084, 48.6030845642, 119.885910034, 30.8296833038, 15.6078681946, 1.66118443012, 21.4356784821, -0.630458474159], [-214.438232422, 57.004535675, 114.228294373, 87.1588973999, 118.23033905, 1.67024683952, -47.6851234436, 30.8296833038, 186.270080566, 75.5326461792, -11.353064537, -3.17226481438, 4.13639211655], [282.100067139, -82.299659729, 136.150146484, 70.5642852783, 73.2889480591, 33.5389022827, -48.3940544128, 15.6078681946, 75.5326461792, 120.079879761, 5.6268248558, -1.56014335155, -12.0420970917], [-334.016448975, 53.8563346863, -16.5858192444, -27.4691162109, -16.5857696533, -3.24300885201, 35.5705795288, 1.66118443012, -11.353064537, 5.6268248558, 88.9727783203, 24.648519516, 3.49076557159], [128.535919189, -5.98790979385, 14.285533905, -19.8764953613, 7.02204799652, 14.2670507431, 15.9350814819, 21.4356784821, -3.17226481438, -1.56014335155, 24.648519516, 89.5892181396, 33.1102371216], [-231.812179565, 30.4301586151, 17.0307617188, 69.9568481445, 17.5913410187, 13.0655384064, 14.3682937622, -0.630458474159, 4.13639211655, -12.0420970917, 3.49076557159, 33.1102371216, 99.8684844971]],
        "icov": [[0.000206887358218, -0.000290758151095, 0.000176414541784, -0.000239736080403, 0.000328509107931, -0.000535499420948, 0.000636556942482, -0.000839072919916, 0.000854492420331, -0.000958214281127, 0.00107561983168, -0.000789846817497, 0.000695312628523], [-0.000290758151095, 0.00162554194685, 2.62495686911e-05, -2.72269221568e-06, -0.000592912256252, 0.000667062064167, -0.0014716386795, 0.00153548002709, -0.00227523618378, 0.00262413290329, -0.00237945932895, 0.00129709939938, -0.000870400399435], [0.000176414541784, 2.62495686911e-05, 0.00128179555759, -0.000899848644622, -0.000399036536692, -0.000461603398435, 0.000449243962066, -0.000994681729935, 0.000822076923214, -0.00110316788778, 0.000756611931138, -0.000959464698099, 0.000997588504106], [-0.000239736080403, -2.72269221568e-06, -0.000899848644622, 0.00326420320198, -0.00108422816265, 0.000452131556813, 0.000367699045455, 0.00101317395456, -0.000777601730078, 0.000457669229945, -0.0010753624374, 0.00240337895229, -0.00327523495071], [0.000328509107931, -0.000592912256252, -0.000399036536692, -0.00108422816265, 0.0054137869738, -0.00219408934936, 0.00079236831516, -0.000598206883296, -0.00102782063186, -0.00172878650483, 0.00227540824562, -0.00196813233197, 0.00139347894583], [-0.000535499420948, 0.000667062064167, -0.000461603398435, 0.000452131556813, -0.00219408934936, 0.00797516759485, -0.00400839280337, 0.0014620461734, -0.00046389939962, -0.000576656020712, -0.0012222804362, 0.00138259143569, -0.0022211833857], [0.000636556942482, -0.0014716386795, 0.000449243962066, 0.000367699045455, 0.00079236831516, -0.00400839280337, 0.00981542654335, -0.00584973813966, 0.00385282048956, -0.000268435716862, 0.000423817429692, -0.000997281284072, 0.000651409907732], [-0.000839072919916, 0.00153548002709, -0.000994681729935, 0.00101317395456, -0.000598206883296, 0.0014620461734, -0.00584973813966, 0.0146627472714, -0.00630613369867, 0.00321439793333, -0.00295513099991, 0.000208202080103, -0.00142427161336], [0.000854492420331, -0.00227523618378, 0.000822076923214, -0.000777601730078, -0.00102782063186, -0.00046389939962, 0.00385282048956, -0.00630613369867, 0.0138315688819, -0.00975946057588, 0.00590966176242, -0.00261580152437, 0.0016398220323], [-0.000958214281127, 0.00262413290329, -0.00110316788778, 0.000457669229945, -0.00172878650483, -0.000576656020712, -0.000268435716862, 0.00321439793333, -0.00975946057588, 0.0205845274031, -0.00922677665949, 0.00422054994851, -0.000907827925403], [0.00107561983168, -0.00237945932895, 0.000756611931138, -0.0010753624374, 0.00227540824562, -0.0012222804362, 0.000423817429692, -0.00295513099991, 0.00590966176242, -0.00922677665949, 0.0203282032162, -0.00854328554124, 0.00429001031443], [-0.000789846817497, 0.00129709939938, -0.000959464698099, 0.00240337895229, -0.00196813233197, 0.00138259143569, -0.000997281284072, 0.000208202080103, -0.00261580152437, 0.00422054994851, -0.00854328554124, 0.018682455644, -0.00871601141989], [0.000695312628523, -0.000870400399435, 0.000997588504106, -0.00327523495071, 0.00139347894583, -0.0022211833857, 0.000651409907732, -0.00142427161336, 0.0016398220323, -0.000907827925403, 0.00429001031443, -0.00871601141989, 0.0165212545544]]
    },
    "melbands": {
        "mean": [0.00378198409453, 0.00288885016926, 0.00100950873457, 0.000473886611871, 0.000297382182907, 0.000230298202951, 0.000303968699882, 0.000416543101892, 0.000349914218532, 0.000233137427131, 0.000215866646613, 0.000102524383692, 0.000170165541931, 0.000105116982013, 6.78793367115e-05, 3.743909474e-05, 2.94849924103e-05, 1.88739941223e-05, 1.7271764591e-05, 1.64754219441e-05, 1.00350671346e-05, 1.45948442878e-05, 1.08217536763e-05, 7.21014293958e-06, 6.71452198731e-06, 5.31764044354e-06, 3.80067922379e-06, 4.54341670775e-06, 3.77169499188e-06, 3.81688278139e-06, 4.6370646487e-06, 3.69113467968e-06, 3.16861382998e-06, 2.0119778128e-06, 1.74419892573e-06, 2.09369068216e-06, 1.84391251423e-06, 3.26718986798e-06, 2.45991850534e-06, 1.59517662723e-06],
        "stdev": [0.00908323377371, 0.0101321367547, 0.0036264040973, 0.000875954632647, 0.000444543227786, 0.000449816492619, 0.000762175186537, 0.000971776491497, 0.000796698324848, 0.000527988187969, 0.00048603900359, 0.000274549442111, 0.000256332627032, 0.000163040327607, 0.000129868625663, 9.32890034164e-05, 5.936593152e-05, 4.41741176473e-05, 3.72691174562e-05, 2.8926453524e-05, 1.75409750227e-05, 3.0024750231e-05, 1.81532068382e-05, 9.82804522209e-06, 8.72444434208e-06, 8.09494122223e-06, 6.08580921835e-06, 6.82836025589e-06, 6.09968856224e-06, 5.84382905799e-06, 6.72906435284e-06, 5.91869866184e-06, 5.40843120689e-06, 4.09483618569e-06, 4.35217862105e-06, 4.89627700517e-06, 3.97364647142e-06, 6.01490683039e-06, 4.88189834869e-06, 3.59625460078e-06]
    },
    "melbands128": {
        "mean": [0.000454307417385, 0.00368116749451, 0.00529980519786, 0.00383412931114, 0.00272333668545, 0.00194509106223, 0.0012209668057, 0.000744044256862, 0.000562347471714, 0.000503221992403, 0.000394249596866, 0.000326260633301, 0.000289474497549, 0.000261693581706, 0.000171385123394, 0.000239226705162, 0.000344376487192, 0.000287394039333, 0.000286390975816, 0.00042847628356, 0.00051664095372, 0.000351060385583, 0.000370309426216, 0.00031756827957, 0.00018653619918, 0.00022712914506, 0.000268579955446, 0.000237329688389, 0.000157810107339, 9.78428288363e-05, 8.44413516461e-05, 9.97925235424e-05, 0.000170999875991, 0.00026331198751, 0.000111015586299, 6.42391751171e-05, 7.80871196184e-05, 7.55397704779e-05, 5.79184015805e-05, 4.46765188826e-05, 3.22856212733e-05, 2.80001422652e-05, 2.96402340609e-05, 3.31842784362e-05, 2.05359501706e-05, 1.57658760145e-05, 1.6744252207e-05, 1.64774701261e-05, 1.82676703844e-05, 1.83842712431e-05, 1.82286476047e-05, 1.28727679112e-05, 8.58595376485e-06, 9.15425425774e-06, 1.16526971397e-05, 1.70449056895e-05, 1.56451660587e-05, 1.12931984404e-05, 9.95097798295e-06, 7.81784456194e-06, 7.22279628462e-06, 5.90442141402e-06, 7.92314403952e-06, 6.74901593811e-06, 5.34064565727e-06, 5.43132773601e-06, 5.2908339967e-06, 4.33608920503e-06, 3.16203136208e-06, 3.51227686224e-06, 3.98440897698e-06, 6.26520431979e-06, 3.62983996638e-06, 3.01174964079e-06, 4.08176492783e-06, 3.96746281695e-06, 3.47436593984e-06, 4.15985368818e-06, 5.32523927177e-06, 4.59242437501e-06, 3.4719305404e-06, 3.40285464517e-06, 3.84500390282e-06, 2.78227071249e-06, 3.34195033247e-06, 1.99243550014e-06, 1.67231587511e-06, 1.67454390976e-06, 1.4375561932e-06, 2.16326361624e-06, 2.04720276997e-06, 2.30463592743e-06, 1.7999082047e-06, 1.70867713223e-06, 2.0965294425e-06, 1.4996369373e-06, 4.55285044154e-06, 4.44800252808e-06, 2.10659732147e-06, 1.67949031038e-06, 1.54296128585e-06, 1.56254611738e-06, 1.64394896274e-06, 1.68379074239e-06, 1.04543778434e-06, 1.09251959657e-06, 1.0782815707e-06, 1.0603755527e-06, 1.14516547001e-06, 8.74144916452e-07, 6.84023518716e-07, 2.02273986361e-06, 2.86388922177e-06, 9.60530883276e-07, 1.19608625937e-06, 4.01318459353e-07, 1.8582153416e-07, 5.22938670144e-08, 2.2648523057e-08, 1.07195141652e-08, 7.33839122802e-09, 3.01392688584e-09, 1.03629826942e-09, 3.42937428455e-10, 3.13186525325e-11, 5.05326076122e-12, 4.88635217358e-12, 4.84810585774e-12],
        "stdev": [0.000800318724941, 0.00819285120815, 0.014198009856, 0.0125729758292, 0.0119431875646, 0.00962318945676, 0.00479735294357, 0.00233920058236, 0.00128341035452, 0.00111185899004, 0.00086656305939, 0.000596907571889, 0.000545681628864, 0.000601239211392, 0.000440019735834, 0.00063907483127, 0.00103258807212, 0.000935279007535, 0.00105768395588, 0.00120136560872, 0.00149900198448, 0.00117188994773, 0.00107006449252, 0.00111374969129, 0.00064926239429, 0.000715813192073, 0.000957868585829, 0.000603103486355, 0.00054028473096, 0.00040545113734, 0.000347025634255, 0.000264789850917, 0.000328712339979, 0.00052684295224, 0.000236489344388, 0.00018538061704, 0.000175121094799, 0.000174868720933, 0.0002032546181, 0.00016489274276, 0.000110730492452, 8.64185785758e-05, 7.63653515605e-05, 8.61498920131e-05, 6.27719709883e-05, 5.18742563145e-05, 5.03718729306e-05, 4.04163038183e-05, 4.83373623865e-05, 5.34030368726e-05, 3.58753313776e-05, 2.58972886513e-05, 2.28638127737e-05, 2.12414706766e-05, 2.62176454271e-05, 5.17095140822e-05, 3.83059159503e-05, 2.46174367931e-05, 2.39440105361e-05, 1.78407753992e-05, 1.21663688333e-05, 9.50854246184e-06, 1.12189090942e-05, 1.20912945931e-05, 1.02057874756e-05, 1.0840773939e-05, 9.32299371925e-06, 7.83150699135e-06, 6.56045676806e-06, 6.62791717332e-06, 6.96018287272e-06, 1.11502031359e-05, 6.84353472025e-06, 6.37732364339e-06, 7.12940118319e-06, 6.89308626534e-06, 6.14770624452e-06, 7.04321928424e-06, 8.35855007608e-06, 7.75667740527e-06, 6.54873520034e-06, 6.27338386039e-06, 6.91629111316e-06, 5.84187364439e-06, 5.80457117394e-06, 4.16059947383e-06, 4.55042254544e-06, 3.95744018533e-06, 4.54444989373e-06, 5.57457906325e-06, 5.00651503899e-06, 5.73595707465e-06, 4.64371532871e-06, 4.25600410381e-06, 4.1406665332e-06, 3.82639200325e-06, 8.80013340065e-06, 8.35247192299e-06, 4.81013466924e-06, 3.93992650061e-06, 3.65892333321e-06, 3.72891531697e-06, 3.927371381e-06, 4.00679709855e-06, 2.51056872003e-06, 2.46967078965e-06, 2.40694248532e-06, 2.20913966587e-06, 2.37341896536e-06, 1.91216645362e-06, 1.51219376221e-06, 3.24364486914e-06, 4.87036959385e-06, 1.70905650521e-06, 2.69496990768e-06, 7.44370481698e-07, 4.29030933446e-07, 3.16977434522e-07, 2.38845871081e-07, 1.59532376642e-07, 1.31460367925e-07, 5.20866727527e-08, 2.36086670213e-08, 1.08940394483e-08, 1.33890187826e-09, 1.49970279251e-11, 1.00259132593e-11, 9.9633972947e-12]
    },
    "mfcc": {
        "mean": [-649.575805664, 110.276496887, 24.3291110992, 14.9376029968, -3.29413080215, 1.95321321487, 7.42994356155, 9.83232307434, 7.47115182877, -2.87017631531, 3.46875858307, 5.40734195709, 0.305442601442],
        "cov": [[6457.74267578, 331.473297119, -288.211761475, -192.479309082, 140.681350708, 145.291687012, 72.09765625, 28.0091342926, 160.348602295, 79.1188659668, 96.8498306274, 61.7680130005, -17.1765880585], [331.473297119, 964.126586914, -124.720436096, -35.7849464417, -74.4596481323, -5.35789823532, 37.2429428101, 113.150161743, 17.9824485779, -48.2806930542, 65.6698074341, 49.9491577148, -6.23255681992], [-288.211761475, -124.720436096, 949.351928711, 348.012878418, 325.823730469, 137.277542114, 46.9210739136, -21.1640872955, 66.2822647095, 87.1098175049, -30.5854625702, 30.3990497589, 98.8971786499], [-192.479309082, -35.7849464417, 348.012878418, 485.937225342, 289.178924561, 97.2887191772, -42.8648834229, -42.8488769531, 62.844997406, 55.9511642456, -15.5903205872, -9.93368148804, 41.75207901], [140.681350708, -74.4596481323, 325.823730469, 289.178924561, 501.994689941, 177.814453125, -85.1810455322, -55.9619636536, 91.889289856, 104.599784851, 37.2107429504, 18.8063011169, 49.4684524536], [145.291687012, -5.35789823532, 137.277542114, 97.2887191772, 177.814453125, 213.105743408, 29.1891174316, -8.36954021454, 55.8163108826, 45.2901268005, 24.1642951965, 7.59383630753, 20.6519260406], [72.09765625, 37.2429428101, 46.9210739136, -42.8648834229, -85.1810455322, 29.1891174316, 228.819030762, 77.3306045532, 0.0255676638335, -20.0919551849, -22.0156764984, 16.8168392181, -2.34887933731], [28.0091342926, 113.150161743, -21.1640872955, -42.8488769531, -55.9619636536, -8.36954021454, 77.3306045532, 143.28565979, 37.4828987122, -27.0402297974, 6.4221534729, 16.0973930359, 5.48898410797], [160.348602295, 17.9824485779, 66.2822647095, 62.844997406, 91.889289856, 55.8163108826, 0.0255676638335, 37.4828987122, 134.926315308, 42.8050880432, 5.03057384491, 12.527220726, 12.6234931946], [79.1188659668, -48.2806930542, 87.1098175049, 55.9511642456, 104.599784851, 45.2901268005, -20.0919551849, -27.0402297974, 42.8050880432, 121.038909912, 42.3231506348, -4.19318675995, 7.59927511215], [96.8498306274, 65.6698074341, -30.5854625702, -15.5903205872, 37.2107429504, 24.1642951965, -22.0156764984, 6.4221534729, 5.03057384491, 42.3231506348, 130.596511841, 46.7385787964, -18.0156269073], [61.7680130005, 49.9491577148, 30.3990497589, -9.93368148804, 18.8063011169, 7.59383630753, 16.8168392181, 16.0973930359, 12.527220726, -4.19318675995, 46.7385787964, 93.5562286377, 16.8364276886], [-17.1765880585, -6.23255681992, 98.8971786499, 41.75207901, 49.4684524536, 20.6519260406, -2.34887933731, 5.48898410797, 12.6234931946, 7.59927511215, -18.0156269073, 16.8364276886, 101.179138184]],
        "icov": [[0.000175843757461, -6.14733507973e-05, 7.63525022194e-05, 0.000122500976431, -0.00012192059512, -2.97943461192e-05, -0.000131245789817, 0.000139471783768, -0.000222648304771, -3.60450103472e-05, -2.92726235784e-05, -2.30498953897e-05, -1.49293082359e-05], [-6.14733507973e-05, 0.00125772459432, 0.000108433654532, -0.00025157869095, 0.000204730662517, -0.000131505410536, 0.000142972494359, -0.000906044209842, 3.7416084524e-05, 0.000477811991004, -0.000633818213828, -0.000247836287599, -6.80871016812e-05], [7.63525022194e-05, 0.000108433654532, 0.00185760506429, -0.000809499877505, -0.000661719066557, -9.1422436526e-05, -0.000736785237677, -6.72764872434e-05, 0.000253678881563, -0.000825028750114, 0.000741794880014, -0.000804283074103, -0.000837059051264], [0.000122500976431, -0.00025157869095, -0.000809499877505, 0.00380376726389, -0.00174425099976, 0.000260406523012, -6.7542961915e-05, 0.000762062962167, -0.000860886881128, 0.000476862420328, 0.000223222188652, 0.000967873784248, -6.60840523778e-05], [-0.00012192059512, 0.000204730662517, -0.000661719066557, -0.00174425099976, 0.00539359916002, -0.00290468730964, 0.0020985645242, 6.57155542285e-05, -0.000621842045803, -0.00150852673687, -0.000164862765814, -0.00108421186451, -0.000298572558677], [-2.97943461192e-05, -0.000131505410536, -9.1422436526e-05, 0.000260406523012, -0.00290468730964, 0.00819731969386, -0.00290452339686, 0.00177324272227, -0.00223649665713, 0.000954732415266, -0.00220010685734, 0.00189465656877, -0.000947592954617], [-0.000131245789817, 0.000142972494359, -0.000736785237677, -6.7542961915e-05, 0.0020985645242, -0.00290452339686, 0.00747865717858, -0.00433665001765, 0.00201894529164, -0.00164379284251, 0.00284629827365, -0.00258082291111, 0.00151809421368], [0.000139471783768, -0.000906044209842, -6.72764872434e-05, 0.000762062962167, 6.57155542285e-05, 0.00177324272227, -0.00433665001765, 0.0126408776268, -0.00580289773643, 0.00402039149776, -0.00329800718464, 0.001896108035, -0.00194207741879], [-0.000222648304771, 3.7416084524e-05, 0.000253678881563, -0.000860886881128, -0.000621842045803, -0.00223649665713, 0.00201894529164, -0.00580289773643, 0.0125866606832, -0.00517744245008, 0.00380396959372, -0.00314071774483, 0.00121245253831], [-3.60450103472e-05, 0.000477811991004, -0.000825028750114, 0.000476862420328, -0.00150852673687, 0.000954732415266, -0.00164379284251, 0.00402039149776, -0.00517744245008, 0.015146503225, -0.00743093946949, 0.00532183190808, -0.00178098317701], [-2.92726235784e-05, -0.000633818213828, 0.000741794880014, 0.000223222188652, -0.000164862765814, -0.00220010685734, 0.00284629827365, -0.00329800718464, 0.00380396959372, -0.00743093946949, 0.0152931464836, -0.00882845092565, 0.00418911781162], [-2.30498953897e-05, -0.000247836287599, -0.000804283074103, 0.000967873784248, -0.00108421186451, 0.00189465656877, -0.00258082291111, 0.001896108035, -0.00314071774483, 0.00532183190808, -0.00882845092565, 0.0172087587416, -0.00409524235874], [-1.49293082359e-05, -6.80871016812e-05, -0.000837059051264, -6.60840523778e-05, -0.000298572558677, -0.000947592954617, 0.00151809421368, -0.00194207741879, 0.00121245253831, -0.00178098317701, 0.00418911781162, -0.00409524235874, 0.0126120280474]]
    },
    "spectral_contrast_coeffs": {
        "mean": [-0.767417550087, -0.752241432667, -0.739120006561, -0.784756660461, -0.785964071751, -0.7705706954],
        "stdev": [0.0764457657933, 0.0770434066653, 0.0711726993322, 0.0531510412693, 0.0455057248473, 0.0468684919178]
    },
    "spectral_contrast_valleys": {
        "mean": [-6.66375923157, -6.86653614044, -7.59076786041, -8.32390594482, -8.03905010223, -10.0580234528],
        "stdev": [2.1832447052, 2.02644777298, 2.05888295174, 1.97456800938, 1.93420660496, 1.84254801273]
    }
},
"rhythm": {
    "beats_count": 647,
    "beats_loudness": {
        "mean": 0.0860401466489,
        "stdev": 0.0922679528594
    },
    "bpm": 161.56199646,
    "bpm_histogram_first_peak_bpm": 161,
    "bpm_histogram_first_peak_weight": 0.32072365284,
    "bpm_histogram_second_peak_bpm": 172,
    "bpm_histogram_second_peak_spread": 0,
    "bpm_histogram_second_peak_weight": 0.0294117648154,
    "danceability": 1.6765434742,
    "onset_rate": 4.25958681107,
    "beats_loudness_band_ratio": {
        "mean": [0.499511808157, 0.0943274199963, 0.188769385219, 0.120488882065, 0.03493366763, 0.0894173160195],
        "stdev": [0.325704395771, 0.102326609194, 0.187736228108, 0.163879752159, 0.0408663414419, 0.0939751714468]
    },
    "beats_position": [0.336689323187, 0.708208620548, 1.07972788811, 1.45124709606, 1.83437633514, 2.20589566231, 2.57741498947, 2.94893407822, 3.32045340538, 3.70358276367, 4.08671188354, 4.45823097229, 4.82975053787, 5.20126962662, 5.5727891922, 5.95591831207, 6.32743740082, 6.71056699753, 7.08208608627, 7.45360517502, 7.8251247406, 8.20825386047, 8.59138298035, 8.96290206909, 9.33442115784, 9.70594120026, 10.077460289, 10.4489793777, 10.8321084976, 11.2152376175, 11.5867567062, 11.9582767487, 12.3297958374, 12.7013149261, 13.0728340149, 13.4443531036, 13.8274831772, 14.2106122971, 14.5821313858, 14.9536504745, 15.3251695633, 15.696688652, 16.0798187256, 16.4629478455, 16.8344669342, 17.2059860229, 17.5775051117, 17.9490242004, 18.3321533203, 18.7152824402, 19.0868015289, 19.458322525, 19.8298416138, 20.2013607025, 20.5844898224, 20.9676189423, 21.339138031, 21.7106571198, 22.0937862396, 22.4653053284, 22.8484344482, 23.219953537, 23.5914726257, 23.9629936218, 24.3345127106, 24.7060317993, 25.0775508881, 25.4606800079, 25.8438091278, 26.2153282166, 26.5868473053, 26.958366394, 27.3298854828, 27.7130146027, 28.0961437225, 28.4676647186, 28.8391838074, 29.2107028961, 29.5822219849, 29.9653511047, 30.3368701935, 30.7199993134, 31.0915184021, 31.4630374908, 31.8345565796, 32.2176856995, 32.5892066956, 32.9723358154, 33.3438529968, 33.7153739929, 34.0868911743, 34.4700202942, 34.8531494141, 35.2246704102, 35.5961914062, 35.9677085876, 36.3392295837, 36.7107467651, 37.0822677612, 37.4653968811, 37.848526001, 38.2200431824, 38.5915641785, 38.9630813599, 39.334602356, 39.7061233521, 40.0892524719, 40.4723815918, 40.8438987732, 41.2154197693, 41.5869369507, 41.9700660706, 42.3531951904, 42.7247161865, 43.0962333679, 43.467754364, 43.8392753601, 44.22240448, 44.6055335999, 44.9770507812, 45.3485717773, 45.7317008972, 46.1148300171, 46.4863471985, 46.8578681946, 47.229385376, 47.6009063721, 47.9724235535, 48.3439445496, 48.7270736694, 49.1102027893, 49.4817237854, 49.8532409668, 50.2247619629, 50.5962791443, 50.9794082642, 51.362537384, 51.7340583801, 52.1055755615, 52.4770965576, 52.8486175537, 53.2201347351, 53.5916557312, 53.9747848511, 54.3579139709, 54.7294311523, 55.1009521484, 55.4724693298, 55.8439903259, 56.2271194458, 56.6102485657, 56.9817695618, 57.3532867432, 57.7248077393, 58.0963249207, 58.4678459167, 58.8509750366, 59.2341041565, 59.6056213379, 59.977142334, 60.3486595154, 60.7317886353, 61.1149177551, 61.4864387512, 61.8579597473, 62.2294769287, 62.6009979248, 62.9841270447, 63.3672561646, 63.7387733459, 64.1102905273, 64.4818115234, 64.8533325195, 65.2248535156, 65.5963668823, 65.9794998169, 66.3626327515, 66.7341461182, 67.1056671143, 67.4771881104, 67.8487091064, 68.2318344116, 68.6149673462, 68.9864807129, 69.358001709, 69.7295227051, 70.1010437012, 70.4841690063, 70.8673019409, 71.238822937, 71.6103363037, 71.9818572998, 72.3533782959, 72.724899292, 73.1080245972, 73.4795455933, 73.8626708984, 74.2341918945, 74.6057128906, 74.9888458252, 75.3719711304, 75.7434921265, 76.1150131226, 76.4981384277, 76.8812713623, 77.252784729, 77.6243057251, 77.9958267212, 78.3673477173, 78.738861084, 79.1103820801, 79.4935150146, 79.8766403198, 80.2481613159, 80.619682312, 80.9912033081, 81.3627166748, 81.7458496094, 82.1289749146, 82.5004959106, 82.8720169067, 83.2435379028, 83.6150588989, 83.9981842041, 84.3813171387, 84.7528305054, 85.1243515015, 85.4958724976, 85.8673934937, 86.2389068604, 86.6104278564, 86.993560791, 87.3650741577, 87.7482070923, 88.1197280884, 88.4912490845, 88.8627624512, 89.2342834473, 89.6174163818, 90.000541687, 90.3720626831, 90.7435836792, 91.1150970459, 91.4982299805, 91.8697509766, 92.2528762817, 92.6243972778, 92.9959182739, 93.36743927, 93.7389526367, 94.1220855713, 94.5052108765, 94.8767318726, 95.2482528687, 95.6197738647, 96.0028991699, 96.3860321045, 96.7575454712, 97.1290664673, 97.5005874634, 97.8721084595, 98.2436294556, 98.6267547607, 99.0098876953, 99.381401062, 99.7529220581, 100.124443054, 100.507568359, 100.879089355, 101.250610352, 101.610519409, 101.993652344, 102.376777649, 102.748298645, 103.13142395, 103.514556885, 103.886077881, 104.257591248, 104.629112244, 105.012245178, 105.395370483, 105.766891479, 106.138412476, 106.509933472, 106.881446838, 107.252967834, 107.624488831, 108.007614136, 108.379135132, 108.762268066, 109.133781433, 109.505302429, 109.876823425, 110.25995636, 110.643081665, 111.014602661, 111.386123657, 111.757637024, 112.12915802, 112.500679016, 112.872200012, 113.255325317, 113.638458252, 114.009971619, 114.381492615, 114.764625549, 115.147750854, 115.519271851, 115.890792847, 116.262313843, 116.633827209, 117.005348206, 117.376869202, 117.759994507, 118.143127441, 118.514648438, 118.886169434, 119.2576828, 119.629203796, 120.012336731, 120.395462036, 120.766983032, 121.138504028, 121.510017395, 121.881538391, 122.253059387, 122.636184692, 123.019317627, 123.390838623, 123.762359619, 124.133872986, 124.51700592, 124.900131226, 125.271652222, 125.643173218, 126.014694214, 126.386207581, 126.769340515, 127.140861511, 127.523986816, 127.895507812, 128.267028809, 128.638549805, 129.021682739, 129.393188477, 129.776321411, 130.147842407, 130.519363403, 130.890884399, 131.262405396, 131.633926392, 132.017044067, 132.400177002, 132.771697998, 133.143218994, 133.51473999, 133.886260986, 134.269378662, 134.652511597, 135.024032593, 135.395553589, 135.767074585, 136.138595581, 136.521713257, 136.904846191, 137.276367188, 137.647888184, 138.01940918, 138.390930176, 138.77406311, 139.157180786, 139.528701782, 139.900222778, 140.271743774, 140.643264771, 141.026397705, 141.409515381, 141.781036377, 142.152557373, 142.524078369, 142.895599365, 143.267120361, 143.638641357, 144.021759033, 144.404891968, 144.776412964, 145.14793396, 145.519454956, 145.902587891, 146.285705566, 146.657226562, 147.028747559, 147.400268555, 147.771789551, 148.143310547, 148.526443481, 148.909561157, 149.281082153, 149.652603149, 150.035736084, 150.418869019, 150.790390015, 151.161895752, 151.533416748, 151.904937744, 152.27645874, 152.659591675, 153.042724609, 153.414230347, 153.785751343, 154.157272339, 154.528793335, 154.900314331, 155.271835327, 155.654968262, 156.038085938, 156.409606934, 156.78112793, 157.152648926, 157.53578186, 157.918914795, 158.290420532, 158.661941528, 159.033462524, 159.404983521, 159.788116455, 160.159637451, 160.542770386, 160.914276123, 161.285797119, 161.657318115, 162.04045105, 162.411972046, 162.79510498, 163.166610718, 163.538131714, 163.90965271, 164.281173706, 164.664306641, 165.047439575, 165.418960571, 165.790466309, 166.161987305, 166.533508301, 166.905029297, 167.288162231, 167.671295166, 168.042816162, 168.414321899, 168.785842896, 169.157363892, 169.540496826, 169.923629761, 170.295150757, 170.666656494, 171.049789429, 171.421310425, 171.804443359, 172.175964355, 172.547485352, 172.919006348, 173.290512085, 173.662033081, 174.033554077, 174.416687012, 174.799819946, 175.171340942, 175.54284668, 175.914367676, 176.285888672, 176.669021606, 177.052154541, 177.423675537, 177.795196533, 178.166702271, 178.538223267, 178.921356201, 179.292877197, 179.676010132, 180.047531128, 180.419036865, 180.8021698, 181.173690796, 181.55682373, 181.928344727, 182.299865723, 182.671386719, 183.042892456, 183.414413452, 183.797546387, 184.180679321, 184.552200317, 184.923721313, 185.29524231, 185.666748047, 186.038269043, 186.421401978, 186.804534912, 187.176055908, 187.547576904, 187.919082642, 188.290603638, 188.673736572, 189.056869507, 189.428390503, 189.799911499, 190.171432495, 190.554550171, 190.937683105, 191.309204102, 191.680725098, 192.052246094, 192.42376709, 192.795272827, 193.178405762, 193.561538696, 193.933059692, 194.304580688, 194.676101685, 195.047622681, 195.419128418, 195.802261353, 196.185394287, 196.556915283, 196.928436279, 197.299957275, 197.671463013, 198.054595947, 198.437728882, 198.809249878, 199.180770874, 199.55229187, 199.923812866, 200.306930542, 200.690063477, 201.061584473, 201.433105469, 201.804626465, 202.176147461, 202.559265137, 202.942398071, 203.313919067, 203.685440063, 204.05696106, 204.428482056, 204.800003052, 205.183120728, 205.566253662, 205.937774658, 206.309295654, 206.68081665, 207.063934326, 207.447067261, 207.818588257, 208.190109253, 208.561630249, 208.933151245, 209.304672241, 209.687789917, 210.070922852, 210.442443848, 210.813964844, 211.18548584, 211.557006836, 211.928527832, 212.311645508, 212.694778442, 213.066299438, 213.437820435, 213.809341431, 214.180862427, 214.563980103, 214.947113037, 215.318634033, 215.690155029, 216.061676025, 216.44480896, 216.827926636, 217.199447632, 217.570968628, 217.942489624, 218.31401062, 218.685531616, 219.068664551, 219.451782227, 219.823303223, 220.194824219, 220.566345215, 220.937866211, 221.309387207, 221.692520142, 222.075637817, 222.447158813, 222.81867981, 223.190200806, 223.561721802, 223.944854736, 224.327972412, 224.699493408, 225.071014404, 225.4425354, 225.825668335, 226.20880127, 226.580307007, 226.951828003, 227.323348999, 227.694869995, 228.07800293, 228.472732544, 228.855865479, 229.238998413, 229.633743286, 230.0284729, 230.37677002, 230.725082397, 231.073379517, 231.421676636, 231.769973755, 232.118270874, 232.466567993, 232.814865112, 233.16317749, 233.499862671, 233.836547852, 234.173233032, 234.521530151, 234.869842529, 235.218139648, 235.554824829, 235.89151001, 236.228210449, 236.576507568, 236.924804688, 237.261489868, 237.598175049, 237.934875488, 238.271560669, 238.60824585, 238.956542969, 239.304855347, 239.653152466, 240.001449585, 240.349746704, 240.709655762, 241.069564819, 241.429473877, 241.789382935],
    "bpm_histogram": [0, 0, 0, 0, 0, 0, 0, 0, 0, 0, 0, 0, 0, 0, 0, 0, 0, 0, 0, 0, 0, 0, 0, 0, 0, 0, 0, 0, 0, 0, 0, 0, 0, 0, 0, 0, 0, 0, 0, 0, 0, 0, 0, 0, 0, 0, 0, 0, 0, 0, 0, 0, 0, 0, 0, 0, 0, 0, 0, 0, 0, 0, 0, 0, 0, 0, 0, 0, 0, 0, 0, 0, 0, 0, 0, 0, 0, 0, 0, 0, 0, 0, 0, 0, 0, 0, 0, 0, 0, 0, 0, 0, 0, 0, 0, 0, 0, 0, 0, 0, 0, 0, 0, 0, 0, 0, 0, 0, 0, 0, 0, 0, 0, 0, 0, 0, 0, 0, 0, 0, 0, 0, 0, 0, 0, 0, 0, 0, 0, 0, 0, 0, 0, 0, 0, 0, 0, 0, 0, 0, 0, 0, 0, 0, 0, 0, 0, 0, 0, 0, 0, 0, 0.00464396271855, 0, 0, 0, 0, 0.301857590675, 0, 0, 0, 0.569659471512, 0.0696594417095, 0, 0, 0, 0, 0.00773993786424, 0, 0, 0, 0, 0.0294117648154, 0, 0, 0, 0, 0, 0.0170278642327, 0, 0, 0, 0, 0, 0, 0, 0, 0, 0, 0, 0, 0, 0, 0, 0, 0, 0, 0, 0, 0, 0, 0, 0, 0, 0, 0, 0, 0, 0, 0, 0, 0, 0, 0, 0, 0, 0, 0, 0, 0, 0, 0, 0, 0, 0, 0, 0, 0, 0, 0, 0, 0, 0, 0, 0, 0, 0, 0, 0, 0, 0, 0, 0, 0, 0, 0, 0, 0, 0, 0]
},
"tonal": {
    "chords_changes_rate": 0.0586431585252,
    "chords_number_rate": 0.00114986579865,
    "chords_strength": {
        "mean": 0.651177346706,
        "stdev": 0.143192067742
    },
    "hpcp_crest": {
        "mean": 12.5833415985,
        "stdev": 5.29966592789
    },
    "hpcp_entropy": {
        "mean": 2.01148843765,
        "stdev": 0.665120124817
    },
    "key_edma": {
        "strength": 0.635960936546,
        "key": "G#",
        "scale": "major"
    },
    "key_krumhansl": {
        "strength": 0.639562904835,
        "key": "G#",
        "scale": "major"
    },
    "key_temperley": {
        "strength": 0.650785624981,
        "key": "C",
        "scale": "minor"
    },
    "tuning_diatonic_strength": 0.661739766598,
    "tuning_equal_tempered_deviation": 0.261204451323,
    "tuning_frequency": 434.193115234,
    "tuning_nontempered_energy_ratio": 0.939067661762,
    "hpcp": {
        "mean": [0.117199398577, 0.0775092616677, 0.0707679614425, 0.085726827383, 0.0925348699093, 0.0739284679294, 0.0793048888445, 0.0959568247199, 0.114304050803, 0.238306611776, 0.28379714489, 0.163102850318, 0.0760764479637, 0.0457741469145, 0.0457151420414, 0.0849074423313, 0.121896110475, 0.116006217897, 0.15366832912, 0.164075881243, 0.0976318866014, 0.0583272986114, 0.0517270080745, 0.060196403414, 0.140418156981, 0.156636685133, 0.0810372009873, 0.0694924071431, 0.0720567181706, 0.0731567442417, 0.138687297702, 0.195059731603, 0.171093270183, 0.232990637422, 0.322183907032, 0.238944455981],
        "stdev": [0.222785487771, 0.183531612158, 0.172058627009, 0.196192100644, 0.214145928621, 0.168089136481, 0.173604428768, 0.19775994122, 0.199438720942, 0.288807302713, 0.339017271996, 0.232159599662, 0.161757797003, 0.120595037937, 0.124366916716, 0.174914911389, 0.231771498919, 0.193614110351, 0.249210312963, 0.261604875326, 0.177281111479, 0.12966786325, 0.128275319934, 0.139503598213, 0.257812649012, 0.294353246689, 0.163024589419, 0.158835157752, 0.165186405182, 0.162670865655, 0.209165349603, 0.26741194725, 0.249565973878, 0.309298425913, 0.401806205511, 0.329616099596]
    },
