{
"metadata": {
    "version": {
        "essentia": "2.1-dev",
        "essentia_git_sha": "v2.1_beta3-415-gd5473f3",
        "extractor": "music 2.0"
    },
    "audio_properties": {
        "analysis": {
            "equal_loudness": 0,
            "length": 265.691436768,
            "sample_rate": 44100,
            "start_time": 0,
            "downmix": "mix"
        },
        "bit_rate": 192000,
        "length": 265.691436768,
        "lossless": 0,
        "number_channels": 2,
        "replay_gain": -8.35934638977,
        "sample_rate": 44100,
        "codec": "mp3",
        "md5_encoded": "ea307e1a8cefff08dedc749117cbfed5"
    },
    "tags": {
        "file_name": "dave_bee-otro_nivel.mp3",
        "album": ["Comunicologia. (Vol. I)"],
        "artist": ["Dave Bee! (Dave Bee!)"],
        "date": ["1997"],
        "title": ["Otro nivel"]
    }
},
"lowlevel": {
    "average_loudness": 0.959904015064,
    "barkbands_crest": {
        "mean": 14.5700330734,
        "stdev": 6.13086700439
    },
    "barkbands_flatness_db": {
        "mean": 0.242328062654,
        "stdev": 0.101916268468
    },
    "barkbands_kurtosis": {
        "mean": 36.8982963562,
        "stdev": 65.3037033081
    },
    "barkbands_skewness": {
        "mean": 3.72920513153,
        "stdev": 3.56635951996
    },
    "barkbands_spread": {
        "mean": 16.8447227478,
        "stdev": 18.8658504486
    },
    "dissonance": {
        "mean": 0.440440684557,
        "stdev": 0.0451587848365
    },
    "dynamic_complexity": 3.59967708588,
    "erbbands_crest": {
        "mean": 11.5986843109,
        "stdev": 5.0622344017
    },
    "erbbands_flatness_db": {
        "mean": 0.185489580035,
        "stdev": 0.0519173890352
    },
    "erbbands_kurtosis": {
        "mean": 2.33849573135,
        "stdev": 7.15808916092
    },
    "erbbands_skewness": {
        "mean": 0.802589654922,
        "stdev": 1.37573170662
    },
    "erbbands_spread": {
        "mean": 51.0816650391,
        "stdev": 33.4365692139
    },
    "hfc": {
        "mean": 17.3300266266,
        "stdev": 26.9340171814
    },
    "loudness_ebu128": {
        "integrated": -14.7271938324,
        "loudness_range": 1.21236228943,
        "momentary": {
            "mean": -15.7446641922,
            "stdev": 3.63465356827
        },
        "short_term": {
            "mean": -14.8355646133,
            "stdev": 1.0299987793
        }
    },
    "melbands_crest": {
        "mean": 20.3143863678,
        "stdev": 7.59224081039
    },
    "melbands_flatness_db": {
        "mean": 0.310154050589,
        "stdev": 0.133498430252
    },
    "melbands_kurtosis": {
        "mean": 95.8018951416,
        "stdev": 173.885955811
    },
    "melbands_skewness": {
        "mean": 5.65897226334,
        "stdev": 4.92895317078
    },
    "melbands_spread": {
        "mean": 17.8365955353,
        "stdev": 23.9293937683
    },
    "pitch_salience": {
        "mean": 0.412387639284,
        "stdev": 0.161633372307
    },
    "silence_rate_20dB": {
        "mean": 1,
        "stdev": 0
    },
    "silence_rate_30dB": {
        "mean": 0.771670758724,
        "stdev": 0.419745236635
    },
    "silence_rate_60dB": {
        "mean": 0.100314572453,
        "stdev": 0.300428926945
    },
    "spectral_centroid": {
        "mean": 1184.87719727,
        "stdev": 917.296386719
    },
    "spectral_complexity": {
        "mean": 10.1585111618,
        "stdev": 9.86428356171
    },
    "spectral_decrease": {
        "mean": -1.45111691552e-08,
        "stdev": 1.98272580576e-08
    },
    "spectral_energy": {
        "mean": 0.0563405118883,
        "stdev": 0.0753710791469
    },
    "spectral_energyband_high": {
        "mean": 0.00102292699739,
        "stdev": 0.0029583349824
    },
    "spectral_energyband_low": {
        "mean": 0.0447925664485,
        "stdev": 0.0744738131762
    },
    "spectral_energyband_middle_high": {
        "mean": 0.00222334056161,
        "stdev": 0.00406435551122
    },
    "spectral_energyband_middle_low": {
        "mean": 0.00985973700881,
        "stdev": 0.012847953476
    },
    "spectral_entropy": {
        "mean": 7.06856203079,
        "stdev": 0.721226513386
    },
    "spectral_flux": {
        "mean": 0.117835633457,
        "stdev": 0.113450005651
    },
    "spectral_kurtosis": {
        "mean": 4.89826917648,
        "stdev": 6.99866771698
    },
    "spectral_rms": {
        "mean": 0.00594748510048,
        "stdev": 0.00442648865283
    },
    "spectral_rolloff": {
        "mean": 1338.63110352,
        "stdev": 2031.29003906
    },
    "spectral_skewness": {
        "mean": 1.44761502743,
        "stdev": 0.857686638832
    },
    "spectral_spread": {
        "mean": 4938402.5,
        "stdev": 2413409.5
    },
    "spectral_strongpeak": {
        "mean": 0.685226857662,
        "stdev": 0.676954329014
    },
    "zerocrossingrate": {
        "mean": 0.0462408401072,
        "stdev": 0.0454956963658
    },
    "barkbands": {
        "mean": [0.00406398205087, 0.0313288085163, 0.0078856209293, 0.00286309304647, 0.00374336959794, 0.00055255740881, 0.000696368457284, 0.0006961679901, 0.00121053052135, 0.000222021903028, 0.000231374520808, 0.000175199806108, 0.000234138133237, 0.000172798871063, 0.000111222572741, 0.000122533238027, 0.000129013133119, 0.000205199350603, 0.00052066257922, 0.000271756900474, 0.00030124996556, 0.000225826661335, 0.000158794238814, 0.000127831386635, 6.78953001625e-05, 2.23236638703e-05, 6.79444553953e-08],
        "stdev": [0.0107646919787, 0.0606734789908, 0.0198519937694, 0.00929300673306, 0.00662096962333, 0.00104575557634, 0.00146265153307, 0.00166388810612, 0.00336737674661, 0.000789614685345, 0.00119589059614, 0.000733293069061, 0.000861914537381, 0.000578649109229, 0.000307999929646, 0.000434538669651, 0.000443181575974, 0.000594806682784, 0.000996129354462, 0.000607473484706, 0.00110920576844, 0.000771307270043, 0.000459023256553, 0.000312074873364, 0.00016924283409, 6.32782539469e-05, 1.61994861969e-07]
    },
    "erbbands": {
        "mean": [1.38037455082, 5.19032096863, 8.9238243103, 10.1814832687, 7.73419332504, 16.1270580292, 8.29291439056, 5.46630048752, 6.6475276947, 18.6976013184, 14.8271074295, 29.6438064575, 11.8861465454, 6.50426673889, 10.0593557358, 7.12467432022, 10.5806331635, 9.65509796143, 7.15881204605, 5.43407392502, 7.54398584366, 7.05569314957, 8.9274148941, 22.7378025055, 24.1371154785, 12.8486013412, 8.64415740967, 14.6034908295, 8.53277301788, 5.07077884674, 4.94255638123, 3.15436148643, 1.8747112751, 0.98694562912, 0.402840912342, 0.142858624458, 0.0315543524921, 0.00173703976907, 7.15972273611e-05, 6.69392684358e-05],
        "stdev": [2.58797121048, 11.4989509583, 19.8120918274, 31.7530994415, 13.5066356659, 34.2263412476, 18.9832611084, 11.3782539368, 14.422712326, 38.5923805237, 43.0754547119, 86.7603607178, 29.3889064789, 24.251750946, 52.2235107422, 24.124382019, 40.3179969788, 31.2457122803, 17.9974765778, 14.6347990036, 25.727230072, 25.3968811035, 25.2935390472, 49.5234146118, 47.2128372192, 28.4097232819, 22.5490398407, 58.7730751038, 30.4924697876, 16.8832187653, 13.6295700073, 7.83388948441, 4.60738420486, 2.45332598686, 1.03609776497, 0.403357565403, 0.0870009064674, 0.00410426873714, 0.000119588381494, 8.38515625219e-05]
    },
    "gfcc": {
        "mean": [-68.409942627, 96.366973877, -92.7159423828, 49.2256202698, -61.8309593201, 8.72936248779, -25.0002231598, 8.39414787292, -23.3392543793, 1.34517562389, -12.7265853882, -10.4059963226, -14.4230737686],
        "cov": [[8466.35253906, -1725.23205566, -1004.80828857, 340.221862793, -455.881469727, 159.798187256, -216.844100952, 303.943145752, -261.779052734, 275.80166626, -72.5743713379, 281.494476318, -159.11177063], [-1725.23205566, 1887.05981445, 373.738311768, -105.930435181, 656.606994629, -170.343521118, 477.953338623, -225.56187439, 125.307273865, -179.862548828, 196.371871948, -174.233413696, 90.5904846191], [-1004.80828857, 373.738311768, 2080.7097168, 861.807495117, 353.822296143, 551.792114258, 136.28302002, -32.3963279724, 283.008148193, -65.2326431274, 79.7582931519, 38.737537384, 210.00668335], [340.221862793, -105.930435181, 861.807495117, 927.595581055, 453.147766113, 294.78817749, 119.317932129, 23.9500865936, 179.483398438, 39.5363845825, 8.92551994324, 69.4433746338, 141.889907837], [-455.881469727, 656.606994629, 353.822296143, 453.147766113, 774.413818359, 143.210632324, 341.507751465, -29.1943664551, 130.014007568, -35.4207420349, 110.886161804, -50.5812797546, 121.090499878], [159.798187256, -170.343521118, 551.792114258, 294.78817749, 143.210632324, 504.694732666, 120.218193054, 159.85710144, 151.591201782, 28.2025661469, 20.9667472839, 57.5134811401, 25.0452098846], [-216.844100952, 477.953338623, 136.28302002, 119.317932129, 341.507751465, 120.218193054, 544.103088379, 171.663146973, 112.444969177, 51.695148468, 181.024490356, -20.3011932373, 4.33580732346], [303.943145752, -225.56187439, -32.3963279724, 23.9500865936, -29.1943664551, 159.85710144, 171.663146973, 357.003570557, 111.478248596, 98.0777359009, 46.453163147, 27.7700119019, -68.1696853638], [-261.779052734, 125.307273865, 283.008148193, 179.483398438, 130.014007568, 151.591201782, 112.444969177, 111.478248596, 341.144561768, 115.97052002, 3.18316292763, 28.2420806885, 46.2619171143], [275.80166626, -179.862548828, -65.2326431274, 39.5363845825, -35.4207420349, 28.2025661469, 51.695148468, 98.0777359009, 115.97052002, 214.442504883, 56.0316352844, -3.1181166172, -19.5736198425], [-72.5743713379, 196.371871948, 79.7582931519, 8.92551994324, 110.886161804, 20.9667472839, 181.024490356, 46.453163147, 3.18316292763, 56.0316352844, 190.47668457, 2.59116101265, 4.76125097275], [281.494476318, -174.233413696, 38.737537384, 69.4433746338, -50.5812797546, 57.5134811401, -20.3011932373, 27.7700119019, 28.2420806885, -3.1181166172, 2.59116101265, 154.835250854, 35.4115524292], [-159.11177063, 90.5904846191, 210.00668335, 141.889907837, 121.090499878, 25.0452098846, 4.33580732346, -68.1696853638, 46.2619171143, -19.5736198425, 4.76125097275, 35.4115524292, 133.553451538]],
        "icov": [[0.000189330632566, -7.9630415712e-05, 0.000227858487051, -0.000368776672985, 0.000225472613238, -0.000226579999435, 5.19773602718e-05, -7.63653079048e-05, 0.000301010208204, -0.00024960792507, 9.65962044575e-06, -0.000213081468246, 2.57715364569e-05], [-7.9630415712e-05, 0.00319263618439, -0.00124516361393, 0.00244754971936, -0.00246461457573, 0.00207897950895, -0.00186389568262, 0.00191904790699, -0.00261563388631, 0.00267695821822, -0.00119026645552, 0.00110037019476, 0.00103101891], [0.000227858487051, -0.00124516361393, 0.00233337748796, -0.00280738109723, 0.0024285975378, -0.00222889008, 0.000694163143635, -5.95644050918e-05, -0.000100184079201, 0.000767909165006, -0.00148950144649, 0.000976854818873, -0.00146602559835], [-0.000368776672985, 0.00244754971936, -0.00280738109723, 0.00599693041295, -0.00475609628484, 0.00219916622154, -0.00104194018058, 0.000790560559835, -0.000936881289817, -0.000504220137373, 0.00171588163357, -0.00126379984431, 0.000805435993243], [0.000225472613238, -0.00246461457573, 0.0024285975378, -0.00475609628484, 0.0066479225643, -0.00272603076883, -0.000368112087017, -0.000128167564981, 0.00034890032839, 0.000849658739753, -0.00156853336375, 0.00214523239993, -0.00290452037007], [-0.000226579999435, 0.00207897950895, -0.00222889008, 0.00219916622154, -0.00272603076883, 0.00553514389321, -0.00114381941967, -0.000470516068162, -0.00172378460411, 0.00123053125571, 0.000415049493313, -0.00074097327888, 0.00167799065821], [5.19773602718e-05, -0.00186389568262, 0.000694163143635, -0.00104194018058, -0.000368112087017, -0.00114381941967, 0.00564572121948, -0.00299795926549, 0.000876868434716, -0.00101291388273, -0.00230345362797, -0.000439891009592, -7.70535552874e-05], [-7.63653079048e-05, 0.00191904790699, -5.95644050918e-05, 0.000790560559835, -0.000128167564981, -0.000470516068162, -0.00299795926549, 0.00689261499792, -0.00300299027003, 0.00134492770303, -0.00114724389277, 0.000403997371905, 0.00285214371979], [0.000301010208204, -0.00261563388631, -0.000100184079201, -0.000936881289817, 0.00034890032839, -0.00172378460411, 0.000876868434716, -0.00300299027003, 0.00897006504238, -0.00732681108639, 0.00487529346719, -0.00309015996754, -0.00180408242159], [-0.00024960792507, 0.00267695821822, 0.000767909165006, -0.000504220137373, 0.000849658739753, 0.00123053125571, -0.00101291388273, 0.00134492770303, -0.00732681108639, 0.0130427908152, -0.0069351522252, 0.00456583313644, 0.000419378833612], [9.65962044575e-06, -0.00119026645552, -0.00148950144649, 0.00171588163357, -0.00156853336375, 0.000415049493313, -0.00230345362797, -0.00114724389277, 0.00487529346719, -0.0069351522252, 0.0123696187511, -0.00375759438612, 2.17386586883e-05], [-0.000213081468246, 0.00110037019476, 0.000976854818873, -0.00126379984431, 0.00214523239993, -0.00074097327888, -0.000439891009592, 0.000403997371905, -0.00309015996754, 0.00456583313644, -0.00375759438612, 0.010835070163, -0.0037785875611], [2.57715364569e-05, 0.00103101891, -0.00146602559835, 0.000805435993243, -0.00290452037007, 0.00167799065821, -7.70535552874e-05, 0.00285214371979, -0.00180408242159, 0.000419378833612, 2.17386586883e-05, -0.0037785875611, 0.0137331625447]]
    },
    "melbands": {
        "mean": [0.0103722354397, 0.00533238472417, 0.0017039780505, 0.000819390756078, 0.000445941841463, 0.00011530854681, 0.000109759690531, 0.000196478737053, 0.000133919224027, 0.000181243289262, 5.34349164809e-05, 2.45716219069e-05, 3.33349380526e-05, 2.17872056965e-05, 2.04324642255e-05, 2.30581699725e-05, 1.72331074282e-05, 1.20236481962e-05, 7.57590123612e-06, 7.84263738751e-06, 8.93750438991e-06, 7.50922163206e-06, 5.8693790379e-06, 1.04285745692e-05, 1.91117724171e-05, 2.07032044273e-05, 1.27251423692e-05, 7.57807265472e-06, 4.66876372229e-06, 7.50240587877e-06, 8.35341325001e-06, 5.05080060975e-06, 3.56317468686e-06, 2.43250383392e-06, 2.83254280475e-06, 2.40718077293e-06, 1.83298584489e-06, 1.50127686993e-06, 8.09642642707e-07, 8.34797560856e-07],
        "stdev": [0.0196205507964, 0.0105276051909, 0.00489735370502, 0.00118725246284, 0.00109486002475, 0.000235214421991, 0.000229412617045, 0.000402898091124, 0.000418130744947, 0.000525996845681, 0.000146289690747, 0.000100146753539, 0.000171874649823, 0.00010000365728, 7.53397107474e-05, 8.59149295138e-05, 6.39229692752e-05, 3.27522393491e-05, 2.22778216994e-05, 2.66147453658e-05, 2.87315488094e-05, 2.710805893e-05, 1.95619122678e-05, 2.92336826533e-05, 4.37821327068e-05, 4.17899100285e-05, 2.85037185677e-05, 1.82042404049e-05, 1.05815524876e-05, 2.81544926111e-05, 3.36515586241e-05, 1.78469763341e-05, 1.23643694678e-05, 8.28559495858e-06, 8.1606049207e-06, 6.23230152996e-06, 4.5947945182e-06, 3.78297318093e-06, 1.89510581095e-06, 2.12987083614e-06]
    },
    "melbands128": {
        "mean": [0.00372739857994, 0.0126333693042, 0.0127787785605, 0.00699141668156, 0.0047782221809, 0.00361876771785, 0.00219426373951, 0.00118932069745, 0.0006360085099, 0.00062175875064, 0.000907392590307, 0.000862823158968, 0.000171669744304, 0.000112245754281, 0.00012994154531, 0.000110372486233, 9.28114459384e-05, 9.21618338907e-05, 0.000108025677036, 0.000288874725811, 0.000197567525902, 7.4636314821e-05, 0.000114340866276, 0.000197359768208, 0.000247606018092, 0.000155253117555, 7.81850103522e-05, 4.45577206847e-05, 3.03251053992e-05, 2.47809221037e-05, 1.99702026293e-05, 2.94686342386e-05, 3.56488817488e-05, 3.78673103114e-05, 2.52827449003e-05, 1.77887741302e-05, 1.42056742334e-05, 1.99713085749e-05, 2.33985392697e-05, 2.64994305326e-05, 2.12327140616e-05, 2.1455975002e-05, 1.80095175892e-05, 1.49009583765e-05, 1.33213243316e-05, 1.19038177218e-05, 1.02736212284e-05, 7.42219617678e-06, 6.72806163493e-06, 6.48865443509e-06, 7.20504294804e-06, 1.05183362393e-05, 8.56560745888e-06, 9.06541845325e-06, 8.24191283755e-06, 6.96610004525e-06, 7.72456405684e-06, 5.32907824891e-06, 4.87291617901e-06, 7.22316735846e-06, 8.73508543009e-06, 1.34237716338e-05, 2.00502709049e-05, 1.8471499061e-05, 2.19158482651e-05, 2.3281074391e-05, 1.83671381819e-05, 1.55122543219e-05, 1.13686446639e-05, 8.91368472367e-06, 7.8431367001e-06, 7.3214018812e-06, 4.72623287351e-06, 3.95966435462e-06, 4.57194983028e-06, 5.09466281073e-06, 1.03306438177e-05, 1.19903370432e-05, 6.51333266433e-06, 6.64341996526e-06, 6.00947441853e-06, 3.26552662955e-06, 5.5291402532e-06, 2.72338934337e-06, 3.24004031427e-06, 2.74886247098e-06, 1.84976204309e-06, 2.36669666265e-06, 2.56925977737e-06, 3.53452060153e-06, 3.32232229994e-06, 1.55834140969e-06, 1.93036862584e-06, 1.67910854998e-06, 2.07473613045e-06, 1.65405765529e-06, 1.5282998902e-06, 1.05915364657e-06, 6.71481870995e-07, 6.53762469938e-07, 1.06722075088e-06, 9.78679281616e-07, 4.16522709656e-07, 4.71059848905e-07, 5.42351301647e-07, 3.47441670101e-07, 2.79218426158e-07, 3.79875530143e-07, 2.35546366412e-07, 1.56321803502e-07, 1.4217069122e-07, 1.44248971878e-07, 9.66992104168e-08, 5.32261132946e-08, 2.63338897355e-08, 7.59823670649e-09, 2.61424837333e-09, 2.95391044958e-10, 2.74803461237e-11, 1.02348182013e-11, 7.54717729284e-12, 7.35893290749e-12, 7.20260960249e-12, 7.08606610889e-12, 6.97629974622e-12, 6.90274703716e-12, 6.84872688075e-12, 6.80069498979e-12],
        "stdev": [0.00988714862615, 0.0241456013173, 0.0275662783533, 0.0166782177985, 0.0104559389874, 0.0098312497139, 0.00741742039099, 0.0035040252842, 0.00122664275113, 0.000933291448746, 0.00210378388874, 0.00248678727075, 0.000421062431997, 0.000224977251492, 0.000337732228218, 0.000302796717733, 0.000256738741882, 0.000289810472168, 0.000297129241517, 0.000652918184642, 0.000440508738393, 0.000365128915291, 0.000535804254469, 0.000835523125716, 0.000880884123035, 0.000592800555751, 0.000292649754556, 0.000144036239362, 0.000147791142808, 0.000140412666951, 0.000115796727187, 0.000193443600438, 0.000235076178797, 0.000284044217551, 0.000178291578777, 0.000110966298962, 6.98396179359e-05, 0.000101130521216, 0.00012214310118, 0.000169067076058, 9.67315354501e-05, 9.91260531009e-05, 9.00837258087e-05, 8.24153394205e-05, 5.16496875207e-05, 4.08481391787e-05, 3.89951164834e-05, 2.9641772926e-05, 2.42746518779e-05, 2.0813977244e-05, 2.62698740698e-05, 5.49715805391e-05, 3.56813034159e-05, 2.34880317294e-05, 2.65896960627e-05, 3.03964043269e-05, 3.47391760442e-05, 2.04874595511e-05, 1.58512175403e-05, 2.56199236901e-05, 2.94154815492e-05, 4.53836037195e-05, 7.13312474545e-05, 5.46024311916e-05, 5.95347701164e-05, 6.15322933299e-05, 4.87468278152e-05, 4.23270612373e-05, 3.62026476068e-05, 2.35281604546e-05, 2.1178580937e-05, 2.10465696e-05, 1.08784588519e-05, 9.42353290156e-06, 1.25035367091e-05, 1.5426594473e-05, 4.94129344588e-05, 5.17613771081e-05, 2.63818728854e-05, 2.48705382546e-05, 2.0627383492e-05, 1.21208449855e-05, 2.25651565415e-05, 9.21541140997e-06, 9.8553382486e-06, 1.06011730168e-05, 7.10759059075e-06, 7.23771654521e-06, 8.77617731021e-06, 9.7244992503e-06, 9.37116783462e-06, 3.94757080358e-06, 4.78603760712e-06, 4.3733525672e-06, 5.28661212229e-06, 4.63044079879e-06, 4.05654327551e-06, 2.60579986389e-06, 1.55480108788e-06, 1.565948196e-06, 2.88005389848e-06, 2.59939793068e-06, 1.02285594039e-06, 1.23474433167e-06, 1.49180300468e-06, 9.28660199406e-07, 6.9745624387e-07, 1.15497357456e-06, 7.87529643276e-07, 4.42036878212e-07, 4.24394471565e-07, 4.50848546052e-07, 2.5839403861e-07, 1.44570634575e-07, 6.97004054473e-08, 1.82607049481e-08, 5.8490221555e-09, 1.42774059242e-09, 2.94028773551e-10, 9.50236833663e-11, 1.61726413511e-11, 1.57701386672e-11, 1.54579630346e-11, 1.52047454488e-11, 1.49760221585e-11, 1.48070514183e-11, 1.46808294688e-11, 1.45968289539e-11]
    },
    "mfcc": {
        "mean": [-718.091186523, 118.049995422, 26.3205986023, 41.8908538818, -3.46018767357, 6.61690092087, 7.79316329956, 3.09827327728, -3.6437754631, 12.6576032639, 0.335119456053, -2.32628750801, -3.90791606903],
        "cov": [[8555.16308594, -1925.52563477, -1076.36535645, -125.226379395, -423.883087158, -216.980148315, -123.519004822, -48.3355331421, -199.124328613, -15.0867071152, 129.112121582, 7.36669778824, -134.271453857], [-1925.52563477, 1924.40319824, -179.390289307, 163.076187134, 34.4528121948, 106.446464539, 269.414093018, 56.12758255, -39.8953361511, 66.425743103, 20.2486572266, 3.57453656197, 5.36635255814], [-1076.36535645, -179.390289307, 1859.21118164, 282.759338379, 505.810638428, 455.72756958, 44.242805481, 231.176925659, 267.084655762, -32.0163078308, 42.8252029419, 94.1590576172, 156.173324585], [-125.226379395, 163.076187134, 282.759338379, 764.668823242, 344.918365479, 321.46774292, 189.925888062, 86.6563796997, 108.927192688, 87.6658554077, 17.2289447784, -13.6722097397, 40.3717384338], [-423.883087158, 34.4528121948, 505.810638428, 344.918365479, 558.805297852, 354.656463623, 89.4411621094, 127.896461487, 145.63835144, 33.6150283813, -6.46030950546, -11.8831710815, 13.9317884445], [-216.980148315, 106.446464539, 455.72756958, 321.46774292, 354.656463623, 481.127227783, 113.612586975, 129.755783081, 155.025085449, 40.7105712891, 34.4187431335, 17.9063091278, 50.4056015015], [-123.519004822, 269.414093018, 44.242805481, 189.925888062, 89.4411621094, 113.612586975, 480.746002197, 156.097961426, -4.62503290176, 99.9320297241, 87.8715438843, 64.5798873901, 4.29955244064], [-48.3355331421, 56.12758255, 231.176925659, 86.6563796997, 127.896461487, 129.755783081, 156.097961426, 331.780792236, 151.081314087, 1.16189861298, 99.5515518188, 101.59828186, 42.8665733337], [-199.124328613, -39.8953361511, 267.084655762, 108.927192688, 145.63835144, 155.025085449, -4.62503290176, 151.081314087, 266.092285156, 99.8694076538, 82.5141983032, 77.3078308105, 83.2064590454], [-15.0867071152, 66.425743103, -32.0163078308, 87.6658554077, 33.6150283813, 40.7105712891, 99.9320297241, 1.16189861298, 99.8694076538, 256.480316162, 110.079208374, 49.7497940063, 65.2421188354], [129.112121582, 20.2486572266, 42.8252029419, 17.2289447784, -6.46030950546, 34.4187431335, 87.8715438843, 99.5515518188, 82.5141983032, 110.079208374, 195.824569702, 119.538345337, 44.5838928223], [7.36669778824, 3.57453656197, 94.1590576172, -13.6722097397, -11.8831710815, 17.9063091278, 64.5798873901, 101.59828186, 77.3078308105, 49.7497940063, 119.538345337, 188.413269043, 78.7493362427], [-134.271453857, 5.36635255814, 156.173324585, 40.3717384338, 13.9317884445, 50.4056015015, 4.29955244064, 42.8665733337, 83.2064590454, 65.2421188354, 44.5838928223, 78.7493362427, 183.385635376]],
        "icov": [[0.000195361542865, 0.000227831405937, 0.000133583656861, -7.65522709116e-05, 0.000135767710162, -0.000178273767233, 5.64653273614e-05, -0.000167568359757, 0.000258414976997, -5.80230844207e-05, -0.000172906919033, 6.7678661253e-06, 5.85196685279e-05], [0.000227831405937, 0.000850657641422, 0.000245060306042, -0.000127500039525, 0.000211829028558, -0.000393449241528, -0.000202607625397, -0.000260533561232, 0.000445970508736, -0.000150050298544, -9.96688686428e-05, 3.19137070619e-05, -1.94429085241e-05], [0.000133583656861, 0.000245060306042, 0.00098913256079, 3.72894537577e-05, -0.000480856018839, -0.000464642798761, -5.95142009843e-05, -2.9892395105e-05, -0.000254193495493, 0.00059161381796, -0.000260400876869, -9.63573984336e-05, -0.000577760336455], [-7.65522709116e-05, -0.000127500039525, 3.72894537577e-05, 0.00220255600289, -0.000876885897014, -0.000658649893012, -0.000679625722114, 0.000371716480004, -0.00036863781861, -0.000118460025988, 8.14693776192e-05, 0.00048987736227, -0.000413026922615], [0.000135767710162, 0.000211829028558, -0.000480856018839, -0.000876885897014, 0.00446035945788, -0.002135199029, 0.000238477572566, -0.000944962142967, -0.000108703578007, -0.000943030929193, 0.00120385538321, 0.000105128703581, 0.00120607716963], [-0.000178273767233, -0.000393449241528, -0.000464642798761, -0.000658649893012, -0.002135199029, 0.00513071473688, -0.000716392823961, 0.000595562683884, -0.00179465685505, 0.00104485952761, -0.000751542742364, 0.00069890730083, -0.000623619242106], [5.64653273614e-05, -0.000202607625397, -5.95142009843e-05, -0.000679625722114, 0.000238477572566, -0.000716392823961, 0.00423337798566, -0.00295996200293, 0.00334520218894, -0.00274160178378, 0.000354551710188, -0.00100728170946, 0.000822919828352], [-0.000167568359757, -0.000260533561232, -2.9892395105e-05, 0.000371716480004, -0.000944962142967, 0.000595562683884, -0.00295996200293, 0.00779118388891, -0.00517853023484, 0.004376352299, -0.00253611733206, -0.000509398407303, -0.000387162523111], [0.000258414976997, 0.000445970508736, -0.000254193495493, -0.00036863781861, -0.000108703578007, -0.00179465685505, 0.00334520218894, -0.00517853023484, 0.0108120366931, -0.00501260580495, 0.00050026376266, -0.0012964985799, -0.00057987117907], [-5.80230844207e-05, -0.000150050298544, 0.00059161381796, -0.000118460025988, -0.000943030929193, 0.00104485952761, -0.00274160178378, 0.004376352299, -0.00501260580495, 0.00941454432905, -0.00507670920342, 0.00189334177412, -0.0023439200595], [-0.000172906919033, -9.96688686428e-05, -0.000260400876869, 8.14693776192e-05, 0.00120385538321, -0.000751542742364, 0.000354551710188, -0.00253611733206, 0.00050026376266, -0.00507670920342, 0.0124799450859, -0.00604784488678, 0.00192188820802], [6.7678661253e-06, 3.19137070619e-05, -9.63573984336e-05, 0.00048987736227, 0.000105128703581, 0.00069890730083, -0.00100728170946, -0.000509398407303, -0.0012964985799, 0.00189334177412, -0.00604784488678, 0.011302289553, -0.00354759325273], [5.85196685279e-05, -1.94429085241e-05, -0.000577760336455, -0.000413026922615, 0.00120607716963, -0.000623619242106, 0.000822919828352, -0.000387162523111, -0.00057987117907, -0.0023439200595, 0.00192188820802, -0.00354759325273, 0.00838349852711]]
    },
    "spectral_contrast_coeffs": {
        "mean": [-0.642729222775, -0.702699422836, -0.745433449745, -0.786914408207, -0.770942568779, -0.768409132957],
        "stdev": [0.111597716808, 0.0926788076758, 0.0863609537482, 0.0732851475477, 0.0745852217078, 0.0526817925274]
    },
    "spectral_contrast_valleys": {
        "mean": [-7.39557218552, -7.72009944916, -8.68512248993, -8.91701221466, -8.40616226196, -10.8468837738],
        "stdev": [1.24665260315, 0.989702761173, 1.02962851524, 1.06880962849, 1.1428078413, 1.35521507263]
    }
},
"rhythm": {
    "beats_count": 393,
    "beats_loudness": {
        "mean": 0.109199747443,
        "stdev": 0.0780939459801
    },
    "bpm": 88.9221878052,
    "bpm_histogram_first_peak_bpm": 89,
    "bpm_histogram_first_peak_weight": 0.0280612111092,
    "bpm_histogram_second_peak_bpm": 0,
    "bpm_histogram_second_peak_spread": 0,
    "bpm_histogram_second_peak_weight": 0,
    "danceability": 1.64506649971,
    "onset_rate": 5.13349485397,
    "beats_loudness_band_ratio": {
        "mean": [0.499750196934, 0.0640628486872, 0.128275066614, 0.0451443903148, 0.0724991336465, 0.198917120695],
        "stdev": [0.445631891489, 0.097905986011, 0.135259687901, 0.0583316721022, 0.0751671418548, 0.208620518446]
    },
    "beats_position": [0.684988677502, 1.38158726692, 2.08979582787, 2.79800438881, 3.48299312592, 4.1679816246, 4.841360569, 5.52634906769, 6.18811798096, 6.84988641739, 7.53487491608, 8.2198638916, 8.893242836, 9.56662082672, 10.2167797089, 10.8901586533, 11.5635375977, 12.2369155884, 12.9102945328, 13.5836734772, 14.2570514679, 14.9304304123, 15.6038093567, 16.2771873474, 16.9505672455, 17.6239452362, 18.2973232269, 18.970703125, 19.6440811157, 20.3174591064, 21.0024490356, 21.6758270264, 22.3608150482, 23.0341949463, 23.707572937, 24.3809528351, 25.0543308258, 25.7277088165, 26.4010887146, 27.0744667053, 27.747844696, 28.4212245941, 29.0946025848, 29.7679805756, 30.4413604736, 31.1263484955, 31.7997264862, 32.4731063843, 33.1580963135, 33.8314743042, 34.5048522949, 35.1782302856, 35.8516082764, 36.5249862671, 37.1983680725, 37.8717460632, 38.545124054, 39.2185020447, 39.8918800354, 40.5652618408, 41.2386398315, 41.923625946, 42.6086158752, 43.281993866, 43.9553718567, 44.6287536621, 45.3021316528, 45.9755096436, 46.6488876343, 47.322265625, 47.9956436157, 48.6806335449, 49.3424034119, 50.0157814026, 50.6891593933, 51.362537384, 52.0359191895, 52.720905304, 53.4058952332, 54.0792732239, 54.7526512146, 55.4260292053, 56.0994110107, 56.7727890015, 57.4461669922, 58.1195449829, 58.7929229736, 59.4663009644, 60.1396827698, 60.8130607605, 61.4864387512, 62.1598167419, 62.8448066711, 63.5297966003, 64.2031707764, 64.8765487671, 65.5499343872, 66.2233123779, 66.8966903687, 67.5700683594, 68.2434463501, 68.9168243408, 69.5902023315, 70.2635803223, 70.936958313, 71.6103363037, 72.2837142944, 72.9570999146, 73.6304779053, 74.3154602051, 75.0004501343, 75.673828125, 76.3472061157, 77.0205917358, 77.6939697266, 78.3673477173, 79.040725708, 79.7141036987, 80.3874816895, 81.0608596802, 81.7342376709, 82.4076156616, 83.0809936523, 83.7543716431, 84.4277572632, 85.112739563, 85.7977294922, 86.4711074829, 87.1444854736, 87.8178634644, 88.4912490845, 89.1646270752, 89.8380050659, 90.5113830566, 91.1847610474, 91.8581390381, 92.5315170288, 93.2048950195, 93.8782730103, 94.551651001, 95.2250289917, 95.9216308594, 96.5950088501, 97.2683868408, 97.9417648315, 98.6151428223, 99.288520813, 99.9619064331, 100.635284424, 101.308662415, 101.982040405, 102.655418396, 103.328796387, 104.002174377, 104.675552368, 105.348930359, 106.033920288, 106.718910217, 107.392288208, 108.065666199, 108.739044189, 109.41242218, 110.085800171, 110.759178162, 111.432563782, 112.105941772, 112.779319763, 113.452697754, 114.126075745, 114.799453735, 115.472831726, 116.157821655, 116.842811584, 117.516189575, 118.189567566, 118.862945557, 119.536323547, 120.209701538, 120.883079529, 121.55645752, 122.22983551, 122.90322113, 123.576599121, 124.249977112, 124.923355103, 125.596733093, 126.270111084, 126.943489075, 127.616867065, 128.290252686, 128.963623047, 129.648620605, 130.333602905, 131.006988525, 131.680358887, 132.353744507, 133.027114868, 133.700500488, 134.37387085, 135.04725647, 135.720626831, 136.394012451, 137.067382812, 137.752380371, 138.437362671, 139.110748291, 139.784118652, 140.457504272, 141.130874634, 141.804260254, 142.477645874, 143.151016235, 143.824401855, 144.497772217, 145.171157837, 145.844528198, 146.517913818, 147.19128418, 147.8646698, 148.538040161, 149.211425781, 149.896408081, 150.58140564, 151.254776001, 151.928161621, 152.601531982, 153.274917603, 153.948303223, 154.621673584, 155.295059204, 155.968429565, 156.641815186, 157.315185547, 157.988571167, 158.661941528, 159.335327148, 160.020309448, 160.705307007, 161.378677368, 162.052062988, 162.72543335, 163.39881897, 164.072189331, 164.745574951, 165.418960571, 166.092330933, 166.765716553, 167.439086914, 168.112472534, 168.785842896, 169.459228516, 170.144210815, 170.829208374, 171.502578735, 172.175964355, 172.849334717, 173.522720337, 174.196090698, 174.869476318, 175.54284668, 176.2162323, 176.88961792, 177.562988281, 178.236373901, 178.909744263, 179.583129883, 180.256500244, 180.941497803, 181.626480103, 182.299865723, 182.973236084, 183.646621704, 184.319992065, 184.993377686, 185.666748047, 186.340133667, 187.013504028, 187.686889648, 188.360275269, 189.03364563, 189.70703125, 190.380401611, 191.053787231, 191.738769531, 192.412155151, 193.097137451, 193.770523071, 194.443893433, 195.117279053, 195.790649414, 196.464035034, 197.137405396, 197.810791016, 198.484161377, 199.157546997, 199.830932617, 200.504302979, 201.177688599, 201.85105896, 202.536056519, 203.221038818, 203.894424438, 204.5677948, 205.24118042, 205.914550781, 206.587936401, 207.261306763, 207.934692383, 208.608062744, 209.281448364, 209.954818726, 210.628204346, 211.301589966, 211.974960327, 212.648345947, 213.321716309, 214.006713867, 214.691696167, 215.365081787, 216.038452148, 216.711837769, 217.38520813, 218.05859375, 218.731964111, 219.405349731, 220.078720093, 220.752105713, 221.425476074, 222.098861694, 222.772247314, 223.445617676, 224.119003296, 224.803985596, 225.488967896, 226.162353516, 226.835739136, 227.509109497, 228.182495117, 228.855865479, 229.529251099, 230.20262146, 230.87600708, 231.549377441, 232.222763062, 232.896133423, 233.569519043, 234.242904663, 234.927886963, 235.612869263, 236.286254883, 236.959625244, 237.633010864, 238.306396484, 238.979766846, 239.653152466, 240.326522827, 240.999908447, 241.673278809, 242.346664429, 243.02003479, 243.69342041, 244.37840271, 245.05178833, 245.725158691, 246.398544312, 247.083526611, 247.756912231, 248.430297852, 249.103668213, 249.777053833, 250.450424194, 251.123809814, 251.797180176, 252.470565796, 253.143936157, 253.817321777, 254.490692139, 255.187301636, 255.860671997, 256.534057617, 257.207427979, 257.88079834, 258.554199219, 259.22756958, 259.900939941, 260.57434082, 261.247711182, 261.921081543, 262.594451904, 263.267852783, 263.929595947, 264.591369629, 265.264770508],
    "bpm_histogram": [0, 0, 0, 0, 0, 0, 0, 0, 0, 0, 0, 0, 0, 0, 0, 0, 0, 0, 0, 0, 0, 0, 0, 0, 0, 0, 0, 0, 0, 0, 0, 0, 0, 0, 0, 0, 0, 0, 0, 0, 0, 0, 0, 0, 0, 0, 0, 0, 0, 0, 0, 0, 0, 0, 0, 0, 0, 0, 0, 0, 0, 0, 0, 0, 0, 0, 0, 0, 0, 0, 0, 0, 0, 0, 0, 0, 0, 0, 0, 0, 0, 0, 0, 0, 0, 0.00510204071179, 0.00765306130052, 0, 0.122448980808, 0.849489808083, 0, 0.012755102478, 0.0025510203559, 0, 0, 0, 0, 0, 0, 0, 0, 0, 0, 0, 0, 0, 0, 0, 0, 0, 0, 0, 0, 0, 0, 0, 0, 0, 0, 0, 0, 0, 0, 0, 0, 0, 0, 0, 0, 0, 0, 0, 0, 0, 0, 0, 0, 0, 0, 0, 0, 0, 0, 0, 0, 0, 0, 0, 0, 0, 0, 0, 0, 0, 0, 0, 0, 0, 0, 0, 0, 0, 0, 0, 0, 0, 0, 0, 0, 0, 0, 0, 0, 0, 0, 0, 0, 0, 0, 0, 0, 0, 0, 0, 0, 0, 0, 0, 0, 0, 0, 0, 0, 0, 0, 0, 0, 0, 0, 0, 0, 0, 0, 0, 0, 0, 0, 0, 0, 0, 0, 0, 0, 0, 0, 0, 0, 0, 0, 0, 0, 0, 0, 0, 0, 0, 0, 0, 0, 0, 0, 0, 0, 0, 0, 0, 0, 0, 0, 0, 0, 0, 0, 0, 0, 0, 0, 0, 0, 0]
},
"tonal": {
    "chords_changes_rate": 0.0297047011554,
    "chords_number_rate": 0.000524200615473,
    "chords_strength": {
        "mean": 0.67353707552,
        "stdev": 0.08074542135
    },
    "hpcp_crest": {
        "mean": 14.4459762573,
        "stdev": 6.0667181015
    },
    "hpcp_entropy": {
        "mean": 1.78356850147,
        "stdev": 0.675582885742
    },
    "key_edma": {
        "strength": 0.847260892391,
        "key": "A",
        "scale": "minor"
    },
    "key_krumhansl": {
        "strength": 0.854103088379,
        "key": "A",
        "scale": "minor"
    },
    "key_temperley": {
        "strength": 0.834832906723,
        "key": "A",
        "scale": "minor"
    },
    "tuning_diatonic_strength": 0.648316264153,
    "tuning_equal_tempered_deviation": 0.147098854184,
    "tuning_frequency": 434.193115234,
    "tuning_nontempered_energy_ratio": 0.770216941833,
    "hpcp": {
        "mean": [0.320321172476, 0.17823214829, 0.0634991675615, 0.0410183146596, 0.0321765169501, 0.038598574698, 0.135084152222, 0.183342799544, 0.15501794219, 0.194661021233, 0.130453795195, 0.0390479937196, 0.0356902107596, 0.0273135714233, 0.0238464325666, 0.0333675667644, 0.032420117408, 0.024878680706, 0.0316801629961, 0.0642590969801, 0.163056537509, 0.236308291554, 0.168799370527, 0.0955010652542, 0.0822290331125, 0.0664573088288, 0.0598185285926, 0.0626866072416, 0.0517523400486, 0.043693356216, 0.0885650888085, 0.108319602907, 0.0707988962531, 0.0597443059087, 0.0723936110735, 0.220172271132],
        "stdev": [0.416053116322, 0.256887108088, 0.176742359996, 0.143258586526, 0.12967941165, 0.129426077008, 0.246502742171, 0.31490701437, 0.272485256195, 0.327272981405, 0.236875981092, 0.133177667856, 0.132902905345, 0.107774615288, 0.0895354300737, 0.0947568193078, 0.0920832827687, 0.0887406915426, 0.103140883148, 0.163055703044, 0.273856192827, 0.375864982605, 0.28080612421, 0.220160022378, 0.203558757901, 0.184399887919, 0.172990143299, 0.184429109097, 0.152563244104, 0.119194053113, 0.187683269382, 0.249245554209, 0.17086109519, 0.155899047852, 0.175698116422, 0.296748131514]
    },
    "chords_histogram": [86.5629882812, 1.93954217434, 0, 0, 0, 0.139786824584, 0, 0, 0.017473353073, 0.73388081789, 0.471780538559, 0, 0, 0, 0, 0.069893412292, 0, 0.174733534455, 0, 0, 0, 0, 0.209680244327, 9.68023777008],
    "thpcp": [1, 0.556416988373, 0.198235929012, 0.128053709865, 0.100450798869, 0.12049960345, 0.42171472311, 0.572371780872, 0.483945339918, 0.607705771923, 0.407259345055, 0.121902629733, 0.111420080066, 0.0852693319321, 0.0744453817606, 0.104169093072, 0.101211287081, 0.0776679217815, 0.0989012494683, 0.200608327985, 0.509040772915, 0.737722992897, 0.526969134808, 0.298141598701, 0.256708085537, 0.207470864058, 0.186745464802, 0.195699229836, 0.161563903093, 0.136404827237, 0.276488393545, 0.338159352541, 0.221024721861, 0.186513751745, 0.226003199816, 0.687348484993],
    "chords_key": "A",
    "chords_scale": "minor"
}
}