{
"metadata": {
    "version": {
        "essentia": "2.1-dev",
        "essentia_git_sha": "v2.1_beta3-415-gd5473f3",
        "extractor": "music 2.0"
    },
    "audio_properties": {
        "analysis": {
            "equal_loudness": 0,
            "length": 292.284088135,
            "sample_rate": 44100,
            "start_time": 0,
            "downmix": "mix"
        },
        "bit_rate": 192000,
        "length": 292.284088135,
        "lossless": 0,
        "number_channels": 2,
        "replay_gain": -10.4563999176,
        "sample_rate": 44100,
        "codec": "mp3",
        "md5_encoded": "4cd90aa6bf662a1ab6d7b3fa24d93934"
    },
    "tags": {
        "file_name": "dr_dre-dre_day.mp3",
        "title": ["Dr.Dre - Dre Day"]
    }
},
"lowlevel": {
    "average_loudness": 0.956348419189,
    "barkbands_crest": {
        "mean": 12.8813076019,
        "stdev": 6.42150735855
    },
    "barkbands_flatness_db": {
        "mean": 0.157395541668,
        "stdev": 0.0592250674963
    },
    "barkbands_kurtosis": {
        "mean": 7.94225406647,
        "stdev": 19.0137424469
    },
    "barkbands_skewness": {
        "mean": 1.87491261959,
        "stdev": 2.11162757874
    },
    "barkbands_spread": {
        "mean": 27.8543796539,
        "stdev": 16.5606193542
    },
    "dissonance": {
        "mean": 0.471079349518,
        "stdev": 0.0301120318472
    },
    "dynamic_complexity": 3.23373770714,
    "erbbands_crest": {
        "mean": 8.82315158844,
        "stdev": 4.44669723511
    },
    "erbbands_flatness_db": {
        "mean": 0.144030243158,
        "stdev": 0.0460581332445
    },
    "erbbands_kurtosis": {
        "mean": 0.434644013643,
        "stdev": 2.34257650375
    },
    "erbbands_skewness": {
        "mean": -0.144211694598,
        "stdev": 0.978913605213
    },
    "erbbands_spread": {
        "mean": 48.4494667053,
        "stdev": 25.4304504395
    },
    "hfc": {
        "mean": 16.7938022614,
        "stdev": 18.9638690948
    },
    "loudness_ebu128": {
        "integrated": -14.8386993408,
        "loudness_range": 2.16152381897,
        "momentary": {
            "mean": -15.3345985413,
            "stdev": 2.44385576248
        },
        "short_term": {
            "mean": -14.9714708328,
            "stdev": 1.17882192135
        }
    },
    "melbands_crest": {
        "mean": 17.225276947,
        "stdev": 7.49787330627
    },
    "melbands_flatness_db": {
        "mean": 0.196459919214,
        "stdev": 0.0853467285633
    },
    "melbands_kurtosis": {
        "mean": 35.483833313,
        "stdev": 70.6809616089
    },
    "melbands_skewness": {
        "mean": 3.88921666145,
        "stdev": 3.5537250042
    },
    "melbands_spread": {
        "mean": 30.4475765228,
        "stdev": 27.9335746765
    },
    "pitch_salience": {
        "mean": 0.491037756205,
        "stdev": 0.177306339145
    },
    "silence_rate_20dB": {
        "mean": 1,
        "stdev": 0
    },
    "silence_rate_30dB": {
        "mean": 0.999920547009,
        "stdev": 0.00891194306314
    },
    "silence_rate_60dB": {
        "mean": 0.103503055871,
        "stdev": 0.304641067982
    },
    "spectral_centroid": {
        "mean": 1992.96582031,
        "stdev": 839.079589844
    },
    "spectral_complexity": {
        "mean": 15.3198823929,
        "stdev": 12.750369072
    },
    "spectral_decrease": {
        "mean": -5.23416732179e-09,
        "stdev": 4.65727234555e-09
    },
    "spectral_energy": {
        "mean": 0.0212782453746,
        "stdev": 0.0184227433056
    },
    "spectral_energyband_high": {
        "mean": 0.00100454420317,
        "stdev": 0.00163687369786
    },
    "spectral_energyband_low": {
        "mean": 0.0113278059289,
        "stdev": 0.0156092206016
    },
    "spectral_energyband_middle_high": {
        "mean": 0.0036773076281,
        "stdev": 0.00475964462385
    },
    "spectral_energyband_middle_low": {
        "mean": 0.00574646843597,
        "stdev": 0.00676498794928
    },
    "spectral_entropy": {
        "mean": 7.77277421951,
        "stdev": 0.342014282942
    },
    "spectral_flux": {
        "mean": 0.0758691653609,
        "stdev": 0.0477825887501
    },
    "spectral_kurtosis": {
        "mean": 2.89011335373,
        "stdev": 1.62537193298
    },
    "spectral_rms": {
        "mean": 0.00412171520293,
        "stdev": 0.00194182700943
    },
    "spectral_rolloff": {
        "mean": 1909.19055176,
        "stdev": 1927.46850586
    },
    "spectral_skewness": {
        "mean": 1.16812360287,
        "stdev": 0.354116201401
    },
    "spectral_spread": {
        "mean": 5122099,
        "stdev": 1686344.25
    },
    "spectral_strongpeak": {
        "mean": 0.64128947258,
        "stdev": 0.781496524811
    },
    "zerocrossingrate": {
        "mean": 0.0732477754354,
        "stdev": 0.0482817217708
    },
    "barkbands": {
        "mean": [0.000149498227984, 0.00962353684008, 0.00118012970779, 0.00084910786245, 0.00130894733593, 0.0010824521305, 0.00107527861837, 0.000617906509433, 0.000638275232632, 0.000430773216067, 0.000339805294061, 0.000312159041641, 0.000248930591624, 0.000293741526548, 0.00028502533678, 0.000371704576537, 0.000353596056812, 0.0003772006894, 0.000568930292502, 0.00034566145041, 0.00028194434708, 0.000204054245842, 0.000153988352395, 8.17199397716e-05, 6.00100138399e-05, 4.38107636e-05, 6.89179435742e-10],
        "stdev": [0.000191433297005, 0.0143062500283, 0.00327978585847, 0.00180425529834, 0.0024895039387, 0.00217069825158, 0.00274601299316, 0.00171900470741, 0.00159984745551, 0.00125062093139, 0.00121615920216, 0.000975466973614, 0.000700128381141, 0.000702575081959, 0.000711217639036, 0.000846975599416, 0.00067456724355, 0.0007984705735, 0.00102613994386, 0.000635943200905, 0.000592000316828, 0.000402291247156, 0.000361120211892, 0.000146452468471, 0.000107651394501, 6.26234177616e-05, 1.09965847539e-09]
    },
    "erbbands": {
        "mean": [0.326237618923, 1.97521400452, 1.61457717419, 2.21967768669, 4.0591750145, 3.87265586853, 5.65454149246, 10.1335325241, 15.8039884567, 13.5309734344, 14.0624580383, 14.1048784256, 16.0738582611, 12.3563976288, 14.1686973572, 11.6804475784, 11.3194694519, 13.8181438446, 14.7255220413, 19.7660522461, 18.1818389893, 20.4946289062, 20.4916648865, 29.5569000244, 22.8429164886, 16.8130092621, 12.2602081299, 10.2257099152, 7.47263669968, 6.16263628006, 3.97941803932, 2.1242544651, 1.21039307117, 0.757524967194, 0.362591654062, 0.201807871461, 0.0827047750354, 0.00723070744425, 0.00014440601808, 3.2530984754e-05],
        "stdev": [0.450627446175, 3.12651443481, 3.71673583984, 4.77777528763, 8.03372383118, 7.9132437706, 11.4244651794, 22.3019275665, 40.4882545471, 33.6324234009, 38.8845558167, 35.7720527649, 43.1821861267, 35.5468444824, 45.6814346313, 33.6314125061, 31.1694755554, 30.3673782349, 37.7400093079, 43.6111602783, 35.6408042908, 38.0848999023, 42.7161636353, 54.3082962036, 42.1309928894, 31.8386363983, 26.4718856812, 19.2837181091, 14.0392589569, 14.7705612183, 9.68351078033, 4.14869356155, 2.21700191498, 1.58021092415, 0.576337277889, 0.293048501015, 0.12382735312, 0.0109344674274, 0.000199230329599, 2.78257648461e-05]
    },
    "gfcc": {
        "mean": [-22.2196655273, 60.1758918762, -113.034660339, 53.3298225403, -59.0351486206, 15.9294595718, -34.9977493286, 18.4373168945, -20.5798778534, 9.66524505615, -12.247215271, 6.9406208992, -11.4802865982],
        "cov": [[5440.02099609, 366.51953125, 173.907119751, 87.0739517212, 369.887084961, 19.9504032135, 32.4863319397, 49.9418106079, -65.5238800049, 141.183563232, -188.751754761, 145.180541992, -150.136642456], [366.51953125, 1379.59057617, 19.9949817657, 59.2562179565, 160.231903076, -132.84034729, 41.397808075, -62.0410118103, 95.0067596436, -141.763885498, 131.570526123, -94.4883499146, 33.9572296143], [173.907119751, 19.9949817657, 1602.5916748, 531.858520508, 351.835845947, 273.763793945, 97.7630004883, 161.741027832, 20.2974376678, 133.218353271, -42.145149231, 93.3895492554, -53.1907958984], [87.0739517212, 59.2562179565, 531.858520508, 618.634399414, 269.644317627, 122.813529968, 59.2107696533, -7.69117593765, 43.5374259949, 32.6209907532, 29.5194606781, 9.08112621307, 49.4333839417], [369.887084961, 160.231903076, 351.835845947, 269.644317627, 471.237060547, 206.319656372, 94.6148147583, 57.1342544556, 58.7220916748, 87.78490448, 2.88715386391, 36.3778419495, 14.5127468109], [19.9504032135, -132.84034729, 273.763793945, 122.813529968, 206.319656372, 438.47052002, 236.781143188, 129.511047363, 33.6002693176, 85.8463821411, 42.3813667297, 26.8587741852, 38.8971595764], [32.4863319397, 41.397808075, 97.7630004883, 59.2107696533, 94.6148147583, 236.781143188, 361.088806152, 143.555053711, 25.0542259216, 30.7167472839, 40.8646888733, 37.6592483521, 34.588394165], [49.9418106079, -62.0410118103, 161.741027832, -7.69117593765, 57.1342544556, 129.511047363, 143.555053711, 227.952911377, 96.4463043213, 57.0659790039, 30.9633197784, 38.5835266113, 13.5157184601], [-65.5238800049, 95.0067596436, 20.2974376678, 43.5374259949, 58.7220916748, 33.6002693176, 25.0542259216, 96.4463043213, 172.037399292, 56.8907241821, 55.6352539062, -7.12350034714, 30.3673610687], [141.183563232, -141.763885498, 133.218353271, 32.6209907532, 87.78490448, 85.8463821411, 30.7167472839, 57.0659790039, 56.8907241821, 157.705459595, 26.8735942841, 32.1595878601, -8.15160560608], [-188.751754761, 131.570526123, -42.145149231, 29.5194606781, 2.88715386391, 42.3813667297, 40.8646888733, 30.9633197784, 55.6352539062, 26.8735942841, 160.524398804, 20.194688797, 28.0149307251], [145.180541992, -94.4883499146, 93.3895492554, 9.08112621307, 36.3778419495, 26.8587741852, 37.6592483521, 38.5835266113, -7.12350034714, 32.1595878601, 20.194688797, 108.070800781, 19.9011306763], [-150.136642456, 33.9572296143, -53.1907958984, 49.4333839417, 14.5127468109, 38.8971595764, 34.588394165, 13.5157184601, 30.3673610687, -8.15160560608, 28.0149307251, 19.9011306763, 110.699523926]],
        "icov": [[0.000300207640976, -0.000413588189986, 0.000298584258417, -0.000374397495762, 0.000153111031977, -0.00030855825753, 0.000308072951157, -0.000451633095508, 0.000392826070311, -0.000692055502441, 0.000910735514481, -0.000975651899353, 0.000678109994624], [-0.000413588189986, 0.00247010285966, -0.00119513261598, 0.00172475911677, -0.00200222898275, 0.0021527018398, -0.00186595087871, 0.0021115145646, -0.00191696640104, 0.00328044430353, -0.0036255470477, 0.00354182790034, -0.00178357306868], [0.000298584258417, -0.00119513261598, 0.0019598333165, -0.00211493344977, 0.000887157919351, -0.00154831644613, 0.00146175303962, -0.00224182894453, 0.00145753542893, -0.00194780039601, 0.00246815104038, -0.00278175342828, 0.00223461887799], [-0.000374397495762, 0.00172475911677, -0.00211493344977, 0.00470824772492, -0.00265903421678, 0.00191889109556, -0.0020022734534, 0.00329969963059, -0.00213011307642, 0.00277672684751, -0.00348120275885, 0.00366253242828, -0.00324710085988], [0.000153111031977, -0.00200222898275, 0.000887157919351, -0.00265903421678, 0.00556548498571, -0.00325234280899, 0.00157035526354, -0.00109695037827, 0.000212591388845, -0.00320678646676, 0.00371641200036, -0.00380374141969, 0.00194079673383], [-0.00030855825753, 0.0021527018398, -0.00154831644613, 0.00191889109556, -0.00325234280899, 0.00699713407084, -0.00400658324361, 0.000804829702247, 2.74113426713e-06, 0.00111185165588, -0.00403960421681, 0.0049790837802, -0.00335000501946], [0.000308072951157, -0.00186595087871, 0.00146175303962, -0.0020022734534, 0.00157035526354, -0.00400658324361, 0.00689429184422, -0.00472048530355, 0.00282816332765, -0.00176739215385, 0.00233680196106, -0.00335703371093, 0.0013170047896], [-0.000451633095508, 0.0021115145646, -0.00224182894453, 0.00329969963059, -0.00109695037827, 0.000804829702247, -0.00472048530355, 0.0124258017167, -0.00802063010633, 0.00324276927859, -0.00250983634032, 0.000656870775856, -0.00103599124122], [0.000392826070311, -0.00191696640104, 0.00145753542893, -0.00213011307642, 0.000212591388845, 2.74113426713e-06, 0.00282816332765, -0.00802063010633, 0.0137385176495, -0.00597663642839, -3.63589279004e-05, 0.00151299498975, -0.0016325613251], [-0.000692055502441, 0.00328044430353, -0.00194780039601, 0.00277672684751, -0.00320678646676, 0.00111185165588, -0.00176739215385, 0.00324276927859, -0.00597663642839, 0.0139859933406, -0.00541426567361, 0.00201212288812, -0.000256836763583], [0.000910735514481, -0.0036255470477, 0.00246815104038, -0.00348120275885, 0.00371641200036, -0.00403960421681, 0.00233680196106, -0.00250983634032, -3.63589279004e-05, -0.00541426567361, 0.0138205513358, -0.00795086845756, 0.00313937477767], [-0.000975651899353, 0.00354182790034, -0.00278175342828, 0.00366253242828, -0.00380374141969, 0.0049790837802, -0.00335703371093, 0.000656870775856, 0.00151299498975, 0.00201212288812, -0.00795086845756, 0.0190747007728, -0.0073478971608], [0.000678109994624, -0.00178357306868, 0.00223461887799, -0.00324710085988, 0.00194079673383, -0.00335000501946, 0.0013170047896, -0.00103599124122, -0.0016325613251, -0.000256836763583, 0.00313937477767, -0.0073478971608, 0.0146170835942]]
    },
    "melbands": {
        "mean": [0.00287094619125, 0.00144654186442, 0.000453465327155, 0.000287105212919, 0.000192858700757, 0.000228856501053, 0.000236326886807, 0.000142919903737, 0.000113164605864, 8.88668655534e-05, 7.95074156485e-05, 4.89876510983e-05, 4.78785150335e-05, 3.61259080819e-05, 2.80842741631e-05, 2.3152329959e-05, 2.67375053227e-05, 2.43174254138e-05, 2.31859139603e-05, 2.76419941656e-05, 1.99092919502e-05, 2.15856216528e-05, 1.84179461939e-05, 1.81808009074e-05, 2.52884474321e-05, 1.92233292182e-05, 1.29487252707e-05, 1.07714377009e-05, 7.41099484003e-06, 7.54277971282e-06, 5.33391448698e-06, 4.35407446275e-06, 3.65051960216e-06, 3.32305035045e-06, 2.45315595748e-06, 1.62256208114e-06, 1.17058596061e-06, 8.58481882915e-07, 7.48271702378e-07, 5.99621500896e-07],
        "stdev": [0.00414972798899, 0.00240650051273, 0.000900867860764, 0.000553810154088, 0.000375531933969, 0.000481403403683, 0.000592379248701, 0.000352726259734, 0.000313543714583, 0.00023328489624, 0.000219782683416, 0.000145270911162, 0.000161164076417, 0.000118579118862, 8.67421695148e-05, 6.25951506663e-05, 6.15974640823e-05, 6.65486149956e-05, 5.2600455092e-05, 6.71527159284e-05, 4.06471517636e-05, 4.12041263189e-05, 4.10204993386e-05, 3.85983839806e-05, 4.73056788906e-05, 3.8503047108e-05, 2.30820096476e-05, 2.19189332711e-05, 1.56804071594e-05, 1.69585509866e-05, 9.82256551652e-06, 7.89948171587e-06, 8.47828687256e-06, 8.33210924611e-06, 6.11965378994e-06, 3.90923241866e-06, 2.16823877963e-06, 1.57944759849e-06, 1.62315302532e-06, 1.30175578761e-06]
    },
    "melbands128": {
        "mean": [0.000138231538585, 0.00233670277521, 0.00474006356671, 0.00264678755775, 0.000939409248531, 0.0005637704744, 0.000422824785346, 0.000446915568318, 0.000451789179351, 0.000281016138615, 0.000200706374017, 0.000192267470993, 0.000193020212464, 0.000183393334737, 0.000221231894102, 0.000250459008384, 0.000281090935459, 0.000241235014983, 0.000184285803698, 0.000144338657265, 0.000128476473037, 0.000123483187053, 0.000114447735541, 0.000102654506918, 8.31573197502e-05, 9.00073209777e-05, 8.70704679983e-05, 8.82609019754e-05, 6.60262012389e-05, 3.94300332118e-05, 4.67558456876e-05, 5.72101926082e-05, 4.25948892371e-05, 4.73182044516e-05, 4.83886542497e-05, 2.66134265985e-05, 3.02192656818e-05, 2.82250857708e-05, 2.86348476948e-05, 2.25285602937e-05, 2.23022216232e-05, 2.36565174419e-05, 2.0809851776e-05, 3.5355478758e-05, 2.83717818093e-05, 2.09814388654e-05, 2.07177981792e-05, 1.96929322556e-05, 2.43347785727e-05, 3.24126667692e-05, 2.91387623292e-05, 2.26838383242e-05, 1.80121733138e-05, 1.99382102437e-05, 2.14142182813e-05, 2.25533294724e-05, 2.14314732148e-05, 1.82820494956e-05, 1.72231611941e-05, 1.83292722795e-05, 1.86843280972e-05, 1.69248978636e-05, 2.17971646634e-05, 3.12354459311e-05, 2.52992103924e-05, 1.79972394108e-05, 1.66532445292e-05, 1.4380495486e-05, 1.17736672109e-05, 1.0828068298e-05, 1.3188306184e-05, 8.83730353962e-06, 8.20144668978e-06, 7.10491758582e-06, 5.87298973187e-06, 9.64263199421e-06, 6.94110258337e-06, 5.86348960496e-06, 5.11548387294e-06, 4.77891262562e-06, 4.66984556624e-06, 4.34384082837e-06, 3.31134060616e-06, 3.74515479962e-06, 3.63034951079e-06, 3.5958389617e-06, 3.02536295749e-06, 3.16054251925e-06, 2.37217091126e-06, 2.10800703826e-06, 1.77552578862e-06, 1.50906078034e-06, 1.30280068333e-06, 1.17266631605e-06, 1.11601093522e-06, 9.34802301344e-07, 8.23788752768e-07, 7.27377994281e-07, 7.50095864532e-07, 7.73438728174e-07, 6.42429711206e-07, 6.07085780757e-07, 4.69365460276e-07, 4.9287228876e-07, 3.97367898586e-07, 3.28909379732e-07, 3.33644578632e-07, 3.39153359619e-07, 4.17134572217e-07, 3.3023863466e-07, 2.64593722932e-07, 2.84206322476e-07, 2.81947933445e-07, 2.82393472162e-07, 1.89459171906e-07, 3.67486201469e-08, 1.04166727327e-11, 3.13544047496e-12, 3.01142140738e-12, 2.90366363766e-12, 2.82253625854e-12, 2.75517868069e-12, 2.69026858082e-12, 2.638912526e-12, 2.5973340232e-12, 2.56739898438e-12, 2.5450685396e-12, 2.52765126538e-12],
        "stdev": [0.000178745001904, 0.00309308990836, 0.00717683555558, 0.00454134168103, 0.00221430999227, 0.00151568325236, 0.00101382576395, 0.000958350370638, 0.000975418020971, 0.000623379193712, 0.000513607403263, 0.000464454555186, 0.000473012303701, 0.000478755624499, 0.000626553024631, 0.000727923237719, 0.000859671679791, 0.000843981688377, 0.000659883313347, 0.000489360420033, 0.000450507708592, 0.000460828159703, 0.00043748531607, 0.000377628486603, 0.000307282374706, 0.000348201341694, 0.000339637888828, 0.000319738493999, 0.000265364302322, 0.000178664806299, 0.000196020351723, 0.000262967834715, 0.000217771943426, 0.000223109789658, 0.000236721680267, 0.000125951846712, 0.000138828982017, 0.000117565476103, 0.000126984348753, 9.93874200503e-05, 8.03817165433e-05, 9.40615791478e-05, 7.85543015809e-05, 9.17876022868e-05, 0.000105188897578, 8.83508037077e-05, 9.20053571463e-05, 6.12217336311e-05, 7.18246665201e-05, 9.56088842941e-05, 9.59255121415e-05, 5.20000248798e-05, 4.93476472911e-05, 5.36033548997e-05, 5.55741644348e-05, 5.08384873683e-05, 5.3537030908e-05, 5.08380107931e-05, 4.51678752142e-05, 4.66048004455e-05, 4.26493134e-05, 3.93598420487e-05, 4.71130842925e-05, 5.90789859416e-05, 6.3167171902e-05, 4.055300451e-05, 3.68117434846e-05, 3.30527982442e-05, 2.08336095966e-05, 2.068676622e-05, 3.36024495482e-05, 1.91035142052e-05, 1.59077026183e-05, 1.63128552231e-05, 1.48489443745e-05, 2.78621937468e-05, 1.28917636175e-05, 1.24661592054e-05, 1.06023799162e-05, 8.3923123384e-06, 8.93940068636e-06, 8.66344180395e-06, 8.06875141279e-06, 9.45614465309e-06, 9.81051380222e-06, 1.01257019196e-05, 8.30971930554e-06, 7.53028280087e-06, 6.53081087876e-06, 6.53229380987e-06, 5.11318057761e-06, 3.61618458555e-06, 2.78025095213e-06, 2.46538002102e-06, 1.96074506675e-06, 1.7698891952e-06, 1.65874530467e-06, 1.66256461398e-06, 1.78564994258e-06, 1.87918055872e-06, 1.49859897647e-06, 1.52596169301e-06, 8.92069806468e-07, 8.98342364053e-07, 6.93089759807e-07, 5.54746804937e-07, 5.23192511537e-07, 5.27759141278e-07, 7.25496079212e-07, 5.01067233927e-07, 3.99475823087e-07, 4.60336963215e-07, 4.58103897927e-07, 4.57826160982e-07, 3.06706027686e-07, 6.02197332e-08, 4.84109766163e-11, 5.12477907333e-12, 4.9293707137e-12, 4.76470512351e-12, 4.62953807234e-12, 4.51328948173e-12, 4.41212040861e-12, 4.32887926893e-12, 4.25870059703e-12, 4.20448918736e-12, 4.16469636555e-12, 4.13931606005e-12]
    },
    "mfcc": {
        "mean": [-663.35369873, 83.9391403198, 6.05806350708, 36.1100921631, 4.33719158173, 5.28033256531, 0.815039336681, 7.5425453186, -0.104754500091, 5.96203708649, 2.97399306297, 0.854599952698, 4.81947946548],
        "cov": [[5018.04003906, 473.968261719, -483.981384277, 149.826309204, 51.7524871826, 85.902633667, -31.7734184265, 2.22000980377, 30.9239425659, -66.6297073364, 45.0458602905, 4.5720705986, -77.8489761353], [473.968261719, 1153.49462891, -23.8451824188, 76.0762481689, 92.2568206787, -63.3561134338, -9.2772397995, 38.8128051758, -44.5902442932, -16.3280677795, 42.9613952637, 23.1651268005, 1.60238611698], [-483.981384277, -23.8451824188, 1124.56262207, 335.84274292, 277.711364746, 183.091018677, 179.971694946, 115.746940613, 110.554862976, 53.2343711853, 65.6043319702, 68.742767334, 77.8802947998], [149.826309204, 76.0762481689, 335.84274292, 531.121398926, 243.768493652, 129.616027832, 31.1603107452, 14.4734182358, 36.481086731, -7.69865942001, -14.4141206741, 21.6384677887, 20.0039577484], [51.7524871826, 92.2568206787, 277.711364746, 243.768493652, 456.968902588, 180.271652222, 43.8485946655, 17.6134605408, 68.8570861816, 54.5559844971, 44.2826194763, 30.5220127106, 35.6934890747], [85.902633667, -63.3561134338, 183.091018677, 129.616027832, 180.271652222, 336.973968506, 206.894500732, 59.1531829834, 96.7245864868, 56.0517845154, 26.8459339142, 48.5851173401, 21.0610408783], [-31.7734184265, -9.2772397995, 179.971694946, 31.1603107452, 43.8485946655, 206.894500732, 318.540588379, 151.951828003, 112.118293762, 54.8642158508, 56.8359680176, 67.2615585327, 45.8663024902], [2.22000980377, 38.8128051758, 115.746940613, 14.4734182358, 17.6134605408, 59.1531829834, 151.951828003, 203.432678223, 101.33442688, 43.6649284363, 46.6051940918, 53.1205062866, 39.7024688721], [30.9239425659, -44.5902442932, 110.554862976, 36.481086731, 68.8570861816, 96.7245864868, 112.118293762, 101.33442688, 206.770080566, 82.6411590576, 37.588180542, 41.5651817322, 33.5790901184], [-66.6297073364, -16.3280677795, 53.2343711853, -7.69865942001, 54.5559844971, 56.0517845154, 54.8642158508, 43.6649284363, 82.6411590576, 151.573471069, 72.3889465332, 24.0397205353, 27.1213207245], [45.0458602905, 42.9613952637, 65.6043319702, -14.4141206741, 44.2826194763, 26.8459339142, 56.8359680176, 46.6051940918, 37.588180542, 72.3889465332, 153.650588989, 67.2882003784, 17.0947036743], [4.5720705986, 23.1651268005, 68.742767334, 21.6384677887, 30.5220127106, 48.5851173401, 67.2615585327, 53.1205062866, 41.5651817322, 24.0397205353, 67.2882003784, 126.364967346, 53.9379463196], [-77.8489761353, 1.60238611698, 77.8802947998, 20.0039577484, 35.6934890747, 21.0610408783, 45.8663024902, 39.7024688721, 33.5790901184, 27.1213207245, 17.0947036743, 53.9379463196, 122.801361084]],
        "icov": [[0.000237518499489, -9.21365135582e-05, 0.000154871828272, -0.000126945786178, 3.97896546929e-05, -0.00019040243933, 0.000121725242934, -5.18276865478e-05, -0.000157262009452, 0.000240970402956, -0.00024529901566, 7.90518679423e-05, 5.58243409614e-05], [-9.21365135582e-05, 0.00101048243232, 7.09426021785e-05, -0.000121551413031, -0.000408487307141, 0.000576091522817, -0.000291291624308, -0.000298920815112, 0.000424962345278, -5.88946022617e-07, -0.000128424595459, -0.000155155896209, 9.85369406408e-05], [0.000154871828272, 7.09426021785e-05, 0.00141350389458, -0.000734271190595, -0.000424933386967, 9.17403813219e-05, -0.000487776298542, -0.000240765424678, -0.00014602515148, 0.000259675842244, -0.000504636089318, 0.000177549853106, -0.000336930912454], [-0.000126945786178, -0.000121551413031, -0.000734271190595, 0.00305222417228, -0.0010825387435, -0.00055631971918, 0.000505346164573, -8.8865388534e-05, -1.77043948497e-05, 0.00039868868771, 0.000930045498535, -0.000475901615573, 0.00013598203077], [3.97896546929e-05, -0.000408487307141, -0.000424933386967, -0.0010825387435, 0.00420459359884, -0.00260849832557, 0.00190010946244, -3.19925347867e-05, -0.000562517961953, -0.000194641630515, -0.00127846386749, 0.000797652406618, -0.000973275746219], [-0.00019040243933, 0.000576091522817, 9.17403813219e-05, -0.00055631971918, -0.00260849832557, 0.00829357281327, -0.00597347132862, 0.00236354954541, -0.00041593669448, -0.0014617688721, 0.00198033871129, -0.00176747748628, 0.00164418504573], [0.000121725242934, -0.000291291624308, -0.000487776298542, 0.000505346164573, 0.00190010946244, -0.00597347132862, 0.00971417035908, -0.0047396402806, -0.000606731045991, 0.000872827484272, -0.00162174075376, 0.000321351952152, -0.00125795113854], [-5.18276865478e-05, -0.000298920815112, -0.000240765424678, -8.8865388534e-05, -3.19925347867e-05, 0.00236354954541, -0.0047396402806, 0.00983840879053, -0.00293758115731, -2.46950985456e-05, -0.000197284913156, -0.00108292803634, -0.000356583565008], [-0.000157262009452, 0.000424962345278, -0.00014602515148, -1.77043948497e-05, -0.000562517961953, -0.00041593669448, -0.000606731045991, -0.00293758115731, 0.00863912049681, -0.00383048807271, 0.00150135310832, -0.00112032482866, 0.000168206344824], [0.000240970402956, -5.88946022617e-07, 0.000259675842244, 0.00039868868771, -0.000194641630515, -0.0014617688721, 0.000872827484272, -2.46950985456e-05, -0.00383048807271, 0.0116913979873, -0.00577575899661, 0.00295043480583, -0.00211418839172], [-0.00024529901566, -0.000128424595459, -0.000504636089318, 0.000930045498535, -0.00127846386749, 0.00198033871129, -0.00162174075376, -0.000197284913156, 0.00150135310832, -0.00577575899661, 0.0125402584672, -0.00659826910123, 0.0027337167412], [7.90518679423e-05, -0.000155155896209, 0.000177549853106, -0.000475901615573, 0.000797652406618, -0.00176747748628, 0.000321351952152, -0.00108292803634, -0.00112032482866, 0.00295043480583, -0.00659826910123, 0.0143200289458, -0.00539809232578], [5.58243409614e-05, 9.85369406408e-05, -0.000336930912454, 0.00013598203077, -0.000973275746219, 0.00164418504573, -0.00125795113854, -0.000356583565008, 0.000168206344824, -0.00211418839172, 0.0027337167412, -0.00539809232578, 0.0113662872463]]
    },
    "spectral_contrast_coeffs": {
        "mean": [-0.735113561153, -0.755378007889, -0.77979683876, -0.783230483532, -0.770835459232, -0.746524989605],
        "stdev": [0.0924882441759, 0.096322350204, 0.0786915048957, 0.0621535256505, 0.0476030372083, 0.0488049648702]
    },
    "spectral_contrast_valleys": {
        "mean": [-7.26517438889, -7.32757043839, -8.01207065582, -8.12225914001, -7.59903812408, -10.1318359375],
        "stdev": [1.34610581398, 0.889456629753, 0.942584097385, 0.983610093594, 0.91341394186, 0.89633756876]
    }
},
"rhythm": {
    "beats_count": 454,
    "beats_loudness": {
        "mean": 0.0373134166002,
        "stdev": 0.0177164971828
    },
    "bpm": 93.4772644043,
    "bpm_histogram_first_peak_bpm": 94,
    "bpm_histogram_first_peak_weight": 0.376126110554,
    "bpm_histogram_second_peak_bpm": 89,
    "bpm_histogram_second_peak_spread": 0.111111164093,
    "bpm_histogram_second_peak_weight": 0.0176600441337,
    "danceability": 1.62987029552,
    "onset_rate": 3.98557114601,
    "beats_loudness_band_ratio": {
        "mean": [0.388542950153, 0.141255289316, 0.122416652739, 0.0631266534328, 0.153962895274, 0.168324410915],
        "stdev": [0.281134158373, 0.111015930772, 0.144615471363, 0.0884253531694, 0.122316218913, 0.124976068735]
    },
    "beats_position": [0.673378646374, 1.35836732388, 2.04335594177, 2.71673464775, 3.41333317757, 4.06349182129, 4.71365070343, 5.36380958557, 5.99074840546, 6.64090681076, 7.2910656929, 7.92961454391, 8.56816291809, 9.2067117691, 9.84526062012, 10.4954195023, 11.1339683533, 11.7725172043, 12.4110651016, 13.0496139526, 13.6997728348, 14.3383216858, 14.9768705368, 15.6270294189, 16.2655773163, 16.9157371521, 17.5542850494, 18.1928348541, 18.8313827515, 19.4699325562, 20.1084804535, 20.758638382, 21.3971881866, 22.0473461151, 22.6858959198, 23.3244438171, 23.9629936218, 24.6131515503, 25.2400894165, 25.8902492523, 26.5287971497, 27.1789569855, 27.8175048828, 28.4560546875, 29.0946025848, 29.7447605133, 30.3717002869, 31.0102481842, 31.6487979889, 32.2989578247, 32.9491157532, 33.5876655579, 34.2262115479, 34.8647613525, 35.5033111572, 36.1534690857, 36.7920188904, 37.4305648804, 38.0807266235, 38.7192726135, 39.3578224182, 39.9963722229, 40.6349182129, 41.2850799561, 41.923625946, 42.5737876892, 43.2123336792, 43.8508834839, 44.4894332886, 45.139591217, 45.7781410217, 46.4166870117, 47.0668487549, 47.7053947449, 48.3439445496, 48.9824943542, 49.6210403442, 50.2712020874, 50.9097480774, 51.5482978821, 52.1984558105, 52.8370056152, 53.4755554199, 54.1141014099, 54.7526512146, 55.3912010193, 56.029750824, 56.6799087524, 57.3300666809, 57.9802246094, 58.6071662903, 59.2457122803, 59.884262085, 60.5344200134, 61.1729698181, 61.8115196228, 62.4500656128, 63.100227356, 63.7387733459, 64.3773193359, 65.0158691406, 65.6544189453, 66.29296875, 66.9431304932, 67.5932846069, 68.2318344116, 68.8703842163, 69.508934021, 70.1474838257, 70.7860336304, 71.4245758057, 72.0747375488, 72.7132873535, 73.3634490967, 74.001991272, 74.6405410767, 75.2790908813, 75.9292526245, 76.5678024292, 77.217956543, 77.8565063477, 78.4950561523, 79.133605957, 79.7721557617, 80.410697937, 81.0608596802, 81.6994094849, 82.349571228, 82.9881134033, 83.626663208, 84.2652130127, 84.9153747559, 85.5423126221, 86.1924667358, 86.8310165405, 87.4811782837, 88.1197280884, 88.7582778931, 89.3968200684, 90.035369873, 90.6739196777, 91.3240814209, 91.9626312256, 92.6127853394, 93.251335144, 93.8898849487, 94.5284347534, 95.1669845581, 95.8055343628, 96.4440765381, 97.0826263428, 97.7327880859, 98.3829498291, 99.0214920044, 99.6600418091, 100.298591614, 100.937141418, 101.587303162, 102.225845337, 102.87600708, 103.514556885, 104.153106689, 104.791656494, 105.430198669, 106.068748474, 106.718910217, 107.357460022, 108.007614136, 108.64616394, 109.284713745, 109.92326355, 110.561813354, 111.200363159, 111.850517273, 112.489067078, 113.139228821, 113.777778625, 114.427932739, 115.054870605, 115.69342041, 116.331970215, 116.97052002, 117.609069824, 118.259223938, 118.909385681, 119.547935486, 120.186485291, 120.825035095, 121.463577271, 122.102127075, 122.74067688, 123.390838623, 124.040992737, 124.679542542, 125.318092346, 125.968254089, 126.595191956, 127.245346069, 127.895507812, 128.534057617, 129.172607422, 129.811157227, 130.449707031, 131.099868774, 131.73840332, 132.376953125, 133.01550293, 133.654052734, 134.304214478, 134.942764282, 135.581314087, 136.219863892, 136.858413696, 137.508575439, 138.147125244, 138.78565979, 139.435821533, 140.074371338, 140.712921143, 141.363082886, 142.00163269, 142.651794434, 143.290344238, 143.928878784, 144.567428589, 145.205978394, 145.844528198, 146.494689941, 147.121627808, 147.760177612, 148.398727417, 149.04888916, 149.699050903, 150.337600708, 150.976135254, 151.626296997, 152.253234863, 152.891784668, 153.530334473, 154.180496216, 154.830657959, 155.469207764, 156.107757568, 156.746307373, 157.384857178, 158.023391724, 158.661941528, 159.312103271, 159.962265015, 160.600814819, 161.239364624, 161.889526367, 162.516464233, 163.155014038, 163.793563843, 164.443710327, 165.09387207, 165.732421875, 166.37097168, 167.009521484, 167.648071289, 168.286621094, 168.925170898, 169.575332642, 170.225479126, 170.864028931, 171.502578735, 172.152740479, 172.779678345, 173.418228149, 174.056777954, 174.706939697, 175.345489502, 175.984039307, 176.634185791, 177.284347534, 177.9112854, 178.549835205, 179.18838501, 179.838546753, 180.488708496, 181.138870239, 181.765808105, 182.40435791, 183.042892456, 183.681442261, 184.319992065, 184.970153809, 185.620315552, 186.258865356, 186.897415161, 187.535964966, 188.174514771, 188.824661255, 189.451599121, 190.101760864, 190.740310669, 191.390472412, 192.029022217, 192.667572021, 193.306121826, 193.944671631, 194.583221436, 195.23336792, 195.883529663, 196.533691406, 197.160629272, 197.799179077, 198.437728882, 199.076278687, 199.714828491, 200.364990234, 201.015136719, 201.653686523, 202.292236328, 202.930786133, 203.569335938, 204.207885742, 204.846435547, 205.49659729, 206.135147095, 206.773696899, 207.423858643, 208.062393188, 208.700942993, 209.351104736, 209.978042603, 210.628204346, 211.278366089, 211.928527832, 212.555465698, 213.194015503, 213.832565308, 214.471099854, 215.109649658, 215.77142334, 216.409973145, 217.048522949, 217.687072754, 218.325622559, 218.964172363, 219.602722168, 220.241271973, 220.891418457, 221.5415802, 222.180130005, 222.81867981, 223.468841553, 224.095779419, 224.734329224, 225.372879028, 226.023040771, 226.673187256, 227.311737061, 227.950286865, 228.58883667, 229.227386475, 229.865936279, 230.504486084, 231.154647827, 231.80480957, 232.454956055, 233.081893921, 233.720443726, 234.35899353, 234.997543335, 235.63609314, 236.286254883, 236.936416626, 237.574966431, 238.213516235, 238.86366272, 239.490600586, 240.129150391, 240.767700195, 241.417861938, 242.068023682, 242.706573486, 243.345123291, 243.983673096, 244.6222229, 245.260772705, 245.89932251, 246.549468994, 247.188018799, 247.826568604, 248.476730347, 249.115280151, 249.753829956, 250.392379761, 251.030929565, 251.681091309, 252.308029175, 252.958175659, 253.596725464, 254.235275269, 254.885437012, 255.523986816, 256.162536621, 256.812683105, 257.43963623, 258.089782715, 258.739959717, 259.378509521, 260.017059326, 260.655609131, 261.294158936, 261.94430542, 262.571228027, 263.221405029, 263.859954834, 264.498504639, 265.148651123, 265.787200928, 266.425750732, 267.075927734, 267.702850342, 268.352996826, 268.991546631, 269.630096436, 270.280273438, 270.918823242, 271.557373047, 272.207519531, 272.846069336, 273.484619141, 274.123168945, 274.76171875, 275.411865234, 276.050415039, 276.688964844, 277.339141846, 277.966064453, 278.616241455, 279.243164062, 279.893341064, 280.543487549, 281.182037354, 281.820587158, 282.470733643, 283.097686768, 283.736236572, 284.374786377, 285.024932861, 285.675109863, 286.313659668, 286.952209473, 287.602355957, 288.252502441, 288.92590332, 289.599273682, 290.272644043, 290.946014404, 291.619415283],
    "bpm_histogram": [0, 0, 0, 0, 0, 0, 0, 0, 0, 0, 0, 0, 0, 0, 0, 0, 0, 0, 0, 0, 0, 0, 0, 0, 0, 0, 0, 0, 0, 0, 0, 0, 0, 0, 0, 0, 0, 0, 0, 0, 0, 0, 0, 0, 0, 0, 0, 0, 0, 0, 0, 0, 0, 0, 0, 0, 0, 0, 0, 0, 0, 0, 0, 0, 0, 0, 0, 0, 0, 0, 0, 0, 0, 0, 0, 0, 0, 0, 0, 0, 0, 0, 0, 0, 0, 0, 0.00220750551671, 0, 0.00441501103342, 0.0132450331002, 0, 0.00220750551671, 0.306843280792, 0, 0.611479043961, 0, 0.0596026480198, 0, 0, 0, 0, 0, 0, 0, 0, 0, 0, 0, 0, 0, 0, 0, 0, 0, 0, 0, 0, 0, 0, 0, 0, 0, 0, 0, 0, 0, 0, 0, 0, 0, 0, 0, 0, 0, 0, 0, 0, 0, 0, 0, 0, 0, 0, 0, 0, 0, 0, 0, 0, 0, 0, 0, 0, 0, 0, 0, 0, 0, 0, 0, 0, 0, 0, 0, 0, 0, 0, 0, 0, 0, 0, 0, 0, 0, 0, 0, 0, 0, 0, 0, 0, 0, 0, 0, 0, 0, 0, 0, 0, 0, 0, 0, 0, 0, 0, 0, 0, 0, 0, 0, 0, 0, 0, 0, 0, 0, 0, 0, 0, 0, 0, 0, 0, 0, 0, 0, 0, 0, 0, 0, 0, 0, 0, 0, 0, 0, 0, 0, 0, 0, 0, 0, 0, 0, 0, 0, 0, 0, 0, 0, 0, 0, 0, 0, 0, 0, 0, 0, 0, 0]
},
"tonal": {
    "chords_changes_rate": 0.114376492798,
    "chords_number_rate": 0.00222398736514,
    "chords_strength": {
        "mean": 0.465813219547,
        "stdev": 0.0884412154555
    },
    "hpcp_crest": {
        "mean": 12.5457801819,
        "stdev": 5.94775247574
    },
    "hpcp_entropy": {
        "mean": 2.15662765503,
        "stdev": 0.791728615761
    },
    "key_edma": {
        "strength": 0.401603072882,
        "key": "D#",
        "scale": "major"
    },
    "key_krumhansl": {
        "strength": 0.397042870522,
        "key": "D#",
        "scale": "major"
    },
    "key_temperley": {
        "strength": 0.409112155437,
        "key": "A#",
        "scale": "major"
    },
    "tuning_diatonic_strength": 0.54047369957,
    "tuning_equal_tempered_deviation": 0.351964056492,
    "tuning_frequency": 440.508575439,
    "tuning_nontempered_energy_ratio": 0.950575232506,
    "hpcp": {
        "mean": [0.0924689695239, 0.114281311631, 0.194081038237, 0.224372208118, 0.201612904668, 0.195529744029, 0.173625573516, 0.128262847662, 0.0925297811627, 0.110881015658, 0.149460852146, 0.128703311086, 0.0880908221006, 0.0758747681975, 0.0696208029985, 0.067761182785, 0.0834990292788, 0.0859283283353, 0.0679206475616, 0.0842484682798, 0.0887103453279, 0.0697767734528, 0.0672571584582, 0.0690175369382, 0.0737003460526, 0.0898416861892, 0.110768832266, 0.114456675947, 0.10008751601, 0.0928606018424, 0.119502596557, 0.188664853573, 0.187088489532, 0.137089192867, 0.161088511348, 0.143562838435],
        "stdev": [0.203085139394, 0.223912760615, 0.31802085042, 0.33962443471, 0.305262058973, 0.307323724031, 0.294688344002, 0.243826657534, 0.200040131807, 0.218714222312, 0.281944900751, 0.230043664575, 0.19666659832, 0.171943947673, 0.163051456213, 0.154495358467, 0.168821811676, 0.172131761909, 0.144746392965, 0.165282785892, 0.178433075547, 0.151199817657, 0.145489871502, 0.15164577961, 0.15940593183, 0.181428283453, 0.211735337973, 0.233444154263, 0.207165703177, 0.196800142527, 0.209723234177, 0.287059575319, 0.279070883989, 0.222921714187, 0.291180193424, 0.266205668449]
    },
    "chords_histogram": [1.19142174721, 0.0476568713784, 2.5416996479, 1.25496423244, 8.81652069092, 1.66799044609, 3.32009530067, 0.0476568713784, 0.174741864204, 0.571882426739, 0, 0.603653669357, 0.58776807785, 2.08101677895, 0.58776807785, 0.190627485514, 1.06433677673, 0.555996835232, 2.62112784386, 7.14853048325, 3.66957902908, 24.8292293549, 21.8586177826, 14.5671167374],
    "thpcp": [1, 0.898564517498, 0.871452569962, 0.773828327656, 0.571652114391, 0.41239413619, 0.494183391333, 0.666129052639, 0.573615193367, 0.392610222101, 0.338164746761, 0.310291558504, 0.302003473043, 0.372145146132, 0.382972240448, 0.302714169025, 0.375485301018, 0.395371347666, 0.310986697674, 0.299757093191, 0.307602882385, 0.328473597765, 0.400413602591, 0.49368339777, 0.51011967659, 0.446078032255, 0.413868546486, 0.532608747482, 0.840856611729, 0.833830952644, 0.610990107059, 0.717952132225, 0.639842331409, 0.412123084068, 0.509338080883, 0.864995896816],
    "chords_key": "C",
    "chords_scale": "minor"
}
}