{
"metadata": {
    "version": {
        "essentia": "2.1-dev",
        "essentia_git_sha": "v2.1_beta3-415-gd5473f3",
        "extractor": "music 2.0"
    },
    "audio_properties": {
        "analysis": {
            "equal_loudness": 0,
            "length": 238.550201416,
            "sample_rate": 44100,
            "start_time": 0,
            "downmix": "mix"
        },
        "bit_rate": 192000,
        "length": 238.550201416,
        "lossless": 0,
        "number_channels": 2,
        "replay_gain": -8.83420562744,
        "sample_rate": 44100,
        "codec": "mp3",
        "md5_encoded": "18e774ab882a556262a58c4341140ee1"
    },
    "tags": {
        "file_name": "dr_dre-nuthin_but_a_thang.mp3",
        "album": ["The Chronic"],
        "artist": ["Dr. Dre"],
        "date": ["1992"],
        "genre": ["Rap"],
        "title": ["Nuthin' But A 'G' Thang"]
    }
},
"lowlevel": {
    "average_loudness": 0.975919187069,
    "barkbands_crest": {
        "mean": 14.4207677841,
        "stdev": 6.20625400543
    },
    "barkbands_flatness_db": {
        "mean": 0.168047726154,
        "stdev": 0.0683768466115
    },
    "barkbands_kurtosis": {
        "mean": 14.5225791931,
        "stdev": 44.9007720947
    },
    "barkbands_skewness": {
        "mean": 2.47180056572,
        "stdev": 2.71747207642
    },
    "barkbands_spread": {
        "mean": 27.7581138611,
        "stdev": 19.1701850891
    },
    "dissonance": {
        "mean": 0.466469973326,
        "stdev": 0.0337888561189
    },
    "dynamic_complexity": 2.66341519356,
    "erbbands_crest": {
        "mean": 9.09772014618,
        "stdev": 3.84907126427
    },
    "erbbands_flatness_db": {
        "mean": 0.145878076553,
        "stdev": 0.0372032932937
    },
    "erbbands_kurtosis": {
        "mean": 0.872031509876,
        "stdev": 3.43453121185
    },
    "erbbands_skewness": {
        "mean": -0.348146945238,
        "stdev": 1.04722988605
    },
    "erbbands_spread": {
        "mean": 50.6714859009,
        "stdev": 27.5531215668
    },
    "hfc": {
        "mean": 19.8232765198,
        "stdev": 24.2806625366
    },
    "loudness_ebu128": {
        "integrated": -14.9356431961,
        "loudness_range": 1.3091506958,
        "momentary": {
            "mean": -15.0818538666,
            "stdev": 1.17078220844
        },
        "short_term": {
            "mean": -14.9574899673,
            "stdev": 0.487940400839
        }
    },
    "melbands_crest": {
        "mean": 21.704416275,
        "stdev": 8.73548603058
    },
    "melbands_flatness_db": {
        "mean": 0.237459868193,
        "stdev": 0.094499848783
    },
    "melbands_kurtosis": {
        "mean": 54.5305404663,
        "stdev": 112.81980896
    },
    "melbands_skewness": {
        "mean": 4.92038869858,
        "stdev": 4.18395280838
    },
    "melbands_spread": {
        "mean": 27.8768634796,
        "stdev": 30.9386959076
    },
    "pitch_salience": {
        "mean": 0.430984556675,
        "stdev": 0.178096726537
    },
    "silence_rate_20dB": {
        "mean": 1,
        "stdev": 0
    },
    "silence_rate_30dB": {
        "mean": 0.998637497425,
        "stdev": 0.036887973547
    },
    "silence_rate_60dB": {
        "mean": 0.0510948896408,
        "stdev": 0.220209732652
    },
    "spectral_centroid": {
        "mean": 2071.31762695,
        "stdev": 978.311828613
    },
    "spectral_complexity": {
        "mean": 13.7919225693,
        "stdev": 10.5967283249
    },
    "spectral_decrease": {
        "mean": -7.36408001245e-09,
        "stdev": 5.83338577442e-09
    },
    "spectral_energy": {
        "mean": 0.0295917205513,
        "stdev": 0.0227936338633
    },
    "spectral_energyband_high": {
        "mean": 0.00141487724613,
        "stdev": 0.00273109227419
    },
    "spectral_energyband_low": {
        "mean": 0.0190756153315,
        "stdev": 0.018955219537
    },
    "spectral_energyband_middle_high": {
        "mean": 0.00355440052226,
        "stdev": 0.00481389975175
    },
    "spectral_energyband_middle_low": {
        "mean": 0.00671183736995,
        "stdev": 0.00932726729661
    },
    "spectral_entropy": {
        "mean": 7.71416807175,
        "stdev": 0.372757941484
    },
    "spectral_flux": {
        "mean": 0.087789952755,
        "stdev": 0.0621889941394
    },
    "spectral_kurtosis": {
        "mean": 3.02787685394,
        "stdev": 1.96709704399
    },
    "spectral_rms": {
        "mean": 0.00497059617192,
        "stdev": 0.00204037129879
    },
    "spectral_rolloff": {
        "mean": 1670.18896484,
        "stdev": 2050.46582031
    },
    "spectral_skewness": {
        "mean": 1.13693654537,
        "stdev": 0.409572154284
    },
    "spectral_spread": {
        "mean": 5103575.5,
        "stdev": 1675235
    },
    "spectral_strongpeak": {
        "mean": 0.545423209667,
        "stdev": 0.669728338718
    },
    "zerocrossingrate": {
        "mean": 0.0652802363038,
        "stdev": 0.0493336506188
    },
    "barkbands": {
        "mean": [0.000834227248561, 0.0146720232442, 0.00247361208312, 0.00191903836094, 0.00136237207334, 0.000945210980717, 0.0011571161449, 0.000641277991235, 0.000585494795814, 0.000302660657326, 0.00025657331571, 0.000329690607032, 0.000203829578822, 0.000295747886412, 0.00044382433407, 0.000265298120212, 0.000341391860275, 0.000302928528981, 0.0005769347772, 0.00051212561084, 0.000395793176722, 0.000296491925837, 0.000236018982832, 0.000131191016408, 5.35675135325e-05, 5.664924538e-05, 6.58893270611e-07],
        "stdev": [0.00072070362512, 0.0142018031329, 0.00777452485636, 0.0051805167459, 0.00233473605476, 0.00199615047313, 0.0037848665379, 0.00196454464458, 0.0016235189978, 0.00098341377452, 0.000716384034604, 0.000747403828427, 0.000510924204718, 0.000654569070321, 0.00104014389217, 0.000500786525663, 0.000631923147012, 0.000550059892703, 0.00103954586666, 0.00148668640759, 0.000931458314881, 0.000651715206914, 0.000517426291481, 0.000389572203858, 0.000220820016693, 7.6695883763e-05, 1.58392265348e-06]
    },
    "erbbands": {
        "mean": [0.68515509367, 2.24900650978, 2.58029341698, 5.44548130035, 5.49811220169, 3.91819310188, 5.86806631088, 8.2687921524, 15.7981328964, 15.2739887238, 14.1351051331, 13.1558122635, 11.0030698776, 9.25134277344, 12.8635463715, 11.7318105698, 9.69448947906, 15.1910085678, 22.4425067902, 17.1794338226, 15.8242807388, 18.8037223816, 16.771818161, 24.4818172455, 28.601524353, 25.1094760895, 19.0251178741, 13.1818876266, 10.6619205475, 8.21496963501, 6.35949659348, 3.86946964264, 1.85570311546, 0.783415138721, 0.314963251352, 0.432483464479, 0.0496957674623, 0.00359233189374, 0.000135090085678, 4.20131073042e-05],
        "stdev": [0.643302500248, 2.52376723289, 6.87576293945, 16.2125453949, 10.3482675552, 8.18323993683, 11.8683404922, 19.7036151886, 55.0839309692, 44.90467453, 40.8232307434, 38.2618370056, 32.3276138306, 25.3086166382, 32.4410171509, 26.966211319, 23.5845603943, 30.6250457764, 58.9016838074, 33.3976516724, 28.1763362885, 35.3002510071, 30.1021366119, 41.8366889954, 59.7598724365, 70.2334823608, 51.464176178, 30.1030807495, 22.6963729858, 20.4862804413, 14.7220544815, 10.0251693726, 5.89259386063, 3.863270998, 0.826755404472, 0.585896849632, 0.0728402063251, 0.00693282019347, 0.000233318001847, 3.1198560464e-05]
    },
    "gfcc": {
        "mean": [-18.1203842163, 60.3927268982, -99.8038482666, 64.7258148193, -49.9969863892, 21.3041095734, -29.6828346252, 19.0648860931, -16.163110733, 12.799279213, -13.1869449615, 9.41119098663, -12.4717350006],
        "cov": [[4131.73632812, 387.963897705, -650.014465332, -150.369750977, -216.636917114, -67.217590332, -110.104393005, -53.5114250183, -233.476150513, -205.41468811, -174.713790894, -169.661636353, -134.065475464], [387.963897705, 1403.34509277, 6.63566637039, -240.63734436, 75.7760467529, -285.369750977, -26.1479434967, 13.6212940216, 58.2295341492, -201.449676514, 24.839258194, -55.9346885681, -37.5883712769], [-650.014465332, 6.63566637039, 1335.40539551, 419.206359863, 70.4490585327, 39.8630256653, -96.2830200195, -2.46634531021, 71.9381256104, 32.0807647705, -26.3719615936, 100.671035767, -14.5619649887], [-150.369750977, -240.63734436, 419.206359863, 672.31237793, 189.846038818, 80.7683258057, -26.5721664429, -90.2253952026, -5.74421262741, 27.7619113922, 1.17625427246, -39.5322952271, 94.0212402344], [-216.636917114, 75.7760467529, 70.4490585327, 189.846038818, 401.136444092, 118.835044861, 42.3078460693, 11.6854562759, 48.6638069153, 21.1093788147, -6.99549531937, 16.9611148834, 43.6134643555], [-67.217590332, -285.369750977, 39.8630256653, 80.7683258057, 118.835044861, 372.444976807, 220.298492432, 19.3184375763, -15.8790531158, 31.5921287537, 4.64238595963, 19.0023384094, 49.2314567566], [-110.104393005, -26.1479434967, -96.2830200195, -26.5721664429, 42.3078460693, 220.298492432, 378.736694336, 96.8721389771, -27.7008552551, 8.52739048004, 32.9893188477, 20.130197525, 33.0727806091], [-53.5114250183, 13.6212940216, -2.46634531021, -90.2253952026, 11.6854562759, 19.3184375763, 96.8721389771, 208.103393555, 129.55821228, 26.2230682373, 38.5042495728, 48.0222625732, 5.89896631241], [-233.476150513, 58.2295341492, 71.9381256104, -5.74421262741, 48.6638069153, -15.8790531158, -27.7008552551, 129.55821228, 251.019607544, 89.6179504395, 61.9561576843, 33.8148994446, 22.2091255188], [-205.41468811, -201.449676514, 32.0807647705, 27.7619113922, 21.1093788147, 31.5921287537, 8.52739048004, 26.2230682373, 89.6179504395, 184.054168701, 69.8991241455, 20.571428299, -8.43706130981], [-174.713790894, 24.839258194, -26.3719615936, 1.17625427246, -6.99549531937, 4.64238595963, 32.9893188477, 38.5042495728, 61.9561576843, 69.8991241455, 162.227935791, 50.4006271362, 6.56286716461], [-169.661636353, -55.9346885681, 100.671035767, -39.5322952271, 16.9611148834, 19.0023384094, 20.130197525, 48.0222625732, 33.8148994446, 20.571428299, 50.4006271362, 160.328567505, 20.4300823212], [-134.065475464, -37.5883712769, -14.5619649887, 94.0212402344, 43.6134643555, 49.2314567566, 33.0727806091, 5.89896631241, 22.2091255188, -8.43706130981, 6.56286716461, 20.4300823212, 131.397674561]],
        "icov": [[0.000433512585005, -0.000560566142667, 0.000505431962665, -0.000685921637341, 0.000684225698933, -0.000912073010113, 0.000832811230794, -0.000960646895692, 0.000765638949815, -0.000537622894626, 0.00080114492448, -0.000430304644397, 0.000639870355371], [-0.000560566142667, 0.00297307199799, -0.00147952872794, 0.00258711539209, -0.00262525980361, 0.00379955070093, -0.0029825149104, 0.0033025436569, -0.00293920352124, 0.00408234866336, -0.00306199816987, 0.0024291225709, -0.00115224311594], [0.000505431962665, -0.00147952872794, 0.00215068040416, -0.00253311824054, 0.00180492759682, -0.00231564836577, 0.00194258755073, -0.00200986303389, 0.00108248577453, -0.00172585702967, 0.00240061548539, -0.00253018713556, 0.00199288665317], [-0.000685921637341, 0.00258711539209, -0.00253311824054, 0.00547569664195, -0.00359277101234, 0.00347049999982, -0.00271250051446, 0.00400632340461, -0.00216632289812, 0.00292477943003, -0.00375330052339, 0.00395166035742, -0.00363652827218], [0.000684225698933, -0.00262525980361, 0.00180492759682, -0.00359277101234, 0.00582875777036, -0.00444615725428, 0.00283571332693, -0.00306348875165, 0.00165310630109, -0.00325090344995, 0.00362871936522, -0.00302468240261, 0.00167380773928], [-0.000912073010113, 0.00379955070093, -0.00231564836577, 0.00347049999982, -0.00444615725428, 0.00998374447227, -0.00710004242137, 0.00560236303136, -0.00395545642823, 0.00411277683452, -0.00337681174278, 0.00287751737051, -0.0026590351481], [0.000832811230794, -0.0029825149104, 0.00194258755073, -0.00271250051446, 0.00283571332693, -0.00710004242137, 0.00912978500128, -0.00765737891197, 0.00595740461722, -0.00412548845634, 0.00201087165624, -0.00182392343413, 0.00082883797586], [-0.000960646895692, 0.0033025436569, -0.00200986303389, 0.00400632340461, -0.00306348875165, 0.00560236303136, -0.00765737891197, 0.0152138369158, -0.0100938333198, 0.00583472661674, -0.00315611087717, 0.000933250004891, -0.000869480310939], [0.000765638949815, -0.00293920352124, 0.00108248577453, -0.00216632289812, 0.00165310630109, -0.00395545642823, 0.00595740461722, -0.0100938333198, 0.0127817559987, -0.00728129874915, 0.00142388523091, -0.000934329931624, -0.00105634203646], [-0.000537622894626, 0.00408234866336, -0.00172585702967, 0.00292477943003, -0.00325090344995, 0.00411277683452, -0.00412548845634, 0.00583472661674, -0.00728129874915, 0.0138830263168, -0.00646620616317, 0.00299385865219, 0.000629325513728], [0.00080114492448, -0.00306199816987, 0.00240061548539, -0.00375330052339, 0.00362871936522, -0.00337681174278, 0.00201087165624, -0.00315611087717, 0.00142388523091, -0.00646620616317, 0.0123972538859, -0.00559016503394, 0.00218361546285], [-0.000430304644397, 0.0024291225709, -0.00253018713556, 0.00395166035742, -0.00302468240261, 0.00287751737051, -0.00182392343413, 0.000933250004891, -0.000934329931624, 0.00299385865219, -0.00559016503394, 0.0111514981836, -0.0036136538256], [0.000639870355371, -0.00115224311594, 0.00199288665317, -0.00363652827218, 0.00167380773928, -0.0026590351481, 0.00082883797586, -0.000869480310939, -0.00105634203646, 0.000629325513728, 0.00218361546285, -0.0036136538256, 0.0116995684803]]
    },
    "melbands": {
        "mean": [0.00487461546436, 0.00184128759429, 0.000964881153777, 0.000320316437865, 0.000198821071535, 0.000189223806956, 0.000241032365011, 0.000159587012604, 0.000113201211207, 8.07660690043e-05, 5.41220906598e-05, 3.69374683942e-05, 4.00057942898e-05, 4.07993866247e-05, 2.21386926569e-05, 2.26765241678e-05, 2.76342616417e-05, 3.41925406246e-05, 2.7646901799e-05, 1.94950935111e-05, 1.81155501195e-05, 1.91289291251e-05, 1.72284035216e-05, 1.53349301399e-05, 1.97395274881e-05, 2.36242321989e-05, 1.78224363481e-05, 1.60583622346e-05, 1.348468777e-05, 7.9845849541e-06, 7.39506140235e-06, 5.80573305342e-06, 5.98574297328e-06, 3.97859867007e-06, 3.50733739651e-06, 3.72843987861e-06, 1.84027533123e-06, 1.38464054089e-06, 9.14866120638e-07, 5.70123120269e-07],
        "stdev": [0.00464030448347, 0.00308641907759, 0.00255686882883, 0.000589665141888, 0.000376849493477, 0.000432841537986, 0.000810454250313, 0.000464946613647, 0.00032975373324, 0.000238204083871, 0.000163736651302, 0.000109115004307, 0.00010503608064, 9.12491304916e-05, 6.33940435364e-05, 5.14653911523e-05, 5.96463833062e-05, 9.16662684176e-05, 5.99107115704e-05, 3.81150239264e-05, 3.41001541528e-05, 3.84841187042e-05, 3.53514296876e-05, 2.63271012955e-05, 3.67173743143e-05, 4.74975713587e-05, 4.75698761875e-05, 4.76096465718e-05, 3.91441171814e-05, 1.90014507098e-05, 1.7745545847e-05, 1.21632183436e-05, 1.46366510307e-05, 1.03568872873e-05, 8.89363764145e-06, 7.93802428234e-06, 5.83167502555e-06, 4.70200393465e-06, 3.48792218574e-06, 3.32049012286e-06]
    },
    "melbands128": {
        "mean": [0.000827546406072, 0.00626757973805, 0.00637313118204, 0.0027277264744, 0.00119674752932, 0.0012892348459, 0.0011713168351, 0.000876942358445, 0.000564011686947, 0.000264890288236, 0.000189324477105, 0.000200403825147, 0.000206622818951, 0.000194619642571, 0.000172516694875, 0.000187979414477, 0.000234721053857, 0.000275962403975, 0.000209623583942, 0.000169927909155, 0.000136865535751, 0.000123513076687, 0.000113036221592, 0.000100903140265, 8.68256393005e-05, 7.20043171896e-05, 6.8965513492e-05, 5.04944255226e-05, 4.43582466687e-05, 4.06707367802e-05, 2.99157836707e-05, 3.739308886e-05, 4.0063598135e-05, 4.00238495786e-05, 5.33279780939e-05, 3.92621950596e-05, 2.43413851422e-05, 2.13420953514e-05, 2.09820445889e-05, 1.97340359591e-05, 1.53654109454e-05, 3.77853466489e-05, 3.02617572743e-05, 2.13960393012e-05, 2.21424743359e-05, 3.68247310689e-05, 5.37448722753e-05, 1.92480110854e-05, 2.32050006161e-05, 2.483510616e-05, 1.6905092707e-05, 1.53223591042e-05, 2.17203923967e-05, 1.65881010616e-05, 1.68867190951e-05, 1.89866750588e-05, 1.97744757315e-05, 2.42738460656e-05, 1.3588881302e-05, 1.06423940451e-05, 1.72558757185e-05, 1.58086149895e-05, 1.70730545506e-05, 2.11942387978e-05, 2.35074767261e-05, 2.63607362285e-05, 2.32959955611e-05, 1.43307952385e-05, 1.85395274457e-05, 2.01761777134e-05, 1.552408321e-05, 1.4622278286e-05, 1.40017082231e-05, 1.575342867e-05, 9.26102620724e-06, 7.78884259489e-06, 6.73227805237e-06, 8.76374815562e-06, 7.61501405577e-06, 6.3437892095e-06, 5.58956662644e-06, 5.16049749422e-06, 6.80541097609e-06, 6.53799725114e-06, 5.07569711772e-06, 4.06738854508e-06, 3.73196462533e-06, 3.43348096976e-06, 3.53869631908e-06, 3.18423235512e-06, 4.62126536149e-06, 3.90450668419e-06, 2.25020130529e-06, 1.79324285909e-06, 1.56565010911e-06, 1.47061268763e-06, 1.42840224271e-06, 1.14280953767e-06, 9.4974257081e-07, 7.83323514497e-07, 6.54181974369e-07, 5.40775147329e-07, 4.64597576411e-07, 3.86572821753e-07, 3.33382701001e-07, 2.73266437034e-07, 2.0007686885e-07, 2.12770018493e-07, 1.33005653424e-06, 1.31088700073e-06, 1.65342157743e-07, 9.23301968214e-08, 8.11803815282e-08, 5.07007200667e-08, 3.72324535647e-08, 3.01161833249e-08, 2.15535074233e-08, 4.36774616475e-09, 1.04010111635e-09, 7.79576792009e-10, 5.88764870191e-10, 4.11786410526e-10, 2.14264272991e-10, 1.40603875765e-10, 1.06371352698e-11, 4.54111271156e-12, 4.50230781476e-12, 4.47239467682e-12],
        "stdev": [0.000716439564712, 0.00583029910922, 0.00663664471358, 0.00363760441542, 0.00309046334587, 0.00417189719155, 0.0038054396864, 0.00210031773895, 0.00104976282455, 0.000664276652969, 0.000579338171519, 0.000446774269221, 0.000493097468279, 0.000547518779058, 0.000532124133315, 0.000625845801551, 0.000952159112785, 0.00122955057304, 0.000850947631989, 0.000654752715491, 0.00057921995176, 0.000476513319882, 0.000456775916973, 0.000427850551205, 0.000345060456311, 0.000319079583278, 0.00024431096972, 0.000228275268455, 0.000197756642592, 0.000174215660081, 0.000115723203635, 0.00012286582205, 0.000139939103974, 0.000162624579389, 0.00014738443133, 0.000112564004667, 9.39698511502e-05, 8.81400483195e-05, 7.78527246439e-05, 7.32574262656e-05, 6.25484535703e-05, 9.0440888016e-05, 8.14917730168e-05, 7.6539166912e-05, 7.71420091041e-05, 0.000116565570352, 0.00018670958525, 6.27483823337e-05, 6.42715531285e-05, 6.82068639435e-05, 4.47465936304e-05, 4.29088904639e-05, 5.1111655921e-05, 4.06943290727e-05, 4.37670096289e-05, 5.0618131354e-05, 4.80459966639e-05, 5.24510869582e-05, 3.96024661313e-05, 2.8484781069e-05, 3.26016925101e-05, 3.00573428831e-05, 4.22178236477e-05, 4.72784522572e-05, 5.16119980603e-05, 6.4146159275e-05, 6.12374496995e-05, 3.31924384227e-05, 6.81539167999e-05, 5.70188094571e-05, 4.6412282245e-05, 5.068576138e-05, 4.97318142152e-05, 4.7307148634e-05, 2.71941789833e-05, 2.01296061277e-05, 1.60623840202e-05, 2.13168877963e-05, 2.13352650462e-05, 1.6020523617e-05, 1.15667062346e-05, 1.29627278511e-05, 1.63110544236e-05, 1.69960258063e-05, 1.48734397953e-05, 1.20474987853e-05, 9.74076647253e-06, 9.52621485339e-06, 1.03381007648e-05, 9.38151333685e-06, 9.84939379123e-06, 8.24103790364e-06, 6.90756178301e-06, 6.37308721707e-06, 5.98577071287e-06, 5.62087006983e-06, 5.29075668965e-06, 3.95343249693e-06, 3.41810664395e-06, 4.19845946453e-06, 4.67664813186e-06, 3.70507814296e-06, 1.61420371114e-06, 1.07464666144e-06, 8.96796279903e-07, 8.40216046072e-07, 6.49914113637e-07, 5.54794951313e-07, 1.91631988855e-06, 1.92721563508e-06, 3.26648091686e-07, 2.25374591878e-07, 1.71056484533e-07, 1.23265152752e-07, 9.02654306856e-08, 7.3747720819e-08, 4.96626846314e-08, 1.71436198571e-08, 7.29236715458e-09, 5.77777292676e-09, 4.10154044062e-09, 3.41446271257e-09, 1.91854043763e-09, 1.75489944798e-09, 1.24551410852e-10, 6.51351672251e-12, 6.45494855483e-12, 6.41869500259e-12]
    },
    "mfcc": {
        "mean": [-665.28692627, 84.6495361328, 14.3966302872, 47.1929550171, 10.0221481323, 15.2550563812, 1.49049150944, 13.6227388382, 1.60709226131, 11.5301675797, 5.88858747482, 2.74824953079, 4.28605651855],
        "cov": [[4474.6640625, 141.565933228, -746.271179199, -280.549835205, -276.669830322, -198.586547852, 18.9935188293, -67.1961517334, -76.2348556519, -124.290870667, -138.119110107, -142.303482056, -138.596740723], [141.565933228, 1497.45458984, -130.283981323, -96.7767715454, -13.699473381, -284.942230225, -142.360717773, 121.170333862, -50.7812004089, -85.4005050659, 36.7525863647, 15.1658620834, -17.337726593], [-746.271179199, -130.283981323, 1121.48608398, 331.286315918, 178.027694702, 103.421028137, -50.7161979675, 16.6831207275, 20.2920799255, -46.5127372742, 2.56415867805, 52.0484466553, 2.32016277313], [-280.549835205, -96.7767715454, 331.286315918, 533.576782227, 253.780395508, 89.2950286865, -15.016254425, -56.5564651489, 9.89200782776, -13.8626279831, -37.5716781616, -9.28925704956, -12.6097240448], [-276.669830322, -13.699473381, 178.027694702, 253.780395508, 439.611206055, 98.3552703857, -92.9835281372, -17.6889095306, 40.5747833252, 7.35264444351, 2.37721610069, 14.4445142746, 3.64561986923], [-198.586547852, -284.942230225, 103.421028137, 89.2950286865, 98.3552703857, 358.914978027, 198.876037598, 8.03630256653, 65.3937072754, 16.4048519135, -11.1374263763, 23.0349655151, -25.9930896759], [18.9935188293, -142.360717773, -50.7161979675, -15.016254425, -92.9835281372, 198.876037598, 342.56072998, 92.7364273071, 58.4867744446, 9.67059230804, -4.32068824768, 15.4960803986, -17.0311832428], [-67.1961517334, 121.170333862, 16.6831207275, -56.5564651489, -17.6889095306, 8.03630256653, 92.7364273071, 241.887481689, 89.6850204468, -8.46182250977, 29.3492221832, 37.1692848206, 37.5326766968], [-76.2348556519, -50.7812004089, 20.2920799255, 9.89200782776, 40.5747833252, 65.3937072754, 58.4867744446, 89.6850204468, 189.338104248, 61.1380615234, -0.958175361156, 21.6318435669, 6.38831186295], [-124.290870667, -85.4005050659, -46.5127372742, -13.8626279831, 7.35264444351, 16.4048519135, 9.67059230804, -8.46182250977, 61.1380615234, 178.40763855, 78.6967926025, -2.32284927368, 4.16681289673], [-138.119110107, 36.7525863647, 2.56415867805, -37.5716781616, 2.37721610069, -11.1374263763, -4.32068824768, 29.3492221832, -0.958175361156, 78.6967926025, 196.634078979, 89.7840576172, -13.4096899033], [-142.303482056, 15.1658620834, 52.0484466553, -9.28925704956, 14.4445142746, 23.0349655151, 15.4960803986, 37.1692848206, 21.6318435669, -2.32284927368, 89.7840576172, 179.297576904, 44.0166091919], [-138.596740723, -17.337726593, 2.32016277313, -12.6097240448, 3.64561986923, -25.9930896759, -17.0311832428, 37.5326766968, 6.38831186295, 4.16681289673, -13.4096899033, 44.0166091919, 191.506561279]],
        "icov": [[0.000277737795841, 1.61001244123e-05, 0.000160770970979, 2.40990757447e-05, 5.11739453941e-05, 0.000145568061271, -5.97135949647e-05, 6.27043482382e-05, -5.49150208826e-05, 0.000208936093259, 9.4755392638e-05, 5.72312710574e-05, 0.000194050982827], [1.61001244123e-05, 0.000893430609722, 9.9536482594e-05, 3.82878060918e-05, -0.000211372491322, 0.000693150970619, 6.15914395894e-05, -0.000579523504712, 0.000179397378815, 0.0003555433359, -9.86496670521e-05, -9.09709342523e-05, 0.000311294512358], [0.000160770970979, 9.9536482594e-05, 0.00130141468253, -0.000766575511079, 0.000220756803174, -0.000395728129661, 0.000608575821389, -0.000435125344666, -2.83928548015e-05, 0.000453653250588, -8.57747945702e-05, -0.000218594752369, 0.000175921610207], [2.40990757447e-05, 3.82878060918e-05, -0.000766575511079, 0.0032819013577, -0.00186492316425, 0.000511210935656, -0.00101183785591, 0.000954708957579, -3.75622948923e-06, 1.04831478893e-05, 0.000477969239, 0.000124435624457, 7.88484830991e-05], [5.11739453941e-05, -0.000211372491322, 0.000220756803174, -0.00186492316425, 0.00441059842706, -0.00233036093414, 0.00267773657106, -0.000640233338345, -0.000669892469887, 0.00011980720592, -0.00041080993833, 7.29766252334e-05, -0.000170016297488], [0.000145568061271, 0.000693150970619, -0.000395728129661, 0.000511210935656, -0.00233036093414, 0.0067543797195, -0.00448796153069, 0.00145714078099, -0.000909223686904, 0.000265546579612, 0.000404892140068, -0.000654025177937, 0.000686210405547], [-5.97135949647e-05, 6.15914395894e-05, 0.000608575821389, -0.00101183785591, 0.00267773657106, -0.00448796153069, 0.00712580559775, -0.0029320565518, 0.00031449724338, -0.00046569359256, 0.000421991368057, -0.000316347199259, 0.000538499793038], [6.27043482382e-05, -0.000579523504712, -0.000435125344666, 0.000954708957579, -0.000640233338345, 0.00145714078099, -0.0029320565518, 0.00785123929381, -0.00429092999548, 0.00280913244933, -0.00256279483438, 0.00106118840631, -0.00186982180458], [-5.49150208826e-05, 0.000179397378815, -2.83928548015e-05, -3.75622948923e-06, -0.000669892469887, -0.000909223686904, 0.00031449724338, -0.00429092999548, 0.00962950009853, -0.00515078799799, 0.00389072741382, -0.00253327284008, 0.00138041458558], [0.000208936093259, 0.0003555433359, 0.000453653250588, 1.04831478893e-05, 0.00011980720592, 0.000265546579612, -0.00046569359256, 0.00280913244933, -0.00515078799799, 0.0109896147624, -0.0067116371356, 0.00399386649951, -0.00183483224828], [9.4755392638e-05, -9.86496670521e-05, -8.57747945702e-05, 0.000477969239, -0.00041080993833, 0.000404892140068, 0.000421991368057, -0.00256279483438, 0.00389072741382, -0.0067116371356, 0.0115454625338, -0.00646659079939, 0.00300572230481], [5.72312710574e-05, -9.09709342523e-05, -0.000218594752369, 0.000124435624457, 7.29766252334e-05, -0.000654025177937, -0.000316347199259, 0.00106118840631, -0.00253327284008, 0.00399386649951, -0.00646659079939, 0.00992229580879, -0.00301802298054], [0.000194050982827, 0.000311294512358, 0.000175921610207, 7.88484830991e-05, -0.000170016297488, 0.000686210405547, 0.000538499793038, -0.00186982180458, 0.00138041458558, -0.00183483224828, 0.00300572230481, -0.00301802298054, 0.00680217519403]]
    },
    "spectral_contrast_coeffs": {
        "mean": [-0.743684768677, -0.747896373272, -0.771122038364, -0.778425276279, -0.763149261475, -0.743785500526],
        "stdev": [0.0718533322215, 0.0982861593366, 0.0814579427242, 0.0613181740046, 0.0512522943318, 0.0384393595159]
    },
    "spectral_contrast_valleys": {
        "mean": [-6.94849300385, -7.59780788422, -8.30242156982, -8.17968654633, -7.63373947144, -10.0565271378],
        "stdev": [1.04868137836, 0.887697339058, 0.961009085178, 0.914116024971, 0.860033273697, 0.830310761929]
    }
},
"rhythm": {
    "beats_count": 376,
    "beats_loudness": {
        "mean": 0.0456577651203,
        "stdev": 0.0222864300013
    },
    "bpm": 94.6562194824,
    "bpm_histogram_first_peak_bpm": 94,
    "bpm_histogram_first_peak_weight": 0.458445072174,
    "bpm_histogram_second_peak_bpm": 99,
    "bpm_histogram_second_peak_spread": 0.5,
    "bpm_histogram_second_peak_weight": 0.00266666663811,
    "danceability": 1.91699910164,
    "onset_rate": 5.1852388382,
    "beats_loudness_band_ratio": {
        "mean": [0.521841347218, 0.0802572891116, 0.0953510701656, 0.0514116883278, 0.0966101288795, 0.184026673436],
        "stdev": [0.321814507246, 0.0759016126394, 0.130313381553, 0.0570293329656, 0.0905073061585, 0.177395522594]
    },
    "beats_position": [0.580498874187, 1.17260766029, 1.77632653713, 2.40326523781, 3.03020405769, 3.65714287758, 4.29569149017, 4.92263031006, 5.54956912994, 6.18811798096, 6.82666635513, 7.46521520615, 8.10376358032, 8.73070240021, 9.35764122009, 9.98458003998, 10.623128891, 11.261677742, 11.900226593, 12.538775444, 13.1657142639, 13.7926530838, 14.4195919037, 15.0581407547, 15.696688652, 16.3352375031, 16.9737873077, 17.6123352051, 18.2508831024, 18.877822876, 19.5047607422, 20.1317005157, 20.7702484131, 21.4087982178, 22.0473461151, 22.6858959198, 23.312833786, 23.9397735596, 24.5667114258, 25.1936511993, 25.8321990967, 26.470746994, 27.1209068298, 27.747844696, 28.3747844696, 29.0017223358, 29.6402721405, 30.2788200378, 30.9173698425, 31.5559177399, 32.1944656372, 32.8214035034, 33.4599533081, 34.0868911743, 34.7138328552, 35.3407707214, 35.9793205261, 36.6178665161, 37.2564163208, 37.8949661255, 38.5335159302, 39.1604537964, 39.7989997864, 40.4259414673, 41.0528793335, 41.6914291382, 42.3299751282, 42.9685249329, 43.6070747375, 44.2340126038, 44.86095047, 45.4878921509, 46.1264381409, 46.7649879456, 47.415145874, 48.0420837402, 48.6690254211, 49.2959632874, 49.9229011536, 50.5614509583, 51.2000007629, 51.8269386292, 52.4770965576, 53.1040344238, 53.7425842285, 54.3695220947, 55.0080718994, 55.6350097656, 56.2735595703, 56.912109375, 57.550655365, 58.1892051697, 58.8161430359, 59.4430847168, 60.070022583, 60.6969604492, 61.3355102539, 61.9740562439, 62.6242179871, 63.2511558533, 63.8780937195, 64.5050354004, 65.1319732666, 65.7705230713, 66.409072876, 67.0592269897, 67.6977767944, 68.3363265991, 68.9632644653, 69.5902023315, 70.2171401978, 70.844078064, 71.4826278687, 72.1211776733, 72.7713394165, 73.3982772827, 74.0252151489, 74.6521530151, 75.2790908813, 75.917640686, 76.5561904907, 77.1831283569, 77.8216781616, 78.4602279663, 79.098777771, 79.7257156372, 80.3642578125, 80.9912033081, 81.6297454834, 82.2682952881, 82.9068450928, 83.5453948975, 84.1723327637, 84.7992706299, 85.4262084961, 86.0647583008, 86.7033081055, 87.3302459717, 87.9804077148, 88.6073455811, 89.2342834473, 89.8612213135, 90.4997711182, 91.1383209229, 91.7652587891, 92.4038085938, 93.0423583984, 93.6809082031, 94.3194503784, 94.946395874, 95.5733337402, 96.2118835449, 96.8388214111, 97.4773712158, 98.1159133911, 98.7544631958, 99.381401062, 100.008346558, 100.646888733, 101.285438538, 101.912376404, 102.550926208, 103.189476013, 103.828025818, 104.466575623, 105.093513489, 105.720451355, 106.35900116, 106.997550964, 107.624488831, 108.274642944, 108.90158844, 109.540130615, 110.155464172, 110.794013977, 111.432563782, 112.071105957, 112.709655762, 113.348205566, 113.986755371, 114.613693237, 115.240631104, 115.86756897, 116.494506836, 117.133056641, 117.771606445, 118.41015625, 119.048706055, 119.675643921, 120.302581787, 120.941131592, 121.579681396, 122.206619263, 122.845169067, 123.483718872, 124.110656738, 124.737594604, 125.364532471, 126.003082275, 126.64163208, 127.280181885, 127.91872406, 128.557281494, 129.195831299, 129.822769165, 130.449707031, 131.076644897, 131.715194702, 132.353744507, 132.992294312, 133.630844116, 134.269378662, 134.907928467, 135.534866333, 136.161804199, 136.788757324, 137.41569519, 138.054244995, 138.692779541, 139.331329346, 139.96987915, 140.596817017, 141.223754883, 141.850692749, 142.489242554, 143.127792358, 143.777954102, 144.416503906, 145.043441772, 145.670379639, 146.308929443, 146.93586731, 147.574417114, 148.20135498, 148.839904785, 149.47845459, 150.105392456, 150.732330322, 151.370880127, 151.997817993, 152.636367798, 153.274917603, 153.913467407, 154.552017212, 155.178955078, 155.805892944, 156.444442749, 157.082992554, 157.721542358, 158.360092163, 158.998641968, 159.637191772, 160.264129639, 160.891067505, 161.518005371, 162.144943237, 162.783493042, 163.422042847, 164.060592651, 164.699142456, 165.326080322, 165.953018188, 166.579956055, 167.206893921, 167.845443726, 168.48399353, 169.134140015, 169.772689819, 170.411239624, 171.03817749, 171.665115356, 172.292053223, 172.919006348, 173.557540894, 174.196090698, 174.834640503, 175.473190308, 176.100128174, 176.72706604, 177.354003906, 177.992553711, 178.631103516, 179.281265259, 179.908203125, 180.54675293, 181.173690796, 181.812240601, 182.439178467, 183.077728271, 183.716278076, 184.354827881, 184.993377686, 185.620315552, 186.247253418, 186.874191284, 187.50112915, 188.139678955, 188.77822876, 189.416778564, 190.055328369, 190.682266235, 191.309204102, 191.947753906, 192.586303711, 193.213241577, 193.851791382, 194.490341187, 195.128890991, 195.767440796, 196.394378662, 197.021316528, 197.648254395, 198.286804199, 198.925354004, 199.575500488, 200.202438354, 200.840988159, 201.456329346, 202.09487915, 202.733413696, 203.360351562, 203.987304688, 204.637451172, 205.276000977, 205.902938843, 206.529876709, 207.168426514, 207.79536438, 208.433914185, 209.072463989, 209.711013794, 210.349563599, 210.976501465, 211.603439331, 212.241989136, 212.88053894, 213.507476807, 214.146026611, 214.784576416, 215.423126221, 216.061676025, 216.677001953, 217.315551758, 217.942489624, 218.581039429, 219.219589233, 219.858139038, 220.496688843, 221.123626709, 221.750564575, 222.377502441, 223.016052246, 223.654602051, 224.281539917, 224.920089722, 225.558639526, 226.185577393, 226.812515259, 227.451065063, 228.089614868, 228.728164673, 229.366714478, 230.005249023, 230.643798828, 231.270736694, 231.897689819, 232.524627686, 233.151565552, 233.790115356, 234.428665161, 235.067199707, 235.705749512, 236.332687378, 236.959625244, 237.598175049, 238.236724854],
    "bpm_histogram": [0, 0, 0, 0, 0, 0, 0, 0, 0, 0, 0, 0, 0, 0, 0, 0, 0, 0, 0, 0, 0, 0, 0, 0, 0, 0, 0, 0, 0, 0, 0, 0, 0, 0, 0, 0, 0, 0, 0, 0, 0, 0, 0, 0, 0, 0, 0, 0, 0, 0, 0, 0, 0, 0, 0, 0, 0, 0, 0, 0, 0, 0, 0, 0, 0, 0, 0, 0, 0, 0, 0, 0, 0, 0, 0, 0, 0, 0, 0, 0, 0, 0, 0, 0, 0, 0, 0, 0, 0, 0, 0, 0, 0.0346666648984, 0, 0.538666665554, 0, 0.413333326578, 0, 0.00800000037998, 0.00266666663811, 0, 0.00266666663811, 0, 0, 0, 0, 0, 0, 0, 0, 0, 0, 0, 0, 0, 0, 0, 0, 0, 0, 0, 0, 0, 0, 0, 0, 0, 0, 0, 0, 0, 0, 0, 0, 0, 0, 0, 0, 0, 0, 0, 0, 0, 0, 0, 0, 0, 0, 0, 0, 0, 0, 0, 0, 0, 0, 0, 0, 0, 0, 0, 0, 0, 0, 0, 0, 0, 0, 0, 0, 0, 0, 0, 0, 0, 0, 0, 0, 0, 0, 0, 0, 0, 0, 0, 0, 0, 0, 0, 0, 0, 0, 0, 0, 0, 0, 0, 0, 0, 0, 0, 0, 0, 0, 0, 0, 0, 0, 0, 0, 0, 0, 0, 0, 0, 0, 0, 0, 0, 0, 0, 0, 0, 0, 0, 0, 0, 0, 0, 0, 0, 0, 0, 0, 0, 0, 0, 0, 0, 0, 0, 0, 0, 0, 0, 0, 0, 0, 0, 0]
},
"tonal": {
    "chords_changes_rate": 0.105099260807,
    "chords_number_rate": 0.00214091083035,
    "chords_strength": {
        "mean": 0.427428781986,
        "stdev": 0.100345470011
    },
    "hpcp_crest": {
        "mean": 12.8224945068,
        "stdev": 4.87984418869
    },
    "hpcp_entropy": {
        "mean": 2.03318452835,
        "stdev": 0.662851035595
    },
    "key_edma": {
        "strength": 0.490663051605,
        "key": "C",
        "scale": "minor"
    },
    "key_krumhansl": {
        "strength": 0.490553557873,
        "key": "C",
        "scale": "minor"
    },
    "key_temperley": {
        "strength": 0.493223279715,
        "key": "C",
        "scale": "minor"
    },
    "tuning_diatonic_strength": 0.426066488028,
    "tuning_equal_tempered_deviation": 0.319471091032,
    "tuning_frequency": 434.193115234,
    "tuning_nontempered_energy_ratio": 0.944983839989,
    "hpcp": {
        "mean": [0.161228731275, 0.127636447549, 0.0775880068541, 0.0450104027987, 0.040960688144, 0.045626193285, 0.0720298662782, 0.0922325775027, 0.0718284696341, 0.0558113418519, 0.0553376339376, 0.0582226403058, 0.0768127143383, 0.0895090773702, 0.0708096548915, 0.048539403826, 0.0497684404254, 0.0503603294492, 0.040920227766, 0.0359502322972, 0.0401607751846, 0.0642858445644, 0.0776026695967, 0.0669511407614, 0.0737831741571, 0.0712701678276, 0.0615527480841, 0.115264378488, 0.1402233392, 0.101029194891, 0.107297211885, 0.284234344959, 0.421961158514, 0.31620785594, 0.209513783455, 0.181237474084],
        "stdev": [0.278608769178, 0.246820405126, 0.18145121634, 0.136862337589, 0.126510262489, 0.133031368256, 0.170876324177, 0.212906226516, 0.17073982954, 0.153323456645, 0.154870271683, 0.15350189805, 0.172776862979, 0.185009866953, 0.167398154736, 0.129629567266, 0.135310202837, 0.135932460427, 0.116245299578, 0.112490110099, 0.118578903377, 0.154129430652, 0.180979207158, 0.152786552906, 0.182787612081, 0.178785264492, 0.152103215456, 0.224304199219, 0.253655642271, 0.202889546752, 0.224953323603, 0.345854818821, 0.425731986761, 0.346703976393, 0.31676235795, 0.302787423134]
    },
    "chords_histogram": [4.65161561966, 0.0389256514609, 0.194628253579, 0, 0, 0, 0.506033480167, 5.17711162567, 10.6267032623, 10.3542232513, 1.84896850586, 3.13351488113, 24.0365905762, 0.214091092348, 25.3405990601, 8.1938495636, 0.583884775639, 0.544959127903, 0, 0.0973141267896, 0, 1.82950568199, 2.29661345482, 0.330868035555],
    "thpcp": [1, 0.74937671423, 0.496523857117, 0.429512232542, 0.382093787193, 0.30248388648, 0.183874756098, 0.106669537723, 0.0970721766353, 0.108128890395, 0.170702591538, 0.218580722809, 0.170225307345, 0.132266536355, 0.131143897772, 0.137981042266, 0.182037398219, 0.212126344442, 0.167810842395, 0.115032874048, 0.117945551872, 0.11934825778, 0.096976287663, 0.0851979628205, 0.0951764732599, 0.152350142598, 0.183909505606, 0.158666595817, 0.174857735634, 0.168902203441, 0.14587302506, 0.273163467646, 0.332313388586, 0.23942771554, 0.254282206297, 0.673603117466],
    "chords_key": "C#",
    "chords_scale": "minor"
}
}