{
"metadata": {
    "version": {
        "essentia": "2.1-dev",
        "essentia_git_sha": "v2.1_beta3-415-gd5473f3",
        "extractor": "music 2.0"
    },
    "audio_properties": {
        "analysis": {
            "equal_loudness": 0,
            "length": 197.485717773,
            "sample_rate": 44100,
            "start_time": 0,
            "downmix": "mix"
        },
        "bit_rate": 192000,
        "length": 197.485717773,
        "lossless": 0,
        "number_channels": 2,
        "replay_gain": -8.8544254303,
        "sample_rate": 44100,
        "codec": "mp3",
        "md5_encoded": "9c440a416ce0c2cbb85c3df00f326676"
    },
    "tags": {
        "file_name": "dr_octagon-3000.mp3",
        "album": ["Dr. Octagonecologyst"],
        "artist": ["Dr. Octagon"],
        "genre": ["Other"],
        "title": ["3000"]
    }
},
"lowlevel": {
    "average_loudness": 0.964850366116,
    "barkbands_crest": {
        "mean": 14.2190408707,
        "stdev": 5.42781829834
    },
    "barkbands_flatness_db": {
        "mean": 0.21353648603,
        "stdev": 0.0942366197705
    },
    "barkbands_kurtosis": {
        "mean": 24.1996650696,
        "stdev": 61.062915802
    },
    "barkbands_skewness": {
        "mean": 3.00211262703,
        "stdev": 3.00455188751
    },
    "barkbands_spread": {
        "mean": 17.3737773895,
        "stdev": 16.5990486145
    },
    "dissonance": {
        "mean": 0.429487496614,
        "stdev": 0.0601674541831
    },
    "dynamic_complexity": 3.17040252686,
    "erbbands_crest": {
        "mean": 12.0790834427,
        "stdev": 6.04474973679
    },
    "erbbands_flatness_db": {
        "mean": 0.156702399254,
        "stdev": 0.0641040578485
    },
    "erbbands_kurtosis": {
        "mean": 3.33687329292,
        "stdev": 7.25267553329
    },
    "erbbands_skewness": {
        "mean": 0.617678761482,
        "stdev": 1.09230709076
    },
    "erbbands_spread": {
        "mean": 39.422870636,
        "stdev": 28.0813980103
    },
    "hfc": {
        "mean": 18.1810264587,
        "stdev": 22.5202255249
    },
    "loudness_ebu128": {
        "integrated": -14.9588937759,
        "loudness_range": 1.84612846375,
        "momentary": {
            "mean": -15.5858640671,
            "stdev": 3.06645298004
        },
        "short_term": {
            "mean": -15.14656353,
            "stdev": 1.47265207767
        }
    },
    "melbands_crest": {
        "mean": 20.070476532,
        "stdev": 7.20396709442
    },
    "melbands_flatness_db": {
        "mean": 0.300158023834,
        "stdev": 0.117710024118
    },
    "melbands_kurtosis": {
        "mean": 49.1492614746,
        "stdev": 99.5480270386
    },
    "melbands_skewness": {
        "mean": 4.16339635849,
        "stdev": 3.5364484787
    },
    "melbands_spread": {
        "mean": 14.9631204605,
        "stdev": 15.9759292603
    },
    "pitch_salience": {
        "mean": 0.431461960077,
        "stdev": 0.137957170606
    },
    "silence_rate_20dB": {
        "mean": 1,
        "stdev": 0
    },
    "silence_rate_30dB": {
        "mean": 0.970844089985,
        "stdev": 0.168247029185
    },
    "silence_rate_60dB": {
        "mean": 0.0252762753516,
        "stdev": 0.156968712807
    },
    "spectral_centroid": {
        "mean": 996.666381836,
        "stdev": 701.021789551
    },
    "spectral_complexity": {
        "mean": 12.204208374,
        "stdev": 11.3140096664
    },
    "spectral_decrease": {
        "mean": -1.02423314274e-08,
        "stdev": 7.67355512465e-09
    },
    "spectral_energy": {
        "mean": 0.0403059534729,
        "stdev": 0.0297097340226
    },
    "spectral_energyband_high": {
        "mean": 0.000905340421014,
        "stdev": 0.00229034433141
    },
    "spectral_energyband_low": {
        "mean": 0.026520576328,
        "stdev": 0.0265787001699
    },
    "spectral_energyband_middle_high": {
        "mean": 0.00458096619695,
        "stdev": 0.00610543973744
    },
    "spectral_energyband_middle_low": {
        "mean": 0.00936700589955,
        "stdev": 0.0124917086214
    },
    "spectral_entropy": {
        "mean": 7.31553316116,
        "stdev": 0.752111196518
    },
    "spectral_flux": {
        "mean": 0.0913202688098,
        "stdev": 0.0531333908439
    },
    "spectral_kurtosis": {
        "mean": 8.65796661377,
        "stdev": 22.8565864563
    },
    "spectral_rms": {
        "mean": 0.00581499002874,
        "stdev": 0.00234707631171
    },
    "spectral_rolloff": {
        "mean": 895.68548584,
        "stdev": 1397.11486816
    },
    "spectral_skewness": {
        "mean": 2.10541057587,
        "stdev": 1.41431081295
    },
    "spectral_spread": {
        "mean": 5530049.5,
        "stdev": 1997921.5
    },
    "spectral_strongpeak": {
        "mean": 0.729285478592,
        "stdev": 0.910560488701
    },
    "zerocrossingrate": {
        "mean": 0.0446636714041,
        "stdev": 0.037607781589
    },
    "barkbands": {
        "mean": [0.00114497740287, 0.0205666050315, 0.00413437280804, 0.00114539521746, 0.00299877091311, 0.000562810164411, 0.00168702634983, 0.00162818434183, 0.000858634593897, 0.00162275659386, 0.000474569678772, 0.000468635931611, 0.000519195746165, 0.000347330147633, 0.000336847238941, 0.000299170525977, 0.000197111192392, 0.000162652533618, 0.000166756435647, 0.000148332852405, 0.000189206984942, 0.000146771300933, 0.000212582846871, 0.000150159467012, 4.96870125062e-05, 8.73821700225e-05, 8.03433763963e-08],
        "stdev": [0.00134561292361, 0.0250794962049, 0.00419159280136, 0.00191035645548, 0.00627803523093, 0.00157862424385, 0.00584679376334, 0.00480620656163, 0.00330797838978, 0.0029988870956, 0.00168684939854, 0.00151543621905, 0.00157241383567, 0.00118626374751, 0.0013017981546, 0.00118640891742, 0.000407026818721, 0.000361929676728, 0.000498760666233, 0.00047373160487, 0.000638303754386, 0.000478486268548, 0.000745635363273, 0.000288455572445, 0.000104864004243, 0.000122494006064, 3.68432552023e-07]
    },
    "erbbands": {
        "mean": [0.953469455242, 3.22457647324, 4.42414188385, 4.75399398804, 7.41128015518, 10.723900795, 4.7519068718, 5.37748622894, 16.4295005798, 33.3352355957, 34.7688102722, 21.3583812714, 48.3561325073, 29.9031963348, 18.5150184631, 20.6081867218, 24.6653842926, 17.3274059296, 21.0920085907, 15.9621276855, 14.3476343155, 11.8242301941, 9.00193023682, 7.55268144608, 9.18501663208, 7.03892183304, 7.40625047684, 6.86958360672, 5.20536708832, 6.24590539932, 5.58605146408, 4.71326971054, 1.66649353504, 0.618061602116, 0.343661546707, 0.437996059656, 0.158274009824, 0.00434751994908, 0.000141605603858, 5.50521399418e-05],
        "stdev": [1.17629027367, 4.06363534927, 4.382999897, 4.75051689148, 16.0787181854, 22.6855640411, 12.9425134659, 15.3756427765, 56.4158592224, 124.967590332, 81.7291946411, 82.1188735962, 94.2601394653, 56.9124069214, 60.59998703, 62.0119171143, 72.8092575073, 56.540309906, 67.2785797119, 70.5967483521, 44.711101532, 23.1791687012, 17.8680343628, 21.99177742, 27.2562103271, 22.5729980469, 23.8616199493, 24.6819953918, 17.9618015289, 20.9149456024, 18.3402881622, 10.026345253, 3.63220047951, 1.36189889908, 0.71066480875, 0.623490214348, 0.22165119648, 0.00572804082185, 0.000167713573319, 3.86698156944e-05]
    },
    "gfcc": {
        "mean": [-27.7624034882, 93.4516906738, -72.2330856323, 33.2610206604, -45.3989982605, 30.5493488312, -30.459022522, 27.2463321686, -16.8719997406, 4.40503311157, -21.0142421722, 2.97977614403, -14.5015735626],
        "cov": [[8603.74121094, -1785.22265625, -2072.66308594, -42.7550697327, -662.203552246, 510.854095459, -139.706451416, 337.189239502, -174.544372559, 205.091079712, -250.141296387, 150.354202271, -226.322906494], [-1785.22265625, 1419.41052246, 403.845794678, -374.324310303, 122.933807373, -242.406768799, 105.27281189, -209.751083374, 59.8941764832, -67.6526107788, 117.149055481, -133.086456299, 147.781280518], [-2072.66308594, 403.845794678, 1346.2244873, 247.417785645, 129.426254272, -181.444717407, -18.1820659637, 6.23210716248, 83.9854812622, -106.192222595, 45.4033889771, 6.5174741745, 62.1988372803], [-42.7550697327, -374.324310303, 247.417785645, 666.811767578, 59.2558631897, -132.181335449, -89.5524673462, -84.7706298828, 14.0431432724, 49.6698799133, 15.6621799469, 46.6292724609, 51.3040466309], [-662.203552246, 122.933807373, 129.426254272, 59.2558631897, 398.321166992, 80.7990188599, -33.3243484497, -47.4073982239, 52.288192749, 29.3082313538, 59.9220199585, -21.9458694458, 4.51191234589], [510.854095459, -242.406768799, -181.444717407, -132.181335449, 80.7990188599, 330.590179443, 105.098243713, 74.2144012451, -32.8105506897, -1.20797467232, -16.8005943298, 20.8833255768, -72.1185760498], [-139.706451416, 105.27281189, -18.1820659637, -89.5524673462, -33.3243484497, 105.098243713, 255.808883667, 58.9116783142, -12.0364589691, -38.0842437744, -7.67767286301, -0.247915238142, 0.37509265542], [337.189239502, -209.751083374, 6.23210716248, -84.7706298828, -47.4073982239, 74.2144012451, 58.9116783142, 253.976486206, 77.4845581055, -31.3603534698, -66.512046814, 9.1263999939, -42.1360473633], [-174.544372559, 59.8941764832, 83.9854812622, 14.0431432724, 52.288192749, -32.8105506897, -12.0364589691, 77.4845581055, 155.388580322, 47.4048309326, 3.04793381691, -24.6845626831, 17.8797092438], [205.091079712, -67.6526107788, -106.192222595, 49.6698799133, 29.3082313538, -1.20797467232, -38.0842437744, -31.3603534698, 47.4048309326, 148.319946289, 60.1796760559, -7.39417791367, -4.34106302261], [-250.141296387, 117.149055481, 45.4033889771, 15.6621799469, 59.9220199585, -16.8005943298, -7.67767286301, -66.512046814, 3.04793381691, 60.1796760559, 144.384292603, 30.4365539551, 3.50475907326], [150.354202271, -133.086456299, 6.5174741745, 46.6292724609, -21.9458694458, 20.8833255768, -0.247915238142, 9.1263999939, -24.6845626831, -7.39417791367, 30.4365539551, 102.245857239, 9.51689529419], [-226.322906494, 147.781280518, 62.1988372803, 51.3040466309, 4.51191234589, -72.1185760498, 0.37509265542, -42.1360473633, 17.8797092438, -4.34106302261, 3.50475907326, 9.51689529419, 118.482551575]],
        "icov": [[0.000345759035554, -0.000370502792066, 0.00049307878362, -0.000554305384867, 0.000630256719887, -0.000818766653538, 0.000740008312277, -0.000820346584078, 0.000458341499325, -0.000559435924515, 0.000426328770118, -0.000469259161036, 0.000222718183068], [-0.000370502792066, 0.00528807519004, -0.00155277224258, 0.00459646806121, -0.00201893318444, 0.00445673288777, -0.00398448575288, 0.00552181899548, -0.0033853999339, 0.00346016790718, -0.00346319749951, 0.00435766903684, -0.00332257314585], [0.00049307878362, -0.00155277224258, 0.0020171678625, -0.00204186141491, 0.000883957894985, -0.00145859830081, 0.00163297425024, -0.00230035022832, 0.00055196142057, 0.000114909300464, 0.000384894607123, -0.00131033081561, 0.000973870395683], [-0.000554305384867, 0.00459646806121, -0.00204186141491, 0.00630201818421, -0.00264441105537, 0.00509294727817, -0.00380526599474, 0.00567866675556, -0.00283497083001, 0.00167350005358, -0.00164326222148, 0.00212119705975, -0.00284923799336], [0.000630256719887, -0.00201893318444, 0.000883957894985, -0.00264441105537, 0.00557274837047, -0.00503544649109, 0.00335155241191, -0.00156847084872, -0.000584414810874, -0.000495421525557, -0.000473973399494, -0.000128851941554, 0.000651881215163], [-0.000818766653538, 0.00445673288777, -0.00145859830081, 0.00509294727817, -0.00503544649109, 0.0109322145581, -0.00652998918667, 0.00402442738414, -0.00104463717435, 0.00153424870223, -0.00114799721632, 0.00129840290174, -0.000120947814139], [0.000740008312277, -0.00398448575288, 0.00163297425024, -0.00380526599474, 0.00335155241191, -0.00652998918667, 0.00916878320277, -0.00588506320491, 0.0030421516858, -0.00141850637738, 0.000919500249438, -0.00173571007326, 0.000550689990632], [-0.000820346584078, 0.00552181899548, -0.00230035022832, 0.00567866675556, -0.00156847084872, 0.00402442738414, -0.00588506320491, 0.0151194827631, -0.0104289799929, 0.00574219692498, -0.000506739306729, 0.00148769759107, -0.000121002012747], [0.000458341499325, -0.0033853999339, 0.00055196142057, -0.00283497083001, -0.000584414810874, -0.00104463717435, 0.0030421516858, -0.0104289799929, 0.0162343904376, -0.00831499975175, 0.00231704581529, -6.46479602437e-05, -0.00111408391967], [-0.000559435924515, 0.00346016790718, 0.000114909300464, 0.00167350005358, -0.000495421525557, 0.00153424870223, -0.00141850637738, 0.00574219692498, -0.00831499975175, 0.0159676857293, -0.00863875076175, 0.00548020936549, -0.00151489302516], [0.000426328770118, -0.00346319749951, 0.000384894607123, -0.00164326222148, -0.000473973399494, -0.00114799721632, 0.000919500249438, -0.000506739306729, 0.00231704581529, -0.00863875076175, 0.01584100537, -0.0094202356413, 0.00440151290968], [-0.000469259161036, 0.00435766903684, -0.00131033081561, 0.00212119705975, -0.000128851941554, 0.00129840290174, -0.00173571007326, 0.00148769759107, -6.46479602437e-05, 0.00548020936549, -0.0094202356413, 0.018594218418, -0.00623679673299], [0.000222718183068, -0.00332257314585, 0.000973870395683, -0.00284923799336, 0.000651881215163, -0.000120947814139, 0.000550689990632, -0.000121002012747, -0.00111408391967, -0.00151489302516, 0.00440151290968, -0.00623679673299, 0.0140723437071]]
    },
    "melbands": {
        "mean": [0.0068325791508, 0.00285720266402, 0.000870998832397, 0.000750297796912, 0.000213143968722, 0.000118384072266, 0.000281656248262, 0.000368734821677, 0.000257223320659, 0.000121842589579, 0.000250067154411, 0.000134399102535, 6.35850810795e-05, 5.02860748384e-05, 5.94844204898e-05, 4.69907463412e-05, 3.02876869682e-05, 3.55211705028e-05, 2.25736293942e-05, 2.19181802095e-05, 1.50092810145e-05, 1.1422530406e-05, 1.2037495253e-05, 5.97351618126e-06, 5.89564615439e-06, 6.97486575518e-06, 5.84378722124e-06, 4.31280068369e-06, 4.52308722743e-06, 4.10137272411e-06, 4.09786480304e-06, 2.77251911029e-06, 2.93212679026e-06, 3.78639060727e-06, 3.21170091411e-06, 3.33131765728e-06, 2.55964300777e-06, 1.28945657707e-06, 6.38998187696e-07, 4.66464001647e-07],
        "stdev": [0.00839144922793, 0.00261738407426, 0.000952522968873, 0.00162999355234, 0.00051675940631, 0.000342665181961, 0.000954109884333, 0.00131428602617, 0.000658780045342, 0.000506432494149, 0.000490248668939, 0.000245800300036, 0.000228244112805, 0.000170469720615, 0.000174093598616, 0.00015184271615, 0.000110847307951, 0.000114828071673, 9.88002648228e-05, 0.0001064005628, 4.45644764113e-05, 2.39153196162e-05, 2.60355664068e-05, 1.48526987687e-05, 1.81473060366e-05, 2.16623884626e-05, 1.79814705916e-05, 1.46750926433e-05, 1.44076875586e-05, 1.44450195876e-05, 1.55324505613e-05, 1.05700710265e-05, 9.4599017757e-06, 1.31234401124e-05, 1.09670208985e-05, 9.76839510258e-06, 4.81417919218e-06, 2.78197330772e-06, 1.50141852373e-06, 1.05970855202e-06]
    },
    "melbands128": {
        "mean": [0.00112335185986, 0.00863644853234, 0.00910336989909, 0.00382541073486, 0.00220790971071, 0.0019479036564, 0.000980986980721, 0.000501270871609, 0.000690409273375, 0.00107426953036, 0.000673513975926, 0.000257285370026, 0.000130954518681, 0.000121721503092, 0.000117220741231, 0.000102808138763, 0.000157913280418, 0.000309610215481, 0.000423446355853, 0.000400218588766, 0.000303867418552, 0.00036565924529, 0.000263125955826, 0.000141230892041, 0.000127469582367, 0.000114444308565, 0.00010187109001, 0.000316223246045, 0.00035189310438, 0.000131003936986, 7.7567412518e-05, 7.49626124161e-05, 6.77815914969e-05, 5.26506992173e-05, 4.4653621444e-05, 5.04489689774e-05, 5.58674437343e-05, 6.08328045928e-05, 6.05089808232e-05, 6.01940773777e-05, 4.35830079368e-05, 3.05468129227e-05, 2.76379287243e-05, 3.05950161419e-05, 3.65205523849e-05, 3.92870351789e-05, 3.22642881656e-05, 2.1263540475e-05, 1.8754559278e-05, 2.06280183193e-05, 2.46725885518e-05, 2.0496567231e-05, 1.74148644874e-05, 1.23257004816e-05, 9.68267431745e-06, 1.17123945529e-05, 1.21129878607e-05, 1.48501758304e-05, 1.21307475638e-05, 5.89872342971e-06, 4.7378639465e-06, 6.91791592544e-06, 6.44996271149e-06, 4.88314390168e-06, 6.50519314149e-06, 6.71599946145e-06, 8.5202000264e-06, 5.47594436284e-06, 5.72729913983e-06, 5.20410367244e-06, 3.9113283492e-06, 4.4863218136e-06, 3.66492599824e-06, 4.46334252047e-06, 5.53972859052e-06, 4.36117898062e-06, 3.33953289555e-06, 3.66028734788e-06, 5.38914082426e-06, 2.96704251923e-06, 2.61469494944e-06, 2.70561167781e-06, 2.92262870971e-06, 2.79131586467e-06, 3.0514397622e-06, 3.68264386452e-06, 4.05601986131e-06, 4.01449142373e-06, 3.23837434735e-06, 2.55639452007e-06, 3.18302795677e-06, 3.18038337355e-06, 3.88980652133e-06, 2.95790800919e-06, 1.34654328576e-06, 2.00883891921e-06, 1.00866338926e-06, 8.59627164118e-07, 6.00289695285e-07, 5.9484295889e-07, 4.76293052998e-07, 4.40108749444e-07, 4.40467402996e-07, 4.5308044605e-07, 3.82700847013e-07, 3.17879766953e-07, 2.90185624863e-07, 2.67770474238e-07, 7.6482450595e-07, 1.16171406717e-06, 1.4792951788e-06, 9.98595623969e-07, 2.24054062414e-07, 7.61717515729e-08, 2.15893471989e-08, 9.39892608187e-09, 3.41067352139e-09, 1.46738385332e-10, 7.19489008302e-12, 6.96631250949e-12, 6.79045621815e-12, 6.63537887829e-12, 6.49085169294e-12, 6.37756340793e-12, 6.27773701078e-12, 6.20574338445e-12, 6.1532202944e-12, 6.11223571756e-12],
        "stdev": [0.00133407593239, 0.010696221143, 0.0118550574407, 0.00511512905359, 0.00248727598228, 0.00192668964155, 0.00101405195892, 0.00107424601447, 0.00171364587732, 0.00279711768962, 0.00157467904501, 0.000841229513753, 0.000501077098306, 0.000404972961405, 0.000400971825002, 0.000487746758154, 0.000786545220762, 0.0013079920318, 0.00192511558998, 0.0019767517224, 0.00173416116741, 0.000988276209682, 0.000860081519932, 0.000843100482598, 0.000777207722422, 0.000596096157096, 0.000399321928853, 0.0007366866339, 0.000749386672396, 0.000326905486872, 0.000283381406916, 0.000334674259648, 0.000349538895534, 0.000238022184931, 0.000250595679972, 0.000231550249737, 0.000261531298747, 0.000241634828853, 0.000246053386945, 0.00025470694527, 0.000187825600733, 0.000147542086779, 0.000155355039169, 0.0001362371695, 0.000144807738252, 0.000152406661073, 0.000148298102431, 0.000116830626212, 0.000114124937681, 0.00013293302618, 0.000154600667884, 9.77000308922e-05, 6.52639937471e-05, 3.91836329072e-05, 2.59663975157e-05, 2.88892697426e-05, 3.19777936966e-05, 3.94408525608e-05, 2.82591718133e-05, 1.33850180646e-05, 1.28814863274e-05, 2.35009047174e-05, 2.24670038733e-05, 1.68596270669e-05, 2.08302535611e-05, 2.46736290137e-05, 2.60665219685e-05, 1.73640837602e-05, 1.86914203368e-05, 1.92673651327e-05, 1.48723866005e-05, 1.68168808159e-05, 1.23739437186e-05, 1.43413080878e-05, 1.91513881873e-05, 1.61935549841e-05, 1.24097905427e-05, 1.33708472276e-05, 2.08885230677e-05, 1.47605151142e-05, 1.12590887511e-05, 1.01349469332e-05, 1.02605263237e-05, 9.25773292693e-06, 9.62819376582e-06, 1.36065345941e-05, 1.39195317388e-05, 1.63327695191e-05, 1.10009059426e-05, 8.47429237183e-06, 9.93916728476e-06, 1.16269220598e-05, 6.76927538734e-06, 5.84613644605e-06, 3.33317257173e-06, 3.82377902497e-06, 2.5429874313e-06, 2.53533949035e-06, 1.35538596169e-06, 1.43631507399e-06, 1.11718929929e-06, 9.86535269476e-07, 1.19050389458e-06, 1.18849345654e-06, 9.06792479327e-07, 6.3807033257e-07, 5.25925770489e-07, 4.74406874673e-07, 1.12562565846e-06, 1.8362990204e-06, 2.37779181589e-06, 1.46132458667e-06, 2.91395735985e-07, 1.04579839899e-07, 4.73186894112e-08, 2.9174001881e-08, 1.50918122443e-08, 1.22330579e-09, 1.17075047573e-11, 1.13621187112e-11, 1.10701725564e-11, 1.08142878333e-11, 1.05880157072e-11, 1.04006725107e-11, 1.02384871414e-11, 1.01146695186e-11, 1.00229668315e-11, 9.96657704283e-12]
    },
    "mfcc": {
        "mean": [-687.393798828, 128.320510864, 33.2252311707, 21.9501152039, 18.8749103546, 8.62861061096, 5.89880466461, 18.5211391449, 9.63375854492, 14.1115493774, 0.0587359927595, 7.18882751465, -3.45995211601],
        "cov": [[8758.22949219, -1514.11083984, -1799.35888672, -687.635070801, -692.589538574, 11.0039176941, -71.1096878052, 71.1712417603, -43.419002533, 116.17868042, -16.0112304688, 55.3032798767, -94.3808059692], [-1514.11083984, 1401.97424316, 167.412109375, -236.984039307, 1.87996697426, -71.0962600708, 46.5843582153, -88.8610839844, 39.6642456055, -50.7166786194, 9.05526733398, 0.318611115217, 24.4354152679], [-1799.35888672, 167.412109375, 1018.17779541, 413.05255127, 123.6381073, -88.4015274048, -56.1731834412, 38.6473388672, 5.9513092041, -26.398815155, -47.0289306641, -47.2276229858, 26.7103843689], [-687.635070801, -236.984039307, 413.05255127, 646.332336426, 156.356369019, 11.2176656723, -97.3148803711, -103.770301819, -16.1918907166, -35.9771995544, -46.6952171326, -44.5697402954, 69.5168228149], [-692.589538574, 1.87996697426, 123.6381073, 156.356369019, 429.413208008, 69.5864868164, -37.3147468567, -35.1930732727, -17.6666221619, 52.4276847839, -11.454618454, 35.8167304993, 22.032743454], [11.0039176941, -71.0962600708, -88.4015274048, 11.2176656723, 69.5864868164, 248.790512085, 98.9988250732, -27.1602497101, -44.5048980713, -21.3983573914, 38.1250572205, -7.30617761612, 7.66952800751], [-71.1096878052, 46.5843582153, -56.1731834412, -97.3148803711, -37.3147468567, 98.9988250732, 189.158569336, 78.7668380737, -19.6721782684, -24.8309993744, 31.584405899, 25.0713214874, -13.4432029724], [71.1712417603, -88.8610839844, 38.6473388672, -103.770301819, -35.1930732727, -27.1602497101, 78.7668380737, 248.907730103, 65.2247161865, 32.705242157, 5.52866077423, 13.3677396774, -45.7773704529], [-43.419002533, 39.6642456055, 5.9513092041, -16.1918907166, -17.6666221619, -44.5048980713, -19.6721782684, 65.2247161865, 162.795715332, 72.7532806396, 0.0474001504481, -18.1077480316, -17.5102901459], [116.17868042, -50.7166786194, -26.398815155, -35.9771995544, 52.4276847839, -21.3983573914, -24.8309993744, 32.705242157, 72.7532806396, 169.712768555, 42.7222709656, -4.09361219406, -33.380443573], [-16.0112304688, 9.05526733398, -47.0289306641, -46.6952171326, -11.454618454, 38.1250572205, 31.584405899, 5.52866077423, 0.0474001504481, 42.7222709656, 124.464347839, 44.5681304932, -18.6121940613], [55.3032798767, 0.318611115217, -47.2276229858, -44.5697402954, 35.8167304993, -7.30617761612, 25.0713214874, 13.3677396774, -18.1077480316, -4.09361219406, 44.5681304932, 159.65397644, 58.6758995056], [-94.3808059692, 24.4354152679, 26.7103843689, 69.5168228149, 22.032743454, 7.66952800751, -13.4432029724, -45.7773704529, -17.5102901459, -33.380443573, -18.6121940613, 58.6758995056, 135.401046753]],
        "icov": [[0.000288725859718, 0.000219100402319, 0.000404658640036, 4.53680368082e-05, 0.000460326293251, -0.000159545830684, 0.000372576265363, -0.000111571360321, 0.000244084338192, -0.000341102480888, 0.000423149613198, -0.000268974807113, 0.00011419722432], [0.000219100402319, 0.00134337297641, -0.000233143029618, 0.0010529672727, -0.000158477807418, 0.000666019273922, -0.000709829677362, 0.00121838995256, -0.000825940282084, 0.00057616160484, -0.000243349364609, 0.000361490936484, -0.000409691419918], [0.000404658640036, -0.000233143029618, 0.00236312276684, -0.00139811751433, 0.000484890799271, 0.000305518478854, 0.000691151770297, -0.00144410762005, 0.000985882943496, -0.00052504974883, 0.000471233623102, 9.85922815744e-06, 0.000118520576507], [4.53680368082e-05, 0.0010529672727, -0.00139811751433, 0.00364176044241, -0.000956155592576, 0.000123186473502, 8.10619458207e-05, 0.00177579931915, -0.00115398457274, 0.00118811661378, -0.000520536617842, 0.0012229217682, -0.00145312899258], [0.000460326293251, -0.000158477807418, 0.000484890799271, -0.000956155592576, 0.00448984466493, -0.0025612807367, 0.00214026239701, -0.000677251722664, 0.00148756220005, -0.00292004342191, 0.00277046649717, -0.00281249848194, 0.00121484103147], [-0.000159545830684, 0.000666019273922, 0.000305518478854, 0.000123186473502, -0.0025612807367, 0.00824767630547, -0.00552354659885, 0.00195097085088, -0.000261632289039, 0.00173073320184, -0.00349748670124, 0.00352812535129, -0.00191094970796], [0.000372576265363, -0.000709829677362, 0.000691151770297, 8.10619458207e-05, 0.00214026239701, -0.00552354659885, 0.0116162495688, -0.00462559331208, 0.00207775947638, 2.81138618448e-05, 0.000569038325921, -0.00242179585621, 0.00116723543033], [-0.000111571360321, 0.00121838995256, -0.00144410762005, 0.00177579931915, -0.000677251722664, 0.00195097085088, -0.00462559331208, 0.00819157902151, -0.00362033839338, 0.000489538768306, 0.000434863148257, -0.000637997291051, 0.00137417099904], [0.000244084338192, -0.000825940282084, 0.000985882943496, -0.00115398457274, 0.00148756220005, -0.000261632289039, 0.00207775947638, -0.00362033839338, 0.0101716490462, -0.00475493539125, 0.00135804736055, 0.000289154733764, -0.000323208019836], [-0.000341102480888, 0.00057616160484, -0.00052504974883, 0.00118811661378, -0.00292004342191, 0.00173073320184, 2.81138618448e-05, 0.000489538768306, -0.00475493539125, 0.0109114339575, -0.00513825006783, 0.0020997133106, 0.000156127716764], [0.000423149613198, -0.000243349364609, 0.000471233623102, -0.000520536617842, 0.00277046649717, -0.00349748670124, 0.000569038325921, 0.000434863148257, 0.00135804736055, -0.00513825006783, 0.0139217283577, -0.00641844933853, 0.00406796997413], [-0.000268974807113, 0.000361490936484, 9.85922815744e-06, 0.0012229217682, -0.00281249848194, 0.00352812535129, -0.00242179585621, -0.000637997291051, 0.000289154733764, 0.0020997133106, -0.00641844933853, 0.0122777279466, -0.00672865053639], [0.00011419722432, -0.000409691419918, 0.000118520576507, -0.00145312899258, 0.00121484103147, -0.00191094970796, 0.00116723543033, 0.00137417099904, -0.000323208019836, 0.000156127716764, 0.00406796997413, -0.00672865053639, 0.0122244469821]]
    },
    "spectral_contrast_coeffs": {
        "mean": [-0.737104773521, -0.723524451256, -0.738030552864, -0.797426521778, -0.813709974289, -0.806457996368],
        "stdev": [0.0600741356611, 0.0882410407066, 0.0946585908532, 0.070142686367, 0.0410077311099, 0.0422412157059]
    },
    "spectral_contrast_valleys": {
        "mean": [-6.47040176392, -7.34692716599, -8.03257656097, -8.24640846252, -8.23937511444, -10.3017749786],
        "stdev": [0.742597579956, 0.979525148869, 1.16640794277, 1.17223453522, 1.25223636627, 1.18062603474]
    }
},
"rhythm": {
    "beats_count": 321,
    "beats_loudness": {
        "mean": 0.0570603646338,
        "stdev": 0.030272712931
    },
    "bpm": 97.9115524292,
    "bpm_histogram_first_peak_bpm": 98,
    "bpm_histogram_first_peak_weight": 0.100000023842,
    "bpm_histogram_second_peak_bpm": 0,
    "bpm_histogram_second_peak_spread": 0,
    "bpm_histogram_second_peak_weight": 0,
    "danceability": 1.48069369793,
    "onset_rate": 3.59498524666,
    "beats_loudness_band_ratio": {
        "mean": [0.527543187141, 0.14873033762, 0.127105623484, 0.100011602044, 0.0661667659879, 0.104959413409],
        "stdev": [0.24696969986, 0.147225156426, 0.161880895495, 0.141709953547, 0.0723867490888, 0.101145297289]
    },
    "beats_position": [0.626938760281, 1.25387752056, 1.88081634045, 2.50775504112, 3.14630389214, 3.78485250473, 4.42340135574, 5.06195020676, 5.70049858093, 6.31582736969, 6.94276618958, 7.58131504059, 8.19664382935, 8.8119726181, 9.42730140686, 10.0426301956, 10.6579589844, 11.261677742, 11.8770065308, 12.4923353195, 13.0960540771, 13.7113828659, 14.3267116547, 14.9420404434, 15.5573692322, 16.1610889435, 16.7764167786, 17.391746521, 17.995464325, 18.6107940674, 19.2261219025, 19.853061676, 20.45677948, 21.0604991913, 21.6642169952, 22.2795467377, 22.8948745728, 23.5102043152, 24.1255321503, 24.7292518616, 25.3329696655, 25.948299408, 26.563627243, 27.1789569855, 27.7942848206, 28.409614563, 29.0249423981, 29.6402721405, 30.2555999756, 30.8593196869, 31.4630374908, 32.0783653259, 32.6936950684, 33.2974128723, 33.9127426147, 34.5280723572, 35.1317901611, 35.7471199036, 36.362449646, 36.9777755737, 37.5814971924, 38.1968231201, 38.8005447388, 39.4158706665, 40.0195922852, 40.6349182129, 41.2502479553, 41.8655776978, 42.4692955017, 43.0730133057, 43.6767349243, 44.2920608521, 44.919002533, 45.5343284607, 46.1496582031, 46.7649879456, 47.380317688, 47.9956436157, 48.5993652344, 49.2263031006, 49.8300209045, 50.4337387085, 51.0374603271, 51.6411781311, 52.2681159973, 52.8834457397, 53.4987754822, 54.1024932861, 54.7062110901, 55.3215408325, 55.936870575, 56.5405883789, 57.1675262451, 57.7828559875, 58.39818573, 59.0019035339, 59.6056213379, 60.2209510803, 60.8362808228, 61.4399986267, 62.0669364929, 62.6822662354, 63.2859840393, 63.9013137817, 64.5050354004, 65.1203613281, 65.7356872559, 66.351020813, 66.9663467407, 67.5700683594, 68.1737823486, 68.7891159058, 69.4044418335, 70.0197753906, 70.6234893799, 71.2272109985, 71.8425369263, 72.4578704834, 73.0731964111, 73.6885223389, 74.2922439575, 74.9075698853, 75.5229034424, 76.1382293701, 76.7535552979, 77.3572769165, 77.9726028442, 78.5879364014, 79.2032623291, 79.8185958862, 80.4223098755, 81.0376434326, 81.6413574219, 82.256690979, 82.8720169067, 83.4873428345, 84.1026763916, 84.7063903809, 85.3101119995, 85.9254379272, 86.5407714844, 87.1560974121, 87.7714233398, 88.386756897, 89.0020828247, 89.6058044434, 90.2095184326, 90.8248519897, 91.4401779175, 92.0438995361, 92.6592254639, 93.274559021, 93.8782730103, 94.4936065674, 95.1089324951, 95.7126541138, 96.33959198, 96.9549179077, 97.5586395264, 98.1739654541, 98.7776870728, 99.3930130005, 99.9967346191, 100.588844299, 101.215782166, 101.831108093, 102.44644165, 103.073379517, 103.677093506, 104.292427063, 104.896141052, 105.499862671, 106.115188599, 106.730522156, 107.345848083, 107.961174011, 108.576507568, 109.180221558, 109.783943176, 110.387664795, 111.002990723, 111.61831665, 112.245262146, 112.848976135, 113.475914001, 114.091247559, 114.706573486, 115.321899414, 115.937232971, 116.552558899, 117.167892456, 117.771606445, 118.386940002, 119.00226593, 119.629203796, 120.244529724, 120.848251343, 121.451972961, 122.067298889, 122.659408569, 123.25151825, 123.855232239, 124.470565796, 125.085891724, 125.71282959, 126.328163147, 126.931877136, 127.535598755, 128.150924683, 128.76625061, 129.381591797, 129.996917725, 130.612243652, 131.215957642, 131.81968689, 132.423400879, 133.027114868, 133.642440796, 134.257781982, 134.87310791, 135.488433838, 136.103759766, 136.719085693, 137.34602356, 137.949752808, 138.553466797, 139.157180786, 139.760910034, 140.3878479, 141.003173828, 141.618499756, 142.233825684, 142.849151611, 143.452880859, 144.056594849, 144.660308838, 145.287246704, 145.902587891, 146.517913818, 147.121627808, 147.725341797, 148.340682983, 148.956008911, 149.5597229, 150.186660767, 150.801986694, 151.417327881, 152.02104187, 152.624755859, 153.240081787, 153.855422974, 154.470748901, 155.086074829, 155.701400757, 156.305114746, 156.920455933, 157.524169922, 158.13949585, 158.754821777, 159.370162964, 159.985488892, 160.600814819, 161.204528809, 161.819854736, 162.423583984, 163.038909912, 163.65423584, 164.257949829, 164.873291016, 165.488616943, 166.092330933, 166.70765686, 167.322982788, 167.938323975, 168.542037964, 169.145751953, 169.761077881, 170.376419067, 170.991744995, 171.607070923, 172.222396851, 172.826126099, 173.429840088, 174.045166016, 174.660491943, 175.275817871, 175.891159058, 176.506484985, 177.110198975, 177.713912964, 178.32925415, 178.93296814, 179.536682129, 180.152008057, 180.767349243, 181.382675171, 181.998001099, 182.613327026, 183.228652954, 183.843994141, 184.459320068, 185.074645996, 185.689971924, 186.293685913, 186.897415161, 187.512741089, 188.128067017, 188.743392944, 189.358734131, 189.96244812, 190.566162109, 191.181488037, 191.796829224, 192.412155151, 193.027481079, 193.642807007, 194.258132935, 194.873458862, 195.488800049, 196.115737915, 196.75428772],
    "bpm_histogram": [0, 0, 0, 0, 0, 0, 0, 0, 0, 0, 0, 0, 0, 0, 0, 0, 0, 0, 0, 0, 0, 0, 0, 0, 0, 0, 0, 0, 0, 0, 0, 0, 0, 0, 0, 0, 0, 0, 0, 0, 0, 0, 0, 0, 0, 0, 0, 0, 0, 0, 0, 0, 0, 0, 0, 0, 0, 0, 0, 0, 0, 0, 0, 0, 0, 0, 0, 0, 0, 0, 0, 0, 0, 0, 0, 0, 0, 0, 0, 0, 0, 0, 0, 0, 0, 0, 0, 0, 0, 0, 0, 0, 0, 0, 0.0218749996275, 0, 0.0687500014901, 0, 0.596875011921, 0.30312499404, 0, 0.00937500037253, 0, 0, 0, 0, 0, 0, 0, 0, 0, 0, 0, 0, 0, 0, 0, 0, 0, 0, 0, 0, 0, 0, 0, 0, 0, 0, 0, 0, 0, 0, 0, 0, 0, 0, 0, 0, 0, 0, 0, 0, 0, 0, 0, 0, 0, 0, 0, 0, 0, 0, 0, 0, 0, 0, 0, 0, 0, 0, 0, 0, 0, 0, 0, 0, 0, 0, 0, 0, 0, 0, 0, 0, 0, 0, 0, 0, 0, 0, 0, 0, 0, 0, 0, 0, 0, 0, 0, 0, 0, 0, 0, 0, 0, 0, 0, 0, 0, 0, 0, 0, 0, 0, 0, 0, 0, 0, 0, 0, 0, 0, 0, 0, 0, 0, 0, 0, 0, 0, 0, 0, 0, 0, 0, 0, 0, 0, 0, 0, 0, 0, 0, 0, 0, 0, 0, 0, 0, 0, 0, 0, 0, 0, 0, 0, 0, 0, 0, 0]
},
"tonal": {
    "chords_changes_rate": 0.10319699347,
    "chords_number_rate": 0.00211565592326,
    "chords_strength": {
        "mean": 0.447767794132,
        "stdev": 0.090811163187
    },
    "hpcp_crest": {
        "mean": 13.2235383987,
        "stdev": 5.69905996323
    },
    "hpcp_entropy": {
        "mean": 1.96116018295,
        "stdev": 0.682316184044
    },
    "key_edma": {
        "strength": 0.347434818745,
        "key": "C#",
        "scale": "minor"
    },
    "key_krumhansl": {
        "strength": 0.348806619644,
        "key": "C#",
        "scale": "minor"
    },
    "key_temperley": {
        "strength": 0.346340209246,
        "key": "C#",
        "scale": "minor"
    },
    "tuning_diatonic_strength": 0.397047221661,
    "tuning_equal_tempered_deviation": 0.12084633112,
    "tuning_frequency": 434.193115234,
    "tuning_nontempered_energy_ratio": 0.787336349487,
    "hpcp": {
        "mean": [0.316845536232, 0.175459191203, 0.119227461517, 0.135481804609, 0.100243590772, 0.0622349344194, 0.0537417344749, 0.0622496902943, 0.12691038847, 0.135886192322, 0.066148981452, 0.0350003316998, 0.0307409148663, 0.0479537732899, 0.107977740467, 0.122548192739, 0.0648000687361, 0.0363468900323, 0.0341982468963, 0.0283011663705, 0.025652969256, 0.0279674120247, 0.0304108634591, 0.0372357442975, 0.0361779928207, 0.031010242179, 0.0416223481297, 0.0544246025383, 0.0660526677966, 0.0837538540363, 0.103442713618, 0.137316331267, 0.259399443865, 0.301163136959, 0.227310061455, 0.296570748091],
        "stdev": [0.38010764122, 0.255749493837, 0.241246625781, 0.277026802301, 0.21780654788, 0.17402485013, 0.158095419407, 0.17171369493, 0.2629365623, 0.280369818211, 0.160508319736, 0.114956386387, 0.106469385326, 0.122596241534, 0.188961803913, 0.207718595862, 0.138005286455, 0.119362592697, 0.121567368507, 0.099166020751, 0.075372159481, 0.0799171030521, 0.0823346599936, 0.0924471020699, 0.0954101234674, 0.0973057821393, 0.13188290596, 0.168694093823, 0.186374381185, 0.21089014411, 0.237272411585, 0.278957933187, 0.359048396349, 0.374818742275, 0.3305362463, 0.339330583811]
    },
    "chords_histogram": [1.78655385971, 5.45369052887, 0.117536433041, 0, 0, 0, 0, 0.846262335777, 14.4569816589, 10.3667135239, 0.329102009535, 0.0470145754516, 0.893276929855, 0.305594742298, 12.6704282761, 4.3488483429, 3.83168792725, 0.51716029644, 0.681711316109, 9.73201656342, 0, 32.9807243347, 0.117536433041, 0.51716029644],
    "thpcp": [1, 0.553768873215, 0.376295208931, 0.427595764399, 0.316379994154, 0.196420416236, 0.169614925981, 0.196466997266, 0.400543391705, 0.428872048855, 0.208773598075, 0.110464967787, 0.0970217734575, 0.151347473264, 0.340789854527, 0.386775821447, 0.204516276717, 0.114714853466, 0.107933498919, 0.0893216505647, 0.0809636414051, 0.0882682874799, 0.0959800928831, 0.117520175874, 0.114181794226, 0.0978717952967, 0.131364792585, 0.171770140529, 0.208469614387, 0.264336556196, 0.32647678256, 0.43338572979, 0.818693697453, 0.950504601002, 0.717415988445, 0.936010479927],
    "chords_key": "D",
    "chords_scale": "major"
}
}