{
"metadata": {
    "version": {
        "essentia": "2.1-dev",
        "essentia_git_sha": "v2.1_beta3-415-gd5473f3",
        "extractor": "music 2.0"
    },
    "audio_properties": {
        "analysis": {
            "equal_loudness": 0,
            "length": 239.124893188,
            "sample_rate": 44100,
            "start_time": 0,
            "downmix": "mix"
        },
        "bit_rate": 192000,
        "length": 239.124893188,
        "lossless": 0,
        "number_channels": 2,
        "replay_gain": -7.57939529419,
        "sample_rate": 44100,
        "codec": "mp3",
        "md5_encoded": "13f71555c8d33e776f2b247a257f7e64"
    },
    "tags": {
        "file_name": "el_as-viviendo_en_las_sombras.mp3",
        "album": ["Tras la reja de alambre"],
        "artist": ["Gandul, El As (Gandul, El As)"],
        "date": ["1998"],
        "title": ["Viviendo en las sombras. (No p"]
    }
},
"lowlevel": {
    "average_loudness": 0.946479856968,
    "barkbands_crest": {
        "mean": 13.2998828888,
        "stdev": 5.77960205078
    },
    "barkbands_flatness_db": {
        "mean": 0.241284057498,
        "stdev": 0.10518630594
    },
    "barkbands_kurtosis": {
        "mean": 18.7455768585,
        "stdev": 46.0907478333
    },
    "barkbands_skewness": {
        "mean": 2.36282777786,
        "stdev": 2.82616043091
    },
    "barkbands_spread": {
        "mean": 16.2282810211,
        "stdev": 16.115945816
    },
    "dissonance": {
        "mean": 0.45178437233,
        "stdev": 0.0450500063598
    },
    "dynamic_complexity": 4.50125598907,
    "erbbands_crest": {
        "mean": 10.4797382355,
        "stdev": 4.82159948349
    },
    "erbbands_flatness_db": {
        "mean": 0.225018754601,
        "stdev": 0.0626204535365
    },
    "erbbands_kurtosis": {
        "mean": 2.82054376602,
        "stdev": 11.8855571747
    },
    "erbbands_skewness": {
        "mean": 0.0744641795754,
        "stdev": 1.51855444908
    },
    "erbbands_spread": {
        "mean": 34.9477424622,
        "stdev": 22.4978256226
    },
    "hfc": {
        "mean": 11.6657676697,
        "stdev": 19.2023353577
    },
    "loudness_ebu128": {
        "integrated": -18.1084804535,
        "loudness_range": 2.57604026794,
        "momentary": {
            "mean": -19.1085166931,
            "stdev": 5.471118927
        },
        "short_term": {
            "mean": -18.2272758484,
            "stdev": 0.948955655098
        }
    },
    "melbands_crest": {
        "mean": 17.294626236,
        "stdev": 6.74071502686
    },
    "melbands_flatness_db": {
        "mean": 0.304747968912,
        "stdev": 0.137480631471
    },
    "melbands_kurtosis": {
        "mean": 36.2872047424,
        "stdev": 63.1364746094
    },
    "melbands_skewness": {
        "mean": 3.59130644798,
        "stdev": 3.17835831642
    },
    "melbands_spread": {
        "mean": 21.2227191925,
        "stdev": 25.9377384186
    },
    "pitch_salience": {
        "mean": 0.453571617603,
        "stdev": 0.18265517056
    },
    "silence_rate_20dB": {
        "mean": 1,
        "stdev": 0
    },
    "silence_rate_30dB": {
        "mean": 0.996990263462,
        "stdev": 0.0547790899873
    },
    "silence_rate_60dB": {
        "mean": 0.201456308365,
        "stdev": 0.401073455811
    },
    "spectral_centroid": {
        "mean": 1201.6953125,
        "stdev": 932.735229492
    },
    "spectral_complexity": {
        "mean": 10.6923303604,
        "stdev": 12.4467535019
    },
    "spectral_decrease": {
        "mean": -5.01427477317e-09,
        "stdev": 6.15786310831e-09
    },
    "spectral_energy": {
        "mean": 0.0199831221253,
        "stdev": 0.0241076871753
    },
    "spectral_energyband_high": {
        "mean": 0.000231182115385,
        "stdev": 0.000553276971914
    },
    "spectral_energyband_low": {
        "mean": 0.0112687442452,
        "stdev": 0.0196028463542
    },
    "spectral_energyband_middle_high": {
        "mean": 0.00433171261102,
        "stdev": 0.00952186342329
    },
    "spectral_energyband_middle_low": {
        "mean": 0.00467972969636,
        "stdev": 0.00667573232204
    },
    "spectral_entropy": {
        "mean": 7.01968765259,
        "stdev": 0.816437363625
    },
    "spectral_flux": {
        "mean": 0.0744522809982,
        "stdev": 0.063625998795
    },
    "spectral_kurtosis": {
        "mean": 11.1732311249,
        "stdev": 17.3707427979
    },
    "spectral_rms": {
        "mean": 0.00371745903976,
        "stdev": 0.00238248030655
    },
    "spectral_rolloff": {
        "mean": 1224.55297852,
        "stdev": 1617.2833252
    },
    "spectral_skewness": {
        "mean": 1.91408467293,
        "stdev": 1.46503472328
    },
    "spectral_spread": {
        "mean": 3115375,
        "stdev": 1396218.875
    },
    "spectral_strongpeak": {
        "mean": 0.679330170155,
        "stdev": 1.09554636478
    },
    "zerocrossingrate": {
        "mean": 0.0447637289762,
        "stdev": 0.0448207631707
    },
    "barkbands": {
        "mean": [6.60631776555e-05, 0.00574957253411, 0.004962509498, 0.000917314493563, 0.00132719322573, 0.000330643437337, 0.000691122200806, 0.000888673006557, 0.000442000513431, 0.000359979545465, 0.00026205033646, 0.000524834962562, 0.000784367381129, 0.000448319275165, 0.000591149087995, 0.000421812554123, 0.000410346110584, 0.000381183810532, 0.00013935341849, 0.000112732835987, 6.36176264379e-05, 5.8837740653e-05, 4.16704024246e-05, 6.94732943884e-06, 6.48464038022e-07, 2.00585404286e-07, 9.94561322187e-09],
        "stdev": [0.000163352800882, 0.0128466505557, 0.00922674126923, 0.00208270410076, 0.00221949326806, 0.000862359825987, 0.00185599457473, 0.00335054122843, 0.00129321415443, 0.00143680372275, 0.000810416415334, 0.0017936861841, 0.002301229164, 0.00128142605536, 0.001757569029, 0.00106903444976, 0.00100788939744, 0.000934532086831, 0.000322363630403, 0.000260532571701, 0.000156263107783, 0.000185612385394, 0.000152305932716, 1.96784276341e-05, 1.57513306931e-06, 4.37417270405e-07, 2.74464948546e-08]
    },
    "erbbands": {
        "mean": [0.101657547057, 1.55107831955, 5.41977596283, 4.45112514496, 3.72283411026, 4.93728494644, 3.14861822128, 3.00048136711, 6.69381046295, 16.4894561768, 17.2160415649, 10.5754547119, 10.4936389923, 11.2460422516, 11.3187589645, 25.7512168884, 34.5793991089, 22.1974582672, 29.1362705231, 27.8850574493, 25.2599887848, 22.0637569427, 21.8104572296, 10.4699354172, 6.45395183563, 5.44505310059, 3.39625835419, 2.10742807388, 1.98702514172, 2.01161623001, 1.03371274471, 0.297365427017, 0.0656009688973, 0.0126589015126, 0.00292609375902, 0.00103369611315, 0.000342442304827, 6.41055521555e-05, 1.20326958495e-05, 2.32713482546e-05],
        "stdev": [0.27801862359, 3.31092834473, 10.1181974411, 8.2205324173, 7.1428861618, 9.21350955963, 7.12764835358, 8.37573623657, 17.2947273254, 47.7904167175, 68.1875076294, 30.4934101105, 33.0087776184, 36.8037872314, 43.3064308167, 83.4593505859, 97.9092483521, 61.0376739502, 80.2154922485, 85.6654129028, 65.3799514771, 49.4443321228, 51.1076393127, 27.2841663361, 14.1190853119, 12.9389066696, 8.16426086426, 5.13964557648, 5.61497831345, 7.8625087738, 3.75372648239, 0.938223659992, 0.165148004889, 0.0307795889676, 0.00658498099074, 0.00229179929011, 0.000708028615918, 0.000141708122101, 1.38791847348e-05, 2.74035901384e-05]
    },
    "gfcc": {
        "mean": [-136.651062012, 132.783508301, -124.387794495, 50.2520065308, -41.4822731018, 7.55498409271, -25.2993392944, -4.55345582962, -8.86393356323, -12.2957611084, -6.16716718674, -8.35918426514, -13.3472757339],
        "cov": [[17498.078125, 721.065246582, -3225.39550781, 280.934875488, -315.160797119, -525.79675293, 32.4775238037, -186.596496582, 602.861328125, -119.522285461, -119.830612183, -237.181182861, -123.319488525], [721.065246582, 2271.08325195, 644.211669922, -657.798156738, 732.31652832, 31.9388771057, 185.711334229, -230.371856689, 24.2762107849, -143.452865601, 230.995483398, -132.626754761, -12.1643428802], [-3225.39550781, 644.211669922, 2238.2121582, 554.668151855, 315.184295654, 348.618377686, 243.214782715, -102.834945679, -52.7366905212, -49.958732605, 172.451889038, -15.0973453522, 27.9238090515], [280.934875488, -657.798156738, 554.668151855, 1124.57080078, -133.620635986, 17.6453876495, 15.7928638458, 104.091941833, 125.542640686, 3.91555809975, -37.2090530396, 9.74980640411, 27.8719787598], [-315.160797119, 732.31652832, 315.184295654, -133.620635986, 801.450195312, 219.388946533, 182.66317749, -53.3833084106, -46.6697235107, 23.1904373169, 121.063491821, -13.5938186646, 21.5359897614], [-525.79675293, 31.9388771057, 348.618377686, 17.6453876495, 219.388946533, 469.92199707, 287.960327148, -42.1854667664, -95.2702789307, 66.3131408691, 68.6788253784, 42.7968254089, 19.8025856018], [32.4775238037, 185.711334229, 243.214782715, 15.7928638458, 182.66317749, 287.960327148, 380.856170654, 23.9038887024, -21.3545284271, 20.178976059, 61.7456130981, 13.3494195938, 25.8773059845], [-186.596496582, -230.371856689, -102.834945679, 104.091941833, -53.3833084106, -42.1854667664, 23.9038887024, 302.52557373, 154.966873169, 30.6320972443, -65.5621032715, 5.97410011292, 52.3411254883], [602.861328125, 24.2762107849, -52.7366905212, 125.542640686, -46.6697235107, -95.2702789307, -21.3545284271, 154.966873169, 267.385498047, 28.0030822754, -49.0589027405, -47.5008277893, 7.77229595184], [-119.522285461, -143.452865601, -49.958732605, 3.91555809975, 23.1904373169, 66.3131408691, 20.178976059, 30.6320972443, 28.0030822754, 165.936401367, 9.86603736877, -9.50052833557, -8.93114280701], [-119.830612183, 230.995483398, 172.451889038, -37.2090530396, 121.063491821, 68.6788253784, 61.7456130981, -65.5621032715, -49.0589027405, 9.86603736877, 162.985610962, 37.2506942749, -15.0455446243], [-237.181182861, -132.626754761, -15.0973453522, 9.74980640411, -13.5938186646, 42.7968254089, 13.3494195938, 5.97410011292, -47.5008277893, -9.50052833557, 37.2506942749, 126.71824646, 41.4303779602], [-123.319488525, -12.1643428802, 27.9238090515, 27.8719787598, 21.5359897614, 19.8025856018, 25.8773059845, 52.3411254883, 7.77229595184, -8.93114280701, -15.0455446243, 41.4303779602, 115.67401886]],
        "icov": [[0.000189420010429, -0.000339460326359, 0.000514789368026, -0.000471999810543, 0.000191017257748, -0.000147448328789, -0.000189054015209, 0.000381404359359, -0.000326684967149, 5.25128416484e-05, 5.05432444697e-06, 4.0171056753e-05, 2.73663681583e-05], [-0.000339460326359, 0.00244590966031, -0.00146538135596, 0.00207156129181, -0.00144960428588, 0.00115560682025, -0.000398832373321, 0.000572285964154, -0.00105452339631, 0.00137183815241, -0.00155556329992, 0.00152536819223, -0.000919654383324], [0.000514789368026, -0.00146538135596, 0.00226642121561, -0.00203241710551, 0.0007473124424, -0.00116773240734, -0.000216174594243, 0.000784255564213, -0.000405856728321, 0.000176963629201, -0.000262130459305, 0.00025211519096, 8.12234702607e-06], [-0.000471999810543, 0.00207156129181, -0.00203241710551, 0.00318850623444, -0.000971477245912, 0.000962245103437, -5.90471427131e-06, -0.000259161170106, -0.000783413473982, 0.00073235941818, -0.000645191699732, 0.000525023322552, -0.000591055955738], [0.000191017257748, -0.00144960428588, 0.0007473124424, -0.000971477245912, 0.00256765424274, -0.00122550525703, 7.95478408691e-05, -0.00034622932435, 0.000569067255128, -0.000779088644776, -0.00015762631665, -5.71718919673e-05, -0.000122909477795], [-0.000147448328789, 0.00115560682025, -0.00116773240734, 0.000962245103437, -0.00122550525703, 0.00618089875206, -0.00388012523763, 0.000931776245125, 0.000753419590183, -0.00169982656371, 0.000422171870014, -0.00106544967275, -0.000114545444376], [-0.000189054015209, -0.000398832373321, -0.000216174594243, -5.90471427131e-06, 7.95478408691e-05, -0.00388012523763, 0.00615623407066, -0.00203909771517, 0.000613818410784, 0.000592316384427, -0.000950879708398, 0.000635785690974, -0.000341886276146], [0.000381404359359, 0.000572285964154, 0.000784255564213, -0.000259161170106, -0.00034622932435, 0.000931776245125, -0.00203909771517, 0.00751480599865, -0.00477442098781, 0.000179181952262, 0.000668982509524, -0.000332226511091, -0.00215868907981], [-0.000326684967149, -0.00105452339631, -0.000405856728321, -0.000783413473982, 0.000569067255128, 0.000753419590183, 0.000613818410784, -0.00477442098781, 0.00861368887126, -0.00227090832777, 0.00125302572269, 0.000701182929333, 0.000773431325797], [5.25128416484e-05, 0.00137183815241, 0.000176963629201, 0.00073235941818, -0.000779088644776, -0.00169982656371, 0.000592316384427, 0.000179181952262, -0.00227090832777, 0.00864057056606, -0.00259403744712, 0.00255223643035, -0.00022827644716], [5.05432444697e-06, -0.00155556329992, -0.000262130459305, -0.000645191699732, -0.00015762631665, 0.000422171870014, -0.000950879708398, 0.000668982509524, 0.00125302572269, -0.00259403744712, 0.0111773498356, -0.00573142291978, 0.00314976973459], [4.0171056753e-05, 0.00152536819223, 0.00025211519096, 0.000525023322552, -5.71718919673e-05, -0.00106544967275, 0.000635785690974, -0.000332226511091, 0.000701182929333, 0.00255223643035, -0.00573142291978, 0.0137252714485, -0.00529443752021], [2.73663681583e-05, -0.000919654383324, 8.12234702607e-06, -0.000591055955738, -0.000122909477795, -0.000114545444376, -0.000341886276146, -0.00215868907981, 0.000773431325797, -0.00022827644716, 0.00314976973459, -0.00529443752021, 0.0120500344783]]
    },
    "melbands": {
        "mean": [0.0012969073141, 0.00266453297809, 0.000791745027527, 0.000314827891998, 0.000134084926685, 6.55996918795e-05, 0.000113477188279, 0.000191005005036, 0.000125970618683, 6.44880274194e-05, 5.30951001565e-05, 4.66719284304e-05, 3.7998524931e-05, 3.5845387174e-05, 0.000121434582979, 5.12514416187e-05, 3.86560313927e-05, 4.63399046566e-05, 4.19890748162e-05, 3.05283829221e-05, 3.05032244796e-05, 2.27644741244e-05, 2.2862051992e-05, 1.64278935699e-05, 7.59946942708e-06, 5.08092534801e-06, 4.01770194003e-06, 3.5506191125e-06, 2.23183906201e-06, 1.54884276071e-06, 1.10704081635e-06, 1.08979588731e-06, 1.18961679618e-06, 1.06193192551e-06, 6.53736719869e-07, 3.30431504381e-07, 1.19738245985e-07, 4.64130067712e-08, 2.14468833803e-08, 6.42822728381e-09],
        "stdev": [0.00306495069526, 0.0048270416446, 0.00143726647366, 0.00054993503727, 0.000269441690762, 0.000180043891305, 0.000290969823254, 0.000569183321204, 0.00048885808792, 0.000194357839064, 0.000177616733708, 0.000169443897903, 0.000130283660837, 0.000141686337884, 0.00047637874377, 0.000130967295263, 0.000109430504381, 0.000132429908263, 0.000128523723106, 8.57330305735e-05, 8.24950257083e-05, 5.4936579545e-05, 5.19754903507e-05, 4.38823772129e-05, 2.04238494916e-05, 1.15149159683e-05, 9.27036489884e-06, 8.68523966346e-06, 5.26552048541e-06, 3.9144706534e-06, 2.77821641248e-06, 2.86932208837e-06, 4.50297693533e-06, 4.23782012149e-06, 2.48028118222e-06, 1.15140005619e-06, 3.58899995945e-07, 1.1510920217e-07, 5.61160966583e-08, 1.56282613517e-08]
    },
    "melbands128": {
        "mean": [5.83302098676e-05, 0.000491004495416, 0.00186100171413, 0.0027524002362, 0.00296861492097, 0.00227742339484, 0.000890144321602, 0.000435722817201, 0.000361750571756, 0.000300456071272, 0.000343395047821, 0.000170228609932, 0.000103100734123, 6.05376153544e-05, 6.87588762958e-05, 5.99799168413e-05, 7.17598377378e-05, 0.000115984119475, 0.000160425304784, 0.000195791741135, 0.000204812269658, 0.00018752500182, 0.000117725772725, 6.17784171482e-05, 6.15172466496e-05, 7.10083768354e-05, 5.54831676709e-05, 4.18749878008e-05, 6.12041694694e-05, 5.79712395847e-05, 3.51429225702e-05, 3.7480112951e-05, 4.71944840683e-05, 2.82995006273e-05, 3.06332585751e-05, 3.28651840391e-05, 3.62047248927e-05, 0.000196856519324, 0.000106828767457, 5.4079147958e-05, 4.37593771494e-05, 4.056776379e-05, 4.26300503023e-05, 3.24848406308e-05, 4.1158102249e-05, 5.56724517082e-05, 4.26650221925e-05, 4.21354015998e-05, 4.28471830674e-05, 3.83973856515e-05, 2.65880225925e-05, 2.39581204369e-05, 3.24144566548e-05, 3.09940041916e-05, 3.13213022309e-05, 1.91055514733e-05, 1.86236047739e-05, 2.34241051658e-05, 2.57381507254e-05, 1.96903674805e-05, 1.65925175679e-05, 1.4601922885e-05, 7.66432003729e-06, 5.97486541665e-06, 6.2164085648e-06, 5.12538508701e-06, 4.45108707936e-06, 4.29436840932e-06, 3.74887781618e-06, 3.8537632463e-06, 3.80097185371e-06, 3.50112691194e-06, 2.40999384005e-06, 1.90362550256e-06, 2.21100799536e-06, 1.48886249463e-06, 1.41002715282e-06, 1.130832743e-06, 1.07497555746e-06, 1.03355455394e-06, 1.10259270514e-06, 1.08967083179e-06, 1.12794543838e-06, 1.12673330932e-06, 1.32762841076e-06, 1.2817846482e-06, 8.94446714028e-07, 7.83649738878e-07, 6.87301337621e-07, 5.28868895344e-07, 4.27286153126e-07, 2.61923389644e-07, 1.86189737406e-07, 1.28706389546e-07, 7.17487722568e-08, 4.79118149599e-08, 4.58852760232e-08, 3.55508973371e-08, 2.29473986479e-08, 1.4072240262e-08, 7.69540786649e-09, 5.78595438228e-09, 3.68094266179e-09, 2.98144442468e-09, 3.21252557889e-09, 2.70763345078e-09, 2.2406416722e-09, 2.03338901272e-09, 1.74752701199e-09, 1.30217248095e-09, 1.15384901633e-09, 9.92443904835e-10, 9.55110879275e-10, 1.10464992709e-09, 1.11974174377e-09, 6.46284803452e-10, 3.55418000586e-10, 5.23713156175e-11, 5.11993008753e-12, 5.37344431104e-12, 5.17448280404e-12, 3.97124824345e-12, 3.45983268077e-12, 3.34296002338e-12, 3.29933628161e-12, 3.26914168479e-12, 3.24539874141e-12, 3.22241192063e-12],
        "stdev": [0.000142065022374, 0.00169851875398, 0.00485392892733, 0.0061268042773, 0.00586412334815, 0.00417035026476, 0.0017129041953, 0.000981253338978, 0.000785349868238, 0.000615371391177, 0.000749896571506, 0.000392170273699, 0.000292485929094, 0.000196843262529, 0.000239102344494, 0.000221888563829, 0.000276009290246, 0.000386994914152, 0.000557076709811, 0.000700924778357, 0.000866502756253, 0.000955596275162, 0.000549160933588, 0.000277040497167, 0.000238782275119, 0.000277469167486, 0.000205867487239, 0.000169052989804, 0.00035699896398, 0.000283572881017, 0.000127551873447, 0.000129321488203, 0.000173450636794, 0.000176917325007, 0.000265987240709, 0.000128155908897, 0.000100839461084, 0.000920432852581, 0.00037046088255, 0.000167787016835, 0.000151499945787, 0.000139756579301, 0.000145934114698, 9.19406302273e-05, 0.000140849471791, 0.000189273865544, 0.000111140143417, 0.000138635310577, 0.000196493943804, 0.000118785028462, 7.695081149e-05, 6.67073691147e-05, 8.97343707038e-05, 9.20019374462e-05, 0.000105642953713, 4.75468768855e-05, 4.42213349743e-05, 5.6778153521e-05, 6.7133558332e-05, 5.68108553125e-05, 5.00700734847e-05, 5.2346567827e-05, 2.18593413592e-05, 1.65880228451e-05, 1.67120288097e-05, 1.21563771245e-05, 1.07036266854e-05, 1.09912180051e-05, 9.25511358219e-06, 1.0125285371e-05, 1.07689420474e-05, 8.98852067621e-06, 5.46155615666e-06, 4.71962084703e-06, 7.02247962181e-06, 3.98330257667e-06, 3.74315050067e-06, 2.92507138511e-06, 2.92295544568e-06, 2.82828318632e-06, 2.87461057269e-06, 3.14603994411e-06, 3.82833241019e-06, 4.72156807518e-06, 6.05585773883e-06, 5.64522952118e-06, 3.49702963831e-06, 3.24428219756e-06, 2.89672561848e-06, 1.9869235075e-06, 1.57812780799e-06, 9.77614831754e-07, 6.55812016248e-07, 3.97248555828e-07, 2.05162862699e-07, 1.13717042893e-07, 1.25625362557e-07, 1.03685700026e-07, 6.07880537018e-08, 4.03440338914e-08, 1.97383567269e-08, 1.47923788774e-08, 9.04703245652e-09, 7.57276641394e-09, 8.11782197019e-09, 6.50118359147e-09, 5.26684384994e-09, 4.99249575014e-09, 4.72215733183e-09, 3.52809870208e-09, 2.83475642959e-09, 2.46611975285e-09, 2.20086038283e-09, 2.43842701586e-09, 2.61964294701e-09, 1.6296642924e-09, 1.05559794239e-09, 1.76315656519e-10, 4.11016533308e-11, 5.61395686882e-11, 5.21759024874e-11, 2.46344975668e-11, 6.99605260876e-12, 6.01745042683e-12, 5.92875488287e-12, 5.85936073966e-12, 5.80958415056e-12, 5.77635248661e-12]
    },
    "mfcc": {
        "mean": [-767.545898438, 142.38458252, -5.56253242493, 40.9410247803, 10.8161230087, 14.8215398788, -2.96259188652, 13.1368904114, -5.33013629913, 2.80781006813, 1.11730837822, 4.71093463898, -1.62186813354],
        "cov": [[14970.6201172, 221.498672485, -3196.82910156, 342.249023438, -883.950561523, -51.2074699402, -904.053039551, 59.1457176208, -48.5954055786, 570.404785156, -133.470474243, -23.1452503204, -252.677612305], [221.498672485, 2790.86303711, 39.1777648926, -400.666870117, 457.926208496, 68.5962753296, 297.066650391, -6.22862672806, -55.228679657, -150.557159424, 127.43321991, 83.2349853516, 78.8426132202], [-3196.82910156, 39.1777648926, 2098.31689453, 486.569030762, 257.860717773, 327.868865967, 299.858825684, 120.996154785, 10.3091983795, -142.004394531, 93.2687225342, 75.3975372314, 107.676094055], [342.249023438, -400.666870117, 486.569030762, 784.363769531, 190.490661621, 64.8974990845, -60.1250495911, 68.8159713745, 44.8875846863, 71.2412796021, 9.96451854706, 17.056098938, 12.7470388412], [-883.950561523, 457.926208496, 257.860717773, 190.490661621, 517.821228027, 117.942382812, 145.743087769, 22.1963539124, 41.1497344971, -21.1167182922, 45.1689834595, 59.5150375366, 35.2033233643], [-51.2074699402, 68.5962753296, 327.868865967, 64.8974990845, 117.942382812, 479.90536499, 331.665344238, 56.3810005188, 28.7503128052, -31.2712936401, 38.9169158936, 106.585784912, 36.7843971252], [-904.053039551, 297.066650391, 299.858825684, -60.1250495911, 145.743087769, 331.665344238, 526.866271973, 99.4645309448, 16.1638355255, -80.4002227783, 25.7191505432, 107.567314148, 96.7383956909], [59.1457176208, -6.22862672806, 120.996154785, 68.8159713745, 22.1963539124, 56.3810005188, 99.4645309448, 226.055130005, 73.5856323242, 25.6651000977, 5.71744775772, 9.72022247314, 56.7400665283], [-48.5954055786, -55.228679657, 10.3091983795, 44.8875846863, 41.1497344971, 28.7503128052, 16.1638355255, 73.5856323242, 233.092514038, 142.697433472, 28.8976135254, -19.9307117462, -13.2577028275], [570.404785156, -150.557159424, -142.004394531, 71.2412796021, -21.1167182922, -31.2712936401, -80.4002227783, 25.6651000977, 142.697433472, 275.080780029, 67.8962860107, -36.3611183167, -42.0658149719], [-133.470474243, 127.43321991, 93.2687225342, 9.96451854706, 45.1689834595, 38.9169158936, 25.7191505432, 5.71744775772, 28.8976135254, 67.8962860107, 149.984527588, 45.730342865, -10.4621477127], [-23.1452503204, 83.2349853516, 75.3975372314, 17.056098938, 59.5150375366, 106.585784912, 107.567314148, 9.72022247314, -19.9307117462, -36.3611183167, 45.730342865, 147.619262695, 55.1261634827], [-252.677612305, 78.8426132202, 107.676094055, 12.7470388412, 35.2033233643, 36.7843971252, 96.7383956909, 56.7400665283, -13.2577028275, -42.0658149719, -10.4621477127, 55.1261634827, 141.254684448]],
        "icov": [[0.000324446096784, -0.000349060748704, 0.000563712790608, -0.000669668836053, 0.000785865588114, -0.000835619110148, 0.000688356813043, -0.000488863151986, 0.000405134138418, -0.000541547429748, 0.000487077981234, -0.000467979116365, 0.000248087919317], [-0.000349060748704, 0.000934781564865, -0.000590424810071, 0.00110105366912, -0.00143857486546, 0.00102833937854, -0.000882218068, 0.000494485313538, -0.000333242700435, 0.000803320144769, -0.00104924791958, 0.000680504133925, -0.000434496614616], [0.000563712790608, -0.000590424810071, 0.0017395952018, -0.00167210225482, 0.00136582390405, -0.00173250318039, 0.000999999116175, -0.000859361432958, 0.000471548410133, -0.000144723846461, -2.60740525846e-05, -0.000216286876821, 1.75090535777e-05], [-0.000669668836053, 0.00110105366912, -0.00167210225482, 0.00365084642544, -0.00276642525569, 0.00143839849625, -0.000553863297682, 0.000344198953826, -0.00032300723251, 0.000192080668057, -0.000397759140469, 0.000477887107991, -0.000500467605889], [0.000785865588114, -0.00143857486546, 0.00136582390405, -0.00276642525569, 0.00507478136569, -0.00204691896215, 0.00108540419023, -0.00064440490678, 8.68911010912e-05, -0.00084517308278, 0.000956344418228, -0.00147896248382, 0.000605513690971], [-0.000835619110148, 0.00102833937854, -0.00173250318039, 0.00143839849625, -0.00204691896215, 0.00656102225184, -0.00444276444614, 0.00140253046993, -0.00130245147739, 0.00115975225344, -0.00104228325654, -0.000622090301476, 0.000791643338744], [0.000688356813043, -0.000882218068, 0.000999999116175, -0.000553863297682, 0.00108540419023, -0.00444276444614, 0.00614021997899, -0.00216063926928, 0.000688319443725, -0.000665869854856, 0.00119991169777, -0.00151209812611, -0.000894043128937], [-0.000488863151986, 0.000494485313538, -0.000859361432958, 0.000344198953826, -0.00064440490678, 0.00140253046993, -0.00216063926928, 0.00695890979841, -0.00261400686577, 0.000995744834654, -0.00104288919829, 0.00163469975814, -0.00271069840528], [0.000405134138418, -0.000333242700435, 0.000471548410133, -0.00032300723251, 8.68911010912e-05, -0.00130245147739, 0.000688319443725, -0.00261400686577, 0.00805947557092, -0.00481654005125, 0.00145913590677, -0.000310235336656, 0.0010277479887], [-0.000541547429748, 0.000803320144769, -0.000144723846461, 0.000192080668057, -0.00084517308278, 0.00115975225344, -0.000665869854856, 0.000995744834654, -0.00481654005125, 0.00886132009327, -0.00502499938011, 0.00275786709972, -0.000621075276285], [0.000487077981234, -0.00104924791958, -2.60740525846e-05, -0.000397759140469, 0.000956344418228, -0.00104228325654, 0.00119991169777, -0.00104288919829, 0.00145913590677, -0.00502499938011, 0.0116841001436, -0.00540117919445, 0.00275670480914], [-0.000467979116365, 0.000680504133925, -0.000216286876821, 0.000477887107991, -0.00147896248382, -0.000622090301476, -0.00151209812611, 0.00163469975814, -0.000310235336656, 0.00275786709972, -0.00540117919445, 0.0124616594985, -0.00465685967356], [0.000248087919317, -0.000434496614616, 1.75090535777e-05, -0.000500467605889, 0.000605513690971, 0.000791643338744, -0.000894043128937, -0.00271069840528, 0.0010277479887, -0.000621075276285, 0.00275670480914, -0.00465685967356, 0.0110746771097]]
    },
    "spectral_contrast_coeffs": {
        "mean": [-0.687215685844, -0.753575742245, -0.778379738331, -0.793420314789, -0.788943648338, -0.744306385517],
        "stdev": [0.0922041460872, 0.101185850799, 0.0841502174735, 0.074457295239, 0.0619066394866, 0.0653833001852]
    },
    "spectral_contrast_valleys": {
        "mean": [-7.62110948563, -8.00221157074, -8.77547073364, -8.69127082825, -8.76095581055, -12.1745786667],
        "stdev": [1.52070724964, 1.41636526585, 1.60590910912, 1.74971759319, 1.58844661713, 1.17604970932]
    }
},
"rhythm": {
    "beats_count": 360,
    "beats_loudness": {
        "mean": 0.0557892993093,
        "stdev": 0.0236186664551
    },
    "bpm": 90.7122650146,
    "bpm_histogram_first_peak_bpm": 91,
    "bpm_histogram_first_peak_weight": 0.23380279541,
    "bpm_histogram_second_peak_bpm": 83,
    "bpm_histogram_second_peak_spread": 0.25,
    "bpm_histogram_second_peak_weight": 0.0083565460518,
    "danceability": 1.49589240551,
    "onset_rate": 5.01375102997,
    "beats_loudness_band_ratio": {
        "mean": [0.486146330833, 0.0631135702133, 0.0941759943962, 0.141825571656, 0.197583034635, 0.0324385724962],
        "stdev": [0.38394755125, 0.072383724153, 0.0840476453304, 0.144006580114, 0.190916284919, 0.0295427963138]
    },
    "beats_position": [0.696598649025, 1.4164172411, 2.13623571396, 2.82122445107, 3.49460315704, 4.15637159348, 4.82975053787, 5.47990942001, 6.15328788757, 6.81505680084, 7.47682523727, 8.13859367371, 8.80036258698, 9.45052146912, 10.1122903824, 10.774058342, 11.4474372864, 12.0975961685, 12.7709751129, 13.4211339951, 14.0829019547, 14.7330608368, 15.3948297501, 16.0565986633, 16.7183666229, 17.3801364899, 18.0419044495, 18.7036724091, 19.365442276, 20.0272102356, 20.6889801025, 21.3507480621, 22.0125160217, 22.6626758575, 23.3360538483, 23.9978218079, 24.6595916748, 25.3097496033, 25.9715194702, 26.6332874298, 27.3066654205, 27.9568252563, 28.6302032471, 29.291973114, 29.9537410736, 30.6038990021, 31.2772789001, 31.9390468597, 32.6008148193, 33.2625846863, 33.9243545532, 34.5861206055, 35.2478904724, 35.8980484009, 36.5714263916, 37.2215881348, 37.8949661255, 38.545124054, 39.2185020447, 39.8686599731, 40.5420417786, 41.192199707, 41.8655776978, 42.5157356262, 43.1891136169, 43.8392753601, 44.5126533508, 45.1628112793, 45.8245811462, 46.4747390747, 47.1248970032, 47.7982749939, 48.4600448608, 49.1102027893, 49.78358078, 50.4337387085, 51.1071205139, 51.7688865662, 52.4422683716, 53.1040344238, 53.7658042908, 54.4159622192, 55.0777320862, 55.7395019531, 56.4012680054, 57.0514259338, 57.7248077393, 58.3865737915, 59.0483436584, 59.7101135254, 60.3718795776, 61.0336494446, 61.6954193115, 62.3571853638, 63.0189552307, 63.6807250977, 64.3424911499, 64.9926528931, 65.6660308838, 66.316192627, 66.9895706177, 67.6397247314, 68.3131027222, 68.9748764038, 69.6366424561, 70.2868041992, 70.9601821899, 71.6219482422, 72.2837142944, 72.9338760376, 73.6072540283, 74.2690200806, 74.9307937622, 75.5925598145, 76.2543258667, 76.9160995483, 77.5778656006, 78.2280273438, 78.9014053345, 79.5515594482, 80.2249450684, 80.8867111206, 81.5484771729, 82.2102508545, 82.8720169067, 83.5221786499, 84.1955566406, 84.8457107544, 85.5190887451, 86.1808624268, 86.842628479, 87.5043945312, 88.1661682129, 88.8163223267, 89.4897003174, 90.1398620605, 90.7900238037, 91.4401779175, 92.1135559082, 92.7637176514, 93.4370956421, 94.0872573853, 94.760635376, 95.4224014282, 96.0957794189, 96.7459411621, 97.4077072144, 98.0578689575, 98.7312469482, 99.381401062, 100.054779053, 100.716552734, 101.378318787, 102.02848053, 102.701858521, 103.352012634, 104.025398254, 104.675552368, 105.348930359, 106.010704041, 106.672470093, 107.322631836, 107.996009827, 108.657775879, 109.319541931, 109.969703674, 110.631469727, 111.293243408, 111.95500946, 112.605171204, 113.278549194, 113.940315247, 114.602081299, 115.26385498, 115.925621033, 116.587387085, 117.249160767, 117.89931488, 118.572692871, 119.234466553, 119.907844543, 120.557998657, 121.219772339, 121.881538391, 122.554916382, 123.216690063, 123.866844177, 124.51700592, 125.178771973, 125.840545654, 126.502311707, 127.164077759, 127.82585144, 128.476013184, 129.149383545, 129.811157227, 130.472915649, 131.123077393, 131.796463013, 132.458221436, 133.119995117, 133.77015686, 134.44354248, 135.105300903, 135.767074585, 136.417236328, 137.090606689, 137.752380371, 138.414154053, 139.064300537, 139.737686157, 140.3878479, 141.061218262, 141.711380005, 142.384765625, 143.034912109, 143.708297729, 144.370071411, 145.031829834, 145.693603516, 146.355377197, 147.005523682, 147.667297363, 148.329071045, 149.002441406, 149.652603149, 150.32598877, 150.987747192, 151.649520874, 152.299682617, 152.973052979, 153.63482666, 154.296600342, 154.958358765, 155.620132446, 156.281906128, 156.943664551, 157.593826294, 158.255599976, 158.917373657, 159.567520142, 160.217681885, 160.891067505, 161.552825928, 162.214599609, 162.864761353, 163.538131714, 164.199905396, 164.861679077, 165.5234375, 166.185211182, 166.846984863, 167.508743286, 168.158905029, 168.832290649, 169.494049072, 170.155822754, 170.805984497, 171.479354858, 172.14112854, 172.802902222, 173.453063965, 174.103210449, 174.776596069, 175.449981689, 176.100128174, 176.773513794, 177.423675537, 178.097045898, 178.747207642, 179.408981323, 180.070739746, 180.744125366, 181.394287109, 182.056045532, 182.717819214, 183.391204834, 184.041351318, 184.703125, 185.364898682, 186.026657104, 186.676818848, 187.338592529, 187.988754272, 188.662124634, 189.312286377, 189.985671997, 190.64743042, 191.32081604, 191.970977783, 192.632736206, 193.294509888, 193.956283569, 194.606430054, 195.279815674, 195.941589355, 196.603347778, 197.253509521, 197.926895142, 198.588653564, 199.250427246, 199.912200928, 200.573959351, 201.235733032, 201.897506714, 202.547653198, 203.221038818, 203.871200562, 204.544570923, 205.194732666, 205.868118286, 206.529876709, 207.191650391, 207.853424072, 208.515182495, 209.176956177, 209.838729858, 210.488891602, 211.162261963, 211.824035645, 212.485794067, 213.147567749, 213.809341431, 214.471099854, 215.132873535, 215.783035278, 216.44480896, 217.106567383, 217.779953003, 218.430114746, 219.103485107, 219.765258789, 220.427032471, 221.077178955, 221.738952637, 222.400726318, 223.062484741, 223.712646484, 224.386032104, 225.047790527, 225.709564209, 226.359725952, 227.021499634, 227.683258057, 228.345031738, 228.995193481, 229.668563843, 230.330337524, 230.992111206, 231.64225769, 232.315643311, 232.977416992, 233.639175415, 234.289337158, 234.962722778, 235.612869263, 236.286254883, 236.948028564, 237.644622803, 238.364440918],
    "bpm_histogram": [0, 0, 0, 0, 0, 0, 0, 0, 0, 0, 0, 0, 0, 0, 0, 0, 0, 0, 0, 0, 0, 0, 0, 0, 0, 0, 0, 0, 0, 0, 0, 0, 0, 0, 0, 0, 0, 0, 0, 0, 0, 0, 0, 0, 0, 0, 0, 0, 0, 0, 0, 0, 0, 0, 0, 0, 0, 0, 0, 0, 0, 0, 0, 0, 0, 0, 0, 0, 0, 0, 0, 0, 0, 0, 0, 0, 0, 0, 0, 0, 0, 0, 0, 0.0083565460518, 0, 0, 0.00278551527299, 0, 0.00278551527299, 0.228412255645, 0, 0.495821714401, 0.261838436127, 0, 0, 0, 0, 0, 0, 0, 0, 0, 0, 0, 0, 0, 0, 0, 0, 0, 0, 0, 0, 0, 0, 0, 0, 0, 0, 0, 0, 0, 0, 0, 0, 0, 0, 0, 0, 0, 0, 0, 0, 0, 0, 0, 0, 0, 0, 0, 0, 0, 0, 0, 0, 0, 0, 0, 0, 0, 0, 0, 0, 0, 0, 0, 0, 0, 0, 0, 0, 0, 0, 0, 0, 0, 0, 0, 0, 0, 0, 0, 0, 0, 0, 0, 0, 0, 0, 0, 0, 0, 0, 0, 0, 0, 0, 0, 0, 0, 0, 0, 0, 0, 0, 0, 0, 0, 0, 0, 0, 0, 0, 0, 0, 0, 0, 0, 0, 0, 0, 0, 0, 0, 0, 0, 0, 0, 0, 0, 0, 0, 0, 0, 0, 0, 0, 0, 0, 0, 0, 0, 0, 0, 0, 0, 0, 0, 0, 0, 0, 0, 0, 0, 0, 0, 0, 0, 0, 0]
},
"tonal": {
    "chords_changes_rate": 0.0959037095308,
    "chords_number_rate": 0.0027179189492,
    "chords_strength": {
        "mean": 0.475053846836,
        "stdev": 0.0882726609707
    },
    "hpcp_crest": {
        "mean": 12.1667890549,
        "stdev": 6.35710573196
    },
    "hpcp_entropy": {
        "mean": 2.22527170181,
        "stdev": 0.907738208771
    },
    "key_edma": {
        "strength": 0.744454085827,
        "key": "D#",
        "scale": "minor"
    },
    "key_krumhansl": {
        "strength": 0.760245919228,
        "key": "D#",
        "scale": "minor"
    },
    "key_temperley": {
        "strength": 0.760281741619,
        "key": "D#",
        "scale": "minor"
    },
    "tuning_diatonic_strength": 0.548223316669,
    "tuning_equal_tempered_deviation": 0.176842927933,
    "tuning_frequency": 445.369720459,
    "tuning_nontempered_energy_ratio": 0.812812387943,
    "hpcp": {
        "mean": [0.093958735466, 0.103888072073, 0.205439597368, 0.312609404325, 0.22760219872, 0.116920918226, 0.103873670101, 0.0930769219995, 0.0977218747139, 0.0928023830056, 0.0770239830017, 0.0946432575583, 0.117814227939, 0.0949221923947, 0.0822609215975, 0.0869616344571, 0.0889084637165, 0.243137136102, 0.37568372488, 0.245326295495, 0.107894860208, 0.0891159847379, 0.103840731084, 0.11040199548, 0.101913154125, 0.0894123837352, 0.0902362689376, 0.116987600923, 0.12008652091, 0.103169128299, 0.089716039598, 0.0800256431103, 0.0832788422704, 0.0925026610494, 0.103675693274, 0.105024948716],
        "stdev": [0.200269028544, 0.198272362351, 0.289497494698, 0.354284793139, 0.283038049936, 0.214607715607, 0.203085333109, 0.18871627748, 0.211925461888, 0.196870461106, 0.172861397266, 0.190217643976, 0.224254891276, 0.184803947806, 0.184141412377, 0.193314597011, 0.187026113272, 0.319681465626, 0.420644164085, 0.308588981628, 0.205743864179, 0.176119074225, 0.205194279552, 0.208252876997, 0.176483929157, 0.162735626101, 0.17997802794, 0.235920831561, 0.236545562744, 0.209272548556, 0.189338445663, 0.172088965774, 0.176548480988, 0.188072815537, 0.204961210489, 0.214612841606]
    },
    "chords_histogram": [26.8685684204, 0.524170041084, 5.96000766754, 1.12599492073, 0.0970685333014, 11.2793636322, 0.232964470983, 1.99961173534, 0.213550761342, 2.09668016434, 1.76664721966, 0.0776548236609, 2.60143661499, 2.97029709816, 0.75713455677, 0.174723356962, 0.524170041084, 0.116482235491, 0.116482235491, 1.08716750145, 1.3977868557, 1.02892637253, 23.005241394, 13.9778680801],
    "thpcp": [1, 0.653012812138, 0.287195980549, 0.237210124731, 0.276404649019, 0.293869525194, 0.27127379179, 0.237999081612, 0.240192115307, 0.311399161816, 0.319647908211, 0.274616986513, 0.238807365298, 0.213013336062, 0.221672743559, 0.246224835515, 0.275965362787, 0.279556810856, 0.250100642443, 0.276530683041, 0.546841859818, 0.832107901573, 0.60583460331, 0.311221688986, 0.276492327452, 0.247753411531, 0.260117411613, 0.247022628784, 0.205023482442, 0.251922696829, 0.31359949708, 0.252665162086, 0.218963235617, 0.231475651264, 0.236657753587, 0.64718568325],
    "chords_key": "D#",
    "chords_scale": "minor"
}
}