{
"metadata": {
    "version": {
        "essentia": "2.1-dev",
        "essentia_git_sha": "v2.1_beta3-415-gd5473f3",
        "extractor": "music 2.0"
    },
    "audio_properties": {
        "analysis": {
            "equal_loudness": 0,
            "length": 124.499595642,
            "sample_rate": 44100,
            "start_time": 0,
            "downmix": "mix"
        },
        "bit_rate": 192000,
        "length": 124.499595642,
        "lossless": 0,
        "number_channels": 2,
        "replay_gain": -4.26692390442,
        "sample_rate": 44100,
        "codec": "mp3",
        "md5_encoded": "58c74df1f81d7bfbea4707404c208ed3"
    },
    "tags": {
        "file_name": "el_as-rimas_en_las_sombras.mp3",
        "album": ["Tras la reja de alambre"],
        "artist": ["Gandul, El As (Gandul, El As)"],
        "date": ["1998"],
        "title": ["Rimas en las sombras"]
    }
},
"lowlevel": {
    "average_loudness": 0.974744617939,
    "barkbands_crest": {
        "mean": 20.3605155945,
        "stdev": 3.88142609596
    },
    "barkbands_flatness_db": {
        "mean": 0.335608869791,
        "stdev": 0.126562565565
    },
    "barkbands_kurtosis": {
        "mean": 43.2578239441,
        "stdev": 51.8838577271
    },
    "barkbands_skewness": {
        "mean": 5.393222332,
        "stdev": 3.03165626526
    },
    "barkbands_spread": {
        "mean": 11.5495834351,
        "stdev": 13.8123521805
    },
    "dissonance": {
        "mean": 0.464801371098,
        "stdev": 0.0376745760441
    },
    "dynamic_complexity": 3.13636779785,
    "erbbands_crest": {
        "mean": 10.6400022507,
        "stdev": 4.26570129395
    },
    "erbbands_flatness_db": {
        "mean": 0.212602004409,
        "stdev": 0.0695151314139
    },
    "erbbands_kurtosis": {
        "mean": 2.06000614166,
        "stdev": 15.3344707489
    },
    "erbbands_skewness": {
        "mean": -0.50415802002,
        "stdev": 1.32644093037
    },
    "erbbands_spread": {
        "mean": 58.5696144104,
        "stdev": 25.6903057098
    },
    "hfc": {
        "mean": 13.7543354034,
        "stdev": 22.2285861969
    },
    "loudness_ebu128": {
        "integrated": -18.9308547974,
        "loudness_range": 1.94632148743,
        "momentary": {
            "mean": -19.475276947,
            "stdev": 3.30411481857
        },
        "short_term": {
            "mean": -18.9814739227,
            "stdev": 0.785834133625
        }
    },
    "melbands_crest": {
        "mean": 24.9859161377,
        "stdev": 4.80685329437
    },
    "melbands_flatness_db": {
        "mean": 0.424175471067,
        "stdev": 0.145947396755
    },
    "melbands_kurtosis": {
        "mean": 121.911872864,
        "stdev": 106.284797668
    },
    "melbands_skewness": {
        "mean": 8.70864486694,
        "stdev": 4.13914394379
    },
    "melbands_spread": {
        "mean": 7.5321598053,
        "stdev": 10.7100286484
    },
    "pitch_salience": {
        "mean": 0.28188252449,
        "stdev": 0.110540345311
    },
    "silence_rate_20dB": {
        "mean": 0.994406104088,
        "stdev": 0.0745810195804
    },
    "silence_rate_30dB": {
        "mean": 0.892224490643,
        "stdev": 0.310100644827
    },
    "silence_rate_60dB": {
        "mean": 0.0124930078164,
        "stdev": 0.111072130501
    },
    "spectral_centroid": {
        "mean": 1364.99853516,
        "stdev": 808.828369141
    },
    "spectral_complexity": {
        "mean": 9.30132389069,
        "stdev": 9.51215934753
    },
    "spectral_decrease": {
        "mean": -1.4968200901e-08,
        "stdev": 1.76099472782e-08
    },
    "spectral_energy": {
        "mean": 0.0577409975231,
        "stdev": 0.0673423856497
    },
    "spectral_energyband_high": {
        "mean": 0.000568832154386,
        "stdev": 0.00149415561464
    },
    "spectral_energyband_low": {
        "mean": 0.0509880743921,
        "stdev": 0.0630541592836
    },
    "spectral_energyband_middle_high": {
        "mean": 0.00253744237125,
        "stdev": 0.00579273095354
    },
    "spectral_energyband_middle_low": {
        "mean": 0.00425822939724,
        "stdev": 0.00807863194495
    },
    "spectral_entropy": {
        "mean": 6.82435417175,
        "stdev": 0.963190317154
    },
    "spectral_flux": {
        "mean": 0.10463822633,
        "stdev": 0.0927005559206
    },
    "spectral_kurtosis": {
        "mean": 8.11639881134,
        "stdev": 22.3079910278
    },
    "spectral_rms": {
        "mean": 0.0068559483625,
        "stdev": 0.00305428425781
    },
    "spectral_rolloff": {
        "mean": 384.8309021,
        "stdev": 936.663208008
    },
    "spectral_skewness": {
        "mean": 1.52843141556,
        "stdev": 1.50215852261
    },
    "spectral_spread": {
        "mean": 3806042.75,
        "stdev": 1290025.125
    },
    "spectral_strongpeak": {
        "mean": 0.429035782814,
        "stdev": 0.252428025007
    },
    "zerocrossingrate": {
        "mean": 0.0234974082559,
        "stdev": 0.0213489457965
    },
    "barkbands": {
        "mean": [0.00296188564971, 0.0420007035136, 0.00543515570462, 0.00152277341112, 0.00130102026742, 0.000154779365403, 0.000587509770412, 0.000393814494601, 0.000260148284724, 0.000113631118438, 0.000126299026306, 0.000134720772621, 0.00015102395264, 0.000180310278665, 0.000316987250699, 0.000299139908748, 0.000421546108555, 0.000349268113496, 0.000394384638639, 0.000150670981384, 0.000133509776788, 0.000153728469741, 0.00013558549108, 4.30989784945e-05, 1.24542184494e-05, 6.31830835118e-06, 6.2077452867e-07],
        "stdev": [0.00407201610506, 0.0485013499856, 0.0143873887137, 0.00422217603773, 0.00348949851468, 0.000547012139577, 0.00169807521161, 0.0016183257103, 0.000864071014803, 0.000535287195817, 0.000561789958738, 0.000647991430014, 0.000350275688106, 0.000714204041287, 0.000840548542328, 0.00070865440648, 0.00100163836032, 0.00092456699349, 0.00106244487688, 0.000481657858472, 0.000373699294869, 0.000425239442848, 0.000466296449304, 0.000115752787679, 4.96043685416e-05, 3.03341912513e-05, 4.93304060001e-06]
    },
    "erbbands": {
        "mean": [1.42191851139, 8.49132061005, 8.46034240723, 5.53889465332, 4.59465408325, 4.53357124329, 2.06389188766, 1.28560674191, 5.23119211197, 11.6488037109, 7.56948280334, 5.94640493393, 4.51453924179, 3.7492172718, 5.21837329865, 5.79943704605, 6.34448337555, 10.6737928391, 11.6624917984, 19.5480232239, 15.0653772354, 23.5551967621, 22.3801288605, 24.7238826752, 10.9351081848, 7.08719539642, 5.96968173981, 5.18704175949, 5.28124523163, 5.33585786819, 3.57124662399, 1.38953566551, 0.57082337141, 0.176965713501, 0.0716724619269, 0.0307248104364, 0.0122036924586, 0.00168200547341, 0.000114960224892, 6.73667673254e-05],
        "stdev": [1.43385577202, 11.3816041946, 18.9873085022, 13.1010417938, 12.9302902222, 10.8365936279, 6.47599220276, 3.8250079155, 14.3449516296, 35.854095459, 33.3396987915, 19.4826145172, 18.8300075531, 14.9369239807, 24.260602951, 28.1208248138, 18.0451869965, 39.3303565979, 32.5175361633, 54.2049293518, 36.1675300598, 55.0642471313, 51.3340950012, 62.0892868042, 36.1679534912, 22.608789444, 17.6596488953, 14.007267952, 13.9774456024, 18.0024223328, 12.3451080322, 3.99736261368, 1.65369439125, 0.604928076267, 0.333586603403, 0.147584185004, 0.0614125877619, 0.00895015988499, 0.000776891713031, 8.02731301519e-05]
    },
    "gfcc": {
        "mean": [-104.78301239, 110.876922607, -98.2577514648, 90.4070205688, -2.37267041206, 27.352306366, -19.4025650024, 11.7804918289, 10.0036268234, -10.0446891785, 0.466614931822, -4.76134204865, -11.617562294],
        "cov": [[14035.7675781, -1305.07910156, -2177.11230469, -533.471679688, -3181.05444336, -405.25592041, -621.856933594, 481.366973877, -154.671630859, 676.993164062, -298.396179199, 270.152191162, -79.9868392944], [-1305.07910156, 1437.30749512, -7.5675702095, -605.905395508, 428.220428467, -309.499389648, 41.1264152527, 30.8303565979, 194.045776367, -239.351547241, 176.763748169, -89.207901001, 44.0989112854], [-2177.11230469, -7.5675702095, 1117.92272949, 307.131530762, 218.205215454, 39.2347564697, 59.0888252258, -160.640625, -156.603775024, -123.455192566, -54.3096733093, -3.37514472008, 19.1197795868], [-533.471679688, -605.905395508, 307.131530762, 837.596862793, 109.276077271, 58.0919418335, 31.3420829773, -107.783256531, -100.107643127, -69.5937042236, 30.3503704071, 20.0774993896, -10.0323123932], [-3181.05444336, 428.220428467, 218.205215454, 109.276077271, 1565.06005859, 164.880828857, 93.9436340332, -171.968658447, 43.2509307861, -142.053634644, 145.797058105, -45.5825462341, -0.784718036652], [-405.25592041, -309.499389648, 39.2347564697, 58.0919418335, 164.880828857, 424.600158691, 73.2198867798, -138.937332153, 50.6279945374, 49.4866943359, -83.2372512817, -1.00137197971, 24.9131774902], [-621.856933594, 41.1264152527, 59.0888252258, 31.3420829773, 93.9436340332, 73.2198867798, 262.060760498, 38.0023841858, -53.333114624, -113.592758179, -17.7254295349, -13.8752346039, -2.71947860718], [481.366973877, 30.8303565979, -160.640625, -107.783256531, -171.968658447, -138.937332153, 38.0023841858, 234.583175659, -2.29189229012, -48.0208702087, 13.5791826248, -3.04076838493, -24.4745979309], [-154.671630859, 194.045776367, -156.603775024, -100.107643127, 43.2509307861, 50.6279945374, -53.333114624, -2.29189229012, 283.678894043, 44.9684333801, 30.1941432953, -51.7783584595, 20.0039405823], [676.993164062, -239.351547241, -123.455192566, -69.5937042236, -142.053634644, 49.4866943359, -113.592758179, -48.0208702087, 44.9684333801, 268.19921875, -29.3573532104, -36.3655509949, -29.4487400055], [-298.396179199, 176.763748169, -54.3096733093, 30.3503704071, 145.797058105, -83.2372512817, -17.7254295349, 13.5791826248, 30.1941432953, -29.3573532104, 155.76385498, -20.3117256165, -32.0904846191], [270.152191162, -89.207901001, -3.37514472008, 20.0774993896, -45.5825462341, -1.00137197971, -13.8752346039, -3.04076838493, -51.7783584595, -36.3655509949, -20.3117256165, 131.875564575, 42.3878173828], [-79.9868392944, 44.0989112854, 19.1197795868, -10.0323123932, -0.784718036652, 24.9131774902, -2.71947860718, -24.4745979309, 20.0039405823, -29.4487400055, -32.0904846191, 42.3878173828, 118.055213928]],
        "icov": [[0.000318028090987, -0.000449467916042, 0.000596444297116, -0.000436876463937, 0.000530198158231, -0.000401361350669, 0.00062138173962, -0.000453494139947, 0.000664210005198, -0.000592544674873, 0.000570923672058, -0.000568032439332, 0.000356957520125], [-0.000449467916042, 0.00947008468211, -0.00162985909265, 0.00808849930763, -0.00191396917216, 0.0082638990134, -0.00330400303937, 0.00820912513882, -0.00612734118477, 0.009286750108, -0.00562769174576, 0.00561776803806, -0.00321359210648], [0.000596444297116, -0.00162985909265, 0.00249432749115, -0.00177140091546, 0.00100366317201, -0.00116992474068, 0.00143274373841, -0.00057152408408, 0.00222802418284, -0.0011682381155, 0.00227075163275, -0.000901673804037, 0.000898564292584], [-0.000436876463937, 0.00808849930763, -0.00177140091546, 0.00839076191187, -0.00161587749608, 0.006785758771, -0.00287524960004, 0.00753774214536, -0.00491405231878, 0.00828920863569, -0.00550916977227, 0.00473951036111, -0.00256263022311], [0.000530198158231, -0.00191396917216, 0.00100366317201, -0.00161587749608, 0.00195346446708, -0.0020875625778, 0.00122432922944, -0.00115126371384, 0.00176744430792, -0.00158468552399, 0.000529039883986, -0.00131018063985, 0.000936812371947], [-0.000401361350669, 0.0082638990134, -0.00116992474068, 0.006785758771, -0.0020875625778, 0.0115728694946, -0.00488313054666, 0.00950804818422, -0.00664578657597, 0.00714976154268, -0.0024455555249, 0.00419461587444, -0.00245141494088], [0.00062138173962, -0.00330400303937, 0.00143274373841, -0.00287524960004, 0.00122432922944, -0.00488313054666, 0.0081455912441, -0.00461392663419, 0.00415950687602, -0.00071310356725, 0.00288190203719, -0.000508773722686, 0.00153190933634], [-0.000453494139947, 0.00820912513882, -0.00057152408408, 0.00753774214536, -0.00115126371384, 0.00950804818422, -0.00461392663419, 0.0147988460958, -0.00587200885639, 0.00955659709871, -0.00417844718322, 0.00492806080729, -0.00121938250959], [0.000664210005198, -0.00612734118477, 0.00222802418284, -0.00491405231878, 0.00176744430792, -0.00664578657597, 0.00415950687602, -0.00587200885639, 0.00961058679968, -0.00599928246811, 0.00263330386952, -0.00142760050949, 0.000356491596904], [-0.000592544674873, 0.009286750108, -0.0011682381155, 0.00828920863569, -0.00158468552399, 0.00714976154268, -0.00071310356725, 0.00955659709871, -0.00599928246811, 0.0157564617693, -0.00449639512226, 0.0076523758471, -0.00155426375568], [0.000570923672058, -0.00562769174576, 0.00227075163275, -0.00550916977227, 0.000529039883986, -0.0024455555249, 0.00288190203719, -0.00417844718322, 0.00263330386952, -0.00449639512226, 0.0138459419832, -0.00331099890172, 0.00475750304759], [-0.000568032439332, 0.00561776803806, -0.000901673804037, 0.00473951036111, -0.00131018063985, 0.00419461587444, -0.000508773722686, 0.00492806080729, -0.00142760050949, 0.0076523758471, -0.00331099890172, 0.014315453358, -0.00570772821084], [0.000356957520125, -0.00321359210648, 0.000898564292584, -0.00256263022311, 0.000936812371947, -0.00245141494088, 0.00153190933634, -0.00121938250959, 0.000356491596904, -0.00155426375568, 0.00475750304759, -0.00570772821084, 0.0127500891685]]
    },
    "melbands": {
        "mean": [0.012493243441, 0.006895147264, 0.000952358299401, 0.000338928715792, 9.50392204686e-05, 2.91959368042e-05, 9.28291847231e-05, 0.000121385550301, 5.67451097595e-05, 3.64037077816e-05, 2.20078927669e-05, 1.4509828361e-05, 1.81776977115e-05, 1.3334223695e-05, 1.55598117999e-05, 1.58630064107e-05, 1.95453867491e-05, 1.57500435307e-05, 2.58486670646e-05, 2.51578785537e-05, 1.56853784574e-05, 2.26523934543e-05, 2.35574934777e-05, 1.83864922292e-05, 2.09409863601e-05, 1.05931039798e-05, 5.29778753844e-06, 4.58918157165e-06, 4.10454231314e-06, 2.95552422358e-06, 2.99943599202e-06, 2.86938507088e-06, 3.1485569707e-06, 2.86733188659e-06, 2.18315130951e-06, 1.39832957302e-06, 6.31542377505e-07, 4.60452042716e-07, 2.12837704794e-07, 1.20245530866e-07],
        "stdev": [0.0132070481777, 0.0117453318089, 0.0022690279875, 0.000899855862372, 0.000254836952081, 9.19600061025e-05, 0.000254964077612, 0.000373929273337, 0.000249740318395, 0.000119912438095, 9.5361523563e-05, 6.12170915701e-05, 8.3065860963e-05, 7.57033194532e-05, 5.50108525204e-05, 4.21912482125e-05, 7.61483024689e-05, 4.81552706333e-05, 6.76745694363e-05, 6.38207056909e-05, 4.14079258917e-05, 5.93807562836e-05, 4.66797391709e-05, 5.14957137057e-05, 5.51129996893e-05, 3.13792588713e-05, 1.8889139028e-05, 1.4760717022e-05, 1.29641930471e-05, 8.20806690172e-06, 8.28135034681e-06, 7.7059467003e-06, 9.46006639424e-06, 1.0382180335e-05, 7.84582425695e-06, 4.6530894906e-06, 1.73274975168e-06, 1.41520661145e-06, 6.38691972199e-07, 4.53057594996e-07]
    },
    "melbands128": {
        "mean": [0.00263367849402, 0.0110027426854, 0.0182904545218, 0.0125555908307, 0.00555462716147, 0.00227585295215, 0.00110981042963, 0.000670491193887, 0.000413503294112, 0.00037944043288, 0.000282143475488, 0.000132355751703, 6.27071931376e-05, 3.50570589944e-05, 1.95411412278e-05, 2.97792321362e-05, 4.72948959214e-05, 9.69565662672e-05, 0.000149070692714, 0.000152199630975, 9.90007465589e-05, 6.70786103001e-05, 5.4606989579e-05, 4.24771933467e-05, 3.79954544769e-05, 3.51635826519e-05, 2.98276281683e-05, 1.92490351765e-05, 1.7544702132e-05, 1.39881049108e-05, 1.28040956042e-05, 1.63046588568e-05, 2.31278536376e-05, 1.55806101247e-05, 1.09270631583e-05, 1.21200346257e-05, 1.8156506485e-05, 1.78368100023e-05, 1.25332744574e-05, 1.09406273623e-05, 1.19504647955e-05, 2.76105765806e-05, 2.56233961409e-05, 1.05487424662e-05, 1.12387433546e-05, 1.52876673383e-05, 2.09047229873e-05, 2.90148218482e-05, 2.65878388745e-05, 2.72049892374e-05, 2.8983620723e-05, 1.67257749126e-05, 1.44107762026e-05, 1.72122436197e-05, 1.47125429066e-05, 1.8055901819e-05, 3.5746696085e-05, 2.98598824884e-05, 1.57097510964e-05, 1.73943135451e-05, 2.67460509349e-05, 1.13430824058e-05, 7.51370362195e-06, 4.0456707211e-05, 1.81177292689e-05, 5.76303727939e-06, 7.62910985941e-06, 5.58651618121e-06, 4.74773878523e-06, 4.84018210045e-06, 4.14805072069e-06, 4.79295249534e-06, 4.98363942825e-06, 4.05570835937e-06, 2.83096551357e-06, 3.21879906551e-06, 2.55916961578e-06, 3.2999657833e-06, 2.97089445667e-06, 2.92267873192e-06, 2.69929819297e-06, 2.94717756333e-06, 3.06920651383e-06, 3.10664631797e-06, 3.30182842845e-06, 3.1621175367e-06, 2.68850885732e-06, 2.31591889133e-06, 2.19283833758e-06, 2.113243454e-06, 1.7177007976e-06, 1.20476170196e-06, 8.33198782857e-07, 6.00231203407e-07, 5.64062702324e-07, 4.12842894093e-07, 5.94334039761e-07, 2.39543538783e-07, 2.06317409379e-07, 2.03375222441e-07, 1.31559033889e-07, 1.15080275975e-07, 8.54484838442e-08, 9.84481189903e-08, 8.46253058739e-08, 6.52054339412e-08, 5.97688725179e-08, 4.75763677343e-08, 4.8828241006e-08, 5.43195035618e-08, 5.29748582778e-08, 5.12318258927e-08, 4.28548574405e-08, 2.62475445822e-08, 1.44877656538e-08, 1.4516280622e-08, 1.49838079722e-08, 4.28164881328e-09, 2.33379360282e-09, 1.39937050836e-09, 1.43122191876e-09, 1.78065306944e-09, 8.8058149661e-10, 1.74592146296e-11, 7.72468547461e-12, 7.65163800376e-12, 7.59178310494e-12, 7.54096785016e-12],
        "stdev": [0.00371597381309, 0.0116647928953, 0.0203251484782, 0.0189189929515, 0.0119822826236, 0.00584619492292, 0.00264686811715, 0.00197736360133, 0.00137512863148, 0.00117575062905, 0.000692130066454, 0.000376574142138, 0.000248754222412, 0.000186115081306, 7.91766797192e-05, 9.08295769477e-05, 0.000156691574375, 0.000334254815243, 0.000539534841664, 0.000550377706531, 0.000461391697172, 0.000442151649622, 0.000300196028547, 0.000242799476837, 0.000174715241883, 0.000145518089994, 0.000156305948622, 0.000130554690259, 0.000108149310108, 7.79485417297e-05, 7.92709979578e-05, 8.29690252431e-05, 0.000125962396851, 0.000106254417915, 8.8583190518e-05, 0.000129667518195, 9.20181482797e-05, 6.90264860168e-05, 3.76942334697e-05, 4.65252232971e-05, 4.0219463699e-05, 7.60876355343e-05, 0.000137857205118, 5.08997909492e-05, 5.2446139307e-05, 6.53414608678e-05, 6.32513547316e-05, 6.95807830198e-05, 8.90841110959e-05, 0.000109740016342, 6.9944660936e-05, 4.70219747513e-05, 3.54081130354e-05, 6.26510300208e-05, 4.6380861022e-05, 7.10943568265e-05, 7.5627125625e-05, 5.95988276473e-05, 4.55405752291e-05, 4.62546631752e-05, 8.26692921692e-05, 5.02152324771e-05, 3.33735115419e-05, 0.000106558567495, 4.66520286864e-05, 2.2486457965e-05, 3.50715345121e-05, 2.24542236538e-05, 1.54659373948e-05, 1.68854403455e-05, 1.34268075271e-05, 1.63611221069e-05, 1.75148015842e-05, 1.38145132951e-05, 7.52956930228e-06, 1.0338411812e-05, 7.77508375904e-06, 9.14726842893e-06, 8.80714014784e-06, 8.74243869475e-06, 7.78654521127e-06, 8.43071029522e-06, 8.383455679e-06, 9.9190920082e-06, 1.1803959751e-05, 1.2400304513e-05, 1.02694348243e-05, 9.44180465012e-06, 8.24093513074e-06, 7.90710600995e-06, 6.22332345301e-06, 4.06071922043e-06, 2.69539032161e-06, 1.70340206296e-06, 1.82462781595e-06, 1.27254543258e-06, 1.9997517029e-06, 6.62279262542e-07, 6.3256698013e-07, 6.91207901582e-07, 4.40028117055e-07, 5.28479120021e-07, 3.47487258523e-07, 4.61170373001e-07, 4.70443239919e-07, 3.12636245781e-07, 2.9352349884e-07, 2.26408573667e-07, 2.58563801481e-07, 2.7799325153e-07, 2.30587090755e-07, 2.76672381005e-07, 2.53094981417e-07, 1.30538651888e-07, 5.97254228296e-08, 7.91404843881e-08, 1.01004907549e-07, 4.14651850633e-08, 3.14963877202e-08, 2.20121165739e-08, 2.05150119115e-08, 2.35291217621e-08, 1.25899601855e-08, 1.9928164674e-10, 1.24182842828e-11, 1.22752346482e-11, 1.21701667841e-11, 1.21020736835e-11]
    },
    "mfcc": {
        "mean": [-751.09161377, 114.163108826, 10.4781255722, 68.2576141357, 48.6972961426, 31.3349895477, 4.87158203125, 33.6243743896, 10.9978637695, 11.8466873169, 13.1062736511, 16.1196250916, 6.54800844193],
        "cov": [[13325.0126953, -955.527587891, -726.001464844, -859.248291016, -2417.02246094, -1042.74584961, -1005.46612549, -719.360900879, -546.972900391, 268.894561768, -167.639953613, -380.518249512, -304.35067749], [-955.527587891, 1898.61474609, -472.335845947, -398.804260254, 242.561233521, -368.717590332, -78.061088562, 75.2978973389, -31.6396255493, -14.8376684189, 103.153823853, -26.4097557068, 60.1581916809], [-726.001464844, -472.335845947, 849.828430176, 269.875854492, -46.0904502869, 154.392791748, 49.778465271, 43.7660369873, 17.2858924866, -119.234741211, -136.184753418, 12.0028076172, 27.7344074249], [-859.248291016, -398.804260254, 269.875854492, 651.977844238, 239.387466431, 73.2591323853, 109.812278748, 68.252243042, -36.4311828613, -133.713409424, -28.4082393646, 27.4281902313, 34.4117355347], [-2417.02246094, 242.561233521, -46.0904502869, 239.387466431, 852.597473145, 250.259597778, 149.093475342, 60.988571167, 78.7952804565, -70.6740341187, 84.6239776611, 123.165679932, 26.626914978], [-1042.74584961, -368.717590332, 154.392791748, 73.2591323853, 250.259597778, 553.327331543, 131.826080322, -26.791311264, 111.002296448, -17.1259765625, 27.8398838043, 82.6896057129, -58.8177375793], [-1005.46612549, -78.061088562, 49.778465271, 109.812278748, 149.093475342, 131.826080322, 339.562103271, 122.160713196, 36.6419715881, -51.9195365906, -14.1227912903, -10.3566064835, 14.8285055161], [-719.360900879, 75.2978973389, 43.7660369873, 68.252243042, 60.988571167, -26.791311264, 122.160713196, 344.95324707, 83.970489502, -96.6864318848, -89.3297042847, 27.3692340851, 136.938186646], [-546.972900391, -31.6396255493, 17.2858924866, -36.4311828613, 78.7952804565, 111.002296448, 36.6419715881, 83.970489502, 229.023422241, -24.0999698639, -92.1622619629, 64.9498291016, 85.3174285889], [268.894561768, -14.8376684189, -119.234741211, -133.713409424, -70.6740341187, -17.1259765625, -51.9195365906, -96.6864318848, -24.0999698639, 265.459777832, 141.609207153, -57.7478027344, -124.264266968], [-167.639953613, 103.153823853, -136.184753418, -28.4082393646, 84.6239776611, 27.8398838043, -14.1227912903, -89.3297042847, -92.1622619629, 141.609207153, 284.171417236, -30.9981231689, -184.947677612], [-380.518249512, -26.4097557068, 12.0028076172, 27.4281902313, 123.165679932, 82.6896057129, -10.3566064835, 27.3692340851, 64.9498291016, -57.7478027344, -30.9981231689, 165.275405884, 105.744308472], [-304.35067749, 60.1581916809, 27.7344074249, 34.4117355347, 26.626914978, -58.8177375793, 14.8285055161, 136.938186646, 85.3174285889, -124.264266968, -184.947677612, 105.744308472, 334.710113525]],
        "icov": [[0.000313812372042, 0.00023016439809, 0.00039487000322, 0.000121853234305, 0.00059448700631, 0.000190403065062, 0.000460139126517, 0.000239211381995, 0.000398827862227, 0.000231212659855, 0.0003968825622, -1.63176391652e-05, 0.000275282829534], [0.00023016439809, 0.00122161244508, 0.000415798247559, 0.000957748503424, -0.000286027468974, 0.000941647682339, 0.000454477674793, 1.40822121466e-05, 0.00024818116799, 0.000856041675434, -0.000323537416989, 0.000481690163724, -5.7265322539e-05], [0.00039487000322, 0.000415798247559, 0.00218421267346, -0.000441097421572, 0.0010134105105, -0.000286215479719, 0.000735302630346, 0.000125588761875, 0.000715236063115, 0.000508853350766, 0.00128604553174, 3.10790273943e-05, 0.000641215709038], [0.000121853234305, 0.000957748503424, -0.000441097421572, 0.00305536482483, -0.00102429441176, 0.000870291260071, -5.69299336348e-05, -0.000154793713591, 0.000818306521978, 0.00133813451976, -0.000464495853521, 0.000466152501758, -0.000154364402988], [0.00059448700631, -0.000286027468974, 0.0010134105105, -0.00102429441176, 0.00353925442323, -0.000690931570716, 0.00038324680645, 0.000549801217858, 0.000226555173867, 0.000442822143668, 9.12431860343e-05, -0.00117431837134, 0.000496492837556], [0.000190403065062, 0.000941647682339, -0.000286215479719, 0.000870291260071, -0.000690931570716, 0.00389946741052, -0.000821397348773, 0.000826578470878, -0.00124345556833, 0.000749222817831, -0.000413478555856, -0.00120551080909, 0.00112404883839], [0.000460139126517, 0.000454477674793, 0.000735302630346, -5.69299336348e-05, 0.00038324680645, -0.000821397348773, 0.00499069178477, -0.00117980549112, 0.000725902616978, 0.000715255562682, 0.000481331167975, 0.00165323237889, 0.000192576218979], [0.000239211381995, 1.40822121466e-05, 0.000125588761875, -0.000154793713591, 0.000549801217858, 0.000826578470878, -0.00117980549112, 0.00474397884682, -0.00129206490237, 0.00100907485466, -0.000243169779424, 0.000425355188781, -0.00113137764856], [0.000398827862227, 0.00024818116799, 0.000715236063115, 0.000818306521978, 0.000226555173867, -0.00124345556833, 0.000725902616978, -0.00129206490237, 0.00794845540076, -0.00138416723348, 0.00361994630657, -0.00172727089375, 0.000440566567704], [0.000231212659855, 0.000856041675434, 0.000508853350766, 0.00133813451976, 0.000442822143668, 0.000749222817831, 0.000715255562682, 0.00100907485466, -0.00138416723348, 0.00736747821793, -0.00353188114241, 0.00202191853896, 2.62596477114e-05], [0.0003968825622, -0.000323537416989, 0.00128604553174, -0.000464495853521, 9.12431860343e-05, -0.000413478555856, 0.000481331167975, -0.000243169779424, 0.00361994630657, -0.00353188114241, 0.00993604212999, -0.00257032224908, 0.00442680809647], [-1.63176391652e-05, 0.000481690163724, 3.10790273943e-05, 0.000466152501758, -0.00117431837134, -0.00120551080909, 0.00165323237889, 0.000425355188781, -0.00172727089375, 0.00202191853896, -0.00257032224908, 0.0111582009122, -0.0042721121572], [0.000275282829534, -5.7265322539e-05, 0.000641215709038, -0.000154364402988, 0.000496492837556, 0.00112404883839, 0.000192576218979, -0.00113137764856, 0.000440566567704, 2.62596477114e-05, 0.00442680809647, -0.0042721121572, 0.00751658575609]]
    },
    "spectral_contrast_coeffs": {
        "mean": [-0.640877485275, -0.760566532612, -0.775735974312, -0.726560533047, -0.743186831474, -0.752490758896],
        "stdev": [0.08482375741, 0.117524422705, 0.0889455452561, 0.0806355699897, 0.0629291385412, 0.0562336966395]
    },
    "spectral_contrast_valleys": {
        "mean": [-7.40036201477, -8.7178850174, -9.51086044312, -9.22211551666, -8.7455406189, -11.4843397141],
        "stdev": [1.24190557003, 1.41548526287, 1.461835742, 1.48968315125, 1.51160383224, 1.46699523926]
    }
},
"rhythm": {
    "beats_count": 181,
    "beats_loudness": {
        "mean": 0.132965087891,
        "stdev": 0.123545542359
    },
    "bpm": 87.7353591919,
    "bpm_histogram_first_peak_bpm": 88,
    "bpm_histogram_first_peak_weight": 0.134078204632,
    "bpm_histogram_second_peak_bpm": 83,
    "bpm_histogram_second_peak_spread": 0,
    "bpm_histogram_second_peak_weight": 0.00555555569008,
    "danceability": 2.00233912468,
    "onset_rate": 5.0033326149,
    "beats_loudness_band_ratio": {
        "mean": [0.781615138054, 0.0327532216907, 0.0369299948215, 0.0212599411607, 0.0796303376555, 0.0583672821522],
        "stdev": [0.1944617033, 0.0351071469486, 0.0563950613141, 0.0265609342605, 0.0762245953083, 0.0586226321757]
    },
    "beats_position": [0.696598649025, 1.4164172411, 2.10140585899, 2.7863945961, 3.47138309479, 4.15637159348, 4.841360569, 5.52634906769, 6.21133756638, 6.8963265419, 7.58131504059, 8.26630401611, 8.93968200684, 9.63628101349, 10.3328800201, 11.017868042, 11.7028570175, 12.387845993, 13.0728340149, 13.7578229904, 14.4428119659, 15.1161899567, 15.8127889633, 16.4861679077, 17.1827659607, 17.8561439514, 18.5295238495, 19.2261219025, 19.9111099243, 20.5960998535, 21.2810878754, 21.9660758972, 22.6510658264, 23.3360538483, 24.0210418701, 24.7060317993, 25.37940979, 26.0643978119, 26.7493877411, 27.4343757629, 28.1193637848, 28.804353714, 29.4893417358, 30.1859397888, 30.8593196869, 31.5443077087, 32.2292976379, 32.9142837524, 33.5992736816, 34.2842636108, 34.9692497253, 35.6426315308, 36.3392295837, 37.0126075745, 37.6975975037, 38.3825836182, 39.0675735474, 39.7525634766, 40.4491615295, 41.1225395203, 41.8075294495, 42.492515564, 43.1658935547, 43.8508834839, 44.5358734131, 45.2208595276, 45.9058494568, 46.590839386, 47.2758255005, 47.9608154297, 48.6458053589, 49.3307914734, 50.0157814026, 50.7007713318, 51.3857574463, 52.0707473755, 52.7557373047, 53.4291152954, 54.1257133484, 54.7990913391, 55.4956893921, 56.1690673828, 56.854057312, 57.5390472412, 58.2356452942, 58.9090232849, 59.5940132141, 60.2789993286, 60.9639892578, 61.648979187, 62.3223571777, 63.0073471069, 63.6923332214, 64.3773193359, 65.0623092651, 65.7589111328, 66.4322891235, 67.1172790527, 67.8022689819, 68.4872512817, 69.1722412109, 69.8456192017, 70.5422210693, 71.2272109985, 71.9122009277, 72.5855789185, 73.2705688477, 73.9555511475, 74.6405410767, 75.3255310059, 76.0105209351, 76.6955108643, 77.3805007935, 78.0654830933, 78.738861084, 79.4238510132, 80.1088409424, 80.7938308716, 81.4788208008, 82.16381073, 82.8487930298, 83.533782959, 84.2187728882, 84.9037628174, 85.5887527466, 86.2737426758, 86.9587249756, 87.6437149048, 88.328704834, 89.0020828247, 89.6986846924, 90.3720626831, 91.0686569214, 91.7420425415, 92.4386367798, 93.1120147705, 93.8086166382, 94.4819946289, 95.1669845581, 95.8519744873, 96.5369567871, 97.2219467163, 97.9069366455, 98.5919265747, 99.2653045654, 99.9502944946, 100.635284424, 101.320266724, 102.005256653, 102.690246582, 103.375236511, 104.06022644, 104.74521637, 105.430198669, 106.115188599, 106.800178528, 107.485168457, 108.158546448, 108.855148315, 109.528526306, 110.225120544, 110.898498535, 111.583488464, 112.268478394, 112.953468323, 113.638458252, 114.323448181, 115.008430481, 115.681808472, 116.378410339, 117.05178833, 117.748390198, 118.421768188, 119.106758118, 119.791740417, 120.453514099, 121.115280151, 121.777046204, 122.450431824, 123.135414124, 123.808792114],
    "bpm_histogram": [0, 0, 0, 0, 0, 0, 0, 0, 0, 0, 0, 0, 0, 0, 0, 0, 0, 0, 0, 0, 0, 0, 0, 0, 0, 0, 0, 0, 0, 0, 0, 0, 0, 0, 0, 0, 0, 0, 0, 0, 0, 0, 0, 0, 0, 0, 0, 0, 0, 0, 0, 0, 0, 0, 0, 0, 0, 0, 0, 0, 0, 0, 0, 0, 0, 0, 0, 0, 0, 0, 0, 0, 0, 0, 0, 0, 0, 0, 0, 0, 0, 0, 0, 0.00555555569008, 0, 0, 0.116666667163, 0, 0.672222197056, 0.188888892531, 0, 0.0166666675359, 0, 0, 0, 0, 0, 0, 0, 0, 0, 0, 0, 0, 0, 0, 0, 0, 0, 0, 0, 0, 0, 0, 0, 0, 0, 0, 0, 0, 0, 0, 0, 0, 0, 0, 0, 0, 0, 0, 0, 0, 0, 0, 0, 0, 0, 0, 0, 0, 0, 0, 0, 0, 0, 0, 0, 0, 0, 0, 0, 0, 0, 0, 0, 0, 0, 0, 0, 0, 0, 0, 0, 0, 0, 0, 0, 0, 0, 0, 0, 0, 0, 0, 0, 0, 0, 0, 0, 0, 0, 0, 0, 0, 0, 0, 0, 0, 0, 0, 0, 0, 0, 0, 0, 0, 0, 0, 0, 0, 0, 0, 0, 0, 0, 0, 0, 0, 0, 0, 0, 0, 0, 0, 0, 0, 0, 0, 0, 0, 0, 0, 0, 0, 0, 0, 0, 0, 0, 0, 0, 0, 0, 0, 0, 0, 0, 0, 0, 0, 0, 0, 0, 0, 0, 0, 0, 0, 0, 0]
},
"tonal": {
    "chords_changes_rate": 0.0991797149181,
    "chords_number_rate": 0.00335570471361,
    "chords_strength": {
        "mean": 0.472029566765,
        "stdev": 0.090107768774
    },
    "hpcp_crest": {
        "mean": 13.7792196274,
        "stdev": 4.83705186844
    },
    "hpcp_entropy": {
        "mean": 1.78357326984,
        "stdev": 0.602141201496
    },
    "key_edma": {
        "strength": 0.464924633503,
        "key": "A",
        "scale": "minor"
    },
    "key_krumhansl": {
        "strength": 0.469744116068,
        "key": "A",
        "scale": "minor"
    },
    "key_temperley": {
        "strength": 0.439395219088,
        "key": "A",
        "scale": "minor"
    },
    "tuning_diatonic_strength": 0.453960418701,
    "tuning_equal_tempered_deviation": 0.155819326639,
    "tuning_frequency": 434.193115234,
    "tuning_nontempered_energy_ratio": 0.74154406786,
    "hpcp": {
        "mean": [0.149426147342, 0.155880972743, 0.0735141187906, 0.0202785432339, 0.0179457422346, 0.022322120145, 0.0382148623466, 0.141158401966, 0.178199008107, 0.152132436633, 0.182656764984, 0.128353878856, 0.0649717450142, 0.0522096306086, 0.0397334545851, 0.0368699245155, 0.0391301847994, 0.0432922616601, 0.0909684821963, 0.141161575913, 0.102677725255, 0.0453381426632, 0.0260227899998, 0.0217965133488, 0.0232567545027, 0.0159183368087, 0.0162956956774, 0.0230673458427, 0.0212554056197, 0.0154777541757, 0.0149199981242, 0.0198162384331, 0.0347866155207, 0.0621799342334, 0.158120438457, 0.174841910601],
        "stdev": [0.274408727884, 0.344368696213, 0.19085021317, 0.0933669731021, 0.0887297317386, 0.101489640772, 0.135226204991, 0.30610781908, 0.35349175334, 0.276117891073, 0.355731099844, 0.264064610004, 0.193615466356, 0.180580914021, 0.149193227291, 0.148293212056, 0.154710099101, 0.166998594999, 0.221423864365, 0.317696005106, 0.233541846275, 0.143334284425, 0.10779234767, 0.0908143594861, 0.0950162410736, 0.0766161754727, 0.0837549120188, 0.107693359256, 0.105880267918, 0.0862232148647, 0.0865428745747, 0.104575701058, 0.127413704991, 0.158485889435, 0.306214392185, 0.33779206872]
    },
    "chords_histogram": [3.65398955345, 0, 0, 0, 0, 0.410141676664, 0.633855342865, 0.59656971693, 4.73527240753, 19.0156593323, 16.2192401886, 0, 1.26771068573, 5.63012695312, 0, 2.12527966499, 16.9276657104, 28.1506347656, 0.59656971693, 0, 0, 0, 0.0372856073081, 0],
    "thpcp": [1, 0.702705323696, 0.355704009533, 0.285834640265, 0.217530697584, 0.201853588223, 0.214227959514, 0.237014278769, 0.498029649258, 0.77282422781, 0.562134802341, 0.248214960098, 0.142468258739, 0.119330443442, 0.127324894071, 0.0871489048004, 0.0892148464918, 0.126287937164, 0.116368018091, 0.0847368240356, 0.0816832482815, 0.108488939703, 0.190448001027, 0.340419560671, 0.86566978693, 0.957215607166, 0.818070709705, 0.853409230709, 0.402471363544, 0.111019939184, 0.098248437047, 0.122208014131, 0.209216788411, 0.772806882858, 0.975594878197, 0.83288693428],
    "chords_key": "G#",
    "chords_scale": "major"
}
}