{
"metadata": {
    "version": {
        "essentia": "2.1-dev",
        "essentia_git_sha": "v2.1_beta3-415-gd5473f3",
        "extractor": "music 2.0"
    },
    "audio_properties": {
        "analysis": {
            "equal_loudness": 0,
            "length": 175.777954102,
            "sample_rate": 44100,
            "start_time": 0,
            "downmix": "mix"
        },
        "bit_rate": 192000,
        "length": 175.777954102,
        "lossless": 0,
        "number_channels": 2,
        "replay_gain": -13.4208507538,
        "sample_rate": 44100,
        "codec": "mp3",
        "md5_encoded": "9a6030004b410a3b2f1024a5db84e25f"
    },
    "tags": {
        "file_name": "el_chojin-respuestas.mp3",
        "album": ["Solo para adultos"],
        "artist": ["El Chojin"],
        "genre": ["Other"],
        "title": ["Respuestas"]
    }
},
"lowlevel": {
    "average_loudness": 0.897342443466,
    "barkbands_crest": {
        "mean": 8.94862651825,
        "stdev": 4.50728225708
    },
    "barkbands_flatness_db": {
        "mean": 0.140138313174,
        "stdev": 0.0480907224119
    },
    "barkbands_kurtosis": {
        "mean": 2.32186770439,
        "stdev": 10.3345165253
    },
    "barkbands_skewness": {
        "mean": 0.526308298111,
        "stdev": 1.54670655727
    },
    "barkbands_spread": {
        "mean": 20.7830619812,
        "stdev": 10.9262151718
    },
    "dissonance": {
        "mean": 0.478313654661,
        "stdev": 0.0208053439856
    },
    "dynamic_complexity": 3.67632627487,
    "erbbands_crest": {
        "mean": 7.94284725189,
        "stdev": 2.89031124115
    },
    "erbbands_flatness_db": {
        "mean": 0.20795121789,
        "stdev": 0.0528797321022
    },
    "erbbands_kurtosis": {
        "mean": 0.295392453671,
        "stdev": 1.374953866
    },
    "erbbands_skewness": {
        "mean": -0.334929794073,
        "stdev": 0.669875502586
    },
    "erbbands_spread": {
        "mean": 28.0461978912,
        "stdev": 15.3985443115
    },
    "hfc": {
        "mean": 23.1308898926,
        "stdev": 22.7569580078
    },
    "loudness_ebu128": {
        "integrated": -10.0939683914,
        "loudness_range": 3.86260604858,
        "momentary": {
            "mean": -11.7281303406,
            "stdev": 5.75400829315
        },
        "short_term": {
            "mean": -11.2326622009,
            "stdev": 4.36346340179
        }
    },
    "melbands_crest": {
        "mean": 11.2150154114,
        "stdev": 5.89816045761
    },
    "melbands_flatness_db": {
        "mean": 0.1630551368,
        "stdev": 0.0752191469073
    },
    "melbands_kurtosis": {
        "mean": 7.84773206711,
        "stdev": 22.5508918762
    },
    "melbands_skewness": {
        "mean": 1.50338876247,
        "stdev": 2.07408761978
    },
    "melbands_spread": {
        "mean": 36.3690071106,
        "stdev": 22.6722621918
    },
    "pitch_salience": {
        "mean": 0.589049816132,
        "stdev": 0.143455058336
    },
    "silence_rate_20dB": {
        "mean": 1,
        "stdev": 0
    },
    "silence_rate_30dB": {
        "mean": 0.997358679771,
        "stdev": 0.0513263195753
    },
    "silence_rate_60dB": {
        "mean": 0.120047546923,
        "stdev": 0.32500910759
    },
    "spectral_centroid": {
        "mean": 2067.17724609,
        "stdev": 778.599609375
    },
    "spectral_complexity": {
        "mean": 22.373085022,
        "stdev": 10.5564203262
    },
    "spectral_decrease": {
        "mean": -5.77064485086e-09,
        "stdev": 6.89723478331e-09
    },
    "spectral_energy": {
        "mean": 0.0238777380437,
        "stdev": 0.0267796535045
    },
    "spectral_energyband_high": {
        "mean": 0.00100853818003,
        "stdev": 0.00263682031073
    },
    "spectral_energyband_low": {
        "mean": 0.00926046352834,
        "stdev": 0.0214201435447
    },
    "spectral_energyband_middle_high": {
        "mean": 0.00667520938441,
        "stdev": 0.00489540863782
    },
    "spectral_energyband_middle_low": {
        "mean": 0.00758330058306,
        "stdev": 0.013019205071
    },
    "spectral_entropy": {
        "mean": 7.56655073166,
        "stdev": 0.350738108158
    },
    "spectral_flux": {
        "mean": 0.0942104905844,
        "stdev": 0.0693942978978
    },
    "spectral_kurtosis": {
        "mean": 5.93630886078,
        "stdev": 4.04191160202
    },
    "spectral_rms": {
        "mean": 0.00415673013777,
        "stdev": 0.00245292694308
    },
    "spectral_rolloff": {
        "mean": 2551.55102539,
        "stdev": 1726.00756836
    },
    "spectral_skewness": {
        "mean": 1.39375150204,
        "stdev": 0.456476330757
    },
    "spectral_spread": {
        "mean": 3306399.25,
        "stdev": 1989950.75
    },
    "spectral_strongpeak": {
        "mean": 1.37657213211,
        "stdev": 1.26586484909
    },
    "zerocrossingrate": {
        "mean": 0.0836471170187,
        "stdev": 0.0454411432147
    },
    "barkbands": {
        "mean": [0.000139333424158, 0.00604570517316, 0.00248521240428, 0.00109911267646, 0.00200385646895, 0.00120448949747, 0.00160383828916, 0.000966569990851, 0.000619465427008, 0.000451789848739, 0.000436022673966, 0.000846761744469, 0.000595784338657, 0.000718335213605, 0.000717881310266, 0.000618135498371, 0.000519046501722, 0.00106875447091, 0.00039284923696, 0.000509004457854, 0.000225564523134, 0.000240759953158, 0.000167552236235, 0.000127573672216, 5.73347315367e-05, 1.65527690115e-05, 4.06030721933e-07],
        "stdev": [0.000423370482167, 0.0154895456508, 0.00663803610951, 0.00421075802296, 0.00674017705023, 0.00279568322003, 0.00371540524065, 0.00209861039184, 0.00155222276226, 0.000904725922737, 0.00107476685662, 0.0012205283856, 0.000911572831683, 0.000907353765797, 0.00106249609962, 0.000779805006459, 0.000666449253913, 0.0010233806679, 0.000606838264503, 0.0008945982554, 0.000675233139191, 0.000744183431379, 0.000687850057147, 0.000489788304549, 0.000183354277397, 6.23581581749e-05, 1.60234003488e-06]
    },
    "erbbands": {
        "mean": [0.12261274457, 1.50688564777, 3.26914143562, 3.35863089561, 5.70871543884, 6.13830423355, 6.70157575607, 11.1634025574, 20.7486591339, 24.0281009674, 19.2025527954, 14.2851238251, 11.5395641327, 18.1827812195, 31.8411560059, 23.0475025177, 24.0917663574, 33.2697601318, 36.8320426941, 37.1388893127, 36.0229415894, 34.1873321533, 51.2541618347, 28.772611618, 25.4437770844, 20.9621887207, 11.259727478, 8.69020366669, 8.7700252533, 6.47040128708, 4.66580104828, 2.95300579071, 1.95986485481, 0.845170080662, 0.303874522448, 0.114437811077, 0.0216534305364, 0.00226384005509, 7.21717951819e-05, 3.28796813847e-05],
        "stdev": [0.286774754524, 4.01195859909, 8.29889965057, 11.1021375656, 22.2392158508, 18.4232749939, 16.0790042877, 27.7083473206, 47.306640625, 53.8204917908, 43.2464981079, 36.0850067139, 23.5149021149, 39.4771232605, 46.744342804, 39.2489242554, 37.2135314941, 42.7133598328, 42.9068832397, 54.1967811584, 41.6661872864, 38.0952377319, 48.0608406067, 30.9062347412, 41.0829772949, 39.8195381165, 32.4416007996, 23.7073688507, 27.2332000732, 23.2991104126, 18.8347110748, 11.7591571808, 7.63850927353, 2.78690314293, 1.02118980885, 0.423036932945, 0.0776541233063, 0.00809968076646, 0.000204720854526, 3.46095876012e-05]
    },
    "gfcc": {
        "mean": [-42.0931549072, 85.3209381104, -173.853149414, 27.3616676331, -51.4339561462, 2.15214538574, -37.5894165039, 6.77205562592, -22.9794063568, -1.47972989082, -9.92197704315, -4.19908046722, -11.6751298904],
        "cov": [[12859.5732422, -1237.79833984, 1697.06799316, 452.564483643, -1055.39953613, 610.410095215, -923.64630127, 399.622161865, -317.71307373, 368.683410645, -168.521575928, 201.262466431, -187.094680786], [-1237.79833984, 2051.32275391, -209.908065796, 79.3221206665, 730.139465332, -327.514343262, 503.537445068, -122.949508667, 214.164535522, -123.756347656, 180.198730469, -98.0426483154, 139.871322632], [1697.06799316, -209.908065796, 1649.52929688, 413.081207275, -63.3350257874, 511.09274292, -192.406082153, 225.510009766, -34.5369262695, 140.959777832, -33.779499054, 90.4135055542, -46.7817649841], [452.564483643, 79.3221206665, 413.081207275, 569.683654785, 229.327697754, 212.145675659, 176.229888916, 32.6787033081, 92.5692672729, 18.8381385803, 22.0336036682, 16.598274231, 34.6648674011], [-1055.39953613, 730.139465332, -63.3350257874, 229.327697754, 658.865539551, 32.638885498, 388.531890869, 32.4899597168, 139.420120239, -30.3713207245, 79.2176513672, -16.4509658813, 71.8009567261], [610.410095215, -327.514343262, 511.09274292, 212.145675659, 32.638885498, 421.810424805, 41.7079277039, 160.396209717, 28.5012607574, 69.3464202881, -20.0647735596, 50.7165031433, -21.3949604034], [-923.64630127, 503.537445068, -192.406082153, 176.229888916, 388.531890869, 41.7079277039, 486.590087891, 1.49458181858, 164.341003418, -39.7647285461, 44.0762290955, -12.8514671326, 41.9935073853], [399.622161865, -122.949508667, 225.510009766, 32.6787033081, 32.4899597168, 160.396209717, 1.49458181858, 188.43019104, 33.8392028809, 64.0851745605, 9.87438392639, 17.2571392059, -16.1155872345], [-317.71307373, 214.164535522, -34.5369262695, 92.5692672729, 139.420120239, 28.5012607574, 164.341003418, 33.8392028809, 164.435180664, 23.9939975739, 51.0833892822, -7.46290111542, 21.4204368591], [368.683410645, -123.756347656, 140.959777832, 18.8381385803, -30.3713207245, 69.3464202881, -39.7647285461, 64.0851745605, 23.9939975739, 111.968696594, 20.8054141998, 28.541261673, -1.64384055138], [-168.521575928, 180.198730469, -33.779499054, 22.0336036682, 79.2176513672, -20.0647735596, 44.0762290955, 9.87438392639, 51.0833892822, 20.8054141998, 93.8987121582, 15.7720031738, 29.2514801025], [201.262466431, -98.0426483154, 90.4135055542, 16.598274231, -16.4509658813, 50.7165031433, -12.8514671326, 17.2571392059, -7.46290111542, 28.541261673, 15.7720031738, 81.2201309204, 15.8076963425], [-187.094680786, 139.871322632, -46.7817649841, 34.6648674011, 71.8009567261, -21.3949604034, 41.9935073853, -16.1155872345, 21.4204368591, -1.64384055138, 29.2514801025, 15.8076963425, 78.3559112549]],
        "icov": [[0.000153707936988, -0.000260062748566, 0.000139008174301, -0.000391945388401, 0.000386781204725, -0.000174042754225, 0.000264767702902, -0.000384297716664, 0.000280806736555, -0.000390625238651, 0.000373939605197, -0.000432153377915, 0.000327382673277], [-0.000260062748566, 0.00243667070754, -0.00140576728154, 0.00161859637592, -0.00205597910099, 0.00218528136611, -0.00167913537007, 0.0013693383662, -0.00113526068162, 0.00180490058847, -0.00278692296706, 0.00267711118795, -0.00201524375007], [0.000139008174301, -0.00140576728154, 0.00217990297824, -0.00175597344059, 0.000982918427326, -0.0022676831577, 0.00188455800526, -0.00121172901709, 0.000819171429612, -0.00138656795025, 0.00176563125569, -0.00203787512146, 0.0016395264538], [-0.000391945388401, 0.00161859637592, -0.00175597344059, 0.00480562122539, -0.00229738932103, 0.000105579158117, -0.00175687123556, 0.00295307836495, -0.00202899286523, 0.00158720265608, -0.00199663476087, 0.00259235850535, -0.00250628381036], [0.000386781204725, -0.00205597910099, 0.000982918427326, -0.00229738932103, 0.00553017389029, -0.0012012043735, -0.00110654812306, -0.00268860999495, 0.00193903245963, -0.00120470114052, 0.000772492610849, -0.00140164548066, 0.000280404434307], [-0.000174042754225, 0.00218528136611, -0.0022676831577, 0.000105579158117, -0.0012012043735, 0.00807870645076, -0.00280829239637, -0.00250409939326, -0.000581678410526, 0.0010988288559, -0.000672769034281, 0.000265377981123, -0.00104076322168], [0.000264767702902, -0.00167913537007, 0.00188455800526, -0.00175687123556, -0.00110654812306, -0.00280829239637, 0.00738447392359, -0.000328579073539, -0.00328697520308, 0.000367151544197, 0.00327711459249, -0.00312386313453, 0.00206709955819], [-0.000384297716664, 0.0013693383662, -0.00121172901709, 0.00295307836495, -0.00268860999495, -0.00250409939326, -0.000328579073539, 0.0114927142859, -0.00263983034529, -0.00175041053444, -0.00238655228168, 0.00272057484835, -4.50934785476e-05], [0.000280806736555, -0.00113526068162, 0.000819171429612, -0.00202899286523, 0.00193903245963, -0.000581678410526, -0.00328697520308, -0.00263983034529, 0.0133154978976, -0.00426623271778, -0.00319875054993, 0.00147316744551, 0.000534085498657], [-0.000390625238651, 0.00180490058847, -0.00138656795025, 0.00158720265608, -0.00120470114052, 0.0010988288559, 0.000367151544197, -0.00175041053444, -0.00426623271778, 0.0157414413989, -0.00430293986574, -0.000920916441828, -0.00154879025649], [0.000373939605197, -0.00278692296706, 0.00176563125569, -0.00199663476087, 0.000772492610849, -0.000672769034281, 0.00327711459249, -0.00238655228168, -0.00319875054993, -0.00430293986574, 0.0196840241551, -0.00674581713974, -0.000536760839168], [-0.000432153377915, 0.00267711118795, -0.00203787512146, 0.00259235850535, -0.00140164548066, 0.000265377981123, -0.00312386313453, 0.00272057484835, 0.00147316744551, -0.000920916441828, -0.00674581713974, 0.0198645405471, -0.00649495609105], [0.000327382673277, -0.00201524375007, 0.0016395264538, -0.00250628381036, 0.000280404434307, -0.00104076322168, 0.00206709955819, -4.50934785476e-05, 0.000534085498657, -0.00154879025649, -0.000536760839168, -0.00649495609105, 0.0189029704779]]
    },
    "melbands": {
        "mean": [0.00142220431007, 0.00190703058615, 0.000648028333671, 0.000462204101495, 0.000233885570196, 0.000251124933129, 0.000326275127009, 0.000257853796938, 0.000147123093484, 8.56840561028e-05, 5.73915167479e-05, 7.27799924789e-05, 8.75091282069e-05, 0.000100113051303, 4.57834248664e-05, 5.68177601963e-05, 6.45165855531e-05, 6.42638842692e-05, 5.35987092007e-05, 4.64762379124e-05, 3.7859826989e-05, 3.09176939481e-05, 4.82036593894e-05, 4.7712786909e-05, 2.01464899874e-05, 1.60844265338e-05, 2.30161731452e-05, 1.13586038424e-05, 7.49316723159e-06, 5.47411764273e-06, 4.8109823183e-06, 5.17427770319e-06, 4.23621850132e-06, 3.33656703333e-06, 2.79978962681e-06, 2.11755173041e-06, 1.67394989603e-06, 1.44291948345e-06, 1.05645585791e-06, 6.03838770985e-07],
        "stdev": [0.00350707466714, 0.00476652756333, 0.00203738291748, 0.00177987501957, 0.000507953111082, 0.000596211117227, 0.000732967397198, 0.000546523137018, 0.000344511907315, 0.000221833048272, 0.000118316544103, 0.000159661620273, 0.00015071243979, 0.000149164334289, 9.38555895118e-05, 9.08186630113e-05, 8.6077452579e-05, 7.68527534092e-05, 8.7038759375e-05, 5.64617475902e-05, 4.36241934949e-05, 4.02176628995e-05, 5.73639590584e-05, 5.19266322954e-05, 2.39197161136e-05, 2.69240663329e-05, 3.78918921342e-05, 2.5413426556e-05, 2.21942573262e-05, 1.59820010595e-05, 1.36366570587e-05, 1.6058811525e-05, 1.4331480088e-05, 1.32398317874e-05, 1.16551173051e-05, 9.32720377023e-06, 6.58228782413e-06, 5.84857662034e-06, 3.73563148059e-06, 1.97049598682e-06]
    },
    "melbands128": {
        "mean": [0.000129282678245, 0.000729374005459, 0.00196216674522, 0.00275155645795, 0.00202244077809, 0.00108187645674, 0.000666614214424, 0.000520241854247, 0.000592703639995, 0.000598106358666, 0.000314825621899, 0.000240575769567, 0.00023204027093, 0.000200038746698, 0.000229897370446, 0.000292071985314, 0.000307677080855, 0.000344067899277, 0.000346976477886, 0.000255420687608, 0.000251534249401, 0.000189279569895, 0.000126664337586, 0.000117093972221, 9.02882529772e-05, 8.16643587314e-05, 5.69953517697e-05, 4.54584551335e-05, 6.39388454147e-05, 7.95686573838e-05, 7.39062961657e-05, 6.59543802612e-05, 4.75590677524e-05, 0.000124344296637, 0.000198526147869, 5.34305036126e-05, 3.43209212588e-05, 4.51055093436e-05, 5.07129516336e-05, 5.02191069245e-05, 6.28739362583e-05, 6.58887729514e-05, 3.35236109095e-05, 9.65923463809e-05, 7.8586548625e-05, 6.02749241807e-05, 4.20228461735e-05, 3.80516539735e-05, 8.18311164039e-05, 3.37096280418e-05, 2.83469671558e-05, 7.77445166023e-05, 4.20250726165e-05, 1.69487757375e-05, 3.79191333195e-05, 2.79874293483e-05, 3.41304075846e-05, 3.84054037568e-05, 6.87101128278e-05, 3.01736472466e-05, 5.12748920301e-05, 6.71845118632e-05, 8.92072694114e-06, 1.55401739903e-05, 1.64247630892e-05, 1.66196550708e-05, 1.36828111863e-05, 2.02106366487e-05, 3.33419411618e-05, 1.57594640768e-05, 1.02704743767e-05, 8.41733435664e-06, 9.66422430793e-06, 6.96557572155e-06, 5.94532502873e-06, 4.80366543343e-06, 6.28288853477e-06, 4.58506383438e-06, 4.37271728515e-06, 5.10126437803e-06, 5.46261571799e-06, 5.03432374899e-06, 4.89359172207e-06, 4.067745067e-06, 3.9573592403e-06, 3.34534774993e-06, 3.25323503603e-06, 2.97604037769e-06, 2.74412354884e-06, 2.87493503492e-06, 2.1053740511e-06, 1.97518852474e-06, 1.9276542389e-06, 1.65218136772e-06, 1.5108421394e-06, 1.57615966145e-06, 1.37906272357e-06, 1.3878958498e-06, 1.12176746825e-06, 8.93475032626e-07, 6.49219884963e-07, 6.01357839969e-07, 4.62211602326e-07, 4.20551373281e-07, 3.05051997884e-07, 2.61033108018e-07, 2.82816927211e-07, 2.27812577691e-07, 1.98636101345e-07, 1.67259173622e-07, 1.19828825973e-07, 8.2187924022e-08, 5.21522487418e-08, 3.6829867156e-08, 2.70907456468e-08, 2.09406891827e-08, 1.60448081488e-08, 1.90894211549e-09, 3.3421117436e-12, 3.18014885259e-12, 3.09813936658e-12, 3.02676243444e-12, 2.95963557481e-12, 2.90525242752e-12, 2.86004705162e-12, 2.82653219406e-12, 2.80196417284e-12, 2.78353100118e-12],
        "stdev": [0.000406160455896, 0.00174976536073, 0.00517871975899, 0.00758581236005, 0.00528406444937, 0.00297706318088, 0.00237726187333, 0.00199676258489, 0.00245767016895, 0.00302988826297, 0.000949310313445, 0.00062473147409, 0.000687888939865, 0.000697762763593, 0.000754726177547, 0.000867972383276, 0.000889514514711, 0.00101858819835, 0.00113193423022, 0.000766009557992, 0.000617509824224, 0.000531199155375, 0.000440930365585, 0.000415093556512, 0.000310584611725, 0.00028531748103, 0.000181177674676, 0.000145471203723, 0.000148298495333, 0.00020924009732, 0.000235566112678, 0.000204417301575, 0.00020781638159, 0.000212224258576, 0.000300202518702, 0.000178979535121, 0.000124485435663, 0.000124655052787, 0.000121078672237, 0.000107775638753, 0.000137393901241, 0.000127629216877, 0.000106817824417, 0.000145363243064, 0.000104098602606, 0.000126061640913, 8.60153450049e-05, 7.64845826779e-05, 0.00018962721515, 6.26396940788e-05, 6.0094294895e-05, 0.00011985276069, 6.36468175799e-05, 2.69169922831e-05, 6.88703876222e-05, 3.95210154238e-05, 8.41240325826e-05, 5.3723797464e-05, 0.000108548112621, 5.79748339078e-05, 6.38581259409e-05, 9.83691643341e-05, 2.39143591898e-05, 2.61535897152e-05, 2.8831873351e-05, 3.08430790028e-05, 2.95581394312e-05, 5.05117895955e-05, 5.16262625752e-05, 3.29393733409e-05, 3.28776404785e-05, 2.5956229365e-05, 2.14186311496e-05, 2.792637315e-05, 2.1196608941e-05, 1.34840465762e-05, 2.14350820897e-05, 1.29064956127e-05, 1.3767065866e-05, 1.72469826794e-05, 1.77861220436e-05, 1.6701160348e-05, 1.75784334715e-05, 1.54882982315e-05, 1.36531170938e-05, 1.31912693178e-05, 1.54441477207e-05, 1.41058908412e-05, 1.24090374811e-05, 1.13482092274e-05, 9.87968996924e-06, 1.06194620457e-05, 7.77408968133e-06, 6.84410633767e-06, 6.5351127887e-06, 6.07726406088e-06, 6.50896481602e-06, 5.75384501644e-06, 3.95341476178e-06, 2.98018062495e-06, 2.41162661041e-06, 1.90128173472e-06, 1.68923702404e-06, 1.48529215949e-06, 1.20544495985e-06, 9.58909254223e-07, 9.91073761725e-07, 9.65767867456e-07, 7.85313488905e-07, 7.0260460916e-07, 4.74638056858e-07, 3.17471005928e-07, 1.92159504309e-07, 1.40559194506e-07, 1.05725561639e-07, 8.33755677832e-08, 6.32484784546e-08, 8.05470090626e-09, 5.97042554284e-12, 5.75440693359e-12, 5.60864982929e-12, 5.48129814107e-12, 5.36749247479e-12, 5.27320331498e-12, 5.19242981945e-12, 5.13025039117e-12, 5.08490341847e-12, 5.05534199571e-12]
    },
    "mfcc": {
        "mean": [-662.409667969, 109.047157288, -52.6831665039, 17.4485359192, -0.306783497334, -3.86236786842, -1.87383687496, 0.39262548089, -5.89034938812, -0.411339372396, -0.079463891685, 0.00253060576506, -1.45441389084],
        "cov": [[8561.6640625, -372.517486572, 1101.39624023, 241.146224976, -96.8457489014, 11.8420066833, -306.750671387, -116.879707336, -173.845199585, -11.0696611404, -42.7686386108, -19.3170871735, 108.821540833], [-372.517486572, 1882.36999512, -517.424865723, 370.222259521, 99.2136611938, 7.92620897293, 153.627838135, 57.1774177551, 61.2393112183, 18.7368049622, 31.1365261078, 57.6717300415, 11.1243591309], [1101.39624023, -517.424865723, 1543.40893555, -0.867254555225, 288.979522705, 155.069839478, 4.61374855042, 57.637802124, 14.7207098007, 40.5112342834, 27.8867702484, 12.9586429596, 66.6801605225], [241.146224976, 370.222259521, -0.867254555225, 509.090332031, 132.173034668, 206.920898438, 129.217697144, 100.829582214, 93.4277114868, 46.6559753418, 26.4082927704, 32.0233039856, 33.9798545837], [-96.8457489014, 99.2136611938, 288.979522705, 132.173034668, 335.823303223, 100.707199097, 120.209152222, 76.4286880493, 65.1762084961, 56.531867981, 33.7199935913, 38.3435668945, 27.9590091705], [11.8420066833, 7.92620897293, 155.069839478, 206.920898438, 100.707199097, 303.552490234, 144.998168945, 145.939407349, 118.341827393, 56.1260910034, 44.5792198181, 55.6089019775, 22.9340419769], [-306.750671387, 153.627838135, 4.61374855042, 129.217697144, 120.209152222, 144.998168945, 211.138763428, 132.167648315, 106.861351013, 57.6468963623, 44.9792556763, 49.7803077698, 10.3265724182], [-116.879707336, 57.1774177551, 57.637802124, 100.829582214, 76.4286880493, 145.939407349, 132.167648315, 195.331314087, 105.684501648, 68.4508132935, 56.1555671692, 45.0674629211, 11.1894521713], [-173.845199585, 61.2393112183, 14.7207098007, 93.4277114868, 65.1762084961, 118.341827393, 106.861351013, 105.684501648, 159.692474365, 69.8136367798, 50.0173454285, 52.00598526, 23.3083782196], [-11.0696611404, 18.7368049622, 40.5112342834, 46.6559753418, 56.531867981, 56.1260910034, 57.6468963623, 68.4508132935, 69.8136367798, 110.106575012, 55.3588523865, 39.3570518494, 23.0162887573], [-42.7686386108, 31.1365261078, 27.8867702484, 26.4082927704, 33.7199935913, 44.5792198181, 44.9792556763, 56.1555671692, 50.0173454285, 55.3588523865, 106.273071289, 42.1833610535, 16.3858547211], [-19.3170871735, 57.6717300415, 12.9586429596, 32.0233039856, 38.3435668945, 55.6089019775, 49.7803077698, 45.0674629211, 52.00598526, 39.3570518494, 42.1833610535, 81.6848449707, 36.357673645], [108.821540833, 11.1243591309, 66.6801605225, 33.9798545837, 27.9590091705, 22.9340419769, 10.3265724182, 11.1894521713, 23.3083782196, 23.0162887573, 16.3858547211, 36.357673645, 90.9085006714]],
        "icov": [[0.000152533611981, 3.63455342267e-06, -0.00013438044698, -0.000185313328984, 0.000154135996127, 2.66306578851e-05, 0.000222260947339, -3.3557163988e-05, 0.000160761395819, -0.000114169968583, 4.80084308947e-05, -0.00012468843488, -6.15397511865e-05], [3.63455342267e-06, 0.000782005838118, 0.00022798430291, -0.000666788371745, -0.000184971475392, 0.000636043143459, -0.000426611688454, -4.96447391924e-05, 7.38527378417e-05, 0.00027040700661, -9.27516884985e-05, -0.000551019387785, 8.2659709733e-05], [-0.00013438044698, 0.00022798430291, 0.00114222813863, 0.000384508719435, -0.00120989454444, -0.000703472062014, 0.000495296902955, -0.000178487258381, 0.000160556141054, 0.000138576739118, -0.000217220469494, 0.000519264081959, -0.00057805981487], [-0.000185313328984, -0.000666788371745, 0.000384508719435, 0.0038822547067, -0.000958021497354, -0.00266503053717, -0.000137130060466, 0.00031859552837, -0.000375083676772, -0.000191728773643, 0.000106299390609, 0.00176723161712, -0.00106762524229], [0.000154135996127, -0.000184971475392, -0.00120989454444, -0.000958021497354, 0.0052822297439, 0.000695293652825, -0.00251416256651, 0.000458114576759, 0.000281081651337, -0.00121916166972, 0.000300121697364, -0.000668901775498, -3.70749512513e-05], [2.66306578851e-05, 0.000636043143459, -0.000703472062014, -0.00266503053717, 0.000695293652825, 0.00836587697268, -0.00222826097161, -0.00262465002015, -0.00176124984864, 0.00110240571667, 0.000378944096155, -0.00243310420774, 0.000731486070435], [0.000222260947339, -0.000426611688454, 0.000495296902955, -0.000137130060466, -0.00251416256651, -0.00222826097161, 0.0123124113306, -0.00415576342493, -0.00216845003888, 9.9959441286e-05, 0.000206787546631, -0.00139170361217, 0.000972378766164], [-3.3557163988e-05, -4.96447391924e-05, -0.000178487258381, 0.00031859552837, 0.000458114576759, -0.00262465002015, -0.00415576342493, 0.0119781019166, -0.00234928284772, -0.00224511441775, -0.00170208793133, 0.000502802198753, 0.000853530364111], [0.000160761395819, 7.38527378417e-05, 0.000160556141054, -0.000375083676772, 0.000281081651337, -0.00176124984864, -0.00216845003888, -0.00234928284772, 0.013534723781, -0.00393830891699, -0.000339659396559, -0.00242874072865, -0.000726236554328], [-0.000114169968583, 0.00027040700661, 0.000138576739118, -0.000191728773643, -0.00121916166972, 0.00110240571667, 9.9959441286e-05, -0.00224511441775, -0.00393830891699, 0.0161579027772, -0.00487091811374, -0.00138771603815, -0.00121272623073], [4.80084308947e-05, -9.27516884985e-05, -0.000217220469494, 0.000106299390609, 0.000300121697364, 0.000378944096155, 0.000206787546631, -0.00170208793133, -0.000339659396559, -0.00487091811374, 0.014524734579, -0.00475443480536, 0.000675352464896], [-0.00012468843488, -0.000551019387785, 0.000519264081959, 0.00176723161712, -0.000668901775498, -0.00243310420774, -0.00139170361217, 0.000502802198753, -0.00242874072865, -0.00138771603815, -0.00475443480536, 0.0221199207008, -0.00692456075922], [-6.15397511865e-05, 8.2659709733e-05, -0.00057805981487, -0.00106762524229, -3.70749512513e-05, 0.000731486070435, 0.000972378766164, 0.000853530364111, -0.000726236554328, -0.00121272623073, 0.000675352464896, -0.00692456075922, 0.0146389333531]]
    },
    "spectral_contrast_coeffs": {
        "mean": [-0.70175588131, -0.7756331563, -0.776131153107, -0.780650675297, -0.738260924816, -0.745137095451],
        "stdev": [0.0878759026527, 0.078173071146, 0.0522689409554, 0.0418513827026, 0.0484223403037, 0.0567623749375]
    },
    "spectral_contrast_valleys": {
        "mean": [-7.89628791809, -7.01550149918, -7.35844612122, -7.27900266647, -7.58623170853, -10.9082641602],
        "stdev": [1.46876168251, 1.29879665375, 1.16059970856, 1.13412499428, 1.25350785255, 1.7871876955]
    }
},
"rhythm": {
    "beats_count": 254,
    "beats_loudness": {
        "mean": 0.0460613593459,
        "stdev": 0.0320927128196
    },
    "bpm": 86.9640808105,
    "bpm_histogram_first_peak_bpm": 88,
    "bpm_histogram_first_peak_weight": 0.443089425564,
    "bpm_histogram_second_peak_bpm": 82,
    "bpm_histogram_second_peak_spread": 0,
    "bpm_histogram_second_peak_weight": 0.0276679843664,
    "danceability": 1.50003921986,
    "onset_rate": 4.75545024872,
    "beats_loudness_band_ratio": {
        "mean": [0.394636005163, 0.205351546407, 0.0750416442752, 0.11503174156, 0.157631993294, 0.144156754017],
        "stdev": [0.332643806934, 0.225974753499, 0.0939608886838, 0.13831461966, 0.159832775593, 0.132068052888]
    },
    "beats_position": [0.708208620548, 1.42802715302, 2.15945577621, 2.89088439941, 3.62231278419, 4.34213161469, 5.06195020676, 5.79337835312, 6.5015873909, 7.19818592072, 7.89478445053, 8.57977294922, 9.26476192474, 9.93814086914, 10.6347389221, 11.3081178665, 12.0047159195, 12.7013149261, 13.3979139328, 14.0829019547, 14.7678909302, 15.4528799057, 16.1378688812, 16.8344669342, 17.5310649872, 18.2160549164, 18.9010429382, 19.5976409912, 20.2826309204, 20.9676189423, 21.6642169952, 22.3492050171, 23.0341949463, 23.7307929993, 24.4273910522, 25.1123809814, 25.7973690033, 26.4823570251, 27.1673469543, 27.8639450073, 28.5605430603, 29.2571430206, 29.9305210114, 30.6271190643, 31.3237190247, 32.0087051392, 32.6936950684, 33.3902931213, 34.0752830505, 34.7602729797, 35.4568710327, 36.1418571472, 36.8268470764, 37.5234451294, 38.2084350586, 38.8934249878, 39.5900230408, 40.2866210938, 40.9716110229, 41.6682090759, 42.3531951904, 43.0381851196, 43.7231750488, 44.4197731018, 45.1163711548, 45.801361084, 46.4863471985, 47.1713371277, 47.8679351807, 48.5645332336, 49.2495231628, 49.9229011536, 50.6194992065, 51.3160972595, 52.0126991272, 52.6976852417, 53.3826751709, 54.0792732239, 54.7642631531, 55.4492492676, 56.1458511353, 56.8308372498, 57.515827179, 58.2124252319, 58.9090232849, 59.6056213379, 60.2789993286, 60.9756011963, 61.648979187, 62.34557724, 63.042175293, 63.7387733459, 64.4237594604, 65.1087493896, 65.8053512573, 66.5019454956, 67.1753311157, 67.8603134155, 68.5453033447, 69.2419052124, 69.9152832031, 70.6118774414, 71.3084793091, 72.0166854858, 72.701675415, 73.3750534058, 74.0716552734, 74.7566452026, 75.4416275024, 76.1382293701, 76.8348312378, 77.5198135376, 78.2048034668, 78.9014053345, 79.5979995728, 80.282989502, 80.9679794312, 81.6413574219, 82.3379592896, 83.0345535278, 83.7311553955, 84.4161453247, 85.1011352539, 85.7861175537, 86.4711074829, 87.1677093506, 87.8643035889, 88.5609054565, 89.2458953857, 89.9308853149, 90.6274795532, 91.3124694824, 91.9974594116, 92.6824493408, 93.36743927, 94.0640335083, 94.760635376, 95.4456253052, 96.130607605, 96.8272094727, 97.5238113403, 98.2087936401, 98.8937835693, 99.590385437, 100.275375366, 100.960357666, 101.656959534, 102.341949463, 103.026939392, 103.72353363, 104.40852356, 105.093513489, 105.790107727, 106.486709595, 107.171699524, 107.856689453, 108.553283691, 109.249885559, 109.934875488, 110.619865417, 111.293243408, 111.989837646, 112.686439514, 113.383033752, 114.068023682, 114.753013611, 115.449615479, 116.134597778, 116.819587708, 117.516189575, 118.212783813, 118.909385681, 119.605987549, 120.290969849, 120.975959778, 121.649337769, 122.345939636, 123.030929565, 123.715919495, 124.412513733, 125.109115601, 125.79410553, 126.47908783, 127.175689697, 127.860679626, 128.545669556, 129.242263794, 129.927261353, 130.612243652, 131.308837891, 132.005432129, 132.690429688, 133.375411987, 134.072021484, 134.757003784, 135.441986084, 136.138595581, 136.835189819, 137.520172119, 138.205169678, 138.901763916, 139.586761475, 140.271743774, 140.968338013, 141.66494751, 142.34992981, 143.034912109, 143.719909668, 144.404891968, 145.101501465, 145.786483765, 146.471466064, 147.168075562, 147.853057861, 148.538040161, 149.234649658, 149.931243896, 150.616226196, 151.301223755, 151.997817993, 152.682815552, 153.367797852, 154.06439209, 154.761001587, 155.445983887, 156.130966187, 156.815963745, 157.500946045, 158.197555542, 158.89414978, 159.57913208, 160.264129639, 160.960723877, 161.657318115, 162.342315674, 163.038909912, 163.73550415, 164.420501709, 165.105484009, 165.790466309, 166.475463867, 167.160446167, 167.857055664, 168.542037964, 169.227020264, 169.923629761, 170.608612061, 171.293609619, 171.990203857, 172.686798096, 173.371795654, 174.056777954, 174.753372192, 175.449981689],
    "bpm_histogram": [0, 0, 0, 0, 0, 0, 0, 0, 0, 0, 0, 0, 0, 0, 0, 0, 0, 0, 0, 0, 0, 0, 0, 0, 0, 0, 0, 0, 0, 0, 0, 0, 0, 0, 0, 0, 0, 0, 0, 0, 0, 0, 0, 0, 0, 0, 0, 0, 0, 0, 0, 0, 0, 0, 0, 0, 0, 0, 0, 0, 0, 0, 0, 0, 0, 0, 0, 0, 0, 0, 0, 0, 0, 0, 0, 0, 0, 0, 0, 0, 0, 0, 0.015810277313, 0.0118577070534, 0, 0.0079051386565, 0.422924906015, 0, 0.494071155787, 0.0474308282137, 0, 0, 0, 0, 0, 0, 0, 0, 0, 0, 0, 0, 0, 0, 0, 0, 0, 0, 0, 0, 0, 0, 0, 0, 0, 0, 0, 0, 0, 0, 0, 0, 0, 0, 0, 0, 0, 0, 0, 0, 0, 0, 0, 0, 0, 0, 0, 0, 0, 0, 0, 0, 0, 0, 0, 0, 0, 0, 0, 0, 0, 0, 0, 0, 0, 0, 0, 0, 0, 0, 0, 0, 0, 0, 0, 0, 0, 0, 0, 0, 0, 0, 0, 0, 0, 0, 0, 0, 0, 0, 0, 0, 0, 0, 0, 0, 0, 0, 0, 0, 0, 0, 0, 0, 0, 0, 0, 0, 0, 0, 0, 0, 0, 0, 0, 0, 0, 0, 0, 0, 0, 0, 0, 0, 0, 0, 0, 0, 0, 0, 0, 0, 0, 0, 0, 0, 0, 0, 0, 0, 0, 0, 0, 0, 0, 0, 0, 0, 0, 0, 0, 0, 0, 0, 0, 0, 0, 0, 0, 0]
},
"tonal": {
    "chords_changes_rate": 0.0575653538108,
    "chords_number_rate": 0.00132030632813,
    "chords_strength": {
        "mean": 0.511255264282,
        "stdev": 0.0676965713501
    },
    "hpcp_crest": {
        "mean": 13.2443170547,
        "stdev": 7.1733584404
    },
    "hpcp_entropy": {
        "mean": 2.13208293915,
        "stdev": 0.77500385046
    },
    "key_edma": {
        "strength": 0.795215129852,
        "key": "F",
        "scale": "minor"
    },
    "key_krumhansl": {
        "strength": 0.790338814259,
        "key": "F",
        "scale": "minor"
    },
    "key_temperley": {
        "strength": 0.776686370373,
        "key": "F",
        "scale": "minor"
    },
    "tuning_diatonic_strength": 0.598567664623,
    "tuning_equal_tempered_deviation": 0.362970739603,
    "tuning_frequency": 438.984558105,
    "tuning_nontempered_energy_ratio": 0.979664325714,
    "hpcp": {
        "mean": [0.115838244557, 0.117310851812, 0.133495077491, 0.1126562953, 0.187393963337, 0.199406370521, 0.111834980547, 0.08597189188, 0.0906738191843, 0.108997322619, 0.312828928232, 0.45484650135, 0.258187562227, 0.118490584195, 0.10251005739, 0.0779885873199, 0.11098112911, 0.115000091493, 0.0923760160804, 0.134624525905, 0.146212607622, 0.101415880024, 0.168111234903, 0.231834560633, 0.183350637555, 0.220419809222, 0.253240764141, 0.233292490244, 0.226669088006, 0.147268876433, 0.0968745201826, 0.162706032395, 0.213311865926, 0.172458931804, 0.173439607024, 0.182640343904],
        "stdev": [0.184770137072, 0.171996042132, 0.1890604496, 0.193644940853, 0.255654066801, 0.293974995613, 0.177951008081, 0.157113298774, 0.158296793699, 0.17433835566, 0.284209251404, 0.384849429131, 0.273067235947, 0.180881023407, 0.163154095411, 0.144912436604, 0.170221403241, 0.176804557443, 0.162600845098, 0.190615981817, 0.218661159277, 0.160116925836, 0.225927934051, 0.277754962444, 0.270517796278, 0.24948553741, 0.301482528448, 0.23899833858, 0.263459712267, 0.197968915105, 0.175342485309, 0.20302054286, 0.248125910759, 0.225376069546, 0.231273576617, 0.264367043972]
    },
    "chords_histogram": [61.4470558167, 0.264061272144, 0.105624504387, 0, 0, 0.739371538162, 0, 11.4338521957, 4.19857406616, 18.3522567749, 0, 0, 0, 0, 0, 0, 0, 0, 0, 0, 0.105624504387, 0.580934762955, 2.4557697773, 0.316873520613],
    "thpcp": [1, 0.567636668682, 0.260506749153, 0.225372865796, 0.171461328864, 0.243996888399, 0.252832740545, 0.203092724085, 0.295977920294, 0.321454823017, 0.222967267036, 0.369599938393, 0.509698450565, 0.403104424477, 0.484602630138, 0.556760907173, 0.512903809547, 0.498341947794, 0.323777079582, 0.212982878089, 0.357716351748, 0.468975514174, 0.379158526659, 0.381314575672, 0.401542812586, 0.254675477743, 0.257913053036, 0.293494790792, 0.247679814696, 0.411993861198, 0.438403666019, 0.245874106884, 0.189012974501, 0.199350371957, 0.239635393023, 0.687768101692],
    "chords_key": "F",
    "chords_scale": "minor"
}
}