{
"metadata": {
    "version": {
        "essentia": "2.1-dev",
        "essentia_git_sha": "v2.1_beta3-415-gd5473f3",
        "extractor": "music 2.0"
    },
    "audio_properties": {
        "analysis": {
            "equal_loudness": 0,
            "length": 237.374694824,
            "sample_rate": 44100,
            "start_time": 0,
            "downmix": "mix"
        },
        "bit_rate": 192000,
        "length": 237.374694824,
        "lossless": 0,
        "number_channels": 2,
        "replay_gain": -5.56885910034,
        "sample_rate": 44100,
        "codec": "mp3",
        "md5_encoded": "011bf72ccd1e30fb771860f10603cdba"
    },
    "tags": {
        "file_name": "ice_t-original_gangster-the_tower.mp3",
        "album": ["O.G. - Original Gangster"],
        "artist": ["Ice-T"],
        "genre": ["Other"],
        "title": ["The Tower"]
    }
},
"lowlevel": {
    "average_loudness": 0.872574329376,
    "barkbands_crest": {
        "mean": 9.39667129517,
        "stdev": 3.62155485153
    },
    "barkbands_flatness_db": {
        "mean": 0.140874698758,
        "stdev": 0.0560290291905
    },
    "barkbands_kurtosis": {
        "mean": 5.31907892227,
        "stdev": 8.44189834595
    },
    "barkbands_skewness": {
        "mean": 1.68921792507,
        "stdev": 1.25249910355
    },
    "barkbands_spread": {
        "mean": 22.1737518311,
        "stdev": 17.2303466797
    },
    "dissonance": {
        "mean": 0.460973590612,
        "stdev": 0.0388336591423
    },
    "dynamic_complexity": 3.6220934391,
    "erbbands_crest": {
        "mean": 8.77466678619,
        "stdev": 4.9352555275
    },
    "erbbands_flatness_db": {
        "mean": 0.151164889336,
        "stdev": 0.0498074814677
    },
    "erbbands_kurtosis": {
        "mean": 0.756155788898,
        "stdev": 2.76460409164
    },
    "erbbands_skewness": {
        "mean": 0.353605687618,
        "stdev": 0.829307556152
    },
    "erbbands_spread": {
        "mean": 44.018989563,
        "stdev": 25.8613109589
    },
    "hfc": {
        "mean": 16.500459671,
        "stdev": 21.5983772278
    },
    "loudness_ebu128": {
        "integrated": -19.2350940704,
        "loudness_range": 2.65625,
        "momentary": {
            "mean": -20.0255947113,
            "stdev": 3.28914117813
        },
        "short_term": {
            "mean": -19.4586906433,
            "stdev": 1.55908322334
        }
    },
    "melbands_crest": {
        "mean": 13.4098854065,
        "stdev": 4.33004617691
    },
    "melbands_flatness_db": {
        "mean": 0.218533337116,
        "stdev": 0.0739527791739
    },
    "melbands_kurtosis": {
        "mean": 18.1151390076,
        "stdev": 24.3594608307
    },
    "melbands_skewness": {
        "mean": 2.98839974403,
        "stdev": 1.98978984356
    },
    "melbands_spread": {
        "mean": 21.0680160522,
        "stdev": 18.0306816101
    },
    "pitch_salience": {
        "mean": 0.605584859848,
        "stdev": 0.119023837149
    },
    "silence_rate_20dB": {
        "mean": 1,
        "stdev": 0
    },
    "silence_rate_30dB": {
        "mean": 0.977895140648,
        "stdev": 0.14702360332
    },
    "silence_rate_60dB": {
        "mean": 0.0350156500936,
        "stdev": 0.183816924691
    },
    "spectral_centroid": {
        "mean": 1147.38867188,
        "stdev": 634.919372559
    },
    "spectral_complexity": {
        "mean": 14.1540489197,
        "stdev": 9.55246257782
    },
    "spectral_decrease": {
        "mean": -5.63669244613e-09,
        "stdev": 7.43268380177e-09
    },
    "spectral_energy": {
        "mean": 0.0227708108723,
        "stdev": 0.0294142179191
    },
    "spectral_energyband_high": {
        "mean": 0.00087691436056,
        "stdev": 0.00174705451354
    },
    "spectral_energyband_low": {
        "mean": 0.0092366496101,
        "stdev": 0.0205566063523
    },
    "spectral_energyband_middle_high": {
        "mean": 0.00427147652954,
        "stdev": 0.00801199115813
    },
    "spectral_energyband_middle_low": {
        "mean": 0.00932810641825,
        "stdev": 0.0114381536841
    },
    "spectral_entropy": {
        "mean": 7.50862789154,
        "stdev": 0.53611856699
    },
    "spectral_flux": {
        "mean": 0.083853110671,
        "stdev": 0.0663808882236
    },
    "spectral_kurtosis": {
        "mean": 5.55686759949,
        "stdev": 10.2893371582
    },
    "spectral_rms": {
        "mean": 0.004108089488,
        "stdev": 0.00231061922386
    },
    "spectral_rolloff": {
        "mean": 1375.58557129,
        "stdev": 1702.42883301
    },
    "spectral_skewness": {
        "mean": 1.66917610168,
        "stdev": 0.953164041042
    },
    "spectral_spread": {
        "mean": 4945130.5,
        "stdev": 2050100.875
    },
    "spectral_strongpeak": {
        "mean": 0.732740104198,
        "stdev": 1.12158811092
    },
    "zerocrossingrate": {
        "mean": 0.0566763952374,
        "stdev": 0.0405885837972
    },
    "barkbands": {
        "mean": [0.000112659276056, 0.00534039596096, 0.00294622313231, 0.00173653790262, 0.00281830341555, 0.000841210072394, 0.00112058024388, 0.00135104777291, 0.00125180801842, 0.000620668812189, 0.000978480791673, 0.000573749712203, 0.000598569051363, 0.00033594132401, 0.000335016695317, 0.000335342745529, 0.000242728929152, 0.000138763687573, 0.000162639553309, 0.000114735012176, 0.000177342677489, 0.000236380787101, 0.00019439663447, 0.000127548977616, 5.61614906474e-05, 2.17633496504e-05, 1.82800476978e-06],
        "stdev": [0.000188728517969, 0.015346089378, 0.00635100994259, 0.00234770192765, 0.00473067071289, 0.00167499377858, 0.00323840370402, 0.00429585995153, 0.00402020523325, 0.00229278951883, 0.00274752103724, 0.00221372861415, 0.00257823755965, 0.00126410485245, 0.00135497609153, 0.000846235023346, 0.000598820741288, 0.000325537839672, 0.000375451170839, 0.00028111107531, 0.00041149687604, 0.000560133310501, 0.000405483879149, 0.000317811063724, 0.000153329368914, 5.44458853255e-05, 4.82984160044e-06]
    },
    "erbbands": {
        "mean": [0.115616463125, 1.32846140862, 3.46246385574, 4.75561618805, 7.65513753891, 10.3802433014, 6.55736207962, 7.61231470108, 14.5364770889, 21.2230415344, 30.3748016357, 29.4607448578, 22.0247783661, 20.1223316193, 45.3013191223, 24.0364990234, 27.6489601135, 19.461812973, 15.8737602234, 21.8136863708, 13.7451858521, 14.1411275864, 8.52513885498, 8.45566272736, 6.99735403061, 5.53276777267, 6.45968961716, 7.68815326691, 7.77171611786, 7.94443321228, 5.09962368011, 3.15699887276, 1.8250181675, 0.786954641342, 0.33187019825, 0.137609615922, 0.0297276079655, 0.0045913644135, 0.000256136554526, 4.08994274039e-05],
        "stdev": [0.334359407425, 3.84277629852, 7.83420991898, 6.84218454361, 10.8505735397, 20.9029655457, 12.6022119522, 16.243719101, 44.0419273376, 58.7681236267, 98.0750656128, 93.5961074829, 69.9318389893, 68.8386688232, 123.131217957, 89.7368927002, 118.97644043, 77.8203887939, 45.4754867554, 75.0905609131, 30.2275676727, 34.3470344543, 19.4769420624, 20.0200881958, 15.62159729, 13.1400051117, 14.0091295242, 19.6386604309, 19.8195838928, 16.984085083, 11.2931470871, 7.50387239456, 4.97531270981, 1.94886636734, 1.04389762878, 0.369707137346, 0.0720490440726, 0.0107293017209, 0.000685011094902, 5.87798313063e-05]
    },
    "gfcc": {
        "mean": [-27.8148899078, 101.855239868, -101.55973053, 37.0983695984, -58.7141113281, 21.0627040863, -36.54920578, 5.4961309433, -20.6851844788, -0.612336337566, -19.3789463043, -2.48592877388, -13.4031257629],
        "cov": [[6479.83984375, -1918.3548584, -648.801696777, 348.775665283, -457.424133301, 246.101806641, -112.44745636, 176.474700928, 1.25590908527, 96.2250213623, -134.905563354, 117.40247345, -225.632003784], [-1918.3548584, 1614.92651367, -232.931625366, -408.363006592, 347.01373291, -275.795898438, 112.144615173, -59.3510093689, 34.1338119507, -98.1779174805, 99.8034210205, -91.791053772, 117.755767822], [-648.801696777, -232.931625366, 972.106140137, 163.785369873, -152.180099487, 100.07762146, -84.3721160889, -10.175784111, -5.28058862686, 53.07654953, 24.5863742828, 43.620967865, -13.8147096634], [348.775665283, -408.363006592, 163.785369873, 400.273834229, -5.69146871567, -9.90693664551, -45.4804954529, -18.2419261932, 9.83771133423, 45.6715126038, -20.9746322632, 25.5984134674, -12.3291931152], [-457.424133301, 347.01373291, -152.180099487, -5.69146871567, 280.804321289, -41.3027839661, 33.4336051941, -5.87201833725, 5.70196247101, -18.3590641022, 13.5198926926, -31.4345684052, 34.5072975159], [246.101806641, -275.795898438, 100.07762146, -9.90693664551, -41.3027839661, 241.663803101, 54.8821640015, 4.66876602173, -25.8197536469, 5.70913219452, -20.9136161804, 19.1529464722, -10.7402477264], [-112.44745636, 112.144615173, -84.3721160889, -45.4804954529, 33.4336051941, 54.8821640015, 252.981216431, -25.8414382935, -23.3545322418, -19.7592563629, -14.1028118134, 19.2740688324, 13.7557640076], [176.474700928, -59.3510093689, -10.175784111, -18.2419261932, -5.87201833725, 4.66876602173, -25.8414382935, 136.607833862, 17.9348640442, 0.976055562496, 16.7432003021, -5.645860672, -18.8037910461], [1.25590908527, 34.1338119507, -5.28058862686, 9.83771133423, 5.70196247101, -25.8197536469, -23.3545322418, 17.9348640442, 117.800460815, 30.5634937286, -18.5034122467, -18.8763408661, 8.14655780792], [96.2250213623, -98.1779174805, 53.07654953, 45.6715126038, -18.3590641022, 5.70913219452, -19.7592563629, 0.976055562496, 30.5634937286, 98.3197174072, 6.91192436218, -6.44319009781, -16.3592033386], [-134.905563354, 99.8034210205, 24.5863742828, -20.9746322632, 13.5198926926, -20.9136161804, -14.1028118134, 16.7432003021, -18.5034122467, 6.91192436218, 94.0399398804, 11.1383018494, -3.50831842422], [117.40247345, -91.791053772, 43.620967865, 25.5984134674, -31.4345684052, 19.1529464722, 19.2740688324, -5.645860672, -18.8763408661, -6.44319009781, 11.1383018494, 87.0232467651, 14.7732181549], [-225.632003784, 117.755767822, -13.8147096634, -12.3291931152, 34.5072975159, -10.7402477264, 13.7557640076, -18.8037910461, 8.14655780792, -16.3592033386, -3.50831842422, 14.7732181549, 77.7897796631]],
        "icov": [[0.00034086217056, 0.000249401986366, 0.000409247353673, -0.000152783264639, 0.000314981938573, -0.000153253626195, 0.000111916997412, -0.000229164739721, -9.76334849838e-05, -6.11863506492e-05, 0.000109460801468, -0.000373171526007, 0.000496702676173], [0.000249401986366, 0.00321210944094, -0.000458992813947, 0.00278198253363, -0.00250249123201, 0.00299819977954, -0.00132847763598, 0.00120367470663, -0.00116848759353, 0.00134343770333, -0.00229415250942, 0.00170906458516, -0.00175279309042], [0.000409247353673, -0.000458992813947, 0.00202476861887, -0.00141370808706, 0.00167970766779, -0.00158570858184, 0.000882780936081, -0.000417115108576, 0.000100232209661, -0.00067316472996, 7.15155474609e-05, -0.00108430744149, 0.000853466102853], [-0.000152783264639, 0.00278198253363, -0.00141370808706, 0.00593810155988, -0.00335403601639, 0.00347629468888, -0.000939126475714, 0.00170166592579, -0.000835144193843, 1.9504894226e-05, -0.000963525439147, 0.000641213497147, -0.00149280019104], [0.000314981938573, -0.00250249123201, 0.00167970766779, -0.00335403601639, 0.00738391838968, -0.00270691164769, 0.000720249430742, -0.0014560065465, 0.000822169939056, -0.000749881146476, 0.000835379818454, 8.50229189382e-05, 0.000117705647426], [-0.000153253626195, 0.00299819977954, -0.00158570858184, 0.00347629468888, -0.00270691164769, 0.00837956927717, -0.00266498583369, 0.00080685125431, 0.000169645994902, 0.000632055336609, -0.000759234535508, 0.0014630878577, -0.00188666267786], [0.000111916997412, -0.00132847763598, 0.000882780936081, -0.000939126475714, 0.000720249430742, -0.00266498583369, 0.00547518162057, 8.99589285837e-05, 0.000912531628273, -0.000475422042655, 0.00176660087891, -0.0023175009992, 0.00103391055018], [-0.000229164739721, 0.00120367470663, -0.000417115108576, 0.00170166592579, -0.0014560065465, 0.00080685125431, 8.99589285837e-05, 0.00911052618176, -0.00244295364246, 0.0016613281332, -0.00302085303701, 0.00097576493863, 0.000936129130423], [-9.76334849838e-05, -0.00116848759353, 0.000100232209661, -0.000835144193843, 0.000822169939056, 0.000169645994902, 0.000912531628273, -0.00244295364246, 0.0114974305034, -0.00447469204664, 0.00378218363039, 0.000992217566818, -0.00188507104758], [-6.11863506492e-05, 0.00134343770333, -0.00067316472996, 1.9504894226e-05, -0.000749881146476, 0.000632055336609, -0.000475422042655, 0.0016613281332, -0.00447469204664, 0.0136312646791, -0.00350533192977, 0.00188447313849, 0.00139727932401], [0.000109460801468, -0.00229415250942, 7.15155474609e-05, -0.000963525439147, 0.000835379818454, -0.000759234535508, 0.00176660087891, -0.00302085303701, 0.00378218363039, -0.00350533192977, 0.0151015277952, -0.00423200847581, 0.00248381821439], [-0.000373171526007, 0.00170906458516, -0.00108430744149, 0.000641213497147, 8.50229189382e-05, 0.0014630878577, -0.0023175009992, 0.00097576493863, 0.000992217566818, 0.00188447313849, -0.00423200847581, 0.0163445193321, -0.00595298456028], [0.000496702676173, -0.00175279309042, 0.000853466102853, -0.00149280019104, 0.000117705647426, -0.00188666267786, 0.00103391055018, 0.000936129130423, -0.00188507104758, 0.00139727932401, 0.00248381821439, -0.00595298456028, 0.0183287374675]]
    },
    "melbands": {
        "mean": [0.00128924334422, 0.00186407752335, 0.000917607627343, 0.000695538765285, 0.000272848614259, 0.000170414408785, 0.000224724994041, 0.000248926371569, 0.000245967268711, 0.000180564500624, 0.000106992520159, 7.64865762903e-05, 0.000135717258672, 8.93806573004e-05, 5.75688682147e-05, 5.90216041019e-05, 3.27864618157e-05, 2.48339474638e-05, 2.62064750132e-05, 3.16867335641e-05, 1.20392460303e-05, 1.4835472939e-05, 1.08784206532e-05, 5.9919962041e-06, 6.93906076776e-06, 6.02904856351e-06, 3.91466664951e-06, 3.55214888259e-06, 3.78643812837e-06, 4.04877118854e-06, 4.78193987874e-06, 4.43422686658e-06, 4.63613150714e-06, 4.22171615355e-06, 3.08327116727e-06, 2.24732184506e-06, 1.80490701496e-06, 1.3957704823e-06, 8.60045133777e-07, 5.97642326738e-07],
        "stdev": [0.00376514927484, 0.00440913205966, 0.00122804951388, 0.00121030607261, 0.000475222419482, 0.000348062545527, 0.000665377592668, 0.000711415428668, 0.00082559895236, 0.000574105826672, 0.000357744109351, 0.000289477873594, 0.000361524464097, 0.000289362214971, 0.000236053165281, 0.000255194609053, 0.000140040923725, 7.22462500562e-05, 0.000125265869428, 8.6485153588e-05, 2.75504880847e-05, 3.70881971321e-05, 2.94164419756e-05, 1.42890185089e-05, 1.72294112417e-05, 1.48064427776e-05, 9.25281528907e-06, 8.95835455594e-06, 8.25744427857e-06, 8.82994118001e-06, 1.37342312883e-05, 1.23201880342e-05, 1.04784594441e-05, 8.90815499588e-06, 7.00471173332e-06, 5.43503938388e-06, 4.25505459134e-06, 3.88497664972e-06, 2.30186037697e-06, 1.52952793542e-06]
    },
    "melbands128": {
        "mean": [0.000107144958747, 0.000705209444277, 0.00182627304457, 0.00233514537103, 0.00196134811267, 0.00135257840157, 0.000931758491788, 0.000882933789399, 0.000698353338521, 0.000824215239845, 0.000652682385407, 0.000340770784533, 0.000205799442483, 0.000156635112944, 0.000159582530614, 0.000179416601895, 0.00020252772083, 0.000253438774962, 0.000211856662645, 0.00022334739333, 0.000285006331978, 0.000276673090411, 0.000247049581958, 0.000212078084587, 0.0001914526365, 0.000183429845492, 0.00011558188271, 0.000103619080619, 9.3776427093e-05, 7.71937193349e-05, 6.85782724759e-05, 7.67046221881e-05, 0.000117385847261, 0.000240328212385, 9.33640621952e-05, 5.61739834666e-05, 4.79225309391e-05, 5.97652360739e-05, 6.10411007074e-05, 6.47696506348e-05, 6.54160539852e-05, 4.17139963247e-05, 3.30658040184e-05, 2.6501753382e-05, 2.94545407087e-05, 2.42290861934e-05, 2.02773171623e-05, 2.53695998254e-05, 2.93937791866e-05, 2.77647395706e-05, 4.32738306699e-05, 2.29634097195e-05, 9.60505076364e-06, 8.87956866791e-06, 1.12247744255e-05, 1.67067591974e-05, 1.68817932718e-05, 1.32978302645e-05, 8.49252137414e-06, 6.6145225901e-06, 5.32486592419e-06, 5.68240466237e-06, 6.88841646479e-06, 7.41327221476e-06, 7.15944224794e-06, 6.45284171696e-06, 5.10081417815e-06, 3.88733587897e-06, 3.81660311177e-06, 3.61043225894e-06, 3.47230934494e-06, 3.77442438548e-06, 3.23059725815e-06, 3.43226906807e-06, 4.92321441925e-06, 3.96664518121e-06, 3.98757219955e-06, 3.65187975149e-06, 5.46902720089e-06, 5.36125889994e-06, 4.39907762484e-06, 4.1914272515e-06, 3.59286150342e-06, 4.84089241581e-06, 5.60710441277e-06, 4.22099219577e-06, 4.10242091675e-06, 3.39571442964e-06, 3.14798990075e-06, 2.83610370388e-06, 2.16217972593e-06, 2.25125381803e-06, 1.98644602278e-06, 1.72156603639e-06, 1.86493377896e-06, 1.44920090861e-06, 1.37716460813e-06, 1.16241551495e-06, 8.49119942359e-07, 7.08667641902e-07, 6.82105451233e-07, 5.66332573726e-07, 5.40492067103e-07, 4.13221556528e-07, 3.82308229518e-07, 3.08975501184e-07, 2.55179685382e-07, 2.05109614626e-07, 2.30827509995e-07, 2.91291598842e-07, 1.98953017616e-07, 9.15757709663e-08, 6.490613913e-08, 5.27955776874e-08, 4.87784070913e-08, 4.18819503523e-08, 3.92526295911e-08, 1.631319968e-08, 4.20161239134e-09, 3.25840576743e-09, 6.30160501558e-09, 2.38004926878e-09, 2.65738053784e-09, 2.58461851921e-09, 2.98980196156e-09, 1.34422628584e-09, 5.33732780195e-10, 4.14832196372e-10],
        "stdev": [0.000173018255737, 0.00193530519027, 0.00607475219294, 0.0067454893142, 0.00483160372823, 0.00275360234082, 0.00145650596824, 0.00117491430137, 0.00109718774911, 0.00176299444865, 0.00170895468909, 0.000677864882164, 0.000528696982656, 0.000428395986091, 0.000459234317532, 0.000475778972032, 0.000616586883552, 0.00106272439007, 0.000800064590294, 0.000788559729699, 0.00114855589345, 0.00110649119597, 0.00114102242514, 0.00115859438665, 0.000853509933222, 0.000720795185771, 0.000539213127922, 0.000450529973023, 0.000496456283145, 0.000409012311138, 0.000331137853209, 0.00038411168498, 0.000337053585099, 0.000829913420603, 0.000411682616686, 0.000340175000019, 0.000329538539518, 0.000262615387328, 0.000405969796702, 0.000396036513848, 0.000358138087904, 0.000264086469542, 0.000194793581613, 0.000118706571811, 8.93987235031e-05, 9.32701295824e-05, 9.35185962589e-05, 0.000203303861781, 0.00017402805679, 0.000132642438984, 0.000121513025078, 6.08293812547e-05, 3.16602381645e-05, 2.40963672695e-05, 3.41709128406e-05, 4.91776263516e-05, 4.95377717016e-05, 4.43845492555e-05, 2.58044365182e-05, 1.61173084052e-05, 1.54684094014e-05, 1.67054786289e-05, 1.9439150492e-05, 1.98900743271e-05, 1.92883562704e-05, 1.86891138583e-05, 1.31435708681e-05, 1.03486572698e-05, 1.06242723632e-05, 8.69340692589e-06, 1.04755199573e-05, 9.12503401196e-06, 9.07580670173e-06, 8.15305975266e-06, 1.29821555674e-05, 9.211716133e-06, 9.57260726864e-06, 8.98083089851e-06, 1.97346089408e-05, 1.45367412188e-05, 1.3942246369e-05, 1.2551187865e-05, 9.48070555751e-06, 1.12209945655e-05, 1.41245618579e-05, 9.54489314609e-06, 8.88355771167e-06, 7.73829196987e-06, 7.96465883468e-06, 7.36190258976e-06, 5.52150777366e-06, 5.62315563002e-06, 5.87329668633e-06, 4.37910421169e-06, 4.20593960371e-06, 4.07132756663e-06, 4.50620837e-06, 4.11139535572e-06, 2.29670058616e-06, 1.88556464309e-06, 1.72193620074e-06, 1.56370742843e-06, 1.66281529346e-06, 1.45407943819e-06, 1.40553777328e-06, 1.1677331031e-06, 9.28016504531e-07, 6.78750154748e-07, 6.69404755627e-07, 7.51689697154e-07, 4.93404797908e-07, 2.39580543848e-07, 1.71912361679e-07, 1.39263619303e-07, 1.17245498643e-07, 9.71554001694e-08, 9.80058061373e-08, 6.20078282054e-08, 2.64354831359e-08, 1.86050712614e-08, 3.18925970078e-08, 1.02342134767e-08, 1.33554127757e-08, 1.36575355469e-08, 1.6947206305e-08, 7.81343789669e-09, 4.29988489259e-09, 4.05750855137e-09]
    },
    "mfcc": {
        "mean": [-672.884460449, 126.971748352, 17.3298835754, 21.5240802765, 5.35930967331, 12.9695262909, -2.19074821472, 6.1784081459, 0.620045006275, 2.05722880363, -1.42692637444, 0.545756161213, -1.62200665474],
        "cov": [[5973.42529297, -1659.5, -449.536987305, -201.324295044, -199.254211426, -0.173064678907, -179.442764282, 136.784973145, -21.3945674896, 65.7943344116, 96.3152542114, 45.5257530212, -23.3088169098], [-1659.5, 1642.27746582, -452.749328613, -57.8286705017, 15.0730857849, -148.298751831, 81.8884048462, -46.0053710938, 17.8813037872, -47.8627738953, -20.1234951019, -12.0124835968, 45.7682418823], [-449.536987305, -452.749328613, 998.901916504, 19.9072380066, 28.654630661, 71.3125991821, -39.5913772583, -12.3738145828, -33.3271942139, -0.828848898411, -4.67231082916, 29.0969963074, 9.15034770966], [-201.324295044, -57.8286705017, 19.9072380066, 361.787994385, 65.3750152588, 11.2285118103, -31.3652095795, -33.3321456909, -9.66873073578, 5.30111598969, 2.29803466797, -20.4860858917, -2.69741272926], [-199.254211426, 15.0730857849, 28.654630661, 65.3750152588, 266.872009277, -45.3343238831, -37.1888771057, -33.5287818909, -14.8217668533, 21.5836601257, 12.1446676254, -7.07840681076, -19.2976474762], [-0.173064678907, -148.298751831, 71.3125991821, 11.2285118103, -45.3343238831, 230.722488403, 50.9462852478, 5.92702484131, 33.1191864014, 2.13366413116, -23.2078819275, -0.992667913437, 4.90071868896], [-179.442764282, 81.8884048462, -39.5913772583, -31.3652095795, -37.1888771057, 50.9462852478, 190.391540527, 53.9026031494, -9.26315307617, -17.2241268158, 7.07444143295, -4.5252199173, 4.69054269791], [136.784973145, -46.0053710938, -12.3738145828, -33.3321456909, -33.5287818909, 5.92702484131, 53.9026031494, 125.957824707, 22.3634376526, -22.9168395996, -0.0255437679589, 1.06495976448, -1.65436792374], [-21.3945674896, 17.8813037872, -33.3271942139, -9.66873073578, -14.8217668533, 33.1191864014, -9.26315307617, 22.3634376526, 116.56526947, 20.957698822, -6.31749868393, 1.7748054266, -5.97010803223], [65.7943344116, -47.8627738953, -0.828848898411, 5.30111598969, 21.5836601257, 2.13366413116, -17.2241268158, -22.9168395996, 20.957698822, 91.7003326416, 34.0668449402, -4.96035957336, -19.1491241455], [96.3152542114, -20.1234951019, -4.67231082916, 2.29803466797, 12.1446676254, -23.2078819275, 7.07444143295, -0.0255437679589, -6.31749868393, 34.0668449402, 107.897575378, 14.2802476883, -30.7500457764], [45.5257530212, -12.0124835968, 29.0969963074, -20.4860858917, -7.07840681076, -0.992667913437, -4.5252199173, 1.06495976448, 1.7748054266, -4.96035957336, 14.2802476883, 66.4977111816, 19.1247940063], [-23.3088169098, 45.7682418823, 9.15034770966, -2.69741272926, -19.2976474762, 4.90071868896, 4.69054269791, -1.65436792374, -5.97010803223, -19.1491241455, -30.7500457764, 19.1247940063, 100.745620728]],
        "icov": [[0.000355594558641, 0.000443467346486, 0.000367509608623, 0.000218390952796, 0.000186854318599, 7.27460501366e-05, 0.000372098846128, -0.000295186328003, 0.000201312461286, -7.93829167378e-05, -0.000259450171143, -0.000104121230834, -0.000199228481506], [0.000443467346486, 0.00139604881406, 0.000760379247367, 0.000386040424928, 0.000141122291097, 0.000724584620912, -0.000191786792129, 0.000420758122345, -0.000299079954857, 0.000468144688057, -0.000299513339996, 2.26954089158e-05, -0.000607187510468], [0.000367509608623, 0.000760379247367, 0.00157656474039, 0.000252975936746, 1.0248889339e-05, -0.000216716623981, 0.000539599626791, -0.000206110373256, 0.000541168090422, 3.93404443457e-05, -0.000207227494684, -0.000560333777685, -0.000330165348714], [0.000218390952796, 0.000386040424928, 0.000252975936746, 0.00319538498297, -0.000590533367358, -0.000309424678562, 0.000569706142414, 0.000409440486692, 0.000160020048497, 0.00035920587834, -0.000598215323407, 0.00104888062924, -0.000484078889713], [0.000186854318599, 0.000141122291097, 1.0248889339e-05, -0.000590533367358, 0.00441396189854, 0.000795760308392, 0.000485659606056, 0.000392807880417, 0.000453484535683, -0.000869324081577, -2.29110537475e-06, -3.5310324165e-05, 0.000620635168161], [7.27460501366e-05, 0.000724584620912, -0.000216716623981, -0.000309424678562, 0.000795760308392, 0.00595978833735, -0.00233366293833, 0.00137501629069, -0.00213490705937, -9.89210457192e-05, 0.00133639702108, -0.000159848495969, -1.42686840263e-05], [0.000372098846128, -0.000191786792129, 0.000539599626791, 0.000569706142414, 0.000485659606056, -0.00233366293833, 0.00789364613593, -0.00380872748792, 0.00224516214803, 7.00019154465e-05, -0.00157333735842, 0.000706997467205, -0.000552130339202], [-0.000295186328003, 0.000420758122345, -0.000206110373256, 0.000409440486692, 0.000392807880417, 0.00137501629069, -0.00380872748792, 0.0114599717781, -0.00363347167149, 0.0035324874334, -0.000454960914794, 0.0004649204202, 0.000373103655875], [0.000201312461286, -0.000299079954857, 0.000541168090422, 0.000160020048497, 0.000453484535683, -0.00213490705937, 0.00224516214803, -0.00363347167149, 0.0111887846142, -0.00382377021015, 0.00136877514888, -0.00124685559422, 0.000754814711399], [-7.93829167378e-05, 0.000468144688057, 3.93404443457e-05, 0.00035920587834, -0.000869324081577, -9.89210457192e-05, 7.00019154465e-05, 0.0035324874334, -0.00382377021015, 0.0152228968218, -0.00500203948468, 0.00229096063413, 0.000373284128727], [-0.000259450171143, -0.000299513339996, -0.000207227494684, -0.000598215323407, -2.29110537475e-06, 0.00133639702108, -0.00157333735842, -0.000454960914794, 0.00136877514888, -0.00500203948468, 0.0132634406909, -0.00449024001136, 0.00411025620997], [-0.000104121230834, 2.26954089158e-05, -0.000560333777685, 0.00104888062924, -3.5310324165e-05, -0.000159848495969, 0.000706997467205, 0.0004649204202, -0.00124685559422, 0.00229096063413, -0.00449024001136, 0.0181606058031, -0.00443613482639], [-0.000199228481506, -0.000607187510468, -0.000330165348714, -0.000484078889713, 0.000620635168161, -1.42686840263e-05, -0.000552130339202, 0.000373103655875, 0.000754814711399, 0.000373284128727, 0.00411025620997, -0.00443613482639, 0.0125365285203]]
    },
    "spectral_contrast_coeffs": {
        "mean": [-0.728913843632, -0.792898952961, -0.784858822823, -0.793569326401, -0.792048752308, -0.772869050503],
        "stdev": [0.0589058622718, 0.0731786265969, 0.076993316412, 0.0591985546052, 0.0488118156791, 0.0472726486623]
    },
    "spectral_contrast_valleys": {
        "mean": [-6.5094461441, -6.6851477623, -7.58844137192, -7.9733915329, -8.18998527527, -10.4017925262],
        "stdev": [0.601783275604, 0.68564081192, 0.805781185627, 0.899877786636, 1.04004466534, 1.2319163084]
    }
},
"rhythm": {
    "beats_count": 382,
    "beats_loudness": {
        "mean": 0.0446168035269,
        "stdev": 0.0315839238465
    },
    "bpm": 96.8696365356,
    "bpm_histogram_first_peak_bpm": 98,
    "bpm_histogram_first_peak_weight": 0.366047739983,
    "bpm_histogram_second_peak_bpm": 92,
    "bpm_histogram_second_peak_spread": 0,
    "bpm_histogram_second_peak_weight": 0.0104986876249,
    "danceability": 1.67064511776,
    "onset_rate": 4.93703985214,
    "beats_loudness_band_ratio": {
        "mean": [0.377429753542, 0.181051626801, 0.170594781637, 0.14733864367, 0.0711691007018, 0.0946567133069],
        "stdev": [0.240160241723, 0.128948733211, 0.142221257091, 0.160953953862, 0.0631910413504, 0.0923852100968]
    },
    "beats_position": [0.638548731804, 1.28870749474, 1.93886613846, 2.58902478218, 3.23918366432, 3.87773227692, 4.5046710968, 5.13160991669, 5.74693870544, 6.3622674942, 6.98920631409, 7.60453510284, 8.2198638916, 8.84680271149, 9.46213150024, 10.077460289, 10.7043991089, 11.3197278976, 11.9350566864, 12.5619955063, 13.1889343262, 13.8042631149, 14.4195919037, 15.0349206924, 15.6502494812, 16.2771873474, 16.8925170898, 17.5078449249, 18.1347846985, 18.7501125336, 19.365442276, 19.9923801422, 20.6077098846, 21.2230377197, 21.8499774933, 22.4653053284, 23.0806350708, 23.707572937, 24.3229026794, 24.9382305145, 25.5651702881, 26.1804981232, 26.7958278656, 27.4227657318, 28.0497055054, 28.6650333405, 29.2803630829, 29.895690918, 30.5110206604, 31.1263484955, 31.7416782379, 32.3686180115, 32.9955558777, 33.6108856201, 34.2262115479, 34.8531494141, 35.4684791565, 36.0838088989, 36.7107467651, 37.3260765076, 37.94140625, 38.5683441162, 39.1836738586, 39.7989997864, 40.4259414673, 41.041267395, 41.6565971375, 42.2835350037, 42.8988647461, 43.5258026123, 44.129524231, 44.7448501587, 45.3717918396, 45.9871177673, 46.6024475098, 47.229385376, 47.8563270569, 48.4716529846, 49.0869827271, 49.7139205933, 50.3292503357, 50.9445800781, 51.5599098206, 52.1752357483, 52.8021774292, 53.4175033569, 54.0328330994, 54.6597709656, 55.2867126465, 55.9020385742, 56.5173683167, 57.1326980591, 57.7480278015, 58.3633537292, 58.9786834717, 59.6056213379, 60.2325630188, 60.8478889465, 61.463218689, 62.0785484314, 62.6938781738, 63.32081604, 63.9477539062, 64.563079834, 65.1784133911, 65.7937393188, 66.409072876, 67.0360107422, 67.6629486084, 68.2782745361, 68.8936004639, 69.508934021, 70.1242599487, 70.7511978149, 71.3665313721, 71.9818572998, 72.608795166, 73.2241287231, 73.8394546509, 74.4663925171, 75.0933303833, 75.7086639404, 76.3239898682, 76.9393157959, 77.554649353, 78.1815872192, 78.796913147, 79.4122467041, 80.0391845703, 80.654510498, 81.2698364258, 81.8967819214, 82.5237197876, 83.1506576538, 83.7543716431, 84.3697052002, 84.9850311279, 85.6003646851, 86.2156906128, 86.842628479, 87.4695663452, 88.0848999023, 88.7002258301, 89.3271636963, 89.942489624, 90.5578231812, 91.1731491089, 91.788482666, 92.4154205322, 93.0423583984, 93.6576843262, 94.2730178833, 94.8999557495, 95.5152816772, 96.130607605, 96.7575454712, 97.3728790283, 97.9998168945, 98.6151428223, 99.2304763794, 99.8458023071, 100.461128235, 101.076461792, 101.703399658, 102.318725586, 102.934059143, 103.560997009, 104.187934875, 104.791656494, 105.41859436, 106.033920288, 106.649246216, 107.276191711, 107.891517639, 108.506843567, 109.133781433, 109.760726929, 110.376052856, 110.991378784, 111.606712341, 112.222038269, 112.848976135, 113.464309692, 114.07963562, 114.706573486, 115.321899414, 115.937232971, 116.564170837, 117.191108704, 117.806434631, 118.421768188, 119.037094116, 119.652427673, 120.267753601, 120.883079529, 121.510017395, 122.136962891, 122.752288818, 123.367614746, 123.994552612, 124.609886169, 125.225212097, 125.840545654, 126.455871582, 127.082809448, 127.698135376, 128.313461304, 128.94039917, 129.567337036, 130.182678223, 130.79800415, 131.413330078, 132.028656006, 132.655593872, 133.282531738, 133.897872925, 134.513198853, 135.12852478, 135.743850708, 136.370788574, 136.99772644, 137.613052368, 138.228393555, 138.855331421, 139.45904541, 140.085983276, 140.712921143, 141.32824707, 141.943572998, 142.558914185, 143.174240112, 143.801177979, 144.428115845, 145.055053711, 145.6587677, 146.274108887, 146.889434814, 147.504760742, 148.131698608, 148.747024536, 149.373962402, 149.97769165, 150.604629517, 151.231567383, 151.846893311, 152.462219238, 153.089157104, 153.704483032, 154.31980896, 154.935150146, 155.550476074, 156.17741394, 156.804351807, 157.419677734, 158.035003662, 158.661941528, 159.265670776, 159.880996704, 160.50793457, 161.123260498, 161.750198364, 162.365524292, 162.980865479, 163.607803345, 164.234741211, 164.850067139, 165.465393066, 166.080718994, 166.696044922, 167.322982788, 167.938323975, 168.553649902, 169.180587769, 169.795913696, 170.411239624, 171.03817749, 171.665115356, 172.280456543, 172.895782471, 173.511108398, 174.126434326, 174.753372192, 175.380310059, 175.995635986, 176.610977173, 177.226303101, 177.841629028, 178.468566895, 179.083892822, 179.69921875, 180.326171875, 180.941497803, 181.55682373, 182.172149658, 182.799087524, 183.414413452, 184.041351318, 184.656692505, 185.272018433, 185.898956299, 186.514282227, 187.129608154, 187.756546021, 188.371871948, 188.987213135, 189.602539062, 190.21786499, 190.844802856, 191.471740723, 192.08706665, 192.702392578, 193.329345703, 193.944671631, 194.559997559, 195.186935425, 195.790649414, 196.41758728, 197.032928467, 197.648254395, 198.275192261, 198.902130127, 199.517456055, 200.132781982, 200.759719849, 201.375045776, 201.990386963, 202.605712891, 203.221038818, 203.847976685, 204.463302612, 205.07862854, 205.705581665, 206.332519531, 206.947845459, 207.563171387, 208.178497314, 208.793823242, 209.409164429, 210.036102295, 210.651428223, 211.278366089, 211.893692017, 212.509017944, 213.135955811, 213.762893677, 214.389831543, 214.993560791, 215.608886719, 216.224212646, 216.839538574, 217.454864502, 218.081817627, 218.708755493, 219.324081421, 219.939407349, 220.566345215, 221.181671143, 221.808609009, 222.423934937, 223.039276123, 223.654602051, 224.269927979, 224.885253906, 225.512191772, 226.139129639, 226.754455566, 227.369796753, 227.996734619, 228.612060547, 229.227386475, 229.854324341, 230.492874146, 231.13142395, 231.769973755, 232.385299683, 233.00062561, 233.627563477, 234.266113281, 234.893051147, 235.519989014, 236.14692688, 236.773880005],
    "bpm_histogram": [0, 0, 0, 0, 0, 0, 0, 0, 0, 0, 0, 0, 0, 0, 0, 0, 0, 0, 0, 0, 0, 0, 0, 0, 0, 0, 0, 0, 0, 0, 0, 0, 0, 0, 0, 0, 0, 0, 0, 0, 0, 0, 0, 0, 0, 0, 0, 0, 0, 0, 0, 0, 0, 0, 0, 0, 0, 0, 0, 0, 0, 0, 0, 0, 0, 0, 0, 0, 0, 0, 0, 0, 0, 0, 0, 0, 0, 0, 0, 0, 0, 0, 0, 0, 0, 0, 0, 0, 0, 0, 0, 0, 0.0104986876249, 0, 0.0131233595312, 0, 0.349081367254, 0, 0.603674530983, 0.0236220471561, 0, 0, 0, 0, 0, 0, 0, 0, 0, 0, 0, 0, 0, 0, 0, 0, 0, 0, 0, 0, 0, 0, 0, 0, 0, 0, 0, 0, 0, 0, 0, 0, 0, 0, 0, 0, 0, 0, 0, 0, 0, 0, 0, 0, 0, 0, 0, 0, 0, 0, 0, 0, 0, 0, 0, 0, 0, 0, 0, 0, 0, 0, 0, 0, 0, 0, 0, 0, 0, 0, 0, 0, 0, 0, 0, 0, 0, 0, 0, 0, 0, 0, 0, 0, 0, 0, 0, 0, 0, 0, 0, 0, 0, 0, 0, 0, 0, 0, 0, 0, 0, 0, 0, 0, 0, 0, 0, 0, 0, 0, 0, 0, 0, 0, 0, 0, 0, 0, 0, 0, 0, 0, 0, 0, 0, 0, 0, 0, 0, 0, 0, 0, 0, 0, 0, 0, 0, 0, 0, 0, 0, 0, 0, 0, 0, 0, 0, 0, 0, 0]
},
"tonal": {
    "chords_changes_rate": 0.0663015842438,
    "chords_number_rate": 0.00156463915482,
    "chords_strength": {
        "mean": 0.532320261002,
        "stdev": 0.098644092679
    },
    "hpcp_crest": {
        "mean": 13.0316553116,
        "stdev": 6.84752368927
    },
    "hpcp_entropy": {
        "mean": 2.13661408424,
        "stdev": 0.783550918102
    },
    "key_edma": {
        "strength": 0.665597200394,
        "key": "A",
        "scale": "minor"
    },
    "key_krumhansl": {
        "strength": 0.652548074722,
        "key": "A",
        "scale": "minor"
    },
    "key_temperley": {
        "strength": 0.643454551697,
        "key": "A",
        "scale": "minor"
    },
    "tuning_diatonic_strength": 0.471244603395,
    "tuning_equal_tempered_deviation": 0.0832645073533,
    "tuning_frequency": 440,
    "tuning_nontempered_energy_ratio": 0.736990272999,
    "hpcp": {
        "mean": [0.0982140526175, 0.0862939506769, 0.0913564190269, 0.0948254093528, 0.0967892631888, 0.136335730553, 0.194865241647, 0.167230412364, 0.193565502763, 0.24016828835, 0.154392033815, 0.0867198631167, 0.0764290243387, 0.0721936523914, 0.0736348852515, 0.069416180253, 0.0751590058208, 0.107853382826, 0.14225295186, 0.139607638121, 0.196951553226, 0.310597062111, 0.264285713434, 0.23464551568, 0.267545253038, 0.162385508418, 0.0837935134768, 0.0806195065379, 0.0777679234743, 0.0792886018753, 0.0785569623113, 0.0877163931727, 0.18393933773, 0.257614970207, 0.187135264277, 0.12312079221],
        "stdev": [0.186557769775, 0.187142670155, 0.199515685439, 0.201595127583, 0.196524634957, 0.211547195911, 0.27908924222, 0.237807884812, 0.247856944799, 0.305626988411, 0.220879405737, 0.189758330584, 0.187348246574, 0.160380750895, 0.1478369385, 0.147611632943, 0.16891002655, 0.188399240375, 0.233446910977, 0.221069961786, 0.256955385208, 0.370535850525, 0.31531059742, 0.279865503311, 0.354459196329, 0.232400506735, 0.172780334949, 0.163722261786, 0.171953812242, 0.177318900824, 0.174044594169, 0.176330000162, 0.235514491796, 0.312101840973, 0.271346598864, 0.211279153824]
    },
    "chords_histogram": [3.89204001427, 6.16076660156, 2.73811841011, 0, 0.117347933352, 0, 0, 0.547623693943, 5.08507728577, 29.1805210114, 0.684529602528, 0.215137884021, 0, 0, 0.0195579901338, 0.293369829655, 24.9168777466, 16.9958934784, 0.0195579901338, 0, 0, 0.215137884021, 0, 8.91844272614],
    "thpcp": [1, 0.850895702839, 0.755465984344, 0.861390173435, 0.522817254066, 0.269782066345, 0.25956299901, 0.250382035971, 0.255278021097, 0.252922415733, 0.282412171364, 0.592212080956, 0.829418540001, 0.602501749992, 0.396400362253, 0.316210508347, 0.277832478285, 0.29413163662, 0.305300414562, 0.311623245478, 0.43894726038, 0.627389192581, 0.538415968418, 0.623204529285, 0.773247122765, 0.497081428766, 0.279203742743, 0.246071308851, 0.232435077429, 0.237075284123, 0.223492711782, 0.241982340813, 0.347245335579, 0.457998394966, 0.449481517076, 0.634106278419],
    "chords_key": "E",
    "chords_scale": "major"
}
}