{
"metadata": {
    "version": {
        "essentia": "2.1-dev",
        "essentia_git_sha": "v2.1_beta3-415-gd5473f3",
        "extractor": "music 2.0"
    },
    "audio_properties": {
        "analysis": {
            "equal_loudness": 0,
            "length": 181.133056641,
            "sample_rate": 44100,
            "start_time": 0,
            "downmix": "mix"
        },
        "bit_rate": 192000,
        "length": 181.133056641,
        "lossless": 0,
        "number_channels": 2,
        "replay_gain": -12.4185314178,
        "sample_rate": 44100,
        "codec": "mp3",
        "md5_encoded": "636289679a5914a179771070629d1f5e"
    },
    "tags": {
        "file_name": "ice_cube-gone_in_60_seconds.mp3"
    }
},
"lowlevel": {
    "average_loudness": 0.927076160908,
    "barkbands_crest": {
        "mean": 11.6228847504,
        "stdev": 5.98179769516
    },
    "barkbands_flatness_db": {
        "mean": 0.164332747459,
        "stdev": 0.0692371949553
    },
    "barkbands_kurtosis": {
        "mean": 13.8070344925,
        "stdev": 76.8905944824
    },
    "barkbands_skewness": {
        "mean": 1.40362298489,
        "stdev": 3.08831763268
    },
    "barkbands_spread": {
        "mean": 24.8347511292,
        "stdev": 19.4770832062
    },
    "dissonance": {
        "mean": 0.473383903503,
        "stdev": 0.0294717587531
    },
    "dynamic_complexity": 5.1649222374,
    "erbbands_crest": {
        "mean": 9.35434532166,
        "stdev": 4.25976800919
    },
    "erbbands_flatness_db": {
        "mean": 0.190318539739,
        "stdev": 0.063291542232
    },
    "erbbands_kurtosis": {
        "mean": 1.22865068913,
        "stdev": 3.26853704453
    },
    "erbbands_skewness": {
        "mean": -0.18183837831,
        "stdev": 1.00484454632
    },
    "erbbands_spread": {
        "mean": 38.3860588074,
        "stdev": 30.1490249634
    },
    "hfc": {
        "mean": 22.4801807404,
        "stdev": 27.0278377533
    },
    "loudness_ebu128": {
        "integrated": -11.5005435944,
        "loudness_range": 4.88120555878,
        "momentary": {
            "mean": -14.9182901382,
            "stdev": 21.3402786255
        },
        "short_term": {
            "mean": -12.3817081451,
            "stdev": 3.27266550064
        }
    },
    "melbands_crest": {
        "mean": 16.1017131805,
        "stdev": 8.18131160736
    },
    "melbands_flatness_db": {
        "mean": 0.189668655396,
        "stdev": 0.0978975966573
    },
    "melbands_kurtosis": {
        "mean": 35.5708770752,
        "stdev": 106.858940125
    },
    "melbands_skewness": {
        "mean": 3.0262556076,
        "stdev": 4.14274501801
    },
    "melbands_spread": {
        "mean": 36.1393280029,
        "stdev": 33.8366775513
    },
    "pitch_salience": {
        "mean": 0.506044268608,
        "stdev": 0.175956323743
    },
    "silence_rate_20dB": {
        "mean": 1,
        "stdev": 0
    },
    "silence_rate_30dB": {
        "mean": 0.969238638878,
        "stdev": 0.172669842839
    },
    "silence_rate_60dB": {
        "mean": 0.201614975929,
        "stdev": 0.40120652318
    },
    "spectral_centroid": {
        "mean": 2165.94067383,
        "stdev": 1282.96020508
    },
    "spectral_complexity": {
        "mean": 13.4133558273,
        "stdev": 11.1005630493
    },
    "spectral_decrease": {
        "mean": -6.32258423394e-09,
        "stdev": 7.98848365235e-09
    },
    "spectral_energy": {
        "mean": 0.0259019415826,
        "stdev": 0.0310648903251
    },
    "spectral_energyband_high": {
        "mean": 0.00135480542667,
        "stdev": 0.00245014182292
    },
    "spectral_energyband_low": {
        "mean": 0.0138187194243,
        "stdev": 0.0281098112464
    },
    "spectral_energyband_middle_high": {
        "mean": 0.00537422671914,
        "stdev": 0.00804874952883
    },
    "spectral_energyband_middle_low": {
        "mean": 0.0060847136192,
        "stdev": 0.00947152078152
    },
    "spectral_entropy": {
        "mean": 7.7266869545,
        "stdev": 0.510252952576
    },
    "spectral_flux": {
        "mean": 0.0936596170068,
        "stdev": 0.071832858026
    },
    "spectral_kurtosis": {
        "mean": 3.67301797867,
        "stdev": 3.26546502113
    },
    "spectral_rms": {
        "mean": 0.00413680076599,
        "stdev": 0.00285606458783
    },
    "spectral_rolloff": {
        "mean": 2818.82617188,
        "stdev": 2874.13720703
    },
    "spectral_skewness": {
        "mean": 1.26173996925,
        "stdev": 0.49969342351
    },
    "spectral_spread": {
        "mean": 4982287.5,
        "stdev": 3808631.5
    },
    "spectral_strongpeak": {
        "mean": 1.00319421291,
        "stdev": 1.5169069767
    },
    "zerocrossingrate": {
        "mean": 0.095854640007,
        "stdev": 0.0728279575706
    },
    "barkbands": {
        "mean": [0.000388874410419, 0.00988164637238, 0.00290518742986, 0.00109974294901, 0.00120607833378, 0.00071859289892, 0.0012187481625, 0.000695768860169, 0.000972557521891, 0.000810790341347, 0.000574436504394, 0.000487453857204, 0.000567186216358, 0.00051101425197, 0.000635219097603, 0.000664152146783, 0.000499508285429, 0.000305380439386, 0.000281146873021, 0.000220447531319, 0.000209435762372, 0.000259874883341, 0.000265623704763, 0.000392533780541, 0.000110900291475, 1.88728117791e-05, 6.70708288908e-07],
        "stdev": [0.000813853112049, 0.0222081523389, 0.0108470907435, 0.00343254231848, 0.003072561929, 0.00217944080941, 0.00424148747697, 0.00259165954776, 0.00278838654049, 0.00258083804511, 0.00198583048768, 0.00193985830992, 0.00169974658638, 0.00147602404468, 0.00171983521432, 0.00147786538582, 0.00100235035643, 0.00064394203946, 0.000460362731246, 0.000396910210839, 0.000347582186805, 0.000501225236803, 0.000547627627384, 0.000929936009925, 0.000202856972464, 4.33923378296e-05, 3.42737735082e-06]
    },
    "erbbands": {
        "mean": [0.348062932491, 1.97511911392, 3.19986128807, 4.05407953262, 3.80268120766, 4.17685556412, 3.36834144592, 7.23440694809, 15.345498085, 16.6109848022, 17.4833087921, 22.0527172089, 20.3589992523, 29.2513599396, 21.3732814789, 20.9543323517, 25.2512550354, 25.9807853699, 30.381280899, 36.8096008301, 34.2554283142, 26.1783237457, 16.7280082703, 16.955324173, 13.0938463211, 10.4747018814, 8.50751781464, 8.25654029846, 8.92769145966, 9.36715507507, 7.01582288742, 4.74704790115, 9.225025177, 2.20835256577, 0.47439917922, 0.12732629478, 0.0269855931401, 0.0029683583416, 0.000125408289023, 3.86236606573e-05],
        "stdev": [0.813672661781, 4.57558107376, 10.2997541428, 13.5061845779, 8.73844718933, 13.8039188385, 10.5197954178, 22.5175094604, 51.5499534607, 58.5488357544, 58.6041145325, 65.2786026001, 57.7474212646, 101.057350159, 71.0732498169, 74.708152771, 76.532699585, 71.0178375244, 84.2553024292, 82.6482162476, 74.5187454224, 50.6290626526, 30.2317333221, 32.5066719055, 21.5437049866, 18.7375621796, 15.074719429, 13.6159095764, 16.6613292694, 19.7205638885, 14.5792856216, 9.73103523254, 23.4684028625, 4.15194320679, 0.949270546436, 0.286849975586, 0.063577927649, 0.00905529595912, 0.000561362772714, 4.82806208311e-05]
    },
    "gfcc": {
        "mean": [-76.02734375, 44.9695014954, -142.98248291, 42.407913208, -59.1148452759, 20.7392730713, -37.6422576904, 11.4503211975, -14.870721817, 1.88309895992, -14.7590370178, -1.76625669003, -6.85028600693],
        "cov": [[27259.9785156, 2544.25, 837.744445801, 1272.86889648, -995.99987793, 990.730651855, -1200.19995117, 275.915161133, -290.212768555, -281.126586914, -304.107177734, -209.333953857, -171.518783569], [2544.25, 2847.47973633, 820.222717285, 109.87210083, 465.886383057, 165.539871216, 230.009368896, 106.439926147, 218.872894287, -169.255004883, 96.4232788086, -54.1871032715, 44.6386566162], [837.744445801, 820.222717285, 2843.95898438, 1330.90478516, 472.761749268, 705.795227051, -67.0080795288, 199.989471436, 112.044952393, 8.47957420349, 124.542411804, -12.2577371597, 40.6834793091], [1272.86889648, 109.87210083, 1330.90478516, 1300.6315918, 468.351623535, 465.322113037, -75.0002975464, 111.692420959, 82.1041030884, 76.7509307861, 51.2459831238, -28.7808761597, 28.7673416138], [-995.99987793, 465.886383057, 472.761749268, 468.351623535, 810.434448242, 326.219238281, 286.48614502, 83.6054458618, 141.402099609, 107.889694214, 86.6384506226, -29.1799182892, 53.6141395569], [990.730651855, 165.539871216, 705.795227051, 465.322113037, 326.219238281, 731.520935059, 194.905273438, 200.042526245, 77.3265228271, 81.1227035522, 74.853767395, -36.6389160156, 68.8235931396], [-1200.19995117, 230.009368896, -67.0080795288, -75.0002975464, 286.48614502, 194.905273438, 557.015136719, 146.485427856, 88.9750137329, 70.2603683472, 105.560646057, 26.1912441254, 63.2629814148], [275.915161133, 106.439926147, 199.989471436, 111.692420959, 83.6054458618, 200.042526245, 146.485427856, 268.856872559, 144.321533203, 75.1226882935, 58.8439941406, 4.97335386276, 54.2155532837], [-290.212768555, 218.872894287, 112.044952393, 82.1041030884, 141.402099609, 77.3265228271, 88.9750137329, 144.321533203, 260.600616455, 99.4559555054, 59.3914680481, 11.7186775208, 44.9213905334], [-281.126586914, -169.255004883, 8.47957420349, 76.7509307861, 107.889694214, 81.1227035522, 70.2603683472, 75.1226882935, 99.4559555054, 185.821914673, 83.1153945923, 8.32774448395, 12.4829740524], [-304.107177734, 96.4232788086, 124.542411804, 51.2459831238, 86.6384506226, 74.853767395, 105.560646057, 58.8439941406, 59.3914680481, 83.1153945923, 170.178787231, 57.4993286133, 41.5545806885], [-209.333953857, -54.1871032715, -12.2577371597, -28.7808761597, -29.1799182892, -36.6389160156, 26.1912441254, 4.97335386276, 11.7186775208, 8.32774448395, 57.4993286133, 132.204833984, 45.2035331726], [-171.518783569, 44.6386566162, 40.6834793091, 28.7673416138, 53.6141395569, 68.8235931396, 63.2629814148, 54.2155532837, 44.9213905334, 12.4829740524, 41.5545806885, 45.2035331726, 137.665039062]],
        "icov": [[9.534041601e-05, -0.000209990277654, 0.000154279478011, -0.000227946089581, 0.000272465869784, -0.00025126861874, 0.000224643110414, -0.000200144364499, 0.000291178526822, -0.000255553401075, 0.000194479696802, -0.000145851125126, 0.000101355064544], [-0.000209990277654, 0.00109008711297, -0.00055068731308, 0.000771621300373, -0.000978634343483, 0.0006349964533, -0.000535391678568, 0.000458067806903, -0.00136388721876, 0.00189373409376, -0.00112012901809, 0.000817069318146, -0.000141129436088], [0.000154279478011, -0.00055068731308, 0.00113579514436, -0.00113951438107, 0.000560144078918, -0.000822604633868, 0.000598461774644, -0.000513433828019, 0.000528348376974, -7.50047183828e-05, -0.000109404281829, -0.000463570962893, 0.000413165835198], [-0.000227946089581, 0.000771621300373, -0.00113951438107, 0.0026364561636, -0.00168238033075, 0.000274258985883, 0.000246934272582, 0.000221604495891, -0.000714006950147, 0.000544725393411, -0.000371668254957, 0.00034686899744, -0.000249146134593], [0.000272465869784, -0.000978634343483, 0.000560144078918, -0.00168238033075, 0.00354092894122, -0.00108956650365, -0.00075838417979, 0.000773847161327, 0.000193083717022, -0.00191214145161, 0.000889719987754, 7.8063327237e-05, -0.000131558423163], [-0.00025126861874, 0.0006349964533, -0.000822604633868, 0.000274258985883, -0.00108956650365, 0.00340149574913, -0.00114785227925, -0.00084619683912, 3.92237961933e-05, 0.00030435109511, -0.000604809785727, 0.00141375942621, -0.00107067741919], [0.000224643110414, -0.000535391678568, 0.000598461774644, 0.000246934272582, -0.00075838417979, -0.00114785227925, 0.00392927182838, -0.00204145768657, 0.00117635063361, -0.000291708041914, -0.00069804379018, -0.000794629566371, 0.000206765107578], [-0.000200144364499, 0.000458067806903, -0.000513433828019, 0.000221604495891, 0.000773847161327, -0.00084619683912, -0.00204145768657, 0.00808332208544, -0.00409846007824, -0.000135073758429, -0.000348271423718, 0.000856212049257, -0.00124246173073], [0.000291178526822, -0.00136388721876, 0.000528348376974, -0.000714006950147, 0.000193083717022, 3.92237961933e-05, 0.00117635063361, -0.00409846007824, 0.00866670440882, -0.00465647224337, 0.00149240763858, -0.00110921647865, -0.000715291826054], [-0.000255553401075, 0.00189373409376, -7.50047183828e-05, 0.000544725393411, -0.00191214145161, 0.00030435109511, -0.000291708041914, -0.000135073758429, -0.00465647224337, 0.0127120856196, -0.00616945466027, 0.00205581285991, 0.00130965409335], [0.000194479696802, -0.00112012901809, -0.000109404281829, -0.000371668254957, 0.000889719987754, -0.000604809785727, -0.00069804379018, -0.000348271423718, 0.00149240763858, -0.00616945466027, 0.0116609772667, -0.00460138730705, -0.000807245087344], [-0.000145851125126, 0.000817069318146, -0.000463570962893, 0.00034686899744, 7.8063327237e-05, 0.00141375942621, -0.000794629566371, 0.000856212049257, -0.00110921647865, 0.00205581285991, -0.00460138730705, 0.0113132419065, -0.00324169080704], [0.000101355064544, -0.000141129436088, 0.000413165835198, -0.000249146134593, -0.000131558423163, -0.00107067741919, 0.000206765107578, -0.00124246173073, -0.000715291826054, 0.00130965409335, -0.000807245087344, -0.00324169080704, 0.00976956821978]]
    },
    "melbands": {
        "mean": [0.00293835415505, 0.00201929267496, 0.000698228774127, 0.000299247214571, 0.000129931766423, 0.000159078263096, 0.000242541573243, 0.000173357286258, 0.000151881104102, 0.000134904461447, 0.00010176563228, 0.000121198405395, 7.48527818359e-05, 5.56318773306e-05, 6.13228476141e-05, 4.96119464515e-05, 4.79833506688e-05, 4.78844049212e-05, 4.59565744677e-05, 5.23667113157e-05, 3.74524606741e-05, 2.8169783036e-05, 1.86303586815e-05, 1.47378768816e-05, 1.33405192173e-05, 1.10209539343e-05, 7.99467306933e-06, 6.50148376735e-06, 5.10246445629e-06, 5.16717727805e-06, 4.66573601443e-06, 4.77408775623e-06, 5.43636724615e-06, 5.24590041096e-06, 4.32015303886e-06, 3.13174814437e-06, 2.62815274255e-06, 6.44624105917e-06, 4.38712686446e-06, 1.19908668239e-06],
        "stdev": [0.00670397561044, 0.00499979453161, 0.00215603737161, 0.000736954039894, 0.00041628285544, 0.000481110182591, 0.000826896924991, 0.000605426379479, 0.000508596771397, 0.000396792631363, 0.00030012356001, 0.000421778298914, 0.000243383969064, 0.000233656930504, 0.000228150602197, 0.000152039021486, 0.000141290249303, 0.000140756397741, 0.000132881032187, 0.000113581372716, 8.80348816281e-05, 5.76380698476e-05, 3.68780820281e-05, 2.99853018078e-05, 2.69868451142e-05, 1.91306862689e-05, 1.56251353474e-05, 1.25455162561e-05, 9.53339986154e-06, 8.67232665769e-06, 7.99479494162e-06, 9.00101713341e-06, 1.10986684376e-05, 1.13560026875e-05, 9.00427858141e-06, 6.6192264967e-06, 5.44587146578e-06, 1.64101911651e-05, 1.00900797406e-05, 2.13089833778e-06]
    },
    "melbands128": {
        "mean": [0.000345134554664, 0.00273189484142, 0.00435490440577, 0.00280118035153, 0.00168155715801, 0.00142499874346, 0.000870746269356, 0.000470771687105, 0.000363835104508, 0.000339145160979, 0.000260267115664, 0.000128803221742, 8.63231180119e-05, 0.00013841164764, 0.000174210363184, 0.000145260404679, 0.00018955131236, 0.000292571901809, 0.000271588854957, 0.000172519663465, 0.000143969271448, 0.00012723688269, 0.000151485917741, 0.000182875868632, 0.000153296161443, 0.000114562964882, 9.84587313724e-05, 8.73980752658e-05, 0.000112434274342, 0.000144427263876, 0.000114297901746, 0.000100140176073, 6.8171240855e-05, 6.36740223854e-05, 5.91667012486e-05, 5.27822012373e-05, 4.92613507959e-05, 6.26463224762e-05, 7.37820955692e-05, 4.9428181228e-05, 4.503197124e-05, 4.61402923975e-05, 4.8669269745e-05, 5.05191565026e-05, 4.15399335907e-05, 5.34457612957e-05, 4.72743995488e-05, 3.81971913157e-05, 5.35800354555e-05, 4.56374436908e-05, 6.14177988609e-05, 4.73241707368e-05, 3.44662003045e-05, 3.77380638383e-05, 3.30951588694e-05, 2.31096801144e-05, 2.85138194158e-05, 2.5260655093e-05, 1.2106513168e-05, 1.2065826013e-05, 1.45830827023e-05, 1.64012490131e-05, 1.78827394848e-05, 1.10790933832e-05, 8.90339924808e-06, 1.43203578773e-05, 9.50737739913e-06, 5.6389094425e-06, 9.10668677534e-06, 9.98602536129e-06, 4.3368399929e-06, 7.1300341915e-06, 4.8271540436e-06, 4.41351767222e-06, 5.61837032365e-06, 5.4675138017e-06, 5.05502657688e-06, 4.32836714026e-06, 5.08942093802e-06, 4.46874946647e-06, 3.91414278056e-06, 5.1460378927e-06, 5.91273601458e-06, 4.73366981169e-06, 6.57464352116e-06, 4.19013804276e-06, 5.19677314514e-06, 6.26316113994e-06, 3.79783364224e-06, 3.22780965689e-06, 4.18338777308e-06, 2.73453315458e-06, 2.22497260438e-06, 2.79002824755e-06, 2.60858405454e-06, 2.79972209682e-06, 8.03607872513e-06, 1.18324369396e-05, 2.68458097707e-06, 2.23558845391e-06, 1.61772129559e-06, 1.07224161638e-06, 5.94047264713e-07, 5.93620995915e-07, 6.07223114457e-07, 3.21259278735e-07, 2.67245184205e-07, 2.74408563428e-07, 2.00303503561e-07, 1.59242134146e-07, 1.48847789205e-07, 1.0377480919e-07, 7.72259625137e-08, 4.18665848656e-08, 3.1588321292e-08, 2.88901116363e-08, 2.14172732882e-08, 3.51053763836e-09, 8.96189344957e-10, 1.25944354945e-09, 1.22271248681e-09, 8.24377899278e-10, 3.62371049833e-10, 1.89090965108e-10, 7.39102043457e-11, 5.12350448525e-12, 3.52774493645e-12, 3.50485742859e-12],
        "stdev": [0.00075667432975, 0.00658536190167, 0.0106886299327, 0.0066707059741, 0.00503418873996, 0.00542589323595, 0.00307471398264, 0.00138324825093, 0.00095624133246, 0.000920923543163, 0.00109940615948, 0.00057541829301, 0.000324390159221, 0.000514227198437, 0.000661990430672, 0.000593014294282, 0.000770841317717, 0.00126442522742, 0.00126752478536, 0.000831990502775, 0.000718330265954, 0.000622276624199, 0.000684901257046, 0.000758982030675, 0.000608160626143, 0.000460295181256, 0.000391516368836, 0.000370547233615, 0.000466851808596, 0.0005683915806, 0.000592406839132, 0.000411663699197, 0.000284321024083, 0.000335555552738, 0.000357697805157, 0.000292511482257, 0.000248637108598, 0.000343408406479, 0.000272595847491, 0.000233884478803, 0.000187492463738, 0.000191342536709, 0.000193573214347, 0.000192427323782, 0.000176903908141, 0.00018419206026, 0.00022085189994, 0.000188890626305, 0.0001751264208, 0.00014860041847, 0.000157881921041, 0.000136454124004, 0.000116167524538, 0.000117824492918, 9.49433306232e-05, 6.15058743278e-05, 7.47011363273e-05, 5.30250363227e-05, 3.9030386688e-05, 2.68282819889e-05, 2.8334410672e-05, 4.78175606986e-05, 4.5392785978e-05, 2.10469279409e-05, 1.91266954062e-05, 2.92919485219e-05, 1.89251186384e-05, 1.6073398001e-05, 2.37246804318e-05, 2.12469130929e-05, 1.00282532003e-05, 1.9934557713e-05, 1.02529347714e-05, 9.22110757529e-06, 1.22229348563e-05, 9.71094868873e-06, 9.29613997869e-06, 8.89245438884e-06, 8.90794126462e-06, 9.005722859e-06, 8.2685619418e-06, 1.02387011793e-05, 1.25899714476e-05, 1.03047941593e-05, 1.6560410586e-05, 1.02564918052e-05, 1.1681311662e-05, 1.42652725117e-05, 8.05204308563e-06, 7.77505283622e-06, 9.71201643551e-06, 6.06981257079e-06, 4.34651201431e-06, 6.207489605e-06, 5.76859838475e-06, 5.8957298279e-06, 2.11888327613e-05, 3.44532054442e-05, 5.18737942912e-06, 4.5022343329e-06, 2.98905024465e-06, 1.94971016754e-06, 1.18213108635e-06, 1.24086352571e-06, 1.34156323384e-06, 7.71954489664e-07, 6.92275648362e-07, 6.84612359692e-07, 4.58294636019e-07, 3.82477281846e-07, 3.52907903789e-07, 2.51894789471e-07, 1.9566820697e-07, 1.3005053745e-07, 1.12034598487e-07, 1.0051984134e-07, 9.19169522717e-08, 1.91982607589e-08, 1.41349669747e-08, 2.3330642307e-08, 2.35201298437e-08, 1.4261017256e-08, 8.33498958741e-09, 7.02388991414e-09, 3.15592352251e-09, 5.29960901552e-11, 6.46571468241e-12, 6.42796970166e-12]
    },
    "mfcc": {
        "mean": [-698.518188477, 66.8182907104, -16.44165802, 17.4588699341, 4.94701957703, 6.77836990356, -4.71395206451, 5.83741807938, 5.57773447037, 2.13387799263, 1.31436789036, 0.113329157233, 0.794575154781],
        "cov": [[15393.4335938, 1881.06176758, 1171.26855469, -7.71033811569, 468.631195068, 149.851455688, -172.732467651, 152.217926025, -33.936050415, -74.4389419556, -96.6511993408, -34.4219741821, -237.538360596], [1881.06176758, 2589.64160156, 91.502281189, 50.3058204651, 132.154251099, 76.4135284424, 101.688331604, 238.436203003, 151.566040039, -39.8734512329, 153.689926147, 50.7747535706, -14.0607328415], [1171.26855469, 91.502281189, 2274.78466797, 655.404663086, 817.931762695, 388.632965088, 233.11239624, 203.836242676, 141.311004639, -22.0007152557, 135.562515259, 112.534881592, 99.2364120483], [-7.71033811569, 50.3058204651, 655.404663086, 842.19354248, 529.615966797, 258.139770508, 119.734481812, 73.3155822754, 67.7649765015, 60.4775390625, 65.9499206543, 33.8188285828, 88.0639648438], [468.631195068, 132.154251099, 817.931762695, 529.615966797, 847.548217773, 409.302185059, 187.940948486, 106.79335022, 160.363113403, 100.998176575, 126.651054382, 78.2454681396, 78.9155960083], [149.851455688, 76.4135284424, 388.632965088, 258.139770508, 409.302185059, 485.334197998, 308.738616943, 134.859329224, 137.623977661, 105.963119507, 93.3350524902, 66.7385253906, 62.0972938538], [-172.732467651, 101.688331604, 233.11239624, 119.734481812, 187.940948486, 308.738616943, 488.521789551, 173.210662842, 154.251281738, 121.505638123, 93.3832626343, 73.3757324219, 77.6755218506], [152.217926025, 238.436203003, 203.836242676, 73.3155822754, 106.79335022, 134.859329224, 173.210662842, 245.195205688, 152.587219238, 43.149471283, 80.1032943726, 54.3085823059, 55.7917175293], [-33.936050415, 151.566040039, 141.311004639, 67.7649765015, 160.363113403, 137.623977661, 154.251281738, 152.587219238, 273.736663818, 124.181655884, 97.2071990967, 61.5621910095, 71.6713867188], [-74.4389419556, -39.8734512329, -22.0007152557, 60.4775390625, 100.998176575, 105.963119507, 121.505638123, 43.149471283, 124.181655884, 218.994140625, 102.792892456, 45.2343902588, 49.7153091431], [-96.6511993408, 153.689926147, 135.562515259, 65.9499206543, 126.651054382, 93.3350524902, 93.3832626343, 80.1032943726, 97.2071990967, 102.792892456, 214.936691284, 86.8887557983, 70.8972625732], [-34.4219741821, 50.7747535706, 112.534881592, 33.8188285828, 78.2454681396, 66.7385253906, 73.3757324219, 54.3085823059, 61.5621910095, 45.2343902588, 86.8887557983, 128.654495239, 70.9765472412], [-237.538360596, -14.0607328415, 99.2364120483, 88.0639648438, 78.9155960083, 62.0972938538, 77.6755218506, 55.7917175293, 71.6713867188, 49.7153091431, 70.8972625732, 70.9765472412, 152.303512573]],
        "icov": [[8.25809693197e-05, -6.70912922942e-05, -5.77786377107e-05, 6.14770324319e-05, -3.8743532059e-05, -3.29584472638e-05, 8.68928837008e-05, -7.27875012672e-05, 8.88353824848e-05, -0.000136009024573, 0.000136619855766, -3.50885020453e-05, 9.5910327218e-05], [-6.70912922942e-05, 0.000521668349393, 0.000120230572065, -8.00497509772e-05, -6.53101305943e-05, 0.000113982408948, -9.16046192287e-05, -0.000346926477505, -0.000230410136282, 0.000519701337907, -0.000531014986336, 1.99397309188e-05, 0.000249321485171], [-5.77786377107e-05, 0.000120230572065, 0.000828642048873, -0.000273018871667, -0.000627467583399, 0.000165805904544, -0.00021187918901, -0.000320293416735, -4.78573456348e-05, 0.000757977482863, -0.000305895780912, -0.00022593815811, 4.46238591394e-05], [6.14770324319e-05, -8.00497509772e-05, -0.000273018871667, 0.00221005477943, -0.00118173100054, -9.06463901629e-05, 0.000152534179506, -0.000324815220665, 0.000699812837411, -0.000551463570446, 0.000362823484465, 0.000657422526274, -0.000945615756791], [-3.8743532059e-05, -6.53101305943e-05, -0.000627467583399, -0.00118173100054, 0.00363012449816, -0.00218911608681, 0.000704806763679, 0.000942377431784, -0.00107959203888, -0.000109930166218, -0.000497163156979, -0.000222948307055, 0.000211869701161], [-3.29584472638e-05, 0.000113982408948, 0.000165805904544, -9.06463901629e-05, -0.00218911608681, 0.00562849733979, -0.00261865067296, -0.000619935570285, 0.000198796071345, -0.000260006490862, 5.27729971509e-05, -0.000266178831225, 0.000396347080823], [8.68928837008e-05, -9.16046192287e-05, -0.00021187918901, 0.000152534179506, 0.000704806763679, -0.00261865067296, 0.0044762599282, -0.00165017519612, 7.77614550316e-05, -0.00136726605706, 0.000499143672641, -0.000366951688193, -0.000450648192782], [-7.27875012672e-05, -0.000346926477505, -0.000320293416735, -0.000324815220665, 0.000942377431784, -0.000619935570285, -0.00165017519612, 0.0085894074291, -0.00401214743033, 0.00202755676582, -0.00118418585043, -0.000220832109335, -0.000409085128922], [8.88353824848e-05, -0.000230410136282, -4.78573456348e-05, 0.000699812837411, -0.00107959203888, 0.000198796071345, 7.77614550316e-05, -0.00401214743033, 0.00817948207259, -0.00364709459245, 0.000531714758836, -0.000166400888702, -0.00117637228686], [-0.000136009024573, 0.000519701337907, 0.000757977482863, -0.000551463570446, -0.000109930166218, -0.000260006490862, -0.00136726605706, 0.00202755676582, -0.00364709459245, 0.00903188623488, -0.00353097030893, 0.000290085677989, 5.49192845938e-05], [0.000136619855766, -0.000531014986336, -0.000305895780912, 0.000362823484465, -0.000497163156979, 5.27729971509e-05, 0.000499143672641, -0.00118418585043, 0.000531714758836, -0.00353097030893, 0.00888578221202, -0.00354731990956, -0.0010119456565], [-3.50885020453e-05, 1.99397309188e-05, -0.00022593815811, 0.000657422526274, -0.000222948307055, -0.000266178831225, -0.000366951688193, -0.000220832109335, -0.000166400888702, 0.000290085677989, -0.00354731990956, 0.0130758546293, -0.00425243517384], [9.5910327218e-05, 0.000249321485171, 4.46238591394e-05, -0.000945615756791, 0.000211869701161, 0.000396347080823, -0.000450648192782, -0.000409085128922, -0.00117637228686, 5.49192845938e-05, -0.0010119456565, -0.00425243517384, 0.0103528779]]
    },
    "spectral_contrast_coeffs": {
        "mean": [-0.696111857891, -0.753469645977, -0.780876815319, -0.773556649685, -0.773645281792, -0.756521463394],
        "stdev": [0.103824421763, 0.0994450077415, 0.0820083618164, 0.0672919601202, 0.0559741482139, 0.048494938761]
    },
    "spectral_contrast_valleys": {
        "mean": [-8.62783145905, -8.12573814392, -8.39968490601, -8.17213916779, -8.08925437927, -10.4342870712],
        "stdev": [2.65585613251, 2.34106779099, 2.2917842865, 2.21649837494, 2.1725757122, 2.21244096756]
    }
},
"rhythm": {
    "beats_count": 291,
    "beats_loudness": {
        "mean": 0.0537773929536,
        "stdev": 0.0367177724838
    },
    "bpm": 96.8522186279,
    "bpm_histogram_first_peak_bpm": 98,
    "bpm_histogram_first_peak_weight": 0.400696873665,
    "bpm_histogram_second_peak_bpm": 92,
    "bpm_histogram_second_peak_spread": 0,
    "bpm_histogram_second_peak_weight": 0.0103448275477,
    "danceability": 1.41630792618,
    "onset_rate": 5.06761026382,
    "beats_loudness_band_ratio": {
        "mean": [0.429058253765, 0.0967621579766, 0.0952051728964, 0.0946939066052, 0.148936867714, 0.153261944652],
        "stdev": [0.411246418953, 0.118843570352, 0.133706226945, 0.136401489377, 0.152414500713, 0.176320582628]
    },
    "beats_position": [0.626938760281, 1.26548755169, 1.90403628349, 2.53097510338, 3.16952371597, 3.80807256699, 4.446621418, 5.07355976105, 5.71210861206, 6.33904743195, 6.97759628296, 7.58131504059, 8.19664382935, 8.80036258698, 9.4040813446, 9.99619007111, 10.623128891, 11.2500677109, 11.8886165619, 12.5155553818, 13.1541042328, 13.7926530838, 14.4312019348, 15.0697498322, 15.7199087143, 16.3584575653, 16.99700737, 17.6471652985, 18.2973232269, 18.9242630005, 19.5512008667, 20.1665306091, 20.7818584442, 21.4087982178, 22.0125160217, 22.6394557953, 23.2663936615, 23.8817234039, 24.497051239, 25.1123809814, 25.7277088165, 26.3546485901, 26.9815864563, 27.5969161987, 28.2122440338, 28.8391838074, 29.4429016113, 30.0698413849, 30.68516922, 31.3004989624, 31.9274368286, 32.542766571, 33.1580963135, 33.7850341797, 34.4003639221, 35.0273017883, 35.6426315308, 36.2579574585, 36.8732872009, 37.5002250671, 38.1155548096, 38.730884552, 39.3578224182, 39.9731521606, 40.5884780884, 41.2038078308, 41.8191375732, 42.4460754395, 43.0730133057, 43.6883430481, 44.3036727905, 44.9306106567, 45.5343284607, 46.1612701416, 46.7882080078, 47.4035377502, 48.018863678, 48.6341934204, 49.2495231628, 49.8764610291, 50.4917907715, 51.1071205139, 51.7224464417, 52.3493881226, 52.9647140503, 53.5800437927, 54.1953735352, 54.8223114014, 55.4492492676, 56.06457901, 56.6799087524, 57.2952384949, 57.9105644226, 58.525894165, 59.1412239075, 59.7681617737, 60.3950996399, 61.0104293823, 61.6257591248, 62.252696991, 62.8680267334, 63.4833564758, 64.1102905273, 64.7256240845, 65.3409500122, 65.9678878784, 66.5832214355, 67.2101593018, 67.8254852295, 68.4408187866, 69.0561447144, 69.6714706421, 70.2868041992, 70.9137420654, 71.5174560547, 72.1444015503, 72.7713394165, 73.3866653442, 74.001991272, 74.6173248291, 75.2326507568, 75.859588623, 76.4749221802, 77.1018600464, 77.7171859741, 78.3441238403, 78.982673645, 79.5979995728, 80.2133331299, 80.8286590576, 81.4439926147, 82.0593185425, 82.6746444702, 83.3015823364, 83.9053039551, 84.5322418213, 85.1475753784, 85.7745132446, 86.3782272339, 87.0051651001, 87.6088867188, 88.235824585, 88.8511581421, 89.4664840698, 90.093421936, 90.6971435547, 91.3240814209, 91.9394073486, 92.5547409058, 93.181678772, 93.8086166382, 94.4239425659, 95.039276123, 95.6662139893, 96.2699279785, 96.8968658447, 97.5121994019, 98.1275253296, 98.7544631958, 99.381401062, 99.9967346191, 100.612060547, 101.227394104, 101.85433197, 102.469657898, 103.084983826, 103.711929321, 104.327255249, 104.942581177, 105.557914734, 106.1848526, 106.800178528, 107.415504456, 108.042449951, 108.64616394, 109.273101807, 109.888435364, 110.503761292, 111.130699158, 111.757637024, 112.372970581, 112.988296509, 113.592018127, 114.218955994, 114.84589386, 115.461219788, 116.076553345, 116.703491211, 117.318817139, 117.934150696, 118.549476624, 119.17641449, 119.791740417, 120.418685913, 121.022399902, 121.649337769, 122.276275635, 122.891609192, 123.50693512, 124.122268677, 124.737594604, 125.364532471, 125.968254089, 126.595191956, 127.222129822, 127.83745575, 128.452789307, 129.068115234, 129.683441162, 130.310379028, 130.925704956, 131.541046143, 132.167984009, 132.783309937, 133.398635864, 134.013961792, 134.62928772, 135.256240845, 135.883178711, 136.498504639, 137.113830566, 137.740768433, 138.35609436, 138.971420288, 139.598358154, 140.213699341, 140.829025269, 141.455963135, 142.071289062, 142.68661499, 143.290344238, 143.917282104, 144.544219971, 145.159545898, 145.774871826, 146.401809692, 147.028747559, 147.644073486, 148.259414673, 148.886352539, 149.490066528, 150.105392456, 150.720718384, 151.34765625, 151.974594116, 152.589935303, 153.20526123, 153.820587158, 154.435913086, 155.062850952, 155.67817688, 156.305114746, 156.920455933, 157.53578186, 158.151107788, 158.766433716, 159.381759644, 160.00869751, 160.624038696, 161.239364624, 161.86630249, 162.481628418, 163.096954346, 163.712280273, 164.32762146, 164.954559326, 165.581497192, 166.19682312, 166.812149048, 167.439086914, 168.042816162, 168.669754028, 169.296691895, 169.912017822, 170.52734375, 171.154281616, 171.769607544, 172.384933472, 173.011871338, 173.627212524, 174.242538452, 174.869476318, 175.473190308, 176.111740112, 176.750289917, 177.354003906, 177.969345093, 178.573059082, 179.176773071, 179.792098999, 180.407440186],
    "bpm_histogram": [0, 0, 0, 0, 0, 0, 0, 0, 0, 0, 0, 0, 0, 0, 0, 0, 0, 0, 0, 0, 0, 0, 0, 0, 0, 0, 0, 0, 0, 0, 0, 0, 0, 0, 0, 0, 0, 0, 0, 0, 0, 0, 0, 0, 0, 0, 0, 0, 0, 0, 0, 0, 0, 0, 0, 0, 0, 0, 0, 0, 0, 0, 0, 0, 0, 0, 0, 0, 0, 0, 0, 0, 0, 0, 0, 0, 0, 0, 0, 0, 0, 0, 0, 0, 0, 0, 0, 0, 0, 0, 0, 0, 0.0103448275477, 0, 0.0586206912994, 0, 0.334482759237, 0, 0.513793110847, 0.0793103426695, 0, 0.00344827584922, 0, 0, 0, 0, 0, 0, 0, 0, 0, 0, 0, 0, 0, 0, 0, 0, 0, 0, 0, 0, 0, 0, 0, 0, 0, 0, 0, 0, 0, 0, 0, 0, 0, 0, 0, 0, 0, 0, 0, 0, 0, 0, 0, 0, 0, 0, 0, 0, 0, 0, 0, 0, 0, 0, 0, 0, 0, 0, 0, 0, 0, 0, 0, 0, 0, 0, 0, 0, 0, 0, 0, 0, 0, 0, 0, 0, 0, 0, 0, 0, 0, 0, 0, 0, 0, 0, 0, 0, 0, 0, 0, 0, 0, 0, 0, 0, 0, 0, 0, 0, 0, 0, 0, 0, 0, 0, 0, 0, 0, 0, 0, 0, 0, 0, 0, 0, 0, 0, 0, 0, 0, 0, 0, 0, 0, 0, 0, 0, 0, 0, 0, 0, 0, 0, 0, 0, 0, 0, 0, 0, 0, 0, 0, 0, 0, 0, 0, 0]
},
"tonal": {
    "chords_changes_rate": 0.109174780548,
    "chords_number_rate": 0.00256278831512,
    "chords_strength": {
        "mean": 0.538236021996,
        "stdev": 0.12147153914
    },
    "hpcp_crest": {
        "mean": 11.5819282532,
        "stdev": 5.67973709106
    },
    "hpcp_entropy": {
        "mean": 2.28328442574,
        "stdev": 0.780471861362
    },
    "key_edma": {
        "strength": 0.748048782349,
        "key": "G#",
        "scale": "minor"
    },
    "key_krumhansl": {
        "strength": 0.752007186413,
        "key": "G#",
        "scale": "minor"
    },
    "key_temperley": {
        "strength": 0.756754100323,
        "key": "G#",
        "scale": "minor"
    },
    "tuning_diatonic_strength": 0.680394053459,
    "tuning_equal_tempered_deviation": 0.249714925885,
    "tuning_frequency": 453.154663086,
    "tuning_nontempered_energy_ratio": 0.908674418926,
    "hpcp": {
        "mean": [0.11260368675, 0.108881361783, 0.129629805684, 0.238222390413, 0.236137703061, 0.12520557642, 0.114795774221, 0.141121670604, 0.120308369398, 0.0955392196774, 0.0959157422185, 0.083945043385, 0.082085095346, 0.0842097699642, 0.0929481908679, 0.106337986887, 0.113467603922, 0.127674654126, 0.204270511866, 0.206262439489, 0.138885751367, 0.129465386271, 0.106704346836, 0.0918724760413, 0.129837602377, 0.135350748897, 0.094583876431, 0.0875586420298, 0.104206293821, 0.112826354802, 0.144360363483, 0.186742082238, 0.236836969852, 0.304121017456, 0.242383211851, 0.134624376893],
        "stdev": [0.227146908641, 0.213249608874, 0.228836506605, 0.312714606524, 0.314015984535, 0.215947106481, 0.210188865662, 0.246748670936, 0.22235776484, 0.177037984133, 0.186220377684, 0.173019140959, 0.175624847412, 0.171927213669, 0.179549008608, 0.197607681155, 0.214858531952, 0.234662219882, 0.279480040073, 0.280857145786, 0.229363813996, 0.231710314751, 0.202902749181, 0.171464830637, 0.213932365179, 0.218596741557, 0.17315377295, 0.168724283576, 0.190624669194, 0.193752646446, 0.237957373261, 0.28274834156, 0.310431301594, 0.364141374826, 0.320823431015, 0.224965944886]
    },
    "chords_histogram": [48.1547927856, 5.58687829971, 5.6893901825, 0.230650946498, 0, 0.691952824593, 0.38441824913, 2.92157864571, 0.717580735683, 13.5058946609, 1.61455667019, 0, 0.666324973106, 0.333162486553, 0.358790367842, 0.38441824913, 2.74218344688, 10.0205020905, 1.05074322224, 0.461301892996, 0.102511532605, 0.640697062016, 0.179395183921, 3.56227564812],
    "thpcp": [1, 0.796995937824, 0.442667126656, 0.370259463787, 0.358019858599, 0.426244139671, 0.783314466476, 0.776459634304, 0.41169655323, 0.377467423677, 0.464031308889, 0.395593732595, 0.314148694277, 0.315386772156, 0.276025116444, 0.269909322262, 0.276895582676, 0.305628955364, 0.349656820297, 0.373100161552, 0.419815301895, 0.671675086021, 0.678224861622, 0.456679224968, 0.425703525543, 0.35086145997, 0.302091836929, 0.426927417517, 0.445055544376, 0.311007350683, 0.287907242775, 0.342647463083, 0.370991647243, 0.474680662155, 0.614038705826, 0.778758943081],
    "chords_key": "G#",
    "chords_scale": "minor"
}
}