{
"metadata": {
    "version": {
        "essentia": "2.1-dev",
        "essentia_git_sha": "v2.1_beta3-415-gd5473f3",
        "extractor": "music 2.0"
    },
    "audio_properties": {
        "analysis": {
            "equal_loudness": 0,
            "length": 181.263671875,
            "sample_rate": 44100,
            "start_time": 0,
            "downmix": "mix"
        },
        "bit_rate": 128000,
        "length": 181.263671875,
        "lossless": 0,
        "number_channels": 2,
        "replay_gain": -10.7606830597,
        "sample_rate": 44100,
        "codec": "mp3",
        "md5_encoded": "589f064ad1c95791f720d6f3bec18120"
    },
    "tags": {
        "file_name": "ice_cube-roll_all_day.mp3",
        "album": ["Soundtrack to Gone In 60 Seconds"],
        "artist": ["Gone In 60 Seconds"],
        "genre": ["genre"],
        "length": ["181106"],
        "media": ["DIG"],
        "title": ["Ice Cube - Roll All Day"],
        "tracknumber": ["7"]
    }
},
"lowlevel": {
    "average_loudness": 0.927024185658,
    "barkbands_crest": {
        "mean": 11.6489315033,
        "stdev": 6.00708389282
    },
    "barkbands_flatness_db": {
        "mean": 0.166278168559,
        "stdev": 0.0693871602416
    },
    "barkbands_kurtosis": {
        "mean": 14.3812294006,
        "stdev": 81.1952438354
    },
    "barkbands_skewness": {
        "mean": 1.43683958054,
        "stdev": 3.13250946999
    },
    "barkbands_spread": {
        "mean": 24.9040374756,
        "stdev": 19.6631183624
    },
    "dissonance": {
        "mean": 0.473511993885,
        "stdev": 0.0294609200209
    },
    "dynamic_complexity": 5.17550516129,
    "erbbands_crest": {
        "mean": 9.43761920929,
        "stdev": 4.28510284424
    },
    "erbbands_flatness_db": {
        "mean": 0.189299762249,
        "stdev": 0.0619481168687
    },
    "erbbands_kurtosis": {
        "mean": 1.24202847481,
        "stdev": 3.27152132988
    },
    "erbbands_skewness": {
        "mean": -0.166016891599,
        "stdev": 1.00934016705
    },
    "erbbands_spread": {
        "mean": 38.5359725952,
        "stdev": 30.149230957
    },
    "hfc": {
        "mean": 22.197637558,
        "stdev": 26.6563606262
    },
    "loudness_ebu128": {
        "integrated": -13.1856861115,
        "loudness_range": 4.96952819824,
        "momentary": {
            "mean": -15.6077356339,
            "stdev": 9.45917415619
        },
        "short_term": {
            "mean": -14.0871667862,
            "stdev": 3.33584070206
        }
    },
    "melbands_crest": {
        "mean": 16.1828956604,
        "stdev": 8.1389875412
    },
    "melbands_flatness_db": {
        "mean": 0.189596831799,
        "stdev": 0.0981902554631
    },
    "melbands_kurtosis": {
        "mean": 36.1607551575,
        "stdev": 107.136558533
    },
    "melbands_skewness": {
        "mean": 3.05459809303,
        "stdev": 4.16244029999
    },
    "melbands_spread": {
        "mean": 35.8074226379,
        "stdev": 33.155292511
    },
    "pitch_salience": {
        "mean": 0.503903210163,
        "stdev": 0.175285726786
    },
    "silence_rate_20dB": {
        "mean": 1,
        "stdev": 0
    },
    "silence_rate_30dB": {
        "mean": 0.966188549995,
        "stdev": 0.180745899677
    },
    "silence_rate_60dB": {
        "mean": 0.203381150961,
        "stdev": 0.402527332306
    },
    "spectral_centroid": {
        "mean": 2101.38037109,
        "stdev": 1002.22998047
    },
    "spectral_complexity": {
        "mean": 13.1550970078,
        "stdev": 10.9414644241
    },
    "spectral_decrease": {
        "mean": -6.33506624936e-09,
        "stdev": 8.08344857717e-09
    },
    "spectral_energy": {
        "mean": 0.0259234178811,
        "stdev": 0.0313996002078
    },
    "spectral_energyband_high": {
        "mean": 0.00133365986403,
        "stdev": 0.00240713055246
    },
    "spectral_energyband_low": {
        "mean": 0.0139557728544,
        "stdev": 0.0285237189382
    },
    "spectral_energyband_middle_high": {
        "mean": 0.00530574284494,
        "stdev": 0.00800751335919
    },
    "spectral_energyband_middle_low": {
        "mean": 0.00606267340481,
        "stdev": 0.00950840674341
    },
    "spectral_entropy": {
        "mean": 7.72057008743,
        "stdev": 0.474720090628
    },
    "spectral_flux": {
        "mean": 0.0935884788632,
        "stdev": 0.0719943419099
    },
    "spectral_kurtosis": {
        "mean": 3.62723731995,
        "stdev": 3.15777158737
    },
    "spectral_rms": {
        "mean": 0.00412866054103,
        "stdev": 0.0028714465443
    },
    "spectral_rolloff": {
        "mean": 2818.40820312,
        "stdev": 2846.578125
    },
    "spectral_skewness": {
        "mean": 1.27317607403,
        "stdev": 0.48666369915
    },
    "spectral_spread": {
        "mean": 4750439,
        "stdev": 1995665.125
    },
    "spectral_strongpeak": {
        "mean": 1.00403833389,
        "stdev": 1.48043787479
    },
    "zerocrossingrate": {
        "mean": 0.0959136858582,
        "stdev": 0.0719814151525
    },
    "barkbands": {
        "mean": [0.000392073474359, 0.00999509822577, 0.00292178848758, 0.00110468175262, 0.00120211590547, 0.000710811815225, 0.00121733732522, 0.000694866350386, 0.000959754688665, 0.000806599506177, 0.000569141237065, 0.00048282003263, 0.000559963635169, 0.000505554664414, 0.000626712979283, 0.00065488810651, 0.000489640748128, 0.000300058803987, 0.000275877362583, 0.000215368010686, 0.000205299715162, 0.000253903213888, 0.000260726286797, 0.000390720902942, 0.00010798121366, 1.9205857825e-05, 3.84716969393e-07],
        "stdev": [0.000821630936116, 0.0225699972361, 0.0109202982858, 0.00346874026582, 0.0031301046256, 0.00215832330287, 0.00428245775402, 0.00262890546583, 0.0027545124758, 0.00258557451889, 0.00199414137751, 0.00193156080786, 0.00170716643333, 0.00145611271728, 0.00171446963213, 0.00147137686145, 0.000987880863249, 0.000647765176836, 0.000458155118395, 0.000386971369153, 0.000341792649124, 0.000489230675157, 0.000537912885193, 0.000928453577217, 0.000193922634935, 4.35544061475e-05, 1.80036136044e-06]
    },
    "erbbands": {
        "mean": [0.351987272501, 1.99770903587, 3.22106385231, 4.07854604721, 3.79481720924, 4.161028862, 3.34078860283, 7.16811513901, 15.2131643295, 16.7717399597, 17.350818634, 21.7949256897, 20.2052516937, 29.0791797638, 21.1309127808, 20.7987766266, 24.9791297913, 25.7228546143, 29.9483451843, 36.3752250671, 33.7223014832, 25.6511650085, 16.3254165649, 16.6930713654, 12.856546402, 10.2282543182, 8.31994533539, 8.11536884308, 8.71327400208, 9.1772108078, 6.89252281189, 4.6666302681, 9.21475505829, 2.17386221886, 0.460379093885, 0.122618123889, 0.0292156878859, 0.00306980405003, 9.02927640709e-05, 3.74789924535e-05],
        "stdev": [0.826691627502, 4.64919757843, 10.3726863861, 13.6643123627, 8.77870464325, 14.1414203644, 10.4411296844, 22.1879634857, 51.3411560059, 60.67710495, 58.8376312256, 64.5795669556, 57.6948547363, 101.793296814, 70.6069869995, 75.2166137695, 77.0057449341, 71.0240325928, 83.4165420532, 82.9326248169, 73.8054122925, 49.6950111389, 29.8976020813, 32.7837600708, 21.3229007721, 18.3675842285, 14.6450223923, 13.5053386688, 16.2930049896, 19.3309249878, 14.2773723602, 9.50856018066, 23.5080757141, 4.06121921539, 0.889538228512, 0.267493098974, 0.0695301294327, 0.00889375247061, 0.000203967239941, 4.18428789999e-05]
    },
    "gfcc": {
        "mean": [-75.033996582, 42.8006515503, -142.384674072, 42.3871040344, -59.5066375732, 21.6350841522, -38.4168357849, 12.226474762, -15.4789981842, 2.3351392746, -15.079870224, -1.5479991436, -7.05293512344],
        "cov": [[24792.2128906, 3058.59936523, 1450.81335449, 1064.52124023, -672.08392334, 741.026916504, -1053.55993652, 141.367019653, -218.084396362, -325.798187256, -288.713470459, -196.968566895, -152.897216797], [3058.59936523, 2939.19506836, 893.869689941, 146.753311157, 440.661010742, 175.407531738, 205.605270386, 107.24092865, 220.374343872, -171.557601929, 91.8832626343, -54.5342178345, 46.6453514099], [1450.81335449, 893.869689941, 2640.38378906, 1364.15686035, 438.08392334, 698.297912598, -60.0369529724, 187.883392334, 110.358680725, 9.49723911285, 109.693161011, -4.17013168335, 27.1743144989], [1064.52124023, 146.753311157, 1364.15686035, 1311.51135254, 493.100463867, 461.496582031, -66.2673416138, 99.7398986816, 89.7174758911, 71.7097244263, 57.23487854, -27.8397712708, 34.474105835], [-672.08392334, 440.661010742, 438.08392334, 493.100463867, 789.771057129, 345.317138672, 274.367950439, 84.7110900879, 135.255340576, 110.636314392, 80.0350265503, -26.9878482819, 47.5752754211], [741.026916504, 175.407531738, 698.297912598, 461.496582031, 345.317138672, 723.387573242, 216.958023071, 187.743286133, 82.6931991577, 76.8266983032, 78.5494842529, -37.2004127502, 68.3592453003], [-1053.55993652, 205.605270386, -60.0369529724, -66.2673416138, 274.367950439, 216.958023071, 548.12890625, 158.617340088, 85.5440444946, 68.5441513062, 104.520332336, 22.676864624, 62.6382904053], [141.367019653, 107.24092865, 187.883392334, 99.7398986816, 84.7110900879, 187.743286133, 158.617340088, 264.305999756, 150.589996338, 72.6867370605, 59.391254425, 3.03247022629, 53.1942596436], [-218.084396362, 220.374343872, 110.358680725, 89.7174758911, 135.255340576, 82.6931991577, 85.5440444946, 150.589996338, 263.782714844, 101.680450439, 59.1643562317, 9.08774185181, 46.5717582703], [-325.798187256, -171.557601929, 9.49723911285, 71.7097244263, 110.636314392, 76.8266983032, 68.5441513062, 72.6867370605, 101.680450439, 187.251724243, 83.7587280273, 6.9360499382, 10.1961755753], [-288.713470459, 91.8832626343, 109.693161011, 57.23487854, 80.0350265503, 78.5494842529, 104.520332336, 59.391254425, 59.1643562317, 83.7587280273, 174.641265869, 56.1681213379, 43.8428497314], [-196.968566895, -54.5342178345, -4.17013168335, -27.8397712708, -26.9878482819, -37.2004127502, 22.676864624, 3.03247022629, 9.08774185181, 6.9360499382, 56.1681213379, 134.204620361, 45.2636604309], [-152.897216797, 46.6453514099, 27.1743144989, 34.474105835, 47.5752754211, 68.3592453003, 62.6382904053, 53.1942596436, 46.5717582703, 10.1961755753, 43.8428497314, 45.2636604309, 142.358306885]],
        "icov": [[9.03204418137e-05, -0.000206722324947, 0.000142654462252, -0.000208490600926, 0.000244487484451, -0.00022327437182, 0.00020241177117, -0.000186496850802, 0.000284482375719, -0.000270588352578, 0.000229251949349, -0.000169147577253, 0.000103624537587], [-0.000206722324947, 0.0011368910782, -0.000697006646078, 0.000920821737964, -0.00104427104816, 0.000692651839927, -0.00049239222426, 0.000528860779013, -0.00144463952165, 0.00198809430003, -0.00123837240972, 0.000978378695436, -0.000248541735345], [0.000142654462252, -0.000697006646078, 0.00144288211595, -0.00149347120896, 0.00079001422273, -0.000966406951193, 0.000534940394573, -0.000597973004915, 0.000688089174218, -0.000396998540964, 0.000208566183574, -0.000863980094437, 0.000669747591019], [-0.000208490600926, 0.000920821737964, -0.00149347120896, 0.00304290303029, -0.00194848654792, 0.000419262767537, 0.000392167217797, 0.000271396071184, -0.00087823352078, 0.00095459719887, -0.00079234293662, 0.000852346012834, -0.000609610928223], [0.000244487484451, -0.00104427104816, 0.00079001422273, -0.00194848654792, 0.00369747588411, -0.00118728610687, -0.000912169925869, 0.000818026193883, 0.000265735376161, -0.00220541656017, 0.00125177938025, -0.000377453950932, 0.000161469419254], [-0.00022327437182, 0.000692651839927, -0.000966406951193, 0.000419262767537, -0.00118728610687, 0.00343739287928, -0.00113866338506, -0.00072517269291, -5.86480891798e-05, 0.000516924657859, -0.000801754766144, 0.00163656845689, -0.00115692324471], [0.00020241177117, -0.00049239222426, 0.000534940394573, 0.000392167217797, -0.000912169925869, -0.00113866338506, 0.0040531065315, -0.00230883434415, 0.00129095395096, -0.00022397939756, -0.000704478356056, -0.000775028660428, 0.000169715684024], [-0.000186496850802, 0.000528860779013, -0.000597973004915, 0.000271396071184, 0.000818026193883, -0.00072517269291, -0.00230883434415, 0.0084733851254, -0.00450541637838, 0.000112325469672, -0.000413096015109, 0.000991968205199, -0.00112293346319], [0.000284482375719, -0.00144463952165, 0.000688089174218, -0.00087823352078, 0.000265735376161, -5.86480891798e-05, 0.00129095395096, -0.00450541637838, 0.00898663606495, -0.00491079082713, 0.0016423453344, -0.0011805271497, -0.000803579401691], [-0.000270588352578, 0.00198809430003, -0.000396998540964, 0.00095459719887, -0.00220541656017, 0.000516924657859, -0.00022397939756, 0.000112325469672, -0.00491079082713, 0.0127418413758, -0.00615465966985, 0.0021217900794, 0.00136273750104], [0.000229251949349, -0.00123837240972, 0.000208566183574, -0.00079234293662, 0.00125177938025, -0.000801754766144, -0.000704478356056, -0.000413096015109, 0.0016423453344, -0.00615465966985, 0.0112685672939, -0.00435682898387, -0.000946581887547], [-0.000169147577253, 0.000978378695436, -0.000863980094437, 0.000852346012834, -0.000377453950932, 0.00163656845689, -0.000775028660428, 0.000991968205199, -0.0011805271497, 0.0021217900794, -0.00435682898387, 0.0111059136689, -0.00318826409057], [0.000103624537587, -0.000248541735345, 0.000669747591019, -0.000609610928223, 0.000161469419254, -0.00115692324471, 0.000169715684024, -0.00112293346319, -0.000803579401691, 0.00136273750104, -0.000946581887547, -0.00318826409057, 0.00955408345908]]
    },
    "melbands": {
        "mean": [0.00297178979963, 0.0020372341387, 0.000701468088664, 0.000297999300528, 0.000129227002617, 0.000157405054779, 0.000241053843638, 0.000174871311174, 0.000150366511662, 0.000133290086524, 0.000100955810922, 0.000120456061268, 7.40604737075e-05, 5.49376381969e-05, 6.08826376265e-05, 4.90110251121e-05, 4.75290107715e-05, 4.7162779083e-05, 4.54354121757e-05, 5.17092266819e-05, 3.68413420802e-05, 2.76654591289e-05, 1.80577753781e-05, 1.45110234371e-05, 1.31314664031e-05, 1.08374124466e-05, 7.79681158747e-06, 6.36088270767e-06, 4.98822146255e-06, 5.07896584168e-06, 4.57944270238e-06, 4.65690436613e-06, 5.31344539922e-06, 5.14366729476e-06, 4.24641984864e-06, 3.06827814711e-06, 2.58165391642e-06, 6.44614601697e-06, 4.34933781435e-06, 1.17594743188e-06],
        "stdev": [0.00681243138388, 0.00505538377911, 0.00217938423157, 0.000749644706957, 0.000418189913034, 0.000475492095575, 0.00082671031123, 0.000626084685791, 0.00050638691755, 0.000393030641135, 0.000299897335935, 0.000424661615398, 0.000244043127168, 0.000231273239478, 0.000231898986385, 0.000152117529069, 0.000141426979098, 0.000138743591378, 0.000133415567689, 0.000113903348392, 8.71200973052e-05, 5.7008172007e-05, 3.56581658707e-05, 3.02537082462e-05, 2.72304896498e-05, 1.901583164e-05, 1.52421953317e-05, 1.23705613078e-05, 9.24326013774e-06, 8.59563624545e-06, 7.91163984104e-06, 8.78744231159e-06, 1.08369849841e-05, 1.11814924821e-05, 8.83272059582e-06, 6.46877924737e-06, 5.2915024753e-06, 1.64694793057e-05, 9.99595977191e-06, 2.06282948056e-06]
    },
    "melbands128": {
        "mean": [0.00034711000626, 0.00276186689734, 0.00440638232976, 0.00283326255158, 0.001693756436, 0.00143354095053, 0.0008768120897, 0.000471744511742, 0.000363013969036, 0.000336851051543, 0.000258467334788, 0.00012943247566, 8.5447987658e-05, 0.000136296337587, 0.00017304168432, 0.0001438161853, 0.000186258417671, 0.00029018332134, 0.000272559060249, 0.00017590164498, 0.000144804216688, 0.000126462982735, 0.000149890809553, 0.000180163115147, 0.000151873027789, 0.000112827903649, 9.73924907157e-05, 8.7141241238e-05, 0.000111533656309, 0.000143251454574, 0.000114367052447, 9.86554659903e-05, 6.77000571159e-05, 6.29153801128e-05, 5.80019805057e-05, 5.2034840337e-05, 4.93930529046e-05, 6.23990199529e-05, 7.26687285351e-05, 4.89819431095e-05, 4.46213016403e-05, 4.53218672192e-05, 4.83292642457e-05, 5.03108713019e-05, 4.06673461839e-05, 5.25294672116e-05, 4.67637473776e-05, 3.78843396902e-05, 5.27544834767e-05, 4.53152315458e-05, 6.06000212429e-05, 4.66569399578e-05, 3.39250109391e-05, 3.69793742721e-05, 3.26594818034e-05, 2.27740329137e-05, 2.7886706448e-05, 2.4400118491e-05, 1.16891997095e-05, 1.17516647151e-05, 1.43111474245e-05, 1.63187269209e-05, 1.76806042873e-05, 1.07904916149e-05, 8.7643520601e-06, 1.40773227031e-05, 9.3492835731e-06, 5.5677119235e-06, 8.84088422026e-06, 9.66104289546e-06, 4.2677984311e-06, 7.0110827437e-06, 4.75984279547e-06, 4.2772062443e-06, 5.47958234165e-06, 5.36734341949e-06, 4.98501321999e-06, 4.30461341239e-06, 4.95832773595e-06, 4.37744211013e-06, 3.81602785637e-06, 5.03358796777e-06, 5.73639545109e-06, 4.63125343231e-06, 6.45547970635e-06, 4.10122993344e-06, 5.08690436618e-06, 6.15892940914e-06, 3.72684280592e-06, 3.17966578223e-06, 4.11871951655e-06, 2.65311768999e-06, 2.18435957322e-06, 2.73892101177e-06, 2.57080432675e-06, 2.75814090855e-06, 8.06735170045e-06, 1.18633670354e-05, 2.62619596469e-06, 2.16771786654e-06, 1.5916269831e-06, 1.05645119675e-06, 5.79078516694e-07, 5.75486012622e-07, 5.91035416164e-07, 3.09649436758e-07, 2.50234961641e-07, 2.53794212313e-07, 1.91739445654e-07, 1.57968898407e-07, 1.5336226511e-07, 1.14013026575e-07, 8.70970211508e-08, 4.91893601406e-08, 3.96786674628e-08, 3.52969671269e-08, 1.58990154375e-08, 6.68478883359e-11, 4.27059516223e-12, 4.129787224e-12, 4.02130715879e-12, 3.92725912554e-12, 3.83863817469e-12, 3.76692123674e-12, 3.70758892337e-12, 3.66511291802e-12, 3.6329142819e-12, 3.60845424721e-12],
        "stdev": [0.00075877411291, 0.00668620225042, 0.0108652124181, 0.00677710166201, 0.00507214292884, 0.00546880252659, 0.00311241182499, 0.00139439792838, 0.000958673714194, 0.000934311072342, 0.00112263741903, 0.00058851268841, 0.000319347833283, 0.000509029312525, 0.000652057118714, 0.000589496223256, 0.000767155026551, 0.00125736289192, 0.00128637452144, 0.000866673304699, 0.000727477658074, 0.000635868229438, 0.000678787531797, 0.000747301906813, 0.000602679792792, 0.000453548331279, 0.000398649601266, 0.000368213688489, 0.000465285091195, 0.000571334268898, 0.000599721854087, 0.000413836096413, 0.000290940282866, 0.0003302207042, 0.000352082744939, 0.00029145021108, 0.000255197228398, 0.000349599082256, 0.000275001453701, 0.000235354193137, 0.000188613223145, 0.000187345678569, 0.000194608175661, 0.000193240106455, 0.00016865125508, 0.000184795600944, 0.00022665184224, 0.000187912519323, 0.000175707362359, 0.000150588428369, 0.000156832582434, 0.000137116294354, 0.00011476885993, 0.000115460177767, 9.43686754908e-05, 6.22263250989e-05, 7.23365083104e-05, 5.07208533236e-05, 3.87805994251e-05, 2.71274948318e-05, 2.81421707768e-05, 4.88512014272e-05, 4.60569281131e-05, 2.1077808924e-05, 1.91372218978e-05, 2.91440355795e-05, 1.86757824849e-05, 1.58902039402e-05, 2.31692392845e-05, 2.06874010473e-05, 1.05632661871e-05, 1.94842104975e-05, 1.00871266113e-05, 8.81408595887e-06, 1.17764466268e-05, 9.59294629865e-06, 9.36030210141e-06, 9.03199725144e-06, 8.69543782755e-06, 8.90346018423e-06, 8.07017659099e-06, 9.97639654088e-06, 1.24104581118e-05, 1.01524183265e-05, 1.62679134519e-05, 1.00976030808e-05, 1.15178336273e-05, 1.40299434861e-05, 7.8845587268e-06, 7.53932044972e-06, 9.55792256718e-06, 5.82540997129e-06, 4.21449067289e-06, 5.99524582867e-06, 5.64563742955e-06, 5.80661799177e-06, 2.13644034375e-05, 3.45545486198e-05, 5.03125511386e-06, 4.3102413656e-06, 2.93646849059e-06, 1.88227795661e-06, 1.08121537323e-06, 1.17480044537e-06, 1.2575189885e-06, 7.02996374002e-07, 6.14067175775e-07, 6.12689291302e-07, 4.25633629675e-07, 3.67576404869e-07, 3.66108423577e-07, 2.78394992392e-07, 2.28257064805e-07, 1.45971398524e-07, 1.40288662465e-07, 1.15718130189e-07, 6.830956778e-08, 4.18658940848e-10, 7.70081567958e-12, 7.47006449753e-12, 7.27985467047e-12, 7.113012436e-12, 6.96418010065e-12, 6.84217483019e-12, 6.7355734705e-12, 6.65554243662e-12, 6.5958939699e-12, 6.5575695915e-12]
    },
    "mfcc": {
        "mean": [-699.230773926, 65.7219085693, -15.5163593292, 17.0053825378, 5.46987485886, 6.65334796906, -4.46274662018, 5.81043434143, 5.61218595505, 2.16356539726, 1.19270217419, 0.164940938354, 0.933142542839],
        "cov": [[15427.8027344, 1960.31115723, 1135.61108398, 0.420507907867, 450.574859619, 150.367401123, -171.866165161, 150.277679443, -21.6269016266, -76.4794769287, -81.1095123291, -36.7404174805, -239.024581909], [1960.31115723, 2589.94458008, 163.959136963, 53.6531066895, 138.088165283, 75.2845687866, 98.3487167358, 237.270462036, 153.305892944, -32.207321167, 154.184112549, 50.864074707, -16.7900543213], [1135.61108398, 163.959136963, 2215.57861328, 680.48828125, 798.056884766, 397.662567139, 224.480178833, 207.500213623, 135.802047729, -21.4281463623, 131.521636963, 115.064216614, 97.2422180176], [0.420507907867, 53.6531066895, 680.48828125, 847.08996582, 544.066040039, 265.64453125, 117.88230896, 74.9685821533, 67.4441070557, 57.5174217224, 64.0031204224, 36.7032470703, 89.1044082642], [450.574859619, 138.088165283, 798.056884766, 544.066040039, 839.797119141, 422.235687256, 182.597915649, 105.931945801, 154.478759766, 100.218597412, 124.933135986, 78.9266815186, 75.6514892578], [150.367401123, 75.2845687866, 397.662567139, 265.64453125, 422.235687256, 498.825927734, 313.608062744, 136.945556641, 135.714691162, 105.666770935, 93.2492294312, 66.9451904297, 59.3626403809], [-171.866165161, 98.3487167358, 224.480178833, 117.88230896, 182.597915649, 313.608062744, 488.300445557, 176.765197754, 148.656585693, 121.778381348, 90.6865539551, 72.3543243408, 73.5819396973], [150.277679443, 237.270462036, 207.500213623, 74.9685821533, 105.931945801, 136.945556641, 176.765197754, 248.936080933, 154.887420654, 44.1622238159, 77.6739044189, 54.7287483215, 56.0721282959], [-21.6269016266, 153.305892944, 135.802047729, 67.4441070557, 154.478759766, 135.714691162, 148.656585693, 154.887420654, 272.950256348, 126.670295715, 93.9759216309, 60.4319229126, 68.7061767578], [-76.4794769287, -32.207321167, -21.4281463623, 57.5174217224, 100.218597412, 105.666770935, 121.778381348, 44.1622238159, 126.670295715, 220.365509033, 105.636665344, 44.3839874268, 47.6120109558], [-81.1095123291, 154.184112549, 131.521636963, 64.0031204224, 124.933135986, 93.2492294312, 90.6865539551, 77.6739044189, 93.9759216309, 105.636665344, 212.411453247, 87.6409606934, 67.5165939331], [-36.7404174805, 50.864074707, 115.064216614, 36.7032470703, 78.9266815186, 66.9451904297, 72.3543243408, 54.7287483215, 60.4319229126, 44.3839874268, 87.6409606934, 130.420379639, 71.3950119019], [-239.024581909, -16.7900543213, 97.2422180176, 89.1044082642, 75.6514892578, 59.3626403809, 73.5819396973, 56.0721282959, 68.7061767578, 47.6120109558, 67.5165939331, 71.3950119019, 152.453552246]],
        "icov": [[8.20459026727e-05, -6.68213688186e-05, -5.46503433725e-05, 6.14571981714e-05, -3.9993057726e-05, -3.20580329571e-05, 8.59360370669e-05, -7.09514715709e-05, 8.58064231579e-05, -0.000128663727082, 0.000131520835566, -3.43340434483e-05, 9.65071521932e-05], [-6.68213688186e-05, 0.000518011394888, 9.32943148655e-05, -7.21819451428e-05, -5.3629046306e-05, 0.000121880155348, -8.66324771778e-05, -0.000330236798618, -0.000234992083278, 0.000491484825034, -0.000538144260645, 4.05605169362e-05, 0.00024913426023], [-5.46503433725e-05, 9.32943148655e-05, 0.000843117071781, -0.000311134528602, -0.000594353245106, 0.000146785736433, -0.000191035738681, -0.000326262961607, -4.59438815597e-05, 0.00073226710083, -0.000291886681225, -0.000241665926296, 5.30951147084e-05], [6.14571981714e-05, -7.21819451428e-05, -0.000311134528602, 0.00231195846573, -0.00131123012397, 1.05743883978e-05, 0.000123805817566, -0.000332372408593, 0.000706719292793, -0.000557129271328, 0.000417238945374, 0.000651865673717, -0.000989922089502], [-3.9993057726e-05, -5.3629046306e-05, -0.000594353245106, -0.00131123012397, 0.00384587491862, -0.00240884209052, 0.000807645556051, 0.000946045212913, -0.00108586694114, -7.50669059926e-05, -0.000561984779779, -0.000266228045803, 0.000255012302659], [-3.20580329571e-05, 0.000121880155348, 0.000146785736433, 1.05743883978e-05, -0.00240884209052, 0.00575227290392, -0.00274804444052, -0.000547919073142, 0.000179603492143, -0.000183295283932, 3.46115848515e-05, -0.000190959399333, 0.000397126976168], [8.59360370669e-05, -8.66324771778e-05, -0.000191035738681, 0.000123805817566, 0.000807645556051, -0.00274804444052, 0.00459209596738, -0.00182710459922, 0.000266794057097, -0.00149799103383, 0.000546009978279, -0.000433801324107, -0.000391491426853], [-7.09514715709e-05, -0.000330236798618, -0.000326262961607, -0.000332372408593, 0.000946045212913, -0.000547919073142, -0.00182710459922, 0.00871753785759, -0.00425342703238, 0.00224718009122, -0.00122735556215, -0.000140185089549, -0.000501496484503], [8.58064231579e-05, -0.000234992083278, -4.59438815597e-05, 0.000706719292793, -0.00108586694114, 0.000179603492143, 0.000266794057097, -0.00425342703238, 0.00835814513266, -0.00395120540634, 0.00074963417137, -0.00026412695297, -0.00111163931433], [-0.000128663727082, 0.000491484825034, 0.00073226710083, -0.000557129271328, -7.50669059926e-05, -0.000183295283932, -0.00149799103383, 0.00224718009122, -0.00395120540634, 0.00928087159991, -0.00385867501609, 0.000548172509298, 5.04642812302e-05], [0.000131520835566, -0.000538144260645, -0.000291886681225, 0.000417238945374, -0.000561984779779, 3.46115848515e-05, 0.000546009978279, -0.00122735556215, 0.00074963417137, -0.00385867501609, 0.00916465464979, -0.00379372318275, -0.000872312404681], [-3.43340434483e-05, 4.05605169362e-05, -0.000241665926296, 0.000651865673717, -0.000266228045803, -0.000190959399333, -0.000433801324107, -0.000140185089549, -0.00026412695297, 0.000548172509298, -0.00379372318275, 0.0130705218762, -0.00430187443271], [9.65071521932e-05, 0.00024913426023, 5.30951147084e-05, -0.000989922089502, 0.000255012302659, 0.000397126976168, -0.000391491426853, -0.000501496484503, -0.00111163931433, 5.04642812302e-05, -0.000872312404681, -0.00430187443271, 0.0102611957118]]
    },
    "spectral_contrast_coeffs": {
        "mean": [-0.697744727135, -0.754773914814, -0.780982911587, -0.773901700974, -0.774584114552, -0.751145362854],
        "stdev": [0.101787440479, 0.0965980738401, 0.0804243087769, 0.0660648345947, 0.054043199867, 0.0532360188663]
    },
    "spectral_contrast_valleys": {
        "mean": [-8.54986476898, -8.04292106628, -8.32359600067, -8.09275150299, -8.00310993195, -10.4254827499],
        "stdev": [2.25674629211, 1.75712633133, 1.70015621185, 1.57097387314, 1.47940444946, 1.78075397015]
    }
},
"rhythm": {
    "beats_count": 291,
    "beats_loudness": {
        "mean": 0.0528491027653,
        "stdev": 0.0366070605814
    },
    "bpm": 96.8419876099,
    "bpm_histogram_first_peak_bpm": 98,
    "bpm_histogram_first_peak_weight": 0.420494675636,
    "bpm_histogram_second_peak_bpm": 92,
    "bpm_histogram_second_peak_spread": 0,
    "bpm_histogram_second_peak_weight": 0.0241379309446,
    "danceability": 1.41825890541,
    "onset_rate": 5.04197454453,
    "beats_loudness_band_ratio": {
        "mean": [0.428205043077, 0.0948004424572, 0.089789994061, 0.10154106468, 0.148069709539, 0.152818709612],
        "stdev": [0.41547447443, 0.117536947131, 0.124282538891, 0.155638664961, 0.155153423548, 0.175617158413]
    },
    "beats_position": [0.626938760281, 1.26548755169, 1.90403628349, 2.54258489609, 3.1811337471, 3.8196823597, 4.45823097229, 5.08516979218, 5.72371864319, 6.35065746307, 6.97759628296, 7.59292507172, 8.20825386047, 8.82358264923, 9.42730140686, 10.0310201645, 10.6347389221, 11.2384576797, 11.8886165619, 12.5155553818, 13.1541042328, 13.7926530838, 14.4312019348, 15.0697498322, 15.7199087143, 16.3584575653, 16.99700737, 17.6471652985, 18.2973232269, 18.9242630005, 19.5512008667, 20.1665306091, 20.7818584442, 21.4087982178, 22.0241260529, 22.6394557953, 23.2663936615, 23.8817234039, 24.497051239, 25.1239910126, 25.7393188477, 26.3546485901, 26.9815864563, 27.5969161987, 28.2122440338, 28.8391838074, 29.4429016113, 30.0698413849, 30.6967792511, 31.3121089935, 31.9274368286, 32.5543746948, 33.1697044373, 33.7850341797, 34.4003639221, 35.0273017883, 35.6426315308, 36.2579574585, 36.8732872009, 37.5002250671, 38.1271629333, 38.7424926758, 39.3578224182, 39.9847602844, 40.6000900269, 41.2154197693, 41.8191375732, 42.4460754395, 43.0730133057, 43.6883430481, 44.3036727905, 44.9306106567, 45.5343284607, 46.1612701416, 46.7882080078, 47.4035377502, 48.018863678, 48.6341934204, 49.2495231628, 49.8764610291, 50.4917907715, 51.1071205139, 51.7340583801, 52.3493881226, 52.9647140503, 53.5800437927, 54.1953735352, 54.8223114014, 55.4492492676, 56.06457901, 56.6799087524, 57.2952384949, 57.9105644226, 58.5375061035, 59.1528320312, 59.7681617737, 60.3950996399, 61.0104293823, 61.6257591248, 62.252696991, 62.8796348572, 63.4949645996, 64.1102905273, 64.7372360229, 65.3409500122, 65.9678878784, 66.5948257446, 67.2217712402, 67.8254852295, 68.4408187866, 69.0561447144, 69.6714706421, 70.2868041992, 70.9137420654, 71.5174560547, 72.1444015503, 72.7713394165, 73.3866653442, 74.001991272, 74.6173248291, 75.2326507568, 75.859588623, 76.4865264893, 77.1018600464, 77.7171859741, 78.3441238403, 78.9942855835, 79.6212234497, 80.2481613159, 80.8634872437, 81.4788208008, 82.0941467285, 82.6978683472, 83.3131942749, 83.9169158936, 84.5438537598, 85.1475753784, 85.7745132446, 86.3782272339, 87.0051651001, 87.6088867188, 88.235824585, 88.8627624512, 89.4780960083, 90.093421936, 90.7087478638, 91.3240814209, 91.9510192871, 92.5663452148, 93.1932830811, 93.8086166382, 94.4239425659, 95.039276123, 95.6662139893, 96.2699279785, 96.8968658447, 97.5238113403, 98.1391372681, 98.7544631958, 99.381401062, 100.008346558, 100.612060547, 101.227394104, 101.85433197, 102.481269836, 103.096595764, 103.72353363, 104.327255249, 104.954193115, 105.581130981, 106.196456909, 106.811790466, 107.415504456, 108.042449951, 108.64616394, 109.273101807, 109.900039673, 110.51537323, 111.130699158, 111.757637024, 112.372970581, 112.988296509, 113.603622437, 114.230567932, 114.84589386, 115.472831726, 116.076553345, 116.703491211, 117.330429077, 117.945755005, 118.561088562, 119.17641449, 119.791740417, 120.418685913, 121.022399902, 121.649337769, 122.276275635, 122.891609192, 123.50693512, 124.122268677, 124.737594604, 125.364532471, 125.968254089, 126.595191956, 127.222129822, 127.83745575, 128.452789307, 129.079727173, 129.695053101, 130.310379028, 130.937316895, 131.552658081, 132.167984009, 132.783309937, 133.398635864, 134.013961792, 134.62928772, 135.256240845, 135.883178711, 136.498504639, 137.113830566, 137.740768433, 138.35609436, 138.971420288, 139.598358154, 140.213699341, 140.829025269, 141.455963135, 142.071289062, 142.68661499, 143.290344238, 143.917282104, 144.544219971, 145.159545898, 145.774871826, 146.401809692, 147.028747559, 147.644073486, 148.259414673, 148.886352539, 149.490066528, 150.105392456, 150.720718384, 151.34765625, 151.974594116, 152.589935303, 153.20526123, 153.820587158, 154.435913086, 155.062850952, 155.689788818, 156.305114746, 156.920455933, 157.53578186, 158.151107788, 158.766433716, 159.381759644, 160.00869751, 160.635650635, 161.250976562, 161.86630249, 162.481628418, 163.096954346, 163.723892212, 164.339233398, 164.954559326, 165.581497192, 166.19682312, 166.812149048, 167.439086914, 168.054412842, 168.669754028, 169.296691895, 169.923629761, 170.52734375, 171.154281616, 171.769607544, 172.384933472, 173.011871338, 173.627212524, 174.242538452, 174.869476318, 175.496414185, 176.146575928, 176.796737671, 177.412063599, 178.039001465, 178.665939331, 179.292877197, 179.919815063, 180.54675293],
    "bpm_histogram": [0, 0, 0, 0, 0, 0, 0, 0, 0, 0, 0, 0, 0, 0, 0, 0, 0, 0, 0, 0, 0, 0, 0, 0, 0, 0, 0, 0, 0, 0, 0, 0, 0, 0, 0, 0, 0, 0, 0, 0, 0, 0, 0, 0, 0, 0, 0, 0, 0, 0, 0, 0, 0, 0, 0, 0, 0, 0, 0, 0, 0, 0, 0, 0, 0, 0, 0, 0, 0, 0, 0, 0, 0, 0, 0, 0, 0, 0, 0, 0, 0, 0, 0, 0, 0, 0, 0, 0, 0, 0, 0, 0, 0.0241379309446, 0, 0.0448275879025, 0, 0.365517228842, 0, 0.475862056017, 0.0896551758051, 0, 0, 0, 0, 0, 0, 0, 0, 0, 0, 0, 0, 0, 0, 0, 0, 0, 0, 0, 0, 0, 0, 0, 0, 0, 0, 0, 0, 0, 0, 0, 0, 0, 0, 0, 0, 0, 0, 0, 0, 0, 0, 0, 0, 0, 0, 0, 0, 0, 0, 0, 0, 0, 0, 0, 0, 0, 0, 0, 0, 0, 0, 0, 0, 0, 0, 0, 0, 0, 0, 0, 0, 0, 0, 0, 0, 0, 0, 0, 0, 0, 0, 0, 0, 0, 0, 0, 0, 0, 0, 0, 0, 0, 0, 0, 0, 0, 0, 0, 0, 0, 0, 0, 0, 0, 0, 0, 0, 0, 0, 0, 0, 0, 0, 0, 0, 0, 0, 0, 0, 0, 0, 0, 0, 0, 0, 0, 0, 0, 0, 0, 0, 0, 0, 0, 0, 0, 0, 0, 0, 0, 0, 0, 0, 0, 0, 0, 0, 0, 0]
},
"tonal": {
    "chords_changes_rate": 0.106530092657,
    "chords_number_rate": 0.00256081949919,
    "chords_strength": {
        "mean": 0.528466701508,
        "stdev": 0.125425264239
    },
    "hpcp_crest": {
        "mean": 11.7712230682,
        "stdev": 5.79917621613
    },
    "hpcp_entropy": {
        "mean": 2.26273274422,
        "stdev": 0.781724691391
    },
    "key_edma": {
        "strength": 0.743374049664,
        "key": "G#",
        "scale": "minor"
    },
    "key_krumhansl": {
        "strength": 0.748428225517,
        "key": "G#",
        "scale": "minor"
    },
    "key_temperley": {
        "strength": 0.752911448479,
        "key": "G#",
        "scale": "minor"
    },
    "tuning_diatonic_strength": 0.684518516064,
    "tuning_equal_tempered_deviation": 0.266030818224,
    "tuning_frequency": 452.631469727,
    "tuning_nontempered_energy_ratio": 0.919662892818,
    "hpcp": {
        "mean": [0.112130910158, 0.109869889915, 0.125346824527, 0.22931021452, 0.238477751613, 0.130550637841, 0.112128347158, 0.140926212072, 0.123241864145, 0.0961645692587, 0.0973568856716, 0.0836280956864, 0.0800120383501, 0.0844507589936, 0.0927255898714, 0.105934083462, 0.112236820161, 0.125715047121, 0.200116679072, 0.20728841424, 0.143355831504, 0.127807796001, 0.105960533023, 0.0908396840096, 0.125885084271, 0.133400857449, 0.0945391282439, 0.0872942656279, 0.103591687977, 0.110773287714, 0.14083853364, 0.181953802705, 0.233024552464, 0.304523617029, 0.249636694789, 0.140174821019],
        "stdev": [0.227224498987, 0.217024773359, 0.225320294499, 0.305140674114, 0.318341374397, 0.219620779157, 0.208621829748, 0.245461270213, 0.227717518806, 0.174332916737, 0.188438653946, 0.172031462193, 0.17177310586, 0.172909468412, 0.180419400334, 0.197957038879, 0.214540317655, 0.235620573163, 0.274905949831, 0.284285515547, 0.230173826218, 0.230281084776, 0.201324418187, 0.169466108084, 0.208848714828, 0.216417506337, 0.170431464911, 0.171597987413, 0.191974446177, 0.191260248423, 0.235404863954, 0.277910381556, 0.30897668004, 0.362951546907, 0.327325224876, 0.228645816445]
    },
    "chords_histogram": [45.9411010742, 5.81306028366, 6.6837387085, 0.384122908115, 0, 0.563380300999, 0.179257363081, 4.12291955948, 0.128040969372, 13.3162612915, 1.40845072269, 0.128040969372, 0.717029452324, 0.46094751358, 0.281690150499, 0.717029452324, 1.79257357121, 9.80793857574, 1.76696538925, 0.793854057789, 0.409731119871, 0.588988482952, 0.153649166226, 3.84122920036],
    "thpcp": [1, 0.81976133585, 0.460308551788, 0.368217438459, 0.360792666674, 0.411616116762, 0.753012895584, 0.783117413521, 0.428704470396, 0.368209034204, 0.462775975466, 0.40470379591, 0.315786898136, 0.319702237844, 0.274619400501, 0.262744933367, 0.277320891619, 0.304493933916, 0.347868204117, 0.368565231562, 0.412825286388, 0.657146692276, 0.680697321892, 0.470754384995, 0.419697493315, 0.347955048084, 0.298300951719, 0.413383662701, 0.438064068556, 0.310449242592, 0.28665843606, 0.340176194906, 0.363759279251, 0.462488055229, 0.597503066063, 0.765210092068],
    "chords_key": "G#",
    "chords_scale": "minor"
}
}