{
"metadata": {
    "version": {
        "essentia": "2.1-dev",
        "essentia_git_sha": "v2.1_beta3-415-gd5473f3",
        "extractor": "music 2.0"
    },
    "audio_properties": {
        "analysis": {
            "equal_loudness": 0,
            "length": 223.660415649,
            "sample_rate": 44100,
            "start_time": 0,
            "downmix": "mix"
        },
        "bit_rate": 192000,
        "length": 223.660415649,
        "lossless": 0,
        "number_channels": 2,
        "replay_gain": -7.98208999634,
        "sample_rate": 44100,
        "codec": "mp3",
        "md5_encoded": "049f4c5ad3b9452c9e270c6fe5efab89"
    },
    "tags": {
        "file_name": "jeru_the_damaja-black_cowboys.mp3"
    }
},
"lowlevel": {
    "average_loudness": 0.94796448946,
    "barkbands_crest": {
        "mean": 12.8500385284,
        "stdev": 6.01238012314
    },
    "barkbands_flatness_db": {
        "mean": 0.18795004487,
        "stdev": 0.0843990445137
    },
    "barkbands_kurtosis": {
        "mean": 24.5851020813,
        "stdev": 99.5819244385
    },
    "barkbands_skewness": {
        "mean": 2.57996606827,
        "stdev": 3.4070649147
    },
    "barkbands_spread": {
        "mean": 24.17735672,
        "stdev": 19.2311325073
    },
    "dissonance": {
        "mean": 0.453480392694,
        "stdev": 0.0405057296157
    },
    "dynamic_complexity": 4.11920166016,
    "erbbands_crest": {
        "mean": 9.16756534576,
        "stdev": 3.79371380806
    },
    "erbbands_flatness_db": {
        "mean": 0.175109341741,
        "stdev": 0.0427227467299
    },
    "erbbands_kurtosis": {
        "mean": 1.29261255264,
        "stdev": 4.55435705185
    },
    "erbbands_skewness": {
        "mean": 0.0896164402366,
        "stdev": 1.22389018536
    },
    "erbbands_spread": {
        "mean": 51.2205696106,
        "stdev": 31.5690135956
    },
    "hfc": {
        "mean": 17.2793579102,
        "stdev": 18.8841438293
    },
    "loudness_ebu128": {
        "integrated": -15.8082771301,
        "loudness_range": 2.69436740875,
        "momentary": {
            "mean": -17.2726631165,
            "stdev": 5.58945703506
        },
        "short_term": {
            "mean": -16.407989502,
            "stdev": 3.30580711365
        }
    },
    "melbands_crest": {
        "mean": 16.549079895,
        "stdev": 7.23643636703
    },
    "melbands_flatness_db": {
        "mean": 0.239601999521,
        "stdev": 0.112538322806
    },
    "melbands_kurtosis": {
        "mean": 65.7777481079,
        "stdev": 183.667419434
    },
    "melbands_skewness": {
        "mean": 4.49580812454,
        "stdev": 4.50278377533
    },
    "melbands_spread": {
        "mean": 29.0075778961,
        "stdev": 35.167552948
    },
    "pitch_salience": {
        "mean": 0.500089168549,
        "stdev": 0.174672096968
    },
    "silence_rate_20dB": {
        "mean": 1,
        "stdev": 0
    },
    "silence_rate_30dB": {
        "mean": 0.904712498188,
        "stdev": 0.293626099825
    },
    "silence_rate_60dB": {
        "mean": 0.118642307818,
        "stdev": 0.323371112347
    },
    "spectral_centroid": {
        "mean": 1504.95385742,
        "stdev": 1021.89898682
    },
    "spectral_complexity": {
        "mean": 12.7709150314,
        "stdev": 9.97603321075
    },
    "spectral_decrease": {
        "mean": -8.88838691537e-09,
        "stdev": 1.48767576036e-08
    },
    "spectral_energy": {
        "mean": 0.0351141393185,
        "stdev": 0.056823451072
    },
    "spectral_energyband_high": {
        "mean": 0.000867871625815,
        "stdev": 0.00146234291606
    },
    "spectral_energyband_low": {
        "mean": 0.0241428203881,
        "stdev": 0.0534117743373
    },
    "spectral_energyband_middle_high": {
        "mean": 0.00389037537389,
        "stdev": 0.00609496748075
    },
    "spectral_energyband_middle_low": {
        "mean": 0.00780331995338,
        "stdev": 0.012398888357
    },
    "spectral_entropy": {
        "mean": 7.52000951767,
        "stdev": 0.52342569828
    },
    "spectral_flux": {
        "mean": 0.0981332808733,
        "stdev": 0.0919588655233
    },
    "spectral_kurtosis": {
        "mean": 3.02893590927,
        "stdev": 3.15746426582
    },
    "spectral_rms": {
        "mean": 0.00475459638983,
        "stdev": 0.00341342505999
    },
    "spectral_rolloff": {
        "mean": 1950.70556641,
        "stdev": 2449.35107422
    },
    "spectral_skewness": {
        "mean": 1.26871311665,
        "stdev": 0.608898460865
    },
    "spectral_spread": {
        "mean": 5134328.5,
        "stdev": 2248295.75
    },
    "spectral_strongpeak": {
        "mean": 0.636074542999,
        "stdev": 0.805311858654
    },
    "zerocrossingrate": {
        "mean": 0.0704333260655,
        "stdev": 0.0628615394235
    },
    "barkbands": {
        "mean": [0.000356198637746, 0.0181049499661, 0.00414353376254, 0.00304112164304, 0.0021422188729, 0.000671611633152, 0.000920008635148, 0.00036381688551, 0.000568741816096, 0.000370466441382, 0.000412175228121, 0.000232957638218, 0.000286761380266, 0.000469899649033, 0.000472263054689, 0.000436618720414, 0.000532261037733, 0.000377673772164, 0.000278396502836, 0.000127958643134, 0.000171709209098, 0.00022777695267, 0.000137302005896, 0.00020415794279, 5.59666877962e-05, 6.82434756527e-06, 6.59794466173e-07],
        "stdev": [0.000565315538552, 0.0399192348123, 0.0145595706999, 0.00801033060998, 0.00454654917121, 0.000954258372076, 0.00231281644665, 0.00103218015283, 0.0011162830051, 0.00118728552479, 0.00115732476115, 0.000833080499433, 0.000904354790691, 0.00127427233383, 0.00131029600743, 0.00103758357, 0.00113235309254, 0.000926214968786, 0.000677713542245, 0.000374828494387, 0.000441316398792, 0.000386820669519, 0.000276732753264, 0.000345951149939, 0.000218678833335, 2.67920531769e-05, 6.38774963591e-06]
    },
    "erbbands": {
        "mean": [0.387975245714, 4.35569238663, 6.69232034683, 7.40025901794, 9.02852249146, 6.69039964676, 6.04241323471, 5.30144643784, 10.6292362213, 12.8613843918, 8.78173351288, 13.3195085526, 10.9952392578, 13.2375421524, 15.9138660431, 10.0572071075, 13.1396560669, 22.009765625, 25.4458713531, 25.7758522034, 24.2215614319, 29.6036262512, 20.6478672028, 18.3139724731, 10.5314292908, 6.26585054398, 6.21410799026, 7.06426048279, 6.9569106102, 7.59522771835, 3.89512276649, 5.71113395691, 2.02369189262, 0.887699246407, 0.26015111804, 0.04670054093, 0.0103969033808, 0.00210185721517, 0.000118703843327, 4.42311320512e-05],
        "stdev": [0.684257209301, 10.5727109909, 20.5039520264, 21.9924659729, 21.7402915955, 11.967634201, 11.4168987274, 7.86167097092, 27.5190372467, 34.0539398193, 21.9856834412, 27.7420902252, 29.9752292633, 39.6899757385, 42.2342720032, 34.4530982971, 42.5321083069, 60.4888153076, 65.8165588379, 65.9660568237, 49.7977561951, 62.1639251709, 51.4665985107, 41.94190979, 26.40193367, 18.2984027863, 17.6721458435, 16.2828922272, 13.4483585358, 12.1650629044, 7.74184465408, 8.53251075745, 5.58602666855, 3.37063097954, 1.03664290905, 0.181393295527, 0.0425824075937, 0.0101153282449, 0.00129430321977, 6.66548730806e-05]
    },
    "gfcc": {
        "mean": [-58.134979248, 89.3901824951, -113.736404419, 56.3059616089, -65.4358520508, 21.9397201538, -40.3425445557, 4.7463183403, -3.99742293358, -11.4074058533, -8.22717857361, -2.11020064354, -1.56895971298],
        "cov": [[12126.9365234, -362.369262695, -1247.3112793, 174.383285522, 315.900512695, -180.033554077, -416.359344482, 164.760772705, -662.340942383, 169.425537109, -390.229400635, 169.386825562, -396.643280029], [-362.369262695, 2142.25146484, 57.1878318787, 99.6531677246, 689.117797852, -61.9602661133, 200.912979126, -170.539352417, 289.606140137, -252.022949219, 256.948028564, -134.272659302, 184.659698486], [-1247.3112793, 57.1878318787, 1661.63500977, 635.298522949, 130.919509888, 316.951171875, 236.871688843, 29.2226886749, 124.413200378, 40.4440422058, 31.5420265198, -60.4004402161, 39.1737823486], [174.383285522, 99.6531677246, 635.298522949, 964.762817383, 527.782714844, 284.58682251, 149.372360229, -82.7479629517, 89.0508956909, -78.4583969116, 98.5449142456, -56.442111969, 55.8564949036], [315.900512695, 689.117797852, 130.919509888, 527.782714844, 1263.13769531, 228.143875122, 156.7837677, 10.1488685608, 77.4163970947, -1.17444622517, 142.889465332, 23.900302887, 44.396068573], [-180.033554077, -61.9602661133, 316.951171875, 284.58682251, 228.143875122, 424.118896484, 164.156402588, 13.0331010818, 111.090248108, -4.11398029327, 93.5837860107, -1.01894032955, 25.4529457092], [-416.359344482, 200.912979126, 236.871688843, 149.372360229, 156.7837677, 164.156402588, 368.980316162, 78.9285049438, 79.7961196899, -15.2059469223, 88.8687896729, 12.615776062, 41.2202949524], [164.760772705, -170.539352417, 29.2226886749, -82.7479629517, 10.1488685608, 13.0331010818, 78.9285049438, 250.080947876, 48.5726966858, 97.9634628296, 0.519759118557, 63.4240112305, -14.1477394104], [-662.340942383, 289.606140137, 124.413200378, 89.0508956909, 77.4163970947, 111.090248108, 79.7961196899, 48.5726966858, 308.021820068, -15.2375020981, 121.106246948, -33.7582473755, 79.5129318237], [169.425537109, -252.022949219, 40.4440422058, -78.4583969116, -1.17444622517, -4.11398029327, -15.2059469223, 97.9634628296, -15.2375020981, 199.331497192, -30.459854126, 51.9993019104, -26.6805114746], [-390.229400635, 256.948028564, 31.5420265198, 98.5449142456, 142.889465332, 93.5837860107, 88.8687896729, 0.519759118557, 121.106246948, -30.459854126, 180.622802734, -4.49989557266, 38.2514381409], [169.386825562, -134.272659302, -60.4004402161, -56.442111969, 23.900302887, -1.01894032955, 12.615776062, 63.4240112305, -33.7582473755, 51.9993019104, -4.49989557266, 128.088851929, -0.189638853073], [-396.643280029, 184.659698486, 39.1737823486, 55.8564949036, 44.396068573, 25.4529457092, 41.2202949524, -14.1477394104, 79.5129318237, -26.6805114746, 38.2514381409, -0.189638853073, 134.45161438]],
        "icov": [[0.000161323172506, -0.000250074575888, 0.000241535788518, -0.000373454124201, 0.000174921937287, -0.000274193211226, 0.000225733485422, -0.000396690069465, 0.000363259227015, -0.000255181454122, 0.0003811942006, -0.000173443113454, 0.000413191242842], [-0.000250074575888, 0.00184451893438, -0.000722474709619, 0.00145696091931, -0.00136508373544, 0.00163172814064, -0.00102737010457, 0.00159430177882, -0.00148094422184, 0.00162466487382, -0.00150542997289, 0.0010402057087, -0.00141328026075], [0.000241535788518, -0.000722474709619, 0.0014403925743, -0.0014594696695, 0.000772227533162, -0.000998547067866, 9.0068911959e-05, -0.00089107878739, 0.00058159197215, -0.00120525364764, 0.00119882368017, -7.4501891504e-05, 0.000779847032391], [-0.000373454124201, 0.00145696091931, -0.0014594696695, 0.00357105839066, -0.00179995386861, 0.000788205070421, -0.000852370343637, 0.00198443746194, -0.00126479764003, 0.00196307804435, -0.00158502848353, 0.00116158521269, -0.00165569817182], [0.000174921937287, -0.00136508373544, 0.000772227533162, -0.00179995386861, 0.00219676480629, -0.00138295290526, 0.000595187884755, -0.00127451971639, 0.00121189444326, -0.00152149796486, 0.0005609037471, -0.000981554039754, 0.00095391611103], [-0.000274193211226, 0.00163172814064, -0.000998547067866, 0.000788205070421, -0.00138295290526, 0.00520738912746, -0.00194418488536, 0.00191870157141, -0.00221756286919, 0.00115360645577, -0.00198062648997, 0.000367053755326, -0.000713314162567], [0.000225733485422, -0.00102737010457, 9.0068911959e-05, -0.000852370343637, 0.000595187884755, -0.00194418488536, 0.00480680866167, -0.00273158587515, 0.00149388308637, 3.74171831936e-05, -0.000446108344477, -0.000593048520386, 6.52733288007e-05], [-0.000396690069465, 0.00159430177882, -0.00089107878739, 0.00198443746194, -0.00127451971639, 0.00191870157141, -0.00273158587515, 0.00835749227554, -0.00352970673703, -0.000931520073209, -0.000525516923517, -0.00153675174806, -0.000100309909612], [0.000363259227015, -0.00148094422184, 0.00058159197215, -0.00126479764003, 0.00121189444326, -0.00221756286919, 0.00149388308637, -0.00352970673703, 0.0074404203333, -0.00128518545534, -0.00191539840307, 0.00145418883767, -0.00145638268441], [-0.000255181454122, 0.00162466487382, -0.00120525364764, 0.00196307804435, -0.00152149796486, 0.00115360645577, 3.74171831936e-05, -0.000931520073209, -0.00128518545534, 0.00870855804533, -0.000698157120496, -0.000811580976006, -0.000588379683904], [0.0003811942006, -0.00150542997289, 0.00119882368017, -0.00158502848353, 0.0005609037471, -0.00198062648997, -0.000446108344477, -0.000525516923517, -0.00191539840307, -0.000698157120496, 0.0107170389965, -0.00187394733075, 0.00171512225643], [-0.000173443113454, 0.0010402057087, -7.4501891504e-05, 0.00116158521269, -0.000981554039754, 0.000367053755326, -0.000593048520386, -0.00153675174806, 0.00145418883767, -0.000811580976006, -0.00187394733075, 0.0112520474941, -0.00259847589768], [0.000413191242842, -0.00141328026075, 0.000779847032391, -0.00165569817182, 0.00095391611103, -0.000713314162567, 6.52733288007e-05, -0.000100309909612, -0.00145638268441, -0.000588379683904, 0.00171512225643, -0.00259847589768, 0.0111006312072]]
    },
    "melbands": {
        "mean": [0.00432909186929, 0.00458610290661, 0.00138446176425, 0.000554337515496, 0.000226508680498, 0.000121463563119, 0.000171583378688, 0.000127061866806, 7.47457379475e-05, 8.20718560135e-05, 5.42953457625e-05, 5.23343187524e-05, 5.82259744988e-05, 2.90153329843e-05, 2.49253225775e-05, 2.92383338092e-05, 4.33873756265e-05, 4.15387512476e-05, 3.54458024958e-05, 3.21447078022e-05, 2.79836349364e-05, 3.36915327352e-05, 2.15969539568e-05, 1.62850228662e-05, 1.50429914356e-05, 9.16424232855e-06, 5.35360732101e-06, 3.78494837605e-06, 3.47679406332e-06, 4.56501084045e-06, 3.82964253731e-06, 3.47736931872e-06, 5.25168343302e-06, 3.57597195944e-06, 2.02309297492e-06, 3.00125907415e-06, 3.42869043379e-06, 1.34919127959e-06, 1.08025642476e-06, 6.34375737718e-07],
        "stdev": [0.00857779849321, 0.0123554114252, 0.00375423580408, 0.00115272332914, 0.000391835521441, 0.000180183720659, 0.00043616903713, 0.000330090988427, 0.000179413502337, 0.000174034648808, 0.000156846901518, 0.000166830359376, 0.000159717586939, 0.000100785975519, 8.45650502015e-05, 9.36956348596e-05, 0.000127169536427, 0.000110245760879, 9.74672002485e-05, 8.65466499818e-05, 5.86540227232e-05, 7.14096677257e-05, 5.58076062589e-05, 4.27472914453e-05, 3.57866229024e-05, 2.47718544415e-05, 1.4998385268e-05, 1.22495348478e-05, 1.04557038867e-05, 1.26755758174e-05, 8.60760701471e-06, 7.61835826779e-06, 8.77430102264e-06, 6.12065559835e-06, 4.72296687803e-06, 4.8327146942e-06, 5.05431262354e-06, 3.89393562727e-06, 3.9741398723e-06, 2.54742781181e-06]
    },
    "melbands128": {
        "mean": [0.000346091925167, 0.00243166228756, 0.00597719661891, 0.00800928007811, 0.00459146173671, 0.00171398185194, 0.00145713449456, 0.00150465453044, 0.000877532700542, 0.000494114879984, 0.00038352253614, 0.000254626560491, 0.000204923082492, 0.000180955190444, 0.000116692666779, 8.57088598423e-05, 0.000118436051707, 0.000205847391044, 0.000201200775336, 0.000156166483066, 8.47119808896e-05, 6.25515895081e-05, 6.63704049657e-05, 9.67777596088e-05, 9.82411438599e-05, 7.41891999496e-05, 5.20568246429e-05, 4.87580800836e-05, 6.05199929851e-05, 5.40980072401e-05, 4.76644017908e-05, 5.2089591918e-05, 7.85095035098e-05, 4.47828388133e-05, 2.73600817309e-05, 2.84997349809e-05, 2.43380891334e-05, 2.1913456294e-05, 2.59961470874e-05, 3.23102140101e-05, 2.84226152871e-05, 2.76279806712e-05, 4.11983819504e-05, 5.77411410632e-05, 3.83065998903e-05, 4.26005572081e-05, 3.79632256227e-05, 3.5385168303e-05, 3.16525583912e-05, 4.09203239542e-05, 3.05980465782e-05, 2.66294482572e-05, 2.59223015746e-05, 2.35792249441e-05, 4.33956774941e-05, 3.67763568647e-05, 2.51097499131e-05, 2.14650281123e-05, 2.2718541004e-05, 1.75195673364e-05, 1.43116913023e-05, 1.59263800015e-05, 1.77874826477e-05, 1.41931523103e-05, 1.22584606288e-05, 9.18310706766e-06, 7.13877307135e-06, 6.56490965412e-06, 4.36780874224e-06, 4.72605825053e-06, 3.85015073334e-06, 3.22819846588e-06, 3.5848142943e-06, 2.99118892144e-06, 3.92158472096e-06, 4.75076558359e-06, 5.00167061546e-06, 4.40037774752e-06, 3.50576965502e-06, 3.40114934261e-06, 3.34258879775e-06, 3.42957946486e-06, 3.86960164178e-06, 6.02912223258e-06, 5.92241349295e-06, 4.24971995017e-06, 2.61392619905e-06, 2.49464414992e-06, 1.97767917598e-06, 1.76941250629e-06, 1.50053983816e-06, 3.28943201566e-06, 5.73910710955e-06, 3.76107914235e-06, 1.97754479814e-06, 1.30758394334e-06, 1.27258840621e-06, 1.28871567995e-06, 1.16496539704e-06, 9.56394728746e-07, 7.40383654829e-07, 5.83020550948e-07, 5.07380377712e-07, 3.92053067344e-07, 2.77733448684e-07, 1.9199842427e-07, 1.24673320556e-07, 8.78868533505e-08, 6.63004442458e-08, 4.74439083575e-08, 4.06588611668e-08, 3.48761659552e-08, 2.91984285639e-08, 2.5722366459e-08, 2.45824054446e-08, 2.21197584693e-08, 1.68631633102e-08, 5.28392885002e-09, 3.13116266248e-09, 2.28444263506e-09, 1.24717747241e-09, 5.00310792795e-10, 5.69358830915e-11, 5.71302944188e-12, 4.90960310601e-12, 4.79620813551e-12, 4.75831440222e-12, 4.7257532089e-12],
        "stdev": [0.000559344538487, 0.00443282024935, 0.0121920956299, 0.021067481488, 0.0138971721753, 0.00614891434088, 0.00476144300774, 0.00374913937412, 0.00242065708153, 0.00113784545101, 0.00072070438182, 0.000531943049282, 0.000508238153998, 0.000250780227361, 0.000190083927009, 0.000263694382738, 0.000419808697188, 0.000649853842333, 0.00070844264701, 0.000521743961144, 0.000297332473565, 0.000254818674875, 0.000229588680668, 0.000245715316851, 0.000268565869192, 0.000224673087359, 0.00019032106502, 0.000206713419175, 0.00027189150569, 0.000241443922278, 0.000226718344493, 0.000203530769795, 0.000266317627393, 0.000163428354426, 0.000134144880576, 0.000148187798914, 0.000130550179165, 0.000101560312032, 0.000124643614981, 0.000160738112754, 0.000122604644275, 0.000103298931208, 0.00014379248023, 0.000201005750569, 0.000135745518492, 0.000148378909216, 0.000172032217961, 0.000137189563247, 0.000115804330562, 0.00013763991592, 0.000123284044093, 7.90076010162e-05, 6.95161143085e-05, 6.31634393358e-05, 0.000106944171421, 9.17333090911e-05, 6.88293148414e-05, 6.87520296196e-05, 6.85704799253e-05, 5.99272025283e-05, 4.73307954962e-05, 5.02432085341e-05, 4.81117931486e-05, 4.11760775023e-05, 4.44251090812e-05, 3.0208933822e-05, 2.22260168812e-05, 2.32353904721e-05, 1.39869734994e-05, 1.62524866028e-05, 1.43076567838e-05, 1.21236162158e-05, 1.17224326459e-05, 1.05709450509e-05, 1.3530175238e-05, 1.47998262037e-05, 1.48403414642e-05, 1.11029885375e-05, 9.2072868938e-06, 7.98611199571e-06, 7.98330620455e-06, 8.82523272594e-06, 8.69045379659e-06, 1.12708557936e-05, 9.61094974627e-06, 7.11775419404e-06, 5.77031050852e-06, 5.9996868913e-06, 4.96105030834e-06, 4.79484515381e-06, 4.05313585361e-06, 5.50601316718e-06, 9.93394951365e-06, 5.2964378483e-06, 3.6499629914e-06, 3.76861407858e-06, 4.29598048868e-06, 4.67845757157e-06, 4.37551580035e-06, 3.94340986531e-06, 3.25347264152e-06, 2.30383352573e-06, 2.26904194278e-06, 1.744228598e-06, 1.17779916309e-06, 8.29126918234e-07, 5.19746151895e-07, 3.5222873862e-07, 2.93796603046e-07, 2.12607346839e-07, 1.89740575252e-07, 1.60349316047e-07, 1.30167222778e-07, 1.13646009936e-07, 1.13742814278e-07, 1.06239944841e-07, 8.46622540962e-08, 6.7579634333e-08, 7.12040062467e-08, 5.93143703043e-08, 3.59431062691e-08, 1.57156865299e-08, 2.69877920012e-09, 4.6222844996e-11, 1.16980375039e-11, 1.04395710826e-11, 1.0351121002e-11, 1.02921013725e-11]
    },
    "mfcc": {
        "mean": [-691.135498047, 100.348815918, 17.0568847656, 27.6537952423, 11.9358673096, 10.8115787506, -13.3054857254, 14.4497528076, 0.282681107521, 5.74699783325, -4.45525026321, -0.62045031786, -5.15266036987],
        "cov": [[9590.76757812, -104.142608643, -1437.09985352, 192.416168213, 0.72915828228, -127.11656189, -76.0914840698, -61.4038581848, -178.404663086, -420.777313232, 12.4634933472, -69.5029220581, -193.646606445], [-104.142608643, 1951.56652832, -342.295501709, 160.526794434, 323.396209717, 67.4704818726, 53.9342575073, 104.184371948, 27.3531227112, 41.9854812622, -27.0069999695, 36.2048530579, 30.5131969452], [-1437.09985352, -342.295501709, 1624.95324707, 220.202011108, -75.5768814087, 202.205978394, 57.6587905884, 69.3927154541, 100.292045593, 161.538391113, -21.2958316803, 43.1795730591, 47.7534370422], [192.416168213, 160.526794434, 220.202011108, 736.05670166, 460.481628418, 303.814208984, 225.020339966, 110.268348694, 72.356880188, 37.3271713257, -56.1586265564, 27.5200805664, 74.6988067627], [0.72915828228, 323.396209717, -75.5768814087, 460.481628418, 842.002380371, 387.685760498, 204.561416626, 131.929550171, 59.9303245544, 93.2076034546, -19.2811660767, 60.3212661743, 115.818206787], [-127.11656189, 67.4704818726, 202.205978394, 303.814208984, 387.685760498, 500.73046875, 239.65020752, 142.800888062, 42.5759925842, 89.6937332153, -50.3757705688, 90.613067627, 52.7519416809], [-76.0914840698, 53.9342575073, 57.6587905884, 225.020339966, 204.561416626, 239.65020752, 351.694610596, 138.397338867, 55.0781173706, 23.2878780365, 40.0341339111, 70.2027740479, 43.122089386], [-61.4038581848, 104.184371948, 69.3927154541, 110.268348694, 131.929550171, 142.800888062, 138.397338867, 264.608337402, 57.3076210022, 69.2384109497, 30.2554759979, 77.1424865723, 40.1991119385], [-178.404663086, 27.3531227112, 100.292045593, 72.356880188, 59.9303245544, 42.5759925842, 55.0781173706, 57.3076210022, 169.99772644, 65.7749481201, 30.0676803589, 18.7042694092, 36.4734268188], [-420.777313232, 41.9854812622, 161.538391113, 37.3271713257, 93.2076034546, 89.6937332153, 23.2878780365, 69.2384109497, 65.7749481201, 213.959396362, 30.5118675232, 27.2694263458, 24.6684551239], [12.4634933472, -27.0069999695, -21.2958316803, -56.1586265564, -19.2811660767, -50.3757705688, 40.0341339111, 30.2554759979, 30.0676803589, 30.5118675232, 192.404678345, 49.2590522766, 9.96205997467], [-69.5029220581, 36.2048530579, 43.1795730591, 27.5200805664, 60.3212661743, 90.613067627, 70.2027740479, 77.1424865723, 18.7042694092, 27.2694263458, 49.2590522766, 132.26713562, 37.5465698242], [-193.646606445, 30.5131969452, 47.7534370422, 74.6988067627, 115.818206787, 52.7519416809, 43.122089386, 40.1991119385, 36.4734268188, 24.6684551239, 9.96205997467, 37.5465698242, 120.721595764]],
        "icov": [[0.000139955474879, 2.91628639388e-05, 0.000130981716211, -0.00014400020882, 4.25545076723e-05, -7.53710046411e-05, 0.000124859638163, -7.37306618248e-05, 1.21411949294e-05, 0.000208593832213, -0.000108065927634, 3.90785862692e-06, 0.00018788901798], [2.91628639388e-05, 0.000593401200604, 0.000151007159729, -8.92621537787e-05, -0.000219382854993, 0.000185747703654, 3.76379757654e-05, -0.00019390421221, -4.13164307247e-05, -8.66689661052e-05, 0.00018491508672, -0.000199573609279, 0.00014972651843], [0.000130981716211, 0.000151007159729, 0.000975433620624, -0.000543022062629, 0.00058210833231, -0.000556693819817, 0.000342662475305, -4.55030494777e-05, -0.000202836672543, -0.0003602784127, -8.21277426439e-05, -4.25564358011e-05, -0.000145444486407], [-0.00014400020882, -8.92621537787e-05, -0.000543022062629, 0.00279741478153, -0.0012598753674, -1.96743985725e-05, -0.00107328093145, 3.91219919038e-06, -0.000471101113362, 0.000334341282723, 0.000752835883759, 0.000492381979711, -0.000266453571385], [4.25545076723e-05, -0.000219382854993, 0.00058210833231, -0.0012598753674, 0.00297612068243, -0.00189276156016, 0.000472593383165, -5.42899988432e-06, 0.000124350175611, -0.000486172357341, -0.000651358102914, 0.000626046035904, -0.00160132360179], [-7.53710046411e-05, 0.000185747703654, -0.000556693819817, -1.96743985725e-05, -0.00189276156016, 0.00575460260734, -0.00257527967915, -0.000225213676458, 0.00046355946688, -0.00130481505767, 0.00258314958774, -0.00254675606266, 0.00106620392762], [0.000124859638163, 3.76379757654e-05, 0.000342662475305, -0.00107328093145, 0.000472593383165, -0.00257527967915, 0.00580710545182, -0.00151111627929, -0.000682775571477, 0.00139482808299, -0.00201147934422, 0.000108587133582, -0.000126380837173], [-7.37306618248e-05, -0.00019390421221, -4.55030494777e-05, 3.91219919038e-06, -5.42899988432e-06, -0.000225213676458, -0.00151111627929, 0.00586128886789, -0.000721840537153, -0.00121538667008, 0.000153667628183, -0.00205991975963, -0.000267602968961], [1.21411949294e-05, -4.13164307247e-05, -0.000202836672543, -0.000471101113362, 0.000124350175611, 0.00046355946688, -0.000682775571477, -0.000721840537153, 0.00761476438493, -0.00181035592686, -0.000754226057325, 0.000590783078223, -0.00148816022556], [0.000208593832213, -8.66689661052e-05, -0.0003602784127, 0.000334341282723, -0.000486172357341, -0.00130481505767, 0.00139482808299, -0.00121538667008, -0.00181035592686, 0.00697239907458, -0.00143173581455, 0.000528955308255, 0.000311050651362], [-0.000108065927634, 0.00018491508672, -8.21277426439e-05, 0.000752835883759, -0.000651358102914, 0.00258314958774, -0.00201147934422, 0.000153667628183, -0.000754226057325, -0.00143173581455, 0.00761027215049, -0.00328458752483, 0.000424040015787], [3.90785862692e-06, -0.000199573609279, -4.25564358011e-05, 0.000492381979711, 0.000626046035904, -0.00254675606266, 0.000108587133582, -0.00205991975963, 0.000590783078223, 0.000528955308255, -0.00328458752483, 0.011958964169, -0.00280672009103], [0.00018788901798, 0.00014972651843, -0.000145444486407, -0.000266453571385, -0.00160132360179, 0.00106620392762, -0.000126380837173, -0.000267602968961, -0.00148816022556, 0.000311050651362, 0.000424040015787, -0.00280672009103, 0.0111981090158]]
    },
    "spectral_contrast_coeffs": {
        "mean": [-0.695828378201, -0.74174040556, -0.762601673603, -0.78096473217, -0.778282880783, -0.749611198902],
        "stdev": [0.0881914868951, 0.078983284533, 0.0727661773562, 0.0690039992332, 0.0653924942017, 0.0457092113793]
    },
    "spectral_contrast_valleys": {
        "mean": [-7.26793384552, -7.62173175812, -8.34446525574, -8.325340271, -8.23860549927, -10.4780626297],
        "stdev": [1.51452684402, 1.29524683952, 1.294039011, 1.3626139164, 1.32743883133, 1.33724987507]
    }
},
"rhythm": {
    "beats_count": 319,
    "beats_loudness": {
        "mean": 0.085958391428,
        "stdev": 0.063343539834
    },
    "bpm": 85.8229675293,
    "bpm_histogram_first_peak_bpm": 86,
    "bpm_histogram_first_peak_weight": 0.116129040718,
    "bpm_histogram_second_peak_bpm": 80,
    "bpm_histogram_second_peak_spread": 0,
    "bpm_histogram_second_peak_weight": 0.0157232694328,
    "danceability": 1.53778457642,
    "onset_rate": 5.33803462982,
    "beats_loudness_band_ratio": {
        "mean": [0.632615983486, 0.0990935862064, 0.0403782092035, 0.0843437463045, 0.0961763039231, 0.0784339532256],
        "stdev": [0.324720352888, 0.101108334959, 0.0800528302789, 0.0993256047368, 0.0931694880128, 0.103948101401]
    },
    "beats_position": [0.696598649025, 1.42802715302, 2.17106580734, 2.92571425438, 3.66875267029, 4.40018129349, 5.15482997894, 5.87464857101, 6.57124710083, 7.26784563065, 7.96444416046, 8.67265319824, 9.36925125122, 10.077460289, 10.774058342, 11.4706573486, 12.1788663864, 12.8870744705, 13.5836734772, 14.2802715302, 14.9768705368, 15.6734695435, 16.3700675964, 17.0782756805, 17.7748756409, 18.483083725, 19.179681778, 19.8762817383, 20.5728797913, 21.2694778442, 21.9660758972, 22.6858959198, 23.405714035, 24.0907020569, 24.7756919861, 25.4839000702, 26.2037181854, 26.9003162384, 27.5620861053, 28.2586841583, 28.9552822113, 29.6518821716, 30.3484802246, 31.0566883087, 31.753288269, 32.4614944458, 33.1580963135, 33.8546943665, 34.5512924194, 35.2594985962, 35.9561004639, 36.6643066406, 37.3609046936, 38.0575065613, 38.7541046143, 39.4507026672, 40.1473007202, 40.8438987732, 41.5404968262, 42.2370948792, 42.9336967468, 43.6419029236, 44.3385009766, 45.046710968, 45.743309021, 46.439907074, 47.1248970032, 47.8331069946, 48.5297050476, 49.2263031006, 49.9229011536, 50.6427192688, 51.3393173218, 52.0359191895, 52.7325172424, 53.4291152954, 54.1373214722, 54.8339233398, 55.5305213928, 56.2387275696, 56.9353294373, 57.6319274902, 58.3285255432, 59.0251235962, 59.7217216492, 60.4183197021, 61.1149177551, 61.8115196228, 62.5081176758, 63.2047157288, 63.9013137817, 64.6095199585, 65.3061218262, 66.0143280029, 66.7109298706, 67.4075241089, 68.1041259766, 68.8007278442, 69.4973220825, 70.2171401978, 70.9137420654, 71.6103363037, 72.3069381714, 73.0035324097, 73.7001342773, 74.396736145, 75.0933303833, 75.789932251, 76.4865264893, 77.1947402954, 77.8913345337, 78.5995483398, 79.2961425781, 79.9927444458, 80.6893386841, 81.3859405518, 82.08253479, 82.8023605347, 83.5221786499, 84.2536010742, 84.9153747559, 85.5887527466, 86.2621307373, 86.9238967896, 87.6785507202, 88.3751449585, 89.0717468262, 89.7915649414, 90.4881591797, 91.1847610474, 91.8813552856, 92.5779571533, 93.274559021, 93.9711532593, 94.667755127, 95.3759613037, 96.0841674805, 96.7807693481, 97.4773712158, 98.1739654541, 98.8705673218, 99.5671615601, 100.263763428, 100.960357666, 101.656959534, 102.36516571, 103.05015564, 103.746757507, 104.420135498, 105.105125427, 105.790107727, 106.463493347, 107.160087585, 107.879905701, 108.576507568, 109.273101807, 109.969703674, 110.666305542, 111.351287842, 112.059501648, 112.767707825, 113.48752594, 114.218955994, 114.92716217, 115.635368347, 116.343582153, 117.040176392, 117.748390198, 118.444984436, 119.141586304, 119.838180542, 120.53478241, 121.231384277, 121.939590454, 122.636184692, 123.344398499, 124.040992737, 124.737594604, 125.434196472, 126.13079071, 126.838996887, 127.535598755, 128.220581055, 128.92880249, 129.625396729, 130.333602905, 131.030197144, 131.726806641, 132.423400879, 133.119995117, 133.816589355, 134.536407471, 135.233016968, 135.929611206, 136.626205444, 137.322814941, 138.007797241, 138.716003418, 139.412597656, 140.109207153, 140.805801392, 141.50239563, 142.199005127, 142.907211304, 143.603805542, 144.312011719, 145.008621216, 145.705215454, 146.401809692, 147.098403931, 147.795013428, 148.503219604, 149.199813843, 149.90802002, 150.604629517, 151.301223755, 151.997817993, 152.694412231, 153.391021729, 154.087615967, 154.784210205, 155.492416382, 156.189025879, 156.897232056, 157.593826294, 158.290420532, 158.987030029, 159.683624268, 160.380218506, 161.076828003, 161.773422241, 162.493240356, 163.189834595, 163.886444092, 164.58303833, 165.279632568, 165.976226807, 166.672836304, 167.369430542, 168.077636719, 168.774230957, 169.482452393, 170.179046631, 170.887252808, 171.607070923, 172.303665161, 173.000274658, 173.696868896, 174.393463135, 175.090057373, 175.775054932, 176.47164917, 177.168243408, 177.864852905, 178.561447144, 179.281265259, 179.977859497, 180.686080933, 181.371063232, 182.067657471, 182.764266968, 183.460861206, 184.157455444, 184.854049683, 185.55065918, 186.247253418, 186.943847656, 187.652053833, 188.34866333, 189.056869507, 189.753463745, 190.461669922, 191.158279419, 191.866485596, 192.563079834, 193.259674072, 193.944671631, 194.652877808, 195.349472046, 196.046066284, 196.742675781, 197.43927002, 198.135864258, 198.832473755, 199.529067993, 200.23727417, 200.933868408, 201.642089844, 202.338684082, 203.03527832, 203.731872559, 204.428482056, 205.125076294, 205.821670532, 206.518280029, 207.238098145, 207.934692383, 208.631286621, 209.327880859, 210.024490356, 210.721084595, 211.417678833, 212.11428833, 212.822494507, 213.519088745, 214.227294922, 214.92388916, 215.620498657, 216.317092896, 217.013687134, 217.710296631, 218.418502808, 219.115097046, 219.823303223, 220.51991272, 221.216506958, 221.913101196, 222.609695435, 223.306304932],
    "bpm_histogram": [0, 0, 0, 0, 0, 0, 0, 0, 0, 0, 0, 0, 0, 0, 0, 0, 0, 0, 0, 0, 0, 0, 0, 0, 0, 0, 0, 0, 0, 0, 0, 0, 0, 0, 0, 0, 0, 0, 0, 0, 0, 0, 0, 0, 0, 0, 0, 0, 0, 0, 0, 0, 0, 0, 0, 0, 0, 0, 0, 0, 0, 0, 0, 0, 0, 0, 0, 0, 0, 0, 0, 0, 0, 0, 0, 0, 0, 0, 0, 0, 0.00943396240473, 0.00628930795938, 0.0125786159188, 0.050314463675, 0, 0.176100626588, 0.685534596443, 0, 0.0377358496189, 0.0125786159188, 0, 0.00943396240473, 0, 0, 0, 0, 0, 0, 0, 0, 0, 0, 0, 0, 0, 0, 0, 0, 0, 0, 0, 0, 0, 0, 0, 0, 0, 0, 0, 0, 0, 0, 0, 0, 0, 0, 0, 0, 0, 0, 0, 0, 0, 0, 0, 0, 0, 0, 0, 0, 0, 0, 0, 0, 0, 0, 0, 0, 0, 0, 0, 0, 0, 0, 0, 0, 0, 0, 0, 0, 0, 0, 0, 0, 0, 0, 0, 0, 0, 0, 0, 0, 0, 0, 0, 0, 0, 0, 0, 0, 0, 0, 0, 0, 0, 0, 0, 0, 0, 0, 0, 0, 0, 0, 0, 0, 0, 0, 0, 0, 0, 0, 0, 0, 0, 0, 0, 0, 0, 0, 0, 0, 0, 0, 0, 0, 0, 0, 0, 0, 0, 0, 0, 0, 0, 0, 0, 0, 0, 0, 0, 0, 0, 0, 0, 0, 0, 0, 0, 0, 0, 0, 0, 0, 0, 0, 0, 0, 0, 0]
},
"tonal": {
    "chords_changes_rate": 0.0834371075034,
    "chords_number_rate": 0.00228310492821,
    "chords_strength": {
        "mean": 0.505968093872,
        "stdev": 0.103193551302
    },
    "hpcp_crest": {
        "mean": 12.8052053452,
        "stdev": 5.54735565186
    },
    "hpcp_entropy": {
        "mean": 2.10263609886,
        "stdev": 0.716627657413
    },
    "key_edma": {
        "strength": 0.427271962166,
        "key": "G#",
        "scale": "major"
    },
    "key_krumhansl": {
        "strength": 0.423352301121,
        "key": "G#",
        "scale": "major"
    },
    "key_temperley": {
        "strength": 0.44083121419,
        "key": "G#",
        "scale": "minor"
    },
    "tuning_diatonic_strength": 0.350555539131,
    "tuning_equal_tempered_deviation": 0.133366897702,
    "tuning_frequency": 453.154663086,
    "tuning_nontempered_energy_ratio": 0.822995126247,
    "hpcp": {
        "mean": [0.0754991620779, 0.0643471702933, 0.0886207818985, 0.0863859578967, 0.0656056031585, 0.0675849542022, 0.0638746544719, 0.0645454451442, 0.0996134504676, 0.101494289935, 0.0729709044099, 0.138812959194, 0.175867944956, 0.106349222362, 0.0783538594842, 0.0827574580908, 0.113266780972, 0.201492980123, 0.216401219368, 0.1437908113, 0.15605071187, 0.208016768098, 0.157082483172, 0.097317032516, 0.0927081555128, 0.084220468998, 0.0705525353551, 0.069733120501, 0.0917275324464, 0.168569937348, 0.202228203416, 0.147817462683, 0.120442211628, 0.10757817328, 0.0878606364131, 0.0879122018814],
        "stdev": [0.181491166353, 0.165916755795, 0.188380494714, 0.174123838544, 0.153774768114, 0.151641458273, 0.124098837376, 0.141487568617, 0.214342132211, 0.22293703258, 0.160303756595, 0.253076583147, 0.32212716341, 0.195862516761, 0.169388607144, 0.183269158006, 0.197652906179, 0.323150068521, 0.327025294304, 0.242789924145, 0.248455107212, 0.334341526031, 0.256508350372, 0.21305796504, 0.216232597828, 0.222060337663, 0.18257433176, 0.176223829389, 0.201294437051, 0.282472193241, 0.329854667187, 0.258352041245, 0.226292818785, 0.203022673726, 0.183889731765, 0.207302987576]
    },
    "chords_histogram": [0.518887519836, 0.975508511066, 1.10004150867, 0, 0, 0, 0.14528849721, 3.81901192665, 34.9315071106, 3.71523451805, 2.76048159599, 0, 0, 0, 0, 1.18306350708, 40.0581169128, 3.36239099503, 2.49065995216, 2.69821500778, 0.166043996811, 0.124532997608, 0.394354492426, 1.55666255951],
    "thpcp": [1, 0.664463937283, 0.72111749649, 0.961255073547, 0.725885391235, 0.449706494808, 0.428408652544, 0.389186680317, 0.326026529074, 0.3222399652, 0.42387714982, 0.778969466686, 0.934505820274, 0.683071315289, 0.556568980217, 0.497123688459, 0.406008034945, 0.406246334314, 0.348885118961, 0.297351241112, 0.409520715475, 0.399193495512, 0.303166508675, 0.312313199043, 0.295167714357, 0.298267483711, 0.46031832695, 0.469009786844, 0.337201923132, 0.641461074352, 0.812693893909, 0.491444647312, 0.362076789141, 0.382426023483, 0.523411035538, 0.931108355522],
    "chords_key": "E",
    "chords_scale": "minor"
}
}