{
"metadata": {
    "version": {
        "essentia": "2.1-dev",
        "essentia_git_sha": "v2.1_beta3-415-gd5473f3",
        "extractor": "music 2.0"
    },
    "audio_properties": {
        "analysis": {
            "equal_loudness": 0,
            "length": 261.825317383,
            "sample_rate": 44100,
            "start_time": 0,
            "downmix": "mix"
        },
        "bit_rate": 192000,
        "length": 261.825317383,
        "lossless": 0,
        "number_channels": 2,
        "replay_gain": -10.19647789,
        "sample_rate": 44100,
        "codec": "mp3",
        "md5_encoded": "73ffb8635d71af099edd7e583fc14dc8"
    },
    "tags": {
        "file_name": "keyo-di_quuien_mueve_con_jefe_de_la_m.mp3",
        "album": ["Di quién mueve"],
        "artist": ["Keyo"],
        "genre": ["Other"],
        "title": ["Di quuién mueve - con Jefe de la M"]
    }
},
"lowlevel": {
    "average_loudness": 0.912826478481,
    "barkbands_crest": {
        "mean": 14.6125869751,
        "stdev": 6.20062112808
    },
    "barkbands_flatness_db": {
        "mean": 0.217720121145,
        "stdev": 0.0976354852319
    },
    "barkbands_kurtosis": {
        "mean": 29.4103450775,
        "stdev": 84.3795623779
    },
    "barkbands_skewness": {
        "mean": 2.88994860649,
        "stdev": 3.59341859818
    },
    "barkbands_spread": {
        "mean": 15.0427761078,
        "stdev": 14.4883184433
    },
    "dissonance": {
        "mean": 0.43984234333,
        "stdev": 0.0501338690519
    },
    "dynamic_complexity": 4.19641017914,
    "erbbands_crest": {
        "mean": 11.3057394028,
        "stdev": 4.99064445496
    },
    "erbbands_flatness_db": {
        "mean": 0.194786161184,
        "stdev": 0.0589195638895
    },
    "erbbands_kurtosis": {
        "mean": 1.81279110909,
        "stdev": 10.0795488358
    },
    "erbbands_skewness": {
        "mean": 0.556203842163,
        "stdev": 1.18115115166
    },
    "erbbands_spread": {
        "mean": 35.4629592896,
        "stdev": 23.6958503723
    },
    "hfc": {
        "mean": 17.52368927,
        "stdev": 19.4807376862
    },
    "loudness_ebu128": {
        "integrated": -12.3112640381,
        "loudness_range": 2.41045761108,
        "momentary": {
            "mean": -16.0725440979,
            "stdev": 24.875246048
        },
        "short_term": {
            "mean": -13.5446548462,
            "stdev": 6.12552928925
        }
    },
    "melbands_crest": {
        "mean": 18.0818080902,
        "stdev": 6.72020339966
    },
    "melbands_flatness_db": {
        "mean": 0.282003343105,
        "stdev": 0.123762413859
    },
    "melbands_kurtosis": {
        "mean": 47.5309486389,
        "stdev": 115.982200623
    },
    "melbands_skewness": {
        "mean": 3.75248336792,
        "stdev": 3.69510531425
    },
    "melbands_spread": {
        "mean": 17.7993030548,
        "stdev": 23.1250801086
    },
    "pitch_salience": {
        "mean": 0.441975414753,
        "stdev": 0.189664945006
    },
    "silence_rate_20dB": {
        "mean": 0.994768083096,
        "stdev": 0.0721389055252
    },
    "silence_rate_30dB": {
        "mean": 0.829741954803,
        "stdev": 0.375836580992
    },
    "silence_rate_60dB": {
        "mean": 0.126008689404,
        "stdev": 0.331852793694
    },
    "spectral_centroid": {
        "mean": 1154.25488281,
        "stdev": 1128.40527344
    },
    "spectral_complexity": {
        "mean": 11.8502264023,
        "stdev": 8.10690021515
    },
    "spectral_decrease": {
        "mean": -1.34608013624e-08,
        "stdev": 1.90977935688e-08
    },
    "spectral_energy": {
        "mean": 0.0523936413229,
        "stdev": 0.0728123262525
    },
    "spectral_energyband_high": {
        "mean": 0.00035656162072,
        "stdev": 0.00105510849971
    },
    "spectral_energyband_low": {
        "mean": 0.0364982187748,
        "stdev": 0.0702930018306
    },
    "spectral_energyband_middle_high": {
        "mean": 0.00444579543546,
        "stdev": 0.00738444505259
    },
    "spectral_energyband_middle_low": {
        "mean": 0.011830416508,
        "stdev": 0.0154737178236
    },
    "spectral_entropy": {
        "mean": 7.19517946243,
        "stdev": 0.662492513657
    },
    "spectral_flux": {
        "mean": 0.124913990498,
        "stdev": 0.106825947762
    },
    "spectral_kurtosis": {
        "mean": 7.80554533005,
        "stdev": 7.36904191971
    },
    "spectral_rms": {
        "mean": 0.00575431017205,
        "stdev": 0.00424309493974
    },
    "spectral_rolloff": {
        "mean": 1315.6315918,
        "stdev": 2294.73535156
    },
    "spectral_skewness": {
        "mean": 1.93505203724,
        "stdev": 0.823665261269
    },
    "spectral_spread": {
        "mean": 4247194,
        "stdev": 3779897.25
    },
    "spectral_strongpeak": {
        "mean": 0.979297876358,
        "stdev": 1.0302772522
    },
    "zerocrossingrate": {
        "mean": 0.0487291440368,
        "stdev": 0.0613274760544
    },
    "barkbands": {
        "mean": [0.00110035191756, 0.0299889910966, 0.0047566043213, 0.00120596936904, 0.00224193115719, 0.000660535879433, 0.00403977371752, 0.0015145172365, 0.00199033529498, 0.000804373354185, 0.000590703974012, 0.000702245801222, 0.000729971099645, 0.000490911130328, 0.000412509398302, 0.000189590195077, 0.000212509912672, 0.000201718357857, 0.000149345461978, 9.10505550564e-05, 5.07177173859e-05, 4.61123199784e-05, 5.59101754334e-05, 4.79862064822e-05, 2.50940738624e-05, 8.4542298282e-05, 9.28343251871e-06],
        "stdev": [0.00285509740934, 0.0583174563944, 0.0210079792887, 0.00482653826475, 0.00407931488007, 0.0024181897752, 0.00834425538778, 0.00554948719218, 0.00491173379123, 0.0030904004816, 0.00228890613653, 0.0021059922874, 0.00254193064757, 0.00131102930754, 0.000867974304128, 0.000425986741902, 0.000340102385962, 0.000306889618514, 0.000290963071166, 0.000198711291887, 0.000160225361469, 0.000194509528228, 0.000220686939429, 0.000157231712365, 8.91792078619e-05, 0.000395247450797, 4.33045897807e-05]
    },
    "erbbands": {
        "mean": [0.775619924068, 6.84227991104, 8.04183197021, 4.53265237808, 5.79602193832, 8.16230869293, 4.59306335449, 7.12994098663, 37.7998428345, 66.1728820801, 29.6299934387, 47.1616401672, 28.3543300629, 32.9385910034, 19.4636974335, 30.8884391785, 32.209815979, 29.0824279785, 26.3191223145, 14.9393043518, 10.958398819, 11.1537895203, 11.6716251373, 7.60559749603, 7.77158546448, 4.19735956192, 2.28797316551, 1.81230115891, 1.67243170738, 1.57789754868, 1.62328672409, 1.25883758068, 0.65573233366, 0.307366043329, 0.174629449844, 0.155917167664, 0.194240510464, 0.0499279797077, 0.00105344690382, 8.42893859954e-05],
        "stdev": [1.79694712162, 13.5629472733, 25.7142391205, 19.8229293823, 14.9965772629, 13.3901023865, 12.3023223877, 24.6025886536, 75.1056518555, 177.067276001, 96.6171722412, 114.808364868, 87.0487213135, 114.247207642, 64.468536377, 94.2452926636, 102.97808075, 79.9379348755, 51.8921432495, 32.8920326233, 21.9436836243, 18.7532711029, 16.7245979309, 13.8822135925, 14.6945667267, 8.49750614166, 6.98368453979, 6.11688423157, 6.71396970749, 7.50901794434, 5.69922828674, 4.11308908463, 2.20700478554, 1.03879570961, 0.686882853508, 0.690212547779, 0.918226480484, 0.241290017962, 0.00497782975435, 0.000149124010932]
    },
    "gfcc": {
        "mean": [-75.876663208, 106.754142761, -116.592269897, 25.591375351, -47.4183311462, 9.18210697174, -36.6525344849, 12.4277524948, -13.7642822266, 1.03018391132, -6.87451505661, -5.8520822525, -15.5311737061],
        "cov": [[25306.9511719, 509.473358154, -2222.828125, -497.22454834, -1275.93115234, 60.1860961914, -526.904418945, 495.541015625, -233.284194946, 182.639846802, -141.724563599, 27.8020343781, -411.899383545], [509.473358154, 1994.95251465, -34.3494644165, 108.172523499, 509.916015625, 77.4684448242, 399.565856934, 135.976425171, 335.354644775, -90.777130127, 304.889465332, -138.939743042, 129.962020874], [-2222.828125, -34.3494644165, 1909.22265625, 683.956420898, 496.538269043, 260.089569092, 313.292327881, 22.5608959198, 223.881225586, 84.6440353394, 54.2995071411, 134.886535645, 77.1044845581], [-497.22454834, 108.172523499, 683.956420898, 1106.50915527, 430.588104248, 217.380386353, 291.831329346, -36.5432472229, 265.016082764, 121.889984131, 47.9770584106, 15.5782165527, 169.110946655], [-1275.93115234, 509.916015625, 496.538269043, 430.588104248, 803.905090332, 201.236785889, 335.973358154, 106.420303345, 236.252593994, 85.5208358765, 124.964363098, -5.25858879089, 134.698471069], [60.1860961914, 77.4684448242, 260.089569092, 217.380386353, 201.236785889, 389.942901611, 296.353607178, 110.126594543, 80.4758911133, 49.7464065552, 64.2010345459, 12.916343689, 36.403011322], [-526.904418945, 399.565856934, 313.292327881, 291.831329346, 335.973358154, 296.353607178, 644.468688965, 136.066040039, 158.163314819, 35.2981185913, 129.520706177, 14.2667655945, 93.4646835327], [495.541015625, 135.976425171, 22.5608959198, -36.5432472229, 106.420303345, 110.126594543, 136.066040039, 266.939422607, 106.455322266, 53.5784225464, 82.8290786743, -3.80182123184, 5.53927516937], [-233.284194946, 335.354644775, 223.881225586, 265.016082764, 236.252593994, 80.4758911133, 158.163314819, 106.455322266, 333.14465332, 98.6064682007, 120.67137146, -27.1470165253, 74.0586090088], [182.639846802, -90.777130127, 84.6440353394, 121.889984131, 85.5208358765, 49.7464065552, 35.2981185913, 53.5784225464, 98.6064682007, 176.28767395, 33.5479278564, 17.7184963226, 8.34400939941], [-141.724563599, 304.889465332, 54.2995071411, 47.9770584106, 124.964363098, 64.2010345459, 129.520706177, 82.8290786743, 120.67137146, 33.5479278564, 184.638442993, 14.2192001343, 21.5812168121], [27.8020343781, -138.939743042, 134.886535645, 15.5782165527, -5.25858879089, 12.916343689, 14.2667655945, -3.80182123184, -27.1470165253, 17.7184963226, 14.2192001343, 137.507019043, -4.09444475174], [-411.899383545, 129.962020874, 77.1044845581, 169.110946655, 134.698471069, 36.403011322, 93.4646835327, 5.53927516937, 74.0586090088, 8.34400939941, 21.5812168121, -4.09444475174, 119.074295044]],
        "icov": [[6.52104790788e-05, -0.000114598784421, 7.63729185564e-05, -0.000102575279016, 0.00013354443945, -9.0286404884e-05, 7.56413355703e-05, -0.000199756948859, 5.79167099204e-05, -0.000148494553287, 0.000199711153982, -0.000176022396772, 0.000205466843909], [-0.000114598784421, 0.00130087556317, -9.81323591986e-06, 0.000340619211784, -0.000725437537767, 0.000438282964751, -0.000485920230858, 0.00052626238903, -0.000795311061665, 0.0013915351592, -0.00163731048815, 0.00112227024511, -0.000517598935403], [7.63729185564e-05, -9.81323591986e-06, 0.000943835999351, -0.000453366345027, -0.000234703169554, -0.000292739452561, 5.40449036635e-06, -0.000110631073767, -0.000429562292993, 0.000225227471674, 0.0004466282262, -0.00102116703056, 0.000798833789304], [-0.000102575279016, 0.000340619211784, -0.000453366345027, 0.00205975212157, -0.000506173237227, -0.000356710690539, -0.000343367864843, 0.00139855011366, -0.00104989344254, -0.000299303297652, -4.96363645652e-05, 0.000448334700195, -0.00177383760456], [0.00013354443945, -0.000725437537767, -0.000234703169554, -0.000506173237227, 0.00271662930027, -0.000431031483458, -0.000102273923403, -0.000747131474782, 0.000202204144443, -0.00112689693924, 0.00040558015462, -0.000219604407903, -0.000829560274724], [-9.0286404884e-05, 0.000438282964751, -0.000292739452561, -0.000356710690539, -0.000431031483458, 0.00472470466048, -0.00184231076855, -0.000915120646823, 0.000585890142247, -4.26559709013e-05, -0.000718173570931, 0.000696512463037, 0.000230013174587], [7.56413355703e-05, -0.000485920230858, 5.40449036635e-06, -0.000343367864843, -0.000102273923403, -0.00184231076855, 0.00324912928045, -0.000806582742371, 0.000220890971832, 9.70885739662e-05, -0.000295358273434, -0.00062124611577, -0.000669743807521], [-0.000199756948859, 0.00052626238903, -0.000110631073767, 0.00139855011366, -0.000747131474782, -0.000915120646823, -0.000806582742371, 0.00645542703569, -0.00184398889542, -0.000333566655172, -0.00161865609698, 0.00068108132109, -0.000235205137869], [5.79167099204e-05, -0.000795311061665, -0.000429562292993, -0.00104989344254, 0.000202204144443, 0.000585890142247, 0.000220890971832, -0.00184398889542, 0.00729622738436, -0.00306051014923, -0.00206617196091, 0.00160606915597, -0.00155159609858], [-0.000148494553287, 0.0013915351592, 0.000225227471674, -0.000299303297652, -0.00112689693924, -4.26559709013e-05, 9.70885739662e-05, -0.000333566655172, -0.00306051014923, 0.00924057234079, -0.00129693874624, -0.000441871728981, 0.000949737674091], [0.000199711153982, -0.00163731048815, 0.0004466282262, -4.96363645652e-05, 0.00040558015462, -0.000718173570931, -0.000295358273434, -0.00161865609698, -0.00206617196091, -0.00129693874624, 0.0107153281569, -0.0033582188189, 0.00164544442669], [-0.000176022396772, 0.00112227024511, -0.00102116703056, 0.000448334700195, -0.000219604407903, 0.000696512463037, -0.00062124611577, 0.00068108132109, 0.00160606915597, -0.000441871728981, -0.0033582188189, 0.0100839491934, -0.00133038219064], [0.000205466843909, -0.000517598935403, 0.000798833789304, -0.00177383760456, -0.000829560274724, 0.000230013174587, -0.000669743807521, -0.000235205137869, -0.00155159609858, 0.000949737674091, 0.00164544442669, -0.00133038219064, 0.0136349806562]]
    },
    "melbands": {
        "mean": [0.00790285784751, 0.00621827179566, 0.000812894490082, 0.000544494774658, 0.000196405075258, 0.000150417763507, 0.000666410720441, 0.000650751811918, 0.000224918578169, 0.000303530541714, 0.000135688664159, 0.000133486595587, 7.00498421793e-05, 7.52651103539e-05, 6.53812239761e-05, 7.99957924755e-05, 4.99223715451e-05, 4.37401140516e-05, 2.71362841886e-05, 1.49253646669e-05, 1.26650966195e-05, 1.1924113096e-05, 9.87389557849e-06, 1.08745289253e-05, 5.29823046236e-06, 6.22788274995e-06, 4.46969806944e-06, 2.40127678808e-06, 1.38104314829e-06, 1.36613834911e-06, 9.21130890674e-07, 9.3974858828e-07, 8.8594066483e-07, 8.77322463566e-07, 9.14964857657e-07, 9.3248434041e-07, 6.98115911746e-07, 4.76793843518e-07, 3.37254107308e-07, 2.31005472529e-07],
        "stdev": [0.0159720778465, 0.0143221085891, 0.00326264696196, 0.00101543741766, 0.000434923073044, 0.000526427407749, 0.00129772035871, 0.00177563540637, 0.000761198927648, 0.000767536635976, 0.000446827732958, 0.000482889765408, 0.000252950179856, 0.000227222204558, 0.000203914794838, 0.00030004765722, 0.000140692820423, 9.72434863797e-05, 6.76711060805e-05, 3.31189075951e-05, 2.69135343842e-05, 2.12611903407e-05, 1.67459038494e-05, 1.61243242474e-05, 1.15341308629e-05, 1.24077387227e-05, 9.16083808988e-06, 5.57963676329e-06, 4.76040531794e-06, 4.90918546348e-06, 3.43668739333e-06, 4.36953905592e-06, 4.12198778577e-06, 5.0301327974e-06, 3.54736857844e-06, 3.15511601912e-06, 2.28225894716e-06, 1.63163497291e-06, 1.18503737667e-06, 8.00262853318e-07]
    },
    "melbands128": {
        "mean": [0.00102143792901, 0.00516888964921, 0.0117428712547, 0.0114758759737, 0.00563485501334, 0.0019343351014, 0.000880898733158, 0.000528916483745, 0.000555766222533, 0.000665369792841, 0.000528977659997, 0.000242684531258, 0.000135194975883, 0.000109782122308, 0.000137603288749, 0.000152973356307, 0.000253085105214, 0.000804515380878, 0.00105129741132, 0.000850408046972, 0.0004172832123, 0.000221985188546, 0.000192346415133, 0.00022167377756, 0.000328027206706, 0.000363158149412, 0.000189815051272, 9.02469910216e-05, 9.71312329057e-05, 0.000143983401358, 0.000148715276737, 0.000115302274935, 5.74016885366e-05, 4.32426095358e-05, 5.34028222319e-05, 9.16874269024e-05, 0.00010329176439, 5.66040580452e-05, 4.43532007921e-05, 7.51230400056e-05, 0.000105311759398, 6.63904065732e-05, 4.12963418057e-05, 4.83076219098e-05, 4.44959332526e-05, 4.42050513811e-05, 4.27438280894e-05, 2.85566929961e-05, 2.07270422834e-05, 1.6487623725e-05, 1.5426074242e-05, 1.16799419629e-05, 1.04877726699e-05, 1.48321123561e-05, 1.4325903976e-05, 1.02971107481e-05, 1.1366912986e-05, 1.03059392131e-05, 8.96351775737e-06, 9.55132054514e-06, 1.57085560204e-05, 6.90574006512e-06, 4.82508039568e-06, 5.00702662976e-06, 5.78343724555e-06, 6.67772883389e-06, 6.48386094326e-06, 4.9357718126e-06, 4.60353385279e-06, 2.74293097391e-06, 2.69901602223e-06, 1.96640394279e-06, 1.5244096403e-06, 1.34230890581e-06, 1.05838410036e-06, 1.57453848715e-06, 1.49989762122e-06, 8.59530473463e-07, 9.17243141885e-07, 8.51005097502e-07, 8.85148153884e-07, 1.03623904124e-06, 9.40302868457e-07, 8.64261210154e-07, 8.34132777072e-07, 8.82695701421e-07, 8.91203853826e-07, 8.56059045873e-07, 8.89632985945e-07, 9.54142024057e-07, 1.06081381546e-06, 8.29011526093e-07, 9.22460742458e-07, 7.40307655178e-07, 5.56326597234e-07, 4.43999539357e-07, 5.27912675352e-07, 4.14225439727e-07, 3.42229725447e-07, 2.94476905083e-07, 2.53219752722e-07, 2.08100132681e-07, 2.15166934936e-07, 2.15815049387e-07, 1.8465502194e-07, 1.60666644433e-07, 2.12698623159e-07, 2.37638516865e-07, 1.96025936816e-07, 2.60108635075e-07, 4.83054407141e-07, 5.38043764209e-07, 7.74902900957e-07, 7.03974478711e-07, 6.92425146553e-07, 6.92839989824e-07, 3.42504250739e-07, 4.39111076389e-08, 9.02876471504e-12, 7.65520719731e-12, 7.41551871991e-12, 7.22539085854e-12, 7.05752340249e-12, 6.92886546749e-12, 6.81629232224e-12, 6.73472215496e-12, 6.67702438478e-12, 6.63407349888e-12],
        "stdev": [0.00272653787397, 0.0145495990291, 0.0250051654875, 0.0235834270716, 0.0161842703819, 0.00902340654284, 0.0043205791153, 0.00194202549756, 0.00170629064087, 0.00136607070453, 0.000950598856434, 0.000598969229031, 0.000439704628661, 0.000503535498865, 0.000668129941914, 0.000627604022156, 0.000833892787341, 0.00187193334568, 0.00257884897292, 0.00289897387847, 0.00186475610826, 0.00118822115473, 0.000998197123408, 0.000885178218596, 0.0009944482008, 0.00121885491535, 0.000920566148125, 0.000468935933895, 0.000553630990908, 0.000761648640037, 0.000643456587568, 0.000558286032174, 0.000296987767797, 0.000310316478135, 0.000240391775151, 0.000354705291102, 0.000428955012467, 0.000282454158878, 0.000205524105695, 0.000346889020875, 0.000528252217919, 0.000335758872097, 0.000167744045029, 0.000171471721842, 0.000174574306584, 0.000128221130581, 0.000106824380055, 0.00012008316844, 7.78617832111e-05, 5.29204698978e-05, 4.12127519667e-05, 3.33372845489e-05, 4.0485534555e-05, 3.31037699652e-05, 2.64661503024e-05, 3.05274916172e-05, 2.92585427815e-05, 2.26077827392e-05, 2.16720127355e-05, 2.07960965781e-05, 2.46760773734e-05, 1.70715375134e-05, 1.3228226635e-05, 1.31785363919e-05, 1.74476663233e-05, 1.52978609549e-05, 1.54769659275e-05, 1.3275510355e-05, 1.07196037789e-05, 6.96394090482e-06, 6.10329334449e-06, 6.20378887106e-06, 8.40321899886e-06, 4.49544404546e-06, 3.78123399969e-06, 5.62603872822e-06, 6.73022805131e-06, 3.4097677144e-06, 3.10180689667e-06, 5.29401404492e-06, 6.41850101601e-06, 5.16082354807e-06, 3.39391453963e-06, 4.4928456191e-06, 5.37626374353e-06, 4.16370767198e-06, 8.44965870783e-06, 4.62531806988e-06, 3.67643588106e-06, 3.4945983316e-06, 3.70135990124e-06, 3.10295035888e-06, 3.32839226758e-06, 2.4131425107e-06, 1.98120642381e-06, 1.49939262428e-06, 1.93296864381e-06, 1.55851068939e-06, 1.27713383336e-06, 1.1043058521e-06, 8.92567697974e-07, 7.55361043048e-07, 7.8914945334e-07, 9.65437493505e-07, 7.69878624851e-07, 6.93926153872e-07, 9.33687829274e-07, 1.04601883777e-06, 9.2901689186e-07, 1.30906983031e-06, 2.22736207434e-06, 2.54092401519e-06, 3.72254453396e-06, 3.48433991348e-06, 3.41429222317e-06, 3.43064380104e-06, 1.62490039202e-06, 2.43223070129e-07, 1.75861061824e-11, 1.44607520403e-11, 1.40762887457e-11, 1.37532311928e-11, 1.34688432282e-11, 1.32406377529e-11, 1.30368623882e-11, 1.28843819294e-11, 1.27743770423e-11, 1.27018456517e-11]
    },
    "mfcc": {
        "mean": [-711.088256836, 135.203353882, -6.21760225296, 18.7981147766, 11.8964862823, -0.406852841377, -2.52279782295, 6.91723012924, -5.41946268082, 9.57068443298, 5.86470365524, 2.67350149155, 1.7961268425],
        "cov": [[12221.9482422, 1034.28198242, -1012.36242676, -331.563354492, -620.091308594, -356.854766846, -158.668151855, 63.6648750305, -141.73236084, 229.677230835, 40.6431312561, 54.4208564758, -44.5120429993], [1034.28198242, 2008.49572754, -235.025405884, -31.873758316, 175.168670654, -78.7945861816, 171.497253418, 256.691680908, 18.6484069824, 134.996292114, 226.524917603, 78.3148574829, 83.4587478638], [-1012.36242676, -235.025405884, 1298.53820801, 502.853729248, 255.143829346, 365.46383667, 119.01600647, 138.20324707, 151.231613159, 39.9699516296, 25.9405288696, 110.798622131, 76.0146942139], [-331.563354492, -31.873758316, 502.853729248, 877.129943848, 340.338439941, 414.153747559, 119.543930054, 55.0791435242, 277.309295654, 93.2992172241, 31.0591411591, 155.120956421, 74.8126525879], [-620.091308594, 175.168670654, 255.143829346, 340.338439941, 573.549133301, 178.669769287, 56.1461448669, 46.695526123, 123.513511658, 135.303070068, 73.7510070801, 56.8185539246, 63.7584762573], [-356.854766846, -78.7945861816, 365.46383667, 414.153747559, 178.669769287, 510.322113037, 237.782012939, 108.28968811, 234.075164795, 65.879119873, 69.9501571655, 135.171478271, 33.651550293], [-158.668151855, 171.497253418, 119.01600647, 119.543930054, 56.1461448669, 237.782012939, 409.599060059, 225.615936279, 159.713775635, 88.8233566284, 108.136039734, 82.8633422852, 36.5321807861], [63.6648750305, 256.691680908, 138.20324707, 55.0791435242, 46.695526123, 108.28968811, 225.615936279, 307.440612793, 92.7981414795, 86.8425064087, 108.403244019, 52.4760704041, 59.3229942322], [-141.73236084, 18.6484069824, 151.231613159, 277.309295654, 123.513511658, 234.075164795, 159.713775635, 92.7981414795, 303.828704834, 117.585388184, 68.8816604614, 111.40071106, 34.802116394], [229.677230835, 134.996292114, 39.9699516296, 93.2992172241, 135.303070068, 65.879119873, 88.8233566284, 86.8425064087, 117.585388184, 230.347335815, 117.101768494, 57.9406356812, 37.217956543], [40.6431312561, 226.524917603, 25.9405288696, 31.0591411591, 73.7510070801, 69.9501571655, 108.136039734, 108.403244019, 68.8816604614, 117.101768494, 192.512130737, 94.3485488892, 54.2632369995], [54.4208564758, 78.3148574829, 110.798622131, 155.120956421, 56.8185539246, 135.171478271, 82.8633422852, 52.4760704041, 111.40071106, 57.9406356812, 94.3485488892, 184.499572754, 80.521774292], [-44.5120429993, 83.4587478638, 76.0146942139, 74.8126525879, 63.7584762573, 33.651550293, 36.5321807861, 59.3229942322, 34.802116394, 37.217956543, 54.2632369995, 80.521774292, 131.498397827]],
        "icov": [[0.000107395433588, -6.0183028836e-05, 6.96086644894e-05, -4.98899935337e-05, 0.000166969199199, -3.43634892488e-05, 0.000101086705399, -8.51883378346e-05, 0.000111930821731, -0.000274610880297, 0.0001675671665, -0.00015235079627, 7.3122944741e-05], [-6.0183028836e-05, 0.000719147210475, 0.000147856102558, -8.86002890184e-05, -0.000357532728231, 0.00036387599539, -0.000155748028192, -0.000465770746814, 8.17405743874e-05, 0.000303130043903, -0.000673185044434, -7.19607924111e-05, 3.61955353583e-05], [6.96086644894e-05, 0.000147856102558, 0.00122978969011, -0.000447435857495, -0.000124367579701, -0.000540011387784, 0.000350794376573, -0.000793059647549, 0.000415681104641, -5.5536704167e-05, 0.000254097016295, -0.000260205037193, -0.000107622334326], [-4.98899935337e-05, -8.86002890184e-05, -0.000447435857495, 0.00274854130112, -0.000877483806107, -0.00130552228075, 0.000454409542726, 0.000255617720541, -0.00121318851598, 2.77358049061e-05, 0.000996393733658, -0.000623105093837, -0.000464109616587], [0.000166969199199, -0.000357532728231, -0.000124367579701, -0.000877483806107, 0.00307035958394, -0.000534895632882, 0.000384483049856, 0.00037212180905, 0.00025638952502, -0.00166573061142, -0.000139697323903, 0.000898142461665, -0.000860680709593], [-3.43634892488e-05, 0.00036387599539, -0.000540011387784, -0.00130552228075, -0.000534895632882, 0.00549587421119, -0.00226374366321, 0.000330412061885, -0.00144864385948, 0.00118435861077, -0.000759344315156, -0.00135306140874, 0.00133514869958], [0.000101086705399, -0.000155748028192, 0.000350794376573, 0.000454409542726, 0.000384483049856, -0.00226374366321, 0.00584639981389, -0.00331234559417, -0.000810819678009, -0.000322789128404, -0.00025784142781, -0.000175584485987, 0.000454601919046], [-8.51883378346e-05, -0.000465770746814, -0.000793059647549, 0.000255617720541, 0.00037212180905, 0.000330412061885, -0.00331234559417, 0.00722267664969, -0.000670664769132, -0.00025527481921, -0.00175314419903, 0.0019117158372, -0.00222078012303], [0.000111930821731, 8.17405743874e-05, 0.000415681104641, -0.00121318851598, 0.00025638952502, -0.00144864385948, -0.000810819678009, -0.000670664769132, 0.00752968993038, -0.00296702887863, 0.00132693268824, -0.0025099995546, 0.00104652834125], [-0.000274610880297, 0.000303130043903, -5.5536704167e-05, 2.77358049061e-05, -0.00166573061142, 0.00118435861077, -0.000322789128404, -0.00025527481921, -0.00296702887863, 0.00890324451029, -0.0047097178176, 0.00129074824508, -0.000141153024742], [0.0001675671665, -0.000673185044434, 0.000254097016295, 0.000996393733658, -0.000139697323903, -0.000759344315156, -0.00025784142781, -0.00175314419903, 0.00132693268824, -0.0047097178176, 0.0120796691626, -0.00502643128857, -3.02174721583e-05], [-0.00015235079627, -7.19607924111e-05, -0.000260205037193, -0.000623105093837, 0.000898142461665, -0.00135306140874, -0.000175584485987, 0.0019117158372, -0.0025099995546, 0.00129074824508, -0.00502643128857, 0.0126190306619, -0.00575784919783], [7.3122944741e-05, 3.61955353583e-05, -0.000107622334326, -0.000464109616587, -0.000860680709593, 0.00133514869958, 0.000454601919046, -0.00222078012303, 0.00104652834125, -0.000141153024742, -3.02174721583e-05, -0.00575784919783, 0.0121851041913]]
    },
    "spectral_contrast_coeffs": {
        "mean": [-0.677616357803, -0.700958311558, -0.753746926785, -0.779933214188, -0.768190085888, -0.796141326427],
        "stdev": [0.0961216017604, 0.114967428148, 0.0963834673166, 0.0689470767975, 0.0667671635747, 0.0477026067674]
    },
    "spectral_contrast_valleys": {
        "mean": [-7.66076612473, -7.55660533905, -8.31634521484, -8.37293243408, -8.61451148987, -11.1961421967],
        "stdev": [2.27776074409, 2.23607039452, 2.20592713356, 2.1645181179, 2.15864062309, 1.99889814854]
    }
},
"rhythm": {
    "beats_count": 400,
    "beats_loudness": {
        "mean": 0.147904083133,
        "stdev": 0.11290808022
    },
    "bpm": 91.9752197266,
    "bpm_histogram_first_peak_bpm": 92,
    "bpm_histogram_first_peak_weight": 0.0452261567116,
    "bpm_histogram_second_peak_bpm": 86,
    "bpm_histogram_second_peak_spread": 0,
    "bpm_histogram_second_peak_weight": 0.00250626564957,
    "danceability": 1.60017669201,
    "onset_rate": 5.18255805969,
    "beats_loudness_band_ratio": {
        "mean": [0.676288843155, 0.108104027808, 0.0958403423429, 0.0569118969142, 0.0364315956831, 0.0555722378194],
        "stdev": [0.367778837681, 0.168406665325, 0.142700642347, 0.130270630121, 0.0550343617797, 0.0927015095949]
    },
    "beats_position": [0.708208620548, 1.39319729805, 2.06657600403, 2.71673464775, 3.36689329147, 4.01705217361, 4.66721057892, 5.31736946106, 5.97913837433, 6.62929677963, 7.2910656929, 7.94122457504, 8.59138298035, 9.24154186249, 9.89170074463, 10.5418596268, 11.1920175552, 11.8421764374, 12.4923353195, 13.1424942017, 13.8042631149, 14.4544210434, 15.1161899567, 15.7663488388, 16.4165077209, 17.0666656494, 17.7168254852, 18.3669834137, 19.0171432495, 19.6789112091, 20.3406791687, 20.9908390045, 21.640996933, 22.2795467377, 22.9413146973, 23.5914726257, 24.2416324615, 24.89179039, 25.5419502258, 26.1921081543, 26.8422679901, 27.4924259186, 28.1541938782, 28.7927436829, 29.4545116425, 30.1162815094, 30.778049469, 31.4282073975, 32.0667572021, 32.7169151306, 33.3670730591, 34.0172348022, 34.6673927307, 35.3175506592, 35.9793205261, 36.6294784546, 37.2912483215, 37.94140625, 38.5915641785, 39.2417221069, 39.8918800354, 40.5420417786, 41.192199707, 41.8423576355, 42.492515564, 43.1426734924, 43.8044433594, 44.4546012878, 45.1163711548, 45.7665290833, 46.4166870117, 47.0668487549, 47.7170066833, 48.3671646118, 49.0173225403, 49.6790924072, 50.3408622742, 50.9910202026, 51.6411781311, 52.2913360596, 52.941493988, 53.5916557312, 54.2418136597, 54.8919715881, 55.5421295166, 56.1922874451, 56.8424491882, 57.4926071167, 58.1427650452, 58.7929229736, 59.4546928406, 60.1164627075, 60.766620636, 61.4167785645, 62.0669364929, 62.7170982361, 63.3672561646, 64.0174102783, 64.6675720215, 65.3177337646, 65.9794998169, 66.6296615601, 67.2914276123, 67.9415893555, 68.5917434692, 69.2419052124, 69.8920593262, 70.5422210693, 71.2039871216, 71.8657608032, 72.515914917, 73.1660766602, 73.8162307739, 74.4663925171, 75.1165542603, 75.766708374, 76.4168701172, 77.0670318604, 77.7171859741, 78.3673477173, 79.0175018311, 79.6676635742, 80.3178253174, 80.9679794312, 81.6413574219, 82.291519165, 82.9416732788, 83.591835022, 84.2419967651, 84.8921508789, 85.5423126221, 86.1924667358, 86.842628479, 87.4927902222, 88.1429443359, 88.7931060791, 89.4548721313, 90.1050338745, 90.7667999268, 91.4169616699, 92.0671157837, 92.7288894653, 93.3790435791, 94.0175933838, 94.667755127, 95.3179092407, 95.9796829224, 96.6298370361, 97.2916107178, 97.9417648315, 98.5919265747, 99.2420806885, 99.8922424316, 100.542404175, 101.192558289, 101.842720032, 102.492874146, 103.143035889, 103.816413879, 104.466575623, 105.116729736, 105.766891479, 106.417053223, 107.067207336, 107.71736908, 108.367523193, 109.017684937, 109.66784668, 110.318000793, 110.968162537, 111.629928589, 112.280090332, 112.941856384, 113.592018127, 114.242172241, 114.892333984, 115.542495728, 116.192649841, 116.842811584, 117.492965698, 118.15473938, 118.804893494, 119.466667175, 120.116821289, 120.766983032, 121.417137146, 122.067298889, 122.717460632, 123.367614746, 124.017776489, 124.667930603, 125.318092346, 125.968254089, 126.630020142, 127.291786194, 127.941947937, 128.592102051, 129.242263794, 129.892425537, 130.54258728, 131.192733765, 131.842895508, 132.493057251, 133.143218994, 133.804992676, 134.466751099, 135.116912842, 135.755462646, 136.417236328, 137.067382812, 137.717544556, 138.367706299, 139.017868042, 139.668029785, 140.31817627, 140.968338013, 141.630111694, 142.280273438, 142.94203186, 143.592193604, 144.242355347, 144.89251709, 145.554275513, 146.204437256, 146.842987061, 147.493148804, 148.143310547, 148.79347229, 149.455230713, 150.117004395, 150.767166138, 151.417327881, 152.067474365, 152.717636108, 153.367797852, 154.017959595, 154.668121338, 155.318267822, 155.991653442, 156.641815186, 157.291976929, 157.942123413, 158.592285156, 159.242446899, 159.892608643, 160.542770386, 161.19291687, 161.843078613, 162.493240356, 163.1434021, 163.816772461, 164.466934204, 165.117095947, 165.76725769, 166.417419434, 167.067565918, 167.717727661, 168.367889404, 169.018051147, 169.668212891, 170.318359375, 170.968521118, 171.618682861, 172.268844604, 172.919006348, 173.580764771, 174.242538452, 174.892700195, 175.54284668, 176.193008423, 176.843170166, 177.493331909, 178.143493652, 178.793640137, 179.455413818, 180.105575562, 180.767349243, 181.417495728, 182.067657471, 182.717819214, 183.367980957, 184.0181427, 184.668289185, 185.318450928, 185.980224609, 186.641998291, 187.292144775, 187.942306519, 188.6040802, 189.242630005, 189.892791748, 190.542938232, 191.193099976, 191.843261719, 192.493423462, 193.143585205, 193.793731689, 194.455505371, 195.117279053, 195.767440796, 196.41758728, 197.067749023, 197.717910767, 198.36807251, 199.029830933, 199.668380737, 200.31854248, 200.968704224, 201.642089844, 202.292236328, 202.942398071, 203.592559814, 204.242721558, 204.892883301, 205.543029785, 206.193191528, 206.843353271, 207.493515015, 208.143676758, 208.793823242, 209.467208862, 210.117370605, 210.76751709, 211.417678833, 212.067840576, 212.718002319, 213.368164062, 214.018310547, 214.66847229, 215.318634033, 215.968795776, 216.61895752, 217.280715942, 217.930877686, 218.592651367, 219.24281311, 219.892959595, 220.543121338, 221.193283081, 221.843444824, 222.493606567, 223.143753052, 223.805526733, 224.455688477, 225.117462158, 225.767608643, 226.417770386, 227.067932129, 227.718093872, 228.368255615, 229.0184021, 229.668563843, 230.318725586, 230.968887329, 231.630645752, 232.280807495, 232.942581177, 233.59274292, 234.242904663, 234.893051147, 235.543212891, 236.204986572, 236.855148315, 237.5052948, 238.155456543, 238.817230225, 239.467391968, 240.105941772, 240.767700195, 241.417861938, 242.068023682, 242.718185425, 243.368347168, 244.018493652, 244.668655396, 245.318817139, 245.968978882, 246.619140625, 247.280899048, 247.931060791, 248.592834473, 249.242996216, 249.8931427, 250.543304443, 251.193466187, 251.84362793, 252.493789673, 253.143936157, 253.7940979, 254.455871582, 255.117630005, 255.767791748, 256.41796875, 257.068115234, 257.718261719, 258.368438721, 259.018585205, 259.680358887, 260.365356445, 261.061950684],
    "bpm_histogram": [0, 0, 0, 0, 0, 0, 0, 0, 0, 0, 0, 0, 0, 0, 0, 0, 0, 0, 0, 0, 0, 0, 0, 0, 0, 0, 0, 0, 0, 0, 0, 0, 0, 0, 0, 0, 0, 0, 0, 0, 0, 0, 0, 0, 0, 0, 0, 0, 0, 0, 0, 0, 0, 0, 0, 0, 0, 0, 0, 0, 0, 0, 0, 0, 0, 0, 0, 0, 0, 0, 0, 0, 0, 0, 0, 0, 0, 0, 0, 0, 0, 0, 0, 0, 0, 0, 0.00250626564957, 0, 0.00501253129914, 0.0175438597798, 0, 0.165413528681, 0.786967396736, 0, 0.0225563906133, 0, 0, 0, 0, 0, 0, 0, 0, 0, 0, 0, 0, 0, 0, 0, 0, 0, 0, 0, 0, 0, 0, 0, 0, 0, 0, 0, 0, 0, 0, 0, 0, 0, 0, 0, 0, 0, 0, 0, 0, 0, 0, 0, 0, 0, 0, 0, 0, 0, 0, 0, 0, 0, 0, 0, 0, 0, 0, 0, 0, 0, 0, 0, 0, 0, 0, 0, 0, 0, 0, 0, 0, 0, 0, 0, 0, 0, 0, 0, 0, 0, 0, 0, 0, 0, 0, 0, 0, 0, 0, 0, 0, 0, 0, 0, 0, 0, 0, 0, 0, 0, 0, 0, 0, 0, 0, 0, 0, 0, 0, 0, 0, 0, 0, 0, 0, 0, 0, 0, 0, 0, 0, 0, 0, 0, 0, 0, 0, 0, 0, 0, 0, 0, 0, 0, 0, 0, 0, 0, 0, 0, 0, 0, 0, 0, 0, 0, 0, 0, 0, 0, 0, 0, 0, 0]
},
"tonal": {
    "chords_changes_rate": 0.089732222259,
    "chords_number_rate": 0.00159602763597,
    "chords_strength": {
        "mean": 0.569256663322,
        "stdev": 0.148311823606
    },
    "hpcp_crest": {
        "mean": 13.6087446213,
        "stdev": 6.52344179153
    },
    "hpcp_entropy": {
        "mean": 1.9450854063,
        "stdev": 0.742306649685
    },
    "key_edma": {
        "strength": 0.758240282536,
        "key": "D",
        "scale": "minor"
    },
    "key_krumhansl": {
        "strength": 0.780860006809,
        "key": "D",
        "scale": "minor"
    },
    "key_temperley": {
        "strength": 0.791514277458,
        "key": "D",
        "scale": "minor"
    },
    "tuning_diatonic_strength": 0.64717912674,
    "tuning_equal_tempered_deviation": 0.120809055865,
    "tuning_frequency": 442.548919678,
    "tuning_nontempered_energy_ratio": 0.797428607941,
    "hpcp": {
        "mean": [0.196266636252, 0.186684772372, 0.136658132076, 0.103135161102, 0.0988790392876, 0.100416071713, 0.0823883861303, 0.0681138262153, 0.0783922299743, 0.0829022675753, 0.0737435296178, 0.0802721232176, 0.0912259295583, 0.0881251469254, 0.192006424069, 0.303363293409, 0.191766425967, 0.0657595768571, 0.0543250665069, 0.0463621169329, 0.0541041977704, 0.067592844367, 0.0716365203261, 0.129318743944, 0.136285498738, 0.0774754285812, 0.0702618509531, 0.0648806989193, 0.0600408688188, 0.0768108293414, 0.0908492580056, 0.0813490152359, 0.0669592693448, 0.0739430934191, 0.0996087342501, 0.148892208934],
        "stdev": [0.30093640089, 0.300609081984, 0.259160786867, 0.229072913527, 0.222853392363, 0.228854417801, 0.200978204608, 0.182754784822, 0.19652299583, 0.20938976109, 0.186831608415, 0.190792068839, 0.214490413666, 0.207009717822, 0.263024181128, 0.39886495471, 0.267809540033, 0.15713827312, 0.15489397943, 0.133106648922, 0.144521936774, 0.167866170406, 0.178673148155, 0.274642586708, 0.280499070883, 0.173049092293, 0.162240818143, 0.158827766776, 0.166979670525, 0.192823335528, 0.219764441252, 0.199753031135, 0.174834504724, 0.184126287699, 0.216710925102, 0.248740777373]
    },
    "chords_histogram": [53.4314613342, 2.32310700417, 1.95070052147, 0.266004621983, 0.354672819376, 0.886682033539, 1.89749956131, 15.0381269455, 0.514275610447, 7.96240472794, 2.37630796432, 0.106401845813, 0, 0, 0, 0, 0.443341016769, 1.01081752777, 0.088668204844, 0.443341016769, 0.14186912775, 0, 0.159602761269, 10.6047172546],
    "thpcp": [1, 0.63213455677, 0.216768398881, 0.179075941443, 0.152827054262, 0.178347870708, 0.222811549902, 0.23614102602, 0.426283419132, 0.449248492718, 0.25538828969, 0.231609597802, 0.213871285319, 0.197917386889, 0.253197520971, 0.299473464489, 0.268157094717, 0.220723047853, 0.24374435842, 0.328348010778, 0.490804970264, 0.646968960762, 0.615383505821, 0.450476825237, 0.339972436428, 0.325942665339, 0.331009298563, 0.271583229303, 0.224528893828, 0.258410394192, 0.273277193308, 0.243086531758, 0.26460725069, 0.300715118647, 0.290493756533, 0.63292568922],
    "chords_key": "D",
    "chords_scale": "minor"
}
}