{
"metadata": {
    "version": {
        "essentia": "2.1-dev",
        "essentia_git_sha": "v2.1_beta3-415-gd5473f3",
        "extractor": "music 2.0"
    },
    "audio_properties": {
        "analysis": {
            "equal_loudness": 0,
            "length": 69.1461257935,
            "sample_rate": 44100,
            "start_time": 0,
            "downmix": "mix"
        },
        "bit_rate": 192000,
        "length": 69.1461257935,
        "lossless": 0,
        "number_channels": 2,
        "replay_gain": -9.62270736694,
        "sample_rate": 44100,
        "codec": "mp3",
        "md5_encoded": "d8cf07dc9257d0447a2b93a083135498"
    },
    "tags": {
        "file_name": "la_primera_piedra-intro.mp3"
    }
},
"lowlevel": {
    "average_loudness": 0.945421934128,
    "barkbands_crest": {
        "mean": 11.1069068909,
        "stdev": 6.27559137344
    },
    "barkbands_flatness_db": {
        "mean": 0.146932721138,
        "stdev": 0.070153594017
    },
    "barkbands_kurtosis": {
        "mean": 7.81570291519,
        "stdev": 36.2707176208
    },
    "barkbands_skewness": {
        "mean": 0.359436750412,
        "stdev": 2.65925526619
    },
    "barkbands_spread": {
        "mean": 30.9800262451,
        "stdev": 22.0909080505
    },
    "dissonance": {
        "mean": 0.484712123871,
        "stdev": 0.0181567668915
    },
    "dynamic_complexity": 6.2506775856,
    "erbbands_crest": {
        "mean": 8.54855728149,
        "stdev": 3.80277180672
    },
    "erbbands_flatness_db": {
        "mean": 0.179149240255,
        "stdev": 0.0628714039922
    },
    "erbbands_kurtosis": {
        "mean": 2.09646129608,
        "stdev": 3.95344042778
    },
    "erbbands_skewness": {
        "mean": -0.867297887802,
        "stdev": 0.861049890518
    },
    "erbbands_spread": {
        "mean": 36.3943977356,
        "stdev": 28.8686103821
    },
    "hfc": {
        "mean": 34.1261863708,
        "stdev": 55.4883995056
    },
    "loudness_ebu128": {
        "integrated": -14.1046161652,
        "loudness_range": 3.78593730927,
        "momentary": {
            "mean": -16.0931682587,
            "stdev": 8.40936851501
        },
        "short_term": {
            "mean": -14.3719406128,
            "stdev": 1.66251087189
        }
    },
    "melbands_crest": {
        "mean": 13.7144937515,
        "stdev": 7.81623029709
    },
    "melbands_flatness_db": {
        "mean": 0.152829557657,
        "stdev": 0.101071707904
    },
    "melbands_kurtosis": {
        "mean": 27.885679245,
        "stdev": 81.7840499878
    },
    "melbands_skewness": {
        "mean": 2.41332697868,
        "stdev": 4.20419025421
    },
    "melbands_spread": {
        "mean": 58.6388206482,
        "stdev": 45.4966773987
    },
    "pitch_salience": {
        "mean": 0.566100955009,
        "stdev": 0.210381001234
    },
    "silence_rate_20dB": {
        "mean": 1,
        "stdev": 0
    },
    "silence_rate_30dB": {
        "mean": 0.889895915985,
        "stdev": 0.313013970852
    },
    "silence_rate_60dB": {
        "mean": 0.361530721188,
        "stdev": 0.480443924665
    },
    "spectral_centroid": {
        "mean": 2903.9465332,
        "stdev": 1074.47436523
    },
    "spectral_complexity": {
        "mean": 11.7338037491,
        "stdev": 13.038064003
    },
    "spectral_decrease": {
        "mean": -7.40427008594e-09,
        "stdev": 1.57493342812e-08
    },
    "spectral_energy": {
        "mean": 0.0310407504439,
        "stdev": 0.0623960159719
    },
    "spectral_energyband_high": {
        "mean": 0.00382968015037,
        "stdev": 0.00675112381577
    },
    "spectral_energyband_low": {
        "mean": 0.0211571455002,
        "stdev": 0.0551268085837
    },
    "spectral_energyband_middle_high": {
        "mean": 0.00299846148118,
        "stdev": 0.00467951549217
    },
    "spectral_energyband_middle_low": {
        "mean": 0.00373652833514,
        "stdev": 0.0152716040611
    },
    "spectral_entropy": {
        "mean": 8.01435184479,
        "stdev": 0.422088742256
    },
    "spectral_flux": {
        "mean": 0.0987768694758,
        "stdev": 0.106591202319
    },
    "spectral_kurtosis": {
        "mean": 2.94256806374,
        "stdev": 2.87636804581
    },
    "spectral_rms": {
        "mean": 0.00370106473565,
        "stdev": 0.00407256744802
    },
    "spectral_rolloff": {
        "mean": 4335.59130859,
        "stdev": 3128.55297852
    },
    "spectral_skewness": {
        "mean": 1.03311371803,
        "stdev": 0.574513971806
    },
    "spectral_spread": {
        "mean": 5102012.5,
        "stdev": 2002832
    },
    "spectral_strongpeak": {
        "mean": 0.988604485989,
        "stdev": 1.4350965023
    },
    "zerocrossingrate": {
        "mean": 0.144890367985,
        "stdev": 0.0860781520605
    },
    "barkbands": {
        "mean": [0.000444923673058, 0.0173938460648, 0.00267557613552, 0.00105765240733, 0.0019501777133, 0.000149074097862, 0.000240141831455, 0.000156464579049, 0.000145325233461, 0.000145905811223, 9.79813412414e-05, 0.000181616473128, 0.000300886691548, 0.000237155298237, 0.000283926696284, 0.000282814842649, 0.000295624864521, 0.000391028326703, 0.00051127653569, 0.000567590817809, 0.000729737977963, 0.000993121997453, 0.00106397084892, 0.000575919926632, 0.00014663755428, 2.11301212403e-05, 1.21869129543e-06],
        "stdev": [0.00124319735914, 0.0481741353869, 0.0111497258767, 0.00412133475766, 0.0116963749751, 0.000407230370911, 0.000805467017926, 0.000527278287336, 0.000415979244281, 0.00046785135055, 0.000632103299722, 0.000378020980861, 0.000564412330277, 0.000512017461006, 0.000644730054773, 0.00052756984951, 0.000688165193424, 0.000900800863747, 0.00120565039106, 0.00157492083963, 0.00169098179322, 0.00195452035405, 0.00183816580102, 0.0010186645668, 0.00024934715475, 3.64757688658e-05, 2.90596926789e-06]
    },
    "erbbands": {
        "mean": [0.496855318546, 3.84566044807, 4.00536489487, 3.72943210602, 6.27394104004, 5.83040380478, 1.35417759418, 1.32363247871, 2.05564498901, 4.8674659729, 3.12785100937, 3.22942996025, 4.40246009827, 4.10065507889, 5.57417297363, 6.50486040115, 12.6469125748, 13.28910923, 14.2880020142, 14.8793563843, 15.8201055527, 17.1771774292, 22.2701416016, 22.8542289734, 26.145980835, 27.1966838837, 24.678604126, 33.9549446106, 31.4513053894, 35.3181610107, 31.3798904419, 16.4466152191, 7.4047870636, 2.4799053669, 0.541055321693, 0.133932098746, 0.0323997884989, 0.00511805666611, 0.00020024360856, 5.16392246936e-05],
        "stdev": [1.39847147465, 10.9681606293, 14.2579984665, 13.8893527985, 33.7386169434, 35.3007850647, 5.35477256775, 3.61250305176, 6.27297210693, 14.8294353485, 10.1901140213, 9.16161823273, 12.9852333069, 18.516456604, 22.3116130829, 13.4209318161, 23.381362915, 26.4999485016, 28.7629909515, 31.374546051, 28.2076339722, 38.6346435547, 55.4895439148, 47.8130607605, 67.2383956909, 76.5573654175, 56.8733520508, 80.6505203247, 62.8180351257, 63.8459625244, 55.9493637085, 29.8023891449, 12.8276185989, 4.2568655014, 0.944343924522, 0.224075734615, 0.0599291101098, 0.01060922537, 0.000417203817051, 8.68982242537e-05]
    },
    "gfcc": {
        "mean": [-103.399879456, 4.593334198, -125.863044739, 55.7015991211, -58.0827598572, 25.9912452698, -32.5121879578, 7.7894616127, -17.7922420502, 6.59180164337, -14.5356674194, 2.8279967308, -13.5718545914],
        "cov": [[30340.8378906, 2658.02539062, -661.718200684, 2038.55847168, -1442.04602051, 1308.67077637, -431.895263672, -156.400497437, -429.995758057, -368.36315918, 2.14864253998, -239.707077026, -337.317871094], [2658.02539062, 3471.7421875, 583.51953125, -175.82824707, 726.679626465, 587.625183105, 383.750762939, 3.79942035675, -50.8988685608, -114.191505432, 49.5615653992, -37.41563797, 5.535364151], [-661.718200684, 583.51953125, 1594.36547852, 750.07623291, 383.031555176, 632.054199219, 351.118804932, 70.498916626, 65.3541030884, -51.0075454712, 131.204879761, 10.4540719986, 23.5910453796], [2038.55847168, -175.82824707, 750.07623291, 1149.38378906, -14.2241725922, 331.528106689, 78.5717315674, 17.0386104584, 31.3921337128, -19.9945468903, 61.7803955078, -32.7904205322, -5.14994668961], [-1442.04602051, 726.679626465, 383.031555176, -14.2241725922, 688.375488281, 308.483581543, 312.902954102, 97.6041183472, 82.0683517456, 27.7140483856, 32.1034164429, 17.8100738525, 48.1058349609], [1308.67077637, 587.625183105, 632.054199219, 331.528106689, 308.483581543, 900.461486816, 408.689880371, 68.5354995728, 70.6994018555, -51.5660476685, 108.048912048, -2.43655157089, 26.0068187714], [-431.895263672, 383.750762939, 351.118804932, 78.5717315674, 312.902954102, 408.689880371, 482.480895996, 110.401702881, 23.0050926208, 14.7492742538, 78.0252685547, 59.3253860474, 20.8122730255], [-156.400497437, 3.79942035675, 70.498916626, 17.0386104584, 97.6041183472, 68.5354995728, 110.401702881, 178.996932983, 64.6141738892, 22.4951572418, 23.8571128845, 21.2863845825, 25.3276691437], [-429.995758057, -50.8988685608, 65.3541030884, 31.3921337128, 82.0683517456, 70.6994018555, 23.0050926208, 64.6141738892, 203.931640625, 70.7986755371, -20.8569107056, -18.7887077332, 24.1201229095], [-368.36315918, -114.191505432, -51.0075454712, -19.9945468903, 27.7140483856, -51.5660476685, 14.7492742538, 22.4951572418, 70.7986755371, 135.966369629, 3.24827075005, 10.0429391861, 10.8721122742], [2.14864253998, 49.5615653992, 131.204879761, 61.7803955078, 32.1034164429, 108.048912048, 78.0252685547, 23.8571128845, -20.8569107056, 3.24827075005, 144.857894897, 51.4586715698, -1.46882498264], [-239.707077026, -37.41563797, 10.4540719986, -32.7904205322, 17.8100738525, -2.43655157089, 59.3253860474, 21.2863845825, -18.7887077332, 10.0429391861, 51.4586715698, 110.26235199, 17.9755725861], [-337.317871094, 5.535364151, 23.5910453796, -5.14994668961, 48.1058349609, 26.0068187714, 20.8122730255, 25.3276691437, 24.1201229095, 10.8721122742, -1.46882498264, 17.9755725861, 84.5695114136]],
        "icov": [[0.000114243703138, -0.000187006327906, 0.000263917812845, -0.000327273999574, 0.000327787158312, -0.000362793682143, 0.000240343229962, -0.000268842704827, 0.000217206281377, -0.00011291840201, 0.000168578102603, -0.000157712594955, 0.000309862982249], [-0.000187006327906, 0.000742584525142, -0.000521921436302, 0.000707750965375, -0.000942745245993, 0.000422925397288, -0.000375376315787, 0.000576606485993, -0.00013039233454, 0.000393371999962, -0.000289237563265, 0.000500587455463, -0.000404725666158], [0.000263917812845, -0.000521921436302, 0.00194354134146, -0.00152021623217, 0.000337014265824, -0.00107448466588, 0.000311033800244, -0.000460391573142, 0.000169195671333, 0.000242741385591, -0.00011955350783, -0.000442195392679, 0.000664611812681], [-0.000327273999574, 0.000707750965375, -0.00152021623217, 0.00243300176226, -0.000627680681646, 0.000671342946589, -0.000426942307968, 0.000637652061414, -0.000426372513175, 4.95946769661e-05, -0.000532857899088, 0.000921889732126, -0.000804757117294], [0.000327787158312, -0.000942745245993, 0.000337014265824, -0.000627680681646, 0.00377249787562, -0.00095198926283, -0.000558393425308, -0.00108311674558, -2.50678422162e-05, -0.0007483389345, 0.00072581646964, -0.000223070936045, 8.91303807293e-06], [-0.000362793682143, 0.000422925397288, -0.00107448466588, 0.000671342946589, -0.00095198926283, 0.00391974672675, -0.00285758147947, 0.00159770646133, -0.00208606687374, 0.00192723923828, -0.00186357519124, 0.00172956672031, -0.00162604404613], [0.000240343229962, -0.000375376315787, 0.000311033800244, -0.000426942307968, -0.000558393425308, -0.00285758147947, 0.00588589021936, -0.00264488835819, 0.00205926271155, -0.00181537366007, 0.000788476725575, -0.00250347214751, 0.00160233885981], [-0.000268842704827, 0.000576606485993, -0.000460391573142, 0.000637652061414, -0.00108311674558, 0.00159770646133, -0.00264488835819, 0.0085534285754, -0.00323334778659, 0.00124301225878, -0.00158102205023, 0.000233341095736, -0.00204345025122], [0.000217206281377, -0.00013039233454, 0.000169195671333, -0.000426372513175, -2.50678422162e-05, -0.00208606687374, 0.00205926271155, -0.00323334778659, 0.00878071133047, -0.00466170534492, 0.00218235352077, 0.000676632742397, -9.1894675279e-05], [-0.00011291840201, 0.000393371999962, 0.000242741385591, 4.95946769661e-05, -0.0007483389345, 0.00192723923828, -0.00181537366007, 0.00124301225878, -0.00466170534492, 0.0108841676265, -0.00177358789369, -6.04781525908e-05, -0.00072096142685], [0.000168578102603, -0.000289237563265, -0.00011955350783, -0.000532857899088, 0.00072581646964, -0.00186357519124, 0.000788476725575, -0.00158102205023, 0.00218235352077, -0.00177358789369, 0.01049219165, -0.00483698723838, 0.00194783811457], [-0.000157712594955, 0.000500587455463, -0.000442195392679, 0.000921889732126, -0.000223070936045, 0.00172956672031, -0.00250347214751, 0.000233341095736, 0.000676632742397, -6.04781525908e-05, -0.00483698723838, 0.0135352443904, -0.00348729244433], [0.000309862982249, -0.000404725666158, 0.000664611812681, -0.000804757117294, 8.91303807293e-06, -0.00162604404613, 0.00160233885981, -0.00204345025122, -9.1894675279e-05, -0.00072096142685, 0.00194783811457, -0.00348729244433, 0.0144592095166]]
    },
    "melbands": {
        "mean": [0.0048051411286, 0.00325653911568, 0.000685262377374, 0.000526051968336, 6.46828702884e-05, 2.91556007141e-05, 3.66936292266e-05, 5.048973253e-05, 2.39365144807e-05, 2.05259711947e-05, 2.24140476348e-05, 1.70855564647e-05, 1.57954673341e-05, 2.33975188166e-05, 1.26195818666e-05, 3.78046061087e-05, 2.19185894821e-05, 2.22328599193e-05, 2.15230211325e-05, 1.90703285625e-05, 1.81132563739e-05, 1.70281200553e-05, 1.94765962078e-05, 1.89122565644e-05, 1.8055212422e-05, 2.10291400435e-05, 1.76304929482e-05, 1.78386562766e-05, 1.49008274093e-05, 1.65876663232e-05, 2.07883385883e-05, 1.67822745425e-05, 2.10665821214e-05, 1.83126794582e-05, 1.95046468434e-05, 1.38263503686e-05, 8.43547331897e-06, 5.6414487517e-06, 3.56199689122e-06, 1.51936853854e-06],
        "stdev": [0.0132600245997, 0.00964670628309, 0.00243391492404, 0.00313551048748, 0.000304582325043, 7.85295778769e-05, 0.00011628777429, 0.000148362858454, 7.78255271143e-05, 5.84142690059e-05, 6.65280967951e-05, 7.47760932427e-05, 8.74250181369e-05, 5.14045204909e-05, 3.44152358593e-05, 7.03580662957e-05, 5.04827767145e-05, 4.57315582025e-05, 5.18000379088e-05, 4.06399558415e-05, 3.42493731296e-05, 3.98706761189e-05, 5.47862582607e-05, 4.41534539277e-05, 4.00586650358e-05, 5.54312173335e-05, 4.74034059152e-05, 5.15950887348e-05, 3.69247281924e-05, 3.67921893485e-05, 5.01642498421e-05, 3.23741696775e-05, 4.4245414756e-05, 3.19744103763e-05, 3.4937136661e-05, 2.527198194e-05, 1.54464050865e-05, 1.01944888229e-05, 6.0874317569e-06, 2.73374075732e-06]
    },
    "melbands128": {
        "mean": [0.000428426254075, 0.00335432356223, 0.00757076311857, 0.00596367800608, 0.00259158364497, 0.00123301625717, 0.000770950631704, 0.000453406275483, 0.000625568442047, 0.000846131704748, 0.000316023739288, 5.92369833612e-05, 3.13440177706e-05, 3.95253191527e-05, 3.34912692779e-05, 1.92033767235e-05, 2.33143255173e-05, 3.05968351313e-05, 6.31703805993e-05, 6.33476738585e-05, 4.17416849814e-05, 2.76019072771e-05, 2.12473623833e-05, 2.05080614251e-05, 2.03006311494e-05, 2.02382416319e-05, 2.15827058128e-05, 2.03564613912e-05, 2.7958642022e-05, 1.81886352948e-05, 1.32767454488e-05, 1.370353948e-05, 1.51809181261e-05, 1.33424891828e-05, 3.51423841494e-05, 2.3120905098e-05, 1.06530424091e-05, 1.18366742754e-05, 1.24553162095e-05, 2.7516960472e-05, 6.07162728556e-05, 2.7346321076e-05, 2.02543888008e-05, 1.88882768271e-05, 2.12059749174e-05, 2.22561975534e-05, 2.43276444962e-05, 2.31316917052e-05, 1.91998624359e-05, 1.9834313207e-05, 1.93290452444e-05, 1.68916958501e-05, 2.11395181395e-05, 1.66232948686e-05, 1.60017498274e-05, 1.75069744728e-05, 1.67448433785e-05, 1.94525764527e-05, 1.8108436052e-05, 2.49363129114e-05, 1.82518724614e-05, 1.69610211742e-05, 1.41874388646e-05, 1.92892184714e-05, 2.22057642532e-05, 2.39624223468e-05, 1.76710091182e-05, 1.6597998183e-05, 1.63675595104e-05, 2.1339425075e-05, 1.81367940968e-05, 1.62794131029e-05, 1.60927775141e-05, 1.46092888826e-05, 1.34016090669e-05, 1.49398911162e-05, 1.73208954948e-05, 2.31419853662e-05, 1.97903373191e-05, 2.12499362533e-05, 1.79999915417e-05, 1.36300277518e-05, 1.63698023243e-05, 2.34281069424e-05, 2.44582170126e-05, 1.84747841558e-05, 1.53392957145e-05, 1.73548687599e-05, 2.42699879891e-05, 1.77490219357e-05, 1.31070864882e-05, 1.52502070705e-05, 1.03633665276e-05, 7.92198261479e-06, 7.30344800104e-06, 6.78594778947e-06, 5.12417909704e-06, 4.15670410803e-06, 3.89729257222e-06, 3.21331117448e-06, 1.96146129383e-06, 1.27645762404e-06, 9.33559419991e-07, 7.17222860658e-07, 5.15386659572e-07, 4.47060557462e-07, 3.22734763358e-07, 2.56462925563e-07, 2.1350851398e-07, 1.64955679338e-07, 1.29502467416e-07, 1.18679373884e-07, 9.01567958067e-08, 8.00412252033e-08, 6.65641337605e-08, 5.09300654983e-08, 3.8499184285e-08, 7.52262430126e-09, 2.47960962874e-09, 1.79714265691e-09, 1.40524758496e-09, 1.15949139179e-09, 7.87418852344e-10, 5.69904179404e-10, 4.06922356921e-10, 2.64100297187e-10, 1.83876136539e-10, 1.81060704624e-11],
        "stdev": [0.00121605605818, 0.00984163582325, 0.0216971188784, 0.0177049413323, 0.00915284454823, 0.00505694700405, 0.00309449131601, 0.00181412848178, 0.0035624364391, 0.00532367592677, 0.00202009198256, 0.00032598132384, 0.000120997356134, 0.000122637517052, 9.86750601442e-05, 5.33937381988e-05, 7.760207518e-05, 0.000103758640762, 0.000239388944465, 0.000212173486943, 0.000159430433996, 0.000137473820359, 8.40919674374e-05, 8.16752071842e-05, 7.3419578257e-05, 6.18458798272e-05, 8.27560870675e-05, 7.70718761487e-05, 8.0442718172e-05, 7.77803361416e-05, 8.55720718391e-05, 0.000107542437036, 0.000133514171466, 7.13827903382e-05, 8.10563069535e-05, 5.97851794737e-05, 3.7261073885e-05, 3.94084636355e-05, 4.53273496532e-05, 6.29513306194e-05, 0.000131255175802, 8.51210934343e-05, 6.11090435996e-05, 6.53226234135e-05, 5.04315212311e-05, 5.78924518777e-05, 7.86922173575e-05, 7.92316131992e-05, 6.07220899838e-05, 6.1513572291e-05, 5.399537622e-05, 4.08207779401e-05, 4.86602475576e-05, 3.88754742744e-05, 4.17285518779e-05, 5.21977672179e-05, 4.61987947347e-05, 6.62622696836e-05, 7.03554615029e-05, 8.95330667845e-05, 5.14562561875e-05, 4.20555625169e-05, 3.67290740542e-05, 5.22870795976e-05, 5.39623979421e-05, 7.51342668082e-05, 5.14228922839e-05, 4.59985603811e-05, 4.68202233606e-05, 6.91936729709e-05, 5.64252768527e-05, 4.80249364045e-05, 4.71486782772e-05, 3.89379820263e-05, 2.76311784546e-05, 3.46210072166e-05, 3.99862328777e-05, 7.40408431739e-05, 4.90833699587e-05, 4.76744680782e-05, 3.40962469636e-05, 2.83224308077e-05, 4.17778974224e-05, 5.44899630768e-05, 5.25260147697e-05, 3.26285007759e-05, 2.92545482807e-05, 3.08003291138e-05, 4.57975147583e-05, 3.54208168574e-05, 2.5166933483e-05, 2.81225911749e-05, 2.0937732188e-05, 1.47088230733e-05, 1.34873453135e-05, 1.34557240017e-05, 9.45687042986e-06, 7.42935526432e-06, 7.20601519788e-06, 5.65672553421e-06, 4.32577780884e-06, 2.16094895222e-06, 1.78632637926e-06, 1.39139638122e-06, 1.00660008684e-06, 8.22728793537e-07, 5.71539260363e-07, 4.54089132518e-07, 4.03184913012e-07, 3.16265982292e-07, 2.54725733839e-07, 2.38109322481e-07, 1.88595393524e-07, 1.73886348875e-07, 1.38146006634e-07, 1.18955092887e-07, 1.01700045718e-07, 2.1350730961e-08, 1.51513024349e-08, 1.20341816512e-08, 9.48502698606e-09, 7.69541674828e-09, 5.62728663667e-09, 4.42288072833e-09, 3.55992857415e-09, 3.25350457686e-09, 2.75343570166e-09, 2.48818077253e-10]
    },
    "mfcc": {
        "mean": [-731.403076172, 30.3080310822, -2.6580183506, 26.9454059601, 3.64884209633, 17.8982086182, -0.152539387345, 7.9322924614, -0.20188562572, 5.88488340378, 2.67982125282, 1.24543058872, -0.90206772089],
        "cov": [[22886.9101562, 291.657806396, 528.070495605, 394.357147217, -158.914840698, 551.696105957, -117.150184631, 279.296905518, -132.78112793, 159.559631348, 20.7193813324, 60.6093292236, -218.774429321], [291.657806396, 3285.26123047, -49.6251525879, -242.533660889, 366.724700928, 306.812164307, 439.735015869, 264.593811035, 190.693206787, 17.6042556763, 48.8855209351, 24.3657531738, -46.9546203613], [528.070495605, -49.6251525879, 1452.4239502, 401.267120361, 331.293670654, 503.933807373, 334.685058594, 317.596069336, 65.8001785278, 118.423980713, 44.7818527222, 100.277481079, 10.3017978668], [394.357147217, -242.533660889, 401.267120361, 667.610290527, 149.572113037, 94.1753997803, 45.9738769531, 13.0225963593, 8.58734703064, 47.8599243164, 2.7464056015, 12.3111839294, 43.5641403198], [-158.914840698, 366.724700928, 331.293670654, 149.572113037, 426.510437012, 233.748138428, 140.528106689, 138.172302246, 107.837944031, 98.3320159912, 31.2793960571, 29.2934741974, 1.00125551224], [551.696105957, 306.812164307, 503.933807373, 94.1753997803, 233.748138428, 575.725769043, 335.229034424, 263.226196289, 164.762802124, 114.517333984, 73.6521377563, 98.7256317139, -5.56505060196], [-117.150184631, 439.735015869, 334.685058594, 45.9738769531, 140.528106689, 335.229034424, 502.810974121, 300.185699463, 100.878570557, 48.8358154297, 72.3735122681, 75.1872406006, 15.765460968], [279.296905518, 264.593811035, 317.596069336, 13.0225963593, 138.172302246, 263.226196289, 300.185699463, 329.077362061, 108.004104614, 57.133556366, 53.597946167, 75.2503509521, 24.1413574219], [-132.78112793, 190.693206787, 65.8001785278, 8.58734703064, 107.837944031, 164.762802124, 100.878570557, 108.004104614, 238.954879761, 100.420623779, 22.7806301117, 56.2555618286, 31.7845401764], [159.559631348, 17.6042556763, 118.423980713, 47.8599243164, 98.3320159912, 114.517333984, 48.8358154297, 57.133556366, 100.420623779, 148.644943237, 50.2508430481, 25.9273548126, 20.8590812683], [20.7193813324, 48.8855209351, 44.7818527222, 2.7464056015, 31.2793960571, 73.6521377563, 72.3735122681, 53.597946167, 22.7806301117, 50.2508430481, 116.875976562, 54.3617324829, 11.1125221252], [60.6093292236, 24.3657531738, 100.277481079, 12.3111839294, 29.2934741974, 98.7256317139, 75.1872406006, 75.2503509521, 56.2555618286, 25.9273548126, 54.3617324829, 96.3167495728, 31.9804000854], [-218.774429321, -46.9546203613, 10.3017978668, 43.5641403198, 1.00125551224, -5.56505060196, 15.765460968, 24.1413574219, 31.7845401764, 20.8590812683, 11.1125221252, 31.9804000854, 76.5441894531]],
        "icov": [[5.50694094272e-05, -2.43140511884e-05, 2.16917869693e-05, -7.62569834478e-05, 0.000115803923109, -9.47645967244e-05, 0.000146143269376, -0.000170319137396, 0.000135360838613, -0.000167716352735, 9.03870241018e-05, -0.000119967335195, 0.000224671908654], [-2.43140511884e-05, 0.000439350900706, 0.000103268990642, 0.000207849952858, -0.000481807655888, 4.4618085667e-05, -0.000440897099907, 0.000119251235446, -0.000308568880428, 0.000413210713305, -0.000145606158185, 0.000252563942922, 6.17141049588e-05], [2.16917869693e-05, 0.000103268990642, 0.00145307660569, -0.000620620267, -0.000371052185073, -0.000810801924672, 4.19931166107e-05, -0.000895605538972, 0.00102903402876, -0.000700823613442, 0.000903367472347, -0.000963171594776, 0.000537671032362], [-7.62569834478e-05, 0.000207849952858, -0.000620620267, 0.00226276554167, -0.000852447701618, 0.000148930383148, -0.000569568772335, 0.00116590748075, -0.000168138431036, 0.000323046726407, -0.000206163604162, 0.000722306838725, -0.00181324232835], [0.000115803923109, -0.000481807655888, -0.000371052185073, -0.000852447701618, 0.00431321561337, -0.000838074600324, 0.000855142134242, -0.00107548816595, -0.000185318058357, -0.00171119382139, 0.000165394754731, 0.000421142525738, 0.000959548924584], [-9.47645967244e-05, 4.4618085667e-05, -0.000810801924672, 0.000148930383148, -0.000838074600324, 0.0049849357456, -0.00195233535487, -8.8226130174e-05, -0.00153078744188, -0.000861864478793, 4.13582820329e-05, -0.00205111457035, 0.00230568135157], [0.000146143269376, -0.000440897099907, 4.19931166107e-05, -0.000569568772335, 0.000855142134242, -0.00195233535487, 0.00593292387202, -0.00422696582973, 0.00049405626487, 0.000643084989861, -0.00129581650253, 0.000758893496823, -8.55541293276e-05], [-0.000170319137396, 0.000119251235446, -0.000895605538972, 0.00116590748075, -0.00107548816595, -8.8226130174e-05, -0.00422696582973, 0.00907857809216, -0.00156568246894, 0.000803159025963, -0.000303656968754, -0.000959888915531, -0.00206530885771], [0.000135360838613, -0.000308568880428, 0.00102903402876, -0.000168138431036, -0.000185318058357, -0.00153078744188, 0.00049405626487, -0.00156568246894, 0.00897413678467, -0.00568949338049, 0.00390607584268, -0.00434608571231, -0.000489312631544], [-0.000167716352735, 0.000413210713305, -0.000700823613442, 0.000323046726407, -0.00171119382139, -0.000861864478793, 0.000643084989861, 0.000803159025963, -0.00568949338049, 0.0143114635721, -0.0069244960323, 0.00553297251463, -0.00358535861596], [9.03870241018e-05, -0.000145606158185, 0.000903367472347, -0.000206163604162, 0.000165394754731, 4.13582820329e-05, -0.00129581650253, -0.000303656968754, 0.00390607584268, -0.0069244960323, 0.0157242137939, -0.0099571030587, 0.00267060357146], [-0.000119967335195, 0.000252563942922, -0.000963171594776, 0.000722306838725, 0.000421142525738, -0.00205111457035, 0.000758893496823, -0.000959888915531, -0.00434608571231, 0.00553297251463, -0.0099571030587, 0.022855874151, -0.00828442256898], [0.000224671908654, 6.17141049588e-05, 0.000537671032362, -0.00181324232835, 0.000959548924584, 0.00230568135157, -8.55541293276e-05, -0.00206530885771, -0.000489312631544, -0.00358535861596, 0.00267060357146, -0.00828442256898, 0.0197818297893]]
    },
    "spectral_contrast_coeffs": {
        "mean": [-0.741877198219, -0.815193355083, -0.806821763515, -0.799410104752, -0.801040053368, -0.752050220966],
        "stdev": [0.0965857729316, 0.0805544927716, 0.0819729194045, 0.0708806961775, 0.0517495125532, 0.0611885897815]
    },
    "spectral_contrast_valleys": {
        "mean": [-8.78479385376, -8.62847518921, -8.92923641205, -8.55485248566, -7.93807029724, -10.0681638718],
        "stdev": [2.17409014702, 1.81789875031, 1.74439442158, 1.70029342175, 1.76274776459, 1.81460905075]
    }
},
"rhythm": {
    "beats_count": 101,
    "beats_loudness": {
        "mean": 0.128871381283,
        "stdev": 0.08639074862
    },
    "bpm": 88.8132781982,
    "bpm_histogram_first_peak_bpm": 89,
    "bpm_histogram_first_peak_weight": 0.0707070827484,
    "bpm_histogram_second_peak_bpm": 83,
    "bpm_histogram_second_peak_spread": 0,
    "bpm_histogram_second_peak_weight": 0.00999999977648,
    "danceability": 2.0553290844,
    "onset_rate": 4.49677753448,
    "beats_loudness_band_ratio": {
        "mean": [0.591539740562, 0.102398969233, 0.0312437899411, 0.0183169227093, 0.100438050926, 0.206342920661],
        "stdev": [0.326733589172, 0.11461070925, 0.0454518049955, 0.0256590507925, 0.162147521973, 0.173143044114]
    },
    "beats_position": [0.719818592072, 1.43963718414, 2.13623571396, 2.80961441994, 3.49460315704, 4.1679816246, 4.85297060013, 5.52634906769, 6.21133756638, 6.87310647964, 7.5464849472, 8.20825386047, 8.88163280487, 9.55501079559, 10.2399997711, 10.9133787155, 11.5867567062, 12.2601356506, 12.933514595, 13.6068935394, 14.2802715302, 14.9536504745, 15.6270294189, 16.3004074097, 16.9737873077, 17.6471652985, 18.3205432892, 18.9939231873, 19.667301178, 20.363899231, 21.037279129, 21.7106571198, 22.3840351105, 23.0574150085, 23.7307929993, 24.40417099, 25.0775508881, 25.7509288788, 26.4243087769, 27.0976867676, 27.7710647583, 28.4444446564, 29.1178226471, 29.7912006378, 30.4645805359, 31.1379585266, 31.8229465485, 32.5079345703, 33.1813163757, 33.8546943665, 34.5280723572, 35.2014503479, 35.8748283386, 36.5482063293, 37.2215881348, 37.8949661255, 38.5683441162, 39.2417221069, 39.9151000977, 40.5884780884, 41.2618598938, 41.9352378845, 42.6086158752, 43.2936058044, 43.9785919189, 44.6519737244, 45.3253517151, 45.9987297058, 46.6721076965, 47.3454856873, 48.018863678, 48.6922454834, 49.3656234741, 50.0390014648, 50.7123794556, 51.3857574463, 52.0591392517, 52.7325172424, 53.4058952332, 54.0908851624, 54.7758712769, 55.4492492676, 56.122631073, 56.7960090637, 57.4693870544, 58.1427650452, 58.8161430359, 59.4895210266, 60.162902832, 60.8362808228, 61.5096588135, 62.1830368042, 62.8564147949, 63.5297966003, 64.2031707764, 64.8881607056, 65.5731506348, 66.2697525024, 66.9663467407, 67.6745529175, 68.3595428467],
    "bpm_histogram": [0, 0, 0, 0, 0, 0, 0, 0, 0, 0, 0, 0, 0, 0, 0, 0, 0, 0, 0, 0, 0, 0, 0, 0, 0, 0, 0, 0, 0, 0, 0, 0, 0, 0, 0, 0, 0, 0, 0, 0, 0, 0, 0, 0, 0, 0, 0, 0, 0, 0, 0, 0, 0, 0, 0, 0, 0, 0, 0, 0, 0, 0, 0, 0, 0, 0, 0, 0, 0, 0, 0, 0, 0, 0, 0, 0, 0, 0, 0, 0, 0, 0, 0, 0.00999999977648, 0, 0.00999999977648, 0.0399999991059, 0, 0.129999995232, 0.790000021458, 0, 0.019999999553, 0, 0, 0, 0, 0, 0, 0, 0, 0, 0, 0, 0, 0, 0, 0, 0, 0, 0, 0, 0, 0, 0, 0, 0, 0, 0, 0, 0, 0, 0, 0, 0, 0, 0, 0, 0, 0, 0, 0, 0, 0, 0, 0, 0, 0, 0, 0, 0, 0, 0, 0, 0, 0, 0, 0, 0, 0, 0, 0, 0, 0, 0, 0, 0, 0, 0, 0, 0, 0, 0, 0, 0, 0, 0, 0, 0, 0, 0, 0, 0, 0, 0, 0, 0, 0, 0, 0, 0, 0, 0, 0, 0, 0, 0, 0, 0, 0, 0, 0, 0, 0, 0, 0, 0, 0, 0, 0, 0, 0, 0, 0, 0, 0, 0, 0, 0, 0, 0, 0, 0, 0, 0, 0, 0, 0, 0, 0, 0, 0, 0, 0, 0, 0, 0, 0, 0, 0, 0, 0, 0, 0, 0, 0, 0, 0, 0, 0, 0, 0, 0, 0, 0, 0, 0, 0, 0, 0, 0]
},
"tonal": {
    "chords_changes_rate": 0.091946311295,
    "chords_number_rate": 0.00469798641279,
    "chords_strength": {
        "mean": 0.485136151314,
        "stdev": 0.0864354148507
    },
    "hpcp_crest": {
        "mean": 10.6624832153,
        "stdev": 5.34663009644
    },
    "hpcp_entropy": {
        "mean": 2.45328855515,
        "stdev": 0.817785561085
    },
    "key_edma": {
        "strength": 0.580332458019,
        "key": "C#",
        "scale": "major"
    },
    "key_krumhansl": {
        "strength": 0.561404645443,
        "key": "C#",
        "scale": "major"
    },
    "key_temperley": {
        "strength": 0.533073544502,
        "key": "C#",
        "scale": "major"
    },
    "tuning_diatonic_strength": 0.466282188892,
    "tuning_equal_tempered_deviation": 0.18461124599,
    "tuning_frequency": 441.272583008,
    "tuning_nontempered_energy_ratio": 0.83565557003,
    "hpcp": {
        "mean": [0.133186891675, 0.0981296077371, 0.0951331630349, 0.0956580638885, 0.104356899858, 0.130217730999, 0.184348165989, 0.226915374398, 0.228237241507, 0.19910761714, 0.160094276071, 0.162840619683, 0.196053951979, 0.169941097498, 0.131473064423, 0.139020696282, 0.140563637018, 0.185022339225, 0.18821105361, 0.141507446766, 0.13225877285, 0.120347090065, 0.123464286327, 0.145404219627, 0.184835717082, 0.169683262706, 0.143039807677, 0.173975884914, 0.173176988959, 0.146286085248, 0.14780561626, 0.169330075383, 0.198632314801, 0.2484036237, 0.253251969814, 0.196332871914],
        "stdev": [0.207408189774, 0.191389799118, 0.186114832759, 0.159548833966, 0.166792571545, 0.218493387103, 0.284679532051, 0.313838154078, 0.308455109596, 0.289972305298, 0.258937507868, 0.254050582647, 0.269026637077, 0.24411816895, 0.219640105963, 0.232592746615, 0.226845353842, 0.26698499918, 0.272626936436, 0.218645170331, 0.216970279813, 0.193732514977, 0.207683429122, 0.218773528934, 0.265130579472, 0.238854289055, 0.221005544066, 0.252057611942, 0.252767086029, 0.220037490129, 0.225292950869, 0.25018799305, 0.264511197805, 0.298362880945, 0.3014934659, 0.271188318729]
    },
    "chords_histogram": [62.0134239197, 16.4429531097, 0, 0, 0, 0, 0, 0.268456369638, 0.134228184819, 0, 0, 0.469798654318, 1.20805370808, 2.08053684235, 0, 0, 0, 0.268456369638, 7.1812081337, 4.29530191422, 5.57046985626, 0, 0, 0.0671140924096],
    "thpcp": [1, 0.77524715662, 0.52590662241, 0.387478172779, 0.375646293163, 0.377718925476, 0.412067472935, 0.514182507992, 0.727923929691, 0.896006345749, 0.901225924492, 0.786203622818, 0.632154107094, 0.642998456955, 0.774145841599, 0.671035647392, 0.519139349461, 0.54894220829, 0.555034697056, 0.730585992336, 0.743177056313, 0.55876147747, 0.522241830826, 0.475206911564, 0.487515598536, 0.574148416519, 0.729849100113, 0.670017540455, 0.564812242985, 0.686967551708, 0.683812975883, 0.577630579472, 0.583630681038, 0.668622910976, 0.784326851368, 0.980855643749],
    "chords_key": "C#",
    "chords_scale": "major"
}
}