{
"metadata": {
    "version": {
        "essentia": "2.1-dev",
        "essentia_git_sha": "v2.1_beta3-415-gd5473f3",
        "extractor": "music 2.0"
    },
    "audio_properties": {
        "analysis": {
            "equal_loudness": 0,
            "length": 213.551025391,
            "sample_rate": 44100,
            "start_time": 0,
            "downmix": "mix"
        },
        "bit_rate": 192000,
        "length": 213.551025391,
        "lossless": 0,
        "number_channels": 2,
        "replay_gain": -6.97214508057,
        "sample_rate": 44100,
        "codec": "mp3",
        "md5_encoded": "a05aaa2c98cf5c8840ad3e873487012b"
    },
    "tags": {
        "file_name": "lhistoire_de_lart.mp3"
    }
},
"lowlevel": {
    "average_loudness": 0.962006926537,
    "barkbands_crest": {
        "mean": 11.9640712738,
        "stdev": 6.30107450485
    },
    "barkbands_flatness_db": {
        "mean": 0.155783295631,
        "stdev": 0.0727121382952
    },
    "barkbands_kurtosis": {
        "mean": 11.9394607544,
        "stdev": 46.0999298096
    },
    "barkbands_skewness": {
        "mean": 2.03861308098,
        "stdev": 2.72051715851
    },
    "barkbands_spread": {
        "mean": 30.3476409912,
        "stdev": 19.2393169403
    },
    "dissonance": {
        "mean": 0.47912633419,
        "stdev": 0.0214974526316
    },
    "dynamic_complexity": 4.15897417068,
    "erbbands_crest": {
        "mean": 7.94435453415,
        "stdev": 3.850233078
    },
    "erbbands_flatness_db": {
        "mean": 0.144564688206,
        "stdev": 0.0359843485057
    },
    "erbbands_kurtosis": {
        "mean": 0.800390839577,
        "stdev": 3.6413371563
    },
    "erbbands_skewness": {
        "mean": -0.439164012671,
        "stdev": 0.850126743317
    },
    "erbbands_spread": {
        "mean": 45.1367111206,
        "stdev": 25.0635795593
    },
    "hfc": {
        "mean": 19.1648616791,
        "stdev": 23.3368434906
    },
    "loudness_ebu128": {
        "integrated": -17.7249660492,
        "loudness_range": 1.38640975952,
        "momentary": {
            "mean": -23.0811138153,
            "stdev": 31.3740272522
        },
        "short_term": {
            "mean": -19.9217586517,
            "stdev": 10.0544252396
        }
    },
    "melbands_crest": {
        "mean": 19.4817771912,
        "stdev": 8.7685842514
    },
    "melbands_flatness_db": {
        "mean": 0.201621994376,
        "stdev": 0.100049443543
    },
    "melbands_kurtosis": {
        "mean": 44.9453964233,
        "stdev": 106.356712341
    },
    "melbands_skewness": {
        "mean": 4.26034259796,
        "stdev": 4.19181919098
    },
    "melbands_spread": {
        "mean": 34.8178863525,
        "stdev": 33.4118766785
    },
    "pitch_salience": {
        "mean": 0.4703784585,
        "stdev": 0.194864571095
    },
    "silence_rate_20dB": {
        "mean": 1,
        "stdev": 0
    },
    "silence_rate_30dB": {
        "mean": 0.984888017178,
        "stdev": 0.121999837458
    },
    "silence_rate_60dB": {
        "mean": 0.106653623283,
        "stdev": 0.308676034212
    },
    "spectral_centroid": {
        "mean": 2292.41748047,
        "stdev": 1337.17810059
    },
    "spectral_complexity": {
        "mean": 16.7035217285,
        "stdev": 14.4616889954
    },
    "spectral_decrease": {
        "mean": -6.41745767638e-09,
        "stdev": 6.83249012923e-09
    },
    "spectral_energy": {
        "mean": 0.0259593073279,
        "stdev": 0.0266617834568
    },
    "spectral_energyband_high": {
        "mean": 0.00121052516624,
        "stdev": 0.00194452574942
    },
    "spectral_energyband_low": {
        "mean": 0.016571411863,
        "stdev": 0.02343085967
    },
    "spectral_energyband_middle_high": {
        "mean": 0.00424054218456,
        "stdev": 0.00587745103985
    },
    "spectral_energyband_middle_low": {
        "mean": 0.00462649716064,
        "stdev": 0.00703876325861
    },
    "spectral_entropy": {
        "mean": 7.87408781052,
        "stdev": 0.403005182743
    },
    "spectral_flux": {
        "mean": 0.0998386666179,
        "stdev": 0.064661718905
    },
    "spectral_kurtosis": {
        "mean": 2.90452694893,
        "stdev": 1.7934063673
    },
    "spectral_rms": {
        "mean": 0.00442068930715,
        "stdev": 0.00240493216552
    },
    "spectral_rolloff": {
        "mean": 2121.0925293,
        "stdev": 2859.00292969
    },
    "spectral_skewness": {
        "mean": 1.10931313038,
        "stdev": 0.34771412611
    },
    "spectral_spread": {
        "mean": 5202224.5,
        "stdev": 4586843
    },
    "spectral_strongpeak": {
        "mean": 0.436883926392,
        "stdev": 0.72955083847
    },
    "zerocrossingrate": {
        "mean": 0.0752754211426,
        "stdev": 0.0714010372758
    },
    "barkbands": {
        "mean": [0.00122829223983, 0.011181906797, 0.00354850338772, 0.00117088365369, 0.000871168624144, 0.000664888881147, 0.000768107012846, 0.000521397625562, 0.000504324561916, 0.000346088840161, 0.000226313204621, 0.000375913485186, 0.000366576045053, 0.00053384405328, 0.000363943399861, 0.000466850382509, 0.000401581375627, 0.000411286542658, 0.00051941908896, 0.000540526409168, 0.000347907742253, 0.000193141968339, 0.000127255334519, 0.000157354748808, 0.000108899672341, 1.29282261696e-05, 8.48886128058e-10],
        "stdev": [0.00146247434895, 0.0154413534328, 0.010824881494, 0.0031498526223, 0.00195110496134, 0.0016233890783, 0.00185412354767, 0.00152222730685, 0.00103559624404, 0.000841468805447, 0.000561029009987, 0.000853966106661, 0.000751158979256, 0.00102173921186, 0.000656813906971, 0.000958144955803, 0.000675051182043, 0.000731109350454, 0.000900729326531, 0.000971302273683, 0.000621617014986, 0.000340379105182, 0.00029828507104, 0.000356749485945, 0.000332255935064, 2.58449090325e-05, 1.40384215364e-09]
    },
    "erbbands": {
        "mean": [0.425474852324, 2.06512355804, 4.31014823914, 4.08019924164, 3.44375896454, 2.81498670578, 2.94472742081, 6.50090646744, 9.35484600067, 12.8242139816, 11.082983017, 10.4531698227, 12.7574119568, 9.2014465332, 11.3314847946, 14.293384552, 17.0893802643, 28.7496089935, 18.8673839569, 18.4760856628, 28.8060474396, 23.6753921509, 21.0983409882, 24.3449726105, 28.8818092346, 24.2668132782, 17.0182380676, 11.9012622833, 7.44267702103, 5.03479099274, 3.33531069756, 2.75984477997, 2.89122605324, 1.79870796204, 0.440756350756, 0.0921166092157, 0.020150128752, 0.00139256950933, 4.96913962706e-05, 3.46940432792e-05],
        "stdev": [0.542664587498, 3.60265803337, 12.0491228104, 11.0420560837, 8.71072101593, 6.35564422607, 6.18742704391, 17.2885856628, 23.6078243256, 34.056892395, 31.0411720276, 23.1329555511, 28.0926895142, 20.2912960052, 26.072599411, 33.912437439, 33.1371879578, 53.5725364685, 36.8250923157, 33.2420425415, 56.5419235229, 38.6551475525, 37.1566467285, 42.342464447, 47.5591163635, 44.8954048157, 30.4048843384, 21.6020278931, 12.6788663864, 10.3397798538, 8.09038162231, 5.85389757156, 7.5148525238, 5.75068283081, 1.06921577454, 0.180745959282, 0.0414060875773, 0.00287214946002, 7.44478747947e-05, 3.30970869982e-05]
    },
    "gfcc": {
        "mean": [-54.2288665771, 68.7918395996, -118.457206726, 62.6348609924, -47.3857955933, 26.5968990326, -28.5581893921, 21.2721405029, -17.7893466949, 11.8942947388, -8.29916667938, -2.35631489754, -6.01271438599],
        "cov": [[33871.7304688, 1431.1394043, -2815.01000977, 1049.38330078, -1524.88562012, 294.851928711, -1039.27539062, 386.74017334, -611.798156738, 313.625823975, -323.459594727, -42.1025657654, -260.324768066], [1431.1394043, 1034.16186523, -199.362548828, -99.3572463989, -9.85430717468, -122.481773376, 87.2629165649, -53.8390922546, 43.6926841736, -23.195318222, 67.1670150757, -27.7697811127, -22.6042785645], [-2815.01000977, -199.362548828, 1181.28674316, 241.570953369, 239.373840332, 62.5508995056, 81.2233581543, -18.2208557129, 50.8471603394, -6.18571472168, 20.1489315033, 3.53895258904, 53.2418403625], [1049.38330078, -99.3572463989, 241.570953369, 642.461975098, 157.563980103, 59.0174636841, -41.4973449707, 8.26305866241, 22.3787841797, -16.329284668, -19.7217388153, -34.1523780823, 60.7006492615], [-1524.88562012, -9.85430717468, 239.373840332, 157.563980103, 402.931304932, 77.5194549561, 125.759719849, 19.5305767059, 95.0738220215, -13.9441289902, 13.4779987335, -8.81271362305, 49.5088768005], [294.851928711, -122.481773376, 62.5508995056, 59.0174636841, 77.5194549561, 276.133728027, 125.170967102, 61.4568214417, -1.06135761738, 13.364695549, -10.7190885544, -6.12195634842, 6.96429395676], [-1039.27539062, 87.2629165649, 81.2233581543, -41.4973449707, 125.759719849, 125.170967102, 335.442474365, 67.024055481, 51.1599693298, -9.36142444611, 37.3094787598, 4.33590841293, 7.68399953842], [386.74017334, -53.8390922546, -18.2208557129, 8.26305866241, 19.5305767059, 61.4568214417, 67.024055481, 149.617263794, 46.3663139343, 18.9186954498, 4.72098970413, -0.975262105465, 10.0632610321], [-611.798156738, 43.6926841736, 50.8471603394, 22.3787841797, 95.0738220215, -1.06135761738, 51.1599693298, 46.3663139343, 140.398422241, 37.4134559631, 29.6912002563, -5.98347663879, 21.8795623779], [313.625823975, -23.195318222, -6.18571472168, -16.329284668, -13.9441289902, 13.364695549, -9.36142444611, 18.9186954498, 37.4134559631, 111.335197449, 36.4194145203, 13.3823070526, -11.8077316284], [-323.459594727, 67.1670150757, 20.1489315033, -19.7217388153, 13.4779987335, -10.7190885544, 37.3094787598, 4.72098970413, 29.6912002563, 36.4194145203, 103.657341003, 18.1129055023, 7.79340648651], [-42.1025657654, -27.7697811127, 3.53895258904, -34.1523780823, -8.81271362305, -6.12195634842, 4.33590841293, -0.975262105465, -5.98347663879, 13.3823070526, 18.1129055023, 82.9268112183, 20.0665607452], [-260.324768066, -22.6042785645, 53.2418403625, 60.7006492615, 49.5088768005, 6.96429395676, 7.68399953842, 10.0632610321, 21.8795623779, -11.8077316284, 7.79340648651, 20.0665607452, 78.135848999]],
        "icov": [[0.000126521175844, -0.000331805873429, 0.000210834201425, -0.000396667717723, 0.00029914197512, -0.000336848112056, 0.000374105293304, -0.000586777052376, 0.00051332777366, -0.000509886129294, 0.000373211019905, -0.000242997746682, 0.000173680877197], [-0.000331805873429, 0.00213077501394, -0.000310009228997, 0.00103824702092, -0.000716615468264, 0.00145425403025, -0.00157161266543, 0.00214847456664, -0.00182576442603, 0.00177038810216, -0.00172811117955, 0.00113860564306, -0.000223350769375], [0.000210834201425, -0.000310009228997, 0.00141747109592, -0.000940146157518, 8.25044844532e-05, -0.000505392730702, 0.000365786429029, -0.000547985837329, 0.000739525770769, -0.000827903102618, 0.000377841235604, -0.000429207429988, 0.000144968653331], [-0.000396667717723, 0.00103824702092, -0.000940146157518, 0.00333863846026, -0.00160431186669, 0.000631927046925, -0.000431542197475, 0.00163884530775, -0.00134403491393, 0.00155727984384, -0.00107514555566, 0.00183410989121, -0.00193478178699], [0.00029914197512, -0.000716615468264, 8.25044844532e-05, -0.00160431186669, 0.00489197904244, -0.00146807765123, -0.000184656542842, -0.00040485340287, -0.00146751920693, -0.000205535208806, 0.000992143875919, -0.000502148177475, -0.000509211560711], [-0.000336848112056, 0.00145425403025, -0.000505392730702, 0.000631927046925, -0.00146807765123, 0.00652771862224, -0.00325638614595, 0.000191293365788, 0.000619904953055, -0.000433956563938, 4.58897884528e-05, 0.00139604893047, -0.000806387339253], [0.000374105293304, -0.00157161266543, 0.000365786429029, -0.000431542197475, -0.000184656542842, -0.00325638614595, 0.00628914544359, -0.00325826904736, 0.000723404111341, 0.000269094802206, -0.000561656139325, -0.00134628079832, 0.00132601242512], [-0.000586777052376, 0.00214847456664, -0.000547985837329, 0.00163884530775, -0.00040485340287, 0.000191293365788, -0.00325826904736, 0.0119280721992, -0.00572382798418, 0.0019532321021, -0.00126550509594, 0.00131859909743, -0.00152397784404], [0.00051332777366, -0.00182576442603, 0.000739525770769, -0.00134403491393, -0.00146751920693, 0.000619904953055, 0.000723404111341, -0.00572382798418, 0.0145440716296, -0.00675282301381, 0.000778633693699, 0.00136432657018, -0.00225821183994], [-0.000509886129294, 0.00177038810216, -0.000827903102618, 0.00155727984384, -0.000205535208806, -0.000433956563938, 0.000269094802206, 0.0019532321021, -0.00675282301381, 0.0154297817498, -0.00595496594906, -0.00149980117567, 0.00326038314961], [0.000373211019905, -0.00172811117955, 0.000377841235604, -0.00107514555566, 0.000992143875919, 4.58897884528e-05, -0.000561656139325, -0.00126550509594, 0.000778633693699, -0.00595496594906, 0.0141801573336, -0.0025713336654, -0.000965177023318], [-0.000242997746682, 0.00113860564306, -0.000429207429988, 0.00183410989121, -0.000502148177475, 0.00139604893047, -0.00134628079832, 0.00131859909743, 0.00136432657018, -0.00149980117567, -0.0025713336654, 0.0155308833346, -0.00579707277939], [0.000173680877197, -0.000223350769375, 0.000144968653331, -0.00193478178699, -0.000509211560711, -0.000806387339253, 0.00132601242512, -0.00152397784404, -0.00225821183994, 0.00326038314961, -0.000965177023318, -0.00579707277939, 0.0178870279342]]
    },
    "melbands": {
        "mean": [0.00339090707712, 0.00246580666862, 0.000716361391824, 0.000222915405175, 0.000105642073322, 0.000142678516568, 0.000148865699884, 0.000136671442306, 8.77118145581e-05, 6.72043679515e-05, 6.3618812419e-05, 3.72387730749e-05, 3.39892067132e-05, 4.08047380915e-05, 3.49338079104e-05, 4.69568658445e-05, 5.18027118233e-05, 2.8646998544e-05, 2.92420590995e-05, 2.30457699217e-05, 3.58600009349e-05, 2.50183293247e-05, 1.77590100066e-05, 2.15695745283e-05, 1.90174469026e-05, 2.12049708352e-05, 2.05368196475e-05, 1.51887188622e-05, 1.16160299513e-05, 7.88689976616e-06, 6.49741559755e-06, 4.35394804299e-06, 3.15157217301e-06, 2.70257783086e-06, 1.94572817236e-06, 1.68794394995e-06, 1.67718962985e-06, 2.0479021714e-06, 1.97320673578e-06, 1.37596794048e-06],
        "stdev": [0.00426486460492, 0.00561991892755, 0.00182570819743, 0.000515610154252, 0.000212800368899, 0.000366696302081, 0.000357928132871, 0.000360306294169, 0.000242289388552, 0.000145657497342, 0.000141790369526, 8.62426095409e-05, 8.26589457574e-05, 9.55064970185e-05, 8.26068062452e-05, 8.72812524904e-05, 9.94682486635e-05, 6.47585911793e-05, 5.20350840816e-05, 4.73740292364e-05, 7.37448135624e-05, 4.38924689661e-05, 3.18233614962e-05, 4.00496537623e-05, 3.51822272933e-05, 3.68529399566e-05, 3.76505304303e-05, 2.95842346532e-05, 2.17034103116e-05, 1.49145726027e-05, 1.20381782835e-05, 7.33603292247e-06, 6.13294423601e-06, 6.1090854615e-06, 4.9765408221e-06, 3.96269524572e-06, 3.69884151041e-06, 5.43656005902e-06, 5.79558081881e-06, 4.66278152089e-06]
    },
    "melbands128": {
        "mean": [0.0011642142199, 0.00383452675305, 0.00394583214074, 0.00329275964759, 0.00250739511102, 0.00157270650379, 0.000836895895191, 0.000532622681931, 0.000329770671669, 0.000218104003579, 0.000165943682077, 9.60330071393e-05, 8.38666819618e-05, 0.000119074036775, 0.000159410163178, 0.000140892909258, 0.000138045550557, 0.000147873884998, 0.000170653685927, 0.000149835686898, 0.000123658930534, 9.61554032983e-05, 8.56729384395e-05, 8.13157166704e-05, 5.93084369029e-05, 6.3417115598e-05, 7.99846166046e-05, 6.30993818049e-05, 5.5452077504e-05, 3.74588526029e-05, 3.27884263243e-05, 3.10407631332e-05, 3.04404875351e-05, 3.63461949746e-05, 5.00705573359e-05, 3.76415409846e-05, 3.35007025569e-05, 4.2218787712e-05, 2.65139060502e-05, 3.34779397235e-05, 3.67249122064e-05, 9.00489612832e-05, 5.88522052567e-05, 2.96956877719e-05, 3.23708773067e-05, 2.64032951236e-05, 2.52400441241e-05, 3.95719580411e-05, 2.55106406257e-05, 1.83470783668e-05, 2.30308432947e-05, 2.02364117285e-05, 4.76732784591e-05, 3.74346527678e-05, 2.32346919802e-05, 2.59142161667e-05, 2.37905860558e-05, 1.84990658454e-05, 1.62341584655e-05, 1.48990829985e-05, 2.51043929893e-05, 2.28304816119e-05, 1.89614511328e-05, 1.43484703585e-05, 2.55914565059e-05, 2.07078974199e-05, 1.89925158338e-05, 2.39331402554e-05, 2.13032344618e-05, 1.52987577167e-05, 1.57442518685e-05, 1.51017320604e-05, 1.27964840431e-05, 1.18585803648e-05, 9.02579449757e-06, 7.47378999222e-06, 7.93291656009e-06, 7.05056163497e-06, 6.77878779243e-06, 5.52733490622e-06, 3.9515230128e-06, 4.48876426162e-06, 3.57650105798e-06, 3.03035449178e-06, 2.6861250717e-06, 2.77191202258e-06, 2.82129735751e-06, 2.40513509198e-06, 1.80413690032e-06, 1.65979633948e-06, 1.73889407051e-06, 1.73138744231e-06, 1.58739624112e-06, 1.53128337388e-06, 1.7676478592e-06, 2.13407383853e-06, 2.04814932658e-06, 2.02562637241e-06, 2.08911319532e-06, 1.92711286218e-06, 1.67544794749e-06, 1.34420974973e-06, 9.48438014348e-07, 6.00594432854e-07, 4.01591137233e-07, 3.2910054415e-07, 2.3485883105e-07, 1.60962642326e-07, 1.3783984798e-07, 1.17571566705e-07, 9.50750589368e-08, 7.68846888377e-08, 5.61080071293e-08, 4.26334167969e-08, 3.35958318942e-08, 6.29815755104e-09, 5.33378072612e-12, 3.96692704727e-12, 3.85394580832e-12, 3.73965702155e-12, 3.65047879078e-12, 3.57181168323e-12, 3.49301967559e-12, 3.42855062917e-12, 3.38049662048e-12, 3.34634381836e-12, 3.32084988848e-12, 3.29479239031e-12],
        "stdev": [0.00139709736686, 0.00509324390441, 0.00570549210533, 0.00675466516986, 0.00698422361165, 0.00485054636374, 0.00244133383967, 0.00145797093865, 0.000932713912334, 0.000588916533161, 0.00043716939399, 0.000264746922767, 0.000212305574678, 0.00034081787453, 0.000504827301484, 0.000479254900711, 0.000513641803991, 0.000430645333836, 0.000491952407174, 0.00051961094141, 0.000443689903477, 0.000375648232875, 0.000307684327709, 0.000263532652752, 0.000193266372662, 0.000179521419341, 0.000198927620659, 0.000205691379961, 0.000169816543348, 0.00011820452346, 9.11722090677e-05, 8.54658137541e-05, 0.000111940142233, 0.000109091386548, 0.00013812573161, 0.000117287694593, 0.000128809304442, 0.00011181877926, 8.65884430823e-05, 9.05492197489e-05, 0.000101576508314, 0.000213409904973, 0.000136000788189, 8.85810586624e-05, 9.4396797067e-05, 7.56810841267e-05, 6.18432095507e-05, 7.92413920863e-05, 5.86420901527e-05, 4.65719422209e-05, 6.27333283774e-05, 4.56386478618e-05, 0.000115315720905, 0.000122778074001, 5.21473484696e-05, 5.32736303285e-05, 4.27481099905e-05, 3.69736007997e-05, 3.78972363251e-05, 3.50309164787e-05, 5.53366189706e-05, 4.64396871394e-05, 4.7093773901e-05, 3.40510705428e-05, 4.91083083034e-05, 4.89702433697e-05, 3.95040806325e-05, 4.50523657491e-05, 4.53626926173e-05, 3.74674709747e-05, 3.54567673639e-05, 3.05011417367e-05, 2.84842444671e-05, 2.40517711063e-05, 1.85786684597e-05, 1.65174442373e-05, 1.59979863383e-05, 1.49234119817e-05, 1.35092923301e-05, 1.08633157652e-05, 7.14961470294e-06, 8.11725112726e-06, 6.69643941364e-06, 6.86212024448e-06, 5.90735180594e-06, 6.36538288745e-06, 7.37214259061e-06, 6.3595125539e-06, 5.16307682119e-06, 4.98074996358e-06, 4.9332143135e-06, 3.85235807698e-06, 3.763091172e-06, 3.5978739561e-06, 4.54617475043e-06, 5.63020057598e-06, 6.66102414471e-06, 5.72836052015e-06, 5.70438305658e-06, 7.51564630264e-06, 6.18463081992e-06, 4.61467789137e-06, 3.2218256365e-06, 1.81291227364e-06, 9.40682014061e-07, 6.35863898424e-07, 4.69079253662e-07, 3.40261806286e-07, 2.98296072287e-07, 2.91205225267e-07, 2.21308766868e-07, 1.74550436327e-07, 1.26718077809e-07, 9.89113075889e-08, 7.38730037142e-08, 1.75238099587e-08, 1.06171495207e-11, 6.60352458479e-12, 6.40237342309e-12, 6.21828847094e-12, 6.05873250875e-12, 5.92007042347e-12, 5.79720429647e-12, 5.69324795641e-12, 5.60487593837e-12, 5.5381762544e-12, 5.48893526117e-12, 5.45688711232e-12]
    },
    "mfcc": {
        "mean": [-675.719970703, 83.9704437256, -0.382394403219, 37.8062667847, 12.7761793137, 11.6208200455, 12.0002908707, 6.24671459198, 7.63096189499, 9.91598701477, 6.24281787872, 7.15127420425, 3.41195178032],
        "cov": [[14655.8222656, 1164.7253418, -647.882019043, 171.227005005, -298.009094238, -162.91394043, -172.851638794, -229.880065918, -152.469360352, -29.5619297028, -36.3573303223, -21.941570282, -21.0553398132], [1164.7253418, 1203.26037598, -143.431533813, -0.320774585009, -130.710128784, -28.8009243011, 6.75697803497, 23.4421043396, -48.2026290894, 21.2729701996, 33.7379226685, 71.1371536255, 39.2259368896], [-647.882019043, -143.431533813, 730.401611328, 207.294281006, 164.908843994, 85.706993103, 75.8898391724, -5.52749013901, 58.4139251709, -20.3905315399, -27.5668449402, 10.5147657394, 55.1705856323], [171.227005005, -0.320774585009, 207.294281006, 527.907958984, 232.71925354, 92.1818618774, 15.4950561523, 19.5208263397, 56.2544937134, 13.3432445526, -32.9990234375, 0.732017576694, 41.2296180725], [-298.009094238, -130.710128784, 164.908843994, 232.71925354, 360.470062256, 87.721496582, 7.54616212845, 2.90401983261, 73.1089630127, 21.8465061188, -12.8301086426, -2.93898749352, 0.432138651609], [-162.91394043, -28.8009243011, 85.706993103, 92.1818618774, 87.721496582, 230.057922363, 109.336914062, 61.334438324, 61.8952026367, 16.5530738831, 38.6931991577, 13.7816066742, -26.8799343109], [-172.851638794, 6.75697803497, 75.8898391724, 15.4950561523, 7.54616212845, 109.336914062, 210.143722534, 111.077323914, 59.2116928101, 40.0432662964, 40.3746376038, 8.60067367554, 4.45614385605], [-229.880065918, 23.4421043396, -5.52749013901, 19.5208263397, 2.90401983261, 61.334438324, 111.077323914, 168.361846924, 83.8229370117, 33.5630683899, 31.1104240417, 2.87056088448, 0.372305333614], [-152.469360352, -48.2026290894, 58.4139251709, 56.2544937134, 73.1089630127, 61.8952026367, 59.2116928101, 83.8229370117, 154.528717041, 52.317653656, 19.9145278931, 8.29062080383, 8.88872623444], [-29.5619297028, 21.2729701996, -20.3905315399, 13.3432445526, 21.8465061188, 16.5530738831, 40.0432662964, 33.5630683899, 52.317653656, 117.062644958, 49.8192024231, 15.5089855194, 8.52287197113], [-36.3573303223, 33.7379226685, -27.5668449402, -32.9990234375, -12.8301086426, 38.6931991577, 40.3746376038, 31.1104240417, 19.9145278931, 49.8192024231, 116.222991943, 42.63879776, -3.86197781563], [-21.941570282, 71.1371536255, 10.5147657394, 0.732017576694, -2.93898749352, 13.7816066742, 8.60067367554, 2.87056088448, 8.29062080383, 15.5089855194, 42.63879776, 76.459854126, 31.0922412872], [-21.0553398132, 39.2259368896, 55.1705856323, 41.2296180725, 0.432138651609, -26.8799343109, 4.45614385605, 0.372305333614, 8.88872623444, 8.52287197113, -3.86197781563, 31.0922412872, 92.3525543213]],
        "icov": [[8.22925503599e-05, -7.46695950511e-05, 7.57706075092e-05, -9.71230474534e-05, 7.66757584643e-05, 2.6893481845e-05, -5.44285103388e-05, 0.00020028113795, -8.6087253294e-05, 3.90642417187e-05, -2.93819903163e-05, 8.47691553645e-05, 3.27720954374e-05], [-7.46695950511e-05, 0.00103834061883, 9.01796811377e-05, -0.000141212265589, 0.000281277258182, -1.93440337171e-06, 3.95758252125e-05, -0.00047613636707, 0.000506723765284, -0.000275327358395, 0.000213055405766, -0.00104587338865, -0.000113088724902], [7.57706075092e-05, 9.01796811377e-05, 0.00197161105461, -0.000499779649545, -0.000345847656718, -0.000117430841783, -0.00112712266855, 0.00116119673476, -0.000702175369952, 0.000868663017172, 0.000127793799038, -1.85627304745e-05, -0.000959576747846], [-9.71230474534e-05, -0.000141212265589, -0.000499779649545, 0.00324159604497, -0.00175816868432, -0.00110684591345, 0.000786267453805, -0.000877825135831, 0.000443044380518, -0.000504525320139, 0.000886834401172, 0.000410210137488, -0.00155619939324], [7.66757584643e-05, 0.000281277258182, -0.000345847656718, -0.00175816868432, 0.00481248227879, -0.000929195201024, 0.00058988109231, 0.000980169512331, -0.00160560547374, -0.000618667108938, 0.000368264969438, -0.000177843132406, 0.000851051823702], [2.6893481845e-05, -1.93440337171e-06, -0.000117430841783, -0.00110684591345, -0.000929195201024, 0.00798875652254, -0.00385561166331, 0.000591361313127, -0.00160396087449, 0.00166793528479, -0.00158005056437, -0.00178283709101, 0.00361903710291], [-5.44285103388e-05, 3.95758252125e-05, -0.00112712266855, 0.000786267453805, 0.00058988109231, -0.00385561166331, 0.0101673491299, -0.00570677313954, 0.00138996506575, -0.002146682702, -0.000510010577273, 0.00111609580927, -0.00163220812101], [0.00020028113795, -0.00047613636707, 0.00116119673476, -0.000877825135831, 0.000980169512331, 0.000591361313127, -0.00570677313954, 0.012882382609, -0.00599042512476, 0.00153778679669, -0.00152244861238, 0.00154938420746, 0.00018641584029], [-8.6087253294e-05, 0.000506723765284, -0.000702175369952, 0.000443044380518, -0.00160560547374, -0.00160396087449, 0.00138996506575, -0.00599042512476, 0.0121653396636, -0.00433880090714, 0.00134656648152, -0.000924391788431, -0.000918372883461], [3.90642417187e-05, -0.000275327358395, 0.000868663017172, -0.000504525320139, -0.000618667108938, 0.00166793528479, -0.002146682702, 0.00153778679669, -0.00433880090714, 0.0131966629997, -0.00557986972854, 0.00135303288698, -0.00107123458292], [-2.93819903163e-05, 0.000213055405766, 0.000127793799038, 0.000886834401172, 0.000368264969438, -0.00158005056437, -0.000510010577273, -0.00152244861238, 0.00134656648152, -0.00557986972854, 0.0153794018552, -0.0085986033082, 0.00292304274626], [8.47691553645e-05, -0.00104587338865, -1.85627304745e-05, 0.000410210137488, -0.000177843132406, -0.00178283709101, 0.00111609580927, 0.00154938420746, -0.000924391788431, 0.00135303288698, -0.0085986033082, 0.0221341643482, -0.00813402514905], [3.27720954374e-05, -0.000113088724902, -0.000959576747846, -0.00155619939324, 0.000851051823702, 0.00361903710291, -0.00163220812101, 0.00018641584029, -0.000918372883461, -0.00107123458292, 0.00292304274626, -0.00813402514905, 0.0163268968463]]
    },
    "spectral_contrast_coeffs": {
        "mean": [-0.754510223866, -0.790287673473, -0.806224405766, -0.801397264004, -0.796815097332, -0.763974905014],
        "stdev": [0.0813977047801, 0.0858734473586, 0.0682804509997, 0.0628091022372, 0.0522157177329, 0.0469700992107]
    },
    "spectral_contrast_valleys": {
        "mean": [-7.49238634109, -7.76609659195, -8.22985172272, -8.15308761597, -7.75281143188, -10.4118757248],
        "stdev": [2.72536659241, 2.74228787422, 2.69565415382, 2.6912214756, 2.71749401093, 2.4391784668]
    }
},
"rhythm": {
    "beats_count": 367,
    "beats_loudness": {
        "mean": 0.0370997749269,
        "stdev": 0.0222951117903
    },
    "bpm": 103.4923172,
    "bpm_histogram_first_peak_bpm": 103,
    "bpm_histogram_first_peak_weight": 0.133704781532,
    "bpm_histogram_second_peak_bpm": 98,
    "bpm_histogram_second_peak_spread": 0.199999988079,
    "bpm_histogram_second_peak_weight": 0.0109289614484,
    "danceability": 1.64224135876,
    "onset_rate": 5.35666942596,
    "beats_loudness_band_ratio": {
        "mean": [0.456695318222, 0.071332231164, 0.0791706219316, 0.0958089381456, 0.148928523064, 0.16095931828],
        "stdev": [0.354138076305, 0.0741036683321, 0.0789490416646, 0.0842223614454, 0.130983263254, 0.127732828259]
    },
    "beats_position": [0.510838985443, 1.04489791393, 1.60217678547, 2.18267560005, 2.76317453384, 3.34367346764, 3.92417216301, 4.5046710968, 5.08516979218, 5.66566896439, 6.23455762863, 6.81505680084, 7.38394546509, 7.96444416046, 8.54494285583, 9.12544155121, 9.70594120026, 10.2864398956, 10.866938591, 11.4474372864, 12.0279359818, 12.6084346771, 13.1889343262, 13.7694330215, 14.3499317169, 14.9304304123, 15.5109291077, 16.0914287567, 16.6719264984, 17.2524261475, 17.8329238892, 18.4018135071, 18.9823131561, 19.574420929, 20.154920578, 20.7354183197, 21.3159179688, 21.8964176178, 22.4769153595, 23.0574150085, 23.6379127502, 24.2184123993, 24.7989120483, 25.37940979, 25.948299408, 26.5404071808, 27.1092967987, 27.6897945404, 28.2586841583, 28.8391838074, 29.4196815491, 30.0001811981, 30.5806789398, 31.1611785889, 31.7416782379, 32.322177887, 32.9026756287, 33.4831733704, 34.0636711121, 34.6441726685, 35.2246704102, 35.8051681519, 36.3856697083, 36.96616745, 37.5466651917, 38.1271629333, 38.7076644897, 39.2881622314, 39.8686599731, 40.4491615295, 41.0296592712, 41.6101570129, 42.1790466309, 42.7595443726, 43.3284339905, 43.9089317322, 44.4894332886, 45.0931510925, 45.6736488342, 46.2541503906, 46.8230361938, 47.4035377502, 47.9724235535, 48.5529251099, 49.1334228516, 49.7139205933, 50.2944221497, 50.8749198914, 51.4554176331, 52.0359191895, 52.6164169312, 53.1969146729, 53.7774124146, 54.3579139709, 54.9384117126, 55.5189094543, 56.0994110107, 56.6799087524, 57.2604064941, 57.8409042358, 58.4214057922, 59.0019035339, 59.5707931519, 60.1396827698, 60.7201805115, 61.3122901917, 61.8927879333, 62.473285675, 63.042175293, 63.6226730347, 64.2031707764, 64.7836685181, 65.3641738892, 65.9446716309, 66.5251693726, 67.1056671143, 67.686164856, 68.2666625977, 68.8471679688, 69.4276657104, 70.0081634521, 70.5886611938, 71.1691589355, 71.7496566772, 72.3301544189, 72.91065979, 73.4911575317, 74.0716552734, 74.6521530151, 75.2326507568, 75.8131484985, 76.3936462402, 76.9741516113, 77.554649353, 78.1351470947, 78.7156448364, 79.2961425781, 79.8766403198, 80.4571380615, 81.0376434326, 81.6065292358, 82.198638916, 82.7791366577, 83.3596343994, 83.928527832, 84.5206298828, 85.0895233154, 85.6700210571, 86.2389068604, 86.8194122314, 87.3999099731, 87.9804077148, 88.5609054565, 89.1414031982, 89.7219009399, 90.3023986816, 90.8829040527, 91.4634017944, 92.0438995361, 92.6243972778, 93.2048950195, 93.7853927612, 94.3658905029, 94.946395874, 95.5268936157, 96.1073913574, 96.6878890991, 97.2683868408, 97.8488845825, 98.4293823242, 99.0098876953, 99.590385437, 100.170883179, 100.75138092, 101.331878662, 101.912376404, 102.481269836, 103.073379517, 103.653877258, 104.222763062, 104.791656494, 105.372154236, 105.952651978, 106.533149719, 107.113647461, 107.694145203, 108.274642944, 108.855148315, 109.435646057, 110.016143799, 110.596641541, 111.177139282, 111.757637024, 112.338134766, 112.918640137, 113.499137878, 114.07963562, 114.660133362, 115.240631104, 115.821128845, 116.401634216, 116.982131958, 117.5626297, 118.131515503, 118.712013245, 119.304122925, 119.884620667, 120.465126038, 121.045623779, 121.626121521, 122.206619263, 122.787117004, 123.356010437, 123.936508179, 124.505393982, 125.085891724, 125.666389465, 126.246894836, 126.827392578, 127.40789032, 127.988388062, 128.568893433, 129.149383545, 129.729888916, 130.310379028, 130.890884399, 131.471374512, 132.051879883, 132.632385254, 133.212875366, 133.793380737, 134.37387085, 134.942764282, 135.534866333, 136.115371704, 136.695877075, 137.276367188, 137.856872559, 138.437362671, 139.017868042, 139.598358154, 140.178863525, 140.759368896, 141.339859009, 141.92036438, 142.500854492, 143.081359863, 143.661849976, 144.230743408, 144.822860718, 145.40335083, 145.972244263, 146.541137695, 147.121627808, 147.702133179, 148.282623291, 148.863128662, 149.443618774, 150.024124146, 150.604629517, 151.185119629, 151.765625, 152.346115112, 152.926620483, 153.507110596, 154.087615967, 154.668121338, 155.24861145, 155.829116821, 156.409606934, 156.990112305, 157.570602417, 158.151107788, 158.731613159, 159.312103271, 159.892608643, 160.473098755, 161.053604126, 161.634094238, 162.214599609, 162.79510498, 163.375595093, 163.956100464, 164.524978638, 165.09387207, 165.674377441, 166.254867554, 166.835372925, 167.415863037, 167.996368408, 168.576873779, 169.157363892, 169.737869263, 170.318359375, 170.898864746, 171.479354858, 172.059860229, 172.640365601, 173.220855713, 173.801361084, 174.381851196, 174.962356567, 175.54284668, 176.123352051, 176.703857422, 177.284347534, 177.864852905, 178.445343018, 179.025848389, 179.606338501, 180.175231934, 180.744125366, 181.324615479, 181.916732788, 182.4972229, 183.077728271, 183.646621704, 184.227111816, 184.807617188, 185.3881073, 185.968612671, 186.549118042, 187.129608154, 187.710113525, 188.290603638, 188.871109009, 189.451599121, 190.032104492, 190.612609863, 191.193099976, 191.773605347, 192.354095459, 192.93460083, 193.515090942, 194.095596313, 194.676101685, 195.256591797, 195.837097168, 196.41758728, 196.998092651, 197.578598022, 198.159088135, 198.739593506, 199.320083618, 199.888977051, 200.469467163, 201.049972534, 201.630477905, 202.199356079, 202.77986145, 203.360351562, 203.940856934, 204.521362305, 205.101852417, 205.693969727, 206.274459839, 206.843353271, 207.423858643, 208.004348755, 208.584854126, 209.165344238, 209.769073486, 210.384399414, 210.999725342, 211.61505127, 212.241989136, 212.857315063],
    "bpm_histogram": [0, 0, 0, 0, 0, 0, 0, 0, 0, 0, 0, 0, 0, 0, 0, 0, 0, 0, 0, 0, 0, 0, 0, 0, 0, 0, 0, 0, 0, 0, 0, 0, 0, 0, 0, 0, 0, 0, 0, 0, 0, 0, 0, 0, 0, 0, 0, 0, 0, 0, 0, 0, 0, 0, 0, 0, 0, 0, 0, 0, 0, 0, 0, 0, 0, 0, 0, 0, 0, 0, 0, 0, 0, 0, 0, 0, 0, 0, 0, 0, 0, 0, 0, 0, 0, 0, 0, 0, 0, 0, 0, 0, 0, 0, 0, 0, 0.00273224036209, 0, 0.0109289614484, 0.00546448072419, 0, 0.0300546456128, 0, 0.84972679615, 0, 0.0956284180284, 0, 0, 0.00273224036209, 0, 0, 0, 0.00273224036209, 0, 0, 0, 0, 0, 0, 0, 0, 0, 0, 0, 0, 0, 0, 0, 0, 0, 0, 0, 0, 0, 0, 0, 0, 0, 0, 0, 0, 0, 0, 0, 0, 0, 0, 0, 0, 0, 0, 0, 0, 0, 0, 0, 0, 0, 0, 0, 0, 0, 0, 0, 0, 0, 0, 0, 0, 0, 0, 0, 0, 0, 0, 0, 0, 0, 0, 0, 0, 0, 0, 0, 0, 0, 0, 0, 0, 0, 0, 0, 0, 0, 0, 0, 0, 0, 0, 0, 0, 0, 0, 0, 0, 0, 0, 0, 0, 0, 0, 0, 0, 0, 0, 0, 0, 0, 0, 0, 0, 0, 0, 0, 0, 0, 0, 0, 0, 0, 0, 0, 0, 0, 0, 0, 0, 0, 0, 0, 0, 0, 0, 0, 0, 0, 0, 0, 0, 0]
},
"tonal": {
    "chords_changes_rate": 0.117826089263,
    "chords_number_rate": 0.00326086953282,
    "chords_strength": {
        "mean": 0.466625869274,
        "stdev": 0.172601863742
    },
    "hpcp_crest": {
        "mean": 11.318608284,
        "stdev": 5.55129861832
    },
    "hpcp_entropy": {
        "mean": 2.30954289436,
        "stdev": 0.882621049881
    },
    "key_edma": {
        "strength": 0.515408813953,
        "key": "G#",
        "scale": "minor"
    },
    "key_krumhansl": {
        "strength": 0.516441166401,
        "key": "G#",
        "scale": "minor"
    },
    "key_temperley": {
        "strength": 0.519772827625,
        "key": "G#",
        "scale": "minor"
    },
    "tuning_diatonic_strength": 0.511657416821,
    "tuning_equal_tempered_deviation": 0.253759741783,
    "tuning_frequency": 434.193115234,
    "tuning_nontempered_energy_ratio": 0.91833293438,
    "hpcp": {
        "mean": [0.124676130712, 0.104051023722, 0.0980295240879, 0.120778754354, 0.116180129349, 0.0894702598453, 0.0805953070521, 0.0728889033198, 0.0837420299649, 0.0977876856923, 0.0839330404997, 0.0682183653116, 0.0912890359759, 0.107295125723, 0.0948548540473, 0.0896411389112, 0.0974983870983, 0.123101778328, 0.181375831366, 0.229026302695, 0.205997794867, 0.163157835603, 0.13820053637, 0.137844562531, 0.152182489634, 0.14171679318, 0.115900956094, 0.136895403266, 0.165774196386, 0.137582406402, 0.115347929299, 0.111187644303, 0.11215043813, 0.139394745231, 0.15378524363, 0.141477093101],
        "stdev": [0.244087174535, 0.213079571724, 0.20253610611, 0.21417170763, 0.213597416878, 0.190745338798, 0.182336717844, 0.182638809085, 0.187511056662, 0.20489141345, 0.177976563573, 0.154443353415, 0.180751368403, 0.197977349162, 0.180077165365, 0.190464705229, 0.202454030514, 0.23709332943, 0.287228405476, 0.337767004967, 0.310321003199, 0.273451387882, 0.247127652168, 0.243982091546, 0.256056666374, 0.253485918045, 0.221247538924, 0.231831431389, 0.284142106771, 0.226387888193, 0.210642084479, 0.210516944528, 0.221036016941, 0.242705449462, 0.254134267569, 0.243591800332]
    },
    "chords_histogram": [5.5, 2.93478250504, 21.9347820282, 1.65217387676, 0.108695648611, 7.76086950302, 2.13043475151, 29.9565219879, 1.41304349899, 2.17391300201, 0.0869565233588, 0.434782594442, 2.10869574547, 0.891304373741, 0.260869562626, 0.108695648611, 0, 0.0434782616794, 0.0652173906565, 2.17391300201, 1.28260874748, 2.5, 10.6956520081, 3.78260874748],
    "thpcp": [1, 0.899450361729, 0.712397813797, 0.603426456451, 0.601872205734, 0.664476037025, 0.618779540062, 0.506059587002, 0.597727894783, 0.723821640015, 0.600727558136, 0.503644883633, 0.485479801893, 0.489683657885, 0.608640789986, 0.671474158764, 0.617732942104, 0.544374704361, 0.454319089651, 0.428027361631, 0.527357578278, 0.507278561592, 0.390654951334, 0.351904153824, 0.318255603313, 0.365643709898, 0.426971405745, 0.36647772789, 0.297862589359, 0.398596286774, 0.468483865261, 0.414165765047, 0.391401052475, 0.425708264112, 0.537500619888, 0.791943252087],
    "chords_key": "G#",
    "chords_scale": "major"
}
}