{
"metadata": {
    "version": {
        "essentia": "2.1-dev",
        "essentia_git_sha": "v2.1_beta3-415-gd5473f3",
        "extractor": "music 2.0"
    },
    "audio_properties": {
        "analysis": {
            "equal_loudness": 0,
            "length": 211.487350464,
            "sample_rate": 44100,
            "start_time": 0,
            "downmix": "mix"
        },
        "bit_rate": 192000,
        "length": 211.487350464,
        "lossless": 0,
        "number_channels": 2,
        "replay_gain": -8.67160987854,
        "sample_rate": 44100,
        "codec": "mp3",
        "md5_encoded": "4f95f0c509df94b4edf3b9498e32f204"
    },
    "tags": {
        "file_name": "master_p-them_jeans.mp3",
        "artist": ["Master P ft Lil' John"],
        "date": ["2003"],
        "genre": ["Other"],
        "title": ["Them Jeans"]
    }
},
"lowlevel": {
    "average_loudness": 0.933404147625,
    "barkbands_crest": {
        "mean": 15.8889818192,
        "stdev": 6.6232175827
    },
    "barkbands_flatness_db": {
        "mean": 0.218469426036,
        "stdev": 0.0796285495162
    },
    "barkbands_kurtosis": {
        "mean": 18.3971538544,
        "stdev": 69.8692703247
    },
    "barkbands_skewness": {
        "mean": 2.10541701317,
        "stdev": 3.29966115952
    },
    "barkbands_spread": {
        "mean": 27.7785053253,
        "stdev": 21.6382541656
    },
    "dissonance": {
        "mean": 0.486687153578,
        "stdev": 0.0161072295159
    },
    "dynamic_complexity": 3.91845798492,
    "erbbands_crest": {
        "mean": 10.5438547134,
        "stdev": 4.86590051651
    },
    "erbbands_flatness_db": {
        "mean": 0.194834664464,
        "stdev": 0.0691746175289
    },
    "erbbands_kurtosis": {
        "mean": 3.61965203285,
        "stdev": 5.84356212616
    },
    "erbbands_skewness": {
        "mean": -0.937111496925,
        "stdev": 1.0014988184
    },
    "erbbands_spread": {
        "mean": 30.569776535,
        "stdev": 22.6803016663
    },
    "hfc": {
        "mean": 21.5863628387,
        "stdev": 28.9319477081
    },
    "loudness_ebu128": {
        "integrated": -15.8418092728,
        "loudness_range": 2.59291172028,
        "momentary": {
            "mean": -16.8950080872,
            "stdev": 4.83416748047
        },
        "short_term": {
            "mean": -16.3534851074,
            "stdev": 2.85256052017
        }
    },
    "melbands_crest": {
        "mean": 25.3684883118,
        "stdev": 10.2244777679
    },
    "melbands_flatness_db": {
        "mean": 0.250081986189,
        "stdev": 0.11261317879
    },
    "melbands_kurtosis": {
        "mean": 58.5265960693,
        "stdev": 150.559188843
    },
    "melbands_skewness": {
        "mean": 4.5661945343,
        "stdev": 5.06659412384
    },
    "melbands_spread": {
        "mean": 33.7116889954,
        "stdev": 32.7194633484
    },
    "pitch_salience": {
        "mean": 0.362303525209,
        "stdev": 0.216995179653
    },
    "silence_rate_20dB": {
        "mean": 1,
        "stdev": 0
    },
    "silence_rate_30dB": {
        "mean": 1,
        "stdev": 0
    },
    "silence_rate_60dB": {
        "mean": 0.142935559154,
        "stdev": 0.350011140108
    },
    "spectral_centroid": {
        "mean": 2482.15820312,
        "stdev": 750.907653809
    },
    "spectral_complexity": {
        "mean": 13.936217308,
        "stdev": 12.2255687714
    },
    "spectral_decrease": {
        "mean": -6.60170362821e-09,
        "stdev": 4.94520469019e-09
    },
    "spectral_energy": {
        "mean": 0.0268743373454,
        "stdev": 0.0193968955427
    },
    "spectral_energyband_high": {
        "mean": 0.00113877607509,
        "stdev": 0.00267786788754
    },
    "spectral_energyband_low": {
        "mean": 0.0195806995034,
        "stdev": 0.0180309247226
    },
    "spectral_energyband_middle_high": {
        "mean": 0.00539407553151,
        "stdev": 0.00666119810194
    },
    "spectral_energyband_middle_low": {
        "mean": 0.000807795615401,
        "stdev": 0.000879487837665
    },
    "spectral_entropy": {
        "mean": 7.69508934021,
        "stdev": 0.491048246622
    },
    "spectral_flux": {
        "mean": 0.0621075890958,
        "stdev": 0.040173470974
    },
    "spectral_kurtosis": {
        "mean": 5.53618001938,
        "stdev": 4.60872220993
    },
    "spectral_rms": {
        "mean": 0.00459276651964,
        "stdev": 0.00226393458433
    },
    "spectral_rolloff": {
        "mean": 2257.37792969,
        "stdev": 2443.87963867
    },
    "spectral_skewness": {
        "mean": 1.49731516838,
        "stdev": 0.545088171959
    },
    "spectral_spread": {
        "mean": 4266328.5,
        "stdev": 2107753.25
    },
    "spectral_strongpeak": {
        "mean": 0.615493118763,
        "stdev": 0.995743513107
    },
    "zerocrossingrate": {
        "mean": 0.0735600069165,
        "stdev": 0.0656090304255
    },
    "barkbands": {
        "mean": [0.00191473425366, 0.0174454785883, 0.000202389564947, 7.55944784032e-05, 0.000136231843499, 7.42062402423e-05, 0.000166656594956, 0.000176392422873, 0.000127675157273, 0.000178906935616, 0.000246539246291, 0.000279180821963, 0.000261733599473, 0.000392644869862, 0.000590520736296, 0.000794566702098, 0.00118338270113, 0.000708668492734, 0.000666514853947, 0.000202478826395, 0.000171493229573, 0.000251398043474, 0.000295437697787, 0.000152159074787, 0.000125028964248, 5.42432971997e-05, 1.00808483783e-09],
        "stdev": [0.00227547786199, 0.0164029803127, 0.000471233041026, 0.000149535539094, 0.000225996569498, 0.000140610471135, 0.00037848771899, 0.000425322621595, 0.000331057643052, 0.000468705577077, 0.000564559770282, 0.000744343793485, 0.000785755866673, 0.00101102644112, 0.00142105005216, 0.00155084778089, 0.00180575659033, 0.00113937922288, 0.00117847125512, 0.000434159475844, 0.000466800964205, 0.000656223448459, 0.000742027885281, 0.000398854986997, 0.000361125072232, 0.00026589713525, 1.73933156766e-09]
    },
    "erbbands": {
        "mean": [0.937646985054, 2.16293787956, 0.4705080688, 0.318432748318, 0.222838550806, 0.532652497292, 0.599826395512, 0.692809045315, 1.70806384087, 3.60956549644, 3.51462507248, 2.81929016113, 4.54210424423, 8.84881496429, 10.7092256546, 10.4659442902, 11.8001098633, 19.0316562653, 25.915309906, 34.726398468, 48.5379867554, 65.7648696899, 42.717086792, 37.9126968384, 25.0674915314, 9.49952983856, 7.07603883743, 7.20898389816, 8.59051132202, 8.68120956421, 8.64251232147, 3.77596330643, 2.37085533142, 1.39268028736, 0.871556222439, 0.354027926922, 0.0838681608438, 0.00625202478841, 0.00014411941811, 4.11587425333e-05],
        "stdev": [0.880958139896, 2.32933688164, 0.826391398907, 0.54909569025, 0.422775477171, 1.05961191654, 0.996445119381, 1.40825557709, 4.13644170761, 8.00619888306, 9.12923908234, 7.6067943573, 11.3145551682, 28.0703964233, 20.3703422546, 28.6335144043, 33.9528884888, 49.8825531006, 60.2713050842, 68.6590270996, 88.2918319702, 100.068641663, 63.5234603882, 61.9225349426, 49.5191345215, 19.7853469849, 18.6268196106, 19.3316822052, 22.9118213654, 21.5539073944, 22.2718925476, 8.92619895935, 7.54675722122, 4.1970334053, 2.55977654457, 1.33972549438, 0.44540771842, 0.0805157348514, 0.00123736727983, 5.54326979909e-05]
    },
    "gfcc": {
        "mean": [-75.814956665, 37.0400924683, -135.091217041, 57.2764511108, -32.8808898926, 28.4371700287, -34.4276695251, 29.433177948, -5.54324674606, 8.1772403717, -3.43308973312, 12.6036729813, -5.68391180038],
        "cov": [[14673.7402344, 558.388549805, 18.5949668884, 307.401580811, 73.3945236206, 398.557983398, 93.1645736694, 738.632019043, 209.412948608, 431.984375, 189.232177734, 197.712799072, -306.732330322], [558.388549805, 2908.0378418, 479.553619385, 272.95010376, 696.641906738, -29.4180831909, 454.311279297, 186.358184814, 307.670471191, -65.768371582, 554.325012207, -93.3977355957, 244.893310547], [18.5949668884, 479.553619385, 2036.1607666, 785.339233398, 333.305786133, 497.322845459, 279.547637939, 38.0368843079, 56.9680328369, 147.944259644, 104.565811157, 248.178833008, 125.97668457], [307.401580811, 272.95010376, 785.339233398, 756.017028809, 407.802459717, 173.336105347, 138.213485718, 76.4738464355, 188.636001587, 157.664855957, 127.874794006, 72.0131072998, 122.510551453], [73.3945236206, 696.641906738, 333.305786133, 407.802459717, 671.268493652, 171.246673584, 245.944641113, 147.805023193, 278.235137939, 106.684944153, 206.542831421, 31.7718658447, 144.645401001], [398.557983398, -29.4180831909, 497.322845459, 173.336105347, 171.246673584, 521.890075684, 360.41796875, 114.246017456, 44.1135520935, 80.1045303345, 31.2418518066, 135.485351562, 45.7531280518], [93.1645736694, 454.311279297, 279.547637939, 138.213485718, 245.944641113, 360.41796875, 580.129821777, 239.088409424, 124.669654846, 48.3876838684, 166.1953125, 86.3509979248, 87.157875061], [738.632019043, 186.358184814, 38.0368843079, 76.4738464355, 147.805023193, 114.246017456, 239.088409424, 282.553497314, 168.532470703, 80.7651138306, 99.5723419189, 39.5900382996, -6.99456501007], [209.412948608, 307.670471191, 56.9680328369, 188.636001587, 278.235137939, 44.1135520935, 124.669654846, 168.532470703, 318.703887939, 135.393493652, 121.121566772, -13.9415283203, 54.9980888367], [431.984375, -65.768371582, 147.944259644, 157.664855957, 106.684944153, 80.1045303345, 48.3876838684, 80.7651138306, 135.393493652, 223.949188232, 58.1698455811, -1.64575922489, -19.947851181], [189.232177734, 554.325012207, 104.565811157, 127.874794006, 206.542831421, 31.2418518066, 166.1953125, 99.5723419189, 121.121566772, 58.1698455811, 252.79006958, 20.3159885406, 40.4078788757], [197.712799072, -93.3977355957, 248.178833008, 72.0131072998, 31.7718658447, 135.485351562, 86.3509979248, 39.5900382996, -13.9415283203, -1.64575922489, 20.3159885406, 169.062057495, 21.0534572601], [-306.732330322, 244.893310547, 125.97668457, 122.510551453, 144.645401001, 45.7531280518, 87.157875061, -6.99456501007, 54.9980888367, -19.947851181, 40.4078788757, 21.0534572601, 173.610336304]],
        "icov": [[0.000117998730275, -0.000166916346643, 0.000147697384818, -0.000186806719285, 0.000141376585816, -0.000313960685162, 0.000386034575058, -0.000526206451468, 0.000252125086263, -0.000270088756224, 0.000130699729198, -0.000226949690841, 0.000104725644633], [-0.000166916346643, 0.00136882532388, -0.000810929166619, 0.000896880985238, -0.000888142967597, 0.0010470825946, -0.000969282235019, 0.000673130096402, -0.000588673341554, 0.00150677131023, -0.00212654750794, 0.00172731198836, -0.000647372449748], [0.000147697384818, -0.000810929166619, 0.00165642402135, -0.001713882084, 0.000745658180676, -0.0014109815238, 0.000745595432818, -0.000289948104182, 0.000688742264174, -0.00097031344194, 0.00100585713517, -0.00177139032166, 0.000427940511145], [-0.000186806719285, 0.000896880985238, -0.001713882084, 0.00417152699083, -0.00193391810171, 0.0012982027838, -0.000547602714505, 0.000641268619802, -0.00067622755887, -0.000234618637478, -0.00119259627536, 0.00116542261094, -0.00140183290932], [0.000141376585816, -0.000888142967597, 0.000745658180676, -0.00193391810171, 0.00440529221669, -0.00168262189254, 0.000770017970353, -0.000423998688348, -0.0016829201486, -0.000165944657056, -0.00021132051188, -0.000734082714189, -0.000652051356155], [-0.000313960685162, 0.0010470825946, -0.0014109815238, 0.0012982027838, -0.00168262189254, 0.00695819826797, -0.00512948865071, 0.0025343883317, -0.0004086404806, -0.000593430770095, 0.00112734118011, -0.000974283495452, 0.000238485939917], [0.000386034575058, -0.000969282235019, 0.000745595432818, -0.000547602714505, 0.000770017970353, -0.00512948865071, 0.0077709024772, -0.00583322439343, 0.0019574619364, -0.000166399549926, -0.00162003794685, 9.39640740398e-05, -0.00180483527947], [-0.000526206451468, 0.000673130096402, -0.000289948104182, 0.000641268619802, -0.000423998688348, 0.0025343883317, -0.00583322439343, 0.0117670046166, -0.00548818102106, 0.000830505101476, 2.40404388023e-05, -0.00140440743417, 0.00296530267224], [0.000252125086263, -0.000588673341554, 0.000688742264174, -0.00067622755887, -0.0016829201486, -0.0004086404806, 0.0019574619364, -0.00548818102106, 0.00956969987601, -0.00412377808243, 0.000103140569991, 0.000576740014367, -0.00204009492882], [-0.000270088756224, 0.00150677131023, -0.00097031344194, -0.000234618637478, -0.000165944657056, -0.000593430770095, -0.000166399549926, 0.000830505101476, -0.00412377808243, 0.00978482887149, -0.00335380248725, 0.00303861545399, 0.00152143230662], [0.000130699729198, -0.00212654750794, 0.00100585713517, -0.00119259627536, -0.00021132051188, 0.00112734118011, -0.00162003794685, 2.40404388023e-05, 0.000103140569991, -0.00335380248725, 0.0105684231967, -0.00383434747346, 0.00162270036526], [-0.000226949690841, 0.00172731198836, -0.00177139032166, 0.00116542261094, -0.000734082714189, -0.000974283495452, 9.39640740398e-05, -0.00140440743417, 0.000576740014367, 0.00303861545399, -0.00383434747346, 0.0112140886486, -0.00191094947513], [0.000104725644633, -0.000647372449748, 0.000427940511145, -0.00140183290932, -0.000652051356155, 0.000238485939917, -0.00180483527947, 0.00296530267224, -0.00204009492882, 0.00152143230662, 0.00162270036526, -0.00191094947513, 0.00971804466099]]
    },
    "melbands": {
        "mean": [0.00626662606373, 0.00100590346847, 4.89509802719e-05, 2.51157598541e-05, 2.40060162469e-05, 1.55616435222e-05, 2.86135800707e-05, 4.05120808864e-05, 2.6740190151e-05, 1.78699101525e-05, 2.22215694521e-05, 3.4058062738e-05, 3.26832341671e-05, 3.44336949638e-05, 2.24974792218e-05, 2.86052145384e-05, 3.57509379683e-05, 3.79299235647e-05, 4.76800851175e-05, 5.03505580127e-05, 5.8220270148e-05, 7.01959143043e-05, 5.31493860763e-05, 3.03930974042e-05, 3.11704388878e-05, 2.38100237766e-05, 1.03651955214e-05, 5.349060757e-06, 4.30918225902e-06, 4.22081348006e-06, 4.19653724748e-06, 4.81982897327e-06, 5.10524614583e-06, 4.76231161883e-06, 5.7154170463e-06, 3.01298996419e-06, 2.07332391255e-06, 1.7221490225e-06, 1.32538514208e-06, 1.1232085626e-06],
        "stdev": [0.00584384938702, 0.00117288145702, 8.8527915068e-05, 4.6800752898e-05, 3.91513385694e-05, 3.17157428071e-05, 6.5904976509e-05, 8.71904267115e-05, 7.18195224181e-05, 4.88171026518e-05, 5.7443849073e-05, 0.000109970758785, 6.34725729469e-05, 8.50978249218e-05, 7.05725760781e-05, 8.45438989927e-05, 9.85603837762e-05, 9.61892219493e-05, 0.000117694857181, 9.80834156508e-05, 0.000112052453915, 0.000114463575301, 8.13388760434e-05, 5.27032243554e-05, 5.34227438038e-05, 4.9158850743e-05, 2.23307342821e-05, 1.23561512737e-05, 1.13036176117e-05, 1.2409665942e-05, 1.09084721771e-05, 1.26990071294e-05, 1.40102611113e-05, 1.21784905787e-05, 1.49167271957e-05, 7.88976194599e-06, 4.89499961986e-06, 5.18896786161e-06, 4.31052740169e-06, 3.31338924298e-06]
    },
    "melbands128": {
        "mean": [0.00187781418208, 0.00912305247039, 0.00741521269083, 0.00227509858087, 0.000248716649367, 0.000103469661553, 6.86526182108e-05, 2.78272818832e-05, 1.91668696061e-05, 2.01288548851e-05, 2.74632438959e-05, 3.5439759813e-05, 1.86984143511e-05, 1.46549000419e-05, 1.44406076288e-05, 1.56493315444e-05, 2.12015966099e-05, 2.87261991616e-05, 4.02550613217e-05, 4.30430736742e-05, 4.11947621615e-05, 3.39200305461e-05, 2.60675060417e-05, 1.86828219739e-05, 1.58001712407e-05, 1.72944801307e-05, 2.24308569159e-05, 2.37046624534e-05, 2.06467138923e-05, 2.55666109297e-05, 5.01602808072e-05, 3.08402413793e-05, 2.19005432882e-05, 4.10141219618e-05, 4.58572758362e-05, 2.80847780232e-05, 2.66427232418e-05, 1.93324794964e-05, 2.22113831114e-05, 2.64903719653e-05, 2.77231720247e-05, 3.43780047842e-05, 3.84281775041e-05, 3.43831343343e-05, 3.39458783856e-05, 3.63146500604e-05, 4.46535159426e-05, 5.51154189452e-05, 4.581817484e-05, 3.71054120478e-05, 5.80047671974e-05, 5.46038645552e-05, 5.131713624e-05, 6.08216796536e-05, 6.99286611052e-05, 7.05114944139e-05, 7.26756261429e-05, 6.47444394417e-05, 4.54529072158e-05, 3.23045242112e-05, 2.84565885522e-05, 2.93590601359e-05, 3.03863980662e-05, 3.21296211041e-05, 3.19583705277e-05, 2.58059972111e-05, 1.76864286914e-05, 1.39384565045e-05, 8.48829677125e-06, 5.63978255741e-06, 5.1752977015e-06, 5.70462498217e-06, 4.11842620451e-06, 4.12128747485e-06, 4.37689504906e-06, 4.03774174629e-06, 4.51228697784e-06, 3.81580730391e-06, 3.70912539438e-06, 5.10902964379e-06, 5.07629829372e-06, 4.82463565277e-06, 4.00369617637e-06, 6.52623521091e-06, 4.43865701527e-06, 3.68513406102e-06, 5.8659370552e-06, 4.58333806819e-06, 7.45267197999e-06, 4.65974289909e-06, 3.58938359568e-06, 2.59022999671e-06, 1.96698738364e-06, 2.05386209018e-06, 2.19929506784e-06, 1.75523803136e-06, 1.59733917826e-06, 1.70275779965e-06, 1.29530678805e-06, 1.15550017199e-06, 1.20534298276e-06, 1.15145485324e-06, 9.32096043016e-07, 1.15779471344e-06, 8.52078187563e-07, 1.04654270672e-06, 1.0301803286e-06, 6.8593362812e-07, 5.50928234588e-07, 5.38803988093e-07, 3.41401459991e-07, 2.71113265171e-07, 2.57468684595e-07, 2.25159737965e-07, 1.64717206985e-07, 2.4483041372e-08, 2.24998457365e-11, 4.19567982787e-12, 4.04633097861e-12, 3.90718360443e-12, 3.80580159401e-12, 3.71574038899e-12, 3.62930822548e-12, 3.56484720215e-12, 3.50640978926e-12, 3.46786987147e-12, 3.43789493401e-12, 3.41347761688e-12],
        "stdev": [0.00222738995217, 0.00874024722725, 0.00734098581597, 0.00270595471375, 0.000604584114626, 0.000207252320251, 0.000123125166283, 6.3414372562e-05, 4.23752280767e-05, 4.76497589261e-05, 7.87614553701e-05, 6.75360279274e-05, 3.87442851206e-05, 2.87672228296e-05, 3.30841066898e-05, 4.56577836303e-05, 6.60993973725e-05, 8.92475000001e-05, 0.000107983367343, 0.000125205697259, 0.000114817208669, 0.000115163267765, 9.27632208914e-05, 7.37421651138e-05, 6.52364615235e-05, 5.90759154875e-05, 7.3723247624e-05, 7.75731314206e-05, 6.25664979452e-05, 8.32645091577e-05, 0.000211628008401, 9.45437059272e-05, 6.46866392344e-05, 0.000101068464573, 0.00013651518384, 0.000106025385321, 0.000109463057015, 7.8161690908e-05, 0.000107849562482, 0.000104288177681, 0.000112122113933, 0.000147655460751, 0.000150227278937, 0.000115341550554, 0.000111537177872, 0.000128799729282, 0.000162462994922, 0.000180114657269, 0.000150006497279, 0.000110310298624, 0.000137059236295, 0.000141625176184, 0.000115610549983, 0.000138846196933, 0.000151201340486, 0.000153358545504, 0.000144196746987, 0.000124103797134, 8.77506172401e-05, 6.78512951708e-05, 6.53198439977e-05, 6.06097928539e-05, 6.09721246292e-05, 6.99431475368e-05, 7.4540177593e-05, 6.56154734315e-05, 4.55404297099e-05, 3.6369299778e-05, 2.09475019801e-05, 1.52831707965e-05, 1.4784061932e-05, 1.3193797713e-05, 1.15057955554e-05, 1.24224179672e-05, 1.31096885525e-05, 1.20020122267e-05, 1.58952334459e-05, 1.15480324894e-05, 9.68834319792e-06, 1.42306489579e-05, 1.29417685457e-05, 1.38044724736e-05, 1.44207606354e-05, 1.84480377357e-05, 1.14807344289e-05, 1.00016322904e-05, 1.82444364327e-05, 1.14321583169e-05, 2.11389597098e-05, 1.44107461892e-05, 1.10915116238e-05, 7.32824901206e-06, 4.55307099401e-06, 4.84265001433e-06, 6.25417669653e-06, 4.27276700066e-06, 4.81565984956e-06, 1.20239865282e-05, 3.49291644852e-06, 4.21422873842e-06, 6.14835744273e-06, 3.13329383062e-06, 2.32632987718e-06, 3.25900782627e-06, 4.35414585809e-06, 3.14580643135e-06, 3.47160562342e-06, 1.9758037979e-06, 1.85001806585e-06, 6.61991771267e-06, 1.32689774546e-06, 9.54943175202e-07, 7.64655567309e-07, 3.41254849445e-06, 3.85787006962e-06, 8.23906702863e-08, 1.10972932232e-10, 6.83523029843e-12, 6.60300590247e-12, 6.40066732255e-12, 6.23224302027e-12, 6.08599282081e-12, 5.95673250309e-12, 5.84952268914e-12, 5.75795747887e-12, 5.68813052215e-12, 5.63616688043e-12, 5.60370500002e-12]
    },
    "mfcc": {
        "mean": [-710.762207031, 61.4856262207, -21.2684593201, 33.3460922241, 28.2287425995, 8.93413162231, 1.30899524689, 22.4374427795, 6.23429918289, 10.3291568756, 5.73128318787, 12.5995006561, 12.6485624313],
        "cov": [[11766.2880859, 647.845458984, -648.370361328, 83.2032699585, 112.822631836, -109.182861328, 108.207176208, 358.904785156, 9.05990314484, 365.253662109, 665.20501709, 148.275787354, -230.592498779], [647.845458984, 2359.58276367, 55.2061500549, 366.436401367, 360.417541504, 8.21534252167, 345.810943604, 229.453186035, -5.108751297, 198.461746216, 164.862213135, 174.788009644, -28.3758487701], [-648.370361328, 55.2061500549, 1614.04724121, 442.989868164, 250.393661499, 489.206207275, 280.816375732, 147.861068726, 105.314201355, -36.5437202454, -53.1757011414, 21.2459983826, 246.647918701], [83.2032699585, 366.436401367, 442.989868164, 740.785949707, 430.152557373, 164.735321045, 98.7172470093, 53.9103355408, 96.2126083374, 147.582305908, 31.4398841858, 124.428375244, 199.741134644], [112.822631836, 360.417541504, 250.393661499, 430.152557373, 527.019470215, 175.523925781, 14.2567157745, 29.9803943634, 73.9711761475, 134.689788818, 38.8931999207, 73.1719284058, 120.707931519], [-109.182861328, 8.21534252167, 489.206207275, 164.735321045, 175.523925781, 432.534698486, 232.820404053, 123.582122803, 151.349868774, 48.3893661499, 31.3477020264, 54.6308441162, 121.637107849], [108.207176208, 345.810943604, 280.816375732, 98.7172470093, 14.2567157745, 232.820404053, 426.192779541, 231.222991943, 105.808334351, 72.0713806152, 105.416908264, 93.4493026733, 77.1154937744], [358.904785156, 229.453186035, 147.861068726, 53.9103355408, 29.9803943634, 123.582122803, 231.222991943, 362.020996094, 135.934295654, 45.1368637085, 104.748443604, 88.2229995728, 58.2802276611], [9.05990314484, -5.108751297, 105.314201355, 96.2126083374, 73.9711761475, 151.349868774, 105.808334351, 135.934295654, 259.880737305, 124.845916748, 42.3608932495, 54.7777557373, 91.7670288086], [365.253662109, 198.461746216, -36.5437202454, 147.582305908, 134.689788818, 48.3893661499, 72.0713806152, 45.1368637085, 124.845916748, 245.108917236, 129.715560913, 74.173538208, 46.5923156738], [665.20501709, 164.862213135, -53.1757011414, 31.4398841858, 38.8931999207, 31.3477020264, 105.416908264, 104.748443604, 42.3608932495, 129.715560913, 298.091827393, 134.14855957, -0.833106100559], [148.275787354, 174.788009644, 21.2459983826, 124.428375244, 73.1719284058, 54.6308441162, 93.4493026733, 88.2229995728, 54.7777557373, 74.173538208, 134.14855957, 202.190689087, 98.9340515137], [-230.592498779, -28.3758487701, 246.647918701, 199.741134644, 120.707931519, 121.637107849, 77.1154937744, 58.2802276611, 91.7670288086, 46.5923156738, -0.833106100559, 98.9340515137, 248.973571777]],
        "icov": [[0.000106101419078, -7.76925844548e-06, 4.47047095804e-05, -6.19994316367e-05, 3.41540617228e-05, -5.68175964872e-05, 8.27331095934e-05, -0.000146871534525, 0.0001053780652, -9.574861906e-05, -0.000219844514504, 0.000116881950817, 5.46867995581e-05], [-7.76925844548e-06, 0.000739208655432, -5.37512059964e-05, 7.03444766259e-06, -0.000730584491976, 0.000676658703014, -0.000921862665564, -0.000162436394021, 0.000294654397294, -0.00032391140121, 0.000366459251381, -0.000578011444304, 0.000654754170682], [4.47047095804e-05, -5.37512059964e-05, 0.00128756056074, -0.00074287946336, 0.000345100503182, -0.00133309152443, 2.10077996599e-05, -0.000253227975918, 0.000403065350838, 0.000538954336662, -0.000287091883365, 0.000906615343411, -0.000718170893379], [-6.19994316367e-05, 7.03444766259e-06, -0.00074287946336, 0.00358105846681, -0.00247627450153, 0.0012202153448, -0.0007958310307, 0.000472605548566, -0.000212700251723, -0.000732616172172, 0.000826493953355, -0.00121147057507, -0.000753673375584], [3.41540617228e-05, -0.000730584491976, 0.000345100503182, -0.00247627450153, 0.0055788597092, -0.00311109027825, 0.00290942168795, -0.000804457638878, 0.00112585257739, -0.0015737216454, -0.00031564902747, 0.000760128954425, -0.000728126324248], [-5.68175964872e-05, 0.000676658703014, -0.00133309152443, 0.0012202153448, -0.00311109027825, 0.00717148417607, -0.00390483438969, 0.00131541059818, -0.00296165165491, 0.00140923715662, 6.97261129972e-05, -0.000676796596963, 0.000369478046196], [8.27331095934e-05, -0.000921862665564, 2.10077996599e-05, -0.0007958310307, 0.00290942168795, -0.00390483438969, 0.00697492994368, -0.00283764442429, 0.00142237974796, -0.00155850395095, -0.000647456850857, 0.000213203515159, -0.000729242747184], [-0.000146871534525, -0.000162436394021, -0.000253227975918, 0.000472605548566, -0.000804457638878, 0.00131541059818, -0.00283764442429, 0.00591763108969, -0.00342322420329, 0.00246551213786, -0.00110956165008, -0.000585787463933, -1.23510726553e-05], [0.0001053780652, 0.000294654397294, 0.000403065350838, -0.000212700251723, 0.00112585257739, -0.00296165165491, 0.00142237974796, -0.00342322420329, 0.00906730536371, -0.00524099823087, 0.00154337089043, 1.34851816256e-05, -0.00119708024431], [-9.574861906e-05, -0.00032391140121, 0.000538954336662, -0.000732616172172, -0.0015737216454, 0.00140923715662, -0.00155850395095, 0.00246551213786, -0.00524099823087, 0.0100450990722, -0.00379955302924, 0.00106655829586, -0.000476304179756], [-0.000219844514504, 0.000366459251381, -0.000287091883365, 0.000826493953355, -0.00031564902747, 6.97261129972e-05, -0.000647456850857, -0.00110956165008, 0.00154337089043, -0.00379955302924, 0.0079003572464, -0.00511774932966, 0.00224098213948], [0.000116881950817, -0.000578011444304, 0.000906615343411, -0.00121147057507, 0.000760128954425, -0.000676796596963, 0.000213203515159, -0.000585787463933, 1.34851816256e-05, 0.00106655829586, -0.00511774932966, 0.011309937574, -0.00456653954461], [5.46867995581e-05, 0.000654754170682, -0.000718170893379, -0.000753673375584, -0.000728126324248, 0.000369478046196, -0.000729242747184, -1.23510726553e-05, -0.00119708024431, -0.000476304179756, 0.00224098213948, -0.00456653954461, 0.00821158010513]]
    },
    "spectral_contrast_coeffs": {
        "mean": [-0.757515132427, -0.778109192848, -0.781485140324, -0.754188001156, -0.744281053543, -0.782242834568],
        "stdev": [0.0739764273167, 0.0842394679785, 0.0778699815273, 0.082895629108, 0.0791504085064, 0.037553563714]
    },
    "spectral_contrast_valleys": {
        "mean": [-8.28662586212, -8.36858177185, -8.59942531586, -8.19301605225, -7.88777828217, -10.3579311371],
        "stdev": [1.70826554298, 1.38239359856, 1.43986046314, 1.41842770576, 1.30451118946, 1.3942002058]
    }
},
"rhythm": {
    "beats_count": 355,
    "beats_loudness": {
        "mean": 0.0382928736508,
        "stdev": 0.0161038581282
    },
    "bpm": 101.043083191,
    "bpm_histogram_first_peak_bpm": 101,
    "bpm_histogram_first_peak_weight": 0.349431812763,
    "bpm_histogram_second_peak_bpm": 96,
    "bpm_histogram_second_peak_spread": 0,
    "bpm_histogram_second_peak_weight": 0.00564971752465,
    "danceability": 1.34915864468,
    "onset_rate": 4.11822366714,
    "beats_loudness_band_ratio": {
        "mean": [0.530513703823, 0.0071790642105, 0.0336584113538, 0.0838919430971, 0.207077860832, 0.145018652081],
        "stdev": [0.3431391716, 0.0146754803136, 0.0423969328403, 0.0759347304702, 0.17117190361, 0.13934853673]
    },
    "beats_position": [0.626938760281, 1.25387752056, 1.88081634045, 2.48453521729, 3.09986400604, 3.69197273254, 4.29569149017, 4.88780021667, 5.47990942001, 6.08362817764, 6.68734693527, 7.2910656929, 7.87156438828, 8.46367359161, 9.05578231812, 9.64789104462, 10.2399997711, 10.8321084976, 11.4242172241, 12.0163259506, 12.6084346771, 13.2005443573, 13.7926530838, 14.3847618103, 14.9768705368, 15.5805892944, 16.1726989746, 16.7648067474, 17.3685264587, 17.9490242004, 18.5527439117, 19.1564617157, 19.7369613647, 20.3406791687, 20.9327888489, 21.5132884979, 22.0821762085, 22.6742858887, 23.2663936615, 23.8585033417, 24.4506111145, 25.0311107635, 25.6348285675, 26.2269382477, 26.8190479279, 27.4111557007, 28.0032653809, 28.5953731537, 29.1874828339, 29.7912006378, 30.383310318, 30.9754180908, 31.5791378021, 32.171245575, 32.7633552551, 33.3554649353, 33.9475746155, 34.5512924194, 35.1666221619, 35.7587280273, 36.3392295837, 36.9197273254, 37.5118370056, 38.1039466858, 38.7076644897, 39.2997741699, 39.8918800354, 40.4839897156, 41.0760993958, 41.6798171997, 42.2719268799, 42.8640365601, 43.4561424255, 44.0482521057, 44.6403617859, 45.2324714661, 45.83618927, 46.4282989502, 47.0204086304, 47.6125144958, 48.204624176, 48.7967338562, 49.3888435364, 49.9809532166, 50.573059082, 51.1767807007, 51.7688865662, 52.3609962463, 52.9647140503, 53.5452156067, 54.1489334106, 54.7410430908, 55.333152771, 55.9252586365, 56.5173683167, 57.1094779968, 57.701587677, 58.305305481, 58.8974151611, 59.4895210266, 60.0932426453, 60.673740387, 61.2774581909, 61.8695678711, 62.4616775513, 63.0770072937, 63.6807250977, 64.2728347778, 64.8533325195, 65.4338302612, 66.0259399414, 66.6180496216, 67.2217712402, 67.8022689819, 68.4059829712, 68.9864807129, 69.5902023315, 70.1823120117, 70.7744216919, 71.3665313721, 71.9586410522, 72.5623550415, 73.1544647217, 73.7465744019, 74.3502960205, 74.9307937622, 75.5345077515, 76.1266174316, 76.7187271118, 77.3224487305, 77.9145584106, 78.5066680908, 79.0871658325, 79.6792755127, 80.2713851929, 80.8750991821, 81.4788208008, 82.0593185425, 82.6630401611, 83.2551422119, 83.8472518921, 84.4393615723, 85.0314712524, 85.6235809326, 86.2156906128, 86.807800293, 87.3999099731, 88.0036239624, 88.6073455811, 89.1994552612, 89.7915649414, 90.3836746216, 90.9757843018, 91.5678863525, 92.1599960327, 92.7637176514, 93.3558273315, 93.9479370117, 94.551651001, 95.1437606812, 95.7358703613, 96.3279800415, 96.9200897217, 97.5121994019, 98.104309082, 98.6964187622, 99.288520813, 99.8806304932, 100.472740173, 101.076461792, 101.680175781, 102.272285461, 102.864395142, 103.444892883, 104.048614502, 104.640724182, 105.232833862, 105.824943542, 106.417053223, 107.020767212, 107.612876892, 108.204986572, 108.797096252, 109.389205933, 109.992919922, 110.573425293, 111.177139282, 111.769248962, 112.361358643, 112.953468323, 113.545578003, 114.137687683, 114.729797363, 115.333511353, 115.937232971, 116.54094696, 117.133056641, 117.725166321, 118.305664062, 118.909385681, 119.489883423, 120.093605042, 120.685714722, 121.289428711, 121.881538391, 122.473648071, 123.065757751, 123.657867432, 124.249977112, 124.842086792, 125.434196472, 126.026298523, 126.618408203, 127.210517883, 127.802627563, 128.406341553, 128.998458862, 129.590560913, 130.194290161, 130.786392212, 131.378494263, 131.970611572, 132.562713623, 133.154830933, 133.746932983, 134.339050293, 134.931152344, 135.500045776, 136.080535889, 136.672653198, 137.264755249, 137.856872559, 138.460586548, 139.041091919, 139.644805908, 140.225296021, 140.829025269, 141.421127319, 142.013244629, 142.60534668, 143.197463989, 143.801177979, 144.393280029, 144.985397339, 145.57749939, 146.169616699, 146.773330688, 147.35383606, 147.957550049, 148.5496521, 149.141769409, 149.745483398, 150.337600708, 150.929702759, 151.52180481, 152.113922119, 152.717636108, 153.298141479, 153.901855469, 154.48236084, 155.086074829, 155.67817688, 156.270294189, 156.86239624, 157.45451355, 158.058227539, 158.650344849, 159.242446899, 159.846160889, 160.42666626, 161.030380249, 161.622497559, 162.214599609, 162.80670166, 163.39881897, 163.990921021, 164.58303833, 165.186752319, 165.778869629, 166.37097168, 166.974685669, 167.55519104, 168.158905029, 168.751022339, 169.34312439, 169.935241699, 170.52734375, 171.119445801, 171.71156311, 172.3152771, 172.907394409, 173.49949646, 174.103210449, 174.68371582, 175.28742981, 175.879547119, 176.47164917, 177.063766479, 177.65586853, 178.24798584, 178.851699829, 179.44380188, 180.035919189, 180.62802124, 181.231735229, 181.812240601, 182.41595459, 183.008071899, 183.60017395, 184.19229126, 184.784393311, 185.37651062, 185.968612671, 186.57232666, 187.16444397, 187.756546021, 188.360275269, 188.940765381, 189.54447937, 190.13659668, 190.72869873, 191.32081604, 191.912918091, 192.5050354, 193.097137451, 193.70085144, 194.29296875, 194.885070801, 195.488800049, 196.069290161, 196.673019409, 197.253509521, 197.857223511, 198.44934082, 199.041442871, 199.633560181, 200.225662231, 200.829391479, 201.42149353, 202.013595581, 202.605712891, 203.197814941, 203.789932251, 204.382034302, 204.985748291, 205.577865601, 206.169967651, 206.762084961, 207.354187012, 207.95791626, 208.550018311, 209.142120361, 209.734237671, 210.326339722, 210.93006897],
    "bpm_histogram": [0, 0, 0, 0, 0, 0, 0, 0, 0, 0, 0, 0, 0, 0, 0, 0, 0, 0, 0, 0, 0, 0, 0, 0, 0, 0, 0, 0, 0, 0, 0, 0, 0, 0, 0, 0, 0, 0, 0, 0, 0, 0, 0, 0, 0, 0, 0, 0, 0, 0, 0, 0, 0, 0, 0, 0, 0, 0, 0, 0, 0, 0, 0, 0, 0, 0, 0, 0, 0, 0, 0, 0, 0, 0, 0, 0, 0, 0, 0, 0, 0, 0, 0, 0, 0, 0, 0, 0, 0, 0, 0, 0, 0, 0, 0, 0, 0.00564971752465, 0, 0.00847457628697, 0.240112990141, 0, 0.646892666817, 0, 0.0932203382254, 0, 0.00564971752465, 0, 0, 0, 0, 0, 0, 0, 0, 0, 0, 0, 0, 0, 0, 0, 0, 0, 0, 0, 0, 0, 0, 0, 0, 0, 0, 0, 0, 0, 0, 0, 0, 0, 0, 0, 0, 0, 0, 0, 0, 0, 0, 0, 0, 0, 0, 0, 0, 0, 0, 0, 0, 0, 0, 0, 0, 0, 0, 0, 0, 0, 0, 0, 0, 0, 0, 0, 0, 0, 0, 0, 0, 0, 0, 0, 0, 0, 0, 0, 0, 0, 0, 0, 0, 0, 0, 0, 0, 0, 0, 0, 0, 0, 0, 0, 0, 0, 0, 0, 0, 0, 0, 0, 0, 0, 0, 0, 0, 0, 0, 0, 0, 0, 0, 0, 0, 0, 0, 0, 0, 0, 0, 0, 0, 0, 0, 0, 0, 0, 0, 0, 0, 0, 0, 0, 0, 0, 0, 0, 0, 0, 0, 0, 0]
},
"tonal": {
    "chords_changes_rate": 0.0608122944832,
    "chords_number_rate": 0.0019758506678,
    "chords_strength": {
        "mean": 0.539554476738,
        "stdev": 0.074998266995
    },
    "hpcp_crest": {
        "mean": 12.4887161255,
        "stdev": 5.54008054733
    },
    "hpcp_entropy": {
        "mean": 2.18527984619,
        "stdev": 0.778923749924
    },
    "key_edma": {
        "strength": 0.547004938126,
        "key": "C#",
        "scale": "major"
    },
    "key_krumhansl": {
        "strength": 0.527303695679,
        "key": "C#",
        "scale": "major"
    },
    "key_temperley": {
        "strength": 0.48939538002,
        "key": "C#",
        "scale": "major"
    },
    "tuning_diatonic_strength": 0.51647913456,
    "tuning_equal_tempered_deviation": 0.245802864432,
    "tuning_frequency": 434.193115234,
    "tuning_nontempered_energy_ratio": 0.942527294159,
    "hpcp": {
        "mean": [0.113790608943, 0.0741082802415, 0.0679766982794, 0.0774341002107, 0.075483545661, 0.06062374264, 0.0561874695122, 0.0498632602394, 0.0585566461086, 0.113794371486, 0.131325408816, 0.0853560641408, 0.0729882121086, 0.0814900323749, 0.0804946124554, 0.086219586432, 0.090977139771, 0.0845667123795, 0.0755855515599, 0.0723331421614, 0.0782601237297, 0.08122677356, 0.0736319124699, 0.0709599480033, 0.27956238389, 0.335262328386, 0.137063503265, 0.0847885459661, 0.0767225548625, 0.0770440325141, 0.0819500237703, 0.0815965682268, 0.0784461051226, 0.155150726438, 0.323627352715, 0.280812680721],
        "stdev": [0.241062760353, 0.187296837568, 0.183536425233, 0.192331001163, 0.189676314592, 0.156985297799, 0.158855989575, 0.143848106265, 0.142501488328, 0.223427429795, 0.25899502635, 0.179617658257, 0.164728373289, 0.18686786294, 0.182733088732, 0.188535735011, 0.196763202548, 0.187088757753, 0.168151542544, 0.164165228605, 0.173453345895, 0.171748414636, 0.155182823539, 0.15886490047, 0.371079444885, 0.428774297237, 0.232099398971, 0.203627645969, 0.187919989228, 0.185141429305, 0.185134530067, 0.176418676972, 0.174675703049, 0.214810103178, 0.421428322792, 0.341639190912]
    },
    "chords_histogram": [16.3776073456, 33.0625686646, 22.1075744629, 0, 0, 0.0219538975507, 8.73765087128, 1.2952798605, 5.13721179962, 0.329308450222, 0.0878155902028, 0, 0.46103182435, 1.11964869499, 0, 0, 0, 8.67178916931, 0.285400658846, 0, 0, 0, 0.0658616870642, 2.23929738998],
    "thpcp": [1, 0.408824652433, 0.252902090549, 0.228843346238, 0.229802235961, 0.244435533881, 0.243381261826, 0.23398424685, 0.462774097919, 0.965295910835, 0.837590932846, 0.339407682419, 0.221045657992, 0.202756747603, 0.230965703726, 0.22514770925, 0.180824801326, 0.167592555285, 0.148729085922, 0.174659192562, 0.339418888092, 0.391709417105, 0.254594862461, 0.21770478785, 0.243063494563, 0.240094408393, 0.257170528173, 0.27136105299, 0.252240419388, 0.22545196116, 0.215750873089, 0.233429521322, 0.242278262973, 0.219624772668, 0.211655005813, 0.833861589432],
    "chords_key": "F",
    "chords_scale": "minor"
}
}