{
"metadata": {
    "version": {
        "essentia": "2.1-dev",
        "essentia_git_sha": "v2.1_beta3-415-gd5473f3",
        "extractor": "music 2.0"
    },
    "audio_properties": {
        "analysis": {
            "equal_loudness": 0,
            "length": 227.839996338,
            "sample_rate": 44100,
            "start_time": 0,
            "downmix": "mix"
        },
        "bit_rate": 192000,
        "length": 227.839996338,
        "lossless": 0,
        "number_channels": 2,
        "replay_gain": -9.42350387573,
        "sample_rate": 44100,
        "codec": "mp3",
        "md5_encoded": "fe5b626213bb4e3f92ec8a044ba54e93"
    },
    "tags": {
        "file_name": "nwa-the_hood.mp3",
        "album": ["Straight Outta Compton"],
        "artist": ["Nwa & Easy E"],
        "date": ["1987"],
        "genre": ["Other"],
        "title": ["NWA - boys n tha hood"]
    }
},
"lowlevel": {
    "average_loudness": 0.889916300774,
    "barkbands_crest": {
        "mean": 14.7898759842,
        "stdev": 7.04691267014
    },
    "barkbands_flatness_db": {
        "mean": 0.17905780673,
        "stdev": 0.0935253575444
    },
    "barkbands_kurtosis": {
        "mean": 31.2175273895,
        "stdev": 124.32598114
    },
    "barkbands_skewness": {
        "mean": 2.77189850807,
        "stdev": 4.18264579773
    },
    "barkbands_spread": {
        "mean": 26.0168857574,
        "stdev": 19.889881134
    },
    "dissonance": {
        "mean": 0.462597191334,
        "stdev": 0.0442529469728
    },
    "dynamic_complexity": 4.0648355484,
    "erbbands_crest": {
        "mean": 10.2032680511,
        "stdev": 5.41444969177
    },
    "erbbands_flatness_db": {
        "mean": 0.158529341221,
        "stdev": 0.0583945214748
    },
    "erbbands_kurtosis": {
        "mean": 1.60700678825,
        "stdev": 5.21225833893
    },
    "erbbands_skewness": {
        "mean": -0.083812713623,
        "stdev": 1.23220062256
    },
    "erbbands_spread": {
        "mean": 47.9221191406,
        "stdev": 29.506187439
    },
    "hfc": {
        "mean": 18.2885189056,
        "stdev": 34.7443084717
    },
    "loudness_ebu128": {
        "integrated": -15.7894048691,
        "loudness_range": 5.75233459473,
        "momentary": {
            "mean": -16.9545211792,
            "stdev": 3.5822019577
        },
        "short_term": {
            "mean": -16.2518253326,
            "stdev": 2.06546235085
        }
    },
    "melbands_crest": {
        "mean": 21.0632152557,
        "stdev": 9.203540802
    },
    "melbands_flatness_db": {
        "mean": 0.237274438143,
        "stdev": 0.11825324595
    },
    "melbands_kurtosis": {
        "mean": 74.4935455322,
        "stdev": 173.500595093
    },
    "melbands_skewness": {
        "mean": 4.95838737488,
        "stdev": 5.32941007614
    },
    "melbands_spread": {
        "mean": 30.9199485779,
        "stdev": 34.9448013306
    },
    "pitch_salience": {
        "mean": 0.430898308754,
        "stdev": 0.211885720491
    },
    "silence_rate_20dB": {
        "mean": 1,
        "stdev": 0
    },
    "silence_rate_30dB": {
        "mean": 0.955573678017,
        "stdev": 0.206047356129
    },
    "silence_rate_60dB": {
        "mean": 0.189423277974,
        "stdev": 0.391849309206
    },
    "spectral_centroid": {
        "mean": 2002.72106934,
        "stdev": 985.737182617
    },
    "spectral_complexity": {
        "mean": 10.9207258224,
        "stdev": 11.9156417847
    },
    "spectral_decrease": {
        "mean": -6.88759005385e-09,
        "stdev": 8.89945628302e-09
    },
    "spectral_energy": {
        "mean": 0.0276541188359,
        "stdev": 0.0348174199462
    },
    "spectral_energyband_high": {
        "mean": 0.00146410719026,
        "stdev": 0.00344830192626
    },
    "spectral_energyband_low": {
        "mean": 0.0199626646936,
        "stdev": 0.0319942198694
    },
    "spectral_energyband_middle_high": {
        "mean": 0.00315381377004,
        "stdev": 0.00548955332488
    },
    "spectral_energyband_middle_low": {
        "mean": 0.00338904093951,
        "stdev": 0.00665781321004
    },
    "spectral_entropy": {
        "mean": 7.7239689827,
        "stdev": 0.517482280731
    },
    "spectral_flux": {
        "mean": 0.0648541152477,
        "stdev": 0.0577878542244
    },
    "spectral_kurtosis": {
        "mean": 2.84699892998,
        "stdev": 1.97033572197
    },
    "spectral_rms": {
        "mean": 0.00425561098382,
        "stdev": 0.00297818053514
    },
    "spectral_rolloff": {
        "mean": 2021.35949707,
        "stdev": 2351.41137695
    },
    "spectral_skewness": {
        "mean": 1.15981519222,
        "stdev": 0.409554064274
    },
    "spectral_spread": {
        "mean": 5398345,
        "stdev": 2007210.25
    },
    "spectral_strongpeak": {
        "mean": 0.649796843529,
        "stdev": 0.747103691101
    },
    "zerocrossingrate": {
        "mean": 0.0722478628159,
        "stdev": 0.0596679337323
    },
    "barkbands": {
        "mean": [0.000771784398239, 0.0180431120098, 0.000912570219953, 0.000470491300803, 0.00140403176192, 0.000286338356091, 0.000289459712803, 0.000360507518053, 0.000447956728749, 0.000440821429947, 0.000314428267302, 0.000202778363018, 0.000192422565306, 0.000307147100102, 0.000205369884497, 0.000301894877339, 0.000257356383372, 0.000335922202794, 0.000457029324025, 0.000417310773628, 0.00038355178549, 0.000284451321932, 0.000252989819273, 0.000157673974172, 9.33367555263e-05, 5.694965148e-05, 6.41940687274e-06],
        "stdev": [0.00118783244397, 0.0300457514822, 0.00396720459685, 0.00148785475176, 0.00529266614467, 0.000572909892071, 0.000738893751986, 0.00112178386189, 0.00148251245264, 0.00129501963966, 0.00115464860573, 0.000621574639808, 0.000586096721236, 0.000685637351125, 0.00062682852149, 0.000740191375371, 0.000698239658959, 0.000985856051557, 0.00142155040521, 0.00133277033456, 0.00108667719178, 0.000731956853997, 0.000522945774719, 0.000369393033907, 0.000242568625254, 0.000129689447931, 1.93041796592e-05]
    },
    "erbbands": {
        "mean": [0.810897231102, 2.88313603401, 1.45104169846, 1.40976727009, 1.88422846794, 6.39290904999, 4.25018596649, 2.39514231682, 3.49467277527, 6.01453065872, 8.3800163269, 10.2563199997, 12.9206666946, 13.5596132278, 12.0715427399, 7.97559833527, 8.9889421463, 16.3500099182, 10.9519271851, 13.3279247284, 15.7300443649, 14.7368364334, 17.627407074, 22.1553535461, 21.9643611908, 19.7372512817, 17.7866668701, 13.2569417953, 10.2161960602, 8.90579509735, 7.17219400406, 4.22466135025, 2.15523433685, 1.16125237942, 0.60034507513, 0.26825928688, 0.101689182222, 0.0196922160685, 0.000892609881703, 6.59420766169e-05],
        "stdev": [1.31117236614, 5.26243400574, 5.03705692291, 4.66002464294, 5.41097450256, 26.9308586121, 14.5196847916, 4.63335084915, 8.21144580841, 16.4610729218, 25.5973834991, 35.443031311, 37.1541557312, 41.4627799988, 39.4152755737, 22.0951328278, 26.2099227905, 35.7833976746, 28.9431858063, 38.5871543884, 36.1813011169, 39.7462806702, 50.4151077271, 66.9409713745, 70.2242736816, 62.5851097107, 50.3243370056, 39.6037254333, 27.4589176178, 19.3184871674, 14.8293428421, 9.63993644714, 5.22619152069, 3.03992414474, 1.55298936367, 0.644749581814, 0.22524496913, 0.0457236021757, 0.00290053058416, 0.000177946829353]
    },
    "gfcc": {
        "mean": [-59.9127540588, 45.5339050293, -105.401802063, 50.3821907043, -51.9492454529, 21.4744663239, -26.7161960602, 12.1143913269, -14.7040452957, 9.29092216492, -14.1405277252, 6.31094837189, -8.98544502258],
        "cov": [[9787.85546875, -206.829483032, -78.210899353, 127.119346619, 125.189109802, 174.540649414, -157.386428833, 394.516571045, -169.785949707, 25.4829120636, -158.418136597, 201.112564087, -132.331863403], [-206.829483032, 2111.61621094, 137.746459961, -26.8204841614, 274.791717529, -85.7148208618, 253.221511841, 122.207862854, 131.244506836, -54.7445907593, 138.730026245, -25.406879425, 36.0082397461], [-78.210899353, 137.746459961, 1600.68359375, 443.826568604, 357.06439209, 233.761062622, 76.0392684937, 211.554855347, 226.40032959, 90.3011550903, 89.0608444214, 66.145324707, -45.0331878662], [127.119346619, -26.8204841614, 443.826568604, 974.614196777, 477.428710938, 63.8906936646, -33.8787498474, 39.271484375, 113.119216919, 108.505500793, 144.844558716, 12.4860124588, 19.9494380951], [125.189109802, 274.791717529, 357.06439209, 477.428710938, 783.076660156, 350.760742188, 181.325515747, 166.143936157, 173.083068848, 138.021224976, 175.487167358, 68.4355545044, 37.5872917175], [174.540649414, -85.7148208618, 233.761062622, 63.8906936646, 350.760742188, 569.090820312, 332.810791016, 155.015533447, 126.876861572, 118.29989624, 91.169631958, 61.4571914673, 48.1172561646], [-157.386428833, 253.221511841, 76.0392684937, -33.8787498474, 181.325515747, 332.810791016, 527.221740723, 195.827087402, 106.860336304, 49.1160774231, 111.091705322, 73.4783859253, 76.4985580444], [394.516571045, 122.207862854, 211.554855347, 39.271484375, 166.143936157, 155.015533447, 195.827087402, 367.834289551, 188.818267822, 15.3889799118, 65.5935287476, 101.585388184, 13.7563352585], [-169.785949707, 131.244506836, 226.40032959, 113.119216919, 173.083068848, 126.876861572, 106.860336304, 188.818267822, 348.970916748, 121.152946472, 51.0462417603, 27.0226173401, 52.2482299805], [25.4829120636, -54.7445907593, 90.3011550903, 108.505500793, 138.021224976, 118.29989624, 49.1160774231, 15.3889799118, 121.152946472, 206.185668945, 79.1985321045, -13.8293447495, 12.3089256287], [-158.418136597, 138.730026245, 89.0608444214, 144.844558716, 175.487167358, 91.169631958, 111.091705322, 65.5935287476, 51.0462417603, 79.1985321045, 210.083938599, 68.3676147461, 13.0350189209], [201.112564087, -25.406879425, 66.145324707, 12.4860124588, 68.4355545044, 61.4571914673, 73.4783859253, 101.585388184, 27.0226173401, -13.8293447495, 68.3676147461, 160.98348999, 45.6323432922], [-132.331863403, 36.0082397461, -45.0331878662, 19.9494380951, 37.5872917175, 48.1172561646, 76.4985580444, 13.7563352585, 52.2482299805, 12.3089256287, 13.0350189209, 45.6323432922, 153.195281982]],
        "icov": [[0.000140313306474, -6.2116952904e-05, 5.38910753676e-05, -9.59071912803e-05, 6.02246509516e-05, -0.000145102807437, 0.000171196181327, -0.00033595439163, 0.000305310852127, -0.000322705396684, 0.000354733725544, -0.000299948878819, 0.000120577773487], [-6.2116952904e-05, 0.000785377982538, -0.000138957591844, 0.000404054415412, -0.000659013050608, 0.000865178531967, -0.000661134894472, 0.000253695121501, -0.000488442077767, 0.000813252991065, -0.000797879591119, 0.000873455603141, -0.000225460767979], [5.38910753676e-05, -0.000138957591844, 0.000889166956767, -0.000447672209702, 0.000135884532938, -0.000484434131067, 0.000257875421084, -0.000285743823042, -0.000231174519286, -0.000121712517284, 0.000348629808286, -0.000528675853275, 0.000631029135548], [-9.59071912803e-05, 0.000404054415412, -0.000447672209702, 0.00208066636696, -0.0014974513324, 0.00102503481321, -6.27729823464e-05, 0.000410469830967, -0.000359905185178, 0.000411990331486, -0.00123403733596, 0.00102553027682, -0.000651252048556], [6.02246509516e-05, -0.000659013050608, 0.000135884532938, -0.0014974513324, 0.00351908127777, -0.00227832701057, 0.000864036788698, -0.000663845159579, 0.000172221392859, -0.000706396647729, -0.000292402633931, -0.000732302025426, 0.000163227203302], [-0.000145102807437, 0.000865178531967, -0.000484434131067, 0.00102503481321, -0.00227832701057, 0.00513285305351, -0.00287743355148, 0.000490744248964, -0.000323942047544, -0.00061874371022, 2.22125036089e-05, 0.000515625870321, -0.000260262750089], [0.000171196181327, -0.000661134894472, 0.000257875421084, -6.27729823464e-05, 0.000864036788698, -0.00287743355148, 0.00471503008157, -0.0020290077664, 0.000874098332133, -0.000281811633613, -0.000859428721014, 1.57370607212e-06, -0.00129604560789], [-0.00033595439163, 0.000253695121501, -0.000285743823042, 0.000410469830967, -0.000663845159579, 0.000490744248964, -0.0020290077664, 0.00690400321037, -0.00406009797007, 0.00257479050197, -0.000742772594094, -0.00207500206307, 0.00177382316906], [0.000305310852127, -0.000488442077767, -0.000231174519286, -0.000359905185178, 0.000172221392859, -0.000323942047544, 0.000874098332133, -0.00406009797007, 0.00694718537852, -0.00433235242963, 0.0017167495098, 0.000138794377563, -0.00186366413254], [-0.000322705396684, 0.000813252991065, -0.000121712517284, 0.000411990331486, -0.000706396647729, -0.00061874371022, -0.000281811633613, 0.00257479050197, -0.00433235242963, 0.0101982308552, -0.00463569676504, 0.00321501609869, -0.000187209618161], [0.000354733725544, -0.000797879591119, 0.000348629808286, -0.00123403733596, -0.000292402633931, 2.22125036089e-05, -0.000859428721014, -0.000742772594094, 0.0017167495098, -0.00463569676504, 0.0100585371256, -0.005099021364, 0.00176771881524], [-0.000299948878819, 0.000873455603141, -0.000528675853275, 0.00102553027682, -0.000732302025426, 0.000515625870321, 1.57370607212e-06, -0.00207500206307, 0.000138794377563, 0.00321501609869, -0.005099021364, 0.0118212914094, -0.0039431033656], [0.000120577773487, -0.000225460767979, 0.000631029135548, -0.000651252048556, 0.000163227203302, -0.000260262750089, -0.00129604560789, 0.00177382316906, -0.00186366413254, -0.000187209618161, 0.00176771881524, -0.0039431033656, 0.00915945041925]]
    },
    "melbands": {
        "mean": [0.00593761960045, 0.00170756119769, 0.000252712663496, 0.000277354614809, 0.000205734919291, 5.33466991328e-05, 5.52237834199e-05, 6.96684073773e-05, 6.91239110893e-05, 6.4572392148e-05, 6.48013519822e-05, 5.55494225409e-05, 4.21732293034e-05, 2.52502650255e-05, 1.83734391612e-05, 1.9506611352e-05, 3.31397895934e-05, 1.71474002855e-05, 1.59136779985e-05, 2.15683085116e-05, 1.74281940417e-05, 1.5004728084e-05, 1.52651755343e-05, 1.60560830409e-05, 1.81714694918e-05, 1.71406554728e-05, 1.40832098623e-05, 1.29593654492e-05, 1.11934823508e-05, 9.89975069388e-06, 6.99733209331e-06, 5.92930291532e-06, 5.13154236614e-06, 4.71324801765e-06, 4.27124132329e-06, 3.16218120133e-06, 2.37927338276e-06, 1.55919656208e-06, 1.15834188819e-06, 9.11819256544e-07],
        "stdev": [0.00975327659398, 0.00358437979594, 0.00083706586156, 0.000997061375529, 0.0007829098613, 0.000102948288259, 0.000128828498418, 0.000191632061615, 0.000214116749703, 0.000228300385061, 0.000192584251636, 0.000174032873474, 0.000148528066347, 7.87465614849e-05, 5.44720605831e-05, 6.09777380305e-05, 7.65298318584e-05, 4.76114473713e-05, 5.02920593135e-05, 6.04856322752e-05, 4.23474921263e-05, 4.14668502344e-05, 4.40625226474e-05, 4.85028431285e-05, 5.65453701711e-05, 5.58368301427e-05, 4.67499739898e-05, 4.17280389229e-05, 3.41328559443e-05, 2.73277128144e-05, 2.21213249461e-05, 1.7141295757e-05, 1.22186575027e-05, 1.04427226688e-05, 8.99801216292e-06, 7.03899922883e-06, 5.69773237658e-06, 3.85926796298e-06, 3.00017518384e-06, 2.45516548603e-06]
    },
    "melbands128": {
        "mean": [0.000741384399589, 0.00713985227048, 0.00833359640092, 0.00343451229855, 0.000853301724419, 0.000409961561672, 0.000286170426989, 0.000217708322452, 0.000165617690072, 0.000154575202032, 0.00040051934775, 0.00036003490095, 0.000118772113638, 5.77136634092e-05, 5.08615776198e-05, 5.10218305863e-05, 5.60815205972e-05, 5.1330513088e-05, 6.1629965785e-05, 6.72417372698e-05, 7.42966731195e-05, 7.45868455851e-05, 6.6500302637e-05, 6.64026083541e-05, 6.76045456203e-05, 6.29854112049e-05, 5.91490752413e-05, 6.66686319164e-05, 6.9628302299e-05, 5.80584637646e-05, 5.24672359461e-05, 4.5961667638e-05, 4.26720580435e-05, 4.04286256526e-05, 2.99664989143e-05, 2.00166959985e-05, 1.96511973627e-05, 1.74914475792e-05, 1.80692422873e-05, 2.02611608984e-05, 2.09119662031e-05, 1.72283744178e-05, 3.64338811778e-05, 4.45532205049e-05, 1.37051156344e-05, 1.50634859892e-05, 1.53071359819e-05, 1.65995315911e-05, 1.57845497597e-05, 1.52057455125e-05, 2.75729053101e-05, 2.1927706257e-05, 1.63906424859e-05, 1.66577119671e-05, 1.60222971317e-05, 1.46062566273e-05, 1.4233809452e-05, 1.49028765009e-05, 1.55193301907e-05, 1.64568318723e-05, 1.54877307068e-05, 1.62085998454e-05, 1.75208115252e-05, 1.89530655916e-05, 1.90638329514e-05, 1.69919749169e-05, 1.636453635e-05, 1.50391861098e-05, 1.3185473108e-05, 1.3359546756e-05, 1.2953733858e-05, 1.29706131702e-05, 1.21323619169e-05, 1.01405512396e-05, 1.05178087324e-05, 1.23957715914e-05, 8.1340158431e-06, 7.48337879486e-06, 6.68132133796e-06, 6.77041089148e-06, 6.20330774836e-06, 5.60095213586e-06, 5.09189339937e-06, 5.0430853662e-06, 5.05915659232e-06, 5.73250645175e-06, 4.27204668085e-06, 3.28660598825e-06, 4.76182276543e-06, 4.55397503174e-06, 3.63188087249e-06, 2.55466716226e-06, 2.71725707535e-06, 2.71463886747e-06, 1.95347138288e-06, 1.59192279625e-06, 1.62091089351e-06, 1.271766223e-06, 1.14194756407e-06, 1.13816099656e-06, 9.59386284194e-07, 8.84011569724e-07, 8.39442861889e-07, 7.35199250812e-07, 6.85919360421e-07, 6.2907361098e-07, 5.13158283866e-07, 4.71821550718e-07, 4.67465383736e-07, 4.45782376346e-07, 3.6583861629e-07, 3.75373929273e-07, 3.17942522088e-07, 2.87306164637e-07, 2.33296773899e-07, 2.05173066092e-07, 1.54992875423e-07, 5.29362722546e-08, 2.34888695161e-08, 1.5699120226e-08, 1.19518128727e-08, 9.72452340875e-09, 6.63151267233e-09, 5.17647968934e-09, 3.34006933222e-09, 3.59057533705e-10, 5.04719009642e-12, 4.97531356392e-12],
        "stdev": [0.00116647651885, 0.011456948705, 0.0144443921745, 0.00691236974671, 0.00315376068465, 0.00171593867708, 0.000971895409748, 0.000683315214701, 0.000527265423443, 0.000536240229849, 0.00179159175605, 0.00154855859, 0.000409700180171, 0.00017125022714, 0.000126381695736, 0.000136228802148, 0.000177140769665, 0.000163815566339, 0.000213436986087, 0.00024691951694, 0.000289317482384, 0.000320741994074, 0.0002841175301, 0.000318946957123, 0.000336360739311, 0.000312801450491, 0.000291484670015, 0.000259769789409, 0.000293081509881, 0.000248906755587, 0.000242525391513, 0.000250183278695, 0.000217163324123, 0.000191192550119, 0.00014182900486, 8.45994363772e-05, 7.81302587711e-05, 6.4165898948e-05, 7.46908481233e-05, 8.61623484525e-05, 8.22549627628e-05, 6.59849320073e-05, 9.32689727051e-05, 0.000117161478556, 5.05547177454e-05, 6.57778728055e-05, 5.83959081268e-05, 6.30778304185e-05, 6.57194032101e-05, 6.39905410935e-05, 9.10086891963e-05, 7.18385999789e-05, 5.35048056918e-05, 4.98888293805e-05, 4.80501767015e-05, 4.68583384645e-05, 5.22380541952e-05, 4.76384630019e-05, 5.11257094331e-05, 5.38841486559e-05, 5.22541413375e-05, 5.66891176277e-05, 5.94886223553e-05, 6.71000088914e-05, 6.95034686942e-05, 6.33400122751e-05, 5.96987592871e-05, 5.49089781998e-05, 4.93987317896e-05, 4.93531515531e-05, 4.44940415036e-05, 4.48421960755e-05, 4.54912515124e-05, 3.45345579262e-05, 3.23383501382e-05, 3.12009688059e-05, 3.04707518808e-05, 2.76533974102e-05, 2.28794451687e-05, 2.40134177147e-05, 2.01888506126e-05, 1.75453096745e-05, 1.38738014357e-05, 1.31966471599e-05, 1.25015340018e-05, 1.28321244119e-05, 1.09320089905e-05, 8.740508747e-06, 1.07703554022e-05, 1.01739369711e-05, 8.34705588204e-06, 6.84228780301e-06, 6.65131665301e-06, 6.89469698045e-06, 5.46020191905e-06, 4.3385139179e-06, 4.11662040278e-06, 3.36038760906e-06, 3.13232135341e-06, 3.17139210892e-06, 2.71354724646e-06, 2.53439293374e-06, 2.35532252191e-06, 2.0125271476e-06, 1.87347427527e-06, 1.70546320533e-06, 1.38112898185e-06, 1.22748053855e-06, 1.20926256386e-06, 1.06789502752e-06, 8.80324307673e-07, 8.39101574002e-07, 7.40195503113e-07, 6.66377900416e-07, 5.70453266846e-07, 5.11766813815e-07, 4.08260717677e-07, 1.78107725901e-07, 1.16537790973e-07, 9.37771815757e-08, 9.02224783772e-08, 8.30025399523e-08, 6.45838156288e-08, 6.08433694538e-08, 4.20096739617e-08, 7.08587455378e-09, 9.29019014495e-12, 9.19518454434e-12]
    },
    "mfcc": {
        "mean": [-707.557128906, 74.2781600952, 8.95474147797, 33.7063865662, 5.4023308754, 15.6703596115, 1.9653301239, 10.751452446, 4.07782697678, 10.8253240585, 0.566267907619, 2.7851858139, 1.92613768578],
        "cov": [[9666.86621094, -271.521209717, -559.840698242, 77.1285934448, 118.237678528, -119.587387085, 48.2530021667, 136.342498779, -0.68737578392, -187.681472778, 61.3806037903, -50.1499404907, -5.66654777527], [-271.521209717, 1924.06567383, 35.132724762, -28.0076675415, 17.6938457489, -56.1836395264, 136.144699097, 155.698913574, 91.671546936, 26.048658371, 82.1120681763, 99.0242385864, 110.975479126], [-559.840698242, 35.132724762, 1153.87939453, 252.070541382, 263.550720215, 85.8079299927, 5.08955383301, 108.366798401, 72.6813278198, 162.014831543, 27.5228271484, 69.5978164673, 83.6312484741], [77.1285934448, -28.0076675415, 252.070541382, 836.869567871, 434.55569458, 91.8387374878, 22.0357131958, -14.3520965576, -28.3447437286, 28.2164516449, 66.4115905762, 59.349697113, 36.617023468], [118.237678528, 17.6938457489, 263.550720215, 434.55569458, 713.149719238, 219.836334229, 90.7732391357, 90.5730361938, 61.303527832, 122.808898926, 126.489028931, 107.650222778, 95.1756744385], [-119.587387085, -56.1836395264, 85.8079299927, 91.8387374878, 219.836334229, 434.979156494, 240.752044678, 80.5215911865, 106.036026001, 105.720458984, 96.1553115845, 90.8136367798, 23.2839069366], [48.2530021667, 136.144699097, 5.08955383301, 22.0357131958, 90.7732391357, 240.752044678, 433.327362061, 209.202301025, 63.9231262207, 39.6088752747, 107.288787842, 85.9249038696, 53.0167274475], [136.342498779, 155.698913574, 108.366798401, -14.3520965576, 90.5730361938, 80.5215911865, 209.202301025, 359.07232666, 166.689590454, 63.8271217346, 103.560554504, 73.7226409912, 143.961166382], [-0.68737578392, 91.671546936, 72.6813278198, -28.3447437286, 61.303527832, 106.036026001, 63.9231262207, 166.689590454, 286.097503662, 142.766067505, 58.082244873, 54.5191726685, 92.5144195557], [-187.681472778, 26.048658371, 162.014831543, 28.2164516449, 122.808898926, 105.720458984, 39.6088752747, 63.8271217346, 142.766067505, 242.405838013, 103.16053009, 74.4771575928, 32.4578056335], [61.3806037903, 82.1120681763, 27.5228271484, 66.4115905762, 126.489028931, 96.1553115845, 107.288787842, 103.560554504, 58.082244873, 103.16053009, 209.414093018, 114.755554199, 63.9220733643], [-50.1499404907, 99.0242385864, 69.5978164673, 59.349697113, 107.650222778, 90.8136367798, 85.9249038696, 73.7226409912, 54.5191726685, 74.4771575928, 114.755554199, 180.417144775, 70.4666900635], [-5.66654777527, 110.975479126, 83.6312484741, 36.617023468, 95.1756744385, 23.2839069366, 53.0167274475, 143.961166382, 92.5144195557, 32.4578056335, 63.9220733643, 70.4666900635, 213.598876953]],
        "icov": [[0.000112832683953, 2.29882662097e-05, 5.19971545145e-05, -7.0536120802e-06, -5.93555923842e-05, 6.59876677673e-05, -9.09775462787e-06, -6.00252569711e-05, -6.73828544677e-05, 0.000128547995701, -8.66738264449e-05, 3.14149256155e-05, 5.90943927818e-05], [2.29882662097e-05, 0.000582198146731, -1.10897808554e-05, 3.12612901325e-05, -4.90089150844e-05, 0.000355391879566, -0.000291332165943, 4.04066959163e-05, -0.000229875542573, 0.000123301972053, -8.72973760124e-05, -0.000237566084252, -8.93883625395e-05], [5.19971545145e-05, -1.10897808554e-05, 0.00116997363511, -0.000276960490737, -0.000134382178658, -0.000140779899084, 0.000317058496876, -0.000659116078168, 0.000517087231856, -0.000989366788417, 0.000758287089411, -0.000226873438805, -0.000188407459063], [-7.0536120802e-06, 3.12612901325e-05, -0.000276960490737, 0.00189843436237, -0.00118868425488, 0.000230710866163, -0.000184521821211, 0.00053860002663, -4.77268695249e-05, 0.000544190290384, -0.000361689511919, -6.43523671897e-05, 2.13128641917e-05], [-5.93555923842e-05, -4.90089150844e-05, -0.000134382178658, -0.00118868425488, 0.00279135350138, -0.00123122113291, 0.000578863371629, -0.000528550357558, 0.000657506810967, -0.000805528427009, -0.000252980215009, -9.49918830884e-05, -0.000672060414217], [6.59876677673e-05, 0.000355391879566, -0.000140779899084, 0.000230710866163, -0.00123122113291, 0.00499909324571, -0.00306811579503, 0.00176736293361, -0.00197872682475, -1.04551263576e-05, -0.000331867660861, -0.00065434712451, 0.00058051320957], [-9.09775462787e-06, -0.000291332165943, 0.000317058496876, -0.000184521821211, 0.000578863371629, -0.00306811579503, 0.00553777534515, -0.00353936268948, 0.00174222432543, 9.33984047151e-05, -0.000351644732291, -0.000489286670927, 0.000643934879918], [-6.00252569711e-05, 4.04066959163e-05, -0.000659116078168, 0.00053860002663, -0.000528550357558, 0.00176736293361, -0.00353936268948, 0.00761185074225, -0.00371122546494, 0.00149534188677, -0.00187493662816, 0.000649445690215, -0.00233869696967], [-6.73828544677e-05, -0.000229875542573, 0.000517087231856, -4.77268695249e-05, 0.000657506810967, -0.00197872682475, 0.00174222432543, -0.00371122546494, 0.00818607956171, -0.00459884200245, 0.00198687356897, -3.30243055942e-05, -0.00151550071314], [0.000128547995701, 0.000123301972053, -0.000989366788417, 0.000544190290384, -0.000805528427009, -1.04551263576e-05, 9.33984047151e-05, 0.00149534188677, -0.00459884200245, 0.00910098664463, -0.00379292108119, -0.000532533158548, 0.00148215191439], [-8.66738264449e-05, -8.72973760124e-05, 0.000758287089411, -0.000361689511919, -0.000252980215009, -0.000331867660861, -0.000351644732291, -0.00187493662816, 0.00198687356897, -0.00379292108119, 0.00998497195542, -0.00403670128435, -0.000632595154457], [3.14149256155e-05, -0.000237566084252, -0.000226873438805, -6.43523671897e-05, -9.49918830884e-05, -0.00065434712451, -0.000489286670927, 0.000649445690215, -3.30243055942e-05, -0.000532533158548, -0.00403670128435, 0.009670201689, -0.00186545215547], [5.90943927818e-05, -8.93883625395e-05, -0.000188407459063, 2.13128641917e-05, -0.000672060414217, 0.00058051320957, 0.000643934879918, -0.00233869696967, -0.00151550071314, 0.00148215191439, -0.000632595154457, -0.00186545215547, 0.00768827926368]]
    },
    "spectral_contrast_coeffs": {
        "mean": [-0.708112537861, -0.757254838943, -0.776930570602, -0.783578395844, -0.791307330132, -0.761901497841],
        "stdev": [0.0963150337338, 0.0963272824883, 0.0941065698862, 0.073948405683, 0.0464093275368, 0.0490733757615]
    },
    "spectral_contrast_valleys": {
        "mean": [-7.89337396622, -8.09674358368, -8.51685142517, -8.47021770477, -7.95909404755, -10.2923784256],
        "stdev": [1.47401678562, 1.16514766216, 1.15082657337, 1.2066552639, 1.20165336132, 1.20917582512]
    }
},
"rhythm": {
    "beats_count": 332,
    "beats_loudness": {
        "mean": 0.0598681457341,
        "stdev": 0.0421207807958
    },
    "bpm": 87.7537689209,
    "bpm_histogram_first_peak_bpm": 88,
    "bpm_histogram_first_peak_weight": 0.110769212246,
    "bpm_histogram_second_peak_bpm": 82,
    "bpm_histogram_second_peak_spread": 0,
    "bpm_histogram_second_peak_weight": 0.0181268882006,
    "danceability": 1.22103834152,
    "onset_rate": 4.8802447319,
    "beats_loudness_band_ratio": {
        "mean": [0.406907051802, 0.0878632292151, 0.0925876125693, 0.0942225679755, 0.131248041987, 0.202661797404],
        "stdev": [0.377761155367, 0.109623461962, 0.16402104497, 0.150087162852, 0.116858400404, 0.205074682832]
    },
    "beats_position": [0.696598649025, 1.39319729805, 2.08979582787, 2.79800438881, 3.51782298088, 4.23764181137, 4.96907043457, 5.6888885498, 6.39709758759, 7.12852573395, 7.85995435715, 8.56816291809, 9.25315189362, 9.93814086914, 10.6115188599, 11.3081178665, 11.9814968109, 12.6548748016, 13.3398637772, 14.0248527527, 14.7098407745, 15.3948297501, 16.0798187256, 16.7648067474, 17.4381847382, 18.1231746674, 18.8081626892, 19.4815406799, 20.1665306091, 20.851518631, 21.5365066528, 22.221496582, 22.8948745728, 23.5914726257, 24.2648525238, 24.9614505768, 25.6348285675, 26.3314285278, 27.0048065186, 27.6897945404, 28.3747844696, 29.0481624603, 29.7331504822, 30.4181404114, 31.1031284332, 31.7881164551, 32.4731063843, 33.1580963135, 33.8314743042, 34.5280723572, 35.2014503479, 35.8748283386, 36.5598182678, 37.244808197, 37.9297943115, 38.6147842407, 39.2997741699, 39.9847602844, 40.6697502136, 41.3547401428, 42.0397262573, 42.7363243103, 43.4213142395, 44.1179122925, 44.8145103455, 45.5111083984, 46.1960983276, 46.8810882568, 47.5428581238, 48.2278442383, 48.901222229, 49.5978240967, 50.2828102112, 50.9678001404, 51.6527900696, 52.3377761841, 53.0111541748, 53.696144104, 54.3695220947, 55.0545120239, 55.7278900146, 56.4012680054, 57.0862579346, 57.7712478638, 58.4562339783, 59.1412239075, 59.8262138367, 60.5111999512, 61.1845779419, 61.8811798096, 62.5545578003, 63.2395439148, 63.924533844, 64.5979156494, 65.2828979492, 65.9678878784, 66.6528778076, 67.3378677368, 68.022857666, 68.7078475952, 69.392829895, 70.0778198242, 70.7511978149, 71.4477996826, 72.1327896118, 72.817779541, 73.4911575317, 74.1761474609, 74.8611297607, 75.5345077515, 76.2194976807, 76.9044876099, 77.5778656006, 78.2628555298, 78.947845459, 79.6328353882, 80.3178253174, 80.9912033081, 81.6761856079, 82.3611755371, 83.0461654663, 83.7311553955, 84.4161453247, 85.1011352539, 85.7745132446, 86.4478912354, 87.1328811646, 87.8178634644, 88.514465332, 89.1878433228, 89.872833252, 90.5578231812, 91.2428131104, 91.9277954102, 92.6127853394, 93.2977752686, 93.9711532593, 94.6561431885, 95.3411331177, 96.0145111084, 96.6995010376, 97.3844909668, 98.0694732666, 98.7544631958, 99.439453125, 100.124443054, 100.797821045, 101.494422913, 102.167800903, 102.852790833, 103.537773132, 104.222763062, 104.907752991, 105.581130981, 106.254508972, 106.927886963, 107.612876892, 108.30947876, 108.994468689, 109.66784668, 110.34122467, 111.014602661, 111.69959259, 112.38457489, 113.069564819, 113.754554749, 114.439544678, 115.124534607, 115.797912598, 116.494506836, 117.167892456, 117.852874756, 118.537864685, 119.211242676, 119.896232605, 120.581222534, 121.277824402, 121.962806702, 122.647796631, 123.33278656, 124.006164551, 124.69115448, 125.376144409, 126.061134338, 126.746116638, 127.431106567, 128.116104126, 128.801086426, 129.474472046, 130.159454346, 130.832824707, 131.517822266, 132.202804565, 132.887802124, 133.572784424, 134.257781982, 134.931152344, 135.627746582, 136.312744141, 136.99772644, 137.671112061, 138.344482422, 139.02947998, 139.71446228, 140.3878479, 141.084442139, 141.781036377, 142.454421997, 143.127792358, 143.824401855, 144.509384155, 145.194366455, 145.867752075, 146.541137695, 147.226119995, 147.911102295, 148.596099854, 149.281082153, 149.966079712, 150.651062012, 151.336044312, 152.02104187, 152.70602417, 153.391021729, 154.06439209, 154.749389648, 155.434371948, 156.107757568, 156.792739868, 157.477722168, 158.162719727, 158.847702026, 159.532699585, 160.217681885, 160.902679443, 161.587661743, 162.272644043, 162.957641602, 163.642623901, 164.32762146, 165.000991821, 165.674377441, 166.359359741, 167.0443573, 167.7293396, 168.414321899, 169.099319458, 169.784301758, 170.457687378, 171.154281616, 171.839263916, 172.524261475, 173.197631836, 173.871017456, 174.555999756, 175.240997314, 175.925979614, 176.610977173, 177.295959473, 177.980941772, 178.665939331, 179.350921631, 180.024307251, 180.720901489, 181.394287109, 182.090881348, 182.764266968, 183.460861206, 184.134231567, 184.807617188, 185.492599487, 186.177597046, 186.862579346, 187.547576904, 188.232559204, 188.917541504, 189.590927124, 190.275909424, 190.960906982, 191.657501221, 192.330886841, 193.004257202, 193.689254761, 194.374237061, 195.070831299, 195.755828857, 196.429199219, 197.114196777, 197.799179077, 198.484161377, 199.169158936, 199.854141235, 200.539138794, 201.224121094, 201.897506714, 202.582489014, 203.267486572, 203.952468872, 204.637451172, 205.32244873, 206.00743103, 206.692428589, 207.377410889, 208.050796509, 208.72416687, 209.420761108, 210.105758667, 210.790740967, 211.464126587, 212.149108887, 212.834106445, 213.519088745, 214.204071045, 214.889068604, 215.574050903, 216.259048462, 216.944030762, 217.640625, 218.31401062, 218.987380981, 219.67237854, 220.35736084, 221.03074646, 221.71572876, 222.400726318, 223.085708618, 223.759094238, 224.444076538, 225.140670776, 225.814056396, 226.499038696, 227.184036255],
    "bpm_histogram": [0, 0, 0, 0, 0, 0, 0, 0, 0, 0, 0, 0, 0, 0, 0, 0, 0, 0, 0, 0, 0, 0, 0, 0, 0, 0, 0, 0, 0, 0, 0, 0, 0, 0, 0, 0, 0, 0, 0, 0, 0, 0, 0, 0, 0, 0, 0, 0, 0, 0, 0, 0, 0, 0, 0, 0, 0, 0, 0, 0, 0, 0, 0, 0, 0, 0, 0, 0, 0, 0, 0, 0, 0, 0, 0, 0, 0, 0, 0, 0, 0, 0, 0.00906344410032, 0.00906344410032, 0, 0.00906344410032, 0.0966767370701, 0, 0.637462258339, 0.23564954102, 0, 0.00302114803344, 0, 0, 0, 0, 0, 0, 0, 0, 0, 0, 0, 0, 0, 0, 0, 0, 0, 0, 0, 0, 0, 0, 0, 0, 0, 0, 0, 0, 0, 0, 0, 0, 0, 0, 0, 0, 0, 0, 0, 0, 0, 0, 0, 0, 0, 0, 0, 0, 0, 0, 0, 0, 0, 0, 0, 0, 0, 0, 0, 0, 0, 0, 0, 0, 0, 0, 0, 0, 0, 0, 0, 0, 0, 0, 0, 0, 0, 0, 0, 0, 0, 0, 0, 0, 0, 0, 0, 0, 0, 0, 0, 0, 0, 0, 0, 0, 0, 0, 0, 0, 0, 0, 0, 0, 0, 0, 0, 0, 0, 0, 0, 0, 0, 0, 0, 0, 0, 0, 0, 0, 0, 0, 0, 0, 0, 0, 0, 0, 0, 0, 0, 0, 0, 0, 0, 0, 0, 0, 0, 0, 0, 0, 0, 0, 0, 0, 0, 0, 0, 0, 0, 0, 0, 0, 0, 0, 0, 0]
},
"tonal": {
    "chords_changes_rate": 0.0996332541108,
    "chords_number_rate": 0.00244498788379,
    "chords_strength": {
        "mean": 0.474944740534,
        "stdev": 0.081551797688
    },
    "hpcp_crest": {
        "mean": 13.6418190002,
        "stdev": 6.38406038284
    },
    "hpcp_entropy": {
        "mean": 2.03412246704,
        "stdev": 0.858426749706
    },
    "key_edma": {
        "strength": 0.520729720592,
        "key": "C#",
        "scale": "major"
    },
    "key_krumhansl": {
        "strength": 0.501948714256,
        "key": "C#",
        "scale": "major"
    },
    "key_temperley": {
        "strength": 0.472673773766,
        "key": "C#",
        "scale": "major"
    },
    "tuning_diatonic_strength": 0.469546318054,
    "tuning_equal_tempered_deviation": 0.0749339684844,
    "tuning_frequency": 441.527557373,
    "tuning_nontempered_energy_ratio": 0.761432945728,
    "hpcp": {
        "mean": [0.0917586684227, 0.0713597387075, 0.0776502713561, 0.104057572782, 0.0905205458403, 0.0695609077811, 0.105639792979, 0.126480743289, 0.112524740398, 0.0936329439282, 0.0695470869541, 0.0573080256581, 0.0569913834333, 0.0596653334796, 0.0625951066613, 0.0749856159091, 0.0834801793098, 0.0688226819038, 0.0636127367616, 0.0672115087509, 0.0599014684558, 0.0556012168527, 0.0639899000525, 0.0993741452694, 0.11104939878, 0.0772601813078, 0.0566530190408, 0.0569334328175, 0.0618353299797, 0.108865916729, 0.141352146864, 0.113745465875, 0.259137004614, 0.469692647457, 0.335584014654, 0.129265591502],
        "stdev": [0.209665581584, 0.185155421495, 0.183168515563, 0.242572650313, 0.203362986445, 0.179036051035, 0.233611032367, 0.260189622641, 0.222423255444, 0.201498657465, 0.167040362954, 0.15519939363, 0.15329298377, 0.160866528749, 0.16090683639, 0.183431461453, 0.208363503218, 0.172955319285, 0.164549961686, 0.177491694689, 0.15561427176, 0.146920934319, 0.153296425939, 0.205559104681, 0.226796925068, 0.172856584191, 0.143809258938, 0.144986778498, 0.14776353538, 0.202617973089, 0.264126092196, 0.204760700464, 0.290339022875, 0.440221011639, 0.331589221954, 0.244764685631]
    },
    "chords_histogram": [13.8549308777, 23.2477588654, 14.6699266434, 4.44172763824, 0.590872049332, 1.73186635971, 0.16299918294, 0.8149959445, 0.0611246936023, 0.122249387205, 5.82722091675, 8.80195617676, 7.51833724976, 3.1173593998, 0.611246943474, 0.0203748978674, 0.16299918294, 6.76446628571, 2.97473502159, 4.15647935867, 0.122249387205, 0, 0, 0.224123880267],
    "thpcp": [1, 0.714475750923, 0.27521315217, 0.195358961821, 0.151928588748, 0.165321454406, 0.221543967724, 0.192722931504, 0.148098781705, 0.224912598729, 0.269284069538, 0.239571005106, 0.19934938848, 0.148069351912, 0.122011758387, 0.121337607503, 0.127030581236, 0.133268222213, 0.159648269415, 0.177733629942, 0.146527051926, 0.135434821248, 0.143096789718, 0.127533331513, 0.118377871811, 0.136237815022, 0.211572706699, 0.236429929733, 0.164490938187, 0.120617218316, 0.121214233339, 0.131650626659, 0.231781184673, 0.300946056843, 0.242169991136, 0.551716148853],
    "chords_key": "F",
    "chords_scale": "minor"
}
}