{
"metadata": {
    "version": {
        "essentia": "2.1-dev",
        "essentia_git_sha": "v2.1_beta3-415-gd5473f3",
        "extractor": "music 2.0"
    },
    "audio_properties": {
        "analysis": {
            "equal_loudness": 0,
            "length": 292.754272461,
            "sample_rate": 44100,
            "start_time": 0,
            "downmix": "mix"
        },
        "bit_rate": 192000,
        "length": 292.754272461,
        "lossless": 0,
        "number_channels": 2,
        "replay_gain": -10.365234375,
        "sample_rate": 44100,
        "codec": "mp3",
        "md5_encoded": "8b1b435f47a959e492c45d032fb56dac"
    },
    "tags": {
        "file_name": "nwa_eazy_e-8_ball.mp3",
        "album": ["                              "],
        "artist": ["NWA                           "],
        "date": ["    "],
        "genre": ["Other"],
        "title": ["NWA - Eazy E - 8 ball         "]
    }
},
"lowlevel": {
    "average_loudness": 0.904111623764,
    "barkbands_crest": {
        "mean": 11.6482486725,
        "stdev": 6.09015655518
    },
    "barkbands_flatness_db": {
        "mean": 0.144525542855,
        "stdev": 0.0762415453792
    },
    "barkbands_kurtosis": {
        "mean": 11.5577411652,
        "stdev": 48.8381690979
    },
    "barkbands_skewness": {
        "mean": 1.60180461407,
        "stdev": 2.71245479584
    },
    "barkbands_spread": {
        "mean": 33.9937477112,
        "stdev": 21.5861301422
    },
    "dissonance": {
        "mean": 0.469340443611,
        "stdev": 0.0397971123457
    },
    "dynamic_complexity": 4.88714122772,
    "erbbands_crest": {
        "mean": 8.92190551758,
        "stdev": 4.7914147377
    },
    "erbbands_flatness_db": {
        "mean": 0.159733891487,
        "stdev": 0.0519622378051
    },
    "erbbands_kurtosis": {
        "mean": 1.67983281612,
        "stdev": 4.68892097473
    },
    "erbbands_skewness": {
        "mean": -0.149276942015,
        "stdev": 1.26031959057
    },
    "erbbands_spread": {
        "mean": 45.3427200317,
        "stdev": 27.3593139648
    },
    "hfc": {
        "mean": 21.4953079224,
        "stdev": 32.5707092285
    },
    "loudness_ebu128": {
        "integrated": -15.3251247406,
        "loudness_range": 4.5281047821,
        "momentary": {
            "mean": -18.7536392212,
            "stdev": 21.0957183838
        },
        "short_term": {
            "mean": -16.3919658661,
            "stdev": 4.95256328583
        }
    },
    "melbands_crest": {
        "mean": 16.6809177399,
        "stdev": 7.31916093826
    },
    "melbands_flatness_db": {
        "mean": 0.189819633961,
        "stdev": 0.100934624672
    },
    "melbands_kurtosis": {
        "mean": 35.9497489929,
        "stdev": 91.0382461548
    },
    "melbands_skewness": {
        "mean": 3.46758365631,
        "stdev": 3.67839360237
    },
    "melbands_spread": {
        "mean": 41.5486869812,
        "stdev": 36.0505828857
    },
    "pitch_salience": {
        "mean": 0.51060461998,
        "stdev": 0.173702403903
    },
    "silence_rate_20dB": {
        "mean": 1,
        "stdev": 0
    },
    "silence_rate_30dB": {
        "mean": 1,
        "stdev": 0
    },
    "silence_rate_60dB": {
        "mean": 0.200253784657,
        "stdev": 0.40022110939
    },
    "spectral_centroid": {
        "mean": 2158.2746582,
        "stdev": 1217.02172852
    },
    "spectral_complexity": {
        "mean": 14.0330715179,
        "stdev": 13.6657981873
    },
    "spectral_decrease": {
        "mean": -3.93406907051e-09,
        "stdev": 4.43144498874e-09
    },
    "spectral_energy": {
        "mean": 0.0167977996171,
        "stdev": 0.018521303311
    },
    "spectral_energyband_high": {
        "mean": 0.00199960032478,
        "stdev": 0.00372617924586
    },
    "spectral_energyband_low": {
        "mean": 0.00784450862557,
        "stdev": 0.0133921746165
    },
    "spectral_energyband_middle_high": {
        "mean": 0.00354046956636,
        "stdev": 0.00459522288293
    },
    "spectral_energyband_middle_low": {
        "mean": 0.00367112946697,
        "stdev": 0.00626223301515
    },
    "spectral_entropy": {
        "mean": 7.83001041412,
        "stdev": 0.480701416731
    },
    "spectral_flux": {
        "mean": 0.0775649473071,
        "stdev": 0.0535489059985
    },
    "spectral_kurtosis": {
        "mean": 2.47093701363,
        "stdev": 2.71101236343
    },
    "spectral_rms": {
        "mean": 0.00345345330425,
        "stdev": 0.00211230083369
    },
    "spectral_rolloff": {
        "mean": 2857.05639648,
        "stdev": 2738.62475586
    },
    "spectral_skewness": {
        "mean": 1.04645395279,
        "stdev": 0.489335596561
    },
    "spectral_spread": {
        "mean": 5337182,
        "stdev": 3255082.25
    },
    "spectral_strongpeak": {
        "mean": 0.63846552372,
        "stdev": 0.957659244537
    },
    "zerocrossingrate": {
        "mean": 0.093973942101,
        "stdev": 0.0648372396827
    },
    "barkbands": {
        "mean": [0.000154015768203, 0.00615072855726, 0.00133936863858, 0.00056487636175, 0.00106309819967, 0.000639756035525, 0.000208885932807, 0.000422580371378, 0.00066640105797, 0.000390756264096, 0.00058188859839, 0.000356482487405, 0.000285574758891, 0.000298612081679, 0.000246636773227, 0.000270933291176, 0.000308156042593, 0.00032720839954, 0.000349809270119, 0.000436680187704, 0.000441066833446, 0.00048091285862, 0.00040915075806, 0.00021726830164, 0.000134827569127, 4.44461074949e-05, 7.64964806876e-06],
        "stdev": [0.000281035754597, 0.0112375235185, 0.00368840619922, 0.00159786141012, 0.00283517199568, 0.00146568240598, 0.00064890057547, 0.00128169194795, 0.00206247437745, 0.00127559213433, 0.00170225719921, 0.00104298710357, 0.000846225069836, 0.000780153437518, 0.00055513222469, 0.000611250754446, 0.000555476814043, 0.0006500724121, 0.000745178724173, 0.000911882496439, 0.000981115503237, 0.000987760024145, 0.000725955003873, 0.000419970252551, 0.000283209432382, 0.000123405654449, 2.30128625844e-05]
    },
    "erbbands": {
        "mean": [0.208086073399, 1.25106441975, 1.73321294785, 1.60175168514, 3.01160264015, 3.55074596405, 4.28715229034, 5.25827550888, 3.21691298485, 5.34231328964, 11.8388767242, 15.1279554367, 11.1587915421, 19.1052265167, 20.0369644165, 14.7282934189, 13.2026357651, 15.0109348297, 13.4446153641, 13.9799051285, 15.3561973572, 17.5709934235, 18.2490825653, 17.1456699371, 18.3669204712, 19.5762329102, 21.2805328369, 15.8472614288, 16.1774902344, 16.5008487701, 10.6051902771, 6.10956478119, 3.08947920799, 1.92450213432, 0.571698248386, 0.218372955918, 0.083782993257, 0.0163619611412, 0.00110372679774, 6.50444781058e-05],
        "stdev": [0.395668268204, 2.35582089424, 4.31119012833, 4.05567550659, 9.07787322998, 9.9551858902, 9.55252742767, 12.9710493088, 8.28485298157, 16.3305892944, 34.6734580994, 48.900100708, 36.7648925781, 54.6057929993, 56.2184944153, 39.817691803, 37.8957862854, 38.1242027283, 28.6950263977, 31.8292007446, 31.3422889709, 30.7085571289, 35.6811103821, 35.9890022278, 39.6336097717, 41.8036270142, 47.399143219, 33.8182830811, 33.3727149963, 31.0735111237, 19.4327354431, 11.7879190445, 5.58998775482, 3.79933595657, 1.34271514416, 0.602169811726, 0.234132871032, 0.0411577895284, 0.00333646847866, 0.000161594260135]
    },
    "gfcc": {
        "mean": [-69.5281066895, 53.056022644, -114.939033508, 52.9156837463, -61.7616577148, 25.1495952606, -26.9325752258, 7.94794464111, -17.0141239166, 1.18271386623, -10.917090416, 3.10409522057, -8.89007377625],
        "cov": [[25733.7011719, -1036.68078613, -1284.38989258, 271.028808594, -819.932189941, 188.772491455, -518.006164551, 100.525810242, -509.696380615, -89.9863967896, -577.359741211, 201.83757019, -341.517059326], [-1036.68078613, 2174.49902344, -68.5998001099, -58.0486488342, 318.702758789, 38.6425819397, 260.550262451, 41.566947937, 196.542572021, -68.9167327881, 98.0921173096, -133.017745972, 64.5735092163], [-1284.38989258, -68.5998001099, 1518.15795898, 566.451416016, 205.856735229, 180.929443359, 155.241668701, -27.2761707306, 53.3541145325, -19.447052002, 83.700881958, -50.2188949585, -54.8061447144], [271.028808594, -58.0486488342, 566.451416016, 1120.90124512, 398.731292725, 71.5754547119, 42.1925773621, -5.39052200317, 136.692337036, 6.4380030632, 43.8425788879, -50.0832023621, -26.7976779938], [-819.932189941, 318.702758789, 205.856735229, 398.731292725, 715.483215332, 183.66947937, 154.657165527, 78.057258606, 141.062973022, 72.6056900024, 26.0111122131, -75.5275192261, 23.0192432404], [188.772491455, 38.6425819397, 180.929443359, 71.5754547119, 183.66947937, 508.502960205, 281.997894287, 54.9079437256, 56.8095092773, 30.1066112518, 66.512550354, -5.64507675171, -8.70299530029], [-518.006164551, 260.550262451, 155.241668701, 42.1925773621, 154.657165527, 281.997894287, 476.477752686, 87.8583526611, 124.569061279, -39.5326309204, 105.325645447, -3.76275920868, 30.5282783508], [100.525810242, 41.566947937, -27.2761707306, -5.39052200317, 78.057258606, 54.9079437256, 87.8583526611, 209.382629395, 67.4295883179, 35.9195671082, -20.0542049408, 7.87569952011, 15.5585765839], [-509.696380615, 196.542572021, 53.3541145325, 136.692337036, 141.062973022, 56.8095092773, 124.569061279, 67.4295883179, 265.251068115, 18.6475048065, 58.0718078613, -33.2710838318, 56.4207191467], [-89.9863967896, -68.9167327881, -19.447052002, 6.4380030632, 72.6056900024, 30.1066112518, -39.5326309204, 35.9195671082, 18.6475048065, 154.403503418, -2.80703878403, -6.91472387314, 0.878172874451], [-577.359741211, 98.0921173096, 83.700881958, 43.8425788879, 26.0111122131, 66.512550354, 105.325645447, -20.0542049408, 58.0718078613, -2.80703878403, 162.63885498, 24.8919715881, 28.9571704865], [201.83757019, -133.017745972, -50.2188949585, -50.0832023621, -75.5275192261, -5.64507675171, -3.76275920868, 7.87569952011, -33.2710838318, -6.91472387314, 24.8919715881, 139.977859497, 24.4844245911], [-341.517059326, 64.5735092163, -54.8061447144, -26.7976779938, 23.0192432404, -8.70299530029, 30.5282783508, 15.5585765839, 56.4207191467, 0.878172874451, 28.9571704865, 24.4844245911, 112.667602539]],
        "icov": [[5.37883061043e-05, -7.5370162449e-06, 6.32975279586e-05, -8.40818029246e-05, 8.83946631802e-05, -0.000107375752123, 4.31033076893e-05, -4.81950410176e-05, 3.71262249246e-05, 3.53217619704e-05, 0.000162840049597, -8.13961596577e-05, 0.000103745565866], [-7.5370162449e-06, 0.000614734541159, 4.11381370213e-05, 0.000181406256161, -0.000324512220686, 0.000205323696719, -0.000222077112994, 8.00193083705e-06, -0.000199924601475, 0.000364647945389, -0.000342827552231, 0.000551325327251, -0.00010520779324], [6.32975279586e-05, 4.11381370213e-05, 0.000960446603131, -0.000519183056895, 0.000124156285892, -0.000268184230663, -0.000137325390824, 3.15159340971e-05, 0.000162050593644, 0.000131884458824, -0.000124627214973, 0.000151838656166, 0.000415634509409], [-8.40818029246e-05, 0.000181406256161, -0.000519183056895, 0.00162062479649, -0.000968503358308, 0.000296182901366, 0.000228391538258, 0.000273695972282, -0.000758646172471, 0.000373532820959, -0.000451898493338, 1.86036158993e-05, 0.000384244136512], [8.83946631802e-05, -0.000324512220686, 0.000124156285892, -0.000968503358308, 0.00257989345118, -0.000709224957973, -0.000211911232327, -0.00040685760905, -4.41701486125e-05, -0.00102761702146, 0.000665309198666, 0.000540661800187, -0.000442672346253], [-0.000107375752123, 0.000205323696719, -0.000268184230663, 0.000296182901366, -0.000709224957973, 0.00358849787153, -0.00214420072734, 0.000222303031478, 0.000197731307708, -0.00101848028135, -0.000573647732381, 6.06683097431e-05, 0.000512395170517], [4.31033076893e-05, -0.000222077112994, -0.000137325390824, 0.000228391538258, -0.000211911232327, -0.00214420072734, 0.00467371055856, -0.0015403246507, -0.000836018414702, 0.00204261904582, -0.00165610271506, -1.52655884449e-05, -9.88598767435e-05], [-4.81950410176e-05, 8.00193083705e-06, 3.15159340971e-05, 0.000273695972282, -0.00040685760905, 0.000222303031478, -0.0015403246507, 0.00659965630621, -0.00158105127048, -0.00164042029064, 0.00224674493074, -0.00130136101507, 4.5943310397e-05], [3.71262249246e-05, -0.000199924601475, 0.000162050593644, -0.000758646172471, -4.41701486125e-05, 0.000197731307708, -0.000836018414702, -0.00158105127048, 0.00622805347666, -0.000564910355024, -0.00140181812458, 0.0017393627204, -0.00253746914677], [3.53217619704e-05, 0.000364647945389, 0.000131884458824, 0.000373532820959, -0.00102761702146, -0.00101848028135, 0.00204261904582, -0.00164042029064, -0.000564910355024, 0.00831621512771, -0.000969548535068, 0.000437343172962, 0.000227636279305], [0.000162840049597, -0.000342827552231, -0.000124627214973, -0.000451898493338, 0.000665309198666, -0.000573647732381, -0.00165610271506, 0.00224674493074, -0.00140181812458, -0.000969548535068, 0.00960174482316, -0.00256455084309, -0.000720706593711], [-8.13961596577e-05, 0.000551325327251, 0.000151838656166, 1.86036158993e-05, 0.000540661800187, 6.06683097431e-05, -1.52655884449e-05, -0.00130136101507, 0.0017393627204, 0.000437343172962, -0.00256455084309, 0.00957724452019, -0.00270294724032], [0.000103745565866, -0.00010520779324, 0.000415634509409, 0.000384244136512, -0.000442672346253, 0.000512395170517, -9.88598767435e-05, 4.5943310397e-05, -0.00253746914677, 0.000227636279305, -0.000720706593711, -0.00270294724032, 0.0117360167205]]
    },
    "melbands": {
        "mean": [0.00178816285916, 0.00117372802924, 0.000340177677572, 0.000235783227254, 0.000153723522089, 0.000117160794616, 4.93669649586e-05, 6.42230152152e-05, 0.000107151456177, 9.13425901672e-05, 5.33187048859e-05, 7.39557144698e-05, 7.5374613516e-05, 4.19240313931e-05, 3.48472713085e-05, 2.63025740423e-05, 2.85906298814e-05, 2.20965448534e-05, 1.88647973118e-05, 1.84344353329e-05, 1.77947458724e-05, 1.77519068529e-05, 1.83202864719e-05, 1.48245981109e-05, 1.35241989483e-05, 1.43454799399e-05, 1.20766198961e-05, 1.31725346364e-05, 1.4700468455e-05, 1.03461534309e-05, 8.60518230184e-06, 8.84455585037e-06, 9.70125711319e-06, 8.91795843927e-06, 6.271390248e-06, 4.85992131871e-06, 3.3277995044e-06, 2.11218502955e-06, 2.27013197218e-06, 1.29785018999e-06],
        "stdev": [0.00331723550335, 0.00236045452766, 0.000846817390993, 0.00069542764686, 0.000332224066369, 0.00028196972562, 0.000127504550619, 0.000191179977264, 0.000317475438351, 0.000299249193631, 0.000186315810424, 0.000220767804421, 0.000221991314902, 0.000127600171254, 0.000106131083157, 7.83134091762e-05, 7.76250963099e-05, 5.28276104887e-05, 4.38678762293e-05, 4.63971991849e-05, 3.73390830646e-05, 3.21951010847e-05, 3.7261757825e-05, 3.05383364321e-05, 2.92775384878e-05, 3.20261751767e-05, 2.70759283012e-05, 2.78330153378e-05, 3.24394604831e-05, 2.35270817939e-05, 1.81095274456e-05, 1.90278315131e-05, 1.90290920727e-05, 1.69649410964e-05, 1.20380709632e-05, 9.18605383049e-06, 6.59875149722e-06, 4.01365696234e-06, 4.57847045254e-06, 2.62146681962e-06]
    },
    "melbands128": {
        "mean": [0.000139666968607, 0.00159877329133, 0.00268103554845, 0.00182310654782, 0.00103103695437, 0.000585208064876, 0.000280519627267, 0.000321567611536, 0.000332042225637, 0.00020746399241, 0.000212558836211, 0.000162043841556, 0.000146301026689, 0.000138869159855, 0.000122933357488, 0.000117928953841, 5.75251178816e-05, 3.40940750903e-05, 4.19871685153e-05, 5.91052776144e-05, 7.18809023965e-05, 8.52017474244e-05, 0.000109548156615, 0.000137733833981, 0.000107908723294, 7.11812463123e-05, 5.92130345467e-05, 5.02511538798e-05, 4.75656452181e-05, 6.09759445069e-05, 8.46363909659e-05, 9.9442586361e-05, 8.02211361588e-05, 5.65777190786e-05, 4.2941304855e-05, 3.92841720895e-05, 3.77129290428e-05, 3.63045764971e-05, 3.32721683662e-05, 2.5822320822e-05, 2.53532325587e-05, 2.57365609286e-05, 2.69249721896e-05, 3.3995067497e-05, 2.39376513491e-05, 1.96177661564e-05, 1.94705098693e-05, 1.81567647815e-05, 1.93135765585e-05, 1.89527363545e-05, 1.82530966413e-05, 1.77284928213e-05, 1.84444234037e-05, 1.70249604707e-05, 1.80601437023e-05, 1.74847464223e-05, 1.76740704774e-05, 1.95341326616e-05, 1.85407152458e-05, 1.62677370099e-05, 1.44384939631e-05, 1.46616612255e-05, 1.23216959764e-05, 1.39511157613e-05, 1.29641930471e-05, 1.72377476702e-05, 1.22138353618e-05, 1.28317105919e-05, 1.13325431812e-05, 1.13698706627e-05, 1.29318323161e-05, 1.37164688567e-05, 1.71518749994e-05, 1.5416280803e-05, 1.1162883311e-05, 1.10285127448e-05, 8.74369015946e-06, 1.02722460724e-05, 7.34057857699e-06, 9.06447166926e-06, 8.70081021276e-06, 8.01974510978e-06, 1.05427125163e-05, 9.34053878154e-06, 9.98133782559e-06, 9.51558286033e-06, 9.50577759795e-06, 6.04422666584e-06, 6.54397626931e-06, 5.247523859e-06, 6.26419569016e-06, 4.21664981332e-06, 3.80236792807e-06, 3.47871878148e-06, 3.00158922073e-06, 2.39800556301e-06, 1.9085605345e-06, 1.67409427831e-06, 1.70549333234e-06, 3.71142664335e-06, 1.55400641688e-06, 8.48745969506e-07, 7.84239318818e-07, 6.02347085987e-07, 5.79519337407e-07, 6.47158685751e-07, 5.61632248264e-07, 3.70421759044e-07, 3.49212569972e-07, 3.18842694469e-07, 3.05636831399e-07, 2.47339698944e-07, 2.77331054122e-07, 2.88468413601e-07, 2.03882777328e-07, 1.18568145524e-07, 9.93526256821e-08, 1.06018731572e-07, 7.50234221414e-08, 7.43580574891e-09, 1.77952017566e-08, 9.54622159099e-09, 6.54640919251e-09, 1.1706432268e-08, 6.3277223461e-09, 2.64559533135e-12, 2.4718202745e-12, 2.45214070403e-12],
        "stdev": [0.000275325437542, 0.0031364695169, 0.00525719905272, 0.00359763531014, 0.00256424420513, 0.00161870697048, 0.000799145549536, 0.000956365896855, 0.00105517345946, 0.000727306236513, 0.000681754201651, 0.000392283371184, 0.000369327026419, 0.000400754681323, 0.000340831815265, 0.000367398606613, 0.00018788248417, 0.000135188805871, 0.000179087393917, 0.000247260206379, 0.000280600506812, 0.000343759253155, 0.00042871144251, 0.000573201628868, 0.000477963447338, 0.0003560425248, 0.00032200026908, 0.000244647584623, 0.000218382876483, 0.000277365063084, 0.000333737843903, 0.000369701883756, 0.000349326990545, 0.00023545982549, 0.0001960524678, 0.000176415444002, 0.000146783015225, 0.000163529985002, 0.000143152792589, 0.000123895486468, 0.000105327206256, 0.000114250229672, 0.000108468775579, 0.000121168981423, 8.77841230249e-05, 6.62009770167e-05, 6.38776400592e-05, 5.95378842263e-05, 6.53571696603e-05, 7.22614349797e-05, 6.31240109215e-05, 6.78984943079e-05, 5.30049292138e-05, 4.36271875515e-05, 4.51795276604e-05, 3.78766235372e-05, 4.0290542529e-05, 4.89540143462e-05, 4.24267018388e-05, 3.75120980607e-05, 3.36956763931e-05, 3.52762726834e-05, 2.89005256491e-05, 3.47629284079e-05, 3.04615950881e-05, 4.48548853456e-05, 2.6329236789e-05, 3.04402674374e-05, 2.72823199339e-05, 2.86774557026e-05, 3.12285192194e-05, 3.15067300107e-05, 3.64141415048e-05, 3.83492406399e-05, 3.12625343213e-05, 2.65491707978e-05, 1.90941282199e-05, 2.64922218776e-05, 1.51432986968e-05, 2.02748688025e-05, 1.94884014491e-05, 1.87507102964e-05, 2.31110243476e-05, 1.83337961062e-05, 2.17706510739e-05, 2.0082521587e-05, 2.06422555493e-05, 1.22610235849e-05, 1.57648828463e-05, 9.99384428724e-06, 1.17003055493e-05, 9.73161786533e-06, 8.53935398482e-06, 7.09775531504e-06, 6.80749508319e-06, 4.89406284032e-06, 3.76969455829e-06, 3.55115798811e-06, 3.55223096449e-06, 9.43435770751e-06, 3.17809508488e-06, 2.05823107535e-06, 2.00504177883e-06, 1.58079240009e-06, 1.39407745792e-06, 1.60816261996e-06, 1.59607941441e-06, 9.72917064246e-07, 1.06754077933e-06, 1.06221341412e-06, 9.91002480077e-07, 7.28370309844e-07, 8.38846347051e-07, 7.67362337228e-07, 5.77723540118e-07, 3.30152943206e-07, 2.56367542306e-07, 4.41210858071e-07, 3.31484670824e-07, 6.4054233917e-08, 1.45527877748e-07, 6.42350670432e-08, 4.82355275722e-08, 8.23522015025e-08, 4.63601494971e-08, 5.82549199851e-12, 4.60061849727e-12, 4.5701667277e-12]
    },
    "mfcc": {
        "mean": [-700.295349121, 70.618522644, 9.50859832764, 27.2282962799, 0.592729210854, 15.9774103165, 3.10720181465, 11.7959775925, 0.319647401571, 4.52176809311, 0.195064693689, 2.53257751465, 1.00245785713],
        "cov": [[16089.25, -189.229278564, -797.349853516, 113.530685425, -182.15145874, -66.8195495605, -211.625244141, -18.2791671753, -44.4425926208, -177.503265381, -225.7706604, -180.339752197, -190.125946045], [-189.229278564, 1932.6484375, -194.201400757, -142.125442505, -11.3672828674, 24.0384635925, 105.478042603, 86.734046936, 95.6145172119, 62.9580039978, 62.655582428, 12.6077356339, 54.4336471558], [-797.349853516, -194.201400757, 1266.04882812, 320.212310791, 107.168128967, 196.07963562, 132.956375122, 107.030578613, -46.6686973572, 46.5189399719, 25.0121231079, 51.3004646301, 21.385843277], [113.530685425, -142.125442505, 320.212310791, 912.860473633, 394.551605225, 147.398452759, -0.527519524097, 42.9109535217, 47.7338104248, 63.9637145996, 4.68232822418, 57.4705886841, 35.1635017395], [-182.15145874, -11.3672828674, 107.168128967, 394.551605225, 533.637695312, 187.962280273, 59.7493362427, -0.77581346035, 96.6573181152, 98.5219192505, 66.4744644165, 9.90946102142, 43.6179351807], [-66.8195495605, 24.0384635925, 196.07963562, 147.398452759, 187.962280273, 430.882019043, 213.387069702, 135.42906189, 72.7144851685, 96.8702087402, 74.7231445312, 64.3468170166, 37.2113952637], [-211.625244141, 105.478042603, 132.956375122, -0.527519524097, 59.7493362427, 213.387069702, 345.106201172, 145.997802734, 70.0807800293, 50.7647819519, 90.6422348022, 24.3380947113, 30.8315448761], [-18.2791671753, 86.734046936, 107.030578613, 42.9109535217, -0.77581346035, 135.42906189, 145.997802734, 293.174560547, 81.8033981323, 62.2264823914, 21.7385387421, 79.6232681274, 31.4600868225], [-44.4425926208, 95.6145172119, -46.6686973572, 47.7338104248, 96.6573181152, 72.7144851685, 70.0807800293, 81.8033981323, 223.799453735, 99.6505279541, 56.8601570129, 7.50358104706, 30.6923885345], [-177.503265381, 62.9580039978, 46.5189399719, 63.9637145996, 98.5219192505, 96.8702087402, 50.7647819519, 62.2264823914, 99.6505279541, 188.07699585, 72.5130004883, 28.4083518982, 20.6622848511], [-225.7706604, 62.655582428, 25.0121231079, 4.68232822418, 66.4744644165, 74.7231445312, 90.6422348022, 21.7385387421, 56.8601570129, 72.5130004883, 152.803955078, 1.35685455799, 17.4617862701], [-180.339752197, 12.6077356339, 51.3004646301, 57.4705886841, 9.90946102142, 64.3468170166, 24.3380947113, 79.6232681274, 7.50358104706, 28.4083518982, 1.35685455799, 151.989196777, 29.3607959747], [-190.125946045, 54.4336471558, 21.385843277, 35.1635017395, 43.6179351807, 37.2113952637, 30.8315448761, 31.4600868225, 30.6923885345, 20.6622848511, 17.4617862701, 29.3607959747, 97.364074707]],
        "icov": [[6.92812463967e-05, 3.72477552446e-06, 5.30613178853e-05, -4.43739118055e-05, 3.95104289055e-05, -5.85575107834e-05, 3.30039474647e-05, -4.56956804555e-05, -8.54417612572e-06, 3.54070834874e-05, 6.58473873045e-05, 9.52996560954e-05, 0.000101201854704], [3.72477552446e-06, 0.000559192849323, 8.73597746249e-05, 7.18977535143e-05, -7.10399308446e-06, 7.30243627913e-05, -0.000129434440169, -0.000106609601062, -8.07833494036e-05, -9.65517901932e-05, -7.72079947637e-05, 1.75964942173e-05, -0.000245306873694], [5.30613178853e-05, 8.73597746249e-05, 0.00103213847615, -0.000391786365071, 0.000163860371686, -0.000275450584013, -0.000245089555392, -0.000235524494201, 0.000540802138858, -0.000219225941692, 3.14325443469e-05, 0.000141339187394, -1.70729235833e-05], [-4.43739118055e-05, 7.18977535143e-05, -0.000391786365071, 0.00190381100401, -0.00143589661457, 4.70915510959e-05, 0.000393736409023, -0.000269062118605, -3.51339258486e-05, 7.66237790231e-05, 0.00030392370536, -0.000500375346746, -4.96390421176e-05], [3.95104289055e-05, -7.10399308446e-06, 0.000163860371686, -0.00143589661457, 0.00368600641377, -0.00119220314082, 2.17243468796e-05, 0.00100143055897, -0.000772723986302, -0.00059010827681, -0.000457174610347, 0.000555108359549, -0.000678971468005], [-5.85575107834e-05, 7.30243627913e-05, -0.000275450584013, 4.70915510959e-05, -0.00119220314082, 0.00448495149612, -0.00211566593498, -0.000546253635548, 0.000273976358585, -0.000922567560337, -6.83024627506e-05, -0.00103471125476, -1.15328321044e-05], [3.30039474647e-05, -0.000129434440169, -0.000245089555392, 0.000393736409023, 2.17243468796e-05, -0.00211566593498, 0.00565746100619, -0.00194471143186, -0.000388658052543, 0.00119913043454, -0.00232306076214, 0.000862963090185, -0.000291399017442], [-4.56956804555e-05, -0.000106609601062, -0.000235524494201, -0.000269062118605, 0.00100143055897, -0.000546253635548, -0.00194471143186, 0.00595550518483, -0.00161869137082, -0.00077559996862, 0.00118446478155, -0.00223590503447, -0.00029240976437], [-8.54417612572e-06, -8.07833494036e-05, 0.000540802138858, -3.51339258486e-05, -0.000772723986302, 0.000273976358585, -0.000388658052543, -0.00161869137082, 0.00706806126982, -0.00274776294827, -0.000620720966253, 0.00104265101254, -0.00103811721783], [3.54070834874e-05, -9.65517901932e-05, -0.000219225941692, 7.66237790231e-05, -0.00059010827681, -0.000922567560337, 0.00119913043454, -0.00077559996862, -0.00274776294827, 0.00880620256066, -0.0029635829851, -0.000824456859846, 0.000408934050938], [6.58473873045e-05, -7.72079947637e-05, 3.14325443469e-05, 0.00030392370536, -0.000457174610347, -6.83024627506e-05, -0.00232306076214, 0.00118446478155, -0.000620720966253, -0.0029635829851, 0.00977992918342, 0.000342541548889, -0.000393789086957], [9.52996560954e-05, 1.75964942173e-05, 0.000141339187394, -0.000500375346746, 0.000555108359549, -0.00103471125476, 0.000862963090185, -0.00223590503447, 0.00104265101254, -0.000824456859846, 0.000342541548889, 0.00873970519751, -0.00192877429072], [0.000101201854704, -0.000245306873694, -1.70729235833e-05, -4.96390421176e-05, -0.000678971468005, -1.15328321044e-05, -0.000291399017442, -0.00029240976437, -0.00103811721783, 0.000408934050938, -0.000393789086957, -0.00192877429072, 0.0120152328163]]
    },
    "spectral_contrast_coeffs": {
        "mean": [-0.732336163521, -0.780640721321, -0.781438589096, -0.804766654968, -0.803319454193, -0.739926576614],
        "stdev": [0.0991108715534, 0.102146111429, 0.0905988514423, 0.0671337917447, 0.0487509481609, 0.0484239198267]
    },
    "spectral_contrast_valleys": {
        "mean": [-7.83428430557, -7.97971057892, -8.38611602783, -8.46835803986, -7.99313497543, -10.4692382812],
        "stdev": [2.19831681252, 2.08800458908, 2.0486638546, 2.08801960945, 2.13836979866, 2.04725909233]
    }
},
"rhythm": {
    "beats_count": 805,
    "beats_loudness": {
        "mean": 0.0270123034716,
        "stdev": 0.0179702285677
    },
    "bpm": 178.205612183,
    "bpm_histogram_first_peak_bpm": 178,
    "bpm_histogram_first_peak_weight": 0,
    "bpm_histogram_second_peak_bpm": 185,
    "bpm_histogram_second_peak_spread": 0,
    "bpm_histogram_second_peak_weight": 0.325870633125,
    "danceability": 1.13893508911,
    "onset_rate": 4.389128685,
    "beats_loudness_band_ratio": {
        "mean": [0.369450777769, 0.0857390090823, 0.119051508605, 0.139382526278, 0.0988004878163, 0.208065569401],
        "stdev": [0.312037467957, 0.117260947824, 0.171632051468, 0.187141418457, 0.0957752391696, 0.194643393159]
    },
    "beats_position": [0.429569154978, 0.789478421211, 1.1261677742, 1.46285712719, 1.8111563921, 2.13623571396, 2.47292518616, 2.80961441994, 3.13469386101, 3.47138309479, 3.80807256699, 4.13315200806, 4.46984100342, 4.80653047562, 5.13160991669, 5.45668935776, 5.79337835312, 6.13006782532, 6.45514726639, 6.78022670746, 7.12852573395, 7.46521520615, 7.80190467834, 8.12698364258, 8.45206356049, 8.78875255585, 9.12544155121, 9.46213150024, 9.78721046448, 10.1239004135, 10.4605894089, 10.7972784042, 11.1223583221, 11.4590473175, 11.7957363129, 12.1208162308, 12.445895195, 12.782585144, 13.1192741394, 13.4675731659, 13.7926530838, 14.1293420792, 14.4660310745, 14.7911109924, 15.1161899567, 15.4528799057, 15.7895689011, 16.114648819, 16.4397277832, 16.7764167786, 17.1131057739, 17.4497947693, 17.786485672, 18.1231746674, 18.4598636627, 18.784942627, 19.1100215912, 19.4467124939, 19.7834014893, 20.1084804535, 20.4335594177, 20.7702484131, 21.1069393158, 21.4436283112, 21.7803173065, 22.128616333, 22.4769153595, 22.8136043549, 23.1619052887, 23.4985942841, 23.8352832794, 24.1835823059, 24.5202713013, 24.8569602966, 25.1936511993, 25.5303401947, 25.8670291901, 26.1921081543, 26.5287971497, 26.865486145, 27.1905670166, 27.527256012, 27.8639450073, 28.2006340027, 28.537322998, 28.8624038696, 29.1874828339, 29.5357818604, 29.8608608246, 30.1975498199, 30.5342407227, 30.8825397491, 31.2308387756, 31.5791378021, 31.9274368286, 32.2757377625, 32.6240348816, 32.960723877, 33.2974128723, 33.6341018677, 33.9707946777, 34.3190917969, 34.6557807922, 34.9924697876, 35.3407707214, 35.6658477783, 35.9909286499, 36.3276176453, 36.6643066406, 37.000995636, 37.3376846313, 37.6627655029, 37.9878463745, 38.3129234314, 38.6496124268, 38.9863014221, 39.3113822937, 39.6480712891, 39.9731521606, 40.309841156, 40.6465301514, 40.9832191467, 41.3315200806, 41.6565971375, 41.9932861328, 42.3299751282, 42.6550559998, 42.9917449951, 43.3168258667, 43.6535148621, 43.9902038574, 44.3268928528, 44.6519737244, 44.9886627197, 45.3253517151, 45.650428772, 45.9871177673, 46.3121986389, 46.6488876343, 46.9855766296, 47.322265625, 47.6473464966, 47.9840354919, 48.3207244873, 48.6458053589, 48.9708824158, 49.2959632874, 49.6210403442, 49.9577331543, 50.2944221497, 50.631111145, 50.9678001404, 51.3044891357, 51.6411781311, 51.9778671265, 52.3145561218, 52.6396369934, 52.9763259888, 53.3130149841, 53.6380958557, 53.9631729126, 54.2882537842, 54.6249427795, 54.9616317749, 55.2867126465, 55.6234016418, 55.9600906372, 56.2967796326, 56.6334686279, 56.9585494995, 57.2836265564, 57.608707428, 57.9453964233, 58.2820854187, 58.6187744141, 58.9554634094, 59.280544281, 59.6172332764, 59.9423103333, 60.2789993286, 60.6040802002, 60.9407691956, 61.2774581909, 61.6141471863, 61.9508361816, 62.2875289917, 62.6242179871, 62.9609069824, 63.2975959778, 63.6226730347, 63.95936203, 64.2960510254, 64.621131897, 64.957824707, 65.2945098877, 65.6195907593, 65.9446716309, 66.2813568115, 66.6180496216, 66.9547348022, 67.2914276123, 67.6165084839, 67.9531936646, 68.2898864746, 68.6149673462, 68.9400405884, 69.2883453369, 69.6134262085, 69.9384994507, 70.2751922607, 70.6118774414, 70.9601821899, 71.2852630615, 71.6103363037, 71.9470291138, 72.2837142944, 72.608795166, 72.9338760376, 73.2821731567, 73.6072540283, 73.9323348999, 74.2690200806, 74.6057128906, 74.9307937622, 75.2674789429, 75.6041717529, 75.9292526245, 76.2659378052, 76.5910186768, 76.9277114868, 77.2643966675, 77.6010894775, 77.9261627197, 78.2628555298, 78.5995483398, 78.9362335205, 79.2729263306, 79.5979995728, 79.9230804443, 80.2481613159, 80.584854126, 80.9215393066, 81.2698364258, 81.5949172974, 81.9199981689, 82.256690979, 82.5933761597, 82.9184570312, 83.2435379028, 83.5802230835, 83.9169158936, 84.2419967651, 84.5786819458, 84.9153747559, 85.263671875, 85.5887527466, 85.9138336182, 86.2389068604, 86.5639877319, 86.900680542, 87.2373657227, 87.5740585327, 87.9107437134, 88.2474365234, 88.5841217041, 88.9208145142, 89.2575073242, 89.5825805664, 89.907661438, 90.244354248, 90.5810394287, 90.9061203003, 91.2312011719, 91.5678863525, 91.9045791626, 92.2528762817, 92.5779571533, 92.9146499634, 93.251335144, 93.5764160156, 93.9014968872, 94.2381820679, 94.5748748779, 94.9115600586, 95.2482528687, 95.5733337402, 95.8984146118, 96.246711731, 96.5717926025, 96.8968658447, 97.2219467163, 97.5586395264, 97.895324707, 98.2320175171, 98.5687026978, 98.9053955078, 99.2420806885, 99.5671615601, 99.8922424316, 100.228935242, 100.565620422, 100.902313232, 101.238998413, 101.564079285, 101.889160156, 102.225845337, 102.562538147, 102.887619019, 103.21269989, 103.549385071, 103.886077881, 104.234375, 104.559455872, 104.884536743, 105.232833862, 105.557914734, 105.882987976, 106.219680786, 106.556373596, 106.881446838, 107.218139648, 107.554824829, 107.879905701, 108.204986572, 108.541679382, 108.866752625, 109.203445435, 109.540130615, 109.876823425, 110.213516235, 110.550201416, 110.886894226, 111.211967468, 111.548660278, 111.87374115, 112.222038269, 112.547119141, 112.872200012, 113.197273254, 113.522354126, 113.859046936, 114.195732117, 114.532424927, 114.869110107, 115.205802917, 115.530883789, 115.86756897, 116.215873718, 116.54094696, 116.866027832, 117.214332581, 117.539405823, 117.864486694, 118.189567566, 118.537864685, 118.874557495, 119.199638367, 119.536323547, 119.861404419, 120.209701538, 120.53478241, 120.859863281, 121.196548462, 121.533241272, 121.858322144, 122.195007324, 122.531700134, 122.856781006, 123.181854248, 123.518547058, 123.855232239, 124.203536987, 124.528617859, 124.853691101, 125.190383911, 125.527069092, 125.852149963, 126.188842773, 126.525527954, 126.850608826, 127.175689697, 127.512374878, 127.849067688, 128.17414856, 128.499221802, 128.824310303, 129.160995483, 129.497680664, 129.834381104, 130.171066284, 130.507751465, 130.844436646, 131.181137085, 131.506210327, 131.842895508, 132.179595947, 132.516281128, 132.84135437, 133.189651489, 133.51473999, 133.839813232, 134.164901733, 134.489974976, 134.815048218, 135.151748657, 135.488433838, 135.825119019, 136.161804199, 136.498504639, 136.835189819, 137.183486938, 137.508575439, 137.833648682, 138.170333862, 138.507034302, 138.832107544, 139.157180786, 139.482269287, 139.807342529, 140.14402771, 140.480728149, 140.81741333, 141.154098511, 141.490783691, 141.827484131, 142.164169312, 142.500854492, 142.837554932, 143.174240112, 143.499313354, 143.824401855, 144.161087036, 144.497772217, 144.834457397, 145.171157837, 145.496231079, 145.82131958, 146.158004761, 146.494689941, 146.831375122, 147.156463623, 147.493148804, 147.829833984, 148.166534424, 148.491607666, 148.828292847, 149.164993286, 149.490066528, 149.815139771, 150.140228271, 150.465301514, 150.801986694, 151.138687134, 151.475372314, 151.812057495, 152.137145996, 152.473831177, 152.810516357, 153.158813477, 153.483901978, 153.80897522, 154.1456604, 154.48236084, 154.807434082, 155.132507324, 155.469207764, 155.805892944, 156.154190063, 156.479278564, 156.804351807, 157.152648926, 157.477722168, 157.802810669, 158.127883911, 158.464584351, 158.789657593, 159.126342773, 159.463043213, 159.799728394, 160.136413574, 160.473098755, 160.809799194, 161.134872437, 161.459945679, 161.796646118, 162.12171936, 162.458404541, 162.79510498, 163.131790161, 163.456863403, 163.793563843, 164.141860962, 164.466934204, 164.803619385, 165.140319824, 165.465393066, 165.790466309, 166.11555481, 166.440628052, 166.777328491, 167.102401733, 167.439086914, 167.775772095, 168.112472534, 168.449157715, 168.785842896, 169.134140015, 169.459228516, 169.784301758, 170.121002197, 170.457687378, 170.794372559, 171.119445801, 171.45614624, 171.792831421, 172.117904663, 172.454605103, 172.779678345, 173.116363525, 173.453063965, 173.778137207, 174.114822388, 174.451522827, 174.788208008, 175.124893188, 175.449981689, 175.78666687, 176.123352051, 176.448425293, 176.773513794, 177.098587036, 177.435287476, 177.771972656, 178.108657837, 178.433731079, 178.770431519, 179.107116699, 179.44380188, 179.780502319, 180.1171875, 180.442260742, 180.778961182, 181.115646362, 181.440719604, 181.765808105, 182.102493286, 182.439178467, 182.775863647, 183.100952148, 183.437637329, 183.77432251, 184.111022949, 184.436096191, 184.772781372, 185.109481812, 185.434555054, 185.759628296, 186.096328735, 186.433013916, 186.769699097, 187.106384277, 187.431472778, 187.768157959, 188.10484314, 188.429931641, 188.766616821, 189.103302002, 189.428390503, 189.753463745, 190.090148926, 190.426849365, 190.763534546, 191.100219727, 191.425308228, 191.773605347, 192.098678589, 192.42376709, 192.748840332, 193.085525513, 193.422225952, 193.747299194, 194.083984375, 194.420669556, 194.757369995, 195.094055176, 195.430740356, 195.755828857, 196.092514038, 196.41758728, 196.742675781, 197.079360962, 197.416046143, 197.764343262, 198.101043701, 198.437728882, 198.774414062, 199.087890625, 199.412963867, 199.749649048, 200.086349487, 200.411422729, 200.74810791, 201.08480835, 201.42149353, 201.746566772, 202.071655273, 202.408340454, 202.745025635, 203.081726074, 203.418411255, 203.755096436, 204.080184937, 204.405258179, 204.741943359, 205.07862854, 205.403717041, 205.740402222, 206.065490723, 206.402175903, 206.738861084, 207.075546265, 207.412246704, 207.748931885, 208.074005127, 208.410705566, 208.759002686, 209.095687866, 209.420761108, 209.745849609, 210.08253479, 210.419219971, 210.744308472, 211.069381714, 211.417678833, 211.742767334, 212.079452515, 212.404525757, 212.741226196, 213.066299438, 213.402984619, 213.739685059, 214.076370239, 214.41305542, 214.738143921, 215.063217163, 215.388290405, 215.724990845, 216.050064087, 216.386749268, 216.723449707, 217.060134888, 217.396820068, 217.721893311, 218.05859375, 218.395278931, 218.731964111, 219.057052612, 219.382125854, 219.707214355, 220.032287598, 220.35736084, 220.694061279, 221.03074646, 221.355819702, 221.692520142, 222.029205322, 222.365890503, 222.702575684, 223.039276123, 223.364349365, 223.701034546, 224.037734985, 224.374420166, 224.711105347, 225.047790527, 225.384490967, 225.709564209, 226.034637451, 226.371337891, 226.708023071, 227.044708252, 227.381408691, 227.718093872, 228.043167114, 228.368255615, 228.704940796, 229.041625977, 229.366714478, 229.703399658, 230.040084839, 230.37677002, 230.713470459, 231.038543701, 231.363616943, 231.700317383, 232.037002563, 232.362075806, 232.698776245, 233.035461426, 233.383758545, 233.708831787, 234.033920288, 234.370605469, 234.707290649, 235.03237915, 235.357452393, 235.682540894, 236.007614136, 236.344299316, 236.680999756, 237.017684937, 237.354370117, 237.702667236, 238.039367676, 238.376052856, 238.701126099, 239.0262146, 239.36289978, 239.699584961, 240.024673462, 240.349746704, 240.674819946, 241.011520386, 241.348205566, 241.684890747, 242.021575928, 242.358276367, 242.694961548, 243.02003479, 243.368347168, 243.716644287, 244.064941406, 244.413238525, 244.761535645, 245.295593262, 245.81803894, 246.328887939, 247.002258301, 247.675643921, 248.349014282, 249.010787964, 249.684173584, 250.357543945, 251.007705688, 251.681091309, 252.342849731, 253.004623413, 253.677993774, 254.351379395, 255.024749756, 255.674911499, 256.336669922, 256.998443604, 257.671844482, 258.345214844, 259.006988525, 259.668762207, 260.342132568, 260.992279053, 261.665649414, 262.339050293, 263.000823975, 263.662567139, 264.32434082, 264.986114502, 265.659484863, 266.332885742, 266.994628906, 267.656402588, 268.31817627, 268.979949951, 269.653320312, 270.326721191, 270.988464355, 271.650238037, 272.312011719, 272.9737854, 273.647155762, 274.320526123, 274.982299805, 275.644073486, 276.305847168, 276.96762085, 277.640991211, 278.314361572, 278.976135254, 279.637908936, 280.28805542, 280.926605225, 281.565155029, 282.215332031, 282.865478516, 283.538848877, 284.212249756, 284.885620117, 285.570617676, 286.255584717, 286.952209473, 287.648803711, 288.356994629, 289.065216064, 289.78503418, 290.504852295, 291.23626709, 291.956085205],
