{
"metadata": {
    "version": {
        "essentia": "2.1-dev",
        "essentia_git_sha": "v2.1_beta3-415-gd5473f3",
        "extractor": "music 2.0"
    },
    "audio_properties": {
        "analysis": {
            "equal_loudness": 0,
            "length": 276.950195312,
            "sample_rate": 44100,
            "start_time": 0,
            "downmix": "mix"
        },
        "bit_rate": 192000,
        "length": 276.950195312,
        "lossless": 0,
        "number_channels": 2,
        "replay_gain": -8.34398460388,
        "sample_rate": 44100,
        "codec": "mp3",
        "md5_encoded": "6daddb68e591c7d81e26de7cb5b104be"
    },
    "tags": {
        "file_name": "onyx-slam _harder.mp3",
        "genre": ["Other"]
    }
},
"lowlevel": {
    "average_loudness": 0.892527043819,
    "barkbands_crest": {
        "mean": 10.9446277618,
        "stdev": 3.99099254608
    },
    "barkbands_flatness_db": {
        "mean": 0.171317502856,
        "stdev": 0.0545352958143
    },
    "barkbands_kurtosis": {
        "mean": 8.59011077881,
        "stdev": 17.8547153473
    },
    "barkbands_skewness": {
        "mean": 1.86691296101,
        "stdev": 2.07675552368
    },
    "barkbands_spread": {
        "mean": 22.4883613586,
        "stdev": 15.9772195816
    },
    "dissonance": {
        "mean": 0.47389870882,
        "stdev": 0.0236968398094
    },
    "dynamic_complexity": 4.52352380753,
    "erbbands_crest": {
        "mean": 9.40254211426,
        "stdev": 3.96549630165
    },
    "erbbands_flatness_db": {
        "mean": 0.167652055621,
        "stdev": 0.0486382357776
    },
    "erbbands_kurtosis": {
        "mean": 0.670450210571,
        "stdev": 2.37205410004
    },
    "erbbands_skewness": {
        "mean": 0.00611330801621,
        "stdev": 0.848917543888
    },
    "erbbands_spread": {
        "mean": 43.2246170044,
        "stdev": 26.8553924561
    },
    "hfc": {
        "mean": 19.2074661255,
        "stdev": 15.7027902603
    },
    "loudness_ebu128": {
        "integrated": -15.0925712585,
        "loudness_range": 4.59704494476,
        "momentary": {
            "mean": -17.0943126678,
            "stdev": 7.38794183731
        },
        "short_term": {
            "mean": -16.2980384827,
            "stdev": 5.12150382996
        }
    },
    "melbands_crest": {
        "mean": 16.9699783325,
        "stdev": 6.23349094391
    },
    "melbands_flatness_db": {
        "mean": 0.218992516398,
        "stdev": 0.0842292457819
    },
    "melbands_kurtosis": {
        "mean": 31.4644069672,
        "stdev": 57.9427337646
    },
    "melbands_skewness": {
        "mean": 3.58083343506,
        "stdev": 3.2386610508
    },
    "melbands_spread": {
        "mean": 25.3780994415,
        "stdev": 26.4499816895
    },
    "pitch_salience": {
        "mean": 0.4938980937,
        "stdev": 0.133024200797
    },
    "silence_rate_20dB": {
        "mean": 1,
        "stdev": 0
    },
    "silence_rate_30dB": {
        "mean": 0.975354194641,
        "stdev": 0.15504977107
    },
    "silence_rate_60dB": {
        "mean": 0.126246958971,
        "stdev": 0.332118064165
    },
    "spectral_centroid": {
        "mean": 1490.84838867,
        "stdev": 808.777770996
    },
    "spectral_complexity": {
        "mean": 15.8528795242,
        "stdev": 9.98512840271
    },
    "spectral_decrease": {
        "mean": -8.37781310992e-09,
        "stdev": 8.27282597982e-09
    },
    "spectral_energy": {
        "mean": 0.0333619341254,
        "stdev": 0.0319541580975
    },
    "spectral_energyband_high": {
        "mean": 0.000674088834785,
        "stdev": 0.000818349712063
    },
    "spectral_energyband_low": {
        "mean": 0.019328346476,
        "stdev": 0.0257787629962
    },
    "spectral_energyband_middle_high": {
        "mean": 0.0058927279897,
        "stdev": 0.00688864476979
    },
    "spectral_energyband_middle_low": {
        "mean": 0.00952869933099,
        "stdev": 0.015320494771
    },
    "spectral_entropy": {
        "mean": 7.64185285568,
        "stdev": 0.39282271266
    },
    "spectral_flux": {
        "mean": 0.101461082697,
        "stdev": 0.0706956759095
    },
    "spectral_kurtosis": {
        "mean": 3.96153712273,
        "stdev": 2.79365587234
    },
    "spectral_rms": {
        "mean": 0.00499019119889,
        "stdev": 0.00276518054307
    },
    "spectral_rolloff": {
        "mean": 1635.81115723,
        "stdev": 1946.57849121
    },
    "spectral_skewness": {
        "mean": 1.5109282732,
        "stdev": 0.482974588871
    },
    "spectral_spread": {
        "mean": 5217770.5,
        "stdev": 2144334
    },
    "spectral_strongpeak": {
        "mean": 0.873941004276,
        "stdev": 1.24529707432
    },
    "zerocrossingrate": {
        "mean": 0.0699293315411,
        "stdev": 0.0491551533341
    },
    "barkbands": {
        "mean": [0.00032869054121, 0.00854405108839, 0.00859058182687, 0.00306994444691, 0.00232655066065, 0.000769346312154, 0.0011515369406, 0.000361667451216, 0.00152734015137, 0.000986333121546, 0.00049839541316, 0.000450172490673, 0.000585776928347, 0.00109655328561, 0.00071548827691, 0.000499459274579, 0.000664986262564, 0.000249569537118, 0.000203592382604, 0.000158953291248, 0.000161075309734, 0.000144269986777, 9.76108130999e-05, 7.85728771007e-05, 6.76114068483e-05, 3.37500678143e-05, 9.564062875e-10],
        "stdev": [0.000952522852458, 0.0126841487363, 0.012766555883, 0.00768438447267, 0.00864400155842, 0.0021892816294, 0.00513788918033, 0.00130176998209, 0.00530939316377, 0.00232506426983, 0.00134890375193, 0.000974915456027, 0.00119488721248, 0.00168715824839, 0.00124863837846, 0.000884868204594, 0.00156358629465, 0.000396683899453, 0.000306225498207, 0.000316960416967, 0.000250079348916, 0.000226157077122, 0.000173025386175, 0.000150217470946, 0.000108330415969, 4.40671065007e-05, 1.62546043292e-09]
    },
    "erbbands": {
        "mean": [0.176051869988, 2.28729343414, 9.59217834473, 10.2705392838, 8.55820846558, 7.8265376091, 5.50413131714, 6.46883296967, 14.5156698227, 12.7489480972, 11.7716846466, 35.6880683899, 35.0023155212, 23.2098884583, 21.1269016266, 19.4013252258, 27.0056400299, 46.5524520874, 55.4124603271, 31.0119304657, 27.2103309631, 35.9740409851, 16.255235672, 11.2748098373, 9.01046276093, 7.64942502975, 7.05397224426, 6.06925725937, 5.402967453, 3.80147147179, 2.60707831383, 1.85779774189, 1.19404554367, 0.754860699177, 0.480284482241, 0.244255051017, 0.0400930866599, 0.000831173965707, 5.17424232385e-05, 4.24072895839e-05],
        "stdev": [0.263466775417, 3.41137123108, 13.9398002625, 20.6937904358, 24.5249328613, 30.6507301331, 15.1153783798, 20.0235404968, 68.9714202881, 47.2434616089, 36.5217514038, 130.748519897, 87.9403381348, 54.6855812073, 50.6046638489, 39.1745872498, 53.6131782532, 67.6139373779, 93.3477706909, 47.1650543213, 52.1771850586, 82.0695724487, 25.8173294067, 14.8965015411, 14.6623954773, 15.8849201202, 11.8901767731, 9.34073734283, 8.53009700775, 6.47803211212, 4.63663625717, 3.66814613342, 2.30247592926, 1.38572323322, 0.70499420166, 0.320472687483, 0.0538399890065, 0.00110109976958, 5.09330093337e-05, 3.69457557099e-05]
    },
    "gfcc": {
        "mean": [-35.7116470337, 66.4233551025, -123.901512146, 44.786026001, -40.5903968811, 40.6519927979, -36.1180458069, 16.6711158752, -22.7012844086, 7.32229804993, -24.6091270447, -2.97935891151, -12.2286510468],
        "cov": [[13644.1113281, 1161.30285645, -566.96673584, 11.5955133438, -57.9332237244, -43.2811775208, 109.033348083, -22.8466587067, 78.1531143188, 45.6386566162, 18.7528400421, -57.1805801392, -11.9175834656], [1161.30285645, 1256.97937012, 205.058807373, 90.963104248, 277.40057373, -102.823806763, 65.8313827515, -81.6849822998, 85.9448852539, -76.8463745117, 19.7452888489, -144.861541748, -12.5064878464], [-566.96673584, 205.058807373, 1867.31591797, 744.063293457, 393.490234375, 198.316925049, -184.110031128, -99.2119064331, -214.957855225, -1.50692844391, -142.335601807, -123.830482483, -131.199264526], [11.5955133438, 90.963104248, 744.063293457, 719.511901855, 317.617523193, 150.354980469, 25.0655651093, -76.1142349243, -81.6526412964, -59.4745140076, -85.7076950073, -134.344863892, -66.9333114624], [-57.9332237244, 277.40057373, 393.490234375, 317.617523193, 719.141418457, 336.464050293, 107.332275391, 55.2248268127, -26.7209815979, -63.8343811035, -111.207328796, -162.390518188, -97.8332595825], [-43.2811775208, -102.823806763, 198.316925049, 150.354980469, 336.464050293, 463.83203125, 245.002090454, 104.463035583, -9.70727825165, -58.69713974, -91.4187240601, -107.855644226, -83.0620040894], [109.033348083, 65.8313827515, -184.110031128, 25.0655651093, 107.332275391, 245.002090454, 432.62487793, 140.386917114, 27.7160224915, -61.484210968, -58.1327934265, -98.1706619263, -23.0533828735], [-22.8466587067, -81.6849822998, -99.2119064331, -76.1142349243, 55.2248268127, 104.463035583, 140.386917114, 211.13633728, 86.603225708, 13.7314062119, 0.664708554745, -12.4033174515, -26.2383785248], [78.1531143188, 85.9448852539, -214.957855225, -81.6526412964, -26.7209815979, -9.70727825165, 27.7160224915, 86.603225708, 236.368209839, 62.7983779907, 55.7678451538, 18.3383789062, 9.82012653351], [45.6386566162, -76.8463745117, -1.50692844391, -59.4745140076, -63.8343811035, -58.69713974, -61.484210968, 13.7314062119, 62.7983779907, 163.49861145, 73.4392166138, 55.9680862427, 14.4289331436], [18.7528400421, 19.7452888489, -142.335601807, -85.7076950073, -111.207328796, -91.4187240601, -58.1327934265, 0.664708554745, 55.7678451538, 73.4392166138, 162.25328064, 84.3773193359, 34.1635665894], [-57.1805801392, -144.861541748, -123.830482483, -134.344863892, -162.390518188, -107.855644226, -98.1706619263, -12.4033174515, 18.3383789062, 55.9680862427, 84.3773193359, 182.289825439, 73.5989456177], [-11.9175834656, -12.5064878464, -131.199264526, -66.9333114624, -97.8332595825, -83.0620040894, -23.0533828735, -26.2383785248, 9.82012653351, 14.4289331436, 34.1635665894, 73.5989456177, 115.220436096]],
        "icov": [[0.000101026103948, -0.000275840837276, 0.000192526931642, -0.000226644275244, 0.000233727289014, -0.000313481199555, 0.000252821308095, -0.000252772821113, 0.000271226104815, -0.00031738835969, 0.00026713477564, -0.000166887941305, 7.75911830715e-05], [-0.000275840837276, 0.00298925256357, -0.00161345943343, 0.00200090464205, -0.00247577088885, 0.00344715244137, -0.00283269956708, 0.00300019211136, -0.00292800855823, 0.00283048627898, -0.00271526305005, 0.0020634601824, -0.000497491622809], [0.000192526931642, -0.00161345943343, 0.00220782728866, -0.00233228341676, 0.00139399955515, -0.00237087882124, 0.00251270830631, -0.00211111735553, 0.00246211979538, -0.00237366347574, 0.00209264759906, -0.0011677792063, 0.000713271379936], [-0.000226644275244, 0.00200090464205, -0.00233228341676, 0.00451921066269, -0.00239712535404, 0.00262858369388, -0.00282940431498, 0.00344941811636, -0.00259523815475, 0.00265599344857, -0.00238827010617, 0.00216730195098, -0.000545434304513], [0.000233727289014, -0.00247577088885, 0.00139399955515, -0.00239712535404, 0.00479775248095, -0.00467126676813, 0.00328177213669, -0.00311774946749, 0.00242824852467, -0.00231019919738, 0.00245247944258, -0.000406632258091, 0.000218042274355], [-0.000313481199555, 0.00344715244137, -0.00237087882124, 0.00262858369388, -0.00467126676813, 0.00928012374789, -0.00600902084261, 0.00320287654176, -0.00351798231713, 0.00358147383668, -0.00250701699406, 0.00118633592501, 0.00125667185057], [0.000252821308095, -0.00283269956708, 0.00251270830631, -0.00282940431498, 0.00328177213669, -0.00600902084261, 0.00819465704262, -0.00567506207153, 0.00349325244315, -0.00235019484535, 0.00273944204673, 0.000515122199431, -0.00140660535544], [-0.000252772821113, 0.00300019211136, -0.00211111735553, 0.00344941811636, -0.00311774946749, 0.00320287654176, -0.00567506207153, 0.0115367937833, -0.00569045357406, 0.00256489124149, -0.00264411093667, 0.000620470789727, 0.00160429102834], [0.000271226104815, -0.00292800855823, 0.00246211979538, -0.00259523815475, 0.00242824852467, -0.00351798231713, 0.00349325244315, -0.00569045357406, 0.00934094749391, -0.00483633205295, 0.00162939284928, -0.00110080908053, -3.54465300916e-05], [-0.00031738835969, 0.00283048627898, -0.00237366347574, 0.00265599344857, -0.00231019919738, 0.00358147383668, -0.00235019484535, 0.00256489124149, -0.00483633205295, 0.0117971953005, -0.00554915657267, 0.000976323965006, -0.000194824737264], [0.00026713477564, -0.00271526305005, 0.00209264759906, -0.00238827010617, 0.00245247944258, -0.00250701699406, 0.00273944204673, -0.00264411093667, 0.00162939284928, -0.00554915657267, 0.0127278128639, -0.00518988352269, 0.00104674696922], [-0.000166887941305, 0.0020634601824, -0.0011677792063, 0.00216730195098, -0.000406632258091, 0.00118633592501, 0.000515122199431, 0.000620470789727, -0.00110080908053, 0.000976323965006, -0.00518988352269, 0.0131794530898, -0.0060178800486], [7.75911830715e-05, -0.000497491622809, 0.000713271379936, -0.000545434304513, 0.000218042274355, 0.00125667185057, -0.00140660535544, 0.00160429102834, -3.54465300916e-05, -0.000194824737264, 0.00104674696922, -0.0060178800486, 0.013864419423]]
    },
    "melbands": {
        "mean": [0.0020457864739, 0.00434025097638, 0.00175065395888, 0.000636034586933, 0.000200018272153, 0.000145803205669, 0.00023157231044, 0.000122893150547, 0.000113684742246, 0.000229475772358, 0.000174663000507, 9.75009679678e-05, 7.1261805715e-05, 5.15560932399e-05, 5.49434917048e-05, 6.07256297371e-05, 9.23406987567e-05, 9.77862073341e-05, 4.53414431831e-05, 3.60787307727e-05, 3.2710369851e-05, 4.28789353464e-05, 1.95726279344e-05, 1.11413446575e-05, 8.91631680133e-06, 7.30657257009e-06, 5.246107321e-06, 5.09222627443e-06, 4.55076769867e-06, 3.79489415536e-06, 3.42859357261e-06, 3.1893821415e-06, 2.5064066449e-06, 1.97576059691e-06, 1.52064876602e-06, 1.316205271e-06, 1.05035985598e-06, 8.52635707815e-07, 7.13237000127e-07, 6.11260759342e-07],
        "stdev": [0.00296024093404, 0.00613500317559, 0.0035229739733, 0.00237331539392, 0.000517217325978, 0.000439200724941, 0.00106592394877, 0.000434368645074, 0.000399612414185, 0.000824120594189, 0.000448068720289, 0.000235782674281, 0.000185623968719, 0.000109255575808, 0.000116617513413, 0.000119738120702, 0.000138554401929, 0.000170000348589, 7.27835067664e-05, 6.22228908469e-05, 7.10964668542e-05, 0.000112669331429, 3.30971015501e-05, 1.79691833182e-05, 1.27830080601e-05, 1.23066929518e-05, 9.55092673394e-06, 1.18589787235e-05, 8.25732968224e-06, 6.28973111816e-06, 5.5865266404e-06, 5.21622087035e-06, 4.17129649577e-06, 3.67970415027e-06, 2.79174082607e-06, 2.6092097869e-06, 2.15818204197e-06, 1.71834778939e-06, 1.41400357734e-06, 1.1320566955e-06]
    },
    "melbands128": {
        "mean": [0.000239618908381, 0.000994204427116, 0.00292852660641, 0.00383023079485, 0.00523782288656, 0.00368374143727, 0.00217943848111, 0.00129269808531, 0.000703901052475, 0.000874273420777, 0.000468444894068, 0.000166296507814, 0.000184262840776, 0.000192750623683, 0.000143571029184, 0.000114430891699, 0.000146173100802, 0.000302790926071, 0.0002716742747, 0.000122955840197, 6.81768069626e-05, 6.83100079186e-05, 8.86118650669e-05, 0.000179137190571, 0.000267679075478, 0.000239952787524, 0.000175922148628, 0.000173128486495, 0.000176131288754, 0.000108098050987, 7.08623483661e-05, 6.48834684398e-05, 8.3108934632e-05, 6.71821690048e-05, 5.13595805387e-05, 4.81341012346e-05, 4.97560322401e-05, 4.99277666677e-05, 6.41706719762e-05, 5.89675364608e-05, 4.51454434369e-05, 8.60228610691e-05, 8.19907945697e-05, 9.10705930437e-05, 0.000134657049784, 8.4238119598e-05, 9.24156920519e-05, 3.1266699807e-05, 2.81264929072e-05, 5.77618156967e-05, 3.46164706571e-05, 1.93000360014e-05, 2.9312523111e-05, 3.04359455185e-05, 5.72667231609e-05, 4.75271262985e-05, 2.98857066809e-05, 2.30626155826e-05, 1.55447924044e-05, 1.32524637593e-05, 1.1252584045e-05, 9.97568622552e-06, 7.00209557181e-06, 1.07343003037e-05, 8.21467529022e-06, 6.88639374857e-06, 7.23542143533e-06, 5.56765098736e-06, 4.64831146019e-06, 4.83695976072e-06, 5.01712975165e-06, 5.5582540881e-06, 4.63480910184e-06, 4.45611703981e-06, 4.27968643635e-06, 3.8268044591e-06, 3.57586986865e-06, 3.55675479113e-06, 3.37285769092e-06, 3.35976005772e-06, 3.31347223437e-06, 3.08697963192e-06, 2.93038920063e-06, 2.46387480729e-06, 2.15218801713e-06, 2.06306890504e-06, 1.93126538761e-06, 1.78364132353e-06, 1.42936198699e-06, 1.41077282478e-06, 1.36266783102e-06, 1.30074101889e-06, 1.21604193737e-06, 1.09869813514e-06, 8.98890732515e-07, 8.84054202288e-07, 8.58801058712e-07, 7.85245049428e-07, 7.30913029656e-07, 6.7168463147e-07, 6.2169129933e-07, 5.99213933583e-07, 6.04481613209e-07, 5.46645026134e-07, 5.38198776212e-07, 5.47408092189e-07, 5.13801012403e-07, 4.36559218997e-07, 4.17640904971e-07, 4.19670953988e-07, 3.86213741876e-07, 2.42087821789e-07, 1.8643603994e-08, 5.74590895697e-12, 5.03409857203e-12, 4.82487444095e-12, 4.64095949171e-12, 4.48383300974e-12, 4.35893161843e-12, 4.2316935546e-12, 4.12953308701e-12, 4.04250114286e-12, 3.95371062278e-12, 3.88108208765e-12, 3.82548550129e-12, 3.7879317738e-12, 3.75773847802e-12, 3.72840040092e-12],
        "stdev": [0.000665471074171, 0.00173987285234, 0.00455169007182, 0.00624765316024, 0.00776451686397, 0.00568928476423, 0.00455978745595, 0.00344444927759, 0.00221416843124, 0.00419260747731, 0.0020276454743, 0.000537057348993, 0.000611113908235, 0.000684625585563, 0.000554438214749, 0.000516290951055, 0.000815201899968, 0.00170528329909, 0.00132174417377, 0.000532566511538, 0.000292321026791, 0.000346550601535, 0.000371000118321, 0.000955306633841, 0.00133788061794, 0.00106565863825, 0.000800173322205, 0.000551463686861, 0.000490818987601, 0.000322350737406, 0.000278116902336, 0.000235714091104, 0.000272396806395, 0.000231374666328, 0.000157660077093, 0.000123236502986, 0.000148496998008, 0.000166411104146, 0.000154013643623, 0.000175419801963, 0.000124840982608, 0.000175015476998, 0.000147202357766, 0.000199088652153, 0.000291056116112, 0.000185708689969, 0.000193941115867, 7.65941658756e-05, 6.11363211647e-05, 0.000119307558634, 8.52850571391e-05, 5.43346650375e-05, 8.50046562846e-05, 9.10131420824e-05, 0.000185739758308, 0.000165968071087, 6.20293940301e-05, 4.67366880912e-05, 3.49819347321e-05, 3.26848312397e-05, 2.27738328249e-05, 1.6346350094e-05, 1.31481328935e-05, 2.05686301342e-05, 1.54535500769e-05, 1.53307046276e-05, 1.73440676008e-05, 1.2833396795e-05, 9.83315294434e-06, 1.32644554469e-05, 1.38977857205e-05, 1.5204380361e-05, 9.63939965004e-06, 9.28650570131e-06, 8.95074390428e-06, 7.37645223126e-06, 6.64251729177e-06, 6.33670606476e-06, 6.20537548457e-06, 6.43789144306e-06, 5.96461541136e-06, 5.41050530956e-06, 5.40897553947e-06, 4.4521698328e-06, 4.12561757912e-06, 3.98551310354e-06, 4.08933465224e-06, 3.66111976291e-06, 2.84359248326e-06, 2.79101732303e-06, 2.85020428237e-06, 2.80000631392e-06, 2.84626048597e-06, 2.44260149884e-06, 2.04843672691e-06, 1.91213916878e-06, 1.86546697023e-06, 1.60995875831e-06, 1.50495031903e-06, 1.49999141286e-06, 1.30988416913e-06, 1.18336720334e-06, 1.04105390619e-06, 9.6878113709e-07, 8.46961256684e-07, 8.25698805329e-07, 7.88492059201e-07, 6.33564752661e-07, 5.72929934606e-07, 5.7660793118e-07, 5.50192908122e-07, 3.56071353735e-07, 3.28442304465e-08, 9.23307697659e-12, 8.50909360334e-12, 8.17222591681e-12, 7.88420630865e-12, 7.63089244571e-12, 7.40668897742e-12, 7.20019443373e-12, 7.02023291929e-12, 6.86218313076e-12, 6.7212307768e-12, 6.60394959204e-12, 6.50408719938e-12, 6.42603331658e-12, 6.37032527423e-12, 6.33346240037e-12]
    },
    "mfcc": {
        "mean": [-674.47479248, 92.0352401733, -11.3564214706, 17.4185447693, 19.9872970581, 24.8021469116, 7.62045669556, 11.0417222977, 11.0431928635, 7.52992725372, 4.30705165863, -1.17136371136, -4.33306503296],
        "cov": [[11253.1298828, 1101.61950684, -725.662536621, 42.7938308716, -326.470947266, 16.9993629456, -88.1988372803, 109.907852173, 42.9583473206, 94.2544937134, 39.3854560852, 27.0965499878, -44.5475463867], [1101.61950684, 1204.48376465, -21.7545566559, 129.811447144, 186.343063354, 28.807308197, 5.01413536072, -11.9346075058, 29.0473613739, 12.4357614517, 31.7880306244, 6.36027383804, -10.2053966522], [-725.662536621, -21.7545566559, 1372.14160156, 532.71484375, 396.582611084, 183.282608032, 93.203453064, -101.19077301, -48.3178825378, -56.7876701355, -51.5600585938, -22.7288646698, -5.99891328812], [42.7938308716, 129.811447144, 532.71484375, 604.844665527, 313.364562988, 165.997436523, 97.4795761108, -47.0693283081, 9.49527549744, -3.58008313179, -38.3605880737, -35.6725845337, -22.0218544006], [-326.470947266, 186.343063354, 396.582611084, 313.364562988, 676.718383789, 250.006332397, 138.569671631, 40.8534011841, 58.7276306152, 52.8555717468, 20.7998390198, -13.4625787735, -8.94540977478], [16.9993629456, 28.807308197, 183.282608032, 165.997436523, 250.006332397, 381.245391846, 244.37562561, 126.598716736, 123.442237854, 90.1861801147, 8.81716442108, -33.3131065369, -37.1214828491], [-88.1988372803, 5.01413536072, 93.203453064, 97.4795761108, 138.569671631, 244.37562561, 414.610565186, 189.453536987, 123.118911743, 119.085159302, 7.12205457687, -46.5180969238, -46.3520431519], [109.907852173, -11.9346075058, -101.19077301, -47.0693283081, 40.8534011841, 126.598716736, 189.453536987, 283.486083984, 145.961685181, 99.9921264648, 44.7751502991, -17.8409366608, -33.1300163269], [42.9583473206, 29.0473613739, -48.3178825378, 9.49527549744, 58.7276306152, 123.442237854, 123.118911743, 145.961685181, 214.72064209, 116.955818176, 34.2960929871, 8.58722305298, -23.1548213959], [94.2544937134, 12.4357614517, -56.7876701355, -3.58008313179, 52.8555717468, 90.1861801147, 119.085159302, 99.9921264648, 116.955818176, 192.373428345, 63.6168060303, 17.2350025177, -1.05115747452], [39.3854560852, 31.7880306244, -51.5600585938, -38.3605880737, 20.7998390198, 8.81716442108, 7.12205457687, 44.7751502991, 34.2960929871, 63.6168060303, 120.163124084, 54.9458198547, 21.1751880646], [27.0965499878, 6.36027383804, -22.7288646698, -35.6725845337, -13.4625787735, -33.3131065369, -46.5180969238, -17.8409366608, 8.58722305298, 17.2350025177, 54.9458198547, 147.537750244, 60.462928772], [-44.5475463867, -10.2053966522, -5.99891328812, -22.0218544006, -8.94540977478, -37.1214828491, -46.3520431519, -33.1300163269, -23.1548213959, -1.05115747452, 21.1751880646, 60.462928772, 115.454986572]],
        "icov": [[0.000108999396616, -0.000106615232653, 5.97719335929e-05, -9.06777931959e-05, 0.00010763953469, -9.49782843236e-05, 9.31375907385e-05, -0.000100026853033, 9.92638233583e-05, -9.18778096093e-05, 4.58901304228e-05, -5.22237314726e-05, 4.29377359978e-05], [-0.000106615232653, 0.00101749424357, 0.00011086370796, -0.000142382952617, -0.000391408830183, 0.000241648769588, -0.000118129632028, 0.000265837938059, -0.000297263497487, 0.000239992106799, -0.000358938035788, 6.25783068244e-05, 7.92587961769e-05], [5.97719335929e-05, 0.00011086370796, 0.00127576931845, -0.000913809344638, -0.000288443901809, -0.000194080392248, -0.00015313696349, 0.000271460739896, 0.000223293711315, 0.000316981720971, 3.33267380483e-05, -0.000186444012797, -4.28898511018e-06], [-9.06777931959e-05, -0.000142382952617, -0.000913809344638, 0.00316984788515, -0.000767078308854, -0.000342362385709, -0.000354933115887, 0.000873232609592, -0.00037993353908, 2.68304029305e-05, 0.000484038115246, 0.000276808306808, 0.000138440940646], [0.00010763953469, -0.000391408830183, -0.000288443901809, -0.000767078308854, 0.00263176648878, -0.00136446894612, 0.000296393758617, -0.000236909996602, 0.000253702979535, -0.000264510657871, -0.000505640346091, 6.26595647191e-05, -0.000229757439229], [-9.49782843236e-05, 0.000241648769588, -0.000194080392248, -0.000342362385709, -0.00136446894612, 0.00582437543198, -0.00230845529586, -4.3979340262e-05, -0.00168750458397, 6.44188912702e-05, -1.900209827e-05, 0.000362369115464, 0.000212747254409], [9.31375907385e-05, -0.000118129632028, -0.00015313696349, -0.000354933115887, 0.000296393758617, -0.00230845529586, 0.00539812957868, -0.00261926231906, 0.000838690320961, -0.00200036191382, 0.00118527561426, 0.000351313618012, 0.000394802482333], [-0.000100026853033, 0.000265837938059, 0.000271460739896, 0.000873232609592, -0.000236909996602, -4.3979340262e-05, -0.00261926231906, 0.00775288138539, -0.0036963338498, 0.000691025692504, -0.00223603635095, 0.00115229911171, 0.000377847143682], [9.92638233583e-05, -0.000297263497487, 0.000223293711315, -0.00037993353908, 0.000253702979535, -0.00168750458397, 0.000838690320961, -0.0036963338498, 0.00995142292231, -0.00418621907011, 0.00136923836544, -0.00174663192593, 0.00132552778814], [-9.18778096093e-05, 0.000239992106799, 0.000316981720971, 2.68304029305e-05, -0.000264510657871, 6.44188912702e-05, -0.00200036191382, 0.000691025692504, -0.00418621907011, 0.0101417498663, -0.00423478009179, 0.00047597225057, -0.000817031075712], [4.58901304228e-05, -0.000358938035788, 3.33267380483e-05, 0.000484038115246, -0.000505640346091, -1.900209827e-05, 0.00118527561426, -0.00223603635095, 0.00136923836544, -0.00423478009179, 0.0132576813921, -0.00431236391887, -6.81709789205e-05], [-5.22237314726e-05, 6.25783068244e-05, -0.000186444012797, 0.000276808306808, 6.26595647191e-05, 0.000362369115464, 0.000351313618012, 0.00115229911171, -0.00174663192593, 0.00047597225057, -0.00431236391887, 0.0106644239277, -0.00451836921275], [4.29377359978e-05, 7.92587961769e-05, -4.28898511018e-06, 0.000138440940646, -0.000229757439229, 0.000212747254409, 0.000394802482333, 0.000377847143682, 0.00132552778814, -0.000817031075712, -6.81709789205e-05, -0.00451836921275, 0.0116658080369]]
    },
    "spectral_contrast_coeffs": {
        "mean": [-0.666649699211, -0.731752693653, -0.763228058815, -0.77118575573, -0.768320143223, -0.774341344833],
        "stdev": [0.106037780643, 0.107837915421, 0.0739024952054, 0.0546344146132, 0.0518884174526, 0.0504342205822]
    },
    "spectral_contrast_valleys": {
        "mean": [-7.63529539108, -8.07936382294, -7.88924789429, -7.6851067543, -7.9842133522, -10.1444215775],
        "stdev": [1.51626837254, 1.35227143764, 1.42029392719, 1.35239815712, 1.27851438522, 1.14101362228]
    }
},
"rhythm": {
    "beats_count": 435,
    "beats_loudness": {
        "mean": 0.0613981038332,
        "stdev": 0.0316353961825
    },
    "bpm": 92.7986831665,
    "bpm_histogram_first_peak_bpm": 92,
    "bpm_histogram_first_peak_weight": 0.335025310516,
    "bpm_histogram_second_peak_bpm": 112,
    "bpm_histogram_second_peak_spread": 0.545454621315,
    "bpm_histogram_second_peak_weight": 0.0345622114837,
    "danceability": 1.33629453182,
    "onset_rate": 3.99685716629,
    "beats_loudness_band_ratio": {
        "mean": [0.619674503803, 0.171528071165, 0.0962684303522, 0.0531207285821, 0.069921657443, 0.032138414681],
        "stdev": [0.275780051947, 0.231374308467, 0.142856508493, 0.0714735835791, 0.0713993981481, 0.0400928072631]
    },
    "beats_position": [0.452789098024, 0.917188167572, 1.40480720997, 1.90403628349, 2.40326523781, 2.90249419212, 3.44816327095, 3.97061228752, 4.5046710968, 5.02712011337, 5.56117916107, 6.10684776306, 6.64090681076, 7.17496585846, 7.69741487503, 8.2198638916, 8.75392246246, 9.287981987, 9.82204055786, 10.3560991287, 10.8785486221, 11.412607193, 11.9466667175, 12.4691152573, 12.9915647507, 13.5256233215, 14.0480718613, 14.5705213547, 15.1045799255, 15.6502494812, 16.1843090057, 16.7183666229, 17.2524261475, 17.7980957031, 18.3437633514, 18.8894329071, 19.4351024628, 19.9807701111, 20.5264396667, 21.0953292847, 21.6642169952, 22.3375968933, 23.0225849152, 23.6959629059, 24.3461227417, 24.9962806702, 25.6464385986, 26.2849884033, 26.9351463318, 27.5853061676, 28.2354640961, 28.8856239319, 29.5357818604, 30.1743297577, 30.8128795624, 31.4630374908, 32.1131973267, 32.7633552551, 33.4019050598, 34.0404510498, 34.690612793, 35.3407707214, 35.9909286499, 36.6294784546, 37.2680282593, 37.9181861877, 38.5683441162, 39.2185020447, 39.8570518494, 40.5072097778, 41.1457595825, 41.795917511, 42.4460754395, 43.0962333679, 43.7463951111, 44.3965530396, 45.0234909058, 45.6736488342, 46.3238105774, 46.9739685059, 47.6241264343, 48.2742843628, 48.9128341675, 49.5513839722, 50.2015419006, 50.8516998291, 51.5018577576, 52.1404075623, 52.7789573669, 53.4291152954, 54.0792732239, 54.7294311523, 55.3795890808, 56.029750824, 56.6799087524, 57.3300666809, 57.9686164856, 58.6187744141, 59.2573242188, 59.9074821472, 60.5460319519, 61.1845779419, 61.8347396851, 62.4848976135, 63.135055542, 63.7852134705, 64.4237594604, 65.0623092651, 65.7124710083, 66.3626327515, 67.0127868652, 67.6629486084, 68.3131027222, 68.9516525269, 69.5902023315, 70.2403640747, 70.8905181885, 71.5406799316, 72.1908340454, 72.8409957886, 73.4911575317, 74.1297073364, 74.7682495117, 75.4184112549, 76.0801773071, 76.7303390503, 77.368888855, 78.0074386597, 78.6459884644, 79.2961425781, 79.9463043213, 80.5964584351, 81.2466201782, 81.8851699829, 82.5237197876, 83.1738739014, 83.8240356445, 84.4741897583, 85.1243515015, 85.7629013062, 86.4014511108, 87.0516052246, 87.7017669678, 88.3519287109, 89.0020828247, 89.6406326294, 90.2791824341, 90.9293441772, 91.579498291, 92.2296600342, 92.8798141479, 93.5299758911, 94.1685256958, 94.8070755005, 95.4572296143, 96.1073913574, 96.7575454712, 97.3960952759, 98.0346450806, 98.6848068237, 99.3349609375, 99.9851226807, 100.635284424, 101.285438538, 101.935600281, 102.585754395, 103.235916138, 103.874465942, 104.513015747, 105.163169861, 105.813331604, 106.451881409, 107.090431213, 107.740585327, 108.39074707, 109.040908813, 109.691062927, 110.34122467, 110.991378784, 111.629928589, 112.268478394, 112.918640137, 113.56879425, 114.207344055, 114.84589386, 115.496055603, 116.146209717, 116.79637146, 117.446525574, 118.085075378, 118.735237122, 119.385391235, 120.02394104, 120.674102783, 121.324264526, 121.962806702, 122.601356506, 123.25151825, 123.901672363, 124.551834106, 125.20199585, 125.852149963, 126.502311707, 127.15246582, 127.791015625, 128.441177368, 129.079727173, 129.729888916, 130.368438721, 131.018585205, 131.65713501, 132.307296753, 132.957458496, 133.596008301, 134.234558105, 134.884719849, 135.523269653, 136.161804199, 136.811965942, 137.462127686, 138.112289429, 138.750839233, 139.389389038, 140.039550781, 140.689697266, 141.339859009, 141.978408813, 142.616958618, 143.267120361, 143.917282104, 144.567428589, 145.217590332, 145.867752075, 146.50630188, 147.144851685, 147.795013428, 148.445159912, 149.095321655, 149.745483398, 150.395645142, 151.045806885, 151.684356689, 152.322906494, 152.973052979, 153.623214722, 154.273376465, 154.923538208, 155.562088013, 156.200637817, 156.850784302, 157.500946045, 158.151107788, 158.801269531, 159.439819336, 160.078369141, 160.728515625, 161.378677368, 162.028839111, 162.679000854, 163.317550659, 163.956100464, 164.606262207, 165.256408691, 165.906570435, 166.556732178, 167.195281982, 167.845443726, 168.48399353, 169.134140015, 169.784301758, 170.434463501, 171.073013306, 171.71156311, 172.361724854, 173.011871338, 173.662033081, 174.312194824, 174.962356567, 175.600906372, 176.239456177, 176.88961792, 177.539764404, 178.189926147, 178.840087891, 179.490249634, 180.140411377, 180.790557861, 181.429107666, 182.067657471, 182.717819214, 183.367980957, 184.006530762, 184.645080566, 185.29524231, 185.945388794, 186.607162476, 187.24571228, 187.884262085, 188.52281189, 189.172973633, 189.823120117, 190.461669922, 191.100219727, 191.75038147, 192.400543213, 193.050704956, 193.70085144, 194.351013184, 194.989562988, 195.628112793, 196.278274536, 196.928436279, 197.578598022, 198.228744507, 198.87890625, 199.517456055, 200.156005859, 200.806167603, 201.456329346, 202.10647583, 202.756637573, 203.395187378, 204.033737183, 204.683898926, 205.334060669, 205.984207153, 206.622756958, 207.261306763, 207.911468506, 208.561630249, 209.211791992, 209.861953735, 210.51210022, 211.150650024, 211.789199829, 212.450973511, 213.089523315, 213.739685059, 214.389831543, 215.028381348, 215.678543091, 216.317092896, 216.967254639, 217.617416382, 218.267562866, 218.906112671, 219.544662476, 220.194824219, 220.844985962, 221.495147705, 222.145309448, 222.783843994, 223.434005737, 224.08416748, 224.722717285, 225.372879028, 226.023040771, 226.673187256, 227.323348999, 227.961898804, 228.600448608, 229.250610352, 229.900772095, 230.550918579, 231.189468384, 231.828018188, 232.478179932, 233.128341675, 233.778503418, 234.428665161, 235.078811646, 235.71736145, 236.355911255, 237.006072998, 237.656234741, 238.306396484, 238.956542969, 239.595092773, 240.233642578, 240.883804321, 241.533966064, 242.184127808, 242.834274292, 243.484436035, 244.12298584, 244.761535645, 245.411697388, 246.061859131, 246.712020874, 247.362167358, 248.000717163, 248.639266968, 249.289428711, 249.939590454, 250.589752197, 251.239898682, 251.890060425, 252.540222168, 253.190383911, 253.840545654, 254.479095459, 255.129241943, 255.779403687, 256.41796875, 257.068115234, 257.718261719, 258.368438721, 259.006988525, 259.64553833, 260.295684814, 260.945831299, 261.584381104, 262.222930908, 262.87310791, 263.523254395, 264.161804199, 264.800354004, 265.450531006, 266.10067749, 266.750823975, 267.401000977, 268.039550781, 268.678100586, 269.32824707, 269.978393555, 270.628570557, 271.278717041, 271.928894043, 272.567443848, 273.205993652, 273.856140137, 274.506286621, 275.156463623, 275.795013428, 276.433563232],
    "bpm_histogram": [0, 0, 0, 0, 0, 0, 0, 0, 0, 0, 0, 0, 0, 0, 0, 0, 0, 0, 0, 0, 0, 0, 0, 0, 0, 0, 0, 0, 0, 0, 0, 0, 0, 0, 0, 0, 0, 0, 0, 0, 0, 0, 0, 0, 0, 0, 0, 0, 0, 0, 0, 0, 0, 0, 0, 0, 0, 0, 0, 0, 0, 0, 0, 0, 0, 0, 0, 0, 0, 0, 0, 0, 0, 0, 0, 0, 0, 0, 0, 0, 0, 0, 0, 0, 0, 0, 0, 0, 0.00230414746329, 0.00460829492658, 0, 0.00691244238988, 0.596774220467, 0, 0.294930875301, 0, 0.00230414746329, 0, 0, 0, 0, 0, 0, 0, 0, 0.00460829492658, 0, 0, 0, 0, 0.0207373276353, 0, 0.0345622114837, 0, 0, 0.0207373276353, 0, 0, 0, 0, 0.00691244238988, 0, 0, 0.00230414746329, 0, 0, 0, 0, 0, 0.00230414746329, 0, 0, 0, 0, 0, 0, 0, 0, 0, 0, 0, 0, 0, 0, 0, 0, 0, 0, 0, 0, 0, 0, 0, 0, 0, 0, 0, 0, 0, 0, 0, 0, 0, 0, 0, 0, 0, 0, 0, 0, 0, 0, 0, 0, 0, 0, 0, 0, 0, 0, 0, 0, 0, 0, 0, 0, 0, 0, 0, 0, 0, 0, 0, 0, 0, 0, 0, 0, 0, 0, 0, 0, 0, 0, 0, 0, 0, 0, 0, 0, 0, 0, 0, 0, 0, 0, 0, 0, 0, 0, 0, 0, 0, 0, 0, 0, 0, 0, 0, 0, 0, 0, 0, 0, 0, 0, 0, 0, 0, 0, 0, 0, 0, 0, 0, 0, 0, 0, 0, 0]
},
"tonal": {
    "chords_changes_rate": 0.0853310972452,
    "chords_number_rate": 0.00217937980779,
    "chords_strength": {
        "mean": 0.479490458965,
        "stdev": 0.0900305435061
    },
    "hpcp_crest": {
        "mean": 11.30539608,
        "stdev": 5.52888822556
    },
    "hpcp_entropy": {
        "mean": 2.34116292,
        "stdev": 0.721864938736
    },
    "key_edma": {
        "strength": 0.606644809246,
        "key": "D",
        "scale": "major"
    },
    "key_krumhansl": {
        "strength": 0.601648688316,
        "key": "D",
        "scale": "major"
    },
    "key_temperley": {
        "strength": 0.590439081192,
        "key": "D",
        "scale": "major"
    },
    "tuning_diatonic_strength": 0.54882735014,
    "tuning_equal_tempered_deviation": 0.151492878795,
    "tuning_frequency": 436.708374023,
    "tuning_nontempered_energy_ratio": 0.807957649231,
    "hpcp": {
        "mean": [0.476911753416, 0.33213108778, 0.118064031005, 0.0785760730505, 0.0716381967068, 0.0754724442959, 0.106528878212, 0.13609521091, 0.135566025972, 0.114784352481, 0.0885320305824, 0.0822262391448, 0.0887195244431, 0.0844160243869, 0.0993255674839, 0.204219743609, 0.241806715727, 0.161271169782, 0.121615000069, 0.109318688512, 0.105421468616, 0.109098605812, 0.0989588722587, 0.0891015976667, 0.0823476463556, 0.0706562697887, 0.0710811465979, 0.097565151751, 0.0998894944787, 0.101326860487, 0.153840377927, 0.158657327294, 0.145472690463, 0.183297306299, 0.171665713191, 0.289170891047],
        "stdev": [0.41647541523, 0.306731492281, 0.21260753274, 0.175265550613, 0.171194598079, 0.169707864523, 0.196841552854, 0.233113884926, 0.239348381758, 0.214648708701, 0.182785391808, 0.191628560424, 0.193021610379, 0.172862023115, 0.170125648379, 0.254232525826, 0.269899427891, 0.230664461851, 0.213667243719, 0.201531797647, 0.182809829712, 0.18277695775, 0.18440079689, 0.169750362635, 0.176615148783, 0.160791531205, 0.152410209179, 0.169708520174, 0.173001050949, 0.174227282405, 0.279040426016, 0.26846447587, 0.257837563753, 0.291759133339, 0.270418256521, 0.294650942087]
    },
    "chords_histogram": [36.0938796997, 1.10645437241, 1.00586760044, 0.670578360558, 7.79547357559, 5.71668052673, 0.0838222950697, 0, 0, 0, 0.25146690011, 0.368818104267, 2.69907784462, 1.49203693867, 0, 0, 0.0335289202631, 15.1047782898, 3.57082986832, 3.26906967163, 0.452640414238, 2.84995818138, 16.1609382629, 1.27409887314],
    "thpcp": [1, 0.696420431137, 0.24755948782, 0.164760187268, 0.150212690234, 0.158252432942, 0.2233723104, 0.285367697477, 0.28425809741, 0.240682587028, 0.185636088252, 0.172413945198, 0.186029225588, 0.177005544305, 0.208268225193, 0.428212851286, 0.507026135921, 0.338157266378, 0.25500524044, 0.229222044349, 0.221050262451, 0.228760570288, 0.207499340177, 0.186830371618, 0.172668516636, 0.14815376699, 0.149044647813, 0.204576954246, 0.209450691938, 0.2124645859, 0.322576195002, 0.332676500082, 0.305030614138, 0.384342193604, 0.359952777624, 0.60634046793],
    "chords_key": "D",
    "chords_scale": "major"
}
}