{
"metadata": {
    "version": {
        "essentia": "2.1-dev",
        "essentia_git_sha": "v2.1_beta3-415-gd5473f3",
        "extractor": "music 2.0"
    },
    "audio_properties": {
        "analysis": {
            "equal_loudness": 0,
            "length": 191.660415649,
            "sample_rate": 44100,
            "start_time": 0,
            "downmix": "mix"
        },
        "bit_rate": 192000,
        "length": 191.660415649,
        "lossless": 0,
        "number_channels": 2,
        "replay_gain": -10.3968677521,
        "sample_rate": 44100,
        "codec": "mp3",
        "md5_encoded": "0a9b03f5bde9a64a78c649ad45d89842"
    },
    "tags": {
        "file_name": "run_dmc-sucker_mcs-legacymp3.mp3",
        "album": ["Greatest Hits "],
        "artist": ["Run Dmc"],
        "date": ["2003"],
        "genre": ["Hip-Hop"],
        "title": ["Sucker Mc's"]
    }
},
"lowlevel": {
    "average_loudness": 0.9266731143,
    "barkbands_crest": {
        "mean": 8.69877719879,
        "stdev": 4.73048877716
    },
    "barkbands_flatness_db": {
        "mean": 0.138663306832,
        "stdev": 0.0591721870005
    },
    "barkbands_kurtosis": {
        "mean": 4.42193317413,
        "stdev": 27.4794483185
    },
    "barkbands_skewness": {
        "mean": 0.260318219662,
        "stdev": 2.12557959557
    },
    "barkbands_spread": {
        "mean": 27.4164066315,
        "stdev": 16.2932434082
    },
    "dissonance": {
        "mean": 0.483567893505,
        "stdev": 0.0212306510657
    },
    "dynamic_complexity": 4.9952044487,
    "erbbands_crest": {
        "mean": 8.20844459534,
        "stdev": 3.81649112701
    },
    "erbbands_flatness_db": {
        "mean": 0.199573606253,
        "stdev": 0.0535304062068
    },
    "erbbands_kurtosis": {
        "mean": 1.64176487923,
        "stdev": 2.94561028481
    },
    "erbbands_skewness": {
        "mean": -0.541430532932,
        "stdev": 0.828332364559
    },
    "erbbands_spread": {
        "mean": 29.3835391998,
        "stdev": 19.3495082855
    },
    "hfc": {
        "mean": 16.9319171906,
        "stdev": 21.5702476501
    },
    "loudness_ebu128": {
        "integrated": -15.1269187927,
        "loudness_range": 3.10532855988,
        "momentary": {
            "mean": -20.1152877808,
            "stdev": 33.133972168
        },
        "short_term": {
            "mean": -16.0386772156,
            "stdev": 6.78458118439
        }
    },
    "melbands_crest": {
        "mean": 12.2272205353,
        "stdev": 6.99530506134
    },
    "melbands_flatness_db": {
        "mean": 0.135588943958,
        "stdev": 0.0836004316807
    },
    "melbands_kurtosis": {
        "mean": 11.3089818954,
        "stdev": 46.7932701111
    },
    "melbands_skewness": {
        "mean": 1.50005817413,
        "stdev": 2.65412306786
    },
    "melbands_spread": {
        "mean": 53.7761230469,
        "stdev": 36.1629104614
    },
    "pitch_salience": {
        "mean": 0.610155045986,
        "stdev": 0.164089858532
    },
    "silence_rate_20dB": {
        "mean": 1,
        "stdev": 0
    },
    "silence_rate_30dB": {
        "mean": 1,
        "stdev": 0
    },
    "silence_rate_60dB": {
        "mean": 0.398498058319,
        "stdev": 0.489599853754
    },
    "spectral_centroid": {
        "mean": 2614.13549805,
        "stdev": 1327.76904297
    },
    "spectral_complexity": {
        "mean": 14.0603199005,
        "stdev": 14.870018959
    },
    "spectral_decrease": {
        "mean": -2.65765520702e-09,
        "stdev": 4.24135082611e-09
    },
    "spectral_energy": {
        "mean": 0.0115664172918,
        "stdev": 0.0171423703432
    },
    "spectral_energyband_high": {
        "mean": 0.000993030378595,
        "stdev": 0.00155368470587
    },
    "spectral_energyband_low": {
        "mean": 0.00332106905989,
        "stdev": 0.012343833223
    },
    "spectral_energyband_middle_high": {
        "mean": 0.00448852218688,
        "stdev": 0.0065294932574
    },
    "spectral_energyband_middle_low": {
        "mean": 0.00291006010957,
        "stdev": 0.00817528553307
    },
    "spectral_entropy": {
        "mean": 7.8443145752,
        "stdev": 0.416719406843
    },
    "spectral_flux": {
        "mean": 0.0721141174436,
        "stdev": 0.0567766055465
    },
    "spectral_kurtosis": {
        "mean": 4.06444168091,
        "stdev": 2.8369884491
    },
    "spectral_rms": {
        "mean": 0.00261417287402,
        "stdev": 0.00210959091783
    },
    "spectral_rolloff": {
        "mean": 3564.81445312,
        "stdev": 2728.00805664
    },
    "spectral_skewness": {
        "mean": 1.16821014881,
        "stdev": 0.44517621398
    },
    "spectral_spread": {
        "mean": 4261503.5,
        "stdev": 4902480.5
    },
    "spectral_strongpeak": {
        "mean": 0.877384305,
        "stdev": 1.17175710201
    },
    "zerocrossingrate": {
        "mean": 0.116358265281,
        "stdev": 0.0722632333636
    },
    "barkbands": {
        "mean": [9.19627491385e-05, 0.00245427154005, 0.000647466455121, 0.000691584427841, 0.00130961311515, 0.000238039036049, 0.000204161144211, 0.000210919912206, 0.000223095630645, 0.000271173659712, 0.000104603757791, 0.000222205315367, 0.000239645480178, 0.000390191213228, 0.000570865930058, 0.000692180416081, 0.000535681727342, 0.000864012807142, 0.000435226218542, 0.000326964072883, 0.00031626431155, 0.000280988053419, 0.000135380003485, 7.19609597581e-05, 2.77955241472e-05, 9.56260373641e-06, 5.70990721371e-07],
        "stdev": [0.000311918149237, 0.0098713375628, 0.0033596016001, 0.00245834514499, 0.00488010235131, 0.000795981264673, 0.000729945430066, 0.000670811103191, 0.000918731850106, 0.00123461848125, 0.000373677408788, 0.000865084992256, 0.000715952948667, 0.00081916351337, 0.00116632482968, 0.00123697111849, 0.000986138707958, 0.00159331201576, 0.000625975546427, 0.000556343584321, 0.00052978011081, 0.000505631207488, 0.000220103407628, 0.000126015773276, 5.69790208829e-05, 2.6886098567e-05, 2.47923981078e-06]
    },
    "erbbands": {
        "mean": [0.0546926707029, 0.592140316963, 0.981052398682, 1.25461995602, 5.59793663025, 2.77584815025, 1.65212368965, 2.29979634285, 2.01194763184, 4.94916534424, 4.83679914474, 4.2136387825, 5.68362998962, 8.70331096649, 6.04113864899, 8.28290462494, 11.94917202, 18.69090271, 23.3770637512, 37.403087616, 33.4479598999, 33.1163864136, 42.9314041138, 32.6546440125, 20.0231742859, 15.8143291473, 11.8832931519, 13.7549600601, 9.95414924622, 6.66773223877, 3.49110102654, 1.83201682568, 1.06879127026, 0.409998744726, 0.142987206578, 0.052265394479, 0.0156682189554, 0.00255349697545, 7.80453265179e-05, 1.81769901246e-05],
        "stdev": [0.213824555278, 2.49775004387, 4.66925430298, 3.77906084061, 22.6196289062, 10.2285308838, 5.59885787964, 7.5004324913, 5.47383832932, 19.6724433899, 18.6042003632, 15.3281440735, 19.2777042389, 39.1378097534, 18.227355957, 28.0891647339, 36.5038108826, 37.7981948853, 48.1448898315, 76.4614944458, 53.8102760315, 61.3265266418, 78.9881820679, 55.4536857605, 27.5499477386, 27.7498645782, 18.7340373993, 24.7248916626, 18.1673603058, 11.5657672882, 5.9650888443, 3.23548078537, 1.91190266609, 0.796123802662, 0.327308475971, 0.135167345405, 0.0466811656952, 0.00936233531684, 0.000297558086459, 2.39312812482e-05]
    },
    "gfcc": {
        "mean": [-112.078208923, 41.2365875244, -163.193527222, 51.4695739746, -56.6724472046, 12.2116565704, -43.1248512268, 2.43765091896, -19.852973938, -5.20875072479, -16.3986206055, -3.46568393707, -11.8168563843],
        "cov": [[30009.265625, -315.131500244, -3202.5, 1229.11108398, -1375.6114502, 166.673873901, -1027.23596191, -104.827888489, -750.014831543, -225.468551636, -668.007019043, -122.772880554, -402.012390137], [-315.131500244, 1819.96374512, 101.800292969, 173.251708984, 300.637420654, -86.9476547241, 226.780410767, 29.5091381073, 154.151199341, -85.886390686, 156.857162476, -93.1888427734, 76.2420959473], [-3202.5, 101.800292969, 1871.88525391, 267.982269287, 349.32913208, 120.675117493, 181.3021698, 104.000473022, 4.81901168823, 197.482894897, -4.78483390808, 68.9354171753, -36.6903839111], [1229.11108398, 173.251708984, 267.982269287, 849.218933105, 344.779998779, 122.921897888, 32.4909591675, -24.2448825836, -13.9360351562, 1.46695709229, 3.20231437683, -39.6565704346, 60.7540817261], [-1375.6114502, 300.637420654, 349.32913208, 344.779998779, 728.088378906, 239.483734131, 345.591369629, 139.431228638, 184.316543579, 29.9764194489, 102.951126099, -38.4869270325, 76.6366424561], [166.673873901, -86.9476547241, 120.675117493, 122.921897888, 239.483734131, 351.560821533, 248.605422974, 134.808120728, 65.0872039795, 37.3001174927, 15.8840456009, -3.18567633629, 5.57253170013], [-1027.23596191, 226.780410767, 181.3021698, 32.4909591675, 345.591369629, 248.605422974, 534.607177734, 192.972915649, 134.188034058, 31.4198188782, 78.0147323608, -6.45238161087, 37.0051269531], [-104.827888489, 29.5091381073, 104.000473022, -24.2448825836, 139.431228638, 134.808120728, 192.972915649, 228.209716797, 144.444320679, 74.498374939, 34.4778633118, -1.22456622124, -6.27187156677], [-750.014831543, 154.151199341, 4.81901168823, -13.9360351562, 184.316543579, 65.0872039795, 134.188034058, 144.444320679, 286.817871094, 54.1816444397, 103.719612122, -28.2457752228, 32.6847000122], [-225.468551636, -85.886390686, 197.482894897, 1.46695709229, 29.9764194489, 37.3001174927, 31.4198188782, 74.498374939, 54.1816444397, 173.303512573, 24.6942081451, 26.6737518311, -27.3806095123], [-668.007019043, 156.857162476, -4.78483390808, 3.20231437683, 102.951126099, 15.8840456009, 78.0147323608, 34.4778633118, 103.719612122, 24.6942081451, 148.544326782, 13.1926717758, 34.9780273438], [-122.772880554, -93.1888427734, 68.9354171753, -39.6565704346, -38.4869270325, -3.18567633629, -6.45238161087, -1.22456622124, -28.2457752228, 26.6737518311, 13.1926717758, 107.151062012, 14.129781723], [-402.012390137, 76.2420959473, -36.6903839111, 60.7540817261, 76.6366424561, 5.57253170013, 37.0051269531, -6.27187156677, 32.6847000122, -27.3806095123, 34.9780273438, 14.129781723, 110.107727051]],
        "icov": [[8.61260050442e-05, -7.16994618415e-05, 0.000184331685887, -0.000248477939749, 0.000164400873473, -0.000175252440386, 0.000135939728352, -0.000274229882052, 0.000135473965202, -3.62231330655e-05, 0.000226141928579, -0.000136989998282, 0.000292281561997], [-7.16994618415e-05, 0.000846740556881, -0.000230118443142, 5.7149965869e-05, -0.000227696742513, 0.000805496762041, -0.000539323722478, 0.000166820231243, -0.000188791789697, 0.000508699333295, -0.000857423234265, 0.000701521988958, -0.00028293725336], [0.000184331685887, -0.000230118443142, 0.00114205188584, -0.000652205839287, -5.92351425439e-05, -0.000231712154346, 0.00018722533423, -0.000612776726484, 0.000523390306626, -0.000875028432347, 0.000855527410749, -0.000869656330906, 0.000994769390672], [-0.000248477939749, 5.7149965869e-05, -0.000652205839287, 0.00253638927825, -0.00143923214637, -0.000169097693288, 0.000328873400576, 0.00112752302084, 0.000210043028346, -0.000262030545855, -0.00046424131142, 0.00103764724918, -0.0017128266627], [0.000164400873473, -0.000227696742513, -5.92351425439e-05, -0.00143923214637, 0.00369559018873, -0.00120810000226, -0.000941053789575, -0.000232151840464, -0.000946903659496, 0.000277093291515, -0.000228470715228, 0.000478976638988, -0.000314607052132], [-0.000175252440386, 0.000805496762041, -0.000231712154346, -0.000169097693288, -0.00120810000226, 0.00608886359259, -0.00222808774561, -0.00124601658899, 0.000222124741413, 0.000213727893424, -0.000220108180656, 0.000209543039091, 5.92654250795e-05], [0.000135939728352, -0.000539323722478, 0.00018722533423, 0.000328873400576, -0.000941053789575, -0.00222808774561, 0.00470972573385, -0.00274227303453, 0.00106410891749, 0.000386271625757, -0.000496652384754, -0.000184357777471, -0.000258993328316], [-0.000274229882052, 0.000166820231243, -0.000612776726484, 0.00112752302084, -0.000232151840464, -0.00124601658899, -0.00274227303453, 0.0115324491635, -0.00503100128844, -0.00222510914318, 0.00143610988744, -0.000514551473316, 0.000410016276874], [0.000135473965202, -0.000188791789697, 0.000523390306626, 0.000210043028346, -0.000946903659496, 0.000222124741413, 0.00106410891749, -0.00503100128844, 0.00843878742307, -0.00115545105655, -0.00355636328459, 0.00252648210153, -0.00129930290859], [-3.62231330655e-05, 0.000508699333295, -0.000875028432347, -0.000262030545855, 0.000277093291515, 0.000213727893424, 0.000386271625757, -0.00222510914318, -0.00115545105655, 0.00897619500756, -0.0016879189061, -0.00165499327704, 0.00223195715807], [0.000226141928579, -0.000857423234265, 0.000855527410749, -0.00046424131142, -0.000228470715228, -0.000220108180656, -0.000496652384754, 0.00143610988744, -0.00355636328459, -0.0016879189061, 0.0119385877624, -0.00325063988566, -0.000359971425496], [-0.000136989998282, 0.000701521988958, -0.000869656330906, 0.00103764724918, 0.000478976638988, 0.000209543039091, -0.000184357777471, -0.000514551473316, 0.00252648210153, -0.00165499327704, -0.00325063988566, 0.012888670899, -0.00394242582843], [0.000292281561997, -0.00028293725336, 0.000994769390672, -0.0017128266627, -0.000314607052132, 5.92654250795e-05, -0.000258993328316, 0.000410016276874, -0.00129930290859, 0.00223195715807, -0.000359971425496, -0.00394242582843, 0.0135089922696]]
    },
    "melbands": {
        "mean": [0.00060733204009, 0.000638839555904, 0.000386781670386, 0.000318517675623, 6.52980088489e-05, 4.87215584144e-05, 3.41478807968e-05, 5.22439622728e-05, 4.0472328692e-05, 2.69735483016e-05, 3.01010368275e-05, 3.78084696422e-05, 1.73975258804e-05, 2.4954077162e-05, 2.09786685446e-05, 2.90499538096e-05, 3.49347137671e-05, 3.47827735823e-05, 4.72171341244e-05, 5.10132049385e-05, 3.53509349225e-05, 3.27743327944e-05, 3.3524553146e-05, 4.5093936933e-05, 2.4188298994e-05, 1.56054120453e-05, 1.23634190459e-05, 9.87496696325e-06, 7.02802753949e-06, 7.66214088799e-06, 8.26566974865e-06, 5.79320931138e-06, 4.71881958219e-06, 3.23663493873e-06, 2.06444565265e-06, 1.44091416132e-06, 9.935693015e-07, 8.27111534818e-07, 5.05628349856e-07, 2.861097812e-07],
        "stdev": [0.00238006515428, 0.00277456222102, 0.00132166000549, 0.00122421013657, 0.000219048903091, 0.000159383722348, 9.65191939031e-05, 0.000196494351258, 0.00018186296802, 0.00010036311869, 0.000105783030449, 0.000179385140655, 5.5731710745e-05, 0.000115594491945, 6.55121912132e-05, 8.35984101286e-05, 7.377302245e-05, 7.59136455599e-05, 0.000100090794149, 0.000101483463368, 5.58115716558e-05, 6.16689867456e-05, 6.23671294306e-05, 8.73581593623e-05, 4.1775059799e-05, 2.23684837692e-05, 2.01374168682e-05, 1.76871490112e-05, 1.15124694275e-05, 1.31362703542e-05, 1.54223980644e-05, 1.08141257442e-05, 8.94066943147e-06, 5.45151760889e-06, 3.60015883416e-06, 2.64788036475e-06, 1.7627021407e-06, 1.51954532157e-06, 9.57775569077e-07, 5.92203264205e-07]
    },
    "melbands128": {
        "mean": [8.51946606417e-05, 0.000339660211466, 0.000864833767992, 0.00105125526898, 0.000650283473078, 0.000263309804723, 0.000145407902892, 0.000468153943075, 0.000735392735805, 0.000285851216177, 0.000121182034491, 8.52495286381e-05, 5.29286626261e-05, 3.25961918861e-05, 5.90681956965e-05, 5.23415292264e-05, 3.00558804156e-05, 2.27814762184e-05, 4.42640666733e-05, 7.05341662979e-05, 4.63879368908e-05, 3.09499737341e-05, 4.73007057735e-05, 4.64556978841e-05, 1.81529521797e-05, 2.49403819907e-05, 3.38356767315e-05, 1.730711665e-05, 3.64043735317e-05, 6.46233020234e-05, 2.48281321547e-05, 1.52375332618e-05, 1.87537443708e-05, 1.29459021991e-05, 3.14008248097e-05, 2.72503948509e-05, 1.47012015077e-05, 2.34858962358e-05, 1.64768352988e-05, 3.38360478054e-05, 2.21763584705e-05, 3.93869704567e-05, 3.12056181428e-05, 4.03941521654e-05, 3.25241926475e-05, 3.67519096471e-05, 2.91053002002e-05, 5.58059618925e-05, 3.81605896109e-05, 6.80205557728e-05, 4.61709751107e-05, 5.10823774675e-05, 3.8328980736e-05, 2.98977465718e-05, 2.37943568209e-05, 3.59259429388e-05, 3.82513571822e-05, 2.93403645628e-05, 3.83310180041e-05, 2.79436571873e-05, 5.94327684666e-05, 4.3568379624e-05, 2.45698138315e-05, 2.34994313359e-05, 1.4280495634e-05, 1.64238608704e-05, 1.52339125634e-05, 1.23400968732e-05, 1.0802138604e-05, 1.39808262247e-05, 9.66081734077e-06, 8.47461706144e-06, 7.3606870501e-06, 6.43443854642e-06, 7.00982218405e-06, 7.55521386964e-06, 8.10316396382e-06, 7.95766572992e-06, 8.75802470546e-06, 8.26986160973e-06, 5.65270374864e-06, 5.1469905884e-06, 5.01467957292e-06, 4.78372476209e-06, 4.40708117821e-06, 3.72256090486e-06, 2.67820314548e-06, 2.48368223765e-06, 1.84968007488e-06, 2.16081161852e-06, 1.46556260461e-06, 1.31740171128e-06, 1.16350042845e-06, 9.33455055474e-07, 9.47609805735e-07, 9.21295566059e-07, 8.33442186376e-07, 6.59704483041e-07, 4.81127358398e-07, 4.74018321484e-07, 3.29499869167e-07, 2.60418204334e-07, 2.1873752587e-07, 1.843480959e-07, 1.59208838113e-07, 1.26070844431e-07, 1.11585109153e-07, 1.02885437059e-07, 8.68025580303e-08, 7.66354943948e-08, 6.67726283154e-08, 5.48869039108e-08, 4.86142148759e-08, 3.95686576837e-08, 3.05162863867e-08, 2.7274246861e-08, 2.08068939855e-08, 3.03358360654e-09, 4.59797921959e-10, 4.23148543982e-10, 3.43691269888e-10, 1.71966510476e-10, 2.57439052714e-11, 1.67651851603e-12, 1.59294777889e-12, 1.57582822659e-12, 1.56254414789e-12, 1.5507504135e-12],
        "stdev": [0.000292265147436, 0.0013625191059, 0.00374553096481, 0.00456944992766, 0.00311385886744, 0.00133718247525, 0.000498722540215, 0.00179414020386, 0.00307803205214, 0.00126485142391, 0.000516815285664, 0.000269372394541, 0.000192023886484, 0.000128403218696, 0.000196231456357, 0.000185084049008, 0.000110136017611, 7.43444034015e-05, 0.000206075128517, 0.000341517792549, 0.000194819294848, 0.000114888513053, 0.000271812052233, 0.000330365728587, 7.59536051191e-05, 0.000131759501528, 0.000198554829694, 7.36615766073e-05, 0.000185479075299, 0.000381807069061, 0.000119388372696, 7.4244242569e-05, 8.7160296971e-05, 4.06720246247e-05, 0.000187091267435, 0.000158107490279, 6.50660877e-05, 0.000115488292067, 5.04648560309e-05, 0.000169471648405, 8.14608065411e-05, 0.0001155939608, 7.95363812358e-05, 0.000110792156192, 8.36466933833e-05, 0.000106732324639, 7.79631664045e-05, 0.000150004168972, 8.47409683047e-05, 0.000182319738087, 0.000109781569336, 0.000104593011201, 6.89716471243e-05, 5.37843261554e-05, 4.37475137005e-05, 7.55987857701e-05, 9.21108367038e-05, 5.52784549654e-05, 8.10679994174e-05, 5.29886565346e-05, 0.000129302497953, 8.49914431456e-05, 4.59516413684e-05, 5.09100682393e-05, 2.42436926783e-05, 2.90032476187e-05, 2.59239041043e-05, 2.02204428206e-05, 1.96882592718e-05, 3.97072872147e-05, 1.86233864952e-05, 1.46103857332e-05, 1.51172016558e-05, 1.10711644083e-05, 1.16036053441e-05, 1.46193451656e-05, 1.55013949552e-05, 1.76830944838e-05, 1.77242163772e-05, 1.56024234457e-05, 1.15654484034e-05, 1.12980796985e-05, 9.9228864201e-06, 9.51858328335e-06, 9.594516996e-06, 6.6175525717e-06, 4.81903362015e-06, 4.52673111795e-06, 3.65421055903e-06, 4.430034096e-06, 2.78926586361e-06, 2.82097676063e-06, 2.29426927945e-06, 1.76946593911e-06, 1.7960957166e-06, 1.83574957191e-06, 1.65867868418e-06, 1.30417822675e-06, 1.01958221421e-06, 9.84147391137e-07, 8.03635487046e-07, 5.78970855258e-07, 4.88010755362e-07, 4.67633981316e-07, 4.19540100438e-07, 3.41116674463e-07, 3.21154487892e-07, 2.86773229163e-07, 2.32595667171e-07, 2.20661888761e-07, 2.08524696177e-07, 1.57455460226e-07, 1.56485072011e-07, 1.4871868359e-07, 1.2578020403e-07, 1.08682606026e-07, 8.6187242232e-08, 2.2983046577e-08, 1.07289013229e-08, 9.76086944604e-09, 7.23005522119e-09, 3.9597924939e-09, 8.09769751253e-10, 5.18206267827e-12, 3.01887442995e-12, 2.98040086534e-12, 2.95305143186e-12, 2.93573737369e-12]
    },
    "mfcc": {
        "mean": [-720.734985352, 56.7591209412, -38.5754165649, 26.7671031952, 5.24664258957, 7.8087720871, -8.92584323883, 4.93546819687, -4.42040681839, -0.998456120491, -1.55344307423, -4.41054964066, -5.18421840668],
        "cov": [[12771.0068359, -681.185668945, -547.178833008, 363.737915039, -191.10458374, 86.8374710083, -217.684814453, -76.0000152588, -148.883102417, -145.20854187, -303.44329834, -137.378463745, -357.710968018], [-681.185668945, 1595.14990234, 66.0701065063, 175.57649231, 70.0075149536, -13.5107545853, 113.565444946, 131.464904785, 54.3407249451, 92.2199707031, 105.918830872, 51.567565918, 92.08253479], [-547.178833008, 66.0701065063, 1048.40209961, 275.857208252, 114.938697815, 86.4753036499, 57.4990882874, -49.0001869202, -1.90292930603, 2.49284124374, 23.5947418213, -4.31416749954, 90.3581619263], [363.737915039, 175.57649231, 275.857208252, 686.354248047, 314.651824951, 199.268753052, 144.983612061, 17.2843513489, 75.6135635376, 18.0155334473, -9.46662139893, 23.247461319, 36.9769744873], [-191.10458374, 70.0075149536, 114.938697815, 314.651824951, 465.308044434, 172.342025757, 100.958488464, 73.3861618042, 94.2537765503, 111.473060608, 38.304889679, 32.9900932312, 55.53540802], [86.8374710083, -13.5107545853, 86.4753036499, 199.268753052, 172.342025757, 285.925628662, 221.808914185, 106.194221497, 113.29536438, 62.5814971924, 44.063533783, 42.0609779358, 6.92907476425], [-217.684814453, 113.565444946, 57.4990882874, 144.983612061, 100.958488464, 221.808914185, 378.436798096, 173.97052002, 164.774002075, 86.3813858032, 78.6362457275, 72.2040939331, 20.1395168304], [-76.0000152588, 131.464904785, -49.0001869202, 17.2843513489, 73.3861618042, 106.194221497, 173.97052002, 255.40423584, 138.906356812, 111.166908264, 79.6831893921, 46.6593208313, 35.632686615], [-148.883102417, 54.3407249451, -1.90292930603, 75.6135635376, 94.2537765503, 113.29536438, 164.774002075, 138.906356812, 227.140701294, 133.118637085, 80.4105453491, 57.8002510071, 25.5133495331], [-145.20854187, 92.2199707031, 2.49284124374, 18.0155334473, 111.473060608, 62.5814971924, 86.3813858032, 111.166908264, 133.118637085, 224.213546753, 115.857208252, 71.29322052, 54.1437759399], [-303.44329834, 105.918830872, 23.5947418213, -9.46662139893, 38.304889679, 44.063533783, 78.6362457275, 79.6831893921, 80.4105453491, 115.857208252, 160.983551025, 72.4941482544, 57.5031356812], [-137.378463745, 51.567565918, -4.31416749954, 23.247461319, 32.9900932312, 42.0609779358, 72.2040939331, 46.6593208313, 57.8002510071, 71.29322052, 72.4941482544, 115.148269653, 47.6722984314], [-357.710968018, 92.08253479, 90.3581619263, 36.9769744873, 55.53540802, 6.92907476425, 20.1395168304, 35.632686615, 25.5133495331, 54.1437759399, 57.5031356812, 47.6722984314, 118.76424408]],
        "icov": [[9.96301096166e-05, 3.44496074831e-05, 4.91575337946e-05, -0.000154110210133, 0.000132730245241, -0.000107617866888, 0.000136590591865, -0.000111425797513, 9.71428598859e-05, -0.000133254419779, 0.000115616669063, -4.06803847e-05, 0.000238664259086], [3.44496074831e-05, 0.000762753479648, 3.71488968085e-05, -0.00038965724525, 9.33688570512e-05, 0.000530559918843, -0.000248794764047, -0.000415363960201, 0.000299316452583, -0.000150998952449, -0.000331181945512, 0.000110344706627, -0.000181783281732], [4.91575337946e-05, 3.71488968085e-05, 0.00124019419309, -0.000506270036567, 0.000203101226361, -0.000300865620375, -0.00015678377531, 0.00048325737589, 0.000169426144566, -0.00011172464292, -0.000224141665967, 0.000691118068062, -0.00101685896516], [-0.000154110210133, -0.00038965724525, -0.000506270036567, 0.00306823686697, -0.00173613079824, -0.00083143095253, -0.000478820700664, 0.000957736512646, -0.000810613972135, 0.00101064844057, 0.000642204133328, -0.000333395786583, -0.000541697954759], [0.000132730245241, 9.33688570512e-05, 0.000203101226361, -0.00173613079824, 0.00434504728764, -0.00195963168517, 0.00101066043135, -0.00040410424117, 0.000271787983365, -0.00211026892066, 0.000721565098502, 0.000577144441195, -0.000931562797632], [-0.000107617866888, 0.000530559918843, -0.000300865620375, -0.00083143095253, -0.00195963168517, 0.00901052635163, -0.00417893845588, -0.000584129360504, -0.000302702072076, 0.000490895530675, -0.000777153065428, -0.000311906507704, 0.00136952288449], [0.000136590591865, -0.000248794764047, -0.00015678377531, -0.000478820700664, 0.00101066043135, -0.00417893845588, 0.00726368883625, -0.00240689190105, -0.00190522684716, 0.000897874240763, -0.000267491617706, -0.00182015693281, 0.000994359143078], [-0.000111425797513, -0.000415363960201, 0.00048325737589, 0.000957736512646, -0.00040410424117, -0.000584129360504, -0.00240689190105, 0.00800330750644, -0.00234890729189, -0.000963673694059, -0.000594031473156, 0.00135175627656, -0.00176049862057], [9.71428598859e-05, 0.000299316452583, 0.000169426144566, -0.000810613972135, 0.000271787983365, -0.000302702072076, -0.00190522684716, -0.00234890729189, 0.00998945068568, -0.00409141462296, -0.0001987839496, -0.000485725788167, 0.00111288309563], [-0.000133254419779, -0.000150998952449, -0.00011172464292, 0.00101064844057, -0.00211026892066, 0.000490895530675, 0.000897874240763, -0.000963673694059, -0.00409141462296, 0.0107904989272, -0.00442835362628, -0.0016088419361, -0.000669395318255], [0.000115616669063, -0.000331181945512, -0.000224141665967, 0.000642204133328, 0.000721565098502, -0.000777153065428, -0.000267491617706, -0.000594031473156, -0.0001987839496, -0.00442835362628, 0.0129503384233, -0.003772204509, -0.00218744017184], [-4.06803847e-05, 0.000110344706627, 0.000691118068062, -0.000333395786583, 0.000577144441195, -0.000311906507704, -0.00182015693281, 0.00135175627656, -0.000485725788167, -0.0016088419361, -0.003772204509, 0.0145581811666, -0.00415815645829], [0.000238664259086, -0.000181783281732, -0.00101685896516, -0.000541697954759, -0.000931562797632, 0.00136952288449, 0.000994359143078, -0.00176049862057, 0.00111288309563, -0.000669395318255, -0.00218744017184, -0.00415815645829, 0.0137317264453]]
    },
    "spectral_contrast_coeffs": {
        "mean": [-0.715164065361, -0.780693888664, -0.814144968987, -0.80311858654, -0.790637671947, -0.726965725422],
        "stdev": [0.106219947338, 0.0899579823017, 0.0746911168098, 0.058584716171, 0.0555542036891, 0.0588397532701]
    },
    "spectral_contrast_valleys": {
        "mean": [-8.99241733551, -8.65806770325, -8.64510536194, -8.09758472443, -7.9230761528, -11.034453392],
        "stdev": [2.68241405487, 2.63863635063, 2.64448881149, 2.72647595406, 2.80520343781, 2.48803400993]
    }
},
"rhythm": {
    "beats_count": 421,
    "beats_loudness": {
        "mean": 0.0221393425018,
        "stdev": 0.0204307623208
    },
    "bpm": 136.533782959,
    "bpm_histogram_first_peak_bpm": 136,
    "bpm_histogram_first_peak_weight": 0.341463446617,
    "bpm_histogram_second_peak_bpm": 129,
    "bpm_histogram_second_peak_spread": 0.418604671955,
    "bpm_histogram_second_peak_weight": 0.0595238097012,
    "danceability": 1.48797333241,
    "onset_rate": 5.26396179199,
    "beats_loudness_band_ratio": {
        "mean": [0.236358225346, 0.0771669149399, 0.0754195079207, 0.106039740145, 0.395823866129, 0.147653609514],
        "stdev": [0.331256747246, 0.115218997002, 0.138633131981, 0.13904350996, 0.288034230471, 0.12493352592]
    },
    "beats_position": [0.441179126501, 0.893968224525, 1.34675729275, 1.77632653713, 2.21750569344, 2.6470746994, 3.08825397491, 3.52943301201, 3.97061228752, 4.43501138687, 4.92263031006, 5.41024923325, 5.86303853989, 6.30421733856, 6.73378658295, 7.17496585846, 7.61614513397, 8.05732440948, 8.48689365387, 8.91646194458, 9.35764122009, 9.79882049561, 10.2399997711, 10.6695690155, 11.110748291, 11.5403175354, 11.9814968109, 12.4226751328, 12.8638544083, 13.3166437149, 13.7926530838, 14.2802715302, 14.7446708679, 15.1858501434, 15.6386394501, 16.1030387878, 16.5906581879, 17.0666656494, 17.5194549561, 17.9606342316, 18.390203476, 18.8313827515, 19.272562027, 19.7137413025, 20.154920578, 20.5844898224, 21.0140590668, 21.4436283112, 21.8848075867, 22.3259868622, 22.7671642303, 23.1967334747, 23.6379127502, 24.0790920258, 24.5202713013, 24.9614505768, 25.4258499146, 25.9134693146, 26.3894786835, 26.8422679901, 27.2834453583, 27.7246246338, 28.1658039093, 28.6069831848, 29.0249423981, 29.4661216736, 29.9073009491, 30.3484802246, 30.7896595001, 31.2308387756, 31.6720180511, 32.1015853882, 32.5311546326, 32.9723358154, 33.4135131836, 33.8546943665, 34.2842636108, 34.7138328552, 35.1550102234, 35.5961914062, 36.0257606506, 36.455329895, 36.8965072632, 37.3376846313, 37.7788658142, 38.2200431824, 38.6496124268, 39.0907936096, 39.520362854, 39.9615402222, 40.402721405, 40.8438987732, 41.3083000183, 41.7843093872, 42.2603149414, 42.7247161865, 43.1658935547, 43.6070747375, 44.071472168, 44.5474815369, 45.0351028442, 45.4878921509, 45.929069519, 46.3702468872, 46.8114280701, 47.2526054382, 47.6937866211, 48.1233558655, 48.5645332336, 48.994102478, 49.4352836609, 49.8764610291, 50.3176422119, 50.7472114563, 51.1767807007, 51.6179580688, 52.0591392517, 52.5003166199, 52.941493988, 53.3826751709, 53.8238525391, 54.2650337219, 54.7062110901, 55.1241722107, 55.5653495789, 55.9949188232, 56.4244880676, 56.8656692505, 57.3068466187, 57.7480278015, 58.1892051697, 58.6187744141, 59.0483436584, 59.4895210266, 59.9423103333, 60.3950996399, 60.8711090088, 61.3587303162, 61.8115196228, 62.252696991, 62.6938781738, 63.1234474182, 63.5646247864, 63.9941940308, 64.4353713989, 64.8765487671, 65.3177337646, 65.7589111328, 66.1884765625, 66.6180496216, 67.0592269897, 67.5004043579, 67.9415893555, 68.3827667236, 68.8239440918, 69.26512146, 69.7179107666, 70.1823120117, 70.6815414429, 71.145942688, 71.5987319946, 72.0515213013, 72.5275268555, 73.0151443481, 73.4679336548, 73.9091110229, 74.3502960205, 74.7914733887, 75.2326507568, 75.6622238159, 76.0917892456, 76.5329666138, 76.9741516113, 77.426940918, 77.8797302246, 78.3209075928, 78.7504730225, 79.1800460815, 79.5979995728, 80.0391845703, 80.4803619385, 80.9215393066, 81.3859405518, 81.861946106, 82.349571228, 82.8023605347, 83.2435379028, 83.684715271, 84.1258926392, 84.5554656982, 84.9850311279, 85.4262084961, 85.8673934937, 86.3085708618, 86.74974823, 87.1793212891, 87.6088867188, 88.0500640869, 88.4912490845, 88.9324264526, 89.3736038208, 89.8263931274, 90.2907943726, 90.7900238037, 91.2544174194, 91.695602417, 92.1367797852, 92.5779571533, 93.0423583984, 93.5183639526, 94.0059814453, 94.458770752, 94.8999557495, 95.3411331177, 95.7706985474, 96.2118835449, 96.6414489746, 97.0826263428, 97.5238113403, 97.976600647, 98.4526062012, 98.9402236938, 99.404624939, 99.8458023071, 100.286979675, 100.728164673, 101.169342041, 101.610519409, 102.040092468, 102.469657898, 102.910835266, 103.352012634, 103.793197632, 104.234375, 104.66394043, 105.093513489, 105.534690857, 105.975868225, 106.417053223, 106.858230591, 107.299407959, 107.740585327, 108.181770325, 108.611335754, 109.052513123, 109.482086182, 109.911651611, 110.34122467, 110.782402039, 111.223579407, 111.664756775, 112.105941772, 112.535507202, 112.965080261, 113.406257629, 113.847434998, 114.277008057, 114.718185425, 115.147750854, 115.588935852, 116.03011322, 116.471290588, 116.912467957, 117.342041016, 117.771606445, 118.212783813, 118.653968811, 119.083534241, 119.524711609, 119.954284668, 120.395462036, 120.836639404, 121.301040649, 121.765441895, 122.253059387, 122.717460632, 123.158638, 123.599815369, 124.040992737, 124.482177734, 124.911743164, 125.341316223, 125.782493591, 126.223670959, 126.664848328, 127.106025696, 127.547210693, 128.011611938, 128.487609863, 128.975234985, 129.428024292, 129.86920166, 130.310379028, 130.739959717, 131.169525146, 131.610702515, 132.051879883, 132.493057251, 132.934234619, 133.375411987, 133.804992676, 134.234558105, 134.675735474, 135.116912842, 135.55809021, 135.999267578, 136.440444946, 136.881637573, 137.322814941, 137.76399231, 138.193557739, 138.623123169, 139.064300537, 139.482269287, 139.923446655, 140.353012085, 140.794189453, 141.235366821, 141.676544189, 142.117736816, 142.558914185, 143.000091553, 143.452880859, 143.905670166, 144.358459473, 144.834457397, 145.298858643, 145.751647949, 146.204437256, 146.668838501, 147.144851685, 147.620864868, 148.073654175, 148.514831543, 148.956008911, 149.408798218, 149.838363647, 150.267929077, 150.697509766, 151.138687134, 151.579864502, 152.02104187, 152.462219238, 152.903396606, 153.332962036, 153.762542725, 154.203720093, 154.644897461, 155.086074829, 155.527252197, 155.980041504, 156.456054688, 156.943664551, 157.408065796, 157.849243164, 158.290420532, 158.720001221, 159.161178589, 159.590744019, 160.031921387, 160.461486816, 160.891067505, 161.332244873, 161.773422241, 162.214599609, 162.655776978, 163.096954346, 163.538131714, 163.979324341, 164.420501709, 164.861679077, 165.326080322, 165.790466309, 166.278091431, 166.742492676, 167.195281982, 167.659683228, 168.135681152, 168.611694336, 169.064483643, 169.505661011, 169.946838379, 170.376419067, 170.817596436, 171.247161865, 171.688339233, 172.129516602, 172.57069397, 173.011871338, 173.464660645, 173.905853271, 174.34703064, 174.776596069, 175.35710144, 175.925979614, 176.494873047, 177.075378418, 177.65586853, 178.24798584, 178.840087891, 179.420593262, 180.001083374, 180.581588745, 181.162078857, 181.742584229, 182.323074341, 182.91519165, 183.495681763, 184.087799072, 184.679901123, 185.272018433, 185.864120483, 186.456237793, 187.059951782, 187.628845215, 188.18611145, 188.743392944, 189.312286377, 189.88117981, 190.450057983, 191.018951416],
    "bpm_histogram": [0, 0, 0, 0, 0, 0, 0, 0, 0, 0, 0, 0, 0, 0, 0, 0, 0, 0, 0, 0, 0, 0, 0, 0, 0, 0, 0, 0, 0, 0, 0, 0, 0, 0, 0, 0, 0, 0, 0, 0, 0, 0, 0, 0, 0, 0, 0, 0, 0, 0, 0, 0, 0, 0, 0, 0, 0, 0, 0, 0, 0, 0, 0, 0, 0, 0, 0, 0, 0, 0, 0, 0, 0, 0, 0, 0, 0, 0, 0, 0, 0, 0, 0, 0, 0, 0, 0, 0, 0, 0, 0, 0, 0, 0, 0, 0, 0, 0, 0, 0.00238095247187, 0, 0.0190476197749, 0, 0.023809524253, 0, 0.0166666675359, 0, 0, 0.00476190494373, 0, 0, 0, 0, 0, 0, 0, 0, 0, 0, 0, 0.00476190494373, 0, 0, 0.0357142873108, 0, 0, 0.0428571440279, 0, 0, 0.0595238097012, 0, 0, 0, 0.0785714313388, 0, 0, 0.514285743237, 0, 0, 0, 0.188095241785, 0, 0, 0, 0.00952380988747, 0, 0, 0, 0, 0, 0, 0, 0, 0, 0, 0, 0, 0, 0, 0, 0, 0, 0, 0, 0, 0, 0, 0, 0, 0, 0, 0, 0, 0, 0, 0, 0, 0, 0, 0, 0, 0, 0, 0, 0, 0, 0, 0, 0, 0, 0, 0, 0, 0, 0, 0, 0, 0, 0, 0, 0, 0, 0, 0, 0, 0, 0, 0, 0, 0, 0, 0, 0, 0, 0, 0, 0, 0, 0, 0, 0, 0, 0, 0, 0, 0, 0, 0, 0, 0, 0, 0, 0, 0, 0, 0, 0, 0, 0, 0, 0, 0, 0, 0, 0, 0, 0, 0, 0, 0]
},
"tonal": {
    "chords_changes_rate": 0.113102443516,
    "chords_number_rate": 0.00266408338211,
    "chords_strength": {
        "mean": 0.426398426294,
        "stdev": 0.173337757587
    },
    "hpcp_crest": {
        "mean": 10.4534711838,
        "stdev": 6.0188164711
    },
    "hpcp_entropy": {
        "mean": 2.60695075989,
        "stdev": 0.950895786285
    },
    "key_edma": {
        "strength": 0.502855718136,
        "key": "B",
        "scale": "minor"
    },
    "key_krumhansl": {
        "strength": 0.49913829565,
        "key": "B",
        "scale": "minor"
    },
    "key_temperley": {
        "strength": 0.496096432209,
        "key": "B",
        "scale": "minor"
    },
    "tuning_diatonic_strength": 0.503651082516,
    "tuning_equal_tempered_deviation": 0.251448214054,
    "tuning_frequency": 434.193115234,
    "tuning_nontempered_energy_ratio": 0.899610221386,
    "hpcp": {
        "mean": [0.231293410063, 0.16635158658, 0.0999221131206, 0.162999674678, 0.197391495109, 0.152665376663, 0.163224473596, 0.229842126369, 0.210401833057, 0.177255660295, 0.2323795259, 0.216352269053, 0.181849345565, 0.230121776462, 0.216088861227, 0.170454531908, 0.164762333035, 0.153516381979, 0.185585677624, 0.190569445491, 0.177519470453, 0.204615071416, 0.185318782926, 0.208798497915, 0.247025191784, 0.227948993444, 0.225211203098, 0.321539908648, 0.398384898901, 0.321378052235, 0.239522144198, 0.207677662373, 0.233714193106, 0.207756325603, 0.140828162432, 0.180580377579],
        "stdev": [0.261363327503, 0.212583616376, 0.168688282371, 0.210659340024, 0.247364804149, 0.206656143069, 0.214262321591, 0.271138370037, 0.240256398916, 0.227715075016, 0.261012643576, 0.258510798216, 0.2259362638, 0.26338160038, 0.252891272306, 0.213540822268, 0.207978099585, 0.202077195048, 0.223844259977, 0.226401925087, 0.2128611058, 0.238580167294, 0.229649886489, 0.240116044879, 0.284028917551, 0.263009548187, 0.253534853458, 0.310370087624, 0.379769682884, 0.307378172874, 0.280400663614, 0.246506690979, 0.257555752993, 0.235393866897, 0.178575277328, 0.215137675405]
    },
    "chords_histogram": [8.35553359985, 6.80552196503, 33.4705734253, 1.3562605381, 0.823443949223, 0.581254541874, 0.121094696224, 24.3158149719, 6.17582941055, 10.1477355957, 0.217970445752, 1.47735524178, 1.04141438007, 0.314846217632, 0.169532567263, 0.290627270937, 0, 0.0484378784895, 0, 1.25938487053, 0.702349245548, 1.55001211166, 0.775006055832, 0],
    "thpcp": [1, 0.806702375412, 0.601233005524, 0.521299004555, 0.586654245853, 0.521496474743, 0.353497743607, 0.453281193972, 0.580577731133, 0.417564988136, 0.250818014145, 0.409151226282, 0.495479375124, 0.383210748434, 0.409715503454, 0.576934814453, 0.528137087822, 0.444935679436, 0.583304047585, 0.543073475361, 0.456466466188, 0.577636778355, 0.542412281036, 0.427863925695, 0.413575738668, 0.385346889496, 0.465845167637, 0.478355079889, 0.445597887039, 0.513611495495, 0.46517521143, 0.524112462997, 0.620066642761, 0.572182834148, 0.56531059742, 0.807108700275],
    "chords_key": "F#",
    "chords_scale": "minor"
}
}