{
"metadata": {
    "version": {
        "essentia": "2.1-dev",
        "essentia_git_sha": "v2.1_beta3-415-gd5473f3",
        "extractor": "music 2.0"
    },
    "audio_properties": {
        "analysis": {
            "equal_loudness": 0,
            "length": 209.084075928,
            "sample_rate": 44100,
            "start_time": 0,
            "downmix": "mix"
        },
        "bit_rate": 192000,
        "length": 209.084075928,
        "lossless": 0,
        "number_channels": 2,
        "replay_gain": -8.63947868347,
        "sample_rate": 44100,
        "codec": "mp3",
        "md5_encoded": "4300477fc541a90a79181ee0b125b988"
    },
    "tags": {
        "file_name": "salt_n_pepa-push_it.mp3",
        "album": ["                              "],
        "artist": ["Salt N Pepa                   "],
        "date": ["    "],
        "title": ["Push It                       "]
    }
},
"lowlevel": {
    "average_loudness": 0.901635110378,
    "barkbands_crest": {
        "mean": 10.7166070938,
        "stdev": 5.93003511429
    },
    "barkbands_flatness_db": {
        "mean": 0.144390538335,
        "stdev": 0.0837696865201
    },
    "barkbands_kurtosis": {
        "mean": 33.8099632263,
        "stdev": 267.490966797
    },
    "barkbands_skewness": {
        "mean": 1.67412292957,
        "stdev": 4.93984699249
    },
    "barkbands_spread": {
        "mean": 35.4732437134,
        "stdev": 20.7672958374
    },
    "dissonance": {
        "mean": 0.482907652855,
        "stdev": 0.0178466681391
    },
    "dynamic_complexity": 3.45995783806,
    "erbbands_crest": {
        "mean": 8.29449558258,
        "stdev": 4.05785512924
    },
    "erbbands_flatness_db": {
        "mean": 0.164360612631,
        "stdev": 0.0528088472784
    },
    "erbbands_kurtosis": {
        "mean": 1.76847100258,
        "stdev": 4.14813899994
    },
    "erbbands_skewness": {
        "mean": -0.637543261051,
        "stdev": 1.05963802338
    },
    "erbbands_spread": {
        "mean": 42.7961807251,
        "stdev": 28.1843204498
    },
    "hfc": {
        "mean": 21.961561203,
        "stdev": 22.0119972229
    },
    "loudness_ebu128": {
        "integrated": -16.4574356079,
        "loudness_range": 3.97945308685,
        "momentary": {
            "mean": -17.7154865265,
            "stdev": 10.4973020554
        },
        "short_term": {
            "mean": -16.6649551392,
            "stdev": 1.36050951481
        }
    },
    "melbands_crest": {
        "mean": 16.265422821,
        "stdev": 8.0516834259
    },
    "melbands_flatness_db": {
        "mean": 0.184328168631,
        "stdev": 0.11186093092
    },
    "melbands_kurtosis": {
        "mean": 55.5991020203,
        "stdev": 257.631958008
    },
    "melbands_skewness": {
        "mean": 3.49471235275,
        "stdev": 4.84230661392
    },
    "melbands_spread": {
        "mean": 46.7517356873,
        "stdev": 38.3298416138
    },
    "pitch_salience": {
        "mean": 0.527564764023,
        "stdev": 0.18168438971
    },
    "silence_rate_20dB": {
        "mean": 1,
        "stdev": 0
    },
    "silence_rate_30dB": {
        "mean": 0.99966686964,
        "stdev": 0.0182481184602
    },
    "silence_rate_60dB": {
        "mean": 0.145236507058,
        "stdev": 0.35234901309
    },
    "spectral_centroid": {
        "mean": 2350.48486328,
        "stdev": 1084.45690918
    },
    "spectral_complexity": {
        "mean": 17.6643352509,
        "stdev": 14.3039464951
    },
    "spectral_decrease": {
        "mean": -4.23715684761e-09,
        "stdev": 3.94773591594e-09
    },
    "spectral_energy": {
        "mean": 0.0179840233177,
        "stdev": 0.0159741397947
    },
    "spectral_energyband_high": {
        "mean": 0.00160794705153,
        "stdev": 0.0020410141442
    },
    "spectral_energyband_low": {
        "mean": 0.00846244953573,
        "stdev": 0.0119002098218
    },
    "spectral_energyband_middle_high": {
        "mean": 0.00427887868136,
        "stdev": 0.00545576913282
    },
    "spectral_energyband_middle_low": {
        "mean": 0.00422144168988,
        "stdev": 0.00530091766268
    },
    "spectral_entropy": {
        "mean": 7.77096796036,
        "stdev": 0.440838187933
    },
    "spectral_flux": {
        "mean": 0.0723493546247,
        "stdev": 0.0424808673561
    },
    "spectral_kurtosis": {
        "mean": 3.56984639168,
        "stdev": 3.22344589233
    },
    "spectral_rms": {
        "mean": 0.00373523076996,
        "stdev": 0.00189563154709
    },
    "spectral_rolloff": {
        "mean": 2948.6887207,
        "stdev": 2503.80029297
    },
    "spectral_skewness": {
        "mean": 1.13132154942,
        "stdev": 0.47965708375
    },
    "spectral_spread": {
        "mean": 4697853,
        "stdev": 2919233.75
    },
    "spectral_strongpeak": {
        "mean": 0.68011367321,
        "stdev": 1.21660161018
    },
    "zerocrossingrate": {
        "mean": 0.0965692996979,
        "stdev": 0.0613581053913
    },
    "barkbands": {
        "mean": [0.000193662155652, 0.00603252882138, 0.00170604966115, 0.00113424449228, 0.00150847434998, 0.000397771189455, 0.000417373841628, 0.000298068713164, 0.000372605049051, 0.000268625997705, 0.000242223512032, 0.000189274433069, 0.000213995124795, 0.000199519548914, 0.000351575377863, 0.000559037434869, 0.00057680340251, 0.000710889638867, 0.00078315573046, 0.000585551315453, 0.000394479517126, 0.00026990022161, 0.000193165687961, 0.000255748775089, 0.000114191381726, 1.40189613376e-05, 1.06374761799e-06],
        "stdev": [0.000308579357807, 0.010266283527, 0.00347864627838, 0.0026423628442, 0.0024095501285, 0.00103892653715, 0.000950877903961, 0.000793973042164, 0.000942824990489, 0.000905710738152, 0.000849764910527, 0.000599154736847, 0.000610459421296, 0.000481444993056, 0.000790127785876, 0.00112292089034, 0.00120608170982, 0.00113594252616, 0.00109446432907, 0.000828093092423, 0.000681255594827, 0.000532753067091, 0.000321681261994, 0.000452423118986, 0.000232452512137, 2.40168592427e-05, 2.42878968493e-06]
    },
    "erbbands": {
        "mean": [0.216261103749, 1.18193995953, 2.0507440567, 2.93007731438, 4.72492742538, 5.10701704025, 3.62216925621, 3.28224039078, 4.92008638382, 7.48802185059, 6.73952674866, 9.27615737915, 8.31334400177, 8.52842140198, 9.54785728455, 8.23824977875, 9.57140445709, 10.7213592529, 11.7824602127, 27.9857349396, 29.091211319, 33.1439743042, 37.364566803, 41.9748725891, 34.0536117554, 27.6993083954, 23.3754234314, 11.4951200485, 10.0859775543, 7.77802038193, 5.13135814667, 3.94913196564, 4.223092556, 2.06812500954, 0.575986146927, 0.0849827006459, 0.0302270818502, 0.00504076713696, 0.000162577780429, 2.99760267808e-05],
        "stdev": [0.393676042557, 2.04784035683, 3.7493224144, 5.50021123886, 10.1087446213, 8.73090171814, 8.18758201599, 8.74294567108, 11.9564619064, 18.2328166962, 17.2914848328, 23.672624588, 26.7370014191, 32.4681549072, 31.1185684204, 22.8867473602, 27.4140434265, 23.0634231567, 24.1430969238, 59.911151886, 52.2042427063, 68.1651229858, 61.2117080688, 57.7041931152, 47.7435684204, 38.1596984863, 40.0023880005, 18.5593719482, 20.3004245758, 14.0241680145, 8.44783115387, 5.93609762192, 8.06567192078, 4.43359375, 1.12603020668, 0.15516063571, 0.0553364120424, 0.00855688937008, 0.000302405213006, 2.58928630501e-05]
    },
    "gfcc": {
        "mean": [-48.9155006409, 53.4091110229, -123.578239441, 65.2753295898, -48.8675575256, 17.2502765656, -34.5722389221, 17.5595912933, -19.552230835, -0.608316421509, -10.5336694717, -2.46986222267, -7.80605554581],
        "cov": [[17331.1035156, 367.462371826, -1504.1529541, 416.610778809, -1104.39294434, -158.671447754, -705.43572998, -32.5965423584, -592.607299805, -100.285942078, -292.683197021, -109.741767883, -205.144317627], [367.462371826, 2085.76318359, -137.697052002, -229.730957031, 215.278182983, -254.095504761, 100.157699585, -220.196472168, -2.66956472397, -180.599472046, 39.0062255859, -159.617675781, 27.6681118011], [-1504.1529541, -137.697052002, 1919.43493652, 238.469604492, 255.895721436, 408.371704102, 47.357208252, 145.379898071, -8.96160030365, 89.6202468872, -64.5458679199, 3.48728299141, -14.6475343704], [416.610778809, -229.730957031, 238.469604492, 728.429138184, 170.244934082, 121.76461792, 170.352035522, 20.4303436279, 120.110046387, -6.38047981262, 30.1947803497, 27.7929840088, -17.5781879425], [-1104.39294434, 215.278182983, 255.895721436, 170.244934082, 605.528442383, 178.541061401, 186.625457764, 82.5037002563, 109.55947113, 14.1076135635, 48.2659301758, 3.98421311378, 12.5991735458], [-158.671447754, -254.095504761, 408.371704102, 121.76461792, 178.541061401, 363.670959473, 123.64402771, 90.0210342407, 18.934961319, 62.5144004822, 10.9450864792, 26.4046325684, -7.48394727707], [-705.43572998, 100.157699585, 47.357208252, 170.352035522, 186.625457764, 123.64402771, 374.840606689, 76.8425216675, 120.304039001, 25.2645969391, 77.3831253052, 30.695274353, 19.985502243], [-32.5965423584, -220.196472168, 145.379898071, 20.4303436279, 82.5037002563, 90.0210342407, 76.8425216675, 222.039611816, 75.7440643311, 75.8667068481, 23.5417003632, 30.0801353455, 18.7768726349], [-592.607299805, -2.66956472397, -8.96160030365, 120.110046387, 109.55947113, 18.934961319, 120.304039001, 75.7440643311, 210.843231201, 69.8075027466, 75.8732223511, 35.7721977234, 28.8402137756], [-100.285942078, -180.599472046, 89.6202468872, -6.38047981262, 14.1076135635, 62.5144004822, 25.2645969391, 75.8667068481, 69.8075027466, 155.627243042, 55.6170959473, 41.7463989258, 7.58247661591], [-292.683197021, 39.0062255859, -64.5458679199, 30.1947803497, 48.2659301758, 10.9450864792, 77.3831253052, 23.5417003632, 75.8732223511, 55.6170959473, 141.199203491, 64.0631561279, 38.4770545959], [-109.741767883, -159.617675781, 3.48728299141, 27.7929840088, 3.98421311378, 26.4046325684, 30.695274353, 30.0801353455, 35.7721977234, 41.7463989258, 64.0631561279, 120.255966187, 45.1497764587], [-205.144317627, 27.6681118011, -14.6475343704, -17.5781879425, 12.5991735458, -7.48394727707, 19.985502243, 18.7768726349, 28.8402137756, 7.58247661591, 38.4770545959, 45.1497764587, 103.488265991]],
        "icov": [[0.000152816224727, -0.000283443223452, 0.000256119237747, -0.000444955803687, 0.000345886510331, -0.000387285428587, 0.000402126868721, -0.000571944052354, 0.000545351591427, -0.000345567270415, 0.000329695234541, -0.000314012722811, 0.000183133088285], [-0.000283443223452, 0.00149357528426, -0.00068524753442, 0.00129387155175, -0.00111804006156, 0.00147512636613, -0.00127302820329, 0.00192658510059, -0.00119256204925, 0.00136225752067, -0.00153509865049, 0.00198684632778, -0.00076285522664], [0.000256119237747, -0.00068524753442, 0.00123275141232, -0.00104965036735, 0.000525430601556, -0.00151530827861, 0.00100174313411, -0.00134662038181, 0.00116102793254, -0.00108926265966, 0.00121880846564, -0.000764536380302, 0.000201073315111], [-0.000444955803687, 0.00129387155175, -0.00104965036735, 0.00336959841661, -0.00132078607567, 0.00116792449262, -0.00186028971802, 0.00249549164437, -0.00288571929559, 0.00218255491927, -0.00127429550048, 0.000963542319369, 4.52544845757e-05], [0.000345886510331, -0.00111804006156, 0.000525430601556, -0.00132078607567, 0.00338883441873, -0.00212277611718, 0.000704089528881, -0.00197870563716, 0.000402100122301, -0.000248612166615, 0.000578793522436, -0.00074079062324, 0.000505697040353], [-0.000387285428587, 0.00147512636613, -0.00151530827861, 0.00116792449262, -0.00212277611718, 0.00651714811102, -0.00270768301561, 0.00141873885877, 5.59633481316e-05, -0.000221384063479, -0.00104065658525, 0.00106666900683, -0.000260788772721], [0.000402126868721, -0.00127302820329, 0.00100174313411, -0.00186028971802, 0.000704089528881, -0.00270768301561, 0.00568364420906, -0.00266753975302, 5.66781709495e-05, -9.77459494607e-05, -0.000285858608549, -0.00122822693083, 0.00070163566852], [-0.000571944052354, 0.00192658510059, -0.00134662038181, 0.00249549164437, -0.00197870563716, 0.00141873885877, -0.00266753975302, 0.00942363124341, -0.00377636682242, -0.000290200405288, -0.000594423385337, 0.0017711345572, -0.0017447762657], [0.000545351591427, -0.00119256204925, 0.00116102793254, -0.00288571929559, 0.000402100122301, 5.59633481316e-05, 5.66781709495e-05, -0.00377636682242, 0.0109637835994, -0.00453654769808, -0.000568396644667, -0.000750657403842, -0.000480796996271], [-0.000345567270415, 0.00136225752067, -0.00108926265966, 0.00218255491927, -0.000248612166615, -0.000221384063479, -9.77459494607e-05, -0.000290200405288, -0.00453654769808, 0.0123651986942, -0.00476255081594, 0.00029837503098, 0.00125192617998], [0.000329695234541, -0.00153509865049, 0.00121880846564, -0.00127429550048, 0.000578793522436, -0.00104065658525, -0.000285858608549, -0.000594423385337, -0.000568396644667, -0.00476255081594, 0.0146233979613, -0.00664081657305, -0.000995033420622], [-0.000314012722811, 0.00198684632778, -0.000764536380302, 0.000963542319369, -0.00074079062324, 0.00106666900683, -0.00122822693083, 0.0017711345572, -0.000750657403842, 0.00029837503098, -0.00664081657305, 0.0157470684499, -0.00522876391187], [0.000183133088285, -0.00076285522664, 0.000201073315111, 4.52544845757e-05, 0.000505697040353, -0.000260788772721, 0.00070163566852, -0.0017447762657, -0.000480796996271, 0.00125192617998, -0.000995033420622, -0.00522876391187, 0.0130601190031]]
    },
    "melbands": {
        "mean": [0.00177913880907, 0.00124203250743, 0.00058015238028, 0.000362071994459, 0.000151352840476, 7.36690999474e-05, 7.85138836363e-05, 7.78894609539e-05, 5.69257572351e-05, 5.5227028497e-05, 4.03413105232e-05, 3.39850921591e-05, 3.32744966727e-05, 2.28905610129e-05, 2.18615859922e-05, 2.00480390049e-05, 1.96634046006e-05, 1.68396709341e-05, 2.78367060673e-05, 4.33798013546e-05, 3.18738530041e-05, 3.33901843987e-05, 3.4152646549e-05, 3.41590566677e-05, 3.41010745615e-05, 2.92427193926e-05, 1.77624333446e-05, 1.92918178072e-05, 1.61732859851e-05, 9.24801224755e-06, 5.90328136241e-06, 5.67317556488e-06, 5.09946539751e-06, 4.09759240938e-06, 3.0293256259e-06, 2.35705283558e-06, 2.42145324592e-06, 2.11475253309e-06, 4.56226553069e-06, 8.34964907881e-07],
        "stdev": [0.00313922786154, 0.00192519230768, 0.0010996098863, 0.000613990763668, 0.000291383388685, 0.000193338433746, 0.00018408811593, 0.000189565995242, 0.000144978039316, 0.00014203810133, 0.000137057242682, 0.000132429893711, 0.00010893655417, 7.84123403719e-05, 7.09664891474e-05, 4.87251782033e-05, 4.60441115138e-05, 4.06671897508e-05, 6.53491078992e-05, 9.60665493039e-05, 6.62542079226e-05, 8.03562797955e-05, 5.6917364418e-05, 6.01016945438e-05, 4.93007537443e-05, 4.2661686166e-05, 2.6022660677e-05, 2.9761422411e-05, 2.6814355806e-05, 1.60543004313e-05, 1.0656750419e-05, 1.20012800835e-05, 9.91162232822e-06, 7.484255093e-06, 5.2050886552e-06, 3.79376933779e-06, 3.7904724195e-06, 3.29998601956e-06, 1.12151983558e-05, 1.46958359437e-06]
    },
    "melbands128": {
        "mean": [0.000185631171917, 0.00175886193756, 0.00252199941315, 0.00172329798806, 0.00114712072536, 0.000768825178966, 0.000567281851545, 0.000583819171879, 0.000487218349008, 0.000354247866198, 0.00028888619272, 0.000207734221476, 0.000108783227915, 9.59958051681e-05, 7.15528803994e-05, 6.67247877573e-05, 6.0006914282e-05, 8.67774433573e-05, 7.56411027396e-05, 0.000101065408671, 6.61633675918e-05, 5.08845550939e-05, 5.28217424289e-05, 5.79232837481e-05, 8.21711510071e-05, 3.39112157235e-05, 4.08165360568e-05, 4.45215991931e-05, 3.8178779505e-05, 3.41667982866e-05, 3.12045049213e-05, 3.56746859325e-05, 3.70831148757e-05, 3.01696800307e-05, 2.14456649701e-05, 2.34524086409e-05, 2.02726532734e-05, 1.84976615856e-05, 2.93781831715e-05, 1.78731206688e-05, 1.57492249855e-05, 2.48024753091e-05, 2.10340585909e-05, 1.61932402989e-05, 1.54491262947e-05, 1.94724580069e-05, 1.55635098054e-05, 1.68077494891e-05, 4.29118408647e-05, 3.74277078663e-05, 5.27291194885e-05, 3.53809664375e-05, 2.97108799714e-05, 3.2059775549e-05, 3.21153493132e-05, 3.17774320138e-05, 3.60658814316e-05, 3.65534651792e-05, 3.25356922986e-05, 3.1429430237e-05, 3.59729929187e-05, 3.40516126016e-05, 3.40640362992e-05, 3.37967758242e-05, 3.50913796865e-05, 2.95128629659e-05, 2.75191359833e-05, 1.87514506251e-05, 1.57902977662e-05, 1.5344534404e-05, 1.70798157342e-05, 2.51324927376e-05, 1.75374134415e-05, 1.39337289511e-05, 1.63613931363e-05, 8.68327515491e-06, 6.76829404256e-06, 6.14320651948e-06, 5.81875610806e-06, 5.88996772422e-06, 5.04376112076e-06, 6.18573767497e-06, 5.7824331634e-06, 5.13189934281e-06, 4.36047821495e-06, 4.12951249018e-06, 4.42697682956e-06, 3.1500114801e-06, 2.97881069855e-06, 2.88498699774e-06, 2.49525442086e-06, 2.07924927054e-06, 2.25964231504e-06, 3.01328645946e-06, 1.76173887212e-06, 2.39949849856e-06, 1.67683390373e-06, 1.92168022295e-06, 8.99548194866e-06, 2.19399157686e-06, 7.95142341303e-07, 1.04987464056e-06, 4.26990965252e-07, 6.05011393873e-07, 8.2118475575e-07, 6.7923434699e-07, 3.38915640441e-07, 1.44504610944e-07, 5.50167484903e-08, 4.6166558576e-08, 7.25564675008e-08, 1.02702145455e-07, 1.22046671436e-07, 1.00309065942e-07, 5.0242483951e-08, 5.42833156203e-08, 3.27278648626e-08, 1.58824899898e-08, 9.04251340472e-10, 4.62431259951e-10, 6.08606665065e-10, 1.63561081346e-10, 2.27945842757e-10, 1.25959812025e-10, 1.38538763794e-11, 3.34728707425e-12, 2.59858584303e-12, 2.57904201467e-12],
        "stdev": [0.000305529712932, 0.00326446443796, 0.00489386729896, 0.00305123557337, 0.00212891423143, 0.00158357934561, 0.00111631618347, 0.00151630782057, 0.00122773868497, 0.000838976469822, 0.0006076694699, 0.000462949770736, 0.000336150842486, 0.000352553266566, 0.000253014295595, 0.000212452956475, 0.000205255302717, 0.000276845385088, 0.000220456146053, 0.000297856953694, 0.000241037851083, 0.000178557384061, 0.00019282658468, 0.000190846156329, 0.000255589198787, 0.000114549278805, 0.000186589095392, 0.000180951712537, 0.00020671603852, 0.000146207996295, 0.000204960306291, 0.000157983522513, 0.000142917328048, 0.000159258939675, 0.000107435022073, 0.000109569838969, 6.5444590291e-05, 8.90932351467e-05, 0.000141948636156, 6.85443810653e-05, 4.83277362946e-05, 6.67972417432e-05, 6.1592705606e-05, 5.3944044339e-05, 6.45554755465e-05, 5.91656353208e-05, 4.33365639765e-05, 5.9049041738e-05, 0.000135506081278, 0.000111205503345, 0.000163049495313, 7.70136102801e-05, 6.87314386596e-05, 0.000108902735519, 0.000111171022581, 0.000118736112199, 0.000102570469608, 7.34728309908e-05, 7.807242946e-05, 7.03359182808e-05, 9.24373525777e-05, 7.42171323509e-05, 6.14703531028e-05, 6.36565164314e-05, 6.17155019427e-05, 4.98912049807e-05, 5.01559334225e-05, 3.51528942701e-05, 2.97065162158e-05, 3.03215711028e-05, 2.77669787465e-05, 5.25265058968e-05, 3.56971759174e-05, 2.85925070784e-05, 4.60738083348e-05, 1.52209986481e-05, 1.38576187965e-05, 1.13388059617e-05, 1.17870758913e-05, 1.28472283905e-05, 1.1835114492e-05, 1.50128134919e-05, 1.26248614833e-05, 1.04445252873e-05, 9.45498868532e-06, 7.84955045674e-06, 9.21644095797e-06, 6.38473375147e-06, 5.5274931583e-06, 5.23092285221e-06, 4.3778577492e-06, 3.75110221285e-06, 3.77097762794e-06, 4.95473432238e-06, 3.39169764629e-06, 3.76542948288e-06, 2.51170354204e-06, 3.51376411345e-06, 2.40502686211e-05, 5.17031003255e-06, 1.44480702602e-06, 1.9833407805e-06, 7.65548804793e-07, 1.065355832e-06, 1.74930255525e-06, 1.5558641735e-06, 6.80473362991e-07, 2.67547363819e-07, 1.33292218152e-07, 1.1040607717e-07, 1.39400725629e-07, 2.01927676358e-07, 2.50207477848e-07, 1.84085038768e-07, 8.69922800462e-08, 9.72262625965e-08, 6.28256060509e-08, 5.57664101564e-08, 7.12409509163e-09, 4.1791508032e-09, 6.42671116324e-09, 1.97268645863e-09, 3.01907476796e-09, 1.84380422041e-09, 3.8315953188e-10, 6.1757578218e-11, 4.37496523384e-12, 4.34879302708e-12]
    },
    "mfcc": {
        "mean": [-679.074462891, 69.9523468018, -5.07391881943, 42.7370071411, 15.6454114914, 5.05579090118, 6.14602231979, 10.7662248611, 2.33541917801, 6.66234445572, -0.779762148857, 2.91975522041, 0.540536403656],
        "cov": [[11679.1572266, -178.368240356, -694.845703125, 129.510009766, -568.446716309, -328.189575195, -318.734283447, -265.44052124, -362.014831543, -228.556900024, -304.58203125, -165.844818115, -145.56060791], [-178.368240356, 2040.36132812, -121.016029358, -46.4872589111, 61.888507843, -63.2264556885, 49.9750595093, -74.9225769043, -41.3452377319, -52.0546188354, -73.2924423218, -63.6207885742, -24.0607776642], [-694.845703125, -121.016029358, 1405.12426758, 72.4261398315, 255.827728271, 180.462112427, 152.347290039, 29.5946826935, 136.748535156, 11.8124675751, 45.5319595337, 30.4757423401, -13.9563426971], [129.510009766, -46.4872589111, 72.4261398315, 547.127807617, 105.876419067, 151.075790405, 37.8606681824, 145.046920776, 33.7939910889, 89.9258651733, 3.91756176949, 47.0905189514, 56.988483429], [-568.446716309, 61.888507843, 255.827728271, 105.876419067, 456.042907715, 135.669555664, 121.762954712, 68.2809295654, 111.31060791, 29.6944122314, 44.9944114685, 35.2553253174, 44.21717453], [-328.189575195, -63.2264556885, 180.462112427, 151.075790405, 135.669555664, 327.929840088, 136.561264038, 116.757926941, 49.615562439, 63.9451141357, 39.4261398315, 41.3794784546, 26.668838501], [-318.734283447, 49.9750595093, 152.347290039, 37.8606681824, 121.762954712, 136.561264038, 255.984481812, 113.642860413, 85.4317321777, 49.3642997742, 48.8938407898, 30.7868709564, 26.3539791107], [-265.44052124, -74.9225769043, 29.5946826935, 145.046920776, 68.2809295654, 116.757926941, 113.642860413, 210.995773315, 75.5132369995, 70.2912445068, 31.740436554, 38.419719696, 50.2302703857], [-362.014831543, -41.3452377319, 136.748535156, 33.7939910889, 111.31060791, 49.615562439, 85.4317321777, 75.5132369995, 175.569046021, 66.692779541, 56.6595458984, 34.0291061401, 29.8896827698], [-228.556900024, -52.0546188354, 11.8124675751, 89.9258651733, 29.6944122314, 63.9451141357, 49.3642997742, 70.2912445068, 66.692779541, 140.292007446, 58.3327865601, 53.3968391418, 37.650894165], [-304.58203125, -73.2924423218, 45.5319595337, 3.91756176949, 44.9944114685, 39.4261398315, 48.8938407898, 31.740436554, 56.6595458984, 58.3327865601, 133.816848755, 67.5191802979, 34.0189704895], [-165.844818115, -63.6207885742, 30.4757423401, 47.0905189514, 35.2553253174, 41.3794784546, 30.7868709564, 38.419719696, 34.0291061401, 53.3968391418, 67.5191802979, 106.148521423, 59.645778656], [-145.56060791, -24.0607776642, -13.9563426971, 56.988483429, 44.21717453, 26.668838501, 26.3539791107, 50.2302703857, 29.8896827698, 37.650894165, 34.0189704895, 59.645778656, 106.393798828]],
        "icov": [[0.000101869663922, 1.9839457309e-05, 3.12799857056e-05, -9.81322809821e-05, 8.09763951111e-05, 4.42313285021e-05, -4.7457691835e-05, 0.000102257057733, 4.72751598863e-05, 8.15511812107e-05, 0.000136032074806, -3.41330996889e-05, 5.27604970557e-05], [1.9839457309e-05, 0.000539925182238, 7.50360704842e-05, -5.66268645343e-05, -0.000125213264255, 0.000139092866448, -0.000369524699636, 0.000318815087667, 9.76270093815e-05, -1.27104485728e-05, 0.000268534786301, 0.000174901841092, -5.92359137954e-05], [3.12799857056e-05, 7.50360704842e-05, 0.000917577126529, -0.000141388663906, -0.000249991688179, -0.000324114924297, -0.000330534938257, 0.000487274577608, -0.000611958443187, 0.000405292084906, 0.000114514667075, -0.000318993552355, 0.000463536038296], [-9.81322809821e-05, -5.66268645343e-05, -0.000141388663906, 0.00281487987377, -0.000528777483851, -0.000744308985304, 0.000968710635789, -0.00169550359715, 0.000556442595553, -0.00135903351475, 0.000805293791927, -0.00035713246325, -0.000439174531493], [8.09763951111e-05, -0.000125213264255, -0.000249991688179, -0.000528777483851, 0.00329687865451, -0.000757602159865, -0.000627738889307, 0.000588219380006, -0.00159625348169, 0.00105002266355, -0.000207695906283, 0.000156606794917, -0.000914112548344], [4.42313285021e-05, 0.000139092866448, -0.000324114924297, -0.000744308985304, -0.000757602159865, 0.00511256046593, -0.00174756732304, -0.00121063611005, 0.00126321590506, -0.000881267769728, -7.73113570176e-05, -0.000577897648327, 0.000791588623542], [-4.7457691835e-05, -0.000369524699636, -0.000330534938257, 0.000968710635789, -0.000627738889307, -0.00174756732304, 0.00704383617267, -0.00294760195538, -0.00109592243098, -5.79071966058e-05, -0.00104708317667, 0.000236626685364, 0.000165561024914], [0.000102257057733, 0.000318815087667, 0.000487274577608, -0.00169550359715, 0.000588219380006, -0.00121063611005, -0.00294760195538, 0.00950142089278, -0.00210891035385, -0.000927166314796, 0.00089913624106, 0.000412095017964, -0.00211050710641], [4.72751598863e-05, 9.76270093815e-05, -0.000611958443187, 0.000556442595553, -0.00159625348169, 0.00126321590506, -0.00109592243098, -0.00210891035385, 0.00995920225978, -0.00325972423889, -0.00176298746374, 0.000894550175872, -0.000259806052782], [8.15511812107e-05, -1.27104485728e-05, 0.000405292084906, -0.00135903351475, 0.00105002266355, -0.000881267769728, -5.79071966058e-05, -0.000927166314796, -0.00325972423889, 0.0123338419944, -0.00242730532773, -0.00261751422659, -7.9029268818e-05], [0.000136032074806, 0.000268534786301, 0.000114514667075, 0.000805293791927, -0.000207695906283, -7.73113570176e-05, -0.00104708317667, 0.00089913624106, -0.00176298746374, -0.00242730532773, 0.0132926600054, -0.00708388024941, 0.000846389331855], [-3.41330996889e-05, 0.000174901841092, -0.000318993552355, -0.00035713246325, 0.000156606794917, -0.000577897648327, 0.000236626685364, 0.000412095017964, 0.000894550175872, -0.00261751422659, -0.00708388024941, 0.0198238585144, -0.00820458959788], [5.27604970557e-05, -5.92359137954e-05, 0.000463536038296, -0.000439174531493, -0.000914112548344, 0.000791588623542, 0.000165561024914, -0.00211050710641, -0.000259806052782, -7.9029268818e-05, 0.000846389331855, -0.00820458959788, 0.0153206810355]]
    },
    "spectral_contrast_coeffs": {
        "mean": [-0.712144315243, -0.779656291008, -0.798709630966, -0.78898024559, -0.782921671867, -0.755345225334],
        "stdev": [0.0860021710396, 0.0866641551256, 0.0725429952145, 0.0610177889466, 0.056521307677, 0.0578766949475]
    },
    "spectral_contrast_valleys": {
        "mean": [-7.62913370132, -7.88817501068, -8.33633041382, -8.10130786896, -7.44262313843, -10.2648496628],
        "stdev": [1.70077598095, 1.68300759792, 1.63538634777, 1.6486042738, 1.74209189415, 1.6241748333]
    }
},
"rhythm": {
    "beats_count": 443,
    "beats_loudness": {
        "mean": 0.0259994696826,
        "stdev": 0.0188559517264
    },
    "bpm": 127.538467407,
    "bpm_histogram_first_peak_bpm": 126,
    "bpm_histogram_first_peak_weight": 0.486301362514,
    "bpm_histogram_second_peak_bpm": 120,
    "bpm_histogram_second_peak_spread": 0,
    "bpm_histogram_second_peak_weight": 0.00452488707379,
    "danceability": 1.27307617664,
    "onset_rate": 4.09381961823,
    "beats_loudness_band_ratio": {
        "mean": [0.388827353716, 0.0992365777493, 0.101797610521, 0.0710640996695, 0.154747828841, 0.210793524981],
        "stdev": [0.256011903286, 0.104353174567, 0.0861850753427, 0.0719702616334, 0.12704642117, 0.132799431682]
    },
    "beats_position": [0.522448956966, 1.02167797089, 1.49768710136, 1.97369611263, 2.43809509277, 2.92571425438, 3.39011335373, 3.85451245308, 4.33052158356, 4.80653047562, 5.27092981339, 5.73532867432, 6.19972801208, 6.68734693527, 7.1517457962, 7.61614513397, 8.09215450287, 8.56816291809, 9.04417228699, 9.52018165588, 9.98458003998, 10.4489793777, 10.9249887466, 11.4009971619, 11.8770065308, 12.3414058685, 12.8174142838, 13.2818136215, 13.7462129593, 14.2222223282, 14.6982307434, 15.1626300812, 15.6386394501, 16.114648819, 16.5790481567, 17.0434455872, 17.5194549561, 17.995464325, 18.4598636627, 18.9242630005, 19.4002723694, 19.8762817383, 20.3406791687, 20.8166885376, 21.2926979065, 21.7570972443, 22.2331066132, 22.7091159821, 23.1851234436, 23.6611328125, 24.1255321503, 24.589931488, 25.0543308258, 25.5303401947, 26.0063495636, 26.470746994, 26.9467563629, 27.4227657318, 27.8871650696, 28.3515644073, 28.8275737762, 29.3035831451, 29.7679805756, 30.2439899445, 30.7199993134, 31.1843986511, 31.6487979889, 32.1248054504, 32.6008148193, 33.0652160645, 33.5412254333, 34.0172348022, 34.4816322327, 34.9460296631, 35.422039032, 35.8980484009, 36.362449646, 36.8268470764, 37.3028564453, 37.7788658142, 38.2548751831, 38.730884552, 39.1952819824, 39.6596832275, 40.124080658, 40.6000900269, 41.0760993958, 41.5404968262, 42.0165061951, 42.492515564, 42.9569168091, 43.4213142395, 43.8973236084, 44.3733329773, 44.8377304077, 45.3021316528, 45.7781410217, 46.2541503906, 46.718547821, 47.1945571899, 47.6589546204, 48.1349639893, 48.5993652344, 49.0753746033, 49.5513839722, 50.0157814026, 50.4917907715, 50.9678001404, 51.4321975708, 51.8965988159, 52.3726081848, 52.8486175537, 53.3130149841, 53.7774124146, 54.2534217834, 54.7294311523, 55.1938323975, 55.6582298279, 56.1342391968, 56.6102485657, 57.0746459961, 57.5390472412, 58.0150566101, 58.491065979, 58.9554634094, 59.4314727783, 59.9074821472, 60.3718795776, 60.8362808228, 61.3006782532, 61.7766876221, 62.252696991, 62.7170982361, 63.1931037903, 63.6691131592, 64.1335144043, 64.6095199585, 65.0855331421, 65.5499343872, 66.0143280029, 66.4903411865, 66.9663467407, 67.4307479858, 67.895149231, 68.3711547852, 68.8471679688, 69.3231735229, 69.7875747681, 70.2635803223, 70.7279815674, 71.2039871216, 71.6800003052, 72.1560058594, 72.6204071045, 73.0964126587, 73.5608139038, 74.0252151489, 74.5012207031, 74.9772338867, 75.4416275024, 75.9060287476, 76.3820419312, 76.8580474854, 77.3224487305, 77.7984542847, 78.2744674683, 78.738861084, 79.2032623291, 79.6792755127, 80.1552810669, 80.619682312, 81.0840835571, 81.5600891113, 82.0360946655, 82.5121078491, 82.9881134033, 83.4525146484, 83.9169158936, 84.3929214478, 84.8689346313, 85.3333282471, 85.7977294922, 86.2737426758, 86.74974823, 87.2141494751, 87.6901550293, 88.1661682129, 88.6305618286, 89.0949630737, 89.5709762573, 90.0469818115, 90.5113830566, 90.9873886108, 91.4634017944, 91.9277954102, 92.3921966553, 92.8565979004, 93.3326034546, 93.8086166382, 94.2730178833, 94.7490234375, 95.2250289917, 95.6894302368, 96.1538314819, 96.6182327271, 97.0942382812, 97.5702438354, 98.0346450806, 98.5106582642, 98.9866638184, 99.4510650635, 99.9154663086, 100.391471863, 100.867477417, 101.331878662, 101.796279907, 102.272285461, 102.748298645, 103.21269989, 103.677093506, 104.153106689, 104.629112244, 105.093513489, 105.557914734, 106.033920288, 106.509933472, 106.985939026, 107.46194458, 107.926345825, 108.39074707, 108.866752625, 109.342765808, 109.807167053, 110.271560669, 110.747573853, 111.223579407, 111.687980652, 112.152381897, 112.628387451, 113.104400635, 113.56879425, 114.033195496, 114.50920105, 114.985214233, 115.449615479, 115.925621033, 116.401634216, 116.866027832, 117.330429077, 117.806434631, 118.282447815, 118.74684906, 119.211242676, 119.687255859, 120.163261414, 120.627662659, 121.092063904, 121.55645752, 122.020858765, 122.496871948, 122.972877502, 123.437278748, 123.901672363, 124.377685547, 124.853691101, 125.318092346, 125.782493591, 126.258499146, 126.722900391, 127.198905945, 127.66330719, 128.139312744, 128.615325928, 129.079727173, 129.555740356, 130.031738281, 130.496139526, 130.960540771, 131.436553955, 131.912567139, 132.376953125, 132.84135437, 133.305755615, 133.781768799, 134.257781982, 134.722167969, 135.198181152, 135.674194336, 136.138595581, 136.602996826, 137.078994751, 137.555007935, 138.01940918, 138.483810425, 138.959823608, 139.435821533, 139.900222778, 140.364624023, 140.829025269, 141.293426514, 141.769424438, 142.245437622, 142.721450806, 143.185852051, 143.661849976, 144.126251221, 144.590652466, 145.066665649, 145.531066895, 146.007064819, 146.471466064, 146.93586731, 147.411880493, 147.887893677, 148.352294922, 148.828292847, 149.30430603, 149.768707275, 150.233108521, 150.709106445, 151.185119629, 151.649520874, 152.125534058, 152.601531982, 153.065933228, 153.530334473, 153.994735718, 154.470748901, 154.946762085, 155.411148071, 155.875549316, 156.3515625, 156.827575684, 157.291976929, 157.767974854, 158.243988037, 158.720001221, 159.195999146, 159.660400391, 160.124801636, 160.600814819, 161.076828003, 161.541213989, 162.005615234, 162.481628418, 162.957641602, 163.422042847, 163.886444092, 164.362442017, 164.8384552, 165.302856445, 165.76725769, 166.243255615, 166.719268799, 167.183670044, 167.648071289, 168.124084473, 168.600082397, 169.064483643, 169.528884888, 170.004898071, 170.480911255, 170.945297241, 171.409698486, 171.88571167, 172.361724854, 172.826126099, 173.290512085, 173.766525269, 174.242538452, 174.706939697, 175.171340942, 175.647338867, 176.123352051, 176.587753296, 177.063766479, 177.539764404, 178.004165649, 178.468566895, 178.944580078, 179.408981323, 179.884979248, 180.349380493, 180.825393677, 181.30140686, 181.765808105, 182.230194092, 182.706207275, 183.170608521, 183.646621704, 184.111022949, 184.587020874, 185.063034058, 185.527435303, 185.991836548, 186.467849731, 186.932235718, 187.408248901, 187.872650146, 188.34866333, 188.813064575, 189.2890625, 189.765075684, 190.241088867, 190.705490112, 191.169876099, 191.645889282, 192.121902466, 192.597915649, 193.062316895, 193.526702881, 194.002716064, 194.455505371, 194.931518555, 195.3959198, 195.860321045, 196.324707031, 196.789108276, 197.253509521, 197.717910767, 198.182312012, 198.658325195, 199.122711182, 199.598724365, 200.06312561, 200.527526855, 200.991928101, 201.456329346, 201.920715332, 202.396728516, 202.861129761, 203.337142944, 203.801544189, 204.265930176, 204.730331421, 205.206344604, 205.67074585, 206.146759033, 206.611160278, 207.075546265, 207.528335571, 208.015960693, 208.515182495],
    "bpm_histogram": [0, 0, 0, 0, 0, 0, 0, 0, 0, 0, 0, 0, 0, 0, 0, 0, 0, 0, 0, 0, 0, 0, 0, 0, 0, 0, 0, 0, 0, 0, 0, 0, 0, 0, 0, 0, 0, 0, 0, 0, 0, 0, 0, 0, 0, 0, 0, 0, 0, 0, 0, 0, 0, 0, 0, 0, 0, 0, 0, 0, 0, 0, 0, 0, 0, 0, 0, 0, 0, 0, 0, 0, 0, 0, 0, 0, 0, 0, 0, 0, 0, 0, 0, 0, 0, 0, 0, 0, 0, 0, 0, 0, 0, 0, 0, 0, 0, 0, 0, 0, 0, 0, 0, 0, 0, 0, 0, 0, 0, 0, 0, 0, 0, 0, 0, 0, 0, 0, 0, 0, 0.00452488707379, 0, 0, 0.00678733037785, 0, 0, 0.509049773216, 0, 0, 0.475113123655, 0, 0, 0, 0.00452488707379, 0, 0, 0, 0, 0, 0, 0, 0, 0, 0, 0, 0, 0, 0, 0, 0, 0, 0, 0, 0, 0, 0, 0, 0, 0, 0, 0, 0, 0, 0, 0, 0, 0, 0, 0, 0, 0, 0, 0, 0, 0, 0, 0, 0, 0, 0, 0, 0, 0, 0, 0, 0, 0, 0, 0, 0, 0, 0, 0, 0, 0, 0, 0, 0, 0, 0, 0, 0, 0, 0, 0, 0, 0, 0, 0, 0, 0, 0, 0, 0, 0, 0, 0, 0, 0, 0, 0, 0, 0, 0, 0, 0, 0, 0, 0, 0, 0, 0, 0, 0, 0, 0, 0, 0, 0, 0, 0, 0, 0, 0, 0, 0, 0, 0, 0, 0]
},
"tonal": {
    "chords_changes_rate": 0.0988010689616,
    "chords_number_rate": 0.00288632325828,
    "chords_strength": {
        "mean": 0.499707847834,
        "stdev": 0.0751615017653
    },
    "hpcp_crest": {
        "mean": 12.4937620163,
        "stdev": 7.22514009476
    },
    "hpcp_entropy": {
        "mean": 2.34102869034,
        "stdev": 0.952694118023
    },
    "key_edma": {
        "strength": 0.609609007835,
        "key": "A",
        "scale": "minor"
    },
    "key_krumhansl": {
        "strength": 0.607383728027,
        "key": "A",
        "scale": "minor"
    },
    "key_temperley": {
        "strength": 0.600402832031,
        "key": "A",
        "scale": "minor"
    },
    "tuning_diatonic_strength": 0.554057717323,
    "tuning_equal_tempered_deviation": 0.133065089583,
    "tuning_frequency": 436.708374023,
    "tuning_nontempered_energy_ratio": 0.819160103798,
    "hpcp": {
        "mean": [0.255353331566, 0.14453689754, 0.087400957942, 0.0766763016582, 0.0760671198368, 0.123223870993, 0.172329157591, 0.14955227077, 0.146376520395, 0.161916524172, 0.121008582413, 0.0820562914014, 0.0729253962636, 0.0724808201194, 0.093719817698, 0.11474250257, 0.103425398469, 0.0891545340419, 0.0841107368469, 0.095573797822, 0.161820262671, 0.220981180668, 0.196019262075, 0.152615994215, 0.124230325222, 0.110525667667, 0.132997557521, 0.147948011756, 0.13491012156, 0.18362480402, 0.23815818131, 0.213832765818, 0.182099431753, 0.181537002325, 0.197657197714, 0.259628653526],
        "stdev": [0.334593117237, 0.232533022761, 0.202968209982, 0.184117153287, 0.169777467847, 0.204746454954, 0.278155386448, 0.239117592573, 0.245565235615, 0.276147663593, 0.211632996798, 0.163204148412, 0.151244863868, 0.154507264495, 0.171923726797, 0.210377991199, 0.181777745485, 0.173216536641, 0.164298027754, 0.181499361992, 0.22810523212, 0.30239328742, 0.269617527723, 0.247503966093, 0.219472452998, 0.198694333434, 0.219032585621, 0.234529986978, 0.215211823583, 0.25853073597, 0.316675812006, 0.287024617195, 0.27184933424, 0.262272298336, 0.277001351118, 0.32012283802]
    },
    "chords_histogram": [16.0746002197, 12.1003551483, 13.9431619644, 7.3490228653, 0.266429841518, 1.15452933311, 0.288632333279, 4.57371234894, 7.99289512634, 15.2753105164, 2.46447610855, 0, 0.155417412519, 0.599467158318, 0, 2.26465368271, 5.30639410019, 7.19360589981, 0.310834825039, 0.466252207756, 0.310834825039, 0.0222024861723, 0.310834825039, 1.57637655735],
    "thpcp": [1, 0.983532905579, 0.556706249714, 0.336638331413, 0.295330673456, 0.292984306812, 0.474615842104, 0.663752436638, 0.576023757458, 0.563791871071, 0.623646616936, 0.466083317995, 0.316052526236, 0.280883461237, 0.2791711092, 0.360976397991, 0.441948533058, 0.398358941078, 0.343392521143, 0.323965549469, 0.368117302656, 0.623275816441, 0.851143240929, 0.75499856472, 0.587824165821, 0.478492349386, 0.425706744194, 0.512260735035, 0.569844722748, 0.519627273083, 0.70725941658, 0.917303144932, 0.823610067368, 0.701384186745, 0.699217915535, 0.761307358742],
    "chords_key": "A",
    "chords_scale": "minor"
}
}