{
"metadata": {
    "version": {
        "essentia": "2.1-dev",
        "essentia_git_sha": "v2.1_beta3-415-gd5473f3",
        "extractor": "music 2.0"
    },
    "audio_properties": {
        "analysis": {
            "equal_loudness": 0,
            "length": 238.341217041,
            "sample_rate": 44100,
            "start_time": 0,
            "downmix": "mix"
        },
        "bit_rate": 192000,
        "length": 238.341217041,
        "lossless": 0,
        "number_channels": 2,
        "replay_gain": -5.34516334534,
        "sample_rate": 44100,
        "codec": "mp3",
        "md5_encoded": "2d86581fb504b5e3bd689bc4fe718312"
    },
    "tags": {
        "file_name": "slick_rick-children_s_story.mp3"
    }
},
"lowlevel": {
    "average_loudness": 0.93806886673,
    "barkbands_crest": {
        "mean": 12.2989597321,
        "stdev": 5.787940979
    },
    "barkbands_flatness_db": {
        "mean": 0.139460578561,
        "stdev": 0.0591926462948
    },
    "barkbands_kurtosis": {
        "mean": 6.80203151703,
        "stdev": 15.3563709259
    },
    "barkbands_skewness": {
        "mean": 1.61497926712,
        "stdev": 2.03454828262
    },
    "barkbands_spread": {
        "mean": 35.5851135254,
        "stdev": 24.3700828552
    },
    "dissonance": {
        "mean": 0.468798756599,
        "stdev": 0.0289413575083
    },
    "dynamic_complexity": 3.9019908905,
    "erbbands_crest": {
        "mean": 8.07429122925,
        "stdev": 3.99258136749
    },
    "erbbands_flatness_db": {
        "mean": 0.141609951854,
        "stdev": 0.0450656227767
    },
    "erbbands_kurtosis": {
        "mean": 1.08621060848,
        "stdev": 4.56669235229
    },
    "erbbands_skewness": {
        "mean": -0.299884676933,
        "stdev": 1.10423147678
    },
    "erbbands_spread": {
        "mean": 51.4202384949,
        "stdev": 27.2518043518
    },
    "hfc": {
        "mean": 29.0005207062,
        "stdev": 35.78307724
    },
    "loudness_ebu128": {
        "integrated": -18.5588855743,
        "loudness_range": 2.7576675415,
        "momentary": {
            "mean": -19.457611084,
            "stdev": 7.11434984207
        },
        "short_term": {
            "mean": -18.7108364105,
            "stdev": 1.18978893757
        }
    },
    "melbands_crest": {
        "mean": 18.4088459015,
        "stdev": 7.13353300095
    },
    "melbands_flatness_db": {
        "mean": 0.19353710115,
        "stdev": 0.0853287056088
    },
    "melbands_kurtosis": {
        "mean": 30.4201602936,
        "stdev": 52.6698226929
    },
    "melbands_skewness": {
        "mean": 3.75798034668,
        "stdev": 3.18394398689
    },
    "melbands_spread": {
        "mean": 42.0724220276,
        "stdev": 45.7749671936
    },
    "pitch_salience": {
        "mean": 0.477339953184,
        "stdev": 0.172753944993
    },
    "silence_rate_20dB": {
        "mean": 1,
        "stdev": 0
    },
    "silence_rate_30dB": {
        "mean": 0.966004312038,
        "stdev": 0.18122240901
    },
    "silence_rate_60dB": {
        "mean": 0.124098964036,
        "stdev": 0.329681873322
    },
    "spectral_centroid": {
        "mean": 2261.05981445,
        "stdev": 1131.00646973
    },
    "spectral_complexity": {
        "mean": 14.2348527908,
        "stdev": 10.7857875824
    },
    "spectral_decrease": {
        "mean": -6.84795953276e-09,
        "stdev": 8.09170241922e-09
    },
    "spectral_energy": {
        "mean": 0.0284761171788,
        "stdev": 0.0318596698344
    },
    "spectral_energyband_high": {
        "mean": 0.00256286910735,
        "stdev": 0.00412415293977
    },
    "spectral_energyband_low": {
        "mean": 0.0170443002135,
        "stdev": 0.0284025259316
    },
    "spectral_energyband_middle_high": {
        "mean": 0.0035109356977,
        "stdev": 0.00510671036318
    },
    "spectral_energyband_middle_low": {
        "mean": 0.00579838873819,
        "stdev": 0.00903118401766
    },
    "spectral_entropy": {
        "mean": 7.91891860962,
        "stdev": 0.418103635311
    },
    "spectral_flux": {
        "mean": 0.0928576290607,
        "stdev": 0.0700605139136
    },
    "spectral_kurtosis": {
        "mean": 2.26574707031,
        "stdev": 1.74888372421
    },
    "spectral_rms": {
        "mean": 0.00454100547358,
        "stdev": 0.00267600407824
    },
    "spectral_rolloff": {
        "mean": 2835.34399414,
        "stdev": 3006.67382812
    },
    "spectral_skewness": {
        "mean": 1.04422783852,
        "stdev": 0.363020002842
    },
    "spectral_spread": {
        "mean": 5635102.5,
        "stdev": 2128445.5
    },
    "spectral_strongpeak": {
        "mean": 0.657975614071,
        "stdev": 0.972551763058
    },
    "zerocrossingrate": {
        "mean": 0.0973732993007,
        "stdev": 0.0727202817798
    },
    "barkbands": {
        "mean": [0.000754666281864, 0.0134959891438, 0.00248798914254, 0.000524990377016, 0.00161498994567, 0.00133606710006, 0.000721123826224, 0.000643222185317, 0.000724309997167, 0.000584515510127, 0.000346482818713, 0.000418977288064, 0.000286622787826, 0.000172878804733, 0.000244556023972, 0.000231291167438, 0.000244955037488, 0.00040665519191, 0.000379342498491, 0.000568066316191, 0.000378846772946, 0.000406109320465, 0.000540658831596, 0.000521366833709, 0.000305032823235, 0.000129771884531, 6.68276743454e-06],
        "stdev": [0.00137493270449, 0.0248865522444, 0.00569237908348, 0.00130437838379, 0.00412877462804, 0.00362767605111, 0.00228253589012, 0.00205506826751, 0.0019183306722, 0.00157620338723, 0.00126969814301, 0.00123190775048, 0.00103181647137, 0.000557437422685, 0.000732907501515, 0.000720086332876, 0.000502920127474, 0.000771589984652, 0.000559197389521, 0.000859847292304, 0.000489125610329, 0.00078646914335, 0.00107603578363, 0.00106390053406, 0.000678540149238, 0.000235829487792, 1.550538218e-05]
    },
    "erbbands": {
        "mean": [0.452282696962, 2.68098092079, 3.60907173157, 2.33804416656, 2.42853069305, 4.9234290123, 13.5089588165, 9.0305929184, 10.2801389694, 11.9590644836, 13.9543581009, 16.0317592621, 20.6401824951, 15.4003553391, 13.6807394028, 18.3227062225, 14.281088829, 9.82897853851, 10.1663818359, 14.90350914, 11.8077096939, 14.563662529, 24.0440387726, 14.9642772675, 25.6087150574, 25.7457504272, 15.7664470673, 17.4805583954, 15.1086168289, 15.8176994324, 14.1310501099, 11.5118722916, 8.34869003296, 4.23381710052, 1.72412288189, 0.737570405006, 0.204107195139, 0.029458520934, 0.000814937928226, 6.54758478049e-05],
        "stdev": [0.864140033722, 5.3243355751, 7.35941743851, 6.4667224884, 3.94963693619, 13.0039463043, 54.6425323486, 18.8135356903, 27.9079589844, 42.8045158386, 43.7287406921, 43.6337966919, 51.2748565674, 51.422580719, 43.8121414185, 54.9730148315, 48.4589691162, 28.9564247131, 28.8480491638, 42.675151825, 31.1853961945, 27.8005981445, 47.160282135, 20.5609912872, 41.6737670898, 38.0594367981, 22.521112442, 23.956703186, 27.2236156464, 32.5000495911, 28.9719085693, 25.1659431458, 16.365196228, 9.77209281921, 3.66242575645, 1.37459349632, 0.377563178539, 0.0554104298353, 0.00195064209402, 8.42936933623e-05]
    },
    "gfcc": {
        "mean": [-20.643453598, 42.3310699463, -98.2457962036, 54.0648803711, -65.1253128052, 14.6373643875, -30.3104724884, 20.9300937653, -17.2142715454, 7.23681879044, -8.04330635071, 7.03859233856, -9.73398208618],
        "cov": [[11445.1230469, -267.582336426, 64.6409912109, 142.070724487, -52.2206573486, 460.519104004, -252.049102783, 65.0645828247, -527.429443359, 82.6700973511, -342.199890137, 44.9019927979, -157.4871521], [-267.582336426, 2597.36767578, -237.287109375, -335.212768555, 333.25769043, -100.081069946, 312.947357178, -36.4782867432, 203.725875854, -283.209320068, 310.894866943, -164.281066895, 33.8649139404], [64.6409912109, -237.287109375, 1239.80810547, 658.215698242, 129.793655396, 234.854873657, 36.5062332153, 53.5609779358, 96.6877288818, 169.909484863, -60.4479827881, 58.1860084534, 40.2451438904], [142.070724487, -335.212768555, 658.215698242, 711.225158691, 213.13923645, 128.096588135, -4.29750061035, 57.4990997314, 124.781578064, 124.568786621, -30.0724887848, 41.2538299561, 42.9310340881], [-52.2206573486, 333.25769043, 129.793655396, 213.13923645, 409.816711426, 147.065856934, 105.106803894, 58.6175003052, 96.6447906494, 28.31873703, 48.5679893494, -14.1090126038, 27.7315368652], [460.519104004, -100.081069946, 234.854873657, 128.096588135, 147.065856934, 427.445495605, 258.501800537, 73.6827545166, 13.351773262, 67.0391464233, -1.27058517933, 57.5058326721, 2.94710946083], [-252.049102783, 312.947357178, 36.5062332153, -4.29750061035, 105.106803894, 258.501800537, 442.574279785, 143.875045776, 76.8392028809, -2.26134061813, 101.770256042, 43.5964508057, 7.11794185638], [65.0645828247, -36.4782867432, 53.5609779358, 57.4990997314, 58.6175003052, 73.6827545166, 143.875045776, 206.354110718, 85.6642150879, 70.6239624023, 13.2764215469, 17.1789493561, 17.4931297302], [-527.429443359, 203.725875854, 96.6877288818, 124.781578064, 96.6447906494, 13.351773262, 76.8392028809, 85.6642150879, 243.992080688, 54.4565505981, 55.3682975769, -13.7868442535, 48.4314117432], [82.6700973511, -283.209320068, 169.909484863, 124.568786621, 28.31873703, 67.0391464233, -2.26134061813, 70.6239624023, 54.4565505981, 181.425643921, -13.8135461807, 42.2825431824, 9.3756275177], [-342.199890137, 310.894866943, -60.4479827881, -30.0724887848, 48.5679893494, -1.27058517933, 101.770256042, 13.2764215469, 55.3682975769, -13.8135461807, 164.648971558, 23.7949256897, 10.6617803574], [44.9019927979, -164.281066895, 58.1860084534, 41.2538299561, -14.1090126038, 57.5058326721, 43.5964508057, 17.1789493561, -13.7868442535, 42.2825431824, 23.7949256897, 118.300071716, 33.3463363647], [-157.4871521, 33.8649139404, 40.2451438904, 42.9310340881, 27.7315368652, 2.94710946083, 7.11794185638, 17.4931297302, 48.4314117432, 9.3756275177, 10.6617803574, 33.3463363647, 90.6302642822]],
        "icov": [[0.000149132989463, -0.000208795958315, 0.000168786486029, -0.000281077984255, 0.00025480799377, -0.000475239212392, 0.000451589701697, -0.000415940769017, 0.00042320555076, -0.000130130487378, 0.00025117455516, -0.000188594349311, 0.000204812124139], [-0.000208795958315, 0.00143148761708, -0.000787905417383, 0.00142608967144, -0.00150890799705, 0.00141077139415, -0.00144855887629, 0.00116893067025, -0.00121619657148, 0.00129668018781, -0.00154118135106, 0.00136470363941, -0.000724438810721], [0.000168786486029, -0.000787905417383, 0.00227442220785, -0.00246881204657, 0.00138218898792, -0.00152975681704, 0.000811143079773, -0.00045276954188, 0.000837266270537, -0.00128998002037, 0.00100101216231, -0.000417039409513, 0.000119404139696], [-0.000281077984255, 0.00142608967144, -0.00246881204657, 0.00508996471763, -0.00298057612963, 0.00176185008604, -0.000973135407548, 0.00113708281424, -0.00239656562917, 0.00117403746117, -0.000936798693147, 0.00010881570779, -0.000395012582885], [0.00025480799377, -0.00150890799705, 0.00138218898792, -0.00298057612963, 0.00555791612715, -0.00317981466651, 0.00190179143101, -0.00173088884912, 0.00107209314592, -0.00113010278437, 0.000130867250846, 0.000503622752149, -0.000264508038526], [-0.000475239212392, 0.00141077139415, -0.00152975681704, 0.00176185008604, -0.00317981466651, 0.00782701000571, -0.00602224841714, 0.00319399801083, -0.000809932826087, -0.000740925315768, 0.000815395091195, 2.24097948376e-06, -0.000520586152561], [0.000451589701697, -0.00144855887629, 0.000811143079773, -0.000973135407548, 0.00190179143101, -0.00602224841714, 0.00884921476245, -0.00562180252746, 0.000567288487218, 0.00181543931831, -0.00165893381927, -0.00234539550729, 0.00199793581851], [-0.000415940769017, 0.00116893067025, -0.00045276954188, 0.00113708281424, -0.00173088884912, 0.00319399801083, -0.00562180252746, 0.0103068361059, -0.002863335656, -0.0026369781699, 0.000797419750597, 0.00125885673333, -0.00137330393773], [0.00042320555076, -0.00121619657148, 0.000837266270537, -0.00239656562917, 0.00107209314592, -0.000809932826087, 0.000567288487218, -0.002863335656, 0.00906341709197, -0.00319995381869, -0.000878758437466, 0.00258114864118, -0.00319894612767], [-0.000130130487378, 0.00129668018781, -0.00128998002037, 0.00117403746117, -0.00113010278437, -0.000740925315768, 0.00181543931831, -0.0026369781699, -0.00319995381869, 0.0108371581882, -0.00133124075364, -0.00243920017965, 0.00168532819953], [0.00025117455516, -0.00154118135106, 0.00100101216231, -0.000936798693147, 0.000130867250846, 0.000815395091195, -0.00165893381927, 0.000797419750597, -0.000878758437466, -0.00133124075364, 0.0113752735779, -0.00474708294496, 0.00193715759087], [-0.000188594349311, 0.00136470363941, -0.000417039409513, 0.00010881570779, 0.000503622752149, 2.24097948376e-06, -0.00234539550729, 0.00125885673333, 0.00258114864118, -0.00243920017965, -0.00474708294496, 0.0154790664092, -0.00718084350228], [0.000204812124139, -0.000724438810721, 0.000119404139696, -0.000395012582885, -0.000264508038526, -0.000520586152561, 0.00199793581851, -0.00137330393773, -0.00319894612767, 0.00168532819953, 0.00193715759087, -0.00718084350228, 0.0159498881549]]
    },
    "melbands": {
        "mean": [0.00385344144888, 0.00256491801701, 0.000408701802371, 0.000236668041907, 0.000428772327723, 0.000213424151298, 0.000156315072672, 0.000134186615469, 0.000110686873086, 0.0001047071637, 0.000102698155388, 6.22609077254e-05, 4.61921117676e-05, 4.36494010501e-05, 4.21762852056e-05, 2.76163191302e-05, 1.69154754985e-05, 1.51725025717e-05, 1.94370168174e-05, 1.90181126527e-05, 1.27087787405e-05, 1.33042649395e-05, 2.21067093662e-05, 1.82993990165e-05, 1.07852329165e-05, 1.58628554345e-05, 2.17026699829e-05, 1.5881665604e-05, 1.03373922684e-05, 8.07705964689e-06, 1.10903138193e-05, 9.24919004319e-06, 6.47761089567e-06, 9.72957604972e-06, 8.00916859589e-06, 7.5937841757e-06, 6.89549369781e-06, 6.18418380327e-06, 4.45386831416e-06, 3.26179610965e-06],
        "stdev": [0.00713914632797, 0.00486409943551, 0.000982060679235, 0.000474649830721, 0.00166370160878, 0.000458401424112, 0.000425989390351, 0.000453007000033, 0.000347020686604, 0.000290086463792, 0.00025933838333, 0.000212499435293, 0.000162167882081, 0.00011969893967, 0.000144175530295, 0.000102575031633, 5.50430631847e-05, 4.72501269542e-05, 6.21629369562e-05, 5.99179438723e-05, 3.32952877216e-05, 2.80715157714e-05, 4.60754490632e-05, 3.57590215572e-05, 1.5244878341e-05, 2.42064252234e-05, 4.0155951865e-05, 2.37860040215e-05, 1.66093377629e-05, 1.05469316622e-05, 1.64374050655e-05, 1.66326935869e-05, 1.49282786879e-05, 1.99152018467e-05, 1.61543757713e-05, 1.76287594513e-05, 1.5223682567e-05, 1.20859340313e-05, 9.49703462538e-06, 8.06686057331e-06]
    },
    "melbands128": {
        "mean": [0.000721941061784, 0.00373522541486, 0.00505083519965, 0.00435772817582, 0.00234962487593, 0.00107969797682, 0.00047174791689, 0.000218647575821, 0.000242485228227, 0.000242261536187, 0.000205002725124, 0.000442616496002, 0.000584460096434, 0.00029625010211, 0.00017786839453, 0.000196587061509, 0.000176721820026, 0.000148421575432, 0.000142211807542, 0.000126854065456, 0.000145259022247, 0.000125247999677, 0.000110401895654, 9.07014546101e-05, 9.26183638512e-05, 0.00011655974231, 0.000116101124149, 0.000111291716166, 8.19986235001e-05, 6.52045637253e-05, 5.72815151827e-05, 5.0736751291e-05, 4.81079696328e-05, 4.26907317888e-05, 3.1668379961e-05, 4.3353473302e-05, 6.51397567708e-05, 4.23678065999e-05, 2.86350823444e-05, 3.23841741192e-05, 2.94141718769e-05, 1.94805033971e-05, 1.60997806233e-05, 1.61500229297e-05, 1.49792767843e-05, 1.44889390867e-05, 1.59040682775e-05, 1.868074105e-05, 2.10353027796e-05, 2.23512197408e-05, 1.93556770682e-05, 1.62081687449e-05, 1.10830260382e-05, 1.23147019622e-05, 1.33587818709e-05, 1.17533954835e-05, 1.45337562572e-05, 1.8846223611e-05, 2.60233609879e-05, 2.7267713449e-05, 1.87670630112e-05, 1.14367148853e-05, 9.15255623113e-06, 1.11560439109e-05, 1.22500641737e-05, 1.46920401676e-05, 1.79591552296e-05, 2.35266816162e-05, 2.26890770136e-05, 1.85537483048e-05, 1.91127292055e-05, 1.10768742161e-05, 1.35498994496e-05, 9.60594479693e-06, 8.03851889941e-06, 7.11403299647e-06, 8.57362101669e-06, 9.66482730291e-06, 1.22332767205e-05, 1.17515919555e-05, 9.4601255114e-06, 9.0861967692e-06, 6.3370071075e-06, 5.28294503965e-06, 6.47070874038e-06, 1.20325312309e-05, 9.94841502688e-06, 7.57352108849e-06, 8.1282641986e-06, 8.07169271866e-06, 7.92440459918e-06, 7.38685457691e-06, 6.99209476807e-06, 7.19799118087e-06, 6.10167626292e-06, 7.23351149645e-06, 6.02377440373e-06, 5.7149973145e-06, 4.23271148975e-06, 3.73002285414e-06, 4.18372246713e-06, 3.06991614707e-06, 2.48685455517e-06, 2.20227252612e-06, 1.86598867913e-06, 1.56885596425e-06, 1.66552695191e-06, 1.31326203245e-06, 1.13613737085e-06, 1.32326226776e-06, 1.10591463454e-06, 7.30729937004e-07, 5.60027785923e-07, 4.3796336513e-07, 3.46590042e-07, 3.21120609215e-07, 2.16925101881e-07, 4.74902037695e-08, 1.21931345021e-08, 2.16110684903e-09, 1.59523738663e-09, 5.04171759896e-10, 3.49751443085e-11, 1.10476727766e-09, 4.55416260259e-10, 2.30325009065e-10, 3.42122771085e-12, 3.38897573199e-12],
        "stdev": [0.00133868283592, 0.00740331970155, 0.0105453003198, 0.00892541650683, 0.00499502010643, 0.00272070593201, 0.00152826565318, 0.000446065794677, 0.000445627083536, 0.000618165358901, 0.000731711334083, 0.00175595923793, 0.00255607184954, 0.00113774684723, 0.000421874690801, 0.000559521024115, 0.000591545714997, 0.000578251376282, 0.00067166145891, 0.000676319352351, 0.000593472621404, 0.000510311976541, 0.0004980940721, 0.000404520425946, 0.000383659586078, 0.000447980361059, 0.000435868685599, 0.000384980201488, 0.000299300008919, 0.000283757515717, 0.000325753062498, 0.00025306182215, 0.000243785587372, 0.000205136020668, 0.0001467440743, 0.000163627642905, 0.00027425706503, 0.000216085652937, 0.000158694092534, 0.000181838855497, 0.000145427533425, 9.90772750811e-05, 7.81668277341e-05, 7.84133590059e-05, 6.66107007419e-05, 6.71196830808e-05, 7.74297659518e-05, 9.14741831366e-05, 9.34666313697e-05, 9.55877621891e-05, 8.04622977739e-05, 9.04199041543e-05, 4.14395763073e-05, 3.60574340448e-05, 4.12618210248e-05, 3.53741779691e-05, 3.8034228055e-05, 5.3597803344e-05, 7.50596882426e-05, 7.51223269617e-05, 5.13341037731e-05, 2.38331031142e-05, 1.7229873265e-05, 1.89520324057e-05, 1.9298557163e-05, 2.46429735853e-05, 3.7309484469e-05, 5.41973167856e-05, 5.49614414922e-05, 4.0240411181e-05, 3.45268381352e-05, 1.6739097191e-05, 2.62563644355e-05, 1.68187925738e-05, 1.18849957289e-05, 1.14697513709e-05, 1.1901716789e-05, 1.31738825075e-05, 2.00161975954e-05, 2.30690493481e-05, 1.8198375983e-05, 1.74082779267e-05, 1.57131817105e-05, 1.45926451296e-05, 1.79797916644e-05, 2.47701809712e-05, 2.20978963625e-05, 1.68250408024e-05, 1.58854181791e-05, 1.90363462025e-05, 1.96620458155e-05, 1.87662972166e-05, 1.70342191268e-05, 1.65362635016e-05, 1.56014866661e-05, 1.37174165502e-05, 1.29105992528e-05, 1.18256184578e-05, 9.75434249995e-06, 9.22991512198e-06, 1.02962376332e-05, 8.3760387497e-06, 6.93598394719e-06, 5.34570290256e-06, 4.10630082115e-06, 3.26142321683e-06, 3.54437224814e-06, 2.59219086729e-06, 2.12403847399e-06, 2.82173982669e-06, 2.04725529329e-06, 1.49102061187e-06, 1.08432891466e-06, 8.60693603499e-07, 6.77232321777e-07, 6.14291195689e-07, 4.4625264195e-07, 2.23871225558e-07, 1.45202406543e-07, 2.88783095215e-08, 5.08086124285e-08, 1.78742780577e-08, 1.61115476516e-09, 2.4220584649e-08, 1.05286668273e-08, 6.5433392038e-09, 6.34221104454e-12, 6.30021425654e-12]
    },
    "mfcc": {
        "mean": [-663.793029785, 67.8069229126, 21.3517818451, 36.0652389526, 2.04542303085, -0.0367830172181, 3.24022865295, 10.5795059204, -0.405199795961, 10.562702179, -2.0911655426, 8.29738521576, 3.58914971352],
        "cov": [[8610.61132812, -61.1318130493, -12.9854812622, -216.340408325, 69.2550964355, 178.762573242, 235.637268066, -19.7272205353, 48.8510437012, -270.01651001, 66.334022522, -258.490325928, -101.662872314], [-61.1318130493, 2332.68188477, -388.540618896, -148.45980835, -10.9762153625, -126.937362671, 164.204498291, 175.003921509, -123.188270569, 141.845428467, -57.9153442383, 84.7997665405, -30.7271766663], [-12.9854812622, -388.540618896, 1067.40332031, 390.131530762, 181.606430054, 250.081466675, 21.3244285583, 10.8702468872, 164.240921021, -5.83310985565, 73.1322860718, 42.5584793091, 77.7481460571], [-216.340408325, -148.45980835, 390.131530762, 533.592285156, 275.56060791, 79.5643234253, -40.745967865, -8.63761901855, 96.0808563232, 59.8767127991, 6.50472021103, 56.0841636658, 78.9352874756], [69.2550964355, -10.9762153625, 181.606430054, 275.56060791, 410.269470215, 115.88936615, -30.1112251282, -42.7668151855, 75.3938980103, 49.7323265076, 8.31997871399, 6.32831001282, 39.5589485168], [178.762573242, -126.937362671, 250.081466675, 79.5643234253, 115.88936615, 365.961181641, 151.980911255, 99.9192581177, 106.897773743, 12.2229728699, 67.0567779541, 48.2761230469, 11.328335762], [235.637268066, 164.204498291, 21.3244285583, -40.745967865, -30.1112251282, 151.980911255, 310.073150635, 179.200561523, 44.7195396423, 25.3445606232, 62.8596305847, 50.3937530518, 26.7815322876], [-19.7272205353, 175.003921509, 10.8702468872, -8.63761901855, -42.7668151855, 99.9192581177, 179.200561523, 235.288406372, 76.9828262329, 60.2062225342, 24.0628509521, 67.2551193237, 26.9866333008], [48.8510437012, -123.188270569, 164.240921021, 96.0808563232, 75.3938980103, 106.897773743, 44.7195396423, 76.9828262329, 213.622894287, 82.7258758545, 70.4505996704, 16.0316390991, 41.1491203308], [-270.01651001, 141.845428467, -5.83310985565, 59.8767127991, 49.7323265076, 12.2229728699, 25.3445606232, 60.2062225342, 82.7258758545, 204.784881592, 39.1413459778, 52.553401947, 3.45266103745], [66.334022522, -57.9153442383, 73.1322860718, 6.50472021103, 8.31997871399, 67.0567779541, 62.8596305847, 24.0628509521, 70.4505996704, 39.1413459778, 150.434432983, 36.0239143372, 23.1620883942], [-258.490325928, 84.7997665405, 42.5584793091, 56.0841636658, 6.32831001282, 48.2761230469, 50.3937530518, 67.2551193237, 16.0316390991, 52.553401947, 36.0239143372, 130.222198486, 55.8691749573], [-101.662872314, -30.7271766663, 77.7481460571, 78.9352874756, 39.5589485168, 11.328335762, 26.7815322876, 26.9866333008, 41.1491203308, 3.45266103745, 23.1620883942, 55.8691749573, 122.118034363]],
        "icov": [[0.000136866452522, -1.28365099954e-05, 7.89127898315e-06, 3.41796367138e-05, -6.85029299348e-05, -8.58392377268e-06, -0.000150007836055, 4.28596613347e-05, -9.55631840043e-05, 0.000195866727154, -7.8936398495e-05, 0.000231525191339, 6.57194686937e-05], [-1.28365099954e-05, 0.000584399735089, 4.01388861064e-05, 0.000191188795725, -0.000353311974322, 0.000367610424291, -0.000268616771791, -0.000447150116088, 0.000461515737697, -0.000389716529753, 0.000173583262949, -0.000315809767926, 0.000192363440874], [7.89127898315e-06, 4.01388861064e-05, 0.00165377615485, -0.00119887094479, 0.000464824785013, -0.000947529275436, 0.000119460790302, 0.000338846031809, -0.000601021340117, 0.000475225853734, -0.000285350659396, 0.00013933959417, -0.000245595816523], [3.41796367138e-05, 0.000191188795725, -0.00119887094479, 0.00429184315726, -0.00243356614374, 0.000836329243612, 0.000244154129177, -0.000322555366438, -0.00027770359884, -0.000455212953966, 0.000842505658511, -0.00137842609547, -0.000628581445199], [-6.85029299348e-05, -0.000353311974322, 0.000464824785013, -0.00243356614374, 0.0049850945361, -0.00212651537731, 0.000309001712594, 0.00184612488374, -0.000470202096039, -0.000995183130726, 0.000368894805433, 0.00136585067958, -0.00127045821864], [-8.58392377268e-06, 0.000367610424291, -0.000947529275436, 0.000836329243612, -0.00212651537731, 0.00594575470313, -0.00241352524608, -0.000604211178143, -0.00178405735642, 0.00150036124978, -0.000197110450245, -0.00268210051581, 0.00277134194039], [-0.000150007836055, -0.000268616771791, 0.000119460790302, 0.000244154129177, 0.000309001712594, -0.00241352524608, 0.00802939664572, -0.00553834857419, 0.00227381754667, -0.000193419604329, -0.0026495619677, 0.00170191633515, -0.00187636550982], [4.28596613347e-05, -0.000447150116088, 0.000338846031809, -0.000322555366438, 0.00184612488374, -0.000604211178143, -0.00553834857419, 0.0116362404078, -0.00448923697695, -0.000549767399207, 0.00332319876179, -0.00374139402993, 0.000626713910606], [-9.55631840043e-05, 0.000461515737697, -0.000601021340117, -0.00027770359884, -0.000470202096039, -0.00178405735642, 0.00227381754667, -0.00448923697695, 0.0107828099281, -0.00396784394979, -0.00348159810528, 0.00473807007074, -0.00361859402619], [0.000195866727154, -0.000389716529753, 0.000475225853734, -0.000455212953966, -0.000995183130726, 0.00150036124978, -0.000193419604329, -0.000549767399207, -0.00396784394979, 0.0085384119302, -0.000905772554688, -0.00359518709593, 0.00331599614583], [-7.8936398495e-05, 0.000173583262949, -0.000285350659396, 0.000842505658511, 0.000368894805433, -0.000197110450245, -0.0026495619677, 0.00332319876179, -0.00348159810528, -0.000905772554688, 0.0101158013567, -0.00323018757626, 0.000118450538139], [0.000231525191339, -0.000315809767926, 0.00013933959417, -0.00137842609547, 0.00136585067958, -0.00268210051581, 0.00170191633515, -0.00374139402993, 0.00473807007074, -0.00359518709593, -0.00323018757626, 0.0158382877707, -0.006952799391], [6.57194686937e-05, 0.000192363440874, -0.000245595816523, -0.000628581445199, -0.00127045821864, 0.00277134194039, -0.00187636550982, 0.000626713910606, -0.00361859402619, 0.00331599614583, 0.000118450538139, -0.006952799391, 0.0135660776868]]
    },
    "spectral_contrast_coeffs": {
        "mean": [-0.718071818352, -0.744888067245, -0.764722645283, -0.799753010273, -0.795152068138, -0.766270756721],
        "stdev": [0.104070171714, 0.09510923177, 0.0877597630024, 0.0616621039808, 0.0526287741959, 0.0383866876364]
    },
    "spectral_contrast_valleys": {
        "mean": [-7.48730325699, -7.51699924469, -8.27248859406, -8.33004283905, -7.40595531464, -9.69876861572],
        "stdev": [1.62319803238, 1.30529630184, 1.32227325439, 1.24707210064, 1.22397625446, 1.50793337822]
    }
},
"rhythm": {
    "beats_count": 406,
    "beats_loudness": {
        "mean": 0.0474816821516,
        "stdev": 0.0279680006206
    },
    "bpm": 102.637199402,
    "bpm_histogram_first_peak_bpm": 103,
    "bpm_histogram_first_peak_weight": 0.351758778095,
    "bpm_histogram_second_peak_bpm": 96,
    "bpm_histogram_second_peak_spread": 0.285714268684,
    "bpm_histogram_second_peak_weight": 0.0123456791043,
    "danceability": 1.622356534,
    "onset_rate": 3.93534231186,
    "beats_loudness_band_ratio": {
        "mean": [0.403403222561, 0.121331378818, 0.0785941928625, 0.0595591366291, 0.0644206926227, 0.289426803589],
        "stdev": [0.308244407177, 0.106180623174, 0.109408788383, 0.100005820394, 0.067373290658, 0.212838992476]
    },
    "beats_position": [0.603718817234, 1.23065757751, 1.8575963974, 2.48453521729, 3.08825397491, 3.68036270142, 4.27247142792, 4.85297060013, 5.4334692955, 6.01396799088, 6.59446716309, 7.18657588959, 7.77868461609, 8.35918331146, 8.93968200684, 9.52018165588, 10.1122903824, 10.7043991089, 11.2848978043, 11.8653964996, 12.445895195, 13.0380039215, 13.6185035706, 14.2106122971, 14.7911109924, 15.3716096878, 15.9521083832, 16.5326080322, 17.1247158051, 17.7168254852, 18.2973232269, 18.877822876, 19.4699325562, 20.062040329, 20.642539978, 21.2230377197, 21.8035373688, 22.3840351105, 22.9645347595, 23.5450344086, 24.1371421814, 24.7292518616, 25.3097496033, 25.8902492523, 26.470746994, 27.0628566742, 27.6549663544, 28.2354640961, 28.8159637451, 29.3964614868, 29.9769611359, 30.5690689087, 31.1495685577, 31.7416782379, 32.322177887, 32.9026756287, 33.4831733704, 34.0752830505, 34.6557807922, 35.2478904724, 35.8283882141, 36.4088897705, 36.9893875122, 37.5814971924, 38.1736030579, 38.7541046143, 39.334602356, 39.9151000977, 40.4956016541, 41.0877075195, 41.6798171997, 42.2603149414, 42.8408164978, 43.4213142395, 44.0018119812, 44.5823135376, 45.1744194031, 45.7665290833, 46.347026825, 46.9275283813, 47.508026123, 48.1001358032, 48.6922454834, 49.2727432251, 49.8532409668, 50.445350647, 51.0258483887, 51.6063499451, 52.1868476868, 52.7789573669, 53.3594551086, 53.9515647888, 54.5436706543, 55.1241722107, 55.7046699524, 56.2851676941, 56.8656692505, 57.457775116, 58.0498847961, 58.6303825378, 59.2108840942, 59.7913818359, 60.3718795776, 60.952381134, 61.5328788757, 62.1249885559, 62.7170982361, 63.2975959778, 63.889705658, 64.4818115234, 65.0623092651, 65.6428070068, 66.2233123779, 66.8038101196, 67.3843078613, 67.9764175415, 68.5685272217, 69.1490249634, 69.7295227051, 70.3100204468, 70.8905181885, 71.4826278687, 72.0631256104, 72.6552352905, 73.2357330322, 73.8162307739, 74.396736145, 74.9772338867, 75.5577316284, 76.1498413086, 76.7419509888, 77.3224487305, 77.9029464722, 78.4950561523, 79.0871658325, 79.6676635742, 80.2481613159, 80.8286590576, 81.4091567993, 82.0012664795, 82.5933761597, 83.1738739014, 83.7543716431, 84.3348770142, 84.9269790649, 85.5190887451, 86.0995864868, 86.6800918579, 87.2605895996, 87.8410873413, 88.421585083, 89.0136947632, 89.6058044434, 90.1863021851, 90.7667999268, 91.3472976685, 91.9394073486, 92.5315170288, 93.1120147705, 93.6925125122, 94.2730178833, 94.853515625, 95.4340133667, 96.0261230469, 96.6182327271, 97.1987304688, 97.7792282104, 98.3597259521, 98.9518356323, 99.5439453125, 100.124443054, 100.704940796, 101.285438538, 101.877548218, 102.458045959, 103.05015564, 103.630653381, 104.211151123, 104.791656494, 105.395370483, 105.975868225, 106.556373596, 107.136871338, 107.71736908, 108.297866821, 108.889976501, 109.482086182, 110.062583923, 110.643081665, 111.223579407, 111.804077148, 112.38457489, 112.97668457, 113.56879425, 114.149291992, 114.729797363, 115.310295105, 115.902404785, 116.482902527, 117.075012207, 117.655509949, 118.224395752, 118.816505432, 119.408615112, 120.000724792, 120.581222534, 121.161720276, 121.742218018, 122.322715759, 122.914825439, 123.50693512, 124.087432861, 124.667930603, 125.260040283, 125.840545654, 126.432647705, 127.013153076, 127.593650818, 128.17414856, 128.754638672, 129.335144043, 129.927261353, 130.519363403, 131.099868774, 131.680358887, 132.272476196, 132.864578247, 133.445083618, 134.02557373, 134.606079102, 135.186569214, 135.767074585, 136.347564697, 136.939682007, 137.531784058, 138.112289429, 138.692779541, 139.284896851, 139.876998901, 140.457504272, 141.037994385, 141.618499756, 142.199005127, 142.779495239, 143.36000061, 143.952102661, 144.544219971, 145.124710083, 145.705215454, 146.297317505, 146.889434814, 147.469924927, 148.050430298, 148.63092041, 149.211425781, 149.803527832, 150.395645142, 150.976135254, 151.556640625, 152.137145996, 152.717636108, 153.309753418, 153.89024353, 154.48236084, 155.062850952, 155.643356323, 156.235458374, 156.827575684, 157.408065796, 157.988571167, 158.569061279, 159.14956665, 159.730072021, 160.322174072, 160.914276123, 161.494781494, 162.075286865, 162.655776978, 163.236282349, 163.828384399, 164.420501709, 165.000991821, 165.581497192, 166.161987305, 166.742492676, 167.334594727, 167.926712036, 168.507202148, 169.08770752, 169.668212891, 170.248703003, 170.840820312, 171.432922363, 172.013427734, 172.593917847, 173.174423218, 173.766525269, 174.358642578, 174.93913269, 175.519638062, 176.100128174, 176.680633545, 177.272735596, 177.853240967, 178.445343018, 179.025848389, 179.606338501, 180.186843872, 180.767349243, 181.359451294, 181.951568604, 182.532058716, 183.112564087, 183.693054199, 184.285171509, 184.87727356, 185.457778931, 186.038269043, 186.618774414, 187.199264526, 187.791381836, 188.383483887, 188.963989258, 189.54447937, 190.124984741, 190.717086792, 191.309204102, 191.889694214, 192.470199585, 193.050704956, 193.631195068, 194.211700439, 194.80380249, 195.3959198, 195.976409912, 196.556915283, 197.137405396, 197.729522705, 198.310012817, 198.902130127, 199.482620239, 200.06312561, 200.643630981, 201.224121094, 201.816238403, 202.408340454, 202.988845825, 203.569335938, 204.149841309, 204.741943359, 205.334060669, 205.914550781, 206.495056152, 207.075546265, 207.667663574, 208.259765625, 208.840270996, 209.420761108, 210.001266479, 210.581771851, 211.162261963, 211.754379272, 212.334869385, 212.926986694, 213.507476807, 214.087982178, 214.66847229, 215.248977661, 215.841079712, 216.421585083, 217.013687134, 217.605804443, 218.186294556, 218.778411865, 219.358901978, 219.939407349, 220.51991272, 221.100402832, 221.680908203, 222.273010254, 222.865127563, 223.445617676, 224.026123047, 224.606613159, 225.18711853, 225.779220581, 226.371337891, 226.951828003, 227.532333374, 228.112823486, 228.704940796, 229.297042847, 229.877548218, 230.45803833, 231.038543701, 231.630645752, 232.222763062, 232.803268433, 233.383758545, 233.964263916, 234.567977905, 235.183303833, 235.787017822, 236.402359009, 237.029296875, 237.656234741],
    "bpm_histogram": [0, 0, 0, 0, 0, 0, 0, 0, 0, 0, 0, 0, 0, 0, 0, 0, 0, 0, 0, 0, 0, 0, 0, 0, 0, 0, 0, 0, 0, 0, 0, 0, 0, 0, 0, 0, 0, 0, 0, 0, 0, 0, 0, 0, 0, 0, 0, 0, 0, 0, 0, 0, 0, 0, 0, 0, 0, 0, 0, 0, 0, 0, 0, 0, 0, 0, 0, 0, 0, 0, 0, 0, 0, 0, 0, 0, 0, 0, 0, 0, 0, 0, 0, 0, 0, 0, 0, 0, 0, 0, 0, 0, 0, 0, 0, 0, 0.0123456791043, 0, 0.004938271828, 0.00987654365599, 0, 0.333333343267, 0, 0.637037038803, 0, 0.002469135914, 0, 0, 0, 0, 0, 0, 0, 0, 0, 0, 0, 0, 0, 0, 0, 0, 0, 0, 0, 0, 0, 0, 0, 0, 0, 0, 0, 0, 0, 0, 0, 0, 0, 0, 0, 0, 0, 0, 0, 0, 0, 0, 0, 0, 0, 0, 0, 0, 0, 0, 0, 0, 0, 0, 0, 0, 0, 0, 0, 0, 0, 0, 0, 0, 0, 0, 0, 0, 0, 0, 0, 0, 0, 0, 0, 0, 0, 0, 0, 0, 0, 0, 0, 0, 0, 0, 0, 0, 0, 0, 0, 0, 0, 0, 0, 0, 0, 0, 0, 0, 0, 0, 0, 0, 0, 0, 0, 0, 0, 0, 0, 0, 0, 0, 0, 0, 0, 0, 0, 0, 0, 0, 0, 0, 0, 0, 0, 0, 0, 0, 0, 0, 0, 0, 0, 0, 0, 0, 0, 0, 0, 0, 0, 0]
},
"tonal": {
    "chords_changes_rate": 0.0716790035367,
    "chords_number_rate": 0.00214257882908,
    "chords_strength": {
        "mean": 0.556904613972,
        "stdev": 0.105362392962
    },
    "hpcp_crest": {
        "mean": 13.5371084213,
        "stdev": 6.66910076141
    },
    "hpcp_entropy": {
        "mean": 2.03829407692,
        "stdev": 0.809360802174
    },
    "key_edma": {
        "strength": 0.636284589767,
        "key": "F",
        "scale": "minor"
    },
    "key_krumhansl": {
        "strength": 0.646802842617,
        "key": "F",
        "scale": "minor"
    },
    "key_temperley": {
        "strength": 0.649124860764,
        "key": "F",
        "scale": "minor"
    },
    "tuning_diatonic_strength": 0.739947378635,
    "tuning_equal_tempered_deviation": 0.26694381237,
    "tuning_frequency": 434.193115234,
    "tuning_nontempered_energy_ratio": 0.900907814503,
    "hpcp": {
        "mean": [0.0698483660817, 0.0541662871838, 0.0460053645074, 0.0495833978057, 0.0516268499196, 0.0470555089414, 0.0506430640817, 0.0687253549695, 0.129090443254, 0.179303437471, 0.154894679785, 0.103646971285, 0.0705040246248, 0.0653613731265, 0.0913730040193, 0.110005989671, 0.0817594006658, 0.0556495152414, 0.0533122345805, 0.0516035892069, 0.0549947209656, 0.0776183828712, 0.114293962717, 0.176678046584, 0.258040249348, 0.264920353889, 0.201141342521, 0.151175618172, 0.132947430015, 0.11150328815, 0.0894029438496, 0.0870174691081, 0.0847935453057, 0.0921463742852, 0.0939392969012, 0.0824497044086],
        "stdev": [0.173896327615, 0.155237570405, 0.148216411471, 0.148045241833, 0.153079360723, 0.143658131361, 0.154133290052, 0.177636429667, 0.264879912138, 0.32151132822, 0.275885492563, 0.231892213225, 0.188657581806, 0.172346711159, 0.189285367727, 0.246104612947, 0.183555662632, 0.153910726309, 0.147022917867, 0.138145491481, 0.143598854542, 0.177771836519, 0.225515842438, 0.269256204367, 0.340447485447, 0.342098087072, 0.307517230511, 0.264395594597, 0.253682881594, 0.22823086381, 0.207057520747, 0.200914442539, 0.195004865527, 0.211022630334, 0.205927357078, 0.189498141408]
    },
    "chords_histogram": [58.4534492493, 0.60381770134, 1.55823922157, 0.0973899513483, 0.233735874295, 2.72691869736, 2.14257884026, 17.0432415009, 0.623295664787, 3.21386837959, 0.0584339685738, 0.56486171484, 0.175301909447, 0.64277368784, 2.64900660515, 0.175301909447, 1.79197502136, 1.24659132957, 0.116867937148, 0.155823916197, 0, 0.116867937148, 1.46084928513, 4.14881181717],
    "thpcp": [1, 0.759252130985, 0.57064551115, 0.501839220524, 0.420893639326, 0.337471038103, 0.328466534615, 0.320071846247, 0.347826719284, 0.354594498873, 0.311224490404, 0.263657987118, 0.204462528229, 0.173657342792, 0.187163412571, 0.194876879454, 0.177621349692, 0.191163361073, 0.259418934584, 0.487280189991, 0.676820158958, 0.584683954716, 0.391238242388, 0.26613292098, 0.246720850468, 0.344907462597, 0.415241748095, 0.308618783951, 0.210061311722, 0.201238721609, 0.194789066911, 0.207589641213, 0.29298761487, 0.431427627802, 0.666910052299, 0.974029541016],
    "chords_key": "F",
    "chords_scale": "minor"
}
}