{
"metadata": {
    "version": {
        "essentia": "2.1-dev",
        "essentia_git_sha": "v2.1_beta3-415-gd5473f3",
        "extractor": "music 2.0"
    },
    "audio_properties": {
        "analysis": {
            "equal_loudness": 0,
            "length": 265.325714111,
            "sample_rate": 44100,
            "start_time": 0,
            "downmix": "mix"
        },
        "bit_rate": 192000,
        "length": 265.325714111,
        "lossless": 0,
        "number_channels": 2,
        "replay_gain": -6.1327381134,
        "sample_rate": 44100,
        "codec": "mp3",
        "md5_encoded": "ff44f905a38ec4d526392b9594befd54"
    },
    "tags": {
        "file_name": "spice_and_celly_cell-red_rum.mp3"
    }
},
"lowlevel": {
    "average_loudness": 0.894243121147,
    "barkbands_crest": {
        "mean": 13.2481641769,
        "stdev": 5.76813364029
    },
    "barkbands_flatness_db": {
        "mean": 0.161047697067,
        "stdev": 0.0681192949414
    },
    "barkbands_kurtosis": {
        "mean": 10.4302835464,
        "stdev": 24.678560257
    },
    "barkbands_skewness": {
        "mean": 2.05305933952,
        "stdev": 2.2824215889
    },
    "barkbands_spread": {
        "mean": 25.9274291992,
        "stdev": 19.5105171204
    },
    "dissonance": {
        "mean": 0.463353812695,
        "stdev": 0.0308700818568
    },
    "dynamic_complexity": 4.03562498093,
    "erbbands_crest": {
        "mean": 9.74106311798,
        "stdev": 5.16066741943
    },
    "erbbands_flatness_db": {
        "mean": 0.149090006948,
        "stdev": 0.0544638521969
    },
    "erbbands_kurtosis": {
        "mean": 1.04242646694,
        "stdev": 4.39397001266
    },
    "erbbands_skewness": {
        "mean": 0.0489425510168,
        "stdev": 1.05796766281
    },
    "erbbands_spread": {
        "mean": 47.0508728027,
        "stdev": 26.3128452301
    },
    "hfc": {
        "mean": 24.1369152069,
        "stdev": 35.3194923401
    },
    "loudness_ebu128": {
        "integrated": -17.0252628326,
        "loudness_range": 2.8145275116,
        "momentary": {
            "mean": -17.8233509064,
            "stdev": 3.40785050392
        },
        "short_term": {
            "mean": -17.427022934,
            "stdev": 2.11084580421
        }
    },
    "melbands_crest": {
        "mean": 18.9788856506,
        "stdev": 7.4657087326
    },
    "melbands_flatness_db": {
        "mean": 0.222381621599,
        "stdev": 0.0932359024882
    },
    "melbands_kurtosis": {
        "mean": 36.3284950256,
        "stdev": 67.9992218018
    },
    "melbands_skewness": {
        "mean": 3.906894207,
        "stdev": 3.38554310799
    },
    "melbands_spread": {
        "mean": 28.0676879883,
        "stdev": 31.5848636627
    },
    "pitch_salience": {
        "mean": 0.462122946978,
        "stdev": 0.166191861033
    },
    "silence_rate_20dB": {
        "mean": 1,
        "stdev": 0
    },
    "silence_rate_30dB": {
        "mean": 0.943297147751,
        "stdev": 0.231274068356
    },
    "silence_rate_60dB": {
        "mean": 0.137644380331,
        "stdev": 0.34450429678
    },
    "spectral_centroid": {
        "mean": 1766.63842773,
        "stdev": 952.061462402
    },
    "spectral_complexity": {
        "mean": 13.4551973343,
        "stdev": 11.5473470688
    },
    "spectral_decrease": {
        "mean": -8.15478706784e-09,
        "stdev": 1.04467696715e-08
    },
    "spectral_energy": {
        "mean": 0.0329674780369,
        "stdev": 0.0407362803817
    },
    "spectral_energyband_high": {
        "mean": 0.00159642577637,
        "stdev": 0.00342150055803
    },
    "spectral_energyband_low": {
        "mean": 0.020161582157,
        "stdev": 0.0357129722834
    },
    "spectral_energyband_middle_high": {
        "mean": 0.00474693533033,
        "stdev": 0.00850509479642
    },
    "spectral_energyband_middle_low": {
        "mean": 0.00724456692114,
        "stdev": 0.0113012464717
    },
    "spectral_entropy": {
        "mean": 7.67255163193,
        "stdev": 0.534501314163
    },
    "spectral_flux": {
        "mean": 0.105005078018,
        "stdev": 0.0837214440107
    },
    "spectral_kurtosis": {
        "mean": 2.96429133415,
        "stdev": 2.09526848793
    },
    "spectral_rms": {
        "mean": 0.00479349726811,
        "stdev": 0.00303079397418
    },
    "spectral_rolloff": {
        "mean": 1967.42041016,
        "stdev": 2498.12890625
    },
    "spectral_skewness": {
        "mean": 1.29975664616,
        "stdev": 0.43483299017
    },
    "spectral_spread": {
        "mean": 5820658,
        "stdev": 2125466.75
    },
    "spectral_strongpeak": {
        "mean": 0.706255376339,
        "stdev": 1.12823593616
    },
    "zerocrossingrate": {
        "mean": 0.0777411460876,
        "stdev": 0.0631046295166
    },
    "barkbands": {
        "mean": [0.00125058752019, 0.0156838446856, 0.00266229920089, 0.00103471754119, 0.00122937117703, 0.000581982312724, 0.00158931547776, 0.00143220822793, 0.000955408613663, 0.00117905414663, 0.000543673697393, 0.000614239077549, 0.000533227168489, 0.000442503165687, 0.000440012430772, 0.000267244991846, 0.000331374758389, 0.000235262516071, 0.00026959265233, 0.000183114549145, 0.000201053815545, 0.000300749175949, 0.000391407200368, 0.000274463760434, 0.000210667814827, 0.000120963202789, 8.95469656825e-06],
        "stdev": [0.00220127217472, 0.0296849198639, 0.00863737240434, 0.00324993371032, 0.00239055138081, 0.0019919925835, 0.00474356440827, 0.00475342851132, 0.0033014586661, 0.00449111172929, 0.00185620365664, 0.00224374281242, 0.00195349473506, 0.00113998306915, 0.00117101415526, 0.000574680510908, 0.0006061164313, 0.000456858600955, 0.000561997585464, 0.000477278546896, 0.000427307386417, 0.000625073211268, 0.00120874738786, 0.000761299044825, 0.000526135030668, 0.000337122473866, 2.52229401667e-05]
    },
    "erbbands": {
        "mean": [0.590763866901, 2.91494989395, 3.69620704651, 3.38759994507, 3.21641469002, 4.37890434265, 5.57515525818, 4.45240592957, 13.0033044815, 35.8441619873, 26.797668457, 21.5684566498, 35.8003082275, 30.6830348969, 23.6005020142, 24.8106384277, 24.8214912415, 21.6100101471, 24.8102531433, 18.8984642029, 15.3049106598, 18.0491809845, 13.8433218002, 15.1377658844, 11.2280569077, 8.4356918335, 7.64905881882, 8.9007024765, 10.8519191742, 11.0120706558, 11.0849514008, 7.37940645218, 3.71080350876, 2.28877425194, 1.46013045311, 0.631708741188, 0.201805859804, 0.0399188809097, 0.000921691069379, 6.77075586282e-05],
        "stdev": [1.00623631477, 6.52822685242, 11.0663433075, 9.97772598267, 8.55832862854, 9.24678325653, 16.5141735077, 15.1500301361, 38.6482429504, 101.481689453, 95.4995880127, 72.0642700195, 143.315872192, 103.621566772, 71.7565231323, 89.2099761963, 84.5375595093, 50.0426101685, 68.9971542358, 40.8459968567, 29.7630825043, 33.4964027405, 24.1082420349, 33.1967887878, 23.00440979, 19.7722110748, 18.5571632385, 17.9519710541, 21.6490039825, 31.0707130432, 35.0899047852, 21.1381034851, 9.82220363617, 6.06130075455, 3.67245483398, 1.72672247887, 0.600553512573, 0.105151243508, 0.00239414093085, 9.86434824881e-05]
    },
    "gfcc": {
        "mean": [-28.4901180267, 52.2702674866, -106.323921204, 39.6552581787, -57.6822166443, 21.8533172607, -32.2415237427, 15.675368309, -16.3409690857, 9.11343669891, -15.4902429581, 9.15701675415, -11.7679204941],
        "cov": [[9459.19628906, 316.318206787, 653.922729492, -511.616088867, 39.6399612427, 586.36730957, 54.1032295227, 327.736907959, 147.384002686, 214.621505737, -134.239242554, 71.6862335205, -461.298065186], [316.318206787, 2270.45727539, 271.75112915, 244.395767212, 491.288665771, 70.0854415894, 398.566345215, 112.146842957, 185.778137207, -65.174621582, 121.977790833, -143.322296143, -4.04067182541], [653.922729492, 271.75112915, 2100.03735352, 886.337280273, 497.7940979, 457.510559082, 233.251296997, 179.27331543, 87.3899459839, 31.8683052063, -34.6409950256, 59.878704071, -53.994052887], [-511.616088867, 244.395767212, 886.337280273, 901.157104492, 408.455535889, 172.199569702, 95.5225219727, 46.0501327515, 87.1153106689, -36.4401855469, 3.72545313835, 0.781359493732, 75.8105697632], [39.6399612427, 491.288665771, 497.7940979, 408.455535889, 570.090270996, 263.831481934, 233.146362305, 106.530059814, 103.236236572, 24.0109462738, 15.188829422, 2.56054091454, 10.4146080017], [586.36730957, 70.0854415894, 457.510559082, 172.199569702, 263.831481934, 466.992401123, 259.964782715, 118.688766479, 43.0385971069, 58.9344520569, 26.9120960236, 8.91854095459, -28.736787796], [54.1032295227, 398.566345215, 233.251296997, 95.5225219727, 233.146362305, 259.964782715, 447.179534912, 181.640472412, 60.5842208862, 19.2482357025, 59.66639328, 15.8890895844, 10.9258136749], [327.736907959, 112.146842957, 179.27331543, 46.0501327515, 106.530059814, 118.688766479, 181.640472412, 248.874404907, 115.425956726, 24.6610412598, 20.3846912384, 15.7649097443, -35.777797699], [147.384002686, 185.778137207, 87.3899459839, 87.1153106689, 103.236236572, 43.0385971069, 60.5842208862, 115.425956726, 219.600326538, 82.3318023682, 19.4044437408, -7.86732435226, -7.6487364769], [214.621505737, -65.174621582, 31.8683052063, -36.4401855469, 24.0109462738, 58.9344520569, 19.2482357025, 24.6610412598, 82.3318023682, 164.176330566, 46.0980567932, 10.152258873, -15.5931692123], [-134.239242554, 121.977790833, -34.6409950256, 3.72545313835, 15.188829422, 26.9120960236, 59.66639328, 20.3846912384, 19.4044437408, 46.0980567932, 135.986343384, 35.847328186, -0.387361079454], [71.6862335205, -143.322296143, 59.878704071, 0.781359493732, 2.56054091454, 8.91854095459, 15.8890895844, 15.7649097443, -7.86732435226, 10.152258873, 35.847328186, 144.404968262, 40.4033126831], [-461.298065186, -4.04067182541, -53.994052887, 75.8105697632, 10.4146080017, -28.736787796, 10.9258136749, -35.777797699, -7.6487364769, -15.5931692123, -0.387361079454, 40.4033126831, 178.833480835]],
        "icov": [[0.000178351998329, -0.000162438329426, -2.76372065855e-06, 8.00833222456e-05, 0.000152607884957, -0.00038229348138, 0.000292592507321, -0.000251642835792, 0.000104395330709, -0.000288369512418, 0.000483437383082, -0.000427650928032, 0.000360050500603], [-0.000162438329426, 0.001147888368, -0.000304902205244, 0.000469984894153, -0.00107674032915, 0.00110487011261, -0.00112132832874, 0.000955609837547, -0.00120243127458, 0.00154585333075, -0.00184161798097, 0.00173581426498, -0.000497222528793], [-2.76372065855e-06, -0.000304902205244, 0.00127086113207, -0.00137873436324, 0.000408961233916, -0.00082401331747, 0.000207052435144, -0.000618235149886, 0.000770926650148, -0.000954492075834, 0.00128078251146, -0.00118817482144, 0.000882553285919], [8.00833222456e-05, 0.000469984894153, -0.00137873436324, 0.00346947833896, -0.00190903653856, 0.000462257041363, 0.000325061671901, 0.00074830732774, -0.0016017499147, 0.00215475820005, -0.00183058646508, 0.0015263351379, -0.0015839781845], [0.000152607884957, -0.00107674032915, 0.000408961233916, -0.00190903653856, 0.00475455448031, -0.00205901567824, -0.000186040138942, -0.0004469769774, 0.000193920117454, -0.00153320701793, 0.00229399371892, -0.00190159282647, 0.000925458676647], [-0.00038229348138, 0.00110487011261, -0.00082401331747, 0.000462257041363, -0.00205901567824, 0.00576884392649, -0.00303526804782, 0.000847039860673, -0.000100401244708, 5.57180756005e-05, -0.0018676740583, 0.00213884329423, -0.000490801117849], [0.000292592507321, -0.00112132832874, 0.000207052435144, 0.000325061671901, -0.000186040138942, -0.00303526804782, 0.00634554587305, -0.00398868089542, 0.00177499558777, -0.000733043940272, 4.89345984533e-05, -0.00107060105074, -0.000754467735533], [-0.000251642835792, 0.000955609837547, -0.000618235149886, 0.00074830732774, -0.0004469769774, 0.000847039860673, -0.00398868089542, 0.00942237861454, -0.00546631682664, 0.00302699371241, -0.00135886040516, 0.000198754496523, 0.00114178541116], [0.000104395330709, -0.00120243127458, 0.000770926650148, -0.0016017499147, 0.000193920117454, -0.000100401244708, 0.00177499558777, -0.00546631682664, 0.0102522484958, -0.00624331180006, 0.00230473652482, -0.000722994969692, -1.31362912725e-05], [-0.000288369512418, 0.00154585333075, -0.000954492075834, 0.00215475820005, -0.00153320701793, 5.57180756005e-05, -0.000733043940272, 0.00302699371241, -0.00624331180006, 0.0121019817889, -0.00577468564734, 0.00233362661675, -0.000913472787943], [0.000483437383082, -0.00184161798097, 0.00128078251146, -0.00183058646508, 0.00229399371892, -0.0018676740583, 4.89345984533e-05, -0.00135886040516, 0.00230473652482, -0.00577468564734, 0.0133417285979, -0.00588275305927, 0.00261259567924], [-0.000427650928032, 0.00173581426498, -0.00118817482144, 0.0015263351379, -0.00190159282647, 0.00213884329423, -0.00107060105074, 0.000198754496523, -0.000722994969692, 0.00233362661675, -0.00588275305927, 0.0117175988853, -0.0039975810796], [0.000360050500603, -0.000497222528793, 0.000882553285919, -0.0015839781845, 0.000925458676647, -0.000490801117849, -0.000754467735533, 0.00114178541116, -1.31362912725e-05, -0.000913472787943, 0.00261259567924, -0.0039975810796, 0.0084176119417]]
    },
    "melbands": {
        "mean": [0.00478246062994, 0.00263386685401, 0.000588576542214, 0.000263730878942, 0.000199819245609, 9.91529086605e-05, 0.000241058121901, 0.000392240879592, 0.000192436797079, 0.000138914518175, 0.000181206691195, 0.000127560429974, 7.65128643252e-05, 7.02065663063e-05, 6.65711559122e-05, 4.48316641268e-05, 3.95866445615e-05, 4.05979699281e-05, 3.02107146126e-05, 1.96374585357e-05, 1.77617421286e-05, 1.85091157618e-05, 1.6225147192e-05, 1.09179827632e-05, 1.25477963593e-05, 9.69073516899e-06, 6.58472390569e-06, 5.20686126038e-06, 4.83562598674e-06, 4.4519988478e-06, 5.45966577192e-06, 6.15434692008e-06, 5.79191555516e-06, 6.41041424387e-06, 6.69329438097e-06, 5.29687167727e-06, 4.27901568401e-06, 2.72786792266e-06, 2.06651247936e-06, 1.85356941529e-06],
        "stdev": [0.00845772493631, 0.00659473892301, 0.001693525468, 0.000579923740588, 0.000496951572131, 0.000334017851856, 0.000722197757568, 0.00108007329982, 0.00069224787876, 0.000489876954816, 0.000730921106879, 0.000449905084679, 0.000244159105932, 0.000264092726866, 0.000294659286737, 0.000121288612718, 9.9981254607e-05, 0.000119803778944, 7.91126658441e-05, 4.40621188318e-05, 3.66684362234e-05, 3.74373848899e-05, 2.92649147013e-05, 2.18977511395e-05, 2.96784401144e-05, 2.09761055885e-05, 1.59244918905e-05, 1.30190110212e-05, 1.29794525492e-05, 1.01763644125e-05, 1.10123728518e-05, 1.22449046103e-05, 1.36116905196e-05, 2.01966504392e-05, 2.24504365178e-05, 1.56631031132e-05, 1.24872940432e-05, 7.47429430703e-06, 5.41482495464e-06, 5.04616991748e-06]
    },
    "melbands128": {
        "mean": [0.00118544860743, 0.0050556124188, 0.00628644553944, 0.00436904421076, 0.00229474296793, 0.0011575386161, 0.00070356723154, 0.000452262436738, 0.000301702442812, 0.000242832946242, 0.00025698725949, 0.000224163290113, 0.000204731404665, 0.000155256813741, 9.56477088039e-05, 7.06537102815e-05, 7.33721535653e-05, 0.000254635320744, 0.000451684289146, 0.000445856858278, 0.000348130299244, 0.000289971358143, 0.000161241885507, 0.00011284732318, 0.000121014367323, 0.000150196792674, 0.00017677010328, 0.000202438008273, 0.0001601796248, 0.000163248405443, 0.000105055478343, 8.15627572592e-05, 7.26677317289e-05, 7.18757655704e-05, 8.20248751552e-05, 6.77276475471e-05, 5.67398128624e-05, 6.67714339215e-05, 8.02828653832e-05, 4.70721097372e-05, 3.46772139892e-05, 4.26201695518e-05, 3.87728978239e-05, 3.80320889235e-05, 4.15782233176e-05, 4.19857788074e-05, 4.03735757573e-05, 2.94653800665e-05, 2.6317218726e-05, 2.77025883406e-05, 1.61261123139e-05, 1.52182310558e-05, 1.85423614312e-05, 1.85131793842e-05, 1.68417172972e-05, 1.83256070159e-05, 1.84679884114e-05, 2.32071051869e-05, 1.23095533127e-05, 1.01513960544e-05, 1.07914347609e-05, 1.11014423965e-05, 1.23535055536e-05, 1.32062332341e-05, 1.28596111608e-05, 1.00455172287e-05, 7.87495173427e-06, 5.90999979977e-06, 6.68512257107e-06, 6.70234112476e-06, 4.92541175845e-06, 4.48989021606e-06, 5.41960616829e-06, 4.85630653202e-06, 4.33183004134e-06, 4.29083002018e-06, 4.55669851362e-06, 4.7360958888e-06, 5.71925875192e-06, 6.01488727625e-06, 6.02412683293e-06, 6.12936810285e-06, 6.60327805235e-06, 5.58637657377e-06, 5.30388342668e-06, 5.920689091e-06, 7.16043314242e-06, 6.70891404297e-06, 6.87402462063e-06, 6.62559295961e-06, 5.61215119887e-06, 4.91356831844e-06, 4.68066946269e-06, 4.34761659562e-06, 4.12742474509e-06, 3.30897501044e-06, 2.3547793262e-06, 1.97441409e-06, 2.15924956137e-06, 1.99184660232e-06, 1.97924896383e-06, 1.7432802224e-06, 1.71519775449e-06, 2.28325552598e-06, 1.44550892855e-06, 1.33950868531e-06, 1.84608529707e-06, 1.23211907521e-06, 1.00434033357e-06, 9.01101429918e-07, 7.31379657282e-07, 7.21506637547e-07, 6.17931164015e-07, 5.36770812687e-07, 5.16219301971e-07, 4.58003171389e-07, 3.33924759843e-07, 4.4420783496e-08, 6.00417025126e-12, 4.8522891434e-12, 4.68096872028e-12, 4.55034447622e-12, 4.43044212428e-12, 4.33740456746e-12, 4.26764743336e-12, 4.2189511433e-12, 4.18189484777e-12, 4.14939003296e-12],
        "stdev": [0.00207560812123, 0.00856589805335, 0.012541808188, 0.0109957465902, 0.00710101984441, 0.00372267095372, 0.00217084982432, 0.00145069009159, 0.000869709299877, 0.000636289420072, 0.000690119108185, 0.000531229947228, 0.000715008587576, 0.000688103958964, 0.000467647798359, 0.00021878190455, 0.000267873634584, 0.000934137555305, 0.00162694847677, 0.00151305273175, 0.00126996787731, 0.00139324041083, 0.000756681431085, 0.000597252801526, 0.000567523413338, 0.000747528043576, 0.000901155988686, 0.0010770248482, 0.000814515573438, 0.000709297892172, 0.000477249355754, 0.000353278010152, 0.000323211977957, 0.00028868499794, 0.000390174274798, 0.000392936490243, 0.000308769114781, 0.000431484833825, 0.000490915263072, 0.000162647978868, 0.000125836828374, 0.000123740115669, 0.000124526079162, 0.00012206925021, 0.000157035712618, 0.000187295183423, 0.000158799230121, 0.000129087580717, 6.90749657224e-05, 8.77554048202e-05, 4.91072969453e-05, 4.01201032219e-05, 4.91283935844e-05, 4.45696496172e-05, 4.43868266302e-05, 5.08026860189e-05, 4.75973502034e-05, 5.39799802937e-05, 2.75504589808e-05, 2.45375613304e-05, 2.51568781096e-05, 3.03715696646e-05, 3.61606980732e-05, 4.04214952141e-05, 3.64676889149e-05, 2.60750639427e-05, 2.02295450435e-05, 1.51071553773e-05, 2.2238917154e-05, 1.30807920868e-05, 1.33757130243e-05, 1.40428410305e-05, 1.8729155272e-05, 1.30695725602e-05, 1.12842662929e-05, 1.09151269498e-05, 1.1249664567e-05, 1.15910343084e-05, 1.27517914734e-05, 1.26863642436e-05, 1.34098818307e-05, 1.37903371069e-05, 1.46069487528e-05, 1.50063224282e-05, 1.63038785104e-05, 1.99260739464e-05, 2.4471697543e-05, 2.39032488025e-05, 2.63060774159e-05, 2.37653566728e-05, 1.64277826116e-05, 1.62433098012e-05, 1.51949889187e-05, 1.35065583891e-05, 1.27824914671e-05, 9.81879747997e-06, 6.68246184432e-06, 5.94988887315e-06, 5.75106423639e-06, 5.50111508346e-06, 5.95937353864e-06, 5.17640546605e-06, 4.51394635093e-06, 5.4791698858e-06, 4.32953720519e-06, 4.03206149713e-06, 4.65308494313e-06, 3.61365323442e-06, 3.1741649309e-06, 2.73212617685e-06, 2.27070108849e-06, 2.27258442465e-06, 2.2988431283e-06, 1.62505591561e-06, 1.39094674978e-06, 1.20303741369e-06, 9.5167655445e-07, 1.38915225989e-07, 1.20522680377e-11, 8.53437025911e-12, 8.23784877119e-12, 8.00318231825e-12, 7.80752545948e-12, 7.64951383486e-12, 7.51546741506e-12, 7.41657690123e-12, 7.34328656909e-12, 7.29773273062e-12]
    },
    "mfcc": {
        "mean": [-679.205810547, 84.3434524536, 12.312046051, 23.1126289368, 2.81684017181, 10.7328767776, -2.94445037842, 11.070643425, 3.26737260818, 5.31820106506, 5.48180246353, 1.68851089478, 0.954813122749],
        "cov": [[9102.484375, 637.328979492, -370.929199219, -890.572692871, 61.4324531555, 23.061132431, 7.40858364105, 188.457687378, -13.3124713898, 96.7551193237, 349.976654053, 214.172622681, 95.3569641113], [637.328979492, 1907.40820312, -10.7634630203, 183.807327271, 131.08934021, 135.30116272, 248.745544434, 216.378509521, 152.545822144, 84.4229049683, 199.038131714, 126.560852051, 40.1102523804], [-370.929199219, -10.7634630203, 1674.28527832, 622.244628906, 441.041259766, 353.318634033, 272.985443115, 234.433486938, 162.671417236, 115.607582092, -1.81164455414, 62.3352737427, 46.6243438721], [-890.572692871, 183.807327271, 622.244628906, 768.978027344, 370.823852539, 188.622558594, 94.5017852783, 136.620605469, 133.718658447, 54.4278068542, -28.5302810669, -3.50900793076, 38.0349273682], [61.4324531555, 131.08934021, 441.041259766, 370.823852539, 507.688720703, 249.246353149, 78.6203155518, 123.238197327, 110.568061829, 82.7967910767, 29.7398452759, 49.1525382996, 34.8395957947], [23.061132431, 135.30116272, 353.318634033, 188.622558594, 249.246353149, 397.078979492, 228.730621338, 107.173461914, 116.901229858, 82.4433441162, 45.8241767883, 46.1865081787, 20.0951728821], [7.40858364105, 248.745544434, 272.985443115, 94.5017852783, 78.6203155518, 228.730621338, 408.430389404, 206.858398438, 106.74433136, 70.2269821167, 65.6125640869, 63.0247268677, 30.8365020752], [188.457687378, 216.378509521, 234.433486938, 136.620605469, 123.238197327, 107.173461914, 206.858398438, 329.141448975, 135.407684326, 43.9800682068, 79.6195983887, 58.2136726379, 61.5781936646], [-13.3124713898, 152.545822144, 162.671417236, 133.718658447, 110.568061829, 116.901229858, 106.74433136, 135.407684326, 241.809524536, 107.636909485, 18.1089611053, 23.0501003265, 35.51304245], [96.7551193237, 84.4229049683, 115.607582092, 54.4278068542, 82.7967910767, 82.4433441162, 70.2269821167, 43.9800682068, 107.636909485, 203.505050659, 96.1793899536, 40.0196151733, 11.4090433121], [349.976654053, 199.038131714, -1.81164455414, -28.5302810669, 29.7398452759, 45.8241767883, 65.6125640869, 79.6195983887, 18.1089611053, 96.1793899536, 238.607025146, 108.376037598, 10.5372161865], [214.172622681, 126.560852051, 62.3352737427, -3.50900793076, 49.1525382996, 46.1865081787, 63.0247268677, 58.2136726379, 23.0501003265, 40.0196151733, 108.376037598, 165.784835815, 39.6524505615], [95.3569641113, 40.1102523804, 46.6243438721, 38.0349273682, 34.8395957947, 20.0951728821, 30.8365020752, 61.5781936646, 35.51304245, 11.4090433121, 10.5372161865, 39.6524505615, 152.156967163]],
        "icov": [[0.00015058486315, -5.68215109524e-05, -3.18092934322e-05, 0.000305536930682, -0.00017257478612, -1.46176053022e-05, 9.89193795249e-05, -0.000118880336231, 2.74230860668e-05, -8.8557608251e-06, -9.93199573713e-05, 8.45120212034e-06, -7.75730950409e-05], [-5.68215109524e-05, 0.00068907631794, 0.000171634339495, -0.000328303140122, -1.85911230801e-05, 0.000121415221656, -0.000409476080677, 5.11195685249e-05, -0.000339909922332, 0.000244642054895, -0.000469265942229, -0.000134708170663, 6.25480897725e-05], [-3.18092934322e-05, 0.000171634339495, 0.00106741965283, -0.000701301847585, -0.000171438034158, -0.000310100178467, -0.000309296796331, -0.000306854140945, 0.000238601001911, -0.000346993590938, 0.000381983496482, -0.000374115479644, 0.000131361972308], [0.000305536930682, -0.000328303140122, -0.000701301847585, 0.00318567804061, -0.00174759246875, 0.000249751436058, 0.000256740488112, -0.000274180376437, -0.000468848505989, 0.000233469269006, 2.63293804892e-05, 0.000710889755283, -0.000355437281542], [-0.00017257478612, -1.85911230801e-05, -0.000171438034158, -0.00174759246875, 0.00482780486345, -0.00263216393068, 0.00174827990122, -0.00118015811313, 0.00050337438006, -0.00099254376255, 0.000681789417285, -0.00099236110691, 0.000136266084155], [-1.46176053022e-05, 0.000121415221656, -0.000310100178467, 0.000249751436058, -0.00263216393068, 0.00614346656948, -0.00343115767464, 0.00189047248568, -0.00155174988322, 0.000587531889323, -0.000901405815966, 0.000420118769398, 2.42585747401e-06], [9.89193795249e-05, -0.000409476080677, -0.000309296796331, 0.000256740488112, 0.00174827990122, -0.00343115767464, 0.00606821337715, -0.00335952849127, 0.000905850029085, -0.0012218070915, 0.000937590491958, -0.000901027116925, 0.000309267808916], [-0.000118880336231, 5.11195685249e-05, -0.000306854140945, -0.000274180376437, -0.00118015811313, 0.00189047248568, -0.00335952849127, 0.0071682180278, -0.00340836052783, 0.00259341485798, -0.00263436581008, 0.000706713180989, -0.00137669115793], [2.74230860668e-05, -0.000339909922332, 0.000238601001911, -0.000468848505989, 0.00050337438006, -0.00155174988322, 0.000905850029085, -0.00340836052783, 0.00846513360739, -0.0047305226326, 0.00284941657446, -0.000573995523155, -0.000266809103778], [-8.8557608251e-06, 0.000244642054895, -0.000346993590938, 0.000233469269006, -0.00099254376255, 0.000587531889323, -0.0012218070915, 0.00259341485798, -0.0047305226326, 0.00946531072259, -0.00463002780452, 0.00110027007759, -0.000234979714151], [-9.93199573713e-05, -0.000469265942229, 0.000381983496482, 2.63293804892e-05, 0.000681789417285, -0.000901405815966, 0.000937590491958, -0.00263436581008, 0.00284941657446, -0.00463002780452, 0.00910654757172, -0.00454238522798, 0.00113660225179], [8.45120212034e-06, -0.000134708170663, -0.000374115479644, 0.000710889755283, -0.00099236110691, 0.000420118769398, -0.000901027116925, 0.000706713180989, -0.000573995523155, 0.00110027007759, -0.00454238522798, 0.00985283590853, -0.00216614897363], [-7.75730950409e-05, 6.25480897725e-05, 0.000131361972308, -0.000355437281542, 0.000136266084155, 2.42585747401e-06, 0.000309267808916, -0.00137669115793, -0.000266809103778, -0.000234979714151, 0.00113660225179, -0.00216614897363, 0.00768151786178]]
    },
    "spectral_contrast_coeffs": {
        "mean": [-0.728136658669, -0.744726598263, -0.754502654076, -0.757330179214, -0.739356398582, -0.751512289047],
        "stdev": [0.100360773504, 0.095720179379, 0.082574442029, 0.0715160965919, 0.0687857568264, 0.0498616546392]
    },
    "spectral_contrast_valleys": {
        "mean": [-7.41411113739, -7.56217956543, -8.20060348511, -8.45342063904, -8.36051750183, -10.198638916],
        "stdev": [1.67208111286, 1.35755813122, 1.51779830456, 1.5726954937, 1.36823534966, 1.4420388937]
    }
},
"rhythm": {
    "beats_count": 379,
    "beats_loudness": {
        "mean": 0.0665158778429,
        "stdev": 0.0325870625675
    },
    "bpm": 85.912979126,
    "bpm_histogram_first_peak_bpm": 86,
    "bpm_histogram_first_peak_weight": 0.0105820298195,
    "bpm_histogram_second_peak_bpm": 0,
    "bpm_histogram_second_peak_spread": 0,
    "bpm_histogram_second_peak_weight": 0,
    "danceability": 1.67356681824,
    "onset_rate": 4.85780763626,
    "beats_loudness_band_ratio": {
        "mean": [0.471844911575, 0.0462915375829, 0.178415685892, 0.156249329448, 0.0796762257814, 0.0838859453797],
        "stdev": [0.370829105377, 0.0485026948154, 0.14829698205, 0.145974725485, 0.0691659972072, 0.0940788015723]
    },
    "beats_position": [0.66176867485, 1.33514738083, 2.02013611794, 2.71673464775, 3.42494320869, 4.12154197693, 4.82975053787, 5.52634906769, 6.2229475975, 6.91954612732, 7.61614513397, 8.31274318695, 9.0093421936, 9.70594120026, 10.4025392532, 11.0991382599, 11.7957363129, 12.4923353195, 13.2005443573, 13.9087524414, 14.6053514481, 15.301949501, 15.9985485077, 16.6951465607, 17.391746521, 18.088344574, 18.784942627, 19.4815406799, 20.1781406403, 20.8747386932, 21.5829467773, 22.2911567688, 22.9877548218, 23.6843528748, 24.3809528351, 25.0775508881, 25.774148941, 26.470746994, 27.1673469543, 27.8639450073, 28.5605430603, 29.2571430206, 29.9653511047, 30.6735591888, 31.3701572418, 32.0667572021, 32.7633552551, 33.4599533081, 34.1565513611, 34.8531494141, 35.5497512817, 36.2463493347, 36.9429473877, 37.6395454407, 38.3477554321, 39.0443534851, 39.7525634766, 40.4491615295, 41.1457595825, 41.8423576355, 42.5389556885, 43.2355537415, 43.9321517944, 44.6287536621, 45.3253517151, 46.0219497681, 46.718547821, 47.415145874, 48.1233558655, 48.8315620422, 49.5281639099, 50.2247619629, 50.9213600159, 51.6179580688, 52.3145561218, 53.0111541748, 53.7077522278, 54.4043540955, 55.1009521484, 55.7975502014, 56.5057601929, 57.2023582458, 57.9105644226, 58.6071662903, 59.3037643433, 60.0003623962, 60.6969604492, 61.3935585022, 62.0901565552, 62.7867546082, 63.4833564758, 64.1799545288, 64.8765487671, 65.5847625732, 66.29296875, 66.9895706177, 67.686164856, 68.3827667236, 69.0793609619, 69.7759628296, 70.4725646973, 71.1691589355, 71.8657608032, 72.5623550415, 73.2589569092, 73.9555511475, 74.6637649536, 75.3719711304, 76.068572998, 76.7651672363, 77.461769104, 78.1583633423, 78.85496521, 79.5515594482, 80.2481613159, 80.9447631836, 81.6413574219, 82.3379592896, 83.0461654663, 83.7543716431, 84.4509735107, 85.1475753784, 85.8441696167, 86.5407714844, 87.2373657227, 87.9339675903, 88.6305618286, 89.3271636963, 90.035369873, 90.7319717407, 91.428565979, 92.1367797852, 92.8333740234, 93.5299758911, 94.2265777588, 94.9231719971, 95.6197738647, 96.316368103, 97.0129699707, 97.709564209, 98.4061660767, 99.1027679443, 99.8109741211, 100.519180298, 101.215782166, 101.912376404, 102.608978271, 103.305580139, 104.002174377, 104.698776245, 105.395370483, 106.091972351, 106.800178528, 107.496780396, 108.204986572, 108.913192749, 109.609794617, 110.294784546, 110.991378784, 111.687980652, 112.38457489, 113.081176758, 113.777778625, 114.474372864, 115.170974731, 115.86756897, 116.575782776, 117.283988953, 117.98059082, 118.677185059, 119.373786926, 120.070381165, 120.766983032, 121.463577271, 122.160179138, 122.856781006, 123.553375244, 124.249977112, 124.94657135, 125.643173218, 126.351379395, 127.059593201, 127.756187439, 128.452789307, 129.149383545, 129.845977783, 130.54258728, 131.239181519, 131.935775757, 132.632385254, 133.328979492, 134.02557373, 134.733779907, 135.441986084, 136.138595581, 136.835189819, 137.531784058, 138.228393555, 138.924987793, 139.621582031, 140.31817627, 141.014785767, 141.711380005, 142.407974243, 143.11618042, 143.824401855, 144.520996094, 145.217590332, 145.914199829, 146.610794067, 147.307388306, 148.003982544, 148.700592041, 149.397186279, 150.105392456, 150.813598633, 151.51020813, 152.206802368, 152.903396606, 153.599990845, 154.296600342, 154.99319458, 155.689788818, 156.386398315, 157.082992554, 157.779586792, 158.47618103, 159.172790527, 159.869384766, 160.577590942, 161.285797119, 161.982406616, 162.679000854, 163.375595093, 164.072189331, 164.768798828, 165.465393066, 166.161987305, 166.870193481, 167.578414917, 168.275009155, 168.971603394, 169.668212891, 170.364807129, 171.061401367, 171.757995605, 172.454605103, 173.151199341, 173.847793579, 174.544403076, 175.240997314, 175.949203491, 176.657409668, 177.354003906, 178.050613403, 178.747207642, 179.44380188, 180.140411377, 180.837005615, 181.533599854, 182.230194092, 182.926803589, 183.623397827, 184.319992065, 185.016601562, 185.713195801, 186.421401978, 187.129608154, 187.826202393, 188.52281189, 189.219406128, 189.916000366, 190.612609863, 191.309204102, 192.00579834, 192.702392578, 193.410614014, 194.11882019, 194.815414429, 195.512008667, 196.208618164, 196.905212402, 197.601806641, 198.298416138, 198.995010376, 199.691604614, 200.388198853, 201.08480835, 201.793014526, 202.489608765, 203.197814941, 203.894424438, 204.579406738, 205.287612915, 205.984207153, 206.68081665, 207.377410889, 208.074005127, 208.770614624, 209.467208862, 210.175415039, 210.883621216, 211.580215454, 212.276824951, 212.973419189, 213.670013428, 214.366622925, 215.063217163, 215.759811401, 216.45640564, 217.153015137, 217.849609375, 218.546203613, 219.24281311, 219.951019287, 220.659225464, 221.355819702, 222.052429199, 222.749023438, 223.445617676, 224.142211914, 224.838821411, 225.535415649, 226.232009888, 226.928619385, 227.636825562, 228.345031738, 229.041625977, 229.738220215, 230.434829712, 231.13142395, 231.828018188, 232.524627686, 233.221221924, 233.917816162, 234.6144104, 235.322631836, 236.030838013, 236.727432251, 237.424026489, 238.120635986, 238.817230225, 239.513824463, 240.21043396, 240.907028198, 241.603622437, 242.300216675, 242.996826172, 243.69342041, 244.401626587, 245.109832764, 245.806442261, 246.503036499, 247.199630737, 247.896224976, 248.592834473, 249.289428711, 249.986022949, 250.682632446, 251.379226685, 252.075820923, 252.772415161, 253.480636597, 254.188842773, 254.885437012, 255.58203125, 256.278625488, 256.975219727, 257.671844482, 258.368438721, 259.065032959, 259.761627197, 260.458221436, 261.154815674, 261.863037109, 262.571228027, 263.267852783, 263.964447021, 264.66104126],
    "bpm_histogram": [0, 0, 0, 0, 0, 0, 0, 0, 0, 0, 0, 0, 0, 0, 0, 0, 0, 0, 0, 0, 0, 0, 0, 0, 0, 0, 0, 0, 0, 0, 0, 0, 0, 0, 0, 0, 0, 0, 0, 0, 0, 0, 0, 0, 0, 0, 0, 0, 0, 0, 0, 0, 0, 0, 0, 0, 0, 0, 0, 0, 0, 0, 0, 0, 0, 0, 0, 0, 0, 0, 0, 0, 0, 0, 0, 0, 0, 0, 0, 0, 0, 0, 0, 0, 0, 0.169312164187, 0.820105791092, 0, 0.00793650839478, 0.00264550256543, 0, 0, 0, 0, 0, 0, 0, 0, 0, 0, 0, 0, 0, 0, 0, 0, 0, 0, 0, 0, 0, 0, 0, 0, 0, 0, 0, 0, 0, 0, 0, 0, 0, 0, 0, 0, 0, 0, 0, 0, 0, 0, 0, 0, 0, 0, 0, 0, 0, 0, 0, 0, 0, 0, 0, 0, 0, 0, 0, 0, 0, 0, 0, 0, 0, 0, 0, 0, 0, 0, 0, 0, 0, 0, 0, 0, 0, 0, 0, 0, 0, 0, 0, 0, 0, 0, 0, 0, 0, 0, 0, 0, 0, 0, 0, 0, 0, 0, 0, 0, 0, 0, 0, 0, 0, 0, 0, 0, 0, 0, 0, 0, 0, 0, 0, 0, 0, 0, 0, 0, 0, 0, 0, 0, 0, 0, 0, 0, 0, 0, 0, 0, 0, 0, 0, 0, 0, 0, 0, 0, 0, 0, 0, 0, 0, 0, 0, 0, 0, 0, 0, 0, 0, 0, 0, 0, 0, 0, 0, 0]
},
"tonal": {
    "chords_changes_rate": 0.110586173832,
    "chords_number_rate": 0.00209973752499,
    "chords_strength": {
        "mean": 0.484821498394,
        "stdev": 0.0913172885776
    },
    "hpcp_crest": {
        "mean": 12.705039978,
        "stdev": 5.75647592545
    },
    "hpcp_entropy": {
        "mean": 2.11029076576,
        "stdev": 0.754671573639
    },
    "key_edma": {
        "strength": 0.562445700169,
        "key": "E",
        "scale": "minor"
    },
    "key_krumhansl": {
        "strength": 0.578241050243,
        "key": "B",
        "scale": "minor"
    },
    "key_temperley": {
        "strength": 0.595476210117,
        "key": "B",
        "scale": "minor"
    },
    "tuning_diatonic_strength": 0.51071190834,
    "tuning_equal_tempered_deviation": 0.172681495547,
    "tuning_frequency": 434.193115234,
    "tuning_nontempered_energy_ratio": 0.887660741806,
    "hpcp": {
        "mean": [0.151408419013, 0.149256139994, 0.114712901413, 0.112331971526, 0.105891682208, 0.14489479363, 0.221531003714, 0.181936070323, 0.1030465886, 0.0898760780692, 0.0816242396832, 0.0785740837455, 0.0881235376, 0.0933626890182, 0.102649822831, 0.141164422035, 0.128139317036, 0.0794115886092, 0.0665504336357, 0.0716699361801, 0.080005466938, 0.131302207708, 0.144736126065, 0.0993754863739, 0.0841775536537, 0.0785272195935, 0.111638695002, 0.178929850459, 0.161970987916, 0.10381064564, 0.133105650544, 0.137840658426, 0.0987250208855, 0.0999538004398, 0.0982788801193, 0.104100652039],
        "stdev": [0.262280672789, 0.262545853853, 0.226109549403, 0.238486632705, 0.220953136683, 0.242787703872, 0.340699881315, 0.273529201746, 0.2112223804, 0.206033632159, 0.190389364958, 0.186066955328, 0.185285300016, 0.194988310337, 0.200413346291, 0.25898951292, 0.235340476036, 0.180166497827, 0.169312402606, 0.174757227302, 0.179784670472, 0.236626207829, 0.26116117835, 0.194742098451, 0.193617805839, 0.181221485138, 0.216689169407, 0.311229109764, 0.269492745399, 0.19764469564, 0.254899650812, 0.271821647882, 0.1989274472, 0.208554685116, 0.210181906819, 0.209289893508]
    },
    "chords_histogram": [18.5651798248, 17.7952747345, 1.32983374596, 9.51881027222, 1.90726161003, 14.5931758881, 0.0699912533164, 3.27209091187, 0, 0.0524934381247, 0.384951889515, 0, 0.0349956266582, 0, 0, 0.139982506633, 1.87226593494, 0, 3.21959757805, 0.297462821007, 8.6789150238, 0.647419095039, 8.06649208069, 9.55380535126],
    "thpcp": [1, 0.821266829967, 0.465156495571, 0.405704289675, 0.368455141783, 0.354686617851, 0.397793263197, 0.421442985535, 0.463365495205, 0.637221992016, 0.578426122665, 0.358467161655, 0.300411373377, 0.323521018028, 0.361147940159, 0.592703521252, 0.653344810009, 0.448585003614, 0.379980921745, 0.354475080967, 0.503941655159, 0.807696640491, 0.731143653393, 0.468605488539, 0.600844323635, 0.622218370438, 0.445648789406, 0.451195538044, 0.443634867668, 0.469914585352, 0.683463811874, 0.673748314381, 0.517818748951, 0.507071137428, 0.477999389172, 0.654061019421],
    "chords_key": "B",
    "chords_scale": "minor"
}
}