{
"metadata": {
    "version": {
        "essentia": "2.1-dev",
        "essentia_git_sha": "v2.1_beta3-415-gd5473f3",
        "extractor": "music 2.0"
    },
    "audio_properties": {
        "analysis": {
            "equal_loudness": 0,
            "length": 169.822036743,
            "sample_rate": 44100,
            "start_time": 0,
            "downmix": "mix"
        },
        "bit_rate": 192000,
        "length": 169.822036743,
        "lossless": 0,
        "number_channels": 2,
        "replay_gain": -10.3508319855,
        "sample_rate": 44100,
        "codec": "mp3",
        "md5_encoded": "d17d9b715d6478a0f8455702279c157d"
    },
    "tags": {
        "file_name": "the_x_ecutioners-built_from_scratch.mp3",
        "album": ["Built From Scratch-RETAIL"],
        "artist": ["Xecutioners"],
        "date": ["2002"],
        "genre": ["Hip-Hop"],
        "title": ["Hip Hop Awards (skit)"]
    }
},
"lowlevel": {
    "average_loudness": 0.791681706905,
    "barkbands_crest": {
        "mean": 11.8181037903,
        "stdev": 5.13627004623
    },
    "barkbands_flatness_db": {
        "mean": 0.163264915347,
        "stdev": 0.0736435949802
    },
    "barkbands_kurtosis": {
        "mean": 10.1721792221,
        "stdev": 24.0812740326
    },
    "barkbands_skewness": {
        "mean": 1.84439063072,
        "stdev": 2.02306866646
    },
    "barkbands_spread": {
        "mean": 20.0582084656,
        "stdev": 17.1230545044
    },
    "dissonance": {
        "mean": 0.445789903402,
        "stdev": 0.0545819923282
    },
    "dynamic_complexity": 5.10715436935,
    "erbbands_crest": {
        "mean": 10.7188978195,
        "stdev": 5.17119789124
    },
    "erbbands_flatness_db": {
        "mean": 0.180116325617,
        "stdev": 0.0589035451412
    },
    "erbbands_kurtosis": {
        "mean": 2.41013383865,
        "stdev": 5.9547867775
    },
    "erbbands_skewness": {
        "mean": 0.602039515972,
        "stdev": 1.29034411907
    },
    "erbbands_spread": {
        "mean": 36.333190918,
        "stdev": 24.4690284729
    },
    "hfc": {
        "mean": 17.6393508911,
        "stdev": 18.5949306488
    },
    "loudness_ebu128": {
        "integrated": -13.689409256,
        "loudness_range": 5.34613227844,
        "momentary": {
            "mean": -15.763217926,
            "stdev": 6.70543909073
        },
        "short_term": {
            "mean": -14.4356193542,
            "stdev": 2.78559994698
        }
    },
    "melbands_crest": {
        "mean": 15.6137657166,
        "stdev": 6.45199537277
    },
    "melbands_flatness_db": {
        "mean": 0.22157278657,
        "stdev": 0.096153177321
    },
    "melbands_kurtosis": {
        "mean": 23.9714756012,
        "stdev": 50.1342697144
    },
    "melbands_skewness": {
        "mean": 2.90082621574,
        "stdev": 2.58458209038
    },
    "melbands_spread": {
        "mean": 25.4689445496,
        "stdev": 32.4860877991
    },
    "pitch_salience": {
        "mean": 0.562156915665,
        "stdev": 0.168914437294
    },
    "silence_rate_20dB": {
        "mean": 1,
        "stdev": 0
    },
    "silence_rate_30dB": {
        "mean": 0.996719062328,
        "stdev": 0.0571879595518
    },
    "silence_rate_60dB": {
        "mean": 0.185509234667,
        "stdev": 0.388718873262
    },
    "spectral_centroid": {
        "mean": 1385.00769043,
        "stdev": 980.362365723
    },
    "spectral_complexity": {
        "mean": 12.3481884003,
        "stdev": 9.45591640472
    },
    "spectral_decrease": {
        "mean": -5.96161164879e-09,
        "stdev": 6.2440954629e-09
    },
    "spectral_energy": {
        "mean": 0.0241004377604,
        "stdev": 0.0245100688189
    },
    "spectral_energyband_high": {
        "mean": 0.000781598151661,
        "stdev": 0.00156078697182
    },
    "spectral_energyband_low": {
        "mean": 0.00815089605749,
        "stdev": 0.0176513791084
    },
    "spectral_energyband_middle_high": {
        "mean": 0.00434613600373,
        "stdev": 0.00673974305391
    },
    "spectral_energyband_middle_low": {
        "mean": 0.0115059548989,
        "stdev": 0.0147190438583
    },
    "spectral_entropy": {
        "mean": 7.4458990097,
        "stdev": 0.659745931625
    },
    "spectral_flux": {
        "mean": 0.0914649441838,
        "stdev": 0.0626869723201
    },
    "spectral_kurtosis": {
        "mean": 5.42663669586,
        "stdev": 6.00254821777
    },
    "spectral_rms": {
        "mean": 0.00412746937945,
        "stdev": 0.00254492112435
    },
    "spectral_rolloff": {
        "mean": 1802.86242676,
        "stdev": 2392.66552734
    },
    "spectral_skewness": {
        "mean": 1.68626022339,
        "stdev": 0.783758878708
    },
    "spectral_spread": {
        "mean": 4996892,
        "stdev": 2143851.5
    },
    "spectral_strongpeak": {
        "mean": 0.99783205986,
        "stdev": 1.23662233353
    },
    "zerocrossingrate": {
        "mean": 0.0679140165448,
        "stdev": 0.0641188472509
    },
    "barkbands": {
        "mean": [0.000160848459927, 0.00509750377387, 0.00234521506354, 0.00115439866204, 0.00247255363502, 0.00209990260191, 0.00180830748286, 0.00182051176671, 0.00186934496742, 0.000736335641704, 0.000658716424368, 0.000695079448633, 0.000525144627318, 0.000384094659239, 0.000346311804606, 0.000280798907625, 0.000335505523253, 0.000258878309978, 0.000198696448933, 0.000190583203221, 0.000196611334104, 0.000131776949274, 0.000113562455226, 0.000103128433693, 7.73148422013e-05, 3.5471352021e-05, 3.83696442441e-06],
        "stdev": [0.000506360898726, 0.0113915568218, 0.00847032014281, 0.00397555809468, 0.00533781060949, 0.00553327146918, 0.0049471273087, 0.00599913764745, 0.00517366267741, 0.00196708273143, 0.00238214875571, 0.00229470944032, 0.00187948276289, 0.00109274848364, 0.000944679544773, 0.000973902991973, 0.000844444730319, 0.00060794793535, 0.000522908871062, 0.000483943382278, 0.00045550687355, 0.000302421831293, 0.000366119580576, 0.000336270983098, 0.000246418843744, 0.000114636000944, 1.64746943483e-05]
    },
    "erbbands": {
        "mean": [0.108990184963, 1.26430130005, 2.97817230225, 3.25589418411, 5.42413759232, 9.19648265839, 11.4345493317, 19.2848796844, 25.1067085266, 32.8224906921, 39.9075546265, 44.2223510742, 29.5971221924, 23.244808197, 27.8319149017, 27.9618530273, 24.4314079285, 20.8018112183, 18.6531486511, 17.0036315918, 16.2193603516, 18.9887943268, 15.434800148, 11.3181533813, 8.90554046631, 9.15319442749, 9.13102149963, 6.84286832809, 4.87687253952, 3.6722009182, 3.25757670403, 2.64384841919, 1.4001994133, 0.898919463158, 0.524656355381, 0.199125096202, 0.0568147413433, 0.0105449641123, 0.000614808348473, 4.5785553084e-05],
        "stdev": [0.251124173403, 2.97674274445, 9.35650730133, 10.9133768082, 15.6862306595, 22.1798534393, 29.688211441, 54.3587112427, 75.6593551636, 92.6204605103, 123.15738678, 131.723342896, 75.9105148315, 65.5158081055, 95.0350952148, 83.1920776367, 80.1927947998, 57.7662353516, 47.1848831177, 56.6865615845, 48.4186553955, 44.2194633484, 34.881942749, 28.8807849884, 21.3267784119, 22.9318466187, 22.7834205627, 15.2896337509, 10.8457117081, 10.5169315338, 10.7767534256, 9.27677726746, 4.3773393631, 2.88671731949, 1.78201115131, 0.633267581463, 0.201452672482, 0.0354819856584, 0.00273072510026, 0.000168446698808]
    },
    "gfcc": {
        "mean": [-68.7285842896, 72.1082763672, -111.250244141, 21.9133548737, -68.1214523315, 6.09718513489, -41.4933395386, 9.41482162476, -23.3541259766, 4.15257644653, -17.6817798615, 1.20313930511, -11.6807746887],
        "cov": [[20556.0214844, 244.648040771, -1546.29919434, -795.151062012, -499.524505615, -444.407409668, 64.6006851196, 212.257354736, -220.137405396, 205.277603149, -50.6904754639, 282.599884033, -28.5924263], [244.648040771, 2511.97216797, 125.625343323, -288.682525635, 450.909545898, -90.8243103027, 207.367202759, 0.710764527321, 92.6757125854, -94.0627059937, 167.557754517, -63.7460403442, 62.4524841309], [-1546.29919434, 125.625343323, 1569.04516602, 572.764709473, 223.917984009, 154.522232056, -35.541595459, -16.734418869, 18.5431346893, -29.7364139557, -3.77336144447, 21.8253688812, -32.0574378967], [-795.151062012, -288.682525635, 572.764709473, 997.751037598, 377.723632812, 184.659072876, -28.7952766418, 45.8488082886, 106.155693054, 47.0523948669, 16.0371246338, 12.1259622574, 53.8914031982], [-499.524505615, 450.909545898, 223.917984009, 377.723632812, 861.545532227, 262.810394287, 62.216217041, 101.404953003, 81.2397613525, -2.27138590813, 28.4319705963, -1.91875338554, 35.492980957], [-444.407409668, -90.8243103027, 154.522232056, 184.659072876, 262.810394287, 465.9190979, 217.858459473, 78.7786712646, 6.83333349228, 30.4796295166, 46.6127090454, 13.0554447174, 16.0832462311], [64.6006851196, 207.367202759, -35.541595459, -28.7952766418, 62.216217041, 217.858459473, 487.617889404, 130.944152832, -9.21884918213, 26.5688667297, 76.3184585571, 36.6638374329, 28.422668457], [212.257354736, 0.710764527321, -16.734418869, 45.8488082886, 101.404953003, 78.7786712646, 130.944152832, 212.093154907, 64.3593215942, 17.7150993347, 11.0387973785, 21.5855865479, 4.76889324188], [-220.137405396, 92.6757125854, 18.5431346893, 106.155693054, 81.2397613525, 6.83333349228, -9.21884918213, 64.3593215942, 232.59942627, 72.2038116455, 27.1553840637, -13.1732463837, 32.5207443237], [205.277603149, -94.0627059937, -29.7364139557, 47.0523948669, -2.27138590813, 30.4796295166, 26.5688667297, 17.7150993347, 72.2038116455, 167.347946167, 53.4607009888, 21.0916156769, 24.3901786804], [-50.6904754639, 167.557754517, -3.77336144447, 16.0371246338, 28.4319705963, 46.6127090454, 76.3184585571, 11.0387973785, 27.1553840637, 53.4607009888, 180.846679688, 51.6785202026, 37.1564064026], [282.599884033, -63.7460403442, 21.8253688812, 12.1259622574, -1.91875338554, 13.0554447174, 36.6638374329, 21.5855865479, -13.1732463837, 21.0916156769, 51.6785202026, 134.372238159, 39.1263923645], [-28.5924263, 62.4524841309, -32.0574378967, 53.8914031982, 35.492980957, 16.0832462311, 28.422668457, 4.76889324188, 32.5207443237, 24.3901786804, 37.1564064026, 39.1263923645, 130.540176392]],
        "icov": [[6.08250702498e-05, -4.23555429734e-05, 6.27207118669e-05, -1.92150910152e-05, 3.66300046153e-05, 1.92067400349e-05, 3.15891957143e-05, -0.000105994382466, 0.000109931672341, -0.000147107130033, 0.000105494793388, -0.000174755958142, 6.40402286081e-05], [-4.23555429734e-05, 0.000814129016362, -0.00027039842098, 0.000518944056239, -0.000716708076652, 0.000652976625133, -0.000584074819926, 0.000433189183241, -0.000494091887958, 0.000705769751221, -0.000930122216232, 0.000815742881969, -0.000442176271463], [6.27207118669e-05, -0.00027039842098, 0.000991166685708, -0.000670297245961, 0.000242782931309, -0.000337356119417, 0.000213100298424, 3.25548644469e-05, 0.000152100721607, -2.41043308051e-05, 0.000352002651198, -0.000698728254065, 0.000667040003464], [-1.92150910152e-05, 0.000518944056239, -0.000670297245961, 0.0019415494753, -0.000894682074431, 0.00010872517305, -5.69658077438e-05, 0.00013151227904, -0.000603802036494, 7.74833388277e-05, -0.000452158448752, 0.000550566473976, -0.000881538493559], [3.66300046153e-05, -0.000716708076652, 0.000242782931309, -0.000894682074431, 0.0023234419059, -0.00139960495289, 0.000780438189395, -0.000907313020434, 0.000129967607791, -0.000101465746411, 0.000608781119809, -0.000524139555637, 0.000154212742927], [1.92067400349e-05, 0.000652976625133, -0.000337356119417, 0.00010872517305, -0.00139960495289, 0.0040809889324, -0.00189784588292, 0.000173577369424, 0.000183876429219, -0.000110967710498, -0.000844981521368, 0.000799321918748, -0.000175437773578], [3.15891957143e-05, -0.000584074819926, 0.000213100298424, -5.69658077438e-05, 0.000780438189395, -0.00189784588292, 0.00380780850537, -0.00222104834393, 0.00105260300916, -0.000571175711229, -0.000347250374034, -0.000449990271591, -0.000285907561192], [-0.000105994382466, 0.000433189183241, 3.25548644469e-05, 0.00013151227904, -0.000907313020434, 0.000173577369424, -0.00222104834393, 0.0073187625967, -0.00263030244969, 0.000889050017577, 0.000385987921618, -0.00097784306854, 0.000837152241729], [0.000109931672341, -0.000494091887958, 0.000152100721607, -0.000603802036494, 0.000129967607791, 0.000183876429219, 0.00105260300916, -0.00263030244969, 0.00674154702574, -0.00302086770535, -2.86245613097e-05, 0.00114847731311, -0.0010951498989], [-0.000147107130033, 0.000705769751221, -2.41043308051e-05, 7.74833388277e-05, -0.000101465746411, -0.000110967710498, -0.000571175711229, 0.000889050017577, -0.00302086770535, 0.00870652217418, -0.00252710003406, 0.000107023115561, -0.0004615689395], [0.000105494793388, -0.000930122216232, 0.000352002651198, -0.000452158448752, 0.000608781119809, -0.000844981521368, -0.000347250374034, 0.000385987921618, -2.86245613097e-05, -0.00252710003406, 0.00846315268427, -0.00336458277889, -0.000179874637979], [-0.000174755958142, 0.000815742881969, -0.000698728254065, 0.000550566473976, -0.000524139555637, 0.000799321918748, -0.000449990271591, -0.00097784306854, 0.00114847731311, 0.000107023115561, -0.00336458277889, 0.0107855992392, -0.00323085812852], [6.40402286081e-05, -0.000442176271463, 0.000667040003464, -0.000881538493559, 0.000154212742927, -0.000175437773578, -0.000285907561192, 0.000837152241729, -0.0010951498989, -0.0004615689395, -0.000179874637979, -0.00323085812852, 0.00980378035456]]
    },
    "melbands": {
        "mean": [0.00122903950978, 0.00166432757396, 0.000632927170955, 0.000533683400135, 0.000409177155234, 0.000433910958236, 0.000380107725505, 0.000373532209778, 0.000323254091199, 0.000272631936241, 0.000141265016282, 9.10759918042e-05, 9.26337670535e-05, 8.238247392e-05, 6.05207424087e-05, 5.08574994456e-05, 3.69017579942e-05, 2.98603445117e-05, 2.6866542612e-05, 1.85651479114e-05, 1.9402752514e-05, 1.94781641767e-05, 1.77504080057e-05, 1.12374909804e-05, 8.95045013749e-06, 7.26557391317e-06, 5.24933011548e-06, 6.339668289e-06, 6.13435668129e-06, 4.612423254e-06, 3.74834917238e-06, 2.85394594357e-06, 2.28303224503e-06, 1.93399978343e-06, 1.87336968338e-06, 1.81041968972e-06, 1.53607072662e-06, 1.02391493328e-06, 7.60259865729e-07, 7.63288085182e-07],
        "stdev": [0.00268734502606, 0.00432069273666, 0.0019482257776, 0.00125353061594, 0.000951296358835, 0.00118175847456, 0.00106934504583, 0.00109729287215, 0.000968222739175, 0.000813412596472, 0.000378975324566, 0.000262191286311, 0.000327098678099, 0.000292565207928, 0.000181386567419, 0.000206691038329, 0.000109279608296, 8.53346573422e-05, 8.08797194622e-05, 7.18825758668e-05, 6.23500091024e-05, 4.79606824229e-05, 4.17536903115e-05, 2.93021548714e-05, 2.45784904109e-05, 2.02032715606e-05, 1.23605959743e-05, 1.78034169949e-05, 1.6819096345e-05, 1.12177367555e-05, 8.44000896905e-06, 6.51533900964e-06, 6.14576720182e-06, 6.10192955719e-06, 6.39012887405e-06, 6.54605264572e-06, 5.38343283552e-06, 3.34838523486e-06, 2.27898317462e-06, 2.66317260866e-06]
    },
    "melbands128": {
        "mean": [0.000136649498018, 0.000665918516461, 0.00171871064231, 0.00225104088895, 0.00179307977669, 0.00101527094375, 0.000629163929261, 0.000580488296691, 0.000512362923473, 0.000553725811187, 0.000560615386348, 0.000429700041423, 0.000379366567358, 0.000366183550796, 0.000425292470027, 0.000480173970573, 0.000467905541882, 0.000337965553626, 0.000315538403811, 0.000374436873244, 0.000405298458645, 0.000368525419617, 0.000298129743896, 0.000292407727102, 0.000316021614708, 0.000260112807155, 0.000181870374945, 0.000135104739456, 0.000101129167888, 8.55548132677e-05, 8.67800772539e-05, 0.000101400844869, 9.48014421738e-05, 8.67955968715e-05, 8.31619254313e-05, 8.63110617502e-05, 7.11109532858e-05, 6.04826600465e-05, 5.26867333974e-05, 5.39465436304e-05, 5.50599397684e-05, 3.98887132178e-05, 3.81198515242e-05, 3.38786703651e-05, 3.32434428856e-05, 2.80192944047e-05, 2.71778808383e-05, 2.95691443171e-05, 2.60133529082e-05, 2.12211180042e-05, 1.68478291016e-05, 1.710010838e-05, 1.85898261407e-05, 2.08907713386e-05, 1.94366148207e-05, 1.83272404684e-05, 2.07760731428e-05, 2.04138650588e-05, 1.62358192028e-05, 1.37057950269e-05, 1.07351397673e-05, 9.69202937995e-06, 9.42806673265e-06, 8.76816829987e-06, 8.18294483906e-06, 7.53542190068e-06, 6.7620894697e-06, 5.24438883076e-06, 4.6423783715e-06, 5.43190981261e-06, 6.39730433249e-06, 6.7661499088e-06, 6.87493638907e-06, 6.16034230916e-06, 5.10574000145e-06, 4.72037572763e-06, 4.44216948381e-06, 3.93403706767e-06, 3.79835091735e-06, 3.42353632732e-06, 2.99224484479e-06, 2.59297621596e-06, 2.46221134148e-06, 2.3010318273e-06, 2.12459690374e-06, 1.91016442841e-06, 1.88383057775e-06, 1.90911532627e-06, 1.88763817732e-06, 1.8453871462e-06, 1.81544442057e-06, 1.79687833679e-06, 1.81319910553e-06, 1.60370245794e-06, 1.33356058996e-06, 1.16578576126e-06, 9.3964882808e-07, 8.58089720168e-07, 7.34428738269e-07, 7.11584505098e-07, 7.79659387717e-07, 7.63086291045e-07, 7.69587245486e-07, 6.78072410665e-07, 5.53694121663e-07, 5.4906627156e-07, 5.3414521517e-07, 4.12435952057e-07, 3.30508214574e-07, 2.45393863452e-07, 2.2060318372e-07, 1.98846421995e-07, 1.76537312768e-07, 1.50200847315e-07, 1.2633203994e-07, 1.01193855073e-07, 7.74172335127e-08, 3.79034759135e-08, 2.21467644224e-08, 1.39224392015e-08, 9.58118206995e-09, 6.57201137955e-09, 4.35948077637e-09, 5.63702522161e-11, 3.39011522847e-12, 3.34650297924e-12, 3.31760942503e-12, 3.29582216553e-12],
        "stdev": [0.000466850353405, 0.00196354882792, 0.00411743391305, 0.00554452463984, 0.00536932144314, 0.00373476068489, 0.00237728236243, 0.0020307181403, 0.00187216128688, 0.00162122596521, 0.00178360030986, 0.00119976093993, 0.00119512865786, 0.00149615888949, 0.00151748373173, 0.0016476776218, 0.00203226786107, 0.0012754779309, 0.00108375947457, 0.00136104098056, 0.00173718202859, 0.00170087837614, 0.00119785277639, 0.00122595962603, 0.00131507497281, 0.000973174814135, 0.000681795703713, 0.000504711468238, 0.000370399880921, 0.0002967887267, 0.000391403358663, 0.000517842767294, 0.000446385762189, 0.000478718924569, 0.000481826398754, 0.000406574923545, 0.000300336600048, 0.000257887411863, 0.000232410471654, 0.000277335697319, 0.000347661902197, 0.000171391118784, 0.000160862604389, 0.000138571296702, 0.000137840543175, 0.000109620130388, 9.77536328719e-05, 0.000112966219604, 0.00010816341819, 0.000145006750245, 7.70565820858e-05, 8.36809558677e-05, 8.1433543528e-05, 8.75185796758e-05, 6.71030793455e-05, 5.69941912545e-05, 7.03402329236e-05, 6.70895024086e-05, 4.73336549476e-05, 4.63082978968e-05, 4.03712911066e-05, 3.26120207319e-05, 3.16629630106e-05, 2.900868094e-05, 3.07693408104e-05, 2.68008043349e-05, 2.08128949453e-05, 1.51225640366e-05, 1.37168426591e-05, 1.59277678904e-05, 2.00520353246e-05, 2.57205865637e-05, 2.38292268477e-05, 1.94600743271e-05, 1.39982066685e-05, 1.25028527691e-05, 1.27146795421e-05, 1.09995389721e-05, 9.33073170017e-06, 8.29026339488e-06, 7.83840550866e-06, 6.73007707519e-06, 6.36630193185e-06, 7.31682621335e-06, 6.64379467707e-06, 6.40494727122e-06, 6.75345836498e-06, 6.90257365932e-06, 6.84483757141e-06, 6.75047976983e-06, 7.13265853847e-06, 7.02812303643e-06, 7.41289522921e-06, 5.99222448727e-06, 4.57872283732e-06, 4.26027008871e-06, 3.29567069457e-06, 3.12355564347e-06, 2.25344388127e-06, 2.15567069972e-06, 2.76664377452e-06, 3.0029032132e-06, 3.16326190841e-06, 2.88495334644e-06, 1.93566165763e-06, 1.93916662283e-06, 1.94090853256e-06, 1.33240348532e-06, 1.185110591e-06, 8.68452957548e-07, 8.21091077796e-07, 8.06955142707e-07, 6.83910343469e-07, 5.60279715955e-07, 4.77858520753e-07, 3.39478447131e-07, 2.70066209396e-07, 1.82172939844e-07, 1.29774122115e-07, 9.25073848634e-08, 7.19629795753e-08, 9.17348828011e-08, 2.11830709418e-07, 2.92686985759e-09, 6.08890368681e-12, 6.00939827414e-12, 5.95485032812e-12, 5.9206068867e-12]
    },
    "mfcc": {
        "mean": [-711.369934082, 106.171112061, 5.91375541687, 14.717417717, -4.1182975769, -3.80575466156, -7.23534250259, -1.30341959, -1.29118669033, -1.98936569691, -0.51285046339, 1.64177620411, -3.89570474625],
        "cov": [[16443.765625, 1146.3527832, -1470.7421875, -263.123413086, -788.574768066, -418.630462646, -167.89364624, -126.73097229, -17.6010894775, -137.57611084, -26.8718757629, 122.725563049, -63.4213371277], [1146.3527832, 2606.38867188, -236.87638855, -116.882537842, 44.1266174316, -112.521469116, 118.343330383, 58.7385635376, -3.23362779617, -90.5177307129, 84.9277038574, 45.9090919495, -6.45175743103], [-1470.7421875, -236.87638855, 1300.51623535, 343.196777344, 151.121917725, 144.528762817, 8.46154880524, 42.8943557739, -40.4155311584, 36.6223602295, -48.658618927, -10.539683342, 53.4548492432], [-263.123413086, -116.882537842, 343.196777344, 702.377441406, 402.484436035, 149.294845581, 26.7463264465, 58.333896637, 69.17137146, 49.8156433105, 15.853937149, -11.6690731049, 65.9033203125], [-788.574768066, 44.1266174316, 151.121917725, 402.484436035, 832.991210938, 238.539001465, 39.7641181946, 79.2965393066, 71.9892044067, 65.036781311, 37.980922699, -23.9092254639, 21.0857067108], [-418.630462646, -112.521469116, 144.528762817, 149.294845581, 238.539001465, 392.296813965, 212.970947266, 98.8857727051, 70.6456222534, 93.2496337891, 16.7003097534, 33.1858062744, 51.7424850464], [-167.89364624, 118.343330383, 8.46154880524, 26.7463264465, 39.7641181946, 212.970947266, 444.303894043, 204.960968018, 69.3256607056, 47.8741073608, 45.4442596436, 53.9842376709, 49.259475708], [-126.73097229, 58.7385635376, 42.8943557739, 58.333896637, 79.2965393066, 98.8857727051, 204.960968018, 276.402832031, 86.1861572266, 41.988445282, 53.7469596863, 12.5190267563, 35.8036079407], [-17.6010894775, -3.23362779617, -40.4155311584, 69.17137146, 71.9892044067, 70.6456222534, 69.3256607056, 86.1861572266, 205.809265137, 75.5419998169, 41.8221511841, 21.0976715088, 15.7622680664], [-137.57611084, -90.5177307129, 36.6223602295, 49.8156433105, 65.036781311, 93.2496337891, 47.8741073608, 41.988445282, 75.5419998169, 214.644226074, 43.8597717285, 18.6682052612, 31.6654624939], [-26.8718757629, 84.9277038574, -48.658618927, 15.853937149, 37.980922699, 16.7003097534, 45.4442596436, 53.7469596863, 41.8221511841, 43.8597717285, 174.788192749, 28.6353607178, 11.6975641251], [122.725563049, 45.9090919495, -10.539683342, -11.6690731049, -23.9092254639, 33.1858062744, 53.9842376709, 12.5190267563, 21.0976715088, 18.6682052612, 28.6353607178, 139.835525513, 46.9388122559], [-63.4213371277, -6.45175743103, 53.4548492432, 65.9033203125, 21.0857067108, 51.7424850464, 49.259475708, 35.8036079407, 15.7622680664, 31.6654624939, 11.6975641251, 46.9388122559, 129.451477051]],
        "icov": [[7.50929466449e-05, -3.18731435982e-05, 9.08788206289e-05, -7.83833820606e-05, 9.09992668312e-05, -8.8188189693e-06, 4.80323360534e-05, -2.9141718187e-05, 1.49524266817e-05, -4.85655937155e-06, 4.46648082288e-05, -7.74156069383e-05, 3.94661547034e-05], [-3.18731435982e-05, 0.000441126350779, -4.74284979646e-06, 0.000111807938083, -0.000179725218914, 0.000264666683506, -0.000244534545345, 2.72611468972e-05, -8.9835439212e-06, 0.000183600015589, -0.000189866419532, -8.13984152046e-05, -3.6740595533e-05], [9.08788206289e-05, -4.74284979646e-06, 0.00107654079329, -0.000586707377806, 0.000243035770836, -0.000345228385413, 0.000269172247499, -0.00033375894418, 0.000497736909892, -0.000135710331961, 0.000316723133437, -0.000108330394141, -3.0023191357e-05], [-7.83833820606e-05, 0.000111807938083, -0.000586707377806, 0.00246894778684, -0.00110991043039, 5.97266989644e-05, -3.96649375034e-05, 0.000149610656081, -0.000633678515442, 0.000181486568181, -0.000150923093315, 0.000439875904704, -0.00102995871566], [9.09992668312e-05, -0.000179725218914, 0.000243035770836, -0.00110991043039, 0.00216785445809, -0.00128426030278, 0.000714862719178, -0.000458474794868, 5.41228728252e-05, -3.57733442797e-05, -0.000195541026187, 0.000230414196267, 0.000451598782092], [-8.8188189693e-06, 0.000264666683506, -0.000345228385413, 5.97266989644e-05, -0.00128426030278, 0.00508762151003, -0.00245271786116, 0.000646740139928, -0.000449791812571, -0.00107676291373, 0.000470363127533, -0.000338049634593, -0.000550669501536], [4.80323360534e-05, -0.000244534545345, 0.000269172247499, -3.96649375034e-05, 0.000714862719178, -0.00245271786116, 0.00485556665808, -0.00296016875654, 0.000282190012513, 0.000224687930313, -4.26320111728e-05, -0.000914424308576, 1.47046603161e-06], [-2.9141718187e-05, 2.72611468972e-05, -0.00033375894418, 0.000149610656081, -0.000458474794868, 0.000646740139928, -0.00296016875654, 0.0065282783471, -0.00179839797784, 0.000145427693496, -0.00104977213778, 0.00111264560837, -0.000939441262744], [1.49524266817e-05, -8.9835439212e-06, 0.000497736909892, -0.000633678515442, 5.41228728252e-05, -0.000449791812571, 0.000282190012513, -0.00179839797784, 0.00672300625592, -0.00177962484304, -0.000364132632967, -0.00076508015627, 0.000611969619058], [-4.85655937155e-06, 0.000183600015589, -0.000135710331961, 0.000181486568181, -3.57733442797e-05, -0.00107676291373, 0.000224687930313, 0.000145427693496, -0.00177962484304, 0.00611349195242, -0.00120054907165, 0.000108484280645, -0.000928688212298], [4.46648082288e-05, -0.000189866419532, 0.000316723133437, -0.000150923093315, -0.000195541026187, 0.000470363127533, -4.26320111728e-05, -0.00104977213778, -0.000364132632967, -0.00120054907165, 0.00683249020949, -0.00128307426348, 0.000294725818094], [-7.74156069383e-05, -8.13984152046e-05, -0.000108330394141, 0.000439875904704, 0.000230414196267, -0.000338049634593, -0.000914424308576, 0.00111264560837, -0.00076508015627, 0.000108484280645, -0.00128307426348, 0.00908348243684, -0.00319446227513], [3.94661547034e-05, -3.6740595533e-05, -3.0023191357e-05, -0.00102995871566, 0.000451598782092, -0.000550669501536, 1.47046603161e-06, -0.000939441262744, 0.000611969619058, -0.000928688212298, 0.000294725818094, -0.00319446227513, 0.00996929686517]]
    },
    "spectral_contrast_coeffs": {
        "mean": [-0.667944073677, -0.74489569664, -0.772198498249, -0.798383772373, -0.789757311344, -0.781048357487],
        "stdev": [0.121941044927, 0.115720316768, 0.0926958620548, 0.0760989785194, 0.0705743804574, 0.0538148097694]
    },
    "spectral_contrast_valleys": {
        "mean": [-7.96736383438, -7.3105301857, -8.10829734802, -8.37576770782, -8.31385135651, -10.5916814804],
        "stdev": [1.53878760338, 1.61197412014, 1.6028034687, 1.4796577692, 1.47235739231, 1.44961512089]
    }
},
"rhythm": {
    "beats_count": 308,
    "beats_loudness": {
        "mean": 0.0322709716856,
        "stdev": 0.02569360286
    },
    "bpm": 90.8403091431,
    "bpm_histogram_first_peak_bpm": 91,
    "bpm_histogram_first_peak_weight": 0.447368443012,
    "bpm_histogram_second_peak_bpm": 167,
    "bpm_histogram_second_peak_spread": 0,
    "bpm_histogram_second_peak_weight": 0.127035826445,
    "danceability": 1.19744241238,
    "onset_rate": 4.77501583099,
    "beats_loudness_band_ratio": {
        "mean": [0.385010629892, 0.191988542676, 0.209053263068, 0.0960977450013, 0.0696404725313, 0.0894929990172],
        "stdev": [0.36525413394, 0.224338024855, 0.235893711448, 0.144684240222, 0.103776678443, 0.170701593161]
    },
    "beats_position": [0.626938760281, 1.27709746361, 1.90403628349, 2.53097510338, 3.16952371597, 3.8196823597, 4.45823097229, 5.10838985443, 5.75854873657, 6.420317173, 7.08208608627, 7.72063493729, 8.35918331146, 8.98612213135, 9.63628101349, 10.2748298645, 10.9017686844, 11.5403175354, 12.1672563553, 12.7941951752, 13.4211339951, 14.0596818924, 14.6982307434, 15.3367795944, 15.9869384766, 16.6719264984, 17.3453063965, 17.995464325, 18.6688423157, 19.3190021515, 19.96916008, 20.6193199158, 21.153377533, 21.6990470886, 22.221496582, 22.7439460754, 23.2896137238, 23.8468933105, 24.40417099, 24.9498405457, 25.4722900391, 25.9947395325, 26.5171871185, 27.0280265808, 27.5504760742, 28.0729255676, 28.6069831848, 29.1178226471, 29.6286621094, 30.1394996643, 30.6735591888, 31.2076187134, 31.7416782379, 32.264125824, 32.7865753174, 33.3090248108, 33.8314743042, 34.2262115479, 34.6441726685, 35.0505218506, 35.4568710327, 35.8516082764, 36.2463493347, 36.6410865784, 37.0474357605, 37.4189567566, 37.790473938, 38.1503829956, 38.5102958679, 38.8702049255, 39.2417221069, 39.613243103, 39.9731521606, 40.3330612183, 40.6813583374, 41.041267395, 41.4011802673, 41.761089325, 42.1209983826, 42.4692955017, 42.8175964355, 43.1775054932, 43.5374145508, 43.8973236084, 44.257232666, 44.6055335999, 44.9654426575, 45.3253517151, 45.6736488342, 46.0335578918, 46.3934669495, 46.7533760071, 47.1132888794, 47.4615859985, 47.8098869324, 48.16979599, 48.5297050476, 48.8896141052, 49.2495231628, 49.6094322205, 49.9693412781, 50.3176422119, 50.6659393311, 51.0258483887, 51.3857574463, 51.7340583801, 52.0939674377, 52.4538764954, 52.813785553, 53.1736946106, 53.5219955444, 53.8819046021, 54.2418136597, 54.6017227173, 54.9616317749, 55.3099327087, 55.6698417664, 56.029750824, 56.3780479431, 56.726348877, 57.0862579346, 57.4461669922, 57.8176841736, 58.2124252319, 58.5955543518, 58.9786834717, 59.5011329651, 60.0235824585, 60.5344200134, 61.0916976929, 61.6721992493, 62.2410888672, 62.9144668579, 63.5762329102, 64.2496109009, 64.9113845825, 65.5731506348, 66.234916687, 66.8966903687, 67.5700683594, 68.2434463501, 68.9052124023, 69.5785903931, 70.2403640747, 70.9137420654, 71.5755081177, 72.2372741699, 72.91065979, 73.5724258423, 74.2341918945, 74.9075698853, 75.580947876, 76.2543258667, 76.9160995483, 77.5778656006, 78.2280273438, 78.9014053345, 79.5631713867, 80.2249450684, 80.8750991821, 81.5136489868, 82.1754150391, 82.8371887207, 83.4989547729, 84.1607208252, 84.8224945068, 85.4958724976, 86.1692504883, 86.8194122314, 87.4811782837, 88.1429443359, 88.8047180176, 89.4780960083, 90.151473999, 90.8132400513, 91.4750061035, 92.1367797852, 92.8101577759, 93.4719238281, 94.1336975098, 94.795463562, 95.4572296143, 96.1190032959, 96.7807693481, 97.4425354004, 98.104309082, 98.7776870728, 99.439453125, 100.101219177, 100.762992859, 101.43637085, 102.098136902, 102.759910583, 103.421676636, 104.095054626, 104.756820679, 105.41859436, 105.999092102, 106.579589844, 107.090431213, 107.601264954, 108.112106323, 108.64616394, 109.180221558, 109.737503052, 110.283172607, 110.828842163, 111.374511719, 111.920181274, 112.454238892, 112.988296509, 113.533966064, 114.091247559, 114.683357239, 115.287071228, 115.86756897, 116.366798401, 116.854415894, 117.342041016, 117.829658508, 118.352104187, 118.874557495, 119.385391235, 119.884620667, 120.395462036, 120.906303406, 121.417137146, 121.951202393, 122.473648071, 122.99609375, 123.530158997, 124.064216614, 124.598274231, 125.143943787, 125.689613342, 126.223670959, 126.757728577, 127.268569946, 127.802627563, 128.336685181, 128.870742798, 129.393188477, 129.927261353, 130.46131897, 131.030197144, 131.587478638, 132.133148193, 132.678817749, 133.224487305, 133.77015686, 134.315826416, 134.861495972, 135.441986084, 136.010879517, 136.579772949, 137.160263062, 137.740768433, 138.344482422, 138.936599731, 139.517089844, 140.178863525, 140.852249146, 141.537231445, 142.222213745, 142.930435181, 143.638641357, 144.312011719, 144.997009277, 145.681991577, 146.355377197, 147.028747559, 147.713745117, 148.398727417, 149.04888916, 149.699050903, 150.372421265, 151.045806885, 151.695953369, 152.346115112, 153.007888794, 153.646438599, 154.261764526, 154.877090454, 155.50402832, 156.130966187, 156.757904053, 157.384857178, 158.023391724, 158.661941528, 159.300491333, 159.927429199, 160.565979004, 161.19291687, 161.831466675, 162.458404541, 163.096954346, 163.619400024, 164.141860962, 164.675918579, 165.198364258, 165.720809937, 166.254867554, 166.777328491, 167.29977417, 167.822219849, 168.344665527, 168.867111206, 169.389572144],
    "bpm_histogram": [0, 0, 0, 0, 0, 0, 0, 0, 0, 0, 0, 0, 0, 0, 0, 0, 0, 0, 0, 0, 0, 0, 0, 0, 0, 0, 0, 0, 0, 0, 0, 0, 0, 0, 0, 0, 0, 0, 0, 0, 0, 0, 0, 0, 0, 0, 0, 0, 0, 0, 0, 0, 0, 0, 0, 0, 0, 0, 0, 0, 0, 0, 0, 0, 0, 0, 0, 0, 0, 0, 0, 0, 0, 0, 0, 0, 0, 0, 0, 0, 0, 0, 0, 0, 0, 0.00651465775445, 0, 0, 0.0228013023734, 0.0879478827119, 0, 0.149837136269, 0.0553745925426, 0, 0.0553745925426, 0, 0.0456026047468, 0, 0.00651465775445, 0.00651465775445, 0, 0.00651465775445, 0, 0.0260586310178, 0, 0.0130293155089, 0, 0, 0.019543973729, 0, 0.0521172620356, 0, 0.0716612413526, 0, 0, 0.0912052094936, 0, 0.0423452779651, 0, 0, 0.00651465775445, 0, 0, 0.00977198686451, 0, 0, 0, 0, 0, 0, 0, 0, 0, 0, 0, 0, 0, 0, 0, 0, 0, 0, 0, 0, 0.00325732887723, 0, 0, 0, 0.00977198686451, 0, 0, 0, 0.0162866450846, 0, 0, 0, 0, 0.00651465775445, 0, 0, 0, 0.0162866450846, 0, 0, 0, 0, 0, 0.127035826445, 0, 0, 0, 0, 0.0456026047468, 0, 0, 0, 0, 0, 0, 0, 0, 0, 0, 0, 0, 0, 0, 0, 0, 0, 0, 0, 0, 0, 0, 0, 0, 0, 0, 0, 0, 0, 0, 0, 0, 0, 0, 0, 0, 0, 0, 0, 0, 0, 0, 0, 0, 0, 0, 0, 0, 0, 0, 0, 0, 0, 0, 0, 0, 0, 0, 0, 0, 0, 0, 0, 0, 0, 0, 0, 0, 0, 0, 0, 0, 0, 0, 0, 0, 0]
},
"tonal": {
    "chords_changes_rate": 0.151448875666,
    "chords_number_rate": 0.00601421529427,
    "chords_strength": {
        "mean": 0.439897269011,
        "stdev": 0.0985290110111
    },
    "hpcp_crest": {
        "mean": 12.7478647232,
        "stdev": 7.16718101501
    },
    "hpcp_entropy": {
        "mean": 2.20229816437,
        "stdev": 0.910618960857
    },
    "key_edma": {
        "strength": 0.254707187414,
        "key": "G",
        "scale": "major"
    },
    "key_krumhansl": {
        "strength": 0.255932658911,
        "key": "G",
        "scale": "major"
    },
    "key_temperley": {
        "strength": 0.256684839725,
        "key": "G",
        "scale": "major"
    },
    "tuning_diatonic_strength": 0.211779907346,
    "tuning_equal_tempered_deviation": 0.310641825199,
    "tuning_frequency": 434.193115234,
    "tuning_nontempered_energy_ratio": 0.907016694546,
    "hpcp": {
        "mean": [0.146305605769, 0.123154170811, 0.11862859875, 0.113856822252, 0.125931635499, 0.139209061861, 0.122793726623, 0.125355571508, 0.132891044021, 0.126691013575, 0.118339300156, 0.111084133387, 0.114097006619, 0.127589970827, 0.138456314802, 0.132524520159, 0.142581701279, 0.183237120509, 0.168709397316, 0.123913638294, 0.123548835516, 0.127797678113, 0.138474047184, 0.157647281885, 0.179583653808, 0.19060215354, 0.169494524598, 0.156679019332, 0.1635928303, 0.161924928427, 0.151055932045, 0.162613272667, 0.17012745142, 0.147095173597, 0.139732047915, 0.153369247913],
        "stdev": [0.244428291917, 0.219157874584, 0.215364784002, 0.207801699638, 0.226705864072, 0.243330866098, 0.221577629447, 0.224238246679, 0.235108718276, 0.230137646198, 0.212432309985, 0.207525774837, 0.21032910049, 0.223721683025, 0.239600092173, 0.231719017029, 0.222947686911, 0.29026889801, 0.267738252878, 0.218687564135, 0.213747546077, 0.219748422503, 0.235905393958, 0.253109276295, 0.275730133057, 0.281441807747, 0.269582331181, 0.259099692106, 0.265007615089, 0.258750587702, 0.25474768877, 0.258090496063, 0.274191260338, 0.241796270013, 0.23619478941, 0.250177770853]
    },
    "chords_histogram": [8.09185314178, 6.23291397095, 3.6085293293, 5.11208295822, 1.91361403465, 2.92509579659, 2.56971025467, 1.17550575733, 2.13231277466, 0.956807017326, 5.90486621857, 2.62438488007, 12.0284309387, 4.42864942551, 2.56971025467, 5.74084186554, 0.574084222317, 2.07763814926, 8.72061252594, 4.70202302933, 5.79551649094, 3.03444504738, 1.33952975273, 5.74084186554],
    "thpcp": [1, 0.889258205891, 0.822021245956, 0.858294785023, 0.849544048309, 0.792519569397, 0.853155493736, 0.892578840256, 0.771739304066, 0.733108460903, 0.80465644598, 0.767596840858, 0.646132111549, 0.622388541698, 0.597353279591, 0.660704135895, 0.730364561081, 0.644241034985, 0.657681822777, 0.697216928005, 0.664688229561, 0.620870769024, 0.582806289196, 0.59861344099, 0.669404685497, 0.726415276527, 0.695293903351, 0.748059213161, 0.961359143257, 0.885138988495, 0.650116682053, 0.648202717304, 0.670494437218, 0.726508319378, 0.827101290226, 0.942191123962],
    "chords_key": "C#",
    "chords_scale": "major"
}
}