{
"metadata": {
    "version": {
        "essentia": "2.1-dev",
        "essentia_git_sha": "v2.1_beta3-415-gd5473f3",
        "extractor": "music 2.0"
    },
    "audio_properties": {
        "analysis": {
            "equal_loudness": 0,
            "length": 242.285720825,
            "sample_rate": 44100,
            "start_time": 0,
            "downmix": "mix"
        },
        "bit_rate": 192000,
        "length": 242.285720825,
        "lossless": 0,
        "number_channels": 2,
        "replay_gain": -6.4351978302,
        "sample_rate": 44100,
        "codec": "mp3",
        "md5_encoded": "239545e35a9a79c3a4102a26dd861b88"
    },
    "tags": {
        "file_name": "too_short-quit_hatin.mp3",
        "album": ["Quit Hatin Pt.1"],
        "artist": ["Too Short ft Twista Lil Jon"],
        "date": ["2002"],
        "genre": ["Other"],
        "title": ["Quit Hatin Pt.1 (Dirty)"]
    }
},
"lowlevel": {
    "average_loudness": 0.943606317043,
    "barkbands_crest": {
        "mean": 13.351647377,
        "stdev": 5.31061172485
    },
    "barkbands_flatness_db": {
        "mean": 0.188464671373,
        "stdev": 0.0797844007611
    },
    "barkbands_kurtosis": {
        "mean": 24.0975208282,
        "stdev": 43.6406555176
    },
    "barkbands_skewness": {
        "mean": 3.25511741638,
        "stdev": 2.85674571991
    },
    "barkbands_spread": {
        "mean": 20.6493053436,
        "stdev": 20.3654689789
    },
    "dissonance": {
        "mean": 0.455095618963,
        "stdev": 0.0398228652775
    },
    "dynamic_complexity": 3.13094520569,
    "erbbands_crest": {
        "mean": 10.0769319534,
        "stdev": 4.64034748077
    },
    "erbbands_flatness_db": {
        "mean": 0.13901078701,
        "stdev": 0.0446976497769
    },
    "erbbands_kurtosis": {
        "mean": 1.26094567776,
        "stdev": 3.44190502167
    },
    "erbbands_skewness": {
        "mean": 0.642229020596,
        "stdev": 0.948026657104
    },
    "erbbands_spread": {
        "mean": 50.0589408875,
        "stdev": 33.6168441772
    },
    "hfc": {
        "mean": 26.3161582947,
        "stdev": 25.3474769592
    },
    "loudness_ebu128": {
        "integrated": -15.5987739563,
        "loudness_range": 1.68739891052,
        "momentary": {
            "mean": -16.060251236,
            "stdev": 2.18420672417
        },
        "short_term": {
            "mean": -15.649307251,
            "stdev": 0.852690815926
        }
    },
    "melbands_crest": {
        "mean": 23.608997345,
        "stdev": 8.71704483032
    },
    "melbands_flatness_db": {
        "mean": 0.279324561357,
        "stdev": 0.106714628637
    },
    "melbands_kurtosis": {
        "mean": 63.5597572327,
        "stdev": 112.615791321
    },
    "melbands_skewness": {
        "mean": 5.01339626312,
        "stdev": 4.25095939636
    },
    "melbands_spread": {
        "mean": 18.7698383331,
        "stdev": 24.4129085541
    },
    "pitch_salience": {
        "mean": 0.399428844452,
        "stdev": 0.179774299264
    },
    "silence_rate_20dB": {
        "mean": 1,
        "stdev": 0
    },
    "silence_rate_30dB": {
        "mean": 0.767918765545,
        "stdev": 0.422147542238
    },
    "silence_rate_60dB": {
        "mean": 0.0692794173956,
        "stdev": 0.253931224346
    },
    "spectral_centroid": {
        "mean": 1204.50793457,
        "stdev": 794.389648438
    },
    "spectral_complexity": {
        "mean": 14.2148332596,
        "stdev": 10.8113298416
    },
    "spectral_decrease": {
        "mean": -1.95101996781e-08,
        "stdev": 1.99933296585e-08
    },
    "spectral_energy": {
        "mean": 0.0760229825974,
        "stdev": 0.0761922001839
    },
    "spectral_energyband_high": {
        "mean": 0.00143753294833,
        "stdev": 0.00212386599742
    },
    "spectral_energyband_low": {
        "mean": 0.0577937066555,
        "stdev": 0.0735275447369
    },
    "spectral_energyband_middle_high": {
        "mean": 0.00520401773974,
        "stdev": 0.00904166605324
    },
    "spectral_energyband_middle_low": {
        "mean": 0.0124531853944,
        "stdev": 0.0160097554326
    },
    "spectral_entropy": {
        "mean": 7.569876194,
        "stdev": 0.566956222057
    },
    "spectral_flux": {
        "mean": 0.14003393054,
        "stdev": 0.104946404696
    },
    "spectral_kurtosis": {
        "mean": 4.85988998413,
        "stdev": 5.44200754166
    },
    "spectral_rms": {
        "mean": 0.00757824629545,
        "stdev": 0.00409128051251
    },
    "spectral_rolloff": {
        "mean": 1411.86743164,
        "stdev": 2725.39282227
    },
    "spectral_skewness": {
        "mean": 1.68552684784,
        "stdev": 0.768860578537
    },
    "spectral_spread": {
        "mean": 6108384.5,
        "stdev": 2520091.25
    },
    "spectral_strongpeak": {
        "mean": 0.640050709248,
        "stdev": 0.815127313137
    },
    "zerocrossingrate": {
        "mean": 0.0615792572498,
        "stdev": 0.0666382014751
    },
    "barkbands": {
        "mean": [0.0104561923072, 0.0428333170712, 0.00394289195538, 0.00236005103216, 0.00338186253794, 0.00171622703783, 0.00170791812707, 0.00155871303286, 0.00120520300698, 0.00201614527032, 0.000546649156604, 0.000616761331912, 0.000466125959065, 0.000369424029486, 0.000297267222777, 0.000316478661261, 0.000296270183753, 0.000273595040198, 0.000163113814779, 0.000122419965919, 0.000130032436573, 0.000196321227122, 0.000545561721083, 0.000241413523327, 0.000120699427498, 9.81438424787e-05, 4.4175376388e-05],
        "stdev": [0.00974050723016, 0.0648013353348, 0.0127742839977, 0.00691628223285, 0.00617967965081, 0.00366238830611, 0.00578214600682, 0.00434924801812, 0.00334620662034, 0.00539019051939, 0.00149872805923, 0.00169088330586, 0.00129175651819, 0.000943486462347, 0.000705182901584, 0.000699511438143, 0.000581538828555, 0.000542358902749, 0.000347993773175, 0.000310345494654, 0.000327046960592, 0.000348811154254, 0.000921001075767, 0.000391039531678, 0.000203947696718, 0.000179075970664, 7.09277956048e-05]
    },
    "erbbands": {
        "mean": [1.97860229015, 6.62275505066, 5.74781417847, 7.50864696503, 5.1517534256, 11.9531822205, 23.5193500519, 10.6128664017, 21.0564193726, 29.0835094452, 32.8769111633, 26.8254261017, 54.8018226624, 42.0993766785, 23.7978000641, 27.3336219788, 22.8439102173, 17.7077941895, 18.0981903076, 16.6957130432, 16.1282749176, 17.2708911896, 15.4768409729, 10.6355333328, 7.53725290298, 5.73937702179, 4.73162460327, 5.87639331818, 7.36900520325, 11.5060977936, 14.5169906616, 7.87487649918, 2.82431960106, 1.54919970036, 0.761611461639, 0.354201734066, 0.189187303185, 0.0737241655588, 0.00716862967238, 0.000222786940867],
        "stdev": [2.68358373642, 13.0749044418, 15.7034235001, 21.3422794342, 14.452457428, 22.1858329773, 45.011920929, 24.7786102295, 70.8914108276, 82.3028717041, 92.0065078735, 71.8151550293, 130.815826416, 108.476493835, 63.1071510315, 76.9758377075, 62.344165802, 44.9112091064, 42.598236084, 36.308052063, 33.0768661499, 34.1266822815, 29.2106075287, 21.71251297, 15.9966249466, 14.1571588516, 13.3092012405, 13.4642429352, 12.868645668, 17.8109836578, 25.06873703, 13.6258125305, 4.22080039978, 2.48304843903, 1.41674292088, 0.81530046463, 0.3252132833, 0.113056793809, 0.0132390912622, 0.000248555094004]
    },
    "gfcc": {
        "mean": [-2.02536058426, 65.4834442139, -73.6816101074, 19.3426094055, -50.808380127, 18.3857192993, -24.0618457794, 15.7768287659, -5.78831148148, -0.132674574852, -11.1993055344, 16.6975460052, -9.43123149872],
        "cov": [[6561.82373047, -146.338546753, -618.597045898, 576.782104492, -478.957641602, 396.267913818, -165.266784668, 166.378372192, -106.588417053, 172.201416016, -73.9713973999, -179.584793091, -122.701164246], [-146.338546753, 2274.24780273, 560.20904541, 144.235855103, 435.494812012, -238.379089355, 212.808746338, 3.045576334, 77.4282150269, 9.88933181763, 127.907104492, -83.7345504761, 28.2182865143], [-618.597045898, 560.20904541, 1542.91320801, 493.58581543, -11.1137943268, 183.920959473, 27.7413101196, -45.4538078308, 45.0234375, -79.3827590942, -30.0488910675, 2.9985730648, -13.7438545227], [576.782104492, 144.235855103, 493.58581543, 717.801025391, -50.6285820007, 129.338973999, -17.127035141, 99.6141433716, 26.762430191, 20.6645812988, 3.01703691483, -33.3640365601, -9.94208335876], [-478.957641602, 435.494812012, -11.1137943268, -50.6285820007, 636.157226562, -4.07102489471, 202.281509399, 30.0039825439, 62.7389030457, 37.5558395386, 44.6510047913, 10.5193357468, 46.3594055176], [396.267913818, -238.379089355, 183.920959473, 129.338973999, -4.07102489471, 452.597412109, 144.318984985, 53.1865310669, -1.27972245216, 42.5302581787, -16.2903995514, 2.63533806801, -7.36254787445], [-165.266784668, 212.808746338, 27.7413101196, -17.127035141, 202.281509399, 144.318984985, 344.788116455, 71.8363113403, 4.2934627533, 46.0347862244, 44.8780593872, 2.51181912422, 22.7483444214], [166.378372192, 3.045576334, -45.4538078308, 99.6141433716, 30.0039825439, 53.1865310669, 71.8363113403, 196.986694336, 96.4204330444, 26.168510437, 19.0556621552, 12.1577768326, 0.438578665257], [-106.588417053, 77.4282150269, 45.0234375, 26.762430191, 62.7389030457, -1.27972245216, 4.2934627533, 96.4204330444, 194.789611816, 18.7141227722, 14.61054039, 5.08548116684, 7.4100022316], [172.201416016, 9.88933181763, -79.3827590942, 20.6645812988, 37.5558395386, 42.5302581787, 46.0347862244, 26.168510437, 18.7141227722, 149.374572754, 42.1555747986, -2.50466632843, 5.30522298813], [-73.9713973999, 127.907104492, -30.0488910675, 3.01703691483, 44.6510047913, -16.2903995514, 44.8780593872, 19.0556621552, 14.61054039, 42.1555747986, 126.534713745, 26.958234787, -3.38880372047], [-179.584793091, -83.7345504761, 2.9985730648, -33.3640365601, 10.5193357468, 2.63533806801, 2.51181912422, 12.1577768326, 5.08548116684, -2.50466632843, 26.958234787, 108.252479553, 33.7120819092], [-122.701164246, 28.2182865143, -13.7438545227, -9.94208335876, 46.3594055176, -7.36254787445, 22.7483444214, 0.438578665257, 7.4100022316, 5.30522298813, -3.38880372047, 33.7120819092, 94.730506897]],
        "icov": [[0.000255201273831, -0.000137954630191, 0.000260384666035, -0.00025075339363, 0.000164298602613, -0.000362205551937, 0.000237164873397, -0.000121862751257, 0.000160720752319, -0.000186175355338, 0.000210692858673, 0.000111617468065, 0.000183834257768], [-0.000137954630191, 0.000863902852871, -0.000518615648616, 0.000131634311401, -0.000435241643572, 0.000860906206071, -0.000542846624739, 2.2867719963e-05, -0.000125106613268, 0.000121587378089, -0.000851647520903, 0.000879695697222, -0.000427842285717], [0.000260384666035, -0.000518615648616, 0.00151755195111, -0.00113550387323, 0.0003705615527, -0.000930793117732, 7.86690179666e-06, 0.00113003957085, -0.00063895934727, 0.000498807814438, 0.000749742030166, -0.000860782864038, 0.000687138817739], [-0.00025075339363, 0.000131634311401, -0.00113550387323, 0.00265785050578, -0.000197933608433, -2.56668463408e-05, 0.000742822303437, -0.00198475434445, 0.000828953401651, -0.0003578181786, -0.000754636130296, 0.00115386582911, -0.000806551426649], [0.000164298602613, -0.000435241643572, 0.0003705615527, -0.000197933608433, 0.00242754304782, -0.000111878594907, -0.00116101151798, 0.000554967147764, -0.000806888681836, -0.000238508466282, 0.000323869055137, -0.00034851761302, -0.00033292156877], [-0.000362205551937, 0.000860906206071, -0.000930793117732, -2.56668463408e-05, -0.000111878594907, 0.00417151162401, -0.00226232944988, -6.32524315733e-05, -0.000142412536661, -0.000669487111736, 0.000349099282175, -9.15165946935e-05, 0.000152882785187], [0.000237164873397, -0.000542846624739, 7.86690179666e-06, 0.000742822303437, -0.00116101151798, -0.00226232944988, 0.00584858376533, -0.00275634974241, 0.00198969943449, -0.000593211210798, -0.00114657822996, 0.00102771539241, -0.000980529002845], [-0.000121862751257, 2.2867719963e-05, 0.00113003957085, -0.00198475434445, 0.000554967147764, -6.32524315733e-05, -0.00275634974241, 0.00994458328933, -0.0051735593006, 0.000436745816842, 0.000453064683825, -0.002200382296, 0.00130983826239], [0.000160720752319, -0.000125106613268, -0.00063895934727, 0.000828953401651, -0.000806888681836, -0.000142412536661, 0.00198969943449, -0.0051735593006, 0.00821179244667, -0.00094091380015, -0.000485300319269, 0.00102262245491, -0.000801233749371], [-0.000186175355338, 0.000121587378089, 0.000498807814438, -0.0003578181786, -0.000238508466282, -0.000669487111736, -0.000593211210798, 0.000436745816842, -0.00094091380015, 0.00856129173189, -0.00292215193622, 0.000906328554265, -0.00087036419427], [0.000210692858673, -0.000851647520903, 0.000749742030166, -0.000754636130296, 0.000323869055137, 0.000349099282175, -0.00114657822996, 0.000453064683825, -0.000485300319269, -0.00292215193622, 0.0113972555846, -0.00440527871251, 0.00287509104237], [0.000111617468065, 0.000879695697222, -0.000860782864038, 0.00115386582911, -0.00034851761302, -9.15165946935e-05, 0.00102771539241, -0.002200382296, 0.00102262245491, 0.000906328554265, -0.00440527871251, 0.0134534481913, -0.00527048110962], [0.000183834257768, -0.000427842285717, 0.000687138817739, -0.000806551426649, -0.00033292156877, 0.000152882785187, -0.000980529002845, 0.00130983826239, -0.000801233749371, -0.00087036419427, 0.00287509104237, -0.00527048110962, 0.0134309642017]]
    },
    "melbands": {
        "mean": [0.0150383030996, 0.00498733855784, 0.001193204429, 0.000516431522556, 0.000823805341497, 0.000258090120042, 0.000329160160618, 0.000328027148498, 0.000256296742009, 0.000166777652339, 0.000287804694381, 0.000190333856153, 7.62409399613e-05, 6.94472109899e-05, 6.75872215652e-05, 3.9917515096e-05, 3.22686537402e-05, 3.05573485093e-05, 2.19641860895e-05, 2.28169847105e-05, 1.77094534592e-05, 1.75244003913e-05, 1.59940154845e-05, 1.27619478008e-05, 8.17668660602e-06, 5.68164023207e-06, 4.7063308557e-06, 3.60092190022e-06, 2.93102448268e-06, 3.02960302179e-06, 3.46426827491e-06, 4.00694216296e-06, 4.07056359109e-06, 8.36982690089e-06, 8.85832560016e-06, 7.30477313482e-06, 3.812916475e-06, 2.018122359e-06, 1.4655454379e-06, 1.22987387385e-06],
        "stdev": [0.0201879478991, 0.0107736252248, 0.00344402412884, 0.00102974916808, 0.00152552034706, 0.000572951510549, 0.00112692266703, 0.000891928328201, 0.000736703455914, 0.000472107698442, 0.000707338913344, 0.0005220262683, 0.000211925798794, 0.000194212756469, 0.000186931356438, 0.000114322647278, 8.63901950652e-05, 7.60238981456e-05, 5.08606353833e-05, 5.35305334779e-05, 3.75143972633e-05, 3.6186320358e-05, 3.08007693093e-05, 2.7184973078e-05, 1.76944340637e-05, 1.25312544696e-05, 1.06942388811e-05, 9.6214344012e-06, 8.9338145699e-06, 7.85421070759e-06, 7.85969405115e-06, 7.06388891558e-06, 7.28395343685e-06, 1.3428973034e-05, 1.55773668666e-05, 1.34913207148e-05, 6.33756826574e-06, 3.01139652947e-06, 2.3311536097e-06, 2.02622709367e-06]
    },
    "melbands128": {
        "mean": [0.00935748033226, 0.0188428442925, 0.0167346969247, 0.00929768104106, 0.00353994849138, 0.0019064291846, 0.0017003309913, 0.000902637548279, 0.000413288013078, 0.000359054916771, 0.000495937652886, 0.00107255624607, 0.00093573553022, 0.000508182565682, 0.000186394216144, 0.000153705768753, 0.000258962769294, 0.0003974888823, 0.000355922384188, 0.000306537462166, 0.00034972091089, 0.000307948619593, 0.000261939043412, 0.000187694095075, 0.000146539110574, 0.000164239332662, 0.000192328167032, 0.00028681603726, 0.000408972293371, 0.000261651235633, 0.000100553683296, 6.43380481051e-05, 8.84337787284e-05, 7.2884860856e-05, 5.59140462428e-05, 7.81029302743e-05, 7.38000089768e-05, 7.37875379855e-05, 5.63249559491e-05, 5.23735143361e-05, 3.15404504363e-05, 3.06485344481e-05, 3.01104573737e-05, 3.59052355634e-05, 3.41317681887e-05, 3.06105466734e-05, 2.47968400799e-05, 2.14552655962e-05, 2.00086706172e-05, 2.37763670157e-05, 2.50937118835e-05, 1.94948024728e-05, 1.86930392374e-05, 1.68665737874e-05, 1.55087036546e-05, 1.74041742866e-05, 2.01096281671e-05, 1.6471318304e-05, 1.50622399815e-05, 1.35242435135e-05, 1.30840408019e-05, 1.22828614622e-05, 9.4198876468e-06, 7.19427498552e-06, 5.59585168958e-06, 5.58654119232e-06, 5.81922540732e-06, 5.2404679991e-06, 4.36701066064e-06, 4.13617135564e-06, 3.57438284482e-06, 3.28559644913e-06, 3.45526132151e-06, 2.85067767436e-06, 2.24699078899e-06, 3.05806042888e-06, 3.2744744658e-06, 3.41582881447e-06, 3.59956175089e-06, 3.3166202229e-06, 3.81640847991e-06, 4.39886753156e-06, 4.26774477091e-06, 4.5743231567e-06, 3.17920626003e-06, 3.93037498725e-06, 1.20970626085e-05, 1.43248407767e-05, 5.36781772098e-06, 7.79835499998e-06, 1.0093705896e-05, 5.73981651542e-06, 5.62859759157e-06, 4.38728420704e-06, 2.14261763176e-06, 2.37809535975e-06, 2.01878219741e-06, 1.45646788496e-06, 1.4794808294e-06, 1.46266518186e-06, 1.41751320371e-06, 1.15578291116e-06, 1.06354423224e-06, 8.42087501951e-07, 8.86689747404e-07, 8.30174599287e-07, 6.49319474633e-07, 6.47880369797e-07, 6.42877921564e-07, 5.09546623562e-07, 5.20695550676e-07, 5.15440433446e-07, 5.5115754094e-07, 7.71479051309e-07, 7.02487795934e-07, 7.33544823106e-07, 6.50684341963e-07, 3.71998964965e-07, 3.06622609969e-07, 1.93614880573e-07, 2.64857703769e-07, 1.32738300351e-08, 8.09188094308e-09, 5.33571897776e-09, 2.96651836429e-09, 1.05478992207e-09, 6.086864901e-10, 1.9230521342e-10],
        "stdev": [0.00882752519101, 0.0252588316798, 0.0286887791008, 0.0206525474787, 0.0100678075105, 0.0060149547644, 0.00488112028688, 0.00279097724706, 0.00134488020558, 0.00090036081383, 0.00107650214341, 0.00241991854273, 0.0019685649313, 0.00129601510707, 0.000690047105309, 0.000513576320373, 0.000822538102511, 0.00171341048554, 0.00164914468769, 0.00110241759103, 0.00124897481874, 0.00109992281068, 0.00100916926749, 0.000769264006522, 0.000602575601079, 0.000667829008307, 0.000721582735423, 0.000804266426712, 0.00138599006459, 0.000873690354638, 0.000336976489052, 0.000182841409696, 0.000311172712827, 0.000237566971919, 0.000187394107343, 0.000263167108642, 0.000262892717728, 0.000220668764086, 0.00019310611242, 0.000184528427781, 0.000113106034405, 0.000106601466541, 0.000100913224742, 0.000125408478198, 0.000109125860035, 9.35724601732e-05, 8.11915451777e-05, 6.43485764158e-05, 5.48489661014e-05, 6.39567660983e-05, 7.3768402217e-05, 5.28240343556e-05, 4.88656260131e-05, 4.29631363659e-05, 4.00092976633e-05, 3.94064554712e-05, 5.50304248463e-05, 3.54974035872e-05, 3.9421760448e-05, 3.3307744161e-05, 3.48322246282e-05, 3.46124470525e-05, 2.43597369263e-05, 1.80244369403e-05, 1.47562031998e-05, 1.43866445796e-05, 1.49481520566e-05, 1.40270394695e-05, 1.15488592201e-05, 1.0538989045e-05, 9.94994752546e-06, 9.90341322904e-06, 1.25915239551e-05, 9.34861691348e-06, 6.82532800056e-06, 8.94948061614e-06, 8.16808733362e-06, 9.34684067033e-06, 8.6074378487e-06, 7.48150205254e-06, 6.81136634739e-06, 8.20490276965e-06, 8.58411203808e-06, 8.30726003187e-06, 6.50282709103e-06, 7.11293705535e-06, 1.98421148525e-05, 2.92420263577e-05, 1.0144695807e-05, 1.24617836263e-05, 2.06620861718e-05, 1.09047496153e-05, 1.09513621283e-05, 7.53743961468e-06, 3.45158809978e-06, 3.79682273888e-06, 3.15237593895e-06, 2.44693183049e-06, 2.4640828542e-06, 2.4429300538e-06, 2.37769108935e-06, 2.0269385459e-06, 1.81993743809e-06, 1.6318975895e-06, 1.80555957741e-06, 1.78844197762e-06, 1.4302316913e-06, 1.68057079009e-06, 1.80989854925e-06, 1.35653306188e-06, 1.08931135401e-06, 1.03307365862e-06, 1.14540659979e-06, 1.45304522903e-06, 1.35903962928e-06, 1.36970515996e-06, 1.33311914396e-06, 1.01372324934e-06, 8.19909416805e-07, 5.6260915926e-07, 8.59967769884e-07, 5.28034611591e-08, 3.51691475942e-08, 2.55048231423e-08, 1.65567737298e-08, 6.25931706466e-09, 4.19559231801e-09, 1.54024570875e-09]
    },
    "mfcc": {
        "mean": [-665.320495605, 113.735160828, 29.9939785004, 14.7613353729, 6.5293545723, 7.92841243744, -4.46508836746, 23.4648990631, 4.41161870956, 4.56162881851, 4.35458612442, 5.09078359604, 3.58709740639],
        "cov": [[7460.86376953, -1060.30737305, -327.733612061, -100.22051239, -120.182380676, 7.32674074173, -22.4800319672, -98.4937133789, -78.4577255249, 325.735626221, 129.08833313, -241.213607788, -133.277862549], [-1060.30737305, 2229.98535156, -15.0338792801, 330.712493896, 184.811401367, 9.62551021576, 150.672332764, -15.5771560669, 46.1523246765, -37.9447937012, 107.45098114, 31.6059207916, -0.177536025643], [-327.733612061, -15.0338792801, 1660.515625, 305.53213501, 111.596862793, 170.761398315, -40.9154014587, 112.249176025, -23.6416320801, 39.721622467, -77.7190322876, 8.22546386719, 0.908566892147], [-100.22051239, 330.712493896, 305.53213501, 549.504821777, 178.519180298, -12.3112030029, 32.922542572, 21.2514877319, 28.2027435303, 16.5935058594, 28.5462722778, -5.50050497055, 38.7355461121], [-120.182380676, 184.811401367, 111.596862793, 178.519180298, 307.043945312, 52.243598938, -18.0525283813, 49.4673652649, 50.0212860107, 38.3522262573, 5.9032201767, 12.0603590012, 30.5283622742], [7.32674074173, 9.62551021576, 170.761398315, -12.3112030029, 52.243598938, 299.502410889, 185.393600464, 29.9370746613, 62.8553314209, 47.1779403687, -9.69987487793, 29.4805183411, 6.05182886124], [-22.4800319672, 150.672332764, -40.9154014587, 32.922542572, -18.0525283813, 185.393600464, 324.518737793, 52.550239563, 49.309299469, 24.9931507111, 39.7309684753, 37.3261222839, 9.79769515991], [-98.4937133789, -15.5771560669, 112.249176025, 21.2514877319, 49.4673652649, 29.9370746613, 52.550239563, 206.956665039, 66.6399841309, 29.0018138885, 32.415813446, 29.2378768921, 8.27313613892], [-78.4577255249, 46.1523246765, -23.6416320801, 28.2027435303, 50.0212860107, 62.8553314209, 49.309299469, 66.6399841309, 178.510955811, 62.9272537231, -0.376921504736, 23.5381298065, 22.5841751099], [325.735626221, -37.9447937012, 39.721622467, 16.5935058594, 38.3522262573, 47.1779403687, 24.9931507111, 29.0018138885, 62.9272537231, 158.4871521, 59.7558822632, 1.50294721127, 4.33722829819], [129.08833313, 107.45098114, -77.7190322876, 28.5462722778, 5.9032201767, -9.69987487793, 39.7309684753, 32.415813446, -0.376921504736, 59.7558822632, 156.273956299, 40.3908500671, 0.238793179393], [-241.213607788, 31.6059207916, 8.22546386719, -5.50050497055, 12.0603590012, 29.4805183411, 37.3261222839, 29.2378768921, 23.5381298065, 1.50294721127, 40.3908500671, 113.350440979, 47.5124053955], [-133.277862549, -0.177536025643, 0.908566892147, 38.7355461121, 30.5283622742, 6.05182886124, 9.79769515991, 8.27313613892, 22.5841751099, 4.33722829819, 0.238793179393, 47.5124053955, 97.8262176514]],
        "icov": [[0.00018129410455, 8.4392610006e-05, 4.75180240755e-05, -4.88467485411e-05, 3.74154951714e-05, -5.37256782991e-05, -9.40759946388e-06, 4.88896148454e-05, 0.000138860428706, -0.000367888074834, -0.00013835504069, 0.00035415153252, 6.70886147418e-05], [8.4392610006e-05, 0.000613161129877, -1.43060678965e-05, -0.000199005866307, -0.000355185213266, 0.000218179935473, -0.000405295548262, 0.000367333967006, -0.000268077070359, 0.000330901064444, -0.000578080595005, 0.000163364224136, 0.000271177181276], [4.75180240755e-05, -1.43060678965e-05, 0.00101695850026, -0.000844690192025, 0.000454884022474, -0.00119302363601, 0.0009238217026, -0.000903247855604, 0.000939156743698, -0.000715324364137, 0.000887329224497, -0.000464933924377, 0.000343990453985], [-4.88467485411e-05, -0.000199005866307, -0.000844690192025, 0.00327944522724, -0.00187077152077, 0.00171187671367, -0.00147432065569, 0.000872963457368, -0.000853665638715, 0.000699039665051, -0.00106328853872, 0.00125573039986, -0.0012470704969], [3.74154951714e-05, -0.000355185213266, 0.000454884022474, -0.00187077152077, 0.00536818383262, -0.00238519418053, 0.00234578922391, -0.00156096450519, 0.000229194192798, -0.00105370301753, 0.000614902935922, -0.000202931943932, -0.000752883323003], [-5.37256782991e-05, 0.000218179935473, -0.00119302363601, 0.00171187671367, -0.00238519418053, 0.00816202629358, -0.00525080785155, 0.00174215459265, -0.00156672636513, -0.000881481857505, 0.00114436924923, -0.000981189194135, 0.000752939027734], [-9.40759946388e-06, -0.000405295548262, 0.0009238217026, -0.00147432065569, 0.00234578922391, -0.00525080785155, 0.00705018220469, -0.00195788987912, 0.000456040055724, 0.000196280132513, -0.000738661794458, -0.000466284982394, -0.000271810218692], [4.88896148454e-05, 0.000367333967006, -0.000903247855604, 0.000872963457368, -0.00156096450519, 0.00174215459265, -0.00195788987912, 0.00705143157393, -0.00295355007984, 0.000914624251891, -0.00199595303275, -0.000236209874856, 0.000470006489195], [0.000138860428706, -0.000268077070359, 0.000939156743698, -0.000853665638715, 0.000229194192798, -0.00156672636513, 0.000456040055724, -0.00295355007984, 0.00931808724999, -0.00451149791479, 0.00324301072396, -0.00159146555234, -0.000438624818344], [-0.000367888074834, 0.000330901064444, -0.000715324364137, 0.000699039665051, -0.00105370301753, -0.000881481857505, 0.000196280132513, 0.000914624251891, -0.00451149791479, 0.0115379951894, -0.00575096486136, 0.00258614495397, -0.00119643786456], [-0.00013835504069, -0.000578080595005, 0.000887329224497, -0.00106328853872, 0.000614902935922, 0.00114436924923, -0.000738661794458, -0.00199595303275, 0.00324301072396, -0.00575096486136, 0.0118753714487, -0.00571198761463, 0.00245484383777], [0.00035415153252, 0.000163364224136, -0.000464933924377, 0.00125573039986, -0.000202931943932, -0.000981189194135, -0.000466284982394, -0.000236209874856, -0.00159146555234, 0.00258614495397, -0.00571198761463, 0.0153942927718, -0.00702944677323], [6.70886147418e-05, 0.000271177181276, 0.000343990453985, -0.0012470704969, -0.000752883323003, 0.000752939027734, -0.000271810218692, 0.000470006489195, -0.000438624818344, -0.00119643786456, 0.00245484383777, -0.00702944677323, 0.0145429344848]]
    },
    "spectral_contrast_coeffs": {
        "mean": [-0.737705111504, -0.759932041168, -0.759074449539, -0.801943838596, -0.789608716965, -0.781948208809],
        "stdev": [0.100193485618, 0.0838480070233, 0.07774399966, 0.0585602968931, 0.0578229762614, 0.0341156311333]
    },
    "spectral_contrast_valleys": {
        "mean": [-6.71160173416, -6.90474748611, -7.54213857651, -8.11800384521, -8.13959026337, -9.96134853363],
        "stdev": [1.28228008747, 0.964686870575, 1.00039696693, 1.08902800083, 1.06842017174, 1.29150927067]
    }
},
"rhythm": {
    "beats_count": 354,
    "beats_loudness": {
        "mean": 0.0833586603403,
        "stdev": 0.047775298357
    },
    "bpm": 87.9819488525,
    "bpm_histogram_first_peak_bpm": 88,
    "bpm_histogram_first_peak_weight": 0.0455840229988,
    "bpm_histogram_second_peak_bpm": 82,
    "bpm_histogram_second_peak_spread": 0,
    "bpm_histogram_second_peak_weight": 0.00566572230309,
    "danceability": 1.5524315834,
    "onset_rate": 5.1052365303,
    "beats_loudness_band_ratio": {
        "mean": [0.51100486517, 0.0535589680076, 0.10183018446, 0.195983871818, 0.0778713002801, 0.075906701386],
        "stdev": [0.309540778399, 0.0935471132398, 0.110892258584, 0.182667225599, 0.0698897689581, 0.0805128589272]
    },
    "beats_position": [0.708208620548, 1.42802715302, 2.15945577621, 2.85605430603, 3.55265307426, 4.23764181137, 4.92263031006, 5.60761880875, 6.29260778427, 6.96598625183, 7.65097475052, 8.33596324921, 9.02095222473, 9.70594120026, 10.379319191, 11.0643081665, 11.749297142, 12.4226751328, 13.1076641083, 13.7926530838, 14.4660310745, 15.15102005, 15.8360090256, 16.5209980011, 17.2059860229, 17.8793640137, 18.5643539429, 19.2377319336, 19.9227199554, 20.6077098846, 21.2926979065, 21.9660758972, 22.6510658264, 23.3360538483, 24.009431839, 24.6944217682, 25.37940979, 26.0643978119, 26.7493877411, 27.4343757629, 28.1193637848, 28.7927436829, 29.4661216736, 30.1511096954, 30.8360996246, 31.5210876465, 32.2060775757, 32.8794555664, 33.5644454956, 34.2494316101, 34.9228096008, 35.5961914062, 36.2927894592, 36.9777755737, 37.6627655029, 38.3361434937, 39.0095214844, 39.6945114136, 40.3795013428, 41.0528793335, 41.7378692627, 42.4228553772, 43.0962333679, 43.7812232971, 44.4662132263, 45.1511993408, 45.83618927, 46.5095672607, 47.1945571899, 47.8795471191, 48.5529251099, 49.2379112244, 49.9229011536, 50.6078910828, 51.2928771973, 51.9662590027, 52.6512451172, 53.3362350464, 54.0096130371, 54.6946029663, 55.3795890808, 56.06457901, 56.7495689392, 57.4229469299, 58.0963249207, 58.7813148499, 59.4663009644, 60.1396827698, 60.8362808228, 61.5096588135, 62.1946487427, 62.8796348572, 63.5646247864, 64.2496109009, 64.9229888916, 65.5963668823, 66.2813568115, 66.9663467407, 67.6397247314, 68.3131027222, 69.0097045898, 69.694694519, 70.3796844482, 71.053062439, 71.7380523682, 72.423034668, 73.0964126587, 73.7697982788, 74.4663925171, 75.1397705078, 75.824760437, 76.5097503662, 77.1947402954, 77.8797302246, 78.5531082153, 79.2264862061, 79.9114761353, 80.5964584351, 81.2814483643, 81.9664382935, 82.6398162842, 83.3248062134, 84.0097961426, 84.6831741333, 85.3797683716, 86.0647583008, 86.74974823, 87.4231262207, 88.0965042114, 88.7814941406, 89.4664840698, 90.1398620605, 90.8248519897, 91.5098419189, 92.1832199097, 92.8682098389, 93.5531921387, 94.2265777588, 94.9115600586, 95.5965499878, 96.281539917, 96.9665298462, 97.6399078369, 98.3248977661, 99.0098876953, 99.6948699951, 100.379859924, 101.053237915, 101.738227844, 102.423217773, 103.096595764, 103.781585693, 104.466575623, 105.139953613, 105.824943542, 106.509933472, 107.183311462, 107.868293762, 108.553283691, 109.226661682, 109.911651611, 110.596641541, 111.28163147, 111.966621399, 112.63999939, 113.324989319, 114.009971619, 114.683357239, 115.368339539, 116.053329468, 116.726707458, 117.411697388, 118.096687317, 118.770065308, 119.455055237, 120.140045166, 120.825035095, 121.498413086, 122.183395386, 122.856781006, 123.553375244, 124.226753235, 124.911743164, 125.596733093, 126.270111084, 126.955101013, 127.640090942, 128.313461304, 128.998458862, 129.683441162, 130.368438721, 131.041809082, 131.726806641, 132.41178894, 133.09677124, 133.77015686, 134.466751099, 135.140136719, 135.81350708, 136.498504639, 137.183486938, 137.868484497, 138.553466797, 139.226852417, 139.911834717, 140.596817017, 141.270202637, 141.943572998, 142.640182495, 143.325164795, 144.010162354, 144.683532715, 145.368530273, 146.053512573, 146.726898193, 147.400268555, 148.096862793, 148.781860352, 149.466842651, 150.140228271, 150.825210571, 151.51020813, 152.183578491, 152.856964111, 153.541946411, 154.226928711, 154.91192627, 155.596908569, 156.281906128, 156.966888428, 157.640274048, 158.313644409, 158.998641968, 159.683624268, 160.368606567, 161.053604126, 161.726974487, 162.411972046, 163.096954346, 163.770339966, 164.455322266, 165.140319824, 165.813690186, 166.498687744, 167.183670044, 167.868652344, 168.553649902, 169.227020264, 169.912017822, 170.597000122, 171.270385742, 171.943756104, 172.640365601, 173.3253479, 174.0103302, 174.68371582, 175.35710144, 176.04208374, 176.72706604, 177.40045166, 178.08543396, 178.770431519, 179.44380188, 180.128799438, 180.813781738, 181.498779297, 182.183761597, 182.857131958, 183.542129517, 184.227111816, 184.900497437, 185.585479736, 186.270477295, 186.955459595, 187.640457153, 188.313827515, 188.998809814, 189.683807373, 190.357177734, 191.030563354, 191.727157593, 192.400543213, 193.085525513, 193.770523071, 194.443893433, 195.128890991, 195.813873291, 196.487258911, 197.172241211, 197.857223511, 198.542221069, 199.227203369, 199.900588989, 200.585571289, 201.270568848, 201.943939209, 202.628936768, 203.313919067, 203.998901367, 204.683898926, 205.357269287, 206.042266846, 206.727249146, 207.400634766, 208.085617065, 208.770614624, 209.443984985, 210.117370605, 210.813964844, 211.498947144, 212.183944702, 212.857315063, 213.542312622, 214.227294922, 214.900680542, 215.574050903, 216.2706604, 216.9556427, 217.640625, 218.31401062, 218.987380981, 219.67237854, 220.35736084, 221.042358398, 221.727340698, 222.400726318, 223.085708618, 223.770706177, 224.455688477, 225.140670776, 225.814056396, 226.499038696, 227.184036255, 227.857406616, 228.542404175, 229.227386475, 229.900772095, 230.585754395, 231.270736694, 231.944122314, 232.629104614, 233.314102173, 233.987472534, 234.672470093, 235.357452393, 236.030838013, 236.715820312, 237.400817871, 238.085800171, 238.770782471, 239.455780029, 240.140762329, 240.814147949, 241.510742188],
    "bpm_histogram": [0, 0, 0, 0, 0, 0, 0, 0, 0, 0, 0, 0, 0, 0, 0, 0, 0, 0, 0, 0, 0, 0, 0, 0, 0, 0, 0, 0, 0, 0, 0, 0, 0, 0, 0, 0, 0, 0, 0, 0, 0, 0, 0, 0, 0, 0, 0, 0, 0, 0, 0, 0, 0, 0, 0, 0, 0, 0, 0, 0, 0, 0, 0, 0, 0, 0, 0, 0, 0, 0, 0, 0, 0, 0, 0, 0, 0, 0, 0, 0, 0, 0, 0.00283286115155, 0.00283286115155, 0, 0, 0.0453257784247, 0, 0.640226602554, 0.308781862259, 0, 0, 0, 0, 0, 0, 0, 0, 0, 0, 0, 0, 0, 0, 0, 0, 0, 0, 0, 0, 0, 0, 0, 0, 0, 0, 0, 0, 0, 0, 0, 0, 0, 0, 0, 0, 0, 0, 0, 0, 0, 0, 0, 0, 0, 0, 0, 0, 0, 0, 0, 0, 0, 0, 0, 0, 0, 0, 0, 0, 0, 0, 0, 0, 0, 0, 0, 0, 0, 0, 0, 0, 0, 0, 0, 0, 0, 0, 0, 0, 0, 0, 0, 0, 0, 0, 0, 0, 0, 0, 0, 0, 0, 0, 0, 0, 0, 0, 0, 0, 0, 0, 0, 0, 0, 0, 0, 0, 0, 0, 0, 0, 0, 0, 0, 0, 0, 0, 0, 0, 0, 0, 0, 0, 0, 0, 0, 0, 0, 0, 0, 0, 0, 0, 0, 0, 0, 0, 0, 0, 0, 0, 0, 0, 0, 0, 0, 0, 0, 0, 0, 0, 0, 0, 0, 0, 0, 0, 0, 0]
},
"tonal": {
    "chords_changes_rate": 0.0881394892931,
    "chords_number_rate": 0.00229929108173,
    "chords_strength": {
        "mean": 0.507661521435,
        "stdev": 0.121324390173
    },
    "hpcp_crest": {
        "mean": 14.9455957413,
        "stdev": 7.02845287323
    },
    "hpcp_entropy": {
        "mean": 1.81547725201,
        "stdev": 0.772510528564
    },
    "key_edma": {
        "strength": 0.438430398703,
        "key": "C#",
        "scale": "minor"
    },
    "key_krumhansl": {
        "strength": 0.43814522028,
        "key": "C#",
        "scale": "minor"
    },
    "key_temperley": {
        "strength": 0.448324561119,
        "key": "C#",
        "scale": "minor"
    },
    "tuning_diatonic_strength": 0.440658718348,
    "tuning_equal_tempered_deviation": 0.225735530257,
    "tuning_frequency": 434.193115234,
    "tuning_nontempered_energy_ratio": 0.889043152332,
    "hpcp": {
        "mean": [0.0601784288883, 0.0487679168582, 0.0408042520285, 0.0407786108553, 0.0447528101504, 0.0450409911573, 0.0461959764361, 0.0590520761907, 0.0957268029451, 0.161304146051, 0.189847409725, 0.209105864167, 0.232955902815, 0.186440750957, 0.150532498956, 0.16447982192, 0.140907600522, 0.111412197351, 0.176003068686, 0.204847529531, 0.117417313159, 0.0565868802369, 0.0512360297143, 0.0651726797223, 0.0740835741162, 0.057593382895, 0.0426416806877, 0.0432831980288, 0.0425396338105, 0.0391696617007, 0.0455320365727, 0.0526901856065, 0.0588839873672, 0.0643444657326, 0.0719648897648, 0.072133384645],
        "stdev": [0.161094084382, 0.144693240523, 0.132867589593, 0.125691026449, 0.122235640883, 0.130506530404, 0.140157818794, 0.159460306168, 0.206298455596, 0.29732555151, 0.316451370716, 0.324468046427, 0.360672950745, 0.306239038706, 0.271423220634, 0.309940874577, 0.270118296146, 0.229241847992, 0.305814534426, 0.358530133963, 0.223678484559, 0.163952380419, 0.146299675107, 0.16308811307, 0.190474614501, 0.156024858356, 0.142938002944, 0.143307864666, 0.141995608807, 0.127085372806, 0.135215997696, 0.144078969955, 0.161273136735, 0.16988670826, 0.177848160267, 0.178083822131]
    },
    "chords_histogram": [6.09312105179, 0, 0.172446832061, 0.210768342018, 0.613144278526, 0.0766430348158, 0.479018956423, 19.0649547577, 6.16976451874, 30.7338562012, 9.25464630127, 0.555661976337, 0.613144278526, 0.747269570827, 12.3395290375, 0.919716417789, 0.325732886791, 2.41425561905, 0.095803797245, 3.00823903084, 1.22628855705, 1.05384171009, 2.49089860916, 1.34125316143],
    "thpcp": [1, 0.800326347351, 0.646184504032, 0.70605558157, 0.604868113995, 0.478254437447, 0.755520939827, 0.879340350628, 0.504032373428, 0.242908120155, 0.219938755035, 0.279764026403, 0.318015426397, 0.247228696942, 0.183046147227, 0.185799956322, 0.182608097792, 0.168141961098, 0.195453450084, 0.226180940866, 0.252768814564, 0.276208788157, 0.308920651674, 0.309643954039, 0.258325397968, 0.209343984723, 0.175158694386, 0.175048619509, 0.192108511925, 0.193345561624, 0.198303520679, 0.253490358591, 0.410922408104, 0.692423522472, 0.814949989319, 0.897619962692],
    "chords_key": "G#",
    "chords_scale": "major"
}
}