{
"metadata": {
    "version": {
        "essentia": "2.1-dev",
        "essentia_git_sha": "v2.1_beta3-415-gd5473f3",
        "extractor": "music 2.0"
    },
    "audio_properties": {
        "analysis": {
            "equal_loudness": 0,
            "length": 255.895507812,
            "sample_rate": 44100,
            "start_time": 0,
            "downmix": "mix"
        },
        "bit_rate": 192000,
        "length": 255.895507812,
        "lossless": 0,
        "number_channels": 2,
        "replay_gain": -9.82033729553,
        "sample_rate": 44100,
        "codec": "mp3",
        "md5_encoded": "fa44738951186fee421e7246cfce2122"
    },
    "tags": {
        "file_name": "violadores_del_verso-no_esperaban_menos.mp3",
        "album": ["Genios"],
        "artist": ["Violadores del Verso (Violador"],
        "date": ["1999"],
        "genre": ["Blues"],
        "title": ["Máximo exponente"]
    }
},
"lowlevel": {
    "average_loudness": 0.954714119434,
    "barkbands_crest": {
        "mean": 12.4960079193,
        "stdev": 5.18739938736
    },
    "barkbands_flatness_db": {
        "mean": 0.161006048322,
        "stdev": 0.0682967156172
    },
    "barkbands_kurtosis": {
        "mean": 18.8994579315,
        "stdev": 43.1853790283
    },
    "barkbands_skewness": {
        "mean": 2.77087759972,
        "stdev": 2.84277653694
    },
    "barkbands_spread": {
        "mean": 25.177520752,
        "stdev": 21.0504722595
    },
    "dissonance": {
        "mean": 0.45853754878,
        "stdev": 0.0388425625861
    },
    "dynamic_complexity": 2.4128510952,
    "erbbands_crest": {
        "mean": 9.67313289642,
        "stdev": 4.34334993362
    },
    "erbbands_flatness_db": {
        "mean": 0.136113941669,
        "stdev": 0.0423375815153
    },
    "erbbands_kurtosis": {
        "mean": 1.24210822582,
        "stdev": 3.77542424202
    },
    "erbbands_skewness": {
        "mean": 0.159043744206,
        "stdev": 1.2272797823
    },
    "erbbands_spread": {
        "mean": 55.4094314575,
        "stdev": 30.1482028961
    },
    "hfc": {
        "mean": 28.1143245697,
        "stdev": 25.0602245331
    },
    "loudness_ebu128": {
        "integrated": -12.5049982071,
        "loudness_range": 3.63491249084,
        "momentary": {
            "mean": -13.0526285172,
            "stdev": 2.48159456253
        },
        "short_term": {
            "mean": -12.790646553,
            "stdev": 1.75725638866
        }
    },
    "melbands_crest": {
        "mean": 17.0664749146,
        "stdev": 6.69918394089
    },
    "melbands_flatness_db": {
        "mean": 0.233819320798,
        "stdev": 0.0950599312782
    },
    "melbands_kurtosis": {
        "mean": 61.2430496216,
        "stdev": 110.878364563
    },
    "melbands_skewness": {
        "mean": 5.0224070549,
        "stdev": 4.05596876144
    },
    "melbands_spread": {
        "mean": 24.5972595215,
        "stdev": 30.9413375854
    },
    "pitch_salience": {
        "mean": 0.461645692587,
        "stdev": 0.180581867695
    },
    "silence_rate_20dB": {
        "mean": 1,
        "stdev": 0
    },
    "silence_rate_30dB": {
        "mean": 0.897931396961,
        "stdev": 0.302746981382
    },
    "silence_rate_60dB": {
        "mean": 0.0442750863731,
        "stdev": 0.205689400434
    },
    "spectral_centroid": {
        "mean": 1475.76464844,
        "stdev": 1052.55419922
    },
    "spectral_complexity": {
        "mean": 14.4575395584,
        "stdev": 10.3258886337
    },
    "spectral_decrease": {
        "mean": -1.15271623358e-08,
        "stdev": 1.08094395657e-08
    },
    "spectral_energy": {
        "mean": 0.0460561923683,
        "stdev": 0.0412363633513
    },
    "spectral_energyband_high": {
        "mean": 0.00188596453518,
        "stdev": 0.00280886469409
    },
    "spectral_energyband_low": {
        "mean": 0.0333667062223,
        "stdev": 0.041373860091
    },
    "spectral_energyband_middle_high": {
        "mean": 0.00434792041779,
        "stdev": 0.00635289680213
    },
    "spectral_energyband_middle_low": {
        "mean": 0.0110442619771,
        "stdev": 0.00977202039212
    },
    "spectral_entropy": {
        "mean": 7.69398546219,
        "stdev": 0.501303493977
    },
    "spectral_flux": {
        "mean": 0.109207265079,
        "stdev": 0.0640503838658
    },
    "spectral_kurtosis": {
        "mean": 2.9411919117,
        "stdev": 2.22681593895
    },
    "spectral_rms": {
        "mean": 0.00607733055949,
        "stdev": 0.00282824365422
    },
    "spectral_rolloff": {
        "mean": 1771.20056152,
        "stdev": 2422.86914062
    },
    "spectral_skewness": {
        "mean": 1.34851670265,
        "stdev": 0.490511894226
    },
    "spectral_spread": {
        "mean": 6239300.5,
        "stdev": 1905788.875
    },
    "spectral_strongpeak": {
        "mean": 0.862585544586,
        "stdev": 0.787981927395
    },
    "zerocrossingrate": {
        "mean": 0.0709386914968,
        "stdev": 0.0590997636318
    },
    "barkbands": {
        "mean": [0.000956782198045, 0.013320514001, 0.0146399661899, 0.0050400015898, 0.00148764555342, 0.00138223194517, 0.00118490005843, 0.00101304100826, 0.000700723670889, 0.000697057810612, 0.000472898565931, 0.000446630932856, 0.000306732952595, 0.000368963897927, 0.00037495419383, 0.000432906672359, 0.000396322720917, 0.000309066817863, 0.000465073797386, 0.000298992265016, 0.000270946591627, 0.000416535302065, 0.000397637631977, 0.000317034602631, 0.000235826664721, 0.0001090763908, 1.37229653774e-05],
        "stdev": [0.00256954110228, 0.030863083899, 0.0229031760246, 0.00771391997114, 0.00233593792655, 0.00252196146175, 0.00256122788414, 0.00273612583987, 0.00199186452664, 0.00186136015691, 0.00119882251602, 0.00112476409413, 0.000837664469145, 0.000884467852302, 0.000981412013061, 0.0016309277853, 0.000734345114324, 0.000790228368714, 0.000827701878734, 0.000559910433367, 0.000548131472897, 0.00104030105285, 0.000740402028896, 0.00065415725112, 0.00037088964018, 0.0001830659603, 4.18035051553e-05]
    },
    "erbbands": {
        "mean": [0.441319555044, 2.88302254677, 11.48802948, 24.8816432953, 4.8389673233, 5.40967464447, 12.6006450653, 9.93599033356, 12.4471750259, 24.1530952454, 19.2084388733, 16.8939914703, 20.9807167053, 18.1458644867, 19.5718994141, 19.950963974, 14.3900356293, 18.0265312195, 19.1764755249, 22.5848808289, 23.2491359711, 22.4233798981, 18.1494522095, 16.5013427734, 25.8066673279, 13.8115272522, 10.875287056, 11.1376037598, 13.9123306274, 14.1399440765, 10.9478597641, 8.22855949402, 4.53133106232, 3.37628412247, 1.23884868622, 0.521036565304, 0.183188736439, 0.0340736322105, 0.00309063820168, 0.000141263459227],
        "stdev": [1.03762674332, 6.99408483505, 19.3649234772, 35.9123420715, 7.58449554443, 9.60967540741, 23.8249282837, 21.1393604279, 27.2145824432, 51.880153656, 51.7324180603, 50.2396316528, 54.166015625, 46.3760910034, 46.1305427551, 50.9109115601, 36.6049003601, 39.1693229675, 49.1354370117, 66.2745742798, 79.0366668701, 41.5428314209, 43.4320869446, 31.1503562927, 46.8991279602, 24.7849388123, 25.0134086609, 22.0826454163, 37.8523635864, 29.8450870514, 20.8629646301, 18.9022083282, 8.3718585968, 5.65416908264, 1.81638300419, 0.798760056496, 0.331057727337, 0.0699011385441, 0.00945566035807, 0.000267742259894]
    },
    "gfcc": {
        "mean": [7.81330394745, 51.9115753174, -83.177154541, 44.9359664917, -53.7231559753, 20.1634540558, -37.4887199402, 12.3708705902, -26.0358963013, 0.567119538784, -18.6217632294, 1.66864836216, -18.3417816162],
        "cov": [[5329.32421875, -120.688743591, -192.771713257, 27.1224479675, 111.48059082, 225.142974854, -5.18454313278, 219.483856201, 55.3839378357, 56.1196289062, -119.49230957, -58.8806190491, -133.777114868], [-120.688743591, 1830, 109.996231079, -355.062591553, 180.554779053, -104.195220947, 59.7130813599, 29.5897521973, 58.0875091553, -102.659057617, 62.8687515259, -44.923538208, -47.3740348816], [-192.771713257, 109.996231079, 1291.9296875, 544.208679199, 256.205688477, 238.318572998, 202.779464722, -9.96115779877, 21.3860282898, -1.16026675701, 21.811712265, 40.3363647461, 34.0127639771], [27.1224479675, -355.062591553, 544.208679199, 911.405883789, 272.986083984, 182.396621704, 82.5457229614, 8.10866260529, 21.2807693481, 33.4973487854, 8.02412128448, 9.8388633728, 34.03282547], [111.48059082, 180.554779053, 256.205688477, 272.986083984, 541.79888916, 154.634170532, 67.8625946045, 4.05273389816, 39.4722824097, 33.5076675415, 3.41372680664, -23.9002952576, -11.3063526154], [225.142974854, -104.195220947, 238.318572998, 182.396621704, 154.634170532, 397.367767334, 235.635147095, 44.2171821594, 8.73814201355, 21.3690643311, 0.238693147898, 1.63245093822, -26.8011798859], [-5.18454313278, 59.7130813599, 202.779464722, 82.5457229614, 67.8625946045, 235.635147095, 376.167602539, 98.5244293213, -1.43883883953, -7.03980445862, 22.1923923492, 18.9077701569, -25.2575740814], [219.483856201, 29.5897521973, -9.96115779877, 8.10866260529, 4.05273389816, 44.2171821594, 98.5244293213, 171.177383423, 67.4960098267, 21.7451725006, 18.2061691284, -5.70398283005, 2.06831383705], [55.3839378357, 58.0875091553, 21.3860282898, 21.2807693481, 39.4722824097, 8.73814201355, -1.43883883953, 67.4960098267, 157.327438354, 75.253692627, 20.8933391571, -1.30347931385, 4.84441328049], [56.1196289062, -102.659057617, -1.16026675701, 33.4973487854, 33.5076675415, 21.3690643311, -7.03980445862, 21.7451725006, 75.253692627, 152.225158691, 68.2188796997, 21.3983745575, 10.7127313614], [-119.49230957, 62.8687515259, 21.811712265, 8.02412128448, 3.41372680664, 0.238693147898, 22.1923923492, 18.2061691284, 20.8933391571, 68.2188796997, 148.247344971, 64.5770721436, 20.9231700897], [-58.8806190491, -44.923538208, 40.3363647461, 9.8388633728, -23.9002952576, 1.63245093822, 18.9077701569, -5.70398283005, -1.30347931385, 21.3983745575, 64.5770721436, 124.778060913, 56.3694496155], [-133.777114868, -47.3740348816, 34.0127639771, 34.03282547, -11.3063526154, -26.8011798859, -25.2575740814, 2.06831383705, 4.84441328049, 10.7127313614, 20.9231700897, 56.3694496155, 107.727226257]],
        "icov": [[0.000234614737565, -3.37337769452e-05, 3.10377727146e-05, -2.12238046515e-05, -1.87546411325e-05, -0.000221141628572, 0.000288338080281, -0.000511866819579, 0.000220535497647, -0.000247376214247, 0.000382213009289, -0.000309736497002, 0.000396384479245], [-3.37337769452e-05, 0.000919402751606, -0.000229048091569, 0.000569270458072, -0.000557566818316, 0.000479220296256, -0.000352926057531, 0.000250215583947, -0.000865295762196, 0.00137040705886, -0.00117536727339, 0.000652386574075, 1.76047651621e-05], [3.10377727146e-05, -0.000229048091569, 0.00125201698393, -0.000717326183803, -3.02704756905e-05, -0.000307620357489, -0.000425605889177, 0.000494979671203, -0.000239758010139, 7.44951830711e-05, 0.00014814316819, -0.000289989286102, -0.000293526012683], [-2.12238046515e-05, 0.000569270458072, -0.000717326183803, 0.00201771501452, -0.000837175466586, -9.93284993456e-05, 7.02804100001e-05, -6.97730356478e-05, -0.00028333091177, 0.00052702013636, -0.00061305356212, 0.000537141342647, -0.000483383861138], [-1.87546411325e-05, -0.000557566818316, -3.02704756905e-05, -0.000837175466586, 0.00278211338446, -0.000945329957176, 0.000232956634136, 0.000312967371428, -6.97107971064e-05, -0.000893300864846, 0.000407976214774, 0.000361331971362, -6.53756942484e-05], [-0.000221141628572, 0.000479220296256, -0.000307620357489, -9.93284993456e-05, -0.000945329957176, 0.00523095950484, -0.00323917367496, 0.000917959492654, -0.00040430642548, -0.000275479425909, 5.16630752827e-05, 0.000311323296046, 0.000362372666132], [0.000288338080281, -0.000352926057531, -0.000425605889177, 7.02804100001e-05, 0.000232956634136, -0.00323917367496, 0.0061419326812, -0.00386888068169, 0.00181264476851, -2.27531327255e-05, 0.000296343379887, -0.00186174141709, 0.00188529619481], [-0.000511866819579, 0.000250215583947, 0.000494979671203, -6.97730356478e-05, 0.000312967371428, 0.000917959492654, -0.00386888068169, 0.0106436312199, -0.00518848188221, 0.00186089589261, -0.00229544914328, 0.0027348943986, -0.00244703167118], [0.000220535497647, -0.000865295762196, -0.000239758010139, -0.00028333091177, -6.97107971064e-05, -0.00040430642548, 0.00181264476851, -0.00518848188221, 0.0117288343608, -0.00662602391094, 0.00273694959469, -0.00107269128785, 0.000636446697172], [-0.000247376214247, 0.00137040705886, 7.44951830711e-05, 0.00052702013636, -0.000893300864846, -0.000275479425909, -2.27531327255e-05, 0.00186089589261, -0.00662602391094, 0.0136784138158, -0.00706797279418, 0.00180584134068, -0.00073233054718], [0.000382213009289, -0.00117536727339, 0.00014814316819, -0.00061305356212, 0.000407976214774, 5.16630752827e-05, 0.000296343379887, -0.00229544914328, 0.00273694959469, -0.00706797279418, 0.0133706433699, -0.00681798299775, 0.00182435510214], [-0.000309736497002, 0.000652386574075, -0.000289989286102, 0.000537141342647, 0.000361331971362, 0.000311323296046, -0.00186174141709, 0.0027348943986, -0.00107269128785, 0.00180584134068, -0.00681798299775, 0.0151171069592, -0.00726682785898], [0.000396384479245, 1.76047651621e-05, -0.000293526012683, -0.000483383861138, -6.53756942484e-05, 0.000362372666132, 0.00188529619481, -0.00244703167118, 0.000636446697172, -0.00073233054718, 0.00182435510214, -0.00726682785898, 0.0140926828608]]
    },
    "melbands": {
        "mean": [0.00388559093699, 0.0055980165489, 0.00361491995864, 0.000252054829616, 0.00041721292655, 0.000227833283134, 0.000207512654015, 0.00026583118597, 0.000145704005263, 0.000102551377495, 0.0001054715176, 7.48575330363e-05, 6.65142288199e-05, 5.29213866685e-05, 3.84390332329e-05, 3.14958415402e-05, 3.3661533962e-05, 3.08380367642e-05, 2.88843366434e-05, 3.20336985169e-05, 2.57134506683e-05, 2.42899914156e-05, 1.7358614059e-05, 1.53063647303e-05, 1.20107133625e-05, 2.10325906664e-05, 1.44707946674e-05, 7.85645443102e-06, 6.6955121838e-06, 6.30890599496e-06, 6.47960087008e-06, 7.36386527933e-06, 9.10385097086e-06, 7.31564887246e-06, 5.98598398938e-06, 6.33892796031e-06, 4.47226602773e-06, 3.20857111547e-06, 2.805400527e-06, 2.90121670332e-06],
        "stdev": [0.00869293510914, 0.00877252034843, 0.00517853908241, 0.000413489528, 0.000725461402908, 0.000450512685347, 0.000448518694611, 0.000579286017455, 0.000393258203985, 0.000317799538607, 0.000277865154203, 0.000202596871532, 0.000168560887687, 0.00012651454017, 9.69803149928e-05, 8.54759418871e-05, 7.78448957135e-05, 8.72696909937e-05, 7.85689699114e-05, 0.000115652765089, 8.43479647301e-05, 4.65562407044e-05, 3.2306114008e-05, 4.51982050436e-05, 2.27666332648e-05, 4.01709767175e-05, 2.96799116768e-05, 1.53445544129e-05, 1.71148913068e-05, 1.36184744406e-05, 1.38205450639e-05, 2.14296760532e-05, 2.34157905652e-05, 1.48004146467e-05, 1.12767165774e-05, 1.45091635204e-05, 1.07650294012e-05, 6.45101363261e-06, 4.91525133839e-06, 4.86546605316e-06]
    },
    "melbands128": {
        "mean": [0.000892782001756, 0.0034400834702, 0.00546530773863, 0.00421253684908, 0.00403000274673, 0.00858841650188, 0.00606393627822, 0.00136761798058, 0.00025202188408, 0.000155633300892, 0.000252238649409, 0.000433340843301, 0.000483792391606, 0.000382547295885, 0.000236474093981, 0.00013967139239, 0.000123851918033, 0.00022583725513, 0.000289863382932, 0.000287258386379, 0.000268057541689, 0.000188831661944, 0.000121887343994, 0.000111230699986, 0.000116800736578, 9.32806869969e-05, 8.12430371298e-05, 0.000119368873129, 0.000116172719572, 8.25827519293e-05, 5.57851708436e-05, 6.4152671257e-05, 7.6695199823e-05, 6.58702992951e-05, 3.80164019589e-05, 5.67068273085e-05, 6.92942558089e-05, 2.84310026473e-05, 2.93178109132e-05, 3.04716613755e-05, 3.0024222724e-05, 3.6413239286e-05, 3.16244586429e-05, 3.46744163835e-05, 3.31997907779e-05, 3.08518319798e-05, 2.61264212895e-05, 2.96643720503e-05, 2.82838336716e-05, 3.1538438634e-05, 3.342979835e-05, 3.32640083798e-05, 2.5415316486e-05, 2.18308250624e-05, 2.67383729806e-05, 2.53804064414e-05, 2.28741955652e-05, 1.72543568624e-05, 1.55288289534e-05, 1.59859991982e-05, 1.8815499061e-05, 1.15756483865e-05, 9.35105890676e-06, 1.15779112093e-05, 1.61744010256e-05, 2.48421092692e-05, 2.19382254727e-05, 1.65554029081e-05, 1.38198820423e-05, 9.75482362264e-06, 7.49202126826e-06, 7.25437985238e-06, 6.29899113846e-06, 6.8960544013e-06, 6.73238446325e-06, 6.05447394264e-06, 6.27526878816e-06, 6.55347184875e-06, 6.17657997282e-06, 6.4299188125e-06, 7.89935984358e-06, 6.96762253938e-06, 8.40158008941e-06, 1.02808044176e-05, 8.67634935275e-06, 7.72723706177e-06, 6.85396435074e-06, 6.4401333475e-06, 4.91105720357e-06, 6.73664726492e-06, 6.92290495863e-06, 6.01163446845e-06, 5.83216797168e-06, 4.55406552646e-06, 3.67551092495e-06, 3.28263740812e-06, 3.14061298923e-06, 2.97879751088e-06, 2.46196827902e-06, 2.98296731671e-06, 3.19305263474e-06, 2.84679231299e-06, 2.85561486635e-06, 1.43766897054e-06, 1.20657011848e-06, 9.22170045214e-07, 1.12572365651e-06, 1.03009938357e-06, 9.4253965699e-07, 7.02538329733e-07, 7.08093295998e-07, 7.29113594389e-07, 4.95811150358e-07, 5.24895540366e-07, 4.58292760186e-07, 4.35765940665e-07, 1.52648439666e-07, 6.10245294297e-08, 1.43226657201e-07, 1.14354222092e-07, 7.7770465623e-08, 3.22957944832e-08, 1.97018881209e-08, 6.03130478893e-09, 4.97855046078e-09, 2.06069405984e-09, 1.36731723166e-10, 9.22392197344e-12],
        "stdev": [0.00244656600989, 0.0090606296435, 0.0132819497958, 0.0121714593843, 0.00965119618922, 0.0128466449678, 0.00885234307498, 0.00226220930927, 0.000589991104789, 0.000344546890119, 0.000665705010761, 0.00089676346397, 0.00110135297291, 0.000854557787534, 0.000686588988174, 0.000395967043005, 0.000395342241973, 0.000648525776342, 0.000808657845482, 0.000775708758738, 0.000879584986251, 0.000711359782144, 0.00047048414126, 0.000413585657952, 0.000465927121695, 0.000415391259594, 0.000313786586048, 0.000401790981414, 0.000395668699639, 0.000329924951075, 0.00020559465338, 0.000209705220186, 0.000255310675129, 0.000207940931432, 0.000141889569932, 0.000181615134352, 0.000227473734412, 0.000111595167255, 0.000117427538498, 0.000115494338388, 0.0001217021927, 0.000113700451038, 9.5766139566e-05, 0.000111517525511, 0.000125652382849, 0.00012146672816, 9.55201103352e-05, 0.00010333229875, 0.000111015011498, 0.000128494764795, 0.000131262393552, 0.000152352120494, 0.000106998784759, 5.88508701185e-05, 6.87224674039e-05, 5.74091936869e-05, 4.86921999254e-05, 3.39664620697e-05, 3.42341154465e-05, 4.76783607155e-05, 6.45279505989e-05, 3.58123397746e-05, 2.02454048122e-05, 2.49271797657e-05, 3.48584253516e-05, 5.76426937187e-05, 4.63861251774e-05, 4.03734120482e-05, 3.46014167008e-05, 2.38767752307e-05, 1.66080972122e-05, 1.80835595529e-05, 1.83551310329e-05, 2.1165009457e-05, 1.79519684025e-05, 1.56369496835e-05, 1.45197218444e-05, 1.43609240695e-05, 1.48976587298e-05, 1.7977112293e-05, 2.16063453991e-05, 2.93277371384e-05, 2.67117302428e-05, 2.73125551757e-05, 2.29896668316e-05, 1.82600379048e-05, 1.43726701936e-05, 1.15981556519e-05, 1.11238023237e-05, 1.39961694003e-05, 1.66130594152e-05, 1.58846232807e-05, 1.48023736983e-05, 1.16988385344e-05, 9.75911007117e-06, 7.89252771938e-06, 6.7719602157e-06, 5.12887754667e-06, 4.84925703859e-06, 6.0775601014e-06, 6.27145209364e-06, 5.07420236318e-06, 4.6630293582e-06, 2.59647845269e-06, 1.85458861779e-06, 1.56563976361e-06, 1.7685434841e-06, 1.72192949321e-06, 1.63396362041e-06, 1.24152359149e-06, 1.336942546e-06, 1.3950475477e-06, 9.20900731671e-07, 1.21568348277e-06, 9.27005544327e-07, 8.69174812124e-07, 4.45399905402e-07, 3.31367516537e-07, 4.82346536046e-07, 4.10993379774e-07, 3.63098848766e-07, 1.55066715024e-07, 1.07201479693e-07, 3.76175002259e-08, 3.53543114784e-08, 1.56484727398e-08, 1.62276547755e-09, 1.2828900442e-10]
    },
    "mfcc": {
        "mean": [-646.197875977, 85.2153320312, 27.3523712158, 28.5946292877, 12.7420539856, 8.45417881012, 3.44458127022, 9.69721221924, -0.968882262707, 1.16086792946, 0.0622125454247, -2.25874447823, 2.72457933426],
        "cov": [[4668.49072266, -265.456665039, -430.863342285, -177.236251831, 66.1428833008, -39.5154800415, -6.54596424103, 82.9901580811, 128.672439575, 136.140365601, 114.526412964, -6.46976280212, 0.788480937481], [-265.456665039, 1964.97265625, -108.66317749, -245.741333008, 14.4783535004, -183.330307007, -25.5711650848, 49.6589851379, -27.9474983215, -47.9384803772, 57.4709701538, -0.0775038823485, 34.883430481], [-430.863342285, -108.66317749, 1058.10314941, 361.334838867, 109.804733276, 251.506149292, 183.550003052, 134.656219482, 89.9147491455, 3.71515703201, 1.41771972179, 66.8816223145, 48.5006256104], [-177.236251831, -245.741333008, 361.334838867, 627.043701172, 298.112182617, 184.887527466, 94.0556488037, 47.4201393127, 46.5206184387, 39.663269043, -9.43260288239, 7.28421020508, 32.693321228], [66.1428833008, 14.4783535004, 109.804733276, 298.112182617, 479.298736572, 184.196609497, 36.6100349426, -10.9778060913, 44.134349823, 56.1713562012, 15.7595033646, 11.1070899963, 11.6971969604], [-39.5154800415, -183.330307007, 251.506149292, 184.887527466, 184.196609497, 408.070831299, 211.786560059, 105.371200562, 87.1375198364, 30.9005031586, 54.5966911316, 68.1605606079, 14.5585327148], [-6.54596424103, -25.5711650848, 183.550003052, 94.0556488037, 36.6100349426, 211.786560059, 323.836425781, 164.55380249, 73.2217025757, 27.5521736145, 44.4911880493, 63.2357330322, 28.4355964661], [82.9901580811, 49.6589851379, 134.656219482, 47.4201393127, -10.9778060913, 105.371200562, 164.55380249, 227.168334961, 90.9344329834, 26.2150611877, 41.3863639832, 32.7533416748, 10.9384012222], [128.672439575, -27.9474983215, 89.9147491455, 46.5206184387, 44.134349823, 87.1375198364, 73.2217025757, 90.9344329834, 174.090484619, 63.3651428223, 32.7856674194, 22.9865989685, -11.4750413895], [136.140365601, -47.9384803772, 3.71515703201, 39.663269043, 56.1713562012, 30.9005031586, 27.5521736145, 26.2150611877, 63.3651428223, 169.379470825, 70.5363769531, 13.1790018082, 8.90718650818], [114.526412964, 57.4709701538, 1.41771972179, -9.43260288239, 15.7595033646, 54.5966911316, 44.4911880493, 41.3863639832, 32.7856674194, 70.5363769531, 146.193847656, 58.2988319397, 25.2936782837], [-6.46976280212, -0.0775038823485, 66.8816223145, 7.28421020508, 11.1070899963, 68.1605606079, 63.2357330322, 32.7533416748, 22.9865989685, 13.1790018082, 58.2988319397, 123.005081177, 47.2091331482], [0.788480937481, 34.883430481, 48.5006256104, 32.693321228, 11.6971969604, 14.5585327148, 28.4355964661, 10.9384012222, -11.4750413895, 8.90718650818, 25.2936782837, 47.2091331482, 115.938491821]],
        "icov": [[0.000245691713644, 6.8913155701e-05, 9.26370266825e-05, 0.00010752928938, -0.000139824856888, 9.12213290576e-05, 9.06429977476e-06, -0.000149606566993, -0.000161752017448, -2.60035758402e-05, -0.000168675906025, 0.00010337986896, -9.6244206361e-05], [6.8913155701e-05, 0.000661999452859, -5.86717542319e-05, 0.000419703254011, -0.0005220110761, 0.000570012314711, -0.000136083152029, -0.000375425937818, -2.07656412385e-05, 0.000410335022025, -0.00053371314425, 0.000221454873099, -0.00025088887196], [9.26370266825e-05, -5.86717542319e-05, 0.00143758126069, -0.000770916114561, 0.000364833656931, -0.000546547176782, 9.75223315436e-07, -0.000314237899147, -0.000341980019584, 0.000102935358882, 0.000372725306079, -0.000399754091632, -0.000266036571702], [0.00010752928938, 0.000419703254011, -0.000770916114561, 0.00318344077095, -0.0019050402334, 0.000204800016945, -0.000245274481131, -0.000493035360705, 0.000143971454236, -0.000128169165691, 0.000167828795384, 0.00074579246575, -0.000745246361475], [-0.000139824856888, -0.0005220110761, 0.000364833656931, -0.0019050402334, 0.00410019140691, -0.00202448153868, 0.000675506598782, 0.00113586138468, -0.000283354602288, -0.000992558663711, 0.000553510442842, -0.00012908296776, 9.03064428712e-05], [9.12213290576e-05, 0.000570012314711, -0.000546547176782, 0.000204800016945, -0.00202448153868, 0.00575311435387, -0.00282419566065, -1.48061117216e-05, -0.000906721048523, 0.00112166127656, -0.00149388192222, -0.000742450647522, 0.000626975437626], [9.06429977476e-06, -0.000136083152029, 9.75223315436e-07, -0.000245274481131, 0.000675506598782, -0.00282419566065, 0.00688722589985, -0.00362297776155, 0.000492252060212, -0.00061131658731, 0.000701826240402, -0.00122029159684, -0.000511787540745], [-0.000149606566993, -0.000375425937818, -0.000314237899147, -0.000493035360705, 0.00113586138468, -1.48061117216e-05, -0.00362297776155, 0.00879416614771, -0.00309472996742, 0.000558722182177, -0.00110594427679, 0.000682248268276, -5.51444391022e-05], [-0.000161752017448, -2.07656412385e-05, -0.000341980019584, 0.000143971454236, -0.000283354602288, -0.000906721048523, 0.000492252060212, -0.00309472996742, 0.00916441436857, -0.00301035330631, 0.00080298067769, -0.00122661422938, 0.00188611238264], [-2.60035758402e-05, 0.000410335022025, 0.000102935358882, -0.000128169165691, -0.000992558663711, 0.00112166127656, -0.00061131658731, 0.000558722182177, -0.00301035330631, 0.00921984389424, -0.00475648557767, 0.00169416633435, -0.00073212449206], [-0.000168675906025, -0.00053371314425, 0.000372725306079, 0.000167828795384, 0.000553510442842, -0.00149388192222, 0.000701826240402, -0.00110594427679, 0.00080298067769, -0.00475648557767, 0.0117971580476, -0.00466224411502, -0.000207962031709], [0.00010337986896, 0.000221454873099, -0.000399754091632, 0.00074579246575, -0.00012908296776, -0.000742450647522, -0.00122029159684, 0.000682248268276, -0.00122661422938, 0.00169416633435, -0.00466224411502, 0.0130994319916, -0.00433762790635], [-9.6244206361e-05, -0.00025088887196, -0.000266036571702, -0.000745246361475, 9.03064428712e-05, 0.000626975437626, -0.000511787540745, -5.51444391022e-05, 0.00188611238264, -0.00073212449206, -0.000207962031709, -0.00433762790635, 0.0111202709377]]
    },
    "spectral_contrast_coeffs": {
        "mean": [-0.649562716484, -0.748586118221, -0.772119998932, -0.799912333488, -0.784453928471, -0.78169041872],
        "stdev": [0.101634986699, 0.0921722054482, 0.0724038779736, 0.0565665699542, 0.0529570840299, 0.0391142889857]
    },
    "spectral_contrast_valleys": {
        "mean": [-6.95875453949, -7.28005695343, -7.83242416382, -7.96211290359, -7.56763410568, -9.49378013611],
        "stdev": [1.10941624641, 0.914562940598, 0.945777177811, 0.938210070133, 0.8772174716, 0.951661586761]
    }
},
"rhythm": {
    "beats_count": 390,
    "beats_loudness": {
        "mean": 0.0809446275234,
        "stdev": 0.0614728145301
    },
    "bpm": 88.8475646973,
    "bpm_histogram_first_peak_bpm": 89,
    "bpm_histogram_first_peak_weight": 0.0322580933571,
    "bpm_histogram_second_peak_bpm": 117,
    "bpm_histogram_second_peak_spread": 0.358974337578,
    "bpm_histogram_second_peak_weight": 0.0642673522234,
    "danceability": 1.32185781002,
    "onset_rate": 5.41993522644,
    "beats_loudness_band_ratio": {
        "mean": [0.528700828552, 0.0658584237099, 0.121815286577, 0.0892327800393, 0.129071593285, 0.0779445692897],
        "stdev": [0.364099502563, 0.0956138670444, 0.137969702482, 0.0985552892089, 0.135203123093, 0.130135789514]
    },
    "beats_position": [0.487619042397, 0.99845802784, 1.52090704441, 1.99691605568, 2.48453521729, 2.96054410934, 3.50621318817, 4.05188179016, 4.58594083786, 5.0967798233, 5.61922883987, 6.14167785645, 6.66412687302, 7.17496585846, 7.6858048439, 8.19664382935, 8.70748329163, 9.21832180023, 9.72916126251, 10.2399997711, 10.7508392334, 11.261677742, 11.749297142, 12.2601356506, 12.7593650818, 13.2702035904, 13.7694330215, 14.2802715302, 14.7678909302, 15.2787294388, 15.7895689011, 16.3120174408, 16.8344669342, 17.3453063965, 17.8445339203, 18.3437633514, 18.8546028137, 19.3538322449, 19.853061676, 20.3522891998, 20.851518631, 21.3623580933, 21.8731975555, 22.3840351105, 22.8716545105, 23.3824939728, 23.8933334351, 24.40417099, 24.9150104523, 25.5883903503, 26.2617683411, 26.9351463318, 27.6085262299, 28.2819042206, 28.9552822113, 29.6402721405, 30.3252601624, 30.9986381531, 31.6720180511, 32.3453979492, 33.0187759399, 33.6921539307, 34.3655319214, 35.0389099121, 35.7122879028, 36.3856697083, 37.059047699, 37.7324256897, 38.4058036804, 39.0791816711, 39.7525634766, 40.4375495911, 41.1225395203, 41.795917511, 42.4692955017, 43.1426734924, 43.8160552979, 44.4894332886, 45.1744194031, 45.8594093323, 46.532787323, 47.2177772522, 47.8911552429, 48.5529251099, 49.2263031006, 49.8996810913, 50.573059082, 51.2464370728, 51.9198188782, 52.5931968689, 53.2665748596, 53.9399528503, 54.6133308411, 55.2867126465, 55.9600906372, 56.6450767517, 57.3300666809, 58.0034446716, 58.6768226624, 59.3502044678, 60.0235824585, 60.6969604492, 61.3703384399, 62.0437164307, 62.7170982361, 63.3904762268, 64.0638504028, 64.7372360229, 65.4106140137, 66.0955963135, 66.7805862427, 67.4539642334, 68.1273422241, 68.8007278442, 69.474105835, 70.1590881348, 70.844078064, 71.5174560547, 72.1908340454, 72.8642196655, 73.5375976562, 74.210975647, 74.8843536377, 75.5577316284, 76.2311096191, 76.9044876099, 77.5894775391, 78.2744674683, 78.947845459, 79.6328353882, 80.3062133789, 80.9679794312, 81.6413574219, 82.3147354126, 82.9881134033, 83.661491394, 84.3348770142, 85.019859314, 85.6932373047, 86.3782272339, 87.0516052246, 87.7249908447, 88.3983688354, 89.0717468262, 89.7451248169, 90.4185028076, 91.0918807983, 91.7768707275, 92.4502487183, 93.1352386475, 93.8086166382, 94.4819946289, 95.1553726196, 95.8287506104, 96.5021286011, 97.1755065918, 97.8488845825, 98.5222625732, 99.1956481934, 99.8806304932, 100.565620422, 101.238998413, 101.912376404, 102.585754395, 103.259140015, 103.920906067, 104.605895996, 105.279273987, 105.952651978, 106.626029968, 107.299407959, 107.97278595, 108.657775879, 109.33115387, 110.016143799, 110.68952179, 111.36289978, 112.036277771, 112.709655762, 113.383033752, 114.056411743, 114.729797363, 115.403175354, 116.088157654, 116.761543274, 117.446525574, 118.119903564, 118.793289185, 119.466667175, 120.140045166, 120.813423157, 121.486801147, 122.160179138, 122.833557129, 123.518547058, 124.191925049, 124.86530304, 125.53868103, 126.212059021, 126.89704895, 127.570426941, 128.243804932, 128.917190552, 129.590560913, 130.263946533, 130.937316895, 131.622314453, 132.307296753, 132.980682373, 133.665664673, 134.339050293, 135.000808716, 135.674194336, 136.347564697, 137.020950317, 137.705932617, 138.379318237, 139.064300537, 139.737686157, 140.411056519, 141.084442139, 141.757827759, 142.43119812, 143.10458374, 143.777954102, 144.451339722, 145.124710083, 145.798095703, 146.471466064, 147.156463623, 147.841445923, 148.514831543, 149.188201904, 149.861587524, 150.534957886, 151.208343506, 151.881713867, 152.555099487, 153.228485107, 153.901855469, 154.575241089, 155.271835327, 155.945205688, 156.618591309, 157.291976929, 157.953735352, 158.627120972, 159.312103271, 159.985488892, 160.658859253, 161.332244873, 161.994003296, 162.679000854, 163.352371216, 164.037368774, 164.710739136, 165.395736694, 166.069107056, 166.742492676, 167.415863037, 168.089248657, 168.762634277, 169.436004639, 170.121002197, 170.805984497, 171.479354858, 172.152740479, 172.826126099, 173.49949646, 174.17288208, 174.846252441, 175.519638062, 176.193008423, 176.866394043, 177.539764404, 178.213150024, 178.886520386, 179.559906006, 180.244888306, 180.929885864, 181.603256226, 182.276641846, 182.950012207, 183.623397827, 184.296783447, 184.970153809, 185.643539429, 186.31690979, 187.001907349, 187.686889648, 188.360275269, 189.03364563, 189.695419312, 190.380401611, 191.053787231, 191.727157593, 192.400543213, 193.073913574, 193.747299194, 194.432281494, 195.105667114, 195.779037476, 196.452423096, 197.137405396, 197.810791016, 198.484161377, 199.157546997, 199.830932617, 200.49269104, 201.177688599, 201.85105896, 202.536056519, 203.221038818, 203.894424438, 204.5677948, 205.24118042, 205.914550781, 206.587936401, 207.261306763, 207.934692383, 208.608062744, 209.281448364, 209.954818726, 210.639816284, 211.301589966, 211.974960327, 212.659957886, 213.344940186, 214.018310547, 214.691696167, 215.365081787, 216.038452148, 216.711837769, 217.38520813, 218.05859375, 218.731964111, 219.41696167, 220.10194397, 220.77532959, 221.448699951, 222.122085571, 222.795455933, 223.468841553, 224.142211914, 224.827209473, 225.512191772, 226.173965454, 226.847335815, 227.532333374, 228.205703735, 228.879089355, 229.552474976, 230.225845337, 230.899230957, 231.572601318, 232.245986938, 232.9193573, 233.59274292, 234.266113281, 234.95111084, 235.63609314, 236.30947876, 236.982849121, 237.656234741, 238.329605103, 239.002990723, 239.676361084, 240.349746704, 241.023132324, 241.708114624, 242.381484985, 243.054870605, 243.739852905, 244.413238525, 245.086624146, 245.759994507, 246.433380127, 247.106750488, 247.780136108, 248.45350647, 249.12689209, 249.800262451, 250.473648071, 251.147018433, 251.832015991, 252.516998291, 253.190383911, 253.863754272, 254.537139893, 255.210510254],
    "bpm_histogram": [0, 0, 0, 0, 0, 0, 0, 0, 0, 0, 0, 0, 0, 0, 0, 0, 0, 0, 0, 0, 0, 0, 0, 0, 0, 0, 0, 0, 0, 0, 0, 0, 0, 0, 0, 0, 0, 0, 0, 0, 0, 0, 0, 0, 0, 0, 0, 0, 0, 0, 0, 0, 0, 0, 0, 0, 0, 0, 0, 0, 0, 0, 0, 0, 0, 0, 0, 0, 0, 0, 0, 0, 0, 0, 0, 0, 0, 0, 0, 0, 0, 0, 0, 0, 0, 0, 0.00257069407962, 0, 0.169665813446, 0.678663253784, 0, 0.0257069412619, 0, 0, 0, 0, 0, 0, 0, 0, 0, 0, 0, 0, 0, 0, 0, 0, 0, 0, 0.00514138815925, 0, 0.00257069407962, 0, 0, 0.0154241649434, 0, 0.0642673522234, 0, 0, 0.020565552637, 0, 0, 0.0102827763185, 0, 0, 0.00514138815925, 0, 0, 0, 0, 0, 0, 0, 0, 0, 0, 0, 0, 0, 0, 0, 0, 0, 0, 0, 0, 0, 0, 0, 0, 0, 0, 0, 0, 0, 0, 0, 0, 0, 0, 0, 0, 0, 0, 0, 0, 0, 0, 0, 0, 0, 0, 0, 0, 0, 0, 0, 0, 0, 0, 0, 0, 0, 0, 0, 0, 0, 0, 0, 0, 0, 0, 0, 0, 0, 0, 0, 0, 0, 0, 0, 0, 0, 0, 0, 0, 0, 0, 0, 0, 0, 0, 0, 0, 0, 0, 0, 0, 0, 0, 0, 0, 0, 0, 0, 0, 0, 0, 0, 0, 0, 0, 0, 0, 0, 0, 0, 0, 0, 0, 0, 0, 0, 0, 0, 0, 0, 0, 0]
},
"tonal": {
    "chords_changes_rate": 0.116654574871,
    "chords_number_rate": 0.00199564592913,
    "chords_strength": {
        "mean": 0.472468852997,
        "stdev": 0.068544857204
    },
    "hpcp_crest": {
        "mean": 13.4364395142,
        "stdev": 6.47354030609
    },
    "hpcp_entropy": {
        "mean": 2.09378361702,
        "stdev": 0.815406799316
    },
    "key_edma": {
        "strength": 0.60363894701,
        "key": "F",
        "scale": "minor"
    },
    "key_krumhansl": {
        "strength": 0.592446684837,
        "key": "F",
        "scale": "minor"
    },
    "key_temperley": {
        "strength": 0.567507147789,
        "key": "F",
        "scale": "minor"
    },
    "tuning_diatonic_strength": 0.510346114635,
    "tuning_equal_tempered_deviation": 0.30313912034,
    "tuning_frequency": 434.193115234,
    "tuning_nontempered_energy_ratio": 0.951105296612,
    "hpcp": {
        "mean": [0.0641765594482, 0.0553081892431, 0.0607547797263, 0.0643862634897, 0.0635183677077, 0.067116111517, 0.0862309858203, 0.107039488852, 0.150135010481, 0.381261736155, 0.565983474255, 0.351520210505, 0.121609404683, 0.0942494347692, 0.0828687995672, 0.0821723416448, 0.0884872302413, 0.079303778708, 0.070741198957, 0.070126414299, 0.0717485621572, 0.0711578279734, 0.0673331692815, 0.0654007196426, 0.0651087015867, 0.0644447430968, 0.0620880611241, 0.0571299567819, 0.0480061993003, 0.0441614091396, 0.0545306764543, 0.0633217766881, 0.057894680649, 0.0573004111648, 0.0628657564521, 0.0686800330877],
        "stdev": [0.158415496349, 0.143785968423, 0.164047017694, 0.16619028151, 0.160373911262, 0.171683043242, 0.201476037502, 0.224735379219, 0.25653475523, 0.352207303047, 0.433480232954, 0.338394731283, 0.231391459703, 0.207956060767, 0.194748327136, 0.188875257969, 0.201428502798, 0.183013424277, 0.177892819047, 0.175618544221, 0.179429918528, 0.178397268057, 0.170043587685, 0.167163610458, 0.170928940177, 0.16822911799, 0.162611320615, 0.152127608657, 0.132671743631, 0.128576442599, 0.144992187619, 0.153975531459, 0.143739536405, 0.14607194066, 0.161285072565, 0.172926843166]
    },
    "chords_histogram": [19.2851963043, 27.5217704773, 8.79898357391, 0, 0, 1.39695215225, 0.253991305828, 8.50870800018, 9.72423839569, 13.0261249542, 0.0907111763954, 2.66690850258, 0.725689411163, 0.018142234534, 0.253991305828, 0.018142234534, 0.435413628817, 1.94121921062, 2.83018875122, 0.0544267036021, 0, 0.018142234534, 1.48766326904, 0.94339621067],
    "thpcp": [1, 0.621078550816, 0.214863881469, 0.166523292661, 0.146415576339, 0.145185053349, 0.156342431903, 0.140116780996, 0.124988101423, 0.123901873827, 0.12676794827, 0.125724211335, 0.118966668844, 0.115552350879, 0.115036398172, 0.113863296807, 0.109699420631, 0.100939266384, 0.084819085896, 0.0780259668827, 0.0963467657566, 0.111879199743, 0.102290406823, 0.101240433753, 0.111073486507, 0.121346354485, 0.113389454782, 0.0977205038071, 0.107343733311, 0.113759972155, 0.11222653836, 0.118583165109, 0.152356013656, 0.189121231437, 0.265263944864, 0.673626959324],
    "chords_key": "G#",
    "chords_scale": "major"
}
}