{
"metadata": {
    "version": {
        "essentia": "2.1-dev",
        "essentia_git_sha": "v2.1_beta3-415-gd5473f3",
        "extractor": "music 2.0"
    },
    "audio_properties": {
        "analysis": {
            "equal_loudness": 0,
            "length": 142.63999939,
            "sample_rate": 44100,
            "start_time": 0,
            "downmix": "mix"
        },
        "bit_rate": 128000,
        "length": 142.63999939,
        "lossless": 0,
        "number_channels": 2,
        "replay_gain": -8.94830322266,
        "sample_rate": 44100,
        "codec": "mp3",
        "md5_encoded": "74ed0febc045b3f6eaf7b5ec7e2dc532"
    },
    "tags": {
        "file_name": "albinoni_sonata_a_violino_solo_di_me_tomaso_tomaso_albinoni.mp3",
        "album": ["Per Monsieur Pisendel"],
        "artist": ["La Serenissima"],
        "artistwebpage": ["http:\/\/www.magnatune.com\/artists\/serenissima"],
        "composer": ["www.magnatune.com\/artists\/serenissima"],
        "copyright": ["2004 Serenissima - Licensed to the public under http:\/\/creativecommons.org\/licenses\/by-nc-sa\/1.0\/ verify at http:\/\/www.magnatune.com\/artists\/serenissima"],
        "date": ["2003"],
        "encodedby": ["http:\/\/www.magnatune.com\/"],
        "filewebpage": ["http:\/\/www.magnatune.com\/artists\/serenissima"],
        "genre": ["Classical"],
        "length": ["143000"],
        "originalartist": ["http:\/\/www.magnatune.com\/artists\/serenissima"],
        "title": ["Albinoni: Sonata a Violino Sol"],
        "tracknumber": ["7"]
    }
},
"lowlevel": {
    "average_loudness": 0.242068663239,
    "barkbands_crest": {
        "mean": 10.5682706833,
        "stdev": 4.45309782028
    },
    "barkbands_flatness_db": {
        "mean": 0.189545288682,
        "stdev": 0.0481011383235
    },
    "barkbands_kurtosis": {
        "mean": 2.7891664505,
        "stdev": 6.28103876114
    },
    "barkbands_skewness": {
        "mean": 1.09211170673,
        "stdev": 1.03140354156
    },
    "barkbands_spread": {
        "mean": 16.6996231079,
        "stdev": 7.91035604477
    },
    "dissonance": {
        "mean": 0.434909343719,
        "stdev": 0.0424676463008
    },
    "dynamic_complexity": 6.92490816116,
    "erbbands_crest": {
        "mean": 13.0948266983,
        "stdev": 6.32887411118
    },
    "erbbands_flatness_db": {
        "mean": 0.222770825028,
        "stdev": 0.0548381656408
    },
    "erbbands_kurtosis": {
        "mean": 1.11091077328,
        "stdev": 3.7397146225
    },
    "erbbands_skewness": {
        "mean": 0.459677577019,
        "stdev": 0.878304362297
    },
    "erbbands_spread": {
        "mean": 28.2690258026,
        "stdev": 14.7552814484
    },
    "hfc": {
        "mean": 13.1113920212,
        "stdev": 20.6798114777
    },
    "loudness_ebu128": {
        "integrated": -16.2083644867,
        "loudness_range": 10.8319349289,
        "momentary": {
            "mean": -20.8903083801,
            "stdev": 10.2329721451
        },
        "short_term": {
            "mean": -19.2861251831,
            "stdev": 8.14720535278
        }
    },
    "melbands_crest": {
        "mean": 13.9493112564,
        "stdev": 5.35809707642
    },
    "melbands_flatness_db": {
        "mean": 0.210875764489,
        "stdev": 0.0548473112285
    },
    "melbands_kurtosis": {
        "mean": 7.08073949814,
        "stdev": 14.2902603149
    },
    "melbands_skewness": {
        "mean": 1.62824690342,
        "stdev": 1.36294496059
    },
    "melbands_spread": {
        "mean": 24.0339565277,
        "stdev": 13.2231359482
    },
    "pitch_salience": {
        "mean": 0.465177983046,
        "stdev": 0.110589057207
    },
    "silence_rate_20dB": {
        "mean": 1,
        "stdev": 0
    },
    "silence_rate_30dB": {
        "mean": 0.988932311535,
        "stdev": 0.10461781919
    },
    "silence_rate_60dB": {
        "mean": 0.278157562017,
        "stdev": 0.448095649481
    },
    "spectral_centroid": {
        "mean": 1401.16259766,
        "stdev": 567.627502441
    },
    "spectral_complexity": {
        "mean": 10.1414384842,
        "stdev": 4.62160015106
    },
    "spectral_decrease": {
        "mean": -3.22247628581e-09,
        "stdev": 5.28075760897e-09
    },
    "spectral_energy": {
        "mean": 0.0133515940979,
        "stdev": 0.0216936413199
    },
    "spectral_energyband_high": {
        "mean": 0.000182065123226,
        "stdev": 0.000289301562589
    },
    "spectral_energyband_low": {
        "mean": 0.000515206134878,
        "stdev": 0.00132619356737
    },
    "spectral_energyband_middle_high": {
        "mean": 0.00745405070484,
        "stdev": 0.0171929337084
    },
    "spectral_energyband_middle_low": {
        "mean": 0.00581891043112,
        "stdev": 0.0112050138414
    },
    "spectral_entropy": {
        "mean": 6.78036355972,
        "stdev": 0.503381311893
    },
    "spectral_flux": {
        "mean": 0.024481125176,
        "stdev": 0.0211648996919
    },
    "spectral_kurtosis": {
        "mean": 6.09995317459,
        "stdev": 3.57262921333
    },
    "spectral_rms": {
        "mean": 0.00296780583449,
        "stdev": 0.00205380190164
    },
    "spectral_rolloff": {
        "mean": 1587.71728516,
        "stdev": 885.127929688
    },
    "spectral_skewness": {
        "mean": 1.72312176228,
        "stdev": 0.409677296877
    },
    "spectral_spread": {
        "mean": 3662955.25,
        "stdev": 1137288.75
    },
    "spectral_strongpeak": {
        "mean": 1.78441417217,
        "stdev": 2.30953550339
    },
    "zerocrossingrate": {
        "mean": 0.0594141483307,
        "stdev": 0.0223197601736
    },
    "barkbands": {
        "mean": [3.47554845348e-07, 1.84617729246e-05, 0.000145878628246, 0.000866792630404, 0.00135710381437, 0.00055672210874, 0.000620601291303, 0.00147552869748, 0.000424117577495, 0.00200777361169, 0.0030754825566, 0.000597351521719, 0.000324725639075, 0.000106927276647, 0.000446835154435, 0.000290159659926, 0.000120025775686, 0.000391168083297, 0.000265399023192, 0.000107099796878, 6.87681240379e-05, 4.32642955275e-05, 2.12497179746e-05, 1.10027804112e-05, 6.92323010298e-06, 1.90826472135e-06, 4.44722231263e-10],
        "stdev": [4.29703504778e-07, 5.7958837715e-05, 0.000322615844198, 0.00238337507471, 0.00319903367199, 0.00110960565507, 0.00156473333482, 0.00798762589693, 0.000928128953092, 0.00636516232044, 0.0138308890164, 0.00223400816321, 0.00151840702165, 0.000236221370869, 0.00148213270586, 0.000807822041679, 0.000238648965023, 0.000988811603747, 0.00064387160819, 0.000251407444011, 0.00015795721265, 9.32173134061e-05, 3.93154550693e-05, 1.91859162442e-05, 1.2033467101e-05, 2.93026209874e-06, 1.09928943726e-09]
    },
    "erbbands": {
        "mean": [0.000208611352718, 0.00711375055835, 0.1245194152, 1.64310932159, 5.49526929855, 2.86268591881, 2.32885098457, 5.53033256531, 8.89141750336, 24.6774978638, 21.3927669525, 11.4009084702, 41.7163276672, 129.233184814, 62.2608795166, 27.8851070404, 17.0401763916, 8.15323066711, 15.9110364914, 21.2630348206, 15.4264974594, 5.87221956253, 11.7669782639, 29.6174240112, 8.98092556, 4.82766294479, 3.5346660614, 1.68787610531, 1.40488350391, 1.30839812756, 0.630791842937, 0.230767533183, 0.169463992119, 0.107779212296, 0.0378389023244, 0.0147234359756, 0.00193299993407, 4.40353614977e-05, 9.74614249571e-06, 1.64567591128e-05],
        "stdev": [0.000435328867752, 0.0180283244699, 0.241187095642, 4.18406963348, 13.3484258652, 6.92188835144, 6.2316532135, 12.2169589996, 19.0971355438, 158.333236694, 69.3543395996, 21.019153595, 145.338226318, 530.42767334, 270.880889893, 102.025245667, 71.1620483398, 19.2557945251, 64.6889190674, 76.5812988281, 36.0543479919, 9.31857776642, 23.9045619965, 76.0144577026, 21.3971385956, 11.5062513351, 8.73941230774, 3.03076195717, 2.76470303535, 2.92065215111, 1.25528657436, 0.328332662582, 0.319218963385, 0.231843143702, 0.0523163452744, 0.0219942517579, 0.00292113656178, 6.12460789853e-05, 1.30686776174e-05, 2.59231874224e-05]
    },
    "gfcc": {
        "mean": [-104.234886169, 88.9584121704, -162.943878174, 16.0519294739, -82.1588668823, -2.80484104156, -47.7867126465, -1.27418017387, -37.1028404236, -13.4084396362, -21.8700313568, -10.6263580322, -12.7598524094],
        "cov": [[15530.1445312, -678.759399414, -2677.18676758, -781.06829834, -1005.07641602, -651.26763916, -108.252532959, -156.622421265, -329.062011719, -649.699645996, -156.691848755, -248.539169312, -154.872634888], [-678.759399414, 1118.38635254, 328.294921875, 122.337913513, 288.416931152, -15.8166446686, 131.328262329, -138.09602356, 99.1667785645, -75.6455001831, 111.351722717, -71.1128845215, 35.1454086304], [-2677.18676758, 328.294921875, 1120.71984863, 418.516357422, 236.229446411, 246.843444824, 41.5734329224, 69.0787811279, -10.4084663391, 104.401481628, -29.7065391541, 35.4544563293, -26.5129642487], [-781.06829834, 122.337913513, 418.516357422, 403.063110352, 166.640426636, 108.247627258, 41.7586135864, 50.4448699951, 15.8598136902, 26.8879795074, -12.3248157501, -24.4630088806, -20.6172389984], [-1005.07641602, 288.416931152, 236.229446411, 166.640426636, 281.194702148, 88.6943740845, 56.3025436401, 1.22551894188, 36.6464118958, 19.2377223969, 29.8463363647, -2.79210710526, 7.98012161255], [-651.26763916, -15.8166446686, 246.843444824, 108.247627258, 88.6943740845, 189.857070923, 51.4721221924, 18.1543979645, -21.0724811554, 14.2452135086, -23.8721313477, 21.1985549927, 31.2970123291], [-108.252532959, 131.328262329, 41.5734329224, 41.7586135864, 56.3025436401, 51.4721221924, 184.817672729, 35.4565200806, -18.8908176422, -74.370765686, 16.7960720062, 5.43221187592, 48.8842849731], [-156.622421265, -138.09602356, 69.0787811279, 50.4448699951, 1.22551894188, 18.1543979645, 35.4565200806, 152.772247314, 17.4534416199, 17.8381004333, -5.32640314102, 23.6248474121, -20.6095676422], [-329.062011719, 99.1667785645, -10.4084663391, 15.8598136902, 36.6464118958, -21.0724811554, -18.8908176422, 17.4534416199, 128.894760132, 61.3377838135, 23.4015579224, -9.77303314209, -5.0876750946], [-649.699645996, -75.6455001831, 104.401481628, 26.8879795074, 19.2377223969, 14.2452135086, -74.370765686, 17.8381004333, 61.3377838135, 175.884277344, 20.6566982269, 8.8483915329, -38.6810188293], [-156.691848755, 111.351722717, -29.7065391541, -12.3248157501, 29.8463363647, -23.8721313477, 16.7960720062, -5.32640314102, 23.4015579224, 20.6566982269, 104.794128418, 22.6534843445, -6.22752094269], [-248.539169312, -71.1128845215, 35.4544563293, -24.4630088806, -2.79210710526, 21.1985549927, 5.43221187592, 23.6248474121, -9.77303314209, 8.8483915329, 22.6534843445, 107.51083374, 39.7470436096], [-154.872634888, 35.1454086304, -26.5129642487, -20.6172389984, 7.98012161255, 31.2970123291, 48.8842849731, -20.6095676422, -5.0876750946, -38.6810188293, -6.22752094269, 39.7470436096, 158.829833984]],
        "icov": [[0.000207919933018, -0.000459098111605, 0.000761982984841, -0.000444668519776, 0.000724281009752, -0.000350505171809, 0.000312150572427, -0.000431747641414, 0.000705396407284, 9.81908888207e-05, 0.000490812992211, -0.000191939121578, 0.000368167151464], [-0.000459098111605, 0.00490864273161, -0.00402658432722, 0.00228001526557, -0.0042636427097, 0.00361050153151, -0.002718686359, 0.00474942941219, -0.00522957742214, 0.00287316530012, -0.00417947629467, 0.00296273385175, -0.00132728810422], [0.000761982984841, -0.00402658432722, 0.00616954965517, -0.00390500877984, 0.0038242591545, -0.00425176974386, 0.00226218439639, -0.00381057267077, 0.00532942451537, -0.00243390840478, 0.00419274391606, -0.00315554905683, 0.00214393832721], [-0.000444668519776, 0.00228001526557, -0.00390500877984, 0.00642049685121, -0.00406648032367, 0.00132979894988, -0.00116450409405, 0.000887453730684, -0.00296914414503, 0.00133573764469, -0.00208526384085, 0.0031465946231, -0.000979686505161], [0.000724281009752, -0.0042636427097, 0.0038242591545, -0.00406648032367, 0.0104001238942, -0.00482740905136, 0.00136358640157, -0.00284108193591, 0.00301418220624, -0.00147113786079, 0.00200098357163, -0.00223858421668, 0.0017774857115], [-0.000350505171809, 0.00361050153151, -0.00425176974386, 0.00132979894988, -0.00482740905136, 0.0122357783839, -0.00433695688844, 0.00374248600565, -0.00195906939916, 6.71724919812e-05, -0.000260606670054, 0.000862338289153, -0.00229826802388], [0.000312150572427, -0.002718686359, 0.00226218439639, -0.00116450409405, 0.00136358640157, -0.00433695688844, 0.0112844090909, -0.00595347443596, 0.00333809782751, 0.00298183830455, -0.00115725246724, 0.000453973654658, -0.00165297999047], [-0.000431747641414, 0.00474942941219, -0.00381057267077, 0.000887453730684, -0.00284108193591, 0.00374248600565, -0.00595347443596, 0.013607352972, -0.00690851220861, 0.0016402064357, -0.00190356373787, -0.000741408322938, 0.00129955541342], [0.000705396407284, -0.00522957742214, 0.00532942451537, -0.00296914414503, 0.00301418220624, -0.00195906939916, 0.00333809782751, -0.00690851220861, 0.0171579029411, -0.00674303714186, 0.00329474802129, -0.00100816390477, -5.11304497195e-05], [9.81908888207e-05, 0.00287316530012, -0.00243390840478, 0.00133573764469, -0.00147113786079, 6.71724919812e-05, 0.00298183830455, 0.0016402064357, -0.00674303714186, 0.0127893099561, -0.00472499523312, 0.00167749356478, 0.000876477803104], [0.000490812992211, -0.00417947629467, 0.00419274391606, -0.00208526384085, 0.00200098357163, -0.000260606670054, -0.00115725246724, -0.00190356373787, 0.00329474802129, -0.00472499523312, 0.0170266646892, -0.00701532838866, 0.00327059463598], [-0.000191939121578, 0.00296273385175, -0.00315554905683, 0.0031465946231, -0.00223858421668, 0.000862338289153, 0.000453973654658, -0.000741408322938, -0.00100816390477, 0.00167749356478, -0.00701532838866, 0.0156042939052, -0.00505819870159], [0.000368167151464, -0.00132728810422, 0.00214393832721, -0.000979686505161, 0.0017774857115, -0.00229826802388, -0.00165297999047, 0.00129955541342, -5.11304497195e-05, 0.000876477803104, 0.00327059463598, -0.00505819870159, 0.00982625409961]]
    },
    "melbands": {
        "mean": [3.19031664731e-06, 4.07269981224e-05, 0.000412655761465, 0.000321676663589, 8.63655877765e-05, 0.0001232081122, 0.000131636334118, 0.000296679878375, 0.000156062902533, 6.42445593257e-05, 0.000205956297577, 0.000504119088873, 0.000260254659224, 9.68519671005e-05, 4.56132802356e-05, 3.14074968628e-05, 1.24490970848e-05, 2.16709140659e-05, 2.7864052754e-05, 2.89401523332e-05, 1.52496504597e-05, 5.92915739617e-06, 6.58618910165e-06, 1.62546512001e-05, 2.55631875916e-05, 6.88071258992e-06, 4.63637434223e-06, 2.6247741971e-06, 2.23452002501e-06, 1.74516242168e-06, 7.73085105266e-07, 8.0685077819e-07, 8.40041536776e-07, 6.07575486811e-07, 4.32119776406e-07, 1.55806219482e-07, 1.28990294002e-07, 1.21983262602e-07, 1.05876530654e-07, 9.06877630769e-08],
        "stdev": [9.17202942219e-06, 8.25060269563e-05, 0.000905455497559, 0.000744801945984, 0.000284069712507, 0.000265605805907, 0.000279317842796, 0.00192866160069, 0.000450708874268, 0.000124405109091, 0.000788634293713, 0.00199806923047, 0.00106150715146, 0.000417172821471, 0.000137900642585, 0.000177959533175, 2.87583334284e-05, 0.000102082740341, 8.3753868239e-05, 9.27697765292e-05, 3.82610742236e-05, 1.21224493341e-05, 1.77184610948e-05, 3.50008413079e-05, 6.90710367053e-05, 2.44782877417e-05, 1.16701994557e-05, 6.81466508468e-06, 6.09481503488e-06, 5.10788413521e-06, 1.62898538747e-06, 1.79678193035e-06, 2.05467608794e-06, 1.37397125854e-06, 1.00153840776e-06, 2.48506410117e-07, 2.04442244467e-07, 2.32120044075e-07, 2.8208103231e-07, 1.99412554025e-07]
    },
    "melbands128": {
        "mean": [1.54022075094e-07, 4.45651807013e-07, 2.74574017567e-06, 1.14514232337e-05, 2.23934639507e-05, 9.23641418922e-05, 0.000289986812277, 0.000481196591863, 0.000695592723787, 0.000340693397447, 8.35626924527e-05, 0.000117216950457, 7.00921445969e-05, 5.52403980691e-05, 0.000115261595056, 0.000170486571733, 0.000157406873768, 0.000121808690892, 9.64143473539e-05, 0.000312367570587, 0.000471892446512, 0.000163164004334, 0.000159934541443, 8.44995447551e-05, 6.25085813226e-05, 4.39769937657e-05, 9.00898012333e-05, 0.000246296549449, 0.000267170340521, 0.000314845674438, 0.000827128591482, 0.000481361174025, 8.98977741599e-05, 0.000258700863924, 6.70645604259e-05, 8.50936630741e-05, 7.4239775131e-05, 2.98054292216e-05, 4.58127215097e-05, 3.79453449568e-05, 3.36465127475e-05, 9.94765559881e-06, 1.3870397197e-05, 1.34700394483e-05, 5.47769241166e-06, 3.12969932565e-05, 3.03841279674e-05, 2.81662942143e-05, 2.36359792325e-05, 3.30525072059e-05, 3.34507167281e-05, 1.99622409127e-05, 2.07006651181e-05, 1.06592915472e-05, 9.27278051677e-06, 4.50887728221e-06, 3.17890294355e-06, 5.17355101692e-06, 8.65072524903e-06, 9.48869546846e-06, 7.74904219725e-06, 1.3466481505e-05, 6.67126223561e-05, 7.94049537944e-06, 5.56943632546e-06, 8.48345644044e-06, 5.83160044698e-06, 5.44667318536e-06, 2.97870678878e-06, 6.55374833514e-06, 9.81944708656e-07, 2.63758306573e-06, 1.7277658344e-06, 2.0039562969e-06, 2.56292901213e-06, 2.57023566519e-06, 1.10686835342e-06, 5.59648185572e-07, 8.69337611675e-07, 6.41826602532e-07, 1.06773120478e-06, 5.11340488174e-07, 9.36303933941e-07, 5.91388356952e-07, 1.35087293529e-06, 6.05054879088e-07, 4.74729745292e-07, 2.08319718809e-07, 7.35400078611e-07, 2.41483775199e-07, 1.68852579918e-07, 1.37412811796e-07, 1.49174539388e-07, 9.33065109621e-08, 1.49951972617e-07, 1.45870458823e-07, 9.53791854386e-08, 1.08771843088e-07, 1.48419331936e-07, 6.97516640003e-08, 8.00135921963e-08, 1.17452167103e-07, 7.36609351293e-08, 4.31477680252e-08, 4.38439933248e-08, 2.53181422494e-08, 2.861853865e-08, 2.48956695259e-08, 3.26466391698e-08, 1.84135959813e-08, 2.3272454186e-08, 8.29544077874e-09, 6.07533190422e-10, 2.360236789e-12, 2.27636767942e-12, 2.20401604953e-12, 2.1350224106e-12, 2.0696166135e-12, 2.01325891722e-12, 1.9674554954e-12, 1.92289868924e-12, 1.88524629935e-12, 1.84689394854e-12, 1.81101086818e-12, 1.79031691815e-12, 1.77360003854e-12, 1.75987306325e-12, 1.74733112094e-12],
        "stdev": [2.34643167119e-07, 1.1967933915e-06, 9.16663975659e-06, 3.88187108911e-05, 6.30529539194e-05, 0.000214922387386, 0.000872062752023, 0.00133317115251, 0.001863011159, 0.000991047243588, 0.000211798993405, 0.000615689670667, 0.000200333219254, 0.000143181430758, 0.000367074186215, 0.000434746703831, 0.000519522058312, 0.000359970581485, 0.000348511995981, 0.00224492442794, 0.00355595629662, 0.000537167477887, 0.000560635060538, 0.000319422833854, 0.000175915425643, 0.000120251846965, 0.000312776683131, 0.00103536515962, 0.00183357158676, 0.00112055847421, 0.00420441338792, 0.00269167125225, 0.000422181154136, 0.00193405197933, 0.000409714673879, 0.000428516010288, 0.000374861294404, 0.000115837050544, 0.000261927576503, 0.000224135117605, 0.000277146202279, 5.64299371035e-05, 3.71730784536e-05, 3.62270147889e-05, 2.97323003906e-05, 0.000195266067749, 0.000144955876749, 0.000109287859232, 0.000116284856631, 0.000216366766836, 0.000143497498357, 5.88791554037e-05, 9.08077854547e-05, 3.34612996085e-05, 2.8381773518e-05, 1.67287125805e-05, 8.79116851138e-06, 1.58812763402e-05, 3.23366839439e-05, 3.97957483074e-05, 2.93126431643e-05, 5.29774661118e-05, 0.000200954222237, 2.46082963713e-05, 3.8446905819e-05, 4.49342696811e-05, 2.21178470383e-05, 2.1047435439e-05, 1.03036027213e-05, 2.73431323876e-05, 2.57882015831e-06, 1.09989014163e-05, 7.32575290385e-06, 8.64669891598e-06, 1.15767370517e-05, 9.49109653448e-06, 5.09241317559e-06, 1.79910216502e-06, 2.92103300126e-06, 1.83558449862e-06, 3.6100145735e-06, 1.37568315495e-06, 3.82161579182e-06, 2.16077592086e-06, 4.92491972182e-06, 1.72127704445e-06, 1.65099049809e-06, 3.78381457722e-07, 2.24051495934e-06, 7.86078487636e-07, 4.17337162162e-07, 3.07676941702e-07, 3.45264282942e-07, 2.07397917507e-07, 3.33194265068e-07, 4.59122048824e-07, 2.10541998058e-07, 3.68424679209e-07, 6.03274941113e-07, 2.44047555498e-07, 2.91774938432e-07, 3.24555145426e-07, 1.87390270412e-07, 1.2035948771e-07, 6.718271095e-08, 4.78686423833e-08, 5.81892685148e-08, 4.95984231463e-08, 6.82128487028e-08, 4.03117326186e-08, 4.69162735328e-08, 1.67343987556e-08, 1.8103801791e-09, 5.85882167434e-12, 5.65760806259e-12, 5.47001029541e-12, 5.29996966453e-12, 5.14278029884e-12, 4.99777172772e-12, 4.86800183497e-12, 4.75010092024e-12, 4.64738881059e-12, 4.55574770616e-12, 4.47492173525e-12, 4.4089831612e-12, 4.35872562002e-12, 4.31944627635e-12, 4.29653534972e-12]
    },
    "mfcc": {
        "mean": [-734.656555176, 108.2293396, -28.324464798, 5.68821763992, -22.3697528839, -13.7304563522, -13.3115053177, -6.37311506271, -13.8270101547, -11.6089334488, -10.577586174, -14.0795278549, -8.14853572845],
        "cov": [[11037.3720703, 610.600585938, -1447.75585938, -579.879150391, -1141.63232422, -762.784057617, -466.616729736, -162.574783325, -426.166870117, -321.683990479, -281.738647461, -461.721282959, -258.491973877], [610.600585938, 1070.36999512, -82.2864761353, 89.6130142212, 27.2299003601, 15.52526474, -11.9706039429, -7.72147083282, -56.512336731, -73.0543212891, -15.6649856567, 41.9679069519, 22.2954158783], [-1447.75585938, -82.2864761353, 730.482910156, 247.675827026, 278.634399414, 205.973449707, 163.203536987, 85.9030380249, 115.999961853, 78.6867599487, 49.7305412292, 29.1427536011, -43.4114303589], [-579.879150391, 89.6130142212, 247.675827026, 321.693389893, 179.002197266, 94.8136901855, 91.554359436, 61.0462417603, 56.7792778015, 70.9579925537, 84.9332275391, 44.5000114441, -5.48793935776], [-1141.63232422, 27.2299003601, 278.634399414, 179.002197266, 333.458679199, 173.239822388, 98.8201217651, 45.5915336609, 72.2954559326, 64.6819610596, 77.0879440308, 86.7104187012, 26.4319324493], [-762.784057617, 15.52526474, 205.973449707, 94.8136901855, 173.239822388, 220.520782471, 90.270072937, 23.7951889038, 61.5616569519, 38.0911750793, 19.92237854, 26.2004737854, 9.05775547028], [-466.616729736, -11.9706039429, 163.203536987, 91.554359436, 98.8201217651, 90.270072937, 192.452728271, 91.732208252, 58.6698036194, 17.5156154633, -6.39109039307, -6.97424650192, -3.69486951828], [-162.574783325, -7.72147083282, 85.9030380249, 61.0462417603, 45.5915336609, 23.7951889038, 91.732208252, 164.020462036, 57.1999397278, 10.9921693802, 4.79552268982, -17.0905914307, -4.13861322403], [-426.166870117, -56.512336731, 115.999961853, 56.7792778015, 72.2954559326, 61.5616569519, 58.6698036194, 57.1999397278, 156.698989868, 55.7066574097, 11.3455028534, -7.48635149002, -9.1651725769], [-321.683990479, -73.0543212891, 78.6867599487, 70.9579925537, 64.6819610596, 38.0911750793, 17.5156154633, 10.9921693802, 55.7066574097, 161.113723755, 73.2946166992, 14.3421182632, -21.2966861725], [-281.738647461, -15.6649856567, 49.7305412292, 84.9332275391, 77.0879440308, 19.92237854, -6.39109039307, 4.79552268982, 11.3455028534, 73.2946166992, 171.03793335, 85.0779418945, 7.48079061508], [-461.721282959, 41.9679069519, 29.1427536011, 44.5000114441, 86.7104187012, 26.2004737854, -6.97424650192, -17.0905914307, -7.48635149002, 14.3421182632, 85.0779418945, 203.70526123, 90.7821426392], [-258.491973877, 22.2954158783, -43.4114303589, -5.48793935776, 26.4319324493, 9.05775547028, -3.69486951828, -4.13861322403, -9.1651725769, -21.2966861725, 7.48079061508, 90.7821426392, 189.503662109]],
        "icov": [[0.000178507805686, -9.2689639132e-05, 0.000167424761457, -7.07707877154e-05, 0.000335035583703, 0.000132477973239, 8.01561254775e-05, -7.49864630052e-05, 0.000143219760503, 6.17287441855e-05, -2.85933037958e-05, 0.000193664745893, 0.000159781819093], [-9.2689639132e-05, 0.00113236729521, 0.000230165664107, -0.000632143986877, -0.000247270450927, -0.000332609401084, 0.000142642049468, -3.94277049054e-05, 0.000211594990105, 0.000483165582409, 0.000316418358125, -0.000372696144041, 5.765138485e-05], [0.000167424761457, 0.000230165664107, 0.00280889961869, -0.00120701198466, -0.000687575142365, -0.000815067149233, -0.000469857070129, -0.000187590718269, -0.000257330480963, 0.000166917525348, 0.000401648692787, -5.11278303748e-05, 0.000946356449276], [-7.07707877154e-05, -0.000632143986877, -0.00120701198466, 0.00594362011179, -0.00170584523585, 0.000519836030435, -0.00109764712397, -0.000512184284162, -2.52631325566e-05, -0.000939494522754, -0.0018399868859, 0.000314917066135, -0.000131072767545], [0.000335035583703, -0.000247270450927, -0.000687575142365, -0.00170584523585, 0.00822676997632, -0.00342463911511, -0.000254375423538, -0.000366680964362, -0.000210883561522, -0.000174574699486, -0.000942875398323, -0.00140453793574, -3.7311892811e-05], [0.000132477973239, -0.000332609401084, -0.000815067149233, 0.000519836030435, -0.00342463911511, 0.0092278746888, -0.00222975108773, 0.00165233341977, -0.00106438423973, -0.000308030721499, 0.000383260718081, 0.000684198108502, -0.000351602066075], [8.01561254775e-05, 0.000142642049468, -0.000469857070129, -0.00109764712397, -0.000254375423538, -0.00222975108773, 0.0096085164696, -0.00420409394428, -0.000219829948037, 0.000179595794179, 0.00154825556092, 0.000128729894641, 7.74823929532e-05], [-7.49864630052e-05, -3.94277049054e-05, -0.000187590718269, -0.000512184284162, -0.000366680964362, 0.00165233341977, -0.00420409394428, 0.00945100933313, -0.00245993817225, 0.000843529996928, -0.000977395218797, 0.00107774941716, -0.000560742162634], [0.000143219760503, 0.000211594990105, -0.000257330480963, -2.52631325566e-05, -0.000210883561522, -0.00106438423973, -0.000219829948037, -0.00245993817225, 0.00945148617029, -0.00266935420223, 0.000895788019989, 0.000487872515805, 2.11111509998e-05], [6.17287441855e-05, 0.000483165582409, 0.000166917525348, -0.000939494522754, -0.000174574699486, -0.000308030721499, 0.000179595794179, 0.000843529996928, -0.00266935420223, 0.0095953848213, -0.00372697343118, 0.000842443201691, 0.00079217471648], [-2.85933037958e-05, 0.000316418358125, 0.000401648692787, -0.0018399868859, -0.000942875398323, 0.000383260718081, 0.00154825556092, -0.000977395218797, 0.000895788019989, -0.00372697343118, 0.0106603410095, -0.00419857958332, 0.00129952537827], [0.000193664745893, -0.000372696144041, -5.11278303748e-05, 0.000314917066135, -0.00140453793574, 0.000684198108502, 0.000128729894641, 0.00107774941716, 0.000487872515805, 0.000842443201691, -0.00419857958332, 0.00932367797941, -0.00368784344755], [0.000159781819093, 5.765138485e-05, 0.000946356449276, -0.000131072767545, -3.7311892811e-05, -0.000351602066075, 7.74823929532e-05, -0.000560742162634, 2.11111509998e-05, 0.00079217471648, 0.00129952537827, -0.00368784344755, 0.00751779600978]]
    },
    "spectral_contrast_coeffs": {
        "mean": [-0.573412954807, -0.694772481918, -0.631800711155, -0.701966941357, -0.701171875, -0.71227645874],
        "stdev": [0.122306726873, 0.0841556340456, 0.113153383136, 0.079749211669, 0.0762585997581, 0.0610399544239]
    },
    "spectral_contrast_valleys": {
        "mean": [-9.30971622467, -7.9278550148, -8.93376731873, -9.28780937195, -9.33453083038, -12.3934659958],
        "stdev": [1.12942695618, 1.19680762291, 1.0912694931, 1.06240785122, 1.03492593765, 1.0166914463]
    }
},
"rhythm": {
    "beats_count": 259,
    "beats_loudness": {
        "mean": 0.0142389815301,
        "stdev": 0.0198369473219
    },
    "bpm": 101.691711426,
    "bpm_histogram_first_peak_bpm": 101,
    "bpm_histogram_first_peak_weight": 0.721739172935,
    "bpm_histogram_second_peak_bpm": 112,
    "bpm_histogram_second_peak_spread": 0.655737698078,
    "bpm_histogram_second_peak_weight": 0.0813953503966,
    "danceability": 0.919077336788,
    "onset_rate": 1.54922688007,
    "beats_loudness_band_ratio": {
        "mean": [0.206197664142, 0.199836462736, 0.260973364115, 0.290282517672, 0.118223063648, 0.035463463515],
        "stdev": [0.229282900691, 0.17935590446, 0.189512863755, 0.23654319346, 0.122858271003, 0.0397645160556]
    },
    "beats_position": [0.557278871536, 1.1261677742, 1.69505667686, 2.2523355484, 2.82122445107, 3.39011335373, 3.93578219414, 4.49306106567, 5.06195020676, 5.630838871, 6.21133756638, 6.79183673859, 7.37233543396, 7.89478445053, 8.42884349823, 8.96290206909, 9.49696159363, 10.0310201645, 10.6347389221, 11.2268476486, 11.8189563751, 12.4226751328, 13.0147848129, 13.6068935394, 14.1990022659, 14.8027210236, 15.4064397812, 16.0101585388, 16.5906581879, 17.1711559296, 17.7632656097, 18.3437633514, 18.9242630005, 19.5047607422, 20.0852603912, 20.6657600403, 21.246257782, 21.826757431, 22.3840351105, 22.9529247284, 23.5218143463, 24.0790920258, 24.6479816437, 25.2168693542, 25.7277088165, 26.2385482788, 26.7726078033, 27.3066654205, 27.8523349762, 28.3747844696, 28.9088420868, 29.4312915802, 29.9537410736, 30.4878005981, 30.9986381531, 31.5907478333, 32.1828575134, 32.7749671936, 33.3670730591, 33.9591827393, 34.5164604187, 35.0621299744, 35.6194114685, 36.1766891479, 36.7455787659, 37.3144645691, 37.8717460632, 38.4406356812, 39.0327415466, 39.6248512268, 40.216960907, 40.7974586487, 41.3779602051, 41.9700660706, 42.550567627, 43.0962333679, 43.6302947998, 44.1527442932, 44.7680702209, 45.3950119019, 46.0219497681, 46.6488876343, 47.2758255005, 47.9143753052, 48.5529251099, 49.1566429138, 49.7603607178, 50.3640823364, 50.9678001404, 51.5715179443, 52.1636276245, 52.7673454285, 53.3594551086, 53.9631729126, 54.578502655, 55.1938323975, 55.8207702637, 56.4244880676, 57.0282058716, 57.643535614, 58.2588653564, 58.8858032227, 59.5127410889, 60.1396827698, 60.766620636, 61.3122901917, 61.8579597473, 62.3920173645, 62.9260749817, 63.4833564758, 64.0754623413, 64.6675720215, 65.2712936401, 65.8634033203, 66.4555053711, 67.0824508667, 67.7093887329, 68.3247146606, 68.9632644653, 69.60181427, 70.2403640747, 70.8673019409, 71.4942398071, 72.1211776733, 72.7481155396, 73.3518371582, 73.9555511475, 74.5244445801, 75.0933303833, 75.6622238159, 76.2311096191, 76.7999954224, 77.345664978, 77.8681182861, 78.4021759033, 78.924621582, 79.4586868286, 79.9927444458, 80.5384140015, 81.0840835571, 81.6297454834, 82.1521987915, 82.6862564087, 83.2087097168, 83.7311553955, 84.2652130127, 84.7760543823, 85.3101119995, 85.8441696167, 86.3550109863, 86.865852356, 87.3650741577, 87.8643035889, 88.3751449585, 88.8859863281, 89.3619918823, 89.8263931274, 90.2907943726, 90.7667999268, 91.2428131104, 91.730430603, 92.2528762817, 92.7753295898, 93.2977752686, 93.8086166382, 94.3194503784, 94.830291748, 95.3295211792, 95.8403625488, 96.3511962891, 96.9433059692, 97.5470275879, 98.1275253296, 98.7196350098, 99.3001327515, 99.8806304932, 100.472740173, 101.053237915, 101.645347595, 102.237457275, 102.829566956, 103.421676636, 104.002174377, 104.582672119, 105.163169861, 105.778503418, 106.393829346, 107.009155273, 107.624488831, 108.239814758, 108.855148315, 109.482086182, 110.039360046, 110.608253479, 111.177139282, 111.734420776, 112.291702271, 112.860588074, 113.441085815, 114.009971619, 114.625305176, 115.252243042, 115.86756897, 116.471290588, 117.075012207, 117.667114258, 118.259223938, 118.851333618, 119.455055237, 120.058776855, 120.639274597, 121.231384277, 121.835098267, 122.287887573, 122.74067688, 123.181854248, 123.623039246, 124.064216614, 124.505393982, 124.958183289, 125.410972595, 125.840545654, 126.270111084, 126.711288452, 127.15246582, 127.593650818, 127.988388062, 128.383132935, 128.777862549, 129.172607422, 129.555740356, 129.938858032, 130.333602905, 130.705123901, 131.088256836, 131.471374512, 131.842895508, 132.214416504, 132.632385254, 133.050338745, 133.456680298, 133.897872925, 134.339050293, 134.768615723, 135.198181152, 135.604537964, 136.010879517, 136.417236328, 136.823577881, 137.241546631, 137.659500122, 138.205169678, 138.727615356, 139.250061035, 139.772521973, 140.294967651, 140.829025269, 141.363082886, 141.897140503],
    "bpm_histogram": [0, 0, 0, 0, 0, 0, 0, 0, 0, 0, 0, 0, 0, 0, 0, 0, 0, 0, 0, 0, 0, 0, 0, 0, 0, 0, 0, 0, 0, 0, 0, 0, 0, 0, 0, 0, 0, 0, 0, 0, 0, 0, 0, 0, 0, 0, 0, 0, 0, 0, 0, 0, 0, 0, 0, 0, 0, 0, 0, 0, 0, 0, 0, 0, 0, 0, 0, 0, 0, 0, 0, 0, 0, 0, 0, 0, 0, 0, 0, 0, 0, 0, 0, 0, 0, 0, 0, 0, 0, 0, 0, 0, 0, 0, 0.019379844889, 0, 0.0658914744854, 0, 0.0542635656893, 0.089147284627, 0, 0.12403100729, 0, 0.0930232554674, 0, 0.0852713212371, 0, 0, 0.0465116277337, 0, 0.0426356606185, 0, 0.0813953503966, 0, 0, 0.0658914744854, 0, 0.0503875985742, 0, 0, 0.0116279069334, 0, 0, 0.00387596897781, 0, 0, 0.0116279069334, 0, 0, 0.00775193795562, 0, 0, 0, 0.0155038759112, 0, 0, 0.0348837226629, 0, 0, 0, 0.0155038759112, 0, 0, 0, 0.0155038759112, 0, 0, 0, 0.019379844889, 0, 0, 0, 0.019379844889, 0, 0, 0, 0, 0.0155038759112, 0, 0, 0, 0.0116279069334, 0, 0, 0, 0, 0, 0, 0, 0, 0, 0, 0, 0, 0, 0, 0, 0, 0, 0, 0, 0, 0, 0, 0, 0, 0, 0, 0, 0, 0, 0, 0, 0, 0, 0, 0, 0, 0, 0, 0, 0, 0, 0, 0, 0, 0, 0, 0, 0, 0, 0, 0, 0, 0, 0, 0, 0, 0, 0, 0, 0, 0, 0, 0, 0, 0, 0, 0, 0, 0, 0, 0, 0, 0, 0, 0, 0, 0, 0, 0, 0, 0, 0, 0, 0, 0, 0, 0, 0]
},
"tonal": {
    "chords_changes_rate": 0.0436055958271,
    "chords_number_rate": 0.00488122366369,
    "chords_strength": {
        "mean": 0.482918292284,
        "stdev": 0.084730707109
    },
    "hpcp_crest": {
        "mean": 18.6142902374,
        "stdev": 7.56251001358
    },
    "hpcp_entropy": {
        "mean": 1.31932270527,
        "stdev": 0.626272439957
    },
    "key_edma": {
        "strength": 0.681136131287,
        "key": "G",
        "scale": "minor"
    },
    "key_krumhansl": {
        "strength": 0.695089221001,
        "key": "G",
        "scale": "minor"
    },
    "key_temperley": {
        "strength": 0.713140130043,
        "key": "G",
        "scale": "minor"
    },
    "tuning_diatonic_strength": 0.482762873173,
    "tuning_equal_tempered_deviation": 0.00955710560083,
    "tuning_frequency": 440.254241943,
    "tuning_nontempered_energy_ratio": 0.600357115269,
    "hpcp": {
        "mean": [0.22416883707, 0.0953731313348, 0.0822490155697, 0.140665739775, 0.0678565576673, 0.0442888848484, 0.0625348240137, 0.0286112967879, 0.109473541379, 0.2078255862, 0.107579573989, 0.0410690046847, 0.0643765553832, 0.0333195999265, 0.1496732831, 0.2745847404, 0.137904301286, 0.0491849817336, 0.0849801748991, 0.0473288558424, 0.0630813390017, 0.0972310826182, 0.0473464280367, 0.0619762986898, 0.0997654795647, 0.0519975684583, 0.0835458934307, 0.107487618923, 0.0425420440733, 0.230442613363, 0.39300468564, 0.182477027178, 0.0360777340829, 0.0482892394066, 0.0255099199712, 0.139517068863],
        "stdev": [0.331553637981, 0.146516948938, 0.183145925403, 0.303799450397, 0.150561407208, 0.126871958375, 0.181594356894, 0.0928745642304, 0.2037140131, 0.346017688513, 0.200315013528, 0.115199945867, 0.19263574481, 0.116871282458, 0.213089957833, 0.366866141558, 0.193198472261, 0.137916281819, 0.228719338775, 0.135619878769, 0.139110282063, 0.213354960084, 0.105291768909, 0.149836525321, 0.232843250036, 0.131287261844, 0.190420746803, 0.243799313903, 0.102930553257, 0.271500498056, 0.420776873827, 0.230172485113, 0.126043558121, 0.184795051813, 0.100538782775, 0.222656771541]
    },
    "chords_histogram": [14.8063783646, 1.98503088951, 4.03514480591, 4.78359889984, 2.60331916809, 7.22421073914, 0.878620266914, 13.244386673, 0.976244688034, 17.5073223114, 0.423039376736, 4.03514480591, 0.618288338184, 0, 0, 0.423039376736, 0, 1.00878620148, 1.33420109749, 0.715912759304, 4.23039388657, 2.5382361412, 11.5522289276, 5.07647228241],
    "thpcp": [1, 0.46431261301, 0.0917997583747, 0.122871920466, 0.0649099647999, 0.355001032352, 0.570397377014, 0.242676824331, 0.209282532334, 0.357923835516, 0.172660931945, 0.112693019211, 0.159119799733, 0.0728014111519, 0.278555303812, 0.528811991215, 0.27373611927, 0.104500040412, 0.163806080818, 0.0847816839814, 0.380843520164, 0.698680579662, 0.350897341967, 0.125151127577, 0.216231957078, 0.120428219438, 0.160510405898, 0.247404381633, 0.120472937822, 0.157698631287, 0.253853142262, 0.132307752967, 0.212582439184, 0.273502141237, 0.108248189092, 0.586360991001],
    "chords_key": "D",
    "chords_scale": "major"
}
}