{
"metadata": {
    "version": {
        "essentia": "2.1-dev",
        "essentia_git_sha": "v2.1_beta3-415-gd5473f3",
        "extractor": "music 2.0"
    },
    "audio_properties": {
        "analysis": {
            "equal_loudness": 0,
            "length": 221.701217651,
            "sample_rate": 44100,
            "start_time": 0,
            "downmix": "mix"
        },
        "bit_rate": 160000,
        "length": 221.701217651,
        "lossless": 0,
        "number_channels": 2,
        "replay_gain": -5.65487098694,
        "sample_rate": 44100,
        "codec": "mp3",
        "md5_encoded": "74e860aff07e6588aad9f6b33315b01e"
    },
    "tags": {
        "file_name": "bach-sonata_for_violin_and_harps_allegro.mp3",
        "album": ["Bach - Sonata for Violin and C"],
        "artist": ["Fabio Biondi, Rinaldo Alessand"],
        "date": ["1996"],
        "genre": ["Classical"],
        "title": ["Bach - Sonata for Violin and H"]
    }
},
"lowlevel": {
    "average_loudness": 0.372272372246,
    "barkbands_crest": {
        "mean": 11.3649625778,
        "stdev": 4.88734960556
    },
    "barkbands_flatness_db": {
        "mean": 0.1296531111,
        "stdev": 0.0527804717422
    },
    "barkbands_kurtosis": {
        "mean": 5.28765106201,
        "stdev": 12.6983566284
    },
    "barkbands_skewness": {
        "mean": 1.68469202518,
        "stdev": 1.30973219872
    },
    "barkbands_spread": {
        "mean": 17.0750141144,
        "stdev": 8.2488899231
    },
    "dissonance": {
        "mean": 0.45133626461,
        "stdev": 0.0333456248045
    },
    "dynamic_complexity": 4.56223869324,
    "erbbands_crest": {
        "mean": 11.2700119019,
        "stdev": 5.14617347717
    },
    "erbbands_flatness_db": {
        "mean": 0.176091626287,
        "stdev": 0.0506667308509
    },
    "erbbands_kurtosis": {
        "mean": 0.835195124149,
        "stdev": 3.08144068718
    },
    "erbbands_skewness": {
        "mean": 0.827300846577,
        "stdev": 0.790055751801
    },
    "erbbands_spread": {
        "mean": 31.7950210571,
        "stdev": 12.1710329056
    },
    "hfc": {
        "mean": 13.9532804489,
        "stdev": 17.1043796539
    },
    "loudness_ebu128": {
        "integrated": -18.0072364807,
        "loudness_range": 5.78798770905,
        "momentary": {
            "mean": -20.4742527008,
            "stdev": 7.48490095139
        },
        "short_term": {
            "mean": -19.3417987823,
            "stdev": 5.68042945862
        }
    },
    "melbands_crest": {
        "mean": 14.163233757,
        "stdev": 5.93719053268
    },
    "melbands_flatness_db": {
        "mean": 0.175844430923,
        "stdev": 0.0596847459674
    },
    "melbands_kurtosis": {
        "mean": 11.3425807953,
        "stdev": 19.9852905273
    },
    "melbands_skewness": {
        "mean": 2.31224989891,
        "stdev": 1.41722857952
    },
    "melbands_spread": {
        "mean": 20.7672080994,
        "stdev": 12.1813402176
    },
    "pitch_salience": {
        "mean": 0.507737636566,
        "stdev": 0.119073562324
    },
    "silence_rate_20dB": {
        "mean": 0.999581098557,
        "stdev": 0.0204638056457
    },
    "silence_rate_30dB": {
        "mean": 0.989737153053,
        "stdev": 0.100788414478
    },
    "silence_rate_60dB": {
        "mean": 0.107131637633,
        "stdev": 0.309279114008
    },
    "spectral_centroid": {
        "mean": 1418.14733887,
        "stdev": 573.318725586
    },
    "spectral_complexity": {
        "mean": 12.6786050797,
        "stdev": 4.71841001511
    },
    "spectral_decrease": {
        "mean": -3.55825369169e-09,
        "stdev": 5.68823832481e-09
    },
    "spectral_energy": {
        "mean": 0.0146952718496,
        "stdev": 0.0227540507913
    },
    "spectral_energyband_high": {
        "mean": 0.000367124535842,
        "stdev": 0.00045783558744
    },
    "spectral_energyband_low": {
        "mean": 0.000187307348824,
        "stdev": 0.000282450608211
    },
    "spectral_energyband_middle_high": {
        "mean": 0.00440938863903,
        "stdev": 0.00847956631333
    },
    "spectral_energyband_middle_low": {
        "mean": 0.00986018870026,
        "stdev": 0.0199554748833
    },
    "spectral_entropy": {
        "mean": 7.32989549637,
        "stdev": 0.414406388998
    },
    "spectral_flux": {
        "mean": 0.0491572245955,
        "stdev": 0.0276629384607
    },
    "spectral_kurtosis": {
        "mean": 4.88397359848,
        "stdev": 2.18359589577
    },
    "spectral_rms": {
        "mean": 0.00327707175165,
        "stdev": 0.00189677404705
    },
    "spectral_rolloff": {
        "mean": 1603.08728027,
        "stdev": 967.297485352
    },
    "spectral_skewness": {
        "mean": 1.61753034592,
        "stdev": 0.314087301493
    },
    "spectral_spread": {
        "mean": 4446211,
        "stdev": 1007831.5625
    },
    "spectral_strongpeak": {
        "mean": 1.58080029488,
        "stdev": 1.66763901711
    },
    "zerocrossingrate": {
        "mean": 0.0689121857285,
        "stdev": 0.0259000007063
    },
    "barkbands": {
        "mean": [1.1474362509e-06, 2.47048792517e-05, 8.04827504908e-05, 0.000201550457859, 0.00129502406344, 0.00104775617365, 0.00441067526117, 0.00113459140994, 0.00166336388793, 0.000622575171292, 0.00128120568115, 0.000687955645844, 0.000204245239729, 0.000154752255185, 0.00029155384982, 0.000255188409938, 0.000279659638181, 0.000318499834975, 0.000216877044295, 0.000233972794376, 0.000133476758492, 5.35965045856e-05, 3.72745525965e-05, 2.34431481658e-05, 1.5837018509e-05, 1.56016103574e-05, 9.73667101789e-06],
        "stdev": [1.26324607663e-06, 4.569835437e-05, 0.000145008831169, 0.000384749961086, 0.00627467595041, 0.00221713376231, 0.0168568491936, 0.00276127178222, 0.00390862906352, 0.00185602833517, 0.00587912090123, 0.00228935782798, 0.000459535949631, 0.000362189108273, 0.000974541588221, 0.00113247649278, 0.000774522894062, 0.000930187350605, 0.000554502999876, 0.000591099378653, 0.000287122413283, 5.16163199791e-05, 3.73889270122e-05, 1.99660662474e-05, 1.53727214638e-05, 1.72831732925e-05, 1.60964809766e-05]
    },
    "erbbands": {
        "mean": [0.000427543011028, 0.00753030646592, 0.0714209154248, 0.405187308788, 1.11566066742, 3.96691036224, 10.3761558533, 10.8626976013, 45.7112312317, 57.3357887268, 27.2489490509, 28.1505889893, 32.2162628174, 44.7208633423, 30.5189476013, 22.7160320282, 11.7965497971, 8.65457630157, 7.79376125336, 16.2835655212, 16.1231098175, 19.2177906036, 17.376581192, 12.8018541336, 13.7014865875, 8.70000934601, 6.54521846771, 3.86537981033, 2.01587176323, 1.52329289913, 1.00625741482, 0.609866142273, 0.34214797616, 0.198592126369, 0.101585105062, 0.0587974488735, 0.0302852019668, 0.00928072724491, 0.00166477961466, 0.00011232405086],
        "stdev": [0.000544610142242, 0.0138910179958, 0.12253882736, 0.697764933109, 1.68556535244, 16.4211444855, 54.7292709351, 25.0581531525, 228.153121948, 175.439193726, 63.206817627, 57.6066207886, 70.5302047729, 201.378677368, 104.869728088, 68.2613525391, 28.947385788, 20.3620128632, 18.5747489929, 48.4759483337, 76.3594970703, 53.4380874634, 43.7824401855, 32.5465888977, 33.4928398132, 19.6071949005, 14.3452720642, 6.93875265121, 1.9859098196, 1.55621576309, 1.04561161995, 0.58412873745, 0.287200719118, 0.204113662243, 0.097476452589, 0.0592235960066, 0.0381319485605, 0.0125701697543, 0.00308834807947, 0.000169160455698]
    },
    "gfcc": {
        "mean": [-42.2474708557, 54.6297950745, -134.78578186, -1.0220631361, -76.8701934814, -15.3662557602, -38.1102523804, 3.66982722282, -24.5558853149, -2.63631343842, -18.6084632874, 1.58652877808, -12.9282941818],
        "cov": [[10143.8300781, -1158.14538574, -1567.4576416, -360.69418335, -558.726928711, -494.545562744, -322.277069092, -107.579986572, -306.592468262, -190.300674438, -300.850463867, -161.471069336, -349.277404785], [-1158.14538574, 684.014221191, 22.7054023743, 61.6453170776, -36.6786842346, 35.3283996582, -49.9938926697, -47.1488456726, 17.1695690155, 5.10854673386, 75.6395645142, 17.8294792175, 71.0863494873], [-1567.4576416, 22.7054023743, 899.470581055, 42.7623405457, 101.269515991, 48.9099845886, 10.4987068176, -58.8791694641, 35.2898025513, 41.3566513062, 8.52225589752, 53.3804664612, 15.2684345245], [-360.69418335, 61.6453170776, 42.7623405457, 217.43862915, 75.1276550293, 66.0452575684, 0.507534742355, 26.2164268494, -22.3907165527, -12.3328523636, -40.5425949097, -26.021856308, -0.752615272999], [-558.726928711, -36.6786842346, 101.269515991, 75.1276550293, 190.159576416, 81.6108398438, 66.8240661621, 24.5792369843, 8.99845981598, -12.5872535706, -17.0318927765, -13.5756826401, 2.72208547592], [-494.545562744, 35.3283996582, 48.9099845886, 66.0452575684, 81.6108398438, 143.407501221, 52.6203613281, 25.4693813324, -8.45068073273, -3.6039083004, -20.6266670227, -4.17103290558, 1.31648182869], [-322.277069092, -49.9938926697, 10.4987068176, 0.507534742355, 66.8240661621, 52.6203613281, 131.093505859, 56.7323532104, 7.85620450974, -9.9848613739, 0.820995569229, -9.87936401367, 12.3074426651], [-107.579986572, -47.1488456726, -58.8791694641, 26.2164268494, 24.5792369843, 25.4693813324, 56.7323532104, 117.406997681, 35.5721931458, 8.15570449829, -11.9771871567, -12.2401313782, -13.8678503036], [-306.592468262, 17.1695690155, 35.2898025513, -22.3907165527, 8.99845981598, -8.45068073273, 7.85620450974, 35.5721931458, 102.508285522, 52.2916641235, 24.5461215973, -8.01661300659, -7.2278046608], [-190.300674438, 5.10854673386, 41.3566513062, -12.3328523636, -12.5872535706, -3.6039083004, -9.9848613739, 8.15570449829, 52.2916641235, 92.3768234253, 47.6139183044, 5.56437492371, -20.7087726593], [-300.850463867, 75.6395645142, 8.52225589752, -40.5425949097, -17.0318927765, -20.6266670227, 0.820995569229, -11.9771871567, 24.5461215973, 47.6139183044, 114.678443909, 50.6288032532, 13.7088165283], [-161.471069336, 17.8294792175, 53.3804664612, -26.021856308, -13.5756826401, -4.17103290558, -9.87936401367, -12.2401313782, -8.01661300659, 5.56437492371, 50.6288032532, 93.1217727661, 46.2072257996], [-349.277404785, 71.0863494873, 15.2684345245, -0.752615272999, 2.72208547592, 1.31648182869, 12.3074426651, -13.8678503036, -7.2278046608, -20.7087726593, 13.7088165283, 46.2072257996, 120.646743774]],
        "icov": [[0.000371867179638, 0.000448704406153, 0.0005410509184, 0.000175946915988, 0.000419188087108, 0.000635938078631, 0.000277277606074, 0.000365392450476, 0.000554847007152, 7.15440619388e-05, 0.00082092959201, -0.000348695466528, 0.000827921321616], [0.000448704406153, 0.00284207635559, 0.000531425408553, -0.000740049697924, 0.0016657501692, -0.000937991659157, 0.00160482432693, 0.000974326045252, -0.000545995426364, 0.00186867592856, -0.00206943135709, 0.00146884995047, -0.00056587398285], [0.0005410509184, 0.000531425408553, 0.00227966741659, -0.000134267407702, -9.51384063228e-05, 0.00107038626447, -0.00037947378587, 0.00216452940367, -0.000154535897309, -0.000818050291855, 0.00248666363768, -0.00240468024276, 0.00173063878901], [0.000175946915988, -0.000740049697924, -0.000134267407702, 0.00779485190287, -0.00284921773709, -0.00126316701062, 0.00346090458333, -0.00356437964365, 0.00408886419609, -0.00170969683677, 0.00170374906156, 0.00199356791563, -0.000679288699757], [0.000419188087108, 0.0016657501692, -9.51384063228e-05, -0.00284921773709, 0.0103259142488, -0.00302215502597, -0.00291248969734, 0.00219024019316, -0.00268482253887, 0.00340185733512, -0.00101346976589, 0.000715197587851, 0.000839541724417], [0.000635938078631, -0.000937991659157, 0.00107038626447, -0.00126316701062, -0.00302215502597, 0.0136095918715, -0.00418993411586, 0.000574056059122, 0.00321746105328, -0.00374602107331, 0.00626355595887, -0.00436313915998, 0.00317259924486], [0.000277277606074, 0.00160482432693, -0.00037947378587, 0.00346090458333, -0.00291248969734, -0.00418993411586, 0.016416342929, -0.00786713976413, 0.00281262444332, 0.0030127489008, -0.00537983281538, 0.00624438095838, -0.00363540719263], [0.000365392450476, 0.000974326045252, 0.00216452940367, -0.00356437964365, 0.00219024019316, 0.000574056059122, -0.00786713976413, 0.0169220864773, -0.00732603482902, 0.000334098032909, 0.00431390386075, -0.0049971183762, 0.00392171507701], [0.000554847007152, -0.000545995426364, -0.000154535897309, 0.00408886419609, -0.00268482253887, 0.00321746105328, 0.00281262444332, -0.00732603482902, 0.0203842632473, -0.0100086731836, 0.000907457084395, 0.00384178035893, -0.00120174675249], [7.15440619388e-05, 0.00186867592856, -0.000818050291855, -0.00170969683677, 0.00340185733512, -0.00374602107331, 0.0030127489008, 0.000334098032909, -0.0100086731836, 0.0232187714428, -0.0108001306653, 0.00287879281677, 0.00240460596979], [0.00082092959201, -0.00206943135709, 0.00248666363768, 0.00170374906156, -0.00101346976589, 0.00626355595887, -0.00537983281538, 0.00431390386075, 0.000907457084395, -0.0108001306653, 0.0238868761808, -0.0137705616653, 0.00505148200318], [-0.000348695466528, 0.00146884995047, -0.00240468024276, 0.00199356791563, 0.000715197587851, -0.00436313915998, 0.00624438095838, -0.0049971183762, 0.00384178035893, 0.00287879281677, -0.0137705616653, 0.0241632107645, -0.00970351882279], [0.000827921321616, -0.00056587398285, 0.00173063878901, -0.000679288699757, 0.000839541724417, 0.00317259924486, -0.00363540719263, 0.00392171507701, -0.00120174675249, 0.00240460596979, 0.00505148200318, -0.00970351882279, 0.0150469401851]]
    },
    "melbands": {
        "mean": [5.15909687238e-06, 2.75191468972e-05, 9.09875307116e-05, 0.000143022611155, 0.000353565177647, 0.000254495884292, 0.000762183684856, 0.000550129159819, 0.000210321610211, 0.000198911147891, 0.00016033159045, 0.000172351472429, 0.000126636063214, 7.28249942767e-05, 5.27421834704e-05, 2.00361373572e-05, 1.43329925777e-05, 8.0606305346e-06, 2.89286381303e-05, 1.55152902153e-05, 1.73718053702e-05, 2.08434375963e-05, 1.24308926388e-05, 1.68190344993e-05, 9.41806683841e-06, 9.60122633842e-06, 1.05013286884e-05, 4.6375121201e-06, 4.47973025075e-06, 3.09173628921e-06, 1.86294494142e-06, 1.17968340874e-06, 9.55855057327e-07, 7.77601655955e-07, 6.16726708813e-07, 4.62968358761e-07, 3.4505526969e-07, 2.45416487132e-07, 2.06077132248e-07, 1.51776845314e-07],
        "stdev": [8.21947378427e-06, 4.72026586067e-05, 0.000145069090649, 0.000357389420969, 0.00188712833915, 0.000670962792356, 0.00333486008458, 0.00158674095292, 0.000609437178355, 0.000415021990193, 0.000368945213268, 0.000750793260522, 0.000486309698317, 0.000301814143313, 0.000207972334465, 4.49952094641e-05, 3.5696390114e-05, 1.86751240108e-05, 0.000100518067484, 4.54287182947e-05, 9.3524082331e-05, 6.25922184554e-05, 3.19136415783e-05, 5.36282423127e-05, 2.68824151135e-05, 2.5720013582e-05, 3.5500874219e-05, 1.1790046301e-05, 1.01342593553e-05, 8.64336379891e-06, 3.93343361793e-06, 1.27954899654e-06, 1.13274063551e-06, 7.93879394223e-07, 6.39906602373e-07, 6.90523506819e-07, 3.49397168975e-07, 2.23765951546e-07, 1.96245920847e-07, 1.76233882598e-07]
    },
    "melbands128": {
        "mean": [7.77238255978e-07, 2.6069476462e-06, 5.28597956873e-06, 1.30811095005e-05, 2.51171641139e-05, 4.48248501925e-05, 7.34504210413e-05, 0.000112009132863, 0.000111390188977, 8.89831717359e-05, 0.000140303629451, 0.000463925593067, 0.000416242226493, 0.000188078003703, 0.000191690036445, 0.000216390690184, 0.000638662255369, 0.000766167184338, 0.00116407102905, 0.00064350257162, 0.000268611795036, 0.000240965237026, 0.000181198469363, 0.000264534057351, 9.5094248536e-05, 0.000237063228269, 0.000297198857879, 8.24662783998e-05, 0.000154810841195, 5.50372533326e-05, 0.000260130880633, 0.000256135885138, 7.12717446731e-05, 6.97655632393e-05, 0.000113973983389, 5.57122402824e-05, 2.75874499494e-05, 0.000105678227555, 1.66564113897e-05, 1.10188748295e-05, 2.16634416574e-05, 3.24111060763e-05, 1.23100244309e-05, 5.76753427595e-06, 1.41390028148e-05, 4.63845253762e-06, 2.95804625239e-06, 4.91134051117e-05, 2.53404668911e-05, 1.85688622878e-05, 1.16721184895e-05, 1.08407502921e-05, 3.5628418118e-05, 7.77473360358e-06, 5.83867768e-06, 3.49633846781e-05, 2.03853105631e-05, 5.79654215471e-06, 1.23039462778e-05, 1.98492507479e-05, 1.6917108951e-05, 1.6387199139e-05, 8.03900729807e-06, 5.57512385058e-06, 1.5293553588e-05, 7.93000072008e-06, 5.56790064365e-06, 1.65859273693e-05, 1.01765317595e-05, 4.96074790135e-06, 3.46406750396e-06, 6.69797918817e-06, 3.35213712788e-06, 5.27204656464e-06, 3.17501257996e-06, 3.7673062252e-06, 2.59799139712e-06, 2.65315134129e-06, 1.72310217295e-06, 1.09516395241e-06, 1.34384254125e-06, 1.09876202714e-06, 8.47320563935e-07, 9.69498728409e-07, 1.1534772284e-06, 6.12251085386e-07, 8.35355990603e-07, 7.06884293322e-07, 6.61130741264e-07, 4.14478080302e-07, 6.11347445556e-07, 4.02673350663e-07, 3.45475001495e-07, 3.55488566584e-07, 3.72151106376e-07, 2.54457205529e-07, 2.30664312539e-07, 1.95409469939e-07, 2.20509463134e-07, 2.03423880407e-07, 1.78276167162e-07, 1.46666579326e-07, 1.13888042108e-07, 1.03687490594e-07, 1.10340124593e-07, 1.16125924876e-07, 1.1369212416e-07, 1.32529592634e-07, 8.86413289436e-08, 8.17247354234e-08, 1.05988000598e-07, 8.48177847956e-08, 1.04969011261e-07, 1.10972351308e-07, 7.46449586586e-08, 8.03271476002e-08, 6.18870572566e-08, 7.5462004645e-08, 5.5227591389e-08, 6.04045595765e-08, 5.52302736878e-08, 2.52293386183e-08, 3.05379792565e-08, 2.58184904567e-08, 2.26052385699e-08, 1.27086758894e-08, 1.0452198218e-08, 7.31825267053e-09],
        "stdev": [1.00127545011e-06, 3.36177799909e-06, 9.62495869317e-06, 2.84817615466e-05, 5.50186086912e-05, 8.04841620266e-05, 0.000149997780682, 0.000222546921577, 0.000201634305995, 0.000184613760212, 0.000480027316371, 0.00295125623234, 0.00246513984166, 0.000646666565444, 0.000455477100331, 0.000536794483196, 0.00413565989584, 0.00435956194997, 0.0053902012296, 0.00212336750701, 0.000962987076491, 0.000740924559068, 0.000704561243765, 0.00130811368581, 0.000211272126762, 0.000601368257776, 0.000934808398597, 0.000245800387347, 0.000586180132814, 0.000179191003554, 0.0014553804649, 0.00145661947317, 0.00032272055978, 0.000573394296225, 0.000590382202063, 0.000288896728307, 0.000125612306874, 0.000465990131488, 6.03614644206e-05, 3.21924235323e-05, 7.12521432433e-05, 0.000112405039545, 4.03435951739e-05, 3.17698286381e-05, 4.98523040733e-05, 1.03570719148e-05, 9.81781158771e-06, 0.000207202829188, 8.98372090887e-05, 0.000116544360935, 3.01137260976e-05, 4.25110629294e-05, 0.000250682787737, 2.43723043241e-05, 2.46907075052e-05, 0.000113155161671, 8.22532820166e-05, 2.76031678368e-05, 4.93124098284e-05, 7.62815252529e-05, 6.21797007625e-05, 0.000117680654512, 3.60461890523e-05, 2.61067289102e-05, 7.0198548201e-05, 3.26804802171e-05, 2.23291990551e-05, 6.71754678478e-05, 4.79636255477e-05, 2.83741701423e-05, 1.26117056425e-05, 2.2365777113e-05, 1.1321589227e-05, 1.756547681e-05, 1.20641261674e-05, 1.82822350325e-05, 7.67229448684e-06, 6.83633606968e-06, 7.42083238947e-06, 2.33138462136e-06, 1.77160177373e-06, 1.60955426054e-06, 1.33557693971e-06, 1.45963156228e-06, 2.41698535319e-06, 7.51602328819e-07, 1.22269727854e-06, 8.63082959768e-07, 9.85848373602e-07, 5.3426958857e-07, 1.80825281859e-06, 5.97022733473e-07, 5.06792844135e-07, 5.48365733266e-07, 4.50180920097e-07, 2.79503638012e-07, 3.19059040521e-07, 2.19678184976e-07, 2.62600764245e-07, 2.93811524443e-07, 2.51962234188e-07, 2.40831411702e-07, 1.83110287821e-07, 1.18870765675e-07, 1.78849532517e-07, 1.35452637551e-07, 1.4564861317e-07, 1.98478360858e-07, 1.27402898897e-07, 1.14156144093e-07, 1.9222503056e-07, 1.19365424212e-07, 2.1489100277e-07, 1.95035696038e-07, 1.1334572747e-07, 1.30548514221e-07, 1.00248946922e-07, 1.61624853945e-07, 1.23948183273e-07, 1.34567116561e-07, 1.82542578386e-07, 6.17557702753e-08, 6.94636170806e-08, 5.74665648401e-08, 6.06666787917e-08, 3.77367008753e-08, 3.92510273173e-08, 2.91734636448e-08]
    },
    "mfcc": {
        "mean": [-684.14074707, 98.8236160278, -16.7208633423, 8.18817138672, -23.5931339264, -18.794719696, -14.8964109421, -4.10105895996, -7.24123764038, -4.47748231888, -8.23838233948, -3.71071338654, -1.10426616669],
        "cov": [[7185.45117188, 240.578521729, -1007.5055542, -251.392654419, -595.92565918, -456.224700928, -268.342987061, -131.679199219, -178.6796875, -138.428329468, -185.095718384, -88.3446655273, -72.1936950684], [240.578521729, 417.367980957, -11.3558635712, -52.1781082153, -55.9246559143, -43.8312034607, -81.0391616821, -64.389251709, -79.5207672119, -67.033531189, -43.0544700623, -1.68628251553, 42.6291007996], [-1007.5055542, -11.3558635712, 493.168212891, 64.0640182495, 118.846549988, 86.7458572388, -5.36055850983, -28.2187099457, 0.516170680523, -18.8498935699, 3.79085803032, -18.8457717896, 26.1685504913], [-251.392654419, -52.1781082153, 64.0640182495, 133.057571411, 71.4679641724, 32.7161521912, 29.371547699, 14.0765504837, 20.3300552368, 17.6910629272, 9.06979751587, -9.89371013641, -32.8214912415], [-595.92565918, -55.9246559143, 118.846549988, 71.4679641724, 162.076248169, 89.1400680542, 35.2540168762, 22.0184707642, 25.7102718353, 16.7911758423, 20.2771644592, -0.795024037361, -13.6276760101], [-456.224700928, -43.8312034607, 86.7458572388, 32.7161521912, 89.1400680542, 129.229568481, 55.6899147034, 17.2757225037, 22.6804389954, 4.81444454193, 7.62299346924, -1.35394155979, -15.9068078995], [-268.342987061, -81.0391616821, -5.36055850983, 29.371547699, 35.2540168762, 55.6899147034, 127.751083374, 63.4495429993, 33.3891105652, 12.6080570221, 9.19965934753, -5.92413139343, -24.5519504547], [-131.679199219, -64.389251709, -28.2187099457, 14.0765504837, 22.0184707642, 17.2757225037, 63.4495429993, 105.144340515, 50.3254203796, 12.1292276382, 4.14223098755, -14.7107181549, -21.1645336151], [-178.6796875, -79.5207672119, 0.516170680523, 20.3300552368, 25.7102718353, 22.6804389954, 33.3891105652, 50.3254203796, 107.423110962, 49.6261787415, 6.62098836899, -15.0601844788, -35.4634132385], [-138.428329468, -67.033531189, -18.8498935699, 17.6910629272, 16.7911758423, 4.81444454193, 12.6080570221, 12.1292276382, 49.6261787415, 99.590423584, 47.1915435791, 7.2228937149, -22.7932510376], [-185.095718384, -43.0544700623, 3.79085803032, 9.06979751587, 20.2771644592, 7.62299346924, 9.19965934753, 4.14223098755, 6.62098836899, 47.1915435791, 108.951477051, 60.0103683472, -4.27995967865], [-88.3446655273, -1.68628251553, -18.8457717896, -9.89371013641, -0.795024037361, -1.35394155979, -5.92413139343, -14.7107181549, -15.0601844788, 7.2228937149, 60.0103683472, 122.455238342, 53.6808319092], [-72.1936950684, 42.6291007996, 26.1685504913, -32.8214912415, -13.6276760101, -15.9068078995, -24.5519504547, -21.1645336151, -35.4634132385, -22.7932510376, -4.27995967865, 53.6808319092, 146.051727295]],
        "icov": [[0.000285982445348, 9.17524812394e-05, 0.000449901330285, -7.64685537433e-05, 0.000521985755768, 0.000201500981348, 0.000363763596397, 0.000126192171592, 0.000166947618709, 0.00027235300513, 0.000167208287166, 0.000142859236803, 0.000202308496227], [9.17524812394e-05, 0.00326375174336, 0.000209004050703, 0.000411440472817, 0.000407908810303, -4.34160574514e-05, 0.00136621040292, 0.000494092004374, 0.00119329418521, 0.00109738716856, 0.00056069821585, 0.000153829547344, -9.67474188656e-05], [0.000449901330285, 0.000209004050703, 0.00365667231381, -0.000917072175071, -0.000576491467655, -0.000891604518984, 0.00117678276729, 0.00147954537533, -0.000509319419507, 0.00178104056977, -0.000926384353079, 0.00174041918945, -0.000951103167608], [-7.64685537433e-05, 0.000411440472817, -0.000917072175071, 0.0110525563359, -0.00503733055666, 0.0021316378843, -0.00197766954079, 0.000656031246763, 0.000212652274058, -0.00107422657311, 0.000979936798103, -0.000666844833177, 0.00217276765034], [0.000521985755768, 0.000407908810303, -0.000576491467655, -0.00503733055666, 0.0147401588038, -0.00744734052569, 0.00271259760484, -0.00225489307195, 0.000541693530977, -0.000273379933788, -0.00109517760575, 0.000525452371221, -0.000332621246343], [0.000201500981348, -4.34160574514e-05, -0.000891604518984, 0.0021316378843, -0.00744734052569, 0.0162472743541, -0.0062427665107, 0.00307244784199, -0.00157605903223, 0.00131707626861, 0.00097163132159, -0.00100111425854, 0.00144077569712], [0.000363763596397, 0.00136621040292, 0.00117678276729, -0.00197766954079, 0.00271259760484, -0.0062427665107, 0.0154038462788, -0.00761407520622, 0.00155422603711, 0.00014281962649, 9.62660778896e-05, -4.80901617266e-05, 0.000605219858699], [0.000126192171592, 0.000494092004374, 0.00147954537533, 0.000656031246763, -0.00225489307195, 0.00307244784199, -0.00761407520622, 0.0182478595525, -0.00754125835374, 0.00410710601136, -0.00233183871023, 0.00260023470037, -0.00092511420371], [0.000166947618709, 0.00119329418521, -0.000509319419507, 0.000212652274058, 0.000541693530977, -0.00157605903223, 0.00155422603711, -0.00754125835374, 0.0181814450771, -0.00890577211976, 0.00451723113656, -0.00134968617931, 0.00257392134517], [0.00027235300513, 0.00109738716856, 0.00178104056977, -0.00107422657311, -0.000273379933788, 0.00131707626861, 0.00014281962649, 0.00410710601136, -0.00890577211976, 0.0195019729435, -0.00909288506955, 0.00340576353483, -0.000646237458568], [0.000167208287166, 0.00056069821585, -0.000926384353079, 0.000979936798103, -0.00109517760575, 0.00097163132159, 9.62660778896e-05, -0.00233183871023, 0.00451723113656, -0.00909288506955, 0.019404232502, -0.0104026943445, 0.00405699526891], [0.000142859236803, 0.000153829547344, 0.00174041918945, -0.000666844833177, 0.000525452371221, -0.00100111425854, -4.80901617266e-05, 0.00260023470037, -0.00134968617931, 0.00340576353483, -0.0104026943445, 0.0162347070873, -0.00619533052668], [0.000202308496227, -9.67474188656e-05, -0.000951103167608, 0.00217276765034, -0.000332621246343, 0.00144077569712, 0.000605219858699, -0.00092511420371, 0.00257392134517, -0.000646237458568, 0.00405699526891, -0.00619533052668, 0.0106474710628]]
    },
    "spectral_contrast_coeffs": {
        "mean": [-0.66358435154, -0.720391213894, -0.695291101933, -0.759814560413, -0.750210225582, -0.740284919739],
        "stdev": [0.0879649594426, 0.0895349532366, 0.0825314223766, 0.0618885755539, 0.0603829659522, 0.0420926027]
    },
    "spectral_contrast_valleys": {
        "mean": [-8.27907085419, -6.96056747437, -7.95988559723, -8.41626167297, -8.24390220642, -11.0030450821],
        "stdev": [0.739384293556, 1.00128304958, 0.971114397049, 0.951567292213, 0.996522128582, 0.974350690842]
    }
},
"rhythm": {
    "beats_count": 383,
    "beats_loudness": {
        "mean": 0.0206018798053,
        "stdev": 0.0278671644628
    },
    "bpm": 102.913871765,
    "bpm_histogram_first_peak_bpm": 103,
    "bpm_histogram_first_peak_weight": 0.535714268684,
    "bpm_histogram_second_peak_bpm": 108,
    "bpm_histogram_second_peak_spread": 0.411764681339,
    "bpm_histogram_second_peak_weight": 0.0261780098081,
    "danceability": 1.17143929005,
    "onset_rate": 5.11014699936,
    "beats_loudness_band_ratio": {
        "mean": [0.0740417987108, 0.190145730972, 0.42855989933, 0.190552338958, 0.0941379442811, 0.0573031753302],
        "stdev": [0.146733701229, 0.188376531005, 0.239414766431, 0.174208879471, 0.0911645591259, 0.0525461547077]
    },
    "beats_position": [0.568888902664, 1.16099774837, 1.74149656296, 2.32199549675, 2.90249419212, 3.48299312592, 4.06349182129, 4.6439909935, 5.22448968887, 5.80498838425, 6.39709758759, 6.98920631409, 7.56970500946, 8.15020370483, 8.73070240021, 9.31120204926, 9.89170074463, 10.47219944, 11.0526981354, 11.6331968307, 12.2136955261, 12.7941951752, 13.3863039017, 13.9784126282, 14.5589113235, 15.1394100189, 15.7199087143, 16.3120174408, 16.9273471832, 17.5426750183, 18.1580047607, 18.7617225647, 19.365442276, 19.9575500488, 20.549659729, 21.1417675018, 21.733877182, 22.3492050171, 22.9645347595, 23.5682544708, 24.1719722748, 24.7756919861, 25.3677997589, 25.9715194702, 26.563627243, 27.1557369232, 27.747844696, 28.3283443451, 28.9088420868, 29.4893417358, 30.0698413849, 30.6503391266, 31.2308387756, 31.8113365173, 32.391834259, 32.9839439392, 33.5760536194, 34.1681632996, 34.7602729797, 35.3523788452, 35.9444885254, 36.5249862671, 37.1054878235, 37.6859855652, 38.2664833069, 38.8469848633, 39.4390907288, 40.0312004089, 40.6116981506, 41.2038078308, 41.795917511, 42.3880271912, 42.9801368713, 43.5722427368, 44.164352417, 44.7564620972, 45.3485717773, 45.929069519, 46.5095672607, 47.0900688171, 47.6821746826, 48.2742843628, 48.8547821045, 49.4585037231, 50.0622215271, 50.6427192688, 51.234828949, 51.8269386292, 52.4074363708, 52.9879341125, 53.5684356689, 54.1605415344, 54.7526512146, 55.3447608948, 55.936870575, 56.5405883789, 57.1326980591, 57.7248077393, 58.305305481, 58.8858032227, 59.4779129028, 60.0584106445, 60.6505203247, 61.2310180664, 61.8115196228, 62.4036254883, 62.9841270447, 63.5530128479, 64.1335144043, 64.7024002075, 65.2828979492, 65.8634033203, 66.4322891235, 67.0127868652, 67.5932846069, 68.1737823486, 68.7658920288, 69.358001709, 69.9384994507, 70.5306091309, 71.122718811, 71.7148284912, 72.3069381714, 72.8874359131, 73.4795455933, 74.0716552734, 74.6637649536, 75.2558746338, 75.8363723755, 76.4284820557, 77.0205917358, 77.6010894775, 78.1699752808, 78.738861084, 79.3193664551, 79.8998641968, 80.4803619385, 81.0492477417, 81.6181411743, 82.2102508545, 82.8023605347, 83.3828582764, 83.9633560181, 84.5438537598, 85.1243515015, 85.7164611816, 86.2853469849, 86.8542404175, 87.4231262207, 88.0152359009, 88.6073455811, 89.1762313843, 89.7451248169, 90.3256225586, 90.9061203003, 91.4982299805, 92.0903396606, 92.6708374023, 93.251335144, 93.8318328857, 94.4123306274, 94.9928359985, 95.5733337402, 96.1538314819, 96.7343292236, 97.3148269653, 97.895324707, 98.4642181396, 99.0331039429, 99.6136016846, 100.194099426, 100.762992859, 101.331878662, 101.900772095, 102.469657898, 103.05015564, 103.630653381, 104.211151123, 104.791656494, 105.372154236, 105.952651978, 106.521537781, 107.090431213, 107.659317017, 108.22820282, 108.808708191, 109.377593994, 109.946479797, 110.526985168, 111.10748291, 111.69959259, 112.280090332, 112.872200012, 113.464309692, 114.056411743, 114.636917114, 115.217414856, 115.797912598, 116.378410339, 116.958908081, 117.551017761, 118.143127441, 118.735237122, 119.362174988, 119.977500916, 120.592834473, 121.2081604, 121.811882019, 122.415596008, 123.030929565, 123.623039246, 124.191925049, 124.760810852, 125.329704285, 125.898590088, 126.455871582, 127.001541138, 127.547210693, 128.104492188, 128.661773682, 129.230651855, 129.822769165, 130.414871216, 130.995376587, 131.575866699, 132.167984009, 132.76008606, 133.352203369, 133.955917358, 134.548019409, 135.140136719, 135.73223877, 136.324356079, 136.91645813, 137.508575439, 138.112289429, 138.692779541, 139.284896851, 139.876998901, 140.469116211, 141.061218262, 141.66494751, 142.268661499, 142.86076355, 143.452880859, 144.04498291, 144.63710022, 145.217590332, 145.798095703, 146.378585815, 146.959091187, 147.551193237, 148.154922485, 148.758636475, 149.350738525, 149.942855835, 150.534957886, 151.127075195, 151.719177246, 152.311294556, 152.903396606, 153.483901978, 154.06439209, 154.644897461, 155.225387573, 155.805892944, 156.386398315, 156.966888428, 157.547393799, 158.127883911, 158.708389282, 159.300491333, 159.892608643, 160.473098755, 161.053604126, 161.634094238, 162.202987671, 162.771881104, 163.340774536, 163.90965271, 164.466934204, 165.024215698, 165.581497192, 166.150375366, 166.719268799, 167.288162231, 167.857055664, 168.437545776, 169.006439209, 169.575332642, 170.155822754, 170.736328125, 171.316818237, 171.897323608, 172.466217041, 173.035095215, 173.615600586, 174.196090698, 174.776596069, 175.35710144, 175.937591553, 176.518096924, 177.098587036, 177.679092407, 178.271194458, 178.863311768, 179.455413818, 180.047531128, 180.62802124, 181.231735229, 181.812240601, 182.392745972, 182.973236084, 183.530517578, 184.111022949, 184.679901123, 185.248794556, 185.829299927, 186.409790039, 186.99029541, 187.559173584, 188.139678955, 188.720184326, 189.2890625, 189.869567871, 190.450057983, 191.030563354, 191.599456787, 192.168334961, 192.748840332, 193.329345703, 193.898223877, 194.46711731, 195.047622681, 195.628112793, 196.208618164, 196.789108276, 197.381225586, 197.973327637, 198.553833008, 199.13432312, 199.714828491, 200.295318604, 200.875823975, 201.467926025, 202.060043335, 202.640533447, 203.221038818, 203.813140869, 204.405258179, 204.985748291, 205.577865601, 206.169967651, 206.762084961, 207.354187012, 207.934692383, 208.375869751, 208.817047119, 209.258224487, 209.699401855, 210.163803101, 210.628204346, 211.092605591, 211.557006836, 212.021408081, 212.497406006, 212.926986694, 213.344940186, 213.774505615, 214.215682983, 214.656860352, 215.08644104, 215.585662842, 216.084899902, 216.584121704, 217.141403198, 217.698684692, 218.255966187, 218.801635742, 219.347290039, 219.892959595, 220.43862915, 220.984298706],
    "bpm_histogram": [0, 0, 0, 0, 0, 0, 0, 0, 0, 0, 0, 0, 0, 0, 0, 0, 0, 0, 0, 0, 0, 0, 0, 0, 0, 0, 0, 0, 0, 0, 0, 0, 0, 0, 0, 0, 0, 0, 0, 0, 0, 0, 0, 0, 0, 0, 0, 0, 0, 0, 0, 0, 0, 0, 0, 0, 0, 0, 0, 0, 0, 0, 0, 0, 0, 0, 0, 0, 0, 0, 0, 0, 0, 0, 0, 0, 0, 0, 0, 0, 0, 0, 0, 0, 0, 0, 0, 0, 0, 0, 0, 0, 0, 0, 0, 0, 0.00261780107394, 0, 0.0235602091998, 0.0471204183996, 0, 0.295811504126, 0, 0.408376961946, 0, 0.128272250295, 0, 0, 0.0261780098081, 0, 0.0183246079832, 0, 0, 0, 0, 0, 0, 0, 0, 0, 0.00785340275615, 0, 0, 0, 0, 0, 0.00261780107394, 0, 0, 0.013089004904, 0, 0, 0, 0, 0, 0, 0.0157068055123, 0, 0, 0, 0.00785340275615, 0, 0, 0, 0.00261780107394, 0, 0, 0, 0, 0, 0, 0, 0, 0, 0, 0, 0, 0, 0, 0, 0, 0, 0, 0, 0, 0, 0, 0, 0, 0, 0, 0, 0, 0, 0, 0, 0, 0, 0, 0, 0, 0, 0, 0, 0, 0, 0, 0, 0, 0, 0, 0, 0, 0, 0, 0, 0, 0, 0, 0, 0, 0, 0, 0, 0, 0, 0, 0, 0, 0, 0, 0, 0, 0, 0, 0, 0, 0, 0, 0, 0, 0, 0, 0, 0, 0, 0, 0, 0, 0, 0, 0, 0, 0, 0, 0, 0, 0, 0, 0, 0, 0, 0, 0, 0, 0, 0, 0, 0, 0]
},
"tonal": {
    "chords_changes_rate": 0.0517277494073,
    "chords_number_rate": 0.00209424085915,
    "chords_strength": {
        "mean": 0.497230648994,
        "stdev": 0.110113158822
    },
    "hpcp_crest": {
        "mean": 17.1934070587,
        "stdev": 8.07740402222
    },
    "hpcp_entropy": {
        "mean": 1.56506955624,
        "stdev": 0.710527420044
    },
    "key_edma": {
        "strength": 0.76952278614,
        "key": "F#",
        "scale": "major"
    },
    "key_krumhansl": {
        "strength": 0.776954352856,
        "key": "F#",
        "scale": "major"
    },
    "key_temperley": {
        "strength": 0.785710632801,
        "key": "F#",
        "scale": "major"
    },
    "tuning_diatonic_strength": 0.593188107014,
    "tuning_equal_tempered_deviation": 0.0183359980583,
    "tuning_frequency": 441.017791748,
    "tuning_nontempered_energy_ratio": 0.643082022667,
    "hpcp": {
        "mean": [0.023182477802, 0.0241459012032, 0.153466537595, 0.276544451714, 0.161788329482, 0.0938273742795, 0.166972503066, 0.113427251577, 0.0636369660497, 0.0998383015394, 0.0658658072352, 0.119299389422, 0.299900889397, 0.212660551071, 0.0337045900524, 0.0329834334552, 0.0308353994042, 0.11287932843, 0.238563045859, 0.158169060946, 0.0450402610004, 0.0497506856918, 0.0359896309674, 0.0992578566074, 0.17687022686, 0.11245790869, 0.160356447101, 0.254787921906, 0.137586548924, 0.0493542179465, 0.0613021254539, 0.0509147644043, 0.141709044576, 0.244624435902, 0.139280259609, 0.0311279576272],
        "stdev": [0.0745579525828, 0.077634640038, 0.230286732316, 0.352772802114, 0.244093134999, 0.181230053306, 0.309929251671, 0.220441475511, 0.122807227075, 0.218703851104, 0.156279399991, 0.170627951622, 0.354250222445, 0.266936957836, 0.0863617360592, 0.118808120489, 0.110025078058, 0.171997159719, 0.331739813089, 0.234495803714, 0.119436696172, 0.160999804735, 0.116498142481, 0.174693793058, 0.290359318256, 0.192435964942, 0.242358013988, 0.33634442091, 0.213535174727, 0.110262013972, 0.165112555027, 0.144599035382, 0.217559456825, 0.343864917755, 0.213908672333, 0.089235343039]
    },
    "chords_histogram": [26.7434558868, 8.85863876343, 15.1832456589, 0.984293222427, 3.14136123657, 0.502617776394, 3.56020951271, 0.083769634366, 0, 0, 0.0209424085915, 0, 0.816753923893, 0.0628272220492, 0, 0, 0, 1.71727752686, 0, 2.51308894157, 0.481675386429, 10.6387434006, 8, 16.6910991669],
    "thpcp": [1, 0.709102749825, 0.112385764718, 0.109981112182, 0.102818630636, 0.376388788223, 0.795472979546, 0.527404427528, 0.150183826685, 0.165890425444, 0.120005086064, 0.330968856812, 0.589762270451, 0.37498357892, 0.5346981287, 0.849573731422, 0.45877340436, 0.164568424225, 0.204407945275, 0.169771969318, 0.47251957655, 0.815684258938, 0.464420974255, 0.103794150054, 0.0773004665971, 0.0805129334331, 0.511724174023, 0.922119498253, 0.539472639561, 0.312861263752, 0.55675894022, 0.378215789795, 0.212193325162, 0.332904309034, 0.219625249505, 0.397796064615],
    "chords_key": "F#",
    "chords_scale": "major"
}
}