{
"metadata": {
    "version": {
        "essentia": "2.1-dev",
        "essentia_git_sha": "v2.1_beta3-415-gd5473f3",
        "extractor": "music 2.0"
    },
    "audio_properties": {
        "analysis": {
            "equal_loudness": 0,
            "length": 271.177154541,
            "sample_rate": 44100,
            "start_time": 0,
            "downmix": "mix"
        },
        "bit_rate": 192000,
        "length": 271.177154541,
        "lossless": 0,
        "number_channels": 2,
        "replay_gain": -4.56163597107,
        "sample_rate": 44100,
        "codec": "mp3",
        "md5_encoded": "50eafaa5c9b00c77cfba06fc319ec259"
    },
    "tags": {
        "file_name": "berg-violin_concerto_andante.mp3",
        "genre": ["Blues"]
    }
},
"lowlevel": {
    "average_loudness": 0.018599178642,
    "barkbands_crest": {
        "mean": 11.6620893478,
        "stdev": 4.45735883713
    },
    "barkbands_flatness_db": {
        "mean": 0.274580806494,
        "stdev": 0.0630368441343
    },
    "barkbands_kurtosis": {
        "mean": 5.77563476562,
        "stdev": 19.1581821442
    },
    "barkbands_skewness": {
        "mean": 1.11911273003,
        "stdev": 1.3429569006
    },
    "barkbands_spread": {
        "mean": 9.23334312439,
        "stdev": 6.65143966675
    },
    "dissonance": {
        "mean": 0.404156118631,
        "stdev": 0.058463640511
    },
    "dynamic_complexity": 6.8728313446,
    "erbbands_crest": {
        "mean": 13.3252010345,
        "stdev": 5.56849908829
    },
    "erbbands_flatness_db": {
        "mean": 0.306983917952,
        "stdev": 0.051309838891
    },
    "erbbands_kurtosis": {
        "mean": 2.43804621696,
        "stdev": 6.05687713623
    },
    "erbbands_skewness": {
        "mean": 0.855866491795,
        "stdev": 1.01781499386
    },
    "erbbands_spread": {
        "mean": 18.2812366486,
        "stdev": 10.9313764572
    },
    "hfc": {
        "mean": 7.91562080383,
        "stdev": 15.4265546799
    },
    "loudness_ebu128": {
        "integrated": -20.9643039703,
        "loudness_range": 16.5369205475,
        "momentary": {
            "mean": -27.0606861115,
            "stdev": 15.8091125488
        },
        "short_term": {
            "mean": -25.5292110443,
            "stdev": 6.1198554039
        }
    },
    "melbands_crest": {
        "mean": 15.0523748398,
        "stdev": 5.84847927094
    },
    "melbands_flatness_db": {
        "mean": 0.337646156549,
        "stdev": 0.0910311341286
    },
    "melbands_kurtosis": {
        "mean": 9.80926418304,
        "stdev": 35.9940834045
    },
    "melbands_skewness": {
        "mean": 1.65044677258,
        "stdev": 1.54725170135
    },
    "melbands_spread": {
        "mean": 12.724281311,
        "stdev": 12.2649126053
    },
    "pitch_salience": {
        "mean": 0.505339741707,
        "stdev": 0.120932221413
    },
    "silence_rate_20dB": {
        "mean": 1,
        "stdev": 0
    },
    "silence_rate_30dB": {
        "mean": 0.992465734482,
        "stdev": 0.0864660739899
    },
    "silence_rate_60dB": {
        "mean": 0.420034259558,
        "stdev": 0.493570566177
    },
    "spectral_centroid": {
        "mean": 828.350341797,
        "stdev": 790.174682617
    },
    "spectral_complexity": {
        "mean": 8.47303104401,
        "stdev": 5.68306493759
    },
    "spectral_decrease": {
        "mean": -3.01584113238e-09,
        "stdev": 5.1739297291e-09
    },
    "spectral_energy": {
        "mean": 0.0121004944667,
        "stdev": 0.0207301769406
    },
    "spectral_energyband_high": {
        "mean": 4.32306005678e-05,
        "stdev": 0.00017946002481
    },
    "spectral_energyband_low": {
        "mean": 0.00123674515635,
        "stdev": 0.00573632773012
    },
    "spectral_energyband_middle_high": {
        "mean": 0.00282420264557,
        "stdev": 0.0070844492875
    },
    "spectral_energyband_middle_low": {
        "mean": 0.00818801298738,
        "stdev": 0.0153718693182
    },
    "spectral_entropy": {
        "mean": 6.21318769455,
        "stdev": 0.590071022511
    },
    "spectral_flux": {
        "mean": 0.0336058698595,
        "stdev": 0.0318624153733
    },
    "spectral_kurtosis": {
        "mean": 25.8762741089,
        "stdev": 28.3073368073
    },
    "spectral_rms": {
        "mean": 0.00271008256823,
        "stdev": 0.00211205589585
    },
    "spectral_rolloff": {
        "mean": 954.600280762,
        "stdev": 1292.48400879
    },
    "spectral_skewness": {
        "mean": 3.09974575043,
        "stdev": 1.85675656796
    },
    "spectral_spread": {
        "mean": 2019544.375,
        "stdev": 2474806.25
    },
    "spectral_strongpeak": {
        "mean": 0.997654736042,
        "stdev": 1.33344388008
    },
    "zerocrossingrate": {
        "mean": 0.0351344682276,
        "stdev": 0.0346931777894
    },
    "barkbands": {
        "mean": [8.3383085439e-05, 0.000563632231206, 0.000477746449178, 0.00035130046308, 0.00138825376052, 0.00203077425249, 0.00210442207754, 0.00135260727257, 0.000806906609796, 0.000572325079702, 0.000515847350471, 0.000466061406769, 0.000308060756652, 0.000170602739672, 0.000290735566523, 0.000223533032113, 0.000155899615493, 5.91197022004e-05, 0.000103721431515, 4.92391118314e-05, 1.61989482876e-05, 6.45674072075e-06, 2.67354698735e-06, 8.80291111116e-07, 7.14290635528e-08, 9.07063812949e-10, 5.05686048591e-10],
        "stdev": [0.000272998237051, 0.00372686213814, 0.00236857007258, 0.00124401273206, 0.0036911200732, 0.0052866730839, 0.00796282570809, 0.00548842456192, 0.00255757453851, 0.0019935821183, 0.00203743786551, 0.00189537345432, 0.00204659346491, 0.000960135774221, 0.00155286153313, 0.00116554321721, 0.000647507142276, 0.000275079801213, 0.000788762699813, 0.000308062590193, 0.000109456523205, 2.88339124381e-05, 1.52065549628e-05, 4.25092548539e-06, 8.99378449049e-07, 4.9680792813e-09, 1.32357891314e-09]
    },
    "erbbands": {
        "mean": [0.0115248318762, 0.146960154176, 0.541192352772, 0.857077598572, 2.31446743011, 5.19431686401, 9.80738925934, 19.6790599823, 32.6758842468, 26.2392253876, 26.3517360687, 18.3669338226, 18.3317756653, 20.6983985901, 20.2662391663, 19.3370285034, 14.6276912689, 9.2494392395, 15.7896280289, 12.9479103088, 11.0316562653, 8.2425737381, 4.05421876907, 4.79747200012, 4.54732561111, 2.28134155273, 0.828068137169, 0.562029659748, 0.233029320836, 0.152320206165, 0.068265594542, 0.0274564735591, 0.00965797156096, 0.00192926730961, 8.29563796287e-05, 1.74539400177e-05, 6.00396879236e-06, 1.69456677668e-06, 6.26951441518e-06, 1.39977964864e-05],
        "stdev": [0.0775173082948, 0.960306704044, 2.76709055901, 2.59163999557, 7.26439189911, 17.319360733, 26.5283946991, 57.878162384, 134.932540894, 99.4466705322, 72.7498626709, 61.2448806763, 54.2886352539, 64.4706268311, 93.7734069824, 78.4359970093, 85.6554718018, 36.6857833862, 96.9696960449, 53.6865653992, 50.3106422424, 35.8554573059, 16.3552513123, 44.1776580811, 31.8281593323, 14.036863327, 5.19646072388, 4.15679311752, 1.06383049488, 0.803290903568, 0.338816821575, 0.137741237879, 0.0473197549582, 0.015883166343, 0.000988828600384, 0.000102706319012, 1.13150072139e-05, 3.43422971127e-06, 1.07523974293e-05, 2.39729561144e-05]
    },
    "gfcc": {
        "mean": [-198.770446777, 190.797393799, -158.340698242, 9.86649513245, -54.7300453186, -25.5966587067, -16.552898407, -18.679107666, 1.82756578922, -15.9721479416, 5.23708629608, -10.5021657944, 3.68962430954],
        "cov": [[15977.4853516, -554.936157227, -4150.85595703, 65.8792190552, -1260.96044922, -255.893798828, -359.541015625, -139.179473877, 255.925872803, -359.801513672, 284.846740723, -247.653823853, 289.949859619], [-554.936157227, 1634.18286133, 978.096008301, -340.638824463, 379.580322266, -248.998718262, 32.5666046143, -157.009094238, -54.3884925842, -14.2145357132, -190.190170288, -64.0791931152, -133.039871216], [-4150.85595703, 978.096008301, 2127.85498047, 0.294963806868, 474.904388428, 11.8652000427, 55.3573570251, -45.7087440491, -144.970977783, 42.4961242676, -213.047729492, -30.8005561829, -200.858917236], [65.8792190552, -340.638824463, 0.294963806868, 600.526123047, 9.53900051117, 94.8910446167, -5.97817850113, 41.8725128174, -34.2157859802, -54.8614997864, 35.9898719788, -39.7667274475, -7.00046014786], [-1260.96044922, 379.580322266, 474.904388428, 9.53900051117, 407.988006592, 58.0691719055, 82.7910919189, -3.2585735321, -44.2199287415, 15.0586433411, -75.0238876343, 11.1355066299, -52.5387916565], [-255.893798828, -248.998718262, 11.8652000427, 94.8910446167, 58.0691719055, 342.184387207, 104.240028381, 63.4061546326, 7.98243665695, -7.57729005814, 27.0579719543, 6.51726865768, 2.77361321449], [-359.541015625, 32.5666046143, 55.3573570251, -5.97817850113, 82.7910919189, 104.240028381, 191.617599487, 86.8098907471, 15.3059453964, 14.478386879, -11.286359787, 10.2450485229, -17.3444595337], [-139.179473877, -157.009094238, -45.7087440491, 41.8725128174, -3.2585735321, 63.4061546326, 86.8098907471, 176.702011108, 77.1080474854, 19.4207878113, 18.9959106445, -5.96717405319, -0.973992168903], [255.925872803, -54.3884925842, -144.970977783, -34.2157859802, -44.2199287415, 7.98243665695, 15.3059453964, 77.1080474854, 157.535858154, 65.2352752686, 23.9960155487, 3.00550198555, 2.13582181931], [-359.801513672, -14.2145357132, 42.4961242676, -54.8614997864, 15.0586433411, -7.57729005814, 14.478386879, 19.4207878113, 65.2352752686, 150.390182495, 64.8880233765, 22.4755630493, -11.0100030899], [284.846740723, -190.190170288, -213.047729492, 35.9898719788, -75.0238876343, 27.0579719543, -11.286359787, 18.9959106445, 23.9960155487, 64.8880233765, 167.190689087, 67.5539932251, 22.3624172211], [-247.653823853, -64.0791931152, -30.8005561829, -39.7667274475, 11.1355066299, 6.51726865768, 10.2450485229, -5.96717405319, 3.00550198555, 22.4755630493, 67.5539932251, 139.155776978, 65.4938964844], [289.949859619, -133.039871216, -200.858917236, -7.00046014786, -52.5387916565, 2.77361321449, -17.3444595337, -0.973992168903, 2.13582181931, -11.0100030899, 22.3624172211, 65.4938964844, 149.672958374]],
        "icov": [[0.000242893424002, -0.000455902307294, 0.000559632200748, -0.000203310453799, 0.000472557061585, -0.000266297050985, 0.000301883468637, -6.49521098239e-05, -2.05788164749e-05, 0.000229268553085, -7.49754326534e-05, 0.000240223118453, -5.6499038692e-06], [-0.000455902307294, 0.00290134549141, -0.0019531006692, 0.00141858973075, -0.00241326820105, 0.00226731901057, -0.00231807841919, 0.00261334935203, -0.00212689326145, 0.00182775547728, -0.00162399804685, 0.00166811968666, -0.000555822742172], [0.000559632200748, -0.0019531006692, 0.00262020854279, -0.00105736998376, 0.00126147340052, -0.00154823879711, 0.00200516800396, -0.00177634391002, 0.00206779013388, -0.00170320633333, 0.00230183568783, -0.00146125780884, 0.00147965038195], [-0.000203310453799, 0.00141858973075, -0.00105736998376, 0.00277815526351, -0.00148870458361, 0.000702877820004, -0.00068814662518, 0.000676088267937, -0.000820921151899, 0.0021373112686, -0.00238632038236, 0.00216133450158, -0.000665460422169], [0.000472557061585, -0.00241326820105, 0.00126147340052, -0.00148870458361, 0.00610545417294, -0.00231378152966, 0.000771832477767, -0.00176017836202, 0.00243736268021, -0.00255308230408, 0.00334704341367, -0.002824886702, 0.00134019402321], [-0.000266297050985, 0.00226731901057, -0.00154823879711, 0.000702877820004, -0.00231378152966, 0.00576776685193, -0.0040412354283, 0.00228664581664, -0.00245822058059, 0.00286895292811, -0.00318340561353, 0.00245752534829, -0.00123972911388], [0.000301883468637, -0.00231807841919, 0.00200516800396, -0.00068814662518, 0.000771832477767, -0.0040412354283, 0.011352667585, -0.0072525087744, 0.00416701240465, -0.00361349573359, 0.00424274383113, -0.00400851201266, 0.00242250203155], [-6.49521098239e-05, 0.00261334935203, -0.00177634391002, 0.000676088267937, -0.00176017836202, 0.00228664581664, -0.0072525087744, 0.0138904368505, -0.00856115110219, 0.0049870479852, -0.00493034999818, 0.00486812880263, -0.00221827882342], [-2.05788164749e-05, -0.00212689326145, 0.00206779013388, -0.000820921151899, 0.00243736268021, -0.00245822058059, 0.00416701240465, -0.00856115110219, 0.0148201789707, -0.00897801015526, 0.00601332867518, -0.00446427147835, 0.00239730393514], [0.000229268553085, 0.00182775547728, -0.00170320633333, 0.0021373112686, -0.00255308230408, 0.00286895292811, -0.00361349573359, 0.0049870479852, -0.00897801015526, 0.0161106996238, -0.0103035522625, 0.00552375754341, -0.0019052864518], [-7.49754326534e-05, -0.00162399804685, 0.00230183568783, -0.00238632038236, 0.00334704341367, -0.00318340561353, 0.00424274383113, -0.00493034999818, 0.00601332867518, -0.0103035522625, 0.017461290583, -0.0108317611739, 0.00465975049883], [0.000240223118453, 0.00166811968666, -0.00146125780884, 0.00216133450158, -0.002824886702, 0.00245752534829, -0.00400851201266, 0.00486812880263, -0.00446427147835, 0.00552375754341, -0.0108317611739, 0.0174534805119, -0.00786140281707], [-5.6499038692e-06, -0.000555822742172, 0.00147965038195, -0.000665460422169, 0.00134019402321, -0.00123972911388, 0.00242250203155, -0.00221827882342, 0.00239730393514, -0.0019052864518, 0.00465975049883, -0.00786140281707, 0.01148179546]]
    },
    "melbands": {
        "mean": [0.000137160095619, 0.000257787585724, 0.000188705511391, 0.000263184861979, 0.000323135551298, 0.000437976355897, 0.00047895766329, 0.00028798202402, 0.000197908826522, 0.000113643429358, 9.12401883397e-05, 8.37337283883e-05, 6.67658459861e-05, 5.75759077037e-05, 3.44017535099e-05, 3.38224708685e-05, 1.39325602504e-05, 2.44928669417e-05, 2.07292650884e-05, 1.6673175196e-05, 1.20529402921e-05, 8.73151475389e-06, 5.9751655499e-06, 2.2543920295e-06, 4.08954429076e-06, 3.66764334103e-06, 2.5992837891e-06, 1.23819995679e-06, 5.1637789511e-07, 3.54856240392e-07, 3.27096358888e-07, 1.32238668016e-07, 1.04488371733e-07, 7.20220114658e-08, 4.43721148713e-08, 2.1153974572e-08, 1.47918699511e-08, 7.09643144248e-09, 4.10634903858e-09, 7.22213455706e-10],
        "stdev": [0.000888394308276, 0.00135685515124, 0.000583080283832, 0.000836258346681, 0.000809344172012, 0.00121859367937, 0.00181707635056, 0.00120216107462, 0.000520641100593, 0.000378501485102, 0.000282538036117, 0.000277065468254, 0.000270659540547, 0.000242448033532, 0.000168406608282, 0.000256878469372, 5.13175291417e-05, 0.000169669030583, 9.80422191788e-05, 9.267522546e-05, 6.22106163064e-05, 3.72538888769e-05, 3.1606596167e-05, 1.05813423943e-05, 4.41402917204e-05, 3.03311371681e-05, 2.06858840102e-05, 8.45582326292e-06, 3.40666724696e-06, 2.36195114667e-06, 3.29246836372e-06, 7.19120293979e-07, 5.86471344377e-07, 4.58925313751e-07, 2.72924410183e-07, 1.3433482593e-07, 8.63112958882e-08, 4.32006679318e-08, 2.87940817856e-08, 1.35585223049e-08]
    },
    "melbands128": {
        "mean": [5.03314477101e-05, 7.28691375116e-05, 0.000171318752109, 0.000263348192675, 0.000296080601402, 0.000213939478272, 0.000153797765961, 0.000193349245819, 0.000226829273743, 0.000250339071499, 0.000308719085297, 0.000296935788356, 0.000352085684426, 0.000304121465888, 0.000434381450759, 0.000487559882458, 0.000538715685252, 0.000542402267456, 0.000316813151585, 0.000260367640294, 0.000317518395605, 0.000263666443061, 0.000196104418137, 0.000105875842564, 0.000112338464533, 0.000114616013889, 0.000117324998428, 7.63687276049e-05, 8.19440756459e-05, 9.30235692067e-05, 8.15163512016e-05, 7.37168156775e-05, 5.81510321354e-05, 7.56433073548e-05, 5.74413425056e-05, 5.23954076925e-05, 6.24844178674e-05, 2.87112488877e-05, 2.41347515839e-05, 2.98208797176e-05, 5.17151129316e-05, 1.64739358297e-05, 1.01444175016e-05, 1.34466026793e-05, 1.86190391105e-05, 2.89987983706e-05, 2.88959618047e-05, 2.47428579314e-05, 1.31531605803e-05, 1.66861282196e-05, 1.95272295969e-05, 1.53262953972e-05, 1.19176065709e-05, 1.09744332804e-05, 1.06391225927e-05, 7.2382581493e-06, 8.97036716196e-06, 7.61596265875e-06, 4.8256520131e-06, 2.96249368148e-06, 1.42182295804e-06, 1.70517091647e-06, 4.92703748023e-06, 4.37379776486e-06, 3.54309941031e-06, 4.10160237152e-06, 3.11358394356e-06, 3.54010785486e-06, 2.22152652896e-06, 1.84243367585e-06, 1.42617750498e-06, 8.80037418938e-07, 5.46273497548e-07, 4.33459177884e-07, 5.01899478422e-07, 3.91484149986e-07, 2.32210609852e-07, 3.57305964371e-07, 3.99377398708e-07, 2.48460054308e-07, 1.36759396696e-07, 8.14442628894e-08, 9.53980077156e-08, 1.16217506729e-07, 1.02326396245e-07, 9.12524953378e-08, 4.8051045809e-08, 6.37737116449e-08, 4.69421514993e-08, 3.1242841203e-08, 2.07934913732e-08, 2.04159107398e-08, 1.69993779053e-08, 1.53136774372e-08, 1.3863994397e-08, 8.73710348515e-09, 4.54681536866e-09, 6.1412364083e-09, 5.19363263507e-09, 2.53337395506e-09, 1.18321596965e-09, 5.0454418421e-10, 4.04303457033e-12, 3.76672564667e-12, 3.61187729031e-12, 4.64345359039e-12, 2.67088226535e-11, 1.43376708076e-11, 1.38271919956e-11, 7.33699819649e-12, 3.09861294609e-12, 2.78596655294e-12, 2.68777057902e-12, 2.60658465298e-12, 2.53462160114e-12, 2.4723779881e-12, 2.39742210459e-12, 2.32431044897e-12, 2.27220824621e-12, 2.23155304999e-12, 2.18866244572e-12, 2.15342197199e-12, 2.11049515537e-12, 2.0690862218e-12, 2.05323518604e-12, 2.04181354983e-12, 2.03105718008e-12, 2.01350481427e-12],
        "stdev": [0.000160953641171, 0.00047131816973, 0.0013678970281, 0.00174917886034, 0.00164593372028, 0.00100567017216, 0.000481126568047, 0.000774759741034, 0.000857118982822, 0.000949199777097, 0.00152965181042, 0.000847581250127, 0.00117620173842, 0.00100233056583, 0.00169039948378, 0.00156058277935, 0.00294096209109, 0.00238479487598, 0.00102684576996, 0.00130088510923, 0.00223030638881, 0.000953890499659, 0.000580923049711, 0.000363439903595, 0.000655671698041, 0.000442868040409, 0.000572408083826, 0.000308698508888, 0.000431328633567, 0.000450631720014, 0.000333047471941, 0.000263611291302, 0.000271690340014, 0.000652028073091, 0.000374951807316, 0.000243089758442, 0.000379961100407, 0.00026798658655, 0.000179378024768, 0.000216476226342, 0.000540019245818, 8.72020609677e-05, 4.53482280136e-05, 7.71528575569e-05, 0.00015734815679, 0.000301872030832, 0.000211624239455, 0.000178348855115, 6.71973393764e-05, 0.000130352695123, 0.000145261074067, 0.000115427210403, 9.52914415393e-05, 7.7325712482e-05, 4.75630004075e-05, 4.26293590863e-05, 7.48984748498e-05, 5.96123136347e-05, 3.5767297959e-05, 2.04433399631e-05, 1.04598102553e-05, 1.30225143948e-05, 7.21601973055e-05, 5.82666107221e-05, 2.86348695226e-05, 5.87832764722e-05, 3.60683006875e-05, 5.05144635099e-05, 2.08052861126e-05, 2.41143497988e-05, 1.2687490198e-05, 5.57917155675e-06, 3.89369188269e-06, 5.06197648065e-06, 6.66004416416e-06, 4.26481938121e-06, 1.55715144956e-06, 3.60771264241e-06, 6.62226239001e-06, 2.28650696954e-06, 1.15613465823e-06, 5.21838614986e-07, 6.65832033064e-07, 9.56676672104e-07, 8.28583949897e-07, 9.53045628194e-07, 4.00175707682e-07, 6.86658154336e-07, 3.53936627562e-07, 2.22639670255e-07, 1.73695852368e-07, 2.20471392254e-07, 1.48877575157e-07, 1.23954919218e-07, 1.26055482497e-07, 9.2363890758e-08, 3.32740377473e-08, 5.67259128559e-08, 4.65725307208e-08, 3.57679326157e-08, 1.72875207483e-08, 2.20298694842e-08, 1.16508729747e-11, 1.0650606265e-11, 1.01723135124e-11, 6.7577110574e-11, 9.6504038094e-10, 1.85811435682e-10, 1.58834459474e-10, 5.25090144976e-11, 1.0296401752e-11, 7.71491290991e-12, 7.30309562824e-12, 7.04409057126e-12, 6.80353343108e-12, 6.58176941767e-12, 6.37681270635e-12, 6.18859390816e-12, 6.01476854434e-12, 5.86064530239e-12, 5.71866989527e-12, 5.59565197997e-12, 5.48789269236e-12, 5.39250198314e-12, 5.31542041285e-12, 5.25050575934e-12, 5.20412966193e-12, 5.17801730313e-12]
    },
    "mfcc": {
        "mean": [-810.625793457, 187.463394165, -16.3088741302, 12.8514299393, -9.04402923584, -10.3726558685, -9.66896915436, -5.85743713379, -4.41906070709, -0.488770067692, -6.01077318192, -0.837446570396, 4.93099403381],
        "cov": [[10129.4853516, 782.575134277, -3493.55688477, 149.825012207, -1185.55969238, -231.387786865, -620.598327637, -56.431854248, -179.985076904, 39.7775611877, -192.960296631, 46.9685325623, 43.9745178223], [782.575134277, 1536.21179199, 176.193084717, -118.29372406, 96.9348068237, -114.567260742, -37.3607292175, -142.953918457, 18.1781997681, -60.8435287476, -28.719083786, -51.3302116394, -2.79507160187], [-3493.55688477, 176.193084717, 1958.81774902, 78.878036499, 497.659759521, 166.976211548, 177.090820312, 21.9623146057, 21.5155773163, -21.3005523682, 61.3952293396, -40.5824432373, -118.311592102], [149.825012207, -118.29372406, 78.878036499, 456.361297607, 81.4073944092, 4.719414711, 11.2080144882, -5.22331094742, -11.3267974854, -4.53317642212, -23.7009143829, -24.6244506836, -6.99952697754], [-1185.55969238, 96.9348068237, 497.659759521, 81.4073944092, 357.111175537, 93.6788253784, 103.527259827, 7.78117895126, 16.971036911, -9.33278274536, 5.21576070786, -20.3794078827, -5.30724525452], [-231.387786865, -114.567260742, 166.976211548, 4.719414711, 93.6788253784, 232.114837646, 95.1305541992, 63.8134002686, 8.80173110962, -3.40182137489, 7.84040546417, -2.35651803017, -24.4376335144], [-620.598327637, -37.3607292175, 177.090820312, 11.2080144882, 103.527259827, 95.1305541992, 219.981872559, 88.6209259033, 38.2216720581, 2.95847845078, 4.14417552948, 0.997614145279, 11.8764457703], [-56.431854248, -142.953918457, 21.9623146057, -5.22331094742, 7.78117895126, 63.8134002686, 88.6209259033, 192.660400391, 66.1158981323, 19.0915374756, -4.29930639267, -0.112763263285, 13.3874902725], [-179.985076904, 18.1781997681, 21.5155773163, -11.3267974854, 16.971036911, 8.80173110962, 38.2216720581, 66.1158981323, 171.049102783, 59.7653007507, -4.59477329254, -9.04771137238, 1.5317158699], [39.7775611877, -60.8435287476, -21.3005523682, -4.53317642212, -9.33278274536, -3.40182137489, 2.95847845078, 19.0915374756, 59.7653007507, 150.437438965, 61.2115211487, 3.6714720726, -6.6071600914], [-192.960296631, -28.719083786, 61.3952293396, -23.7009143829, 5.21576070786, 7.84040546417, 4.14417552948, -4.29930639267, -4.59477329254, 61.2115211487, 175.844970703, 75.1725997925, -16.3985519409], [46.9685325623, -51.3302116394, -40.5824432373, -24.6244506836, -20.3794078827, -2.35651803017, 0.997614145279, -0.112763263285, -9.04771137238, 3.6714720726, 75.1725997925, 172.208297729, 56.0639038086], [43.9745178223, -2.79507160187, -118.311592102, -6.99952697754, -5.30724525452, -24.4376335144, 11.8764457703, 13.3874902725, 1.5317158699, -6.6071600914, -16.3985519409, 56.0639038086, 187.135025024]],
        "icov": [[0.00131259695627, -0.00153608468827, 0.00194409943651, -0.00154530734289, 0.00214527361095, -0.00212218961678, 0.00226776837371, -0.00197340897284, 0.00193016440608, -0.00175724783912, 0.00151819875464, -0.00123244093265, 0.00104530830868], [-0.00153608468827, 0.00260926247574, -0.00230580242351, 0.00208363076672, -0.00280381762423, 0.00289928587154, -0.00272665917873, 0.00293422676623, -0.00268443743698, 0.00250448449515, -0.00188270502258, 0.00172379892319, -0.00128870597109], [0.00194409943651, -0.00230580242351, 0.00373467360623, -0.00224612094462, 0.00205993745476, -0.00318190921098, 0.00320236640982, -0.0029666183982, 0.00284273084253, -0.0024062693119, 0.00195148377679, -0.001793507603, 0.0020378571935], [-0.00154530734289, 0.00208363076672, -0.00224612094462, 0.00424406025559, -0.00330999167636, 0.00281896349043, -0.00264287809841, 0.00244886567816, -0.00209735939279, 0.00199847831391, -0.0014600608265, 0.00163655134384, -0.00113078521099], [0.00214527361095, -0.00280381762423, 0.00205993745476, -0.00330999167636, 0.00885218568146, -0.00471662310883, 0.002379930811, -0.00234540831298, 0.00276698451489, -0.00279343733564, 0.00233900058083, -0.00152572849765, 0.000825195980724], [-0.00212218961678, 0.00289928587154, -0.00318190921098, 0.00281896349043, -0.00471662310883, 0.00955573096871, -0.00531665794551, 0.00202570063993, -0.00262350495905, 0.00310609745793, -0.00245304172859, 0.00178817275446, -0.00067718786886], [0.00226776837371, -0.00272665917873, 0.00320236640982, -0.00264287809841, 0.002379930811, -0.00531665794551, 0.0110548436642, -0.00595852173865, 0.002879306674, -0.00277532590553, 0.00239040027373, -0.00212938128971, 0.00117587763816], [-0.00197340897284, 0.00293422676623, -0.0029666183982, 0.00244886567816, -0.00234540831298, 0.00202570063993, -0.00595852173865, 0.0111070638523, -0.00565460324287, 0.0029865722172, -0.00226157950237, 0.00219852733426, -0.00219995155931], [0.00193016440608, -0.00268443743698, 0.00284273084253, -0.00209735939279, 0.00276698451489, -0.00262350495905, 0.002879306674, -0.00565460324287, 0.0112787876278, -0.00641750404611, 0.00391226680949, -0.00227893842384, 0.00188948283903], [-0.00175724783912, 0.00250448449515, -0.0024062693119, 0.00199847831391, -0.00279343733564, 0.00310609745793, -0.00277532590553, 0.0029865722172, -0.00641750404611, 0.012443209067, -0.00649544224143, 0.00350467767566, -0.00183464307338], [0.00151819875464, -0.00188270502258, 0.00195148377679, -0.0014600608265, 0.00233900058083, -0.00245304172859, 0.00239040027373, -0.00226157950237, 0.00391226680949, -0.00649544224143, 0.0113718518987, -0.00613295705989, 0.00312290061265], [-0.00123244093265, 0.00172379892319, -0.001793507603, 0.00163655134384, -0.00152572849765, 0.00178817275446, -0.00212938128971, 0.00219852733426, -0.00227893842384, 0.00350467767566, -0.00613295705989, 0.0101156961173, -0.00401483289897], [0.00104530830868, -0.00128870597109, 0.0020378571935, -0.00113078521099, 0.000825195980724, -0.00067718786886, 0.00117587763816, -0.00219995155931, 0.00188948283903, -0.00183464307338, 0.00312290061265, -0.00401483289897, 0.00773889198899]]
    },
    "spectral_contrast_coeffs": {
        "mean": [-0.666233241558, -0.68883818388, -0.702777683735, -0.740999162197, -0.730216681957, -0.7045327425],
        "stdev": [0.10830270499, 0.0893362313509, 0.0850879475474, 0.0780808702111, 0.0967645645142, 0.0779584944248]
    },
    "spectral_contrast_valleys": {
        "mean": [-8.37081050873, -7.73887205124, -8.95987129211, -9.66672897339, -10.4391117096, -14.729432106],
        "stdev": [1.57967054844, 1.80111503601, 1.74840939045, 1.7253087759, 1.61286056042, 1.19145083427]
    }
},
"rhythm": {
    "beats_count": 510,
    "beats_loudness": {
        "mean": 0.0128653524444,
        "stdev": 0.0200435146689
    },
    "bpm": 102.758262634,
    "bpm_histogram_first_peak_bpm": 103,
    "bpm_histogram_first_peak_weight": 0.683333337307,
    "bpm_histogram_second_peak_bpm": 98,
    "bpm_histogram_second_peak_spread": 0.28888887167,
    "bpm_histogram_second_peak_weight": 0.0628683716059,
    "danceability": 0.864022433758,
    "onset_rate": 0.984522521496,
    "beats_loudness_band_ratio": {
        "mean": [0.216366171837, 0.30984762311, 0.335934609175, 0.136652037501, 0.0501730106771, 0.0128399506211],
        "stdev": [0.253380328417, 0.221504464746, 0.233268618584, 0.165441557765, 0.0719540268183, 0.0323132798076]
    },
    "beats_position": [0.615328788757, 1.24226760864, 1.8575963974, 2.47292518616, 3.07664394379, 3.66875267029, 4.26086139679, 4.85297060013, 5.44507932663, 6.04879808426, 6.65251684189, 7.25623559952, 7.87156438828, 8.48689365387, 9.0906124115, 9.69433116913, 10.2980499268, 10.9017686844, 11.505487442, 12.0975961685, 12.689704895, 13.2702035904, 13.8507022858, 14.4195919037, 15.0000905991, 15.5805892944, 16.1726989746, 16.7880268097, 17.4033565521, 18.0070743561, 18.5991840363, 19.1912918091, 19.7950115204, 20.3987293243, 20.9908390045, 21.5829467773, 22.1750564575, 22.7555541992, 23.3360538483, 23.9165534973, 24.497051239, 25.0775508881, 25.6696586609, 26.2733783722, 26.8770961761, 27.4924259186, 28.1077537537, 28.6882534027, 29.2687530518, 29.8144207001, 30.3600902557, 30.9173698425, 31.4862575531, 32.0551452637, 32.6240348816, 33.204536438, 33.7850341797, 34.3771438599, 34.9808616638, 35.5961914062, 36.1418571472, 36.6875267029, 37.2680282593, 37.8601341248, 38.4522438049, 39.0327415466, 39.613243103, 40.1937408447, 40.7742385864, 41.3315200806, 41.9004058838, 42.4576873779, 43.0265769958, 43.6767349243, 44.3268928528, 44.9886627197, 45.6620407104, 46.3354187012, 47.0087966919, 47.5776863098, 48.1465759277, 48.7154655457, 49.2727432251, 49.8300209045, 50.3873023987, 50.9445800781, 51.5018577576, 52.1055755615, 52.7092971802, 53.3014030457, 53.9863929749, 54.6829910278, 55.3912010193, 56.0994110107, 56.8076171875, 57.5042152405, 58.1079368591, 58.7116546631, 59.315372467, 59.8726501465, 60.4183197021, 60.952381134, 61.4864387512, 62.0204963684, 62.5661659241, 63.100227356, 63.6458930969, 64.2496109009, 64.8533325195, 65.4570541382, 66.0607681274, 66.6644897461, 67.1753311157, 67.6977767944, 68.2202224731, 68.6381835938, 69.0561447144, 69.485710144, 69.8572311401, 70.2403640747, 70.6234893799, 71.0066223145, 71.3897476196, 71.7612686157, 72.1444015503, 72.515914917, 72.8874359131, 73.2705688477, 73.6536941528, 74.0368270874, 74.4199523926, 74.8030853271, 75.1745986938, 75.5577316284, 75.9640808105, 76.3704299927, 76.7883911133, 77.2063446045, 77.6126937866, 78.0190429688, 78.4370040894, 78.85496521, 79.2613143921, 79.6676635742, 80.0856246948, 80.5151901245, 80.9563674927, 81.3859405518, 81.8155059814, 82.2450790405, 82.6862564087, 83.1274337769, 83.5686187744, 84.0097961426, 84.4509735107, 84.8457107544, 85.2404556274, 85.6351928711, 86.0299301147, 86.4246673584, 86.8194122314, 87.2141494751, 87.6088867188, 87.9804077148, 88.3519287109, 88.7234420776, 89.0949630737, 89.4316558838, 89.7683410645, 90.1050338745, 90.4417190552, 90.7900238037, 91.1383209229, 91.486618042, 91.8349151611, 92.1832199097, 92.5315170288, 92.8798141479, 93.2281188965, 93.5648040771, 93.9131011963, 94.2730178833, 94.6329269409, 95.1089324951, 95.5733337402, 96.0493392944, 96.525352478, 97.0013580322, 97.4773712158, 98.0810852051, 98.6848068237, 99.288520813, 99.8922424316, 100.49596405, 101.09967804, 101.703399658, 102.307121277, 102.922447205, 103.537773132, 104.153106689, 104.768432617, 105.383758545, 105.999092102, 106.61441803, 107.229751587, 107.845077515, 108.460403442, 109.064125061, 109.66784668, 110.213516235, 110.759178162, 111.316459656, 111.896957397, 112.477455139, 113.104400635, 113.731338501, 114.358276367, 114.973602295, 115.588935852, 116.215873718, 116.842811584, 117.458137512, 118.07346344, 118.688796997, 119.315734863, 119.931060791, 120.581222534, 121.231384277, 121.986030579, 122.74067688, 123.483718872, 124.226753235, 124.923355103, 125.619949341, 126.30493927, 127.013153076, 127.732971191, 128.441177368, 129.149383545, 129.857589722, 130.565795898, 131.297225952, 132.017044067, 132.748474121, 133.479904175, 134.095230103, 134.710571289, 135.279449463, 135.836730957, 136.394012451, 136.962905884, 137.531784058, 138.10067749, 138.681182861, 139.261672974, 139.842178345, 140.411056519, 140.99156189, 141.455963135, 141.92036438, 142.373153687, 142.849151611, 143.313552856, 143.78956604, 144.242355347, 144.706756592, 145.159545898, 145.612335205, 146.07673645, 146.541137695, 147.01713562, 147.493148804, 147.957550049, 148.421951294, 148.886352539, 149.350738525, 149.826751709, 150.302764893, 150.778778076, 151.254776001, 151.835281372, 152.415786743, 152.984664917, 153.565170288, 154.1456604, 154.784210205, 155.434371948, 156.107757568, 156.78112793, 157.442901611, 158.104675293, 158.766433716, 159.428207397, 160.089981079, 160.76335144, 161.436737061, 162.110107422, 162.783493042, 163.456863403, 164.08380127, 164.699142456, 165.326080322, 165.953018188, 166.556732178, 167.160446167, 167.775772095, 168.286621094, 168.785842896, 169.285079956, 169.784301758, 170.283538818, 170.78276062, 171.258773804, 171.734786987, 172.210784912, 172.73324585, 173.24407959, 173.75491333, 174.207702637, 174.648880005, 175.101669312, 175.554458618, 176.007247925, 176.460037231, 176.936050415, 177.423675537, 177.922897339, 178.422134399, 178.921356201, 179.420593262, 179.873382568, 180.326171875, 180.790557861, 181.243347168, 181.707748413, 182.183761597, 182.65977478, 183.147384644, 183.635009766, 184.122619629, 184.598632812, 185.074645996, 185.55065918, 186.084716797, 186.618774414, 187.152832031, 187.710113525, 188.255783081, 188.801452637, 189.347122192, 189.892791748, 190.450057983, 191.007339478, 191.564620972, 192.017410278, 192.470199585, 192.93460083, 193.399002075, 193.86340332, 194.327789307, 194.780578613, 195.23336792, 195.686157227, 196.138946533, 196.603347778, 197.067749023, 197.532150269, 197.93850708, 198.344848633, 198.751205444, 199.203994751, 199.656768799, 200.109558105, 200.562347412, 200.945480347, 201.317001343, 201.700134277, 202.083267212, 202.454788208, 202.826293945, 203.197814941, 203.63899231, 204.091781616, 204.544570923, 204.997360229, 205.450149536, 205.902938843, 206.355728149, 206.820129395, 207.28453064, 207.748931885, 208.282989502, 208.817047119, 209.351104736, 209.885162354, 210.419219971, 210.953277588, 211.487350464, 212.021408081, 212.601898193, 213.182403564, 213.762893677, 214.378234863, 214.993560791, 215.620498657, 216.247436523, 216.862762451, 217.454864502, 218.035369873, 218.534591675, 219.033828735, 219.544662476, 220.055511475, 220.577957153, 221.088790894, 221.588027954, 222.098861694, 222.609695435, 223.108932495, 223.596542358, 224.08416748, 224.571792603, 225.059402466, 225.547027588, 226.034637451, 226.522262573, 227.021499634, 227.451065063, 227.880630493, 228.321807861, 228.751373291, 229.192550659, 229.633743286, 230.074920654, 230.516098022, 230.957275391, 231.398452759, 231.839630127, 232.292419434, 232.733596802, 233.186386108, 233.708831787, 234.231292725, 234.753738403, 235.299407959, 235.845077515, 236.379135132, 236.913192749, 237.447250366, 237.992919922, 238.538589478, 239.084259033, 239.606704712, 240.129150391, 240.651611328, 241.162445068, 241.673278809, 242.184127808, 242.706573486, 243.229019165, 243.809524536, 244.390014648, 244.982131958, 245.56262207, 246.131515503, 246.723617554, 247.315734863, 247.907836914, 248.499954224, 249.092056274, 249.684173584, 250.264663696, 250.845169067, 251.414047241, 251.982940674, 252.563446045, 253.074279785, 253.585113525, 254.095962524, 254.606796265, 255.117630005, 255.628479004, 256.139312744, 256.650146484, 257.219055176, 257.78793335, 258.345214844, 258.844451904, 259.343658447, 259.842895508, 260.353729248, 260.864562988, 261.375427246, 261.863037109, 262.350646973, 262.849884033, 263.38394165, 263.917999268, 264.452056885, 264.997741699, 265.543395996, 266.077453613, 266.61151123, 267.145568848, 267.679626465, 268.213684082, 268.747741699, 269.281799316, 269.815856934, 270.349914551],
    "bpm_histogram": [0, 0, 0, 0, 0, 0, 0, 0, 0, 0, 0, 0, 0, 0, 0, 0, 0, 0, 0, 0, 0, 0, 0, 0, 0, 0, 0, 0, 0, 0, 0, 0, 0, 0, 0, 0, 0, 0, 0, 0, 0, 0, 0, 0, 0, 0, 0, 0, 0, 0, 0, 0, 0, 0, 0, 0, 0, 0, 0, 0, 0, 0, 0, 0, 0, 0, 0, 0, 0, 0, 0, 0, 0, 0, 0, 0, 0, 0, 0, 0, 0.00392927322537, 0.00392927322537, 0.00589390983805, 0.00392927322537, 0, 0.0157170929015, 0.00785854645073, 0, 0.00392927322537, 0.0196463651955, 0, 0.0117878196761, 0.00982318259776, 0, 0.00196463661268, 0, 0.0235756393522, 0, 0.0628683716059, 0.072691552341, 0, 0.0491159148514, 0, 0.074656188488, 0, 0.039292730391, 0, 0, 0.03339882195, 0, 0.039292730391, 0, 0.0589390955865, 0, 0, 0.0235756393522, 0, 0.0451866388321, 0, 0, 0.035363458097, 0, 0, 0.0255402754992, 0, 0, 0.0432220026851, 0, 0, 0.0451866388321, 0, 0, 0, 0.0589390955865, 0, 0, 0.03339882195, 0, 0, 0, 0.0157170929015, 0, 0, 0, 0.0137524558231, 0, 0, 0, 0.0176817290485, 0, 0, 0, 0.0157170929015, 0, 0, 0, 0, 0.0275049116462, 0, 0, 0, 0.0176817290485, 0.00785854645073, 0, 0, 0, 0, 0.00392927322537, 0, 0, 0, 0, 0.0176817290485, 0, 0, 0, 0, 0, 0.00982318259776, 0, 0, 0, 0, 0, 0, 0, 0, 0, 0, 0, 0, 0, 0, 0, 0, 0, 0, 0, 0, 0, 0, 0, 0, 0, 0, 0, 0, 0, 0, 0, 0, 0, 0, 0, 0, 0, 0, 0, 0, 0, 0, 0, 0, 0, 0, 0, 0, 0, 0, 0, 0, 0, 0, 0, 0, 0, 0, 0, 0, 0, 0, 0, 0, 0, 0, 0, 0, 0, 0, 0]
},
"tonal": {
    "chords_changes_rate": 0.0606060624123,
    "chords_number_rate": 0.00410888530314,
    "chords_strength": {
        "mean": 0.470128417015,
        "stdev": 0.114290624857
    },
    "hpcp_crest": {
        "mean": 15.3199014664,
        "stdev": 6.88217830658
    },
    "hpcp_entropy": {
        "mean": 1.6920800209,
        "stdev": 0.648810327053
    },
    "key_edma": {
        "strength": 0.337971568108,
        "key": "F",
        "scale": "major"
    },
    "key_krumhansl": {
        "strength": 0.339038968086,
        "key": "F",
        "scale": "major"
    },
    "key_temperley": {
        "strength": 0.337354302406,
        "key": "F",
        "scale": "major"
    },
    "tuning_diatonic_strength": 0.150004208088,
    "tuning_equal_tempered_deviation": 0.00672922935337,
    "tuning_frequency": 443.060424805,
    "tuning_nontempered_energy_ratio": 0.654930949211,
    "hpcp": {
        "mean": [0.214837506413, 0.106676414609, 0.10106998682, 0.148054659367, 0.086281619966, 0.104336634278, 0.141236037016, 0.0810899659991, 0.139313653111, 0.193048790097, 0.100710220635, 0.0978995338082, 0.136845767498, 0.0759534686804, 0.122993573546, 0.201646238565, 0.113539755344, 0.0829575806856, 0.108340099454, 0.0665416866541, 0.0898533016443, 0.125522956252, 0.0972300693393, 0.13278979063, 0.159365043044, 0.0817319527268, 0.0967762619257, 0.144217759371, 0.0809587389231, 0.119666524231, 0.183172911406, 0.0978505983949, 0.0994626879692, 0.162173911929, 0.0983307734132, 0.148158401251],
        "stdev": [0.337397098541, 0.183499887586, 0.19170306623, 0.267272531986, 0.166119843721, 0.201203331351, 0.263472884893, 0.156722694635, 0.248197704554, 0.318369179964, 0.189794957638, 0.192548066378, 0.265275269747, 0.163327261806, 0.222336232662, 0.326163500547, 0.205758452415, 0.182222217321, 0.235274344683, 0.141999155283, 0.181113809347, 0.236669704318, 0.172934040427, 0.217147633433, 0.276600420475, 0.16969910264, 0.20744125545, 0.290571182966, 0.169447273016, 0.215950116515, 0.312631607056, 0.187063828111, 0.193600431085, 0.303426593542, 0.192490696907, 0.245823264122]
    },
    "chords_histogram": [3.6466357708, 4.74233865738, 7.20766973495, 3.37271022797, 4.12600564957, 2.56805348396, 5.4271531105, 3.74935793877, 5.22170877457, 2.24276661873, 6.11196708679, 1.40386915207, 1.64355421066, 1.98596131802, 5.64971733093, 3.30422878265, 2.56805348396, 6.40301322937, 2.80773830414, 3.06454372406, 4.28008890152, 5.78668022156, 6.45437431335, 6.23180961609],
    "thpcp": [1, 0.496544659138, 0.47044852376, 0.689147174358, 0.401613384485, 0.485653728247, 0.65740865469, 0.377447903156, 0.648460566998, 0.898580491543, 0.468773931265, 0.455691069365, 0.636973381042, 0.353539139032, 0.572495818138, 0.938598871231, 0.528491318226, 0.386141061783, 0.504288554192, 0.309730291367, 0.418238431215, 0.584269285202, 0.452574938536, 0.618094086647, 0.741793394089, 0.38043615222, 0.450462609529, 0.671287596226, 0.376837074757, 0.557009458542, 0.852611422539, 0.455463290215, 0.462967067957, 0.75486779213, 0.457698345184, 0.689630031586],
    "chords_key": "C",
    "chords_scale": "major"
}
}