{
"metadata": {
    "version": {
        "essentia": "2.1-dev",
        "essentia_git_sha": "v2.1_beta3-415-gd5473f3",
        "extractor": "music 2.0"
    },
    "audio_properties": {
        "analysis": {
            "equal_loudness": 0,
            "length": 382.537139893,
            "sample_rate": 44100,
            "start_time": 0,
            "downmix": "mix"
        },
        "bit_rate": 64000,
        "length": 382.537139893,
        "lossless": 0,
        "number_channels": 2,
        "replay_gain": 2.31249046326,
        "sample_rate": 22050,
        "codec": "mp3",
        "md5_encoded": "a9a7d7c2a6c4cb6346660a447a6616b0"
    },
    "tags": {
        "file_name": "berg-allegretto.mp3"
    }
},
"lowlevel": {
    "average_loudness": 0.00365236238576,
    "barkbands_crest": {
        "mean": 10.8274059296,
        "stdev": 4.07215166092
    },
    "barkbands_flatness_db": {
        "mean": 0.254330426455,
        "stdev": 0.0552882626653
    },
    "barkbands_kurtosis": {
        "mean": 4.28107023239,
        "stdev": 7.95635700226
    },
    "barkbands_skewness": {
        "mean": 1.34579849243,
        "stdev": 0.97781264782
    },
    "barkbands_spread": {
        "mean": 10.6919717789,
        "stdev": 6.86960220337
    },
    "dissonance": {
        "mean": 0.424821317196,
        "stdev": 0.0472153238952
    },
    "dynamic_complexity": 6.52903604507,
    "erbbands_crest": {
        "mean": 11.4703779221,
        "stdev": 4.65811824799
    },
    "erbbands_flatness_db": {
        "mean": 0.284056127071,
        "stdev": 0.0410538576543
    },
    "erbbands_kurtosis": {
        "mean": 1.0209236145,
        "stdev": 3.04074501991
    },
    "erbbands_skewness": {
        "mean": 0.692560076714,
        "stdev": 0.83430236578
    },
    "erbbands_spread": {
        "mean": 21.5466918945,
        "stdev": 9.8088684082
    },
    "hfc": {
        "mean": 9.0492105484,
        "stdev": 16.2174720764
    },
    "loudness_ebu128": {
        "integrated": -26.8763484955,
        "loudness_range": 17.1882629395,
        "momentary": {
            "mean": -32.1922416687,
            "stdev": 6.77769613266
        },
        "short_term": {
            "mean": -31.46833992,
            "stdev": 5.94687271118
        }
    },
    "melbands_crest": {
        "mean": 14.0332174301,
        "stdev": 5.11264801025
    },
    "melbands_flatness_db": {
        "mean": 0.300012379885,
        "stdev": 0.0791872292757
    },
    "melbands_kurtosis": {
        "mean": 8.16954135895,
        "stdev": 15.9062862396
    },
    "melbands_skewness": {
        "mean": 1.85985553265,
        "stdev": 1.14368271828
    },
    "melbands_spread": {
        "mean": 14.0540533066,
        "stdev": 10.4934425354
    },
    "pitch_salience": {
        "mean": 0.526583969593,
        "stdev": 0.109844513237
    },
    "silence_rate_20dB": {
        "mean": 0.999757230282,
        "stdev": 0.0155782429501
    },
    "silence_rate_30dB": {
        "mean": 0.976389884949,
        "stdev": 0.151842474937
    },
    "silence_rate_60dB": {
        "mean": 0.385287702084,
        "stdev": 0.486673504114
    },
    "spectral_centroid": {
        "mean": 861.183044434,
        "stdev": 488.53994751
    },
    "spectral_complexity": {
        "mean": 10.0563850403,
        "stdev": 6.46254110336
    },
    "spectral_decrease": {
        "mean": -3.85167053807e-09,
        "stdev": 7.2238357518e-09
    },
    "spectral_energy": {
        "mean": 0.0153579032049,
        "stdev": 0.0284738279879
    },
    "spectral_energyband_high": {
        "mean": 6.59118741169e-05,
        "stdev": 0.000200612965273
    },
    "spectral_energyband_low": {
        "mean": 0.00327928666957,
        "stdev": 0.0143966814503
    },
    "spectral_energyband_middle_high": {
        "mean": 0.00296384608373,
        "stdev": 0.00700617814437
    },
    "spectral_energyband_middle_low": {
        "mean": 0.00949947349727,
        "stdev": 0.017299067229
    },
    "spectral_entropy": {
        "mean": 6.46271038055,
        "stdev": 0.469539791346
    },
    "spectral_flux": {
        "mean": 0.0406143181026,
        "stdev": 0.0376255810261
    },
    "spectral_kurtosis": {
        "mean": 18.1327896118,
        "stdev": 18.2122325897
    },
    "spectral_rms": {
        "mean": 0.00301080918871,
        "stdev": 0.0024327703286
    },
    "spectral_rolloff": {
        "mean": 978.495422363,
        "stdev": 666.734008789
    },
    "spectral_skewness": {
        "mean": 2.59442687035,
        "stdev": 1.35296773911
    },
    "spectral_spread": {
        "mean": 2016037.25,
        "stdev": 643737.75
    },
    "spectral_strongpeak": {
        "mean": 0.909413278103,
        "stdev": 1.1991673708
    },
    "zerocrossingrate": {
        "mean": 0.0363372713327,
        "stdev": 0.0190414600074
    },
    "barkbands": {
        "mean": [6.49525682093e-05, 0.00138739310205, 0.00145344133489, 0.000679209886584, 0.0016608791193, 0.00237648468465, 0.00190223613754, 0.00179365708027, 0.000936185300816, 0.000547771749552, 0.000495255750138, 0.00043854949763, 0.000321350555168, 0.000313096999889, 0.000295039295452, 0.000201277245651, 0.0001980245288, 8.2731632574e-05, 9.58741875365e-05, 6.82602549205e-05, 2.46543932008e-05, 1.17810113807e-05, 6.33720992482e-06, 3.18430215884e-06, 3.05794230826e-07, 4.38016317661e-10, 4.65242927516e-10],
        "stdev": [0.00023240900191, 0.00861860625446, 0.00685529597104, 0.00353217031807, 0.00401614001021, 0.00592758879066, 0.00543012144044, 0.00498335761949, 0.00294871535152, 0.00184564350639, 0.00164867995773, 0.00146977114491, 0.00170567270834, 0.00224563782103, 0.00123223348055, 0.000661844213028, 0.000745525641833, 0.000357296667062, 0.000348551897332, 0.000302516884403, 9.43236591411e-05, 4.47055826953e-05, 2.87644579657e-05, 1.40923439176e-05, 1.94450399249e-06, 1.36861944e-09, 1.45641965155e-09]
    },
    "erbbands": {
        "mean": [0.0249773934484, 0.374976873398, 1.56493830681, 2.14684343338, 2.75043153763, 5.51304578781, 15.3144292831, 19.9821853638, 24.3794593811, 33.2484397888, 38.2098999023, 22.3930130005, 17.5333995819, 19.5511112213, 18.8979377747, 18.0043830872, 15.4257898331, 16.0250205994, 15.1708660126, 14.3745479584, 11.0056400299, 10.4779491425, 5.62614297867, 4.90061283112, 4.62797784805, 2.92242383957, 1.28472459316, 0.790874838829, 0.458527565002, 0.275988578796, 0.161847442389, 0.0845544338226, 0.0425893552601, 0.00833410862833, 0.000251421588473, 2.33084174397e-05, 7.96182212071e-06, 2.1119142275e-06, 7.87747558206e-06, 1.76595167432e-05],
        "stdev": [0.176556706429, 2.24183273315, 7.8451924324, 8.96315574646, 10.147192955, 14.9325380325, 41.5794715881, 51.8579444885, 74.115776062, 91.1077575684, 104.942451477, 73.2776870728, 51.4012184143, 62.208190918, 56.8456573486, 62.9139671326, 82.2845993042, 76.9367904663, 72.3097763062, 55.1438446045, 30.7245159149, 40.277217865, 19.8146705627, 19.5343227386, 16.6460781097, 11.6863927841, 4.80768489838, 3.05363845825, 1.72106719017, 1.1419775486, 0.689205646515, 0.376002311707, 0.217456877232, 0.0422375164926, 0.00123058853205, 6.69126020512e-05, 1.55071884365e-05, 4.17039700551e-06, 1.41863092722e-05, 3.22906416841e-05]
    },
    "gfcc": {
        "mean": [-163.029724121, 181.812072754, -167.068237305, 16.3603286743, -62.4116249084, -18.9245891571, -25.5255737305, -18.6172618866, 2.09510135651, -19.4575500488, 7.52835845947, -17.2543468475, 6.111951828],
        "cov": [[10720.1552734, -1502.0925293, -1801.58862305, 383.060699463, -902.268005371, -1.4011015892, -123.143859863, 185.254302979, 63.5579032898, -36.0657653809, 152.643157959, -67.6383590698, 23.7220153809], [-1502.0925293, 1341.32727051, 928.269592285, -292.899841309, 494.577178955, -119.404403687, 113.567634583, -159.674346924, -51.8786087036, -19.0612030029, -141.578414917, -41.1449546814, -108.173927307], [-1801.58862305, 928.269592285, 1274.40942383, 80.3802032471, 404.760620117, 116.805412292, 100.600418091, -56.8528442383, -55.109588623, -27.4392852783, -108.822364807, -76.5080490112, -114.537872314], [383.060699463, -292.899841309, 80.3802032471, 643.366882324, 46.2943496704, 184.229278564, 90.5417785645, 102.966133118, 10.2317581177, -40.9168930054, 0.840528905392, -75.7502593994, -51.4342498779], [-902.268005371, 494.577178955, 404.760620117, 46.2943496704, 414.935119629, 87.9403915405, 112.669441223, -29.2276382446, -12.74243927, 5.90857172012, -60.7698020935, -23.7529201508, -60.6229476929], [-1.4011015892, -119.404403687, 116.805412292, 184.229278564, 87.9403915405, 329.304595947, 82.7951889038, 41.5749549866, 7.48428726196, 1.20440912247, 16.9181232452, -25.2710857391, -14.2856769562], [-123.143859863, 113.567634583, 100.600418091, 90.5417785645, 112.669441223, 82.7951889038, 182.05708313, 41.5647583008, 12.7382526398, 17.7232017517, -7.3234128952, -6.79347753525, -33.5360603333], [185.254302979, -159.674346924, -56.8528442383, 102.966133118, -29.2276382446, 41.5749549866, 41.5647583008, 156.966491699, 63.3055648804, 7.00439834595, 17.1996040344, -18.834646225, -1.11619389057], [63.5579032898, -51.8786087036, -55.109588623, 10.2317581177, -12.74243927, 7.48428726196, 12.7382526398, 63.3055648804, 129.645187378, 55.2026062012, 9.07750892639, -1.15951800346, -10.7383613586], [-36.0657653809, -19.0612030029, -27.4392852783, -40.9168930054, 5.90857172012, 1.20440912247, 17.7232017517, 7.00439834595, 55.2026062012, 118.387893677, 52.3065414429, 3.47663760185, -1.86304211617], [152.643157959, -141.578414917, -108.822364807, 0.840528905392, -60.7698020935, 16.9181232452, -7.3234128952, 17.1996040344, 9.07750892639, 52.3065414429, 121.342308044, 59.2438278198, 15.3702001572], [-67.6383590698, -41.1449546814, -76.5080490112, -75.7502593994, -23.7529201508, -25.2710857391, -6.79347753525, -18.834646225, -1.15951800346, 3.47663760185, 59.2438278198, 134.723098755, 67.3902893066], [23.7220153809, -108.173927307, -114.537872314, -51.4342498779, -60.6229476929, -14.2856769562, -33.5360603333, -1.11619389057, -10.7383613586, -1.86304211617, 15.3702001572, 67.3902893066, 132.337081909]],
        "icov": [[0.000153549437528, -0.000294078228762, 0.00033808813896, -0.00022859130695, 0.000423612829763, -0.000228038741625, 0.000134134257678, -0.000185222874279, 0.000171909865458, -0.000153309883899, 0.000109859603981, -6.40814687358e-05, 0.000169395061675], [-0.000294078228762, 0.0064841452986, -0.00377210904844, 0.00330204004422, -0.00504912389442, 0.00399682438001, -0.00377885391936, 0.00413491390646, -0.00315873278305, 0.00416005635634, -0.00235936022364, 0.00318702240475, -0.000979373930022], [0.00033808813896, -0.00377210904844, 0.00363113800995, -0.00204951921478, 0.00217942753807, -0.00261560431682, 0.00234066648409, -0.00240555917844, 0.00241358182393, -0.00263827200979, 0.00210482976399, -0.00192775926553, 0.00138703361154], [-0.00022859130695, 0.00330204004422, -0.00204951921478, 0.00402352679521, -0.0027485312894, 0.00126071169507, -0.0025953494478, 0.0013532723533, -0.00194162491243, 0.00373397162184, -0.00253508798778, 0.00312462984584, -0.000640959013253], [0.000423612829763, -0.00504912389442, 0.00217942753807, -0.0027485312894, 0.00872288551182, -0.0038676825352, 0.00127258663997, -0.00272429687902, 0.00308573013172, -0.00481292745098, 0.00446946686134, -0.00407125335187, 0.00222955248319], [-0.000228038741625, 0.00399682438001, -0.00261560431682, 0.00126071169507, -0.0038676825352, 0.00677044084296, -0.00374056096189, 0.00285724294372, -0.00278251781128, 0.00380761781707, -0.00392602058128, 0.0037653404288, -0.00206423085183], [0.000134134257678, -0.00377885391936, 0.00234066648409, -0.0025953494478, 0.00127258663997, -0.00374056096189, 0.0110588110983, -0.00571288121864, 0.00415217783302, -0.00608651619405, 0.00475183269009, -0.00550196925178, 0.0033387793228], [-0.000185222874279, 0.00413491390646, -0.00240555917844, 0.0013532723533, -0.00272429687902, 0.00285724294372, -0.00571288121864, 0.0142022678629, -0.00922969821841, 0.007653394714, -0.00672223558649, 0.00688647385687, -0.00377765810117], [0.000171909865458, -0.00315873278305, 0.00241358182393, -0.00194162491243, 0.00308573013172, -0.00278251781128, 0.00415217783302, -0.00922969821841, 0.0170779470354, -0.01235447824, 0.00886790920049, -0.00749764731154, 0.0048090131022], [-0.000153309883899, 0.00416005635634, -0.00263827200979, 0.00373397162184, -0.00481292745098, 0.00380761781707, -0.00608651619405, 0.007653394714, -0.01235447824, 0.0224999953061, -0.0152486246079, 0.0110525488853, -0.00521882856265], [0.000109859603981, -0.00235936022364, 0.00210482976399, -0.00253508798778, 0.00446946686134, -0.00392602058128, 0.00475183269009, -0.00672223558649, 0.00886790920049, -0.0152486246079, 0.0236140396446, -0.0149865066633, 0.00705317314714], [-6.40814687358e-05, 0.00318702240475, -0.00192775926553, 0.00312462984584, -0.00407125335187, 0.0037653404288, -0.00550196925178, 0.00688647385687, -0.00749764731154, 0.0110525488853, -0.0149865066633, 0.0209483150393, -0.0100119533017], [0.000169395061675, -0.000979373930022, 0.00138703361154, -0.000640959013253, 0.00222955248319, -0.00206423085183, 0.0033387793228, -0.00377765810117, 0.0048090131022, -0.00521882856265, 0.00705317314714, -0.0100119533017, 0.0138856265694]]
    },
    "melbands": {
        "mean": [0.00031052090344, 0.000727577076759, 0.000391225330532, 0.000264852162218, 0.000487869139761, 0.000450743711554, 0.000379171018722, 0.000376667710952, 0.000288525072392, 0.000130092390464, 8.61185835674e-05, 7.8978970123e-05, 6.46290427539e-05, 5.25567520526e-05, 3.72728463844e-05, 3.44264044543e-05, 2.88991159323e-05, 2.37772655964e-05, 2.31977119256e-05, 1.53986948135e-05, 1.2579766917e-05, 1.16346445793e-05, 7.07308981873e-06, 3.62498758477e-06, 4.03868807552e-06, 3.45655735146e-06, 3.37341430168e-06, 1.51385927438e-06, 8.41593873702e-07, 5.71388454773e-07, 4.10992299749e-07, 2.81792353007e-07, 1.69244273707e-07, 1.46297310266e-07, 9.60130819294e-08, 6.81382132939e-08, 4.65473739553e-08, 3.29933129706e-08, 1.88598185957e-08, 2.58472976356e-09],
        "stdev": [0.0020054418128, 0.00358606735244, 0.00152379577048, 0.00077081884956, 0.00123833387624, 0.00114172929898, 0.00108287646435, 0.00100004952401, 0.000776038214099, 0.00042517419206, 0.000265255803242, 0.000261474924628, 0.000200870781555, 0.000175417299033, 0.000153464745381, 0.000187405952602, 0.000173207226908, 0.000153937900905, 0.000117696952657, 5.8078479924e-05, 4.03113263019e-05, 4.78450565424e-05, 2.95714180538e-05, 1.76210360223e-05, 1.77612855623e-05, 1.33381972773e-05, 1.70785169757e-05, 6.42838949716e-06, 3.5885784655e-06, 2.29875399782e-06, 1.99150053959e-06, 1.15010595891e-06, 7.52268306314e-07, 7.34961872695e-07, 4.3951527573e-07, 3.2988597809e-07, 2.34152921053e-07, 1.83135625775e-07, 9.27455090505e-08, 1.86911499611e-08]
    },
    "melbands128": {
        "mean": [4.35311012552e-05, 0.000141233758768, 0.000394998700358, 0.000682149722707, 0.000828948803246, 0.000673564500175, 0.000448293780209, 0.000307632493787, 0.000274061574601, 0.000227890588576, 0.000253741367487, 0.00044511212036, 0.00057955639204, 0.000498469918966, 0.000464429904241, 0.000418033625465, 0.000381673686206, 0.000371175905457, 0.000365660467651, 0.000380543031497, 0.00034260895336, 0.000422170793172, 0.00027525157202, 0.00016313183005, 0.000148611841723, 0.000109831911686, 9.9893368315e-05, 7.52623673179e-05, 8.52530647535e-05, 8.06585230748e-05, 7.66397788539e-05, 7.63085845392e-05, 6.19297934463e-05, 6.2093437009e-05, 5.20474241057e-05, 5.28477212356e-05, 4.89373742312e-05, 3.63815379387e-05, 3.04448240058e-05, 3.25483488268e-05, 3.49900037691e-05, 3.98693882744e-05, 2.22273829422e-05, 3.20145481965e-05, 2.50107568718e-05, 2.03990821319e-05, 2.47219340963e-05, 2.64888985839e-05, 1.99495716515e-05, 1.93569048861e-05, 1.57840277097e-05, 1.0520107935e-05, 1.31993647301e-05, 1.24416974359e-05, 1.32778077386e-05, 1.21354796647e-05, 9.70698329184e-06, 8.93106425792e-06, 5.21334823134e-06, 5.39616667083e-06, 2.93746620628e-06, 2.86192039312e-06, 3.88854687117e-06, 4.21139338869e-06, 4.88114710606e-06, 2.97186988973e-06, 3.03448359773e-06, 3.56743316843e-06, 3.73281159227e-06, 2.63741026174e-06, 1.49918571424e-06, 1.02709032035e-06, 8.59677015796e-07, 8.9522535518e-07, 6.63682101276e-07, 6.28377904377e-07, 4.69385724955e-07, 5.1824338243e-07, 3.91146755874e-07, 3.51656382236e-07, 2.68020983185e-07, 2.8813803965e-07, 1.9712368271e-07, 1.49950125206e-07, 1.49360701585e-07, 1.59428154234e-07, 1.60516322012e-07, 1.03285024977e-07, 8.43603586986e-08, 9.44786862078e-08, 8.28709190159e-08, 5.65470443803e-08, 5.23703818089e-08, 4.11961167401e-08, 5.13442692807e-08, 3.74339101938e-08, 2.94621642638e-08, 2.4530168119e-08, 2.35459882703e-08, 1.38232634228e-08, 5.07622077706e-09, 1.04110352284e-10, 4.26860673544e-12, 3.76719662409e-12, 3.59330902706e-12, 3.43165621787e-12, 3.28129168801e-12, 3.14109870926e-12, 3.01017327384e-12, 2.88820638412e-12, 2.77427256515e-12, 2.66816993846e-12, 2.56957020765e-12, 2.47785624484e-12, 2.39299248819e-12, 2.31438652964e-12, 2.24200779469e-12, 2.17559629166e-12, 2.11493908324e-12, 2.0598906695e-12, 2.01039749084e-12, 1.96633616507e-12, 1.92770929427e-12, 1.89454701927e-12, 1.86692501736e-12, 1.84497946434e-12, 1.8288855673e-12, 1.8189859341e-12],
        "stdev": [0.000187829617062, 0.0011008461006, 0.00301782018505, 0.00420229835436, 0.00463297916576, 0.00296180159785, 0.00202072574757, 0.00165048334748, 0.00114320835564, 0.000874231976923, 0.000989311840385, 0.00121282052714, 0.00184116105083, 0.00182049360592, 0.00149486062583, 0.00122311722953, 0.00161899393424, 0.00131768314168, 0.00127517583314, 0.00140666076913, 0.00116539746523, 0.00158209528308, 0.000853179895785, 0.000634325260762, 0.000794836611021, 0.000400324206566, 0.000471338164061, 0.000289655989036, 0.000476527988212, 0.000345610606018, 0.000318340200465, 0.000339933758369, 0.00026805192465, 0.000304092740407, 0.000227988362894, 0.000225277501158, 0.000276676961221, 0.000206917131436, 0.000183031545021, 0.000313836790156, 0.000305690511595, 0.000200167938601, 9.37177974265e-05, 0.000404986989452, 0.000332084542606, 0.000136767877848, 0.000129488413222, 0.000208507277421, 0.000131077409605, 9.68499007286e-05, 9.21664759517e-05, 5.07754411956e-05, 5.26476178493e-05, 6.29782807664e-05, 6.80939338054e-05, 6.58471981296e-05, 6.59186771372e-05, 5.43058340554e-05, 2.63207730313e-05, 3.12830525218e-05, 1.80855149665e-05, 3.82587932108e-05, 2.10323723877e-05, 2.65383077931e-05, 3.28546811943e-05, 1.64087505254e-05, 1.60948020493e-05, 2.66249371634e-05, 2.55010254477e-05, 2.00379909074e-05, 8.28902102512e-06, 5.88223065279e-06, 4.76586501463e-06, 5.98610495217e-06, 4.30085128755e-06, 3.71369469576e-06, 2.44075658884e-06, 3.08186918119e-06, 3.12683528136e-06, 2.46682361649e-06, 1.39341238992e-06, 1.68822020896e-06, 1.29191607812e-06, 1.08596486825e-06, 7.96066842668e-07, 9.25636356897e-07, 1.49641380176e-06, 7.06958985575e-07, 4.4443669367e-07, 6.04789420322e-07, 5.48909383724e-07, 3.76057613494e-07, 3.17833411145e-07, 2.92418292247e-07, 3.52784155666e-07, 2.39569914129e-07, 2.91492398219e-07, 1.65677576547e-07, 1.36802469797e-07, 9.632583442e-08, 4.5145679195e-08, 3.17097481606e-09, 1.70863410226e-11, 1.1735150178e-11, 1.11999836488e-11, 1.07012385064e-11, 1.02367125193e-11, 9.80319124488e-12, 9.39806826111e-12, 9.02031054018e-12, 8.667208444e-12, 8.33811665546e-12, 8.03217388434e-12, 7.74735223891e-12, 7.48375059839e-12, 7.23941132735e-12, 7.01431317543e-12, 6.80773102821e-12, 6.6189731647e-12, 6.44758725576e-12, 6.29351345344e-12, 6.15628164766e-12, 6.03592609921e-12, 5.93258862175e-12, 5.84649776508e-12, 5.77812754241e-12, 5.72795500267e-12, 5.69711248663e-12]
    },
    "mfcc": {
        "mean": [-779.039733887, 182.420547485, -22.8075027466, 12.3082895279, -8.60918712616, -9.52619457245, -12.9638338089, -7.31315088272, -6.67514562607, 0.457023382187, -6.75809526443, -0.655630290508, 1.78250563145],
        "cov": [[9510.69921875, -478.115570068, -2104.54492188, 399.439178467, -1048.74267578, -74.0273742676, -456.048583984, 144.826126099, -219.16444397, 171.469604492, -101.547821045, 271.785644531, -53.8603630066], [-478.115570068, 1289.77758789, 359.777893066, -77.7290802002, 194.765350342, -14.2439756393, 47.780040741, -119.493850708, 16.9010467529, -76.0505905151, 1.30022907257, -92.6838684082, -43.1324691772], [-2104.54492188, 359.777893066, 1176.05371094, 54.9889450073, 381.386474609, 178.227844238, 186.219192505, 56.3563652039, 66.2636566162, -8.49655532837, 18.4081554413, -49.8369865417, -22.7894821167], [399.439178467, -77.7290802002, 54.9889450073, 394.432373047, 47.5213356018, 54.97706604, 64.6366119385, 71.0986099243, 42.2070426941, 50.218460083, 6.66741991043, 21.3965053558, 13.0731897354], [-1048.74267578, 194.765350342, 381.386474609, 47.5213356018, 336.548919678, 119.850082397, 120.311073303, 32.6413993835, 56.1138687134, 6.66754817963, 25.4424571991, -23.924659729, -1.61939787865], [-74.0273742676, -14.2439756393, 178.227844238, 54.97706604, 119.850082397, 269.707366943, 135.0052948, 67.8416290283, 34.9381599426, 23.3800544739, 25.7849617004, 17.7963733673, -4.33427858353], [-456.048583984, 47.780040741, 186.219192505, 64.6366119385, 120.311073303, 135.0052948, 217.623962402, 70.7836685181, 40.559715271, 10.2911787033, 16.9842300415, 1.31421530247, 7.22241687775], [144.826126099, -119.493850708, 56.3563652039, 71.0986099243, 32.6413993835, 67.8416290283, 70.7836685181, 165.775543213, 49.4834365845, 20.5598583221, 4.2061958313, 18.4292354584, 15.9291028976], [-219.16444397, 16.9010467529, 66.2636566162, 42.2070426941, 56.1138687134, 34.9381599426, 40.559715271, 49.4834365845, 137.771026611, 43.880191803, 4.45592260361, -2.4600892067, 11.459903717], [171.469604492, -76.0505905151, -8.49655532837, 50.218460083, 6.66754817963, 23.3800544739, 10.2911787033, 20.5598583221, 43.880191803, 152.756607056, 55.5825614929, 11.906747818, 1.66677248478], [-101.547821045, 1.30022907257, 18.4081554413, 6.66741991043, 25.4424571991, 25.7849617004, 16.9842300415, 4.2061958313, 4.45592260361, 55.5825614929, 161.308303833, 44.2345809937, -25.9538707733], [271.785644531, -92.6838684082, -49.8369865417, 21.3965053558, -23.924659729, 17.7963733673, 1.31421530247, 18.4292354584, -2.4600892067, 11.906747818, 44.2345809937, 152.972503662, 42.6293067932], [-53.8603630066, -43.1324691772, -22.7894821167, 13.0731897354, -1.61939787865, -4.33427858353, 7.22241687775, 15.9291028976, 11.459903717, 1.66677248478, -25.9538707733, 42.6293067932, 167.717132568]],
        "icov": [[0.000450067193015, -0.000387246487662, 0.000626679742709, -0.000551182660274, 0.000878642720636, -0.000799391942564, 0.000812595593743, -0.000959458411671, 0.000743168988265, -0.000725976424292, 0.00064641906647, -0.00065504811937, 0.000439981988166], [-0.000387246487662, 0.00138364511076, -0.000732969492674, 0.000559419975616, -0.0011434701737, 0.000934823299758, -0.000956358853728, 0.00169923936483, -0.00100035918877, 0.00114378903527, -0.000781694310717, 0.000935475749429, -0.000320562248817], [0.000626679742709, -0.000732969492674, 0.00229891226627, -0.000758447393309, -9.59226308623e-05, -0.0013115007896, 0.000850861601066, -0.0015562310582, 0.00108830386307, -0.000949348614085, 0.000977234099992, -0.00078382762149, 0.000746117148083], [-0.000551182660274, 0.000559419975616, -0.000758447393309, 0.00360715878196, -0.00132413057145, 0.0010118674254, -0.00148401514161, 0.00039495684905, -0.00106047571171, 4.12629706261e-05, -0.00040265993448, 0.000436558766523, -0.000478828529594], [0.000878642720636, -0.0011434701737, -9.59226308623e-05, -0.00132413057145, 0.00745646422729, -0.00261007854715, 0.000518466404174, -0.00155378272757, 0.000306068861391, -0.0010886231903, 0.000456426641904, -0.000607586407568, 0.00042303284863], [-0.000799391942564, 0.000934823299758, -0.0013115007896, 0.0010118674254, -0.00261007854715, 0.00740737048909, -0.0042413584888, 0.000931488350034, -0.00116685742978, 0.00082132575335, -0.00114244641736, 0.000379613426048, -0.00021469227795], [0.000812595593743, -0.000956358853728, 0.000850861601066, -0.00148401514161, 0.000518466404174, -0.0042413584888, 0.00953806284815, -0.00365060777403, 0.00103667087387, -0.000878867402207, 0.000725268095266, -0.000824706628919, 0.000337427685736], [-0.000959458411671, 0.00169923936483, -0.0015562310582, 0.00039495684905, -0.00155378272757, 0.000931488350034, -0.00365060777403, 0.0109304999933, -0.00403003348038, 0.00197092373855, -0.00130156497471, 0.00102528487332, -0.00119146006182], [0.000743168988265, -0.00100035918877, 0.00108830386307, -0.00106047571171, 0.000306068861391, -0.00116685742978, 0.00103667087387, -0.00403003348038, 0.0108556812629, -0.00403891317546, 0.00193523662165, -0.000933807808906, 0.000358056044206], [-0.000725976424292, 0.00114378903527, -0.000949348614085, 4.12629706261e-05, -0.0010886231903, 0.00082132575335, -0.000878867402207, 0.00197092373855, -0.00403891317546, 0.0102061890066, -0.00440432969481, 0.00192222488113, -0.00120542501099], [0.00064641906647, -0.000781694310717, 0.000977234099992, -0.00040265993448, 0.000456426641904, -0.00114244641736, 0.000725268095266, -0.00130156497471, 0.00193523662165, -0.00440432969481, 0.00958259310573, -0.00402993615717, 0.00265672826208], [-0.00065504811937, 0.000935475749429, -0.00078382762149, 0.000436558766523, -0.000607586407568, 0.000379613426048, -0.000824706628919, 0.00102528487332, -0.000933807808906, 0.00192222488113, -0.00402993615717, 0.0095833921805, -0.00318300467916], [0.000439981988166, -0.000320562248817, 0.000746117148083, -0.000478828529594, 0.00042303284863, -0.00021469227795, 0.000337427685736, -0.00119146006182, 0.000358056044206, -0.00120542501099, 0.00265672826208, -0.00318300467916, 0.00746482051909]]
    },
    "spectral_contrast_coeffs": {
        "mean": [-0.647936105728, -0.713752269745, -0.718308210373, -0.740670859814, -0.723205626011, -0.68219769001],
        "stdev": [0.100030519068, 0.0764707177877, 0.0667197629809, 0.0626194700599, 0.0860920846462, 0.0781342089176]
    },
    "spectral_contrast_valleys": {
        "mean": [-8.15751075745, -7.26858520508, -8.4903793335, -9.08140087128, -9.9914894104, -14.4278173447],
        "stdev": [1.20058345795, 1.18871974945, 1.22388756275, 1.22627961636, 1.35551321507, 0.882552742958]
    }
},
"rhythm": {
    "beats_count": 847,
    "beats_loudness": {
        "mean": 0.017466198653,
        "stdev": 0.0308823622763
    },
    "bpm": 122.768325806,
    "bpm_histogram_first_peak_bpm": 123,
    "bpm_histogram_first_peak_weight": 0.526881694794,
    "bpm_histogram_second_peak_bpm": 157,
    "bpm_histogram_second_peak_spread": 0.366071403027,
    "bpm_histogram_second_peak_weight": 0.0839243531227,
    "danceability": 0.870686411858,
    "onset_rate": 1.64946293831,
    "beats_loudness_band_ratio": {
        "mean": [0.192650064826, 0.313826262951, 0.324501752853, 0.130337163806, 0.071176469326, 0.0175617821515],
        "stdev": [0.232809394598, 0.217456206679, 0.222566157579, 0.134075820446, 0.0940825715661, 0.0429893285036]
    },
    "beats_position": [0.53405892849, 1.07972788811, 1.6137868166, 2.15945577621, 2.69351458549, 3.22757363319, 3.76163268089, 4.28408145905, 4.79492044449, 5.30575942993, 5.81659841537, 6.33904743195, 6.86149644852, 7.37233543396, 7.8831744194, 8.39401340485, 8.893242836, 9.39247131348, 9.90331077576, 10.4025392532, 10.9133787155, 11.4242172241, 11.9350566864, 12.445895195, 12.9683446884, 13.4907932281, 14.0016326904, 14.512471199, 15.0233106613, 15.545759201, 16.0565986633, 16.5326080322, 16.99700737, 17.4614048004, 17.9258041382, 18.390203476, 18.8546028137, 19.3538322449, 19.853061676, 20.3522891998, 20.851518631, 21.339138031, 21.8383674622, 22.3375968933, 22.825214386, 23.312833786, 23.800453186, 24.2996826172, 24.7989120483, 25.3561897278, 25.9134693146, 26.470746994, 27.0280265808, 27.5853061676, 28.142583847, 28.6069831848, 29.0713825226, 29.5357818604, 30.0466213226, 30.5574588776, 31.0682983398, 31.5559177399, 32.0435371399, 32.5311546326, 33.0187759399, 33.4947853088, 33.9707946777, 34.4468002319, 34.9228096008, 35.3988189697, 35.8748283386, 36.3508377075, 36.8268470764, 37.3028564453, 37.790473938, 38.2780952454, 38.765712738, 39.2533340454, 39.7409515381, 40.2285690308, 40.7161903381, 41.2038078308, 41.6798171997, 42.1442184448, 42.6086158752, 43.0730133057, 43.5374145508, 44.0018119812, 44.5823135376, 45.1628112793, 45.743309021, 46.3238105774, 46.9159164429, 47.508026123, 47.9840354919, 48.4600448608, 48.9360542297, 49.3424034119, 49.748752594, 50.1551017761, 50.573059082, 50.9910202026, 51.3973693848, 51.8037185669, 52.210067749, 52.6048049927, 52.999546051, 53.3942832947, 53.8006324768, 54.2069816589, 54.6133308411, 55.0429000854, 55.4724693298, 55.9136505127, 56.3548278809, 56.7843971252, 57.2255783081, 57.6551475525, 58.1892051697, 58.7232627869, 59.2689323425, 59.8378219604, 60.4067115784, 60.9756011963, 61.5444869995, 62.1133766174, 62.6938781738, 63.2743759155, 63.8432655334, 64.3657150269, 64.8881607056, 65.3990020752, 65.8982315063, 66.409072876, 66.9199066162, 67.4307479858, 67.9415893555, 68.4292068481, 68.9168243408, 69.416053772, 69.9036712646, 70.3912887573, 70.8789138794, 71.3665313721, 71.8425369263, 72.3185501099, 72.817779541, 73.3170089722, 73.8162307739, 74.303855896, 74.7914733887, 75.2907028198, 75.7783203125, 76.2427215576, 76.7071151733, 77.1715164185, 77.6707458496, 78.1815872192, 78.6924285889, 79.2032623291, 79.7024917603, 80.2017211914, 80.7009506226, 81.2001800537, 81.6994094849, 82.1870269775, 82.6630401611, 83.1506576538, 83.626663208, 84.1026763916, 84.5670700073, 85.0314712524, 85.507484436, 85.9718780518, 86.4246673584, 86.877456665, 87.3302459717, 87.7830352783, 88.2242126465, 88.665397644, 89.1762313843, 89.6870727539, 90.1863021851, 90.7551879883, 91.3240814209, 91.8813552856, 92.4270248413, 92.9843063354, 93.5299758911, 94.1104736328, 94.6909713745, 95.2714691162, 95.8403625488, 96.4208602905, 97.0013580322, 97.5818557739, 98.1275253296, 98.6731948853, 99.2188644409, 99.7645339966, 100.298591614, 100.832649231, 101.308662415, 101.77305603, 102.249069214, 102.759910583, 103.259140015, 103.769973755, 104.257591248, 104.74521637, 105.221221924, 105.743675232, 106.266120911, 106.788566589, 107.299407959, 107.810249329, 108.321083069, 108.831924438, 109.33115387, 109.830383301, 110.34122467, 110.840454102, 111.339683533, 111.838912964, 112.338134766, 112.837364197, 113.290153503, 113.74294281, 114.195732117, 114.683357239, 115.170974731, 115.658592224, 116.146209717, 116.633827209, 117.121452332, 117.609069824, 118.108299255, 118.595916748, 119.071922302, 119.547935486, 120.012336731, 120.383850098, 120.755371094, 121.12689209, 121.510017395, 121.858322144, 122.206619263, 122.543312073, 122.891609192, 123.239906311, 123.599815369, 123.948112488, 124.296417236, 124.644714355, 124.993011475, 125.341316223, 125.689613342, 126.037910461, 126.409431458, 126.780952454, 127.164077759, 127.535598755, 127.965164185, 128.406341553, 128.835922241, 129.265487671, 129.753097534, 130.240722656, 130.728347778, 131.215957642, 131.703582764, 132.191192627, 132.678817749, 133.166442871, 133.654052734, 134.153289795, 134.640899658, 135.140136719, 135.639358521, 136.138595581, 136.626205444, 137.125442505, 137.601455688, 138.089065552, 138.588302612, 139.075912476, 139.563537598, 140.062759399, 140.56199646, 141.061218262, 141.560455322, 142.071289062, 142.570526123, 143.034912109, 143.510925293, 143.986938477, 144.46295166, 144.927337646, 145.40335083, 145.879364014, 146.355377197, 146.842987061, 147.35383606, 147.853057861, 148.352294922, 148.839904785, 149.327529907, 149.815139771, 150.314376831, 150.813598633, 151.324447632, 151.951385498, 152.578323364, 153.20526123, 153.820587158, 154.447525024, 155.074462891, 155.689788818, 156.316726685, 156.943664551, 157.570602417, 158.197555542, 158.836090088, 159.381759644, 159.927429199, 160.473098755, 160.983947754, 161.506393433, 162.028839111, 162.539672852, 163.050521851, 163.561355591, 164.08380127, 164.606262207, 165.128707886, 165.639541626, 166.161987305, 166.672836304, 167.195281982, 167.717727661, 168.24017334, 168.762634277, 169.285079956, 169.691421509, 170.09777832, 170.492507935, 170.887252808, 171.270385742, 171.641906738, 172.025024414, 172.384933472, 172.744842529, 173.104751587, 173.476272583, 173.847793579, 174.219314575, 174.590835571, 174.973968506, 175.35710144, 175.728607178, 176.100128174, 176.47164917, 176.843170166, 177.214691162, 177.586212158, 177.969345093, 178.375686646, 178.770431519, 179.165161133, 179.571517944, 179.989471436, 180.395828247, 180.8021698, 181.22013855, 181.580047607, 181.928344727, 182.288253784, 182.648162842, 183.008071899, 183.367980957, 183.727890015, 184.076187134, 184.482528687, 184.888885498, 185.29524231, 185.713195801, 186.131149292, 186.537506104, 186.943847656, 187.361816406, 187.779769897, 188.197723389, 188.615692139, 189.022033691, 189.428390503, 189.834732056, 190.229476929, 190.624221802, 191.018951416, 191.413696289, 191.808425903, 192.191558838, 192.563079834, 192.93460083, 193.36416626, 193.805343628, 194.246520996, 194.687713623, 195.128890991, 195.570068359, 196.011245728, 196.440811157, 196.881988525, 197.323165894, 197.752746582, 198.19392395, 198.635101318, 199.13432312, 199.645172119, 200.144393921, 200.632019043, 201.119628906, 201.607254028, 202.09487915, 202.489608765, 202.884353638, 203.267486572, 203.662216187, 204.05696106, 204.451690674, 204.846435547, 205.24118042, 205.635910034, 206.030654907, 206.42539978, 206.831741333, 207.238098145, 207.644439697, 208.03918457, 208.375869751, 208.712554932, 209.049255371, 209.374328613, 209.711013794, 210.036102295, 210.372787476, 210.709472656, 211.046157837, 211.371246338, 211.69631958, 212.021408081, 212.346481323, 212.683166504, 213.019866943, 213.356552124, 213.693237305, 214.041534424, 214.389831543, 214.726531982, 215.063217163, 215.411514282, 215.759811401, 216.108108521, 216.45640564, 216.793106079, 217.12979126, 217.46647644, 217.80317688, 218.139862061, 218.476547241, 218.801635742, 219.149932861, 219.486618042, 219.823303223, 220.171600342, 220.51991272, 220.868209839, 221.216506958, 221.553192139, 221.889877319, 222.226577759, 222.563262939, 222.911560059, 223.248245239, 223.584945679, 223.921630859, 224.25831604, 224.653060913, 225.047790527, 225.430923462, 225.814056396, 226.197189331, 226.580307007, 226.951828003, 227.323348999, 227.706481934, 228.089614868, 228.461135864, 228.832641602, 229.204162598, 229.575683594, 229.94720459, 230.318725586, 230.701858521, 231.096588135, 231.491333008, 231.955734253, 232.420135498, 232.884536743, 233.465026855, 234.033920288, 234.6144104, 235.194915771, 235.775421143, 236.355911255, 236.936416626, 237.516906738, 238.120635986, 238.724349976, 239.36289978, 240.001449585, 240.63999939, 241.278549194, 241.917098999, 242.544036865, 243.18258667, 243.763076782, 244.331970215, 244.900863647, 245.423309326, 245.945755005, 246.468200684, 246.990646362, 247.501495361, 248.02394104, 248.546386719, 249.080444336, 249.602905273, 250.125350952, 250.636184692, 251.147018433, 251.646255493, 252.157089233, 252.656326294, 253.167160034, 253.677993774, 254.177230835, 254.676452637, 255.175689697, 255.651702881, 256.139312744, 256.626922607, 257.114562988, 257.602172852, 258.089782715, 258.577423096, 259.065032959, 259.56427002, 260.063476562, 260.551116943, 261.038726807, 261.52633667, 261.909484863, 262.304199219, 262.687347412, 263.070465088, 263.453613281, 263.836730957, 264.219848633, 264.602996826, 264.986114502, 265.369232178, 265.752380371, 266.123901367, 266.495422363, 266.866943359, 267.238464355, 267.668029785, 268.097595215, 268.538757324, 268.968353271, 269.409515381, 269.839080811, 270.280273438, 270.663391113, 271.046539307, 271.429656982, 271.812774658, 272.207519531, 272.602264404, 272.997009277, 273.40335083, 273.809692383, 274.227661133, 274.634002686, 275.017150879, 275.400268555, 275.78338623, 276.178131104, 276.561279297, 276.944396973, 277.327514648, 277.710662842, 278.082183838, 278.453704834, 278.825195312, 279.208343506, 279.603088379, 279.997802734, 280.392547607, 280.78729248, 281.12399292, 281.460662842, 281.797363281, 282.134063721, 282.459136963, 282.784210205, 283.109283447, 283.434356689, 283.771057129, 284.165802002, 284.560546875, 284.955291748, 285.338409424, 285.7215271, 286.104675293, 286.487792969, 286.882537842, 287.277282715, 287.672027588, 288.066741943, 288.461486816, 288.856231689, 289.239349365, 289.622497559, 290.017242432, 290.411956787, 290.80670166, 291.189849854, 291.572967529, 291.967712402, 292.350830078, 292.861663818, 293.372497559, 293.894958496, 294.429016113, 294.96307373, 295.485534668, 296.007965088, 296.542022705, 297.076080322, 297.610168457, 298.155822754, 298.689880371, 299.119445801, 299.54901123, 299.990203857, 300.350097656, 300.710021973, 301.069915771, 301.429840088, 301.789733887, 302.149658203, 302.509552002, 302.869476318, 303.229370117, 303.589294434, 303.949188232, 304.309112549, 304.669006348, 305.028930664, 305.388824463, 305.7371521, 306.085449219, 306.491790771, 306.898132324, 307.304473877, 307.69921875, 308.105560303, 308.500305176, 308.906646729, 309.289794922, 309.672912598, 310.056060791, 310.450775146, 310.84552002, 311.240264893, 311.635009766, 312.029754639, 312.436096191, 312.842437744, 313.248779297, 313.666748047, 314.084716797, 314.49105835, 314.897399902, 315.303771973, 315.710113525, 316.128051758, 316.604064941, 317.080078125, 317.556091309, 318.043701172, 318.531341553, 319.018951416, 319.506561279, 319.99420166, 320.481811523, 320.957824707, 321.45703125, 321.944671631, 322.432281494, 322.919891357, 323.407531738, 323.906738281, 324.289886475, 324.67300415, 325.056152344, 325.43927002, 325.810791016, 326.182312012, 326.553833008, 326.925354004, 327.296875, 327.668395996, 328.028289795, 328.399810791, 328.782928467, 329.16607666, 329.549194336, 329.943939209, 330.327056885, 330.710205078, 331.104949951, 331.488067627, 331.871185303, 332.254333496, 332.637451172, 333.043792725, 333.450164795, 333.856506348, 334.274475098, 334.69241333, 335.11038208, 335.52835083, 335.946289062, 336.364257812, 336.782226562, 337.188568115, 337.594909668, 338.001251221, 338.407623291, 338.895233154, 339.382843018, 339.870483398, 340.358093262, 340.845703125, 341.333312988, 341.820953369, 342.308563232, 342.796173096, 343.272186279, 343.736602783, 344.212615967, 344.677001953, 345.083343506, 345.489685059, 345.896057129, 346.302398682, 346.708740234, 347.103485107, 347.50982666, 347.904571533, 348.299316406, 348.694061279, 349.088806152, 349.471923828, 349.855041504, 350.238189697, 350.621307373, 351.004425049, 351.387573242, 351.770690918, 352.142211914, 352.51373291, 352.885253906, 353.268371582, 353.639892578, 354.057861328, 354.475830078, 354.893768311, 355.334960938, 355.776153564, 356.217315674, 356.658508301, 357.08807373, 357.51763916, 357.94720459, 358.37677002, 358.79473877, 359.201080322, 359.607421875, 360.036987305, 360.466583252, 360.907745361, 361.337310791, 361.766876221, 362.208068848, 362.649230957, 363.090423584, 363.543212891, 363.996002197, 364.437194824, 364.866760254, 365.296325684, 365.714263916, 366.132232666, 366.550201416, 366.968170166, 367.386108398, 367.815673828, 368.245239258, 368.686431885, 369.115997314, 369.545562744, 370.079620361, 370.602081299, 371.124542236, 371.739868164, 372.366790771, 372.982116699, 373.609069824, 374.235992432, 374.793273926, 375.362182617, 375.919464111, 376.453521729, 376.987579346, 377.521636963, 378.05569458, 378.578125, 379.112182617, 379.646240234, 380.180297852, 380.714355469, 381.260040283, 381.80569458],
