{
"metadata": {
    "version": {
        "essentia": "2.1-dev",
        "essentia_git_sha": "v2.1_beta3-415-gd5473f3",
        "extractor": "music 2.0"
    },
    "audio_properties": {
        "analysis": {
            "equal_loudness": 0,
            "length": 207.38609314,
            "sample_rate": 44100,
            "start_time": 0,
            "downmix": "mix"
        },
        "bit_rate": 64000,
        "length": 207.386123657,
        "lossless": 0,
        "number_channels": 2,
        "replay_gain": -2.46154594421,
        "sample_rate": 22050,
        "codec": "mp3",
        "md5_encoded": "2b52adfa3c858349a51ede30854af392"
    },
    "tags": {
        "file_name": "boccherini-sonata_a_violoncello_e_basso.mp3"
    }
},
"lowlevel": {
    "average_loudness": 0.522368192673,
    "barkbands_crest": {
        "mean": 14.3784360886,
        "stdev": 4.66485023499
    },
    "barkbands_flatness_db": {
        "mean": 0.274376690388,
        "stdev": 0.0504309237003
    },
    "barkbands_kurtosis": {
        "mean": 18.2557468414,
        "stdev": 24.4068832397
    },
    "barkbands_skewness": {
        "mean": 3.03397345543,
        "stdev": 1.69916832447
    },
    "barkbands_spread": {
        "mean": 5.12203884125,
        "stdev": 3.19064188004
    },
    "dissonance": {
        "mean": 0.411326766014,
        "stdev": 0.0492578484118
    },
    "dynamic_complexity": 6.34101629257,
    "erbbands_crest": {
        "mean": 12.3508720398,
        "stdev": 5.01070165634
    },
    "erbbands_flatness_db": {
        "mean": 0.258318454027,
        "stdev": 0.0488038174808
    },
    "erbbands_kurtosis": {
        "mean": 3.50908493996,
        "stdev": 4.27168083191
    },
    "erbbands_skewness": {
        "mean": 1.48175346851,
        "stdev": 0.79727268219
    },
    "erbbands_spread": {
        "mean": 21.7493515015,
        "stdev": 14.7282514572
    },
    "hfc": {
        "mean": 7.26269626617,
        "stdev": 7.57095718384
    },
    "loudness_ebu128": {
        "integrated": -22.0942001343,
        "loudness_range": 4.70909118652,
        "momentary": {
            "mean": -26.0430545807,
            "stdev": 12.4222106934
        },
        "short_term": {
            "mean": -24.6137390137,
            "stdev": 10.6501045227
        }
    },
    "melbands_crest": {
        "mean": 18.7178535461,
        "stdev": 6.51021194458
    },
    "melbands_flatness_db": {
        "mean": 0.312270015478,
        "stdev": 0.0615799464285
    },
    "melbands_kurtosis": {
        "mean": 25.7738227844,
        "stdev": 40.9459724426
    },
    "melbands_skewness": {
        "mean": 3.21996808052,
        "stdev": 2.06952166557
    },
    "melbands_spread": {
        "mean": 6.30237340927,
        "stdev": 4.78558826447
    },
    "pitch_salience": {
        "mean": 0.471728503704,
        "stdev": 0.133512735367
    },
    "silence_rate_20dB": {
        "mean": 1,
        "stdev": 0
    },
    "silence_rate_30dB": {
        "mean": 0.987574160099,
        "stdev": 0.110771566629
    },
    "silence_rate_60dB": {
        "mean": 0.128736153245,
        "stdev": 0.33491268754
    },
    "spectral_centroid": {
        "mean": 499.676269531,
        "stdev": 234.763275146
    },
    "spectral_complexity": {
        "mean": 8.26687526703,
        "stdev": 3.4120593071
    },
    "spectral_decrease": {
        "mean": -5.19695442236e-09,
        "stdev": 6.02489480528e-09
    },
    "spectral_energy": {
        "mean": 0.0202732160687,
        "stdev": 0.0233732443303
    },
    "spectral_energyband_high": {
        "mean": 2.58888176177e-05,
        "stdev": 2.5721399652e-05
    },
    "spectral_energyband_low": {
        "mean": 0.00308902608231,
        "stdev": 0.0064405631274
    },
    "spectral_energyband_middle_high": {
        "mean": 0.00143079343252,
        "stdev": 0.00270769535564
    },
    "spectral_energyband_middle_low": {
        "mean": 0.0182177722454,
        "stdev": 0.0219850242138
    },
    "spectral_entropy": {
        "mean": 6.37035655975,
        "stdev": 0.529249489307
    },
    "spectral_flux": {
        "mean": 0.0450880602002,
        "stdev": 0.0276276357472
    },
    "spectral_kurtosis": {
        "mean": 14.5854673386,
        "stdev": 11.4432373047
    },
    "spectral_rms": {
        "mean": 0.00385406380519,
        "stdev": 0.00221922900528
    },
    "spectral_rolloff": {
        "mean": 513.312805176,
        "stdev": 389.339691162
    },
    "spectral_skewness": {
        "mean": 2.72224378586,
        "stdev": 0.940789282322
    },
    "spectral_spread": {
        "mean": 2671032.5,
        "stdev": 1158057.75
    },
    "spectral_strongpeak": {
        "mean": 0.929661154747,
        "stdev": 0.760385632515
    },
    "zerocrossingrate": {
        "mean": 0.0238167885691,
        "stdev": 0.0137066747993
    },
    "barkbands": {
        "mean": [4.07722473028e-06, 3.34161341016e-05, 0.000572819670197, 0.00530361384153, 0.00467293942347, 0.00450183497742, 0.00236175418831, 0.000991007080302, 0.000364335195627, 0.000877708604094, 0.00015955445997, 5.90878662479e-05, 4.12715235143e-05, 7.31801046641e-05, 9.62312260526e-05, 5.32281774213e-05, 3.67370412278e-05, 2.97299538943e-05, 1.09739703475e-05, 6.13574411545e-06, 7.24743085811e-06, 7.64441119827e-06, 4.82610766994e-06, 3.37906112691e-06, 5.29249462033e-07, 6.59323151631e-10, 7.03027136506e-10],
        "stdev": [7.27688393454e-06, 0.000140286036185, 0.00115242390893, 0.0125936735421, 0.00878561008722, 0.0105191897601, 0.00474420888349, 0.00197676406242, 0.000548136711586, 0.00252934615128, 0.000300696468912, 0.000109908003651, 6.3392042648e-05, 0.00012365062139, 0.000228629054618, 9.32276598178e-05, 6.49035791866e-05, 5.92037831666e-05, 1.4649906916e-05, 7.60085094953e-06, 8.37277366372e-06, 9.67381402006e-06, 5.55321912543e-06, 4.33282821177e-06, 8.69788493674e-07, 1.32829114374e-09, 1.41760581052e-09]
    },
    "erbbands": {
        "mean": [0.000496474851388, 0.0186369139701, 0.560583472252, 9.73575687408, 13.116350174, 15.5869178772, 36.4224243164, 35.7836456299, 27.379650116, 35.2737998962, 19.9647407532, 8.79809379578, 17.5325450897, 19.4882621765, 6.02771520615, 2.24989056587, 2.08580207825, 2.79092240334, 5.28216266632, 3.7811357975, 3.00016021729, 2.17044138908, 1.50623559952, 1.0213419199, 0.520289719105, 0.29360756278, 0.258486479521, 0.306475400925, 0.221657350659, 0.250587284565, 0.12352283299, 0.0796066895127, 0.0513752065599, 0.0122355064377, 0.000356459931936, 2.83395638689e-05, 9.01434941625e-06, 1.77662593615e-06, 9.67112373473e-06, 2.25898565986e-05],
        "stdev": [0.0007774765254, 0.0490091145039, 0.965229690075, 21.821269989, 26.3412857056, 28.9926586151, 78.3831939697, 89.4530181885, 49.6157913208, 87.3888549805, 38.5231895447, 12.6711463928, 45.9061927795, 46.0163612366, 9.58920764923, 3.39673304558, 3.11224031448, 5.0666103363, 9.16138839722, 8.09688949585, 5.51713275909, 3.91967892647, 2.56760573387, 1.66424059868, 0.608833432198, 0.329948961735, 0.2855027318, 0.398130267859, 0.282332539558, 0.319956809282, 0.15183699131, 0.103774160147, 0.0713087916374, 0.0172823183239, 0.000486277014716, 2.70392829407e-05, 8.74830493558e-06, 1.71761860202e-06, 1.08744588942e-05, 2.58245345321e-05]
    },
    "gfcc": {
        "mean": [-151.411911011, 161.507339478, -140.207458496, 23.6900291443, -86.0410232544, -12.8319358826, -45.7411651611, -26.4164447784, -3.49464535713, -35.1868209839, -2.34203147888, -24.9414024353, 3.16787743568],
        "cov": [[22684.6816406, 1684.29211426, -2411.08300781, -995.68560791, -1406.38146973, -1184.38354492, -1127.46691895, -658.738891602, -373.495452881, -685.041992188, -544.793212891, -383.461273193, -136.226318359], [1684.29211426, 683.582580566, 60.9312019348, -146.081207275, 110.832267761, -206.220413208, 10.067440033, -133.780883789, -35.8256530762, -123.216705322, -115.354095459, -27.269651413, -36.9903030396], [-2411.08300781, 60.9312019348, 744.627075195, 258.099578857, 280.776702881, 149.405105591, 176.759902954, 5.83240795135, -7.26611566544, 4.48527812958, -24.8724269867, -0.311920821667, -27.9963054657], [-995.68560791, -146.081207275, 258.099578857, 310.918548584, 79.9425506592, 163.201919556, 50.5835266113, 30.3786907196, -0.606245279312, 17.5390872955, 2.35923314095, -25.138381958, -26.0980434418], [-1406.38146973, 110.832267761, 280.776702881, 79.9425506592, 310.651428223, 65.3106002808, 116.561019897, 15.6487121582, 7.87064170837, 1.1511682272, -12.7141399384, 2.98346734047, -22.6026802063], [-1184.38354492, -206.220413208, 149.405105591, 163.201919556, 65.3106002808, 221.004943848, 81.9454040527, 67.2424468994, 6.82670927048, 29.8144950867, 14.6994771957, -11.162563324, -3.66626524925], [-1127.46691895, 10.067440033, 176.759902954, 50.5835266113, 116.561019897, 81.9454040527, 156.033584595, 43.4593963623, 12.6381349564, 1.30902934074, -1.44026136398, 20.4676609039, -3.53093671799], [-658.738891602, -133.780883789, 5.83240795135, 30.3786907196, 15.6487121582, 67.2424468994, 43.4593963623, 120.075386047, 32.267993927, 35.5058631897, 34.2163772583, 6.33216094971, 10.9115915298], [-373.495452881, -35.8256530762, -7.26611566544, -0.606245279312, 7.87064170837, 6.82670927048, 12.6381349564, 32.267993927, 79.209197998, 50.0335235596, 19.0555934906, 3.06476402283, -12.0837039948], [-685.041992188, -123.216705322, 4.48527812958, 17.5390872955, 1.1511682272, 29.8144950867, 1.30902934074, 35.5058631897, 50.0335235596, 104.588172913, 63.8695411682, 10.2084970474, 2.10471582413], [-544.793212891, -115.354095459, -24.8724269867, 2.35923314095, -12.7141399384, 14.6994771957, -1.44026136398, 34.2163772583, 19.0555934906, 63.8695411682, 106.466331482, 57.7832489014, 23.5441684723], [-383.461273193, -27.269651413, -0.311920821667, -25.138381958, 2.98346734047, -11.162563324, 20.4676609039, 6.33216094971, 3.06476402283, 10.2084970474, 57.7832489014, 100.41254425, 65.7167053223], [-136.226318359, -36.9903030396, -27.9963054657, -26.0980434418, -22.6026802063, -3.66626524925, -3.53093671799, 10.9115915298, -12.0837039948, 2.10471582413, 23.5441684723, 65.7167053223, 109.042442322]],
        "icov": [[0.000256888510194, -0.000719361705706, 0.000537194253411, -0.000235149782384, 0.000708872277755, -6.80811936036e-05, 0.00085381930694, -9.40025929594e-05, 0.000428822735557, 0.000465699587949, 0.000319851882523, 0.000139572890475, 0.000225600844715], [-0.000719361705706, 0.0060677845031, -0.00187441520393, 0.00140063127037, -0.003560165409, 0.00363258970901, -0.00389582151547, 0.00266282283701, -0.00241318019107, 0.00176410272252, -0.000438961782493, 0.00109007570427, -0.000858444080222], [0.000537194253411, -0.00187441520393, 0.00433705328032, -0.00277958577499, 2.79118030448e-05, 6.28802954452e-05, -0.000271002121735, 0.00053831958212, 0.00190866098274, -0.000541414774489, 0.00173080945387, -0.000483924872242, 0.000568676099647], [-0.000235149782384, 0.00140063127037, -0.00277958577499, 0.00754663860425, -0.00066603324376, -0.00412284117192, 0.00136821379419, 0.000615395139903, -0.00105388474185, 0.00110028276686, -0.00126514350995, 0.000867546827067, 0.000592255149968], [0.000708872277755, -0.003560165409, 2.79118030448e-05, -0.00066603324376, 0.00812618527561, -0.00139198126271, 0.000510454352479, -0.00116220209748, 0.00148414063733, -7.49198734411e-05, 0.00104360445403, -0.000496999302413, 0.00153619749472], [-6.80811936036e-05, 0.00363258970901, 6.28802954452e-05, -0.00412284117192, -0.00139198126271, 0.0134981870651, -0.00587470084429, -0.000887653033715, 0.000936829310376, 0.000367406435544, -0.000125987222418, 0.00372865935788, -0.00188271142542], [0.00085381930694, -0.00389582151547, -0.000271002121735, 0.00136821379419, 0.000510454352479, -0.00587470084429, 0.0179240778089, -0.0053426604718, 0.00114632048644, 0.000977033749223, 0.00517788855359, -0.00753892585635, 0.00455997232348], [-9.40025929594e-05, 0.00266282283701, 0.00053831958212, 0.000615395139903, -0.00116220209748, -0.000887653033715, -0.0053426604718, 0.0157022755593, -0.00643184734508, 0.00401894655079, -0.00682228431106, 0.00733031146228, -0.00467871269211], [0.000428822735557, -0.00241318019107, 0.00190866098274, -0.00105388474185, 0.00148414063733, 0.000936829310376, 0.00114632048644, -0.00643184734508, 0.0245354212821, -0.0152274658903, 0.0100482059643, -0.00861435290426, 0.007009672001], [0.000465699587949, 0.00176410272252, -0.000541414774489, 0.00110028276686, -7.49198734411e-05, 0.000367406435544, 0.000977033749223, 0.00401894655079, -0.0152274658903, 0.0311072953045, -0.0197987835854, 0.0147096151486, -0.00594717543572], [0.000319851882523, -0.000438961782493, 0.00173080945387, -0.00126514350995, 0.00104360445403, -0.000125987222418, 0.00517788855359, -0.00682228431106, 0.0100482059643, -0.0197987835854, 0.0347465984523, -0.0250824578106, 0.0105644324794], [0.000139572890475, 0.00109007570427, -0.000483924872242, 0.000867546827067, -0.000496999302413, 0.00372865935788, -0.00753892585635, 0.00733031146228, -0.00861435290426, 0.0147096151486, -0.0250824578106, 0.0382933989167, -0.0192288663238], [0.000225600844715, -0.000858444080222, 0.000568676099647, 0.000592255149968, 0.00153619749472, -0.00188271142542, 0.00455997232348, -0.00467871269211, 0.007009672001, -0.00594717543572, 0.0105644324794, -0.0192288663238, 0.0205193124712]]
    },
    "melbands": {
        "mean": [5.47883155377e-06, 0.00015076395357, 0.00186376913916, 0.00091729540145, 0.00122617895249, 0.000799436413217, 0.000427652179496, 0.000354410818545, 0.000137600960443, 4.74599582958e-05, 9.9167751614e-05, 9.64912178461e-05, 2.40012850554e-05, 6.57662349113e-06, 5.46981254956e-06, 4.15482509197e-06, 5.21090260008e-06, 8.40951815917e-06, 6.99968222762e-06, 3.75367676497e-06, 3.14366502607e-06, 2.38728148361e-06, 1.21242430851e-06, 1.75560592197e-06, 6.95862865996e-07, 4.45314498165e-07, 2.74190426808e-07, 1.65812977571e-07, 1.57937137146e-07, 1.79563755864e-07, 1.6306711359e-07, 1.21974395029e-07, 1.50822657474e-07, 1.3020432732e-07, 7.55490390247e-08, 5.28680637046e-08, 4.58065798625e-08, 3.94927006653e-08, 2.54815351042e-08, 4.39113367889e-09],
        "stdev": [1.97971767193e-05, 0.000288213021122, 0.00416528526694, 0.00143263931386, 0.00260385219008, 0.00197063549422, 0.000800013309345, 0.000811730162241, 0.000266653980361, 7.16435679351e-05, 0.000274383754004, 0.000246853160206, 4.38986789959e-05, 1.39585772558e-05, 9.29864563659e-06, 6.74054854244e-06, 9.58618784352e-06, 1.42007620525e-05, 2.13318144233e-05, 6.50709171168e-06, 6.1489017753e-06, 4.94588448419e-06, 2.07464290725e-06, 4.06871049563e-06, 1.11105612177e-06, 6.06068397246e-07, 3.91670226918e-07, 1.96639717842e-07, 2.01602546213e-07, 2.24516014669e-07, 2.17017088744e-07, 1.8921332412e-07, 2.42276058771e-07, 1.55326603135e-07, 1.02822774295e-07, 6.64661854444e-08, 6.49561826549e-08, 5.88772230969e-08, 3.59432661412e-08, 7.47855466443e-09]
    },
    "melbands128": {
        "mean": [1.86451427453e-06, 1.23397580865e-06, 2.09902077586e-06, 2.22188682528e-05, 7.92493156041e-05, 0.000362966500688, 0.00195198412985, 0.00275059859268, 0.00104742508847, 0.000737849390134, 0.000739099516068, 0.00119087856729, 0.00119251117576, 0.00151745113544, 0.00101038848516, 0.0002742188517, 0.000244207854848, 0.000543677306268, 0.000387676700484, 0.000493723200634, 0.000196083841729, 0.000254083570326, 9.74779613898e-05, 6.90963715897e-05, 6.42123050056e-05, 2.67276991508e-05, 3.90322929888e-05, 3.77675969503e-05, 0.000254972284893, 0.000139209485496, 2.69990796369e-05, 2.84144916805e-05, 3.91735047742e-05, 4.22032417191e-06, 1.08587291834e-05, 5.71529835725e-06, 3.4811785099e-06, 6.52011249258e-06, 6.39507425149e-06, 3.61425145456e-06, 1.56833243636e-06, 7.94566585682e-06, 4.20046580984e-06, 2.4234554985e-06, 1.15822895168e-05, 7.73622105044e-06, 8.63515469973e-06, 9.08912261366e-06, 4.46129797638e-06, 5.09830533701e-06, 2.85998180516e-06, 3.02720445688e-06, 5.70079600948e-06, 1.59866795002e-06, 1.44431044191e-06, 3.63464687325e-06, 1.59778096531e-06, 1.76101536908e-06, 9.31798183501e-07, 5.41826921108e-07, 2.47947059506e-06, 2.10271036849e-06, 6.06787807556e-07, 3.88065359402e-07, 6.3801496708e-07, 4.03482943057e-07, 4.1044347654e-07, 2.88930408487e-07, 2.50447754979e-07, 2.37628498212e-07, 1.68434837633e-07, 1.35934087098e-07, 1.1698499236e-07, 2.19490146947e-07, 1.11622526333e-07, 1.48251444898e-07, 2.13296218021e-07, 2.61981426775e-07, 1.01137132447e-07, 1.55235142074e-07, 1.28068563754e-07, 9.38703408337e-08, 1.13747049113e-07, 1.49259747673e-07, 2.27183718948e-07, 9.55954817528e-08, 1.41932176234e-07, 9.32526091901e-08, 7.34197911356e-08, 5.59199939687e-08, 5.50743308736e-08, 4.66520191367e-08, 5.76602481317e-08, 4.03297875096e-08, 4.86590678861e-08, 3.68743187096e-08, 4.77323851555e-08, 2.72949627345e-08, 2.72545293001e-08, 2.55720902231e-08, 7.70530306227e-09, 1.09037931462e-10, 5.97742428471e-12, 5.62957189545e-12, 5.37786395277e-12, 5.14219005918e-12, 4.92205711952e-12, 4.71604049215e-12, 4.52318130867e-12, 4.3432453814e-12, 4.17468707173e-12, 4.01748339457e-12, 3.87123015935e-12, 3.73494681363e-12, 3.60874849968e-12, 3.49170670676e-12, 3.38380799075e-12, 3.28474292037e-12, 3.1942068348e-12, 3.11197768943e-12, 3.03796939861e-12, 2.97206898849e-12, 2.91424761927e-12, 2.86460417019e-12, 2.82325248249e-12, 2.79036581168e-12, 2.76627657413e-12, 2.75141714967e-12],
        "stdev": [3.05013259094e-06, 1.76819696662e-06, 6.63500622977e-06, 9.84816942946e-05, 0.000226162766921, 0.000776976230554, 0.0043974602595, 0.00675924494863, 0.00254691159353, 0.00184374325909, 0.00172858813312, 0.00356902997009, 0.00306336930953, 0.00409634923562, 0.00296275643632, 0.000924063730054, 0.000520399713423, 0.00134960887954, 0.000910817063414, 0.0016358072171, 0.000467044592369, 0.000671254121698, 0.000262448913418, 0.000155627916683, 0.000137427894515, 5.67779097764e-05, 0.000105886647361, 9.50441972236e-05, 0.000853767618537, 0.00038390327245, 6.77936550346e-05, 5.85220332141e-05, 8.14523227746e-05, 8.2848355305e-06, 3.24413304043e-05, 1.25688502521e-05, 1.03953907455e-05, 1.60597573995e-05, 1.45008443724e-05, 7.62761919759e-06, 4.28208932135e-06, 2.21457576117e-05, 1.340244944e-05, 6.70967074257e-06, 2.49746281042e-05, 1.75467994268e-05, 2.77078634099e-05, 4.44588185928e-05, 1.58357634064e-05, 1.34033780341e-05, 8.31240868138e-06, 9.46773889154e-06, 1.43625766214e-05, 3.3806798001e-06, 4.53536904388e-06, 9.61910700426e-06, 4.15703243561e-06, 4.32505248682e-06, 2.96936377708e-06, 1.6090959889e-06, 6.50951460557e-06, 5.93913136981e-06, 1.6173117956e-06, 9.01020712263e-07, 1.59587341386e-06, 8.00732209427e-07, 6.52042615457e-07, 5.6312939023e-07, 6.32363992281e-07, 4.17053428237e-07, 2.68739881903e-07, 1.98229230364e-07, 1.97828995852e-07, 3.95599840886e-07, 1.74834696054e-07, 2.15205460563e-07, 4.12850482689e-07, 5.18529475357e-07, 1.73303760675e-07, 2.75734947763e-07, 2.98988453551e-07, 1.66377461142e-07, 2.05423646094e-07, 2.98891734474e-07, 4.43007763806e-07, 1.29372239144e-07, 2.05944616027e-07, 1.38129919947e-07, 1.46854830518e-07, 9.54682377596e-08, 7.7902562623e-08, 7.2180547761e-08, 1.08620596961e-07, 7.7058821546e-08, 1.00580251683e-07, 6.65049810777e-08, 1.03751581548e-07, 5.17860989646e-08, 4.60522500134e-08, 4.49570052297e-08, 1.65204792069e-08, 2.02448124931e-09, 1.2252520179e-11, 1.13094030668e-11, 1.08126450502e-11, 1.03445307875e-11, 9.9056977898e-12, 9.49416847223e-12, 9.10833908296e-12, 8.74792339262e-12, 8.4099107886e-12, 8.09450857037e-12, 7.80096386793e-12, 7.52726873887e-12, 7.2737085452e-12, 7.03846789879e-12, 6.82152338088e-12, 6.62228778758e-12, 6.4402211862e-12, 6.27480489443e-12, 6.12587758297e-12, 5.99326751421e-12, 5.8769009624e-12, 5.77690109291e-12, 5.69368770881e-12, 5.62749803354e-12, 5.57906412041e-12, 5.54916312553e-12]
    },
    "mfcc": {
        "mean": [-762.966247559, 159.212036133, 1.50125527382, 10.9432945251, -12.1935138702, -10.0859699249, -29.5544185638, -7.96306610107, -13.8775501251, -8.88361263275, -14.949754715, -12.6192569733, -13.1109762192],
        "cov": [[9727.92773438, 2673.3215332, -437.82043457, -62.2843017578, -502.836608887, -427.058288574, -845.193664551, -224.591369629, -460.091247559, -268.350158691, -464.488189697, -362.15020752, -417.384368896], [2673.3215332, 1736.46557617, -71.2828216553, 77.3910522461, -104.149971008, -128.736709595, -256.456115723, -88.7236709595, -110.156585693, -150.884811401, -207.030792236, -194.052322388, -163.67010498], [-437.82043457, -71.2828216553, 346.839599609, 117.192810059, 55.7788200378, 101.105323792, 58.7237052917, 26.4992446899, 26.9017925262, -4.07453393936, -5.43210220337, -8.48189544678, -8.51107120514], [-62.2843017578, 77.3910522461, 117.192810059, 151.892700195, 59.4841651917, 53.5798339844, 25.0224075317, 18.3112545013, 6.94318962097, -12.7509660721, -16.0767421722, -13.8293018341, -19.1877937317], [-502.836608887, -104.149971008, 55.7788200378, 59.4841651917, 145.372558594, 61.6538162231, 71.3363342285, 20.0278491974, 32.4904937744, 12.5046892166, 19.5695209503, 16.0752429962, 14.8944349289], [-427.058288574, -128.736709595, 101.105323792, 53.5798339844, 61.6538162231, 140.899246216, 67.8701324463, 31.6786060333, 26.2913532257, 14.2033576965, 10.7732448578, 2.9437918663, 4.4247379303], [-845.193664551, -256.456115723, 58.7237052917, 25.0224075317, 71.3363342285, 67.8701324463, 168.464263916, 59.4422874451, 57.3720664978, 18.219745636, 33.1738090515, 26.6872291565, 27.667011261], [-224.591369629, -88.7236709595, 26.4992446899, 18.3112545013, 20.0278491974, 31.6786060333, 59.4422874451, 96.998550415, 40.8002815247, 7.45110273361, -0.388394266367, 2.92519283295, 4.57739925385], [-460.091247559, -110.156585693, 26.9017925262, 6.94318962097, 32.4904937744, 26.2913532257, 57.3720664978, 40.8002815247, 109.870872498, 31.2575645447, 10.9154024124, 13.9150905609, 16.1151504517], [-268.350158691, -150.884811401, -4.07453393936, -12.7509660721, 12.5046892166, 14.2033576965, 18.219745636, 7.45110273361, 31.2575645447, 89.747253418, 51.2507705688, 27.9794406891, 27.5040340424], [-464.488189697, -207.030792236, -5.43210220337, -16.0767421722, 19.5695209503, 10.7732448578, 33.1738090515, -0.388394266367, 10.9154024124, 51.2507705688, 112.433227539, 55.4932518005, 41.781791687], [-362.15020752, -194.052322388, -8.48189544678, -13.8293018341, 16.0752429962, 2.9437918663, 26.6872291565, 2.92519283295, 13.9150905609, 27.9794406891, 55.4932518005, 105.504699707, 52.2040596008], [-417.384368896, -163.67010498, -8.51107120514, -19.1877937317, 14.8944349289, 4.4247379303, 27.667011261, 4.57739925385, 16.1151504517, 27.5040340424, 41.781791687, 52.2040596008, 93.9865112305]],
        "icov": [[0.000326634530211, -0.000256498256931, 0.000155246860231, -2.24050327233e-05, 0.000283203698928, 7.17802104191e-05, 0.00081908411812, -0.000371757778339, 0.000648013956379, -0.000281712505966, 0.000506705138832, -0.000140506221214, 0.000566210015677], [-0.000256498256931, 0.00130136974622, 0.000117762669106, -0.000834426493384, -0.000186580102309, 0.000391200737795, 0.000407617539167, 0.000538877386134, -0.000605738896411, 0.000897140824236, 0.000243652248173, 0.00102977466304, -6.59436273054e-06], [0.000155246860231, 0.000117762669106, 0.00461462186649, -0.00307351583615, 0.000831808603834, -0.00206001079641, 8.85257904883e-05, 0.000306844129227, -0.000287832925096, 0.000365464249626, 0.000297833117656, 0.000268178933766, 0.000270122051006], [-2.24050327233e-05, -0.000834426493384, -0.00307351583615, 0.0116151161492, -0.00387076148763, -0.00133883580565, 0.00019690899353, -0.00143953168299, 0.000783134019002, 0.000254128710367, 0.000290693395073, -0.000666771491524, 0.00126143824309], [0.000283203698928, -0.000186580102309, 0.000831808603834, -0.00387076148763, 0.011277130805, -0.00228701392189, -0.00243239733391, 0.0012633810984, -0.000775759108365, -0.000174630520632, -0.000213367602555, -0.000501358124893, -0.000249664852163], [7.17802104191e-05, 0.000391200737795, -0.00206001079641, -0.00133883580565, -0.00228701392189, 0.0117788743228, -0.00194523029495, -0.00108892959543, 0.000730996776838, -0.00146956625395, 0.000506770564243, 0.000927411485463, 0.000537998101208], [0.00081908411812, 0.000407617539167, 8.85257904883e-05, 0.00019690899353, -0.00243239733391, -0.00194523029495, 0.0144207887352, -0.00516430614516, -0.00119563599583, 0.00176326103974, -0.00051097891992, 0.000110250213766, 0.000733933702577], [-0.000371757778339, 0.000538877386134, 0.000306844129227, -0.00143953168299, 0.0012633810984, -0.00108892959543, -0.00516430614516, 0.0151497237384, -0.00422662496567, 0.000317674886901, 0.000903544947505, 0.000455226836493, -0.000367959553842], [0.000648013956379, -0.000605738896411, -0.000287832925096, 0.000783134019002, -0.000775759108365, 0.000730996776838, -0.00119563599583, -0.00422662496567, 0.0146696893498, -0.00528453430161, 0.00321699725464, -0.000853967561852, 0.000678432174027], [-0.000281712505966, 0.000897140824236, 0.000365464249626, 0.000254128710367, -0.000174630520632, -0.00146956625395, 0.00176326103974, 0.000317674886901, -0.00528453430161, 0.0179786849767, -0.00735072325915, 0.00098260876257, -0.00167460739613], [0.000506705138832, 0.000243652248173, 0.000297833117656, 0.000290693395073, -0.000213367602555, 0.000506770564243, -0.00051097891992, 0.000903544947505, 0.00321699725464, -0.00735072325915, 0.0172966644168, -0.00497950986028, -0.000446700345492], [-0.000140506221214, 0.00102977466304, 0.000268178933766, -0.000666771491524, -0.000501358124893, 0.000927411485463, 0.000110250213766, 0.000455226836493, -0.000853967561852, 0.00098260876257, -0.00497950986028, 0.0162251517177, -0.0059009869583], [0.000566210015677, -6.59436273054e-06, 0.000270122051006, 0.00126143824309, -0.000249664852163, 0.000537998101208, 0.000733933702577, -0.000367959553842, 0.000678432174027, -0.00167460739613, -0.000446700345492, -0.0059009869583, 0.0170908849686]]
    },
    "spectral_contrast_coeffs": {
        "mean": [-0.556269705296, -0.705610275269, -0.721016168594, -0.779613614082, -0.730191707611, -0.659968018532],
        "stdev": [0.12171318382, 0.0870025679469, 0.0811230912805, 0.05941830948, 0.0700032562017, 0.0696540102363]
    },
    "spectral_contrast_valleys": {
        "mean": [-8.17415714264, -7.27853298187, -8.71308803558, -9.10513401031, -10.1994657516, -13.9803819656],
        "stdev": [1.35161817074, 1.58542156219, 1.4442448616, 1.44495725632, 1.25317668915, 0.94500464201]
    }
},
"rhythm": {
    "beats_count": 379,
    "beats_loudness": {
        "mean": 0.0235280059278,
        "stdev": 0.0244037862867
    },
    "bpm": 110.49319458,
    "bpm_histogram_first_peak_bpm": 110,
    "bpm_histogram_first_peak_weight": 0.625,
    "bpm_histogram_second_peak_bpm": 115,
    "bpm_histogram_second_peak_spread": 0.28125,
    "bpm_histogram_second_peak_weight": 0.121693119407,
    "danceability": 1.00010299683,
    "onset_rate": 2.34329080582,
    "beats_loudness_band_ratio": {
        "mean": [0.281127423048, 0.419002711773, 0.249490663409, 0.0618099682033, 0.0214938744903, 0.00436747493222],
        "stdev": [0.290352642536, 0.26871624589, 0.224696099758, 0.0923613235354, 0.0345176942647, 0.00441830279306]
    },
    "beats_position": [0.522448956966, 1.06811785698, 1.60217678547, 2.13623571396, 2.68190479279, 3.22757363319, 3.7732424736, 4.31891155243, 4.85297060013, 5.38702917099, 5.94430828094, 6.5015873909, 7.05886602402, 7.60453510284, 8.15020370483, 8.6958732605, 9.24154186249, 9.79882049561, 10.3560991287, 10.9249887466, 11.4938774109, 12.0627660751, 12.6316547394, 13.2005443573, 13.7810430527, 14.361541748, 14.9304304123, 15.4993190765, 16.0682086945, 16.6254863739, 17.1711559296, 17.7284355164, 18.2741031647, 18.8197727203, 19.3422222137, 19.8762817383, 20.4103393555, 20.9560089111, 21.5016784668, 22.0589561462, 22.616235733, 23.1619052887, 23.707572937, 24.2648525238, 24.8221302032, 25.3677997589, 25.9018592834, 26.4475269318, 26.9815864563, 27.5156459808, 28.0380954742, 28.5953731537, 29.1526527405, 29.6983222961, 30.2439899445, 30.778049469, 31.3237190247, 31.8809967041, 32.4382743835, 32.9723358154, 33.5063934326, 34.0404510498, 34.5745124817, 35.1085700989, 35.6426315308, 36.1650772095, 36.6875267029, 37.2215881348, 37.755645752, 38.2780952454, 38.8005447388, 39.334602356, 39.8686599731, 40.402721405, 40.9367790222, 41.4708366394, 42.0048980713, 42.5389556885, 43.0614051819, 43.5954627991, 44.1411323547, 44.6868019104, 45.2324714661, 45.7665290833, 46.3005905151, 46.8346481323, 47.380317688, 47.9259872437, 48.4716529846, 49.0173225403, 49.5746040344, 50.1318817139, 50.6891593933, 51.2464370728, 51.7921066284, 52.3493881226, 52.9182739258, 53.4755554199, 54.0212249756, 54.578502655, 55.1241722107, 55.6698417664, 56.2155075073, 56.7495689392, 57.2836265564, 57.8176841736, 58.4214057922, 59.0251235962, 59.6404533386, 60.2557830811, 60.859500885, 61.4167785645, 61.9740562439, 62.531337738, 63.0886154175, 63.6458930969, 64.1915664673, 64.7372360229, 65.2945098877, 65.8517913818, 66.409072876, 66.9663467407, 67.5236282349, 68.0925140381, 68.6497955322, 69.2070770264, 69.7759628296, 70.3912887573, 70.995010376, 71.6103363037, 72.2372741699, 72.817779541, 73.3750534058, 73.9439468384, 74.489616394, 75.0468902588, 75.6041717529, 76.1614532471, 76.7187271118, 77.276008606, 77.8448944092, 78.4021759033, 78.9710617065, 79.5283432007, 80.0740127563, 80.619682312, 81.1537399292, 81.6994094849, 82.256690979, 82.8023605347, 83.3480224609, 83.9053039551, 84.4509735107, 85.0082550049, 85.5539245605, 86.1111984253, 86.691696167, 87.2722015381, 87.8410873413, 88.3983688354, 88.9556427002, 89.5129241943, 90.0818099976, 90.6390914917, 91.1731491089, 91.7072067261, 92.2296600342, 92.7637176514, 93.2977752686, 93.8318328857, 94.3542861938, 94.8767318726, 95.3991851807, 95.9216308594, 96.4440765381, 96.9665298462, 97.4773712158, 97.9882049561, 98.5338745117, 99.0795440674, 99.625213623, 100.170883179, 100.716552734, 101.250610352, 101.784667969, 102.330337524, 102.87600708, 103.421676636, 103.955734253, 104.48979187, 105.023849487, 105.557914734, 106.091972351, 106.637641907, 107.183311462, 107.728981018, 108.274642944, 108.808708191, 109.342765808, 109.876823425, 110.410881042, 110.956550598, 111.502220154, 112.036277771, 112.581947327, 113.127616882, 113.673286438, 114.218955994, 114.764625549, 115.310295105, 115.844352722, 116.390022278, 116.935691833, 117.492965698, 118.061859131, 118.642356873, 119.211242676, 119.780136108, 120.325805664, 120.836639404, 121.347480774, 121.869926453, 122.392379761, 122.926437378, 123.437278748, 123.948112488, 124.458953857, 124.958183289, 125.45741272, 125.968254089, 126.502311707, 127.024757385, 127.535598755, 128.046432495, 128.557281494, 129.056503296, 129.544128418, 130.054962158, 130.577407837, 131.123077393, 131.668746948, 132.214416504, 132.771697998, 133.328979492, 133.863037109, 134.408706665, 134.954376221, 135.511657715, 136.068939209, 136.626205444, 137.183486938, 137.740768433, 138.298049927, 138.866943359, 139.412597656, 139.958267212, 140.503936768, 141.049606323, 141.606887817, 142.164169312, 142.709838867, 143.267120361, 143.801177979, 144.358459473, 144.915740967, 145.484619141, 146.030288696, 146.58757019, 147.121627808, 147.655685425, 148.189743042, 148.712203979, 149.234649658, 149.745483398, 150.279541016, 150.813598633, 151.34765625, 151.881713867, 152.415786743, 152.94984436, 153.483901978, 154.017959595, 154.540405273, 155.062850952, 155.585296631, 156.107757568, 156.641815186, 157.164260864, 157.70993042, 158.243988037, 158.778045654, 159.312103271, 159.846160889, 160.380218506, 160.9375, 161.483169556, 162.028839111, 162.574508667, 163.120178223, 163.642623901, 164.176681519, 164.710739136, 165.256408691, 165.813690186, 166.359359741, 166.905029297, 167.439086914, 167.961532593, 168.48399353, 169.006439209, 169.528884888, 170.062942505, 170.597000122, 171.131057739, 171.676727295, 172.199172974, 172.73324585, 173.267303467, 173.789749146, 174.323806763, 174.846252441, 175.380310059, 175.925979614, 176.47164917, 177.017318726, 177.562988281, 178.097045898, 178.631103516, 179.165161133, 179.676010132, 180.186843872, 180.709289551, 181.231735229, 181.742584229, 182.253417969, 182.775863647, 183.286712646, 183.809158325, 184.331604004, 184.865661621, 185.3881073, 185.910568237, 186.433013916, 186.955459595, 187.477905273, 188.000366211, 188.52281189, 189.056869507, 189.590927124, 190.124984741, 190.64743042, 191.181488037, 191.715545654, 192.24961853, 192.783676147, 193.329345703, 193.875015259, 194.420669556, 194.966339111, 195.512008667, 196.046066284, 196.603347778, 197.160629272, 197.787567139, 198.414505005, 199.041442871, 199.691604614, 200.353378296, 201.003540039, 201.653686523, 202.222579956, 202.791473389, 203.360351562, 203.917633057, 204.474914551, 205.020584106, 205.566253662, 206.111923218, 206.657592773],
    "bpm_histogram": [0, 0, 0, 0, 0, 0, 0, 0, 0, 0, 0, 0, 0, 0, 0, 0, 0, 0, 0, 0, 0, 0, 0, 0, 0, 0, 0, 0, 0, 0, 0, 0, 0, 0, 0, 0, 0, 0, 0, 0, 0, 0, 0, 0, 0, 0, 0, 0, 0, 0, 0, 0, 0, 0, 0, 0, 0, 0, 0, 0, 0, 0, 0, 0, 0, 0, 0, 0, 0, 0, 0, 0, 0, 0, 0, 0, 0, 0, 0, 0, 0, 0, 0, 0, 0, 0, 0, 0, 0, 0, 0, 0.00264550256543, 0.00793650839478, 0, 0, 0, 0.0105820102617, 0, 0.0105820102617, 0.0105820102617, 0, 0, 0, 0.0158730167896, 0, 0.0634920671582, 0, 0, 0.187830686569, 0, 0.261904776096, 0, 0.248677253723, 0, 0, 0.121693119407, 0, 0.047619048506, 0, 0, 0.00793650839478, 0, 0, 0.00264550256543, 0, 0, 0, 0, 0, 0, 0, 0, 0, 0, 0, 0, 0, 0, 0, 0, 0, 0, 0, 0, 0, 0, 0, 0, 0, 0, 0, 0, 0, 0, 0, 0, 0, 0, 0, 0, 0, 0, 0, 0, 0, 0, 0, 0, 0, 0, 0, 0, 0, 0, 0, 0, 0, 0, 0, 0, 0, 0, 0, 0, 0, 0, 0, 0, 0, 0, 0, 0, 0, 0, 0, 0, 0, 0, 0, 0, 0, 0, 0, 0, 0, 0, 0, 0, 0, 0, 0, 0, 0, 0, 0, 0, 0, 0, 0, 0, 0, 0, 0, 0, 0, 0, 0, 0, 0, 0, 0, 0, 0, 0, 0, 0, 0, 0, 0, 0, 0, 0, 0, 0, 0, 0, 0, 0, 0, 0]
},
"tonal": {
    "chords_changes_rate": 0.0624580271542,
    "chords_number_rate": 0.00223863893189,
    "chords_strength": {
        "mean": 0.524280369282,
        "stdev": 0.105902589858
    },
    "hpcp_crest": {
        "mean": 17.6503124237,
        "stdev": 8.0099401474
    },
    "hpcp_entropy": {
        "mean": 1.50792467594,
        "stdev": 0.68734228611
    },
    "key_edma": {
        "strength": 0.902050495148,
        "key": "A",
        "scale": "major"
    },
    "key_krumhansl": {
        "strength": 0.897025227547,
        "key": "A",
        "scale": "major"
    },
    "key_temperley": {
        "strength": 0.887197315693,
        "key": "A",
        "scale": "major"
    },
    "tuning_diatonic_strength": 0.677875816822,
    "tuning_equal_tempered_deviation": 0.042926300317,
    "tuning_frequency": 441.527557373,
    "tuning_nontempered_energy_ratio": 0.696555614471,
    "hpcp": {
        "mean": [0.225639119744, 0.129921868443, 0.023908501491, 0.0206914208829, 0.0284251179546, 0.136192679405, 0.208609327674, 0.0988090932369, 0.0154524939135, 0.0116766709834, 0.0187170300633, 0.101450383663, 0.183553934097, 0.116724155843, 0.0895229503512, 0.113141663373, 0.057528000325, 0.0468491017818, 0.0696257054806, 0.112783901393, 0.29915240407, 0.364634752274, 0.182847633958, 0.0648545175791, 0.0319968275726, 0.0209456309676, 0.0719508826733, 0.109868399799, 0.0644138380885, 0.0198138933629, 0.0129846967757, 0.0196979045868, 0.0756238922477, 0.139224916697, 0.0958285704255, 0.128499895334],
        "stdev": [0.33864864707, 0.228843167424, 0.0830161049962, 0.0802011415362, 0.101243928075, 0.234521269798, 0.334970772266, 0.18616771698, 0.072953492403, 0.0690627619624, 0.0842098221183, 0.201829046011, 0.317365556955, 0.216563656926, 0.212718188763, 0.27596154809, 0.151951164007, 0.15291544795, 0.196093991399, 0.208586230874, 0.375962346792, 0.384497463703, 0.277809411287, 0.195033371449, 0.128145858645, 0.0930144265294, 0.176905706525, 0.240752831101, 0.172558918595, 0.0859257653356, 0.0712005198002, 0.085420191288, 0.159296542406, 0.254686266184, 0.188078165054, 0.207895055413]
    },
    "chords_histogram": [29.2590103149, 25.1399154663, 16.5883140564, 6.2681889534, 8.41728210449, 0.0671591684222, 0, 0.402954995632, 0.693978071213, 0.0447727777064, 2.79829859734, 0, 0.358182221651, 0, 0, 0, 0, 0.268636673689, 0.111931942403, 2.57443475723, 0, 2.12670707703, 3.02216243744, 1.85807025433],
    "thpcp": [1, 0.501454234123, 0.177861586213, 0.0877503529191, 0.0574427731335, 0.197323158383, 0.301310837269, 0.176653042436, 0.0543390139937, 0.0356101468205, 0.0540209189057, 0.207396283746, 0.381820201874, 0.262807011604, 0.352407157421, 0.618808627129, 0.356306880713, 0.0655683577061, 0.0567456074059, 0.077955044806, 0.373504400253, 0.572104871273, 0.270981013775, 0.0423780083656, 0.0320229232311, 0.0513309016824, 0.278224676847, 0.503391206264, 0.320112526417, 0.245514035225, 0.3102876544, 0.157768830657, 0.128482267261, 0.190946429968, 0.309306502342, 0.820416629314],
    "chords_key": "A",
    "chords_scale": "major"
}
}