{
"metadata": {
    "version": {
        "essentia": "2.1-dev",
        "essentia_git_sha": "v2.1_beta3-415-gd5473f3",
        "extractor": "music 2.0"
    },
    "audio_properties": {
        "analysis": {
            "equal_loudness": 0,
            "length": 488.097961426,
            "sample_rate": 44100,
            "start_time": 0,
            "downmix": "mix"
        },
        "bit_rate": 64000,
        "length": 488.097961426,
        "lossless": 0,
        "number_channels": 2,
        "replay_gain": -3.86885070801,
        "sample_rate": 22050,
        "codec": "mp3",
        "md5_encoded": "227ad16362762d1a3233648d0f77f311"
    },
    "tags": {
        "file_name": "brahms-concerto_for_violin_and_cello-andante.mp3"
    }
},
"lowlevel": {
    "average_loudness": 0.0698237046599,
    "barkbands_crest": {
        "mean": 11.0423374176,
        "stdev": 3.86773610115
    },
    "barkbands_flatness_db": {
        "mean": 0.237821415067,
        "stdev": 0.0442202351987
    },
    "barkbands_kurtosis": {
        "mean": 3.70813679695,
        "stdev": 7.53411006927
    },
    "barkbands_skewness": {
        "mean": 1.09868359566,
        "stdev": 1.08202040195
    },
    "barkbands_spread": {
        "mean": 11.6319656372,
        "stdev": 6.93612718582
    },
    "dissonance": {
        "mean": 0.411416828632,
        "stdev": 0.0518613569438
    },
    "dynamic_complexity": 5.27807569504,
    "erbbands_crest": {
        "mean": 12.1615982056,
        "stdev": 5.23756408691
    },
    "erbbands_flatness_db": {
        "mean": 0.277171552181,
        "stdev": 0.0435517132282
    },
    "erbbands_kurtosis": {
        "mean": 0.937952935696,
        "stdev": 3.41324329376
    },
    "erbbands_skewness": {
        "mean": 0.661064088345,
        "stdev": 0.751593589783
    },
    "erbbands_spread": {
        "mean": 22.4395370483,
        "stdev": 11.2081689835
    },
    "hfc": {
        "mean": 9.95851707458,
        "stdev": 15.973608017
    },
    "loudness_ebu128": {
        "integrated": -21.3435897827,
        "loudness_range": 13.7971038818,
        "momentary": {
            "mean": -25.5425815582,
            "stdev": 13.7950525284
        },
        "short_term": {
            "mean": -24.106678009,
            "stdev": 5.01280403137
        }
    },
    "melbands_crest": {
        "mean": 15.0218582153,
        "stdev": 5.39907360077
    },
    "melbands_flatness_db": {
        "mean": 0.27075663209,
        "stdev": 0.0590958930552
    },
    "melbands_kurtosis": {
        "mean": 7.60466861725,
        "stdev": 17.9325695038
    },
    "melbands_skewness": {
        "mean": 1.77711367607,
        "stdev": 1.30148398876
    },
    "melbands_spread": {
        "mean": 15.1152515411,
        "stdev": 12.3316144943
    },
    "pitch_salience": {
        "mean": 0.528806626797,
        "stdev": 0.106186233461
    },
    "silence_rate_20dB": {
        "mean": 1,
        "stdev": 0
    },
    "silence_rate_30dB": {
        "mean": 0.997383713722,
        "stdev": 0.0510859899223
    },
    "silence_rate_60dB": {
        "mean": 0.274997621775,
        "stdev": 0.446546792984
    },
    "spectral_centroid": {
        "mean": 973.372558594,
        "stdev": 788.090454102
    },
    "spectral_complexity": {
        "mean": 10.4942445755,
        "stdev": 5.59631681442
    },
    "spectral_decrease": {
        "mean": -3.57372309523e-09,
        "stdev": 4.44779679754e-09
    },
    "spectral_energy": {
        "mean": 0.014391195029,
        "stdev": 0.0179698653519
    },
    "spectral_energyband_high": {
        "mean": 0.000127336315927,
        "stdev": 0.000680313038174
    },
    "spectral_energyband_low": {
        "mean": 0.000832065823488,
        "stdev": 0.00204845145345
    },
    "spectral_energyband_middle_high": {
        "mean": 0.00356392282993,
        "stdev": 0.00698862178251
    },
    "spectral_energyband_middle_low": {
        "mean": 0.0100659662858,
        "stdev": 0.0135664446279
    },
    "spectral_entropy": {
        "mean": 6.50377559662,
        "stdev": 0.471203476191
    },
    "spectral_flux": {
        "mean": 0.0381082743406,
        "stdev": 0.0288074947894
    },
    "spectral_kurtosis": {
        "mean": 11.7026939392,
        "stdev": 9.76626873016
    },
    "spectral_rms": {
        "mean": 0.0031839159783,
        "stdev": 0.00197557988577
    },
    "spectral_rolloff": {
        "mean": 1117.43115234,
        "stdev": 1253.99780273
    },
    "spectral_skewness": {
        "mean": 2.17089986801,
        "stdev": 0.969969272614
    },
    "spectral_spread": {
        "mean": 2438809.25,
        "stdev": 2315447
    },
    "spectral_strongpeak": {
        "mean": 1.15983891487,
        "stdev": 1.34456086159
    },
    "zerocrossingrate": {
        "mean": 0.0408630222082,
        "stdev": 0.0333638563752
    },
    "barkbands": {
        "mean": [0.000165520410519, 0.000351920374669, 0.000225150084589, 0.000544265960343, 0.00244835368358, 0.00255866139196, 0.00242776842788, 0.00136651354842, 0.000530263467226, 0.000870064890478, 0.000598493672442, 0.000450676132459, 0.000307746580802, 0.000232352977036, 0.000216250002268, 0.000412122899434, 0.000155324145453, 0.000247568910709, 0.000109691121907, 0.000106882194814, 3.84446975659e-05, 1.88423618965e-05, 6.04150591244e-06, 2.09737800105e-06, 2.32674480571e-07, 3.69200503503e-10, 3.9117131756e-10],
        "stdev": [0.000110914894321, 0.00138136604801, 0.000805050833151, 0.00205568387173, 0.00533956801519, 0.00539656030014, 0.00557099003345, 0.00340880989097, 0.00106739846524, 0.00263981148601, 0.00181307748426, 0.00162639317568, 0.00140123162419, 0.000898028956726, 0.000564132700674, 0.00221834285185, 0.000492337858304, 0.000876778445672, 0.000403222657042, 0.000753729545977, 0.000241799745709, 7.12544060661e-05, 2.18898458115e-05, 7.56604549679e-06, 9.4110248483e-07, 9.3427332537e-10, 9.90582726956e-10]
    },
    "erbbands": {
        "mean": [0.00818117335439, 0.0882760211825, 0.266029000282, 1.03701591492, 3.92109823227, 9.72140979767, 18.5065822601, 18.2735080719, 30.9801216125, 36.5365943909, 23.990945816, 13.4704179764, 16.9178981781, 35.3017539978, 24.6136226654, 18.2168235779, 16.9710559845, 12.5862369537, 11.937912941, 11.9180316925, 22.81640625, 11.2010450363, 13.3345003128, 6.97641897202, 4.8663983345, 5.69162368774, 2.70165038109, 0.85114133358, 0.674613654613, 0.27832993865, 0.153042107821, 0.0687093362212, 0.0278848148882, 0.00557588087395, 0.000175977053004, 1.98067973542e-05, 7.63690331951e-06, 2.25714779845e-06, 7.61545652495e-06, 1.67832768057e-05],
        "stdev": [0.0358985997736, 0.33426707983, 0.90984159708, 3.17460227013, 11.3068752289, 21.1748447418, 44.9566993713, 39.3633079529, 75.6510162354, 81.5263442993, 58.1968040466, 27.5782413483, 42.362323761, 127.882820129, 76.7681427002, 55.0602836609, 75.5606384277, 47.6143226624, 34.0215682983, 29.9510555267, 136.570602417, 34.285369873, 47.8677902222, 24.6770038605, 14.1813707352, 49.1245918274, 14.9142656326, 3.63398385048, 2.58478522301, 1.0461332798, 0.503540217876, 0.266965121031, 0.0920255705714, 0.0177803486586, 0.000510833051521, 3.77232499886e-05, 1.19398810057e-05, 4.31792022937e-06, 9.84482085187e-06, 2.11662518268e-05]
    },
    "gfcc": {
        "mean": [-140.089477539, 167.626190186, -172.443374634, 20.1177082062, -70.9298629761, -15.751247406, -25.8953514099, -13.7935819626, 2.23660564423, -21.5207061768, 12.8525037766, -12.2893648148, 11.7510433197],
        "cov": [[11591.0830078, 164.942337036, -2301.88818359, 393.60043335, -187.298034668, -781.489807129, -184.057510376, -271.779968262, -87.5780563354, -122.293327332, -85.9238586426, -8.15464115143, -99.7359542847], [164.942337036, 1119.16418457, 569.255981445, -185.274612427, 186.056304932, -67.3266220093, -56.1339683533, -144.444656372, -110.975242615, -144.934265137, -125.563713074, -164.302108765, -61.6773529053], [-2301.88818359, 569.255981445, 1137.98852539, 15.0052251816, 125.615516663, 197.24621582, -22.5236110687, -41.6003494263, -67.3010101318, -89.1470108032, -103.841049194, -119.917976379, -12.2996101379], [393.60043335, -185.274612427, 15.0052251816, 482.955322266, 32.6197433472, 33.4315605164, -10.0565404892, 19.2170219421, -1.74213671684, -21.3644752502, -35.1532669067, -7.00876140594, 8.63349151611], [-187.298034668, 186.056304932, 125.615516663, 32.6197433472, 220.66255188, -0.932040810585, -5.41915988922, -17.727689743, -25.858001709, -21.0847568512, -45.7673568726, -44.1408309937, -38.7781066895], [-781.489807129, -67.3266220093, 197.24621582, 33.4315605164, -0.932040810585, 279.630859375, 58.3992538452, 59.0730628967, 41.7810440063, 26.5400676727, 29.9806594849, 0.0754270404577, 10.0233974457], [-184.057510376, -56.1339683533, -22.5236110687, -10.0565404892, -5.41915988922, 58.3992538452, 156.4165802, 54.68699646, -5.53248643875, 17.2407150269, 14.4688940048, 21.5459384918, -8.85077571869], [-271.779968262, -144.444656372, -41.6003494263, 19.2170219421, -17.727689743, 59.0730628967, 54.68699646, 148.632400513, 75.7504959106, 36.5686683655, 42.6898994446, 20.4811935425, 12.4014348984], [-87.5780563354, -110.975242615, -67.3010101318, -1.74213671684, -25.858001709, 41.7810440063, -5.53248643875, 75.7504959106, 143.681686401, 77.3619766235, 33.4354515076, 23.6113204956, 6.96898555756], [-122.293327332, -144.934265137, -89.1470108032, -21.3644752502, -21.0847568512, 26.5400676727, 17.2407150269, 36.5686683655, 77.3619766235, 139.260101318, 78.9720306396, 16.0612163544, 1.88870370388], [-85.9238586426, -125.563713074, -103.841049194, -35.1532669067, -45.7673568726, 29.9806594849, 14.4688940048, 42.6898994446, 33.4354515076, 78.9720306396, 134.508178711, 63.0466423035, 4.53923082352], [-8.15464115143, -164.302108765, -119.917976379, -7.00876140594, -44.1408309937, 0.0754270404577, 21.5459384918, 20.4811935425, 23.6113204956, 16.0612163544, 63.0466423035, 121.61631012, 49.6981124878], [-99.7359542847, -61.6773529053, -12.2996101379, 8.63349151611, -38.7781066895, 10.0233974457, -8.85077571869, 12.4014348984, 6.96898555756, 1.88870370388, 4.53923082352, 49.6981124878, 101.862068176]],
        "icov": [[0.000332762429025, -0.000692999979947, 0.0010003085481, -0.000577168539166, 0.000527193013113, -3.67288666894e-05, 0.000337221194059, 7.11255597707e-06, 0.000300617626635, -0.000291673874017, 0.00056690222118, -0.000316954101436, 0.000422876968514], [-0.000692999979947, 0.00410728249699, -0.0031429566443, 0.00212841317989, -0.00277151912451, 0.00154214981012, -0.00244512967765, 0.00301261688583, -0.00354886939749, 0.0048651616089, -0.00468073412776, 0.00498368684202, -0.00260790996253], [0.0010003085481, -0.0031429566443, 0.00475453166291, -0.00196766294539, 0.00174551038072, -0.00185962161049, 0.00203497707844, -0.00099944556132, 0.00238525588065, -0.00205955747515, 0.00332985096611, -0.00169994391035, 0.00151924358215], [-0.000577168539166, 0.00212841317989, -0.00196766294539, 0.00355909997597, -0.00174697081093, 3.87684849557e-05, -0.000480548944324, 0.000153134591528, -0.000822945788968, 0.00157409568783, -0.000925791391637, 0.00144074717537, -0.00117945345119], [0.000527193013113, -0.00277151912451, 0.00174551038072, -0.00174697081093, 0.00751296430826, -0.000970040506218, 0.00231922534294, -0.00282058794983, 0.00389964063652, -0.00475898198783, 0.00566444313154, -0.00410699052736, 0.00427017454058], [-3.67288666894e-05, 0.00154214981012, -0.00185962161049, 3.87684849557e-05, -0.000970040506218, 0.00641945144162, -0.00368100614287, 0.00194112956524, -0.0043296799995, 0.00374544784427, -0.00497560855001, 0.00415091356263, -0.00246388185769], [0.000337221194059, -0.00244512967765, 0.00203497707844, -0.000480548944324, 0.00231922534294, -0.00368100614287, 0.0128502715379, -0.00885242130607, 0.0098471660167, -0.00910316221416, 0.0095306513831, -0.00945079512894, 0.00625693565235], [7.11255597707e-06, 0.00301261688583, -0.00099944556132, 0.000153134591528, -0.00282058794983, 0.00194112956524, -0.00885242130607, 0.0184968113899, -0.0142027521506, 0.0117737837136, -0.0124917095527, 0.0108951376751, -0.00659411586821], [0.000300617626635, -0.00354886939749, 0.00238525588065, -0.000822945788968, 0.00389964063652, -0.0043296799995, 0.0098471660167, -0.0142027521506, 0.0235516820103, -0.0184155125171, 0.0153388287872, -0.0136440536007, 0.00770213920623], [-0.000291673874017, 0.0048651616089, -0.00205955747515, 0.00157409568783, -0.00475898198783, 0.00374544784427, -0.00910316221416, 0.0117737837136, -0.0184155125171, 0.0282682664692, -0.0218713786453, 0.0173162985593, -0.00886464491487], [0.00056690222118, -0.00468073412776, 0.00332985096611, -0.000925791391637, 0.00566444313154, -0.00497560855001, 0.0095306513831, -0.0124917095527, 0.0153388287872, -0.0218713786453, 0.0302283745259, -0.021026244387, 0.0114640826359], [-0.000316954101436, 0.00498368684202, -0.00169994391035, 0.00144074717537, -0.00410699052736, 0.00415091356263, -0.00945079512894, 0.0108951376751, -0.0136440536007, 0.0173162985593, -0.021026244387, 0.0287617500871, -0.0142230577767], [0.000422876968514, -0.00260790996253, 0.00151924358215, -0.00117945345119, 0.00427017454058, -0.00246388185769, 0.00625693565235, -0.00659411586821, 0.00770213920623, -0.00886464491487, 0.0114640826359, -0.0142230577767, 0.0182160492986]]
    },
    "melbands": {
        "mean": [9.41146136029e-05, 0.000130727625219, 0.000236493942793, 0.000518406857736, 0.00058717909269, 0.000428981496952, 0.000488940742798, 0.000376145500923, 0.000179563401616, 7.66850498621e-05, 7.99915360403e-05, 0.00014076095249, 8.31692595966e-05, 5.56221166335e-05, 3.70693887817e-05, 3.28710993927e-05, 2.12394570553e-05, 1.79615017259e-05, 1.63414260896e-05, 1.7219927031e-05, 3.01838117593e-05, 8.82748918229e-06, 1.71951269294e-05, 7.4715694609e-06, 5.66753124076e-06, 3.18277557199e-06, 3.72839394913e-06, 3.84411850973e-06, 1.65904532423e-06, 9.12670884645e-07, 4.12883309764e-07, 4.74077438639e-07, 1.93167281282e-07, 1.35381142741e-07, 8.58301589801e-08, 7.15359007586e-08, 2.99330871201e-08, 1.99423713099e-08, 1.22806120828e-08, 1.90645210729e-09],
        "stdev": [0.000364751496818, 0.000428094528615, 0.00071855133865, 0.00136706174817, 0.00125696393661, 0.000897441001143, 0.00118613184895, 0.000866149784997, 0.000459526956547, 0.000159469127539, 0.000217076405534, 0.00052245130064, 0.000236238905927, 0.000200102556846, 0.000128175175632, 0.000133374502184, 8.80980587681e-05, 5.87766990066e-05, 4.07610386901e-05, 5.45608672837e-05, 0.00021148606902, 2.90499974653e-05, 6.72687965562e-05, 2.6593597795e-05, 2.29546294577e-05, 1.2527767467e-05, 1.82692074304e-05, 3.62583887181e-05, 8.45074009703e-06, 7.43200735087e-06, 1.80787708359e-06, 2.03405693355e-06, 7.35202888791e-07, 6.28008365311e-07, 3.29727271264e-07, 2.64294214958e-07, 1.28583323544e-07, 7.51430633272e-08, 4.01823641027e-08, 7.46737338631e-09]
    },
    "melbands128": {
        "mean": [4.96805369039e-05, 5.30048091605e-05, 0.000124536760268, 0.00015095283743, 0.000137080220156, 0.000105332459498, 0.000176258588908, 0.00031076130108, 0.000288236798951, 0.000673816830385, 0.000606176094152, 0.000427520542871, 0.000719363742974, 0.000657677592244, 0.0004069932329, 0.000314602482831, 0.000348802976077, 0.000625175889581, 0.000506659387611, 0.000436503702076, 0.000339206802892, 0.000160085401149, 0.000237650456256, 7.47912272345e-05, 9.30456444621e-05, 5.19631939824e-05, 8.15565872472e-05, 9.05308261281e-05, 6.26203982392e-05, 0.000144939360325, 0.000198641966563, 6.91664899932e-05, 8.12528742244e-05, 8.93833785085e-05, 5.26946641912e-05, 4.37846465502e-05, 6.5575404733e-05, 1.97806075448e-05, 2.84997477138e-05, 5.84261943004e-05, 1.89054262592e-05, 2.56744806393e-05, 2.90499483526e-05, 1.49194720507e-05, 1.11772560558e-05, 1.58767179528e-05, 3.07729678752e-05, 1.3397731891e-05, 1.21375733215e-05, 1.63803615578e-05, 1.82389831025e-05, 1.60937015607e-05, 3.95039096475e-05, 3.17140220432e-05, 1.33462272061e-05, 6.38359369987e-06, 5.5089963098e-06, 1.57230970217e-05, 2.67216873908e-05, 8.34341062728e-06, 5.62707646168e-06, 7.28057102606e-06, 5.79637708142e-06, 5.71382497583e-06, 4.02712521463e-06, 2.46813647209e-06, 3.4664674331e-06, 3.61922593584e-06, 4.05694618166e-06, 2.70625332632e-06, 6.36487129668e-06, 2.5604106213e-06, 1.07631865376e-06, 1.9375456759e-06, 1.88059539141e-06, 1.00012255189e-06, 4.6471228643e-07, 2.85921885279e-07, 2.02569680141e-07, 8.17919897145e-07, 6.36449044578e-07, 2.60217632331e-07, 2.8980582556e-07, 1.55995920181e-07, 1.37509360343e-07, 1.82603500321e-07, 1.11670715341e-07, 1.05016191299e-07, 5.86574167016e-08, 1.12424004328e-07, 6.5637152602e-08, 7.82855664738e-08, 4.10016731678e-08, 3.13013117648e-08, 1.81885297934e-08, 1.76573760058e-08, 2.35050219288e-08, 2.06081764986e-08, 1.08163762391e-08, 1.02937089963e-08, 3.69593977645e-09, 4.48948829501e-11, 3.37114581042e-12, 3.18727531347e-12, 3.03853730371e-12, 2.90018595077e-12, 2.77156596284e-12, 2.65175771966e-12, 2.53999447343e-12, 2.43598826007e-12, 2.33891638696e-12, 2.248567001e-12, 2.16471307025e-12, 2.08676630663e-12, 2.01468420939e-12, 1.94795416776e-12, 1.88655189561e-12, 1.83024580734e-12, 1.77885722645e-12, 1.73220552485e-12, 1.69029178675e-12, 1.65299577411e-12, 1.62030512705e-12, 1.59224185486e-12, 1.56889139267e-12, 1.55032237048e-12, 1.53672582472e-12, 1.5283426651e-12],
        "stdev": [4.70462982776e-05, 0.000221995258471, 0.00062833778793, 0.000574585632421, 0.000535172002856, 0.000358983816113, 0.000539582862984, 0.00124542682897, 0.000948380911723, 0.00258983136155, 0.00153226731345, 0.00100888556335, 0.00210176850669, 0.00181755167432, 0.00119652040303, 0.00097289623227, 0.00116597628221, 0.00196476140991, 0.00150986737572, 0.00130524300039, 0.00118606560864, 0.000511867692694, 0.000779285910539, 0.000226632662816, 0.000299955223454, 0.000125163627672, 0.000278060557321, 0.000339163729222, 0.000268231669907, 0.00062127946876, 0.000928457942791, 0.000346351065673, 0.000289259216515, 0.00044851921848, 0.000361919665011, 0.000227703319979, 0.000284949695924, 9.4549577625e-05, 0.000183625670616, 0.000349030306097, 0.00010411634139, 0.000136253307573, 0.000154684152221, 0.000102048332337, 5.3616000514e-05, 9.34548152145e-05, 0.0001146909417, 4.32856140833e-05, 5.62962268305e-05, 6.80140728946e-05, 8.94985132618e-05, 6.89343214617e-05, 0.000291773758363, 0.000309031078359, 4.94243140565e-05, 2.96181478916e-05, 3.18691236316e-05, 6.93949477863e-05, 0.000139633077197, 4.25420221291e-05, 3.41055638273e-05, 3.41583763657e-05, 3.41323211615e-05, 2.93374032481e-05, 3.10810974042e-05, 1.53612163558e-05, 1.54943536472e-05, 1.37321685543e-05, 2.38330903812e-05, 5.79024454055e-05, 7.48025195207e-05, 2.29492343351e-05, 6.23096639174e-06, 1.2686631635e-05, 1.77890233317e-05, 1.43561892401e-05, 2.38607344727e-06, 2.08145593206e-06, 1.76630521764e-06, 4.29347846875e-06, 4.06915523854e-06, 1.25844280774e-06, 1.8896007532e-06, 6.56681265809e-07, 8.90912929208e-07, 1.12679799713e-06, 8.08529932783e-07, 7.67111544064e-07, 2.78588800029e-07, 5.33756690402e-07, 2.39908189315e-07, 4.52352139746e-07, 3.71600236804e-07, 1.61216846095e-07, 9.4688530794e-08, 1.0347294932e-07, 1.34861011247e-07, 8.15673004695e-08, 5.50914762698e-08, 4.44948859979e-08, 1.77133543389e-08, 8.60092441712e-10, 8.61612951125e-12, 8.05435319134e-12, 7.68099819859e-12, 7.33301613876e-12, 7.00918403179e-12, 6.70736209629e-12, 6.42569547918e-12, 6.16343477991e-12, 5.91848922302e-12, 5.69052791e-12, 5.47890118691e-12, 5.28206254777e-12, 5.1000501565e-12, 4.93147796904e-12, 4.7764318542e-12, 4.63414896734e-12, 4.5042520061e-12, 4.38639706155e-12, 4.2804657388e-12, 4.18620606929e-12, 4.10355039879e-12, 4.03261972426e-12, 3.97353851211e-12, 3.9266411303e-12, 3.89221033875e-12, 3.87101808941e-12]
    },
    "mfcc": {
        "mean": [-756.898986816, 173.800704956, -29.8456287384, 16.2013187408, -15.0809736252, -11.750336647, -13.3707065582, -2.66452479362, -6.53513860703, -2.73315668106, -8.5616645813, 2.89372849464, 3.70435333252],
        "cov": [[8610.66503906, -310.789398193, -1961.96826172, 791.687316895, -477.39364624, -52.4088935852, -488.408721924, -19.9179725647, -333.344512939, -17.3018894196, -247.197891235, 109.286560059, -109.131401062], [-310.789398193, 1295.16271973, 306.87399292, -66.9919815063, 162.024154663, -46.0310134888, 92.8550186157, -121.340789795, -6.44821548462, -84.3235626221, -42.7167320251, -108.053207397, -97.7598114014], [-1961.96826172, 306.87399292, 894.275268555, -81.2799377441, 192.712112427, 97.1236419678, 131.736114502, 18.7865753174, 92.8459396362, -22.3903884888, 17.937915802, -68.4599914551, -15.8086395264], [791.687316895, -66.9919815063, -81.2799377441, 373.290557861, 52.6176452637, 24.2884998322, -30.7637214661, 4.81637525558, -10.8651924133, -31.3669605255, -74.3580093384, -17.8940696716, -24.0442199707], [-477.39364624, 162.024154663, 192.712112427, 52.6176452637, 243.713256836, 51.2053833008, 26.6427707672, -11.3117170334, 27.4638137817, -3.89055967331, 0.308510065079, -20.8924236298, -21.449306488], [-52.4088935852, -46.0310134888, 97.1236419678, 24.2884998322, 51.2053833008, 150.399734497, 34.9068031311, 11.3868618011, 20.1610107422, -3.09261083603, 7.85892534256, -7.94829702377, -5.48875999451], [-488.408721924, 92.8550186157, 131.736114502, -30.7637214661, 26.6427707672, 34.9068031311, 169.869415283, 29.2618751526, 13.6132144928, -5.7088971138, 20.0697078705, -10.8091220856, -4.99788188934], [-19.9179725647, -121.340789795, 18.7865753174, 4.81637525558, -11.3117170334, 11.3868618011, 29.2618751526, 138.851165771, 34.5930252075, -4.92338943481, -5.33548069, -1.70350599289, 26.2852020264], [-333.344512939, -6.44821548462, 92.8459396362, -10.8651924133, 27.4638137817, 20.1610107422, 13.6132144928, 34.5930252075, 137.799423218, 27.0649051666, 3.93444061279, -15.9783220291, 5.07308340073], [-17.3018894196, -84.3235626221, -22.3903884888, -31.3669605255, -3.89055967331, -3.09261083603, -5.7088971138, -4.92338943481, 27.0649051666, 130.579605103, 56.5112609863, 15.0225934982, -3.92286515236], [-247.197891235, -42.7167320251, 17.937915802, -74.3580093384, 0.308510065079, 7.85892534256, 20.0697078705, -5.33548069, 3.93444061279, 56.5112609863, 166.070541382, 49.5293769836, -1.17751634121], [109.286560059, -108.053207397, -68.4599914551, -17.8940696716, -20.8924236298, -7.94829702377, -10.8091220856, -1.70350599289, -15.9783220291, 15.0225934982, 49.5293769836, 143.938903809, 44.6791267395], [-109.131401062, -97.7598114014, -15.8086395264, -24.0442199707, -21.449306488, -5.48875999451, -4.99788188934, 26.2852020264, 5.07308340073, -3.92286515236, -1.17751634121, 44.6791267395, 139.918182373]],
        "icov": [[0.000521949958056, -0.000411769433413, 0.000916076998692, -0.000885521294549, 0.000747364596464, -0.000930156907998, 0.000925456755795, -0.000680112163536, 0.000644905259833, -0.000463898322778, 0.000344259169651, -0.000383396283723, 0.000398574775318], [-0.000411769433413, 0.00154613319319, -0.000914226635359, 0.000992119545117, -0.00125800503884, 0.0015444313176, -0.00138259737287, 0.00161147117615, -0.000601212668698, 0.00111675309017, -0.000126528495457, 0.000796673004515, 0.000139565687277], [0.000916076998692, -0.000914226635359, 0.00336157064885, -0.00109734921716, 0.000279378466075, -0.00222478876822, 0.000867244205438, -0.00124980916735, 0.000352524977643, -0.000432443630416, 0.00042921648128, -0.000177365931449, 0.000523643626366], [-0.000885521294549, 0.000992119545117, -0.00109734921716, 0.00491940835491, -0.00245063356124, 0.00111409148667, -0.00130683160387, 0.00101788155735, -0.000966651015915, 0.00122566835489, 0.00083003367763, 0.000592884258367, 4.11012333643e-05], [0.000747364596464, -0.00125800503884, 0.000279378466075, -0.00245063356124, 0.00698311114684, -0.0027269248385, 0.00164903071709, -0.000802972994279, 0.000512554717716, -0.00113591435365, 0.000172165397089, -0.000806120922789, 0.000696108909324], [-0.000930156907998, 0.0015444313176, -0.00222478876822, 0.00111409148667, -0.0027269248385, 0.00994377955794, -0.00311626936309, 0.00162948027719, -0.00174277334008, 0.00153656327166, -0.00107241771184, 0.00101746618748, -0.000379367091227], [0.000925456755795, -0.00138259737287, 0.000867244205438, -0.00130683160387, 0.00164903071709, -0.00311626936309, 0.00920827873051, -0.00329969776794, 0.0015851816861, -0.00077921844786, -0.000297189690173, -0.000672470545396, 0.000841493776534], [-0.000680112163536, 0.00161147117615, -0.00124980916735, 0.00101788155735, -0.000802972994279, 0.00162948027719, -0.00329969776794, 0.0103158345446, -0.00313856778666, 0.00181643548422, -0.000262217217823, 0.00118653674144, -0.00170218851417], [0.000644905259833, -0.000601212668698, 0.000352524977643, -0.000966651015915, 0.000512554717716, -0.00174277334008, 0.0015851816861, -0.00313856778666, 0.00984579883516, -0.00297464430332, 0.000827179930639, 0.000254850427154, 9.83010540949e-05], [-0.000463898322778, 0.00111675309017, -0.000432443630416, 0.00122566835489, -0.00113591435365, 0.00153656327166, -0.00077921844786, 0.00181643548422, -0.00297464430332, 0.0106235472485, -0.00347744906321, 0.000700182863511, 0.000250132434303], [0.000344259169651, -0.000126528495457, 0.00042921648128, 0.00083003367763, 0.000172165397089, -0.00107241771184, -0.000297189690173, -0.000262217217823, 0.000827179930639, -0.00347744906321, 0.00902695860714, -0.00318185705692, 0.00135872757528], [-0.000383396283723, 0.000796673004515, -0.000177365931449, 0.000592884258367, -0.000806120922789, 0.00101746618748, -0.000672470545396, 0.00118653674144, 0.000254850427154, 0.000700182863511, -0.00318185705692, 0.00974716991186, -0.00312003563158], [0.000398574775318, 0.000139565687277, 0.000523643626366, 4.11012333643e-05, 0.000696108909324, -0.000379367091227, 0.000841493776534, -0.00170218851417, 9.83010540949e-05, 0.000250132434303, 0.00135872757528, -0.00312003563158, 0.00907449703664]]
    },
    "spectral_contrast_coeffs": {
        "mean": [-0.641960978508, -0.688109576702, -0.678458750248, -0.715885818005, -0.724709272385, -0.67334485054],
        "stdev": [0.10974406451, 0.0834188237786, 0.084364682436, 0.0818395540118, 0.0931368991733, 0.079444013536]
    },
    "spectral_contrast_valleys": {
        "mean": [-8.24094963074, -7.39302635193, -8.57615756989, -9.21824932098, -9.6184463501, -13.9790372849],
        "stdev": [1.49243402481, 1.53804373741, 1.44774615765, 1.44131278992, 1.45567822456, 1.03723287582]
    }
},
"rhythm": {
    "beats_count": 933,
    "beats_loudness": {
        "mean": 0.0160444006324,
        "stdev": 0.0204425584525
    },
    "bpm": 99.473274231,
    "bpm_histogram_first_peak_bpm": 99,
    "bpm_histogram_first_peak_weight": 0.512295126915,
    "bpm_histogram_second_peak_bpm": 105,
    "bpm_histogram_second_peak_spread": 0.38356167078,
    "bpm_histogram_second_peak_weight": 0.0482832603157,
    "danceability": 0.874024569988,
    "onset_rate": 0.909615576267,
    "beats_loudness_band_ratio": {
        "mean": [0.140671595931, 0.328453063965, 0.328422188759, 0.175551757216, 0.0667257755995, 0.0173677969724],
        "stdev": [0.167882859707, 0.235113620758, 0.205149665475, 0.188447579741, 0.0814080238342, 0.0358534902334]
    },
