{
"metadata": {
    "version": {
        "essentia": "2.1-dev",
        "essentia_git_sha": "v2.1_beta3-415-gd5473f3",
        "extractor": "music 2.0"
    },
    "audio_properties": {
        "analysis": {
            "equal_loudness": 0,
            "length": 147.801879883,
            "sample_rate": 44100,
            "start_time": 0,
            "downmix": "mix"
        },
        "bit_rate": 128000,
        "length": 147.801879883,
        "lossless": 0,
        "number_channels": 2,
        "replay_gain": -8.24843406677,
        "sample_rate": 44100,
        "codec": "mp3",
        "md5_encoded": "435ed684af7f1d58b86622bd3b92f7b8"
    },
    "tags": {
        "file_name": "caprice_de_chaconne.mp3",
        "album": ["Canarios"],
        "artist": ["James Edwards"],
        "artistwebpage": ["http:\/\/www.magnatune.com\/artists\/james_edwards"],
        "composer": ["www.magnatune.com\/artists\/james_edwards"],
        "copyright": ["2004 James Edwards - Licensed to the public under http:\/\/creativecommons.org\/licenses\/by-nc-sa\/1.0\/ verify at http:\/\/www.magnatune.com\/artists\/james_edwards"],
        "date": ["2002"],
        "encodedby": ["http:\/\/www.magnatune.com\/"],
        "filewebpage": ["http:\/\/www.magnatune.com\/artists\/james_edwards"],
        "genre": ["Classical"],
        "length": ["148000"],
        "originalartist": ["http:\/\/www.magnatune.com\/artists\/james_edwards"],
        "title": ["Caprice de chaconne"],
        "tracknumber": ["8"]
    }
},
"lowlevel": {
    "average_loudness": 0.533219456673,
    "barkbands_crest": {
        "mean": 15.1796159744,
        "stdev": 4.98818063736
    },
    "barkbands_flatness_db": {
        "mean": 0.285667359829,
        "stdev": 0.0805727466941
    },
    "barkbands_kurtosis": {
        "mean": 20.1119747162,
        "stdev": 25.9868030548
    },
    "barkbands_skewness": {
        "mean": 2.91737818718,
        "stdev": 1.94398033619
    },
    "barkbands_spread": {
        "mean": 8.23838806152,
        "stdev": 20.5271911621
    },
    "dissonance": {
        "mean": 0.373952537775,
        "stdev": 0.0695281624794
    },
    "dynamic_complexity": 4.38503408432,
    "erbbands_crest": {
        "mean": 14.0688495636,
        "stdev": 5.2839922905
    },
    "erbbands_flatness_db": {
        "mean": 0.276740700006,
        "stdev": 0.0735066607594
    },
    "erbbands_kurtosis": {
        "mean": 6.08536434174,
        "stdev": 8.16819381714
    },
    "erbbands_skewness": {
        "mean": 1.59330284595,
        "stdev": 1.27965688705
    },
    "erbbands_spread": {
        "mean": 15.3492259979,
        "stdev": 12.115937233
    },
    "hfc": {
        "mean": 6.41607093811,
        "stdev": 9.384349823
    },
    "loudness_ebu128": {
        "integrated": -17.6233997345,
        "loudness_range": 4.75124359131,
        "momentary": {
            "mean": -24.4423007965,
            "stdev": 29.3742694855
        },
        "short_term": {
            "mean": -21.1065998077,
            "stdev": 13.8321218491
        }
    },
    "melbands_crest": {
        "mean": 17.1976528168,
        "stdev": 5.25134515762
    },
    "melbands_flatness_db": {
        "mean": 0.3449845016,
        "stdev": 0.0933855623007
    },
    "melbands_kurtosis": {
        "mean": 20.8186206818,
        "stdev": 28.879617691
    },
    "melbands_skewness": {
        "mean": 2.73827195168,
        "stdev": 1.72027301788
    },
    "melbands_spread": {
        "mean": 9.54553794861,
        "stdev": 20.4805316925
    },
    "pitch_salience": {
        "mean": 0.477422058582,
        "stdev": 0.128940224648
    },
    "silence_rate_20dB": {
        "mean": 0.999842941761,
        "stdev": 0.0125310542062
    },
    "silence_rate_30dB": {
        "mean": 0.986806988716,
        "stdev": 0.114104747772
    },
    "silence_rate_60dB": {
        "mean": 0.220512017608,
        "stdev": 0.414592862129
    },
    "spectral_centroid": {
        "mean": 678.152404785,
        "stdev": 1223.45129395
    },
    "spectral_complexity": {
        "mean": 6.47227907181,
        "stdev": 3.4286646843
    },
    "spectral_decrease": {
        "mean": -4.33306679426e-09,
        "stdev": 6.88933132764e-09
    },
    "spectral_energy": {
        "mean": 0.0169359501451,
        "stdev": 0.0268314238638
    },
    "spectral_energyband_high": {
        "mean": 3.4404314647e-05,
        "stdev": 0.000118146570458
    },
    "spectral_energyband_low": {
        "mean": 0.000349456939148,
        "stdev": 0.000728971499484
    },
    "spectral_energyband_middle_high": {
        "mean": 0.000511647958774,
        "stdev": 0.000867801660206
    },
    "spectral_energyband_middle_low": {
        "mean": 0.0162684693933,
        "stdev": 0.0263186655939
    },
    "spectral_entropy": {
        "mean": 6.0803771019,
        "stdev": 0.89205634594
    },
    "spectral_flux": {
        "mean": 0.0488065592945,
        "stdev": 0.0515425615013
    },
    "spectral_kurtosis": {
        "mean": 24.8733577728,
        "stdev": 21.759552002
    },
    "spectral_rms": {
        "mean": 0.00333754788153,
        "stdev": 0.00232029077597
    },
    "spectral_rolloff": {
        "mean": 1152.54968262,
        "stdev": 2739.16162109
    },
    "spectral_skewness": {
        "mean": 3.62128520012,
        "stdev": 1.57440853119
    },
    "spectral_spread": {
        "mean": 3319976.5,
        "stdev": 4196026
    },
    "spectral_strongpeak": {
        "mean": 0.890118360519,
        "stdev": 0.74214309454
    },
    "zerocrossingrate": {
        "mean": 0.0398419722915,
        "stdev": 0.0755409523845
    },
    "barkbands": {
        "mean": [2.81082208176e-07, 3.8147959458e-06, 0.000148514212924, 0.0003767926828, 0.0068927872926, 0.0059787700884, 0.00146783795208, 0.000210112862987, 0.00119917769916, 0.000186433127965, 0.000182522999239, 9.00931263459e-05, 4.55497902294e-05, 2.45272858592e-05, 1.36622593345e-05, 3.32359340973e-05, 1.67390189745e-05, 1.66583849932e-05, 9.31074373511e-06, 8.87771784619e-06, 1.10823420982e-05, 5.67398046769e-06, 4.64450022264e-06, 3.95015240429e-06, 3.58290844815e-06, 1.31887077259e-06, 7.25606241758e-10],
        "stdev": [7.23436869521e-07, 1.14251388368e-05, 0.000343111547409, 0.00074293743819, 0.0153816603124, 0.0146502181888, 0.00420308578759, 0.000439709459897, 0.00205374509096, 0.000505583302584, 0.000574854784645, 0.000197852568817, 0.00013733196829, 6.7524764745e-05, 3.13052732963e-05, 0.000116253781016, 4.79415393784e-05, 5.45962866454e-05, 2.76641767414e-05, 2.75509355561e-05, 3.71261339751e-05, 2.05170581467e-05, 1.9695777155e-05, 1.74483229785e-05, 2.18038749153e-05, 6.91333434588e-06, 1.63402680275e-09]
    },
    "erbbands": {
        "mean": [0.000166104800883, 0.00248748692684, 0.100863918662, 0.912268877029, 4.267390728, 31.8105564117, 52.0734786987, 40.2202186584, 24.7333240509, 16.0386486053, 5.45650959015, 17.9885787964, 25.8229427338, 4.55210971832, 6.37893342972, 3.15424442291, 2.36067247391, 1.11118507385, 1.09759509563, 0.951515734196, 1.94749450684, 1.07252311707, 0.993286132812, 0.634090006351, 0.418981701136, 0.440270066261, 0.381493628025, 0.426539391279, 0.211657360196, 0.141555160284, 0.140982463956, 0.0933221504092, 0.0634580627084, 0.0494454391301, 0.0202898308635, 0.0101185142994, 0.00119641574565, 2.68532294285e-05, 9.27554174268e-06, 1.90391419892e-05],
        "stdev": [0.000337225414114, 0.00503527512774, 0.215689897537, 1.69859862328, 6.58459854126, 63.8061065674, 147.172058105, 79.9030685425, 68.3076248169, 37.7195549011, 9.15647125244, 27.9562606812, 57.2292098999, 8.28587722778, 20.0524616241, 5.9388256073, 6.45393323898, 2.69196510315, 2.77276706696, 3.03714299202, 6.9301905632, 2.85809469223, 3.40885829926, 1.86115896702, 1.11230361462, 1.38869845867, 1.33166539669, 1.5281419754, 0.763199865818, 0.513084113598, 0.627633392811, 0.41478356719, 0.30735206604, 0.311362147331, 0.109722465277, 0.051877476275, 0.0064056403935, 0.000134822053951, 1.60433428391e-05, 3.00889787468e-05]
    },
    "gfcc": {
        "mean": [-197.073028564, 139.974884033, -114.30846405, -5.33776330948, -88.0972671509, -23.8369159698, -50.7567825317, -15.2335920334, -33.1121292114, -18.3097229004, -16.1298370361, -6.61087560654, 2.41905164719],
        "cov": [[36229.3242188, 5416.43798828, -3561.70239258, -1000.49316406, -2758.30371094, -1400.6998291, -1618.41687012, -906.405029297, -900.690856934, -978.937194824, -486.73046875, -405.729919434, 260.569793701], [5416.43798828, 2431.74047852, -692.695983887, -629.540283203, -283.751678467, -585.611572266, -48.5031433105, -381.74230957, -38.6265106201, -395.655792236, -14.1322517395, -283.264221191, 73.6560897827], [-3561.70239258, -692.695983887, 924.555358887, 186.587738037, 203.192443848, 254.280303955, 51.6181411743, 138.832550049, 14.9565048218, 152.172790527, -1.6619130373, 103.803840637, -72.488067627], [-1000.49316406, -629.540283203, 186.587738037, 448.535552979, 83.9686584473, 170.897750854, -1.30119693279, 96.0213623047, -4.58356189728, 77.3513183594, -29.2134876251, 44.20129776, -43.3175506592], [-2758.30371094, -283.751678467, 203.192443848, 83.9686584473, 370.665771484, 82.9194335938, 140.562957764, 42.2863540649, 82.2348632812, 50.2900276184, 38.8297119141, -13.372004509, -30.5190505981], [-1400.6998291, -585.611572266, 254.280303955, 170.897750854, 82.9194335938, 306.690124512, 23.7241649628, 124.358901978, -15.9639101028, 121.137931824, -9.03887367249, 65.7188949585, -48.2079963684], [-1618.41687012, -48.5031433105, 51.6181411743, -1.30119693279, 140.562957764, 23.7241649628, 202.215835571, 28.2859668732, 56.3043136597, -8.32973003387, 22.2225379944, -16.3765029907, 0.648185908794], [-906.405029297, -381.74230957, 138.832550049, 96.0213623047, 42.2863540649, 124.358901978, 28.2859668732, 173.145675659, 6.77040433884, 72.6617202759, -22.5716190338, 44.8625526428, -29.6697616577], [-900.690856934, -38.6265106201, 14.9565048218, -4.58356189728, 82.2348632812, -15.9639101028, 56.3043136597, 6.77040433884, 127.814933777, 19.9220695496, 14.5463657379, -32.2547416687, -9.03583812714], [-978.937194824, -395.655792236, 152.172790527, 77.3513183594, 50.2900276184, 121.137931824, -8.32973003387, 72.6617202759, 19.9220695496, 166.294784546, 21.366312027, 44.9848709106, -42.5830574036], [-486.73046875, -14.1322517395, -1.6619130373, -29.2134876251, 38.8297119141, -9.03887367249, 22.2225379944, -22.5716190338, 14.5463657379, 21.366312027, 109.549278259, 33.6357040405, 6.12946605682], [-405.729919434, -283.264221191, 103.803840637, 44.20129776, -13.372004509, 65.7188949585, -16.3765029907, 44.8625526428, -32.2547416687, 44.9848709106, 33.6357040405, 133.494949341, 19.2986392975], [260.569793701, 73.6560897827, -72.488067627, -43.3175506592, -30.5190505981, -48.2079963684, 0.648185908794, -29.6697616577, -9.03583812714, -42.5830574036, 6.12946605682, 19.2986392975, 92.0512619019]],
        "icov": [[0.000259631749941, -0.00041644484736, 0.000561626686249, -0.000271355384029, 0.000834263046272, -0.000114966045658, 0.00106051540934, -4.27024970122e-05, 0.000519139168318, 2.51633482549e-05, 0.000480371527374, -0.000186590710655, 0.000177742884262], [-0.00041644484736, 0.00235155667178, -0.000866833084729, 0.00165863207076, -0.000860806030687, 0.00122673355509, -0.00182464846876, 0.00108765356708, -0.000156196038006, 0.00166120089125, -0.00111800583545, 0.00218344014138, 0.000485412514536], [0.000561626686249, -0.000866833084729, 0.00290864869021, -0.00057545612799, 0.0010450448608, -0.000853666395415, 0.00229041418061, -7.58483365644e-05, 0.00108502770308, -0.000312632182613, 0.00169616204221, -0.00160072301514, 0.00116686371621], [-0.000271355384029, 0.00165863207076, -0.00057545612799, 0.00422842102125, -0.00116933765821, -0.000282578926999, -0.000667297339533, 0.000366848980775, -0.000112084533612, 0.00125096470583, 0.000161029878655, 0.000935962947551, 0.000925618049223], [0.000834263046272, -0.000860806030687, 0.0010450448608, -0.00116933765821, 0.00769912078977, -0.000556952320039, 0.000880595471244, 0.000343798921676, 0.000359656696673, 0.000294210243737, -0.000108914988232, 0.00120787601918, 0.000890869123396], [-0.000114966045658, 0.00122673355509, -0.000853666395415, -0.000282578926999, -0.000556952320039, 0.00773456506431, -0.00140534702223, -0.00138300773688, 0.00208024983294, -0.00183005712461, 0.000313787808409, 0.000300497893477, 0.00124247616623], [0.00106051540934, -0.00182464846876, 0.00229041418061, -0.000667297339533, 0.000880595471244, -0.00140534702223, 0.0122196236625, -0.00202408689074, 0.000158506416483, 0.00224808347411, 0.000588009133935, -8.77466663951e-05, -0.000200071925065], [-4.27024970122e-05, 0.00108765356708, -7.58483365644e-05, 0.000366848980775, 0.000343798921676, -0.00138300773688, -0.00202408689074, 0.0107131265104, -0.000572823279072, -0.000984043464996, 0.00317397573963, -0.00189822888933, 0.00189562642481], [0.000519139168318, -0.000156196038006, 0.00108502770308, -0.000112084533612, 0.000359656696673, 0.00208024983294, 0.000158506416483, -0.000572823279072, 0.0124757485464, -0.00198802514933, -0.000141814700328, 0.00337099679746, 8.77572310856e-05], [2.51633482549e-05, 0.00166120089125, -0.000312632182613, 0.00125096470583, 0.000294210243737, -0.00183005712461, 0.00224808347411, -0.000984043464996, -0.00198802514933, 0.0131021058187, -0.00283529795706, 0.000243725109613, 0.00375175662339], [0.000480371527374, -0.00111800583545, 0.00169616204221, 0.000161029878655, -0.000108914988232, 0.000313787808409, 0.000588009133935, 0.00317397573963, -0.000141814700328, -0.00283529795706, 0.014219744131, -0.00627028616145, 0.00113555323333], [-0.000186590710655, 0.00218344014138, -0.00160072301514, 0.000935962947551, 0.00120787601918, 0.000300497893477, -8.77466663951e-05, -0.00189822888933, 0.00337099679746, 0.000243725109613, -0.00627028616145, 0.0160691440105, -0.00460012955591], [0.000177742884262, 0.000485412514536, 0.00116686371621, 0.000925618049223, 0.000890869123396, 0.00124247616623, -0.000200071925065, 0.00189562642481, 8.77572310856e-05, 0.00375175662339, 0.00113555323333, -0.00460012955591, 0.0155178699642]]
    },
    "melbands": {
        "mean": [1.05102867565e-06, 3.57958888344e-05, 0.000191566636204, 0.0011562743457, 0.00183964823373, 0.000960227509495, 0.00036358484067, 0.00014017468493, 4.46857811767e-05, 0.000144822202856, 0.000126741855638, 1.34459824039e-05, 2.59770367848e-05, 1.12123489089e-05, 5.73785791858e-06, 4.39000405095e-06, 1.76883679615e-06, 2.02300020646e-06, 1.02905369204e-06, 1.53722328378e-06, 2.40663871409e-06, 1.0500513099e-06, 9.02572764971e-07, 7.77346656378e-07, 4.95848667015e-07, 3.29868299787e-07, 2.9567030424e-07, 2.75478669209e-07, 2.18943966956e-07, 2.48523349455e-07, 2.54707373415e-07, 1.22941102632e-07, 9.52117602537e-08, 6.81254164192e-08, 8.08853570788e-08, 7.55700853006e-08, 5.15190379247e-08, 4.36068354759e-08, 4.46911379015e-08, 4.0982996552e-08],
        "stdev": [2.90435355055e-06, 8.1643993326e-05, 0.000320434861351, 0.00209960783832, 0.00470680324361, 0.00201547774486, 0.000950447516516, 0.000341040198691, 9.20421516639e-05, 0.000239055269049, 0.000283346744254, 2.75984548352e-05, 8.90763112693e-05, 2.79898122244e-05, 1.29020381792e-05, 1.52653501573e-05, 4.75572278447e-06, 5.88840748605e-06, 2.79102050627e-06, 5.99308896199e-06, 9.29356792767e-06, 3.0649364362e-06, 2.83895701614e-06, 2.64284085461e-06, 1.59743160566e-06, 9.15414602787e-07, 9.67780920291e-07, 9.10750088678e-07, 7.98866494733e-07, 9.10759808903e-07, 1.02471437913e-06, 4.70649126783e-07, 3.58480065188e-07, 2.62751200353e-07, 3.69918893739e-07, 3.56863438356e-07, 2.31864063949e-07, 1.98307887445e-07, 2.95654160709e-07, 2.62385981387e-07]
    },
    "melbands128": {
        "mean": [2.25487227112e-07, 9.09685240913e-07, 1.38415293804e-06, 1.35857271744e-06, 1.1683629964e-05, 9.81826888165e-05, 0.00017990845663, 0.000183479438419, 0.000281346176052, 0.000607665104326, 0.00206063990481, 0.00198254664429, 0.00183643598575, 0.00186017318629, 0.000762620358728, 0.000778372690547, 0.000474642496556, 0.000284589681542, 0.000230424309848, 0.000219195659156, 5.46979426872e-05, 2.2550133508e-05, 4.00336466555e-05, 7.75327862357e-05, 6.90116212354e-05, 0.000159487666679, 0.000350547081325, 7.33910346753e-05, 1.67269245139e-05, 4.87141414851e-06, 1.29347272377e-05, 2.77137205558e-05, 4.21033328166e-05, 5.73130137127e-06, 1.753491415e-05, 1.19673522931e-05, 3.11666440211e-06, 7.50552544559e-06, 5.62620471101e-06, 5.10086192662e-06, 4.94427467856e-06, 2.05208107218e-06, 1.35880532071e-06, 1.18013440442e-06, 3.74246474166e-06, 2.01456055038e-06, 4.91464277275e-07, 1.26482837004e-06, 8.53412132074e-07, 1.36759024372e-06, 1.73062289832e-06, 1.05729179722e-06, 4.08721871281e-06, 2.1053481305e-06, 5.7988881963e-07, 1.37551819535e-06, 9.03252555418e-07, 7.60132309097e-07, 9.0290859589e-07, 1.27482633161e-06, 5.60870944355e-07, 7.33446654522e-07, 4.15365775552e-07, 5.23601329405e-07, 4.48625002036e-07, 3.06760057356e-07, 2.6945343734e-07, 2.73867811984e-07, 2.52080184282e-07, 3.76952044689e-07, 3.18013775313e-07, 2.39621044784e-07, 1.43235823202e-07, 2.57429661588e-07, 2.00363729164e-07, 3.22007196019e-07, 1.90860760085e-07, 2.71006399544e-07, 3.03060801343e-07, 2.11270702266e-07, 1.17080318773e-07, 9.85152084354e-08, 8.08704996302e-08, 1.1126143562e-07, 8.67888019229e-08, 7.19127370985e-08, 5.52457670722e-08, 7.53817630539e-08, 7.74334125708e-08, 9.36354567216e-08, 8.60039293116e-08, 7.02538542896e-08, 5.54642944905e-08, 4.69632439604e-08, 5.1779046828e-08, 5.28002210842e-08, 3.31826832678e-08, 4.61716389566e-08, 4.10453644406e-08, 5.00422068228e-08, 4.64587728288e-08, 4.05761468869e-08, 3.28147180539e-08, 2.03858689929e-08, 1.86213249265e-08, 2.21709068882e-08, 2.16763265115e-08, 2.42011974905e-08, 1.72433924917e-08, 1.50036054691e-08, 1.1085652396e-08, 5.89562620945e-09, 4.55906645769e-10, 3.82112700856e-12, 3.69566833733e-12, 3.59092139704e-12, 3.47824872203e-12, 3.37442812408e-12, 3.28402756378e-12, 3.20719731155e-12, 3.13603960508e-12, 3.07627035824e-12, 3.01449035005e-12, 2.96227040293e-12, 2.92240580693e-12, 2.8938119262e-12, 2.87276040629e-12, 2.85466377099e-12],
        "stdev": [5.97205598751e-07, 2.31314243138e-06, 4.12838335251e-06, 4.96522716276e-06, 2.75466700259e-05, 0.000228082048125, 0.000383848993806, 0.000367372733308, 0.000559510546736, 0.00131857208908, 0.00415210938081, 0.00606766948476, 0.00604809261858, 0.00614910572767, 0.00155871012248, 0.00198621838354, 0.00151735881809, 0.00111078587361, 0.000906417379156, 0.000575902871788, 0.000145391124533, 7.4697942182e-05, 0.000112621011795, 0.000196964247152, 0.000183333308087, 0.000309505005134, 0.000841101398692, 0.000205829695915, 5.42920861335e-05, 1.85244607565e-05, 3.79957127734e-05, 7.59284812375e-05, 0.000181836003321, 2.13689054362e-05, 5.03876326547e-05, 3.22596206388e-05, 8.35181890579e-06, 2.16942025872e-05, 2.07159264392e-05, 1.87432542589e-05, 2.82605051325e-05, 7.0962087193e-06, 5.0950466175e-06, 5.79972902415e-06, 1.46267557284e-05, 5.9461976889e-06, 1.67599762335e-06, 4.40431540483e-06, 2.32153956858e-06, 9.40541576711e-06, 1.00521974673e-05, 5.50100367036e-06, 1.97732933884e-05, 7.97055145085e-06, 2.44083776124e-06, 5.49635160496e-06, 2.70722762252e-06, 3.57886096936e-06, 2.80426434074e-06, 7.56122517487e-06, 2.62551770902e-06, 3.77782316718e-06, 2.44921625381e-06, 2.08910546462e-06, 2.14110218621e-06, 1.07843288788e-06, 8.85122574346e-07, 1.2498715023e-06, 9.72593056758e-07, 1.38544010042e-06, 1.52795109898e-06, 8.63391562689e-07, 7.88540205576e-07, 1.21231710182e-06, 9.99835606308e-07, 1.45174408317e-06, 8.03715522579e-07, 1.16632020308e-06, 1.66113420619e-06, 9.86326540442e-07, 5.54651023776e-07, 4.68352851613e-07, 3.16041024462e-07, 5.13576821959e-07, 3.53727983793e-07, 3.75014622023e-07, 2.51264935969e-07, 3.50431321294e-07, 3.95988990931e-07, 5.03352566739e-07, 4.69244611168e-07, 3.64156221622e-07, 3.29130386945e-07, 2.35109325786e-07, 2.66997432163e-07, 2.52515718557e-07, 1.78488747338e-07, 2.62338971879e-07, 2.51241914384e-07, 4.89710316742e-07, 2.80622145965e-07, 2.60146066466e-07, 2.78572173329e-07, 1.2180649378e-07, 1.03221644565e-07, 1.69482291312e-07, 1.47819136487e-07, 1.41434441048e-07, 9.14531810281e-08, 9.9844001511e-08, 6.46512461344e-08, 3.43075967635e-08, 3.6591085717e-09, 8.66829958507e-12, 8.3815064264e-12, 8.11583526078e-12, 7.86495521488e-12, 7.63725541142e-12, 7.42359645978e-12, 7.23224865412e-12, 7.06052273938e-12, 6.9093879923e-12, 6.77358386394e-12, 6.65941954359e-12, 6.56057890305e-12, 6.48421160515e-12, 6.42948324789e-12, 6.39513962619e-12]
    },
    "mfcc": {
        "mean": [-819.382446289, 167.377685547, 9.88428592682, 4.37676715851, -22.9043006897, -22.9905929565, -21.0330371857, -15.365067482, -16.2048034668, -21.8983840942, -19.9461479187, -12.3112754822, -12.8786029816],
        "cov": [[12138.4140625, 2381.45532227, -327.819915771, 242.975997925, -612.564941406, -438.429046631, -660.723449707, -351.045440674, -329.643066406, -502.446472168, -505.117462158, -304.015655518, -400.183135986], [2381.45532227, 2590.06323242, -18.0173435211, -112.767486572, -281.254852295, -336.587646484, -228.785949707, -196.157440186, -171.058059692, -216.272949219, -198.047119141, -145.375534058, -132.832611084], [-327.819915771, -18.0173435211, 525.496398926, -4.20038318634, 52.2956047058, 28.3619060516, 17.0546722412, 15.6871461868, -2.50032830238, -22.985660553, -4.16253614426, 19.3048610687, 38.8961906433], [242.975997925, -112.767486572, -4.20038318634, 215.856109619, 25.8031997681, 18.18891716, 1.30410945415, 9.80401039124, 6.44054460526, -10.7393817902, -4.44506978989, -13.5321407318, -19.6269893646], [-612.564941406, -281.254852295, 52.2956047058, 25.8031997681, 190.867446899, 72.5240402222, 52.8030891418, 22.1533584595, 21.4574604034, 46.5373916626, 43.2925453186, 24.7279911041, 20.6423130035], [-438.429046631, -336.587646484, 28.3619060516, 18.18891716, 72.5240402222, 168.219970703, 63.0423965454, 17.5184001923, 20.6348304749, 35.8767242432, 37.1696090698, 34.1334724426, 20.5566730499], [-660.723449707, -228.785949707, 17.0546722412, 1.30410945415, 52.8030891418, 63.0423965454, 154.032089233, 59.6648597717, 27.3164768219, 28.9555950165, 22.1773757935, 35.4508285522, 30.4724960327], [-351.045440674, -196.157440186, 15.6871461868, 9.80401039124, 22.1533584595, 17.5184001923, 59.6648597717, 119.479804993, 42.6005096436, 4.22105455399, 7.38920640945, 15.1450748444, 14.5536766052], [-329.643066406, -171.058059692, -2.50032830238, 6.44054460526, 21.4574604034, 20.6348304749, 27.3164768219, 42.6005096436, 112.398262024, 51.3642311096, 9.92530727386, -2.67826890945, 15.3415975571], [-502.446472168, -216.272949219, -22.985660553, -10.7393817902, 46.5373916626, 35.8767242432, 28.9555950165, 4.22105455399, 51.3642311096, 144.929290771, 52.9323768616, -9.2795419693, 20.0889549255], [-505.117462158, -198.047119141, -4.16253614426, -4.44506978989, 43.2925453186, 37.1696090698, 22.1773757935, 7.38920640945, 9.92530727386, 52.9323768616, 124.914360046, 45.643573761, 6.02313613892], [-304.015655518, -145.375534058, 19.3048610687, -13.5321407318, 24.7279911041, 34.1334724426, 35.4508285522, 15.1450748444, -2.67826890945, -9.2795419693, 45.643573761, 121.818824768, 41.456199646], [-400.183135986, -132.832611084, 38.8961906433, -19.6269893646, 20.6423130035, 20.5566730499, 30.4724960327, 14.5536766052, 15.3415975571, 20.0889549255, 6.02313613892, 41.456199646, 122.358543396]],
        "icov": [[0.000160999494256, -3.71552159777e-05, 5.51838020328e-05, -0.00019719330885, 0.000213752515265, -4.46629528597e-05, 0.000399183249101, 8.60744403326e-05, 0.000137190407258, 0.000125079488498, 0.000393630441977, -5.44180838915e-05, 0.000260167493252], [-3.71552159777e-05, 0.000740567687899, -9.92255154415e-05, 0.000349194771843, 0.000267211289611, 0.000922082690522, -0.00011675193673, 0.000769112783018, 0.000246175361099, 0.000453755492344, 0.000306289759465, 0.000299280596664, 0.000285760324914], [5.51838020328e-05, -9.92255154415e-05, 0.00208001933061, 1.5043690837e-05, -0.000589768053032, -0.000328724156134, 0.00023970453185, -0.000216513639316, 3.87998079532e-05, 0.00062134192558, 0.000150194129674, 5.59117434022e-05, -0.000598469749093], [-0.00019719330885, 0.000349194771843, 1.5043690837e-05, 0.00532305287197, -0.000951382040512, -0.000172742336872, -0.000264535890892, -0.000129984298837, -0.000454020133475, 0.00089426827617, -0.000295137171634, 0.000849898671731, 0.000490758451633], [0.000213752515265, 0.000267211289611, -0.000589768053032, -0.000951382040512, 0.00760543625802, -0.00156247382984, -0.000493723200634, 0.000181423514732, 0.000428312341683, -0.00104106648359, -0.000407039944548, -0.000163402335602, 0.000297487975331], [-4.46629528597e-05, 0.000922082690522, -0.000328724156134, -0.000172742336872, -0.00156247382984, 0.00944267492741, -0.00259083230048, 0.00178517238237, -0.000186275370652, -0.000142972770846, -0.00029778276803, -0.000806339492556, 0.00037649756996], [0.000399183249101, -0.00011675193673, 0.00023970453185, -0.000264535890892, -0.000493723200634, -0.00259083230048, 0.0111114280298, -0.00421994179487, 0.000790813122876, -0.00106015661731, 0.00167760800105, -0.00175080122426, -0.000101033227111], [8.60744403326e-05, 0.000769112783018, -0.000216513639316, -0.000129984298837, 0.000181423514732, 0.00178517238237, -0.00421994179487, 0.0130634754896, -0.00419184938073, 0.00283833220601, -3.92126639781e-05, 0.000253853650065, 0.00030656150193], [0.000137190407258, 0.000246175361099, 3.87998079532e-05, -0.000454020133475, 0.000428312341683, -0.000186275370652, 0.000790813122876, -0.00419184938073, 0.012988188304, -0.00454044202343, 0.00178828509524, 0.000149849889567, -0.000130373431602], [0.000125079488498, 0.000453755492344, 0.00062134192558, 0.00089426827617, -0.00104106648359, -0.000142972770846, -0.00106015661731, 0.00283833220601, -0.00454044202343, 0.0125209763646, -0.00472147436813, 0.00427260668948, -0.00172791315708], [0.000393630441977, 0.000306289759465, 0.000150194129674, -0.000295137171634, -0.000407039944548, -0.00029778276803, 0.00167760800105, -3.92126639781e-05, 0.00178828509524, -0.00472147436813, 0.0137382652611, -0.0055045732297, 0.00297007407062], [-5.44180838915e-05, 0.000299280596664, 5.59117434022e-05, 0.000849898671731, -0.000163402335602, -0.000806339492556, -0.00175080122426, 0.000253853650065, 0.000149849889567, 0.00427260668948, -0.0055045732297, 0.0130135249346, -0.0040240669623], [0.000260167493252, 0.000285760324914, -0.000598469749093, 0.000490758451633, 0.000297487975331, 0.00037649756996, -0.000101033227111, 0.00030656150193, -0.000130373431602, -0.00172791315708, 0.00297007407062, -0.0040240669623, 0.0109952716157]]
    },
    "spectral_contrast_coeffs": {
        "mean": [-0.539305269718, -0.677578687668, -0.687634408474, -0.771903932095, -0.783190369606, -0.78464525938],
        "stdev": [0.133870452642, 0.103671714664, 0.100493498147, 0.0684237927198, 0.0633027106524, 0.0568671002984]
    },
    "spectral_contrast_valleys": {
        "mean": [-8.86836624146, -8.16010189056, -9.36875152588, -10.311841011, -10.5597381592, -13.070025444],
        "stdev": [2.46405220032, 2.64570713043, 2.45616364479, 2.27218651772, 2.17185020447, 1.92373383045]
    }
},
"rhythm": {
    "beats_count": 266,
    "beats_loudness": {
        "mean": 0.0346683189273,
        "stdev": 0.0341159328818
    },
    "bpm": 116.916862488,
    "bpm_histogram_first_peak_bpm": 117,
    "bpm_histogram_first_peak_weight": 0.581632614136,
    "bpm_histogram_second_peak_bpm": 103,
    "bpm_histogram_second_peak_spread": 0.626666665077,
    "bpm_histogram_second_peak_weight": 0.105660378933,
    "danceability": 1.30477714539,
    "onset_rate": 4.17404508591,
    "beats_loudness_band_ratio": {
        "mean": [0.0789974704385, 0.692982077599, 0.209096089005, 0.0292645134032, 0.00935925450176, 0.0218064785004],
        "stdev": [0.130795612931, 0.257403463125, 0.198387145996, 0.0507875420153, 0.0131680490449, 0.0837065801024]
    },
    "beats_position": [0.510838985443, 1.03328800201, 1.5673469305, 2.11301589012, 2.65868473053, 3.22757363319, 3.78485250473, 4.34213161469, 4.8994102478, 5.45668935776, 6.00235795975, 6.54802703857, 7.0936961174, 7.63936471939, 8.18503379822, 8.73070240021, 9.26476192474, 9.79882049561, 10.3328800201, 10.8553285599, 11.3777770996, 11.8886165619, 12.3994560242, 12.8986845016, 13.4211339951, 13.9203624725, 14.4195919037, 14.9304304123, 15.4412698746, 15.9404983521, 16.4397277832, 16.9505672455, 17.4614048004, 17.9722442627, 18.483083725, 18.9939231873, 19.5163707733, 20.0156002045, 20.5264396667, 21.0488891602, 21.5597267151, 22.0589561462, 22.5814056396, 23.1038551331, 23.6379127502, 24.1719722748, 24.7060317993, 25.2516994476, 25.774148941, 26.2849884033, 26.8190479279, 27.3414955139, 27.8871650696, 28.3980045319, 28.9088420868, 29.4196815491, 29.9305210114, 30.4645805359, 30.9870281219, 31.5094776154, 32.0319252014, 32.542766571, 33.0419960022, 33.5644454956, 34.0868911743, 34.6093406677, 35.1201820374, 35.6310195923, 36.1534690857, 36.6875267029, 37.1983680725, 37.6975975037, 38.2084350586, 38.730884552, 39.2417221069, 39.7525634766, 40.2401809692, 40.7394104004, 41.2386398315, 41.7378692627, 42.2603149414, 42.7943763733, 43.3168258667, 43.8392753601, 44.3268928528, 44.8377304077, 45.3717918396, 45.9058494568, 46.4282989502, 46.9507484436, 47.473197937, 47.9956436157, 48.5297050476, 49.0637626648, 49.5978240967, 50.1318817139, 50.6891593933, 51.2464370728, 51.7921066284, 52.3377761841, 52.871837616, 53.4058952332, 53.9515647888, 54.485622406, 54.9964599609, 55.4956893921, 56.0065307617, 56.5405883789, 57.0514259338, 57.5622673035, 58.0847167969, 58.583946228, 59.0831718445, 59.5824012756, 60.1164627075, 60.6273002625, 61.1381378174, 61.6721992493, 62.1946487427, 62.6938781738, 63.2163238525, 63.7387733459, 64.2612228394, 64.7836685181, 65.3177337646, 65.8285675049, 66.3394088745, 66.9199066162, 67.5004043579, 68.0809020996, 68.6730117798, 69.26512146, 69.8804550171, 70.4957809448, 71.1343307495, 71.7496566772, 72.3533782959, 72.9570999146, 73.5492019653, 74.1645355225, 74.7682495117, 75.3487548828, 75.9292526245, 76.5097503662, 77.1134643555, 77.6939697266, 78.2744674683, 78.8433532715, 79.4122467041, 79.9927444458, 80.584854126, 81.1769561768, 81.7574615479, 82.3379592896, 82.9184570312, 83.533782959, 84.1491165161, 84.7760543823, 85.4029922485, 86.0183181763, 86.6336517334, 87.2489776611, 87.8875274658, 88.5260772705, 89.1646270752, 89.7915649414, 90.4185028076, 91.0570526123, 91.6839904785, 92.2877044678, 92.9030380249, 93.5415878296, 94.1336975098, 94.7257995605, 95.3179092407, 95.8984146118, 96.467300415, 97.0361862183, 97.5818557739, 98.1507492065, 98.7312469482, 99.288520813, 99.8574142456, 100.437911987, 101.006797791, 101.587303162, 102.167800903, 102.759910583, 103.38684845, 104.037002563, 104.675552368, 105.279273987, 105.882987976, 106.486709595, 107.078819275, 107.670928955, 108.251426697, 108.808708191, 109.389205933, 109.958091736, 110.561813354, 111.165527344, 111.757637024, 112.361358643, 112.965080261, 113.56879425, 114.160903931, 114.741401672, 115.333511353, 115.914009094, 116.494506836, 117.075012207, 117.632286072, 118.189567566, 118.74684906, 119.327346802, 119.907844543, 120.465126038, 121.045623779, 121.637733459, 122.195007324, 122.763900757, 123.33278656, 123.901672363, 124.43573761, 124.981407166, 125.53868103, 126.107574463, 126.676460266, 127.256958008, 127.849067688, 128.452789307, 129.056503296, 129.637008667, 130.229110718, 130.867660522, 131.494598389, 132.121536255, 132.736862183, 133.352203369, 133.863037109, 134.362258911, 134.87310791, 135.418777466, 135.964447021, 136.4868927, 136.99772644, 137.520172119, 138.042633057, 138.553466797, 139.064300537, 139.575149536, 140.097595215, 140.620040894, 141.130874634, 141.641723633, 142.164169312, 142.68661499, 143.197463989, 143.719909668, 144.288803101, 144.846069336, 145.40335083, 145.960632324, 146.517913818, 147.075195312],
    "bpm_histogram": [0, 0, 0, 0, 0, 0, 0, 0, 0, 0, 0, 0, 0, 0, 0, 0, 0, 0, 0, 0, 0, 0, 0, 0, 0, 0, 0, 0, 0, 0, 0, 0, 0, 0, 0, 0, 0, 0, 0, 0, 0, 0, 0, 0, 0, 0, 0, 0, 0, 0, 0, 0, 0, 0, 0, 0, 0, 0, 0, 0, 0, 0, 0, 0, 0, 0, 0, 0, 0, 0, 0, 0, 0, 0, 0, 0, 0, 0, 0, 0, 0, 0, 0, 0, 0, 0, 0, 0, 0, 0, 0, 0, 0.00377358496189, 0, 0.0301886796951, 0, 0.0301886796951, 0, 0.0452830195427, 0.0566037744284, 0, 0.0641509443521, 0, 0.105660378933, 0, 0.0566037744284, 0, 0, 0.0716981142759, 0, 0.0641509443521, 0, 0.0943396240473, 0, 0, 0.147169813514, 0, 0.154716983438, 0, 0, 0.067924529314, 0, 0, 0.00754716992378, 0, 0, 0, 0, 0, 0, 0, 0, 0, 0, 0, 0, 0, 0, 0, 0, 0, 0, 0, 0, 0, 0, 0, 0, 0, 0, 0, 0, 0, 0, 0, 0, 0, 0, 0, 0, 0, 0, 0, 0, 0, 0, 0, 0, 0, 0, 0, 0, 0, 0, 0, 0, 0, 0, 0, 0, 0, 0, 0, 0, 0, 0, 0, 0, 0, 0, 0, 0, 0, 0, 0, 0, 0, 0, 0, 0, 0, 0, 0, 0, 0, 0, 0, 0, 0, 0, 0, 0, 0, 0, 0, 0, 0, 0, 0, 0, 0, 0, 0, 0, 0, 0, 0, 0, 0, 0, 0, 0, 0, 0, 0, 0, 0, 0, 0, 0, 0, 0, 0, 0, 0, 0, 0, 0, 0, 0]
},
"tonal": {
    "chords_changes_rate": 0.0540200993419,
    "chords_number_rate": 0.00219849240966,
    "chords_strength": {
        "mean": 0.490183502436,
        "stdev": 0.155809178948
    },
    "hpcp_crest": {
        "mean": 18.6689891815,
        "stdev": 8.68955039978
    },
    "hpcp_entropy": {
        "mean": 1.26134967804,
        "stdev": 0.686193823814
    },
    "key_edma": {
        "strength": 0.892387211323,
        "key": "B",
        "scale": "major"
    },
    "key_krumhansl": {
        "strength": 0.896134257317,
        "key": "B",
        "scale": "major"
    },
    "key_temperley": {
        "strength": 0.895324528217,
        "key": "B",
        "scale": "major"
    },
    "tuning_diatonic_strength": 0.621220529079,
    "tuning_equal_tempered_deviation": 0.0417201891541,
    "tuning_frequency": 441.017791748,
    "tuning_nontempered_energy_ratio": 0.641115069389,
    "hpcp": {
        "mean": [0.0148307569325, 0.0223327428102, 0.0694060772657, 0.121809571981, 0.0914432555437, 0.179566502571, 0.325331807137, 0.189024120569, 0.0295689534396, 0.0228736381978, 0.0385047905147, 0.10778298974, 0.156730666757, 0.0875665545464, 0.0210550557822, 0.0228863786906, 0.0383988395333, 0.120846897364, 0.20321816206, 0.122092306614, 0.0546527542174, 0.105860218406, 0.0678882822394, 0.0159002076834, 0.0342716798186, 0.0250098109245, 0.129695057869, 0.339582175016, 0.236118718982, 0.0345852859318, 0.0176728628576, 0.0119111537933, 0.0741088241339, 0.128373026848, 0.0676378309727, 0.012530233711],
        "stdev": [0.0701849386096, 0.0919105485082, 0.180482342839, 0.284042745829, 0.211021274328, 0.26267850399, 0.403710126877, 0.266181737185, 0.122079953551, 0.100869484246, 0.139171108603, 0.228431761265, 0.290124356747, 0.177312105894, 0.0955322533846, 0.0959980264306, 0.139868229628, 0.221167042851, 0.335358023643, 0.219481393695, 0.151608288288, 0.277125447989, 0.193028509617, 0.0510188117623, 0.114641316235, 0.0750380605459, 0.181856587529, 0.390121161938, 0.280717134476, 0.109484262764, 0.0715034976602, 0.0542513132095, 0.176373243332, 0.281738400459, 0.167638286948, 0.0651097968221]
    },
    "chords_histogram": [59.5477371216, 11.5577888489, 11.809044838, 1.53894472122, 0.565326631069, 0.125628143549, 0, 0, 0.847989976406, 0, 0.157035171986, 0, 0, 0, 0, 0.502512574196, 0, 0.942211031914, 0, 0.408291459084, 0.628140687943, 4.67964839935, 4.33417081833, 2.35552763939],
    "thpcp": [1, 0.695321321487, 0.101846590638, 0.0520429648459, 0.0350759103894, 0.218235313892, 0.378032296896, 0.199179574847, 0.0368989743292, 0.0436735451221, 0.0657653585076, 0.204386696219, 0.358704268932, 0.269281685352, 0.528786599636, 0.958035588264, 0.556637346745, 0.0870745182037, 0.0673581808805, 0.113388724625, 0.317398846149, 0.461539745331, 0.257865577936, 0.0620028302073, 0.0673957020044, 0.113076724112, 0.35586938262, 0.598435878754, 0.359536856413, 0.160941168666, 0.311736673117, 0.199917092919, 0.0468228571117, 0.100923083723, 0.0736487731338, 0.381925404072],
    "chords_key": "B",
    "chords_scale": "major"
}
}