{
"metadata": {
    "version": {
        "essentia": "2.1-dev",
        "essentia_git_sha": "v2.1_beta3-415-gd5473f3",
        "extractor": "music 2.0"
    },
    "audio_properties": {
        "analysis": {
            "equal_loudness": 0,
            "length": 274.57333374,
            "sample_rate": 44100,
            "start_time": 0,
            "downmix": "mix"
        },
        "bit_rate": 182935,
        "length": 274.57333374,
        "lossless": 0,
        "number_channels": 2,
        "replay_gain": -0.979598999023,
        "sample_rate": 44100,
        "codec": "mp3",
        "md5_encoded": "7e27dbc775ecb932f0ad0ef37ce00df7"
    },
    "tags": {
        "file_name": "elgar-cello_concerto_in_e_minor.mp3",
        "album": ["Favorite Cello Concertos"],
        "artist": ["Jacqueline DuPre"],
        "title": ["Elgar Cello Concerto in E Mi.."]
    }
},
"lowlevel": {
    "average_loudness": 0.00276973727159,
    "barkbands_crest": {
        "mean": 11.7388896942,
        "stdev": 4.58278751373
    },
    "barkbands_flatness_db": {
        "mean": 0.206036761403,
        "stdev": 0.0594553127885
    },
    "barkbands_kurtosis": {
        "mean": 9.5152349472,
        "stdev": 31.8025722504
    },
    "barkbands_skewness": {
        "mean": 1.44078862667,
        "stdev": 1.97608554363
    },
    "barkbands_spread": {
        "mean": 11.2497501373,
        "stdev": 8.24339199066
    },
    "dissonance": {
        "mean": 0.413591921329,
        "stdev": 0.0572965145111
    },
    "dynamic_complexity": 10.8302736282,
    "erbbands_crest": {
        "mean": 13.2152233124,
        "stdev": 5.84347677231
    },
    "erbbands_flatness_db": {
        "mean": 0.224662140012,
        "stdev": 0.0555654466152
    },
    "erbbands_kurtosis": {
        "mean": 2.99509620667,
        "stdev": 8.91708564758
    },
    "erbbands_skewness": {
        "mean": 0.808089137077,
        "stdev": 1.17475485802
    },
    "erbbands_spread": {
        "mean": 22.3555831909,
        "stdev": 18.7613105774
    },
    "hfc": {
        "mean": 8.09562397003,
        "stdev": 23.9136867523
    },
    "loudness_ebu128": {
        "integrated": -23.4266319275,
        "loudness_range": 21.2915096283,
        "momentary": {
            "mean": -33.6316757202,
            "stdev": 11.9862375259
        },
        "short_term": {
            "mean": -31.5653572083,
            "stdev": 10.340130806
        }
    },
    "melbands_crest": {
        "mean": 15.6754360199,
        "stdev": 6.15023040771
    },
    "melbands_flatness_db": {
        "mean": 0.288286417723,
        "stdev": 0.0827678963542
    },
    "melbands_kurtosis": {
        "mean": 19.0179252625,
        "stdev": 85.776802063
    },
    "melbands_skewness": {
        "mean": 2.01354598999,
        "stdev": 2.57214307785
    },
    "melbands_spread": {
        "mean": 13.5625514984,
        "stdev": 9.26813030243
    },
    "pitch_salience": {
        "mean": 0.506183028221,
        "stdev": 0.12080436945
    },
    "silence_rate_20dB": {
        "mean": 0.997632324696,
        "stdev": 0.0486021637917
    },
    "silence_rate_30dB": {
        "mean": 0.979282915592,
        "stdev": 0.142430841923
    },
    "silence_rate_60dB": {
        "mean": 0.550481975079,
        "stdev": 0.497439563274
    },
    "spectral_centroid": {
        "mean": 780.071105957,
        "stdev": 413.068359375
    },
    "spectral_complexity": {
        "mean": 7.18535423279,
        "stdev": 7.28222084045
    },
    "spectral_decrease": {
        "mean": -3.05887271068e-09,
        "stdev": 8.10607847512e-09
    },
    "spectral_energy": {
        "mean": 0.0122791798785,
        "stdev": 0.0325035527349
    },
    "spectral_energyband_high": {
        "mean": 6.92754547345e-05,
        "stdev": 0.000486386299599
    },
    "spectral_energyband_low": {
        "mean": 0.00148545124102,
        "stdev": 0.0070067755878
    },
    "spectral_energyband_middle_high": {
        "mean": 0.00317646795884,
        "stdev": 0.0108724460006
    },
    "spectral_energyband_middle_low": {
        "mean": 0.0079489229247,
        "stdev": 0.0218799039721
    },
    "spectral_entropy": {
        "mean": 6.67741107941,
        "stdev": 0.61830830574
    },
    "spectral_flux": {
        "mean": 0.0348161607981,
        "stdev": 0.0405437164009
    },
    "spectral_kurtosis": {
        "mean": 13.9602508545,
        "stdev": 10.644569397
    },
    "spectral_rms": {
        "mean": 0.00236590602435,
        "stdev": 0.0025263032876
    },
    "spectral_rolloff": {
        "mean": 858.077514648,
        "stdev": 554.18548584
    },
    "spectral_skewness": {
        "mean": 2.75348949432,
        "stdev": 0.998443126678
    },
    "spectral_spread": {
        "mean": 3303483,
        "stdev": 1686173.875
    },
    "spectral_strongpeak": {
        "mean": 0.829192996025,
        "stdev": 1.22628605366
    },
    "zerocrossingrate": {
        "mean": 0.0351990237832,
        "stdev": 0.0193683747202
    },
    "barkbands": {
        "mean": [5.58317005925e-05, 0.00068905192893, 0.000545458751731, 0.000542225548998, 0.00169741595164, 0.00250423816033, 0.00116836663801, 0.000928994850256, 0.000667945598252, 0.000957749143708, 0.000617811048869, 0.000313595199259, 0.000286296446575, 0.0003785485751, 0.000325370318023, 0.000215897263843, 0.000146349557326, 8.5094361566e-05, 6.4534455305e-05, 3.43475294358e-05, 1.97685822059e-05, 1.44712694237e-05, 8.60880209075e-06, 7.39090455681e-06, 3.11998110192e-06, 6.48652417112e-07, 5.21728154013e-08],
        "stdev": [5.44559043192e-05, 0.00329947844148, 0.00377067853697, 0.00369769730605, 0.00926313456148, 0.00778268044814, 0.00406640674919, 0.00352020654827, 0.00250366725959, 0.00332843698561, 0.00507166935131, 0.00160232267808, 0.00185856805183, 0.00200065551326, 0.00117224117275, 0.00185973534826, 0.00086708937306, 0.000417843169998, 0.000419235759182, 0.000214539773879, 0.000125382910483, 0.000115458955406, 7.23247721908e-05, 5.165084076e-05, 2.87666553049e-05, 8.99462611414e-06, 1.31476633669e-06]
    },
    "erbbands": {
        "mean": [0.0143182054162, 0.176475301385, 0.606860637665, 1.22925341129, 2.36560821533, 6.27076482773, 17.6320667267, 18.683013916, 15.2599611282, 20.3410606384, 20.0040607452, 13.8799571991, 30.8333473206, 26.4813098907, 22.7791805267, 12.3514318466, 13.7054538727, 21.1783943176, 17.3112030029, 14.7773981094, 10.4937067032, 7.22857952118, 4.98873519897, 4.46041679382, 2.46328091621, 1.66245353222, 0.999109983444, 0.670213401318, 0.507362067699, 0.372381180525, 0.232972294092, 0.142242342234, 0.131756007671, 0.0498832538724, 0.0148261869326, 0.00401420379058, 0.00103113928344, 0.00016518580378, 1.5130900465e-05, 1.45334188346e-05],
        "stdev": [0.0659282356501, 0.878070473671, 3.51933908463, 8.02966403961, 11.4766950607, 42.0203475952, 59.7651748657, 63.3421669006, 56.9368629456, 68.4506454468, 77.5428695679, 49.3744010925, 115.569778442, 134.003051758, 179.802032471, 52.5415725708, 78.2858886719, 107.986167908, 69.0041427612, 60.9115333557, 88.6705322266, 40.3972587585, 23.2347412109, 29.5387306213, 13.3063850403, 10.8034191132, 6.66008806229, 4.45806980133, 3.90801763535, 3.4691362381, 1.92242872715, 1.08531332016, 0.907365560532, 0.403011977673, 0.158113107085, 0.0480795837939, 0.0155833559111, 0.00269736908376, 0.000261283887085, 4.01900688303e-05]
    },
    "gfcc": {
        "mean": [-185.805892944, 127.334381104, -112.643791199, 3.50831794739, -51.3635253906, 4.34987354279, -39.7823104858, 5.11515951157, -12.2728643417, 3.21804475784, -9.13124465942, 2.81418061256, 0.704611003399],
        "cov": [[22747.0117188, 2180.96289062, -6012.80078125, -1177.15686035, -1690.18725586, -324.739440918, -687.445861816, -117.885108948, 197.757354736, -291.054199219, 412.023986816, -355.306549072, 309.219268799], [2180.96289062, 1624.49475098, -73.8837280273, -476.970184326, -14.8851356506, -243.091796875, -76.633354187, -157.512680054, 17.2251319885, -101.729850769, -28.5586528778, -51.8494758606, -5.37756824493], [-6012.80078125, -73.8837280273, 2548.02124023, 357.120758057, 478.759277344, 35.4112854004, 204.587173462, -63.7671661377, -109.16683197, 26.0120849609, -164.581115723, 45.8328323364, -175.560928345], [-1177.15686035, -476.970184326, 357.120758057, 436.32434082, 143.95892334, 83.258140564, 42.4518852234, -6.71877861023, -53.9846496582, -6.03894758224, -24.3070831299, -11.7185487747, -51.0803642273], [-1690.18725586, -14.8851356506, 478.759277344, 143.95892334, 339.0078125, 77.7114028931, 75.7398529053, -5.97593832016, -26.6197929382, 1.26591610909, -67.5635910034, 11.732339859, -40.0799751282], [-324.739440918, -243.091796875, 35.4112854004, 83.258140564, 77.7114028931, 196.499938965, 84.409576416, 51.9982223511, -1.79486954212, 12.5730600357, -18.1221313477, -11.4504241943, -19.3596782684], [-687.445861816, -76.633354187, 204.587173462, 42.4518852234, 75.7398529053, 84.409576416, 165.6743927, 66.4807357788, -2.61678123474, 2.62388038635, -27.620765686, -2.10034489632, -35.3075408936], [-117.885108948, -157.512680054, -63.7671661377, -6.71877861023, -5.97593832016, 51.9982223511, 66.4807357788, 152.543930054, 68.7407150269, 26.6921634674, -8.43140029907, 5.97817897797, 0.0918087661266], [197.757354736, 17.2251319885, -109.16683197, -53.9846496582, -26.6197929382, -1.79486954212, -2.61678123474, 68.7407150269, 123.756507874, 59.822807312, 11.2700061798, -2.63321423531, 8.88232326508], [-291.054199219, -101.729850769, 26.0120849609, -6.03894758224, 1.26591610909, 12.5730600357, 2.62388038635, 26.6921634674, 59.822807312, 127.605499268, 58.0120239258, 18.7308235168, -22.4305419922], [412.023986816, -28.5586528778, -164.581115723, -24.3070831299, -67.5635910034, -18.1221313477, -27.620765686, -8.43140029907, 11.2700061798, 58.0120239258, 122.813972473, 47.6267280579, 7.97549343109], [-355.306549072, -51.8494758606, 45.8328323364, -11.7185487747, 11.732339859, -11.4504241943, -2.10034489632, 5.97817897797, -2.63321423531, 18.7308235168, 47.6267280579, 102.828987122, 48.584148407], [309.219268799, -5.37756824493, -175.560928345, -51.0803642273, -40.0799751282, -19.3596782684, -35.3075408936, 0.0918087661266, 8.88232326508, -22.4305419922, 7.97549343109, 48.584148407, 137.405487061]],
        "icov": [[0.000294421799481, -0.000575140176807, 0.000529142445885, -0.000475881766761, 0.000880918523762, -0.000578386185225, 0.000346877262928, -0.000204665324418, 0.000122454759548, 0.000178619433427, -0.000297321123071, 0.000413211237174, -2.87806196866e-05], [-0.000575140176807, 0.00285034952685, -0.00112237152644, 0.0029401560314, -0.00284907664172, 0.00252514402382, -0.0013578676153, 0.00228960439563, -0.00195727474056, 0.00187880301382, -0.000538086635061, 0.000306296860799, 0.000595259771217], [0.000529142445885, -0.00112237152644, 0.00174811785109, -0.00131046434399, 0.0011898886878, -0.000547333387658, -0.000121577948448, 0.00012639304623, 0.000591091520619, -0.000605918641668, 0.00100638729054, -0.000570701493416, 0.000756556983106], [-0.000475881766761, 0.0029401560314, -0.00131046434399, 0.00625084340572, -0.00360212475061, 0.00146703724749, -0.000574875448365, 0.00183910061605, -0.000955160183366, 0.00251794653013, -0.00174686999526, 0.00149710010737, 0.000887253438123], [0.000880918523762, -0.00284907664172, 0.0011898886878, -0.00360212475061, 0.00863588135689, -0.00401993654668, 0.000657228403725, -0.000407599814935, 0.00103786366526, -0.00180909596384, 0.00303250690922, -0.00194761215243, 0.000359268800821], [-0.000578386185225, 0.00252514402382, -0.000547333387658, 0.00146703724749, -0.00401993654668, 0.0102186044678, -0.00442904187366, 0.000339979800628, -0.000127397914184, -0.000236927371589, 6.17714176769e-05, 0.00122724310495, -9.26174834603e-05], [0.000346877262928, -0.0013578676153, -0.000121577948448, -0.000574875448365, 0.000657228403725, -0.00442904187366, 0.0118470508605, -0.00620069867, 0.00292351492681, 0.000136809117976, -0.000276093196589, 0.000141835334944, 0.00121244194452], [-0.000204665324418, 0.00228960439563, 0.00012639304623, 0.00183910061605, -0.000407599814935, 0.000339979800628, -0.00620069867, 0.0154881179333, -0.00946047063917, 0.00254310620949, 0.00183642096817, -0.00264244293794, 0.00157512782607], [0.000122454759548, -0.00195727474056, 0.000591091520619, -0.000955160183366, 0.00103786366526, -0.000127397914184, 0.00292351492681, -0.00946047063917, 0.0187857281417, -0.0104048568755, 0.00296705542132, 0.00178359181155, -0.00262545375153], [0.000178619433427, 0.00187880301382, -0.000605918641668, 0.00251794653013, -0.00180909596384, -0.000236927371589, 0.000136809117976, 0.00254310620949, -0.0104048568755, 0.0193864386529, -0.0103531097993, 0.0016627399018, 0.00315613579005], [-0.000297321123071, -0.000538086635061, 0.00100638729054, -0.00174686999526, 0.00303250690922, 6.17714176769e-05, -0.000276093196589, 0.00183642096817, 0.00296705542132, -0.0103531097993, 0.0206113513559, -0.0114328088239, 0.00306978006847], [0.000413211237174, 0.000306296860799, -0.000570701493416, 0.00149710010737, -0.00194761215243, 0.00122724310495, 0.000141835334944, -0.00264244293794, 0.00178359181155, 0.0016627399018, -0.0114328088239, 0.0211085285991, -0.00809138640761], [-2.87806196866e-05, 0.000595259771217, 0.000756556983106, 0.000887253438123, 0.000359268800821, -9.26174834603e-05, 0.00121244194452, 0.00157512782607, -0.00262545375153, 0.00315613579005, 0.00306978006847, -0.00809138640761, 0.0124322390184]]
    },
    "melbands": {
        "mean": [0.00016327634512, 0.000295661186101, 0.000255670485785, 0.00026499843807, 0.000570843170863, 0.000432621047366, 0.000236770894844, 0.000215397856664, 0.000153639790369, 8.8618027803e-05, 0.000153647968546, 0.000105177488877, 8.04637529654e-05, 4.08331652579e-05, 2.76294740615e-05, 3.32334820996e-05, 3.94081216655e-05, 2.6146599339e-05, 2.26764077524e-05, 1.81395789696e-05, 1.09004486148e-05, 7.64992728364e-06, 6.18692365606e-06, 3.9128399294e-06, 3.66311178368e-06, 1.82349697297e-06, 1.43086901971e-06, 1.01064324554e-06, 6.85213137785e-07, 4.23567854568e-07, 3.94050914565e-07, 3.20008581411e-07, 2.18277563135e-07, 1.92786643538e-07, 1.35612609142e-07, 1.00106575474e-07, 8.32142461604e-08, 9.84445591712e-08, 7.32072464871e-08, 3.09941512455e-08],
        "stdev": [0.000745162251405, 0.00156247883569, 0.00151992437895, 0.00156240083743, 0.0021657559555, 0.00142036692705, 0.00084650865756, 0.000724153476767, 0.000604449072853, 0.000322521460475, 0.000577245780732, 0.000521308218595, 0.000620146398433, 0.000255673890933, 0.000143708937685, 0.00022243114654, 0.000209825913771, 0.000115816059406, 8.03304646979e-05, 0.000135917100124, 8.85967674549e-05, 5.24367133039e-05, 3.50204318238e-05, 1.85599437827e-05, 2.75476522802e-05, 9.88147257885e-06, 8.49817843118e-06, 7.42951169741e-06, 5.03337832924e-06, 2.55681720773e-06, 2.9037475997e-06, 2.40609688262e-06, 2.04286493499e-06, 1.8750322397e-06, 1.09651068669e-06, 8.84235930698e-07, 6.07025356203e-07, 7.03891487319e-07, 5.46785031474e-07, 2.70866962637e-07]
    },
    "melbands128": {
        "mean": [2.32913989748e-05, 8.85152257979e-05, 0.000217564869672, 0.00031417424907, 0.000322277628584, 0.000255143444519, 0.000228270815569, 0.000296240410535, 0.000231873855228, 0.000158909577294, 0.000278544292087, 0.000521482725162, 0.000626256107353, 0.000701099983416, 0.000437521346612, 0.000316816411214, 0.000240808571107, 0.000217656604946, 0.000220572968828, 0.000263207883108, 0.000177419322426, 0.00017711732653, 0.000176020956133, 9.34472482186e-05, 7.65879740356e-05, 5.65442605875e-05, 0.000180083618034, 0.00019424931088, 9.71700355876e-05, 0.000119927004562, 0.000100153636595, 9.29862871999e-05, 7.67262899899e-05, 8.54986428749e-05, 4.58762879134e-05, 2.94993624266e-05, 2.87325729005e-05, 2.78507613984e-05, 2.57498468272e-05, 2.98581526295e-05, 2.72193101409e-05, 5.1061695558e-05, 4.06935760111e-05, 4.04299462389e-05, 1.53060100274e-05, 2.54786318692e-05, 3.62982573279e-05, 2.15378349822e-05, 1.57875165314e-05, 2.41268880927e-05, 1.53808177856e-05, 1.95914417418e-05, 9.60201123235e-06, 7.90278045315e-06, 1.1686446669e-05, 5.93892173129e-06, 5.64070114706e-06, 9.60940997174e-06, 5.1075430747e-06, 2.70468603958e-06, 4.26907445217e-06, 3.61295428775e-06, 5.63888488614e-06, 3.0346739095e-06, 1.79260337063e-06, 1.62536184689e-06, 2.25197982218e-06, 1.40654663028e-06, 1.26806276057e-06, 1.30295268264e-06, 1.03843251509e-06, 9.52399147991e-07, 6.7198607212e-07, 7.53947460908e-07, 4.70513640494e-07, 5.15561055181e-07, 3.33263272978e-07, 3.16944607448e-07, 4.16801896108e-07, 4.68962468858e-07, 3.71902643792e-07, 2.32203703376e-07, 2.19936140411e-07, 2.02696639917e-07, 2.43948221623e-07, 2.27141072173e-07, 1.79506955078e-07, 1.11755767307e-07, 1.40173156638e-07, 1.44961333604e-07, 1.21867856251e-07, 7.68277601537e-08, 8.06027813383e-08, 7.36808019042e-08, 9.6471133304e-08, 9.60991570764e-08, 1.03942866758e-07, 9.43793381225e-08, 7.91139456169e-08, 6.1195670753e-08, 4.08747560243e-08, 2.35569128648e-08, 2.31375114623e-08, 1.76765144744e-08, 1.74790137919e-08, 1.37126869859e-08, 1.03265334062e-08, 7.90217491442e-09, 6.14644113384e-09, 4.88530549347e-09, 4.16562562222e-09, 3.61818131012e-09, 3.03420977232e-09, 2.61032240267e-09, 2.24303553509e-09, 1.49762924284e-09, 1.14131892825e-09, 4.22707618908e-10, 2.17184117912e-10, 1.91249890924e-10, 1.71808803295e-10, 1.34700153809e-10, 3.63349662857e-11, 3.29831886629e-12, 3.14111171969e-12, 2.96941291e-12, 2.85725761627e-12, 2.85924018836e-12],
        "stdev": [3.32669296768e-05, 0.000405458820751, 0.00116094341502, 0.00172016583383, 0.00179635442328, 0.00197651586495, 0.00165362027474, 0.00200816779397, 0.00116075703409, 0.000718217808753, 0.00209597032517, 0.00338517222553, 0.00226423330605, 0.00282835448161, 0.00181744166184, 0.00132342276629, 0.00109853304457, 0.0011474895291, 0.000949049834162, 0.00106179248542, 0.000897361838724, 0.000814475410152, 0.000893884338439, 0.000492665276397, 0.00042595047853, 0.000279612926533, 0.000847503717523, 0.000956151983701, 0.000457974878373, 0.000565477705095, 0.000732369953766, 0.00109462416731, 0.000753516505938, 0.0010368686635, 0.000398297706852, 0.000138256335049, 0.000149324900121, 0.000239188506384, 0.000170255079865, 0.000249489996349, 0.00039973857929, 0.000400909950258, 0.000244326307438, 0.000315987825161, 0.000113838505058, 0.000135554306326, 0.000206801298191, 0.000110642904474, 7.69642501837e-05, 0.000137928043841, 0.000130934553454, 0.000344711967045, 8.69689101819e-05, 5.2426232287e-05, 0.000125298072817, 6.78325013723e-05, 3.81656354875e-05, 5.94439516135e-05, 4.20426840719e-05, 2.17478245759e-05, 2.47652897087e-05, 2.18829591176e-05, 4.91897917527e-05, 2.90231855615e-05, 1.3085827959e-05, 8.44559144753e-06, 1.71974879777e-05, 1.07535088318e-05, 1.05932431325e-05, 1.16876090033e-05, 8.46645525598e-06, 1.03941974885e-05, 5.99219038122e-06, 5.98593351242e-06, 4.24897825724e-06, 3.54296003025e-06, 2.10797566069e-06, 2.53002076533e-06, 3.71522855858e-06, 3.96412087866e-06, 2.94924393529e-06, 2.07514221984e-06, 2.20279298446e-06, 1.9842295842e-06, 2.78307356893e-06, 2.29274701269e-06, 2.03822219191e-06, 1.00696638583e-06, 1.09328698272e-06, 1.49915945258e-06, 9.95043251351e-07, 8.69013433658e-07, 6.45256363896e-07, 5.96514837525e-07, 7.01998658315e-07, 7.5836913993e-07, 8.75144735346e-07, 6.13485099166e-07, 6.53084555324e-07, 6.65595280225e-07, 3.4193547549e-07, 2.58180250512e-07, 2.28398931768e-07, 1.84180251495e-07, 2.37415775928e-07, 1.59231319685e-07, 1.15808937551e-07, 1.03420553899e-07, 7.50713127218e-08, 6.4534837918e-08, 6.45212026029e-08, 6.9755699883e-08, 4.14120187031e-08, 4.40561116477e-08, 3.64956491694e-08, 2.24729390652e-08, 1.76388628148e-08, 1.30008235288e-08, 8.76767725089e-09, 8.13925904453e-09, 7.16431935999e-09, 4.96905272485e-09, 9.96889681915e-10, 6.15916900815e-11, 5.29697848084e-11, 4.33572865111e-11, 3.6425890082e-11, 3.71695590973e-11]
    },
    "mfcc": {
        "mean": [-824.668273926, 159.029556274, -1.23151636124, 6.33584356308, 5.6249756813, -2.81104660034, -9.50274848938, -2.4797129631, 0.742433667183, 2.15970182419, -1.56702661514, -2.03807282448, -2.01444506645],
        "cov": [[18054.6992188, 1441.49035645, -3488.390625, -912.167114258, -1030.25390625, -685.690063477, -714.72479248, -380.707183838, -476.844818115, -226.14012146, -209.868209839, -66.3925857544, -172.005661011], [1441.49035645, 2095.45996094, -21.8912715912, -70.70652771, -10.2084121704, -84.9499282837, -143.142791748, -98.8660964966, -81.8256530762, -118.868423462, -73.950340271, -77.2806549072, -64.3783035278], [-3488.390625, -21.8912715912, 1387.90966797, 371.079437256, 206.781082153, 182.490066528, 168.669876099, 62.1560249329, 52.929069519, 14.5947656631, 44.8978691101, 26.5746669769, 18.6644420624], [-912.167114258, -70.70652771, 371.079437256, 300.643829346, 131.151748657, 86.6254348755, 67.2128219604, 25.8930950165, 6.3546295166, 4.55378484726, 5.83928728104, 5.44332027435, 14.1001996994], [-1030.25390625, -10.2084121704, 206.781082153, 131.151748657, 231.277923584, 108.014854431, 54.7974243164, 29.5042705536, 37.0075149536, 10.7032680511, -12.5577430725, -18.686662674, 3.3795542717], [-685.690063477, -84.9499282837, 182.490066528, 86.6254348755, 108.014854431, 176.960540771, 102.629905701, 36.3854064941, 21.5908889771, 10.8921928406, 3.62677526474, -5.12211847305, 3.17178273201], [-714.72479248, -143.142791748, 168.669876099, 67.2128219604, 54.7974243164, 102.629905701, 161.655349731, 76.8897857666, 28.8338260651, 7.97725820541, 13.5370159149, 7.44244384766, 4.83889818192], [-380.707183838, -98.8660964966, 62.1560249329, 25.8930950165, 29.5042705536, 36.3854064941, 76.8897857666, 126.307395935, 65.8337860107, 22.6190834045, 0.827634453773, -10.363401413, -3.42208218575], [-476.844818115, -81.8256530762, 52.929069519, 6.3546295166, 37.0075149536, 21.5908889771, 28.8338260651, 65.8337860107, 136.51083374, 70.8982620239, 2.6136238575, -25.579656601, -4.94781923294], [-226.14012146, -118.868423462, 14.5947656631, 4.55378484726, 10.7032680511, 10.8921928406, 7.97725820541, 22.6190834045, 70.8982620239, 120.207084656, 41.5094947815, -9.51646900177, 1.49997472763], [-209.868209839, -73.950340271, 44.8978691101, 5.83928728104, -12.5577430725, 3.62677526474, 13.5370159149, 0.827634453773, 2.6136238575, 41.5094947815, 119.162094116, 74.267036438, 11.0663585663], [-66.3925857544, -77.2806549072, 26.5746669769, 5.44332027435, -18.686662674, -5.12211847305, 7.44244384766, -10.363401413, -25.579656601, -9.51646900177, 74.267036438, 144.993026733, 60.3314781189], [-172.005661011, -64.3783035278, 18.6644420624, 14.1001996994, 3.3795542717, 3.17178273201, 4.83889818192, -3.42208218575, -4.94781923294, 1.49997472763, 11.0663585663, 60.3314781189, 117.733901978]],
        "icov": [[0.000166362966411, -9.51767578954e-05, 0.000376753421733, -0.000223202936468, 0.000508313532919, -0.00016398706066, 0.000254550832324, -8.33208832773e-05, 0.000303932960378, -0.000135957758175, 0.000261573848547, -0.000172566826222, 0.000213303297642], [-9.51767578954e-05, 0.000618747551925, -0.000306893140078, 0.000290940952254, -0.000438813032815, 0.000165731922607, 0.000285262009129, 0.000173224238097, -0.000158264301717, 0.00064322113758, -0.000247683114139, 0.000415565882577, 1.00206389106e-05], [0.000376753421733, -0.000306893140078, 0.00205292087048, -0.00176599528641, 0.00106640416197, -0.000609466515016, -8.25266033644e-05, 0.000146411621245, 9.97862734948e-05, 1.90828723134e-05, 0.000129836203996, -0.000411418208387, 0.000464691780508], [-0.000223202936468, 0.000290940952254, -0.00176599528641, 0.00634154118598, -0.00302510219626, 0.00016596383648, -0.000596689234953, -0.000354952964699, 0.00110094365664, -0.000394308473915, -7.93232029537e-05, 0.000219988360186, -0.000603933993261], [0.000508313532919, -0.000438813032815, 0.00106640416197, -0.00302510219626, 0.00918299332261, -0.00443319557235, 0.00188566057477, -0.000296544691082, -0.00088055501692, 6.76111303619e-05, 0.00132111052517, -0.000162724172696, 0.000386975414585], [-0.00016398706066, 0.000165731922607, -0.000609466515016, 0.00016596383648, -0.00443319557235, 0.012131402269, -0.00709605729207, 0.00189325388055, 3.43385981978e-05, -0.000572096207179, -0.000180633476702, 0.000628716719802, -0.000221570298891], [0.000254550832324, 0.000285262009129, -8.25266033644e-05, -0.000596689234953, 0.00188566057477, -0.00709605729207, 0.0150268552825, -0.00741050392389, 0.00159620237537, 0.000919978192542, -0.000671798188705, -0.000420679687522, 0.000250536715612], [-8.33208832773e-05, 0.000173224238097, 0.000146411621245, -0.000354952964699, -0.000296544691082, 0.00189325388055, -0.00741050392389, 0.0152364848182, -0.00703697698191, 0.00172116886824, -0.000147154962178, 0.000409163214499, 0.000183740252396], [0.000303932960378, -0.000158264301717, 9.97862734948e-05, 0.00110094365664, -0.00088055501692, 3.43385981978e-05, 0.00159620237537, -0.00703697698191, 0.0159930121154, -0.00879503786564, 0.00288634328172, -0.000171076753759, 0.000564563728403], [-0.000135957758175, 0.00064322113758, 1.90828723134e-05, -0.000394308473915, 6.76111303619e-05, -0.000572096207179, 0.000919978192542, 0.00172116886824, -0.00879503786564, 0.0170639902353, -0.00882491003722, 0.00540318200365, -0.00230334815569], [0.000261573848547, -0.000247683114139, 0.000129836203996, -7.93232029537e-05, 0.00132111052517, -0.000180633476702, -0.000671798188705, -0.000147154962178, 0.00288634328172, -0.00882491003722, 0.0184801910073, -0.0112477596849, 0.00448639737442], [-0.000172566826222, 0.000415565882577, -0.000411418208387, 0.000219988360186, -0.000162724172696, 0.000628716719802, -0.000420679687522, 0.000409163214499, -0.000171076753759, 0.00540318200365, -0.0112477596849, 0.0162983462214, -0.00733979791403], [0.000213303297642, 1.00206389106e-05, 0.000464691780508, -0.000603933993261, 0.000386975414585, -0.000221570298891, 0.000250536715612, 0.000183740252396, 0.000564563728403, -0.00230334815569, 0.00448639737442, -0.00733979791403, 0.0121919801459]]
    },
    "spectral_contrast_coeffs": {
        "mean": [-0.707436144352, -0.722405314445, -0.727927267551, -0.769659340382, -0.796455025673, -0.815780639648],
        "stdev": [0.102132909, 0.0903184860945, 0.0961790382862, 0.0839272662997, 0.0684900581837, 0.0509374588728]
    },
    "spectral_contrast_valleys": {
        "mean": [-8.31227016449, -8.28548526764, -9.20539855957, -9.52257823944, -10.0553398132, -12.4976186752],
        "stdev": [1.31218636036, 1.8731123209, 1.73572397232, 1.67001569271, 1.40515434742, 1.06767976284]
    }
},
"rhythm": {
    "beats_count": 665,
    "beats_loudness": {
        "mean": 0.0149342268705,
        "stdev": 0.0401325747371
    },
    "bpm": 163.526535034,
    "bpm_histogram_first_peak_bpm": 161,
    "bpm_histogram_first_peak_weight": 0.398936152458,
    "bpm_histogram_second_peak_bpm": 167,
    "bpm_histogram_second_peak_spread": 0,
    "bpm_histogram_second_peak_weight": 0.108433738351,
    "danceability": 0.800202667713,
    "onset_rate": 1.65338861942,
    "beats_loudness_band_ratio": {
        "mean": [0.262521058321, 0.317072361708, 0.27216526866, 0.138203188777, 0.0593419522047, 0.00826989300549],
        "stdev": [0.283742666245, 0.245682194829, 0.223519280553, 0.161013349891, 0.0822109431028, 0.0187174715102]
    },
    "beats_position": [0.592108845711, 1.18421769142, 1.77632653713, 2.36843538284, 2.97215414047, 3.5758728981, 4.19120168686, 4.69043064117, 5.18965959549, 5.67727899551, 6.1648979187, 6.65251684189, 7.14013576508, 7.63936471939, 8.12698364258, 8.6146030426, 9.11383247375, 9.61306095123, 10.1122903824, 10.5534696579, 10.9946479797, 11.4358272552, 11.8770065308, 12.3065757751, 12.7245349884, 13.1424942017, 13.5836734772, 14.0248527527, 14.4660310745, 14.9884805679, 15.5109291077, 16.0333786011, 16.5558280945, 17.0782756805, 17.600725174, 18.1580047607, 18.7268924713, 19.2957820892, 19.8646717072, 20.4335594177, 21.0024490356, 21.5597267151, 22.1053962708, 22.6626758575, 23.219953537, 23.7656230927, 24.2880725861, 24.7989120483, 25.4142398834, 26.0295696259, 26.6448974609, 27.2602272034, 27.8639450073, 28.4328346252, 29.0017223358, 29.5822219849, 30.0582313538, 30.5458488464, 31.0334682465, 31.5094776154, 31.9854869843, 32.4731063843, 32.960723877, 33.4367332458, 33.9127426147, 34.4119720459, 34.9228096008, 35.4336509705, 35.9909286499, 36.5365982056, 37.0822677612, 37.6279373169, 38.1852149963, 38.638004303, 39.1024017334, 39.5668029785, 40.0312004089, 40.402721405, 40.7742385864, 41.134147644, 41.5056686401, 41.88879776, 42.2719268799, 42.6666641235, 43.0381851196, 43.4213142395, 43.7928352356, 44.164352417, 44.5242614746, 44.8957824707, 45.2672996521, 45.650428772, 46.0219497681, 46.4166870117, 46.8114280701, 47.2061653137, 47.6937866211, 48.1814041138, 48.6690254211, 49.1682548523, 49.655872345, 50.1551017761, 50.6543312073, 51.1535606384, 51.6643981934, 52.1636276245, 52.6628570557, 53.1620864868, 53.661315918, 54.1605415344, 54.6597709656, 55.1706123352, 55.6698417664, 56.1690673828, 56.6334686279, 57.0978660583, 57.550655365, 58.0034446716, 58.4562339783, 58.9206352234, 59.4430847168, 59.9539222717, 60.4531517029, 60.952381134, 61.463218689, 61.9740562439, 62.438457489, 62.9028549194, 63.3672561646, 63.831653595, 64.2844467163, 64.748840332, 65.2016296387, 65.5963668823, 65.9911117554, 66.385848999, 66.8734664917, 67.3610839844, 67.837097168, 68.3247146606, 68.8123321533, 69.299949646, 69.7759628296, 70.2635803223, 70.7395935059, 71.2155990601, 71.7032165527, 72.1908340454, 72.6784591675, 73.2009048462, 73.7233581543, 74.245803833, 74.7682495117, 75.2907028198, 75.917640686, 76.5445785522, 77.1715164185, 77.8100662231, 78.4370040894, 78.982673645, 79.5283432007, 80.0856246948, 80.6428985596, 81.2001800537, 81.7458496094, 82.291519165, 82.8487930298, 83.2899780273, 83.742767334, 84.1955566406, 84.6367340088, 85.0314712524, 85.4262084961, 85.8209533691, 86.2156906128, 86.6104278564, 87.0051651001, 87.3999099731, 87.7946472168, 88.1661682129, 88.537689209, 88.9092025757, 89.2923355103, 89.6754608154, 90.05859375, 90.4417190552, 90.8016281128, 91.1615371704, 91.521446228, 91.8813552856, 92.2528762817, 92.6127853394, 92.972694397, 93.3209991455, 93.6692962646, 94.0175933838, 94.3658905029, 94.7141952515, 95.0624923706, 95.4107894897, 95.7706985474, 96.130607605, 96.5950088501, 97.0477981567, 97.5005874634, 97.9649887085, 98.4293823242, 98.8937835693, 99.346572876, 99.7993621826, 100.252151489, 100.693328857, 101.134513855, 101.587303162, 102.040092468, 102.492874146, 102.852790833, 103.21269989, 103.572608948, 103.932518005, 104.269203186, 104.605895996, 104.954193115, 105.302490234, 105.650794983, 105.999092102, 106.347389221, 106.69568634, 107.043991089, 107.392288208, 107.740585327, 108.088890076, 108.437187195, 108.785484314, 109.133781433, 109.470474243, 109.807167053, 110.143852234, 110.480545044, 110.817230225, 111.165527344, 111.502220154, 111.850517273, 112.187210083, 112.523895264, 112.872200012, 113.220497131, 113.56879425, 113.905487061, 114.242172241, 114.578865051, 114.915550232, 115.26385498, 115.6121521, 115.972061157, 116.331970215, 116.680267334, 117.040176392, 117.446525574, 117.852874756, 118.247619629, 118.653968811, 119.071922302, 119.501495361, 119.931060791, 120.372245789, 120.801811218, 121.231384277, 121.660949707, 122.136962891, 122.612968445, 123.088973999, 123.576599121, 124.052604675, 124.528617859, 124.923355103, 125.318092346, 125.724441528, 126.13079071, 126.548751831, 126.966712952, 127.384666443, 127.802627563, 128.220581055, 128.638549805, 129.056503296, 129.462860107, 129.86920166, 130.28717041, 130.693511963, 131.123077393, 131.541046143, 131.970611572, 132.400177002, 132.829742432, 133.25932312, 133.677276611, 134.095230103, 134.513198853, 134.931152344, 135.349105835, 135.767074585, 136.185028076, 136.602996826, 137.020950317, 137.438903809, 137.856872559, 138.239990234, 138.634735107, 139.017868042, 139.412597656, 139.784118652, 140.155639648, 140.538772583, 140.921905518, 141.316635132, 141.711380005, 142.094512939, 142.477645874, 142.86076355, 143.255508423, 143.638641357, 144.033370972, 144.416503906, 144.799636841, 145.182769775, 145.565887451, 145.937408447, 146.308929443, 146.680450439, 147.051971436, 147.423492432, 147.795013428, 148.166534424, 148.538040161, 148.932785034, 149.339141846, 149.745483398, 150.140228271, 150.534957886, 150.929702759, 151.336044312, 151.719177246, 152.090698242, 152.462219238, 152.833740234, 153.20526123, 153.576782227, 153.948303223, 154.31980896, 154.691329956, 155.062850952, 155.434371948, 155.805892944, 156.17741394, 156.548934937, 156.920455933, 157.303573608, 157.686706543, 158.069839478, 158.452972412, 158.836090088, 159.219223022, 159.602355957, 159.985488892, 160.357009888, 160.728515625, 161.11164856, 161.494781494, 161.86630249, 162.237823486, 162.609344482, 162.980865479, 163.352371216, 163.712280273, 164.072189331, 164.432098389, 164.792022705, 165.163528442, 165.5234375, 165.883346558, 166.243255615, 166.603164673, 166.974685669, 167.334594727, 167.694503784, 168.06602478, 168.437545776, 168.809066772, 169.180587769, 169.563720703, 169.946838379, 170.341583252, 170.736328125, 171.119445801, 171.502578735, 171.874099731, 172.245620728, 172.617141724, 172.98866272, 173.360183716, 173.731704712, 174.103210449, 174.474731445, 174.834640503, 175.194549561, 175.554458618, 175.914367676, 176.285888672, 176.657409668, 177.017318726, 177.377227783, 177.737136841, 178.097045898, 178.456954956, 178.816864014, 179.176773071, 179.536682129, 179.977859497, 180.419036865, 180.860229492, 181.289794922, 181.719360352, 182.148925781, 182.57850647, 183.008071899, 183.437637329, 183.867202759, 184.296783447, 184.737960815, 185.179138184, 185.620315552, 186.119537354, 186.618774414, 187.117996216, 187.617233276, 188.10484314, 188.6040802, 189.103302002, 189.590927124, 190.078552246, 190.531341553, 190.984130859, 191.425308228, 191.878097534, 192.330886841, 192.795272827, 193.271286011, 193.747299194, 194.223312378, 194.699310303, 195.175323486, 195.65133667, 196.127349854, 196.533691406, 196.940048218, 197.346389771, 197.717910767, 198.101043701, 198.484161377, 198.867294312, 199.262039185, 199.645172119, 200.028289795, 200.411422729, 200.794555664, 201.177688599, 201.560806274, 201.932327271, 202.315460205, 202.69859314, 203.081726074, 203.476455688, 203.847976685, 204.207885742, 204.579406738, 204.950927734, 205.32244873, 205.682357788, 206.053878784, 206.413787842, 206.773696899, 207.145217896, 207.516723633, 207.888244629, 208.259765625, 208.631286621, 209.014419556, 209.385940552, 209.734237671, 210.08253479, 210.430831909, 210.779129028, 211.139038086, 211.498947144, 211.858856201, 212.218765259, 212.590286255, 212.961807251, 213.321716309, 213.693237305, 214.064758301, 214.436279297, 214.807800293, 215.167709351, 215.527618408, 215.887527466, 216.247436523, 216.607345581, 216.978866577, 217.338775635, 217.710296631, 218.081817627, 218.453323364, 218.82484436, 219.207977295, 219.579498291, 219.951019287, 220.322540283, 220.682449341, 221.042358398, 221.413879395, 221.785385132, 222.145309448, 222.505218506, 222.865127563, 223.306304932, 223.7474823, 224.188659668, 224.629837036, 225.071014404, 225.523803711, 225.964981079, 226.406158447, 226.847335815, 227.288528442, 227.671646118, 228.054779053, 228.437911987, 228.809432983, 229.192550659, 229.575683594, 229.958816528, 230.341949463, 230.713470459, 231.084991455, 231.456497192, 231.828018188, 232.199539185, 232.571060181, 232.942581177, 233.314102173, 233.697235107, 234.080352783, 234.463485718, 234.858230591, 235.241363525, 235.63609314, 236.030838013, 236.425567627, 236.8203125, 237.215057373, 237.609786987, 238.00453186, 238.387664795, 238.770782471, 239.153915405, 239.53704834, 239.920181274, 240.30329895, 240.686431885, 241.046340942, 241.40625, 241.766159058, 242.126068115, 242.474365234, 242.834274292, 243.18258667, 243.542495728, 243.879180908, 244.20425415, 244.54095459, 244.877639771, 245.214324951, 245.539413452, 245.876098633, 246.201171875, 246.537857056, 246.874557495, 247.211242676, 247.547927856, 247.884628296, 248.221313477, 248.546386719, 248.883071899, 249.219772339, 249.55645752, 249.8931427, 250.22984314, 250.56652832, 250.891601562, 251.228302002, 251.564987183, 251.890060425, 252.226745605, 252.563446045, 252.900131226, 253.248428345, 253.585113525, 253.921813965, 254.270111084, 254.606796265, 254.931884766, 255.268569946, 255.593643188, 255.930328369, 256.267028809, 256.603729248, 256.94039917, 257.277099609, 257.613769531, 257.96206665, 258.29876709, 258.647064209, 258.995361328, 259.332061768, 259.668762207, 260.063476562, 260.458221436, 260.852966309, 261.247711182, 261.619232178, 261.979125977, 262.350646973, 262.710571289, 263.082092285, 263.453613281, 263.825134277, 264.196624756, 264.556549072, 264.916442871, 265.287963867, 265.671112061, 266.054229736, 266.43737793, 266.820495605, 267.203613281, 267.563537598, 267.911834717, 268.260131836, 268.608428955, 268.979949951, 269.33984375, 269.699768066, 270.071289062, 270.466033936, 270.849151611, 271.232299805, 271.603790283, 271.975311279, 272.346832275, 272.729980469, 273.101501465, 273.473022461, 273.844543457],
    "bpm_histogram": [0, 0, 0, 0, 0, 0, 0, 0, 0, 0, 0, 0, 0, 0, 0, 0, 0, 0, 0, 0, 0, 0, 0, 0, 0, 0, 0, 0, 0, 0, 0, 0, 0, 0, 0, 0, 0, 0, 0, 0, 0, 0, 0, 0, 0, 0, 0, 0, 0, 0, 0, 0, 0, 0, 0, 0, 0, 0, 0, 0, 0, 0, 0, 0, 0, 0, 0, 0, 0, 0, 0, 0, 0, 0, 0, 0, 0, 0, 0, 0, 0, 0, 0, 0, 0, 0, 0, 0, 0, 0, 0, 0, 0, 0, 0.00150602404028, 0, 0.00602409616113, 0, 0.00753012066707, 0.00451807212085, 0, 0.00451807212085, 0, 0.00150602404028, 0, 0.010542168282, 0, 0, 0.0150602413341, 0, 0.0135542172939, 0, 0, 0, 0, 0.019578313455, 0, 0.0120481923223, 0, 0, 0.0406626500189, 0, 0, 0.0406626500189, 0, 0, 0.0316265076399, 0, 0, 0.0240963846445, 0, 0, 0, 0.0316265076399, 0, 0, 0.0421686731279, 0, 0, 0, 0.0286144576967, 0, 0, 0, 0.0346385538578, 0, 0, 0, 0.0210843365639, 0, 0, 0, 0.0677710846066, 0, 0, 0, 0, 0.112951807678, 0, 0, 0, 0.150602415204, 0.019578313455, 0, 0, 0, 0, 0.108433738351, 0, 0, 0, 0, 0.0632530152798, 0, 0, 0, 0, 0, 0.0737951770425, 0, 0, 0, 0, 0, 0, 0.0120481923223, 0, 0, 0, 0, 0, 0, 0, 0, 0, 0, 0, 0, 0, 0, 0, 0, 0, 0, 0, 0, 0, 0, 0, 0, 0, 0, 0, 0, 0, 0, 0, 0, 0, 0, 0, 0, 0, 0, 0, 0, 0, 0, 0, 0, 0, 0, 0, 0, 0, 0, 0, 0, 0, 0, 0, 0, 0, 0, 0, 0, 0, 0, 0, 0]
},
"tonal": {
    "chords_changes_rate": 0.060534324497,
    "chords_number_rate": 0.00338180596009,
    "chords_strength": {
        "mean": 0.535390138626,
        "stdev": 0.112090364099
    },
    "hpcp_crest": {
        "mean": 17.0161552429,
        "stdev": 8.07581329346
    },
    "hpcp_entropy": {
        "mean": 1.59491658211,
        "stdev": 0.735731482506
    },
    "key_edma": {
        "strength": 0.68989855051,
        "key": "G",
        "scale": "major"
    },
    "key_krumhansl": {
        "strength": 0.69611030817,
        "key": "G",
        "scale": "major"
    },
    "key_temperley": {
        "strength": 0.696392059326,
        "key": "G",
        "scale": "major"
    },
    "tuning_diatonic_strength": 0.513211905956,
    "tuning_equal_tempered_deviation": 0.0162285938859,
    "tuning_frequency": 440.763122559,
    "tuning_nontempered_energy_ratio": 0.721622884274,
    "hpcp": {
        "mean": [0.146501302719, 0.0995756089687, 0.0721803605556, 0.102599613369, 0.0738847106695, 0.114928819239, 0.220137953758, 0.15935048461, 0.0814362168312, 0.0876701772213, 0.0562668032944, 0.0514428317547, 0.0785998776555, 0.0645937994123, 0.103836581111, 0.176925763488, 0.135279774666, 0.0832409933209, 0.0916725844145, 0.078048966825, 0.107782170177, 0.159320220351, 0.107399016619, 0.0722781717777, 0.0800753831863, 0.0538266040385, 0.0740037709475, 0.141236871481, 0.138383194804, 0.161611765623, 0.229167938232, 0.187426969409, 0.128329649568, 0.123777501285, 0.0933888703585, 0.100471042097],
