{
"metadata": {
    "version": {
        "essentia": "2.1-dev",
        "essentia_git_sha": "v2.1_beta3-415-gd5473f3",
        "extractor": "music 2.0"
    },
    "audio_properties": {
        "analysis": {
            "equal_loudness": 0,
            "length": 232.594284058,
            "sample_rate": 44100,
            "start_time": 0,
            "downmix": "mix"
        },
        "bit_rate": 128000,
        "length": 232.594284058,
        "lossless": 0,
        "number_channels": 2,
        "replay_gain": -5.10154151917,
        "sample_rate": 44100,
        "codec": "mp3",
        "md5_encoded": "ec2cb4f1dc1b7b41188be9b584ad5619"
    },
    "tags": {
        "file_name": "faure-sicilienne.mp3",
        "artist": ["Gabriel Faure"],
        "genre": ["Classical"],
        "title": ["Sicilienne"]
    }
},
"lowlevel": {
    "average_loudness": 0.091861769557,
    "barkbands_crest": {
        "mean": 13.4770479202,
        "stdev": 4.05082941055
    },
    "barkbands_flatness_db": {
        "mean": 0.327308505774,
        "stdev": 0.0625712946057
    },
    "barkbands_kurtosis": {
        "mean": 11.6434593201,
        "stdev": 21.8436985016
    },
    "barkbands_skewness": {
        "mean": 1.93176150322,
        "stdev": 1.86338496208
    },
    "barkbands_spread": {
        "mean": 3.69437479973,
        "stdev": 2.77074694633
    },
    "dissonance": {
        "mean": 0.374280154705,
        "stdev": 0.0645840913057
    },
    "dynamic_complexity": 5.43692588806,
    "erbbands_crest": {
        "mean": 14.083574295,
        "stdev": 5.15047979355
    },
    "erbbands_flatness_db": {
        "mean": 0.333045572042,
        "stdev": 0.0726557523012
    },
    "erbbands_kurtosis": {
        "mean": 3.43054056168,
        "stdev": 4.98926687241
    },
    "erbbands_skewness": {
        "mean": 1.07767093182,
        "stdev": 1.05153465271
    },
    "erbbands_spread": {
        "mean": 13.4507570267,
        "stdev": 20.1704158783
    },
    "hfc": {
        "mean": 7.8150806427,
        "stdev": 10.7988605499
    },
    "loudness_ebu128": {
        "integrated": -19.9302711487,
        "loudness_range": 8.72237205505,
        "momentary": {
            "mean": -23.3101348877,
            "stdev": 7.51769590378
        },
        "short_term": {
            "mean": -21.9116859436,
            "stdev": 5.62468242645
        }
    },
    "melbands_crest": {
        "mean": 16.6173038483,
        "stdev": 5.75252962112
    },
    "melbands_flatness_db": {
        "mean": 0.413557738066,
        "stdev": 0.0719510018826
    },
    "melbands_kurtosis": {
        "mean": 21.8940734863,
        "stdev": 90.1655578613
    },
    "melbands_skewness": {
        "mean": 2.18961071968,
        "stdev": 3.02709984779
    },
    "melbands_spread": {
        "mean": 5.37998342514,
        "stdev": 3.95840954781
    },
    "pitch_salience": {
        "mean": 0.528483450413,
        "stdev": 0.127250134945
    },
    "silence_rate_20dB": {
        "mean": 0.999700546265,
        "stdev": 0.0173007007688
    },
    "silence_rate_30dB": {
        "mean": 0.983829081059,
        "stdev": 0.126127019525
    },
    "silence_rate_60dB": {
        "mean": 0.165102809668,
        "stdev": 0.37128469348
    },
    "spectral_centroid": {
        "mean": 453.744659424,
        "stdev": 202.807739258
    },
    "spectral_complexity": {
        "mean": 8.36404514313,
        "stdev": 3.84851717949
    },
    "spectral_decrease": {
        "mean": -4.75931782873e-09,
        "stdev": 6.44714281961e-09
    },
    "spectral_energy": {
        "mean": 0.0186715926975,
        "stdev": 0.0252498146147
    },
    "spectral_energyband_high": {
        "mean": 4.49202343589e-06,
        "stdev": 1.52350066855e-05
    },
    "spectral_energyband_low": {
        "mean": 0.000734275323339,
        "stdev": 0.00265502533875
    },
    "spectral_energyband_middle_high": {
        "mean": 0.0012943163747,
        "stdev": 0.00358610833064
    },
    "spectral_energyband_middle_low": {
        "mean": 0.0170955806971,
        "stdev": 0.0241889283061
    },
    "spectral_entropy": {
        "mean": 5.72402524948,
        "stdev": 0.579931437969
    },
    "spectral_flux": {
        "mean": 0.0368204005063,
        "stdev": 0.029161721468
    },
    "spectral_kurtosis": {
        "mean": 69.3344726562,
        "stdev": 50.9639892578
    },
    "spectral_rms": {
        "mean": 0.00365415052511,
        "stdev": 0.00220531248488
    },
    "spectral_rolloff": {
        "mean": 544.03692627,
        "stdev": 261.610168457
    },
    "spectral_skewness": {
        "mean": 5.92861700058,
        "stdev": 2.4440112114
    },
    "spectral_spread": {
        "mean": 1526772.75,
        "stdev": 1362836.125
    },
    "spectral_strongpeak": {
        "mean": 1.08567619324,
        "stdev": 1.04349339008
    },
    "zerocrossingrate": {
        "mean": 0.0214431900531,
        "stdev": 0.0081359539181
    },
    "barkbands": {
        "mean": [2.2143433398e-06, 0.000128934334498, 0.000258206273429, 0.000864125555381, 0.00514495978132, 0.00585908349603, 0.00204924447462, 0.00153908284847, 0.00139235891402, 0.000549475138541, 0.000296250451356, 0.000201779112103, 0.000133650697535, 9.46628642851e-05, 4.18924828409e-05, 2.87543080049e-05, 6.36344193481e-05, 1.41675864143e-05, 3.61615025213e-06, 2.86476529254e-06, 8.34808417949e-07, 7.79144272656e-07, 2.59353242882e-07, 2.44544679617e-07, 3.50480831912e-07, 1.94045867374e-07, 4.55311255365e-09],
        "stdev": [2.49967865784e-06, 0.000642377999611, 0.000661490717903, 0.00364834163338, 0.00861626118422, 0.0134539445862, 0.004743270576, 0.00339484913275, 0.00536993332207, 0.00178373605013, 0.00159537047148, 0.00140006386209, 0.00105157773942, 0.000326006615069, 0.000118414878671, 9.39575402299e-05, 0.000294684781693, 5.30608012923e-05, 1.35007448989e-05, 1.06883217086e-05, 2.95845597975e-06, 3.13413602271e-06, 9.70136852629e-07, 8.71830593496e-07, 1.25238125293e-06, 9.40823440487e-07, 2.75414659967e-08]
    },
    "erbbands": {
        "mean": [0.00160034454893, 0.0398695655167, 0.265006750822, 1.69515538216, 7.2437415123, 18.2056007385, 46.9136352539, 40.1328201294, 32.1874084473, 25.9194316864, 46.6050109863, 29.8898601532, 18.5079421997, 16.150636673, 8.77462673187, 8.9273109436, 6.63480091095, 5.88957691193, 2.45636796951, 2.13860106468, 3.10732221603, 2.06554436684, 0.847185492516, 0.414023309946, 0.103339001536, 0.142528101802, 0.0632034391165, 0.0272775758058, 0.0304829701781, 0.0160372145474, 0.00775264529511, 0.00561502715573, 0.00416137604043, 0.0047618933022, 0.00185257091653, 0.001245583524, 0.000262907065917, 2.5668519811e-05, 9.49511559156e-06, 2.09178633668e-05],
        "stdev": [0.00788873527199, 0.176804706454, 0.648318707943, 7.09795093536, 18.5450325012, 29.9554138184, 147.78112793, 87.4191970825, 55.3849754333, 76.8208999634, 105.061576843, 112.403671265, 49.6142501831, 71.9105758667, 51.6475067139, 58.5269432068, 51.0082015991, 19.7624721527, 5.93820333481, 7.64243078232, 11.8539800644, 8.35414123535, 3.38802838326, 1.42384874821, 0.282421499491, 0.560802102089, 0.217799305916, 0.0926950201392, 0.121412612498, 0.069400459528, 0.0305378381163, 0.0233858972788, 0.0136829512194, 0.0170730892569, 0.00738622201607, 0.00618092156947, 0.00120161799714, 0.000127030740259, 1.30754779093e-05, 2.82286328002e-05]
    },
    "gfcc": {
        "mean": [-191.420288086, 196.778091431, -109.608177185, -29.027469635, -62.4083595276, -20.8399982452, -46.2708206177, -16.6274204254, -16.792930603, -18.8214950562, -4.3755197525, -10.9020166397, -1.21536171436],
        "cov": [[9247.70800781, 352.153778076, -2289.13549805, -696.398254395, -93.5601348877, -932.570617676, -680.063110352, -64.5552444458, -407.766143799, 33.0568962097, -323.840942383, -29.8130187988, 192.637695312], [352.153778076, 1894.05175781, 138.735168457, -694.293762207, 8.78634166718, -235.387359619, 124.563919067, -319.810058594, 177.131896973, -390.587615967, 182.36579895, -288.881164551, 60.2081947327], [-2289.13549805, 138.735168457, 1084.48913574, 206.973602295, 44.9360542297, 258.491973877, 222.33531189, -8.59057235718, 79.4557342529, -15.9210510254, 56.8726806641, -21.0998744965, -107.119407654], [-696.398254395, -694.293762207, 206.973602295, 664.287231445, 96.9083175659, 154.683334351, 40.7749214172, 143.769485474, -89.4829864502, 104.582740784, -46.0712966919, 77.3339996338, -43.2867507935], [-93.5601348877, 8.78634166718, 44.9360542297, 96.9083175659, 235.356918335, 97.1475524902, 48.0093574524, 39.4862747192, 17.4408187866, -20.4503307343, -23.0595817566, 13.5229701996, -24.7580966949], [-932.570617676, -235.387359619, 258.491973877, 154.683334351, 97.1475524902, 303.294769287, 109.631492615, 58.7825622559, 29.7649745941, 45.6104888916, -25.1492710114, 40.1973724365, -43.8634986877], [-680.063110352, 124.563919067, 222.33531189, 40.7749214172, 48.0093574524, 109.631492615, 191.635391235, 30.1261863708, 44.608039856, -28.7666473389, 21.9747085571, -24.8746509552, -25.7025814056], [-64.5552444458, -319.810058594, -8.59057235718, 143.769485474, 39.4862747192, 58.7825622559, 30.1261863708, 174.996520996, 16.3688297272, 75.5229492188, -50.0260429382, 42.5014572144, -32.2537078857], [-407.766143799, 177.131896973, 79.4557342529, -89.4829864502, 17.4408187866, 29.7649745941, 44.608039856, 16.3688297272, 159.956665039, 2.97270941734, 39.4533157349, -26.9617080688, -12.5066814423], [33.0568962097, -390.587615967, -15.9210510254, 104.582740784, -20.4503307343, 45.6104888916, -28.7666473389, 75.5229492188, 2.97270941734, 189.332870483, -6.04536724091, 66.1545715332, -34.0573539734], [-323.840942383, 182.36579895, 56.8726806641, -46.0712966919, -23.0595817566, -25.1492710114, 21.9747085571, -50.0260429382, 39.4533157349, -6.04536724091, 148.949737549, 8.68181705475, 7.67406368256], [-29.8130187988, -288.881164551, -21.0998744965, 77.3339996338, 13.5229701996, 40.1973724365, -24.8746509552, 42.5014572144, -26.9617080688, 66.1545715332, 8.68181705475, 130.584564209, 15.556063652], [192.637695312, 60.2081947327, -107.119407654, -43.2867507935, -24.7580966949, -43.8634986877, -25.7025814056, -32.2537078857, -12.5066814423, -34.0573539734, 7.67406368256, 15.556063652, 98.7674942017]],
        "icov": [[0.000553017249331, -0.000947135151364, 0.000868858129252, -0.000101686979178, -0.000140979929711, 0.000521015143022, 0.000672784459312, -0.000542210531421, 0.0013325959444, -0.00140717194881, 0.00140250718687, -0.000748493592255, 0.00028301650309], [-0.000947135151364, 0.00525145418942, -0.00217974442057, 0.00239254790358, -0.00165808957536, 0.00104466965422, -0.00274383788928, 0.002840208821, -0.00354906870052, 0.00539820175618, -0.00469982204959, 0.00504986708984, -0.00142583961133], [0.000868858129252, -0.00217974442057, 0.00320808356628, -0.00125124852639, 0.000772883475292, -0.000376658048481, 9.79114265647e-05, -4.86929166073e-05, 0.00151062570512, -0.0022339776624, 0.00250037945807, -0.00227698637173, 0.00218646042049], [-0.000101686979178, 0.00239254790358, -0.00125124852639, 0.00413012504578, -0.00202562706545, 0.000526571180671, -0.000673061353154, -0.000907678273506, 0.00133060885128, 0.0011839827057, -0.00222930987366, 0.00280783884227, -0.00124484894332], [-0.000140979929711, -0.00165808957536, 0.000772883475292, -0.00202562706545, 0.00685946363956, -0.00266240537167, 0.000162493539392, -0.000874627672601, -0.000974237453192, 0.00105016655289, 0.00146431301255, -0.00303554045968, 0.00213302206248], [0.000521015143022, 0.00104466965422, -0.000376658048481, 0.000526571180671, -0.00266240537167, 0.00796287599951, -0.00300070154481, 0.00149576249532, -0.000501095259096, -0.00106651615351, 0.00216577458195, -0.000918426841963, 0.000290986616164], [0.000672784459312, -0.00274383788928, 9.79114265647e-05, -0.000673061353154, 0.000162493539392, -0.00300070154481, 0.0111853126436, -0.00488104857504, 0.00225602136925, -0.00106388761196, 0.000154044522787, 0.000108462452772, 8.63185123308e-05], [-0.000542210531421, 0.002840208821, -4.86929166073e-05, -0.000907678273506, -0.000874627672601, 0.00149576249532, -0.00488104857504, 0.0132753662765, -0.00565167609602, 0.000738584785722, 0.00185402960051, -0.000823233567644, 0.0019102266524], [0.0013325959444, -0.00354906870052, 0.00151062570512, 0.00133060885128, -0.000974237453192, -0.000501095259096, 0.00225602136925, -0.00565167609602, 0.013654211536, -0.00587499840185, 0.000760075403377, 0.000217545719352, -0.000329533126205], [-0.00140717194881, 0.00539820175618, -0.0022339776624, 0.0011839827057, 0.00105016655289, -0.00106651615351, -0.00106388761196, 0.000738584785722, -0.00587499840185, 0.0155367255211, -0.00606834469363, 0.00139620306436, 0.00216888822615], [0.00140250718687, -0.00469982204959, 0.00250037945807, -0.00222930987366, 0.00146431301255, 0.00216577458195, 0.000154044522787, 0.00185402960051, 0.000760075403377, -0.00606834469363, 0.0149707198143, -0.00773518392816, 0.00189758138731], [-0.000748493592255, 0.00504986708984, -0.00227698637173, 0.00280783884227, -0.00303554045968, -0.000918426841963, 0.000108462452772, -0.000823233567644, 0.000217545719352, 0.00139620306436, -0.00773518392816, 0.0180804561824, -0.00600456027314], [0.00028301650309, -0.00142583961133, 0.00218646042049, -0.00124484894332, 0.00213302206248, 0.000290986616164, 8.63185123308e-05, 0.0019102266524, -0.000329533126205, 0.00216888822615, 0.00189758138731, -0.00600456027314, 0.0150823770091]]
    },
    "melbands": {
        "mean": [2.55992690654e-05, 0.000103988459159, 0.000421120552346, 0.000868327682838, 0.00144597771578, 0.000944159866776, 0.000497164903209, 0.000267497613095, 0.000395316223148, 0.000172966305399, 8.77791753737e-05, 6.47418783046e-05, 3.14577337122e-05, 2.20049350901e-05, 2.05292908504e-05, 1.38234199767e-05, 1.06220595626e-05, 3.89205843021e-06, 3.24488951264e-06, 2.06765048461e-06, 4.72130750495e-06, 2.93156040243e-06, 8.20407421998e-07, 6.84643339355e-07, 2.95153569141e-07, 8.58496846945e-08, 5.89618487368e-08, 1.07110913916e-07, 4.91827876203e-08, 1.98273948371e-08, 1.29847794739e-08, 1.68060481087e-08, 1.64029589911e-08, 5.95112670254e-09, 4.4940504651e-09, 3.80982534409e-09, 3.00291769229e-09, 2.21141749357e-09, 4.65688732021e-09, 3.65204622099e-09],
        "stdev": [0.000133216250106, 0.000269280397333, 0.0014150881907, 0.00153031689115, 0.00408209627494, 0.00194683845621, 0.00090628862381, 0.000747736601625, 0.000985788879916, 0.000719361822121, 0.00024520806619, 0.000297689286526, 0.000158944181749, 9.45461069932e-05, 0.000271628901828, 0.000115815244499, 3.70183297491e-05, 1.10394730655e-05, 1.04590844785e-05, 7.67058918427e-06, 2.00650410989e-05, 1.30305570565e-05, 6.07100764682e-06, 3.24687357534e-06, 1.07358562218e-06, 3.02694900256e-07, 1.90409309653e-07, 4.77706635138e-07, 1.85770900885e-07, 8.04059112625e-08, 4.40491660925e-08, 7.17627059998e-08, 7.78400561785e-08, 2.63464325911e-08, 2.0118305244e-08, 1.35528548384e-08, 1.33842679162e-08, 7.67428964821e-09, 1.6965978844e-08, 1.33757716014e-08]
    },
    "melbands128": {
        "mean": [1.40943700444e-06, 4.24606378147e-06, 3.26768713421e-05, 7.15283167665e-05, 0.000107595296868, 0.000133679932333, 0.000291604694212, 0.000481974508148, 0.00071065017255, 0.000880428822711, 0.00107581017073, 0.00117982015945, 0.00205218186602, 0.00115284626372, 0.000867705966812, 0.00092538271565, 0.000664882769343, 0.000349098001607, 0.000545845367014, 0.000235487023019, 0.000151596221258, 0.000304278713884, 0.000550351629499, 0.000391043897253, 0.000125674210722, 0.000162768323207, 7.71957493271e-05, 0.000106922852865, 5.51113080292e-05, 7.10697931936e-05, 7.25841746316e-05, 4.68775433546e-05, 2.05081050808e-05, 3.32867020916e-05, 1.51588374138e-05, 2.26886568271e-05, 2.47371535806e-05, 2.81509237539e-05, 9.88114061329e-06, 1.21813745864e-05, 1.80123224709e-05, 1.09662723844e-05, 9.71331519395e-06, 1.36905791805e-05, 3.33803973263e-06, 2.19591083805e-06, 3.74266846848e-06, 3.26839335685e-06, 2.79402115666e-06, 3.62241485163e-06, 1.58408408879e-06, 1.06190282168e-06, 1.92418451661e-06, 7.94564039097e-06, 8.40550183057e-06, 5.03743194713e-07, 3.79986659027e-07, 1.03175261756e-06, 9.78887328529e-07, 4.57855065861e-07, 9.71467557065e-07, 4.85369753278e-07, 3.32592605901e-07, 3.14389637879e-07, 1.32458993107e-07, 6.29090095572e-08, 7.21530355463e-08, 2.39446755756e-08, 5.88921658107e-08, 1.02993070072e-07, 9.7555890477e-08, 1.33911200351e-07, 7.18287935797e-08, 3.30631060308e-08, 1.8853667072e-08, 2.23590337356e-08, 2.05978114565e-08, 1.32992488133e-08, 1.44039873362e-08, 7.49623652041e-09, 1.73195608966e-08, 1.64461546603e-08, 2.33444552578e-08, 1.80536119387e-08, 1.06456763405e-08, 6.06721650698e-09, 5.09127096038e-09, 3.98567934212e-09, 4.75273953526e-09, 4.43593028976e-09, 3.7884233528e-09, 2.77778022806e-09, 5.44123812674e-09, 2.90862200991e-09, 1.96526928065e-09, 1.7415165976e-09, 2.29390795248e-09, 2.55304111185e-09, 4.46605330495e-09, 6.35078034605e-09, 4.83052930988e-09, 3.0882805202e-09, 2.19122742173e-09, 2.06989048124e-09, 1.90398985467e-09, 1.95994331875e-09, 1.77305947702e-09, 2.05920192009e-09, 2.9178233163e-09, 2.1177719578e-09, 1.34148081532e-09, 1.03171882149e-09, 6.4366401098e-10, 4.20243978505e-10, 2.99908625712e-10, 2.34174069025e-10, 1.52639678674e-10, 2.70034376804e-11, 3.01466187083e-12, 2.95352631241e-12, 2.89184344873e-12, 2.84521885219e-12, 2.78861460833e-12, 2.73538288374e-12, 2.70696464376e-12, 2.68550047651e-12, 2.66874369825e-12, 2.64796908359e-12],
        "stdev": [1.57711258453e-06, 1.38668619911e-05, 0.000204292402486, 0.000341733189998, 0.00029307504883, 0.00036353955511, 0.00159746839199, 0.00189733516891, 0.00243155262433, 0.00204250542447, 0.00227590743452, 0.00311092101038, 0.00731524731964, 0.00387811497785, 0.00279510067776, 0.00182016170584, 0.00154288660269, 0.000780990172643, 0.0018413598882, 0.00111512443982, 0.000796544598415, 0.000790294958279, 0.00139654788654, 0.00174497452099, 0.000599135644734, 0.00107366475277, 0.000348633067915, 0.000319598970236, 0.000366057793144, 0.000412644294556, 0.000424580008257, 0.000277215673123, 8.89638031367e-05, 0.000383441627491, 7.11479733582e-05, 9.9183198472e-05, 0.000131117427372, 0.000597481848672, 0.000100322329672, 9.54834613367e-05, 0.00022982696828, 4.02570149163e-05, 3.86218380299e-05, 7.27369406377e-05, 1.4291743355e-05, 9.22998970054e-06, 1.45394578794e-05, 1.70658859133e-05, 1.16812580018e-05, 2.3471442546e-05, 5.7806478253e-06, 3.79597190658e-06, 1.08946078399e-05, 4.39856667072e-05, 4.2613264668e-05, 2.28167596106e-06, 1.93434448192e-06, 1.28844367282e-05, 5.64762376598e-06, 1.79971448233e-06, 6.6371990215e-06, 3.51249514097e-06, 1.64050686635e-06, 1.7356742319e-06, 9.03190766621e-07, 2.55489709389e-07, 2.70840502026e-07, 1.03452350686e-07, 2.56835960499e-07, 4.85243390358e-07, 5.9958381371e-07, 8.22650974897e-07, 3.61946348448e-07, 1.69339230638e-07, 8.50778079098e-08, 1.00350526111e-07, 1.62788794e-07, 5.4780166181e-08, 6.03537628763e-08, 3.08704706242e-08, 9.60243795589e-08, 7.90501033521e-08, 1.11801888636e-07, 1.21462036873e-07, 4.94276548579e-08, 4.01500592773e-08, 2.30213021979e-08, 2.43175399817e-08, 2.8008187769e-08, 2.24622631606e-08, 1.21781695839e-08, 1.15941158896e-08, 3.03603933105e-08, 1.57665542844e-08, 9.03693031518e-09, 6.86295331676e-09, 9.18603770828e-09, 9.554106839e-09, 1.85610815606e-08, 2.78542344745e-08, 2.05381684992e-08, 1.19734577808e-08, 9.57941548307e-09, 1.01573620626e-08, 9.34517174755e-09, 1.01745216696e-08, 7.85331533137e-09, 1.08515614272e-08, 1.78219892177e-08, 1.1233843189e-08, 6.89382062546e-09, 5.20719778407e-09, 3.37807604112e-09, 2.39727082629e-09, 1.62279745197e-09, 1.47807521778e-09, 1.0090982494e-09, 1.87712276278e-10, 6.40377117653e-12, 6.23767617419e-12, 6.08913527239e-12, 5.95802010159e-12, 5.84151607294e-12, 5.74145201868e-12, 5.65775724881e-12, 5.5910788152e-12, 5.54310330275e-12, 5.51431166354e-12]
    },
    "mfcc": {
        "mean": [-830.432617188, 223.877365112, 9.52252006531, -9.82199573517, -4.60650110245, -17.5184230804, -18.3483772278, -13.1711874008, -13.1459360123, -14.1694793701, -7.54965734482, -6.66632461548, -7.39129543304],
        "cov": [[7085.60400391, 1451.13000488, -2163.23706055, -234.549789429, -188.064483643, -596.927001953, -580.484130859, -370.668151855, -146.677429199, -364.535369873, -212.195968628, -142.174224854, -40.4514884949], [1451.13000488, 1907.43615723, -53.8953857422, -473.398071289, -125.096549988, -213.222366333, -206.835540771, -111.842689514, -140.318023682, -111.918052673, -87.3339920044, -64.7686157227, -115.827484131], [-2163.23706055, -53.8953857422, 1131.50219727, 66.164604187, -16.1586265564, 199.877578735, 191.285186768, 81.9378356934, 14.7812891006, 109.070808411, 61.6317253113, 38.3070106506, -18.1705341339], [-234.549789429, -473.398071289, 66.164604187, 404.510009766, 113.095977783, 38.1345825195, 104.647361755, 65.3835067749, 27.6510658264, 8.78446865082, 25.3627548218, 31.4660568237, 13.9441375732], [-188.064483643, -125.096549988, -16.1586265564, 113.095977783, 190.552246094, 81.3489379883, 41.3191184998, 73.1767807007, 43.1856689453, 11.58573246, 2.84363555908, 15.9273328781, 8.84817028046], [-596.927001953, -213.222366333, 199.877578735, 38.1345825195, 81.3489379883, 214.42489624, 127.552635193, 59.2173118591, 54.2469673157, 47.253490448, 18.1289367676, 8.29530334473, 21.2537994385], [-580.484130859, -206.835540771, 191.285186768, 104.647361755, 41.3191184998, 127.552635193, 189.690872192, 95.4873809814, 30.0590057373, 37.4379348755, 20.3103923798, 21.1147785187, 14.5261669159], [-370.668151855, -111.842689514, 81.9378356934, 65.3835067749, 73.1767807007, 59.2173118591, 95.4873809814, 152.503936768, 77.011100769, 19.6824111938, 12.4084653854, 21.036781311, 4.42001390457], [-146.677429199, -140.318023682, 14.7812891006, 27.6510658264, 43.1856689453, 54.2469673157, 30.0590057373, 77.011100769, 148.739898682, 68.4409713745, -2.5087480545, 5.20042705536, 9.45247268677], [-364.535369873, -111.918052673, 109.070808411, 8.78446865082, 11.58573246, 47.253490448, 37.4379348755, 19.6824111938, 68.4409713745, 130.224578857, 60.881942749, 8.33812332153, -1.58553862572], [-212.195968628, -87.3339920044, 61.6317253113, 25.3627548218, 2.84363555908, 18.1289367676, 20.3103923798, 12.4084653854, -2.5087480545, 60.881942749, 125.63483429, 47.5680885315, -5.50228881836], [-142.174224854, -64.7686157227, 38.3070106506, 31.4660568237, 15.9273328781, 8.29530334473, 21.1147785187, 21.036781311, 5.20042705536, 8.33812332153, 47.5680885315, 105.224746704, 46.2420692444], [-40.4514884949, -115.827484131, -18.1705341339, 13.9441375732, 8.84817028046, 21.2537994385, 14.5261669159, 4.42001390457, 9.45247268677, -1.58553862572, -5.50228881836, 46.2420692444, 104.48008728]],
        "icov": [[0.000762644165661, -0.00073811650509, 0.00138268258888, -0.00105025037192, 0.000936921976972, -0.000444185803644, 0.000376393145416, 0.000855589925777, -0.000922826875467, 0.000887123344, -0.00036499768612, 0.000293258024612, -0.00027195099392], [-0.00073811650509, 0.00171340978704, -0.00157966383267, 0.00229189544916, -0.00161918438971, 0.00151851284318, -0.000594239565544, -0.000666868174449, 0.00118139770348, -0.000480709277326, 0.000741861236747, -0.000527480326127, 0.0011305201333], [0.00138268258888, -0.00157966383267, 0.00398039072752, -0.00262349867262, 0.00319155934267, -0.00284859002568, 0.00116827758029, 0.000151716594701, -8.5368155851e-05, -0.000309654016746, 0.000288017414277, -0.000480200309539, 0.000197551897145], [-0.00105025037192, 0.00229189544916, -0.00262349867262, 0.00725542381406, -0.00576782412827, 0.00529058044776, -0.00541191361845, 0.00181901699398, -0.000840606924612, 0.00153408304323, -0.000997083261609, -5.5660471844e-05, 0.000868769420777], [0.000936921976972, -0.00161918438971, 0.00319155934267, -0.00576782412827, 0.0132197933272, -0.00895717740059, 0.00768140144646, -0.0069448701106, 0.00302410754375, -0.00286570820026, 0.00272452412173, -0.00200459384359, 0.000534555118065], [-0.000444185803644, 0.00151851284318, -0.00284859002568, 0.00529058044776, -0.00895717740059, 0.0163134355098, -0.0122151263058, 0.00757738761604, -0.00659151095897, 0.00438813492656, -0.00391292292625, 0.00338293751702, -0.00191267940681], [0.000376393145416, -0.000594239565544, 0.00116827758029, -0.00541191361845, 0.00768140144646, -0.0122151263058, 0.0205618347973, -0.0134030301124, 0.00917553436011, -0.00720886187628, 0.00504053942859, -0.0026756033767, 0.000465122720925], [0.000855589925777, -0.000666868174449, 0.000151716594701, 0.00181901699398, -0.0069448701106, 0.00757738761604, -0.0134030301124, 0.0225229226053, -0.0149298906326, 0.0107255047187, -0.00665115751326, 0.00181694526691, -0.000308013695758], [-0.000922826875467, 0.00118139770348, -8.5368155851e-05, -0.000840606924612, 0.00302410754375, -0.00659151095897, 0.00917553436011, -0.0149298906326, 0.0218564607203, -0.0155481239781, 0.00993194431067, -0.00407436583191, 0.0016034306027], [0.000887123344, -0.000480709277326, -0.000309654016746, 0.00153408304323, -0.00286570820026, 0.00438813492656, -0.00720886187628, 0.0107255047187, -0.0155481239781, 0.0229429081082, -0.0131407538429, 0.00572577305138, -0.00202086986974], [-0.00036499768612, 0.000741861236747, 0.000288017414277, -0.000997083261609, 0.00272452412173, -0.00391292292625, 0.00504053942859, -0.00665115751326, 0.00993194431067, -0.0131407538429, 0.0188124105334, -0.00990640558302, 0.00528735620901], [0.000293258024612, -0.000527480326127, -0.000480200309539, -5.5660471844e-05, -0.00200459384359, 0.00338293751702, -0.0026756033767, 0.00181694526691, -0.00407436583191, 0.00572577305138, -0.00990640558302, 0.0180888734758, -0.00884278398007], [-0.00027195099392, 0.0011305201333, 0.000197551897145, 0.000868769420777, 0.000534555118065, -0.00191267940681, 0.000465122720925, -0.000308013695758, 0.0016034306027, -0.00202086986974, 0.00528735620901, -0.00884278398007, 0.0149462679401]]
    },
    "spectral_contrast_coeffs": {
        "mean": [-0.57579433918, -0.68253415823, -0.717119693756, -0.759002327919, -0.772725045681, -0.824262797832],
        "stdev": [0.109150752425, 0.085458137095, 0.0718791559339, 0.0649041756988, 0.0684750452638, 0.0438804104924]
    },
    "spectral_contrast_valleys": {
        "mean": [-7.93608903885, -7.20106697083, -8.66292667389, -9.83510494232, -10.8744115829, -13.5796546936],
        "stdev": [0.978703916073, 1.14627099037, 1.11883747578, 1.07826375961, 0.891541361809, 0.70135974884]
    }
},
"rhythm": {
    "beats_count": 492,
    "beats_loudness": {
        "mean": 0.0238577574492,
        "stdev": 0.0301047693938
    },
    "bpm": 143.832641602,
    "bpm_histogram_first_peak_bpm": 144,
    "bpm_histogram_first_peak_weight": 0.642487049103,
    "bpm_histogram_second_peak_bpm": 152,
    "bpm_histogram_second_peak_spread": 0,
    "bpm_histogram_second_peak_weight": 0.0855397135019,
    "danceability": 0.885876119137,
    "onset_rate": 1.81422746181,
    "beats_loudness_band_ratio": {
        "mean": [0.149184301496, 0.580804049969, 0.294600635767, 0.0608831606805, 0.00816363189369, 0.000594380660914],
        "stdev": [0.205673649907, 0.245744198561, 0.226325020194, 0.120300628245, 0.0209356844425, 0.00268483557738]
    },
    "beats_position": [0.441179126501, 0.893968224525, 1.33514738083, 1.75310659409, 2.17106580734, 2.57741498947, 2.97215414047, 3.36689329147, 3.7732424736, 4.1679816246, 4.5627207756, 4.96907043457, 5.36380958557, 5.75854873657, 6.1648979187, 6.57124710083, 6.96598625183, 7.37233543396, 7.77868461609, 8.18503379822, 8.59138298035, 9.02095222473, 9.45052146912, 9.89170074463, 10.3328800201, 10.7392292023, 11.1455783844, 11.5519275665, 11.9466667175, 12.3530158997, 12.7593650818, 13.1541042328, 13.5488433838, 13.9435825348, 14.3267116547, 14.7214508057, 15.1161899567, 15.5109291077, 15.9056682587, 16.3004074097, 16.7183666229, 17.1479358673, 17.5542850494, 17.9374141693, 18.3205432892, 18.7036724091, 19.0868015289, 19.4815406799, 19.8762817383, 20.2710208893, 20.6657600403, 21.0604991913, 21.4552383423, 21.8499774933, 22.2447166443, 22.6394557953, 23.0458049774, 23.4521541595, 23.8468933105, 24.2416324615, 24.6479816437, 25.0543308258, 25.4839000702, 25.9134693146, 26.343038559, 26.7493877411, 27.1557369232, 27.5620861053, 27.9800453186, 28.3980045319, 28.8159637451, 29.2223129272, 29.6402721405, 30.0582313538, 30.476190567, 30.9057598114, 31.3237190247, 31.7416782379, 32.1596374512, 32.5659866333, 32.9839439392, 33.4135131836, 33.8198623657, 34.2262115479, 34.6209526062, 35.0156898499, 35.422039032, 35.8516082764, 36.269569397, 36.6991386414, 37.1170959473, 37.5466651917, 37.976234436, 38.3825836182, 38.8005447388, 39.2185020447, 39.6248512268, 40.0312004089, 40.4607696533, 40.8903388977, 41.3083000183, 41.7378692627, 42.1442184448, 42.550567627, 42.9569168091, 43.374874115, 43.8044433594, 44.2340126038, 44.6984100342, 45.1628112793, 45.6272087097, 46.1496582031, 46.6721076965, 47.1829452515, 47.8447151184, 48.5064849854, 49.1334228516, 49.7719726562, 50.3989105225, 51.0374603271, 51.6876182556, 52.3726081848, 53.0459861755, 53.696144104, 54.3463020325, 54.9964599609, 55.6466217041, 56.3083877563, 56.9817695618, 57.6551475525, 58.2936935425, 58.9322433472, 59.5475730896, 60.162902832, 60.7782287598, 61.3703384399, 61.9508361816, 62.531337738, 63.100227356, 63.6691131592, 64.2496109009, 64.8301086426, 65.4338302612, 66.049156189, 66.6528778076, 67.1753311157, 67.7093887329, 68.2434463501, 68.7658920288, 69.2883453369, 69.8224029541, 70.3448486328, 70.8789138794, 71.3316955566, 71.7612686157, 72.2024459839, 72.6436233521, 73.0731964111, 73.5143737793, 73.9671630859, 74.4199523926, 74.8611297607, 75.3023147583, 75.7434921265, 76.1846694946, 76.6258468628, 77.0670318604, 77.49659729, 77.9377746582, 78.3557357788, 78.7736968994, 79.1916503906, 79.6096115112, 80.0391845703, 80.46875, 80.9099273682, 81.3395004272, 81.8039016724, 82.2682952881, 82.7443084717, 83.2087097168, 83.6382751465, 84.0678405762, 84.4858016968, 84.8921508789, 85.3101119995, 85.7280731201, 86.1460266113, 86.5523757935, 86.9587249756, 87.3650741577, 87.7598190308, 88.1545562744, 88.5609054565, 88.9556427002, 89.3619918823, 89.7683410645, 90.1746902466, 90.5810394287, 90.9990005493, 91.4053497314, 91.8116989136, 92.2412643433, 92.6824493408, 93.1352386475, 93.5880279541, 93.9943771362, 94.4007263184, 94.8070755005, 95.2250289917, 95.6429901123, 96.0493392944, 96.4556884766, 96.8736495972, 97.2799987793, 97.6863479614, 98.104309082, 98.5338745117, 98.9518356323, 99.381401062, 99.7993621826, 100.217323303, 100.635284424, 101.076461792, 101.506027222, 101.935600281, 102.388389587, 102.852790833, 103.317184448, 103.793197632, 104.327255249, 104.849700928, 105.372154236, 105.882987976, 106.393829346, 106.916282654, 107.450340271, 107.996009827, 108.541679382, 109.087341309, 109.633010864, 110.25995636, 110.886894226, 111.53704834, 112.163986206, 112.756095886, 113.383033752, 113.99836731, 114.625305176, 115.240631104, 115.86756897, 116.471290588, 117.086616516, 117.736778259, 118.386940002, 119.037094116, 119.687255859, 120.337409973, 120.975959778, 121.626121521, 122.206619263, 122.787117004, 123.367614746, 123.948112488, 124.528617859, 125.109115601, 125.689613342, 126.270111084, 126.873832703, 127.48915863, 128.139312744, 128.801086426, 129.451248169, 130.078186035, 130.71673584, 131.343673706, 131.958999634, 132.5859375, 133.212875366, 133.839813232, 134.478363037, 135.116912842, 135.825119019, 136.521713257, 137.137054443, 137.740768433, 138.379318237, 139.017868042, 139.691238403, 140.364624023, 141.037994385, 141.688156128, 142.326705933, 142.907211304, 143.499313354, 144.079818726, 144.532608032, 144.985397339, 145.438186646, 145.890975952, 146.343765259, 146.796554565, 147.237731934, 147.69052124, 148.143310547, 148.607711792, 149.083709717, 149.5597229, 150.024124146, 150.500137329, 150.964538574, 151.440536499, 151.904937744, 152.369338989, 152.833740234, 153.298141479, 153.762542725, 154.250152588, 154.73777771, 155.225387573, 155.701400757, 156.17741394, 156.653427124, 157.129425049, 157.593826294, 158.058227539, 158.522628784, 158.987030029, 159.404983521, 159.83454895, 160.2525177, 160.670471191, 161.088439941, 161.506393433, 161.912734985, 162.319091797, 162.737045288, 163.166610718, 163.607803345, 164.048980713, 164.466934204, 164.896499634, 165.314468384, 165.720809937, 166.138778687, 166.556732178, 166.96307373, 167.369430542, 167.775772095, 168.170516968, 168.565261841, 168.959991455, 169.366348267, 169.784301758, 170.202270508, 170.620223999, 171.03817749, 171.45614624, 171.874099731, 172.292053223, 172.698410034, 173.104751587, 173.522720337, 173.963897705, 174.416687012, 174.85786438, 175.35710144, 175.856323242, 176.343948364, 176.831558228, 177.284347534, 177.725524902, 178.166702271, 178.596282959, 179.025848389, 179.467025757, 179.908203125, 180.349380493, 180.778961182, 181.208526611, 181.638092041, 182.056045532, 182.462402344, 182.880355835, 183.298324585, 183.704666138, 184.111022949, 184.52897644, 184.946929932, 185.364898682, 185.80607605, 186.247253418, 186.688430786, 187.129608154, 187.570785522, 188.011962891, 188.441543579, 188.871109009, 189.2890625, 189.70703125, 190.13659668, 190.566162109, 190.960906982, 191.367248535, 191.761993408, 192.156738281, 192.563079834, 192.969436646, 193.375778198, 193.793731689, 194.211700439, 194.629653931, 195.105667114, 195.581680298, 196.069290161, 196.556915283, 197.044525146, 197.532150269, 198.042984009, 198.553833008, 199.05305481, 199.482620239, 199.923812866, 200.364990234, 200.794555664, 201.224121094, 201.653686523, 202.083267212, 202.501220703, 202.930786133, 203.360351562, 203.789932251, 204.219497681, 204.64906311, 205.07862854, 205.49659729, 205.914550781, 206.332519531, 206.808517456, 207.28453064, 207.760543823, 208.224945068, 208.700942993, 209.176956177, 209.641357422, 210.105758667, 210.570159912, 211.022949219, 211.475738525, 211.928527832, 212.381317139, 212.752838135, 213.135955811, 213.519088745, 213.90222168, 214.343399048, 214.784576416, 215.225753784, 215.678543091, 216.142944336, 216.595733643, 217.048522949, 217.489700317, 217.930877686, 218.383666992, 218.813232422, 219.24281311, 219.683990479, 220.171600342, 220.670837402, 221.170059204, 221.646072388, 222.122085571, 222.609695435, 223.004440308, 223.399185181, 223.793914795, 224.188659668, 224.618225098, 225.047790527, 225.488967896, 226.069473267, 226.649978638, 227.218856812, 227.799362183, 228.391464233, 228.971969604, 229.552474976, 230.121353149, 230.701858521, 231.282348633, 231.862854004],
    "bpm_histogram": [0, 0, 0, 0, 0, 0, 0, 0, 0, 0, 0, 0, 0, 0, 0, 0, 0, 0, 0, 0, 0, 0, 0, 0, 0, 0, 0, 0, 0, 0, 0, 0, 0, 0, 0, 0, 0, 0, 0, 0, 0, 0, 0, 0, 0, 0, 0, 0, 0, 0, 0, 0, 0, 0, 0, 0, 0, 0, 0, 0, 0, 0, 0, 0, 0, 0, 0, 0, 0, 0, 0, 0, 0, 0, 0, 0, 0, 0, 0, 0, 0, 0, 0, 0, 0, 0.00203665997833, 0.00203665997833, 0, 0.00203665997833, 0.0122199589387, 0, 0.00814663991332, 0.0305498987436, 0, 0.0224032588303, 0, 0.026476578787, 0, 0.0203665979207, 0.0101832989603, 0, 0.00814663991332, 0, 0.0448065176606, 0, 0.00814663991332, 0, 0, 0, 0, 0.00814663991332, 0, 0.0122199589387, 0, 0, 0.0183299388736, 0, 0.0101832989603, 0, 0, 0.0101832989603, 0, 0, 0.0224032588303, 0, 0, 0.0386965386569, 0, 0, 0.0509164966643, 0, 0, 0, 0.0509164966643, 0, 0, 0.0835030525923, 0, 0, 0, 0.116089612246, 0, 0, 0, 0.14052952826, 0, 0, 0, 0.136456206441, 0, 0, 0, 0.0855397135019, 0, 0, 0, 0, 0.0162932798266, 0, 0, 0, 0.00203665997833, 0, 0, 0, 0, 0, 0, 0, 0, 0, 0, 0, 0, 0, 0, 0, 0, 0, 0, 0, 0, 0, 0, 0, 0, 0, 0, 0, 0, 0, 0, 0, 0, 0, 0, 0, 0, 0, 0, 0, 0, 0, 0, 0, 0, 0, 0, 0, 0, 0, 0, 0, 0, 0, 0, 0, 0, 0, 0, 0, 0, 0, 0, 0, 0, 0, 0, 0, 0, 0, 0, 0, 0, 0, 0, 0, 0, 0, 0, 0, 0, 0, 0, 0, 0, 0, 0, 0, 0]
},
"tonal": {
    "chords_changes_rate": 0.0473053902388,
    "chords_number_rate": 0.00259481044486,
    "chords_strength": {
        "mean": 0.478248327971,
        "stdev": 0.0982303321362
    },
    "hpcp_crest": {
        "mean": 18.8788089752,
        "stdev": 8.4949798584
    },
    "hpcp_entropy": {
        "mean": 1.38733959198,
        "stdev": 0.71424305439
    },
    "key_edma": {
        "strength": 0.719690978527,
        "key": "G",
        "scale": "minor"
    },
    "key_krumhansl": {
        "strength": 0.732481598854,
        "key": "G",
        "scale": "minor"
    },
    "key_temperley": {
        "strength": 0.719366729259,
        "key": "G",
        "scale": "minor"
    },
    "tuning_diatonic_strength": 0.480373054743,
    "tuning_equal_tempered_deviation": 0.00705819576979,
    "tuning_frequency": 440.508575439,
    "tuning_nontempered_energy_ratio": 0.591757297516,
    "hpcp": {
        "mean": [0.096218585968, 0.0633284300566, 0.157865270972, 0.296801745892, 0.158759221435, 0.0240402445197, 0.0353161543608, 0.0257807932794, 0.0882077664137, 0.143659055233, 0.0706619024277, 0.0270863641053, 0.0434845983982, 0.0324594937265, 0.208231657743, 0.355543464422, 0.167417898774, 0.108087047935, 0.173785880208, 0.0818108692765, 0.0190236028284, 0.0312948338687, 0.0267119687051, 0.108202561736, 0.19715552032, 0.104612737894, 0.0434565022588, 0.0824323669076, 0.0630792155862, 0.194635182619, 0.30385941267, 0.139316648245, 0.0374780371785, 0.0454953610897, 0.0251703336835, 0.051296710968],
        "stdev": [0.216423481703, 0.147915542126, 0.221300765872, 0.376691251993, 0.217594459653, 0.0782406255603, 0.133789584041, 0.0968950539827, 0.191312491894, 0.293339163065, 0.169971197844, 0.109774686396, 0.166290089488, 0.115026094019, 0.252431631088, 0.396171689034, 0.204063743353, 0.210303530097, 0.331341952085, 0.168309941888, 0.0695733129978, 0.106260716915, 0.089158885181, 0.187408700585, 0.314824730158, 0.196399405599, 0.125327304006, 0.228934004903, 0.166135087609, 0.25885245204, 0.375984787941, 0.197343572974, 0.129724949598, 0.165393382311, 0.100793205202, 0.129363656044]
    },
    "chords_histogram": [35.2894210815, 14.0119762421, 3.77245497704, 0.379241526127, 0.399201601744, 0.558882236481, 0, 4.57085847855, 0.878243505955, 8.00399208069, 1.73652696609, 0.339321345091, 0.898203611374, 0.0399201586843, 1.33732533455, 2.03592824936, 1.01796412468, 0.239520952106, 2.95409178734, 0.0399201586843, 3.87225556374, 0.958083808422, 7.04590797424, 9.62075805664],
    "thpcp": [1, 0.470878839493, 0.304005146027, 0.488789409399, 0.230100899935, 0.0535057038069, 0.0880197137594, 0.0751299634576, 0.304330050945, 0.554518759251, 0.294233322144, 0.122225567698, 0.231848910451, 0.177416324615, 0.547430038452, 0.854633688927, 0.391841411591, 0.105410560966, 0.127960056067, 0.0707939714193, 0.14427690208, 0.270623981953, 0.178117260337, 0.444011181593, 0.834783315659, 0.446525484324, 0.0676154866815, 0.099330060184, 0.0725109502673, 0.248092785478, 0.404054820538, 0.198743358254, 0.0761829912663, 0.122304588556, 0.0912954285741, 0.585671424866],
    "chords_key": "G",
    "chords_scale": "minor"
}
}