{
"metadata": {
    "version": {
        "essentia": "2.1-dev",
        "essentia_git_sha": "v2.1_beta3-415-gd5473f3",
        "extractor": "music 2.0"
    },
    "audio_properties": {
        "analysis": {
            "equal_loudness": 0,
            "length": 207.152084351,
            "sample_rate": 44100,
            "start_time": 0,
            "downmix": "mix"
        },
        "bit_rate": 128000,
        "length": 207.152084351,
        "lossless": 0,
        "number_channels": 2,
        "replay_gain": -9.14128112793,
        "sample_rate": 44100,
        "codec": "mp3",
        "md5_encoded": "3d6a08ed0a827700086672723d9f0bd8"
    },
    "tags": {
        "file_name": "fragment_from_the_divine_liturgy_strochnoy_chant.mp3",
        "album": ["Ancient Church Singing of Byza"],
        "artist": ["Ensemble Sreteniye"],
        "artistwebpage": ["http:\/\/www.magnatune.com\/artists\/ensemble_sreteniye"],
        "composer": ["www.magnatune.com\/artists\/ensemble_sreteniye"],
        "copyright": ["2004 Ensemble Sreteniye - Licensed to the public under http:\/\/creativecommons.org\/licenses\/by-nc-sa\/1.0\/ verify at http:\/\/www.magnatune.com\/artists\/ensemble_sreteniye"],
        "date": ["1999"],
        "encodedby": ["http:\/\/www.magnatune.com\/"],
        "filewebpage": ["http:\/\/www.magnatune.com\/artists\/ensemble_sreteniye"],
        "genre": ["Classical"],
        "length": ["207000"],
        "originalartist": ["http:\/\/www.magnatune.com\/artists\/ensemble_sreteniye"],
        "title": ["Fragment from the Divine Litur"],
        "tracknumber": ["8"]
    }
},
"lowlevel": {
    "average_loudness": 0.401620715857,
    "barkbands_crest": {
        "mean": 12.9823741913,
        "stdev": 4.3310918808
    },
    "barkbands_flatness_db": {
        "mean": 0.312104552984,
        "stdev": 0.0608567148447
    },
    "barkbands_kurtosis": {
        "mean": 10.6916732788,
        "stdev": 25.3054561615
    },
    "barkbands_skewness": {
        "mean": 2.12488031387,
        "stdev": 1.77127635479
    },
    "barkbands_spread": {
        "mean": 10.8625965118,
        "stdev": 7.90781831741
    },
    "dissonance": {
        "mean": 0.426414579153,
        "stdev": 0.0470300354064
    },
    "dynamic_complexity": 5.49209403992,
    "erbbands_crest": {
        "mean": 12.1707487106,
        "stdev": 4.59359884262
    },
    "erbbands_flatness_db": {
        "mean": 0.332347720861,
        "stdev": 0.066226400435
    },
    "erbbands_kurtosis": {
        "mean": 1.99186182022,
        "stdev": 4.97406148911
    },
    "erbbands_skewness": {
        "mean": 0.915617823601,
        "stdev": 1.16456782818
    },
    "erbbands_spread": {
        "mean": 26.0816230774,
        "stdev": 14.2309970856
    },
    "hfc": {
        "mean": 12.3938999176,
        "stdev": 13.8157243729
    },
    "loudness_ebu128": {
        "integrated": -15.8483181,
        "loudness_range": 9.03583431244,
        "momentary": {
            "mean": -19.3265590668,
            "stdev": 9.00232410431
        },
        "short_term": {
            "mean": -17.8955974579,
            "stdev": 5.73457193375
        }
    },
    "melbands_crest": {
        "mean": 16.0965156555,
        "stdev": 5.81603097916
    },
    "melbands_flatness_db": {
        "mean": 0.361803174019,
        "stdev": 0.0745215564966
    },
    "melbands_kurtosis": {
        "mean": 19.1222896576,
        "stdev": 49.0245895386
    },
    "melbands_skewness": {
        "mean": 2.73191928864,
        "stdev": 2.10512590408
    },
    "melbands_spread": {
        "mean": 14.1019124985,
        "stdev": 12.4300222397
    },
    "pitch_salience": {
        "mean": 0.524510800838,
        "stdev": 0.115629993379
    },
    "silence_rate_20dB": {
        "mean": 1,
        "stdev": 0
    },
    "silence_rate_30dB": {
        "mean": 0.997198224068,
        "stdev": 0.0528556443751
    },
    "silence_rate_60dB": {
        "mean": 0.135716691613,
        "stdev": 0.342495143414
    },
    "spectral_centroid": {
        "mean": 1022.92053223,
        "stdev": 503.027648926
    },
    "spectral_complexity": {
        "mean": 10.2452087402,
        "stdev": 5.33315467834
    },
    "spectral_decrease": {
        "mean": -3.85947318549e-09,
        "stdev": 3.86063581104e-09
    },
    "spectral_energy": {
        "mean": 0.0156906936318,
        "stdev": 0.0157314743847
    },
    "spectral_energyband_high": {
        "mean": 7.30199826648e-06,
        "stdev": 3.17587910104e-05
    },
    "spectral_energyband_low": {
        "mean": 4.19920070271e-05,
        "stdev": 0.000109077336674
    },
    "spectral_energyband_middle_high": {
        "mean": 0.00466887885705,
        "stdev": 0.00717542599887
    },
    "spectral_energyband_middle_low": {
        "mean": 0.0111598949879,
        "stdev": 0.0112323723733
    },
    "spectral_entropy": {
        "mean": 6.21674346924,
        "stdev": 0.565324544907
    },
    "spectral_flux": {
        "mean": 0.0463027134538,
        "stdev": 0.0287897456437
    },
    "spectral_kurtosis": {
        "mean": 17.338848114,
        "stdev": 13.4362878799
    },
    "spectral_rms": {
        "mean": 0.00347092538141,
        "stdev": 0.00180573679972
    },
    "spectral_rolloff": {
        "mean": 1106.09057617,
        "stdev": 859.147521973
    },
    "spectral_skewness": {
        "mean": 2.25070810318,
        "stdev": 1.13869595528
    },
    "spectral_spread": {
        "mean": 2068922.5,
        "stdev": 1150182.625
    },
    "spectral_strongpeak": {
        "mean": 1.3813021183,
        "stdev": 1.3153012991
    },
    "zerocrossingrate": {
        "mean": 0.0401494912803,
        "stdev": 0.0195905212313
    },
    "barkbands": {
        "mean": [2.61742411567e-06, 2.54973588198e-06, 1.31817896545e-05, 8.02988506621e-05, 0.00307132699527, 0.00151822017506, 0.00119093060493, 0.0043390984647, 0.000768336409237, 0.00128882750869, 0.000904175278265, 0.000514727260452, 7.88283286965e-05, 0.000135728478199, 0.00024320743978, 0.000160773954121, 0.000363460188964, 0.000769369828049, 0.000233965954976, 4.65607809019e-06, 9.94886818262e-07, 1.10006260456e-06, 9.13771486921e-07, 1.36395487971e-06, 1.94110589291e-06, 1.2767694102e-07, 5.05044506216e-10],
        "stdev": [2.71559747489e-06, 2.26287761507e-06, 5.60823973501e-05, 0.00015181483468, 0.00369040016085, 0.00292409071699, 0.00305995601229, 0.00905458256602, 0.00177048228215, 0.00287678162567, 0.0040461756289, 0.00149298063479, 0.00024428172037, 0.000753789674491, 0.000808846205473, 0.000511336955242, 0.000690446700901, 0.0014636812266, 0.000381584366551, 1.25621354528e-05, 5.82919710723e-06, 5.75753165322e-06, 3.08637459057e-06, 8.73169301485e-06, 1.64886860148e-05, 8.02287956958e-07, 9.00295227257e-10]
    },
    "erbbands": {
        "mean": [0.000159570481628, 0.000491811253596, 0.0103053655475, 0.15514998138, 1.34718072414, 11.3383388519, 22.4518318176, 10.281750679, 11.9001207352, 49.2300758362, 79.1140823364, 18.2749481201, 31.1451969147, 53.3922309875, 26.8189296722, 11.7670936584, 4.5091753006, 5.9549331665, 6.92464876175, 12.2561388016, 12.5746078491, 27.5038547516, 38.1069908142, 20.7593097687, 5.83075809479, 0.399840712547, 0.0584532469511, 0.0411840192974, 0.0393874831498, 0.0343510881066, 0.0256203915924, 0.0263491794467, 0.0252372194082, 0.0313999950886, 0.00735007226467, 0.0012780794641, 0.000106202598545, 5.08960238221e-06, 8.596657608e-06, 1.84964992513e-05],
        "stdev": [0.000144434918184, 0.000618032121565, 0.0343510173261, 0.277954727411, 1.67487239838, 13.7249631882, 34.4768714905, 16.605047226, 28.7216110229, 82.0876693726, 171.727203369, 36.6257286072, 65.6000366211, 169.881988525, 70.6994934082, 31.1956615448, 12.9599046707, 42.2700309753, 19.2754249573, 37.6345176697, 34.994758606, 47.4599189758, 70.9133529663, 31.2408275604, 10.5551652908, 0.78451102972, 0.193542420864, 0.272427201271, 0.230621799827, 0.120790883899, 0.0942710712552, 0.127693012357, 0.192819461226, 0.277455210686, 0.0593793839216, 0.00837999209762, 0.000589971721638, 1.71789579326e-05, 8.47672981763e-06, 1.85213521036e-05]
    },
    "gfcc": {
        "mean": [-176.326202393, 153.333374023, -165.875610352, -11.2414970398, -65.4625549316, -55.4604911804, -52.965675354, 7.56865596771, -21.9081134796, -39.63722229, 7.24837732315, -0.390073746443, -8.95666408539],
        "cov": [[12376.4111328, -329.835662842, -4166.61474609, -1697.32019043, -502.736785889, -1059.50793457, -520.600219727, -30.3243522644, -64.8622970581, -940.466491699, 325.377319336, -36.6855964661, -155.707443237], [-329.835662842, 1111.88183594, 365.786407471, -125.452339172, -17.7702789307, -499.045440674, 138.912902832, -141.827102661, 35.9966392517, -333.640899658, 14.0492620468, -51.1688613892, -83.3165893555], [-4166.61474609, 365.786407471, 2077.54101562, 675.909423828, -117.268531799, 205.877716064, 132.952606201, 19.1952590942, -51.3979568481, 166.409118652, -202.68270874, 20.9250621796, 31.74401474], [-1697.32019043, -125.452339172, 675.909423828, 723.442016602, 322.627532959, 245.103729248, -304.296569824, -261.212524414, 69.2526168823, 282.345703125, -122.908607483, -106.569610596, 73.1223831177], [-502.736785889, -17.7702789307, -117.268531799, 322.627532959, 642.345031738, 131.692947388, -363.033905029, -293.578582764, 116.663780212, 229.323776245, -6.74716424942, -131.138473511, 39.5154762268], [-1059.50793457, -499.045440674, 205.877716064, 245.103729248, 131.692947388, 629.161132812, -13.7396125793, 0.232446745038, -29.4354133606, 320.129638672, -60.8387260437, -9.81934356689, 50.7830314636], [-520.600219727, 138.912902832, 132.952606201, -304.296569824, -363.033905029, -13.7396125793, 610.032165527, 348.564819336, -86.1418457031, -161.300674438, 31.415266037, 152.210159302, -75.2934570312], [-30.3243522644, -141.827102661, 19.1952590942, -261.212524414, -293.578582764, 0.232446745038, 348.564819336, 421.678192139, -59.355594635, -112.01007843, 15.4069538116, 117.498077393, -29.8203868866], [-64.8622970581, 35.9966392517, -51.3979568481, 69.2526168823, 116.663780212, -29.4354133606, -86.1418457031, -59.355594635, 139.854751587, 50.0056686401, -14.4630508423, -46.1912536621, 5.56968927383], [-940.466491699, -333.640899658, 166.409118652, 282.345703125, 229.323776245, 320.129638672, -161.300674438, -112.01007843, 50.0056686401, 386.617340088, -21.7910137177, -65.8024215698, 34.9510421753], [325.377319336, 14.0492620468, -202.68270874, -122.908607483, -6.74716424942, -60.8387260437, 31.415266037, 15.4069538116, -14.4630508423, -21.7910137177, 128.757202148, 28.7512321472, -15.8741769791], [-36.6855964661, -51.1688613892, 20.9250621796, -106.569610596, -131.138473511, -9.81934356689, 152.210159302, 117.498077393, -46.1912536621, -65.8024215698, 28.7512321472, 141.35218811, 10.6696548462], [-155.707443237, -83.3165893555, 31.74401474, 73.1223831177, 39.5154762268, 50.7830314636, -75.2934570312, -29.8203868866, 5.56968927383, 34.9510421753, -15.8741769791, 10.6696548462, 109.948440552]],
        "icov": [[0.000785384268966, -0.000261966488324, 0.00158732722048, 1.16661803986e-05, 0.00129435735289, 7.73303599999e-06, 0.00169677729718, -0.000220967558562, 0.00057909154566, 0.000695547438227, 0.000588986498769, -0.000236867577769, 0.000938543234952], [-0.000261966488324, 0.00597995100543, -0.00334636913612, 0.0031818668358, -0.00298149813898, 0.00253254035488, -0.00412138411775, 0.00511498469859, -0.00201669265516, 0.00397736625746, -0.00127932545729, 0.00405968911946, -0.000263588764938], [0.00158732722048, -0.00334636913612, 0.00567836221308, -0.00303679169156, 0.00428975652903, -0.000831789686345, 0.00448690820485, -0.00298208720051, 0.00257924478501, -0.000914478267077, 0.00244222930633, -0.00258799549192, 0.00196245335974], [1.16661803986e-05, 0.0031818668358, -0.00303679169156, 0.00682183820754, -0.00243528815918, 0.000751603627577, -0.000842955836561, 0.00387549214065, -0.00164459168445, 0.00139177695382, 0.000792407372501, 0.00222820579074, -0.000691482040565], [0.00129435735289, -0.00298149813898, 0.00428975652903, -0.00243528815918, 0.00667846668512, -0.00139753753319, 0.00487223081291, -0.0017018050421, 0.000459559669252, -0.00120784796309, 0.00060021324316, -0.00160837348085, 0.00167846342083], [7.73303599999e-06, 0.00253254035488, -0.000831789686345, 0.000751603627577, -0.00139753753319, 0.0048347809352, -0.00241829571314, 0.00166963250376, 0.00121824152302, -0.00146367994603, 0.00118826911785, 0.00140132347587, -0.000824551330879], [0.00169677729718, -0.00412138411775, 0.00448690820485, -0.000842955836561, 0.00487223081291, -0.00241829571314, 0.0104323606938, -0.00542131345719, 0.00193599797785, -0.000220941248699, 0.00140971399378, -0.00480237230659, 0.00422641076148], [-0.000220967558562, 0.00511498469859, -0.00298208720051, 0.00387549214065, -0.0017018050421, 0.00166963250376, -0.00542131345719, 0.00978461652994, -0.00227195303887, 0.00324195483699, -0.000432910630479, 0.00229709455743, -0.000572556338739], [0.00057909154566, -0.00201669265516, 0.00257924478501, -0.00164459168445, 0.000459559669252, 0.00121824152302, 0.00193599797785, -0.00227195303887, 0.0109836915508, -0.00269265566021, 0.00247659813613, -7.62971394579e-05, 0.000287233968265], [0.000695547438227, 0.00397736625746, -0.000914478267077, 0.00139177695382, -0.00120784796309, -0.00146367994603, -0.000220941248699, 0.00324195483699, -0.00269265566021, 0.0105674406514, -0.00255532399751, 0.00359176890925, 0.00123520591296], [0.000588986498769, -0.00127932545729, 0.00244222930633, 0.000792407372501, 0.00060021324316, 0.00118826911785, 0.00140971399378, -0.000432910630479, 0.00247659813613, -0.00255532399751, 0.0121444240212, -0.00355689390562, 0.00150137324817], [-0.000236867577769, 0.00405968911946, -0.00258799549192, 0.00222820579074, -0.00160837348085, 0.00140132347587, -0.00480237230659, 0.00229709455743, -7.62971394579e-05, 0.00359176890925, -0.00355689390562, 0.0150733357295, -0.00384286371991], [0.000938543234952, -0.000263588764938, 0.00196245335974, -0.000691482040565, 0.00167846342083, -0.000824551330879, 0.00422641076148, -0.000572556338739, 0.000287233968265, 0.00123520591296, 0.00150137324817, -0.00384286371991, 0.012816936709]]
    },
    "melbands": {
        "mean": [1.14374063287e-06, 3.25833593706e-06, 4.38462484453e-05, 0.000368389475625, 0.000803038710728, 0.000232786638662, 0.000200798647711, 0.000710946391337, 0.000560442626011, 9.73447604338e-05, 0.000155932240887, 0.000219406734686, 0.000104362959974, 6.51668160572e-05, 8.00716588856e-06, 9.67156938714e-06, 1.1669797459e-05, 8.42197005113e-06, 2.41303841904e-05, 1.03214488263e-05, 1.29773598019e-05, 2.63922884187e-05, 4.24370591645e-05, 2.58084510278e-05, 1.65865658346e-05, 7.33602064429e-06, 8.431723586e-07, 7.46938511043e-08, 2.97072162425e-08, 2.04609964527e-08, 2.3887395173e-08, 2.2414939238e-08, 2.06672563507e-08, 1.81311428094e-08, 1.46944074686e-08, 1.45890703962e-08, 1.66333684604e-08, 1.5524655339e-08, 2.59359325128e-08, 2.60864201351e-08],
        "stdev": [9.98986820377e-07, 1.32132772706e-05, 7.04577396391e-05, 0.000433897948824, 0.00111343245953, 0.000393388036173, 0.000516674073879, 0.00127945072018, 0.0011917661177, 0.000235803119722, 0.000350232498022, 0.000660307472572, 0.000377846212359, 0.000189143640455, 3.88294611184e-05, 3.11882686219e-05, 8.61192020238e-05, 2.74553967756e-05, 8.32642035675e-05, 3.0089122447e-05, 3.60684534826e-05, 5.79792176723e-05, 8.59169304022e-05, 4.50902771263e-05, 2.58306772594e-05, 1.38097457238e-05, 2.15707245843e-06, 2.04035544016e-07, 1.22024232496e-07, 1.16246390292e-07, 1.92247057385e-07, 1.53034704908e-07, 9.09343640387e-08, 5.94464317771e-08, 4.95030185732e-08, 6.90392525371e-08, 8.6410452127e-08, 1.14505013471e-07, 2.48122773883e-07, 2.33955091744e-07]
    },
    "melbands128": {
        "mean": [1.61196510362e-06, 1.59022681601e-06, 8.9844041895e-07, 3.85849261875e-07, 9.59417207014e-07, 8.78651553649e-06, 2.1297541025e-05, 4.91102218803e-05, 9.43739069044e-05, 0.000195922548301, 0.000511917751282, 0.00111375527922, 0.000903657230083, 0.000385363615351, 0.000204084295547, 0.000186870034668, 0.000114923270303, 0.000190538659808, 0.000327773217577, 0.00034488667734, 0.00111263233703, 0.0011361570796, 0.000365870335372, 0.00014922527771, 5.73147117393e-05, 0.000113703834359, 8.80183288245e-05, 0.000154050430865, 0.000254912563832, 0.000113775880891, 0.000315799348755, 0.000192916690139, 5.04768795508e-05, 4.59124712506e-05, 0.000158117036335, 3.01562067762e-05, 1.01822806755e-05, 8.35929131426e-06, 3.66613562619e-06, 1.39878875416e-05, 9.26198481466e-06, 5.56450595468e-06, 1.43500274135e-05, 1.01837886177e-05, 1.66529880516e-05, 2.85432770397e-06, 4.62663592771e-06, 3.1191695598e-05, 3.44424952345e-05, 3.24901884596e-06, 2.74722515314e-06, 2.06506538234e-05, 1.89843558474e-05, 3.05035609927e-06, 1.5675490431e-05, 4.57599999208e-05, 1.47497048602e-05, 2.44197399297e-05, 8.08506738394e-05, 2.1514175387e-05, 1.72802374436e-05, 3.60343292414e-05, 9.84127837e-06, 1.4585972167e-05, 1.93708838196e-05, 4.61888976133e-06, 3.37029723596e-06, 1.12368911687e-06, 3.5994023051e-07, 1.33287343829e-07, 7.30321758624e-08, 3.23868611929e-08, 3.68668793271e-08, 3.09632035567e-08, 2.02157259821e-08, 1.76623515813e-08, 2.49629596993e-08, 1.85555464327e-08, 2.89566024492e-08, 2.0559005165e-08, 2.41248052646e-08, 2.13342250532e-08, 2.12789608156e-08, 1.93666274129e-08, 2.31124648309e-08, 1.70300502589e-08, 1.82604047438e-08, 1.68393814448e-08, 1.43520777485e-08, 1.28207515715e-08, 1.36578108823e-08, 1.48838630309e-08, 1.64616178466e-08, 1.64212945464e-08, 1.68119562716e-08, 1.80098140845e-08, 1.40742590915e-08, 1.2625341661e-08, 2.23731912996e-08, 3.69633852415e-08, 3.48776758585e-08, 2.50728948714e-08, 1.37484219564e-08, 1.08473692251e-08, 7.44472838932e-09, 4.4131729382e-09, 3.09309666768e-09, 2.93748581015e-09, 1.94535987319e-09, 1.14190823464e-09, 7.59453666621e-10, 4.01311844866e-10, 3.16892276309e-11, 2.66292261679e-12, 2.57732138582e-12, 2.49937700744e-12, 2.42343927044e-12, 2.3493873947e-12, 2.28584143801e-12, 2.23347642464e-12, 2.18371024388e-12, 2.14052365242e-12, 2.09788111362e-12, 2.058603071e-12, 2.03343483544e-12, 2.01447647626e-12, 1.9992792144e-12, 1.98785454243e-12],
        "stdev": [1.66823610925e-06, 1.57613101237e-06, 8.55274834066e-07, 3.70632875502e-07, 3.95862389269e-06, 3.73725779355e-05, 5.50083132111e-05, 9.65983635979e-05, 0.000159701186931, 0.000310992792947, 0.000787261524238, 0.00159326801077, 0.00149712257553, 0.00117864343338, 0.00042078041588, 0.000409178202972, 0.000239177315962, 0.000789768993855, 0.00103158946149, 0.000819483888336, 0.00225398992188, 0.00308328703977, 0.00114688626491, 0.000474416068755, 0.0002318531333, 0.000369429501006, 0.000325348810293, 0.000393287802581, 0.000750544830225, 0.000313043477945, 0.00120000820607, 0.00120687251911, 0.000220528279897, 0.000145264639286, 0.0005055667134, 0.00010296079563, 7.74451618781e-05, 6.10453353147e-05, 2.04298612516e-05, 5.6223354477e-05, 3.45166881743e-05, 3.37606288667e-05, 0.000197409739485, 3.8892361772e-05, 7.1390721132e-05, 1.31143460749e-05, 2.80651420326e-05, 0.000143894532812, 0.000130622182041, 1.63288768817e-05, 1.23735317175e-05, 8.35146129248e-05, 6.8218614615e-05, 1.01861469375e-05, 4.26845836046e-05, 0.000120891920233, 3.84998638765e-05, 6.01124338573e-05, 0.000200326772756, 5.27577540197e-05, 3.82262805942e-05, 8.16898391349e-05, 2.12209051824e-05, 3.01500931528e-05, 4.56938978459e-05, 1.09564871309e-05, 9.17210581974e-06, 4.46307512902e-06, 1.13238968424e-06, 4.11001565226e-07, 3.03115655242e-07, 1.27482977064e-07, 1.48794839561e-07, 1.41393897479e-07, 1.28894527052e-07, 1.17162016977e-07, 1.4598663256e-07, 1.32687929977e-07, 2.92478119945e-07, 1.72557378164e-07, 2.00347017199e-07, 1.35142130375e-07, 1.14407576746e-07, 9.95051436803e-08, 1.02815761238e-07, 6.84660506067e-08, 6.42056718902e-08, 5.06055144456e-08, 4.55684308065e-08, 7.19952524264e-08, 7.08857328391e-08, 7.20491399875e-08, 8.28284356658e-08, 8.15752798644e-08, 1.06535942734e-07, 1.47439294551e-07, 1.04248371713e-07, 1.18170767394e-07, 2.50309881267e-07, 3.92315428144e-07, 3.33588729973e-07, 2.54162586089e-07, 1.4143731164e-07, 1.02377264e-07, 6.8489015348e-08, 3.82160720847e-08, 2.34040857805e-08, 2.15922835167e-08, 1.24403216617e-08, 7.17356352098e-09, 4.60714444372e-09, 2.58313348489e-09, 2.55460069765e-10, 4.79667824557e-12, 4.63152129496e-12, 4.47911933238e-12, 4.33994637103e-12, 4.21138384582e-12, 4.09291350811e-12, 3.9866981244e-12, 3.89031341863e-12, 3.80475729048e-12, 3.73011127194e-12, 3.66538440225e-12, 3.61129984423e-12, 3.56949062322e-12, 3.53823567667e-12, 3.5205430151e-12]
    },
    "mfcc": {
        "mean": [-805.836486816, 176.318786621, -43.5340042114, 9.9491109848, -1.99412000179, -62.9942359924, -25.7357597351, 14.853682518, -35.5574760437, -19.47797966, -2.52734041214, -16.1809310913, -10.5632019043],
        "cov": [[8357.82617188, 1684.74035645, -3491.10375977, -982.577209473, -419.97845459, -1238.39294434, -625.862487793, 391.548614502, -843.374633789, -276.193267822, -208.264038086, -292.010284424, 28.3493041992], [1684.74035645, 1595.21887207, -438.087646484, -167.645507812, -346.407470703, -715.381530762, -239.761428833, 211.375259399, -287.357269287, -260.266113281, 14.7017869949, -161.169631958, -188.772018433], [-3491.10375977, -438.087646484, 2495.78173828, 511.155456543, -252.335266113, 268.100982666, 201.922012329, -91.4047546387, 416.124145508, -99.6519927979, 88.683883667, 91.513092041, -191.470993042], [-982.577209473, -167.645507812, 511.155456543, 426.356872559, 283.631866455, 204.899734497, -120.684181213, -203.808395386, 38.3861656189, 65.8411636353, -33.9636421204, -59.3125572205, -33.5191688538], [-419.97845459, -346.407470703, -252.335266113, 283.631866455, 981.83380127, 563.946594238, -260.725585938, -490.703155518, -86.2411422729, 221.172119141, -81.7461624146, -122.00994873, 77.9916381836], [-1238.39294434, -715.381530762, 268.100982666, 204.899734497, 563.946594238, 827.223632812, 14.369354248, -407.175262451, 122.021507263, 192.17288208, -0.885759294033, 41.5520820618, 83.4616317749], [-625.862487793, -239.761428833, 201.922012329, -120.684181213, -260.725585938, 14.369354248, 385.179962158, 195.313049316, 124.273674011, -9.5114812851, 77.4777984619, 132.182434082, 40.9684562683], [391.548614502, 211.375259399, -91.4047546387, -203.808395386, -490.703155518, -407.175262451, 195.313049316, 522.250366211, 55.9498252869, -115.478713989, 38.1812553406, 55.0802879333, -2.56141209602], [-843.374633789, -287.357269287, 416.124145508, 38.3861656189, -86.2411422729, 122.021507263, 124.273674011, 55.9498252869, 273.491943359, 43.1286697388, 11.6343336105, 78.9030838013, -3.65125823021], [-276.193267822, -260.266113281, -99.6519927979, 65.8411636353, 221.172119141, 192.17288208, -9.5114812851, -115.478713989, 43.1286697388, 200.983612061, -4.56397533417, -2.93159842491, 65.1920623779], [-208.264038086, 14.7017869949, 88.683883667, -33.9636421204, -81.7461624146, -0.885759294033, 77.4777984619, 38.1812553406, 11.6343336105, -4.56397533417, 152.420135498, 70.851776123, -32.5274124146], [-292.010284424, -161.169631958, 91.513092041, -59.3125572205, -122.00994873, 41.5520820618, 132.182434082, 55.0802879333, 78.9030838013, -2.93159842491, 70.851776123, 172.945632935, 22.276473999], [28.3493041992, -188.772018433, -191.470993042, -33.5191688538, 77.9916381836, 83.4616317749, 40.9684562683, -2.56141209602, -3.65125823021, 65.1920623779, -32.5274124146, 22.276473999, 151.304763794]],
        "icov": [[0.000658218748868, 5.37672713108e-05, 0.000738820119295, 0.000502511451486, 0.000516878440976, 0.000138564340887, 0.000877347192727, 6.31920120213e-05, 0.000454287044704, 0.000366052001482, 0.00033952013473, 0.000203869247343, 0.000306894886307], [5.37672713108e-05, 0.00156804278959, 0.000187525598449, 0.000200391252292, 8.84824403329e-05, 0.000885367800947, 0.000630099326372, 7.29683088139e-05, 0.000512726372108, 0.000845953123644, -0.000603944878094, 0.00077466579387, 0.000928587163799], [0.000738820119295, 0.000187525598449, 0.0020878657233, -0.0011247684015, 0.00128999713343, -1.63196800713e-05, 0.000402537873015, 0.000745770928916, -0.000906809524167, 0.00162502890453, -0.000202680748771, 0.000713316025212, 0.000865525216796], [0.000502511451486, 0.000200391252292, -0.0011247684015, 0.00620110565796, -0.001179570565, 0.000398872449296, 0.00198116432875, -0.000296844518743, 0.0012979573803, -0.00128219509497, 0.00102348811924, 0.00028414465487, 0.000714770052582], [0.000516878440976, 8.84824403329e-05, 0.00128999713343, -0.001179570565, 0.00426164222881, -0.00169933657162, 0.00148110056762, 0.00108616042417, 0.000788281264249, -0.000621808809228, 0.000189367754501, 0.00137415272184, -0.000131966051413], [0.000138564340887, 0.000885367800947, -1.63196800713e-05, 0.000398872449296, -0.00169933657162, 0.00451503135264, -0.000849200470839, 0.00223431596532, -0.00128872820642, 0.000430220301496, -0.000735923647881, -0.000174190106918, -0.000549517339095], [0.000877347192727, 0.000630099326372, 0.000402537873015, 0.00198116432875, 0.00148110056762, -0.000849200470839, 0.00717134587467, -0.00194518570788, 0.000785817101132, -2.02079149858e-06, -0.000745413766708, -0.0010423597414, -0.000686629209667], [6.31920120213e-05, 7.29683088139e-05, 0.000745770928916, -0.000296844518743, 0.00108616042417, 0.00223431596532, -0.00194518570788, 0.00586366420612, -0.00233915029094, 0.00150545407087, -0.00088670180412, 0.00114699173719, -0.00127379770856], [0.000454287044704, 0.000512726372108, -0.000906809524167, 0.0012979573803, 0.000788281264249, -0.00128872820642, 0.000785817101132, -0.00233915029094, 0.00881155021489, -0.00311751454137, 0.00278158392757, -0.00232136808336, 0.00224238308147], [0.000366052001482, 0.000845953123644, 0.00162502890453, -0.00128219509497, -0.000621808809228, 0.000430220301496, -2.02079149858e-06, 0.00150545407087, -0.00311751454137, 0.0103927478194, -0.00243769143708, 0.0020065321587, -0.00250413222238], [0.00033952013473, -0.000603944878094, -0.000202680748771, 0.00102348811924, 0.000189367754501, -0.000735923647881, -0.000745413766708, -0.00088670180412, 0.00278158392757, -0.00243769143708, 0.0107698459178, -0.0045749056153, 0.00375459343195], [0.000203869247343, 0.00077466579387, 0.000713316025212, 0.00028414465487, 0.00137415272184, -0.000174190106918, -0.0010423597414, 0.00114699173719, -0.00232136808336, 0.0020065321587, -0.0045749056153, 0.0112326284871, -0.0019745065365], [0.000306894886307, 0.000928587163799, 0.000865525216796, 0.000714770052582, -0.000131966051413, -0.000549517339095, -0.000686629209667, -0.00127379770856, 0.00224238308147, -0.00250413222238, 0.00375459343195, -0.0019745065365, 0.0117302658036]]
    },
    "spectral_contrast_coeffs": {
        "mean": [-0.468491882086, -0.632033526897, -0.676002562046, -0.757170677185, -0.600343704224, -0.794555842876],
        "stdev": [0.12557117641, 0.123662911355, 0.108700975776, 0.090129122138, 0.105801150203, 0.0472361557186]
    },
    "spectral_contrast_valleys": {
        "mean": [-9.70628929138, -7.97149753571, -8.96225547791, -9.66991043091, -10.2707233429, -13.5701589584],
        "stdev": [0.761082708836, 1.43491923809, 1.40468907356, 1.33615589142, 1.11231267452, 0.980612695217]
    }
},
"rhythm": {
    "beats_count": 399,
    "beats_loudness": {
        "mean": 0.0171489100903,
        "stdev": 0.0161629319191
    },
    "bpm": 103.597000122,
    "bpm_histogram_first_peak_bpm": 103,
    "bpm_histogram_first_peak_weight": 0.461538493633,
    "bpm_histogram_second_peak_bpm": 96,
    "bpm_histogram_second_peak_spread": 0.355555593967,
    "bpm_histogram_second_peak_weight": 0.0728643238544,
    "danceability": 0.927342236042,
    "onset_rate": 1.40465414524,
    "beats_loudness_band_ratio": {
        "mean": [0.0654029399157, 0.386806279421, 0.339675396681, 0.132702469826, 0.0988019034266, 0.0142358271405],
        "stdev": [0.163562089205, 0.308398425579, 0.249545022845, 0.161355897784, 0.124976702034, 0.0208552181721]
    },
    "beats_position": [0.673378646374, 1.35836732388, 2.03174591064, 2.69351458549, 3.36689329147, 4.04027223587, 4.65560102463, 5.2941493988, 5.93269824982, 6.59446716309, 7.24462556839, 7.91800451279, 8.59138298035, 9.26476192474, 9.93814086914, 10.623128891, 11.3081178665, 11.9350566864, 12.5619955063, 13.1889343262, 13.8158731461, 14.4428119659, 15.0697498322, 15.6850786209, 16.3004074097, 16.8344669342, 17.3801364899, 17.9258041382, 18.4714736938, 19.0171432495, 19.5628108978, 20.1084804535, 20.6541500092, 21.1998176575, 21.733877182, 22.2795467377, 22.8484344482, 23.4289340973, 24.009431839, 24.6015415192, 25.1820411682, 25.774148941, 26.3546485901, 26.9351463318, 27.5156459808, 28.0961437225, 28.6998634338, 29.3035831451, 29.895690918, 30.4878005981, 31.079908371, 31.6255779266, 32.1828575134, 32.7633552551, 33.3438529968, 33.9243545532, 34.4932403564, 35.0621299744, 35.6658477783, 36.269569397, 36.8616790771, 37.4421768188, 38.0226745605, 38.6031723022, 39.2417221069, 39.8686599731, 40.4956016541, 41.1225395203, 41.7494773865, 42.3764152527, 43.0033569336, 43.6302947998, 44.257232666, 44.8841705322, 45.5111083984, 46.1380500793, 46.7649879456, 47.3919258118, 47.9492073059, 48.5064849854, 49.1102027893, 49.7255325317, 50.3408622742, 50.8516998291, 51.362537384, 51.8733787537, 52.3842163086, 52.8950538635, 53.4058952332, 53.9399528503, 54.4740142822, 54.9964599609, 55.5189094543, 56.06457901, 56.5405883789, 57.0282058716, 57.5042152405, 57.9802246094, 58.4446258545, 58.9090232849, 59.37342453, 59.8378219604, 60.2906112671, 60.7434005737, 61.1845779419, 61.6373672485, 62.0901565552, 62.5545578003, 63.0189552307, 63.4833564758, 63.95936203, 64.4353713989, 64.9113845825, 65.3757781982, 65.8401794434, 66.316192627, 66.8038101196, 67.2682037354, 67.7442169189, 68.2318344116, 68.8007278442, 69.3696136475, 69.8688430786, 70.3796844482, 70.8905181885, 71.4013595581, 71.9122009277, 72.423034668, 72.9222640991, 73.4214935303, 73.9207229614, 74.4315643311, 74.9424057007, 75.4532394409, 75.9989089966, 76.5445785522, 77.0902481079, 77.6010894775, 78.1119232178, 78.6343765259, 79.133605957, 79.6444396973, 80.1436691284, 80.6428985596, 81.1421279907, 81.6413574219, 82.1754150391, 82.7210845947, 83.2667541504, 83.8008117676, 84.3348770142, 84.8108825684, 85.2868881226, 85.7745132446, 86.2621307373, 86.7381362915, 87.2373657227, 87.7249908447, 88.2009963989, 88.6886138916, 89.1646270752, 89.6522445679, 90.1282501221, 90.6042633057, 91.1615371704, 91.7188186646, 92.2761001587, 92.8333740234, 93.4138793945, 93.9827651978, 94.5632629395, 95.1089324951, 95.6546020508, 96.2002716064, 96.7575454712, 97.3148269653, 97.8721084595, 98.4293823242, 99.0098876953, 99.590385437, 100.147659302, 100.704940796, 101.134513855, 101.564079285, 101.993652344, 102.423217773, 102.852790833, 103.282356262, 103.72353363, 104.164710999, 104.582672119, 105.00063324, 105.430198669, 105.84815979, 106.277732849, 106.69568634, 107.136871338, 107.578048706, 108.019226074, 108.448799133, 108.8203125, 109.203445435, 109.58657074, 109.958091736, 110.294784546, 110.631469727, 110.968162537, 111.293243408, 111.629928589, 111.966621399, 112.30330658, 112.63999939, 112.988296509, 113.324989319, 113.673286438, 114.021583557, 114.358276367, 114.729797363, 115.10131073, 115.472831726, 115.914009094, 116.366798401, 116.807983398, 117.249160767, 117.678726196, 118.119903564, 118.572692871, 119.071922302, 119.559547424, 120.047164917, 120.546394348, 121.045623779, 121.533241272, 122.078910828, 122.624580383, 123.170249939, 123.646255493, 124.133872986, 124.633102417, 125.143943787, 125.654785156, 126.154014587, 126.64163208, 127.129249573, 127.616867065, 128.034820557, 128.441177368, 128.847518921, 129.265487671, 129.706665039, 130.147842407, 130.565795898, 130.983764648, 131.40171814, 131.81968689, 132.237640381, 132.655593872, 133.073562622, 133.491516113, 133.921081543, 134.350662231, 134.768615723, 135.186569214, 135.569702148, 135.952835083, 136.347564697, 136.730697632, 137.113830566, 137.485351562, 137.856872559, 138.344482422, 138.832107544, 139.331329346, 139.807342529, 140.271743774, 140.73614502, 141.200546265, 141.66494751, 142.140945435, 142.60534668, 143.058135986, 143.522537231, 143.986938477, 144.46295166, 144.950561523, 145.438186646, 145.937408447, 146.436645508, 146.93586731, 147.458312988, 147.980773926, 148.514831543, 148.979232788, 149.443618774, 149.896408081, 150.302764893, 150.709106445, 151.115463257, 151.579864502, 152.044265747, 152.520263672, 153.065933228, 153.588394165, 154.110839844, 154.621673584, 155.132507324, 155.643356323, 156.154190063, 156.665023804, 157.175872803, 157.651885986, 158.127883911, 158.615509033, 159.103118896, 159.590744019, 160.078369141, 160.600814819, 161.11164856, 161.622497559, 162.133331299, 162.644165039, 163.1434021, 163.572967529, 164.002532959, 164.432098389, 164.861679077, 165.302856445, 165.744033813, 166.185211182, 166.62638855, 167.079177856, 167.531967163, 168.06602478, 168.600082397, 169.122543335, 169.714645386, 170.306747437, 170.898864746, 171.479354858, 172.059860229, 172.640365601, 173.220855713, 173.871017456, 174.497955322, 175.124893188, 175.751831055, 176.378768921, 177.005706787, 177.632644653, 178.25958252, 178.898132324, 179.536682129, 180.163619995, 180.778961182, 181.405899048, 182.044433594, 182.671386719, 183.286712646, 183.902038574, 184.482528687, 185.074645996, 185.666748047, 186.212417603, 186.758087158, 187.280548096, 187.802993774, 188.337051392, 188.917541504, 189.498046875, 190.078552246, 190.659042358, 191.239547729, 191.83164978, 192.42376709, 193.004257202, 193.584762573, 194.165252686, 194.745758057, 195.326248169, 195.895141602, 196.440811157, 196.986480713, 197.532150269, 198.066207886, 198.600265503, 199.13432312, 199.656768799, 200.179229736, 200.701675415, 201.224121094, 201.746566772, 202.315460205, 202.895965576, 203.476455688, 204.068572998, 204.660675049, 205.252792358, 205.844894409, 206.42539978],
    "bpm_histogram": [0, 0, 0, 0, 0, 0, 0, 0, 0, 0, 0, 0, 0, 0, 0, 0, 0, 0, 0, 0, 0, 0, 0, 0, 0, 0, 0, 0, 0, 0, 0, 0, 0, 0, 0, 0, 0, 0, 0, 0, 0, 0, 0, 0, 0, 0, 0, 0, 0, 0, 0, 0, 0, 0, 0, 0, 0, 0, 0, 0, 0, 0, 0, 0, 0, 0, 0, 0, 0, 0, 0, 0, 0, 0, 0, 0, 0, 0, 0, 0, 0, 0, 0, 0, 0, 0, 0, 0, 0.00753768859431, 0.0175879392773, 0, 0.00502512557432, 0.00502512557432, 0, 0.0150753771886, 0, 0.0728643238544, 0, 0.0201005022973, 0.0125628141686, 0, 0.0427135676146, 0, 0.0879397019744, 0, 0.0201005022973, 0, 0, 0.0326633155346, 0, 0.0703517571092, 0, 0.0351758785546, 0, 0, 0.0402010045946, 0, 0.0728643238544, 0, 0, 0.0502512566745, 0, 0, 0.0577889457345, 0, 0, 0.0552763827145, 0, 0, 0.0527638196945, 0, 0, 0, 0.0251256283373, 0, 0, 0.0402010045946, 0, 0, 0, 0.0402010045946, 0, 0, 0, 0.0402010045946, 0, 0, 0, 0.0125628141686, 0, 0, 0, 0.00251256278716, 0, 0, 0, 0, 0.0150753771886, 0, 0, 0, 0.0125628141686, 0.00502512557432, 0, 0, 0, 0, 0, 0, 0, 0, 0, 0.00753768859431, 0, 0, 0, 0, 0, 0.0226130653173, 0, 0, 0, 0, 0, 0, 0.00251256278716, 0, 0, 0, 0, 0, 0, 0, 0, 0, 0, 0, 0, 0, 0, 0, 0, 0, 0, 0, 0, 0, 0, 0, 0, 0, 0, 0, 0, 0, 0, 0, 0, 0, 0, 0, 0, 0, 0, 0, 0, 0, 0, 0, 0, 0, 0, 0, 0, 0, 0, 0, 0, 0, 0, 0, 0, 0, 0, 0, 0, 0, 0, 0, 0]
},
"tonal": {
    "chords_changes_rate": 0.0470640957355,
    "chords_number_rate": 0.00246526231058,
    "chords_strength": {
        "mean": 0.49797436595,
        "stdev": 0.0898742601275
    },
    "hpcp_crest": {
        "mean": 17.4596748352,
        "stdev": 8.62320518494
    },
    "hpcp_entropy": {
        "mean": 1.57354342937,
        "stdev": 0.768844544888
    },
    "key_edma": {
        "strength": 0.714382946491,
        "key": "F#",
        "scale": "major"
    },
    "key_krumhansl": {
        "strength": 0.709713459015,
        "key": "F#",
        "scale": "major"
    },
    "key_temperley": {
        "strength": 0.701094806194,
        "key": "F#",
        "scale": "major"
    },
    "tuning_diatonic_strength": 0.725067317486,
    "tuning_equal_tempered_deviation": 0.174974054098,
    "tuning_frequency": 431.443084717,
    "tuning_nontempered_energy_ratio": 0.857931613922,
    "hpcp": {
        "mean": [0.0181744657457, 0.0184667184949, 0.081754013896, 0.158374875784, 0.144136682153, 0.130310177803, 0.180269956589, 0.152286306024, 0.0618807300925, 0.0337074920535, 0.0524600818753, 0.201658904552, 0.444867402315, 0.459716290236, 0.200423359871, 0.0252022575587, 0.0154946455732, 0.0871768370271, 0.19346293807, 0.168941915035, 0.0662402808666, 0.0197573937476, 0.016896398738, 0.0434598661959, 0.0970340147614, 0.0969835445285, 0.0657864958048, 0.110166497529, 0.130253583193, 0.0686048045754, 0.0244630463421, 0.0174804180861, 0.0555712319911, 0.154978051782, 0.161079987884, 0.0629765242338],
        "stdev": [0.0653655081987, 0.0763521417975, 0.186219125986, 0.282362252474, 0.244194373488, 0.2338539958, 0.280969709158, 0.267091065645, 0.156401276588, 0.122019350529, 0.147599741817, 0.297227174044, 0.390404701233, 0.408147007227, 0.292868494987, 0.0940182954073, 0.0688376277685, 0.197259053588, 0.304041057825, 0.279162943363, 0.153149440885, 0.0749272853136, 0.0560984387994, 0.0937723144889, 0.18892711401, 0.195700347424, 0.15374328196, 0.213291078806, 0.245627641678, 0.141832992435, 0.0557011328638, 0.0453518815339, 0.101769514382, 0.214917585254, 0.229084029794, 0.128940194845]
    },
    "chords_histogram": [37.3151054382, 9.09905910492, 21.335723877, 2.57731962204, 0.403406530619, 0.986104905605, 3.22725224495, 1.34468853474, 0.380995064974, 0, 0.134468853474, 0.0448229499161, 0.112057372928, 0, 0, 0, 0, 1.07575082779, 0.717167198658, 2.55490803719, 0, 6.96996879578, 8.18018817902, 3.5410130024],
    "thpcp": [1, 0.435971856117, 0.0548213273287, 0.0337047986686, 0.189631819725, 0.420831143856, 0.367491692305, 0.144089475274, 0.0429773628712, 0.0367539711297, 0.0945362746716, 0.211073696613, 0.210963904858, 0.143102377653, 0.239640191197, 0.283334702253, 0.149232923985, 0.0532133542001, 0.0380243621767, 0.120881579816, 0.337116718292, 0.35038998723, 0.136989980936, 0.0395340919495, 0.0401698164642, 0.177835792303, 0.344505697489, 0.313533991575, 0.283457815647, 0.392133057117, 0.331261485815, 0.134606346488, 0.073322378099, 0.114114038646, 0.438659459352, 0.967699885368],
    "chords_key": "F#",
    "chords_scale": "major"
}
}