{
"metadata": {
    "version": {
        "essentia": "2.1-dev",
        "essentia_git_sha": "v2.1_beta3-415-gd5473f3",
        "extractor": "music 2.0"
    },
    "audio_properties": {
        "analysis": {
            "equal_loudness": 0,
            "length": 638.276977539,
            "sample_rate": 44100,
            "start_time": 0,
            "downmix": "mix"
        },
        "bit_rate": 128000,
        "length": 638.276977539,
        "lossless": 0,
        "number_channels": 2,
        "replay_gain": -3.80671882629,
        "sample_rate": 44100,
        "codec": "mp3",
        "md5_encoded": "0b96e5c844a4f01a738bf5477981579c"
    },
    "tags": {
        "file_name": "franck-symphony_in_d_minor-allegretto_ma_non_troppo.mp3",
        "album": ["Frank: Symphony in D minor and"],
        "artist": ["Jan Latham-Koenig"],
        "artistwebpage": ["http:\/\/www.magnatune.com\/artists\/latham-koenig"],
        "composer": ["www.magnatune.com\/artists\/latham-koenig"],
        "copyright": ["2004 Jan Latham-Koenig - Licensed to the public under http:\/\/creativecommons.org\/licenses\/by-nc-sa\/1.0\/ verify at http:\/\/www.magnatune.com\/artists\/latham-koenig"],
        "date": ["2002"],
        "encodedby": ["http:\/\/www.magnatune.com\/"],
        "filewebpage": ["http:\/\/www.magnatune.com\/artists\/latham-koenig"],
        "genre": ["Classical"],
        "length": ["638000"],
        "originalartist": ["http:\/\/www.magnatune.com\/artists\/latham-koenig"],
        "title": ["Allegretto, ma non troppo (Sym"],
        "tracknumber": ["6"]
    }
},
"lowlevel": {
    "average_loudness": 0.00107680482324,
    "barkbands_crest": {
        "mean": 11.2877693176,
        "stdev": 4.63048124313
    },
    "barkbands_flatness_db": {
        "mean": 0.254782319069,
        "stdev": 0.0748966559768
    },
    "barkbands_kurtosis": {
        "mean": 8.64761066437,
        "stdev": 76.4036712646
    },
    "barkbands_skewness": {
        "mean": 1.01792621613,
        "stdev": 1.88782012463
    },
    "barkbands_spread": {
        "mean": 8.38189411163,
        "stdev": 5.05681657791
    },
    "dissonance": {
        "mean": 0.396325230598,
        "stdev": 0.0706318467855
    },
    "dynamic_complexity": 8.73352718353,
    "erbbands_crest": {
        "mean": 12.8549566269,
        "stdev": 5.57618808746
    },
    "erbbands_flatness_db": {
        "mean": 0.285516887903,
        "stdev": 0.0677337422967
    },
    "erbbands_kurtosis": {
        "mean": 2.49866771698,
        "stdev": 6.07165002823
    },
    "erbbands_skewness": {
        "mean": 0.739059209824,
        "stdev": 0.984426915646
    },
    "erbbands_spread": {
        "mean": 15.3801088333,
        "stdev": 9.45732212067
    },
    "hfc": {
        "mean": 7.22881603241,
        "stdev": 14.9167413712
    },
    "loudness_ebu128": {
        "integrated": -20.172952652,
        "loudness_range": 20.1845397949,
        "momentary": {
            "mean": -27.7317428589,
            "stdev": 8.69602203369
        },
        "short_term": {
            "mean": -26.7149505615,
            "stdev": 7.49639940262
        }
    },
    "melbands_crest": {
        "mean": 14.204990387,
        "stdev": 5.9536986351
    },
    "melbands_flatness_db": {
        "mean": 0.330801934004,
        "stdev": 0.0910079851747
    },
    "melbands_kurtosis": {
        "mean": 11.2806758881,
        "stdev": 89.0717391968
    },
    "melbands_skewness": {
        "mean": 1.42681658268,
        "stdev": 1.99033772945
    },
    "melbands_spread": {
        "mean": 11.2184476852,
        "stdev": 6.8925151825
    },
    "pitch_salience": {
        "mean": 0.532791018486,
        "stdev": 0.120182596147
    },
    "silence_rate_20dB": {
        "mean": 1,
        "stdev": 0
    },
    "silence_rate_30dB": {
        "mean": 0.984939992428,
        "stdev": 0.121791437268
    },
    "silence_rate_60dB": {
        "mean": 0.492506355047,
        "stdev": 0.499938458204
    },
    "spectral_centroid": {
        "mean": 659.428466797,
        "stdev": 283.459533691
    },
    "spectral_complexity": {
        "mean": 8.15609359741,
        "stdev": 6.90808582306
    },
    "spectral_decrease": {
        "mean": -2.96010815859e-09,
        "stdev": 5.83812642674e-09
    },
    "spectral_energy": {
        "mean": 0.0118277911097,
        "stdev": 0.0233326461166
    },
    "spectral_energyband_high": {
        "mean": 2.37477906921e-05,
        "stdev": 7.36457295716e-05
    },
    "spectral_energyband_low": {
        "mean": 0.00108786486089,
        "stdev": 0.00303230504505
    },
    "spectral_energyband_middle_high": {
        "mean": 0.00266349106096,
        "stdev": 0.00643315352499
    },
    "spectral_energyband_middle_low": {
        "mean": 0.00832805316895,
        "stdev": 0.0169892963022
    },
    "spectral_entropy": {
        "mean": 6.3154873848,
        "stdev": 0.684716463089
    },
    "spectral_flux": {
        "mean": 0.0312139205635,
        "stdev": 0.0326018407941
    },
    "spectral_kurtosis": {
        "mean": 30.4282779694,
        "stdev": 31.7892608643
    },
    "spectral_rms": {
        "mean": 0.00251086149365,
        "stdev": 0.00228799064644
    },
    "spectral_rolloff": {
        "mean": 777.737304688,
        "stdev": 376.94720459
    },
    "spectral_skewness": {
        "mean": 3.6719212532,
        "stdev": 1.98950970173
    },
    "spectral_spread": {
        "mean": 2008909.75,
        "stdev": 867133.625
    },
    "spectral_strongpeak": {
        "mean": 0.824716687202,
        "stdev": 1.08616948128
    },
    "zerocrossingrate": {
        "mean": 0.0290828049183,
        "stdev": 0.0117965536192
    },
    "barkbands": {
        "mean": [4.68706239189e-05, 0.000321368337609, 0.000556956569199, 0.000490562466439, 0.00141211540904, 0.00223708502017, 0.00181150087155, 0.00107863917947, 0.00110578350723, 0.000623662897851, 0.000470907514682, 0.00055701576639, 0.000365792046068, 0.000221585374675, 0.00020419624343, 9.47278749663e-05, 9.61619589361e-05, 5.26018775417e-05, 4.25818798249e-05, 2.1668318368e-05, 9.32225248107e-06, 3.71971623281e-06, 1.54830968313e-06, 7.7788871522e-07, 4.86450289827e-07, 1.29181628949e-07, 5.08907804786e-10],
        "stdev": [8.2124475739e-05, 0.00080794794485, 0.00220825732686, 0.00187702907715, 0.00409407354891, 0.00601510889828, 0.00608934136108, 0.00316837639548, 0.00312970136292, 0.00220801425166, 0.00228238711134, 0.00226557697169, 0.00156601355411, 0.00107592355926, 0.000797803688329, 0.000349893147359, 0.000473117775982, 0.000201725953957, 0.000141989803524, 7.49799510231e-05, 3.51674316335e-05, 1.52622596943e-05, 5.97642201683e-06, 2.82683481601e-06, 1.58588102295e-06, 4.23911245662e-07, 1.5525546404e-09]
    },
    "erbbands": {
        "mean": [0.00517811346799, 0.0940353572369, 0.547391176224, 1.17235851288, 2.83385205269, 4.88742208481, 11.1540288925, 20.0926208496, 25.1736316681, 22.9169883728, 28.1402835846, 23.2969417572, 20.3558731079, 25.2334442139, 13.9692773819, 25.1119747162, 16.9819850922, 12.4684495926, 11.5177402496, 7.32969617844, 6.62236166, 4.33489274979, 3.32384514809, 2.19623446465, 2.09227609634, 0.937759995461, 0.548715054989, 0.220099464059, 0.144133418798, 0.0717615261674, 0.0396910272539, 0.0209404118359, 0.0113588878885, 0.0059654423967, 0.0032953415066, 0.00107044167817, 0.000136488015414, 4.23181745646e-06, 6.13180191067e-06, 1.3590254639e-05],
        "stdev": [0.0128017235547, 0.238276928663, 1.97721612453, 3.89394760132, 12.9732275009, 12.7948465347, 28.2595710754, 54.7615509033, 77.2497024536, 74.3400802612, 75.2133636475, 63.66771698, 68.4119567871, 91.4962463379, 46.1886405945, 107.070251465, 63.0674781799, 51.834197998, 44.4454307556, 25.6118469238, 24.4115982056, 16.5035953522, 12.8144378662, 7.37662792206, 7.14793729782, 2.88359999657, 1.92750668526, 0.759624958038, 0.584531366825, 0.293416261673, 0.157687291503, 0.0786179155111, 0.0417080372572, 0.0224086027592, 0.0101970368996, 0.00330835045315, 0.000487054261612, 1.20061758935e-05, 1.21383309306e-05, 2.68411167781e-05]
    },
    "gfcc": {
        "mean": [-202.046539307, 178.561660767, -133.169296265, -6.61987257004, -58.0945281982, -7.37463235855, -31.1837062836, -1.80715990067, -15.5153656006, -4.355073452, -1.39779531956, -7.51355648041, 5.20266532898],
        "cov": [[16558.0761719, -560.088562012, -3097.73168945, 383.786499023, -214.003753662, -443.565704346, -524.344848633, -123.462509155, -406.275634766, -70.2725601196, -288.946472168, -412.925933838, -437.642364502], [-560.088562012, 1166.52392578, 481.646972656, -257.244262695, 320.157775879, -107.592521667, 96.0423049927, -215.98324585, 89.2570953369, -129.798538208, 20.4323253632, -143.321334839, 26.6242275238], [-3097.73168945, 481.646972656, 1353.2890625, 148.276000977, 173.599411011, 83.3448867798, 84.650604248, -49.7037506104, 9.17908763885, -68.5012130737, -38.3738670349, 8.50085163116, 21.2557315826], [383.786499023, -257.244262695, 148.276000977, 867.541320801, 112.08026886, 59.7534141541, 6.63403606415, 49.0576171875, -126.84172821, -90.5270462036, -117.516227722, -62.3642311096, -98.0085678101], [-214.003753662, 320.157775879, 173.599411011, 112.08026886, 310.686737061, 71.1656723022, 66.9337844849, -54.6775474548, 6.99399137497, -47.4649047852, -28.6092147827, -51.7817344666, -17.9619865417], [-443.565704346, -107.592521667, 83.3448867798, 59.7534141541, 71.1656723022, 208.593826294, 90.5406799316, 42.9227180481, -33.6326370239, -2.9153482914, -25.0103034973, 26.9761810303, -2.91674995422], [-524.344848633, 96.0423049927, 84.650604248, 6.63403606415, 66.9337844849, 90.5406799316, 181.350616455, 46.0558586121, 23.0289077759, -21.7451229095, 10.4840040207, 12.7021713257, 18.4885997772], [-123.462509155, -215.98324585, -49.7037506104, 49.0576171875, -54.6775474548, 42.9227180481, 46.0558586121, 148.02571106, 37.7459869385, 42.8324584961, -0.402356922626, 34.6314086914, -1.37345695496], [-406.275634766, 89.2570953369, 9.17908763885, -126.84172821, 6.99399137497, -33.6326370239, 23.0289077759, 37.7459869385, 154.235458374, 72.4832000732, 58.4269981384, 5.20702981949, 15.9431018829], [-70.2725601196, -129.798538208, -68.5012130737, -90.5270462036, -47.4649047852, -2.9153482914, -21.7451229095, 42.8324584961, 72.4832000732, 137.562393188, 70.8169784546, 35.3368034363, -4.40747833252], [-288.946472168, 20.4323253632, -38.3738670349, -117.516227722, -28.6092147827, -25.0103034973, 10.4840040207, -0.402356922626, 58.4269981384, 70.8169784546, 130.206985474, 56.7770347595, 25.604221344], [-412.925933838, -143.321334839, 8.50085163116, -62.3642311096, -51.7817344666, 26.9761810303, 12.7021713257, 34.6314086914, 5.20702981949, 35.3368034363, 56.7770347595, 124.636260986, 64.6484222412], [-437.642364502, 26.6242275238, 21.2557315826, -98.0085678101, -17.9619865417, -2.91674995422, 18.4885997772, -1.37345695496, 15.9431018829, -4.40747833252, 25.604221344, 64.6484222412, 111.562896729]],
        "icov": [[0.000187517434824, -0.000405561731895, 0.000526085495949, -0.000167011850863, 0.00014721332991, 8.57727136463e-05, 0.00028520487831, -0.000190657476196, 0.000533340789843, -0.000440765521489, 0.000544162408914, -0.000316395657137, 0.000526588992216], [-0.000405561731895, 0.00618456955999, -0.00255414377898, 0.00229078019038, -0.00418047001585, 0.00313058774918, -0.003241059836, 0.00351723842323, -0.00279762293212, 0.00485610961914, -0.00407636072487, 0.00590788712725, -0.00247489660978], [0.000526085495949, -0.00255414377898, 0.00272602215409, -0.00117382162716, 0.00123835715931, -0.000861830892973, 0.00124725466594, -0.000714451132808, 0.00130096357316, -0.00201081950217, 0.00271705631167, -0.00288541405462, 0.00186715228483], [-0.000167011850863, 0.00229078019038, -0.00117382162716, 0.00265903375112, -0.00241120881401, 0.00149723736104, -0.000878484395798, -0.000428773229942, 0.000486302946229, 0.0022980235517, -0.00131468032487, 0.00219865399413, 0.000197951128939], [0.00014721332991, -0.00418047001585, 0.00123835715931, -0.00241120881401, 0.00837674830109, -0.00454880483449, 0.000809391436633, 0.000979939242825, -0.000928111257963, -0.00239695725031, 0.00271518714726, -0.00269631715491, 0.00130588933825], [8.57727136463e-05, 0.00313058774918, -0.000861830892973, 0.00149723736104, -0.00454880483449, 0.0111151915044, -0.00567239010707, 0.000279180356301, 0.00296485074796, -0.00106915156357, 0.00148976000492, 2.72368174592e-06, 0.000761189206969], [0.00028520487831, -0.003241059836, 0.00124725466594, -0.000878484395798, 0.000809391436633, -0.00567239010707, 0.0120656946674, -0.0060170176439, -0.000127167440951, 0.00243148719892, -0.00197932473384, -0.00107340607792, -1.82245948963e-05], [-0.000190657476196, 0.00351723842323, -0.000714451132808, -0.000428773229942, 0.000979939242825, 0.000279180356301, -0.0060170176439, 0.0160999316722, -0.00678232731298, -0.00068572408054, 0.00321253505535, -0.00159564521164, 0.000662087870296], [0.000533340789843, -0.00279762293212, 0.00130096357316, 0.000486302946229, -0.000928111257963, 0.00296485074796, -0.000127167440951, -0.00678232731298, 0.0164599604905, -0.00842717476189, -0.000732103711925, 0.00208830228075, -0.000922412378713], [-0.000440765521489, 0.00485610961914, -0.00201081950217, 0.0022980235517, -0.00239695725031, -0.00106915156357, 0.00243148719892, -0.00068572408054, -0.00842717476189, 0.0209319032729, -0.0103809060529, 0.00304009951651, 0.00134076864924], [0.000544162408914, -0.00407636072487, 0.00271705631167, -0.00131468032487, 0.00271518714726, 0.00148976000492, -0.00197932473384, 0.00321253505535, -0.000732103711925, -0.0103809060529, 0.0206847023219, -0.0123287979513, 0.00437007425353], [-0.000316395657137, 0.00590788712725, -0.00288541405462, 0.00219865399413, -0.00269631715491, 2.72368174592e-06, -0.00107340607792, -0.00159564521164, 0.00208830228075, 0.00304009951651, -0.0123287979513, 0.025764932856, -0.0127246556804], [0.000526588992216, -0.00247489660978, 0.00186715228483, 0.000197951128939, 0.00130588933825, 0.000761189206969, -1.82245948963e-05, 0.000662087870296, -0.000922412378713, 0.00134076864924, 0.00437007425353, -0.0127246556804, 0.0182348974049]]
    },
    "melbands": {
        "mean": [7.10035310476e-05, 0.000234295875998, 0.00025704561267, 0.000269403826678, 0.000357558717951, 0.000449067360023, 0.00039264181396, 0.000238741122303, 0.000229598968872, 0.000146523874719, 9.96014568955e-05, 0.000101275552879, 5.08712910232e-05, 5.82068678341e-05, 5.3167281294e-05, 3.77098258468e-05, 2.03053969017e-05, 1.75046588993e-05, 1.58391067089e-05, 6.27073177384e-06, 8.33651210996e-06, 5.15863303008e-06, 2.84432326225e-06, 2.66444590125e-06, 1.67760140357e-06, 1.57227214004e-06, 1.18628634027e-06, 4.973318255e-07, 3.73945795218e-07, 2.36027929645e-07, 9.17320974736e-08, 8.99468375337e-08, 5.4161571228e-08, 3.4259148407e-08, 2.30755397013e-08, 1.77151093794e-08, 1.10293987277e-08, 8.33261815103e-09, 6.56361409668e-09, 4.45108749858e-09],
        "stdev": [0.000169034101418, 0.000761289848015, 0.000964611070231, 0.000916479562875, 0.000877630081959, 0.00122061301954, 0.00121737516019, 0.000749475322664, 0.000648324436042, 0.000414959678892, 0.000343900115695, 0.000363384286175, 0.000208924946492, 0.000242823647568, 0.000223725059186, 0.000184919685125, 9.86010782071e-05, 7.80279951869e-05, 6.55147814541e-05, 2.16235457628e-05, 3.45978296536e-05, 2.38240882027e-05, 1.17874051284e-05, 1.09274442366e-05, 6.36112008578e-06, 5.65292111787e-06, 4.58719341623e-06, 1.67339089785e-06, 1.43728243529e-06, 1.02414162484e-06, 3.58566097702e-07, 3.82699170132e-07, 2.96509824693e-07, 1.48507623976e-07, 9.64962936223e-08, 6.94131827572e-08, 4.42741736606e-08, 3.31565814804e-08, 2.54293652802e-08, 1.70905991581e-08]
    },
    "melbands128": {
        "mean": [1.66277659446e-05, 2.43446484092e-05, 9.08609072212e-05, 0.000164705124917, 0.000259223830653, 0.000273439742159, 0.000212210521568, 0.000275565107586, 0.000290703726932, 0.000261321052676, 0.000271045515547, 0.000291475182166, 0.00038921169471, 0.000419613323174, 0.000465867604362, 0.000466038094601, 0.000404562946642, 0.000382614409318, 0.000430016574683, 0.000217881053686, 0.000164785349625, 0.000228680379223, 0.00027623315691, 0.000208373559872, 0.000102087156847, 0.000174865941517, 0.000119088865176, 9.33643095777e-05, 7.03195401002e-05, 9.84654543572e-05, 0.00011936709052, 9.76343944785e-05, 2.99914590869e-05, 3.42087514582e-05, 4.3648378778e-05, 6.41282604192e-05, 8.80414590938e-05, 6.08843547525e-05, 2.77376148006e-05, 2.53261059697e-05, 6.10112183494e-05, 2.46709332714e-05, 1.73937005457e-05, 1.96090677491e-05, 1.82105468411e-05, 1.47433984239e-05, 2.17262004298e-05, 1.95588199858e-05, 1.24382740978e-05, 4.53827806268e-06, 6.31878492641e-06, 6.84997849021e-06, 8.44076930662e-06, 7.78767116572e-06, 1.08514277599e-05, 3.20483331961e-06, 2.72826378023e-06, 2.74986109616e-06, 2.38598795477e-06, 4.3133827603e-06, 2.53473581324e-06, 1.67750522451e-06, 1.9725250695e-06, 1.47248954363e-06, 1.64855441653e-06, 1.21034997846e-06, 2.23013284995e-06, 1.24700693505e-06, 1.1766848047e-06, 5.46409580693e-07, 4.36137355564e-07, 5.95739777509e-07, 3.22283142395e-07, 4.15917355667e-07, 2.39315625095e-07, 3.75899816163e-07, 1.34164253041e-07, 9.31772135004e-08, 8.32929245576e-08, 1.05910373804e-07, 8.36014493188e-08, 8.80935715486e-08, 7.70056090005e-08, 5.03940178476e-08, 3.8565431737e-08, 3.65764485366e-08, 3.83390350578e-08, 1.92369160601e-08, 2.46713831586e-08, 2.16000266562e-08, 2.02349710321e-08, 1.7348634529e-08, 1.20368666146e-08, 9.24169629712e-09, 1.33316389039e-08, 8.16262701875e-09, 8.45134540128e-09, 5.47232437142e-09, 8.50247872108e-09, 5.28257748655e-09, 4.75770534081e-09, 4.13414635858e-09, 4.60828086801e-09, 3.77114117711e-09, 4.74869166212e-09, 2.98391977793e-09, 2.46979858787e-09, 2.06309302975e-09, 1.82600012888e-09, 1.40239175828e-09, 1.39950129263e-09, 6.61349808251e-10, 3.14304866855e-11, 2.60566958635e-12, 2.53651505182e-12, 2.4779139244e-12, 2.40560848151e-12, 2.32918870822e-12, 2.27934207966e-12, 2.24322990738e-12, 2.20326795003e-12, 2.17205832313e-12, 2.1282819257e-12, 2.08453241647e-12, 2.0718528889e-12, 2.0619376432e-12, 2.05207595708e-12, 2.03488007694e-12],
        "stdev": [3.15572215186e-05, 6.9204979809e-05, 0.000253271864494, 0.000446127174655, 0.000901985680684, 0.00111177144572, 0.000689878768753, 0.0011987760663, 0.00160651933402, 0.0011801389046, 0.000769137579482, 0.000831322278827, 0.00104415649548, 0.00174756126944, 0.00151674507651, 0.00140123581514, 0.00150726235006, 0.00160894740839, 0.00205955887213, 0.000817963329609, 0.000907717389055, 0.000713738205377, 0.000927723245695, 0.000927970162593, 0.000356843753252, 0.000682374811731, 0.000513286155183, 0.000569811672904, 0.000289867952233, 0.000423699384555, 0.000519914494362, 0.00061438663397, 0.000173821710632, 0.000177535766852, 0.000263720488874, 0.000302709173411, 0.000555691949558, 0.000342819228536, 0.00015713502944, 0.000136695598485, 0.000388035812648, 0.000155362387886, 0.000104095699498, 0.000164476427017, 0.000143144250615, 7.03973928466e-05, 0.000130301370518, 0.000105629893369, 6.24413369223e-05, 2.70002910838e-05, 2.77370545518e-05, 3.37366618623e-05, 5.15982283105e-05, 4.05618375225e-05, 7.72022322053e-05, 1.2824139958e-05, 1.34492120196e-05, 2.25498115469e-05, 1.07453652163e-05, 2.48343694693e-05, 1.58826369443e-05, 8.51092681842e-06, 1.01241530501e-05, 7.33367869543e-06, 9.41795133258e-06, 4.96537586514e-06, 1.11239896796e-05, 5.82450275033e-06, 6.67888798489e-06, 2.7038161079e-06, 1.9985191102e-06, 2.57242481894e-06, 1.33125763568e-06, 2.51196252066e-06, 1.14288127406e-06, 2.10731195693e-06, 7.68481868363e-07, 4.73945647173e-07, 4.22590801463e-07, 6.61011767988e-07, 4.96360200941e-07, 4.70200944847e-07, 6.42203758616e-07, 3.77687882747e-07, 2.33803859828e-07, 2.346521768e-07, 2.03279924449e-07, 9.14336979463e-08, 1.23245399664e-07, 1.50848336489e-07, 9.23762470961e-08, 1.03150384234e-07, 6.99896745004e-08, 5.04647594823e-08, 6.65937776034e-08, 4.77954174016e-08, 4.52559199005e-08, 2.1926982896e-08, 4.57895161787e-08, 2.43741222761e-08, 3.37285364083e-08, 1.76059327117e-08, 1.80468546773e-08, 1.51110732816e-08, 1.81975874369e-08, 1.1119253962e-08, 8.9105940404e-09, 7.61748353284e-09, 6.69226407624e-09, 5.62000623816e-09, 5.88184434491e-09, 3.18908122132e-09, 2.08783740296e-10, 8.25131456217e-12, 7.97255143847e-12, 7.71400651689e-12, 7.47625225617e-12, 7.25786401465e-12, 7.05574747933e-12, 6.87349135942e-12, 6.71003400413e-12, 6.56480685784e-12, 6.43689268554e-12, 6.32525195415e-12, 6.23481951831e-12, 6.16156344696e-12, 6.10863790107e-12, 6.07591537846e-12]
    },
    "mfcc": {
        "mean": [-828.165893555, 191.275039673, -4.28767442703, 1.2181596756, -6.81216335297, -9.45141220093, -4.74979066849, -4.74108934402, -4.15145587921, -1.71112251282, -4.21946907043, -0.908823430538, 2.9793856144],
        "cov": [[13443.0732422, 1368.08544922, -3268.77709961, 640.364440918, -458.231109619, -254.42364502, -284.694702148, -284.113769531, -326.091308594, -1.44453465939, -123.935943604, -147.873901367, -251.192077637], [1368.08544922, 1340.69152832, -243.697265625, -204.804519653, -6.02283239365, -72.2903137207, -80.8053512573, -139.26512146, -66.8532714844, -22.0329856873, -35.9369392395, -49.6054840088, -48.8608932495], [-3268.77709961, -243.697265625, 1391.81298828, 77.627494812, 185.491912842, 154.81072998, 98.4323272705, 91.4717712402, 76.2051620483, -15.7121210098, -11.1540527344, -26.5458316803, -10.271777153], [640.364440918, -204.804519653, 77.627494812, 646.81427002, 187.351745605, 64.2863769531, 78.0757827759, 30.9731636047, -7.63369226456, 12.4645833969, -31.5425395966, -57.4344596863, -86.3538589478], [-458.231109619, -6.02283239365, 185.491912842, 187.351745605, 262.379119873, 125.549118042, 64.4996032715, 24.1944293976, 17.7769317627, 2.76809644699, -22.2201538086, -30.4604949951, -31.6717071533], [-254.42364502, -72.2903137207, 154.81072998, 64.2863769531, 125.549118042, 188.499969482, 103.831588745, 47.6660652161, 25.1989688873, -0.908247828484, -17.9290657043, -19.4264812469, -17.6913070679], [-284.694702148, -80.8053512573, 98.4323272705, 78.0757827759, 64.4996032715, 103.831588745, 165.12953186, 95.6087188721, 27.4766483307, -7.57421255112, -25.6748332977, -14.4258337021, -7.12022352219], [-284.113769531, -139.26512146, 91.4717712402, 30.9731636047, 24.1944293976, 47.6660652161, 95.6087188721, 137.324111938, 67.9678726196, -2.48629641533, -21.054271698, -9.66901302338, 2.22949290276], [-326.091308594, -66.8532714844, 76.2051620483, -7.63369226456, 17.7769317627, 25.1989688873, 27.4766483307, 67.9678726196, 106.8621521, 41.6863822937, -5.74761104584, -1.08665990829, 6.54623222351], [-1.44453465939, -22.0329856873, -15.7121210098, 12.4645833969, 2.76809644699, -0.908247828484, -7.57421255112, -2.48629641533, 41.6863822937, 94.7652359009, 54.6010665894, 13.0448284149, 3.613707304], [-123.935943604, -35.9369392395, -11.1540527344, -31.5425395966, -22.2201538086, -17.9290657043, -25.6748332977, -21.054271698, -5.74761104584, 54.6010665894, 118.319999695, 67.3901062012, 19.5278682709], [-147.873901367, -49.6054840088, -26.5458316803, -57.4344596863, -30.4604949951, -19.4264812469, -14.4258337021, -9.66901302338, -1.08665990829, 13.0448284149, 67.3901062012, 111.138656616, 69.1799240112], [-251.192077637, -48.8608932495, -10.271777153, -86.3538589478, -31.6717071533, -17.6913070679, -7.12022352219, 2.22949290276, 6.54623222351, 3.613707304, 19.5278682709, 69.1799240112, 116.949935913]],
        "icov": [[0.000463054573629, -0.000483106879983, 0.000953350623604, -0.000972700188868, 0.0012641538633, -0.00141128117684, 0.00139958353247, -0.00114576763008, 0.00115453067701, -0.000736578658689, 0.000822813308332, -0.000360335048754, 0.000428057042882], [-0.000483106879983, 0.00150656374171, -0.000859559630044, 0.00153945817146, -0.00190844666213, 0.00209921179339, -0.00206755823456, 0.00243622227572, -0.00134632596746, 0.000803472299594, -0.000561272667255, 0.000593971170019, 7.4295225204e-05], [0.000953350623604, -0.000859559630044, 0.00285635469481, -0.00192048517056, 0.00207586213946, -0.00314408051781, 0.00275184912607, -0.00220749364235, 0.00153593777213, -0.000611840514466, 0.000942348502576, -0.000149844010593, 0.000681769684888], [-0.000972700188868, 0.00153945817146, -0.00192048517056, 0.00463856291026, -0.0047064665705, 0.00422160420567, -0.00403441349044, 0.00244319392368, -0.00115463661496, 9.72968482529e-05, -0.000554824306164, 0.000216490763705, 0.000908347778022], [0.0012641538633, -0.00190844666213, 0.00207586213946, -0.0047064665705, 0.0110905375332, -0.00854945741594, 0.00480166869238, -0.00293666846119, 0.002468256047, -0.00190027349163, 0.00231578270905, -0.000768508354668, 0.000672013673466], [-0.00141128117684, 0.00209921179339, -0.00314408051781, 0.00422160420567, -0.00854945741594, 0.0163644123822, -0.0116373104975, 0.00666918652132, -0.00540256965905, 0.00291872839443, -0.00298133818433, 0.00164628552739, -0.000252464320511], [0.00139958353247, -0.00206755823456, 0.00275184912607, -0.00403441349044, 0.00480166869238, -0.0116373104975, 0.0211942568421, -0.0160166751593, 0.00978562049568, -0.00557781849056, 0.0055844578892, -0.00317683489993, 0.00111204676796], [-0.00114576763008, 0.00243622227572, -0.00220749364235, 0.00244319392368, -0.00293666846119, 0.00666918652132, -0.0160166751593, 0.0261928401887, -0.0181207917631, 0.0105140432715, -0.00638613663614, 0.00460270000622, -0.0020607765764], [0.00115453067701, -0.00134632596746, 0.00153593777213, -0.00115463661496, 0.002468256047, -0.00540256965905, 0.00978562049568, -0.0181207917631, 0.0284269694239, -0.0186267159879, 0.0125796534121, -0.00685768947005, 0.0029324486386], [-0.000736578658689, 0.000803472299594, -0.000611840514466, 9.72968482529e-05, -0.00190027349163, 0.00291872839443, -0.00557781849056, 0.0105140432715, -0.0186267159879, 0.0283749960363, -0.0189061705023, 0.0102756470442, -0.0045970743522], [0.000822813308332, -0.000561272667255, 0.000942348502576, -0.000554824306164, 0.00231578270905, -0.00298133818433, 0.0055844578892, -0.00638613663614, 0.0125796534121, -0.0189061705023, 0.0275475401431, -0.0182117149234, 0.00789690110832], [-0.000360335048754, 0.000593971170019, -0.000149844010593, 0.000216490763705, -0.000768508354668, 0.00164628552739, -0.00317683489993, 0.00460270000622, -0.00685768947005, 0.0102756470442, -0.0182117149234, 0.0271384511143, -0.0135654052719], [0.000428057042882, 7.4295225204e-05, 0.000681769684888, 0.000908347778022, 0.000672013673466, -0.000252464320511, 0.00111204676796, -0.0020607765764, 0.0029324486386, -0.0045970743522, 0.00789690110832, -0.0135654052719, 0.0171662084758]]
    },
    "spectral_contrast_coeffs": {
        "mean": [-0.69807356596, -0.70994746685, -0.70441287756, -0.766671717167, -0.795518815517, -0.800167858601],
        "stdev": [0.0929830670357, 0.0906461551785, 0.0861261934042, 0.0721106901765, 0.0629486516118, 0.0524573922157]
    },
    "spectral_contrast_valleys": {
        "mean": [-8.12750911713, -7.72984266281, -8.86394405365, -9.64546012878, -10.2265577316, -13.4654045105],
        "stdev": [1.2904368639, 1.39269351959, 1.35726165771, 1.41973781586, 1.38085317612, 0.995311558247]
    }
},
"rhythm": {
    "beats_count": 1160,
    "beats_loudness": {
        "mean": 0.0150178363547,
        "stdev": 0.0278493389487
    },
    "bpm": 84.1956176758,
    "bpm_histogram_first_peak_bpm": 89,
    "bpm_histogram_first_peak_weight": 0.481617629528,
    "bpm_histogram_second_peak_bpm": 120,
    "bpm_histogram_second_peak_spread": 0.549019634724,
    "bpm_histogram_second_peak_weight": 0.0595340803266,
    "danceability": 0.7679489851,
    "onset_rate": 0.921206533909,
    "beats_loudness_band_ratio": {
        "mean": [0.213557690382, 0.35022431612, 0.316168367863, 0.142737045884, 0.0268598608673, 0.00456756539643],
        "stdev": [0.213592320681, 0.216372311115, 0.220511853695, 0.147825405002, 0.0360626839101, 0.0104298563674]
    },
