{
"metadata": {
    "version": {
        "essentia": "2.1-dev",
        "essentia_git_sha": "v2.1_beta3-415-gd5473f3",
        "extractor": "music 2.0"
    },
    "audio_properties": {
        "analysis": {
            "equal_loudness": 0,
            "length": 242.625305176,
            "sample_rate": 44100,
            "start_time": 0,
            "downmix": "mix"
        },
        "bit_rate": 192000,
        "length": 242.625305176,
        "lossless": 0,
        "number_channels": 2,
        "replay_gain": -4.40536499023,
        "sample_rate": 44100,
        "codec": "mp3",
        "md5_encoded": "79007a47406620df9dd2c3de7965f10c"
    },
    "tags": {
        "file_name": "gluck-orfeo_y_euridice.mp3",
        "date": ["2004"],
        "engineer": ["rosamerica tamyo"]
    }
},
"lowlevel": {
    "average_loudness": 0.16076515615,
    "barkbands_crest": {
        "mean": 10.0511360168,
        "stdev": 4.12180042267
    },
    "barkbands_flatness_db": {
        "mean": 0.198601618409,
        "stdev": 0.0490566678345
    },
    "barkbands_kurtosis": {
        "mean": 2.02429819107,
        "stdev": 6.941822052
    },
    "barkbands_skewness": {
        "mean": 0.439222961664,
        "stdev": 1.00567805767
    },
    "barkbands_spread": {
        "mean": 15.8570585251,
        "stdev": 8.810546875
    },
    "dissonance": {
        "mean": 0.438966631889,
        "stdev": 0.0450029410422
    },
    "dynamic_complexity": 6.34948730469,
    "erbbands_crest": {
        "mean": 12.0863513947,
        "stdev": 5.24731683731
    },
    "erbbands_flatness_db": {
        "mean": 0.26075065136,
        "stdev": 0.0489905104041
    },
    "erbbands_kurtosis": {
        "mean": 2.34068846703,
        "stdev": 9.6187543869
    },
    "erbbands_skewness": {
        "mean": 0.305129021406,
        "stdev": 1.36196374893
    },
    "erbbands_spread": {
        "mean": 21.485118866,
        "stdev": 11.0991353989
    },
    "hfc": {
        "mean": 11.2637681961,
        "stdev": 18.9462604523
    },
    "loudness_ebu128": {
        "integrated": -20.0448818207,
        "loudness_range": 12.2369174957,
        "momentary": {
            "mean": -27.7890529633,
            "stdev": 30.9164772034
        },
        "short_term": {
            "mean": -23.6403522491,
            "stdev": 12.2806072235
        }
    },
    "melbands_crest": {
        "mean": 12.6560974121,
        "stdev": 5.16267299652
    },
    "melbands_flatness_db": {
        "mean": 0.25162962079,
        "stdev": 0.0663123130798
    },
    "melbands_kurtosis": {
        "mean": 5.09228658676,
        "stdev": 16.1093482971
    },
    "melbands_skewness": {
        "mean": 1.15891170502,
        "stdev": 1.21842575073
    },
    "melbands_spread": {
        "mean": 25.4162044525,
        "stdev": 19.9112510681
    },
    "pitch_salience": {
        "mean": 0.537408947945,
        "stdev": 0.106363192201
    },
    "silence_rate_20dB": {
        "mean": 1,
        "stdev": 0
    },
    "silence_rate_30dB": {
        "mean": 0.995311021805,
        "stdev": 0.0683185830712
    },
    "silence_rate_60dB": {
        "mean": 0.378181815147,
        "stdev": 0.484963238239
    },
    "spectral_centroid": {
        "mean": 1448.85046387,
        "stdev": 1283.65734863
    },
    "spectral_complexity": {
        "mean": 10.433300972,
        "stdev": 7.8676981926
    },
    "spectral_decrease": {
        "mean": -2.77630629597e-09,
        "stdev": 4.22945456435e-09
    },
    "spectral_energy": {
        "mean": 0.0115000652149,
        "stdev": 0.0175870973617
    },
    "spectral_energyband_high": {
        "mean": 3.12123156618e-05,
        "stdev": 5.94089615333e-05
    },
    "spectral_energyband_low": {
        "mean": 0.00077484146459,
        "stdev": 0.0018277738709
    },
    "spectral_energyband_middle_high": {
        "mean": 0.00525738857687,
        "stdev": 0.00999385677278
    },
    "spectral_energyband_middle_low": {
        "mean": 0.00581044098362,
        "stdev": 0.009202465415
    },
    "spectral_entropy": {
        "mean": 6.75322914124,
        "stdev": 0.570750355721
    },
    "spectral_flux": {
        "mean": 0.043612357229,
        "stdev": 0.0388723239303
    },
    "spectral_kurtosis": {
        "mean": 11.651807785,
        "stdev": 6.95910406113
    },
    "spectral_rms": {
        "mean": 0.00270509137772,
        "stdev": 0.00197535846382
    },
    "spectral_rolloff": {
        "mean": 1802.21911621,
        "stdev": 2179.83837891
    },
    "spectral_skewness": {
        "mean": 2.07766985893,
        "stdev": 0.753638148308
    },
    "spectral_spread": {
        "mean": 2919080,
        "stdev": 4428260.5
    },
    "spectral_strongpeak": {
        "mean": 1.1849976778,
        "stdev": 1.42446267605
    },
    "zerocrossingrate": {
        "mean": 0.0586665011942,
        "stdev": 0.056784208864
    },
    "barkbands": {
        "mean": [8.44066744321e-05, 0.000309604860377, 0.000194569816813, 0.000593575299717, 0.000900549115613, 0.000965931278188, 0.000861040432937, 0.000765595876146, 0.00138762546703, 0.000701428332832, 0.000974123831838, 0.000714129651897, 0.000881831161678, 0.000444485456683, 0.000284954410745, 0.000175458408194, 0.000487382232677, 0.000529371842276, 0.000191123384866, 3.21792940667e-05, 9.59914723353e-06, 5.06822925672e-06, 3.7188810893e-06, 1.73838679984e-06, 4.80200014863e-07, 9.11177195917e-08, 7.62315277569e-09],
        "stdev": [3.37932906405e-05, 0.000850961077958, 0.000513453269377, 0.00180652795825, 0.0019680946134, 0.00213224533945, 0.00297215464525, 0.00200930377468, 0.00377987883985, 0.00266387779266, 0.00406771712005, 0.00205581565388, 0.0026487398427, 0.00137276877649, 0.00119780970272, 0.000971998029854, 0.00151503039524, 0.00126191461459, 0.00043782783905, 8.03233851912e-05, 2.31934627664e-05, 1.10162864075e-05, 8.91215404408e-06, 4.20821061198e-06, 1.13790338219e-06, 1.45381605421e-07, 2.08439274729e-08]
    },
    "erbbands": {
        "mean": [0.00383866718039, 0.0865054130554, 0.259934931993, 1.11694777012, 2.74812889099, 3.07589888573, 5.06778478622, 8.0853843689, 8.7384929657, 17.8988704681, 19.3146686554, 31.396780014, 27.4753379822, 31.5681190491, 29.3988838196, 29.8737163544, 36.0296936035, 30.1852893829, 16.046792984, 13.3277378082, 13.1536359787, 27.8066558838, 30.2716331482, 18.0605831146, 4.81702375412, 1.416056633, 0.566498041153, 0.311051517725, 0.203564360738, 0.141662284732, 0.103681117296, 0.0467456392944, 0.0249919723719, 0.00862183887511, 0.0018599301111, 0.000490265374538, 0.000162456417456, 3.31007868226e-05, 7.40464793125e-06, 1.39103522088e-05],
        "stdev": [0.0110467337072, 0.23516574502, 0.638595044613, 3.37332201004, 6.4196228981, 7.82959699631, 12.0062828064, 21.2752532959, 25.2305870056, 63.2881126404, 45.6596374512, 84.9397125244, 90.1395568848, 136.708526611, 89.0662460327, 86.9330825806, 97.4367599487, 69.0064315796, 60.8737373352, 75.9760360718, 41.5609092712, 78.4881896973, 71.8971862793, 38.5823478699, 10.202381134, 3.34183478355, 1.21198928356, 0.787824094296, 0.466169506311, 0.314574331045, 0.250859886408, 0.111802525818, 0.0736708194017, 0.0222918372601, 0.00370169477537, 0.000805722142104, 0.00026553942007, 5.64751499041e-05, 1.11484378067e-05, 2.13508319575e-05]
    },
    "gfcc": {
        "mean": [-151.614379883, 134.248840332, -154.88230896, 11.1193361282, -48.5695228577, -4.84777212143, -39.256980896, 4.17712974548, -18.4286155701, -17.4853363037, 0.905377805233, -0.955506026745, -13.2471857071],
        "cov": [[24221.3203125, 2038.3380127, -5142.06591797, -278.893585205, -396.598266602, -499.302093506, 57.3398895264, 15.0413227081, 2.22501969337, -424.858306885, -80.0622940063, -436.166412354, -560.310302734], [2038.3380127, 1513.24438477, 117.301132202, -49.2140693665, -20.2470226288, -65.8973617554, 55.4622802734, -195.094024658, 7.73203754425, 35.1527252197, -165.21975708, -267.069946289, 115.550170898], [-5142.06591797, 117.301132202, 1829.23278809, 316.17199707, -48.8374862671, 111.414115906, -93.7261428833, -114.924934387, -91.7467727661, 56.7958488464, -105.850570679, 44.1942443848, 203.722457886], [-278.893585205, -49.2140693665, 316.17199707, 338.927490234, -14.2057676315, -2.52109050751, -80.4118118286, -52.9536781311, -14.4647188187, 21.0655517578, -66.0456390381, -2.76312232018, 48.2764816284], [-396.598266602, -20.2470226288, -48.8374862671, -14.2057676315, 287.603607178, 32.4775161743, -16.2611255646, 3.43612527847, 13.84471035, -15.3784627914, 30.8685436249, -9.38276576996, -42.0794830322], [-499.302093506, -65.8973617554, 111.414115906, -2.52109050751, 32.4775161743, 171.57510376, 23.0333442688, 0.459874361753, -22.4878635406, 12.0272808075, 0.733721613884, 16.4954395294, -2.5671980381], [57.3398895264, 55.4622802734, -93.7261428833, -80.4118118286, -16.2611255646, 23.0333442688, 309.538482666, 20.5941486359, 24.1111431122, 17.5192260742, -55.7002029419, -46.9685287476, 0.5449873209], [15.0413227081, -195.094024658, -114.924934387, -52.9536781311, 3.43612527847, 0.459874361753, 20.5941486359, 221.00088501, 8.50565052032, -111.982749939, 69.9494018555, 80.6494369507, -62.5399932861], [2.22501969337, 7.73203754425, -91.7467727661, -14.4647188187, 13.84471035, -22.4878635406, 24.1111431122, 8.50565052032, 171.113006592, 136.302032471, -34.1194534302, -88.9633789062, 27.1973896027], [-424.858306885, 35.1527252197, 56.7958488464, 21.0655517578, -15.3784627914, 12.0272808075, 17.5192260742, -111.982749939, 136.302032471, 346.623352051, -40.4407424927, -126.588249207, 87.4178543091], [-80.0622940063, -165.21975708, -105.850570679, -66.0456390381, 30.8685436249, 0.733721613884, -55.7002029419, 69.9494018555, -34.1194534302, -40.4407424927, 190.100387573, 142.348022461, -57.7838973999], [-436.166412354, -267.069946289, 44.1942443848, -2.76312232018, -9.38276576996, 16.4954395294, -46.9685287476, 80.6494369507, -88.9633789062, -126.588249207, 142.348022461, 270.163452148, -23.8146629333], [-560.310302734, 115.550170898, 203.722457886, 48.2764816284, -42.0794830322, -2.5671980381, 0.5449873209, -62.5399932861, 27.1973896027, 87.4178543091, -57.7838973999, -23.8146629333, 175.415710449]],
        "icov": [[0.000401317025535, -0.000735554203857, 0.00135099259205, -0.000969016284216, 0.000744203804061, -0.000113488109491, 0.000267525087111, -9.90594853647e-05, 0.000394896022044, 7.14643028914e-05, 0.000322461739415, -0.000155378700583, 0.000593090779148], [-0.000735554203857, 0.00234934943728, -0.00256257224828, 0.00209964602254, -0.00133342854679, 0.000502906565089, -0.000598346348852, 0.000910644070245, -0.000629096582998, 0.000524003000464, -0.000903735752217, 0.00148346275091, -0.00174470199272], [0.00135099259205, -0.00256257224828, 0.00536300195381, -0.00382525357418, 0.0024909672793, -0.000869504583534, 0.00104891927913, -0.000454121618532, 0.00183630315587, 1.99113146664e-05, 0.00142938096542, -0.000834637379739, 0.00131023558788], [-0.000969016284216, 0.00209964602254, -0.00382525357418, 0.00661431858316, -0.00193471717648, 0.000816349580418, 0.000452839449281, 0.000584591471124, -0.000709077168722, -0.000461574789369, 0.00142740784213, -0.000327852350892, -0.00133559538517], [0.000744203804061, -0.00133342854679, 0.0024909672793, -0.00193471717648, 0.00533315027133, -0.00123962282669, 0.000610141491052, 0.00053232209757, -0.000442777964054, 0.00103026430588, -0.000759335351177, 0.00055314990459, 0.00172427960206], [-0.000113488109491, 0.000502906565089, -0.000869504583534, 0.000816349580418, -0.00123962282669, 0.00693627633154, -0.000650700880215, -0.000449832848972, 0.00161157269031, -0.0012902263552, 0.000779422698542, -0.000436542293755, 0.000327758782078], [0.000267525087111, -0.000598346348852, 0.00104891927913, 0.000452839449281, 0.000610141491052, -0.000650700880215, 0.00420879526064, -0.000978497439064, 0.000480056158267, -0.00055006420007, 0.00239159213379, -0.000549256219529, 0.000593706790823], [-9.90594853647e-05, 0.000910644070245, -0.000454121618532, 0.000584591471124, 0.00053232209757, -0.000449832848972, -0.000978497439064, 0.00841934140772, -0.00432834820822, 0.00391809176654, -0.00256526423618, -1.53138389578e-05, 0.000447510567028], [0.000394896022044, -0.000629096582998, 0.00183630315587, -0.000709077168722, -0.000442777964054, 0.00161157269031, 0.000480056158267, -0.00432834820822, 0.0126799801365, -0.00531913898885, 0.00211495370604, 0.00151189451572, -0.000302242842736], [7.14643028914e-05, 0.000524003000464, 1.99113146664e-05, -0.000461574789369, 0.00103026430588, -0.0012902263552, -0.00055006420007, 0.00391809176654, -0.00531913898885, 0.00766460271552, -0.00373061490245, 0.00308699579909, -0.00219086324796], [0.000322461739415, -0.000903735752217, 0.00142938096542, 0.00142740784213, -0.000759335351177, 0.000779422698542, 0.00239159213379, -0.00256526423618, 0.00211495370604, -0.00373061490245, 0.0140607682988, -0.00762656750157, 0.00360728637315], [-0.000155378700583, 0.00148346275091, -0.000834637379739, -0.000327852350892, 0.00055314990459, -0.000436542293755, -0.000549256219529, -1.53138389578e-05, 0.00151189451572, 0.00308699579909, -0.00762656750157, 0.0106924753636, -0.00312485569157], [0.000593090779148, -0.00174470199272, 0.00131023558788, -0.00133559538517, 0.00172427960206, 0.000327758782078, 0.000593706790823, 0.000447510567028, -0.000302242842736, -0.00219086324796, 0.00360728637315, -0.00312485569157, 0.0100692082196]]
    },
    "melbands": {
        "mean": [6.42870363663e-05, 0.000130608212203, 0.000247924559517, 0.0002142401936, 0.000164825774846, 0.000183142983587, 0.000149227838847, 0.000190132603166, 0.000169202146935, 0.00020124578441, 0.000132972039864, 0.000119336255011, 0.000113475733087, 6.85800187057e-05, 8.48787094583e-05, 9.04483458726e-05, 5.17598309671e-05, 2.59007647401e-05, 2.37304975599e-05, 1.25726846818e-05, 1.62633459695e-05, 2.83990775642e-05, 3.13400669256e-05, 2.26128959184e-05, 1.44336754602e-05, 4.5284555199e-06, 1.77822460046e-06, 6.93689571563e-07, 4.11122243804e-07, 2.27708596867e-07, 1.43961599974e-07, 1.24213798358e-07, 7.91630938579e-08, 7.5340132355e-08, 6.56375007679e-08, 3.98196391416e-08, 2.36342589943e-08, 1.86710185091e-08, 1.2342370681e-08, 5.45508349603e-09],
        "stdev": [0.000168007274624, 0.000321019208059, 0.00064220582135, 0.000481735623907, 0.000358699937351, 0.000438353075879, 0.000447388534667, 0.000638330820948, 0.000439452996943, 0.000570173142478, 0.000457943591755, 0.000525586132426, 0.000410640175687, 0.000182647825568, 0.000306143105263, 0.000314205128234, 0.000129836014821, 0.000114245369332, 0.000106473169581, 9.41504113143e-05, 6.12646254012e-05, 8.79475701367e-05, 9.1711350251e-05, 5.08926568727e-05, 3.30879447574e-05, 1.17120671348e-05, 4.76611239719e-06, 1.67641985627e-06, 9.30719977532e-07, 5.6860795894e-07, 3.77642493277e-07, 3.12509911282e-07, 1.6229299149e-07, 1.81727088489e-07, 1.71584446207e-07, 9.88560202586e-08, 6.24186071718e-08, 5.94346403204e-08, 3.96885972975e-08, 1.4617140387e-08]
    },
    "melbands128": {
        "mean": [2.02570536203e-05, 1.3761491573e-05, 7.55524160923e-05, 0.000172536369064, 0.000145365018398, 8.76875637914e-05, 0.000203947565751, 0.000323598593241, 0.00028767940239, 0.000213921099203, 0.000182728021173, 0.000116271025036, 0.000166024721693, 0.000230897348956, 0.000191493832972, 0.000160536001204, 0.000131133128889, 0.000110060267616, 0.00024174322607, 0.000215773558011, 0.000176400993951, 0.000118580494018, 0.000176353700226, 0.000220141548198, 0.000179676833795, 0.000246997922659, 0.000134697795147, 0.000153573739226, 8.31480210763e-05, 6.92483663443e-05, 0.000153632878209, 0.000183078460395, 9.45554711507e-05, 8.76942576724e-05, 6.63099926896e-05, 5.75636840949e-05, 7.44948119973e-05, 0.000128400264657, 5.45075854461e-05, 4.34831490566e-05, 0.000176030938746, 4.84312331537e-05, 3.50330119545e-05, 7.20564057701e-05, 2.48061733146e-05, 2.00053327717e-05, 1.79453836608e-05, 3.1430463423e-05, 2.16042844841e-05, 1.42255994433e-05, 1.04696018752e-05, 1.42293565659e-05, 9.63345155469e-06, 1.80929437192e-05, 2.94590681733e-05, 2.83765675704e-05, 2.96715916193e-05, 2.88732335321e-05, 3.45189582731e-05, 3.11589465127e-05, 1.98472462216e-05, 1.84047512448e-05, 1.89845704881e-05, 1.30831977003e-05, 7.88504530647e-06, 4.02700516133e-06, 2.88912838187e-06, 1.93772484636e-06, 1.79752078111e-06, 9.85268115983e-07, 6.22332777311e-07, 5.96229654093e-07, 6.05930722486e-07, 3.59413974138e-07, 1.80824386575e-07, 2.69720374035e-07, 1.9897319703e-07, 2.48364187883e-07, 1.08019001743e-07, 8.21585643962e-08, 1.2879657163e-07, 1.60458540677e-07, 7.29770306407e-08, 6.48508517997e-08, 8.52453538869e-08, 8.82742625663e-08, 6.48301536899e-08, 6.50353229048e-08, 7.77518209816e-08, 5.49299414843e-08, 4.52822419561e-08, 3.55935654284e-08, 2.98704811996e-08, 2.30510810439e-08, 2.08520809508e-08, 1.88263165057e-08, 1.96708320743e-08, 1.57438435622e-08, 1.3573780322e-08, 1.01192565438e-08, 7.02924563001e-09, 4.73419481395e-09, 3.45590400741e-09, 2.42695730179e-09, 1.78602910239e-09, 1.33671651525e-09, 1.10936293485e-09, 8.98369378888e-10, 7.71975261493e-10, 6.29052532286e-10, 5.39342515093e-10, 5.03824704179e-10, 5.02335617547e-10, 4.64863841865e-10, 4.09505790389e-10, 3.34763466947e-10, 2.48196185826e-10, 4.35549686595e-11, 2.18759281523e-11, 7.87594295337e-12, 3.92860136783e-12, 3.53673383982e-12, 2.29609907476e-12, 1.92941539481e-12, 1.85708653316e-12, 1.84907688119e-12, 1.83858137048e-12, 1.82213901086e-12],
        "stdev": [9.98509040073e-06, 5.43059431948e-05, 0.000234535778873, 0.000487519544549, 0.000390431669075, 0.000232486519963, 0.000735671434086, 0.00095877959393, 0.000745261262637, 0.000676517316606, 0.000579172221478, 0.000362609454896, 0.000455566652818, 0.00068951601861, 0.000700307951774, 0.000478438509163, 0.00052057596622, 0.000450452353107, 0.00108666508459, 0.000956498959567, 0.000711446278729, 0.000333478790708, 0.000585422385484, 0.000852272147313, 0.000609904353041, 0.000976129027549, 0.00066761940252, 0.000656895514112, 0.0005198008148, 0.00043676464702, 0.000849898788147, 0.000919338141102, 0.000429168285336, 0.000303570705, 0.00025048214593, 0.000212097627809, 0.000341131904861, 0.000557726831175, 0.000273692829069, 0.000168957136339, 0.000745287921745, 0.00017412143643, 0.000148097533383, 0.000247734540608, 0.000189899728866, 0.000154970693984, 0.000134182453621, 0.000179753449629, 0.000110004963062, 0.000220684873057, 0.000100332246802, 4.8655198043e-05, 3.5356166336e-05, 0.00010193118942, 0.000140820644447, 9.70804612734e-05, 0.000106596096884, 0.000109402630187, 0.000144400255522, 8.61651133164e-05, 6.27496046945e-05, 6.2888917455e-05, 5.31672594661e-05, 3.93836380681e-05, 3.22163614328e-05, 1.36514281621e-05, 8.20388686407e-06, 6.53127153782e-06, 5.95903838985e-06, 3.23631866195e-06, 1.90115861187e-06, 1.52393238295e-06, 1.45240426264e-06, 1.12524571705e-06, 6.05190848546e-07, 9.37457343753e-07, 5.60190187571e-07, 1.05479125523e-06, 2.89279711296e-07, 2.01446795245e-07, 4.39244473682e-07, 5.30515194441e-07, 1.46430664927e-07, 1.58787486271e-07, 2.80243256157e-07, 2.28262237556e-07, 2.12816445355e-07, 1.77618773023e-07, 2.75058056332e-07, 1.4347669719e-07, 1.29579390773e-07, 1.00765305433e-07, 8.27487482979e-08, 7.29321953941e-08, 7.52191837705e-08, 6.51984777278e-08, 8.10829376974e-08, 7.17671397865e-08, 5.4656084103e-08, 3.58319240945e-08, 2.49543123942e-08, 1.50568535418e-08, 1.0141942397e-08, 7.08469105604e-09, 4.38295710836e-09, 2.88390245018e-09, 2.31701768882e-09, 1.82799331228e-09, 1.53749435405e-09, 1.17461296245e-09, 1.03814890018e-09, 9.13163156202e-10, 1.09502418244e-09, 9.48584100158e-10, 9.12629416483e-10, 7.06476488421e-10, 4.94038143728e-10, 1.48384304843e-10, 4.01086081014e-10, 1.94009780463e-10, 8.83463996404e-11, 7.72696073792e-11, 2.86627249713e-11, 7.33971303873e-12, 4.13868852384e-12, 4.08800424068e-12, 4.05277937945e-12, 4.03096132862e-12]
    },
    "mfcc": {
        "mean": [-777.802368164, 159.97416687, -34.0788116455, 13.2004051208, 7.75780487061, -11.8551073074, -7.96519804001, 14.228345871, -17.6566810608, -8.07987785339, 5.71458339691, -1.26109969616, -6.78136348724],
        "cov": [[12603.8085938, 1380.7512207, -3279.93530273, 116.802520752, -885.859802246, -59.1950416565, -186.346618652, 183.790863037, 54.9625244141, 366.346984863, 75.9119186401, 216.617477417, -83.2127151489], [1380.7512207, 1509.26855469, -19.9664897919, 4.17480754852, -54.750125885, 33.7109718323, 33.8232269287, -116.300575256, 107.642738342, 64.8191375732, -110.69203949, -20.0801849365, -49.1528930664], [-3279.93530273, -19.9664897919, 1509.53942871, 166.943893433, 150.001235962, 94.9152374268, 58.1918945312, -159.570205688, 68.4788284302, -68.0481491089, -197.384307861, -112.987693787, -21.1315422058], [116.802520752, 4.17480754852, 166.943893433, 303.431915283, -10.2535114288, 71.435546875, -41.9787750244, -111.979949951, 59.6832008362, 52.2745552063, -86.7183914185, -38.2809295654, 10.8389816284], [-885.859802246, -54.750125885, 150.001235962, -10.2535114288, 458.442016602, -58.0582275391, -45.8511238098, 85.0769348145, -145.88508606, -121.15461731, 74.3716049194, -73.849899292, -24.9104709625], [-59.1950416565, 33.7109718323, 94.9152374268, 71.435546875, -58.0582275391, 272.951324463, 21.131477356, -200.895965576, 102.274536133, 96.6312255859, -79.2724380493, -2.95616579056, 7.33880281448], [-186.346618652, 33.8232269287, 58.1918945312, -41.9787750244, -45.8511238098, 21.131477356, 159.299728394, 72.7588195801, 2.54920649529, -49.9080543518, -2.63999724388, 8.9530954361, -1.13170325756], [183.790863037, -116.300575256, -159.570205688, -111.979949951, 85.0769348145, -200.895965576, 72.7588195801, 525.00402832, -204.74861145, -223.103652954, 86.0809020996, -44.777961731, -66.8874359131], [54.9625244141, 107.642738342, 68.4788284302, 59.6832008362, -145.88508606, 102.274536133, 2.54920649529, -204.74861145, 309.252227783, 188.630065918, -94.9783859253, 10.0512399673, 10.8525590897], [366.346984863, 64.8191375732, -68.0481491089, 52.2745552063, -121.15461731, 96.6312255859, -49.9080543518, -223.103652954, 188.630065918, 302.197387695, -39.42735672, 20.9877128601, -15.4073190689], [75.9119186401, -110.69203949, -197.384307861, -86.7183914185, 74.3716049194, -79.2724380493, -2.63999724388, 86.0809020996, -94.9783859253, -39.42735672, 212.581115723, 60.5008735657, 16.6738853455], [216.617477417, -20.0801849365, -112.987693787, -38.2809295654, -73.849899292, -2.95616579056, 8.9530954361, -44.777961731, 10.0512399673, 20.9877128601, 60.5008735657, 165.438186646, 81.7703933716], [-83.2127151489, -49.1528930664, -21.1315422058, 10.8389816284, -24.9104709625, 7.33880281448, -1.13170325756, -66.8874359131, 10.8525590897, -15.4073190689, 16.6738853455, 81.7703933716, 185.834640503]],
        "icov": [[0.000369785557268, -0.000318607519148, 0.000798742228653, -0.000575562822632, 0.000451223342679, -6.85467530275e-05, 0.000277563434793, -0.000186093166121, 0.000180432194611, -4.96802713315e-05, 0.000207174671232, -0.000179351176484, 0.000249281991273], [-0.000318607519148, 0.00100769917481, -0.000579105166253, 0.00055527582299, -0.000488964491524, 0.000281840271782, -0.000575234706048, 0.00044908298878, -0.000274256279226, 0.000100539793493, 0.000283130822936, 7.65012882766e-05, 7.23784978618e-05], [0.000798742228653, -0.000579105166253, 0.00269228103571, -0.00154679850675, 0.000493535306305, 6.57201235299e-05, -0.00011120425188, 0.000156201742357, 0.000200563605176, 0.000395671115257, 0.00124499434605, -0.000248276337516, 0.000738586357329], [-0.000575562822632, 0.00055527582299, -0.00154679850675, 0.00515297893435, -0.000624805456027, -0.000464290642412, 0.000701865181327, 0.000447574566351, -0.000281967339106, -0.000179792870767, 0.000653831521049, 0.00105155375786, -0.00100715016015], [0.000451223342679, -0.000488964491524, 0.000493535306305, -0.000624805456027, 0.00397366797552, -0.000283816072624, 0.0016236336669, -0.000143778583151, 0.00103403057437, 0.000686038809363, -0.00148111872841, 0.00151090708096, 0.000131842461997], [-6.85467530275e-05, 0.000281840271782, 6.57201235299e-05, -0.000464290642412, -0.000283816072624, 0.00611904077232, -0.00242753583007, 0.00244848825969, 0.000114905989903, -0.000445152574684, 0.00127701612655, 0.000217286564293, 0.000411408138461], [0.000277563434793, -0.000575234706048, -0.00011120425188, 0.000701865181327, 0.0016236336669, -0.00242753583007, 0.0093401921913, -0.00232316646725, -0.0011449996382, 0.00157368904911, -0.000654329604004, -0.000698417774402, 1.61321404448e-05], [-0.000186093166121, 0.00044908298878, 0.000156201742357, 0.000447574566351, -0.000143778583151, 0.00244848825969, -0.00232316646725, 0.00493278633803, 0.000869941490237, 0.0019494817825, -7.84796284279e-05, 0.00101272121537, 0.00134470534977], [0.000180432194611, -0.000274256279226, 0.000200563605176, -0.000281967339106, 0.00103403057437, 0.000114905989903, -0.0011449996382, 0.000869941490237, 0.00690055405721, -0.00336596788839, 0.00161684316117, 0.000188486927073, -0.000422340148361], [-4.96802713315e-05, 0.000100539793493, 0.000395671115257, -0.000179792870767, 0.000686038809363, -0.000445152574684, 0.00157368904911, 0.0019494817825, -0.00336596788839, 0.00768518168479, -0.000945982523263, -0.0003414087696, 0.00194946792908], [0.000207174671232, 0.000283130822936, 0.00124499434605, 0.000653831521049, -0.00148111872841, 0.00127701612655, -0.000654329604004, -7.84796284279e-05, 0.00161684316117, -0.000945982523263, 0.00864780601114, -0.00322842039168, 0.000461678399006], [-0.000179351176484, 7.65012882766e-05, -0.000248276337516, 0.00105155375786, 0.00151090708096, 0.000217286564293, -0.000698417774402, 0.00101272121537, 0.000188486927073, -0.0003414087696, -0.00322842039168, 0.0105320187286, -0.00397934624925], [0.000249281991273, 7.23784978618e-05, 0.000738586357329, -0.00100715016015, 0.000131842461997, 0.000411408138461, 1.61321404448e-05, 0.00134470534977, -0.000422340148361, 0.00194946792908, 0.000461678399006, -0.00397934624925, 0.00803599599749]]
    },
    "spectral_contrast_coeffs": {
        "mean": [-0.679098784924, -0.695998251438, -0.683779895306, -0.730135023594, -0.691865086555, -0.788764178753],
        "stdev": [0.0823729559779, 0.0962144657969, 0.108286470175, 0.090828076005, 0.109262019396, 0.0520661845803]
    },
    "spectral_contrast_valleys": {
        "mean": [-8.4972743988, -8.28361415863, -9.02422046661, -9.33461284637, -9.69686985016, -12.6115322113],
        "stdev": [2.37488770485, 2.51272916794, 2.47690629959, 2.39200496674, 2.36822366714, 1.85086750984]
    }
},
"rhythm": {
    "beats_count": 465,
    "beats_loudness": {
        "mean": 0.0128496969119,
        "stdev": 0.01710248366
    },
    "bpm": 120.380386353,
    "bpm_histogram_first_peak_bpm": 120,
    "bpm_histogram_first_peak_weight": 0.611111104488,
    "bpm_histogram_second_peak_bpm": 161,
    "bpm_histogram_second_peak_spread": 0.47058826685,
    "bpm_histogram_second_peak_weight": 0.0581896565855,
    "danceability": 0.834391117096,
    "onset_rate": 1.68976759911,
    "beats_loudness_band_ratio": {
        "mean": [0.178557932377, 0.214941293001, 0.243307188153, 0.254079639912, 0.143215641379, 0.021201685071],
        "stdev": [0.186896920204, 0.184583604336, 0.181717216969, 0.199719145894, 0.154778242111, 0.0452078506351]
    },
    "beats_position": [0.580498874187, 1.16099774837, 1.74149656296, 2.33360528946, 2.92571425438, 3.51782298088, 4.1099319458, 4.67882061005, 5.24770975113, 5.81659841537, 6.38548755646, 6.9543762207, 7.52326536179, 8.09215450287, 8.66104316711, 9.24154186249, 9.82204055786, 10.3909292221, 10.9133787155, 11.4242172241, 11.9350566864, 12.4575052261, 12.9683446884, 13.479183197, 13.9784126282, 14.4892511368, 14.9884805679, 15.4877090454, 15.9869384766, 16.4629478455, 16.9389572144, 17.4149665833, 17.8909740448, 18.3669834137, 18.8429927826, 19.3190021515, 19.7950115204, 20.2710208893, 20.7470283508, 21.1069393158, 21.4668483734, 21.826757431, 22.1866664886, 22.5349655151, 22.8832645416, 23.2315635681, 23.5914726257, 23.9513835907, 24.3112926483, 24.6828117371, 25.0427207947, 25.4142398834, 25.774148941, 26.1340579987, 26.4939670563, 26.8422679901, 27.1905670166, 27.5388660431, 27.8987751007, 28.2702941895, 28.6302032471, 29.0017223358, 29.3732414246, 29.7447605133, 30.1162815094, 30.4878005981, 30.8593196869, 31.3237190247, 31.776506424, 32.2292976379, 32.7401351929, 33.2625846863, 33.7850341797, 34.3190917969, 34.8531494141, 35.3872108459, 35.9212684631, 36.455329895, 36.9893875122, 37.4886169434, 37.9878463745, 38.4870758057, 38.8702049255, 39.2533340454, 39.6364631653, 40.0079803467, 40.3911094666, 40.7742385864, 41.1573677063, 41.5404968262, 41.9352378845, 42.3299751282, 42.7247161865, 43.1194534302, 43.5141944885, 43.9089317322, 44.3036727905, 44.6519737244, 45.0002708435, 45.3485717773, 45.6968688965, 46.0451698303, 46.4050788879, 46.7649879456, 47.1248970032, 47.4848060608, 47.8447151184, 48.204624176, 48.5645332336, 48.9244422913, 49.2959632874, 49.655872345, 50.0157814026, 50.3756904602, 50.7588195801, 51.1419487, 51.5250778198, 51.9198188782, 52.3145561218, 52.6976852417, 53.0808143616, 53.4755554199, 53.8702926636, 54.2650337219, 54.6597709656, 55.0312919617, 55.4028091431, 55.7743301392, 56.1458511353, 56.5289802551, 56.912109375, 57.2952384949, 57.6667556763, 58.0498847961, 58.4214057922, 58.7929229736, 59.1760520935, 59.5591812134, 59.9307022095, 60.3022193909, 60.673740387, 61.0916976929, 61.5096588135, 61.9160079956, 62.4152374268, 62.9028549194, 63.4020843506, 63.889705658, 64.3308868408, 64.772064209, 65.2016296387, 65.6892471313, 66.1768722534, 66.6644897461, 67.1288909912, 67.5932846069, 68.0692977905, 68.6265716553, 69.1722412109, 69.7295227051, 70.2984085083, 70.8673019409, 71.4361877441, 72.0050811768, 72.5623550415, 73.1196365356, 73.6885223389, 74.2574157715, 74.8263015747, 75.3951950073, 75.9640808105, 76.5213623047, 77.0786361694, 77.6359176636, 78.1931991577, 78.7504730225, 79.1684341431, 79.5979995728, 80.0275726318, 80.3642578125, 80.7009506226, 81.0376434326, 81.3743286133, 81.7110214233, 82.0360946655, 82.3611755371, 82.6862564087, 83.0113372803, 83.3480224609, 83.6731033325, 83.9981842041, 84.3232650757, 84.7063903809, 85.077911377, 85.4610443115, 85.8441696167, 86.2853469849, 86.7265319824, 87.1677093506, 87.6088867188, 88.1197280884, 88.6189575195, 89.1181869507, 89.6174163818, 90.116645813, 90.6158676147, 91.1150970459, 91.6259384155, 92.1367797852, 92.6476211548, 93.158454895, 93.7041244507, 94.2497940063, 94.795463562, 95.4107894897, 96.037727356, 96.7575454712, 97.4773712158, 98.2436294556, 99.0098876953, 99.7645339966, 100.519180298, 101.273826599, 102.02848053, 102.783126831, 103.549385071, 104.280815125, 105.023849487, 105.743675232, 106.463493347, 107.183311462, 107.903129578, 108.634559631, 109.365982056, 110.062583923, 110.747573853, 111.444168091, 112.094329834, 112.744483948, 113.406257629, 114.056411743, 114.706573486, 115.356735229, 116.03011322, 116.703491211, 117.38848114, 118.131515503, 118.862945557, 119.547935486, 120.232925415, 120.929519653, 121.614509583, 122.22983551, 122.833557129, 123.437278748, 124.040992737, 124.644714355, 125.260040283, 125.87537384, 126.467483521, 127.059593201, 127.66330719, 128.243804932, 128.824310303, 129.497680664, 130.182678223, 130.844436646, 131.506210327, 132.167984009, 132.794921875, 133.43347168, 134.072021484, 134.698959351, 135.314285278, 135.929611206, 136.544937134, 137.171875, 137.787200928, 138.379318237, 138.971420288, 139.563537598, 140.225296021, 140.887069702, 141.50239563, 142.106124878, 142.721450806, 143.336776733, 143.940490723, 144.555831909, 145.171157837, 145.82131958, 146.471466064, 147.121627808, 147.771789551, 148.433563232, 149.095321655, 149.768707275, 150.442077637, 151.115463257, 151.788833618, 152.462219238, 153.135604858, 153.80897522, 154.470748901, 155.132507324, 155.794281006, 156.514099121, 157.245529175, 157.96534729, 158.685165405, 159.381759644, 160.089981079, 160.809799194, 161.52961731, 162.29586792, 163.050521851, 163.816772461, 164.58303833, 165.314468384, 166.045898438, 166.765716553, 167.473922729, 168.147293091, 168.820678711, 169.482452393, 170.132598877, 170.794372559, 171.467758179, 172.14112854, 172.791290283, 173.429840088, 174.033554077, 174.637283325, 175.240997314, 175.937591553, 176.645797729, 177.354003906, 178.050613403, 178.75881958, 179.467025757, 180.163619995, 180.860229492, 181.638092041, 182.41595459, 183.193832397, 183.971694946, 184.749572754, 185.527435303, 186.258865356, 186.99029541, 187.733337402, 188.476364136, 189.068481445, 189.660583496, 190.21786499, 190.751922607, 191.285980225, 191.808425903, 192.342483521, 192.876556396, 193.387390137, 193.886611938, 194.385848999, 194.873458862, 195.361083984, 195.860321045, 196.371154785, 196.881988525, 197.381225586, 197.903671265, 198.414505005, 198.936950684, 199.436187744, 199.947021484, 200.446258545, 200.945480347, 201.444717407, 201.943939209, 202.489608765, 203.03527832, 203.580947876, 204.13822937, 204.695510864, 205.264389038, 205.833282471, 206.402175903, 206.971069336, 207.53994751, 208.074005127, 208.608062744, 209.142120361, 209.629745483, 210.117370605, 210.59336853, 211.069381714, 211.557006836, 212.044616699, 212.532241821, 213.019866943, 213.507476807, 213.995101929, 214.482711792, 214.970336914, 215.457962036, 215.945571899, 216.433197021, 216.920806885, 217.420043945, 217.919265747, 218.406890869, 218.894515991, 219.382125854, 219.881362915, 220.403808594, 220.926254272, 221.448699951, 221.97114563, 222.493606567, 223.016052246, 223.538497925, 224.049331665, 224.571792603, 225.094238281, 225.61668396, 226.139129639, 226.649978638, 227.172424316, 227.671646118, 228.182495117, 228.693328857, 229.134506226, 229.575683594, 230.016860962, 230.45803833, 230.887619019, 231.317184448, 231.758361816, 232.129882812, 232.501403809, 232.872924805, 233.232833862, 233.59274292, 233.964263916, 234.335784912, 234.69569397, 235.020767212, 235.345840454, 235.670928955, 235.984390259, 236.30947876, 236.64616394, 236.982849121, 237.33114624, 237.679458618, 238.027755737, 238.376052856, 238.724349976, 239.072647095, 239.409332275, 239.804077148, 240.187210083, 240.581939697, 240.965072632, 241.359817505, 241.742950439],
    "bpm_histogram": [0, 0, 0, 0, 0, 0, 0, 0, 0, 0, 0, 0, 0, 0, 0, 0, 0, 0, 0, 0, 0, 0, 0, 0, 0, 0, 0, 0, 0, 0, 0, 0, 0, 0, 0, 0, 0, 0, 0, 0, 0, 0, 0, 0, 0, 0, 0, 0, 0, 0, 0, 0, 0, 0, 0, 0, 0, 0, 0, 0, 0, 0, 0, 0, 0, 0, 0, 0, 0, 0, 0, 0, 0, 0, 0, 0, 0, 0.0129310349002, 0.0129310349002, 0, 0.0129310349002, 0.00862068962306, 0.0193965509534, 0.0258620698005, 0, 0.0129310349002, 0.0172413792461, 0, 0.0129310349002, 0.030172413215, 0, 0.0280172415078, 0.0237068962306, 0, 0.00646551745012, 0, 0.00862068962306, 0, 0.0280172415078, 0.0215517245233, 0, 0.0237068962306, 0, 0.0129310349002, 0, 0.0495689660311, 0, 0, 0.0258620698005, 0, 0.0150862066075, 0, 0.0280172415078, 0, 0, 0.0409482754767, 0, 0.0431034490466, 0, 0, 0.0603448264301, 0, 0, 0.051724139601, 0, 0, 0.0280172415078, 0, 0, 0.00646551745012, 0, 0, 0, 0.00431034481153, 0, 0, 0.0237068962306, 0, 0, 0, 0.0107758622617, 0, 0, 0, 0.00646551745012, 0, 0, 0, 0.00215517240576, 0, 0, 0, 0.0344827584922, 0, 0, 0, 0, 0.051724139601, 0, 0, 0, 0.0581896565855, 0, 0, 0, 0, 0, 0.0581896565855, 0, 0, 0, 0, 0.0366379320621, 0, 0, 0, 0, 0, 0.0193965509534, 0, 0, 0, 0, 0, 0, 0.0237068962306, 0, 0, 0, 0, 0, 0.00215517240576, 0, 0, 0, 0, 0, 0, 0, 0, 0, 0, 0, 0, 0, 0, 0, 0, 0, 0, 0, 0, 0, 0, 0, 0, 0, 0, 0, 0, 0, 0, 0, 0, 0, 0, 0, 0, 0, 0, 0, 0, 0, 0, 0, 0, 0, 0, 0, 0, 0, 0, 0, 0, 0, 0, 0, 0, 0, 0]
},
"tonal": {
    "chords_changes_rate": 0.0476463846862,
    "chords_number_rate": 0.00344431679696,
    "chords_strength": {
        "mean": 0.495626807213,
        "stdev": 0.182362809777
    },
    "hpcp_crest": {
        "mean": 17.8558616638,
        "stdev": 9.52444553375
    },
    "hpcp_entropy": {
        "mean": 1.5266879797,
        "stdev": 0.860113561153
    },
    "key_edma": {
        "strength": 0.732345104218,
        "key": "D#",
        "scale": "major"
    },
    "key_krumhansl": {
        "strength": 0.733241021633,
        "key": "D#",
        "scale": "major"
    },
    "key_temperley": {
        "strength": 0.728664159775,
        "key": "D#",
        "scale": "major"
    },
    "tuning_diatonic_strength": 0.563587427139,
    "tuning_equal_tempered_deviation": 0.0163243357092,
    "tuning_frequency": 443.828887939,
    "tuning_nontempered_energy_ratio": 0.68824660778,
    "hpcp": {
        "mean": [0.0682952105999, 0.0607985146344, 0.113140501082, 0.203594148159, 0.152049407363, 0.0935858860612, 0.114747844636, 0.081412345171, 0.0875161364675, 0.123488754034, 0.0883831828833, 0.0629698634148, 0.0771217942238, 0.0656611770391, 0.0905945599079, 0.16163213551, 0.139434024692, 0.187962323427, 0.310123473406, 0.210606589913, 0.10601670295, 0.115509368479, 0.100299566984, 0.129732146859, 0.212402716279, 0.178530037403, 0.10669901967, 0.110887810588, 0.0904985442758, 0.141253173351, 0.213128641248, 0.145611822605, 0.0877653509378, 0.096293784678, 0.0694302991033, 0.0581176131964],
        "stdev": [0.154372066259, 0.140177056193, 0.19948002696, 0.318843156099, 0.242856189609, 0.196071773767, 0.24476096034, 0.177565664053, 0.188763871789, 0.240404069424, 0.178392678499, 0.157627403736, 0.186535149813, 0.156866431236, 0.167681202292, 0.267892360687, 0.225964024663, 0.255227833986, 0.38626691699, 0.272707104683, 0.209237352014, 0.236373856664, 0.189276322722, 0.205350965261, 0.322834312916, 0.274161100388, 0.199732095003, 0.236534044147, 0.182302847505, 0.204279661179, 0.32488706708, 0.221064656973, 0.180604547262, 0.210702165961, 0.170178472996, 0.135467335582]
    },
    "chords_histogram": [21.2208194733, 5.28128576279, 11.3662452698, 1.49253726006, 6.62074232101, 0.440107166767, 0.880214333534, 3.46345186234, 5.5491771698, 1.62648296356, 0.459242254496, 2.56410264969, 2.18140077591, 0.344431698322, 2.54496741295, 4.07577514648, 1.97091460228, 5.77879810333, 0, 1.12897050381, 0.497512429953, 2.52583241463, 8.28549575806, 9.70149230957],
    "thpcp": [1, 0.679105579853, 0.341853201389, 0.372462511063, 0.323418170214, 0.418324172497, 0.684897243977, 0.575674057007, 0.34405335784, 0.357560187578, 0.291814565659, 0.455473989248, 0.687238037586, 0.46952855587, 0.283001303673, 0.310501426458, 0.223879531026, 0.187401533127, 0.220219418406, 0.196046158671, 0.364824056625, 0.656493842602, 0.490286678076, 0.301769763231, 0.370006948709, 0.262515902519, 0.282197713852, 0.398192226887, 0.28499352932, 0.203047722578, 0.24868093431, 0.211725920439, 0.292124152184, 0.521186411381, 0.44960808754, 0.60608869791],
    "chords_key": "D#",
    "chords_scale": "major"
}
}