{
"metadata": {
    "version": {
        "essentia": "2.1-dev",
        "essentia_git_sha": "v2.1_beta3-415-gd5473f3",
        "extractor": "music 2.0"
    },
    "audio_properties": {
        "analysis": {
            "equal_loudness": 0,
            "length": 483.317565918,
            "sample_rate": 44100,
            "start_time": 0,
            "downmix": "mix"
        },
        "bit_rate": 64000,
        "length": 483.317565918,
        "lossless": 0,
        "number_channels": 2,
        "replay_gain": -4.24389076233,
        "sample_rate": 22050,
        "codec": "mp3",
        "md5_encoded": "12a1a04ce528ed597049c27ce7d42bd7"
    },
    "tags": {
        "file_name": "kodaly-solo_cello_sonata-allegro_maestoso_ma_appassionato.mp3"
    }
},
"lowlevel": {
    "average_loudness": 0.0195760205388,
    "barkbands_crest": {
        "mean": 13.8589286804,
        "stdev": 4.93953800201
    },
    "barkbands_flatness_db": {
        "mean": 0.301173508167,
        "stdev": 0.0759677514434
    },
    "barkbands_kurtosis": {
        "mean": 10.3335981369,
        "stdev": 17.9684314728
    },
    "barkbands_skewness": {
        "mean": 1.85619473457,
        "stdev": 1.71743965149
    },
    "barkbands_spread": {
        "mean": 7.53605079651,
        "stdev": 6.14051389694
    },
    "dissonance": {
        "mean": 0.421821475029,
        "stdev": 0.0503832027316
    },
    "dynamic_complexity": 7.81075000763,
    "erbbands_crest": {
        "mean": 13.5628089905,
        "stdev": 5.56962871552
    },
    "erbbands_flatness_db": {
        "mean": 0.296429365873,
        "stdev": 0.0583081021905
    },
    "erbbands_kurtosis": {
        "mean": 2.76266741753,
        "stdev": 8.13740825653
    },
    "erbbands_skewness": {
        "mean": 0.975674211979,
        "stdev": 1.19762206078
    },
    "erbbands_spread": {
        "mean": 20.5497436523,
        "stdev": 11.9317216873
    },
    "hfc": {
        "mean": 7.38516998291,
        "stdev": 14.8003797531
    },
    "loudness_ebu128": {
        "integrated": -20.5605010986,
        "loudness_range": 14.2328777313,
        "momentary": {
            "mean": -29.9956207275,
            "stdev": 31.8978691101
        },
        "short_term": {
            "mean": -26.5191574097,
            "stdev": 24.1322345734
        }
    },
    "melbands_crest": {
        "mean": 17.7819309235,
        "stdev": 6.16701173782
    },
    "melbands_flatness_db": {
        "mean": 0.337089389563,
        "stdev": 0.105939798057
    },
    "melbands_kurtosis": {
        "mean": 18.5009422302,
        "stdev": 37.0079956055
    },
    "melbands_skewness": {
        "mean": 2.57687568665,
        "stdev": 1.97687399387
    },
    "melbands_spread": {
        "mean": 11.9139871597,
        "stdev": 17.274887085
    },
    "pitch_salience": {
        "mean": 0.514678537846,
        "stdev": 0.166735187173
    },
    "silence_rate_20dB": {
        "mean": 0.998318612576,
        "stdev": 0.0409719496965
    },
    "silence_rate_30dB": {
        "mean": 0.975355505943,
        "stdev": 0.15504822135
    },
    "silence_rate_60dB": {
        "mean": 0.382350116968,
        "stdev": 0.485971540213
    },
    "spectral_centroid": {
        "mean": 927.416503906,
        "stdev": 1347.46984863
    },
    "spectral_complexity": {
        "mean": 6.47088766098,
        "stdev": 4.60777187347
    },
    "spectral_decrease": {
        "mean": -4.06081568372e-09,
        "stdev": 8.62957794112e-09
    },
    "spectral_energy": {
        "mean": 0.0159963499755,
        "stdev": 0.033705022186
    },
    "spectral_energyband_high": {
        "mean": 2.21025384235e-05,
        "stdev": 5.20754074387e-05
    },
    "spectral_energyband_low": {
        "mean": 0.00199081096798,
        "stdev": 0.00553210824728
    },
    "spectral_energyband_middle_high": {
        "mean": 0.0020853409078,
        "stdev": 0.00452204514295
    },
    "spectral_energyband_middle_low": {
        "mean": 0.0124742034823,
        "stdev": 0.031153479591
    },
    "spectral_entropy": {
        "mean": 6.17806243896,
        "stdev": 0.776834011078
    },
    "spectral_flux": {
        "mean": 0.0310051999986,
        "stdev": 0.0299834869802
    },
    "spectral_kurtosis": {
        "mean": 21.8217506409,
        "stdev": 21.5784473419
    },
    "spectral_rms": {
        "mean": 0.00295828189701,
        "stdev": 0.00261815218255
    },
    "spectral_rolloff": {
        "mean": 1114.40258789,
        "stdev": 2220.00366211
    },
    "spectral_skewness": {
        "mean": 2.94154810905,
        "stdev": 1.58238792419
    },
    "spectral_spread": {
        "mean": 2670523.25,
        "stdev": 4556716
    },
    "spectral_strongpeak": {
        "mean": 1.08616447449,
        "stdev": 1.46373867989
    },
    "zerocrossingrate": {
        "mean": 0.0392545200884,
        "stdev": 0.0600226595998
    },
    "barkbands": {
        "mean": [2.87291163659e-06, 0.000690566375852, 0.000749703438487, 0.00246285274625, 0.00385782145895, 0.00250854925252, 0.00320967379957, 9.69804095803e-05, 0.000278472551145, 0.000144813107909, 0.000524839502759, 0.000227916476433, 0.000159332150361, 0.000181051334948, 0.000404704449465, 0.00017086644948, 0.000157008063979, 0.000107944208139, 2.6243065804e-05, 1.57063150255e-05, 8.18350599729e-06, 5.98565793553e-06, 2.03278932531e-06, 1.49689185491e-06, 5.28255668542e-07, 4.53285103896e-10, 4.8235043737e-10],
        "stdev": [5.75434933126e-06, 0.00273069692776, 0.00221308064647, 0.0116844754666, 0.0107153691351, 0.00750196399167, 0.0211913641542, 0.000357881595846, 0.00155772594735, 0.000485959404614, 0.00218402734026, 0.000957202806603, 0.000717701506801, 0.000699626340065, 0.00221966858953, 0.000823462556582, 0.00064300885424, 0.000366011663573, 9.11110400921e-05, 4.86729259137e-05, 2.46744712058e-05, 1.60512026923e-05, 5.46140881852e-06, 4.16078228227e-06, 2.00737031264e-06, 1.67498359627e-09, 1.78346837298e-09]
    },
    "erbbands": {
        "mean": [0.00386739196256, 0.210770696402, 0.988179564476, 3.78758978844, 15.6870975494, 10.0150279999, 13.6610641479, 21.0581798553, 46.1469345093, 22.631023407, 3.5599925518, 7.07205629349, 4.99896240234, 7.86155176163, 21.8001270294, 7.73969745636, 7.33914136887, 9.68838691711, 24.1738052368, 11.517821312, 9.45197296143, 8.0629901886, 5.86243581772, 3.05988550186, 1.34537065029, 0.64295399189, 0.358006358147, 0.270899862051, 0.19168099761, 0.161649718881, 0.0538375414908, 0.0329953357577, 0.0247347280383, 0.0100089171901, 0.000286506459815, 2.18093864532e-05, 7.21718424757e-06, 1.64221444265e-06, 7.85774682299e-06, 1.80733586603e-05],
        "stdev": [0.0139057785273, 0.815827131271, 3.14382100105, 15.147652626, 58.0524635315, 25.1622409821, 45.4997673035, 73.3475418091, 302.077209473, 132.989654541, 10.6903858185, 44.6871109009, 15.6294174194, 23.4194412231, 83.4155044556, 27.657541275, 32.4770584106, 29.4044418335, 136.978240967, 45.5921974182, 37.2824668884, 28.0243644714, 18.6776771545, 9.115691185, 3.98445439339, 1.76446902752, 1.26661992073, 0.771761596203, 0.495842367411, 0.460352510214, 0.148307293653, 0.0959379896522, 0.0726170241833, 0.0329168997705, 0.000913657306228, 4.53057873528e-05, 1.34860993057e-05, 3.1806109746e-06, 1.60094277817e-05, 3.75748131773e-05]
    },
    "gfcc": {
        "mean": [-218.10559082, 158.118301392, -155.036132812, 18.914642334, -54.1854820251, -9.06752109528, -39.6121673584, -21.1017360687, -4.59240961075, -26.8363761902, 8.51041126251, -13.1685447693, 6.39358615875],
        "cov": [[26740.6152344, 1559.7578125, -4736.67333984, -784.913208008, -988.864929199, -800.35949707, -886.25604248, -500.052215576, -38.8892364502, -335.440643311, -50.3629837036, -181.968444824, -30.2899112701], [1559.7578125, 3941.74462891, 2218.3503418, -316.936645508, 452.211761475, -575.166320801, -63.7855987549, -541.489379883, -375.979095459, -453.116271973, -236.537063599, -85.2847976685, -97.1435852051], [-4736.67333984, 2218.3503418, 3277.36621094, 184.219192505, 726.04309082, -114.194618225, 214.148040771, -234.65536499, -281.289733887, -230.523162842, -229.519943237, -66.8003845215, -98.9197387695], [-784.913208008, -316.936645508, 184.219192505, 552.328491211, 83.3139648438, 281.122406006, 59.9440422058, 92.9864883423, 14.7946929932, 10.6280794144, 13.4984807968, -64.9905166626, -16.1260948181], [-988.864929199, 452.211761475, 726.04309082, 83.3139648438, 500.802703857, 109.16934967, 157.201873779, -13.0471715927, -78.3761062622, -118.043502808, -153.124435425, -29.7721233368, -60.2543487549], [-800.35949707, -575.166320801, -114.194618225, 281.122406006, 109.16934967, 406.57333374, 155.965118408, 157.744216919, 31.2417736053, -4.20578956604, -16.7281227112, -30.1379947662, -1.75762450695], [-886.25604248, -63.7855987549, 214.148040771, 59.9440422058, 157.201873779, 155.965118408, 206.424911499, 102.899101257, 5.40759038925, -22.3514480591, -42.405834198, 6.60212421417, -13.9791812897], [-500.052215576, -541.489379883, -234.65536499, 92.9864883423, -13.0471715927, 157.744216919, 102.899101257, 242.793991089, 128.146209717, 79.6399383545, 22.4716567993, -12.4214258194, -7.86435699463], [-38.8892364502, -375.979095459, -281.289733887, 14.7946929932, -78.3761062622, 31.2417736053, 5.40759038925, 128.146209717, 216.954727173, 163.628005981, 50.8850631714, -23.3060092926, -33.9759140015], [-335.440643311, -453.116271973, -230.523162842, 10.6280794144, -118.043502808, -4.20578956604, -22.3514480591, 79.6399383545, 163.628005981, 251.601730347, 127.573898315, 1.22746920586, -20.1525096893], [-50.3629837036, -236.537063599, -229.519943237, 13.4984807968, -153.124435425, -16.7281227112, -42.405834198, 22.4716567993, 50.8850631714, 127.573898315, 188.916046143, 80.3907394409, 28.5072937012], [-181.968444824, -85.2847976685, -66.8003845215, -64.9905166626, -29.7721233368, -30.1379947662, 6.60212421417, -12.4214258194, -23.3060092926, 1.22746920586, 80.3907394409, 158.934463501, 95.8978729248], [-30.2899112701, -97.1435852051, -98.9197387695, -16.1260948181, -60.2543487549, -1.75762450695, -13.9791812897, -7.86435699463, -33.9759140015, -20.1525096893, 28.5072937012, 95.8978729248, 157.373535156]],
        "icov": [[0.000105042054201, -0.000210055848584, 0.000314778182656, -0.000113678106572, -2.34942999668e-05, 3.64189945685e-05, 0.000141357886605, -3.26037152263e-05, 0.00011505560542, -0.00012481714657, 0.00024600836332, -7.16911163181e-05, 8.70826115715e-05], [-0.000210055848584, 0.00139318290167, -0.00109549995977, 0.00054126244504, -0.000359159108484, 0.000964424980339, -0.000848217285238, 0.00130392983556, -0.00140331708826, 0.00256449915469, -0.00226519140415, 0.00181568914559, -0.000621163344476], [0.000314778182656, -0.00109549995977, 0.00180465064477, -0.000991518725641, -0.000606151879765, 0.000499014975503, -0.000222196875256, -0.000240282912273, 0.00130265206099, -0.00165931682568, 0.00151437683962, -0.000690833665431, 0.000374244205886], [-0.000113678106572, 0.00054126244504, -0.000991518725641, 0.00392797077075, -0.000365083484212, -0.00270427437499, 0.00138139468618, -0.000101332530903, -0.000665842322633, 0.00145862891804, -0.00282466807403, 0.0026328144595, -0.0010104838293], [-2.34942999668e-05, -0.000359159108484, -0.000606151879765, -0.000365083484212, 0.00523436721414, -0.00158764794469, -0.00124839798082, 9.38222292461e-05, 0.000855990627315, -0.0016453678254, 0.00470721302554, -0.00370560586452, 0.00261501618661], [3.64189945685e-05, 0.000964424980339, 0.000499014975503, -0.00270427437499, -0.00158764794469, 0.00839923135936, -0.00481138424948, -3.06100919261e-05, -0.000601687119342, 0.00286843883805, -0.00254158372991, 0.00331084919162, -0.00162379536778], [0.000141357886605, -0.000848217285238, -0.000222196875256, 0.00138139468618, -0.00124839798082, -0.00481138424948, 0.013225032948, -0.00584446126595, 0.00228913780302, -0.00224581873044, 0.00340375141241, -0.00475843576714, 0.00234615476802], [-3.26037152263e-05, 0.00130392983556, -0.000240282912273, -0.000101332530903, 9.38222292461e-05, -3.06100919261e-05, -0.00584446126595, 0.012177570723, -0.00713890371844, 0.00385395833291, -0.00316710886545, 0.00328583200462, -0.00171411945485], [0.00011505560542, -0.00140331708826, 0.00130265206099, -0.000665842322633, 0.000855990627315, -0.000601687119342, 0.00228913780302, -0.00713890371844, 0.0158441662788, -0.011744774878, 0.0067235021852, -0.00380484736525, 0.00309137464501], [-0.00012481714657, 0.00256449915469, -0.00165931682568, 0.00145862891804, -0.0016453678254, 0.00286843883805, -0.00224581873044, 0.00385395833291, -0.011744774878, 0.0192086733878, -0.01406476181, 0.0086631430313, -0.0027464798186], [0.00024600836332, -0.00226519140415, 0.00151437683962, -0.00282466807403, 0.00470721302554, -0.00254158372991, 0.00340375141241, -0.00316710886545, 0.0067235021852, -0.01406476181, 0.0226760078222, -0.0156079092994, 0.00628327718005], [-7.16911163181e-05, 0.00181568914559, -0.000690833665431, 0.0026328144595, -0.00370560586452, 0.00331084919162, -0.00475843576714, 0.00328583200462, -0.00380484736525, 0.0086631430313, -0.0156079092994, 0.0224089473486, -0.0112377656624], [8.70826115715e-05, -0.000621163344476, 0.000374244205886, -0.0010104838293, 0.00261501618661, -0.00162379536778, 0.00234615476802, -0.00171411945485, 0.00309137464501, -0.0027464798186, 0.00628327718005, -0.0112377656624, 0.0132505893707]]
    },
    "melbands": {
        "mean": [0.000106044841232, 0.000434256857261, 0.00113317812793, 0.000950489018578, 0.000441968353698, 0.000467535894131, 0.000727790116798, 0.000189032129128, 2.76065911748e-05, 4.24691534135e-05, 2.35288771364e-05, 2.64682621491e-05, 8.31957440823e-05, 3.10823234031e-05, 1.09393267849e-05, 1.90257760551e-05, 1.60906165547e-05, 3.73337170458e-05, 2.15611926251e-05, 1.14018757813e-05, 1.17911231428e-05, 9.30782243813e-06, 4.49663957625e-06, 6.37947823634e-06, 1.97109034161e-06, 1.04321702565e-06, 8.04151511602e-07, 3.19204588095e-07, 2.06569794159e-07, 1.82311282515e-07, 1.59312804726e-07, 9.73854668018e-08, 1.37228610697e-07, 6.53783658322e-08, 3.30819531769e-08, 2.22494982438e-08, 1.73771752543e-08, 1.73630372302e-08, 1.87276150143e-08, 4.04878708338e-09],
        "stdev": [0.000412758818129, 0.00149067642633, 0.00454583019018, 0.00277969567105, 0.00131921109278, 0.00154769793153, 0.0047335634008, 0.00110242655501, 0.000121321616462, 0.000248636701144, 7.77833120083e-05, 8.041215915e-05, 0.000341630715411, 0.00012712055468, 3.68285072909e-05, 8.92806565389e-05, 5.82725151617e-05, 0.000210120866541, 9.25761851249e-05, 6.33762028883e-05, 5.48878997506e-05, 3.78227123292e-05, 1.66368990904e-05, 2.37037384068e-05, 6.29247779216e-06, 4.26799260822e-06, 2.78156448985e-06, 1.03502952697e-06, 8.23833318009e-07, 5.98443705258e-07, 5.50665504306e-07, 2.87281011424e-07, 4.59050596646e-07, 1.81058112503e-07, 1.05877731471e-07, 6.6699165302e-08, 5.38510782633e-08, 6.34370849184e-08, 5.67481173164e-08, 1.65326188295e-08]
    },
    "melbands128": {
        "mean": [1.3258419358e-06, 1.93366031453e-06, 6.07924957876e-05, 0.000461923802504, 0.000566620146856, 0.000303680892102, 0.000457760732388, 0.00162581680343, 0.00192416494247, 0.000813671213109, 0.000568160496186, 0.000310062605422, 0.000476127228467, 0.00055876839906, 0.000453859189292, 0.00045990178478, 0.000369595451048, 0.00106544757728, 0.000773869396653, 0.000126435377751, 1.91950530279e-05, 2.12378527067e-05, 1.83517659025e-05, 4.00254284614e-05, 6.60742953187e-05, 2.86648119072e-05, 2.40660283453e-05, 2.71314693236e-05, 1.84637210623e-05, 1.87493515114e-05, 1.26936702145e-05, 7.09503583494e-05, 0.000132563596708, 4.49557992397e-05, 4.6295899665e-05, 2.76770861092e-05, 9.16391672945e-06, 1.1253523553e-05, 7.54816119297e-06, 1.97758909053e-05, 2.02326482395e-05, 2.04592215596e-05, 1.83068204933e-05, 1.05914359665e-05, 1.58886232384e-05, 5.16336222063e-05, 5.79264960834e-05, 1.16474866445e-05, 1.1161774637e-05, 1.89539550774e-05, 1.07831128844e-05, 4.72067176815e-06, 1.23123718367e-05, 1.37950746648e-05, 1.27865023387e-05, 8.67391918291e-06, 6.86294742991e-06, 5.39312395631e-06, 2.88286878458e-06, 4.46223293693e-06, 8.3956592789e-06, 6.68620032229e-06, 2.1892303721e-06, 8.07594290109e-07, 1.00330964869e-06, 1.34260801588e-06, 7.11770553607e-07, 1.07734661015e-06, 7.75834564593e-07, 5.4361595403e-07, 2.82676694496e-07, 2.94981589377e-07, 1.2514242087e-07, 1.85276988418e-07, 3.0937911788e-07, 1.84925681879e-07, 1.3695797918e-07, 1.26862616412e-07, 2.09427810205e-07, 1.29504570623e-07, 1.07290389906e-07, 6.38587920321e-08, 1.03230917148e-07, 1.74963105337e-07, 1.49278591266e-07, 5.99867391315e-08, 4.85810112139e-08, 4.12805363226e-08, 3.95411490217e-08, 1.71147309658e-08, 2.01577279313e-08, 2.43580497994e-08, 2.69672497666e-08, 1.57087782782e-08, 1.18053362641e-08, 1.79545516232e-08, 2.21334044426e-08, 9.62226920365e-09, 2.1140623474e-08, 2.59933727875e-08, 5.88696691395e-09, 3.16325771132e-10, 4.4100283321e-12, 3.88462265827e-12, 3.70805469663e-12, 3.54339149168e-12, 3.3898992554e-12, 3.24652327591e-12, 3.11252672941e-12, 2.98751193055e-12, 2.87058419569e-12, 2.76160734905e-12, 2.66028323502e-12, 2.56596610279e-12, 2.47864229141e-12, 2.39768426467e-12, 2.32313517382e-12, 2.25470748842e-12, 2.19216181666e-12, 2.13539906244e-12, 2.08434094637e-12, 2.03887687983e-12, 1.99900881438e-12, 1.96476277088e-12, 1.93626495046e-12, 1.91360620926e-12, 1.89696977744e-12, 1.8867277532e-12],
        "stdev": [2.42222108682e-06, 6.02034151598e-06, 0.000226530057262, 0.00184235954657, 0.00208048569039, 0.000810244760942, 0.00171552074607, 0.00800522230566, 0.00754117127508, 0.00281460490078, 0.00193313951604, 0.00107237626798, 0.00209588441066, 0.00185883173253, 0.00221783434972, 0.00220199977048, 0.00176432868466, 0.00885203666985, 0.00518899038434, 0.00074272567872, 9.29784146138e-05, 0.000110713823233, 6.81219898979e-05, 0.000263399910182, 0.000553544843569, 0.000143638637383, 8.80174920894e-05, 0.000136440939968, 7.86971431808e-05, 8.93876931514e-05, 5.10995196237e-05, 0.000333188043442, 0.000649160065223, 0.000206500553759, 0.000263271766016, 0.000172849715455, 4.00817662012e-05, 6.04706801823e-05, 4.48309619969e-05, 0.000136953749461, 0.000134290006827, 0.000105597260699, 9.01292660274e-05, 6.06627290836e-05, 0.000111840206955, 0.000315193843562, 0.00043441640446, 5.75327248953e-05, 6.48352652206e-05, 0.000138722898555, 8.2975217083e-05, 4.99044472235e-05, 7.3750190495e-05, 8.14387967694e-05, 0.000103947386378, 4.34131870861e-05, 3.99666751036e-05, 3.00890587823e-05, 1.39508110806e-05, 3.17406083923e-05, 3.75502058887e-05, 3.38421086781e-05, 1.02609174064e-05, 3.5932002902e-06, 7.23634275346e-06, 7.33758497518e-06, 3.48332901012e-06, 5.18041088071e-06, 3.62792138731e-06, 2.71603721558e-06, 1.20503068501e-06, 1.56554892783e-06, 9.96665335151e-07, 1.09446159513e-06, 1.65892697623e-06, 8.6828174517e-07, 6.90188471708e-07, 4.87979207264e-07, 1.00926195046e-06, 5.73002580495e-07, 4.94567245823e-07, 3.03430226722e-07, 4.03501417168e-07, 8.06710318102e-07, 6.2695988845e-07, 2.48386186286e-07, 1.97623279519e-07, 1.79125862587e-07, 1.86310927575e-07, 8.73347403285e-08, 8.00645381105e-08, 1.0720957988e-07, 1.12117092499e-07, 7.32011855575e-08, 4.20140082724e-08, 8.55525073007e-08, 1.0345441126e-07, 4.05621882749e-08, 7.09381140496e-08, 1.11077675058e-07, 3.19811661598e-08, 4.2272261247e-09, 2.35686765243e-11, 1.43500315797e-11, 1.36977503992e-11, 1.30894886943e-11, 1.25227129014e-11, 1.19933854514e-11, 1.14994272785e-11, 1.10383091556e-11, 1.06068712841e-11, 1.02049800901e-11, 9.83114978315e-12, 9.48368727299e-12, 9.16159335895e-12, 8.86298499869e-12, 8.58778933382e-12, 8.33545905909e-12, 8.10462114087e-12, 7.89535797852e-12, 7.70694185553e-12, 7.53911343077e-12, 7.39221357737e-12, 7.26552542088e-12, 7.16047360294e-12, 7.07671985248e-12, 7.01566365766e-12, 6.97740389771e-12]
    },
    "mfcc": {
        "mean": [-828.99987793, 154.776824951, -17.4213409424, 12.3625793457, 8.79452896118, -3.89491224289, -13.6883621216, -3.37285780907, -11.1721963882, -13.2561922073, -7.77304553986, -5.33826732635, -0.528386175632],
        "cov": [[12055.7060547, 1938.04467773, -2770.8828125, -111.954147339, -606.481933594, -358.885528564, -755.641296387, -293.062896729, -389.897857666, -215.806915283, -13.4596605301, -28.715593338, -150.417312622], [1938.04467773, 4522.56445312, 1110.60864258, 143.447021484, 389.648223877, -42.0364227295, 51.8743934631, -139.549118042, -182.938644409, -413.36819458, -356.85244751, -236.689376831, -329.528320312], [-2770.8828125, 1110.60864258, 1836.9564209, 334.042602539, 419.765899658, 213.973358154, 315.78894043, 85.2441177368, 86.3823394775, -43.5306587219, -145.825164795, -87.7528381348, -105.903053284], [-111.954147339, 143.447021484, 334.042602539, 300.39050293, 151.311508179, 98.8423919678, 78.4852905273, 29.1507358551, 36.5936660767, 34.4856910706, 23.9448318481, 8.90968990326, -41.0348587036], [-606.481933594, 389.648223877, 419.765899658, 151.311508179, 293.627349854, 126.8125, 120.278900146, 74.6184844971, 60.8788299561, 8.87147045135, -11.4628152847, -19.6681594849, -47.2473144531], [-358.885528564, -42.0364227295, 213.973358154, 98.8423919678, 126.8125, 208.106964111, 132.6824646, 74.3415527344, 59.1772232056, 27.0204200745, -5.52977848053, -2.01832842827, -4.67170906067], [-755.641296387, 51.8743934631, 315.78894043, 78.4852905273, 120.278900146, 132.6824646, 242.079849243, 133.239715576, 65.3971786499, -7.9426651001, -44.203666687, -20.9754371643, 5.83468770981], [-293.062896729, -139.549118042, 85.2441177368, 29.1507358551, 74.6184844971, 74.3415527344, 133.239715576, 223.788803101, 124.703292847, 23.1946754456, -29.8302764893, -19.8649349213, 16.8480472565], [-389.897857666, -182.938644409, 86.3823394775, 36.5936660767, 60.8788299561, 59.1772232056, 65.3971786499, 124.703292847, 213.58505249, 95.5946044922, 4.6037902832, -2.07733726501, 2.01051950455], [-215.806915283, -413.36819458, -43.5306587219, 34.4856910706, 8.87147045135, 27.0204200745, -7.9426651001, 23.1946754456, 95.5946044922, 224.913696289, 148.872970581, 45.5468025208, -7.12203884125], [-13.4596605301, -356.85244751, -145.825164795, 23.9448318481, -11.4628152847, -5.52977848053, -44.203666687, -29.8302764893, 4.6037902832, 148.872970581, 266.672363281, 136.833496094, -8.92331886292], [-28.715593338, -236.689376831, -87.7528381348, 8.90968990326, -19.6681594849, -2.01832842827, -20.9754371643, -19.8649349213, -2.07733726501, 45.5468025208, 136.833496094, 247.403121948, 108.820503235], [-150.417312622, -329.528320312, -105.903053284, -41.0348587036, -47.2473144531, -4.67170906067, 5.83468770981, 16.8480472565, 2.01051950455, -7.12203884125, -8.92331886292, 108.820503235, 249.901245117]],
        "icov": [[0.000370301946532, -0.000399695622036, 0.000755565415602, -0.000824607035611, 0.000671361922286, -0.000567280512769, 0.000746316683944, -0.000573737372179, 0.000353758310666, -0.000263927417109, 0.000226177449804, -6.96350398357e-05, 4.62366224383e-05], [-0.000399695622036, 0.000840736785904, -0.000957204843871, 0.000962078280281, -0.00129283987917, 0.000961118901614, -0.000745155324694, 0.000859546125866, -0.000310927105602, 0.000775129301473, 4.51825799246e-05, -5.26675648871e-05, 0.000402504258091], [0.000755565415602, -0.000957204843871, 0.00265188608319, -0.0022329131607, 0.00055612885626, -0.000933250004891, 0.000329542293912, -0.00050100608496, 0.000524900737219, -0.000872700533364, 0.00103673303965, -0.000275174767012, 0.000191269558854], [-0.000824607035611, 0.000962078280281, -0.0022329131607, 0.00695971446112, -0.00307298032567, 0.000222922390094, -0.00154466880485, 0.00151881016791, -0.000657927361317, 0.000217363412958, -0.000764151162002, -0.000282805558527, 0.000433041510405], [0.000671361922286, -0.00129283987917, 0.00055612885626, -0.00307298032567, 0.00891070067883, -0.00367122539319, 0.00140534969978, -0.00239201937802, 1.07252562884e-05, -0.000285903020995, -0.000804985174909, 0.000237227344769, 3.46306842403e-05], [-0.000567280512769, 0.000961118901614, -0.000933250004891, 0.000222922390094, -0.00367122539319, 0.0101342573762, -0.00520870694891, 0.00170729251113, -0.000951335823629, -0.000219487585127, 0.000393298716517, -0.000273723271675, 0.000203527350095], [0.000746316683944, -0.000745155324694, 0.000329542293912, -0.00154466880485, 0.00140534969978, -0.00520870694891, 0.0118290549144, -0.00609198538586, 0.00170997204259, 0.000264937087195, 0.000381521094823, 3.96673131036e-05, -0.000354360468918], [-0.000573737372179, 0.000859546125866, -0.00050100608496, 0.00151881016791, -0.00239201937802, 0.00170729251113, -0.00609198538586, 0.0110159572214, -0.00542226154357, 0.00159685895778, -0.000336536526447, 0.000759285176173, -0.000449123734143], [0.000353758310666, -0.000310927105602, 0.000524900737219, -0.000657927361317, 1.07252562884e-05, -0.000951335823629, 0.00170997204259, -0.00542226154357, 0.0102127306163, -0.00544009311125, 0.00315153552219, -0.00129222590476, 0.000665254192427], [-0.000263927417109, 0.000775129301473, -0.000872700533364, 0.000217363412958, -0.000285903020995, -0.000219487585127, 0.000264937087195, 0.00159685895778, -0.00544009311125, 0.011721720919, -0.00698307622224, 0.00243013817817, -0.000572621414904], [0.000226177449804, 4.51825799246e-05, 0.00103673303965, -0.000764151162002, -0.000804985174909, 0.000393298716517, 0.000381521094823, -0.000336536526447, 0.00315153552219, -0.00698307622224, 0.0115150585771, -0.00605603912845, 0.00320245698094], [-6.96350398357e-05, -5.26675648871e-05, -0.000275174767012, -0.000282805558527, 0.000237227344769, -0.000273723271675, 3.96673131036e-05, 0.000759285176173, -0.00129222590476, 0.00243013817817, -0.00605603912845, 0.00872580893338, -0.00422307662666], [4.62366224383e-05, 0.000402504258091, 0.000191269558854, 0.000433041510405, 3.46306842403e-05, 0.000203527350095, -0.000354360468918, -0.000449123734143, 0.000665254192427, -0.000572621414904, 0.00320245698094, -0.00422307662666, 0.00669287098572]]
    },
    "spectral_contrast_coeffs": {
        "mean": [-0.659641861916, -0.68060708046, -0.712700307369, -0.743627548218, -0.726062178612, -0.711786806583],
        "stdev": [0.137489765882, 0.134921848774, 0.116645812988, 0.119226165116, 0.0997077003121, 0.0825934410095]
    },
    "spectral_contrast_valleys": {
        "mean": [-8.84438610077, -8.83972167969, -9.58700847626, -9.88237380981, -10.6762561798, -14.4703922272],
        "stdev": [2.64134287834, 2.56397938728, 2.50098419189, 2.43844866753, 2.28051233292, 1.76929843426]
    }
},
"rhythm": {
    "beats_count": 982,
    "beats_loudness": {
        "mean": 0.021167114377,
        "stdev": 0.0396048650146
    },
    "bpm": 163.6822052,
    "bpm_histogram_first_peak_bpm": 133,
    "bpm_histogram_first_peak_weight": 0.612244904041,
    "bpm_histogram_second_peak_bpm": 161,
    "bpm_histogram_second_peak_spread": 0.306818246841,
    "bpm_histogram_second_peak_weight": 0.0621814467013,
    "danceability": 0.935509204865,
    "onset_rate": 2.12688946724,
    "beats_loudness_band_ratio": {
        "mean": [0.301820933819, 0.381042599678, 0.18057487905, 0.111252851784, 0.0911030247808, 0.00738243106753],
        "stdev": [0.332634538412, 0.295954883099, 0.238806754351, 0.166198581457, 0.174845024943, 0.0188333876431]
    },
