{
"metadata": {
    "version": {
        "essentia": "2.1-dev",
        "essentia_git_sha": "v2.1_beta3-415-gd5473f3",
        "extractor": "music 2.0"
    },
    "audio_properties": {
        "analysis": {
            "equal_loudness": 0,
            "length": 59.8204078674,
            "sample_rate": 44100,
            "start_time": 0,
            "downmix": "mix"
        },
        "bit_rate": 192000,
        "length": 59.8204078674,
        "lossless": 0,
        "number_channels": 2,
        "replay_gain": -6.61097717285,
        "sample_rate": 44100,
        "codec": "mp3",
        "md5_encoded": "707ce139ac26b7fa50587ebbd9adbbb7"
    },
    "tags": {
        "file_name": "liszt-estudios_de_ejecucion-trascendente.mp3",
        "date": ["2004"],
        "engineer": ["rosamerica tamyo"]
    }
},
"lowlevel": {
    "average_loudness": 0.814706027508,
    "barkbands_crest": {
        "mean": 10.0180053711,
        "stdev": 3.21461319923
    },
    "barkbands_flatness_db": {
        "mean": 0.294750660658,
        "stdev": 0.0326222255826
    },
    "barkbands_kurtosis": {
        "mean": 2.4963388443,
        "stdev": 2.61140489578
    },
    "barkbands_skewness": {
        "mean": 1.04743719101,
        "stdev": 0.665098845959
    },
    "barkbands_spread": {
        "mean": 6.99397325516,
        "stdev": 3.4346370697
    },
    "dissonance": {
        "mean": 0.417187184095,
        "stdev": 0.0467068739235
    },
    "dynamic_complexity": 3.35646295547,
    "erbbands_crest": {
        "mean": 11.8099212646,
        "stdev": 4.50890779495
    },
    "erbbands_flatness_db": {
        "mean": 0.337512731552,
        "stdev": 0.0322114750743
    },
    "erbbands_kurtosis": {
        "mean": 0.585972607136,
        "stdev": 1.51413369179
    },
    "erbbands_skewness": {
        "mean": 0.480246305466,
        "stdev": 0.729508280754
    },
    "erbbands_spread": {
        "mean": 14.3394393921,
        "stdev": 5.14039182663
    },
    "hfc": {
        "mean": 11.0776453018,
        "stdev": 9.48277282715
    },
    "loudness_ebu128": {
        "integrated": -17.3276176453,
        "loudness_range": 4.74322509766,
        "momentary": {
            "mean": -18.4562091827,
            "stdev": 3.56856632233
        },
        "short_term": {
            "mean": -17.9149017334,
            "stdev": 2.24500966072
        }
    },
    "melbands_crest": {
        "mean": 12.6103191376,
        "stdev": 3.93494129181
    },
    "melbands_flatness_db": {
        "mean": 0.389244556427,
        "stdev": 0.042680285871
    },
    "melbands_kurtosis": {
        "mean": 3.81154465675,
        "stdev": 3.35821843147
    },
    "melbands_skewness": {
        "mean": 1.3859142065,
        "stdev": 0.690476536751
    },
    "melbands_spread": {
        "mean": 9.94191169739,
        "stdev": 5.94434022903
    },
    "pitch_salience": {
        "mean": 0.610675930977,
        "stdev": 0.095074750483
    },
    "silence_rate_20dB": {
        "mean": 1,
        "stdev": 0
    },
    "silence_rate_30dB": {
        "mean": 0.998060524464,
        "stdev": 0.043997220695
    },
    "silence_rate_60dB": {
        "mean": 0.0865011662245,
        "stdev": 0.281095713377
    },
    "spectral_centroid": {
        "mean": 523.461730957,
        "stdev": 165.468429565
    },
    "spectral_complexity": {
        "mean": 13.2866563797,
        "stdev": 4.79093790054
    },
    "spectral_decrease": {
        "mean": -6.15929840464e-09,
        "stdev": 5.09325914777e-09
    },
    "spectral_energy": {
        "mean": 0.0242513660342,
        "stdev": 0.0200261380523
    },
    "spectral_energyband_high": {
        "mean": 3.35775598614e-06,
        "stdev": 6.81722985973e-06
    },
    "spectral_energyband_low": {
        "mean": 0.00338277500123,
        "stdev": 0.00480830390006
    },
    "spectral_energyband_middle_high": {
        "mean": 0.00333237927407,
        "stdev": 0.00445997994393
    },
    "spectral_energyband_middle_low": {
        "mean": 0.0192059800029,
        "stdev": 0.0171632580459
    },
    "spectral_entropy": {
        "mean": 6.21068954468,
        "stdev": 0.284065335989
    },
    "spectral_flux": {
        "mean": 0.0591950975358,
        "stdev": 0.0371517017484
    },
    "spectral_kurtosis": {
        "mean": 50.8051757812,
        "stdev": 29.7771472931
    },
    "spectral_rms": {
        "mean": 0.00443077366799,
        "stdev": 0.00200701318681
    },
    "spectral_rolloff": {
        "mean": 719.340942383,
        "stdev": 416.771026611
    },
    "spectral_skewness": {
        "mean": 4.57206249237,
        "stdev": 1.6352455616
    },
    "spectral_spread": {
        "mean": 1132639.75,
        "stdev": 375357.28125
    },
    "spectral_strongpeak": {
        "mean": 1.09558963776,
        "stdev": 0.957972884178
    },
    "zerocrossingrate": {
        "mean": 0.0258552301675,
        "stdev": 0.0116211501881
    },
    "barkbands": {
        "mean": [7.57953093853e-05, 0.000482084404211, 0.00137117109261, 0.00252099009231, 0.00394291989505, 0.00534969335422, 0.00412249751389, 0.00155957473908, 0.00128795776982, 0.000961223151535, 0.000940499769058, 0.000677887350321, 0.000394953822251, 0.000257507927017, 0.000177109890501, 5.0759070291e-05, 5.0655042287e-05, 1.17817871796e-05, 1.02679769043e-05, 4.38613733422e-06, 1.24081100239e-06, 3.05171909076e-07, 1.07681721317e-07, 3.07775316344e-08, 5.97825966508e-09, 2.00441285791e-09, 9.06575980952e-10],
        "stdev": [2.45145238296e-05, 0.000906349625438, 0.00206890609115, 0.00384951662272, 0.00464826123789, 0.00767393922433, 0.00567827280611, 0.00244825473055, 0.00219450471923, 0.0024476100225, 0.00263561471365, 0.0012168380199, 0.000980869983323, 0.00054329977138, 0.000344169442542, 0.00011494816863, 0.000289661285933, 1.84156651812e-05, 1.68472088262e-05, 9.44475141296e-06, 3.68622568203e-06, 8.39947972509e-07, 4.58871397768e-07, 1.42400907066e-07, 1.87864070966e-08, 1.08524380593e-08, 1.8267051205e-09]
    },
    "erbbands": {
        "mean": [0.00723775615916, 0.147430315614, 1.13951921463, 6.19247436523, 8.65905952454, 12.4525995255, 30.7602405548, 49.8224716187, 57.3604469299, 47.6865005493, 33.0039710999, 34.244392395, 28.8041267395, 44.2442359924, 22.9621315002, 31.6698055267, 20.2267284393, 14.4108257294, 12.1611270905, 5.51012992859, 3.56840133667, 1.89535081387, 0.863796830177, 0.520471274853, 0.418815523386, 0.19250510633, 0.0976597219706, 0.022118171677, 0.0108876749873, 0.00436378782615, 0.0034084811341, 0.001268912456, 0.000291353528155, 0.0001126413772, 4.33499299106e-05, 2.38650864048e-05, 1.01807700048e-05, 2.1765611109e-06, 1.16978799269e-05, 2.72628076345e-05],
        "stdev": [0.0132537754253, 0.254467397928, 1.58696556091, 9.39879512787, 11.8016662598, 15.4539194107, 46.3545761108, 82.6910858154, 72.5474319458, 76.3081893921, 48.36353302, 58.4859542847, 85.572593689, 111.71622467, 38.1916351318, 59.2187767029, 43.7577285767, 30.5445480347, 21.984495163, 11.5855770111, 11.7333688736, 8.0722322464, 1.32870781422, 0.743821680546, 0.811438500881, 0.35079279542, 0.247893631458, 0.0498425066471, 0.0256358999759, 0.0119132585824, 0.0161364469677, 0.00538772530854, 0.000823090551421, 0.0003428417549, 9.01073362911e-05, 4.76104542031e-05, 2.15832860704e-05, 4.6744876272e-06, 9.61780642683e-06, 2.24776777031e-05]
    },
    "gfcc": {
        "mean": [-150.080184937, 238.306411743, -145.101638794, -26.2153739929, -31.3429012299, -29.5283126831, -22.4121742249, -24.3675765991, -14.4842414856, -11.4819231033, -0.544818758965, -17.3277454376, -3.74627590179],
        "cov": [[5554.36376953, 94.481880188, -803.761779785, 412.657745361, 0.0861156061292, -416.609832764, 251.324645996, -223.471572876, -10.583568573, -115.880905151, -102.386398315, 57.2613067627, -96.4013442993], [94.481880188, 339.223083496, 141.733276367, -79.8643341064, 130.927459717, -78.5216369629, 23.5308475494, -6.38684844971, -38.5530700684, 1.09073936939, -12.2917222977, -33.3712272644, -19.943063736], [-803.761779785, 141.733276367, 348.077941895, -46.3175354004, 60.0488090515, 52.1835365295, -36.3411712646, 28.9404201508, -26.1181087494, 26.7211151123, 15.2036466599, -29.3441295624, -11.1300153732], [412.657745361, -79.8643341064, -46.3175354004, 282.798919678, 57.3484725952, 74.8149414062, 61.1194229126, -17.4780654907, 16.778137207, -12.9854364395, -3.44782185555, 5.0835518837, -13.1235466003], [0.0861156061292, 130.927459717, 60.0488090515, 57.3484725952, 169.024810791, 37.2515411377, 25.1411361694, -3.278673172, -31.4180469513, -8.34400272369, -13.1860160828, -8.28958702087, -8.50870132446], [-416.609832764, -78.5216369629, 52.1835365295, 74.8149414062, 37.2515411377, 213.729476929, 23.147233963, 13.8584823608, 1.80245995522, -18.3891887665, 5.01774168015, -5.98472642899, 12.2212362289], [251.324645996, 23.5308475494, -36.3411712646, 61.1194229126, 25.1411361694, 23.147233963, 107.172233582, 14.8125352859, -6.44499588013, -8.04354286194, -5.97996425629, 1.40017831326, -13.8940095901], [-223.471572876, -6.38684844971, 28.9404201508, -17.4780654907, -3.278673172, 13.8584823608, 14.8125352859, 77.177947998, 32.3493652344, 7.86121463776, 11.1020517349, -0.409378916025, -2.5768737793], [-10.583568573, -38.5530700684, -26.1181087494, 16.778137207, -31.4180469513, 1.80245995522, -6.44499588013, 32.3493652344, 88.1988830566, 30.4189949036, 1.91737282276, 2.8011174202, -5.7371430397], [-115.880905151, 1.09073936939, 26.7211151123, -12.9854364395, -8.34400272369, -18.3891887665, -8.04354286194, 7.86121463776, 30.4189949036, 63.0925369263, 17.8075275421, -4.64451980591, -7.60401105881], [-102.386398315, -12.2917222977, 15.2036466599, -3.44782185555, -13.1860160828, 5.01774168015, -5.97996425629, 11.1020517349, 1.91737282276, 17.8075275421, 62.8897399902, 23.8068332672, -9.5775384903], [57.2613067627, -33.3712272644, -29.3441295624, 5.0835518837, -8.28958702087, -5.98472642899, 1.40017831326, -0.409378916025, 2.8011174202, -4.64451980591, 23.8068332672, 57.5935516357, 16.4274158478], [-96.4013442993, -19.943063736, -11.1300153732, -13.1235466003, -8.50870132446, 12.2212362289, -13.8940095901, -2.5768737793, -5.7371430397, -7.60401105881, -9.5775384903, 16.4274158478, 58.9772071838]],
        "icov": [[0.000598418235313, -0.00100661511533, 0.00123154709581, -0.00107424054295, 0.000722521857824, 0.000673317583278, -0.000376593379769, 0.000785461161286, 8.20169079816e-05, 0.000339886959409, 0.000685779261403, -0.000791111786384, 0.000924971944187], [-0.00100661511533, 0.0159490145743, -0.00819619186223, 0.00828721188009, -0.0141337113455, 0.00761538837105, -0.00926981680095, 0.00725455582142, -0.00905486755073, 0.00827774684876, -0.00881664920598, 0.0107398480177, -0.00567571027204], [0.00123154709581, -0.00819619186223, 0.00957071688026, -0.00461806170642, 0.00577251520008, -0.00374249136075, 0.00581135135144, -0.00482161156833, 0.0070471605286, -0.00607326347381, 0.0046900967136, -0.00453934120014, 0.00471527734771], [-0.00107424054295, 0.00828721188009, -0.00461806170642, 0.010299609974, -0.00898236874491, 0.00135238887742, -0.00660709338263, 0.00575201353058, -0.00763540994376, 0.00501062115654, -0.00591574888676, 0.00575485778973, -0.00307493121363], [0.000722521857824, -0.0141337113455, 0.00577251520008, -0.00898236874491, 0.020685704425, -0.00784982740879, 0.0081073353067, -0.00814156234264, 0.0121635571122, -0.00926132779568, 0.0111374212429, -0.0110748102888, 0.00654010893777], [0.000673317583278, 0.00761538837105, -0.00374249136075, 0.00135238887742, -0.00784982740879, 0.0125561654568, -0.00788314733654, 0.00628596963361, -0.00751261878759, 0.00935015548021, -0.00691638374701, 0.00746858166531, -0.00477524707094], [-0.000376593379769, -0.00926981680095, 0.00581135135144, -0.00660709338263, 0.0081073353067, -0.00788314733654, 0.0211443137378, -0.0130600212142, 0.012070024386, -0.00947570707649, 0.00918739847839, -0.00885781086981, 0.00700180558488], [0.000785461161286, 0.00725455582142, -0.00482161156833, 0.00575201353058, -0.00814156234264, 0.00628596963361, -0.0130600212142, 0.0276331771165, -0.0177471600473, 0.0117949042469, -0.0106038507074, 0.00789653044194, -0.00436665769666], [8.20169079816e-05, -0.00905486755073, 0.0070471605286, -0.00763540994376, 0.0121635571122, -0.00751261878759, 0.012070024386, -0.0177471600473, 0.0300683323294, -0.019362822175, 0.0138098169118, -0.0115163763985, 0.00796161871403], [0.000339886959409, 0.00827774684876, -0.00607326347381, 0.00501062115654, -0.00926132779568, 0.00935015548021, -0.00947570707649, 0.0117949042469, -0.019362822175, 0.0329200513661, -0.0161249358207, 0.0126940412447, -0.00546064274386], [0.000685779261403, -0.00881664920598, 0.0046900967136, -0.00591574888676, 0.0111374212429, -0.00691638374701, 0.00918739847839, -0.0106038507074, 0.0138098169118, -0.0161249358207, 0.0340473987162, -0.0221657771617, 0.0134169198573], [-0.000791111786384, 0.0107398480177, -0.00453934120014, 0.00575485778973, -0.0110748102888, 0.00746858166531, -0.00885781086981, 0.00789653044194, -0.0115163763985, 0.0126940412447, -0.0221657771617, 0.0361054800451, -0.0152646442875], [0.000924971944187, -0.00567571027204, 0.00471527734771, -0.00307493121363, 0.00654010893777, -0.00477524707094, 0.00700180558488, -0.00436665769666, 0.00796161871403, -0.00546064274386, 0.0134169198573, -0.0152646442875, 0.0266468469054]]
    },
    "melbands": {
        "mean": [0.000105621220428, 0.000463508098619, 0.00111997779459, 0.000696885515936, 0.00100182334427, 0.00106282357592, 0.000899211678188, 0.000484402378788, 0.000249929056736, 0.000204974945518, 0.000134929272463, 0.000170830462594, 8.98542712093e-05, 7.78110697865e-05, 5.81314743613e-05, 4.12584959122e-05, 2.44282055064e-05, 1.99228634301e-05, 1.04548125819e-05, 4.69179576612e-06, 4.49370463684e-06, 2.45342152994e-06, 9.03587306311e-07, 5.48419393454e-07, 4.13097694718e-07, 3.75812192033e-07, 2.28157034599e-07, 1.02240583999e-07, 6.92471715524e-08, 3.09211252159e-08, 7.60414664569e-09, 6.96974922221e-09, 3.98564026227e-09, 1.61755853156e-09, 1.87183912814e-09, 1.71018199602e-09, 4.7727638508e-10, 2.02544370165e-10, 1.07543272898e-10, 6.80005080023e-11],
        "stdev": [0.000194154024939, 0.00065200246172, 0.0015598902246, 0.000823292764835, 0.00143804366235, 0.00166866031941, 0.00114691455383, 0.000751900312025, 0.000364702398656, 0.000351404392859, 0.000426470651291, 0.000425751786679, 0.000204861818929, 0.000135918395245, 8.94727127161e-05, 0.000127572682686, 5.33074489795e-05, 3.68353321392e-05, 1.85024146049e-05, 1.06637608042e-05, 1.90733226191e-05, 1.33385710797e-05, 1.49035463437e-06, 8.69107623203e-07, 6.33679348994e-07, 6.77648301917e-07, 5.31218120159e-07, 2.0172953441e-07, 1.82099341828e-07, 9.27330887635e-08, 2.0867080508e-08, 1.88313542537e-08, 1.27472041811e-08, 4.17085921356e-09, 8.57340864968e-09, 1.00213712884e-08, 2.0000694434e-09, 6.17142337234e-10, 3.69697827907e-10, 2.69107569562e-10]
    },
    "melbands128": {
        "mean": [1.91378530872e-05, 2.40901244979e-05, 0.000148584105773, 0.00024803870474, 0.000358463905286, 0.000805068993941, 0.00136960414238, 0.00111604027916, 0.000884208420757, 0.000618200458121, 0.0006072424585, 0.000911521376111, 0.00109201367013, 0.0010065829847, 0.00136712065432, 0.000880878942553, 0.000577171915211, 0.00113625323866, 0.000976808834821, 0.000432710774476, 0.000339572230587, 0.000346517976141, 0.000204417927307, 0.000176356610609, 0.000274096732028, 0.000185350436368, 0.000117965231766, 0.000182131057954, 7.01408571331e-05, 0.000136920076329, 0.000258551503066, 0.000155622852617, 5.78545950702e-05, 6.00538078288e-05, 4.70493250759e-05, 9.94943839032e-05, 0.000113437352411, 3.54779695044e-05, 5.27801785211e-05, 3.8578389649e-05, 4.32079468737e-05, 3.53036666638e-05, 2.26041574933e-05, 2.06366348721e-05, 2.03122453968e-05, 1.90699611267e-05, 2.35182760662e-05, 8.44689657242e-06, 5.58303554499e-06, 9.31795693759e-06, 3.13431110044e-06, 2.24024847739e-06, 4.56771022073e-06, 4.64627873953e-06, 6.58743101667e-06, 9.46589977957e-07, 5.63913431506e-07, 1.26249949517e-06, 6.07566619237e-07, 1.15225930131e-06, 4.03688090955e-07, 3.36218846542e-07, 3.43839275274e-07, 2.5861965014e-07, 8.63259799644e-07, 1.9228721726e-07, 3.76561899884e-07, 1.83098435969e-07, 2.80998733615e-07, 1.16228463298e-07, 1.04679251933e-07, 8.46966798917e-08, 8.66448317538e-08, 6.51982219324e-08, 5.36448467869e-08, 4.27129052127e-08, 1.27103145786e-08, 7.03627422993e-09, 3.83176690377e-09, 1.35895499298e-08, 7.13260384089e-09, 5.47397771555e-09, 3.69944386236e-09, 4.72549332997e-09, 3.25213900254e-09, 1.53371115807e-09, 1.22621635068e-09, 1.13684628378e-09, 1.85587911705e-09, 1.92841875801e-09, 3.35019811892e-09, 1.01117081375e-09, 6.18182782741e-10, 3.76624065268e-10, 5.0349396874e-10, 2.0551625679e-10, 1.60969237939e-10, 1.27659618987e-10, 1.04785694011e-10, 9.27359578018e-11, 1.06258751797e-10, 5.69161419384e-11, 3.6825858335e-11, 3.05273271939e-11, 3.14387058054e-11, 2.76940900767e-11, 2.60347819692e-11, 2.59235705818e-11, 2.05134555176e-11, 1.87388785045e-11, 9.25935543516e-12, 8.29484831516e-12, 8.31869208934e-12, 7.53687823957e-12, 6.80047814935e-12, 6.38972902367e-12, 5.54011524156e-12, 4.27187929128e-12, 3.94288941774e-12, 3.85352123475e-12, 3.76789745238e-12, 3.69788531393e-12, 3.62272473305e-12, 3.55774025691e-12, 3.51493855723e-12, 3.4818571637e-12, 3.45700269626e-12, 3.43428757654e-12],
        "stdev": [1.01502000689e-05, 4.29423744208e-05, 0.000304630666506, 0.000472502026241, 0.000558126892429, 0.00126989174169, 0.00226059230044, 0.00173433276359, 0.00143084558658, 0.000849322357681, 0.00103722733911, 0.00153179094195, 0.00193224626128, 0.00174477929249, 0.00290091685019, 0.00140474911314, 0.00104457943235, 0.00170697353315, 0.00178743281867, 0.00107614276931, 0.000732974149287, 0.000648221408483, 0.000418933457695, 0.000383086124202, 0.000604572880547, 0.00040792915388, 0.000365031562978, 0.0008379194187, 0.000161824485986, 0.00036760547664, 0.000847653311212, 0.000530083605554, 0.000205891832593, 0.000116771952889, 0.000112803900265, 0.00022391321545, 0.000263661029749, 0.000106410872831, 0.000115637114504, 0.000118881427625, 0.000226068077609, 0.00013433789718, 5.60469306947e-05, 6.55140829622e-05, 4.89523627039e-05, 4.73437357869e-05, 5.60902699362e-05, 2.62242701865e-05, 1.54622775881e-05, 3.36817392963e-05, 7.52888354327e-06, 4.11249902754e-06, 2.09021891351e-05, 2.9847411497e-05, 4.61169329355e-05, 2.16921625906e-06, 1.26132829337e-06, 3.11629696625e-06, 9.75481725618e-07, 2.76827313428e-06, 6.57074622268e-07, 8.45801196192e-07, 8.78115884007e-07, 4.56518080227e-07, 1.63516347129e-06, 5.05983337007e-07, 1.28637418584e-06, 5.27197983047e-07, 9.66901552601e-07, 2.79932038438e-07, 2.65377764208e-07, 3.42360266359e-07, 2.76979335467e-07, 2.7097524935e-07, 1.88463360473e-07, 1.82510419222e-07, 3.27719362758e-08, 2.28554810633e-08, 1.08624318429e-08, 6.28111180845e-08, 2.09100932125e-08, 1.79739529926e-08, 8.08506950278e-09, 2.28342624808e-08, 1.44196041774e-08, 4.84166617909e-09, 3.14603942897e-09, 7.20559745204e-09, 1.05603428224e-08, 1.64387792267e-08, 2.66934883086e-08, 7.68776420301e-09, 3.43868911123e-09, 1.79011538926e-09, 2.11843431686e-09, 9.17904585673e-10, 5.11763353916e-10, 5.31889310373e-10, 4.74510153392e-10, 3.8112998868e-10, 5.64428670469e-10, 2.44589348775e-10, 1.12472073321e-10, 9.50396567001e-11, 1.19019710754e-10, 9.72039046476e-11, 9.33228563871e-11, 1.07212447253e-10, 7.60480081685e-11, 7.28375693093e-11, 6.4076077777e-11, 7.04879210556e-11, 7.18274051348e-11, 6.0194474405e-11, 5.38086103452e-11, 4.65030340624e-11, 3.97228083759e-11, 1.00848747756e-11, 6.94876708257e-12, 6.7692210344e-12, 6.60948466097e-12, 6.46541284052e-12, 6.33789808829e-12, 6.2320201083e-12, 6.14096447304e-12, 6.07083047027e-12, 6.01769762493e-12, 5.98554148953e-12]
    },
    "mfcc": {
        "mean": [-772.841186523, 251.628219604, -24.1069278717, -4.8577580452, 2.44033122063, -8.98279285431, -2.26082539558, -14.8856334686, -12.8957614899, -2.8482260704, -5.39434432983, -3.01994609833, -0.534239947796],
        "cov": [[3626.1809082, 892.623474121, -1210.1295166, 583.402038574, -149.307693481, -171.930847168, 74.290687561, -74.0928192139, -28.0494728088, -29.1443653107, -111.600006104, -49.9676399231, -5.08968687057], [892.623474121, 546.930236816, -200.746322632, 73.6897888184, 42.3912391663, -109.765327454, 26.1915779114, -39.0063858032, -34.6415901184, -18.8455562592, -24.3363513947, -25.6218624115, -24.0171203613], [-1210.1295166, -200.746322632, 547.075012207, -165.475143433, 55.0166931152, 79.4198303223, -17.7940387726, 22.5055561066, -0.940925359726, 12.9841003418, 50.4489784241, 17.7922344208, -15.4573030472], [583.402038574, 73.6897888184, -165.475143433, 239.585617065, 8.95705795288, 0.793722748756, 48.2609519958, -9.72398376465, 5.59745311737, 10.7502317429, -0.451128780842, 3.4037592411, 15.3969306946], [-149.307693481, 42.3912391663, 55.0166931152, 8.95705795288, 155.36050415, 50.0621528625, 30.236869812, 26.7703933716, 1.73633396626, 7.23175287247, -9.66077613831, 0.906471192837, 18.9263267517], [-171.930847168, -109.765327454, 79.4198303223, 0.793722748756, 50.0621528625, 159.367477417, 57.274307251, 31.8630847931, 26.2097549438, -0.933485865593, -11.0750341415, 12.9570770264, 5.43126106262], [74.290687561, 26.1915779114, -17.7940387726, 48.2609519958, 30.236869812, 57.274307251, 116.932258606, 44.3394432068, 0.0805619135499, -3.37759661674, -12.065196991, 7.97202968597, 9.15222454071], [-74.0928192139, -39.0063858032, 22.5055561066, -9.72398376465, 26.7703933716, 31.8630847931, 44.3394432068, 90.806930542, 19.8556346893, -0.747782826424, 4.82987785339, -8.55343151093, 12.3670940399], [-28.0494728088, -34.6415901184, -0.940925359726, 5.59745311737, 1.73633396626, 26.2097549438, 0.0805619135499, 19.8556346893, 73.1626739502, 28.2873287201, -4.7634472847, 2.29244589806, -10.0331497192], [-29.1443653107, -18.8455562592, 12.9841003418, 10.7502317429, 7.23175287247, -0.933485865593, -3.37759661674, -0.747782826424, 28.2873287201, 71.5545806885, 28.6529903412, -17.2844810486, -0.467697679996], [-111.600006104, -24.3363513947, 50.4489784241, -0.451128780842, -9.66077613831, -11.0750341415, -12.065196991, 4.82987785339, -4.7634472847, 28.6529903412, 90.0393600464, 14.464838028, -2.32576465607], [-49.9676399231, -25.6218624115, 17.7922344208, 3.4037592411, 0.906471192837, 12.9570770264, 7.97202968597, -8.55343151093, 2.29244589806, -17.2844810486, 14.464838028, 97.166809082, 23.9095840454], [-5.08968687057, -24.0171203613, -15.4573030472, 15.3969306946, 18.9263267517, 5.43126106262, 9.15222454071, 12.3670940399, -10.0331497192, -0.467697679996, -2.32576465607, 23.9095840454, 81.2696838379]],
        "icov": [[0.0423047989607, -0.0584648214281, 0.0599162988365, -0.0581029094756, 0.0568312257528, -0.0555156432092, 0.0533653832972, -0.0505071207881, 0.0456649623811, -0.0399050079286, 0.0305862352252, -0.0202739201486, 0.0121744992211], [-0.0584648214281, 0.0840380862355, -0.0819155275822, 0.0804261341691, -0.080801859498, 0.0796247720718, -0.0761729329824, 0.0718860402703, -0.0635883882642, 0.0565906278789, -0.0427946597338, 0.0287986379117, -0.0157302431762], [0.0599162988365, -0.0819155275822, 0.0880426838994, -0.0803330466151, 0.0789944007993, -0.0793936178088, 0.0754411444068, -0.0711498335004, 0.0652687400579, -0.0566347874701, 0.0416291579604, -0.0289890244603, 0.0182018578053], [-0.0581029094756, 0.0804261341691, -0.0803330466151, 0.0862119868398, -0.0790167972445, 0.0764124542475, -0.0767332017422, 0.0721953585744, -0.0643247961998, 0.0550772994757, -0.044032227248, 0.0284644849598, -0.0177919063717], [0.0568312257528, -0.080801859498, 0.0789944007993, -0.0790167972445, 0.0860061123967, -0.0784433633089, 0.0734772160649, -0.0714205130935, 0.0636652261019, -0.0569036118686, 0.0435700155795, -0.0281224381179, 0.014534458518], [-0.0555156432092, 0.0796247720718, -0.0793936178088, 0.0764124542475, -0.0784433633089, 0.0854890719056, -0.077134296298, 0.0691346377134, -0.065135769546, 0.0558570101857, -0.0403986983001, 0.0274156294763, -0.0157437268645], [0.0533653832972, -0.0761729329824, 0.0754411444068, -0.0767332017422, 0.0734772160649, -0.077134296298, 0.0853435471654, -0.0744257643819, 0.0648269578815, -0.0556323118508, 0.0430870763958, -0.0297831632197, 0.017153672874], [-0.0505071207881, 0.0718860402703, -0.0711498335004, 0.0721953585744, -0.0714205130935, 0.0691346377134, -0.0744257643819, 0.0817335769534, -0.0651486441493, 0.0563396848738, -0.0433095693588, 0.0309715960175, -0.0192432012409], [0.0456649623811, -0.0635883882642, 0.0652687400579, -0.0643247961998, 0.0636652261019, -0.065135769546, 0.0648269578815, -0.0651486441493, 0.0750507637858, -0.0582773163915, 0.0411983132362, -0.029000647366, 0.0194494761527], [-0.0399050079286, 0.0565906278789, -0.0566347874701, 0.0550772994757, -0.0569036118686, 0.0558570101857, -0.0556323118508, 0.0563396848738, -0.0582773163915, 0.0651592388749, -0.0406715199351, 0.0284357201308, -0.0161204971373], [0.0305862352252, -0.0427946597338, 0.0416291579604, -0.044032227248, 0.0435700155795, -0.0403986983001, 0.0430870763958, -0.0433095693588, 0.0411983132362, -0.0406715199351, 0.040549788624, -0.0212173070759, 0.012074675411], [-0.0202739201486, 0.0287986379117, -0.0289890244603, 0.0284644849598, -0.0281224381179, 0.0274156294763, -0.0297831632197, 0.0309715960175, -0.029000647366, 0.0284357201308, -0.0212173070759, 0.0253491010517, -0.0117889000103], [0.0121744992211, -0.0157302431762, 0.0182018578053, -0.0177919063717, 0.014534458518, -0.0157437268645, 0.017153672874, -0.0192432012409, 0.0194494761527, -0.0161204971373, 0.012074675411, -0.0117889000103, 0.0200372971594]]
    },
    "spectral_contrast_coeffs": {
        "mean": [-0.646695137024, -0.720610797405, -0.747173309326, -0.763790786266, -0.762218236923, -0.796586275101],
        "stdev": [0.0770822092891, 0.0719769820571, 0.0648765340447, 0.0428246445954, 0.0380409918725, 0.0469401068985]
    },
    "spectral_contrast_valleys": {
        "mean": [-6.9898648262, -6.37708711624, -7.41045093536, -8.37462329865, -10.0455350876, -14.0455284119],
        "stdev": [0.891435325146, 0.827890694141, 0.782198607922, 0.858495235443, 0.88514906168, 0.581850111485]
    }
},
"rhythm": {
    "beats_count": 106,
    "beats_loudness": {
        "mean": 0.034935709089,
        "stdev": 0.022134905681
    },
    "bpm": 99.3900909424,
    "bpm_histogram_first_peak_bpm": 99,
    "bpm_histogram_first_peak_weight": 0.452380895615,
    "bpm_histogram_second_peak_bpm": 112,
    "bpm_histogram_second_peak_spread": 0.560000061989,
    "bpm_histogram_second_peak_weight": 0.104761905968,
    "danceability": 1.05820655823,
    "onset_rate": 3.10840201378,
    "beats_loudness_band_ratio": {
        "mean": [0.217401176691, 0.346373140812, 0.312388747931, 0.159811913967, 0.0229243375361, 0.000785289623309],
        "stdev": [0.158467918634, 0.170741081238, 0.191056877375, 0.150159820914, 0.0375978015363, 0.00078756158473]
    },
    "beats_position": [0.696598649025, 1.40480720997, 2.11301589012, 2.82122445107, 3.50621318817, 4.17959165573, 4.841360569, 5.50312900543, 6.15328788757, 6.78022670746, 7.41877555847, 8.03410434723, 8.66104316711, 9.27637195587, 9.8800907135, 10.4838094711, 11.0759181976, 11.6680269241, 12.2717456818, 12.8870744705, 13.5024032593, 14.117732048, 14.7214508057, 15.3251695633, 15.9288883209, 16.5326080322, 17.1247158051, 17.7284355164, 18.3437633514, 18.9474830627, 19.5512008667, 20.154920578, 20.758638382, 21.339138031, 21.9196376801, 22.5001354218, 23.0922451019, 23.6843528748, 24.2648525238, 24.8685703278, 25.4955101013, 26.0992279053, 26.73777771, 27.2834453583, 27.8291149139, 28.3631744385, 28.8624038696, 29.3732414246, 29.8724708557, 30.383310318, 30.8941497803, 31.3469390869, 31.7881164551, 32.2292976379, 32.6704750061, 33.0884361267, 33.5063934326, 33.9127426147, 34.3307037354, 34.7486610413, 35.1782302856, 35.6658477783, 36.1650772095, 36.6643066406, 37.1983680725, 37.7324256897, 38.2548751831, 38.7889328003, 39.3229942322, 39.8570518494, 40.3911094666, 40.91355896, 41.4360084534, 41.9700660706, 42.5041275024, 43.0497932434, 43.6070747375, 44.164352417, 44.7912902832, 45.4182319641, 46.0451698303, 46.6372795105, 47.2526054382, 47.8563270569, 48.4484329224, 49.0405426025, 49.6442604065, 50.2247619629, 50.7820396423, 51.3160972595, 51.8501586914, 52.3726081848, 52.8950538635, 53.4175033569, 53.8819046021, 54.3463020325, 54.8223114014, 55.3099327087, 55.7975502014, 56.2967796326, 56.8076171875, 57.3300666809, 57.8525161743, 58.3633537292, 58.8741950989, 59.37342453],
    "bpm_histogram": [0, 0, 0, 0, 0, 0, 0, 0, 0, 0, 0, 0, 0, 0, 0, 0, 0, 0, 0, 0, 0, 0, 0, 0, 0, 0, 0, 0, 0, 0, 0, 0, 0, 0, 0, 0, 0, 0, 0, 0, 0, 0, 0, 0, 0, 0, 0, 0, 0, 0, 0, 0, 0, 0, 0, 0, 0, 0, 0, 0, 0, 0, 0, 0, 0, 0, 0, 0, 0, 0, 0, 0, 0, 0, 0, 0, 0, 0, 0, 0, 0, 0, 0, 0, 0, 0.0285714287311, 0, 0, 0.00952380988747, 0.00952380988747, 0, 0.0190476197749, 0.00952380988747, 0, 0.0190476197749, 0, 0.0571428574622, 0, 0.0666666701436, 0.1523809582, 0, 0.0761904790998, 0, 0.047619048506, 0, 0, 0, 0, 0.0285714287311, 0, 0.0285714287311, 0, 0.104761905968, 0, 0, 0.0761904790998, 0, 0.0571428574622, 0, 0, 0.0571428574622, 0, 0, 0.0285714287311, 0, 0, 0.00952380988747, 0, 0, 0.0190476197749, 0, 0, 0, 0.00952380988747, 0, 0, 0.0285714287311, 0, 0, 0, 0.00952380988747, 0, 0, 0, 0.0380952395499, 0, 0, 0, 0.00952380988747, 0, 0, 0, 0, 0, 0, 0, 0, 0, 0, 0, 0, 0, 0, 0, 0, 0, 0, 0, 0, 0, 0, 0, 0, 0, 0, 0, 0, 0, 0, 0, 0, 0, 0, 0, 0, 0, 0, 0, 0, 0, 0, 0, 0, 0, 0, 0, 0, 0, 0, 0, 0, 0, 0, 0, 0, 0, 0, 0, 0, 0, 0, 0, 0, 0, 0, 0, 0, 0, 0, 0, 0, 0, 0, 0, 0, 0, 0, 0, 0, 0, 0, 0, 0, 0, 0, 0, 0, 0, 0, 0, 0, 0, 0, 0, 0, 0, 0, 0, 0, 0]
},
"tonal": {
    "chords_changes_rate": 0.0565891489387,
    "chords_number_rate": 0.012403100729,
    "chords_strength": {
        "mean": 0.441281825304,
        "stdev": 0.0974881127477
    },
    "hpcp_crest": {
        "mean": 19.0747432709,
        "stdev": 9.51545143127
    },
    "hpcp_entropy": {
        "mean": 1.45152676105,
        "stdev": 0.821021199226
    },
    "key_edma": {
        "strength": 0.641555190086,
        "key": "D",
        "scale": "minor"
    },
    "key_krumhansl": {
        "strength": 0.65788269043,
        "key": "D",
        "scale": "minor"
    },
    "key_temperley": {
        "strength": 0.682372272015,
        "key": "D",
        "scale": "minor"
    },
    "tuning_diatonic_strength": 0.346137523651,
    "tuning_equal_tempered_deviation": 0.00937923230231,
    "tuning_frequency": 439.491973877,
    "tuning_nontempered_energy_ratio": 0.609796643257,
    "hpcp": {
        "mean": [0.31414526701, 0.196511298418, 0.122448764741, 0.226718872786, 0.13445083797, 0.0583773218095, 0.104542627931, 0.07004737854, 0.048342846334, 0.0923316925764, 0.0704314857721, 0.0989707708359, 0.213110983372, 0.165708720684, 0.150872319937, 0.286446899176, 0.197685688734, 0.0940173715353, 0.138563200831, 0.0868203490973, 0.0828558728099, 0.163419365883, 0.106714472175, 0.103594854474, 0.190093755722, 0.114281989634, 0.0915660262108, 0.160470560193, 0.102993659675, 0.110607884824, 0.200984328985, 0.12117767334, 0.0329763889313, 0.0506932623684, 0.0399635359645, 0.142545193434],
        "stdev": [0.350058227777, 0.218491777778, 0.191321924329, 0.353718787432, 0.217847600579, 0.121343202889, 0.239892065525, 0.162747517228, 0.098061516881, 0.193756014109, 0.147570610046, 0.152576491237, 0.307067275047, 0.253978341818, 0.197967544198, 0.360234379768, 0.262830227613, 0.172586813569, 0.285327404737, 0.176246196032, 0.13596239686, 0.26353508234, 0.177857890725, 0.179165765643, 0.33574834466, 0.199593052268, 0.163193672895, 0.283792287111, 0.189460396767, 0.193617463112, 0.340532541275, 0.217651605606, 0.0795103609562, 0.116657406092, 0.0892619118094, 0.16949647665]
    },
    "chords_histogram": [11.3178291321, 2.17054271698, 0.232558146119, 0.697674393654, 2.24806213379, 0.387596905231, 2.01550388336, 13.7984495163, 8.83720970154, 13.1782941818, 0, 0, 0, 2.55813956261, 1.70542633533, 1.31782948971, 1.62790691853, 1.31782948971, 0, 0.542635679245, 3.10077524185, 3.48837208748, 18.3720932007, 11.0852708817],
    "thpcp": [1, 0.625542759895, 0.389783889055, 0.72170072794, 0.427989393473, 0.185829073191, 0.332784354687, 0.222977668047, 0.153886914253, 0.293913990259, 0.224200367928, 0.315047800541, 0.678383529186, 0.527490735054, 0.480262905359, 0.911829411983, 0.629281103611, 0.299279928207, 0.441080033779, 0.276370078325, 0.263750195503, 0.520203173161, 0.33969783783, 0.329767346382, 0.605114161968, 0.363787084818, 0.29147669673, 0.510816395283, 0.327853620052, 0.352091521025, 0.639781475067, 0.385737687349, 0.104971781373, 0.161368861794, 0.127213552594, 0.453755646944],
    "chords_key": "G",
    "chords_scale": "minor"
}
}