{
"metadata": {
    "version": {
        "essentia": "2.1-dev",
        "essentia_git_sha": "v2.1_beta3-415-gd5473f3",
        "extractor": "music 2.0"
    },
    "audio_properties": {
        "analysis": {
            "equal_loudness": 0,
            "length": 365.975524902,
            "sample_rate": 44100,
            "start_time": 0,
            "downmix": "mix"
        },
        "bit_rate": 192000,
        "length": 365.975524902,
        "lossless": 0,
        "number_channels": 2,
        "replay_gain": -1.68885803223,
        "sample_rate": 44100,
        "codec": "mp3",
        "md5_encoded": "403136e970dbcce83626e9ef3dece630"
    },
    "tags": {
        "file_name": "mendelssohn-concerto_for_violin_and_orchestra_in_e_minor.mp3",
        "album": ["Mendelssohn & Shostakovich Violin Concertos"],
        "artist": ["F. Mendelssohn"],
        "date": ["2002"],
        "title": ["Concerto for Violin E Minor III. Allegretto non troppo"],
        "tracknumber": ["3\/8"]
    }
},
"lowlevel": {
    "average_loudness": 0.000481485389173,
    "barkbands_crest": {
        "mean": 11.0248260498,
        "stdev": 4.8687915802
    },
    "barkbands_flatness_db": {
        "mean": 0.19006614387,
        "stdev": 0.085855036974
    },
    "barkbands_kurtosis": {
        "mean": 59.1777648926,
        "stdev": 519.000549316
    },
    "barkbands_skewness": {
        "mean": 1.61551308632,
        "stdev": 5.01684999466
    },
    "barkbands_spread": {
        "mean": 17.5280456543,
        "stdev": 10.2315416336
    },
    "dissonance": {
        "mean": 0.441652387381,
        "stdev": 0.0359296537936
    },
    "dynamic_complexity": 7.5641617775,
    "erbbands_crest": {
        "mean": 12.6826381683,
        "stdev": 5.5305185318
    },
    "erbbands_flatness_db": {
        "mean": 0.225892946124,
        "stdev": 0.0489779859781
    },
    "erbbands_kurtosis": {
        "mean": 0.601607263088,
        "stdev": 2.54919672012
    },
    "erbbands_skewness": {
        "mean": 0.479779005051,
        "stdev": 0.864671707153
    },
    "erbbands_spread": {
        "mean": 24.6796302795,
        "stdev": 11.1725482941
    },
    "hfc": {
        "mean": 8.12765026093,
        "stdev": 16.772939682
    },
    "loudness_ebu128": {
        "integrated": -22.7976932526,
        "loudness_range": 15.8587188721,
        "momentary": {
            "mean": -28.9670619965,
            "stdev": 8.33292579651
        },
        "short_term": {
            "mean": -27.6719493866,
            "stdev": 7.36332607269
        }
    },
    "melbands_crest": {
        "mean": 15.1681489944,
        "stdev": 7.51704025269
    },
    "melbands_flatness_db": {
        "mean": 0.251821935177,
        "stdev": 0.0923977792263
    },
    "melbands_kurtosis": {
        "mean": 254.151245117,
        "stdev": 2034.6529541
    },
    "melbands_skewness": {
        "mean": 3.26020765305,
        "stdev": 11.0989818573
    },
    "melbands_spread": {
        "mean": 22.419216156,
        "stdev": 15.3609209061
    },
    "pitch_salience": {
        "mean": 0.487570792437,
        "stdev": 0.136112198234
    },
    "silence_rate_20dB": {
        "mean": 0.998604297638,
        "stdev": 0.0373326130211
    },
    "silence_rate_30dB": {
        "mean": 0.976083219051,
        "stdev": 0.152786880732
    },
    "silence_rate_60dB": {
        "mean": 0.458098083735,
        "stdev": 0.498283982277
    },
    "spectral_centroid": {
        "mean": 1263.53234863,
        "stdev": 631.599731445
    },
    "spectral_complexity": {
        "mean": 8.70798683167,
        "stdev": 6.63122701645
    },
    "spectral_decrease": {
        "mean": -3.22680238085e-09,
        "stdev": 8.20034085081e-09
    },
    "spectral_energy": {
        "mean": 0.0129158785567,
        "stdev": 0.0323593020439
    },
    "spectral_energyband_high": {
        "mean": 7.47974481783e-05,
        "stdev": 0.000232990583754
    },
    "spectral_energyband_low": {
        "mean": 0.00209263316356,
        "stdev": 0.00679300073534
    },
    "spectral_energyband_middle_high": {
        "mean": 0.00309253227897,
        "stdev": 0.00674083270133
    },
    "spectral_energyband_middle_low": {
        "mean": 0.00803196057677,
        "stdev": 0.0253056567162
    },
    "spectral_entropy": {
        "mean": 6.85984945297,
        "stdev": 0.391949743032
    },
    "spectral_flux": {
        "mean": 0.0427238345146,
        "stdev": 0.0373679250479
    },
    "spectral_kurtosis": {
        "mean": 9.64524936676,
        "stdev": 6.33342981339
    },
    "spectral_rms": {
        "mean": 0.00260358257219,
        "stdev": 0.00241292477585
    },
    "spectral_rolloff": {
        "mean": 1272.62805176,
        "stdev": 863.68145752
    },
    "spectral_skewness": {
        "mean": 2.01517677307,
        "stdev": 0.567924559116
    },
    "spectral_spread": {
        "mean": 2901919.5,
        "stdev": 1144999.125
    },
    "spectral_strongpeak": {
        "mean": 0.865088045597,
        "stdev": 1.12144839764
    },
    "zerocrossingrate": {
        "mean": 0.0467711687088,
        "stdev": 0.0240385364741
    },
    "barkbands": {
        "mean": [0.000308949849568, 0.000764246564358, 0.000674779643305, 0.00129180273507, 0.00216662534513, 0.00151015829761, 0.00143611023668, 0.000807213713415, 0.000752476567868, 0.000487971759867, 0.000627891975455, 0.000280101521639, 0.000583725981414, 0.000287585135084, 0.000173654509126, 0.00029114226345, 0.000161049611052, 0.000101025427284, 8.33542144392e-05, 7.6028292824e-05, 2.3189235435e-05, 1.44338464452e-05, 5.64471747566e-06, 3.76844241146e-06, 1.77074025487e-06, 9.62457306741e-07, 2.06906577205e-07],
        "stdev": [0.00040212913882, 0.00254275719635, 0.00260662822984, 0.00920626241714, 0.0103739341721, 0.00607404671609, 0.00405701156706, 0.00223579793237, 0.0023367672693, 0.00143802724779, 0.00222260993905, 0.00135993550066, 0.00255103758536, 0.00103827484418, 0.000641098828055, 0.00085091474466, 0.00051793147577, 0.000303919252474, 0.000247348420089, 0.000273056706646, 7.10526655894e-05, 0.000119232281577, 1.78070658876e-05, 1.09269976747e-05, 4.61729450763e-06, 2.43797012445e-06, 5.76197635382e-07]
    },
    "erbbands": {
        "mean": [0.0168827921152, 0.19660243392, 0.729556500912, 2.56875824928, 4.70283222198, 8.35931015015, 11.4374675751, 12.9622344971, 16.0656051636, 25.3706035614, 16.5986919403, 17.2195510864, 13.9813289642, 17.3327236176, 24.9569168091, 14.4886379242, 31.1066532135, 12.8572788239, 12.0722551346, 12.1243362427, 15.2125682831, 10.6004295349, 5.33210229874, 4.55901479721, 4.91282844543, 3.39033913612, 1.31650400162, 0.789444983006, 0.467656105757, 0.207511559129, 0.147857010365, 0.0982138961554, 0.0530927665532, 0.0222641918808, 0.0126035008579, 0.00474940473214, 0.00169672351331, 0.000313914730214, 4.53274988104e-05, 1.6557993149e-05],
        "stdev": [0.0471400730312, 0.698114335537, 2.82874464989, 16.0468502045, 22.7328910828, 45.7430496216, 51.8109931946, 50.0344009399, 47.0531692505, 80.07056427, 46.4927101135, 60.5476646423, 33.5933189392, 46.5459747314, 83.7889633179, 64.4634170532, 136.15007019, 44.2657814026, 45.7924041748, 39.591583252, 50.0491867065, 30.6048851013, 13.5120105743, 11.9795303345, 14.8454637527, 11.2686033249, 4.31465673447, 4.13319063187, 2.70558476448, 0.550517082214, 0.544098138809, 0.309071630239, 0.16567799449, 0.0594496019185, 0.0324108414352, 0.011744630523, 0.00464035570621, 0.000884898880031, 0.000116759161756, 3.80556739401e-05]
    },
    "gfcc": {
        "mean": [-140.475265503, 112.538162231, -147.414718628, 9.7034368515, -49.596950531, -5.88876819611, -25.8252601624, 13.8540363312, -10.8456001282, 6.06715726852, -3.91931200027, 2.69123768806, -1.9126458168],
        "cov": [[15788.9267578, 766.492675781, -2150.09570312, -303.707702637, -1306.96655273, -457.839050293, -929.753845215, -673.286376953, -897.231567383, -310.248626709, -398.871673584, -157.461242676, -325.364593506], [766.492675781, 2331.74804688, 369.455169678, -83.7125778198, 161.178451538, -339.19317627, -170.376617432, -448.08493042, -101.404708862, -209.955535889, -0.449008285999, -278.901885986, -63.2712898254], [-2150.09570312, 369.455169678, 1309.61218262, 324.820281982, 412.240600586, 171.697036743, 80.0015335083, -112.957572937, -20.8077335358, -86.6068344116, -53.3450126648, -68.0277023315, -56.4948997498], [-303.707702637, -83.7125778198, 324.820281982, 369.884033203, 194.86541748, 112.176452637, 61.3753051758, 29.5193309784, -23.7760620117, -49.0888824463, -76.4588851929, -49.7744750977, -33.5133476257], [-1306.96655273, 161.178451538, 412.240600586, 194.86541748, 402.174713135, 162.545532227, 140.47492981, 23.1046543121, 38.4365844727, -43.5748329163, -34.1365013123, -64.5419387817, -12.0643615723], [-457.839050293, -339.19317627, 171.697036743, 112.176452637, 162.545532227, 307.376922607, 159.457809448, 89.1051635742, 5.80884361267, -11.4860420227, -41.4844856262, 10.0412464142, -28.9093570709], [-929.753845215, -170.376617432, 80.0015335083, 61.3753051758, 140.47492981, 159.457809448, 246.440979004, 151.537796021, 75.2308807373, 12.622420311, -0.138115316629, 2.06549453735, 16.9746780396], [-673.286376953, -448.08493042, -112.957572937, 29.5193309784, 23.1046543121, 89.1051635742, 151.537796021, 289.504821777, 141.976013184, 70.4542694092, 10.4934873581, 43.4190292358, 31.1985492706], [-897.231567383, -101.404708862, -20.8077335358, -23.7760620117, 38.4365844727, 5.80884361267, 75.2308807373, 141.976013184, 219.443786621, 102.305114746, 53.5631408691, 12.8592014313, 16.8122692108], [-310.248626709, -209.955535889, -86.6068344116, -49.0888824463, -43.5748329163, -11.4860420227, 12.622420311, 70.4542694092, 102.305114746, 170.209182739, 85.0439147949, 39.106174469, 3.48952507973], [-398.871673584, -0.449008285999, -53.3450126648, -76.4588851929, -34.1365013123, -41.4844856262, -0.138115316629, 10.4934873581, 53.5631408691, 85.0439147949, 156.782394409, 68.4358520508, 21.2620239258], [-157.461242676, -278.901885986, -68.0277023315, -49.7744750977, -64.5419387817, 10.0412464142, 2.06549453735, 43.4190292358, 12.8592014313, 39.106174469, 68.4358520508, 157.973190308, 63.9882507324], [-325.364593506, -63.2712898254, -56.4948997498, -33.5133476257, -12.0643615723, -28.9093570709, 16.9746780396, 31.1985492706, 16.8122692108, 3.48952507973, 21.2620239258, 63.9882507324, 137.964157104]],
        "icov": [[0.000228369637625, -0.000252636062214, 0.000395953684347, -0.000320983817801, 0.000546900497284, -0.000456273002783, 0.000474343047244, -7.08021907485e-05, 0.000591864751186, -0.000270410353551, 0.000571362441406, -0.000269385462161, 0.000388344720704], [-0.000252636062214, 0.00155125244055, -0.000608219765127, 0.000848847965244, -0.0012217607582, 0.00186634238344, -0.00105728488415, 0.00156344717834, -0.00127193832304, 0.00177006889135, -0.00165658933111, 0.00201892969199, -0.000437329232227], [0.000395953684347, -0.000608219765127, 0.00207882840186, -0.00134743202943, 1.19493124657e-05, -0.00111921853386, 0.000806857715361, 0.000675399438478, 0.000641478516627, -0.000474442495033, 0.00112423056271, -0.00115043215919, 0.000987466191873], [-0.000320983817801, 0.000848847965244, -0.00134743202943, 0.00526204751804, -0.00260368804447, 0.00106618693098, -0.000243241447606, -0.00093728088541, 0.000248733733315, 0.000616457837168, 0.000150725652929, 0.00115002552047, -6.14186819803e-06], [0.000546900497284, -0.0012217607582, 1.19493124657e-05, -0.00260368804447, 0.00771419983357, -0.00355289829895, -0.000345110718627, 0.000242576672463, -4.16963521275e-05, -4.12024674006e-05, 0.000579064304475, 0.000833309080917, -0.000450028717751], [-0.000456273002783, 0.00186634238344, -0.00111921853386, 0.00106618693098, -0.00355289829895, 0.00937805138528, -0.00519639998674, 0.00113948096987, -0.000182690782822, 0.000982945901342, 0.000175968540134, -0.000672554131597, 0.00189886102453], [0.000474343047244, -0.00105728488415, 0.000806857715361, -0.000243241447606, -0.000345110718627, -0.00519639998674, 0.0112746572122, -0.00507258623838, 0.00121678947471, 3.04768764181e-05, -0.000369576038793, 0.00072378013283, -0.000881846004631], [-7.08021907485e-05, 0.00156344717834, 0.000675399438478, -0.00093728088541, 0.000242576672463, 0.00113948096987, -0.00507258623838, 0.0108945565298, -0.00554194347933, 0.000876129197422, 0.000755599292461, -0.000159394956427, -0.00036996169365], [0.000591864751186, -0.00127193832304, 0.000641478516627, 0.000248733733315, -4.16963521275e-05, -0.000182690782822, 0.00121678947471, -0.00554194347933, 0.0119615802541, -0.00561989890411, 0.00108641863335, -0.00017438994837, 0.000795142957941], [-0.000270410353551, 0.00177006889135, -0.000474442495033, 0.000616457837168, -4.12024674006e-05, 0.000982945901342, 3.04768764181e-05, 0.000876129197422, -0.00561989890411, 0.0134110013023, -0.00683512259275, 0.00246785907075, 0.000384420913178], [0.000571362441406, -0.00165658933111, 0.00112423056271, 0.000150725652929, 0.000579064304475, 0.000175968540134, -0.000369576038793, 0.000755599292461, 0.00108641863335, -0.00683512259275, 0.0147024113685, -0.00749794393778, 0.00229905848391], [-0.000269385462161, 0.00201892969199, -0.00115043215919, 0.00115002552047, 0.000833309080917, -0.000672554131597, 0.00072378013283, -0.000159394956427, -0.00017438994837, 0.00246785907075, -0.00749794393778, 0.0149232819676, -0.00582931376994], [0.000388344720704, -0.000437329232227, 0.000987466191873, -6.14186819803e-06, -0.000450028717751, 0.00189886102453, -0.000881846004631, -0.00036996169365, 0.000795142957941, 0.000384420913178, 0.00229905848391, -0.00582931376994, 0.011159828864]]
    },
    "melbands": {
        "mean": [0.000200854876311, 0.000342184095643, 0.000537298037671, 0.000430919841165, 0.000435413327068, 0.00029096272192, 0.000250268523814, 0.000257172185229, 0.000130746950163, 0.000101571582491, 6.98907024343e-05, 6.88133586664e-05, 9.89051331999e-05, 3.31003575411e-05, 6.08754999121e-05, 4.91799437441e-05, 2.0660683731e-05, 2.09358095162e-05, 1.31342012537e-05, 1.49949537445e-05, 1.87815603567e-05, 1.0205032595e-05, 6.8359117904e-06, 4.88794194098e-06, 3.43149804394e-06, 3.91022467738e-06, 3.61222464562e-06, 1.80248332526e-06, 8.43948384954e-07, 4.24078535843e-07, 5.01898455241e-07, 3.08588852249e-07, 1.6681154591e-07, 1.02886062336e-07, 9.3556920433e-08, 7.14450862915e-08, 5.18001606054e-08, 3.88062701973e-08, 2.48765825717e-08, 1.67498157566e-08],
        "stdev": [0.000542571186088, 0.00127387687098, 0.00317648705095, 0.00197579152882, 0.00207791593857, 0.00111768313218, 0.00069181091385, 0.0007726555923, 0.000363036058843, 0.000343772000633, 0.000176205590833, 0.000197437577299, 0.000353419949533, 0.000160493305884, 0.000230881851166, 0.000202340888791, 7.67874444136e-05, 8.64054090925e-05, 4.2581865273e-05, 4.97546061524e-05, 6.90872911946e-05, 3.42924286088e-05, 2.2795267796e-05, 1.75376844709e-05, 9.52182381297e-06, 1.21808570839e-05, 1.50830210259e-05, 7.59409749662e-06, 3.10667951453e-06, 1.27083740153e-06, 3.8365542423e-06, 2.4694181775e-06, 5.30097793217e-07, 3.32849594997e-07, 3.69104810716e-07, 2.74087199159e-07, 1.72749437866e-07, 1.38831012464e-07, 8.80594228647e-08, 4.93528382606e-08]
    },
    "melbands128": {
        "mean": [0.0001235135569, 0.000111434077553, 0.000247101619607, 0.000345090869814, 0.000355889671482, 0.00033182813786, 0.000475778942928, 0.000712855777238, 0.000455741159385, 0.000264448521193, 0.000426818704, 0.000552207638975, 0.000326084234985, 0.000448330276413, 0.000322388252243, 0.000181031384273, 0.000212705432205, 0.000275212485576, 0.000183453652426, 0.000392129441025, 0.000173132939381, 0.000157488932018, 0.000103102793219, 0.000119847172755, 0.000155430010636, 4.61867530248e-05, 9.47808730416e-05, 4.20487594965e-05, 9.29429297685e-05, 8.43108282425e-05, 4.07756087952e-05, 6.95484923199e-05, 0.000180560935405, 3.91531029891e-05, 2.7387182854e-05, 4.00208846258e-05, 2.53000271186e-05, 3.68385190086e-05, 0.000106876570499, 9.50024914346e-05, 5.50389131604e-06, 3.56760720024e-05, 2.50804678217e-05, 5.36639663551e-06, 3.03978849843e-05, 2.17747383431e-05, 1.62656779139e-05, 6.46257149128e-06, 1.1476509826e-05, 2.90154057438e-05, 1.01562663986e-05, 6.14439431956e-06, 3.21774168697e-05, 1.60723902809e-05, 4.58889417132e-06, 1.29447853396e-05, 1.21032335301e-05, 9.43891427596e-06, 4.46372177976e-06, 1.75455977569e-06, 5.08779112351e-06, 8.69515315571e-06, 1.68873327766e-06, 1.30307807922e-06, 6.60682871967e-06, 4.04150932809e-06, 2.36807909459e-06, 4.04138427257e-06, 4.03875765187e-06, 2.45247110797e-06, 2.75046204479e-06, 8.19827107534e-07, 4.95500898978e-07, 1.19592607462e-06, 8.15071814486e-07, 2.83232196807e-07, 2.68423150374e-07, 5.14429871146e-07, 3.50246978087e-07, 8.71868280683e-07, 2.38462149582e-07, 1.61770216778e-07, 1.80226166435e-07, 2.38522119389e-07, 7.26041591292e-08, 6.06088832455e-08, 1.35908649668e-07, 1.51092564238e-07, 8.06154858424e-08, 5.84812447357e-08, 7.50151585294e-08, 6.88131436277e-08, 7.71904780095e-08, 5.55028059068e-08, 3.49132598387e-08, 3.43620385479e-08, 4.4516585973e-08, 3.81829892149e-08, 2.60118842021e-08, 1.49651278036e-08, 2.08112442834e-08, 1.40434153195e-08, 1.62861617525e-08, 1.96421332532e-08, 1.44775675892e-08, 1.03787689554e-08, 1.25153842845e-08, 1.01359782789e-08, 6.97549040751e-09, 5.79927528221e-09, 7.11323311364e-09, 6.56644516539e-09, 6.06033623285e-09, 3.33824679011e-09, 3.81820841611e-09, 2.65538968591e-09, 1.97192040474e-09, 1.75396197566e-09, 1.25052213029e-09, 1.15860676608e-09, 1.02924646583e-09, 1.01948272047e-09, 7.63518082092e-10, 3.02833785826e-10, 6.66035846267e-12, 2.3455165761e-12, 2.34176979023e-12, 2.32435143181e-12],
        "stdev": [0.000144013771205, 0.000291132426355, 0.000806129188277, 0.00142964767292, 0.00160925439559, 0.00129116838798, 0.00311895646155, 0.00503742415458, 0.00214669830166, 0.00138041004539, 0.00237525161356, 0.00350184785202, 0.00169430894312, 0.0023990185, 0.00148229661863, 0.000838444684632, 0.000862414482981, 0.000890564988367, 0.000530828780029, 0.00148751097731, 0.000509847712237, 0.000637088436633, 0.000426459824666, 0.000425189413363, 0.000719154952094, 0.000146521881106, 0.000348030705936, 0.000108995925984, 0.000364585226635, 0.000318340898957, 0.000162744239788, 0.000248922180617, 0.000707481929567, 0.00015593948774, 0.000159028175403, 0.000240010820562, 0.000301325664623, 0.000146341117215, 0.000514470273629, 0.000482742907479, 2.61054374278e-05, 0.000157231886988, 0.000122653786093, 2.06420390896e-05, 0.000152823704411, 0.000111294721137, 0.000113648558909, 2.78298466583e-05, 4.45004152425e-05, 0.000126582832308, 4.40161420556e-05, 4.15655740653e-05, 0.000137137030833, 6.49815992801e-05, 3.18493548548e-05, 5.41905901628e-05, 5.43127862329e-05, 4.48263490398e-05, 1.81189989235e-05, 8.93470860319e-06, 2.23514434765e-05, 3.96108225686e-05, 7.28343275114e-06, 6.80174207446e-06, 2.57875144598e-05, 1.81837658602e-05, 1.44114919749e-05, 2.57990450336e-05, 2.16149255721e-05, 1.00443321571e-05, 1.55439556693e-05, 4.17339242631e-06, 2.70781492873e-06, 5.97884081799e-06, 3.67694838133e-06, 1.27763155433e-06, 1.32730872338e-06, 2.44141915573e-06, 2.16463877223e-06, 1.34082556542e-05, 1.45839612742e-06, 8.40549830627e-07, 7.30349256628e-07, 9.36030971843e-07, 2.95832393249e-07, 3.08276753458e-07, 6.17465218511e-07, 6.40978385036e-07, 4.63696864017e-07, 5.60833541385e-07, 4.09850429151e-07, 4.19231952264e-07, 3.82601456295e-07, 2.40268263951e-07, 1.8356865894e-07, 1.99594992978e-07, 2.04422335059e-07, 1.65249801398e-07, 1.5631678707e-07, 5.78635876991e-08, 7.56638343091e-08, 5.63835449441e-08, 7.9198692049e-08, 7.91774894537e-08, 4.64347138518e-08, 3.82305813673e-08, 5.29965724638e-08, 3.63679504289e-08, 2.24668532667e-08, 2.08043164918e-08, 2.51826310915e-08, 2.48061571284e-08, 2.39291537696e-08, 1.40873641641e-08, 2.16639239881e-08, 1.00275627801e-08, 6.82718148681e-09, 7.78195818896e-09, 5.93341820121e-09, 5.08686248679e-09, 4.88151119526e-09, 4.87945106542e-09, 3.56137253021e-09, 1.4638700252e-09, 5.67955821262e-11, 8.30673203833e-12, 8.36389898312e-12, 8.67564440427e-12]
    },
    "mfcc": {
        "mean": [-775.820556641, 145.184310913, -30.7333545685, 16.1985492706, -5.9828710556, -9.34057426453, -2.74705028534, 2.75508832932, 1.44745385647, 6.94879817963, 2.55831885338, 6.26760816574, 8.42779445648],
        "cov": [[11876.53125, 1999.36157227, -1074.01135254, -168.63168335, -794.127563477, -286.260681152, -572.470581055, -571.129455566, -712.082702637, -532.056091309, -541.354858398, -383.660461426, -422.240661621], [1999.36157227, 2144.86206055, -21.2534351349, 51.4194221497, -8.19188022614, -131.978347778, -181.612533569, -327.036804199, -288.819885254, -209.012435913, -160.758575439, -123.961929321, -147.217926025], [-1074.01135254, -21.2534351349, 682.308105469, 204.642364502, 266.952087402, 200.711471558, 110.294433594, 52.7479896545, 23.5039024353, -17.7177085876, -9.958735466, -17.4294452667, -50.5585479736], [-168.63168335, 51.4194221497, 204.642364502, 297.026641846, 151.746459961, 80.4356689453, 47.7825164795, 12.3950061798, 23.3070697784, 18.8746433258, -19.3285484314, -31.6945724487, -32.6975669861], [-794.127563477, -8.19188022614, 266.952087402, 151.746459961, 304.660247803, 161.525756836, 110.831306458, 59.4498558044, 47.5608215332, 23.5651073456, 5.40202713013, -6.46549654007, -17.0595016479], [-286.260681152, -131.978347778, 200.711471558, 80.4356689453, 161.525756836, 265.982910156, 138.575485229, 71.682258606, 38.1249465942, -3.7797729969, 9.15475749969, -25.6880016327, -46.0360946655], [-572.470581055, -181.612533569, 110.294433594, 47.7825164795, 110.831306458, 138.575485229, 222.364868164, 127.908737183, 80.3171615601, 28.2314662933, 13.1607275009, -15.8955593109, -14.7750005722], [-571.129455566, -327.036804199, 52.7479896545, 12.3950061798, 59.4498558044, 71.682258606, 127.908737183, 232.840744019, 134.349990845, 57.9366836548, 22.4775428772, -1.63229763508, 20.6818065643], [-712.082702637, -288.819885254, 23.5039024353, 23.3070697784, 47.5608215332, 38.1249465942, 80.3171615601, 134.349990845, 221.436584473, 112.416213989, 40.5142974854, 5.31999778748, 24.3019542694], [-532.056091309, -209.012435913, -17.7177085876, 18.8746433258, 23.5651073456, -3.7797729969, 28.2314662933, 57.9366836548, 112.416213989, 187.285766602, 89.4864883423, 21.3661022186, 22.4402561188], [-541.354858398, -160.758575439, -9.958735466, -19.3285484314, 5.40202713013, 9.15475749969, 13.1607275009, 22.4775428772, 40.5142974854, 89.4864883423, 193.271575928, 89.0691375732, 15.1301183701], [-383.660461426, -123.961929321, -17.4294452667, -31.6945724487, -6.46549654007, -25.6880016327, -15.8955593109, -1.63229763508, 5.31999778748, 21.3661022186, 89.0691375732, 179.631286621, 87.0919189453], [-422.240661621, -147.217926025, -50.5585479736, -32.6975669861, -17.0595016479, -46.0360946655, -14.7750005722, 20.6818065643, 24.3019542694, 22.4402561188, 15.1301183701, 87.0919189453, 189.566070557]],
        "icov": [[0.0002052513737, -0.000100783858215, 0.000302115280647, -0.000209552192246, 0.000454180495581, -0.000403235404519, 0.000312346877763, -0.000124674086692, 0.000333639938617, 2.23613897106e-05, 0.000389273714973, -2.32910369959e-05, 0.00033844599966], [-0.000100783858215, 0.000769926584326, -9.32425755309e-05, 3.0145929486e-05, -0.000637281278614, 0.000653037859593, -0.000156836977112, 0.000729252176825, 0.00013311119983, 0.000347394641722, -5.81534513913e-05, 0.000268844305538, 0.000186165969353], [0.000302115280647, -9.32425755309e-05, 0.00297371693887, -0.00115725339856, -0.000794199062511, -0.0013480441412, 0.00062262150459, -0.000313275930239, 0.000553236692213, 0.000554868427571, 0.000572180200834, -0.000266576651484, 0.000818080094177], [-0.000209552192246, 3.0145929486e-05, -0.00115725339856, 0.00522931758314, -0.00228259549476, 0.000548809533939, -0.000298733910313, 0.000591124815401, -0.000519948662259, -0.000876803242136, 0.00023416437034, 0.000377864431357, -3.17628400808e-05], [0.000454180495581, -0.000637281278614, -0.000794199062511, -0.00228259549476, 0.00828850083053, -0.00342537066899, -0.000314879376674, -0.000533236074261, 0.000462545431219, -0.000920253514778, 0.00113141920883, -0.000708745035809, 0.00014383236703], [-0.000403235404519, 0.000653037859593, -0.0013480441412, 0.000548809533939, -0.00342537066899, 0.00872038956732, -0.00380627764389, 0.000597900303546, -0.000579934450798, 0.0013859285973, -0.00164948811289, 0.000789786572568, 0.000470791506814], [0.000312346877763, -0.000156836977112, 0.00062262150459, -0.000298733910313, -0.000314879376674, -0.00380627764389, 0.00964018609375, -0.00380157143809, 7.4330753705e-05, 8.22054498713e-05, 0.00051855458878, 0.000196194872842, 0.000751098035835], [-0.000124674086692, 0.000729252176825, -0.000313275930239, 0.000591124815401, -0.000533236074261, 0.000597900303546, -0.00380157143809, 0.00930859521031, -0.00395365152508, 0.000654269359075, -0.000255784980254, 0.00066056259675, -0.000761278439313], [0.000333639938617, 0.00013311119983, 0.000553236692213, -0.000519948662259, 0.000462545431219, -0.000579934450798, 7.4330753705e-05, -0.00395365152508, 0.0100795831531, -0.0044068172574, 0.001366686658, 5.51675911993e-05, 0.000337381148711], [2.23613897106e-05, 0.000347394641722, 0.000554868427571, -0.000876803242136, -0.000920253514778, 0.0013859285973, 8.22054498713e-05, 0.000654269359075, -0.0044068172574, 0.0105697624385, -0.00459317490458, 0.00183441082481, -0.000657320022583], [0.000389273714973, -5.81534513913e-05, 0.000572180200834, 0.00023416437034, 0.00113141920883, -0.00164948811289, 0.00051855458878, -0.000255784980254, 0.001366686658, -0.00459317490458, 0.0103330472484, -0.00519825238734, 0.00271648168564], [-2.32910369959e-05, 0.000268844305538, -0.000266576651484, 0.000377864431357, -0.000708745035809, 0.000789786572568, 0.000196194872842, 0.00066056259675, 5.51675911993e-05, 0.00183441082481, -0.00519825238734, 0.0103079145774, -0.00432284316048], [0.00033844599966, 0.000186165969353, 0.000818080094177, -3.17628400808e-05, 0.00014383236703, 0.000470791506814, 0.000751098035835, -0.000761278439313, 0.000337381148711, -0.000657320022583, 0.00271648168564, -0.00432284316048, 0.00845900084823]]
    },
    "spectral_contrast_coeffs": {
        "mean": [-0.725146472454, -0.733640193939, -0.719337642193, -0.737286329269, -0.739934146404, -0.763331770897],
        "stdev": [0.107177190483, 0.0837122127414, 0.0815221816301, 0.0724700316787, 0.0646490156651, 0.0474246218801]
    },
    "spectral_contrast_valleys": {
        "mean": [-8.49813175201, -7.70584392548, -8.73046875, -9.0622959137, -9.43035411835, -12.7141942978],
        "stdev": [1.45748841763, 1.48927891254, 1.36732959747, 1.28766965866, 1.208740592, 1.04972577095]
    }
},
"rhythm": {
    "beats_count": 858,
    "beats_loudness": {
        "mean": 0.0164296030998,
        "stdev": 0.0352971293032
    },
    "bpm": 178.206085205,
    "bpm_histogram_first_peak_bpm": 178,
    "bpm_histogram_first_peak_weight": 0,
    "bpm_histogram_second_peak_bpm": 185,
    "bpm_histogram_second_peak_spread": 0,
    "bpm_histogram_second_peak_weight": 0.168028011918,
    "danceability": 0.830760240555,
    "onset_rate": 3.20771241188,
    "beats_loudness_band_ratio": {
        "mean": [0.245443761349, 0.172544077039, 0.297365546227, 0.173132762313, 0.108446605504, 0.0287413764745],
        "stdev": [0.239075124264, 0.174974098802, 0.222182840109, 0.167678177357, 0.125995501876, 0.0498453602195]
    },
