{
"metadata": {
    "version": {
        "essentia": "2.1-dev",
        "essentia_git_sha": "v2.1_beta3-415-gd5473f3",
        "extractor": "music 2.0"
    },
    "audio_properties": {
        "analysis": {
            "equal_loudness": 0,
            "length": 121.63999939,
            "sample_rate": 44100,
            "start_time": 0,
            "downmix": "mix"
        },
        "bit_rate": 128000,
        "length": 121.63999939,
        "lossless": 0,
        "number_channels": 2,
        "replay_gain": 0.172161102295,
        "sample_rate": 44100,
        "codec": "mp3",
        "md5_encoded": "b652cef92465560b22b2ecb3af9bb478"
    },
    "tags": {
        "file_name": "moritz_moszkowski-4_moments.mp3",
        "album": ["Moments Musicaux"],
        "artist": ["Elizabeth Wolff"],
        "artistwebpage": ["http:\/\/www.magnatune.com\/artists\/wolff"],
        "composer": ["www.magnatune.com\/artists\/wolff"],
        "copyright": ["2004 Elizabeth Wolff - Licensed to the public under http:\/\/creativecommons.org\/licenses\/by-nc-sa\/1.0\/ verify at http:\/\/www.magnatune.com\/artists\/wolff"],
        "date": ["2001"],
        "encodedby": ["http:\/\/www.magnatune.com\/"],
        "filewebpage": ["http:\/\/www.magnatune.com\/artists\/wolff"],
        "genre": ["Classical"],
        "length": ["122000"],
        "originalartist": ["http:\/\/www.magnatune.com\/artists\/wolff"],
        "title": ["Moritz Moszkowski - 4 Moments"],
        "tracknumber": ["11"]
    }
},
"lowlevel": {
    "average_loudness": 0.168151527643,
    "barkbands_crest": {
        "mean": 16.2821502686,
        "stdev": 4.69555091858
    },
    "barkbands_flatness_db": {
        "mean": 0.394023507833,
        "stdev": 0.0727686733007
    },
    "barkbands_kurtosis": {
        "mean": 13.6960506439,
        "stdev": 25.316696167
    },
    "barkbands_skewness": {
        "mean": 1.72742664814,
        "stdev": 1.76160013676
    },
    "barkbands_spread": {
        "mean": 2.5887773037,
        "stdev": 2.83240461349
    },
    "dissonance": {
        "mean": 0.355496168137,
        "stdev": 0.0820844769478
    },
    "dynamic_complexity": 8.55644035339,
    "erbbands_crest": {
        "mean": 16.8451881409,
        "stdev": 6.210978508
    },
    "erbbands_flatness_db": {
        "mean": 0.403304368258,
        "stdev": 0.0869790762663
    },
    "erbbands_kurtosis": {
        "mean": 6.95919084549,
        "stdev": 11.7852258682
    },
    "erbbands_skewness": {
        "mean": 1.37157464027,
        "stdev": 1.42927014828
    },
    "erbbands_spread": {
        "mean": 8.50805664062,
        "stdev": 12.7416172028
    },
    "hfc": {
        "mean": 7.3721075058,
        "stdev": 13.6194047928
    },
    "loudness_ebu128": {
        "integrated": -24.4448814392,
        "loudness_range": 12.3836650848,
        "momentary": {
            "mean": -31.2238407135,
            "stdev": 11.1140937805
        },
        "short_term": {
            "mean": -28.7124004364,
            "stdev": 8.6471414566
        }
    },
    "melbands_crest": {
        "mean": 18.7850933075,
        "stdev": 5.52491807938
    },
    "melbands_flatness_db": {
        "mean": 0.493834763765,
        "stdev": 0.0772731527686
    },
    "melbands_kurtosis": {
        "mean": 12.8044919968,
        "stdev": 19.3260383606
    },
    "melbands_skewness": {
        "mean": 1.58535301685,
        "stdev": 1.70503568649
    },
    "melbands_spread": {
        "mean": 3.80385041237,
        "stdev": 3.83891534805
    },
    "pitch_salience": {
        "mean": 0.47952735424,
        "stdev": 0.130972847342
    },
    "silence_rate_20dB": {
        "mean": 1,
        "stdev": 0
    },
    "silence_rate_30dB": {
        "mean": 0.994656503201,
        "stdev": 0.0729041174054
    },
    "silence_rate_60dB": {
        "mean": 0.349809169769,
        "stdev": 0.476910680532
    },
    "spectral_centroid": {
        "mean": 454.402618408,
        "stdev": 211.085128784
    },
    "spectral_complexity": {
        "mean": 5.97118330002,
        "stdev": 3.89072990417
    },
    "spectral_decrease": {
        "mean": -3.55480200831e-09,
        "stdev": 4.97093788354e-09
    },
    "spectral_energy": {
        "mean": 0.0140852974728,
        "stdev": 0.0198335442692
    },
    "spectral_energyband_high": {
        "mean": 3.70919309489e-07,
        "stdev": 1.61964544532e-06
    },
    "spectral_energyband_low": {
        "mean": 9.70004475676e-05,
        "stdev": 0.000278388237348
    },
    "spectral_energyband_middle_high": {
        "mean": 0.00155232241377,
        "stdev": 0.0070380102843
    },
    "spectral_energyband_middle_low": {
        "mean": 0.012534330599,
        "stdev": 0.0179708451033
    },
    "spectral_entropy": {
        "mean": 5.3187251091,
        "stdev": 0.686548292637
    },
    "spectral_flux": {
        "mean": 0.0325922928751,
        "stdev": 0.0317580476403
    },
    "spectral_kurtosis": {
        "mean": 129.003601074,
        "stdev": 68.3597869873
    },
    "spectral_rms": {
        "mean": 0.00295970891602,
        "stdev": 0.00223202444613
    },
    "spectral_rolloff": {
        "mean": 522.701660156,
        "stdev": 253.929946899
    },
    "spectral_skewness": {
        "mean": 8.46717834473,
        "stdev": 3.02335882187
    },
    "spectral_spread": {
        "mean": 1313976.125,
        "stdev": 1554855.625
    },
    "spectral_strongpeak": {
        "mean": 1.19730377197,
        "stdev": 1.56194722652
    },
    "zerocrossingrate": {
        "mean": 0.0218829214573,
        "stdev": 0.0104653071612
    },
    "barkbands": {
        "mean": [9.37901916132e-07, 1.45977764987e-05, 5.09416313434e-05, 7.33580818633e-05, 0.00281911017373, 0.00206939247437, 0.00353257497773, 0.00189471396152, 0.00201952899806, 0.00041238614358, 0.000212092665606, 0.000342671759427, 0.000216690226807, 0.000178707152372, 0.000219777954044, 1.67225261976e-05, 5.35851904715e-06, 3.47465720552e-06, 1.81274594979e-06, 3.36430218795e-07, 9.43555846789e-08, 5.84890393895e-08, 1.30226256445e-08, 4.69729766195e-09, 3.76752229414e-09, 2.17653384205e-09, 7.50963458085e-10],
        "stdev": [1.3143983324e-06, 3.79689554393e-05, 0.000196204957319, 0.000179461712833, 0.00634961109608, 0.00447921361774, 0.00932773575187, 0.00634657219052, 0.00754176685587, 0.00227116164751, 0.00153681298252, 0.004179995507, 0.001865203958, 0.00217266683467, 0.00342296948656, 7.45471916161e-05, 2.51207784459e-05, 1.58531438501e-05, 1.04109385575e-05, 1.58107104653e-06, 5.10593622494e-07, 3.38910950859e-07, 7.73944961452e-08, 1.13003189028e-08, 1.49602019661e-08, 9.26042442728e-09, 1.17820020407e-09]
    },
    "erbbands": {
        "mean": [0.000177653404535, 0.0049369004555, 0.0479175113142, 0.213756605983, 2.88414359093, 10.6330461502, 16.5328369141, 18.0090961456, 48.3087463379, 42.940158844, 40.4300460815, 57.6693878174, 14.0734138489, 15.4496688843, 9.70818328857, 11.7608604431, 11.2692708969, 9.35441112518, 15.0457954407, 2.72322797775, 1.03830468655, 0.302885204554, 0.204503342509, 0.11574691534, 0.0703453794122, 0.0185709092766, 0.006955973804, 0.0034262558911, 0.00237436196767, 0.000921149214264, 0.000330452021444, 0.000135727663292, 8.24552844279e-05, 5.31724508619e-05, 3.53297727997e-05, 2.16551215999e-05, 6.99281372363e-06, 1.40821020977e-06, 6.90942124493e-06, 1.59400424309e-05],
        "stdev": [0.000284938432742, 0.0142972692847, 0.184551119804, 0.490290552378, 9.77529525757, 24.1518802643, 37.9243049622, 39.4084587097, 127.983459473, 105.807327271, 131.100265503, 217.663864136, 80.2615966797, 72.6416549683, 76.5115127563, 116.498291016, 92.0920257568, 107.508522034, 198.420257568, 31.0512084961, 4.90137481689, 1.09147655964, 0.913533449173, 0.521420478821, 0.569120049477, 0.0960854515433, 0.0322918668389, 0.0197125673294, 0.0139918643981, 0.0055225007236, 0.00163735623937, 0.000396276358515, 0.00018487914349, 0.000199401460122, 0.00011587368499, 7.56690569688e-05, 1.29323798319e-05, 2.3709233119e-06, 9.88183091977e-06, 2.26567153732e-05]
    },
    "gfcc": {
        "mean": [-287.232025146, 212.11428833, -98.5728759766, -55.9949493408, -59.2608909607, -29.3825054169, -43.1509628296, -22.2749099731, -13.3942260742, -10.4205503464, -5.01744747162, -10.7578105927, -2.36017155647],
        "cov": [[11159.3027344, 2839.97485352, -3799.79541016, -2495.92602539, 849.762756348, -1456.85058594, 353.890472412, -614.383972168, 707.55645752, -308.843566895, 252.824829102, -543.246948242, -178.889511108], [2839.97485352, 1826.53735352, -321.669830322, -1101.28405762, 66.1086349487, -475.120635986, -10.1277313232, -404.060760498, 138.455108643, -281.519348145, 71.4020385742, -214.219848633, -26.1267776489], [-3799.79541016, -321.669830322, 2053.76660156, 756.278930664, -482.845977783, 465.042144775, -179.26612854, 41.4519691467, -320.059661865, -14.3960914612, -103.893432617, 126.559791565, 75.4281387329], [-2495.92602539, -1101.28405762, 756.278930664, 1106.56152344, -87.0147705078, 374.007385254, -51.0840568542, 213.045715332, -214.694717407, 136.002807617, -76.2461929321, 139.749755859, 6.74192285538], [849.762756348, 66.1086349487, -482.845977783, -87.0147705078, 297.920318604, -60.0727043152, 8.77092075348, -35.8196258545, 70.0149612427, 7.05058240891, 27.0600700378, -25.970331192, -46.0028915405], [-1456.85058594, -475.120635986, 465.042144775, 374.007385254, -60.0727043152, 393.401550293, 42.7396812439, 96.9818572998, -118.237823486, 49.211265564, -68.0248794556, 50.4433097839, 26.716709137], [353.890472412, -10.1277313232, -179.26612854, -51.0840568542, 8.77092075348, 42.7396812439, 193.321884155, 97.2203826904, 24.515663147, -4.61092424393, -16.7657852173, -47.4844093323, -17.2922058105], [-614.383972168, -404.060760498, 41.4519691467, 213.045715332, -35.8196258545, 96.9818572998, 97.2203826904, 242.656906128, 44.8464698792, 80.2663345337, -16.384223938, 30.130487442, -17.0344524384], [707.55645752, 138.455108643, -320.059661865, -214.694717407, 70.0149612427, -118.237823486, 24.515663147, 44.8464698792, 204.245727539, 53.9526252747, 38.3957061768, -12.7456207275, -21.3254089355], [-308.843566895, -281.519348145, -14.3960914612, 136.002807617, 7.05058240891, 49.211265564, -4.61092424393, 80.2663345337, 53.9526252747, 127.208244324, 26.4224872589, 28.336517334, -10.6084432602], [252.824829102, 71.4020385742, -103.893432617, -76.2461929321, 27.0600700378, -68.0248794556, -16.7657852173, -16.384223938, 38.3957061768, 26.4224872589, 80.408241272, 21.6565132141, -17.4991645813], [-543.246948242, -214.219848633, 126.559791565, 139.749755859, -25.970331192, 50.4433097839, -47.4844093323, 30.130487442, -12.7456207275, 28.336517334, 21.6565132141, 127.545883179, 47.9453773499], [-178.889511108, -26.1267776489, 75.4281387329, 6.74192285538, -46.0028915405, 26.716709137, -17.2922058105, -17.0344524384, -21.3254089355, -10.6084432602, -17.4991645813, 47.9453773499, 94.0523071289]],
        "icov": [[0.00106140831485, -0.00103999755811, 0.00149075128138, -0.000545974646229, 9.63483034866e-05, 0.00095135322772, -0.00150925933849, 0.00153155240696, -0.000770370708779, -0.000196268112632, -1.79888520506e-05, 0.000650637608487, -0.000181548544788], [-0.00103999755811, 0.00668932171538, -0.00424767006189, 0.00331112626009, -0.00234808214009, 0.00207870244049, -0.00180792540777, 0.00349807762541, -0.00355877610855, 0.00668373703957, -0.00391020160168, 0.00383949279785, -0.00112632103264], [0.00149075128138, -0.00424767006189, 0.00527847604826, -0.00293785030954, 0.00378512800671, -0.00201022438705, 0.00142213038635, -0.00022431454272, 0.000562332279515, -0.00149634969421, 0.000988024752587, -0.000732049753424, 0.000791826751083], [-0.000545974646229, 0.00331112626009, -0.00293785030954, 0.00515766208991, -0.00280187581666, 0.00146852561738, -0.000415611895733, -0.000593742239289, 0.00250414083712, -0.000984228565358, 0.00142720923759, -0.000831215642393, 0.00104221864603], [9.63483034866e-05, -0.00234808214009, 0.00378512800671, -0.00280187581666, 0.00873315613717, -0.0038237804547, 0.00294075394049, 0.000211373073398, -0.00124184554443, 0.000502777751535, -7.99741901574e-05, -0.00124413624872, 0.00302742933854], [0.00095135322772, 0.00207870244049, -0.00201022438705, 0.00146852561738, -0.0038237804547, 0.0097694080323, -0.00705764396116, 0.00407371995971, 0.000516537111253, -0.00223805732094, 0.00315414951183, 4.12023546232e-05, -0.000880826148205], [-0.00150925933849, -0.00180792540777, 0.00142213038635, -0.000415611895733, 0.00294075394049, -0.00705764396116, 0.01619845815, -0.0114514725283, 0.00359082152136, 0.00151460035704, -0.000959173892625, 0.00202689459547, -0.000362952414434], [0.00153155240696, 0.00349807762541, -0.00022431454272, -0.000593742239289, 0.000211373073398, 0.00407371995971, -0.0114514725283, 0.0182654894888, -0.00935611315072, 0.00250472151674, -0.000278602587059, 0.00097971141804, 0.00186602387112], [-0.000770370708779, -0.00355877610855, 0.000562332279515, 0.00250414083712, -0.00124184554443, 0.000516537111253, 0.00359082152136, -0.00935611315072, 0.0180931575596, -0.0138497874141, 0.00652979128063, -0.00652388529852, 0.00220807595178], [-0.000196268112632, 0.00668373703957, -0.00149634969421, -0.000984228565358, 0.000502777751535, -0.00223805732094, 0.00151460035704, 0.00250472151674, -0.0138497874141, 0.0289756320417, -0.0158505737782, 0.0101452181116, -0.00362518872134], [-1.79888520506e-05, -0.00391020160168, 0.000988024752587, 0.00142720923759, -7.99741901574e-05, 0.00315414951183, -0.000959173892625, -0.000278602587059, 0.00652979128063, -0.0158505737782, 0.029336489737, -0.0152062997222, 0.00972576718777], [0.000650637608487, 0.00383949279785, -0.000732049753424, -0.000831215642393, -0.00124413624872, 4.12023546232e-05, 0.00202689459547, 0.00097971141804, -0.00652388529852, 0.0101452181116, -0.0152062997222, 0.023174315691, -0.012097180821], [-0.000181548544788, -0.00112632103264, 0.000791826751083, 0.00104221864603, 0.00302742933854, -0.000880826148205, -0.000362952414434, 0.00186602387112, 0.00220807595178, -0.00362518872134, 0.00972576718777, -0.012097180821, 0.0193348173052]]
    },
    "melbands": {
        "mean": [2.72585043604e-06, 1.83038682735e-05, 6.93015317665e-05, 0.000500435067806, 0.000595412100665, 0.00039097192348, 0.000754498643801, 0.000461696792627, 0.000346628774423, 0.000318689417327, 5.68601353734e-05, 6.22783409199e-05, 2.80065050902e-05, 4.75244378322e-05, 1.85130866157e-05, 2.34483322856e-05, 1.59293031174e-05, 2.29059041885e-05, 1.09659858936e-05, 9.44621831422e-07, 1.19227991036e-06, 2.86944839445e-07, 2.09121751027e-07, 1.54794705054e-07, 9.06865693651e-08, 5.23171230782e-08, 2.82036083377e-08, 1.00710355611e-08, 4.9368371613e-09, 2.27525953633e-09, 1.7883653447e-09, 1.54755241955e-09, 7.94824428496e-10, 3.75562386745e-10, 1.88809773372e-10, 1.18752230271e-10, 6.20549167607e-11, 5.42150768723e-11, 3.99568121645e-11, 3.5375799512e-11],
        "stdev": [5.97722873863e-06, 6.80868834024e-05, 0.000189904909348, 0.0014249230735, 0.00128174922429, 0.000859073188622, 0.00202007289045, 0.00118597561959, 0.00107411190402, 0.00120414921548, 0.000396290561184, 0.000290695053991, 0.000165508507052, 0.000608830479905, 0.000139914918691, 0.000201415939955, 0.0001942828967, 0.000281400542008, 0.000164787110407, 3.80921301257e-06, 6.11508994552e-06, 1.36844096232e-06, 9.13303153993e-07, 8.31859097161e-07, 4.5809514404e-07, 4.08211803915e-07, 2.15939707005e-07, 6.08161130344e-08, 2.63036863402e-08, 1.49780383651e-08, 1.15311076243e-08, 1.03142863139e-08, 5.54863133218e-09, 2.62574184617e-09, 9.83578662961e-10, 7.19116377557e-10, 1.62919011615e-10, 1.22275703451e-10, 1.45594772349e-10, 1.58493912439e-10]
    },
    "melbands128": {
        "mean": [5.98276699293e-07, 7.17765999525e-07, 2.3839224923e-06, 8.7271700977e-06, 1.93634696188e-05, 2.65052294708e-05, 3.01045511151e-05, 4.00413664465e-05, 0.000214945248445, 0.000633414078038, 0.000510012905579, 0.000704861129634, 0.000538327149116, 0.000563706620596, 0.000428606261266, 0.000263782392722, 0.00030662419158, 0.00118728238158, 0.000727011472918, 0.000380021258024, 0.000440480653197, 0.00038206554018, 0.000244101465796, 0.000291374017252, 0.000635283824522, 0.000138171584695, 6.65480838506e-05, 5.68966825085e-05, 3.07817936118e-05, 7.89655314293e-05, 6.97574578226e-05, 4.0765342419e-05, 1.58825368999e-05, 1.5142234588e-05, 7.58005553507e-05, 5.08710982103e-05, 1.76777884917e-05, 6.17677596892e-06, 3.23722342728e-05, 2.81467328023e-05, 1.91884319065e-05, 2.08197052416e-05, 1.6415691789e-05, 1.42689596032e-05, 1.15607872431e-05, 1.7248416043e-05, 5.42133493582e-05, 2.14554461309e-06, 8.09990694961e-07, 1.79850439963e-06, 4.47138063464e-07, 4.15483754068e-07, 2.4541957373e-06, 5.2223572311e-07, 6.94266645951e-07, 1.60485470246e-07, 1.34100801574e-07, 2.53404010664e-07, 1.71967798224e-07, 2.34596996052e-07, 1.19227223649e-07, 1.78644455673e-07, 9.37772597354e-08, 7.45560413407e-08, 5.11715825269e-08, 2.97937141625e-08, 9.36015069897e-08, 3.73667567999e-08, 1.21940662012e-08, 6.48526299329e-09, 1.4840977336e-08, 6.86105217085e-09, 9.59422941094e-09, 2.69084843296e-09, 3.53626994354e-09, 1.77327430517e-09, 2.05088190874e-09, 2.26984986362e-09, 1.6912589107e-09, 1.11662445956e-09, 2.6074999937e-09, 9.2363960924e-10, 9.79452408068e-10, 9.04122332557e-10, 6.61204924146e-10, 2.11098249991e-10, 5.50674950084e-10, 1.37230921071e-10, 1.84940340819e-10, 1.43001221975e-10, 1.82683465577e-10, 8.66053548321e-11, 6.78933922971e-11, 6.26732624132e-11, 5.3887762308e-11, 6.36802763299e-11, 5.42137168491e-11, 4.27600004016e-11, 4.16454266905e-11, 3.37813457763e-11, 4.29625120202e-11, 3.17874095102e-11, 3.4878055305e-11, 2.98244172414e-11, 3.25831688019e-11, 2.71210796876e-11, 2.65871318017e-11, 2.7812302808e-11, 2.47993518082e-11, 3.01038742545e-11, 1.59484161988e-11, 1.04724198063e-11, 4.03321126496e-12, 3.73730820596e-12, 3.65977690861e-12, 3.59095544099e-12, 3.50230369879e-12, 3.38408836544e-12, 3.32524307568e-12, 3.29701999209e-12, 3.25958032267e-12, 3.22746213435e-12, 3.16168966008e-12, 3.09049400654e-12, 3.08596030674e-12, 3.08694476231e-12, 3.0842633135e-12, 3.04959356379e-12],
        "stdev": [8.2750528918e-07, 9.58094801717e-07, 5.50384265807e-06, 2.54135029536e-05, 8.86734924279e-05, 9.60694233072e-05, 9.1818292276e-05, 0.000104683276732, 0.00078121596016, 0.00255758105777, 0.00157200789545, 0.00174133479595, 0.00151499302592, 0.00158377562184, 0.00124044984113, 0.000651596579701, 0.000853365752846, 0.00352972955443, 0.00226771249436, 0.00125318334904, 0.00182226044126, 0.00168642471544, 0.00118722475599, 0.00114216655493, 0.00269713671878, 0.000596313504502, 0.000478400557768, 0.000733773747925, 0.0001818966266, 0.000374020659365, 0.000419140444137, 0.000372507289285, 0.000105406230432, 0.000125776612549, 0.00114295328967, 0.000654965115245, 0.000171646679519, 3.43561441696e-05, 0.000344096653862, 0.000262658228166, 0.000240046196268, 0.000423043617047, 0.000244951195782, 0.00024335476337, 0.000112264482595, 0.000222980568651, 0.000871219439432, 3.10464456561e-05, 4.35498714069e-06, 1.01628447737e-05, 2.52484392149e-06, 2.85981377601e-06, 1.53053060785e-05, 2.30927912526e-06, 4.67565314466e-06, 7.5309174008e-07, 9.47727130551e-07, 1.20160541428e-06, 8.26843404411e-07, 1.79834148639e-06, 7.73313274749e-07, 1.42524834246e-06, 6.33084994206e-07, 5.66453593365e-07, 5.06113451593e-07, 2.14588553149e-07, 1.10323492208e-06, 2.99647894053e-07, 6.97943036698e-08, 6.82355150161e-08, 1.15986587446e-07, 5.52675381016e-08, 6.50276916758e-08, 1.58695581121e-08, 3.21171285123e-08, 1.83435240331e-08, 2.24793410553e-08, 2.11399822092e-08, 1.55992481154e-08, 8.91014728666e-09, 2.26348522148e-08, 6.38018704535e-09, 8.53691783931e-09, 8.13739298167e-09, 4.44745573702e-09, 1.27766430769e-09, 6.29340357605e-09, 5.5098531293e-10, 1.2049458098e-09, 1.11877040965e-09, 1.87810322849e-09, 2.730961568e-10, 2.75405309669e-10, 2.40524933304e-10, 1.16508622194e-10, 2.11399009409e-10, 1.35436398208e-10, 1.16438400588e-10, 1.78848325039e-10, 1.11856218732e-10, 3.77746250946e-10, 7.72029870588e-11, 1.46656423117e-10, 1.17874987549e-10, 1.85098644745e-10, 9.64906349266e-11, 1.11732186003e-10, 1.58368179681e-10, 1.01029719313e-10, 2.22678500639e-10, 8.11332112605e-11, 4.51277071267e-11, 6.46114151764e-12, 6.28243854509e-12, 6.06481531662e-12, 5.86059326069e-12, 5.68088848532e-12, 5.50930004742e-12, 5.3561213624e-12, 5.22505866699e-12, 5.09557326889e-12, 4.98798788731e-12, 4.89256898883e-12, 4.80285646323e-12, 4.73674701892e-12, 4.68046911992e-12, 4.6380807181e-12, 4.61575092384e-12]
    },
    "mfcc": {
        "mean": [-899.52545166, 212.869338989, 29.0983219147, -22.6950378418, -13.5699367523, -15.9664134979, -21.900390625, -21.35313797, -16.4788150787, -9.32856369019, -5.21757078171, -6.83156251907, -6.21079444885],
        "cov": [[7604.5, 4057.4609375, -2907.46801758, -1554.62268066, -228.017578125, -593.946105957, -583.290283203, -368.580535889, -174.911026001, 85.3185272217, 217.062423706, 1.88415193558, -27.0494270325], [4057.4609375, 2929.3449707, -798.273498535, -1066.14355469, -318.417816162, -331.139373779, -403.301330566, -296.196899414, -181.763595581, -56.6597862244, 21.6168899536, -34.4988441467, -86.419960022], [-2907.46801758, -798.273498535, 2046.48254395, 557.934387207, -149.518341064, 202.725570679, 167.416748047, 42.8120269775, -33.0021934509, -152.440032959, -183.481216431, -48.1405906677, -72.4444274902], [-1554.62268066, -1066.14355469, 557.934387207, 683.236572266, 158.31413269, 90.709854126, 168.769378662, 107.279716492, 27.7124118805, -17.5042819977, -21.6699237823, 3.77416968346, 16.687379837], [-228.017578125, -318.417816162, -149.518341064, 158.31413269, 240.814682007, 87.1615142822, 7.14638566971, 17.0271873474, -4.39044284821, -4.20039510727, 20.1432189941, 11.3707370758, 13.6365833282], [-593.946105957, -331.139373779, 202.725570679, 90.709854126, 87.1615142822, 212.867507935, 115.623893738, 16.8277587891, 4.74700117111, -13.7844724655, -21.2738933563, -23.0116405487, -33.6240310669], [-583.290283203, -403.301330566, 167.416748047, 168.769378662, 7.14638566971, 115.623893738, 220.594680786, 108.675201416, 28.9575099945, 24.8056125641, -10.118188858, -20.7861537933, -27.0347328186], [-368.580535889, -296.196899414, 42.8120269775, 107.279716492, 17.0271873474, 16.8277587891, 108.675201416, 143.314437866, 84.6584472656, 24.538520813, 1.27169072628, 14.8222789764, 20.1553020477], [-174.911026001, -181.763595581, -33.0021934509, 27.7124118805, -4.39044284821, 4.74700117111, 28.9575099945, 84.6584472656, 133.353042603, 75.395072937, 11.0037546158, 19.8329753876, 30.8612232208], [85.3185272217, -56.6597862244, -152.440032959, -17.5042819977, -4.20039510727, -13.7844724655, 24.8056125641, 24.538520813, 75.395072937, 134.066299438, 79.6306610107, 15.667550087, 13.2496795654], [217.062423706, 21.6168899536, -183.481216431, -21.6699237823, 20.1432189941, -21.2738933563, -10.118188858, 1.27169072628, 11.0037546158, 79.6306610107, 135.526931763, 78.5368728638, 11.2239294052], [1.88415193558, -34.4988441467, -48.1405906677, 3.77416968346, 11.3707370758, -23.0116405487, -20.7861537933, 14.8222789764, 19.8329753876, 15.667550087, 78.5368728638, 126.496612549, 61.2293243408], [-27.0494270325, -86.419960022, -72.4444274902, 16.687379837, 13.6365833282, -33.6240310669, -27.0347328186, 20.1553020477, 30.8612232208, 13.2496795654, 11.2239294052, 61.2293243408, 115.316711426]],
        "icov": [[0.286683380604, -0.399807304144, 0.385557621717, -0.358566820621, 0.323593974113, -0.284325450659, 0.22848932445, -0.17701382935, 0.135877132416, -0.0952421054244, 0.0542430914938, -0.0253823176026, 0.00784166995436], [-0.399807304144, 0.558781206608, -0.538082242012, 0.502296626568, -0.452468842268, 0.39943164587, -0.320886790752, 0.249977603555, -0.191684737802, 0.13569933176, -0.077892921865, 0.0368056967854, -0.0109462579712], [0.385557621717, -0.538082242012, 0.521415710449, -0.487253546715, 0.443143785, -0.392505645752, 0.319348454475, -0.250468075275, 0.195940420032, -0.140240266919, 0.0846213027835, -0.0419805310667, 0.0147915808484], [-0.358566820621, 0.502296626568, -0.487253546715, 0.462001413107, -0.421377003193, 0.377966940403, -0.31280747056, 0.248685956001, -0.19769205153, 0.146272525191, -0.091071523726, 0.0470631569624, -0.0174265429378], [0.323593974113, -0.452468842268, 0.443143785, -0.421377003193, 0.396697252989, -0.35801538825, 0.303233832121, -0.24647462368, 0.201290607452, -0.150214329362, 0.0966032072902, -0.0520111210644, 0.0206589754671], [-0.284325450659, 0.39943164587, -0.392505645752, 0.377966940403, -0.35801538825, 0.338931053877, -0.293428182602, 0.246155381203, -0.206129685044, 0.161077097058, -0.108013100922, 0.0604409351945, -0.0242036376148], [0.22848932445, -0.320886790752, 0.319348454475, -0.31280747056, 0.303233832121, -0.293428182602, 0.275827884674, -0.239663720131, 0.207240119576, -0.168756067753, 0.118461221457, -0.068297997117, 0.0328059270978], [-0.17701382935, 0.249977603555, -0.250468075275, 0.248685956001, -0.24647462368, 0.246155381203, -0.239663720131, 0.227971076965, -0.200443133712, 0.164279654622, -0.118211224675, 0.0694791600108, -0.0332507155836], [0.135877132416, -0.191684737802, 0.195940420032, -0.19769205153, 0.201290607452, -0.206129685044, 0.207240119576, -0.200443133712, 0.198094978929, -0.167641654611, 0.125913366675, -0.0770805105567, 0.0345544107258], [-0.0952421054244, 0.13569933176, -0.140240266919, 0.146272525191, -0.150214329362, 0.161077097058, -0.168756067753, 0.164279654622, -0.167641654611, 0.161738485098, -0.126240417361, 0.0789703205228, -0.0368229113519], [0.0542430914938, -0.077892921865, 0.0846213027835, -0.091071523726, 0.0966032072902, -0.108013100922, 0.118461221457, -0.118211224675, 0.125913366675, -0.126240417361, 0.116657406092, -0.0761482641101, 0.036089848727], [-0.0253823176026, 0.0368056967854, -0.0419805310667, 0.0470631569624, -0.0520111210644, 0.0604409351945, -0.068297997117, 0.0694791600108, -0.0770805105567, 0.0789703205228, -0.0761482641101, 0.0610529705882, -0.0293868780136], [0.00784166995436, -0.0109462579712, 0.0147915808484, -0.0174265429378, 0.0206589754671, -0.0242036376148, 0.0328059270978, -0.0332507155836, 0.0345544107258, -0.0368229113519, 0.036089848727, -0.0293868780136, 0.0251985471696]]
    },
    "spectral_contrast_coeffs": {
        "mean": [-0.593833208084, -0.694060206413, -0.742652595043, -0.759275913239, -0.819077789783, -0.860765874386],
        "stdev": [0.112237252295, 0.103719912469, 0.079836897552, 0.0808486044407, 0.0730049088597, 0.040276683867]
    },
    "spectral_contrast_valleys": {
        "mean": [-8.73421001434, -7.59182691574, -9.33163642883, -10.6247663498, -11.9231910706, -14.3971939087],
        "stdev": [0.961952388287, 1.47768771648, 1.38755214214, 1.28762841225, 0.74910479784, 0.630665302277]
    }
},
"rhythm": {
    "beats_count": 257,
    "beats_loudness": {
        "mean": 0.0172761958092,
        "stdev": 0.0219478774816
    },
    "bpm": 136.268112183,
    "bpm_histogram_first_peak_bpm": 136,
    "bpm_histogram_first_peak_weight": 0.560344815254,
    "bpm_histogram_second_peak_bpm": 126,
    "bpm_histogram_second_peak_spread": 0.525423765182,
    "bpm_histogram_second_peak_weight": 0.109375,
    "danceability": 0.858246684074,
    "onset_rate": 2.60560178757,
    "beats_loudness_band_ratio": {
        "mean": [0.0775294229388, 0.501347780228, 0.4142357409, 0.0588055923581, 0.0114662321284, 0.000468933983939],
        "stdev": [0.130230411887, 0.32249879837, 0.317905217409, 0.141003847122, 0.0719939395785, 0.00248958799057]
    },
    "beats_position": [0.46439909935, 0.940408170223, 1.4164172411, 1.89242625237, 2.38004541397, 2.86766433716, 3.28562355042, 3.70358276367, 4.13315200806, 4.5627207756, 4.99229001999, 5.42185926437, 5.94430828094, 6.45514726639, 6.96598625183, 7.46521520615, 7.96444416046, 8.46367359161, 8.96290206909, 9.47374153137, 9.96135997772, 10.47219944, 10.9830379486, 11.4938774109, 12.0047159195, 12.5155553818, 13.0380039215, 13.5488433838, 14.0712919235, 14.5937414169, 15.0465307236, 15.4993190765, 15.9637184143, 16.4165077209, 16.8692970276, 17.3220863342, 17.7748756409, 18.2508831024, 18.7268924713, 19.2029018402, 19.6440811157, 20.0852603912, 20.5264396667, 20.9908390045, 21.43201828, 21.8615875244, 22.2911567688, 22.7323360443, 23.1735134125, 23.614692688, 24.0558719635, 24.497051239, 24.9382305145, 25.3910198212, 25.8321990967, 26.2733783722, 26.7261676788, 27.1905670166, 27.6549663544, 28.1193637848, 28.537322998, 28.9785022736, 29.4312915802, 29.8608608246, 30.290430069, 30.7199993134, 31.1611785889, 31.5907478333, 32.0203170776, 32.449886322, 32.8794555664, 33.3090248108, 33.7385940552, 34.1797714233, 34.63256073, 35.0853500366, 35.5497512817, 35.9909286499, 36.4321098328, 36.8732872009, 37.3957366943, 37.9065742493, 38.4058036804, 38.91664505, 39.4158706665, 39.9267120361, 40.4375495911, 40.9483909607, 41.4708366394, 41.9468460083, 42.4228553772, 42.8872566223, 43.3516540527, 43.8276634216, 44.3036727905, 44.7912902832, 45.2672996521, 45.743309021, 46.1612701416, 46.5792274475, 46.9971885681, 47.4267578125, 47.8679351807, 48.3091163635, 48.7386856079, 49.1798629761, 49.6210403442, 50.0622215271, 50.5033988953, 50.9910202026, 51.4670295715, 51.9430389404, 52.4306564331, 52.906665802, 53.3942832947, 53.8702926636, 54.3463020325, 54.8223114014, 55.2983207703, 55.7743301392, 56.2387275696, 56.668296814, 57.0978660583, 57.5390472412, 57.9686164856, 58.4214057922, 58.8858032227, 59.3385925293, 59.7913818359, 60.2093429565, 60.6273002625, 61.0684814453, 61.5096588135, 61.9508361816, 62.4036254883, 62.8331947327, 63.2743759155, 63.7155532837, 64.1335144043, 64.5514755249, 64.9694290161, 65.3873901367, 65.8285675049, 66.2697525024, 66.7109298706, 67.1521072388, 67.6048965454, 68.0576858521, 68.5336914062, 68.9980926514, 69.450881958, 69.9384994507, 70.4261245728, 70.9137420654, 71.3897476196, 71.8773651123, 72.3765945435, 72.8526077271, 73.3402252197, 73.8162307739, 74.2922439575, 74.7102050781, 75.1397705078, 75.5693435669, 75.9989089966, 76.4168701172, 76.8348312378, 77.252784729, 77.6707458496, 78.0887069702, 78.5066680908, 78.9362335205, 79.3658065796, 79.7953720093, 80.2249450684, 80.654510498, 81.0840835571, 81.5252609253, 82.012878418, 82.4888839722, 82.9648971558, 83.4292984009, 83.8820877075, 84.3348770142, 84.7992706299, 85.263671875, 85.7164611816, 86.1576385498, 86.5175476074, 86.877456665, 87.2373657227, 87.5972747803, 87.9687957764, 88.3403167725, 88.7234420776, 89.0949630737, 89.4664840698, 89.849609375, 90.2327423096, 90.5926513672, 91.0454406738, 91.4982299805, 91.9510192871, 92.4154205322, 92.8565979004, 93.309387207, 93.7621765137, 94.2149658203, 94.667755127, 95.1089324951, 95.5384979248, 95.9680709839, 96.4092483521, 96.8504257202, 97.2916107178, 97.7327880859, 98.1739654541, 98.6151428223, 99.0563278198, 99.497505188, 99.9386825562, 100.379859924, 100.809432983, 101.238998413, 101.668571472, 102.121360779, 102.562538147, 103.003715515, 103.433288574, 103.874465942, 104.362083435, 104.861312866, 105.360542297, 105.836547852, 106.324172974, 106.811790466, 107.322631836, 107.845077515, 108.367523193, 109.006072998, 109.633010864, 110.236732483, 110.840454102, 111.513832092, 112.175598145, 112.941856384, 113.708114624, 114.462760925, 115.205802917, 115.914009094, 116.598999023, 117.283988953, 118.003807068, 118.723625183, 119.443443298, 120.163261414, 120.883079529],
    "bpm_histogram": [0, 0, 0, 0, 0, 0, 0, 0, 0, 0, 0, 0, 0, 0, 0, 0, 0, 0, 0, 0, 0, 0, 0, 0, 0, 0, 0, 0, 0, 0, 0, 0, 0, 0, 0, 0, 0, 0, 0, 0, 0, 0, 0, 0, 0, 0, 0, 0, 0, 0, 0, 0, 0, 0, 0, 0, 0, 0, 0, 0, 0, 0, 0, 0, 0, 0, 0, 0, 0, 0, 0, 0, 0, 0, 0, 0, 0, 0, 0.0078125, 0, 0.00390625, 0.00390625, 0, 0.01953125, 0, 0.00390625, 0, 0, 0.0078125, 0.00390625, 0, 0.00390625, 0, 0, 0.00390625, 0, 0.00390625, 0, 0, 0.0078125, 0, 0, 0, 0, 0, 0, 0, 0, 0, 0, 0, 0, 0, 0, 0, 0.03125, 0, 0.05859375, 0, 0, 0.03515625, 0, 0, 0.0625, 0, 0, 0.109375, 0, 0, 0.05859375, 0, 0, 0, 0.11328125, 0, 0, 0.19921875, 0, 0, 0, 0.140625, 0, 0, 0, 0.07421875, 0, 0, 0, 0, 0, 0, 0, 0, 0, 0, 0, 0, 0.01171875, 0, 0, 0, 0.015625, 0, 0, 0, 0, 0, 0.01953125, 0, 0, 0, 0, 0, 0, 0, 0, 0, 0, 0, 0, 0, 0, 0, 0, 0, 0, 0, 0, 0, 0, 0, 0, 0, 0, 0, 0, 0, 0, 0, 0, 0, 0, 0, 0, 0, 0, 0, 0, 0, 0, 0, 0, 0, 0, 0, 0, 0, 0, 0, 0, 0, 0, 0, 0, 0, 0, 0, 0, 0, 0, 0, 0, 0, 0, 0, 0, 0, 0, 0, 0, 0, 0, 0, 0, 0, 0, 0, 0, 0, 0]
},
"tonal": {
    "chords_changes_rate": 0.0473101884127,
    "chords_number_rate": 0.00495993904769,
    "chords_strength": {
        "mean": 0.447002351284,
        "stdev": 0.0775785595179
    },
    "hpcp_crest": {
        "mean": 20.8336524963,
        "stdev": 8.76568603516
    },
    "hpcp_entropy": {
        "mean": 1.19860363007,
        "stdev": 0.68822234869
    },
    "key_edma": {
        "strength": 0.618500292301,
        "key": "F",
        "scale": "major"
    },
    "key_krumhansl": {
        "strength": 0.608200550079,
        "key": "F",
        "scale": "major"
    },
    "key_temperley": {
        "strength": 0.591104388237,
        "key": "F",
        "scale": "major"
    },
    "tuning_diatonic_strength": 0.420502066612,
    "tuning_equal_tempered_deviation": 0,
    "tuning_frequency": 441.782684326,
    "tuning_nontempered_energy_ratio": 0.591005623341,
    "hpcp": {
        "mean": [0.305556833744, 0.156055480242, 0.0531869158149, 0.0920551717281, 0.0521438531578, 0.0439049489796, 0.0833862498403, 0.0544631928205, 0.21167320013, 0.351526111364, 0.156429991126, 0.0425635762513, 0.0752573907375, 0.0479064919055, 0.121957756579, 0.199410006404, 0.0921975299716, 0.0167911816388, 0.0218294113874, 0.0155767099932, 0.107631027699, 0.22287543118, 0.130389273167, 0.044717554003, 0.0650469213724, 0.0341159887612, 0.0315664336085, 0.0545935444534, 0.0304309558123, 0.0790437161922, 0.141341596842, 0.0731481686234, 0.0355603769422, 0.0568195916712, 0.0359749086201, 0.165994852781],
        "stdev": [0.395189285278, 0.215475216508, 0.133651912212, 0.229294806719, 0.132865592837, 0.120545089245, 0.235552117229, 0.148259848356, 0.273836195469, 0.427696794271, 0.217513874173, 0.119860671461, 0.214174255729, 0.132186457515, 0.222668215632, 0.339119404554, 0.181439846754, 0.0632224977016, 0.0896209329367, 0.0704431682825, 0.177312731743, 0.355137705803, 0.21789611876, 0.138961732388, 0.192726060748, 0.110435701907, 0.106369189918, 0.183066874743, 0.0976228863001, 0.164266601205, 0.276361197233, 0.148360162973, 0.129404127598, 0.186502873898, 0.124408297241, 0.227410852909]
    },
    "chords_histogram": [4.80732536316, 27.6230449677, 22.1289577484, 1.41167497635, 0, 1.29721474648, 5.72300624847, 0.381533771753, 19.2293014526, 0, 1.14460134506, 0, 0, 0, 0, 0.839374303818, 0, 1.67874860764, 3.35749721527, 3.89164447784, 0, 2.09843564034, 0.915681064129, 3.47195720673],
    "thpcp": [1, 0.44500246644, 0.121082261205, 0.214087620378, 0.136281460524, 0.346937984228, 0.567269384861, 0.262277901173, 0.0477665290236, 0.0620989762247, 0.0443116724491, 0.306182175875, 0.634022414684, 0.370923429728, 0.127209767699, 0.185041502118, 0.097051076591, 0.0897982642055, 0.155304372311, 0.0865681245923, 0.224858731031, 0.402079939842, 0.208087444305, 0.101159989834, 0.161636903882, 0.102339223027, 0.472212016582, 0.869229435921, 0.443937093019, 0.151302888989, 0.261872917414, 0.148335650563, 0.12489811331, 0.237212106586, 0.154933556914, 0.602154970169],
    "chords_key": "A",
    "chords_scale": "minor"
}
}