{
"metadata": {
    "version": {
        "essentia": "2.1-dev",
        "essentia_git_sha": "v2.1_beta3-415-gd5473f3",
        "extractor": "music 2.0"
    },
    "audio_properties": {
        "analysis": {
            "equal_loudness": 0,
            "length": 236.329803467,
            "sample_rate": 44100,
            "start_time": 0,
            "downmix": "mix"
        },
        "bit_rate": 320000,
        "length": 236.329803467,
        "lossless": 0,
        "number_channels": 2,
        "replay_gain": -6.84127998352,
        "sample_rate": 44100,
        "codec": "mp3",
        "md5_encoded": "973d798d235f35e68a34da709260edaa"
    },
    "tags": {
        "file_name": "mozart-sonata_for_violin_and_piano.mp3",
        "tracknumber": ["9"]
    }
},
"lowlevel": {
    "average_loudness": 0.294803470373,
    "barkbands_crest": {
        "mean": 13.2332048416,
        "stdev": 4.7291226387
    },
    "barkbands_flatness_db": {
        "mean": 0.276840776205,
        "stdev": 0.0606606043875
    },
    "barkbands_kurtosis": {
        "mean": 5.85674190521,
        "stdev": 10.1043176651
    },
    "barkbands_skewness": {
        "mean": 1.18520140648,
        "stdev": 1.3349725008
    },
    "barkbands_spread": {
        "mean": 8.16898822784,
        "stdev": 8.62588405609
    },
    "dissonance": {
        "mean": 0.405689179897,
        "stdev": 0.0593105107546
    },
    "dynamic_complexity": 3.90563845634,
    "erbbands_crest": {
        "mean": 15.0765380859,
        "stdev": 6.41465139389
    },
    "erbbands_flatness_db": {
        "mean": 0.31906953454,
        "stdev": 0.0657572448254
    },
    "erbbands_kurtosis": {
        "mean": 3.33344578743,
        "stdev": 6.77567720413
    },
    "erbbands_skewness": {
        "mean": 0.869065105915,
        "stdev": 1.05623185635
    },
    "erbbands_spread": {
        "mean": 15.9806509018,
        "stdev": 11.5928649902
    },
    "hfc": {
        "mean": 10.7566757202,
        "stdev": 15.0250654221
    },
    "loudness_ebu128": {
        "integrated": -18.9639568329,
        "loudness_range": 7.61561775208,
        "momentary": {
            "mean": -21.5970630646,
            "stdev": 9.78002738953
        },
        "short_term": {
            "mean": -20.3550624847,
            "stdev": 6.70134305954
        }
    },
    "melbands_crest": {
        "mean": 16.2517528534,
        "stdev": 5.64906167984
    },
    "melbands_flatness_db": {
        "mean": 0.351315498352,
        "stdev": 0.0799843594432
    },
    "melbands_kurtosis": {
        "mean": 7.89276647568,
        "stdev": 20.9784832001
    },
    "melbands_skewness": {
        "mean": 1.39869058132,
        "stdev": 1.49766433239
    },
    "melbands_spread": {
        "mean": 11.8746376038,
        "stdev": 12.3334522247
    },
    "pitch_salience": {
        "mean": 0.488059103489,
        "stdev": 0.126938685775
    },
    "silence_rate_20dB": {
        "mean": 0.999803543091,
        "stdev": 0.0140152592212
    },
    "silence_rate_30dB": {
        "mean": 0.991060018539,
        "stdev": 0.0941208600998
    },
    "silence_rate_60dB": {
        "mean": 0.146674528718,
        "stdev": 0.353762388229
    },
    "spectral_centroid": {
        "mean": 800.917114258,
        "stdev": 542.111328125
    },
    "spectral_complexity": {
        "mean": 9.29423332214,
        "stdev": 4.18449258804
    },
    "spectral_decrease": {
        "mean": -4.4946593114e-09,
        "stdev": 5.34770094873e-09
    },
    "spectral_energy": {
        "mean": 0.0179395638406,
        "stdev": 0.0213944464922
    },
    "spectral_energyband_high": {
        "mean": 3.63544313586e-05,
        "stdev": 0.000104879742139
    },
    "spectral_energyband_low": {
        "mean": 0.000739172741305,
        "stdev": 0.00134437438101
    },
    "spectral_energyband_middle_high": {
        "mean": 0.00384507910348,
        "stdev": 0.0107973460108
    },
    "spectral_energyband_middle_low": {
        "mean": 0.0138403913006,
        "stdev": 0.0170251596719
    },
    "spectral_entropy": {
        "mean": 6.1433839798,
        "stdev": 0.561580777168
    },
    "spectral_flux": {
        "mean": 0.0507484860718,
        "stdev": 0.0323497578502
    },
    "spectral_kurtosis": {
        "mean": 35.5662193298,
        "stdev": 33.1480674744
    },
    "spectral_rms": {
        "mean": 0.00365642807446,
        "stdev": 0.00203282479197
    },
    "spectral_rolloff": {
        "mean": 871.423095703,
        "stdev": 612.068847656
    },
    "spectral_skewness": {
        "mean": 3.71475672722,
        "stdev": 2.07213950157
    },
    "spectral_spread": {
        "mean": 1821193.875,
        "stdev": 1080001.375
    },
    "spectral_strongpeak": {
        "mean": 1.50029122829,
        "stdev": 1.53155136108
    },
    "zerocrossingrate": {
        "mean": 0.0341119542718,
        "stdev": 0.0193365942687
    },
    "barkbands": {
        "mean": [1.02234243968e-05, 0.000207494929782, 0.000274167250609, 0.000846987590194, 0.00276305968873, 0.00302747194655, 0.00240689981729, 0.00312534719706, 0.00117310625501, 0.000821525172796, 0.00170940358657, 0.000441591633717, 0.000327735266183, 0.000107035470137, 0.000200151887839, 0.000196569875698, 6.64280814817e-05, 7.31086693122e-05, 0.00010069795826, 4.95969070471e-05, 6.79326785757e-06, 3.24276948049e-06, 5.89796570694e-07, 2.91324795398e-07, 5.77828522808e-08, 3.47120412414e-08, 3.43893313826e-09],
        "stdev": [1.15429347716e-05, 0.00051276240265, 0.000598612532485, 0.0019629325252, 0.00516552571207, 0.00587470922619, 0.00600971002132, 0.00803830567747, 0.00240724277683, 0.00283950287849, 0.00834817439318, 0.00224974215962, 0.000987918581814, 0.00036989164073, 0.000858204206452, 0.000848705880344, 0.000319338141708, 0.000405352126108, 0.000386379950214, 0.000193925006897, 3.93504960812e-05, 1.37154420372e-05, 3.69000235878e-06, 1.93444520846e-06, 1.98414895181e-07, 1.09341563359e-07, 1.30211752492e-08]
    },
    "erbbands": {
        "mean": [0.00281507172622, 0.0591393262148, 0.295045226812, 1.46241402626, 4.96746349335, 9.6009683609, 20.8052120209, 25.6341781616, 26.3404960632, 63.6605262756, 48.8065490723, 35.0900611877, 27.2768878937, 35.2149085999, 66.5420074463, 17.4255905151, 16.3616981506, 8.50922870636, 8.17057514191, 10.4636278152, 7.93042945862, 3.65603590012, 4.83394289017, 3.52710437775, 5.01995754242, 2.66816949844, 0.741827607155, 0.131585687399, 0.123878344893, 0.0469941906631, 0.0179978925735, 0.0081242704764, 0.00345029053278, 0.00073498277925, 0.000423988560215, 0.000215877676965, 5.44362665096e-05, 1.19582136904e-05, 9.36040214583e-06, 2.05504165933e-05],
        "stdev": [0.00492280721664, 0.148145020008, 0.627879917622, 2.97013139725, 10.3435678482, 20.192281723, 42.4310722351, 57.6929321289, 53.1753044128, 167.371948242, 96.1798324585, 68.494720459, 101.629364014, 133.075469971, 407.255584717, 74.0779266357, 50.3290977478, 21.1951332092, 27.0964031219, 38.716545105, 33.4579963684, 15.0397195816, 23.5785388947, 17.2858715057, 21.2843914032, 10.3003902435, 2.79035997391, 0.447438240051, 0.527022123337, 0.234364107251, 0.112375505269, 0.0492134802043, 0.0276054833084, 0.00303214672022, 0.00128813716583, 0.000749534869101, 0.00014119806292, 2.84157267743e-05, 1.12422840175e-05, 2.45452301897e-05]
    },
    "gfcc": {
        "mean": [-160.143173218, 185.056900024, -148.887039185, -13.8429088593, -45.6127090454, -29.952960968, -26.3229446411, -6.1254863739, -17.401260376, -4.89020252228, -4.16679763794, -13.413734436, -2.39296674728],
        "cov": [[14239.3935547, 2374.05102539, -1885.4564209, 453.668212891, -243.478500366, -969.312744141, -30.5860118866, -567.707885742, -295.125396729, -391.5027771, -130.45513916, -357.363616943, -10.9765205383], [2374.05102539, 2174.01049805, 372.908294678, -675.945068359, 265.85256958, -248.079360962, -145.332839966, -176.223190308, -51.4563713074, -174.747787476, 53.0798950195, -202.261184692, 84.0123062134], [-1885.4564209, 372.908294678, 895.438781738, -316.331176758, 124.616844177, 131.874786377, -144.921737671, 33.9298553467, 0.776055455208, -27.1465053558, -1.55468046665, 21.2053623199, -16.1412391663], [453.668212891, -675.945068359, -316.331176758, 805.916564941, -109.264808655, -54.4557266235, 29.60729599, -63.4493217468, -50.6552467346, 14.7125635147, -78.5255126953, -19.1288375854, -45.0497283936], [-243.478500366, 265.85256958, 124.616844177, -109.264808655, 191.983535767, 42.9749794006, -7.878033638, -3.45394778252, -19.5234889984, -21.7391052246, 8.53351020813, -15.8091011047, 8.36843299866], [-969.312744141, -248.079360962, 131.874786377, -54.4557266235, 42.9749794006, 267.720550537, 57.8095588684, 75.9861068726, -6.27792406082, -5.47242546082, -11.8309335709, 56.5601921082, 1.75659275055], [-30.5860118866, -145.332839966, -144.921737671, 29.60729599, -7.878033638, 57.8095588684, 203.266616821, 58.5865287781, -1.46640956402, -6.75820398331, -23.9527511597, 1.5105817318, 16.0443344116], [-567.707885742, -176.223190308, 33.9298553467, -63.4493217468, -3.45394778252, 75.9861068726, 58.5865287781, 205.03112793, 75.1883621216, 29.014465332, -9.68266487122, 0.726312816143, -24.8256492615], [-295.125396729, -51.4563713074, 0.776055455208, -50.6552467346, -19.5234889984, -6.27792406082, -1.46640956402, 75.1883621216, 176.151626587, 87.4496307373, 7.82655668259, -23.8816680908, -24.4855957031], [-391.5027771, -174.747787476, -27.1465053558, 14.7125635147, -21.7391052246, -5.47242546082, -6.75820398331, 29.014465332, 87.4496307373, 174.80897522, 59.7570114136, 17.516160965, -16.8311748505], [-130.45513916, 53.0798950195, -1.55468046665, -78.5255126953, 8.53351020813, -11.8309335709, -23.9527511597, -9.68266487122, 7.82655668259, 59.7570114136, 141.866485596, 62.2452049255, 11.4371376038], [-357.363616943, -202.261184692, 21.2053623199, -19.1288375854, -15.8091011047, 56.5601921082, 1.5105817318, 0.726312816143, -23.8816680908, 17.516160965, 62.2452049255, 160.933441162, 50.1959457397], [-10.9765205383, 84.0123062134, -16.1412391663, -45.0497283936, 8.36843299866, 1.75659275055, 16.0443344116, -24.8256492615, -24.4855957031, -16.8311748505, 11.4371376038, 50.1959457397, 134.314926147]],
        "icov": [[0.000354531744961, -0.000863890396431, 0.000963724101894, -0.000337974954164, 0.000713109853677, 2.03125964617e-05, 0.000251648598351, -6.56318516121e-05, 0.000328980764607, -5.31760051672e-05, 0.000810651632491, -0.000916942080949, 0.000811855483335], [-0.000863890396431, 0.0037310810294, -0.00275822379626, 0.00185102177784, -0.00299462093972, 0.00130167219322, -0.000635547447018, 0.00110503355972, -0.00101447768975, 0.00154878874309, -0.00326405721717, 0.00450161239132, -0.00306050758809], [0.000963724101894, -0.00275822379626, 0.00452750222757, -0.000608074013144, 0.00160789571237, -0.00113182864152, 0.00223477208056, -0.000666337786242, 0.00110640644561, -0.000517412263434, 0.00316511117853, -0.00332833942957, 0.00277985190041], [-0.000337974954164, 0.00185102177784, -0.000608074013144, 0.00277652521618, -0.000948619039264, 0.000833149533719, -0.000121515615319, 0.00108413130511, 0.000355312484317, 0.000100303273939, -0.000135318638058, 0.00190471741371, -0.000687087303959], [0.000713109853677, -0.00299462093972, 0.00160789571237, -0.000948619039264, 0.00893620308489, -0.002128461143, 0.000360177480616, -0.000471705890959, 0.00154281815048, -0.000852055265568, 0.00145012058783, -0.00169005838688, 0.00182990136091], [2.03125964617e-05, 0.00130167219322, -0.00113182864152, 0.000833149533719, -0.002128461143, 0.00687771430239, -0.00174057600088, -0.000730451312847, 0.000395927520003, 0.000872670498211, 0.000308841757942, -0.00080240360694, -9.84160651569e-05], [0.000251648598351, -0.000635547447018, 0.00223477208056, -0.000121515615319, 0.000360177480616, -0.00174057600088, 0.00744435982779, -0.00207532802597, 0.00102288136259, -0.00014947791351, 0.00152084114961, -0.000225154173677, -0.000504235038534], [-6.56318516121e-05, 0.00110503355972, -0.000666337786242, 0.00108413130511, -0.000471705890959, -0.000730451312847, -0.00207532802597, 0.0080363471061, -0.00325354840606, 0.00099936616607, -0.000473426363897, 0.00108017551247, 0.000527956639417], [0.000328980764607, -0.00101447768975, 0.00110640644561, 0.000355312484317, 0.00154281815048, 0.000395927520003, 0.00102288136259, -0.00325354840606, 0.0102567961439, -0.00515870610252, 0.00217814743519, 0.000293341377983, 0.00101698434446], [-5.31760051672e-05, 0.00154878874309, -0.000517412263434, 0.000100303273939, -0.000852055265568, 0.000872670498211, -0.00014947791351, 0.00099936616607, -0.00515870610252, 0.0110525153577, -0.00555661320686, 0.00186282978393, -0.000535832776222], [0.000810651632491, -0.00326405721717, 0.00316511117853, -0.000135318638058, 0.00145012058783, 0.000308841757942, 0.00152084114961, -0.000473426363897, 0.00217814743519, -0.00555661320686, 0.014879222028, -0.00871650595218, 0.00377059052698], [-0.000916942080949, 0.00450161239132, -0.00332833942957, 0.00190471741371, -0.00169005838688, -0.00080240360694, -0.000225154173677, 0.00108017551247, 0.000293341377983, 0.00186282978393, -0.00871650595218, 0.016101764515, -0.00729782041162], [0.000811855483335, -0.00306050758809, 0.00277985190041, -0.000687087303959, 0.00182990136091, -9.84160651569e-05, -0.000504235038534, 0.000527956639417, 0.00101698434446, -0.000535832776222, 0.00377059052698, -0.00729782041162, 0.0120990592986]]
    },
    "melbands": {
        "mean": [4.15212562075e-05, 0.000128068015329, 0.000377360993298, 0.000481894530822, 0.00070614204742, 0.000560572894756, 0.000437262380728, 0.000721429649275, 0.000362718797987, 0.000197075001779, 0.000125810533063, 0.000124484780827, 0.000216409680434, 9.37432632782e-05, 2.29172801482e-05, 3.73455077352e-05, 1.26424638438e-05, 9.85595397651e-06, 1.70640232682e-05, 1.5501951566e-05, 7.25836616766e-06, 2.9416810321e-06, 6.16490478933e-06, 2.52259746958e-06, 2.80111521533e-06, 3.87755972042e-06, 2.50917310041e-06, 1.66976815308e-06, 5.77207288188e-07, 1.29142819105e-07, 5.18887581791e-08, 8.09200457752e-08, 4.7660549285e-08, 1.56339083901e-08, 1.10913305207e-08, 5.28589838567e-09, 4.78926942549e-09, 3.18036841307e-09, 7.02509495021e-10, 5.03554031805e-10],
        "stdev": [9.15007476578e-05, 0.000277681305306, 0.000789020035882, 0.000865318230353, 0.00138166255783, 0.0011965141166, 0.000980488955975, 0.00194622576237, 0.000694419490173, 0.000404977647122, 0.000506094889715, 0.000492619059514, 0.00115116254892, 0.000583654968068, 7.66800003476e-05, 0.000105527775304, 4.03017147619e-05, 3.19003374898e-05, 8.40719294501e-05, 7.00528471498e-05, 3.32009403792e-05, 1.01614959931e-05, 4.34382891399e-05, 1.10117543954e-05, 1.70368166437e-05, 1.51465319504e-05, 1.31232472995e-05, 6.74686953062e-06, 2.313850473e-06, 7.51148490963e-07, 2.10254697208e-07, 3.66674498764e-07, 3.29714595182e-07, 9.7182777381e-08, 7.11795991037e-08, 3.35410952346e-08, 3.1574462156e-08, 2.99455642505e-08, 2.93445778787e-09, 2.26507057555e-09]
    },
    "melbands128": {
        "mean": [8.12921825855e-06, 1.41599475683e-05, 4.27079357905e-05, 0.000116272807645, 0.000137720417115, 0.000137515497045, 0.000220083777094, 0.000524146889802, 0.000531330122612, 0.000364076520782, 0.000444211560534, 0.000721002055798, 0.000713188142981, 0.000722928612959, 0.000720279524103, 0.00035550587927, 0.000255197723163, 0.000459717499325, 0.000681823235936, 0.000734316185117, 0.000967230182141, 0.000363024912076, 0.000382181024179, 0.000161134637892, 0.000286992551992, 0.000166966055986, 8.2943464804e-05, 0.000208123979974, 4.71687308163e-05, 7.52232808736e-05, 0.000181566094398, 0.00016870185209, 0.000168807877344, 0.000375960138626, 9.17460929486e-05, 3.4373235394e-05, 3.66161875718e-05, 6.58266662867e-06, 2.35318912019e-05, 5.29362660018e-05, 4.28606072091e-05, 1.53429755301e-05, 1.38930809044e-05, 1.1862658539e-05, 2.77795220427e-06, 5.76775937589e-06, 2.22633516387e-05, 2.55503255175e-05, 7.94074639998e-06, 1.1908417946e-05, 1.97736208065e-05, 1.75131481228e-05, 7.4148802014e-06, 3.21654238178e-06, 4.61450645162e-06, 1.82930216397e-06, 1.9133119622e-06, 7.95789947006e-06, 6.87513283992e-06, 5.00872829434e-06, 1.51116330471e-06, 1.16116234494e-06, 3.32136369252e-06, 3.127197715e-06, 2.00596468858e-06, 4.26776705353e-06, 4.6787017709e-06, 4.07074458053e-06, 1.08012864075e-06, 1.77545302904e-06, 2.03393392439e-06, 1.7051299892e-06, 6.79535446579e-07, 4.70517221629e-07, 2.12078163031e-07, 1.51842897367e-07, 8.02852468951e-08, 3.53528228914e-08, 3.94226766787e-08, 7.77615412062e-08, 9.80831487141e-08, 8.0363406596e-08, 4.23757562373e-08, 6.20070963464e-08, 3.07032159697e-08, 2.06601473707e-08, 8.99845353786e-09, 7.93600385407e-09, 1.3136938648e-08, 1.30682575872e-08, 4.28362989524e-09, 3.0297533371e-09, 6.21287066238e-09, 4.41423786413e-09, 4.24173407509e-09, 5.46966472115e-09, 2.39861619455e-09, 9.18234210889e-10, 6.89512280605e-10, 5.87743187452e-10, 5.72467406812e-10, 4.72910322014e-10, 4.70102012873e-10, 4.10239703319e-10, 4.8925491436e-10, 4.45153303108e-10, 5.10965214584e-10, 3.96879251685e-10, 3.9044467659e-10, 2.77538991789e-10, 2.52119686239e-10, 1.59376387088e-10, 1.13501513743e-10, 1.15974022052e-10, 1.13753839681e-10, 1.15592577177e-10, 9.32562013722e-11, 2.54973802488e-11, 5.26031128378e-12, 1.08658767747e-11, 4.90820491889e-12, 2.78040481264e-12, 2.72093220351e-12, 2.67015467896e-12, 2.64101566137e-12, 2.6174325294e-12, 2.59756322354e-12, 2.5793644564e-12],
        "stdev": [9.0784897111e-06, 1.87964669749e-05, 0.000107198880869, 0.000315265468089, 0.000352741248207, 0.000306003610604, 0.000515367544722, 0.00130528886802, 0.0013085345272, 0.000860281521454, 0.00113152235281, 0.00196329993196, 0.00186786404811, 0.00167040259112, 0.00197555986233, 0.000955420313403, 0.000895048957318, 0.00111581024248, 0.00251040305011, 0.00223985803314, 0.00350814592093, 0.000807956675999, 0.000970095919911, 0.000407560932217, 0.000720913289115, 0.000485701049911, 0.000308747403324, 0.00100581976585, 0.000178423768375, 0.000309652241413, 0.000945042062085, 0.000884279899765, 0.00104157591704, 0.00300370948389, 0.000649872294161, 0.000197716173716, 0.00021968765941, 2.98234699585e-05, 0.000118495452625, 0.000221113150474, 0.000146432415931, 6.45234249532e-05, 5.78858343943e-05, 6.39688732917e-05, 1.5223590708e-05, 2.94857800327e-05, 8.65570546011e-05, 0.000192856838112, 5.21293477505e-05, 8.63553577801e-05, 0.000106229294033, 0.000111285036837, 6.91294699209e-05, 1.50330824908e-05, 2.12678751268e-05, 9.34149920795e-06, 1.17549889183e-05, 7.6279953646e-05, 5.91557400185e-05, 2.7416028388e-05, 1.2254730791e-05, 1.21828798001e-05, 2.99343082588e-05, 2.31702306337e-05, 1.34436340886e-05, 2.16350090341e-05, 2.86692848022e-05, 3.13533128065e-05, 1.04456184999e-05, 1.44171772263e-05, 1.10747459985e-05, 7.19417630535e-06, 2.8401734653e-06, 3.95417828258e-06, 2.3167085601e-06, 1.27038867959e-06, 5.13109569056e-07, 1.68405037471e-07, 2.27977764666e-07, 5.28094290075e-07, 6.02113516379e-07, 5.27721113031e-07, 4.12508427416e-07, 5.80901769354e-07, 1.90508814057e-07, 2.30218986985e-07, 7.62661329645e-08, 8.41436218479e-08, 8.91041125328e-08, 1.56446859023e-07, 2.8312001632e-08, 1.46573668758e-08, 5.90599995576e-08, 4.39941523211e-08, 3.60444225578e-08, 5.86563864147e-08, 3.60971803559e-08, 5.64784352619e-09, 3.77130948692e-09, 3.23213300568e-09, 4.44342695971e-09, 3.31641047957e-09, 1.6974744943e-09, 1.69681058093e-09, 2.12457140769e-09, 2.18560947118e-09, 2.77796075032e-09, 1.83504544893e-09, 2.09642236904e-09, 1.30652288988e-09, 1.46691192526e-09, 7.04637681537e-10, 3.57066404222e-10, 4.10741468615e-10, 3.2277325257e-10, 3.50589585141e-10, 2.81539125346e-10, 2.20339024803e-10, 7.30294505424e-11, 2.60396593177e-10, 6.76537506572e-11, 5.06942144513e-12, 4.93751524042e-12, 4.8524253192e-12, 4.78552874411e-12, 4.72769609919e-12, 4.68717469351e-12, 4.66049508013e-12]
    },
    "mfcc": {
        "mean": [-788.886108398, 210.039154053, -28.956243515, 9.37102127075, -8.98308181763, -18.4745597839, -6.02421712875, -11.5708732605, -9.3257226944, 2.00238204002, -5.06979942322, -3.53413128853, 1.69501781464],
        "cov": [[6367.67041016, 1268.56860352, -1325.84631348, 984.537231445, -572.533630371, -76.819770813, -78.3181838989, -218.049072266, -182.727493286, -29.2804832458, -218.119033813, -99.2598876953, 17.1076946259], [1268.56860352, 2110.3359375, 221.20664978, -376.178985596, 215.955917358, -151.78263855, -59.1288948059, -110.303337097, -64.3072738647, -117.050254822, -28.758605957, 10.4624233246, -25.6269798279], [-1325.84631348, 221.20664978, 721.852844238, -291.110809326, 217.818954468, 38.6770248413, -63.82239151, 51.3261947632, -0.502271473408, -44.2406768799, 35.6926689148, -19.9070491791, -76.3434829712], [984.537231445, -376.178985596, -291.110809326, 608.452880859, -115.732681274, 21.7765979767, 15.3718576431, -81.3982925415, -42.8119239807, 27.2145652771, -55.0021247864, -46.8738937378, -16.8420276642], [-572.533630371, 215.955917358, 217.818954468, -115.732681274, 256.297241211, 12.1097707748, -10.2146215439, -0.407440871, -19.1077575684, -18.5151691437, 18.7317295074, 12.0283374786, -21.8348941803], [-76.819770813, -151.78263855, 38.6770248413, 21.7765979767, 12.1097707748, 157.072113037, 33.3606872559, 9.95205497742, 4.96633815765, -30.7399024963, -21.3451080322, -24.2459449768, -7.46677112579], [-78.3181838989, -59.1288948059, -63.82239151, 15.3718576431, -10.2146215439, 33.3606872559, 174.057861328, 58.3389663696, 6.52926111221, -7.60820531845, -45.6848297119, -34.2003173828, 1.92925858498], [-218.049072266, -110.303337097, 51.3261947632, -81.3982925415, -0.407440871, 9.95205497742, 58.3389663696, 187.915527344, 54.4130096436, -1.9109313488, -1.12143528461, -41.7035102844, -14.5129013062], [-182.727493286, -64.3072738647, -0.502271473408, -42.8119239807, -19.1077575684, 4.96633815765, 6.52926111221, 54.4130096436, 166.644500732, 68.7510147095, 7.21152305603, -1.20650494099, -25.1540756226], [-29.2804832458, -117.050254822, -44.2406768799, 27.2145652771, -18.5151691437, -30.7399024963, -7.60820531845, -1.9109313488, 68.7510147095, 163.730392456, 66.8768844604, -1.31618976593, -25.1108169556], [-218.119033813, -28.758605957, 35.6926689148, -55.0021247864, 18.7317295074, -21.3451080322, -45.6848297119, -1.12143528461, 7.21152305603, 66.8768844604, 160.609008789, 76.6139678955, -6.55583524704], [-99.2598876953, 10.4624233246, -19.9070491791, -46.8738937378, 12.0283374786, -24.2459449768, -34.2003173828, -41.7035102844, -1.20650494099, -1.31618976593, 76.6139678955, 184.261886597, 85.3925857544], [17.1076946259, -25.6269798279, -76.3434829712, -16.8420276642, -21.8348941803, -7.46677112579, 1.92925858498, -14.5129013062, -25.1540756226, -25.1108169556, -6.55583524704, 85.3925857544, 191.580337524]],
        "icov": [[0.00234679644927, -0.00307034444995, 0.00332451728173, -0.00331517774612, 0.00385515158996, -0.00350417825393, 0.00377504923381, -0.00362814334221, 0.00331982295029, -0.00272493273951, 0.00269328034483, -0.00159105239436, 0.00128309382126], [-0.00307034444995, 0.00473464047536, -0.00429754098877, 0.00477276509628, -0.00550762703642, 0.00540296453983, -0.00504531338811, 0.00546277547255, -0.00450986251235, 0.00421479903162, -0.00352413323708, 0.00238736439496, -0.00156236125622], [0.00332451728173, -0.00429754098877, 0.00719272857532, -0.00382450665347, 0.00387322157621, -0.00557630183175, 0.00641424814239, -0.00562430918217, 0.00485336920246, -0.0034345514141, 0.00367227662355, -0.00194026797544, 0.00256931013428], [-0.00331517774612, 0.00477276509628, -0.00382450665347, 0.0073786075227, -0.00531717669219, 0.00475011393428, -0.00517468107864, 0.00616268534213, -0.0038853820879, 0.00336014549248, -0.00294974399731, 0.00257706129923, -0.00116215588059], [0.00385515158996, -0.00550762703642, 0.00387322157621, -0.00531717669219, 0.0121341105551, -0.00642462773249, 0.0056950096041, -0.00595022039488, 0.00629905890673, -0.00507223466411, 0.00446475110948, -0.00347388582304, 0.0024828936439], [-0.00350417825393, 0.00540296453983, -0.00557630183175, 0.00475011393428, -0.00642462773249, 0.0136484643444, -0.00750038400292, 0.00696652196348, -0.00669271312654, 0.00708143599331, -0.00508835399523, 0.0039841523394, -0.00226642773487], [0.00377504923381, -0.00504531338811, 0.00641424814239, -0.00517468107864, 0.0056950096041, -0.00750038400292, 0.014005321078, -0.00892799161375, 0.00655557122082, -0.00582379475236, 0.00697130570188, -0.00305938674137, 0.00232811737806], [-0.00362814334221, 0.00546277547255, -0.00562430918217, 0.00616268534213, -0.00595022039488, 0.00696652196348, -0.00892799161375, 0.0145130949095, -0.00862575601786, 0.00714260805398, -0.00689261127263, 0.00582903344184, -0.00289244903252], [0.00331982295029, -0.00450986251235, 0.00485336920246, -0.0038853820879, 0.00629905890673, -0.00669271312654, 0.00655557122082, -0.00862575601786, 0.0145823350176, -0.00967754423618, 0.00749456323683, -0.00523610180244, 0.0036668817047], [-0.00272493273951, 0.00421479903162, -0.0034345514141, 0.00336014549248, -0.00507223466411, 0.00708143599331, -0.00582379475236, 0.00714260805398, -0.00967754423618, 0.0155831975862, -0.00998893100768, 0.00575015135109, -0.00210143509321], [0.00269328034483, -0.00352413323708, 0.00367227662355, -0.00294974399731, 0.00446475110948, -0.00508835399523, 0.00697130570188, -0.00689261127263, 0.00749456323683, -0.00998893100768, 0.0163461379707, -0.00876509770751, 0.00435130298138], [-0.00159105239436, 0.00238736439496, -0.00194026797544, 0.00257706129923, -0.00347388582304, 0.0039841523394, -0.00305938674137, 0.00582903344184, -0.00523610180244, 0.00575015135109, -0.00876509770751, 0.0126972431317, -0.005746725481], [0.00128309382126, -0.00156236125622, 0.00256931013428, -0.00116215588059, 0.0024828936439, -0.00226642773487, 0.00232811737806, -0.00289244903252, 0.0036668817047, -0.00210143509321, 0.00435130298138, -0.005746725481, 0.00868633762002]]
    },
    "spectral_contrast_coeffs": {
        "mean": [-0.646938562393, -0.690792441368, -0.695503771305, -0.725571274757, -0.733347952366, -0.796338438988],
        "stdev": [0.101700901985, 0.0872907266021, 0.0909017771482, 0.0737657174468, 0.0749050080776, 0.0620481334627]
    },
    "spectral_contrast_valleys": {
        "mean": [-7.92133951187, -7.07232189178, -8.48121738434, -9.23285865784, -10.068646431, -13.5333576202],
        "stdev": [1.45428919792, 1.37557888031, 1.25114798546, 1.17394351959, 1.12321829796, 0.678996503353]
    }
},
"rhythm": {
    "beats_count": 644,
    "beats_loudness": {
        "mean": 0.0282702837139,
        "stdev": 0.0309311076999
    },
    "bpm": 184.570449829,
    "bpm_histogram_first_peak_bpm": 185,
    "bpm_histogram_first_peak_weight": 0,
    "bpm_histogram_second_peak_bpm": 178,
    "bpm_histogram_second_peak_spread": 0,
    "bpm_histogram_second_peak_weight": 0.197511658072,
    "danceability": 1.08341956139,
    "onset_rate": 3.8333902359,
    "beats_loudness_band_ratio": {
        "mean": [0.121192872524, 0.290963232517, 0.416397422552, 0.169530302286, 0.0436103977263, 0.0131577197462],
        "stdev": [0.165212228894, 0.236003667116, 0.271044135094, 0.213872462511, 0.0672374069691, 0.0324362665415]
    },
    "beats_position": [0.592108845711, 1.21904754639, 1.8575963974, 2.48453521729, 3.13469386101, 3.7732424736, 4.41179132462, 5.05034017563, 5.6888885498, 6.32743740082, 6.96598625183, 7.59292507172, 8.2198638916, 8.84680271149, 9.49696159363, 10.1355104446, 10.8204984665, 11.4938774109, 12.1556463242, 12.8290243149, 13.4907932281, 14.1525621414, 14.8259410858, 15.4993190765, 16.1726989746, 16.8576869965, 17.5310649872, 18.181224823, 18.8313827515, 19.458322525, 20.0968704224, 20.7354183197, 21.3623580933, 21.9892959595, 22.616235733, 23.2431735992, 23.8701133728, 24.5086612701, 25.1472110748, 25.7857589722, 26.4243087769, 27.0744667053, 27.7130146027, 28.3283443451, 28.9552822113, 29.5706119537, 30.1859397888, 30.8128795624, 31.4165973663, 32.0435371399, 32.6704750061, 33.3206329346, 33.9707946777, 34.6209526062, 35.2827186584, 35.8864402771, 36.4785499573, 37.059047699, 37.5350570679, 38.0110664368, 38.4754638672, 38.91664505, 39.3578224182, 39.7989997864, 40.2285690308, 40.6813583374, 41.134147644, 41.5753288269, 42.0165061951, 42.4576873779, 42.8872566223, 43.2355537415, 43.5954627991, 43.9553718567, 44.3036727905, 44.6635818481, 45.0002708435, 45.3485717773, 45.6968688965, 46.0451698303, 46.3934669495, 46.7301597595, 47.0900688171, 47.4383659363, 47.7750549316, 48.111743927, 48.4600448608, 48.7967338562, 49.1218147278, 49.4585037231, 49.7951927185, 50.1318817139, 50.4685707092, 50.8052597046, 51.1303405762, 51.4670295715, 51.8037185669, 52.1287956238, 52.4538764954, 52.7789573669, 53.1040344238, 53.4291152954, 53.7658042908, 54.1024932861, 54.4275741577, 54.7410430908, 55.0661201477, 55.4028091431, 55.7278900146, 56.06457901, 56.4128799438, 56.7495689392, 57.0746459961, 57.3997268677, 57.7248077393, 58.0498847961, 58.3749656677, 58.7116546631, 59.03673172, 59.37342453, 59.6985015869, 60.0235824585, 60.3370513916, 60.6505203247, 61.0104293823, 61.3703384399, 61.7186393738, 62.0669364929, 62.438457489, 62.8099746704, 63.1814956665, 63.5646247864, 63.924533844, 64.2960510254, 64.6675720215, 65.0390930176, 65.3990020752, 65.7589111328, 66.1304321289, 66.5019454956, 66.8502502441, 67.1985473633, 67.5468444824, 67.895149231, 68.2202224731, 68.5336914062, 68.8471679688, 69.1722412109, 69.4973220825, 69.8340148926, 70.1590881348, 70.4841690063, 70.7976379395, 71.122718811, 71.4477996826, 71.7728805542, 72.0979614258, 72.423034668, 72.7365036011, 73.0499725342, 73.3634490967, 73.7001342773, 74.0136032104, 74.3270721436, 74.6405410767, 74.9540100098, 75.2790908813, 75.5925598145, 75.9060287476, 76.2311096191, 76.5561904907, 76.8812713623, 77.2063446045, 77.554649353, 77.9029464722, 78.2396392822, 78.5763244629, 78.9014053345, 79.2497024536, 79.5747833252, 79.8998641968, 80.2249450684, 80.5500183105, 80.8867111206, 81.2233963013, 81.5717010498, 81.8967819214, 82.2102508545, 82.5237197876, 82.8487930298, 83.1738739014, 83.5105667114, 83.8472518921, 84.1955566406, 84.5206298828, 84.8457107544, 85.1824035645, 85.507484436, 85.8325576782, 86.1692504883, 86.4943313599, 86.8310165405, 87.1677093506, 87.4927902222, 87.8178634644, 88.1661682129, 88.4912490845, 88.8163223267, 89.1297912598, 89.4432601929, 89.7567367554, 90.0702056885, 90.3836746216, 90.6971435547, 91.0106124878, 91.3356933594, 91.6491622925, 91.9742355347, 92.2993164062, 92.6243972778, 92.9610900879, 93.2977752686, 93.6228561401, 93.9595413208, 94.3078460693, 94.64453125, 94.9812240601, 95.3179092407, 95.6429901123, 95.9564590454, 96.281539917, 96.5833969116, 96.8968658447, 97.2103347778, 97.5238113403, 97.825668335, 98.1275253296, 98.4409942627, 98.7544631958, 99.0679321289, 99.381401062, 99.7064819336, 100.031562805, 100.356643677, 100.681724548, 101.006797791, 101.355102539, 101.703399658, 102.051696777, 102.388389587, 102.725074768, 103.073379517, 103.421676636, 103.769973755, 104.118278503, 104.466575623, 104.814872742, 105.174781799, 105.523078918, 105.871383667, 106.219680786, 106.556373596, 106.904670715, 107.252967834, 107.589660645, 107.926345825, 108.263038635, 108.599723816, 108.924804688, 109.249885559, 109.574966431, 109.900039673, 110.236732483, 110.585029602, 110.94493866, 111.293243408, 111.653152466, 112.013061523, 112.372970581, 112.732879639, 113.081176758, 113.429473877, 113.777778625, 114.126075745, 114.462760925, 114.799453735, 115.136146545, 115.472831726, 115.797912598, 116.134597778, 116.471290588, 116.79637146, 117.133056641, 117.458137512, 117.794830322, 118.131515503, 118.468208313, 118.793289185, 119.118362427, 119.443443298, 119.76852417, 120.093605042, 120.418685913, 120.743759155, 121.057228088, 121.370697021, 121.684173584, 122.009246826, 122.334327698, 122.659408569, 122.99609375, 123.321174622, 123.646255493, 123.971336365, 124.296417236, 124.621498108, 124.94657135, 125.271652222, 125.596733093, 125.921813965, 126.246894836, 126.571968079, 126.89704895, 127.222129822, 127.558815002, 127.91872406, 128.267028809, 128.615325928, 128.963623047, 129.35836792, 129.741500854, 130.147842407, 130.554199219, 130.925704956, 131.297225952, 131.668746948, 132.051879883, 132.376953125, 132.713653564, 133.050338745, 133.398635864, 133.735321045, 134.060409546, 134.397094727, 134.722167969, 135.04725647, 135.360717773, 135.674194336, 135.999267578, 136.312744141, 136.614593506, 136.939682007, 137.253143311, 137.578231812, 137.891693115, 138.205169678, 138.53024292, 138.855331421, 139.180404663, 139.517089844, 139.842178345, 140.178863525, 140.503936768, 140.829025269, 141.154098511, 141.479187012, 141.815872192, 142.152557373, 142.477645874, 142.814331055, 143.174240112, 143.522537231, 143.870834351, 144.242355347, 144.613876343, 144.9737854, 145.333694458, 145.681991577, 146.030288696, 146.366973877, 146.703674316, 147.028747559, 147.365432739, 147.702133179, 148.038818359, 148.37550354, 148.700592041, 149.025665283, 149.327529907, 149.675827026, 150.000900269, 150.302764893, 150.604629517, 150.906478882, 151.219955444, 151.545028687, 151.858505249, 152.183578491, 152.485443115, 152.78729248, 153.112380981, 153.425842285, 153.739318848, 154.06439209, 154.389480591, 154.714553833, 155.062850952, 155.411148071, 155.747848511, 156.072921753, 156.409606934, 156.734695435, 157.059768677, 157.384857178, 157.70993042, 158.035003662, 158.360092163, 158.708389282, 159.056686401, 159.404983521, 159.764892578, 160.113189697, 160.496322632, 160.867843628, 161.250976562, 161.622497559, 161.982406616, 162.353912354, 162.71383667, 163.073745728, 163.422042847, 163.758728027, 164.107025146, 164.455322266, 164.815231323, 165.163528442, 165.500228882, 165.848526001, 166.185211182, 166.510284424, 166.835372925, 167.160446167, 167.485534668, 167.81060791, 168.135681152, 168.460769653, 168.797454834, 169.134140015, 169.482452393, 169.819137573, 170.155822754, 170.504119873, 170.840820312, 171.177505493, 171.514190674, 171.850875854, 172.199172974, 172.547485352, 172.895782471, 173.24407959, 173.580764771, 173.905853271, 174.242538452, 174.590835571, 174.927520752, 175.275817871, 175.612518311, 175.949203491, 176.285888672, 176.610977173, 176.936050415, 177.261123657, 177.597824097, 177.934509277, 178.25958252, 178.584671021, 178.909744263, 179.234832764, 179.571517944, 179.896591187, 180.233291626, 180.558364868, 180.871826172, 181.185302734, 181.498779297, 181.812240601, 182.137313843, 182.462402344, 182.787475586, 183.112564087, 183.437637329, 183.762710571, 184.099411011, 184.459320068, 184.807617188, 185.144302368, 185.480987549, 185.829299927, 186.177597046, 186.525894165, 186.874191284, 187.222488403, 187.547576904, 187.884262085, 188.220947266, 188.546035767, 188.882720947, 189.219406128, 189.54447937, 189.869567871, 190.194641113, 190.519729614, 190.844802856, 191.169876099, 191.506576538, 191.866485596, 192.238006592, 192.609527588, 192.981033325, 193.329345703, 193.666030884, 194.002716064, 194.339401245, 194.676101685, 195.012786865, 195.349472046, 195.674560547, 195.999633789, 196.313110352, 196.626571655, 196.940048218, 197.253509521, 197.578598022, 197.903671265, 198.217132568, 198.553833008, 198.87890625, 199.192382812, 199.505844116, 199.830932617, 200.144393921, 200.457870483, 200.782943726, 201.096420288, 201.409881592, 201.723358154, 202.048431396, 202.385116577, 202.721817017, 203.046890259, 203.383575439, 203.70866394, 204.033737183, 204.370422363, 204.695510864, 205.032196045, 205.345672607, 205.682357788, 206.00743103, 206.332519531, 206.657592773, 206.971069336, 207.28453064, 207.598007202, 207.911468506, 208.236557007, 208.561630249, 208.886703491, 209.211791992, 209.536865234, 209.861953735, 210.187026978, 210.51210022, 210.848800659, 211.18548584, 211.510559082, 211.835647583, 212.172332764, 212.509017944, 212.834106445, 213.159179688, 213.48425293, 213.809341431, 214.134414673, 214.459503174, 214.784576416, 215.121261597, 215.457962036, 215.783035278, 216.096496582, 216.409973145, 216.723449707, 217.036911011, 217.361984253, 217.675460815, 217.988937378, 218.31401062, 218.639083862, 218.964172363, 219.289245605, 219.614334106, 219.951019287, 220.287704468, 220.60118103, 220.926254272, 221.239730835, 221.553192139, 221.866668701, 222.191741943, 222.516815186, 222.830291748, 223.143753052, 223.457229614, 223.770706177, 224.095779419, 224.420852661, 224.745941162, 225.082626343, 225.419311523, 225.756011963, 226.162353516, 226.557098389, 226.951828003, 227.346572876, 227.741317749, 228.136047363, 228.530792236, 228.925521851, 229.308654785, 229.69178772, 230.086532593, 230.492874146, 230.899230957, 231.30557251, 231.711929321, 232.106658936, 232.501403809, 232.896133423, 233.33732605, 233.778503418, 234.219680786, 234.660858154, 235.102035522, 235.554824829],
    "bpm_histogram": [0, 0, 0, 0, 0, 0, 0, 0, 0, 0, 0, 0, 0, 0, 0, 0, 0, 0, 0, 0, 0, 0, 0, 0, 0, 0, 0, 0, 0, 0, 0, 0, 0, 0, 0, 0, 0, 0, 0, 0, 0, 0, 0, 0, 0, 0, 0, 0, 0, 0, 0, 0, 0, 0, 0, 0, 0, 0, 0, 0, 0, 0, 0, 0, 0, 0, 0, 0, 0, 0, 0, 0, 0, 0, 0, 0, 0, 0, 0, 0, 0, 0, 0, 0, 0, 0, 0, 0, 0.00311041995883, 0.00933125987649, 0, 0.00622083991766, 0.0124416798353, 0, 0.0233281496912, 0, 0.0233281496912, 0, 0.00466562993824, 0.00311041995883, 0, 0.00155520997941, 0, 0.00155520997941, 0, 0, 0, 0, 0, 0, 0, 0, 0, 0, 0, 0, 0, 0, 0, 0, 0, 0, 0, 0, 0, 0, 0.00311041995883, 0, 0, 0.00155520997941, 0, 0, 0, 0.00466562993824, 0, 0, 0.0171073097736, 0, 0, 0, 0.00311041995883, 0, 0, 0, 0, 0, 0, 0, 0.0108864698559, 0, 0, 0, 0.018662519753, 0, 0, 0, 0, 0.0108864698559, 0, 0, 0, 0.0233281496912, 0.00622083991766, 0, 0, 0, 0, 0.0404354594648, 0, 0, 0, 0, 0.119751162827, 0, 0, 0, 0, 0, 0.197511658072, 0, 0, 0, 0, 0, 0, 0.312597215176, 0, 0, 0, 0, 0, 0.125972002745, 0, 0, 0, 0, 0, 0, 0, 0.0155520997941, 0, 0, 0, 0, 0, 0, 0, 0, 0, 0, 0, 0, 0, 0, 0, 0, 0, 0, 0, 0, 0, 0, 0, 0, 0, 0, 0, 0, 0, 0, 0, 0, 0, 0, 0, 0, 0, 0, 0, 0, 0, 0, 0, 0, 0, 0, 0, 0, 0, 0]
},
"tonal": {
    "chords_changes_rate": 0.0882121771574,
    "chords_number_rate": 0.00216110027395,
    "chords_strength": {
        "mean": 0.462314844131,
        "stdev": 0.123637363315
    },
    "hpcp_crest": {
        "mean": 17.4316654205,
        "stdev": 8.17717552185
    },
    "hpcp_entropy": {
        "mean": 1.44074928761,
        "stdev": 0.690155923367
    },
    "key_edma": {
        "strength": 0.800680100918,
        "key": "F",
        "scale": "major"
    },
    "key_krumhansl": {
        "strength": 0.812538325787,
        "key": "F",
        "scale": "major"
    },
    "key_temperley": {
        "strength": 0.830446243286,
        "key": "F",
        "scale": "major"
    },
    "tuning_diatonic_strength": 0.63373786211,
    "tuning_equal_tempered_deviation": 0.0276537016034,
    "tuning_frequency": 443.060424805,
    "tuning_nontempered_energy_ratio": 0.656723320484,
    "hpcp": {
        "mean": [0.161829188466, 0.101224444807, 0.12652541697, 0.158058613539, 0.0670991763473, 0.0422839038074, 0.0838459283113, 0.0726604387164, 0.196833729744, 0.290788292885, 0.131173253059, 0.0278316289186, 0.0287877656519, 0.0291008669883, 0.159037083387, 0.249772161245, 0.116688869894, 0.0281451549381, 0.0275368057191, 0.0185612011701, 0.116686739028, 0.200588226318, 0.133230209351, 0.197487607598, 0.237160906196, 0.0907955095172, 0.0372244678438, 0.0440328493714, 0.0349753238261, 0.127566069365, 0.185942560434, 0.0840732380748, 0.0131047395989, 0.0100042065606, 0.0139728467911, 0.0986818596721],
