{
"metadata": {
    "version": {
        "essentia": "2.1-dev",
        "essentia_git_sha": "v2.1_beta3-415-gd5473f3",
        "extractor": "music 2.0"
    },
    "audio_properties": {
        "analysis": {
            "equal_loudness": 0,
            "length": 140.956741333,
            "sample_rate": 44100,
            "start_time": 0,
            "downmix": "mix"
        },
        "bit_rate": 192000,
        "length": 140.956741333,
        "lossless": 0,
        "number_channels": 2,
        "replay_gain": -6.96743965149,
        "sample_rate": 44100,
        "codec": "mp3",
        "md5_encoded": "065449070e80c74f26099d9b90b01545"
    },
    "tags": {
        "file_name": "mozart-requiem_rex_tremendae.mp3",
        "date": ["2004"],
        "engineer": ["rosamerica tamyo"]
    }
},
"lowlevel": {
    "average_loudness": 0.290718197823,
    "barkbands_crest": {
        "mean": 10.1055746078,
        "stdev": 4.28419017792
    },
    "barkbands_flatness_db": {
        "mean": 0.193538844585,
        "stdev": 0.047396030277
    },
    "barkbands_kurtosis": {
        "mean": 5.73272275925,
        "stdev": 28.1467266083
    },
    "barkbands_skewness": {
        "mean": 1.15647494793,
        "stdev": 1.68338727951
    },
    "barkbands_spread": {
        "mean": 10.0941324234,
        "stdev": 4.98442649841
    },
    "dissonance": {
        "mean": 0.431595027447,
        "stdev": 0.0443301312625
    },
    "dynamic_complexity": 9.5829000473,
    "erbbands_crest": {
        "mean": 11.3883304596,
        "stdev": 4.71337175369
    },
    "erbbands_flatness_db": {
        "mean": 0.257346898317,
        "stdev": 0.0516173169017
    },
    "erbbands_kurtosis": {
        "mean": 1.05613219738,
        "stdev": 2.74874210358
    },
    "erbbands_skewness": {
        "mean": 0.688495218754,
        "stdev": 0.655858099461
    },
    "erbbands_spread": {
        "mean": 18.2012023926,
        "stdev": 9.59013175964
    },
    "hfc": {
        "mean": 13.1435699463,
        "stdev": 17.0653495789
    },
    "loudness_ebu128": {
        "integrated": -15.9833278656,
        "loudness_range": 21.040145874,
        "momentary": {
            "mean": -24.0622425079,
            "stdev": 11.498916626
        },
        "short_term": {
            "mean": -22.5630397797,
            "stdev": 9.76130104065
        }
    },
    "melbands_crest": {
        "mean": 12.9896821976,
        "stdev": 5.62871980667
    },
    "melbands_flatness_db": {
        "mean": 0.243924543262,
        "stdev": 0.0553011409938
    },
    "melbands_kurtosis": {
        "mean": 6.43642711639,
        "stdev": 22.3375911713
    },
    "melbands_skewness": {
        "mean": 1.3546820879,
        "stdev": 1.42574727535
    },
    "melbands_spread": {
        "mean": 15.1523923874,
        "stdev": 7.64728355408
    },
    "pitch_salience": {
        "mean": 0.556408464909,
        "stdev": 0.110913276672
    },
    "silence_rate_20dB": {
        "mean": 1,
        "stdev": 0
    },
    "silence_rate_30dB": {
        "mean": 0.997035562992,
        "stdev": 0.0543672852218
    },
    "silence_rate_60dB": {
        "mean": 0.396739125252,
        "stdev": 0.489221155643
    },
    "spectral_centroid": {
        "mean": 1006.78826904,
        "stdev": 356.224273682
    },
    "spectral_complexity": {
        "mean": 13.0566530228,
        "stdev": 10.3580331802
    },
    "spectral_decrease": {
        "mean": -3.79954334662e-09,
        "stdev": 4.83267026397e-09
    },
    "spectral_energy": {
        "mean": 0.015532518737,
        "stdev": 0.0197484381497
    },
    "spectral_energyband_high": {
        "mean": 3.9342121454e-05,
        "stdev": 5.80093619647e-05
    },
    "spectral_energyband_low": {
        "mean": 0.000503296905663,
        "stdev": 0.00135005603079
    },
    "spectral_energyband_middle_high": {
        "mean": 0.0057673198171,
        "stdev": 0.008295211941
    },
    "spectral_energyband_middle_low": {
        "mean": 0.00988452322781,
        "stdev": 0.0135015817359
    },
    "spectral_entropy": {
        "mean": 6.95278215408,
        "stdev": 0.414959490299
    },
    "spectral_flux": {
        "mean": 0.0530586503446,
        "stdev": 0.0462168976665
    },
    "spectral_kurtosis": {
        "mean": 12.7066392899,
        "stdev": 8.97051715851
    },
    "spectral_rms": {
        "mean": 0.00305312150158,
        "stdev": 0.00241497624665
    },
    "spectral_rolloff": {
        "mean": 1157.77868652,
        "stdev": 562.984436035
    },
    "spectral_skewness": {
        "mean": 2.30636453629,
        "stdev": 0.763730823994
    },
    "spectral_spread": {
        "mean": 2395063.75,
        "stdev": 974558.875
    },
    "spectral_strongpeak": {
        "mean": 1.1203892231,
        "stdev": 1.20718276501
    },
    "zerocrossingrate": {
        "mean": 0.0426380820572,
        "stdev": 0.015505512245
    },
    "barkbands": {
        "mean": [1.94423591893e-06, 7.87957760622e-05, 0.000209571284358, 0.000543946633115, 0.000761975417845, 0.000842012115754, 0.00152995646931, 0.00183817569632, 0.00346483313479, 0.00171806348953, 0.000897427089512, 0.00123883411288, 0.000799474131782, 0.000540314998943, 0.000244608381763, 0.000164586686878, 0.000289422023343, 0.000185400989722, 0.000125763515825, 3.07559894281e-05, 1.0662925888e-05, 7.51069819671e-06, 4.07514244216e-06, 2.70901546173e-06, 1.247079922e-06, 4.29246171052e-07, 2.74796239097e-08],
        "stdev": [2.35753418565e-06, 0.000174610773684, 0.000757534871809, 0.00182865012903, 0.00148573156912, 0.00131626357324, 0.00237035215832, 0.00359158869833, 0.00726653588936, 0.00506899366155, 0.00184183148667, 0.0025094281882, 0.00176537572406, 0.00194791541435, 0.000398799049435, 0.000270301097771, 0.0004657394893, 0.000277116661891, 0.000176652625669, 5.92916294408e-05, 2.02219580387e-05, 1.28018473333e-05, 6.26429709882e-06, 6.45781801722e-06, 3.22105552186e-06, 1.10947428311e-06, 6.61278463099e-08]
    },
    "erbbands": {
        "mean": [0.00117456389125, 0.0247407946736, 0.207837432623, 1.02837741375, 2.19430065155, 2.84499526024, 3.53222537041, 7.97055768967, 18.7675743103, 24.034822464, 53.8908042908, 85.2793273926, 66.2925186157, 42.8836936951, 38.9996795654, 51.7053337097, 37.6814079285, 36.0765151978, 15.1415348053, 10.1156454086, 11.8721446991, 14.8891506195, 11.0888004303, 8.29254722595, 4.11758518219, 1.57945609093, 0.671014368534, 0.290949344635, 0.254983752966, 0.175456166267, 0.118362590671, 0.0729938596487, 0.0365879274905, 0.0172427929938, 0.00686645088717, 0.00238211080432, 0.000723203818779, 0.000120839074953, 1.12972284114e-05, 1.84308773896e-05],
        "stdev": [0.00340297701769, 0.0572136044502, 0.723562479019, 3.13948631287, 6.70832920074, 5.56585121155, 5.98353052139, 13.9876422882, 28.7267417908, 37.0169944763, 103.36844635, 186.935943604, 207.865844727, 78.637878418, 83.5358200073, 107.490272522, 76.0745544434, 106.460845947, 29.1287975311, 15.5170297623, 17.9494686127, 22.8505973816, 16.1273231506, 12.2217988968, 6.05603551865, 3.02165937424, 1.23456943035, 0.472300946712, 0.448984563351, 0.272091656923, 0.189137339592, 0.155579015613, 0.0931738466024, 0.0449114665389, 0.0180735904723, 0.00623339554295, 0.00183252710849, 0.000281385960989, 1.43796323755e-05, 2.32981710724e-05]
    },
    "gfcc": {
        "mean": [-149.690689087, 137.607025146, -166.563919067, -9.41526317596, -63.0912094116, -11.5253267288, -35.713180542, 3.52538132668, -18.1654968262, -10.2912044525, -7.59787130356, -7.39345121384, -10.197555542],
        "cov": [[25155.3242188, -1460.20422363, -2663.87939453, -748.714111328, -752.806884766, -101.168899536, -488.241424561, 137.874053955, -785.733825684, -607.581665039, -742.645446777, -146.172836304, -1258.96850586], [-1460.20422363, 1050.39331055, 198.394744873, -38.2279777527, 210.895370483, -106.021835327, 129.703277588, -69.4572677612, 108.854606628, -58.5457572937, 135.931869507, -83.4673156738, 94.2215957642], [-2663.87939453, 198.394744873, 787.359436035, 289.542663574, 180.859024048, 142.542938232, 37.8166618347, 7.19098949432, 58.580581665, 82.0320205688, 23.9769248962, 24.6107330322, 108.833251953], [-748.714111328, -38.2279777527, 289.542663574, 398.804595947, 164.83454895, 89.6542892456, 6.60169124603, 4.47143888474, -28.7278060913, 53.2915649414, -35.2305221558, 32.9423484802, 70.7317504883], [-752.806884766, 210.895370483, 180.859024048, 164.83454895, 219.792617798, 48.1073036194, 52.1812858582, -10.1703882217, 21.6491413116, 20.3379459381, 14.3870229721, -1.22795116901, 36.9438552856], [-101.168899536, -106.021835327, 142.542938232, 89.6542892456, 48.1073036194, 180.048278809, 37.4985198975, 39.1598472595, -13.2256698608, 5.59793663025, -8.61555194855, 7.49760007858, -17.6132278442], [-488.241424561, 129.703277588, 37.8166618347, 6.60169124603, 52.1812858582, 37.4985198975, 150.253128052, 39.0223693848, 31.6570892334, -5.1399641037, 38.2319107056, -1.84398174286, 19.7484397888], [137.874053955, -69.4572677612, 7.19098949432, 4.47143888474, -10.1703882217, 39.1598472595, 39.0223693848, 93.435546875, 36.3625068665, 24.1136016846, 0.907457768917, 4.31164979935, -10.0169019699], [-785.733825684, 108.854606628, 58.580581665, -28.7278060913, 21.6491413116, -13.2256698608, 31.6570892334, 36.3625068665, 126.75125885, 55.5182800293, 53.0397491455, -11.0696687698, 27.1996746063], [-607.581665039, -58.5457572937, 82.0320205688, 53.2915649414, 20.3379459381, 5.59793663025, -5.1399641037, 24.1136016846, 55.5182800293, 124.444595337, 37.0256767273, 29.1126537323, 46.8528671265], [-742.645446777, 135.931869507, 23.9769248962, -35.2305221558, 14.3870229721, -8.61555194855, 38.2319107056, 0.907457768917, 53.0397491455, 37.0256767273, 126.916366577, 37.4537239075, 40.3923912048], [-146.172836304, -83.4673156738, 24.6107330322, 32.9423484802, -1.22795116901, 7.49760007858, -1.84398174286, 4.31164979935, -11.0696687698, 29.1126537323, 37.4537239075, 98.7614135742, 44.8482093811], [-1258.96850586, 94.2215957642, 108.833251953, 70.7317504883, 36.9438552856, -17.6132278442, 19.7484397888, -10.0169019699, 27.1996746063, 46.8528671265, 40.3923912048, 44.8482093811, 152.819854736]],
        "icov": [[0.000191060404177, -0.000430165498983, 0.000586191250477, -0.00015858662664, 0.000324048101902, -0.000299934239592, 0.000423965830123, -0.00065589917358, 0.000650071888231, -0.000324150518281, 0.000915981770959, -0.000871649128385, 0.00128184678033], [-0.000430165498983, 0.00427644094452, -0.0022758715786, 0.00132991047576, -0.00384651985951, 0.00320382672362, -0.00199086032808, 0.00214697723277, -0.00203812634572, 0.00376544287428, -0.00550680514425, 0.00543076731265, -0.00440799677745], [0.000586191250477, -0.0022758715786, 0.00434531131759, -0.00182788167149, 0.00147300085519, -0.00324302492663, 0.00180048902985, -0.00130840984639, 0.000719026662409, -0.00199140585028, 0.00384636386298, -0.00352505175397, 0.00343594187871], [-0.00015858662664, 0.00132991047576, -0.00182788167149, 0.00641949428245, -0.00485908705741, 0.000200777329155, 0.00015611363051, -0.000614226737525, 0.0021525148768, -0.000892337760888, 0.000379470788175, 0.000946656742599, -0.00314617622644], [0.000324048101902, -0.00384651985951, 0.00147300085519, -0.00485908705741, 0.0122356181964, -0.00341287232004, -0.00120506214444, 0.00170846551191, -0.000819963694084, -0.00288361031562, 0.00411223294213, -0.00393756525591, 0.00425624568015], [-0.000299934239592, 0.00320382672362, -0.00324302492663, 0.000200777329155, -0.00341287232004, 0.0112939244136, -0.00282483175397, -0.00226974370889, 0.00128398835659, 0.00272723869421, -0.0046454151161, 0.00360844423994, -0.000782413349953], [0.000423965830123, -0.00199086032808, 0.00180048902985, 0.00015611363051, -0.00120506214444, -0.00282483175397, 0.0117920273915, -0.00690027000383, 0.0016580283409, 0.00126292894129, -0.000243642993155, -0.00145814998541, 0.00116532784887], [-0.00065589917358, 0.00214697723277, -0.00130840984639, -0.000614226737525, 0.00170846551191, -0.00226974370889, -0.00690027000383, 0.0210511125624, -0.00955538544804, -0.000717437418643, 0.000262866698904, 0.000574488774873, -0.00223156693392], [0.000650071888231, -0.00203812634572, 0.000719026662409, 0.0021525148768, -0.000819963694084, 0.00128398835659, 0.0016580283409, -0.00955538544804, 0.01980150491, -0.00721903657541, -0.00161086965818, 0.00225004390813, 0.00306369783357], [-0.000324150518281, 0.00376544287428, -0.00199140585028, -0.000892337760888, -0.00288361031562, 0.00272723869421, 0.00126292894129, -0.000717437418643, -0.00721903657541, 0.0170822646469, -0.00666114734486, 0.00237301341258, -0.00524772843346], [0.000915981770959, -0.00550680514425, 0.00384636386298, 0.000379470788175, 0.00411223294213, -0.0046454151161, -0.000243642993155, 0.000262866698904, -0.00161086965818, -0.00666114734486, 0.022266831249, -0.0138616515324, 0.00705713313073], [-0.000871649128385, 0.00543076731265, -0.00352505175397, 0.000946656742599, -0.00393756525591, 0.00360844423994, -0.00145814998541, 0.000574488774873, 0.00225004390813, 0.00237301341258, -0.0138616515324, 0.0235217548907, -0.0112302200869], [0.00128184678033, -0.00440799677745, 0.00343594187871, -0.00314617622644, 0.00425624568015, -0.000782413349953, 0.00116532784887, -0.00223156693392, 0.00306369783357, -0.00524772843346, 0.00705713313073, -0.0112302200869, 0.0199088901281]]
    },
    "melbands": {
        "mean": [1.59269675351e-05, 7.9333789472e-05, 0.000221601629164, 0.000184040516615, 0.000121375152958, 0.000180189614184, 0.000306228321278, 0.000268469448201, 0.000485790427774, 0.000527714029886, 0.000313561293297, 0.000165541932802, 0.000124386177049, 0.00014052966435, 9.46592044784e-05, 8.52111625136e-05, 6.55530602671e-05, 2.34630606428e-05, 1.80278693733e-05, 1.07948162622e-05, 1.53497858264e-05, 1.69476588781e-05, 1.23553845697e-05, 7.6886435636e-06, 6.88791033099e-06, 3.52530514647e-06, 1.79183859927e-06, 8.54534619066e-07, 4.61998268975e-07, 2.43581439463e-07, 1.47894851921e-07, 1.63721296076e-07, 1.09214163047e-07, 8.58609396914e-08, 6.97085766888e-08, 5.39998694649e-08, 4.05730844477e-08, 2.75228870805e-08, 1.84413675441e-08, 1.29493757939e-08],
        "stdev": [3.76159769075e-05, 0.000258941377979, 0.000706511142198, 0.000393377646105, 0.000201500661206, 0.000302061409457, 0.000468268379336, 0.000437495968072, 0.000937964068726, 0.00117913726717, 0.00102828722447, 0.000314825068926, 0.000267229741439, 0.000284196314169, 0.000191953484318, 0.000198650537641, 0.000226622461923, 5.28056298208e-05, 3.00792889902e-05, 1.63613585755e-05, 2.51946312346e-05, 2.89123527182e-05, 1.90340524568e-05, 1.16309001896e-05, 1.07348860183e-05, 5.2067625802e-06, 3.30926854986e-06, 1.92902643903e-06, 9.87035832622e-07, 5.32455203484e-07, 2.69862368896e-07, 3.2042655107e-07, 1.8448527328e-07, 1.3514537045e-07, 1.11368045452e-07, 1.02545278935e-07, 9.54192032054e-08, 7.40799279697e-08, 4.95448162496e-08, 3.42046675428e-08]
    },
    "melbands128": {
        "mean": [9.7640702279e-07, 5.54262260266e-06, 1.82747990038e-05, 4.26733131462e-05, 8.70289004524e-05, 0.000105680141132, 0.000185776312719, 0.000305512949126, 0.000204182113521, 0.000180457689567, 0.000194835200091, 0.000101728561276, 0.000118945543363, 0.00011763114162, 0.000163914897712, 0.000218546687393, 0.000250771699939, 0.000333687639795, 0.000426278798841, 0.000204180716537, 0.000246067007538, 0.000320514052873, 0.000596690690145, 0.00049634516472, 0.000609047943726, 0.000544263340998, 0.000321258296026, 0.000407018291298, 0.00015778519446, 0.000140179748996, 0.00020119495457, 0.00013710357598, 0.000102412930573, 0.000135822352604, 0.000123477628222, 0.00013570774172, 0.000195811371668, 6.51808222756e-05, 6.13560187048e-05, 8.387042908e-05, 0.00010765161278, 6.80487210047e-05, 6.78135547787e-05, 7.34027344151e-05, 1.73209045897e-05, 1.39959020089e-05, 2.92130371236e-05, 1.66880345205e-05, 1.63049608091e-05, 9.83187328529e-06, 9.83863719739e-06, 1.23198697111e-05, 1.18269208542e-05, 1.4307528545e-05, 2.79520882032e-05, 1.57452705025e-05, 1.01296418507e-05, 1.39747944559e-05, 1.25455026136e-05, 1.0355066479e-05, 7.08778770786e-06, 5.92603737459e-06, 7.42995462133e-06, 8.18128137325e-06, 4.41609745394e-06, 2.76316723102e-06, 3.97808662456e-06, 1.88836690995e-06, 1.45440731103e-06, 1.07474988909e-06, 1.1001745861e-06, 5.83373605423e-07, 4.61155337916e-07, 5.70545637402e-07, 2.37726638375e-07, 3.33844667466e-07, 1.81805276611e-07, 1.02723618056e-07, 1.18235050195e-07, 2.42612117063e-07, 1.693542373e-07, 1.52127583419e-07, 9.38830879704e-08, 9.99003475499e-08, 1.28025561708e-07, 1.02696795068e-07, 6.77156819506e-08, 5.89110271676e-08, 7.34255749535e-08, 7.80032678449e-08, 5.3538098399e-08, 4.87009117478e-08, 4.9424912163e-08, 4.36172093998e-08, 3.28326166255e-08, 3.09150998135e-08, 2.84499570569e-08, 1.93825737682e-08, 1.80928481086e-08, 1.86204545116e-08, 1.50415591094e-08, 1.13527960366e-08, 1.14146274655e-08, 9.00343266608e-09, 7.10157799233e-09, 6.71484112758e-09, 5.53171330964e-09, 4.32389857252e-09, 4.11934619748e-09, 3.18466453209e-09, 2.9899360765e-09, 2.48871301345e-09, 2.27892504867e-09, 1.8706471927e-09, 1.39298172996e-09, 1.27387056459e-09, 9.69009206209e-10, 1.51505724633e-10, 2.83604945084e-11, 1.16763092251e-11, 2.59673185732e-12, 2.58414101749e-12, 2.17335090896e-12, 2.13087685517e-12, 2.10849957286e-12, 2.09115602438e-12, 2.07631611557e-12, 2.06372289049e-12],
        "stdev": [1.71860392584e-06, 2.17737524508e-05, 5.7668385125e-05, 9.8312884802e-05, 0.000331720424583, 0.000371486064978, 0.000566632079426, 0.00111302791629, 0.000745409110095, 0.000417770439526, 0.00045754382154, 0.000279769912595, 0.000250961136771, 0.000236419902649, 0.000409887579735, 0.000428068451583, 0.000571941025555, 0.000671774148941, 0.000790890248027, 0.0003734495549, 0.000731241016183, 0.000745686818846, 0.00141838134732, 0.00130716676358, 0.00176736293361, 0.00170621671714, 0.00118793558795, 0.00170666805934, 0.000570434902329, 0.00033468590118, 0.000482902629301, 0.00032269328949, 0.000376081821742, 0.000439608265879, 0.000327317568008, 0.000333571777446, 0.000507677963469, 0.000182919917279, 0.000173022432136, 0.000231184691074, 0.000369949062588, 0.0001945013355, 0.000283575005597, 0.000362727761967, 4.87986653752e-05, 3.62843857147e-05, 6.50756628602e-05, 3.50037771568e-05, 3.98476404371e-05, 2.45987102971e-05, 1.75475943252e-05, 2.80098047369e-05, 3.02317966998e-05, 3.0162933399e-05, 5.94852062932e-05, 3.34621690854e-05, 1.98940742848e-05, 2.60612378042e-05, 2.28319386224e-05, 1.98474281206e-05, 1.2574115317e-05, 1.14218419185e-05, 1.43510378621e-05, 1.56343594426e-05, 8.33479498397e-06, 4.98913777847e-06, 8.3192371676e-06, 4.30365071225e-06, 4.64552658741e-06, 3.46127762896e-06, 3.67958546121e-06, 1.39577014124e-06, 1.0386120266e-06, 1.80727272436e-06, 6.04773845225e-07, 9.90460762296e-07, 4.87851480102e-07, 2.74936184042e-07, 2.6329684033e-07, 6.51156881304e-07, 4.40529760226e-07, 4.04914800356e-07, 1.73202792553e-07, 2.37680950477e-07, 2.71392963214e-07, 1.9797128914e-07, 1.24084920117e-07, 1.03405710661e-07, 1.27823611251e-07, 1.62366021073e-07, 1.07375278446e-07, 1.10234388728e-07, 1.19294981005e-07, 1.08305897584e-07, 9.33759878308e-08, 9.27631873537e-08, 8.19899099724e-08, 5.40929363524e-08, 5.5591435455e-08, 5.13684064174e-08, 4.21896046987e-08, 3.26431610631e-08, 3.22015907273e-08, 2.78572258594e-08, 2.10248725097e-08, 1.68094302921e-08, 1.40781279967e-08, 1.24389334388e-08, 1.13731744023e-08, 9.67072200098e-09, 8.00735655559e-09, 6.66736532651e-09, 6.45379882869e-09, 5.06612041207e-09, 3.85780651868e-09, 3.32195959629e-09, 2.3055974907e-09, 5.61660551401e-10, 6.14610806693e-10, 2.9997099249e-10, 2.40128195106e-11, 2.63262502076e-11, 4.8192513348e-12, 4.73615851398e-12, 4.66725226175e-12, 4.61061137186e-12, 4.57018971278e-12, 4.54651203838e-12]
    },
    "mfcc": {
        "mean": [-767.710998535, 158.863815308, -37.9310531616, -5.25820493698, -12.6797857285, -18.854888916, -11.1106319427, 0.942008733749, -9.25195598602, -2.21980786324, -2.51274800301, -0.38363674283, -0.994922876358],
        "cov": [[18630.9355469, 1784.61657715, -3314.65893555, 6.57432031631, -926.227966309, -351.064208984, -313.890716553, 496.051422119, -737.557800293, -105.333328247, 46.6137428284, -334.123382568, -638.794128418], [1784.61657715, 1137.45788574, -293.042633057, -34.6343078613, -62.8524169922, -119.063980103, -23.0665378571, 49.2926826477, -92.8957443237, -30.5092811584, 0.945978939533, -1.73326945305, -43.6936912537], [-3314.65893555, -293.042633057, 951.00970459, 64.0433959961, 239.254425049, 139.458404541, 91.0960083008, -74.8663330078, 162.223526001, 18.6683769226, -23.107509613, 61.6753425598, 124.030708313], [6.57432031631, -34.6343078613, 64.0433959961, 309.836578369, 137.237106323, 101.972213745, 58.0713233948, -7.60714673996, 53.7746315002, 3.84509468079, -57.5903739929, -18.4877948761, 36.8687400818], [-926.227966309, -62.8524169922, 239.254425049, 137.237106323, 230.379379272, 111.311882019, 45.0639343262, -25.2070083618, 59.1875152588, 20.9225254059, -20.8427791595, 1.39750981331, 42.1449279785], [-351.064208984, -119.063980103, 139.458404541, 101.972213745, 111.311882019, 155.397064209, 71.407043457, 10.8799915314, 34.1357307434, 8.63337135315, -9.40028095245, -8.4798784256, 11.7318696976], [-313.890716553, -23.0665378571, 91.0960083008, 58.0713233948, 45.0639343262, 71.407043457, 135.290390015, 58.8552589417, 35.2934837341, -2.0815103054, -8.53987789154, 11.3189468384, 21.865737915], [496.051422119, 49.2926826477, -74.8663330078, -7.60714673996, -25.2070083618, 10.8799915314, 58.8552589417, 131.660675049, -7.10637903214, -6.47977876663, 24.3431854248, 1.46662437916, -21.2624092102], [-737.557800293, -92.8957443237, 162.223526001, 53.7746315002, 59.1875152588, 34.1357307434, 35.2934837341, -7.10637903214, 127.9634552, 43.017375946, -14.3260393143, 13.0601463318, 33.0158805847], [-105.333328247, -30.5092811584, 18.6683769226, 3.84509468079, 20.9225254059, 8.63337135315, -2.0815103054, -6.47977876663, 43.017375946, 96.8097305298, 47.7926712036, -1.82687723637, -9.77501106262], [46.6137428284, 0.945978939533, -23.107509613, -57.5903739929, -20.8427791595, -9.40028095245, -8.53987789154, 24.3431854248, -14.3260393143, 47.7926712036, 110.213516235, 38.8027801514, -17.631061554], [-334.123382568, -1.73326945305, 61.6753425598, -18.4877948761, 1.39750981331, -8.4798784256, 11.3189468384, 1.46662437916, 13.0601463318, -1.82687723637, 38.8027801514, 102.713279724, 67.6567001343], [-638.794128418, -43.6936912537, 124.030708313, 36.8687400818, 42.1449279785, 11.7318696976, 21.865737915, -21.2624092102, 33.0158805847, -9.77501106262, -17.631061554, 67.6567001343, 128.970336914]],
        "icov": [[0.000230507925153, -0.000181563256774, 0.000508444674779, -0.000370941561414, 0.000510494341142, -0.000506879063323, 0.000534401740879, -0.000638287048787, 0.000529675802682, -0.000400684104534, 0.000434215937275, -0.000218416418647, 0.000388703658246], [-0.000181563256774, 0.00123001984321, -0.000196193170268, 0.000188935446204, -0.000958831689786, 0.00153340201359, -0.000781182141509, 0.000193135478185, 0.000233366779867, 0.000155402216478, 6.95474736858e-05, -0.000330795068294, 0.000125296588521], [0.000508444674779, -0.000196193170268, 0.00327587104402, 0.000197874716832, -0.000626683526207, -0.00155248038936, 0.000213367529796, -0.000115261340397, -0.000883669941686, 0.000393923022784, 0.000239140994381, -0.000424261030275, 4.70655904792e-05], [-0.000370941561414, 0.000188935446204, 0.000197874716832, 0.00633506849408, -0.00342512293719, -0.00121860310901, -0.00164022797253, 0.00135866971686, -0.00210575619712, 0.00040713197086, 0.00129454932176, 0.000862710410729, -0.00174805975985], [0.000510494341142, -0.000958831689786, -0.000626683526207, -0.00342512293719, 0.0111337481067, -0.00582140218467, 0.00241467356682, -0.000862252025399, 0.0011254416313, -0.00235580233857, 0.000898850325029, 0.000210523197893, -0.000329024973325], [-0.000506879063323, 0.00153340201359, -0.00155248038936, -0.00121860310901, -0.00582140218467, 0.0156291667372, -0.00674768257886, 0.00161065952852, 4.29831052315e-05, 0.00145756884012, -0.00259873829782, 0.00184011959936, 0.000519334280398], [0.000534401740879, -0.000781182141509, 0.000213367529796, -0.00164022797253, 0.00241467356682, -0.00674768257886, 0.0159279424697, -0.00846605096012, -0.000195686749066, -0.00131922250148, 0.00316678592935, -0.00198480067775, -0.000201247588848], [-0.000638287048787, 0.000193135478185, -0.000115261340397, 0.00135866971686, -0.000862252025399, 0.00161065952852, -0.00846605096012, 0.0145753286779, -0.00328740198165, 0.00467445515096, -0.00610231747851, 0.00196088664234, -6.70951631037e-05], [0.000529675802682, 0.000233366779867, -0.000883669941686, -0.00210575619712, 0.0011254416313, 4.29831052315e-05, -0.000195686749066, -0.00328740198165, 0.0172000676394, -0.0113369738683, 0.00852101482451, -0.00478243874386, 0.00168517953716], [-0.000400684104534, 0.000155402216478, 0.000393923022784, 0.00040713197086, -0.00235580233857, 0.00145756884012, -0.00131922250148, 0.00467445515096, -0.0113369738683, 0.0233456362039, -0.0160309616476, 0.00851135421544, -0.00278049567714], [0.000434215937275, 6.95474736858e-05, 0.000239140994381, 0.00129454932176, 0.000898850325029, -0.00259873829782, 0.00316678592935, -0.00610231747851, 0.00852101482451, -0.0160309616476, 0.0261121410877, -0.0157622825354, 0.00841599144042], [-0.000218416418647, -0.000330795068294, -0.000424261030275, 0.000862710410729, 0.000210523197893, 0.00184011959936, -0.00198480067775, 0.00196088664234, -0.00478243874386, 0.00851135421544, -0.0157622825354, 0.0260870251805, -0.0145793482661], [0.000388703658246, 0.000125296588521, 4.70655904792e-05, -0.00174805975985, -0.000329024973325, 0.000519334280398, -0.000201247588848, -6.70951631037e-05, 0.00168517953716, -0.00278049567714, 0.00841599144042, -0.0145793482661, 0.0184157975018]]
    },
    "spectral_contrast_coeffs": {
        "mean": [-0.679995417595, -0.731494307518, -0.717828035355, -0.767261147499, -0.754231274128, -0.794540643692],
        "stdev": [0.0848715901375, 0.0694938078523, 0.0702268853784, 0.0555235892534, 0.0578137896955, 0.0379273928702]
    },
    "spectral_contrast_valleys": {
        "mean": [-8.64856052399, -7.27699422836, -8.13882446289, -8.72313594818, -9.24027347565, -12.5107126236],
        "stdev": [1.38254737854, 1.65977156162, 1.7727547884, 1.71966218948, 1.61503958702, 1.5160189867]
    }
},
"rhythm": {
    "beats_count": 288,
    "beats_loudness": {
        "mean": 0.0189565997571,
        "stdev": 0.0205311458558
    },
    "bpm": 119.912757874,
    "bpm_histogram_first_peak_bpm": 120,
    "bpm_histogram_first_peak_weight": 0.5873016119,
    "bpm_histogram_second_peak_bpm": 157,
    "bpm_histogram_second_peak_spread": 0.441860437393,
    "bpm_histogram_second_peak_weight": 0.0836236923933,
    "danceability": 0.853072226048,
    "onset_rate": 1.1208190918,
    "beats_loudness_band_ratio": {
        "mean": [0.0871369689703, 0.177709206939, 0.458991110325, 0.246922671795, 0.0727146267891, 0.011311381124],
        "stdev": [0.139483988285, 0.173872262239, 0.199819341302, 0.141023159027, 0.0592705011368, 0.0134803885594]
    },
    "beats_position": [0.696598649025, 1.40480720997, 2.11301589012, 2.82122445107, 3.54104304314, 4.2492518425, 4.96907043457, 5.6888885498, 6.45514726639, 7.23301553726, 7.99927425385, 8.75392246246, 9.49696159363, 10.2399997711, 10.8553285599, 11.4706573486, 12.0975961685, 12.7361450195, 13.3746938705, 14.0132427216, 14.6517915726, 15.3716096878, 16.0914287567, 16.8228569031, 17.5542850494, 18.1580047607, 18.7617225647, 19.365442276, 19.9575500488, 20.5612697601, 21.153377533, 21.7570972443, 22.3608150482, 22.9645347595, 23.5566444397, 24.0674819946, 24.5783214569, 25.0891609192, 25.5883903503, 26.0876178741, 26.5868473053, 27.0860767365, 27.5736961365, 28.0613155365, 28.5489330292, 29.0481624603, 29.5473918915, 29.9421310425, 30.3252601624, 30.7199993134, 31.1031284332, 31.4862575531, 31.869386673, 32.2525177002, 32.6472549438, 33.0303840637, 33.4135131836, 33.7966423035, 34.1797714233, 34.5629005432, 34.9460296631, 35.329158783, 35.7122879028, 36.0838088989, 36.455329895, 36.8384590149, 37.2215881348, 37.6163253784, 38.0110664368, 38.4058036804, 38.8005447388, 39.1836738586, 39.5668029785, 39.9615402222, 40.4839897156, 40.9948310852, 41.5056686401, 41.981678009, 42.4692955017, 42.9569168091, 43.4445343018, 43.9321517944, 44.4081611633, 44.9073905945, 45.4066200256, 45.9058494568, 46.4050788879, 46.9043083191, 47.4035377502, 47.8911552429, 48.3787727356, 48.866394043, 49.3540115356, 49.841632843, 50.3292503357, 50.8284797668, 51.3160972595, 51.8153266907, 52.3145561218, 52.813785553, 53.3130149841, 53.8122444153, 54.3114738464, 54.8223114014, 55.2518806458, 55.6814498901, 56.0994110107, 56.5173683167, 56.9353294373, 57.3532867432, 57.7712478638, 58.1892051697, 58.6187744141, 59.0483436584, 59.4779129028, 59.9074821472, 60.3370513916, 60.766620636, 61.1381378174, 61.5212669373, 61.9043960571, 62.2875289917, 62.6706581116, 63.042175293, 63.4253044128, 63.7968254089, 64.1683425903, 64.5398635864, 64.899772644, 65.2712936401, 65.6428070068, 66.0143280029, 66.385848999, 66.7573699951, 67.1404953003, 67.5352401733, 67.929977417, 68.3247146606, 68.7542877197, 69.1954650879, 69.6366424561, 70.0778198242, 70.5189971924, 70.9601821899, 71.4013595581, 71.8425369263, 72.2837142944, 72.724899292, 73.1544647217, 73.5840377808, 74.0136032104, 74.3851242065, 74.7566452026, 75.1165542603, 75.4764633179, 75.8363723755, 76.1962814331, 76.5561904907, 76.9277114868, 77.2876205444, 77.6475296021, 78.0074386597, 78.3673477173, 78.7156448364, 79.133605957, 79.5515594482, 79.9811325073, 80.433921814, 80.8867111206, 81.3511123657, 81.8271179199, 82.291519165, 82.7559204102, 83.2087097168, 83.7311553955, 84.2536010742, 84.7063903809, 85.1591796875, 85.6119689941, 86.0647583008, 86.4246673584, 86.784576416, 87.1444854736, 87.5043945312, 87.8643035889, 88.2126083374, 88.5841217041, 88.9324264526, 89.2807235718, 89.6406326294, 90.000541687, 90.3488388062, 90.7087478638, 91.0802688599, 91.4401779175, 91.8116989136, 92.1832199097, 92.5663452148, 92.9378662109, 93.309387207, 93.8086166382, 94.2962341309, 94.795463562, 95.3179092407, 95.8287506104, 96.33959198, 96.8504257202, 97.3612670898, 97.8721084595, 98.3829498291, 98.8937835693, 99.404624939, 99.9386825562, 100.472740173, 101.018409729, 101.459587097, 101.889160156, 102.330337524, 102.759910583, 103.201087952, 103.653877258, 104.095054626, 104.536231995, 104.977409363, 105.41859436, 105.859771729, 106.300949097, 106.742126465, 107.171699524, 107.601264954, 108.030838013, 108.472015381, 108.90158844, 109.319541931, 109.737503052, 110.143852234, 110.550201416, 110.956550598, 111.36289978, 111.827301025, 112.280090332, 112.732879639, 113.185668945, 113.650062561, 114.102851868, 114.555641174, 115.020042419, 115.484443665, 115.94884491, 116.413238525, 116.877639771, 117.330429077, 117.864486694, 118.398544312, 118.92099762, 119.443443298, 119.954284668, 120.465126038, 120.975959778, 121.486801147, 121.997642517, 122.508476257, 123.019317627, 123.518547058, 124.017776489, 124.528617859, 125.02784729, 125.527069092, 126.026298523, 126.583580017, 127.15246582, 127.802627563, 128.441177368, 129.079727173, 129.799545288, 130.507751465, 131.215957642, 131.935775757, 132.655593872, 133.375411987, 134.188110352, 135.000808716, 135.825119019, 136.649429321, 137.485351562, 138.332870483, 139.180404663, 140.027938843],
    "bpm_histogram": [0, 0, 0, 0, 0, 0, 0, 0, 0, 0, 0, 0, 0, 0, 0, 0, 0, 0, 0, 0, 0, 0, 0, 0, 0, 0, 0, 0, 0, 0, 0, 0, 0, 0, 0, 0, 0, 0, 0, 0, 0, 0, 0, 0, 0, 0, 0, 0, 0, 0, 0, 0, 0, 0, 0, 0, 0, 0, 0, 0, 0, 0, 0, 0, 0, 0, 0, 0, 0, 0, 0, 0.0104529615492, 0.003484320594, 0.006968641188, 0.006968641188, 0, 0, 0.003484320594, 0.006968641188, 0, 0.003484320594, 0.006968641188, 0.006968641188, 0.0313588865101, 0, 0.0209059230983, 0, 0, 0, 0, 0, 0, 0.003484320594, 0, 0.0209059230983, 0, 0.003484320594, 0, 0.006968641188, 0.0243902429938, 0, 0.0104529615492, 0, 0, 0, 0.003484320594, 0, 0, 0.003484320594, 0, 0.003484320594, 0, 0.013937282376, 0, 0, 0.0209059230983, 0, 0.0766550526023, 0, 0, 0.0905923321843, 0, 0, 0.0522648096085, 0, 0, 0.0104529615492, 0, 0, 0.0348432064056, 0, 0, 0, 0.0487804859877, 0, 0, 0.0696864128113, 0, 0, 0, 0.0662020891905, 0, 0, 0, 0.0348432064056, 0, 0, 0, 0.013937282376, 0, 0, 0, 0.0383275263011, 0, 0, 0, 0, 0.0836236923933, 0, 0, 0, 0.0662020891905, 0.006968641188, 0, 0, 0, 0, 0.0662020891905, 0, 0, 0, 0, 0.0174216032028, 0, 0, 0, 0, 0, 0, 0, 0, 0, 0, 0, 0, 0, 0, 0, 0, 0, 0, 0, 0, 0, 0, 0, 0, 0, 0, 0, 0, 0, 0, 0, 0, 0, 0, 0, 0, 0, 0, 0, 0, 0, 0, 0, 0, 0, 0, 0, 0, 0, 0, 0, 0, 0, 0, 0, 0, 0, 0, 0, 0, 0, 0, 0, 0, 0, 0, 0, 0, 0, 0, 0, 0, 0, 0, 0, 0, 0]
},
"tonal": {
    "chords_changes_rate": 0.0332565046847,
    "chords_number_rate": 0.00362199544907,
    "chords_strength": {
        "mean": 0.63956540823,
        "stdev": 0.103905431926
    },
    "hpcp_crest": {
        "mean": 15.684346199,
        "stdev": 7.23741436005
    },
    "hpcp_entropy": {
        "mean": 1.72327768803,
        "stdev": 0.670633614063
    },
    "key_edma": {
        "strength": 0.656726419926,
        "key": "A#",
        "scale": "major"
    },
    "key_krumhansl": {
        "strength": 0.65942555666,
        "key": "A#",
        "scale": "major"
    },
    "key_temperley": {
        "strength": 0.676327168941,
        "key": "D",
        "scale": "minor"
    },
    "tuning_diatonic_strength": 0.569471240044,
    "tuning_equal_tempered_deviation": 0.0137526234612,
    "tuning_frequency": 446.399932861,
    "tuning_nontempered_energy_ratio": 0.691583931446,
    "hpcp": {
        "mean": [0.257229566574, 0.197630628943, 0.153219610453, 0.210876747966, 0.133328869939, 0.0458164960146, 0.0504804253578, 0.0515803098679, 0.101174585521, 0.17184792459, 0.117362543941, 0.0673257634044, 0.0884131789207, 0.0843927487731, 0.203538298607, 0.344477325678, 0.236164331436, 0.119971431792, 0.117313310504, 0.0889506936073, 0.128286883235, 0.174314945936, 0.147546708584, 0.195530876517, 0.25489500165, 0.153935357928, 0.060616068542, 0.0652001202106, 0.0911053717136, 0.192848116159, 0.256868898869, 0.147540464997, 0.0367765836418, 0.0187797714025, 0.0266485083848, 0.129949375987],
        "stdev": [0.320146769285, 0.247944802046, 0.207711175084, 0.307601362467, 0.207452297211, 0.0997152030468, 0.122899055481, 0.111946292222, 0.183803647757, 0.287910461426, 0.204247429967, 0.126756295562, 0.186859384179, 0.160312175751, 0.247026354074, 0.372766166925, 0.266268521547, 0.209092020988, 0.243811547756, 0.179423227906, 0.221607118845, 0.289493143559, 0.252151757479, 0.2696377635, 0.349186807871, 0.222473531961, 0.126160800457, 0.14217428863, 0.184955924749, 0.281271517277, 0.345986813307, 0.218594372272, 0.0844183787704, 0.0529448725283, 0.0602875836194, 0.191313326359]
    },
    "chords_histogram": [15.9038524628, 5.23542976379, 3.85248589516, 2.96345067024, 2.27197885513, 0.428054004908, 0, 10.1745147705, 0, 10.1086597443, 0, 0.0987816900015, 0, 0, 0, 0.0329272300005, 0.790253520012, 0, 0, 0.197563380003, 8.03424453735, 7.07935476303, 22.2917346954, 10.5367136002],
    "thpcp": [1, 0.68557292223, 0.348270922899, 0.340554535389, 0.258219301701, 0.372410237789, 0.506027340889, 0.428320527077, 0.56761610508, 0.739947080612, 0.446866452694, 0.175965338945, 0.189272597432, 0.264474213123, 0.559828162193, 0.745677232742, 0.428302407265, 0.106760531664, 0.0545167140663, 0.077359251678, 0.377236366272, 0.746724247932, 0.573711574078, 0.444788664579, 0.612164378166, 0.387046873569, 0.13300293684, 0.146542087197, 0.149734988809, 0.293704628944, 0.498865693808, 0.340697437525, 0.195443242788, 0.256658911705, 0.244987815619, 0.590861260891],
    "chords_key": "G",
    "chords_scale": "minor"
}
}