{
"metadata": {
    "version": {
        "essentia": "2.1-dev",
        "essentia_git_sha": "v2.1_beta3-415-gd5473f3",
        "extractor": "music 2.0"
    },
    "audio_properties": {
        "analysis": {
            "equal_loudness": 0,
            "length": 219.141220093,
            "sample_rate": 44100,
            "start_time": 0,
            "downmix": "mix"
        },
        "bit_rate": 192000,
        "length": 219.141220093,
        "lossless": 0,
        "number_channels": 2,
        "replay_gain": -8.39775085449,
        "sample_rate": 44100,
        "codec": "mp3",
        "md5_encoded": "0f7eb96207aa37c8c06c11c6f6cc07f3"
    },
    "tags": {
        "file_name": "mozart-don_giovanni.mp3",
        "date": ["2004"],
        "engineer": ["rosamerica tamyo"]
    }
},
"lowlevel": {
    "average_loudness": 0.151345923543,
    "barkbands_crest": {
        "mean": 9.78197383881,
        "stdev": 3.90150809288
    },
    "barkbands_flatness_db": {
        "mean": 0.189993157983,
        "stdev": 0.0495863556862
    },
    "barkbands_kurtosis": {
        "mean": 0.750289440155,
        "stdev": 3.62931585312
    },
    "barkbands_skewness": {
        "mean": 0.40090316534,
        "stdev": 0.929636955261
    },
    "barkbands_spread": {
        "mean": 16.0889091492,
        "stdev": 7.8088054657
    },
    "dissonance": {
        "mean": 0.440504014492,
        "stdev": 0.0423896946013
    },
    "dynamic_complexity": 5.99402141571,
    "erbbands_crest": {
        "mean": 12.0240936279,
        "stdev": 4.83318090439
    },
    "erbbands_flatness_db": {
        "mean": 0.274854063988,
        "stdev": 0.0549995601177
    },
    "erbbands_kurtosis": {
        "mean": 0.368428617716,
        "stdev": 2.70256257057
    },
    "erbbands_skewness": {
        "mean": -0.088369935751,
        "stdev": 0.932498455048
    },
    "erbbands_spread": {
        "mean": 21.3333530426,
        "stdev": 9.47111129761
    },
    "hfc": {
        "mean": 11.7706270218,
        "stdev": 17.2570610046
    },
    "loudness_ebu128": {
        "integrated": -17.828874588,
        "loudness_range": 11.2632265091,
        "momentary": {
            "mean": -25.0287246704,
            "stdev": 30.5305309296
        },
        "short_term": {
            "mean": -20.6549472809,
            "stdev": 7.21710062027
        }
    },
    "melbands_crest": {
        "mean": 12.4371271133,
        "stdev": 5.44823312759
    },
    "melbands_flatness_db": {
        "mean": 0.233457878232,
        "stdev": 0.0614939928055
    },
    "melbands_kurtosis": {
        "mean": 2.57605051994,
        "stdev": 7.92711687088
    },
    "melbands_skewness": {
        "mean": 1.09740316868,
        "stdev": 0.999736964703
    },
    "melbands_spread": {
        "mean": 27.0669059753,
        "stdev": 18.3300323486
    },
    "pitch_salience": {
        "mean": 0.578117907047,
        "stdev": 0.107399351895
    },
    "silence_rate_20dB": {
        "mean": 1,
        "stdev": 0
    },
    "silence_rate_30dB": {
        "mean": 1,
        "stdev": 0
    },
    "silence_rate_60dB": {
        "mean": 0.376628875732,
        "stdev": 0.484534561634
    },
    "spectral_centroid": {
        "mean": 1526.89929199,
        "stdev": 1194.32836914
    },
    "spectral_complexity": {
        "mean": 11.0015888214,
        "stdev": 6.81945562363
    },
    "spectral_decrease": {
        "mean": -2.21420837221e-09,
        "stdev": 2.81577183792e-09
    },
    "spectral_energy": {
        "mean": 0.0094245262444,
        "stdev": 0.0121097210795
    },
    "spectral_energyband_high": {
        "mean": 3.69396984752e-05,
        "stdev": 0.000103013364424
    },
    "spectral_energyband_low": {
        "mean": 0.000170409781276,
        "stdev": 0.000326171895722
    },
    "spectral_energyband_middle_high": {
        "mean": 0.0050043258816,
        "stdev": 0.00750334514305
    },
    "spectral_energyband_middle_low": {
        "mean": 0.00427459459752,
        "stdev": 0.00609756307676
    },
    "spectral_entropy": {
        "mean": 6.88833284378,
        "stdev": 0.534743666649
    },
    "spectral_flux": {
        "mean": 0.0489384643734,
        "stdev": 0.0419329106808
    },
    "spectral_kurtosis": {
        "mean": 13.9016962051,
        "stdev": 8.90205383301
    },
    "spectral_rms": {
        "mean": 0.00253055989742,
        "stdev": 0.00167061819229
    },
    "spectral_rolloff": {
        "mean": 2025.94995117,
        "stdev": 2107.07958984
    },
    "spectral_skewness": {
        "mean": 2.14751887321,
        "stdev": 0.768564581871
    },
    "spectral_spread": {
        "mean": 2636018.25,
        "stdev": 4449102.5
    },
    "spectral_strongpeak": {
        "mean": 1.22938120365,
        "stdev": 1.39338052273
    },
    "zerocrossingrate": {
        "mean": 0.0626109093428,
        "stdev": 0.0543549619615
    },
    "barkbands": {
        "mean": [3.9457649109e-05, 5.97116777499e-05, 5.43004389328e-05, 7.1730275522e-05, 0.000239096450969, 0.000449178944109, 0.00105235970113, 0.00164029852021, 0.000723795674276, 0.000507945485879, 0.000378317577997, 0.000617696670815, 0.000417547562392, 0.00034015593701, 0.000187930709217, 0.000660269870423, 0.00155526620802, 0.000321137340507, 6.03140724706e-05, 1.86989273061e-05, 1.03289039544e-05, 8.03423699836e-06, 6.98655776432e-06, 3.19080413647e-06, 6.13659608462e-07, 1.89036683196e-07, 1.09071827126e-08],
        "stdev": [1.30090493258e-05, 0.000167072357726, 0.000163077449542, 0.000150758773088, 0.000382218713639, 0.000761032104492, 0.00219833268784, 0.00485323369503, 0.00187556818128, 0.00111056235619, 0.00118111784104, 0.00169205816928, 0.00116584985517, 0.00142664089799, 0.000456075707916, 0.00168650969863, 0.00324501353316, 0.000755349523388, 0.000186582605238, 4.32771521446e-05, 3.03686356347e-05, 3.43912179233e-05, 3.64406623703e-05, 1.11635163194e-05, 2.25049802793e-06, 6.24103506652e-07, 4.33844462577e-08]
    },
    "erbbands": {
        "mean": [0.00102144712582, 0.0166284479201, 0.0580449588597, 0.186203733087, 0.345881938934, 0.843376338482, 2.69759511948, 3.74523139, 13.2085323334, 18.5001811981, 39.5340843201, 17.7037906647, 11.4094104767, 22.8731803894, 15.5711660385, 27.5491867065, 22.6636238098, 20.4699306488, 9.72946453094, 14.9173107147, 52.2325210571, 85.8441009521, 26.3320045471, 4.22307682037, 3.35659575462, 1.07639741898, 0.516864359379, 0.29420658946, 0.247532829642, 0.256252229214, 0.199957355857, 0.107257761061, 0.0313494205475, 0.00857978966087, 0.00358776305802, 0.00120428262744, 0.000272861245321, 4.62564748887e-05, 6.92087678544e-06, 1.18306879813e-05],
        "stdev": [0.00259883259423, 0.0448074676096, 0.165438428521, 0.388764798641, 0.510191559792, 1.43586492538, 7.0297794342, 6.04481315613, 28.3315296173, 47.1065330505, 120.044128418, 43.0279350281, 20.3841094971, 58.7508277893, 41.7303848267, 70.7744979858, 57.6265983582, 84.338470459, 22.7005939484, 34.7943611145, 113.04058075, 180.095535278, 56.1775665283, 8.19365024567, 11.7356624603, 2.50690484047, 1.47989118099, 0.814694464207, 1.05213344097, 1.34560036659, 1.01692128181, 0.422022402287, 0.0948662161827, 0.0289427731186, 0.0149679007009, 0.00444505456835, 0.00088425638387, 0.000131245411467, 1.04440823634e-05, 1.54208719323e-05]
    },
    "gfcc": {
        "mean": [-154.004241943, 132.803573608, -173.484115601, -2.16261863708, -52.2156257629, -12.4029722214, -43.3155403137, 6.2402844429, -7.02316856384, -14.0905685425, -5.69908618927, 1.00219547749, -7.78895568848],
        "cov": [[21969.7128906, 905.302490234, -3969.98388672, -115.437965393, -773.038757324, -412.045471191, -643.116149902, 282.980712891, 223.618637085, -394.61895752, -73.0488052368, 104.014167786, -310.569885254], [905.302490234, 1278.16992188, -122.971183777, -193.482406616, 126.16860199, -140.542129517, -33.8809661865, -86.7472991943, -26.2441921234, -72.2388153076, 46.0542259216, -96.5674591064, 43.2992897034], [-3969.98388672, -122.971183777, 1067.99926758, 190.044891357, 90.1434707642, 170.903121948, 131.656951904, -52.6620903015, -113.107254028, 109.71320343, -24.1593914032, -34.3358764648, 34.8246841431], [-115.437965393, -193.482406616, 190.044891357, 414.023590088, 31.0443725586, 93.4076843262, 3.05542969704, -45.0240631104, -113.04574585, 137.691360474, -20.3114528656, -80.6028671265, -13.7663068771], [-773.038757324, 126.16860199, 90.1434707642, 31.0443725586, 336.920715332, 47.5947570801, -84.6790618896, -87.8157730103, 8.00278568268, 59.8530158997, 32.362323761, -73.8710174561, -11.7126893997], [-412.045471191, -140.542129517, 170.903121948, 93.4076843262, 47.5947570801, 218.385620117, 19.8192749023, -30.9822692871, -68.1135787964, 54.3086929321, -7.98072767258, -25.5638942719, -25.7116107941], [-643.116149902, -33.8809661865, 131.656951904, 3.05542969704, -84.6790618896, 19.8192749023, 306.548217773, 90.208114624, -70.3751754761, -14.6006135941, -18.0487823486, 26.3142280579, 19.3419361115], [282.980712891, -86.7472991943, -52.6620903015, -45.0240631104, -87.8157730103, -30.9822692871, 90.208114624, 210.768676758, 99.7268066406, -105.711608887, -36.1463699341, 74.9246444702, 14.4205503464], [223.618637085, -26.2441921234, -113.107254028, -113.04574585, 8.00278568268, -68.1135787964, -70.3751754761, 99.7268066406, 230.501586914, -89.8286819458, 0.00113252212759, 60.1248664856, -0.941219270229], [-394.61895752, -72.2388153076, 109.71320343, 137.691360474, 59.8530158997, 54.3086929321, -14.6006135941, -105.711608887, -89.8286819458, 227.31111145, 40.8213691711, -89.8816375732, -16.5951862335], [-73.0488052368, 46.0542259216, -24.1593914032, -20.3114528656, 32.362323761, -7.98072767258, -18.0487823486, -36.1463699341, 0.00113252212759, 40.8213691711, 92.7858886719, -1.26750504971, -5.40377473831], [104.014167786, -96.5674591064, -34.3358764648, -80.6028671265, -73.8710174561, -25.5638942719, 26.3142280579, 74.9246444702, 60.1248664856, -89.8816375732, -1.26750504971, 147.384552002, 24.1042537689], [-310.569885254, 43.2992897034, 34.8246841431, -13.7663068771, -11.7126893997, -25.7116107941, 19.3419361115, 14.4205503464, -0.941219270229, -16.5951862335, -5.40377473831, 24.1042537689, 93.9248428345]],
        "icov": [[0.000297951628454, -0.00037458789302, 0.00110555265564, -0.000547709700186, 0.000557228573598, -0.000393137219362, 0.00046345606097, -0.000399894401198, 0.000187293684576, -0.000127258434077, 0.00038597889943, -0.000432546046795, 0.000708131061401], [-0.00037458789302, 0.0016529681161, -0.00139197916724, 0.00117922807112, -0.00107481179293, 0.00115234276745, -0.000643019098788, 0.000768831232563, 0.000224318093387, 0.00106319098268, -0.00109895167407, 0.00183951912913, -0.0014610941289], [0.00110555265564, -0.00139197916724, 0.0053880168125, -0.00239410228096, 0.00173803849611, -0.00219835480675, 0.00101516011637, -0.0010042230133, 0.000478948757518, -0.000759095943067, 0.00187410553917, -0.00189209659584, 0.00197282782756], [-0.000547709700186, 0.00117922807112, -0.00239410228096, 0.00499010784552, -0.00116628583055, 0.00046073939302, -6.6140841227e-05, -0.000571708311327, 0.00128572143149, -0.00135257316288, 0.00020524316642, 0.00200681947172, -0.00138283835258], [0.000557228573598, -0.00107481179293, 0.00173803849611, -0.00116628583055, 0.0052710082382, -0.00180564483162, 0.00136141956318, 0.000394770235289, -0.00112262088805, -0.000246033945587, -0.000223964336328, 0.000680236029439, 0.00110252853483], [-0.000393137219362, 0.00115234276745, -0.00219835480675, 0.00046073939302, -0.00180564483162, 0.00715065561235, -0.000498567707837, 0.000165371529874, 0.00155984400772, 0.000153412125655, -0.000156721493113, 0.000440553762019, 0.000781687500421], [0.00046345606097, -0.000643019098788, 0.00101516011637, -6.6140841227e-05, 0.00136141956318, -0.000498567707837, 0.00634200870991, -0.00471271714196, 0.00366027839482, -0.000684120925143, 0.000163492077263, -0.000763689749874, 0.00101483729668], [-0.000399894401198, 0.000768831232563, -0.0010042230133, -0.000571708311327, 0.000394770235289, 0.000165371529874, -0.00471271714196, 0.0120059922338, -0.00570208532736, 0.0027044811286, 0.00126740930136, -0.00055961497128, -0.00152925855946], [0.000187293684576, 0.000224318093387, 0.000478948757518, 0.00128572143149, -0.00112262088805, 0.00155984400772, 0.00366027839482, -0.00570208532736, 0.00960686802864, 0.000491874234285, -0.000693681358825, -0.00106352276634, 0.00135166291147], [-0.000127258434077, 0.00106319098268, -0.000759095943067, -0.00135257316288, -0.000246033945587, 0.000153412125655, -0.000684120925143, 0.0027044811286, 0.000491874234285, 0.00951510667801, -0.00427338154987, 0.00420511281118, -0.000729662133381], [0.00038597889943, -0.00109895167407, 0.00187410553917, 0.00020524316642, -0.000223964336328, -0.000156721493113, 0.000163492077263, 0.00126740930136, -0.000693681358825, -0.00427338154987, 0.0146873816848, -0.00375859695487, 0.00186660711188], [-0.000432546046795, 0.00183951912913, -0.00189209659584, 0.00200681947172, 0.000680236029439, 0.000440553762019, -0.000763689749874, -0.00055961497128, -0.00106352276634, 0.00420511281118, -0.00375859695487, 0.0133695332333, -0.00374896731228], [0.000708131061401, -0.0014610941289, 0.00197282782756, -0.00138283835258, 0.00110252853483, 0.000781687500421, 0.00101483729668, -0.00152925855946, 0.00135166291147, -0.000729662133381, 0.00186660711188, -0.00374896731228, 0.0140591217205]]
    },
    "melbands": {
        "mean": [1.50566847879e-05, 2.78930438071e-05, 3.26195440721e-05, 4.21941549575e-05, 7.86457239883e-05, 8.52808589116e-05, 0.000209834499401, 0.000227216471103, 0.000306896516122, 9.66095612966e-05, 5.23862508999e-05, 9.09655791475e-05, 5.0038430345e-05, 6.85623672325e-05, 5.72559656575e-05, 4.48845785286e-05, 3.61096826964e-05, 1.38221330417e-05, 1.51554768308e-05, 2.66494607786e-05, 7.12930414011e-05, 0.000100868383015, 4.41918709839e-05, 1.04399632619e-05, 2.35795482695e-06, 2.26834367822e-06, 1.63854429047e-06, 5.24769859567e-07, 2.86530678295e-07, 2.88688795536e-07, 1.3606747018e-07, 1.24156144921e-07, 1.81335693128e-07, 1.2754725276e-07, 1.23511810557e-07, 8.53685122593e-08, 5.74023175659e-08, 2.23601830385e-08, 1.210670586e-08, 5.35430055848e-09],
        "stdev": [3.82199832529e-05, 6.87889187247e-05, 5.79174920858e-05, 7.523351087e-05, 0.000190672188182, 0.000139415918966, 0.000441137672169, 0.000592215685174, 0.000919592508581, 0.000243168411544, 0.000100522083812, 0.000237384359934, 0.000143794022733, 0.000200765265618, 0.000134852540214, 0.000126946688397, 0.000157310118084, 3.5557171941e-05, 3.88450171158e-05, 7.24636265659e-05, 0.000159041897859, 0.00022029633692, 9.50533503783e-05, 2.60521701421e-05, 5.48314119442e-06, 8.27003623272e-06, 5.03399269292e-06, 1.4808714468e-06, 1.00210718301e-06, 1.06247068743e-06, 3.56753730557e-07, 4.59231188188e-07, 9.65112576523e-07, 7.47575995774e-07, 6.59452325635e-07, 4.34789370729e-07, 2.06566085126e-07, 7.1510086741e-08, 3.58743363904e-08, 2.15087023747e-08]
    },
    "melbands128": {
        "mean": [9.54708320933e-06, 4.3643144636e-06, 2.07701523323e-05, 2.90899115498e-05, 2.80658878182e-05, 2.71808858088e-05, 4.16821567342e-05, 2.95146201097e-05, 2.60873985098e-05, 5.6921828218e-05, 4.82003670186e-05, 5.04019808432e-05, 0.000115345465019, 8.15684252302e-05, 6.5688684117e-05, 9.52624541242e-05, 0.000121288663649, 0.000288278155494, 0.000223267896217, 0.000174489847268, 0.00019859947497, 0.000393886963138, 0.00037721809349, 0.000150085921632, 0.000108991567686, 6.43342282274e-05, 7.67980527598e-05, 4.61313102278e-05, 2.9603152143e-05, 9.9825032521e-05, 0.000124367637909, 5.22835071024e-05, 4.90802740387e-05, 3.7811070797e-05, 5.2092695114e-05, 7.38024973543e-05, 0.000109204913315, 3.20870312862e-05, 4.75298984384e-05, 6.52051749057e-05, 2.4059894713e-05, 4.90686397825e-05, 5.08605771756e-05, 2.23944789468e-05, 1.07834903247e-05, 1.01526047729e-05, 2.03132076422e-05, 1.29930240291e-05, 1.25466585814e-05, 2.09442987398e-05, 2.54495007539e-05, 3.36144621542e-05, 6.11174109508e-05, 7.77131135692e-05, 0.000114589376608, 0.000113459354907, 8.68723291205e-05, 5.18009692314e-05, 3.21525039908e-05, 1.91433864529e-05, 8.15902330942e-06, 6.00571911491e-06, 2.57558417616e-06, 1.41517716656e-06, 1.39348992434e-06, 1.2308641999e-06, 4.64681579615e-06, 2.03432159651e-06, 9.6820087947e-07, 6.01295425895e-07, 8.06038940482e-07, 2.96812487477e-07, 1.46429641745e-07, 3.91507171571e-07, 2.73183985655e-07, 3.85977472206e-07, 2.33955304907e-07, 1.11846524931e-07, 1.07791883863e-07, 2.04132192039e-07, 1.06741737227e-07, 8.26035559953e-08, 1.65595253065e-07, 2.43480315021e-07, 1.3702863555e-07, 1.26106598941e-07, 1.28546645328e-07, 1.20551774785e-07, 1.33225654508e-07, 1.23781561001e-07, 8.1857123746e-08, 8.14438436691e-08, 7.35316874056e-08, 6.47217177629e-08, 4.5970299567e-08, 1.99332212958e-08, 2.14023003764e-08, 1.75265242319e-08, 1.20147634064e-08, 1.00673336334e-08, 5.68681013391e-09, 4.12746814504e-09, 5.12274933584e-09, 5.38196820443e-09, 3.7032492628e-09, 3.25326143802e-09, 3.3601466054e-09, 2.62939048312e-09, 1.76659153972e-09, 1.52320789315e-09, 1.3225442963e-09, 8.40713831884e-10, 7.31501303974e-10, 6.81365130983e-10, 4.82304529648e-10, 4.46501974283e-10, 3.793586556e-10, 7.79978512333e-11, 5.76431393937e-12, 4.43097598543e-12, 2.14611618407e-12, 1.41831728653e-12, 1.38970421542e-12, 1.36249605348e-12, 1.3480724783e-12, 1.33726764471e-12, 1.32790685999e-12, 1.31851712708e-12],
        "stdev": [4.21025652031e-06, 6.89183343638e-06, 6.5782929596e-05, 7.98568726168e-05, 8.64463436301e-05, 7.35585490474e-05, 9.74087597569e-05, 5.52061865164e-05, 4.636507947e-05, 0.000126206447021, 0.000104098122392, 0.000132609682623, 0.00035233766539, 0.000191059923964, 0.000138056217111, 0.000220994348638, 0.000354334217263, 0.000740491843317, 0.000604032946285, 0.000692216737662, 0.000930911162868, 0.0014425877016, 0.00135505525395, 0.0006788810133, 0.000393376511056, 0.000235690065892, 0.000203785137273, 0.000126977218315, 9.28035660763e-05, 0.000281336484477, 0.00039939591079, 0.000223112845561, 0.000204856565688, 0.000174639120814, 0.000287739385385, 0.000276833452517, 0.000367193162674, 0.000114901449706, 0.000159573552082, 0.00023060075182, 0.000113121997856, 0.000249191449257, 0.000285854155663, 0.000114527596452, 4.93260049552e-05, 3.85921775887e-05, 5.68823743379e-05, 5.7471828768e-05, 5.08655284648e-05, 6.70268782414e-05, 8.9792185463e-05, 0.000142175151268, 0.000199371177587, 0.000221858528676, 0.000340047612553, 0.00031995298923, 0.00026921290555, 0.000138102535857, 9.08101137611e-05, 6.62583915982e-05, 2.60037159023e-05, 1.58914826898e-05, 9.20186084841e-06, 4.71947578262e-06, 8.27262283565e-06, 6.29219039183e-06, 2.12031864066e-05, 8.03731836641e-06, 3.80081633011e-06, 1.91687445295e-06, 2.90699949801e-06, 1.08978940716e-06, 6.79587685681e-07, 1.78640334525e-06, 9.35107095756e-07, 1.74763385985e-06, 1.18722186926e-06, 4.37113840235e-07, 3.15124822237e-07, 6.41907888621e-07, 3.89990248095e-07, 3.99967944986e-07, 1.21661207686e-06, 1.22991332319e-06, 9.07038554487e-07, 8.3588167854e-07, 7.99639849447e-07, 7.15388353001e-07, 7.82053120929e-07, 6.19654201728e-07, 5.17524995303e-07, 4.64444553927e-07, 3.16338088169e-07, 2.42241355863e-07, 1.72637200535e-07, 8.74088144087e-08, 6.82467131696e-08, 5.13663742652e-08, 4.15705372347e-08, 3.39352190792e-08, 2.47817801835e-08, 1.94271336795e-08, 2.55075924827e-08, 2.38804513941e-08, 1.75550702863e-08, 1.70878315942e-08, 1.36453710553e-08, 1.02335544483e-08, 7.5629440488e-09, 5.63868240988e-09, 4.89779594659e-09, 3.45250050771e-09, 2.779362962e-09, 2.11352979562e-09, 1.54990842383e-09, 1.36087474623e-09, 1.25292987097e-09, 6.32217445062e-10, 1.89634252745e-10, 2.19950335723e-10, 5.67700816911e-11, 3.24063887704e-12, 3.17544341516e-12, 3.11965297345e-12, 3.07356440646e-12, 3.03690211e-12, 3.00933887185e-12, 2.99352144635e-12]
    },
    "mfcc": {
        "mean": [-771.417358398, 161.414169312, -51.7325973511, 1.55781340599, 1.87647736073, -18.3572750092, -21.7493934631, 8.51128292084, -4.51625537872, -8.48882102966, -1.57324624062, 10.8455209732, 1.08555722237],
        "cov": [[9470.01269531, 464.010162354, -1958.93054199, 137.79989624, -287.131713867, -287.839996338, -540.53302002, 342.450653076, -122.447723389, 23.4895763397, -51.2797813416, 350.234100342, -26.980796814], [464.010162354, 1391.50964355, -219.860183716, -124.574142456, 117.073135376, -171.152893066, -56.0487136841, -22.5153560638, 6.80795812607, -108.553611755, -4.30041646957, 34.9844360352, 5.25256872177], [-1958.93054199, -219.860183716, 850.685974121, 52.3861122131, -36.7389831543, 116.678466797, 182.326934814, -29.0683250427, 18.9707393646, 23.794172287, -14.373673439, -119.665710449, 9.01179122925], [137.79989624, -124.574142456, 52.3861122131, 324.055755615, -22.1502876282, 70.2191390991, 101.417137146, -115.318893433, -36.5274353027, 85.2943878174, 1.85245239735, -94.7778396606, 10.5002450943], [-287.131713867, 117.073135376, -36.7389831543, -22.1502876282, 425.343170166, 110.109992981, -106.52936554, -132.132965088, -44.3284797668, 17.3176746368, -1.71238231659, 25.8695774078, -6.07038879395], [-287.839996338, -171.152893066, 116.678466797, 70.2191390991, 110.109992981, 279.875305176, 127.570632935, -182.844284058, -83.7916030884, 66.9481582642, 7.0339179039, -49.2181091309, 7.95546770096], [-540.53302002, -56.0487136841, 182.326934814, 101.417137146, -106.52936554, 127.570632935, 329.458709717, -94.8418884277, -40.9838142395, 50.9962768555, 17.6455974579, -94.0361938477, 9.44113063812], [342.450653076, -22.5153560638, -29.0683250427, -115.318893433, -132.132965088, -182.844284058, -94.8418884277, 392.1953125, 136.180221558, -106.714920044, -20.0071926117, 84.5489654541, -13.2797422409], [-122.447723389, 6.80795812607, 18.9707393646, -36.5274353027, -44.3284797668, -83.7916030884, -40.9838142395, 136.180221558, 154.709060669, -17.8791255951, -22.5567092896, 11.2609949112, -5.55066633224], [23.4895763397, -108.553611755, 23.794172287, 85.2943878174, 17.3176746368, 66.9481582642, 50.9962768555, -106.714920044, -17.8791255951, 141.383361816, 20.7778053284, -52.2963905334, -4.19825363159], [-51.2797813416, -4.30041646957, -14.373673439, 1.85245239735, -1.71238231659, 7.0339179039, 17.6455974579, -20.0071926117, -22.5567092896, 20.7778053284, 95.4131011963, 26.170633316, -12.1994152069], [350.234100342, 34.9844360352, -119.665710449, -94.7778396606, 25.8695774078, -49.2181091309, -94.0361938477, 84.5489654541, 11.2609949112, -52.2963905334, 26.170633316, 157.301727295, 28.1322937012], [-26.980796814, 5.25256872177, 9.01179122925, 10.5002450943, -6.07038879395, 7.95546770096, 9.44113063812, -13.2797422409, -5.55066633224, -4.19825363159, -12.1994152069, 28.1322937012, 92.6610717773]],
        "icov": [[0.000350676535163, -0.000190983671928, 0.000684018305037, -0.000475400069263, 0.000528700067662, -0.000498889363371, 0.000489295518491, -0.000613470037933, 0.000704310194124, -0.000708077219315, 0.000636139011476, -0.000571842305362, 0.000307451904519], [-0.000190983671928, 0.00111065176316, -0.000151728847413, 0.000555803359021, -0.000844545022119, 0.00136734754778, -0.000811734003946, 0.000892766460311, -0.000533799116965, 0.0011976059759, -0.000452069449238, 0.000571597367525, -0.000339635764249], [0.000684018305037, -0.000151728847413, 0.00289772287942, -0.00069099344546, 0.000836763996631, -0.00132988812402, 0.000339473335771, -0.00139404495712, 0.000884918670636, -0.000908496731427, 0.000930807436816, 0.0001734206744, 2.06172771868e-05], [-0.000475400069263, 0.000555803359021, -0.00069099344546, 0.00510042626411, -0.000703889119904, 0.000945639505517, -0.00120388064533, 0.00118748156819, -0.000643589941319, -0.000362813239917, -0.00112902000546, 0.00293734506704, -0.00161058269441], [0.000528700067662, -0.000844545022119, 0.000836763996631, -0.000703889119904, 0.00483721960336, -0.00320965633728, 0.00300850626081, 6.93146066624e-05, 0.000772479863372, -0.00123319588602, 0.00123176386114, -0.00169359496795, 0.00116281805094], [-0.000498889363371, 0.00136734754778, -0.00132988812402, 0.000945639505517, -0.00320965633728, 0.00919348280877, -0.00390543485992, 0.00291606038809, 0.000448661652626, 0.000475664855912, 0.000125078790006, 3.11138574034e-05, -0.000328891503159], [0.000489295518491, -0.000811734003946, 0.000339473335771, -0.00120388064533, 0.00300850626081, -0.00390543485992, 0.00681105209514, -0.000984010053799, 0.00117727450561, -0.00103596155532, -0.000732514250558, 0.00128578708973, -0.000473931228044], [-0.000613470037933, 0.000892766460311, -0.00139404495712, 0.00118748156819, 6.93146066624e-05, 0.00291606038809, -0.000984010053799, 0.00762936659157, -0.00492563657463, 0.00399963883683, -0.000490856124088, -0.00137300183997, 0.000958002754487], [0.000704310194124, -0.000533799116965, 0.000884918670636, -0.000643589941319, 0.000772479863372, 0.000448661652626, 0.00117727450561, -0.00492563657463, 0.0119634727016, -0.00387390865944, 0.00312329363078, -0.000558208033908, 0.000530226912815], [-0.000708077219315, 0.0011976059759, -0.000908496731427, -0.000362813239917, -0.00123319588602, 0.000475664855912, -0.00103596155532, 0.00399963883683, -0.00387390865944, 0.0132363354787, -0.00436451239511, 0.00354259321466, -0.000869971991051], [0.000636139011476, -0.000452069449238, 0.000930807436816, -0.00112902000546, 0.00123176386114, 0.000125078790006, -0.000732514250558, -0.000490856124088, 0.00312329363078, -0.00436451239511, 0.0150492107496, -0.00657077459618, 0.00428809970617], [-0.000571842305362, 0.000571597367525, 0.0001734206744, 0.00293734506704, -0.00169359496795, 3.11138574034e-05, 0.00128578708973, -0.00137300183997, -0.000558208033908, 0.00354259321466, -0.00657077459618, 0.0146133806556, -0.00616473238915], [0.000307451904519, -0.000339635764249, 2.06172771868e-05, -0.00161058269441, 0.00116281805094, -0.000328891503159, -0.000473931228044, 0.000958002754487, 0.000530226912815, -0.000869971991051, 0.00428809970617, -0.00616473238915, 0.0137998387218]]
    },
    "spectral_contrast_coeffs": {
        "mean": [-0.703010380268, -0.707430243492, -0.715390563011, -0.746797204018, -0.682182490826, -0.781859755516],
        "stdev": [0.0765316560864, 0.0963935106993, 0.0829127728939, 0.0663031041622, 0.0963951051235, 0.0443227253854]
    },
    "spectral_contrast_valleys": {
        "mean": [-8.80811405182, -7.79005241394, -8.60579681396, -8.81728363037, -9.63026809692, -12.7597284317],
        "stdev": [2.29470586777, 2.44019198418, 2.3778719902, 2.41509342194, 2.27440690994, 1.90575003624]
    }
},
"rhythm": {
    "beats_count": 482,
    "beats_loudness": {
        "mean": 0.0115070156753,
        "stdev": 0.0137241566554
    },
    "bpm": 150.869171143,
    "bpm_histogram_first_peak_bpm": 152,
    "bpm_histogram_first_peak_weight": 0.464788675308,
    "bpm_histogram_second_peak_bpm": 133,
    "bpm_histogram_second_peak_spread": 0.609756112099,
    "bpm_histogram_second_peak_weight": 0.0665280669928,
    "danceability": 0.85780620575,
    "onset_rate": 2.4183075428,
    "beats_loudness_band_ratio": {
        "mean": [0.0761384218931, 0.137304782867, 0.343320518732, 0.222103923559, 0.227614551783, 0.0126762073487],
        "stdev": [0.138007000089, 0.151289388537, 0.203566670418, 0.160011485219, 0.191308557987, 0.030235664919]
    },
    "beats_position": [0.557278871536, 1.1261677742, 1.68344664574, 2.2523355484, 2.82122445107, 3.39011335373, 3.95900225639, 4.53950119019, 5.10838985443, 5.66566896439, 6.2229475975, 6.79183673859, 7.36072540283, 7.92961454391, 8.498503685, 8.96290206909, 9.42730140686, 9.89170074463, 10.3444900513, 10.8088884354, 11.2848978043, 11.7609071732, 12.2369155884, 12.7013149261, 13.1657142639, 13.6417226791, 14.117732048, 14.5937414169, 15.0697498322, 15.545759201, 16.0217685699, 16.4861679077, 16.9505672455, 17.4149665833, 17.8329238892, 18.2508831024, 18.6688423157, 19.0751914978, 19.4815406799, 19.8994998932, 20.3174591064, 20.7238082886, 21.1301574707, 21.5365066528, 21.942855835, 22.3375968933, 22.7323360443, 23.1270751953, 23.5218143463, 23.9281635284, 24.3345127106, 24.7408618927, 25.158821106, 25.5651702881, 25.9831295013, 26.3894786835, 26.7842178345, 27.1905670166, 27.5853061676, 27.9916553497, 28.4560546875, 28.9088420868, 29.3732414246, 29.9305210114, 30.4878005981, 31.0450782776, 31.6023578644, 32.1596374512, 32.7169151306, 33.2741928101, 33.8314743042, 34.4584121704, 35.0853500366, 35.7238998413, 36.362449646, 37.000995636, 37.6279373169, 38.2548751831, 38.8353729248, 39.427482605, 40.0079803467, 40.5884780884, 41.1689796448, 41.7146492004, 42.2603149414, 42.7943763733, 43.3284339905, 43.8624954224, 44.3849411011, 44.86095047, 45.3485717773, 45.83618927, 46.1844902039, 46.532787323, 46.8926963806, 47.2526054382, 47.6125144958, 47.9724235535, 48.3323364258, 48.6922454834, 49.052154541, 49.4120635986, 49.7719726562, 50.1318817139, 50.5033988953, 50.8749198914, 51.2464370728, 51.6179580688, 51.9894790649, 52.3145561218, 52.6396369934, 52.9647140503, 53.2897949219, 53.6148757935, 53.9399528503, 54.2650337219, 54.6017227173, 54.9384117126, 55.2867126465, 55.6350097656, 55.971698761, 56.3083877563, 56.6566886902, 57.0049858093, 57.3532867432, 57.701587677, 58.0498847961, 58.39818573, 58.7464828491, 59.094783783, 59.5011329651, 59.9074821472, 60.3138313293, 60.7201805115, 61.1381378174, 61.556098938, 61.9740562439, 62.3920173645, 62.8215866089, 63.2627639771, 63.6923332214, 64.2496109009, 64.806892395, 65.3641738892, 65.9098434448, 66.4555053711, 67.0011749268, 67.5468444824, 68.1041259766, 68.6614074707, 69.2070770264, 69.7527389526, 70.3100204468, 70.8673019409, 71.4245758057, 71.9702453613, 72.515914917, 72.9803161621, 73.4447174072, 73.9207229614, 74.3851242065, 74.8379135132, 75.2790908813, 75.7434921265, 76.2194976807, 76.6955108643, 77.15990448, 77.6010894775, 78.0538787842, 78.5066680908, 78.9710617065, 79.4354629517, 79.8882522583, 80.3294296265, 80.7822189331, 81.2350082397, 81.6877975464, 82.1521987915, 82.6166000366, 83.2203140259, 83.8008117676, 84.3813171387, 84.9850311279, 85.5771408081, 86.1692504883, 86.74974823, 87.3302459717, 87.9223556519, 88.514465332, 89.0949630737, 89.7219009399, 90.3604507446, 91.0106124878, 91.67237854, 92.3573684692, 93.0423583984, 93.7041244507, 94.3658905029, 95.0276641846, 95.5384979248, 96.0609512329, 96.5717926025, 97.0594100952, 97.5470275879, 98.0346450806, 98.5222625732, 99.0214920044, 99.5207214355, 99.9619064331, 100.41469574, 100.867477417, 101.320266724, 101.77305603, 102.214241028, 102.690246582, 103.177864075, 103.665489197, 104.211151123, 104.768432617, 105.325714111, 105.84815979, 106.370613098, 106.881446838, 107.392288208, 107.903129578, 108.402359009, 108.913192749, 109.435646057, 109.992919922, 110.550201416, 111.119087219, 111.595100403, 112.059501648, 112.523895264, 112.999908447, 113.475914001, 113.940315247, 114.416320801, 114.811065674, 115.217414856, 115.623764038, 116.018501282, 116.413238525, 116.807983398, 117.191108704, 117.585845947, 117.98059082, 118.386940002, 118.781677246, 119.129974365, 119.478271484, 119.826576233, 120.174873352, 120.511566162, 120.848251343, 121.184944153, 121.533241272, 121.869926453, 122.218231201, 122.56652832, 122.90322113, 123.239906311, 123.646255493, 124.052604675, 124.470565796, 124.923355103, 125.364532471, 125.817321777, 126.316551208, 126.804168701, 127.291786194, 127.779411316, 128.232192993, 128.673370361, 129.126159668, 129.578948975, 130.031738281, 130.496139526, 130.925704956, 131.366897583, 131.808074951, 132.249252319, 132.690429688, 133.131607056, 133.561172485, 133.990753174, 134.431930542, 134.861495972, 135.407165527, 135.952835083, 136.498504639, 137.044174194, 137.578231812, 138.123901367, 138.553466797, 138.983032227, 139.424209595, 139.88861084, 140.353012085, 140.829025269, 141.281814575, 141.734603882, 142.187393188, 142.640182495, 143.139404297, 143.638641357, 144.137863159, 144.63710022, 145.14793396, 145.647155762, 146.146392822, 146.645614624, 147.144851685, 147.644073486, 148.154922485, 148.677368164, 149.188201904, 149.699050903, 150.198272705, 150.709106445, 151.208343506, 151.672744751, 152.148742676, 152.624755859, 153.135604858, 153.63482666, 154.134063721, 154.714553833, 155.295059204, 155.875549316, 156.467666626, 157.048156738, 157.640274048, 158.22076416, 158.801269531, 159.381759644, 159.962265015, 160.542770386, 161.11164856, 161.680541992, 162.156555176, 162.632553101, 163.120178223, 163.596191406, 164.060592651, 164.524978638, 164.977767944, 165.430557251, 165.883346558, 166.336135864, 166.672836304, 167.009521484, 167.346206665, 167.682891846, 168.019592285, 168.356277466, 168.692962646, 169.018051147, 169.34312439, 169.668212891, 169.981674194, 170.295150757, 170.608612061, 170.991744995, 171.386474609, 171.781219482, 172.175964355, 172.57069397, 172.965438843, 173.360183716, 173.766525269, 174.17288208, 174.567611694, 174.962356567, 175.35710144, 175.740219116, 176.123352051, 176.518096924, 176.88961792, 177.249526978, 177.609436035, 177.957733154, 178.317642212, 178.735595703, 179.153549194, 179.571517944, 180.1171875, 180.662857056, 181.208526611, 181.754196167, 182.299865723, 182.845535278, 183.379592896, 183.925262451, 184.424484253, 184.935317993, 185.434555054, 185.875732422, 186.31690979, 186.769699097, 187.222488403, 187.640457153, 188.058410645, 188.476364136, 188.882720947, 189.2890625, 189.70703125, 190.124984741, 190.519729614, 190.914459229, 191.309204102, 191.703948975, 192.098678589, 192.481811523, 192.864944458, 193.259674072, 193.654418945, 194.049163818, 194.432281494, 194.838638306, 195.244979858, 195.65133667, 196.069290161, 196.475646973, 196.881988525, 197.288345337, 197.741134644, 198.19392395, 198.646713257, 199.087890625, 199.529067993, 199.970245361, 200.411422729, 200.806167603, 201.200897217, 201.59564209, 201.990386963, 202.361907959, 202.733413696, 203.116546631, 203.499679565, 203.871200562, 204.265930176, 204.660675049, 205.055419922, 205.426940918, 205.810058594, 206.193191528, 206.564712524, 206.924621582, 207.28453064, 207.656051636, 208.027572632, 208.352645874, 208.677734375, 209.002807617, 209.327880859, 209.65296936, 209.978042603, 210.291519165, 210.604980469, 210.918457031, 211.243530273, 211.580215454, 211.916915894, 212.253601074, 212.590286255, 212.926986694, 213.275283813, 213.623580933, 213.995101929, 214.366622925, 214.726531982, 215.08644104, 215.446350098, 215.85269165, 216.2706604, 216.70022583, 217.118179321, 217.536148071, 217.965713501, 218.383666992],
    "bpm_histogram": [0, 0, 0, 0, 0, 0, 0, 0, 0, 0, 0, 0, 0, 0, 0, 0, 0, 0, 0, 0, 0, 0, 0, 0, 0, 0, 0, 0, 0, 0, 0, 0, 0, 0, 0, 0, 0, 0, 0, 0, 0, 0, 0, 0, 0, 0, 0, 0, 0, 0, 0, 0, 0, 0, 0, 0, 0, 0, 0, 0, 0, 0, 0, 0, 0, 0, 0, 0, 0, 0, 0, 0, 0, 0, 0, 0, 0, 0, 0, 0, 0, 0, 0, 0, 0, 0, 0, 0, 0.00415800418705, 0, 0, 0.00831600837409, 0.00207900209352, 0, 0.00831600837409, 0, 0.010395010002, 0, 0, 0.00415800418705, 0, 0.014553014189, 0, 0.0395010411739, 0, 0.0270270276815, 0, 0, 0.0478170476854, 0, 0.0478170476854, 0, 0.010395010002, 0, 0, 0.0124740125611, 0, 0.0270270276815, 0, 0, 0.0395010411739, 0, 0, 0.0249480251223, 0, 0, 0.0498960502446, 0, 0, 0.0602910593152, 0, 0, 0, 0.0665280669928, 0, 0, 0.043659042567, 0, 0, 0, 0.0207900200039, 0, 0, 0, 0.0519750528038, 0, 0, 0, 0.0686070695519, 0, 0, 0, 0.0790020823479, 0, 0, 0, 0, 0.0228690225631, 0, 0, 0, 0.029106028378, 0.00207900209352, 0, 0, 0, 0, 0.0374220386147, 0, 0, 0, 0, 0.0457380451262, 0, 0, 0, 0, 0, 0.0457380451262, 0, 0, 0, 0, 0, 0, 0.0353430360556, 0, 0, 0, 0, 0, 0.0124740125611, 0, 0, 0, 0, 0, 0, 0, 0, 0, 0, 0, 0, 0, 0, 0, 0, 0, 0, 0, 0, 0, 0, 0, 0, 0, 0, 0, 0, 0, 0, 0, 0, 0, 0, 0, 0, 0, 0, 0, 0, 0, 0, 0, 0, 0, 0, 0, 0, 0, 0, 0, 0, 0, 0, 0, 0, 0, 0]
},
"tonal": {
    "chords_changes_rate": 0.053601693362,
    "chords_number_rate": 0.00275423726998,
    "chords_strength": {
        "mean": 0.546286642551,
        "stdev": 0.182118818164
    },
    "hpcp_crest": {
        "mean": 15.9703874588,
        "stdev": 8.15842914581
    },
    "hpcp_entropy": {
        "mean": 1.69948768616,
        "stdev": 0.787095308304
    },
    "key_edma": {
        "strength": 0.871113359928,
        "key": "D",
        "scale": "major"
    },
    "key_krumhansl": {
        "strength": 0.873051762581,
        "key": "D",
        "scale": "major"
    },
    "key_temperley": {
        "strength": 0.872295439243,
        "key": "D",
        "scale": "major"
    },
    "tuning_diatonic_strength": 0.730039536953,
    "tuning_equal_tempered_deviation": 0.0515017919242,
    "tuning_frequency": 448.208557129,
    "tuning_nontempered_energy_ratio": 0.715837419033,
    "hpcp": {
        "mean": [0.323953926563, 0.163208737969, 0.0712902396917, 0.0621383152902, 0.0614172928035, 0.0908343270421, 0.123641267419, 0.109257183969, 0.0846411734819, 0.0787742957473, 0.0800269320607, 0.145473867655, 0.206760451198, 0.181628733873, 0.295637875795, 0.38915798068, 0.242088660598, 0.13419675827, 0.118821933866, 0.107618547976, 0.181164905429, 0.229332149029, 0.145047754049, 0.0898771211505, 0.0797506794333, 0.0691160857677, 0.139431923628, 0.183167397976, 0.107472889125, 0.0969093069434, 0.12049856782, 0.0713865309954, 0.0469305105507, 0.0610271953046, 0.0902323424816, 0.255704522133],
        "stdev": [0.352619320154, 0.225202262402, 0.17409157753, 0.158818483353, 0.155843317509, 0.190939232707, 0.239583522081, 0.214598074555, 0.187131673098, 0.178954660892, 0.171833321452, 0.224218532443, 0.279317378998, 0.241531342268, 0.291886568069, 0.366361945868, 0.256574422121, 0.214423596859, 0.201690137386, 0.179809480906, 0.234133660793, 0.299753218889, 0.210322767496, 0.180985242128, 0.178189441562, 0.153762713075, 0.218024998903, 0.280055135489, 0.174515515566, 0.186560019851, 0.241711229086, 0.157949611545, 0.132980450988, 0.158352479339, 0.188934475183, 0.300891816616]
    },
    "chords_histogram": [41.1016960144, 3.53813552856, 17.3940677643, 2.90254235268, 0.762711882591, 1.29237282276, 0, 0.487288147211, 0.529660999775, 0, 1.56779658794, 0.169491529465, 0.127118647099, 0.0211864411831, 0, 3.22033905983, 1.80084741116, 7.64830493927, 0.0423728823662, 0.508474588394, 1.08050847054, 3.22033905983, 7.20338964462, 5.38135576248],
    "thpcp": [1, 0.622083246708, 0.344838768244, 0.305330842733, 0.276542067528, 0.465530484915, 0.5893034935, 0.372722029686, 0.230952784419, 0.204931378365, 0.177604183555, 0.358291298151, 0.470676183701, 0.276167750359, 0.24902305007, 0.309639215469, 0.183438435197, 0.120595008135, 0.156818568707, 0.23186558485, 0.657071232796, 0.832448363304, 0.419389426708, 0.183191001415, 0.159673750401, 0.15782096982, 0.233412474394, 0.317714840174, 0.280752778053, 0.217498227954, 0.20242241025, 0.205641239882, 0.373816996813, 0.53130209446, 0.466722369194, 0.759685993195],
    "chords_key": "D",
    "chords_scale": "major"
}
}