{
"metadata": {
    "version": {
        "essentia": "2.1-dev",
        "essentia_git_sha": "v2.1_beta3-415-gd5473f3",
        "extractor": "music 2.0"
    },
    "audio_properties": {
        "analysis": {
            "equal_loudness": 0,
            "length": 119.119430542,
            "sample_rate": 44100,
            "start_time": 0,
            "downmix": "mix"
        },
        "bit_rate": 128000,
        "length": 119.119430542,
        "lossless": 0,
        "number_channels": 2,
        "replay_gain": -5.22625160217,
        "sample_rate": 44100,
        "codec": "mp3",
        "md5_encoded": "39476282cec12ff191c8055528e70291"
    },
    "tags": {
        "file_name": "music_of_the_spheres-matteis_ground_after_the_scotch_humour.mp3",
        "album": ["Music of the Spheres"],
        "artist": ["Music of the Spheres"],
        "artistwebpage": ["http:\/\/www.magnatune.com\/artists\/spheres"],
        "composer": ["www.magnatune.com\/artists\/spheres"],
        "copyright": ["2004 Music of the Spheres - Licensed to the public under http:\/\/creativecommons.org\/licenses\/by-nc-sa\/1.0\/ verify at http:\/\/www.magnatune.com\/artists\/spheres"],
        "date": ["2004"],
        "encodedby": ["http:\/\/www.magnatune.com\/"],
        "filewebpage": ["http:\/\/www.magnatune.com\/artists\/spheres"],
        "genre": ["Classical"],
        "length": ["119000"],
        "originalartist": ["http:\/\/www.magnatune.com\/artists\/spheres"],
        "title": ["Matteis: Ground After the Scot"],
        "tracknumber": ["1"]
    }
},
"lowlevel": {
    "average_loudness": 0.587590038776,
    "barkbands_crest": {
        "mean": 10.7339086533,
        "stdev": 4.08372783661
    },
    "barkbands_flatness_db": {
        "mean": 0.159735754132,
        "stdev": 0.0453086793423
    },
    "barkbands_kurtosis": {
        "mean": 3.51734304428,
        "stdev": 15.5842838287
    },
    "barkbands_skewness": {
        "mean": 1.06058168411,
        "stdev": 1.27239072323
    },
    "barkbands_spread": {
        "mean": 17.5988674164,
        "stdev": 8.32964420319
    },
    "dissonance": {
        "mean": 0.447368651628,
        "stdev": 0.0361584872007
    },
    "dynamic_complexity": 3.90288805962,
    "erbbands_crest": {
        "mean": 11.767077446,
        "stdev": 5.38822078705
    },
    "erbbands_flatness_db": {
        "mean": 0.195016443729,
        "stdev": 0.0439854040742
    },
    "erbbands_kurtosis": {
        "mean": 0.44645228982,
        "stdev": 2.42851805687
    },
    "erbbands_skewness": {
        "mean": 0.455475270748,
        "stdev": 0.781048119068
    },
    "erbbands_spread": {
        "mean": 28.9767513275,
        "stdev": 10.5818338394
    },
    "hfc": {
        "mean": 15.4268636703,
        "stdev": 19.2296161652
    },
    "loudness_ebu128": {
        "integrated": -16.9857749939,
        "loudness_range": 5.74192047119,
        "momentary": {
            "mean": -30.9988098145,
            "stdev": 56.9398574829
        },
        "short_term": {
            "mean": -24.452753067,
            "stdev": 40.9002876282
        }
    },
    "melbands_crest": {
        "mean": 13.7369308472,
        "stdev": 5.84616374969
    },
    "melbands_flatness_db": {
        "mean": 0.194819048047,
        "stdev": 0.0682376623154
    },
    "melbands_kurtosis": {
        "mean": 7.72239732742,
        "stdev": 29.6268367767
    },
    "melbands_skewness": {
        "mean": 1.70866143703,
        "stdev": 1.35539793968
    },
    "melbands_spread": {
        "mean": 28.0277366638,
        "stdev": 26.417011261
    },
    "pitch_salience": {
        "mean": 0.493982553482,
        "stdev": 0.119206011295
    },
    "silence_rate_20dB": {
        "mean": 1,
        "stdev": 0
    },
    "silence_rate_30dB": {
        "mean": 0.993374884129,
        "stdev": 0.0811260193586
    },
    "silence_rate_60dB": {
        "mean": 0.118667185307,
        "stdev": 0.323395460844
    },
    "spectral_centroid": {
        "mean": 1748.45458984,
        "stdev": 2115.89550781
    },
    "spectral_complexity": {
        "mean": 12.1363992691,
        "stdev": 5.15325450897
    },
    "spectral_decrease": {
        "mean": -4.15959933164e-09,
        "stdev": 5.1101900489e-09
    },
    "spectral_energy": {
        "mean": 0.0170985665172,
        "stdev": 0.0207235328853
    },
    "spectral_energyband_high": {
        "mean": 0.000378736382117,
        "stdev": 0.000725428690203
    },
    "spectral_energyband_low": {
        "mean": 0.00189884915017,
        "stdev": 0.00250922841951
    },
    "spectral_energyband_middle_high": {
        "mean": 0.00568573595956,
        "stdev": 0.0108228716999
    },
    "spectral_energyband_middle_low": {
        "mean": 0.00976535584778,
        "stdev": 0.0160537399352
    },
    "spectral_entropy": {
        "mean": 7.12832403183,
        "stdev": 0.700804948807
    },
    "spectral_flux": {
        "mean": 0.0494368560612,
        "stdev": 0.0313127376139
    },
    "spectral_kurtosis": {
        "mean": 5.57508611679,
        "stdev": 3.88736796379
    },
    "spectral_rms": {
        "mean": 0.00356980180368,
        "stdev": 0.00198446167633
    },
    "spectral_rolloff": {
        "mean": 2247.02197266,
        "stdev": 3731.12353516
    },
    "spectral_skewness": {
        "mean": 1.67619526386,
        "stdev": 0.561084091663
    },
    "spectral_spread": {
        "mean": 5500586.5,
        "stdev": 7788419.5
    },
    "spectral_strongpeak": {
        "mean": 1.53261315823,
        "stdev": 1.7314633131
    },
    "zerocrossingrate": {
        "mean": 0.07570309937,
        "stdev": 0.0967086032033
    },
    "barkbands": {
        "mean": [4.54371984233e-05, 0.000323710613884, 0.000976427108981, 0.00137582852039, 0.00124587595928, 0.00127815629821, 0.00164694851264, 0.0010848606471, 0.00305209239013, 0.00231053121388, 5.65499067307e-05, 6.31421862636e-05, 0.000480590068037, 0.000773582840338, 0.000628506706562, 0.000476065702969, 0.000485836295411, 0.000172465443029, 0.000151495187311, 0.000218377928832, 0.000129229738377, 2.84160669253e-05, 3.72122267436e-05, 3.48294706782e-05, 1.74904671439e-05, 4.9071986723e-06, 5.97256244461e-10],
        "stdev": [9.22763429116e-05, 0.000532493228093, 0.00182573031634, 0.00368658010848, 0.00961968302727, 0.00281103746966, 0.00471931882203, 0.00251620681956, 0.00777329970151, 0.00786214601249, 0.00010222401761, 0.000104902122985, 0.00144458608702, 0.00268603721634, 0.00202448922209, 0.00130344147328, 0.00103286572266, 0.000457973656012, 0.000313463009661, 0.000484057614813, 0.000299453095067, 6.28869020147e-05, 0.000121754441352, 7.21374963177e-05, 3.24708598782e-05, 1.00400357042e-05, 1.05740294298e-09]
    },
    "erbbands": {
        "mean": [0.00540666515008, 0.103810451925, 0.958065271378, 2.84207081795, 3.31392145157, 3.897346735, 11.4957637787, 9.64696407318, 9.86718559265, 40.3222999573, 40.2699661255, 69.6347732544, 47.5507087708, 47.8297233582, 3.6593003273, 5.15019845963, 24.6589775085, 16.4233646393, 47.78565979, 33.0311775208, 26.9610137939, 28.1197566986, 11.5222988129, 12.474155426, 6.91514921188, 8.92796230316, 9.46782875061, 2.93673038483, 1.19363236427, 1.03646564484, 0.867923796177, 0.862123847008, 0.466298848391, 0.212523132563, 0.119324050844, 0.0470899343491, 0.00410243682563, 9.85802034847e-05, 1.49441748363e-05, 2.13045077544e-05],
        "stdev": [0.00858871173114, 0.171156272292, 1.73080968857, 5.91478681564, 7.35095930099, 24.8681335449, 78.2012634277, 18.3554782867, 20.45378685, 130.536911011, 97.0640182495, 191.217453003, 128.054321289, 190.156600952, 8.20174980164, 9.43522834778, 74.8469314575, 38.2020645142, 159.137313843, 75.929069519, 80.9526977539, 56.6109466553, 21.1381721497, 29.5281143188, 11.7570705414, 18.4795246124, 23.9252357483, 6.08858680725, 2.31004333496, 2.41057801247, 3.17253470421, 2.11786913872, 0.888661980629, 0.383566737175, 0.23429942131, 0.103661954403, 0.00787284690887, 0.000183815238415, 1.73391945282e-05, 2.49436543527e-05]
    },
    "gfcc": {
        "mean": [-97.2006988525, 98.0268630981, -134.827102661, 30.6683559418, -64.254234314, 6.36157512665, -44.4777259827, 14.0560655594, -18.930273056, 0.444149076939, -21.1249065399, -16.3544311523, -5.50633478165],
        "cov": [[60251.1796875, 4011.13696289, -7951.49462891, 1474.4654541, -3594.71606445, 259.267913818, -2506.59985352, 1056.52722168, -1115.02624512, 116.155090332, -1452.73156738, -968.901977539, -300.247131348], [4011.13696289, 1482.71520996, -386.112518311, 68.8203201294, -232.751953125, -100.613632202, -206.638320923, -210.339141846, -37.9017219543, -80.9702987671, 104.867530823, -87.5197906494, -3.30085515976], [-7951.49462891, -386.112518311, 1365.11901855, -120.508247375, 448.561767578, -13.2235183716, 281.867126465, -149.287033081, 118.852035522, 0.567691981792, 204.160232544, 154.318954468, 23.4747543335], [1474.4654541, 68.8203201294, -120.508247375, 216.020462036, -63.2300224304, 58.7280197144, -53.3337135315, 51.8843612671, -30.2229499817, 10.7139539719, -52.223110199, -31.0643844604, -23.5472202301], [-3594.71606445, -232.751953125, 448.561767578, -63.2300224304, 342.801391602, 23.3244895935, 156.021682739, -62.9751434326, 67.4044647217, -7.04465723038, 77.3506164551, 65.1840209961, 30.3486709595], [259.267913818, -100.613632202, -13.2235183716, 58.7280197144, 23.3244895935, 166.072387695, 33.751537323, 33.9724082947, -37.7606887817, -18.740814209, -40.731010437, 4.3015294075, 24.0209121704], [-2506.59985352, -206.638320923, 281.867126465, -53.3337135315, 156.021682739, 33.751537323, 212.367660522, -14.3647089005, 45.1812744141, -31.2873287201, 43.2608604431, 21.97407341, 19.9199390411], [1056.52722168, -210.339141846, -149.287033081, 51.8843612671, -62.9751434326, 33.9724082947, -14.3647089005, 176.775848389, 12.3874368668, 47.481967926, -64.1280136108, -3.20237278938, -25.4844551086], [-1115.02624512, -37.9017219543, 118.852035522, -30.2229499817, 67.4044647217, -37.7606887817, 45.1812744141, 12.3874368668, 130.111938477, 50.9102134705, 53.8820457458, -4.42936515808, -28.6157302856], [116.155090332, -80.9702987671, 0.567691981792, 10.7139539719, -7.04465723038, -18.740814209, -31.2873287201, 47.481967926, 50.9102134705, 138.273757935, 30.8988037109, 5.14971446991, -46.8693466187], [-1452.73156738, 104.867530823, 204.160232544, -52.223110199, 77.3506164551, -40.731010437, 43.2608604431, -64.1280136108, 53.8820457458, 30.8988037109, 152.018692017, 44.1969490051, -6.15140295029], [-968.901977539, -87.5197906494, 154.318954468, -31.0643844604, 65.1840209961, 4.3015294075, 21.97407341, -3.20237278938, -4.42936515808, 5.14971446991, 44.1969490051, 115.506866455, 51.0963401794], [-300.247131348, -3.30085515976, 23.4747543335, -23.5472202301, 30.3486709595, 24.0209121704, 19.9199390411, -25.4844551086, -28.6157302856, -46.8693466187, -6.15140295029, 51.0963401794, 127.873672485]],
        "icov": [[0.0004155014758, -0.000736537855119, 0.00122853810899, -0.00046459652367, 0.00101642531808, -0.000622442981694, 0.00120322895236, -0.00113489804789, 0.000988412066363, -0.000648995162919, 0.0009544553468, -1.0580019989e-05, 0.000141032287502], [-0.000736537855119, 0.00286265253089, -0.00179592031054, 3.84351096727e-06, -0.0010704487795, 0.00122458883561, -0.00108286796603, 0.00368766509928, -0.00238798139617, 0.00241646077484, -0.00373675511219, 0.000714666384738, -0.000511474790983], [0.00122853810899, -0.00179592031054, 0.00543775781989, -0.00182692753151, 0.00199984526262, -0.00161085103173, 0.00260116485879, -0.00195517065004, 0.00243182084523, -0.00171338953078, 0.00201849453151, -0.00154920609202, 0.00116901355796], [-0.00046459652367, 3.84351096727e-06, -0.00182692753151, 0.00723268184811, -0.00134181219619, -0.00167375593446, -0.000218223503907, -0.000825868628453, -0.000196229870198, -1.63701752172e-05, 0.000276911334367, 0.000918477657251, 0.000675140647218], [0.00101642531808, -0.0010704487795, 0.00199984526262, -0.00134181219619, 0.00953961163759, -0.00273248716258, 0.000937452772632, -9.65163999354e-05, -0.00022958550835, -0.001373957959, 0.00223513809033, -0.00159072515089, 1.68556216522e-05], [-0.000622442981694, 0.00122458883561, -0.00161085103173, -0.00167375593446, -0.00273248716258, 0.00971285719424, -0.00388125283644, 0.000409496511566, 0.00135194614995, 0.000657138007227, -0.000701441837009, 0.000314493488986, -0.00154820352327], [0.00120322895236, -0.00108286796603, 0.00260116485879, -0.000218223503907, 0.000937452772632, -0.00388125283644, 0.0139241861179, -0.00486630061641, 0.000918629637454, 0.00218394817784, -0.000502112146933, 0.00294199213386, -0.000546461553313], [-0.00113489804789, 0.00368766509928, -0.00195517065004, -0.000825868628453, -9.65163999354e-05, 0.000409496511566, -0.00486630061641, 0.0160399582237, -0.00680160429329, -0.000390837085433, 0.00107191910502, -0.00430738739669, 0.00164541974664], [0.000988412066363, -0.00238798139617, 0.00243182084523, -0.000196229870198, -0.00022958550835, 0.00135194614995, 0.000918629637454, -0.00680160429329, 0.0167448371649, -0.00559526821598, -0.000870028685313, 0.00407379725948, 0.000105166494905], [-0.000648995162919, 0.00241646077484, -0.00171338953078, -1.63701752172e-05, -0.001373957959, 0.000657138007227, 0.00218394817784, -0.000390837085433, -0.00559526821598, 0.0141507126391, -0.00608950015157, -0.000638937752228, 0.00253149913624], [0.0009544553468, -0.00373675511219, 0.00201849453151, 0.000276911334367, 0.00223513809033, -0.000701441837009, -0.000502112146933, 0.00107191910502, -0.000870028685313, -0.00608950015157, 0.0185316205025, -0.00667006149888, 0.002848230768], [-1.0580019989e-05, 0.000714666384738, -0.00154920609202, 0.000918477657251, -0.00159072515089, 0.000314493488986, 0.00294199213386, -0.00430738739669, 0.00407379725948, -0.000638937752228, -0.00667006149888, 0.0175610035658, -0.0072116618976], [0.000141032287502, -0.000511474790983, 0.00116901355796, 0.000675140647218, 1.68556216522e-05, -0.00154820352327, -0.000546461553313, 0.00164541974664, 0.000105166494905, 0.00253149913624, 0.002848230768, -0.0072116618976, 0.0127178383991]]
    },
    "melbands": {
        "mean": [7.01739190845e-05, 0.000367375236237, 0.000553128658794, 0.000210184371099, 0.000385724735679, 0.000222280563321, 0.000187041267054, 0.000391399546061, 0.000431922904681, 0.000380118377507, 0.000253301899647, 0.00024014567316, 9.12376617634e-06, 4.78504080093e-06, 4.54141700175e-05, 3.60738413292e-05, 3.29860959027e-05, 8.90628944035e-05, 4.73419313494e-05, 3.12765769195e-05, 2.95799254673e-05, 2.74532467301e-05, 2.09348454518e-05, 7.6676669778e-06, 1.03918473542e-05, 6.00661041972e-06, 4.94705409437e-06, 5.87202612223e-06, 7.6910291682e-06, 2.32622824115e-06, 1.45360161241e-06, 6.80169648604e-07, 4.64969133418e-07, 7.31804504994e-07, 5.18938293226e-07, 4.59174572143e-07, 5.64799790936e-07, 3.0765147585e-07, 2.71396743301e-07, 1.49299481222e-07],
        "stdev": [0.000107707644929, 0.000658893375657, 0.00119533704128, 0.000519636145327, 0.00277860881761, 0.000423686607974, 0.000426648941357, 0.00122715649195, 0.00110662856605, 0.00103572534863, 0.000750935578253, 0.000922788924072, 1.65929977811e-05, 8.74336456036e-06, 0.000125287755509, 0.000101025689219, 8.94859040272e-05, 0.000315194105497, 0.000137330120197, 7.04203848727e-05, 0.000112178182462, 6.22554507572e-05, 5.63986031921e-05, 1.96790479094e-05, 2.62801713689e-05, 1.2496776435e-05, 9.74256454356e-06, 1.35526988743e-05, 2.21878235607e-05, 6.81878464093e-06, 4.18061063101e-06, 1.66703898685e-06, 8.70965493505e-07, 2.15526210923e-06, 2.56079442806e-06, 1.18366847346e-06, 1.47795674366e-06, 5.77528851409e-07, 6.21563060577e-07, 2.762286897e-07]
    },
    "melbands128": {
        "mean": [2.38195934799e-05, 3.07734699163e-05, 7.43554555811e-05, 0.000172072715941, 0.000433260021964, 0.000470476079499, 0.000540721521247, 0.000753247761168, 0.000268996693194, 0.000116847702884, 0.000129503663629, 0.000401513156248, 0.000373521470465, 0.000495446496643, 0.000255871331319, 5.06977703481e-05, 9.76506416919e-05, 0.000130540211103, 0.000234307066421, 0.000702126766555, 0.000219044974074, 0.000142294898978, 0.000360535515938, 0.000859103805851, 0.00065234961221, 7.25034042262e-05, 7.82935021562e-05, 0.000133402616484, 0.000617880315986, 0.000371531816199, 7.95282321633e-05, 9.41257167142e-06, 1.15194661703e-05, 1.6305398276e-06, 5.46813180335e-06, 4.28171415479e-06, 5.46382443645e-06, 1.66046793311e-05, 0.000115434100735, 6.07831025263e-05, 1.94366566575e-06, 2.27448635997e-05, 9.16734734346e-06, 1.64725024661e-05, 0.000171421823325, 7.4495204899e-05, 4.81224305986e-05, 4.76014829474e-05, 3.68279688701e-05, 7.0396308729e-05, 1.14367439892e-05, 1.28765395857e-05, 6.41254300717e-05, 1.45734820762e-05, 2.38922461904e-06, 4.24244826718e-05, 2.50306438829e-05, 4.72842984891e-05, 6.0223114815e-06, 2.03665103982e-06, 7.39016422813e-06, 9.67188680079e-06, 1.4616687622e-05, 5.58801366424e-06, 1.50331516124e-05, 3.84391705666e-06, 2.21502432396e-06, 6.04598199061e-06, 3.51590711034e-06, 6.96412234902e-06, 5.19664035892e-06, 5.31195746589e-06, 9.68740823737e-06, 8.44801525091e-06, 5.16111185789e-06, 1.9274357328e-06, 1.38793006954e-06, 1.91733306565e-06, 1.53772373324e-06, 1.07429855234e-06, 5.46552939795e-07, 5.11628513777e-07, 6.90708930051e-07, 5.12597296165e-07, 2.92017688253e-07, 2.43029745661e-07, 1.28219733142e-06, 1.0001673445e-06, 2.17970352878e-07, 2.78195386727e-07, 7.39063239052e-07, 2.27587321433e-07, 5.28268913058e-07, 8.0701272509e-07, 4.2886622964e-07, 2.64341508682e-07, 2.66339782229e-07, 3.73490394168e-07, 3.25222913489e-07, 1.77011173719e-07, 1.99971850634e-07, 8.89329214715e-08, 1.84842946283e-07, 1.19063692239e-07, 1.50907496277e-07, 9.95713236307e-08, 1.82525042192e-07, 8.59275388621e-08, 9.97761304689e-08, 3.70956065865e-08, 3.56847102978e-08, 1.81252151066e-08, 1.8082998432e-09, 3.17201993838e-12, 3.05168347189e-12, 2.95768466142e-12, 2.86267103772e-12, 2.76797595261e-12, 2.69847057026e-12, 2.63908838359e-12, 2.58213068982e-12, 2.53526821932e-12, 2.48551114586e-12, 2.43299694627e-12, 2.40900940689e-12, 2.39161837036e-12, 2.37515649509e-12, 2.35729968531e-12],
        "stdev": [4.0936327423e-05, 5.43032583664e-05, 0.000147815910168, 0.000311887677526, 0.000878400111105, 0.000864097324666, 0.00109499320388, 0.00207219738513, 0.000598986225668, 0.000187457728316, 0.000202114053536, 0.00459477724507, 0.00342496065423, 0.00113356672227, 0.000551646458916, 9.35087664402e-05, 0.000269064417807, 0.000416146707721, 0.000759714341257, 0.0025178855285, 0.000656890624668, 0.000563759822398, 0.00136395718437, 0.00244630384259, 0.00223199906759, 0.000190926803043, 0.000287183996988, 0.000384465121897, 0.00211391458288, 0.00172423187178, 0.000489081197884, 1.8721950255e-05, 2.37060830841e-05, 2.82729115497e-06, 1.46736529132e-05, 1.23737136164e-05, 1.0173695955e-05, 3.46268534486e-05, 0.000368201377569, 0.000211661114008, 4.15218846683e-06, 5.9425834479e-05, 2.20449637709e-05, 6.28059351584e-05, 0.000640214595478, 0.000326090055751, 0.00036502169678, 0.000242802561843, 0.00011537593673, 0.000216803877265, 4.83602198074e-05, 4.18128402089e-05, 0.000237221844145, 8.51412696647e-05, 8.9359946287e-06, 0.000117050134577, 7.59171234677e-05, 0.000158377806656, 1.73976150109e-05, 7.59397198635e-06, 2.22353937716e-05, 3.9548456698e-05, 7.02144097886e-05, 2.09960726352e-05, 3.95142669731e-05, 1.39289513754e-05, 1.14974336611e-05, 1.8397509848e-05, 8.98834423424e-06, 2.23941260629e-05, 1.87851401279e-05, 2.25290696108e-05, 4.28006496804e-05, 2.85195947072e-05, 2.15468044189e-05, 9.52645768848e-06, 3.59353612112e-06, 5.34985520062e-06, 7.51239304009e-06, 5.38447011422e-06, 1.80771110081e-06, 1.71243470959e-06, 1.46968864101e-06, 1.36126925554e-06, 1.01947330222e-06, 6.18295871391e-07, 3.82411099054e-06, 8.10422352515e-06, 1.71100282387e-06, 8.8576109647e-07, 2.54435758507e-06, 6.9804798386e-07, 1.71181147834e-06, 2.97995711662e-06, 1.51566496243e-06, 6.97779285019e-07, 7.23548907899e-07, 1.0815888345e-06, 1.14498516268e-06, 5.79585332616e-07, 5.34743037406e-07, 2.08809083801e-07, 5.06051037519e-07, 3.15773178272e-07, 4.38219274201e-07, 2.81039632455e-07, 7.2121622452e-07, 2.35711155483e-07, 2.56711359725e-07, 8.92589753221e-08, 8.19352052872e-08, 5.27465005007e-08, 7.64566188138e-09, 5.70001684741e-12, 5.48029894035e-12, 5.28755598334e-12, 5.11431305292e-12, 4.95508755555e-12, 4.81164543972e-12, 4.68463072154e-12, 4.56900706505e-12, 4.46761724837e-12, 4.37784487481e-12, 4.30023291281e-12, 4.23666093527e-12, 4.18592807985e-12, 4.14859032544e-12, 4.12485930829e-12]
    },
    "mfcc": {
        "mean": [-703.087280273, 117.532722473, -10.1699151993, 20.5498390198, -0.592565059662, -7.6272482872, -8.8978843689, -5.85049629211, 2.69533848763, 11.8081331253, -2.93737244606, -3.19687056541, -12.6192455292],
        "cov": [[14388.2734375, 1915.84741211, -827.401672363, 337.677001953, -188.420043945, -428.131408691, -330.348968506, -186.503250122, 206.141174316, 467.719940186, -117.34135437, -131.772842407, -493.904876709], [1915.84741211, 1637.21105957, 34.5707511902, 151.980285645, 29.6509246826, -6.11123943329, -113.734848022, -121.154243469, -150.680053711, -75.0892791748, -39.0603752136, -17.9095001221, 30.6690788269], [-827.401672363, 34.5707511902, 357.21685791, 21.2159881592, 29.452457428, 49.483089447, 47.5627593994, 21.534954071, -35.4534568787, -55.7338294983, 6.64243555069, 8.12833118439, 9.60505867004], [337.677001953, 151.980285645, 21.2159881592, 148.636764526, 27.0272312164, 0.776161968708, -8.07882881165, -5.99415302277, -1.39647889137, 12.5074748993, 14.7424764633, 30.9697360992, 20.3023109436], [-188.420043945, 29.6509246826, 29.452457428, 27.0272312164, 131.543487549, 43.6979103088, 12.4435024261, 9.61267948151, 1.02236676216, -5.58602523804, -1.06706511974, 8.77659416199, 42.3878211975], [-428.131408691, -6.11123943329, 49.483089447, 0.776161968708, 43.6979103088, 131.935791016, 53.9570121765, 21.5305671692, -1.03750264645, -10.3671474457, -5.17159461975, -17.0078010559, -12.0778217316], [-330.348968506, -113.734848022, 47.5627593994, -8.07882881165, 12.4435024261, 53.9570121765, 116.029090881, 51.6314201355, 17.6409759521, -1.87870526314, -5.00740766525, -25.9335098267, -35.8767585754], [-186.503250122, -121.154243469, 21.534954071, -5.99415302277, 9.61267948151, 21.5305671692, 51.6314201355, 113.356292725, 41.0105934143, 5.88545942307, -8.22950077057, -34.7162666321, -32.3686065674], [206.141174316, -150.680053711, -35.4534568787, -1.39647889137, 1.02236676216, -1.03750264645, 17.6409759521, 41.0105934143, 122.4686203, 48.37159729, -14.8892240524, -18.2778644562, -30.3860111237], [467.719940186, -75.0892791748, -55.7338294983, 12.5074748993, -5.58602523804, -10.3671474457, -1.87870526314, 5.88545942307, 48.37159729, 126.520584106, 32.9219512939, 13.1353979111, -8.46785068512], [-117.34135437, -39.0603752136, 6.64243555069, 14.7424764633, -1.06706511974, -5.17159461975, -5.00740766525, -8.22950077057, -14.8892240524, 32.9219512939, 121.410881042, 78.3590621948, 39.730758667], [-131.772842407, -17.9095001221, 8.12833118439, 30.9697360992, 8.77659416199, -17.0078010559, -25.9335098267, -34.7162666321, -18.2778644562, 13.1353979111, 78.3590621948, 168.25944519, 91.8571014404], [-493.904876709, 30.6690788269, 9.60505867004, 20.3023109436, 42.3878211975, -12.0778217316, -35.8767585754, -32.3686065674, -30.3860111237, -8.46785068512, 39.730758667, 91.8571014404, 193.528839111]],
        "icov": [[0.000169738515979, -0.000218566230615, 0.000241124027525, -0.000199065296329, -5.11044854647e-05, 0.000411726039601, 8.90075825737e-05, 9.20210659388e-05, -0.000189884827705, -0.000524531758856, 0.000162978860317, -0.000127786435769, 0.000519951223396], [-0.000218566230615, 0.00115578982513, -0.000332791096298, -0.000680166878738, -2.04094121727e-05, -0.000719174742699, 0.000572098128032, 0.000341726990882, 0.00109656515997, 0.000824856921099, 3.1278203096e-05, 0.000539414177183, -0.000584480992984], [0.000241124027525, -0.000332791096298, 0.00373858609237, -0.000794969499111, -0.00030718036578, -2.49820823228e-05, -0.000956220610533, -0.000347080640495, 0.000372699665604, 0.000604437431321, -0.000127469262225, -0.000419440300902, 0.000706580176484], [-0.000199065296329, -0.000680166878738, -0.000794969499111, 0.00865216180682, -0.00142791157123, -3.60983794963e-05, -0.000292786076898, -0.000566302391235, -0.000564396264963, -0.000496389286127, -0.00029258208815, -0.00152262952179, -0.000434515066445], [-5.11044854647e-05, -2.04094121727e-05, -0.00030718036578, -0.00142791157123, 0.010008238256, -0.00342170381919, 5.37578562216e-05, -0.000800577050541, -0.00056526780827, 0.00021314471087, 0.000549338525161, 0.000461604155134, -0.00290298904292], [0.000411726039601, -0.000719174742699, -2.49820823228e-05, -3.60983794963e-05, -0.00342170381919, 0.0117894718423, -0.0043125897646, 0.000582520733587, -0.000109161766886, -0.00111580651719, 0.000136419519549, 0.000102962389064, 0.0018100803718], [8.90075825737e-05, 0.000572098128032, -0.000956220610533, -0.000292786076898, 5.37578562216e-05, -0.0043125897646, 0.014261960052, -0.00421895366162, 0.000151056679897, -0.00023734192655, -0.000200344598852, 0.000264781963779, 0.00180080754217], [9.20210659388e-05, 0.000341726990882, -0.000347080640495, -0.000566302391235, -0.000800577050541, 0.000582520733587, -0.00421895366162, 0.01327056624, -0.00356655288488, 0.000575836689677, -0.00118832779117, 0.0022363725584, 0.000554165861104], [-0.000189884827705, 0.00109656515997, 0.000372699665604, -0.000564396264963, -0.00056526780827, -0.000109161766886, 0.000151056679897, -0.00356655288488, 0.0130457533523, -0.00392739335075, 0.0027868563775, -0.000462598254671, 0.000454717810499], [-0.000524531758856, 0.000824856921099, 0.000604437431321, -0.000496389286127, 0.00021314471087, -0.00111580651719, -0.00023734192655, 0.000575836689677, -0.00392739335075, 0.0130384573713, -0.00450007803738, 0.000937544216868, -0.00107859983109], [0.000162978860317, 3.1278203096e-05, -0.000127469262225, -0.00029258208815, 0.000549338525161, 0.000136419519549, -0.000200344598852, -0.00118832779117, 0.0027868563775, -0.00450007803738, 0.0137007506564, -0.00604282831773, 0.000396438786993], [-0.000127786435769, 0.000539414177183, -0.000419440300902, -0.00152262952179, 0.000461604155134, 0.000102962389064, 0.000264781963779, 0.0022363725584, -0.000462598254671, 0.000937544216868, -0.00604282831773, 0.0116984788328, -0.00424624467269], [0.000519951223396, -0.000584480992984, 0.000706580176484, -0.000434515066445, -0.00290298904292, 0.0018100803718, 0.00180080754217, 0.000554165861104, 0.000454717810499, -0.00107859983109, 0.000396438786993, -0.00424624467269, 0.00973087735474]]
    },
    "spectral_contrast_coeffs": {
        "mean": [-0.691584169865, -0.708886682987, -0.711246073246, -0.710361540318, -0.735824465752, -0.749783813953],
        "stdev": [0.103392191231, 0.104437418282, 0.110298469663, 0.0883463025093, 0.0790257975459, 0.0653142631054]
    },
    "spectral_contrast_valleys": {
        "mean": [-8.39416980743, -8.04803466797, -9.29898452759, -9.38098812103, -9.42704868317, -12.19597435],
        "stdev": [4.21775627136, 4.30139636993, 4.02267932892, 4.01223707199, 4.01177072525, 3.42428660393]
    }
},
"rhythm": {
    "beats_count": 273,
    "beats_loudness": {
        "mean": 0.0224252939224,
        "stdev": 0.0230829715729
    },
    "bpm": 136.38760376,
    "bpm_histogram_first_peak_bpm": 136,
    "bpm_histogram_first_peak_weight": 0.550335526466,
    "bpm_histogram_second_peak_bpm": 129,
    "bpm_histogram_second_peak_spread": 0.25,
    "bpm_histogram_second_peak_weight": 0.0772058814764,
    "danceability": 1.02822196484,
    "onset_rate": 2.56837272644,
    "beats_loudness_band_ratio": {
        "mean": [0.2095477283, 0.136213645339, 0.318681836128, 0.141497403383, 0.127726405859, 0.0356889218092],
        "stdev": [0.194346681237, 0.140347316861, 0.24726369977, 0.173347488046, 0.117827348411, 0.0420419611037]
    },
    "beats_position": [0.394739210606, 0.789478421211, 1.18421769142, 1.59056687355, 1.99691605568, 2.41487526894, 2.85605430603, 3.29723358154, 3.75002264977, 4.19120168686, 4.62077093124, 5.07355976105, 5.52634906769, 5.99074840546, 6.420317173, 6.86149644852, 7.30267572403, 7.73224496841, 8.16181373596, 8.59138298035, 9.03256225586, 9.47374153137, 9.91492080688, 10.3560991287, 10.8088884354, 11.261677742, 11.7028570175, 12.1556463242, 12.6084346771, 13.0728340149, 13.5140132904, 13.9551925659, 14.3963718414, 14.8491611481, 15.2903394699, 15.7431287766, 16.1959171295, 16.6603164673, 17.1131057739, 17.5775051117, 18.0419044495, 18.4946937561, 18.9590930939, 19.365442276, 19.7950115204, 20.2245807648, 20.6541500092, 21.0837192535, 21.5132884979, 21.9544658661, 22.4072551727, 22.8484344482, 23.2896137238, 23.7191829681, 24.1603622437, 24.589931488, 25.0195007324, 25.4490699768, 25.8902492523, 26.3314285278, 26.7726078033, 27.2137870789, 27.6549663544, 28.0961437225, 28.537322998, 28.9785022736, 29.4196815491, 29.8608608246, 30.3136501312, 30.7548294067, 31.2076187134, 31.66040802, 32.1131973267, 32.5775947571, 33.0187759399, 33.4599533081, 33.901134491, 34.3423118591, 34.7951011658, 35.2362823486, 35.6774597168, 36.118637085, 36.5714263916, 37.0242156982, 37.5118370056, 37.9878463745, 38.4754638672, 38.9398651123, 39.4042625427, 39.8686599731, 40.309841156, 40.7742385864, 41.2270278931, 41.6565971375, 42.0861663818, 42.5157356262, 42.9569168091, 43.3864860535, 43.8160552979, 44.257232666, 44.6984100342, 45.139591217, 45.5923805237, 46.0335578918, 46.4863471985, 46.9507484436, 47.415145874, 47.8679351807, 48.3207244873, 48.7735137939, 49.2263031006, 49.6674804688, 50.1086616516, 50.5498390198, 50.9910202026, 51.4321975708, 51.8733787537, 52.3377761841, 52.8021774292, 53.2433547974, 53.6729240417, 54.1024932861, 54.5436706543, 54.9732398987, 55.4028091431, 55.8323783875, 56.2619476318, 56.6915168762, 57.1210861206, 57.5390472412, 57.9686164856, 58.39818573, 58.8277549744, 59.2573242188, 59.6868934631, 60.104850769, 60.5344200134, 60.9756011963, 61.4167785645, 61.8579597473, 62.2991371155, 62.7403144836, 63.169883728, 63.5994529724, 64.0290222168, 64.4585952759, 64.8881607056, 65.3177337646, 65.7589111328, 66.1884765625, 66.6296615601, 67.0592269897, 67.4771881104, 67.895149231, 68.3363265991, 68.7775039673, 69.2070770264, 69.6366424561, 70.1590881348, 70.6815414429, 71.2039871216, 71.7380523682, 72.2721099854, 72.8061676025, 73.2589569092, 73.7233581543, 74.18775177, 74.6289291382, 75.0701141357, 75.5112915039, 75.9524688721, 76.4168701172, 76.8696594238, 77.3224487305, 77.7752380371, 78.2280273438, 78.6692047119, 79.1219940186, 79.5747833252, 80.0043487549, 80.433921814, 80.8750991821, 81.3046722412, 81.7342376709, 82.1521987915, 82.5933761597, 83.0345535278, 83.3944625854, 83.7659835815, 84.1258926392, 84.4974136353, 84.8573226929, 85.228843689, 85.6003646851, 85.9718780518, 86.3317871094, 86.691696167, 87.0516052246, 87.4231262207, 87.7830352783, 88.1429443359, 88.5028533936, 88.8627624512, 89.2226715088, 89.5825805664, 89.9541015625, 90.3256225586, 90.6971435547, 91.0570526123, 91.4169616699, 91.788482666, 92.2528762817, 92.7172775269, 93.181678772, 93.7157363892, 94.2497940063, 94.7838516235, 95.3179092407, 95.8519744873, 96.3976364136, 96.8736495972, 97.3496551514, 97.825668335, 98.3016738892, 98.7776870728, 99.253692627, 99.7413101196, 100.228935242, 100.716552734, 101.215782166, 101.715011597, 102.214241028, 102.701858521, 103.189476013, 103.677093506, 104.06022644, 104.443351746, 104.814872742, 105.186393738, 105.569519043, 105.941040039, 106.324172974, 106.707298279, 107.090431213, 107.473556519, 107.868293762, 108.263038635, 108.657775879, 109.052513123, 109.447257996, 109.841995239, 110.236732483, 110.631469727, 111.0262146, 111.420951843, 111.815689087, 112.210426331, 112.605171204, 112.999908447, 113.394645691, 113.789382935, 114.218955994, 114.625305176, 115.043266296, 115.461219788, 115.879180908, 116.262313843, 116.633827209, 117.005348206, 117.376869202, 117.759994507, 118.131515503, 118.503036499],
    "bpm_histogram": [0, 0, 0, 0, 0, 0, 0, 0, 0, 0, 0, 0, 0, 0, 0, 0, 0, 0, 0, 0, 0, 0, 0, 0, 0, 0, 0, 0, 0, 0, 0, 0, 0, 0, 0, 0, 0, 0, 0, 0, 0, 0, 0, 0, 0, 0, 0, 0, 0, 0, 0, 0, 0, 0, 0, 0, 0, 0, 0, 0, 0, 0, 0, 0, 0, 0, 0, 0, 0, 0, 0, 0, 0, 0, 0, 0, 0, 0, 0, 0, 0, 0, 0, 0, 0, 0, 0, 0, 0, 0, 0, 0, 0, 0, 0, 0, 0, 0, 0, 0, 0, 0, 0, 0, 0, 0, 0, 0, 0, 0, 0.00367647060193, 0, 0.0294117648154, 0, 0, 0.0110294120386, 0, 0, 0, 0, 0.0110294120386, 0, 0, 0.0294117648154, 0, 0, 0.0257352944463, 0, 0, 0.0772058814764, 0, 0, 0, 0.125, 0, 0, 0.246323525906, 0, 0, 0, 0.176470592618, 0, 0, 0, 0.0330882370472, 0, 0, 0, 0.0147058824077, 0, 0, 0, 0.0661764740944, 0, 0, 0, 0, 0.0330882370472, 0, 0, 0, 0.0588235296309, 0.00735294120386, 0, 0, 0, 0, 0.0514705888927, 0, 0, 0, 0, 0, 0, 0, 0, 0, 0, 0, 0, 0, 0, 0, 0, 0, 0, 0, 0, 0, 0, 0, 0, 0, 0, 0, 0, 0, 0, 0, 0, 0, 0, 0, 0, 0, 0, 0, 0, 0, 0, 0, 0, 0, 0, 0, 0, 0, 0, 0, 0, 0, 0, 0, 0, 0, 0, 0, 0, 0, 0, 0, 0, 0, 0, 0, 0, 0, 0, 0, 0, 0, 0, 0, 0, 0, 0, 0, 0, 0, 0]
},
"tonal": {
    "chords_changes_rate": 0.044409815222,
    "chords_number_rate": 0.00194779899903,
    "chords_strength": {
        "mean": 0.494727909565,
        "stdev": 0.306998938322
    },
    "hpcp_crest": {
        "mean": 16.5603713989,
        "stdev": 8.49256801605
    },
    "hpcp_entropy": {
        "mean": 1.44266867638,
        "stdev": 0.732951819897
    },
    "key_edma": {
        "strength": 0.841049730778,
        "key": "E",
        "scale": "major"
    },
    "key_krumhansl": {
        "strength": 0.851569950581,
        "key": "E",
        "scale": "major"
    },
    "key_temperley": {
        "strength": 0.857993483543,
        "key": "E",
        "scale": "major"
    },
    "tuning_diatonic_strength": 0.673887610435,
    "tuning_equal_tempered_deviation": 0.00420169020072,
    "tuning_frequency": 441.272583008,
    "tuning_nontempered_energy_ratio": 0.647796750069,
    "hpcp": {
        "mean": [0.146051928401, 0.0675671994686, 0.025946456939, 0.0362384095788, 0.0422531664371, 0.175906360149, 0.306178361177, 0.171032160521, 0.026907723397, 0.0172584243119, 0.0196805652231, 0.080874286592, 0.136723011732, 0.074688538909, 0.0114735038951, 0.00887126009911, 0.0102823507041, 0.112082839012, 0.199855044484, 0.116929545999, 0.271094530821, 0.45392626524, 0.225124150515, 0.0315097756684, 0.015040894039, 0.00858165882528, 0.0580223314464, 0.098992370069, 0.055009521544, 0.0239724218845, 0.0201906319708, 0.019613692537, 0.160604208708, 0.276385962963, 0.170833140612, 0.126840367913],
        "stdev": [0.280522227287, 0.158951535821, 0.0750594213605, 0.108428746462, 0.118924170732, 0.245815590024, 0.362900853157, 0.23015537858, 0.0747130215168, 0.0544772595167, 0.0648911520839, 0.17206992209, 0.266022980213, 0.169438317418, 0.05038651824, 0.0573533549905, 0.0400716401637, 0.182799696922, 0.314047425985, 0.187763109803, 0.294952809811, 0.423557221889, 0.248717546463, 0.0932435765862, 0.054936144501, 0.0401414372027, 0.127919748425, 0.201527774334, 0.117940686643, 0.0718833953142, 0.0650557279587, 0.0634676143527, 0.248528972268, 0.357754737139, 0.263703286648, 0.231572762132]
    },
    "chords_histogram": [64.7448348999, 12.1153097153, 3.35021424294, 0, 0, 0, 0, 0.0779119580984, 0, 0, 0, 0, 0, 0, 0, 0.0779119580984, 0.272691845894, 0.428515791893, 0, 0, 0.194779902697, 0, 12.5048694611, 6.23295688629],
    "thpcp": [1, 0.495948731899, 0.0694160684943, 0.0331351049244, 0.0189054030925, 0.127823248506, 0.218080282211, 0.121186025441, 0.0528112687171, 0.0444799810648, 0.0432089827955, 0.353811234236, 0.608878552914, 0.376345574856, 0.279429465532, 0.321752548218, 0.148850604892, 0.0571600683033, 0.0798332542181, 0.093083769083, 0.387521892786, 0.674511253834, 0.376784026623, 0.0592777393758, 0.038020323962, 0.0433563031256, 0.178166136146, 0.301200926304, 0.164538919926, 0.0252761393785, 0.0195433944464, 0.0226520281285, 0.246918603778, 0.440280854702, 0.257595896721, 0.597221493721],
    "chords_key": "E",
    "chords_scale": "major"
}
}