{
"metadata": {
    "version": {
        "essentia": "2.1-dev",
        "essentia_git_sha": "v2.1_beta3-415-gd5473f3",
        "extractor": "music 2.0"
    },
    "audio_properties": {
        "analysis": {
            "equal_loudness": 0,
            "length": 693.028564453,
            "sample_rate": 44100,
            "start_time": 0,
            "downmix": "mix"
        },
        "bit_rate": 192000,
        "length": 693.028564453,
        "lossless": 0,
        "number_channels": 2,
        "replay_gain": -2.84009361267,
        "sample_rate": 44100,
        "codec": "mp3",
        "md5_encoded": "56d3b52bf52017fce607cf438c33f459"
    },
    "tags": {
        "file_name": "mussorgsky-noche_en_el_monte_pelado.mp3",
        "date": ["2004"],
        "engineer": ["rosamerica tamyo"]
    }
},
"lowlevel": {
    "average_loudness": 0.00238128425553,
    "barkbands_crest": {
        "mean": 10.7610321045,
        "stdev": 4.77899599075
    },
    "barkbands_flatness_db": {
        "mean": 0.21588255465,
        "stdev": 0.0912817195058
    },
    "barkbands_kurtosis": {
        "mean": 4.77778768539,
        "stdev": 34.8702392578
    },
    "barkbands_skewness": {
        "mean": 0.763534843922,
        "stdev": 1.41285800934
    },
    "barkbands_spread": {
        "mean": 11.620549202,
        "stdev": 6.97524023056
    },
    "dissonance": {
        "mean": 0.419229894876,
        "stdev": 0.0613194592297
    },
    "dynamic_complexity": 10.4096727371,
    "erbbands_crest": {
        "mean": 12.9377498627,
        "stdev": 6.59829807281
    },
    "erbbands_flatness_db": {
        "mean": 0.258649617434,
        "stdev": 0.0821792259812
    },
    "erbbands_kurtosis": {
        "mean": 2.14191699028,
        "stdev": 5.99948310852
    },
    "erbbands_skewness": {
        "mean": 0.441739559174,
        "stdev": 0.928418338299
    },
    "erbbands_spread": {
        "mean": 17.9494342804,
        "stdev": 10.5756883621
    },
    "hfc": {
        "mean": 9.34803771973,
        "stdev": 17.1803817749
    },
    "loudness_ebu128": {
        "integrated": -20.7279720306,
        "loudness_range": 23.9828166962,
        "momentary": {
            "mean": -31.3583526611,
            "stdev": 15.7381792068
        },
        "short_term": {
            "mean": -29.8106155396,
            "stdev": 9.68786811829
        }
    },
    "melbands_crest": {
        "mean": 13.5107536316,
        "stdev": 5.96532297134
    },
    "melbands_flatness_db": {
        "mean": 0.286491274834,
        "stdev": 0.110776536167
    },
    "melbands_kurtosis": {
        "mean": 11.3615236282,
        "stdev": 137.116989136
    },
    "melbands_skewness": {
        "mean": 1.27705788612,
        "stdev": 2.20980668068
    },
    "melbands_spread": {
        "mean": 16.2264461517,
        "stdev": 10.9455118179
    },
    "pitch_salience": {
        "mean": 0.535095334053,
        "stdev": 0.128477349877
    },
    "silence_rate_20dB": {
        "mean": 1,
        "stdev": 0
    },
    "silence_rate_30dB": {
        "mean": 0.990753173828,
        "stdev": 0.0957299247384
    },
    "silence_rate_60dB": {
        "mean": 0.520034849644,
        "stdev": 0.499659836292
    },
    "spectral_centroid": {
        "mean": 896.523254395,
        "stdev": 650.582275391
    },
    "spectral_complexity": {
        "mean": 9.96254348755,
        "stdev": 10.2891798019
    },
    "spectral_decrease": {
        "mean": -3.14591552808e-09,
        "stdev": 5.51402834503e-09
    },
    "spectral_energy": {
        "mean": 0.0127213541418,
        "stdev": 0.022229084745
    },
    "spectral_energyband_high": {
        "mean": 0.00017479469534,
        "stdev": 0.00050185440341
    },
    "spectral_energyband_low": {
        "mean": 0.00244351499714,
        "stdev": 0.00716583942994
    },
    "spectral_energyband_middle_high": {
        "mean": 0.00359719572589,
        "stdev": 0.00683137122542
    },
    "spectral_energyband_middle_low": {
        "mean": 0.00707405852154,
        "stdev": 0.0133069269359
    },
    "spectral_entropy": {
        "mean": 6.64326715469,
        "stdev": 0.812803208828
    },
    "spectral_flux": {
        "mean": 0.0397493056953,
        "stdev": 0.042552061379
    },
    "spectral_kurtosis": {
        "mean": 26.396938324,
        "stdev": 37.4806747437
    },
    "spectral_rms": {
        "mean": 0.00251655024476,
        "stdev": 0.00246538850479
    },
    "spectral_rolloff": {
        "mean": 1050.4375,
        "stdev": 1029.25048828
    },
    "spectral_skewness": {
        "mean": 3.24588465691,
        "stdev": 2.15479516983
    },
    "spectral_spread": {
        "mean": 2535261.5,
        "stdev": 2205155
    },
    "spectral_strongpeak": {
        "mean": 0.755520641804,
        "stdev": 1.06826269627
    },
    "zerocrossingrate": {
        "mean": 0.0399252846837,
        "stdev": 0.0296296942979
    },
    "barkbands": {
        "mean": [0.000100213939731, 0.000917744066101, 0.000934422481805, 0.000816494342871, 0.00134965381585, 0.00150271342136, 0.00161073321942, 0.00073898176197, 0.000906312372535, 0.00108595390338, 0.000449312414275, 0.000395437440602, 0.000524488161318, 0.000251400109846, 0.000327465764713, 0.000170085389982, 0.000156383845024, 0.000150894673425, 0.000122345940326, 6.05875757174e-05, 4.52424683317e-05, 3.35910553986e-05, 2.59453190665e-05, 2.18950353883e-05, 1.16655746751e-05, 7.48344609747e-06, 3.63221738553e-06],
        "stdev": [0.000481226597913, 0.00358560890891, 0.00326845375821, 0.00307576474734, 0.00336881889962, 0.00455671735108, 0.00466459663585, 0.00177196157165, 0.00241956138052, 0.00296574388631, 0.00118236069102, 0.00104872824159, 0.00151988584548, 0.0008561751456, 0.00116217008326, 0.00047066132538, 0.000434289104305, 0.000649947673082, 0.000509896781296, 0.000188417223399, 0.000130777421873, 9.92226123344e-05, 8.27524345368e-05, 7.40785253583e-05, 4.31382759416e-05, 4.03215817641e-05, 4.84748707095e-05]
    },
    "erbbands": {
        "mean": [0.0259210858494, 0.214842796326, 0.959177017212, 2.21048974991, 2.83593010902, 5.19720077515, 7.63042211533, 14.6657896042, 22.3008956909, 18.9174041748, 17.1345386505, 22.576997757, 20.3991641998, 38.2161254883, 16.9037857056, 17.4469146729, 25.8831806183, 13.3289871216, 18.8066101074, 12.1588687897, 9.48989391327, 8.07391166687, 8.26204586029, 6.48318815231, 6.18337011337, 3.02530694008, 2.09015083313, 1.52722561359, 1.2661652565, 0.900015950203, 0.715763032436, 0.549229741096, 0.316933304071, 0.148075863719, 0.0749063938856, 0.0337730571628, 0.0134578207508, 0.00385221233591, 0.000592578377109, 4.97226319567e-05],
        "stdev": [0.115142717957, 0.837685346603, 3.40440273285, 7.7760219574, 7.13630437851, 15.1932067871, 17.892572403, 51.6215438843, 63.0538024902, 50.5358390808, 38.8906936646, 62.1229248047, 52.7172546387, 98.8226013184, 38.6988945007, 43.9643974304, 77.3845748901, 36.5992698669, 56.213218689, 39.7337722778, 24.3124294281, 20.9194526672, 27.5458869934, 27.0787315369, 31.598028183, 8.8675365448, 5.78189229965, 4.51413583755, 3.83745241165, 2.73804330826, 2.29146409035, 1.8491140604, 1.09326446056, 0.52861148119, 0.29378375411, 0.146590948105, 0.0799612849951, 0.0329590700567, 0.00830062013119, 0.000556147890165]
    },
    "gfcc": {
        "mean": [-191.83921814, 155.563858032, -133.842559814, -1.55346286297, -55.6186141968, 1.05487000942, -29.7734622955, -1.8130415678, -15.6561965942, -4.68984079361, -4.06746339798, -6.40367221832, -2.75735712051],
        "cov": [[34311.7460938, -5542.47021484, -2538.37915039, 2091.33081055, -1228.70471191, 346.274536133, -1329.09411621, 926.618225098, -1173.70849609, 486.066192627, -1132.63085938, 467.854217529, -1016.63433838], [-5542.47021484, 2757.12475586, 795.925109863, -523.784179688, 388.019287109, -288.510406494, 217.118972778, -438.281066895, 227.825256348, -264.24041748, 250.199539185, -284.97253418, 190.766921997], [-2538.37915039, 795.925109863, 1359.56848145, -25.4034080505, 127.947128296, -57.2022895813, 81.3164749146, -143.690536499, 36.4681015015, -69.441368103, -13.3846254349, -30.0816555023, -12.3272094727], [2091.33081055, -523.784179688, -25.4034080505, 525.726867676, -18.1582221985, 91.4170608521, -37.8218193054, 153.237991333, -81.9114685059, 37.735874176, -79.1706695557, 77.7384185791, -62.3489303589], [-1228.70471191, 388.019287109, 127.947128296, -18.1582221985, 344.044616699, 68.9120178223, 136.24432373, -4.76189756393, 66.7249526978, -35.238735199, 28.0412559509, -50.0694732666, 24.6764450073], [346.274536133, -288.510406494, -57.2022895813, 91.4170608521, 68.9120178223, 251.47996521, 84.4122009277, 97.5983276367, -12.7297697067, 56.384262085, -10.2012662888, 16.318239212, -21.1772861481], [-1329.09411621, 217.118972778, 81.3164749146, -37.8218193054, 136.24432373, 84.4122009277, 225.432540894, 40.0590667725, 69.5027313232, -13.7624359131, 58.8216514587, -13.5679960251, 49.4165496826], [926.618225098, -438.281066895, -143.690536499, 153.237991333, -4.76189756393, 97.5983276367, 40.0590667725, 210.503479004, 14.6682710648, 50.5145263672, -41.2067718506, 56.8237075806, -12.5770072937], [-1173.70849609, 227.825256348, 36.4681015015, -81.9114685059, 66.7249526978, -12.7297697067, 69.5027313232, 14.6682710648, 162.412536621, 34.4791564941, 53.0456542969, -35.5032196045, 35.3263511658], [486.066192627, -264.24041748, -69.441368103, 37.735874176, -35.238735199, 56.384262085, -13.7624359131, 50.5145263672, 34.4791564941, 143.52130127, 21.735370636, 9.25573348999, -44.5824356079], [-1132.63085938, 250.199539185, -13.3846254349, -79.1706695557, 28.0412559509, -10.2012662888, 58.8216514587, -41.2067718506, 53.0456542969, 21.735370636, 150.823974609, 9.6122341156, 52.2831840515], [467.854217529, -284.97253418, -30.0816555023, 77.7384185791, -50.0694732666, 16.318239212, -13.5679960251, 56.8237075806, -35.5032196045, 9.25573348999, 9.6122341156, 145.024429321, 38.8254394531], [-1016.63433838, 190.766921997, -12.3272094727, -62.3489303589, 24.6764450073, -21.1772861481, 49.4165496826, -12.5770072937, 35.3263511658, -44.5824356079, 52.2831840515, 38.8254394531, 159.650665283]],
        "icov": [[0.000107072701212, -0.000128322804812, 0.000191629223991, -0.000185136814252, 0.000115660666779, -2.57220199273e-05, 0.000236516585574, -0.00023425136169, 0.000444565986982, -0.000374739640392, 0.000551294768229, -0.00030046585016, 0.000354213640094], [-0.000128322804812, 0.00187457737047, -0.000828402873594, 0.000326288078213, -0.000976431590971, 0.000838205276523, -0.000462779426016, 0.00152545596939, -0.0014648596989, 0.00246689445339, -0.002731209388, 0.00266705825925, -0.00120925006922], [0.000191629223991, -0.000828402873594, 0.00148470199201, -0.000607658643275, 0.000339935359079, -0.00017276321887, -0.000179454786121, 0.000313147436827, 0.000604586326517, -0.0012450782815, 0.00234212423675, -0.00189182290342, 0.00130381050985], [-0.000185136814252, 0.000326288078213, -0.000607658643275, 0.00335346371867, -0.000719031086192, -7.48061356717e-05, 0.000258348300122, -0.00173061050009, 0.000571687472984, 0.000509156787302, -0.000907650741283, -2.80010590359e-05, -0.000101440702565], [0.000115660666779, -0.000976431590971, 0.000339935359079, -0.000719031086192, 0.00505132880062, -0.00171998713631, -0.00140880851541, -0.000126058148453, -0.000686782586854, 0.000238376102061, 0.00152523152065, -0.000508473720402, 0.000908616813831], [-2.57220199273e-05, 0.000838205276523, -0.00017276321887, -7.48061356717e-05, -0.00171998713631, 0.00741580175236, -0.00303136953153, -0.0011586410692, 0.00237348559313, -0.0024278992787, -0.000336921249982, 0.00137923529837, -0.000539619009942], [0.000236516585574, -0.000462779426016, -0.000179454786121, 0.000258348300122, -0.00140880851541, -0.00303136953153, 0.00994361657649, -0.00372721487656, -0.000586476118769, 0.00169641769025, -0.00217459350824, 0.000336708675604, -0.000175936962478], [-0.00023425136169, 0.00152545596939, 0.000313147436827, -0.00173061050009, -0.000126058148453, -0.0011586410692, -0.00372721487656, 0.0126644615084, -0.00533071393147, 0.000701053708326, 0.00183323235251, -0.00174904358573, -0.000748669379391], [0.000444565986982, -0.0014648596989, 0.000604586326517, 0.000571687472984, -0.000686782586854, 0.00237348559313, -0.000586476118769, -0.00533071393147, 0.0143343480304, -0.00738302106038, 0.00146511232015, 0.00117782840971, -0.000965923827607], [-0.000374739640392, 0.00246689445339, -0.0012450782815, 0.000509156787302, 0.000238376102061, -0.0024278992787, 0.00169641769025, 0.000701053708326, -0.00738302106038, 0.0164500717074, -0.00812326651067, 0.00287606636994, 0.00212811259553], [0.000551294768229, -0.002731209388, 0.00234212423675, -0.000907650741283, 0.00152523152065, -0.000336921249982, -0.00217459350824, 0.00183323235251, 0.00146511232015, -0.00812326651067, 0.0169340930879, -0.00696077896282, 0.000692076224368], [-0.00030046585016, 0.00266705825925, -0.00189182290342, -2.80010590359e-05, -0.000508473720402, 0.00137923529837, 0.000336708675604, -0.00174904358573, 0.00117782840971, 0.00287606636994, -0.00696077896282, 0.0153247108683, -0.00614241929725], [0.000354213640094, -0.00120925006922, 0.00130381050985, -0.000101440702565, 0.000908616813831, -0.000539619009942, -0.000175936962478, -0.000748669379391, -0.000965923827607, 0.00212811259553, 0.000692076224368, -0.00614241929725, 0.0118838502094]]
    },
    "melbands": {
        "mean": [0.000245822098805, 0.000430297630373, 0.000384847720852, 0.00029497189098, 0.000263522815658, 0.000312468124321, 0.00034556229366, 0.000195664470084, 0.000143514655065, 0.000134407397127, 0.000102468286059, 0.000163218035595, 5.72256358282e-05, 4.73212712677e-05, 4.997988799e-05, 4.87809593324e-05, 2.18908116949e-05, 3.00516294374e-05, 2.14545561903e-05, 1.2837858776e-05, 1.08241965791e-05, 8.32788737171e-06, 8.6105446826e-06, 6.71987436363e-06, 4.96074517287e-06, 4.90550701215e-06, 3.17302783515e-06, 1.71564204265e-06, 1.36038727305e-06, 1.03422223674e-06, 8.49165076033e-07, 7.65425909321e-07, 5.62536456528e-07, 4.72264048312e-07, 4.08775150618e-07, 3.95336854808e-07, 3.11407404752e-07, 2.40887999325e-07, 1.60862697385e-07, 1.10982597334e-07],
        "stdev": [0.000970353314187, 0.00148317962885, 0.00121416803449, 0.000791615340859, 0.000612227246165, 0.0010353300022, 0.00098321470432, 0.000498685985804, 0.000335931632435, 0.000364312611055, 0.000276101607597, 0.000433684122982, 0.000137045120937, 0.000122624536743, 0.000137698152685, 0.000140291042044, 7.34183704481e-05, 8.91494273674e-05, 8.98010257515e-05, 3.7966772652e-05, 3.15033539664e-05, 2.48792621278e-05, 2.90902426059e-05, 3.04111927107e-05, 2.28131993936e-05, 1.94279364223e-05, 1.79355865839e-05, 4.60656792711e-06, 3.75172930944e-06, 3.2371594898e-06, 2.60962792709e-06, 2.3789093575e-06, 1.7434028905e-06, 1.49087122736e-06, 1.3266796941e-06, 1.36144183216e-06, 1.08599545001e-06, 8.52544758345e-07, 5.7135082443e-07, 4.11257644828e-07]
    },
    "melbands128": {
        "mean": [8.98958605831e-05, 0.000208155543078, 0.00028654007474, 0.000363926083082, 0.000465412915219, 0.000454104476376, 0.000484019547002, 0.000354391464498, 0.000228670382057, 0.000340009806678, 0.0003283379192, 0.00022862770129, 0.000238444117713, 0.000291434669634, 0.000395906419726, 0.00025486361119, 0.000218362896703, 0.000468038953841, 0.000339816557243, 0.000178138492629, 0.000157283502631, 0.000149367391714, 0.000123845733469, 0.000147303624544, 0.000183923068107, 0.00010834504792, 7.54189968575e-05, 8.03091170383e-05, 0.000127223596792, 0.000236596446484, 0.000150965061039, 7.46189980418e-05, 4.94112282468e-05, 4.75453634863e-05, 4.65365446871e-05, 5.17972948728e-05, 4.26016376878e-05, 3.29000977217e-05, 7.04068224877e-05, 7.21621472621e-05, 3.97602634621e-05, 2.42510286625e-05, 1.89060447155e-05, 2.05663600354e-05, 2.83467179543e-05, 2.99769999401e-05, 3.86407773476e-05, 2.03258732654e-05, 1.50857904373e-05, 1.64287266671e-05, 1.1855196135e-05, 1.02750873339e-05, 1.12426023406e-05, 1.1209150216e-05, 1.02286503534e-05, 7.95518099039e-06, 5.1793831517e-06, 1.12575889943e-05, 8.64495359565e-06, 6.79138929627e-06, 6.29463966106e-06, 7.20417665434e-06, 5.88066859564e-06, 3.94038852392e-06, 4.21217328039e-06, 4.48240689366e-06, 6.39173094896e-06, 3.66310860045e-06, 2.38199004343e-06, 2.48273477155e-06, 1.64494190358e-06, 1.4683041627e-06, 1.30749310756e-06, 1.4208973198e-06, 1.22143126191e-06, 1.16685305329e-06, 9.17024124192e-07, 7.65895379118e-07, 9.18654222914e-07, 8.21391324735e-07, 8.39471738345e-07, 6.94955929248e-07, 6.49733863156e-07, 5.09745518684e-07, 5.83997916692e-07, 4.29337404739e-07, 5.01315071233e-07, 3.9504308802e-07, 4.27988226193e-07, 3.82910030794e-07, 4.1211893631e-07, 4.05398964176e-07, 3.41516937397e-07, 3.25172806015e-07, 2.80710310108e-07, 2.74780489917e-07, 2.32564829616e-07, 1.87335288615e-07, 1.70124593524e-07, 1.43113226159e-07, 1.26325559791e-07, 9.88890676012e-08, 1.05973505526e-07, 8.23340187139e-08, 8.33966353753e-08, 8.4980413817e-08, 7.1090070719e-08, 6.42599005118e-08, 5.3937057487e-08, 5.24308383376e-08, 4.95022156599e-08, 4.6663654274e-08, 4.24918304986e-08, 3.8419535997e-08, 3.47850743765e-08, 3.28767981728e-08, 3.12318313433e-08, 2.45913263086e-08, 2.01867322858e-08, 1.94574827361e-08, 1.64320592688e-08, 1.3635941265e-08, 1.15432836623e-08, 9.39295130564e-09, 8.46198933147e-09, 3.17164450259e-09, 2.00697566205e-11, 2.04540009062e-12],
        "stdev": [0.000448769482318, 0.00106288411189, 0.00113927840721, 0.00160641036928, 0.00185802706983, 0.00151967268903, 0.00187260191888, 0.00123177771457, 0.00064252212178, 0.000990899745375, 0.00120994972531, 0.00067486561602, 0.000632958719507, 0.000998755102046, 0.00177668698598, 0.000885647838004, 0.00076829030877, 0.0016436947044, 0.00122821889818, 0.000651059381198, 0.000498860666994, 0.000418111099862, 0.000371610949514, 0.000524395087268, 0.000634253548924, 0.000364346604329, 0.000273534882581, 0.000303145585349, 0.000504398951307, 0.00078672170639, 0.000408308493206, 0.000257053616224, 0.000158491238835, 0.000184700576938, 0.000167047415744, 0.000174318629433, 0.000144863515743, 0.000169696082594, 0.000249079428613, 0.000303875043755, 0.000156359034008, 9.16456119739e-05, 7.40266914363e-05, 0.000142791614053, 0.000121815777675, 0.000102824509668, 0.000180945033208, 0.00014815297618, 7.12209948688e-05, 8.42431327328e-05, 4.23152050644e-05, 3.99258278776e-05, 3.68206565327e-05, 5.43317910342e-05, 4.62755670014e-05, 3.36206649081e-05, 1.88130452443e-05, 4.17184237449e-05, 5.05723473907e-05, 3.4018765291e-05, 3.29839749611e-05, 7.46710429667e-05, 3.63491890312e-05, 1.97204371943e-05, 1.55025172717e-05, 1.63696222444e-05, 4.00191856897e-05, 4.01085053454e-05, 1.62771284522e-05, 8.62122487888e-06, 5.33507773071e-06, 4.20546348323e-06, 4.31530315836e-06, 4.44396255261e-06, 4.51563437309e-06, 4.4952917051e-06, 3.41657141689e-06, 2.71421231446e-06, 3.37745586876e-06, 2.65299718194e-06, 3.11368489747e-06, 2.38201846514e-06, 2.49631830229e-06, 1.73404976067e-06, 2.07769539884e-06, 1.51587801156e-06, 1.86152658443e-06, 1.46497677633e-06, 1.62099513545e-06, 1.52883887949e-06, 1.53698590566e-06, 1.56740452439e-06, 1.22117273804e-06, 1.30699663714e-06, 1.07278492578e-06, 1.10556743493e-06, 8.67071605626e-07, 6.99419388184e-07, 6.50168033189e-07, 5.51452728814e-07, 4.88303157908e-07, 4.05353375754e-07, 4.30413109598e-07, 3.44388581652e-07, 3.50678675431e-07, 3.5721848235e-07, 3.05551935753e-07, 2.86600993604e-07, 2.37319653706e-07, 2.56853894598e-07, 2.5124018066e-07, 2.62450413402e-07, 2.70252456858e-07, 3.10131525794e-07, 2.72943367463e-07, 2.6883807891e-07, 2.76276097111e-07, 3.0379496252e-07, 2.60922860207e-07, 2.97134505445e-07, 3.23965025473e-07, 2.3465001675e-07, 2.41711461513e-07, 1.57105134235e-07, 1.40076693356e-07, 6.24088016821e-08, 9.42631972478e-10, 4.73727264014e-12]
    },
    "mfcc": {
        "mean": [-807.23248291, 160.232559204, -2.30382037163, -0.228984445333, -5.18731403351, -2.91123914719, -3.40528297424, -1.66702675819, -4.7994966507, 1.41555547714, -1.16439247131, -1.88375270367, -1.57233548164],
        "cov": [[24370.078125, -640.088256836, -3337.44946289, 1211.2767334, -452.263641357, -143.542205811, -352.532409668, 134.554031372, -337.569946289, -34.671749115, -386.570251465, -47.8942337036, 11.5151977539], [-640.088256836, 1629.98461914, 128.345581055, 36.8828277588, 101.717575073, -8.66250228882, 15.2342090607, -104.174545288, -92.5343704224, -60.552066803, -30.9120426178, -32.561668396, -0.279126614332], [-3337.44946289, 128.345581055, 1299.16296387, 31.8709163666, 116.206520081, 64.5389328003, 41.0568656921, -46.3514900208, 33.4294128418, -43.4422836304, 20.6421413422, -2.63675832748, -20.8855876923], [1211.2767334, 36.8828277588, 31.8709163666, 428.303039551, 71.3291168213, -12.2869005203, -4.90185260773, 46.1934318542, 0.545888662338, -19.4244976044, -61.7580490112, -13.9592170715, 21.2716197968], [-452.263641357, 101.717575073, 116.206520081, 71.3291168213, 169.693786621, 63.7121429443, 46.7316246033, 39.961856842, 38.0724525452, 9.17991924286, 4.40975570679, -1.18686175346, 6.66734743118], [-143.542205811, -8.66250228882, 64.5389328003, -12.2869005203, 63.7121429443, 152.869125366, 88.5679244995, 22.6054573059, 23.9256973267, 34.3439369202, 32.6023521423, 15.7295627594, -1.64873075485], [-352.532409668, 15.2342090607, 41.0568656921, -4.90185260773, 46.7316246033, 88.5679244995, 157.529983521, 84.4796142578, 33.4687957764, 22.4131755829, 22.9378948212, 8.30967235565, 10.0372858047], [134.554031372, -104.174545288, -46.3514900208, 46.1934318542, 39.961856842, 22.6054573059, 84.4796142578, 155.83795166, 82.6772689819, 8.81678962708, -13.024310112, -7.36484718323, 11.5859680176], [-337.569946289, -92.5343704224, 33.4294128418, 0.545888662338, 38.0724525452, 23.9256973267, 33.4687957764, 82.6772689819, 129.141265869, 62.2746429443, 10.6011066437, -7.30420255661, -4.66144227982], [-34.671749115, -60.552066803, -43.4422836304, -19.4244976044, 9.17991924286, 34.3439369202, 22.4131755829, 8.81678962708, 62.2746429443, 124.501289368, 76.5830078125, 7.31314134598, -24.7869529724], [-386.570251465, -30.9120426178, 20.6421413422, -61.7580490112, 4.40975570679, 32.6023521423, 22.9378948212, -13.024310112, 10.6011066437, 76.5830078125, 135.54901123, 64.3942871094, -19.1382007599], [-47.8942337036, -32.561668396, -2.63675832748, -13.9592170715, -1.18686175346, 15.7295627594, 8.30967235565, -7.36484718323, -7.30420255661, 7.31314134598, 64.3942871094, 111.22518158, 50.9481239319], [11.5151977539, -0.279126614332, -20.8855876923, 21.2716197968, 6.66734743118, -1.64873075485, 10.0372858047, 11.5859680176, -4.66144227982, -24.7869529724, -19.1382007599, 50.9481239319, 117.548858643]],
        "icov": [[0.000113799636893, 1.15892396479e-06, 0.000233676299104, -0.000317988859024, 0.000282480061287, -0.000376355368644, 0.000419558637077, -0.000431394786574, 0.000533356913365, -0.000387473439332, 0.000459657312604, -0.000292513897875, 0.000214374464122], [1.15892396479e-06, 0.000749718921725, 3.78150798497e-05, -3.92322399421e-05, -0.000698222487699, 0.000506009149831, -0.000760343042202, 0.00100372813176, 5.5813768995e-05, 0.000335579563398, -6.24527892796e-05, 0.000294825789751, -3.67971297237e-05], [0.000233676299104, 3.78150798497e-05, 0.00153405521996, -0.000939067685977, 0.000127043851535, -0.00077996798791, -1.81806826731e-05, 0.000971853150986, -0.000875933095813, 0.0013715318637, -0.000373235117877, 5.79658117204e-05, 0.000475897191791], [-0.000317988859024, -3.92322399421e-05, -0.000939067685977, 0.00405198941007, -0.0023593895603, 0.00148116715718, -4.67513236799e-05, -0.00120783783495, 0.00118474429473, -0.00169031240512, 0.00185356650036, -0.00072746881051, -0.000283766567009], [0.000282480061287, -0.000698222487699, 0.000127043851535, -0.0023593895603, 0.0100928265601, -0.00480333156884, 0.00176166067831, -0.00221827346832, -0.00124982267153, 0.000946697953623, -0.00104152213316, 0.000835453276522, -0.000533032522071], [-0.000376355368644, 0.000506009149831, -0.00077996798791, 0.00148116715718, -0.00480333156884, 0.0139446845278, -0.00936270039529, 0.00547043746337, -0.002372399671, -0.000708374835085, -7.2845654131e-07, -0.00121047359426, 0.00064084486803], [0.000419558637077, -0.000760343042202, -1.81806826731e-05, -4.67513236799e-05, 0.00176166067831, -0.00936270039529, 0.0184619091451, -0.0138553818688, 0.00811043102294, -0.00490620499477, 0.000825828115921, -0.000175033928826, -0.000982327386737], [-0.000431394786574, 0.00100372813176, 0.000971853150986, -0.00120783783495, -0.00221827346832, 0.00547043746337, -0.0138553818688, 0.0240184739232, -0.0178851038218, 0.0117846531793, -0.00538193201646, 0.0035089191515, -0.00116715277545], [0.000533356913365, 5.5813768995e-05, -0.000875933095813, 0.00118474429473, -0.00124982267153, -0.002372399671, 0.00811043102294, -0.0178851038218, 0.0279077813029, -0.0198232121766, 0.0116895502433, -0.0056194877252, 0.00195120507851], [-0.000387473439332, 0.000335579563398, 0.0013715318637, -0.00169031240512, 0.000946697953623, -0.000708374835085, -0.00490620499477, 0.0117846531793, -0.0198232121766, 0.0302093885839, -0.0212984029204, 0.0114565081894, -0.00306699587964], [0.000459657312604, -6.24527892796e-05, -0.000373235117877, 0.00185356650036, -0.00104152213316, -7.2845654131e-07, 0.000825828115921, -0.00538193201646, 0.0116895502433, -0.0212984029204, 0.0312510915101, -0.0205490197986, 0.0100389411673], [-0.000292513897875, 0.000294825789751, 5.79658117204e-05, -0.00072746881051, 0.000835453276522, -0.00121047359426, -0.000175033928826, 0.0035089191515, -0.0056194877252, 0.0114565081894, -0.0205490197986, 0.0258176121861, -0.0125665264204], [0.000214374464122, -3.67971297237e-05, 0.000475897191791, -0.000283766567009, -0.000533032522071, 0.00064084486803, -0.000982327386737, -0.00116715277545, 0.00195120507851, -0.00306699587964, 0.0100389411673, -0.0125665264204, 0.0153717519715]]
    },
    "spectral_contrast_coeffs": {
        "mean": [-0.72078192234, -0.741610229015, -0.722684204578, -0.768823504448, -0.795565843582, -0.801035165787],
        "stdev": [0.0797276198864, 0.0747463330626, 0.0777639076114, 0.0640455856919, 0.0531177893281, 0.0465566515923]
    },
    "spectral_contrast_valleys": {
        "mean": [-8.22864627838, -7.87649059296, -8.82931232452, -9.47795772552, -10.0201692581, -13.0255184174],
        "stdev": [1.78657519817, 1.97671949863, 2.02204799652, 2.16401028633, 2.23875999451, 2.16450881958]
    }
},
"rhythm": {
    "beats_count": 1298,
    "beats_loudness": {
        "mean": 0.0159223042428,
        "stdev": 0.0258916392922
    },
    "bpm": 101.451072693,
    "bpm_histogram_first_peak_bpm": 101,
    "bpm_histogram_first_peak_weight": 0.706382989883,
    "bpm_histogram_second_peak_bpm": 108,
    "bpm_histogram_second_peak_spread": 0.624505937099,
    "bpm_histogram_second_peak_weight": 0.0732459500432,
    "danceability": 0.852017998695,
    "onset_rate": 1.80218923092,
    "beats_loudness_band_ratio": {
        "mean": [0.227616503835, 0.258102595806, 0.270676165819, 0.229020416737, 0.0509247146547, 0.0135245844722],
        "stdev": [0.21367713809, 0.216735079885, 0.196346968412, 0.212348505855, 0.0674661621451, 0.0253896564245]
    },
