{
"metadata": {
    "version": {
        "essentia": "2.1-dev",
        "essentia_git_sha": "v2.1_beta3-415-gd5473f3",
        "extractor": "music 2.0"
    },
    "audio_properties": {
        "analysis": {
            "equal_loudness": 0,
            "length": 110.420654297,
            "sample_rate": 44100,
            "start_time": 0,
            "downmix": "mix"
        },
        "bit_rate": 128000,
        "length": 110.420654297,
        "lossless": 0,
        "number_channels": 2,
        "replay_gain": -6.79084014893,
        "sample_rate": 44100,
        "codec": "mp3",
        "md5_encoded": "19d3e444bf9ebdb5b59c307653c236f9"
    },
    "tags": {
        "file_name": "pierre_certon-de_profundis.mp3",
        "album": ["Virtues and Vices"],
        "artist": ["Edward Martin and William Bast"],
        "artistwebpage": ["http:\/\/www.magnatune.com\/artists\/edward_martin"],
        "composer": ["www.magnatune.com\/artists\/edward_martin"],
        "copyright": ["2004 Edward Martin and William Bastian - Licensed to the public under http:\/\/creativecommons.org\/licenses\/by-nc-sa\/1.0\/ verify at http:\/\/www.magnatune.com\/artists\/edward_martin"],
        "date": ["1994"],
        "encodedby": ["http:\/\/www.magnatune.com\/"],
        "filewebpage": ["http:\/\/www.magnatune.com\/artists\/edward_martin"],
        "genre": ["Classical"],
        "length": ["111000"],
        "originalartist": ["http:\/\/www.magnatune.com\/artists\/edward_martin"],
        "title": ["De Profundis (Pierre Certon)"],
        "tracknumber": ["8"]
    }
},
"lowlevel": {
    "average_loudness": 0.608311772346,
    "barkbands_crest": {
        "mean": 13.6490097046,
        "stdev": 4.9620513916
    },
    "barkbands_flatness_db": {
        "mean": 0.302321612835,
        "stdev": 0.0681466385722
    },
    "barkbands_kurtosis": {
        "mean": 18.2057533264,
        "stdev": 38.5284690857
    },
    "barkbands_skewness": {
        "mean": 2.37356758118,
        "stdev": 2.15191364288
    },
    "barkbands_spread": {
        "mean": 8.1357460022,
        "stdev": 8.94437599182
    },
    "dissonance": {
        "mean": 0.390614748001,
        "stdev": 0.064802698791
    },
    "dynamic_complexity": 5.55667972565,
    "erbbands_crest": {
        "mean": 14.1020145416,
        "stdev": 5.56236410141
    },
    "erbbands_flatness_db": {
        "mean": 0.305218338966,
        "stdev": 0.0711989030242
    },
    "erbbands_kurtosis": {
        "mean": 5.35335159302,
        "stdev": 12.0657787323
    },
    "erbbands_skewness": {
        "mean": 1.32312786579,
        "stdev": 1.48420917988
    },
    "erbbands_spread": {
        "mean": 23.1398735046,
        "stdev": 18.1871833801
    },
    "hfc": {
        "mean": 9.19199085236,
        "stdev": 11.8775892258
    },
    "loudness_ebu128": {
        "integrated": -17.1167526245,
        "loudness_range": 7.16603088379,
        "momentary": {
            "mean": -26.6846542358,
            "stdev": 40.863494873
        },
        "short_term": {
            "mean": -19.8165454865,
            "stdev": 9.34931850433
        }
    },
    "melbands_crest": {
        "mean": 17.0428562164,
        "stdev": 6.22826337814
    },
    "melbands_flatness_db": {
        "mean": 0.370296508074,
        "stdev": 0.0920554101467
    },
    "melbands_kurtosis": {
        "mean": 22.4467830658,
        "stdev": 32.9280471802
    },
    "melbands_skewness": {
        "mean": 2.71281862259,
        "stdev": 2.04014539719
    },
    "melbands_spread": {
        "mean": 12.4146165848,
        "stdev": 21.1281814575
    },
    "pitch_salience": {
        "mean": 0.53013586998,
        "stdev": 0.138637527823
    },
    "silence_rate_20dB": {
        "mean": 1,
        "stdev": 0
    },
    "silence_rate_30dB": {
        "mean": 0.989699363708,
        "stdev": 0.100970447063
    },
    "silence_rate_60dB": {
        "mean": 0.191507250071,
        "stdev": 0.393494963646
    },
    "spectral_centroid": {
        "mean": 932.184265137,
        "stdev": 1642.34545898
    },
    "spectral_complexity": {
        "mean": 7.41328573227,
        "stdev": 4.12199020386
    },
    "spectral_decrease": {
        "mean": -4.32272351247e-09,
        "stdev": 5.76148773135e-09
    },
    "spectral_energy": {
        "mean": 0.0171486884356,
        "stdev": 0.0226077120751
    },
    "spectral_energyband_high": {
        "mean": 7.1800054684e-06,
        "stdev": 3.72920039808e-05
    },
    "spectral_energyband_low": {
        "mean": 0.000564386718906,
        "stdev": 0.00142541422974
    },
    "spectral_energyband_middle_high": {
        "mean": 0.00296402932145,
        "stdev": 0.00638471310958
    },
    "spectral_energyband_middle_low": {
        "mean": 0.0140994898975,
        "stdev": 0.020896056667
    },
    "spectral_entropy": {
        "mean": 6.00159358978,
        "stdev": 0.836591422558
    },
    "spectral_flux": {
        "mean": 0.0410132817924,
        "stdev": 0.0421693958342
    },
    "spectral_kurtosis": {
        "mean": 22.8577861786,
        "stdev": 19.616727829
    },
    "spectral_rms": {
        "mean": 0.00349087989889,
        "stdev": 0.0021317047067
    },
    "spectral_rolloff": {
        "mean": 1204.24487305,
        "stdev": 2913.40844727
    },
    "spectral_skewness": {
        "mean": 3.04823303223,
        "stdev": 1.54844164848
    },
    "spectral_spread": {
        "mean": 3145536.75,
        "stdev": 6025368
    },
    "spectral_strongpeak": {
        "mean": 1.17314875126,
        "stdev": 1.28466486931
    },
    "zerocrossingrate": {
        "mean": 0.0412332303822,
        "stdev": 0.0770049020648
    },
    "barkbands": {
        "mean": [1.99866899493e-05, 2.5367600756e-05, 0.000143230005051, 0.000847665010951, 0.00711405603215, 0.0023040836677, 0.00124000117648, 0.000786867632996, 0.00142333062831, 0.0010458357865, 0.00100374617614, 0.000212639031815, 0.000151506028487, 1.74377310032e-05, 4.27335653512e-05, 8.78668215591e-05, 0.00022627627186, 0.000322102569044, 0.000125167804072, 2.19694697989e-06, 1.09725533548e-06, 8.99176654912e-07, 1.41975351653e-06, 2.43994713855e-06, 6.86383600623e-07, 5.7782948204e-08, 5.34629340798e-10],
        "stdev": [3.20050385199e-05, 3.59147925337e-05, 0.000354744814103, 0.0018544732593, 0.0166484452784, 0.00550549523905, 0.00308319064789, 0.00172966648825, 0.00375180086121, 0.00376406847499, 0.00330870226026, 0.000894000404514, 0.000809478398878, 7.50686303945e-05, 0.000138719071401, 0.000380099838367, 0.000666542910039, 0.000772462342866, 0.000380045676138, 5.77870696361e-06, 5.28011742063e-06, 5.16417912877e-06, 1.00296256278e-05, 1.53172240971e-05, 7.14190491635e-06, 3.08601869392e-07, 1.08924114173e-09]
    },
    "erbbands": {
        "mean": [0.000938222161494, 0.00700143957511, 0.118577450514, 1.72289168835, 8.05164146423, 30.3606586456, 31.0787658691, 13.9661931992, 21.0689487457, 11.692656517, 19.9903297424, 40.2200126648, 28.9593200684, 53.5748977661, 21.2998600006, 9.1518611908, 7.1417350769, 1.43324244022, 1.10987603664, 3.56745648384, 6.44004154205, 11.2093353271, 18.507610321, 13.6045694351, 1.91391515732, 0.153858244419, 0.0525109730661, 0.0405921861529, 0.0314676612616, 0.0337304659188, 0.0428189449012, 0.0623473674059, 0.0291440375149, 0.0129136890173, 0.00180087436456, 0.000462695374154, 7.60193943279e-05, 3.39349003298e-06, 8.64268349687e-06, 1.95493994397e-05],
        "stdev": [0.00148533086758, 0.00797982700169, 0.249979481101, 3.87213850021, 8.63210678101, 73.6486053467, 103.688667297, 23.3917140961, 52.5660324097, 22.38697052, 41.6882247925, 105.442359924, 83.691116333, 180.453125, 66.0866622925, 30.0862827301, 35.7965049744, 4.90410041809, 3.53042197227, 13.1157541275, 22.7940273285, 29.4156932831, 43.0582122803, 38.6936759949, 4.57113218307, 0.302524656057, 0.268362373114, 0.153283134103, 0.166091501713, 0.303032785654, 0.290276825428, 0.369390398264, 0.214111864567, 0.14259724319, 0.0131162647158, 0.00251589715481, 0.000405997037888, 9.92101740849e-06, 1.09187112685e-05, 2.53831094597e-05]
    },
    "gfcc": {
        "mean": [-202.773147583, 168.333374023, -118.316215515, 7.22731542587, -61.9865913391, -35.6414527893, -47.1435546875, 3.73419594765, -22.4194507599, -40.1425285339, -1.09917378426, -9.06387233734, -2.86126756668],
        "cov": [[34047.4375, 4857.32861328, -6063.21044922, -944.707092285, -2071.00756836, -2195.53271484, -1464.04467773, 237.549911499, -666.744689941, -2189.22363281, 483.90045166, -245.417098999, -164.518676758], [4857.32861328, 1820.47155762, -610.361694336, -426.055267334, -188.199996948, -535.930847168, 14.8093490601, -10.9926071167, -106.909828186, -468.735290527, 75.042350769, -97.3421554565, -32.0578918457], [-6063.21044922, -610.361694336, 2026.22460938, 454.486755371, 142.945465088, 499.520751953, 165.752975464, -196.47177124, 57.0602455139, 567.164306641, -284.100738525, -9.74975013733, 111.472663879], [-944.707092285, -426.055267334, 454.486755371, 679.203125, 112.232597351, 155.40234375, -365.335357666, -91.7396087646, 182.891525269, 232.886962891, -129.591247559, -51.8848724365, 64.6296157837], [-2071.00756836, -188.199996948, 142.945465088, 112.232597351, 496.829803467, 5.85587358475, -111.509025574, 18.5694694519, 161.564056396, 79.3648147583, -5.06949710846, -11.5992383957, -16.4211845398], [-2195.53271484, -535.930847168, 499.520751953, 155.40234375, 5.85587358475, 519.021728516, 156.935150146, 1.91532099247, -34.573261261, 280.351257324, -62.6692733765, 13.7276906967, -3.59113526344], [-1464.04467773, 14.8093490601, 165.752975464, -365.335357666, -111.509025574, 156.935150146, 673.993774414, 74.1707229614, -233.524703979, -43.1985855103, 69.2708129883, 109.920295715, -52.4001960754], [237.549911499, -10.9926071167, -196.47177124, -91.7396087646, 18.5694694519, 1.91532099247, 74.1707229614, 209.418106079, -23.300737381, -98.9319381714, 34.7145881653, 24.763584137, -55.2268180847], [-666.744689941, -106.909828186, 57.0602455139, 182.891525269, 161.564056396, -34.573261261, -233.524703979, -23.300737381, 275.664886475, 80.2231750488, -38.8327293396, -66.9939498901, 40.2887535095], [-2189.22363281, -468.735290527, 567.164306641, 232.886962891, 79.3648147583, 280.351257324, -43.1985855103, -98.9319381714, 80.2231750488, 419.000823975, -82.8077850342, 11.2443218231, 47.2970275879], [483.90045166, 75.042350769, -284.100738525, -129.591247559, -5.06949710846, -62.6692733765, 69.2708129883, 34.7145881653, -38.8327293396, -82.8077850342, 165.799606323, 37.3239936829, -47.5598640442], [-245.417098999, -97.3421554565, -9.74975013733, -51.8848724365, -11.5992383957, 13.7276906967, 109.920295715, 24.763584137, -66.9939498901, 11.2443218231, 37.3239936829, 118.531105042, 7.53615999222], [-164.518676758, -32.0578918457, 111.472663879, 64.6296157837, -16.4211845398, -3.59113526344, -52.4001960754, -55.2268180847, 40.2887535095, 47.2970275879, -47.5598640442, 7.53615999222, 130.228271484]],
        "icov": [[0.000530236575287, -0.000948043249082, 0.00119857920799, -0.000502026872709, 0.00154461548664, -4.2534309614e-05, 0.00130197184626, -0.000196597233298, 0.00112388201524, 6.53114257148e-05, 0.000477240158943, -0.000340772181517, 0.000116358009109], [-0.000948043249082, 0.00275844614953, -0.00223076087423, 0.00126031425316, -0.0025998824276, 0.000858124403749, -0.00235335784964, 0.000622944091447, -0.00171201839112, 0.000416867638705, -0.000857182778418, 0.00164780137129, -0.000251692137681], [0.00119857920799, -0.00223076087423, 0.00401284778491, -0.00182810705155, 0.00313227297738, -0.000164855562616, 0.00192696973681, 4.05103928642e-05, 0.00270056049339, -0.000949705776293, 0.00245277746581, -0.000449495913927, 5.15551546414e-05], [-0.000502026872709, 0.00126031425316, -0.00182810705155, 0.00411034235731, -0.00129976624157, -0.000907502719201, 0.00098157254979, 0.0005658971495, -0.00178843038157, 0.000405594328186, -3.21674742736e-05, -0.000449593731901, 6.72474561725e-05], [0.00154461548664, -0.0025998824276, 0.00313227297738, -0.00129976624157, 0.00729642715305, 9.62832928053e-05, 0.00402966607362, -0.000952614354901, 0.00149650487583, 0.00019244865689, 0.00100013858173, -0.00165614660364, 0.0013435787987], [-4.2534309614e-05, 0.000858124403749, -0.000164855562616, -0.000907502719201, 9.62832928053e-05, 0.00512611865997, -0.00172699650284, -0.00134367891587, 0.00127411668655, -0.00278787896968, 8.24723101687e-05, 0.00245331297629, 0.000144267018186], [0.00130197184626, -0.00235335784964, 0.00192696973681, 0.00098157254979, 0.00402966607362, -0.00172699650284, 0.00745068863034, -0.000815658306237, 0.0036785712, 0.00133181165438, 0.000252638128586, -0.00296366610564, 0.000683473306708], [-0.000196597233298, 0.000622944091447, 4.05103928642e-05, 0.0005658971495, -0.000952614354901, -0.00134367891587, -0.000815658306237, 0.0072999834083, -0.00165753415786, 0.00231481855735, 0.000957045529503, -0.00195697345771, 0.00233469763771], [0.00112388201524, -0.00171201839112, 0.00270056049339, -0.00178843038157, 0.00149650487583, 0.00127411668655, 0.0036785712, -0.00165753415786, 0.0101573718712, -0.00158500322141, 0.000337494770065, 0.00320976017974, -0.00205385359004], [6.53114257148e-05, 0.000416867638705, -0.000949705776293, 0.000405594328186, 0.00019244865689, -0.00278787896968, 0.00133181165438, 0.00231481855735, -0.00158500322141, 0.00710480986163, 3.13110358547e-05, -0.00240013469011, 0.000322018138831], [0.000477240158943, -0.000857182778418, 0.00245277746581, -3.21674742736e-05, 0.00100013858173, 8.24723101687e-05, 0.000252638128586, 0.000957045529503, 0.000337494770065, 3.13110358547e-05, 0.0106054320931, -0.00320938322693, 0.00288731814362], [-0.000340772181517, 0.00164780137129, -0.000449495913927, -0.000449593731901, -0.00165614660364, 0.00245331297629, -0.00296366610564, -0.00195697345771, 0.00320976017974, -0.00240013469011, -0.00320938322693, 0.0148513317108, -0.00373338605277], [0.000116358009109, -0.000251692137681, 5.15551546414e-05, 6.72474561725e-05, 0.0013435787987, 0.000144267018186, 0.000683473306708, 0.00233469763771, -0.00205385359004, 0.000322018138831, 0.00288731814362, -0.00373338605277, 0.0109138134867]]
    },
    "melbands": {
        "mean": [8.51499680721e-06, 3.78274780815e-05, 0.000391819135984, 0.00138605304528, 0.0011962801218, 0.000339247926604, 0.000310256698867, 0.000123885532958, 0.000148965904373, 0.000262146204477, 0.000129560925416, 0.000208449360798, 9.58552482189e-05, 3.14021526719e-05, 1.90041009773e-05, 9.57673728408e-06, 2.01288185053e-06, 1.35537777624e-06, 3.16078194373e-06, 6.13929614701e-06, 7.69885446061e-06, 1.0086837392e-05, 1.66888912645e-05, 1.61234220286e-05, 1.11959070637e-05, 2.47933917308e-06, 1.38026422292e-07, 5.15343749896e-08, 2.95175333065e-08, 2.46366411716e-08, 2.3472820132e-08, 1.82951609418e-08, 1.58827528907e-08, 1.98257783524e-08, 2.20850928656e-08, 3.26987965593e-08, 4.13675174116e-08, 2.29279812913e-08, 1.3996305448e-08, 9.27734689071e-09],
        "stdev": [1.2300653907e-05, 8.04199735285e-05, 0.000655634212308, 0.00247179972939, 0.00383568392135, 0.000607095542364, 0.000745892582927, 0.000244067297899, 0.000305282796035, 0.000715389614925, 0.000399827200454, 0.000733620661777, 0.000289198418614, 0.000117433264677, 8.98043217603e-05, 4.22576886194e-05, 9.12349514692e-06, 5.09485153088e-06, 1.08250815174e-05, 2.47292973654e-05, 2.65704038611e-05, 2.62068133452e-05, 4.70004088129e-05, 4.07407715102e-05, 3.38902500516e-05, 6.53515826343e-06, 3.1217484775e-07, 1.60147152428e-07, 1.68008426726e-07, 1.38696577778e-07, 8.36033251517e-08, 8.8702222456e-08, 1.31658026703e-07, 1.911795664e-07, 1.56928408046e-07, 2.18551988951e-07, 2.57766629375e-07, 1.7097313787e-07, 1.29447130348e-07, 1.15040691639e-07]
    },
    "melbands128": {
        "mean": [9.70343899098e-06, 7.92522223492e-06, 8.34842194308e-06, 8.99547376321e-06, 1.46284201037e-05, 9.41096441238e-05, 0.000317660393193, 0.000445653742645, 0.000604036496952, 0.00135358457919, 0.0020213953685, 0.00154644623399, 0.00122073933017, 0.000504015595652, 0.000221653725021, 0.000336098280968, 0.000339501799317, 0.000359359255526, 0.00021253277373, 9.38517696341e-05, 8.17248146632e-05, 0.000185928423889, 0.000181030205567, 5.69492003706e-05, 0.000295058591291, 0.000352104892954, 0.000137679613545, 0.000148832928971, 3.74206611014e-05, 0.000185249969945, 0.000310552568408, 0.000197152665351, 5.75714475417e-05, 4.63976030005e-05, 3.27673296852e-05, 3.55940683221e-05, 1.58657348948e-05, 7.1489093898e-06, 3.83773112844e-05, 1.160183092e-05, 4.27529857916e-06, 1.64179732565e-06, 3.00695660371e-06, 1.43846261835e-06, 5.34013281595e-07, 1.87004854979e-06, 1.75832099103e-06, 1.48680430812e-06, 4.38884580944e-06, 6.40779080641e-06, 4.528181762e-06, 7.98230666987e-06, 8.17928321339e-06, 6.02492673352e-06, 1.11422277769e-05, 5.50165759705e-06, 1.29638028739e-05, 2.17455199163e-05, 1.11379913506e-05, 2.33655700868e-05, 1.26150407596e-05, 1.89514212252e-05, 8.3069289758e-06, 1.44132854984e-05, 6.14998998572e-06, 1.25930023387e-06, 4.3143367634e-07, 1.126229634e-07, 1.18136114224e-07, 1.00771607947e-07, 4.06639628636e-08, 3.86206444603e-08, 2.30959802394e-08, 3.12729895313e-08, 3.03505949262e-08, 2.78673404353e-08, 1.91154096996e-08, 2.27742393832e-08, 2.40144419905e-08, 2.52759608799e-08, 2.01059542349e-08, 1.32745583414e-08, 1.73245595647e-08, 1.48765284536e-08, 1.6558825422e-08, 1.88660038702e-08, 2.22896527902e-08, 1.91532461002e-08, 2.19996483253e-08, 2.3722900977e-08, 2.48501716982e-08, 3.88749228364e-08, 4.11614244911e-08, 3.93991790304e-08, 4.59753444204e-08, 3.14619512665e-08, 1.61781468222e-08, 1.27975923192e-08, 1.32224018401e-08, 1.48385916887e-08, 1.51656056602e-08, 7.73814878841e-09, 3.6718856844e-09, 1.87312410027e-09, 1.21262766495e-09, 1.20242904522e-09, 8.68088434469e-10, 6.81964928972e-10, 6.91131041286e-10, 8.56978710218e-10, 6.17273676617e-10, 4.04232786133e-10, 2.91432468436e-11, 2.79325867991e-12, 2.70807855307e-12, 2.6329437762e-12, 2.55328874363e-12, 2.47472723737e-12, 2.41312286993e-12, 2.36143548292e-12, 2.31199131021e-12, 2.27248558513e-12, 2.22491382956e-12, 2.18446853488e-12, 2.15902924879e-12, 2.14196390659e-12, 2.12973432293e-12, 2.11251177142e-12],
        "stdev": [1.62380692927e-05, 1.44960558828e-05, 1.44743735291e-05, 1.28205883811e-05, 2.22609924094e-05, 0.000244822702371, 0.000908489455469, 0.000875573197845, 0.000799200730398, 0.00198521884158, 0.00435886811465, 0.00656517967582, 0.00451582111418, 0.00162562378682, 0.000497089175042, 0.000752377382014, 0.000892915006261, 0.00126526830718, 0.000489027821459, 0.000286683469312, 0.000362419872545, 0.000493405212183, 0.000441634329036, 0.000198387191631, 0.000796692038421, 0.00122921599541, 0.00068042986095, 0.000606410263572, 0.000140616146382, 0.00105515029281, 0.00115790579002, 0.000756258086767, 0.000260629254626, 0.000308167887852, 0.000253194157267, 0.000156669077114, 7.22555123502e-05, 4.47547463409e-05, 0.000251707009738, 5.65824193473e-05, 2.88034843834e-05, 1.0665166883e-05, 1.61904990819e-05, 8.77983711689e-06, 2.8080046377e-06, 9.02589999896e-06, 8.68203369464e-06, 8.6370318968e-06, 1.76484118128e-05, 3.74863702746e-05, 3.22915475408e-05, 3.35849108524e-05, 5.34796454303e-05, 2.33662358369e-05, 3.42322564393e-05, 2.04873813345e-05, 4.17693299823e-05, 9.85929364106e-05, 3.6594687117e-05, 7.80970876804e-05, 4.05773935199e-05, 7.67290985095e-05, 2.60555716523e-05, 5.34603968845e-05, 1.89532747754e-05, 4.29282863479e-06, 1.24193695683e-06, 4.14764059542e-07, 3.90802426864e-07, 3.32590957441e-07, 1.77208463015e-07, 1.41911698393e-07, 1.44107616507e-07, 1.86312547612e-07, 2.49472009273e-07, 1.99917778332e-07, 1.02507030419e-07, 1.0052484356e-07, 8.97352734341e-08, 1.05318186172e-07, 9.84658683478e-08, 9.48203577877e-08, 1.24238795252e-07, 1.17420206891e-07, 1.86450918704e-07, 1.9660892292e-07, 2.44876730449e-07, 1.41238814422e-07, 1.54794435048e-07, 2.06053513807e-07, 1.82243411473e-07, 3.1484805163e-07, 2.2643905595e-07, 2.20798568762e-07, 3.9951942199e-07, 2.57750173205e-07, 1.25408973872e-07, 1.3444339686e-07, 1.07005085681e-07, 1.57767090059e-07, 2.27657039886e-07, 1.00698052563e-07, 3.11079304538e-08, 1.08541096111e-08, 5.87390669438e-09, 1.02186925588e-08, 5.67050983946e-09, 3.46168782528e-09, 3.87099152732e-09, 5.87351633996e-09, 3.78283360192e-09, 2.65944799516e-09, 2.37761588195e-10, 5.79148014268e-12, 5.59410850975e-12, 5.41426712491e-12, 5.2446987725e-12, 5.09247201699e-12, 4.95030795869e-12, 4.82141496866e-12, 4.70634121952e-12, 4.6061605051e-12, 4.51561054174e-12, 4.43777219833e-12, 4.3720031935e-12, 4.32137702358e-12, 4.28416373557e-12, 4.26055067962e-12]
    },
    "mfcc": {
        "mean": [-823.38848877, 187.986953735, -0.231030270457, 22.2715129852, 4.21026515961, -43.3451652527, -16.5987148285, 13.0571727753, -18.8573532104, -17.9772796631, -9.97236347198, -10.8921852112, -13.2896766663],
        "cov": [[9968.47558594, 3166.44311523, -2330.10839844, -358.237335205, -433.364532471, -1715.24255371, -545.237426758, 605.645996094, -849.503295898, -651.454406738, -129.558029175, -189.205093384, -476.142303467], [3166.44311523, 2713.8828125, -438.256652832, -146.265457153, -302.834899902, -819.010925293, -57.7804489136, 307.257446289, -280.918670654, -362.259796143, -12.0018062592, -227.372817993, -168.694000244], [-2330.10839844, -438.256652832, 1513.60351562, 265.90536499, -72.0710983276, 562.514709473, 122.336051941, -334.028137207, 268.853942871, 192.044937134, -128.700149536, -41.4186973572, 142.10723877], [-358.237335205, -146.265457153, 265.90536499, 440.303771973, 333.314697266, 81.7701950073, -223.361022949, -172.812728882, 69.0576934814, 62.090877533, -125.035484314, 43.1211547852, 48.5598449707], [-433.364532471, -302.834899902, -72.0710983276, 333.314697266, 790.084838867, 80.7210235596, -396.965698242, -199.819351196, 89.2222061157, 145.197753906, -83.0532989502, 144.816665649, 6.14655351639], [-1715.24255371, -819.010925293, 562.514709473, 81.7701950073, 80.7210235596, 600.099487305, 103.73991394, -269.654632568, 170.185653687, 175.579345703, 2.08783650398, 71.8334350586, 99.3564453125], [-545.237426758, -57.7804489136, 122.336051941, -223.361022949, -396.965698242, 103.73991394, 471.090423584, 188.914215088, -25.4931964874, -79.1779556274, 127.799461365, -43.5658721924, 15.476023674], [605.645996094, 307.257446289, -334.028137207, -172.812728882, -199.819351196, -269.654632568, 188.914215088, 411.648803711, -92.6467971802, -123.190628052, 90.3647232056, -60.3504333496, -51.573551178], [-849.503295898, -280.918670654, 268.853942871, 69.0576934814, 89.2222061157, 170.185653687, -25.4931964874, -92.6467971802, 217.490509033, 102.473175049, -41.3997764587, -3.45242118835, 53.5033035278], [-651.454406738, -362.259796143, 192.044937134, 62.090877533, 145.197753906, 175.579345703, -79.1779556274, -123.190628052, 102.473175049, 232.761749268, -33.4782791138, 36.2576828003, 33.8617630005], [-129.558029175, -12.0018062592, -128.700149536, -125.035484314, -83.0532989502, 2.08783650398, 127.799461365, 90.3647232056, -41.3997764587, -33.4782791138, 186.196960449, 32.1129608154, -28.559671402], [-189.205093384, -227.372817993, -41.4186973572, 43.1211547852, 144.816665649, 71.8334350586, -43.5658721924, -60.3504333496, -3.45242118835, 36.2576828003, 32.1129608154, 149.716064453, 16.029335022], [-476.142303467, -168.694000244, 142.10723877, 48.5598449707, 6.14655351639, 99.3564453125, 15.476023674, -51.573551178, 53.5033035278, 33.8617630005, -28.559671402, 16.029335022, 122.833595276]],
        "icov": [[0.000442103075329, -0.000279498024611, 0.0004453092115, -7.58093665354e-05, 0.000555718492251, -3.36226949003e-05, 0.000657566357404, -0.000131682463689, 0.000590777490288, 8.94489858183e-05, 0.000708907551598, -0.000331631512381, 0.000632038456388], [-0.000279498024611, 0.000972810899839, -0.000576250778977, 0.000226664415095, -0.000461053918116, 0.0011919143144, -0.000441622309154, 0.000425205740612, -6.91583336447e-05, 0.000450321298558, -0.000618249468971, 0.000862783694174, -0.000227565775276], [0.0004453092115, -0.000576250778977, 0.00219578179531, -0.00133057392668, 0.00123907474335, -0.00121041259263, -7.21149190213e-05, 0.000404224789236, -0.00035922479583, -0.000528900884092, 0.00123599590734, -7.80585014581e-06, 0.000607000896707], [-7.58093665354e-05, 0.000226664415095, -0.00133057392668, 0.00519109796733, -0.00198672222905, 0.000444682344096, 0.000915029668249, 1.8228085537e-05, 0.000515696243383, 0.00118984642904, 0.00115966855083, -3.56149248546e-05, -0.00114167819265], [0.000555718492251, -0.000461053918116, 0.00123907474335, -0.00198672222905, 0.00445928424597, -0.00122101453599, 0.00314377970062, -0.000915756914765, -0.000256091472693, -0.000572090037167, 0.000677139498293, -0.00244898279198, 0.00160306319594], [-3.36226949003e-05, 0.0011919143144, -0.00121041259263, 0.000444682344096, -0.00122101453599, 0.00748988706619, -0.00351922516711, 0.00393704744056, -0.000871159485541, -0.00102493283339, -0.00110404915176, 1.9160283955e-06, -0.000764645519666], [0.000657566357404, -0.000441622309154, -7.21149190213e-05, 0.000915029668249, 0.00314377970062, -0.00351922516711, 0.00891711004078, -0.00424050958827, 0.00141917308792, 0.00180607382208, -0.00080033345148, -0.000850782031193, 0.000258383166511], [-0.000131682463689, 0.000425205740612, 0.000404224789236, 1.8228085537e-05, -0.000915756914765, 0.00393704744056, -0.00424050958827, 0.00692147249356, -0.000763018324506, -0.000257600244367, -0.00116375356447, 0.00144994189031, -0.000156152105774], [0.000590777490288, -6.91583336447e-05, -0.00035922479583, 0.000515696243383, -0.000256091472693, -0.000871159485541, 0.00141917308792, -0.000763018324506, 0.00871809571981, -0.00119312631432, 0.0011445726268, 0.00149187678471, -0.000771956401877], [8.94489858183e-05, 0.000450321298558, -0.000528900884092, 0.00118984642904, -0.000572090037167, -0.00102493283339, 0.00180607382208, -0.000257600244367, -0.00119312631432, 0.00754657387733, 0.000311156967655, -0.000164411656442, 0.000161767995451], [0.000708907551598, -0.000618249468971, 0.00123599590734, 0.00115966855083, 0.000677139498293, -0.00110404915176, -0.00080033345148, -0.00116375356447, 0.0011445726268, 0.000311156967655, 0.0101962592453, -0.00338854384609, 0.00271042459644], [-0.000331631512381, 0.000862783694174, -7.80585014581e-06, -3.56149248546e-05, -0.00244898279198, 1.9160283955e-06, -0.000850782031193, 0.00144994189031, 0.00149187678471, -0.000164411656442, -0.00338854384609, 0.0113102504984, -0.0021088316571], [0.000632038456388, -0.000227565775276, 0.000607000896707, -0.00114167819265, 0.00160306319594, -0.000764645519666, 0.000258383166511, -0.000156152105774, -0.000771956401877, 0.000161767995451, 0.00271042459644, -0.0021088316571, 0.0116648487747]]
    },
    "spectral_contrast_coeffs": {
        "mean": [-0.554283082485, -0.671217501163, -0.688538074493, -0.763167738914, -0.686272680759, -0.805718898773],
        "stdev": [0.128087744117, 0.107428334653, 0.123474679887, 0.0930926948786, 0.12407515198, 0.0523667857051]
    },
    "spectral_contrast_valleys": {
        "mean": [-8.68163585663, -8.34262657166, -9.76814842224, -10.5107240677, -10.8157224655, -13.6485958099],
        "stdev": [3.04879450798, 3.20420384407, 2.9732670784, 2.8041768074, 2.75189638138, 2.30774784088]
    }
},
"rhythm": {
    "beats_count": 241,
    "beats_loudness": {
        "mean": 0.0223451927304,
        "stdev": 0.0214950591326
    },
    "bpm": 123.689369202,
    "bpm_histogram_first_peak_bpm": 123,
    "bpm_histogram_first_peak_weight": 0.558823525906,
    "bpm_histogram_second_peak_bpm": 133,
    "bpm_histogram_second_peak_spread": 0.638554215431,
    "bpm_histogram_second_peak_weight": 0.125,
    "danceability": 0.993774652481,
    "onset_rate": 2.33623480797,
    "beats_loudness_band_ratio": {
        "mean": [0.196544796228, 0.556357979774, 0.195688143373, 0.0721759274602, 0.0340560041368, 0.00504415575415],
        "stdev": [0.236118763685, 0.302051365376, 0.186240136623, 0.15445753932, 0.0665963664651, 0.0147980591282]
    },
    "beats_position": [0.406349211931, 0.812698423862, 1.23065757751, 1.63700675964, 2.04335594177, 2.43809509277, 2.85605430603, 3.23918366432, 3.63392281532, 4.04027223587, 4.46984100342, 4.8994102478, 5.32897949219, 5.7701587677, 6.17650794983, 6.57124710083, 6.9543762207, 7.33750534058, 7.73224496841, 8.13859367371, 8.53333282471, 8.96290206909, 9.4040813446, 9.83365058899, 10.2632198334, 10.71600914, 11.1455783844, 11.5635375977, 11.9814968109, 12.3994560242, 12.8174142838, 13.235373497, 13.6533327103, 14.0712919235, 14.5008611679, 14.9420404434, 15.3948297501, 15.8360090256, 16.2771873474, 16.7067565918, 17.1479358673, 17.600725174, 18.0070743561, 18.390203476, 18.7733325958, 19.1564617157, 19.5512008667, 19.96916008, 20.3987293243, 20.8747386932, 21.339138031, 21.8035373688, 22.2447166443, 22.7091159821, 23.1502952576, 23.5914726257, 24.0326519012, 24.4738311768, 24.9266204834, 25.37940979, 25.8321990967, 26.2849884033, 26.7726078033, 27.2370071411, 27.6781845093, 28.1193637848, 28.5837631226, 29.0481624603, 29.5125617981, 29.988571167, 30.4645805359, 30.9521980286, 31.4398174286, 31.9274368286, 32.4034461975, 32.8794555664, 33.3438529968, 33.8198623657, 34.2958717346, 34.7602729797, 35.2478904724, 35.7471199036, 36.2463493347, 36.7571868896, 37.2912483215, 37.8369140625, 38.3825836182, 38.9398651123, 39.4971427917, 40.0312004089, 40.4839897156, 40.9367790222, 41.3895683289, 41.8423576355, 42.3067550659, 42.7827644348, 43.2355537415, 43.6883430481, 44.1411323547, 44.5823135376, 45.0351028442, 45.4646720886, 45.9058494568, 46.347026825, 46.7765960693, 47.1945571899, 47.6009063721, 48.018863678, 48.4252128601, 48.8315620422, 49.2263031006, 49.6326522827, 50.0390014648, 50.445350647, 50.8633079529, 51.2928771973, 51.7108383179, 52.152015686, 52.5931968689, 53.0459861755, 53.4987754822, 53.9515647888, 54.4043540955, 54.8455314636, 55.2867126465, 55.7278900146, 56.1690673828, 56.6102485657, 57.0514259338, 57.5042152405, 57.9802246094, 58.4446258545, 58.8858032227, 59.3502044678, 59.8029937744, 60.2673912048, 60.7434005737, 61.2310180664, 61.7186393738, 62.2062568665, 62.6938781738, 63.1814956665, 63.6691131592, 64.1567306519, 64.6443557739, 65.1319732666, 65.5847625732, 66.0375518799, 66.478729248, 66.9895706177, 67.5004043579, 68.0112457275, 68.5220870972, 69.0213165283, 69.5321502686, 70.0313796997, 70.5422210693, 71.053062439, 71.5290679932, 72.0050811768, 72.5043106079, 72.9803161621, 73.4447174072, 73.9091110229, 74.3735122681, 74.8495254517, 75.3255310059, 75.7783203125, 76.2311096191, 76.6722869873, 77.1250762939, 77.554649353, 77.9726028442, 78.3905639648, 78.8085250854, 79.2380905151, 79.6676635742, 80.1088409424, 80.561630249, 81.0144195557, 81.4672088623, 81.9432220459, 82.4076156616, 82.8720169067, 83.3828582764, 83.8820877075, 84.3813171387, 84.8689346313, 85.356552124, 85.8441696167, 86.3317871094, 86.8194122314, 87.3070297241, 87.7946472168, 88.2822647095, 88.7698822021, 89.2807235718, 89.7915649414, 90.3140106201, 90.8364639282, 91.3472976685, 91.8465270996, 92.3341445923, 92.8333740234, 93.309387207, 93.7853927612, 94.2730178833, 94.760635376, 95.2482528687, 95.7474822998, 96.246711731, 96.7343292236, 97.2103347778, 97.6979598999, 98.1739654541, 98.6499786377, 99.1492080688, 99.6368255615, 100.101219177, 100.565620422, 101.041633606, 101.494422913, 101.958816528, 102.423217773, 102.899223328, 103.375236511, 103.851242065, 104.327255249, 104.791656494, 105.25605011, 105.662399292, 106.057144165, 106.451881409, 106.858230591, 107.252967834, 107.636100769, 108.077278137, 108.506843567, 108.936416626, 109.365982056, 109.795555115],
    "bpm_histogram": [0, 0, 0, 0, 0, 0, 0, 0, 0, 0, 0, 0, 0, 0, 0, 0, 0, 0, 0, 0, 0, 0, 0, 0, 0, 0, 0, 0, 0, 0, 0, 0, 0, 0, 0, 0, 0, 0, 0, 0, 0, 0, 0, 0, 0, 0, 0, 0, 0, 0, 0, 0, 0, 0, 0, 0, 0, 0, 0, 0, 0, 0, 0, 0, 0, 0, 0, 0, 0, 0, 0, 0, 0, 0, 0, 0, 0, 0, 0, 0, 0, 0, 0, 0, 0, 0, 0, 0, 0, 0, 0, 0, 0, 0, 0, 0, 0, 0, 0, 0, 0, 0, 0, 0, 0, 0, 0, 0, 0.00833333376795, 0, 0.00833333376795, 0, 0.00833333376795, 0, 0, 0.00833333376795, 0, 0.0500000007451, 0, 0, 0.0500000007451, 0, 0, 0.125, 0, 0, 0.108333334327, 0, 0, 0.10000000149, 0, 0, 0, 0.125, 0, 0, 0.120833329856, 0, 0, 0, 0.0833333358169, 0, 0, 0, 0.0708333328366, 0, 0, 0, 0.0625, 0, 0, 0, 0.0416666679084, 0, 0, 0, 0, 0.0291666667908, 0, 0, 0, 0, 0, 0, 0, 0, 0, 0, 0, 0, 0, 0, 0, 0, 0, 0, 0, 0, 0, 0, 0, 0, 0, 0, 0, 0, 0, 0, 0, 0, 0, 0, 0, 0, 0, 0, 0, 0, 0, 0, 0, 0, 0, 0, 0, 0, 0, 0, 0, 0, 0, 0, 0, 0, 0, 0, 0, 0, 0, 0, 0, 0, 0, 0, 0, 0, 0, 0, 0, 0, 0, 0, 0, 0, 0, 0, 0, 0, 0, 0, 0, 0, 0, 0, 0, 0, 0, 0, 0, 0]
},
"tonal": {
    "chords_changes_rate": 0.0542244650424,
    "chords_number_rate": 0.00546448072419,
    "chords_strength": {
        "mean": 0.519879817963,
        "stdev": 0.224137112498
    },
    "hpcp_crest": {
        "mean": 16.9620876312,
        "stdev": 8.16107273102
    },
    "hpcp_entropy": {
        "mean": 1.48915600777,
        "stdev": 0.718699634075
    },
    "key_edma": {
        "strength": 0.681348800659,
        "key": "A#",
        "scale": "major"
    },
    "key_krumhansl": {
        "strength": 0.688788414001,
        "key": "A#",
        "scale": "major"
    },
    "key_temperley": {
        "strength": 0.696122169495,
        "key": "A#",
        "scale": "major"
    },
    "tuning_diatonic_strength": 0.498571515083,
    "tuning_equal_tempered_deviation": 0.0493595935404,
    "tuning_frequency": 438.224517822,
    "tuning_nontempered_energy_ratio": 0.715544104576,
    "hpcp": {
        "mean": [0.215500637889, 0.142752155662, 0.109792970121, 0.206203535199, 0.157596409321, 0.066716812551, 0.067461758852, 0.0443303026259, 0.0816442966461, 0.123529292643, 0.0766631439328, 0.0389348417521, 0.0344186499715, 0.0370085164905, 0.109711222351, 0.231495797634, 0.182630226016, 0.0593808107078, 0.0516024343669, 0.0441109985113, 0.047873608768, 0.0737303644419, 0.056401103735, 0.116710074246, 0.187561169267, 0.103234037757, 0.0285982266068, 0.038046464324, 0.0465373694897, 0.125943884254, 0.224373370409, 0.13597933948, 0.0247022788972, 0.019152879715, 0.0316154360771, 0.127424359322],
        "stdev": [0.354311943054, 0.268304556608, 0.233734205365, 0.353121638298, 0.287439882755, 0.168637886643, 0.199665620923, 0.128250822425, 0.197939217091, 0.267541527748, 0.183607086539, 0.125400140882, 0.116202540696, 0.121678940952, 0.202850773931, 0.313074529171, 0.274956732988, 0.146722257137, 0.177281960845, 0.153895780444, 0.125670298934, 0.199618369341, 0.155580565333, 0.236659184098, 0.318307101727, 0.204391732812, 0.096982203424, 0.149863749743, 0.16128924489, 0.231595531106, 0.361207962036, 0.251204907894, 0.0858732312918, 0.0884291753173, 0.121166370809, 0.252917677164]
    },
    "chords_histogram": [30.1387138367, 8.95334148407, 3.95124006271, 2.90037822723, 0.126103401184, 0.840689361095, 15.931063652, 0.756620407104, 2.48003363609, 0, 8.82723808289, 0.420344680548, 0.0840689390898, 0.840689361095, 0, 0, 1.80748212337, 1.5973098278, 1.38713741302, 0.504413604736, 0.0420344695449, 2.48003363609, 2.31189584732, 13.6191673279],
    "thpcp": [1, 0.788913786411, 0.256509244442, 0.222908735275, 0.190547734499, 0.206801205873, 0.318495482206, 0.243637695909, 0.504156351089, 0.810214161873, 0.44594347477, 0.12353669852, 0.164350554347, 0.201029002666, 0.544043958187, 0.969233036041, 0.587394416332, 0.106707245111, 0.0827353224158, 0.136570230126, 0.550439178944, 0.930905163288, 0.616651177406, 0.474276304245, 0.89074420929, 0.680774390697, 0.288198798895, 0.291416764259, 0.191495060921, 0.352681547403, 0.533613562584, 0.331164300442, 0.168188109994, 0.148679375648, 0.159866899252, 0.473923176527],
    "chords_key": "A#",
    "chords_scale": "major"
}
}