{
"metadata": {
    "version": {
        "essentia": "2.1-dev",
        "essentia_git_sha": "v2.1_beta3-415-gd5473f3",
        "extractor": "music 2.0"
    },
    "audio_properties": {
        "analysis": {
            "equal_loudness": 0,
            "length": 299.023651123,
            "sample_rate": 44100,
            "start_time": 0,
            "downmix": "mix"
        },
        "bit_rate": 64000,
        "length": 299.023681641,
        "lossless": 0,
        "number_channels": 2,
        "replay_gain": 1.7785282135,
        "sample_rate": 22050,
        "codec": "mp3",
        "md5_encoded": "6a1f1c68d9ec8d454f218368ad8bd9fe"
    },
    "tags": {
        "file_name": "prokofiev-sonata_in_c_major_for_cello_and_piano-moderato.mp3",
        "album": ["String Quartets n 1 & 2 Cello Sonata "],
        "artist": ["Sergey Prokofiev"],
        "date": ["1994"],
        "genre": ["Classical"],
        "title": ["Sonata in C Major for Cello and Piano Op 119 - II Moderato"]
    }
},
"lowlevel": {
    "average_loudness": 0.348153680563,
    "barkbands_crest": {
        "mean": 11.8522500992,
        "stdev": 4.10649633408
    },
    "barkbands_flatness_db": {
        "mean": 0.310491412878,
        "stdev": 0.0763211771846
    },
    "barkbands_kurtosis": {
        "mean": 5.65811824799,
        "stdev": 9.53864860535
    },
    "barkbands_skewness": {
        "mean": 1.49459540844,
        "stdev": 1.03144490719
    },
    "barkbands_spread": {
        "mean": 6.10844755173,
        "stdev": 4.09087753296
    },
    "dissonance": {
        "mean": 0.39923235774,
        "stdev": 0.0584400743246
    },
    "dynamic_complexity": 4.5800113678,
    "erbbands_crest": {
        "mean": 12.4485282898,
        "stdev": 5.07748699188
    },
    "erbbands_flatness_db": {
        "mean": 0.316344797611,
        "stdev": 0.0452450439334
    },
    "erbbands_kurtosis": {
        "mean": 2.0401558876,
        "stdev": 4.74776029587
    },
    "erbbands_skewness": {
        "mean": 0.84924775362,
        "stdev": 0.906306385994
    },
    "erbbands_spread": {
        "mean": 15.636680603,
        "stdev": 8.95023059845
    },
    "hfc": {
        "mean": 9.1732711792,
        "stdev": 11.791762352
    },
    "loudness_ebu128": {
        "integrated": -25.2975540161,
        "loudness_range": 8.12580490112,
        "momentary": {
            "mean": -27.2369995117,
            "stdev": 5.18333292007
        },
        "short_term": {
            "mean": -26.3596916199,
            "stdev": 3.09011530876
        }
    },
    "melbands_crest": {
        "mean": 15.273979187,
        "stdev": 5.01537227631
    },
    "melbands_flatness_db": {
        "mean": 0.382100373507,
        "stdev": 0.0995401218534
    },
    "melbands_kurtosis": {
        "mean": 8.32641410828,
        "stdev": 12.4047050476
    },
    "melbands_skewness": {
        "mean": 1.85404849052,
        "stdev": 1.16357338428
    },
    "melbands_spread": {
        "mean": 8.25392913818,
        "stdev": 6.05696058273
    },
    "pitch_salience": {
        "mean": 0.534614026546,
        "stdev": 0.119583256543
    },
    "silence_rate_20dB": {
        "mean": 0.999301195145,
        "stdev": 0.026426397264
    },
    "silence_rate_30dB": {
        "mean": 0.981132090092,
        "stdev": 0.136044830084
    },
    "silence_rate_60dB": {
        "mean": 0.14442114532,
        "stdev": 0.351529806852
    },
    "spectral_centroid": {
        "mean": 518.967346191,
        "stdev": 267.557220459
    },
    "spectral_complexity": {
        "mean": 10.2612781525,
        "stdev": 5.07556295395
    },
    "spectral_decrease": {
        "mean": -5.58932677919e-09,
        "stdev": 7.4013004614e-09
    },
    "spectral_energy": {
        "mean": 0.0219273604453,
        "stdev": 0.0288201812655
    },
    "spectral_energyband_high": {
        "mean": 7.35049343348e-06,
        "stdev": 1.99358764803e-05
    },
    "spectral_energyband_low": {
        "mean": 0.00414182152599,
        "stdev": 0.00965843908489
    },
    "spectral_energyband_middle_high": {
        "mean": 0.00212386087514,
        "stdev": 0.00496276607737
    },
    "spectral_energyband_middle_low": {
        "mean": 0.0168973729014,
        "stdev": 0.0246140807867
    },
    "spectral_entropy": {
        "mean": 6.02807760239,
        "stdev": 0.578953504562
    },
    "spectral_flux": {
        "mean": 0.0493682064116,
        "stdev": 0.0355348773301
    },
    "spectral_kurtosis": {
        "mean": 46.3679580688,
        "stdev": 39.2946357727
    },
    "spectral_rms": {
        "mean": 0.00401246640831,
        "stdev": 0.00230058375746
    },
    "spectral_rolloff": {
        "mean": 633.29107666,
        "stdev": 406.815246582
    },
    "spectral_skewness": {
        "mean": 4.45495557785,
        "stdev": 2.16705060005
    },
    "spectral_spread": {
        "mean": 1399508,
        "stdev": 658140.9375
    },
    "spectral_strongpeak": {
        "mean": 1.04333078861,
        "stdev": 1.1284725666
    },
    "zerocrossingrate": {
        "mean": 0.0239051189274,
        "stdev": 0.0130176506937
    },
    "barkbands": {
        "mean": [2.86290814984e-05, 0.00102408276871, 0.0019296706887, 0.00303534138948, 0.00431895302609, 0.00379765103571, 0.00192825717386, 0.00176294357516, 0.00188311864622, 0.000537216488738, 0.000506712123752, 0.000316830031807, 0.000228411096032, 0.000133931200253, 0.000230803110753, 9.45532738115e-05, 0.000100206852949, 4.57284986624e-05, 1.4078705135e-05, 5.15849296789e-06, 2.73951332019e-06, 1.1310711443e-06, 6.09547896602e-07, 5.47066179024e-07, 1.01499182392e-07, 6.33467056588e-10, 6.75079325774e-10],
        "stdev": [0.000105358019937, 0.00293786730617, 0.00541211431846, 0.00836114678532, 0.0122422222048, 0.006908623036, 0.00491674104705, 0.00467849289998, 0.00490339891985, 0.00144226651173, 0.00309541053139, 0.00211197556928, 0.000648000626825, 0.000510556215886, 0.000908907153644, 0.000333060481353, 0.000448575912742, 0.000160311537911, 4.41509910161e-05, 1.43189390656e-05, 9.78792468231e-06, 3.57780390914e-06, 2.0167706225e-06, 1.92036873159e-06, 4.73467451911e-07, 1.52707135825e-09, 1.62897961786e-09]
    },
    "erbbands": {
        "mean": [0.00817292649299, 0.320066213608, 2.02566576004, 6.14252710342, 13.3150777817, 11.5327997208, 26.0009994507, 33.9843025208, 27.9899501801, 33.328125, 34.0665435791, 47.9455947876, 23.405796051, 18.1663818359, 20.7791042328, 12.1642694473, 10.8898744583, 7.33420753479, 10.388258934, 10.4295635223, 4.32442092896, 5.52580928802, 2.43602538109, 1.63918161392, 0.534007012844, 0.240470930934, 0.122614495456, 0.0989274606109, 0.045318890363, 0.0247618351132, 0.0171765871346, 0.0130899176002, 0.00775692146271, 0.00246020150371, 8.09251723695e-05, 1.62106171047e-05, 8.125878594e-06, 1.72924410435e-06, 1.05109475044e-05, 2.4570757887e-05],
        "stdev": [0.0188193395734, 0.922115802765, 5.72319507599, 15.2502450943, 50.2834892273, 24.4437351227, 47.675075531, 68.7158508301, 72.1857757568, 75.3242340088, 80.7822570801, 122.35836792, 73.2204589844, 70.3699951172, 124.49471283, 53.1582107544, 30.9694900513, 20.6507720947, 30.307888031, 45.5587234497, 12.2240829468, 24.3417797089, 7.95392847061, 5.58129882812, 1.54955112934, 0.697294414043, 0.353680610657, 0.358576565981, 0.150279715657, 0.0781432911754, 0.0583153441548, 0.0460670813918, 0.0290609914809, 0.00981403514743, 0.000254501559539, 2.28825556405e-05, 1.05286653707e-05, 2.3612158202e-06, 1.35678037623e-05, 3.20162653225e-05]
    },
    "gfcc": {
        "mean": [-164.866241455, 213.572906494, -133.848114014, -3.63481616974, -48.409954071, -18.3818626404, -32.0642700195, -19.9156227112, -2.07474732399, -26.5492801666, 0.202957317233, -20.2793254852, 2.01020479202],
        "cov": [[9794.77539062, -660.997680664, -2891.81079102, -196.620239258, -246.56703186, -569.344177246, -351.099121094, 107.414726257, 38.0363006592, -68.1595916748, 5.52314186096, 7.13226461411, 70.9874038696], [-660.997680664, 793.932495117, 751.468444824, -224.299942017, 317.552612305, -15.1706666946, 162.700119019, -55.0408706665, -69.1819000244, -19.7376384735, -112.556686401, -5.2655005455, -81.5606002808], [-2891.81079102, 751.468444824, 2042.32507324, 116.99269104, 345.337585449, 247.35118103, 221.05557251, -49.4724998474, -87.4336853027, -54.3762588501, -159.839889526, -67.9303741455, -103.669700623], [-196.620239258, -224.299942017, 116.99269104, 415.564849854, 2.18976616859, 143.617965698, -10.2367105484, 32.9910011292, 28.8612728119, -29.0479373932, 10.4443950653, -38.102355957, 26.2791652679], [-246.56703186, 317.552612305, 345.337585449, 2.18976616859, 272.536773682, 54.3912620544, 70.9138717651, -10.5548419952, -42.8217468262, -11.4933156967, -52.6837692261, -2.55015611649, -35.8354110718], [-569.344177246, -15.1706666946, 247.35118103, 143.617965698, 54.3912620544, 256.478240967, 64.7968978882, 38.8195533752, 7.9819355011, -24.7394371033, 13.6674184799, -19.243560791, 11.4421272278], [-351.099121094, 162.700119019, 221.05557251, -10.2367105484, 70.9138717651, 64.7968978882, 210.064086914, 35.7467880249, -5.5832362175, 31.3428325653, -20.4459228516, 4.94445323944, -43.3681602478], [107.414726257, -55.0408706665, -49.4724998474, 32.9910011292, -10.5548419952, 38.8195533752, 35.7467880249, 124.483070374, 58.4661140442, 2.4550049305, 11.2526197433, -17.0525398254, 4.35963821411], [38.0363006592, -69.1819000244, -87.4336853027, 28.8612728119, -42.8217468262, 7.9819355011, -5.5832362175, 58.4661140442, 102.350143433, 39.7996063232, 21.427854538, 0.289483934641, 4.55641174316], [-68.1595916748, -19.7376384735, -54.3762588501, -29.0479373932, -11.4933156967, -24.7394371033, 31.3428325653, 2.4550049305, 39.7996063232, 126.595504761, 72.131942749, 23.1583061218, -11.2068014145], [5.52314186096, -112.556686401, -159.839889526, 10.4443950653, -52.6837692261, 13.6674184799, -20.4459228516, 11.2526197433, 21.427854538, 72.131942749, 125.583183289, 42.7657699585, 8.10143184662], [7.13226461411, -5.2655005455, -67.9303741455, -38.102355957, -2.55015611649, -19.243560791, 4.94445323944, -17.0525398254, 0.289483934641, 23.1583061218, 42.7657699585, 80.5509338379, 28.6099567413], [70.9874038696, -81.5606002808, -103.669700623, 26.2791652679, -35.8354110718, 11.4421272278, -43.3681602478, 4.35963821411, 4.55641174316, -11.2068014145, 8.10143184662, 28.6099567413, 91.9612731934]],
        "icov": [[0.000220521033043, -0.000251888792263, 0.000413490546634, -0.000230044854106, 3.92634210584e-05, 0.000109159067506, 0.000294634024613, -0.000459664355731, 0.000409738597227, -0.000180743052624, 0.00048394271289, -0.000188022298971, 0.000274238467682], [-0.000251888792263, 0.0075967120938, -0.00237280759029, 0.00458966288716, -0.00709471991286, 0.00310726673342, -0.00515005737543, 0.00494477897882, -0.00545718334615, 0.00559942563996, -0.00483529316261, 0.00458201020956, -0.00291569251567], [0.000413490546634, -0.00237280759029, 0.00208493112586, -0.00168742984533, 0.00141116802115, -0.00139321770985, 0.00159761239775, -0.00167386059184, 0.00237077171914, -0.00219831755385, 0.00310272187926, -0.00164134684019, 0.00181692081969], [-0.000230044854106, 0.00458966288716, -0.00168742984533, 0.00619580224156, -0.00447362894192, 0.00053609511815, -0.00330188381486, 0.00384446023963, -0.0050159371458, 0.00480444729328, -0.00481973635033, 0.00521189672872, -0.00333687895909], [3.92634210584e-05, -0.00709471991286, 0.00141116802115, -0.00447362894192, 0.0128264771774, -0.0048539894633, 0.00588233396411, -0.00657279463485, 0.00866165012121, -0.00855780672282, 0.00917251314968, -0.00830722600222, 0.00553876673803], [0.000109159067506, 0.00310726673342, -0.00139321770985, 0.00053609511815, -0.0048539894633, 0.00964092742652, -0.00609083101153, 0.00316165667027, -0.00521689839661, 0.00809372682124, -0.00916365999728, 0.0068888165988, -0.00525661557913], [0.000294634024613, -0.00515005737543, 0.00159761239775, -0.00330188381486, 0.00588233396411, -0.00609083101153, 0.014425419271, -0.0102292830124, 0.010051981546, -0.0123227378353, 0.0126949213445, -0.0112045928836, 0.00865518581122], [-0.000459664355731, 0.00494477897882, -0.00167386059184, 0.00384446023963, -0.00657279463485, 0.00316165667027, -0.0102292830124, 0.0207791365683, -0.0162523705512, 0.0122056724504, -0.0125337308273, 0.012177053839, -0.00740053551272], [0.000409738597227, -0.00545718334615, 0.00237077171914, -0.0050159371458, 0.00866165012121, -0.00521689839661, 0.010051981546, -0.0162523705512, 0.0265373494476, -0.0170283690095, 0.0144348545, -0.0112618776038, 0.00732701038942], [-0.000180743052624, 0.00559942563996, -0.00219831755385, 0.00480444729328, -0.00855780672282, 0.00809372682124, -0.0123227378353, 0.0122056724504, -0.0170283690095, 0.0277484096587, -0.0225300081074, 0.0123769165948, -0.00711777992547], [0.00048394271289, -0.00483529316261, 0.00310272187926, -0.00481973635033, 0.00917251314968, -0.00916365999728, 0.0126949213445, -0.0125337308273, 0.0144348545, -0.0225300081074, 0.0326596088707, -0.0203531123698, 0.0115026216954], [-0.000188022298971, 0.00458201020956, -0.00164134684019, 0.00521189672872, -0.00830722600222, 0.0068888165988, -0.0112045928836, 0.012177053839, -0.0112618776038, 0.0123769165948, -0.0203531123698, 0.0310338437557, -0.0148818884045], [0.000274238467682, -0.00291569251567, 0.00181692081969, -0.00333687895909, 0.00553876673803, -0.00525661557913, 0.00865518581122, -0.00740053551272, 0.00732701038942, -0.00711777992547, 0.0115026216954, -0.0148818884045, 0.0207093805075]]
    },
    "melbands": {
        "mean": [0.000171290303115, 0.000850094715133, 0.00137496285606, 0.000833712168969, 0.000869321404025, 0.000742519041523, 0.000416844763095, 0.000384609535104, 0.000265609764028, 0.000299333507428, 0.000108892658318, 7.21298638382e-05, 6.51622249279e-05, 4.75432680105e-05, 2.59407897829e-05, 1.99363093998e-05, 1.26536888274e-05, 1.53979999595e-05, 1.69251507032e-05, 1.01398545667e-05, 4.07991637985e-06, 6.92554976922e-06, 2.15805289372e-06, 2.43368162955e-06, 1.1945295455e-06, 4.82245525291e-07, 2.26501043699e-07, 1.41665495335e-07, 7.40036085745e-08, 8.29193638197e-08, 4.44591776727e-08, 2.6733264491e-08, 1.70671352606e-08, 1.20278569327e-08, 9.63244328744e-09, 1.07348592238e-08, 6.49246034712e-09, 4.82218753817e-09, 5.90603121964e-09, 7.24165949428e-10],
        "stdev": [0.000453241285868, 0.00236186594702, 0.00354551733471, 0.00284187728539, 0.00149840663653, 0.00142986373976, 0.00103481439874, 0.000912608345971, 0.000595499877818, 0.000801697024144, 0.000366656080587, 0.000266876857495, 0.000387746200431, 0.000318511854857, 8.36613689899e-05, 4.975914635e-05, 4.10102002206e-05, 4.71857310913e-05, 9.02317988221e-05, 3.98539814341e-05, 1.53424025484e-05, 3.33601637976e-05, 6.39240533928e-06, 1.04549408206e-05, 4.32222350355e-06, 1.48247829657e-06, 6.97016332651e-07, 4.40984422312e-07, 2.1799765193e-07, 3.88911018945e-07, 1.43251796203e-07, 9.75636922362e-08, 5.29691241979e-08, 4.10317220201e-08, 3.50702435981e-08, 4.12678637929e-08, 2.4405956367e-08, 1.92648101915e-08, 2.46787337232e-08, 3.29062932458e-09]
    },
    "melbands128": {
        "mean": [1.65667424881e-05, 2.15194559132e-05, 0.00012430982315, 0.000654115807265, 0.000990876695141, 0.000928794150241, 0.00109401973896, 0.00171780097298, 0.00152033683844, 0.000652647402603, 0.000349518057192, 0.000942579761613, 0.000919626385439, 0.000808969722129, 0.000933131203055, 0.000539351894986, 0.00046901172027, 0.000397034891648, 0.000414576672483, 0.000327541783918, 0.000456070847576, 0.000344778469298, 0.000204402022064, 0.000195169515791, 0.000375843315851, 0.000332842697389, 0.000140331627335, 8.35614628159e-05, 7.55713117542e-05, 7.86564705777e-05, 7.2751994594e-05, 5.7559038396e-05, 5.13814593432e-05, 9.18264267966e-05, 6.51200971333e-05, 3.23137319356e-05, 2.29261113418e-05, 2.01809452847e-05, 3.95759525418e-05, 2.03222934942e-05, 1.2516523384e-05, 2.21857699216e-05, 9.04498665477e-06, 1.05928165794e-05, 1.40096071846e-05, 1.47611826833e-05, 2.08543442568e-05, 1.73801890924e-05, 1.38419372888e-05, 1.72387699422e-05, 9.3508797363e-06, 4.74739226775e-06, 3.2073676266e-06, 2.89531294584e-06, 7.65023742133e-06, 9.81395442068e-06, 3.6803724015e-06, 2.47649222729e-06, 1.68066640072e-06, 1.35229777243e-06, 3.1561396554e-06, 2.48535025094e-06, 1.72221234607e-06, 6.17262571723e-07, 7.87993315043e-07, 4.27369315048e-07, 4.25912986657e-07, 1.97147556946e-07, 2.20914472493e-07, 1.762177817e-07, 1.34602814228e-07, 1.46011004176e-07, 9.00918379898e-08, 5.72598501947e-08, 5.27827559438e-08, 7.8676173132e-08, 1.1553981949e-07, 5.61563950896e-08, 3.53943612197e-08, 2.62532839912e-08, 2.91127992824e-08, 2.58313868073e-08, 2.39393411761e-08, 1.20143299753e-08, 1.80242540893e-08, 1.1247318632e-08, 1.22138352765e-08, 8.62258087153e-09, 1.14986198341e-08, 7.29776505892e-09, 9.33538313319e-09, 1.3782335273e-08, 9.91279058837e-09, 5.21451237745e-09, 5.68127589418e-09, 4.07220746013e-09, 4.29924851275e-09, 5.73673020199e-09, 8.4233908737e-09, 4.94425966835e-09, 1.08734543591e-09, 1.25497849959e-11, 5.69073651049e-12, 5.41014889138e-12, 5.16866497519e-12, 4.94227228587e-12, 4.73051242275e-12, 4.53234194966e-12, 4.34674301761e-12, 4.17345281598e-12, 4.0112080324e-12, 3.8598672869e-12, 3.7190610834e-12, 3.58793593794e-12, 3.46641855845e-12, 3.35378079475e-12, 3.24996431676e-12, 3.1546425628e-12, 3.06749395849e-12, 2.98837257023e-12, 2.91720337123e-12, 2.85381505753e-12, 2.79820155762e-12, 2.75045286026e-12, 2.71066545945e-12, 2.67903971576e-12, 2.65586055752e-12, 2.64159527585e-12],
        "stdev": [7.12341061444e-05, 8.43512752908e-05, 0.000330116890837, 0.00197657523677, 0.00323529681191, 0.0026486448478, 0.00306472578086, 0.00520049966872, 0.00668563274667, 0.00388811924495, 0.000733250926714, 0.0020096055232, 0.00205178954639, 0.00197291164659, 0.00219093565829, 0.00147904537152, 0.00177685264498, 0.00111711176578, 0.00148429756518, 0.000904630636796, 0.00146487145685, 0.00130948529113, 0.000580618507229, 0.000593617500272, 0.00114564551041, 0.00120896159206, 0.000917859491892, 0.000393419584725, 0.000276986567769, 0.000226416115765, 0.000484763790155, 0.00047507652198, 0.000462311232695, 0.000816713494714, 0.000708372797817, 0.000211289632716, 9.08377842279e-05, 0.000126570856082, 0.000162376381923, 6.98841977282e-05, 5.14435232617e-05, 9.38953307923e-05, 3.6240035115e-05, 6.05494096817e-05, 8.95263510756e-05, 5.34179562237e-05, 9.01115854504e-05, 0.000173284250195, 7.51985207899e-05, 0.000128458967083, 2.8453019695e-05, 1.95335433091e-05, 1.2343734852e-05, 1.61412408488e-05, 5.40979781363e-05, 5.90953277424e-05, 2.27606542467e-05, 8.72145938047e-06, 7.66819448472e-06, 4.59459533886e-06, 2.06959957723e-05, 1.01920422821e-05, 1.02093081296e-05, 2.28781323131e-06, 3.96637778977e-06, 1.50141727318e-06, 2.21365121433e-06, 6.52416304092e-07, 8.97001314115e-07, 7.79023366704e-07, 6.07771312389e-07, 6.58711712731e-07, 3.16910359288e-07, 2.5481270427e-07, 2.23559212031e-07, 4.51570031146e-07, 8.15739838345e-07, 2.16086306182e-07, 1.49515926751e-07, 1.037043873e-07, 1.58205452294e-07, 1.41970232903e-07, 9.87982389233e-08, 4.41720153788e-08, 7.30549558625e-08, 5.01837078559e-08, 5.64457636187e-08, 3.44910802141e-08, 4.9590919815e-08, 3.27700639957e-08, 4.85444573428e-08, 5.9198022484e-08, 4.84682480817e-08, 2.62882906554e-08, 3.03372544863e-08, 1.98916332295e-08, 1.9503140436e-08, 2.43870097449e-08, 4.29130544433e-08, 2.48086013954e-08, 5.19887333184e-09, 3.35991873213e-10, 1.36294682138e-11, 1.30171897567e-11, 1.24415616698e-11, 1.19003262106e-11, 1.1393545829e-11, 1.09188309436e-11, 1.0473864831e-11, 1.00581609014e-11, 9.66887420822e-12, 9.30555372342e-12, 8.96739887207e-12, 8.65218400398e-12, 8.36021963463e-12, 8.0894865459e-12, 7.83984942937e-12, 7.61052419002e-12, 7.40093229756e-12, 7.21052167627e-12, 7.03932094906e-12, 6.8867099523e-12, 6.75287126564e-12, 6.63798269823e-12, 6.54216915016e-12, 6.46604774932e-12, 6.41020613326e-12, 6.37588159352e-12]
    },
    "mfcc": {
        "mean": [-790.128356934, 221.869445801, -6.9818944931, 5.15475940704, 4.83087110519, -9.56223201752, -13.5725345612, -5.9049243927, -5.84298467636, -5.24689292908, -6.01610374451, -5.2920923233, -7.63073253632],
        "cov": [[8038.07177734, 560.823730469, -3125.72485352, 14.3030328751, -412.083251953, -529.593261719, -541.758911133, -95.1722869873, -181.735046387, -28.1840858459, -103.415397644, 4.19386959076, -127.237083435], [560.823730469, 1163.27807617, 10.9254169464, -97.1930160522, 94.4804534912, -16.127412796, 51.9595756531, 1.63411164284, 43.2833862305, -41.905708313, -35.4851112366, -46.2337226868, -5.05356931686], [-3125.72485352, 10.9254169464, 1786.69177246, 173.177825928, 238.947799683, 340.211608887, 293.016082764, 116.315628052, 122.004219055, 39.8162117004, 38.1829109192, -7.0354681015, 16.7193031311], [14.3030328751, -97.1930160522, 173.177825928, 284.870330811, 71.62449646, 53.9629631042, 42.2824554443, 34.5621910095, 34.3812217712, 27.2557659149, 3.90414381027, -10.9746427536, -25.1537189484], [-412.083251953, 94.4804534912, 238.947799683, 71.62449646, 235.731292725, 96.4700393677, 50.0594139099, 44.5467605591, 34.8927497864, 3.56658101082, -5.94768190384, -23.5614147186, -24.6977119446], [-529.593261719, -16.127412796, 340.211608887, 53.9629631042, 96.4700393677, 200.785720825, 124.40687561, 49.0625839233, 35.348815918, 9.61006736755, 14.512556076, 5.46019363403, 0.784895241261], [-541.758911133, 51.9595756531, 293.016082764, 42.2824554443, 50.0594139099, 124.40687561, 193.062759399, 72.0169296265, 39.9585113525, 16.2255325317, 23.7167167664, 20.4165687561, 21.4664955139], [-95.1722869873, 1.63411164284, 116.315628052, 34.5621910095, 44.5467605591, 49.0625839233, 72.0169296265, 137.059463501, 68.7949676514, 17.6985626221, 6.78790998459, -0.748261392117, -10.2598056793], [-181.735046387, 43.2833862305, 122.004219055, 34.3812217712, 34.8927497864, 35.348815918, 39.9585113525, 68.7949676514, 123.061882019, 39.4067649841, -0.871217727661, -2.35168075562, -11.7372808456], [-28.1840858459, -41.905708313, 39.8162117004, 27.2557659149, 3.56658101082, 9.61006736755, 16.2255325317, 17.6985626221, 39.4067649841, 100.572311401, 47.2369804382, 20.2332115173, 5.94181394577], [-103.415397644, -35.4851112366, 38.1829109192, 3.90414381027, -5.94768190384, 14.512556076, 23.7167167664, 6.78790998459, -0.871217727661, 47.2369804382, 114.339424133, 51.5723342896, 12.1427364349], [4.19386959076, -46.2337226868, -7.0354681015, -10.9746427536, -23.5614147186, 5.46019363403, 20.4165687561, -0.748261392117, -2.35168075562, 20.2332115173, 51.5723342896, 114.111053467, 63.3219642639], [-127.237083435, -5.05356931686, 16.7193031311, -25.1537189484, -24.6977119446, 0.784895241261, 21.4664955139, -10.2598056793, -11.7372808456, 5.94181394577, 12.1427364349, 63.3219642639, 131.272064209]],
        "icov": [[0.000892953888979, -0.000818494823761, 0.00155926775187, -0.00137557077687, 0.0010373943951, -0.00125244620722, 0.00150441820733, -0.00151124794502, 0.00123311893549, -0.000953018839937, 0.000856110069435, -0.00103230762761, 0.000782519113272], [-0.000818494823761, 0.00182021502405, -0.00136819074396, 0.00174278428312, -0.00165982684121, 0.00185176567174, -0.00225189048797, 0.00196275161579, -0.00193165813107, 0.00144820951391, -0.000915283337235, 0.0014295357978, -0.00085993699031], [0.00155926775187, -0.00136819074396, 0.00366217945702, -0.00257248268463, 0.00142361421604, -0.00306662428193, 0.0018962554168, -0.00231513241306, 0.00159763288684, -0.00152011006139, 0.00120712514035, -0.00137784343679, 0.00105908361729], [-0.00137557077687, 0.00174278428312, -0.00257248268463, 0.00642172107473, -0.00270320731215, 0.00208507478237, -0.002925662091, 0.00235649943352, -0.00231539481319, 0.000634724041447, -0.000977352960035, 0.00166349089704, -0.000514278013725], [0.0010373943951, -0.00165982684121, 0.00142361421604, -0.00270320731215, 0.00762732326984, -0.00434898864478, 0.00329682789743, -0.00311586097814, 0.0017468171427, -0.00125611806288, 0.0012259578798, -0.000780670379754, 0.00139690423384], [-0.00125244620722, 0.00185176567174, -0.00306662428193, 0.00208507478237, -0.00434898864478, 0.0130347562954, -0.00777907809243, 0.0030000039842, -0.00241633458063, 0.00211153039709, -0.00142715603579, 0.00119477731641, -0.000498094887007], [0.00150441820733, -0.00225189048797, 0.0018962554168, -0.002925662091, 0.00329682789743, -0.00777907809243, 0.0142241977155, -0.00690517947078, 0.00306470063515, -0.00195648986846, 0.000729380408302, -0.00252415682189, -0.000116879513371], [-0.00151124794502, 0.00196275161579, -0.00231513241306, 0.00235649943352, -0.00311586097814, 0.0030000039842, -0.00690517947078, 0.0150880273432, -0.00842768698931, 0.00291599216871, -0.00225253193639, 0.00217969715595, -0.000667164451443], [0.00123311893549, -0.00193165813107, 0.00159763288684, -0.00231539481319, 0.0017468171427, -0.00241633458063, 0.00306470063515, -0.00842768698931, 0.0161505397409, -0.00731552625075, 0.00447217933834, -0.00277994200587, 0.00235942471772], [-0.000953018839937, 0.00144820951391, -0.00152011006139, 0.000634724041447, -0.00125611806288, 0.00211153039709, -0.00195648986846, 0.00291599216871, -0.00731552625075, 0.0165012273937, -0.00761211011559, 0.00203341594897, -0.00193158839829], [0.000856110069435, -0.000915283337235, 0.00120712514035, -0.000977352960035, 0.0012259578798, -0.00142715603579, 0.000729380408302, -0.00225253193639, 0.00447217933834, -0.00761211011559, 0.0153531013057, -0.00763076357543, 0.00340251461603], [-0.00103230762761, 0.0014295357978, -0.00137784343679, 0.00166349089704, -0.000780670379754, 0.00119477731641, -0.00252415682189, 0.00217969715595, -0.00277994200587, 0.00203341594897, -0.00763076357543, 0.0171285104007, -0.00791926402599], [0.000782519113272, -0.00085993699031, 0.00105908361729, -0.000514278013725, 0.00139690423384, -0.000498094887007, -0.000116879513371, -0.000667164451443, 0.00235942471772, -0.00193158839829, 0.00340251461603, -0.00791926402599, 0.012146146968]]
    },
    "spectral_contrast_coeffs": {
        "mean": [-0.631370484829, -0.713452219963, -0.732506275177, -0.765647351742, -0.710859000683, -0.74662643671],
        "stdev": [0.0965582579374, 0.084896877408, 0.0755627676845, 0.0694617182016, 0.0840384289622, 0.0697408393025]
    },
    "spectral_contrast_valleys": {
        "mean": [-7.33385848999, -6.93756484985, -8.25792503357, -8.96698856354, -10.7714653015, -14.2544279099],
        "stdev": [0.9657792449, 0.996958673, 1.09057748318, 1.17044591904, 1.11132264137, 0.746000289917]
    }
},
"rhythm": {
    "beats_count": 575,
    "beats_loudness": {
        "mean": 0.0374530442059,
        "stdev": 0.0481257848442
    },
    "bpm": 103.58442688,
    "bpm_histogram_first_peak_bpm": 103,
    "bpm_histogram_first_peak_weight": 0.656804680824,
    "bpm_histogram_second_peak_bpm": 110,
    "bpm_histogram_second_peak_spread": 0.543209910393,
    "bpm_histogram_second_peak_weight": 0.0644599273801,
    "danceability": 1.0624986887,
    "onset_rate": 2.39768719673,
    "beats_loudness_band_ratio": {
        "mean": [0.306986480951, 0.361633419991, 0.283785969019, 0.0800577327609, 0.0268194936216, 0.00118787877727],
        "stdev": [0.282779574394, 0.204596251249, 0.234426632524, 0.111389003694, 0.0390294902027, 0.00228976900689]
    },
    "beats_position": [0.603718817234, 1.23065757751, 1.8575963974, 2.47292518616, 3.06503391266, 3.65714287758, 4.2492518425, 4.79492044449, 5.32897949219, 5.87464857101, 6.40870714188, 6.96598625183, 7.53487491608, 8.08054447174, 8.6146030426, 9.2067117691, 9.81043052673, 10.4257593155, 11.0526981354, 11.6680269241, 12.2833557129, 12.9102945328, 13.5372333527, 14.1641721725, 14.7911109924, 15.3832197189, 15.9753284454, 16.5790481567, 17.1595458984, 17.7284355164, 18.3205432892, 18.9358730316, 19.5163707733, 20.1200904846, 20.7354183197, 21.3159179688, 21.9080276489, 22.4769153595, 23.0458049774, 23.614692688, 24.195192337, 24.7756919861, 25.3561897278, 25.9366893768, 26.5171871185, 27.0860767365, 27.6549663544, 28.2354640961, 28.804353714, 29.3732414246, 29.9537410736, 30.5342407227, 31.1147384644, 31.6720180511, 32.2292976379, 32.7865753174, 33.3438529968, 33.8895225525, 34.4351921082, 34.9808616638, 35.5497512817, 36.1070289612, 36.6759185791, 37.2331962585, 37.8020858765, 38.3825836182, 38.9630813599, 39.5435829163, 40.124080658, 40.6929702759, 41.2502479553, 41.8191375732, 42.3996353149, 42.9801368713, 43.560634613, 44.1411323547, 44.7216300964, 45.2789115906, 45.8478012085, 46.4166870117, 46.9855766296, 47.5544662476, 48.1349639893, 48.7038536072, 49.2727432251, 49.8532409668, 50.4337387085, 51.0026283264, 51.5715179443, 52.1404075623, 52.7092971802, 53.2897949219, 53.8702926636, 54.45079422, 55.0312919617, 55.6001815796, 56.1806793213, 56.7495689392, 57.3184585571, 57.8873443604, 58.433013916, 58.9786834717, 59.5243530273, 60.070022583, 60.6040802002, 61.1381378174, 61.6954193115, 62.252696991, 62.8099746704, 63.3556442261, 63.924533844, 64.5050354004, 65.0855331421, 65.6660308838, 66.234916687, 66.8038101196, 67.3843078613, 67.9531936646, 68.5220870972, 69.0793609619, 69.6366424561, 70.1939239502, 70.7395935059, 71.2852630615, 71.8077087402, 72.3301544189, 72.8758239746, 73.4214935303, 73.9671630859, 74.5476608276, 75.1397705078, 75.7202682495, 76.3239898682, 76.9393157959, 77.6126937866, 78.2860794067, 78.889793396, 79.4935150146, 80.0972290039, 80.6893386841, 81.2930603027, 81.8851699829, 82.4772796631, 83.0693893433, 83.661491394, 84.2652130127, 84.8805389404, 85.4958724976, 86.0995864868, 86.7033081055, 87.2838058472, 87.8759155273, 88.4680252075, 89.0717468262, 89.6986846924, 90.3140106201, 90.9177322388, 91.5330581665, 92.1483917236, 92.7521057129, 93.36743927, 93.9711532593, 94.5864868164, 95.2830810547, 95.9680709839, 96.6530609131, 97.3380508423, 98.0230331421, 98.6383666992, 99.2653045654, 99.8922424316, 100.519180298, 101.122901917, 101.726615906, 102.330337524, 102.910835266, 103.491333008, 104.071838379, 104.652336121, 105.221221924, 105.778503418, 106.347389221, 106.904670715, 107.450340271, 107.996009827, 108.56489563, 109.133781433, 109.702674866, 110.283172607, 110.875282288, 111.583488464, 112.291702271, 113.034736633, 113.777778625, 114.497596741, 115.217414856, 115.914009094, 116.598999023, 117.283988953, 117.887710571, 118.491424561, 119.095146179, 119.698867798, 120.302581787, 120.917915344, 121.533241272, 122.136962891, 122.74067688, 123.344398499, 123.948112488, 124.551834106, 125.132331848, 125.724441528, 126.30493927, 126.827392578, 127.349838257, 127.82585144, 128.290252686, 128.76625061, 129.242263794, 129.718276978, 130.194290161, 130.670288086, 131.157913208, 131.645523071, 132.133148193, 132.609161377, 133.085174561, 133.572784424, 134.072021484, 134.571243286, 135.070480347, 135.616149902, 136.161804199, 136.707473755, 137.206710815, 137.705932617, 138.216781616, 138.727615356, 139.238449097, 139.737686157, 140.225296021, 140.724533081, 141.223754883, 141.734603882, 142.245437622, 142.756271362, 143.255508423, 143.754730225, 144.230743408, 144.706756592, 145.182769775, 145.635559082, 146.088348389, 146.541137695, 147.005523682, 147.469924927, 147.934326172, 148.410339355, 148.863128662, 149.327529907, 149.791931152, 150.291152954, 150.778778076, 151.266387939, 151.765625, 152.253234863, 152.740859985, 153.228485107, 153.716094971, 154.203720093, 154.702941895, 155.202178955, 155.701400757, 156.154190063, 156.618591309, 157.082992554, 157.53578186, 157.988571167, 158.452972412, 158.917373657, 159.381759644, 159.846160889, 160.322174072, 160.740127563, 161.169708252, 161.599273682, 161.982406616, 162.365524292, 162.760269165, 163.155014038, 163.549743652, 163.956100464, 164.350830078, 164.733963013, 165.117095947, 165.500228882, 165.883346558, 166.278091431, 166.672836304, 167.067565918, 167.462310791, 167.857055664, 168.275009155, 168.704574585, 169.122543335, 169.575332642, 170.028121948, 170.457687378, 170.887252808, 171.281997681, 171.653518677, 172.025024414, 172.39654541, 172.756454468, 173.116363525, 173.476272583, 173.836181641, 174.196090698, 174.555999756, 174.915908813, 175.28742981, 175.682174683, 176.076919556, 176.483261108, 176.959274292, 177.446884155, 177.934509277, 178.433731079, 178.93296814, 179.44380188, 179.94303894, 180.442260742, 180.941497803, 181.440719604, 181.939956665, 182.439178467, 182.845535278, 183.240264893, 183.635009766, 184.041351318, 184.412872314, 184.784393311, 185.144302368, 185.515823364, 185.875732422, 186.258865356, 186.641998291, 187.025115967, 187.443084717, 187.84942627, 188.26739502, 188.731781006, 189.184570312, 189.637359619, 190.078552246, 190.519729614, 190.960906982, 191.402084351, 191.854873657, 192.307662964, 192.772064209, 193.224853516, 193.677642822, 194.142044067, 194.606430054, 195.05921936, 195.512008667, 195.953201294, 196.394378662, 196.83555603, 197.276733398, 197.69468689, 198.11265564, 198.530609131, 198.948562622, 199.366531372, 199.784484863, 200.214050293, 200.643630981, 201.08480835, 201.525985718, 201.967163086, 202.477996826, 203.000442505, 203.499679565, 203.987304688, 204.463302612, 204.939315796, 205.426940918, 205.902938843, 206.390563965, 206.866577148, 207.330978394, 207.806976318, 208.224945068, 208.631286621, 209.049255371, 209.467208862, 209.885162354, 210.291519165, 210.686248779, 211.092605591, 211.510559082, 211.928527832, 212.346481323, 212.776046753, 213.205612183, 213.635192871, 214.076370239, 214.517547607, 214.958724976, 215.411514282, 215.864303589, 216.317092896, 216.769882202, 217.199447632, 217.62902832, 218.070205688, 218.522994995, 218.975784302, 219.428573608, 219.869750977, 220.310928345, 220.740493774, 221.170059204, 221.611236572, 222.052429199, 222.493606567, 223.004440308, 223.515274048, 224.026123047, 224.536956787, 225.059402466, 225.570251465, 226.092697144, 226.603530884, 227.114364624, 227.636825562, 228.147659302, 228.67010498, 229.215774536, 229.749832153, 230.295501709, 230.841171265, 231.398452759, 231.828018188, 232.257598877, 232.687164307, 233.128341675, 233.581130981, 234.033920288, 234.486709595, 234.95111084, 235.403900146, 235.845077515, 236.274642944, 236.739044189, 237.215057373, 237.691055298, 238.143844604, 238.596633911, 239.049423218, 239.490600586, 239.931793213, 240.372970581, 240.814147949, 241.266937256, 241.708114624, 242.149291992, 242.602081299, 243.043258667, 243.472824097, 243.879180908, 244.285522461, 244.691879272, 245.109832764, 245.516189575, 245.945755005, 246.363708496, 246.793289185, 247.211242676, 247.629196167, 248.035552979, 248.45350647, 248.87147522, 249.289428711, 249.695770264, 250.113739014, 250.520080566, 250.938049316, 251.42565918, 251.92489624, 252.412506104, 252.981399536, 253.561904907, 254.107574463, 254.664840698, 255.233734131, 255.802627563, 256.383117676, 256.975219727, 257.567352295, 258.171051025, 258.774780273, 259.366882324, 259.970611572, 260.551116943, 261.131591797, 261.712097168, 262.292602539, 262.87310791, 263.465209961, 264.034088135, 264.614593506, 265.183502197, 265.763977051, 266.356109619, 266.94821167, 267.517089844, 268.085968018, 268.654876709, 269.23538208, 269.815856934, 270.373138428, 270.953643799, 271.522521973, 272.079803467, 272.625488281, 273.182769775, 273.751647949, 274.308929443, 274.877807617, 275.458312988, 276.038818359, 276.642547607, 277.246246338, 277.861572266, 278.476898193, 279.080627441, 279.672729492, 280.253234863, 280.822113037, 281.414245605, 282.006347656, 282.552001953, 283.097686768, 283.654968262, 284.212249756, 284.76953125, 285.315185547, 285.849243164, 286.371704102, 286.894134521, 287.428192139, 287.962249756, 288.50793457, 289.053588867, 289.599273682, 290.156555176, 290.71383667, 291.271118164, 291.816772461, 292.362457275, 292.896514893, 293.418945312, 293.94140625, 294.475463867, 295.009521484, 295.543579102, 296.100860596, 296.634918213, 297.18057251, 297.726257324, 298.271911621],
    "bpm_histogram": [0, 0, 0, 0, 0, 0, 0, 0, 0, 0, 0, 0, 0, 0, 0, 0, 0, 0, 0, 0, 0, 0, 0, 0, 0, 0, 0, 0, 0, 0, 0, 0, 0, 0, 0, 0, 0, 0, 0, 0, 0, 0, 0, 0, 0, 0, 0, 0, 0, 0, 0, 0, 0, 0, 0, 0, 0, 0, 0, 0, 0, 0, 0, 0, 0, 0, 0, 0, 0, 0, 0, 0, 0, 0, 0, 0, 0, 0, 0, 0, 0, 0.003484320594, 0, 0.003484320594, 0, 0.003484320594, 0.003484320594, 0, 0.0104529615492, 0.003484320594, 0, 0, 0, 0, 0, 0, 0.0191637631506, 0, 0.0331010445952, 0.0592334493995, 0, 0.0470383279026, 0, 0.101045295596, 0, 0.0871080160141, 0, 0, 0.0522648096085, 0, 0.0644599273801, 0, 0.0243902429938, 0, 0, 0.0226480830461, 0, 0.027874564752, 0, 0, 0.043554008007, 0, 0, 0.0331010445952, 0, 0, 0.0365853644907, 0, 0, 0.0331010445952, 0, 0, 0, 0.0574912875891, 0, 0, 0.0505226477981, 0, 0, 0, 0.0365853644907, 0, 0, 0, 0.0470383279026, 0, 0, 0, 0.0261324048042, 0, 0, 0, 0.0261324048042, 0, 0, 0, 0, 0.0156794432551, 0, 0, 0, 0.0104529615492, 0.001742160297, 0, 0, 0, 0, 0.0156794432551, 0, 0, 0, 0, 0, 0, 0, 0, 0, 0, 0, 0, 0, 0, 0, 0, 0, 0, 0, 0, 0, 0, 0, 0, 0, 0, 0, 0, 0, 0, 0, 0, 0, 0, 0, 0, 0, 0, 0, 0, 0, 0, 0, 0, 0, 0, 0, 0, 0, 0, 0, 0, 0, 0, 0, 0, 0, 0, 0, 0, 0, 0, 0, 0, 0, 0, 0, 0, 0, 0, 0, 0, 0, 0, 0, 0, 0, 0, 0, 0, 0, 0]
},
"tonal": {
    "chords_changes_rate": 0.0545031055808,
    "chords_number_rate": 0.00295031047426,
    "chords_strength": {
        "mean": 0.521586298943,
        "stdev": 0.109819971025
    },
    "hpcp_crest": {
        "mean": 17.5594120026,
        "stdev": 7.96754980087
    },
    "hpcp_entropy": {
        "mean": 1.51594114304,
        "stdev": 0.695539951324
    },
    "key_edma": {
        "strength": 0.772664129734,
        "key": "F",
        "scale": "major"
    },
    "key_krumhansl": {
        "strength": 0.779529392719,
        "key": "F",
        "scale": "major"
    },
    "key_temperley": {
        "strength": 0.787438452244,
        "key": "F",
        "scale": "major"
    },
    "tuning_diatonic_strength": 0.567901849747,
    "tuning_equal_tempered_deviation": 0,
    "tuning_frequency": 440,
    "tuning_nontempered_energy_ratio": 0.657454073429,
    "hpcp": {
        "mean": [0.0942377373576, 0.0599216073751, 0.0724726244807, 0.114135406911, 0.0625552758574, 0.0379534810781, 0.0558366589248, 0.0471592359245, 0.184102401137, 0.285181164742, 0.137441217899, 0.065593957901, 0.109790235758, 0.0773239806294, 0.0841787606478, 0.144784718752, 0.0987075269222, 0.0657314062119, 0.0973991081119, 0.073714338243, 0.0948751792312, 0.165559515357, 0.133053287864, 0.207961142063, 0.309179037809, 0.169825926423, 0.0742905214429, 0.0890036001801, 0.0596916712821, 0.100182704628, 0.159586474299, 0.102339588106, 0.0697597786784, 0.0912473574281, 0.0602901913226, 0.0598293654621],
        "stdev": [0.202421799302, 0.139212086797, 0.15202434361, 0.246109500527, 0.141082555056, 0.104050152004, 0.164457082748, 0.123832866549, 0.268252521753, 0.376168787479, 0.210736870766, 0.151169225574, 0.258759140968, 0.186741620302, 0.177354410291, 0.283226698637, 0.204581916332, 0.157321199775, 0.228939577937, 0.175112172961, 0.190300300717, 0.296373963356, 0.234837070107, 0.276114612818, 0.387801826, 0.254671156406, 0.168596923351, 0.223879486322, 0.156496047974, 0.205875664949, 0.299455583096, 0.214285492897, 0.166091397405, 0.229556635022, 0.156562462449, 0.132732972503]
    },
    "chords_histogram": [13.4627332687, 8.22981357574, 15.9937887192, 1.67701864243, 2.14285707474, 0.279503107071, 1.10248446465, 2.11180114746, 3.60248446465, 2.73291921616, 0.900621116161, 0, 0.96273291111, 1.97204971313, 1.50621116161, 5.77639770508, 2.39130425453, 9.68944072723, 2.57763981819, 4.2546582222, 0.636645972729, 3.95962738991, 9.79813671112, 4.23913049698],
