{
"metadata": {
    "version": {
        "essentia": "2.1-dev",
        "essentia_git_sha": "v2.1_beta3-415-gd5473f3",
        "extractor": "music 2.0"
    },
    "audio_properties": {
        "analysis": {
            "equal_loudness": 0,
            "length": 297.090576172,
            "sample_rate": 44100,
            "start_time": 0,
            "downmix": "mix"
        },
        "bit_rate": 64000,
        "length": 297.090606689,
        "lossless": 0,
        "number_channels": 2,
        "replay_gain": -2.7466545105,
        "sample_rate": 22050,
        "codec": "mp3",
        "md5_encoded": "8b228a7f113722f3c5394ee427de5126"
    },
    "tags": {
        "file_name": "prokofieff-cellosonate_c_dur-moderato.mp3"
    }
},
"lowlevel": {
    "average_loudness": 0.210966899991,
    "barkbands_crest": {
        "mean": 12.7560415268,
        "stdev": 4.58529758453
    },
    "barkbands_flatness_db": {
        "mean": 0.324086338282,
        "stdev": 0.0773527696729
    },
    "barkbands_kurtosis": {
        "mean": 7.3675069809,
        "stdev": 24.1792564392
    },
    "barkbands_skewness": {
        "mean": 1.2094091177,
        "stdev": 1.56465232372
    },
    "barkbands_spread": {
        "mean": 6.03996133804,
        "stdev": 4.83870267868
    },
    "dissonance": {
        "mean": 0.391511470079,
        "stdev": 0.0604895614088
    },
    "dynamic_complexity": 6.96019220352,
    "erbbands_crest": {
        "mean": 13.4569282532,
        "stdev": 5.55898237228
    },
    "erbbands_flatness_db": {
        "mean": 0.322177618742,
        "stdev": 0.0573827400804
    },
    "erbbands_kurtosis": {
        "mean": 2.8926448822,
        "stdev": 5.72115087509
    },
    "erbbands_skewness": {
        "mean": 1.05024302006,
        "stdev": 1.0045119524
    },
    "erbbands_spread": {
        "mean": 14.2510328293,
        "stdev": 9.63345241547
    },
    "hfc": {
        "mean": 7.12198448181,
        "stdev": 10.346578598
    },
    "loudness_ebu128": {
        "integrated": -21.9622440338,
        "loudness_range": 13.0708732605,
        "momentary": {
            "mean": -28.496049881,
            "stdev": 24.8279018402
        },
        "short_term": {
            "mean": -25.3855113983,
            "stdev": 7.96931838989
        }
    },
    "melbands_crest": {
        "mean": 16.5037746429,
        "stdev": 6.01711130142
    },
    "melbands_flatness_db": {
        "mean": 0.401847153902,
        "stdev": 0.099589727819
    },
    "melbands_kurtosis": {
        "mean": 11.9187927246,
        "stdev": 32.503780365
    },
    "melbands_skewness": {
        "mean": 1.98800909519,
        "stdev": 1.70523428917
    },
    "melbands_spread": {
        "mean": 7.91632652283,
        "stdev": 13.3679828644
    },
    "pitch_salience": {
        "mean": 0.524064779282,
        "stdev": 0.128504902124
    },
    "silence_rate_20dB": {
        "mean": 0.999921858311,
        "stdev": 0.0088398354128
    },
    "silence_rate_30dB": {
        "mean": 0.982025623322,
        "stdev": 0.132850423455
    },
    "silence_rate_60dB": {
        "mean": 0.289231002331,
        "stdev": 0.453400611877
    },
    "spectral_centroid": {
        "mean": 547.286071777,
        "stdev": 997.827758789
    },
    "spectral_complexity": {
        "mean": 8.07361698151,
        "stdev": 4.86813163757
    },
    "spectral_decrease": {
        "mean": -4.67736560594e-09,
        "stdev": 6.71101352268e-09
    },
    "spectral_energy": {
        "mean": 0.0182994585484,
        "stdev": 0.026193683967
    },
    "spectral_energyband_high": {
        "mean": 6.211739219e-06,
        "stdev": 1.80219903996e-05
    },
    "spectral_energyband_low": {
        "mean": 0.00188371085096,
        "stdev": 0.00474435929209
    },
    "spectral_energyband_middle_high": {
        "mean": 0.00123775703833,
        "stdev": 0.00320565444417
    },
    "spectral_energyband_middle_low": {
        "mean": 0.0157733187079,
        "stdev": 0.0238985102624
    },
    "spectral_entropy": {
        "mean": 5.91191053391,
        "stdev": 0.675221085548
    },
    "spectral_flux": {
        "mean": 0.0410059057176,
        "stdev": 0.0358401499689
    },
    "spectral_kurtosis": {
        "mean": 56.9964141846,
        "stdev": 49.1900253296
    },
    "spectral_rms": {
        "mean": 0.00343754584901,
        "stdev": 0.00245690043084
    },
    "spectral_rolloff": {
        "mean": 679.27947998,
        "stdev": 1715.41308594
    },
    "spectral_skewness": {
        "mean": 5.06241512299,
        "stdev": 2.47053766251
    },
    "spectral_spread": {
        "mean": 1754778.125,
        "stdev": 3678394
    },
    "spectral_strongpeak": {
        "mean": 0.924416601658,
        "stdev": 1.04475188255
    },
    "zerocrossingrate": {
        "mean": 0.0245406739414,
        "stdev": 0.0458012521267
    },
    "barkbands": {
        "mean": [0.00031833347748, 0.000372599635739, 0.00068798835855, 0.00271962955594, 0.0037325094454, 0.00407852325588, 0.00231618247926, 0.00172482652124, 0.00103126687463, 0.000463664415292, 0.000173089079908, 0.000160893352586, 0.000210171288927, 8.53478341014e-05, 9.2777016107e-05, 6.68575157761e-05, 3.53563264071e-05, 1.30850039568e-05, 7.92874652689e-06, 4.66036317448e-06, 1.51331869347e-06, 1.07215930711e-06, 6.54352390939e-07, 3.97169600319e-07, 8.51837000937e-08, 5.71081348877e-10, 6.08906980393e-10],
        "stdev": [0.000156764799613, 0.00132839393336, 0.00203564437106, 0.00869573652744, 0.00657115457579, 0.00948273018003, 0.0104716001078, 0.00538113387302, 0.00307187996805, 0.00251478282735, 0.000995690817945, 0.000625208078418, 0.000619562459178, 0.000245722796535, 0.000382693222491, 0.000171484120074, 0.000157422051416, 3.67039938283e-05, 2.92353615805e-05, 1.63773038366e-05, 4.97412747791e-06, 3.12839074468e-06, 2.04683783522e-06, 1.19902153983e-06, 2.89680485821e-07, 1.42001888026e-09, 1.51455437081e-09]
    },
    "erbbands": {
        "mean": [0.00391769129783, 0.116871029139, 0.781699359417, 4.32794475555, 12.4522047043, 11.028427124, 28.1447353363, 32.9720878601, 40.2923698425, 21.518201828, 38.8747634888, 24.2045478821, 17.4106063843, 9.89931297302, 7.97875022888, 7.13047409058, 10.62180233, 4.33451128006, 5.48280668259, 4.39691257477, 3.46734642982, 1.65376138687, 0.865777313709, 0.54849255085, 0.282343327999, 0.214297741652, 0.104081176221, 0.0469286330044, 0.045295547694, 0.0235638227314, 0.0176029317081, 0.0117703089491, 0.00512174796313, 0.00185211305507, 6.50699075777e-05, 1.3220839719e-05, 6.68560505801e-06, 1.35748166485e-06, 8.69688119565e-06, 2.04239349841e-05],
        "stdev": [0.00872933119535, 0.413093596697, 2.36868405342, 12.9044971466, 33.1145782471, 19.8802013397, 75.5532989502, 84.8516845703, 185.691101074, 51.7749404907, 111.404891968, 59.4567756653, 82.8114547729, 43.7804832458, 45.9401702881, 23.925453186, 32.0018196106, 10.5657596588, 13.8697957993, 17.8569393158, 9.69701194763, 5.90352010727, 2.2743332386, 1.97402310371, 0.804347753525, 0.896508812904, 0.330643683672, 0.148770138621, 0.138347193599, 0.0701120868325, 0.0543963946402, 0.0369905531406, 0.0163152478635, 0.00593927362934, 0.000168436847162, 1.8964508854e-05, 9.52644586505e-06, 2.03537138077e-06, 1.23606287161e-05, 2.91453779937e-05]
    },
    "gfcc": {
        "mean": [-222.068511963, 213.235870361, -121.05758667, -7.03449249268, -49.7171783447, -17.7476863861, -31.1828136444, -22.8442344666, -0.559921443462, -21.3087921143, 0.545035302639, -20.0596446991, 0.831557750702],
        "cov": [[26151.5722656, 1114.1652832, -5129.17431641, -425.717651367, -971.854248047, -821.512573242, -1093.71618652, -276.515289307, -130.469940186, -285.802337646, 99.4975509644, -382.764678955, 237.500076294], [1114.1652832, 1373.34643555, 402.825256348, -474.527557373, 242.070144653, -144.310470581, 34.4450874329, -117.590019226, -126.599273682, -44.8663597107, -118.390731812, -44.3072357178, -121.00932312], [-5129.17431641, 402.825256348, 1884.14001465, 44.0870742798, 284.730316162, 204.02961731, 225.471313477, -10.2257709503, -64.4858398438, -56.9055290222, -171.30696106, -10.2947902679, -128.6512146], [-425.717651367, -474.527557373, 44.0870742798, 592.988464355, -117.573936462, 176.908798218, 7.92561197281, 45.4580993652, 80.8128433228, -64.2869873047, 7.13170194626, -59.1294746399, 34.4872398376], [-971.854248047, 242.070144653, 284.730316162, -117.573936462, 308.938537598, -17.746969223, 80.01612854, -10.9686031342, -60.5519981384, 33.6747741699, -49.2836227417, 9.28440761566, -71.6673431396], [-821.512573242, -144.310470581, 204.02961731, 176.908798218, -17.746969223, 271.445709229, 53.1109580994, 50.0485534668, 36.0099563599, -62.2343559265, -11.1006822586, -25.3071022034, 17.7379837036], [-1093.71618652, 34.4450874329, 225.471313477, 7.92561197281, 80.01612854, 53.1109580994, 228.395797729, 65.438293457, 5.39161300659, 40.6756019592, -9.80103302002, 13.6092214584, -62.8192749023], [-276.515289307, -117.590019226, -10.2257709503, 45.4580993652, -10.9686031342, 50.0485534668, 65.438293457, 125.99533844, 56.9721260071, 13.675160408, 15.1459722519, -11.4989013672, -2.26473498344], [-130.469940186, -126.599273682, -64.4858398438, 80.8128433228, -60.5519981384, 36.0099563599, 5.39161300659, 56.9721260071, 121.764251709, 43.7969818115, 31.7925376892, 11.954867363, 8.52479743958], [-285.802337646, -44.8663597107, -56.9055290222, -64.2869873047, 33.6747741699, -62.2343559265, 40.6756019592, 13.675160408, 43.7969818115, 150.145233154, 79.1543807983, 47.42943573, -16.6095848083], [99.4975509644, -118.390731812, -171.30696106, 7.13170194626, -49.2836227417, -11.1006822586, -9.80103302002, 15.1459722519, 31.7925376892, 79.1543807983, 132.098129272, 61.6156806946, 14.2393417358], [-382.764678955, -44.3072357178, -10.2947902679, -59.1294746399, 9.28440761566, -25.3071022034, 13.6092214584, -11.4989013672, 11.954867363, 47.42943573, 61.6156806946, 120.239891052, 39.0577468872], [237.500076294, -121.00932312, -128.6512146, 34.4872398376, -71.6673431396, 17.7379837036, -62.8192749023, -2.26473498344, 8.52479743958, -16.6095848083, 14.2393417358, 39.0577468872, 120.033233643]],
        "icov": [[0.000191395709408, -0.000427907012636, 0.000567472656257, -0.000254141719779, 0.000452569889603, -5.76992242713e-05, 0.000517884618603, -0.00032816870953, 0.000553564692382, -0.000252853642451, 0.000475229084259, -5.92368232901e-05, 0.000303326145513], [-0.000427907012636, 0.00253172474913, -0.00158497644588, 0.00197447836399, -0.00196374044754, 0.000918087142054, -0.00213856925257, 0.00259777274914, -0.00280002946965, 0.0027066746261, -0.00248027592897, 0.00206396076828, -0.00104941031896], [0.000567472656257, -0.00158497644588, 0.00263161631301, -0.00122119497973, 0.00133133819327, -0.00119227112737, 0.00163871597033, -0.00130943011027, 0.00250997790135, -0.0017622730229, 0.00334466435015, -0.00173544883728, 0.00200055562891], [-0.000254141719779, 0.00197447836399, -0.00122119497973, 0.00433160969988, -0.00146417215001, 0.000162895492394, -0.00265153031796, 0.00331384735182, -0.00464984960854, 0.00422906503081, -0.00418179528788, 0.00439310725778, -0.00230141542852], [0.000452569889603, -0.00196374044754, 0.00133133819327, -0.00146417215001, 0.00793234724551, -0.00201085908338, 0.00300011318177, -0.00398027943447, 0.00704279309139, -0.00669845985249, 0.00731415720657, -0.0050233011134, 0.0048404908739], [-5.76992242713e-05, 0.000918087142054, -0.00119227112737, 0.000162895492394, -0.00201085908338, 0.00769288931042, -0.00351032125764, 0.00166408903897, -0.00485397223383, 0.00688162306324, -0.00588402850553, 0.00451433844864, -0.003902051365], [0.000517884618603, -0.00213856925257, 0.00163871597033, -0.00265153031796, 0.00300011318177, -0.00351032125764, 0.0122000304982, -0.00881182122976, 0.00805880129337, -0.00834146607667, 0.00862934347242, -0.00792997796088, 0.00769621878862], [-0.00032816870953, 0.00259777274914, -0.00130943011027, 0.00331384735182, -0.00398027943447, 0.00166408903897, -0.00881182122976, 0.0184420291334, -0.0123019339517, 0.0080769052729, -0.00906994380057, 0.00947961211205, -0.00599073013291], [0.000553564692382, -0.00280002946965, 0.00250997790135, -0.00464984960854, 0.00704279309139, -0.00485397223383, 0.00805880129337, -0.0123019339517, 0.0232730936259, -0.0145400948822, 0.0117841120809, -0.00994804408401, 0.00719003472477], [-0.000252853642451, 0.0027066746261, -0.0017622730229, 0.00422906503081, -0.00669845985249, 0.00688162306324, -0.00834146607667, 0.0080769052729, -0.0145400948822, 0.0243909955025, -0.0178803168237, 0.00852850358933, -0.00535056833178], [0.000475229084259, -0.00248027592897, 0.00334466435015, -0.00418179528788, 0.00731415720657, -0.00588402850553, 0.00862934347242, -0.00906994380057, 0.0117841120809, -0.0178803168237, 0.0279512647539, -0.0163896456361, 0.0096332365647], [-5.92368232901e-05, 0.00206396076828, -0.00173544883728, 0.00439310725778, -0.0050233011134, 0.00451433844864, -0.00792997796088, 0.00947961211205, -0.00994804408401, 0.00852850358933, -0.0163896456361, 0.0241562929004, -0.0125912437215], [0.000303326145513, -0.00104941031896, 0.00200055562891, -0.00230141542852, 0.0048404908739, -0.003902051365, 0.00769621878862, -0.00599073013291, 0.00719003472477, -0.00535056833178, 0.0096332365647, -0.0125912437215, 0.0185630954802]]
    },
    "melbands": {
        "mean": [7.64710275689e-05, 0.000308220041916, 0.00111140706576, 0.000804656359833, 0.000869586016051, 0.000763461983297, 0.000548083684407, 0.000258629093878, 0.000303693930618, 0.000140191230457, 8.53010569699e-05, 4.20556134486e-05, 2.4540026061e-05, 1.98080124392e-05, 2.21672107727e-05, 1.85760054592e-05, 6.92975436323e-06, 9.0486719273e-06, 6.501286407e-06, 5.34650098416e-06, 3.82830739909e-06, 1.84939915471e-06, 1.09013046767e-06, 5.61265494525e-07, 4.53198197192e-07, 2.12972921076e-07, 1.7654915041e-07, 1.36878355761e-07, 7.70001733486e-08, 3.42953718757e-08, 2.31050698574e-08, 2.64151314155e-08, 1.87128250673e-08, 1.1659021304e-08, 9.87124515461e-09, 1.06932231958e-08, 5.52780399232e-09, 3.26830607023e-09, 3.6887846111e-09, 7.21791348912e-10],
        "stdev": [0.000209797537536, 0.000981605844572, 0.00322325224988, 0.00160197378136, 0.00211392110214, 0.00181895238347, 0.00243539246731, 0.00074209831655, 0.000818696746137, 0.000367934291717, 0.000429472187534, 0.000214646759559, 0.000153841101564, 9.09624941414e-05, 6.40834550723e-05, 5.34671344212e-05, 1.91672625078e-05, 2.38690736296e-05, 3.82558355341e-05, 1.43515644595e-05, 1.21232578749e-05, 8.5545825641e-06, 3.20026265399e-06, 1.72134411969e-06, 1.90145817669e-06, 7.71217628426e-07, 5.89940214013e-07, 6.620032309e-07, 2.49093943694e-07, 1.31169358042e-07, 7.83790881087e-08, 8.33801294675e-08, 6.26391951641e-08, 3.95386479113e-08, 3.30926290815e-08, 3.83957861061e-08, 1.77008399049e-08, 1.10303952638e-08, 1.26615420371e-08, 2.53937337824e-09]
    },
    "melbands128": {
        "mean": [7.64791766414e-05, 2.07033608604e-05, 4.5713633881e-05, 0.000235405081185, 0.000373010960175, 0.000320026883855, 0.000625280023087, 0.00171426625457, 0.0013538064668, 0.000645390537102, 0.000587952090427, 0.000624539330602, 0.00108053651638, 0.00102047983091, 0.00082088529598, 0.000468497950351, 0.000780218513682, 0.000623749336228, 0.000198119087145, 0.000155125773745, 0.000308001879603, 0.000438004848547, 0.000284763023956, 0.000198893380002, 0.000162665790413, 0.000110197353933, 0.000100589975773, 8.31740253489e-05, 7.67329111113e-05, 5.30316574441e-05, 2.90087591566e-05, 1.79336329893e-05, 2.32014081121e-05, 3.48364665115e-05, 1.8927259589e-05, 1.62971246027e-05, 1.83843367267e-05, 1.66212412296e-05, 3.12732627208e-05, 2.81713109871e-05, 1.52989359776e-05, 7.30283409212e-06, 4.68366351924e-06, 7.89413206803e-06, 9.64927403402e-06, 8.98654434422e-06, 9.60223496804e-06, 5.3999492593e-06, 5.63138610232e-06, 6.70319832352e-06, 4.81890629089e-06, 5.0643798204e-06, 4.3078471208e-06, 2.50473226515e-06, 4.33410968981e-06, 8.2669890844e-07, 1.0936819308e-06, 1.55647683187e-06, 7.99947940777e-07, 7.83285031503e-07, 5.10707025114e-07, 5.11966618433e-07, 4.42478921059e-07, 5.11029099926e-07, 2.91691151233e-07, 1.87096404147e-07, 1.97876531161e-07, 1.69253709714e-07, 2.02367715474e-07, 1.1622010021e-07, 1.6397791569e-07, 1.22269852909e-07, 1.13307763172e-07, 6.17957098825e-08, 4.81123834106e-08, 3.2059123356e-08, 3.27826441548e-08, 2.57373606871e-08, 2.34085160145e-08, 1.65045896949e-08, 2.43616007367e-08, 3.15740571466e-08, 2.96866424776e-08, 1.56191823919e-08, 1.22663692537e-08, 9.58568779907e-09, 1.36952582608e-08, 1.18790035586e-08, 8.8088007999e-09, 8.541869434e-09, 1.1123305832e-08, 1.17276997003e-08, 9.33233934575e-09, 4.60921123491e-09, 4.29402602364e-09, 3.14091752607e-09, 2.93760971104e-09, 3.3710718661e-09, 4.40585035122e-09, 3.91763066432e-09, 1.36156463881e-09, 1.33006817365e-11, 5.12056803209e-12, 4.87486960521e-12, 4.65740206818e-12, 4.45359157539e-12, 4.26307036547e-12, 4.08481365052e-12, 3.91782006143e-12, 3.76190051332e-12, 3.61598142921e-12, 3.47980997316e-12, 3.35309861474e-12, 3.23506542735e-12, 3.12570498998e-12, 3.02432189535e-12, 2.9308621502e-12, 2.84504039251e-12, 2.76660964103e-12, 2.69534416487e-12, 2.63124504823e-12, 2.5741572502e-12, 2.52408163814e-12, 2.48105854438e-12, 2.44523455303e-12, 2.41675364616e-12, 2.39585174616e-12, 2.38303994593e-12],
        "stdev": [4.29710380558e-05, 2.52447935054e-05, 0.0001521739905, 0.0008805495454, 0.00135678763036, 0.000902972591575, 0.00205451413058, 0.00554608367383, 0.0039206170477, 0.00160758546554, 0.0015148333041, 0.00150271062739, 0.00349342962727, 0.00304115586914, 0.00280436803587, 0.00130689924117, 0.0041567273438, 0.00304581737146, 0.000581878935918, 0.000476084824186, 0.00118171179201, 0.00188726000488, 0.000799161789473, 0.000939310761169, 0.000541943009011, 0.000349211419234, 0.000740308780223, 0.00058142200578, 0.000690941640642, 0.000312147603836, 0.000146292790305, 9.78113675956e-05, 0.000259124208242, 0.000278368679574, 0.000125277147163, 8.97303762031e-05, 9.71445260802e-05, 8.848534344e-05, 0.000115439906949, 0.000108016000013, 6.41936494503e-05, 3.71870009985e-05, 1.98272973648e-05, 2.98003014905e-05, 3.52444440068e-05, 3.27110283251e-05, 3.17351041303e-05, 5.68608338654e-05, 4.75649467262e-05, 3.25606342813e-05, 1.58390448632e-05, 2.04083626159e-05, 2.05883097806e-05, 1.01284040284e-05, 3.067018406e-05, 3.36609900842e-06, 5.62676541449e-06, 6.08542359259e-06, 2.98413442579e-06, 3.26229019265e-06, 2.04258617487e-06, 2.49470326708e-06, 2.04724233299e-06, 3.03892124975e-06, 1.6147171209e-06, 1.03749175651e-06, 8.62159765802e-07, 6.04748152e-07, 9.75225248112e-07, 5.80497157898e-07, 1.47702451159e-06, 5.03100011429e-07, 4.91734340358e-07, 2.32897860997e-07, 4.00198700845e-07, 1.69533251437e-07, 1.50436207491e-07, 1.36165155595e-07, 1.08225258089e-07, 6.10938641898e-08, 9.64435145079e-08, 1.46484566699e-07, 1.27480959122e-07, 6.71053541623e-08, 5.59121318133e-08, 4.38673914971e-08, 5.68591822514e-08, 6.52285621072e-08, 3.1745482687e-08, 3.60510661324e-08, 4.68632954664e-08, 5.23075271985e-08, 3.99708106613e-08, 1.62961928396e-08, 2.1469377387e-08, 1.2429993923e-08, 1.18341301203e-08, 1.56907908888e-08, 1.79461689953e-08, 1.42629801303e-08, 5.83942583177e-09, 4.36970293283e-10, 1.27050817783e-11, 1.21164146424e-11, 1.1576710944e-11, 1.1070758893e-11, 1.05979097026e-11, 1.01551492909e-11, 9.74042634744e-12, 9.35341908093e-12, 8.99098503981e-12, 8.65288916907e-12, 8.33818864648e-12, 8.04496226581e-12, 7.77334360075e-12, 7.52153027361e-12, 7.28930370925e-12, 7.07606022388e-12, 6.88118225595e-12, 6.70416369988e-12, 6.54488876289e-12, 6.40302090862e-12, 6.27850419224e-12, 6.1716140011e-12, 6.08259840065e-12, 6.0118247186e-12, 5.95983418866e-12, 5.92804624833e-12]
    },
    "mfcc": {
        "mean": [-829.418273926, 210.052658081, 8.54218196869, 3.59762811661, 4.03834486008, -5.33866167068, -13.6373586655, -9.13988018036, -6.16669797897, -1.77414369583, -4.16627883911, -2.38014483452, -3.17195534706],
        "cov": [[11892.3515625, 2945.70483398, -3501.76904297, -278.60446167, -392.575531006, -475.831054688, -760.168212891, -344.1355896, -369.461639404, -47.8042678833, -310.737945557, -73.0691223145, -70.8847351074], [2945.70483398, 2241.1574707, -507.358551025, -356.71005249, -0.10586925596, -147.472961426, -129.414093018, -172.332733154, -122.600006104, -107.955337524, -90.1847915649, -115.931732178, -86.9828948975], [-3501.76904297, -507.358551025, 1633.52648926, 185.534072876, 138.420257568, 218.165313721, 251.020462036, 145.348449707, 134.310256958, -5.41661977768, 53.8522453308, -7.6946015358, -20.2706756592], [-278.60446167, -356.71005249, 185.534072876, 370.0675354, 56.896938324, 31.3222522736, 45.4001922607, 36.3645896912, 33.5293502808, 27.7041625977, 5.7492389679, 5.4986243248, -6.29270124435], [-392.575531006, -0.10586925596, 138.420257568, 56.896938324, 177.954284668, 53.1702232361, 18.6092243195, 12.2480745316, 20.5003852844, -10.7568969727, -11.5621862411, -35.9323730469, -28.1982822418], [-475.831054688, -147.472961426, 218.165313721, 31.3222522736, 53.1702232361, 141.030761719, 68.7694625854, 38.8376960754, 26.0515918732, 0.0978236570954, 3.92161417007, -11.8437137604, -9.361577034], [-760.168212891, -129.414093018, 251.020462036, 45.4001922607, 18.6092243195, 68.7694625854, 178.654403687, 68.0612945557, 31.4413375854, 13.6184616089, 30.7288475037, 9.93879032135, -0.885649383068], [-344.1355896, -172.332733154, 145.348449707, 36.3645896912, 12.2480745316, 38.8376960754, 68.0612945557, 135.146469116, 70.4333343506, 16.2673912048, 2.08859658241, 3.5934472084, -2.59958839417], [-369.461639404, -122.600006104, 134.310256958, 33.5293502808, 20.5003852844, 26.0515918732, 31.4413375854, 70.4333343506, 124.912010193, 32.8182525635, -1.26156270504, 3.12998461723, -7.22083377838], [-47.8042678833, -107.955337524, -5.41661977768, 27.7041625977, -10.7568969727, 0.0978236570954, 13.6184616089, 16.2673912048, 32.8182525635, 101.323135376, 42.5981826782, 15.1023540497, 8.76619911194], [-310.737945557, -90.1847915649, 53.8522453308, 5.7492389679, -11.5621862411, 3.92161417007, 30.7288475037, 2.08859658241, -1.26156270504, 42.5981826782, 129.126724243, 63.3151779175, 11.2926139832], [-73.0691223145, -115.931732178, -7.6946015358, 5.4986243248, -35.9323730469, -11.8437137604, 9.93879032135, 3.5934472084, 3.12998461723, 15.1023540497, 63.3151779175, 141.45149231, 58.5759315491], [-70.8847351074, -86.9828948975, -20.2706756592, -6.29270124435, -28.1982822418, -9.361577034, -0.885649383068, -2.59958839417, -7.22083377838, 8.76619911194, 11.2926139832, 58.5759315491, 118.745498657]],
        "icov": [[0.000963022233918, -0.00120004976634, 0.00163224013522, -0.0014614345273, 0.00149552547373, -0.00163762504235, 0.00209885183722, -0.00160877220333, 0.00112932070624, -0.00104247196577, 0.00135295651853, -0.000972015957814, 0.000599927501753], [-0.00120004976634, 0.00216252729297, -0.00195213477127, 0.00236613396555, -0.0021451220382, 0.00259526632726, -0.00284267356619, 0.00254179467447, -0.00137653038837, 0.0016410992248, -0.00154680607375, 0.00147296744399, -0.000394843227696], [0.00163224013522, -0.00195213477127, 0.00375075591728, -0.00267338496633, 0.00226923497394, -0.00350989052095, 0.00272148568183, -0.00266435276717, 0.00116233178414, -0.00107453542296, 0.00178915844299, -0.00138731382322, 0.000931337359361], [-0.0014614345273, 0.00236613396555, -0.00267338496633, 0.00575921265408, -0.00341971823946, 0.00316399033181, -0.00366744119674, 0.00257691461593, -0.00157046341337, 0.000777815585025, -0.00137119938154, 0.00113775138743, -0.000407669256674], [0.00149552547373, -0.0021451220382, 0.00226923497394, -0.00341971823946, 0.00964352115989, -0.00499236537144, 0.00388046633452, -0.00215773237869, 0.000786244811025, -0.000711915607098, 0.00164245371707, -0.000189645565115, 0.00144343741704], [-0.00163762504235, 0.00259526632726, -0.00350989052095, 0.00316399033181, -0.00499236537144, 0.0138329956681, -0.00630109058693, 0.00238900515251, -0.00184510543477, 0.00199900311418, -0.00192569021601, 0.00225423509255, -0.000786294578575], [0.00209885183722, -0.00284267356619, 0.00272148568183, -0.00366744119674, 0.00388046633452, -0.00630109058693, 0.0138116721064, -0.00719806738198, 0.00357163720764, -0.00266952137463, 0.00133354810532, -0.00215669348836, 0.00116230337881], [-0.00160877220333, 0.00254179467447, -0.00266435276717, 0.00257691461593, -0.00215773237869, 0.00238900515251, -0.00719806738198, 0.0156979914755, -0.00800251588225, 0.00237042224035, -0.00153586862143, 0.0017135044327, -0.000811600650195], [0.00112932070624, -0.00137653038837, 0.00116233178414, -0.00157046341337, 0.000786244811025, -0.00184510543477, 0.00357163720764, -0.00800251588225, 0.0147713627666, -0.00576358521357, 0.00395338237286, -0.00271623907611, 0.00196135370061], [-0.00104247196577, 0.0016410992248, -0.00107453542296, 0.000777815585025, -0.000711915607098, 0.00199900311418, -0.00266952137463, 0.00237042224035, -0.00576358521357, 0.0152475498617, -0.00699888681993, 0.00328003126197, -0.00197038217448], [0.00135295651853, -0.00154680607375, 0.00178915844299, -0.00137119938154, 0.00164245371707, -0.00192569021601, 0.00133354810532, -0.00153586862143, 0.00395338237286, -0.00699888681993, 0.0149215273559, -0.00755603564903, 0.00318725034595], [-0.000972015957814, 0.00147296744399, -0.00138731382322, 0.00113775138743, -0.000189645565115, 0.00225423509255, -0.00215669348836, 0.0017135044327, -0.00271623907611, 0.00328003126197, -0.00755603564903, 0.0134084997699, -0.00582670839503], [0.000599927501753, -0.000394843227696, 0.000931337359361, -0.000407669256674, 0.00144343741704, -0.000786294578575, 0.00116230337881, -0.000811600650195, 0.00196135370061, -0.00197038217448, 0.00318725034595, -0.00582670839503, 0.0117352111265]]
    },
    "spectral_contrast_coeffs": {
        "mean": [-0.63347274065, -0.725509524345, -0.749147772789, -0.772291898727, -0.742329061031, -0.768410503864],
        "stdev": [0.11594042927, 0.0940962806344, 0.0781704708934, 0.075253918767, 0.0877528488636, 0.0754294097424]
    },
    "spectral_contrast_valleys": {
        "mean": [-7.94201660156, -7.44675445557, -8.95756626129, -9.67002296448, -11.4534025192, -14.6575746536],
        "stdev": [2.11646175385, 2.25563001633, 2.19413590431, 2.22271752357, 2.01048564911, 1.5594445467]
    }
},
"rhythm": {
    "beats_count": 588,
    "beats_loudness": {
        "mean": 0.0282774679363,
        "stdev": 0.0386232696474
    },
    "bpm": 132.947036743,
    "bpm_histogram_first_peak_bpm": 133,
    "bpm_histogram_first_peak_weight": 0.533333301544,
    "bpm_histogram_second_peak_bpm": 108,
    "bpm_histogram_second_peak_spread": 0.617886185646,
    "bpm_histogram_second_peak_weight": 0.080068141222,
    "danceability": 0.99374973774,
    "onset_rate": 2.46372628212,
    "beats_loudness_band_ratio": {
        "mean": [0.35567560792, 0.389888733625, 0.246982648969, 0.0590962469578, 0.014250792563, 0.00111010216642],
        "stdev": [0.304563641548, 0.250201314688, 0.224120020866, 0.10713930428, 0.0296356435865, 0.00783391296864]
    },
    "beats_position": [0.626938760281, 1.26548755169, 1.86920630932, 2.47292518616, 3.06503391266, 3.65714287758, 4.2492518425, 4.80653047562, 5.36380958557, 5.93269824982, 6.5015873909, 7.08208608627, 7.66258478165, 8.23147392273, 8.8119726181, 9.287981987, 9.76399040222, 10.22838974, 10.6927890778, 11.1339683533, 11.5751476288, 12.0279359818, 12.4691152573, 12.9219045639, 13.3746938705, 13.8158731461, 14.2570514679, 14.7098407745, 15.301949501, 15.8940582275, 16.50938797, 17.1014957428, 17.693605423, 18.2973232269, 18.9010429382, 19.4699325562, 20.062040329, 20.6309299469, 21.2230377197, 21.7803173065, 22.3375968933, 22.8948745728, 23.4521541595, 24.0326519012, 24.6015415192, 25.1704311371, 25.7509288788, 26.3314285278, 26.9119262695, 27.4924259186, 28.0845336914, 28.6766433716, 29.2571430206, 29.8144207001, 30.3717002869, 30.9289798737, 31.474647522, 32.0203170776, 32.5775947571, 33.1348762512, 33.6805419922, 34.2262115479, 34.783493042, 35.3175506592, 35.8632202148, 36.4088897705, 36.9777755737, 37.5350570679, 38.1039466858, 38.672832489, 39.2417221069, 39.8222198486, 40.402721405, 40.9599990845, 41.5056686401, 42.0513381958, 42.6086158752, 43.1658935547, 43.7231750488, 44.2804527283, 44.8377304077, 45.3950119019, 45.9522895813, 46.4863471985, 47.0436286926, 47.5892944336, 48.1349639893, 48.6922454834, 49.2495231628, 49.8184127808, 50.3873023987, 50.9329681396, 51.5018577576, 52.0359191895, 52.5815849304, 53.1504745483, 53.7077522278, 54.2766418457, 54.8455314636, 55.4028091431, 55.971698761, 56.5289802551, 57.0978660583, 57.6783676147, 58.2588653564, 58.8393630981, 59.4082527161, 59.977142334, 60.5460319519, 61.1149177551, 61.6721992493, 62.2294769287, 62.7867546082, 63.3440361023, 63.9013137817, 64.4585952759, 65.0158691406, 65.5731506348, 66.142036438, 66.7109298706, 67.2914276123, 67.8487091064, 68.4059829712, 68.9632644653, 69.5321502686, 70.1010437012, 70.6815414429, 71.238822937, 71.7960968018, 72.3533782959, 72.9222640991, 73.5027618408, 74.0716552734, 74.6289291382, 75.1862106323, 75.7551040649, 76.3704299927, 76.9741516113, 77.6010894775, 78.1931991577, 78.7853012085, 79.3774108887, 79.9695205688, 80.5732421875, 81.1885681152, 81.7806777954, 82.3611755371, 82.9416732788, 83.5221786499, 84.1142807007, 84.6947860718, 85.228843689, 85.7512893677, 86.2737426758, 86.784576416, 87.2954177856, 87.8178634644, 88.3403167725, 88.8627624512, 89.4897003174, 90.116645813, 90.7667999268, 91.428565979, 92.1367797852, 92.8217697144, 93.5299758911, 94.1569137573, 94.7838516235, 95.3991851807, 96.0145111084, 96.6298370361, 97.2451705933, 97.860496521, 98.4526062012, 99.0447158813, 99.6600418091, 100.275375366, 100.879089355, 101.51763916, 102.132965088, 102.748298645, 103.375236511, 104.013786316, 104.640724182, 105.25605011, 105.882987976, 106.486709595, 107.090431213, 107.694145203, 108.286254883, 108.90158844, 109.516914368, 110.132240295, 110.747573853, 111.374511719, 112.013061523, 112.663215637, 113.324989319, 113.986755371, 114.578865051, 115.18258667, 115.797912598, 116.366798401, 116.924079895, 117.400085449, 117.876098633, 118.352104187, 118.828117371, 119.234466553, 119.640815735, 120.047164917, 120.441902161, 120.836639404, 121.231384277, 121.626121521, 122.020858765, 122.415596008, 122.810340881, 123.205078125, 123.611427307, 124.006164551, 124.400901794, 124.795646667, 125.248435974, 125.701225281, 126.154014587, 126.606803894, 127.059593201, 127.523986816, 127.976776123, 128.42956543, 128.882354736, 129.335144043, 129.799545288, 130.263946533, 130.71673584, 131.204345703, 131.703582764, 132.202804565, 132.702041626, 133.189651489, 133.68888855, 134.188110352, 134.675735474, 135.174957275, 135.592926025, 136.010879517, 136.428848267, 136.870025635, 137.311203003, 137.752380371, 138.181945801, 138.599899292, 139.006256104, 139.424209595, 139.830566406, 140.236907959, 140.643264771, 141.061218262, 141.467575073, 141.862304688, 142.257049561, 142.651794434, 143.02331543, 143.406433105, 143.78956604, 144.21913147, 144.648712158, 145.066665649, 145.496231079, 145.925796509, 146.355377197, 146.796554565, 147.214508057, 147.644073486, 148.073654175, 148.491607666, 148.956008911, 149.420410156, 149.884811401, 150.337600708, 150.790390015, 151.254776001, 151.719177246, 152.183578491, 152.636367798, 153.065933228, 153.507110596, 153.948303223, 154.389480591, 154.830657959, 155.271835327, 155.713012695, 156.119369507, 156.52571106, 156.932067871, 157.338409424, 157.744766235, 158.13949585, 158.534240723, 158.940582275, 159.346939087, 159.75328064, 160.17124939, 160.624038696, 161.076828003, 161.518005371, 161.947570801, 162.37713623, 162.818313599, 163.259490967, 163.677459717, 164.095413208, 164.513381958, 165.01260376, 165.51184082, 166.011062622, 166.487075806, 166.939865112, 167.392654419, 167.845443726, 168.309844971, 168.774230957, 169.238632202, 169.703033447, 170.155822754, 170.608612061, 171.061401367, 171.514190674, 171.96697998, 172.408157349, 172.849334717, 173.302124023, 173.75491333, 174.207702637, 174.660491943, 175.11328125, 175.566070557, 176.030471802, 176.483261108, 176.947662354, 177.412063599, 177.864852905, 178.398910522, 178.93296814, 179.467025757, 179.931427002, 180.384216309, 180.837005615, 181.289794922, 181.765808105, 182.253417969, 182.741043091, 183.158996582, 183.565353394, 183.971694946, 184.401260376, 184.807617188, 185.21395874, 185.620315552, 186.026657104, 186.444625854, 186.850967407, 187.268936157, 187.686889648, 188.10484314, 188.52281189, 188.940765381, 189.358734131, 189.776687622, 190.194641113, 190.577774048, 190.960906982, 191.344039917, 191.727157593, 192.121902466, 192.516647339, 192.888153076, 193.259674072, 193.642807007, 194.025939941, 194.420669556, 194.815414429, 195.22177124, 195.628112793, 196.022857666, 196.429199219, 196.83555603, 197.230285645, 197.625030518, 197.984939575, 198.333236694, 198.681533813, 199.13432312, 199.575500488, 200.016693115, 200.457870483, 200.899047852, 201.351837158, 201.804626465, 202.222579956, 202.640533447, 203.046890259, 203.441635132, 203.836364746, 204.242721558, 204.64906311, 205.055419922, 205.438537598, 205.821670532, 206.204803467, 206.611160278, 207.02911377, 207.447067261, 207.853424072, 208.259765625, 208.666122437, 209.072463989, 209.478820801, 209.873550415, 210.268295288, 210.663040161, 211.080993652, 211.510559082, 211.928527832, 212.346481323, 212.822494507, 213.298492432, 213.774505615, 214.250518799, 214.726531982, 215.179321289, 215.643707275, 216.096496582, 216.572509766, 217.025299072, 217.478088379, 217.919265747, 218.360443115, 218.801635742, 219.24281311, 219.683990479, 220.125167847, 220.577957153, 221.042358398, 221.564804077, 222.087249756, 222.598098755, 223.132156372, 223.677825928, 224.223495483, 224.745941162, 225.268386841, 225.79083252, 226.324890137, 226.858947754, 227.369796753, 227.880630493, 228.379852295, 228.855865479, 229.320266724, 229.796279907, 230.272293091, 230.759902954, 231.247528076, 231.735137939, 232.234375, 232.721984863, 233.197998047, 233.639175415, 234.080352783, 234.53314209, 235.009155273, 235.496780396, 235.984390259, 236.483627319, 236.982849121, 237.470474243, 237.958084106, 238.445709229, 238.944946289, 239.467391968, 239.978225708, 240.489059448, 240.999908447, 241.510742188, 242.021575928, 242.393096924, 242.776229858, 243.159362793, 243.542495728, 243.995285034, 244.436462402, 244.877639771, 245.469741821, 246.061859131, 246.642349243, 247.222854614, 247.803344727, 248.383850098, 248.975952148, 249.568069458, 250.125350952, 250.671020508, 251.216690063, 251.762359619, 252.308029175, 252.714370728, 253.120727539, 253.527069092, 253.921813965, 254.281723022, 254.653244019, 255.024749756, 255.40788269, 255.791015625, 256.174133301, 256.545654297, 256.92880249, 257.311920166, 257.695037842, 258.089782715, 258.577423096, 259.053405762, 259.506195068, 260.098327637, 260.690429688, 261.282531738, 261.874633789, 262.466766357, 263.035644531, 263.604522705, 264.185028076, 264.75390625, 265.322814941, 265.880096436, 266.43737793, 267.006256104, 267.575134277, 268.167236328, 268.759368896, 269.374694824, 269.990020752, 270.582122803, 271.174224854, 271.754730225, 272.323608398, 272.89251709, 273.461395264, 274.041900635, 274.622406006, 275.156463623, 275.69052124, 276.224578857, 276.758636475, 277.292694092, 277.815155029, 278.337585449, 278.848419189, 279.370880127, 279.893341064, 280.427398682, 280.996276855, 281.576782227, 282.168884277, 282.749389648, 283.318267822, 283.898773193, 284.490875244, 285.071380615, 285.651885986, 286.255584717, 286.870910645, 287.48626709, 288.113189697, 288.751739502, 289.378692627, 290.063659668, 290.748657227, 291.387207031, 292.025756836, 292.664306641, 293.268035889, 293.871734619, 294.475463867, 295.090789795, 295.706115723, 296.309844971],
    "bpm_histogram": [0, 0, 0, 0, 0, 0, 0, 0, 0, 0, 0, 0, 0, 0, 0, 0, 0, 0, 0, 0, 0, 0, 0, 0, 0, 0, 0, 0, 0, 0, 0, 0, 0, 0, 0, 0, 0, 0, 0, 0, 0, 0, 0, 0, 0, 0, 0, 0, 0, 0, 0, 0, 0, 0, 0, 0, 0, 0, 0, 0, 0, 0, 0, 0, 0, 0, 0, 0, 0, 0, 0, 0, 0, 0, 0, 0, 0, 0, 0, 0, 0, 0, 0, 0, 0, 0.00340715493076, 0, 0, 0.00511073274538, 0, 0, 0.00511073274538, 0.00340715493076, 0, 0.013628619723, 0, 0.0187393520027, 0, 0.040885861963, 0.027257239446, 0, 0.0613287910819, 0, 0.0579216368496, 0, 0.071550257504, 0, 0, 0.080068141222, 0, 0.030664395541, 0, 0.027257239446, 0, 0, 0.0255536623299, 0, 0.0187393520027, 0, 0, 0.0238500852138, 0, 0, 0.0255536623299, 0, 0, 0.0340715497732, 0, 0, 0.0374787040055, 0, 0, 0, 0.0834752991796, 0, 0, 0.0579216368496, 0, 0, 0, 0.0221465080976, 0, 0, 0, 0.0511073246598, 0, 0, 0, 0.0698466747999, 0, 0, 0, 0.0511073246598, 0, 0, 0, 0, 0.0340715497732, 0, 0, 0, 0.0085178874433, 0.00340715493076, 0, 0, 0, 0, 0.00340715493076, 0, 0, 0, 0, 0.00340715493076, 0, 0, 0, 0, 0, 0, 0, 0, 0, 0, 0, 0, 0, 0, 0, 0, 0, 0, 0, 0, 0, 0, 0, 0, 0, 0, 0, 0, 0, 0, 0, 0, 0, 0, 0, 0, 0, 0, 0, 0, 0, 0, 0, 0, 0, 0, 0, 0, 0, 0, 0, 0, 0, 0, 0, 0, 0, 0, 0, 0, 0, 0, 0, 0, 0, 0, 0, 0, 0, 0, 0, 0, 0, 0, 0, 0, 0]
},
"tonal": {
    "chords_changes_rate": 0.0551648698747,
    "chords_number_rate": 0.00312548829243,
    "chords_strength": {
        "mean": 0.504982888699,
        "stdev": 0.164309218526
    },
    "hpcp_crest": {
        "mean": 17.7776660919,
        "stdev": 8.09370517731
    },
    "hpcp_entropy": {
        "mean": 1.44447696209,
        "stdev": 0.687863647938
    },
    "key_edma": {
        "strength": 0.715346455574,
        "key": "F",
        "scale": "major"
    },
    "key_krumhansl": {
        "strength": 0.722339987755,
        "key": "F",
        "scale": "major"
    },
    "key_temperley": {
        "strength": 0.73066008091,
        "key": "F",
        "scale": "major"
    },
    "tuning_diatonic_strength": 0.475293844938,
    "tuning_equal_tempered_deviation": 0,
    "tuning_frequency": 443.572570801,
    "tuning_nontempered_energy_ratio": 0.650402665138,
    "hpcp": {
        "mean": [0.125328212976, 0.0760362669826, 0.0614724829793, 0.110143721104, 0.0691997632384, 0.0374499857426, 0.0546563751996, 0.0482238642871, 0.135629147291, 0.207670524716, 0.107416793704, 0.0660669058561, 0.105503231287, 0.0669026225805, 0.0934810116887, 0.14355917275, 0.0812501758337, 0.0821283981204, 0.115655452013, 0.0621328540146, 0.0894453004003, 0.165603816509, 0.132564797997, 0.170552104712, 0.243019446731, 0.145377442241, 0.076003909111, 0.0834626704454, 0.0600771121681, 0.113538451493, 0.155243828893, 0.0854238122702, 0.0761206001043, 0.105626501143, 0.0622345358133, 0.0744044780731],
        "stdev": [0.266916364431, 0.179319575429, 0.143776297569, 0.255790650845, 0.169769600034, 0.110098913312, 0.165218472481, 0.126724198461, 0.243602275848, 0.329100161791, 0.197077065706, 0.148094370961, 0.249253332615, 0.153943240643, 0.195962935686, 0.291615158319, 0.181229859591, 0.193491846323, 0.280560284853, 0.151980653405, 0.180720642209, 0.306086182594, 0.233291968703, 0.269835978746, 0.356628119946, 0.243592500687, 0.182596579194, 0.217835843563, 0.155793428421, 0.231958478689, 0.296228349209, 0.178029969335, 0.183026522398, 0.258320093155, 0.150171875954, 0.169329360127]
    },
    "chords_histogram": [13.0489139557, 7.12611341476, 14.0803251266, 0.687607467175, 3.95374274254, 0.578215360641, 0.640725135803, 2.01593995094, 4.46944856644, 5.32895755768, 1.25019538403, 0, 1.64088141918, 1.35958743095, 1.23456788063, 5.5008597374, 2.4066259861, 6.67291784286, 2.59415531158, 6.62603521347, 1.78152835369, 2.0784497261, 9.73589611053, 5.18831062317],
