{
"metadata": {
    "version": {
        "essentia": "2.1-dev",
        "essentia_git_sha": "v2.1_beta3-415-gd5473f3",
        "extractor": "music 2.0"
    },
    "audio_properties": {
        "analysis": {
            "equal_loudness": 0,
            "length": 151.275085449,
            "sample_rate": 44100,
            "start_time": 0,
            "downmix": "mix"
        },
        "bit_rate": 64000,
        "length": 151.275100708,
        "lossless": 0,
        "number_channels": 2,
        "replay_gain": 9.76487541199,
        "sample_rate": 22050,
        "codec": "mp3",
        "md5_encoded": "d703e2820e57f0f14fdbd11b0551f21a"
    },
    "tags": {
        "file_name": "saint_saens-aquarium.mp3"
    }
},
"lowlevel": {
    "average_loudness": 0.577728688717,
    "barkbands_crest": {
        "mean": 11.7388095856,
        "stdev": 4.02170324326
    },
    "barkbands_flatness_db": {
        "mean": 0.282329678535,
        "stdev": 0.0513979271054
    },
    "barkbands_kurtosis": {
        "mean": 6.42061233521,
        "stdev": 42.0039672852
    },
    "barkbands_skewness": {
        "mean": 0.766597747803,
        "stdev": 1.69181168079
    },
    "barkbands_spread": {
        "mean": 7.33925867081,
        "stdev": 4.18807220459
    },
    "dissonance": {
        "mean": 0.383380949497,
        "stdev": 0.0596796609461
    },
    "dynamic_complexity": 4.16748428345,
    "erbbands_crest": {
        "mean": 13.7897520065,
        "stdev": 4.98638963699
    },
    "erbbands_flatness_db": {
        "mean": 0.325102418661,
        "stdev": 0.0521388873458
    },
    "erbbands_kurtosis": {
        "mean": 1.41343259811,
        "stdev": 3.03749394417
    },
    "erbbands_skewness": {
        "mean": 0.603724300861,
        "stdev": 0.738168716431
    },
    "erbbands_spread": {
        "mean": 13.5996932983,
        "stdev": 11.2249755859
    },
    "hfc": {
        "mean": 13.268491745,
        "stdev": 13.0535917282
    },
    "loudness_ebu128": {
        "integrated": -32.7864952087,
        "loudness_range": 8.07068443298,
        "momentary": {
            "mean": -34.9821128845,
            "stdev": 5.79359912872
        },
        "short_term": {
            "mean": -33.9566001892,
            "stdev": 3.46770596504
        }
    },
    "melbands_crest": {
        "mean": 13.9873943329,
        "stdev": 5.06850624084
    },
    "melbands_flatness_db": {
        "mean": 0.328947782516,
        "stdev": 0.0679077059031
    },
    "melbands_kurtosis": {
        "mean": 13.2842884064,
        "stdev": 116.229888916
    },
    "melbands_skewness": {
        "mean": 1.17180979252,
        "stdev": 2.60528469086
    },
    "melbands_spread": {
        "mean": 11.0702581406,
        "stdev": 6.61339616776
    },
    "pitch_salience": {
        "mean": 0.522318124771,
        "stdev": 0.102322876453
    },
    "silence_rate_20dB": {
        "mean": 1,
        "stdev": 0
    },
    "silence_rate_30dB": {
        "mean": 0.993247389793,
        "stdev": 0.0818972662091
    },
    "silence_rate_60dB": {
        "mean": 0.110650703311,
        "stdev": 0.313695251942
    },
    "spectral_centroid": {
        "mean": 710.349060059,
        "stdev": 256.306793213
    },
    "spectral_complexity": {
        "mean": 10.7200737,
        "stdev": 3.6825492382
    },
    "spectral_decrease": {
        "mean": -5.10759345929e-09,
        "stdev": 4.75569850167e-09
    },
    "spectral_energy": {
        "mean": 0.0204806998372,
        "stdev": 0.019078027457
    },
    "spectral_energyband_high": {
        "mean": 1.75021414179e-05,
        "stdev": 2.5500636184e-05
    },
    "spectral_energyband_low": {
        "mean": 0.000529685406946,
        "stdev": 0.0008594263345
    },
    "spectral_energyband_middle_high": {
        "mean": 0.00521756988019,
        "stdev": 0.00804101768881
    },
    "spectral_energyband_middle_low": {
        "mean": 0.014842486009,
        "stdev": 0.0143951363862
    },
    "spectral_entropy": {
        "mean": 6.12169313431,
        "stdev": 0.398012816906
    },
    "spectral_flux": {
        "mean": 0.0460754819214,
        "stdev": 0.0280892699957
    },
    "spectral_kurtosis": {
        "mean": 40.5914535522,
        "stdev": 35.860660553
    },
    "spectral_rms": {
        "mean": 0.00403675809503,
        "stdev": 0.00191983976401
    },
    "spectral_rolloff": {
        "mean": 930.852355957,
        "stdev": 454.036987305
    },
    "spectral_skewness": {
        "mean": 4.23759651184,
        "stdev": 1.960922122
    },
    "spectral_spread": {
        "mean": 1638176.25,
        "stdev": 872623.25
    },
    "spectral_strongpeak": {
        "mean": 1.72066283226,
        "stdev": 1.3286178112
    },
    "zerocrossingrate": {
        "mean": 0.0335984863341,
        "stdev": 0.0132531579584
    },
    "barkbands": {
        "mean": [0.000150346546434, 0.000248984986683, 8.72274758876e-05, 0.000260697008343, 0.00142678595148, 0.00318503007293, 0.00358258443885, 0.00240240525454, 0.0037984426599, 0.00196116347797, 0.0013338214485, 0.000543375848792, 0.000624291657005, 0.000292669836199, 0.000281524233287, 0.000159308037837, 9.90309854387e-05, 1.23239833556e-05, 7.45449733586e-06, 1.1829442883e-05, 3.69045460502e-06, 3.21757966049e-06, 2.34401318266e-06, 1.98702218768e-06, 1.75515637579e-07, 6.60295262911e-10, 7.0286387821e-10],
        "stdev": [0.000246362178586, 0.00057316175662, 0.00017605118046, 0.000908942252863, 0.00366700417362, 0.00464983610436, 0.00598744675517, 0.00517685292289, 0.00676104612648, 0.00586021738127, 0.00365801691078, 0.00122424925212, 0.00142282457091, 0.00102067622356, 0.000533931073733, 0.000479891139548, 0.000303910928778, 3.94556445826e-05, 1.34800739033e-05, 2.24535779125e-05, 6.38644041828e-06, 5.36168909093e-06, 3.95936103814e-06, 3.12059114549e-06, 4.41347197011e-07, 1.3441991964e-09, 1.43140022058e-09]
    },
    "erbbands": {
        "mean": [0.00732408510521, 0.0558624379337, 0.122632183135, 0.505108177662, 2.19989848137, 5.5530834198, 16.0106906891, 27.6330184937, 44.3645935059, 53.1817817688, 63.6914176941, 98.9805450439, 35.6884002686, 70.9456787109, 58.8438835144, 27.1832485199, 31.5830764771, 16.5320396423, 15.1490106583, 13.5790147781, 6.65227842331, 5.26623010635, 1.79072070122, 0.549594402313, 0.356459498405, 0.650371789932, 0.195210903883, 0.159624710679, 0.0922096148133, 0.106936834753, 0.0621011704206, 0.0500364080071, 0.0241836141795, 0.00523578189313, 0.000162717202329, 2.12088325497e-05, 9.01100247575e-06, 2.38797974816e-06, 1.03605880213e-05, 2.35345996771e-05],
        "stdev": [0.00995520409197, 0.155026346445, 0.266871809959, 1.51666295528, 5.90727138519, 16.5225391388, 25.570482254, 41.7983398438, 77.0822525024, 98.7417449951, 120.071746826, 178.959182739, 74.6411743164, 209.89239502, 166.11428833, 55.4040031433, 66.4605331421, 58.5431442261, 30.6295089722, 25.8524208069, 26.8775463104, 15.6041593552, 6.96807384491, 0.893371105194, 0.676474928856, 1.24767065048, 0.3487380445, 0.273941546679, 0.155031710863, 0.188310533762, 0.107007481158, 0.0795930325985, 0.0408414676785, 0.00940115563571, 0.000268081523245, 2.12373870454e-05, 8.3882096078e-06, 2.34164417634e-06, 9.6152361948e-06, 2.19108005695e-05]
    },
    "gfcc": {
        "mean": [-134.813568115, 188.481796265, -156.505584717, -15.690908432, -71.783493042, -2.0048596859, -25.9728393555, -16.562379837, 8.65624237061, -15.9981908798, 12.5261964798, -13.4907722473, 10.2001686096],
        "cov": [[7104.16503906, -544.694519043, -1579.56005859, -337.33001709, -605.532043457, -255.168106079, -384.637542725, 110.801422119, 7.3513250351, -86.996131897, 23.227930069, -108.027404785, 111.646057129], [-544.694519043, 1082.98669434, 572.276000977, -579.77722168, 396.995269775, -135.644134521, 121.467636108, -97.1748428345, -128.000411987, 7.23476886749, -109.160079956, -39.5367164612, -178.970321655], [-1579.56005859, 572.276000977, 778.006469727, -89.9508743286, 194.415603638, -23.2364788055, 100.914016724, -75.6526412964, -100.900245667, 1.78635406494, -23.6920814514, -5.14839410782, -101.973434448], [-337.33001709, -579.77722168, -89.9508743286, 741.194213867, -126.386901855, 105.852111816, -121.090591431, 12.9869327545, 69.7408447266, -53.4058990479, 36.5615196228, 10.6246871948, 115.037345886], [-605.532043457, 396.995269775, 194.415603638, -126.386901855, 401.370788574, -1.32204246521, 45.1564292908, -8.79098415375, -13.396396637, -2.22980880737, -110.493400574, -25.7369766235, -67.7730178833], [-255.168106079, -135.644134521, -23.2364788055, 105.852111816, -1.32204246521, 164.328704834, 51.2342720032, 6.10487222672, 8.49573802948, 17.1337242126, 28.5198535919, -11.7914056778, 20.8562831879], [-384.637542725, 121.467636108, 100.914016724, -121.090591431, 45.1564292908, 51.2342720032, 182.994018555, 41.8272819519, -31.4820022583, 9.13887214661, -0.531080186367, -4.99044322968, -49.372592926], [110.801422119, -97.1748428345, -75.6526412964, 12.9869327545, -8.79098415375, 6.10487222672, 41.8272819519, 134.017379761, 48.3996162415, -29.433839798, -15.2823038101, -0.300346940756, 3.76861739159], [7.3513250351, -128.000411987, -100.900245667, 69.7408447266, -13.396396637, 8.49573802948, -31.4820022583, 48.3996162415, 140.678192139, 48.9904708862, -3.99329948425, 9.75658893585, 28.9076213837], [-86.996131897, 7.23476886749, 1.78635406494, -53.4058990479, -2.22980880737, 17.1337242126, 9.13887214661, -29.433839798, 48.9904708862, 134.87361145, 66.1893310547, -6.16964673996, -7.7689576149], [23.227930069, -109.160079956, -23.6920814514, 36.5615196228, -110.493400574, 28.5198535919, -0.531080186367, -15.2823038101, -3.99329948425, 66.1893310547, 142.826385498, 44.7944488525, 3.8619427681], [-108.027404785, -39.5367164612, -5.14839410782, 10.6246871948, -25.7369766235, -11.7914056778, -4.99044322968, -0.300346940756, 9.75658893585, -6.16964673996, 44.7944488525, 98.7546081543, 38.0786819458], [111.646057129, -178.970321655, -101.973434448, 115.037345886, -67.7730178833, 20.8562831879, -49.372592926, 3.76861739159, 28.9076213837, -7.7689576149, 3.8619427681, 38.0786819458, 125.381904602]],
        "icov": [[0.000558095693123, -0.00105152721517, 0.00151500897482, -0.000137209193781, 0.0010781257879, -4.18623567384e-05, 0.00115747260861, -0.00107358815148, 0.00101158407051, -0.00040471466491, 0.000223960596486, 0.000363637023838, 6.22846200713e-05], [-0.00105152721517, 0.00875028781593, -0.00599089218304, 0.00430673640221, -0.00637963088229, 0.00335062923841, -0.00364248757251, 0.00615715561435, -0.00405150139704, 0.00491923652589, -0.00338283763267, 0.00256855064072, -0.000459430826595], [0.00151500897482, -0.00599089218304, 0.00749252922833, -0.00270929839462, 0.00422719772905, -0.000917001045309, 0.00258972216398, -0.00379179045558, 0.00459886714816, -0.00341047206894, 0.00218405365013, -0.00108403642662, 0.00124056939967], [-0.000137209193781, 0.00430673640221, -0.00270929839462, 0.00498624518514, -0.00290588662028, 0.000421655684477, 9.18859150261e-05, 0.0032773592975, -0.00394592201337, 0.00592394871637, -0.00435003265738, 0.0036765858531, -0.00191768689547], [0.0010781257879, -0.00637963088229, 0.00422719772905, -0.00290588662028, 0.00989081989974, -0.0042957123369, 0.00473244301975, -0.00635031564161, 0.00578096881509, -0.00810605846345, 0.00978280138224, -0.00549293123186, 0.00368486810476], [-4.18623567384e-05, 0.00335062923841, -0.000917001045309, 0.000421655684477, -0.0042957123369, 0.012338815257, -0.00694822939113, 0.00498690083623, -0.00380004197359, 0.00500431098044, -0.00745668308809, 0.0069344798103, -0.0042632156983], [0.00115747260861, -0.00364248757251, 0.00258972216398, 9.18859150261e-05, 0.00473244301975, -0.00694822939113, 0.0151031622663, -0.0104075940326, 0.00856777187437, -0.00778083736077, 0.00675082718953, -0.00512169441208, 0.00465595116839], [-0.00107358815148, 0.00615715561435, -0.00379179045558, 0.0032773592975, -0.00635031564161, 0.00498690083623, -0.0104075940326, 0.0203725155443, -0.0142861092463, 0.014907291159, -0.00982952211052, 0.00716519774869, -0.00297470134683], [0.00101158407051, -0.00405150139704, 0.00459886714816, -0.00394592201337, 0.00578096881509, -0.00380004197359, 0.00856777187437, -0.0142861092463, 0.0236248690635, -0.020350093022, 0.0155924567953, -0.0107501149178, 0.00431360863149], [-0.00040471466491, 0.00491923652589, -0.00341047206894, 0.00592394871637, -0.00810605846345, 0.00500431098044, -0.00778083736077, 0.014907291159, -0.020350093022, 0.032011654228, -0.0244100447744, 0.0167074669152, -0.00719970092177], [0.000223960596486, -0.00338283763267, 0.00218405365013, -0.00435003265738, 0.00978280138224, -0.00745668308809, 0.00675082718953, -0.00982952211052, 0.0155924567953, -0.0244100447744, 0.0315930172801, -0.0198772437871, 0.0101775880903], [0.000363637023838, 0.00256855064072, -0.00108403642662, 0.0036765858531, -0.00549293123186, 0.0069344798103, -0.00512169441208, 0.00716519774869, -0.0107501149178, 0.0167074669152, -0.0198772437871, 0.0255894288421, -0.0109126847237], [6.22846200713e-05, -0.000459430826595, 0.00124056939967, -0.00191768689547, 0.00368486810476, -0.0042632156983, 0.00465595116839, -0.00297470134683, 0.00431360863149, -0.00719970092177, 0.0101775880903, -0.0109126847237, 0.0162166450173]]
    },
    "melbands": {
        "mean": [7.80460613896e-05, 6.7668799602e-05, 0.000111846668005, 0.000303244829411, 0.00049349834444, 0.000610981951468, 0.000696387898643, 0.00055766600417, 0.000578637234867, 0.000563959940337, 0.000166087324033, 0.000300016399706, 0.000188291698578, 8.88304493856e-05, 6.86329149175e-05, 6.1712358729e-05, 2.547764052e-05, 2.34689923673e-05, 1.86576289707e-05, 1.5841145796e-05, 5.99693476033e-06, 5.28148120793e-06, 3.83584801966e-06, 5.78499168569e-07, 4.03758377843e-07, 2.34872402416e-07, 3.10453543761e-07, 4.47137409765e-07, 1.36312735322e-07, 7.0939684349e-08, 1.05215342217e-07, 5.2217028923e-08, 5.29072572419e-08, 6.14853377101e-08, 3.87297198756e-08, 2.7467503827e-08, 2.94593274219e-08, 1.69134839467e-08, 1.31549535709e-08, 1.38248301695e-09],
        "stdev": [0.000124550890177, 0.000169931954588, 0.000305030756863, 0.00099470175337, 0.000738395145163, 0.000905318127479, 0.00118984526489, 0.00102062767837, 0.000988324522041, 0.00102754367981, 0.000395477341954, 0.000934384646825, 0.000505475036334, 0.000211330436287, 0.000136655129609, 0.000172084051883, 9.81534394668e-05, 5.32384219696e-05, 3.70657471649e-05, 3.49736437784e-05, 3.51259186573e-05, 1.64693428815e-05, 1.83828997251e-05, 1.73984767571e-06, 7.67105518662e-07, 5.32733224645e-07, 6.72322642004e-07, 9.45224655879e-07, 2.84316769239e-07, 1.59010340894e-07, 1.98950147023e-07, 1.0597755562e-07, 9.8810005511e-08, 1.15675881318e-07, 7.45872767993e-08, 4.90960481159e-08, 5.11578406304e-08, 3.23347997266e-08, 2.65463757643e-08, 3.71267305788e-09]
    },
    "melbands128": {
        "mean": [8.31749784993e-05, 6.09492890362e-05, 8.22403962957e-05, 9.85307779047e-05, 7.03059413354e-05, 3.82397010981e-05, 8.92992320587e-05, 0.000141940021422, 0.000142563090776, 0.000458464230178, 0.000337476492859, 0.000228089193115, 0.000458561757114, 0.000962406105828, 0.000734080036636, 0.000331744988216, 0.000355366646545, 0.000973353220616, 0.000652407761663, 0.000635166943539, 0.00044806394726, 0.000482340110466, 0.000493771629408, 0.0007033268339, 0.000944557890762, 0.000332780968165, 0.000142007789691, 9.64003484114e-05, 0.000164270677487, 0.000539824541193, 0.000212920160266, 0.000115110531624, 0.000216310101678, 0.000272738310741, 5.68427203689e-05, 6.88093423378e-05, 6.43874664092e-05, 4.9393682275e-05, 0.000101221179648, 6.87983629177e-05, 4.51076302852e-05, 6.15105600446e-05, 2.03435592994e-05, 8.72181135492e-06, 2.80070180452e-05, 2.10351772694e-05, 3.24923130393e-05, 1.18018006106e-05, 1.36687394843e-05, 2.802146264e-05, 1.50466903506e-05, 7.6848500612e-06, 8.81068535818e-06, 3.36066955242e-06, 2.81789766632e-06, 6.91435434419e-06, 4.46427839051e-06, 8.48707804835e-06, 1.11235544864e-06, 6.95254300354e-07, 5.60428418339e-07, 4.59317192281e-07, 7.10027961759e-07, 2.31059971156e-07, 2.36651189311e-07, 2.05853339708e-07, 3.27868349359e-07, 1.35436380333e-07, 2.33240555758e-07, 6.233840395e-07, 5.29827048013e-07, 4.12738870637e-07, 1.28305202907e-07, 1.1233831998e-07, 6.43548432322e-08, 7.23373361211e-08, 7.00417785993e-08, 8.1370153282e-08, 1.18793742843e-07, 1.37961308155e-07, 3.16328119254e-08, 2.69078395121e-08, 5.41854241476e-08, 4.22756585294e-08, 7.58722151772e-08, 5.12882465387e-08, 7.91952388113e-08, 3.719043562e-08, 4.35845812774e-08, 2.59368579947e-08, 2.81283831782e-08, 1.40378952906e-08, 5.33025854565e-08, 2.52870719919e-08, 2.78135896536e-08, 1.10420854682e-08, 1.86587918449e-08, 1.47804737338e-08, 1.98779108729e-08, 7.00507518658e-09, 3.1214983931e-09, 4.45322528853e-11, 6.06619745755e-12, 5.65063404054e-12, 5.39569604274e-12, 5.15783639757e-12, 4.93552247682e-12, 4.72761716927e-12, 4.53304147691e-12, 4.35142763835e-12, 4.18148285095e-12, 4.02300632044e-12, 3.87563071913e-12, 3.73841539322e-12, 3.61132955137e-12, 3.49351493914e-12, 3.38496331659e-12, 3.28533706316e-12, 3.19427340481e-12, 3.11160580808e-12, 3.03726076407e-12, 2.97102967228e-12, 2.91295459975e-12, 2.863091925e-12, 2.82157045124e-12, 2.78854565307e-12, 2.7643367196e-12, 2.74943891439e-12],
        "stdev": [0.000132175468025, 8.96909477888e-05, 0.000161095667863, 0.000315872835927, 0.000189361526282, 7.43043274269e-05, 0.000288217939669, 0.000501494505443, 0.000335630902555, 0.00169536971953, 0.00135734083597, 0.000499699031934, 0.0010698082624, 0.00174107798375, 0.00129196373746, 0.000901609717403, 0.000841487315483, 0.00207842397504, 0.00136801833287, 0.00169356737752, 0.00123454921413, 0.00151374540292, 0.00117710290942, 0.00145307776984, 0.00206087180413, 0.000915386539418, 0.000757549423724, 0.000301506661344, 0.000576195889153, 0.00194309302606, 0.000709380605258, 0.000359849684173, 0.00060165382456, 0.0011419536313, 0.000172363041202, 0.000220517191337, 0.000196656750632, 0.000225106516154, 0.000212788538192, 0.000194231950445, 0.000263567664661, 0.000344119267538, 9.01634193724e-05, 3.08139351546e-05, 0.000110846900498, 4.99660745845e-05, 9.31361792027e-05, 4.72878891742e-05, 3.74515984731e-05, 7.47680969653e-05, 5.0576923968e-05, 2.56093608186e-05, 8.03118527983e-05, 1.95879911189e-05, 1.31694359879e-05, 2.82006112684e-05, 1.99622299988e-05, 4.96028769703e-05, 6.58807903164e-06, 6.10784491073e-06, 1.47926482441e-06, 1.18658090287e-06, 1.8175395553e-06, 4.96542611472e-07, 9.64572677731e-07, 4.99141549426e-07, 1.05744300072e-06, 4.66482532602e-07, 1.11905706035e-06, 1.34516903927e-06, 1.2508060081e-06, 1.50905486862e-06, 3.46600131707e-07, 4.0825909764e-07, 2.2695762425e-07, 2.74144980494e-07, 2.24872962917e-07, 2.71901114957e-07, 3.03380232936e-07, 3.57554114316e-07, 1.54920513751e-07, 1.00826731853e-07, 1.54085597615e-07, 1.12595671453e-07, 2.04730838504e-07, 1.28613393713e-07, 1.82250488479e-07, 1.24628073195e-07, 1.25016498487e-07, 7.72953114847e-08, 7.55047651069e-08, 4.08873255253e-08, 1.05878740442e-07, 5.32540447296e-08, 8.84958026859e-08, 3.14186081596e-08, 5.68286040448e-08, 3.2831952268e-08, 5.43054952118e-08, 1.85878139547e-08, 1.0281655527e-08, 1.40134293058e-09, 1.20508629117e-11, 1.14982467991e-11, 1.09816357396e-11, 1.04977060031e-11, 1.00454826749e-11, 9.62262301091e-12, 9.22695253536e-12, 8.8577391949e-12, 8.51218401321e-12, 8.18994091295e-12, 7.89030906584e-12, 7.61126925375e-12, 7.35285009962e-12, 7.11331687997e-12, 6.89258372599e-12, 6.69000358583e-12, 6.5048097117e-12, 6.33670676695e-12, 6.18546316597e-12, 6.05074150506e-12, 5.93259859641e-12, 5.83119056513e-12, 5.74673164958e-12, 5.67954711039e-12, 5.63035859255e-12, 5.6000217484e-12]
    },
    "mfcc": {
        "mean": [-762.600585938, 206.668411255, -14.8406763077, -20.2885513306, -15.3652563095, -4.93180847168, -16.1931686401, -5.34969949722, -6.2963924408, 2.93718457222, -4.42989063263, 4.82499742508, 4.35024166107],
        "cov": [[6037.03759766, -198.438552856, -1344.85095215, -120.068565369, -535.24621582, -249.042877197, -563.786254883, -49.522403717, -211.690643311, 81.496383667, -258.13369751, 94.8537979126, 5.13590145111], [-198.438552856, 1657.83056641, 68.2550964355, -371.92980957, 24.2390975952, -118.236869812, 183.751800537, -124.10848999, -12.3013525009, -59.0272254944, 167.478546143, -154.670303345, -87.107963562], [-1344.85095215, 68.2550964355, 656.284179688, 86.4438781738, 63.836643219, 27.5408306122, 125.572723389, 0.208157017827, -43.4009170532, -63.3013763428, 30.7901077271, -37.888999939, 5.4178943634], [-120.068565369, -371.92980957, 86.4438781738, 305.455322266, 106.940063477, 35.5555114746, -43.4134216309, 26.0131282806, 14.9420995712, -25.4195327759, -52.7658424377, 11.5505218506, -7.82938194275], [-535.24621582, 24.2390975952, 63.836643219, 106.940063477, 277.167205811, 71.8661346436, 6.32562875748, -8.22042655945, 64.1336975098, -0.90933483839, -8.51932239532, -20.412946701, -13.4894447327], [-249.042877197, -118.236869812, 27.5408306122, 35.5555114746, 71.8661346436, 151.570556641, 37.3001098633, -28.4870929718, 10.118265152, 22.0273246765, 1.91081321239, -10.6167621613, -6.23465681076], [-563.786254883, 183.751800537, 125.572723389, -43.4134216309, 6.32562875748, 37.3001098633, 228.046722412, 38.6863250732, -0.10791939497, -12.7527656555, 57.5341262817, -48.5042152405, -21.435344696], [-49.522403717, -124.10848999, 0.208157017827, 26.0131282806, -8.22042655945, -28.4870929718, 38.6863250732, 155.854934692, 44.3707084656, -25.0759925842, -29.3046169281, 21.0747318268, 12.0737657547], [-211.690643311, -12.3013525009, -43.4009170532, 14.9420995712, 64.1336975098, 10.118265152, -0.10791939497, 44.3707084656, 156.076293945, 39.2504310608, -16.5160312653, -22.1659393311, -16.2940235138], [81.496383667, -59.0272254944, -63.3013763428, -25.4195327759, -0.90933483839, 22.0273246765, -12.7527656555, -25.0759925842, 39.2504310608, 140.85043335, 33.9682693481, -23.7398147583, -8.58692455292], [-258.13369751, 167.478546143, 30.7901077271, -52.7658424377, -8.51932239532, 1.91081321239, 57.5341262817, -29.3046169281, -16.5160312653, 33.9682693481, 156.152572632, 8.98959922791, -36.5627708435], [94.8537979126, -154.670303345, -37.888999939, 11.5505218506, -20.412946701, -10.6167621613, -48.5042152405, 21.0747318268, -22.1659393311, -23.7398147583, 8.98959922791, 167.537582397, 57.6274833679], [5.13590145111, -87.107963562, 5.4178943634, -7.82938194275, -13.4894447327, -6.23465681076, -21.435344696, 12.0737657547, -16.2940235138, -8.58692455292, -36.5627708435, 57.6274833679, 138.338989258]],
        "icov": [[0.000710320076905, -0.000415751594119, 0.00124295032583, -0.000680986500811, 0.0010863103671, -7.94705847511e-05, 0.00104110618122, -0.000539977278095, 0.0014009072911, -0.000785959418863, 0.0011341542704, -8.05621384643e-05, 0.000384944636608], [-0.000415751594119, 0.00186290126294, -0.000715735426638, 0.00222195195965, -0.00171118357684, 0.00180760794319, -0.00152423139662, 0.00182015262544, -0.00126806134358, 0.00191966118291, -0.00163201906253, 0.00108566251583, -5.19846689713e-05], [0.00124295032583, -0.000715735426638, 0.00418542837724, -0.00192388356663, 0.00161127501633, 2.03920772037e-05, 0.000723959354218, -0.000648390850984, 0.00287488778122, -0.000616162491497, 0.00148275913671, 0.000386550993426, 8.84103064891e-05], [-0.000680986500811, 0.00222195195965, -0.00192388356663, 0.00737633556128, -0.0038085731212, 0.00119679095224, -0.000637765857391, 0.00091382249957, -0.00128672423307, 0.00245292531326, -0.000963909260463, 0.000738900853321, 0.000859322026372], [0.0010863103671, -0.00171118357684, 0.00161127501633, -0.0038085731212, 0.00777976773679, -0.00326493009925, 0.00237043504603, -0.00094505189918, -0.000125492369989, -0.00113455276005, 0.00173804105725, -0.000356819888111, 0.000187569617992], [-7.94705847511e-05, 0.00180760794319, 2.03920772037e-05, 0.00119679095224, -0.00326493009925, 0.0109560703859, -0.00388903706335, 0.00413291202858, -0.000478481029859, -0.000236977735767, 0.000325365515891, 2.63077508862e-05, 0.000424149096943], [0.00104110618122, -0.00152423139662, 0.000723959354218, -0.000637765857391, 0.00237043504603, -0.00388903706335, 0.00978925265372, -0.00511139445007, 0.00261289021, -0.000549623160623, -0.00108887790702, 0.00202265335247, 9.92169443634e-05], [-0.000539977278095, 0.00182015262544, -0.000648390850984, 0.00091382249957, -0.00094505189918, 0.00413291202858, -0.00511139445007, 0.0116639705375, -0.00496092764661, 0.00298151723109, 0.000392466812627, -0.00118424347602, -0.000274829362752], [0.0014009072911, -0.00126806134358, 0.00287488778122, -0.00128672423307, -0.000125492369989, -0.000478481029859, 0.00261289021, -0.00496092764661, 0.0124978255481, -0.00505749182776, 0.00360392010771, 0.000241873887717, 0.00177801155951], [-0.000785959418863, 0.00191966118291, -0.000616162491497, 0.00245292531326, -0.00113455276005, -0.000236977735767, -0.000549623160623, 0.00298151723109, -0.00505749182776, 0.0121903726831, -0.0054603824392, 0.00314251775853, -0.00165705324616], [0.0011341542704, -0.00163201906253, 0.00148275913671, -0.000963909260463, 0.00173804105725, 0.000325365515891, -0.00108887790702, 0.000392466812627, 0.00360392010771, -0.0054603824392, 0.0127301206812, -0.00424034474418, 0.00401528924704], [-8.05621384643e-05, 0.00108566251583, 0.000386550993426, 0.000738900853321, -0.000356819888111, 2.63077508862e-05, 0.00202265335247, -0.00118424347602, 0.000241873887717, 0.00314251775853, -0.00424034474418, 0.00978411920369, -0.00387647445314], [0.000384944636608, -5.19846689713e-05, 8.84103064891e-05, 0.000859322026372, 0.000187569617992, 0.000424149096943, 9.92169443634e-05, -0.000274829362752, 0.00177801155951, -0.00165705324616, 0.00401528924704, -0.00387647445314, 0.010086142458]]
    },
    "spectral_contrast_coeffs": {
        "mean": [-0.648102223873, -0.664706587791, -0.694403350353, -0.710920333862, -0.716577470303, -0.710671126842],
        "stdev": [0.0830955952406, 0.0754100158811, 0.0803581550717, 0.0613096021116, 0.078393176198, 0.0786055251956]
    },
    "spectral_contrast_valleys": {
        "mean": [-7.89237833023, -6.82150650024, -7.88052558899, -8.89952659607, -10.5732288361, -14.0213727951],
        "stdev": [0.751882374287, 1.0776321888, 1.00949823856, 0.978736579418, 0.911732554436, 0.577980160713]
    }
},
"rhythm": {
    "beats_count": 305,
    "beats_loudness": {
        "mean": 0.0233096256852,
        "stdev": 0.0195527598262
    },
    "bpm": 135.382537842,
    "bpm_histogram_first_peak_bpm": 136,
    "bpm_histogram_first_peak_weight": 0.542372882366,
    "bpm_histogram_second_peak_bpm": 129,
    "bpm_histogram_second_peak_spread": 0.491525411606,
    "bpm_histogram_second_peak_weight": 0.0986842140555,
    "danceability": 0.867831170559,
    "onset_rate": 2.16141748428,
    "beats_loudness_band_ratio": {
        "mean": [0.0835861638188, 0.242365032434, 0.454846441746, 0.206678032875, 0.0365327931941, 0.0018719577929],
        "stdev": [0.134707465768, 0.195732146502, 0.224356755614, 0.181695371866, 0.0513847582042, 0.00410960335284]
    },
    "beats_position": [0.615328788757, 1.24226760864, 1.86920630932, 2.49614500999, 3.11147379875, 3.72680258751, 4.34213161469, 4.95746040344, 5.5727891922, 6.1648979187, 6.7570066452, 7.3491153717, 7.94122457504, 8.53333282471, 9.0093421936, 9.4853515625, 9.96135997772, 10.47219944, 10.9830379486, 11.4938774109, 11.9931058884, 12.4923353195, 13.0147848129, 13.5372333527, 14.0480718613, 14.5589113235, 15.0697498322, 15.5921993256, 16.114648819, 16.5906581879, 17.0666656494, 17.5426750183, 17.995464325, 18.4482536316, 18.9010429382, 19.365442276, 19.8182315826, 20.2826309204, 20.7354183197, 21.1998176575, 21.6526069641, 22.1170063019, 22.5697956085, 23.0225849152, 23.4753742218, 23.9165534973, 24.3577327728, 24.8105201721, 25.2516994476, 25.6928787231, 26.1224479675, 26.563627243, 27.0048065186, 27.4459857941, 27.8871650696, 28.3283443451, 28.7695236206, 29.199092865, 29.6402721405, 30.081451416, 30.5226306915, 30.9638080597, 31.4049873352, 31.8461666107, 32.2989578247, 32.7401351929, 33.1813163757, 33.6224937439, 34.0636711121, 34.5048522949, 34.9460296631, 35.3872108459, 35.8283882141, 36.269569397, 36.7107467651, 37.151927948, 37.5931053162, 38.034286499, 38.4754638672, 38.91664505, 39.3578224182, 39.7873916626, 40.216960907, 40.6581382751, 41.099319458, 41.5288887024, 41.981678009, 42.4228553772, 42.8756446838, 43.3168258667, 43.7696151733, 44.2340126038, 44.6984100342, 45.1628112793, 45.6272087097, 46.1032180786, 46.5676193237, 47.0320167542, 47.4964179993, 47.9724235535, 48.4484329224, 48.9244422913, 49.3888435364, 49.8532409668, 50.3292503357, 50.8052597046, 51.2928771973, 51.7572784424, 52.2332878113, 52.7092971802, 53.1853065491, 53.6264839172, 54.0676651001, 54.5204544067, 54.9732398987, 55.4840812683, 55.9949188232, 56.5057601929, 57.0282058716, 57.5390472412, 58.0498847961, 58.5607261658, 59.0715637207, 59.5940132141, 60.1164627075, 60.6505203247, 61.1729698181, 61.683807373, 62.1946487427, 62.7170982361, 63.2395439148, 63.7619934082, 64.2728347778, 64.7952804565, 65.3177337646, 65.8517913818, 66.385848999, 67.0127868652, 67.6397247314, 68.2666625977, 68.9168243408, 69.566986084, 70.1358718872, 70.7047576904, 71.2504272461, 71.7960968018, 72.3533782959, 72.8293838501, 73.3053970337, 73.7930145264, 74.2690200806, 74.7450332642, 75.2210388184, 75.697052002, 76.1498413086, 76.6026306152, 77.0554199219, 77.5082092285, 77.9609985352, 78.4137878418, 78.8433532715, 79.2729263306, 79.7024917603, 80.1320648193, 80.561630249, 80.9912033081, 81.4207687378, 81.8503417969, 82.2799072266, 82.6978683472, 83.1274337769, 83.5453948975, 83.9633560181, 84.3929214478, 84.8224945068, 85.263671875, 85.7164611816, 86.1692504883, 86.6336517334, 87.08644104, 87.5392303467, 87.9804077148, 88.421585083, 88.8627624512, 89.3155517578, 89.7683410645, 90.244354248, 90.7203598022, 91.2079772949, 91.695602417, 92.1948318481, 92.6940536499, 93.181678772, 93.7157363892, 94.2497940063, 94.7838516235, 95.3643493652, 95.9564590454, 96.5485687256, 97.1755065918, 97.802444458, 98.4990463257, 99.1956481934, 99.8806304932, 100.565620422, 101.250610352, 101.935600281, 102.678634644, 103.421676636, 104.164710999, 104.907752991, 105.581130981, 106.254508972, 106.916282654, 107.578048706, 108.251426697, 108.831924438, 109.424034119, 110.016143799, 110.608253479, 111.177139282, 111.711196899, 112.245262146, 112.779319763, 113.23210907, 113.684898376, 114.137687683, 114.59047699, 115.043266296, 115.507659912, 115.960449219, 116.424850464, 116.866027832, 117.330429077, 117.794830322, 118.259223938, 118.723625183, 119.292518616, 119.861404419, 120.441902161, 121.022399902, 121.602897644, 122.160179138, 122.717460632, 123.286346436, 123.797187805, 124.308021545, 124.818862915, 125.28326416, 125.759269714, 126.235282898, 126.688072205, 127.140861511, 127.593650818, 128.034820557, 128.487609863, 128.952011108, 129.428024292, 129.904037476, 130.356826782, 130.821228027, 131.285614014, 131.726806641, 132.167984009, 132.609161377, 133.038726807, 133.491516113, 133.932693481, 134.385482788, 134.838272095, 135.279449463, 135.720626831, 136.161804199, 136.602996826, 137.044174194, 137.508575439, 137.972961426, 138.448974609, 138.924987793, 139.389389038, 139.853790283, 140.30657959, 140.770965576, 141.281814575, 141.781036377, 142.291885376, 142.802719116, 143.313552856, 143.836013794, 144.335235596, 144.846069336, 145.356918335, 145.798095703, 146.227661133, 146.657226562, 147.086807251, 147.446716309, 147.818222046, 148.189743042, 148.561264038, 148.932785034, 149.30430603, 149.675827026, 150.047348022, 150.430480957],
    "bpm_histogram": [0, 0, 0, 0, 0, 0, 0, 0, 0, 0, 0, 0, 0, 0, 0, 0, 0, 0, 0, 0, 0, 0, 0, 0, 0, 0, 0, 0, 0, 0, 0, 0, 0, 0, 0, 0, 0, 0, 0, 0, 0, 0, 0, 0, 0, 0, 0, 0, 0, 0, 0, 0, 0, 0, 0, 0, 0, 0, 0, 0, 0, 0, 0, 0, 0, 0, 0, 0, 0, 0, 0, 0, 0, 0, 0, 0, 0, 0, 0, 0, 0, 0.0131578948349, 0, 0, 0, 0, 0.00657894741744, 0, 0.0131578948349, 0.0098684206605, 0, 0.00657894741744, 0.00657894741744, 0, 0, 0, 0.0263157896698, 0, 0.0164473690093, 0, 0, 0.0328947380185, 0, 0.0164473690093, 0, 0.019736841321, 0, 0, 0.0098684206605, 0, 0.00657894741744, 0, 0.0296052638441, 0, 0, 0.0460526309907, 0, 0.082236841321, 0, 0, 0.019736841321, 0, 0, 0.0164473690093, 0, 0, 0.0953947380185, 0, 0, 0.0986842140555, 0, 0, 0, 0.141447365284, 0, 0, 0.177631571889, 0, 0, 0, 0.0690789446235, 0, 0, 0, 0.0098684206605, 0, 0, 0, 0, 0, 0, 0, 0, 0, 0, 0, 0, 0.00328947370872, 0, 0, 0, 0.019736841321, 0.00328947370872, 0, 0, 0, 0, 0.00328947370872, 0, 0, 0, 0, 0, 0, 0, 0, 0, 0, 0, 0, 0, 0, 0, 0, 0, 0, 0, 0, 0, 0, 0, 0, 0, 0, 0, 0, 0, 0, 0, 0, 0, 0, 0, 0, 0, 0, 0, 0, 0, 0, 0, 0, 0, 0, 0, 0, 0, 0, 0, 0, 0, 0, 0, 0, 0, 0, 0, 0, 0, 0, 0, 0, 0, 0, 0, 0, 0, 0, 0, 0, 0, 0, 0, 0, 0, 0, 0, 0, 0, 0]
},
"tonal": {
    "chords_changes_rate": 0.0362074263394,
    "chords_number_rate": 0.0036821111571,
    "chords_strength": {
        "mean": 0.481588482857,
        "stdev": 0.107015229762
    },
    "hpcp_crest": {
        "mean": 19.5960922241,
        "stdev": 8.23621559143
    },
    "hpcp_entropy": {
        "mean": 1.28491508961,
        "stdev": 0.639805316925
    },
    "key_edma": {
        "strength": 0.806002140045,
        "key": "A",
        "scale": "minor"
    },
    "key_krumhansl": {
        "strength": 0.81714963913,
        "key": "A",
        "scale": "minor"
    },
    "key_temperley": {
        "strength": 0.820396482944,
        "key": "A",
        "scale": "minor"
    },
    "tuning_diatonic_strength": 0.530280053616,
    "tuning_equal_tempered_deviation": 0.000436028261902,
    "tuning_frequency": 440,
    "tuning_nontempered_energy_ratio": 0.58914077282,
    "hpcp": {
        "mean": [0.350299328566, 0.178683981299, 0.0436200276017, 0.0609173327684, 0.029535189271, 0.082939311862, 0.16178239882, 0.0860462263227, 0.0853918939829, 0.174683615565, 0.0973476544023, 0.0396724827588, 0.0654732212424, 0.03520334512, 0.10586592555, 0.177162826061, 0.0797778218985, 0.038987852633, 0.0882972404361, 0.0606804303825, 0.220762610435, 0.460626214743, 0.265948086977, 0.106608554721, 0.15268316865, 0.0676029548049, 0.0374151729047, 0.0678138658404, 0.0361234173179, 0.047463838011, 0.0785347372293, 0.0354614555836, 0.0421916618943, 0.0834586620331, 0.0507400929928, 0.187775865197],
        "stdev": [0.383294612169, 0.211833462119, 0.133775800467, 0.186805069447, 0.0804624259472, 0.158608958125, 0.292785853148, 0.151833534241, 0.161123350263, 0.32376524806, 0.185961201787, 0.110160447657, 0.180978342891, 0.0960613265634, 0.192957624793, 0.317760080099, 0.147662088275, 0.101955220103, 0.22659265995, 0.152648374438, 0.22374355793, 0.416670411825, 0.256958007812, 0.196424677968, 0.280620038509, 0.157826945186, 0.106742285192, 0.198726147413, 0.103761136532, 0.125036135316, 0.195844218135, 0.086695663631, 0.103201746941, 0.197396114469, 0.114843077958, 0.217010483146]
    },
    "chords_histogram": [30.0092048645, 7.0573797226, 2.33200359344, 3.19116282463, 0.859159231186, 6.93464231491, 0.245474070311, 19.7913475037, 1.35010743141, 10.2792263031, 0, 0, 0.122737035155, 0, 0.306842595339, 0, 1.44216012955, 0, 0, 0.214789807796, 0.767106473446, 1.41147589684, 12.3350725174, 1.35010743141],
    "thpcp": [1, 0.577362060547, 0.231442660093, 0.331468701363, 0.146763145924, 0.0812267586589, 0.147221028805, 0.0784224122763, 0.103041984141, 0.170495584607, 0.0769853144884, 0.0915963128209, 0.181185215712, 0.110154591501, 0.407653450966, 0.760484993458, 0.387915343046, 0.0946972295642, 0.132248952985, 0.0641196444631, 0.180057734251, 0.351222723722, 0.186802715063, 0.185382187366, 0.379230737686, 0.211337640882, 0.086127281189, 0.142139583826, 0.0764249712229, 0.229830443859, 0.384612977505, 0.173194274306, 0.0846409797668, 0.191689565778, 0.131734639406, 0.479266285896],
    "chords_key": "A",
    "chords_scale": "minor"
}
}