{
"metadata": {
    "version": {
        "essentia": "2.1-dev",
        "essentia_git_sha": "v2.1_beta3-415-gd5473f3",
        "extractor": "music 2.0"
    },
    "audio_properties": {
        "analysis": {
            "equal_loudness": 0,
            "length": 138.760314941,
            "sample_rate": 44100,
            "start_time": 0,
            "downmix": "mix"
        },
        "bit_rate": 64000,
        "length": 138.762451172,
        "lossless": 0,
        "number_channels": 2,
        "replay_gain": -5.99643135071,
        "sample_rate": 22050,
        "codec": "mp3",
        "md5_encoded": "e6ed7a288cea2de3f42f9547ec6565fa"
    },
    "tags": {
        "file_name": "saint_saens-Introduction_et_Marche_royale_du_Lion.mp3"
    }
},
"lowlevel": {
    "average_loudness": 0.483657449484,
    "barkbands_crest": {
        "mean": 10.5387706757,
        "stdev": 3.86978340149
    },
    "barkbands_flatness_db": {
        "mean": 0.265909940004,
        "stdev": 0.0569170899689
    },
    "barkbands_kurtosis": {
        "mean": 6.20076131821,
        "stdev": 34.0678253174
    },
    "barkbands_skewness": {
        "mean": 0.959111630917,
        "stdev": 1.75716924667
    },
    "barkbands_spread": {
        "mean": 8.51601028442,
        "stdev": 5.82974433899
    },
    "dissonance": {
        "mean": 0.418029785156,
        "stdev": 0.0499874129891
    },
    "dynamic_complexity": 6.03018140793,
    "erbbands_crest": {
        "mean": 11.9628553391,
        "stdev": 5.08065652847
    },
    "erbbands_flatness_db": {
        "mean": 0.305315077305,
        "stdev": 0.0655592679977
    },
    "erbbands_kurtosis": {
        "mean": 1.05807030201,
        "stdev": 2.14361190796
    },
    "erbbands_skewness": {
        "mean": 0.432522922754,
        "stdev": 0.700595736504
    },
    "erbbands_spread": {
        "mean": 16.3359947205,
        "stdev": 12.4395294189
    },
    "hfc": {
        "mean": 10.1433591843,
        "stdev": 11.820649147
    },
    "loudness_ebu128": {
        "integrated": -17.4666728973,
        "loudness_range": 9.35959720612,
        "momentary": {
            "mean": -24.0930480957,
            "stdev": 28.6044254303
        },
        "short_term": {
            "mean": -19.6079425812,
            "stdev": 6.85828924179
        }
    },
    "melbands_crest": {
        "mean": 12.6551809311,
        "stdev": 5.55832958221
    },
    "melbands_flatness_db": {
        "mean": 0.312456518412,
        "stdev": 0.0735735222697
    },
    "melbands_kurtosis": {
        "mean": 12.7611846924,
        "stdev": 89.2239990234
    },
    "melbands_skewness": {
        "mean": 1.34320032597,
        "stdev": 2.54375362396
    },
    "melbands_spread": {
        "mean": 13.8392925262,
        "stdev": 15.7556905746
    },
    "pitch_salience": {
        "mean": 0.572238683701,
        "stdev": 0.118676446378
    },
    "silence_rate_20dB": {
        "mean": 1,
        "stdev": 0
    },
    "silence_rate_30dB": {
        "mean": 0.993474960327,
        "stdev": 0.0805130675435
    },
    "silence_rate_60dB": {
        "mean": 0.207796558738,
        "stdev": 0.405713796616
    },
    "spectral_centroid": {
        "mean": 857.203552246,
        "stdev": 1160.22180176
    },
    "spectral_complexity": {
        "mean": 11.8137865067,
        "stdev": 6.47161436081
    },
    "spectral_decrease": {
        "mean": -4.41362413284e-09,
        "stdev": 5.2396407213e-09
    },
    "spectral_energy": {
        "mean": 0.0175780858845,
        "stdev": 0.0207866411656
    },
    "spectral_energyband_high": {
        "mean": 2.83709850919e-05,
        "stdev": 6.84102633386e-05
    },
    "spectral_energyband_low": {
        "mean": 0.00140547310002,
        "stdev": 0.00293959584087
    },
    "spectral_energyband_middle_high": {
        "mean": 0.00384169467725,
        "stdev": 0.00548936566338
    },
    "spectral_energyband_middle_low": {
        "mean": 0.012700073421,
        "stdev": 0.016796881333
    },
    "spectral_entropy": {
        "mean": 6.56425476074,
        "stdev": 0.60716688633
    },
    "spectral_flux": {
        "mean": 0.047710660845,
        "stdev": 0.0359853804111
    },
    "spectral_kurtosis": {
        "mean": 29.8443546295,
        "stdev": 32.5890312195
    },
    "spectral_rms": {
        "mean": 0.00351007422432,
        "stdev": 0.0021974304691
    },
    "spectral_rolloff": {
        "mean": 1102.17932129,
        "stdev": 1983.10192871
    },
    "spectral_skewness": {
        "mean": 3.26394534111,
        "stdev": 1.81724178791
    },
    "spectral_spread": {
        "mean": 2157595.5,
        "stdev": 4267183.5
    },
    "spectral_strongpeak": {
        "mean": 1.21540594101,
        "stdev": 1.11038517952
    },
    "zerocrossingrate": {
        "mean": 0.0391261391342,
        "stdev": 0.0536381565034
    },
    "barkbands": {
        "mean": [1.71433475771e-05, 0.000667890242767, 0.000494996435009, 0.000461052666651, 0.00226534204558, 0.00349394837394, 0.00226703821681, 0.00208899471909, 0.00172034709249, 0.00187680183444, 0.000495455053169, 0.000539085245691, 0.000481546216179, 0.000197070927243, 0.000182752046385, 0.000135031863465, 8.38756313897e-05, 3.54967814928e-05, 3.37797318934e-05, 2.41099169216e-05, 8.8651677288e-06, 4.65284983875e-06, 1.74580645762e-06, 9.68126641965e-07, 1.03663744255e-07, 5.06318820204e-10, 5.38851296916e-10],
        "stdev": [3.61683414667e-05, 0.00155561428983, 0.00134058960248, 0.00110680132639, 0.00450239190832, 0.0067432904616, 0.00499207666144, 0.00403646146879, 0.00463994080201, 0.00407904712483, 0.00129795994144, 0.000921322614886, 0.00158921128605, 0.000422624347266, 0.00030176495784, 0.000339562393492, 0.000176340487087, 7.4469106039e-05, 0.000102587560832, 6.83664402459e-05, 2.05272626772e-05, 1.83260090125e-05, 6.22988682153e-06, 3.6269143493e-06, 4.63887147362e-07, 1.07548681072e-09, 1.14576537147e-09]
    },
    "erbbands": {
        "mean": [0.010796145536, 0.179792657495, 0.558568120003, 1.18529987335, 3.90914511681, 8.53343200684, 17.4417152405, 29.0609951019, 30.6558246613, 46.3915519714, 39.0577011108, 47.1706504822, 31.4019470215, 57.5211486816, 25.0874214172, 27.0231018066, 24.6660842896, 11.2839374542, 9.42809963226, 9.62842464447, 6.2805018425, 3.86410689354, 2.52415132523, 1.99912834167, 1.38478064537, 1.33018875122, 0.525808095932, 0.270016074181, 0.162112355232, 0.0917572155595, 0.0452560484409, 0.0241167340428, 0.0135871777311, 0.00258258963004, 8.61581283971e-05, 1.53746568685e-05, 7.27761607777e-06, 1.85706346656e-06, 8.77037382452e-06, 2.00623744604e-05],
        "stdev": [0.0216485746205, 0.430085152388, 1.39974355698, 2.93648838997, 9.17659759521, 17.7062740326, 34.747127533, 54.6622657776, 68.3815155029, 98.1750869751, 63.594455719, 127.453994751, 52.9100074768, 139.396453857, 54.5352363586, 44.4981765747, 78.9716186523, 24.0681934357, 16.4257640839, 17.154510498, 14.1942625046, 7.32209730148, 5.20206594467, 6.34057474136, 3.95941519737, 3.94147562981, 1.24626350403, 0.691489636898, 0.506263196468, 0.484128415585, 0.158187240362, 0.0917757824063, 0.0489566512406, 0.00944837555289, 0.00026089703897, 2.23139959417e-05, 8.79493018147e-06, 2.27735267799e-06, 1.02770118247e-05, 2.362095438e-05]
    },
    "gfcc": {
        "mean": [-173.393188477, 199.811462402, -162.282913208, -5.14386034012, -53.1943092346, -14.7839317322, -15.8873624802, -17.2641525269, 0.864880859852, -16.2643661499, 6.9096288681, -13.3648643494, 7.20178461075],
        "cov": [[32693.6816406, 3576.79492188, -4097.15478516, 490.464782715, -1654.70861816, -1321.96459961, -711.874511719, -657.11328125, -342.740722656, -438.563537598, 52.4466285706, -391.985534668, 86.9057006836], [3576.79492188, 1646.68640137, -327.639953613, -547.452880859, 171.427444458, -244.957351685, 19.9343891144, -89.5189056396, -69.6291809082, 0.759810507298, -91.3754196167, -9.95555686951, -33.8222465515], [-4097.15478516, -327.639953613, 882.126525879, 128.360244751, 305.800201416, 194.747512817, 94.2844848633, 94.7913284302, 40.3555412292, 52.4515342712, -30.9486560822, 15.7235097885, -38.6037902832], [490.464782715, -547.452880859, 128.360244751, 964.575561523, -91.8379364014, 105.225891113, -108.680931091, -34.6377067566, 37.227645874, -59.878868103, 50.3345413208, -87.0662460327, -6.74925136566], [-1654.70861816, 171.427444458, 305.800201416, -91.8379364014, 363.004943848, 32.602771759, 70.5987243652, 24.2270793915, -13.7718582153, 58.8792304993, -49.4463424683, 31.6461181641, -38.1786956787], [-1321.96459961, -244.957351685, 194.747512817, 105.225891113, 32.602771759, 279.335906982, 64.9321136475, 78.5849990845, 39.3090057373, -11.2448253632, 38.6123046875, -14.596116066, 8.08936882019], [-711.874511719, 19.9343891144, 94.2844848633, -108.680931091, 70.5987243652, 64.9321136475, 164.295822144, 64.4992370605, 12.7213029861, 32.8567848206, -9.11476707458, 26.2504577637, -8.09349346161], [-657.11328125, -89.5189056396, 94.7913284302, -34.6377067566, 24.2270793915, 78.5849990845, 64.4992370605, 126.797332764, 47.1868400574, 13.8179826736, 13.038687706, -6.56800365448, 7.75848817825], [-342.740722656, -69.6291809082, 40.3555412292, 37.227645874, -13.7718582153, 39.3090057373, 12.7213029861, 47.1868400574, 94.9965667725, 36.9153594971, 8.89740562439, -3.20663356781, 4.50596809387], [-438.563537598, 0.759810507298, 52.4515342712, -59.878868103, 58.8792304993, -11.2448253632, 32.8567848206, 13.8179826736, 36.9153594971, 86.4300537109, 12.9201221466, 12.7312517166, -5.9540348053], [52.4466285706, -91.3754196167, -30.9486560822, 50.3345413208, -49.4463424683, 38.6123046875, -9.11476707458, 13.038687706, 8.89740562439, 12.9201221466, 78.2874069214, 16.9553089142, 2.69118475914], [-391.985534668, -9.95555686951, 15.7235097885, -87.0662460327, 31.6461181641, -14.596116066, 26.2504577637, -6.56800365448, -3.20663356781, 12.7312517166, 16.9553089142, 80.7313079834, 18.8740901947], [86.9057006836, -33.8222465515, -38.6037902832, -6.74925136566, -38.1786956787, 8.08936882019, -8.09349346161, 7.75848817825, 4.50596809387, -5.9540348053, 2.69118475914, 18.8740901947, 77.2070770264]],
        "icov": [[0.000207064906135, -0.000522456830367, 0.000611954950728, -0.000495187821798, 0.00066743552452, 0.000141094977153, 0.000147731290781, -0.00040691983304, 0.000641496502794, -0.00038698600838, 0.00023988513567, -1.69919312611e-05, 0.000100890792964], [-0.000522456830367, 0.00255378824659, -0.00111995765474, 0.00202507921495, -0.00330246356316, 0.000774871616159, -0.00138820672873, 0.00254650786519, -0.00310849887319, 0.00312395230867, -0.00209840829484, 0.00229873554781, -0.000858268409502], [0.000611954950728, -0.00111995765474, 0.00419286778197, -0.00179003179073, 0.00031371586374, -0.000717607385013, 0.000768919242546, -0.00217211432755, 0.00206741993316, -0.00193122809287, 0.00234913337044, -0.000975148461293, 0.00117662712], [-0.000495187821798, 0.00202507921495, -0.00179003179073, 0.00337329925969, -0.0029187714681, 0.000586889509577, -0.0011029955931, 0.00375049305148, -0.00444455398247, 0.0046060224995, -0.00414909049869, 0.00403731362894, -0.00138068047818], [0.00066743552452, -0.00330246356316, 0.00031371586374, -0.0029187714681, 0.0108750797808, -0.00283069419675, 0.00331613933668, -0.00573547370732, 0.00894724484533, -0.0107234744355, 0.00957345869392, -0.00771236652508, 0.00450449762866], [0.000141094977153, 0.000774871616159, -0.000717607385013, 0.000586889509577, -0.00283069419675, 0.00897959806025, -0.0050220596604, 0.00214306171983, -0.00540567748249, 0.00857291929424, -0.00927239749581, 0.00734045216814, -0.00370392389596], [0.000147731290781, -0.00138820672873, 0.000768919242546, -0.0011029955931, 0.00331613933668, -0.0050220596604, 0.0134011814371, -0.0087670031935, 0.0071291513741, -0.0098442165181, 0.00956281926483, -0.0093536125496, 0.00474346615374], [-0.00040691983304, 0.00254650786519, -0.00217211432755, 0.00375049305148, -0.00573547370732, 0.00214306171983, -0.0087670031935, 0.020397502929, -0.0135369962081, 0.0115326363593, -0.011763850227, 0.011451208964, -0.00592399621382], [0.000641496502794, -0.00310849887319, 0.00206741993316, -0.00444455398247, 0.00894724484533, -0.00540567748249, 0.0071291513741, -0.0135369962081, 0.0267036780715, -0.0200018826872, 0.0132962884381, -0.0100079914555, 0.00454190047458], [-0.00038698600838, 0.00312395230867, -0.00193122809287, 0.0046060224995, -0.0107234744355, 0.00857291929424, -0.0098442165181, 0.0115326363593, -0.0200018826872, 0.0334037281573, -0.0197872351855, 0.0132273742929, -0.00595115916803], [0.00023988513567, -0.00209840829484, 0.00234913337044, -0.00414909049869, 0.00957345869392, -0.00927239749581, 0.00956281926483, -0.011763850227, 0.0132962884381, -0.0197872351855, 0.0329863615334, -0.0188265684992, 0.00866337306798], [-1.69919312611e-05, 0.00229873554781, -0.000975148461293, 0.00403731362894, -0.00771236652508, 0.00734045216814, -0.0093536125496, 0.011451208964, -0.0100079914555, 0.0132273742929, -0.0188265684992, 0.0294411070645, -0.0107594039291], [0.000100890792964, -0.000858268409502, 0.00117662712, -0.00138068047818, 0.00450449762866, -0.00370392389596, 0.00474346615374, -0.00592399621382, 0.00454190047458, -0.00595115916803, 0.00866337306798, -0.0107594039291, 0.0182426031679]]
    },
    "melbands": {
        "mean": [0.000146060323459, 0.000285316025838, 0.000249508040724, 0.000486778531922, 0.000577951373998, 0.000660122430418, 0.000464644253952, 0.000503934046719, 0.000331854360411, 0.00025837335852, 0.000153211018187, 0.000247373158345, 7.43886703276e-05, 7.23987468518e-05, 6.15827302681e-05, 3.77188334824e-05, 1.99908754439e-05, 1.46931297422e-05, 1.1756060303e-05, 1.25955475596e-05, 6.33033096165e-06, 3.67258371625e-06, 4.14469104726e-06, 1.56732642154e-06, 1.63792105923e-06, 1.08512847419e-06, 8.50985600209e-07, 8.69233417689e-07, 3.47972616055e-07, 2.11696630004e-07, 1.42310469187e-07, 1.05646662973e-07, 5.96176832346e-08, 4.5309864305e-08, 2.71944227137e-08, 1.84127824099e-08, 1.36458488953e-08, 1.12622071669e-08, 5.78090553205e-09, 7.31469884663e-10],
        "stdev": [0.000318073871313, 0.000670433684718, 0.000540841079783, 0.0011590156937, 0.00106971932109, 0.0012392855715, 0.00104043597821, 0.00106663850602, 0.000568327028304, 0.000700564938597, 0.000267734838417, 0.000618331541773, 0.000187034223927, 0.000117576819321, 0.000144277262734, 0.000116391216579, 4.52903877886e-05, 2.60271372099e-05, 1.77546044142e-05, 3.10467039526e-05, 1.55600755534e-05, 7.48206684875e-06, 1.13773094199e-05, 3.69274403056e-06, 6.03600483373e-06, 2.88763430945e-06, 2.5326312425e-06, 2.62496200776e-06, 9.88072770269e-07, 5.5011389577e-07, 4.73500108455e-07, 3.92663594084e-07, 2.70443138106e-07, 2.37173026107e-07, 1.05179140064e-07, 9.46817380054e-08, 6.33797583305e-08, 4.51871109419e-08, 2.18442188782e-08, 3.40210437599e-09]
    },
    "melbands128": {
        "mean": [1.1237214494e-05, 4.96975044371e-05, 0.000199613874429, 0.000334614538588, 0.000300088344375, 0.000238330307184, 0.000229737255722, 0.000230050893151, 0.000325918692397, 0.00067804713035, 0.000445158075308, 0.000393343274482, 0.000427908933489, 0.00111806811765, 0.00073528662324, 0.000414156616898, 0.00036381118116, 0.000567356648389, 0.000334771350026, 0.000618747493718, 0.000583758053835, 0.000283831584966, 0.000267464056378, 0.00034530783887, 0.000481641036458, 8.07729738881e-05, 0.000104623679363, 0.000167915713973, 0.000109270622488, 0.000476725312183, 0.000179680326255, 5.01739923493e-05, 8.4826744569e-05, 9.09629306989e-05, 4.12398840126e-05, 9.45304127526e-05, 8.37556726765e-05, 1.45756539496e-05, 0.000110002234578, 5.18211527378e-05, 1.41177979458e-05, 2.30029436352e-05, 2.0753892386e-05, 1.867989522e-05, 1.42683093145e-05, 1.27347748275e-05, 1.93808555196e-05, 7.45478564568e-06, 8.78637456481e-06, 2.03085619432e-05, 1.16577293738e-05, 8.2650267359e-06, 7.44012504583e-06, 4.90796946906e-06, 4.8640604291e-06, 2.61849982053e-06, 2.38949951381e-06, 8.58152634464e-06, 2.45118189923e-06, 8.61026194343e-07, 1.60060835697e-06, 2.07172024602e-06, 1.93926757674e-06, 1.29850980102e-06, 1.49383424741e-06, 8.42370354803e-07, 1.21329185276e-06, 8.46936984544e-07, 4.24816988698e-07, 1.33232867938e-06, 1.11402584935e-06, 5.34185573997e-07, 4.03565422857e-07, 3.47772271425e-07, 2.25072227522e-07, 2.47541890985e-07, 1.95815189841e-07, 1.18186733289e-07, 1.25368771364e-07, 1.79200185357e-07, 1.34777053518e-07, 6.60027552613e-08, 5.82278403272e-08, 5.61352138106e-08, 6.90980499485e-08, 4.47974279894e-08, 4.26120898567e-08, 3.11524495089e-08, 2.86902537283e-08, 1.96818543685e-08, 2.48415563675e-08, 1.42999629915e-08, 1.57685615676e-08, 8.78779093938e-09, 1.91972731045e-08, 1.33546596004e-08, 1.00189829766e-08, 6.01403105094e-09, 7.63969598694e-09, 4.74540140516e-09, 1.26342658557e-09, 6.81082750961e-12, 4.54489787818e-12, 4.33314668868e-12, 4.13845390249e-12, 3.95589247124e-12, 3.78523991665e-12, 3.62562454018e-12, 3.47628197929e-12, 3.33687895024e-12, 3.20645138045e-12, 3.08482623126e-12, 2.97172941637e-12, 2.86644341076e-12, 2.76891942534e-12, 2.67852732182e-12, 2.5952543066e-12, 2.51881284927e-12, 2.44895705277e-12, 2.38553556249e-12, 2.32851455131e-12, 2.27771274064e-12, 2.23316764386e-12, 2.1949265322e-12, 2.16306595031e-12, 2.13774137281e-12, 2.11916964012e-12, 2.10774757023e-12],
        "stdev": [2.44187885983e-05, 0.00010146209388, 0.000465438846732, 0.000864279514644, 0.000792789331172, 0.00068423920311, 0.000668754219078, 0.000542399124242, 0.00083583209198, 0.0021152861882, 0.00116444053128, 0.000779785623308, 0.00105060916394, 0.00286831823178, 0.00164416164625, 0.000817028630991, 0.000693485024385, 0.00188427243847, 0.000841279164888, 0.00155672302935, 0.00165333470795, 0.000571770302486, 0.000634048716165, 0.000993095338345, 0.0015205872478, 0.000296351092402, 0.000207927310839, 0.000396598101361, 0.000196565466467, 0.00128526065964, 0.000471157080028, 0.000174970366061, 0.000276152102742, 0.000322488049278, 0.000119019670819, 0.000187332319911, 0.00018112071848, 2.55269660556e-05, 0.000425112870289, 0.000185764525668, 0.000110085267806, 9.05724882614e-05, 4.86834396725e-05, 6.12868680037e-05, 4.12263107137e-05, 2.76733226201e-05, 4.99316083733e-05, 1.55728048412e-05, 1.78561658686e-05, 4.66990750283e-05, 5.27131778654e-05, 2.90012812911e-05, 2.86580707325e-05, 1.42317921927e-05, 1.72165400727e-05, 8.39345830173e-06, 5.7375873439e-06, 2.6301086109e-05, 7.50611388867e-06, 2.39740302277e-06, 4.77921048514e-06, 6.61931881041e-06, 1.02130934465e-05, 6.64457684252e-06, 4.22802395406e-06, 2.29014653996e-06, 5.82809889238e-06, 3.87763657272e-06, 1.12113775685e-06, 6.95675362294e-06, 3.62201330972e-06, 3.04198556478e-06, 1.44528348756e-06, 1.16131832328e-06, 7.16016415936e-07, 8.83899872406e-07, 5.81958545354e-07, 3.37918322657e-07, 4.07982298611e-07, 1.32201978431e-06, 4.71600174023e-07, 2.96355011642e-07, 2.67236316631e-07, 2.44251964432e-07, 6.17486307419e-07, 3.38596208849e-07, 2.27863580449e-07, 1.82303907081e-07, 1.52782902774e-07, 8.45070715627e-08, 1.6403377856e-07, 9.53910728185e-08, 6.32286116797e-08, 4.34274554095e-08, 1.4869605991e-07, 6.29784011608e-08, 4.58340245757e-08, 2.70345594799e-08, 3.52256286362e-08, 2.18538431795e-08, 6.39041219941e-09, 2.36254609626e-11, 9.62053266912e-12, 9.18554642071e-12, 8.77682041628e-12, 8.39260605456e-12, 8.03289639667e-12, 7.69610243589e-12, 7.38075399409e-12, 7.0861905753e-12, 6.81040076764e-12, 6.55309964279e-12, 6.31381925909e-12, 6.09094675738e-12, 5.88444397376e-12, 5.69295999231e-12, 5.51657330927e-12, 5.3545913363e-12, 5.2065014626e-12, 5.07204738279e-12, 4.95115797319e-12, 4.84341863491e-12, 4.74897118158e-12, 4.66785247608e-12, 4.60031361962e-12, 4.5465523707e-12, 4.50714422381e-12, 4.48293051986e-12]
    },
    "mfcc": {
        "mean": [-772.27722168, 202.356018066, -28.761302948, -0.426168650389, -11.8651094437, -6.79537248611, -7.68222999573, -5.35487031937, -2.90180516243, -0.684297263622, -4.78785228729, 1.1355022192, 1.88447296619],
        "cov": [[13245.5810547, 3076.21020508, -1833.80175781, 1299.76513672, -714.917602539, -138.099685669, -524.011901855, -322.089172363, -474.304901123, -92.1918640137, -341.496917725, -62.1694450378, -182.996917725], [3076.21020508, 2449.26879883, -373.375, -160.0675354, -47.1381530762, -142.100418091, -57.255821228, -139.837280273, -14.501332283, -85.2278671265, -62.389919281, -49.5655059814, 6.42823791504], [-1833.80175781, -373.375, 521.450439453, -148.26524353, 152.608352661, 70.1833648682, 79.2750396729, 86.0910186768, 77.7061691284, 34.9014778137, 60.1718635559, 23.0682449341, 15.0579404831], [1299.76513672, -160.0675354, -148.26524353, 620.984680176, 56.8476295471, 66.2479248047, -13.9896621704, -34.3460388184, -64.1354980469, 1.17177355289, -13.8955392838, -4.74950504303, -46.9168357849], [-714.917602539, -47.1381530762, 152.608352661, 56.8476295471, 266.851043701, 70.2657852173, 58.7570610046, 10.2109651566, 23.9750747681, 1.25648903847, 28.4732971191, 5.1654214859, -3.19980120659], [-138.099685669, -142.100418091, 70.1833648682, 66.2479248047, 70.2657852173, 128.958358765, 47.7693099976, 22.4837341309, 11.1513929367, 2.03932857513, 20.5672836304, 12.8846130371, -5.20325183868], [-524.011901855, -57.255821228, 79.2750396729, -13.9896621704, 58.7570610046, 47.7693099976, 142.122940063, 57.4064216614, 34.2275352478, 8.31659412384, 26.8369674683, 7.21285057068, 13.9464731216], [-322.089172363, -139.837280273, 86.0910186768, -34.3460388184, 10.2109651566, 22.4837341309, 57.4064216614, 107.031585693, 42.714302063, 15.3717308044, 19.0420780182, 12.1241397858, 5.01869297028], [-474.304901123, -14.501332283, 77.7061691284, -64.1354980469, 23.9750747681, 11.1513929367, 34.2275352478, 42.714302063, 115.788322449, 41.5154914856, 13.5591478348, 1.66360187531, 20.6164302826], [-92.1918640137, -85.2278671265, 34.9014778137, 1.17177355289, 1.25648903847, 2.03932857513, 8.31659412384, 15.3717308044, 41.5154914856, 99.8131256104, 23.1315307617, -1.94838178158, 13.7388057709], [-341.496917725, -62.389919281, 60.1718635559, -13.8955392838, 28.4732971191, 20.5672836304, 26.8369674683, 19.0420780182, 13.5591478348, 23.1315307617, 109.997520447, 33.858341217, -13.7508554459], [-62.1694450378, -49.5655059814, 23.0682449341, -4.74950504303, 5.1654214859, 12.8846130371, 7.21285057068, 12.1241397858, 1.66360187531, -1.94838178158, 33.858341217, 87.4851989746, 20.1413459778], [-182.996917725, 6.42823791504, 15.0579404831, -46.9168357849, -3.19980120659, -5.20325183868, 13.9464731216, 5.01869297028, 20.6164302826, 13.7388057709, -13.7508554459, 20.1413459778, 90.4068145752]],
        "icov": [[0.000912998977583, -0.00123365747277, 0.00132401287556, -0.00161530333571, 0.00159980379976, -0.00178759766277, 0.0020141156856, -0.00209821551107, 0.00216998392716, -0.00189966731705, 0.00158384686802, -0.00110096076969, 0.000916507851798], [-0.00123365747277, 0.00221485830843, -0.00135059130844, 0.00239645899273, -0.00240687583573, 0.0027952590026, -0.00290737906471, 0.00339922821149, -0.00332250026986, 0.00297754071653, -0.0021818021778, 0.00162251293659, -0.00123864377383], [0.00132401287556, -0.00135059130844, 0.00545576540753, -0.00130843068473, 0.00047962719691, -0.00321082561277, 0.00300984457135, -0.00429427204654, 0.0024311025627, -0.00295664137229, 0.00165447941981, -0.00159317348152, 0.00129607832059], [-0.00161530333571, 0.00239645899273, -0.00130843068473, 0.00515967374668, -0.00370815396309, 0.00199308013543, -0.00346342846751, 0.00382913392968, -0.0029380528722, 0.00253335991874, -0.00228683417663, 0.00166769465432, -0.000673631846439], [0.00159980379976, -0.00240687583573, 0.00047962719691, -0.00370815396309, 0.00853187590837, -0.0047201202251, 0.00206021685153, -0.00198764028028, 0.00310685997829, -0.00265160552226, 0.00226563890465, -0.00162770377938, 0.00162966863718], [-0.00178759766277, 0.0027952590026, -0.00321082561277, 0.00199308013543, -0.0047201202251, 0.0146400360391, -0.00654103094712, 0.00417427206412, -0.0047557274811, 0.00445757899433, -0.00344777945429, 0.00114436878357, -0.00116742844693], [0.0020141156856, -0.00290737906471, 0.00300984457135, -0.00346342846751, 0.00206021685153, -0.00654103094712, 0.0155014870688, -0.00977725163102, 0.0042670937255, -0.00346485641785, 0.00162430934142, -0.0010345360497, -0.000136161426781], [-0.00209821551107, 0.00339922821149, -0.00429427204654, 0.00382913392968, -0.00198764028028, 0.00417427206412, -0.00977725163102, 0.0200897399336, -0.00884725805372, 0.00466255797073, -0.00340560963377, 0.00104271748569, -0.000664789287839], [0.00216998392716, -0.00332250026986, 0.0024311025627, -0.0029380528722, 0.00310685997829, -0.0047557274811, 0.0042670937255, -0.00884725805372, 0.0184440240264, -0.00934658478945, 0.00413840590045, -0.00206484436058, 0.000671960413456], [-0.00189966731705, 0.00297754071653, -0.00295664137229, 0.00253335991874, -0.00265160552226, 0.00445757899433, -0.00346485641785, 0.00466255797073, -0.00934658478945, 0.0175086222589, -0.00689404364675, 0.00464820768684, -0.0044248662889], [0.00158384686802, -0.0021818021778, 0.00165447941981, -0.00228683417663, 0.00226563890465, -0.00344777945429, 0.00162430934142, -0.00340560963377, 0.00413840590045, -0.00689404364675, 0.0158861260861, -0.0077108615078, 0.00595707446337], [-0.00110096076969, 0.00162251293659, -0.00159317348152, 0.00166769465432, -0.00162770377938, 0.00114436878357, -0.0010345360497, 0.00104271748569, -0.00206484436058, 0.00464820768684, -0.0077108615078, 0.016497772187, -0.00618689740077], [0.000916507851798, -0.00123864377383, 0.00129607832059, -0.000673631846439, 0.00162966863718, -0.00116742844693, -0.000136161426781, -0.000664789287839, 0.000671960413456, -0.0044248662889, 0.00595707446337, -0.00618689740077, 0.0152908964083]]
    },
    "spectral_contrast_coeffs": {
        "mean": [-0.692858755589, -0.723697245121, -0.729566335678, -0.77358520031, -0.733494758606, -0.712345004082],
        "stdev": [0.10167568177, 0.0834761485457, 0.0880446583033, 0.0644565075636, 0.0739076584578, 0.085199303925]
    },
    "spectral_contrast_valleys": {
        "mean": [-7.91488409042, -7.15953922272, -8.06412887573, -8.84858608246, -10.377114296, -14.5475168228],
        "stdev": [2.57694816589, 2.69277048111, 2.55616831779, 2.49867987633, 2.56080126762, 1.73820459843]
    }
},
"rhythm": {
    "beats_count": 314,
    "beats_loudness": {
        "mean": 0.0281436406076,
        "stdev": 0.0292296558619
    },
    "bpm": 163.271377563,
    "bpm_histogram_first_peak_bpm": 161,
    "bpm_histogram_first_peak_weight": 0.378640770912,
    "bpm_histogram_second_peak_bpm": 152,
    "bpm_histogram_second_peak_spread": 0.0833333134651,
    "bpm_histogram_second_peak_weight": 0.105431310833,
    "danceability": 0.995471358299,
    "onset_rate": 2.22664093971,
    "beats_loudness_band_ratio": {
        "mean": [0.140525043011, 0.300879895687, 0.34255489707, 0.220439985394, 0.0306753329933, 0.00428522285074],
        "stdev": [0.189127653837, 0.196512117982, 0.177251860499, 0.195697873831, 0.0310758110136, 0.00929053220898]
    },
    "beats_position": [0.452789098024, 0.905578196049, 1.35836732388, 1.8111563921, 2.26394557953, 2.71673464775, 3.15791368484, 3.59909296036, 4.05188179016, 4.5046710968, 4.94585037231, 5.38702917099, 5.81659841537, 6.24616765976, 6.68734693527, 7.12852573395, 7.56970500946, 8.01088428497, 8.45206356049, 8.90485286713, 9.36925125122, 9.83365058899, 10.2980499268, 10.7624483109, 11.2384576797, 11.7144670486, 12.1904764175, 12.6664848328, 13.1424942017, 13.6185035706, 14.0945119858, 14.5821313858, 15.0813598633, 15.5805892944, 16.0682086945, 16.5558280945, 17.0434455872, 17.5194549561, 18.0070743561, 18.5063037872, 19.0055332184, 19.5047607422, 20.0156002045, 20.5148296356, 21.0140590668, 21.5132884979, 22.0125160217, 22.523355484, 23.0341949463, 23.5566444397, 24.0790920258, 24.589931488, 25.1007709503, 25.6116104126, 26.1224479675, 26.6332874298, 27.1441268921, 27.6433563232, 28.142583847, 28.6534233093, 29.1642627716, 29.6751022339, 30.1743297577, 30.68516922, 31.1960086823, 31.6952381134, 32.2060775757, 32.7865753174, 33.3786849976, 33.9707946777, 34.6790008545, 35.3872108459, 36.1070289612, 36.8268470764, 37.5350570679, 38.2432632446, 38.9514732361, 39.6596832275, 40.3330612183, 40.9948310852, 41.6565971375, 42.3183670044, 42.9801368713, 43.6535148621, 44.3385009766, 44.9654426575, 45.5923805237, 46.2193183899, 46.8578681946, 47.4848060608, 48.0885238647, 48.6922454834, 49.2959632874, 49.8996810913, 50.5033988953, 51.1071205139, 51.7108383179, 52.3145561218, 52.9182739258, 53.5219955444, 54.1489334106, 54.7758712769, 55.4144210815, 56.06457901, 56.7727890015, 57.4461669922, 58.0614967346, 58.6768226624, 59.2921524048, 59.8378219604, 60.3834915161, 60.9291610718, 61.4864387512, 62.0321083069, 62.5777778625, 63.1118354797, 63.6458930969, 64.1683425903, 64.6907958984, 65.2248535156, 65.5847625732, 65.9562835693, 66.327796936, 66.6877059937, 67.0592269897, 67.4307479858, 67.813873291, 68.1970062256, 68.5569152832, 68.9284362793, 69.299949646, 69.6830825806, 70.0662155151, 70.4493408203, 70.8208618164, 71.2155990601, 71.5987319946, 71.9702453613, 72.3417663574, 72.724899292, 73.0964126587, 73.4679336548, 73.8162307739, 74.18775177, 74.5476608276, 74.9075698853, 75.2790908813, 75.6506118774, 76.0221328735, 76.4052581787, 76.7883911133, 77.1831283569, 77.554649353, 77.9261627197, 78.2976837158, 78.6692047119, 79.040725708, 79.4122467041, 79.7837600708, 80.1436691284, 80.5151901245, 80.8750991821, 81.2466201782, 81.6181411743, 81.9896621704, 82.3727874756, 82.7559204102, 83.1390457153, 83.5221786499, 83.9169158936, 84.3116531372, 84.7063903809, 85.1011352539, 85.4726486206, 85.8673934937, 86.2389068604, 86.6104278564, 87.0051651001, 87.3882980347, 87.7714233398, 88.1545562744, 88.537689209, 88.9092025757, 89.3039474487, 89.6986846924, 90.093421936, 90.4881591797, 90.8829040527, 91.2776412964, 91.67237854, 92.0671157837, 92.4618606567, 92.8565979004, 93.2629470825, 93.6576843262, 94.0524215698, 94.4355545044, 94.8186798096, 95.2018127441, 95.5733337402, 95.9564590454, 96.33959198, 96.7343292236, 97.1058502197, 97.5005874634, 97.8837203979, 98.2668457031, 98.6499786377, 99.0331039429, 99.404624939, 99.7761459351, 100.147659302, 100.519180298, 100.913917542, 101.308662415, 101.69178772, 102.074920654, 102.469657898, 102.864395142, 103.259140015, 103.653877258, 104.037002563, 104.431747437, 104.82648468, 105.209609985, 105.59274292, 105.964263916, 106.324172974, 106.69568634, 107.055595398, 107.415504456, 107.787025452, 108.1353302, 108.483627319, 108.843536377, 109.203445435, 109.574966431, 109.946479797, 110.306388855, 110.666305542, 111.037818909, 111.397727966, 111.757637024, 112.12915802, 112.489067078, 112.848976135, 113.197273254, 113.545578003, 113.893875122, 114.242172241, 114.602081299, 114.961990356, 115.333511353, 115.705032349, 116.064941406, 116.424850464, 116.761543274, 117.098228455, 117.446525574, 117.806434631, 118.166343689, 118.514648438, 118.862945557, 119.234466553, 119.582763672, 119.931060791, 120.302581787, 120.674102783, 121.022399902, 121.370697021, 121.742218018, 122.125350952, 122.48526001, 122.833557129, 123.193466187, 123.576599121, 123.948112488, 124.319633484, 124.69115448, 125.062675476, 125.422584534, 125.782493591, 126.142402649, 126.502311707, 126.850608826, 127.198905945, 127.570426941, 127.953559875, 128.313461304, 128.6849823, 129.044891357, 129.404800415, 129.776321411, 130.147842407, 130.519363403, 130.890884399, 131.274017334, 131.65713501, 132.063491821, 132.458221436, 132.864578247, 133.25932312, 133.654052734, 134.083618164, 134.501586914, 134.931152344, 135.30267334, 135.674194336, 136.045715332, 136.417236328, 136.800354004, 137.183486938, 137.566619873, 137.938140869],
    "bpm_histogram": [0, 0, 0, 0, 0, 0, 0, 0, 0, 0, 0, 0, 0, 0, 0, 0, 0, 0, 0, 0, 0, 0, 0, 0, 0, 0, 0, 0, 0, 0, 0, 0, 0, 0, 0, 0, 0, 0, 0, 0, 0, 0, 0, 0, 0, 0, 0, 0, 0, 0, 0, 0, 0, 0, 0, 0, 0, 0, 0, 0, 0, 0, 0, 0, 0, 0, 0, 0, 0, 0, 0, 0, 0, 0, 0, 0, 0, 0, 0, 0, 0, 0, 0, 0.00638977624476, 0, 0.022364217788, 0, 0, 0.00319488812238, 0.00958466436714, 0, 0.0127795524895, 0.00319488812238, 0, 0.00638977624476, 0, 0.0191693287343, 0, 0.00958466436714, 0.0319488830864, 0, 0.00638977624476, 0, 0.00319488812238, 0, 0, 0, 0, 0.00319488812238, 0, 0.0159744415432, 0, 0.00958466436714, 0, 0, 0.0127795524895, 0, 0.047923322767, 0, 0, 0.0415335446596, 0, 0, 0.0159744415432, 0, 0, 0.025559104979, 0, 0, 0.0127795524895, 0, 0, 0, 0.025559104979, 0, 0, 0.0287539940327, 0, 0, 0, 0.0127795524895, 0, 0, 0, 0.00319488812238, 0, 0, 0, 0.00958466436714, 0, 0, 0, 0.105431310833, 0, 0, 0, 0, 0.124600641429, 0, 0, 0, 0.159744411707, 0.044728435576, 0, 0, 0, 0, 0.105431310833, 0, 0, 0, 0, 0.0543131008744, 0, 0, 0, 0, 0, 0.00638977624476, 0, 0, 0, 0, 0, 0, 0, 0, 0, 0, 0, 0, 0, 0, 0, 0, 0, 0, 0, 0, 0, 0, 0, 0, 0, 0, 0, 0, 0, 0, 0, 0, 0, 0, 0, 0, 0, 0, 0, 0, 0, 0, 0, 0, 0, 0, 0, 0, 0, 0, 0, 0, 0, 0, 0, 0, 0, 0, 0, 0, 0, 0, 0, 0, 0, 0, 0, 0, 0, 0, 0]
},
"tonal": {
    "chords_changes_rate": 0.0485112071037,
    "chords_number_rate": 0.00434928061441,
    "chords_strength": {
        "mean": 0.502716779709,
        "stdev": 0.164815559983
    },
    "hpcp_crest": {
        "mean": 17.4157505035,
        "stdev": 8.61689281464
    },
    "hpcp_entropy": {
        "mean": 1.50563895702,
        "stdev": 0.794363021851
    },
    "key_edma": {
        "strength": 0.630163609982,
        "key": "A",
        "scale": "minor"
    },
    "key_krumhansl": {
        "strength": 0.64697265625,
        "key": "A",
        "scale": "minor"
    },
    "key_temperley": {
        "strength": 0.650302946568,
        "key": "A",
        "scale": "minor"
    },
    "tuning_diatonic_strength": 0.489647597075,
    "tuning_equal_tempered_deviation": 0.0238302331418,
    "tuning_frequency": 440,
    "tuning_nontempered_energy_ratio": 0.613614678383,
    "hpcp": {
        "mean": [0.396510958672, 0.190783426166, 0.0287128314376, 0.0327198654413, 0.0272055845708, 0.0815327614546, 0.155019789934, 0.10628451407, 0.13557715714, 0.201687023044, 0.105465836823, 0.048383705318, 0.0582452192903, 0.0454504489899, 0.174873173237, 0.287349700928, 0.147760793567, 0.0375722981989, 0.0385037437081, 0.0425784140825, 0.203530341387, 0.369074493647, 0.221281185746, 0.0885863900185, 0.0800828635693, 0.0343154557049, 0.0447093173862, 0.0691383033991, 0.0587118901312, 0.179176181555, 0.245220392942, 0.100337833166, 0.0341079868376, 0.0424391254783, 0.0362560637295, 0.234364509583],
        "stdev": [0.398956805468, 0.204058751464, 0.0816997140646, 0.104466401041, 0.0889440700412, 0.141600951552, 0.257433980703, 0.181107461452, 0.220378398895, 0.332717806101, 0.18294493854, 0.121443063021, 0.147145152092, 0.118256412446, 0.228533729911, 0.373457491398, 0.203149020672, 0.105665646493, 0.117061235011, 0.117767967284, 0.246884539723, 0.408061802387, 0.254704445601, 0.210981175303, 0.197243243456, 0.105206944048, 0.118305765092, 0.178975254297, 0.139007598162, 0.229675486684, 0.314503461123, 0.145646482706, 0.10458381474, 0.121071726084, 0.105525039136, 0.244229286909]
    },
    "chords_histogram": [28.5045166016, 13.1147537231, 4.61692857742, 20.7092666626, 0.468384087086, 1.87353634834, 1.07059216499, 12.0776176453, 2.57611250877, 1.87353634834, 0.267648041248, 0.0669120103121, 0, 0, 0, 0.736032128334, 0.167280033231, 0.234192043543, 1.94044828415, 0, 4.85112094879, 0, 3.3121445179, 1.53897619247],
    "thpcp": [1, 0.481155484915, 0.0724137127399, 0.0825194492936, 0.0686124414206, 0.205625489354, 0.390959650278, 0.268049359322, 0.341925382614, 0.508654356003, 0.265984684229, 0.122023627162, 0.146894350648, 0.114625960588, 0.441029876471, 0.724695503712, 0.372652471066, 0.0947572737932, 0.0971063822508, 0.107382692397, 0.513303220272, 0.930805265903, 0.558070778847, 0.223414734006, 0.201968848705, 0.0865435227752, 0.112756825984, 0.174366682768, 0.148071289062, 0.45188203454, 0.618445456028, 0.253051847219, 0.0860202908516, 0.107031404972, 0.0914377346635, 0.591066896915],
    "chords_key": "A",
    "chords_scale": "minor"
}
}