{
"metadata": {
    "version": {
        "essentia": "2.1-dev",
        "essentia_git_sha": "v2.1_beta3-415-gd5473f3",
        "extractor": "music 2.0"
    },
    "audio_properties": {
        "analysis": {
            "equal_loudness": 0,
            "length": 73.3257141113,
            "sample_rate": 44100,
            "start_time": 0,
            "downmix": "mix"
        },
        "bit_rate": 192000,
        "length": 73.3257141113,
        "lossless": 0,
        "number_channels": 2,
        "replay_gain": -6.17959785461,
        "sample_rate": 44100,
        "codec": "mp3",
        "md5_encoded": "8a7774acfe46ad0cd5a221b5faa39f92"
    },
    "tags": {
        "file_name": "schoenberg-variaciones_para_orquesta.mp3",
        "date": ["2004"],
        "engineer": ["rosamerica tamyo"],
        "genre": ["Blues"]
    }
},
"lowlevel": {
    "average_loudness": 0.249531045556,
    "barkbands_crest": {
        "mean": 10.7964859009,
        "stdev": 4.25897789001
    },
    "barkbands_flatness_db": {
        "mean": 0.196435973048,
        "stdev": 0.0426783747971
    },
    "barkbands_kurtosis": {
        "mean": 2.02291965485,
        "stdev": 5.13701248169
    },
    "barkbands_skewness": {
        "mean": 0.447218596935,
        "stdev": 1.07192468643
    },
    "barkbands_spread": {
        "mean": 13.6364393234,
        "stdev": 7.15473413467
    },
    "dissonance": {
        "mean": 0.439079791307,
        "stdev": 0.0406741388142
    },
    "dynamic_complexity": 4.49802827835,
    "erbbands_crest": {
        "mean": 13.2190008163,
        "stdev": 5.42296886444
    },
    "erbbands_flatness_db": {
        "mean": 0.264169663191,
        "stdev": 0.0446120798588
    },
    "erbbands_kurtosis": {
        "mean": 1.01154637337,
        "stdev": 3.36868000031
    },
    "erbbands_skewness": {
        "mean": 0.23817665875,
        "stdev": 0.844404399395
    },
    "erbbands_spread": {
        "mean": 18.2194519043,
        "stdev": 8.38465595245
    },
    "hfc": {
        "mean": 11.167963028,
        "stdev": 17.3959827423
    },
    "loudness_ebu128": {
        "integrated": -19.3032817841,
        "loudness_range": 9.56176948547,
        "momentary": {
            "mean": -22.5518455505,
            "stdev": 10.8317480087
        },
        "short_term": {
            "mean": -20.8582496643,
            "stdev": 3.34301972389
        }
    },
    "melbands_crest": {
        "mean": 13.4807529449,
        "stdev": 5.27818870544
    },
    "melbands_flatness_db": {
        "mean": 0.2561840415,
        "stdev": 0.0589525140822
    },
    "melbands_kurtosis": {
        "mean": 3.64502859116,
        "stdev": 8.14675045013
    },
    "melbands_skewness": {
        "mean": 1.03646278381,
        "stdev": 1.2059918642
    },
    "melbands_spread": {
        "mean": 21.9948482513,
        "stdev": 15.9833087921
    },
    "pitch_salience": {
        "mean": 0.490661263466,
        "stdev": 0.093765668571
    },
    "silence_rate_20dB": {
        "mean": 1,
        "stdev": 0
    },
    "silence_rate_30dB": {
        "mean": 1,
        "stdev": 0
    },
    "silence_rate_60dB": {
        "mean": 0.257993042469,
        "stdev": 0.437536031008
    },
    "spectral_centroid": {
        "mean": 1243.29467773,
        "stdev": 959.039794922
    },
    "spectral_complexity": {
        "mean": 10.4840135574,
        "stdev": 5.84930372238
    },
    "spectral_decrease": {
        "mean": -2.53037413245e-09,
        "stdev": 2.9548230529e-09
    },
    "spectral_energy": {
        "mean": 0.0105631761253,
        "stdev": 0.0125238709152
    },
    "spectral_energyband_high": {
        "mean": 0.000118395335448,
        "stdev": 0.000368768436601
    },
    "spectral_energyband_low": {
        "mean": 0.000702358200215,
        "stdev": 0.00228957971558
    },
    "spectral_energyband_middle_high": {
        "mean": 0.00551841314882,
        "stdev": 0.00968188047409
    },
    "spectral_energyband_middle_low": {
        "mean": 0.00445386813954,
        "stdev": 0.00586279807612
    },
    "spectral_entropy": {
        "mean": 6.62536239624,
        "stdev": 0.452697575092
    },
    "spectral_flux": {
        "mean": 0.0349759124219,
        "stdev": 0.024881798774
    },
    "spectral_kurtosis": {
        "mean": 13.4224281311,
        "stdev": 7.60219717026
    },
    "spectral_rms": {
        "mean": 0.00279501383193,
        "stdev": 0.00157906161621
    },
    "spectral_rolloff": {
        "mean": 1547.29663086,
        "stdev": 1560.64709473
    },
    "spectral_skewness": {
        "mean": 2.3514418602,
        "stdev": 0.824760377407
    },
    "spectral_spread": {
        "mean": 2542808.25,
        "stdev": 3008409.75
    },
    "spectral_strongpeak": {
        "mean": 1.59277904034,
        "stdev": 2.12029147148
    },
    "zerocrossingrate": {
        "mean": 0.0522111617029,
        "stdev": 0.0417813695967
    },
    "barkbands": {
        "mean": [9.24031992326e-05, 0.000202151553822, 0.000303400709527, 0.000502271286678, 0.00129393360112, 0.000837679544929, 0.000496355060022, 0.000484139833134, 0.000593071163166, 0.000728328886908, 0.000518794753589, 0.00178056524601, 0.000385163410101, 0.000406222883612, 0.000273933779681, 0.000459806673462, 0.000604353845119, 0.000163224816788, 0.000244044582359, 0.000133231442305, 3.79536177206e-05, 1.59241808433e-05, 4.50188645118e-06, 1.3378313497e-06, 2.54026076618e-07, 1.36145644092e-07, 1.24558523495e-08],
        "stdev": [5.3942847444e-05, 0.000858662591781, 0.00133839587215, 0.00171684229281, 0.00371785229072, 0.00163691188209, 0.0010668351315, 0.00108379882295, 0.00131687847897, 0.00143862026744, 0.00129071983974, 0.00673296861351, 0.00105573097244, 0.000870919204317, 0.000719146977644, 0.0013845738722, 0.00210594362579, 0.000608016736805, 0.000928340246901, 0.000463274453068, 0.000156692258315, 5.23044836882e-05, 1.80542519956e-05, 4.37529706687e-06, 6.14188081727e-07, 1.89783804672e-07, 1.09681117522e-08]
    },
    "erbbands": {
        "mean": [0.00321123446338, 0.0582939647138, 0.355697631836, 0.927360713482, 2.75345492363, 4.0791311264, 7.6369433403, 6.5460562706, 6.34402275085, 8.77223682404, 10.9833993912, 12.1082162857, 22.385641098, 22.0322914124, 26.1300468445, 78.4678115845, 25.6627922058, 20.4298286438, 17.36992836, 14.6443071365, 31.502286911, 32.9237556458, 11.5106859207, 10.6284780502, 11.7497110367, 5.68481492996, 2.64420986176, 1.21009302139, 0.601967632771, 0.296319514513, 0.0979656204581, 0.0438023656607, 0.0127369975671, 0.00391626963392, 0.00145743880421, 0.000638331228402, 0.0002506164019, 5.331594366e-05, 7.38356084184e-06, 1.29592672238e-05],
        "stdev": [0.0069048544392, 0.274810791016, 1.66152644157, 2.84857726097, 6.6048784256, 12.1082248688, 23.8137626648, 12.3700304031, 13.5292043686, 18.3690090179, 21.1984405518, 22.2864227295, 44.8624992371, 41.07995224, 56.3264198303, 334.766967773, 63.4011192322, 42.540977478, 43.2814178467, 35.0761833191, 85.1119308472, 136.876922607, 39.8295860291, 31.3546466827, 45.3644523621, 19.5804195404, 10.5545444489, 4.38274383545, 2.07598400116, 0.937977790833, 0.321524649858, 0.140984609723, 0.0379012674093, 0.010065311566, 0.00325715681538, 0.00124682090245, 0.000300673535094, 3.81478093914e-05, 8.22125639388e-06, 1.57470130944e-05]
    },
    "gfcc": {
        "mean": [-127.1068573, 132.297851562, -160.293777466, 1.49607431889, -44.4934310913, -7.36455726624, -29.4444980621, -3.33039712906, -20.0196399689, -5.60648775101, -13.8734312057, 1.30654728413, -7.07577943802],
        "cov": [[11358.5175781, 657.711120605, -2592.28125, 773.003662109, -398.483612061, -298.162017822, 3.84711694717, -372.384735107, -237.5753479, -474.256225586, -16.0468444824, -181.880783081, 32.4577255249], [657.711120605, 968.036071777, 431.888702393, -262.120300293, -56.0338172913, -175.849395752, -166.422027588, -87.0853118896, -84.4420852661, -102.624771118, -150.860168457, -76.8932800293, -14.6258831024], [-2592.28125, 431.888702393, 1400.94494629, -93.1144714355, 7.14863061905, 1.85001993179, -166.089141846, -18.3128547668, -58.5825386047, 61.6573448181, -102.930664062, -3.39101839066, -40.2037391663], [773.003662109, -262.120300293, -93.1144714355, 585.025390625, 75.0816268921, 18.1356430054, 44.9043159485, -83.7681808472, -84.8780288696, -93.8852920532, 7.2410159111, -26.4139194489, -8.43291568756], [-398.483612061, -56.0338172913, 7.14863061905, 75.0816268921, 254.444274902, 72.6279220581, 67.7686920166, 37.6144790649, -15.3700447083, -24.7933177948, -9.42953872681, 9.29145240784, -14.5351161957], [-298.162017822, -175.849395752, 1.85001993179, 18.1356430054, 72.6279220581, 203.917175293, 97.4848175049, 46.7642593384, 6.81479310989, 31.5857715607, 28.2735652924, 29.0703105927, -17.2260837555], [3.84711694717, -166.422027588, -166.089141846, 44.9043159485, 67.7686920166, 97.4848175049, 190.563308716, 71.4282150269, 13.9254426956, -0.072684392333, 42.4892272949, 20.7250728607, -12.2946014404], [-372.384735107, -87.0853118896, -18.3128547668, -83.7681808472, 37.6144790649, 46.7642593384, 71.4282150269, 194.543701172, 111.835197449, 70.990447998, 8.45624542236, 10.9602165222, -24.3309707642], [-237.5753479, -84.4420852661, -58.5825386047, -84.8780288696, -15.3700447083, 6.81479310989, 13.9254426956, 111.835197449, 189.078018188, 133.678619385, 30.5509052277, -21.2812767029, -42.0021972656], [-474.256225586, -102.624771118, 61.6573448181, -93.8852920532, -24.7933177948, 31.5857715607, -0.072684392333, 70.990447998, 133.678619385, 239.575302124, 104.766960144, 12.2909917831, -56.5951690674], [-16.0468444824, -150.860168457, -102.930664062, 7.2410159111, -9.42953872681, 28.2735652924, 42.4892272949, 8.45624542236, 30.5509052277, 104.766960144, 170.836639404, 68.4589996338, -12.4383506775], [-181.880783081, -76.8932800293, -3.39101839066, -26.4139194489, 9.29145240784, 29.0703105927, 20.7250728607, 10.9602165222, -21.2812767029, 12.2909917831, 68.4589996338, 140.89730835, 62.6786384583], [32.4577255249, -14.6258831024, -40.2037391663, -8.43291568756, -14.5351161957, -17.2260837555, -12.2946014404, -24.3309707642, -42.0021972656, -56.5951690674, -12.4383506775, 62.6786384583, 130.612579346]],
        "icov": [[0.00096294778632, -0.00245583523065, 0.00252583669499, -0.00229077879339, 0.00183915300295, -0.00131510826759, 0.000773808278609, -0.000445144280093, 0.000616147648543, -0.000465576798888, 7.41600233596e-05, -0.000457182264654, 0.000359271944035], [-0.00245583523065, 0.00841738190502, -0.00695318542421, 0.00699655571952, -0.00491566071287, 0.00479052169248, -0.00181738415267, 0.0016596482601, -0.00105436705053, 0.00196062261239, 0.000358548393706, 0.00159721483942, -0.000134647270897], [0.00252583669499, -0.00695318542421, 0.00776537368074, -0.00627132924274, 0.00477416953072, -0.00402392121032, 0.00291312439367, -0.00162828911562, 0.00259743840434, -0.002518217545, 0.00126678065863, -0.00190405093599, 0.00132901279721], [-0.00229077879339, 0.00699655571952, -0.00627132924274, 0.00821309071034, -0.00507645402104, 0.00382804288529, -0.00222725817002, 0.00221614795737, -0.0010915788589, 0.00236338376999, -0.000737115042284, 0.00206792727113, -0.00029376312159], [0.00183915300295, -0.00491566071287, 0.00477416953072, -0.00507645402104, 0.00848279800266, -0.00375205790624, 0.000603728054557, -0.00187122973148, 0.00162721122615, -0.000584444322158, 0.000744633027352, -0.00155152846128, 0.00137718685437], [-0.00131510826759, 0.00479052169248, -0.00402392121032, 0.00382804288529, -0.00375205790624, 0.0102027226239, -0.0046515581198, 0.000954649527557, 0.000396460178308, -0.000618457503151, 0.00135103636421, -0.000619989703409, 0.000825541035738], [0.000773808278609, -0.00181738415267, 0.00291312439367, -0.00222725817002, 0.000603728054557, -0.0046515581198, 0.0110138468444, -0.00435526436195, 0.00158742431086, 0.00158651685342, -0.00276025012136, 0.000392503570765, 0.000782921735663], [-0.000445144280093, 0.0016596482601, -0.00162828911562, 0.00221614795737, -0.00187122973148, 0.000954649527557, -0.00435526436195, 0.0113933114335, -0.00663934601471, 0.000334379205015, 0.00258541922085, -0.00231642718427, 0.000936080410611], [0.000616147648543, -0.00105436705053, 0.00259743840434, -0.0010915788589, 0.00162721122615, 0.000396460178308, 0.00158742431086, -0.00663934601471, 0.01517284289, -0.00749892927706, 0.00178232067265, 0.00206888839602, 0.000410691834986], [-0.000465576798888, 0.00196062261239, -0.002518217545, 0.00236338376999, -0.000584444322158, -0.000618457503151, 0.00158651685342, 0.000334379205015, -0.00749892927706, 0.0134525066242, -0.00756958173588, 0.00130853708833, 0.00184648064896], [7.41600233596e-05, 0.000358548393706, 0.00126678065863, -0.000737115042284, 0.000744633027352, 0.00135103636421, -0.00276025012136, 0.00258541922085, 0.00178232067265, -0.00756958173588, 0.0150311551988, -0.00778418872505, 0.00330704008229], [-0.000457182264654, 0.00159721483942, -0.00190405093599, 0.00206792727113, -0.00155152846128, -0.000619989703409, 0.000392503570765, -0.00231642718427, 0.00206888839602, 0.00130853708833, -0.00778418872505, 0.0155054824427, -0.00775889027864], [0.000359271944035, -0.000134647270897, 0.00132901279721, -0.00029376312159, 0.00137718685437, 0.000825541035738, 0.000782921735663, 0.000936080410611, 0.000410691834986, 0.00184648064896, 0.00330704008229, -0.00775889027864, 0.0134226428345]]
    },
    "melbands": {
        "mean": [4.3473795813e-05, 0.000145792073454, 0.000228420089115, 0.000229960685829, 0.000266548770014, 0.000147736805957, 9.97091556201e-05, 0.000100159697467, 8.71463125804e-05, 8.10634592199e-05, 0.000113395843073, 8.9403889433e-05, 7.21705364413e-05, 0.000172135478351, 0.000148603445268, 3.52120223397e-05, 3.78662807634e-05, 2.81672837446e-05, 1.95984885067e-05, 2.50601024163e-05, 3.85824823752e-05, 3.91935172956e-05, 1.3766797565e-05, 8.16149349703e-06, 8.15552812128e-06, 1.09575730676e-05, 5.2042482821e-06, 3.47481227436e-06, 2.07003722608e-06, 8.02583372206e-07, 6.80574373746e-07, 3.74758684529e-07, 2.00281988327e-07, 1.50875536065e-07, 6.08151040637e-08, 3.38643069142e-08, 2.13501838431e-08, 8.9628882094e-09, 5.33050092955e-09, 2.56545673594e-09],
        "stdev": [0.000129457082949, 0.000695079739671, 0.000624098465778, 0.000489010242745, 0.000871889234986, 0.000273485784419, 0.000211409613257, 0.000211325605051, 0.000165815275977, 0.000167368358234, 0.000232676204178, 0.000176141998963, 0.000173829044797, 0.000702853896655, 0.00052469066577, 0.000105047984107, 8.44640380819e-05, 7.95170926722e-05, 5.76566853852e-05, 7.8961289546e-05, 0.000112644433102, 0.000173260545125, 5.10499376105e-05, 3.17987796734e-05, 2.73267451121e-05, 5.00350979564e-05, 1.98604593606e-05, 1.37838742376e-05, 8.45804515848e-06, 3.67045686289e-06, 3.1051233691e-06, 1.47218872826e-06, 6.69258156449e-07, 6.07303206834e-07, 2.2405964728e-07, 1.02222578846e-07, 7.78860780315e-08, 2.75522715754e-08, 1.73719154617e-08, 6.79557388139e-09]
    },
    "melbands128": {
        "mean": [2.83444896922e-05, 2.33625487454e-05, 3.12225965899e-05, 0.000114539790957, 0.000192565174075, 0.000126607817947, 0.000147996892338, 0.000298927945551, 0.000304964283714, 0.000187348516192, 0.000169043356436, 0.000320134073263, 0.000273324520094, 0.000228369754041, 0.000156536290888, 0.00010453723371, 8.33588419482e-05, 0.000104271894088, 0.000114050984848, 9.03850013856e-05, 9.81131306617e-05, 0.000109086431621, 8.18447806523e-05, 7.24403944332e-05, 6.34305833955e-05, 8.36820327095e-05, 0.000123787787743, 0.0001177705999, 0.000106511950435, 9.69476604951e-05, 8.19140623207e-05, 7.60016482673e-05, 6.11903014942e-05, 8.22226138553e-05, 8.35852770251e-05, 0.000225689116633, 0.000286215508822, 0.000174311469891, 3.98286429117e-05, 3.0254599551e-05, 3.83557307941e-05, 4.01094148401e-05, 3.50109221472e-05, 4.18119161623e-05, 2.95789159281e-05, 2.65151611529e-05, 2.63116016868e-05, 2.2016449293e-05, 1.5014692508e-05, 1.32231252792e-05, 2.92098447972e-05, 3.12033480441e-05, 4.4368498493e-05, 3.89219057979e-05, 3.21934348904e-05, 5.56073500775e-05, 2.54073256656e-05, 1.75047825905e-05, 7.27934639144e-06, 1.05725894173e-05, 7.41871508581e-06, 7.14673251423e-06, 8.90496994543e-06, 7.25606696506e-06, 9.23869811231e-06, 1.43722982102e-05, 1.00945399026e-05, 4.95815902468e-06, 4.48322134616e-06, 4.22474477091e-06, 2.42304395215e-06, 4.91512491863e-06, 2.68084841082e-06, 1.51060305598e-06, 1.16303692721e-06, 7.91873674189e-07, 6.67393976528e-07, 6.13290126239e-07, 7.85522843216e-07, 6.74803004586e-07, 3.16589137128e-07, 3.25940135326e-07, 2.4706977797e-07, 1.7222578208e-07, 1.91271368521e-07, 1.3928951148e-07, 1.74343298909e-07, 9.80704086828e-08, 5.26427932357e-08, 2.5942275883e-08, 3.71171005042e-08, 3.06173824072e-08, 4.16119547708e-08, 1.97594207663e-08, 1.19505223495e-08, 9.79256498113e-09, 8.47823855565e-09, 7.59563789643e-09, 6.18461371005e-09, 3.49661388732e-09, 2.96548141598e-09, 2.47151143995e-09, 2.09434891651e-09, 1.53978552131e-09, 1.53522183854e-09, 1.37507061293e-09, 1.68563540903e-09, 1.20697640771e-09, 9.84991088693e-10, 8.26172574797e-10, 9.73391256487e-10, 8.59977478118e-10, 7.37858218969e-10, 7.25310145278e-10, 6.56635468221e-10, 5.34828792365e-10, 4.69974170692e-10, 6.54447329662e-11, 1.66724088962e-12, 2.18543043905e-12, 1.63676721916e-12, 1.57509075227e-12, 1.54378343876e-12, 1.51371970514e-12, 1.50112355272e-12, 1.49159937873e-12, 1.48132385264e-12, 1.47018996369e-12],
        "stdev": [3.00684914691e-05, 4.82078321511e-05, 9.00563318282e-05, 0.000591826450545, 0.00102435355075, 0.000498702807818, 0.000532227742951, 0.000993552850559, 0.000811563979369, 0.00044485880062, 0.000441036681877, 0.0015095496783, 0.000976840849034, 0.000645783147775, 0.000376145762857, 0.000242619949859, 0.000190293067135, 0.000349945272319, 0.000307913927827, 0.000263878435362, 0.000339729391271, 0.000288300856482, 0.000218194516492, 0.000211511418456, 0.00014954249491, 0.000257600506302, 0.000434377405327, 0.000298660364933, 0.000351295806468, 0.000246854964644, 0.000207108838367, 0.000254553277045, 0.000255669874605, 0.000301416584989, 0.00022292304493, 0.00123916973826, 0.00152642372996, 0.000842993264087, 0.000131006483571, 0.000121002864034, 0.000218518995098, 0.000140513191582, 9.38335142564e-05, 0.000134031652124, 0.000117591647722, 9.88082465483e-05, 9.66844818322e-05, 9.89657783066e-05, 6.62565144012e-05, 6.23296946287e-05, 0.00011987140897, 0.000132815432153, 0.000189101367141, 0.000147656319314, 0.000116906492622, 0.000358421064448, 0.000123794598039, 9.51068068389e-05, 3.85956154787e-05, 7.65935037634e-05, 3.38678837579e-05, 3.9225724322e-05, 3.08761955239e-05, 4.30966210843e-05, 4.90617094329e-05, 8.31438228488e-05, 5.360913201e-05, 2.48133474088e-05, 2.36025243794e-05, 2.25585808948e-05, 1.50871828737e-05, 2.71938170044e-05, 1.31859733301e-05, 8.75376736076e-06, 1.16904775496e-05, 4.61098215965e-06, 3.76470143237e-06, 2.74567105407e-06, 5.24411825609e-06, 3.97086432713e-06, 1.43012221088e-06, 2.28570957006e-06, 9.47722014644e-07, 1.0643884707e-06, 9.13223004773e-07, 6.73528177231e-07, 1.03856757505e-06, 5.40060113963e-07, 2.14635477391e-07, 1.6459557628e-07, 1.86046136719e-07, 1.09349755917e-07, 1.84604374454e-07, 1.0886066093e-07, 4.29431956661e-08, 4.49586821105e-08, 3.21617683596e-08, 3.49799726962e-08, 2.70829207949e-08, 1.26649446486e-08, 9.49500655878e-09, 8.36896951739e-09, 6.364385019e-09, 3.60703267255e-09, 3.80106657261e-09, 5.56804513607e-09, 6.53266862827e-09, 3.70661434879e-09, 1.98097049875e-09, 1.76460035473e-09, 1.85661463981e-09, 1.66374369837e-09, 8.96990870469e-10, 1.01298447408e-09, 7.94162180462e-10, 3.3897504248e-10, 3.83924114722e-10, 1.11513603906e-10, 3.25604126994e-12, 2.2517113174e-11, 3.37480152331e-12, 3.02286277606e-12, 2.96243823743e-12, 2.90988739181e-12, 2.86929963296e-12, 2.83364998133e-12, 2.80850017721e-12, 2.79457902132e-12]
    },
    "mfcc": {
        "mean": [-764.14666748, 169.228103638, -45.897064209, 13.258441925, -7.71778488159, -0.705910623074, -6.46121311188, 1.33886575699, -3.18884444237, -4.92195701599, -5.24092149734, -2.32798290253, -2.50993537903],
        "cov": [[6975.24169922, -345.330993652, -1576.55578613, 586.042541504, -560.589477539, 172.376663208, -81.4352035522, 177.885543823, -254.708572388, -119.739768982, -262.738372803, -90.2501373291, -148.971923828], [-345.330993652, 1321.47424316, 327.573608398, -154.754669189, 63.8827590942, -184.282852173, -112.220680237, -121.119049072, 34.8932037354, -71.4359817505, -29.7673091888, -145.113952637, -142.627990723], [-1576.55578613, 327.573608398, 933.197021484, 38.2167053223, 178.673370361, -9.70116043091, -23.6553268433, -110.698257446, -12.9641399384, -19.3231773376, -20.7946434021, -59.4755477905, -45.9545288086], [586.042541504, -154.754669189, 38.2167053223, 369.112609863, 46.3900413513, 65.8797607422, 30.2945327759, 14.1609592438, -48.3440551758, -49.5188865662, -59.1073417664, -34.2800483704, -31.9847831726], [-560.589477539, 63.8827590942, 178.673370361, 46.3900413513, 190.138504028, 33.9263839722, 28.3005905151, -6.96290540695, 16.6073665619, -4.75102090836, -6.62228012085, -15.7634468079, -5.76203918457], [172.376663208, -184.282852173, -9.70116043091, 65.8797607422, 33.9263839722, 178.008056641, 94.7773742676, 35.3071212769, -21.2930908203, -34.1691360474, -28.6673336029, 21.3749523163, 36.0439720154], [-81.4352035522, -112.220680237, -23.6553268433, 30.2945327759, 28.3005905151, 94.7773742676, 178.98866272, 89.0536499023, -2.61065888405, -37.0346450806, -28.4375572205, 24.6650180817, 45.753200531], [177.885543823, -121.119049072, -110.698257446, 14.1609592438, -6.96290540695, 35.3071212769, 89.0536499023, 180.915527344, 55.1512565613, -21.0543823242, -20.1463241577, 4.61683082581, 14.1657810211], [-254.708572388, 34.8932037354, -12.9641399384, -48.3440551758, 16.6073665619, -21.2930908203, -2.61065888405, 55.1512565613, 144.68510437, 56.2984085083, 14.7284202576, -19.7706108093, -6.83787870407], [-119.739768982, -71.4359817505, -19.3231773376, -49.5188865662, -4.75102090836, -34.1691360474, -37.0346450806, -21.0543823242, 56.2984085083, 195.964431763, 121.710914612, 7.09098720551, -7.37614679337], [-262.738372803, -29.7673091888, -20.7946434021, -59.1073417664, -6.62228012085, -28.6673336029, -28.4375572205, -20.1463241577, 14.7284202576, 121.710914612, 248.984100342, 106.477142334, 7.40842819214], [-90.2501373291, -145.113952637, -59.4755477905, -34.2800483704, -15.7634468079, 21.3749523163, 24.6650180817, 4.61683082581, -19.7706108093, 7.09098720551, 106.477142334, 214.456069946, 109.028617859], [-148.971923828, -142.627990723, -45.9545288086, -31.9847831726, -5.76203918457, 36.0439720154, 45.753200531, 14.1657810211, -6.83787870407, -7.37614679337, 7.40842819214, 109.028617859, 217.865280151]],
        "icov": [[0.000847306568176, -0.00066212087404, 0.0012765644351, -0.00151879282203, 0.00175344187301, -0.00166186632123, 0.00153312599286, -0.00128265249077, 0.00165459583513, -0.00125982658938, 0.00119660841301, -0.000480328541016, 0.000483911077026], [-0.00066212087404, 0.00180666067172, -0.00123785855249, 0.001696411171, -0.00169217353687, 0.00240409676917, -0.00146052450873, 0.00180718756747, -0.00189121102449, 0.00225145439617, -0.00143719324842, 0.00111578160431, -2.79650575976e-05], [0.0012765644351, -0.00123785855249, 0.00342196808197, -0.00238762935624, 0.0014000015799, -0.00247956090607, 0.00215172371827, -0.00113959342707, 0.00248781195842, -0.00183937698603, 0.00180891633499, -0.000598848972004, 0.000757236150093], [-0.00151879282203, 0.001696411171, -0.00238762935624, 0.00621548481286, -0.00403253408149, 0.00237526535057, -0.00247808918357, 0.00195418298244, -0.00190094287973, 0.00272510107607, -0.0018497192068, 0.00129280320834, -0.000176813686267], [0.00175344187301, -0.00169217353687, 0.0014000015799, -0.00403253408149, 0.0109130023047, -0.00468046590686, 0.00211086194031, -0.00207767612301, 0.00188454426825, -0.0025942735374, 0.00211338186637, -0.000819108448923, 0.000858585117385], [-0.00166186632123, 0.00240409676917, -0.00247956090607, 0.00237526535057, -0.00468046590686, 0.012848585844, -0.00739632965997, 0.00365739664994, -0.00309642753564, 0.00356560596265, -0.00228117126971, 0.00105360441376, -0.00109695130959], [0.00153312599286, -0.00146052450873, 0.00215172371827, -0.00247808918357, 0.00211086194031, -0.00739632965997, 0.0136401141062, -0.00752324843779, 0.00468563847244, -0.00246254680678, 0.00269930390641, -0.00134789361618, -0.000267191557214], [-0.00128265249077, 0.00180718756747, -0.00113959342707, 0.00195418298244, -0.00207767612301, 0.00365739664994, -0.00752324843779, 0.0126084303483, -0.00763296615332, 0.00446810759604, -0.00249424250796, 0.00122667464893, -0.000164704906638], [0.00165459583513, -0.00189121102449, 0.00248781195842, -0.00190094287973, 0.00188454426825, -0.00309642753564, 0.00468563847244, -0.00763296615332, 0.0143414661288, -0.00661274511367, 0.00354157178663, -0.000676803232636, 0.000657865661196], [-0.00125982658938, 0.00225145439617, -0.00183937698603, 0.00272510107607, -0.0025942735374, 0.00356560596265, -0.00246254680678, 0.00446810759604, -0.00661274511367, 0.0126658640802, -0.00760773662478, 0.00397886009887, -0.00131850363687], [0.00119660841301, -0.00143719324842, 0.00180891633499, -0.0018497192068, 0.00211338186637, -0.00228117126971, 0.00269930390641, -0.00249424250796, 0.00354157178663, -0.00760773662478, 0.0108377309516, -0.00628525437787, 0.00264638848603], [-0.000480328541016, 0.00111578160431, -0.000598848972004, 0.00129280320834, -0.000819108448923, 0.00105360441376, -0.00134789361618, 0.00122667464893, -0.000676803232636, 0.00397886009887, -0.00628525437787, 0.010380837135, -0.00439496152103], [0.000483911077026, -2.79650575976e-05, 0.000757236150093, -0.000176813686267, 0.000858585117385, -0.00109695130959, -0.000267191557214, -0.000164704906638, 0.000657865661196, -0.00131850363687, 0.00264638848603, -0.00439496152103, 0.00739278551191]]
    },
    "spectral_contrast_coeffs": {
        "mean": [-0.67233300209, -0.7120834589, -0.680716633797, -0.711599230766, -0.727548480034, -0.764225721359],
        "stdev": [0.10560619086, 0.0751881599426, 0.0866794958711, 0.0726667419076, 0.0796253085136, 0.0576905682683]
    },
    "spectral_contrast_valleys": {
        "mean": [-8.39316082001, -7.86149024963, -8.42352867126, -8.94315242767, -9.48045063019, -12.6624689102],
        "stdev": [1.67190539837, 1.75405728817, 1.73070251942, 1.6589628458, 1.59179759026, 1.22681796551]
    }
},
"rhythm": {
    "beats_count": 146,
    "beats_loudness": {
        "mean": 0.0116895716637,
        "stdev": 0.0141696110368
    },
    "bpm": 120.249015808,
    "bpm_histogram_first_peak_bpm": 120,
    "bpm_histogram_first_peak_weight": 0.558823525906,
    "bpm_histogram_second_peak_bpm": 126,
    "bpm_histogram_second_peak_spread": 0.0400000214577,
    "bpm_histogram_second_peak_weight": 0.165517240763,
    "danceability": 0.834897518158,
    "onset_rate": 1.64984500408,
    "beats_loudness_band_ratio": {
        "mean": [0.144959628582, 0.233598574996, 0.246595695615, 0.278423786163, 0.127980425954, 0.0209898762405],
        "stdev": [0.164368093014, 0.234033048153, 0.194540634751, 0.213189989328, 0.133437111974, 0.0443897992373]
    },
    "beats_position": [0.510838985443, 1.03328800201, 1.55573689938, 2.07818579674, 2.58902478218, 3.06503391266, 3.54104304314, 4.01705217361, 4.5046710968, 4.98067998886, 5.45668935776, 5.93269824982, 6.40870714188, 6.88471651077, 7.36072540283, 7.83673477173, 8.31274318695, 8.78875255585, 9.26476192474, 9.75238037109, 10.22838974, 10.7276191711, 11.2268476486, 11.7260770798, 12.2485256195, 12.7709751129, 13.2934236526, 13.7810430527, 14.2570514679, 14.7446708679, 15.2322902679, 15.7082986832, 16.1843090057, 16.6719264984, 17.1595458984, 17.6471652985, 18.1347846985, 18.6340141296, 19.1332416534, 19.6440811157, 20.1433105469, 20.642539978, 21.153377533, 21.6642169952, 22.1750564575, 22.6742858887, 23.1735134125, 23.6843528748, 24.195192337, 24.6944217682, 25.1936511993, 25.7044887543, 26.2153282166, 26.7261676788, 27.22539711, 27.7246246338, 28.2238540649, 28.7230834961, 29.2223129272, 29.7215423584, 30.2207698822, 30.7199993134, 31.2308387756, 31.7416782379, 32.2525177002, 32.7517471313, 33.2509727478, 33.750202179, 34.2610435486, 34.7718811035, 35.2827186584, 35.7819480896, 36.2811775208, 36.7687988281, 37.2680282593, 37.7672538757, 38.2548751831, 38.7541046143, 39.2417221069, 39.7409515381, 40.2285690308, 40.7161903381, 41.2038078308, 41.703037262, 42.2022666931, 42.6898841858, 43.1658935547, 43.6419029236, 44.129524231, 44.6635818481, 45.2092514038, 45.7549209595, 46.2889785767, 46.8230361938, 47.3687057495, 47.9027671814, 48.4368247986, 48.9708824158, 49.4817237854, 49.9925613403, 50.5033988953, 51.0026283264, 51.5018577576, 52.0010871887, 52.5003166199, 52.999546051, 53.4987754822, 53.9863929749, 54.485622406, 54.9732398987, 55.4840812683, 55.9949188232, 56.4709281921, 56.9237174988, 57.3765068054, 57.8409042358, 58.3285255432, 58.8161430359, 59.3037643433, 59.7797737122, 60.2673912048, 60.7550086975, 61.2426300049, 61.7186393738, 62.1946487427, 62.6938781738, 63.1814956665, 63.6807250977, 64.1799545288, 64.67918396, 65.1784133911, 65.6892471313, 66.1768722534, 66.6761016846, 67.1521072388, 67.6397247314, 68.1273422241, 68.6381835938, 69.1374130249, 69.6366424561, 70.1590881348, 70.6699295044, 71.180770874, 71.6916122437, 72.2024459839, 72.7132873535],
    "bpm_histogram": [0, 0, 0, 0, 0, 0, 0, 0, 0, 0, 0, 0, 0, 0, 0, 0, 0, 0, 0, 0, 0, 0, 0, 0, 0, 0, 0, 0, 0, 0, 0, 0, 0, 0, 0, 0, 0, 0, 0, 0, 0, 0, 0, 0, 0, 0, 0, 0, 0, 0, 0, 0, 0, 0, 0, 0, 0, 0, 0, 0, 0, 0, 0, 0, 0, 0, 0, 0, 0, 0, 0, 0, 0, 0, 0, 0, 0, 0, 0, 0, 0, 0, 0, 0, 0, 0, 0, 0, 0, 0, 0, 0, 0, 0, 0, 0, 0, 0, 0, 0, 0, 0, 0, 0, 0, 0, 0, 0, 0, 0, 0.0206896550953, 0, 0.0413793101907, 0, 0, 0.0482758618891, 0, 0.193103447556, 0, 0, 0.310344815254, 0, 0, 0.20000000298, 0, 0, 0.165517240763, 0, 0, 0.00689655169845, 0, 0, 0, 0.0137931033969, 0, 0, 0, 0, 0, 0, 0, 0, 0, 0, 0, 0, 0, 0, 0, 0, 0, 0, 0, 0, 0, 0, 0, 0, 0, 0, 0, 0, 0, 0, 0, 0, 0, 0, 0, 0, 0, 0, 0, 0, 0, 0, 0, 0, 0, 0, 0, 0, 0, 0, 0, 0, 0, 0, 0, 0, 0, 0, 0, 0, 0, 0, 0, 0, 0, 0, 0, 0, 0, 0, 0, 0, 0, 0, 0, 0, 0, 0, 0, 0, 0, 0, 0, 0, 0, 0, 0, 0, 0, 0, 0, 0, 0, 0, 0, 0, 0, 0, 0, 0, 0, 0, 0, 0, 0, 0, 0, 0, 0, 0, 0, 0, 0, 0, 0, 0]
},
"tonal": {
    "chords_changes_rate": 0.0917721539736,
    "chords_number_rate": 0.0145569620654,
    "chords_strength": {
        "mean": 0.39103859663,
        "stdev": 0.0949708670378
    },
    "hpcp_crest": {
        "mean": 14.0771121979,
        "stdev": 6.16804265976
    },
    "hpcp_entropy": {
        "mean": 1.79468882084,
        "stdev": 0.632247447968
    },
    "key_edma": {
        "strength": 0.148902252316,
        "key": "C#",
        "scale": "minor"
    },
    "key_krumhansl": {
        "strength": 0.150303706527,
        "key": "C#",
        "scale": "minor"
    },
    "key_temperley": {
        "strength": 0.152395278215,
        "key": "C#",
        "scale": "minor"
    },
    "tuning_diatonic_strength": 0.0517707616091,
    "tuning_equal_tempered_deviation": 0.048399195075,
    "tuning_frequency": 441.527557373,
    "tuning_nontempered_energy_ratio": 0.69818508625,
    "hpcp": {
        "mean": [0.178277149796, 0.11524964124, 0.0694235861301, 0.153433263302, 0.117979824543, 0.0686206817627, 0.126187309623, 0.0922309011221, 0.0732735693455, 0.145551890135, 0.111939452589, 0.0930964872241, 0.190841302276, 0.137628391385, 0.0886243730783, 0.172167345881, 0.120110176504, 0.0995501205325, 0.171485751867, 0.113781824708, 0.107637085021, 0.178364813328, 0.124931693077, 0.115491144359, 0.178787797689, 0.117325991392, 0.10382194072, 0.177888810635, 0.119629003108, 0.109245367348, 0.191807240248, 0.136676087976, 0.104691654444, 0.167421653867, 0.117521896958, 0.103246048093],
        "stdev": [0.298606723547, 0.216017082334, 0.144964650273, 0.284749805927, 0.232956573367, 0.133047744632, 0.258199781179, 0.192762598395, 0.141584068537, 0.272458076477, 0.217492327094, 0.164256095886, 0.305518567562, 0.239087298512, 0.164931342006, 0.299429744482, 0.224705636501, 0.173778057098, 0.294669896364, 0.196712017059, 0.199435025454, 0.30057027936, 0.218164473772, 0.216090768576, 0.292375534773, 0.222892656922, 0.191699460149, 0.291099756956, 0.209992900491, 0.188953980803, 0.297547012568, 0.227347776294, 0.197171151638, 0.282110959291, 0.21707329154, 0.18912564218]
    },
    "chords_histogram": [7.27848100662, 0.189873412251, 1.58227849007, 4.17721509933, 4.30379724503, 1.32911396027, 5.5063290596, 8.9873418808, 2.27848100662, 1.07594931126, 4.43037986755, 5.56962013245, 2.91139245033, 2.02531647682, 5, 6.20253181458, 2.27848100662, 2.84810137749, 8.35443019867, 1.51898729801, 3.67088603973, 8.41772174835, 8.48101234436, 1.58227849007],
    "thpcp": [1, 0.712570011616, 0.545817017555, 0.872864127159, 0.612708330154, 0.538280248642, 0.929459989071, 0.600861787796, 0.361944556236, 0.79993468523, 0.615095794201, 0.357758551836, 0.657886087894, 0.480852037668, 0.382016688585, 0.758844614029, 0.583603918552, 0.485364824533, 0.994964003563, 0.717534899712, 0.462049156427, 0.89760607481, 0.626202523708, 0.519011259079, 0.894052565098, 0.593209207058, 0.561173200607, 0.929916977882, 0.651339828968, 0.602120876312, 0.93212223053, 0.611687004566, 0.541282713413, 0.927435338497, 0.623693883419, 0.569558084011],
    "chords_key": "C#",
    "chords_scale": "major"
}
}