{
"metadata": {
    "version": {
        "essentia": "2.1-dev",
        "essentia_git_sha": "v2.1_beta3-415-gd5473f3",
        "extractor": "music 2.0"
    },
    "audio_properties": {
        "analysis": {
            "equal_loudness": 0,
            "length": 301.897125244,
            "sample_rate": 44100,
            "start_time": 0,
            "downmix": "mix"
        },
        "bit_rate": 64000,
        "length": 301.897155762,
        "lossless": 0,
        "number_channels": 2,
        "replay_gain": 2.08062171936,
        "sample_rate": 22050,
        "codec": "mp3",
        "md5_encoded": "0e35aac4f8db86b3990525d9a00e29d9"
    },
    "tags": {
        "file_name": "schumann-concerto_per_violoncello-langsam.mp3"
    }
},
"lowlevel": {
    "average_loudness": 0.00712555693462,
    "barkbands_crest": {
        "mean": 14.532752037,
        "stdev": 5.72541570663
    },
    "barkbands_flatness_db": {
        "mean": 0.295506030321,
        "stdev": 0.0551513358951
    },
    "barkbands_kurtosis": {
        "mean": 10.7773723602,
        "stdev": 19.0980815887
    },
    "barkbands_skewness": {
        "mean": 2.17601680756,
        "stdev": 1.81119942665
    },
    "barkbands_spread": {
        "mean": 6.3701748848,
        "stdev": 4.20826911926
    },
    "dissonance": {
        "mean": 0.386710852385,
        "stdev": 0.0530714094639
    },
    "dynamic_complexity": 6.59011602402,
    "erbbands_crest": {
        "mean": 15.083065033,
        "stdev": 6.89202070236
    },
    "erbbands_flatness_db": {
        "mean": 0.306692093611,
        "stdev": 0.0446728728712
    },
    "erbbands_kurtosis": {
        "mean": 2.75092172623,
        "stdev": 5.60165262222
    },
    "erbbands_skewness": {
        "mean": 1.03385579586,
        "stdev": 1.19724833965
    },
    "erbbands_spread": {
        "mean": 16.4455928802,
        "stdev": 8.43082046509
    },
    "hfc": {
        "mean": 6.63535451889,
        "stdev": 11.992972374
    },
    "loudness_ebu128": {
        "integrated": -27.694393158,
        "loudness_range": 17.1804180145,
        "momentary": {
            "mean": -32.9808921814,
            "stdev": 6.6807346344
        },
        "short_term": {
            "mean": -31.9539985657,
            "stdev": 5.60718297958
        }
    },
    "melbands_crest": {
        "mean": 18.1957893372,
        "stdev": 6.86638736725
    },
    "melbands_flatness_db": {
        "mean": 0.333080559969,
        "stdev": 0.0649319440126
    },
    "melbands_kurtosis": {
        "mean": 14.8729028702,
        "stdev": 21.5456790924
    },
    "melbands_skewness": {
        "mean": 2.48345589638,
        "stdev": 1.81629800797
    },
    "melbands_spread": {
        "mean": 8.92381763458,
        "stdev": 6.74339294434
    },
    "pitch_salience": {
        "mean": 0.45757240057,
        "stdev": 0.14231608808
    },
    "silence_rate_20dB": {
        "mean": 0.999461650848,
        "stdev": 0.0231955572963
    },
    "silence_rate_30dB": {
        "mean": 0.981465816498,
        "stdev": 0.134874641895
    },
    "silence_rate_60dB": {
        "mean": 0.393140047789,
        "stdev": 0.488426327705
    },
    "spectral_centroid": {
        "mean": 573.76550293,
        "stdev": 254.72303772
    },
    "spectral_complexity": {
        "mean": 7.27255249023,
        "stdev": 4.99292755127
    },
    "spectral_decrease": {
        "mean": -3.64208019299e-09,
        "stdev": 7.61054064213e-09
    },
    "spectral_energy": {
        "mean": 0.014347910881,
        "stdev": 0.0297283623368
    },
    "spectral_energyband_high": {
        "mean": 1.458081897e-05,
        "stdev": 4.34040630353e-05
    },
    "spectral_energyband_low": {
        "mean": 0.0016314717941,
        "stdev": 0.0114077068865
    },
    "spectral_energyband_middle_high": {
        "mean": 0.00191891053692,
        "stdev": 0.00396235799417
    },
    "spectral_energyband_middle_low": {
        "mean": 0.0111535191536,
        "stdev": 0.0238667782396
    },
    "spectral_entropy": {
        "mean": 6.13312244415,
        "stdev": 0.516060352325
    },
    "spectral_flux": {
        "mean": 0.0291075445712,
        "stdev": 0.0295790173113
    },
    "spectral_kurtosis": {
        "mean": 22.3637771606,
        "stdev": 14.242105484
    },
    "spectral_rms": {
        "mean": 0.00287992716767,
        "stdev": 0.00238829990849
    },
    "spectral_rolloff": {
        "mean": 709.099182129,
        "stdev": 434.426239014
    },
    "spectral_skewness": {
        "mean": 3.19590640068,
        "stdev": 1.08435797691
    },
    "spectral_spread": {
        "mean": 1995854,
        "stdev": 647826
    },
    "spectral_strongpeak": {
        "mean": 0.976586520672,
        "stdev": 1.00095903873
    },
    "zerocrossingrate": {
        "mean": 0.0268973764032,
        "stdev": 0.0128498468548
    },
    "barkbands": {
        "mean": [9.63041998148e-07, 0.000255033606663, 0.00115449540317, 0.000484124495415, 0.00261041754857, 0.00567209674045, 0.000604737200774, 0.000948910077568, 0.000604117056355, 0.000744323479012, 0.000201896182261, 0.000312211574055, 0.0002223047195, 0.000170803337824, 0.000113302834507, 0.000107168176328, 6.99735392118e-05, 3.34340365953e-05, 1.78376521944e-05, 1.04905439002e-05, 3.75487979909e-06, 3.19588161801e-06, 1.13913915811e-06, 1.0304307807e-06, 1.31022446226e-07, 4.5655140779e-10, 4.86331142024e-10],
        "stdev": [6.02888894718e-06, 0.00136016565375, 0.00993871875107, 0.00162518280558, 0.0072398702614, 0.0170667022467, 0.00201170146465, 0.00354496436194, 0.00220800703391, 0.00217851414345, 0.000925645173993, 0.00126751791686, 0.000726092373952, 0.000523369410075, 0.000428953993833, 0.000335138320224, 0.000209553007153, 9.92936475086e-05, 6.25945394859e-05, 3.59203804692e-05, 1.37352399179e-05, 1.26065751829e-05, 4.06238814321e-06, 3.66223048331e-06, 5.48703269487e-07, 1.44837353222e-09, 1.54355217497e-09]
    },
    "erbbands": {
        "mean": [0.00267127086408, 0.0977259427309, 1.15252482891, 1.46654510498, 3.38282608986, 9.0837392807, 29.8767910004, 52.6326828003, 14.8903331757, 11.0469894409, 20.663318634, 17.2040195465, 19.6911869049, 14.1359586716, 10.2792034149, 14.7257270813, 10.9189910889, 7.92765569687, 9.81265354156, 5.84599971771, 4.90657043457, 3.22586035728, 2.05064797401, 1.14964842796, 0.746601462364, 0.468243837357, 0.274330109358, 0.105308301747, 0.0924320369959, 0.0878673791885, 0.0360648930073, 0.0294302646071, 0.0113584315404, 0.00300488597713, 0.000103400860098, 1.32521354317e-05, 5.81041967962e-06, 1.3188093817e-06, 6.98058374837e-06, 1.61690641107e-05],
        "stdev": [0.010238841176, 0.634171485901, 9.93354225159, 5.92986774445, 8.78664207458, 26.6867370605, 123.390953064, 168.622451782, 42.0593605042, 42.7570762634, 80.2336578369, 64.1928787231, 54.8970413208, 39.2789535522, 40.6027641296, 63.4382133484, 32.627948761, 21.1336135864, 33.138835907, 17.046257019, 14.4174556732, 8.01389026642, 5.48512029648, 3.87218594551, 2.58982992172, 1.44273221493, 0.866156995296, 0.43488663435, 0.35102558136, 0.362443953753, 0.127582445741, 0.110988222063, 0.0384310558438, 0.0116739552468, 0.000399308133638, 2.75143192994e-05, 1.14088488772e-05, 2.51693222708e-06, 1.41317323141e-05, 3.31553455908e-05]
    },
    "gfcc": {
        "mean": [-191.506942749, 179.795822144, -160.046844482, 0.212629213929, -66.2666244507, -17.2749671936, -42.4335441589, -26.1689567566, -5.47109699249, -28.668296814, 7.00151872635, -18.4685459137, 8.7444601059],
        "cov": [[8633.234375, -194.599578857, -1007.80621338, 115.558074951, 117.400619507, -213.081222534, 92.1343460083, -71.9404983521, 36.9712333679, 26.8424091339, -67.9117889404, -55.1647834778, -118.154258728], [-194.599578857, 673.649353027, 486.854675293, -11.7683410645, 273.476654053, 58.0338554382, 178.804489136, 59.6808586121, -22.6974964142, -82.0797119141, -113.185775757, -90.2229156494, -101.606063843], [-1007.80621338, 486.854675293, 833.043945312, 219.324569702, 199.404022217, 63.511100769, 56.7386016846, 36.2493209839, -16.5577754974, -47.4033851624, -37.5575675964, -20.5167999268, -27.3787612915], [115.558074951, -11.7683410645, 219.324569702, 489.575012207, 89.233291626, 148.854598999, 9.85039138794, 36.4578208923, 25.3355083466, -14.4401254654, 10.829076767, -7.88171672821, 18.0131206512], [117.400619507, 273.476654053, 199.404022217, 89.233291626, 262.376922607, 97.5998916626, 94.7502212524, 37.7164726257, -0.785390496254, -15.6098651886, -39.9798355103, -30.7815666199, -36.561340332], [-213.081222534, 58.0338554382, 63.511100769, 148.854598999, 97.5998916626, 268.169799805, 127.957862854, 88.3178939819, 31.4407806396, -6.53069162369, -18.3938922882, -42.2908973694, -22.6438655853], [92.1343460083, 178.804489136, 56.7386016846, 9.85039138794, 94.7502212524, 127.957862854, 197.28427124, 93.1287384033, 24.2551994324, 1.14098620415, -28.8948745728, -33.9324951172, -47.0904769897], [-71.9404983521, 59.6808586121, 36.2493209839, 36.4578208923, 37.7164726257, 88.3178939819, 93.1287384033, 127.074119568, 57.2574958801, 12.5052070618, -5.77845954895, -23.2453517914, -11.423573494], [36.9712333679, -22.6974964142, -16.5577754974, 25.3355083466, -0.785390496254, 31.4407806396, 24.2551994324, 57.2574958801, 123.826545715, 87.9711761475, 46.5193557739, 22.770608902, 3.52420353889], [26.8424091339, -82.0797119141, -47.4033851624, -14.4401254654, -15.6098651886, -6.53069162369, 1.14098620415, 12.5052070618, 87.9711761475, 165.967025757, 120.863693237, 52.3526229858, 12.6112747192], [-67.9117889404, -113.185775757, -37.5575675964, 10.829076767, -39.9798355103, -18.3938922882, -28.8948745728, -5.77845954895, 46.5193557739, 120.863693237, 164.682739258, 90.1752243042, 25.9615249634], [-55.1647834778, -90.2229156494, -20.5167999268, -7.88171672821, -30.7815666199, -42.2908973694, -33.9324951172, -23.2453517914, 22.770608902, 52.3526229858, 90.1752243042, 118.051498413, 62.1882743835], [-118.154258728, -101.606063843, -27.3787612915, 18.0131206512, -36.561340332, -22.6438655853, -47.0904769897, -11.423573494, 3.52420353889, 12.6112747192, 25.9615249634, 62.1882743835, 112.289176941]],
        "icov": [[0.000190692560864, -9.96255184873e-05, 0.000420722179115, -0.000350178132067, -0.000233357888646, 0.000472889660159, -0.000306365342112, 0.000162890879437, -9.40782483667e-05, -5.65011687286e-05, 0.000140357544296, -4.18385097873e-05, 0.000176752422703], [-9.96255184873e-05, 0.00870086252689, -0.00430266140029, 0.00265810848214, -0.00528776086867, 0.00277896039188, -0.00614925567061, 0.00230981386267, -0.00355208665133, 0.00489928340539, -0.00219377875328, 0.0042649069801, 0.000494075298775], [0.000420722179115, -0.00430266140029, 0.00451045995578, -0.00262964330614, 0.000937449454796, 0.000117693205539, 0.00228455592878, -0.00125759537332, 0.00181778240949, -0.00220297649503, 0.00140288076364, -0.00248065381311, 0.00046994103468], [-0.000350178132067, 0.00265810848214, -0.00262964330614, 0.00455654971302, -0.00163791119121, -0.00198095152155, -3.69960594071e-06, 0.000750273407903, -0.00218929280527, 0.00311694201082, -0.00258864439093, 0.00236804783344, -0.00118770089466], [-0.000233357888646, -0.00528776086867, 0.000937449454796, -0.00163791119121, 0.00975173618644, -0.00352707738057, 0.00256075710058, -0.00133563717827, 0.00342524680309, -0.00484384456649, 0.00362793449312, -0.00397802190855, 0.000663858372718], [0.000472889660159, 0.00277896039188, 0.000117693205539, -0.00198095152155, -0.00352707738057, 0.00999360904098, -0.00712694926187, 0.000288091599941, -0.0025849181693, 0.00320158083923, -0.00264042546041, 0.00445540202782, -0.000869479204994], [-0.000306365342112, -0.00614925567061, 0.00228455592878, -3.69960594071e-06, 0.00256075710058, -0.00712694926187, 0.0179963074625, -0.00993956066668, 0.00654127355665, -0.00753182265908, 0.00619981857017, -0.00801059324294, 0.00424714758992], [0.000162890879437, 0.00230981386267, -0.00125759537332, 0.000750273407903, -0.00133563717827, 0.000288091599941, -0.00993956066668, 0.0200108960271, -0.0120340511203, 0.00800174474716, -0.00648691318929, 0.00858293287456, -0.00444949464872], [-9.40782483667e-05, -0.00355208665133, 0.00181778240949, -0.00218929280527, 0.00342524680309, -0.0025849181693, 0.00654127355665, -0.0120340511203, 0.0232478175312, -0.0173089914024, 0.0102141769603, -0.00974727701396, 0.00384528073482], [-5.65011687286e-05, 0.00489928340539, -0.00220297649503, 0.00311694201082, -0.00484384456649, 0.00320158083923, -0.00753182265908, 0.00800174474716, -0.0173089914024, 0.0281105432659, -0.0207725893706, 0.0118499360979, -0.00431348662823], [0.000140357544296, -0.00219377875328, 0.00140288076364, -0.00258864439093, 0.00362793449312, -0.00264042546041, 0.00619981857017, -0.00648691318929, 0.0102141769603, -0.0207725893706, 0.0284378416836, -0.0196361579001, 0.00782126747072], [-4.18385097873e-05, 0.0042649069801, -0.00248065381311, 0.00236804783344, -0.00397802190855, 0.00445540202782, -0.00801059324294, 0.00858293287456, -0.00974727701396, 0.0118499360979, -0.0196361579001, 0.0299110785127, -0.0131030483171], [0.000176752422703, 0.000494075298775, 0.00046994103468, -0.00118770089466, 0.000663858372718, -0.000869479204994, 0.00424714758992, -0.00444949464872, 0.00384528073482, -0.00431348662823, 0.00782126747072, -0.0131030483171, 0.0170252472162]]
    },
    "melbands": {
        "mean": [4.41607517132e-05, 0.000431264255894, 0.000299731327686, 0.00042072578799, 0.0009318641969, 0.00110941729508, 0.000199083937332, 0.000130920278025, 0.000169731749338, 9.68723616097e-05, 0.000101160461782, 6.37524426566e-05, 3.15492907248e-05, 3.42208368238e-05, 2.69699812634e-05, 2.4752889658e-05, 1.32798868435e-05, 1.74380420503e-05, 7.18432920621e-06, 8.57351005834e-06, 5.52443270863e-06, 3.70573502551e-06, 2.43410681833e-06, 1.40222141454e-06, 8.84119117472e-07, 5.85697137012e-07, 4.07676594705e-07, 2.91780992256e-07, 2.05955558386e-07, 9.88669057733e-08, 4.81880242376e-08, 5.16942399997e-08, 6.01008949275e-08, 3.80314304493e-08, 2.00567313868e-08, 1.84152284533e-08, 1.70416409873e-08, 8.21513790328e-09, 5.18990583842e-09, 1.37072486694e-09],
        "stdev": [0.000198010675376, 0.0036032947246, 0.00106418249197, 0.00117747765034, 0.00346320820972, 0.00339664821513, 0.00057932396885, 0.000533604703378, 0.000669415690936, 0.000361702375812, 0.000294830853818, 0.000194539345102, 0.000146629376104, 0.000121187149489, 0.000103433209006, 8.45916365506e-05, 4.09979766118e-05, 5.86944479437e-05, 2.36045925703e-05, 2.84268007817e-05, 1.93165287783e-05, 1.03545125967e-05, 6.95833432474e-06, 4.76743616673e-06, 3.28594933308e-06, 2.02592605092e-06, 1.68787187249e-06, 9.02378531009e-07, 6.42222403258e-07, 4.48126115771e-07, 2.21500812358e-07, 2.17822375248e-07, 2.35800911241e-07, 1.63144505905e-07, 7.83422464679e-08, 6.37950492433e-08, 6.811736597e-08, 2.9036419491e-08, 1.88402236034e-08, 6.88508672297e-09]
    },
    "melbands128": {
        "mean": [7.61221713219e-07, 8.39028598421e-06, 3.71237874788e-05, 0.000156996713486, 0.000568842981011, 0.000515508814715, 0.000275458820397, 0.000254134298302, 0.0002953785297, 0.000479355017887, 0.000391574285459, 0.000699711265042, 0.00106697052252, 0.00104996794835, 0.00162244017702, 0.000779213383794, 0.000255874358118, 0.000131679888, 9.68878084677e-05, 0.000101279634691, 0.000192080042325, 0.000139288822538, 0.000228705845075, 9.23165280255e-05, 0.000124508820591, 9.44185158005e-05, 3.33198368025e-05, 0.000116923009045, 0.000146735546878, 8.38905471028e-05, 3.33545795002e-05, 1.72615254996e-05, 3.82237340091e-05, 3.92645415559e-05, 1.87992391147e-05, 3.16152472806e-05, 6.9271409302e-05, 1.19657543109e-05, 1.76024477696e-05, 2.50660814345e-05, 3.62687351299e-05, 1.16106803034e-05, 8.33946614875e-06, 1.70565726876e-05, 1.86425622815e-05, 1.7117610696e-05, 1.79157013918e-05, 3.63076105714e-06, 3.38464451488e-06, 1.09838347271e-05, 1.07992527774e-05, 5.3016046877e-06, 3.5190730614e-06, 7.27765336705e-06, 6.21914159638e-06, 2.86889962808e-06, 1.79325252248e-06, 3.10887503474e-06, 2.45470050686e-06, 1.56087025971e-06, 1.48878518758e-06, 1.15068428386e-06, 1.01175305645e-06, 8.335819075e-07, 6.03368619068e-07, 5.51557434392e-07, 6.1092453052e-07, 5.3240643183e-07, 2.87568070689e-07, 3.54868149088e-07, 2.77574713436e-07, 2.67581668822e-07, 3.2873427358e-07, 1.55702196025e-07, 1.09613147004e-07, 1.54362453486e-07, 5.35782440636e-08, 4.94829528463e-08, 3.70055275312e-08, 6.96871111927e-08, 4.48722943247e-08, 5.03907209293e-08, 4.78505128854e-08, 5.3413508283e-08, 8.35778806163e-08, 5.49058327692e-08, 1.67411862151e-08, 1.5443035295e-08, 2.32645334108e-08, 2.08250074962e-08, 1.50370329521e-08, 1.77025452075e-08, 2.37204584863e-08, 2.03144825406e-08, 1.07343938183e-08, 8.53551274105e-09, 8.4720301885e-09, 6.68908217705e-09, 4.60542537439e-09, 5.31399235726e-09, 3.14741011032e-09, 1.06810817135e-10, 4.11717838641e-12, 3.90296258854e-12, 3.72787521338e-12, 3.56397203416e-12, 3.41081004586e-12, 3.26754140238e-12, 3.13339458546e-12, 3.00818918386e-12, 2.89104547593e-12, 2.78176765477e-12, 2.68011958113e-12, 2.58544834847e-12, 2.49776566617e-12, 2.4164932208e-12, 2.34158590955e-12, 2.27283383086e-12, 2.20999260558e-12, 2.1528970013e-12, 2.10154224752e-12, 2.05585331745e-12, 2.01574130651e-12, 1.98130379291e-12, 1.95261667078e-12, 1.92983042741e-12, 1.91309077954e-12, 1.90281687976e-12],
        "stdev": [5.10519657837e-06, 3.21503866871e-05, 0.000150856561959, 0.00095028715441, 0.00505759241059, 0.00426982948557, 0.00115813605953, 0.000920752587263, 0.000845923146699, 0.0017340349732, 0.00150201434735, 0.0026652503293, 0.00566649064422, 0.00525907520205, 0.00577770965174, 0.00276179704815, 0.00120613665786, 0.000640479847789, 0.000436869187979, 0.000457469926914, 0.00105024175718, 0.000523167022038, 0.00119809643365, 0.000394946720917, 0.000758379523177, 0.000334889977239, 0.00010005311924, 0.000425422127591, 0.000641322112642, 0.000292286975309, 0.000140832707984, 9.89161271718e-05, 0.000254882645095, 0.000180763192475, 8.29436539789e-05, 0.0001402546186, 0.000370094145183, 6.9114168582e-05, 8.48999625305e-05, 9.88930187305e-05, 0.000180536138942, 5.11987273057e-05, 3.50939080818e-05, 8.65701949806e-05, 7.59823960834e-05, 6.76741983625e-05, 0.000100709541584, 1.76581179403e-05, 1.1103061297e-05, 4.50220613857e-05, 4.74305488751e-05, 2.01822058443e-05, 2.43758204306e-05, 3.37481178576e-05, 2.66184742941e-05, 1.0402947737e-05, 7.70213682699e-06, 1.14716003736e-05, 1.02471376522e-05, 6.70502458888e-06, 6.77903699398e-06, 6.42496524961e-06, 4.45926116299e-06, 4.24377003583e-06, 2.82710516331e-06, 2.54690598922e-06, 2.3285927e-06, 3.53987820745e-06, 1.34173831157e-06, 1.34957610953e-06, 1.10623523142e-06, 1.12483940029e-06, 1.20032007089e-06, 5.79183108584e-07, 4.60761668819e-07, 9.90251692201e-07, 1.87665690987e-07, 2.85559650592e-07, 1.3459553827e-07, 4.94264440931e-07, 2.21202753892e-07, 2.18473289237e-07, 2.07574558431e-07, 2.48649911327e-07, 4.35079556382e-07, 2.85211683604e-07, 9.08317474568e-08, 7.07490528384e-08, 1.02012343461e-07, 1.0330327882e-07, 5.98440621502e-08, 6.82136231944e-08, 1.31359456645e-07, 1.00684715676e-07, 3.97450037326e-08, 3.47705118031e-08, 3.34547891612e-08, 2.8457748158e-08, 1.97438883021e-08, 2.13762785251e-08, 1.68842966275e-08, 2.53177923071e-09, 1.29577615998e-11, 1.23695359511e-11, 1.18180326636e-11, 1.13003981173e-11, 1.08161986312e-11, 1.03630229398e-11, 9.9385066149e-12, 9.54222464933e-12, 9.17135117851e-12, 8.82521573181e-12, 8.5033161068e-12, 8.2034301227e-12, 7.92563844415e-12, 7.66811353997e-12, 7.4307660719e-12, 7.21295419226e-12, 7.01373464515e-12, 6.83277219526e-12, 6.67002434188e-12, 6.52520181985e-12, 6.39807304359e-12, 6.28888564488e-12, 6.19792325102e-12, 6.12571668737e-12, 6.0726003219e-12, 6.04002741919e-12]
    },
    "mfcc": {
        "mean": [-813.253234863, 187.009307861, -22.1490211487, -1.6753963232, -1.5687264204, -12.9635410309, -18.8596382141, -12.5109195709, -14.5125951767, -9.85867500305, -13.2505140305, -9.1308889389, -8.25366401672],
        "cov": [[7862.74707031, 319.855834961, -1506.10290527, 491.292022705, -395.991088867, 117.783676147, -200.455673218, 83.8286895752, -128.791366577, 220.853057861, -81.2109222412, 178.5284729, -79.9478759766], [319.855834961, 924.647888184, 98.791809082, -8.52100372314, 75.8884658813, -10.2246370316, 143.786621094, 69.7372970581, 85.7959899902, 28.0980834961, 64.7983627319, -15.6356086731, -66.6488113403], [-1506.10290527, 98.791809082, 769.002258301, 134.299026489, 220.08493042, 85.2418212891, 108.432167053, 78.7620162964, 79.1207580566, -1.47583270073, 51.4368476868, -0.453573852777, 20.5433521271], [491.292022705, -8.52100372314, 134.299026489, 337.399597168, 126.134124756, 89.9385223389, 25.4472541809, 43.8914413452, 7.16161632538, 25.6227798462, -8.1587562561, 23.0645637512, 10.7203388214], [-395.991088867, 75.8884658813, 220.08493042, 126.134124756, 241.80859375, 96.9850997925, 66.1106948853, 47.9954109192, 45.5141677856, 15.3090686798, 6.15177631378, -4.14402008057, 4.3185095787], [117.783676147, -10.2246370316, 85.2418212891, 89.9385223389, 96.9850997925, 179.346313477, 90.8162994385, 68.1377029419, 50.6643295288, 44.3174591064, 31.6350536346, 30.0351867676, 28.2473735809], [-200.455673218, 143.786621094, 108.432167053, 25.4472541809, 66.1106948853, 90.8162994385, 192.710037231, 102.07396698, 70.181098938, 42.6596069336, 43.733215332, 13.272482872, 4.05881977081], [83.8286895752, 69.7372970581, 78.7620162964, 43.8914413452, 47.9954109192, 68.1377029419, 102.07396698, 170.554641724, 99.8611450195, 42.5508613586, 26.2506637573, 3.53467774391, -14.1245326996], [-128.791366577, 85.7959899902, 79.1207580566, 7.16161632538, 45.5141677856, 50.6643295288, 70.181098938, 99.8611450195, 158.594894409, 66.9603271484, 29.0532989502, -4.9465303421, -15.0861577988], [220.853057861, 28.0980834961, -1.47583270073, 25.6227798462, 15.3090686798, 44.3174591064, 42.6596069336, 42.5508613586, 66.9603271484, 142.346450806, 66.1604003906, 32.7749519348, 15.5012569427], [-81.2109222412, 64.7983627319, 51.4368476868, -8.1587562561, 6.15177631378, 31.6350536346, 43.733215332, 26.2506637573, 29.0532989502, 66.1604003906, 146.290481567, 68.5021133423, 33.2692222595], [178.5284729, -15.6356086731, -0.453573852777, 23.0645637512, -4.14402008057, 30.0351867676, 13.272482872, 3.53467774391, -4.9465303421, 32.7749519348, 68.5021133423, 140.299407959, 68.5813064575], [-79.9478759766, -66.6488113403, 20.5433521271, 10.7203388214, 4.3185095787, 28.2473735809, 4.05881977081, -14.1245326996, -15.0861577988, 15.5012569427, 33.2692222595, 68.5813064575, 137.181365967]],
        "icov": [[0.000719654606655, -0.000737713999115, 0.00131522864103, -0.00149962480646, 0.00125368812587, -0.0013701657299, 0.00139867304824, -0.00129717821255, 0.00102732889354, -0.00116081140004, 0.00085307500558, -0.000883675354999, 0.000527986034285], [-0.000737713999115, 0.0021971182432, -0.0012433337979, 0.00147318758536, -0.0018147432711, 0.00239759986289, -0.0027320634108, 0.00165300176013, -0.00160564458929, 0.00147704267874, -0.00158332416322, 0.000904208223801, 0.000111523113446], [0.00131522864103, -0.0012433337979, 0.00440219556913, -0.00316220079549, 0.000720126437955, -0.00194807071239, 0.00193433777895, -0.0023084457498, 0.00107393506914, -0.0010550461011, 0.000475541106425, -0.00117900001351, 0.000545269052964], [-0.00149962480646, 0.00147318758536, -0.00316220079549, 0.00748157128692, -0.00422316882759, 0.00142117519863, -0.00183731119614, 0.00140843517147, -0.000537583022378, 0.00113328977022, -0.000410620297771, 0.000811884237919, -0.000723136065062], [0.00125368812587, -0.0018147432711, 0.000720126437955, -0.00422316882759, 0.00994980055839, -0.00531776575372, 0.00231390353292, -0.00161043985281, 0.0011139420094, -0.0018761503743, 0.00216899090447, -0.00084328855155, 0.000848704017699], [-0.0013701657299, 0.00239759986289, -0.00194807071239, 0.00142117519863, -0.00531776575372, 0.0133084654808, -0.00649467809126, 0.00172851246316, -0.00289585115388, 0.00163539627101, -0.00221820920706, 0.000961932411883, -0.00210203416646], [0.00139867304824, -0.0027320634108, 0.00193433777895, -0.00183731119614, 0.00231390353292, -0.00649467809126, 0.0132785122842, -0.00691749807447, 0.00265842187218, -0.00291994144209, 0.00112549611367, -0.00145533168688, 0.000577970291488], [-0.00129717821255, 0.00165300176013, -0.0023084457498, 0.00140843517147, -0.00161043985281, 0.00172851246316, -0.00691749807447, 0.0146278785542, -0.00797634199262, 0.00304634822533, -0.00186534528621, 0.00123427028302, 0.000302242086036], [0.00102732889354, -0.00160564458929, 0.00107393506914, -0.000537583022378, 0.0011139420094, -0.00289585115388, 0.00265842187218, -0.00797634199262, 0.0144889410585, -0.00664484594017, 0.00210589775816, -0.000451416242868, 0.00142030825373], [-0.00116081140004, 0.00147704267874, -0.0010550461011, 0.00113328977022, -0.0018761503743, 0.00163539627101, -0.00291994144209, 0.00304634822533, -0.00664484594017, 0.0137421693653, -0.00606794422492, 0.00138587714173, -0.00127193389926], [0.00085307500558, -0.00158332416322, 0.000475541106425, -0.000410620297771, 0.00216899090447, -0.00221820920706, 0.00112549611367, -0.00186534528621, 0.00210589775816, -0.00606794422492, 0.0131838340312, -0.00591811025515, 0.000530469988007], [-0.000883675354999, 0.000904208223801, -0.00117900001351, 0.000811884237919, -0.00084328855155, 0.000961932411883, -0.00145533168688, 0.00123427028302, -0.000451416242868, 0.00138587714173, -0.00591811025515, 0.0132643030956, -0.00536619406193], [0.000527986034285, 0.000111523113446, 0.000545269052964, -0.000723136065062, 0.000848704017699, -0.00210203416646, 0.000577970291488, 0.000302242086036, 0.00142030825373, -0.00127193389926, 0.000530469988007, -0.00536619406193, 0.0109005011618]]
    },
    "spectral_contrast_coeffs": {
        "mean": [-0.601613163948, -0.654661178589, -0.675697147846, -0.735604286194, -0.770578503609, -0.744632124901],
        "stdev": [0.110721632838, 0.103349402547, 0.083114348352, 0.0769297108054, 0.0578347332776, 0.0504691898823]
    },
    "spectral_contrast_valleys": {
        "mean": [-8.60879802704, -8.01308631897, -9.14660453796, -9.4713602066, -10.0813446045, -13.9341211319],
        "stdev": [1.17879545689, 1.12502360344, 1.00341916084, 0.954925477505, 0.916864931583, 0.752167165279]
    }
},
"rhythm": {
    "beats_count": 553,
    "beats_loudness": {
        "mean": 0.0161933284253,
        "stdev": 0.0350516326725
    },
    "bpm": 129.659301758,
    "bpm_histogram_first_peak_bpm": 129,
    "bpm_histogram_first_peak_weight": 0.478260874748,
    "bpm_histogram_second_peak_bpm": 103,
    "bpm_histogram_second_peak_spread": 0.678832113743,
    "bpm_histogram_second_peak_weight": 0.0797101482749,
    "danceability": 0.865197062492,
    "onset_rate": 1.18575453758,
    "beats_loudness_band_ratio": {
        "mean": [0.135896846652, 0.571963727474, 0.217714264989, 0.118134953082, 0.0315161198378, 0.00196728645824],
        "stdev": [0.187350198627, 0.278010815382, 0.206128492951, 0.143879443407, 0.0534561276436, 0.00400298135355]
    },
    "beats_position": [0.603718817234, 1.20743763447, 1.82276642323, 2.43809509277, 3.04181408882, 3.62231278419, 4.20281171799, 4.78331041336, 5.36380958557, 5.95591831207, 6.54802703857, 7.1517457962, 7.77868461609, 8.40562343597, 9.0093421936, 9.61306095123, 10.2167797089, 10.866938591, 11.5287075043, 12.144036293, 12.7709751129, 13.3863039017, 13.9900226593, 14.6053514481, 15.2090702057, 15.8243989944, 16.4281177521, 17.0434455872, 17.6587753296, 18.2508831024, 18.8429927826, 19.3190021515, 19.7950115204, 20.2710208893, 20.7354183197, 21.2230377197, 21.7106571198, 22.1982765198, 22.6626758575, 23.1270751953, 23.5914726257, 24.0442619324, 24.497051239, 24.9614505768, 25.4258499146, 25.8902492523, 26.343038559, 26.7958278656, 27.2486171722, 27.7014045715, 28.1541938782, 28.6302032471, 29.106212616, 29.593832016, 30.081451416, 30.5690689087, 31.0566883087, 31.6255779266, 32.1944656372, 32.7633552551, 33.332244873, 33.901134491, 34.4700202942, 35.0505218506, 35.6310195923, 36.2231292725, 36.8152389526, 37.4305648804, 38.0458946228, 38.6960525513, 39.334602356, 39.9847602844, 40.6233100891, 41.2618598938, 41.88879776, 42.5157356262, 43.1426734924, 43.7580032349, 44.3733329773, 44.9886627197, 45.6039886475, 46.2541503906, 46.9043083191, 47.5428581238, 48.1349639893, 48.7154655457, 49.2146911621, 49.7139205933, 50.2247619629, 50.6659393311, 51.1071205139, 51.5482978821, 52.0126991272, 52.4538764954, 52.9182739258, 53.3594551086, 53.8006324768, 54.2418136597, 54.6946029663, 55.1473922729, 55.6117897034, 56.0761909485, 56.5405883789, 57.0049858093, 57.4693870544, 57.9337844849, 58.39818573, 58.8509750366, 59.3037643433, 59.7681617737, 60.2325630188, 60.708568573, 61.1961898804, 61.6954193115, 62.1946487427, 62.7751464844, 63.3556442261, 64.0638504028, 64.772064209, 65.4802703857, 66.200088501, 66.8966903687, 67.5932846069, 68.3014984131, 68.9864807129, 69.6714706421, 70.3448486328, 71.0066223145, 71.6103363037, 72.2024459839, 72.7945556641, 73.3866653442, 73.9787750244, 74.5592727661, 75.1513824463, 75.7434921265, 76.3239898682, 76.9044876099, 77.403717041, 77.9261627197, 78.4486160278, 78.8781814575, 79.3193664551, 79.7605438232, 80.2017211914, 80.6661224365, 81.1305236816, 81.5949172974, 82.0593185425, 82.5237197876, 82.9881134033, 83.4525146484, 83.9169158936, 84.3929214478, 84.9153747559, 85.4262084961, 85.9370498657, 86.4595031738, 86.9819488525, 87.5160064697, 88.0152359009, 88.514465332, 89.0136947632, 89.5477523804, 90.0702056885, 90.6042633057, 91.2079772949, 91.788482666, 92.3689804077, 92.9494781494, 93.5299758911, 94.1220855713, 94.7257995605, 95.3527450562, 95.9796829224, 96.6414489746, 97.3032150269, 97.9649887085, 98.6267547607, 99.3001327515, 99.9154663086, 100.519180298, 101.122901917, 101.726615906, 102.330337524, 102.945663452, 103.560997009, 104.187934875, 104.814872742, 105.441810608, 106.091972351, 106.742126465, 107.38067627, 108.030838013, 108.669387817, 109.296325684, 109.92326355, 110.550201416, 111.177139282, 111.804077148, 112.431015015, 113.046348572, 113.650062561, 114.265396118, 114.869110107, 115.472831726, 116.076553345, 116.691879272, 117.3072052, 117.829658508, 118.352104187, 118.862945557, 119.373786926, 119.896232605, 120.395462036, 120.894691467, 121.393920898, 121.89315033, 122.392379761, 122.90322113, 123.437278748, 123.971336365, 124.505393982, 124.993011475, 125.469024658, 125.945030212, 126.467483521, 127.001541138, 127.523986816, 128.058044434, 128.592102051, 129.126159668, 129.578948975, 130.031738281, 130.484527588, 130.937316895, 131.390106201, 131.854507446, 132.307296753, 132.76008606, 133.212875366, 133.677276611, 134.141677856, 134.606079102, 135.070480347, 135.534866333, 135.999267578, 136.463668823, 136.928070068, 137.392471313, 137.856872559, 138.309661865, 138.762451172, 139.226852417, 139.702850342, 140.178863525, 140.643264771, 141.107666016, 141.595275879, 142.082901001, 142.570526123, 143.000091553, 143.429656982, 143.859222412, 144.30039978, 144.741577148, 145.182769775, 145.612335205, 146.053512573, 146.494689941, 146.924255371, 147.365432739, 147.818222046, 148.259414673, 148.758636475, 149.257858276, 149.745483398, 150.32598877, 150.906478882, 151.486984253, 152.055877686, 152.624755859, 153.20526123, 153.785751343, 154.366256714, 154.946762085, 155.527252197, 156.107757568, 156.676635742, 157.245529175, 157.802810669, 158.360092163, 158.917373657, 159.49786377, 160.078369141, 160.658859253, 161.239364624, 161.819854736, 162.400360107, 162.980865479, 163.561355591, 164.130249023, 164.699142456, 165.26802063, 165.836914062, 166.417419434, 166.997909546, 167.578414917, 168.135681152, 168.692962646, 169.250244141, 169.807525635, 170.364807129, 170.922088623, 171.479354858, 172.036636353, 172.617141724, 173.197631836, 173.789749146, 174.381851196, 174.962356567, 175.554458618, 176.146575928, 176.738677979, 177.342407227, 177.946121216, 178.549835205, 179.153549194, 179.745666504, 180.337768555, 180.941497803, 181.55682373, 182.183761597, 182.810699463, 183.426025391, 184.041351318, 184.656692505, 185.272018433, 185.898956299, 186.525894165, 187.141220093, 187.756546021, 188.371871948, 188.987213135, 189.602539062, 190.229476929, 190.868026733, 191.506576538, 192.098678589, 192.690795898, 193.282897949, 193.886611938, 194.490341187, 195.094055176, 195.686157227, 196.278274536, 196.881988525, 197.485717773, 198.019775391, 198.542221069, 199.064666748, 199.598724365, 200.132781982, 200.6668396, 201.189300537, 201.711746216, 202.210968018, 202.721817017, 203.232650757, 203.836364746, 204.440093994, 205.043807983, 205.635910034, 206.228027344, 206.820129395, 207.400634766, 207.981124878, 208.561630249, 209.1537323, 209.803894043, 210.442443848, 211.080993652, 211.719543457, 212.358093262, 212.996643066, 213.635192871, 214.331787109, 215.016769409, 215.713378906, 216.409973145, 217.106567383, 217.791564941, 218.48815918, 219.184753418, 219.892959595, 220.61277771, 221.332611084, 221.994369507, 222.64453125, 223.259857178, 223.875183105, 224.455688477, 225.047790527, 225.628295898, 226.139129639, 226.649978638, 227.149200439, 227.6484375, 228.147659302, 228.646896362, 229.180953979, 229.715011597, 230.249069214, 230.783126831, 231.317184448, 231.839630127, 232.362075806, 232.884536743, 233.360534668, 233.836547852, 234.312561035, 234.788574219, 235.125259399, 235.473556519, 235.821853638, 236.158538818, 236.495239258, 236.831924438, 237.168609619, 237.516906738, 237.853607178, 238.190292358, 238.515365601, 238.85206604, 239.188751221, 239.513824463, 239.850509644, 240.187210083, 240.523895264, 240.883804321, 241.243713379, 241.603622437, 241.951919556, 242.323440552, 242.706573486, 243.078094482, 243.449615479, 243.890792847, 244.331970215, 244.784759521, 245.342041016, 245.89932251, 246.456588745, 247.025482178, 247.59437561, 248.163253784, 248.732147217, 249.301040649, 249.858322144, 250.415603638, 250.961257935, 251.495330811, 252.041000366, 252.586654663, 253.016235352, 253.445800781, 253.875366211, 254.304931641, 254.722900391, 255.15246582, 255.593643188, 256, 256.41796875, 256.835906982, 257.300323486, 257.764709473, 258.217498779, 258.670288086, 259.134674072, 259.56427002, 259.993835449, 260.434997559, 260.876190186, 261.317352295, 261.770141602, 262.222930908, 262.698944092, 263.151733398, 263.616149902, 264.080535889, 264.591369629, 265.102203369, 265.613067627, 266.135498047, 266.646331787, 267.168792725, 267.691253662, 268.213684082, 268.747741699, 269.212158203, 269.676544189, 270.140960693, 270.651794434, 271.174224854, 271.696685791, 272.230743408, 272.753204346, 273.275634766, 273.809692383, 274.34375, 274.889434814, 275.435089111, 275.957550049, 276.479980469, 277.014068604, 277.548126221, 278.209869385, 278.848419189, 279.510192871, 280.160369873, 280.822113037, 281.472290039, 282.1456604, 282.795837402, 283.445983887, 284.119354248, 284.804351807, 285.500946045, 286.185943604, 286.859313965, 287.521087646, 288.194458008, 288.833007812, 289.471557617, 290.121704102, 290.771881104, 291.433654785, 292.08380127, 292.733947754, 293.326080322, 293.929779053, 294.521911621, 295.114013672, 295.706115723, 296.298217773, 296.890319824, 297.482452393, 298.086151123, 298.689880371, 299.363250732, 300.036651611, 300.710021973, 301.371795654],
    "bpm_histogram": [0, 0, 0, 0, 0, 0, 0, 0, 0, 0, 0, 0, 0, 0, 0, 0, 0, 0, 0, 0, 0, 0, 0, 0, 0, 0, 0, 0, 0, 0, 0, 0, 0, 0, 0, 0, 0, 0, 0, 0, 0, 0, 0, 0, 0, 0, 0, 0, 0, 0, 0, 0, 0, 0, 0, 0, 0, 0, 0, 0, 0, 0, 0, 0, 0, 0, 0, 0, 0, 0, 0, 0, 0, 0, 0, 0, 0, 0, 0, 0, 0, 0, 0, 0.00543478270993, 0, 0.00905797071755, 0.0163043476641, 0, 0.0108695654199, 0.0163043476641, 0, 0.0235507246107, 0.0326086953282, 0, 0.0307971015573, 0, 0.0398550741374, 0, 0.0597826093435, 0.0652173906565, 0, 0.0688405781984, 0, 0.0797101482749, 0, 0.0344202890992, 0, 0, 0.0289855077863, 0, 0.00905797071755, 0, 0.0471014492214, 0, 0, 0.0507246367633, 0, 0.0271739121526, 0, 0, 0.0362318828702, 0, 0, 0.0235507246107, 0, 0, 0.0289855077863, 0, 0, 0.0869565233588, 0, 0, 0, 0.0507246367633, 0, 0, 0.0416666679084, 0, 0, 0, 0.0235507246107, 0, 0, 0, 0.00543478270993, 0, 0, 0, 0.00181159423664, 0, 0, 0, 0, 0, 0, 0, 0, 0.00181159423664, 0, 0, 0, 0.00543478270993, 0, 0, 0, 0, 0, 0.00543478270993, 0, 0, 0, 0, 0.00724637694657, 0, 0, 0, 0, 0, 0.0217391308397, 0, 0, 0, 0, 0, 0, 0.00362318847328, 0, 0, 0, 0, 0, 0, 0, 0, 0, 0, 0, 0, 0, 0, 0, 0, 0, 0, 0, 0, 0, 0, 0, 0, 0, 0, 0, 0, 0, 0, 0, 0, 0, 0, 0, 0, 0, 0, 0, 0, 0, 0, 0, 0, 0, 0, 0, 0, 0, 0, 0, 0, 0, 0, 0, 0, 0, 0, 0, 0, 0, 0, 0, 0]
},
"tonal": {
    "chords_changes_rate": 0.0535219945014,
    "chords_number_rate": 0.00292217778042,
    "chords_strength": {
        "mean": 0.527621209621,
        "stdev": 0.104053460062
    },
    "hpcp_crest": {
        "mean": 22.1290130615,
        "stdev": 9.39856147766
    },
    "hpcp_entropy": {
        "mean": 1.14122080803,
        "stdev": 0.744594335556
    },
    "key_edma": {
        "strength": 0.751081287861,
        "key": "F",
        "scale": "major"
    },
    "key_krumhansl": {
        "strength": 0.763880491257,
        "key": "F",
        "scale": "major"
    },
    "key_temperley": {
        "strength": 0.777079939842,
        "key": "F",
        "scale": "major"
    },
    "tuning_diatonic_strength": 0.58184492588,
    "tuning_equal_tempered_deviation": 0.0523449517787,
    "tuning_frequency": 445.884552002,
    "tuning_nontempered_energy_ratio": 0.683536350727,
    "hpcp": {
        "mean": [0.181483909488, 0.0958229079843, 0.069398522377, 0.086847178638, 0.0460952632129, 0.0305693782866, 0.0399572253227, 0.0418254956603, 0.135948821902, 0.192596837878, 0.0879652798176, 0.0322010032833, 0.0365945361555, 0.0283714607358, 0.113715752959, 0.183340132236, 0.0951370447874, 0.0294839460403, 0.040474422276, 0.0316529422998, 0.0659005865455, 0.0992742925882, 0.0683691725135, 0.219931200147, 0.327299743891, 0.139220803976, 0.0187293980271, 0.0166868381202, 0.0318857803941, 0.126394286752, 0.160370051861, 0.0757492631674, 0.059305369854, 0.076004371047, 0.0509069524705, 0.123565338552],
        "stdev": [0.321570754051, 0.195121914148, 0.192114561796, 0.240163043141, 0.149760425091, 0.107598572969, 0.131212309003, 0.122966594994, 0.25391331315, 0.331473737955, 0.184797435999, 0.116969577968, 0.142248362303, 0.0974549874663, 0.229255333543, 0.332306653261, 0.205325126648, 0.105494596064, 0.164454847574, 0.117012009025, 0.178179994226, 0.24202477932, 0.165490791202, 0.295889675617, 0.406327158213, 0.210970446467, 0.086811825633, 0.0884400606155, 0.101256065071, 0.262371659279, 0.303555428982, 0.168569818139, 0.16809026897, 0.216210052371, 0.146432325244, 0.236368075013]
    },
    "chords_histogram": [25.8382034302, 4.81390333176, 7.45924329758, 1.86096584797, 5.39833879471, 1.99938476086, 2.29160261154, 1.23039066792, 2.10704398155, 2.9836974144, 3.69117188454, 0.27683788538, 0.369117200375, 0, 0.13841894269, 2.84527826309, 2.76837897301, 5.76745605469, 2.10704398155, 2.27622270584, 0.953552782536, 7.65918159485, 7.49000310898, 7.67456150055],
    "thpcp": [1, 0.425361782312, 0.0572239905596, 0.050983350724, 0.0974207296968, 0.386172890663, 0.489979147911, 0.231436982751, 0.181195899844, 0.232216402888, 0.155536174774, 0.377529591322, 0.554488420486, 0.292768061161, 0.21203354001, 0.265344470739, 0.140835016966, 0.093398720026, 0.122081443667, 0.127789571881, 0.415364891291, 0.58844178915, 0.268760621548, 0.0983838364482, 0.111807405949, 0.086683422327, 0.347436130047, 0.560159742832, 0.290672540665, 0.0900823995471, 0.123661637306, 0.0967093408108, 0.201346278191, 0.303313076496, 0.208888560534, 0.671956539154],
    "chords_key": "F",
    "chords_scale": "major"
}
}