{
"metadata": {
    "version": {
        "essentia": "2.1-dev",
        "essentia_git_sha": "v2.1_beta3-415-gd5473f3",
        "extractor": "music 2.0"
    },
    "audio_properties": {
        "analysis": {
            "equal_loudness": 0,
            "length": 83.4351043701,
            "sample_rate": 44100,
            "start_time": 0,
            "downmix": "mix"
        },
        "bit_rate": 192000,
        "length": 83.4351043701,
        "lossless": 0,
        "number_channels": 2,
        "replay_gain": -3.95467376709,
        "sample_rate": 44100,
        "codec": "mp3",
        "md5_encoded": "f0feb6b989ea0155e7e079ac83709917"
    },
    "tags": {
        "file_name": "stravinsky-la_consagracion_de_la_primavera.mp3",
        "date": ["2004"],
        "engineer": ["rosamerica tamyo"]
    }
},
"lowlevel": {
    "average_loudness": 0.178631871939,
    "barkbands_crest": {
        "mean": 10.0866250992,
        "stdev": 3.81775546074
    },
    "barkbands_flatness_db": {
        "mean": 0.199727162719,
        "stdev": 0.0568774342537
    },
    "barkbands_kurtosis": {
        "mean": 6.1514081955,
        "stdev": 7.88183259964
    },
    "barkbands_skewness": {
        "mean": 1.59631943703,
        "stdev": 1.18929457664
    },
    "barkbands_spread": {
        "mean": 11.4574308395,
        "stdev": 10.0155696869
    },
    "dissonance": {
        "mean": 0.450226485729,
        "stdev": 0.0378295406699
    },
    "dynamic_complexity": 4.45089483261,
    "erbbands_crest": {
        "mean": 9.41724681854,
        "stdev": 3.96853685379
    },
    "erbbands_flatness_db": {
        "mean": 0.215051263571,
        "stdev": 0.0385379232466
    },
    "erbbands_kurtosis": {
        "mean": 1.34926724434,
        "stdev": 3.56955456734
    },
    "erbbands_skewness": {
        "mean": 0.697939693928,
        "stdev": 0.841806352139
    },
    "erbbands_spread": {
        "mean": 25.7855873108,
        "stdev": 12.3455066681
    },
    "hfc": {
        "mean": 10.5077810287,
        "stdev": 21.0092849731
    },
    "loudness_ebu128": {
        "integrated": -20.2112598419,
        "loudness_range": 9.06953048706,
        "momentary": {
            "mean": -22.2519817352,
            "stdev": 4.47805500031
        },
        "short_term": {
            "mean": -21.5043354034,
            "stdev": 3.32410621643
        }
    },
    "melbands_crest": {
        "mean": 13.4744739532,
        "stdev": 4.66516590118
    },
    "melbands_flatness_db": {
        "mean": 0.277968078852,
        "stdev": 0.0837908983231
    },
    "melbands_kurtosis": {
        "mean": 11.4126415253,
        "stdev": 11.8558626175
    },
    "melbands_skewness": {
        "mean": 2.30024456978,
        "stdev": 1.25703799725
    },
    "melbands_spread": {
        "mean": 14.6771116257,
        "stdev": 17.6716632843
    },
    "pitch_salience": {
        "mean": 0.61065775156,
        "stdev": 0.118381820619
    },
    "silence_rate_20dB": {
        "mean": 1,
        "stdev": 0
    },
    "silence_rate_30dB": {
        "mean": 0.992211401463,
        "stdev": 0.0879085287452
    },
    "silence_rate_60dB": {
        "mean": 0.201112657785,
        "stdev": 0.400832653046
    },
    "spectral_centroid": {
        "mean": 818.20501709,
        "stdev": 791.486877441
    },
    "spectral_complexity": {
        "mean": 12.0731573105,
        "stdev": 7.91201734543
    },
    "spectral_decrease": {
        "mean": -4.21922852212e-09,
        "stdev": 5.36599920054e-09
    },
    "spectral_energy": {
        "mean": 0.0168774332851,
        "stdev": 0.0212410613894
    },
    "spectral_energyband_high": {
        "mean": 0.000360719626769,
        "stdev": 0.00171493226662
    },
    "spectral_energyband_low": {
        "mean": 0.00486965524033,
        "stdev": 0.0097367214039
    },
    "spectral_energyband_middle_high": {
        "mean": 0.00257853511721,
        "stdev": 0.00519696762785
    },
    "spectral_energyband_middle_low": {
        "mean": 0.00984900537878,
        "stdev": 0.0142146386206
    },
    "spectral_entropy": {
        "mean": 6.9219660759,
        "stdev": 0.490109026432
    },
    "spectral_flux": {
        "mean": 0.0618194490671,
        "stdev": 0.0385291054845
    },
    "spectral_kurtosis": {
        "mean": 12.0335531235,
        "stdev": 10.9650430679
    },
    "spectral_rms": {
        "mean": 0.00351089402102,
        "stdev": 0.00203454401344
    },
    "spectral_rolloff": {
        "mean": 915.783630371,
        "stdev": 1341.75048828
    },
    "spectral_skewness": {
        "mean": 2.32885408401,
        "stdev": 1.10079371929
    },
    "spectral_spread": {
        "mean": 2771673,
        "stdev": 1982793.5
    },
    "spectral_strongpeak": {
        "mean": 0.767473936081,
        "stdev": 1.6657474041
    },
    "zerocrossingrate": {
        "mean": 0.035213701427,
        "stdev": 0.0368706360459
    },
    "barkbands": {
        "mean": [0.000113096204586, 0.000875970115885, 0.00319399242289, 0.00154240150005, 0.00379165820777, 0.00215092068538, 0.000789122539572, 0.000954419665504, 0.000473190535558, 0.000355297757778, 0.000275203608908, 0.000183164491318, 0.000305228459183, 0.00026956043439, 0.000368123321095, 0.000171530482476, 0.000224570889259, 0.000130602886202, 0.000289549585432, 0.000113405687443, 9.88483152469e-05, 9.49818422669e-05, 6.20090067969e-05, 3.31284390995e-05, 1.44135692608e-05, 3.03677393276e-06, 1.86744060215e-08],
        "stdev": [0.000252476456808, 0.00225862162188, 0.00652716448531, 0.00479602767155, 0.00664441799745, 0.0042167045176, 0.00138823513407, 0.00182279141154, 0.0010374673875, 0.00112863187678, 0.000649584573694, 0.000406818435295, 0.000644257292151, 0.00122866034508, 0.00182881287765, 0.00088504498126, 0.00097871827893, 0.000970031542238, 0.00176792393904, 0.0006019800785, 0.000486433127662, 0.000606235524174, 0.000322781561408, 0.000178071612027, 9.36665237532e-05, 2.30298537645e-05, 1.72473562543e-07]
    },
    "erbbands": {
        "mean": [0.0126721058041, 0.292371720076, 2.95609712601, 4.78036880493, 6.43999099731, 14.7966823578, 21.903131485, 14.4303426743, 11.1923236847, 13.9334535599, 21.962594986, 11.0137119293, 10.8623380661, 11.1168737411, 8.72523021698, 8.09748744965, 14.1220378876, 12.1627750397, 15.475402832, 16.515619278, 12.4371547699, 11.2133760452, 8.48932361603, 13.2487125397, 12.2344865799, 4.78708219528, 4.61932659149, 3.09940695763, 3.42007040977, 2.45792269707, 2.1031525135, 0.941959917545, 0.492833822966, 0.191720768809, 0.0659780502319, 0.0197802279145, 0.00375882373191, 0.00024585830397, 1.57949270942e-05, 2.03824056371e-05],
        "stdev": [0.0501315593719, 0.663098752499, 6.06346797943, 11.7812595367, 15.5562791824, 26.731426239, 43.6904640198, 24.8994445801, 19.372297287, 22.9587860107, 41.7455368042, 20.1813793182, 39.8965568542, 22.099773407, 20.3855667114, 16.6605110168, 29.5140075684, 40.4189300537, 70.3458786011, 78.7751312256, 60.8937454224, 42.6549987793, 60.4431381226, 90.9082336426, 70.212562561, 17.1335372925, 31.1667957306, 14.750617981, 21.5048408508, 13.9838237762, 12.1533403397, 4.94033622742, 3.10528111458, 1.21441149712, 0.478227436543, 0.143061608076, 0.0283925365657, 0.00185979751404, 5.41231893294e-05, 2.6529911338e-05]
    },
    "gfcc": {
        "mean": [-104.142974854, 159.702301025, -124.664916992, 25.849773407, -56.1977424622, -5.40388774872, -35.0496292114, -5.06488323212, -19.7157344818, -8.30245113373, -10.2243146896, -12.4962854385, -7.54586791992],
        "cov": [[11193.4179688, -1697.51904297, -2118.35424805, 1294.67932129, -686.827270508, -1.77001774311, -367.137695312, -110.364753723, -148.577331543, -167.390319824, -113.966377258, -29.8265476227, -64.5226745605], [-1697.51904297, 1414.74511719, 579.770812988, -392.225158691, 311.838653564, -180.874679565, 143.43649292, -59.0161781311, 73.3289718628, -52.9861755371, 60.6344680786, -66.0715179443, 80.3746948242], [-2118.35424805, 579.770812988, 933.346801758, -249.361831665, 110.889503479, 34.720375061, 15.2544269562, 32.8337860107, 24.0364017487, -29.0640296936, -7.56389427185, 5.24360132217, 34.5822715759], [1294.67932129, -392.225158691, -249.361831665, 449.607788086, -9.50437068939, -13.3190832138, -38.1908531189, -34.9015007019, -29.7664794922, -52.2496871948, -31.0038299561, 2.30442690849, -4.56060838699], [-686.827270508, 311.838653564, 110.889503479, -9.50437068939, 283.404449463, -40.131439209, 84.0311355591, -17.8569526672, 15.4859495163, -2.80203676224, -1.91148030758, -25.24949646, 14.0130834579], [-1.77001774311, -180.874679565, 34.720375061, -13.3190832138, -40.131439209, 173.161636353, 3.41595554352, 46.0239677429, 4.99629163742, 34.3187294006, -1.77543640137, 9.51428413391, -29.2692985535], [-367.137695312, 143.43649292, 15.2544269562, -38.1908531189, 84.0311355591, 3.41595554352, 118.201667786, 13.2414464951, 14.9604549408, 10.8682136536, 18.9833927155, -7.23727798462, -13.8315191269], [-110.364753723, -59.0161781311, 32.8337860107, -34.9015007019, -17.8569526672, 46.0239677429, 13.2414464951, 79.242729187, 19.3073959351, 30.0273094177, -4.30235958099, 9.89554405212, -13.0051813126], [-148.577331543, 73.3289718628, 24.0364017487, -29.7664794922, 15.4859495163, 4.99629163742, 14.9604549408, 19.3073959351, 68.2034835815, 21.9322834015, 17.3857212067, -7.1068239212, 11.1146144867], [-167.390319824, -52.9861755371, -29.0640296936, -52.2496871948, -2.80203676224, 34.3187294006, 10.8682136536, 30.0273094177, 21.9322834015, 85.5453338623, 26.7650470734, 9.01339149475, -22.6772270203], [-113.966377258, 60.6344680786, -7.56389427185, -31.0038299561, -1.91148030758, -1.77543640137, 18.9833927155, -4.30235958099, 17.3857212067, 26.7650470734, 71.3064727783, 16.5104465485, -6.20220899582], [-29.8265476227, -66.0715179443, 5.24360132217, 2.30442690849, -25.24949646, 9.51428413391, -7.23727798462, 9.89554405212, -7.1068239212, 9.01339149475, 16.5104465485, 51.7670173645, 9.57255935669], [-64.5226745605, 80.3746948242, 34.5822715759, -4.56060838699, 14.0130834579, -29.2692985535, -13.8315191269, -13.0051813126, 11.1146144867, -22.6772270203, -6.20220899582, 9.57255935669, 72.5475921631]],
        "icov": [[0.000331550836563, -0.000479968875879, 0.000758473179303, -0.000850230571814, 0.000673273636494, -0.000489488069434, 0.000740107614547, -0.000362296996173, 0.000220975562115, 0.000251727207797, 0.000314076372888, -2.66692768491e-05, 0.000235455692746], [-0.000479968875879, 0.00363227142952, -0.00222290563397, 0.00309542403556, -0.00251872092485, 0.00278352806345, -0.002571786521, 0.00151741504669, -0.00148816185538, 0.00161422905512, -0.00301920855418, 0.00285034766421, -0.00170724105556], [0.000758473179303, -0.00222290563397, 0.00371345039457, -0.00166218774393, 0.00120132835582, -0.00249242712744, 0.0030055497773, -0.00186487729661, 0.000545118702576, 0.00146634143312, 0.00164691708051, -0.00177475251257, 0.00101359002292], [-0.000850230571814, 0.00309542403556, -0.00166218774393, 0.00657604262233, -0.00350318779238, 0.00207697530277, -0.00167176581454, 0.00204727891833, -0.00175123452209, 0.00306371180341, -0.00164110143669, 0.000442648248281, -0.000389684049878], [0.000673273636494, -0.00251872092485, 0.00120132835582, -0.00350318779238, 0.00790129136294, -0.000968546955846, -0.00221088621765, 0.000561815861147, 0.000965209037531, -0.00266451062635, 0.00325649720617, 0.000455362140201, -0.000403806334361], [-0.000489488069434, 0.00278352806345, -0.00249242712744, 0.00207697530277, -0.000968546955846, 0.00988174695522, -0.00272762123495, -0.0015945128398, -0.000966255669482, -0.00125217973255, -0.00123046012595, 0.00142673961818, 0.000630652182736], [0.000740107614547, -0.002571786521, 0.0030055497773, -0.00167176581454, -0.00221088621765, -0.00272762123495, 0.0155978072435, -0.00453717866912, 9.38762022997e-05, 0.00226019881666, -0.00182908191346, -0.00117946276441, 0.00414810981601], [-0.000362296996173, 0.00151741504669, -0.00186487729661, 0.00204727891833, 0.000561815861147, -0.0015945128398, -0.00453717866912, 0.0213196892291, -0.00679938355461, -0.00447876052931, 0.00589701300487, -0.0047188680619, 0.00198780559003], [0.000220975562115, -0.00148816185538, 0.000545118702576, -0.00175123452209, 0.000965209037531, -0.000966255669482, 9.38762022997e-05, -0.00679938355461, 0.0224051140249, -0.00522015150636, -0.00525868078694, 0.00712313363329, -0.00675570871681], [0.000251727207797, 0.00161422905512, 0.00146634143312, 0.00306371180341, -0.00266451062635, -0.00125217973255, 0.00226019881666, -0.00447876052931, -0.00522015150636, 0.0221372935921, -0.00677068345249, -0.00129054347053, 0.004877589643], [0.000314076372888, -0.00301920855418, 0.00164691708051, -0.00164110143669, 0.00325649720617, -0.00123046012595, -0.00182908191346, 0.00589701300487, -0.00525868078694, -0.00677068345249, 0.0243388470262, -0.0114919869229, 0.0046053789556], [-2.66692768491e-05, 0.00285034766421, -0.00177475251257, 0.000442648248281, 0.000455362140201, 0.00142673961818, -0.00117946276441, -0.0047188680619, 0.00712313363329, -0.00129054347053, -0.0114919869229, 0.0303992051631, -0.00937920156866], [0.000235455692746, -0.00170724105556, 0.00101359002292, -0.000389684049878, -0.000403806334361, 0.000630652182736, 0.00414810981601, 0.00198780559003, -0.00675570871681, 0.004877589643, 0.0046053789556, -0.00937920156866, 0.021047828719]]
    },
    "melbands": {
        "mean": [0.000174256812898, 0.00116142665502, 0.000890193565283, 0.000732895743567, 0.0007728121127, 0.000346497312421, 0.000166676109075, 0.000169455597643, 0.000169527818798, 6.11798386672e-05, 5.3837957239e-05, 4.48400860478e-05, 3.32199997501e-05, 2.04352345463e-05, 2.97391507047e-05, 2.54260939982e-05, 2.41725447268e-05, 2.3644133762e-05, 3.03226479446e-05, 1.38881932799e-05, 1.51700678543e-05, 1.36797225423e-05, 6.28150746707e-06, 7.31924455977e-06, 1.15644670586e-05, 8.38491814648e-06, 6.5322365117e-06, 2.57803662862e-06, 2.60155047727e-06, 3.67346160601e-06, 1.04985247162e-06, 1.68488770669e-06, 2.31195667766e-06, 9.48615706875e-07, 1.27593477828e-06, 7.63262391956e-07, 5.27385566329e-07, 3.81059010124e-07, 2.61140144175e-07, 1.23371478367e-07],
        "stdev": [0.000489880330861, 0.00234088255093, 0.00208363053389, 0.00135467387736, 0.00145406357478, 0.000612837204244, 0.000285889400402, 0.000291753152851, 0.000325309461914, 0.000113784757559, 0.000201090486371, 8.91234667506e-05, 8.12709622551e-05, 4.34250141552e-05, 6.59993456793e-05, 5.57107523491e-05, 9.60624602158e-05, 0.000112361172796, 0.000150773164933, 4.93066363561e-05, 7.64219439588e-05, 6.14974851487e-05, 2.04399857466e-05, 6.77849748172e-05, 8.8131542725e-05, 5.20543071616e-05, 2.86886570393e-05, 1.10750988824e-05, 2.94098026643e-05, 2.17067463382e-05, 4.28376461059e-06, 9.31091199163e-06, 1.87491859833e-05, 5.24317601958e-06, 7.84627718531e-06, 4.50703646493e-06, 2.86370027425e-06, 2.60368392446e-06, 1.62014794114e-06, 9.11495533273e-07]
    },
    "melbands128": {
        "mean": [4.75285378343e-05, 7.13470508344e-05, 0.000154973895405, 0.000498610490467, 0.00133994058706, 0.00157592748292, 0.000961173151154, 0.000782203453127, 0.000539854809176, 0.000663624610752, 0.000964721199125, 0.000817764666863, 0.000806611846201, 0.000676585710607, 0.000312852935167, 0.000202879382414, 0.000229900804698, 0.000129650652525, 0.000168299811776, 0.00013192355982, 0.00016753791715, 0.000250330922427, 0.000156595997396, 0.000127671213704, 5.96631070948e-05, 4.83832700411e-05, 3.11100666295e-05, 7.03130281181e-05, 5.6402568589e-05, 3.39441794495e-05, 4.46239573648e-05, 5.78064791625e-05, 2.5530671337e-05, 2.48104734055e-05, 2.35892566707e-05, 1.75766053871e-05, 1.79959624802e-05, 2.17662654904e-05, 5.46766386833e-05, 2.49313525273e-05, 2.76788450719e-05, 1.07211781142e-05, 1.30307435029e-05, 4.34201938333e-05, 2.79128289549e-05, 9.79233118414e-06, 3.41595623468e-05, 2.46113922913e-05, 4.14742862631e-05, 1.13983169285e-05, 9.50768935581e-06, 1.4105396076e-05, 1.6375688574e-05, 8.75415935297e-06, 2.77276758425e-05, 1.09165775939e-05, 7.87168573879e-06, 6.05755849392e-06, 3.48862954525e-06, 1.11006065708e-05, 7.77329478296e-06, 2.89514605356e-06, 1.25878741528e-05, 1.69849390659e-05, 5.79407651458e-06, 3.44445243172e-06, 1.66240097315e-05, 7.24879419067e-06, 5.09924302605e-06, 2.72580564342e-06, 1.68265455613e-06, 2.9961272503e-06, 3.78916547561e-06, 1.89785305338e-06, 1.53413384396e-06, 6.01799411015e-06, 3.1895713164e-06, 1.07477865186e-06, 1.03406068774e-06, 7.43177849927e-07, 1.23014831388e-06, 1.97381223188e-06, 2.84346492663e-06, 2.87942998511e-06, 1.1898697494e-06, 1.41183443247e-06, 6.278858109e-07, 6.13721738318e-07, 1.39138956001e-06, 1.98426209863e-06, 5.96950997078e-07, 5.8234837752e-07, 5.42202769793e-07, 4.43415757445e-07, 7.30854992526e-07, 3.09966054601e-07, 4.68928845976e-07, 1.48705794345e-07, 3.17756530421e-07, 2.75999269661e-07, 1.07919440495e-07, 1.17612806605e-07, 1.0525971561e-07, 1.03330862089e-07, 6.33839789543e-08, 5.10802351528e-08, 5.98700751198e-08, 5.60004735917e-08, 1.65953863984e-08, 2.54562699809e-08, 2.8198646973e-08, 6.90843160456e-09, 9.88633264143e-09, 1.19644605334e-08, 1.87725013312e-09, 1.33352773268e-09, 6.48818554438e-10, 6.71925848295e-11, 2.63869048139e-12, 2.58961255217e-12, 2.53943025462e-12, 2.49963157811e-12, 2.44758423598e-12, 2.39845643346e-12, 2.37758879425e-12, 2.36668453932e-12, 2.35272825527e-12, 2.33370983128e-12],
        "stdev": [0.000228635108215, 0.00046697887592, 0.000484798423713, 0.00126942642964, 0.00291120097972, 0.00324478722177, 0.00261146505363, 0.00237971334718, 0.0015619371552, 0.00152169156354, 0.00188339408487, 0.00194068695419, 0.00177583482582, 0.00172414293047, 0.000618660007603, 0.000394882372348, 0.000499384361319, 0.0002704753133, 0.000405754399253, 0.000242128982791, 0.000404625287047, 0.000599842634983, 0.000335377670126, 0.000421204487793, 0.000131065142341, 0.000104574755824, 0.000107975807623, 0.000394233182305, 0.000145521946251, 9.00997692952e-05, 0.000113228968985, 0.000158622322488, 9.22652689042e-05, 7.76686574682e-05, 7.42103511584e-05, 3.98074334953e-05, 6.8406239734e-05, 6.50953006698e-05, 0.000155527886818, 5.6349686929e-05, 0.000102956342744, 3.61452075595e-05, 3.94125345338e-05, 0.000231487050769, 0.000216618907871, 3.74232804461e-05, 0.000308742630295, 9.87940074992e-05, 0.000314994977089, 4.36295194959e-05, 3.50724840246e-05, 7.11436805432e-05, 0.000160491254064, 3.27213383571e-05, 0.000177118330612, 5.17068219779e-05, 2.96032394544e-05, 2.00711510843e-05, 8.97924564924e-06, 8.31270444905e-05, 0.000133942012326, 1.07141549961e-05, 4.9465594202e-05, 0.000210539103136, 6.91686727805e-05, 1.11228300739e-05, 0.000145860671182, 3.10146097036e-05, 2.20891233766e-05, 1.21690418382e-05, 5.44692920812e-06, 1.47227483467e-05, 6.52940652799e-05, 2.87898565148e-05, 8.24439030112e-06, 3.77551295969e-05, 2.15672680497e-05, 7.03603927832e-06, 4.37764720118e-06, 2.58621162175e-06, 7.0312612479e-06, 1.15760985864e-05, 2.97005171888e-05, 2.72525176115e-05, 6.92575531502e-06, 1.06445586425e-05, 3.68942687601e-06, 3.8026855691e-06, 9.4737197287e-06, 1.34950341817e-05, 3.5932857827e-06, 6.40684129394e-06, 3.31551495947e-06, 2.78983338831e-06, 4.54795645055e-06, 1.76908315552e-06, 5.24321012563e-06, 9.17252975796e-07, 2.23235383601e-06, 2.02070941668e-06, 9.19405749755e-07, 1.32108073103e-06, 7.53940980758e-07, 8.09299422144e-07, 5.9266074004e-07, 8.00446855465e-07, 4.78853280583e-07, 4.86978876779e-07, 1.76071026203e-07, 2.25133746312e-07, 2.44412149186e-07, 5.54422321386e-08, 1.0478336776e-07, 1.19906630403e-07, 1.65086309067e-08, 1.76099774762e-08, 5.97430904747e-09, 1.22025600735e-09, 4.78565537892e-12, 4.65697098939e-12, 4.54583723095e-12, 4.45188287276e-12, 4.36167378257e-12, 4.28584424894e-12, 4.22326323218e-12, 4.17561688351e-12, 4.13838234514e-12, 4.11356495741e-12]
    },
    "mfcc": {
        "mean": [-739.346740723, 181.092147827, -6.63174581528, 28.6487426758, -1.79565048218, -0.0351583100855, -4.88994646072, -3.1298892498, -6.79588031769, 0.149842664599, -4.23315572739, -3.04960393906, -3.96863532066],
        "cov": [[9861.64746094, -2738.39575195, -1321.44812012, 658.348022461, -397.802856445, 125.41506958, -360.213317871, 91.9726333618, -276.994232178, 16.616355896, -188.332687378, -98.7928390503, -146.102371216], [-2738.39575195, 1850.19824219, 341.30279541, -82.0298309326, 156.132568359, -67.1474838257, 113.517730713, -52.2904090881, 92.8907470703, -1.62136900425, 29.9474411011, 3.6759762764, 28.76014328], [-1321.44812012, 341.30279541, 670.505004883, -160.760726929, 100.747772217, -35.9854736328, 13.5244235992, 20.88580513, 45.4380683899, -26.79454422, -37.1536178589, 39.6165046692, 40.7321586609], [658.348022461, -82.0298309326, -160.760726929, 365.472381592, 47.3678436279, 34.4476318359, -9.92478847504, 14.1488447189, -11.0395851135, -22.3883800507, -41.0316009521, -41.0262031555, -35.4167518616], [-397.802856445, 156.132568359, 100.747772217, 47.3678436279, 141.344299316, 27.0655403137, 21.9651603699, 8.46270179749, 27.9693851471, 5.43595790863, -10.8428945541, -22.837430954, -2.23002934456], [125.41506958, -67.1474838257, -35.9854736328, 34.4476318359, 27.0655403137, 91.3333282471, 32.4698524475, 17.9601898193, 1.91877985001, 9.94347572327, 13.8520698547, -3.52851676941, -2.45441460609], [-360.213317871, 113.517730713, 13.5244235992, -9.92478847504, 21.9651603699, 32.4698524475, 89.1497344971, 20.4513549805, 13.9569206238, 4.41900348663, 27.1004562378, 8.63929367065, 4.98714017868], [91.9726333618, -52.2904090881, 20.88580513, 14.1488447189, 8.46270179749, 17.9601898193, 20.4513549805, 61.0931816101, 16.1995849609, -3.28763961792, -0.904884696007, 3.57048010826, 0.22755086422], [-276.994232178, 92.8907470703, 45.4380683899, -11.0395851135, 27.9693851471, 1.91877985001, 13.9569206238, 16.1995849609, 75.671043396, 22.7497158051, -13.3508148193, -7.36302423477, 10.7764539719], [16.616355896, -1.62136900425, -26.79454422, -22.3883800507, 5.43595790863, 9.94347572327, 4.41900348663, -3.28763961792, 22.7497158051, 66.7591094971, 29.3084659576, -5.03090906143, 5.20229482651], [-188.332687378, 29.9474411011, -37.1536178589, -41.0316009521, -10.8428945541, 13.8520698547, 27.1004562378, -0.904884696007, -13.3508148193, 29.3084659576, 100.405891418, 31.9928379059, 1.30796134472], [-98.7928390503, 3.6759762764, 39.6165046692, -41.0262031555, -22.837430954, -3.52851676941, 8.63929367065, 3.57048010826, -7.36302423477, -5.03090906143, 31.9928379059, 68.285118103, 21.8236751556], [-146.102371216, 28.76014328, 40.7321586609, -35.4167518616, -2.23002934456, -2.45441460609, 4.98714017868, 0.22755086422, 10.7764539719, 5.20229482651, 1.30796134472, 21.8236751556, 53.5807647705]],
        "icov": [[0.000343141146004, 0.000234223669395, 0.000374394148821, -0.000293365650577, 0.000391230918467, -0.000362455262803, 0.000864698726218, -0.000881495594513, 0.000956173927989, -0.000891172501724, 0.000938161159866, -0.000348444533302, 0.000267591909505], [0.000234223669395, 0.0010118840728, -1.71284918906e-05, -0.000270352669759, -0.000362302700523, 0.000731786887627, -0.000676281924825, 0.000724826357327, -0.000319382816087, -3.77942051273e-05, 2.97157275782e-05, 2.41257112066e-05, 6.55153635307e-05], [0.000374394148821, -1.71284918906e-05, 0.00305950152688, 0.00104421109427, -0.00197589048184, 0.000341843522619, 0.00137684855144, -0.00223998189904, 0.000953381764702, -0.000245635485044, 0.00258375145495, -0.00241953553632, -3.62375576515e-05], [-0.000293365650577, -0.000270352669759, 0.00104421109427, 0.0043834396638, -0.00254562310874, -0.000477467197925, 6.7539540396e-06, -0.00051713490393, -0.00020299910102, 0.00180610641837, 0.00089112558635, 0.000102310310467, 0.0011245982023], [0.000391230918467, -0.000362302700523, -0.00197589048184, -0.00254562310874, 0.0124486805871, -0.00403071008623, 0.000405854079872, -0.000360688776709, -0.000985427293926, -0.0015713138273, -5.24407623743e-05, 0.00387972407043, 0.000149731757119], [-0.000362455262803, 0.000731786887627, 0.000341843522619, -0.000477467197925, -0.00403071008623, 0.0164107382298, -0.00671052467078, -0.000973125977907, 0.000117306983157, -0.000837976345792, -0.00170553731732, 0.000352749251761, -0.000788166711573], [0.000864698726218, -0.000676281924825, 0.00137684855144, 6.7539540396e-06, 0.000405854079872, -0.00671052467078, 0.0199030376971, -0.00723904184997, 0.000650312693324, 0.000132950022817, -0.00180224073119, -0.000877357844729, -0.000176013141754], [-0.000881495594513, 0.000724826357327, -0.00223998189904, -0.00051713490393, -0.000360688776709, -0.000973125977907, -0.00723904184997, 0.0245789084584, -0.00896050781012, 0.00559629919007, -0.00350042432547, 9.82065830613e-05, 0.00038240980939], [0.000956173927989, -0.000319382816087, 0.000953381764702, -0.00020299910102, -0.000985427293926, 0.000117306983157, 0.000650312693324, -0.00896050781012, 0.0241197273135, -0.0125523712486, 0.00909472070634, -0.00133357814047, -0.00144954829011], [-0.000891172501724, -3.77942051273e-05, -0.000245635485044, 0.00180610641837, -0.0015713138273, -0.000837976345792, 0.000132950022817, 0.00559629919007, -0.0125523712486, 0.0268830470741, -0.0126961003989, 0.00682835979387, -0.00372593523934], [0.000938161159866, 2.97157275782e-05, 0.00258375145495, 0.00089112558635, -5.24407623743e-05, -0.00170553731732, -0.00180224073119, -0.00350042432547, 0.00909472070634, -0.0126961003989, 0.0221076533198, -0.0111029697582, 0.00465549761429], [-0.000348444533302, 2.41257112066e-05, -0.00241953553632, 0.000102310310467, 0.00387972407043, 0.000352749251761, -0.000877357844729, 9.82065830613e-05, -0.00133357814047, 0.00682835979387, -0.0111029697582, 0.025570910424, -0.00933611299843], [0.000267591909505, 6.55153635307e-05, -3.62375576515e-05, 0.0011245982023, 0.000149731757119, -0.000788166711573, -0.000176013141754, 0.00038240980939, -0.00144954829011, -0.00372593523934, 0.00465549761429, -0.00933611299843, 0.0244559943676]]
    },
    "spectral_contrast_coeffs": {
        "mean": [-0.702141046524, -0.7912093997, -0.798277497292, -0.813932955265, -0.807334125042, -0.773590803146],
        "stdev": [0.0728195607662, 0.0525015816092, 0.0497693456709, 0.0621174201369, 0.0574335828424, 0.053355243057]
    },
    "spectral_contrast_valleys": {
        "mean": [-6.8166308403, -6.70544862747, -7.82825231552, -8.30864238739, -8.72897338867, -12.0801296234],
        "stdev": [1.26645421982, 1.22538077831, 1.22263646126, 1.3221681118, 1.46885144711, 1.29656124115]
    }
},
"rhythm": {
    "beats_count": 145,
    "beats_loudness": {
        "mean": 0.0273361764848,
        "stdev": 0.0245282575488
    },
    "bpm": 106.033363342,
    "bpm_histogram_first_peak_bpm": 105,
    "bpm_histogram_first_peak_weight": 0.638888835907,
    "bpm_histogram_second_peak_bpm": 110,
    "bpm_histogram_second_peak_spread": 0.192307710648,
    "bpm_histogram_second_peak_weight": 0.145833328366,
    "danceability": 1.02796578407,
    "onset_rate": 3.16347575188,
    "beats_loudness_band_ratio": {
        "mean": [0.336051523685, 0.350641965866, 0.213198423386, 0.0751625224948, 0.0476383008063, 0.0267737880349],
        "stdev": [0.223301410675, 0.210875734687, 0.184068903327, 0.0789761468768, 0.081768065691, 0.0800889804959]
    },
    "beats_position": [0.580498874187, 1.17260766029, 1.764716506, 2.35682535172, 2.94893407822, 3.52943301201, 4.09832191467, 4.66721057892, 5.24770975113, 5.81659841537, 6.38548755646, 6.96598625183, 7.53487491608, 8.10376358032, 8.67265319824, 9.22993183136, 9.78721046448, 10.3444900513, 10.9133787155, 11.4822673798, 12.0627660751, 12.6432647705, 13.2237634659, 13.8042631149, 14.3963718414, 14.9768705368, 15.5573692322, 16.1378688812, 16.7067565918, 17.2756462097, 17.8329238892, 18.4018135071, 18.970703125, 19.5279808044, 20.0968704224, 20.6657600403, 21.2346477509, 21.8035373688, 22.3840351105, 22.9529247284, 23.5218143463, 24.102312088, 24.6944217682, 25.286529541, 25.8902492523, 26.4939670563, 27.0860767365, 27.6781845093, 28.3747844696, 29.0713825226, 29.7912006378, 30.476190567, 31.17278862, 31.8345565796, 32.5079345703, 33.0652160645, 33.6224937439, 34.1797714233, 34.7370529175, 35.2943305969, 35.8748283386, 36.455329895, 37.0358276367, 37.6163253784, 38.1968231201, 38.8005447388, 39.3926506042, 39.9847602844, 40.5652618408, 41.1457595825, 41.7262573242, 42.3067550659, 42.8756446838, 43.4445343018, 44.0134239197, 44.5939216614, 45.1744194031, 45.7549209595, 46.3238105774, 46.8926963806, 47.4615859985, 48.018863678, 48.5761451721, 49.14503479, 49.7139205933, 50.2712020874, 50.8400878906, 51.4089775085, 51.9778671265, 52.5467567444, 53.1040344238, 53.6729240417, 54.2418136597, 54.8107032776, 55.3795890808, 55.936870575, 56.4941482544, 57.0514259338, 57.608707428, 58.1659851074, 58.7232627869, 59.280544281, 59.8378219604, 60.3950996399, 60.9639892578, 61.5328788757, 62.1017684937, 62.6474380493, 63.2047157288, 63.7619934082, 64.3192749023, 64.8765487671, 65.4338302612, 65.9794998169, 66.5251693726, 67.0824508667, 67.6513366699, 68.2086181641, 68.7542877197, 69.3115615845, 69.8456192017, 70.3796844482, 70.9137420654, 71.4594116211, 72.0050811768, 72.5623550415, 73.1080245972, 73.6536941528, 74.1993637085, 74.7334213257, 75.2790908813, 75.824760437, 76.3704299927, 76.9160995483, 77.461769104, 78.0190429688, 78.5763244629, 79.1219940186, 79.6676635742, 80.2133331299, 80.7590026855, 81.2930603027, 81.8387298584, 82.3843994141, 82.9300689697],
    "bpm_histogram": [0, 0, 0, 0, 0, 0, 0, 0, 0, 0, 0, 0, 0, 0, 0, 0, 0, 0, 0, 0, 0, 0, 0, 0, 0, 0, 0, 0, 0, 0, 0, 0, 0, 0, 0, 0, 0, 0, 0, 0, 0, 0, 0, 0, 0, 0, 0, 0, 0, 0, 0, 0, 0, 0, 0, 0, 0, 0, 0, 0, 0, 0, 0, 0, 0, 0, 0, 0, 0, 0, 0, 0, 0, 0, 0, 0, 0, 0, 0, 0, 0, 0, 0, 0.00694444449618, 0, 0, 0.0208333339542, 0, 0.00694444449618, 0.00694444449618, 0, 0.00694444449618, 0, 0, 0, 0, 0, 0, 0, 0.0208333339542, 0, 0.076388888061, 0, 0.166666671634, 0, 0.270833343267, 0, 0, 0.236111104488, 0, 0.145833328366, 0, 0.0347222238779, 0, 0, 0, 0, 0, 0, 0, 0, 0, 0, 0, 0, 0, 0, 0, 0, 0, 0, 0, 0, 0, 0, 0, 0, 0, 0, 0, 0, 0, 0, 0, 0, 0, 0, 0, 0, 0, 0, 0, 0, 0, 0, 0, 0, 0, 0, 0, 0, 0, 0, 0, 0, 0, 0, 0, 0, 0, 0, 0, 0, 0, 0, 0, 0, 0, 0, 0, 0, 0, 0, 0, 0, 0, 0, 0, 0, 0, 0, 0, 0, 0, 0, 0, 0, 0, 0, 0, 0, 0, 0, 0, 0, 0, 0, 0, 0, 0, 0, 0, 0, 0, 0, 0, 0, 0, 0, 0, 0, 0, 0, 0, 0, 0, 0, 0, 0, 0, 0, 0, 0, 0, 0, 0, 0, 0, 0, 0, 0, 0, 0, 0, 0, 0, 0, 0, 0, 0]
},
"tonal": {
    "chords_changes_rate": 0.0839821994305,
    "chords_number_rate": 0.0072302557528,
    "chords_strength": {
        "mean": 0.498932719231,
        "stdev": 0.0930819809437
    },
    "hpcp_crest": {
        "mean": 11.9073209763,
        "stdev": 5.45621109009
    },
    "hpcp_entropy": {
        "mean": 2.20884251595,
        "stdev": 0.660042226315
    },
    "key_edma": {
        "strength": 0.574042975903,
        "key": "D#",
        "scale": "major"
    },
    "key_krumhansl": {
        "strength": 0.564148843288,
        "key": "D#",
        "scale": "major"
    },
    "key_temperley": {
        "strength": 0.54344779253,
        "key": "D#",
        "scale": "major"
    },
    "tuning_diatonic_strength": 0.383137732744,
    "tuning_equal_tempered_deviation": 0.0917072966695,
    "tuning_frequency": 446.657836914,
    "tuning_nontempered_energy_ratio": 0.783370554447,
    "hpcp": {
        "mean": [0.10693795234, 0.154463037848, 0.350041270256, 0.435579329729, 0.283761978149, 0.172363787889, 0.120298750699, 0.0944261848927, 0.121137261391, 0.134988963604, 0.108099021018, 0.183340102434, 0.207660779357, 0.125063955784, 0.103118777275, 0.0913018211722, 0.0773449763656, 0.133655935526, 0.184199333191, 0.188118293881, 0.221848502755, 0.207728251815, 0.150265365839, 0.150820046663, 0.14655546844, 0.0835352540016, 0.0379653386772, 0.0319185703993, 0.0642144829035, 0.146145224571, 0.186625093222, 0.154270857573, 0.143630474806, 0.135506749153, 0.106149725616, 0.0966274514794],
        "stdev": [0.225547924638, 0.250699520111, 0.347977221012, 0.373922586441, 0.310260087252, 0.269255816936, 0.22178260982, 0.178840711713, 0.215076565742, 0.250174731016, 0.191185384989, 0.254189729691, 0.280584812164, 0.167945086956, 0.182070091367, 0.180211767554, 0.149630382657, 0.213145449758, 0.244223669171, 0.227599307895, 0.264662146568, 0.264322161674, 0.215679392219, 0.218317732215, 0.24424764514, 0.164272874594, 0.104377731681, 0.0845376104116, 0.143559619784, 0.221226319671, 0.253351509571, 0.220907270908, 0.232314899564, 0.236161738634, 0.211190268397, 0.200368717313]
    },
    "chords_histogram": [6.284760952, 12.6251392365, 4.94994449615, 0.11123470217, 2.2246940136, 6.22914361954, 6.0066742897, 0, 1.00111234188, 1.6685205698, 0.389321476221, 0.50055617094, 7.50834274292, 8.00889873505, 0, 0, 0, 0, 5.5617351532, 35.0945510864, 0, 0.22246940434, 0.16685205698, 1.44605112076],
    "thpcp": [1, 0.651458799839, 0.39571160078, 0.276181042194, 0.216782972217, 0.278106093407, 0.309906721115, 0.248172983527, 0.420910924673, 0.476746171713, 0.287120968103, 0.236739367247, 0.20961008966, 0.17756806314, 0.306846380234, 0.422883540392, 0.431880682707, 0.509318232536, 0.476901084185, 0.344978183508, 0.346251606941, 0.336461037397, 0.191779658198, 0.0871605575085, 0.0732784345746, 0.147423163056, 0.335519194603, 0.428452581167, 0.354173958302, 0.329745858908, 0.311095446348, 0.243697807193, 0.22183662653, 0.245507404208, 0.354615181684, 0.803622305393],
    "chords_key": "A#",
    "chords_scale": "minor"
}
}