{
"metadata": {
    "version": {
        "essentia": "2.1-dev",
        "essentia_git_sha": "v2.1_beta3-415-gd5473f3",
        "extractor": "music 2.0"
    },
    "audio_properties": {
        "analysis": {
            "equal_loudness": 0,
            "length": 187.350204468,
            "sample_rate": 44100,
            "start_time": 0,
            "downmix": "mix"
        },
        "bit_rate": 192000,
        "length": 187.350204468,
        "lossless": 0,
        "number_channels": 2,
        "replay_gain": -7.2018737793,
        "sample_rate": 44100,
        "codec": "mp3",
        "md5_encoded": "ff45418320ff8ba08f4592a75122357e"
    },
    "tags": {
        "file_name": "tchaikowsky-el_lago_de_los_cisnes.mp3",
        "date": ["2004"],
        "engineer": ["rosamerica tamyo"]
    }
},
"lowlevel": {
    "average_loudness": 0.134711503983,
    "barkbands_crest": {
        "mean": 10.2417030334,
        "stdev": 4.60516881943
    },
    "barkbands_flatness_db": {
        "mean": 0.190569490194,
        "stdev": 0.0659758374095
    },
    "barkbands_kurtosis": {
        "mean": 6.92247915268,
        "stdev": 45.3780670166
    },
    "barkbands_skewness": {
        "mean": 1.16118836403,
        "stdev": 1.90666377544
    },
    "barkbands_spread": {
        "mean": 13.8887910843,
        "stdev": 9.8065032959
    },
    "dissonance": {
        "mean": 0.434169650078,
        "stdev": 0.0404976047575
    },
    "dynamic_complexity": 8.13635444641,
    "erbbands_crest": {
        "mean": 12.0168514252,
        "stdev": 5.80961465836
    },
    "erbbands_flatness_db": {
        "mean": 0.235534593463,
        "stdev": 0.0602127425373
    },
    "erbbands_kurtosis": {
        "mean": 0.677855432034,
        "stdev": 2.65101504326
    },
    "erbbands_skewness": {
        "mean": 0.193882927299,
        "stdev": 0.873260736465
    },
    "erbbands_spread": {
        "mean": 21.859172821,
        "stdev": 11.4306869507
    },
    "hfc": {
        "mean": 11.1117067337,
        "stdev": 15.2608013153
    },
    "loudness_ebu128": {
        "integrated": -15.4796924591,
        "loudness_range": 19.7571868896,
        "momentary": {
            "mean": -26.3111057281,
            "stdev": 29.0514259338
        },
        "short_term": {
            "mean": -22.8663597107,
            "stdev": 11.8451461792
        }
    },
    "melbands_crest": {
        "mean": 13.4265480042,
        "stdev": 6.4809718132
    },
    "melbands_flatness_db": {
        "mean": 0.259455412626,
        "stdev": 0.0901034027338
    },
    "melbands_kurtosis": {
        "mean": 13.2406520844,
        "stdev": 97.6909637451
    },
    "melbands_skewness": {
        "mean": 1.75091826916,
        "stdev": 2.46745061874
    },
    "melbands_spread": {
        "mean": 19.7872276306,
        "stdev": 16.5975914001
    },
    "pitch_salience": {
        "mean": 0.510544359684,
        "stdev": 0.125679627061
    },
    "silence_rate_20dB": {
        "mean": 1,
        "stdev": 0
    },
    "silence_rate_30dB": {
        "mean": 0.998760819435,
        "stdev": 0.0351812206209
    },
    "silence_rate_60dB": {
        "mean": 0.406567543745,
        "stdev": 0.491187721491
    },
    "spectral_centroid": {
        "mean": 1077.10119629,
        "stdev": 1137.09606934
    },
    "spectral_complexity": {
        "mean": 11.6333332062,
        "stdev": 9.27671432495
    },
    "spectral_decrease": {
        "mean": -3.68872554724e-09,
        "stdev": 4.55892301687e-09
    },
    "spectral_energy": {
        "mean": 0.0149299968034,
        "stdev": 0.0185128133744
    },
    "spectral_energyband_high": {
        "mean": 0.000108692722279,
        "stdev": 0.000229464756558
    },
    "spectral_energyband_low": {
        "mean": 0.00160374771804,
        "stdev": 0.00348429288715
    },
    "spectral_energyband_middle_high": {
        "mean": 0.00413924176246,
        "stdev": 0.00633973861113
    },
    "spectral_energyband_middle_low": {
        "mean": 0.00940381921828,
        "stdev": 0.0124548524618
    },
    "spectral_entropy": {
        "mean": 6.9080619812,
        "stdev": 0.605178952217
    },
    "spectral_flux": {
        "mean": 0.0430605523288,
        "stdev": 0.0352460294962
    },
    "spectral_kurtosis": {
        "mean": 13.1070184708,
        "stdev": 10.1025791168
    },
    "spectral_rms": {
        "mean": 0.00302162300795,
        "stdev": 0.0023314547725
    },
    "spectral_rolloff": {
        "mean": 1301.27368164,
        "stdev": 1909.35339355
    },
    "spectral_skewness": {
        "mean": 2.32963633537,
        "stdev": 0.825414299965
    },
    "spectral_spread": {
        "mean": 2997130.25,
        "stdev": 4052669.25
    },
    "spectral_strongpeak": {
        "mean": 1.01027345657,
        "stdev": 1.15720379353
    },
    "zerocrossingrate": {
        "mean": 0.0471024401486,
        "stdev": 0.0517071224749
    },
    "barkbands": {
        "mean": [3.1039078749e-05, 0.000918909790926, 0.00049582257634, 0.000612679985352, 0.00168495345861, 0.00164403067902, 0.00199249573052, 0.0014363406226, 0.00157168658916, 0.00073288474232, 0.000757229106966, 0.00075730367098, 0.000391147070331, 0.000742785981856, 0.000227013704716, 0.000320634018863, 0.000208499419386, 0.000154768596985, 0.000111066801765, 5.66346789128e-05, 3.33883908752e-05, 2.17438737309e-05, 1.29593900056e-05, 8.21930188977e-06, 4.39327777713e-06, 1.25358531022e-06, 7.96290464677e-08],
        "stdev": [4.37520939158e-05, 0.00273657706566, 0.00122313271277, 0.00165400560945, 0.00272538326681, 0.00274364207871, 0.00432152906433, 0.00287194433622, 0.00365588674322, 0.00155602220912, 0.00173813558649, 0.00188863475341, 0.00100941467099, 0.00172766810283, 0.000512316823006, 0.000658065080643, 0.000483331154101, 0.000347005581716, 0.000271473370958, 0.000112695517601, 7.9272336734e-05, 4.99770867464e-05, 3.26267036144e-05, 2.54413571383e-05, 1.70883031387e-05, 4.17242836193e-06, 2.78425147826e-07]
    },
    "erbbands": {
        "mean": [0.0215497966856, 0.227910116315, 0.53654384613, 1.27589023113, 4.78960561752, 4.96836423874, 7.40080356598, 14.7563199997, 19.7845420837, 46.9651184082, 23.591386795, 27.1933231354, 47.935459137, 20.2134933472, 32.6762084961, 29.2956314087, 23.9560565948, 40.0005264282, 13.65209198, 15.217663765, 17.0884609222, 11.4008541107, 7.590467453, 7.44597053528, 4.74988079071, 2.79113984108, 1.71836662292, 0.964602410793, 0.751057982445, 0.526437759399, 0.359811574221, 0.239343196154, 0.107200056314, 0.0602341778576, 0.0244579035789, 0.00704735796899, 0.0019014806021, 0.000329862930812, 1.64503835549e-05, 1.78169739229e-05],
        "stdev": [0.0714140161872, 0.649430155754, 1.18692266941, 2.92150568962, 9.95168113708, 8.56918144226, 12.9378967285, 26.8710174561, 43.5290222168, 113.435684204, 40.8500518799, 58.4084587097, 117.804901123, 45.0701980591, 66.9466171265, 67.4320526123, 54.6507720947, 98.3151779175, 25.7764930725, 29.5006065369, 35.7361679077, 23.8341369629, 17.6083526611, 14.7409296036, 11.6942367554, 5.1433391571, 3.94200563431, 2.0592508316, 1.72372663021, 1.23884427547, 0.921042561531, 0.704974532127, 0.34051373601, 0.240527018905, 0.0958356782794, 0.0247698482126, 0.00613491423428, 0.00101095822174, 3.82057587558e-05, 2.23839451792e-05]
    },
    "gfcc": {
        "mean": [-162.086090088, 140.609191895, -142.217025757, -0.367119044065, -46.2443199158, -8.22199821472, -32.7991714478, -3.81608486176, -15.5240211487, -2.02743768692, -7.04361057281, -2.74888324738, -8.55703735352],
        "cov": [[47242.0859375, 2660.96801758, -4625.97607422, 922.846008301, -3348.1472168, 465.345977783, -1409.15917969, 401.430786133, -863.586730957, -199.996276855, -680.801086426, -305.072418213, -440.025054932], [2660.96801758, 2309.33105469, -139.268722534, -227.631790161, 380.491363525, -344.951477051, 4.89279794693, -299.220275879, -3.55973243713, -204.234115601, 30.621465683, -153.734313965, -4.21647262573], [-4625.97607422, -139.268722534, 1130.29956055, 267.907562256, 399.33782959, 161.125747681, 267.364685059, 104.206092834, 129.287857056, -19.1246604919, 18.2883167267, -22.3627204895, 41.5186042786], [922.846008301, -227.631790161, 267.907562256, 424.095581055, -42.2679595947, 234.086090088, 64.8382720947, 157.941879272, 26.6513957977, 4.98259925842, -47.0818252563, -5.33653020859, -4.48577737808], [-3348.1472168, 380.491363525, 399.33782959, -42.2679595947, 572.114807129, -31.9962558746, 168.608093262, -99.2830352783, 91.798576355, -27.6157665253, 66.0998535156, -13.3042554855, 4.26338434219], [465.345977783, -344.951477051, 161.125747681, 234.086090088, -31.9962558746, 281.488922119, 91.2693939209, 152.765411377, 26.4331321716, 40.3273735046, -27.4975795746, 4.47243642807, -25.5663414001], [-1409.15917969, 4.89279794693, 267.364685059, 64.8382720947, 168.608093262, 91.2693939209, 198.458816528, 86.013053894, 82.1632080078, 15.0889844894, 36.1125526428, 17.8635463715, 13.022192955], [401.430786133, -299.220275879, 104.206092834, 157.941879272, -99.2830352783, 152.765411377, 86.013053894, 216.022491455, 65.9147338867, 45.638381958, -12.3375196457, 25.8744411469, -4.54440116882], [-863.586730957, -3.55973243713, 129.287857056, 26.6513957977, 91.798576355, 26.4331321716, 82.1632080078, 65.9147338867, 121.583610535, 51.8948249817, 34.53931427, 14.2943410873, 14.9533367157], [-199.996276855, -204.234115601, -19.1246604919, 4.98259925842, -27.6157665253, 40.3273735046, 15.0889844894, 45.638381958, 51.8948249817, 113.301383972, 54.9077796936, 38.4454803467, -1.23852789402], [-680.801086426, 30.621465683, 18.2883167267, -47.0818252563, 66.0998535156, -27.4975795746, 36.1125526428, -12.3375196457, 34.53931427, 54.9077796936, 103.660614014, 54.6508483887, 13.1352949142], [-305.072418213, -153.734313965, -22.3627204895, -5.33653020859, -13.3042554855, 4.47243642807, 17.8635463715, 25.8744411469, 14.2943410873, 38.4454803467, 54.6508483887, 99.0524673462, 38.2242240906], [-440.025054932, -4.21647262573, 41.5186042786, -4.48577737808, 4.26338434219, -25.5663414001, 13.022192955, -4.54440116882, 14.9533367157, -1.23852789402, 13.1352949142, 38.2242240906, 90.9183120728]],
        "icov": [[0.000376340234652, -0.00111489952542, 0.00102730689105, -0.00102619349491, 0.00132812652737, -0.00125197099987, 0.00101735955104, -0.000858538318425, 0.000881078129169, -0.000742192962207, 0.000911322422326, -0.000716028735042, 0.000661329948343], [-0.00111489952542, 0.00424718065187, -0.00255012745038, 0.00256356596947, -0.00420823087916, 0.00443018134683, -0.0035349028185, 0.00305913481861, -0.00339734717272, 0.00407156348228, -0.00433633988723, 0.00395581685007, -0.00222797621973], [0.00102730689105, -0.00255012745038, 0.00491583766416, -0.00408814381808, 0.00242124521174, -0.00288342102431, 0.00136052514426, -0.0025656290818, 0.00209350720979, -0.000950127374381, 0.00139418453909, 4.94454070576e-05, 0.000580177642405], [-0.00102619349491, 0.00256356596947, -0.00408814381808, 0.00863262731582, -0.00336423120461, -0.00104746583384, -0.000229452445637, 0.00028572161682, -0.00252308882773, 0.00284298392944, -0.0018217623001, 0.00111266539898, -0.00239539938048], [0.00132812652737, -0.00420823087916, 0.00242124521174, -0.00336423120461, 0.0102239949629, -0.00525517156348, 4.40117546532e-05, 0.00259751919657, -0.00105265341699, -0.000800774956588, 0.00264835660346, -0.00390529935248, 0.00454883975908], [-0.00125197099987, 0.00443018134683, -0.00288342102431, -0.00104746583384, -0.00525517156348, 0.0156604107469, -0.00806000828743, 5.0318587455e-05, 0.00104576442391, -0.00195689289831, -9.37126969802e-05, 0.00310539710335, -0.000272353034234], [0.00101735955104, -0.0035349028185, 0.00136052514426, -0.000229452445637, 4.40117546532e-05, -0.00806000828743, 0.0186902303249, -0.00918287411332, 2.00660815608e-05, 0.00143680011388, -0.00206787022762, -0.00203945743851, -0.000104822785943], [-0.000858538318425, 0.00305913481861, -0.0025656290818, 0.00028572161682, 0.00259751919657, 5.0318587455e-05, -0.00918287411332, 0.0195305403322, -0.0112852053717, 0.00303084379993, 0.0011647939682, -0.0025884245988, 0.0021735697519], [0.000881078129169, -0.00339734717272, 0.00209350720979, -0.00252308882773, -0.00105265341699, 0.00104576442391, 2.00660815608e-05, -0.0112852053717, 0.0242692530155, -0.0134850768372, 0.00359829957597, 0.00120543094818, -0.00239926157519], [-0.000742192962207, 0.00407156348228, -0.000950127374381, 0.00284298392944, -0.000800774956588, -0.00195689289831, 0.00143680011388, 0.00303084379993, -0.0134850768372, 0.0264823194593, -0.0161223225296, 0.0034392697271, 6.58351855236e-05], [0.000911322422326, -0.00433633988723, 0.00139418453909, -0.0018217623001, 0.00264835660346, -9.37126969802e-05, -0.00206787022762, 0.0011647939682, 0.00359829957597, -0.0161223225296, 0.0302344467491, -0.016287850216, 0.00535509502515], [-0.000716028735042, 0.00395581685007, 4.94454070576e-05, 0.00111266539898, -0.00390529935248, 0.00310539710335, -0.00203945743851, -0.0025884245988, 0.00120543094818, 0.0034392697271, -0.016287850216, 0.0261315796524, -0.0108151268214], [0.000661329948343, -0.00222797621973, 0.000580177642405, -0.00239539938048, 0.00454883975908, -0.000272353034234, -0.000104822785943, 0.0021735697519, -0.00239926157519, 6.58351855236e-05, 0.00535509502515, -0.0108151268214, 0.0177156589925]]
    },
    "melbands": {
        "mean": [0.000236972045968, 0.000294745113933, 0.000344413943822, 0.00035272227251, 0.000249058124609, 0.000334072101396, 0.000333506701281, 0.000479093228932, 0.000166200930835, 0.000197968503926, 0.000231963931583, 6.9398956839e-05, 0.00011240762251, 9.52355694608e-05, 5.10280115122e-05, 5.2982926718e-05, 7.48373859096e-05, 1.95012944459e-05, 2.10614507523e-05, 1.7555854356e-05, 2.21584687097e-05, 1.28643441712e-05, 7.15812257113e-06, 7.3514856922e-06, 6.09591916145e-06, 3.85582143281e-06, 2.66686197392e-06, 1.63005609011e-06, 1.01007492503e-06, 8.36670494664e-07, 4.96535790262e-07, 4.15835444301e-07, 4.52925917216e-07, 2.26436839057e-07, 2.12190641946e-07, 1.75975884531e-07, 1.34623704184e-07, 7.42889838534e-08, 6.15616926325e-08, 4.65150549189e-08],
        "stdev": [0.000740365998354, 0.00063290813705, 0.000736893562134, 0.000615330412984, 0.000408348860219, 0.000589690578636, 0.000682006939314, 0.00113024062011, 0.000303193926811, 0.000434433546616, 0.000576983788051, 0.000170219951542, 0.000234856153838, 0.000250996847171, 0.000116054747195, 0.000111612120236, 0.000190084421774, 4.30432482972e-05, 4.73607506137e-05, 3.81330537493e-05, 4.93966181239e-05, 3.07026530209e-05, 1.71010651684e-05, 1.77436686499e-05, 1.29898253363e-05, 1.11683903015e-05, 6.5305212047e-06, 3.1518400192e-06, 2.41007205659e-06, 2.18048285205e-06, 1.16552257623e-06, 9.50853404902e-07, 1.25734152334e-06, 5.54845200895e-07, 5.74486477944e-07, 4.72072400726e-07, 4.49088673804e-07, 2.38031446997e-07, 2.23941285071e-07, 1.92621229189e-07]
    },
    "melbands128": {
        "mean": [1.16056762636e-05, 0.000118087838928, 0.000389994704165, 0.000360187579645, 0.000273738754913, 0.000245433911914, 0.000194391745026, 0.000380871497327, 0.000596575671807, 0.000306930567604, 0.000258161919191, 0.000258737796685, 0.000269821030088, 0.000205343225389, 0.000275018304819, 0.000490808102768, 0.000364168256056, 0.000207115634112, 0.000336445315043, 0.000752832042053, 0.000362199964002, 0.000199228961719, 0.0001606533624, 7.88966499385e-05, 0.000170202911249, 0.000134363945108, 0.000507355493028, 0.000220624177018, 6.46456464892e-05, 4.21887853008e-05, 7.63404677855e-05, 0.000107731975731, 0.000142441611388, 8.13635269878e-05, 0.000105803956103, 9.62086560321e-05, 8.73512835824e-05, 2.54863007285e-05, 5.03467163071e-05, 6.54722171021e-05, 2.30700115935e-05, 7.59392205509e-05, 0.000123701916891, 4.29149367847e-05, 2.06757067645e-05, 1.37751876537e-05, 1.95291067939e-05, 2.02519640879e-05, 1.94974309125e-05, 2.64094542217e-05, 1.4817626834e-05, 1.40535303217e-05, 2.35051938944e-05, 2.13662333408e-05, 2.47924617724e-05, 1.05790422822e-05, 5.73088300371e-06, 9.36286960496e-06, 6.34372554487e-06, 5.56563145437e-06, 5.77632272325e-06, 1.29054005811e-05, 4.49517801826e-06, 5.40791825188e-06, 5.12325368618e-06, 3.66317976841e-06, 3.7139361666e-06, 2.79444952866e-06, 2.7835178571e-06, 1.4033463458e-06, 2.48172227657e-06, 1.13814382985e-06, 6.52230198739e-07, 1.22495600863e-06, 1.10939606657e-06, 1.02754950149e-06, 5.84624217481e-07, 3.92783249481e-07, 5.17583373494e-07, 6.40589860268e-07, 3.6127400449e-07, 3.98342365315e-07, 2.9153181913e-07, 7.22621223304e-07, 2.39967960169e-07, 2.49857635026e-07, 1.99582004257e-07, 2.45553081868e-07, 1.92207792793e-07, 2.12565524293e-07, 2.06368198974e-07, 1.40236622315e-07, 1.61802034881e-07, 1.58231216574e-07, 1.06987300796e-07, 7.66422445508e-08, 7.0518154871e-08, 6.74587354865e-08, 5.12087119375e-08, 7.20675998878e-08, 5.37273940893e-08, 3.39364518709e-08, 5.14522717765e-08, 2.46236364632e-08, 3.40784716002e-08, 1.97638581056e-08, 1.41740406079e-08, 1.52258046171e-08, 1.0353060631e-08, 9.63604840365e-09, 9.01633168127e-09, 6.36956087874e-09, 5.51458967379e-09, 4.68367611361e-09, 3.95148536114e-09, 3.31628258188e-09, 2.9253426348e-09, 4.60187637996e-10, 5.74199646164e-11, 3.90345290813e-11, 2.53730239944e-12, 2.03042899334e-12, 3.04970697133e-12, 1.66539542573e-11, 5.64877528433e-12, 1.91474093525e-12, 1.90228648805e-12, 1.88877169113e-12],
        "stdev": [2.73148307315e-05, 0.000414278649259, 0.00131722399965, 0.00102376565337, 0.000628931738902, 0.000625890213996, 0.00051912170602, 0.00102760165464, 0.00133578141686, 0.000652425340377, 0.000566293951124, 0.000485153432237, 0.00057489448227, 0.000456140347524, 0.00057610910153, 0.00107443507295, 0.000938762212172, 0.000750938605051, 0.00116616685409, 0.00208643870428, 0.00101121864282, 0.000446850375738, 0.000413599860622, 0.0002213241969, 0.000575505779125, 0.000386097643059, 0.00159714382607, 0.000561942288186, 0.000221417532885, 0.000102358433651, 0.00024300190853, 0.00041952347965, 0.000363675906556, 0.000295324542094, 0.000397196912672, 0.000298942613881, 0.000286021502689, 7.66168086557e-05, 0.000171128631337, 0.00018443747831, 9.26249776967e-05, 0.000201126444153, 0.000403421290684, 0.00012822842109, 5.86601345276e-05, 4.16813672928e-05, 6.79142976878e-05, 5.63922731089e-05, 6.27988774795e-05, 6.69016080792e-05, 3.68695036741e-05, 7.05687489244e-05, 6.50671645417e-05, 5.81039967074e-05, 7.4613482866e-05, 3.0526683986e-05, 1.61319676408e-05, 2.55406648648e-05, 2.01092916541e-05, 2.79206487903e-05, 1.6963114831e-05, 3.38636818924e-05, 1.14550039143e-05, 1.90608843695e-05, 2.00832619157e-05, 1.46763313751e-05, 1.32403911266e-05, 8.54105201142e-06, 9.03089767235e-06, 3.25341284224e-06, 6.05188733971e-06, 2.6649602205e-06, 2.26319025387e-06, 3.78580352844e-06, 3.12474139719e-06, 3.56762757292e-06, 1.73323689978e-06, 1.04892001218e-06, 1.73095554601e-06, 1.7153056433e-06, 1.01271621133e-06, 1.14182410016e-06, 9.6780649983e-07, 2.35308698393e-06, 5.9609476466e-07, 6.92181004069e-07, 6.95008111506e-07, 8.92069522251e-07, 6.64018330099e-07, 5.9395460994e-07, 7.34992283924e-07, 4.09570901638e-07, 5.29495650881e-07, 6.40270059193e-07, 3.97914732275e-07, 2.95904925451e-07, 2.43079739448e-07, 2.23746681627e-07, 1.9386490635e-07, 3.56479574748e-07, 2.92982633709e-07, 1.22970249095e-07, 2.46302647611e-07, 7.99682169372e-08, 1.72963851242e-07, 8.27831883043e-08, 5.07442869946e-08, 5.45700018506e-08, 4.13848724179e-08, 3.59039660225e-08, 3.37847225751e-08, 1.97055367579e-08, 2.0203957618e-08, 1.51026142703e-08, 1.35208280128e-08, 9.76410063913e-09, 9.74958247468e-09, 2.97307467534e-09, 1.5606936854e-09, 1.05400232986e-09, 2.77165183166e-11, 4.29552574066e-12, 7.67052532602e-11, 5.2448800858e-10, 1.64511321232e-10, 4.02550345488e-12, 3.98941513505e-12, 3.96897228624e-12]
    },
    "mfcc": {
        "mean": [-771.367980957, 161.183944702, -20.7900848389, 4.49982309341, -0.526512861252, -5.54456710815, -7.67876625061, -3.3098282814, -8.02832126617, -1.01407003403, -1.08974981308, 0.594898104668, -0.7499371171],
        "cov": [[23076.1953125, 1523.27380371, -2017.21020508, 655.717224121, -1494.37390137, -123.227706909, -401.46585083, 183.560501099, -74.7723999023, 147.146972656, -222.321380615, 100.79561615, 31.5907211304], [1523.27380371, 1898.87145996, -105.455238342, 39.2794456482, 125.035507202, -77.0705795288, -9.44453144073, -55.7493476868, -60.9875259399, -41.1779899597, -55.5632019043, -38.8954772949, -10.4184827805], [-2017.21020508, -105.455238342, 706.446838379, 98.524307251, 256.564117432, 128.098220825, 115.675354004, 99.0473861694, 112.038795471, 46.0025100708, 34.6425628662, -12.5691137314, 5.51577711105], [655.717224121, 39.2794456482, 98.524307251, 241.49067688, 24.9078273773, 67.9003067017, 50.6558303833, 70.3023223877, 67.364730835, 46.0188903809, -16.9448776245, -1.17977595329, 17.5890884399], [-1494.37390137, 125.035507202, 256.564117432, 24.9078273773, 293.957275391, 90.7722015381, 88.6141891479, 31.2399482727, 30.2653713226, 7.95338773727, 26.816160202, -16.8986549377, -11.7686882019], [-123.227706909, -77.0705795288, 128.098220825, 67.9003067017, 90.7722015381, 147.295410156, 82.91771698, 55.7498321533, 44.0620346069, 33.9658241272, 25.9470272064, 15.6368160248, 3.68011760712], [-401.46585083, -9.44453144073, 115.675354004, 50.6558303833, 88.6141891479, 82.91771698, 126.915328979, 76.0896377563, 48.1563720703, 23.0755729675, 18.2612285614, 13.9771442413, 22.5699729919], [183.560501099, -55.7493476868, 99.0473861694, 70.3023223877, 31.2399482727, 55.7498321533, 76.0896377563, 129.582382202, 84.6457824707, 39.4742698669, 12.7185850143, 18.0766448975, 33.6550369263], [-74.7723999023, -60.9875259399, 112.038795471, 67.364730835, 30.2653713226, 44.0620346069, 48.1563720703, 84.6457824707, 133.567321777, 71.5043640137, 5.24905729294, 2.16865587234, 23.7867851257], [147.146972656, -41.1779899597, 46.0025100708, 46.0188903809, 7.95338773727, 33.9658241272, 23.0755729675, 39.4742698669, 71.5043640137, 99.8876037598, 39.9316482544, 5.2509598732, 2.50016498566], [-222.321380615, -55.5632019043, 34.6425628662, -16.9448776245, 26.816160202, 25.9470272064, 18.2612285614, 12.7185850143, 5.24905729294, 39.9316482544, 97.2985916138, 52.2936706543, 4.224214077], [100.79561615, -38.8954772949, -12.5691137314, -1.17977595329, -16.8986549377, 15.6368160248, 13.9771442413, 18.0766448975, 2.16865587234, 5.2509598732, 52.2936706543, 104.772918701, 64.8163452148], [31.5907211304, -10.4184827805, 5.51577711105, 17.5890884399, -11.7686882019, 3.68011760712, 22.5699729919, 33.6550369263, 23.7867851257, 2.50016498566, 4.224214077, 64.8163452148, 119.466346741]],
        "icov": [[0.000149417304783, -0.000171994921402, 0.000267182040261, -0.000342163257301, 0.000647185253911, -0.000546969589777, 0.000582952226978, -0.000783940777183, 0.000416727474658, -0.000338048354024, 0.000242042500759, -0.000156996640726, 0.000175567023689], [-0.000171994921402, 0.000830241420772, -9.0432142315e-05, 8.12564612716e-05, -0.00141482928302, 0.00129568949342, -0.000846423383337, 0.0010022839997, -0.000164185723406, 0.000128347877762, 0.000161629868671, 2.99452290164e-06, -0.000168972634128], [0.000267182040261, -9.0432142315e-05, 0.00301423459314, -0.00114458636381, -0.000770837301388, -0.00126552942675, 0.00116384658031, -0.00167512136977, -0.000791986880358, 0.00033647226519, -0.000506617419887, 0.000454405380879, 8.79103972693e-05], [-0.000342163257301, 8.12564612716e-05, -0.00114458636381, 0.00696469610557, -0.000906429486349, -0.000958895892836, -0.00113685906399, -0.000185268130735, -0.000591796124354, -0.00211395183578, 0.0029303827323, -0.00073221285129, -0.000212069920963], [0.000647185253911, -0.00141482928302, -0.000770837301388, -0.000906429486349, 0.0100327571854, -0.00482750311494, -0.000389453198295, -0.00147715117782, 0.000726245169062, 0.000932865194045, -0.00205870484933, 0.00224039517343, 0.000194415712031], [-0.000546969589777, 0.00129568949342, -0.00126552942675, -0.000958895892836, -0.00482750311494, 0.0159196276218, -0.00832466036081, 0.00273469672538, -0.000710260821506, -0.00124163879082, 7.22806507838e-05, -0.00288095395081, 0.00202151527628], [0.000582952226978, -0.000846423383337, 0.00116384658031, -0.00113685906399, -0.000389453198295, -0.00832466036081, 0.0208075027913, -0.0111485421658, 0.00244795554318, -0.000519504130352, 5.62806744711e-05, 0.000371947069652, -0.0013669244945], [-0.000783940777183, 0.0010022839997, -0.00167512136977, -0.000185268130735, -0.00147715117782, 0.00273469672538, -0.0111485421658, 0.0236392524093, -0.0121703250334, 0.00517058372498, -0.00404298864305, 0.0013359793229, -0.00265053031035], [0.000416727474658, -0.000164185723406, -0.000791986880358, -0.000591796124354, 0.000726245169062, -0.000710260821506, 0.00244795554318, -0.0121703250334, 0.0238763466477, -0.0160854291171, 0.00878849159926, -0.00242175813764, -0.000355536903953], [-0.000338048354024, 0.000128347877762, 0.00033647226519, -0.00211395183578, 0.000932865194045, -0.00124163879082, -0.000519504130352, 0.00517058372498, -0.0160854291171, 0.0275816638023, -0.0166463945061, 0.00856138207018, -0.00226287730038], [0.000242042500759, 0.000161629868671, -0.000506617419887, 0.0029303827323, -0.00205870484933, 7.22806507838e-05, 5.62806744711e-05, -0.00404298864305, 0.00878849159926, -0.0166463945061, 0.0286220293492, -0.0184862222522, 0.00808147434145], [-0.000156996640726, 2.99452290164e-06, 0.000454405380879, -0.00073221285129, 0.00224039517343, -0.00288095395081, 0.000371947069652, 0.0013359793229, -0.00242175813764, 0.00856138207018, -0.0184862222522, 0.0278694480658, -0.0141724450514], [0.000175567023689, -0.000168972634128, 8.79103972693e-05, -0.000212069920963, 0.000194415712031, 0.00202151527628, -0.0013669244945, -0.00265053031035, -0.000355536903953, -0.00226287730038, 0.00808147434145, -0.0141724450514, 0.0168200097978]]
    },
    "spectral_contrast_coeffs": {
        "mean": [-0.689640343189, -0.743656814098, -0.72403550148, -0.749716520309, -0.776732265949, -0.781575500965],
        "stdev": [0.102775670588, 0.0757323652506, 0.080540060997, 0.0713172480464, 0.0618847943842, 0.0521892085671]
    },
    "spectral_contrast_valleys": {
        "mean": [-8.42196464539, -7.73039913177, -8.68196392059, -9.12698841095, -9.59881210327, -12.9187898636],
        "stdev": [2.80204916, 2.79848504066, 2.66236114502, 2.55052542686, 2.49046492577, 2.28618001938]
    }
},
"rhythm": {
    "beats_count": 411,
    "beats_loudness": {
        "mean": 0.0164285227656,
        "stdev": 0.0200616661459
    },
    "bpm": 163.023788452,
    "bpm_histogram_first_peak_bpm": 161,
    "bpm_histogram_first_peak_weight": 0.402061879635,
    "bpm_histogram_second_peak_bpm": 140,
    "bpm_histogram_second_peak_spread": 0.528571367264,
    "bpm_histogram_second_peak_weight": 0.0804878026247,
    "danceability": 0.871508657932,
    "onset_rate": 0.73654282093,
    "beats_loudness_band_ratio": {
        "mean": [0.264438182116, 0.253731638193, 0.275899767876, 0.187932029366, 0.0641597062349, 0.0127883115783],
        "stdev": [0.282096832991, 0.201174750924, 0.198091447353, 0.154270812869, 0.0787687003613, 0.0245883204043]
    },
    "beats_position": [0.49922901392, 1.01006805897, 1.52090704441, 2.03174591064, 2.53097510338, 3.01859402657, 3.51782298088, 4.01705217361, 4.45823097229, 4.88780021667, 5.31736946106, 5.74693870544, 6.17650794983, 6.60607719421, 7.03564596176, 7.46521520615, 7.89478445053, 8.33596324921, 8.76553249359, 9.19510173798, 9.63628101349, 10.0658502579, 10.4954195023, 10.9365987778, 11.3661680222, 11.807346344, 12.2485256195, 12.689704895, 13.1192741394, 13.572063446, 14.0248527527, 14.4776411057, 15.0000905991, 15.5225391388, 16.0333786011, 16.6138763428, 17.1827659607, 17.7516555786, 18.3321533203, 18.9010429382, 19.4118824005, 19.9343299866, 20.4451694489, 20.9676189423, 21.4784584045, 21.9892959595, 22.5117454529, 23.0225849152, 23.5334243774, 24.0326519012, 24.5318813324, 25.0311107635, 25.5187301636, 26.0179595947, 26.5055770874, 26.9815864563, 27.4575958252, 27.9336051941, 28.409614563, 28.8856239319, 29.3732414246, 29.8608608246, 30.3484802246, 30.8360996246, 31.2888889313, 31.7416782379, 32.1944656372, 32.7053070068, 33.2161445618, 33.7153739929, 34.2262115479, 34.725440979, 35.2362823486, 35.7355079651, 36.2463493347, 36.7571868896, 37.2796363831, 37.8020858765, 38.3245353699, 38.8469848633, 39.3810424805, 39.9151000977, 40.4956016541, 41.0644874573, 41.6217689514, 42.1674385071, 42.713104248, 43.2703857422, 43.8160552979, 44.3617210388, 44.9073905945, 45.4646720886, 46.0103378296, 46.5792274475, 47.1365089417, 47.7053947449, 48.2742843628, 48.8315620422, 49.3888435364, 49.9461212158, 50.5150108337, 51.0258483887, 51.5366897583, 52.024307251, 52.5235366821, 53.0227661133, 53.4987754822, 53.9631729126, 54.4391822815, 54.9151916504, 55.3795890808, 55.8439903259, 56.2967796326, 56.8656692505, 57.4345550537, 58.1195449829, 58.8045349121, 59.4895210266, 60.1861228943, 60.8827209473, 61.5096588135, 62.1482086182, 62.7867546082, 63.4253044128, 64.0638504028, 64.7024002075, 65.3409500122, 65.9794998169, 66.6180496216, 67.1637191772, 67.7093887329, 68.2666625977, 68.8239440918, 69.3812255859, 69.9384994507, 70.4957809448, 71.053062439, 71.5174560547, 71.9702453613, 72.423034668, 72.8642196655, 73.3053970337, 73.7581863403, 74.1993637085, 74.6521530151, 75.1049423218, 75.5577316284, 76.0801773071, 76.5910186768, 77.1134643555, 77.6591339111, 78.2048034668, 78.7504730225, 79.2845306396, 79.8069839478, 80.3410415649, 80.8750991821, 81.4091567993, 81.861946106, 82.3147354126, 82.7675247192, 83.2087097168, 83.5802230835, 83.9401321411, 84.3000411987, 84.6599502563, 85.0314712524, 85.3913803101, 85.7512893677, 86.1924667358, 86.6220397949, 87.0516052246, 87.4811782837, 87.9339675903, 88.386756897, 88.8395462036, 89.3271636963, 89.814781189, 90.2907943726, 90.7551879883, 91.2312011719, 91.695602417, 92.1716079712, 92.6476211548, 93.123626709, 93.5880279541, 94.0640335083, 94.5400466919, 95.0160522461, 95.4456253052, 95.8751907349, 96.316368103, 96.7459411621, 97.1871185303, 97.6282958984, 98.0694732666, 98.5106582642, 98.9518356323, 99.381401062, 99.8225860596, 100.263763428, 100.716552734, 101.192558289, 101.668571472, 102.144577026, 102.643806458, 103.143035889, 103.653877258, 104.083442688, 104.524627686, 104.965805054, 105.406982422, 105.836547852, 106.266120911, 106.69568634, 107.125259399, 107.554824829, 107.984397888, 108.413963318, 108.8203125, 109.226661682, 109.633010864, 109.992919922, 110.34122467, 110.701133728, 111.061042786, 111.432563782, 111.804077148, 112.175598145, 112.547119141, 112.918640137, 113.301765442, 113.673286438, 114.056411743, 114.439544678, 114.811065674, 115.18258667, 115.565711975, 115.94884491, 116.343582153, 116.726707458, 117.121452332, 117.516189575, 117.89931488, 118.282447815, 118.66557312, 119.013877869, 119.362174988, 119.710472107, 120.070381165, 120.465126038, 120.848251343, 121.242988586, 121.637733459, 122.032470703, 122.415596008, 122.798728943, 123.181854248, 123.681083679, 124.18031311, 124.679542542, 125.260040283, 125.840545654, 126.421043396, 126.989929199, 127.570426941, 128.139312744, 128.719818115, 129.311920166, 129.904037476, 130.496139526, 131.099868774, 131.715194702, 132.307296753, 132.899414062, 133.491516113, 134.072021484, 134.652511597, 135.233016968, 135.81350708, 136.394012451, 136.986114502, 137.578231812, 138.158721924, 138.588302612, 139.017868042, 139.447433472, 139.818954468, 140.190475464, 140.56199646, 140.933517456, 141.305038452, 141.676544189, 142.048065186, 142.419586182, 142.802719116, 143.185852051, 143.568969727, 143.940490723, 144.323623657, 144.71836853, 145.101501465, 145.484619141, 145.867752075, 146.239273071, 146.622406006, 146.982315063, 147.35383606, 147.725341797, 148.096862793, 148.468383789, 148.839904785, 149.211425781, 149.582946777, 149.954467773, 150.32598877, 150.697509766, 151.069015503, 151.440536499, 151.812057495, 152.183578491, 152.555099487, 152.938232422, 153.356185913, 153.762542725, 154.168884277, 154.598449707, 155.016418457, 155.434371948, 155.852325439, 156.270294189, 156.688247681, 157.106216431, 157.524169922, 157.942123413, 158.360092163, 158.778045654, 159.184402466, 159.602355957, 160.020309448, 160.438278198, 160.833007812, 161.227752686, 161.61088562, 161.982406616, 162.353912354, 162.71383667, 163.085342407, 163.445251465, 163.816772461, 164.188293457, 164.559814453, 164.954559326, 165.34928894, 165.744033813, 166.138778687, 166.498687744, 166.870193481, 167.230117798, 167.601623535, 167.973144531, 168.344665527, 168.716186523, 169.08770752, 169.459228516, 169.819137573, 170.190658569, 170.562179565, 170.922088623, 171.293609619, 171.665115356, 172.036636353, 172.419769287, 172.802902222, 173.186035156, 173.569152832, 173.952285767, 174.323806763, 174.695327759, 175.066848755, 175.449981689, 175.833099365, 176.2162323, 176.599365234, 176.994094849, 177.388839722, 177.783584595, 178.178314209, 178.561447144, 178.944580078, 179.327713013, 179.710830688, 180.082351685, 180.465484619, 180.848617554, 181.231735229, 181.580047607, 181.928344727, 182.288253784, 182.65977478, 183.008071899, 183.356369019, 183.704666138, 184.052963257, 184.412872314, 184.772781372, 185.13269043, 185.492599487, 185.852508545, 186.212417603, 186.57232666],
    "bpm_histogram": [0, 0, 0, 0, 0, 0, 0, 0, 0, 0, 0, 0, 0, 0, 0, 0, 0, 0, 0, 0, 0, 0, 0, 0, 0, 0, 0, 0, 0, 0, 0, 0, 0, 0, 0, 0, 0, 0, 0, 0, 0, 0, 0, 0, 0, 0, 0, 0, 0, 0, 0, 0, 0, 0, 0, 0, 0, 0, 0, 0, 0, 0, 0, 0, 0, 0, 0, 0, 0, 0, 0, 0, 0, 0, 0, 0, 0, 0, 0, 0, 0, 0, 0, 0, 0, 0, 0.00487804878503, 0, 0.00731707317755, 0, 0, 0, 0, 0, 0.0195121951401, 0, 0.00243902439252, 0, 0.00243902439252, 0.00243902439252, 0, 0.0195121951401, 0, 0.0341463424265, 0, 0.0292682927102, 0, 0, 0.031707316637, 0, 0.0268292687833, 0, 0.0146341463551, 0, 0, 0.0292682927102, 0, 0.0487804859877, 0, 0, 0.0414634160697, 0, 0, 0.0243902429938, 0, 0, 0.0463414639235, 0, 0, 0.0170731712133, 0, 0, 0, 0.0487804859877, 0, 0, 0.0560975596309, 0, 0, 0, 0.0804878026247, 0, 0, 0, 0.0341463424265, 0, 0, 0, 0.0146341463551, 0, 0, 0, 0.043902438134, 0, 0, 0, 0, 0.0951219499111, 0, 0, 0, 0.117073170841, 0.0243902429938, 0, 0, 0, 0, 0.0585365854204, 0, 0, 0, 0, 0.0243902429938, 0, 0, 0, 0, 0, 0, 0, 0, 0, 0, 0, 0, 0, 0, 0, 0, 0, 0, 0, 0, 0, 0, 0, 0, 0, 0, 0, 0, 0, 0, 0, 0, 0, 0, 0, 0, 0, 0, 0, 0, 0, 0, 0, 0, 0, 0, 0, 0, 0, 0, 0, 0, 0, 0, 0, 0, 0, 0, 0, 0, 0, 0, 0, 0, 0, 0, 0, 0, 0, 0, 0, 0, 0, 0, 0, 0, 0]
},
"tonal": {
    "chords_changes_rate": 0.0284935571253,
    "chords_number_rate": 0.00222993060015,
    "chords_strength": {
        "mean": 0.555807650089,
        "stdev": 0.259124070406
    },
    "hpcp_crest": {
        "mean": 16.1801528931,
        "stdev": 7.82687139511
    },
    "hpcp_entropy": {
        "mean": 1.52934145927,
        "stdev": 0.692729592323
    },
    "key_edma": {
        "strength": 0.807502508163,
        "key": "B",
        "scale": "minor"
    },
    "key_krumhansl": {
        "strength": 0.823036968708,
        "key": "B",
        "scale": "minor"
    },
    "key_temperley": {
        "strength": 0.825791418552,
        "key": "B",
        "scale": "minor"
    },
    "tuning_diatonic_strength": 0.631674230099,
    "tuning_equal_tempered_deviation": 0.0192378424108,
    "tuning_frequency": 447.691040039,
    "tuning_nontempered_energy_ratio": 0.672455608845,
    "hpcp": {
        "mean": [0.120268166065, 0.0970411449671, 0.0633282214403, 0.0767084956169, 0.0663612261415, 0.190775021911, 0.346156686544, 0.224181428552, 0.0702411234379, 0.0660778582096, 0.0461397431791, 0.0901340916753, 0.144747719169, 0.0842296630144, 0.109679378569, 0.226044863462, 0.14933283627, 0.0238086804748, 0.0174225512892, 0.0214534346014, 0.108101218939, 0.168318971992, 0.102522097528, 0.0581356361508, 0.0517122410238, 0.0380364954472, 0.169193759561, 0.381434351206, 0.275946527719, 0.110629588366, 0.139312550426, 0.0906430482864, 0.0404968485236, 0.0572083890438, 0.0413981936872, 0.0575002022088],
        "stdev": [0.256384372711, 0.206659510732, 0.154575273395, 0.205189317465, 0.156467363238, 0.249549970031, 0.385365158319, 0.291082412004, 0.16185452044, 0.211112096906, 0.148289203644, 0.164564982057, 0.251233786345, 0.159349232912, 0.175762757659, 0.329934149981, 0.239181980491, 0.0598046183586, 0.0514119341969, 0.0714001953602, 0.200980201364, 0.291125327349, 0.190083533525, 0.141038075089, 0.151303812861, 0.100618846714, 0.211570575833, 0.402558624744, 0.312568277121, 0.173009172082, 0.271589666605, 0.197540014982, 0.10773409903, 0.156710892916, 0.108698017895, 0.122954338789]
    },
    "chords_histogram": [43.7066383362, 0.173439055681, 7.87908840179, 7.8295340538, 0.0247770063579, 0.644202172756, 0, 1.16451931, 0.768087208271, 8.8453912735, 0, 3.04757189751, 0, 0, 0, 0, 0, 0.495540142059, 0.173439055681, 0.545094132423, 0.272547066212, 7.21010923386, 12.9088201523, 4.31119918823],
    "thpcp": [1, 0.723444342613, 0.29003572464, 0.365233361721, 0.237637355924, 0.106169901788, 0.149982273579, 0.108532942832, 0.150747314095, 0.315305024385, 0.254411131144, 0.16602653265, 0.201105371118, 0.173978105187, 0.500151634216, 0.907513141632, 0.587732672691, 0.184149965644, 0.173235207796, 0.120963789523, 0.236303031445, 0.379482656717, 0.220823481679, 0.287544578314, 0.592617988586, 0.391503363848, 0.0624188147485, 0.0456764101982, 0.0562441088259, 0.283407151699, 0.441278994083, 0.268780440092, 0.152413219213, 0.135573104024, 0.0997196361423, 0.443572431803],
    "chords_key": "B",
    "chords_scale": "minor"
}
}