{
"metadata": {
    "version": {
        "essentia": "2.1-dev",
        "essentia_git_sha": "v2.1_beta3-415-gd5473f3",
        "extractor": "music 2.0"
    },
    "audio_properties": {
        "analysis": {
            "equal_loudness": 0,
            "length": 169.717544556,
            "sample_rate": 44100,
            "start_time": 0,
            "downmix": "mix"
        },
        "bit_rate": 96000,
        "length": 169.717544556,
        "lossless": 0,
        "number_channels": 2,
        "replay_gain": -8.06517410278,
        "sample_rate": 44100,
        "codec": "mp3",
        "md5_encoded": "a8a529461653306e21f39ee6ae62a870"
    },
    "tags": {
        "file_name": "telemann-viola_concerto_in_g-allegro.mp3",
        "album": ["02 "],
        "artist": ["Telemann "],
        "encodedby": ["Ripped with Streamripper"],
        "title": ["Viola Concerto In G - Allegro"]
    }
},
"lowlevel": {
    "average_loudness": 0.896811962128,
    "barkbands_crest": {
        "mean": 10.5754089355,
        "stdev": 4.98606681824
    },
    "barkbands_flatness_db": {
        "mean": 0.202389329672,
        "stdev": 0.0713529288769
    },
    "barkbands_kurtosis": {
        "mean": 120.537895203,
        "stdev": 968.172424316
    },
    "barkbands_skewness": {
        "mean": 2.37209582329,
        "stdev": 10.4171257019
    },
    "barkbands_spread": {
        "mean": 17.2330341339,
        "stdev": 7.47599887848
    },
    "dissonance": {
        "mean": 0.44640865922,
        "stdev": 0.0312506183982
    },
    "dynamic_complexity": 2.62727379799,
    "erbbands_crest": {
        "mean": 10.8974924088,
        "stdev": 4.58801937103
    },
    "erbbands_flatness_db": {
        "mean": 0.241337686777,
        "stdev": 0.0446777567267
    },
    "erbbands_kurtosis": {
        "mean": -0.147808462381,
        "stdev": 2.00812029839
    },
    "erbbands_skewness": {
        "mean": 0.16940253973,
        "stdev": 0.734072446823
    },
    "erbbands_spread": {
        "mean": 31.2896785736,
        "stdev": 20.8534946442
    },
    "hfc": {
        "mean": 16.968421936,
        "stdev": 12.9782896042
    },
    "loudness_ebu128": {
        "integrated": -14.9894180298,
        "loudness_range": 3.25528907776,
        "momentary": {
            "mean": -17.1843070984,
            "stdev": 10.4113721848
        },
        "short_term": {
            "mean": -16.0842571259,
            "stdev": 7.08477497101
        }
    },
    "melbands_crest": {
        "mean": 14.456454277,
        "stdev": 6.35803937912
    },
    "melbands_flatness_db": {
        "mean": 0.218737483025,
        "stdev": 0.0724091604352
    },
    "melbands_kurtosis": {
        "mean": 238.095443726,
        "stdev": 1918.69006348
    },
    "melbands_skewness": {
        "mean": 3.66853499413,
        "stdev": 14.5104341507
    },
    "melbands_spread": {
        "mean": 22.9731369019,
        "stdev": 13.0109529495
    },
    "pitch_salience": {
        "mean": 0.498260498047,
        "stdev": 0.122982092202
    },
    "silence_rate_20dB": {
        "mean": 1,
        "stdev": 0
    },
    "silence_rate_30dB": {
        "mean": 0.998768985271,
        "stdev": 0.0350657328963
    },
    "silence_rate_60dB": {
        "mean": 0.0538913980126,
        "stdev": 0.225802004337
    },
    "spectral_centroid": {
        "mean": 1374.13647461,
        "stdev": 608.422485352
    },
    "spectral_complexity": {
        "mean": 15.0471887589,
        "stdev": 5.46466970444
    },
    "spectral_decrease": {
        "mean": -5.15795184342e-09,
        "stdev": 3.94139476612e-09
    },
    "spectral_energy": {
        "mean": 0.0210063867271,
        "stdev": 0.0157883074135
    },
    "spectral_energyband_high": {
        "mean": 0.000167399790371,
        "stdev": 0.000225902491366
    },
    "spectral_energyband_low": {
        "mean": 0.00225809356198,
        "stdev": 0.0051480573602
    },
    "spectral_energyband_middle_high": {
        "mean": 0.00622820481658,
        "stdev": 0.006212875247
    },
    "spectral_energyband_middle_low": {
        "mean": 0.0128038357943,
        "stdev": 0.0118238637224
    },
    "spectral_entropy": {
        "mean": 6.98930835724,
        "stdev": 0.425192028284
    },
    "spectral_flux": {
        "mean": 0.0616748854518,
        "stdev": 0.0280673075467
    },
    "spectral_kurtosis": {
        "mean": 6.63521099091,
        "stdev": 3.8046681881
    },
    "spectral_rms": {
        "mean": 0.00419124914333,
        "stdev": 0.00171099742875
    },
    "spectral_rolloff": {
        "mean": 1489.3215332,
        "stdev": 805.729553223
    },
    "spectral_skewness": {
        "mean": 1.59077620506,
        "stdev": 0.425942629576
    },
    "spectral_spread": {
        "mean": 2927685.5,
        "stdev": 1043050.8125
    },
    "spectral_strongpeak": {
        "mean": 1.62169480324,
        "stdev": 1.6515288353
    },
    "zerocrossingrate": {
        "mean": 0.0510198138654,
        "stdev": 0.0203739441931
    },
    "barkbands": {
        "mean": [0.000248178024776, 0.00073227629764, 0.000991630950011, 0.000800333742518, 0.00284332036972, 0.00402265368029, 0.00240419409238, 0.00154228648171, 0.000880111299921, 0.000734581437428, 0.00131235725712, 0.000616054341663, 0.000423028250225, 0.000500821101014, 0.000487541925395, 0.000583981571253, 0.000803519098554, 0.000445568293799, 0.00039754997124, 0.000119199088658, 5.99643135502e-05, 3.24958273268e-05, 1.45271969814e-05, 7.39314327802e-06, 2.79718096863e-06, 6.93000989926e-10, 7.40663697041e-10],
        "stdev": [0.000146336024045, 0.00222896784544, 0.00277409516275, 0.00173098151572, 0.00558420456946, 0.00766900088638, 0.00362356263213, 0.00406092591584, 0.00204649195075, 0.00138080061879, 0.00365626020357, 0.00116091477685, 0.00107149011455, 0.000894264667295, 0.000864328583702, 0.00117125280667, 0.00142399012111, 0.000792678270955, 0.000659359619021, 0.000215931329876, 0.000110947039502, 5.36340703547e-05, 2.61160821537e-05, 1.11143262984e-05, 4.1606404011e-06, 2.68704902773e-09, 2.77340195254e-09]
    },
    "erbbands": {
        "mean": [0.00923639256507, 0.214613586664, 1.051004529, 2.17922782898, 3.31885647774, 11.5806941986, 16.5134372711, 37.745098114, 42.8226242065, 41.4627075195, 22.1664733887, 20.8989086151, 23.795633316, 23.2662773132, 64.4588699341, 27.5846004486, 23.2168712616, 24.6216239929, 24.6165828705, 27.4098548889, 35.5585136414, 34.7322006226, 30.574306488, 24.1431827545, 15.8138151169, 6.58762598038, 3.35794115067, 1.6656525135, 1.03409910202, 0.664230406284, 0.435506373644, 0.200635805726, 0.110589049757, 0.0498706065118, 0.00897076539695, 0.000249350530794, 2.28007447731e-05, 5.21393030795e-06, 1.18161387945e-05, 2.49906988756e-05],
        "stdev": [0.0239662267268, 0.67253857851, 3.34270906448, 4.20312023163, 6.2281255722, 26.4827060699, 28.0655059814, 81.1261978149, 65.0270462036, 90.0263748169, 46.8246688843, 49.9866523743, 44.6729278564, 47.1728019714, 180.949508667, 44.9709777832, 55.4065093994, 38.5061149597, 40.5122146606, 43.3353614807, 70.2715148926, 54.5353546143, 52.1394767761, 41.1476669312, 28.9839439392, 10.9916601181, 6.12926435471, 2.55339050293, 1.59884738922, 1.1953868866, 0.81553286314, 0.321964144707, 0.176143109798, 0.0733299180865, 0.0136546725407, 0.000358820980182, 2.24184896069e-05, 4.75627120977e-06, 8.52456560096e-06, 1.8399739929e-05]
    },
    "gfcc": {
        "mean": [-75.7465820312, 130.366500854, -180.031661987, 31.0730628967, -70.7744369507, -9.68179798126, -44.3890113831, -6.62872600555, -12.3004980087, -18.2903690338, 9.17631530762, -13.8447809219, 7.20141935349],
        "cov": [[21844.6757812, 2997.25024414, -3023.44238281, 199.990768433, -1262.42028809, -729.596374512, -881.385620117, -379.909088135, -278.720306396, -612.350219727, -26.5092887878, -636.295959473, 23.5071372986], [2997.25024414, 1168.86669922, -63.6072349548, 48.246181488, 14.436747551, -75.2044143677, -19.4595966339, -107.764549255, -33.5649909973, -121.564666748, -49.630569458, -192.263183594, 6.88364887238], [-3023.44238281, -63.6072349548, 1021.47387695, 250.403594971, 343.975128174, 300.539306641, 270.58795166, 118.904663086, 53.8153114319, 102.332672119, -91.559753418, -10.5068302155, -19.7747344971], [199.990768433, 48.246181488, 250.403594971, 367.364349365, 144.960662842, 140.639709473, 115.93447113, 84.7495880127, 36.1617507935, 21.6152896881, -73.7072677612, -58.9148330688, -38.6317405701], [-1262.42028809, 14.436747551, 343.975128174, 144.960662842, 318.77444458, 126.219963074, 146.80178833, 41.4069862366, 38.1408309937, 37.7358398438, -30.7549133301, 6.16883850098, -19.5245285034], [-729.596374512, -75.2044143677, 300.539306641, 140.639709473, 126.219963074, 266.194580078, 153.959716797, 70.2246017456, 14.955119133, 35.3614006042, -60.9109115601, -27.7403297424, -31.1625156403], [-881.385620117, -19.4595966339, 270.58795166, 115.93447113, 146.80178833, 153.959716797, 227.340179443, 90.9979705811, 45.1115760803, 46.2221755981, -38.1092185974, -13.2977266312, -25.5933990479], [-379.909088135, -107.764549255, 118.904663086, 84.7495880127, 41.4069862366, 70.2246017456, 90.9979705811, 127.651023865, 55.3178405762, 37.1179580688, -21.0557632446, -1.1661067009, -18.1993694305], [-278.720306396, -33.5649909973, 53.8153114319, 36.1617507935, 38.1408309937, 14.955119133, 45.1115760803, 55.3178405762, 106.877174377, 63.8573112488, 1.48019492626, -0.186087876558, -11.181848526], [-612.350219727, -121.564666748, 102.332672119, 21.6152896881, 37.7358398438, 35.3614006042, 46.2221755981, 37.1179580688, 63.8573112488, 123.897750854, 34.5710296631, 10.5456800461, -9.66852378845], [-26.5092887878, -49.630569458, -91.559753418, -73.7072677612, -30.7549133301, -60.9109115601, -38.1092185974, -21.0557632446, 1.48019492626, 34.5710296631, 110.253135681, 68.0936355591, 9.53980445862], [-636.295959473, -192.263183594, -10.5068302155, -58.9148330688, 6.16883850098, -27.7403297424, -13.2977266312, -1.1661067009, -0.186087876558, 10.5456800461, 68.0936355591, 134.135803223, 45.8310546875], [23.5071372986, 6.88364887238, -19.7747344971, -38.6317405701, -19.5245285034, -31.1625156403, -25.5933990479, -18.1993694305, -11.181848526, -9.66852378845, 9.53980445862, 45.8310546875, 86.8453979492]],
        "icov": [[0.000422213313868, -0.00103478156962, 0.00121448759455, -0.00117941701319, 0.000871707161423, -0.000590423936956, 0.000677425879985, -0.000619706814177, 0.000390802510083, -7.60364273447e-05, -0.000185439203051, 0.000186785982805, -0.000262830202701], [-0.00103478156962, 0.00452194688842, -0.00326290447265, 0.00255514192395, -0.00247363070957, 0.00196215254255, -0.00258854194544, 0.00314422836527, -0.00256013078615, 0.00336378719658, -0.00270465761423, 0.00438605435193, -0.00161336630117], [0.00121448759455, -0.00326290447265, 0.00570383435115, -0.00351345562376, 0.00114617997315, -0.00269408896565, 0.00156024517491, -0.00233010342345, 0.00223723356612, -0.00228868867271, 0.00132707844023, -0.000699773721863, -0.000814993749373], [-0.00117941701319, 0.00255514192395, -0.00351345562376, 0.00779895717278, -0.00375907612033, 0.000662354519591, -0.00127045752015, -0.000581872125622, -0.000846682232805, -0.00015814100334, 0.00187864829786, -8.15564635559e-06, 0.00135346781462], [0.000871707161423, -0.00247363070957, 0.00114617997315, -0.00375907612033, 0.00818345043808, -0.00120939256158, -0.00104977423325, 0.00109989498742, -0.000598493032157, -2.54413339462e-06, 0.000236237261561, -0.00211737956852, 0.000890014402103], [-0.000590423936956, 0.00196215254255, -0.00269408896565, 0.000662354519591, -0.00120939256158, 0.00913188792765, -0.00449407799169, 0.000752146239392, 0.00162876979448, -0.00108898465987, 0.00246610841714, -3.11572039209e-05, 0.00135759206023], [0.000677425879985, -0.00258854194544, 0.00156024517491, -0.00127045752015, -0.00104977423325, -0.00449407799169, 0.0121967550367, -0.00623397156596, 0.000876303238329, -0.00190585199744, 0.000991516164504, -0.00125142314937, 0.000703477300704], [-0.000619706814177, 0.00314422836527, -0.00233010342345, -0.000581872125622, 0.00109989498742, 0.000752146239392, -0.00623397156596, 0.0174944214523, -0.00766738597304, 0.00259255501442, -0.00019224981952, 0.000461866206024, 0.000554057420231], [0.000390802510083, -0.00256013078615, 0.00223723356612, -0.000846682232805, -0.000598493032157, 0.00162876979448, 0.000876303238329, -0.00766738597304, 0.0194158460945, -0.0116440383717, 0.00566793838516, -0.0043098363094, 0.00218668184243], [-7.60364273447e-05, 0.00336378719658, -0.00228868867271, -0.00015814100334, -2.54413339462e-06, -0.00108898465987, -0.00190585199744, 0.00259255501442, -0.0116440383717, 0.0218789614737, -0.0143131930381, 0.0108813270926, -0.00448080152273], [-0.000185439203051, -0.00270465761423, 0.00132707844023, 0.00187864829786, 0.000236237261561, 0.00246610841714, 0.000991516164504, -0.00019224981952, 0.00566793838516, -0.0143131930381, 0.0272300392389, -0.0188977587968, 0.00871042907238], [0.000186785982805, 0.00438605435193, -0.000699773721863, -8.15564635559e-06, -0.00211737956852, -3.11572039209e-05, -0.00125142314937, 0.000461866206024, -0.0043098363094, 0.0108813270926, -0.0188977587968, 0.0278031826019, -0.0132606206462], [-0.000262830202701, -0.00161336630117, -0.000814993749373, 0.00135346781462, 0.000890014402103, 0.00135759206023, 0.000703477300704, 0.000554057420231, 0.00218668184243, -0.00448080152273, 0.00871042907238, -0.0132606206462, 0.0189648121595]]
    },
    "melbands": {
        "mean": [0.000151181637193, 0.000470301136374, 0.00039344347897, 0.000485801545437, 0.000605450361036, 0.000844343507197, 0.000638778845314, 0.000439036783064, 0.000159767863806, 0.000129495500005, 0.000115017923235, 8.31032884889e-05, 0.000198264227947, 0.000109368382255, 5.15500905749e-05, 3.8503389078e-05, 4.86202152388e-05, 3.77228279831e-05, 3.49940237356e-05, 3.92491128878e-05, 4.29407773481e-05, 3.24855791405e-05, 4.32988053944e-05, 2.28623794101e-05, 1.89700258488e-05, 1.32173554448e-05, 6.41876522423e-06, 3.75511331185e-06, 2.25275994126e-06, 1.35132120249e-06, 8.81161497546e-07, 6.22807988293e-07, 4.96628103974e-07, 2.98659557529e-07, 2.75390846127e-07, 1.71229501689e-07, 9.90523361111e-08, 8.20933223622e-08, 5.79808698831e-08, 3.68061421341e-08],
        "stdev": [0.000386614789022, 0.00146576645784, 0.000710694410373, 0.000961108016782, 0.00110385101289, 0.00173552567139, 0.000932150229346, 0.00102308636997, 0.00032975024078, 0.00031168165151, 0.000223699724302, 0.000195141750737, 0.000525940151419, 0.00024937550188, 9.97448587441e-05, 7.93462750153e-05, 8.40758584673e-05, 7.11566535756e-05, 7.18673472875e-05, 7.09951418685e-05, 9.33164556045e-05, 5.524711014e-05, 0.000103526326711, 4.66843266622e-05, 3.76102507289e-05, 2.56670737144e-05, 1.27314169731e-05, 7.01492081134e-06, 4.59702005173e-06, 2.49918252848e-06, 1.59393380272e-06, 1.05724939203e-06, 9.40334871302e-07, 5.84925544445e-07, 5.43615669812e-07, 3.44039676747e-07, 1.71374296087e-07, 1.39844118507e-07, 8.87106068603e-08, 5.75852077134e-08]
    },
    "melbands128": {
        "mean": [5.85460220464e-05, 3.85784696846e-05, 0.000161335861776, 0.000414838636061, 0.000534970487934, 0.000473295542179, 0.000466548575787, 0.000356537435437, 0.000287660106551, 0.000328222173266, 0.000603748601861, 0.00082588911755, 0.000569056777749, 0.000344130210578, 0.000666209729388, 0.00141568470281, 0.000908127869479, 0.0004934866447, 0.000300860323478, 0.00055576628074, 0.000515489606187, 0.000178651171154, 0.000125045320601, 8.31546567497e-05, 0.000172447311343, 9.25062704482e-05, 0.000161891657626, 0.000136254995596, 4.44575125584e-05, 0.000116077870189, 6.73733884469e-05, 7.00829332345e-05, 0.00022410452948, 0.000335038814228, 9.25469721551e-05, 7.14108973625e-05, 7.74068103055e-05, 1.11604731501e-05, 8.26486502774e-05, 6.01822866884e-05, 7.56627196097e-06, 3.91855974158e-05, 4.67950339953e-05, 6.40117286821e-05, 3.17505400744e-05, 2.72209272225e-05, 5.55019942112e-05, 2.80610966001e-05, 2.66855731752e-05, 4.68210637337e-05, 3.88256339647e-05, 3.09577480948e-05, 5.33843849553e-05, 3.6570145312e-05, 4.65642879135e-05, 2.1702655431e-05, 1.74876004166e-05, 8.91681556823e-05, 2.87365837721e-05, 1.13375981527e-05, 2.78908028122e-05, 2.2780515792e-05, 2.8338010452e-05, 1.45700387293e-05, 1.07855366878e-05, 1.20807299027e-05, 1.94185813598e-05, 5.92068317928e-06, 3.05562252834e-06, 6.02060526944e-06, 4.43154885943e-06, 2.78079733107e-06, 1.63014237842e-06, 3.04354102809e-06, 1.36304151965e-06, 1.80990821264e-06, 1.03939601104e-06, 6.92298840477e-07, 7.90887554558e-07, 1.26085330976e-06, 5.97927225954e-07, 3.58743193374e-07, 5.71841781039e-07, 5.04420654579e-07, 4.90251920837e-07, 3.14510884891e-07, 2.42940529915e-07, 2.32429229641e-07, 3.48834703345e-07, 2.22261007821e-07, 2.06039047157e-07, 1.41660024155e-07, 1.45513453731e-07, 8.67871818855e-08, 8.92094007554e-08, 7.37006402574e-08, 1.04145641444e-07, 5.66414506409e-08, 6.11770047954e-08, 5.35027560034e-08, 4.29611972663e-08, 3.32018288418e-08, 3.20976667467e-08, 2.16887734439e-08, 3.91835763836e-09, 5.75105544784e-12, 5.19533418022e-12, 4.97024253351e-12, 4.76196556146e-12, 4.56397333121e-12, 4.3812748568e-12, 4.21285055452e-12, 4.06333820757e-12, 3.92209788952e-12, 3.79279116794e-12, 3.67546054356e-12, 3.55791134402e-12, 3.45040337447e-12, 3.35673307726e-12, 3.27591534628e-12, 3.20135411236e-12, 3.13779839785e-12, 3.07538196298e-12, 3.01842079976e-12, 2.97938713631e-12, 2.9492987913e-12, 2.92759371433e-12, 2.90731414637e-12],
        "stdev": [3.73568072973e-05, 0.000114446935186, 0.000454723660368, 0.00143866043072, 0.00206048088148, 0.00116599176545, 0.000995084643364, 0.000847490795422, 0.000748462916818, 0.000845791772008, 0.00166323571466, 0.0021277749911, 0.00118228478823, 0.000795576488599, 0.00166677683592, 0.00345842493698, 0.0020243616309, 0.00109466584399, 0.000611814262811, 0.00143636635039, 0.00178369204514, 0.000549068150576, 0.0004153517948, 0.000239649147261, 0.000570198870264, 0.000404262333177, 0.000492393563036, 0.000324099179124, 9.43244667724e-05, 0.000331130315317, 0.000206544849789, 0.000241381872911, 0.000622844847385, 0.0013062331127, 0.000283982051769, 0.000166850993992, 0.00019351868832, 2.85910737148e-05, 0.000260858185356, 0.000168198719621, 3.08894559566e-05, 9.52705158852e-05, 9.89987820503e-05, 0.000157680915436, 0.000154046239913, 6.94020855008e-05, 0.000136975388159, 0.000130612417706, 7.994902262e-05, 0.000114449794637, 0.000112045803689, 9.470974328e-05, 0.000205595628358, 9.19887170312e-05, 0.000136902221129, 6.99785232428e-05, 4.66583733214e-05, 0.000255133927567, 8.19885681267e-05, 5.01651848026e-05, 8.1471131125e-05, 5.66308408452e-05, 8.20159475552e-05, 3.8047455746e-05, 3.92040637962e-05, 3.36463417625e-05, 5.43930073036e-05, 1.80890256161e-05, 1.32270943141e-05, 1.62184769579e-05, 1.10689243229e-05, 7.85687916505e-06, 3.53359178007e-06, 9.11985716812e-06, 4.00662520406e-06, 5.03334695168e-06, 2.51875826507e-06, 2.10583561966e-06, 2.07663788387e-06, 3.19529931403e-06, 1.781746505e-06, 8.71634711075e-07, 1.47430853303e-06, 1.27638008962e-06, 1.49816310113e-06, 8.61639477989e-07, 6.46981504815e-07, 7.37061839118e-07, 8.59720785229e-07, 7.84457370173e-07, 5.45737179891e-07, 3.47612285623e-07, 3.3550520584e-07, 2.25168136581e-07, 1.92473464722e-07, 1.71697976725e-07, 2.31071993539e-07, 1.47722218458e-07, 1.08562531409e-07, 1.18630659074e-07, 8.2770945653e-08, 7.24094704196e-08, 5.96040976575e-08, 3.88147647357e-08, 1.26557111457e-08, 2.29998207979e-11, 2.11285346857e-11, 1.9888968944e-11, 1.87682161479e-11, 1.77953849573e-11, 1.70133577365e-11, 1.62214026933e-11, 1.55595709928e-11, 1.50293787832e-11, 1.44754121884e-11, 1.3966817286e-11, 1.33904111757e-11, 1.30905659576e-11, 1.26025587535e-11, 1.22593558569e-11, 1.19260105264e-11, 1.17097581631e-11, 1.15378808938e-11, 1.12902447807e-11, 1.10976245554e-11, 1.0952343199e-11, 1.08499459417e-11, 1.08044163893e-11]
    },
    "mfcc": {
        "mean": [-680.791931152, 136.899688721, -39.2628707886, 21.2869720459, -5.239382267, -12.7807359695, -13.0955562592, -4.11881160736, -13.4127225876, -6.67857551575, -4.66910076141, -1.29409015179, 1.12420034409],
        "cov": [[8246.28222656, 1402.47595215, -490.46875, 402.784820557, -113.375045776, -106.097251892, -132.552185059, -19.9578094482, -54.1699523926, -27.2378787994, -129.615325928, -51.6865463257, 63.3162536621], [1402.47595215, 1124.21801758, -17.0082073212, 130.216705322, 66.9991989136, 23.1090373993, 21.6835174561, -38.8219566345, -16.6488208771, 0.80153465271, -56.1216621399, -69.399269104, -27.5152854919], [-490.46875, -17.0082073212, 461.990966797, 79.4054794312, 75.7034378052, 139.765762329, 115.757751465, 51.7418136597, 130.654220581, 90.4973297119, -14.4027004242, -32.0985832214, 12.7348299026], [402.784820557, 130.216705322, 79.4054794312, 254.901092529, 84.4210739136, 60.290927887, 46.554485321, 35.6027603149, 73.5664978027, 42.6050491333, -6.99512815475, 1.01320004463, 24.4750499725], [-113.375045776, 66.9991989136, 75.7034378052, 84.4210739136, 152.227432251, 70.6278991699, 35.5755233765, 21.7923622131, 30.628786087, 12.3982944489, -6.22149896622, -12.7927293777, -6.84781599045], [-106.097251892, 23.1090373993, 139.765762329, 60.290927887, 70.6278991699, 180.376373291, 97.5205307007, 34.3351135254, 84.2966995239, 48.7498779297, -11.0140810013, 10.6979427338, 29.5872421265], [-132.552185059, 21.6835174561, 115.757751465, 46.554485321, 35.5755233765, 97.5205307007, 140.958984375, 51.3918914795, 58.8683013916, 36.0503387451, -9.49279880524, -0.337702184916, 21.2042350769], [-19.9578094482, -38.8219566345, 51.7418136597, 35.6027603149, 21.7923622131, 34.3351135254, 51.3918914795, 110.988365173, 60.2975959778, 3.4352414608, -11.7990751266, 6.71770429611, 15.5008153915], [-54.1699523926, -16.6488208771, 130.654220581, 73.5664978027, 30.628786087, 84.2966995239, 58.8683013916, 60.2975959778, 176.807418823, 78.6036834717, -12.3233604431, 11.2004203796, 29.473033905], [-27.2378787994, 0.80153465271, 90.4973297119, 42.6050491333, 12.3982944489, 48.7498779297, 36.0503387451, 3.4352414608, 78.6036834717, 134.054550171, 34.0852394104, -12.7766180038, 4.5226354599], [-129.615325928, -56.1216621399, -14.4027004242, -6.99512815475, -6.22149896622, -11.0140810013, -9.49279880524, -11.7990751266, -12.3233604431, 34.0852394104, 106.44190979, 36.2155532837, -23.0900840759], [-51.6865463257, -69.399269104, -32.0985832214, 1.01320004463, -12.7927293777, 10.6979427338, -0.337702184916, 6.71770429611, 11.2004203796, -12.7766180038, 36.2155532837, 129.64906311, 49.1341400146], [63.3162536621, -27.5152854919, 12.7348299026, 24.4750499725, -6.84781599045, 29.5872421265, 21.2042350769, 15.5008153915, 29.473033905, 4.5226354599, -23.0900840759, 49.1341400146, 133.911880493]],
        "icov": [[0.000201552014914, -0.000225554584176, 0.000213318504393, -0.000380440731533, 0.000382276775781, -0.000133172128699, 0.000253875652561, -0.000195290529518, 9.58418822847e-05, -0.000124927231809, 0.000167721693288, 3.02100997942e-05, -6.00581188337e-05], [-0.000225554584176, 0.00130727572832, -4.42741111328e-05, -0.000172037471202, -0.000620284001343, 0.000113043977763, -0.000598996179178, 0.000799896137323, 6.36940603727e-05, 7.31057371013e-05, 0.000365485699149, 0.000271292432444, 0.000303462526063], [0.000213318504393, -4.42741111328e-05, 0.00371510745026, -0.000425607140642, -0.000223282899242, -0.00117763702292, -0.00108535017353, -1.26514123622e-05, -0.0012061977759, -0.000857040926348, 0.000277596031083, 0.000994286616333, 1.40958300108e-05], [-0.000380440731533, -0.000172037471202, -0.000425607140642, 0.00650221342221, -0.00346803711727, 0.000825765717309, -0.000846073729917, -0.000236315041548, -0.00159990706015, -0.000530940073077, -0.000508729484864, -0.00025989729329, -0.000824169896077], [0.000382276775781, -0.000620284001343, -0.000223282899242, -0.00346803711727, 0.0107407160103, -0.00415589520708, 0.00157292524818, -0.00129922840279, 0.00102932716254, 0.000956149946433, -0.000185649827472, 0.000910066242795, 0.00109091796912], [-0.000133172128699, 0.000113043977763, -0.00117763702292, 0.000825765717309, -0.00415589520708, 0.012448117137, -0.00622536428273, 0.00190947426017, -0.00265167863108, -0.00079089065548, 0.000813524413388, -0.00161263847258, -0.00080859119771], [0.000253875652561, -0.000598996179178, -0.00108535017353, -0.000846073729917, 0.00157292524818, -0.00622536428273, 0.0141658643261, -0.00509251840413, 0.00168250058778, -0.00155441265088, 0.000423400313593, 0.000271144410362, -0.000527262280229], [-0.000195290529518, 0.000799896137323, -1.26514123622e-05, -0.000236315041548, -0.00129922840279, 0.00190947426017, -0.00509251840413, 0.0141352126375, -0.00545685505494, 0.00389593816362, -0.000681652396452, 0.000450740510132, -0.000230554200243], [9.58418822847e-05, 6.36940603727e-05, -0.0012061977759, -0.00159990706015, 0.00102932716254, -0.00265167863108, 0.00168250058778, -0.00545685505494, 0.0131986169145, -0.00714713195339, 0.00405399687588, -0.00274265976623, 0.000420446216594], [-0.000124927231809, 7.31057371013e-05, -0.000857040926348, -0.000530940073077, 0.000956149946433, -0.00079089065548, -0.00155441265088, 0.00389593816362, -0.00714713195339, 0.0153490528464, -0.00769837852567, 0.00466459430754, -0.00171283772215], [0.000167721693288, 0.000365485699149, 0.000277596031083, -0.000508729484864, -0.000185649827472, 0.000813524413388, 0.000423400313593, -0.000681652396452, 0.00405399687588, -0.00769837852567, 0.0161946807057, -0.007110202685, 0.00465398328379], [3.02100997942e-05, 0.000271292432444, 0.000994286616333, -0.00025989729329, 0.000910066242795, -0.00161263847258, 0.000271144410362, 0.000450740510132, -0.00274265976623, 0.00466459430754, -0.007110202685, 0.0129887303337, -0.00524350022897], [-6.00581188337e-05, 0.000303462526063, 1.40958300108e-05, -0.000824169896077, 0.00109091796912, -0.00080859119771, -0.000527262280229, -0.000230554200243, 0.000420446216594, -0.00171283772215, 0.00465398328379, -0.00524350022897, 0.0107439560816]]
    },
    "spectral_contrast_coeffs": {
        "mean": [-0.62216937542, -0.672103226185, -0.69704914093, -0.727196335793, -0.702237665653, -0.739767313004],
        "stdev": [0.108785569668, 0.0961090102792, 0.0784409865737, 0.0663724169135, 0.0697047412395, 0.0464696250856]
    },
    "spectral_contrast_valleys": {
        "mean": [-8.14422702789, -7.20899677277, -8.02356147766, -8.2414894104, -8.49282836914, -11.7471704483],
        "stdev": [1.92965173721, 1.60403180122, 1.46388196945, 1.43722915649, 1.33971059322, 1.09913766384]
    }
},
"rhythm": {
    "beats_count": 305,
    "beats_loudness": {
        "mean": 0.0317307673395,
        "stdev": 0.0211695786566
    },
    "bpm": 109.044532776,
    "bpm_histogram_first_peak_bpm": 110,
    "bpm_histogram_first_peak_weight": 0.5229357481,
    "bpm_histogram_second_peak_bpm": 105,
    "bpm_histogram_second_peak_spread": 0.342857122421,
    "bpm_histogram_second_peak_weight": 0.151315793395,
    "danceability": 1.13963389397,
    "onset_rate": 3.80586838722,
    "beats_loudness_band_ratio": {
        "mean": [0.141617745161, 0.332309246063, 0.245693847537, 0.167799696326, 0.150356218219, 0.0297360662371],
        "stdev": [0.203213170171, 0.256857275963, 0.154620498419, 0.147208034992, 0.140004366636, 0.0342042334378]
    },
    "beats_position": [0.580498874187, 1.17260766029, 1.74149656296, 2.29877543449, 2.85605430603, 3.41333317757, 3.94739222527, 4.5046710968, 5.05034017563, 5.59600877762, 6.14167785645, 6.68734693527, 7.22140598297, 7.76707458496, 8.3011341095, 8.84680271149, 9.39247131348, 9.93814086914, 10.4838094711, 11.0294780731, 11.5635375977, 12.1092061996, 12.6548748016, 13.2121543884, 13.7578229904, 14.3034915924, 14.8491611481, 15.3948297501, 15.9404983521, 16.4977779388, 17.0434455872, 17.5891151428, 18.1231746674, 18.6688423157, 19.2029018402, 19.7485713959, 20.2826309204, 20.8282985687, 21.3623580933, 21.9080276489, 22.4536952972, 22.9993648529, 23.5450344086, 24.0674819946, 24.589931488, 25.1239910126, 25.6696586609, 26.2269382477, 26.7726078033, 27.3066654205, 27.8407249451, 28.3747844696, 28.9088420868, 29.4429016113, 29.9769611359, 30.5110206604, 31.0566883087, 31.6023578644, 32.1480255127, 32.7169151306, 33.2858047485, 33.843082428, 34.3887519836, 34.9460296631, 35.5033111572, 36.0722007751, 36.6410865784, 37.2099761963, 37.7788658142, 38.3361434937, 38.8818130493, 39.427482605, 39.9731521606, 40.5188217163, 41.0528793335, 41.5869369507, 42.1209983826, 42.6666641235, 43.2123336792, 43.7580032349, 44.2920608521, 44.8261222839, 45.3717918396, 45.9174575806, 46.4863471985, 47.0552368164, 47.6241264343, 48.1814041138, 48.7502937317, 49.3307914734, 49.8996810913, 50.4569587708, 51.0142402649, 51.5715179443, 52.1171875, 52.6628570557, 53.2201347351, 53.7774124146, 54.3346939087, 54.9035835266, 55.4608612061, 56.0065307617, 56.5405883789, 57.0978660583, 57.6319274902, 58.1892051697, 58.7348747253, 59.280544281, 59.8262138367, 60.3718795776, 60.9175491333, 61.463218689, 62.0088882446, 62.5545578003, 63.1118354797, 63.6575050354, 64.2031707764, 64.748840332, 65.2945098877, 65.8634033203, 66.4322891235, 66.9895706177, 67.5468444824, 68.1041259766, 68.6497955322, 69.1954650879, 69.7295227051, 70.2635803223, 70.8092498779, 71.3549194336, 71.9005889893, 72.4578704834, 73.0151443481, 73.5608139038, 74.094871521, 74.6289291382, 75.1629943848, 75.697052002, 76.2427215576, 76.7883911133, 77.3572769165, 77.9145584106, 78.4834442139, 79.040725708, 79.6212234497, 80.1785049438, 80.7357788086, 81.2930603027, 81.8851699829, 82.4772796631, 83.0693893433, 83.649887085, 84.2303848267, 84.8108825684, 85.3797683716, 85.9602737427, 86.5407714844, 87.1096572876, 87.6785507202, 88.270652771, 88.8511581421, 89.4200439453, 89.9889297485, 90.5578231812, 91.1267089844, 91.695602417, 92.2644882202, 92.8333740234, 93.4022674561, 93.9711532593, 94.5284347534, 95.0857162476, 95.6429901123, 96.2118835449, 96.7691574097, 97.3148269653, 97.8721084595, 98.4409942627, 98.9982757568, 99.5671615601, 100.124443054, 100.693328857, 101.26222229, 101.819496155, 102.400001526, 102.957275391, 103.526168823, 104.083442688, 104.640724182, 105.186393738, 105.732063293, 106.300949097, 106.858230591, 107.450340271, 108.042449951, 108.611335754, 109.180221558, 109.737503052, 110.318000793, 110.898498535, 111.455780029, 112.001449585, 112.547119141, 113.092788696, 113.638458252, 114.172515869, 114.706573486, 115.240631104, 115.774688721, 116.320358276, 116.866027832, 117.423309326, 117.957366943, 118.503036499, 119.060317993, 119.605987549, 120.174873352, 120.720542908, 121.254600525, 121.788658142, 122.31111145, 122.833557129, 123.367614746, 123.890068054, 124.412513733, 124.958183289, 125.492240906, 126.037910461, 126.595191956, 127.140861511, 127.698135376, 128.243804932, 128.801086426, 129.346755981, 129.904037476, 130.46131897, 131.006988525, 131.564254761, 132.109924316, 132.655593872, 133.212875366, 133.77015686, 134.327438354, 134.87310791, 135.418777466, 135.97605896, 136.533325195, 137.078994751, 137.624664307, 138.170333862, 138.727615356, 139.296508789, 139.842178345, 140.3878479, 140.945129395, 141.50239563, 142.048065186, 142.593734741, 143.151016235, 143.708297729, 144.265579224, 144.834457397, 145.391738892, 145.972244263, 146.552734375, 147.121627808, 147.678909302, 148.259414673, 148.828292847, 149.408798218, 149.97769165, 150.534957886, 151.080627441, 151.626296997, 152.160354614, 152.717636108, 153.274917603, 153.832199097, 154.377868652, 154.923538208, 155.480819702, 156.038085938, 156.583755493, 157.129425049, 157.663482666, 158.209152222, 158.743209839, 159.288879395, 159.83454895, 160.380218506, 160.925888062, 161.494781494, 162.098495483, 162.690612793, 163.294326782, 163.863220215, 164.443710327, 164.954559326, 165.453781128, 165.953018188, 166.579956055, 167.206893921, 167.833831787, 168.460769653, 169.08770752],
    "bpm_histogram": [0, 0, 0, 0, 0, 0, 0, 0, 0, 0, 0, 0, 0, 0, 0, 0, 0, 0, 0, 0, 0, 0, 0, 0, 0, 0, 0, 0, 0, 0, 0, 0, 0, 0, 0, 0, 0, 0, 0, 0, 0, 0, 0, 0, 0, 0, 0, 0, 0, 0, 0, 0, 0, 0, 0, 0, 0, 0, 0, 0, 0, 0, 0, 0, 0, 0, 0, 0, 0, 0, 0, 0, 0, 0, 0, 0, 0, 0, 0, 0, 0, 0, 0, 0, 0, 0, 0, 0, 0, 0, 0, 0, 0, 0, 0, 0, 0.0164473690093, 0, 0, 0.00657894741744, 0, 0.0263157896698, 0, 0.0526315793395, 0, 0.151315793395, 0, 0, 0.240131571889, 0, 0.342105269432, 0, 0.134868428111, 0, 0, 0.019736841321, 0, 0.00328947370872, 0, 0, 0.00657894741744, 0, 0, 0, 0, 0, 0, 0, 0, 0, 0, 0, 0, 0, 0, 0, 0, 0, 0, 0, 0, 0, 0, 0, 0, 0, 0, 0, 0, 0, 0, 0, 0, 0, 0, 0, 0, 0, 0, 0, 0, 0, 0, 0, 0, 0, 0, 0, 0, 0, 0, 0, 0, 0, 0, 0, 0, 0, 0, 0, 0, 0, 0, 0, 0, 0, 0, 0, 0, 0, 0, 0, 0, 0, 0, 0, 0, 0, 0, 0, 0, 0, 0, 0, 0, 0, 0, 0, 0, 0, 0, 0, 0, 0, 0, 0, 0, 0, 0, 0, 0, 0, 0, 0, 0, 0, 0, 0, 0, 0, 0, 0, 0, 0, 0, 0, 0, 0, 0, 0, 0, 0, 0, 0, 0, 0, 0, 0, 0, 0]
},
"tonal": {
    "chords_changes_rate": 0.0560722090304,
    "chords_number_rate": 0.00273522967473,
    "chords_strength": {
        "mean": 0.535388886929,
        "stdev": 0.108659259975
    },
    "hpcp_crest": {
        "mean": 17.3818073273,
        "stdev": 8.33193969727
    },
    "hpcp_entropy": {
        "mean": 1.55628752708,
        "stdev": 0.723950982094
    },
    "key_edma": {
        "strength": 0.761646389961,
        "key": "G",
        "scale": "major"
    },
    "key_krumhansl": {
        "strength": 0.775352120399,
        "key": "G",
        "scale": "major"
    },
    "key_temperley": {
        "strength": 0.794870793819,
        "key": "G",
        "scale": "major"
    },
    "tuning_diatonic_strength": 0.628766894341,
    "tuning_equal_tempered_deviation": 0.0575953349471,
    "tuning_frequency": 444.085327148,
    "tuning_nontempered_energy_ratio": 0.692019164562,
    "hpcp": {
        "mean": [0.221054926515, 0.109544679523, 0.0248592346907, 0.0199997704476, 0.0260152667761, 0.146586880088, 0.230121314526, 0.144381314516, 0.18496888876, 0.219845116138, 0.0904592424631, 0.0573311299086, 0.0774774923921, 0.0588049143553, 0.178798153996, 0.244015425444, 0.105140961707, 0.0333336293697, 0.0321902707219, 0.0260211750865, 0.131276443601, 0.219389438629, 0.133926257491, 0.0523349903524, 0.0379700735211, 0.0397143997252, 0.126292660832, 0.217867225409, 0.173166394234, 0.218257755041, 0.247684255242, 0.104332886636, 0.0410633869469, 0.0390569604933, 0.0393769778311, 0.151025086641],
        "stdev": [0.312596738338, 0.190042480826, 0.0843131989241, 0.0842840597034, 0.0928925424814, 0.237719103694, 0.340283095837, 0.214596748352, 0.29909875989, 0.354596227407, 0.177743941545, 0.145893320441, 0.187958359718, 0.124308563769, 0.265294164419, 0.333750456572, 0.172474175692, 0.0994411632419, 0.108624830842, 0.0809545964003, 0.213179647923, 0.323259621859, 0.213297531009, 0.165470406413, 0.130398899317, 0.124178767204, 0.214516550303, 0.315901368856, 0.258168637753, 0.304029226303, 0.336455017328, 0.19275714457, 0.107242256403, 0.115370750427, 0.0997781381011, 0.226288333535]
    },
    "chords_histogram": [21.3074398041, 5.2516412735, 16.0831508636, 2.59846830368, 5.03282260895, 0, 0.164113789797, 0.328227579594, 4.62253808975, 1.03938734531, 0.601750552654, 0, 0.109409190714, 0.0820568948984, 0, 0, 0, 0.0547045953572, 0, 0.957330405712, 0.71115976572, 17.3687095642, 12.7461709976, 10.9409189224],
    "thpcp": [1, 0.421233415604, 0.165789246559, 0.157688513398, 0.158980548382, 0.6097484231, 0.892486810684, 0.442275494337, 0.10036662966, 0.080747038126, 0.105033993721, 0.59182959795, 0.929091393948, 0.582924902439, 0.746793091297, 0.887602329254, 0.365219980478, 0.231468603015, 0.312807500362, 0.237418860197, 0.72187936306, 0.985187470913, 0.42449593544, 0.134581133723, 0.129964947701, 0.10505785048, 0.530015289783, 0.885762572289, 0.54071366787, 0.21129719913, 0.153300315142, 0.160342857242, 0.509893774986, 0.87961679697, 0.699141740799, 0.881193518639],
    "chords_key": "G",
    "chords_scale": "major"
}
}