{
"metadata": {
    "version": {
        "essentia": "2.1-dev",
        "essentia_git_sha": "v2.1_beta3-415-gd5473f3",
        "extractor": "music 2.0"
    },
    "audio_properties": {
        "analysis": {
            "equal_loudness": 0,
            "length": 187.679992676,
            "sample_rate": 44100,
            "start_time": 0,
            "downmix": "mix"
        },
        "bit_rate": 128000,
        "length": 187.679992676,
        "lossless": 0,
        "number_channels": 2,
        "replay_gain": -7.91368675232,
        "sample_rate": 44100,
        "codec": "mp3",
        "md5_encoded": "f50a2ab017d725d8c97794679030593a"
    },
    "tags": {
        "file_name": "vivaldi-concerto_for_2_violins_2_cellos_strings_&_continuo_in_f_rv_551_allegro.mp3",
        "album": ["Vivaldi in Arcardia"],
        "artist": ["Serenissima"],
        "artistwebpage": ["http:\/\/www.magnatune.com\/artists\/serenissima"],
        "composer": ["www.magnatune.com\/artists\/serenissima"],
        "copyright": ["2004 Serenissima - Licensed to the public under http:\/\/creativecommons.org\/licenses\/by-nc-sa\/1.0\/ verify at http:\/\/www.magnatune.com\/artists\/serenissima"],
        "date": ["2003"],
        "encodedby": ["http:\/\/www.magnatune.com\/"],
        "filewebpage": ["http:\/\/www.magnatune.com\/artists\/serenissima"],
        "genre": ["Classical"],
        "length": ["188000"],
        "originalartist": ["http:\/\/www.magnatune.com\/artists\/serenissima"],
        "title": ["Concerto for 3 violins, string"],
        "tracknumber": ["9"]
    }
},
"lowlevel": {
    "average_loudness": 0.419485598803,
    "barkbands_crest": {
        "mean": 9.67161846161,
        "stdev": 4.06133651733
    },
    "barkbands_flatness_db": {
        "mean": 0.156233221292,
        "stdev": 0.0400206260383
    },
    "barkbands_kurtosis": {
        "mean": 1.81474852562,
        "stdev": 4.22478246689
    },
    "barkbands_skewness": {
        "mean": 0.919563174248,
        "stdev": 0.951153874397
    },
    "barkbands_spread": {
        "mean": 17.8521118164,
        "stdev": 7.4499835968
    },
    "dissonance": {
        "mean": 0.452275574207,
        "stdev": 0.0306745432317
    },
    "dynamic_complexity": 4.9843711853,
    "erbbands_crest": {
        "mean": 11.2797336578,
        "stdev": 5.49312782288
    },
    "erbbands_flatness_db": {
        "mean": 0.205996856093,
        "stdev": 0.0458987765014
    },
    "erbbands_kurtosis": {
        "mean": 0.448347449303,
        "stdev": 2.42884945869
    },
    "erbbands_skewness": {
        "mean": 0.55711376667,
        "stdev": 0.74144589901
    },
    "erbbands_spread": {
        "mean": 28.0587272644,
        "stdev": 9.72895812988
    },
    "hfc": {
        "mean": 16.0696105957,
        "stdev": 18.8446598053
    },
    "loudness_ebu128": {
        "integrated": -16.9508991241,
        "loudness_range": 8.58982849121,
        "momentary": {
            "mean": -28.4723243713,
            "stdev": 49.0997314453
        },
        "short_term": {
            "mean": -24.0882835388,
            "stdev": 37.3314094543
        }
    },
    "melbands_crest": {
        "mean": 12.6932611465,
        "stdev": 5.53987455368
    },
    "melbands_flatness_db": {
        "mean": 0.166990309954,
        "stdev": 0.0559530258179
    },
    "melbands_kurtosis": {
        "mean": 4.79365777969,
        "stdev": 7.73546695709
    },
    "melbands_skewness": {
        "mean": 1.4902908802,
        "stdev": 0.940542697906
    },
    "melbands_spread": {
        "mean": 29.0315551758,
        "stdev": 22.9694061279
    },
    "pitch_salience": {
        "mean": 0.525421082973,
        "stdev": 0.118257537484
    },
    "silence_rate_20dB": {
        "mean": 1,
        "stdev": 0
    },
    "silence_rate_30dB": {
        "mean": 0.997031152248,
        "stdev": 0.0544052235782
    },
    "silence_rate_60dB": {
        "mean": 0.209673434496,
        "stdev": 0.407071918249
    },
    "spectral_centroid": {
        "mean": 1891.97094727,
        "stdev": 1764.17126465
    },
    "spectral_complexity": {
        "mean": 14.0347604752,
        "stdev": 7.51298093796
    },
    "spectral_decrease": {
        "mean": -3.48834250374e-09,
        "stdev": 3.95092847327e-09
    },
    "spectral_energy": {
        "mean": 0.0146233588457,
        "stdev": 0.0164313074201
    },
    "spectral_energyband_high": {
        "mean": 0.000498511770274,
        "stdev": 0.000761173432693
    },
    "spectral_energyband_low": {
        "mean": 0.000915927521419,
        "stdev": 0.00202714814804
    },
    "spectral_energyband_middle_high": {
        "mean": 0.0069945557043,
        "stdev": 0.00999326724559
    },
    "spectral_energyband_middle_low": {
        "mean": 0.00688910018653,
        "stdev": 0.00914969667792
    },
    "spectral_entropy": {
        "mean": 7.2935795784,
        "stdev": 0.581566512585
    },
    "spectral_flux": {
        "mean": 0.0501905940473,
        "stdev": 0.0315141268075
    },
    "spectral_kurtosis": {
        "mean": 4.35808801651,
        "stdev": 2.93391561508
    },
    "spectral_rms": {
        "mean": 0.0032465166878,
        "stdev": 0.00193050329108
    },
    "spectral_rolloff": {
        "mean": 2392.12524414,
        "stdev": 3147.45800781
    },
    "spectral_skewness": {
        "mean": 1.41425216198,
        "stdev": 0.447992146015
    },
    "spectral_spread": {
        "mean": 4858396,
        "stdev": 6555395.5
    },
    "spectral_strongpeak": {
        "mean": 1.62452793121,
        "stdev": 1.77522218227
    },
    "zerocrossingrate": {
        "mean": 0.0807401165366,
        "stdev": 0.080525688827
    },
    "barkbands": {
        "mean": [1.19746061955e-06, 0.000326805165969, 0.000296190904919, 0.00070484803291, 0.00119955965783, 0.00110544008203, 0.00110409280751, 0.00125850364566, 0.000783881463576, 0.00256889685988, 0.00123760453425, 0.000494335137773, 0.000602302607149, 0.000206709228223, 0.000429643783718, 0.000536551815458, 0.000537011481356, 0.000267180294031, 0.000333188188961, 0.000214660452912, 0.000226519579883, 0.000107695923361, 4.58812100987e-05, 2.0341907657e-05, 1.105852607e-05, 3.27533848576e-06, 5.06649333598e-10],
        "stdev": [2.68464805231e-06, 0.00108421838377, 0.000789618876297, 0.00227762386203, 0.00254053017125, 0.00246635382064, 0.00274840299971, 0.00306617491879, 0.00150204671081, 0.00612446339801, 0.00340137002058, 0.00229687127285, 0.0018574987771, 0.000573058088776, 0.000932043360081, 0.00207551498897, 0.00113121559843, 0.000564109592233, 0.000610998831689, 0.000453107059002, 0.000473690131912, 0.000209202291444, 9.03256441234e-05, 3.14772951242e-05, 1.67030921148e-05, 5.65545769859e-06, 9.8232877388e-10]
    },
    "erbbands": {
        "mean": [0.00549086136743, 0.0893500894308, 0.312541663647, 1.38431811333, 2.81873035431, 4.31983327866, 5.88928937912, 10.9231643677, 15.3971261978, 23.3630027771, 21.5425853729, 22.9705142975, 49.0556640625, 85.0645675659, 40.2084846497, 25.2176265717, 28.7398300171, 15.8201665878, 16.5744533539, 25.3737735748, 33.9179039001, 22.7906646729, 17.8645915985, 17.6365280151, 15.1585626602, 10.8390130997, 10.5923223495, 5.95093727112, 4.30309295654, 2.17477154732, 1.45108437538, 0.550838947296, 0.262985616922, 0.141241177917, 0.0690385401249, 0.026941165328, 0.00342279137112, 7.75909720687e-05, 1.26991399156e-05, 1.86764900718e-05],
        "stdev": [0.0219503752887, 0.277621001005, 0.731691420078, 3.96750116348, 6.43458175659, 9.76492023468, 14.9787406921, 24.7791728973, 35.0234565735, 62.6755065918, 54.7638053894, 42.3108444214, 112.874542236, 227.978286743, 89.638671875, 117.059783936, 80.4641418457, 38.0811843872, 38.1951141357, 50.7533226013, 132.06350708, 47.1204376221, 34.8238067627, 35.987651825, 31.4949321747, 19.5385932922, 24.6339569092, 10.2958240509, 8.56798839569, 3.94965052605, 3.25307798386, 0.902624070644, 0.400092273951, 0.215430721641, 0.112479805946, 0.0443890541792, 0.00611109239981, 0.000130852102302, 1.42246817632e-05, 2.06728200283e-05]
    },
    "gfcc": {
        "mean": [-99.0040206909, 84.9579696655, -161.745483398, 22.6553974152, -79.8559951782, 1.82853722572, -38.6073188782, 4.21476888657, -27.2360630035, -7.57422733307, -19.9934864044, -3.65448403358, -4.22058391571],
        "cov": [[50433.5078125, 2328.15380859, -7193.98974609, 888.413391113, -3361.43017578, 50.2854690552, -1456.02404785, 190.966522217, -1289.56555176, -524.305175781, -1121.02185059, -248.074752808, -244.290039062], [2328.15380859, 1498.78051758, -2.63993835449, 129.870193481, -56.075668335, -142.072555542, -127.774360657, -73.2846603394, 189.480773926, 55.9511146545, 147.067077637, -98.9293899536, 41.8223190308], [-7193.98974609, -2.63993835449, 1713.60791016, 48.8181381226, 600.715454102, 73.7890090942, 169.617263794, 14.0041570663, 206.418746948, 160.863052368, 177.655883789, 63.6488075256, 19.3754482269], [888.413391113, 129.870193481, 48.8181381226, 237.564712524, 42.1196022034, 75.6604614258, 0.611383199692, 14.6126689911, -26.2839603424, 1.48408842087, -17.5690383911, 3.2950284481, 2.55428338051], [-3361.43017578, -56.075668335, 600.715454102, 42.1196022034, 440.330383301, 78.1779403687, 150.984619141, 3.35941076279, 119.732063293, 66.369972229, 99.7785797119, 24.7726154327, 29.8751525879], [50.2854690552, -142.072555542, 73.7890090942, 75.6604614258, 78.1779403687, 180.308273315, 59.0616950989, 38.1950759888, -40.7093238831, 4.2644367218, -19.2539749146, 35.7695426941, 6.95299720764], [-1456.02404785, -127.774360657, 169.617263794, 0.611383199692, 150.984619141, 59.0616950989, 191.348953247, 39.2344512939, 45.336894989, -10.3188810349, 39.4024276733, 17.630355835, 35.5783004761], [190.966522217, -73.2846603394, 14.0041570663, 14.6126689911, 3.35941076279, 38.1950759888, 39.2344512939, 134.584411621, 35.6240997314, 32.8561019897, -14.7086029053, 15.1709747314, 8.4531621933], [-1289.56555176, 189.480773926, 206.418746948, -26.2839603424, 119.732063293, -40.7093238831, 45.336894989, 35.6240997314, 215.477355957, 97.3127670288, 87.9307861328, -18.8056468964, 24.4953899384], [-524.305175781, 55.9511146545, 160.863052368, 1.48408842087, 66.369972229, 4.2644367218, -10.3188810349, 32.8561019897, 97.3127670288, 163.301559448, 63.7783088684, 10.303393364, -20.8886127472], [-1121.02185059, 147.067077637, 177.655883789, -17.5690383911, 99.7785797119, -19.2539749146, 39.4024276733, -14.7086029053, 87.9307861328, 63.7783088684, 156.693893433, 32.1874237061, 17.2009773254], [-248.074752808, -98.9293899536, 63.6488075256, 3.2950284481, 24.7726154327, 35.7695426941, 17.630355835, 15.1709747314, -18.8056468964, 10.303393364, 32.1874237061, 110.309135437, 31.5446720123], [-244.290039062, 41.8223190308, 19.3754482269, 2.55428338051, 29.8751525879, 6.95299720764, 35.5783004761, 8.4531621933, 24.4953899384, -20.8886127472, 17.2009773254, 31.5446720123, 114.601486206]],
        "icov": [[0.000165981822647, -0.000336824712576, 0.000504556519445, -0.000396849034587, 0.000382331287256, -0.000342049635947, 0.000282596738543, -0.000404388119932, 0.000404100690503, -0.000259333872236, 0.000405096623581, -0.000235971761867, 0.000133961002575], [-0.000336824712576, 0.00196840427816, -0.00106633990072, -0.000335072807502, -0.000258663552813, 0.000928126741201, 0.000395625538658, 0.00121508154552, -0.00198834971525, 0.00102905684616, -0.00233600614592, 0.00167770974804, -0.000948524626438], [0.000504556519445, -0.00106633990072, 0.0027272424195, -0.00121379876509, -0.000470659433631, -0.000806068361271, 0.00100261752959, -0.0013001090847, 0.00115122413263, -0.0011441858951, 0.00120328890625, -0.00121775909793, 0.000686849001795], [-0.000396849034587, -0.000335072807502, -0.00121379876509, 0.00705068930984, -0.00196376140229, -0.00155546166934, -0.000385937542887, 0.000140201256727, 0.000614180986304, 0.000217549182707, 0.000332302472088, 0.000326682988089, -0.000191245329916], [0.000382331287256, -0.000258663552813, -0.000470659433631, -0.00196376140229, 0.00763381738216, -0.00252867396921, -0.00199850881472, 0.00117382989265, -0.00127795536537, -0.000769837584812, -0.000260433997028, 0.000195102606085, -0.000151806962094], [-0.000342049635947, 0.000928126741201, -0.000806068361271, -0.00155546166934, -0.00252867396921, 0.0103740468621, -0.00280557526276, -0.000827355892397, 0.00209563807584, -0.00130827503745, 0.000586757785641, -0.00124610355124, -0.000366539141396], [0.000282596738543, 0.000395625538658, 0.00100261752959, -0.000385937542887, -0.00199850881472, -0.00280557526276, 0.0110370777547, -0.00351755879819, -0.00113484601025, 0.00355172273703, -0.0026065534912, 0.00107860425487, -0.0011944322614], [-0.000404388119932, 0.00121508154552, -0.0013001090847, 0.000140201256727, 0.00117382989265, -0.000827355892397, -0.00351755879819, 0.0119966175407, -0.0044186306186, -0.00169416540302, 0.00209107086994, -0.00122516916599, -0.000478382600704], [0.000404100690503, -0.00198834971525, 0.00115122413263, 0.000614180986304, -0.00127795536537, 0.00209563807584, -0.00113484601025, -0.0044186306186, 0.013408228755, -0.00596419256181, -0.000918855599593, 0.00259897811338, -0.00226756092161], [-0.000259333872236, 0.00102905684616, -0.0011441858951, 0.000217549182707, -0.000769837584812, -0.00130827503745, 0.00355172273703, -0.00169416540302, -0.00596419256181, 0.0125779230148, -0.00420306203887, -0.00054150656797, 0.00290994881652], [0.000405096623581, -0.00233600614592, 0.00120328890625, 0.000332302472088, -0.000260433997028, 0.000586757785641, -0.0026065534912, 0.00209107086994, -0.000918855599593, -0.00420306203887, 0.0146191651002, -0.00624929694459, 0.00114864355419], [-0.000235971761867, 0.00167770974804, -0.00121775909793, 0.000326682988089, 0.000195102606085, -0.00124610355124, 0.00107860425487, -0.00122516916599, 0.00259897811338, -0.00054150656797, -0.00624929694459, 0.0148158390075, -0.00493078306317], [0.000133961002575, -0.000948524626438, 0.000686849001795, -0.000191245329916, -0.000151806962094, -0.000366539141396, -0.0011944322614, -0.000478382600704, -0.00226756092161, 0.00290994881652, 0.00114864355419, -0.00493078306317, 0.0119135500863]]
    },
    "melbands": {
        "mean": [7.3703515227e-05, 0.000149170082295, 0.000289441464702, 0.000256216007983, 0.000218486704398, 0.000231489582802, 0.000233517450397, 0.000264077883912, 0.000166515805176, 0.000135112335556, 0.000249353761319, 0.000354699208401, 0.00014067767188, 7.2890354204e-05, 4.92957333336e-05, 6.48018467473e-05, 2.47867828875e-05, 2.33122536883e-05, 2.67481627816e-05, 4.3161890062e-05, 3.86376486858e-05, 2.40484569076e-05, 2.28953267651e-05, 1.14517688417e-05, 1.41778773468e-05, 1.30600637931e-05, 7.6273686318e-06, 6.72638498145e-06, 6.17429623162e-06, 5.69428402741e-06, 3.21778020407e-06, 2.67905170404e-06, 1.68956864854e-06, 9.46509089772e-07, 9.622391417e-07, 4.42414716417e-07, 2.81333569774e-07, 1.97714541628e-07, 1.41681923083e-07, 1.12512267947e-07],
        "stdev": [0.000264943606453, 0.000353396811988, 0.000785953365266, 0.00052073400002, 0.000541763263755, 0.000514517363627, 0.000539164640941, 0.000696216709912, 0.000419574294938, 0.000253444974078, 0.000583212880883, 0.000976290903054, 0.000341875304002, 0.000240029447014, 0.000172675674548, 0.000242575595621, 6.94179325365e-05, 5.66571688978e-05, 6.58248973195e-05, 0.000109069325845, 0.000155422327225, 5.84785957471e-05, 4.47057027486e-05, 2.33744049183e-05, 3.29543399857e-05, 3.13485506922e-05, 2.12649065361e-05, 1.31180395329e-05, 1.63898548635e-05, 1.40121483128e-05, 7.40596306059e-06, 5.83966630074e-06, 4.08724508816e-06, 1.98705811272e-06, 2.51626056524e-06, 8.69182827046e-07, 4.77255355236e-07, 3.30936501314e-07, 2.30850986327e-07, 1.82923727721e-07]
    },
    "melbands128": {
        "mean": [8.33969579617e-07, 2.14057963603e-05, 0.000113837930257, 0.000156071400852, 0.000143488941831, 0.000153329892782, 0.00025752230431, 0.000387297914131, 0.000252461264608, 0.000263271154836, 0.000205022020964, 0.000254991929978, 0.000164519035025, 0.000212413564441, 0.000306356640067, 0.000182929201401, 0.000151477230247, 0.000315466226311, 0.000186030432815, 0.000278844119748, 0.000351080991095, 0.000163704942679, 0.000169738050317, 0.000106906496512, 0.000178058064193, 0.000108687636384, 0.000117644434795, 0.000320453749737, 0.000222527116421, 0.000523839204106, 0.000350367132341, 0.000159421819262, 0.000118104202556, 0.000163936550962, 4.2136231059e-05, 6.54356481391e-05, 9.27492219489e-05, 1.24105899886e-05, 6.56357806292e-05, 7.09908708814e-05, 8.97502031876e-05, 1.13835767479e-05, 2.94725741696e-05, 2.90714688163e-05, 8.38963205751e-06, 2.92704189633e-05, 3.30176808347e-05, 1.98809448193e-05, 2.6001891456e-05, 3.83924052585e-05, 4.81866227346e-05, 4.28127641499e-05, 4.18748059019e-05, 3.70334855688e-05, 3.65704290743e-05, 1.45975855048e-05, 1.51893018483e-05, 3.84592385672e-05, 1.72984309756e-05, 1.73371499841e-05, 5.85460929869e-06, 7.15511578164e-06, 2.62879711954e-05, 1.10204382509e-05, 6.87717556502e-06, 1.67847865669e-05, 1.43787947309e-05, 6.18408921582e-06, 4.60102410216e-06, 1.24422522276e-05, 3.89202114093e-06, 8.32779551274e-06, 3.74651904167e-06, 4.45754494649e-06, 9.6680059869e-06, 8.65960828378e-06, 2.80353197013e-06, 1.0681827689e-06, 4.68404277854e-06, 3.29692556988e-06, 3.21653237734e-06, 1.66295251347e-06, 2.72169700111e-06, 1.32010291054e-06, 1.58598550115e-06, 1.01017099041e-06, 8.50149149301e-07, 4.2574811232e-07, 1.46756019603e-06, 8.11410984625e-07, 4.80062908537e-07, 3.02760014392e-07, 4.74019543617e-07, 1.77865700834e-07, 2.95459358313e-07, 2.24559457251e-07, 1.71182321651e-07, 1.44584461736e-07, 1.64382825574e-07, 1.30940236431e-07, 1.03927838779e-07, 1.05214276402e-07, 1.3758912587e-07, 6.71988047429e-08, 7.43974553075e-08, 7.3940071843e-08, 6.59995791352e-08, 4.80062567476e-08, 4.91584621898e-08, 3.72942352556e-08, 3.8102545119e-08, 1.55760346843e-08, 1.15173848236e-09, 2.70467784454e-12, 2.60256334712e-12, 2.51931049806e-12, 2.43810440587e-12, 2.35931153086e-12, 2.29425809947e-12, 2.24154332248e-12, 2.19016233101e-12, 2.14633345819e-12, 2.10290096968e-12, 2.06152000852e-12, 2.03806047559e-12, 2.01916456645e-12, 2.00439382973e-12, 1.99001904365e-12],
        "stdev": [2.02005162464e-06, 0.000101236131741, 0.000461806776002, 0.000484005751787, 0.000366198975826, 0.000429350940976, 0.000786779157352, 0.00126559019554, 0.000636055017821, 0.000792872684542, 0.000477119785501, 0.000819753506221, 0.000529695185833, 0.000718795112334, 0.000826979638077, 0.000425396254286, 0.000384735933039, 0.000923538522329, 0.000558102852665, 0.000965056824498, 0.00110095599666, 0.000491927901749, 0.000655166222714, 0.000288301060209, 0.00040748808533, 0.000304726825561, 0.000316470075632, 0.00100235559512, 0.000741181604099, 0.00180245528463, 0.00120381556917, 0.000627052038908, 0.000444953970145, 0.000529870041646, 0.000146008766023, 0.000303261243971, 0.000651254493278, 4.47898855782e-05, 0.000184670803719, 0.000235236555454, 0.00046786328312, 5.70895172132e-05, 8.97167992662e-05, 0.000108274492959, 3.50939335476e-05, 8.99003716768e-05, 0.000105088074633, 0.000120801647427, 7.31331965653e-05, 0.000122126439237, 0.000157448288519, 0.000186116187251, 0.000372741109459, 0.000132934248541, 0.000115899121738, 8.84209512151e-05, 4.74511070934e-05, 9.78297248366e-05, 4.89650556119e-05, 5.88386646996e-05, 2.41570996877e-05, 2.88137325697e-05, 8.01299611339e-05, 3.10433861159e-05, 2.64599948423e-05, 5.28954915353e-05, 3.93276677642e-05, 3.27847301378e-05, 2.47933421633e-05, 3.39863836416e-05, 9.81763514574e-06, 2.71181361313e-05, 1.11918861876e-05, 3.01037525787e-05, 3.16248879244e-05, 2.70892160188e-05, 8.28997417557e-06, 3.36386870003e-06, 1.42347162182e-05, 8.63767036208e-06, 1.23807349155e-05, 4.02140767619e-06, 1.17180725283e-05, 4.04671163778e-06, 4.1586226871e-06, 3.16598220707e-06, 2.82846986011e-06, 9.29575833197e-07, 5.24868528373e-06, 2.75509751191e-06, 1.60740921729e-06, 6.90213141752e-07, 1.2248854091e-06, 4.11076484852e-07, 7.00320299529e-07, 4.52069855328e-07, 4.38838043237e-07, 3.57304088539e-07, 3.27977289771e-07, 2.61104815991e-07, 2.31157713415e-07, 2.08217286968e-07, 3.32311600459e-07, 1.96158438825e-07, 1.57370465104e-07, 1.57232960873e-07, 1.37378179943e-07, 1.08853662084e-07, 1.07021406848e-07, 7.99772124083e-08, 8.37744309479e-08, 3.80688902624e-08, 6.54657306143e-09, 5.2842335542e-12, 5.08595769666e-12, 4.90895562047e-12, 4.74952499205e-12, 4.603755311e-12, 4.47101036749e-12, 4.3525964083e-12, 4.24500061838e-12, 4.14891818817e-12, 4.06736319972e-12, 3.99421598227e-12, 3.93480257058e-12, 3.88752875377e-12, 3.85365741054e-12, 3.83266942489e-12]
    },
    "mfcc": {
        "mean": [-701.169250488, 102.752151489, -29.0779685974, 11.7527284622, -22.2374210358, -8.11064338684, -11.6998167038, 0.978838205338, -1.48566043377, -7.41900682449, -11.5668106079, -6.08838701248, -3.78772234917],
        "cov": [[16585.5214844, 2036.62329102, -1206.64172363, 92.475479126, -792.840820312, -247.632736206, -329.610443115, 58.5004348755, -9.1368932724, -175.236114502, -362.415863037, -218.32522583, -222.653396606], [2036.62329102, 1470.85974121, 23.2940979004, 167.302032471, 13.8534421921, -45.3489990234, -161.25390625, -119.529632568, -34.9534492493, 39.9593811035, 64.4700317383, 47.1101913452, 8.68179225922], [-1206.64172363, 23.2940979004, 548.446777344, 119.061843872, 210.939178467, 81.403137207, 48.9107208252, -15.0903720856, 4.7774105072, 46.4392433167, 60.5057792664, 22.4857673645, 43.3525123596], [92.475479126, 167.302032471, 119.061843872, 190.333129883, 93.3206329346, 49.8589248657, 22.6684932709, 6.26474618912, 17.9266719818, 26.3192958832, 22.3239250183, 15.7105169296, 10.8580665588], [-792.840820312, 13.8534421921, 210.939178467, 93.3206329346, 238.655441284, 97.5600738525, 49.2839202881, -3.67001223564, 24.6885433197, 48.5832595825, 54.9423904419, 46.6770858765, 47.063457489], [-247.632736206, -45.3489990234, 81.403137207, 49.8589248657, 97.5600738525, 156.141677856, 76.8243560791, 28.5213279724, 16.8467197418, 10.4555006027, 12.9871463776, 20.9897422791, 33.6781539917], [-329.610443115, -161.25390625, 48.9107208252, 22.6684932709, 49.2839202881, 76.8243560791, 162.039642334, 81.6428833008, 19.0304203033, -7.7207326889, -18.6943702698, -11.0233001709, 22.9580421448], [58.5004348755, -119.529632568, -15.0903720856, 6.26474618912, -3.67001223564, 28.5213279724, 81.6428833008, 148.365890503, 44.375957489, -14.3456726074, -38.4588165283, -39.0928535461, 11.3890256882], [-9.1368932724, -34.9534492493, 4.7774105072, 17.9266719818, 24.6885433197, 16.8467197418, 19.0304203033, 44.375957489, 126.717224121, 65.2529220581, -0.114163532853, -16.8492679596, -2.97970819473], [-175.236114502, 39.9593811035, 46.4392433167, 26.3192958832, 48.5832595825, 10.4555006027, -7.7207326889, -14.3456726074, 65.2529220581, 160.128128052, 72.0764846802, 11.429523468, -14.8867788315], [-362.415863037, 64.4700317383, 60.5057792664, 22.3239250183, 54.9423904419, 12.9871463776, -18.6943702698, -38.4588165283, -0.114163532853, 72.0764846802, 166.001022339, 87.7117080688, 8.73140525818], [-218.32522583, 47.1101913452, 22.4857673645, 15.7105169296, 46.6770858765, 20.9897422791, -11.0233001709, -39.0928535461, -16.8492679596, 11.429523468, 87.7117080688, 166.589279175, 65.8678436279], [-222.653396606, 8.68179225922, 43.3525123596, 10.8580665588, 47.063457489, 33.6781539917, 22.9580421448, 11.3890256882, -2.97970819473, -14.8867788315, 8.73140525818, 65.8678436279, 168.972198486]],
        "icov": [[0.00010863544594, -0.000149807790876, 0.000155903151608, -0.000146869395394, 0.000274752121186, -0.000122345649288, 9.3247537734e-05, -0.000122070203361, -2.58819418377e-05, -5.26700796399e-06, 0.000170492232428, -2.3480029995e-05, 6.31231596344e-05], [-0.000149807790876, 0.00112828472629, -0.000120673503261, -0.000837947882246, -0.000230526260566, 0.000201079557883, 0.000702223973349, 0.000431203457993, 0.000255291583017, -0.000122564801131, -0.000356807926437, 0.000107853848021, -0.000300810555927], [0.000155903151608, -0.000120673503261, 0.00318556302227, -0.001074228785, -0.00190741964616, 7.80477712397e-05, -0.000204167110496, 0.000277222075965, 0.000443119002739, -6.2312996306e-05, -0.00037295272341, 0.000860114698298, -0.000325566070387], [-0.000146869395394, -0.000837947882246, -0.001074228785, 0.00817514583468, -0.00227371416986, -0.000695560185704, -0.000675063056406, -0.000608638511039, -0.000498456705827, -9.01522143977e-05, 9.94206639007e-05, -0.000392099056626, 0.000635450298432], [0.000274752121186, -0.000230526260566, -0.00190741964616, -0.00227371416986, 0.00992033164948, -0.00358611787669, -0.000354622257873, 0.000686560058966, -0.000939630845096, -0.000945758540183, -0.000287015340291, -0.000861027161591, -0.000786476768553], [-0.000122345649288, 0.000201079557883, 7.80477712397e-05, -0.000695560185704, -0.00358611787669, 0.0108765633777, -0.00413564685732, 0.000355202762876, -0.000353009003447, 0.000334842392476, -0.000210964266444, -0.000439306575572, -0.00057247892255], [9.3247537734e-05, 0.000702223973349, -0.000204167110496, -0.000675063056406, -0.000354622257873, -0.00413564685732, 0.0119915585965, -0.00544628268108, 0.00115840137005, -0.000272454199148, 0.000783178082202, -5.49223805137e-05, -0.000179216935067], [-0.000122070203361, 0.000431203457993, 0.000277222075965, -0.000608638511039, 0.000686560058966, 0.000355202762876, -0.00544628268108, 0.0121407574043, -0.0042152190581, 0.00203081197105, -0.000478340138216, 0.00218026456423, -0.00127596792299], [-2.58819418377e-05, 0.000255291583017, 0.000443119002739, -0.000498456705827, -0.000939630845096, -0.000353009003447, 0.00115840137005, -0.0042152190581, 0.0127633046359, -0.00624960660934, 0.00197204831056, -4.42225700681e-06, -9.57945376285e-05], [-5.26700796399e-06, -0.000122564801131, -6.2312996306e-05, -9.01522143977e-05, -0.000945758540183, 0.000334842392476, -0.000272454199148, 0.00203081197105, -0.00624960660934, 0.0115549759939, -0.00521276472136, 0.00181310111657, 0.000588354712818], [0.000170492232428, -0.000356807926437, -0.00037295272341, 9.94206639007e-05, -0.000287015340291, -0.000210964266444, 0.000783178082202, -0.000478340138216, 0.00197204831056, -0.00521276472136, 0.0121441660449, -0.00609955564141, 0.00170579261612], [-2.3480029995e-05, 0.000107853848021, 0.000860114698298, -0.000392099056626, -0.000861027161591, -0.000439306575572, -5.49223805137e-05, 0.00218026456423, -4.42225700681e-06, 0.00181310111657, -0.00609955564141, 0.011329555884, -0.00398565456271], [6.31231596344e-05, -0.000300810555927, -0.000325566070387, 0.000635450298432, -0.000786476768553, -0.00057247892255, -0.000179216935067, -0.00127596792299, -9.57945376285e-05, 0.000588354712818, 0.00170579261612, -0.00398565456271, 0.00801863986999]]
    },
    "spectral_contrast_coeffs": {
        "mean": [-0.679525613785, -0.744918763638, -0.686187267303, -0.735696256161, -0.731738209724, -0.711462438107],
        "stdev": [0.106597073376, 0.0791875123978, 0.103895939887, 0.0814273431897, 0.0818923413754, 0.0726778283715]
    },
    "spectral_contrast_valleys": {
        "mean": [-8.87023162842, -7.83958911896, -8.66243839264, -9.09180545807, -9.04786300659, -12.1256895065],
        "stdev": [3.57397580147, 3.74347496033, 3.59101486206, 3.50772666931, 3.51787614822, 3.00077366829]
    }
},
"rhythm": {
    "beats_count": 395,
    "beats_loudness": {
        "mean": 0.0232433509082,
        "stdev": 0.023174457252
    },
    "bpm": 128.522171021,
    "bpm_histogram_first_peak_bpm": 129,
    "bpm_histogram_first_peak_weight": 0.556737601757,
    "bpm_histogram_second_peak_bpm": 123,
    "bpm_histogram_second_peak_spread": 0.478873252869,
    "bpm_histogram_second_peak_weight": 0.0939086303115,
    "danceability": 0.965725004673,
    "onset_rate": 3.67610812187,
    "beats_loudness_band_ratio": {
        "mean": [0.107193574309, 0.158193007112, 0.284213930368, 0.301253736019, 0.121115751565, 0.0514144897461],
        "stdev": [0.144785627723, 0.143827974796, 0.19958293438, 0.223458871245, 0.107389435172, 0.0462441258132]
    },
    "beats_position": [0.417959183455, 0.835918366909, 1.26548755169, 1.69505667686, 2.13623571396, 2.57741498947, 3.03020405769, 3.48299312592, 3.93578219414, 4.38857126236, 4.841360569, 5.2941493988, 5.75854873657, 6.2229475975, 6.68734693527, 7.1517457962, 7.6277551651, 8.09215450287, 8.56816291809, 9.04417228699, 9.52018165588, 9.98458003998, 10.4489793777, 10.9133787155, 11.3893871307, 11.8653964996, 12.3414058685, 12.8174142838, 13.3050336838, 13.7810430527, 14.2570514679, 14.7330608368, 15.2090702057, 15.696688652, 16.1843090057, 16.6603164673, 17.1363258362, 17.6123352051, 18.088344574, 18.5643539429, 19.0403633118, 19.5163707733, 19.9923801422, 20.45677948, 20.9211788177, 21.3855781555, 21.8499774933, 22.3259868622, 22.8136043549, 23.312833786, 23.8120632172, 24.3112926483, 24.8105201721, 25.3213596344, 25.8205890656, 26.3314285278, 26.8190479279, 27.3182754517, 27.8175048828, 28.2935142517, 28.7811336517, 29.2571430206, 29.7331504822, 30.2091598511, 30.6735591888, 31.1495685577, 31.6255779266, 32.0899772644, 32.5543746948, 33.0303840637, 33.5063934326, 33.9824028015, 34.4584121704, 34.9460296631, 35.422039032, 35.8980484009, 36.3740577698, 36.8500671387, 37.3260765076, 37.8020858765, 38.2780952454, 38.7541046143, 39.2301139832, 39.6945114136, 40.1705207825, 40.6465301514, 41.1225395203, 41.5869369507, 42.0513381958, 42.5273475647, 43.0033569336, 43.467754364, 43.9321517944, 44.3965530396, 44.86095047, 45.3253517151, 45.7897491455, 46.2541503906, 46.7069396973, 47.1597251892, 47.6241264343, 48.076915741, 48.5413131714, 48.994102478, 49.4585037231, 49.934513092, 50.4105224609, 50.8865280151, 51.362537384, 51.8385467529, 52.3145561218, 52.7905654907, 53.2665748596, 53.73097229, 54.1953735352, 54.6481628418, 55.1009521484, 55.5537414551, 56.0065307617, 56.4593200684, 56.9237174988, 57.3765068054, 57.8409042358, 58.305305481, 58.7697029114, 59.2341041565, 59.6985015869, 60.1745109558, 60.6505203247, 61.1149177551, 61.5793190002, 62.0437164307, 62.5081176758, 62.9725151062, 63.4369163513, 63.924533844, 64.4121551514, 64.899772644, 65.4106140137, 65.9214477539, 66.4322891235, 66.9431304932, 67.4655761719, 67.98802948, 68.4640350342, 68.9400405884, 69.416053772, 69.8920593262, 70.3564605713, 70.8208618164, 71.2852630615, 71.7380523682, 72.1908340454, 72.632019043, 73.0848083496, 73.5259857178, 73.9787750244, 74.4431762695, 74.8959655762, 75.3487548828, 75.8015441895, 76.2543258667, 76.7187271118, 77.15990448, 77.6243057251, 78.0887069702, 78.5647125244, 79.0291137695, 79.4935150146, 79.9695205688, 80.433921814, 80.8983230591, 81.3627166748, 81.8271179199, 82.291519165, 82.7559204102, 83.2203140259, 83.684715271, 84.1491165161, 84.6135101318, 85.0895233154, 85.5655288696, 86.0299301147, 86.4943313599, 86.9703369141, 87.4463500977, 87.9107437134, 88.3751449585, 88.8395462036, 89.3155517578, 89.7915649414, 90.2675704956, 90.7435836792, 91.2195892334, 91.695602417, 92.1599960327, 92.6243972778, 93.100402832, 93.5764160156, 94.0524215698, 94.5284347534, 95.0044403076, 95.4804534912, 95.9332427979, 96.3860321045, 96.8736495972, 97.3496551514, 97.8488845825, 98.3132858276, 98.7776870728, 99.2420806885, 99.7064819336, 100.182495117, 100.67011261, 101.146118164, 101.622131348, 102.098136902, 102.585754395, 103.061767578, 103.526168823, 104.002174377, 104.48979187, 104.954193115, 105.41859436, 105.882987976, 106.347389221, 106.823402405, 107.299407959, 107.787025452, 108.274642944, 108.773872375, 109.273101807, 109.772331238, 110.225120544, 110.677909851, 111.130699158, 111.595100403, 112.047889709, 112.500679016, 112.941856384, 113.383033752, 113.82421875, 114.277008057, 114.706573486, 115.136146545, 115.565711975, 116.006889343, 116.448066711, 116.889251709, 117.342041016, 117.806434631, 118.270835876, 118.735237122, 119.199638367, 119.675643921, 120.151649475, 120.627662659, 121.115280151, 121.602897644, 122.090522766, 122.578140259, 123.065757751, 123.564987183, 124.075828552, 124.598274231, 125.097503662, 125.596733093, 126.095962524, 126.595191956, 127.094421387, 127.582038879, 128.081268311, 128.568893433, 129.056503296, 129.532516479, 130.008529663, 130.496139526, 130.97215271, 131.448165894, 131.912567139, 132.376953125, 132.84135437, 133.305755615, 133.77015686, 134.234558105, 134.687347412, 135.151748657, 135.604537964, 136.068939209, 136.533325195, 136.99772644, 137.450515747, 137.903305054, 138.367706299, 138.832107544, 139.284896851, 139.737686157, 140.202087402, 140.666488647, 141.119277954, 141.58366394, 142.036453247, 142.489242554, 142.953643799, 143.418045044, 143.882446289, 144.346847534, 144.799636841, 145.264038086, 145.728439331, 146.192825317, 146.657226562, 147.121627808, 147.586029053, 148.050430298, 148.526443481, 148.990829468, 149.443618774, 149.90802002, 150.372421265, 150.83682251, 151.301223755, 151.765625, 152.230026245, 152.694412231, 153.158813477, 153.623214722, 154.076004028, 154.528793335, 154.969970703, 155.411148071, 155.852325439, 156.316726685, 156.78112793, 157.257141113, 157.721542358, 158.209152222, 158.685165405, 159.161178589, 159.637191772, 160.113189697, 160.589202881, 161.065216064, 161.541213989, 162.017227173, 162.493240356, 162.957641602, 163.445251465, 163.90965271, 164.374053955, 164.850067139, 165.326080322, 165.790466309, 166.243255615, 166.719268799, 167.195281982, 167.682891846, 168.182128906, 168.669754028, 169.16897583, 169.668212891, 170.167434692, 170.666656494, 171.165893555, 171.665115356, 172.175964355, 172.710021973, 173.220855713, 173.731704712, 174.207702637, 174.68371582, 175.171340942, 175.670562744, 176.169799805, 176.669021606, 177.261123657, 177.853240967, 178.422134399, 178.991012573, 179.559906006, 180.059127808, 180.558364868, 181.05758667, 181.55682373, 182.067657471, 182.57850647, 183.066116333, 183.565353394, 184.052963257, 184.540588379, 185.028198242, 185.515823364, 186.003448486, 186.49105835, 186.99029541],
    "bpm_histogram": [0, 0, 0, 0, 0, 0, 0, 0, 0, 0, 0, 0, 0, 0, 0, 0, 0, 0, 0, 0, 0, 0, 0, 0, 0, 0, 0, 0, 0, 0, 0, 0, 0, 0, 0, 0, 0, 0, 0, 0, 0, 0, 0, 0, 0, 0, 0, 0, 0, 0, 0, 0, 0, 0, 0, 0, 0, 0, 0, 0, 0, 0, 0, 0, 0, 0, 0, 0, 0, 0, 0, 0, 0, 0, 0, 0, 0, 0, 0, 0, 0, 0, 0, 0, 0, 0, 0, 0, 0, 0, 0, 0, 0, 0, 0, 0, 0, 0, 0, 0, 0, 0.00507614202797, 0, 0, 0, 0.00761421304196, 0, 0, 0, 0, 0, 0, 0.00253807101399, 0, 0, 0.00761421304196, 0, 0.0304568521678, 0, 0, 0.0862944126129, 0, 0, 0.0939086303115, 0, 0, 0.279187828302, 0, 0, 0.317258894444, 0, 0, 0, 0.119289338589, 0, 0, 0.0355329960585, 0, 0, 0, 0.0126903550699, 0, 0, 0, 0.00253807101399, 0, 0, 0, 0, 0, 0, 0, 0, 0, 0, 0, 0, 0, 0, 0, 0, 0, 0, 0, 0, 0, 0, 0, 0, 0, 0, 0, 0, 0, 0, 0, 0, 0, 0, 0, 0, 0, 0, 0, 0, 0, 0, 0, 0, 0, 0, 0, 0, 0, 0, 0, 0, 0, 0, 0, 0, 0, 0, 0, 0, 0, 0, 0, 0, 0, 0, 0, 0, 0, 0, 0, 0, 0, 0, 0, 0, 0, 0, 0, 0, 0, 0, 0, 0, 0, 0, 0, 0, 0, 0, 0, 0, 0, 0, 0, 0, 0, 0, 0, 0, 0, 0, 0, 0, 0]
},
"tonal": {
    "chords_changes_rate": 0.0395745746791,
    "chords_number_rate": 0.00272075203247,
    "chords_strength": {
        "mean": 0.510750770569,
        "stdev": 0.276503443718
    },
    "hpcp_crest": {
        "mean": 15.9461536407,
        "stdev": 7.75478315353
    },
    "hpcp_entropy": {
        "mean": 1.55853199959,
        "stdev": 0.707645177841
    },
    "key_edma": {
        "strength": 0.784583926201,
        "key": "F",
        "scale": "major"
    },
    "key_krumhansl": {
        "strength": 0.782387733459,
        "key": "F",
        "scale": "major"
    },
    "key_temperley": {
        "strength": 0.774940907955,
        "key": "F",
        "scale": "major"
    },
    "tuning_diatonic_strength": 0.588915348053,
    "tuning_equal_tempered_deviation": 0.0290267132223,
    "tuning_frequency": 440,
    "tuning_nontempered_energy_ratio": 0.65090072155,
    "hpcp": {
        "mean": [0.336042642593, 0.149318754673, 0.077265843749, 0.120463505387, 0.0685050711036, 0.0770227462053, 0.120792917907, 0.0750570297241, 0.186942353845, 0.327978998423, 0.179041072726, 0.0467697866261, 0.0434188768268, 0.0273646526039, 0.106154195964, 0.200989231467, 0.120824322104, 0.0244352649897, 0.0252728555351, 0.0295328237116, 0.141842395067, 0.203274220228, 0.0959939584136, 0.166332870722, 0.266350656748, 0.129843264818, 0.0304844677448, 0.0311238691211, 0.024733485654, 0.119360893965, 0.233458906412, 0.141519322991, 0.0522998981178, 0.0618550814688, 0.0488994531333, 0.226080656052],
        "stdev": [0.384252458811, 0.208936363459, 0.177064612508, 0.27557861805, 0.163498923182, 0.167128026485, 0.253634035587, 0.153237313032, 0.244466304779, 0.369265168905, 0.235527396202, 0.114137753844, 0.125472098589, 0.0793521255255, 0.187257274985, 0.308641046286, 0.216246768832, 0.0682749301195, 0.0905413404107, 0.0913108959794, 0.226264864206, 0.29020434618, 0.136441469193, 0.240587696433, 0.354330599308, 0.194587886333, 0.0897275879979, 0.0977563560009, 0.0640706643462, 0.184592857957, 0.324780553579, 0.217681735754, 0.139842644334, 0.188061401248, 0.119369640946, 0.286192595959]
    },
    "chords_histogram": [29.557258606, 12.5154590607, 12.9606723785, 1.33564186096, 2.15186738968, 0.742023229599, 0.494682163, 0.0247341077775, 6.05985641479, 0.0247341077775, 4.97155570984, 0.544150412083, 0, 0, 0, 0.0247341077775, 0, 5.96092033386, 0, 0.22260697186, 0, 4.42740535736, 4.94682168961, 13.0348749161],
    "thpcp": [1, 0.44434466958, 0.229928687215, 0.35847684741, 0.203858271241, 0.229205280542, 0.359457105398, 0.223355665803, 0.556305468082, 0.976004123688, 0.532792747021, 0.13917812705, 0.129206448793, 0.081432081759, 0.315895020962, 0.598106324673, 0.359550565481, 0.0727147758007, 0.075207285583, 0.087884157896, 0.422096401453, 0.604906022549, 0.28566005826, 0.494975477457, 0.79260969162, 0.386389255524, 0.0907160714269, 0.0926188081503, 0.0736022219062, 0.35519567132, 0.694729983807, 0.421135008335, 0.155634701252, 0.184069141746, 0.145515620708, 0.672773718834],
    "chords_key": "F",
    "chords_scale": "major"
}
}