{
"metadata": {
    "version": {
        "essentia": "2.1-dev",
        "essentia_git_sha": "v2.1_beta3-415-gd5473f3",
        "extractor": "music 2.0"
    },
    "audio_properties": {
        "analysis": {
            "equal_loudness": 0,
            "length": 233.299591064,
            "sample_rate": 44100,
            "start_time": 0,
            "downmix": "mix"
        },
        "bit_rate": 192000,
        "length": 233.299591064,
        "lossless": 0,
        "number_channels": 2,
        "replay_gain": -10.1608924866,
        "sample_rate": 44100,
        "codec": "mp3",
        "md5_encoded": "14f339c44872cc98263d6a233b889205"
    },
    "tags": {
        "file_name": "aaron_soul-ring,_ring,_ring.mp3",
        "album": ["Bridget Jones's Diary"],
        "artist": ["Various Artists"],
        "genre": ["Other"],
        "title": ["Ring, Ring, Ring"]
    }
},
"lowlevel": {
    "average_loudness": 0.873524129391,
    "barkbands_crest": {
        "mean": 11.4223794937,
        "stdev": 4.840736866
    },
    "barkbands_flatness_db": {
        "mean": 0.16297365725,
        "stdev": 0.0900717750192
    },
    "barkbands_kurtosis": {
        "mean": 30.2672309875,
        "stdev": 187.743499756
    },
    "barkbands_skewness": {
        "mean": 2.24293971062,
        "stdev": 3.02495932579
    },
    "barkbands_spread": {
        "mean": 19.6005859375,
        "stdev": 15.3532371521
    },
    "dissonance": {
        "mean": 0.440079748631,
        "stdev": 0.0557867065072
    },
    "dynamic_complexity": 3.00498795509,
    "erbbands_crest": {
        "mean": 10.3083810806,
        "stdev": 5.22595214844
    },
    "erbbands_flatness_db": {
        "mean": 0.167171165347,
        "stdev": 0.0717662647367
    },
    "erbbands_kurtosis": {
        "mean": 3.85619139671,
        "stdev": 22.2438983917
    },
    "erbbands_skewness": {
        "mean": 0.655196487904,
        "stdev": 1.32856118679
    },
    "erbbands_spread": {
        "mean": 39.949054718,
        "stdev": 24.4392166138
    },
    "hfc": {
        "mean": 20.1488685608,
        "stdev": 19.1494293213
    },
    "loudness_ebu128": {
        "integrated": -13.0197057724,
        "loudness_range": 5.30032062531,
        "momentary": {
            "mean": -13.8522386551,
            "stdev": 2.96510076523
        },
        "short_term": {
            "mean": -13.490603447,
            "stdev": 2.12228536606
        }
    },
    "melbands_crest": {
        "mean": 15.5419549942,
        "stdev": 6.28905344009
    },
    "melbands_flatness_db": {
        "mean": 0.238812625408,
        "stdev": 0.106708548963
    },
    "melbands_kurtosis": {
        "mean": 22.9050788879,
        "stdev": 46.6355934143
    },
    "melbands_skewness": {
        "mean": 2.98706078529,
        "stdev": 2.22563266754
    },
    "melbands_spread": {
        "mean": 20.5111351013,
        "stdev": 24.4127006531
    },
    "pitch_salience": {
        "mean": 0.528011798859,
        "stdev": 0.148398697376
    },
    "silence_rate_20dB": {
        "mean": 1,
        "stdev": 0
    },
    "silence_rate_30dB": {
        "mean": 0.986764848232,
        "stdev": 0.114279404283
    },
    "silence_rate_60dB": {
        "mean": 0.070653796196,
        "stdev": 0.256266981363
    },
    "spectral_centroid": {
        "mean": 1070.27111816,
        "stdev": 792.923339844
    },
    "spectral_complexity": {
        "mean": 15.4310874939,
        "stdev": 9.16731548309
    },
    "spectral_decrease": {
        "mean": -8.13742939698e-09,
        "stdev": 6.66173738395e-09
    },
    "spectral_energy": {
        "mean": 0.0325400456786,
        "stdev": 0.0260186009109
    },
    "spectral_energyband_high": {
        "mean": 0.000845404632855,
        "stdev": 0.00178644282278
    },
    "spectral_energyband_low": {
        "mean": 0.012581304647,
        "stdev": 0.0167146306485
    },
    "spectral_energyband_middle_high": {
        "mean": 0.0043763667345,
        "stdev": 0.00539331370965
    },
    "spectral_energyband_middle_low": {
        "mean": 0.0161730404943,
        "stdev": 0.0162634123117
    },
    "spectral_entropy": {
        "mean": 7.30521059036,
        "stdev": 0.809143185616
    },
    "spectral_flux": {
        "mean": 0.0948115363717,
        "stdev": 0.0532360486686
    },
    "spectral_kurtosis": {
        "mean": 8.04472732544,
        "stdev": 18.470369339
    },
    "spectral_rms": {
        "mean": 0.00513494526967,
        "stdev": 0.00231924536638
    },
    "spectral_rolloff": {
        "mean": 1372.81945801,
        "stdev": 1899.38415527
    },
    "spectral_skewness": {
        "mean": 1.98511242867,
        "stdev": 1.31238996983
    },
    "spectral_spread": {
        "mean": 5111826,
        "stdev": 2539067.25
    },
    "spectral_strongpeak": {
        "mean": 0.85965436697,
        "stdev": 0.957054316998
    },
    "zerocrossingrate": {
        "mean": 0.058223541826,
        "stdev": 0.0483028925955
    },
    "barkbands": {
        "mean": [0.00047667050967, 0.00880486052483, 0.00195124896709, 0.00302452640608, 0.0035314867273, 0.00341337476857, 0.00260228966363, 0.00176990358159, 0.00162924244069, 0.000662354752421, 0.000474892760394, 0.000480399088701, 0.000534266524483, 0.000603676249739, 0.000608823669609, 0.000432672764873, 0.000328089081449, 0.00020260096062, 0.000127632709336, 7.19482995919e-05, 0.000123531615827, 0.000196745051653, 0.000171946303453, 0.000141194468597, 0.000102808087831, 7.00259915902e-05, 3.00032047562e-06],
        "stdev": [0.00100276491139, 0.0142383016646, 0.00339992064983, 0.00632091239095, 0.00576646905392, 0.0054705105722, 0.00567856710404, 0.00414598919451, 0.00345931993797, 0.00174218742177, 0.00120054709259, 0.00120747857727, 0.00132057501469, 0.00147863361053, 0.00125446531456, 0.000702836026903, 0.000434315094026, 0.00029447308043, 0.000235770174186, 0.000136262999149, 0.000339827412972, 0.000476136629004, 0.000548455980606, 0.000295590871247, 0.000200165231945, 0.000148956401972, 7.69509279053e-06]
    },
    "erbbands": {
        "mean": [0.329767525196, 1.67037022114, 2.36576509476, 6.48598623276, 12.2094631195, 11.5788431168, 18.0435256958, 28.8396396637, 33.5556907654, 41.1124916077, 38.0879516602, 35.8860855103, 26.2620258331, 20.8793411255, 19.2722587585, 19.0686225891, 22.857591629, 30.9777374268, 31.436050415, 28.3326854706, 22.2937488556, 19.0467414856, 12.6341905594, 8.27231025696, 5.10704135895, 3.32130765915, 3.99173569679, 5.99215698242, 7.41454315186, 5.46563196182, 4.74159383774, 3.21279549599, 2.09386825562, 1.20906615257, 0.722290873528, 0.405538201332, 0.102307908237, 0.0153218042105, 0.000368736480596, 5.05463940499e-05],
        "stdev": [0.575717329979, 2.71959280968, 3.49314951897, 12.0571088791, 24.2991390228, 20.838262558, 32.1032142639, 49.3343467712, 68.379699707, 81.0391616821, 83.519569397, 80.8639297485, 61.5277442932, 46.197479248, 50.9936180115, 48.5970039368, 53.6517486572, 74.5388183594, 60.1803779602, 52.5997009277, 35.3513298035, 24.4643554688, 17.802520752, 14.5367288589, 9.14300060272, 6.31758642197, 10.0677471161, 16.616859436, 17.4810218811, 17.8000869751, 14.6666078568, 7.00156831741, 4.5007481575, 2.43304896355, 1.40374553204, 0.854628145695, 0.215001434088, 0.0352751463652, 0.00081987894373, 4.3858490244e-05]
    },
    "gfcc": {
        "mean": [-17.1072978973, 90.1756668091, -99.6618728638, 22.9063453674, -59.2914848328, 10.2645120621, -51.5258750916, 6.68250322342, -15.1762065887, 2.09851980209, -18.2544021606, 6.38403272629, -14.6510257721],
        "cov": [[11434.5693359, -769.154174805, -677.837158203, 704.639648438, -140.115386963, 1096.37963867, 156.431472778, 543.302978516, -270.553436279, 185.439575195, -514.133666992, -28.6550712585, -239.844451904], [-769.154174805, 1943.07629395, -96.2950134277, -194.678237915, 518.42364502, -208.240661621, 249.188720703, -3.42889976501, 304.014526367, -156.158554077, 258.444458008, -57.8278656006, 25.2755947113], [-677.837158203, -96.2950134277, 1154.99389648, 435.578857422, 122.782043457, 180.537231445, 111.944923401, 78.8331985474, -12.6932487488, 97.5754928589, 60.5077056885, 81.2963485718, 56.223197937], [704.639648438, -194.678237915, 435.578857422, 817.864318848, 160.530319214, 219.036178589, 101.208679199, 35.2002563477, 43.7579536438, 44.4210700989, 16.6783790588, 32.1544075012, 66.4748840332], [-140.115386963, 518.42364502, 122.782043457, 160.530319214, 459.893157959, 91.3186721802, 156.53515625, 73.8907546997, 118.026519775, 22.7895126343, 77.4854202271, 9.40679550171, 56.1194267273], [1096.37963867, -208.240661621, 180.537231445, 219.036178589, 91.3186721802, 467.947357178, 191.805267334, 130.410705566, -40.7389450073, 53.7421684265, -44.5107498169, 23.1175460815, -12.1587734222], [156.431472778, 249.188720703, 111.944923401, 101.208679199, 156.53515625, 191.805267334, 339.038421631, 114.777793884, 34.7945251465, 15.3717947006, 56.0352745056, 28.9630203247, 21.7085819244], [543.302978516, -3.42889976501, 78.8331985474, 35.2002563477, 73.8907546997, 130.410705566, 114.777793884, 199.732086182, 65.5855941772, 65.9745864868, 21.300901413, 41.5263175964, 3.14717483521], [-270.553436279, 304.014526367, -12.6932487488, 43.7579536438, 118.026519775, -40.7389450073, 34.7945251465, 65.5855941772, 266.599884033, 55.956703186, 108.565208435, 8.639585495, 22.8226394653], [185.439575195, -156.158554077, 97.5754928589, 44.4210700989, 22.7895126343, 53.7421684265, 15.3717947006, 65.9745864868, 55.956703186, 179.681594849, 42.4284820557, 27.317150116, 34.0424156189], [-514.133666992, 258.444458008, 60.5077056885, 16.6783790588, 77.4854202271, -44.5107498169, 56.0352745056, 21.300901413, 108.565208435, 42.4284820557, 187.809432983, 46.9649543762, 27.0469303131], [-28.6550712585, -57.8278656006, 81.2963485718, 32.1544075012, 9.40679550171, 23.1175460815, 28.9630203247, 41.5263175964, 8.639585495, 27.317150116, 46.9649543762, 116.866043091, 51.6648674011], [-239.844451904, 25.2755947113, 56.223197937, 66.4748840332, 56.1194267273, -12.1587734222, 21.7085819244, 3.14717483521, 22.8226394653, 34.0424156189, 27.0469303131, 51.6648674011, 125.426887512]],
        "icov": [[0.000291134754661, -0.000472590792924, 0.000445908983238, -0.00059834192507, 0.000483770301798, -0.000557149469387, 0.000469921535114, -0.000871771248057, 0.000597512058448, -0.000845779140946, 0.000870143645443, -0.000494272098877, 0.000576055317651], [-0.000472590792924, 0.00253845122643, -0.000878024147823, 0.00169232871849, -0.00237867841497, 0.00150802813005, -0.00178347364999, 0.00178919895552, -0.00212344224565, 0.00334982690401, -0.00285217980854, 0.00203030370176, -0.00118838855997], [0.000445908983238, -0.000878024147823, 0.00190252694301, -0.00156984571368, 0.000756548019126, -0.000916264951229, 0.000769043865148, -0.00155490310863, 0.00151468988042, -0.00191553984769, 0.00110669003334, -0.00129763828591, 0.00102754414547], [-0.00059834192507, 0.00169232871849, -0.00156984571368, 0.00338216451928, -0.00189691351261, 0.000503694755025, -0.00127072259784, 0.00255604274571, -0.00227430509403, 0.00272933812812, -0.00218353793025, 0.00162390759215, -0.00204565515742], [0.000483770301798, -0.00237867841497, 0.000756548019126, -0.00189691351261, 0.00544289965183, -0.00176365009975, 0.000820990768261, -0.00220316648483, 0.00105347135104, -0.00258584041148, 0.00206609163433, -0.000769967096858, -0.000240676308749], [-0.000557149469387, 0.00150802813005, -0.000916264951229, 0.000503694755025, -0.00176365009975, 0.00547188194469, -0.00307998736389, 0.000375094939955, -0.000511655816808, 0.00112226384226, -0.000620853039436, 0.000714299269021, 0.00024584523635], [0.000469921535114, -0.00178347364999, 0.000769043865148, -0.00127072259784, 0.000820990768261, -0.00307998736389, 0.00664925435558, -0.00370445405133, 0.00216118432581, -0.00113838014659, 0.000154084365931, -0.000714136986062, 3.96031682612e-05], [-0.000871771248057, 0.00178919895552, -0.00155490310863, 0.00255604274571, -0.00220316648483, 0.000375094939955, -0.00370445405133, 0.0120380818844, -0.00457768281922, 0.000590518990066, -0.000924394233152, -0.00175405747723, 0.000270494958386], [0.000597512058448, -0.00212344224565, 0.00151468988042, -0.00227430509403, 0.00105347135104, -0.000511655816808, 0.00216118432581, -0.00457768281922, 0.00847496464849, -0.00388622144237, -0.00053276080871, -0.000178782327566, 0.00101792765781], [-0.000845779140946, 0.00334982690401, -0.00191553984769, 0.00272933812812, -0.00258584041148, 0.00112226384226, -0.00113838014659, 0.000590518990066, -0.00388622144237, 0.0124324839562, -0.00581195298582, 0.00374781154096, -0.00438993796706], [0.000870143645443, -0.00285217980854, 0.00110669003334, -0.00218353793025, 0.00206609163433, -0.000620853039436, 0.000154084365931, -0.000924394233152, -0.00053276080871, -0.00581195298582, 0.013301640749, -0.00658417493105, 0.00342988595366], [-0.000494272098877, 0.00203030370176, -0.00129763828591, 0.00162390759215, -0.000769967096858, 0.000714299269021, -0.000714136986062, -0.00175405747723, -0.000178782327566, 0.00374781154096, -0.00658417493105, 0.0154944546521, -0.00699914060533], [0.000576055317651, -0.00118838855997, 0.00102754414547, -0.00204565515742, -0.000240676308749, 0.00024584523635, 3.96031682612e-05, 0.000270494958386, 0.00101792765781, -0.00438993796706, 0.00342988595366, -0.00699914060533, 0.0132049247622]]
    },
    "melbands": {
        "mean": [0.00268519553356, 0.00155672221445, 0.00133168441243, 0.000874782039318, 0.000571180542465, 0.00064551847754, 0.000540186534636, 0.000450571154943, 0.000300540879834, 0.000226453586947, 0.000126976839965, 8.40493739815e-05, 6.07615402259e-05, 5.63329667784e-05, 4.51691885246e-05, 5.69762160012e-05, 5.79910301894e-05, 4.88082514494e-05, 5.03514529555e-05, 3.05532958009e-05, 2.44410130108e-05, 2.02083865588e-05, 1.48505187099e-05, 8.54480731505e-06, 6.5728172558e-06, 4.45783052783e-06, 2.66818528871e-06, 2.06199820241e-06, 2.20930724026e-06, 2.78929292108e-06, 3.87558930015e-06, 4.64210779683e-06, 3.14984981742e-06, 3.07012282974e-06, 2.89721515401e-06, 2.17073647946e-06, 1.97072040464e-06, 1.71337603661e-06, 9.68852532424e-07, 1.05365029412e-06],
        "stdev": [0.00446349801496, 0.00218556751497, 0.00245503033511, 0.00155227666255, 0.000907846260816, 0.00106720172334, 0.0010896709282, 0.000880040694028, 0.000665445870254, 0.000513106875587, 0.00031250732718, 0.000193257510546, 0.00015439640265, 0.00014367653057, 0.000110754466732, 0.000145687285112, 0.000153082946781, 0.000102984988189, 0.000109951106424, 5.17497392138e-05, 4.17839546571e-05, 2.7267025871e-05, 2.07389857678e-05, 1.25406068037e-05, 1.28372603285e-05, 8.59565352584e-06, 5.07866616317e-06, 4.224985787e-06, 5.3574804042e-06, 8.1609832705e-06, 1.08803606054e-05, 1.03531219793e-05, 9.22015897231e-06, 1.08104613901e-05, 9.54329516389e-06, 5.73122997594e-06, 4.21697222919e-06, 3.9136889427e-06, 2.33159471463e-06, 2.12817417378e-06]
    },
    "melbands128": {
        "mean": [0.000449122249847, 0.00271723791957, 0.00380306714214, 0.00235935882665, 0.00125543749891, 0.000942209328059, 0.00124924792908, 0.00159098720178, 0.00125267228577, 0.00088620086899, 0.000744513934478, 0.000362949911505, 0.000649531430099, 0.000731033214834, 0.000640963728074, 0.000660796300508, 0.00044668247574, 0.000539536122233, 0.000697153387591, 0.00038796235458, 0.000438240385847, 0.000364866282325, 0.000268505129497, 0.000277957733488, 0.000213168328628, 0.000241946603637, 0.000165829012985, 0.000106594656245, 0.000109418077045, 7.5797252066e-05, 9.55688083195e-05, 5.91916723351e-05, 4.60497976746e-05, 7.46708901715e-05, 6.35222386336e-05, 4.95249150845e-05, 4.69147780677e-05, 5.07648073835e-05, 3.58955003321e-05, 4.83202566102e-05, 6.8247623858e-05, 6.02710679232e-05, 5.28694072273e-05, 6.22055522399e-05, 5.48782554688e-05, 4.20566066168e-05, 4.16185212089e-05, 7.81790149631e-05, 3.41303129971e-05, 3.11069197778e-05, 3.26162844431e-05, 2.85326386802e-05, 2.59842327068e-05, 2.39287546719e-05, 1.77305773832e-05, 2.15960117202e-05, 2.05028300115e-05, 1.52352104124e-05, 1.42258977576e-05, 1.18003117677e-05, 7.27563610781e-06, 6.76558238411e-06, 7.2701609497e-06, 6.78022024658e-06, 5.22894652022e-06, 4.98763074575e-06, 3.38506220032e-06, 2.91036053568e-06, 2.75601519206e-06, 1.85745000181e-06, 2.22479616241e-06, 2.03470494853e-06, 1.83239353646e-06, 2.11740598388e-06, 2.64420236817e-06, 3.13947180075e-06, 2.54740098171e-06, 2.96935809274e-06, 3.92884385292e-06, 4.57335727333e-06, 5.91786420046e-06, 3.93418804379e-06, 3.66567496712e-06, 3.10676409754e-06, 2.61169839177e-06, 2.99187604469e-06, 3.12599081553e-06, 3.46576484844e-06, 2.85964711111e-06, 2.56007501775e-06, 2.46949161919e-06, 1.96609039449e-06, 1.84082466603e-06, 1.6781289105e-06, 2.12294867197e-06, 2.81254892798e-06, 1.15708814974e-06, 1.07321761789e-06, 1.02880756003e-06, 8.49905688938e-07, 9.17891725294e-07, 1.2568020793e-06, 9.674940884e-07, 9.24833329918e-07, 7.98175051386e-07, 7.2124947792e-07, 6.66854930387e-07, 6.27454824098e-07, 9.87382350104e-07, 6.25946597665e-07, 4.34308731201e-07, 3.94848939322e-07, 2.56445531477e-07, 2.59096424315e-07, 1.88972052229e-07, 1.64050433682e-07, 1.1810934808e-07, 1.5522708452e-08, 5.85832424238e-12, 4.90620391536e-12, 4.76392753371e-12, 4.649029859e-12, 4.54105373096e-12, 4.45570793803e-12, 4.38552969981e-12, 4.33355174662e-12, 4.29620878803e-12, 4.26802993989e-12],
        "stdev": [0.000951445661485, 0.0049634561874, 0.00671832449734, 0.00392277119681, 0.00196038861759, 0.00173831183929, 0.00248637585901, 0.003457528539, 0.00277613662183, 0.0018418575637, 0.00176126032602, 0.000673185568303, 0.00134551513474, 0.00165387557354, 0.00117818487342, 0.00177134771366, 0.00127033505123, 0.00143504503649, 0.00207905075513, 0.000981384189799, 0.00123411288951, 0.00120083044749, 0.000782062939834, 0.000970422697719, 0.000717181421351, 0.000688393425662, 0.000532947422471, 0.000345603591995, 0.000444510078523, 0.000238976455876, 0.000290272582788, 0.000193594489247, 0.000170019964571, 0.000296975136735, 0.000210409983993, 0.000178179572686, 0.000211547099752, 0.000144782257848, 0.000135472873808, 0.000182078831131, 0.000215560998186, 0.000208952231333, 0.000197426139493, 0.000225402720389, 0.000149257641169, 0.000128467101604, 0.000112963527499, 0.00020939001115, 8.87736168806e-05, 8.21697030915e-05, 6.02274558332e-05, 6.10617862549e-05, 6.11677241977e-05, 5.10277714056e-05, 3.07756563416e-05, 3.71722926502e-05, 3.4587304981e-05, 2.72612833214e-05, 2.65536691586e-05, 2.31806188822e-05, 1.2553515262e-05, 1.22293740787e-05, 1.78203681571e-05, 1.66606751009e-05, 1.19641781566e-05, 1.19042460938e-05, 8.36024901218e-06, 6.55244593872e-06, 6.16096758677e-06, 4.48226001026e-06, 4.92192020829e-06, 4.72608553537e-06, 4.4913253987e-06, 5.42965790373e-06, 8.11946665635e-06, 1.03000475065e-05, 8.75230216479e-06, 9.50688718149e-06, 1.25465339806e-05, 1.27285238705e-05, 1.33114290293e-05, 1.07390669655e-05, 1.13805872388e-05, 9.48794786382e-06, 8.37121297081e-06, 1.22374531202e-05, 1.19189089673e-05, 1.15362290671e-05, 1.07650121208e-05, 8.79932940734e-06, 7.14167845217e-06, 5.38475296707e-06, 4.47242791779e-06, 3.88945045415e-06, 5.54357347937e-06, 7.75642820372e-06, 3.20134267895e-06, 2.63953825197e-06, 2.77881781585e-06, 2.2023746169e-06, 2.0853233309e-06, 2.77643880509e-06, 2.14260876419e-06, 1.90341654616e-06, 1.67174744092e-06, 1.51579342855e-06, 1.39082624173e-06, 1.35472100737e-06, 2.38872621594e-06, 1.4568787492e-06, 9.56030930865e-07, 8.74504166859e-07, 5.52366714146e-07, 5.69759208702e-07, 4.53305716519e-07, 4.2442962922e-07, 2.98827700362e-07, 5.61369830621e-08, 9.99149374348e-12, 8.07521324114e-12, 7.86036600392e-12, 7.67573071075e-12, 7.51558190681e-12, 7.38152768076e-12, 7.26850697685e-12, 7.1805976963e-12, 7.1169272732e-12, 7.07646961862e-12]
    },
    "mfcc": {
        "mean": [-665.883361816, 124.540100098, 13.3856420517, 13.9708089828, 11.6599082947, 2.30162286758, -18.1876449585, 3.49808907509, -4.32972955704, -2.9218723774, 1.10825622082, -0.590295612812, -2.59519338608],
        "cov": [[9389.82714844, -69.0808563232, -673.40802002, -180.489135742, 32.2331733704, 256.132507324, 210.412216187, 395.34664917, 403.855438232, 270.654968262, 195.826950073, -96.8848419189, -287.273803711], [-69.0808563232, 1881.27612305, -377.521484375, -5.26936817169, 188.087249756, -13.4905996323, 113.159568787, 247.327682495, 31.9351825714, 36.1135101318, 114.087341309, 49.1874237061, -39.1426544189], [-673.40802002, -377.521484375, 998.214172363, 311.525909424, 107.442329407, 163.640182495, 149.64894104, 27.4304027557, 43.6122627258, 11.9135017395, -12.0403404236, 62.12682724, 118.162895203], [-180.489135742, -5.26936817169, 311.525909424, 573.009521484, 222.993652344, 124.565956116, 63.7171440125, 42.3703117371, 59.751083374, 60.259677887, -21.5471820831, 31.5743083954, 111.148773193], [32.2331733704, 188.087249756, 107.442329407, 222.993652344, 346.437438965, 121.423408508, 37.5645942688, 64.5007095337, 54.3421821594, 85.6371078491, 20.6155929565, 10.0339612961, 41.5635643005], [256.132507324, -13.4905996323, 163.640182495, 124.565956116, 121.423408508, 264.781951904, 159.233932495, 93.6176300049, 87.7981948853, 71.3954772949, 30.4253082275, 28.1849651337, -9.39453411102], [210.412216187, 113.159568787, 149.64894104, 63.7171440125, 37.5645942688, 159.233932495, 324.612823486, 131.843154907, 95.013053894, 35.9408912659, 34.4677429199, 44.4240379333, 12.6303300858], [395.34664917, 247.327682495, 27.4304027557, 42.3703117371, 64.5007095337, 93.6176300049, 131.843154907, 279.387664795, 77.6134033203, 30.4028816223, 72.5078659058, 24.9935436249, -15.083612442], [403.855438232, 31.9351825714, 43.6122627258, 59.751083374, 54.3421821594, 87.7981948853, 95.013053894, 77.6134033203, 188.294418335, 67.9073104858, 20.7235050201, 27.8455257416, 23.6482543945], [270.654968262, 36.1135101318, 11.9135017395, 60.259677887, 85.6371078491, 71.3954772949, 35.9408912659, 30.4028816223, 67.9073104858, 171.322906494, 79.0755233765, 30.6114749908, 16.5733089447], [195.826950073, 114.087341309, -12.0403404236, -21.5471820831, 20.6155929565, 30.4253082275, 34.4677429199, 72.5078659058, 20.7235050201, 79.0755233765, 176.104217529, 74.2414703369, 7.55179977417], [-96.8848419189, 49.1874237061, 62.12682724, 31.5743083954, 10.0339612961, 28.1849651337, 44.4240379333, 24.9935436249, 27.8455257416, 30.6114749908, 74.2414703369, 142.20211792, 68.3709640503], [-287.273803711, -39.1426544189, 118.162895203, 111.148773193, 41.5635643005, -9.39453411102, 12.6303300858, -15.083612442, 23.6482543945, 16.5733089447, 7.55179977417, 68.3709640503, 185.46534729]],
        "icov": [[0.000144593665027, 6.11993891653e-05, 0.000119828640891, -5.87075874137e-06, 8.37965308165e-06, -3.39599610015e-05, -2.09152331081e-05, -0.0001434343867, -0.000254609854892, -9.18769510463e-05, -0.000110102053441, 0.000118336181913, 0.000151750879013], [6.11993891653e-05, 0.000803415314294, 0.000393873924622, -3.04486893583e-05, -0.000611928524449, 0.000512280035764, -0.000403398735216, -0.000600379134994, 3.1714738725e-05, 0.000104248429125, -0.000198249428649, -0.000284783425741, 0.000273085490335], [0.000119828640891, 0.000393873924622, 0.00163816963322, -0.000589954725001, -0.000134497575345, -0.000472802057629, -0.000539641536307, -0.00015971949324, 4.38716051576e-05, 0.000345404492691, -0.000153038912686, -0.000169853679836, -0.000359071273124], [-5.87075874137e-06, -3.04486893583e-05, -0.000589954725001, 0.00299744214863, -0.00134587672073, -0.000486483884742, 0.00018019003619, -0.000231550686294, 3.32805175276e-05, -0.000432410510257, 0.000917619559914, -5.38864005648e-05, -0.00117323768791], [8.37965308165e-06, -0.000611928524449, -0.000134497575345, -0.00134587672073, 0.0051984898746, -0.00199763500132, 0.00107841845602, -0.00032010889845, 6.09924536548e-05, -0.00154013745487, 0.000197867571842, 0.00092939066235, -0.000810386729427], [-3.39599610015e-05, 0.000512280035764, -0.000472802057629, -0.000486483884742, -0.00199763500132, 0.00802966021001, -0.00284880422987, -0.000647973269224, -0.000893916760106, -0.0013178344816, 0.000378439115593, -0.00117380253505, 0.0022930635605], [-2.09152331081e-05, -0.000403398735216, -0.000539641536307, 0.00018019003619, 0.00107841845602, -0.00284880422987, 0.00559455342591, -0.00132251507603, -0.00105453818105, 0.000190348408069, 0.000354704912752, -0.000499904330354, -0.000468943064334], [-0.0001434343867, -0.000600379134994, -0.00015971949324, -0.000231550686294, -0.00032010889845, -0.000647973269224, -0.00132251507603, 0.00608738511801, -0.0013904585503, 0.00159711833112, -0.00248503242619, 0.00077547604451, 0.000365588231944], [-0.000254609854892, 3.1714738725e-05, 4.38716051576e-05, 3.32805175276e-05, 6.09924536548e-05, -0.000893916760106, -0.00105453818105, -0.0013904585503, 0.00839325785637, -0.00273163826205, 0.00190098606981, -0.000996966147795, -0.001071776147], [-9.18769510463e-05, 0.000104248429125, 0.000345404492691, -0.000432410510257, -0.00154013745487, -0.0013178344816, 0.000190348408069, 0.00159711833112, -0.00273163826205, 0.0103401737288, -0.00500895315781, 0.00100632582325, -0.000428626372013], [-0.000110102053441, -0.000198249428649, -0.000153038912686, 0.000917619559914, 0.000197867571842, 0.000378439115593, 0.000354704912752, -0.00248503242619, 0.00190098606981, -0.00500895315781, 0.0111793586984, -0.00544045167044, 0.00083937094314], [0.000118336181913, -0.000284783425741, -0.000169853679836, -5.38864005648e-05, 0.00092939066235, -0.00117380253505, -0.000499904330354, 0.00077547604451, -0.000996966147795, 0.00100632582325, -0.00544045167044, 0.0123175401241, -0.00418901024386], [0.000151750879013, 0.000273085490335, -0.000359071273124, -0.00117323768791, -0.000810386729427, 0.0022930635605, -0.000468943064334, 0.000365588231944, -0.001071776147, -0.000428626372013, 0.00083937094314, -0.00418901024386, 0.00866089295596]]
    },
    "spectral_contrast_coeffs": {
        "mean": [-0.671951770782, -0.697580516338, -0.759178161621, -0.769262552261, -0.764234542847, -0.782052636147],
        "stdev": [0.0994514599442, 0.0950780808926, 0.0762970894575, 0.0605666264892, 0.0619112104177, 0.0469049476087]
    },
    "spectral_contrast_valleys": {
        "mean": [-7.00586652756, -6.96772146225, -7.88111448288, -7.96537733078, -8.35559368134, -10.3368148804],
        "stdev": [1.5358042717, 1.34077739716, 1.3484159708, 1.34205639362, 1.34821212292, 1.43109130859]
    }
},
"rhythm": {
    "beats_count": 519,
    "beats_loudness": {
        "mean": 0.0420794002712,
        "stdev": 0.030047211796
    },
    "bpm": 133.93951416,
    "bpm_histogram_first_peak_bpm": 133,
    "bpm_histogram_first_peak_weight": 0.48228341341,
    "bpm_histogram_second_peak_bpm": 126,
    "bpm_histogram_second_peak_spread": 0.25,
    "bpm_histogram_second_peak_weight": 0.0115830115974,
    "danceability": 1.21489262581,
    "onset_rate": 5.21185827255,
    "beats_loudness_band_ratio": {
        "mean": [0.404172986746, 0.197679966688, 0.215150922537, 0.0910067632794, 0.0797087848186, 0.0483748354018],
        "stdev": [0.286714881659, 0.163349762559, 0.190542891622, 0.112168066204, 0.0824228972197, 0.0839423984289]
    },
    "beats_position": [0.452789098024, 0.905578196049, 1.35836732388, 1.8111563921, 2.2523355484, 2.70512461662, 3.15791368484, 3.59909296036, 4.05188179016, 4.51628112793, 4.99229001999, 5.45668935776, 5.93269824982, 6.40870714188, 6.8963265419, 7.38394546509, 7.84834432602, 8.28952407837, 8.73070240021, 9.19510173798, 9.63628101349, 10.0890703201, 10.5418596268, 10.9830379486, 11.4242172241, 11.8770065308, 12.3297958374, 12.7709751129, 13.2121543884, 13.6649427414, 14.117732048, 14.5589113235, 15.0117006302, 15.4644899368, 15.9056682587, 16.3584575653, 16.7996368408, 17.2524261475, 17.693605423, 18.1347846985, 18.5875740051, 19.0403633118, 19.4931507111, 19.9459400177, 20.3871192932, 20.8282985687, 21.2810878754, 21.733877182, 22.1866664886, 22.6278457642, 23.0806350708, 23.5218143463, 23.974603653, 24.4273910522, 24.8685703278, 25.3213596344, 25.774148941, 26.2153282166, 26.6565074921, 27.0976867676, 27.5388660431, 27.9916553497, 28.4444446564, 28.897233963, 29.3500213623, 29.7912006378, 30.2323799133, 30.68516922, 31.1379585266, 31.5791378021, 32.0203170776, 32.4731063843, 32.9258956909, 33.3670730591, 33.8198623657, 34.2726516724, 34.7138328552, 35.1550102234, 35.60779953, 36.0605888367, 36.5017662048, 36.9545555115, 37.4073448181, 37.848526001, 38.2897033691, 38.730884552, 39.1836738586, 39.6364631653, 40.0776405334, 40.5304298401, 40.9832191467, 41.4360084534, 41.88879776, 42.3299751282, 42.771156311, 43.2123336792, 43.6535148621, 44.0946922302, 44.5358734131, 45.0002708435, 45.4530601501, 45.9058494568, 46.3586387634, 46.8114280701, 47.2526054382, 47.6937866211, 48.1349639893, 48.5877532959, 49.0405426025, 49.4817237854, 49.934513092, 50.3873023987, 50.8284797668, 51.2812690735, 51.7340583801, 52.1752357483, 52.6164169312, 53.0575942993, 53.510383606, 53.9631729126, 54.4043540955, 54.8455314636, 55.2867126465, 55.7395019531, 56.1922874451, 56.6450767517, 57.0978660583, 57.550655365, 58.0034446716, 58.4446258545, 58.8858032227, 59.3385925293, 59.7913818359, 60.2325630188, 60.673740387, 61.1265296936, 61.5793190002, 62.0204963684, 62.4616775513, 62.9144668579, 63.3672561646, 63.8084335327, 64.2496109009, 64.714012146, 65.1551895142, 65.5963668823, 66.049156189, 66.5019454956, 66.9431304932, 67.3959197998, 67.8487091064, 68.2898864746, 68.7310638428, 69.1722412109, 69.6250305176, 70.0778198242, 70.5189971924, 70.971786499, 71.4245758057, 71.8657608032, 72.3185501099, 72.7713394165, 73.2125167847, 73.6536941528, 74.1064834595, 74.5592727661, 75.0004501343, 75.4532394409, 75.9060287476, 76.3472061157, 76.7883911133, 77.2411804199, 77.6939697266, 78.1351470947, 78.5763244629, 79.0291137695, 79.4819030762, 79.9230804443, 80.3642578125, 80.8170471191, 81.2698364258, 81.7110214233, 82.16381073, 82.6166000366, 83.0577774048, 83.4989547729, 83.9517440796, 84.4045333862, 84.8457107544, 85.298500061, 85.7512893677, 86.1924667358, 86.6336517334, 87.08644104, 87.5392303467, 87.9804077148, 88.421585083, 88.8743743896, 89.3271636963, 89.7683410645, 90.2211303711, 90.6623077393, 91.1034927368, 91.5562820435, 92.0090713501, 92.4502487183, 92.9030380249, 93.3442153931, 93.7970046997, 94.2497940063, 94.702583313, 95.1437606812, 95.5965499878, 96.037727356, 96.4789123535, 96.9317016602, 97.3844909668, 97.825668335, 98.2900695801, 98.7312469482, 99.1724243164, 99.6136016846, 100.066390991, 100.519180298, 100.960357666, 101.401542664, 101.85433197, 102.307121277, 102.748298645, 103.189476013, 103.64226532, 104.095054626, 104.536231995, 104.989021301, 105.441810608, 105.882987976, 106.324172974, 106.765350342, 107.218139648, 107.670928955, 108.112106323, 108.56489563, 109.017684937, 109.458862305, 109.911651611, 110.352828979, 110.805618286, 111.258407593, 111.711196899, 112.152381897, 112.593559265, 113.046348572, 113.499137878, 113.951927185, 114.393104553, 114.84589386, 115.287071228, 115.728248596, 116.181037903, 116.633827209, 117.075012207, 117.516189575, 117.968978882, 118.421768188, 118.862945557, 119.304122925, 119.756912231, 120.209701538, 120.650878906, 121.103668213, 121.55645752, 121.997642517, 122.450431824, 122.90322113, 123.344398499, 123.797187805, 124.249977112, 124.69115448, 125.132331848, 125.573509216, 126.026298523, 126.47908783, 126.920272827, 127.373062134, 127.82585144, 128.278640747, 128.719818115, 129.172607422, 129.61378479, 130.054962158, 130.496139526, 130.948928833, 131.40171814, 131.842895508, 132.295684814, 132.748474121, 133.189651489, 133.630844116, 134.083618164, 134.536407471, 134.977600098, 135.430389404, 135.883178711, 136.324356079, 136.765533447, 137.218322754, 137.671112061, 138.112289429, 138.553466797, 139.006256104, 139.45904541, 139.900222778, 140.353012085, 140.805801392, 141.24697876, 141.688156128, 142.140945435, 142.593734741, 143.034912109, 143.476104736, 143.928878784, 144.381668091, 144.822860718, 145.264038086, 145.705215454, 146.169616699, 146.622406006, 147.075195312, 147.516372681, 147.957550049, 148.387115479, 148.839904785, 149.281082153, 149.745483398, 150.198272705, 150.651062012, 151.09223938, 151.533416748, 151.974594116, 152.415786743, 152.86857605, 153.321365356, 153.762542725, 154.203720093, 154.656509399, 155.109298706, 155.562088013, 156.003265381, 156.456054688, 156.908843994, 157.350021362, 157.802810669, 158.243988037, 158.696777344, 159.14956665, 159.602355957, 160.055145264, 160.496322632, 160.9375, 161.390289307, 161.831466675, 162.272644043, 162.72543335, 163.178222656, 163.619400024, 164.072189331, 164.513381958, 164.977767944, 165.418960571, 165.871749878, 166.324539185, 166.765716553, 167.206893921, 167.648071289, 168.089248657, 168.553649902, 168.994827271, 169.436004639, 169.877182007, 170.341583252, 170.78276062, 171.235549927, 171.688339233, 172.129516602, 172.582305908, 173.035095215, 173.487884521, 173.92906189, 174.370239258, 174.823028564, 175.275817871, 175.717010498, 176.158187866, 176.599365234, 177.040542603, 177.493331909, 177.946121216, 178.398910522, 178.828475952, 179.281265259, 179.734054565, 180.186843872, 180.651245117, 181.092422485, 181.533599854, 181.974777222, 182.41595459, 182.868743896, 183.309921265, 183.762710571, 184.203903198, 184.656692505, 185.097869873, 185.55065918, 185.991836548, 186.444625854, 186.885803223, 187.338592529, 187.791381836, 188.244171143, 188.685348511, 189.126525879, 189.579315186, 190.032104492, 190.484893799, 190.937683105, 191.378860474, 191.820037842, 192.26121521, 192.714004517, 193.166793823, 193.61958313, 194.060760498, 194.513549805, 194.966339111, 195.419128418, 195.860321045, 196.301498413, 196.742675781, 197.195465088, 197.648254395, 198.089431763, 198.542221069, 198.995010376, 199.436187744, 199.888977051, 200.341766357, 200.782943726, 201.224121094, 201.6769104, 202.129699707, 202.570877075, 203.012054443, 203.46484375, 203.917633057, 204.358810425, 204.800003052, 205.252792358, 205.705581665, 206.146759033, 206.587936401, 207.040725708, 207.493515015, 207.946304321, 208.399093628, 208.840270996, 209.281448364, 209.734237671, 210.187026978, 210.628204346, 211.069381714, 211.522171021, 211.974960327, 212.416137695, 212.857315063, 213.31010437, 213.762893677, 214.204071045, 214.656860352, 215.109649658, 215.550842285, 216.003631592, 216.45640564, 216.897598267, 217.338775635, 217.779953003, 218.23274231, 218.685531616, 219.126708984, 219.567886353, 220.020675659, 220.473464966, 220.914642334, 221.367431641, 221.820220947, 222.261398315, 222.714187622, 223.166976929, 223.608154297, 224.049331665, 224.502120972, 224.954910278, 225.396102905, 225.837280273, 226.29006958, 226.742858887, 227.184036255, 227.636825562, 228.089614868, 228.554016113, 229.030014038, 229.506027222, 229.970428467, 230.423217773, 230.887619019, 231.352020264, 231.81640625, 232.280807495, 232.756820679],
    "bpm_histogram": [0, 0, 0, 0, 0, 0, 0, 0, 0, 0, 0, 0, 0, 0, 0, 0, 0, 0, 0, 0, 0, 0, 0, 0, 0, 0, 0, 0, 0, 0, 0, 0, 0, 0, 0, 0, 0, 0, 0, 0, 0, 0, 0, 0, 0, 0, 0, 0, 0, 0, 0, 0, 0, 0, 0, 0, 0, 0, 0, 0, 0, 0, 0, 0, 0, 0, 0, 0, 0, 0, 0, 0, 0, 0, 0, 0, 0, 0, 0, 0, 0, 0, 0, 0, 0, 0, 0, 0, 0, 0, 0, 0, 0, 0, 0, 0, 0, 0, 0, 0, 0, 0, 0, 0, 0, 0, 0, 0, 0, 0, 0, 0, 0, 0, 0, 0, 0, 0, 0, 0, 0, 0, 0, 0.00386100378819, 0, 0, 0.0115830115974, 0, 0, 0.0366795361042, 0, 0, 0, 0.507722020149, 0, 0, 0.436293423176, 0, 0, 0, 0.00386100378819, 0, 0, 0, 0, 0, 0, 0, 0, 0, 0, 0, 0, 0, 0, 0, 0, 0, 0, 0, 0, 0, 0, 0, 0, 0, 0, 0, 0, 0, 0, 0, 0, 0, 0, 0, 0, 0, 0, 0, 0, 0, 0, 0, 0, 0, 0, 0, 0, 0, 0, 0, 0, 0, 0, 0, 0, 0, 0, 0, 0, 0, 0, 0, 0, 0, 0, 0, 0, 0, 0, 0, 0, 0, 0, 0, 0, 0, 0, 0, 0, 0, 0, 0, 0, 0, 0, 0, 0, 0, 0, 0, 0, 0, 0, 0, 0, 0, 0, 0, 0, 0, 0, 0, 0, 0, 0, 0, 0, 0]
},
"tonal": {
    "chords_changes_rate": 0.0949253737926,
    "chords_number_rate": 0.00238805962726,
    "chords_strength": {
        "mean": 0.506066501141,
        "stdev": 0.0938064903021
    },
    "hpcp_crest": {
        "mean": 13.5863103867,
        "stdev": 6.71189165115
    },
    "hpcp_entropy": {
        "mean": 2.0161921978,
        "stdev": 0.750381052494
    },
    "key_edma": {
        "strength": 0.792005002499,
        "key": "D#",
        "scale": "minor"
    },
    "key_krumhansl": {
        "strength": 0.797293007374,
        "key": "D#",
        "scale": "minor"
    },
    "key_temperley": {
        "strength": 0.78943413496,
        "key": "D#",
        "scale": "minor"
    },
    "tuning_diatonic_strength": 0.596602082253,
    "tuning_equal_tempered_deviation": 0.222196236253,
    "tuning_frequency": 434.193115234,
    "tuning_nontempered_energy_ratio": 0.893652796745,
    "hpcp": {
        "mean": [0.0850026085973, 0.0846658870578, 0.127798721194, 0.241736367345, 0.245941102505, 0.130431368947, 0.0880853906274, 0.0808124393225, 0.0686087235808, 0.0753401368856, 0.0798200368881, 0.0854143202305, 0.104762271047, 0.100850328803, 0.0764519572258, 0.0687669590116, 0.0760728493333, 0.124510504305, 0.215526178479, 0.216263487935, 0.133975312114, 0.0792730823159, 0.0598126128316, 0.0853246003389, 0.145713344216, 0.153829112649, 0.143113583326, 0.197909966111, 0.18722371757, 0.108968570828, 0.0745072066784, 0.0608916729689, 0.0700101032853, 0.140205666423, 0.188508987427, 0.13574077189],
        "stdev": [0.183043882251, 0.187006250024, 0.227048486471, 0.326461791992, 0.312604993582, 0.223976328969, 0.194447800517, 0.19386857748, 0.159502267838, 0.168280243874, 0.175018310547, 0.183634147048, 0.209336638451, 0.201558679342, 0.169270262122, 0.159240350127, 0.170362979174, 0.232068702579, 0.318350076675, 0.310020685196, 0.238052934408, 0.18562848866, 0.161586388946, 0.190109685063, 0.257272064686, 0.258663117886, 0.240139231086, 0.306551545858, 0.285763382912, 0.21268863976, 0.172433376312, 0.150176286697, 0.156477481127, 0.241307213902, 0.306719571352, 0.248432397842]
    },
    "chords_histogram": [33.0945281982, 15.3233833313, 6.18905448914, 5.67164182663, 6.28855705261, 11.0447759628, 0.378109455109, 10.606965065, 0.238805964589, 1.25373136997, 0, 2.00995016098, 0, 0, 0, 0, 0.33830845356, 0, 2.14925384521, 0, 0.0398009940982, 0.557213902473, 2.80597019196, 2.00995016098],
    "thpcp": [1, 0.530335783958, 0.358156442642, 0.328584522009, 0.278964042664, 0.30633404851, 0.324549406767, 0.347295820713, 0.425964862108, 0.41005885601, 0.31085473299, 0.279607415199, 0.309313267469, 0.506261467934, 0.876332461834, 0.879330396652, 0.544745504856, 0.322325468063, 0.243198931217, 0.346931040287, 0.592472493649, 0.625471353531, 0.581901848316, 0.804704725742, 0.761254310608, 0.443067759275, 0.302947342396, 0.247586399317, 0.28466206789, 0.570078194141, 0.766480207443, 0.55192387104, 0.345621794462, 0.344252705574, 0.519631385803, 0.98290348053],
    "chords_key": "D#",
    "chords_scale": "minor"
}
}