{
"metadata": {
    "version": {
        "essentia": "2.1-dev",
        "essentia_git_sha": "v2.1_beta3-415-gd5473f3",
        "extractor": "music 2.0"
    },
    "audio_properties": {
        "analysis": {
            "equal_loudness": 0,
            "length": 196.205718994,
            "sample_rate": 44100,
            "start_time": 0,
            "downmix": "mix"
        },
        "bit_rate": 192000,
        "length": 196.205718994,
        "lossless": 0,
        "number_channels": 2,
        "replay_gain": -10.6553459167,
        "sample_rate": 44100,
        "codec": "mp3",
        "md5_encoded": "dc8ea5def0c2d64ed140fbfd8899eee5"
    },
    "tags": {
        "file_name": "alicia_keys-fallin.mp3",
        "album": ["Kuschelrock 16                "],
        "artist": ["alicia keys                   "],
        "date": ["2002"],
        "genre": ["Ballad"],
        "title": ["fallin                        "]
    }
},
"lowlevel": {
    "average_loudness": 0.650774538517,
    "barkbands_crest": {
        "mean": 10.884929657,
        "stdev": 4.71514844894
    },
    "barkbands_flatness_db": {
        "mean": 0.149002030492,
        "stdev": 0.0566631890833
    },
    "barkbands_kurtosis": {
        "mean": 5.38919448853,
        "stdev": 19.3585186005
    },
    "barkbands_skewness": {
        "mean": 1.22400510311,
        "stdev": 1.82383263111
    },
    "barkbands_spread": {
        "mean": 20.8813152313,
        "stdev": 11.8600530624
    },
    "dissonance": {
        "mean": 0.458778262138,
        "stdev": 0.0304364487529
    },
    "dynamic_complexity": 5.45321846008,
    "erbbands_crest": {
        "mean": 10.1023578644,
        "stdev": 4.61716365814
    },
    "erbbands_flatness_db": {
        "mean": 0.185672283173,
        "stdev": 0.0553923435509
    },
    "erbbands_kurtosis": {
        "mean": 0.745546340942,
        "stdev": 2.8850684166
    },
    "erbbands_skewness": {
        "mean": 0.286376297474,
        "stdev": 0.847937703133
    },
    "erbbands_spread": {
        "mean": 30.8520565033,
        "stdev": 16.4504680634
    },
    "hfc": {
        "mean": 15.0730400085,
        "stdev": 18.5870475769
    },
    "loudness_ebu128": {
        "integrated": -13.9863300323,
        "loudness_range": 9.71458530426,
        "momentary": {
            "mean": -18.9478816986,
            "stdev": 22.8323440552
        },
        "short_term": {
            "mean": -16.2341384888,
            "stdev": 5.1487402916
        }
    },
    "melbands_crest": {
        "mean": 15.6949415207,
        "stdev": 7.28441810608
    },
    "melbands_flatness_db": {
        "mean": 0.201926335692,
        "stdev": 0.0717993602157
    },
    "melbands_kurtosis": {
        "mean": 13.9627895355,
        "stdev": 40.1592216492
    },
    "melbands_skewness": {
        "mean": 2.13149881363,
        "stdev": 2.28992962837
    },
    "melbands_spread": {
        "mean": 28.6514205933,
        "stdev": 21.8261814117
    },
    "pitch_salience": {
        "mean": 0.505767047405,
        "stdev": 0.134918794036
    },
    "silence_rate_20dB": {
        "mean": 1,
        "stdev": 0
    },
    "silence_rate_30dB": {
        "mean": 0.999644994736,
        "stdev": 0.018837923184
    },
    "silence_rate_60dB": {
        "mean": 0.239971607924,
        "stdev": 0.427067250013
    },
    "spectral_centroid": {
        "mean": 1717.38793945,
        "stdev": 1105.45239258
    },
    "spectral_complexity": {
        "mean": 13.2592592239,
        "stdev": 9.5928144455
    },
    "spectral_decrease": {
        "mean": -4.4261456722e-09,
        "stdev": 5.74873615378e-09
    },
    "spectral_energy": {
        "mean": 0.0180724766105,
        "stdev": 0.0226688608527
    },
    "spectral_energyband_high": {
        "mean": 0.000356912525604,
        "stdev": 0.000642376951873
    },
    "spectral_energyband_low": {
        "mean": 0.00738350395113,
        "stdev": 0.0182526558638
    },
    "spectral_energyband_middle_high": {
        "mean": 0.00606139702722,
        "stdev": 0.00934815127403
    },
    "spectral_energyband_middle_low": {
        "mean": 0.0046644420363,
        "stdev": 0.00640808325261
    },
    "spectral_entropy": {
        "mean": 7.37803602219,
        "stdev": 0.498346209526
    },
    "spectral_flux": {
        "mean": 0.0729123651981,
        "stdev": 0.0661355555058
    },
    "spectral_kurtosis": {
        "mean": 5.61710262299,
        "stdev": 3.7429702282
    },
    "spectral_rms": {
        "mean": 0.00352600566112,
        "stdev": 0.00228012399748
    },
    "spectral_rolloff": {
        "mean": 1824.28820801,
        "stdev": 2068.45288086
    },
    "spectral_skewness": {
        "mean": 1.59667420387,
        "stdev": 0.519431889057
    },
    "spectral_spread": {
        "mean": 4186729.5,
        "stdev": 3456517.5
    },
    "spectral_strongpeak": {
        "mean": 1.06847906113,
        "stdev": 1.6400384903
    },
    "zerocrossingrate": {
        "mean": 0.0653134956956,
        "stdev": 0.0526242405176
    },
    "barkbands": {
        "mean": [0.000445103418315, 0.00459498446435, 0.00212861341424, 0.000511095160618, 0.000638223253191, 0.00108083686791, 0.000524314062204, 0.000382164638722, 0.00114849535748, 0.000807431002613, 0.00068914424628, 0.00118041445967, 0.000793756975327, 0.00062838930171, 0.000618984049652, 0.000280362466583, 0.000229140205192, 0.000248491531238, 0.000540984852705, 0.000381531077437, 7.36512083677e-05, 4.79952614114e-05, 4.18666495534e-05, 2.59430835285e-05, 1.8788727175e-05, 9.62602643995e-06, 2.13039311348e-06],
        "stdev": [0.000942762708291, 0.00895204767585, 0.010073040612, 0.00188788759988, 0.0016395613784, 0.00185779971071, 0.00091602653265, 0.000977549352683, 0.00318688736297, 0.00236992235295, 0.00207395711914, 0.00345873902552, 0.0023221061565, 0.00198910851032, 0.00186779431533, 0.000958998862188, 0.000733721069992, 0.00063827552367, 0.00114709581248, 0.000870139861945, 0.000168618877069, 9.29507659748e-05, 7.02554461895e-05, 7.47278172639e-05, 5.12465230713e-05, 2.87958228e-05, 8.74635861692e-06]
    },
    "erbbands": {
        "mean": [0.178079128265, 0.860414206982, 2.36548233032, 1.99010884762, 1.87822127342, 2.19100999832, 4.66408109665, 9.65453338623, 7.64813375473, 8.07379245758, 12.8563270569, 25.2656269073, 28.960603714, 26.6984844208, 29.5118179321, 51.7208786011, 39.8889427185, 34.2351493835, 33.0388717651, 23.7687511444, 16.3408679962, 11.8605442047, 11.2338638306, 24.4871921539, 26.5334720612, 18.7556781769, 4.74495792389, 2.42795228958, 1.89764857292, 1.54183185101, 1.09048676491, 0.649750173092, 0.380325764418, 0.244525775313, 0.11174993962, 0.0423208139837, 0.0182460639626, 0.00444227224216, 0.000338403828209, 3.11013718601e-05],
        "stdev": [0.317456901073, 2.16156554222, 10.763915062, 7.17492771149, 7.54792356491, 5.05886459351, 8.19869232178, 18.8397083282, 14.0907945633, 14.0195703506, 30.2928447723, 70.703453064, 81.2258224487, 89.1621932983, 75.53125, 143.501525879, 111.128837585, 100.670532227, 99.225692749, 67.2770767212, 50.1748657227, 35.6437339783, 24.5217876434, 57.0026283264, 55.0475349426, 44.1335945129, 9.75543022156, 5.4089050293, 3.85886645317, 2.72780442238, 1.84154355526, 1.8278875351, 1.06149888039, 0.694045424461, 0.292544066906, 0.108261995018, 0.0659958943725, 0.0133460070938, 0.00184083590284, 6.61466692691e-05]
    },
    "gfcc": {
        "mean": [-72.1425018311, 79.6407012939, -136.678161621, 16.3701324463, -56.7819671631, 6.15766000748, -30.2255001068, 12.9336538315, -23.5098247528, 10.4331331253, -2.67553639412, 4.28618001938, -6.78764438629],
        "cov": [[20763.3066406, 1204.52441406, -1262.74865723, 895.515563965, -68.1516647339, 871.001342773, 427.36529541, 329.236968994, -209.884689331, 119.191566467, 130.447875977, 32.0890693665, -199.551605225], [1204.52441406, 1360.26330566, 448.668884277, 139.011962891, 227.28503418, 260.821563721, 235.851272583, -87.3681945801, 117.990722656, -11.1884613037, 47.6611328125, 14.0731220245, -1.50036525726], [-1262.74865723, 448.668884277, 1402.32006836, 389.981964111, 268.029510498, 225.515594482, 192.314697266, -113.114303589, 138.739105225, -46.9123687744, -111.295921326, 69.3171386719, -45.8222198486], [895.515563965, 139.011962891, 389.981964111, 642.462158203, 217.419311523, 141.280303955, 143.199462891, 5.92468166351, 163.55406189, 21.1850471497, -36.6951599121, 48.392539978, -6.4209690094], [-68.1516647339, 227.28503418, 268.029510498, 217.419311523, 451.275878906, 200.85723877, 202.319580078, 63.8077583313, 102.781944275, 66.3843994141, 45.0118484497, -3.06183552742, -16.637594223], [871.001342773, 260.821563721, 225.515594482, 141.280303955, 200.85723877, 450.831481934, 247.602355957, 37.733631134, 61.1950302124, 81.4714508057, 65.3174972534, -23.17877388, -28.0165271759], [427.36529541, 235.851272583, 192.314697266, 143.199462891, 202.319580078, 247.602355957, 405.857543945, 33.7145118713, 72.4789962769, 44.3765869141, 54.1000709534, 9.80396080017, -72.3443984985], [329.236968994, -87.3681945801, -113.114303589, 5.92468166351, 63.8077583313, 37.733631134, 33.7145118713, 271.503173828, 14.0942840576, 62.0764045715, 105.753959656, -14.8284387589, 59.4884986877], [-209.884689331, 117.990722656, 138.739105225, 163.55406189, 102.781944275, 61.1950302124, 72.4789962769, 14.0942840576, 242.371704102, 57.3989753723, -4.44144868851, 54.374546051, 10.0510578156], [119.191566467, -11.1884613037, -46.9123687744, 21.1850471497, 66.3843994141, 81.4714508057, 44.3765869141, 62.0764045715, 57.3989753723, 146.146270752, 82.8357925415, 3.95673131943, 24.6270217896], [130.447875977, 47.6611328125, -111.295921326, -36.6951599121, 45.0118484497, 65.3174972534, 54.1000709534, 105.753959656, -4.44144868851, 82.8357925415, 197.117599487, 15.8293161392, 44.0851097107], [32.0890693665, 14.0731220245, 69.3171386719, 48.392539978, -3.06183552742, -23.17877388, 9.80396080017, -14.8284387589, 54.374546051, 3.95673131943, 15.8293161392, 125.963310242, 24.3038196564], [-199.551605225, -1.50036525726, -45.8222198486, -6.4209690094, -16.637594223, -28.0165271759, -72.3443984985, 59.4884986877, 10.0510578156, 24.6270217896, 44.0851097107, 24.3038196564, 139.849197388]],
        "icov": [[0.000104474063846, -0.000175922512426, 0.000217976907152, -0.00029233659734, 0.000164324927027, -0.000265521084657, 8.06066309451e-05, -0.00025937447208, 0.000331870978698, -0.00013043875515, 0.000229227589443, -0.000323404703522, 0.000306633563014], [-0.000175922512426, 0.0013478732435, -0.000564949121326, 0.000629977846984, -0.000510782585479, 0.000133460998768, -0.000448733626399, 0.00107918761205, -0.0010693349177, 0.000988769927062, -0.00107564462814, 0.000902215251699, -0.00103294872679], [0.000217976907152, -0.000564949121326, 0.00156509585213, -0.000971157860477, -2.56965904555e-05, -0.000914927921258, 0.000165254241438, -0.000345167441992, 0.000694139569532, 7.95631131041e-05, 0.0010863536736, -0.00126373406965, 0.000632422510535], [-0.00029233659734, 0.000629977846984, -0.000971157860477, 0.00318910321221, -0.00110497511923, 0.000500524183735, -0.000447496742709, 0.000614374468569, -0.00193868542556, 0.000620659848209, -0.000129023886984, 0.000537107989658, -0.00112880661618], [0.000164324927027, -0.000510782585479, -2.56965904555e-05, -0.00110497511923, 0.00399505672976, -0.000760012946557, -0.000733685330488, -0.00106910488103, 9.7263349744e-05, -0.000980470678769, 0.000162982905749, 0.000185239783605, 0.000650203321129], [-0.000265521084657, 0.000133460998768, -0.000914927921258, 0.000500524183735, -0.000760012946557, 0.00484773982316, -0.00201514316723, 0.000758632784709, -0.000586314941756, -0.00131893332582, -0.000988179235719, 0.0020786896348, -0.000913976691663], [8.06066309451e-05, -0.000448733626399, 0.000165254241438, -0.000447496742709, -0.000733685330488, -0.00201514316723, 0.00502845738083, -0.000841912580654, -5.94355005887e-05, 0.000257976993453, -0.000711386092007, -0.0012425952591, 0.00301122339442], [-0.00025937447208, 0.00107918761205, -0.000345167441992, 0.000614374468569, -0.00106910488103, 0.000758632784709, -0.000841912580654, 0.00641366746277, -0.00140532897785, 0.00045555862016, -0.0031337402761, 0.00239665480331, -0.00299023278058], [0.000331870978698, -0.0010693349177, 0.000694139569532, -0.00193868542556, 9.7263349744e-05, -0.000586314941756, -5.94355005887e-05, -0.00140532897785, 0.0077372812666, -0.00363126210868, 0.00280417385511, -0.00361856655218, 0.000889919814654], [-0.00013043875515, 0.000988769927062, 7.95631131041e-05, 0.000620659848209, -0.000980470678769, -0.00131893332582, 0.000257976993453, 0.00045555862016, -0.00363126210868, 0.0120997224003, -0.00465605547652, 0.00141351297498, -0.00120980176143], [0.000229227589443, -0.00107564462814, 0.0010863536736, -0.000129023886984, 0.000162982905749, -0.000988179235719, -0.000711386092007, -0.0031337402761, 0.00280417385511, -0.00465605547652, 0.0103581054136, -0.00322124082595, -0.000635022006463], [-0.000323404703522, 0.000902215251699, -0.00126373406965, 0.000537107989658, 0.000185239783605, 0.0020786896348, -0.0012425952591, 0.00239665480331, -0.00361856655218, 0.00141351297498, -0.00322124082595, 0.0116901043802, -0.00306998426095], [0.000306633563014, -0.00103294872679, 0.000632422510535, -0.00112880661618, 0.000650203321129, -0.000913976691663, 0.00301122339442, -0.00299023278058, 0.000889919814654, -0.00120980176143, -0.000635022006463, -0.00306998426095, 0.0113391280174]]
    },
    "melbands": {
        "mean": [0.00140327890404, 0.00120574573521, 0.00036879783147, 0.000136631599162, 0.000148501145304, 0.000214055675315, 0.000119842559798, 8.02410868346e-05, 0.000122381155961, 0.00016114814207, 0.000139862502692, 0.000102465543023, 9.85051156022e-05, 0.000135846683406, 0.000104392893263, 7.40129544283e-05, 6.30532958894e-05, 5.1181857998e-05, 4.34289067925e-05, 2.02753672056e-05, 2.0270150344e-05, 1.33380399348e-05, 8.46703824209e-06, 1.24930647871e-05, 2.05619144253e-05, 2.06450349651e-05, 1.76294015546e-05, 1.09522525236e-05, 3.06284141516e-06, 1.68598069195e-06, 1.2491985899e-06, 1.06310938008e-06, 9.12466020964e-07, 8.3269156903e-07, 6.58895885408e-07, 4.99608574955e-07, 3.51309523694e-07, 2.59906443034e-07, 2.52449410709e-07, 1.94742824533e-07],
        "stdev": [0.00248072901741, 0.00468312902376, 0.00128350639716, 0.000410349224694, 0.000253949459875, 0.000396169052692, 0.000207963021239, 0.000138248738949, 0.000291648058919, 0.000463775475509, 0.000400086486479, 0.000363455328625, 0.000274524674751, 0.000434804300312, 0.000269760086667, 0.000208023935556, 0.00021077049314, 0.000165175413713, 0.000133009511046, 7.48343882151e-05, 6.9762019848e-05, 4.65348275611e-05, 2.23084025492e-05, 3.19880309689e-05, 5.24252318428e-05, 4.99885718455e-05, 4.04638049076e-05, 2.88776409434e-05, 7.66498487792e-06, 3.76166667593e-06, 2.90720413432e-06, 2.30332966566e-06, 1.67478879121e-06, 1.5113499785e-06, 1.08709718916e-06, 1.16278533824e-06, 1.13150429115e-06, 7.56779343192e-07, 7.54838140438e-07, 5.46127580492e-07]
    },
    "melbands128": {
        "mean": [0.000416804745328, 0.00158813747112, 0.00169736880343, 0.00129561626818, 0.00129184604157, 0.000945233274251, 0.000383190694265, 0.000262747635134, 0.000189149475773, 0.00010594484047, 0.00013071068679, 0.000113969057566, 0.000158197057317, 0.000189523358131, 0.000212413593545, 0.00026325575891, 0.000144748133607, 8.34434249555e-05, 0.000101832622022, 0.000108314954559, 3.82720572816e-05, 7.6451608038e-05, 0.000123218458612, 0.000169275968801, 0.000189572543604, 0.000119198186439, 0.000193600251805, 0.000166418074514, 6.50044385111e-05, 9.7389005532e-05, 0.000108005711809, 0.000125857666717, 0.000116455441457, 5.08408993483e-05, 9.77345334832e-05, 0.000191128623555, 0.000152750595589, 7.08947773091e-05, 0.000104312217445, 9.74644644884e-05, 5.53910358576e-05, 5.90659583395e-05, 7.22406839486e-05, 5.98717888352e-05, 4.44364595751e-05, 4.79276386613e-05, 6.41127408016e-05, 4.61625495518e-05, 3.43325336871e-05, 3.30113070959e-05, 1.52453703777e-05, 1.04357613964e-05, 2.04762636713e-05, 2.43969043368e-05, 2.08732217288e-05, 1.08916083263e-05, 8.20277455205e-06, 9.62751528277e-06, 8.14937811811e-06, 7.07121125743e-06, 1.14818494694e-05, 1.6905443772e-05, 1.99157821044e-05, 2.17962697207e-05, 2.15079489863e-05, 2.11278093047e-05, 2.01622842724e-05, 1.747809074e-05, 1.73233147507e-05, 1.76674275281e-05, 1.29374602693e-05, 6.67778931529e-06, 3.77286528419e-06, 2.63291099145e-06, 1.81603491001e-06, 1.8303219349e-06, 1.53794348989e-06, 1.39947871958e-06, 1.38734185384e-06, 8.32487103253e-07, 1.01741022718e-06, 1.1982228898e-06, 1.09695758965e-06, 7.75376236106e-07, 8.50546825859e-07, 9.82177539299e-07, 7.83080224664e-07, 6.43350631435e-07, 7.63314574215e-07, 5.41917302144e-07, 5.29952274064e-07, 4.92206936542e-07, 4.46793762876e-07, 3.24016809827e-07, 3.24563615095e-07, 2.87661549692e-07, 2.2431136415e-07, 2.4836697321e-07, 2.99687627603e-07, 2.19014737013e-07, 1.87351574255e-07, 2.08617308317e-07, 1.76183007738e-07, 1.78056026812e-07, 1.06367963326e-07, 1.01584859635e-07, 9.08842352487e-08, 7.8068062237e-08, 7.42830366107e-08, 5.97589888685e-08, 5.14210185543e-08, 6.31189109868e-08, 6.1696624698e-08, 5.87219624038e-08, 4.56534294813e-08, 3.78917981436e-08, 4.67893990219e-08, 1.33127455726e-08, 8.6724645243e-09, 6.15668316328e-09, 1.10762155003e-08, 6.74980649151e-09, 7.76383124457e-10, 5.88589510464e-10, 3.08808006944e-10, 2.60082400061e-10, 3.92179969055e-11, 2.29861615852e-12],
        "stdev": [0.000884465873241, 0.00296505563892, 0.00314475200139, 0.00384467490949, 0.00584814324975, 0.00443241698667, 0.00143493770156, 0.00111172581092, 0.000881959451362, 0.000307408743538, 0.000323134969221, 0.000275255151791, 0.000340805592714, 0.000370377616491, 0.00047316699056, 0.000600841478445, 0.00035896920599, 0.000205197793548, 0.000218092318391, 0.000228145087021, 0.000105611863546, 0.000258917978499, 0.000357377255568, 0.000583539775107, 0.00061190413544, 0.000633726012893, 0.000704295525793, 0.000598396931309, 0.000214119776501, 0.000463406235212, 0.000529470678885, 0.000463086122181, 0.000401888246415, 0.000227090000408, 0.000491835759021, 0.000730579486117, 0.000520998553839, 0.000282445107587, 0.000437766546384, 0.000368946639355, 0.000259394029854, 0.000184100092156, 0.000354420510121, 0.000236071296968, 0.000220998670557, 0.000212942206417, 0.000284618668957, 0.000207159187994, 0.000149163883179, 0.000145026715472, 9.91602864815e-05, 7.37261943868e-05, 9.72741036094e-05, 0.000116989678645, 9.1051995696e-05, 6.42308441456e-05, 3.47767418134e-05, 3.28522000927e-05, 2.57739811786e-05, 2.62729517999e-05, 3.4191281884e-05, 7.39724418963e-05, 7.74186628405e-05, 8.04350347607e-05, 7.49647588236e-05, 8.20836721687e-05, 6.144096551e-05, 5.52753663214e-05, 6.00068560743e-05, 5.55250153411e-05, 4.86043245473e-05, 2.62458324869e-05, 1.28691799546e-05, 8.53303208714e-06, 4.60765841126e-06, 4.04514594265e-06, 3.86947158404e-06, 3.99117016059e-06, 3.45558987647e-06, 1.98554903363e-06, 2.47981733992e-06, 2.90085222332e-06, 2.23291726797e-06, 1.49537140715e-06, 1.85614430848e-06, 1.98339557755e-06, 1.56603937285e-06, 1.16580736176e-06, 1.37573988468e-06, 1.0870726328e-06, 1.1317016515e-06, 1.40794884373e-06, 1.3976223272e-06, 1.24548012082e-06, 1.06354593754e-06, 9.77739091468e-07, 7.18960052382e-07, 6.40723442302e-07, 9.71948452388e-07, 7.65996730934e-07, 6.23392736543e-07, 5.94042489865e-07, 4.86974556679e-07, 4.79440871004e-07, 3.3905661212e-07, 3.17944483186e-07, 2.46480027499e-07, 2.16531844899e-07, 2.16148833942e-07, 1.58180895937e-07, 1.44162356719e-07, 2.31037702747e-07, 2.87031411972e-07, 2.38331324454e-07, 1.43463353197e-07, 1.26312059479e-07, 1.06566041325e-07, 7.01301345885e-08, 5.81276644596e-08, 4.70917314033e-08, 8.79633716977e-08, 5.63259590081e-08, 1.01691801646e-08, 6.76828593171e-09, 4.33314717441e-09, 4.2439727288e-09, 8.23101697911e-10, 4.49808029365e-12]
    },
    "mfcc": {
        "mean": [-707.722290039, 115.947189331, -22.1730155945, 13.3781795502, -5.86277675629, -4.78731632233, 4.93186998367, -0.00774344382808, -9.5478887558, 10.0749197006, -0.0747490599751, -1.35412144661, 7.07209968567],
        "cov": [[12199.3144531, 791.309875488, -252.926422119, 331.769470215, -17.3767795563, 598.59387207, 668.541748047, 534.635498047, 46.9301490784, 313.025177002, 327.543548584, -92.7320556641, 102.473022461], [791.309875488, 1367.0435791, 339.968475342, 30.9462089539, 80.027923584, 301.3934021, 169.86769104, 94.9909286499, 46.9521789551, 12.1101398468, 89.9954986572, 29.1341094971, -27.175195694], [-252.926422119, 339.968475342, 973.199645996, 242.179046631, 111.439689636, 358.609588623, 1.26766967773, 105.138893127, 134.662338257, -79.4170074463, 38.876209259, 21.3599281311, -99.2946929932], [331.769470215, 30.9462089539, 242.179046631, 544.958679199, 133.710220337, 185.466583252, -40.2857170105, 123.045082092, 113.791213989, -6.60164165497, 35.6089324951, 42.0911979675, 29.101480484], [-17.3767795563, 80.027923584, 111.439689636, 133.710220337, 329.254302979, 58.9467506409, 59.104839325, 29.7471942902, 78.8297958374, 70.2560195923, 19.9197692871, 49.3747444153, 38.7475585938], [598.59387207, 301.3934021, 358.609588623, 185.466583252, 58.9467506409, 604.295043945, 98.0942764282, 134.06338501, 129.869720459, -1.04123091698, 170.364898682, 24.9324245453, -36.1063079834], [668.541748047, 169.86769104, 1.26766967773, -40.2857170105, 59.104839325, 98.0942764282, 408.551757812, 98.6734466553, -9.49545860291, 146.466934204, 68.5889663696, 24.102973938, 81.7691040039], [534.635498047, 94.9909286499, 105.138893127, 123.045082092, 29.7471942902, 134.06338501, 98.6734466553, 212.724578857, 71.1537704468, 19.8231678009, 76.3572311401, 33.5047683716, 40.92004776], [46.9301490784, 46.9521789551, 134.662338257, 113.791213989, 78.8297958374, 129.869720459, -9.49545860291, 71.1537704468, 186.819549561, 27.2867622375, 59.4306335449, 36.2862701416, -0.614618659019], [313.025177002, 12.1101398468, -79.4170074463, -6.60164165497, 70.2560195923, -1.04123091698, 146.466934204, 19.8231678009, 27.2867622375, 193.761825562, 47.730304718, 29.6874599457, 56.4556808472], [327.543548584, 89.9954986572, 38.876209259, 35.6089324951, 19.9197692871, 170.364898682, 68.5889663696, 76.3572311401, 59.4306335449, 47.730304718, 187.374557495, 64.1773910522, 33.6613998413], [-92.7320556641, 29.1341094971, 21.3599281311, 42.0911979675, 49.3747444153, 24.9324245453, 24.102973938, 33.5047683716, 36.2862701416, 29.6874599457, 64.1773910522, 129.166244507, 60.5839996338], [102.473022461, -27.175195694, -99.2946929932, 29.101480484, 38.7475585938, -36.1063079834, 81.7691040039, 40.92004776, -0.614618659019, 56.4556808472, 33.6613998413, 60.5839996338, 148.367279053]],
        "icov": [[0.000111599147203, -5.0184855354e-05, 9.15549971978e-05, -8.26087634778e-05, 4.03373196605e-05, -5.62957466173e-05, -7.65034274082e-05, -0.000215715437662, 7.48753445805e-05, -0.00011248109513, -8.08216937003e-05, 0.000189073558431, 5.28710370418e-05], [-5.0184855354e-05, 0.000922427803744, -0.000242868743953, 0.000187606696272, -0.000170419167262, -0.00026326769148, -0.000270193413598, -3.52809047399e-06, 0.000109988315671, 0.000168937505805, -7.92257924331e-06, -0.00024440191919, 0.00017236774147], [9.15549971978e-05, -0.000242868743953, 0.00180215737782, -0.000437186710769, -0.000283238332486, -0.000705422717147, -0.000332928117132, -0.000390181725379, -0.000417183182435, 0.000628466426861, 0.000541030487511, -0.000493397586979, 0.00121538143139], [-8.26087634778e-05, 0.000187606696272, -0.000437186710769, 0.00295495032333, -0.000839087180793, -0.000677502423059, 0.00105993717443, -0.00124877353664, -0.000355551834218, -0.000154386172653, 0.000815137231257, -0.000211689766729, -0.00100747484248], [4.03373196605e-05, -0.000170419167262, -0.000283238332486, -0.000839087180793, 0.00421227794141, 5.60647058592e-05, -0.000431379798101, 0.000680476485286, -0.00123319437262, -0.00119407230522, 0.000673282542266, -0.000812068756204, -0.000492318009492], [-5.62957466173e-05, -0.00026326769148, -0.000705422717147, -0.000677502423059, 5.60647058592e-05, 0.00364012038335, -0.000852366210893, 6.77841962897e-05, -0.000988494022749, 0.000880133186001, -0.00290218857117, 0.000846825714689, 0.000947378983255], [-7.65034274082e-05, -0.000270193413598, -0.000332928117132, 0.00105993717443, -0.000431379798101, -0.000852366210893, 0.00503581436351, -0.00201763259247, 0.0017364739906, -0.00330496416427, 0.000349404552253, 0.00056470016716, -0.0017861216329], [-0.000215715437662, -3.52809047399e-06, -0.000390181725379, -0.00124877353664, 0.000680476485286, 6.77841962897e-05, -0.00201763259247, 0.00842844601721, -0.00230906461366, 0.00172483490314, -0.00155729497783, -1.30979206006e-05, -0.00154890038539], [7.48753445805e-05, 0.000109988315671, -0.000417183182435, -0.000355551834218, -0.00123319437262, -0.000988494022749, 0.0017364739906, -0.00230906461366, 0.00872474070638, -0.00210610451177, -0.000798212713562, -0.00083146081306, 0.000878461229149], [-0.00011248109513, 0.000168937505805, 0.000628466426861, -0.000154386172653, -0.00119407230522, 0.000880133186001, -0.00330496416427, 0.00172483490314, -0.00210610451177, 0.00927035324275, -0.0016899802722, -9.59107783274e-05, -0.000682346988469], [-8.08216937003e-05, -7.92257924331e-06, 0.000541030487511, 0.000815137231257, 0.000673282542266, -0.00290218857117, 0.000349404552253, -0.00155729497783, -0.000798212713562, -0.0016899802722, 0.0104742404073, -0.00416154041886, -0.000425910868216], [0.000189073558431, -0.00024440191919, -0.000493397586979, -0.000211689766729, -0.000812068756204, 0.000846825714689, 0.00056470016716, -1.30979206006e-05, -0.00083146081306, -9.59107783274e-05, -0.00416154041886, 0.012565843761, -0.00450737960637], [5.28710370418e-05, 0.00017236774147, 0.00121538143139, -0.00100747484248, -0.000492318009492, 0.000947378983255, -0.0017861216329, -0.00154890038539, 0.000878461229149, -0.000682346988469, -0.000425910868216, -0.00450737960637, 0.0117172291502]]
    },
    "spectral_contrast_coeffs": {
        "mean": [-0.720218598843, -0.729680299759, -0.721699476242, -0.753157436848, -0.757026016712, -0.779626846313],
        "stdev": [0.092253677547, 0.0793587937951, 0.0811924263835, 0.0686155036092, 0.0729791224003, 0.0611912682652]
    },
    "spectral_contrast_valleys": {
        "mean": [-8.10840034485, -7.6256814003, -8.26978302002, -8.50482463837, -8.38056945801, -11.1829423904],
        "stdev": [2.27819037437, 2.13809657097, 2.16608905792, 2.06652235985, 2.05881214142, 1.83434426785]
    }
},
"rhythm": {
    "beats_count": 315,
    "beats_loudness": {
        "mean": 0.0224516633898,
        "stdev": 0.0183917358518
    },
    "bpm": 95.8926086426,
    "bpm_histogram_first_peak_bpm": 96,
    "bpm_histogram_first_peak_weight": 0.184931457043,
    "bpm_histogram_second_peak_bpm": 86,
    "bpm_histogram_second_peak_spread": 0.25,
    "bpm_histogram_second_peak_weight": 0.0191082805395,
    "danceability": 1.14477717876,
    "onset_rate": 3.18010020256,
    "beats_loudness_band_ratio": {
        "mean": [0.428879767656, 0.140195220709, 0.139695599675, 0.141426160932, 0.094209946692, 0.0818219780922],
        "stdev": [0.309855759144, 0.1664788872, 0.128622055054, 0.162505716085, 0.102196700871, 0.0903732329607]
    },
    "beats_position": [0.452789098024, 0.9287981987, 1.4164172411, 1.90403628349, 2.39165520668, 2.87927436829, 3.36689329147, 3.85451245308, 4.33052158356, 4.79492044449, 5.27092981339, 5.74693870544, 6.2229475975, 6.68734693527, 7.16335582733, 7.77868461609, 8.39401340485, 9.02095222473, 9.65950107574, 10.2864398956, 10.9249887466, 11.5635375977, 12.1904764175, 12.8058052063, 13.4327430725, 14.0480718613, 14.66340065, 15.3367795944, 16.0217685699, 16.7183666229, 17.4149665833, 18.0419044495, 18.6804523468, 19.3190021515, 19.9459400177, 20.5728797913, 21.1998176575, 21.826757431, 22.4536952972, 23.0806350708, 23.707572937, 24.3345127106, 24.9614505768, 25.5767803192, 26.1921081543, 26.8190479279, 27.4459857941, 28.0729255676, 28.6998634338, 29.3268013, 29.9537410736, 30.5806789398, 31.2076187134, 31.8229465485, 32.4382743835, 33.0652160645, 33.6921539307, 34.3190917969, 34.9460296631, 35.572971344, 36.1999092102, 36.8268470764, 37.4537849426, 38.0807266235, 38.7076644897, 39.334602356, 39.9499320984, 40.5652618408, 41.192199707, 41.8191375732, 42.4460754395, 43.0730133057, 43.6999549866, 44.3268928528, 44.953830719, 45.5807685852, 46.2077102661, 46.8346481323, 47.4615859985, 48.0885238647, 48.7038536072, 49.3191833496, 49.9461212158, 50.573059082, 51.2000007629, 51.8269386292, 52.4538764954, 53.0808143616, 53.696144104, 54.3230819702, 54.9616317749, 55.5885696411, 56.2038993835, 56.819229126, 57.4461669922, 58.0731048584, 58.7000427246, 59.3269844055, 59.9539222717, 60.5808601379, 61.2077980042, 61.8347396851, 62.4616775513, 63.0886154175, 63.7155532837, 64.3424911499, 64.9694290161, 65.5963668823, 66.2233123779, 66.8386383057, 67.4539642334, 68.0809020996, 68.7078475952, 69.3347854614, 69.9617233276, 70.5886611938, 71.2155990601, 71.8425369263, 72.4694747925, 73.0964126587, 73.7117462158, 74.338684082, 74.9540100098, 75.580947876, 76.2078933716, 76.8348312378, 77.461769104, 78.0887069702, 78.7156448364, 79.3425827026, 79.9695205688, 80.5964584351, 81.2233963013, 81.8503417969, 82.4772796631, 83.0926055908, 83.7079315186, 84.3348770142, 84.9618148804, 85.5887527466, 86.2156906128, 86.842628479, 87.4695663452, 88.0965042114, 88.7234420776, 89.3503875732, 89.9773254395, 90.6042633057, 91.2312011719, 91.8581390381, 92.4850769043, 93.100402832, 93.7157363892, 94.3426742554, 94.9696121216, 95.5965499878, 96.223487854, 96.8504257202, 97.4773712158, 98.104309082, 98.7312469482, 99.3581848145, 99.9851226807, 100.612060547, 101.227394104, 101.842720032, 102.469657898, 103.096595764, 103.72353363, 104.350471497, 104.977409363, 105.604354858, 106.231292725, 106.858230591, 107.485168457, 108.112106323, 108.739044189, 109.354377747, 109.981315613, 110.596641541, 111.223579407, 111.850517273, 112.477455139, 113.104400635, 113.731338501, 114.358276367, 114.985214233, 115.6121521, 116.239089966, 116.854415894, 117.481361389, 118.096687317, 118.723625183, 119.350563049, 119.977500916, 120.604438782, 121.231384277, 121.858322144, 122.48526001, 123.112197876, 123.739135742, 124.366073608, 124.993011475, 125.619949341, 126.246894836, 126.873832703, 127.500770569, 128.127700806, 128.743041992, 129.35836792, 129.985305786, 130.612243652, 131.239181519, 131.866119385, 132.493057251, 133.119995117, 133.746932983, 134.37387085, 135.000808716, 135.616149902, 136.23147583, 136.858413696, 137.485351562, 138.112289429, 138.739227295, 139.366165161, 139.993103027, 140.620040894, 141.24697876, 141.873916626, 142.500854492, 143.127792358, 143.754730225, 144.381668091, 145.008621216, 145.623947144, 146.239273071, 146.866210938, 147.493148804, 148.12008667, 148.747024536, 149.373962402, 150.000900269, 150.627838135, 151.254776001, 151.881713867, 152.508651733, 153.135604858, 153.750930786, 154.377868652, 154.99319458, 155.620132446, 156.247070312, 156.874008179, 157.500946045, 158.127883911, 158.754821777, 159.381759644, 160.00869751, 160.635650635, 161.250976562, 161.86630249, 162.493240356, 163.120178223, 163.747116089, 164.374053955, 165.000991821, 165.627929688, 166.254867554, 166.88180542, 167.508743286, 168.135681152, 168.762634277, 169.389572144, 170.01651001, 170.643447876, 171.270385742, 171.88571167, 172.501037598, 173.127975464, 173.75491333, 174.381851196, 175.008789062, 175.635726929, 176.262680054, 176.88961792, 177.516555786, 178.143493652, 178.770431519, 179.385757446, 180.001083374, 180.62802124, 181.254959106, 181.881896973, 182.508834839, 183.135772705, 183.762710571, 184.389663696, 185.016601562, 185.643539429, 186.270477295, 186.897415161, 187.524353027, 188.151290894, 188.77822876, 189.405166626, 190.032104492, 190.682266235, 191.332427979, 191.982574463, 192.632736206, 193.329345703, 194.025939941, 194.72253418, 195.419128418],
    "bpm_histogram": [0, 0, 0, 0, 0, 0, 0, 0, 0, 0, 0, 0, 0, 0, 0, 0, 0, 0, 0, 0, 0, 0, 0, 0, 0, 0, 0, 0, 0, 0, 0, 0, 0, 0, 0, 0, 0, 0, 0, 0, 0, 0, 0, 0, 0, 0, 0, 0, 0, 0, 0, 0, 0, 0, 0, 0, 0, 0, 0, 0, 0, 0, 0, 0, 0, 0, 0, 0, 0, 0, 0, 0, 0, 0, 0, 0, 0, 0, 0, 0, 0, 0, 0, 0, 0, 0, 0.0191082805395, 0, 0.00318471342325, 0.00318471342325, 0, 0, 0.012738853693, 0, 0.0191082805395, 0, 0.757961809635, 0, 0.140127390623, 0, 0, 0, 0, 0, 0, 0, 0, 0, 0, 0, 0, 0, 0, 0, 0, 0, 0, 0, 0, 0, 0, 0, 0, 0.0191082805395, 0, 0, 0.0191082805395, 0, 0, 0.0063694268465, 0, 0, 0, 0, 0, 0, 0, 0, 0, 0, 0, 0, 0, 0, 0, 0, 0, 0, 0, 0, 0, 0, 0, 0, 0, 0, 0, 0, 0, 0, 0, 0, 0, 0, 0, 0, 0, 0, 0, 0, 0, 0, 0, 0, 0, 0, 0, 0, 0, 0, 0, 0, 0, 0, 0, 0, 0, 0, 0, 0, 0, 0, 0, 0, 0, 0, 0, 0, 0, 0, 0, 0, 0, 0, 0, 0, 0, 0, 0, 0, 0, 0, 0, 0, 0, 0, 0, 0, 0, 0, 0, 0, 0, 0, 0, 0, 0, 0, 0, 0, 0, 0, 0, 0, 0, 0, 0, 0, 0, 0, 0, 0, 0, 0, 0, 0, 0, 0, 0, 0]
},
"tonal": {
    "chords_changes_rate": 0.0832938924432,
    "chords_number_rate": 0.00236630393192,
    "chords_strength": {
        "mean": 0.510278344154,
        "stdev": 0.127959027886
    },
    "hpcp_crest": {
        "mean": 14.8059453964,
        "stdev": 7.75733852386
    },
    "hpcp_entropy": {
        "mean": 1.84387564659,
        "stdev": 0.797937810421
    },
    "key_edma": {
        "strength": 0.572326958179,
        "key": "E",
        "scale": "minor"
    },
    "key_krumhansl": {
        "strength": 0.578646242619,
        "key": "E",
        "scale": "minor"
    },
    "key_temperley": {
        "strength": 0.593337476254,
        "key": "A",
        "scale": "major"
    },
    "tuning_diatonic_strength": 0.522897660732,
    "tuning_equal_tempered_deviation": 0.242961868644,
    "tuning_frequency": 434.193115234,
    "tuning_nontempered_energy_ratio": 0.945873677731,
    "hpcp": {
        "mean": [0.176515668631, 0.166625350714, 0.105449266732, 0.0781501382589, 0.0693919062614, 0.0895423814654, 0.198284775019, 0.222124546766, 0.107569798827, 0.0607063509524, 0.0702760145068, 0.0760844573379, 0.0699529200792, 0.0680617317557, 0.0872055441141, 0.170263275504, 0.184784144163, 0.100786462426, 0.0695364922285, 0.0713502690196, 0.0947243869305, 0.214089155197, 0.272469222546, 0.161808788776, 0.0863742902875, 0.0865037962794, 0.0956713482738, 0.168553516269, 0.202449709177, 0.144822433591, 0.159296452999, 0.171343669295, 0.12597848475, 0.109230317175, 0.112637490034, 0.128521084785],
        "stdev": [0.273073405027, 0.263630956411, 0.210978731513, 0.182691827416, 0.163608521223, 0.181903153658, 0.261875450611, 0.293152600527, 0.182220682502, 0.162072896957, 0.17952786386, 0.19554451108, 0.17779673636, 0.161239266396, 0.188643038273, 0.262998431921, 0.271091282368, 0.187399476767, 0.15975253284, 0.173881307244, 0.202326953411, 0.29020178318, 0.345360815525, 0.237594410777, 0.178191825747, 0.204684451222, 0.212155684829, 0.254256337881, 0.286043822765, 0.220445722342, 0.25630441308, 0.273228615522, 0.231470495462, 0.220481052995, 0.226836189628, 0.248574227095]
    },
    "chords_histogram": [3.17084717751, 0.212967351079, 8.14008522034, 0.331282526255, 0.780880272388, 0, 0.0473260767758, 0.0946521535516, 0, 0, 0, 0.804543316364, 0, 2.46095609665, 0.378608614206, 1.1594889164, 0, 3.69143390656, 1.98769521713, 38.2158050537, 7.0989112854, 9.74917221069, 21.036441803, 0.638902008533],
    "thpcp": [1, 0.593860805035, 0.31700566411, 0.31748098135, 0.351127177477, 0.618614912033, 0.743018627167, 0.531518518925, 0.584640145302, 0.628855109215, 0.462358593941, 0.400890469551, 0.413395285606, 0.471690297127, 0.647837102413, 0.611538231373, 0.387013494968, 0.286821901798, 0.254677951336, 0.328633010387, 0.727732717991, 0.815228044987, 0.394796133041, 0.222800761461, 0.257922768593, 0.279240548611, 0.256736963987, 0.249796032906, 0.320056498051, 0.624889910221, 0.678183555603, 0.369900345802, 0.255208611488, 0.261865437031, 0.347651690245, 0.785737037659],
    "chords_key": "E",
    "chords_scale": "minor"
}
}