{
"metadata": {
    "version": {
        "essentia": "2.1-dev",
        "essentia_git_sha": "v2.1_beta3-415-gd5473f3",
        "extractor": "music 2.0"
    },
    "audio_properties": {
        "analysis": {
            "equal_loudness": 0,
            "length": 209.502044678,
            "sample_rate": 44100,
            "start_time": 0,
            "downmix": "mix"
        },
        "bit_rate": 192000,
        "length": 209.502044678,
        "lossless": 0,
        "number_channels": 2,
        "replay_gain": -7.26050758362,
        "sample_rate": 44100,
        "codec": "mp3",
        "md5_encoded": "d3af35c2c742bfcad8a714b255d58b45"
    },
    "tags": {
        "file_name": "angie_stone-everyday.mp3",
        "album": ["Sexy Soul - CD1"],
        "artist": ["Angie Stone"],
        "date": ["2002"],
        "genre": ["Soul"],
        "title": ["Everyday"]
    }
},
"lowlevel": {
    "average_loudness": 0.927176237106,
    "barkbands_crest": {
        "mean": 15.6305923462,
        "stdev": 5.47131061554
    },
    "barkbands_flatness_db": {
        "mean": 0.241075262427,
        "stdev": 0.0976792052388
    },
    "barkbands_kurtosis": {
        "mean": 45.3015861511,
        "stdev": 83.0052185059
    },
    "barkbands_skewness": {
        "mean": 4.06162071228,
        "stdev": 3.65961933136
    },
    "barkbands_spread": {
        "mean": 14.1154661179,
        "stdev": 15.7935161591
    },
    "dissonance": {
        "mean": 0.437996834517,
        "stdev": 0.048498082906
    },
    "dynamic_complexity": 5.0671582222,
    "erbbands_crest": {
        "mean": 11.9179162979,
        "stdev": 5.3221950531
    },
    "erbbands_flatness_db": {
        "mean": 0.17159627378,
        "stdev": 0.0522491894662
    },
    "erbbands_kurtosis": {
        "mean": 4.36523389816,
        "stdev": 9.12856197357
    },
    "erbbands_skewness": {
        "mean": 1.07734906673,
        "stdev": 1.52060854435
    },
    "erbbands_spread": {
        "mean": 40.8928070068,
        "stdev": 27.9579410553
    },
    "hfc": {
        "mean": 14.4658117294,
        "stdev": 33.0457611084
    },
    "loudness_ebu128": {
        "integrated": -16.30727005,
        "loudness_range": 2.3636264801,
        "momentary": {
            "mean": -20.5434265137,
            "stdev": 26.0822372437
        },
        "short_term": {
            "mean": -17.5216426849,
            "stdev": 5.8929772377
        }
    },
    "melbands_crest": {
        "mean": 20.942949295,
        "stdev": 6.997402668
    },
    "melbands_flatness_db": {
        "mean": 0.308776319027,
        "stdev": 0.128668263555
    },
    "melbands_kurtosis": {
        "mean": 81.1952667236,
        "stdev": 128.252288818
    },
    "melbands_skewness": {
        "mean": 5.1182346344,
        "stdev": 3.95367455482
    },
    "melbands_spread": {
        "mean": 15.0683002472,
        "stdev": 22.9878864288
    },
    "pitch_salience": {
        "mean": 0.408360868692,
        "stdev": 0.160190150142
    },
    "silence_rate_20dB": {
        "mean": 1,
        "stdev": 0
    },
    "silence_rate_30dB": {
        "mean": 0.893838644028,
        "stdev": 0.308054775
    },
    "silence_rate_60dB": {
        "mean": 0.199800536036,
        "stdev": 0.399842470884
    },
    "spectral_centroid": {
        "mean": 1054.29748535,
        "stdev": 1278.46508789
    },
    "spectral_complexity": {
        "mean": 8.62056732178,
        "stdev": 10.1573848724
    },
    "spectral_decrease": {
        "mean": -9.8622940925e-09,
        "stdev": 1.34664430718e-08
    },
    "spectral_energy": {
        "mean": 0.0385347045958,
        "stdev": 0.0519798956811
    },
    "spectral_energyband_high": {
        "mean": 0.000586521869991,
        "stdev": 0.0019541522488
    },
    "spectral_energyband_low": {
        "mean": 0.0299357958138,
        "stdev": 0.0483170002699
    },
    "spectral_energyband_middle_high": {
        "mean": 0.00372679741122,
        "stdev": 0.00946544576436
    },
    "spectral_energyband_middle_low": {
        "mean": 0.00499789044261,
        "stdev": 0.00692192977294
    },
    "spectral_entropy": {
        "mean": 7.20599126816,
        "stdev": 0.716550827026
    },
    "spectral_flux": {
        "mean": 0.0917449742556,
        "stdev": 0.0866078138351
    },
    "spectral_kurtosis": {
        "mean": 4.2877497673,
        "stdev": 3.59190893173
    },
    "spectral_rms": {
        "mean": 0.00496908323839,
        "stdev": 0.00359207764268
    },
    "spectral_rolloff": {
        "mean": 1121.8404541,
        "stdev": 2386.00512695
    },
    "spectral_skewness": {
        "mean": 1.7055747509,
        "stdev": 0.636908173561
    },
    "spectral_spread": {
        "mean": 6237653,
        "stdev": 4089501.25
    },
    "spectral_strongpeak": {
        "mean": 0.63677251339,
        "stdev": 0.964650511742
    },
    "zerocrossingrate": {
        "mean": 0.0477577373385,
        "stdev": 0.0620866939425
    },
    "barkbands": {
        "mean": [0.00136987923179, 0.0219074096531, 0.00597111647949, 0.00113067950588, 0.000944843515754, 0.00129998312332, 0.00071502890205, 0.000295175239444, 0.000585340661928, 0.000328329246258, 0.000656792719383, 0.000451060623163, 0.000303311506286, 0.000212299142731, 0.000394957169192, 0.000338329788065, 0.000340014812537, 0.000344682863215, 0.00026469308068, 0.000208302793908, 0.000145803176565, 9.88435931504e-05, 6.33037052467e-05, 7.33070046408e-05, 6.22498919256e-05, 2.68957737717e-05, 1.9417218482e-06],
        "stdev": [0.002739722142, 0.0343058332801, 0.0197544544935, 0.00295354006812, 0.00133695930708, 0.00245539541356, 0.00256431451999, 0.00100532500073, 0.00192546541803, 0.00128431781195, 0.00231715478003, 0.00269479677081, 0.00144484534394, 0.000858774874359, 0.00169727019966, 0.00143101671711, 0.00143561221194, 0.00150024215691, 0.00111097889021, 0.000834902981296, 0.00060913420748, 0.000382160389563, 0.000188304184121, 0.000296687619993, 0.000245241564699, 9.56015574047e-05, 1.75068635144e-05]
    },
    "erbbands": {
        "mean": [0.800203382969, 4.25249004364, 6.99320459366, 5.62068939209, 2.83616185188, 3.02899837494, 7.13036489487, 11.3335123062, 11.7845058441, 6.55663871765, 8.83726119995, 13.7861242294, 8.30306625366, 18.0374355316, 30.3052387238, 13.6627397537, 12.8315353394, 10.9805650711, 17.4045772552, 17.3958072662, 21.7204227448, 17.2940711975, 17.4414348602, 19.4370956421, 10.1959018707, 10.0371484756, 6.17280960083, 6.00565099716, 3.78180193901, 2.37961959839, 1.76248073578, 1.41564249992, 1.32454955578, 0.890383660793, 0.318770349026, 0.109286308289, 0.0542255789042, 0.00836333539337, 0.000399484182708, 5.51250777789e-05],
        "stdev": [1.22011458874, 7.67741441727, 21.6631202698, 15.1035242081, 5.9832406044, 4.60920906067, 12.7874202728, 23.5664901733, 37.0775489807, 24.4754161835, 27.6475372314, 43.4056930542, 28.4803695679, 54.0680541992, 116.380088806, 56.4702262878, 64.0466842651, 39.0422096252, 62.0940628052, 81.8490753174, 97.5655212402, 68.6914901733, 70.8798370361, 96.2260742188, 36.6110534668, 42.4132194519, 23.5836372375, 26.8509178162, 15.188990593, 7.42047977448, 5.32993745804, 4.92035150528, 6.0371837616, 3.79395365715, 1.09107267857, 0.334319472313, 0.208306625485, 0.0369489304721, 0.00297120539472, 0.000107843217847]
    },
    "gfcc": {
        "mean": [-99.8530807495, 78.8294906616, -79.6156387329, 39.037322998, -59.8218727112, 16.8830013275, -39.2286453247, 10.5408830643, -25.1106681824, 2.56549406052, -9.94312000275, 5.08432674408, -2.94956231117],
        "cov": [[24343.9335938, 576.429931641, -2294.09423828, 285.399993896, 88.104598999, 846.71295166, 16.8838157654, 868.623535156, -77.8662490845, 507.855712891, -162.408615112, 313.605834961, -102.253295898], [576.429931641, 1438.72875977, 747.847167969, 286.513702393, 459.51550293, 385.012420654, 488.292694092, 122.488586426, 223.543640137, -7.9285531044, 197.622543335, -89.2426147461, 68.5420837402], [-2294.09423828, 747.847167969, 2396.09204102, 1109.42749023, 655.200317383, 269.237640381, 452.530090332, 87.4155731201, 315.718261719, -36.2953453064, 118.18497467, -94.0809173584, -1.87512516975], [285.399993896, 286.513702393, 1109.42749023, 1355.50634766, 670.203430176, 125.723068237, 287.580596924, 145.614959717, 294.025238037, -8.3903465271, 16.8752613068, -34.9048652649, 0.656157135963], [88.104598999, 459.51550293, 655.200317383, 670.203430176, 941.771057129, 450.830108643, 525.965148926, 201.589645386, 273.134399414, 50.6468200684, 66.0093307495, -31.1345272064, 40.7242240906], [846.71295166, 385.012420654, 269.237640381, 125.723068237, 450.830108643, 627.941345215, 431.71005249, 143.161193848, 44.3559150696, 35.1071624756, 80.37840271, -39.3353652954, 39.3041915894], [16.8838157654, 488.292694092, 452.530090332, 287.580596924, 525.965148926, 431.71005249, 653.962890625, 156.230636597, 158.553359985, 34.686378479, 127.643814087, 9.88724040985, 39.7574615479], [868.623535156, 122.488586426, 87.4155731201, 145.614959717, 201.589645386, 143.161193848, 156.230636597, 321.38973999, 171.117599487, 43.0766105652, 20.4001350403, 29.7267913818, 45.4453735352], [-77.8662490845, 223.543640137, 315.718261719, 294.025238037, 273.134399414, 44.3559150696, 158.553359985, 171.117599487, 321.859954834, 103.81728363, 76.8360061646, 26.6871433258, 45.1393432617], [507.855712891, -7.9285531044, -36.2953453064, -8.3903465271, 50.6468200684, 35.1071624756, 34.686378479, 43.0766105652, 103.81728363, 198.433792114, 101.629112244, 64.2974014282, 12.7649145126], [-162.408615112, 197.622543335, 118.18497467, 16.8752613068, 66.0093307495, 80.37840271, 127.643814087, 20.4001350403, 76.8360061646, 101.629112244, 233.611709595, 84.8373031616, 70.2126312256], [313.605834961, -89.2426147461, -94.0809173584, -34.9048652649, -31.1345272064, -39.3353652954, 9.88724040985, 29.7267913818, 26.6871433258, 64.2974014282, 84.8373031616, 177.774185181, 81.1276092529], [-102.253295898, 68.5420837402, -1.87512516975, 0.656157135963, 40.7242240906, 39.3041915894, 39.7574615479, 45.4453735352, 45.1393432617, 12.7649145126, 70.2126312256, 81.1276092529, 147.47543335]],
        "icov": [[0.000100490287878, -0.000208812038181, 0.000173743188498, -0.000236680309172, 0.000138354851515, -0.000246884621447, 0.000143520024722, -0.000284962414298, 0.000255207385635, -0.000379642297048, 0.000313196564093, -0.000402821402531, 0.000273931684205], [-0.000208812038181, 0.00174025888555, -0.000548597832676, 0.00067494623363, -0.000298550236039, 0.000289171905024, -0.0007446151576, 0.000678935844917, -0.00121403217781, 0.00149113568477, -0.00171423098072, 0.00192636996508, -0.000967733445577], [0.000173743188498, -0.000548597832676, 0.001127537922, -0.00100595457479, 0.000383978564059, -0.000597497913986, 0.000127750419779, -0.000172642467078, 8.58128601067e-07, -0.000269354553893, 0.000243899063207, -0.000554474710952, 0.000678173091728], [-0.000236680309172, 0.00067494623363, -0.00100595457479, 0.0023533673957, -0.00153077312279, 0.00108899304178, -0.00011559901759, 0.000515977328178, -0.00102711853106, 0.00134321989026, -0.000734306871891, 0.000766995886806, -0.000370630499674], [0.000138354851515, -0.000298550236039, 0.000383978564059, -0.00153077312279, 0.00386024056934, -0.00194278697018, -0.00110489537474, 3.10400137096e-05, -0.00127686897758, -0.000688484113198, 0.00129156501498, -0.000378219468985, 3.00513966067e-05], [-0.000246884621447, 0.000289171905024, -0.000597497913986, 0.00108899304178, -0.00194278697018, 0.00520769972354, -0.00218703714199, -0.000869084498845, 0.00235288380645, -0.00079394353088, -0.00103207677603, 0.00293638091534, -0.00208745896816], [0.000143520024722, -0.0007446151576, 0.000127750419779, -0.00011559901759, -0.00110489537474, -0.00218703714199, 0.00462377723306, -0.000606989604421, -0.000323870539432, 0.000720487791114, -0.000721605494618, -0.00211277673952, 0.00181882444303], [-0.000284962414298, 0.000678935844917, -0.000172642467078, 0.000515977328178, 3.10400137096e-05, -0.000869084498845, -0.000606989604421, 0.00627082306892, -0.00429000845179, 0.00180430081673, 0.000298647704767, -2.77600393019e-05, -0.00103332183789], [0.000255207385635, -0.00121403217781, 8.58128601067e-07, -0.00102711853106, -0.00127686897758, 0.00235288380645, -0.000323870539432, -0.00429000845179, 0.00988051388413, -0.00546399131417, 0.000709383690264, 0.000515567313414, -0.00129204371478], [-0.000379642297048, 0.00149113568477, -0.000269354553893, 0.00134321989026, -0.000688484113198, -0.00079394353088, 0.000720487791114, 0.00180430081673, -0.00546399131417, 0.0115660307929, -0.00512305088341, -0.00111677451059, 0.0024105401244], [0.000313196564093, -0.00171423098072, 0.000243899063207, -0.000734306871891, 0.00129156501498, -0.00103207677603, -0.000721605494618, 0.000298647704767, 0.000709383690264, -0.00512305088341, 0.010051175952, -0.00385193177499, -0.00139888911508], [-0.000402821402531, 0.00192636996508, -0.000554474710952, 0.000766995886806, -0.000378219468985, 0.00293638091534, -0.00211277673952, -2.77600393019e-05, 0.000515567313414, -0.00111677451059, -0.00385193177499, 0.0130951981992, -0.00671612937003], [0.000273931684205, -0.000967733445577, 0.000678173091728, -0.000370630499674, 3.00513966067e-05, -0.00208745896816, 0.00181882444303, -0.00103332183789, -0.00129204371478, 0.0024105401244, -0.00139888911508, -0.00671612937003, 0.0123543320224]]
    },
    "melbands": {
        "mean": [0.00662294728681, 0.00437396205962, 0.00093239027774, 0.000185236975085, 0.000229794139159, 0.000252337020356, 0.000175952984137, 6.36389522697e-05, 7.61224728194e-05, 8.66489281179e-05, 4.10850516346e-05, 7.03308469383e-05, 0.000105162944237, 5.85252964811e-05, 2.67584182438e-05, 2.64123427769e-05, 1.93323103304e-05, 2.56762796198e-05, 3.14755925501e-05, 1.88437898032e-05, 2.70080090559e-05, 1.66782429005e-05, 1.78190002771e-05, 1.76745415956e-05, 1.61159368872e-05, 7.37694108466e-06, 7.29193880034e-06, 6.51651544104e-06, 4.09793801737e-06, 3.36687162417e-06, 3.33941648023e-06, 2.16877174353e-06, 1.66151426129e-06, 1.1929307675e-06, 1.00369618394e-06, 9.24798143842e-07, 8.55970313296e-07, 9.36250614814e-07, 9.00602060483e-07, 7.04967931142e-07],
        "stdev": [0.00995653588325, 0.0103389546275, 0.00244165537879, 0.000298475089949, 0.000386975531001, 0.000518307846505, 0.000557148538064, 0.000227979006013, 0.000232836900977, 0.000291193922749, 0.000152253734996, 0.000224243922275, 0.000367133005057, 0.000329741946189, 0.000150444568135, 0.000122333789477, 7.48606253183e-05, 9.84548823908e-05, 0.000154890716658, 8.04707524367e-05, 0.00012522203906, 6.69385190122e-05, 7.22524418961e-05, 8.15956736915e-05, 8.23335212772e-05, 2.67428258667e-05, 2.76595364994e-05, 2.83533099719e-05, 1.57491504069e-05, 1.36506732815e-05, 1.54218014359e-05, 8.91950094228e-06, 5.94649463892e-06, 3.58320471605e-06, 3.08802373183e-06, 3.0306557619e-06, 3.25921610056e-06, 4.19187836087e-06, 4.52156564279e-06, 2.87862735604e-06]
    },
    "melbands128": {
        "mean": [0.00131039111875, 0.00657093292102, 0.00925010628998, 0.00613924628124, 0.00392538309097, 0.00274008628912, 0.00117930665147, 0.000460468349047, 0.00026137806708, 0.000148796840222, 0.000144539779285, 0.00020507084264, 0.000252673926298, 0.000258355343249, 0.000262936548097, 0.000260432512732, 0.000186808450962, 0.000188446050743, 0.000127114733914, 6.11263967585e-05, 2.59261123574e-05, 7.14098059689e-05, 8.15541352495e-05, 7.54306529416e-05, 9.7551564977e-05, 9.62331760093e-05, 5.52963465452e-05, 1.5957883079e-05, 4.15458744101e-05, 7.70228434703e-05, 5.46684022993e-05, 0.000108527456177, 0.000118588475743, 9.19440935832e-05, 0.000106061212136, 3.33679454343e-05, 2.03222225537e-05, 2.1264922907e-05, 3.83845654142e-05, 2.61188579316e-05, 2.34346844081e-05, 2.75329075521e-05, 1.37818678922e-05, 1.88559079106e-05, 2.40141544054e-05, 2.67459108727e-05, 2.88821483991e-05, 3.65079176845e-05, 3.38607314916e-05, 1.20280155897e-05, 1.38950190376e-05, 3.17894664477e-05, 2.08063229366e-05, 3.68636428902e-05, 1.64824305102e-05, 1.0100651707e-05, 1.86659144674e-05, 2.58805375779e-05, 1.41406208058e-05, 8.97040172276e-06, 1.87386267498e-05, 2.523456169e-05, 1.5885099856e-05, 1.67999714904e-05, 1.01965060821e-05, 5.58853389521e-06, 6.74236252962e-06, 7.05085585651e-06, 7.87551562098e-06, 6.87079409545e-06, 7.0688975029e-06, 6.12377380094e-06, 5.08028961121e-06, 3.55751353709e-06, 3.19595483234e-06, 2.57113856605e-06, 3.71447572434e-06, 4.87352190248e-06, 2.85802070721e-06, 2.47895081884e-06, 2.16308967538e-06, 2.06713207263e-06, 2.14448391489e-06, 1.49435265939e-06, 1.48682909185e-06, 1.20392235203e-06, 1.08996903236e-06, 1.11580447992e-06, 9.30091118789e-07, 9.38887410484e-07, 1.17788795251e-06, 8.00746306595e-07, 7.54482130105e-07, 8.64813387125e-07, 8.90189483016e-07, 9.89151544672e-07, 9.23856930513e-07, 9.00011684735e-07, 9.14581050893e-07, 9.24517053136e-07, 7.92175285369e-07, 7.02598072166e-07, 5.46707724425e-07, 4.5441854013e-07, 3.25694941239e-07, 2.80691324406e-07, 2.05642194828e-07, 1.95762936528e-07, 1.82974886798e-07, 1.42418983273e-07, 1.84192387565e-07, 1.8499220289e-07, 1.85295760957e-07, 1.75452015583e-07, 1.56884695457e-07, 7.51760254047e-08, 3.63966137229e-08, 1.96347738068e-08, 9.31708310503e-09, 7.16352355212e-09, 7.1091026399e-09, 6.50615250564e-09, 1.1591967386e-09, 9.63515725538e-12, 4.82640706914e-12, 4.77617641617e-12, 4.73850255908e-12, 4.70496471644e-12],
        "stdev": [0.00261171185412, 0.0107325753197, 0.0151017503813, 0.0123737687245, 0.0121670830995, 0.00871304236352, 0.00321975373663, 0.00120713026263, 0.00064854323864, 0.000276052771369, 0.0002764085948, 0.000366992841009, 0.00052063446492, 0.00064795021899, 0.00060476991348, 0.000707401311956, 0.000651141454, 0.000727667240426, 0.000568452582229, 0.00032249832293, 0.000115150556667, 0.000268490955932, 0.00032578050741, 0.000304087327095, 0.000393391092075, 0.000482634583022, 0.000344136235071, 9.66426960076e-05, 0.000212822516914, 0.000355402211426, 0.000251384655712, 0.000477489520563, 0.000504562805872, 0.000550247379579, 0.00089016353013, 0.000188415055163, 0.000135851107189, 0.000191663522855, 0.000270860589808, 0.000234944120166, 0.000141270124004, 0.0001778495498, 6.95652779541e-05, 0.00010706440662, 0.000140343065141, 0.00014462377294, 0.000152113643708, 0.000202228999115, 0.00021433828806, 6.72790774843e-05, 6.61108351778e-05, 0.000157815607963, 9.42789993132e-05, 0.000184146047104, 8.79088111105e-05, 4.20835131081e-05, 7.25593781681e-05, 0.000116180628538, 5.95202436671e-05, 3.00636620523e-05, 8.19129272713e-05, 0.000138407835038, 9.42886399571e-05, 8.32707446534e-05, 4.31454718637e-05, 2.2134901883e-05, 2.45956998697e-05, 2.52660793194e-05, 3.35109070875e-05, 3.23409622069e-05, 3.76420102839e-05, 2.56885105046e-05, 2.0498626327e-05, 1.49412799146e-05, 1.2531016182e-05, 9.52171012614e-06, 1.65959572769e-05, 2.34220296988e-05, 1.4324436961e-05, 1.11610306703e-05, 8.89953571459e-06, 9.05511478777e-06, 8.66525078891e-06, 5.53146173843e-06, 5.22214804732e-06, 3.84949180443e-06, 3.48447497345e-06, 4.0567333599e-06, 3.22905407302e-06, 3.02865100821e-06, 4.49857998319e-06, 2.71824910669e-06, 2.58782256424e-06, 3.51448534275e-06, 3.92583797293e-06, 4.37038261225e-06, 4.37527478425e-06, 4.94442474519e-06, 5.06843662151e-06, 4.53165557701e-06, 3.5159739582e-06, 2.81228722088e-06, 2.18702075472e-06, 1.81902942131e-06, 1.15479656415e-06, 8.87620501544e-07, 6.44237502456e-07, 6.08143466252e-07, 5.81291999424e-07, 4.49411118097e-07, 6.85248835453e-07, 7.2352031566e-07, 7.38831715807e-07, 7.617604183e-07, 6.83286600633e-07, 3.56384163069e-07, 2.69772868933e-07, 2.11593089716e-07, 1.16286535956e-07, 8.2836336901e-08, 8.29579249739e-08, 9.6339334732e-08, 1.8168849536e-08, 1.60277680017e-10, 9.02661626001e-12, 8.92146686388e-12, 8.84353441172e-12, 8.79383718622e-12]
    },
    "mfcc": {
        "mean": [-746.328918457, 106.67414093, 33.9721794128, 27.0045852661, 10.6369485855, 4.41569423676, 2.98103928566, 3.13788318634, -2.43302226067, -0.427537411451, -5.52841663361, -2.69699025154, 1.57333981991],
        "cov": [[12846.3076172, 439.904937744, -1848.01171875, -307.531677246, 126.600135803, 37.3115272522, 270.486328125, 348.326202393, 426.578186035, 254.04826355, 435.03112793, 153.417572021, 146.927200317], [439.904937744, 1453.33239746, 477.584228516, 29.3323841095, 165.82611084, 307.290649414, 360.498626709, 236.241500854, 134.281829834, 201.221557617, 125.634033203, 76.0067749023, 111.100189209], [-1848.01171875, 477.584228516, 1705.01245117, 762.003967285, 416.877868652, 294.758605957, 222.651092529, 196.263793945, 141.316757202, 99.6138000488, 57.5999679565, 154.313903809, 47.7537536621], [-307.531677246, 29.3323841095, 762.003967285, 1225.1328125, 538.882019043, 314.989044189, 107.585983276, 262.164276123, 246.511550903, 140.59967041, 108.329963684, 178.022247314, 85.5381164551], [126.600135803, 165.82611084, 416.877868652, 538.882019043, 598.320800781, 296.570007324, 188.344528198, 222.960357666, 244.756759644, 176.020935059, 112.025596619, 93.0473480225, 55.4227905273], [37.3115272522, 307.290649414, 294.758605957, 314.989044189, 296.570007324, 616.853149414, 419.414428711, 247.691726685, 147.742904663, 199.076385498, 128.227355957, 31.0377235413, 57.1407394409], [270.486328125, 360.498626709, 222.651092529, 107.585983276, 188.344528198, 419.414428711, 535.825256348, 301.778625488, 145.739837646, 180.504440308, 122.846611023, 16.4350376129, 44.8481864929], [348.326202393, 236.241500854, 196.263793945, 262.164276123, 222.960357666, 247.691726685, 301.778625488, 366.320861816, 242.170089722, 146.541015625, 98.7329483032, 66.7004623413, 54.3543739319], [426.578186035, 134.281829834, 141.316757202, 246.511550903, 244.756759644, 147.742904663, 145.739837646, 242.170089722, 309.726470947, 155.938446045, 104.416595459, 70.6741638184, 38.701625824], [254.04826355, 201.221557617, 99.6138000488, 140.59967041, 176.020935059, 199.076385498, 180.504440308, 146.541015625, 155.938446045, 222.507278442, 131.083938599, 50.6769142151, 54.0917549133], [435.03112793, 125.634033203, 57.5999679565, 108.329963684, 112.025596619, 128.227355957, 122.846611023, 98.7329483032, 104.416595459, 131.083938599, 196.526489258, 112.492950439, 45.5619888306], [153.417572021, 76.0067749023, 154.313903809, 178.022247314, 93.0473480225, 31.0377235413, 16.4350376129, 66.7004623413, 70.6741638184, 50.6769142151, 112.492950439, 185.955062866, 84.6938552856], [146.927200317, 111.100189209, 47.7537536621, 85.5381164551, 55.4227905273, 57.1407394409, 44.8481864929, 54.3543739319, 38.701625824, 54.0917549133, 45.5619888306, 84.6938552856, 150.719009399]],
        "icov": [[0.000118518706586, -7.42441698094e-05, 0.000189403101103, -4.59100228909e-05, -5.3045059758e-05, 7.67175879446e-05, -8.83097454789e-05, 2.31216399698e-05, -0.000148316510604, 0.000163625940331, -0.000250422977842, 1.3621493963e-05, -3.8995534851e-05], [-7.42441698094e-05, 0.00104884116445, -0.000449695799034, 0.000392336340155, 2.36879677686e-05, -0.000145007870742, -0.000106509040052, -0.000355800730176, 0.000245226983679, -0.000615315977484, 0.000132666682475, -2.43918402703e-05, -0.000443207711214], [0.000189403101103, -0.000449695799034, 0.00134484888986, -0.000677316158544, -0.000291328207823, 0.00020228192443, -0.000693801848684, 0.000479391834233, -0.000195533721126, 0.000318200472975, 0.000365028827218, -0.0008998325211, 0.000500456313603], [-4.59100228909e-05, 0.000392336340155, -0.000677316158544, 0.00209809094667, -0.00104041886516, -0.000851673365105, 0.00131658720784, -0.00129755726084, 0.000316236080835, -0.000101315119537, 0.000210581536521, -0.000709384563379, -0.000148810664541], [-5.3045059758e-05, 2.36879677686e-05, -0.000291328207823, -0.00104041886516, 0.00395132182166, -0.000802790862508, -3.08981616399e-05, 0.000541513261851, -0.00179990998004, -0.000851299613714, 0.000335333112162, -9.63866405073e-05, 0.000102794205304], [7.67175879446e-05, -0.000145007870742, 0.00020228192443, -0.000851673365105, -0.000802790862508, 0.00467952573672, -0.00326387956738, 0.000635554199107, 0.000492174876854, -0.000903137784917, -0.000662521342747, 0.000985418795608, -0.000441246316768], [-8.83097454789e-05, -0.000106509040052, -0.000693801848684, 0.00131658720784, -3.08981616399e-05, -0.00326387956738, 0.00783738493919, -0.00574563629925, 0.00257449108176, -0.00110165611841, -0.00176067405846, 0.00180167995859, -0.000119928154163], [2.31216399698e-05, -0.000355800730176, 0.000479391834233, -0.00129755726084, 0.000541513261851, 0.000635554199107, -0.00574563629925, 0.0115299224854, -0.00690208608285, 0.0013090261491, 0.00160567043349, -0.00157386134379, -0.000362695631338], [-0.000148316510604, 0.000245226983679, -0.000195533721126, 0.000316236080835, -0.00179990998004, 0.000492174876854, 0.00257449108176, -0.00690208608285, 0.010700725019, -0.00420207064599, -0.000382501049899, -0.000216857573832, 0.00104247115087], [0.000163625940331, -0.000615315977484, 0.000318200472975, -0.000101315119537, -0.000851299613714, -0.000903137784917, -0.00110165611841, 0.0013090261491, -0.00420207064599, 0.0131365414709, -0.00682998681441, 0.00359008065425, -0.00282636284828], [-0.000250422977842, 0.000132666682475, 0.000365028827218, 0.000210581536521, 0.000335333112162, -0.000662521342747, -0.00176067405846, 0.00160567043349, -0.000382501049899, -0.00682998681441, 0.0153735401109, -0.00962320063263, 0.00329352170229], [1.3621493963e-05, -2.43918402703e-05, -0.0008998325211, -0.000709384563379, -9.63866405073e-05, 0.000985418795608, 0.00180167995859, -0.00157386134379, -0.000216857573832, 0.00359008065425, -0.00962320063263, 0.014888022095, -0.00630402145907], [-3.8995534851e-05, -0.000443207711214, 0.000500456313603, -0.000148810664541, 0.000102794205304, -0.000441246316768, -0.000119928154163, -0.000362695631338, 0.00104247115087, -0.00282636284828, 0.00329352170229, -0.00630402145907, 0.0105149243027]]
    },
    "spectral_contrast_coeffs": {
        "mean": [-0.681106925011, -0.722018063068, -0.750124037266, -0.789481639862, -0.809854865074, -0.812735438347],
        "stdev": [0.106127753854, 0.102081753314, 0.104213237762, 0.0762990117073, 0.0478677004576, 0.0477056577802]
    },
    "spectral_contrast_valleys": {
        "mean": [-7.72601604462, -8.26545715332, -9.08535003662, -9.28295612335, -8.90588951111, -10.7422542572],
        "stdev": [2.5908100605, 2.30553102493, 2.25340437889, 2.26006221771, 2.30135369301, 2.05702090263]
    }
},
"rhythm": {
    "beats_count": 285,
    "beats_loudness": {
        "mean": 0.0864741131663,
        "stdev": 0.0468248017132
    },
    "bpm": 81.9309463501,
    "bpm_histogram_first_peak_bpm": 82,
    "bpm_histogram_first_peak_weight": 0.0035714507103,
    "bpm_histogram_second_peak_bpm": 74,
    "bpm_histogram_second_peak_spread": 0.5,
    "bpm_histogram_second_peak_weight": 0.00704225338995,
    "danceability": 1.43041670322,
    "onset_rate": 4.14770078659,
    "beats_loudness_band_ratio": {
        "mean": [0.593871355057, 0.0636514797807, 0.0413085594773, 0.0424377396703, 0.16259008646, 0.106190159917],
        "stdev": [0.353119164705, 0.105199940503, 0.0869746729732, 0.088306799531, 0.175326406956, 0.113766252995]
    },
    "beats_position": [0.777868449688, 1.59056687355, 2.40326523781, 3.1811337471, 3.97061228752, 4.71365070343, 5.45668935776, 6.18811798096, 6.91954612732, 7.65097475052, 8.38240337372, 9.12544155121, 9.85687065125, 10.5882987976, 11.3197278976, 12.051156044, 12.7941951752, 13.5256233215, 14.2570514679, 14.9884805679, 15.7199087143, 16.4513378143, 17.1827659607, 17.9141941071, 18.6456241608, 19.3770523071, 20.1084804535, 20.851518631, 21.5713367462, 22.3027667999, 23.0341949463, 23.7656230927, 24.497051239, 25.2284793854, 25.9599094391, 26.6913375854, 27.4227657318, 28.1541938782, 28.8856239319, 29.6286621094, 30.3484802246, 31.079908371, 31.8113365173, 32.542766571, 33.2741928101, 34.0172348022, 34.7486610413, 35.480091095, 36.211517334, 36.9429473877, 37.6859855652, 38.4174156189, 39.1488418579, 39.8802719116, 40.6116981506, 41.3431282043, 42.0745582581, 42.8059844971, 43.5374145508, 44.2688446045, 45.0002708435, 45.7317008972, 46.4631271362, 47.1945571899, 47.9259872437, 48.6458053589, 49.3888435364, 50.1318817139, 50.8633079529, 51.5947380066, 52.3261680603, 53.0575942993, 53.789024353, 54.5204544067, 55.2634925842, 56.0065307617, 56.726348877, 57.457775116, 58.1892051697, 58.9206352234, 59.6520614624, 60.3834915161, 61.1149177551, 61.8463478088, 62.5777778625, 63.3092041016, 64.0406341553, 64.772064209, 65.5034942627, 66.234916687, 66.9663467407, 67.6977767944, 68.4292068481, 69.1606369019, 69.8920593262, 70.6351013184, 71.3665313721, 72.0979614258, 72.8409957886, 73.5840377808, 74.303855896, 75.0352783203, 75.766708374, 76.4981384277, 77.2295684814, 77.9609985352, 78.6924285889, 79.4354629517, 80.1552810669, 80.8867111206, 81.6181411743, 82.349571228, 83.0809936523, 83.8124237061, 84.5438537598, 85.2868881226, 86.0067138672, 86.7381362915, 87.4695663452, 88.2126083374, 88.9324264526, 89.6638565063, 90.3952789307, 91.1383209229, 91.8697509766, 92.6011810303, 93.3442153931, 94.0756454468, 94.8070755005, 95.5384979248, 96.2699279785, 97.0013580322, 97.7327880859, 98.4642181396, 99.1956481934, 99.9270706177, 100.658500671, 101.389930725, 102.121360779, 102.864395142, 103.584213257, 104.315643311, 105.047073364, 105.778503418, 106.509933472, 107.229751587, 107.97278595, 108.704216003, 109.435646057, 110.167076111, 110.898498535, 111.641540527, 112.372970581, 113.104400635, 113.847434998, 114.578865051, 115.310295105, 116.041717529, 116.773147583, 117.504577637, 118.23600769, 118.967437744, 119.698867798, 120.430290222, 121.161720276, 121.89315033, 122.624580383, 123.356010437, 124.087432861, 124.818862915, 125.550292969, 126.281723022, 127.013153076, 127.7445755, 128.476013184, 129.219039917, 129.950469971, 130.681900024, 131.424942017, 132.167984009, 132.887802124, 133.619232178, 134.350662231, 135.082077026, 135.81350708, 136.533325195, 137.276367188, 138.01940918, 138.739227295, 139.482269287, 140.225296021, 140.956726074, 141.688156128, 142.419586182, 143.151016235, 143.882446289, 144.613876343, 145.345306396, 146.07673645, 146.808166504, 147.539596558, 148.271011353, 149.002441406, 149.745483398, 150.465301514, 151.196731567, 151.928161621, 152.671203613, 153.391021729, 154.122451782, 154.853881836, 155.585296631, 156.316726685, 157.048156738, 157.779586792, 158.522628784, 159.254058838, 159.985488892, 160.716918945, 161.448348999, 162.179763794, 162.899581909, 163.619400024, 164.350830078, 165.082260132, 165.813690186, 166.556732178, 167.29977417, 168.019592285, 168.7394104, 169.482452393, 170.213867188, 170.945297241, 171.676727295, 172.408157349, 173.151199341, 173.871017456, 174.60244751, 175.333877563, 176.065307617, 176.796737671, 177.528152466, 178.25958252, 178.991012573, 179.722442627, 180.453872681, 181.185302734, 181.928344727, 182.648162842, 183.379592896, 184.111022949, 184.854049683, 185.585479736, 186.31690979, 187.059951782, 187.791381836, 188.52281189, 189.254241943, 189.985671997, 190.717086792, 191.448516846, 192.179946899, 192.911376953, 193.642807007, 194.374237061, 195.105667114, 195.837097168, 196.568527222, 197.299957275, 198.03137207, 198.762802124, 199.494232178, 200.225662231, 200.957092285, 201.688522339, 202.419952393, 203.151382446, 203.8828125, 204.614242554, 205.345672607, 206.077087402, 206.796905518, 207.505126953, 208.248153687, 208.991195679],
    "bpm_histogram": [0, 0, 0, 0, 0, 0, 0, 0, 0, 0, 0, 0, 0, 0, 0, 0, 0, 0, 0, 0, 0, 0, 0, 0, 0, 0, 0, 0, 0, 0, 0, 0, 0, 0, 0, 0, 0, 0, 0, 0, 0, 0, 0, 0, 0, 0, 0, 0, 0, 0, 0, 0, 0, 0, 0, 0, 0, 0, 0, 0, 0, 0, 0, 0, 0, 0, 0, 0, 0, 0, 0, 0, 0, 0, 0.00704225338995, 0, 0.00352112669498, 0.00352112669498, 0, 0, 0, 0.151408448815, 0.75352114439, 0.0774647891521, 0, 0.00352112669498, 0, 0, 0, 0, 0, 0, 0, 0, 0, 0, 0, 0, 0, 0, 0, 0, 0, 0, 0, 0, 0, 0, 0, 0, 0, 0, 0, 0, 0, 0, 0, 0, 0, 0, 0, 0, 0, 0, 0, 0, 0, 0, 0, 0, 0, 0, 0, 0, 0, 0, 0, 0, 0, 0, 0, 0, 0, 0, 0, 0, 0, 0, 0, 0, 0, 0, 0, 0, 0, 0, 0, 0, 0, 0, 0, 0, 0, 0, 0, 0, 0, 0, 0, 0, 0, 0, 0, 0, 0, 0, 0, 0, 0, 0, 0, 0, 0, 0, 0, 0, 0, 0, 0, 0, 0, 0, 0, 0, 0, 0, 0, 0, 0, 0, 0, 0, 0, 0, 0, 0, 0, 0, 0, 0, 0, 0, 0, 0, 0, 0, 0, 0, 0, 0, 0, 0, 0, 0, 0, 0, 0, 0, 0, 0, 0, 0, 0, 0, 0, 0, 0, 0, 0, 0, 0, 0, 0, 0, 0, 0, 0, 0, 0, 0]
},
"tonal": {
    "chords_changes_rate": 0.127631291747,
    "chords_number_rate": 0.0033237314783,
    "chords_strength": {
        "mean": 0.477690845728,
        "stdev": 0.142347797751
    },
    "hpcp_crest": {
        "mean": 13.5635890961,
        "stdev": 6.8073515892
    },
    "hpcp_entropy": {
        "mean": 1.95075380802,
        "stdev": 0.813189089298
    },
    "key_edma": {
        "strength": 0.6115899086,
        "key": "D",
        "scale": "major"
    },
    "key_krumhansl": {
        "strength": 0.618374168873,
        "key": "D",
        "scale": "major"
    },
    "key_temperley": {
        "strength": 0.621932566166,
        "key": "D",
        "scale": "major"
    },
    "tuning_diatonic_strength": 0.642602741718,
    "tuning_equal_tempered_deviation": 0.143784299493,
    "tuning_frequency": 434.193115234,
    "tuning_nontempered_energy_ratio": 0.870766639709,
    "hpcp": {
        "mean": [0.158038169146, 0.144337058067, 0.11897162348, 0.108480527997, 0.0958491563797, 0.0973422527313, 0.140618041158, 0.143033191562, 0.0881789028645, 0.0861301869154, 0.0979973822832, 0.0965399518609, 0.092027105391, 0.0794771760702, 0.0981833711267, 0.140578404069, 0.121839307249, 0.0659180358052, 0.0387264229357, 0.0360132306814, 0.0567767210305, 0.0912379547954, 0.104102447629, 0.0817106664181, 0.0569186769426, 0.0662821158767, 0.111054793, 0.143624469638, 0.111818782985, 0.0781928300858, 0.0899392738938, 0.0808338746428, 0.0561702512205, 0.0504283607006, 0.0684655085206, 0.11551515013],
        "stdev": [0.290172666311, 0.27579087019, 0.257468223572, 0.254720926285, 0.228700265288, 0.222789123654, 0.267504483461, 0.283535331488, 0.204871952534, 0.225907102227, 0.240317866206, 0.231304973364, 0.225159302354, 0.202309578657, 0.212996795774, 0.265496879816, 0.242318227887, 0.183658614755, 0.127606645226, 0.123790927231, 0.156659439206, 0.212860181928, 0.233863294125, 0.202976748347, 0.168873056769, 0.183409154415, 0.243091017008, 0.278640568256, 0.235289663076, 0.196006163955, 0.224334076047, 0.20966860652, 0.175514996052, 0.161282852292, 0.192594870925, 0.247189179063]
    },
    "chords_histogram": [17.6379356384, 4.43164205551, 7.20141792297, 3.10214924812, 7.73321533203, 0.177265673876, 0, 0, 1.8612896204, 0.886328399181, 0.53179705143, 1.68402397633, 0, 0, 0, 1.06359410286, 0.53179705143, 2.50387763977, 3.7447373867, 4.6753821373, 1.24085974693, 5.29581212997, 7.79968976974, 27.8971862793],
    "thpcp": [1, 0.913305044174, 0.752803087234, 0.686419785023, 0.606493711472, 0.615941405296, 0.88977265358, 0.905054748058, 0.55795955658, 0.544996082783, 0.620086789131, 0.610864758492, 0.582309365273, 0.50289863348, 0.621263682842, 0.889521837234, 0.770948588848, 0.417102009058, 0.245044738054, 0.227876797318, 0.359259545803, 0.577315926552, 0.658717095852, 0.51703119278, 0.3601577878, 0.419405758381, 0.702708661556, 0.908796072006, 0.707542896271, 0.494771808386, 0.569098412991, 0.511483252048, 0.355422049761, 0.319089740515, 0.433221340179, 0.730931997299],
    "chords_key": "B",
    "chords_scale": "minor"
}
}