{
"metadata": {
    "version": {
        "essentia": "2.1-dev",
        "essentia_git_sha": "v2.1_beta3-415-gd5473f3",
        "extractor": "music 2.0"
    },
    "audio_properties": {
        "analysis": {
            "equal_loudness": 0,
            "length": 187.872650146,
            "sample_rate": 44100,
            "start_time": 0,
            "downmix": "mix"
        },
        "bit_rate": 192000,
        "length": 187.872650146,
        "lossless": 0,
        "number_channels": 2,
        "replay_gain": -4.80661964417,
        "sample_rate": 44100,
        "codec": "mp3",
        "md5_encoded": "6a5a6c858fb3be2468e5ab4d736003f4"
    },
    "tags": {
        "file_name": "ann_peebles-beware-just-.mp3",
        "album": ["The Singles "],
        "artist": ["Ann Peebles"],
        "date": ["2002"],
        "genre": ["Soul"],
        "title": ["beware"]
    }
},
"lowlevel": {
    "average_loudness": 0.927055895329,
    "barkbands_crest": {
        "mean": 11.2383880615,
        "stdev": 4.55494976044
    },
    "barkbands_flatness_db": {
        "mean": 0.18241250515,
        "stdev": 0.0768460258842
    },
    "barkbands_kurtosis": {
        "mean": 7.08053445816,
        "stdev": 14.3053512573
    },
    "barkbands_skewness": {
        "mean": 1.62994205952,
        "stdev": 1.62635302544
    },
    "barkbands_spread": {
        "mean": 22.9949741364,
        "stdev": 18.3389835358
    },
    "dissonance": {
        "mean": 0.447765856981,
        "stdev": 0.0449736565351
    },
    "dynamic_complexity": 4.45400381088,
    "erbbands_crest": {
        "mean": 10.3697910309,
        "stdev": 5.80048131943
    },
    "erbbands_flatness_db": {
        "mean": 0.176437824965,
        "stdev": 0.0549728311598
    },
    "erbbands_kurtosis": {
        "mean": 1.88360714912,
        "stdev": 4.47085380554
    },
    "erbbands_skewness": {
        "mean": 0.481508523226,
        "stdev": 1.12706959248
    },
    "erbbands_spread": {
        "mean": 41.0226249695,
        "stdev": 27.1403198242
    },
    "hfc": {
        "mean": 22.4279537201,
        "stdev": 31.5884780884
    },
    "loudness_ebu128": {
        "integrated": -19.3025665283,
        "loudness_range": 2.44761276245,
        "momentary": {
            "mean": -25.3213806152,
            "stdev": 35.6610412598
        },
        "short_term": {
            "mean": -20.6468143463,
            "stdev": 7.17341423035
        }
    },
    "melbands_crest": {
        "mean": 13.9529027939,
        "stdev": 4.7250623703
    },
    "melbands_flatness_db": {
        "mean": 0.235295861959,
        "stdev": 0.108443342149
    },
    "melbands_kurtosis": {
        "mean": 20.1721477509,
        "stdev": 33.9815864563
    },
    "melbands_skewness": {
        "mean": 2.84965157509,
        "stdev": 2.17897200584
    },
    "melbands_spread": {
        "mean": 26.2141742706,
        "stdev": 29.7483959198
    },
    "pitch_salience": {
        "mean": 0.525733888149,
        "stdev": 0.125979453325
    },
    "silence_rate_20dB": {
        "mean": 1,
        "stdev": 0
    },
    "silence_rate_30dB": {
        "mean": 0.987271368504,
        "stdev": 0.11209589988
    },
    "silence_rate_60dB": {
        "mean": 0.123208105564,
        "stdev": 0.328668385744
    },
    "spectral_centroid": {
        "mean": 1436.22155762,
        "stdev": 1594.46337891
    },
    "spectral_complexity": {
        "mean": 13.6968612671,
        "stdev": 10.5033836365
    },
    "spectral_decrease": {
        "mean": -6.09730577139e-09,
        "stdev": 6.62269616925e-09
    },
    "spectral_energy": {
        "mean": 0.0250468887389,
        "stdev": 0.0269421078265
    },
    "spectral_energyband_high": {
        "mean": 0.00166329205967,
        "stdev": 0.00348312524147
    },
    "spectral_energyband_low": {
        "mean": 0.0101593825966,
        "stdev": 0.0161251518875
    },
    "spectral_energyband_middle_high": {
        "mean": 0.00477213133126,
        "stdev": 0.00696174520999
    },
    "spectral_energyband_middle_low": {
        "mean": 0.00974212866277,
        "stdev": 0.01406100858
    },
    "spectral_entropy": {
        "mean": 7.40784931183,
        "stdev": 0.773248612881
    },
    "spectral_flux": {
        "mean": 0.0839207917452,
        "stdev": 0.0648303627968
    },
    "spectral_kurtosis": {
        "mean": 5.53610134125,
        "stdev": 8.32950496674
    },
    "spectral_rms": {
        "mean": 0.0043408931233,
        "stdev": 0.00236487132497
    },
    "spectral_rolloff": {
        "mean": 1874.09753418,
        "stdev": 3039.6796875
    },
    "spectral_skewness": {
        "mean": 1.591553092,
        "stdev": 1.01630520821
    },
    "spectral_spread": {
        "mean": 5597069.5,
        "stdev": 5352409.5
    },
    "spectral_strongpeak": {
        "mean": 0.943215489388,
        "stdev": 1.37164676189
    },
    "zerocrossingrate": {
        "mean": 0.0642901435494,
        "stdev": 0.0743410438299
    },
    "barkbands": {
        "mean": [7.68243990024e-05, 0.0063524027355, 0.00267431838438, 0.00156903848983, 0.00299445283599, 0.00165675696917, 0.000689109961968, 0.000989888096228, 0.00138997158501, 0.00157474272419, 0.000597671663854, 0.000692347122822, 0.000351082184352, 0.000433128821896, 0.000306748232106, 0.00033205631189, 0.000222315400606, 0.000187721598195, 0.000197606394067, 0.000261040986516, 0.000309829076286, 0.000363650324289, 0.000383304257412, 0.00029269233346, 0.00013730552746, 1.08783906398e-05, 2.63241535237e-08],
        "stdev": [0.000182890202268, 0.0107216369361, 0.00600834144279, 0.00365665112622, 0.00755010079592, 0.00357129750773, 0.00240199803375, 0.00308937137015, 0.0039109387435, 0.00431752344593, 0.00208255392499, 0.00214199512266, 0.000880389881786, 0.00110349070746, 0.000748081889469, 0.000808116514236, 0.000443995173555, 0.000322215928463, 0.000420647906139, 0.000645063817501, 0.000654533796478, 0.000824515707791, 0.000895633420441, 0.000689729698934, 0.000295004021609, 2.54684146057e-05, 1.73127887138e-07]
    },
    "erbbands": {
        "mean": [0.118474453688, 1.63041186333, 3.16515827179, 5.14454126358, 6.62526750565, 9.78968143463, 14.187584877, 13.402762413, 10.1084527969, 14.9474449158, 22.6330299377, 35.0580329895, 44.0119514465, 36.2519874573, 27.6559257507, 29.6029891968, 17.2522773743, 21.203578949, 19.2156562805, 19.6527614594, 14.051076889, 13.0208816528, 11.3721828461, 7.2567615509, 12.432144165, 12.3408260345, 12.7285375595, 12.679227829, 12.6142139435, 13.5422468185, 10.2270126343, 6.90529251099, 4.33542299271, 2.12335109711, 0.683434903622, 0.111258022487, 0.0102364318445, 0.000546551833395, 4.12939843955e-05, 3.51131457137e-05],
        "stdev": [0.177025333047, 2.83661055565, 6.64854764938, 11.0418977737, 20.7710399628, 24.9661750793, 25.8161849976, 35.2627639771, 33.1817817688, 58.6414871216, 62.402797699, 106.046524048, 119.727615356, 102.662101746, 85.3927078247, 89.1652984619, 38.979927063, 56.2898292542, 43.0880279541, 48.5526390076, 33.5505752563, 25.4951496124, 18.9581451416, 14.3129301071, 26.2728843689, 32.0718231201, 27.3396625519, 27.9116592407, 28.3982429504, 32.8058738708, 23.8701438904, 17.0337238312, 10.1504745483, 4.6986079216, 1.40623188019, 0.241936579347, 0.0267072003335, 0.00157795136329, 7.56519439165e-05, 3.97339645133e-05]
    },
    "gfcc": {
        "mean": [-73.9208297729, 112.616661072, -107.496025085, 49.6086273193, -64.6531524658, 25.09516716, -34.4947662354, 6.96870613098, -18.6394405365, -5.05955648422, -8.58408546448, -6.78046607971, 1.25947964191],
        "cov": [[38174.8476562, -747.704101562, -3584.05224609, 1818.59375, -2572.34667969, 1492.60668945, -1233.66259766, 586.097351074, -751.556884766, 167.685745239, -769.128479004, 43.7971191406, -145.442214966], [-747.704101562, 2717.37890625, -263.246582031, -522.747070312, 617.730407715, -360.359283447, 258.72467041, -191.464691162, 208.99256897, -201.11277771, 323.656585693, -169.944824219, 137.07421875], [-3584.05224609, -263.246582031, 1550.16540527, 91.8613586426, 99.631072998, 2.83622527122, -25.1834945679, 54.5445327759, -85.5587768555, 45.9364433289, 64.2278594971, 48.1981430054, -51.0570793152], [1818.59375, -522.747070312, 91.8613586426, 637.434204102, -200.322799683, 14.1484422684, -119.246582031, 29.5105648041, -26.1392440796, 37.7180290222, -76.1358337402, 23.2317886353, -20.3040008545], [-2572.34667969, 617.730407715, 99.631072998, -200.322799683, 597.003479004, -136.85836792, 169.551818848, -51.582698822, 99.4271011353, -23.1364402771, 102.557754517, -54.0914154053, 44.7620697021], [1492.60668945, -360.359283447, 2.83622527122, 14.1484422684, -136.85836792, 377.5027771, -7.14734315872, 45.8738212585, -106.7710495, 37.515750885, -57.0937614441, 31.2711620331, -31.2477874756], [-1233.66259766, 258.72467041, -25.1834945679, -119.246582031, 169.551818848, -7.14734315872, 270.197296143, -24.9659290314, 36.4231376648, -45.6414108276, 56.6608810425, -24.2008419037, 10.6244764328], [586.097351074, -191.464691162, 54.5445327759, 29.5105648041, -51.582698822, 45.8738212585, -24.9659290314, 196.146972656, -12.3733434677, 21.66796875, -54.9034843445, 1.39346241951, -18.8764400482], [-751.556884766, 208.99256897, -85.5587768555, -26.1392440796, 99.4271011353, -106.7710495, 36.4231376648, -12.3733434677, 198.82951355, -11.0160894394, 11.2370157242, -19.8103218079, 27.0307598114], [167.685745239, -201.11277771, 45.9364433289, 37.7180290222, -23.1364402771, 37.515750885, -45.6414108276, 21.66796875, -11.0160894394, 128.346115112, 7.57616233826, -1.14516186714, -21.6973628998], [-769.128479004, 323.656585693, 64.2278594971, -76.1358337402, 102.557754517, -57.0937614441, 56.6608810425, -54.9034843445, 11.2370157242, 7.57616233826, 156.938461304, 3.09338307381, 6.43823289871], [43.7971191406, -169.944824219, 48.1981430054, 23.2317886353, -54.0914154053, 31.2711620331, -24.2008419037, 1.39346241951, -19.8103218079, -1.14516186714, 3.09338307381, 103.163696289, 23.3793010712], [-145.442214966, 137.07421875, -51.0570793152, -20.3040008545, 44.7620697021, -31.2477874756, 10.6244764328, -18.8764400482, 27.0307598114, -21.6973628998, 6.43823289871, 23.3793010712, 89.8679962158]],
        "icov": [[0.000162458542036, -0.000377578166081, 0.000368438195437, -0.000493040017318, 0.000396633986384, -0.000525817042217, 0.000383807724575, -0.000395121518523, 0.000422144687036, -0.000309034308884, 0.000436877366155, -0.000285887566861, 0.000269498006674], [-0.000377578166081, 0.00189168890938, -0.00074759311974, 0.00149197736755, -0.00127442972735, 0.00133120047394, -0.000635154836345, 0.000947952270508, -0.00127406534739, 0.00206780899316, -0.00282712327316, 0.00231107254513, -0.00172846508212], [0.000368438195437, -0.00074759311974, 0.00160181359388, -0.00123970629647, 0.000550528231543, -0.00111468578689, 0.0010118575301, -0.00116823078133, 0.00127336615697, -0.000633183459286, 0.000467863457743, -0.000986739527434, 0.00102702854201], [-0.000493040017318, 0.00149197736755, -0.00123970629647, 0.00352574815042, -0.000820551940706, 0.00188763230108, -0.000778654008172, 0.00132962269709, -0.00145097263157, 0.000958472141065, -0.00122770376038, 0.00127193401568, -0.00112008338328], [0.000396633986384, -0.00127442972735, 0.000550528231543, -0.000820551940706, 0.00387114216574, -0.000834303384181, -0.000340109632816, -0.000827115261927, 0.000478989415569, -0.00156685907859, 0.00100005604327, -3.06862930302e-05, -0.000224647825235], [-0.000525817042217, 0.00133120047394, -0.00111468578689, 0.00188763230108, -0.000834303384181, 0.00547634484246, -0.00216017407365, 0.00103641126771, 0.000266715098405, -0.000104302940599, -0.000269155192655, 4.06668332289e-05, -0.000392159388866], [0.000383807724575, -0.000635154836345, 0.0010118575301, -0.000778654008172, -0.000340109632816, -0.00216017407365, 0.00629871711135, -0.00106856669299, 0.000331212300807, 0.00156254612375, -0.000947582768276, 0.000418290088419, 0.000674784998409], [-0.000395121518523, 0.000947952270508, -0.00116823078133, 0.00132962269709, -0.000827115261927, 0.00103641126771, -0.00106856669299, 0.00696262530982, -0.00122672319412, -0.000138175571919, 0.0010528031271, 0.000611405237578, 1.36125445351e-05], [0.000422144687036, -0.00127406534739, 0.00127336615697, -0.00145097263157, 0.000478989415569, 0.000266715098405, 0.000331212300807, -0.00122672319412, 0.00779802631587, -0.00173687003553, 0.0022539536003, -0.000842090812512, -0.000127793085994], [-0.000309034308884, 0.00206780899316, -0.000633183459286, 0.000958472141065, -0.00156685907859, -0.000104302940599, 0.00156254612375, -0.000138175571919, -0.00173687003553, 0.0118323033676, -0.00517723057419, 0.00323002948426, -0.00035713944817], [0.000436877366155, -0.00282712327316, 0.000467863457743, -0.00122770376038, 0.00100005604327, -0.000269155192655, -0.000947582768276, 0.0010528031271, 0.0022539536003, -0.00517723057419, 0.013574753888, -0.00517086219043, 0.00319388019852], [-0.000285887566861, 0.00231107254513, -0.000986739527434, 0.00127193401568, -3.06862930302e-05, 4.06668332289e-05, 0.000418290088419, 0.000611405237578, -0.000842090812512, 0.00323002948426, -0.00517086219043, 0.015419065021, -0.00676027266309], [0.000269498006674, -0.00172846508212, 0.00102702854201, -0.00112008338328, -0.000224647825235, -0.000392159388866, 0.000674784998409, 1.36125445351e-05, -0.000127793085994, -0.00035713944817, 0.00319388019852, -0.00676027266309, 0.0159111302346]]
    },
    "melbands": {
        "mean": [0.00149197480641, 0.00195557344705, 0.000889600603841, 0.000608900445513, 0.000491502636578, 0.00029643450398, 0.000147398270201, 0.000174391607288, 0.000185499389772, 0.000218350804062, 0.000222786693485, 0.000157115893671, 8.57024933794e-05, 8.98894359125e-05, 5.11659454787e-05, 3.44319050782e-05, 3.90654822695e-05, 3.23618114635e-05, 2.16094704228e-05, 2.70797900157e-05, 1.44048872244e-05, 1.31343895191e-05, 1.22484452731e-05, 8.43245834403e-06, 5.10664585818e-06, 8.88318663783e-06, 7.81210746936e-06, 8.58204657561e-06, 8.2147480498e-06, 6.71642601446e-06, 7.86942746345e-06, 7.16442991688e-06, 6.93896390658e-06, 7.72882685851e-06, 6.14677583144e-06, 4.65022685603e-06, 4.10199299949e-06, 3.22861228597e-06, 2.34311323766e-06, 1.59542787515e-06],
        "stdev": [0.00235881842673, 0.00362365879118, 0.00186472572386, 0.00181631161831, 0.000872758158948, 0.000731709355023, 0.000480956136016, 0.000659479992464, 0.000517703883816, 0.00066327204695, 0.000621518702246, 0.000467685546027, 0.000297716091154, 0.000283334811684, 0.000133619323606, 8.71933880262e-05, 0.00011389102292, 7.89994592196e-05, 5.32774611202e-05, 7.03898040229e-05, 3.84066515835e-05, 2.85165024252e-05, 2.18793338718e-05, 1.49793440869e-05, 1.1244608686e-05, 1.96521195903e-05, 1.69527338585e-05, 2.55816921708e-05, 1.85204880836e-05, 1.41410018841e-05, 1.8378790628e-05, 1.64006887644e-05, 1.65306846611e-05, 1.95701886696e-05, 1.4620035472e-05, 1.16405799417e-05, 1.02677313407e-05, 7.84908570495e-06, 5.4461261243e-06, 3.51287371814e-06]
    },
    "melbands128": {
        "mean": [6.99012089171e-05, 0.000554530357476, 0.00230480986647, 0.00289139244705, 0.00179261504672, 0.00135078513995, 0.00114372081589, 0.00062368781073, 0.000645215972327, 0.000753014930524, 0.000480099988636, 0.000539522734471, 0.00053254282102, 0.000367169850506, 0.000354252144461, 0.000212979488424, 0.00015725416597, 0.000148361956235, 8.89543807716e-05, 0.000185743061593, 0.000191972983885, 0.000197182380361, 0.000181935771252, 0.000153813220095, 0.000277516373899, 0.000200986803975, 0.00016936720931, 0.000229082434089, 0.000274585327134, 0.000215182924876, 0.000104391911009, 6.08028021816e-05, 0.00010332189413, 8.73199969647e-05, 6.35861433693e-05, 0.000122058707348, 6.99787706253e-05, 4.6546341764e-05, 4.05931314162e-05, 3.32324707415e-05, 3.17628873745e-05, 3.45492517226e-05, 5.34606842848e-05, 2.75489001069e-05, 3.35296608682e-05, 4.03570920753e-05, 2.28004064411e-05, 1.45741878441e-05, 2.13564762817e-05, 3.66146159649e-05, 2.98593040498e-05, 1.68740061781e-05, 1.36343287522e-05, 1.4858227587e-05, 1.1652124158e-05, 1.24104899442e-05, 1.5395853552e-05, 1.26532268041e-05, 1.10259170469e-05, 1.16575401989e-05, 8.12577127363e-06, 6.81484698362e-06, 5.16992122357e-06, 4.29572355642e-06, 5.28643704456e-06, 8.41119981487e-06, 1.31576325657e-05, 7.64919877838e-06, 7.12265818947e-06, 6.39691825199e-06, 7.63840853324e-06, 1.13901396617e-05, 8.07971809991e-06, 7.56992949391e-06, 8.43167708808e-06, 6.4572473093e-06, 6.12422945778e-06, 6.36854429104e-06, 9.12940140552e-06, 8.14820305095e-06, 7.2603843364e-06, 6.81159826854e-06, 6.60127989249e-06, 6.48788454782e-06, 7.58905662224e-06, 8.5056417447e-06, 7.62463469073e-06, 6.58379076413e-06, 6.32605497231e-06, 5.76914271733e-06, 4.64686991108e-06, 4.61608578917e-06, 4.05706805395e-06, 4.16104603573e-06, 4.17673072661e-06, 3.45850753547e-06, 3.11046710522e-06, 2.70275450021e-06, 2.41871316575e-06, 2.14148622035e-06, 1.92062179849e-06, 1.47583682519e-06, 1.25929170736e-06, 1.01093041849e-06, 8.06406660558e-07, 5.00026658301e-07, 3.13530250651e-07, 2.3321048559e-07, 1.60817933192e-07, 9.5078654283e-08, 5.23135597064e-08, 3.00669817932e-08, 2.01345109474e-08, 1.08871489601e-08, 5.51741408117e-09, 2.49756437753e-09, 1.00546149184e-09, 1.17867313132e-10, 2.14847185181e-11, 9.93461389542e-12, 7.71313568571e-12, 4.84152952104e-12, 4.20511889199e-12, 3.56237196859e-12, 3.51601105002e-12, 3.48409625803e-12, 3.45928385763e-12, 3.42957064657e-12],
        "stdev": [0.000168273851159, 0.000897403398994, 0.00356598221697, 0.00540635921061, 0.00397789757699, 0.00302733294666, 0.0026118743699, 0.00160976068582, 0.00236778287217, 0.00253319903277, 0.00155937799718, 0.00115998263936, 0.00108197878581, 0.000994547852315, 0.0011676835129, 0.000732504588086, 0.000708391948137, 0.000685050850734, 0.000473653839435, 0.000942373066209, 0.00099472864531, 0.000709388870746, 0.000724820245523, 0.000678468320984, 0.00112504407298, 0.00080657628132, 0.00072552182246, 0.000911654788069, 0.00102640513796, 0.000802643946372, 0.000498392095324, 0.000285348680336, 0.000488575955387, 0.000408120977227, 0.000313185766572, 0.000509388162754, 0.000310913543217, 0.000172239771928, 0.000153145403601, 0.000122770070448, 0.000123313904624, 0.00012492154201, 0.000204325988307, 0.000124782556668, 0.000119723568787, 0.000124535697978, 9.71727567958e-05, 5.76301681576e-05, 8.12026191852e-05, 0.000138304458233, 9.3782597105e-05, 8.35370010464e-05, 5.08077391714e-05, 4.52847816632e-05, 3.76459211111e-05, 4.12217705161e-05, 4.02607001888e-05, 3.0611132388e-05, 2.72494980891e-05, 2.60193701251e-05, 1.88919730135e-05, 1.66493482538e-05, 1.26097584143e-05, 1.16229966807e-05, 1.70737657754e-05, 2.02208357223e-05, 3.55555530405e-05, 1.79641756404e-05, 1.93542000488e-05, 1.83665360964e-05, 2.36093783315e-05, 5.00678070239e-05, 1.99684382096e-05, 1.94514559553e-05, 2.03267445613e-05, 1.5068072571e-05, 1.49641755343e-05, 1.66736008396e-05, 2.40313620452e-05, 2.11261813092e-05, 1.77931142389e-05, 1.69909526448e-05, 1.67156613315e-05, 1.71718183992e-05, 1.98422367248e-05, 2.38697884924e-05, 2.12208269659e-05, 1.68232418218e-05, 1.60278141266e-05, 1.49341676661e-05, 1.2044702089e-05, 1.29992431539e-05, 1.27739212985e-05, 1.1608861314e-05, 1.05370882011e-05, 8.89090915734e-06, 8.89286638994e-06, 6.51308664601e-06, 6.1524647208e-06, 5.36402467333e-06, 4.54451901533e-06, 3.34233050125e-06, 2.96616303785e-06, 2.15902741729e-06, 1.69067527622e-06, 1.15923842259e-06, 7.11224288352e-07, 5.55698022708e-07, 3.73183212332e-07, 2.3828188489e-07, 1.45843003452e-07, 9.65198410086e-08, 6.7893125788e-08, 3.76349973408e-08, 2.02358094725e-08, 1.11769038469e-08, 6.70760558208e-09, 1.4746583954e-09, 3.71847913572e-10, 1.94831886735e-10, 1.2252181214e-10, 4.35694397227e-11, 4.72330785595e-11, 6.35988961148e-12, 6.25400078946e-12, 6.17300524933e-12, 6.11475063292e-12, 6.07786130452e-12]
    },
    "mfcc": {
        "mean": [-696.642578125, 121.276405334, 21.2904281616, 25.4634914398, 5.98183584213, 11.4258136749, 2.36053824425, 7.28740596771, 1.5481544733, 1.21739113331, -1.08493030071, -2.58382511139, -1.46269834042],
        "cov": [[17663.671875, -2076.6730957, -456.850921631, -58.2294578552, -487.301757812, 316.571899414, -249.055755615, 118.935089111, 269.835479736, 16.9011707306, -147.904510498, 73.0949249268, -222.335952759], [-2076.6730957, 3163.28076172, -379.786224365, -15.8102560043, 255.695678711, -56.7020378113, 163.651290894, 54.6167602539, -70.2419967651, -0.229519709945, 154.674621582, -12.6613197327, 43.9784927368], [-456.850921631, -379.786224365, 1209.8548584, 122.06867981, 82.0819320679, 16.4704856873, 60.8708839417, 7.59124279022, -70.9094924927, -29.8619346619, -9.16567802429, -45.0647163391, 35.9069366455], [-58.2294578552, -15.8102560043, 122.06867981, 476.442260742, 80.0737457275, -28.3687705994, -42.7482070923, -15.1924858093, 24.146692276, 2.38014292717, -32.649143219, 50.6876106262, 38.3027877808], [-487.301757812, 255.695678711, 82.0819320679, 80.0737457275, 272.254699707, 1.96418786049, 20.4326248169, -13.0824480057, 17.666097641, 14.1140270233, 5.65386629105, 3.1484875679, 30.9014377594], [316.571899414, -56.7020378113, 16.4704856873, -28.3687705994, 1.96418786049, 232.213867188, 57.585269928, 10.7206468582, -8.77537250519, -0.520133912563, -6.74509906769, -6.32885503769, -8.40694999695], [-249.055755615, 163.651290894, 60.8708839417, -42.7482070923, 20.4326248169, 57.585269928, 248.171722412, 32.7971763611, -38.9925804138, 23.9514865875, 20.238986969, -16.1648788452, 11.2593126297], [118.935089111, 54.6167602539, 7.59124279022, -15.1924858093, -13.0824480057, 10.7206468582, 32.7971763611, 153.201187134, 40.0463409424, -13.1082935333, 6.12593173981, -16.9110469818, -6.22367048264], [269.835479736, -70.2419967651, -70.9094924927, 24.146692276, 17.666097641, -8.77537250519, -38.9925804138, 40.0463409424, 150.418914795, 27.2979240417, -11.4444532394, 2.25969433784, -15.7529888153], [16.9011707306, -0.229519709945, -29.8619346619, 2.38014292717, 14.1140270233, -0.520133912563, 23.9514865875, -13.1082935333, 27.2979240417, 128.970581055, 26.1625919342, -7.12251520157, 0.236607298255], [-147.904510498, 154.674621582, -9.16567802429, -32.649143219, 5.65386629105, -6.74509906769, 20.238986969, 6.12593173981, -11.4444532394, 26.1625919342, 96.0540084839, 20.8628902435, 1.21997857094], [73.0949249268, -12.6613197327, -45.0647163391, 50.6876106262, 3.1484875679, -6.32885503769, -16.1648788452, -16.9110469818, 2.25969433784, -7.12251520157, 20.8628902435, 103.07006073, 26.6463489532], [-222.335952759, 43.9784927368, 35.9069366455, 38.3027877808, 30.9014377594, -8.40694999695, 11.2593126297, -6.22367048264, -15.7529888153, 0.236607298255, 1.21997857094, 26.6463489532, 86.5817184448]],
        "icov": [[6.90841770847e-05, 3.25942419295e-05, 2.03554100153e-05, -5.38596259503e-06, 7.46722653275e-05, -9.56143558142e-05, 4.23651217716e-05, -5.57765924896e-05, -6.28663037787e-05, -2.93433004117e-05, 5.5590262491e-05, -8.81414089235e-05, 0.000124320038594], [3.25942419295e-05, 0.000455070374301, 0.000227461525355, -7.31668696972e-05, -0.000415454851463, 9.87993553281e-05, -0.000208770230529, -0.000182494521141, 0.000214136365685, 0.000229832687182, -0.000699540250935, 0.000298029597616, -8.10434430605e-05], [2.03554100153e-05, 0.000227461525355, 0.00105329998769, -0.000334911805112, -0.000399397220463, -1.18924310755e-06, -0.000239603643422, -0.000177160574822, 0.000507186283357, 0.000347814289853, -0.000461796298623, 0.000776493630838, -0.000332208670443], [-5.38596259503e-06, -7.31668696972e-05, -0.000334911805112, 0.00263297557831, -0.00057314557489, 0.000217440581764, 0.000394352420699, -6.23298983555e-05, -0.000237699758145, -0.000457486778032, 0.00138357456308, -0.00156366615556, -0.000412922847318], [7.46722653275e-05, -0.000415454851463, -0.000399397220463, -0.00057314557489, 0.00476942677051, -0.0003572323767, -0.000207509176107, 0.00084401894128, -0.00136299035512, -0.000206660246477, 9.2497379228e-05, 0.000235334431636, -0.00114844553173], [-9.56143558142e-05, 9.87993553281e-05, -1.18924310755e-06, 0.000217440581764, -0.0003572323767, 0.00483672134578, -0.00123283371795, -0.000116720344522, 0.000272715435131, 0.000134854592034, 0.000412907305872, -0.000126064944197, 0.000439881230704], [4.23651217716e-05, -0.000208770230529, -0.000239603643422, 0.000394352420699, -0.000207509176107, -0.00123283371795, 0.00526536954567, -0.00151806033682, 0.00159890018404, -0.00151511246804, 6.94907930665e-06, 0.000126525206724, -0.000443731463747], [-5.57765924896e-05, -0.000182494521141, -0.000177160574822, -6.23298983555e-05, 0.00084401894128, -0.000116720344522, -0.00151806033682, 0.00832387339324, -0.00335294054821, 0.00210022530518, -0.00143836741336, 0.00172830768861, -0.000593727861997], [-6.28663037787e-05, 0.000214136365685, 0.000507186283357, -0.000237699758145, -0.00136299035512, 0.000272715435131, 0.00159890018404, -0.00335294054821, 0.00942624360323, -0.00272559514269, 0.00155895424541, -0.00097903504502, 0.00169044232462], [-2.93433004117e-05, 0.000229832687182, 0.000347814289853, -0.000457486778032, -0.000206660246477, 0.000134854592034, -0.00151511246804, 0.00210022530518, -0.00272559514269, 0.00984517484903, -0.003822614206, 0.00228690705262, -0.000871865020599], [5.5590262491e-05, -0.000699540250935, -0.000461796298623, 0.00138357456308, 9.2497379228e-05, 0.000412907305872, 6.94907930665e-06, -0.00143836741336, 0.00155895424541, -0.003822614206, 0.0144214844331, -0.004841088783, 0.00156107184011], [-8.81414089235e-05, 0.000298029597616, 0.000776493630838, -0.00156366615556, 0.000235334431636, -0.000126064944197, 0.000126525206724, 0.00172830768861, -0.00097903504502, 0.00228690705262, -0.004841088783, 0.0134574687108, -0.00425428152084], [0.000124320038594, -8.10434430605e-05, -0.000332208670443, -0.000412922847318, -0.00114844553173, 0.000439881230704, -0.000443731463747, -0.000593727861997, 0.00169044232462, -0.000871865020599, 0.00156107184011, -0.00425428152084, 0.0142955081537]]
    },
    "spectral_contrast_coeffs": {
        "mean": [-0.744350075722, -0.756856441498, -0.742903828621, -0.782100558281, -0.792873084545, -0.780057013035],
        "stdev": [0.070895627141, 0.0935003980994, 0.104244664311, 0.0784373506904, 0.0560928545892, 0.0616944022477]
    },
    "spectral_contrast_valleys": {
        "mean": [-6.97752952576, -7.63479852676, -8.45721435547, -8.7957277298, -8.68404483795, -10.8544054031],
        "stdev": [3.05058002472, 2.96087956429, 2.89645433426, 2.892827034, 2.98064994812, 2.912804842]
    }
},
"rhythm": {
    "beats_count": 340,
    "beats_loudness": {
        "mean": 0.0480710417032,
        "stdev": 0.0251565966755
    },
    "bpm": 108.940368652,
    "bpm_histogram_first_peak_bpm": 110,
    "bpm_histogram_first_peak_weight": 0.498480260372,
    "bpm_histogram_second_peak_bpm": 105,
    "bpm_histogram_second_peak_spread": 0.142857134342,
    "bpm_histogram_second_peak_weight": 0.0176991149783,
    "danceability": 1.42357182503,
    "onset_rate": 3.74166512489,
    "beats_loudness_band_ratio": {
        "mean": [0.437098056078, 0.203142046928, 0.112047344446, 0.0885704234242, 0.0473056025803, 0.145106092095],
        "stdev": [0.230962947011, 0.165548577905, 0.118335530162, 0.105089686811, 0.0383896455169, 0.0909347385168]
    },
    "beats_position": [0.53405892849, 1.07972788811, 1.57895684242, 2.07818579674, 2.60063481331, 3.15791368484, 3.70358276367, 4.2492518425, 4.79492044449, 5.34058952332, 5.89786815643, 6.44353723526, 6.98920631409, 7.53487491608, 8.08054447174, 8.62621307373, 9.17188167572, 9.71755123138, 10.2632198334, 10.7972784042, 11.3313379288, 11.8886165619, 12.4342851639, 12.9799547195, 13.5256233215, 14.0712919235, 14.6169614792, 15.1626300812, 15.7082986832, 16.2539672852, 16.8112468719, 17.3685264587, 17.9141941071, 18.4598636627, 19.0055332184, 19.5512008667, 20.0968704224, 20.642539978, 21.1998176575, 21.7454872131, 22.2911567688, 22.8484344482, 23.405714035, 23.9397735596, 24.497051239, 25.0427207947, 25.5883903503, 26.1340579987, 26.6797275543, 27.22539711, 27.7710647583, 28.3283443451, 28.8856239319, 29.4429016113, 30.0001811981, 30.5458488464, 31.0915184021, 31.6371879578, 32.1828575134, 32.7401351929, 33.2974128723, 33.8546943665, 34.4119720459, 34.9576416016, 35.5033111572, 36.0489807129, 36.5946464539, 37.151927948, 37.6975975037, 38.2432632446, 38.8005447388, 39.3462142944, 39.8918800354, 40.4375495911, 40.9832191467, 41.5404968262, 42.0977783203, 42.6434440613, 43.1891136169, 43.7463951111, 44.3036727905, 44.86095047, 45.4182319641, 45.9638977051, 46.5095672607, 47.0552368164, 47.6009063721, 48.1581840515, 48.7154655457, 49.2727432251, 49.8300209045, 50.3873023987, 50.9445800781, 51.5018577576, 52.0591392517, 52.6164169312, 53.1736946106, 53.7193641663, 54.2650337219, 54.8107032776, 55.3563690186, 55.9136505127, 56.4709281921, 57.0282058716, 57.5738754272, 58.1195449829, 58.6768226624, 59.222492218, 59.7681617737, 60.3254394531, 60.8827209473, 61.4399986267, 61.9972763062, 62.5545578003, 63.1118354797, 63.6575050354, 64.2031707764, 64.7604522705, 65.3177337646, 65.8750076294, 66.4322891235, 66.9663467407, 67.5236282349, 68.0809020996, 68.6381835938, 69.1954650879, 69.7527389526, 70.2984085083, 70.844078064, 71.4013595581, 71.9586410522, 72.515914917, 73.0731964111, 73.6188659668, 74.1645355225, 74.7102050781, 75.2558746338, 75.8015441895, 76.3472061157, 76.9044876099, 77.4501571655, 77.9958267212, 78.5531082153, 79.098777771, 79.6444396973, 80.1785049438, 80.7357788086, 81.2814483643, 81.8271179199, 82.3843994141, 82.9416732788, 83.4873428345, 84.0330123901, 84.5786819458, 85.1243515015, 85.6700210571, 86.2156906128, 86.7729721069, 87.3186416626, 87.8643035889, 88.3983688354, 88.9556427002, 89.5129241943, 90.05859375, 90.6042633057, 91.1615371704, 91.7188186646, 92.2644882202, 92.8101577759, 93.3558273315, 93.9014968872, 94.4471664429, 94.9928359985, 95.5384979248, 96.0841674805, 96.6414489746, 97.1987304688, 97.7444000244, 98.2900695801, 98.8357315063, 99.381401062, 99.9386825562, 100.49596405, 101.053237915, 101.610519409, 102.156188965, 102.701858521, 103.259140015, 103.816413879, 104.373695374, 104.930976868, 105.476638794, 106.02230835, 106.567977905, 107.113647461, 107.670928955, 108.22820282, 108.785484314, 109.342765808, 109.900039673, 110.457321167, 111.014602661, 111.571876526, 112.12915802, 112.686439514, 113.243713379, 113.789382935, 114.33505249, 114.892333984, 115.449615479, 115.983673096, 116.54094696, 117.086616516, 117.632286072, 118.189567566, 118.74684906, 119.292518616, 119.838180542, 120.372245789, 120.917915344, 121.463577271, 122.009246826, 122.554916382, 123.100585938, 123.646255493, 124.191925049, 124.749206543, 125.294876099, 125.852149963, 126.409431458, 126.955101013, 127.500770569, 128.046432495, 128.592102051, 129.149383545, 129.695053101, 130.252334595, 130.809616089, 131.355285645, 131.9009552, 132.446624756, 133.003890991, 133.561172485, 134.106842041, 134.652511597, 135.198181152, 135.743850708, 136.301132202, 136.858413696, 137.404083252, 137.949752808, 138.483810425, 139.02947998, 139.575149536, 140.13243103, 140.689697266, 141.24697876, 141.804260254, 142.361541748, 142.895599365, 143.452880859, 143.998550415, 144.544219971, 145.089889526, 145.635559082, 146.181228638, 146.726898193, 147.27255249, 147.818222046, 148.37550354, 148.932785034, 149.490066528, 150.047348022, 150.604629517, 151.161895752, 151.719177246, 152.27645874, 152.845352173, 153.414230347, 153.971511841, 154.528793335, 155.086074829, 155.643356323, 156.189025879, 156.734695435, 157.291976929, 157.849243164, 158.39491272, 158.940582275, 159.49786377, 160.055145264, 160.612426758, 161.169708252, 161.726974487, 162.284255981, 162.841537476, 163.387207031, 163.932876587, 164.490158081, 165.047439575, 165.604721069, 166.161987305, 166.719268799, 167.253326416, 167.81060791, 168.367889404, 168.925170898, 169.482452393, 170.039718628, 170.597000122, 171.142669678, 171.688339233, 172.245620728, 172.802902222, 173.360183716, 173.905853271, 174.451522827, 175.008789062, 175.566070557, 176.123352051, 176.669021606, 177.214691162, 177.771972656, 178.317642212, 178.863311768, 179.420593262, 179.977859497, 180.523529053, 181.069198608, 181.614868164, 182.16053772, 182.706207275, 183.240264893, 183.785934448, 184.343215942, 184.912109375, 185.480987549, 186.049880981, 186.618774414, 187.199264526],
    "bpm_histogram": [0, 0, 0, 0, 0, 0, 0, 0, 0, 0, 0, 0, 0, 0, 0, 0, 0, 0, 0, 0, 0, 0, 0, 0, 0, 0, 0, 0, 0, 0, 0, 0, 0, 0, 0, 0, 0, 0, 0, 0, 0, 0, 0, 0, 0, 0, 0, 0, 0, 0, 0, 0, 0, 0, 0, 0, 0, 0, 0, 0, 0, 0, 0, 0, 0, 0, 0, 0, 0, 0, 0, 0, 0, 0, 0, 0, 0, 0, 0, 0, 0, 0, 0, 0, 0, 0, 0, 0, 0, 0, 0, 0, 0, 0, 0, 0, 0, 0, 0, 0, 0, 0, 0, 0.00294985249639, 0, 0.0176991149783, 0, 0, 0.448377579451, 0, 0.486725658178, 0, 0.0353982299566, 0, 0, 0.00294985249639, 0, 0, 0, 0, 0.00589970499277, 0, 0, 0, 0, 0, 0, 0, 0, 0, 0, 0, 0, 0, 0, 0, 0, 0, 0, 0, 0, 0, 0, 0, 0, 0, 0, 0, 0, 0, 0, 0, 0, 0, 0, 0, 0, 0, 0, 0, 0, 0, 0, 0, 0, 0, 0, 0, 0, 0, 0, 0, 0, 0, 0, 0, 0, 0, 0, 0, 0, 0, 0, 0, 0, 0, 0, 0, 0, 0, 0, 0, 0, 0, 0, 0, 0, 0, 0, 0, 0, 0, 0, 0, 0, 0, 0, 0, 0, 0, 0, 0, 0, 0, 0, 0, 0, 0, 0, 0, 0, 0, 0, 0, 0, 0, 0, 0, 0, 0, 0, 0, 0, 0, 0, 0, 0, 0, 0, 0, 0, 0, 0, 0, 0, 0, 0, 0, 0, 0]
},
"tonal": {
    "chords_changes_rate": 0.0761057585478,
    "chords_number_rate": 0.00247096619569,
    "chords_strength": {
        "mean": 0.463750720024,
        "stdev": 0.172085493803
    },
    "hpcp_crest": {
        "mean": 13.5834560394,
        "stdev": 6.93728113174
    },
    "hpcp_entropy": {
        "mean": 1.9272352457,
        "stdev": 0.802380919456
    },
    "key_edma": {
        "strength": 0.530213356018,
        "key": "C#",
        "scale": "minor"
    },
    "key_krumhansl": {
        "strength": 0.545891225338,
        "key": "C#",
        "scale": "minor"
    },
    "key_temperley": {
        "strength": 0.539094567299,
        "key": "C#",
        "scale": "minor"
    },
    "tuning_diatonic_strength": 0.524407744408,
    "tuning_equal_tempered_deviation": 0.188290402293,
    "tuning_frequency": 450.024475098,
    "tuning_nontempered_energy_ratio": 0.885792315006,
    "hpcp": {
        "mean": [0.0500058606267, 0.0383116751909, 0.0345409065485, 0.0421508252621, 0.0552636384964, 0.0926172286272, 0.157628715038, 0.178943067789, 0.133869603276, 0.0984309911728, 0.102777458727, 0.173776268959, 0.321466952562, 0.369484186172, 0.236747890711, 0.112340919673, 0.075972110033, 0.071247369051, 0.0750736370683, 0.0713733658195, 0.0858285799623, 0.148526325822, 0.169477149844, 0.115445099771, 0.0674360021949, 0.0465156026185, 0.0556483007967, 0.0950856432319, 0.10278519243, 0.0741380602121, 0.0642812550068, 0.0683411434293, 0.092838793993, 0.146157756448, 0.145621925592, 0.0843785256147],
        "stdev": [0.137588366866, 0.117473803461, 0.0978341177106, 0.115186497569, 0.136289939284, 0.191623538733, 0.263288229704, 0.287330657244, 0.244215890765, 0.215075209737, 0.215902358294, 0.269572347403, 0.353757441044, 0.38060939312, 0.31621068716, 0.222763627768, 0.18504434824, 0.182556822896, 0.179842501879, 0.167403444648, 0.190212592483, 0.274890214205, 0.298042625189, 0.227519989014, 0.16544033587, 0.126477599144, 0.143107354641, 0.204979151487, 0.213441804051, 0.178700000048, 0.175259128213, 0.179095938802, 0.193486839533, 0.226643800735, 0.211445838213, 0.164532765746]
    },
    "chords_histogram": [59.5749931335, 6.22683477402, 2.00148248672, 2.98986911774, 0.0247096605599, 9.98270320892, 0.345935255289, 8.40128517151, 0, 0.29651594162, 0.24709661305, 0, 0.0247096605599, 0, 0, 0, 0, 0.123548306525, 5.04077100754, 0.0494193211198, 1.16135406494, 0, 1.85322463512, 1.65554726124],
    "thpcp": [1, 0.640752434731, 0.304047971964, 0.205616682768, 0.192829281092, 0.203184977174, 0.193170279264, 0.232292979956, 0.401982903481, 0.458685815334, 0.312449365854, 0.182513907552, 0.125893354416, 0.150610774755, 0.257346987724, 0.278185635805, 0.200652867556, 0.173975661397, 0.184963643551, 0.25126594305, 0.395572423935, 0.394122213125, 0.22836843133, 0.135339647532, 0.103689618409, 0.0934841260314, 0.114080190659, 0.149569705129, 0.250666290522, 0.426618307829, 0.484305083752, 0.362314850092, 0.266401082277, 0.278164714575, 0.470321267843, 0.87004250288],
    "chords_key": "C#",
    "chords_scale": "minor"
}
}