{
"metadata": {
    "version": {
        "essentia": "2.1-dev",
        "essentia_git_sha": "v2.1_beta3-415-gd5473f3",
        "extractor": "music 2.0"
    },
    "audio_properties": {
        "analysis": {
            "equal_loudness": 0,
            "length": 226.063674927,
            "sample_rate": 44100,
            "start_time": 0,
            "downmix": "mix"
        },
        "bit_rate": 192000,
        "length": 226.063674927,
        "lossless": 0,
        "number_channels": 2,
        "replay_gain": -8.55611610413,
        "sample_rate": 44100,
        "codec": "mp3",
        "md5_encoded": "2ca45fdc1567773aac778e36553be241"
    },
    "tags": {
        "file_name": "babyface-the_loneliness.mp3",
        "album": ["The Loneliness CDS"],
        "artist": ["Babyface"],
        "date": ["2004"],
        "genre": ["R&B"],
        "title": ["The Loneliness"]
    }
},
"lowlevel": {
    "average_loudness": 0.590713441372,
    "barkbands_crest": {
        "mean": 12.7586202621,
        "stdev": 5.11244821548
    },
    "barkbands_flatness_db": {
        "mean": 0.161434516311,
        "stdev": 0.0675727128983
    },
    "barkbands_kurtosis": {
        "mean": 14.1730766296,
        "stdev": 31.903629303
    },
    "barkbands_skewness": {
        "mean": 2.58184719086,
        "stdev": 2.31580591202
    },
    "barkbands_spread": {
        "mean": 29.0453014374,
        "stdev": 20.6177539825
    },
    "dissonance": {
        "mean": 0.450148016214,
        "stdev": 0.0410178117454
    },
    "dynamic_complexity": 4.65469455719,
    "erbbands_crest": {
        "mean": 10.1171751022,
        "stdev": 4.82569551468
    },
    "erbbands_flatness_db": {
        "mean": 0.137511357665,
        "stdev": 0.0460509099066
    },
    "erbbands_kurtosis": {
        "mean": 1.75966286659,
        "stdev": 7.01756858826
    },
    "erbbands_skewness": {
        "mean": 0.564305245876,
        "stdev": 1.19728553295
    },
    "erbbands_spread": {
        "mean": 56.1453018188,
        "stdev": 30.9002017975
    },
    "hfc": {
        "mean": 21.1764621735,
        "stdev": 29.6482563019
    },
    "loudness_ebu128": {
        "integrated": -14.9832611084,
        "loudness_range": 9.03746891022,
        "momentary": {
            "mean": -17.6154308319,
            "stdev": 7.71806335449
        },
        "short_term": {
            "mean": -16.7552433014,
            "stdev": 5.40816545486
        }
    },
    "melbands_crest": {
        "mean": 17.9599094391,
        "stdev": 5.65721654892
    },
    "melbands_flatness_db": {
        "mean": 0.237439841032,
        "stdev": 0.0931162089109
    },
    "melbands_kurtosis": {
        "mean": 39.3517684937,
        "stdev": 67.7087402344
    },
    "melbands_skewness": {
        "mean": 4.23016500473,
        "stdev": 2.81645607948
    },
    "melbands_spread": {
        "mean": 22.177936554,
        "stdev": 22.8042583466
    },
    "pitch_salience": {
        "mean": 0.467896044254,
        "stdev": 0.129260897636
    },
    "silence_rate_20dB": {
        "mean": 0.999897301197,
        "stdev": 0.0101332962513
    },
    "silence_rate_30dB": {
        "mean": 0.949779212475,
        "stdev": 0.218408316374
    },
    "silence_rate_60dB": {
        "mean": 0.146040871739,
        "stdev": 0.35313090682
    },
    "spectral_centroid": {
        "mean": 1248.5333252,
        "stdev": 836.979736328
    },
    "spectral_complexity": {
        "mean": 11.7025775909,
        "stdev": 9.17438316345
    },
    "spectral_decrease": {
        "mean": -6.8134644593e-09,
        "stdev": 1.12498250715e-08
    },
    "spectral_energy": {
        "mean": 0.0276363138109,
        "stdev": 0.0438021719456
    },
    "spectral_energyband_high": {
        "mean": 0.00124927260913,
        "stdev": 0.00231877877377
    },
    "spectral_energyband_low": {
        "mean": 0.0150784123689,
        "stdev": 0.0385128930211
    },
    "spectral_energyband_middle_high": {
        "mean": 0.00331493699923,
        "stdev": 0.00576846627519
    },
    "spectral_energyband_middle_low": {
        "mean": 0.00914706848562,
        "stdev": 0.0135932657868
    },
    "spectral_entropy": {
        "mean": 7.46016407013,
        "stdev": 0.703854799271
    },
    "spectral_flux": {
        "mean": 0.0733936280012,
        "stdev": 0.0767222046852
    },
    "spectral_kurtosis": {
        "mean": 4.67429113388,
        "stdev": 7.87787485123
    },
    "spectral_rms": {
        "mean": 0.00431141303852,
        "stdev": 0.00289382180199
    },
    "spectral_rolloff": {
        "mean": 1888.10229492,
        "stdev": 2648.44018555
    },
    "spectral_skewness": {
        "mean": 1.73537290096,
        "stdev": 0.946792781353
    },
    "spectral_spread": {
        "mean": 7464965.5,
        "stdev": 2852509.25
    },
    "spectral_strongpeak": {
        "mean": 0.617060422897,
        "stdev": 0.87323987484
    },
    "zerocrossingrate": {
        "mean": 0.0839997678995,
        "stdev": 0.0562455654144
    },
    "barkbands": {
        "mean": [0.000364044128219, 0.0103088300675, 0.00335194519721, 0.00183937384281, 0.00405793869868, 0.00143700884655, 0.000401397614041, 0.000697107927408, 0.000538583321031, 0.000521618814673, 0.000247423478868, 0.000321874482324, 0.00031639781082, 0.000302496133372, 0.000384986866266, 0.000190620528883, 0.000233395083342, 0.000497228873428, 0.000246974494075, 0.000196890512598, 0.000109497756057, 8.86840934982e-05, 0.00021191308042, 0.000275921571301, 0.000319620216032, 0.000151759202708, 2.24773302762e-05],
        "stdev": [0.000983381061815, 0.0308294929564, 0.0144112687558, 0.00734149571508, 0.0058209518902, 0.00224897637963, 0.00123940245248, 0.00164977204986, 0.00166561314836, 0.00178798520938, 0.000952689384576, 0.00120022147894, 0.00116805802099, 0.00109731208067, 0.00161352904979, 0.000669013999868, 0.0007022152422, 0.00136883347295, 0.000494224310387, 0.000421393953729, 0.000328372843796, 0.000322946492815, 0.000425237172749, 0.000472733052447, 0.000561577558983, 0.000427830440458, 6.97550422046e-05]
    },
    "erbbands": {
        "mean": [0.294235557318, 2.29555153847, 4.20395040512, 5.41295194626, 8.12221240997, 15.3561868668, 17.5188179016, 8.57831478119, 5.96809339523, 7.2496638298, 18.1101760864, 13.0046815872, 14.1269416809, 16.0713481903, 9.4550075531, 14.059630394, 14.1396846771, 18.0307235718, 17.2246456146, 17.1823921204, 10.4915380478, 14.0411024094, 27.8339557648, 15.554022789, 13.1641969681, 8.91085147858, 5.24446201324, 3.58602380753, 3.26666402817, 3.82637834549, 6.45840120316, 5.72266244888, 4.71668481827, 3.73799920082, 2.17556643486, 0.884877562523, 0.234080091119, 0.0409076921642, 0.00396531959996, 0.000184285381692],
        "stdev": [0.859684705734, 7.25676870346, 15.6064653397, 20.3926124573, 18.5809993744, 23.2686843872, 24.7778759003, 17.7332305908, 17.1041851044, 18.3895568848, 44.157333374, 38.0588150024, 49.7813796997, 56.6274795532, 33.160358429, 52.6470947266, 47.7767829895, 61.7388801575, 52.1039962769, 88.6229095459, 31.9327297211, 40.24451828, 81.411491394, 34.4476928711, 23.7301063538, 19.1659049988, 15.323849678, 11.3465881348, 11.8660593033, 9.05265617371, 12.6105175018, 9.51792144775, 8.60745048523, 6.58787918091, 4.12754821777, 2.1965777874, 0.737521767616, 0.127729669213, 0.0115875387564, 0.000645992811769]
    },
    "gfcc": {
        "mean": [-35.8796615601, 53.7923583984, -74.7620620728, 20.1240234375, -53.7511825562, 11.5229110718, -55.8382263184, 10.7021350861, -37.6099433899, -4.35827159882, -14.3406591415, -3.84029793739, -12.9454946518],
        "cov": [[14247.7636719, -558.707458496, -1133.64074707, 1270.65710449, -463.639160156, 614.571166992, -186.289047241, 982.67565918, -184.58984375, 313.926727295, 9.98442935944, 112.729095459, -158.928710938], [-558.707458496, 1225.81481934, 174.654785156, -204.382675171, 443.111328125, 27.6740703583, 285.635742188, 25.841468811, 165.970046997, 8.97728538513, 136.318878174, 27.5243644714, 38.4407958984], [-1133.64074707, 174.654785156, 1382.06872559, -16.3555755615, 302.562194824, 12.0077037811, 236.612670898, -296.553863525, 167.535949707, 36.4679908752, -38.0630187988, 107.675170898, 77.4144668579], [1270.65710449, -204.382675171, -16.3555755615, 1066.13195801, 106.981323242, 310.058013916, 52.5625114441, 383.712646484, 161.8334198, 212.726791382, 60.4631729126, 129.809158325, 118.30355072], [-463.639160156, 443.111328125, 302.562194824, 106.981323242, 616.797607422, 101.216438293, 216.831268311, 24.8344154358, 222.633544922, 61.0896339417, 43.2346763611, 81.7292022705, 87.9141540527], [614.571166992, 27.6740703583, 12.0077037811, 310.058013916, 101.216438293, 470.99911499, 174.026184082, 213.800170898, 65.5078582764, 138.61289978, 76.9398193359, 79.4240493774, 45.6786499023], [-186.289047241, 285.635742188, 236.612670898, 52.5625114441, 216.831268311, 174.026184082, 417.382446289, 58.4423408508, 121.684776306, 81.6905212402, 43.3541755676, 86.3861312866, 38.234413147], [982.67565918, 25.841468811, -296.553863525, 383.712646484, 24.8344154358, 213.800170898, 58.4423408508, 441.739990234, 83.3233566284, 113.677574158, 91.9369277954, 50.87134552, 16.643737793], [-184.58984375, 165.970046997, 167.535949707, 161.8334198, 222.633544922, 65.5078582764, 121.684776306, 83.3233566284, 263.894989014, 103.059379578, 16.8047561646, 73.7292861938, 72.8720397949], [313.926727295, 8.97728538513, 36.4679908752, 212.726791382, 61.0896339417, 138.61289978, 81.6905212402, 113.677574158, 103.059379578, 198.0443573, 47.0896110535, 51.9530334473, 51.4276237488], [9.98442935944, 136.318878174, -38.0630187988, 60.4631729126, 43.2346763611, 76.9398193359, 43.3541755676, 91.9369277954, 16.8047561646, 47.0896110535, 156.802886963, 51.5305938721, 12.1034317017], [112.729095459, 27.5243644714, 107.675170898, 129.809158325, 81.7292022705, 79.4240493774, 86.3861312866, 50.87134552, 73.7292861938, 51.9530334473, 51.5305938721, 168.712158203, 78.4612579346], [-158.928710938, 38.4407958984, 77.4144668579, 118.30355072, 87.9141540527, 45.6786499023, 38.234413147, 16.643737793, 72.8720397949, 51.4276237488, 12.1034317017, 78.4612579346, 159.551773071]],
        "icov": [[0.000100708777609, -4.08926935052e-05, 3.03875767713e-05, -7.2552866186e-05, 2.85909172817e-05, -4.9616315664e-05, 6.98708827258e-05, -0.000151840038598, 0.000166216646903, -0.000140683128848, 0.000223350638407, -0.000192362960661, 0.000193849584321], [-4.08926935052e-05, 0.00156041618902, 1.18781349556e-06, 0.000472254818305, -0.000842981564347, 0.000258908548858, -0.000726337486412, -0.000202032941161, -0.000453903485322, 0.00045115192188, -0.00143481860869, 0.000817868683953, -0.000413386325818], [3.03875767713e-05, 1.18781349556e-06, 0.00122594763525, -0.000276586593827, -0.000199476766284, -0.000122803030536, -0.00044261867879, 0.00125998503063, -0.000488140649395, -7.68259924371e-05, 0.000122081342852, -0.000503705232404, 0.000246090232395], [-7.2552866186e-05, 0.000472254818305, -0.000276586593827, 0.00200684298761, -0.000340158294421, -0.000352974137058, 0.000366350490367, -0.00141022447497, -0.000235366329434, -0.000644627842121, 8.60000291141e-05, -0.000183654687135, -0.000793002313003], [2.85909172817e-05, -0.000842981564347, -0.000199476766284, -0.000340158294421, 0.00325123290531, -0.000395099021262, -0.000386849365896, 0.000396938587073, -0.00185154005885, 0.000669924949761, 1.93674950424e-05, -1.51975464178e-05, -0.000410734384786], [-4.9616315664e-05, 0.000258908548858, -0.000122803030536, -0.000352974137058, -0.000395099021262, 0.00379946338944, -0.00127284275368, -0.00106040446553, 0.00101269315928, -0.00124541157857, -0.000596468453296, -5.25166178704e-05, -0.000234945560805], [6.98708827258e-05, -0.000726337486412, -0.00044261867879, 0.000366350490367, -0.000386849365896, -0.00127284275368, 0.004279544577, -0.000456651585409, -0.000157621892868, -0.000823928392492, 0.00089562573703, -0.00151950574946, 0.000804233539384], [-0.000151840038598, -0.000202032941161, 0.00125998503063, -0.00141022447497, 0.000396938587073, -0.00106040446553, -0.000456651585409, 0.0058848913759, -0.00180892262142, 9.90834523691e-05, -0.00181879138108, 0.000135411508381, 0.000777778448537], [0.000166216646903, -0.000453903485322, -0.000488140649395, -0.000235366329434, -0.00185154005885, 0.00101269315928, -0.000157621892868, -0.00180892262142, 0.00829066988081, -0.00321112177335, 0.00209329510108, -0.00153287756257, -0.000513510021847], [-0.000140683128848, 0.00045115192188, -7.68259924371e-05, -0.000644627842121, 0.000669924949761, -0.00124541157857, -0.000823928392492, 9.90834523691e-05, -0.00321112177335, 0.00918377283961, -0.00223779561929, 0.0011519723339, -0.00144933955744], [0.000223350638407, -0.00143481860869, 0.000122081342852, 8.60000291141e-05, 1.93674950424e-05, -0.000596468453296, 0.00089562573703, -0.00181879138108, 0.00209329510108, -0.00223779561929, 0.0102719450369, -0.00370728923008, 0.0013894737931], [-0.000192362960661, 0.000817868683953, -0.000503705232404, -0.000183654687135, -1.51975464178e-05, -5.25166178704e-05, -0.00151950574946, 0.000135411508381, -0.00153287756257, 0.0011519723339, -0.00370728923008, 0.0105643635616, -0.00421978067607], [0.000193849584321, -0.000413386325818, 0.000246090232395, -0.000793002313003, -0.000410734384786, -0.000234945560805, 0.000804233539384, 0.000777778448537, -0.000513510021847, -0.00144933955744, 0.0013894737931, -0.00421978067607, 0.00971997063607]]
    },
    "melbands": {
        "mean": [0.00279979524203, 0.00255533773452, 0.000988143612631, 0.000860073894728, 0.000631385017186, 0.000204874580959, 9.04326952877e-05, 8.75871046446e-05, 0.00014543805446, 7.8360135376e-05, 6.9761837949e-05, 6.58312856103e-05, 3.01801992464e-05, 3.46038614225e-05, 3.05139819829e-05, 3.57536337106e-05, 3.257836579e-05, 2.5435228963e-05, 2.80718559225e-05, 1.71268475242e-05, 1.13638861876e-05, 1.24628959384e-05, 2.40009503614e-05, 2.2669448299e-05, 1.13880687422e-05, 9.24288178794e-06, 9.18329351407e-06, 5.00396754433e-06, 3.28176270159e-06, 2.74796684607e-06, 1.81946211342e-06, 1.76775336058e-06, 1.83570534773e-06, 2.28158137361e-06, 3.89304705095e-06, 3.63227059097e-06, 3.49445917891e-06, 3.33863522428e-06, 3.10935524794e-06, 3.18103843711e-06],
        "stdev": [0.00827477872372, 0.00791780278087, 0.00338917528279, 0.00142342038453, 0.000843558635097, 0.000383053236874, 0.00025718746474, 0.000207245480851, 0.000360512727639, 0.000254481041338, 0.000255804130575, 0.000237981468672, 0.000113153102575, 0.000120816512208, 0.000127769395476, 0.000135783397127, 0.00011935938528, 8.53129167808e-05, 0.00013287976617, 7.39160313969e-05, 3.79973898816e-05, 4.0845687181e-05, 8.08937038528e-05, 5.91222305957e-05, 2.79104297078e-05, 1.73493845068e-05, 1.89303264051e-05, 1.13286896521e-05, 1.02135463749e-05, 7.77567765908e-06, 6.61237754684e-06, 6.61492231302e-06, 6.95218841429e-06, 4.86654380438e-06, 8.0262307165e-06, 6.86015027895e-06, 5.93137792748e-06, 6.19948059466e-06, 6.1457440097e-06, 5.63258754482e-06]
    },
    "melbands128": {
        "mean": [0.000344033003785, 0.00210638623685, 0.0040921359323, 0.00368701317348, 0.00246183830313, 0.00150727806613, 0.0011242890032, 0.000830743694678, 0.000733307737391, 0.000928503926843, 0.000975982751697, 0.000706168590114, 0.000704515783582, 0.000364832871128, 0.000179820344783, 0.000140488904435, 9.96551389107e-05, 8.00945563242e-05, 9.46846048464e-05, 6.5802509198e-05, 8.09066696092e-05, 0.000151582542458, 0.000193441213924, 9.28434819798e-05, 6.59018478473e-05, 9.07483045012e-05, 5.66532507946e-05, 8.20474597276e-05, 5.50585355086e-05, 7.98681212473e-05, 7.30094252503e-05, 3.38191421179e-05, 2.32196380239e-05, 3.28685200657e-05, 2.33407081396e-05, 3.95080569433e-05, 4.58876711491e-05, 2.99932871712e-05, 1.947896817e-05, 3.05451940221e-05, 4.1676525143e-05, 3.99025593651e-05, 3.4517601307e-05, 2.95862810162e-05, 1.89812108147e-05, 2.65955040959e-05, 3.0502651498e-05, 2.86731919914e-05, 2.89528234134e-05, 2.12449995161e-05, 1.60033414431e-05, 1.21235279948e-05, 1.02038920886e-05, 1.159598105e-05, 1.29170493892e-05, 1.12155948955e-05, 1.24688522192e-05, 1.92827719729e-05, 3.00806623272e-05, 3.07242844428e-05, 2.34538365476e-05, 1.56835158123e-05, 1.37458446261e-05, 1.03740521809e-05, 7.21726519259e-06, 9.41907364904e-06, 9.88297415461e-06, 1.02964650068e-05, 9.24427331483e-06, 7.61814862926e-06, 4.92637218485e-06, 3.97703433919e-06, 3.09564552481e-06, 3.34992978424e-06, 3.11272174258e-06, 2.96167399938e-06, 2.66080064648e-06, 1.93797177417e-06, 1.70590385551e-06, 1.57901899911e-06, 1.82958467576e-06, 1.65609606029e-06, 2.1033779376e-06, 1.96196265279e-06, 1.47054583977e-06, 1.73409625859e-06, 2.53777238868e-06, 3.36383072863e-06, 4.94701725984e-06, 2.89139120468e-06, 4.24677591582e-06, 3.59354930879e-06, 3.19512787428e-06, 3.45981288774e-06, 3.79538596462e-06, 3.42920384355e-06, 3.24202551383e-06, 3.18606657856e-06, 3.01502200273e-06, 3.07325149151e-06, 3.40195015269e-06, 3.26601912093e-06, 2.79054529528e-06, 2.76187461168e-06, 2.61220588982e-06, 2.19099456444e-06, 1.95761595023e-06, 1.67181519828e-06, 1.62380285929e-06, 1.28667011268e-06, 1.00121008018e-06, 7.67881147112e-07, 7.25149732261e-07, 5.81104643516e-07, 4.67150329087e-07, 3.63009263538e-07, 2.66600380883e-07, 1.86222607113e-07, 1.52807871245e-07, 1.42736595876e-07, 8.99456438219e-08, 5.12815532261e-08, 3.2902281788e-08, 2.97449158637e-08, 1.95191773855e-08, 1.43047511614e-08, 8.89713813734e-09, 1.67947022955e-09],
        "stdev": [0.000916940858588, 0.00610312446952, 0.0137036619708, 0.0121268602088, 0.00896013807505, 0.0065888799727, 0.00459254160523, 0.00330867851153, 0.0018883968005, 0.00176820356864, 0.00178300857078, 0.00117480440531, 0.00110447977204, 0.00067377614323, 0.000529251468834, 0.000401598750614, 0.000379457080271, 0.000290808471618, 0.000339380640071, 0.000232699501794, 0.000281452841591, 0.00043384192395, 0.000557379447855, 0.000379968376365, 0.00027491277433, 0.000436750939116, 0.000263143650955, 0.000404882564908, 0.000307869922835, 0.000345263251802, 0.00032182916766, 0.000172234533238, 0.000139804571518, 0.000168448532349, 0.000119613978313, 0.000183442636626, 0.000236193547607, 0.000195109125343, 0.00011694040586, 0.000155208588694, 0.000222480681259, 0.00021069374634, 0.000195898028323, 0.000121497869259, 0.000103418402432, 0.000137707218528, 0.000134626374347, 0.00015843687288, 0.000268480915111, 0.000165189281688, 7.44336721255e-05, 6.51674999972e-05, 5.43531896255e-05, 4.54791479569e-05, 5.02473158122e-05, 5.62849418202e-05, 5.77596911171e-05, 8.05821182439e-05, 0.000151334228576, 0.000138224597322, 7.27579754312e-05, 6.08967166045e-05, 3.94590315409e-05, 3.16424011544e-05, 1.91352210095e-05, 2.11970509554e-05, 2.19421799557e-05, 2.58089257841e-05, 2.31534068007e-05, 2.19178455154e-05, 1.23887457448e-05, 9.79777541943e-06, 9.53692051553e-06, 1.32795958052e-05, 1.28671626953e-05, 8.54001973494e-06, 8.62899378262e-06, 6.7928262979e-06, 6.86690054863e-06, 6.46656144454e-06, 8.54218342283e-06, 5.67692586628e-06, 7.58117994337e-06, 1.03351312646e-05, 4.24932932219e-06, 4.21644836024e-06, 5.62084233025e-06, 7.68291556597e-06, 1.17635590868e-05, 5.84010831517e-06, 9.35100888455e-06, 7.5887460298e-06, 5.84129065828e-06, 6.35419428363e-06, 7.48953743823e-06, 6.71172301736e-06, 6.72840906191e-06, 6.76807303535e-06, 6.83658436174e-06, 6.51563050269e-06, 6.53504548609e-06, 6.17350860921e-06, 5.29644012204e-06, 5.43031455891e-06, 5.60511443837e-06, 4.76988270748e-06, 4.47148659077e-06, 3.73586885871e-06, 4.64713866677e-06, 4.11382961829e-06, 3.10633072331e-06, 2.42097758019e-06, 2.59705461758e-06, 2.12541272049e-06, 1.57285330715e-06, 1.27032160435e-06, 8.87426722329e-07, 6.69203018333e-07, 3.32441203454e-07, 3.43469565678e-07, 4.32198902445e-07, 3.06045109255e-07, 2.00578114118e-07, 1.87955166098e-07, 1.36193960998e-07, 1.13886684971e-07, 8.16057621478e-08, 2.38205224434e-08]
    },
    "mfcc": {
        "mean": [-697.399536133, 100.528137207, 28.9351539612, 12.2160768509, 22.5714626312, -8.76459026337, 4.74341058731, -1.36107504368, -14.6562547684, 2.51269960403, -9.49145126343, -8.46634674072, -8.58631515503],
        "cov": [[12006.7929688, -1408.81518555, -615.675354004, 569.283630371, 165.542160034, -345.132507324, 351.465454102, 455.575500488, 87.9863815308, 506.227142334, 271.789978027, 275.712860107, 143.744842529], [-1408.81518555, 1675.14404297, 9.24393558502, -171.444900513, 86.0465011597, 127.047416687, 101.62096405, 44.346824646, 0.306733518839, -0.0969454795122, 35.5085754395, 18.5232906342, 15.9493598938], [-615.675354004, 9.24393558502, 880.600891113, 165.941955566, 37.0993728638, 287.587524414, 19.8794307709, 0.19217325747, 106.513252258, -70.7237930298, 35.502822876, 11.9915685654, 88.5545806885], [569.283630371, -171.444900513, 165.941955566, 609.710266113, 233.926712036, 139.05897522, 36.9500732422, 125.616065979, 230.835739136, 73.7136306763, 79.8500595093, 110.666908264, 166.77331543], [165.542160034, 86.0465011597, 37.0993728638, 233.926712036, 433.317474365, 103.860366821, 28.1214141846, 101.166290283, 122.010192871, 88.1756210327, 36.4701843262, 81.9018554688, 81.5730743408], [-345.132507324, 127.047416687, 287.587524414, 139.05897522, 103.860366821, 476.355072021, 120.330574036, 91.356628418, 228.480819702, -10.4717092514, 111.074302673, 82.5632476807, 69.3180084229], [351.465454102, 101.62096405, 19.8794307709, 36.9500732422, 28.1214141846, 120.330574036, 296.796813965, 135.483703613, 54.6930160522, 75.7290802002, 81.5049209595, 91.1650772095, 23.8202018738], [455.575500488, 44.346824646, 0.19217325747, 125.616065979, 101.166290283, 91.356628418, 135.483703613, 287.705383301, 107.613708496, 79.7253265381, 106.452392578, 80.0425796509, 89.8478240967], [87.9863815308, 0.306733518839, 106.513252258, 230.835739136, 122.010192871, 228.480819702, 54.6930160522, 107.613708496, 365.76385498, 39.383228302, 93.8125228882, 121.195678711, 86.0697631836], [506.227142334, -0.0969454795122, -70.7237930298, 73.7136306763, 88.1756210327, -10.4717092514, 75.7290802002, 79.7253265381, 39.383228302, 225.118759155, 86.8282241821, 53.5853996277, 27.0425834656], [271.789978027, 35.5085754395, 35.502822876, 79.8500595093, 36.4701843262, 111.074302673, 81.5049209595, 106.452392578, 93.8125228882, 86.8282241821, 194.547958374, 83.852104187, 60.8104400635], [275.712860107, 18.5232906342, 11.9915685654, 110.666908264, 81.9018554688, 82.5632476807, 91.1650772095, 80.0425796509, 121.195678711, 53.5853996277, 83.852104187, 195.840301514, 78.6282196045], [143.744842529, 15.9493598938, 88.5545806885, 166.77331543, 81.5730743408, 69.3180084229, 23.8202018738, 89.8478240967, 86.0697631836, 27.0425834656, 60.8104400635, 78.6282196045, 186.670349121]],
        "icov": [[0.00011754805746, 9.28252266021e-05, 5.5045067711e-05, -8.12835714896e-05, 1.06712195702e-05, 9.8112555861e-05, -0.000104268474388, -9.42597253015e-05, 2.9108081435e-05, -0.000121776771266, -6.08638074482e-05, -5.41127483302e-05, 1.2476863958e-05], [9.28252266021e-05, 0.000751134066377, 6.55055846437e-05, 0.000320214225212, -0.000272948585916, -8.38637497509e-05, -0.000297631428111, -4.19305033574e-05, 2.6599953344e-05, -1.83937045222e-05, -0.00011628845823, 5.24370661878e-05, -0.000238041291595], [5.5045067711e-05, 6.55055846437e-05, 0.00161084067076, -0.000380751997, 0.000127094463096, -0.000995541340671, -4.96885477332e-05, 0.000287601724267, 0.000271968718152, 0.000286191701889, -2.74606827588e-05, 0.000300783518469, -0.000574533769395], [-8.12835714896e-05, 0.000320214225212, -0.000380751997, 0.00324455089867, -0.00110906967893, 0.000232544334722, -3.40682381648e-05, 1.29200661831e-05, -0.00134516693652, -0.000173504449776, 5.83174987696e-05, 0.000206804979825, -0.00174717477057], [1.06712195702e-05, -0.000272948585916, 0.000127094463096, -0.00110906967893, 0.00352250458673, -0.000722280063201, 0.000752566556912, -0.000765396165662, 0.000156434354722, -0.001303653582, 0.00117848115042, -0.000833473575767, 3.0838924431e-05], [9.8112555861e-05, -8.38637497509e-05, -0.000995541340671, 0.000232544334722, -0.000722280063201, 0.00465746549889, -0.00158193148673, 0.000251813646173, -0.0022705392912, 0.0012712123571, -0.00176853209268, 0.000559330219403, 6.618804764e-05], [-0.000104268474388, -0.000297631428111, -4.96885477332e-05, -3.40682381648e-05, 0.000752566556912, -0.00158193148673, 0.00578826339915, -0.00223144562915, 0.00106457830407, -0.00125545146875, 0.000393524242099, -0.00221921107732, 0.00125130696688], [-9.42597253015e-05, -4.19305033574e-05, 0.000287601724267, 1.29200661831e-05, -0.000765396165662, 0.000251813646173, -0.00223144562915, 0.00618229527026, -0.000848132651299, 1.22791116155e-05, -0.00173725083005, 0.000880927022081, -0.00193760322873], [2.9108081435e-05, 2.6599953344e-05, 0.000271968718152, -0.00134516693652, 0.000156434354722, -0.0022705392912, 0.00106457830407, -0.000848132651299, 0.00558594381437, -0.000270284945145, -7.31642430765e-05, -0.00209554098547, 0.000465336081106], [-0.000121776771266, -1.83937045222e-05, 0.000286191701889, -0.000173504449776, -0.001303653582, 0.0012712123571, -0.00125545146875, 1.22791116155e-05, -0.000270284945145, 0.00693596433848, -0.00294382916763, 0.000232876147493, 0.000347239576513], [-6.08638074482e-05, -0.00011628845823, -2.74606827588e-05, 5.83174987696e-05, 0.00117848115042, -0.00176853209268, 0.000393524242099, -0.00173725083005, -7.31642430765e-05, -0.00294382916763, 0.00923359021544, -0.00194300920703, -0.000783920171671], [-5.41127483302e-05, 5.24370661878e-05, 0.000300783518469, 0.000206804979825, -0.000833473575767, 0.000559330219403, -0.00221921107732, 0.000880927022081, -0.00209554098547, 0.000232876147493, -0.00194300920703, 0.00887567829341, -0.00244769244455], [1.2476863958e-05, -0.000238041291595, -0.000574533769395, -0.00174717477057, 3.0838924431e-05, 6.618804764e-05, 0.00125130696688, -0.00193760322873, 0.000465336081106, 0.000347239576513, -0.000783920171671, -0.00244769244455, 0.00895765610039]]
    },
    "spectral_contrast_coeffs": {
        "mean": [-0.647658884525, -0.732337236404, -0.752968013287, -0.772169589996, -0.775321245193, -0.829307079315],
        "stdev": [0.105967953801, 0.0832464918494, 0.077261954546, 0.0663787648082, 0.0603745393455, 0.0338321737945]
    },
    "spectral_contrast_valleys": {
        "mean": [-7.24927711487, -7.7992067337, -8.51024627686, -8.65191936493, -8.40370559692, -10.0130968094],
        "stdev": [1.52301621437, 1.36265170574, 1.36408615112, 1.37819969654, 1.57634902, 1.52225017548]
    }
},
"rhythm": {
    "beats_count": 391,
    "beats_loudness": {
        "mean": 0.0741486847401,
        "stdev": 0.0964152291417
    },
    "bpm": 103.973274231,
    "bpm_histogram_first_peak_bpm": 103,
    "bpm_histogram_first_peak_weight": 0.333333313465,
    "bpm_histogram_second_peak_bpm": 0,
    "bpm_histogram_second_peak_spread": 0,
    "bpm_histogram_second_peak_weight": 0,
    "danceability": 1.27881002426,
    "onset_rate": 3.40585756302,
    "beats_loudness_band_ratio": {
        "mean": [0.517945706844, 0.255265384912, 0.073836222291, 0.0491396076977, 0.0481097213924, 0.0994958132505],
        "stdev": [0.322192102671, 0.22486448288, 0.10505259037, 0.0797616615891, 0.068373657763, 0.104780234396]
    },
    "beats_position": [0.592108845711, 1.19582760334, 1.79954648018, 2.40326523781, 2.9837641716, 3.55265307426, 4.12154197693, 4.69043064117, 5.27092981339, 5.85142850876, 6.43192720413, 7.01242637634, 7.59292507172, 8.17342376709, 8.75392246246, 9.33442115784, 9.91492080688, 10.4838094711, 11.0643081665, 11.6448068619, 12.2136955261, 12.7941951752, 13.3746938705, 13.9551925659, 14.5356912613, 15.1161899567, 15.696688652, 16.2655773163, 16.8344669342, 17.4033565521, 17.9722442627, 18.5527439117, 19.1332416534, 19.7137413025, 20.2942390442, 20.8747386932, 21.4436283112, 22.0125160217, 22.5930156708, 23.1735134125, 23.7540130615, 24.3345127106, 24.9034004211, 25.4955101013, 26.076007843, 26.6565074921, 27.22539711, 27.7942848206, 28.3747844696, 28.9552822113, 29.5357818604, 30.1162815094, 30.68516922, 31.265668869, 31.8345565796, 32.4150543213, 32.9955558777, 33.5760536194, 34.1681632996, 34.7486610413, 35.329158783, 35.8980484009, 36.4669380188, 37.0358276367, 37.6047172546, 38.1736030579, 38.7541046143, 39.334602356, 39.9034919739, 40.4839897156, 41.0528793335, 41.6333770752, 42.2138786316, 42.7943763733, 43.374874115, 43.9553718567, 44.5242614746, 45.0931510925, 45.6736488342, 46.2541503906, 46.8346481323, 47.415145874, 47.9956436157, 48.5645332336, 49.1334228516, 49.7139205933, 50.2944221497, 50.8749198914, 51.4438095093, 52.024307251, 52.5931968689, 53.1736946106, 53.7541923523, 54.3346939087, 54.9151916504, 55.4956893921, 56.06457901, 56.6334686279, 57.2139663696, 57.794467926, 58.3749656677, 58.9554634094, 59.5243530273, 60.0932426453, 60.673740387, 61.2542381287, 61.8347396851, 62.4152374268, 62.9841270447, 63.5530128479, 64.1335144043, 64.714012146, 65.2945098877, 65.8750076294, 66.443901062, 67.0243988037, 67.5932846069, 68.1737823486, 68.7542877197, 69.3347854614, 69.9036712646, 70.4841690063, 71.064666748, 71.6335601807, 72.2256698608, 72.8061676025, 73.3750534058, 73.9555511475, 74.5244445801, 75.0933303833, 75.673828125, 76.2543258667, 76.8348312378, 77.4153289795, 77.9842147827, 78.5531082153, 79.133605957, 79.7141036987, 80.2946014404, 80.8750991821, 81.4439926147, 82.012878418, 82.5933761597, 83.1738739014, 83.7543716431, 84.3348770142, 84.9153747559, 85.4842605591, 86.0531539917, 86.6336517334, 87.2141494751, 87.7946472168, 88.3751449585, 88.9556427002, 89.5245361328, 90.093421936, 90.6739196777, 91.2544174194, 91.8349151611, 92.4154205322, 92.9843063354, 93.5531921387, 94.1336975098, 94.7141952515, 95.2946929932, 95.8751907349, 96.4440765381, 97.0129699707, 97.5934677124, 98.1739654541, 98.7544631958, 99.3349609375, 99.9154663086, 100.49596405, 101.064849854, 101.633743286, 102.214241028, 102.79473877, 103.375236511, 103.955734253, 104.524627686, 105.093513489, 105.67401123, 106.254508972, 106.835006714, 107.415504456, 107.984397888, 108.553283691, 109.133781433, 109.714286804, 110.294784546, 110.875282288, 111.455780029, 112.036277771, 112.605171204, 113.174057007, 113.754554749, 114.33505249, 114.903945923, 115.472831726, 116.053329468, 116.633827209, 117.214332581, 117.794830322, 118.375328064, 118.955825806, 119.524711609, 120.093605042, 120.674102783, 121.254600525, 121.835098267, 122.415596008, 122.984489441, 123.553375244, 124.133872986, 124.714370728, 125.294876099, 125.87537384, 126.444259644, 127.013153076, 127.593650818, 128.17414856, 128.754638672, 129.335144043, 129.915649414, 130.496139526, 131.065032959, 131.633926392, 132.214416504, 132.794921875, 133.375411987, 133.955917358, 134.524810791, 135.093688965, 135.674194336, 136.254684448, 136.835189819, 137.41569519, 137.984573364, 138.553466797, 139.133972168, 139.71446228, 140.294967651, 140.875457764, 141.444351196, 142.013244629, 142.593734741, 143.174240112, 143.754730225, 144.335235596, 144.915740967, 145.484619141, 146.053512573, 146.634017944, 147.214508057, 147.795013428, 148.37550354, 148.956008911, 149.524902344, 150.093780518, 150.674285889, 151.254776001, 151.835281372, 152.415786743, 152.984664917, 153.565170288, 154.134063721, 154.714553833, 155.295059204, 155.863937378, 156.432830811, 157.013336182, 157.593826294, 158.174331665, 158.766433716, 159.335327148, 159.915817261, 160.484710693, 161.053604126, 161.634094238, 162.214599609, 162.79510498, 163.375595093, 163.956100464, 164.524978638, 165.09387207, 165.674377441, 166.254867554, 166.823760986, 167.392654419, 167.973144531, 168.553649902, 169.134140015, 169.714645386, 170.295150757, 170.875640869, 171.444534302, 172.013427734, 172.593917847, 173.174423218, 173.75491333, 174.335418701, 174.904312134, 175.473190308, 176.053695679, 176.634185791, 177.214691162, 177.795196533, 178.364074707, 178.93296814, 179.513473511, 180.093963623, 180.674468994, 181.254959106, 181.835464478, 182.41595459, 182.984848022, 183.553741455, 184.134231567, 184.714736938, 185.29524231, 185.875732422, 186.444625854, 187.013504028, 187.594009399, 188.174514771, 188.755004883, 189.335510254, 189.904388428, 190.47328186, 191.053787231, 191.634277344, 192.214782715, 192.795272827, 193.36416626, 193.933059692, 194.513549805, 195.094055176, 195.674560547, 196.255050659, 196.823944092, 197.392837524, 197.973327637, 198.553833008, 199.13432312, 199.714828491, 200.295318604, 200.864212036, 201.433105469, 202.013595581, 202.594100952, 203.174606323, 203.755096436, 204.335601807, 204.90447998, 205.473373413, 206.053878784, 206.634368896, 207.214874268, 207.79536438, 208.364257812, 208.933151245, 209.513641357, 210.094146729, 210.6746521, 211.255142212, 211.824035645, 212.392913818, 212.973419189, 213.553924561, 214.134414673, 214.714920044, 215.295410156, 215.864303589, 216.433197021, 217.013687134, 217.594192505, 218.174682617, 218.755187988, 219.335693359, 219.916183472, 220.485076904, 221.053970337, 221.634460449, 222.21496582, 222.795455933, 223.364349365, 223.933242798, 224.51373291, 225.094238281, 225.674728394],
    "bpm_histogram": [0, 0, 0, 0, 0, 0, 0, 0, 0, 0, 0, 0, 0, 0, 0, 0, 0, 0, 0, 0, 0, 0, 0, 0, 0, 0, 0, 0, 0, 0, 0, 0, 0, 0, 0, 0, 0, 0, 0, 0, 0, 0, 0, 0, 0, 0, 0, 0, 0, 0, 0, 0, 0, 0, 0, 0, 0, 0, 0, 0, 0, 0, 0, 0, 0, 0, 0, 0, 0, 0, 0, 0, 0, 0, 0, 0, 0, 0, 0, 0, 0, 0, 0, 0, 0, 0, 0, 0, 0, 0, 0, 0, 0, 0, 0, 0, 0, 0, 0, 0.00769230769947, 0, 0.0102564105764, 0, 0.666666686535, 0, 0.315384626389, 0, 0, 0, 0, 0, 0, 0, 0, 0, 0, 0, 0, 0, 0, 0, 0, 0, 0, 0, 0, 0, 0, 0, 0, 0, 0, 0, 0, 0, 0, 0, 0, 0, 0, 0, 0, 0, 0, 0, 0, 0, 0, 0, 0, 0, 0, 0, 0, 0, 0, 0, 0, 0, 0, 0, 0, 0, 0, 0, 0, 0, 0, 0, 0, 0, 0, 0, 0, 0, 0, 0, 0, 0, 0, 0, 0, 0, 0, 0, 0, 0, 0, 0, 0, 0, 0, 0, 0, 0, 0, 0, 0, 0, 0, 0, 0, 0, 0, 0, 0, 0, 0, 0, 0, 0, 0, 0, 0, 0, 0, 0, 0, 0, 0, 0, 0, 0, 0, 0, 0, 0, 0, 0, 0, 0, 0, 0, 0, 0, 0, 0, 0, 0, 0, 0, 0, 0, 0, 0, 0, 0, 0, 0, 0]
},
"tonal": {
    "chords_changes_rate": 0.0609981529415,
    "chords_number_rate": 0.00205380981788,
    "chords_strength": {
        "mean": 0.523859798908,
        "stdev": 0.100866951048
    },
    "hpcp_crest": {
        "mean": 14.2940473557,
        "stdev": 6.93601179123
    },
    "hpcp_entropy": {
        "mean": 1.88441467285,
        "stdev": 0.743913769722
    },
    "key_edma": {
        "strength": 0.680284142494,
        "key": "G",
        "scale": "minor"
    },
    "key_krumhansl": {
        "strength": 0.68589258194,
        "key": "G",
        "scale": "minor"
    },
    "key_temperley": {
        "strength": 0.673843443394,
        "key": "G",
        "scale": "minor"
    },
    "tuning_diatonic_strength": 0.481212586164,
    "tuning_equal_tempered_deviation": 0.201153025031,
    "tuning_frequency": 434.193115234,
    "tuning_nontempered_energy_ratio": 0.935457229614,
    "hpcp": {
        "mean": [0.109918177128, 0.121843203902, 0.100640416145, 0.186174318194, 0.196996733546, 0.0837706401944, 0.0406971946359, 0.0376883670688, 0.0576766878366, 0.161420658231, 0.165576860309, 0.0644202530384, 0.0375793352723, 0.0330302454531, 0.0666487589478, 0.237181141973, 0.270938843489, 0.123832307756, 0.129269376397, 0.127458572388, 0.0531012639403, 0.0378054641187, 0.0447344183922, 0.0495467223227, 0.130148038268, 0.145077958703, 0.0682560428977, 0.0591059997678, 0.0516192018986, 0.0557566806674, 0.164842277765, 0.176973611116, 0.075963139534, 0.0707284808159, 0.0888039246202, 0.0815950781107],
        "stdev": [0.224753856659, 0.236103817821, 0.204093515873, 0.301403999329, 0.318617790937, 0.186382070184, 0.140771359205, 0.138183295727, 0.150430753827, 0.290464729071, 0.297072440386, 0.167801275849, 0.126801729202, 0.119742274284, 0.148314848542, 0.314644902945, 0.352863103151, 0.208367034793, 0.257352411747, 0.260780543089, 0.151710808277, 0.124333955348, 0.150704324245, 0.140458017588, 0.262125104666, 0.279780000448, 0.154504269361, 0.158284634352, 0.139924094081, 0.12765096128, 0.272743850946, 0.291664898396, 0.176250457764, 0.179406568408, 0.242642939091, 0.189094915986]
    },
    "chords_histogram": [25.4672412872, 13.7399873734, 9.36537265778, 8.91353416443, 0.14376668632, 0.883138239384, 0.0205380972475, 3.2860956192, 0.84206199646, 11.0700349808, 0, 0, 0, 0, 0, 0, 0.390223860741, 0, 0, 0.3080714643, 2.85479569435, 4.4156908989, 12.2201681137, 6.07927703857],
    "thpcp": [1, 0.457048922777, 0.477116435766, 0.47043299675, 0.195989847183, 0.139535039663, 0.165108919144, 0.18287050724, 0.480359464884, 0.535463869572, 0.251924157143, 0.218152552843, 0.190519750118, 0.205790653825, 0.608411371708, 0.653186559677, 0.280370056629, 0.261049628258, 0.327763736248, 0.301156818867, 0.405693680048, 0.44970741868, 0.371450662613, 0.68714517355, 0.727089285851, 0.309186518192, 0.150208041072, 0.139102861285, 0.212877139449, 0.595782637596, 0.611122608185, 0.237766772509, 0.138700440526, 0.121910333633, 0.245991885662, 0.875404715538],
    "chords_key": "G",
    "chords_scale": "minor"
}
}