{
"metadata": {
    "version": {
        "essentia": "2.1-dev",
        "essentia_git_sha": "v2.1_beta3-415-gd5473f3",
        "extractor": "music 2.0"
    },
    "audio_properties": {
        "analysis": {
            "equal_loudness": 0,
            "length": 335.699584961,
            "sample_rate": 44100,
            "start_time": 0,
            "downmix": "mix"
        },
        "bit_rate": 192000,
        "length": 335.699584961,
        "lossless": 0,
        "number_channels": 2,
        "replay_gain": -4.07340049744,
        "sample_rate": 44100,
        "codec": "mp3",
        "md5_encoded": "b504e995f63802f1f0a1c533a72d7832"
    },
    "tags": {
        "file_name": "bobby_womack_feat_patti_labelle-love_has_finally_come.mp3"
    }
},
"lowlevel": {
    "average_loudness": 0.747342348099,
    "barkbands_crest": {
        "mean": 9.665974617,
        "stdev": 4.37147378922
    },
    "barkbands_flatness_db": {
        "mean": 0.148743644357,
        "stdev": 0.0472516864538
    },
    "barkbands_kurtosis": {
        "mean": 7.66828966141,
        "stdev": 61.8950538635
    },
    "barkbands_skewness": {
        "mean": 1.29957604408,
        "stdev": 2.24187898636
    },
    "barkbands_spread": {
        "mean": 21.1105308533,
        "stdev": 13.3178577423
    },
    "dissonance": {
        "mean": 0.464730083942,
        "stdev": 0.0297591779381
    },
    "dynamic_complexity": 5.6403169632,
    "erbbands_crest": {
        "mean": 10.3659934998,
        "stdev": 6.00950145721
    },
    "erbbands_flatness_db": {
        "mean": 0.181941598654,
        "stdev": 0.0515798181295
    },
    "erbbands_kurtosis": {
        "mean": 1.28216946125,
        "stdev": 3.62252354622
    },
    "erbbands_skewness": {
        "mean": 0.234758317471,
        "stdev": 0.934484302998
    },
    "erbbands_spread": {
        "mean": 34.779964447,
        "stdev": 20.0642719269
    },
    "hfc": {
        "mean": 17.8210124969,
        "stdev": 21.2876834869
    },
    "loudness_ebu128": {
        "integrated": -20.5335483551,
        "loudness_range": 6.82460784912,
        "momentary": {
            "mean": -23.7734088898,
            "stdev": 9.44237136841
        },
        "short_term": {
            "mean": -23.068397522,
            "stdev": 8.48273086548
        }
    },
    "melbands_crest": {
        "mean": 12.7872171402,
        "stdev": 5.39992523193
    },
    "melbands_flatness_db": {
        "mean": 0.192276358604,
        "stdev": 0.0622467584908
    },
    "melbands_kurtosis": {
        "mean": 14.2498760223,
        "stdev": 66.5181732178
    },
    "melbands_skewness": {
        "mean": 2.19463634491,
        "stdev": 2.39335250854
    },
    "melbands_spread": {
        "mean": 27.8297863007,
        "stdev": 21.8296890259
    },
    "pitch_salience": {
        "mean": 0.56608068943,
        "stdev": 0.128385454416
    },
    "silence_rate_20dB": {
        "mean": 1,
        "stdev": 0
    },
    "silence_rate_30dB": {
        "mean": 0.999515891075,
        "stdev": 0.0219965744764
    },
    "silence_rate_60dB": {
        "mean": 0.165018334985,
        "stdev": 0.371182411909
    },
    "spectral_centroid": {
        "mean": 1457.52685547,
        "stdev": 801.126831055
    },
    "spectral_complexity": {
        "mean": 14.5314340591,
        "stdev": 8.50279998779
    },
    "spectral_decrease": {
        "mean": -4.07802147606e-09,
        "stdev": 4.02642408304e-09
    },
    "spectral_energy": {
        "mean": 0.0170078184456,
        "stdev": 0.0166557300836
    },
    "spectral_energyband_high": {
        "mean": 0.000724713667296,
        "stdev": 0.00170367141254
    },
    "spectral_energyband_low": {
        "mean": 0.00379350874573,
        "stdev": 0.0070991832763
    },
    "spectral_energyband_middle_high": {
        "mean": 0.00621684687212,
        "stdev": 0.00895847007632
    },
    "spectral_energyband_middle_low": {
        "mean": 0.00741786323488,
        "stdev": 0.00957225635648
    },
    "spectral_entropy": {
        "mean": 7.43823623657,
        "stdev": 0.416591018438
    },
    "spectral_flux": {
        "mean": 0.070043541491,
        "stdev": 0.0512095205486
    },
    "spectral_kurtosis": {
        "mean": 4.32617425919,
        "stdev": 3.29807925224
    },
    "spectral_rms": {
        "mean": 0.00359346275218,
        "stdev": 0.00191833986901
    },
    "spectral_rolloff": {
        "mean": 1671.60351562,
        "stdev": 1495.21594238
    },
    "spectral_skewness": {
        "mean": 1.43157756329,
        "stdev": 0.551604449749
    },
    "spectral_spread": {
        "mean": 4128640.25,
        "stdev": 1498548.75
    },
    "spectral_strongpeak": {
        "mean": 1.45444881916,
        "stdev": 2.04969453812
    },
    "zerocrossingrate": {
        "mean": 0.0625750347972,
        "stdev": 0.0354325957596
    },
    "barkbands": {
        "mean": [3.24693428411e-05, 0.00114642723929, 0.0017252744874, 0.001510744798, 0.0018446269678, 0.000955549825449, 0.000627843604889, 0.000892857031431, 0.00116034073289, 0.000978374504484, 0.000649733294267, 0.000821449153591, 0.000798862543888, 0.000945636769757, 0.000505060597789, 0.000349087669747, 0.000399647775339, 0.000343723862898, 0.000424881873187, 0.000359457393643, 0.00019977921329, 0.00014917369117, 9.10043527256e-05, 4.41357042291e-05, 3.46901324519e-05, 1.51653111971e-05, 1.79483504326e-06],
        "stdev": [4.28700259363e-05, 0.0026544330176, 0.00353290420026, 0.00385595322587, 0.0026970684994, 0.00171913718805, 0.00206623948179, 0.00300307245925, 0.00372580671683, 0.00278627988882, 0.00240679993294, 0.00284700351767, 0.00296647567302, 0.00327151827514, 0.00152659707237, 0.000973282207269, 0.00131548952777, 0.00102816242725, 0.00114059681073, 0.000766827375628, 0.000635888543911, 0.000505152798723, 0.00025726747117, 0.000133036272018, 0.000140668373206, 7.51133629819e-05, 1.47091141116e-05]
    },
    "erbbands": {
        "mean": [0.01845456101, 0.324733167887, 1.65672421455, 4.19614696503, 5.29236459732, 5.91581249237, 6.85575914383, 8.01700782776, 9.62271022797, 11.2613306046, 23.8667984009, 28.9497699738, 29.1066951752, 25.517156601, 28.2458896637, 37.0078697205, 41.8218307495, 42.6844787598, 33.6440505981, 28.9761657715, 18.3158588409, 20.7366504669, 17.8937225342, 22.426115036, 19.3266239166, 18.271396637, 10.7227096558, 6.53895711899, 5.59530878067, 3.62787723541, 2.46745085716, 1.26833426952, 0.603255808353, 0.40541729331, 0.23327831924, 0.0915706902742, 0.0232913792133, 0.00368799269199, 0.000310029368848, 3.10204486595e-05],
        "stdev": [0.0400629751384, 0.742718458176, 3.3702878952, 10.173833847, 9.68839550018, 9.18456554413, 10.7419404984, 15.522146225, 28.3035430908, 35.9823074341, 77.2529144287, 92.3663101196, 82.3686447144, 90.0752487183, 96.5830764771, 118.821937561, 143.523529053, 142.6043396, 108.091850281, 81.9085235596, 45.4890060425, 65.8432235718, 53.3193397522, 59.8583831787, 53.3159828186, 39.5748443604, 30.5922927856, 21.4111061096, 18.971206665, 11.5587749481, 6.83856344223, 3.48296427727, 2.07715201378, 1.53684103489, 1.03926718235, 0.429370552301, 0.135107725859, 0.0232805926353, 0.00252469442785, 7.9666300735e-05]
    },
    "gfcc": {
        "mean": [-60.1340179443, 104.66204071, -136.019500732, 39.5235977173, -65.177154541, 12.5814857483, -37.3002204895, -1.04515373707, -25.0731639862, -6.25928688049, -14.0413799286, -8.59642982483, -8.1503572464],
        "cov": [[15796.6435547, -551.612548828, -1550.49328613, 125.192062378, -190.704589844, 45.547706604, -170.728012085, 17.5462627411, -337.357269287, 14.5978078842, -300.937408447, -194.489639282, -270.299621582], [-551.612548828, 1460.9095459, -38.0774612427, -47.2202072144, 165.557617188, -80.1281051636, 190.399551392, -178.275085449, 170.701461792, -241.103881836, 188.431182861, -81.037902832, 112.171478271], [-1550.49328613, -38.0774612427, 1195.87927246, -21.8895206451, 56.7214012146, 175.959640503, -18.3881282806, 150.066848755, 21.6315765381, 99.2692718506, -107.474693298, 125.875709534, -54.1640129089], [125.192062378, -47.2202072144, -21.8895206451, 465.871551514, -3.21683359146, 10.2043504715, 35.6619873047, -15.0044536591, 33.6696434021, -28.1830348969, 33.0218162537, -67.8118515015, 46.5282249451], [-190.704589844, 165.557617188, 56.7214012146, -3.21683359146, 432.778625488, 19.8953094482, 75.0719833374, 2.50656986237, -2.0572617054, 18.4871425629, 20.8227386475, 35.9682922363, -28.5695266724], [45.547706604, -80.1281051636, 175.959640503, 10.2043504715, 19.8953094482, 269.538116455, 11.3775405884, 46.7085151672, -16.1159706116, 37.0821304321, -22.840265274, 12.2929620743, -14.9609766006], [-170.728012085, 190.399551392, -18.3881282806, 35.6619873047, 75.0719833374, 11.3775405884, 220.486740112, -11.5580768585, 24.805316925, -43.5798339844, 33.5968093872, -17.5319423676, 14.5412454605], [17.5462627411, -178.275085449, 150.066848755, -15.0044536591, 2.50656986237, 46.7085151672, -11.5580768585, 231.473724365, 11.3749761581, 37.7512359619, -65.8815765381, 4.96055793762, -3.2364563942], [-337.357269287, 170.701461792, 21.6315765381, 33.6696434021, -2.0572617054, -16.1159706116, 24.805316925, 11.3749761581, 146.055541992, -24.8336257935, 14.5063056946, -25.7514820099, 14.0881519318], [14.5978078842, -241.103881836, 99.2692718506, -28.1830348969, 18.4871425629, 37.0821304321, -43.5798339844, 37.7512359619, -24.8336257935, 160.661392212, -30.584646225, 24.1391658783, -39.5375823975], [-300.937408447, 188.431182861, -107.474693298, 33.0218162537, 20.8227386475, -22.840265274, 33.5968093872, -65.8815765381, 14.5063056946, -30.584646225, 144.427581787, -6.00880336761, 37.1678390503], [-194.489639282, -81.037902832, 125.875709534, -67.8118515015, 35.9682922363, 12.2929620743, -17.5319423676, 4.96055793762, -25.7514820099, 24.1391658783, -6.00880336761, 133.073287964, -8.12360954285], [-270.299621582, 112.171478271, -54.1640129089, 46.5282249451, -28.5695266724, -14.9609766006, 14.5412454605, -3.2364563942, 14.0881519318, -39.5375823975, 37.1678390503, -8.12360954285, 115.332939148]],
        "icov": [[9.67985833995e-05, -0.000100108220067, 0.000192843363038, -0.000115616145195, 6.38085621176e-05, -8.76795093063e-05, 6.25105385552e-05, -0.000108549815195, 0.000246497627813, -6.41440346953e-05, 0.000296103826258, -6.64968974888e-05, 0.000302731146803], [-0.000100108220067, 0.00187232939061, -0.000679159886204, 0.000937271281146, -0.000797760905698, 0.000230306119192, -0.00057786970865, 0.00115412462037, -0.00165814021602, 0.00191899202764, -0.00158187362831, 0.00136638747063, -0.00134876754601], [0.000192843363038, -0.000679159886204, 0.00169296876993, -0.000601608015131, 0.000300960586173, -0.000781480513979, 0.000215175765334, -0.000912548217457, 0.00038652762305, -0.000912352988962, 0.00146320718341, -0.00161141797435, 0.00112569192424], [-0.000115616145195, 0.000937271281146, -0.000601608015131, 0.00298774475232, -0.00050069502322, 1.10800256152e-05, -0.000450386462035, 0.000787264725659, -0.00115769414697, 0.000927654560655, -0.00121813756414, 0.00198655179702, -0.00172220787499], [6.38085621176e-05, -0.000797760905698, 0.000300960586173, -0.00050069502322, 0.00298799294978, -0.00014616730914, -0.000739946612157, -0.000633514777292, 0.000763818854466, -0.00112830509897, 0.000202891416848, -0.00135175371543, 0.00142479559872], [-8.76795093063e-05, 0.000230306119192, -0.000781480513979, 1.10800256152e-05, -0.00014616730914, 0.00439276359975, -0.000525888463017, -0.000300450337818, 0.000309352093609, -0.000377532007406, -0.000403671874665, 0.000429507548688, -0.000216334781726], [6.25105385552e-05, -0.00057786970865, 0.000215175765334, -0.000450386462035, -0.000739946612157, -0.000525888463017, 0.00560515699908, -0.00042454834329, 5.80853811698e-05, 0.000764403317589, -0.000258677086094, 0.00019294609956, 0.000373059418052], [-0.000108549815195, 0.00115412462037, -0.000912548217457, 0.000787264725659, -0.000633514777292, -0.000300450337818, -0.00042454834329, 0.00624090852216, -0.00175496027805, 0.000261768262135, 0.00122057064436, 0.00125934532844, -0.00209083571099], [0.000246497627813, -0.00165814021602, 0.00038652762305, -0.00115769414697, 0.000763818854466, 0.000309352093609, 5.80853811698e-05, -0.00175496027805, 0.00944237224758, -0.00077345588943, 0.000915333046578, 0.000322478299495, 0.00132090493571], [-6.41440346953e-05, 0.00191899202764, -0.000912352988962, 0.000927654560655, -0.00112830509897, -0.000377532007406, 0.000764403317589, 0.000261768262135, -0.00077345588943, 0.00985561870039, -0.00148193782661, 0.000884381355718, 0.000776049331762], [0.000296103826258, -0.00158187362831, 0.00146320718341, -0.00121813756414, 0.000202891416848, -0.000403671874665, -0.000258677086094, 0.00122057064436, 0.000915333046578, -0.00148193782661, 0.0112472511828, -0.00173305429053, -0.000890677736606], [-6.64968974888e-05, 0.00136638747063, -0.00161141797435, 0.00198655179702, -0.00135175371543, 0.000429507548688, 0.00019294609956, 0.00125934532844, 0.000322478299495, 0.000884381355718, -0.00173305429053, 0.0108085656539, -0.00172749196645], [0.000302731146803, -0.00134876754601, 0.00112569192424, -0.00172220787499, 0.00142479559872, -0.000216334781726, 0.000373059418052, -0.00209083571099, 0.00132090493571, 0.000776049331762, -0.000890677736606, -0.00172749196645, 0.0124044986442]]
    },
    "melbands": {
        "mean": [0.000247100862907, 0.000736953108571, 0.000751104089431, 0.000405767175835, 0.000256025989074, 0.000184120959602, 0.000141776967212, 0.000131472479552, 0.000217676803004, 0.000165286910487, 0.000141288997838, 0.000101367753814, 9.39811288845e-05, 8.32926380099e-05, 0.000109544918814, 7.00868695276e-05, 8.46828770591e-05, 5.98239930696e-05, 3.75485724362e-05, 3.20656472468e-05, 2.0953350031e-05, 2.34053241002e-05, 1.76493322215e-05, 1.54819463205e-05, 1.87045316125e-05, 1.47546179505e-05, 1.21953535199e-05, 1.20699651234e-05, 7.29377870812e-06, 4.5800566113e-06, 3.6823037135e-06, 3.28500914293e-06, 2.57824399341e-06, 1.81869631888e-06, 1.49125503413e-06, 1.07219386791e-06, 6.55102610381e-07, 4.29119552336e-07, 3.52114000179e-07, 3.38121537879e-07],
        "stdev": [0.000550591095816, 0.00148009031545, 0.00165012292564, 0.00063079292886, 0.000389651278965, 0.000348957604729, 0.00043007498607, 0.000439901341451, 0.000698573421687, 0.000538515625522, 0.000423610559665, 0.000369440385839, 0.000337176839821, 0.000284531764919, 0.000377554591978, 0.000245847506449, 0.000304617424263, 0.00022644206183, 0.000118277144793, 9.16691788007e-05, 6.28087072982e-05, 9.14109114092e-05, 5.16856016475e-05, 5.03204573761e-05, 5.44992617506e-05, 4.67483514512e-05, 3.09865281451e-05, 2.74487774732e-05, 2.18600525841e-05, 1.49433826664e-05, 1.38035857162e-05, 1.09963120849e-05, 9.68641688814e-06, 5.87403701502e-06, 4.3053319132e-06, 2.98230111184e-06, 1.97498297894e-06, 1.51761753386e-06, 1.40138956795e-06, 1.30695218559e-06]
    },
    "melbands128": {
        "mean": [1.2722338397e-05, 8.4545899881e-05, 0.000331903458573, 0.000580400868785, 0.000750173116103, 0.000891216797754, 0.000915130134672, 0.000666517298669, 0.000533096201252, 0.0004302332527, 0.000265251321252, 0.000321217987221, 0.000213228311623, 0.000227054333664, 0.000182786650839, 0.000163827571669, 0.000178379428689, 0.000140030126204, 0.000101226149127, 0.000116581235488, 0.000158186725457, 0.000155911897309, 0.000236387553741, 0.000248925643973, 0.000242156267632, 8.4694911493e-05, 9.97320457827e-05, 0.000199669666472, 0.00012036805856, 9.94452493615e-05, 0.00010074468446, 8.44436290208e-05, 0.000105559120129, 9.50594330789e-05, 6.41892547719e-05, 7.88864708738e-05, 0.000120514756418, 9.46697618929e-05, 0.00012769633031, 0.0001000613629, 3.87709224015e-05, 5.01313988934e-05, 9.151823906e-05, 9.72534835455e-05, 8.71198280947e-05, 4.56763154943e-05, 3.91483954445e-05, 3.20587787428e-05, 3.57236167474e-05, 5.60842127015e-05, 2.63992988039e-05, 1.87017540156e-05, 1.45008816617e-05, 2.09522750083e-05, 3.71113419533e-05, 2.21230857278e-05, 1.36652734e-05, 2.05865053431e-05, 1.81461218745e-05, 1.40630590977e-05, 1.36061080411e-05, 1.71575793502e-05, 2.19505200221e-05, 1.8664777599e-05, 1.46978727571e-05, 1.36703783937e-05, 1.65873370861e-05, 1.23975878523e-05, 8.81819869392e-06, 1.53052387759e-05, 1.31289880301e-05, 1.07377481982e-05, 8.41516430228e-06, 6.69473229209e-06, 5.40800556337e-06, 6.07798392593e-06, 3.19743844557e-06, 2.91530113827e-06, 4.17815726905e-06, 4.07713378081e-06, 3.124924433e-06, 2.9187635846e-06, 3.44160821442e-06, 2.5069386993e-06, 1.96733799385e-06, 1.90975174519e-06, 1.81654820608e-06, 1.59207297656e-06, 1.48216645357e-06, 1.40259578529e-06, 1.27377222725e-06, 9.17936404221e-07, 8.41839153054e-07, 6.74397824696e-07, 5.38087249424e-07, 4.74816260976e-07, 4.04675830623e-07, 3.5926137798e-07, 3.46470613977e-07, 3.52773213308e-07, 3.48668720562e-07, 3.37587749755e-07, 3.28103254787e-07, 2.89685488042e-07, 2.65058588411e-07, 2.45712101332e-07, 2.16468393432e-07, 1.79701373781e-07, 1.57486326202e-07, 1.26064051642e-07, 1.12755337511e-07, 8.37248634866e-08, 7.09573697577e-08, 4.98538454963e-08, 3.76022022408e-08, 3.03814182701e-08, 2.36430555134e-08, 2.16333955194e-08, 1.39270532884e-08, 8.91324258845e-09, 4.68167860035e-09, 3.15675774409e-09, 2.25963203704e-09, 1.41022249434e-09, 7.11461112246e-10, 2.64739896672e-10, 2.92560767279e-11, 2.45598398389e-12],
        "stdev": [1.81340765266e-05, 0.000203695613891, 0.000773342442699, 0.00143725774251, 0.00170318502933, 0.00186427135486, 0.00240816012956, 0.00160008529201, 0.00106210820377, 0.000774452637415, 0.000535232480615, 0.000587804010138, 0.00038879015483, 0.000475292297779, 0.000414302427089, 0.000422219542088, 0.000539481057785, 0.000619121594355, 0.000543239468243, 0.000446719321189, 0.000760810449719, 0.000653118593618, 0.00107695907354, 0.00108277157415, 0.000972311652731, 0.000524216098711, 0.000396609713789, 0.000685587991029, 0.000563832232729, 0.000432992092101, 0.000601710460614, 0.000409268744988, 0.000521118985489, 0.000492426857818, 0.000395795999793, 0.000403880054364, 0.000529129174538, 0.00054241536418, 0.000638813653495, 0.000465935474494, 0.000261717155809, 0.000293458404485, 0.000488488178235, 0.000429125793744, 0.000475649023429, 0.000282768218312, 0.000169766615727, 0.000180811635801, 0.000174982036697, 0.000218767338083, 0.000103273698187, 8.7823762442e-05, 6.83567559463e-05, 8.70669973665e-05, 0.000193716376089, 0.000136755319545, 5.67838505958e-05, 6.83705075062e-05, 7.83436626079e-05, 7.68752579461e-05, 6.72440874041e-05, 7.24499695934e-05, 8.93451579032e-05, 7.5108553574e-05, 7.20949683455e-05, 6.48863424431e-05, 6.8358524004e-05, 5.35091276106e-05, 3.30201874021e-05, 4.84659904032e-05, 4.0623734094e-05, 3.70387861039e-05, 2.76334976661e-05, 2.98712457152e-05, 2.26899774134e-05, 2.48594042205e-05, 1.06586558104e-05, 1.02148987935e-05, 1.86106681213e-05, 1.81771811185e-05, 1.05795743366e-05, 9.59424414759e-06, 1.72582404048e-05, 1.02691165011e-05, 6.49429694022e-06, 7.38891139918e-06, 7.17799457561e-06, 5.04298532178e-06, 4.83173153043e-06, 4.34934190707e-06, 4.12273448092e-06, 2.8474996725e-06, 2.48894548349e-06, 2.2140211513e-06, 2.35893935496e-06, 1.82180622232e-06, 1.49529978444e-06, 1.47333241785e-06, 1.57690215019e-06, 1.43519628182e-06, 1.36711855703e-06, 1.35738821427e-06, 1.43069325986e-06, 1.36583025778e-06, 1.24358791709e-06, 1.30155763145e-06, 1.09882819288e-06, 8.99397491594e-07, 7.74128920966e-07, 6.4819465706e-07, 6.17319528828e-07, 4.78410413507e-07, 7.22464847058e-07, 3.39980971376e-07, 2.32561575331e-07, 2.08093851484e-07, 1.80050818699e-07, 1.9295775644e-07, 1.57568777581e-07, 1.06132766575e-07, 5.53657457658e-08, 3.71077035766e-08, 2.9367816623e-08, 2.03106846897e-08, 1.31499646727e-08, 8.43916048154e-09, 1.46066281292e-09, 4.03224112086e-12]
    },
    "mfcc": {
        "mean": [-689.011657715, 120.742202759, -8.37442111969, 24.0621109009, -3.09417080879, 8.26552963257, -2.31354236603, 1.72909593582, -6.02070093155, 0.239994511008, -4.89151525497, -4.64483880997, -2.8925807476],
        "cov": [[12218.3642578, -41.181312561, -1159.83984375, 191.095504761, -347.443634033, 37.4422454834, -98.1478652954, -24.1387710571, -121.899200439, 98.0052337646, -92.2279205322, -105.465286255, -139.79598999], [-41.181312561, 1429.01220703, -51.6521720886, -42.344455719, 75.6159362793, 17.9860248566, 32.1825218201, 93.3159484863, -34.0598297119, -35.7660827637, 13.0230207443, -55.4651756287, 6.41698551178], [-1159.83984375, -51.6521720886, 900.155212402, -44.9344520569, 73.1953735352, 43.1268081665, -19.5000762939, 45.2882652283, 105.33039856, -12.8924074173, 46.6429443359, 18.2228183746, 1.58009946346], [191.095504761, -42.344455719, -44.9344520569, 355.29901123, 30.4483509064, 25.9646625519, 33.2900505066, 6.77041530609, 5.84787988663, 28.4223480225, -31.1892547607, 7.24338531494, 13.6241569519], [-347.443634033, 75.6159362793, 73.1953735352, 30.4483509064, 274.154510498, 30.5763568878, 36.5343208313, 29.7028503418, 39.3371353149, 0.791667163372, 30.4771194458, 16.8869342804, 8.2891368866], [37.4422454834, 17.9860248566, 43.1268081665, 25.9646625519, 30.5763568878, 225.613555908, 52.5840187073, 14.9547338486, -22.995552063, 2.15629696846, 15.409160614, -1.25488376617, 19.8307666779], [-98.1478652954, 32.1825218201, -19.5000762939, 33.2900505066, 36.5343208313, 52.5840187073, 193.53314209, 28.3564338684, 11.6537818909, 15.2698116302, 2.08780932426, 8.56231403351, 12.8613204956], [-24.1387710571, 93.3159484863, 45.2882652283, 6.77041530609, 29.7028503418, 14.9547338486, 28.3564338684, 168.038208008, 33.2748680115, 12.9951753616, 4.27871990204, -11.8463487625, 2.86344099045], [-121.899200439, -34.0598297119, 105.33039856, 5.84787988663, 39.3371353149, -22.995552063, 11.6537818909, 33.2748680115, 163.386810303, 29.7127628326, 17.8862247467, 11.4716796875, -17.5241374969], [98.0052337646, -35.7660827637, -12.8924074173, 28.4223480225, 0.791667163372, 2.15629696846, 15.2698116302, 12.9951753616, 29.7127628326, 129.514923096, 22.3461685181, -5.40707015991, -5.43517017365], [-92.2279205322, 13.0230207443, 46.6429443359, -31.1892547607, 30.4771194458, 15.409160614, 2.08780932426, 4.27871990204, 17.8862247467, 22.3461685181, 116.729759216, 7.82279729843, -7.98102092743], [-105.465286255, -55.4651756287, 18.2228183746, 7.24338531494, 16.8869342804, -1.25488376617, 8.56231403351, -11.8463487625, 11.4716796875, -5.40707015991, 7.82279729843, 103.485939026, 12.7869024277], [-139.79598999, 6.41698551178, 1.58009946346, 13.6241569519, 8.2891368866, 19.8307666779, 12.8613204956, 2.86344099045, -17.5241374969, -5.43517017365, -7.98102092743, 12.7869024277, 93.0071868896]],
        "icov": [[0.000100314471638, 1.56640498972e-06, 0.000125452046632, -4.66985075036e-05, 9.44548592088e-05, -7.81943526817e-05, 7.29898965801e-05, -3.37065794156e-05, -1.65431720234e-05, -4.94828891533e-05, 2.14817737287e-05, 3.76705174858e-05, 0.000145234895172], [1.56640498972e-06, 0.000773904204834, 6.55251642456e-05, 9.32239927351e-05, -0.000224654635531, 2.56393050222e-05, -8.44172391226e-05, -0.000426763814176, 0.000204881362151, 0.000241108515183, -0.00012077185238, 0.000397223368054, -3.87240834243e-05], [0.000125452046632, 6.55251642456e-05, 0.00145204248838, 9.60836841841e-05, -7.24775454728e-05, -0.000451328553027, 0.000390349596273, -0.000272332632449, -0.000864376197569, 0.000286130787572, -0.000299368955893, -2.74053618341e-05, 3.43310530297e-05], [-4.66985075036e-05, 9.32239927351e-05, 9.60836841841e-05, 0.00312548154034, -0.000462447031168, -0.000288055773126, -0.000315492390655, -8.45264003146e-06, -9.48340893956e-05, -0.000753873435315, 0.00106397992931, -0.000204478783417, -0.000332080438966], [9.44548592088e-05, -0.000224654635531, -7.24775454728e-05, -0.000462447031168, 0.0043014655821, -0.000404034828534, -0.000429756502854, -0.000342317216564, -0.000848030031193, 0.000359892670531, -0.000961508019827, -0.000484763324494, -0.00015541590983], [-7.81943526817e-05, 2.56393050222e-05, -0.000451328553027, -0.000288055773126, -0.000404034828534, 0.00519957067445, -0.00136421981733, -0.000238614986301, 0.00119609478861, 2.08608780667e-05, -0.00077114708256, 0.000276801933069, -0.000823717389721], [7.29898965801e-05, -8.44172391226e-05, 0.000390349596273, -0.000315492390655, -0.000429756502854, -0.00136421981733, 0.00598776247352, -0.000741955358535, -0.000499412533827, -0.000536697916687, 0.00022670585895, -0.000489673460834, -0.000359556026524], [-3.37065794156e-05, -0.000426763814176, -0.000272332632449, -8.45264003146e-06, -0.000342317216564, -0.000238614986301, -0.000741955358535, 0.00680876616389, -0.00126826635096, -0.000434038898675, 0.000206352822715, 0.000831210054457, -0.000401889614295], [-1.65431720234e-05, 0.000204881362151, -0.000864376197569, -9.48340893956e-05, -0.000848030031193, 0.00119609478861, -0.000499412533827, -0.00126826635096, 0.00790558941662, -0.00155077246018, -0.000362226506695, -0.000801707559731, 0.00139629491605], [-4.94828891533e-05, 0.000241108515183, 0.000286130787572, -0.000753873435315, 0.000359892670531, 2.08608780667e-05, -0.000536697916687, -0.000434038898675, -0.00155077246018, 0.00885159242898, -0.001962517621, 0.000798630062491, 1.24908256112e-05], [2.14817737287e-05, -0.00012077185238, -0.000299368955893, 0.00106397992931, -0.000961508019827, -0.00077114708256, 0.00022670585895, 0.000206352822715, -0.000362226506695, -0.001962517621, 0.00988958962262, -0.000831159064546, 0.00088223075727], [3.76705174858e-05, 0.000397223368054, -2.74053618341e-05, -0.000204478783417, -0.000484763324494, 0.000276801933069, -0.000489673460834, 0.000831210054457, -0.000801707559731, 0.000798630062491, -0.000831159064546, 0.0105351917446, -0.0015381751582], [0.000145234895172, -3.87240834243e-05, 3.43310530297e-05, -0.000332080438966, -0.00015541590983, -0.000823717389721, -0.000359556026524, -0.000401889614295, 0.00139629491605, 1.24908256112e-05, 0.00088223075727, -0.0015381751582, 0.0118234576657]]
    },
    "spectral_contrast_coeffs": {
        "mean": [-0.712371110916, -0.767903387547, -0.754908084869, -0.773565649986, -0.772927224636, -0.740760743618],
        "stdev": [0.0664902627468, 0.07619882375, 0.0787565484643, 0.0714046880603, 0.06850168854, 0.0643516406417]
    },
    "spectral_contrast_valleys": {
        "mean": [-7.15280580521, -7.15418100357, -7.87648439407, -8.1555147171, -8.15595912933, -11.1029281616],
        "stdev": [1.22975742817, 1.1868044138, 1.22769570351, 1.24258935452, 1.25830852985, 1.41812729836]
    }
},
"rhythm": {
    "beats_count": 478,
    "beats_loudness": {
        "mean": 0.0277385227382,
        "stdev": 0.0206696484238
    },
    "bpm": 71.6197052002,
    "bpm_histogram_first_peak_bpm": 72,
    "bpm_histogram_first_peak_weight": 0.167721509933,
    "bpm_histogram_second_peak_bpm": 144,
    "bpm_histogram_second_peak_spread": 0.442176878452,
    "bpm_histogram_second_peak_weight": 0.171907752752,
    "danceability": 1.09566318989,
    "onset_rate": 3.55659770966,
    "beats_loudness_band_ratio": {
        "mean": [0.524189412594, 0.156027376652, 0.11924868077, 0.0975269302726, 0.0740908756852, 0.0787866264582],
        "stdev": [0.242208883166, 0.132480368018, 0.132455125451, 0.112153597176, 0.0977388620377, 0.0896139442921]
    },
    "beats_position": [0.835918366909, 1.68344664574, 2.53097510338, 3.39011335373, 4.2492518425, 5.10838985443, 5.94430828094, 6.79183673859, 7.6277551651, 8.46367359161, 9.31120204926, 10.1703395844, 11.017868042, 11.8770065308, 12.7245349884, 13.5604534149, 14.4079818726, 15.2555103302, 16.114648819, 16.9737873077, 17.8213157654, 18.6688423157, 19.5163707733, 20.363899231, 21.1998176575, 22.035736084, 22.8948745728, 23.7540130615, 24.6131515503, 25.4606800079, 26.3198184967, 27.1673469543, 28.014875412, 28.8391838074, 29.6751022339, 30.4994106293, 31.3237190247, 32.1596374512, 32.9955558777, 33.8314743042, 34.6441726685, 35.4684791565, 36.2927894592, 37.1170959473, 37.9530143738, 38.7889328003, 39.6364631653, 40.4723815918, 41.3083000183, 42.1209983826, 42.9336967468, 43.7463951111, 44.5590934753, 45.3950119019, 46.2077102661, 47.0204086304, 47.8447151184, 48.6690254211, 49.5049438477, 50.3292503357, 51.1651687622, 51.9894790649, 52.8253974915, 53.661315918, 54.485622406, 55.3099327087, 56.1342391968, 56.9585494995, 57.794467926, 58.6303825378, 59.4546928406, 60.2789993286, 61.1149177551, 61.9392280579, 62.7635345459, 63.5762329102, 64.4121551514, 65.2364578247, 66.0839920044, 66.9315185547, 67.779045105, 68.6265716553, 69.485710144, 70.3448486328, 71.2155990601, 72.0863494873, 72.9454879761, 73.7930145264, 74.6405410767, 75.4764633179, 76.3239898682, 77.15990448, 77.9958267212, 78.8433532715, 79.6908798218, 80.5151901245, 81.3395004272, 82.1754150391, 83.0229492188, 83.870475769, 84.7180023193, 85.5771408081, 86.4362792969, 87.2954177856, 88.1429443359, 88.9788665771, 89.8380050659, 90.6855316162, 91.5330581665, 92.3805847168, 93.216506958, 94.0640335083, 94.8999557495, 95.7242584229, 96.5601806641, 97.3844909668, 98.2204055786, 99.0679321289, 99.8922424316, 100.716552734, 101.552467346, 102.388389587, 103.21269989, 104.037002563, 104.861312866, 105.697235107, 106.556373596, 107.415504456, 108.274642944, 109.110565186, 109.946479797, 110.782402039, 111.61831665, 112.454238892, 113.290153503, 114.114463806, 114.961990356, 115.797912598, 116.6222229, 117.446525574, 118.282447815, 119.106758118, 119.931060791, 120.766983032, 121.579681396, 122.415596008, 123.239906311, 124.064216614, 124.900131226, 125.736053467, 126.571968079, 127.40789032, 128.243804932, 129.079727173, 129.915649414, 130.751556396, 131.575866699, 132.41178894, 133.25932312, 134.083618164, 134.907928467, 135.743850708, 136.579772949, 137.42729187, 138.27482605, 139.133972168, 139.993103027, 140.829025269, 141.66494751, 142.489242554, 143.336776733, 144.172698975, 145.020217896, 145.867752075, 146.726898193, 147.562805176, 148.387115479, 149.22303772, 150.070556641, 150.906478882, 151.742401123, 152.589935303, 153.437454224, 154.273376465, 155.109298706, 155.945205688, 156.78112793, 157.617050171, 158.452972412, 159.288879395, 160.124801636, 160.949111938, 161.773422241, 162.609344482, 163.456863403, 164.304397583, 165.151931763, 165.999450684, 166.846984863, 167.682891846, 168.518814087, 169.34312439, 170.190658569, 171.03817749, 171.897323608, 172.744842529, 173.592376709, 174.42829895, 175.264221191, 176.100128174, 176.959274292, 177.818405151, 178.67755127, 179.536682129, 180.384216309, 181.231735229, 182.079269409, 182.91519165, 183.762710571, 184.610244751, 185.457778931, 186.293685913, 187.129608154, 187.942306519, 188.77822876, 189.625762939, 190.47328186, 191.32081604, 192.168334961, 193.027481079, 193.86340332, 194.699310303, 195.523620605, 196.347930908, 197.183853149, 198.019775391, 198.855682373, 199.703216553, 200.550750732, 201.386657715, 202.222579956, 203.058502197, 203.917633057, 204.753555298, 205.589477539, 206.448608398, 207.296142578, 208.143676758, 208.97958374, 209.803894043, 210.628204346, 211.475738525, 212.323257446, 213.159179688, 213.995101929, 214.807800293, 215.643707275, 216.45640564, 217.292327881, 218.128250122, 218.964172363, 219.800079346, 220.61277771, 221.437088013, 222.261398315, 223.097320557, 223.933242798, 224.757553101, 225.581848145, 226.417770386, 227.253692627, 228.089614868, 228.925521851, 229.761444092, 230.585754395, 231.398452759, 232.222763062, 233.058685303, 233.882995605, 234.718902588, 235.543212891, 236.379135132, 237.191833496, 238.027755737, 238.86366272, 239.687973022, 240.512283325, 241.348205566, 242.184127808, 243.02003479, 243.844345093, 244.668655396, 245.492965698, 246.317276001, 247.153198242, 247.989105225, 248.825027466, 249.660949707, 250.496871948, 251.309570312, 252.133865356, 252.958175659, 253.7940979, 254.618408203, 255.442718506, 256.278625488, 257.137786865, 257.985290527, 258.832824707, 259.668762207, 260.516265869, 261.363800049, 262.222930908, 263.070465088, 263.917999268, 264.765533447, 265.624664307, 266.390930176, 267.145568848, 267.726074219, 268.30657959, 268.887084961, 269.467559814, 270.071289062, 270.535675049, 270.965270996, 271.394836426, 271.824401855, 272.242340088, 272.671936035, 273.089874268, 273.519439697, 273.949005127, 274.366973877, 274.796539307, 275.226104736, 275.644073486, 276.073638916, 276.491607666, 276.921173096, 277.339141846, 277.768707275, 278.175048828, 278.593017578, 279.010955811, 279.440551758, 279.85848999, 280.27645874, 280.682800293, 281.100769043, 281.518737793, 281.925079346, 282.331420898, 282.726165771, 283.132507324, 283.538848877, 283.956817627, 284.374786377, 284.792724609, 285.210693359, 285.628662109, 286.046630859, 286.464569092, 286.882537842, 287.300506592, 287.730072021, 288.159637451, 288.589202881, 289.018768311, 289.436737061, 289.854675293, 290.272644043, 290.690612793, 291.108551025, 291.526519775, 291.944488525, 292.374053955, 292.792022705, 293.221588135, 293.639526367, 294.057495117, 294.475463867, 294.893432617, 295.29977417, 295.706115723, 296.124084473, 296.542022705, 296.959991455, 297.377960205, 297.795898438, 298.225494385, 298.655059814, 299.072998047, 299.490966797, 299.908935547, 300.338500977, 300.768066406, 301.197631836, 301.627197266, 302.045166016, 302.463134766, 302.881072998, 303.299041748, 303.717010498, 304.13494873, 304.55291748, 304.97088623, 305.388824463, 305.806793213, 306.224761963, 306.642730713, 307.049072266, 307.455413818, 307.861755371, 308.268127441, 308.674468994, 309.080810547, 309.47555542, 309.870300293, 310.265014648, 310.682983398, 311.112548828, 311.530517578, 311.960083008, 312.389648438, 312.807617188, 313.225585938, 313.655151367, 314.084716797, 314.514282227, 314.932250977, 315.350189209, 315.768157959, 316.186126709, 316.604064941, 317.033630371, 317.463226318, 317.881164551, 318.299133301, 318.72869873, 319.15826416, 319.57623291, 319.99420166, 320.412139893, 320.830108643, 321.248077393, 321.666015625, 322.072387695, 322.478729248, 322.885070801, 323.291412354, 323.709381104, 324.127349854, 324.545288086, 324.963256836, 325.392822266, 325.822387695, 326.251953125, 326.681549072, 327.111114502, 327.540679932, 327.958648682, 328.376586914, 328.794555664, 329.212524414, 329.630462646, 330.048431396, 330.477996826, 330.907562256, 331.337127686, 331.755096436, 332.184661865, 332.602630615, 333.032196045, 333.473358154, 333.902954102, 334.344116211, 334.773681641],
    "bpm_histogram": [0, 0, 0, 0, 0, 0, 0, 0, 0, 0, 0, 0, 0, 0, 0, 0, 0, 0, 0, 0, 0, 0, 0, 0, 0, 0, 0, 0, 0, 0, 0, 0, 0, 0, 0, 0, 0, 0, 0, 0, 0, 0, 0, 0, 0, 0, 0, 0, 0, 0, 0, 0, 0, 0, 0, 0, 0, 0, 0, 0, 0, 0, 0, 0, 0, 0, 0, 0, 0, 0.00419287197292, 0.07337526232, 0.159329146147, 0.255765199661, 0.136268347502, 0.0335429757833, 0, 0, 0, 0.00209643598646, 0, 0.00209643598646, 0, 0, 0, 0, 0, 0, 0, 0, 0, 0, 0, 0, 0, 0, 0, 0, 0, 0, 0.00209643598646, 0, 0, 0, 0.00838574394584, 0, 0, 0, 0, 0, 0, 0, 0, 0, 0, 0, 0, 0, 0, 0, 0, 0, 0, 0, 0, 0, 0, 0, 0, 0, 0.00209643598646, 0, 0, 0, 0, 0, 0, 0.00419287197292, 0, 0, 0, 0.0985324978828, 0, 0, 0, 0.171907752752, 0, 0, 0, 0.0377358496189, 0, 0, 0, 0.00838574394584, 0, 0, 0, 0, 0, 0, 0, 0, 0, 0, 0, 0, 0, 0, 0, 0, 0, 0, 0, 0, 0, 0, 0, 0, 0, 0, 0, 0, 0, 0, 0, 0, 0, 0, 0, 0, 0, 0, 0, 0, 0, 0, 0, 0, 0, 0, 0, 0, 0, 0, 0, 0, 0, 0, 0, 0, 0, 0, 0, 0, 0, 0, 0, 0, 0, 0, 0, 0, 0, 0, 0, 0, 0, 0, 0, 0, 0, 0, 0, 0, 0, 0, 0, 0, 0, 0, 0, 0, 0, 0, 0, 0, 0, 0, 0, 0, 0]
},
"tonal": {
    "chords_changes_rate": 0.0651452317834,
    "chords_number_rate": 0.00152143847663,
    "chords_strength": {
        "mean": 0.49826157093,
        "stdev": 0.102386333048
    },
    "hpcp_crest": {
        "mean": 12.8932771683,
        "stdev": 6.10267353058
    },
    "hpcp_entropy": {
        "mean": 2.0570037365,
        "stdev": 0.6595749259
    },
    "key_edma": {
        "strength": 0.807096600533,
        "key": "C",
        "scale": "major"
    },
    "key_krumhansl": {
        "strength": 0.807368695736,
        "key": "C",
        "scale": "major"
    },
    "key_temperley": {
        "strength": 0.804620504379,
        "key": "C",
        "scale": "major"
    },
    "tuning_diatonic_strength": 0.665042161942,
    "tuning_equal_tempered_deviation": 0.0170687455684,
    "tuning_frequency": 440.763122559,
    "tuning_nontempered_energy_ratio": 0.696499347687,
    "hpcp": {
        "mean": [0.228276565671, 0.136691436172, 0.0676891133189, 0.0551155507565, 0.0638899281621, 0.126436814666, 0.168330654502, 0.132787674665, 0.188518896699, 0.255461901426, 0.160714015365, 0.0778915733099, 0.0664446204901, 0.0686736479402, 0.166101038456, 0.284729361534, 0.206865504384, 0.0935433730483, 0.0780399143696, 0.0879927203059, 0.204887509346, 0.291637897491, 0.205083236098, 0.150775328279, 0.12482509762, 0.0628658607602, 0.0614357031882, 0.0787326693535, 0.0941877737641, 0.212731122971, 0.296283721924, 0.188732996583, 0.101364143193, 0.0911055132747, 0.0948068872094, 0.181839942932],
        "stdev": [0.290339648724, 0.214526593685, 0.166662350297, 0.147018283606, 0.157147482038, 0.215596318245, 0.241425395012, 0.208096727729, 0.249637827277, 0.31595402956, 0.235072568059, 0.174270406365, 0.163250744343, 0.163341030478, 0.226741373539, 0.334168672562, 0.268852084875, 0.197241649032, 0.183591350913, 0.178323715925, 0.268136501312, 0.325406908989, 0.258566468954, 0.260414034128, 0.22826358676, 0.1429451406, 0.136509776115, 0.157026410103, 0.181284457445, 0.278074473143, 0.347031027079, 0.245961502194, 0.189990863204, 0.187631085515, 0.18357001245, 0.264912933111]
    },
    "chords_histogram": [39.2669448853, 8.93499279022, 16.044260025, 1.68741357327, 2.36514520645, 0.0276625175029, 1.4384509325, 0.0553250350058, 3.85892105103, 0.733056724072, 0, 0.59474414587, 0, 0, 0, 0, 0, 0.387275248766, 0.318118959665, 1.07883822918, 0, 7.62102365494, 2.40663909912, 13.181189537],
    "thpcp": [1, 0.637000918388, 0.342118501663, 0.307494163513, 0.319986820221, 0.613735854626, 0.770466089249, 0.461353182793, 0.228460446, 0.186022877693, 0.215637654066, 0.426742345095, 0.568140089512, 0.448177427053, 0.636278271675, 0.862220525742, 0.542432844639, 0.262895226479, 0.224260106683, 0.231783404946, 0.560614824295, 0.961002349854, 0.698200702667, 0.315722286701, 0.263395875692, 0.296988040209, 0.691524684429, 0.98431968689, 0.692185282707, 0.508888304234, 0.421302586794, 0.212181285024, 0.207354292274, 0.265734046698, 0.317897230387, 0.717998027802],
    "chords_key": "C",
    "chords_scale": "major"
}
}