{
"metadata": {
    "version": {
        "essentia": "2.1-dev",
        "essentia_git_sha": "v2.1_beta3-415-gd5473f3",
        "extractor": "music 2.0"
    },
    "audio_properties": {
        "analysis": {
            "equal_loudness": 0,
            "length": 355.056335449,
            "sample_rate": 44100,
            "start_time": 0,
            "downmix": "mix"
        },
        "bit_rate": 192000,
        "length": 355.056335449,
        "lossless": 0,
        "number_channels": 2,
        "replay_gain": -5.41969299316,
        "sample_rate": 44100,
        "codec": "mp3",
        "md5_encoded": "a6c397b7804c2a0fd3b923370ebcb1b9"
    },
    "tags": {
        "file_name": "darnnell_wiliams-better_man.mp3",
        "album": ["Top Ballads"],
        "artist": ["Darnnell Wiliams"],
        "date": ["2001"],
        "genre": ["Other"],
        "title": ["Better Man"]
    }
},
"lowlevel": {
    "average_loudness": 0.332803338766,
    "barkbands_crest": {
        "mean": 10.0236587524,
        "stdev": 4.12766551971
    },
    "barkbands_flatness_db": {
        "mean": 0.178572922945,
        "stdev": 0.0582061782479
    },
    "barkbands_kurtosis": {
        "mean": 4.25913476944,
        "stdev": 11.3203649521
    },
    "barkbands_skewness": {
        "mean": 1.34718048573,
        "stdev": 1.55797147751
    },
    "barkbands_spread": {
        "mean": 23.9256820679,
        "stdev": 15.1452636719
    },
    "dissonance": {
        "mean": 0.465487092733,
        "stdev": 0.0246006958187
    },
    "dynamic_complexity": 4.37331771851,
    "erbbands_crest": {
        "mean": 8.96002674103,
        "stdev": 4.48109960556
    },
    "erbbands_flatness_db": {
        "mean": 0.199664384127,
        "stdev": 0.0554655529559
    },
    "erbbands_kurtosis": {
        "mean": 0.295438498259,
        "stdev": 2.78326773643
    },
    "erbbands_skewness": {
        "mean": -0.11047064513,
        "stdev": 0.857796370983
    },
    "erbbands_spread": {
        "mean": 39.2113761902,
        "stdev": 20.259141922
    },
    "hfc": {
        "mean": 14.9526767731,
        "stdev": 26.1043796539
    },
    "loudness_ebu128": {
        "integrated": -19.763212204,
        "loudness_range": 7.22249031067,
        "momentary": {
            "mean": -24.2315502167,
            "stdev": 27.4743213654
        },
        "short_term": {
            "mean": -21.6124458313,
            "stdev": 13.1559104919
        }
    },
    "melbands_crest": {
        "mean": 13.1498022079,
        "stdev": 5.15592098236
    },
    "melbands_flatness_db": {
        "mean": 0.214006245136,
        "stdev": 0.0839673653245
    },
    "melbands_kurtosis": {
        "mean": 15.8222017288,
        "stdev": 35.0139503479
    },
    "melbands_skewness": {
        "mean": 2.65994572639,
        "stdev": 2.19224691391
    },
    "melbands_spread": {
        "mean": 29.6595516205,
        "stdev": 25.9553546906
    },
    "pitch_salience": {
        "mean": 0.534639120102,
        "stdev": 0.114016883075
    },
    "silence_rate_20dB": {
        "mean": 1,
        "stdev": 0
    },
    "silence_rate_30dB": {
        "mean": 0.989079236984,
        "stdev": 0.103936232626
    },
    "silence_rate_60dB": {
        "mean": 0.189510852098,
        "stdev": 0.391889959574
    },
    "spectral_centroid": {
        "mean": 1703.39453125,
        "stdev": 1288.22290039
    },
    "spectral_complexity": {
        "mean": 13.0073242188,
        "stdev": 8.35030460358
    },
    "spectral_decrease": {
        "mean": -3.94609189769e-09,
        "stdev": 5.62466828669e-09
    },
    "spectral_energy": {
        "mean": 0.0162496883422,
        "stdev": 0.0224838089198
    },
    "spectral_energyband_high": {
        "mean": 0.000911461829673,
        "stdev": 0.00255746231414
    },
    "spectral_energyband_low": {
        "mean": 0.00755490781739,
        "stdev": 0.0183590520173
    },
    "spectral_energyband_middle_high": {
        "mean": 0.0038637840189,
        "stdev": 0.00783979147673
    },
    "spectral_energyband_middle_low": {
        "mean": 0.00454370444641,
        "stdev": 0.00499673793092
    },
    "spectral_entropy": {
        "mean": 7.43283700943,
        "stdev": 0.517284989357
    },
    "spectral_flux": {
        "mean": 0.0562125630677,
        "stdev": 0.0570830926299
    },
    "spectral_kurtosis": {
        "mean": 4.19406080246,
        "stdev": 5.77678394318
    },
    "spectral_rms": {
        "mean": 0.00337350089103,
        "stdev": 0.00211489968933
    },
    "spectral_rolloff": {
        "mean": 1893.58483887,
        "stdev": 2383.74731445
    },
    "spectral_skewness": {
        "mean": 1.14074194431,
        "stdev": 0.653338968754
    },
    "spectral_spread": {
        "mean": 3995429.5,
        "stdev": 4159979.75
    },
    "spectral_strongpeak": {
        "mean": 0.904661774635,
        "stdev": 1.87587964535
    },
    "zerocrossingrate": {
        "mean": 0.0648680925369,
        "stdev": 0.0603608861566
    },
    "barkbands": {
        "mean": [9.56043295446e-05, 0.00520636700094, 0.0016848227242, 0.000844962953124, 0.00113617314491, 0.000702949473634, 0.000525970652234, 0.000764953205362, 0.000462810741737, 0.000282628490822, 0.000161760675837, 0.000386483763577, 0.000271040946245, 0.00038600442349, 0.000660558464006, 0.000586464477237, 0.000545080576558, 0.000168902130099, 0.000340204162057, 0.000301539403154, 0.00034620804945, 0.000216344866203, 0.000107834908704, 4.68199577881e-05, 1.54961544467e-05, 1.63990750934e-06, 2.68937601078e-08],
        "stdev": [0.000308800663333, 0.0145994760096, 0.00474864896387, 0.00156391761266, 0.00155751081184, 0.0010485779494, 0.00131998886354, 0.00243671238422, 0.00189261697233, 0.000797240587417, 0.00067880313145, 0.0012796074152, 0.00119078287389, 0.00139910576399, 0.00274964724667, 0.00241967802867, 0.0018421363784, 0.000548542768229, 0.00149827136192, 0.00142510537989, 0.00107099558227, 0.000658377655782, 0.000453345361166, 0.000192883075215, 7.13858025847e-05, 5.9894396145e-06, 1.97400893853e-07]
    },
    "erbbands": {
        "mean": [0.135411590338, 1.20436584949, 2.10679197311, 2.75872588158, 3.27516913414, 3.47723484039, 4.60355377197, 5.52730512619, 7.75289297104, 8.59802627563, 19.8283061981, 11.5267791748, 8.29360675812, 8.41544151306, 7.65072107315, 18.8876266479, 12.1088933945, 18.8186988831, 30.971616745, 35.9306335449, 34.1732521057, 25.2550487518, 10.5494270325, 14.6734447479, 16.4876441956, 14.811870575, 13.3323526382, 13.5549373627, 8.64416122437, 4.81573581696, 2.88333773613, 1.20780444145, 0.720108568668, 0.268096357584, 0.0720524042845, 0.0138021456078, 0.00198662397452, 0.000186080025742, 1.62043288583e-05, 2.07876109926e-05],
        "stdev": [0.399469733238, 3.47232055664, 6.30881309509, 4.8571562767, 5.37461614609, 5.63924217224, 8.04247665405, 8.72711181641, 16.0375061035, 20.7714767456, 65.3374099731, 43.6988182068, 18.2762031555, 29.4462108612, 25.3645076752, 60.3679122925, 44.7403450012, 63.1246566772, 112.64907074, 166.777023315, 116.879653931, 81.1710891724, 28.5877838135, 48.8670806885, 92.484664917, 69.3025131226, 49.8795700073, 40.49451828, 26.0707206726, 16.9536495209, 12.6608896255, 4.39127588272, 3.32351112366, 1.32036435604, 0.291628450155, 0.0496502332389, 0.00746634183452, 0.000949592387769, 3.56840464519e-05, 2.79136056633e-05]
    },
    "gfcc": {
        "mean": [-93.5880584717, 126.612312317, -150.527374268, 55.7389297485, -58.5353546143, 5.02599239349, -26.5767173767, -6.52648305893, -4.81267213821, -3.42545700073, -4.58438205719, -9.20964050293, 0.483141899109],
        "cov": [[22386.4238281, -742.012817383, -1044.91503906, 1934.76611328, -1347.61560059, 1107.62744141, -706.434753418, 617.128723145, -298.435058594, 344.57925415, -455.933990479, 22.3004055023, -185.5753479], [-742.012817383, 2489.54638672, -338.890167236, -211.414611816, 715.519042969, -389.996856689, 317.364898682, -329.422180176, 266.552642822, -284.986785889, 255.364532471, -147.60333252, 98.5222930908], [-1044.91503906, -338.890167236, 1792.79309082, 549.258789062, 251.192642212, 513.809020996, 45.8811988831, 223.595840454, -55.0534820557, 114.182762146, -36.5533027649, 113.666519165, -115.667533875], [1934.76611328, -211.414611816, 549.258789062, 773.84197998, 4.9295539856, 309.216339111, 7.28399991989, 108.389595032, 12.7375211716, 47.0085296631, -24.9852924347, 39.1247177124, -59.1078491211], [-1347.61560059, 715.519042969, 251.192642212, 4.9295539856, 619.677001953, -25.6801109314, 160.264907837, -46.4450378418, 123.16934967, -65.1409835815, 78.4999923706, -46.9508094788, 2.17744445801], [1107.62744141, -389.996856689, 513.809020996, 309.216339111, -25.6801109314, 445.165039062, 18.6575584412, 155.452133179, -59.6100158691, 104.276184082, -45.1008758545, 40.4293174744, -62.4062919617], [-706.434753418, 317.364898682, 45.8811988831, 7.28399991989, 160.264907837, 18.6575584412, 282.548431396, -21.0928974152, 32.2004737854, -36.1439247131, 59.708480835, -19.7767562866, -2.41346907616], [617.128723145, -329.422180176, 223.595840454, 108.389595032, -46.4450378418, 155.452133179, -21.0928974152, 240.116668701, -5.06910514832, 69.3775100708, -39.5342712402, 29.98595047, -33.7124900818], [-298.435058594, 266.552642822, -55.0534820557, 12.7375211716, 123.16934967, -59.6100158691, 32.2004737854, -5.06910514832, 188.752914429, -8.33083629608, 29.6085624695, -25.7921257019, 26.2048549652], [344.57925415, -284.986785889, 114.182762146, 47.0085296631, -65.1409835815, 104.276184082, -36.1439247131, 69.3775100708, -8.33083629608, 142.332107544, -11.0743160248, 21.2820014954, -20.6105327606], [-455.933990479, 255.364532471, -36.5533027649, -24.9852924347, 78.4999923706, -45.1008758545, 59.708480835, -39.5342712402, 29.6085624695, -11.0743160248, 131.323028564, 21.5873184204, 10.5787172318], [22.3004055023, -147.60333252, 113.666519165, 39.1247177124, -46.9508094788, 40.4293174744, -19.7767562866, 29.98595047, -25.7921257019, 21.2820014954, 21.5873184204, 101.358268738, 14.6909942627], [-185.5753479, 98.5222930908, -115.667533875, -59.1078491211, 2.17744445801, -62.4062919617, -2.41346907616, -33.7124900818, 26.2048549652, -20.6105327606, 10.5787172318, 14.6909942627, 97.5800552368]],
        "icov": [[0.000233931423281, -0.000496517459396, 0.000552197627258, -0.000696813222021, 0.00036469718907, -0.000612762698438, 0.000531034718733, -0.000560827669688, 0.000479564652778, -0.000542505003978, 0.000851274700835, -0.000434802175732, 0.000327818794176], [-0.000496517459396, 0.0022170918528, -0.00116943300236, 0.0014717252925, -0.0015009540366, 0.00143639999442, -0.00140862062108, 0.00175144313835, -0.00159744929988, 0.00233366689645, -0.0031947363168, 0.00197560992092, -0.00118429132272], [0.000552197627258, -0.00116943300236, 0.00245887739584, -0.00200741877779, 0.000112798290502, -0.00217797001824, 0.00130694254767, -0.00152958289254, 0.00139982555993, -0.0014487815788, 0.00243963557296, -0.00224496750161, 0.00142960925587], [-0.000696813222021, 0.0014717252925, -0.00200741877779, 0.00411297474056, -0.000781138136517, 0.000588152499404, -0.00145792053081, 0.00182489922736, -0.00232334202155, 0.00226357812062, -0.00260231038556, 0.0010984268738, -0.000492478953674], [0.00036469718907, -0.0015009540366, 0.000112798290502, -0.000781138136517, 0.00382208661176, -0.000985599705018, 0.000183558673598, -0.000936529948376, -0.00034785293974, -0.000604602973908, 0.00103489204776, 0.000106031264295, 0.000672482769005], [-0.000612762698438, 0.00143639999442, -0.00217797001824, 0.000588152499404, -0.000985599705018, 0.00694901263341, -0.00237621180713, 0.000109333333967, 4.41476768174e-05, -0.000680945347995, -0.0015584807843, 0.00128735753242, -0.000576400838327], [0.000531034718733, -0.00140862062108, 0.00130694254767, -0.00145792053081, 0.000183558673598, -0.00237621180713, 0.0059686312452, -0.00142572098412, 0.00116938538849, -0.000387526029954, 0.000278089690255, -0.000254110840615, 0.000841715314891], [-0.000560827669688, 0.00175144313835, -0.00152958289254, 0.00182489922736, -0.000936529948376, 0.000109333333967, -0.00142572098412, 0.00782912317663, -0.00263044121675, 0.000569368537981, -0.00121078093071, 5.78188592044e-05, 0.000166999860085], [0.000479564652778, -0.00159744929988, 0.00139982555993, -0.00232334202155, -0.00034785293974, 4.41476768174e-05, 0.00116938538849, -0.00263044121675, 0.0087279221043, -0.00295334518887, 0.00143018865492, 0.00044134966447, -0.00125614739954], [-0.000542505003978, 0.00233366689645, -0.0014487815788, 0.00226357812062, -0.000604602973908, -0.000680945347995, -0.000387526029954, 0.000569368537981, -0.00295334518887, 0.0124641610309, -0.00444658659399, 0.00163930281997, -0.00030798901571], [0.000851274700835, -0.0031947363168, 0.00243963557296, -0.00260231038556, 0.00103489204776, -0.0015584807843, 0.000278089690255, -0.00121078093071, 0.00143018865492, -0.00444658659399, 0.0156284701079, -0.00750022707507, 0.00284044235013], [-0.000434802175732, 0.00197560992092, -0.00224496750161, 0.0010984268738, 0.000106031264295, 0.00128735753242, -0.000254110840615, 5.78188592044e-05, 0.00044134966447, 0.00163930281997, -0.00750022707507, 0.0165543034673, -0.00543415453285], [0.000327818794176, -0.00118429132272, 0.00142960925587, -0.000492478953674, 0.000672482769005, -0.000576400838327, 0.000841715314891, 0.000166999860085, -0.00125614739954, -0.00030798901571, 0.00284044235013, -0.00543415453285, 0.0139408055693]]
    },
    "melbands": {
        "mean": [0.00136429641861, 0.00132131192368, 0.000480132410303, 0.000252538186032, 0.000154133944307, 0.000128135710838, 0.000119306590932, 0.000103011909232, 0.000158518305398, 6.31687071291e-05, 4.01313882321e-05, 3.40537335433e-05, 2.33196151385e-05, 4.56400885014e-05, 3.26623812725e-05, 2.60681063082e-05, 3.55300071533e-05, 4.90473721584e-05, 4.34769608546e-05, 4.42995151388e-05, 4.31429107266e-05, 2.94938836305e-05, 1.42435437738e-05, 7.6944443208e-06, 1.20896966109e-05, 1.33091125463e-05, 9.73358601186e-06, 9.95301161311e-06, 8.23614482215e-06, 8.02759041107e-06, 7.91440925241e-06, 5.15754845765e-06, 3.35324330081e-06, 2.37618837673e-06, 1.78400932782e-06, 1.08796780296e-06, 5.95203800913e-07, 5.50526920051e-07, 3.36043029847e-07, 1.92207693317e-07],
        "stdev": [0.0038315388374, 0.00372937344946, 0.000798695429694, 0.000368502689525, 0.000256211846136, 0.000198163281311, 0.000257475010585, 0.000245216710027, 0.000518279673997, 0.000243662230787, 9.17791039683e-05, 0.000124915881315, 9.62541162153e-05, 0.000155199828441, 0.000101480065496, 0.000124757993035, 0.00013013285934, 0.000189898288227, 0.000190332109923, 0.000210659112781, 0.000154569279402, 0.000102897975012, 5.03430383105e-05, 2.35251518461e-05, 4.39663890575e-05, 7.12562177796e-05, 5.7676796132e-05, 5.15271349286e-05, 4.0340655687e-05, 2.41369507421e-05, 2.50350603892e-05, 1.60973668244e-05, 1.08862031993e-05, 9.46284126258e-06, 8.30567023513e-06, 4.30767113357e-06, 2.46269496529e-06, 2.65897597274e-06, 1.66182269368e-06, 1.0334348417e-06]
    },
    "melbands128": {
        "mean": [9.36506112339e-05, 0.000891175470315, 0.00206992938183, 0.00197099871002, 0.00123388157226, 0.000783825002145, 0.000604310713243, 0.000337164936354, 0.00034212533501, 0.000301982974634, 0.000183468597243, 0.000148932609591, 0.00017678119184, 0.00013072809088, 0.000101988225651, 0.000159943374456, 0.000126254701172, 0.000119959273434, 9.84906218946e-05, 8.93265241757e-05, 7.31369073037e-05, 0.000196340493858, 0.000182112955372, 0.000107700521767, 8.15540333861e-05, 3.34355390805e-05, 4.94051928399e-05, 4.5321383368e-05, 2.14790034079e-05, 5.07366676175e-05, 2.66045026365e-05, 2.61992281594e-05, 2.98455142911e-05, 1.55342713697e-05, 1.46246375152e-05, 7.79590263846e-05, 6.21303697699e-05, 1.50797613969e-05, 3.11259973387e-05, 2.26693064178e-05, 2.37957938225e-05, 3.20471808664e-05, 3.40668957506e-05, 4.01385732403e-05, 3.26740446326e-05, 6.26622495474e-05, 5.46069786651e-05, 2.46062354563e-05, 5.11577018187e-05, 5.95861092734e-05, 4.72624378745e-05, 2.05498163268e-05, 3.42723578797e-05, 6.07207948633e-05, 4.81958013552e-05, 1.89069342014e-05, 2.08411383937e-05, 2.19539851969e-05, 9.14884549275e-06, 5.31096156919e-06, 7.68648988014e-06, 7.9525025285e-06, 1.26358336274e-05, 1.22374995044e-05, 1.35744976433e-05, 1.38317618621e-05, 1.34065494422e-05, 1.03008596852e-05, 8.39351014292e-06, 9.34731451707e-06, 1.10984174171e-05, 9.37174172577e-06, 8.94951972441e-06, 7.8851426224e-06, 7.18768160368e-06, 9.12969244382e-06, 7.47676904211e-06, 7.96579388407e-06, 9.27565724851e-06, 6.2498643274e-06, 5.26260237166e-06, 4.80526477986e-06, 4.39490668214e-06, 2.84679845208e-06, 3.0127566788e-06, 2.61131322077e-06, 2.15454224417e-06, 1.81576331215e-06, 1.9929066184e-06, 1.54703286626e-06, 1.32701859457e-06, 9.52197638071e-07, 6.79242873503e-07, 5.8870614339e-07, 5.38945300832e-07, 5.51098253254e-07, 5.9118514173e-07, 4.84488509755e-07, 3.6053728536e-07, 2.42082137447e-07, 2.22420979412e-07, 1.94316228885e-07, 1.40720786135e-07, 1.05824788932e-07, 7.48869410927e-08, 4.96362204672e-08, 3.52642928192e-08, 2.85057062399e-08, 2.06872829978e-08, 1.49228434054e-08, 9.54826795407e-09, 6.74181910298e-09, 4.86120477206e-09, 3.34077276953e-09, 2.16203144277e-09, 1.50978152202e-09, 1.00322872232e-09, 1.55903984167e-10, 1.03671160198e-11, 7.72718000697e-12, 5.96176190013e-12, 5.46979865915e-12, 3.24548461023e-12, 2.35693691127e-12, 2.32610957406e-12, 2.30901777733e-12, 2.29444198016e-12, 2.27532749586e-12],
        "stdev": [0.000304766639601, 0.00290856952779, 0.0060677616857, 0.00600125035271, 0.00411069672555, 0.00198889104649, 0.00111373653635, 0.000684536993504, 0.000670349632856, 0.000509238394443, 0.000401950703235, 0.000321469735354, 0.000369734916603, 0.000251980061876, 0.000206722150324, 0.000314697565045, 0.000282763823634, 0.000379430595785, 0.000404124002671, 0.000298007362289, 0.00026125178556, 0.000772040628362, 0.000708073377609, 0.000698176620062, 0.000401025870815, 0.000184529737453, 0.000135395050165, 0.000137653478305, 9.19412268559e-05, 0.0002176026901, 0.000154590976308, 0.000128161424072, 0.000162859752891, 8.91589224921e-05, 9.92082859739e-05, 0.000312087475322, 0.000216198604903, 0.000113968279038, 0.000151542233652, 0.000143297715113, 0.000203389674425, 0.000199128669919, 0.000175247012521, 0.000187754805665, 0.000195083412109, 0.000318406760925, 0.000295846082736, 0.000134682442877, 0.000410157983424, 0.000365597137716, 0.000342185201589, 0.000120570359286, 0.000176927205757, 0.000278967519989, 0.000229419703828, 0.000116756018542, 0.000111380250019, 9.07024150365e-05, 4.90583406645e-05, 2.20727961278e-05, 2.58601703536e-05, 4.08164451073e-05, 6.52054441161e-05, 5.63480753044e-05, 6.97448995197e-05, 9.9985030829e-05, 0.000108018386527, 0.000101565368823, 5.65530026506e-05, 5.52203600819e-05, 7.64805008657e-05, 8.40447319206e-05, 7.05803686287e-05, 5.03282826685e-05, 2.67264404101e-05, 2.78118131973e-05, 2.79983141809e-05, 2.88654828182e-05, 3.50403206539e-05, 2.23411589104e-05, 1.84036362043e-05, 1.81201303349e-05, 1.53551027324e-05, 1.11093513624e-05, 1.19770984384e-05, 1.09878274088e-05, 9.88241572486e-06, 9.28911231313e-06, 9.35693697102e-06, 8.80858624441e-06, 6.10674351265e-06, 3.45623880094e-06, 2.58983209278e-06, 2.39629707721e-06, 2.97750352729e-06, 2.91147784992e-06, 3.0204378163e-06, 2.55375107372e-06, 2.12627855944e-06, 1.16241801607e-06, 1.33943160563e-06, 1.21719619983e-06, 6.90005151682e-07, 4.37304436218e-07, 3.05039691284e-07, 2.03229618023e-07, 1.48385765897e-07, 1.11374134804e-07, 7.36259764267e-08, 5.41234967955e-08, 3.69697481517e-08, 2.61772257204e-08, 2.01247036813e-08, 1.47344580981e-08, 1.21600480796e-08, 9.74824576616e-09, 7.48516804094e-09, 1.52027102018e-09, 2.08278033709e-10, 1.46248860244e-10, 1.52706278178e-10, 2.20024290454e-10, 4.86890909535e-11, 4.74448562035e-12, 4.64835591893e-12, 4.59229529404e-12, 4.5513831419e-12, 4.52477291746e-12]
    },
    "mfcc": {
        "mean": [-705.579833984, 127.025527954, -17.5720672607, 38.7122688293, -2.08490967751, 12.9747066498, -9.46321487427, -0.265776127577, 0.956605911255, 2.96434688568, 0.987240612507, 3.24628067017, -0.801630079746],
        "cov": [[9575.70898438, -1348.38110352, 335.700897217, 627.972839355, -176.612792969, 405.724273682, -107.17905426, 244.702026367, 227.58265686, 212.521759033, 11.081281662, 142.611160278, 24.4404163361], [-1348.38110352, 2161.50976562, -412.694702148, 85.619934082, 309.855987549, -10.5955696106, 99.5411758423, 26.3761329651, -10.1926851273, -29.3112220764, 56.253036499, -12.759976387, -22.81108284], [335.700897217, -412.694702148, 1279.20422363, 257.755462646, 263.559326172, 302.114318848, 181.548812866, 179.581512451, 44.2238273621, 56.5124282837, 45.2768516541, 74.8275680542, 75.2915496826], [627.972839355, 85.619934082, 257.755462646, 522.329589844, 142.42036438, 194.120605469, 54.4468460083, 125.301078796, 41.3110275269, 38.9988098145, 23.2291259766, 49.6434822083, 37.1017112732], [-176.612792969, 309.855987549, 263.559326172, 142.42036438, 450.787719727, 116.540969849, 59.4875831604, 79.2955169678, 41.380279541, 54.0524597168, 36.702709198, 21.424659729, 23.1301803589], [405.724273682, -10.5955696106, 302.114318848, 194.120605469, 116.540969849, 319.987854004, 118.436286926, 85.2627716064, 41.6256866455, 34.4056358337, 46.6099281311, 46.8673629761, 16.4027557373], [-107.17905426, 99.5411758423, 181.548812866, 54.4468460083, 59.4875831604, 118.436286926, 262.788208008, 80.2198562622, 15.2965278625, 4.57387495041, 44.083240509, 36.9091720581, 21.4275627136], [244.702026367, 26.3761329651, 179.581512451, 125.301078796, 79.2955169678, 85.2627716064, 80.2198562622, 182.60319519, 41.559261322, 25.7442817688, 28.3680477142, 29.9223461151, 17.8732776642], [227.58265686, -10.1926851273, 44.2238273621, 41.3110275269, 41.380279541, 41.6256866455, 15.2965278625, 41.559261322, 142.035171509, 50.9401092529, 5.8885011673, 24.8066310883, 1.30102598667], [212.521759033, -29.3112220764, 56.5124282837, 38.9988098145, 54.0524597168, 34.4056358337, 4.57387495041, 25.7442817688, 50.9401092529, 125.261940002, 39.2915229797, 8.92676448822, 3.29055476189], [11.081281662, 56.253036499, 45.2768516541, 23.2291259766, 36.702709198, 46.6099281311, 44.083240509, 28.3680477142, 5.8885011673, 39.2915229797, 111.802642822, 34.3683509827, 0.474781095982], [142.611160278, -12.759976387, 74.8275680542, 49.6434822083, 21.424659729, 46.8673629761, 36.9091720581, 29.9223461151, 24.8066310883, 8.92676448822, 34.3683509827, 103.986763, 41.357170105], [24.4404163361, -22.81108284, 75.2915496826, 37.1017112732, 23.1301803589, 16.4027557373, 21.4275627136, 17.8732776642, 1.30102598667, 3.29055476189, 0.474781095982, 41.357170105, 107.978042603]],
        "icov": [[0.000142647855682, 8.20320128696e-05, 4.6617929911e-05, -0.000133557419758, 8.38396226754e-05, -0.000148427236127, 0.000119175339933, -0.000132800269057, -7.86948803579e-05, -0.00015787112352, 7.15766072972e-05, -0.0001225090964, 5.37144587724e-05], [8.20320128696e-05, 0.000716169073712, 0.000420477357693, -0.000231734287809, -0.00059758045245, 1.40025204018e-05, -0.000295488396659, -9.78857424343e-05, -1.61787738762e-05, 0.000282782420982, -0.000279757397948, 7.1399488661e-05, 8.53425663081e-05], [4.6617929911e-05, 0.000420477357693, 0.00141196534969, -0.000159526156494, -0.000702353776433, -0.000726987957023, -0.00040336890379, -0.00059189973399, 0.000230284422287, -4.4860815251e-05, 0.000127614533994, -0.000111787907372, -0.00037169555435], [-0.000133557419758, -0.000231734287809, -0.000159526156494, 0.00302754854783, -0.000273496494628, -0.00129868206568, 0.000534346734639, -0.0012112398399, 0.000251365243457, -0.000205808566534, 0.000476796471048, -0.000398754811613, -0.000443570927018], [8.38396226754e-05, -0.00059758045245, -0.000702353776433, -0.000273496494628, 0.00345643982291, -0.000447561615147, 0.000377689255401, -0.000379825622076, -0.000346117973095, -0.00103557691909, -5.03924202349e-05, 0.000217238120968, -0.000293259683531], [-0.000148427236127, 1.40025204018e-05, -0.000726987957023, -0.00129868206568, -0.000447561615147, 0.00571064837277, -0.00166410685051, 0.000328097172314, -0.000556148821488, 0.00015202575014, -0.000972860085312, -0.000465740973596, 0.000678737473208], [0.000119175339933, -0.000295488396659, -0.00040336890379, 0.000534346734639, 0.000377689255401, -0.00166410685051, 0.00559992156923, -0.00171547778882, -4.18197778345e-05, 0.000584845140111, -0.00106572173536, -0.000485961092636, -0.000473667139886], [-0.000132800269057, -9.78857424343e-05, -0.00059189973399, -0.0012112398399, -0.000379825622076, 0.000328097172314, -0.00171547778882, 0.00831715483218, -0.0015183420619, 0.000168915386894, -0.000877286191098, 2.05188553082e-05, -0.00015732969041], [-7.86948803579e-05, -1.61787738762e-05, 0.000230284422287, 0.000251365243457, -0.000346117973095, -0.000556148821488, -4.18197778345e-05, -0.0015183420619, 0.00944452080876, -0.0038295222912, 0.00223763566464, -0.00252575427294, 0.00114616879728], [-0.00015787112352, 0.000282782420982, -4.4860815251e-05, -0.000205808566534, -0.00103557691909, 0.00015202575014, 0.000584845140111, 0.000168915386894, -0.0038295222912, 0.0116156414151, -0.00455891294405, 0.00201460160315, -0.000807222211733], [7.15766072972e-05, -0.000279757397948, 0.000127614533994, 0.000476796471048, -5.03924202349e-05, -0.000972860085312, -0.00106572173536, -0.000877286191098, 0.00223763566464, -0.00455891294405, 0.0128695871681, -0.00455929432064, 0.00198882282712], [-0.0001225090964, 7.1399488661e-05, -0.000111787907372, -0.000398754811613, 0.000217238120968, -0.000465740973596, -0.000485961092636, 2.05188553082e-05, -0.00252575427294, 0.00201460160315, -0.00455929432064, 0.0143777579069, -0.00514277582988], [5.37144587724e-05, 8.53425663081e-05, -0.00037169555435, -0.000443570927018, -0.000293259683531, 0.000678737473208, -0.000473667139886, -0.00015732969041, 0.00114616879728, -0.000807222211733, 0.00198882282712, -0.00514277582988, 0.0117301596329]]
    },
    "spectral_contrast_coeffs": {
        "mean": [-0.726113080978, -0.737556993961, -0.739066541195, -0.758426606655, -0.77456843853, -0.70268201828],
        "stdev": [0.0804158970714, 0.0716607943177, 0.0691171884537, 0.0664706751704, 0.0572022236884, 0.0598510764539]
    },
    "spectral_contrast_valleys": {
        "mean": [-7.50314712524, -7.63913631439, -8.63988399506, -8.5487947464, -8.35583782196, -11.8131113052],
        "stdev": [2.49534869194, 2.27441716194, 2.19878268242, 2.22919440269, 2.31352877617, 2.32979416847]
    }
},
"rhythm": {
    "beats_count": 724,
    "beats_loudness": {
        "mean": 0.0317808575928,
        "stdev": 0.0287282187492
    },
    "bpm": 123.410644531,
    "bpm_histogram_first_peak_bpm": 123,
    "bpm_histogram_first_peak_weight": 0.405956089497,
    "bpm_histogram_second_peak_bpm": 117,
    "bpm_histogram_second_peak_spread": 0.0689654946327,
    "bpm_histogram_second_peak_weight": 0.0373443998396,
    "danceability": 1.09981286526,
    "onset_rate": 2.86987328529,
    "beats_loudness_band_ratio": {
        "mean": [0.474301248789, 0.135894432664, 0.139014214277, 0.0834508985281, 0.114617154002, 0.0908241048455],
        "stdev": [0.315030306578, 0.123078264296, 0.142329901457, 0.112769275904, 0.147513121367, 0.110730864108]
    },
    "beats_position": [0.487619042397, 0.975238084793, 1.46285712719, 1.95047616959, 2.43809509277, 2.93732428551, 3.43655323982, 3.94739222527, 4.45823097229, 4.98067998886, 5.4915189743, 5.99074840546, 6.48997735977, 6.98920631409, 7.50004529953, 7.99927425385, 8.498503685, 8.99773216248, 9.50857162476, 10.0194101334, 10.5186395645, 11.0410881042, 11.5519275665, 12.0627660751, 12.5736055374, 13.084444046, 13.5952835083, 14.1061220169, 14.6053514481, 15.1045799255, 15.6038093567, 16.0914287567, 16.5790481567, 17.0666656494, 17.5542850494, 18.0419044495, 18.5179138184, 19.0055332184, 19.4815406799, 19.96916008, 20.45677948, 20.94439888, 21.43201828, 21.9196376801, 22.4072551727, 22.8948745728, 23.3824939728, 23.8701133728, 24.3577327728, 24.8453502655, 25.3329696655, 25.8089790344, 26.2849884033, 26.7726078033, 27.2602272034, 27.747844696, 28.2354640961, 28.7230834961, 29.2107028961, 29.6983222961, 30.1859397888, 30.6735591888, 31.1611785889, 31.6487979889, 32.1364173889, 32.6356468201, 33.1348762512, 33.6224937439, 34.1101112366, 34.6093406677, 35.0853500366, 35.5613594055, 36.0605888367, 36.5482063293, 37.0358276367, 37.5350570679, 38.0226745605, 38.5219039917, 39.0095214844, 39.4971427917, 39.9847602844, 40.4723815918, 40.9599990845, 41.4360084534, 41.9120178223, 42.3996353149, 42.8872566223, 43.374874115, 43.8624954224, 44.350112915, 44.8377304077, 45.3253517151, 45.8129692078, 46.2889785767, 46.7649879456, 47.2409973145, 47.7170066833, 48.204624176, 48.6922454834, 49.1798629761, 49.6674804688, 50.1434898376, 50.6194992065, 51.1071205139, 51.5947380066, 52.0823554993, 52.5699768066, 53.0575942993, 53.5452156067, 54.0444450378, 54.5204544067, 55.0080718994, 55.4840812683, 55.9600906372, 56.4477081299, 56.9585494995, 57.4461669922, 57.9337844849, 58.4214057922, 58.9090232849, 59.3966445923, 59.8958702087, 60.3834915161, 60.8711090088, 61.3703384399, 61.8579597473, 62.34557724, 62.8448066711, 63.3440361023, 63.831653595, 64.3192749023, 64.806892395, 65.2945098877, 65.7937393188, 66.2697525024, 66.7573699951, 67.2449874878, 67.7326049805, 68.2202224731, 68.7194519043, 69.1954650879, 69.6830825806, 70.1707000732, 70.6583175659, 71.122718811, 71.6219482422, 72.1211776733, 72.608795166, 73.0964126587, 73.5840377808, 74.0716552734, 74.5708847046, 75.0701141357, 75.5693435669, 76.0453491211, 76.5329666138, 77.0205917358, 77.5082092285, 77.9958267212, 78.4834442139, 78.9710617065, 79.4470748901, 79.9230804443, 80.410697937, 80.8983230591, 81.3859405518, 81.8735580444, 82.3611755371, 82.8371887207, 83.3364181519, 83.8240356445, 84.3232650757, 84.7992706299, 85.298500061, 85.7977294922, 86.2853469849, 86.7729721069, 87.2605895996, 87.7482070923, 88.235824585, 88.7234420776, 89.2226715088, 89.7219009399, 90.2095184326, 90.6971435547, 91.1963729858, 91.6839904785, 92.1832199097, 92.6708374023, 93.1700668335, 93.6576843262, 94.1569137573, 94.64453125, 95.1437606812, 95.6429901123, 96.130607605, 96.6182327271, 97.1058502197, 97.5934677124, 98.0694732666, 98.5570983887, 99.0563278198, 99.5439453125, 100.031562805, 100.519180298, 101.018409729, 101.51763916, 102.016868591, 102.516098022, 103.015327454, 103.502944946, 103.990562439, 104.466575623, 104.954193115, 105.430198669, 105.929428101, 106.428657532, 106.927886963, 107.415504456, 107.903129578, 108.39074707, 108.878364563, 109.365982056, 109.865211487, 110.352828979, 110.840454102, 111.328071594, 111.827301025, 112.30330658, 112.779319763, 113.266937256, 113.74294281, 114.218955994, 114.729797363, 115.217414856, 115.705032349, 116.192649841, 116.680267334, 117.167892456, 117.667114258, 118.166343689, 118.66557312, 119.141586304, 119.617591858, 120.093605042, 120.581222534, 121.068840027, 121.55645752, 122.044082642, 122.531700134, 123.019317627, 123.50693512, 123.994552612, 124.470565796, 124.94657135, 125.422584534, 125.898590088, 126.386207581, 126.873832703, 127.361450195, 127.849067688, 128.336685181, 128.824310303, 129.300308228, 129.776321411, 130.263946533, 130.751556396, 131.250793457, 131.726806641, 132.214416504, 132.702041626, 133.189651489, 133.665664673, 134.141677856, 134.62928772, 135.105300903, 135.604537964, 136.092147827, 136.579772949, 137.067382812, 137.555007935, 138.054244995, 138.553466797, 139.041091919, 139.528701782, 140.016326904, 140.503936768, 140.99156189, 141.479187012, 141.978408813, 142.477645874, 142.965255737, 143.452880859, 143.952102661, 144.451339722, 144.938949585, 145.426574707, 145.902587891, 146.378585815, 146.866210938, 147.365432739, 147.8646698, 148.363891602, 148.863128662, 149.350738525, 149.838363647, 150.32598877, 150.825210571, 151.324447632, 151.812057495, 152.299682617, 152.78729248, 153.274917603, 153.774139404, 154.261764526, 154.761001587, 155.236999512, 155.724624634, 156.200637817, 156.688247681, 157.152648926, 157.617050171, 158.081451416, 158.569061279, 159.045074463, 159.521087646, 159.99710083, 160.473098755, 160.960723877, 161.448348999, 161.935958862, 162.423583984, 162.911193848, 163.39881897, 163.886444092, 164.374053955, 164.861679077, 165.34928894, 165.836914062, 166.324539185, 166.812149048, 167.29977417, 167.775772095, 168.263397217, 168.7394104, 169.227020264, 169.714645386, 170.202270508, 170.689880371, 171.177505493, 171.665115356, 172.152740479, 172.640365601, 173.127975464, 173.627212524, 174.114822388, 174.590835571, 175.066848755, 175.54284668, 176.018859863, 176.494873047, 176.982498169, 177.470108032, 177.957733154, 178.445343018, 178.93296814, 179.420593262, 179.896591187, 180.37260437, 180.871826172, 181.347839355, 181.823852539, 182.299865723, 182.775863647, 183.251876831, 183.739501953, 184.227111816, 184.714736938, 185.202362061, 185.689971924, 186.165985107, 186.641998291, 187.117996216, 187.594009399, 188.081634521, 188.546035767, 189.022033691, 189.498046875, 189.985671997, 190.47328186, 190.960906982, 191.436920166, 191.912918091, 192.400543213, 192.888153076, 193.375778198, 193.86340332, 194.351013184, 194.838638306, 195.314651489, 195.790649414, 196.278274536, 196.765899658, 197.253509521, 197.741134644, 198.228744507, 198.716369629, 199.203994751, 199.691604614, 200.179229736, 200.6668396, 201.154464722, 201.642089844, 202.129699707, 202.617324829, 203.104934692, 203.592559814, 204.068572998, 204.544570923, 205.020584106, 205.49659729, 205.972610474, 206.460220337, 206.936233521, 207.423858643, 207.899856567, 208.387481689, 208.875091553, 209.351104736, 209.838729858, 210.326339722, 210.802352905, 211.278366089, 211.754379272, 212.230377197, 212.706390381, 213.182403564, 213.658401489, 214.134414673, 214.610427856, 215.08644104, 215.562438965, 216.038452148, 216.514465332, 216.990478516, 217.46647644, 217.942489624, 218.406890869, 218.894515991, 219.370513916, 219.8465271, 220.310928345, 220.786941528, 221.251327515, 221.727340698, 222.21496582, 222.702575684, 223.190200806, 223.677825928, 224.165435791, 224.653060913, 225.129058838, 225.605072021, 226.092697144, 226.580307007, 227.067932129, 227.555557251, 228.031555176, 228.507568359, 228.995193481, 229.482803345, 229.970428467, 230.45803833, 230.945663452, 231.433288574, 231.920898438, 232.40852356, 232.896133423, 233.383758545, 233.859771729, 234.335784912, 234.811782837, 235.299407959, 235.775421143, 236.251419067, 236.727432251, 237.203445435, 237.679458618, 238.167068481, 238.654693604, 239.142303467, 239.629928589, 240.117553711, 240.605163574, 241.092788696, 241.568786621, 242.044799805, 242.520812988, 243.02003479, 243.507659912, 243.995285034, 244.482894897, 244.947296143, 245.423309326, 245.89932251, 246.386932373, 246.874557495, 247.35055542, 247.826568604, 248.302581787, 248.778594971, 249.266204834, 249.753829956, 250.22984314, 250.705841064, 251.205078125, 251.692687988, 252.18031311, 252.679534912, 253.167160034, 253.666397095, 254.154006958, 254.653244019, 255.140853882, 255.605255127, 256.046447754, 256.487609863, 256.94039917, 257.381591797, 257.834381104, 258.28717041, 258.739959717, 259.204345703, 259.668762207, 260.179595947, 260.690429688, 261.189666748, 261.700500488, 262.211334229, 262.722167969, 263.233001709, 263.73223877, 264.24307251, 264.75390625, 265.264770508, 265.775604248, 266.286437988, 266.797271729, 267.308105469, 267.865386963, 268.422668457, 268.979949951, 269.537231445, 270.082885742, 270.640167236, 271.19744873, 271.754730225, 272.300415039, 272.846069336, 273.39175415, 273.937408447, 274.471466064, 274.970703125, 275.469940186, 275.969146729, 276.456787109, 276.944396973, 277.443634033, 277.931243896, 278.430480957, 278.91809082, 279.405700684, 279.893341064, 280.380950928, 280.868560791, 281.344573975, 281.820587158, 282.296600342, 282.772613525, 283.260223389, 283.747833252, 284.235473633, 284.723083496, 285.19909668, 285.698303223, 286.185943604, 286.673553467, 287.16116333, 287.648803711, 288.136413574, 288.624023438, 289.111663818, 289.610870361, 290.110107422, 290.597717285, 291.085357666, 291.572967529, 292.060577393, 292.548217773, 293.047424316, 293.535064697, 294.03427124, 294.521911621, 295.009521484, 295.497131348, 295.973144531, 296.449157715, 296.936767578, 297.424407959, 297.900390625, 298.388031006, 298.875640869, 299.351654053, 299.827667236, 300.30368042, 300.791290283, 301.278900146, 301.76651001, 302.254150391, 302.741760254, 303.229370117, 303.717010498, 304.204620361, 304.692230225, 305.168243408, 305.644256592, 306.131866455, 306.607879639, 307.083892822, 307.571502686, 308.059143066, 308.54675293, 309.034362793, 309.522003174, 310.009613037, 310.4972229, 310.973236084, 311.460845947, 311.936859131, 312.401275635, 312.865661621, 313.330047607, 313.817687988, 314.293701172, 314.781311035, 315.268920898, 315.744934082, 316.220947266, 316.696960449, 317.184570312, 317.672180176, 318.159820557, 318.64743042, 319.135040283, 319.622680664, 320.110290527, 320.597900391, 321.073913574, 321.561523438, 322.049163818, 322.536773682, 323.024383545, 323.500396729, 323.988006592, 324.475646973, 324.963256836, 325.450866699, 325.926879883, 326.402893066, 326.87890625, 327.354919434, 327.81930542, 328.283721924, 328.759735107, 329.25894165, 329.746582031, 330.234191895, 330.721801758, 331.186218262, 331.673828125, 332.161437988, 332.649078369, 333.136688232, 333.624298096, 334.100311279, 334.587921143, 335.075561523, 335.551544189, 336.03918457, 336.526794434, 337.014404297, 337.49041748, 337.966430664, 338.454040527, 338.930053711, 339.406066895, 339.893676758, 340.369689941, 340.845703125, 341.321716309, 341.797729492, 342.285339355, 342.772949219, 343.2605896, 343.736602783, 344.235809326, 344.79309082, 345.350372314, 345.907653809, 346.48815918, 347.068664551, 347.649139404, 348.194824219, 348.740478516, 349.27456665, 349.808624268, 350.354278564, 350.911560059, 351.468841553, 352.049346924, 352.629821777, 353.210327148, 353.79083252, 354.38293457],
    "bpm_histogram": [0, 0, 0, 0, 0, 0, 0, 0, 0, 0, 0, 0, 0, 0, 0, 0, 0, 0, 0, 0, 0, 0, 0, 0, 0, 0, 0, 0, 0, 0, 0, 0, 0, 0, 0, 0, 0, 0, 0, 0, 0, 0, 0, 0, 0, 0, 0, 0, 0, 0, 0, 0, 0, 0, 0, 0, 0, 0, 0, 0, 0, 0, 0, 0, 0, 0, 0, 0, 0, 0, 0, 0, 0, 0, 0, 0, 0, 0, 0, 0, 0, 0, 0, 0, 0, 0, 0, 0, 0, 0, 0, 0, 0, 0, 0, 0, 0, 0, 0, 0, 0, 0.00138312589843, 0, 0.00968188140541, 0, 0, 0, 0, 0.0165975112468, 0, 0.0110650071874, 0, 0.0041493778117, 0, 0, 0.00276625179686, 0, 0.0373443998396, 0, 0, 0.128630712628, 0, 0, 0.524204730988, 0, 0, 0.229598894715, 0, 0, 0.0248962659389, 0, 0, 0, 0.00553250359371, 0, 0, 0.0041493778117, 0, 0, 0, 0, 0, 0, 0, 0, 0, 0, 0, 0, 0, 0, 0, 0, 0, 0, 0, 0, 0, 0, 0, 0, 0, 0, 0, 0, 0, 0, 0, 0, 0, 0, 0, 0, 0, 0, 0, 0, 0, 0, 0, 0, 0, 0, 0, 0, 0, 0, 0, 0, 0, 0, 0, 0, 0, 0, 0, 0, 0, 0, 0, 0, 0, 0, 0, 0, 0, 0, 0, 0, 0, 0, 0, 0, 0, 0, 0, 0, 0, 0, 0, 0, 0, 0, 0, 0, 0, 0, 0, 0, 0, 0, 0, 0, 0, 0, 0, 0, 0, 0, 0, 0, 0, 0, 0, 0, 0, 0, 0, 0, 0]
},
"tonal": {
    "chords_changes_rate": 0.0414541661739,
    "chords_number_rate": 0.00104616186582,
    "chords_strength": {
        "mean": 0.51023542881,
        "stdev": 0.164835557342
    },
    "hpcp_crest": {
        "mean": 15.5675325394,
        "stdev": 7.36754894257
    },
    "hpcp_entropy": {
        "mean": 1.70451426506,
        "stdev": 0.701326727867
    },
    "key_edma": {
        "strength": 0.785798966885,
        "key": "G",
        "scale": "major"
    },
    "key_krumhansl": {
        "strength": 0.798085987568,
        "key": "G",
        "scale": "major"
    },
    "key_temperley": {
        "strength": 0.813290417194,
        "key": "G",
        "scale": "major"
    },
    "tuning_diatonic_strength": 0.645506322384,
    "tuning_equal_tempered_deviation": 0.0130572849885,
    "tuning_frequency": 439.745910645,
    "tuning_nontempered_energy_ratio": 0.645734906197,
    "hpcp": {
