{
"metadata": {
    "version": {
        "essentia": "2.1-dev",
        "essentia_git_sha": "v2.1_beta3-415-gd5473f3",
        "extractor": "music 2.0"
    },
    "audio_properties": {
        "analysis": {
            "equal_loudness": 0,
            "length": 202.161636353,
            "sample_rate": 44100,
            "start_time": 0,
            "downmix": "mix"
        },
        "bit_rate": 192000,
        "length": 202.161636353,
        "lossless": 0,
        "number_channels": 2,
        "replay_gain": -10.1662063599,
        "sample_rate": 44100,
        "codec": "mp3",
        "md5_encoded": "f99c3aa93664600dd70f1e5f08943008"
    },
    "tags": {
        "file_name": "dina_carroll-someone_like_you.mp3",
        "album": ["Bridget Jones's Diary"],
        "artist": ["Various Artists"],
        "genre": ["Other"],
        "title": ["Someone Like You"]
    }
},
"lowlevel": {
    "average_loudness": 0.902072250843,
    "barkbands_crest": {
        "mean": 11.3961896896,
        "stdev": 3.98855566978
    },
    "barkbands_flatness_db": {
        "mean": 0.268083512783,
        "stdev": 0.0883898064494
    },
    "barkbands_kurtosis": {
        "mean": 17.3432044983,
        "stdev": 97.5519180298
    },
    "barkbands_skewness": {
        "mean": 2.11988377571,
        "stdev": 2.15472722054
    },
    "barkbands_spread": {
        "mean": 9.45985507965,
        "stdev": 13.1467752457
    },
    "dissonance": {
        "mean": 0.415593355894,
        "stdev": 0.0486942380667
    },
    "dynamic_complexity": 2.75381016731,
    "erbbands_crest": {
        "mean": 12.4322004318,
        "stdev": 4.61410617828
    },
    "erbbands_flatness_db": {
        "mean": 0.236289441586,
        "stdev": 0.0629887655377
    },
    "erbbands_kurtosis": {
        "mean": 4.89180278778,
        "stdev": 7.17625617981
    },
    "erbbands_skewness": {
        "mean": 1.38302135468,
        "stdev": 1.22306096554
    },
    "erbbands_spread": {
        "mean": 23.3010463715,
        "stdev": 20.5766487122
    },
    "hfc": {
        "mean": 13.8077783585,
        "stdev": 17.1736831665
    },
    "loudness_ebu128": {
        "integrated": -13.0761241913,
        "loudness_range": 5.34374046326,
        "momentary": {
            "mean": -13.9851951599,
            "stdev": 4.10874843597
        },
        "short_term": {
            "mean": -13.5420942307,
            "stdev": 2.20232582092
        }
    },
    "melbands_crest": {
        "mean": 15.0868864059,
        "stdev": 4.87324333191
    },
    "melbands_flatness_db": {
        "mean": 0.350492745638,
        "stdev": 0.11462879926
    },
    "melbands_kurtosis": {
        "mean": 18.973613739,
        "stdev": 30.4565105438
    },
    "melbands_skewness": {
        "mean": 2.55043435097,
        "stdev": 1.54798424244
    },
    "melbands_spread": {
        "mean": 10.2039556503,
        "stdev": 14.873623848
    },
    "pitch_salience": {
        "mean": 0.549272894859,
        "stdev": 0.11640522629
    },
    "silence_rate_20dB": {
        "mean": 1,
        "stdev": 0
    },
    "silence_rate_30dB": {
        "mean": 0.99988514185,
        "stdev": 0.0107153449208
    },
    "silence_rate_60dB": {
        "mean": 0.0273311901838,
        "stdev": 0.16304884851
    },
    "spectral_centroid": {
        "mean": 616.614379883,
        "stdev": 690.37298584
    },
    "spectral_complexity": {
        "mean": 10.0392742157,
        "stdev": 5.15107727051
    },
    "spectral_decrease": {
        "mean": -7.47200168405e-09,
        "stdev": 4.53418502744e-09
    },
    "spectral_energy": {
        "mean": 0.0294534470886,
        "stdev": 0.0178086347878
    },
    "spectral_energyband_high": {
        "mean": 0.000474015454529,
        "stdev": 0.00152468471788
    },
    "spectral_energyband_low": {
        "mean": 0.00970264524221,
        "stdev": 0.0116100702435
    },
    "spectral_energyband_middle_high": {
        "mean": 0.0028067259118,
        "stdev": 0.00554378470406
    },
    "spectral_energyband_middle_low": {
        "mean": 0.0186442974955,
        "stdev": 0.0123163452372
    },
    "spectral_entropy": {
        "mean": 6.35573101044,
        "stdev": 0.755995333195
    },
    "spectral_flux": {
        "mean": 0.0747438594699,
        "stdev": 0.0459573455155
    },
    "spectral_kurtosis": {
        "mean": 23.0404529572,
        "stdev": 28.6061573029
    },
    "spectral_rms": {
        "mean": 0.00508778169751,
        "stdev": 0.00168808060698
    },
    "spectral_rolloff": {
        "mean": 776.513549805,
        "stdev": 1438.34692383
    },
    "spectral_skewness": {
        "mean": 3.21899819374,
        "stdev": 1.91963005066
    },
    "spectral_spread": {
        "mean": 3390287.5,
        "stdev": 2673083.75
    },
    "spectral_strongpeak": {
        "mean": 0.900768101215,
        "stdev": 1.09907472134
    },
    "zerocrossingrate": {
        "mean": 0.0299760829657,
        "stdev": 0.0369433797896
    },
    "barkbands": {
        "mean": [2.48175310844e-05, 0.00390758691356, 0.00365487975068, 0.00365127902478, 0.00844332575798, 0.00338500528596, 0.000980495824479, 0.00137859699316, 0.000695207447279, 0.000352996663423, 0.000521888548974, 0.000288513023406, 0.00064869254129, 0.000240033768932, 0.000168388083694, 0.000109219014121, 8.34889360704e-05, 0.000156504713232, 0.000221699039685, 0.000223226263188, 5.35920989932e-05, 4.07767220167e-05, 7.46870064177e-05, 7.29617968318e-05, 6.73376489431e-05, 8.2871356426e-06, 6.8373545048e-08],
        "stdev": [6.09226008237e-05, 0.00575972720981, 0.00593588966876, 0.0045256447047, 0.00742454221472, 0.00419719330966, 0.00212587276474, 0.00373367615975, 0.00157816486899, 0.00109348539263, 0.00178655679338, 0.00115850591101, 0.00235462700948, 0.00110307359137, 0.000711553904694, 0.000595741905272, 0.000429367355537, 0.000744718650822, 0.000836641411297, 0.000838773790747, 0.000190830833162, 0.000195365675609, 0.000275406026049, 0.000497347500641, 0.000447329017334, 4.82130199089e-05, 3.98716082373e-07]
    },
    "erbbands": {
        "mean": [0.0624771229923, 1.06503152847, 4.03782510757, 9.5049200058, 20.4885826111, 27.7706394196, 32.3438072205, 25.9650974274, 15.5476856232, 22.0691127777, 24.6755428314, 19.9453163147, 10.9140691757, 18.5477352142, 17.1984348297, 12.7218866348, 28.3120040894, 18.7687149048, 10.5064907074, 6.75715065002, 5.39889574051, 4.78703975677, 8.02817821503, 12.1067056656, 9.27877426147, 10.4893808365, 4.428565979, 1.81469297409, 1.17153418064, 2.31537795067, 2.09760522842, 1.41847610474, 1.32605564594, 0.906047046185, 0.364079445601, 0.0724417939782, 0.00928798597306, 0.00064782903064, 3.46333508787e-05, 3.55478478014e-05],
        "stdev": [0.102348580956, 1.59476482868, 6.55937862396, 11.4389867783, 23.4437904358, 28.7575912476, 37.9533805847, 38.9182815552, 32.0817565918, 48.7644042969, 78.149017334, 42.4614562988, 25.7822589874, 58.5329933167, 61.2155685425, 46.6865310669, 102.652030945, 61.4146690369, 37.202419281, 25.4445457458, 26.2160549164, 23.5377368927, 40.5773925781, 49.7806549072, 35.6788253784, 40.1197433472, 15.9567899704, 6.39133358002, 5.65799617767, 9.96189117432, 7.52038383484, 8.15454864502, 10.7150230408, 6.40826320648, 2.34279799461, 0.435557186604, 0.0518027059734, 0.00327967619523, 0.000100578276033, 2.40552726609e-05]
    },
    "gfcc": {
        "mean": [-86.5503158569, 157.861907959, -85.989654541, 25.7050876617, -58.3936843872, 0.277849912643, -38.0147438049, -7.56018638611, -26.1423778534, -9.69027996063, -8.40179252625, -12.524930954, -6.33974838257],
        "cov": [[13022.1650391, -3396.56201172, -2156.57177734, 1120.45458984, -1435.0144043, 986.18182373, -819.852111816, 419.421447754, -698.504089355, 398.427581787, -8.25281047821, 59.3922271729, -512.204345703], [-3396.56201172, 2997.92724609, 402.109466553, -706.869628906, 915.659667969, -706.573303223, 583.289794922, -353.151855469, 461.322418213, -285.679870605, 43.9338951111, -141.395889282, 268.27935791], [-2156.57177734, 402.109466553, 1304.48376465, -72.7252960205, 52.6827697754, 15.2625865936, 15.2839326859, 40.3006439209, 52.7836418152, -33.5605430603, 7.91918039322, 36.8171157837, 109.466842651], [1120.45458984, -706.869628906, -72.7252960205, 528.258483887, -119.592269897, 198.420837402, -32.7042884827, 92.684425354, -33.7024765015, 81.7078857422, 25.6703987122, 69.1493453979, -61.3519439697], [-1435.0144043, 915.659667969, 52.6827697754, -119.592269897, 601.649902344, -183.88710022, 288.62109375, -96.135307312, 155.618728638, -72.3362503052, 27.5339031219, -11.0349578857, 67.5559310913], [986.18182373, -706.573303223, 15.2625865936, 198.420837402, -183.88710022, 420.38180542, -47.907207489, 110.693725586, -94.8947677612, 104.562339783, 1.94530618191, 42.1476783752, -55.4673461914], [-819.852111816, 583.289794922, 15.2839326859, -32.7042884827, 288.62109375, -47.907207489, 338.820617676, -74.043510437, 129.893875122, -24.7137527466, 9.0690612793, 2.53004145622, 40.3161582947], [419.421447754, -353.151855469, 40.3006439209, 92.684425354, -96.135307312, 110.693725586, -74.043510437, 210.277938843, -35.164691925, 38.5604057312, 14.8157720566, 10.0952482224, -15.7929792404], [-698.504089355, 461.322418213, 52.7836418152, -33.7024765015, 155.618728638, -94.8947677612, 129.893875122, -35.164691925, 244.786010742, -10.0117502213, -21.3736877441, -22.1127185822, 42.5257263184], [398.427581787, -285.679870605, -33.5605430603, 81.7078857422, -72.3362503052, 104.562339783, -24.7137527466, 38.5604057312, -10.0117502213, 134.853042603, 16.7299346924, 8.67444324493, -37.6071243286], [-8.25281047821, 43.9338951111, 7.91918039322, 25.6703987122, 27.5339031219, 1.94530618191, 9.0690612793, 14.8157720566, -21.3736877441, 16.7299346924, 107.123954773, 23.8288326263, -2.79826307297], [59.3922271729, -141.395889282, 36.8171157837, 69.1493453979, -11.0349578857, 42.1476783752, 2.53004145622, 10.0952482224, -22.1127185822, 8.67444324493, 23.8288326263, 110.662246704, 15.3588781357], [-512.204345703, 268.27935791, 109.466842651, -61.3519439697, 67.5559310913, -55.4673461914, 40.3161582947, -15.7929792404, 42.5257263184, -37.6071243286, -2.79826307297, 15.3588781357, 117.675804138]],
        "icov": [[0.000355012947693, -0.000809825141914, 0.000669533968903, -0.000885397312231, 0.000700226111803, -0.000774470565375, 0.00083878467558, -0.000502678740304, 0.000867218710482, -0.000563607376534, 0.000760405033361, -0.000558176310733, 0.000782610441092], [-0.000809825141914, 0.00496644247323, -0.00210779719055, 0.00393822416663, -0.00291098980233, 0.00343826459721, -0.0041093765758, 0.00259491498582, -0.00419855536893, 0.00321985408664, -0.00447161588818, 0.00368071789853, -0.00382597744465], [0.000669533968903, -0.00210779719055, 0.00223382934928, -0.00188494392205, 0.00151539384387, -0.00198527239263, 0.00211686058901, -0.00141162762884, 0.00183880887926, -0.0012658421183, 0.00184161367361, -0.00171801680699, 0.00113745650742], [-0.000885397312231, 0.00393822416663, -0.00188494392205, 0.00608813064173, -0.00237212586217, 0.00217714370228, -0.00353400269523, 0.00154658593237, -0.00399128720164, 0.00222662859596, -0.00385397695936, 0.00136913114693, -0.0022147311829], [0.000700226111803, -0.00291098980233, 0.00151539384387, -0.00237212586217, 0.00536276865751, -0.00141515943687, 9.89228719845e-05, -0.00156327581499, 0.00212925253436, -0.0012978160521, 0.00169801909942, -0.00204284489155, 0.00217131013051], [-0.000774470565375, 0.00343826459721, -0.00198527239263, 0.00217714370228, -0.00141515943687, 0.00688336975873, -0.00421479716897, 0.000573445751797, -0.00169526704121, 0.000110681496153, -0.00214948132634, 0.00182354357094, -0.00229096459225], [0.00083878467558, -0.0041093765758, 0.00211686058901, -0.00353400269523, 9.89228719845e-05, -0.00421479716897, 0.00948419142514, -0.000941257399973, 0.00172229856253, -0.00245703314431, 0.00335560878739, -0.00329977879301, 0.00289163086563], [-0.000502678740304, 0.00259491498582, -0.00141162762884, 0.00154658593237, -0.00156327581499, 0.000573445751797, -0.000941257399973, 0.0075906268321, -0.00257542124018, 0.00143322080839, -0.00330060301349, 0.00247242162004, -0.00248793652281], [0.000867218710482, -0.00419855536893, 0.00183880887926, -0.00399128720164, 0.00212925253436, -0.00169526704121, 0.00172229856253, -0.00257542124018, 0.0100047271699, -0.00432296935469, 0.00547397928312, -0.00201160018332, 0.00199371739291], [-0.000563607376534, 0.00321985408664, -0.0012658421183, 0.00222662859596, -0.0012978160521, 0.000110681496153, -0.00245703314431, 0.00143322080839, -0.00432296935469, 0.0125852478668, -0.00485034892336, 0.00246041524224, -0.000476298650028], [0.000760405033361, -0.00447161588818, 0.00184161367361, -0.00385397695936, 0.00169801909942, -0.00214948132634, 0.00335560878739, -0.00330060301349, 0.00547397928312, -0.00485034892336, 0.0149320447817, -0.00537256943062, 0.0037292225752], [-0.000558176310733, 0.00368071789853, -0.00171801680699, 0.00136913114693, -0.00204284489155, 0.00182354357094, -0.00329977879301, 0.00247242162004, -0.00201160018332, 0.00246041524224, -0.00537256943062, 0.0140265095979, -0.00545951584354], [0.000782610441092, -0.00382597744465, 0.00113745650742, -0.0022147311829, 0.00217131013051, -0.00229096459225, 0.00289163086563, -0.00248793652281, 0.00199371739291, -0.000476298650028, 0.0037292225752, -0.00545951584354, 0.0146916890517]]
    },
    "melbands": {
        "mean": [0.000830704986583, 0.00192198669538, 0.00190196326002, 0.0017790470738, 0.0011564695742, 0.000572372809984, 0.000230057397857, 0.000259849010035, 0.000176849644049, 0.000123638121295, 4.93418665428e-05, 7.12275359547e-05, 5.99588238401e-05, 3.9313268644e-05, 2.73108289548e-05, 7.82316201366e-05, 2.91145315714e-05, 1.6781496015e-05, 1.17598719953e-05, 8.83691518538e-06, 5.62876584809e-06, 4.65252696813e-06, 6.55413259665e-06, 6.99853899278e-06, 1.04377795651e-05, 7.34178411221e-06, 5.3548633332e-06, 8.06516709417e-06, 3.56697296411e-06, 1.36683024721e-06, 8.86378074938e-07, 5.59806892397e-07, 9.1944906444e-07, 1.38709367548e-06, 1.32110244522e-06, 9.33460285069e-07, 8.3155015318e-07, 9.1335397201e-07, 9.36200478918e-07, 7.20191849268e-07],
        "stdev": [0.00122545054182, 0.00295718456618, 0.00194484076928, 0.00173682672903, 0.00123774446547, 0.000811323698144, 0.000466286728624, 0.000606402114499, 0.000600034196395, 0.000277553335764, 0.000130503278342, 0.000231307771173, 0.000207114542718, 0.000152450942551, 0.000104882448795, 0.000289678486297, 0.000119571035611, 6.74323164276e-05, 5.71071468585e-05, 4.77376524941e-05, 2.82971377601e-05, 2.57379251707e-05, 3.38662321155e-05, 3.68706969311e-05, 4.71003695566e-05, 3.27005946019e-05, 2.49368622462e-05, 3.49074944097e-05, 1.50477935676e-05, 4.8618544497e-06, 3.5164757719e-06, 2.710300123e-06, 4.85132250105e-06, 5.84528106629e-06, 4.65000357508e-06, 5.0600870054e-06, 5.43873875358e-06, 7.95271171228e-06, 8.15259500087e-06, 5.0168719099e-06]
    },
    "melbands128": {
        "mean": [2.41256148001e-05, 0.000307349488139, 0.0010747165652, 0.00199565500952, 0.0021036551334, 0.00174325902481, 0.00198621372692, 0.00165775162168, 0.0023023430258, 0.00183039030526, 0.00163096003234, 0.00129394920077, 0.00128403003328, 0.000614577089436, 0.00069674057886, 0.000445969606517, 0.000257686217083, 0.000198714449652, 0.00020310904074, 0.00023780457559, 0.000347377877915, 0.000226960401051, 0.000203713774681, 4.99098678119e-05, 0.000123586185509, 0.000181884068297, 3.73206166842e-05, 4.9336678785e-05, 3.1193405448e-05, 5.59817199246e-05, 9.92601635517e-05, 7.9985926277e-05, 4.06237195421e-05, 7.31930122129e-05, 3.06960500893e-05, 3.91847934225e-05, 3.4045708162e-05, 1.65264773386e-05, 1.88122921827e-05, 8.54375539348e-05, 0.000120219709061, 3.01789441437e-05, 2.41887246375e-05, 3.41433260473e-05, 1.49354846144e-05, 1.39981957545e-05, 1.75908644451e-05, 1.44947298395e-05, 8.28600423119e-06, 5.0803701015e-06, 1.17707259051e-05, 9.94779111352e-06, 3.69209033124e-06, 5.03831370224e-06, 6.32174123893e-06, 3.73003626919e-06, 4.29844749306e-06, 5.20658977621e-06, 7.49120272303e-06, 9.22051913221e-06, 5.20483263244e-06, 6.08563186688e-06, 1.20307367979e-05, 1.22569445011e-05, 7.34668128644e-06, 7.41091844247e-06, 7.45077068132e-06, 5.20193771081e-06, 5.69598887523e-06, 3.71634632756e-06, 6.95280095897e-06, 1.34440115289e-05, 4.94002233609e-06, 1.54437771016e-06, 1.40104214097e-06, 1.41054306368e-06, 1.51274412019e-06, 9.24078278786e-07, 9.62803369475e-07, 5.69311168874e-07, 5.31117564151e-07, 5.59599072858e-07, 6.0091076648e-07, 7.18462160876e-07, 1.45783883454e-06, 1.46627075992e-06, 1.34249091843e-06, 1.29868726617e-06, 1.630395559e-06, 1.00312593077e-06, 9.21255661979e-07, 1.00923250557e-06, 7.81331323196e-07, 8.15459657133e-07, 8.22125457489e-07, 9.38839491482e-07, 9.13995563678e-07, 9.33182036533e-07, 9.5273082934e-07, 1.00885438314e-06, 6.84322174038e-07, 6.65959873913e-07, 7.46701118715e-07, 6.25479458449e-07, 3.69955472479e-07, 2.68315261565e-07, 2.01009669354e-07, 1.4660496106e-07, 1.1424172186e-07, 7.70370149894e-08, 4.60123352752e-08, 3.21461897101e-08, 2.27089156368e-08, 1.2508208691e-08, 8.09616640396e-09, 4.60294202753e-09, 2.67156341494e-09, 2.01259092725e-10, 3.9134637371e-12, 3.80062170971e-12, 3.70998847962e-12, 3.63586222761e-12, 3.55483719718e-12, 3.49281736346e-12, 3.44138411344e-12, 3.40555231584e-12, 3.37937772384e-12, 3.35508162051e-12],
        "stdev": [5.98229053139e-05, 0.000650384230539, 0.00178798194975, 0.0031673873309, 0.00383715401404, 0.00273416098207, 0.00278732762672, 0.00207773782313, 0.00321331736632, 0.00228560133837, 0.00236387341283, 0.00169669627212, 0.001758982311, 0.000927049957681, 0.00121489039157, 0.00097120256396, 0.000791346479673, 0.000566213449929, 0.000548757321667, 0.000666169682518, 0.00112975027878, 0.000846174545586, 0.000959295837674, 0.000311009440338, 0.000307354406686, 0.000460503302747, 0.000147986167576, 0.0001895546593, 0.000173052278114, 0.000250932003837, 0.00038099908852, 0.000391045206925, 0.000205433316296, 0.000376723182853, 0.00019035974401, 0.000245553615969, 0.000163095115568, 0.000126287719468, 0.000126632934553, 0.0004095393233, 0.000513125443831, 0.000200372945983, 0.000144062985783, 0.000205653224839, 0.000125756399939, 7.52700580051e-05, 9.89252366708e-05, 0.00010416720761, 6.2353334215e-05, 3.2058222132e-05, 7.49503669795e-05, 9.21668615774e-05, 3.44366453646e-05, 3.18470119964e-05, 4.89626072522e-05, 3.16098230542e-05, 3.98859519919e-05, 3.71768401237e-05, 5.33054953848e-05, 7.16662107152e-05, 4.96586544614e-05, 4.59552647953e-05, 7.47436206439e-05, 7.53063141019e-05, 4.67675527034e-05, 4.89477424708e-05, 4.9858361308e-05, 3.01161744574e-05, 4.46923113486e-05, 2.13759485632e-05, 4.30078944191e-05, 7.82011848059e-05, 3.02827938867e-05, 9.29870293476e-06, 7.80016762292e-06, 6.64267645334e-06, 7.56460485718e-06, 4.45035630037e-06, 5.6653707361e-06, 2.46882177635e-06, 2.35686979977e-06, 3.26940630657e-06, 4.54697237728e-06, 4.77347430206e-06, 7.60482362239e-06, 8.60190721141e-06, 7.09851065039e-06, 5.58947022e-06, 7.1225931606e-06, 4.47822276328e-06, 5.7858837863e-06, 6.48561899652e-06, 5.18660363014e-06, 6.20656692263e-06, 5.76779939365e-06, 9.2722084446e-06, 1.02670364868e-05, 1.18303287309e-05, 9.55876748776e-06, 1.1163491763e-05, 6.65992001814e-06, 4.98521740155e-06, 5.16342333867e-06, 4.35128640675e-06, 3.14917201649e-06, 2.16379658013e-06, 1.45084163705e-06, 9.92954255707e-07, 6.6273213406e-07, 4.65051215315e-07, 2.72566239801e-07, 2.02450465281e-07, 1.40555002304e-07, 7.51106696839e-08, 4.42021033109e-08, 2.55329979382e-08, 1.53934802682e-08, 1.69874692091e-09, 5.93291041295e-12, 5.77061879184e-12, 5.62912303576e-12, 5.50339331398e-12, 5.39330299171e-12, 5.29888329395e-12, 5.22031940245e-12, 5.15807275364e-12, 5.11268241285e-12, 5.08436522051e-12]
    },
    "mfcc": {
        "mean": [-733.225280762, 177.060272217, 33.1704902649, 25.3997058868, 6.11796951294, 1.3220717907, -0.134674727917, -3.93296933174, -11.6539239883, -0.738247334957, -6.48900270462, -6.97319221497, -6.84394407272],
        "cov": [[9360.43066406, -2942.00854492, -1089.68725586, 79.9898605347, -580.702758789, 118.353981018, 77.9080123901, -11.965549469, -482.25881958, 215.783401489, -21.2586116791, 128.068023682, 127.782806396], [-2942.00854492, 2891.88964844, 37.9332313538, -57.228515625, 232.153518677, -86.2690124512, -38.6588783264, -6.90949869156, 245.014068604, -68.1337890625, 39.7792778015, -102.062606812, -85.4635391235], [-1089.68725586, 37.9332313538, 1000.64099121, -45.1956253052, 106.562095642, -1.53506398201, 2.64569878578, -11.7050018311, 47.3189468384, -75.0456924438, -0.102261424065, 32.4281272888, 0.089620821178], [79.9898605347, -57.228515625, -45.1956253052, 360.514404297, 36.9034729004, 74.0012359619, 19.8680534363, 69.0959777832, 26.3870544434, 11.4005632401, 22.5167121887, 64.7870635986, 38.62707901], [-580.702758789, 232.153518677, 106.562095642, 36.9034729004, 235.137649536, -28.93475914, 28.216501236, 37.2322502136, 40.2870063782, 0.748176336288, 2.07220005989, 9.2647819519, 11.8620204926], [118.353981018, -86.2690124512, -1.53506398201, 74.0012359619, -28.93475914, 291.228302002, 55.420249939, 55.3706169128, 56.4506149292, 33.5583229065, 44.4424362183, 36.7497634888, 15.5983114243], [77.9080123901, -38.6588783264, 2.64569878578, 19.8680534363, 28.216501236, 55.420249939, 201.236785889, 50.6872329712, -23.1588611603, 25.3679885864, 3.56951618195, 18.4374828339, 31.9526748657], [-11.965549469, -6.90949869156, -11.7050018311, 69.0959777832, 37.2322502136, 55.3706169128, 50.6872329712, 154.198059082, 42.4538650513, 9.54387950897, 16.3715381622, 13.7314395905, 18.7411708832], [-482.25881958, 245.014068604, 47.3189468384, 26.3870544434, 40.2870063782, 56.4506149292, -23.1588611603, 42.4538650513, 193.959518433, 32.3955764771, 39.1125183105, -4.54406499863, -13.0959262848], [215.783401489, -68.1337890625, -75.0456924438, 11.4005632401, 0.748176336288, 33.5583229065, 25.3679885864, 9.54387950897, 32.3955764771, 133.933578491, 49.4377632141, 2.53733158112, 1.08823525906], [-21.2586116791, 39.7792778015, -0.102261424065, 22.5167121887, 2.07220005989, 44.4424362183, 3.56951618195, 16.3715381622, 39.1125183105, 49.4377632141, 122.226638794, 22.638092041, 6.36440324783], [128.068023682, -102.062606812, 32.4281272888, 64.7870635986, 9.2647819519, 36.7497634888, 18.4374828339, 13.7314395905, -4.54406499863, 2.53733158112, 22.638092041, 124.956245422, 43.1625938416], [127.782806396, -85.4635391235, 0.089620821178, 38.62707901, 11.8620204926, 15.5983114243, 31.9526748657, 18.7411708832, -13.0959262848, 1.08823525906, 6.36440324783, 43.1625938416, 107.449028015]],
        "icov": [[0.000216673666728, 0.000159611954587, 0.000172198415385, 9.19792171317e-07, 0.000265884678811, -1.69370596268e-05, 1.59538285516e-05, -7.65023432905e-05, 0.000291466480121, -0.000243996808422, 2.67256618827e-05, -0.000111203080451, -6.84103288222e-05], [0.000159611954587, 0.000587213668041, 0.000221271620831, 4.33487803093e-05, -0.000230176170589, 0.000121326862427, -0.000135727590532, 0.000184091142728, -0.000435803201981, 0.000348009431036, -0.000276733684586, 0.000188777252333, 0.000161446121638], [0.000172198415385, 0.000221271620831, 0.00131816067733, 0.00025695891236, -0.00040655961493, -7.4374867836e-05, -0.000145910700667, 0.000259460997768, -0.000258588755969, 0.000734068860766, -0.000222087532165, -0.000438379385741, 8.18534463178e-05], [9.19792171317e-07, 4.33487803093e-05, 0.00025695891236, 0.00348578044213, -0.00054471247131, -0.000566598668229, 0.000350713758962, -0.00111900945194, -9.709958249e-05, 8.7705309852e-05, -2.10662092286e-05, -0.00141422555316, -0.000430045707617], [0.000265884678811, -0.000230176170589, -0.00040655961493, -0.00054471247131, 0.00589224509895, 0.00106944912113, -0.00070078112185, -0.00117432279512, -0.000226688061957, -0.000916652963497, 0.00047034031013, -0.000476204382721, -0.000550549069885], [-1.69370596268e-05, 0.000121326862427, -7.4374867836e-05, -0.000566598668229, 0.00106944912113, 0.00460752099752, -0.00126444932539, -0.00070105784107, -0.00147410132922, -8.40428692754e-05, -0.000875300785992, -0.000698601827025, 0.000185416123713], [1.59538285516e-05, -0.000135727590532, -0.000145910700667, 0.000350713758962, -0.00070078112185, -0.00126444932539, 0.00651333294809, -0.00203546788543, 0.00199058814906, -0.00169337179977, 0.000680185155943, -0.000154833964189, -0.0012921692105], [-7.65023432905e-05, 0.000184091142728, 0.000259460997768, -0.00111900945194, -0.00117432279512, -0.00070105784107, -0.00203546788543, 0.00881036091596, -0.00215549394488, 0.00111493119039, -0.000547748815734, 0.000545248214621, -0.000521110545378], [0.000291466480121, -0.000435803201981, -0.000258588755969, -9.709958249e-05, -0.000226688061957, -0.00147410132922, 0.00199058814906, -0.00215549394488, 0.00827628094703, -0.0024123264011, -0.000751247745939, 0.000219980196562, 0.000354173243977], [-0.000243996808422, 0.000348009431036, 0.000734068860766, 8.7705309852e-05, -0.000916652963497, -8.40428692754e-05, -0.00169337179977, 0.00111493119039, -0.0024123264011, 0.0107353562489, -0.00396186159924, 0.000763769319747, 0.000482446717797], [2.67256618827e-05, -0.000276733684586, -0.000222087532165, -2.10662092286e-05, 0.00047034031013, -0.000875300785992, 0.000680185155943, -0.000547748815734, -0.000751247745939, -0.00396186159924, 0.0108381193131, -0.00183237344027, -0.000233053404372], [-0.000111203080451, 0.000188777252333, -0.000438379385741, -0.00141422555316, -0.000476204382721, -0.000698601827025, -0.000154833964189, 0.000545248214621, 0.000219980196562, 0.000763769319747, -0.00183237344027, 0.0107896598056, -0.00331053161062], [-6.84103288222e-05, 0.000161446121638, 8.18534463178e-05, -0.000430045707617, -0.000550549069885, 0.000185416123713, -0.0012921692105, -0.000521110545378, 0.000354173243977, 0.000482446717797, -0.000233053404372, -0.00331053161062, 0.0115619851276]]
    },
    "spectral_contrast_coeffs": {
        "mean": [-0.654314160347, -0.720576763153, -0.741748034954, -0.771500229836, -0.790373206139, -0.794877171516],
        "stdev": [0.0788344666362, 0.0734509602189, 0.074564576149, 0.0786060616374, 0.0723945721984, 0.0512871108949]
    },
    "spectral_contrast_valleys": {
        "mean": [-6.38271093369, -6.99739170074, -8.31209373474, -9.05185413361, -9.18294620514, -11.7358818054],
        "stdev": [1.12785804272, 1.13529706001, 1.20377540588, 1.24114894867, 1.43018424511, 1.73063337803]
    }
},
"rhythm": {
    "beats_count": 456,
    "beats_loudness": {
        "mean": 0.0301321912557,
        "stdev": 0.0154817719012
    },
    "bpm": 138.068649292,
    "bpm_histogram_first_peak_bpm": 140,
    "bpm_histogram_first_peak_weight": 0.473417699337,
    "bpm_histogram_second_peak_bpm": 133,
    "bpm_histogram_second_peak_spread": 0.27999997139,
    "bpm_histogram_second_peak_weight": 0.0395604409277,
    "danceability": 0.977839708328,
    "onset_rate": 3.30404949188,
    "beats_loudness_band_ratio": {
        "mean": [0.465060591698, 0.378253638744, 0.11723601073, 0.066035695374, 0.0222673956305, 0.0264772251248],
        "stdev": [0.241564974189, 0.217630758882, 0.129369467497, 0.109839446843, 0.0493498928845, 0.0681938230991]
    },
    "beats_position": [0.452789098024, 0.917188167572, 1.39319729805, 1.86920630932, 2.33360528946, 2.7863945961, 3.26240348816, 3.75002264977, 4.20281171799, 4.6439909935, 5.08516979218, 5.52634906769, 5.9675283432, 6.40870714188, 6.83827638626, 7.26784563065, 7.69741487503, 8.12698364258, 8.56816291809, 8.99773216248, 9.42730140686, 9.86848068237, 10.3096599579, 10.7508392334, 11.1804075241, 11.6099767685, 12.051156044, 12.4923353195, 12.9219045639, 13.3514738083, 13.7810430527, 14.2106122971, 14.6401815414, 15.0697498322, 15.4993190765, 15.9404983521, 16.3816776276, 16.8228569031, 17.2524261475, 17.693605423, 18.1347846985, 18.575963974, 19.0171432495, 19.4467124939, 19.8762817383, 20.3058490753, 20.7354183197, 21.1649875641, 21.5945568085, 22.035736084, 22.4769153595, 22.918094635, 23.3592739105, 23.7888431549, 24.2184123993, 24.6479816437, 25.0775508881, 25.5187301636, 25.948299408, 26.3894786835, 26.8190479279, 27.2602272034, 27.7014045715, 28.142583847, 28.5721530914, 29.0017223358, 29.4312915802, 29.8724708557, 30.3020401001, 30.7432193756, 31.17278862, 31.6023578644, 32.0435371399, 32.4847145081, 32.9142837524, 33.3554649353, 33.7850341797, 34.2262115479, 34.6557807922, 35.0853500366, 35.5265312195, 35.9677085876, 36.4088897705, 36.8384590149, 37.2680282593, 37.6975975037, 38.1271629333, 38.5567321777, 38.9863014221, 39.427482605, 39.8686599731, 40.309841156, 40.7510185242, 41.1805877686, 41.6101570129, 42.0397262573, 42.4692955017, 42.8988647461, 43.3284339905, 43.7580032349, 44.1875724792, 44.6287536621, 45.0699310303, 45.5111083984, 45.9406776428, 46.3702468872, 46.8114280701, 47.2409973145, 47.6705665588, 48.111743927, 48.5529251099, 48.994102478, 49.4817237854, 49.9577331543, 50.445350647, 50.9213600159, 51.3973693848, 51.8733787537, 52.3609962463, 52.8486175537, 53.3246231079, 53.7658042908, 54.1953735352, 54.6481628418, 55.0777320862, 55.5073013306, 55.936870575, 56.3780479431, 56.819229126, 57.2604064941, 57.6899757385, 58.1195449829, 58.5607261658, 58.9902954102, 59.4198646545, 59.8610420227, 60.3022193909, 60.7317886353, 61.1613578796, 61.590927124, 62.0321083069, 62.473285675, 62.9028549194, 63.3324241638, 63.7619934082, 64.2031707764, 64.6443557739, 65.0739212036, 65.5034942627, 65.9330596924, 66.3742370605, 66.8154220581, 67.2449874878, 67.686164856, 68.1273422241, 68.5569152832, 68.9864807129, 69.4276657104, 69.8572311401, 70.2984085083, 70.7279815674, 71.1691589355, 71.5987319946, 72.0282974243, 72.4578704834, 72.8874359131, 73.3286132812, 73.7697982788, 74.210975647, 74.6521530151, 75.0817184448, 75.5112915039, 75.9524688721, 76.3820419312, 76.8116073608, 77.2411804199, 77.6707458496, 78.1119232178, 78.5531082153, 78.9942855835, 79.4122467041, 79.8534240723, 80.282989502, 80.7241744995, 81.1537399292, 81.5949172974, 82.0360946655, 82.4772796631, 82.9068450928, 83.3480224609, 83.77759552, 84.2071609497, 84.6367340088, 85.0662994385, 85.4958724976, 85.9254379272, 86.3550109863, 86.7961883545, 87.2373657227, 87.6785507202, 88.1197280884, 88.5609054565, 88.9904708862, 89.4200439453, 89.8612213135, 90.2907943726, 90.7203598022, 91.1615371704, 91.602722168, 92.0322875977, 92.4618606567, 92.8914260864, 93.3209991455, 93.7621765137, 94.1917419434, 94.6213150024, 95.0624923706, 95.5036697388, 95.9448471069, 96.374420166, 96.8039855957, 97.2451705933, 97.6747360229, 98.104309082, 98.5454864502, 98.9750518799, 99.4162368774, 99.8458023071, 100.286979675, 100.716552734, 101.146118164, 101.587303162, 102.02848053, 102.458045959, 102.887619019, 103.328796387, 103.769973755, 104.199546814, 104.629112244, 105.070289612, 105.499862671, 105.941040039, 106.370613098, 106.800178528, 107.229751587, 107.670928955, 108.112106323, 108.541679382, 108.971244812, 109.41242218, 109.853607178, 110.283172607, 110.712738037, 111.153923035, 111.595100403, 112.024665833, 112.454238892, 112.89541626, 113.324989319, 113.754554749, 114.184127808, 114.625305176, 115.054870605, 115.496055603, 115.937232971, 116.366798401, 116.807983398, 117.249160767, 117.678726196, 118.108299255, 118.537864685, 118.979042053, 119.408615112, 119.838180542, 120.27936554, 120.708930969, 121.138504028, 121.579681396, 122.020858765, 122.450431824, 122.879997253, 123.321174622, 123.762359619, 124.203536987, 124.621498108, 125.062675476, 125.492240906, 125.921813965, 126.362991333, 126.804168701, 127.23374176, 127.66330719, 128.092880249, 128.522445679, 128.963623047, 129.404800415, 129.845977783, 130.28717041, 130.71673584, 131.14630127, 131.575866699, 132.005432129, 132.446624756, 132.876190186, 133.305755615, 133.746932983, 134.188110352, 134.62928772, 135.070480347, 135.488433838, 135.917999268, 136.347564697, 136.788757324, 137.229934692, 137.671112061, 138.10067749, 138.53024292, 138.959823608, 139.389389038, 139.830566406, 140.260131836, 140.689697266, 141.130874634, 141.572067261, 142.013244629, 142.454421997, 142.883987427, 143.325164795, 143.754730225, 144.184310913, 144.625488281, 145.055053711, 145.496231079, 145.925796509, 146.355377197, 146.796554565, 147.237731934, 147.69052124, 148.12008667, 148.538040161, 148.956008911, 149.385574341, 149.815139771, 150.256317139, 150.685897827, 151.127075195, 151.556640625, 151.997817993, 152.438995361, 152.880172729, 153.321365356, 153.750930786, 154.180496216, 154.621673584, 155.051239014, 155.480819702, 155.92199707, 156.3515625, 156.78112793, 157.222305298, 157.663482666, 158.093063354, 158.522628784, 158.963806152, 159.404983521, 159.83454895, 160.264129639, 160.705307007, 161.134872437, 161.564437866, 162.005615234, 162.435195923, 162.864761353, 163.305938721, 163.747116089, 164.176681519, 164.606262207, 165.047439575, 165.477005005, 165.906570435, 166.347747803, 166.765716553, 167.195281982, 167.624847412, 168.054412842, 168.507202148, 168.948379517, 169.389572144, 169.819137573, 170.248703003, 170.689880371, 171.131057739, 171.572235107, 172.013427734, 172.454605103, 172.884170532, 173.313735962, 173.731704712, 174.161270142, 174.590835571, 175.032012939, 175.461578369, 175.891159058, 176.332336426, 176.773513794, 177.214691162, 177.65586853, 178.08543396, 178.515014648, 178.956192017, 179.385757446, 179.815322876, 180.256500244, 180.709289551, 181.162078857, 181.614868164, 182.067657471, 182.520446777, 183.008071899, 183.507293701, 184.006530762, 184.470932007, 184.935317993, 185.3881073, 185.840896606, 186.293685913, 186.74647522, 187.199264526, 187.640457153, 188.081634521, 188.534423828, 188.975601196, 189.440002441, 189.904388428, 190.368789673, 190.821578979, 191.274368286, 191.843261719, 192.42376709, 192.981033325, 193.538314819, 194.095596313, 194.652877808, 195.163711548, 195.662948608, 196.173782349, 196.684616089, 197.195465088, 197.741134644, 198.298416138, 198.855682373, 199.38973999, 199.923812866, 200.457870483, 200.980316162, 201.502761841],
    "bpm_histogram": [0, 0, 0, 0, 0, 0, 0, 0, 0, 0, 0, 0, 0, 0, 0, 0, 0, 0, 0, 0, 0, 0, 0, 0, 0, 0, 0, 0, 0, 0, 0, 0, 0, 0, 0, 0, 0, 0, 0, 0, 0, 0, 0, 0, 0, 0, 0, 0, 0, 0, 0, 0, 0, 0, 0, 0, 0, 0, 0, 0, 0, 0, 0, 0, 0, 0, 0, 0, 0, 0, 0, 0, 0, 0, 0, 0, 0, 0, 0, 0, 0, 0, 0, 0, 0, 0, 0, 0, 0, 0, 0, 0, 0, 0, 0, 0, 0, 0, 0, 0, 0, 0, 0, 0.00219780229963, 0, 0.00219780229963, 0, 0, 0.0131868133321, 0, 0.00219780229963, 0, 0.00659340666607, 0, 0, 0.00439560459927, 0, 0.00879120919853, 0, 0, 0.00659340666607, 0, 0, 0.0131868133321, 0, 0, 0.0175824183971, 0, 0, 0.0153846153989, 0, 0, 0, 0.0395604409277, 0, 0, 0.395604401827, 0, 0, 0, 0.457142859697, 0, 0, 0, 0.0153846153989, 0, 0, 0, 0, 0, 0, 0, 0, 0, 0, 0, 0, 0, 0, 0, 0, 0, 0, 0, 0, 0, 0, 0, 0, 0, 0, 0, 0, 0, 0, 0, 0, 0, 0, 0, 0, 0, 0, 0, 0, 0, 0, 0, 0, 0, 0, 0, 0, 0, 0, 0, 0, 0, 0, 0, 0, 0, 0, 0, 0, 0, 0, 0, 0, 0, 0, 0, 0, 0, 0, 0, 0, 0, 0, 0, 0, 0, 0, 0, 0, 0, 0, 0, 0, 0, 0, 0, 0, 0, 0, 0, 0, 0, 0, 0, 0, 0, 0, 0, 0, 0, 0, 0, 0, 0]
},
"tonal": {
    "chords_changes_rate": 0.0461538471282,
    "chords_number_rate": 0.00137772678863,
    "chords_strength": {
        "mean": 0.479435175657,
        "stdev": 0.0858830735087
    },
    "hpcp_crest": {
        "mean": 14.2334661484,
        "stdev": 6.21183252335
    },
    "hpcp_entropy": {
        "mean": 1.831985116,
        "stdev": 0.627579689026
    },
    "key_edma": {
        "strength": 0.686395764351,
        "key": "G",
        "scale": "minor"
    },
    "key_krumhansl": {
        "strength": 0.704630196095,
        "key": "G",
        "scale": "minor"
    },
    "key_temperley": {
        "strength": 0.70527112484,
        "key": "G",
        "scale": "minor"
    },
    "tuning_diatonic_strength": 0.555957913399,
    "tuning_equal_tempered_deviation": 0.0164965763688,
    "tuning_frequency": 438.731048584,
    "tuning_nontempered_energy_ratio": 0.630040049553,
    "hpcp": {
        "mean": [0.108515739441, 0.118946753442, 0.164736256003, 0.228989332914, 0.1594645679, 0.0473157986999, 0.0236771572381, 0.0288004241884, 0.149440616369, 0.254005879164, 0.152851462364, 0.047644533217, 0.0314204879105, 0.0366294793785, 0.184919923544, 0.384170949459, 0.27880614996, 0.125588074327, 0.115812852979, 0.0632164254785, 0.0294548943639, 0.0259453170002, 0.0352934338152, 0.137518078089, 0.250126093626, 0.157438322902, 0.0369256176054, 0.0253600720316, 0.0355862788856, 0.240637585521, 0.390189498663, 0.193172961473, 0.0318828783929, 0.0265251509845, 0.0335496515036, 0.0707476958632],
        "stdev": [0.208420902491, 0.217009693384, 0.260604977608, 0.301341623068, 0.238936603069, 0.140378594398, 0.0992444008589, 0.106197960675, 0.222641631961, 0.326296299696, 0.227083429694, 0.16164046526, 0.122702814639, 0.12479673326, 0.224430769682, 0.364421010017, 0.290411293507, 0.233444198966, 0.244327694178, 0.152722269297, 0.103162936866, 0.0956533923745, 0.117755524814, 0.204049453139, 0.305612385273, 0.213200032711, 0.12006932497, 0.100726611912, 0.115372426808, 0.288685888052, 0.420842170715, 0.24423597753, 0.113752134144, 0.11131490767, 0.12653042376, 0.167438447475]
    },
    "chords_histogram": [30.1951770782, 33.3869132996, 7.57749700546, 14.4431686401, 0.597014904022, 0.298507452011, 0, 0.964408755302, 0.0918484479189, 0, 0, 0, 0, 0, 0, 0, 0, 0, 0, 0, 1.28587830067, 0, 10.5396099091, 0.61997705698],
    "thpcp": [1, 0.495074719191, 0.0817112699151, 0.0679801777005, 0.0859829708934, 0.181316241622, 0.278110355139, 0.30484354496, 0.422195523977, 0.586866974831, 0.408684939146, 0.121263638139, 0.0606811754405, 0.0738113746047, 0.38299497962, 0.650980830193, 0.391736477613, 0.122106142342, 0.0805262252688, 0.0938761308789, 0.473923385143, 0.984575331211, 0.714540362358, 0.321864306927, 0.296811819077, 0.162014678121, 0.0754886940122, 0.0664941444993, 0.0904520377517, 0.352439194918, 0.641037464142, 0.403491944075, 0.094635091722, 0.0649942457676, 0.0912025570869, 0.616719782352],
    "chords_key": "A#",
    "chords_scale": "major"
}
}