{
"metadata": {
    "version": {
        "essentia": "2.1-dev",
        "essentia_git_sha": "v2.1_beta3-415-gd5473f3",
        "extractor": "music 2.0"
    },
    "audio_properties": {
        "analysis": {
            "equal_loudness": 0,
            "length": 244.584487915,
            "sample_rate": 44100,
            "start_time": 0,
            "downmix": "mix"
        },
        "bit_rate": 192000,
        "length": 244.584487915,
        "lossless": 0,
        "number_channels": 2,
        "replay_gain": -8.16910743713,
        "sample_rate": 44100,
        "codec": "mp3",
        "md5_encoded": "c7b1990e4cc34b7138786a4452682347"
    },
    "tags": {
        "file_name": "freddie_jackson-rock_me_tonight.mp3",
        "album": ["Disco And Soul The Best Of "],
        "artist": ["Freddie Jackson"],
        "date": ["2002"],
        "genre": ["Soul"],
        "title": ["Rock Me Tonight (For Old Times"]
    }
},
"lowlevel": {
    "average_loudness": 0.274303406477,
    "barkbands_crest": {
        "mean": 11.3633174896,
        "stdev": 4.46523141861
    },
    "barkbands_flatness_db": {
        "mean": 0.172481372952,
        "stdev": 0.0737157985568
    },
    "barkbands_kurtosis": {
        "mean": 9.64196109772,
        "stdev": 14.7020454407
    },
    "barkbands_skewness": {
        "mean": 1.97856676579,
        "stdev": 1.57895886898
    },
    "barkbands_spread": {
        "mean": 18.1725559235,
        "stdev": 16.8196430206
    },
    "dissonance": {
        "mean": 0.436239868402,
        "stdev": 0.0505358800292
    },
    "dynamic_complexity": 5.84543323517,
    "erbbands_crest": {
        "mean": 11.0457792282,
        "stdev": 5.90076255798
    },
    "erbbands_flatness_db": {
        "mean": 0.164347827435,
        "stdev": 0.0578622482717
    },
    "erbbands_kurtosis": {
        "mean": 2.94238972664,
        "stdev": 6.3061747551
    },
    "erbbands_skewness": {
        "mean": 0.965688765049,
        "stdev": 1.14077281952
    },
    "erbbands_spread": {
        "mean": 42.8450965881,
        "stdev": 28.6015739441
    },
    "hfc": {
        "mean": 15.5129480362,
        "stdev": 27.3048496246
    },
    "loudness_ebu128": {
        "integrated": -17.2352085114,
        "loudness_range": 7.8729467392,
        "momentary": {
            "mean": -20.6963844299,
            "stdev": 18.3848800659
        },
        "short_term": {
            "mean": -18.4081535339,
            "stdev": 3.99364328384
        }
    },
    "melbands_crest": {
        "mean": 14.3987617493,
        "stdev": 4.84948730469
    },
    "melbands_flatness_db": {
        "mean": 0.239355951548,
        "stdev": 0.0948681458831
    },
    "melbands_kurtosis": {
        "mean": 24.105796814,
        "stdev": 32.5155944824
    },
    "melbands_skewness": {
        "mean": 3.04529047012,
        "stdev": 2.22786664963
    },
    "melbands_spread": {
        "mean": 18.4969062805,
        "stdev": 22.9425468445
    },
    "pitch_salience": {
        "mean": 0.556400835514,
        "stdev": 0.122171409428
    },
    "silence_rate_20dB": {
        "mean": 1,
        "stdev": 0
    },
    "silence_rate_30dB": {
        "mean": 0.995158970356,
        "stdev": 0.0694076344371
    },
    "silence_rate_60dB": {
        "mean": 0.191551968455,
        "stdev": 0.393534511328
    },
    "spectral_centroid": {
        "mean": 1063.28527832,
        "stdev": 1049.84533691
    },
    "spectral_complexity": {
        "mean": 8.96563816071,
        "stdev": 6.6468539238
    },
    "spectral_decrease": {
        "mean": -4.04130151566e-09,
        "stdev": 5.18695308926e-09
    },
    "spectral_energy": {
        "mean": 0.0166598130018,
        "stdev": 0.021473037079
    },
    "spectral_energyband_high": {
        "mean": 0.000736231915653,
        "stdev": 0.00213109189644
    },
    "spectral_energyband_low": {
        "mean": 0.00356997991912,
        "stdev": 0.00788875855505
    },
    "spectral_energyband_middle_high": {
        "mean": 0.00506150256842,
        "stdev": 0.0126760303974
    },
    "spectral_energyband_middle_low": {
        "mean": 0.00808350462466,
        "stdev": 0.0121425632387
    },
    "spectral_entropy": {
        "mean": 7.29506492615,
        "stdev": 0.73280274868
    },
    "spectral_flux": {
        "mean": 0.0619306303561,
        "stdev": 0.0546808838844
    },
    "spectral_kurtosis": {
        "mean": 5.08049631119,
        "stdev": 11.0314903259
    },
    "spectral_rms": {
        "mean": 0.00340504944324,
        "stdev": 0.00215850025415
    },
    "spectral_rolloff": {
        "mean": 1342.02880859,
        "stdev": 2297.90625
    },
    "spectral_skewness": {
        "mean": 1.65483891964,
        "stdev": 0.987967073917
    },
    "spectral_spread": {
        "mean": 5699986,
        "stdev": 3472546.5
    },
    "spectral_strongpeak": {
        "mean": 1.17270064354,
        "stdev": 1.93463075161
    },
    "zerocrossingrate": {
        "mean": 0.058384809643,
        "stdev": 0.0570659376681
    },
    "barkbands": {
        "mean": [3.5966080759e-05, 0.00183933007065, 0.00110437173862, 0.000991003238596, 0.00220616022125, 0.00174021814018, 0.00041292278911, 0.000406146544265, 0.00189830723684, 0.0016011998523, 0.000567017414141, 0.000959435827099, 0.00116909306962, 0.000432549277321, 0.000162769050803, 8.50122087286e-05, 7.01045428286e-05, 8.39849599288e-05, 0.00012290761515, 6.61492013023e-05, 0.00013089494314, 0.00016258242249, 0.000123452933622, 0.000113065172627, 0.000130892629386, 4.34692956333e-05, 8.33419846913e-07],
        "stdev": [7.52683408791e-05, 0.00606551486999, 0.00229897093959, 0.00141269247979, 0.00380888045765, 0.00542926462367, 0.00168651610147, 0.0018521057209, 0.00770657602698, 0.00791260506958, 0.00247979769483, 0.00436104414985, 0.00527499616146, 0.00203530979343, 0.000817203312181, 0.000257428910118, 0.000187376776012, 0.000271705765044, 0.000344692089129, 0.00015649087436, 0.000317549158353, 0.000441007694462, 0.000388515851228, 0.000442762480816, 0.000583586806897, 0.000177423746209, 3.7890204112e-06]
    },
    "erbbands": {
        "mean": [0.0385512709618, 0.459546118975, 1.22867631912, 2.69704270363, 4.24556350708, 8.03815078735, 12.7028303146, 14.3174533844, 7.28469181061, 5.8248462677, 12.2909679413, 45.1453971863, 55.7612113953, 31.279920578, 26.3101768494, 40.3000679016, 53.2079124451, 27.431810379, 15.5666217804, 6.91742753983, 4.45981788635, 4.17603969574, 4.65057992935, 5.73454380035, 5.32883024216, 3.26000571251, 4.21038293839, 5.79498720169, 6.21545314789, 4.13188743591, 3.50826120377, 2.58263683319, 1.80879235268, 1.621991992, 0.818401992321, 0.295978844166, 0.0597897619009, 0.00753363361582, 0.000168900369317, 2.81196134893e-05],
        "stdev": [0.10558476299, 1.57052433491, 2.78236889839, 3.9090681076, 6.63351821899, 16.2701644897, 30.1711864471, 50.4405021667, 25.6037197113, 24.291891098, 45.931186676, 186.06729126, 253.885269165, 134.265335083, 93.1131515503, 172.705154419, 228.937973022, 117.078437805, 70.9093170166, 27.0546588898, 11.6591711044, 10.385055542, 15.8922367096, 15.6943330765, 14.7577114105, 7.97262907028, 10.4217815399, 14.1175956726, 16.8098239899, 12.0210695267, 11.3401117325, 9.36182594299, 7.88484144211, 7.35773944855, 3.70363545418, 1.33106410503, 0.22845056653, 0.0294875558466, 0.000625399814453, 4.77069952467e-05]
    },
    "gfcc": {
        "mean": [-78.2371673584, 93.1772918701, -90.3865890503, 38.4986076355, -67.5750350952, 19.1016159058, -34.8971176147, 1.50928175449, -30.4297599792, -1.88727879524, -18.4859638214, 1.18550503254, -10.0901670456],
        "cov": [[20022.3574219, -1753.37097168, -2352.01269531, -280.474182129, -973.702514648, 821.526000977, -588.444152832, 91.5951766968, -562.174865723, 380.319549561, -365.819976807, 331.364807129, -328.910827637], [-1753.37097168, 1826.79516602, 223.931411743, 2.47285318375, 135.873046875, -265.970916748, 284.486083984, -111.405448914, 148.254516602, -195.457641602, 157.64440918, -148.569732666, 101.191177368], [-2352.01269531, 223.931411743, 1216.35839844, 304.271453857, 135.626022339, -151.232696533, -27.3721199036, 83.0373001099, 41.7590141296, -37.5562286377, -16.9367294312, -64.4678573608, 20.4521694183], [-280.474182129, 2.47285318375, 304.271453857, 592.320251465, 78.5074615479, -120.943756104, -113.616409302, 45.8466377258, 55.5300865173, -30.3106460571, -10.1384954453, -66.6123504639, 39.5189628601], [-973.702514648, 135.873046875, 135.626022339, 78.5074615479, 292.279602051, -15.880446434, 10.1083545685, -10.6324548721, 49.4223251343, 5.0125837326, -1.59221184254, -35.0382881165, 18.1361160278], [821.526000977, -265.970916748, -151.232696533, -120.943756104, -15.880446434, 292.020019531, 68.881111145, 12.9971828461, -57.9998626709, 28.561372757, -12.4009876251, 41.3444023132, -45.1846351624], [-588.444152832, 284.486083984, -27.3721199036, -113.616409302, 10.1083545685, 68.881111145, 293.236846924, 30.2994499207, 30.8398551941, -55.7691040039, 38.1364364624, -11.2377500534, -4.20467185974], [91.5951766968, -111.405448914, 83.0373001099, 45.8466377258, -10.6324548721, 12.9971828461, 30.2994499207, 149.07649231, 22.1841926575, -0.746516048908, -44.6129837036, -10.3073263168, -6.56093120575], [-562.174865723, 148.254516602, 41.7590141296, 55.5300865173, 49.4223251343, -57.9998626709, 30.8398551941, 22.1841926575, 139.912643433, 2.48394179344, -1.98865580559, -38.1589508057, 24.8873233795], [380.319549561, -195.457641602, -37.5562286377, -30.3106460571, 5.0125837326, 28.561372757, -55.7691040039, -0.746516048908, 2.48394179344, 124.090240479, 3.80410671234, 12.2551832199, -23.5511074066], [-365.819976807, 157.64440918, -16.9367294312, -10.1384954453, -1.59221184254, -12.4009876251, 38.1364364624, -44.6129837036, -1.98865580559, 3.80410671234, 135.350341797, 22.7256393433, 8.32854366302], [331.364807129, -148.569732666, -64.4678573608, -66.6123504639, -35.0382881165, 41.3444023132, -11.2377500534, -10.3073263168, -38.1589508057, 12.2551832199, 22.7256393433, 126.203735352, 4.25665807724], [-328.910827637, 101.191177368, 20.4521694183, 39.5189628601, 18.1361160278, -45.1846351624, -4.20467185974, -6.56093120575, 24.8873233795, -23.5511074066, 8.32854366302, 4.25665807724, 93.4457092285]],
        "icov": [[0.000136300906888, -0.000189022248378, 0.000252361525781, -0.000196242428501, 0.000340599042829, -0.000340412865626, 0.000311463838443, -0.000239603599766, 0.000350773130776, -0.000429747364251, 0.000461192976218, -0.000284467445454, 0.000248809461482], [-0.000189022248378, 0.00159822555725, -0.000494929146953, 0.000569437805098, -0.000749020138755, 0.00138419098221, -0.00143255002331, 0.00124518340454, -0.00105393794365, 0.0019203556003, -0.00174163200427, 0.00157512084115, -0.000842710374855], [0.000252361525781, -0.000494929146953, 0.00153866934124, -0.00078033329919, 0.000233043974731, -0.000266519666184, 0.000601769075729, -0.00110902043525, 0.000995799666271, -0.000829422322568, 0.000927753339056, -0.000563847715966, 0.000661318073981], [-0.000196242428501, 0.000569437805098, -0.00078033329919, 0.00287053803913, -0.000914473028388, 0.000792033562902, 0.00072733493289, -0.000416898517869, -0.00119778595399, 0.00188403390348, -0.00163950480055, 0.00160060578492, -0.000919588375837], [0.000340599042829, -0.000749020138755, 0.000233043974731, -0.000914473028388, 0.00496421847492, -0.00149511091877, 0.000656064774375, 0.000228527133004, -0.000162703930982, -0.00192404328845, 0.00166991876904, -0.000362045946531, 0.000130909684231], [-0.000340412865626, 0.00138419098221, -0.000266519666184, 0.000792033562902, -0.00149511091877, 0.00652839010581, -0.00315282749943, 0.000788503792137, 0.000740303541534, 0.000532085832674, -0.000863954017404, 0.000349831680069, 0.000384669430787], [0.000311463838443, -0.00143255002331, 0.000601769075729, 0.00072733493289, 0.000656064774375, -0.00315282749943, 0.00724082812667, -0.00304803391919, -0.000749849539716, 0.00141775037628, -0.000737274356652, -0.000478004250908, 0.00131274352316], [-0.000239603599766, 0.00124518340454, -0.00110902043525, -0.000416898517869, 0.000228527133004, 0.000788503792137, -0.00304803391919, 0.0100083854049, -0.00221806508489, 0.000626634049695, 0.00183156633284, 0.000608761503827, -0.000312549993396], [0.000350773130776, -0.00105393794365, 0.000995799666271, -0.00119778595399, -0.000162703930982, 0.000740303541534, -0.000749849539716, -0.00221806508489, 0.0112332291901, -0.00383609440178, 0.00200351863168, 0.000631228205748, -0.00130124308635], [-0.000429747364251, 0.0019203556003, -0.000829422322568, 0.00188403390348, -0.00192404328845, 0.000532085832674, 0.00141775037628, 0.000626634049695, -0.00383609440178, 0.0134870363399, -0.00432528322563, 0.00169550685678, 0.00126016431022], [0.000461192976218, -0.00174163200427, 0.000927753339056, -0.00163950480055, 0.00166991876904, -0.000863954017404, -0.000737274356652, 0.00183156633284, 0.00200351863168, -0.00432528322563, 0.0121832080185, -0.00401798402891, 0.000826650997624], [-0.000284467445454, 0.00157512084115, -0.000563847715966, 0.00160060578492, -0.000362045946531, 0.000349831680069, -0.000478004250908, 0.000608761503827, 0.000631228205748, 0.00169550685678, -0.00401798402891, 0.011721804738, -0.00291643221863], [0.000248809461482, -0.000842710374855, 0.000661318073981, -0.000919588375837, 0.000130909684231, 0.000384669430787, 0.00131274352316, -0.000312549993396, -0.00130124308635, 0.00126016431022, 0.000826650997624, -0.00291643221863, 0.013654933311]]
    },
    "melbands": {
        "mean": [0.000437104026787, 0.000660184770823, 0.000486460136017, 0.000450310704764, 0.000437897862867, 0.000318582518958, 0.000101890167571, 7.09447049303e-05, 0.000110970373498, 0.000299539620755, 0.000282621651422, 0.000141063035699, 7.89029509178e-05, 9.60483230301e-05, 0.00012461260485, 0.000110968976514, 4.29677966167e-05, 2.90414482151e-05, 1.08583435576e-05, 6.82728114043e-06, 4.86799945065e-06, 4.50590232504e-06, 3.72848899133e-06, 4.05615173804e-06, 4.69680662718e-06, 4.76231434732e-06, 2.80312633549e-06, 1.92132461052e-06, 2.2925128178e-06, 3.2081493373e-06, 3.34995615958e-06, 3.68357655134e-06, 2.8616743748e-06, 2.13892190004e-06, 2.08918800126e-06, 1.74265971964e-06, 1.53115331614e-06, 1.22530730096e-06, 1.24027349102e-06, 1.4238547692e-06],
        "stdev": [0.00137272418942, 0.00168985291384, 0.000658874458168, 0.000838063482661, 0.000923407380469, 0.0010776494164, 0.000372813141439, 0.000292445620289, 0.000429885170888, 0.00125883310102, 0.00131603644695, 0.000663483631797, 0.000306834583171, 0.000414098933106, 0.000622806081083, 0.000545143848285, 0.000208278972423, 0.000146265883814, 5.11304824613e-05, 2.49845379585e-05, 1.40895745062e-05, 1.24778844111e-05, 1.22583951452e-05, 1.35499503813e-05, 1.38045816129e-05, 1.42971757668e-05, 7.59842941989e-06, 4.81123788632e-06, 5.96483005211e-06, 7.87687986303e-06, 8.62174329086e-06, 9.91307024378e-06, 8.95388711797e-06, 6.41118958811e-06, 7.01643466527e-06, 5.78441222387e-06, 5.98195811108e-06, 5.2919058362e-06, 5.72683893552e-06, 6.64198660161e-06]
    },
    "melbands128": {
        "mean": [3.3834057831e-05, 0.000232313526794, 0.000610478047747, 0.000821792986244, 0.000648303015623, 0.000550852098968, 0.000580994819757, 0.000439455645392, 0.000369631510694, 0.000528306234628, 0.000455770466942, 0.000420624186518, 0.000426123762736, 0.00047648139298, 0.000391171401134, 0.000188175792573, 0.000132605360704, 9.08930160222e-05, 6.79542936268e-05, 4.43714561698e-05, 8.25091701699e-05, 0.000107668493001, 6.80299272062e-05, 0.000155876303324, 0.000328067195369, 0.000345613108948, 0.000253629492363, 0.000252678495599, 0.00037965431693, 0.000147913742694, 6.83147736709e-05, 8.38479973027e-05, 6.65996558382e-05, 9.0074565378e-05, 9.45977881202e-05, 9.39169913181e-05, 9.16220669751e-05, 0.000161094518262, 0.000105809805973, 0.000122044781165, 0.000138283503475, 6.10112510913e-05, 3.46721099049e-05, 3.48850517184e-05, 4.74372536701e-05, 2.59501885012e-05, 1.22303808894e-05, 1.01318501038e-05, 1.14852491606e-05, 7.6357537182e-06, 6.9915390668e-06, 4.46785770691e-06, 5.16379532201e-06, 4.91847004014e-06, 4.47578122476e-06, 5.22081609233e-06, 3.67454390471e-06, 2.92649042422e-06, 3.79689549845e-06, 5.25267932971e-06, 3.95168171963e-06, 3.17375452141e-06, 4.09515450883e-06, 5.03469527757e-06, 6.05014656685e-06, 5.1402189456e-06, 3.78356003239e-06, 3.125332114e-06, 2.67374707619e-06, 2.25980238611e-06, 1.88397996226e-06, 1.85835494904e-06, 1.56541966589e-06, 2.61448485617e-06, 2.79384084934e-06, 2.76752030004e-06, 3.7542258724e-06, 3.54654594048e-06, 3.09046572511e-06, 3.31743331117e-06, 3.8237562876e-06, 3.82759890272e-06, 3.48415574081e-06, 2.83081271846e-06, 2.36767527895e-06, 1.85632677585e-06, 2.07869538826e-06, 2.56696648648e-06, 1.93631763068e-06, 1.99974397219e-06, 1.85992746538e-06, 1.63099025485e-06, 1.60124102422e-06, 1.52956579313e-06, 1.63090680871e-06, 1.08894914774e-06, 1.13397720725e-06, 1.38616826462e-06, 1.07947494143e-06, 1.21336040593e-06, 1.6502899598e-06, 1.5120090211e-06, 1.0596413631e-06, 1.13558394332e-06, 8.98498740298e-07, 7.62597949233e-07, 7.98350640707e-07, 5.55576320949e-07, 5.42327939002e-07, 4.18496625798e-07, 2.34723273707e-07, 1.96387972551e-07, 1.58983297638e-07, 1.52631997707e-07, 1.2047438247e-07, 8.62025473225e-08, 3.52989921737e-08, 2.98347596628e-10, 2.63434283068e-12, 2.52712781257e-12, 2.45499302311e-12, 2.39622059174e-12, 2.33890901438e-12, 2.28976668355e-12, 2.25750429635e-12, 2.23419568436e-12, 2.21469609145e-12, 2.19882380532e-12],
        "stdev": [7.25848949514e-05, 0.000524398346897, 0.00211638608016, 0.00292943813838, 0.00176787679084, 0.00109369622078, 0.000892564072274, 0.00064834166551, 0.000669123255648, 0.00122309674043, 0.00127164344303, 0.000975717615802, 0.00118506327271, 0.00176960695535, 0.00161113659851, 0.000974064052571, 0.000556575367227, 0.00045059225522, 0.000458099122625, 0.000314912816975, 0.000410403241403, 0.000604799890425, 0.000380823767046, 0.000971157045569, 0.00162597291637, 0.00192664400674, 0.0020856638439, 0.00156682380475, 0.00228719343431, 0.00103065778967, 0.000436959497165, 0.000568966555875, 0.000355005468009, 0.000475485285278, 0.000586916750763, 0.000593990029301, 0.000658566539641, 0.00108829501551, 0.000785276119132, 0.000818281201646, 0.000848561292514, 0.000559243548196, 0.000244474591454, 0.000248553085839, 0.000303540698951, 0.000187192345038, 0.000114129223221, 7.02182733221e-05, 6.45131294732e-05, 6.23273299425e-05, 2.73469722742e-05, 1.80820388778e-05, 2.21701411647e-05, 2.00958074856e-05, 1.87290133908e-05, 1.77828769665e-05, 1.29369427668e-05, 1.2946690731e-05, 1.55502930284e-05, 3.21815969073e-05, 1.74290598807e-05, 1.56741843966e-05, 1.73690095835e-05, 1.96022338059e-05, 2.33340924751e-05, 2.03504587262e-05, 1.69367958733e-05, 9.33137289394e-06, 7.64302603784e-06, 7.00089367456e-06, 5.92661899645e-06, 5.21839547218e-06, 4.66547044198e-06, 8.53422807268e-06, 7.9734954852e-06, 7.95437154011e-06, 1.02857293314e-05, 1.08883514258e-05, 1.01031073427e-05, 1.00400775409e-05, 1.15061002361e-05, 1.40708816616e-05, 1.30722064569e-05, 1.0278501577e-05, 7.91968705016e-06, 5.45333159607e-06, 6.46274293103e-06, 1.05019835246e-05, 6.93199535817e-06, 6.68012125971e-06, 6.34577463643e-06, 5.73305487706e-06, 5.75683270654e-06, 6.27331428404e-06, 7.58363694331e-06, 4.4362573135e-06, 5.45659759155e-06, 7.40563791624e-06, 5.30553597855e-06, 5.54016878596e-06, 8.73208318808e-06, 7.06827313479e-06, 4.62054458694e-06, 5.44133717995e-06, 4.28763360105e-06, 3.41888312505e-06, 3.9762171582e-06, 2.47342654802e-06, 2.62149592345e-06, 1.98389261641e-06, 8.80052709817e-07, 7.32300463824e-07, 5.81100096042e-07, 6.72794669754e-07, 5.01664999319e-07, 3.57376563898e-07, 1.59454046411e-07, 2.20765050685e-09, 5.59191278351e-12, 5.38135508377e-12, 5.21890169969e-12, 5.08139624128e-12, 4.96529900529e-12, 4.86769131947e-12, 4.78821886654e-12, 4.72537156973e-12, 4.67938621879e-12, 4.65212937617e-12]
    },
    "mfcc": {
        "mean": [-722.409790039, 117.023849487, 30.9348278046, 24.503862381, -2.07832384109, 12.5022153854, 2.69860720634, 4.70007658005, -4.08657360077, -3.86176466942, -2.85595607758, -7.23880958557, -6.41521787643],
        "cov": [[11982.4189453, -1531.47546387, -1464.52526855, -977.473999023, -437.872833252, 273.637115479, -52.0659713745, -106.800682068, -192.374435425, -211.595932007, 101.377861023, -24.3989276886, -119.770721436], [-1531.47546387, 1638.34875488, 175.703979492, 145.971862793, -79.742729187, -18.9768409729, 68.4086914062, 75.9963607788, 8.2895898819, 13.6849279404, 25.9563312531, 14.7901201248, -8.40973091125], [-1464.52526855, 175.703979492, 876.279541016, 312.151184082, 142.725463867, -76.4074935913, 22.17486763, 29.3395290375, 41.7856483459, 47.0006370544, -57.6562576294, 17.7315483093, 59.363571167], [-977.473999023, 145.971862793, 312.151184082, 559.61920166, 203.626281738, -79.7618789673, -57.895652771, -23.6200561523, 55.2675743103, 81.0521621704, -77.0718078613, 1.16356563568, 40.0525894165], [-437.872833252, -79.742729187, 142.725463867, 203.626281738, 326.24597168, 9.56754398346, -44.3622093201, -69.5340118408, 35.7037849426, 43.9266471863, -51.3643302917, -10.5562162399, 21.9726638794], [273.637115479, -18.9768409729, -76.4074935913, -79.7618789673, 9.56754398346, 178.566223145, 48.627368927, 13.6643161774, -13.3148565292, -16.4412403107, 37.9054641724, -0.881606042385, -16.0344352722], [-52.0659713745, 68.4086914062, 22.17486763, -57.895652771, -44.3622093201, 48.627368927, 173.740188599, 65.7080078125, -7.21533155441, -13.9184608459, 32.673740387, 21.6246566772, -12.3980560303], [-106.800682068, 75.9963607788, 29.3395290375, -23.6200561523, -69.5340118408, 13.6643161774, 65.7080078125, 176.932067871, 33.8417510986, -4.90125989914, 14.4855527878, 4.46966600418, -2.1245496273], [-192.374435425, 8.2895898819, 41.7856483459, 55.2675743103, 35.7037849426, -13.3148565292, -7.21533155441, 33.8417510986, 144.012374878, 56.3635864258, -4.86435270309, -17.3037776947, -9.04748344421], [-211.595932007, 13.6849279404, 47.0006370544, 81.0521621704, 43.9266471863, -16.4412403107, -13.9184608459, -4.90125989914, 56.3635864258, 145.888793945, 18.91979599, -23.1409358978, -19.2082061768], [101.377861023, 25.9563312531, -57.6562576294, -77.0718078613, -51.3643302917, 37.9054641724, 32.673740387, 14.4855527878, -4.86435270309, 18.91979599, 121.878143311, 15.0119819641, -32.6319732666], [-24.3989276886, 14.7901201248, 17.7315483093, 1.16356563568, -10.5562162399, -0.881606042385, 21.6246566772, 4.46966600418, -17.3037776947, -23.1409358978, 15.0119819641, 117.202133179, 29.9059867859], [-119.770721436, -8.40973091125, 59.363571167, 40.0525894165, 21.9726638794, -16.0344352722, -12.3980560303, -2.1245496273, -9.04748344421, -19.2082061768, -32.6319732666, 29.9059867859, 105.988014221]],
        "icov": [[0.000126096478198, 9.64508726611e-05, 0.000134016008815, 6.57301934552e-05, 0.000108467218524, -0.000119858195831, 4.84029842482e-05, 4.44303805125e-05, 4.23602250521e-05, 3.4475204302e-05, 5.50199220015e-05, -1.4612067389e-05, 4.71057101095e-05], [9.64508726611e-05, 0.000750946812332, 1.18997704703e-05, -0.000248835596722, 0.000383932288969, -9.82505516731e-05, -0.00015462191368, -8.19389460958e-05, 6.17165133008e-05, 6.76923227729e-05, -0.000123678008094, -1.22015683246e-06, 0.000121561912238], [0.000134016008815, 1.18997704703e-05, 0.00171223073266, -0.000566461996641, -0.00028543168446, 0.000367192405974, -0.000512362632435, -0.000261888984824, 4.05794198741e-05, -8.33452504594e-05, 0.000161333897267, -5.1422193792e-05, -0.00049048155779], [6.57301934552e-05, -0.000248835596722, -0.000566461996641, 0.00329002155922, -0.00144739507232, 0.000687801511958, 0.000569135183468, -0.000252794037806, -5.44361391803e-05, -0.00117799954023, 0.00105539173819, -0.000454672524938, -0.000170763261849], [0.000108467218524, 0.000383932288969, -0.00028543168446, -0.00144739507232, 0.00519142998382, -0.00176300341263, 0.000205831194762, 0.00191136961803, -0.000903950363863, -0.000489878002554, 0.00120384828188, 4.94315536343e-05, -0.000229950353969], [-0.000119858195831, -9.82505516731e-05, 0.000367192405974, 0.000687801511958, -0.00176300341263, 0.00736244907603, -0.00176927493885, -0.000506870856043, 0.000348883069819, 0.00072628154885, -0.00192680745386, 0.000595478515606, 5.35294711881e-05], [4.84029842482e-05, -0.00015462191368, -0.000512362632435, 0.000569135183468, 0.000205831194762, -0.00176927493885, 0.00796899106354, -0.0024989915546, 0.000608555099461, 0.000115724331408, -0.000679796503391, -0.00130263459869, 0.000917257275432], [4.44303805125e-05, -8.19389460958e-05, -0.000261888984824, -0.000252794037806, 0.00191136961803, -0.000506870856043, -0.0024989915546, 0.00792722310871, -0.00252039846964, 0.000640598591417, 2.49038312177e-05, 0.000264106201939, -0.000486340315547], [4.23602250521e-05, 6.17165133008e-05, 4.05794198741e-05, -5.44361391803e-05, -0.000903950363863, 0.000348883069819, 0.000608555099461, -0.00252039846964, 0.00921542197466, -0.00312883616425, 0.00053853134159, 0.000427233579103, 0.000576329126488], [3.4475204302e-05, 6.76923227729e-05, -8.33452504594e-05, -0.00117799954023, -0.000489878002554, 0.00072628154885, 0.000115724331408, 0.000640598591417, -0.00312883616425, 0.00980269070715, -0.00295400200412, 0.00155153369997, 0.000936163763981], [5.50199220015e-05, -0.000123678008094, 0.000161333897267, 0.00105539173819, 0.00120384828188, -0.00192680745386, -0.000679796503391, 2.49038312177e-05, 0.00053853134159, -0.00295400200412, 0.0117476806045, -0.00250669964589, 0.00277791288681], [-1.4612067389e-05, -1.22015683246e-06, -5.1422193792e-05, -0.000454672524938, 4.94315536343e-05, 0.000595478515606, -0.00130263459869, 0.000264106201939, 0.000427233579103, 0.00155153369997, -0.00250669964589, 0.0102989617735, -0.00324334390461], [4.71057101095e-05, 0.000121561912238, -0.00049048155779, -0.000170763261849, -0.000229950353969, 5.35294711881e-05, 0.000917257275432, -0.000486340315547, 0.000576329126488, 0.000936163763981, 0.00277791288681, -0.00324334390461, 0.0119797587395]]
    },
    "spectral_contrast_coeffs": {
        "mean": [-0.715184688568, -0.739595830441, -0.736487090588, -0.785196602345, -0.80728405714, -0.770801484585],
        "stdev": [0.0724845826626, 0.0879641622305, 0.0988198667765, 0.0802209228277, 0.0472949147224, 0.0520500764251]
    },
    "spectral_contrast_valleys": {
        "mean": [-7.07548713684, -7.81482124329, -8.60004997253, -8.99570846558, -8.75516796112, -10.8545408249],
        "stdev": [1.87345993519, 1.86976504326, 1.94221282005, 1.92558932304, 1.95009613037, 1.95805835724]
    }
},
"rhythm": {
    "beats_count": 582,
    "beats_loudness": {
        "mean": 0.0246704090387,
        "stdev": 0.021737460047
    },
    "bpm": 143.273880005,
    "bpm_histogram_first_peak_bpm": 144,
    "bpm_histogram_first_peak_weight": 0.104712069035,
    "bpm_histogram_second_peak_bpm": 133,
    "bpm_histogram_second_peak_spread": 0.25,
    "bpm_histogram_second_peak_weight": 0.0103270225227,
    "danceability": 1.12107264996,
    "onset_rate": 3.78578829765,
    "beats_loudness_band_ratio": {
        "mean": [0.434556365013, 0.309225440025, 0.110626630485, 0.117713361979, 0.0280254203826, 0.0643525794148],
        "stdev": [0.27562430501, 0.228594332933, 0.16020065546, 0.194870561361, 0.0430631004274, 0.077718898654]
    },
    "beats_position": [0.441179126501, 0.893968224525, 1.34675729275, 1.79954648018, 2.22911548615, 2.6470746994, 3.06503391266, 3.48299312592, 3.90095233917, 4.31891155243, 4.73687076569, 5.15482997894, 5.5727891922, 5.99074840546, 6.40870714188, 6.82666635513, 7.24462556839, 7.67419481277, 8.10376358032, 8.52172279358, 8.93968200684, 9.35764122009, 9.77560043335, 10.1935596466, 10.6115188599, 11.0294780731, 11.4474372864, 11.8653964996, 12.2833557129, 12.7013149261, 13.1192741394, 13.5372333527, 13.9551925659, 14.3731517792, 14.7911109924, 15.2090702057, 15.6270294189, 16.0449886322, 16.4629478455, 16.8809070587, 17.298866272, 17.7168254852, 18.1347846985, 18.5527439117, 18.970703125, 19.3886623383, 19.8066215515, 20.2245807648, 20.642539978, 21.0721092224, 21.4900684357, 21.9196376801, 22.3375968933, 22.7555541992, 23.1735134125, 23.5914726257, 24.009431839, 24.4273910522, 24.8453502655, 25.2633094788, 25.681268692, 26.0992279053, 26.5171871185, 26.9351463318, 27.353105545, 27.7710647583, 28.1890239716, 28.6069831848, 29.0249423981, 29.4429016113, 29.8608608246, 30.2788200378, 30.6967792511, 31.1147384644, 31.5326976776, 31.962266922, 32.3802261353, 32.7981834412, 33.2161445618, 33.6341018677, 34.0520629883, 34.4816322327, 34.8995895386, 35.3175506592, 35.7355079651, 36.1534690857, 36.5714263916, 36.9893875122, 37.4073448181, 37.8253059387, 38.2432632446, 38.6612243652, 39.0791816711, 39.4971427917, 39.9151000977, 40.3330612183, 40.7510185242, 41.1689796448, 41.5869369507, 42.0048980713, 42.4228553772, 42.8408164978, 43.2587738037, 43.6767349243, 44.0946922302, 44.5242614746, 44.9422225952, 45.3717918396, 45.7897491455, 46.2077102661, 46.625667572, 47.0436286926, 47.4615859985, 47.8795471191, 48.297504425, 48.7154655457, 49.1334228516, 49.5513839722, 49.9693412781, 50.3873023987, 50.7936515808, 51.2000007629, 51.6179580688, 52.0475273132, 52.4770965576, 52.8950538635, 53.3130149841, 53.73097229, 54.1489334106, 54.5668907166, 54.9848518372, 55.4028091431, 55.8207702637, 56.2387275696, 56.6566886902, 57.0746459961, 57.4926071167, 57.9105644226, 58.3285255432, 58.7464828491, 59.1644439697, 59.5824012756, 60.0003623962, 60.4299316406, 60.8478889465, 61.2774581909, 61.6954193115, 62.1133766174, 62.531337738, 62.9492950439, 63.3672561646, 63.7852134705, 64.2031707764, 64.621131897, 65.0390930176, 65.4570541382, 65.8750076294, 66.29296875, 66.7109298706, 67.1288909912, 67.5468444824, 67.964805603, 68.3827667236, 68.8007278442, 69.2186813354, 69.6366424561, 70.0546035767, 70.4725646973, 70.8905181885, 71.3200912476, 71.7380523682, 72.1676177979, 72.5855789185, 73.0035324097, 73.4214935303, 73.8394546509, 74.2574157715, 74.6753692627, 75.0933303833, 75.5112915039, 75.9292526245, 76.3472061157, 76.7651672363, 77.1831283569, 77.6010894775, 78.0190429688, 78.4370040894, 78.85496521, 79.2729263306, 79.6908798218, 80.1088409424, 80.526802063, 80.9447631836, 81.3627166748, 81.7806777954, 82.198638916, 82.6166000366, 83.0345535278, 83.4525146484, 83.870475769, 84.3000411987, 84.7296142578, 85.1475753784, 85.5655288696, 85.9834899902, 86.4014511108, 86.8194122314, 87.2373657227, 87.6553268433, 88.0732879639, 88.4912490845, 88.9092025757, 89.3271636963, 89.7451248169, 90.1630859375, 90.5810394287, 90.9990005493, 91.4169616699, 91.8349151611, 92.2528762817, 92.6708374023, 93.0887985229, 93.5067520142, 93.9247131348, 94.3426742554, 94.7722396851, 95.1785888672, 95.5965499878, 96.0145111084, 96.432472229, 96.8504257202, 97.2683868408, 97.6863479614, 98.104309082, 98.5338745117, 98.9634475708, 99.381401062, 99.7993621826, 100.217323303, 100.635284424, 101.053237915, 101.471199036, 101.889160156, 102.307121277, 102.725074768, 103.154647827, 103.560997009, 103.97895813, 104.396911621, 104.814872742, 105.232833862, 105.650794983, 106.068748474, 106.486709595, 106.904670715, 107.322631836, 107.740585327, 108.158546448, 108.576507568, 109.006072998, 109.424034119, 109.841995239, 110.25995636, 110.677909851, 111.095870972, 111.525436401, 111.943397522, 112.361358643, 112.779319763, 113.197273254, 113.615234375, 114.033195496, 114.451156616, 114.869110107, 115.287071228, 115.705032349, 116.122993469, 116.54094696, 116.958908081, 117.376869202, 117.794830322, 118.212783813, 118.630744934, 119.048706055, 119.466667175, 119.884620667, 120.302581787, 120.720542908, 121.138504028, 121.55645752, 121.97441864, 122.403991699, 122.82194519, 123.25151825, 123.66947937, 124.087432861, 124.505393982, 124.923355103, 125.341316223, 125.759269714, 126.177230835, 126.595191956, 127.013153076, 127.431106567, 127.849067688, 128.267028809, 128.6849823, 129.114562988, 129.520904541, 129.938858032, 130.356826782, 130.774780273, 131.192733765, 131.610702515, 132.028656006, 132.446624756, 132.864578247, 133.282531738, 133.700500488, 134.118453979, 134.536407471, 134.954376221, 135.38394165, 135.81350708, 136.23147583, 136.649429321, 137.067382812, 137.485351562, 137.903305054, 138.321273804, 138.739227295, 139.157180786, 139.575149536, 139.993103027, 140.411056519, 140.829025269, 141.24697876, 141.66494751, 142.082901001, 142.500854492, 142.918823242, 143.336776733, 143.754730225, 144.172698975, 144.590652466, 145.020217896, 145.426574707, 145.856140137, 146.274108887, 146.692062378, 147.110015869, 147.527984619, 147.94593811, 148.37550354, 148.79347229, 149.211425781, 149.629379272, 150.047348022, 150.465301514, 150.883255005, 151.301223755, 151.719177246, 152.137145996, 152.555099487, 152.973052979, 153.37940979, 153.80897522, 154.226928711, 154.644897461, 155.062850952, 155.480819702, 155.898773193, 156.316726685, 156.734695435, 157.152648926, 157.570602417, 157.988571167, 158.406524658, 158.824493408, 159.254058838, 159.683624268, 160.101577759, 160.519546509, 160.9375, 161.35546875, 161.773422241, 162.191375732, 162.609344482, 163.027297974, 163.445251465, 163.863220215, 164.281173706, 164.699142456, 165.117095947, 165.535049438, 165.953018188, 166.37097168, 166.788925171, 167.206893921, 167.624847412, 168.042816162, 168.460769653, 168.878723145, 169.308303833, 169.714645386, 170.132598877, 170.550567627, 170.980133057, 171.398086548, 171.827667236, 172.245620728, 172.663574219, 173.081542969, 173.49949646, 173.917449951, 174.335418701, 174.753372192, 175.171340942, 175.589294434, 176.007247925, 176.425216675, 176.843170166, 177.261123657, 177.679092407, 178.097045898, 178.515014648, 178.93296814, 179.350921631, 179.768890381, 180.186843872, 180.604797363, 181.022766113, 181.440719604, 181.858688354, 182.276641846, 182.706207275, 183.124176025, 183.553741455, 183.971694946, 184.389663696, 184.807617188, 185.225570679, 185.643539429, 186.06149292, 186.479446411, 186.897415161, 187.315368652, 187.733337402, 188.151290894, 188.569244385, 188.987213135, 189.405166626, 189.823120117, 190.241088867, 190.659042358, 191.07699585, 191.4949646, 191.912918091, 192.330886841, 192.748840332, 193.166793823, 193.584762573, 194.002716064, 194.420669556, 194.838638306, 195.268203735, 195.686157227, 196.104125977, 196.522079468, 196.951644897, 197.369613647, 197.787567139, 198.205535889, 198.62348938, 199.041442871, 199.459411621, 199.877365112, 200.295318604, 200.713287354, 201.131240845, 201.549209595, 201.967163086, 202.385116577, 202.803085327, 203.221038818, 203.63899231, 204.05696106, 204.474914551, 204.892883301, 205.310836792, 205.728790283, 206.146759033, 206.564712524, 206.982666016, 207.412246704, 207.830200195, 208.248153687, 208.677734375, 209.095687866, 209.513641357, 209.931610107, 210.349563599, 210.76751709, 211.18548584, 211.603439331, 212.021408081, 212.439361572, 212.857315063, 213.275283813, 213.693237305, 214.111190796, 214.529159546, 214.947113037, 215.365081787, 215.783035278, 216.20098877, 216.61895752, 217.036911011, 217.454864502, 217.872833252, 218.290786743, 218.708755493, 219.138320923, 219.567886353, 219.985839844, 220.403808594, 220.821762085, 221.239730835, 221.657684326, 222.075637817, 222.493606567, 222.911560059, 223.32951355, 223.7474823, 224.165435791, 224.583404541, 225.001358032, 225.419311523, 225.837280273, 226.255233765, 226.684799194, 227.102767944, 227.509109497, 227.927078247, 228.345031738, 228.762985229, 229.192550659, 229.622131348, 230.040084839, 230.45803833, 230.87600708, 231.293960571, 231.711929321, 232.129882812, 232.547836304, 232.965805054, 233.383758545, 233.801712036, 234.219680786, 234.637634277, 235.055603027, 235.473556519, 235.89151001, 236.321090698, 236.739044189, 237.156997681, 237.574966431, 237.992919922, 238.410873413, 238.828842163, 239.246795654, 239.664764404, 240.082717896, 240.500671387, 240.918640137, 241.348205566, 241.777770996, 242.230560303, 242.694961548, 243.147750854, 243.6121521, 244.064941406],
    "bpm_histogram": [0, 0, 0, 0, 0, 0, 0, 0, 0, 0, 0, 0, 0, 0, 0, 0, 0, 0, 0, 0, 0, 0, 0, 0, 0, 0, 0, 0, 0, 0, 0, 0, 0, 0, 0, 0, 0, 0, 0, 0, 0, 0, 0, 0, 0, 0, 0, 0, 0, 0, 0, 0, 0, 0, 0, 0, 0, 0, 0, 0, 0, 0, 0, 0, 0, 0, 0, 0, 0, 0, 0, 0, 0, 0, 0, 0, 0, 0, 0, 0, 0, 0, 0, 0, 0, 0, 0, 0, 0, 0, 0, 0, 0, 0, 0, 0, 0, 0, 0, 0, 0, 0, 0, 0, 0, 0, 0, 0, 0, 0, 0, 0, 0, 0, 0, 0, 0, 0, 0, 0, 0, 0, 0, 0, 0, 0, 0, 0, 0, 0.00344234076329, 0, 0, 0, 0.0103270225227, 0, 0, 0, 0, 0, 0, 0.0877796933055, 0, 0, 0, 0.882960438728, 0, 0, 0, 0.015490533784, 0, 0, 0, 0, 0, 0, 0, 0, 0, 0, 0, 0, 0, 0, 0, 0, 0, 0, 0, 0, 0, 0, 0, 0, 0, 0, 0, 0, 0, 0, 0, 0, 0, 0, 0, 0, 0, 0, 0, 0, 0, 0, 0, 0, 0, 0, 0, 0, 0, 0, 0, 0, 0, 0, 0, 0, 0, 0, 0, 0, 0, 0, 0, 0, 0, 0, 0, 0, 0, 0, 0, 0, 0, 0, 0, 0, 0, 0, 0, 0, 0, 0, 0, 0, 0, 0, 0, 0, 0, 0, 0, 0, 0, 0, 0, 0, 0, 0, 0, 0, 0]
},
"tonal": {
    "chords_changes_rate": 0.0523918010294,
    "chords_number_rate": 0.00170842825901,
    "chords_strength": {
        "mean": 0.531699001789,
        "stdev": 0.105818413198
    },
    "hpcp_crest": {
        "mean": 14.7420320511,
        "stdev": 7.31982421875
    },
    "hpcp_entropy": {
        "mean": 1.83044791222,
        "stdev": 0.750331223011
    },
    "key_edma": {
        "strength": 0.796970307827,
        "key": "C#",
        "scale": "major"
    },
    "key_krumhansl": {
        "strength": 0.788450300694,
        "key": "C#",
        "scale": "major"
    },
    "key_temperley": {
        "strength": 0.770476937294,
        "key": "C#",
        "scale": "major"
    },
    "tuning_diatonic_strength": 0.655761122704,
    "tuning_equal_tempered_deviation": 0.0104844151065,
    "tuning_frequency": 437.718536377,
    "tuning_nontempered_energy_ratio": 0.691970467567,
    "hpcp": {
        "mean": [0.0782369226217, 0.0517005845904, 0.0689669549465, 0.107977122068, 0.0889135673642, 0.0573216043413, 0.0614638440311, 0.0475992970169, 0.0628722757101, 0.0999049022794, 0.0907367169857, 0.134005963802, 0.233051046729, 0.175584286451, 0.0674495473504, 0.0571193136275, 0.0666921511292, 0.15099580586, 0.237716391683, 0.178811952472, 0.103096500039, 0.0930363088846, 0.0795135423541, 0.171579539776, 0.24835421145, 0.14821895957, 0.079658575356, 0.0894527882338, 0.0716429948807, 0.0472247488797, 0.0402019359171, 0.0454109944403, 0.14500439167, 0.303549468517, 0.235328137875, 0.0994062721729],
        "stdev": [0.205468282104, 0.145207241178, 0.160206332803, 0.22040207684, 0.19658178091, 0.156806007028, 0.18650379777, 0.147349372506, 0.145938307047, 0.205580309033, 0.188274338841, 0.220249280334, 0.33253005147, 0.268875330687, 0.181017056108, 0.173239290714, 0.185197621584, 0.237965196371, 0.316905558109, 0.250837028027, 0.222964406013, 0.21292810142, 0.192816123366, 0.260957837105, 0.34746041894, 0.23266415298, 0.176984727383, 0.201520934701, 0.180272638798, 0.150084987283, 0.131101727486, 0.126987606287, 0.212476849556, 0.362971812487, 0.309935837984, 0.205696925521]
    },
    "chords_histogram": [51.3097953796, 12.9271068573, 7.30827617645, 0.26575550437, 0.056947607547, 0, 0.531511008739, 0.0379650704563, 0.531511008739, 0.0189825352281, 0, 0.0379650704563, 0, 0.0949126780033, 0, 1.53758537769, 3.92938494682, 9.77600574493, 3.37889146805, 0.892179191113, 0.0379650704563, 0.28473803401, 3.26499629021, 3.7775247097],
    "thpcp": [1, 0.775254666805, 0.327479630709, 0.257740259171, 0.170320123434, 0.227201700211, 0.355715066195, 0.29291293025, 0.188837766647, 0.202483788133, 0.156809031963, 0.207123652101, 0.329122304916, 0.298919051886, 0.44146335125, 0.767753124237, 0.578437149525, 0.222202822566, 0.188171356916, 0.219707682729, 0.497433930635, 0.783122420311, 0.58907020092, 0.339636564255, 0.30649471283, 0.261945903301, 0.565244078636, 0.818167150021, 0.488286018372, 0.262423694134, 0.294689327478, 0.236017525196, 0.15557512641, 0.132439494133, 0.149599984288, 0.477696090937],
    "chords_key": "C#",
