{
"metadata": {
    "version": {
        "essentia": "2.1-dev",
        "essentia_git_sha": "v2.1_beta3-415-gd5473f3",
        "extractor": "music 2.0"
    },
    "audio_properties": {
        "analysis": {
            "equal_loudness": 0,
            "length": 279.405700684,
            "sample_rate": 44100,
            "start_time": 0,
            "downmix": "mix"
        },
        "bit_rate": 256000,
        "length": 279.405700684,
        "lossless": 0,
        "number_channels": 2,
        "replay_gain": -7.48760414124,
        "sample_rate": 44100,
        "codec": "mp3",
        "md5_encoded": "35b73d7d5b5861552bcb187ac58f0e2c"
    },
    "tags": {
        "file_name": "lauryn_hill-ex-factor.mp3",
        "album": ["Woman II"],
        "artist": ["Woman II -By Stuff-"],
        "genre": ["General Unclassifiable"],
        "title": ["Lauryn Hill-Ex-Factor"],
        "tracknumber": ["17"]
    }
},
"lowlevel": {
    "average_loudness": 0.884415090084,
    "barkbands_crest": {
        "mean": 10.8630285263,
        "stdev": 4.69712162018
    },
    "barkbands_flatness_db": {
        "mean": 0.158739775419,
        "stdev": 0.0605367347598
    },
    "barkbands_kurtosis": {
        "mean": 8.57598304749,
        "stdev": 20.662519455
    },
    "barkbands_skewness": {
        "mean": 1.80180943012,
        "stdev": 1.85009360313
    },
    "barkbands_spread": {
        "mean": 20.1156539917,
        "stdev": 14.8286991119
    },
    "dissonance": {
        "mean": 0.430950641632,
        "stdev": 0.0525630526245
    },
    "dynamic_complexity": 3.85149383545,
    "erbbands_crest": {
        "mean": 11.0580396652,
        "stdev": 4.86414337158
    },
    "erbbands_flatness_db": {
        "mean": 0.172854855657,
        "stdev": 0.0523054897785
    },
    "erbbands_kurtosis": {
        "mean": 2.73082590103,
        "stdev": 6.6896071434
    },
    "erbbands_skewness": {
        "mean": 0.853985488415,
        "stdev": 1.10275745392
    },
    "erbbands_spread": {
        "mean": 36.0266494751,
        "stdev": 23.4986419678
    },
    "hfc": {
        "mean": 17.8489093781,
        "stdev": 15.948928833
    },
    "loudness_ebu128": {
        "integrated": -16.65001297,
        "loudness_range": 4.19597530365,
        "momentary": {
            "mean": -19.1902065277,
            "stdev": 9.82475376129
        },
        "short_term": {
            "mean": -18.1552200317,
            "stdev": 7.36901903152
        }
    },
    "melbands_crest": {
        "mean": 14.6768169403,
        "stdev": 6.19561672211
    },
    "melbands_flatness_db": {
        "mean": 0.224411591887,
        "stdev": 0.086276859045
    },
    "melbands_kurtosis": {
        "mean": 19.5148601532,
        "stdev": 46.1239967346
    },
    "melbands_skewness": {
        "mean": 2.59945702553,
        "stdev": 2.22835111618
    },
    "melbands_spread": {
        "mean": 22.3986854553,
        "stdev": 23.1551494598
    },
    "pitch_salience": {
        "mean": 0.503374636173,
        "stdev": 0.126293152571
    },
    "silence_rate_20dB": {
        "mean": 1,
        "stdev": 0
    },
    "silence_rate_30dB": {
        "mean": 0.941000521183,
        "stdev": 0.235620304942
    },
    "silence_rate_60dB": {
        "mean": 0.122236996889,
        "stdev": 0.327574580908
    },
    "spectral_centroid": {
        "mean": 1261.54638672,
        "stdev": 734.289916992
    },
    "spectral_complexity": {
        "mean": 12.9153232574,
        "stdev": 8.38199424744
    },
    "spectral_decrease": {
        "mean": -7.06232539116e-09,
        "stdev": 1.00845838347e-08
    },
    "spectral_energy": {
        "mean": 0.0282740015537,
        "stdev": 0.0387842915952
    },
    "spectral_energyband_high": {
        "mean": 0.000720985874068,
        "stdev": 0.00109815446194
    },
    "spectral_energyband_low": {
        "mean": 0.013352829963,
        "stdev": 0.033328615129
    },
    "spectral_energyband_middle_high": {
        "mean": 0.00484793446958,
        "stdev": 0.00665946258232
    },
    "spectral_energyband_middle_low": {
        "mean": 0.0109183369204,
        "stdev": 0.0165374837816
    },
    "spectral_entropy": {
        "mean": 7.29646921158,
        "stdev": 0.586550831795
    },
    "spectral_flux": {
        "mean": 0.087759077549,
        "stdev": 0.079972691834
    },
    "spectral_kurtosis": {
        "mean": 5.4906334877,
        "stdev": 6.41824913025
    },
    "spectral_rms": {
        "mean": 0.00445356033742,
        "stdev": 0.00278387079015
    },
    "spectral_rolloff": {
        "mean": 1819.34558105,
        "stdev": 2561.22387695
    },
    "spectral_skewness": {
        "mean": 1.83477985859,
        "stdev": 0.780144989491
    },
    "spectral_spread": {
        "mean": 5787695.5,
        "stdev": 2458163
    },
    "spectral_strongpeak": {
        "mean": 1.16977763176,
        "stdev": 1.24522912502
    },
    "zerocrossingrate": {
        "mean": 0.0733334794641,
        "stdev": 0.0643989816308
    },
    "barkbands": {
        "mean": [0.000322526990203, 0.00853192713112, 0.00306806294248, 0.00260559190065, 0.00187558133621, 0.00157537567429, 0.0017589086201, 0.00109579134732, 0.00172796717379, 0.00123928091489, 0.000614507123828, 0.000834324338939, 0.000551969220396, 0.000371948350221, 0.000328662310494, 0.000317297060974, 0.000237654749071, 0.000174261411303, 0.000208526820643, 0.00020384399977, 0.000103591119114, 0.000113565482025, 0.000101755453215, 0.000132667424623, 0.000114474220027, 5.9920559579e-05, 3.87016234527e-06],
        "stdev": [0.00102148787118, 0.0247631557286, 0.01133059524, 0.0105057163164, 0.00559213710949, 0.00272189010866, 0.0027621188201, 0.00207596970722, 0.00294718099758, 0.00301158102229, 0.00201530754566, 0.00218062917702, 0.00171477172989, 0.000950836343691, 0.000854244979564, 0.000887902453542, 0.000640694517642, 0.000348027766449, 0.000352385133738, 0.000362268707249, 0.000264529691776, 0.000307429465465, 0.000204582931474, 0.000242716065259, 0.000226074684178, 8.94412951311e-05, 8.46085367812e-06]
    },
    "erbbands": {
        "mean": [0.256003767252, 1.83757102489, 3.65357017517, 6.81196117401, 8.94439125061, 4.38628292084, 5.66622781754, 15.7481155396, 23.2227878571, 24.4569187164, 29.3289852142, 30.8916797638, 43.10887146, 39.1034965515, 23.5083045959, 28.8114032745, 27.5608062744, 17.1694335938, 20.3785629272, 14.6506023407, 18.4061450958, 14.4438657761, 10.2623329163, 10.2030448914, 10.8997879028, 8.96621131897, 4.96045398712, 3.98275661469, 4.3094625473, 3.26115870476, 2.97705101967, 3.06469631195, 1.96961843967, 1.38009595871, 0.765662312508, 0.324093610048, 0.0935140550137, 0.0169430486858, 0.000399497715989, 4.57032510894e-05],
        "stdev": [0.750678479671, 5.81586122513, 12.4060554504, 27.222284317, 31.1566238403, 10.4591436386, 11.1151752472, 28.6643486023, 38.3513069153, 35.9127807617, 46.0952529907, 52.6602249146, 90.6431655884, 92.7998962402, 71.7428665161, 70.9194488525, 79.8108139038, 37.9355926514, 50.8157691956, 32.1904983521, 51.1694145203, 35.0470352173, 20.7345790863, 18.7938175201, 18.0795898438, 15.8759794235, 9.82304286957, 11.1763401031, 11.6270122528, 9.16094303131, 5.59860992432, 5.08941841125, 4.1412024498, 3.03525424004, 1.43496882915, 0.506771504879, 0.138546228409, 0.0288161076605, 0.000668996770401, 5.23369053553e-05]
    },
    "gfcc": {
        "mean": [-42.2094497681, 70.4595565796, -102.399658203, 8.85008430481, -70.2817993164, 8.30832958221, -41.4413261414, 20.196849823, -25.5982189178, 8.28376293182, -16.0266075134, -3.76407313347, -16.8001003265],
        "cov": [[19045.9726562, 862.038452148, -671.872253418, 450.877624512, -172.051864624, 524.444091797, -367.246643066, 163.422531128, -266.497467041, -42.9873428345, -104.033187866, 71.8068771362, -79.6759719849], [862.038452148, 2137.10180664, 384.107940674, 148.755126953, 580.779052734, 107.779449463, 316.147247314, 120.55493927, 99.93409729, -23.8051357269, 128.810180664, -162.839157104, 30.8902816772], [-671.872253418, 384.107940674, 1949.97424316, 352.268096924, 180.877655029, 258.70022583, 146.112319946, 140.842926025, 88.8474960327, 115.756355286, -143.345031738, -35.3940620422, -153.731216431], [450.877624512, 148.755126953, 352.268096924, 700.571777344, 314.465820312, 130.012802124, 109.422737122, 68.3121795654, 112.681549072, 2.41937923431, -35.5950622559, 24.1938037872, 39.8173789978], [-172.051864624, 580.779052734, 180.877655029, 314.465820312, 604.677734375, 239.725799561, 230.126968384, 88.7022018433, 112.005981445, 22.6659660339, 36.5710639954, 5.91462850571, 22.0659599304], [524.444091797, 107.779449463, 258.70022583, 130.012802124, 239.725799561, 473.26083374, 208.886505127, 25.9846801758, 34.7167472839, 46.8815956116, 36.9605903625, 18.5688800812, -26.8768043518], [-367.246643066, 316.147247314, 146.112319946, 109.422737122, 230.126968384, 208.886505127, 377.810821533, 56.5932502747, 31.7766971588, 54.726474762, 43.5488395691, 8.21109962463, -15.8588266373], [163.422531128, 120.55493927, 140.842926025, 68.3121795654, 88.7022018433, 25.9846801758, 56.5932502747, 240.381103516, 86.082244873, 15.4835357666, 46.9184074402, 5.19151639938, 38.84815979], [-266.497467041, 99.93409729, 88.8474960327, 112.681549072, 112.005981445, 34.7167472839, 31.7766971588, 86.082244873, 210.746826172, 43.2992591858, -9.51991939545, 15.8114109039, 28.5571937561], [-42.9873428345, -23.8051357269, 115.756355286, 2.41937923431, 22.6659660339, 46.8815956116, 54.726474762, 15.4835357666, 43.2992591858, 141.990875244, 29.9346580505, 17.3868560791, -8.59498023987], [-104.033187866, 128.810180664, -143.345031738, -35.5950622559, 36.5710639954, 36.9605903625, 43.5488395691, 46.9184074402, -9.51991939545, 29.9346580505, 213.444946289, 37.9388198853, 43.0912895203], [71.8068771362, -162.839157104, -35.3940620422, 24.1938037872, 5.91462850571, 18.5688800812, 8.21109962463, 5.19151639938, 15.8114109039, 17.3868560791, 37.9388198853, 150.409820557, 47.8975372314], [-79.6759719849, 30.8902816772, -153.731216431, 39.8173789978, 22.0659599304, -26.8768043518, -15.8588266373, 38.84815979, 28.5571937561, -8.59498023987, 43.0912895203, 47.8975372314, 162.854537964]],
        "icov": [[0.000113591304398, -0.000253349833656, 0.000211247621337, -0.000264075410087, 0.000335160992108, -0.000429360690759, 0.000402916688472, -0.000410285516409, 0.000389893219108, -0.000332913157763, 0.000404040678404, -0.000409380503697, 0.000315998971928], [-0.000253349833656, 0.00155359623022, -0.000799981236923, 0.000935344665777, -0.00172475667205, 0.00148903031368, -0.00147089431994, 0.00126051774714, -0.00121029128786, 0.00143136281986, -0.00177283852827, 0.00219370564446, -0.00125530909281], [0.000211247621337, -0.000799981236923, 0.00127979496028, -0.000955502095167, 0.00101865502074, -0.00128960807342, 0.00100053916685, -0.00149038166273, 0.00101482088212, -0.00147280620877, 0.00162873254158, -0.00121098628733, 0.0014684315538], [-0.000264075410087, 0.000935344665777, -0.000955502095167, 0.00290206214413, -0.00207631848752, 0.00120809860528, -0.00116933649406, 0.00122621026821, -0.00156161980703, 0.0014868369326, -0.000893080490641, 0.00112357037142, -0.0015856390819], [0.000335160992108, -0.00172475667205, 0.00101865502074, -0.00207631848752, 0.00502840289846, -0.0025988353882, 0.000638872210402, -0.00172167469282, 0.000578690320253, -0.00118019396905, 0.0016707185423, -0.00207446329296, 0.00132734782528], [-0.000429360690759, 0.00148903031368, -0.00128960807342, 0.00120809860528, -0.0025988353882, 0.00517251482233, -0.00299987662584, 0.0021927789785, -0.0016744552413, 0.00151228765026, -0.00248154788278, 0.00185833137948, -0.00113117322326], [0.000402916688472, -0.00147089431994, 0.00100053916685, -0.00116933649406, 0.000638872210402, -0.00299987662584, 0.00597771955654, -0.00230738171376, 0.00214842241257, -0.00271660345607, 0.00174151721876, -0.00222908216529, 0.00193207454868], [-0.000410285516409, 0.00126051774714, -0.00149038166273, 0.00122621026821, -0.00172167469282, 0.0021927789785, -0.00230738171376, 0.00751440133899, -0.00377550534904, 0.00231235194951, -0.00343311019242, 0.00250366213731, -0.00261243991554], [0.000389893219108, -0.00121029128786, 0.00101482088212, -0.00156161980703, 0.000578690320253, -0.0016744552413, 0.00214842241257, -0.00377550534904, 0.00838617235422, -0.00372967449948, 0.00308189401403, -0.00225914106704, 0.000696772825904], [-0.000332913157763, 0.00143136281986, -0.00147280620877, 0.0014868369326, -0.00118019396905, 0.00151228765026, -0.00271660345607, 0.00231235194951, -0.00372967449948, 0.0104913841933, -0.00348928966559, 0.00138820905704, -0.000872160773724], [0.000404040678404, -0.00177283852827, 0.00162873254158, -0.000893080490641, 0.0016707185423, -0.00248154788278, 0.00174151721876, -0.00343311019242, 0.00308189401403, -0.00348928966559, 0.00856665614992, -0.00363170704804, 0.000719232484698], [-0.000409380503697, 0.00219370564446, -0.00121098628733, 0.00112357037142, -0.00207446329296, 0.00185833137948, -0.00222908216529, 0.00250366213731, -0.00225914106704, 0.00138820905704, -0.00363170704804, 0.0109210200608, -0.00404242333025], [0.000315998971928, -0.00125530909281, 0.0014684315538, -0.0015856390819, 0.00132734782528, -0.00113117322326, 0.00193207454868, -0.00261243991554, 0.000696772825904, -0.000872160773724, 0.000719232484698, -0.00404242333025, 0.00958221312612]]
    },
    "melbands": {
        "mean": [0.00232901307754, 0.00215523922816, 0.00127491680905, 0.000478998350445, 0.000181352865184, 0.000345225300407, 0.000366233842215, 0.000262372865109, 0.000244611990638, 0.000212669430766, 0.000220488742343, 0.000164385346579, 7.73147112341e-05, 7.86073505878e-05, 8.33921658341e-05, 5.0302794989e-05, 2.93339653581e-05, 3.41062914231e-05, 2.66396855295e-05, 1.78589780262e-05, 2.12976592593e-05, 1.5056743905e-05, 1.10684923129e-05, 7.73519332142e-06, 8.36876279209e-06, 7.57809857532e-06, 8.36031722429e-06, 5.47928311789e-06, 3.4994222915e-06, 2.11879751078e-06, 2.31817216445e-06, 2.51591950473e-06, 2.06220443033e-06, 1.69656800608e-06, 1.54156668941e-06, 1.96560949917e-06, 1.82773953838e-06, 1.42093506383e-06, 1.18405534977e-06, 1.1570548395e-06],
        "stdev": [0.00665789283812, 0.00665737548843, 0.00471187569201, 0.00151794042904, 0.000333110394422, 0.000606055778917, 0.000573200290091, 0.000397818395868, 0.000385771912988, 0.000393507361878, 0.000473872205475, 0.000393575872295, 0.000240936293267, 0.000224557064939, 0.000257539417362, 0.0001715097751, 7.1742113505e-05, 9.63241400314e-05, 7.08848165232e-05, 5.24980569026e-05, 6.63195678499e-05, 4.12373701693e-05, 3.01189666061e-05, 1.54448753165e-05, 1.69803879544e-05, 1.29091395138e-05, 1.65373239724e-05, 1.13523201435e-05, 7.11778830009e-06, 5.85176803725e-06, 6.98354597262e-06, 6.95437711329e-06, 6.21692879577e-06, 4.89791409564e-06, 3.27027510139e-06, 3.18251045428e-06, 3.34479886988e-06, 3.18127581522e-06, 2.77077651845e-06, 2.73496425507e-06]
    },
    "melbands128": {
        "mean": [0.000313796277624, 0.00196244381368, 0.00320506398566, 0.00300785386935, 0.00203359941952, 0.00146753538866, 0.00142149953172, 0.0012240530923, 0.0010034107836, 0.000445009529358, 0.000200742011657, 0.000141589320265, 0.000185728393262, 0.000206077238545, 0.000343199091731, 0.000436933478341, 0.000364711886505, 0.000354926451109, 0.000391822482925, 0.000246033014264, 0.000201500748517, 0.000261531502474, 0.000245438423008, 0.000281570944935, 0.00010649223259, 0.000256866012933, 0.0002972248476, 0.000162958996953, 0.000236408784986, 0.000155374975293, 0.000174387576408, 0.000108935666503, 4.42168129666e-05, 6.34622119833e-05, 0.00012349926692, 5.37868181709e-05, 5.63997346035e-05, 0.000128799700178, 5.50865843252e-05, 5.75783778913e-05, 5.22468799318e-05, 3.80850360671e-05, 2.1911571821e-05, 2.36460055021e-05, 5.12542792421e-05, 2.88820283458e-05, 2.35969582718e-05, 4.287351112e-05, 1.8245758838e-05, 1.01710329545e-05, 1.92105035239e-05, 2.21263417188e-05, 2.71186891041e-05, 1.9920309569e-05, 1.09296588562e-05, 1.74097403942e-05, 1.53389428306e-05, 1.0624216884e-05, 1.09838556455e-05, 8.80255902302e-06, 7.70015230955e-06, 6.29229452898e-06, 7.29572457203e-06, 9.13734675123e-06, 1.03428610601e-05, 6.1419937083e-06, 6.49512821838e-06, 1.00937659226e-05, 9.19480498851e-06, 5.52766960027e-06, 5.46006231161e-06, 5.87800650464e-06, 3.87179943573e-06, 3.54385520041e-06, 2.22822791329e-06, 1.74868682734e-06, 2.41731163442e-06, 2.18084937842e-06, 2.5393951546e-06, 1.98936595552e-06, 2.63607967099e-06, 2.65828293777e-06, 2.40840745391e-06, 1.92961761059e-06, 1.93119922187e-06, 1.85836972832e-06, 1.56477472046e-06, 1.31634294576e-06, 1.3615149328e-06, 1.8933372985e-06, 1.99017949853e-06, 1.88852948213e-06, 2.1152750378e-06, 1.93408823179e-06, 1.59099397479e-06, 1.5065130583e-06, 1.43922579809e-06, 1.18493198897e-06, 1.20203242204e-06, 1.13198700546e-06, 1.23638437799e-06, 1.09900031475e-06, 1.15223724606e-06, 1.15582793114e-06, 8.08061145108e-07, 7.25337713448e-07, 5.80885455292e-07, 6.45670752419e-07, 5.66736730434e-07, 5.32306046352e-07, 3.99747591473e-07, 3.3968609614e-07, 2.58789839336e-07, 2.36084190419e-07, 2.02696256224e-07, 1.91086684254e-07, 1.48354075691e-07, 1.46393368539e-08, 4.79017563462e-12, 4.18818668982e-12, 4.06522515303e-12, 3.96797221816e-12, 3.87494203391e-12, 3.79884622023e-12, 3.74441883749e-12, 3.7036710504e-12, 3.67317808114e-12, 3.64706095185e-12],
        "stdev": [0.00100190984085, 0.0061755022034, 0.0102378586307, 0.0102611146867, 0.00730196479708, 0.00566218513995, 0.00610449863598, 0.00474592205137, 0.00369734456763, 0.00151753064711, 0.000466576137114, 0.000313057680614, 0.00046487475629, 0.000515292165801, 0.000727316888515, 0.00102061533835, 0.000849397096317, 0.000759159214795, 0.000859912019223, 0.000451113301096, 0.000521039939485, 0.000618834455963, 0.000492733903229, 0.000599458464421, 0.00032984779682, 0.000689923588652, 0.000821936933789, 0.000496600114275, 0.000786062038969, 0.000512500701007, 0.000581224041525, 0.00045318697812, 0.000288190640276, 0.000366594351362, 0.000491028127726, 0.000200789450901, 0.000223982875468, 0.000491976214107, 0.000259480002569, 0.000272721401416, 0.000263375113718, 0.000136570393806, 7.7891672845e-05, 9.9675518868e-05, 0.000187587385881, 0.000130150438054, 0.000114868184028, 0.000138414281537, 6.45396794425e-05, 4.42508171545e-05, 8.10714773252e-05, 9.2313872301e-05, 0.000118609357742, 9.42260812735e-05, 5.50705917703e-05, 6.60732985125e-05, 5.27071315446e-05, 5.74956684432e-05, 3.78743170586e-05, 2.62378016487e-05, 2.23619026656e-05, 1.82892526936e-05, 2.73625155387e-05, 2.48748438025e-05, 2.35762145167e-05, 1.59789087775e-05, 1.65608762472e-05, 2.548586599e-05, 2.38578686549e-05, 1.38969971886e-05, 1.75899422175e-05, 1.62629912666e-05, 1.07959840534e-05, 9.52597019932e-06, 6.79081540511e-06, 5.24249389855e-06, 8.18634634925e-06, 5.76478532821e-06, 9.54361348704e-06, 5.97478128839e-06, 9.49979221332e-06, 7.89212663221e-06, 7.97398570285e-06, 6.26797191217e-06, 6.74005605106e-06, 4.88234900331e-06, 4.60495311927e-06, 4.64947106593e-06, 3.04302852783e-06, 4.2447186388e-06, 3.84737586501e-06, 3.48850107912e-06, 3.91336152461e-06, 3.83776159651e-06, 3.74691603611e-06, 4.10543498219e-06, 3.47927903022e-06, 3.37229153047e-06, 3.49959623236e-06, 3.00535248243e-06, 2.97326005239e-06, 3.0032201721e-06, 3.7495522065e-06, 2.54356064033e-06, 1.68668964307e-06, 1.97459644369e-06, 1.02824117221e-06, 1.2339165778e-06, 1.00288912108e-06, 9.30603675897e-07, 6.70586928209e-07, 5.62139803151e-07, 4.48044318091e-07, 4.25547824534e-07, 4.22447129722e-07, 3.58834284953e-07, 3.24904561921e-07, 4.01414048667e-08, 9.69300160969e-12, 8.75877842477e-12, 8.52798040518e-12, 8.33052290344e-12, 8.1556688486e-12, 8.01240844506e-12, 7.88917368932e-12, 7.79561224601e-12, 7.72678188793e-12, 7.6821335751e-12]
    },
    "mfcc": {
        "mean": [-691.289123535, 114.353294373, 13.7275400162, 4.91495132446, -4.22360754013, -14.6288852692, -1.51520395279, -2.6039583683, -3.14916276932, 9.28618812561, -0.508915960789, 1.93546259403, -0.126039713621],
        "cov": [[11443.3681641, 62.2412261963, -877.567504883, 129.496170044, 119.443405151, 254.956161499, 124.414726257, 276.533111572, -55.982421875, 84.0601425171, -177.113479614, -52.7123680115, -42.4507904053], [62.2412261963, 2049.27026367, 236.061950684, 187.644088745, 234.485351562, 101.450881958, 318.551696777, 112.262069702, 119.214637756, 213.18359375, 125.194549561, 86.3235549927, 44.0221252441], [-877.567504883, 236.061950684, 1456.61633301, 207.524932861, 192.806869507, 182.18460083, 65.3332824707, 49.7738990784, 162.309539795, 41.3498764038, 172.45942688, 74.1426391602, 35.665184021], [129.496170044, 187.644088745, 207.524932861, 597.871826172, 236.717269897, 120.812225342, 63.097114563, 98.3107528687, 161.043914795, 24.4725227356, 48.3029136658, 54.1187667847, 35.5409240723], [119.443405151, 234.485351562, 192.806869507, 236.717269897, 454.634460449, 137.461578369, 87.6435394287, 129.483673096, 123.746643066, 79.7040863037, 29.620885849, 71.9976348877, 14.4363803864], [254.956161499, 101.450881958, 182.18460083, 120.812225342, 137.461578369, 521.352966309, 191.960449219, 137.04397583, 104.507003784, 39.8596801758, 125.734024048, -3.80222678185, 15.1358356476], [124.414726257, 318.551696777, 65.3332824707, 63.097114563, 87.6435394287, 191.960449219, 373.036621094, 135.265182495, 20.2466583252, 95.8203659058, 57.8967285156, 25.4582977295, 47.8296546936], [276.533111572, 112.262069702, 49.7738990784, 98.3107528687, 129.483673096, 137.04397583, 135.265182495, 239.704940796, 83.1097259521, 61.1716804504, 47.1371383667, 35.4870605469, 36.5873641968], [-55.982421875, 119.214637756, 162.309539795, 161.043914795, 123.746643066, 104.507003784, 20.2466583252, 83.1097259521, 246.408050537, 52.8168334961, 51.4341392517, 30.1103248596, 25.8329315186], [84.0601425171, 213.18359375, 41.3498764038, 24.4725227356, 79.7040863037, 39.8596801758, 95.8203659058, 61.1716804504, 52.8168334961, 221.134643555, 38.0882377625, 2.57861757278, 20.4304962158], [-177.113479614, 125.194549561, 172.45942688, 48.3029136658, 29.620885849, 125.734024048, 57.8967285156, 47.1371383667, 51.4341392517, 38.0882377625, 200.833831787, 36.0817451477, 14.3733053207], [-52.7123680115, 86.3235549927, 74.1426391602, 54.1187667847, 71.9976348877, -3.80222678185, 25.4582977295, 35.4870605469, 30.1103248596, 2.57861757278, 36.0817451477, 183.69934082, 47.6572723389], [-42.4507904053, 44.0221252441, 35.665184021, 35.5409240723, 14.4363803864, 15.1358356476, 47.8296546936, 36.5873641968, 25.8329315186, 20.4304962158, 14.3733053207, 47.6572723389, 125.101821899]],
        "icov": [[9.90940025076e-05, -9.30711848923e-06, 5.81954263907e-05, -3.55444062734e-05, 8.39932090457e-06, -8.01425412646e-05, 4.24672289228e-05, -0.000127940991661, 6.47579145152e-05, -4.55686931673e-05, 0.000108999942313, -9.51361744228e-06, 4.54867513326e-05], [-9.30711848923e-06, 0.000640637357719, -2.68076473731e-05, -6.03945081821e-05, -0.000171704698005, 0.000206690834602, -0.000545187504031, 0.00021286442643, -0.000156890062499, -0.000327165791532, -0.000250962999417, -0.000114238267997, 9.53794442466e-05], [5.81954263907e-05, -2.68076473731e-05, 0.000874817254953, -0.000101950092358, -0.000227565236855, -0.000124248472275, 7.61271439842e-06, 0.00019948525005, -0.000271083932603, 5.91390999034e-05, -0.00051806186093, -8.21467619971e-05, -7.40810428397e-05], [-3.55444062734e-05, -6.03945081821e-05, -0.000101950092358, 0.0024105340708, -0.000932305003516, 1.5507952412e-05, -0.000119788004667, -2.76733135252e-05, -0.00105840107426, 0.000522657122929, -0.000123441495816, 1.7014614059e-05, -0.000346066779457], [8.39932090457e-06, -0.000171704698005, -0.000227565236855, -0.000932305003516, 0.00363626936451, -0.000553554098587, 0.000225798445172, -0.00107263354585, -0.000364314881153, -0.000837949337438, 0.000928810157347, -0.00113059056457, 0.000803803210147], [-8.01425412646e-05, 0.000206690834602, -0.000124248472275, 1.5507952412e-05, -0.000553554098587, 0.00327325682156, -0.00148570770398, -0.000451841508038, -0.000819109030999, 0.000677065458149, -0.00162366917357, 0.000894203840289, 0.00020358528127], [4.24672289228e-05, -0.000545187504031, 7.61271439842e-06, -0.000119788004667, 0.000225798445172, -0.00148570770398, 0.00484041916206, -0.00181541836355, 0.0013921802165, -0.00117616727948, 0.00029185359017, -0.000148264021846, -0.00100031320471], [-0.000127940991661, 0.00021286442643, 0.00019948525005, -2.76733135252e-05, -0.00107263354585, -0.000451841508038, -0.00181541836355, 0.0068924841471, -0.0013833247358, -0.000345792621374, -0.000526638934389, -0.0003410736972, -0.000778021465521], [6.47579145152e-05, -0.000156890062499, -0.000271083932603, -0.00105840107426, -0.000364314881153, -0.000819109030999, 0.0013921802165, -0.0013833247358, 0.00624363124371, -0.0010471988935, -0.000207959237741, -0.000101926481875, -0.000586941430811], [-4.55686931673e-05, -0.000327165791532, 5.91390999034e-05, 0.000522657122929, -0.000837949337438, 0.000677065458149, -0.00117616727948, -0.000345792621374, -0.0010471988935, 0.00601257476956, -0.000895358563866, 0.000932593713515, -0.000518168148119], [0.000108999942313, -0.000250962999417, -0.00051806186093, -0.000123441495816, 0.000928810157347, -0.00162366917357, 0.00029185359017, -0.000526638934389, -0.000207959237741, -0.000895358563866, 0.00707061169669, -0.00137179938611, 0.000339148042258], [-9.51361744228e-06, -0.000114238267997, -8.21467619971e-05, 1.7014614059e-05, -0.00113059056457, 0.000894203840289, -0.000148264021846, -0.0003410736972, -0.000101926481875, 0.000932593713515, -0.00137179938611, 0.00696458620951, -0.00239251856692], [4.54867513326e-05, 9.53794442466e-05, -7.40810428397e-05, -0.000346066779457, 0.000803803210147, 0.00020358528127, -0.00100031320471, -0.000778021465521, -0.000586941430811, -0.000518168148119, 0.000339148042258, -0.00239251856692, 0.00966567732394]]
    },
    "spectral_contrast_coeffs": {
        "mean": [-0.700794100761, -0.703954100609, -0.704697191715, -0.755127668381, -0.759815514088, -0.806850910187],
        "stdev": [0.0916430205107, 0.0868984535336, 0.0977948531508, 0.0795074030757, 0.0648065060377, 0.0513329692185]
    },
    "spectral_contrast_valleys": {
        "mean": [-7.6431684494, -7.09797048569, -8.23302173615, -8.64087295532, -8.5532913208, -10.3949155807],
        "stdev": [1.83078813553, 1.41520631313, 1.39011883736, 1.39746880531, 1.37441730499, 1.40831243992]
    }
},
"rhythm": {
    "beats_count": 371,
    "beats_loudness": {
        "mean": 0.0996533110738,
        "stdev": 0.0679150819778
    },
    "bpm": 79.8840026855,
    "bpm_histogram_first_peak_bpm": 80,
    "bpm_histogram_first_peak_weight": 0.0891891717911,
    "bpm_histogram_second_peak_bpm": 0,
    "bpm_histogram_second_peak_spread": 0,
    "bpm_histogram_second_peak_weight": 0,
    "danceability": 1.39174044132,
    "onset_rate": 3.96897363663,
    "beats_loudness_band_ratio": {
        "mean": [0.69329637289, 0.149039179087, 0.0816252082586, 0.0564183071256, 0.0330996587873, 0.0810935050249],
        "stdev": [0.257394969463, 0.151134878397, 0.113676987588, 0.0883869230747, 0.0443091355264, 0.109235368669]
    },
    "beats_position": [0.766258478165, 1.55573689938, 2.34521532059, 3.13469386101, 3.92417216301, 4.71365070343, 5.50312900543, 6.26938772202, 7.04725599289, 7.8251247406, 8.60299301147, 9.38086128235, 10.1471195221, 10.9133787155, 11.6680269241, 12.4226751328, 13.1657142639, 13.9087524414, 14.66340065, 15.4180498123, 16.1610889435, 16.9157371521, 17.6587753296, 18.4134235382, 19.1564617157, 19.9111099243, 20.6541500092, 21.4087982178, 22.1518363953, 22.918094635, 23.6611328125, 24.4157810211, 25.1704311371, 25.9134693146, 26.6565074921, 27.4227657318, 28.1658039093, 28.9088420868, 29.6518821716, 30.4181404114, 31.1611785889, 31.9042167664, 32.6588668823, 33.4135131836, 34.1565513611, 34.9112014771, 35.6542396545, 36.4088897705, 37.151927948, 37.9065742493, 38.6612243652, 39.4042625427, 40.1589126587, 40.91355896, 41.6565971375, 42.4112472534, 43.1658935547, 43.9089317322, 44.6519737244, 45.4182319641, 46.1612701416, 46.9043083191, 47.6473464966, 48.4136047363, 49.1566429138, 49.8996810913, 50.6543312073, 51.4089775085, 52.152015686, 52.906665802, 53.661315918, 54.4043540955, 55.1473922729, 55.9020385742, 56.6566886902, 57.3997268677, 58.1543769836, 58.9090232849, 59.6636734009, 60.4183197021, 61.1613578796, 61.9043960571, 62.6474380493, 63.4136962891, 64.1567306519, 64.899772644, 65.6544189453, 66.409072876, 67.1521072388, 67.90675354, 68.6614074707, 69.4044418335, 70.1474838257, 70.902130127, 71.6567764282, 72.3998184204, 73.1428527832, 73.8975067139, 74.6521530151, 75.4067993164, 76.1614532471, 76.9044876099, 77.6591339111, 78.4137878418, 79.1568222046, 79.8998641968, 80.654510498, 81.4091567993, 82.1521987915, 82.9068450928, 83.661491394, 84.4045333862, 85.1475753784, 85.9022216797, 86.6452560425, 87.3999099731, 88.1429443359, 88.9092025757, 89.6522445679, 90.4068908691, 91.1615371704, 91.9045791626, 92.6476211548, 93.4022674561, 94.1569137573, 94.8999557495, 95.6429901123, 96.3976364136, 97.1522903442, 97.895324707, 98.6383666992, 99.404624939, 100.147659302, 100.902313232, 101.656959534, 102.400001526, 103.143035889, 103.89768219, 104.652336121, 105.395370483, 106.138412476, 106.904670715, 107.647705078, 108.402359009, 109.15700531, 109.900039673, 110.643081665, 111.409339905, 112.152381897, 112.89541626, 113.638458252, 114.393104553, 115.147750854, 115.890792847, 116.645439148, 117.400085449, 118.143127441, 118.897773743, 119.640815735, 120.395462036, 121.150108337, 121.904762268, 122.647796631, 123.390838623, 124.145484924, 124.900131226, 125.643173218, 126.397819519, 127.15246582, 127.895507812, 128.638549805, 129.404800415, 130.147842407, 130.890884399, 131.645523071, 132.400177002, 133.143218994, 133.886260986, 134.62928772, 135.372329712, 136.115371704, 136.870025635, 137.613052368, 138.35609436, 139.087524414, 139.853790283, 140.620040894, 141.386306763, 142.164169312, 142.918823242, 143.673461914, 144.404891968, 145.14793396, 145.890975952, 146.645614624, 147.400268555, 148.143310547, 148.886352539, 149.640991211, 150.395645142, 151.138687134, 151.893325806, 152.636367798, 153.391021729, 154.1456604, 154.900314331, 155.643356323, 156.397994995, 157.152648926, 157.895690918, 158.63873291, 159.393371582, 160.148025513, 160.891067505, 161.634094238, 162.388748169, 163.1434021, 163.886444092, 164.641082764, 165.395736694, 166.138778687, 166.893417358, 167.648071289, 168.391113281, 169.145751953, 169.900405884, 170.643447876, 171.386474609, 172.129516602, 172.884170532, 173.638824463, 174.393463135, 175.148117065, 175.891159058, 176.634185791, 177.388839722, 178.143493652, 178.886520386, 179.641174316, 180.395828247, 181.138870239, 181.881896973, 182.624938965, 183.391204834, 184.134231567, 184.888885498, 185.643539429, 186.386566162, 187.129608154, 187.884262085, 188.638900757, 189.381942749, 190.13659668, 190.89125061, 191.634277344, 192.388931274, 193.143585205, 193.886611938, 194.629653931, 195.384307861, 196.138946533, 196.881988525, 197.636642456, 198.391296387, 199.13432312, 199.888977051, 200.632019043, 201.386657715, 202.141311646, 202.895965576, 203.63899231, 204.382034302, 205.136688232, 205.891326904, 206.634368896, 207.389022827, 208.143676758, 208.886703491, 209.629745483, 210.384399414, 211.139038086, 211.882080078, 212.636734009, 213.391372681, 214.134414673, 214.877456665, 215.632110596, 216.386749268, 217.141403198, 217.896057129, 218.639083862, 219.393737793, 220.148391724, 220.891418457, 221.634460449, 222.38911438, 223.143753052, 223.886795044, 224.641448975, 225.396102905, 226.139129639, 226.882171631, 227.625213623, 228.379852295, 229.134506226, 229.877548218, 230.632202148, 231.38684082, 232.129882812, 232.872924805, 233.627563477, 234.382217407, 235.136871338, 235.89151001, 236.634552002, 237.389205933, 238.132247925, 238.886886597, 239.629928589, 240.38458252, 241.139221191, 241.882263184, 242.625305176, 243.379943848, 244.134597778, 244.877639771, 245.632278442, 246.386932373, 247.129974365, 247.884628296, 248.627655029, 249.38230896, 250.125350952, 250.879989624, 251.623031616, 252.377685547, 253.132324219, 253.886978149, 254.630020142, 255.384674072, 256.139312744, 256.882354736, 257.625396729, 258.391662598, 259.134674072, 259.889343262, 260.632385254, 261.387023926, 262.130065918, 262.87310791, 263.627746582, 264.382385254, 265.137054443, 265.891693115, 266.634735107, 267.3777771, 268.132415771, 268.887084961, 269.630096436, 270.384765625, 271.139404297, 271.894042969, 272.648712158, 273.40335083, 274.181213379, 274.935882568, 275.69052124, 276.445159912, 277.199798584, 277.954467773, 278.709106445],
    "bpm_histogram": [0, 0, 0, 0, 0, 0, 0, 0, 0, 0, 0, 0, 0, 0, 0, 0, 0, 0, 0, 0, 0, 0, 0, 0, 0, 0, 0, 0, 0, 0, 0, 0, 0, 0, 0, 0, 0, 0, 0, 0, 0, 0, 0, 0, 0, 0, 0, 0, 0, 0, 0, 0, 0, 0, 0, 0, 0, 0, 0, 0, 0, 0, 0, 0, 0, 0, 0, 0, 0, 0, 0, 0, 0, 0, 0, 0, 0.0162162166089, 0.0162162166089, 0.0513513498008, 0, 0.491891890764, 0.418918907642, 0.00540540553629, 0, 0, 0, 0, 0, 0, 0, 0, 0, 0, 0, 0, 0, 0, 0, 0, 0, 0, 0, 0, 0, 0, 0, 0, 0, 0, 0, 0, 0, 0, 0, 0, 0, 0, 0, 0, 0, 0, 0, 0, 0, 0, 0, 0, 0, 0, 0, 0, 0, 0, 0, 0, 0, 0, 0, 0, 0, 0, 0, 0, 0, 0, 0, 0, 0, 0, 0, 0, 0, 0, 0, 0, 0, 0, 0, 0, 0, 0, 0, 0, 0, 0, 0, 0, 0, 0, 0, 0, 0, 0, 0, 0, 0, 0, 0, 0, 0, 0, 0, 0, 0, 0, 0, 0, 0, 0, 0, 0, 0, 0, 0, 0, 0, 0, 0, 0, 0, 0, 0, 0, 0, 0, 0, 0, 0, 0, 0, 0, 0, 0, 0, 0, 0, 0, 0, 0, 0, 0, 0, 0, 0, 0, 0, 0, 0, 0, 0, 0, 0, 0, 0, 0, 0, 0, 0, 0, 0, 0, 0, 0, 0, 0, 0, 0, 0, 0, 0]
},
"tonal": {
    "chords_changes_rate": 0.069125957787,
    "chords_number_rate": 0.00166168157011,
    "chords_strength": {
        "mean": 0.511207401752,
        "stdev": 0.162077307701
    },
    "hpcp_crest": {
        "mean": 15.0842342377,
        "stdev": 6.89171266556
    },
    "hpcp_entropy": {
        "mean": 1.69455754757,
        "stdev": 0.682727634907
    },
    "key_edma": {
        "strength": 0.622430443764,
        "key": "F#",
        "scale": "major"
    },
    "key_krumhansl": {
        "strength": 0.638624429703,
        "key": "F#",
        "scale": "major"
    },
    "key_temperley": {
        "strength": 0.661095201969,
        "key": "F#",
        "scale": "major"
    },
    "tuning_diatonic_strength": 0.565560996532,
    "tuning_equal_tempered_deviation": 0.224028751254,
    "tuning_frequency": 434.193115234,
    "tuning_nontempered_energy_ratio": 0.945709466934,
    "hpcp": {
        "mean": [0.0819935575128, 0.0691521316767, 0.0845706611872, 0.167019754648, 0.174659013748, 0.0857025161386, 0.108995966613, 0.121377445757, 0.0542219057679, 0.0362087450922, 0.0452045761049, 0.0659992843866, 0.161345630884, 0.188259333372, 0.0991019830108, 0.0610093958676, 0.0633235424757, 0.0992104336619, 0.251300364733, 0.266411185265, 0.115250185132, 0.0604086518288, 0.0539515316486, 0.0667444691062, 0.103252373636, 0.117070071399, 0.127713963389, 0.215447813272, 0.234245732427, 0.154517516494, 0.102715425193, 0.0766159668565, 0.0815631970763, 0.167429223657, 0.195674464107, 0.120500862598],
        "stdev": [0.199836805463, 0.177697837353, 0.193513706326, 0.266354978085, 0.27975410223, 0.175756812096, 0.205810189247, 0.243162155151, 0.121074087918, 0.120870485902, 0.134508252144, 0.164366260171, 0.243949145079, 0.28186994791, 0.178695455194, 0.166665673256, 0.170414850116, 0.202313914895, 0.322680592537, 0.325315058231, 0.200019747019, 0.16159312427, 0.155776143074, 0.169464856386, 0.208010315895, 0.219151228666, 0.2318046242, 0.30722668767, 0.325800538063, 0.27062356472, 0.233625486493, 0.190991431475, 0.186437502503, 0.280120372772, 0.312723308802, 0.227943316102]
    },
    "chords_histogram": [25.2741775513, 3.35659694672, 5.71618461609, 0.0664672628045, 3.00764369965, 0.0332336314023, 1.14656031132, 0.232635423541, 0.0332336314023, 0, 0.64805585146, 0, 0, 0, 0, 0.049850448966, 0.149551346898, 3.63908267021, 0.7311398983, 1.14656031132, 0, 14.5230970383, 18.112329483, 22.1335983276],
    "thpcp": [1, 0.432602643967, 0.226749688387, 0.202512264252, 0.250531792641, 0.387567698956, 0.439433783293, 0.479386627674, 0.808704078197, 0.879263877869, 0.579996347427, 0.385552227497, 0.287585407495, 0.30615529418, 0.628461718559, 0.734482944012, 0.452311575413, 0.307770699263, 0.259569168091, 0.317444115877, 0.626924693584, 0.655599415302, 0.32169264555, 0.409126847982, 0.455601900816, 0.203527137637, 0.135912999511, 0.169679716229, 0.247734665871, 0.605626344681, 0.70664948225, 0.371988832951, 0.229004636407, 0.237691000104, 0.372395902872, 0.943280100822],
    "chords_key": "F#",
    "chords_scale": "major"
}
}