{
"metadata": {
    "version": {
        "essentia": "2.1-dev",
        "essentia_git_sha": "v2.1_beta3-415-gd5473f3",
        "extractor": "music 2.0"
    },
    "audio_properties": {
        "analysis": {
            "equal_loudness": 0,
            "length": 231.5493927,
            "sample_rate": 44100,
            "start_time": 0,
            "downmix": "mix"
        },
        "bit_rate": 192000,
        "length": 231.5493927,
        "lossless": 0,
        "number_channels": 2,
        "replay_gain": -8.41387367249,
        "sample_rate": 44100,
        "codec": "mp3",
        "md5_encoded": "f747012637c2bc52e998ec099f2e8222"
    },
    "tags": {
        "file_name": "luther_vandross-never_too_much.mp3",
        "album": ["Sexy Soul - CD1"],
        "artist": ["Luther Vandross"],
        "date": ["2002"],
        "genre": ["Soul"],
        "title": ["Never Too Much"]
    }
},
"lowlevel": {
    "average_loudness": 0.924815058708,
    "barkbands_crest": {
        "mean": 10.539188385,
        "stdev": 4.44404649734
    },
    "barkbands_flatness_db": {
        "mean": 0.14306910336,
        "stdev": 0.0554370731115
    },
    "barkbands_kurtosis": {
        "mean": 4.6787610054,
        "stdev": 9.81440067291
    },
    "barkbands_skewness": {
        "mean": 1.58177435398,
        "stdev": 1.39359390736
    },
    "barkbands_spread": {
        "mean": 22.1698226929,
        "stdev": 13.8457813263
    },
    "dissonance": {
        "mean": 0.460243731737,
        "stdev": 0.0312019847333
    },
    "dynamic_complexity": 4.93523836136,
    "erbbands_crest": {
        "mean": 9.52846240997,
        "stdev": 4.88863563538
    },
    "erbbands_flatness_db": {
        "mean": 0.164160758257,
        "stdev": 0.0568227134645
    },
    "erbbands_kurtosis": {
        "mean": 0.445601850748,
        "stdev": 2.14829277992
    },
    "erbbands_skewness": {
        "mean": 0.317139714956,
        "stdev": 0.773520827293
    },
    "erbbands_spread": {
        "mean": 40.4989089966,
        "stdev": 22.8660106659
    },
    "hfc": {
        "mean": 19.9530086517,
        "stdev": 22.8683300018
    },
    "loudness_ebu128": {
        "integrated": -15.3205165863,
        "loudness_range": 4.39556121826,
        "momentary": {
            "mean": -19.4007587433,
            "stdev": 24.7027683258
        },
        "short_term": {
            "mean": -17.037197113,
            "stdev": 7.23274803162
        }
    },
    "melbands_crest": {
        "mean": 14.9117288589,
        "stdev": 6.06991291046
    },
    "melbands_flatness_db": {
        "mean": 0.198548048735,
        "stdev": 0.0707226470113
    },
    "melbands_kurtosis": {
        "mean": 16.0881290436,
        "stdev": 30.8337802887
    },
    "melbands_skewness": {
        "mean": 2.72790431976,
        "stdev": 2.11859750748
    },
    "melbands_spread": {
        "mean": 24.5609664917,
        "stdev": 22.9646663666
    },
    "pitch_salience": {
        "mean": 0.527107954025,
        "stdev": 0.125540941954
    },
    "silence_rate_20dB": {
        "mean": 1,
        "stdev": 0
    },
    "silence_rate_30dB": {
        "mean": 0.988067805767,
        "stdev": 0.10858553648
    },
    "silence_rate_60dB": {
        "mean": 0.187606543303,
        "stdev": 0.390401810408
    },
    "spectral_centroid": {
        "mean": 1372.33703613,
        "stdev": 1107.58544922
    },
    "spectral_complexity": {
        "mean": 14.1936225891,
        "stdev": 9.63906669617
    },
    "spectral_decrease": {
        "mean": -5.99570926241e-09,
        "stdev": 6.91894719296e-09
    },
    "spectral_energy": {
        "mean": 0.024438932538,
        "stdev": 0.0276676937938
    },
    "spectral_energyband_high": {
        "mean": 0.000908471294679,
        "stdev": 0.00160696869716
    },
    "spectral_energyband_low": {
        "mean": 0.00951924175024,
        "stdev": 0.0201116651297
    },
    "spectral_energyband_middle_high": {
        "mean": 0.00510390708223,
        "stdev": 0.00777407037094
    },
    "spectral_energyband_middle_low": {
        "mean": 0.010760913603,
        "stdev": 0.0140368789434
    },
    "spectral_entropy": {
        "mean": 7.55523490906,
        "stdev": 0.500008285046
    },
    "spectral_flux": {
        "mean": 0.0818228200078,
        "stdev": 0.0671344324946
    },
    "spectral_kurtosis": {
        "mean": 4.42469453812,
        "stdev": 3.78700733185
    },
    "spectral_rms": {
        "mean": 0.00415082415566,
        "stdev": 0.00257168291137
    },
    "spectral_rolloff": {
        "mean": 1764.51745605,
        "stdev": 2386.63549805
    },
    "spectral_skewness": {
        "mean": 1.5497136116,
        "stdev": 0.52521520853
    },
    "spectral_spread": {
        "mean": 5382365.5,
        "stdev": 4078986.5
    },
    "spectral_strongpeak": {
        "mean": 1.03629791737,
        "stdev": 1.42886865139
    },
    "zerocrossingrate": {
        "mean": 0.0711360648274,
        "stdev": 0.0601479224861
    },
    "barkbands": {
        "mean": [0.000101274803455, 0.0037371548824, 0.00387542019598, 0.00306763523258, 0.0027946436312, 0.00121336581651, 0.000694571644999, 0.00120389508083, 0.00166511442512, 0.000854359008372, 0.00055924494518, 0.000711725791916, 0.000751765095629, 0.000633409246802, 0.000493518542498, 0.000272699486231, 0.000401830475312, 0.000168190919794, 0.000241698100581, 0.0001437098108, 0.000166877856827, 0.00012994222925, 0.000157690985361, 0.000140595890116, 0.000110242210212, 0.000140396266943, 8.00381712907e-06],
        "stdev": [0.000327058398398, 0.00793022848666, 0.0108208823949, 0.00989235006273, 0.00487358029932, 0.00210036314093, 0.00144098594319, 0.00256599625573, 0.00432527530938, 0.00251091667451, 0.00156585604418, 0.00235503586009, 0.0024137373548, 0.00182865059469, 0.0014771836577, 0.000552783021703, 0.00092417007545, 0.000310213770717, 0.000491816550493, 0.000279024388874, 0.000360664766049, 0.000262560730334, 0.000498873996548, 0.000362372695236, 0.000251614023, 0.000388643151382, 2.400187077e-05]
    },
    "erbbands": {
        "mean": [0.0843870341778, 0.944433152676, 4.03035163879, 8.33243179321, 8.19317913055, 9.92011070251, 12.8143796921, 7.86197566986, 8.41834163666, 14.8811540604, 32.8120536804, 39.904838562, 22.9489307404, 34.1723442078, 24.8090953827, 28.2057437897, 34.3362808228, 38.8415641785, 31.7756481171, 15.3987903595, 20.204498291, 18.8128852844, 10.0001621246, 10.128162384, 11.9636287689, 7.00863170624, 4.68524456024, 8.01748275757, 4.59573316574, 4.4100317955, 4.50917863846, 3.48276996613, 1.98351037502, 1.03408396244, 0.921091020107, 0.720180988312, 0.235737144947, 0.0306676048785, 0.00126164464746, 6.12519725109e-05],
        "stdev": [0.178764328361, 2.16812109947, 10.9875059128, 22.698381424, 17.9048995972, 22.9973907471, 24.5100021362, 13.9909391403, 15.7283573151, 35.7138595581, 69.0874938965, 112.165405273, 57.8234291077, 101.98425293, 63.1334838867, 84.8738327026, 101.240280151, 110.04650116, 92.4954376221, 34.4586296082, 42.849571228, 35.3030700684, 18.3889312744, 17.9650993347, 25.8728599548, 13.7435865402, 8.9203414917, 18.0098400116, 9.23324775696, 12.4959945679, 14.8505764008, 9.50951957703, 5.00659275055, 2.31794691086, 2.23502516747, 1.95671594143, 0.668571829796, 0.0860212892294, 0.00380151858553, 0.000111402689072]
    },
    "gfcc": {
        "mean": [-51.7573013306, 83.4251098633, -124.399665833, 22.2256889343, -61.3493309021, 10.6064291, -41.9231300354, 4.84616422653, -25.9965343475, -1.29416632652, -20.6697349548, -3.51059746742, -13.1991739273],
        "cov": [[25808.2070312, -128.315582275, -654.981872559, 594.208557129, -774.854003906, 701.740600586, -390.688049316, 209.378128052, -483.512481689, 139.570083618, -508.035461426, 22.5192260742, -452.405487061], [-128.315582275, 1876.73120117, -519.335571289, 239.560195923, 302.129577637, -161.107376099, 299.239044189, -52.0378608704, 256.211853027, -67.4592895508, 163.932937622, -119.88394928, 158.479064941], [-654.981872559, -519.335571289, 1749.27880859, 247.791534424, 533.958984375, 371.261260986, 123.015533447, 290.945892334, 39.3229980469, 188.285064697, -151.954940796, 85.5050430298, -144.692947388], [594.208557129, 239.560195923, 247.791534424, 483.957733154, 170.027633667, 129.198120117, 118.950752258, 28.7256908417, 91.9287719727, -15.4811973572, -7.317029953, -27.8368206024, 2.7874724865], [-774.854003906, 302.129577637, 533.958984375, 170.027633667, 687.065002441, 87.3213500977, 215.938827515, 197.733032227, 108.571052551, 138.1171875, -26.8545951843, 16.304851532, -34.9555053711], [701.740600586, -161.107376099, 371.261260986, 129.198120117, 87.3213500977, 341.272369385, 93.0078582764, 134.210678101, 13.8368024826, 45.8596878052, -11.8594379425, 3.31067180634, -56.1336669922], [-390.688049316, 299.239044189, 123.015533447, 118.950752258, 215.938827515, 93.0078582764, 359.134765625, 108.770309448, 63.5051841736, 15.7992773056, 31.8791618347, 15.2966995239, -4.30452728271], [209.378128052, -52.0378608704, 290.945892334, 28.7256908417, 197.733032227, 134.210678101, 108.770309448, 250.100204468, 24.6800003052, 85.7467269897, -15.1373062134, 32.5102806091, -34.3749542236], [-483.512481689, 256.211853027, 39.3229980469, 91.9287719727, 108.571052551, 13.8368024826, 63.5051841736, 24.6800003052, 212.622619629, 42.6452484131, 42.2099266052, -16.9478626251, 41.076789856], [139.570083618, -67.4592895508, 188.285064697, -15.4811973572, 138.1171875, 45.8596878052, 15.7992773056, 85.7467269897, 42.6452484131, 156.278152466, -0.158206999302, 37.619354248, -29.1778888702], [-508.035461426, 163.932937622, -151.954940796, -7.317029953, -26.8545951843, -11.8594379425, 31.8791618347, -15.1373062134, 42.2099266052, -0.158206999302, 143.833328247, 10.7797136307, 53.8867645264], [22.5192260742, -119.88394928, 85.5050430298, -27.8368206024, 16.304851532, 3.31067180634, 15.2966995239, 32.5102806091, -16.9478626251, 37.619354248, 10.7797136307, 116.619720459, 12.04575634], [-452.405487061, 158.479064941, -144.692947388, 2.7874724865, -34.9555053711, -56.1336669922, -4.30452728271, -34.3749542236, 41.076789856, -29.1778888702, 53.8867645264, 12.04575634, 127.32384491]],
        "icov": [[7.28379163775e-05, -0.000104640166683, 0.000103392427263, -0.000164744764334, 0.000150844658492, -0.000210494574276, 0.000144420730066, -0.000117573748867, 0.000181060560863, -0.000240764900809, 0.00033092679223, -0.000184875927516, 0.000195752916625], [-0.000104640166683, 0.00133174273651, 0.000213231280213, -9.01381572476e-05, -0.000861694803461, 0.000735488894861, -0.000876949052326, 0.000321508938214, -0.000887679343577, 0.000653084309306, -0.00103768450208, 0.00118319306057, -0.000877003418282], [0.000103392427263, 0.000213231280213, 0.00144754408393, -0.000567043665797, -0.000663345388602, -0.00108714168891, 0.000358194578439, -0.000296580954455, -1.47587024912e-05, -0.000462557916762, 0.00117422605399, -0.000852554803714, 0.000512480037287], [-0.000164744764334, -9.01381572476e-05, -0.000567043665797, 0.00347315403633, -0.000773769046646, -0.000739158887882, -0.000559829524718, 0.00103087979369, -0.0012922945898, 0.0016571766464, -0.000307240348775, 0.000466108613182, -0.000589910836425], [0.000150844658492, -0.000861694803461, -0.000663345388602, -0.000773769046646, 0.00377490813844, 0.000537726155017, -0.000648761808407, -0.00150979915634, 0.000384843966458, -0.00239000492729, 0.00119055632968, 1.08676667878e-05, 0.000538751250133], [-0.000210494574276, 0.000735488894861, -0.00108714168891, -0.000739158887882, 0.000537726155017, 0.00605758512393, -0.00138717028312, -0.00179131003097, -0.000458986876765, 0.000369098008377, -0.00219920184463, 0.00182820414193, 0.000395548704546], [0.000144420730066, -0.000876949052326, 0.000358194578439, -0.000559829524718, -0.000648761808407, -0.00138717028312, 0.00497811334208, -0.00147168675903, 4.98242698086e-05, 0.000996135175228, -3.44555701304e-05, -0.00189494527876, 0.00141135614831], [-0.000117573748867, 0.000321508938214, -0.000296580954455, 0.00103087979369, -0.00150979915634, -0.00179131003097, -0.00147168675903, 0.00767424376681, -0.000231380166952, -0.00145265494939, -3.07866976073e-05, -0.000370980560547, -0.000569769181311], [0.000181060560863, -0.000887679343577, -1.47587024912e-05, -0.0012922945898, 0.000384843966458, -0.000458986876765, 4.98242698086e-05, -0.000231380166952, 0.00775080174208, -0.0034717512317, -0.000146360456711, 0.00121230911463, -0.00174661702476], [-0.000240764900809, 0.000653084309306, -0.000462557916762, 0.0016571766464, -0.00239000492729, 0.000369098008377, 0.000996135175228, -0.00145265494939, -0.0034717512317, 0.0122228851542, -0.00234843650833, -0.00239248201251, 0.00205909181386], [0.00033092679223, -0.00103768450208, 0.00117422605399, -0.000307240348775, 0.00119055632968, -0.00219920184463, -3.44555701304e-05, -3.07866976073e-05, -0.000146360456711, -0.00234843650833, 0.011535118334, -0.00227910396643, -0.00200090929866], [-0.000184875927516, 0.00118319306057, -0.000852554803714, 0.000466108613182, 1.08676667878e-05, 0.00182820414193, -0.00189494527876, -0.000370980560547, 0.00121230911463, -0.00239248201251, -0.00227910396643, 0.0123934159055, -0.00361121352762], [0.000195752916625, -0.000877003418282, 0.000512480037287, -0.000589910836425, 0.000538751250133, 0.000395548704546, 0.00141135614831, -0.000569769181311, -0.00174661702476, 0.00205909181386, -0.00200090929866, -0.00361121352762, 0.0126764634624]]
    },
    "melbands": {
        "mean": [0.000890959694516, 0.00184836401604, 0.00145158555824, 0.000617948593572, 0.000454993773019, 0.000184665594134, 0.000134536123369, 0.000173744978383, 0.000281139480649, 0.000240696288529, 0.000108797772555, 0.00013980314543, 8.23593436508e-05, 8.05027375463e-05, 6.84189362801e-05, 7.9804653069e-05, 6.88218206051e-05, 4.91181090183e-05, 2.86827435048e-05, 1.62283722602e-05, 2.69358406513e-05, 2.25646181207e-05, 1.16449700727e-05, 7.37697200748e-06, 7.91359525465e-06, 1.04829105112e-05, 6.59326906316e-06, 4.02965588364e-06, 2.37794233726e-06, 3.89151136915e-06, 5.00438363815e-06, 2.76222272078e-06, 2.00779072657e-06, 2.61127161139e-06, 2.69198426395e-06, 2.29677061725e-06, 2.06527306545e-06, 1.50369066887e-06, 9.37864967909e-07, 8.35652031128e-07],
        "stdev": [0.00180469430052, 0.00477735605091, 0.00375602394342, 0.0011804777896, 0.000833338650409, 0.000319804734318, 0.000250426615821, 0.000383182079531, 0.000595798308495, 0.000681328529026, 0.000295517034829, 0.000431728636613, 0.000211259786738, 0.000304263667203, 0.000198151261429, 0.000262192275841, 0.000206969431019, 0.000155657340656, 8.48816634971e-05, 3.56981654477e-05, 6.49825597066e-05, 4.91715727549e-05, 2.19005232793e-05, 1.4081808331e-05, 1.54862882482e-05, 2.20960737352e-05, 1.55043235281e-05, 8.71958582138e-06, 4.6771401685e-06, 8.97505560715e-06, 1.15072170956e-05, 5.67105871596e-06, 4.89423564431e-06, 8.30451517686e-06, 9.7490801636e-06, 6.5656076913e-06, 5.8530113165e-06, 4.00885164709e-06, 2.27582404477e-06, 1.93385449165e-06]
    },
    "melbands128": {
        "mean": [9.68571621343e-05, 0.00057985377498, 0.0011278684251, 0.00166267552413, 0.00200803112239, 0.00187485653441, 0.00180328579154, 0.00137426971924, 0.000734365254175, 0.000541129091289, 0.000571710581426, 0.000520394300111, 0.000502794340719, 0.000299993291264, 0.000154530906002, 0.000162117969012, 0.00010177520744, 0.000142365708598, 0.000120597353089, 0.000183802301763, 0.000134399786475, 0.000273642071988, 0.000312549847877, 0.000235109284404, 0.000327671761625, 0.000186325778486, 0.000173174426891, 6.39256832073e-05, 8.46154725878e-05, 0.000182317817234, 0.000148902225192, 7.96831955086e-05, 9.61123878369e-05, 5.08253942826e-05, 9.89017644315e-05, 8.252185944e-05, 6.87050924171e-05, 6.15153185208e-05, 7.42196571082e-05, 7.85365191405e-05, 6.56995907775e-05, 0.000103266895167, 8.94689947017e-05, 3.33919888362e-05, 3.53160285158e-05, 5.73124016228e-05, 6.73931353958e-05, 2.37269741774e-05, 1.53825385496e-05, 2.08043929888e-05, 1.45968106153e-05, 1.21054299598e-05, 2.41409034061e-05, 3.3483862353e-05, 3.56837517757e-05, 2.1037303668e-05, 1.06483748823e-05, 1.59214268933e-05, 1.05183835331e-05, 6.90111801305e-06, 7.07948356649e-06, 8.39521999296e-06, 5.67193001189e-06, 7.86652981333e-06, 1.1309738511e-05, 1.19293308671e-05, 9.10934249987e-06, 6.95831613484e-06, 5.96359359406e-06, 6.36171535007e-06, 4.42675718659e-06, 2.69874999503e-06, 2.16003650166e-06, 2.24954237638e-06, 2.61688910541e-06, 3.59264595318e-06, 4.5115825742e-06, 5.01357726534e-06, 5.57870180273e-06, 4.60340652353e-06, 2.98740656035e-06, 2.02367391466e-06, 1.76949140496e-06, 1.95136772163e-06, 2.2145704861e-06, 2.62085859504e-06, 2.67092377726e-06, 2.7604889965e-06, 2.83227109321e-06, 2.56244493357e-06, 2.29875377045e-06, 2.24628047363e-06, 2.22076323553e-06, 2.25066696657e-06, 1.82102837698e-06, 1.64729078733e-06, 1.4974775695e-06, 1.22710400774e-06, 9.09538982796e-07, 8.08878837688e-07, 7.86209398029e-07, 9.22007302506e-07, 7.23310563444e-07, 1.01165767319e-06, 1.02694161797e-06, 1.14300303267e-06, 1.10555640731e-06, 1.19712399282e-06, 1.34780759709e-06, 1.4984924519e-06, 1.01410216757e-06, 8.78705861851e-07, 7.16964905223e-07, 5.78496837988e-07, 4.32236362258e-07, 2.64499789182e-07, 1.81729816973e-07, 7.7384150643e-08, 5.8763315991e-08, 2.03458689896e-08, 9.36572064347e-09, 3.15636738968e-09, 1.00553398941e-09, 9.3502141793e-12, 3.1728899022e-12, 3.13305306178e-12, 3.1033016868e-12, 3.07737385921e-12],
        "stdev": [0.000312772899633, 0.00142945337575, 0.00241850153543, 0.00412031589076, 0.00573683530092, 0.00516190659255, 0.00515795405954, 0.00454552890733, 0.00159759749658, 0.00139859830961, 0.00178623374086, 0.00126815622207, 0.00113557826262, 0.000675780640449, 0.000373913586373, 0.00038774224231, 0.00024405302247, 0.000371830712538, 0.000323682645103, 0.000629714049865, 0.00043614563765, 0.000676654395647, 0.000908141082618, 0.000799541187007, 0.00127151806373, 0.000742613163311, 0.000697270152159, 0.000246945477556, 0.000372181850253, 0.000669112137984, 0.000593566801399, 0.000271906174021, 0.000316268939059, 0.000218918314204, 0.000523227092344, 0.000458797381725, 0.000289006420644, 0.00027633679565, 0.000341295031831, 0.000346051558154, 0.000383914913982, 0.000463433854748, 0.000359226600267, 0.000107082632894, 0.000161540214322, 0.000249701435678, 0.000274634599918, 0.000129193358589, 5.46296105313e-05, 7.11638058419e-05, 4.33791137766e-05, 3.72851245629e-05, 6.72363094054e-05, 0.00011678764713, 0.0001167089722, 5.95998790232e-05, 2.53060388786e-05, 3.48872927134e-05, 2.80491422018e-05, 2.38853808696e-05, 1.78910686373e-05, 1.79205708264e-05, 1.44568239193e-05, 2.2608168365e-05, 3.36923149007e-05, 3.18867860187e-05, 2.5540470233e-05, 3.08304806822e-05, 1.42204589793e-05, 1.53836899699e-05, 1.17721747301e-05, 6.17182831775e-06, 5.51636367163e-06, 4.74205808132e-06, 6.72118994771e-06, 9.33305454964e-06, 1.13984287964e-05, 1.40784859468e-05, 1.48132321556e-05, 1.09132524813e-05, 6.71111092743e-06, 4.88867271997e-06, 4.66625760964e-06, 5.28119335286e-06, 5.60059015697e-06, 8.2508131527e-06, 1.00399456642e-05, 1.06726129161e-05, 1.13191372293e-05, 1.05693252408e-05, 7.52029927753e-06, 6.43735666017e-06, 6.80870562064e-06, 7.06755145075e-06, 5.48509797227e-06, 4.86435646962e-06, 4.3022077989e-06, 3.22625305671e-06, 2.59082776211e-06, 1.97947838387e-06, 1.90045159343e-06, 2.31386366067e-06, 1.71913325175e-06, 2.62039134213e-06, 2.67026939582e-06, 3.06180231746e-06, 3.00460851577e-06, 3.28539158545e-06, 3.9349843064e-06, 4.46864260084e-06, 2.97535302707e-06, 2.63832134806e-06, 2.16743046622e-06, 1.72384466168e-06, 1.25427413877e-06, 7.71408338096e-07, 5.30904003426e-07, 2.78689753941e-07, 2.40494756554e-07, 9.93449162934e-08, 5.70726825799e-08, 2.3818145678e-08, 9.60659729543e-09, 1.18074827693e-10, 5.97266680558e-12, 5.88186660835e-12, 5.81673468072e-12, 5.7750583829e-12]
    },
    "mfcc": {
        "mean": [-685.729370117, 114.774681091, -7.62867546082, 12.94140625, -0.685701012611, 1.91655910015, -6.43536520004, 0.843502283096, -4.00052452087, 0.553734362125, -3.39898967743, -3.54151678085, -7.06359767914],
        "cov": [[13137.8916016, 109.500137329, 291.464263916, 155.841110229, -165.751708984, 341.133422852, 100.43926239, 167.661224365, -31.1648178101, 9.37187480927, 25.7959136963, -1.8974558115, -196.069061279], [109.500137329, 1566.09533691, -331.164642334, 334.451446533, 109.388778687, 54.0579872131, 88.6652374268, 65.0502090454, 150.455047607, 94.2992248535, 95.6710968018, 55.0653266907, 101.889656067], [291.464263916, -331.164642334, 954.823303223, 65.0806884766, 280.07901001, 188.119277954, 119.82308197, 135.090377808, 108.885803223, 116.630180359, 34.9099617004, 6.00986766815, 21.2848148346], [155.841110229, 334.451446533, 65.0806884766, 456.934753418, 163.818222046, 139.558532715, 90.1303710938, 95.3105773926, 133.203125, 71.9217910767, 19.3398323059, 26.1540775299, 83.0496902466], [-165.751708984, 109.388778687, 280.07901001, 163.818222046, 444.265930176, 103.620353699, 107.459877014, 48.3105316162, 138.804443359, 132.609298706, 53.8127746582, 33.8560142517, 75.8065032959], [341.133422852, 54.0579872131, 188.119277954, 139.558532715, 103.620353699, 235.338027954, 79.9414138794, 89.6810913086, 79.0739898682, 71.683052063, 46.0880851746, 26.2272262573, 22.83934021], [100.43926239, 88.6652374268, 119.82308197, 90.1303710938, 107.459877014, 79.9414138794, 305.221954346, 131.788543701, 105.4320755, 33.038734436, 82.8627624512, 43.9154205322, 55.2240638733], [167.661224365, 65.0502090454, 135.090377808, 95.3105773926, 48.3105316162, 89.6810913086, 131.788543701, 199.600830078, 97.7484359741, 46.8998565674, 42.4298782349, 33.2981491089, 47.4359703064], [-31.1648178101, 150.455047607, 108.885803223, 133.203125, 138.804443359, 79.0739898682, 105.4320755, 97.7484359741, 197.483322144, 95.1128692627, 57.1401977539, 26.584104538, 61.9885673523], [9.37187480927, 94.2992248535, 116.630180359, 71.9217910767, 132.609298706, 71.683052063, 33.038734436, 46.8998565674, 95.1128692627, 161.765686035, 60.5686035156, 25.7368354797, 31.7037181854], [25.7959136963, 95.6710968018, 34.9099617004, 19.3398323059, 53.8127746582, 46.0880851746, 82.8627624512, 42.4298782349, 57.1401977539, 60.5686035156, 133.503189087, 55.0361328125, 33.9177284241], [-1.8974558115, 55.0653266907, 6.00986766815, 26.1540775299, 33.8560142517, 26.2272262573, 43.9154205322, 33.2981491089, 26.584104538, 25.7368354797, 55.0361328125, 96.5175476074, 46.7565917969], [-196.069061279, 101.889656067, 21.2848148346, 83.0496902466, 75.8065032959, 22.83934021, 55.2240638733, 47.4359703064, 61.9885673523, 31.7037181854, 33.9177284241, 46.7565917969, 126.444786072]],
        "icov": [[8.40445572976e-05, -1.61928019224e-05, -2.42904861807e-05, -2.89618692477e-05, 5.57046223548e-05, -0.000111335386464, -1.762280408e-05, -4.33748027717e-05, 4.69491060358e-05, 4.83420137698e-07, 3.2877633771e-07, -4.12655972468e-05, 0.000169197533978], [-1.61928019224e-05, 0.000941703736316, 0.000470915721962, -0.000579736893997, -0.000124760656036, 9.51046822593e-05, 1.5694025933e-05, -7.07439903636e-05, -0.000235199127928, -0.00022083229851, -0.000482155650388, 9.12501564017e-05, -0.000138863455504], [-2.42904861807e-05, 0.000470915721962, 0.00183185620699, 0.000211403617868, -0.00103005860001, -0.000846056966111, -3.60955637007e-05, -0.00088545383187, 5.34883256478e-05, -0.000368486595107, 9.9996184872e-05, 0.00043496247963, 0.000132470318931], [-2.89618692477e-05, -0.000579736893997, 0.000211403617868, 0.00388689991087, -0.000684438273311, -0.00172231008764, -3.30156326527e-05, -0.00038321185275, -0.00106662453618, 0.0002145600738, 0.00143319182098, 0.000147054699482, -0.00125637825113], [5.57046223548e-05, -0.000124760656036, -0.00103005860001, -0.000684438273311, 0.00435201125219, -8.68077404448e-05, -0.00101407803595, 0.0018642754294, -0.0010693166405, -0.00207176874392, 0.000556331535336, -0.000338838755852, -0.00102034991141], [-0.000111335386464, 9.51046822593e-05, -0.000846056966111, -0.00172231008764, -8.68077404448e-05, 0.00717736640945, -0.000138513700222, -0.00135636422783, 4.57806745544e-05, -0.00111648754682, -0.00105943437666, -0.000570624717511, 0.00110200594645], [-1.762280408e-05, 1.5694025933e-05, -3.60955637007e-05, -3.30156326527e-05, -0.00101407803595, -0.000138513700222, 0.00586808938533, -0.00286184740253, -0.00119248230476, 0.00232589687221, -0.00281790317968, 9.92866116576e-05, -0.000147865357576], [-4.33748027717e-05, -7.07439903636e-05, -0.00088545383187, -0.00038321185275, 0.0018642754294, -0.00135636422783, -0.00286184740253, 0.00961887929589, -0.00262941862457, -0.000687042542268, 0.00101727514993, -0.0011882360559, -0.00121300306637], [4.69491060358e-05, -0.000235199127928, 5.34883256478e-05, -0.00106662453618, -0.0010693166405, 4.57806745544e-05, -0.00119248230476, -0.00262941862457, 0.0109190959483, -0.00353414844722, -0.000989667372778, 0.0015458331909, -0.00167908717413], [4.83420137698e-07, -0.00022083229851, -0.000368486595107, 0.0002145600738, -0.00207176874392, -0.00111648754682, 0.00232589687221, -0.000687042542268, -0.00353414844722, 0.0117689212784, -0.00375257153064, -4.06442131862e-06, 0.000575308338739], [3.2877633771e-07, -0.000482155650388, 9.9996184872e-05, 0.00143319182098, 0.000556331535336, -0.00105943437666, -0.00281790317968, 0.00101727514993, -0.000989667372778, -0.00375257153064, 0.0135948779061, -0.00556167261675, -2.62843459495e-05], [-4.12655972468e-05, 9.12501564017e-05, 0.00043496247963, 0.000147054699482, -0.000338838755852, -0.000570624717511, 9.92866116576e-05, -0.0011882360559, 0.0015458331909, -4.06442131862e-06, -0.00556167261675, 0.0159293692559, -0.00475398916751], [0.000169197533978, -0.000138863455504, 0.000132470318931, -0.00125637825113, -0.00102034991141, 0.00110200594645, -0.000147865357576, -0.00121300306637, -0.00167908717413, 0.000575308338739, -2.62843459495e-05, -0.00475398916751, 0.0124619435519]]
    },
    "spectral_contrast_coeffs": {
        "mean": [-0.661380529404, -0.752028942108, -0.755970954895, -0.771355211735, -0.779353439808, -0.767411470413],
        "stdev": [0.11406365782, 0.0846200957894, 0.0786219313741, 0.0627494975924, 0.0499659180641, 0.0622052177787]
    },
    "spectral_contrast_valleys": {
        "mean": [-7.69019412994, -7.33616161346, -8.02456474304, -8.22815513611, -8.33033752441, -10.7785634995],
        "stdev": [2.40781521797, 2.24481964111, 2.20096158981, 2.17262029648, 2.19849681854, 2.16498494148]
    }
},
"rhythm": {
    "beats_count": 424,
    "beats_loudness": {
        "mean": 0.0468731410801,
        "stdev": 0.0268213469535
    },
    "bpm": 110.230422974,
    "bpm_histogram_first_peak_bpm": 110,
    "bpm_histogram_first_peak_weight": 0.455882370472,
    "bpm_histogram_second_peak_bpm": 105,
    "bpm_histogram_second_peak_spread": 0.166666686535,
    "bpm_histogram_second_peak_weight": 0.0118203312159,
    "danceability": 1.25814092159,
    "onset_rate": 4.08531665802,
    "beats_loudness_band_ratio": {
        "mean": [0.593393921852, 0.095624551177, 0.0999941006303, 0.0902396813035, 0.0483283288777, 0.0864106491208],
        "stdev": [0.245943024755, 0.10116892308, 0.103322900832, 0.117415398359, 0.0503493584692, 0.0641527622938]
    },
    "beats_position": [0.487619042397, 0.99845802784, 1.50929701328, 2.02013611794, 2.54258489609, 3.07664394379, 3.62231278419, 4.17959165573, 4.73687076569, 5.28253936768, 5.83981847763, 6.38548755646, 6.94276618958, 7.50004529953, 8.04571437836, 8.59138298035, 9.13705158234, 9.682721138, 10.22838974, 10.774058342, 11.3081178665, 11.8537864685, 12.4226751328, 12.9683446884, 13.5140132904, 14.0712919235, 14.6285715103, 15.1742401123, 15.7199087143, 16.2655773163, 16.8228569031, 17.3685264587, 17.9258041382, 18.483083725, 19.0403633118, 19.574420929, 20.1084804535, 20.642539978, 21.1998176575, 21.7570972443, 22.3143768311, 22.8484344482, 23.405714035, 23.9629936218, 24.5202713013, 25.0659408569, 25.6232185364, 26.168888092, 26.7261676788, 27.2602272034, 27.8058948517, 28.3515644073, 28.8856239319, 29.4312915802, 29.988571167, 30.5342407227, 31.079908371, 31.6255779266, 32.171245575, 32.7169151306, 33.2509727478, 33.7966423035, 34.3539237976, 34.8995895386, 35.4452590942, 35.9793205261, 36.5249862671, 37.059047699, 37.5931053162, 38.1387748718, 38.6960525513, 39.2417221069, 39.7873916626, 40.3330612183, 40.8903388977, 41.4243965149, 41.9700660706, 42.5157356262, 43.0730133057, 43.6070747375, 44.1411323547, 44.6751937866, 45.2092514038, 45.743309021, 46.2773704529, 46.8114280701, 47.3687057495, 47.9143753052, 48.4600448608, 48.994102478, 49.5513839722, 50.0854415894, 50.6194992065, 51.1535606384, 51.7108383179, 52.2565078735, 52.8021774292, 53.3362350464, 53.8702926636, 54.4043540955, 54.9384117126, 55.4840812683, 56.029750824, 56.5754165649, 57.1210861206, 57.6551475525, 58.2124252319, 58.7580947876, 59.3037643433, 59.8494338989, 60.3950996399, 60.9407691956, 61.4864387512, 62.0204963684, 62.5661659241, 63.100227356, 63.6458930969, 64.1799545288, 64.7372360229, 65.2712936401, 65.8285675049, 66.3626327515, 66.9199066162, 67.4655761719, 68.0112457275, 68.5453033447, 69.1025848389, 69.6366424561, 70.1707000732, 70.6931533813, 71.2155990601, 71.7496566772, 72.2953262329, 72.8526077271, 73.3982772827, 73.9439468384, 74.489616394, 75.0352783203, 75.580947876, 76.1150131226, 76.6606826782, 77.2063446045, 77.7520141602, 78.2976837158, 78.8433532715, 79.3890228271, 79.9230804443, 80.4571380615, 80.9912033081, 81.5252609253, 82.070930481, 82.6166000366, 83.1506576538, 83.684715271, 84.2303848267, 84.7760543823, 85.321723938, 85.8673934937, 86.4130630493, 86.9587249756, 87.5043945312, 88.0384597778, 88.572517395, 89.1065750122, 89.6522445679, 90.1863021851, 90.7203598022, 91.2660293579, 91.8116989136, 92.3573684692, 92.9030380249, 93.460319519, 94.0175933838, 94.5632629395, 95.1089324951, 95.6546020508, 96.2002716064, 96.7459411621, 97.2916107178, 97.825668335, 98.3597259521, 98.8937835693, 99.439453125, 99.9851226807, 100.519180298, 101.064849854, 101.610519409, 102.156188965, 102.701858521, 103.259140015, 103.804801941, 104.350471497, 104.884536743, 105.41859436, 105.952651978, 106.486709595, 107.067207336, 107.636100769, 108.204986572, 108.773872375, 109.33115387, 109.888435364, 110.445709229, 110.991378784, 111.548660278, 112.094329834, 112.651611328, 113.208885193, 113.754554749, 114.311836243, 114.869110107, 115.414779663, 115.960449219, 116.517730713, 117.063400269, 117.620681763, 118.166343689, 118.723625183, 119.269294739, 119.814964294, 120.36063385, 120.906303406, 121.451972961, 122.009246826, 122.554916382, 123.112197876, 123.66947937, 124.226753235, 124.772422791, 125.318092346, 125.87537384, 126.432647705, 126.966712952, 127.512374878, 128.058044434, 128.603713989, 129.149383545, 129.706665039, 130.229110718, 130.774780273, 131.332061768, 131.889343262, 132.435012817, 132.980682373, 133.526351929, 134.072021484, 134.61769104, 135.163360596, 135.709014893, 136.254684448, 136.800354004, 137.34602356, 137.891693115, 138.437362671, 138.971420288, 139.528701782, 140.062759399, 140.608428955, 141.154098511, 141.711380005, 142.245437622, 142.779495239, 143.325164795, 143.870834351, 144.404891968, 144.938949585, 145.473007202, 146.018676758, 146.564346313, 147.098403931, 147.644073486, 148.189743042, 148.735412598, 149.281082153, 149.826751709, 150.372421265, 150.906478882, 151.452148438, 151.997817993, 152.543487549, 153.077545166, 153.623214722, 154.157272339, 154.691329956, 155.225387573, 155.759460449, 156.305114746, 156.850784302, 157.396453857, 157.942123413, 158.487792969, 159.033462524, 159.57913208, 160.124801636, 160.670471191, 161.216140747, 161.750198364, 162.284255981, 162.818313599, 163.363983154, 163.898040771, 164.443710327, 164.989379883, 165.535049438, 166.080718994, 166.62638855, 167.172058105, 167.717727661, 168.275009155, 168.832290649, 169.389572144, 169.935241699, 170.480911255, 171.014968872, 171.560638428, 172.106307983, 172.640365601, 173.174423218, 173.708480835, 174.254150391, 174.799819946, 175.345489502, 175.891159058, 176.436828613, 176.97088623, 177.516555786, 178.073822021, 178.619491577, 179.165161133, 179.710830688, 180.256500244, 180.790557861, 181.324615479, 181.858688354, 182.392745972, 182.926803589, 183.460861206, 184.006530762, 184.552200317, 185.097869873, 185.643539429, 186.177597046, 186.711654663, 187.257324219, 187.802993774, 188.34866333, 188.894332886, 189.428390503, 189.96244812, 190.508117676, 191.053787231, 191.599456787, 192.145126343, 192.67918396, 193.224853516, 193.770523071, 194.304580688, 194.850250244, 195.3959198, 195.953201294, 196.510467529, 197.044525146, 197.578598022, 198.11265564, 198.646713257, 199.192382812, 199.738052368, 200.272109985, 200.806167603, 201.34022522, 201.885894775, 202.431564331, 202.977233887, 203.522903442, 204.05696106, 204.602630615, 205.148300171, 205.693969727, 206.239639282, 206.773696899, 207.319366455, 207.865036011, 208.399093628, 208.944763184, 209.478820801, 210.024490356, 210.570159912, 211.127426147, 211.673095703, 212.230377197, 212.764434814, 213.31010437, 213.855773926, 214.41305542, 214.947113037, 215.481170654, 216.015228271, 216.549285889, 217.083358765, 217.617416382, 218.163085938, 218.720352173, 219.266021729, 219.811691284, 220.345748901, 220.891418457, 221.437088013, 221.982757568, 222.528427124, 223.07409668, 223.608154297, 224.153823853, 224.699493408, 225.233551025, 225.767608643, 226.313278198, 226.858947754, 227.40461731, 227.950286865, 228.507568359, 229.064849854, 229.633743286, 230.260681152, 230.887619019],
    "bpm_histogram": [0, 0, 0, 0, 0, 0, 0, 0, 0, 0, 0, 0, 0, 0, 0, 0, 0, 0, 0, 0, 0, 0, 0, 0, 0, 0, 0, 0, 0, 0, 0, 0, 0, 0, 0, 0, 0, 0, 0, 0, 0, 0, 0, 0, 0, 0, 0, 0, 0, 0, 0, 0, 0, 0, 0, 0, 0, 0, 0, 0, 0, 0, 0, 0, 0, 0, 0, 0, 0, 0, 0, 0, 0, 0, 0, 0, 0, 0, 0, 0, 0, 0, 0, 0, 0, 0, 0, 0, 0, 0, 0, 0, 0, 0, 0, 0, 0.00472813239321, 0, 0, 0, 0, 0, 0, 0.00236406619661, 0, 0.0118203312159, 0, 0, 0.165484637022, 0, 0.524822711945, 0, 0.274231672287, 0, 0, 0.00945626478642, 0, 0.00709219835699, 0, 0, 0, 0, 0, 0, 0, 0, 0, 0, 0, 0, 0, 0, 0, 0, 0, 0, 0, 0, 0, 0, 0, 0, 0, 0, 0, 0, 0, 0, 0, 0, 0, 0, 0, 0, 0, 0, 0, 0, 0, 0, 0, 0, 0, 0, 0, 0, 0, 0, 0, 0, 0, 0, 0, 0, 0, 0, 0, 0, 0, 0, 0, 0, 0, 0, 0, 0, 0, 0, 0, 0, 0, 0, 0, 0, 0, 0, 0, 0, 0, 0, 0, 0, 0, 0, 0, 0, 0, 0, 0, 0, 0, 0, 0, 0, 0, 0, 0, 0, 0, 0, 0, 0, 0, 0, 0, 0, 0, 0, 0, 0, 0, 0, 0, 0, 0, 0, 0, 0, 0, 0, 0, 0, 0, 0, 0, 0, 0, 0, 0, 0]
},
"tonal": {
    "chords_changes_rate": 0.0741929039359,
    "chords_number_rate": 0.00200521363877,
    "chords_strength": {
        "mean": 0.495048761368,
        "stdev": 0.144418567419
    },
    "hpcp_crest": {
        "mean": 14.4306764603,
        "stdev": 7.37769889832
    },
    "hpcp_entropy": {
        "mean": 1.88140821457,
        "stdev": 0.769216775894
    },
    "key_edma": {
        "strength": 0.763795554638,
        "key": "D",
        "scale": "major"
    },
    "key_krumhansl": {
        "strength": 0.774419605732,
        "key": "D",
        "scale": "major"
    },
    "key_temperley": {
        "strength": 0.789391219616,
        "key": "D",
        "scale": "major"
    },
    "tuning_diatonic_strength": 0.678094089031,
    "tuning_equal_tempered_deviation": 0.263033211231,
    "tuning_frequency": 434.193115234,
    "tuning_nontempered_energy_ratio": 0.948585927486,
    "hpcp": {
        "mean": [0.196461826563, 0.230085164309, 0.126383036375, 0.0790546908975, 0.0741359442472, 0.0782492831349, 0.150927066803, 0.190527409315, 0.121680393815, 0.0699080824852, 0.0467733331025, 0.0380502231419, 0.0928484648466, 0.12678360939, 0.102568812668, 0.181789368391, 0.224318772554, 0.143790110946, 0.111047364771, 0.097751647234, 0.100152924657, 0.193502128124, 0.232742980123, 0.138076484203, 0.0734997615218, 0.0596266724169, 0.0598553493619, 0.123042747378, 0.158381476998, 0.135332167149, 0.192071840167, 0.162610664964, 0.0590240806341, 0.0598311647773, 0.079232826829, 0.0940942466259],
        "stdev": [0.285491913557, 0.315230637789, 0.22183252871, 0.191870182753, 0.190776631236, 0.195828229189, 0.23670168221, 0.281308174133, 0.218274831772, 0.172417625785, 0.136446401477, 0.116768531501, 0.190131023526, 0.237783998251, 0.196437954903, 0.276805907488, 0.322152376175, 0.243222489953, 0.229778423905, 0.210124507546, 0.220823779702, 0.281453698874, 0.326416343451, 0.234681263566, 0.176306590438, 0.154005333781, 0.159530177712, 0.223398774862, 0.262596398592, 0.214621409774, 0.278961151838, 0.267322391272, 0.141239926219, 0.143294528127, 0.174306184053, 0.190268352628]
    },
    "chords_histogram": [27.7321033478, 4.33126115799, 25.466211319, 0.0601564049721, 0.461199104786, 0.30078202486, 0.962502479553, 0, 0.260677754879, 0, 0, 0, 0, 0.0401042699814, 0, 1.74453580379, 0.180469214916, 2.52656912804, 0.0200521349907, 2.98776817322, 1.18307602406, 14.0565471649, 9.42450332642, 8.26147937775],
    "thpcp": [1, 0.593257367611, 0.3157979846, 0.256191074848, 0.257173597813, 0.528663635254, 0.680499494076, 0.581466138363, 0.825253009796, 0.698670566082, 0.253601968288, 0.257069677114, 0.34043058753, 0.404283940792, 0.84411495924, 0.988580465317, 0.543015480042, 0.339665204287, 0.318531394005, 0.336204707623, 0.64847099781, 0.818617224693, 0.522810161114, 0.300366014242, 0.200965598226, 0.163486018777, 0.398931324482, 0.544736564159, 0.440695613623, 0.781073451042, 0.963804662228, 0.617806434631, 0.477124452591, 0.419998258352, 0.430315554142, 0.831398367882],
    "chords_key": "D",
    "chords_scale": "major"
}
}