{
"metadata": {
    "version": {
        "essentia": "2.1-dev",
        "essentia_git_sha": "v2.1_beta3-415-gd5473f3",
        "extractor": "music 2.0"
    },
    "audio_properties": {
        "analysis": {
            "equal_loudness": 0,
            "length": 143.412246704,
            "sample_rate": 44100,
            "start_time": 0,
            "downmix": "mix"
        },
        "bit_rate": 192000,
        "length": 143.412246704,
        "lossless": 0,
        "number_channels": 2,
        "replay_gain": -9.65714645386,
        "sample_rate": 44100,
        "codec": "mp3",
        "md5_encoded": "bbb511e38f67f75eecd41c01e3f1558e"
    },
    "tags": {
        "file_name": "otis_redding-that_s_how_strong_my_love_is.mp3",
        "album": ["Dreams To Remember (The very best of Otis Red"],
        "artist": ["Otis Redding"],
        "genre": ["blues"],
        "title": ["11 That's How Strong My Love Is"]
    }
},
"lowlevel": {
    "average_loudness": 0.88949906826,
    "barkbands_crest": {
        "mean": 10.5181865692,
        "stdev": 4.05593156815
    },
    "barkbands_flatness_db": {
        "mean": 0.162696868181,
        "stdev": 0.0500076524913
    },
    "barkbands_kurtosis": {
        "mean": 5.70876264572,
        "stdev": 9.6667766571
    },
    "barkbands_skewness": {
        "mean": 1.6231597662,
        "stdev": 1.20652830601
    },
    "barkbands_spread": {
        "mean": 16.0974597931,
        "stdev": 11.6440944672
    },
    "dissonance": {
        "mean": 0.449858278036,
        "stdev": 0.0362500324845
    },
    "dynamic_complexity": 4.75232934952,
    "erbbands_crest": {
        "mean": 9.56091976166,
        "stdev": 5.09774589539
    },
    "erbbands_flatness_db": {
        "mean": 0.176920756698,
        "stdev": 0.0448764301836
    },
    "erbbands_kurtosis": {
        "mean": 1.11459743977,
        "stdev": 3.49563622475
    },
    "erbbands_skewness": {
        "mean": 0.557744145393,
        "stdev": 0.866068959236
    },
    "erbbands_spread": {
        "mean": 33.185508728,
        "stdev": 16.5538654327
    },
    "hfc": {
        "mean": 12.7088518143,
        "stdev": 17.0060939789
    },
    "loudness_ebu128": {
        "integrated": -15.6994457245,
        "loudness_range": 4.02691841125,
        "momentary": {
            "mean": -18.8178882599,
            "stdev": 13.862455368
        },
        "short_term": {
            "mean": -16.9617652893,
            "stdev": 6.18099594116
        }
    },
    "melbands_crest": {
        "mean": 14.0060968399,
        "stdev": 5.27971744537
    },
    "melbands_flatness_db": {
        "mean": 0.223381862044,
        "stdev": 0.0658786967397
    },
    "melbands_kurtosis": {
        "mean": 12.5111923218,
        "stdev": 17.1352767944
    },
    "melbands_skewness": {
        "mean": 2.37777638435,
        "stdev": 1.52161133289
    },
    "melbands_spread": {
        "mean": 17.9158535004,
        "stdev": 15.0655651093
    },
    "pitch_salience": {
        "mean": 0.568481862545,
        "stdev": 0.114112921059
    },
    "silence_rate_20dB": {
        "mean": 1,
        "stdev": 0
    },
    "silence_rate_30dB": {
        "mean": 0.997086465359,
        "stdev": 0.0538981556892
    },
    "silence_rate_60dB": {
        "mean": 0.133538365364,
        "stdev": 0.340149015188
    },
    "spectral_centroid": {
        "mean": 1103.02661133,
        "stdev": 854.970092773
    },
    "spectral_complexity": {
        "mean": 14.2567176819,
        "stdev": 8.69386291504
    },
    "spectral_decrease": {
        "mean": -4.77452788417e-09,
        "stdev": 4.69909444689e-09
    },
    "spectral_energy": {
        "mean": 0.019172905013,
        "stdev": 0.0189937353134
    },
    "spectral_energyband_high": {
        "mean": 0.00021725971601,
        "stdev": 0.000384772138204
    },
    "spectral_energyband_low": {
        "mean": 0.00438330275938,
        "stdev": 0.00628591887653
    },
    "spectral_energyband_middle_high": {
        "mean": 0.00497405603528,
        "stdev": 0.0104421060532
    },
    "spectral_energyband_middle_low": {
        "mean": 0.01031144429,
        "stdev": 0.0125893419608
    },
    "spectral_entropy": {
        "mean": 7.2883181572,
        "stdev": 0.469775766134
    },
    "spectral_flux": {
        "mean": 0.0609848536551,
        "stdev": 0.0497009195387
    },
    "spectral_kurtosis": {
        "mean": 6.18536043167,
        "stdev": 4.52911996841
    },
    "spectral_rms": {
        "mean": 0.00381176709197,
        "stdev": 0.00204344419762
    },
    "spectral_rolloff": {
        "mean": 1160.26635742,
        "stdev": 1605.13989258
    },
    "spectral_skewness": {
        "mean": 1.77061164379,
        "stdev": 0.594509541988
    },
    "spectral_spread": {
        "mean": 3983659.75,
        "stdev": 2782091
    },
    "spectral_strongpeak": {
        "mean": 1.02778255939,
        "stdev": 1.51366066933
    },
    "zerocrossingrate": {
        "mean": 0.0467171669006,
        "stdev": 0.0426789708436
    },
    "barkbands": {
        "mean": [5.62076229471e-06, 0.00176394521259, 0.00206871540286, 0.00117239949759, 0.00353909470141, 0.00153080211021, 0.000795428524725, 0.00175978534389, 0.00126293557696, 0.00138101901393, 0.000512823287863, 0.000975574192125, 0.000474492000649, 0.000420453725383, 0.000364976789569, 0.000274662976153, 0.000217607215745, 0.000202125389478, 0.000189499667613, 9.844746819e-05, 7.78281319072e-05, 3.29032918671e-05, 1.76278608706e-05, 1.74685683305e-05, 1.14800586744e-05, 5.07849244968e-06, 1.14253325023e-07],
        "stdev": [1.97796016437e-05, 0.00260832905769, 0.0038166011218, 0.00259048631415, 0.00625699386001, 0.00227763736621, 0.00156497361604, 0.0061922040768, 0.00407134043053, 0.00583721371368, 0.0022934791632, 0.00362395937555, 0.0020216293633, 0.00179183867294, 0.00143488519825, 0.000863316527102, 0.000552721612621, 0.000478505098727, 0.000346422224538, 0.000201971110073, 0.000169114791788, 6.98843068676e-05, 3.60405028914e-05, 4.72151768918e-05, 4.41678712377e-05, 1.67223824974e-05, 4.34328399024e-07]
    },
    "erbbands": {
        "mean": [0.0167288184166, 0.524641275406, 2.3718290329, 3.13152098656, 6.33405780792, 15.0499658585, 11.2398443222, 14.6727981567, 10.3037843704, 18.3941326141, 45.5640983582, 25.5488586426, 39.0694770813, 34.8176689148, 24.0697021484, 35.9502220154, 22.2314891815, 23.4370727539, 20.5019626617, 15.2562036514, 15.6970243454, 13.3585500717, 11.5891447067, 10.6939477921, 7.54764461517, 4.80607938766, 3.9387140274, 2.44916844368, 1.34311497211, 0.649713993073, 0.506043553352, 0.368836253881, 0.281461268663, 0.148303985596, 0.0733677744865, 0.0313183963299, 0.00732099916786, 0.000825227703899, 2.86056620098e-05, 2.31795092986e-05],
        "stdev": [0.0196472425014, 0.779748260975, 4.12717533112, 6.10952472687, 12.1257219315, 28.2795066833, 15.7973651886, 25.7716140747, 17.6725387573, 43.0264968872, 162.613739014, 70.9589996338, 140.812713623, 129.661590576, 82.5409851074, 138.543945312, 80.5248260498, 101.417892456, 71.8893737793, 55.563331604, 46.1904830933, 32.2076835632, 26.8496341705, 20.1168346405, 14.2554111481, 9.45678901672, 9.46702480316, 4.66385650635, 2.92552280426, 1.23705232143, 1.08350539207, 0.904090225697, 0.855472505093, 0.556848883629, 0.285182654858, 0.117302924395, 0.0224769711494, 0.00222763000056, 5.56922095711e-05, 2.30457444559e-05]
    },
    "gfcc": {
        "mean": [-67.7121276855, 115.095527649, -121.882598877, 26.4526386261, -56.9648361206, 5.21137046814, -37.4070091248, 6.02143526077, -26.2542037964, 0.410200536251, -17.6229000092, -2.98380756378, -9.47448825836],
        "cov": [[21674.8769531, 1808.20092773, -2191.19970703, 140.475708008, -642.153259277, -191.870803833, -392.467468262, 63.9190101624, -342.907104492, -150.241363525, -283.694580078, -131.95135498, -123.025177002], [1808.20092773, 1071.9407959, 60.1259918213, 44.2612304688, 87.2471694946, -106.789634705, 38.8502044678, -108.888221741, 12.4455070496, -95.7717666626, 31.7060585022, -76.909614563, 0.0254522822797], [-2191.19970703, 60.1259918213, 904.47644043, 151.178741455, 80.0638656616, 114.843605042, 59.9215545654, -35.6979103088, 13.4950904846, 6.30143976212, 18.0979995728, -26.101568222, -21.2793731689], [140.475708008, 44.2612304688, 151.178741455, 465.86126709, 132.979827881, -21.8887233734, -45.2835769653, 7.76103878021, 9.08064079285, -8.23330974579, 18.014913559, -64.4898071289, -21.8271331787], [-642.153259277, 87.2471694946, 80.0638656616, 132.979827881, 285.00189209, 22.9762878418, 34.8380699158, 12.4431581497, 19.2657794952, -20.7335319519, 37.1430625916, -12.0884160995, -0.993413090706], [-191.870803833, -106.789634705, 114.843605042, -21.8887233734, 22.9762878418, 217.375808716, 65.697265625, 21.9849872589, -10.1721458435, 23.7029762268, -4.45468139648, 3.87295603752, -6.08185148239], [-392.467468262, 38.8502044678, 59.9215545654, -45.2835769653, 34.8380699158, 65.697265625, 168.360168457, 21.4673938751, 5.33305931091, 4.68147039413, 8.48566532135, -5.19192218781, -12.7878141403], [63.9190101624, -108.888221741, -35.6979103088, 7.76103878021, 12.4431581497, 21.9849872589, 21.4673938751, 175.263320923, 30.004699707, 6.93442392349, -10.2439260483, 8.40221881866, -13.1196174622], [-342.907104492, 12.4455070496, 13.4950904846, 9.08064079285, 19.2657794952, -10.1721458435, 5.33305931091, 30.004699707, 98.3712844849, 21.2257118225, 8.81321430206, 1.12976586819, 10.0882472992], [-150.241363525, -95.7717666626, 6.30143976212, -8.23330974579, -20.7335319519, 23.7029762268, 4.68147039413, 6.93442392349, 21.2257118225, 90.5113449097, 16.0896644592, 5.6064324379, -3.97143626213], [-283.694580078, 31.7060585022, 18.0979995728, 18.014913559, 37.1430625916, -4.45468139648, 8.48566532135, -10.2439260483, 8.81321430206, 16.0896644592, 96.0824432373, 21.8725547791, 8.87559890747], [-131.95135498, -76.909614563, -26.101568222, -64.4898071289, -12.0884160995, 3.87295603752, -5.19192218781, 8.40221881866, 1.12976586819, 5.6064324379, 21.8725547791, 100.566230774, 32.6514091492], [-123.025177002, 0.0254522822797, -21.2793731689, -21.8271331787, -0.993413090706, -6.08185148239, -12.7878141403, -13.1196174622, 10.0882472992, -3.97143626213, 8.87559890747, 32.6514091492, 69.0409622192]],
        "icov": [[0.0001488506241, -0.000420678814407, 0.000401893747039, -0.000276597536867, 0.000376619951567, -0.000355001044227, 0.000305765192024, -0.000260439584963, 0.000483557145344, -0.000217278211494, 0.000364506791811, -0.000266163231572, 0.000278969353531], [-0.000420678814407, 0.00250680418685, -0.00119992299005, 0.000896304147318, -0.00126681406982, 0.00159047963098, -0.00136557104997, 0.0014728740789, -0.00186074804515, 0.00194689189084, -0.00164787680842, 0.00179831706919, -0.000942923303228], [0.000401893747039, -0.00119992299005, 0.00242552300915, -0.00123946252279, 0.00100655644201, -0.00171533995308, 0.000502815935761, -0.00022019566677, 0.000918660603929, -0.000488473975565, 0.000913682102691, -0.000869086652528, 0.00111820001621], [-0.000276597536867, 0.000896304147318, -0.00123946252279, 0.00365432212129, -0.00208445545286, 0.00106807367411, 0.000704157224391, 5.88648945268e-05, -0.000728004670236, 0.000337472039973, -0.00128264795057, 0.00248120329343, -0.000396964373067], [0.000376619951567, -0.00126681406982, 0.00100655644201, -0.00208445545286, 0.00572424009442, -0.00155922130216, -0.000200377064175, -0.000866092334036, 0.00033130007796, 0.000939676072448, -0.000678793003317, -0.000827069452498, 0.000550178927369], [-0.000355001044227, 0.00159047963098, -0.00171533995308, 0.00106807367411, -0.00155922130216, 0.00713395839557, -0.00280921836384, 0.000148891005665, 0.000166410056408, -0.000886738125701, -0.000203403702471, 0.000837604922708, -0.00115552602801], [0.000305765192024, -0.00136557104997, 0.000502815935761, 0.000704157224391, -0.000200377064175, -0.00280921836384, 0.00843773595989, -0.00153846747708, 0.000823762791697, -0.000660189427435, 2.85938021989e-05, 3.57007738785e-05, 0.00176418479532], [-0.000260439584963, 0.0014728740789, -0.00022019566677, 5.88648945268e-05, -0.000866092334036, 0.000148891005665, -0.00153846747708, 0.00761260278523, -0.00357144605368, 0.00131784752011, 0.000173336797161, -0.000624245905783, 0.00151901820209], [0.000483557145344, -0.00186074804515, 0.000918660603929, -0.000728004670236, 0.00033130007796, 0.000166410056408, 0.000823762791697, -0.00357144605368, 0.0141287911683, -0.004625860136, 0.00112646317575, -0.000138771632919, -0.00200110697187], [-0.000217278211494, 0.00194689189084, -0.000488473975565, 0.000337472039973, 0.000939676072448, -0.000886738125701, -0.000660189427435, 0.00131784752011, -0.004625860136, 0.0149597413838, -0.00387280015275, 0.000963684229646, 0.00121037405916], [0.000364506791811, -0.00164787680842, 0.000913682102691, -0.00128264795057, -0.000678793003317, -0.000203403702471, 2.85938021989e-05, 0.000173336797161, 0.00112646317575, -0.00387280015275, 0.013873537071, -0.00441575748846, 0.000454223336419], [-0.000266163231572, 0.00179831706919, -0.000869086652528, 0.00248120329343, -0.000827069452498, 0.000837604922708, 3.57007738785e-05, -0.000624245905783, -0.000138771632919, 0.000963684229646, -0.00441575748846, 0.0153106618673, -0.0066059678793], [0.000278969353531, -0.000942923303228, 0.00111820001621, -0.000396964373067, 0.000550178927369, -0.00115552602801, 0.00176418479532, 0.00151901820209, -0.00200110697187, 0.00121037405916, 0.000454223336419, -0.0066059678793, 0.0191500708461]]
    },
    "melbands": {
        "mean": [0.000316575984471, 0.00108734797686, 0.000623719824944, 0.000792394275777, 0.000465219374746, 0.000312049756758, 0.000160581155797, 0.000231493017054, 0.000373456336092, 0.000152807653649, 0.00020563211001, 0.000154771827511, 7.24219717085e-05, 0.000107454696263, 6.56316333334e-05, 4.97864639328e-05, 4.21654294769e-05, 3.275653944e-05, 2.79412506643e-05, 1.72916934389e-05, 1.75801542355e-05, 1.44688456203e-05, 1.03123320514e-05, 9.78060052148e-06, 8.78472292243e-06, 5.79773222853e-06, 4.20769674747e-06, 3.01549766846e-06, 2.64705863628e-06, 1.93076039068e-06, 1.20810057069e-06, 8.20980062599e-07, 4.79133859699e-07, 3.17309655884e-07, 3.13871055369e-07, 2.35350526623e-07, 2.15298939565e-07, 2.06751295195e-07, 1.57299297143e-07, 1.13846027716e-07],
        "stdev": [0.00042693503201, 0.00173285626806, 0.00107200525235, 0.00159631273709, 0.00063129782211, 0.000515862426255, 0.000266445247689, 0.000633788469713, 0.00134421943221, 0.000419099204009, 0.000772988714743, 0.000605055887718, 0.000278190680547, 0.000449879036751, 0.000263552443357, 0.000218314569793, 0.000193145577214, 0.000119243857625, 0.000116844777949, 5.87950053159e-05, 5.00074711454e-05, 3.54445037374e-05, 2.78543320746e-05, 2.6445279218e-05, 1.69878112501e-05, 1.12580264613e-05, 8.77302863955e-06, 6.17798787061e-06, 6.88860200171e-06, 4.01008264816e-06, 2.37364884015e-06, 1.89438628695e-06, 1.04652679056e-06, 6.1182635136e-07, 6.77776995417e-07, 5.92573883296e-07, 5.38904146197e-07, 5.9866221136e-07, 6.02418140261e-07, 4.40340983232e-07]
    },
    "melbands128": {
        "mean": [4.34998401033e-06, 4.05851351388e-05, 0.000324264896335, 0.00105922447983, 0.00133007089607, 0.000909497786779, 0.000594951503444, 0.000609270238783, 0.000534311111551, 0.000787778466474, 0.00108723691665, 0.000574950361624, 0.000361791229807, 0.000244760507485, 0.000374302821001, 0.000318415346555, 0.00018216992612, 0.000109411834273, 0.000174509259523, 0.000177085981704, 0.000234295555856, 0.000402362755267, 0.000464189623017, 0.000288431881927, 7.65689474065e-05, 0.000173752036062, 0.000146460341057, 0.000171698789927, 0.000326978391968, 0.000153945627972, 0.000119393102068, 8.94858094398e-05, 5.47344316146e-05, 5.68884424865e-05, 0.000127797378809, 0.000111057568574, 9.91262568277e-05, 7.56705703679e-05, 3.27091038343e-05, 4.24221252615e-05, 5.6973334722e-05, 5.7012821344e-05, 3.8061531086e-05, 3.95164934162e-05, 3.60526828445e-05, 2.38422890106e-05, 3.89055603591e-05, 3.50289337803e-05, 2.12123741221e-05, 1.52815882757e-05, 1.26890145111e-05, 2.53142443398e-05, 2.08532183024e-05, 1.24025200421e-05, 1.39481126098e-05, 1.78762875294e-05, 1.19304913824e-05, 8.93823380466e-06, 1.03423244582e-05, 1.13338792289e-05, 1.05701828943e-05, 7.94190782472e-06, 8.12037887954e-06, 1.13581136247e-05, 5.83356813877e-06, 5.04464424012e-06, 5.53985637453e-06, 6.48696368444e-06, 2.84591442323e-06, 3.02358080262e-06, 3.10055793307e-06, 2.96070402328e-06, 2.96290409096e-06, 2.73634009318e-06, 2.05205969905e-06, 2.11586802834e-06, 1.7652915858e-06, 1.58417356033e-06, 1.04335697415e-06, 9.44094210809e-07, 9.37828474434e-07, 7.48715422105e-07, 6.1341035007e-07, 4.70740133096e-07, 3.41328700415e-07, 3.073044752e-07, 2.97003651895e-07, 3.52320483898e-07, 3.56835499815e-07, 2.51581127486e-07, 2.25218457217e-07, 2.3415920225e-07, 2.46846013852e-07, 2.14113285324e-07, 1.976951296e-07, 2.01284365176e-07, 2.22797808647e-07, 1.93974670992e-07, 1.60998339993e-07, 1.32496751348e-07, 1.35520181743e-07, 1.05814237372e-07, 9.6436998831e-08, 9.33059212116e-08, 7.97110217832e-08, 7.56813776093e-08, 7.23738864394e-08, 6.25869063242e-08, 5.38549613793e-08, 4.65303315877e-08, 3.68926507122e-08, 2.85863688276e-08, 1.94872491477e-08, 1.42629463795e-08, 1.2366464297e-08, 8.6628499929e-09, 4.45200498689e-09, 4.67726524178e-10, 7.63523966274e-12, 2.82826691754e-12, 2.75862839516e-12, 2.70350191886e-12, 2.6460283617e-12, 2.59924070115e-12, 2.56464814663e-12, 2.53808606077e-12, 2.51912011216e-12, 2.50261183304e-12],
        "stdev": [1.5846640963e-05, 6.36655604467e-05, 0.000422623066697, 0.00169911514968, 0.00238034431823, 0.00173202960286, 0.00135979976039, 0.00124150980264, 0.00112929695752, 0.00232558650896, 0.00236755167134, 0.000950620567892, 0.000640842539724, 0.00043827315676, 0.000755053362809, 0.000648162444122, 0.000451670348411, 0.000244269234827, 0.000411548273405, 0.000550434750039, 0.000948731321841, 0.00192463945132, 0.0020368383266, 0.00162035017274, 0.000411970482673, 0.000432623870438, 0.000801584625151, 0.000758057984058, 0.00184916856233, 0.000824871938676, 0.000708124251105, 0.000447803322459, 0.000407348008594, 0.000308336107992, 0.000688681844622, 0.000705440994352, 0.000517355510965, 0.000398107105866, 0.000233530867263, 0.00023244957265, 0.000326964101987, 0.000402113510063, 0.00025522543001, 0.000278773513855, 0.00017390382709, 0.000114653266792, 0.000210492929909, 0.000193445375771, 0.000116197254101, 9.05604247237e-05, 5.00333917444e-05, 0.000124369820696, 8.1879850768e-05, 4.82916439069e-05, 3.70315829059e-05, 5.05481766595e-05, 4.30153195339e-05, 3.57059725502e-05, 3.13411946991e-05, 3.21465631714e-05, 3.83637925552e-05, 3.29849972331e-05, 1.95726097445e-05, 2.72600645985e-05, 1.64760840562e-05, 1.34972333399e-05, 1.2443815649e-05, 1.66572808666e-05, 7.55556357035e-06, 8.22365291242e-06, 7.36500533094e-06, 6.61777357891e-06, 8.45557860885e-06, 9.2675054475e-06, 6.34813568468e-06, 4.95302174386e-06, 3.94861262976e-06, 3.65530422641e-06, 2.45785440711e-06, 2.2135461677e-06, 2.68624103228e-06, 1.91674075722e-06, 1.70397686361e-06, 1.14421641229e-06, 7.79614026669e-07, 6.69909070439e-07, 6.13227939539e-07, 7.39155609608e-07, 8.64330502282e-07, 6.47998263048e-07, 6.44312535769e-07, 6.27427198197e-07, 6.81088010879e-07, 5.89120190853e-07, 5.07754123191e-07, 5.96847655743e-07, 6.91811976594e-07, 6.74168745718e-07, 7.19957768069e-07, 5.52029746359e-07, 5.23428695942e-07, 4.52496550452e-07, 4.3538844352e-07, 3.39512098435e-07, 3.11431108457e-07, 3.52115733904e-07, 3.18984632486e-07, 2.33720939491e-07, 2.15427235162e-07, 1.83769415685e-07, 1.21876752246e-07, 9.43790112728e-08, 6.11393247141e-08, 3.9857280143e-08, 3.07801570898e-08, 2.522793352e-08, 1.63997864178e-08, 2.07059880353e-09, 1.40255113079e-10, 5.1858387376e-12, 5.05795058614e-12, 4.94664552375e-12, 4.84895804065e-12, 4.76514400854e-12, 4.69564448088e-12, 4.64065114461e-12, 4.5998608568e-12, 4.57400783915e-12]
    },
    "mfcc": {
        "mean": [-700.18572998, 143.221939087, -7.52105426788, 23.7051753998, -0.834989547729, 1.62741339207, -1.41831314564, -0.749707043171, -1.54137778282, -0.640178859234, -3.26991891861, -1.11140990257, -6.768679142],
        "cov": [[10956.1025391, 997.147460938, -1041.10888672, 217.087890625, -165.450653076, -184.293914795, -45.9460449219, 25.3532543182, 8.8250875473, -32.7549743652, -24.5477771759, -54.837436676, -84.1010284424], [997.147460938, 1250.14904785, 72.8975753784, 102.919761658, 4.10595178604, 44.3557395935, 25.4355125427, 22.7128181458, -20.1800270081, -21.2116985321, -17.9316978455, 9.68423652649, -29.1910877228], [-1041.10888672, 72.8975753784, 704.505981445, 70.2187271118, 56.5970687866, 112.126167297, 47.5776367188, -4.10773658752, -2.84928536415, 37.0397911072, 0.368969529867, 3.73444795609, -17.9350585938], [217.087890625, 102.919761658, 70.2187271118, 409.461547852, 150.660430908, 5.25548934937, 13.2330989838, 0.501824200153, -23.9158935547, 44.6492385864, 7.73583269119, -10.5012903214, 2.49413752556], [-165.450653076, 4.10595178604, 56.5970687866, 150.660430908, 252.445297241, 29.7228107452, 29.1291332245, 24.2147006989, -1.00023686886, 28.1825618744, 0.735844671726, 5.82314634323, 1.90488243103], [-184.293914795, 44.3557395935, 112.126167297, 5.25548934937, 29.7228107452, 191.754364014, 61.8559341431, -11.0572299957, 3.36148047447, 0.998647630215, 4.9303855896, 12.3256206512, -7.72104787827], [-45.9460449219, 25.4355125427, 47.5776367188, 13.2330989838, 29.1291332245, 61.8559341431, 159.880737305, 44.6302223206, 3.93795061111, 20.4229316711, 17.2498111725, 18.2537155151, -5.47552728653], [25.3532543182, 22.7128181458, -4.10773658752, 0.501824200153, 24.2147006989, -11.0572299957, 44.6302223206, 124.646347046, 37.5961952209, 2.86297369003, 14.2057571411, 7.51151323318, 6.6500120163], [8.8250875473, -20.1800270081, -2.84928536415, -23.9158935547, -1.00023686886, 3.36148047447, 3.93795061111, 37.5961952209, 101.993385315, 28.3070888519, 14.9125146866, -2.95499062538, -2.40219378471], [-32.7549743652, -21.2116985321, 37.0397911072, 44.6492385864, 28.1825618744, 0.998647630215, 20.4229316711, 2.86297369003, 28.3070888519, 102.138305664, 36.1126365662, -1.80094361305, -8.49685955048], [-24.5477771759, -17.9316978455, 0.368969529867, 7.73583269119, 0.735844671726, 4.9303855896, 17.2498111725, 14.2057571411, 14.9125146866, 36.1126365662, 89.3425598145, 21.442937851, 4.70574140549], [-54.837436676, 9.68423652649, 3.73444795609, -10.5012903214, 5.82314634323, 12.3256206512, 18.2537155151, 7.51151323318, -2.95499062538, -1.80094361305, 21.442937851, 74.9442672729, 22.7723026276], [-84.1010284424, -29.1910877228, -17.9350585938, 2.49413752556, 1.90488243103, -7.72104787827, -5.47552728653, 6.6500120163, -2.40219378471, -8.49685955048, 4.70574140549, 22.7723026276, 64.9426269531]],
        "icov": [[0.000125034726807, -9.89288819255e-05, 0.000200011156267, -0.000118262360047, 0.000109273438284, 2.44872189796e-05, -2.02623941732e-05, -1.13143678391e-05, -4.41421907453e-05, -1.07522855615e-05, 2.77603576251e-05, 1.03901202237e-05, 0.000167693404364], [-9.89288819255e-05, 0.000940857222304, -0.000202028575586, -0.000222646587645, 0.000125698061311, -0.000208789439057, 3.84975901397e-05, -0.000288591283606, 0.000162645199453, 0.000222986724111, 0.000171282401425, -0.000326435401803, 0.000389082269976], [0.000200011156267, -0.000202028575586, 0.00195454014465, -0.000344297179254, 9.09132504603e-05, -0.000883223721758, -3.54750227416e-05, -0.000108537940832, 0.000129983644001, -0.000656461867038, 0.000344940082869, -9.1191381216e-05, 0.000547560106497], [-0.000118262360047, -0.000222646587645, -0.000344297179254, 0.00361172552221, -0.00207453267649, 0.000249653181527, 7.57348752813e-05, 0.000152101987624, 0.00110971392132, -0.00125049357302, -0.000275042024441, 0.00089402316371, -0.000821803638246], [0.000109273438284, 0.000125698061311, 9.09132504603e-05, -0.00207453267649, 0.00559214316308, -0.000793988525402, -9.75163202384e-05, -0.00126785703469, 0.000184802149306, -0.000930526002776, 0.000965103972703, -0.00074998504715, 0.000244111273787], [2.44872189796e-05, -0.000208789439057, -0.000883223721758, 0.000249653181527, -0.000793988525402, 0.00708620483056, -0.00297606014647, 0.00227371114306, -0.0013001547195, 0.00141363462899, -0.000483873882331, -0.000485901895445, 0.000408687978052], [-2.02623941732e-05, 3.84975901397e-05, -3.54750227416e-05, 7.57348752813e-05, -9.75163202384e-05, -0.00297606014647, 0.00895264092833, -0.00389675027691, 0.00177333795, -0.00203271443024, -9.89906257018e-05, -0.00160014617722, 0.00114915170707], [-1.13143678391e-05, -0.000288591283606, -0.000108537940832, 0.000152101987624, -0.00126785703469, 0.00227371114306, -0.00389675027691, 0.0114860069007, -0.00467164069414, 0.00240363157354, -0.00144687574357, 0.000234311752138, -0.00121301214676], [-4.41421907453e-05, 0.000162645199453, 0.000129983644001, 0.00110971392132, 0.000184802149306, -0.0013001547195, 0.00177333795, -0.00467164069414, 0.0130519820377, -0.00427861977369, -0.000246928771958, 0.000768852827605, 0.000148387989611], [-1.07522855615e-05, 0.000222986724111, -0.000656461867038, -0.00125049357302, -0.000930526002776, 0.00141363462899, -0.00203271443024, 0.00240363157354, -0.00427861977369, 0.0144319133833, -0.00539001543075, 0.00120043172501, 0.00143046851736], [2.77603576251e-05, 0.000171282401425, 0.000344940082869, -0.000275042024441, 0.000965103972703, -0.000483873882331, -9.89906257018e-05, -0.00144687574357, -0.000246928771958, -0.00539001543075, 0.014763969928, -0.00423983018845, -2.46942418016e-05], [1.03901202237e-05, -0.000326435401803, -9.1191381216e-05, 0.00089402316371, -0.00074998504715, -0.000485901895445, -0.00160014617722, 0.000234311752138, 0.000768852827605, 0.00120043172501, -0.00423983018845, 0.0170882884413, -0.00588680664077], [0.000167693404364, 0.000389082269976, 0.000547560106497, -0.000821803638246, 0.000244111273787, 0.000408687978052, 0.00114915170707, -0.00121301214676, 0.000148387989611, 0.00143046851736, -2.46942418016e-05, -0.00588680664077, 0.0184942279011]]
    },
    "spectral_contrast_coeffs": {
        "mean": [-0.701632916927, -0.74130743742, -0.742446184158, -0.780693590641, -0.795118093491, -0.766205132008],
        "stdev": [0.0749804675579, 0.0831325650215, 0.0808799192309, 0.0567641034722, 0.0468555241823, 0.0445425100625]
    },
    "spectral_contrast_valleys": {
        "mean": [-7.14927768707, -7.23759269714, -7.98658800125, -8.32252311707, -8.35646438599, -11.2940349579],
        "stdev": [1.91329085827, 1.88064885139, 1.84958207607, 1.83893442154, 1.82363259792, 1.55008268356]
    }
},
"rhythm": {
    "beats_count": 387,
    "beats_loudness": {
        "mean": 0.0300372820348,
        "stdev": 0.0213894490153
    },
    "bpm": 162.995178223,
    "bpm_histogram_first_peak_bpm": 161,
    "bpm_histogram_first_peak_weight": 0.250909090042,
    "bpm_histogram_second_peak_bpm": 167,
    "bpm_histogram_second_peak_spread": 0,
    "bpm_histogram_second_peak_weight": 0.215025901794,
    "danceability": 1.23388683796,
    "onset_rate": 3.52786183357,
    "beats_loudness_band_ratio": {
        "mean": [0.300216138363, 0.269248306751, 0.232200145721, 0.147934034467, 0.0714265406132, 0.0278496928513],
        "stdev": [0.218646004796, 0.178881779313, 0.19956561923, 0.183288902044, 0.0744288638234, 0.0283222086728]
    },
    "beats_position": [0.348299324512, 0.708208620548, 1.07972788811, 1.46285712719, 1.8575963974, 2.24072551727, 2.63546490669, 3.01859402657, 3.40172338486, 3.79646253586, 4.17959165573, 4.5627207756, 4.94585037231, 5.31736946106, 5.6888885498, 6.06040811539, 6.44353723526, 6.81505680084, 7.19818592072, 7.56970500946, 7.95283412933, 8.33596324921, 8.70748329163, 9.07900238037, 9.45052146912, 9.83365058899, 10.2167797089, 10.5882987976, 10.95981884, 11.3313379288, 11.7028570175, 12.0743761063, 12.445895195, 12.8174142838, 13.1889343262, 13.5604534149, 13.9319725037, 14.3151016235, 14.6866207123, 15.0581407547, 15.4180498123, 15.7895689011, 16.1610889435, 16.5326080322, 16.904127121, 17.2756462097, 17.6471652985, 18.0186843872, 18.390203476, 18.7617225647, 19.1332416534, 19.5047607422, 19.8762817383, 20.247800827, 20.6193199158, 20.9908390045, 21.3623580933, 21.733877182, 22.1170063019, 22.4885253906, 22.8600444794, 23.2315635681, 23.614692688, 23.9862117767, 24.3577327728, 24.7292518616, 25.1123809814, 25.4955101013, 25.8670291901, 26.2501583099, 26.6100673676, 26.9931964874, 27.3763256073, 27.747844696, 28.1309738159, 28.5024929047, 28.8856239319, 29.2571430206, 29.6286621094, 30.0001811981, 30.3717002869, 30.7432193756, 31.1147384644, 31.4978675842, 31.8809967041, 32.264125824, 32.6240348816, 32.9839439392, 33.3438529968, 33.7153739929, 34.0868911743, 34.4700202942, 34.8531494141, 35.2246704102, 35.5961914062, 35.9677085876, 36.3508377075, 36.7339668274, 37.1054878235, 37.4886169434, 37.8601341248, 38.2432632446, 38.6263923645, 38.9979133606, 39.369430542, 39.7525634766, 40.124080658, 40.4956016541, 40.8671188354, 41.2386398315, 41.5985488892, 41.9584579468, 42.3299751282, 42.7014961243, 43.0730133057, 43.4445343018, 43.8044433594, 44.1759643555, 44.5358734131, 44.919002533, 45.2905197144, 45.6736488342, 46.0451698303, 46.4166870117, 46.7882080078, 47.1597251892, 47.5312461853, 47.9027671814, 48.2742843628, 48.6458053589, 49.0173225403, 49.3888435364, 49.7719726562, 50.1551017761, 50.5266189575, 50.8981399536, 51.269657135, 51.6411781311, 52.0126991272, 52.3958282471, 52.7789573669, 53.1504745483, 53.5219955444, 53.8935127258, 54.2650337219, 54.6481628418, 55.0196800232, 55.3795890808, 55.7511100769, 56.122631073, 56.4941482544, 56.8656692505, 57.2371864319, 57.608707428, 57.9802246094, 58.3517456055, 58.7232627869, 59.094783783, 59.4663009644, 59.8378219604, 60.1977310181, 60.5576400757, 60.9407691956, 61.3238983154, 61.7070274353, 62.0901565552, 62.4500656128, 62.8215866089, 63.2047157288, 63.5762329102, 63.9477539062, 64.3308868408, 64.714012146, 65.0855331421, 65.4570541382, 65.8285675049, 66.200088501, 66.5832214355, 66.9431304932, 67.3146438599, 67.686164856, 68.0460739136, 68.4175949097, 68.8007278442, 69.1722412109, 69.543762207, 69.9152832031, 70.2984085083, 70.6699295044, 71.053062439, 71.4245758057, 71.7960968018, 72.1676177979, 72.5391387939, 72.91065979, 73.2821731567, 73.6653060913, 74.0484313965, 74.4199523926, 74.7914733887, 75.1629943848, 75.5345077515, 75.9060287476, 76.2659378052, 76.6374588013, 77.0089797974, 77.368888855, 77.7404098511, 78.1119232178, 78.4834442139, 78.85496521, 79.2264862061, 79.5979995728, 79.9695205688, 80.3410415649, 80.6893386841, 81.0492477417, 81.4091567993, 81.7574615479, 82.1173706055, 82.4772796631, 82.8371887207, 83.1970977783, 83.5686187744, 83.928527832, 84.2884368896, 84.6367340088, 85.0082550049, 85.3797683716, 85.7396774292, 86.0995864868, 86.4595031738, 86.8194122314, 87.1677093506, 87.5160064697, 87.8643035889, 88.2126083374, 88.5609054565, 88.9208145142, 89.2807235718, 89.6522445679, 90.0121536255, 90.3720626831, 90.7203598022, 91.0686569214, 91.4053497314, 91.7536468506, 92.1135559082, 92.4734649658, 92.8333740234, 93.1932830811, 93.5531921387, 93.9247131348, 94.2962341309, 94.64453125, 95.0044403076, 95.3643493652, 95.7242584229, 96.0841674805, 96.4556884766, 96.8272094727, 97.1987304688, 97.5702438354, 97.9301605225, 98.3016738892, 98.6731948853, 99.0447158813, 99.4278411865, 99.7993621826, 100.170883179, 100.542404175, 100.913917542, 101.26222229, 101.610519409, 101.935600281, 102.260681152, 102.585754395, 102.910835266, 103.235916138, 103.549385071, 103.862854004, 104.222763062, 104.594284058, 104.977409363, 105.348930359, 105.720451355, 106.10358429, 106.486709595, 106.858230591, 107.229751587, 107.601264954, 107.97278595, 108.344306946, 108.715827942, 109.087341309, 109.458862305, 109.830383301, 110.201904297, 110.585029602, 110.94493866, 111.316459656, 111.676368713, 112.036277771, 112.407798767, 112.779319763, 113.15083313, 113.510749817, 113.882263184, 114.242172241, 114.602081299, 114.961990356, 115.333511353, 115.705032349, 116.076553345, 116.448066711, 116.807983398, 117.179496765, 117.551017761, 117.910926819, 118.282447815, 118.642356873, 119.00226593, 119.373786926, 119.733695984, 120.10521698, 120.465126038, 120.836639404, 121.196548462, 121.55645752, 121.927978516, 122.287887573, 122.647796631, 123.007705688, 123.356010437, 123.715919495, 124.075828552, 124.43573761, 124.795646667, 125.155555725, 125.527069092, 125.898590088, 126.270111084, 126.64163208, 127.001541138, 127.373062134, 127.721359253, 128.081268311, 128.452789307, 128.824310303, 129.195831299, 129.555740356, 129.915649414, 130.28717041, 130.647079468, 131.006988525, 131.366897583, 131.726806641, 132.086715698, 132.458221436, 132.818145752, 133.189651489, 133.549560547, 133.909469604, 134.269378662, 134.640899658, 135.000808716, 135.372329712, 135.743850708, 136.126983643, 136.498504639, 136.858413696, 137.229934692, 137.601455688, 137.984573364, 138.367706299, 138.750839233, 139.145568848, 139.528701782, 139.900222778, 140.271743774, 140.643264771, 141.014785767, 141.397918701, 141.781036377, 142.164169312, 142.547302246, 142.930435181],
    "bpm_histogram": [0, 0, 0, 0, 0, 0, 0, 0, 0, 0, 0, 0, 0, 0, 0, 0, 0, 0, 0, 0, 0, 0, 0, 0, 0, 0, 0, 0, 0, 0, 0, 0, 0, 0, 0, 0, 0, 0, 0, 0, 0, 0, 0, 0, 0, 0, 0, 0, 0, 0, 0, 0, 0, 0, 0, 0, 0, 0, 0, 0, 0, 0, 0, 0, 0, 0, 0, 0, 0, 0, 0, 0, 0, 0, 0, 0, 0, 0, 0, 0, 0, 0, 0, 0, 0, 0, 0, 0, 0, 0, 0, 0, 0, 0, 0, 0, 0, 0, 0, 0, 0, 0, 0, 0, 0, 0, 0, 0, 0, 0, 0, 0, 0, 0, 0, 0, 0, 0, 0, 0, 0, 0, 0, 0, 0, 0, 0, 0, 0, 0, 0, 0, 0, 0, 0, 0, 0, 0, 0, 0, 0, 0, 0, 0, 0, 0, 0, 0, 0, 0, 0, 0, 0.0103626940399, 0, 0, 0, 0, 0.178756475449, 0, 0, 0, 0.476683944464, 0.056994818151, 0, 0, 0, 0, 0.215025901794, 0, 0, 0, 0, 0.0414507761598, 0, 0, 0, 0, 0, 0.00259067350999, 0, 0, 0, 0, 0, 0, 0.0129533680156, 0, 0, 0, 0, 0, 0.00518134701997, 0, 0, 0, 0, 0, 0, 0, 0, 0, 0, 0, 0, 0, 0, 0, 0, 0, 0, 0, 0, 0, 0, 0, 0, 0, 0, 0, 0, 0, 0, 0, 0, 0, 0, 0, 0, 0, 0, 0, 0, 0, 0, 0, 0, 0, 0, 0, 0, 0, 0, 0, 0, 0, 0, 0, 0, 0, 0]
},
"tonal": {
    "chords_changes_rate": 0.0462783165276,
    "chords_number_rate": 0.00226537208073,
    "chords_strength": {
        "mean": 0.581597447395,
        "stdev": 0.133875593543
    },
    "hpcp_crest": {
        "mean": 14.1792097092,
        "stdev": 7.300552845
    },
    "hpcp_entropy": {
        "mean": 1.88991618156,
        "stdev": 0.764526188374
    },
    "key_edma": {
        "strength": 0.830115973949,
        "key": "A#",
        "scale": "major"
    },
    "key_krumhansl": {
        "strength": 0.844256460667,
        "key": "A#",
        "scale": "major"
    },
    "key_temperley": {
        "strength": 0.857950389385,
        "key": "A#",
        "scale": "major"
    },
    "tuning_diatonic_strength": 0.713006675243,
    "tuning_equal_tempered_deviation": 0.0976857468486,
    "tuning_frequency": 451.065460205,
    "tuning_nontempered_energy_ratio": 0.77372688055,
    "hpcp": {
        "mean": [0.10356964916, 0.0983973741531, 0.226742312312, 0.333558470011, 0.186935812235, 0.0656393095851, 0.0457349233329, 0.0350584760308, 0.0620206333697, 0.122940979898, 0.120339103043, 0.0842519402504, 0.0678459629416, 0.0504967272282, 0.0716893896461, 0.155650496483, 0.15555717051, 0.156390070915, 0.198609545827, 0.111052565277, 0.0404687747359, 0.0463752038777, 0.0644518435001, 0.181374117732, 0.304993957281, 0.201587483287, 0.0619082339108, 0.0464315749705, 0.0519481264055, 0.0862999558449, 0.130666509271, 0.111935675144, 0.0721938759089, 0.0677063539624, 0.0717539340258, 0.0822816491127],
        "stdev": [0.201906129718, 0.179768830538, 0.309444904327, 0.394752562046, 0.257318943739, 0.170336216688, 0.13345323503, 0.102240651846, 0.143765345216, 0.236621439457, 0.22340478003, 0.200127631426, 0.173741519451, 0.156049624085, 0.156823515892, 0.245038747787, 0.235568419099, 0.258717745543, 0.352071225643, 0.207053124905, 0.103018417954, 0.11627536267, 0.143572956324, 0.263301372528, 0.356557488441, 0.27000144124, 0.143564239144, 0.130052268505, 0.145848542452, 0.194675371051, 0.236288920045, 0.202566832304, 0.168787539005, 0.166692435741, 0.192196533084, 0.203198194504]
    },
    "chords_histogram": [45.6957931519, 3.59223294258, 13.1067962646, 0.517799377441, 0.226537212729, 0, 0.388349503279, 0, 0.291262149811, 0, 0.711974084377, 0, 0.485436886549, 0, 0, 0.0323624610901, 0.0647249221802, 0.711974084377, 0.0647249221802, 5.59870529175, 0, 1.42394816875, 20.4854373932, 6.60194158554],
    "thpcp": [1, 0.560428917408, 0.196785017848, 0.137112170458, 0.105104438961, 0.185936316848, 0.368573993444, 0.360773652792, 0.252585232258, 0.203400507569, 0.151387929916, 0.214923009276, 0.466636329889, 0.466356515884, 0.468853533268, 0.595426499844, 0.332932829857, 0.121324382722, 0.139031708241, 0.193225026131, 0.543755114079, 0.914364278316, 0.604354262352, 0.185599341989, 0.13920070231, 0.155739188194, 0.258725136518, 0.391734957695, 0.335580378771, 0.216435447335, 0.202981963754, 0.215116515756, 0.246678337455, 0.310499221087, 0.294992893934, 0.679767787457],
    "chords_key": "A#",
    "chords_scale": "major"
}
}