{
"metadata": {
    "version": {
        "essentia": "2.1-dev",
        "essentia_git_sha": "v2.1_beta3-415-gd5473f3",
        "extractor": "music 2.0"
    },
    "audio_properties": {
        "analysis": {
            "equal_loudness": 0,
            "length": 282.592651367,
            "sample_rate": 44100,
            "start_time": 0,
            "downmix": "mix"
        },
        "bit_rate": 192000,
        "length": 282.592651367,
        "lossless": 0,
        "number_channels": 2,
        "replay_gain": -6.92733573914,
        "sample_rate": 44100,
        "codec": "mp3",
        "md5_encoded": "cb5781ed59561c7e4b326545ee748e6a"
    },
    "tags": {
        "file_name": "pattie_labelle-if_only_you_knew.mp3"
    }
},
"lowlevel": {
    "average_loudness": 0.373347103596,
    "barkbands_crest": {
        "mean": 11.0004072189,
        "stdev": 4.4747543335
    },
    "barkbands_flatness_db": {
        "mean": 0.247151046991,
        "stdev": 0.074472039938
    },
    "barkbands_kurtosis": {
        "mean": 8.76223182678,
        "stdev": 19.8357868195
    },
    "barkbands_skewness": {
        "mean": 1.35158014297,
        "stdev": 1.5766146183
    },
    "barkbands_spread": {
        "mean": 9.51677799225,
        "stdev": 8.83093070984
    },
    "dissonance": {
        "mean": 0.406511187553,
        "stdev": 0.0626426264644
    },
    "dynamic_complexity": 5.32533979416,
    "erbbands_crest": {
        "mean": 13.4506168365,
        "stdev": 5.85734939575
    },
    "erbbands_flatness_db": {
        "mean": 0.251822531223,
        "stdev": 0.0626109465957
    },
    "erbbands_kurtosis": {
        "mean": 5.57680034637,
        "stdev": 8.15638065338
    },
    "erbbands_skewness": {
        "mean": 1.10523724556,
        "stdev": 1.39913666248
    },
    "erbbands_spread": {
        "mean": 19.4658565521,
        "stdev": 14.9204778671
    },
    "hfc": {
        "mean": 11.0403757095,
        "stdev": 16.2071018219
    },
    "loudness_ebu128": {
        "integrated": -18.3379688263,
        "loudness_range": 10.8972330093,
        "momentary": {
            "mean": -21.329826355,
            "stdev": 6.89502716064
        },
        "short_term": {
            "mean": -20.2396030426,
            "stdev": 5.32612705231
        }
    },
    "melbands_crest": {
        "mean": 13.1407251358,
        "stdev": 4.92707920074
    },
    "melbands_flatness_db": {
        "mean": 0.328006774187,
        "stdev": 0.0900471284986
    },
    "melbands_kurtosis": {
        "mean": 11.1998853683,
        "stdev": 19.6885871887
    },
    "melbands_skewness": {
        "mean": 1.66909170151,
        "stdev": 1.54085969925
    },
    "melbands_spread": {
        "mean": 13.2767763138,
        "stdev": 14.3476848602
    },
    "pitch_salience": {
        "mean": 0.560021281242,
        "stdev": 0.124982915819
    },
    "silence_rate_20dB": {
        "mean": 1,
        "stdev": 0
    },
    "silence_rate_30dB": {
        "mean": 0.996467292309,
        "stdev": 0.0593330599368
    },
    "silence_rate_60dB": {
        "mean": 0.191998034716,
        "stdev": 0.393870949745
    },
    "spectral_centroid": {
        "mean": 774.115661621,
        "stdev": 642.221679688
    },
    "spectral_complexity": {
        "mean": 8.88563919067,
        "stdev": 4.35737371445
    },
    "spectral_decrease": {
        "mean": -4.54059279065e-09,
        "stdev": 5.15960651981e-09
    },
    "spectral_energy": {
        "mean": 0.0181386005133,
        "stdev": 0.0205854531378
    },
    "spectral_energyband_high": {
        "mean": 6.73575414112e-05,
        "stdev": 0.000230593504966
    },
    "spectral_energyband_low": {
        "mean": 0.00436566863209,
        "stdev": 0.00941964052618
    },
    "spectral_energyband_middle_high": {
        "mean": 0.00448531331494,
        "stdev": 0.0105520347133
    },
    "spectral_energyband_middle_low": {
        "mean": 0.00988597795367,
        "stdev": 0.0122246965766
    },
    "spectral_entropy": {
        "mean": 6.36577177048,
        "stdev": 0.630215346813
    },
    "spectral_flux": {
        "mean": 0.0570810995996,
        "stdev": 0.050144456327
    },
    "spectral_kurtosis": {
        "mean": 19.9129734039,
        "stdev": 26.9214515686
    },
    "spectral_rms": {
        "mean": 0.00363449542783,
        "stdev": 0.0021181947086
    },
    "spectral_rolloff": {
        "mean": 835.958129883,
        "stdev": 986.681152344
    },
    "spectral_skewness": {
        "mean": 2.98297572136,
        "stdev": 1.78952288628
    },
    "spectral_spread": {
        "mean": 2729890.5,
        "stdev": 1692945.5
    },
    "spectral_strongpeak": {
        "mean": 1.35021674633,
        "stdev": 2.10502648354
    },
    "zerocrossingrate": {
        "mean": 0.0324399732053,
        "stdev": 0.0274267718196
    },
    "barkbands": {
        "mean": [5.05421485286e-05, 0.00180335319601, 0.00195538019761, 0.00113560259342, 0.0026063141413, 0.00265406840481, 0.00161528866738, 0.000644702580757, 0.00104158977047, 0.000573361874558, 0.00107533612754, 0.000651627779007, 0.000647077395115, 0.000478440662846, 0.000265972805209, 0.000164140990819, 0.000310265488224, 0.000189770813449, 0.000172628584551, 5.50435179321e-05, 1.56675178005e-05, 1.44069490489e-05, 7.35760886528e-06, 6.04247770752e-06, 3.34648507305e-06, 1.25538281281e-06, 8.23790458071e-08],
        "stdev": [0.000134523434099, 0.00486412504688, 0.00431405194104, 0.00287095620297, 0.0046055954881, 0.00526911765337, 0.00377796217799, 0.00156215240713, 0.00477328849956, 0.00342025584541, 0.00611276226118, 0.00398674700409, 0.00341552472673, 0.00235691457056, 0.00127303658519, 0.000760283437558, 0.00140013021883, 0.000781508802902, 0.000599595194217, 0.000187313533388, 5.08386801812e-05, 9.32455805014e-05, 3.51900962414e-05, 6.64343679091e-05, 2.6441677619e-05, 6.20896389592e-06, 8.97071174677e-07]
    },
    "erbbands": {
        "mean": [0.0380455218256, 0.463747084141, 2.07896971703, 3.18921494484, 5.54571247101, 9.17574691772, 17.6236476898, 21.2688846588, 19.9664516449, 24.3094520569, 14.6427288055, 24.2625541687, 19.770778656, 24.148311615, 42.2525405884, 26.0694656372, 31.5029373169, 23.9442939758, 13.9742860794, 17.6512069702, 9.45734119415, 17.7342395782, 10.9004116058, 10.1562824249, 6.03666210175, 2.78950762749, 0.877320230007, 0.496629923582, 0.570664823055, 0.325231403112, 0.201681479812, 0.137839853764, 0.095300540328, 0.047760643065, 0.0190623085946, 0.00700904941186, 0.00200132327154, 0.000314131437335, 2.03494018933e-05, 2.12312443182e-05],
        "stdev": [0.095037125051, 1.31642663479, 4.95447874069, 6.98181390762, 11.4476957321, 17.3341579437, 37.5497589111, 43.1622962952, 47.1872901917, 63.7300682068, 35.4257621765, 122.732894897, 98.1677780151, 134.387252808, 225.022247314, 137.191070557, 167.772644043, 110.131698608, 66.8500366211, 74.7502441406, 36.1766357422, 80.0638809204, 46.5337371826, 31.062171936, 23.7770709991, 9.62473392487, 2.56380724907, 1.99871444702, 3.89764356613, 1.44468152523, 1.08225619793, 1.30929636955, 1.16572058201, 0.461221426725, 0.122000657022, 0.0342866666615, 0.0110622709617, 0.00209121825173, 0.000133899011416, 2.42251680902e-05]
    },
    "gfcc": {
        "mean": [-127.566894531, 156.874511719, -100.630050659, 23.0482788086, -57.6515274048, -14.9642868042, -35.9498786926, 4.15787649155, -20.5990047455, -5.32140350342, -7.42205142975, -6.77141523361, -6.42509746552],
        "cov": [[13348.390625, -1368.12072754, -2021.79211426, 499.36138916, 626.912109375, 722.136779785, -202.824401855, 341.605407715, -231.233200073, 204.489486694, 76.8901062012, 234.990997314, -414.105255127], [-1368.12072754, 1417.30444336, 632.866088867, -288.425872803, -41.6369285583, -310.742858887, 213.521957397, -15.2659244537, 115.695289612, -180.912475586, 93.4339523315, -121.397232056, 155.154907227], [-2021.79211426, 632.866088867, 1484.80688477, -101.103431702, -472.614440918, -124.908966064, 19.3078193665, 62.6215133667, 103.732574463, -53.9421005249, -0.163288220763, -70.8709259033, 158.214675903], [499.36138916, -288.425872803, -101.103431702, 445.820678711, 94.0316390991, -6.79263067245, -46.0809249878, 65.0330123901, 47.2401657104, 9.81602573395, -16.8182430267, 63.1967163086, -22.2404327393], [626.912109375, -41.6369285583, -472.614440918, 94.0316390991, 531.803039551, 65.7174835205, 14.1630105972, -15.060549736, -9.98162078857, 9.43570804596, 13.6617650986, 56.486038208, -97.2292938232], [722.136779785, -310.742858887, -124.908966064, -6.79263067245, 65.7174835205, 420.908172607, 45.165435791, -56.4792022705, -73.8006515503, 69.5533599854, -19.6520271301, 6.07367515564, -56.9338951111], [-202.824401855, 213.521957397, 19.3078193665, -46.0809249878, 14.1630105972, 45.165435791, 262.644592285, 0.11887191236, -18.319229126, -17.0194282532, 5.85559797287, -18.2757282257, -1.69167280197], [341.605407715, -15.2659244537, 62.6215133667, 65.0330123901, -15.060549736, -56.4792022705, 0.11887191236, 288.415527344, 64.0219345093, -52.878742218, 0.99958974123, 5.97420215607, -0.453958183527], [-231.233200073, 115.695289612, 103.732574463, 47.2401657104, -9.98162078857, -73.8006515503, -18.319229126, 64.0219345093, 166.366394043, 8.41927814484, -23.9224815369, -11.8496980667, 12.4613628387], [204.489486694, -180.912475586, -53.9421005249, 9.81602573395, 9.43570804596, 69.5533599854, -17.0194282532, -52.878742218, 8.41927814484, 186.603134155, 0.868722617626, -13.8229398727, -43.7707061768], [76.8901062012, 93.4339523315, -0.163288220763, -16.8182430267, 13.6617650986, -19.6520271301, 5.85559797287, 0.99958974123, -23.9224815369, 0.868722617626, 122.101409912, 15.2416858673, -4.60820627213], [234.990997314, -121.397232056, -70.8709259033, 63.1967163086, 56.486038208, 6.07367515564, -18.2757282257, 5.97420215607, -11.8496980667, -13.8229398727, 15.2416858673, 142.580718994, -14.9483785629], [-414.105255127, 155.154907227, 158.214675903, -22.2404327393, -97.2292938232, -56.9338951111, -1.69167280197, -0.453958183527, 12.4613628387, -43.7707061768, -4.60820627213, -14.9483785629, 158.927383423]],
        "icov": [[0.000133197318064, -0.000194081978407, 0.000231658355915, -0.000169947961695, 0.000142174510984, -0.000291645410471, 0.000247536285315, -0.000318348087603, 0.000244366645347, -0.000208002325962, 4.78105212096e-05, -0.000179816372111, 0.0001743882749], [-0.000194081978407, 0.00323914480396, -0.00145440630149, 0.00166156236082, -0.00172765273601, 0.00191928388085, -0.0024581879843, 0.00156544335186, -0.00241864519194, 0.00236953422427, -0.00231209094636, 0.00196755584329, -0.001418372849], [0.000231658355915, -0.00145440630149, 0.00186709372792, -0.000754680135287, 0.00164168607444, -0.00109112937935, 0.00109426025301, -0.00100222695619, 0.000568746298086, -0.000965611019637, 0.000700359174516, -0.00086798024131, 0.000309554772684], [-0.000169947961695, 0.00166156236082, -0.000754680135287, 0.0035733638797, -0.00124632776715, 0.00106877437793, -0.00097604613984, 0.000391776615288, -0.00188922847155, 0.000974311435129, -0.000722354627214, -2.76654882327e-05, -0.000809541495983], [0.000142174510984, -0.00172765273601, 0.00164168607444, -0.00124632776715, 0.00386579264887, -0.00131150742527, 0.00106952153146, -0.000655623502098, 0.000659184006508, -0.000825144466944, 0.000770747137722, -0.00157222140115, 0.00174859829713], [-0.000291645410471, 0.00191928388085, -0.00109112937935, 0.00106877437793, -0.00131150742527, 0.00440137088299, -0.00210710195825, 0.00133591692429, -0.000201715141884, 0.000417536939494, -0.000392878428102, 0.00112678483129, -0.000416672439314], [0.000247536285315, -0.0024581879843, 0.00109426025301, -0.00097604613984, 0.00106952153146, -0.00210710195825, 0.00601854035631, -0.00149965356104, 0.00213320483454, -0.00132944004145, 0.00145503820386, -0.00100622477476, 0.00119227252435], [-0.000318348087603, 0.00156544335186, -0.00100222695619, 0.000391776615288, -0.000655623502098, 0.00133591692429, -0.00149965356104, 0.00540847657248, -0.0029486506246, 0.00266206054948, -0.00137133256067, 0.00110842718277, -0.000199398011318], [0.000244366645347, -0.00241864519194, 0.000568746298086, -0.00188922847155, 0.000659184006508, -0.000201715141884, 0.00213320483454, -0.0029486506246, 0.0100593417883, -0.00329519575462, 0.00339804566465, -0.000957766373176, 0.000824844115414], [-0.000208002325962, 0.00236953422427, -0.000965611019637, 0.000974311435129, -0.000825144466944, 0.000417536939494, -0.00132944004145, 0.00266206054948, -0.00329519575462, 0.00855880323797, -0.00232289615087, 0.00234797829762, 0.000649655528832], [4.78105212096e-05, -0.00231209094636, 0.000700359174516, -0.000722354627214, 0.000770747137722, -0.000392878428102, 0.00145503820386, -0.00137133256067, 0.00339804566465, -0.00232289615087, 0.0106445830315, -0.00238871225156, 0.00110361259431], [-0.000179816372111, 0.00196755584329, -0.00086798024131, -2.76654882327e-05, -0.00157222140115, 0.00112678483129, -0.00100622477476, 0.00110842718277, -0.000957766373176, 0.00234797829762, -0.00238871225156, 0.00930939521641, -0.000566795060877], [0.0001743882749, -0.001418372849, 0.000309554772684, -0.000809541495983, 0.00174859829713, -0.000416672439314, 0.00119227252435, -0.000199398011318, 0.000824844115414, 0.000649655528832, 0.00110361259431, -0.000566795060877, 0.00873537827283]]
    },
    "melbands": {
        "mean": [0.000412205903558, 0.000948431203142, 0.000630398862995, 0.000516082975082, 0.000595125136897, 0.000493632338475, 0.000303129345411, 0.000240797511651, 0.000127061925014, 0.000147961836774, 9.59301323746e-05, 9.00916274986e-05, 0.000158560302225, 8.01511632744e-05, 7.16845024726e-05, 5.68146169826e-05, 4.4293821702e-05, 2.42179303314e-05, 2.30361965805e-05, 1.66107911355e-05, 1.05449607872e-05, 2.21171176236e-05, 7.96217682364e-06, 1.04860828287e-05, 8.02815156931e-06, 6.46411444905e-06, 2.52758354691e-06, 1.58096258929e-06, 5.5151002698e-07, 3.32139450165e-07, 2.54162955571e-07, 3.09693916734e-07, 2.9538333024e-07, 1.43806161645e-07, 1.18606990895e-07, 9.8914668456e-08, 7.69386545585e-08, 6.71723938694e-08, 5.61737749649e-08, 3.50517836978e-08],
        "stdev": [0.001054600114, 0.00232393830083, 0.00129527028184, 0.000953697715886, 0.00116457906552, 0.000969986722339, 0.000683307356667, 0.000602682412136, 0.0003821485152, 0.00077734910883, 0.000500951136928, 0.000536269741133, 0.000892243813723, 0.00051634182455, 0.000377627497073, 0.000295262609143, 0.000223156384891, 0.000141307435115, 0.000110569992103, 7.43304626667e-05, 5.2214567404e-05, 0.000107750362076, 3.9400314563e-05, 4.54295841337e-05, 2.6435147447e-05, 2.95114477922e-05, 9.19179365155e-06, 6.67539961796e-06, 1.74371905359e-06, 1.29459681375e-06, 1.15683815238e-06, 2.1013947844e-06, 2.05076753446e-06, 5.55588883344e-07, 6.20934542894e-07, 7.78137234647e-07, 8.0393283497e-07, 8.40099971811e-07, 6.61253238832e-07, 3.35283601771e-07]
    },
    "melbands128": {
        "mean": [4.86626122438e-05, 0.000266761693638, 0.000476315268315, 0.000850177253596, 0.00108490500133, 0.000914129370358, 0.000628065667115, 0.000573311001062, 0.000567290058825, 0.000486504548462, 0.000501323083881, 0.000528083939571, 0.0005420933594, 0.000845825299621, 0.000509036006406, 0.000300379877444, 0.000362803490134, 0.00026504098787, 0.000257041770965, 0.000337115605362, 0.000182719479199, 0.000112534340587, 8.306637028e-05, 0.000185575147043, 0.000194358741282, 0.000113754918857, 9.53120688791e-05, 9.96605522232e-05, 9.74140566541e-05, 6.17173063802e-05, 7.36328001949e-05, 0.000165445511811, 0.000220376328798, 9.50765388552e-05, 0.000102120618976, 7.62628988014e-05, 4.48862083431e-05, 6.82231839164e-05, 9.08192596398e-05, 8.00436464488e-05, 3.42250132235e-05, 4.86773278681e-05, 4.35706569988e-05, 4.46159065177e-05, 4.14012283727e-05, 1.55669422384e-05, 1.01617333712e-05, 1.74820070242e-05, 3.29330287059e-05, 3.03352499031e-05, 1.21497259897e-05, 5.50112736164e-06, 7.8124785432e-06, 9.79409196589e-06, 2.32101174333e-05, 3.16673213092e-05, 1.29777226903e-05, 6.41690303382e-06, 5.69546409679e-06, 1.07843179649e-05, 1.32307595777e-05, 9.02163719729e-06, 4.87466377308e-06, 8.78850642039e-06, 1.12819625429e-05, 7.10445374352e-06, 3.15051238431e-06, 2.35574998442e-06, 2.61612581198e-06, 2.42040187004e-06, 2.03896274797e-06, 8.72982752753e-07, 4.47983808272e-07, 6.73772774462e-07, 4.2433751446e-07, 2.71721404488e-07, 3.46171191268e-07, 3.01882749909e-07, 2.2787457965e-07, 2.20561091169e-07, 2.367891625e-07, 3.91690662127e-07, 3.92657824477e-07, 3.221332463e-07, 1.70050071802e-07, 1.44876253216e-07, 1.35155161729e-07, 1.3414594946e-07, 1.19251637898e-07, 1.06931253185e-07, 1.06295694025e-07, 9.24619030229e-08, 9.45616562831e-08, 7.54987041773e-08, 7.10263421411e-08, 6.01207261752e-08, 6.9399263225e-08, 7.25879019114e-08, 5.87786779249e-08, 4.76211603484e-08, 4.03839095497e-08, 3.51343736327e-08, 2.43185596105e-08, 2.82177996525e-08, 2.14023021528e-08, 1.62371289747e-08, 1.45232927906e-08, 1.42186333818e-08, 1.1911343023e-08, 9.77863834351e-09, 9.35294419691e-09, 6.9815699888e-09, 6.33169294773e-09, 4.53647031051e-09, 3.54063689478e-09, 3.22290261145e-09, 2.43979147996e-09, 6.53198328759e-10, 2.32718358473e-10, 2.47913384266e-10, 5.16114581628e-11, 1.72740762666e-11, 3.10052461136e-12, 2.69414742252e-12, 2.59752137334e-12, 2.5751514636e-12, 2.55675580534e-12, 2.53836730281e-12],
        "stdev": [0.00012999518367, 0.000723851437215, 0.00133064610418, 0.00255510443822, 0.00290136295371, 0.00192177423742, 0.00148237496614, 0.00142692693044, 0.0013302549487, 0.0013169888407, 0.00131282338407, 0.00137905636802, 0.00152354966849, 0.00201462046243, 0.00122365052812, 0.000988702056929, 0.00114514445886, 0.000751208222937, 0.00082514283713, 0.00109134765808, 0.000519032240845, 0.00038291112287, 0.000341360835591, 0.000975732109509, 0.0011556482641, 0.00106942548882, 0.000716607377399, 0.000755196902901, 0.000647804932669, 0.000699237629306, 0.000747219775803, 0.00113431201316, 0.00159668864217, 0.000803518807516, 0.000922182458453, 0.00073424493894, 0.000428629515227, 0.000518550572451, 0.000662635546178, 0.000653980881907, 0.000250606623013, 0.00036003565765, 0.000320824823575, 0.000340162689099, 0.000306701113004, 0.0001620403782, 0.000113386195153, 0.000151390398969, 0.000205251562875, 0.000173891792656, 8.4831895947e-05, 5.52142046217e-05, 6.11331997789e-05, 8.13726146589e-05, 0.000155296947923, 0.000197157540242, 9.15619675652e-05, 5.67130009586e-05, 4.76896675536e-05, 8.33732774481e-05, 7.15715868864e-05, 5.53390455025e-05, 2.89139497909e-05, 4.21120494138e-05, 5.09066085215e-05, 5.58670180908e-05, 2.38420670939e-05, 1.16666433314e-05, 1.53135661094e-05, 1.21003131426e-05, 1.20015974971e-05, 6.19099046162e-06, 1.78067477918e-06, 2.96589064419e-06, 2.10586745197e-06, 1.49971901919e-06, 2.21554000746e-06, 1.4758255702e-06, 1.29380100589e-06, 1.42358317134e-06, 1.38527627769e-06, 3.16882278639e-06, 3.09829783873e-06, 2.43883482653e-06, 8.87826331564e-07, 6.71169857469e-07, 5.89460171341e-07, 7.39933796012e-07, 7.29307089387e-07, 6.83847304117e-07, 7.76853482876e-07, 8.41026803755e-07, 1.02660931134e-06, 8.80438562945e-07, 7.65202742059e-07, 6.07584695445e-07, 1.12135978725e-06, 1.0340731933e-06, 7.61411627082e-07, 4.99306452184e-07, 4.36475517063e-07, 3.87252015344e-07, 1.65671565355e-07, 2.07707302025e-07, 1.42240480727e-07, 1.15548019153e-07, 8.34573441466e-08, 6.94262496381e-08, 6.49177707146e-08, 5.48474972106e-08, 5.11836830697e-08, 3.89271299639e-08, 4.19961274645e-08, 3.15010986185e-08, 2.27547545251e-08, 2.1249666915e-08, 1.96831670962e-08, 1.37125839572e-08, 5.82411097128e-09, 9.40542310701e-09, 2.266247634e-09, 8.79647577001e-10, 4.0147035002e-11, 6.69805790693e-12, 5.33514205037e-12, 5.27298994399e-12, 5.22628555016e-12, 5.19700038212e-12]
    },
    "mfcc": {
        "mean": [-774.9453125, 179.819580078, 17.121465683, 35.2870559692, -0.205034121871, -14.6672344208, -5.83817052841, -2.13434767723, -8.18829727173, 0.980631828308, -2.45714521408, -4.72907876968, -1.16586756706],
        "cov": [[10007.3164062, -359.78225708, -2312.5234375, 251.326629639, 274.310455322, 328.798736572, 302.289031982, 390.491485596, -269.854736328, 224.028671265, 133.668655396, -15.2366294861, 203.334320068], [-359.78225708, 1458.5135498, 337.868591309, -43.1446266174, -31.1841964722, -194.717285156, 73.3863983154, 31.4877624512, 54.9376754761, 1.5095102787, -0.798818469048, 33.6257209778, -30.0483417511], [-2312.5234375, 337.868591309, 1550.44799805, -96.4341964722, -203.434585571, -197.49432373, -125.554855347, -113.296531677, 152.67628479, -40.7358283997, -80.6422271729, 67.6632919312, -88.0368423462], [251.326629639, -43.1446266174, -96.4341964722, 406.234436035, 84.4807052612, -75.2398681641, -59.6553955078, 53.0311965942, 25.2911396027, -43.1069717407, 34.0606803894, 63.2296028137, 21.0952167511], [274.310455322, -31.1841964722, -203.434585571, 84.4807052612, 318.562103271, 7.77808666229, -8.44808769226, 54.3716163635, -16.4102993011, -12.6536569595, 29.1791763306, 13.5642614365, 6.0673365593], [328.798736572, -194.717285156, -197.49432373, -75.2398681641, 7.77808666229, 440.045959473, 97.3920059204, -58.5488357544, -39.3871078491, 18.1256504059, 34.4929885864, -33.9640312195, 32.1444091797], [302.289031982, 73.3863983154, -125.554855347, -59.6553955078, -8.44808769226, 97.3920059204, 235.811904907, 57.3620376587, -30.5574989319, 19.7647609711, -1.15494072437, -7.46620082855, 19.8305606842], [390.491485596, 31.4877624512, -113.296531677, 53.0311965942, 54.3716163635, -58.5488357544, 57.3620376587, 245.860900879, 24.8666858673, -17.7986984253, 10.5251703262, 2.81679487228, 12.1885242462], [-269.854736328, 54.9376754761, 152.67628479, 25.2911396027, -16.4102993011, -39.3871078491, -30.5574989319, 24.8666858673, 191.689819336, 29.9342594147, -17.1074295044, 26.6538772583, -36.8316802979], [224.028671265, 1.5095102787, -40.7358283997, -43.1069717407, -12.6536569595, 18.1256504059, 19.7647609711, -17.7986984253, 29.9342594147, 183.180679321, 12.6340007782, -15.5327262878, -8.22677230835], [133.668655396, -0.798818469048, -80.6422271729, 34.0606803894, 29.1791763306, 34.4929885864, -1.15494072437, 10.5251703262, -17.1074295044, 12.6340007782, 172.214004517, 39.2072982788, -5.83443546295], [-15.2366294861, 33.6257209778, 67.6632919312, 63.2296028137, 13.5642614365, -33.9640312195, -7.46620082855, 2.81679487228, 26.6538772583, -15.5327262878, 39.2072982788, 145.395248413, 19.7842941284], [203.334320068, -30.0483417511, -88.0368423462, 21.0952167511, 6.0673365593, 32.1444091797, 19.8305606842, 12.1885242462, -36.8316802979, -8.22677230835, -5.83443546295, 19.7842941284, 139.740966797]],
        "icov": [[0.000169958118931, -1.83654938155e-05, 0.000223996321438, -6.43215098535e-05, 4.87477991555e-05, -6.76690542605e-05, 7.92927221482e-06, -0.000210866608541, 0.000149407598656, -0.000225776821026, 6.55542025925e-05, -0.000136324713822, -2.15825348278e-05], [-1.83654938155e-05, 0.000814076862298, -0.000183212279808, 8.94216500456e-05, -7.6878714026e-05, 0.00044246474863, -0.000541120010894, 0.000100516394014, -0.00017381204816, 5.93463009864e-05, -0.000199871283257, 3.07879636239e-05, -1.2590242477e-05], [0.000223996321438, -0.000183212279808, 0.00124619912822, 0.000179452748853, 0.000503834919073, 0.000128203493659, 0.000337429926731, 5.64543588553e-05, -0.000348609028151, 2.51164856309e-05, 0.000388412270695, -0.000673249945976, 0.000309642229695], [-6.43215098535e-05, 8.94216500456e-05, 0.000179452748853, 0.00320036429912, -0.000527502852492, 0.0004298639833, 0.000705775921233, -0.000307672686176, -0.000567943439819, 0.000703735509887, -0.000370350811863, -0.000978408963419, -0.000391751411371], [4.87477991555e-05, -7.6878714026e-05, 0.000503834919073, -0.000527502852492, 0.00373858609237, -0.000237245592871, 0.000512617465574, -0.000764164025895, 0.000324397115037, 1.38573059303e-05, -9.45887804846e-05, -0.000423744233558, 0.000338102312526], [-6.76690542605e-05, 0.00044246474863, 0.000128203493659, 0.0004298639833, -0.000237245592871, 0.00332685606554, -0.00161555281375, 0.00139072060119, -0.000557804305572, 0.000370966590708, -0.000990943633951, 0.000840857275762, -0.000723130360711], [7.92927221482e-06, -0.000541120010894, 0.000337429926731, 0.000705775921233, 0.000512617465574, -0.00161555281375, 0.00611413922161, -0.00205109710805, 0.00107334495988, -0.000731555745006, 0.000779290916398, -0.000899796141312, 3.85201055906e-05], [-0.000210866608541, 0.000100516394014, 5.64543588553e-05, -0.000307672686176, -0.000764164025895, 0.00139072060119, -0.00205109710805, 0.00576930074021, -0.00169221358374, 0.00117121241055, -0.000759849441238, 0.00096778786974, -0.000634224328678], [0.000149407598656, -0.00017381204816, -0.000348609028151, -0.000567943439819, 0.000324397115037, -0.000557804305572, 0.00107334495988, -0.00169221358374, 0.00712890736759, -0.00191466941033, 0.00129849393852, -0.00171186786611, 0.00178367714398], [-0.000225776821026, 5.93463009864e-05, 2.51164856309e-05, 0.000703735509887, 1.38573059303e-05, 0.000370966590708, -0.000731555745006, 0.00117121241055, -0.00191466941033, 0.0065246312879, -0.00100828043651, 0.00100881187245, -0.000138862829772], [6.55542025925e-05, -0.000199871283257, 0.000388412270695, -0.000370350811863, -9.45887804846e-05, -0.000990943633951, 0.000779290916398, -0.000759849441238, 0.00129849393852, -0.00100828043651, 0.00710888113827, -0.00257334043272, 0.00129400647711], [-0.000136324713822, 3.07879636239e-05, -0.000673249945976, -0.000978408963419, -0.000423744233558, 0.000840857275762, -0.000899796141312, 0.00096778786974, -0.00171186786611, 0.00100881187245, -0.00257334043272, 0.00915365107358, -0.00199841870926], [-2.15825348278e-05, -1.2590242477e-05, 0.000309642229695, -0.000391751411371, 0.000338102312526, -0.000723130360711, 3.85201055906e-05, -0.000634224328678, 0.00178367714398, -0.000138862829772, 0.00129400647711, -0.00199841870926, 0.00843943096697]]
    },
    "spectral_contrast_coeffs": {
        "mean": [-0.700578391552, -0.712587535381, -0.7181879282, -0.774501621723, -0.764632821083, -0.788725793362],
        "stdev": [0.0778758153319, 0.0723970904946, 0.0919698104262, 0.0905932635069, 0.0796490088105, 0.051182731986]
    },
    "spectral_contrast_valleys": {
        "mean": [-6.95257949829, -7.23553609848, -8.94935035706, -9.42864227295, -9.50266933441, -12.4486131668],
        "stdev": [1.26048541069, 1.19829010963, 1.32124841213, 1.36647045612, 1.33865380287, 1.26824128628]
    }
},
"rhythm": {
    "beats_count": 616,
    "beats_loudness": {
        "mean": 0.025150815025,
        "stdev": 0.0206210371107
    },
    "bpm": 132.601226807,
    "bpm_histogram_first_peak_bpm": 133,
    "bpm_histogram_first_peak_weight": 0.285958886147,
    "bpm_histogram_second_peak_bpm": 126,
    "bpm_histogram_second_peak_spread": 0.142857193947,
    "bpm_histogram_second_peak_weight": 0.00975609757006,
    "danceability": 0.981309890747,
    "onset_rate": 2.57598733902,
    "beats_loudness_band_ratio": {
        "mean": [0.405288875103, 0.310830444098, 0.182425156236, 0.0971201583743, 0.0439732372761, 0.0120672415942],
        "stdev": [0.246868282557, 0.220008701086, 0.156369924545, 0.1874820292, 0.10812048614, 0.0236592963338]
    },
    "beats_position": [0.417959183455, 0.870748281479, 1.3235373497, 1.77632653713, 2.22911548615, 2.68190479279, 3.12308382988, 3.5758728981, 4.01705217361, 4.46984100342, 4.92263031006, 5.38702917099, 5.83981847763, 6.29260778427, 6.73378658295, 7.17496585846, 7.6277551651, 8.08054447174, 8.54494285583, 8.99773216248, 9.45052146912, 9.91492080688, 10.379319191, 10.8437185287, 11.2965078354, 11.749297142, 12.1904764175, 12.6316547394, 13.084444046, 13.5372333527, 14.0016326904, 14.4544210434, 14.90721035, 15.3599996567, 15.8127889633, 16.2539672852, 16.7067565918, 17.1595458984, 17.6123352051, 18.0651245117, 18.5179138184, 18.9590930939, 19.4118824005, 19.8646717072, 20.3174591064, 20.7702484131, 21.2230377197, 21.6758270264, 22.128616333, 22.5697956085, 23.010974884, 23.4637641907, 23.9281635284, 24.3809528351, 24.8453502655, 25.3097496033, 25.7625389099, 26.2153282166, 26.6681175232, 27.1092967987, 27.5620861053, 28.014875412, 28.4676647186, 28.932062149, 29.3848514557, 29.8376407623, 30.290430069, 30.7432193756, 31.1843986511, 31.6371879578, 32.0899772644, 32.542766571, 32.9955558777, 33.4367332458, 33.8895225525, 34.3423118591, 34.7951011658, 35.2478904724, 35.7122879028, 36.1650772095, 36.6178665161, 37.059047699, 37.5118370056, 37.9646263123, 38.4174156189, 38.8702049255, 39.334602356, 39.7873916626, 40.2401809692, 40.6929702759, 41.1457595825, 41.5985488892, 42.0513381958, 42.492515564, 42.9453048706, 43.3980941772, 43.8392753601, 44.2920608521, 44.7448501587, 45.2092514038, 45.6620407104, 46.1032180786, 46.5676193237, 47.0204086304, 47.4848060608, 47.9259872437, 48.3671646118, 48.8315620422, 49.2843513489, 49.7371406555, 50.1899299622, 50.6427192688, 51.0955085754, 51.5482978821, 51.9894790649, 52.4306564331, 52.8834457397, 53.3362350464, 53.789024353, 54.2534217834, 54.7062110901, 55.1590003967, 55.6234016418, 56.0877990723, 56.5405883789, 56.9933776855, 57.4461669922, 57.8989562988, 58.3517456055, 58.8045349121, 59.2573242188, 59.7101135254, 60.162902832, 60.6040802002, 61.0568695068, 61.5096588135, 61.9508361816, 62.4036254883, 62.8564147949, 63.3092041016, 63.7619934082, 64.2147827148, 64.6675720215, 65.1203613281, 65.5731506348, 66.0143280029, 66.4671173096, 66.9315185547, 67.3959197998, 67.8487091064, 68.3131027222, 68.7658920288, 69.2186813354, 69.659866333, 70.1126480103, 70.5654373169, 71.0182266235, 71.4826278687, 71.9354171753, 72.3998184204, 72.8526077271, 73.2937850952, 73.7465744019, 74.1993637085, 74.6521530151, 75.0933303833, 75.5345077515, 75.9872970581, 76.4400863647, 76.8928756714, 77.345664978, 77.7984542847, 78.2512435913, 78.7040328979, 79.1684341431, 79.6212234497, 80.0740127563, 80.526802063, 80.9795913696, 81.4323806763, 81.8735580444, 82.3147354126, 82.7675247192, 83.2319259644, 83.684715271, 84.1375045776, 84.5902938843, 85.0430831909, 85.4958724976, 85.9602737427, 86.4130630493, 86.865852356, 87.3186416626, 87.7714233398, 88.2242126465, 88.665397644, 89.1181869507, 89.5709762573, 90.0121536255, 90.4649429321, 90.9293441772, 91.393737793, 91.8465270996, 92.2993164062, 92.7521057129, 93.1932830811, 93.6460723877, 94.0988616943, 94.5632629395, 95.0160522461, 95.4688415527, 95.9216308594, 96.374420166, 96.8272094727, 97.2799987793, 97.7327880859, 98.1855773926, 98.6383666992, 99.1027679443, 99.555557251, 100.008346558, 100.461128235, 100.913917542, 101.355102539, 101.807891846, 102.260681152, 102.713470459, 103.166259766, 103.607437134, 104.06022644, 104.513015747, 104.965805054, 105.41859436, 105.871383667, 106.324172974, 106.77696228, 107.229751587, 107.682540894, 108.1353302, 108.599723816, 109.064125061, 109.516914368, 109.969703674, 110.422492981, 110.875282288, 111.316459656, 111.769248962, 112.222038269, 112.674827576, 113.116004944, 113.56879425, 114.021583557, 114.485984802, 114.938774109, 115.391563416, 115.844352722, 116.297142029, 116.749931335, 117.202720642, 117.655509949, 118.108299255, 118.561088562, 119.013877869, 119.478271484, 119.931060791, 120.383850098, 120.836639404, 121.289428711, 121.742218018, 122.183395386, 122.636184692, 123.088973999, 123.541763306, 123.994552612, 124.43573761, 124.888526917, 125.341316223, 125.79410553, 126.246894836, 126.711288452, 127.164077759, 127.628479004, 128.081268311, 128.522445679, 128.975234985, 129.428024292, 129.892425537, 130.345214844, 130.79800415, 131.250793457, 131.703582764, 132.15637207, 132.609161377, 133.061950684, 133.51473999, 133.967529297, 134.420318604, 134.861495972, 135.325897217, 135.778686523, 136.219863892, 136.672653198, 137.125442505, 137.578231812, 138.031021118, 138.483810425, 138.936599731, 139.389389038, 139.830566406, 140.283355713, 140.73614502, 141.188934326, 141.641723633, 142.094512939, 142.547302246, 143.000091553, 143.452880859, 143.905670166, 144.358459473, 144.811248779, 145.264038086, 145.716827393, 146.169616699, 146.622406006, 147.075195312, 147.527984619, 147.980773926, 148.421951294, 148.874740601, 149.327529907, 149.791931152, 150.256317139, 150.720718384, 151.17350769, 151.626296997, 152.079086304, 152.53187561, 152.973052979, 153.425842285, 153.878631592, 154.331420898, 154.784210205, 155.236999512, 155.689788818, 156.142578125, 156.595367432, 157.048156738, 157.500946045, 157.953735352, 158.406524658, 158.847702026, 159.300491333, 159.764892578, 160.217681885, 160.68208313, 161.134872437, 161.587661743, 162.028839111, 162.493240356, 162.957641602, 163.39881897, 163.851608276, 164.304397583, 164.768798828, 165.221588135, 165.674377441, 166.127166748, 166.591567993, 167.032745361, 167.485534668, 167.926712036, 168.379501343, 168.832290649, 169.285079956, 169.737869263, 170.202270508, 170.666656494, 171.119445801, 171.572235107, 172.013427734, 172.454605103, 172.895782471, 173.348571777, 173.801361084, 174.265762329, 174.718551636, 175.171340942, 175.624130249, 176.076919556, 176.529708862, 176.982498169, 177.446884155, 177.899673462, 178.352462769, 178.805252075, 179.258041382, 179.710830688, 180.163619995, 180.604797363, 181.04598999, 181.498779297, 181.951568604, 182.40435791, 182.857131958, 183.309921265, 183.762710571, 184.215499878, 184.668289185, 185.13269043, 185.585479736, 186.038269043, 186.479446411, 186.932235718, 187.385025024, 187.837814331, 188.290603638, 188.755004883, 189.207794189, 189.660583496, 190.13659668, 190.589385986, 191.030563354, 191.471740723, 191.924530029, 192.377319336, 192.830108643, 193.282897949, 193.747299194, 194.200088501, 194.652877808, 195.105667114, 195.558456421, 196.011245728, 196.464035034, 196.916824341, 197.369613647, 197.822402954, 198.275192261, 198.739593506, 199.192382812, 199.645172119, 200.086349487, 200.539138794, 200.980316162, 201.433105469, 201.897506714, 202.350296021, 202.814697266, 203.267486572, 203.720275879, 204.173049927, 204.625839233, 205.06703186, 205.508209229, 205.960998535, 206.413787842, 206.866577148, 207.319366455, 207.772155762, 208.224945068, 208.677734375, 209.118911743, 209.57170105, 210.024490356, 210.477279663, 210.918457031, 211.371246338, 211.824035645, 212.276824951, 212.741226196, 213.205612183, 213.658401489, 214.122802734, 214.575592041, 215.039993286, 215.492782593, 215.945571899, 216.386749268, 216.839538574, 217.280715942, 217.733505249, 218.186294556, 218.639083862, 219.091873169, 219.544662476, 219.997451782, 220.43862915, 220.891418457, 221.344207764, 221.79699707, 222.238174438, 222.679367065, 223.143753052, 223.596542358, 224.060943604, 224.51373291, 224.966522217, 225.419311523, 225.883712769, 226.348114014, 226.812515259, 227.276916504, 227.729705811, 228.182495117, 228.623672485, 229.064849854, 229.506027222, 229.94720459, 230.411605835, 230.864395142, 231.328796387, 231.80480957, 232.257598877, 232.710388184, 233.16317749, 233.615966797, 234.068756104, 234.521530151, 234.962722778, 235.415512085, 235.868301392, 236.321090698, 236.773880005, 237.226669312, 237.679458618, 238.143844604, 238.60824585, 239.061035156, 239.61831665, 240.175598145, 240.732879639, 241.313369751, 241.905487061, 242.497589111, 243.101318359, 243.786300659, 244.482894897, 245.179489136, 245.864486694, 246.549468994, 247.234466553, 247.919448853, 248.465118408, 249.010787964, 249.568069458, 250.078903198, 250.601348877, 251.123809814, 251.646255493, 252.168701172, 252.656326294, 253.132324219, 253.596725464, 254.072738647, 254.525527954, 254.978317261, 255.431106567, 255.872283936, 256.301849365, 256.743041992, 257.195831299, 257.648620605, 258.089782715, 258.530975342, 258.972137451, 259.424926758, 259.877716064, 260.330505371, 260.760070801, 261.224487305, 261.700500488, 262.176513672, 262.617675781, 263.058868408, 263.500030518, 263.952819824, 264.405609131, 264.858398438, 265.311187744, 265.775604248, 266.216766357, 266.657958984, 267.110748291, 267.563537598, 268.016326904, 268.469116211, 268.921905518, 269.374694824, 269.827484131, 270.26864624, 270.721435547, 271.185852051, 271.638641357, 272.091430664, 272.55581665, 273.020233154, 273.473022461, 273.925811768, 274.378601074, 274.831390381, 275.284179688, 275.736968994, 276.189758301, 276.642547607, 277.095336914, 277.548126221, 277.98928833, 278.430480957, 278.871643066, 279.324432373, 279.77722168, 280.230010986, 280.682800293, 281.12399292, 281.576782227, 282.029571533],
    "bpm_histogram": [0, 0, 0, 0, 0, 0, 0, 0, 0, 0, 0, 0, 0, 0, 0, 0, 0, 0, 0, 0, 0, 0, 0, 0, 0, 0, 0, 0, 0, 0, 0, 0, 0, 0, 0, 0, 0, 0, 0, 0, 0, 0, 0, 0, 0, 0, 0, 0, 0, 0, 0, 0, 0, 0, 0, 0, 0, 0, 0, 0, 0, 0, 0, 0, 0, 0, 0, 0, 0, 0, 0, 0, 0, 0, 0, 0, 0, 0, 0, 0, 0, 0, 0, 0, 0, 0, 0.00325203244574, 0, 0.00813008099794, 0, 0, 0, 0, 0, 0, 0, 0, 0, 0, 0.00162601622287, 0, 0.00325203244574, 0, 0.00162601622287, 0, 0, 0, 0, 0.00650406489149, 0, 0.00325203244574, 0, 0, 0, 0, 0.00650406489149, 0, 0.00162601622287, 0, 0, 0, 0, 0, 0.00162601622287, 0, 0, 0.00975609757006, 0, 0, 0.126829266548, 0, 0, 0, 0.678048789501, 0, 0, 0.144715443254, 0, 0, 0, 0.00325203244574, 0, 0, 0, 0, 0, 0, 0, 0, 0, 0, 0, 0, 0, 0, 0, 0, 0, 0, 0, 0, 0, 0, 0, 0, 0, 0, 0, 0, 0, 0, 0, 0, 0, 0, 0, 0, 0, 0, 0, 0, 0, 0, 0, 0, 0, 0, 0, 0, 0, 0, 0, 0, 0, 0, 0, 0, 0, 0, 0, 0, 0, 0, 0, 0, 0, 0, 0, 0, 0, 0, 0, 0, 0, 0, 0, 0, 0, 0, 0, 0, 0, 0, 0, 0, 0, 0, 0, 0, 0, 0, 0, 0, 0, 0, 0, 0, 0, 0, 0, 0, 0, 0, 0, 0, 0, 0, 0, 0, 0]
},
"tonal": {
    "chords_changes_rate": 0.0568424500525,
    "chords_number_rate": 0.00229998352006,
    "chords_strength": {
        "mean": 0.488430976868,
        "stdev": 0.10390099138
    },
    "hpcp_crest": {
        "mean": 14.4528274536,
        "stdev": 6.54973983765
    },
    "hpcp_entropy": {
        "mean": 1.81971395016,
        "stdev": 0.632182478905
    },
    "key_edma": {
        "strength": 0.86412614584,
        "key": "E",
        "scale": "major"
    },
    "key_krumhansl": {
        "strength": 0.868491709232,
        "key": "E",
        "scale": "major"
    },
    "key_temperley": {
        "strength": 0.871715664864,
        "key": "E",
        "scale": "major"
    },
    "tuning_diatonic_strength": 0.590022206306,
    "tuning_equal_tempered_deviation": 0,
    "tuning_frequency": 438.731048584,
    "tuning_nontempered_energy_ratio": 0.632176995277,
    "hpcp": {
        "mean": [0.112469941378, 0.064086265862, 0.0541073046625, 0.0845774784684, 0.0848625302315, 0.199637979269, 0.336109638214, 0.209720239043, 0.072345353663, 0.0704113990068, 0.059629201889, 0.128341719508, 0.2284861058, 0.141881227493, 0.0294217914343, 0.0275134034455, 0.0366167314351, 0.108159683645, 0.178167253733, 0.12752187252, 0.206536054611, 0.345743119717, 0.206417188048, 0.074777059257, 0.0845220312476, 0.0657425373793, 0.14463981986, 0.250197529793, 0.164634495974, 0.0792075768113, 0.0907231271267, 0.0907818153501, 0.148437082767, 0.205501914024, 0.131496891379, 0.0958185344934],
        "stdev": [0.225215733051, 0.145554974675, 0.144727990031, 0.204028010368, 0.186748743057, 0.257014304399, 0.389344424009, 0.263474732637, 0.176576554775, 0.191559121013, 0.162343040109, 0.198569998145, 0.301571786404, 0.212825790048, 0.115488596261, 0.105184048414, 0.122873224318, 0.200106203556, 0.291060358286, 0.214390560985, 0.252208590508, 0.364522665739, 0.253646701574, 0.175211161375, 0.206647023559, 0.158092498779, 0.206461831927, 0.332360237837, 0.244594976306, 0.191044390202, 0.220197573304, 0.210233539343, 0.238187193871, 0.284730643034, 0.226094037294, 0.185823485255]
    },
    "chords_histogram": [22.8848361969, 1.51141774654, 8.67422389984, 0.887136518955, 3.30211925507, 6.7028093338, 2.79283714294, 2.16855597496, 4.73139476776, 0.6407096982, 1.49498927593, 0, 0, 0, 0.147856086493, 1.08427798748, 0.772137343884, 10.21849823, 0, 0.344997525215, 0, 5.70067358017, 13.6684741974, 12.2720556259],
