{
"metadata": {
    "version": {
        "essentia": "2.1-dev",
        "essentia_git_sha": "v2.1_beta3-415-gd5473f3",
        "extractor": "music 2.0"
    },
    "audio_properties": {
        "analysis": {
            "equal_loudness": 0,
            "length": 178.991027832,
            "sample_rate": 44100,
            "start_time": 0,
            "downmix": "mix"
        },
        "bit_rate": 192000,
        "length": 178.991027832,
        "lossless": 0,
        "number_channels": 2,
        "replay_gain": -10.0760707855,
        "sample_rate": 44100,
        "codec": "mp3",
        "md5_encoded": "9993c1a101af6d6569fa3fcce185f568"
    },
    "tags": {
        "file_name": "percy_sledge-when_a_man_loves_a_woman.mp3",
        "album": ["When a Man Loves a Woman [Madacy]"],
        "artist": ["Percy Sledge"],
        "genre": ["Other"],
        "title": ["When a Man Loves a Woman"]
    }
},
"lowlevel": {
    "average_loudness": 0.624644339085,
    "barkbands_crest": {
        "mean": 10.7327871323,
        "stdev": 5.17834758759
    },
    "barkbands_flatness_db": {
        "mean": 0.219579562545,
        "stdev": 0.0537467896938
    },
    "barkbands_kurtosis": {
        "mean": 2.07400774956,
        "stdev": 4.93160057068
    },
    "barkbands_skewness": {
        "mean": 0.36189109087,
        "stdev": 1.16312801838
    },
    "barkbands_spread": {
        "mean": 13.2865171432,
        "stdev": 7.90104341507
    },
    "dissonance": {
        "mean": 0.433002769947,
        "stdev": 0.0473988913
    },
    "dynamic_complexity": 5.19874811172,
    "erbbands_crest": {
        "mean": 14.1108522415,
        "stdev": 7.12527561188
    },
    "erbbands_flatness_db": {
        "mean": 0.276196479797,
        "stdev": 0.0623980648816
    },
    "erbbands_kurtosis": {
        "mean": 2.41268706322,
        "stdev": 5.10153722763
    },
    "erbbands_skewness": {
        "mean": -0.118837960064,
        "stdev": 1.23732244968
    },
    "erbbands_spread": {
        "mean": 17.2015228271,
        "stdev": 11.7572088242
    },
    "hfc": {
        "mean": 18.9508152008,
        "stdev": 19.915266037
    },
    "loudness_ebu128": {
        "integrated": -13.9067001343,
        "loudness_range": 7.33340549469,
        "momentary": {
            "mean": -16.1085109711,
            "stdev": 6.18118953705
        },
        "short_term": {
            "mean": -14.9475765228,
            "stdev": 3.45629119873
        }
    },
    "melbands_crest": {
        "mean": 13.2410297394,
        "stdev": 5.99768924713
    },
    "melbands_flatness_db": {
        "mean": 0.264901667833,
        "stdev": 0.0686844289303
    },
    "melbands_kurtosis": {
        "mean": 3.55321574211,
        "stdev": 9.50291633606
    },
    "melbands_skewness": {
        "mean": 0.851700484753,
        "stdev": 1.33150017262
    },
    "melbands_spread": {
        "mean": 22.5876674652,
        "stdev": 15.3366184235
    },
    "pitch_salience": {
        "mean": 0.534856140614,
        "stdev": 0.117540925741
    },
    "silence_rate_20dB": {
        "mean": 1,
        "stdev": 0
    },
    "silence_rate_30dB": {
        "mean": 1,
        "stdev": 0
    },
    "silence_rate_60dB": {
        "mean": 0.139688715339,
        "stdev": 0.346664637327
    },
    "spectral_centroid": {
        "mean": 1105.74182129,
        "stdev": 506.935546875
    },
    "spectral_complexity": {
        "mean": 13.2737998962,
        "stdev": 5.37874412537
    },
    "spectral_decrease": {
        "mean": -4.57021709366e-09,
        "stdev": 4.32462599065e-09
    },
    "spectral_energy": {
        "mean": 0.0189679674804,
        "stdev": 0.0179027579725
    },
    "spectral_energyband_high": {
        "mean": 3.8947466237e-05,
        "stdev": 6.83488106006e-05
    },
    "spectral_energyband_low": {
        "mean": 0.00118985341396,
        "stdev": 0.00159710587468
    },
    "spectral_energyband_middle_high": {
        "mean": 0.0117881372571,
        "stdev": 0.014921204187
    },
    "spectral_energyband_middle_low": {
        "mean": 0.0070862476714,
        "stdev": 0.0102810291573
    },
    "spectral_entropy": {
        "mean": 6.70157766342,
        "stdev": 0.488006591797
    },
    "spectral_flux": {
        "mean": 0.0571376159787,
        "stdev": 0.0428814962506
    },
    "spectral_kurtosis": {
        "mean": 18.7577266693,
        "stdev": 17.2764587402
    },
    "spectral_rms": {
        "mean": 0.00380030367523,
        "stdev": 0.00201568705961
    },
    "spectral_rolloff": {
        "mean": 1360.81152344,
        "stdev": 755.09161377
    },
    "spectral_skewness": {
        "mean": 2.753875494,
        "stdev": 1.27870821953
    },
    "spectral_spread": {
        "mean": 2240018,
        "stdev": 1056011.5
    },
    "spectral_strongpeak": {
        "mean": 2.60460186005,
        "stdev": 2.94229483604
    },
    "zerocrossingrate": {
        "mean": 0.0480558052659,
        "stdev": 0.0212427247316
    },
    "barkbands": {
        "mean": [4.42673945145e-06, 0.00048313519801, 0.000498851470184, 0.00075278186705, 0.00124057428911, 0.00118231261149, 0.000703815720044, 0.000965336163063, 0.000733655586373, 0.00500912033021, 0.000733202614356, 0.00169230438769, 0.000670087931212, 0.00085569487419, 0.00140983168967, 0.000939400866628, 0.000891323550604, 0.000124819853227, 2.7086427508e-05, 1.97696917894e-05, 1.36916232805e-05, 9.93612229649e-06, 3.67717825611e-06, 2.23502820518e-06, 8.24937444577e-07, 8.51655528322e-08, 2.31872965273e-09],
        "stdev": [4.77875209981e-06, 0.000638683733996, 0.000733011751436, 0.00306687830016, 0.00301974546164, 0.00119491154328, 0.00143989920616, 0.00328763434663, 0.00301590119489, 0.0118621429428, 0.00273070624098, 0.00642759213224, 0.0019537655171, 0.00206706859171, 0.0038281516172, 0.00275122467428, 0.00193592975847, 0.000374419323634, 7.4176430644e-05, 3.8658396079e-05, 3.44574036717e-05, 1.79193775693e-05, 5.30559009349e-06, 3.16069576911e-06, 1.61560683409e-06, 3.54136830083e-07, 1.40685605388e-08]
    },
    "erbbands": {
        "mean": [0.00701384246349, 0.135204255581, 0.585881114006, 1.35380089283, 4.24130678177, 3.22918152809, 7.18869924545, 9.20575332642, 10.9863300323, 14.6475095749, 20.3605480194, 21.4895019531, 94.6721191406, 124.785858154, 39.5069923401, 85.6392822266, 36.7030563354, 44.2400550842, 74.7864837646, 57.6168937683, 56.2731208801, 37.5299491882, 11.837677002, 2.83230781555, 1.18501520157, 0.937383890152, 0.708791851997, 0.425411522388, 0.35511225462, 0.248087376356, 0.0914396867156, 0.0572205148637, 0.0292009301484, 0.0134539492428, 0.00362371560186, 0.000667593674734, 0.000147123239003, 1.57090180437e-05, 1.09302791316e-05, 2.28513763432e-05],
        "stdev": [0.00743952021003, 0.183265328407, 0.808322548866, 4.42594337463, 17.3766098022, 5.22497177124, 7.33995103836, 10.2503681183, 21.1163463593, 35.5729560852, 81.7761917114, 77.208946228, 293.573272705, 348.842407227, 113.176712036, 319.388793945, 92.0490951538, 93.949760437, 203.945709229, 178.48260498, 136.145111084, 77.1594467163, 27.6503982544, 6.8002576828, 2.78435873985, 1.88407886028, 1.67075693607, 1.12036442757, 0.657770931721, 0.414879858494, 0.126790687442, 0.0752659142017, 0.0479407608509, 0.0242007337511, 0.00909741595387, 0.00250902283005, 0.000575207697693, 7.42291595088e-05, 1.01485047708e-05, 2.14874671656e-05]
    },
    "gfcc": {
        "mean": [-101.663482666, 159.210357666, -154.161560059, 5.15572357178, -47.1142921448, 7.42962789536, -39.3192329407, -6.52807426453, -4.53165626526, -13.5271263123, -8.74053478241, -3.74485445023, 3.6911137104],
        "cov": [[7666.67431641, -332.496368408, -1899.68457031, 233.037277222, 68.5456771851, -59.5923156738, -29.5364513397, -114.669960022, 114.278282166, -245.402801514, -1.0452157259, -191.721450806, 205.683822632], [-332.496368408, 1044.08044434, 493.543487549, -425.70880127, 162.665390015, -75.1342926025, 104.193962097, -96.8385162354, 66.4789123535, -51.0561790466, 21.2279663086, 36.3212356567, -3.61194372177], [-1899.68457031, 493.543487549, 1265.70031738, 76.6382980347, -183.995651245, 99.3890838623, 39.9019813538, 25.8595561981, -87.9627151489, 53.3348693848, 10.1853761673, 30.2778835297, -121.042816162], [233.037277222, -425.70880127, 76.6382980347, 725.743591309, -111.375289917, -9.96410083771, -95.9061508179, 28.3931255341, 18.6640796661, 3.32087421417, -39.75157547, -46.8609237671, -70.2886428833], [68.5456771851, 162.665390015, -183.995651245, -111.375289917, 388.03994751, -71.0417785645, -46.05519104, -19.6453533173, 83.9179000854, 8.75193405151, -49.29271698, 36.0808448792, 20.0038852692], [-59.5923156738, -75.1342926025, 99.3890838623, -9.96410083771, -71.0417785645, 262.684234619, 38.1617202759, 1.60491883755, -53.1601066589, 11.6842012405, 68.3867034912, -33.8909759521, -11.597776413], [-29.5364513397, 104.193962097, 39.9019813538, -95.9061508179, -46.05519104, 38.1617202759, 233.35496521, -0.681656718254, -91.9731216431, -11.6875476837, 14.0965900421, 0.178198084235, 7.53602933884], [-114.669960022, -96.8385162354, 25.8595561981, 28.3931255341, -19.6453533173, 1.60491883755, -0.681656718254, 140.669616699, 19.0899887085, -5.67769956589, -6.09278678894, 12.8334522247, 6.37719631195], [114.278282166, 66.4789123535, -87.9627151489, 18.6640796661, 83.9179000854, -53.1601066589, -91.9731216431, 19.0899887085, 221.215957642, -16.6489582062, -32.9580307007, -1.64509677887, 19.4735374451], [-245.402801514, -51.0561790466, 53.3348693848, 3.32087421417, 8.75193405151, 11.6842012405, -11.6875476837, -5.67769956589, -16.6489582062, 169.398193359, 18.1634368896, -5.12682580948, -40.644317627], [-1.0452157259, 21.2279663086, 10.1853761673, -39.75157547, -49.29271698, 68.3867034912, 14.0965900421, -6.09278678894, -32.9580307007, 18.1634368896, 138.828643799, 11.822388649, -14.5848608017], [-191.721450806, 36.3212356567, 30.2778835297, -46.8609237671, 36.0808448792, -33.8909759521, 0.178198084235, 12.8334522247, -1.64509677887, -5.12682580948, 11.822388649, 99.8371124268, 19.9716014862], [205.683822632, -3.61194372177, -121.042816162, -70.2886428833, 20.0038852692, -11.597776413, 7.53602933884, 6.37719631195, 19.4735374451, -40.644317627, -14.5848608017, 19.9716014862, 115.508392334]],
        "icov": [[0.000328297406668, -0.000704358448274, 0.000891879783012, -0.000510625075549, 0.000408129388234, -0.000391731970012, 0.000275961327134, -0.000261545501417, 0.000380687153665, -1.52892735059e-05, 0.00026137943496, 0.000134970439831, -0.000156199341291], [-0.000704358448274, 0.00556887965649, -0.00434010196477, 0.00311457132921, -0.0028267763555, 0.00297672115266, -0.00256551988423, 0.00323642650619, -0.00313520780765, 0.00190883025061, -0.00280743674375, 0.00136653333902, 0.000162183656357], [0.000891879783012, -0.00434010196477, 0.00491082109511, -0.00255273212679, 0.00277461553924, -0.00278632366098, 0.00189029809553, -0.00239365804009, 0.00248944014311, -0.00129458983429, 0.00261990935542, -0.00154383596964, 0.000839932821691], [-0.000510625075549, 0.00311457132921, -0.00255273212679, 0.00353435799479, -0.00102031568531, 0.00168731296435, -0.000652938615531, 0.0014183386229, -0.0017293500714, 0.00111141684465, -0.00085826771101, 0.000970112741925, 0.00119925604668], [0.000408129388234, -0.0028267763555, 0.00277461553924, -0.00102031568531, 0.00501913530752, -0.00148929806892, 0.00162524334155, -0.00102829525713, 0.00058029324282, -0.00136984547134, 0.00280856806785, -0.00220366520807, 0.000559322303161], [-0.000391731970012, 0.00297672115266, -0.00278632366098, 0.00168731296435, -0.00148929806892, 0.00669847987592, -0.0016889818944, 0.00136131362524, -0.00103915703949, 0.000987209728919, -0.00407654372975, 0.00309096346609, -0.000663515238557], [0.000275961327134, -0.00256551988423, 0.00189029809553, -0.000652938615531, 0.00162524334155, -0.0016889818944, 0.00678358739242, -0.00186269381084, 0.00362498150207, -0.000410223234212, 0.00163399276789, -0.000454770895885, -0.000249393255217], [-0.000261545501417, 0.00323642650619, -0.00239365804009, 0.0014183386229, -0.00102829525713, 0.00136131362524, -0.00186269381084, 0.00955094303936, -0.00284764706157, 0.00122704927344, -0.00117435690481, -0.00045819854131, -0.000326555309584], [0.000380687153665, -0.00313520780765, 0.00248944014311, -0.0017293500714, 0.00058029324282, -0.00103915703949, 0.00362498150207, -0.00284764706157, 0.0080005414784, -0.000560476793908, 0.00190175208263, 0.000146946709719, -0.000834962644149], [-1.52892735059e-05, 0.00190883025061, -0.00129458983429, 0.00111141684465, -0.00136984547134, 0.000987209728919, -0.000410223234212, 0.00122704927344, -0.000560476793908, 0.00751055357978, -0.00174588011578, 0.00103893352207, 0.00203915685415], [0.00026137943496, -0.00280743674375, 0.00261990935542, -0.00085826771101, 0.00280856806785, -0.00407654372975, 0.00163399276789, -0.00117435690481, 0.00190175208263, -0.00174588011578, 0.0111707588658, -0.00367478164844, 0.00184340181295], [0.000134970439831, 0.00136653333902, -0.00154383596964, 0.000970112741925, -0.00220366520807, 0.00309096346609, -0.000454770895885, -0.00045819854131, 0.000146946709719, 0.00103893352207, -0.00367478164844, 0.0136920744553, -0.00296871969476], [-0.000156199341291, 0.000162183656357, 0.000839932821691, 0.00119925604668, 0.000559322303161, -0.000663515238557, -0.000249393255217, -0.000326555309584, -0.000834962644149, 0.00203915685415, 0.00184340181295, -0.00296871969476, 0.0120256980881]]
    },
    "melbands": {
        "mean": [9.72281413851e-05, 0.000265726208454, 0.00035750598181, 0.000259634514805, 0.000234172839555, 0.000217588807573, 0.000160454132129, 0.000168382495758, 0.000169589795405, 0.000119434116641, 0.000490577600431, 0.000543215021025, 0.000110605324153, 0.000181708601303, 0.000155170579092, 5.71652344661e-05, 8.58050552779e-05, 0.000117613977636, 7.82684874139e-05, 7.45502838981e-05, 6.89307562425e-05, 4.45020632469e-05, 2.29589295486e-05, 3.80303822567e-06, 2.00390286409e-06, 7.87579438111e-07, 7.98679423042e-07, 5.58825490771e-07, 4.62148051383e-07, 3.58786053312e-07, 2.14698445689e-07, 1.96678456632e-07, 1.97527512569e-07, 1.08839522284e-07, 5.30952632971e-08, 3.93027903556e-08, 3.19320214714e-08, 2.12115125464e-08, 1.59847708403e-08, 9.78116609929e-09],
        "stdev": [0.000118914242194, 0.000355717580533, 0.00132411485538, 0.000808625947684, 0.000225801923079, 0.000237008425756, 0.000319433544064, 0.000434847432189, 0.000682686863001, 0.00043755970546, 0.00150224310346, 0.00153949577361, 0.000404067628551, 0.000646509055514, 0.000484783871798, 0.000171324325493, 0.000204228475923, 0.000318407954182, 0.000216553336941, 0.000228167424211, 0.000173158943653, 0.00010254841618, 6.11554132774e-05, 1.02546991911e-05, 5.67141114516e-06, 2.01777311304e-06, 1.74627882643e-06, 1.21662696984e-06, 1.06409891032e-06, 9.71882286649e-07, 6.04031242801e-07, 3.89665729017e-07, 3.61618077704e-07, 1.80090481194e-07, 7.79995659173e-08, 5.4104294378e-08, 4.31014228752e-08, 3.71202943938e-08, 2.83328240869e-08, 1.950661499e-08]
    },
    "melbands128": {
        "mean": [3.68462656297e-06, 3.57389071723e-05, 0.000110067230708, 0.00026137023815, 0.000323564105202, 0.000216880333028, 0.000195281696506, 0.000475940527394, 0.000512554834131, 0.00020274266717, 0.000126909973915, 0.000209631645703, 0.000239117158344, 0.000311050796881, 0.000197002635105, 0.000193045183551, 0.000206509532291, 0.000157795555424, 9.44557250477e-05, 0.000179572918569, 0.000210956219235, 0.000152465785504, 0.000180607516086, 0.00014982081484, 0.00015612282732, 4.46031262982e-05, 0.000178866670467, 0.00069359515328, 0.000452050444437, 0.000955946510658, 0.000413607398514, 6.87165593263e-05, 0.000127371342387, 0.000125439779367, 3.9362708776e-05, 0.000231373574934, 0.000393559457734, 7.53308704589e-05, 0.000111090717837, 6.30860449746e-05, 3.77297474188e-05, 5.37493724551e-05, 7.98246692284e-05, 0.000124163285363, 5.36537299922e-05, 0.000137247378007, 0.000181628362043, 2.85447149508e-05, 6.34800453554e-05, 0.00010194137576, 7.16469075996e-05, 5.2501243772e-05, 5.78344734095e-05, 7.96981912572e-05, 9.20460224734e-05, 2.12203540286e-05, 2.28719673032e-05, 4.38631432189e-05, 1.4204710169e-05, 4.79032041767e-06, 2.85816986434e-06, 2.53737403e-06, 3.92376978198e-06, 1.07517337256e-06, 5.71070813749e-07, 8.18680859993e-07, 8.52686355302e-07, 8.38049004415e-07, 6.58000374187e-07, 1.02249509837e-06, 3.8989722384e-07, 4.54159447827e-07, 5.80918310789e-07, 3.83257145131e-07, 4.17279835574e-07, 4.86918679599e-07, 2.7282294468e-07, 1.92623531348e-07, 2.32521031762e-07, 1.9756744507e-07, 1.92541534716e-07, 2.00192701527e-07, 1.96476889869e-07, 2.08573808891e-07, 1.95679888293e-07, 1.30040845647e-07, 7.4373190273e-08, 6.44132995831e-08, 5.70694034252e-08, 4.13802396793e-08, 3.63377772317e-08, 3.99866237899e-08, 4.3337031741e-08, 3.15182830946e-08, 2.51683296426e-08, 2.44918734182e-08, 2.0018307012e-08, 1.68491904873e-08, 1.85369728456e-08, 1.41908511608e-08, 1.09702158468e-08, 9.80851311283e-09, 7.0872072655e-09, 5.40192823806e-09, 3.48824280572e-09, 2.57939936077e-09, 2.09684158925e-09, 1.12823383969e-09, 1.01858721457e-09, 4.73119543543e-10, 6.8024530453e-10, 5.00417374205e-10, 4.82186068851e-10, 2.44540554473e-10, 1.73111094903e-10, 9.39255617727e-11, 6.85234646802e-11, 9.82721889975e-12, 2.7560512466e-12, 2.68959247235e-12, 2.62778123913e-12, 2.57264695658e-12, 2.5210959622e-12, 2.47500110684e-12, 2.44324547573e-12, 2.41795234009e-12, 2.39780591216e-12, 2.38410137986e-12],
        "stdev": [4.28016255682e-06, 3.4457858419e-05, 0.00014883755648, 0.000383108155802, 0.000455597706605, 0.000342134560924, 0.000575320736971, 0.0020482740365, 0.00221158796921, 0.000715231755748, 0.000223748225835, 0.000248297903454, 0.000332744122716, 0.000381215737434, 0.000269595882855, 0.000331568939146, 0.000387521344237, 0.000512347149197, 0.000339886551956, 0.00050465046661, 0.000787434866652, 0.000682665850036, 0.00110273901373, 0.000859952240717, 0.000838614883833, 0.000304133776808, 0.000698783842381, 0.00284452433698, 0.00149683002383, 0.00295805349015, 0.00156169233378, 0.000361105281627, 0.000684574712068, 0.000549836957362, 0.000249298027484, 0.00106478633825, 0.00173018220812, 0.000361713697203, 0.000421060220106, 0.00028024308267, 0.000235962230363, 0.000219840119826, 0.000261289911577, 0.000346003536833, 0.000295281148283, 0.000485449156258, 0.00071350770304, 0.000150987470988, 0.000340414029779, 0.000516246189363, 0.000285542191705, 0.000265937444055, 0.000283068278804, 0.000267330295173, 0.000289326650091, 9.59266617429e-05, 8.93159740372e-05, 0.000143495824886, 5.8474852267e-05, 2.15303298319e-05, 1.11370645755e-05, 7.7716404121e-06, 1.39627290991e-05, 4.07010247727e-06, 2.45416163125e-06, 2.32237334785e-06, 2.22747030421e-06, 3.41688496519e-06, 1.5036609966e-06, 2.68769645118e-06, 9.34594538649e-07, 1.43750185089e-06, 1.50328889958e-06, 9.97532197289e-07, 1.32771856443e-06, 1.58151942742e-06, 7.9137191733e-07, 8.83036591404e-07, 6.72376870625e-07, 5.536717822e-07, 4.54012536011e-07, 4.27359054811e-07, 4.19931666329e-07, 4.35299114088e-07, 3.89144616975e-07, 2.60092321014e-07, 1.24465699969e-07, 1.10578632473e-07, 9.73495488665e-08, 7.2035049925e-08, 5.90845559145e-08, 6.53359535363e-08, 6.88059103027e-08, 4.69601353359e-08, 3.87062115692e-08, 4.76507153735e-08, 4.30022417675e-08, 3.30597309528e-08, 3.59939846817e-08, 2.79483405308e-08, 2.23008260747e-08, 2.37187460783e-08, 1.9745774793e-08, 1.65650995143e-08, 1.10852882429e-08, 9.28040755355e-09, 9.43907707551e-09, 5.27082022472e-09, 5.22970511341e-09, 2.32713470716e-09, 2.87354939843e-09, 2.01918948228e-09, 2.22147633622e-09, 1.41686518074e-09, 1.36996680666e-09, 7.99070976054e-10, 5.12378695028e-10, 6.51315112954e-11, 5.01364618224e-12, 4.88369631194e-12, 4.76619394993e-12, 4.66069283861e-12, 4.56916362385e-12, 4.48954545415e-12, 4.42422010485e-12, 4.37199451989e-12, 4.33337090169e-12, 4.31067768286e-12]
    },
    "mfcc": {
        "mean": [-733.395507812, 182.645309448, -31.2987136841, 1.10175335407, 7.84895992279, 5.65996360779, -18.1034393311, 3.01618003845, 3.03488206863, -5.38819360733, -6.60623598099, -0.58297508955, -2.26724076271],
        "cov": [[6824.59570312, -524.501586914, -1790.54370117, 257.415802002, -141.902023315, 111.205184937, -184.80847168, 20.4211902618, 56.6715965271, 29.6309490204, -134.666519165, -119.767189026, -23.6125431061], [-524.501586914, 1533.63134766, 195.098602295, -340.676971436, 62.6580543518, -22.76304245, 8.54442691803, 0.176677972078, 48.2256240845, -54.8174438477, -28.3047885895, 38.5325508118, 31.7468662262], [-1790.54370117, 195.098602295, 1344.65576172, 53.5076637268, -66.5387649536, 19.1458396912, 141.781402588, 64.2333450317, -118.984329224, 19.5461826324, 99.8524780273, -24.7227210999, -8.56964015961], [257.415802002, -340.676971436, 53.5076637268, 498.843780518, 28.0059642792, -4.29381418228, -63.4911193848, -9.70504570007, 47.6528244019, -40.3728027344, 29.1361560822, -6.79808568954, -7.49716997147], [-141.902023315, 62.6580543518, -66.5387649536, 28.0059642792, 329.457794189, 19.0888252258, -150.822738647, 10.5703344345, 63.9526977539, -6.87489318848, -8.1758146286, 62.5294837952, 24.0849456787], [111.205184937, -22.76304245, 19.1458396912, -4.29381418228, 19.0888252258, 174.670318604, 41.9101104736, -24.9732475281, -17.2986488342, 15.5214147568, 18.6860198975, -3.75893950462, 8.84697341919], [-184.80847168, 8.54442691803, 141.781402588, -63.4911193848, -150.822738647, 41.9101104736, 321.069641113, 15.2713327408, -106.928726196, 23.4899902344, 26.4445533752, -44.1778488159, -9.67608451843], [20.4211902618, 0.176677972078, 64.2333450317, -9.70504570007, 10.5703344345, -24.9732475281, 15.2713327408, 149.333786011, 13.7114477158, -10.777888298, -14.283367157, -5.90887355804, -1.53998589516], [56.6715965271, 48.2256240845, -118.984329224, 47.6528244019, 63.9526977539, -17.2986488342, -106.928726196, 13.7114477158, 198.22819519, -21.5374927521, -34.3516464233, 1.88335621357, 4.87022352219], [29.6309490204, -54.8174438477, 19.5461826324, -40.3728027344, -6.87489318848, 15.5214147568, 23.4899902344, -10.777888298, -21.5374927521, 145.250595093, 25.0153999329, -21.9340515137, -20.8595943451], [-134.666519165, -28.3047885895, 99.8524780273, 29.1361560822, -8.1758146286, 18.6860198975, 26.4445533752, -14.283367157, -34.3516464233, 25.0153999329, 128.141204834, 3.5243268013, -18.8124504089], [-119.767189026, 38.5325508118, -24.7227210999, -6.79808568954, 62.5294837952, -3.75893950462, -44.1778488159, -5.90887355804, 1.88335621357, -21.9340515137, 3.5243268013, 179.506912231, 50.9903564453], [-23.6125431061, 31.7468662262, -8.56964015961, -7.49716997147, 24.0849456787, 8.84697341919, -9.67608451843, -1.53998589516, 4.87022352219, -20.8595943451, -18.8124504089, 50.9903564453, 109.43901825]],
        "icov": [[0.000293674558634, -5.58687279408e-05, 0.000446958787506, -0.000279866013443, 0.000312777032377, -0.00035899496288, 0.000256651750533, -0.000383995502489, 0.000292920070933, -0.000187562895007, 9.21768005355e-05, 0.000177261303179, -4.26598126069e-05], [-5.58687279408e-05, 0.00089673162438, -0.000304468849208, 0.000768239260651, -0.000297585007502, 0.000234505874687, -0.000178516405867, 0.00034568173578, -0.000518004293554, 0.000527247204445, -2.27307500609e-05, -8.21135690785e-05, -4.98834524478e-05], [0.000446958787506, -0.000304468849208, 0.00160356168635, -0.000734457804356, 0.000551405595616, -0.000597843318246, 0.000223640803597, -0.00110402633436, 0.000933561299462, -0.000410638080211, -0.000432318804087, 0.00036886849557, -0.000174767992576], [-0.000279866013443, 0.000768239260651, -0.000734457804356, 0.00306159979664, -0.000505824049469, 0.00045381905511, 1.91566687135e-05, 0.000782942108344, -0.00112829823047, 0.00126885063946, -0.000800652138423, 3.51324524672e-05, 9.43885315792e-05], [0.000312777032377, -0.000297585007502, 0.000551405595616, -0.000505824049469, 0.00468329060823, -0.00146997498814, 0.00222860486247, -0.00120284140576, 2.4699322239e-05, -0.000620907871053, -2.89050221909e-05, -0.000809550925624, -0.000316622637911], [-0.00035899496288, 0.000234505874687, -0.000597843318246, 0.00045381905511, -0.00146997498814, 0.00694015389308, -0.00162059860304, 0.00172987242695, -0.000459613132989, -6.63108148728e-05, -0.000762784155086, 0.000177773385076, -0.000723819364794], [0.000256651750533, -0.000178516405867, 0.000223640803597, 1.91566687135e-05, 0.00222860486247, -0.00162059860304, 0.00534232426435, -0.00132731068879, 0.00212825089693, -0.000409375294112, -0.000238784894464, 0.000728914455976, -0.000333210307872], [-0.000383995502489, 0.00034568173578, -0.00110402633436, 0.000782942108344, -0.00120284140576, 0.00172987242695, -0.00132731068879, 0.00803922116756, -0.00134894053917, 0.000855962338392, 0.000706821971107, -2.9493283364e-05, 0.000263126130449], [0.000292920070933, -0.000518004293554, 0.000933561299462, -0.00112829823047, 2.4699322239e-05, -0.000459613132989, 0.00212825089693, -0.00134894053917, 0.00729365367442, -0.00010112158634, 0.00114125106484, 0.000769627047703, -9.60806864896e-05], [-0.000187562895007, 0.000527247204445, -0.000410638080211, 0.00126885063946, -0.000620907871053, -6.63108148728e-05, -0.000409375294112, 0.000855962338392, -0.00010112158634, 0.00809789076447, -0.0013781710295, 0.000629962247331, 0.000996784539893], [9.21768005355e-05, -2.27307500609e-05, -0.000432318804087, -0.000800652138423, -2.89050221909e-05, -0.000762784155086, -0.000238784894464, 0.000706821971107, 0.00114125106484, -0.0013781710295, 0.00950934272259, -0.000928631401621, 0.00174848292954], [0.000177261303179, -8.21135690785e-05, 0.00036886849557, 3.51324524672e-05, -0.000809550925624, 0.000177773385076, 0.000728914455976, -2.9493283364e-05, 0.000769627047703, 0.000629962247331, -0.000928631401621, 0.00719166453928, -0.00310340058059], [-4.26598126069e-05, -4.98834524478e-05, -0.000174767992576, 9.43885315792e-05, -0.000316622637911, -0.000723819364794, -0.000333210307872, 0.000263126130449, -9.60806864896e-05, 0.000996784539893, 0.00174848292954, -0.00310340058059, 0.0111787728965]]
    },
    "spectral_contrast_coeffs": {
        "mean": [-0.718705177307, -0.737542927265, -0.680290877819, -0.719268858433, -0.736036062241, -0.758243203163],
        "stdev": [0.0651757642627, 0.0668414905667, 0.0960857644677, 0.0779060646892, 0.0733537897468, 0.0536042191088]
    },
    "spectral_contrast_valleys": {
        "mean": [-7.27005529404, -7.13663005829, -8.06262397766, -8.29191303253, -9.26680183411, -12.3949317932],
        "stdev": [0.923901677132, 0.920965254307, 0.993399977684, 1.06322729588, 1.16066706181, 0.968953192234]
    }
},
"rhythm": {
    "beats_count": 319,
    "beats_loudness": {
        "mean": 0.0239932462573,
        "stdev": 0.0177306421101
    },
    "bpm": 95.9183044434,
    "bpm_histogram_first_peak_bpm": 96,
    "bpm_histogram_first_peak_weight": 0.594444513321,
    "bpm_histogram_second_peak_bpm": 129,
    "bpm_histogram_second_peak_spread": 0.401785731316,
    "bpm_histogram_second_peak_weight": 0.210691824555,
    "danceability": 1.00002932549,
    "onset_rate": 2.35750722885,
    "beats_loudness_band_ratio": {
        "mean": [0.241339057684, 0.19295668602, 0.19004444778, 0.274768233299, 0.167682737112, 0.0063028964214],
        "stdev": [0.222497656941, 0.148415863514, 0.177463456988, 0.263233929873, 0.204111859202, 0.0182432364672]
    },
    "beats_position": [0.510838985443, 1.02167797089, 1.52090704441, 2.02013611794, 2.51936507225, 2.99537420273, 3.48299312592, 3.94739222527, 4.41179132462, 4.88780021667, 5.36380958557, 5.8282084465, 6.29260778427, 6.7570066452, 7.22140598297, 7.6858048439, 8.15020370483, 8.6146030426, 9.07900238037, 9.54340076447, 10.0078001022, 10.47219944, 10.9365987778, 11.4009971619, 11.8653964996, 12.3297958374, 12.7941951752, 13.2585935593, 13.722992897, 14.1873922348, 14.6517915726, 15.1045799255, 15.5573692322, 16.0333786011, 16.50938797, 16.9853973389, 17.4614048004, 17.9258041382, 18.4134235382, 18.877822876, 19.3422222137, 19.8182315826, 20.2942390442, 20.758638382, 21.2114276886, 21.6758270264, 22.128616333, 22.5930156708, 23.0574150085, 23.5218143463, 23.9862117767, 24.4506111145, 24.9266204834, 25.3910198212, 25.8438091278, 26.3082084656, 26.7726078033, 27.22539711, 27.6781845093, 28.1309738159, 28.6069831848, 29.0713825226, 29.5241718292, 29.988571167, 30.4645805359, 30.9289798737, 31.4165973663, 31.8926067352, 32.3686180115, 32.8562355042, 33.3206329346, 33.7850341797, 34.2494316101, 34.7138328552, 35.1782302856, 35.6310195923, 36.0838088989, 36.5482063293, 37.0126075745, 37.4770050049, 37.94140625, 38.4174156189, 38.8934249878, 39.3578224182, 39.8222198486, 40.2866210938, 40.7277984619, 41.192199707, 41.6565971375, 42.1209983826, 42.585395813, 43.0497932434, 43.5141944885, 43.9785919189, 44.4429931641, 44.9306106567, 45.3950119019, 45.8826293945, 46.3586387634, 46.8346481323, 47.322265625, 47.8098869324, 48.2742843628, 48.7386856079, 49.2030830383, 49.6790924072, 50.1434898376, 50.5962791443, 51.0606803894, 51.5250778198, 52.0010871887, 52.6164169312, 53.2433547974, 53.8702926636, 54.4740142822, 55.08934021, 55.7046699524, 56.3083877563, 56.9353294373, 57.5622673035, 58.1775970459, 58.8045349121, 59.4198646545, 60.0584106445, 60.6969604492, 61.3238983154, 61.9508361816, 62.5777778625, 63.2163238525, 63.8432655334, 64.470199585, 65.1087493896, 65.7356872559, 66.3626327515, 66.9663467407, 67.5700683594, 68.1853942871, 68.8239440918, 69.450881958, 70.0546035767, 70.6583175659, 71.2620391846, 71.8657608032, 72.4694747925, 73.0731964111, 73.6769180298, 74.280632019, 74.9075698853, 75.5461196899, 76.1846694946, 76.8232192993, 77.461769104, 78.0887069702, 78.7156448364, 79.3425827026, 79.9811325073, 80.6080703735, 81.2582321167, 81.8967819214, 82.5469360352, 83.1970977783, 83.684715271, 84.1491165161, 84.6367340088, 85.112739563, 85.5887527466, 86.0647583008, 86.5175476074, 86.993560791, 87.4695663452, 87.9455795288, 88.4331970215, 88.9324264526, 89.4200439453, 89.907661438, 90.3952789307, 90.8829040527, 91.3705215454, 91.8465270996, 92.3225402832, 92.8101577759, 93.274559021, 93.7505645752, 94.2265777588, 94.702583313, 95.1785888672, 95.6662139893, 96.1538314819, 96.7923812866, 97.4193191528, 98.0346450806, 98.6731948853, 99.3001327515, 99.9154663086, 100.519180298, 101.122901917, 101.749839783, 102.36516571, 102.968887329, 103.572608948, 104.187934875, 104.803260803, 105.430198669, 106.091972351, 106.730522156, 107.36907196, 108.007614136, 108.64616394, 109.284713745, 109.92326355, 110.561813354, 111.200363159, 111.827301025, 112.454238892, 113.081176758, 113.708114624, 114.33505249, 114.961990356, 115.588935852, 116.215873718, 116.831199646, 117.446525574, 118.050247192, 118.653968811, 119.2576828, 119.873016357, 120.511566162, 121.150108337, 121.788658142, 122.427207947, 123.065757751, 123.692695618, 124.319633484, 124.958183289, 125.573509216, 126.200454712, 126.827392578, 127.442718506, 128.069656372, 128.696594238, 129.300308228, 129.915649414, 130.54258728, 131.157913208, 131.784851074, 132.41178894, 133.027114868, 133.642440796, 134.257781982, 134.861495972, 135.488433838, 136.103759766, 136.730697632, 137.357635498, 137.996185303, 138.623123169, 139.261672974, 139.900222778, 140.538772583, 141.165710449, 141.781036377, 142.396362305, 143.02331543, 143.650253296, 144.277191162, 144.904129028, 145.542678833, 146.169616699, 146.784942627, 147.400268555, 148.015594482, 148.642532349, 149.257858276, 149.873199463, 150.500137329, 151.138687134, 151.777236938, 152.415786743, 153.042724609, 153.669662476, 154.30821228, 154.935150146, 155.562088013, 156.17741394, 156.804351807, 157.431289673, 158.058227539, 158.685165405, 159.312103271, 159.950653076, 160.565979004, 161.19291687, 161.796646118, 162.411972046, 163.038909912, 163.642623901, 164.257949829, 164.884887695, 165.51184082, 166.138778687, 166.765716553, 167.392654419, 168.031204224, 168.65814209, 169.296691895, 169.946838379, 170.597000122, 171.223937988, 171.850875854, 172.477813721, 173.104751587, 173.731704712, 174.370239258, 175.008789062, 175.658950806, 176.309112549, 176.959274292, 177.609436035, 178.25958252],
    "bpm_histogram": [0, 0, 0, 0, 0, 0, 0, 0, 0, 0, 0, 0, 0, 0, 0, 0, 0, 0, 0, 0, 0, 0, 0, 0, 0, 0, 0, 0, 0, 0, 0, 0, 0, 0, 0, 0, 0, 0, 0, 0, 0, 0, 0, 0, 0, 0, 0, 0, 0, 0, 0, 0, 0, 0, 0, 0, 0, 0, 0, 0, 0, 0, 0, 0, 0, 0, 0, 0, 0, 0, 0, 0, 0, 0, 0, 0, 0, 0, 0, 0, 0, 0, 0, 0, 0, 0, 0, 0, 0, 0, 0, 0.00314465397969, 0.0314465425909, 0, 0.128930822015, 0, 0.229559749365, 0, 0.103773586452, 0.0723270475864, 0, 0, 0, 0, 0, 0, 0, 0, 0, 0, 0, 0, 0, 0, 0, 0, 0, 0.00314465397969, 0, 0, 0.0125786159188, 0, 0, 0.0597484260798, 0, 0, 0.10062892735, 0, 0, 0.210691824555, 0, 0, 0, 0.0408805049956, 0, 0, 0.00314465397969, 0, 0, 0, 0, 0, 0, 0, 0, 0, 0, 0, 0, 0, 0, 0, 0, 0, 0, 0, 0, 0, 0, 0, 0, 0, 0, 0, 0, 0, 0, 0, 0, 0, 0, 0, 0, 0, 0, 0, 0, 0, 0, 0, 0, 0, 0, 0, 0, 0, 0, 0, 0, 0, 0, 0, 0, 0, 0, 0, 0, 0, 0, 0, 0, 0, 0, 0, 0, 0, 0, 0, 0, 0, 0, 0, 0, 0, 0, 0, 0, 0, 0, 0, 0, 0, 0, 0, 0, 0, 0, 0, 0, 0, 0, 0, 0, 0, 0, 0, 0, 0, 0, 0, 0, 0, 0, 0, 0, 0, 0, 0, 0, 0]
},
"tonal": {
    "chords_changes_rate": 0.0430497936904,
    "chords_number_rate": 0.00207468890585,
    "chords_strength": {
        "mean": 0.527480483055,
        "stdev": 0.105032935739
    },
    "hpcp_crest": {
        "mean": 14.9788808823,
        "stdev": 6.6160235405
    },
    "hpcp_entropy": {
        "mean": 1.77116322517,
        "stdev": 0.617893397808
    },
    "key_edma": {
        "strength": 0.790182411671,
        "key": "C",
        "scale": "major"
    },
    "key_krumhansl": {
        "strength": 0.793401002884,
        "key": "C",
        "scale": "major"
    },
    "key_temperley": {
        "strength": 0.797002613544,
        "key": "C",
        "scale": "major"
    },
    "tuning_diatonic_strength": 0.626840412617,
    "tuning_equal_tempered_deviation": 0,
    "tuning_frequency": 438.477722168,
    "tuning_nontempered_energy_ratio": 0.632424175739,
    "hpcp": {
        "mean": [0.276314347982, 0.170769557357, 0.0480674915016, 0.0239321086556, 0.0209472291172, 0.0753375962377, 0.154049634933, 0.122413598001, 0.142916768789, 0.220916941762, 0.140563443303, 0.0543674975634, 0.0411423631012, 0.0357217118144, 0.137727111578, 0.26541569829, 0.193991869688, 0.0676217451692, 0.033283252269, 0.0324083976448, 0.150979027152, 0.271072924137, 0.164460465312, 0.0937834009528, 0.131532549858, 0.0983559042215, 0.0888726040721, 0.0915749594569, 0.0629485547543, 0.184966742992, 0.373465299606, 0.269855111837, 0.0844786763191, 0.044224422425, 0.0441638343036, 0.167166635394],
        "stdev": [0.355725824833, 0.264212161303, 0.141588866711, 0.0937391594052, 0.0839693844318, 0.1428642869, 0.236309558153, 0.19687910378, 0.209038034081, 0.29041197896, 0.210716992617, 0.146269857883, 0.123904667795, 0.106802500784, 0.204279541969, 0.335445910692, 0.272957772017, 0.16769374907, 0.105829671025, 0.0963552221656, 0.204190075397, 0.335202485323, 0.215798482299, 0.180344238877, 0.279548853636, 0.196323215961, 0.211548924446, 0.18883498013, 0.139910772443, 0.222900301218, 0.367116808891, 0.287100076675, 0.189144596457, 0.141534894705, 0.135535314679, 0.256482034922]
    },
    "chords_histogram": [33.9989624023, 3.50103735924, 25.9076766968, 1.06327795982, 5.21265554428, 0, 0.103734441102, 0, 0, 0, 0, 0, 0, 0, 0, 0.0518672205508, 0, 0.389004141092, 0, 0.985477149487, 0, 3.37136936188, 10.7105808258, 14.7043571472],
    "thpcp": [1, 0.722570776939, 0.226202204823, 0.118416413665, 0.118254184723, 0.4476095438, 0.739866197109, 0.457256823778, 0.12870670855, 0.0640812143683, 0.0560888238251, 0.201725825667, 0.412487149239, 0.327777713537, 0.38267749548, 0.591532707214, 0.376376181841, 0.145575761795, 0.11016381532, 0.0956493467093, 0.368781536818, 0.710683703423, 0.519437491894, 0.181065678596, 0.089120067656, 0.0867775306106, 0.404265195131, 0.725831627846, 0.440363436937, 0.251116782427, 0.352194845676, 0.263360232115, 0.237967506051, 0.245203390718, 0.168552622199, 0.49527156353],
    "chords_key": "C",
    "chords_scale": "major"
}
}