{
"metadata": {
    "version": {
        "essentia": "2.1-dev",
        "essentia_git_sha": "v2.1_beta3-415-gd5473f3",
        "extractor": "music 2.0"
    },
    "audio_properties": {
        "analysis": {
            "equal_loudness": 0,
            "length": 292.597564697,
            "sample_rate": 44100,
            "start_time": 0,
            "downmix": "mix"
        },
        "bit_rate": 160000,
        "length": 292.597564697,
        "lossless": 0,
        "number_channels": 2,
        "replay_gain": -7.20338439941,
        "sample_rate": 44100,
        "codec": "mp3",
        "md5_encoded": "8d64d4040ebad0bb09766db0a5cf2ff1"
    },
    "tags": {
        "file_name": "randy_crawford-i_stand_accused.mp3",
        "album": ["The very best of Randy Crawford"],
        "artist": ["Randy Crawford"],
        "genre": ["genre"],
        "length": ["292440"],
        "media": ["DIG"],
        "title": ["I stand accused"],
        "tracknumber": ["15"]
    }
},
"lowlevel": {
    "average_loudness": 0.130801677704,
    "barkbands_crest": {
        "mean": 12.3986558914,
        "stdev": 4.92774248123
    },
    "barkbands_flatness_db": {
        "mean": 0.224105283618,
        "stdev": 0.0779513195157
    },
    "barkbands_kurtosis": {
        "mean": 10.1246500015,
        "stdev": 24.1587371826
    },
    "barkbands_skewness": {
        "mean": 1.36163187027,
        "stdev": 1.89011442661
    },
    "barkbands_spread": {
        "mean": 11.4171924591,
        "stdev": 13.86348629
    },
    "dissonance": {
        "mean": 0.405613332987,
        "stdev": 0.0674733668566
    },
    "dynamic_complexity": 9.52726078033,
    "erbbands_crest": {
        "mean": 14.2377634048,
        "stdev": 6.35146284103
    },
    "erbbands_flatness_db": {
        "mean": 0.240233838558,
        "stdev": 0.0785248577595
    },
    "erbbands_kurtosis": {
        "mean": 6.11658573151,
        "stdev": 12.3276376724
    },
    "erbbands_skewness": {
        "mean": 1.058193326,
        "stdev": 1.50681328773
    },
    "erbbands_spread": {
        "mean": 20.6873283386,
        "stdev": 17.758480072
    },
    "hfc": {
        "mean": 9.95183086395,
        "stdev": 21.3252429962
    },
    "loudness_ebu128": {
        "integrated": -19.5909309387,
        "loudness_range": 15.009967804,
        "momentary": {
            "mean": -27.0484981537,
            "stdev": 11.1677112579
        },
        "short_term": {
            "mean": -24.5513629913,
            "stdev": 8.37470531464
        }
    },
    "melbands_crest": {
        "mean": 15.1088132858,
        "stdev": 5.56519508362
    },
    "melbands_flatness_db": {
        "mean": 0.297505438328,
        "stdev": 0.101930521429
    },
    "melbands_kurtosis": {
        "mean": 13.5760593414,
        "stdev": 27.481420517
    },
    "melbands_skewness": {
        "mean": 1.7188270092,
        "stdev": 1.94487118721
    },
    "melbands_spread": {
        "mean": 15.9701251984,
        "stdev": 21.391992569
    },
    "pitch_salience": {
        "mean": 0.534953773022,
        "stdev": 0.134826406837
    },
    "silence_rate_20dB": {
        "mean": 1,
        "stdev": 0
    },
    "silence_rate_30dB": {
        "mean": 0.999920666218,
        "stdev": 0.00890712533146
    },
    "silence_rate_60dB": {
        "mean": 0.562802493572,
        "stdev": 0.496037125587
    },
    "spectral_centroid": {
        "mean": 948.841491699,
        "stdev": 821.486816406
    },
    "spectral_complexity": {
        "mean": 5.79949235916,
        "stdev": 5.28668832779
    },
    "spectral_decrease": {
        "mean": -2.05865702263e-09,
        "stdev": 3.26170979115e-09
    },
    "spectral_energy": {
        "mean": 0.00867250002921,
        "stdev": 0.0139138698578
    },
    "spectral_energyband_high": {
        "mean": 0.000171659878106,
        "stdev": 0.00066507270094
    },
    "spectral_energyband_low": {
        "mean": 0.000698959978763,
        "stdev": 0.00192540429998
    },
    "spectral_energyband_middle_high": {
        "mean": 0.00412366492674,
        "stdev": 0.010279757902
    },
    "spectral_energyband_middle_low": {
        "mean": 0.00397874228656,
        "stdev": 0.00794118270278
    },
    "spectral_entropy": {
        "mean": 6.57381820679,
        "stdev": 0.841155290604
    },
    "spectral_flux": {
        "mean": 0.04220674932,
        "stdev": 0.0550198704004
    },
    "spectral_kurtosis": {
        "mean": 17.4104309082,
        "stdev": 18.6252384186
    },
    "spectral_rms": {
        "mean": 0.00215997034684,
        "stdev": 0.00194820552133
    },
    "spectral_rolloff": {
        "mean": 1282.99291992,
        "stdev": 1981.48510742
    },
    "spectral_skewness": {
        "mean": 2.91565465927,
        "stdev": 1.54704475403
    },
    "spectral_spread": {
        "mean": 3532591.75,
        "stdev": 2013200.375
    },
    "spectral_strongpeak": {
        "mean": 1.15388011932,
        "stdev": 2.14474391937
    },
    "zerocrossingrate": {
        "mean": 0.0484366640449,
        "stdev": 0.055218860507
    },
    "barkbands": {
        "mean": [3.50928485204e-06, 0.000298395869322, 0.000205618533073, 0.000430908112321, 0.000607647874858, 0.00066944793798, 0.000615003460553, 0.000634872470982, 0.00081333622802, 0.000479441514472, 0.000433800218161, 0.000609953538515, 0.000447497470304, 0.000584083201829, 0.000402981240768, 0.000470121798571, 0.000286876718746, 0.000151387270307, 0.000186112360097, 0.000236786101595, 1.86901816051e-05, 2.80350177491e-05, 2.76494938589e-05, 1.52677730512e-05, 1.02228377727e-05, 4.5440078793e-06, 3.11660301122e-07],
        "stdev": [8.39027507027e-06, 0.000883138040081, 0.000881418818608, 0.00241483421996, 0.00194378895685, 0.00186922319699, 0.00203124224208, 0.00201552500948, 0.00421911198646, 0.00235080998391, 0.00223786220886, 0.00305948220193, 0.00304436893202, 0.00326852826402, 0.0024442076683, 0.0031172435265, 0.00158910336904, 0.00069710216485, 0.00102644274011, 0.00124216254335, 0.000110299981316, 0.000138244067784, 0.000114453192509, 7.53518470447e-05, 6.28209818387e-05, 2.29577472055e-05, 1.78331731604e-06]
    },
    "erbbands": {
        "mean": [0.00585367390886, 0.0771183520555, 0.222278445959, 0.885621011257, 1.53485167027, 2.01534438133, 4.50924396515, 5.40408182144, 8.9953546524, 10.5404891968, 16.3785743713, 19.3732585907, 13.6365432739, 14.2257499695, 22.2326984406, 25.180562973, 23.4424762726, 29.2234783173, 22.7653503418, 20.745464325, 25.8118362427, 15.4590301514, 8.33762359619, 7.73131275177, 14.4208621979, 9.62884044647, 1.92186367512, 0.688781797886, 0.960086882114, 1.08920657635, 0.69700217247, 0.370685487986, 0.236638650298, 0.133086040616, 0.0630810111761, 0.0219171959907, 0.00823073834181, 0.00151251221541, 3.92042347812e-05, 1.19104970508e-05],
        "stdev": [0.0175824183971, 0.227438554168, 0.776671171188, 4.13717126846, 9.25117874146, 6.20366430283, 13.1627826691, 16.0838928223, 28.7675075531, 30.6646022797, 60.9820823669, 98.1192321777, 67.7540283203, 76.1053390503, 105.265319824, 126.206108093, 144.516540527, 155.309143066, 115.839576721, 115.43812561, 158.77645874, 77.1853561401, 37.8359298706, 34.5365142822, 77.0404129028, 47.6064834595, 9.78579521179, 3.91931700706, 5.1999874115, 4.62480640411, 2.93304014206, 1.68941617012, 1.25148415565, 0.819675445557, 0.390004366636, 0.115380629897, 0.0419899709523, 0.00771942408755, 0.00017550913617, 1.94408876268e-05]
    },
    "gfcc": {
        "mean": [-199.545150757, 116.816314697, -104.195770264, 4.81204128265, -55.7889823914, -0.0421660728753, -42.635597229, 3.61347770691, -20.3694419861, 3.47781229019, -11.9935865402, -1.68542611599, -12.5226173401],
        "cov": [[22918.3808594, -785.103820801, -3656.71166992, 255.656723022, -493.771148682, 164.158889771, 96.2210769653, -34.6938095093, -80.6828689575, -202.010253906, 248.653564453, -146.026245117, -201.427825928], [-785.103820801, 3146.55102539, 939.249328613, -854.673522949, 399.486480713, -362.600494385, 102.173454285, -111.789024353, 153.477081299, -59.8600082397, -11.2635631561, -146.804412842, 99.4055633545], [-3656.71166992, 939.249328613, 2527.33520508, 147.188079834, -63.937461853, -45.2800102234, -104.162086487, 17.5832252502, -44.6550979614, 86.1326751709, -198.476806641, 116.35824585, -9.16090869904], [255.656723022, -854.673522949, 147.188079834, 880.723388672, 69.1140441895, 94.5383071899, -75.3251876831, 43.5281066895, -46.0915794373, 21.6173305511, -21.8491706848, 74.5126037598, -34.3024024963], [-493.771148682, 399.486480713, -63.937461853, 69.1140441895, 561.181640625, 55.2133293152, 25.0210475922, -34.8468513489, 47.3797950745, 13.0998535156, 3.41403961182, -12.9984951019, -0.504660308361], [164.158889771, -362.600494385, -45.2800102234, 94.5383071899, 55.2133293152, 432.430450439, 119.849472046, -34.1958808899, -74.16040802, -0.513947308064, 20.833820343, 24.8564682007, -11.0300779343], [96.2210769653, 102.173454285, -104.162086487, -75.3251876831, 25.0210475922, 119.849472046, 318.03414917, 99.6253585815, 37.5847930908, -12.3549919128, 8.33463668823, -59.9971733093, 3.08963918686], [-34.6938095093, -111.789024353, 17.5832252502, 43.5281066895, -34.8468513489, -34.1958808899, 99.6253585815, 268.78515625, 117.579811096, 25.485956192, -48.6037330627, -23.8563117981, -15.4833507538], [-80.6828689575, 153.477081299, -44.6550979614, -46.0915794373, 47.3797950745, -74.16040802, 37.5847930908, 117.579811096, 232.147125244, 66.7216873169, -5.04498100281, -35.9918632507, -14.0982904434], [-202.010253906, -59.8600082397, 86.1326751709, 21.6173305511, 13.0998535156, -0.513947308064, -12.3549919128, 25.485956192, 66.7216873169, 177.080322266, 46.2726020813, 4.59755277634, -24.6989955902], [248.653564453, -11.2635631561, -198.476806641, -21.8491706848, 3.41403961182, 20.833820343, 8.33463668823, -48.6037330627, -5.04498100281, 46.2726020813, 208.509658813, 44.3224945068, 12.5051689148], [-146.026245117, -146.804412842, 116.35824585, 74.5126037598, -12.9984951019, 24.8564682007, -59.9971733093, -23.8563117981, -35.9918632507, 4.59755277634, 44.3224945068, 160.451843262, 41.8912506104], [-201.427825928, 99.4055633545, -9.16090869904, -34.3024024963, -0.504660308361, -11.0300779343, 3.08963918686, -15.4833507538, -14.0982904434, -24.6989955902, 12.5051689148, 41.8912506104, 141.557846069]],
        "icov": [[7.76838933234e-05, -0.000153194909217, 0.00020556653908, -0.000172457250301, 0.000219017398194, -0.000123113451991, 5.30084544152e-05, -5.72719109186e-05, 8.21411740617e-05, -7.35317807994e-05, 0.000108534761239, -0.000153167769895, 0.000204486554139], [-0.000153194909217, 0.00144019653089, -0.00106306327507, 0.00128973240498, -0.00139868585393, 0.00108589557931, -0.000580999476369, 0.000736619811505, -0.000769811857026, 0.00099820131436, -0.000960450735874, 0.00128921412397, -0.00101189408451], [0.00020556653908, -0.00106306327507, 0.00141927367076, -0.00102422107011, 0.00117445690557, -0.000711883010808, 0.000353134295437, -0.000445559970103, 0.000734231609385, -0.0011622303864, 0.00141433358658, -0.00151340756565, 0.000968212785665], [-0.000172457250301, 0.00128973240498, -0.00102422107011, 0.00253698322922, -0.00153958448209, 0.000621806830168, 3.12184374707e-06, -2.63677866315e-05, -0.000243242015131, 0.000736553047318, -0.000748925027438, 0.000647495384328, -0.000583753339015], [0.000219017398194, -0.00139868585393, 0.00117445690557, -0.00153958448209, 0.00340781942941, -0.00129525805824, 0.000323388667312, 5.7773446315e-05, -0.000100754099549, -0.000926082662772, 0.00108546728734, -0.00116373470519, 0.000984134385362], [-0.000123113451991, 0.00108589557931, -0.000711883010808, 0.000621806830168, -0.00129525805824, 0.00403474410996, -0.0022440480534, 0.00126632140018, 0.00042404155829, 0.000184873308172, -0.000419785501435, -8.11341487861e-06, -0.000221892856644], [5.30084544152e-05, -0.000580999476369, 0.000353134295437, 3.12184374707e-06, 0.000323388667312, -0.0022440480534, 0.00540904421359, -0.00268196850084, 0.000255013612332, 0.000440308824182, -0.000793633807916, 0.00162125122733, -0.000385523511795], [-5.72719109186e-05, 0.000736619811505, -0.000445559970103, -2.63677866315e-05, 5.7773446315e-05, 0.00126632140018, -0.00268196850084, 0.00683233467862, -0.00329901347868, 0.000161853327882, 0.00120135594625, -0.000284352921881, -5.15693136549e-05], [8.21411740617e-05, -0.000769811857026, 0.000734231609385, -0.000243242015131, -0.000100754099549, 0.00042404155829, 0.000255013612332, -0.00329901347868, 0.00760483928025, -0.00292089395225, 0.000516470754519, -5.93735694565e-06, 0.000516202242579], [-7.35317807994e-05, 0.00099820131436, -0.0011622303864, 0.000736553047318, -0.000926082662772, 0.000184873308172, 0.000440308824182, 0.000161853327882, -0.00292089395225, 0.00838235020638, -0.00309938704595, 0.00129392708186, 0.000379406235879], [0.000108534761239, -0.000960450735874, 0.00141433358658, -0.000748925027438, 0.00108546728734, -0.000419785501435, -0.000793633807916, 0.00120135594625, 0.000516470754519, -0.00309938704595, 0.00762191182002, -0.00351614225656, 0.000736696762033], [-0.000153167769895, 0.00128921412397, -0.00151340756565, 0.000647495384328, -0.00116373470519, -8.11341487861e-06, 0.00162125122733, -0.000284352921881, -5.93735694565e-06, 0.00129392708186, -0.00351614225656, 0.01043609716, -0.00368814356625], [0.000204486554139, -0.00101189408451, 0.000968212785665, -0.000583753339015, 0.000984134385362, -0.000221892856644, -0.000385523511795, -5.15693136549e-05, 0.000516202242579, 0.000379406235879, 0.000736696762033, -0.00368814356625, 0.00911995768547]]
    },
    "melbands": {
        "mean": [7.0441456046e-05, 0.000113869151392, 0.000181013427209, 0.000115368995466, 0.000149372062879, 0.000124453450553, 0.00013449054677, 0.000117787800264, 0.000153027969645, 0.000108510888822, 6.45194013487e-05, 5.49475080334e-05, 6.49345602142e-05, 7.10447711754e-05, 5.72686185478e-05, 4.36170776084e-05, 5.86798487348e-05, 3.64798979717e-05, 3.06622678181e-05, 3.2203795854e-05, 2.82047385554e-05, 1.72377858689e-05, 1.00966926766e-05, 6.2007188717e-06, 6.14322198089e-06, 6.59058468955e-06, 1.35019135996e-05, 4.90307638756e-06, 1.43642091643e-06, 4.09519003597e-07, 3.62281923572e-07, 5.10086749728e-07, 6.13227200574e-07, 6.07096410477e-07, 4.20847555915e-07, 2.89556197686e-07, 2.04542317306e-07, 1.73527226366e-07, 1.32591310376e-07, 1.05521785088e-07],
        "stdev": [0.000208464334719, 0.000348605739418, 0.000944599159993, 0.000463446020149, 0.000407640822232, 0.000361218961189, 0.000433115346823, 0.000346571032424, 0.0006402459112, 0.000543041445781, 0.00034565871465, 0.000312436313834, 0.000323644082528, 0.000341602426488, 0.000304115994368, 0.000311281619361, 0.000337616860634, 0.000207260876778, 0.000201978240511, 0.00022392522078, 0.000182449846761, 0.000103659403976, 5.2735733334e-05, 3.17298035952e-05, 3.05342109641e-05, 3.77585965907e-05, 7.32333865017e-05, 2.81377106148e-05, 8.36311846797e-06, 2.90895059152e-06, 2.20253195948e-06, 3.12972474603e-06, 2.74528088084e-06, 2.70187433671e-06, 1.83276085863e-06, 1.28856106585e-06, 1.01346779502e-06, 9.21578987345e-07, 7.89461353179e-07, 6.7768144163e-07]
    },
    "melbands128": {
        "mean": [3.03073079522e-06, 3.0017014069e-05, 0.00010617391672, 0.000134272704599, 0.000106334839074, 0.000106789084384, 0.00017099561228, 0.000229061784921, 0.00015764690761, 8.01551432232e-05, 8.6525491497e-05, 0.000150396808749, 0.000161697185831, 0.000157564034453, 0.000117382252938, 0.000110224274977, 0.000124197351397, 0.000165134639246, 0.00010145871056, 0.00011707773956, 0.000139386422234, 9.99070834951e-05, 0.000145545403939, 0.000231975864153, 0.000154553417815, 4.46226767963e-05, 4.53835673397e-05, 9.31581671466e-05, 4.77599678561e-05, 5.70298652747e-05, 6.07501424383e-05, 4.34556459368e-05, 5.39458123967e-05, 9.87341991276e-05, 6.8735840614e-05, 6.15960598225e-05, 8.25012466521e-05, 4.38482784375e-05, 5.6109191064e-05, 5.98140286456e-05, 3.69013359887e-05, 2.36650012084e-05, 6.39583304292e-05, 8.10496858321e-05, 3.76322423108e-05, 2.58896743617e-05, 3.54848270945e-05, 3.82423058909e-05, 2.57919964497e-05, 1.74755805347e-05, 3.53252253262e-05, 4.54002838524e-05, 3.08188646159e-05, 1.99388705369e-05, 2.36309660977e-05, 1.75382792804e-05, 1.11837871373e-05, 1.26895938592e-05, 9.49527475314e-06, 5.71596319787e-06, 4.59559942101e-06, 7.72520161263e-06, 8.38015057525e-06, 5.47759418623e-06, 3.09555275635e-06, 2.92239724331e-06, 9.8061918834e-06, 1.92591687664e-05, 1.39805024446e-05, 7.16462272976e-06, 4.55080589745e-06, 4.33042714576e-06, 2.32535853684e-06, 7.76174147177e-07, 4.86793226173e-07, 4.29589874784e-07, 3.62417893029e-07, 3.54231275423e-07, 3.38895745244e-07, 3.95369113448e-07, 4.6007534138e-07, 5.90842432757e-07, 5.73037596041e-07, 6.31245484328e-07, 6.03360831519e-07, 6.71343343583e-07, 6.18480612502e-07, 4.81681297515e-07, 4.00102294407e-07, 3.87175049354e-07, 3.3929038068e-07, 2.55907622204e-07, 2.14060605686e-07, 2.02654220516e-07, 2.00527949801e-07, 1.87423694342e-07, 1.67653169569e-07, 1.57200034323e-07, 1.3257343312e-07, 1.18718190834e-07, 1.1837313707e-07, 1.03629254511e-07, 9.2931500717e-08, 7.75939668074e-08, 7.46123234308e-08, 6.31297112363e-08, 5.09046209629e-08, 4.06411544418e-08, 3.3217212092e-08, 3.21483888399e-08, 2.95992030885e-08, 2.96316464699e-08, 2.69710120904e-08, 2.2574241143e-08, 1.99116936273e-08, 1.67032947473e-08, 1.23777308403e-08, 1.42127387637e-09, 1.41969151279e-12, 1.36588602841e-12, 1.33631376364e-12, 1.3124696642e-12, 1.28386288146e-12, 1.25756436514e-12, 1.24606379902e-12, 1.23805913438e-12, 1.23070303948e-12, 1.21979672457e-12],
        "stdev": [7.96303720563e-06, 9.5101982879e-05, 0.000335534772603, 0.000414709735196, 0.000363957311492, 0.000489354948513, 0.000742768577766, 0.00142360222526, 0.00106636749115, 0.0003629012499, 0.000345910637407, 0.000532390142325, 0.000570392119698, 0.000585737347137, 0.000420527678216, 0.000509863486513, 0.000554524711333, 0.000631704460829, 0.000506435288116, 0.00040428165812, 0.000516462081578, 0.000437382841483, 0.000776418542955, 0.00150358758401, 0.000977686489932, 0.000302081549307, 0.000287180126179, 0.000584607652854, 0.000393922411604, 0.000404858321417, 0.000478684116388, 0.000374864757759, 0.000411020911997, 0.000617104640696, 0.000542101217434, 0.000447165512014, 0.000619447731879, 0.000342722341884, 0.000513411941938, 0.000531916681211, 0.000455202389276, 0.000232432998018, 0.000500575290062, 0.000580152496696, 0.000346973771229, 0.000252463447396, 0.000316911522532, 0.000344614847563, 0.000282544875517, 0.000184489486855, 0.000357033568434, 0.000409164640587, 0.000300638988847, 0.000190333303181, 0.00022597926727, 0.000145159749081, 8.15790772322e-05, 9.20409656828e-05, 6.89216467435e-05, 5.07768381794e-05, 4.00715107389e-05, 6.06881512795e-05, 5.80157502554e-05, 3.68402907043e-05, 2.95328081847e-05, 2.7017249522e-05, 8.13524311525e-05, 0.000133752022521, 0.000105429397081, 6.17529804003e-05, 3.78770782845e-05, 3.47375535057e-05, 1.79790149559e-05, 5.32903459316e-06, 4.65937637273e-06, 3.88766284232e-06, 3.05541880152e-06, 2.96177222481e-06, 2.13311682273e-06, 2.97692099593e-06, 2.95537438433e-06, 4.46260992248e-06, 3.18761431117e-06, 3.22530263475e-06, 3.12632118948e-06, 4.01374882131e-06, 3.19190280607e-06, 2.48352512244e-06, 1.99090345632e-06, 2.12213285522e-06, 1.74695651367e-06, 1.21504331219e-06, 1.07396351723e-06, 1.07312848741e-06, 1.14523652428e-06, 1.06382367449e-06, 9.46478735386e-07, 9.72127281784e-07, 8.27492897315e-07, 7.56472616104e-07, 8.64413493673e-07, 6.89974001489e-07, 6.10747065366e-07, 5.46290777947e-07, 4.97468420235e-07, 4.09522073141e-07, 3.0121771033e-07, 2.32366460295e-07, 1.7338696523e-07, 1.86388689372e-07, 1.63154950883e-07, 1.53196197061e-07, 1.47042470644e-07, 1.24421035252e-07, 1.05378717308e-07, 8.73651657685e-08, 6.99390838577e-08, 8.67670646443e-09, 3.52529637426e-12, 3.38914378332e-12, 3.3003294108e-12, 3.22334693659e-12, 3.15810246877e-12, 3.10084488468e-12, 3.05334295174e-12, 3.01560751197e-12, 2.98786646466e-12, 2.97144036807e-12]
    },
    "mfcc": {
        "mean": [-841.031982422, 146.002227783, 11.8073348999, 9.75451278687, 3.87768220901, -4.40213489532, -9.37302780151, -5.15587472916, -8.46558856964, 2.58831930161, -2.33922386169, -0.713100075722, 1.53521442413],
        "cov": [[16337.5605469, -790.494445801, -3026.26245117, -117.327033997, -539.816345215, -22.9790840149, 109.44103241, 379.948028564, -460.267059326, 364.240509033, -176.585159302, -60.8415145874, 435.288818359], [-790.494445801, 3243.2890625, 649.579650879, -300.107635498, 111.16582489, -95.0583648682, -64.8223648071, -135.895187378, 166.108184814, -35.4821624756, 45.5992698669, 63.6425628662, -121.756912231], [-3026.26245117, 649.579650879, 1909.26293945, 246.15687561, 86.8221740723, 53.3307495117, -28.3972549438, -97.3080444336, 142.035049438, -120.097679138, 31.403093338, 23.5959873199, -193.572525024], [-117.327033997, -300.107635498, 246.15687561, 619.121459961, 199.520614624, -5.55354070663, -37.1089515686, 21.0375766754, 25.557062149, -7.13372516632, 16.1399078369, 30.2380752563, 18.5378246307], [-539.816345215, 111.16582489, 86.8221740723, 199.520614624, 399.176879883, 126.44682312, -9.63418769836, -10.1646337509, 13.0594520569, -44.7689704895, -1.27037966251, 19.5428619385, -1.23875463009], [-22.9790840149, -95.0583648682, 53.3307495117, -5.55354070663, 126.44682312, 353.338745117, 148.085647583, 22.3621921539, -32.3624610901, -27.8192405701, 8.19155979156, -31.9385662079, -17.7681770325], [109.44103241, -64.8223648071, -28.3972549438, -37.1089515686, -9.63418769836, 148.085647583, 268.810394287, 83.252456665, -10.5639734268, 14.3809452057, -17.8268051147, -27.3979949951, -3.011323452], [379.948028564, -135.895187378, -97.3080444336, 21.0375766754, -10.1646337509, 22.3621921539, 83.252456665, 224.584945679, 66.7338485718, 45.3231773376, 4.98339557648, -14.4606399536, 16.0434932709], [-460.267059326, 166.108184814, 142.035049438, 25.557062149, 13.0594520569, -32.3624610901, -10.5639734268, 66.7338485718, 272.492553711, 74.7222747803, 32.2015342712, 20.8937568665, -31.9230480194], [364.240509033, -35.4821624756, -120.097679138, -7.13372516632, -44.7689704895, -27.8192405701, 14.3809452057, 45.3231773376, 74.7222747803, 223.825561523, 74.3296127319, 9.57040596008, 38.526348114], [-176.585159302, 45.5992698669, 31.403093338, 16.1399078369, -1.27037966251, 8.19155979156, -17.8268051147, 4.98339557648, 32.2015342712, 74.3296127319, 205.331222534, 58.3369026184, 7.22806835175], [-60.8415145874, 63.6425628662, 23.5959873199, 30.2380752563, 19.5428619385, -31.9385662079, -27.3979949951, -14.4606399536, 20.8937568665, 9.57040596008, 58.3369026184, 153.028030396, 62.4869499207], [435.288818359, -121.756912231, -193.572525024, 18.5378246307, -1.23875463009, -17.7681770325, -3.011323452, 16.0434932709, -31.9230480194, 38.526348114, 7.22806835175, 62.4869499207, 190.339065552]],
        "icov": [[0.000110521286842, -5.07926088176e-05, 0.000170247411006, -0.000142906545079, 0.000224746981985, -0.000154129127623, 0.000108092957817, -0.000175208275323, 0.000186842691619, -0.000155693269335, 0.000157241462148, -5.92668729951e-05, -1.82969943125e-05], [-5.07926088176e-05, 0.000437099632109, -0.000224537798204, 0.000435872731032, -0.000444291828899, 0.000346335989889, -0.000160625641001, 0.000273521029158, -0.000274238816928, 8.06075331639e-05, -0.00014475203352, -7.98946493887e-05, 9.82191268122e-05], [0.000170247411006, -0.000224537798204, 0.00102567777503, -0.000677815347444, 0.000608698232099, -0.000496284163091, 0.000145964615513, 4.39306531916e-05, -0.000110625784146, 0.000157623318955, 0.000153852030053, -0.000302541244309, 0.000575403741095], [-0.000142906545079, 0.000435872731032, -0.000677815347444, 0.00267859501764, -0.00179928413127, 0.00093511788873, -0.000127115315991, -8.66251357365e-05, -0.000195660119061, 4.11081127822e-05, -0.000361691374565, 1.39013336593e-05, -0.000295663368888], [0.000224746981985, -0.000444291828899, 0.000608698232099, -0.00179928413127, 0.00452244980261, -0.00235225167125, 0.00113991752733, -0.000310542527586, 2.98586128338e-05, 0.000236249499721, 0.000655332813039, -0.000621034763753, -1.36620656122e-05], [-0.000154129127623, 0.000346335989889, -0.000496284163091, 0.00093511788873, -0.00235225167125, 0.00521230418235, -0.00292105367407, 0.000574977195356, 4.5960652642e-05, 0.000686674087774, -0.00125323468819, 0.00106688728556, -7.91222119005e-05], [0.000108092957817, -0.000160625641001, 0.000145964615513, -0.000127115315991, 0.00113991752733, -0.00292105367407, 0.00609269645065, -0.00222978438251, 0.000739400857128, -0.000827120093163, 0.00108489277773, -0.000298245373415, 0.000178091373527], [-0.000175208275323, 0.000273521029158, 4.39306531916e-05, -8.66251357365e-05, -0.000310542527586, 0.000574977195356, -0.00222978438251, 0.00642178440467, -0.00217371783219, 0.000169338760315, -0.00054866442224, 0.000925595755689, -0.000578018662054], [0.000186842691619, -0.000274238816928, -0.000110625784146, -0.000195660119061, 2.98586128338e-05, 4.5960652642e-05, 0.000739400857128, -0.00217371783219, 0.00557354511693, -0.00223288522102, 0.000595743593294, -0.00118460936937, 0.0012562435586], [-0.000155693269335, 8.06075331639e-05, 0.000157623318955, 4.11081127822e-05, 0.000236249499721, 0.000686674087774, -0.000827120093163, 0.000169338760315, -0.00223288522102, 0.00682830857113, -0.00274540716782, 0.00139320851304, -0.00150753080379], [0.000157241462148, -0.00014475203352, 0.000153852030053, -0.000361691374565, 0.000655332813039, -0.00125323468819, 0.00108489277773, -0.00054866442224, 0.000595743593294, -0.00274540716782, 0.00692479079589, -0.0030206409283, 0.0010744840838], [-5.92668729951e-05, -7.98946493887e-05, -0.000302541244309, 1.39013336593e-05, -0.000621034763753, 0.00106688728556, -0.000298245373415, 0.000925595755689, -0.00118460936937, 0.00139320851304, -0.0030206409283, 0.00968468654901, -0.00375716970302], [-1.82969943125e-05, 9.82191268122e-05, 0.000575403741095, -0.000295663368888, -1.36620656122e-05, -7.91222119005e-05, 0.000178091373527, -0.000578018662054, 0.0012562435586, -0.00150753080379, 0.0010744840838, -0.00375716970302, 0.00772497244179]]
    },
    "spectral_contrast_coeffs": {
        "mean": [-0.724161028862, -0.71471196413, -0.742889940739, -0.774392545223, -0.797122001648, -0.827598154545],
        "stdev": [0.0924553051591, 0.0952370762825, 0.100680179894, 0.0966827049851, 0.0877161026001, 0.0552591271698]
    },
    "spectral_contrast_valleys": {
        "mean": [-8.41595363617, -8.39611816406, -9.56963157654, -9.85680580139, -10.128203392, -12.4365901947],
        "stdev": [1.5787602663, 1.55905091763, 1.57990300655, 1.54793691635, 1.5795558691, 1.49121785164]
    }
},
"rhythm": {
    "beats_count": 761,
    "beats_loudness": {
        "mean": 0.0130845448002,
        "stdev": 0.0156005118042
    },
    "bpm": 164.500671387,
    "bpm_histogram_first_peak_bpm": 167,
    "bpm_histogram_first_peak_weight": 0,
    "bpm_histogram_second_peak_bpm": 161,
    "bpm_histogram_second_peak_spread": 0.216326594353,
    "bpm_histogram_second_peak_weight": 0.252631574869,
    "danceability": 1.00537729263,
    "onset_rate": 3.20212864876,
    "beats_loudness_band_ratio": {
        "mean": [0.323681265116, 0.235224545002, 0.237093895674, 0.126653000712, 0.086332641542, 0.0350250713527],
        "stdev": [0.280547857285, 0.22416497767, 0.228216275573, 0.206100001931, 0.16448122263, 0.0697891563177]
    },
    "beats_position": [0.383129239082, 0.777868449688, 1.16099774837, 1.54412698746, 1.92725622654, 2.32199549675, 2.71673464775, 3.11147379875, 3.51782298088, 3.92417216301, 4.33052158356, 4.72526073456, 5.11999988556, 5.50312900543, 5.89786815643, 6.28099775314, 6.66412687302, 7.05886602402, 7.45360517502, 7.83673477173, 8.2198638916, 8.6146030426, 8.98612213135, 9.36925125122, 9.75238037109, 10.1355104446, 10.5186395645, 10.9017686844, 11.2848978043, 11.6680269241, 12.051156044, 12.4342851639, 12.8174142838, 13.1889343262, 13.572063446, 13.9551925659, 14.3383216858, 14.7214508057, 15.1161899567, 15.5109291077, 15.8940582275, 16.2771873474, 16.6603164673, 17.0434455872, 17.4149665833, 17.786485672, 18.1696147919, 18.5527439117, 18.9242630005, 19.2957820892, 19.6789112091, 20.062040329, 20.4451694489, 20.8166885376, 21.1998176575, 21.5713367462, 21.942855835, 22.3143768311, 22.6858959198, 23.0574150085, 23.4521541595, 23.8236732483, 24.195192337, 24.5783214569, 24.9614505768, 25.3329696655, 25.7044887543, 26.076007843, 26.4475269318, 26.8190479279, 27.2021770477, 27.5853061676, 27.9568252563, 28.3283443451, 28.6998634338, 29.0713825226, 29.4429016113, 29.8144207001, 30.1859397888, 30.5458488464, 30.9057598114, 31.2772789001, 31.6487979889, 32.0203170776, 32.4034461975, 32.7633552551, 33.111656189, 33.4483451843, 33.7966423035, 34.1913833618, 34.5745124817, 34.9344215393, 35.2943305969, 35.6542396545, 36.0257606506, 36.397277832, 36.7687988281, 37.1287078857, 37.5002250671, 37.8601341248, 38.2200431824, 38.5915641785, 38.9514732361, 39.3113822937, 39.6712913513, 40.0312004089, 40.402721405, 40.7626304626, 41.1225395203, 41.4940567017, 41.8655776978, 42.2370948792, 42.6086158752, 42.9801368713, 43.340045929, 43.6999549866, 44.071472168, 44.4313812256, 44.8029022217, 45.1628112793, 45.5227203369, 45.8826293945, 46.2541503906, 46.625667572, 46.9855766296, 47.3454856873, 47.7053947449, 48.0653038025, 48.4368247986, 48.80834198, 49.1798629761, 49.5513839722, 49.9229011536, 50.2944221497, 50.6659393311, 51.0374603271, 51.4089775085, 51.7804985046, 52.152015686, 52.5119247437, 52.871837616, 53.2317466736, 53.5916557312, 53.9631729126, 54.3346939087, 54.7062110901, 55.0777320862, 55.4492492676, 55.8323783875, 56.2155075073, 56.5870285034, 56.9585494995, 57.3300666809, 57.7131958008, 58.0847167969, 58.4678459167, 58.8393630981, 59.2108840942, 59.5940132141, 59.977142334, 60.3486595154, 60.7317886353, 61.1033096313, 61.4748306274, 61.8347396851, 62.1946487427, 62.5661659241, 62.9492950439, 63.3324241638, 63.7155532837, 64.0870742798, 64.4585952759, 64.8301086426, 65.2016296387, 65.5731506348, 65.9330596924, 66.29296875, 66.6644897461, 67.0360107422, 67.4075241089, 67.779045105, 68.1505661011, 68.5220870972, 68.8936004639, 69.26512146, 69.6366424561, 70.0081634521, 70.3796844482, 70.7511978149, 71.122718811, 71.4942398071, 71.8773651123, 72.2488861084, 72.6204071045, 72.9803161621, 73.3402252197, 73.7001342773, 74.0716552734, 74.4431762695, 74.8146896362, 75.1862106323, 75.5577316284, 75.917640686, 76.2659378052, 76.6258468628, 76.9973678589, 77.3572769165, 77.7171859741, 78.0887069702, 78.4486160278, 78.8201370239, 79.1800460815, 79.5515594482, 79.9114761353, 80.282989502, 80.654510498, 81.0144195557, 81.3743286133, 81.7342376709, 82.105758667, 82.4772796631, 82.8371887207, 83.1970977783, 83.5570068359, 83.9169158936, 84.2768249512, 84.6367340088, 85.0082550049, 85.3797683716, 85.7512893677, 86.1111984253, 86.4711074829, 86.842628479, 87.2141494751, 87.5856704712, 87.9455795288, 88.2938766479, 88.6421737671, 89.0020828247, 89.3619918823, 89.7219009399, 90.0818099976, 90.4417190552, 90.7900238037, 91.1499328613, 91.5098419189, 91.8697509766, 92.2180480957, 92.5779571533, 92.9378662109, 93.2977752686, 93.6692962646, 94.0292053223, 94.3891143799, 94.7490234375, 95.1089324951, 95.4804534912, 95.8519744873, 96.2118835449, 96.5717926025, 96.9200897217, 97.2799987793, 97.6282958984, 97.9882049561, 98.3365097046, 98.6848068237, 99.0447158813, 99.404624939, 99.7645339966, 100.124443054, 100.484352112, 100.844261169, 101.192558289, 101.540863037, 101.900772095, 102.260681152, 102.62059021, 102.980499268, 103.340408325, 103.700317383, 104.06022644, 104.420135498, 104.780044556, 105.128341675, 105.488250732, 105.859771729, 106.219680786, 106.579589844, 106.939498901, 107.299407959, 107.659317017, 108.019226074, 108.379135132, 108.739044189, 109.110565186, 109.482086182, 109.853607178, 110.225120544, 110.608253479, 111.002990723, 111.455780029, 111.885353088, 112.30330658, 112.732879639, 113.092788696, 113.452697754, 113.812606812, 114.184127808, 114.544036865, 114.903945923, 115.26385498, 115.623764038, 115.983673096, 116.331970215, 116.691879272, 117.05178833, 117.400085449, 117.759994507, 118.119903564, 118.479812622, 118.839729309, 119.199638367, 119.559547424, 119.919456482, 120.27936554, 120.639274597, 121.010787964, 121.370697021, 121.730613708, 122.090522766, 122.438819885, 122.798728943, 123.158638, 123.50693512, 123.866844177, 124.215148926, 124.563446045, 124.923355103, 125.271652222, 125.643173218, 125.991470337, 126.351379395, 126.711288452, 127.07119751, 127.442718506, 127.791015625, 128.162536621, 128.534057617, 128.905578613, 129.277099609, 129.648620605, 130.020126343, 130.391647339, 130.751556396, 131.123077393, 131.494598389, 131.866119385, 132.237640381, 132.609161377, 132.969070435, 133.328979492, 133.68888855, 134.048797607, 134.420318604, 134.7918396, 135.163360596, 135.534866333, 135.906387329, 136.277908325, 136.649429321, 137.020950317, 137.392471313, 137.76399231, 138.135513306, 138.507034302, 138.878540039, 139.250061035, 139.621582031, 139.981491089, 140.341400146, 140.712921143, 141.084442139, 141.455963135, 141.827484131, 142.187393188, 142.547302246, 142.918823242, 143.2787323, 143.638641357, 143.998550415, 144.358459473, 144.729980469, 145.101501465, 145.473007202, 145.844528198, 146.216049194, 146.58757019, 146.947479248, 147.307388306, 147.678909302, 148.050430298, 148.421951294, 148.781860352, 149.141769409, 149.513290405, 149.884811401, 150.256317139, 150.627838135, 150.987747192, 151.34765625, 151.707565308, 152.067474365, 152.438995361, 152.798904419, 153.158813477, 153.518722534, 153.878631592, 154.250152588, 154.621673584, 154.99319458, 155.364715576, 155.736236572, 156.09614563, 156.456054688, 156.815963745, 157.175872803, 157.53578186, 157.895690918, 158.243988037, 158.603897095, 158.963806152, 159.32371521, 159.683624268, 160.055145264, 160.415054321, 160.774963379, 161.134872437, 161.494781494, 161.843078613, 162.202987671, 162.55128479, 162.911193848, 163.271102905, 163.631011963, 163.979324341, 164.32762146, 164.699142456, 165.070648193, 165.442169189, 165.802078247, 166.161987305, 166.510284424, 166.88180542, 167.241714478, 167.601623535, 167.961532593, 168.309844971, 168.669754028, 169.018051147, 169.389572144, 169.749481201, 170.121002197, 170.480911255, 170.852416992, 171.223937988, 171.607070923, 171.990203857, 172.547485352, 173.081542969, 173.627212524, 174.17288208, 174.718551636, 175.252609253, 175.78666687, 176.332336426, 176.866394043, 177.40045166, 177.946121216, 178.468566895, 179.002624512, 179.548294067, 180.093963623, 180.651245117, 181.208526611, 181.742584229, 182.276641846, 182.810699463, 183.34475708, 183.878814697, 184.424484253, 184.970153809, 185.515823364, 186.06149292, 186.595550537, 187.129608154, 187.663665771, 188.197723389, 188.743392944, 189.2890625, 189.823120117, 190.357177734, 190.90284729, 191.448516846, 191.796829224, 192.156738281, 192.516647339, 192.876556396, 193.236465454, 193.596374512, 193.956283569, 194.316192627, 194.676101685, 195.024398804, 195.372695923, 195.720993042, 196.0809021, 196.440811157, 196.789108276, 197.137405396, 197.485717773, 197.880447388, 198.251968384, 198.62348938, 198.995010376, 199.331695557, 199.679992676, 200.039901733, 200.388198853, 200.73651123, 201.096420288, 201.456329346, 201.804626465, 202.164535522, 202.52444458, 202.884353638, 203.244262695, 203.604171753, 203.964080811, 204.300765991, 204.64906311, 205.008972168, 205.380493164, 205.75201416, 206.111923218, 206.483444214, 206.831741333, 207.191650391, 207.551559448, 207.911468506, 208.271377563, 208.631286621, 208.97958374, 209.339492798, 209.699401855, 210.059310913, 210.419219971, 210.790740967, 211.150650024, 211.510559082, 211.87046814, 212.230377197, 212.578674316, 212.926986694, 213.275283813, 213.623580933, 213.98348999, 214.343399048, 214.703308105, 215.063217163, 215.411514282, 215.77142334, 216.119720459, 216.479629517, 216.839538574, 217.199447632, 217.547744751, 217.896057129, 218.255966187, 218.615875244, 218.964172363, 219.312469482, 219.660766602, 220.020675659, 220.380584717, 220.728881836, 221.088790894, 221.448699951, 221.808609009, 222.156906128, 222.493606567, 222.830291748, 223.190200806, 223.561721802, 223.910018921, 224.25831604, 224.618225098, 224.978134155, 225.326431274, 225.674728394, 226.034637451, 226.382949829, 226.731246948, 227.079544067, 227.427841187, 227.787750244, 228.136047363, 228.495956421, 228.855865479, 229.204162598, 229.564071655, 229.923980713, 230.283889771, 230.643798828, 231.015319824, 231.410064697, 231.828018188, 232.245986938, 232.675552368, 233.105117798, 233.465026855, 233.824935913, 234.184844971, 234.567977905, 234.927886963, 235.287796021, 235.63609314, 235.97277832, 236.30947876, 236.64616394, 236.982849121, 237.33114624, 237.679458618, 238.016143799, 238.352828979, 238.701126099, 239.049423218, 239.397735596, 239.734420776, 240.094329834, 240.454238892, 240.814147949, 241.162445068, 241.510742188, 241.859039307, 242.207336426, 242.578857422, 242.927154541, 243.287063599, 243.646972656, 243.995285034, 244.331970215, 244.668655396, 245.005340576, 245.342041016, 245.690338135, 246.038635254, 246.386932373, 246.735229492, 247.083526611, 247.431838989, 247.780136108, 248.128433228, 248.488342285, 248.848251343, 249.196548462, 249.544845581, 249.8931427, 250.253051758, 250.589752197, 250.938049316, 251.286346436, 251.634643555, 251.982940674, 252.319625854, 252.656326294, 253.004623413, 253.352920532, 253.689605713, 254.037902832, 254.374603271, 254.722900391, 255.07119751, 255.431106567, 255.767791748, 256.104492188, 256.441162109, 256.789459229, 257.114562988, 257.474456787, 257.834381104, 258.182678223, 258.530975342, 258.890869141, 259.250793457, 259.599090576, 259.947387695, 260.295684814, 260.643981934, 260.992279053, 261.340576172, 261.688873291, 262.03717041, 262.37387085, 262.710571289, 263.058868408, 263.407165527, 263.755462646, 264.103759766, 264.452056885, 264.800354004, 265.148651123, 265.508575439, 265.868469238, 266.216766357, 266.576690674, 266.936584473, 267.284881592, 267.633178711, 267.981506348, 268.329803467, 268.689697266, 269.212158203, 269.74621582, 270.26864624, 270.791107178, 271.325164795, 271.859222412, 272.38168335, 272.90411377, 273.438171387, 273.972229004, 274.494689941, 275.017150879, 275.551208496, 276.085266113, 276.61932373, 277.164978027, 277.699035645, 278.233093262, 278.767150879, 279.301208496, 279.835266113, 280.36932373, 280.926605225, 281.495513916, 282.06439209, 282.621673584, 283.190551758, 283.84072876, 284.432830811, 285.036560059, 285.651885986, 286.278808594, 286.917358398, 287.5675354, 288.217681885, 288.92590332, 289.645721436, 290.365539551, 291.085357666, 291.805175781],
    "bpm_histogram": [0, 0, 0, 0, 0, 0, 0, 0, 0, 0, 0, 0, 0, 0, 0, 0, 0, 0, 0, 0, 0, 0, 0, 0, 0, 0, 0, 0, 0, 0, 0, 0, 0, 0, 0, 0, 0, 0, 0, 0, 0, 0, 0, 0, 0, 0, 0, 0, 0, 0, 0, 0, 0, 0, 0, 0, 0, 0, 0, 0, 0, 0, 0, 0, 0, 0, 0, 0, 0, 0, 0, 0, 0, 0, 0, 0, 0, 0, 0, 0, 0, 0, 0, 0.00526315812021, 0, 0.00131578953005, 0, 0, 0, 0, 0, 0, 0.00394736835733, 0, 0.00131578953005, 0, 0.00131578953005, 0, 0.00131578953005, 0.00131578953005, 0, 0.00131578953005, 0, 0, 0, 0.00394736835733, 0, 0, 0.00657894741744, 0, 0.0210526324809, 0, 0.0407894738019, 0, 0, 0.0105263162404, 0, 0, 0, 0, 0, 0, 0, 0, 0, 0, 0, 0, 0, 0, 0, 0, 0, 0.00131578953005, 0, 0, 0, 0, 0, 0, 0.00526315812021, 0, 0, 0, 0.00394736835733, 0, 0, 0, 0.00394736835733, 0, 0, 0, 0.0223684217781, 0, 0, 0, 0, 0.0697368457913, 0, 0, 0, 0.230263158679, 0.0223684217781, 0, 0, 0, 0, 0.343421041965, 0, 0, 0, 0, 0.161842107773, 0, 0, 0, 0, 0, 0.0342105254531, 0, 0, 0, 0, 0, 0, 0.00131578953005, 0, 0, 0, 0, 0, 0, 0, 0, 0, 0, 0, 0, 0, 0, 0, 0, 0, 0, 0, 0, 0, 0, 0, 0, 0, 0, 0, 0, 0, 0, 0, 0, 0, 0, 0, 0, 0, 0, 0, 0, 0, 0, 0, 0, 0, 0, 0, 0, 0, 0, 0, 0, 0, 0, 0, 0, 0, 0, 0, 0, 0, 0, 0, 0]
},
"tonal": {
