{
"metadata": {
    "version": {
        "essentia": "2.1-dev",
        "essentia_git_sha": "v2.1_beta3-415-gd5473f3",
        "extractor": "music 2.0"
    },
    "audio_properties": {
        "analysis": {
            "equal_loudness": 0,
            "length": 278.256317139,
            "sample_rate": 44100,
            "start_time": 0,
            "downmix": "mix"
        },
        "bit_rate": 192000,
        "length": 278.256317139,
        "lossless": 0,
        "number_channels": 2,
        "replay_gain": -4.66543579102,
        "sample_rate": 44100,
        "codec": "mp3",
        "md5_encoded": "245763321c6c74535dde54738c8de88f"
    },
    "tags": {
        "file_name": "terence_trent_d_arby-sign_your_name.mp3"
    }
},
"lowlevel": {
    "average_loudness": 0.759269654751,
    "barkbands_crest": {
        "mean": 10.3598251343,
        "stdev": 4.15470838547
    },
    "barkbands_flatness_db": {
        "mean": 0.139796867967,
        "stdev": 0.0531310737133
    },
    "barkbands_kurtosis": {
        "mean": 5.25936412811,
        "stdev": 10.0216588974
    },
    "barkbands_skewness": {
        "mean": 1.69328963757,
        "stdev": 1.21829319
    },
    "barkbands_spread": {
        "mean": 23.8898563385,
        "stdev": 17.3804073334
    },
    "dissonance": {
        "mean": 0.446240961552,
        "stdev": 0.0361790508032
    },
    "dynamic_complexity": 4.92431974411,
    "erbbands_crest": {
        "mean": 9.64331436157,
        "stdev": 4.4006319046
    },
    "erbbands_flatness_db": {
        "mean": 0.155610576272,
        "stdev": 0.0432861968875
    },
    "erbbands_kurtosis": {
        "mean": 1.17993843555,
        "stdev": 3.21812081337
    },
    "erbbands_skewness": {
        "mean": 0.707562208176,
        "stdev": 0.917473733425
    },
    "erbbands_spread": {
        "mean": 44.4489059448,
        "stdev": 23.3732681274
    },
    "hfc": {
        "mean": 20.197095871,
        "stdev": 26.5466499329
    },
    "loudness_ebu128": {
        "integrated": -19.4546642303,
        "loudness_range": 5.92542266846,
        "momentary": {
            "mean": -21.7814559937,
            "stdev": 8.81023216248
        },
        "short_term": {
            "mean": -21.1689682007,
            "stdev": 6.96889543533
        }
    },
    "melbands_crest": {
        "mean": 13.6192464828,
        "stdev": 5.01500415802
    },
    "melbands_flatness_db": {
        "mean": 0.194465816021,
        "stdev": 0.0732889249921
    },
    "melbands_kurtosis": {
        "mean": 15.581114769,
        "stdev": 20.8140411377
    },
    "melbands_skewness": {
        "mean": 2.74307107925,
        "stdev": 1.64506816864
    },
    "melbands_spread": {
        "mean": 24.1617774963,
        "stdev": 23.5791950226
    },
    "pitch_salience": {
        "mean": 0.54531866312,
        "stdev": 0.116740114987
    },
    "silence_rate_20dB": {
        "mean": 1,
        "stdev": 0
    },
    "silence_rate_30dB": {
        "mean": 0.996412158012,
        "stdev": 0.0597859174013
    },
    "silence_rate_60dB": {
        "mean": 0.169378384948,
        "stdev": 0.375084668398
    },
    "spectral_centroid": {
        "mean": 1303.51171875,
        "stdev": 767.326049805
    },
    "spectral_complexity": {
        "mean": 13.0699205399,
        "stdev": 9.54603290558
    },
    "spectral_decrease": {
        "mean": -5.25127630269e-09,
        "stdev": 5.41526690157e-09
    },
    "spectral_energy": {
        "mean": 0.0216514505446,
        "stdev": 0.0222004987299
    },
    "spectral_energyband_high": {
        "mean": 0.0013353334507,
        "stdev": 0.00248274533078
    },
    "spectral_energyband_low": {
        "mean": 0.0060750041157,
        "stdev": 0.0112232863903
    },
    "spectral_energyband_middle_high": {
        "mean": 0.0039939917624,
        "stdev": 0.00694510759786
    },
    "spectral_energyband_middle_low": {
        "mean": 0.0107122501358,
        "stdev": 0.0118696317077
    },
    "spectral_entropy": {
        "mean": 7.61420202255,
        "stdev": 0.4952660501
    },
    "spectral_flux": {
        "mean": 0.0722546949983,
        "stdev": 0.0600264631212
    },
    "spectral_kurtosis": {
        "mean": 2.71827960014,
        "stdev": 2.37775611877
    },
    "spectral_rms": {
        "mean": 0.00400960817933,
        "stdev": 0.00224644690752
    },
    "spectral_rolloff": {
        "mean": 1820.20837402,
        "stdev": 2185.65722656
    },
    "spectral_skewness": {
        "mean": 1.36010301113,
        "stdev": 0.478731065989
    },
    "spectral_spread": {
        "mean": 5936984.5,
        "stdev": 1865903.75
    },
    "spectral_strongpeak": {
        "mean": 0.857485413551,
        "stdev": 0.979844927788
    },
    "zerocrossingrate": {
        "mean": 0.072433643043,
        "stdev": 0.0508599989116
    },
    "barkbands": {
        "mean": [7.31011386961e-05, 0.00366617226973, 0.00200142385438, 0.000639380712528, 0.003096179571, 0.00195803120732, 0.00161119631957, 0.00129305291921, 0.00180128635839, 0.00125008181203, 0.000504195108078, 0.000595501158386, 0.000465197430458, 0.000363415194442, 0.000235614235862, 0.000184829899808, 0.000110627093818, 0.00016379961744, 0.000148218401591, 0.000285656162305, 0.000219877823838, 0.000300866551697, 0.000307315611281, 0.000173664375325, 0.000143639670569, 5.7235807617e-05, 1.90826972357e-06],
        "stdev": [0.000107352316263, 0.00714951427653, 0.00500177033246, 0.00163082871586, 0.00420881574973, 0.0038686983753, 0.00308380206116, 0.00335859484039, 0.00429278844967, 0.00313160172664, 0.00143373280298, 0.00173305650242, 0.00127114483621, 0.000997683731839, 0.000593439908698, 0.000408499123296, 0.00021204125369, 0.000350027665263, 0.000330021284753, 0.000577208935283, 0.00052160321502, 0.000647144974209, 0.000751255895011, 0.000350625196006, 0.000289273593808, 0.000130463347887, 1.29195232148e-05]
    },
    "erbbands": {
        "mean": [0.0713455677032, 0.933771371841, 2.41011691093, 2.30359387398, 3.83713388443, 11.8662881851, 15.5025463104, 18.8128604889, 22.6486110687, 26.1266918182, 27.8579483032, 38.4668884277, 44.4213447571, 32.313041687, 26.0730705261, 19.9979457855, 20.9960365295, 20.5055923462, 14.2848453522, 10.8001937866, 10.1736059189, 6.77936983109, 8.37555027008, 7.43335294724, 10.2691879272, 13.6202659607, 7.87046003342, 9.82091712952, 10.3069658279, 11.222984314, 8.51500225067, 4.39245653152, 2.61003756523, 1.6429618597, 1.01047194004, 0.363800317049, 0.0828349962831, 0.00933829974383, 0.000295932812151, 3.86681458622e-05],
        "stdev": [0.132737636566, 1.88955712318, 5.67838716507, 5.26409721375, 7.81281805038, 18.2709293365, 27.5800971985, 38.7105407715, 40.3351097107, 60.2212791443, 69.204246521, 98.063911438, 109.140739441, 78.7707595825, 66.1600112915, 54.3738670349, 56.1882286072, 52.9228630066, 34.2149505615, 24.6704940796, 23.1832809448, 12.0482234955, 17.4800701141, 16.9420185089, 20.6723861694, 27.7167625427, 16.8954486847, 25.1064872742, 23.0583877563, 23.7075653076, 21.9550704956, 9.1385011673, 5.40313100815, 3.39714384079, 2.08723521233, 0.811676204205, 0.185097888112, 0.0227584205568, 0.00137254735455, 0.00011823510431]
    },
    "gfcc": {
        "mean": [-39.994228363, 72.9393920898, -110.021728516, 27.1361865997, -81.9185180664, 17.6014995575, -39.7254447937, 7.85530853271, -22.6856365204, 6.08134889603, -14.6997423172, 3.18719983101, -7.81170654297],
        "cov": [[17079.9257812, 277.263427734, 119.003143311, 200.630523682, -506.927703857, 23.5893058777, -388.662963867, 173.554336548, -333.816223145, 58.0452384949, -466.898620605, 26.7010784149, -364.503845215], [277.263427734, 1957.75354004, 167.228973389, 254.203674316, 407.081451416, 47.9387779236, 272.135284424, -0.786599576473, 232.227859497, -150.403198242, 109.669906616, -175.266860962, 6.16931867599], [119.003143311, 167.228973389, 1198.81408691, 488.434875488, 218.613967896, 155.522491455, 92.4266281128, 113.875488281, 101.992553711, 70.9029312134, -6.81248807907, 39.4357948303, -50.9414329529], [200.630523682, 254.203674316, 488.434875488, 608.558166504, 231.911407471, 54.6761054993, 54.1074028015, 47.7360076904, 134.291473389, 0.445493906736, -14.6089582443, -51.2864532471, -20.6767692566], [-506.927703857, 407.081451416, 218.613967896, 231.911407471, 425.002471924, 162.541244507, 176.291366577, 32.5658111572, 102.881355286, -23.3200492859, 20.71443367, -45.3760795593, -20.9657020569], [23.5893058777, 47.9387779236, 155.522491455, 54.6761054993, 162.541244507, 278.099700928, 160.262664795, 62.9198570251, 16.5858154297, 21.3351345062, 37.8342933655, 2.16925883293, -34.3585891724], [-388.662963867, 272.135284424, 92.4266281128, 54.1074028015, 176.291366577, 160.262664795, 286.034057617, 86.6703491211, 64.1623382568, -5.2240858078, 57.1588630676, -21.2542247772, -37.5103721619], [173.554336548, -0.786599576473, 113.875488281, 47.7360076904, 32.5658111572, 62.9198570251, 86.6703491211, 166.810455322, 81.6917648315, 33.6418800354, 9.75536823273, 18.5000495911, -9.33715820312], [-333.816223145, 232.227859497, 101.992553711, 134.291473389, 102.881355286, 16.5858154297, 64.1623382568, 81.6917648315, 215.302734375, 33.8470611572, 22.1353359222, -19.0784416199, 35.4356155396], [58.0452384949, -150.403198242, 70.9029312134, 0.445493906736, -23.3200492859, 21.3351345062, -5.2240858078, 33.6418800354, 33.8470611572, 128.282302856, 26.0766963959, 33.251159668, 16.5690116882], [-466.898620605, 109.669906616, -6.81248807907, -14.6089582443, 20.71443367, 37.8342933655, 57.1588630676, 9.75536823273, 22.1353359222, 26.0766963959, 139.967269897, 53.4374198914, 16.9088287354], [26.7010784149, -175.266860962, 39.4357948303, -51.2864532471, -45.3760795593, 2.16925883293, -21.2542247772, 18.5000495911, -19.0784416199, 33.251159668, 53.4374198914, 130.280105591, 33.747089386], [-364.503845215, 6.16931867599, -50.9414329529, -20.6767692566, -20.9657020569, -34.3585891724, -37.5103721619, -9.33715820312, 35.4356155396, 16.5690116882, 16.9088287354, 33.747089386, 119.727935791]],
        "icov": [[0.000115821872896, -0.000233732178458, 0.000132668661536, -0.000201814313186, 0.000266983552137, -0.000271505152341, 0.000252125581028, -0.00025203594123, 0.000273366604233, -0.000354963645805, 0.000681677716784, -0.000546403345652, 0.00044037817861], [-0.000233732178458, 0.00155725888908, -0.000547453470062, 0.000616739213001, -0.00111379392911, 0.00110807316378, -0.00101413938683, 0.000814123777673, -0.00131116702687, 0.00198038807139, -0.00274855899625, 0.00262751360424, -0.00128796393983], [0.000132668661536, -0.000547453470062, 0.00174590351526, -0.00147972221021, 0.000348115980159, -0.000886367866769, 0.000392372778151, -0.000647287466563, 0.000572502380237, -0.00135796179529, 0.00172093417495, -0.00216492451727, 0.00118410971481], [-0.000201814313186, 0.000616739213001, -0.00147972221021, 0.00369544280693, -0.00177326321136, 0.000986721366644, 0.000185111290193, 0.00042000686517, -0.00172168680001, 0.00130257441197, -0.00176653906237, 0.00242620427161, -0.000679264659993], [0.000266983552137, -0.00111379392911, 0.000348115980159, -0.00177326321136, 0.00581593252718, -0.0028397559654, -0.00103994167875, 0.000966911204159, -0.000621515093371, -0.000387308507925, 0.00264244060963, -0.0019458308816, 0.0010780057637], [-0.000271505152341, 0.00110807316378, -0.000886367866769, 0.000986721366644, -0.0028397559654, 0.00756438216195, -0.0032146803569, -0.000506608746946, 0.000720397860277, 8.76988997334e-05, -0.00281677325256, 0.0021029736381, -0.00088386394782], [0.000252125581028, -0.00101413938683, 0.000392372778151, 0.000185111290193, -0.00103994167875, -0.0032146803569, 0.00855801720172, -0.00366065045819, 0.000499252404552, -0.000119727395941, -0.000883219821844, 1.58571619977e-05, 0.00229890970513], [-0.00025203594123, 0.000814123777673, -0.000647287466563, 0.00042000686517, 0.000966911204159, -0.000506608746946, -0.00366065045819, 0.0110942302272, -0.00506183644757, 0.000164826080436, 0.000507545366418, -0.00145136518404, 0.000542876252439], [0.000273366604233, -0.00131116702687, 0.000572502380237, -0.00172168680001, -0.000621515093371, 0.000720397860277, 0.000499252404552, -0.00506183644757, 0.010136728175, -0.00357565237209, 0.000981814577244, 0.000428481580457, -0.00205912534148], [-0.000354963645805, 0.00198038807139, -0.00135796179529, 0.00130257441197, -0.000387308507925, 8.76988997334e-05, -0.000119727395941, 0.000164826080436, -0.00357565237209, 0.012520454824, -0.00500604789704, 0.00239746598527, -0.0022460334003], [0.000681677716784, -0.00274855899625, 0.00172093417495, -0.00176653906237, 0.00264244060963, -0.00281677325256, -0.000883219821844, 0.000507545366418, 0.000981814577244, -0.00500604789704, 0.0165722295642, -0.010475371033, 0.00307573308237], [-0.000546403345652, 0.00262751360424, -0.00216492451727, 0.00242620427161, -0.0019458308816, 0.0021029736381, 1.58571619977e-05, -0.00145136518404, 0.000428481580457, 0.00239746598527, -0.010475371033, 0.0177651755512, -0.00613303435966], [0.00044037817861, -0.00128796393983, 0.00118410971481, -0.000679264659993, 0.0010780057637, -0.00088386394782, 0.00229890970513, 0.000542876252439, -0.00205912534148, -0.0022460334003, 0.00307573308237, -0.00613303435966, 0.0130581166595]]
    },
    "melbands": {
        "mean": [0.0008475179784, 0.00131765345577, 0.000437595619587, 0.000523820985109, 0.000589222472627, 0.000400092161726, 0.000348356115865, 0.000293929420877, 0.000215628970182, 0.000256336206803, 0.000223556256969, 0.000137880415423, 8.10651035863e-05, 7.68937970861e-05, 3.74985902454e-05, 4.91024657094e-05, 3.62425671483e-05, 2.3546803277e-05, 1.70414750755e-05, 1.19006454042e-05, 1.16955134217e-05, 6.46666148896e-06, 6.7394994403e-06, 8.47413957672e-06, 5.48875777895e-06, 6.21388198851e-06, 9.75783859758e-06, 8.82282802195e-06, 4.90223010274e-06, 4.81908728034e-06, 5.81623817197e-06, 4.95532185596e-06, 7.07606977812e-06, 6.03670514465e-06, 5.26664098288e-06, 3.33042839884e-06, 2.46524268732e-06, 1.83859674507e-06, 1.53783196311e-06, 1.33550122428e-06],
        "stdev": [0.00161896203645, 0.00278204935603, 0.000925489584915, 0.000798660388682, 0.000959132681601, 0.000815262435935, 0.000621473474894, 0.00067061703885, 0.000531316967681, 0.000640424026642, 0.000554878555704, 0.000347635272192, 0.000209814650589, 0.000230005811318, 0.000102513156889, 0.000139667448821, 0.000100175246189, 6.1891732912e-05, 4.71552848467e-05, 2.62440116785e-05, 2.97075548588e-05, 1.25784181364e-05, 1.27921339299e-05, 2.08622805076e-05, 1.34465335577e-05, 1.35988002512e-05, 2.00114445761e-05, 1.92972147488e-05, 1.13202304419e-05, 1.14395852506e-05, 1.62718533829e-05, 1.16297042041e-05, 1.49833795149e-05, 1.38198147397e-05, 1.39917401611e-05, 8.46174680191e-06, 4.96434086017e-06, 3.89840624848e-06, 3.18361253449e-06, 2.84267662209e-06]
    },
    "melbands128": {
        "mean": [6.33134040982e-05, 0.000408790772781, 0.00116658001207, 0.00170340097975, 0.00141497142613, 0.000903907697648, 0.000455082074041, 0.000305588037008, 0.00036509198253, 0.000401028635679, 0.000673576781992, 0.000821433088277, 0.000557349529117, 0.00026884773979, 0.00043839396676, 0.000469766411697, 0.000299230450764, 0.000388438027585, 0.000271119119134, 0.000300340150716, 0.000265455018962, 0.000322693143971, 0.000151525484398, 0.000165575256688, 0.000262764719082, 0.000258643558482, 0.000328780181007, 0.000168755475897, 0.000205861782888, 0.000188271529623, 9.57241572905e-05, 6.99500596966e-05, 8.67982380441e-05, 6.79989752825e-05, 0.00012404411973, 6.658287748e-05, 3.25849359797e-05, 3.09632850986e-05, 4.38061797468e-05, 5.14058592671e-05, 4.37789858552e-05, 5.69318217458e-05, 3.44133040926e-05, 2.72881407e-05, 3.11766125378e-05, 1.94874210138e-05, 2.04977495741e-05, 1.85034878086e-05, 1.48421149788e-05, 1.46719503391e-05, 1.01764271676e-05, 9.14712654776e-06, 1.74576853169e-05, 1.0122711501e-05, 4.85916370963e-06, 6.7597807174e-06, 6.76316722092e-06, 7.02005036146e-06, 6.63261334921e-06, 6.55567464491e-06, 1.00501129054e-05, 8.87486385182e-06, 5.25492578163e-06, 4.31300804848e-06, 6.1799564719e-06, 5.76956563236e-06, 6.22176639808e-06, 8.74075158208e-06, 1.06141496872e-05, 1.15618886412e-05, 8.37383322505e-06, 9.10946891963e-06, 4.72155943498e-06, 4.70064742331e-06, 3.83121687264e-06, 3.98464180762e-06, 5.59763566343e-06, 6.57634063828e-06, 6.51332129564e-06, 4.18186527895e-06, 3.69264239453e-06, 5.12625638294e-06, 8.23842037789e-06, 7.17667671779e-06, 6.54489531371e-06, 5.92055903326e-06, 6.10162533121e-06, 5.7031270444e-06, 5.0444059525e-06, 5.41442159374e-06, 3.99550754082e-06, 2.43723889071e-06, 2.60116280515e-06, 2.90614661935e-06, 2.02618548428e-06, 1.82248891178e-06, 1.89935303752e-06, 1.70362943663e-06, 1.5995611875e-06, 1.34800541218e-06, 1.43692841448e-06, 1.22489086607e-06, 1.36493281389e-06, 1.41703435474e-06, 1.19989147152e-06, 1.00422403193e-06, 8.29882537801e-07, 7.18718297321e-07, 6.63637990783e-07, 4.84650684029e-07, 3.63305048268e-07, 3.16303328418e-07, 2.52634350772e-07, 1.64106026546e-07, 1.28369308072e-07, 8.57207922422e-08, 5.05734440992e-08, 2.06038759387e-08, 6.97158775154e-09, 1.20950971461e-09, 1.55827378778e-10, 7.03189506623e-10, 8.26712309721e-10, 2.02182035003e-10, 1.88469836959e-10, 1.30603500237e-10, 2.88393115812e-12, 2.84841789912e-12],
        "stdev": [0.000100764089439, 0.000744882912841, 0.00249742460437, 0.00356671423651, 0.00335399806499, 0.00224238634109, 0.00114800024312, 0.000817150401417, 0.000980227952823, 0.000937837234233, 0.00134113186505, 0.00143192149699, 0.00116449955385, 0.000822145084385, 0.00108838791493, 0.00114567682613, 0.000735832552891, 0.000911741284654, 0.000768440077081, 0.000979652279057, 0.000850162934512, 0.00101401016582, 0.000584647175856, 0.000655407318845, 0.000966169289313, 0.000837540137582, 0.0010737698758, 0.000632093811873, 0.000679491029587, 0.00058767182054, 0.00033248521504, 0.0002188920771, 0.00028254033532, 0.000281166227069, 0.000458718364825, 0.000255870341789, 0.000134239220642, 0.000109791333671, 0.000145319369039, 0.000201252551051, 0.000177466848982, 0.000208854937227, 0.000121378310723, 0.000114605143608, 0.000109287851956, 6.43872917863e-05, 7.39734678064e-05, 8.32473306218e-05, 5.82968095841e-05, 4.38701245002e-05, 3.24634638673e-05, 3.20292601828e-05, 5.49982541997e-05, 3.34637479682e-05, 1.62698015629e-05, 1.79172657226e-05, 1.60452018463e-05, 1.84912514669e-05, 1.57639460667e-05, 1.79478374775e-05, 3.46675442415e-05, 2.59176540567e-05, 1.41655254993e-05, 1.80754414032e-05, 1.86156248674e-05, 1.53863475134e-05, 1.84998098121e-05, 2.22774324357e-05, 2.65628314082e-05, 2.98287504847e-05, 2.21188001888e-05, 2.62582379946e-05, 1.3880962797e-05, 1.34517767947e-05, 9.90658645605e-06, 1.00073557405e-05, 1.78996851901e-05, 1.92755778698e-05, 2.34588605963e-05, 1.12692905532e-05, 8.87640999281e-06, 1.22406081573e-05, 2.15611471504e-05, 1.6256040908e-05, 1.40163856486e-05, 1.4126606402e-05, 1.57193953783e-05, 1.55664110935e-05, 1.46474576468e-05, 1.86725410458e-05, 1.10803975986e-05, 6.98088251738e-06, 5.59684986001e-06, 6.00836710873e-06, 4.45265686722e-06, 3.97837629862e-06, 4.38115102952e-06, 3.78525965061e-06, 3.56610371455e-06, 2.84745806312e-06, 3.26228519043e-06, 2.65918174591e-06, 3.2740840652e-06, 3.18935326504e-06, 2.53680900641e-06, 2.07895186577e-06, 1.87052467027e-06, 1.79129290245e-06, 1.58947239015e-06, 1.085954068e-06, 8.7853908326e-07, 7.32520163638e-07, 6.11565042163e-07, 4.07350029263e-07, 3.13154885134e-07, 2.2243308706e-07, 1.76640540417e-07, 1.77115126121e-07, 5.49212728629e-08, 1.13566187565e-08, 7.86820386622e-09, 6.16571469436e-08, 7.09346892336e-08, 2.15371684931e-08, 2.00973353515e-08, 1.39461802107e-08, 5.42689938127e-12, 5.1738331501e-12]
    },
    "mfcc": {
        "mean": [-679.468139648, 100.560523987, 18.9710159302, 9.66495418549, -11.5508413315, 3.48032212257, -7.16965150833, 0.452825158834, -4.33983182907, 3.3937921524, -1.89142513275, -4.67733335495, 1.49030303955],
        "cov": [[12285.2138672, 301.792785645, 112.234008789, 139.717224121, -255.44152832, -93.6451797485, -184.035980225, 51.1531105042, -97.6094665527, -14.6893701553, -6.21706104279, -118.057167053, -40.4098625183], [301.792785645, 1578.16137695, 60.3306350708, 225.367202759, 145.187316895, 143.951858521, 115.590133667, 177.285736084, 72.2294845581, 82.9571228027, 98.363609314, 29.1117401123, 39.2311134338], [112.234008789, 60.3306350708, 906.161621094, 341.298217773, 209.131317139, 104.794425964, 46.7845344543, 81.0578918457, 91.0063171387, 61.7628135681, 28.9797000885, 88.9297637939, 98.8843383789], [139.717224121, 225.367202759, 341.298217773, 516.681091309, 238.804595947, 110.347045898, -5.9346408844, 66.7685470581, 107.998176575, 81.5672988892, -7.91850090027, 59.1087760925, 79.5531311035], [-255.44152832, 145.187316895, 209.131317139, 238.804595947, 314.780944824, 147.743362427, 35.3374252319, 72.3218078613, 85.3665161133, 64.7691802979, 8.00352478027, 34.934463501, 35.556892395], [-93.6451797485, 143.951858521, 104.794425964, 110.347045898, 147.743362427, 246.258407593, 135.834182739, 70.5224227905, 47.9621429443, 49.4345474243, 45.3818511963, 30.8646068573, -2.80311727524], [-184.035980225, 115.590133667, 46.7845344543, -5.9346408844, 35.3374252319, 135.834182739, 260.766906738, 121.14868927, -0.394693046808, 17.9238510132, 88.9021224976, 25.8544826508, -35.3848266602], [51.1531105042, 177.285736084, 81.0578918457, 66.7685470581, 72.3218078613, 70.5224227905, 121.14868927, 210.442367554, 59.2811317444, 43.0915756226, 77.7178878784, 42.2053184509, 13.1601200104], [-97.6094665527, 72.2294845581, 91.0063171387, 107.998176575, 85.3665161133, 47.9621429443, -0.394693046808, 59.2811317444, 178.85748291, 99.9604797363, 1.48270559311, 44.7051315308, 49.2583084106], [-14.6893701553, 82.9571228027, 61.7628135681, 81.5672988892, 64.7691802979, 49.4345474243, 17.9238510132, 43.0915756226, 99.9604797363, 144.214004517, 45.7492904663, 31.9525165558, 22.8315696716], [-6.21706104279, 98.363609314, 28.9797000885, -7.91850090027, 8.00352478027, 45.3818511963, 88.9021224976, 77.7178878784, 1.48270559311, 45.7492904663, 145.259216309, 44.7943344116, -11.3204889297], [-118.057167053, 29.1117401123, 88.9297637939, 59.1087760925, 34.934463501, 30.8646068573, 25.8544826508, 42.2053184509, 44.7051315308, 31.9525165558, 44.7943344116, 113.791542053, 53.0148124695], [-40.4098625183, 39.2311134338, 98.8843383789, 79.5531311035, 35.556892395, -2.80311727524, -35.3848266602, 13.1601200104, 49.2583084106, 22.8315696716, -11.3204889297, 53.0148124695, 121.376083374]],
        "icov": [[9.06249551917e-05, -1.50144642248e-05, -3.06195688609e-05, -7.19670133549e-05, 0.000179433875019, -8.70995863806e-05, 0.000158856986673, -0.000134021029226, 8.45428439789e-05, -4.45229670731e-05, -7.85198426456e-06, 0.00010457719327, 4.10610955441e-05], [-1.50144642248e-05, 0.000773344421759, 0.000151935819304, -0.000322150212014, -2.28982225963e-05, -0.000202110342798, -2.97260085063e-05, -0.000419074873207, 2.81823795376e-05, -4.59760194644e-05, -0.000390194472857, 0.000367738888599, -0.000328584865201], [-3.06195688609e-05, 0.000151935819304, 0.00163441244513, -0.000832984340377, -0.000479960959638, 0.000134300527861, -0.000421751698013, 7.37332593417e-05, -7.76553642936e-05, 0.000214357991354, -0.000303289678413, -0.000302807311527, -0.000736964459065], [-7.19670133549e-05, -0.000322150212014, -0.000832984340377, 0.0039450940676, -0.00196056789719, -0.000249751436058, 0.000542697962373, -0.000215855034185, -5.82437787671e-05, -0.000771201855969, 0.000971795117948, -0.000660920049995, -0.000528714444954], [0.000179433875019, -2.28982225963e-05, -0.000479960959638, -0.00196056789719, 0.00703685311601, -0.00349929835647, 0.00157364073675, -0.00151544471737, -0.000312487012707, -0.000480802584207, 0.000600149622187, 0.000462933006929, 0.000295031350106], [-8.70995863806e-05, -0.000202110342798, 0.000134300527861, -0.000249751436058, -0.00349929835647, 0.00875840708613, -0.00466177146882, 0.00161940441467, -0.000809181132354, -0.000499533023685, -8.6926498625e-05, -0.000572895631194, 0.000447839644039], [0.000158856986673, -2.97260085063e-05, -0.000421751698013, 0.000542697962373, 0.00157364073675, -0.00466177146882, 0.00899009034038, -0.00400682399049, 0.00119180174079, 0.000360583333531, -0.00169948977418, -0.000385085062589, 0.00199525337666], [-0.000134021029226, -0.000419074873207, 7.37332593417e-05, -0.000215855034185, -0.00151544471737, 0.00161940441467, -0.00400682399049, 0.00928838551044, -0.00322056468576, 0.00154301722068, -0.00319406576455, -2.84617944999e-05, -0.000790326157585], [8.45428439789e-05, 2.81823795376e-05, -7.76553642936e-05, -5.82437787671e-05, -0.000312487012707, -0.000809181132354, 0.00119180174079, -0.00322056468576, 0.0125243235379, -0.00803127232939, 0.00429328996688, -0.00236246804707, -0.00124976714142], [-4.45229670731e-05, -4.59760194644e-05, 0.000214357991354, -0.000771201855969, -0.000480802584207, -0.000499533023685, 0.000360583333531, 0.00154301722068, -0.00803127232939, 0.0143085699528, -0.00575292482972, 0.0012926266063, -0.000135336566018], [-7.85198426456e-06, -0.000390194472857, -0.000303289678413, 0.000971795117948, 0.000600149622187, -8.6926498625e-05, -0.00169948977418, -0.00319406576455, 0.00429328996688, -0.00575292482972, 0.0135734332725, -0.00525576993823, 0.0023080855608], [0.00010457719327, 0.000367738888599, -0.000302807311527, -0.000660920049995, 0.000462933006929, -0.000572895631194, -0.000385085062589, -2.84617944999e-05, -0.00236246804707, 0.0012926266063, -0.00525576993823, 0.0148968240246, -0.00594342267141], [4.10610955441e-05, -0.000328584865201, -0.000736964459065, -0.000528714444954, 0.000295031350106, 0.000447839644039, 0.00199525337666, -0.000790326157585, -0.00124976714142, -0.000135336566018, 0.0023080855608, -0.00594342267141, 0.013240845874]]
    },
    "spectral_contrast_coeffs": {
        "mean": [-0.663585484028, -0.710979044437, -0.727365255356, -0.776631116867, -0.787903904915, -0.778160274029],
        "stdev": [0.104668304324, 0.0841233357787, 0.0829933956265, 0.0587963499129, 0.0486024990678, 0.040086928755]
    },
    "spectral_contrast_valleys": {
        "mean": [-7.68177080154, -7.29456472397, -8.03969573975, -8.39334106445, -8.25574588776, -10.0854921341],
        "stdev": [1.61238729954, 1.4075615406, 1.37608456612, 1.28716278076, 1.2698277235, 1.37488055229]
    }
},
"rhythm": {
    "beats_count": 505,
    "beats_loudness": {
        "mean": 0.0499162301421,
        "stdev": 0.0317923873663
    },
    "bpm": 109.136375427,
    "bpm_histogram_first_peak_bpm": 110,
    "bpm_histogram_first_peak_weight": 0.405241966248,
    "bpm_histogram_second_peak_bpm": 103,
    "bpm_histogram_second_peak_spread": 0.33333337307,
    "bpm_histogram_second_peak_weight": 0.00793650839478,
    "danceability": 1.25610530376,
    "onset_rate": 3.79849720001,
    "beats_loudness_band_ratio": {
        "mean": [0.405903965235, 0.196289509535, 0.196100771427, 0.115982815623, 0.031750202179, 0.0741719454527],
        "stdev": [0.284373402596, 0.175324857235, 0.116247862577, 0.128610000014, 0.0300931576639, 0.0819529443979]
    },
    "beats_position": [0.476009070873, 0.96362811327, 1.46285712719, 1.99691605568, 2.53097510338, 3.08825397491, 3.63392281532, 4.17959165573, 4.73687076569, 5.2941493988, 5.8282084465, 6.38548755646, 6.93115615845, 7.47682523727, 8.03410434723, 8.59138298035, 9.13705158234, 9.682721138, 10.22838974, 10.774058342, 11.3313379288, 11.8886165619, 12.4342851639, 12.9799547195, 13.5372333527, 14.0829019547, 14.6285715103, 15.1858501434, 15.7315187454, 16.2771873474, 16.8344669342, 17.3801364899, 17.9258041382, 18.483083725, 19.0287532806, 19.574420929, 20.1317005157, 20.6773700714, 21.2230377197, 21.7803173065, 22.3259868622, 22.8716545105, 23.4289340973, 23.9862117767, 24.5318813324, 25.0775508881, 25.6232185364, 26.168888092, 26.7261676788, 27.2834453583, 27.8291149139, 28.3747844696, 28.9204521179, 29.4661216736, 30.0234012604, 30.5806789398, 31.1263484955, 31.6720180511, 32.2292976379, 32.7749671936, 33.3206329346, 33.8779144287, 34.4235839844, 34.9692497253, 35.5265312195, 36.0722007751, 36.6178665161, 37.1751480103, 37.7208137512, 38.2664833069, 38.823764801, 39.3810424805, 39.9267120361, 40.4723815918, 41.0180473328, 41.5637168884, 42.1209983826, 42.678276062, 43.2239456177, 43.7696151733, 44.3152809143, 44.86095047, 45.4182319641, 45.9755096436, 46.5211791992, 47.0668487549, 47.6241264343, 48.16979599, 48.7154655457, 49.2727432251, 49.8184127808, 50.3640823364, 50.9213600159, 51.4670295715, 52.0126991272, 52.5699768066, 53.1156463623, 53.661315918, 54.2185935974, 54.7758712769, 55.3215408325, 55.8672103882, 56.4128799438, 56.9585494995, 57.515827179, 58.0614967346, 58.6071662903, 59.1644439697, 59.7101135254, 60.2557830811, 60.8130607605, 61.3587303162, 61.9043960571, 62.4616775513, 63.0073471069, 63.5530128479, 64.1102905273, 64.6675720215, 65.2132415771, 65.7589111328, 66.316192627, 66.8734664917, 67.4075241089, 67.964805603, 68.5104751587, 69.0561447144, 69.6134262085, 70.1707000732, 70.7163696289, 71.2620391846, 71.8077087402, 72.3533782959, 72.91065979, 73.4563217163, 74.001991272, 74.5592727661, 75.1049423218, 75.6506118774, 76.2078933716, 76.7535552979, 77.310836792, 77.8565063477, 78.4137878418, 78.9594573975, 79.5051269531, 80.0624008179, 80.6080703735, 81.1537399292, 81.7110214233, 82.256690979, 82.8023605347, 83.3596343994, 83.9053039551, 84.4509735107, 85.0082550049, 85.5539245605, 86.0995864868, 86.656867981, 87.2141494751, 87.7482070923, 88.3054885864, 88.8511581421, 89.3968200684, 89.9541015625, 90.4997711182, 91.0454406738, 91.602722168, 92.1599960327, 92.7056655884, 93.251335144, 93.7970046997, 94.3426742554, 94.8999557495, 95.4456253052, 96.0028991699, 96.5485687256, 97.1058502197, 97.6515197754, 98.1971893311, 98.7544631958, 99.3001327515, 99.8458023071, 100.403083801, 100.948753357, 101.494422913, 102.051696777, 102.597366333, 103.143035889, 103.700317383, 104.245986938, 104.791656494, 105.348930359, 105.894599915, 106.44026947, 106.997550964, 107.554824829, 108.100494385, 108.64616394, 109.203445435, 109.74911499, 110.294784546, 110.852058411, 111.386123657, 111.943397522, 112.489067078, 113.034736633, 113.592018127, 114.149291992, 114.694961548, 115.240631104, 115.797912598, 116.343582153, 116.889251709, 117.434921265, 117.98059082, 118.537864685, 119.095146179, 119.652427673, 120.186485291, 120.743759155, 121.289428711, 121.835098267, 122.392379761, 122.938049316, 123.483718872, 124.040992737, 124.586662292, 125.132331848, 125.689613342, 126.246894836, 126.792556763, 127.338226318, 127.883895874, 128.42956543, 128.986846924, 129.544128418, 130.089797974, 130.635467529, 131.192733765, 131.73840332, 132.284072876, 132.829742432, 133.375411987, 133.932693481, 134.478363037, 135.024032593, 135.581314087, 136.138595581, 136.684265137, 137.229934692, 137.787200928, 138.344482422, 138.890151978, 139.435821533, 139.981491089, 140.527160645, 141.084442139, 141.641723633, 142.17578125, 142.733062744, 143.290344238, 143.836013794, 144.381668091, 144.927337646, 145.473007202, 146.030288696, 146.575958252, 147.121627808, 147.678909302, 148.236190796, 148.781860352, 149.327529907, 149.884811401, 150.442077637, 150.976135254, 151.52180481, 152.067474365, 152.613143921, 153.170425415, 153.727706909, 154.273376465, 154.819046021, 155.364715576, 155.92199707, 156.467666626, 157.013336182, 157.570602417, 158.127883911, 158.673553467, 159.219223022, 159.764892578, 160.310562134, 160.867843628, 161.413513184, 161.959182739, 162.516464233, 163.073745728, 163.631011963, 164.16506958, 164.722351074, 165.26802063, 165.813690186, 166.37097168, 166.928253174, 167.473922729, 168.019592285, 168.565261841, 169.110931396, 169.668212891, 170.225479126, 170.771148682, 171.316818237, 171.874099731, 172.419769287, 172.965438843, 173.522720337, 174.068389893, 174.614059448, 175.171340942, 175.717010498, 176.262680054, 176.819946289, 177.365615845, 177.9112854, 178.468566895, 179.01423645, 179.559906006, 180.1171875, 180.662857056, 181.208526611, 181.765808105, 182.323074341, 182.868743896, 183.414413452, 183.971694946, 184.517364502, 185.063034058, 185.620315552, 186.165985107, 186.711654663, 187.257324219, 187.802993774, 188.360275269, 188.917541504, 189.46321106, 190.008880615, 190.566162109, 191.111831665, 191.657501221, 192.214782715, 192.760452271, 193.306121826, 193.86340332, 194.409072876, 194.954742432, 195.512008667, 196.057678223, 196.603347778, 197.160629272, 197.706298828, 198.251968384, 198.809249878, 199.366531372, 199.912200928, 200.457870483, 201.015136719, 201.560806274, 202.10647583, 202.652145386, 203.197814941, 203.755096436, 204.31237793, 204.858047485, 205.403717041, 205.960998535, 206.506668091, 207.052337646, 207.609603882, 208.155273438, 208.700942993, 209.258224487, 209.803894043, 210.349563599, 210.906845093, 211.452514648, 211.998184204, 212.555465698, 213.101135254, 213.64680481, 214.204071045, 214.761352539, 215.295410156, 215.85269165, 216.409973145, 216.9556427, 217.501312256, 218.046981812, 218.592651367, 219.149932861, 219.695602417, 220.241271973, 220.798538208, 221.344207764, 221.889877319, 222.447158813, 223.004440308, 223.550109863, 224.095779419, 224.653060913, 225.198730469, 225.744400024, 226.30166626, 226.847335815, 227.393005371, 227.950286865, 228.495956421, 229.041625977, 229.598907471, 230.144577026, 230.690246582, 231.247528076, 231.793197632, 232.338867188, 232.896133423, 233.441802979, 233.987472534, 234.544754028, 235.090423584, 235.63609314, 236.193374634, 236.750656128, 237.284713745, 237.841995239, 238.399276733, 238.944946289, 239.490600586, 240.036270142, 240.581939697, 241.139221191, 241.684890747, 242.230560303, 242.787841797, 243.345123291, 243.890792847, 244.436462402, 244.993743896, 245.551010132, 246.085067749, 246.642349243, 247.188018799, 247.733688354, 248.290969849, 248.836639404, 249.38230896, 249.939590454, 250.48526001, 251.030929565, 251.58821106, 252.133865356, 252.679534912, 253.236816406, 253.782485962, 254.328155518, 254.885437012, 255.442718506, 255.988388062, 256.534057617, 257.079711914, 257.625396729, 258.182678223, 258.739959717, 259.285614014, 259.831298828, 260.388580322, 260.934234619, 261.479919434, 262.02557373, 262.571228027, 263.128509521, 263.685791016, 264.23147583, 264.777130127, 265.322814941, 265.868469238, 266.425750732, 266.983032227, 267.528717041, 268.074371338, 268.631652832, 269.177307129, 269.722991943, 270.280273438, 270.825927734, 271.371612549, 271.928894043, 272.486175537, 273.031829834, 273.589111328, 274.146392822, 274.715270996, 275.284179688, 275.864654541, 276.445159912, 277.025665283, 277.606170654],
    "bpm_histogram": [0, 0, 0, 0, 0, 0, 0, 0, 0, 0, 0, 0, 0, 0, 0, 0, 0, 0, 0, 0, 0, 0, 0, 0, 0, 0, 0, 0, 0, 0, 0, 0, 0, 0, 0, 0, 0, 0, 0, 0, 0, 0, 0, 0, 0, 0, 0, 0, 0, 0, 0, 0, 0, 0, 0, 0, 0, 0, 0, 0, 0, 0, 0, 0, 0, 0, 0, 0, 0, 0, 0, 0, 0, 0, 0, 0, 0, 0, 0, 0, 0, 0, 0, 0, 0, 0, 0, 0, 0, 0, 0, 0, 0, 0, 0, 0, 0, 0, 0, 0, 0, 0, 0, 0.00793650839478, 0, 0.00396825419739, 0, 0, 0.373015880585, 0, 0.58531743288, 0, 0.0257936511189, 0, 0, 0, 0, 0, 0, 0, 0.00198412709869, 0, 0, 0.00198412709869, 0, 0, 0, 0, 0, 0, 0, 0, 0, 0, 0, 0, 0, 0, 0, 0, 0, 0, 0, 0, 0, 0, 0, 0, 0, 0, 0, 0, 0, 0, 0, 0, 0, 0, 0, 0, 0, 0, 0, 0, 0, 0, 0, 0, 0, 0, 0, 0, 0, 0, 0, 0, 0, 0, 0, 0, 0, 0, 0, 0, 0, 0, 0, 0, 0, 0, 0, 0, 0, 0, 0, 0, 0, 0, 0, 0, 0, 0, 0, 0, 0, 0, 0, 0, 0, 0, 0, 0, 0, 0, 0, 0, 0, 0, 0, 0, 0, 0, 0, 0, 0, 0, 0, 0, 0, 0, 0, 0, 0, 0, 0, 0, 0, 0, 0, 0, 0, 0, 0, 0, 0, 0, 0, 0, 0, 0]
},
"tonal": {
    "chords_changes_rate": 0.046721175313,
    "chords_number_rate": 0.00216919742525,
    "chords_strength": {
        "mean": 0.579535245895,
        "stdev": 0.102061025798
    },
    "hpcp_crest": {
        "mean": 16.0559635162,
        "stdev": 8.14370155334
    },
    "hpcp_entropy": {
        "mean": 1.74209809303,
        "stdev": 0.778004348278
    },
    "key_edma": {
        "strength": 0.687846899033,
        "key": "B",
        "scale": "minor"
    },
    "key_krumhansl": {
        "strength": 0.682293593884,
        "key": "B",
        "scale": "minor"
    },
    "key_temperley": {
        "strength": 0.686748027802,
        "key": "F#",
        "scale": "minor"
    },
    "tuning_diatonic_strength": 0.600751340389,
    "tuning_equal_tempered_deviation": 0.112887904048,
    "tuning_frequency": 437.971466064,
    "tuning_nontempered_energy_ratio": 0.780216038227,
    "hpcp": {
        "mean": [0.157130792737, 0.13207231462, 0.0697620809078, 0.0593623816967, 0.0742576122284, 0.134930625558, 0.237348780036, 0.202320531011, 0.095147497952, 0.066230289638, 0.0583172068, 0.130690589547, 0.253365308046, 0.202725365758, 0.0790138319135, 0.0631483867764, 0.0507851652801, 0.0373116396368, 0.0519182942808, 0.0551231019199, 0.0570136904716, 0.116277337074, 0.120713636279, 0.113330073655, 0.153014525771, 0.121210381389, 0.17543964088, 0.336121946573, 0.265024214983, 0.103968471289, 0.0783387124538, 0.0610342994332, 0.0682971924543, 0.112045414746, 0.102633461356, 0.0996189191937],
        "stdev": [0.264864712954, 0.235962495208, 0.171751186252, 0.156255081296, 0.185193821788, 0.231852963567, 0.349644213915, 0.298020541668, 0.211432591081, 0.173908174038, 0.158772647381, 0.227005362511, 0.329566538334, 0.274008244276, 0.171980395913, 0.174014061689, 0.140022397041, 0.0979557558894, 0.131856650114, 0.145545646548, 0.143595397472, 0.242707490921, 0.250203430653, 0.211685433984, 0.288015425205, 0.217529147863, 0.249156460166, 0.384625554085, 0.321959972382, 0.203902006149, 0.19306576252, 0.168558582664, 0.153540745378, 0.209860339761, 0.18884177506, 0.195561349392]
    },
    "chords_histogram": [36.2422828674, 3.70432162285, 1.31820452213, 3.9879860878, 2.36943101883, 16.4191551208, 0.0333722680807, 1.28483235836, 1.70198559761, 16.7862510681, 2.61972308159, 0, 0.233605876565, 0.383781075478, 0.250292003155, 0.250292003155, 0.0834306702018, 0.367094933987, 0.0333722680807, 0.300350397825, 1.10128486156, 0, 7.62556314468, 2.90338730812],
    "thpcp": [1, 0.788476407528, 0.309317708015, 0.23306633532, 0.181583791971, 0.203191712499, 0.333347499371, 0.305345922709, 0.296377301216, 0.46748149395, 0.392929762602, 0.207549914718, 0.176609650254, 0.22092461586, 0.401433557272, 0.706138908863, 0.601925969124, 0.283074349165, 0.197042450309, 0.173500150442, 0.388818979263, 0.753789842129, 0.603130400181, 0.23507489264, 0.187873438001, 0.151091486216, 0.111006259918, 0.154462680221, 0.163997337222, 0.169622033834, 0.345937937498, 0.359136432409, 0.337169528008, 0.455235153437, 0.360614299774, 0.521952331066],
    "chords_key": "F#",
    "chords_scale": "minor"
}
}