{
"metadata": {
    "version": {
        "essentia": "2.1-dev",
        "essentia_git_sha": "v2.1_beta3-415-gd5473f3",
        "extractor": "music 2.0"
    },
    "audio_properties": {
        "analysis": {
            "equal_loudness": 0,
            "length": 261.825317383,
            "sample_rate": 44100,
            "start_time": 0,
            "downmix": "mix"
        },
        "bit_rate": 192000,
        "length": 261.825317383,
        "lossless": 0,
        "number_channels": 2,
        "replay_gain": -5.41000175476,
        "sample_rate": 44100,
        "codec": "mp3",
        "md5_encoded": "347278da4e3c0d3d37c8dcdd6b44f5b6"
    },
    "tags": {
        "file_name": "tony_braxton-angel.mp3",
        "album": ["                              "],
        "artist": ["Kenny G & Toni Braxton        "],
        "date": ["1997"],
        "genre": ["R&B"],
        "title": ["How Could n Angel Break My <3 "]
    }
},
"lowlevel": {
    "average_loudness": 0.406254082918,
    "barkbands_crest": {
        "mean": 12.3937644958,
        "stdev": 4.89368963242
    },
    "barkbands_flatness_db": {
        "mean": 0.179328307509,
        "stdev": 0.0682726502419
    },
    "barkbands_kurtosis": {
        "mean": 12.343832016,
        "stdev": 24.8785591125
    },
    "barkbands_skewness": {
        "mean": 2.18764400482,
        "stdev": 1.97541439533
    },
    "barkbands_spread": {
        "mean": 18.6806259155,
        "stdev": 16.9575138092
    },
    "dissonance": {
        "mean": 0.434501081705,
        "stdev": 0.042234569788
    },
    "dynamic_complexity": 5.53740024567,
    "erbbands_crest": {
        "mean": 11.9766807556,
        "stdev": 5.51022911072
    },
    "erbbands_flatness_db": {
        "mean": 0.174569606781,
        "stdev": 0.0525740534067
    },
    "erbbands_kurtosis": {
        "mean": 3.22869634628,
        "stdev": 7.01449155807
    },
    "erbbands_skewness": {
        "mean": 1.01019215584,
        "stdev": 1.26763379574
    },
    "erbbands_spread": {
        "mean": 36.1876068115,
        "stdev": 25.0490589142
    },
    "hfc": {
        "mean": 16.1337985992,
        "stdev": 20.8009033203
    },
    "loudness_ebu128": {
        "integrated": -18.4756546021,
        "loudness_range": 11.8870792389,
        "momentary": {
            "mean": -23.8624668121,
            "stdev": 25.9079723358
        },
        "short_term": {
            "mean": -20.9559745789,
            "stdev": 6.13080263138
        }
    },
    "melbands_crest": {
        "mean": 16.1290340424,
        "stdev": 5.8727145195
    },
    "melbands_flatness_db": {
        "mean": 0.252134859562,
        "stdev": 0.087364114821
    },
    "melbands_kurtosis": {
        "mean": 27.781671524,
        "stdev": 48.4605636597
    },
    "melbands_skewness": {
        "mean": 3.25287842751,
        "stdev": 2.4539308548
    },
    "melbands_spread": {
        "mean": 19.9125785828,
        "stdev": 25.4617938995
    },
    "pitch_salience": {
        "mean": 0.484887063503,
        "stdev": 0.127369642258
    },
    "silence_rate_20dB": {
        "mean": 1,
        "stdev": 0
    },
    "silence_rate_30dB": {
        "mean": 0.991575777531,
        "stdev": 0.0913946330547
    },
    "silence_rate_60dB": {
        "mean": 0.208743453026,
        "stdev": 0.406418174505
    },
    "spectral_centroid": {
        "mean": 1088.34680176,
        "stdev": 1216.66748047
    },
    "spectral_complexity": {
        "mean": 10.2875766754,
        "stdev": 7.43041753769
    },
    "spectral_decrease": {
        "mean": -5.35283994907e-09,
        "stdev": 5.93605919974e-09
    },
    "spectral_energy": {
        "mean": 0.0216662324965,
        "stdev": 0.0236985031515
    },
    "spectral_energyband_high": {
        "mean": 0.000694324320648,
        "stdev": 0.00131061323918
    },
    "spectral_energyband_low": {
        "mean": 0.00788301136345,
        "stdev": 0.0158590488136
    },
    "spectral_energyband_middle_high": {
        "mean": 0.00478092953563,
        "stdev": 0.00963180232793
    },
    "spectral_energyband_middle_low": {
        "mean": 0.00895344652236,
        "stdev": 0.0094314776361
    },
    "spectral_entropy": {
        "mean": 7.09596633911,
        "stdev": 0.693593859673
    },
    "spectral_flux": {
        "mean": 0.0544787235558,
        "stdev": 0.0489922687411
    },
    "spectral_kurtosis": {
        "mean": 5.85734033585,
        "stdev": 6.75712108612
    },
    "spectral_rms": {
        "mean": 0.00395321566612,
        "stdev": 0.00234730006196
    },
    "spectral_rolloff": {
        "mean": 1392.02966309,
        "stdev": 2472.44140625
    },
    "spectral_skewness": {
        "mean": 1.8598985672,
        "stdev": 0.880429327488
    },
    "spectral_spread": {
        "mean": 5725637,
        "stdev": 4208366.5
    },
    "spectral_strongpeak": {
        "mean": 1.02032566071,
        "stdev": 1.5674328804
    },
    "zerocrossingrate": {
        "mean": 0.0572000481188,
        "stdev": 0.064046561718
    },
    "barkbands": {
        "mean": [0.000161674062838, 0.00536210276186, 0.00195240415633, 0.00073873490328, 0.00278970785439, 0.00257588224486, 0.000741939526051, 0.000648614310194, 0.000983752543107, 0.0013297063997, 0.000821309280582, 0.000370765425032, 0.000666143954732, 0.000388810207369, 0.000448551261798, 0.000254031736404, 0.000201282149646, 0.000173174179508, 0.000243647155003, 0.000198370500584, 0.000125362494146, 0.000130542684929, 0.000115790076961, 0.000120098615298, 7.97271859483e-05, 4.11496221204e-05, 2.98331906379e-06],
        "stdev": [0.000479934562463, 0.0118066715077, 0.00443368079141, 0.00162020686548, 0.00504961842671, 0.00520404987037, 0.00193173135631, 0.00186253269203, 0.00283010536805, 0.00532789388672, 0.00338655291125, 0.0014726172667, 0.00262886914425, 0.00166372884996, 0.00172174640466, 0.00115664675832, 0.000691784254741, 0.000457896792796, 0.000736615271308, 0.000562424655072, 0.000310554984026, 0.000338183104759, 0.000289597606752, 0.000253421545494, 0.000251213670708, 0.000130181768327, 9.22237086343e-06]
    },
    "erbbands": {
        "mean": [0.140404075384, 1.23367226124, 2.49028468132, 2.4300403595, 3.9591217041, 11.067276001, 17.0367546082, 23.2170715332, 12.8325614929, 11.8066720963, 12.7607393265, 25.9866847992, 33.6980400085, 39.8482933044, 32.8880157471, 17.535320282, 30.4038009644, 22.7948360443, 25.6842861176, 18.4204769135, 10.8320970535, 9.36916446686, 10.8378181458, 11.8079929352, 11.7873020172, 10.1401138306, 5.50016069412, 5.21123552322, 4.39697933197, 3.65818452835, 3.39489364624, 2.50914812088, 2.02963280678, 1.1212528944, 0.435142338276, 0.178802341223, 0.0771088004112, 0.0144110936671, 0.000332380615873, 3.57786921086e-05],
        "stdev": [0.330843687057, 2.76634955406, 5.4262638092, 4.78168869019, 6.66120767593, 23.8400554657, 40.6419563293, 51.0838737488, 30.6888847351, 30.2740306854, 38.0526008606, 69.3424758911, 123.388092041, 184.291107178, 98.630531311, 61.3595199585, 117.556091309, 86.4352035522, 86.5684051514, 80.778968811, 36.1023445129, 30.2564144135, 28.851732254, 33.7459182739, 37.5550842285, 31.1227378845, 12.8103761673, 13.121594429, 11.58979702, 9.4797668457, 8.44115352631, 5.30280399323, 4.64878368378, 3.46878433228, 1.46029472351, 0.550476133823, 0.254295438528, 0.0440463796258, 0.00095715909265, 4.51508094557e-05]
    },
    "gfcc": {
        "mean": [-75.3807449341, 94.2267532349, -92.8442764282, 25.6943035126, -66.7644882202, 13.9540548325, -40.1885681152, 4.71780967712, -24.5491924286, -0.170370101929, -11.0169906616, 0.986823022366, -8.76350307465],
        "cov": [[26747.3945312, -1745.70275879, -2430.8762207, 935.4296875, -194.541885376, 783.467956543, -78.4541931152, 732.664367676, -239.153137207, 607.633117676, -247.696594238, 374.682281494, -455.341705322], [-1745.70275879, 2352.01831055, -196.108520508, -39.3265304565, 207.483718872, -88.2231140137, 306.426483154, -179.106384277, 242.329345703, -207.621917725, 138.829116821, -131.475341797, 150.681915283], [-2430.8762207, -196.108520508, 1301.06994629, -8.4100112915, -10.4445285797, 40.1717910767, -160.613540649, -30.4739360809, -130.949401855, -1.49599432945, -115.722084045, -32.369808197, -113.433952332], [935.4296875, -39.3265304565, -8.4100112915, 581.935974121, 259.706268311, 90.7223815918, 124.402122498, 75.8259506226, 118.999298096, 90.5801620483, -31.3345603943, 33.6522216797, 16.5617790222], [-194.541885376, 207.483718872, -10.4445285797, 259.706268311, 552.307495117, 167.886398315, 240.564025879, 92.0859985352, 134.881378174, 93.8365020752, 1.67861199379, 15.8888139725, -11.219042778], [783.467956543, -88.2231140137, 40.1717910767, 90.7223815918, 167.886398315, 292.279968262, 155.237197876, 76.5379180908, 8.5986995697, 66.3888320923, -2.37561130524, -6.59311532974, -65.8543930054], [-78.4541931152, 306.426483154, -160.613540649, 124.402122498, 240.564025879, 155.237197876, 388.0128479, 56.4965744019, 99.7562408447, 40.8697853088, 46.1875228882, 3.83433699608, 11.1562156677], [732.664367676, -179.106384277, -30.4739360809, 75.8259506226, 92.0859985352, 76.5379180908, 56.4965744019, 198.115371704, 50.400428772, 67.7171020508, 19.2735958099, 35.7549514771, -2.87588906288], [-239.153137207, 242.329345703, -130.949401855, 118.999298096, 134.881378174, 8.5986995697, 99.7562408447, 50.400428772, 203.239044189, 34.4898986816, 38.0081214905, 22.1603431702, 59.3130722046], [607.633117676, -207.621917725, -1.49599432945, 90.5801620483, 93.8365020752, 66.3888320923, 40.8697853088, 67.7171020508, 34.4898986816, 162.005172729, 2.82441473007, 43.2514839172, -15.4270172119], [-247.696594238, 138.829116821, -115.722084045, -31.3345603943, 1.67861199379, -2.37561130524, 46.1875228882, 19.2735958099, 38.0081214905, 2.82441473007, 155.208770752, 13.6241827011, 44.7936553955], [374.682281494, -131.475341797, -32.369808197, 33.6522216797, 15.8888139725, -6.59311532974, 3.83433699608, 35.7549514771, 22.1603431702, 43.2514839172, 13.6241827011, 124.974723816, 27.4705543518], [-455.341705322, 150.681915283, -113.433952332, 16.5617790222, -11.219042778, -65.8543930054, 11.1562156677, -2.87588906288, 59.3130722046, -15.4270172119, 44.7936553955, 27.4705543518, 169.445968628]],
        "icov": [[0.000112076537334, -0.000109507585876, 0.000308354763547, -0.000245011615334, 0.000228274962865, -0.000355908530764, 0.000267523340881, -0.000379087752663, 0.000374799623387, -0.000287388742436, 0.000270231830655, -0.000316236604704, 0.000304145592963], [-0.000109507585876, 0.000952879316173, -0.000378777476726, 0.000410504784668, -0.000522914924659, 0.000629026559182, -0.000850887270644, 0.00111159333028, -0.00129310670309, 0.00117466924712, -0.000724680896383, 0.000953392300289, -0.000553995196242], [0.000308354763547, -0.000378777476726, 0.00177874986548, -0.000729046179913, 0.000462011346826, -0.00120539055206, 0.00122808443848, -0.00105354923289, 0.00148537347559, -0.000859248044435, 0.00115416152403, -0.000864222762175, 0.0011276921723], [-0.000245011615334, 0.000410504784668, -0.000729046179913, 0.00300541589968, -0.00130664778408, 0.000673757866025, -0.000765791046433, 0.000832821242511, -0.00182276091073, 0.000203259769478, 0.000144340330735, 0.00062267773319, -0.00104792020284], [0.000228274962865, -0.000522914924659, 0.000462011346826, -0.00130664778408, 0.00394429964945, -0.00154303514864, -0.000518695800565, -0.00123054429423, -0.000176024725079, -0.00148402538616, 0.00100947543979, -0.000756894994993, 0.000972517824266], [-0.000355908530764, 0.000629026559182, -0.00120539055206, 0.000673757866025, -0.00154303514864, 0.00715097878128, -0.00302278669551, 9.43857157836e-05, -0.00034463085467, 8.49456773722e-05, -0.00113937933929, 0.00189587159548, 0.000611288705841], [0.000267523340881, -0.000850887270644, 0.00122808443848, -0.000765791046433, -0.000518695800565, -0.00302278669551, 0.00566677143797, -0.00115906167775, 0.000598977610935, -0.000844555674121, 0.000150545369252, -0.00107498676516, 0.000618556514382], [-0.000379087752663, 0.00111159333028, -0.00105354923289, 0.000832821242511, -0.00123054429423, 9.43857157836e-05, -0.00115906167775, 0.0086526395753, -0.00311394338496, 0.000190898557776, -0.00190105906222, 0.000461098708911, -0.00108032359276], [0.000374799623387, -0.00129310670309, 0.00148537347559, -0.00182276091073, -0.000176024725079, -0.00034463085467, 0.000598977610935, -0.00311394338496, 0.0101936077699, -0.00243684370071, 0.000558335857932, -0.00162892858498, -0.000581826083362], [-0.000287388742436, 0.00117466924712, -0.000859248044435, 0.000203259769478, -0.00148402538616, 8.49456773722e-05, -0.000844555674121, 0.000190898557776, -0.00243684370071, 0.0103953704238, -0.00133837712929, -0.00101292412728, -0.000100901495898], [0.000270231830655, -0.000724680896383, 0.00115416152403, 0.000144340330735, 0.00100947543979, -0.00113937933929, 0.000150545369252, -0.00190105906222, 0.000558335857932, -0.00133837712929, 0.00878831092268, -0.00140114477836, -0.000702371064108], [-0.000316236604704, 0.000953392300289, -0.000864222762175, 0.00062267773319, -0.000756894994993, 0.00189587159548, -0.00107498676516, 0.000461098708911, -0.00162892858498, -0.00101292412728, -0.00140114477836, 0.0110016828403, -0.00250693736598], [0.000304145592963, -0.000553995196242, 0.0011276921723, -0.00104792020284, 0.000972517824266, 0.000611288705841, 0.000618556514382, -0.00108032359276, -0.000581826083362, -0.000100901495898, -0.000702371064108, -0.00250693736598, 0.00909837149084]]
    },
    "melbands": {
        "mean": [0.00139193760697, 0.00146817299537, 0.000444477336714, 0.000536050065421, 0.000601084379014, 0.000497116765473, 0.000184259130037, 0.000132613597088, 0.000101200639619, 0.000168178667082, 0.000167277976288, 0.000162434909726, 0.000106195067929, 5.68250943616e-05, 5.1112852816e-05, 6.38292840449e-05, 4.07410771004e-05, 4.06280560128e-05, 2.79476989817e-05, 2.40027693508e-05, 9.99928397505e-06, 8.52811717778e-06, 1.35956306622e-05, 7.31982709112e-06, 9.73747319222e-06, 9.12171890377e-06, 7.62357331041e-06, 6.2095150497e-06, 3.66514245798e-06, 2.65407038569e-06, 3.34370565724e-06, 2.75534330285e-06, 1.95562074623e-06, 1.99756254915e-06, 2.05356877814e-06, 1.66076540609e-06, 1.45421336128e-06, 1.50246751218e-06, 1.19043090763e-06, 8.648658536e-07],
        "stdev": [0.00310938968323, 0.00309146754444, 0.000787817756645, 0.00107006635517, 0.00125095190015, 0.00104908179492, 0.000443950790213, 0.000356081756763, 0.000332195864758, 0.000460441340692, 0.00062740262365, 0.00078902131645, 0.00036305343383, 0.00018342959811, 0.000229837765801, 0.000248730299063, 0.00018428657495, 0.000140130927321, 0.000122644996736, 0.00011851356976, 3.34202741215e-05, 2.91108117381e-05, 4.95602980664e-05, 2.04687512451e-05, 3.11850126309e-05, 3.20053368341e-05, 2.43719896389e-05, 1.9238474124e-05, 9.08514630282e-06, 7.34287959858e-06, 9.05918568606e-06, 7.33493243388e-06, 5.79124343858e-06, 5.31037630935e-06, 5.5395353229e-06, 3.80757046514e-06, 3.25151677316e-06, 3.49938045474e-06, 3.15935653816e-06, 3.01579507322e-06]
    },
    "melbands128": {
        "mean": [0.000145292360685, 0.000979441450909, 0.00197795103304, 0.00208009732887, 0.00150026683696, 0.000852684781421, 0.000489847327117, 0.000338229059707, 0.00031700587715, 0.00056255486561, 0.000664069491904, 0.000615283555817, 0.000581465836149, 0.00052207801491, 0.000691786000971, 0.000332806550432, 0.000195497763343, 0.000187587706023, 0.000141432203236, 0.000114909096737, 0.00017482964904, 9.66480802163e-05, 9.862324805e-05, 7.48108068365e-05, 0.000182854913874, 0.000207025004784, 0.000124300160678, 0.000206247277674, 0.000118226504128, 0.000236059655435, 0.000148346836795, 8.9815010142e-05, 9.03046602616e-05, 0.000159857765539, 4.91475475428e-05, 3.79844968847e-05, 4.47074962722e-05, 2.73197729257e-05, 8.69918731041e-05, 7.08701627445e-05, 7.53134736442e-05, 2.56886451098e-05, 3.85020321119e-05, 5.33584097866e-05, 2.79883061012e-05, 4.32740016549e-05, 5.17276457686e-05, 2.3765320293e-05, 1.94450130948e-05, 2.58141517406e-05, 2.95502304652e-05, 1.81551458809e-05, 7.74687305238e-06, 8.13225051388e-06, 1.05259159682e-05, 6.08212712905e-06, 5.52642723051e-06, 2.30605255638e-05, 1.09014299596e-05, 9.7079155239e-06, 4.84479278384e-06, 6.90019351168e-06, 1.19835767691e-05, 1.0579939044e-05, 6.73572048981e-06, 9.40791505855e-06, 1.11571798698e-05, 5.80377445658e-06, 6.01160718361e-06, 1.1479344721e-05, 5.78222352488e-06, 4.49723211204e-06, 3.93976461055e-06, 4.03280773753e-06, 2.27634268413e-06, 2.81756047116e-06, 3.15038300869e-06, 1.67856762801e-06, 3.90072773371e-06, 4.49715980722e-06, 2.63390415967e-06, 2.36918822338e-06, 1.79282415047e-06, 1.73237606305e-06, 2.44279681283e-06, 1.87401462881e-06, 1.94458129954e-06, 1.91593403542e-06, 2.35302513829e-06, 1.81374377917e-06, 1.78724621946e-06, 1.53794337621e-06, 1.63509389495e-06, 1.39170219882e-06, 1.42061173847e-06, 1.47377841131e-06, 1.66113704836e-06, 1.30160333356e-06, 1.18053469578e-06, 1.19170965718e-06, 9.38984669574e-07, 8.10948961316e-07, 7.77330512847e-07, 5.80565711061e-07, 4.6047188107e-07, 3.64286989907e-07, 3.16904674946e-07, 4.00318185712e-07, 2.92381059808e-07, 2.46312140462e-07, 2.27760395433e-07, 3.24008766484e-07, 3.04672539642e-07, 1.38958071716e-07, 1.7140841635e-07, 1.88705669757e-07, 1.13928592782e-07, 1.4330669984e-08, 3.66801250831e-12, 3.24442014053e-12, 3.15700026884e-12, 3.08802874764e-12, 3.0162753805e-12, 2.95496656658e-12, 2.91827759874e-12, 2.89129375823e-12, 2.87189933293e-12, 2.84835241331e-12],
        "stdev": [0.000440235744463, 0.00255485461093, 0.00470923120156, 0.0047854189761, 0.00333530455828, 0.00192472198978, 0.00107934186235, 0.000769824895542, 0.00065544503741, 0.00139828259125, 0.00198121857829, 0.00164003123064, 0.00191314215772, 0.00147911708336, 0.00177417555824, 0.000936801137868, 0.000799595552962, 0.000574680743739, 0.000527169788256, 0.000385827355785, 0.000650136033073, 0.000328818656271, 0.000502539449371, 0.000501678907312, 0.000608051894233, 0.00074290955672, 0.000641538121272, 0.00107327720616, 0.000613229407463, 0.00145558337681, 0.000927080574911, 0.00074087473331, 0.000427197053796, 0.000587090849876, 0.00026741460897, 0.000208732177271, 0.000264499016339, 0.000220509391511, 0.000568702758756, 0.000338060810464, 0.000399238488171, 0.000211674443563, 0.000245285045821, 0.000303517677821, 0.00017166530597, 0.000201437287615, 0.00025393391843, 0.000196030479856, 0.00014666331117, 0.000200572845642, 0.000206801414606, 8.26601026347e-05, 5.19728055224e-05, 4.15020076616e-05, 4.7983827244e-05, 4.01171855628e-05, 2.67153791356e-05, 0.000119277428894, 4.15512658947e-05, 3.91976027458e-05, 2.49756903941e-05, 2.96853359032e-05, 4.14758687839e-05, 5.09030942339e-05, 3.76106399926e-05, 4.47056481789e-05, 4.91109749419e-05, 2.80555323116e-05, 2.8723041396e-05, 5.37197920494e-05, 2.69213196589e-05, 1.42811668411e-05, 1.15906395877e-05, 1.39423154906e-05, 8.34589172882e-06, 9.39162237046e-06, 1.1981026546e-05, 7.01524913893e-06, 1.24840616991e-05, 1.55289853865e-05, 9.97855295282e-06, 8.28365682537e-06, 7.06107766746e-06, 6.3311795202e-06, 7.00422833688e-06, 5.94200309934e-06, 5.82825941819e-06, 6.71736097502e-06, 7.0332012001e-06, 5.57131033929e-06, 4.64996855953e-06, 4.15963540945e-06, 3.87836507798e-06, 3.62948935617e-06, 3.78594222639e-06, 3.93621394323e-06, 4.33585228166e-06, 3.59119258064e-06, 3.31509340867e-06, 3.71504825125e-06, 3.40152928402e-06, 3.28728810928e-06, 3.05959520119e-06, 2.40070198743e-06, 1.8500185206e-06, 1.26059001104e-06, 1.00781778656e-06, 1.5833084035e-06, 9.14842757993e-07, 7.62635693263e-07, 7.14341922503e-07, 1.23743575386e-06, 1.15941134027e-06, 3.87701760474e-07, 5.51107632418e-07, 6.34425248336e-07, 3.50685411377e-07, 4.68066616577e-08, 7.12566160591e-12, 6.03684810474e-12, 5.86877898709e-12, 5.72627101986e-12, 5.60524673551e-12, 5.50237850075e-12, 5.41589906602e-12, 5.3496018379e-12, 5.30240391525e-12, 5.27294484118e-12]
    },
    "mfcc": {
        "mean": [-718.179260254, 122.498825073, 25.9621677399, 15.2800502777, 2.26108050346, 2.39772439003, -1.22679591179, 1.4469397068, -7.55823993683, 1.39421451092, -3.93255138397, -3.5139272213, -3.57961750031],
        "cov": [[14984.4384766, -1289.5723877, -1432.03259277, 451.939788818, 146.653808594, 342.451904297, 299.094696045, 430.921661377, 177.987915039, 641.864746094, 157.261444092, 81.6925735474, 199.005966187], [-1289.5723877, 1963.04699707, -5.84541559219, 43.5998153687, -64.3043060303, 87.528678894, 9.92280769348, 76.5727386475, 35.0610275269, -82.5677185059, 51.3220672607, 59.5761413574, 14.0705327988], [-1432.03259277, -5.84541559219, 940.021789551, -66.1003494263, 65.8966751099, -42.9403305054, -16.741191864, -93.2731018066, -85.8115463257, -89.0576248169, -36.6767425537, -39.2078323364, -85.2202835083], [451.939788818, 43.5998153687, -66.1003494263, 512.10369873, 140.366226196, 174.922973633, 11.4502887726, 77.8024291992, 177.881988525, 5.76410341263, 36.9528274536, 95.9242630005, 62.5622406006], [146.653808594, -64.3043060303, 65.8966751099, 140.366226196, 314.821807861, 66.6315689087, 41.5414352417, 37.4039993286, 64.46043396, 51.3355178833, 12.1730318069, 46.8205718994, 39.9382324219], [342.451904297, 87.528678894, -42.9403305054, 174.922973633, 66.6315689087, 329.571960449, 111.958099365, 85.0784454346, 113.945503235, 49.5907859802, 86.2116088867, 44.8541526794, 29.931848526], [299.094696045, 9.92280769348, -16.741191864, 11.4502887726, 41.5414352417, 111.958099365, 248.902740479, 76.5412902832, 27.6661434174, 81.2885360718, 59.3410491943, 3.07054495811, 31.3459758759], [430.921661377, 76.5727386475, -93.2731018066, 77.8024291992, 37.4039993286, 85.0784454346, 76.5412902832, 187.058105469, 58.9828224182, 59.9847450256, 44.0552520752, 33.6514129639, 38.4402580261], [177.987915039, 35.0610275269, -85.8115463257, 177.881988525, 64.46043396, 113.945503235, 27.6661434174, 58.9828224182, 230.183227539, 23.201997757, 39.1807594299, 54.3190116882, 41.6383247375], [641.864746094, -82.5677185059, -89.0576248169, 5.76410341263, 51.3355178833, 49.5907859802, 81.2885360718, 59.9847450256, 23.201997757, 190.475585938, 48.236907959, -12.099032402, 19.8502025604], [157.261444092, 51.3220672607, -36.6767425537, 36.9528274536, 12.1730318069, 86.2116088867, 59.3410491943, 44.0552520752, 39.1807594299, 48.236907959, 134.180648804, 28.8904495239, 20.7940444946], [81.6925735474, 59.5761413574, -39.2078323364, 95.9242630005, 46.8205718994, 44.8541526794, 3.07054495811, 33.6514129639, 54.3190116882, -12.099032402, 28.8904495239, 149.253219604, 64.6847076416], [199.005966187, 14.0705327988, -85.2202835083, 62.5622406006, 39.9382324219, 29.931848526, 31.3459758759, 38.4402580261, 41.6383247375, 19.8502025604, 20.7940444946, 64.6847076416, 145.036071777]],
        "icov": [[9.77411327767e-05, 6.13686788711e-05, 0.000117266252346, -7.74374930188e-05, 2.03907002287e-05, -3.66441963706e-05, -8.28595966595e-06, -0.000101086210634, 7.97313186922e-05, -0.000228007658734, 3.73664515791e-05, -2.81698830804e-05, 8.29324562801e-06], [6.13686788711e-05, 0.000589770323131, 6.00014645897e-05, -2.11320675589e-05, 0.000138166287798, -0.000136653747177, 1.51514559548e-05, -0.000337166740792, 5.2144525398e-05, 0.000195614455151, -0.000153144268552, -0.000151368876686, 2.69164793281e-05], [0.000117266252346, 6.00014645897e-05, 0.00143581582233, -2.45237497438e-05, -0.000553935416974, -8.52145749377e-05, -0.000254449812928, 0.000287459086394, 0.000448025995865, 0.000376132724341, -1.12899397209e-05, 3.6045032175e-05, 0.000641878927127], [-7.74374930188e-05, -2.11320675589e-05, -2.45237497438e-05, 0.00341958436184, -0.000925441505387, -0.00115071481559, 0.000682121783029, -0.00037817878183, -0.00162912509404, 0.000630996539257, 0.000244022347033, -0.000735863635782, -0.000261495937593], [2.03907002287e-05, 0.000138166287798, -0.000553935416974, -0.000925441505387, 0.00422898400575, -9.09993614187e-05, -0.000283358123852, -6.33216404822e-05, -0.000316122401273, -0.00134656450246, 0.000674521608744, -0.000805073766969, -0.000497990637086], [-3.66441963706e-05, -0.000136653747177, -8.52145749377e-05, -0.00115071481559, -9.09993614187e-05, 0.00521303899586, -0.00162764755078, -0.000453770073364, -0.00111054501031, 0.000112755085866, -0.00186794064939, -6.61118610878e-05, 0.000531782803591], [-8.28595966595e-06, 1.51514559548e-05, -0.000254449812928, 0.000682121783029, -0.000283358123852, -0.00162764755078, 0.00593170709908, -0.00136272492819, 0.000216771193664, -0.00135333754588, -0.000927144137677, 0.000674537557643, -0.000985651859082], [-0.000101086210634, -0.000337166740792, 0.000287459086394, -0.00037817878183, -6.33216404822e-05, -0.000453770073364, -0.00136272492819, 0.00766101898625, -0.000613438896835, -0.00118045904674, -0.000374704424758, -0.000642197905108, -0.000443611119408], [7.97313186922e-05, 5.2144525398e-05, 0.000448025995865, -0.00162912509404, -0.000316122401273, -0.00111054501031, 0.000216771193664, -0.000613438896835, 0.00675997463986, -0.00024067198683, -0.000405594793847, -0.000605954730418, -0.000295877311146], [-0.000228007658734, 0.000195614455151, 0.000376132724341, 0.000630996539257, -0.00134656450246, 0.000112755085866, -0.00135333754588, -0.00118045904674, -0.00024067198683, 0.008235915564, -0.00205161143094, 0.00172031123657, -0.000335617223755], [3.73664515791e-05, -0.000153144268552, -1.12899397209e-05, 0.000244022347033, 0.000674521608744, -0.00186794064939, -0.000927144137677, -0.000374704424758, -0.000405594793847, -0.00205161143094, 0.0102841993794, -0.0016864722129, 2.60604338109e-05], [-2.81698830804e-05, -0.000151368876686, 3.6045032175e-05, -0.000735863635782, -0.000805073766969, -6.61118610878e-05, 0.000674537557643, -0.000642197905108, -0.000605954730418, 0.00172031123657, -0.0016864722129, 0.00990123581141, -0.00358385615982], [8.29324562801e-06, 2.69164793281e-05, 0.000641878927127, -0.000261495937593, -0.000497990637086, 0.000531782803591, -0.000985651859082, -0.000443611119408, -0.000295877311146, -0.000335617223755, 2.60604338109e-05, -0.00358385615982, 0.0094542875886]]
    },
    "spectral_contrast_coeffs": {
        "mean": [-0.681598305702, -0.714111208916, -0.731430947781, -0.75601297617, -0.767477750778, -0.780506789684],
        "stdev": [0.110247381032, 0.0839861854911, 0.089123249054, 0.0806670486927, 0.0779944881797, 0.0655362978578]
    },
    "spectral_contrast_valleys": {
        "mean": [-7.45528936386, -7.6743927002, -8.56452941895, -9.15035057068, -9.11642932892, -11.0628833771],
        "stdev": [2.29218530655, 2.14909029007, 2.13302922249, 2.1248626709, 2.18689656258, 2.10797309875]
    }
},
"rhythm": {
    "beats_count": 685,
    "beats_loudness": {
        "mean": 0.0268280282617,
        "stdev": 0.02461575903
    },
    "bpm": 164.051589966,
    "bpm_histogram_first_peak_bpm": 167,
    "bpm_histogram_first_peak_weight": 0,
    "bpm_histogram_second_peak_bpm": 161,
    "bpm_histogram_second_peak_spread": 0.205574929714,
    "bpm_histogram_second_peak_weight": 0.333333343267,
    "danceability": 0.986420273781,
    "onset_rate": 2.66957116127,
    "beats_loudness_band_ratio": {
        "mean": [0.377624720335, 0.336999624968, 0.140413030982, 0.0890138521791, 0.0455686673522, 0.049237690866],
        "stdev": [0.284277617931, 0.271185606718, 0.134207606316, 0.131975874305, 0.081920824945, 0.0875874385238]
    },
    "beats_position": [0.638548731804, 1.30031740665, 1.95047616959, 2.60063481331, 3.25079369545, 3.90095233917, 4.53950119019, 5.18965959549, 5.83981847763, 6.47836732864, 7.12852573395, 7.66258478165, 8.19664382935, 8.74231243134, 9.27637195587, 9.82204055786, 10.3560991287, 10.7972784042, 11.2384576797, 11.6796369553, 12.0743761063, 12.4691152573, 12.8522443771, 13.235373497, 13.6301136017, 14.0248527527, 14.4195919037, 14.8143310547, 15.1858501434, 15.5689792633, 15.9404983521, 16.3700675964, 16.7880268097, 17.2059860229, 17.6239452362, 18.0302944183, 18.4366436005, 18.8429927826, 19.2493419647, 19.6556911469, 20.062040329, 20.45677948, 20.8399085999, 21.2230377197, 21.6177768707, 22.0009059906, 22.3840351105, 22.7787742615, 23.1735134125, 23.5682544708, 23.9862117767, 24.40417099, 24.8337402344, 25.2284793854, 25.5883903503, 25.9599094391, 26.3314285278, 26.6913375854, 27.0512466431, 27.4111557007, 27.7826747894, 28.142583847, 28.5024929047, 28.8624038696, 29.2339229584, 29.593832016, 29.9537410736, 30.3136501312, 30.6735591888, 31.0450782776, 31.4049873352, 31.776506424, 32.1480255127, 32.5195465088, 32.8794555664, 33.2509727478, 33.6224937439, 34.0056228638, 34.4119720459, 34.818321228, 35.2362823486, 35.6542396545, 36.0489807129, 36.4437179565, 36.8384590149, 37.2331962585, 37.6279373169, 38.0110664368, 38.3941955566, 38.765712738, 39.1372337341, 39.5087509155, 39.8918800354, 40.2982292175, 40.7045783997, 41.099319458, 41.4940567017, 41.9352378845, 42.3764152527, 42.8059844971, 43.1542854309, 43.5141944885, 43.8857116699, 44.257232666, 44.6171417236, 44.9654426575, 45.3137397766, 45.6736488342, 46.0219497681, 46.3818588257, 46.7533760071, 47.1248970032, 47.4964179993, 47.8679351807, 48.2278442383, 48.5993652344, 48.959274292, 49.3191833496, 49.690700531, 50.0506095886, 50.3989105225, 50.7472114563, 51.0955085754, 51.4321975708, 51.7804985046, 52.1404075623, 52.5003166199, 52.871837616, 53.2433547974, 53.6380958557, 54.0328330994, 54.4043540955, 54.7758712769, 55.1473922729, 55.5305213928, 55.9136505127, 56.2851676941, 56.6450767517, 57.0049858093, 57.3648986816, 57.7248077393, 58.0963249207, 58.4562339783, 58.8161430359, 59.1760520935, 59.5359611511, 59.9074821472, 60.2789993286, 60.6621322632, 61.0452613831, 61.4283905029, 61.8231277466, 62.2178688049, 62.5777778625, 62.9376869202, 63.3092041016, 63.6691131592, 64.0754623413, 64.4818115234, 64.899772644, 65.3177337646, 65.7124710083, 66.0955963135, 66.478729248, 66.8502502441, 67.2217712402, 67.6048965454, 67.98802948, 68.3711547852, 68.7542877197, 69.1258010864, 69.4973220825, 69.8804550171, 70.2635803223, 70.6351013184, 71.0182266235, 71.3665313721, 71.7148284912, 72.0631256104, 72.4114303589, 72.759727478, 73.1196365356, 73.4795455933, 73.8394546509, 74.210975647, 74.5824966431, 74.9307937622, 75.2790908813, 75.6157836914, 76.068572998, 76.5213623047, 76.9741516113, 77.4733810425, 77.9726028442, 78.4718322754, 78.9710617065, 79.4586868286, 79.9463043213, 80.433921814, 80.9099273682, 81.3975524902, 81.7806777954, 82.16381073, 82.5469360352, 82.9184570312, 83.2899780273, 83.661491394, 84.0330123901, 84.4161453247, 84.7992706299, 85.1940155029, 85.5887527466, 85.9718780518, 86.3550109863, 86.7381362915, 87.1212692261, 87.5160064697, 87.9107437134, 88.3054885864, 88.7002258301, 89.0949630737, 89.4897003174, 89.8844451904, 90.2791824341, 90.6623077393, 91.0454406738, 91.428565979, 91.8116989136, 92.1948318481, 92.5779571533, 92.9610900879, 93.3442153931, 93.7970046997, 94.2614059448, 94.7257995605, 95.1089324951, 95.4920654297, 95.8751907349, 96.246711731, 96.5950088501, 96.9317016602, 97.2799987793, 97.6282958984, 97.976600647, 98.3248977661, 98.6731948853, 99.0098876953, 99.346572876, 99.7297058105, 100.124443054, 100.519180298, 100.902313232, 101.26222229, 101.622131348, 101.982040405, 102.341949463, 102.701858521, 103.061767578, 103.433288574, 103.793197632, 104.164710999, 104.513015747, 104.861312866, 105.221221924, 105.581130981, 105.952651978, 106.312561035, 106.684082031, 107.043991089, 107.415504456, 107.787025452, 108.146934509, 108.506843567, 108.878364563, 109.249885559, 109.609794617, 109.969703674, 110.329612732, 110.701133728, 111.061042786, 111.432563782, 111.792472839, 112.152381897, 112.523895264, 112.89541626, 113.266937256, 113.638458252, 114.009971619, 114.358276367, 114.729797363, 115.10131073, 115.461219788, 115.821128845, 116.192649841, 116.552558899, 116.912467957, 117.283988953, 117.64389801, 118.003807068, 118.375328064, 118.74684906, 119.106758118, 119.478271484, 119.84979248, 120.209701538, 120.581222534, 120.95274353, 121.312652588, 121.672561646, 122.044082642, 122.403991699, 122.775505066, 123.135414124, 123.495323181, 123.855232239, 124.226753235, 124.586662292, 124.958183289, 125.318092346, 125.689613342, 126.0495224, 126.409431458, 126.780952454, 127.15246582, 127.523986816, 127.883895874, 128.243804932, 128.603713989, 128.963623047, 129.335144043, 129.706665039, 130.066574097, 130.426483154, 130.79800415, 131.169525146, 131.529434204, 131.889343262, 132.260864258, 132.632385254, 132.992294312, 133.352203369, 133.723709106, 134.095230103, 134.466751099, 134.826660156, 135.186569214, 135.55809021, 135.917999268, 136.277908325, 136.649429321, 137.020950317, 137.380859375, 137.740768433, 138.10067749, 138.472198486, 138.832107544, 139.20362854, 139.563537598, 139.935058594, 140.30657959, 140.666488647, 141.037994385, 141.409515381, 141.769424438, 142.129333496, 142.500854492, 142.86076355, 143.220672607, 143.592193604, 143.952102661, 144.312011719, 144.683532715, 145.055053711, 145.414962769, 145.774871826, 146.146392822, 146.517913818, 146.877822876, 147.237731934, 147.60925293, 147.980773926, 148.352294922, 148.723800659, 149.095321655, 149.466842651, 149.826751709, 150.186660767, 150.546569824, 150.906478882, 151.266387939, 151.626296997, 151.986206055, 152.357727051, 152.729248047, 153.089157104, 153.460678101, 153.820587158, 154.180496216, 154.552017212, 154.923538208, 155.295059204, 155.6665802, 156.026489258, 156.386398315, 156.757904053, 157.11781311, 157.477722168, 157.849243164, 158.22076416, 158.580673218, 158.940582275, 159.300491333, 159.660400391, 160.031921387, 160.403442383, 160.786575317, 161.146484375, 161.518005371, 161.86630249, 162.237823486, 162.597732544, 162.96925354, 163.329162598, 163.689071655, 164.048980713, 164.420501709, 164.780410767, 165.151931763, 165.51184082, 165.883346558, 166.243255615, 166.614776611, 166.974685669, 167.346206665, 167.694503784, 168.054412842, 168.425933838, 168.785842896, 169.157363892, 169.528884888, 169.900405884, 170.260314941, 170.620223999, 170.991744995, 171.363265991, 171.734786987, 172.129516602, 172.524261475, 172.942214966, 173.360183716, 173.766525269, 174.17288208, 174.579223633, 174.985580444, 175.35710144, 175.728607178, 176.100128174, 176.460037231, 176.819946289, 177.191467285, 177.562988281, 177.934509277, 178.294418335, 178.654327393, 179.025848389, 179.385757446, 179.745666504, 180.1171875, 180.488708496, 180.860229492, 181.22013855, 181.580047607, 181.951568604, 182.323074341, 182.682983398, 183.042892456, 183.414413452, 183.785934448, 184.145843506, 184.505752563, 184.87727356, 185.248794556, 185.620315552, 185.991836548, 186.351745605, 186.711654663, 187.071563721, 187.431472778, 187.802993774, 188.174514771, 188.546035767, 188.917541504, 189.277450562, 189.637359619, 189.997268677, 190.357177734, 190.72869873, 191.100219727, 191.460128784, 191.820037842, 192.191558838, 192.563079834, 192.922988892, 193.282897949, 193.654418945, 194.014328003, 194.374237061, 194.745758057, 195.117279053, 195.47718811, 195.837097168, 196.197006226, 196.556915283, 196.928436279, 197.299957275, 197.671463013, 198.042984009, 198.414505005, 198.774414062, 199.13432312, 199.494232178, 199.854141235, 200.225662231, 200.597183228, 200.968704224, 201.34022522, 201.700134277, 202.060043335, 202.419952393, 202.77986145, 203.151382446, 203.522903442, 203.8828125, 204.242721558, 204.614242554, 204.985748291, 205.345672607, 205.705581665, 206.077087402, 206.448608398, 206.808517456, 207.168426514, 207.528335571, 207.888244629, 208.259765625, 208.631286621, 209.002807617, 209.374328613, 209.745849609, 210.117370605, 210.488891602, 210.860397339, 211.231918335, 211.603439331, 211.963348389, 212.323257446, 212.671554565, 213.019866943, 213.379776001, 213.739685059, 214.111190796, 214.482711792, 214.84262085, 215.202529907, 215.562438965, 215.945571899, 216.317092896, 216.677001953, 217.036911011, 217.396820068, 217.768341064, 218.128250122, 218.499771118, 218.871292114, 219.231201172, 219.591110229, 219.962631226, 220.322540283, 220.682449341, 221.053970337, 221.425476074, 221.79699707, 222.156906128, 222.516815186, 222.876724243, 223.248245239, 223.608154297, 223.979675293, 224.351196289, 224.722717285, 225.082626343, 225.4425354, 225.814056396, 226.173965454, 226.54548645, 226.905395508, 227.276916504, 227.6484375, 228.019943237, 228.368255615, 228.728164673, 229.08807373, 229.459594727, 229.819503784, 230.179412842, 230.550918579, 230.910827637, 231.270736694, 231.64225769, 232.013778687, 232.385299683, 232.756820679, 233.128341675, 233.511474609, 233.894592285, 234.266113281, 234.637634277, 235.009155273, 235.369064331, 235.705749512, 236.05406189, 236.402359009, 236.762268066, 237.122177124, 237.49369812, 237.853607178, 238.213516235, 238.585037231, 238.956542969, 239.328063965, 239.687973022, 240.04788208, 240.407791138, 240.767700195, 241.139221191, 241.510742188, 241.882263184, 242.25378418, 242.636917114, 243.02003479, 243.403167725, 243.832733154, 244.262313843, 244.703491211, 245.144668579, 245.574234009, 246.003799438, 246.421768188, 246.83972168, 247.246078491, 247.664031982, 248.081985474, 248.45350647, 248.825027466, 249.2081604, 249.591293335, 249.974411011, 250.357543945, 250.752288818, 251.135421753, 251.472106934, 251.797180176, 252.122268677, 252.447341919, 252.7840271, 253.132324219, 253.480636597, 253.828933716, 254.270111084, 254.711288452, 255.15246582, 255.593643188, 256, 256.41796875, 256.824310303, 257.242248535, 257.671844482, 258.089782715, 258.519348145, 258.948944092, 259.366882324, 259.796447754, 260.226013184, 260.655609131, 261.085174561],
    "bpm_histogram": [0, 0, 0, 0, 0, 0, 0, 0, 0, 0, 0, 0, 0, 0, 0, 0, 0, 0, 0, 0, 0, 0, 0, 0, 0, 0, 0, 0, 0, 0, 0, 0, 0, 0, 0, 0, 0, 0, 0, 0, 0, 0, 0, 0, 0, 0, 0, 0, 0, 0, 0, 0, 0, 0, 0, 0, 0, 0, 0, 0, 0, 0, 0, 0, 0, 0, 0, 0, 0, 0, 0, 0, 0, 0, 0, 0, 0, 0, 0, 0, 0, 0, 0, 0, 0, 0, 0, 0, 0, 0, 0, 0.00146198831499, 0.0102339182049, 0, 0.00292397662997, 0, 0, 0, 0, 0, 0, 0, 0, 0, 0, 0, 0, 0, 0, 0, 0.00292397662997, 0, 0.00584795325994, 0, 0, 0, 0, 0, 0, 0, 0.00584795325994, 0, 0, 0.00584795325994, 0, 0, 0.00146198831499, 0, 0, 0.00292397662997, 0, 0, 0, 0.00584795325994, 0, 0, 0.0160818714648, 0, 0, 0, 0.0204678364098, 0, 0, 0, 0.0277777779847, 0, 0, 0, 0.0277777779847, 0, 0, 0, 0.0570175424218, 0, 0, 0, 0, 0.0862573087215, 0, 0, 0, 0.293859660625, 0.039473682642, 0, 0, 0, 0, 0.320175439119, 0, 0, 0, 0, 0.0497076027095, 0, 0, 0, 0, 0, 0.0116959065199, 0, 0, 0, 0, 0, 0, 0.00438596494496, 0, 0, 0, 0, 0, 0, 0, 0, 0, 0, 0, 0, 0, 0, 0, 0, 0, 0, 0, 0, 0, 0, 0, 0, 0, 0, 0, 0, 0, 0, 0, 0, 0, 0, 0, 0, 0, 0, 0, 0, 0, 0, 0, 0, 0, 0, 0, 0, 0, 0, 0, 0, 0, 0, 0, 0, 0, 0, 0, 0, 0, 0, 0, 0]
},
"tonal": {
    "chords_changes_rate": 0.0422060638666,
    "chords_number_rate": 0.00177336402703,
    "chords_strength": {
        "mean": 0.520203649998,
        "stdev": 0.14744669199
    },
    "hpcp_crest": {
        "mean": 16.954826355,
        "stdev": 8.1662902832
    },
    "hpcp_entropy": {
        "mean": 1.53985881805,
        "stdev": 0.732776880264
    },
    "key_edma": {
        "strength": 0.820004582405,
        "key": "F",
        "scale": "major"
    },
    "key_krumhansl": {
        "strength": 0.832218706608,
        "key": "F",
        "scale": "major"
    },
    "key_temperley": {
        "strength": 0.845771610737,
        "key": "F",
        "scale": "major"
    },
    "tuning_diatonic_strength": 0.67346572876,
    "tuning_equal_tempered_deviation": 0.00406875042245,
    "tuning_frequency": 441.017791748,
    "tuning_nontempered_energy_ratio": 0.644750237465,
    "hpcp": {
