{
"metadata": {
    "version": {
        "essentia": "2.1-dev",
        "essentia_git_sha": "v2.1_beta3-415-gd5473f3",
        "extractor": "music 2.0"
    },
    "audio_properties": {
        "analysis": {
            "equal_loudness": 0,
            "length": 244.323272705,
            "sample_rate": 44100,
            "start_time": 0,
            "downmix": "mix"
        },
        "bit_rate": 192000,
        "length": 244.323272705,
        "lossless": 0,
        "number_channels": 2,
        "replay_gain": -7.69310569763,
        "sample_rate": 44100,
        "codec": "mp3",
        "md5_encoded": "a8f7b6eaa045d85d5dd6af98abf404eb"
    },
    "tags": {
        "file_name": "tony_rich_project-nobody_knows_it_but_me.mp3"
    }
},
"lowlevel": {
    "average_loudness": 0.914867758751,
    "barkbands_crest": {
        "mean": 13.1735868454,
        "stdev": 4.47185754776
    },
    "barkbands_flatness_db": {
        "mean": 0.199682623148,
        "stdev": 0.0719130039215
    },
    "barkbands_kurtosis": {
        "mean": 15.7126178741,
        "stdev": 21.8109550476
    },
    "barkbands_skewness": {
        "mean": 2.72931528091,
        "stdev": 1.65456306934
    },
    "barkbands_spread": {
        "mean": 15.0185098648,
        "stdev": 15.5607557297
    },
    "dissonance": {
        "mean": 0.41925662756,
        "stdev": 0.0485508330166
    },
    "dynamic_complexity": 3.03843569756,
    "erbbands_crest": {
        "mean": 10.9816093445,
        "stdev": 4.8445763588
    },
    "erbbands_flatness_db": {
        "mean": 0.156092181802,
        "stdev": 0.0563700310886
    },
    "erbbands_kurtosis": {
        "mean": 4.27696609497,
        "stdev": 5.65056037903
    },
    "erbbands_skewness": {
        "mean": 1.47343623638,
        "stdev": 1.01416301727
    },
    "erbbands_spread": {
        "mean": 41.7763061523,
        "stdev": 32.402053833
    },
    "hfc": {
        "mean": 18.2140369415,
        "stdev": 19.169593811
    },
    "loudness_ebu128": {
        "integrated": -15.8522815704,
        "loudness_range": 4.09798908234,
        "momentary": {
            "mean": -16.3737335205,
            "stdev": 2.21927690506
        },
        "short_term": {
            "mean": -16.0476818085,
            "stdev": 1.4059690237
        }
    },
    "melbands_crest": {
        "mean": 16.9916954041,
        "stdev": 5.70495223999
    },
    "melbands_flatness_db": {
        "mean": 0.300120085478,
        "stdev": 0.088254109025
    },
    "melbands_kurtosis": {
        "mean": 32.8108177185,
        "stdev": 44.6508407593
    },
    "melbands_skewness": {
        "mean": 3.53204274178,
        "stdev": 2.31708979607
    },
    "melbands_spread": {
        "mean": 10.4252748489,
        "stdev": 9.70455741882
    },
    "pitch_salience": {
        "mean": 0.491381019354,
        "stdev": 0.120518065989
    },
    "silence_rate_20dB": {
        "mean": 1,
        "stdev": 0
    },
    "silence_rate_30dB": {
        "mean": 0.995438992977,
        "stdev": 0.0673805475235
    },
    "silence_rate_60dB": {
        "mean": 0.00693652592599,
        "stdev": 0.0830014124513
    },
    "spectral_centroid": {
        "mean": 689.738952637,
        "stdev": 479.953033447
    },
    "spectral_complexity": {
        "mean": 10.8454961777,
        "stdev": 5.50240039825
    },
    "spectral_decrease": {
        "mean": -8.81010819853e-09,
        "stdev": 5.33167510142e-09
    },
    "spectral_energy": {
        "mean": 0.0349032878876,
        "stdev": 0.0212191063911
    },
    "spectral_energyband_high": {
        "mean": 0.000861674663611,
        "stdev": 0.00148739677388
    },
    "spectral_energyband_low": {
        "mean": 0.015654111281,
        "stdev": 0.0101620741189
    },
    "spectral_energyband_middle_high": {
        "mean": 0.00249764882028,
        "stdev": 0.00508323218673
    },
    "spectral_energyband_middle_low": {
        "mean": 0.0167059395462,
        "stdev": 0.0156752876937
    },
    "spectral_entropy": {
        "mean": 7.05359792709,
        "stdev": 0.71309953928
    },
    "spectral_flux": {
        "mean": 0.0737503245473,
        "stdev": 0.049322642386
    },
    "spectral_kurtosis": {
        "mean": 7.45779657364,
        "stdev": 10.8495931625
    },
    "spectral_rms": {
        "mean": 0.00556886196136,
        "stdev": 0.00174347462598
    },
    "spectral_rolloff": {
        "mean": 760.020568848,
        "stdev": 1479.46679688
    },
    "spectral_skewness": {
        "mean": 2.17018532753,
        "stdev": 1.10849177837
    },
    "spectral_spread": {
        "mean": 6402504.5,
        "stdev": 2902069.75
    },
    "spectral_strongpeak": {
        "mean": 0.733138263226,
        "stdev": 1.02688550949
    },
    "zerocrossingrate": {
        "mean": 0.0453221425414,
        "stdev": 0.0376730784774
    },
    "barkbands": {
        "mean": [0.00100218784064, 0.0122794946656, 0.00178452895489, 0.00151867396198, 0.00519287819043, 0.00290401629172, 0.00286460318603, 0.00261881412007, 0.00118213996757, 0.000880251987837, 0.000484339427203, 0.000365214422345, 0.000307121052174, 0.000196996814338, 9.36088108574e-05, 6.5731946961e-05, 6.47219640086e-05, 9.68169188127e-05, 0.000110544933705, 5.22369482496e-05, 5.1870563766e-05, 0.000125798906083, 0.000196273584152, 0.000172750689671, 0.000130473228637, 0.000139390933327, 2.18634158955e-05],
        "stdev": [0.000965002051089, 0.00845738779753, 0.00288578309119, 0.0026369439438, 0.00701498333365, 0.00425172131509, 0.00626616878435, 0.00712563702837, 0.0036485416349, 0.00269208778627, 0.00156565976795, 0.0013885719236, 0.00105611840263, 0.000754512439016, 0.000287963310257, 0.000222201255383, 0.000183208248927, 0.000198171197553, 0.000219034380279, 0.000111391578685, 0.000104533392005, 0.000410168169765, 0.000472691841424, 0.000256363477092, 0.000241248460952, 0.000366574939108, 7.29988605599e-05]
    },
    "erbbands": {
        "mean": [0.443982899189, 2.34614515305, 2.55324649811, 3.70537924767, 10.3374004364, 19.9395771027, 18.388261795, 27.2678642273, 38.5810508728, 51.1611976624, 45.5346679688, 31.9994335175, 29.1236724854, 21.6043148041, 21.6872329712, 14.6362304688, 14.3843374252, 11.6192007065, 6.45831346512, 4.13630771637, 3.39095163345, 3.66781592369, 5.58530330658, 4.84972810745, 5.32338047028, 2.3989341259, 2.26580142975, 2.56756162643, 4.42745923996, 3.69841170311, 5.34953451157, 4.61775588989, 2.70820260048, 1.53037083149, 0.862308382988, 0.613848805428, 0.220679804683, 0.0633546635509, 0.00437069823965, 0.000140993433888],
        "stdev": [0.324717283249, 1.82040297985, 3.09611225128, 5.98176145554, 15.6935634613, 30.5931911469, 26.9253768921, 42.2250595093, 77.9041442871, 114.662780762, 132.440261841, 95.069770813, 91.398223877, 69.9449234009, 81.7782211304, 45.1890640259, 47.5908699036, 41.941078186, 19.7661895752, 11.8306312561, 11.6522655487, 9.79764842987, 11.5865802765, 8.97578716278, 11.0412979126, 4.98971939087, 4.32191610336, 7.37856340408, 15.5637121201, 7.77690076828, 12.386548996, 8.44516086578, 4.31719207764, 2.74276685715, 1.64035975933, 1.294952631, 0.625175595284, 0.223295792937, 0.0164615362883, 0.000387625710573]
    },
    "gfcc": {
        "mean": [-21.986946106, 98.4922714233, -54.940284729, 20.0308303833, -68.0481033325, 17.5349521637, -38.0834236145, 13.2376699448, -21.7732009888, 4.9784693718, -9.32892608643, 7.39072465897, -11.8340806961],
        "cov": [[6287.59960938, -1998.48278809, -740.501159668, 269.022186279, -358.534576416, 330.161315918, -62.8634719849, 612.326782227, -80.4460678101, 122.158081055, 136.14503479, 102.389968872, -341.259094238], [-1998.48278809, 1663.14416504, -102.894065857, -279.921478271, 200.261856079, -182.157226562, 125.319244385, -153.856124878, 51.4005851746, -91.4435653687, 92.6004714966, -97.1427536011, 91.2816238403], [-740.501159668, -102.894065857, 963.315856934, 173.276351929, 171.399337769, 136.104202271, 101.510513306, -32.9631347656, 65.9162597656, 89.6199493408, -71.0034561157, 82.4085083008, 140.487792969], [269.022186279, -279.921478271, 173.276351929, 568.664855957, 66.0862045288, 114.304412842, 6.41755342484, 94.2867279053, 91.7178955078, 52.3517837524, 6.33051347733, 50.7940635681, 65.85572052], [-358.534576416, 200.261856079, 171.399337769, 66.0862045288, 358.338256836, 38.2300567627, 58.9730834961, 28.720703125, 55.3463363647, 26.9186153412, -4.47455644608, -5.70424699783, 87.5190734863], [330.161315918, -182.157226562, 136.104202271, 114.304412842, 38.2300567627, 324.893249512, 137.900665283, 84.6916427612, 44.9475631714, 66.689201355, 36.6980285645, 55.4579658508, 27.4605884552], [-62.8634719849, 125.319244385, 101.510513306, 6.41755342484, 58.9730834961, 137.900665283, 255.303482056, 84.4897155762, 28.6290206909, 49.6442642212, 63.9700965881, 33.0858192444, 21.1974983215], [612.326782227, -153.856124878, -32.9631347656, 94.2867279053, 28.720703125, 84.6916427612, 84.4897155762, 249.140380859, 46.5392456055, 30.4937572479, 83.9981918335, 20.9774723053, -23.3869342804], [-80.4460678101, 51.4005851746, 65.9162597656, 91.7178955078, 55.3463363647, 44.9475631714, 28.6290206909, 46.5392456055, 160.965652466, 60.9415550232, 17.7263412476, 42.8020477295, 34.9717178345], [122.158081055, -91.4435653687, 89.6199493408, 52.3517837524, 26.9186153412, 66.689201355, 49.6442642212, 30.4937572479, 60.9415550232, 139.315246582, 37.17420578, 24.553981781, 31.0161762238], [136.14503479, 92.6004714966, -71.0034561157, 6.33051347733, -4.47455644608, 36.6980285645, 63.9700965881, 83.9981918335, 17.7263412476, 37.17420578, 156.867355347, 34.4454956055, -28.2720737457], [102.389968872, -97.1427536011, 82.4085083008, 50.7940635681, -5.70424699783, 55.4579658508, 33.0858192444, 20.9774723053, 42.8020477295, 24.553981781, 34.4454956055, 128.546463013, 26.5313301086], [-341.259094238, 91.2816238403, 140.487792969, 65.85572052, 87.5190734863, 27.4605884552, 21.1974983215, -23.3869342804, 34.9717178345, 31.0161762238, -28.2720737457, 26.5313301086, 147.937164307]],
        "icov": [[0.000446957361419, 0.000349100213498, 0.000356100936187, -1.23270474433e-05, 3.72412023353e-06, -0.000242323236307, 0.000195070679183, -0.000829565222375, 0.000365206797142, -0.000420577998739, 0.00020057160873, -0.000316423305776, 0.000463553064037], [0.000349100213498, 0.00187577970792, 0.000346238171915, 0.000531053228769, -0.000534920138307, 0.000622892868705, -0.00125448999461, 0.00101556640584, -0.00153191725258, 0.00177296821494, -0.00225970242172, 0.00157638138626, -0.00110032432713], [0.000356100936187, 0.000346238171915, 0.00181017722934, -0.000262029643636, -0.00049744133139, -0.000334116804879, -0.000396044662921, -0.000266705203103, 0.000436868984252, -0.000958064221777, 0.00106384127866, -0.00103043869603, -0.000137980314321], [-1.23270474433e-05, 0.000531053228769, -0.000262029643636, 0.00251236883923, -0.000195477739908, -0.000360335921869, 0.000371262285626, -0.000344313069945, -0.00134519976564, 0.000712912005838, -0.000745110854041, 0.000454117835034, -0.00120608799625], [3.72412023353e-06, -0.000534920138307, -0.00049744133139, -0.000195477739908, 0.00391544401646, -0.00019371509552, -2.57579231402e-05, -0.000960797886364, -0.00039474456571, -0.000156043868628, 0.000429910200182, 0.000756656110752, -0.00145804753993], [-0.000242323236307, 0.000622892868705, -0.000334116804879, -0.000360335921869, -0.00019371509552, 0.0052806022577, -0.00290871178731, 0.000606040004641, -0.000838177627884, 0.000128319283249, -0.000752329418901, 2.87533043775e-06, -0.000791698752437], [0.000195070679183, -0.00125448999461, -0.000396044662921, 0.000371262285626, -2.57579231402e-05, -0.00290871178731, 0.0075874789618, -0.00302400579676, 0.00190302426927, -0.00237233866937, 0.00045329684508, -0.00168143771589, 0.000860486528836], [-0.000829565222375, 0.00101556640584, -0.000266705203103, -0.000344313069945, -0.000960797886364, 0.000606040004641, -0.00302400579676, 0.00937168672681, -0.00366345001385, 0.0033290782012, -0.00514194555581, 0.0028672395274, -0.00109179038554], [0.000365206797142, -0.00153191725258, 0.000436868984252, -0.00134519976564, -0.00039474456571, -0.000838177627884, 0.00190302426927, -0.00366345001385, 0.0113090183586, -0.00596139999107, 0.00366793037392, -0.00469061406329, 0.00162758934312], [-0.000420577998739, 0.00177296821494, -0.000958064221777, 0.000712912005838, -0.000156043868628, 0.000128319283249, -0.00237233866937, 0.0033290782012, -0.00596139999107, 0.0135424835607, -0.00605439394712, 0.00381905515678, -0.00380899128504], [0.00020057160873, -0.00225970242172, 0.00106384127866, -0.000745110854041, 0.000429910200182, -0.000752329418901, 0.00045329684508, -0.00514194555581, 0.00366793037392, -0.00605439394712, 0.013883694075, -0.00585997710004, 0.00429239263758], [-0.000316423305776, 0.00157638138626, -0.00103043869603, 0.000454117835034, 0.000756656110752, 2.87533043775e-06, -0.00168143771589, 0.0028672395274, -0.00469061406329, 0.00381905515678, -0.00585997710004, 0.0128885470331, -0.0038033677265], [0.000463553064037, -0.00110032432713, -0.000137980314321, -0.00120608799625, -0.00145804753993, -0.000791698752437, 0.000860486528836, -0.00109179038554, 0.00162758934312, -0.00380899128504, 0.00429239263758, -0.0038033677265, 0.0118056954816]]
    },
    "melbands": {
        "mean": [0.0037074724678, 0.00199685501866, 0.000799397472292, 0.0011634582188, 0.00070949801011, 0.000590486568399, 0.000602855696343, 0.000580314663239, 0.000334312207997, 0.000191523882677, 0.000140438380186, 8.5486950411e-05, 6.81490200805e-05, 5.01366375829e-05, 3.02739299514e-05, 2.95261324936e-05, 2.10394755413e-05, 1.0821543583e-05, 6.52692688163e-06, 5.02693819726e-06, 3.66649601347e-06, 3.46626802639e-06, 4.81586221213e-06, 4.79908840134e-06, 3.69643839804e-06, 4.61091804027e-06, 2.58284217125e-06, 1.35312836846e-06, 1.36334733725e-06, 1.37363269914e-06, 1.64557070548e-06, 2.90561342808e-06, 1.88859758055e-06, 2.06988352147e-06, 2.41636030296e-06, 4.5782894631e-06, 2.19424282477e-06, 1.90820583157e-06, 1.66850566075e-06, 1.13390262868e-06],
        "stdev": [0.00251706782728, 0.0017204004107, 0.00118863815442, 0.00174566498026, 0.000942204496823, 0.00089948362438, 0.0012317210203, 0.00136429374106, 0.00101389712654, 0.000603754015174, 0.000455823261291, 0.000288092531264, 0.000233909406234, 0.000183371521416, 0.000103273989225, 0.000104880724393, 8.09570919955e-05, 3.67395477952e-05, 1.97182162083e-05, 1.58381444635e-05, 1.40653764902e-05, 1.07220830614e-05, 1.07309551822e-05, 1.03661759567e-05, 7.28501754566e-06, 1.00967736216e-05, 5.95375149715e-06, 3.17537183037e-06, 2.90531966129e-06, 2.71609224001e-06, 6.04963361184e-06, 1.17272820717e-05, 4.82919858769e-06, 4.20835749537e-06, 4.90502497996e-06, 1.2985155081e-05, 3.38586346516e-06, 3.08092580781e-06, 3.06531842398e-06, 2.11913470594e-06]
    },
    "melbands128": {
        "mean": [0.000953246315476, 0.00370005401783, 0.00499085802585, 0.00356039428152, 0.0015876890393, 0.00083974719746, 0.000670495966915, 0.000830160686746, 0.000944517087191, 0.00137281499337, 0.00123588601127, 0.000815245846752, 0.000582575215958, 0.000508877041284, 0.000714831461664, 0.000523772381712, 0.000478891393868, 0.000701658078469, 0.000688196450938, 0.000499862653669, 0.000730272731744, 0.000415324524511, 0.000340988277458, 0.000147628277773, 0.000208806552109, 0.000218905362999, 0.000112062916742, 0.000189289305126, 8.53330056998e-05, 9.95560330921e-05, 8.64058165462e-05, 5.43786081835e-05, 6.00992279942e-05, 9.5062678156e-05, 5.28025775566e-05, 4.31105145253e-05, 3.67606589862e-05, 1.898973278e-05, 3.82524776796e-05, 3.37158780894e-05, 2.89201598207e-05, 2.12520862988e-05, 2.14545143535e-05, 2.30584519159e-05, 1.16126293506e-05, 8.73919998412e-06, 9.10737344384e-06, 7.25025438442e-06, 4.94725964018e-06, 5.06030619363e-06, 5.54894540983e-06, 4.46314925284e-06, 3.62247556041e-06, 3.45558942172e-06, 3.41082545674e-06, 3.07008667733e-06, 3.67557299796e-06, 4.9933196351e-06, 4.56141287941e-06, 5.98584711042e-06, 5.36743436896e-06, 3.48137791661e-06, 3.43316924045e-06, 3.61978845831e-06, 4.28520343121e-06, 5.30829265699e-06, 4.43752287538e-06, 3.29969475388e-06, 2.16697208089e-06, 1.55423981596e-06, 1.19453159186e-06, 1.40014697081e-06, 1.31719684759e-06, 1.35247876187e-06, 1.30024011469e-06, 1.74321939994e-06, 1.21645439322e-06, 9.23156335375e-07, 9.59388557931e-07, 2.99667954096e-06, 4.13759471485e-06, 2.26300653594e-06, 1.8611632413e-06, 1.74286753918e-06, 1.98231759896e-06, 2.13915382119e-06, 2.07957941711e-06, 1.99767373488e-06, 1.97286863113e-06, 2.33358559854e-06, 6.37565926809e-06, 4.79173877466e-06, 2.50500261245e-06, 2.15336717702e-06, 2.00230806513e-06, 1.9000683551e-06, 1.85125509233e-06, 1.93909932023e-06, 1.70984412762e-06, 1.53779444645e-06, 1.46682907598e-06, 9.96911126094e-07, 8.30646456507e-07, 8.77844342995e-07, 8.84835117176e-07, 8.32911666748e-07, 1.53080497967e-06, 1.10608027626e-06, 1.25418193875e-06, 1.01999921753e-06, 5.48916830212e-07, 4.49420497262e-07, 5.00286660099e-07, 1.07728612875e-06, 1.019725687e-06, 6.80865866798e-07, 3.73501137574e-07, 2.13535898297e-07, 9.01582524193e-08, 1.44813242287e-07, 1.27572889141e-07, 5.22621768084e-08, 7.40772954089e-09, 1.39347589023e-09, 3.05022812563e-10, 1.48972969377e-11, 3.92231689836e-12, 3.89055281047e-12],
        "stdev": [0.000936611846555, 0.00310895219445, 0.00387350656092, 0.00298675126396, 0.00184968288522, 0.00143358716741, 0.00128645508084, 0.00148992799222, 0.00173955550417, 0.0026074773632, 0.00248023914173, 0.0013723608572, 0.00110983499326, 0.00100311939605, 0.00133096426725, 0.00108566053677, 0.00141540693585, 0.0018167947419, 0.00215268158354, 0.00142293609679, 0.00249706231989, 0.0014887804864, 0.00152367295232, 0.000736883201171, 0.000817831372842, 0.000916779856198, 0.000455430563306, 0.000802748545539, 0.000326974666677, 0.000386444589822, 0.000432760396507, 0.000220147281652, 0.00024070503423, 0.000510494981427, 0.000342027866282, 0.000177969253855, 0.000163908567629, 0.000103327889519, 0.000187127807294, 0.000153558299644, 0.000150716281496, 0.00014089384058, 0.000108339940198, 0.000112379995699, 5.59907894058e-05, 4.48186146969e-05, 3.51142043655e-05, 2.91224241664e-05, 2.08172459679e-05, 2.04497318919e-05, 2.05028227356e-05, 1.68515507539e-05, 1.67117650562e-05, 1.60685522133e-05, 1.40437332448e-05, 1.20061349662e-05, 1.24132202473e-05, 1.51578060468e-05, 1.33077492137e-05, 1.72327036125e-05, 1.52990724018e-05, 8.71928568813e-06, 9.20350157685e-06, 8.87112128112e-06, 1.11743474918e-05, 1.50156529344e-05, 1.25043652588e-05, 9.78079788183e-06, 6.25948950983e-06, 5.07534150529e-06, 3.495043984e-06, 3.87986028727e-06, 3.76415914616e-06, 3.66026552001e-06, 3.21133143188e-06, 3.59262094207e-06, 2.96886128126e-06, 2.53113239523e-06, 4.06609615311e-06, 1.46305546878e-05, 2.02323735721e-05, 8.93339256436e-06, 5.95847450313e-06, 4.83156327391e-06, 5.0113535508e-06, 5.00790520164e-06, 4.46219746664e-06, 4.079419341e-06, 3.93618302041e-06, 5.06857486471e-06, 2.33110386034e-05, 1.36018034027e-05, 4.44090255769e-06, 3.73114130525e-06, 3.31827072841e-06, 3.13548821396e-06, 3.40045698977e-06, 3.63497451872e-06, 3.3815426832e-06, 3.61174306818e-06, 2.83912459054e-06, 2.08274332181e-06, 1.69694862961e-06, 1.81716916359e-06, 1.77714605343e-06, 1.64808056979e-06, 4.09226868214e-06, 2.51036658483e-06, 3.07947902911e-06, 2.31495755543e-06, 1.19938351872e-06, 1.00538591141e-06, 1.19788114716e-06, 4.48378841611e-06, 4.28282464782e-06, 2.84258658212e-06, 1.15677426038e-06, 8.23784830573e-07, 4.19321310119e-07, 7.01442729678e-07, 5.93588595166e-07, 3.18880893246e-07, 5.78997152445e-08, 2.06384562773e-08, 4.81146145148e-09, 3.05753616869e-10, 6.48006995285e-12, 6.44038078076e-12]
    },
    "mfcc": {
        "mean": [-688.437255859, 140.121932983, 56.2080078125, 13.3229045868, 5.02746677399, 0.572729408741, -0.421895593405, 6.73529624939, -6.88805961609, 3.93427753448, -0.621130883694, 2.64881801605, -0.664393603802],
        "cov": [[6676.35546875, -2159.78540039, -594.26171875, -231.713668823, -186.103805542, -358.883148193, 156.412612915, 363.33102417, -288.631744385, 374.370666504, 260.998474121, 82.0294265747, 22.9501457214], [-2159.78540039, 1707.82287598, -183.931167603, -96.7140655518, -22.4790172577, -23.4950447083, 29.9680404663, -88.5691223145, 4.49473428726, -81.0715789795, -46.1425018311, 9.98393058777, -10.9637365341], [-594.26171875, -183.931167603, 705.65222168, 123.624893188, 78.0652770996, 195.292984009, 40.7310371399, 22.222070694, 148.922821045, -33.7610359192, 10.3362312317, 38.523475647, 35.8504257202], [-231.713668823, -96.7140655518, 123.624893188, 387.728179932, 148.731430054, 44.6089057922, -28.6567249298, 15.5088300705, 79.0418930054, 21.3074302673, -20.2028903961, 15.7821531296, 37.3281784058], [-186.103805542, -22.4790172577, 78.0652770996, 148.731430054, 320.245758057, 55.7050743103, 12.588804245, -1.50009047985, 113.405288696, 26.6681556702, -25.9246673584, 19.7088451385, 14.9325761795], [-358.883148193, -23.4950447083, 195.292984009, 44.6089057922, 55.7050743103, 301.950286865, 29.5855884552, 11.5417289734, 112.003219604, -13.3236780167, 20.3916130066, 19.637506485, 13.1608915329], [156.412612915, 29.9680404663, 40.7310371399, -28.6567249298, 12.588804245, 29.5855884552, 279.588226318, 71.2619781494, 36.9710845947, 53.5080108643, 54.473575592, 55.2897644043, 10.048500061], [363.33102417, -88.5691223145, 22.222070694, 15.5088300705, -1.50009047985, 11.5417289734, 71.2619781494, 237.269332886, -12.0981817245, 70.9608612061, 54.2447509766, 41.8065795898, 41.7955322266], [-288.631744385, 4.49473428726, 148.922821045, 79.0418930054, 113.405288696, 112.003219604, 36.9710845947, -12.0981817245, 239.82460022, 1.19287669659, -13.9678134918, 25.0282688141, 3.3305015564], [374.370666504, -81.0715789795, -33.7610359192, 21.3074302673, 26.6681556702, -13.3236780167, 53.5080108643, 70.9608612061, 1.19287669659, 173.22454834, 64.1064910889, 38.3006439209, 20.0313968658], [260.998474121, -46.1425018311, 10.3362312317, -20.2028903961, -25.9246673584, 20.3916130066, 54.473575592, 54.2447509766, -13.9678134918, 64.1064910889, 130.240158081, 48.0708045959, 22.9286174774], [82.0294265747, 9.98393058777, 38.523475647, 15.7821531296, 19.7088451385, 19.637506485, 55.2897644043, 41.8065795898, 25.0282688141, 38.3006439209, 48.0708045959, 115.734565735, 40.7826576233], [22.9501457214, -10.9637365341, 35.8504257202, 37.3281784058, 14.9325761795, 13.1608915329, 10.048500061, 41.7955322266, 3.3305015564, 20.0313968658, 22.9286174774, 40.7826576233, 111.549987793]],
        "icov": [[0.000477340945508, 0.000634246040136, 0.000439976749476, 0.000244351424044, 4.26177139161e-05, 0.000317640660796, -0.000170410450664, -0.000309201714117, 5.5913507822e-05, -0.000313558877679, -0.000333537318511, -0.000222458183998, 3.35069016728e-05], [0.000634246040136, 0.00148953206372, 0.000797695829533, 0.000433777517173, 5.36284496775e-05, 0.000382966594771, -0.000386879662983, -0.000221418085857, -1.67885573319e-05, -0.000114229056635, -0.000272298580967, -0.000541555928066, -4.5186967327e-05], [0.000439976749476, 0.000797695829533, 0.00241092662327, -0.000159595248988, 0.000114713875519, -0.000590664276388, -0.000347078952473, -0.000377503718482, -0.000646243279334, 0.000420942902565, -0.000440946139861, -0.000491929182317, -0.0002923188149], [0.000244351424044, 0.000433777517173, -0.000159595248988, 0.00360388681293, -0.00127395091113, 0.000220352245378, 0.00048283310025, -0.000342891406035, -0.000343824940501, -0.000590018520597, 0.000346472515957, -0.000157980452059, -0.000830043980386], [4.26177139161e-05, 5.36284496775e-05, 0.000114713875519, -0.00127395091113, 0.00447369227186, -0.000176608096808, -0.000157296904945, 0.000141380660352, -0.0014897773508, -0.000894560886081, 0.00110201607458, -0.000410601234762, -0.000102174693893], [0.000317640660796, 0.000382966594771, -0.000590664276388, 0.000220352245378, -0.000176608096808, 0.00483783800155, -0.000136448506964, -0.000404780876124, -0.00160557031631, 0.000476994522614, -0.00143116607796, 0.000144989346154, -9.13559488254e-05], [-0.000170410450664, -0.000386879662983, -0.000347078952473, 0.00048283310025, -0.000157296904945, -0.000136448506964, 0.00460857804865, -0.000862157088704, -0.000679009302985, -0.000515408348292, -0.000746027333662, -0.00122239848133, 0.000605131615885], [-0.000309201714117, -0.000221418085857, -0.000377503718482, -0.000342891406035, 0.000141380660352, -0.000404780876124, -0.000862157088704, 0.00572087010369, 0.000551131379325, -0.00123340426944, -0.000409967760788, -0.000255048216786, -0.00137653690763], [5.5913507822e-05, -1.67885573319e-05, -0.000646243279334, -0.000343824940501, -0.0014897773508, -0.00160557031631, -0.000679009302985, 0.000551131379325, 0.00650437036529, -0.000398149801185, 0.00106635526754, -0.0010525570251, 0.000596046797], [-0.000313558877679, -0.000114229056635, 0.000420942902565, -0.000590018520597, -0.000894560886081, 0.000476994522614, -0.000515408348292, -0.00123340426944, -0.000398149801185, 0.00868949107826, -0.00318342377432, -0.00052672176389, -1.4132868273e-05], [-0.000333537318511, -0.000272298580967, -0.000440946139861, 0.000346472515957, 0.00110201607458, -0.00143116607796, -0.000746027333662, -0.000409967760788, 0.00106635526754, -0.00318342377432, 0.012196467258, -0.00314502976835, -0.000507517135702], [-0.000222458183998, -0.000541555928066, -0.000491929182317, -0.000157980452059, -0.000410601234762, 0.000144989346154, -0.00122239848133, -0.000255048216786, -0.0010525570251, -0.00052672176389, -0.00314502976835, 0.0126612205058, -0.003409442259], [3.35069016728e-05, -4.5186967327e-05, -0.0002923188149, -0.000830043980386, -0.000102174693893, -9.13559488254e-05, 0.000605131615885, -0.00137653690763, 0.000596046797, -1.4132868273e-05, -0.000507517135702, -0.003409442259, 0.0111462194473]]
    },
    "spectral_contrast_coeffs": {
        "mean": [-0.710601866245, -0.688671052456, -0.727859914303, -0.791166961193, -0.794309735298, -0.813287436962],
        "stdev": [0.0823513492942, 0.0796094015241, 0.0722190737724, 0.0582718998194, 0.0559582896531, 0.0392265915871]
    },
    "spectral_contrast_valleys": {
        "mean": [-6.33586978912, -6.87440776825, -8.13302516937, -8.78629112244, -8.75554561615, -10.2130899429],
        "stdev": [0.761938273907, 0.84577780962, 0.912059366703, 0.898803293705, 1.06462705135, 1.19813501835]
    }
},
"rhythm": {
    "beats_count": 358,
    "beats_loudness": {
        "mean": 0.0424728505313,
        "stdev": 0.0211464911699
    },
    "bpm": 88.0394210815,
    "bpm_histogram_first_peak_bpm": 88,
    "bpm_histogram_first_peak_weight": 0.050420165062,
    "bpm_histogram_second_peak_bpm": 0,
    "bpm_histogram_second_peak_spread": 0,
    "bpm_histogram_second_peak_weight": 0,
    "danceability": 1.13862490654,
    "onset_rate": 4.17035722733,
    "beats_loudness_band_ratio": {
        "mean": [0.438832461834, 0.266813904047, 0.202000662684, 0.0548580475152, 0.0159434266388, 0.0669745579362],
        "stdev": [0.219262599945, 0.178088784218, 0.173265516758, 0.0829967036843, 0.0207576528192, 0.0629854723811]
    },
    "beats_position": [0.650158703327, 1.3235373497, 1.99691605568, 2.68190479279, 3.35528349876, 4.04027223587, 4.71365070343, 5.41024923325, 6.08362817764, 6.7570066452, 7.44199514389, 8.12698364258, 8.8119726181, 9.49696159363, 10.1703395844, 10.866938591, 11.5403175354, 12.2253055573, 12.8986845016, 13.5836734772, 14.2570514679, 14.9420404434, 15.6270294189, 16.3120174408, 16.99700737, 17.6819953918, 18.3553733826, 19.0403633118, 19.7137413025, 20.3987293243, 21.0837192535, 21.7803173065, 22.4536952972, 23.1386852264, 23.8236732483, 24.497051239, 25.1704311371, 25.8554191589, 26.5404071808, 27.2137870789, 27.8987751007, 28.5837631226, 29.2571430206, 29.9421310425, 30.6271190643, 31.3004989624, 31.9970970154, 32.6704750061, 33.3438529968, 34.028842926, 34.7138328552, 35.4104309082, 36.0838088989, 36.7687988281, 37.4537849426, 38.1271629333, 38.8005447388, 39.4855308533, 40.1705207825, 40.8555107117, 41.5288887024, 42.2138786316, 42.8988647461, 43.5838546753, 44.257232666, 44.9422225952, 45.6272087097, 46.3005905151, 46.9739685059, 47.6705665588, 48.3439445496, 49.0289344788, 49.7139205933, 50.3989105225, 51.0839004517, 51.7572784424, 52.4306564331, 53.1156463623, 53.8006324768, 54.485622406, 55.1706123352, 55.8439903259, 56.5289802551, 57.2139663696, 57.8873443604, 58.5723342896, 59.2573242188, 59.9423103333, 60.6273002625, 61.3006782532, 61.9740562439, 62.6590461731, 63.3440361023, 64.0174102783, 64.7024002075, 65.3873901367, 66.0723800659, 66.7573699951, 67.4307479858, 68.115737915, 68.7891159058, 69.474105835, 70.1590881348, 70.844078064, 71.5174560547, 72.2024459839, 72.8874359131, 73.5608139038, 74.2341918945, 74.9307937622, 75.6273880005, 76.3123779297, 76.9857559204, 77.6707458496, 78.3441238403, 79.0291137695, 79.7024917603, 80.3874816895, 81.0724716187, 81.7574615479, 82.4308395386, 83.1158294678, 83.8008117676, 84.4741897583, 85.1475753784, 85.8441696167, 86.5291595459, 87.2141494751, 87.8875274658, 88.572517395, 89.2575073242, 89.9308853149, 90.6042633057, 91.2892532349, 91.9742355347, 92.6708374023, 93.3442153931, 94.0175933838, 94.702583313, 95.3875732422, 96.0609512329, 96.7459411621, 97.4309310913, 98.1159133911, 98.8009033203, 99.474281311, 100.15927124, 100.844261169, 101.51763916, 102.202629089, 102.887619019, 103.572608948, 104.245986938, 104.930976868, 105.615959167, 106.300949097, 106.974327087, 107.647705078, 108.344306946, 109.017684937, 109.691062927, 110.376052856, 111.061042786, 111.734420776, 112.419410706, 113.104400635, 113.777778625, 114.462760925, 115.147750854, 115.832740784, 116.517730713, 117.214332581, 117.887710571, 118.561088562, 119.246078491, 119.931060791, 120.604438782, 121.289428711, 121.97441864, 122.659408569, 123.344398499, 124.017776489, 124.69115448, 125.364532471, 126.037910461, 126.734512329, 127.419502258, 128.092880249, 128.777862549, 129.462860107, 130.147842407, 130.832824707, 131.517822266, 132.202804565, 132.887802124, 133.561172485, 134.234558105, 134.919540405, 135.604537964, 136.277908325, 136.951293945, 137.636276245, 138.321273804, 139.006256104, 139.691238403, 140.376235962, 141.061218262, 141.734603882, 142.407974243, 143.092971802, 143.777954102, 144.451339722, 145.136322021, 145.82131958, 146.494689941, 147.179672241, 147.8646698, 148.5496521, 149.234649658, 149.90802002, 150.58140564, 151.266387939, 151.951385498, 152.647979736, 153.321365356, 154.006347656, 154.691329956, 155.364715576, 156.038085938, 156.723083496, 157.408065796, 158.093063354, 158.778045654, 159.463043213, 160.148025513, 160.821395874, 161.494781494, 162.179763794, 162.864761353, 163.549743652, 164.234741211, 164.908111572, 165.593109131, 166.278091431, 166.951477051, 167.636459351, 168.32144165, 168.994827271, 169.67980957, 170.364807129, 171.03817749, 171.723175049, 172.408157349, 173.093154907, 173.778137207, 174.463119507, 175.136505127, 175.821487427, 176.494873047, 177.179855347, 177.853240967, 178.538223267, 179.223220825, 179.908203125, 180.581588745, 181.266571045, 181.951568604, 182.636550903, 183.309921265, 183.994918823, 184.679901123, 185.364898682, 186.038269043, 186.723266602, 187.408248901, 188.09324646, 188.77822876, 189.451599121, 190.13659668, 190.821578979, 191.4949646, 192.168334961, 192.841720581, 193.526702881, 194.211700439, 194.896682739, 195.581680298, 196.266662598, 196.951644897, 197.625030518, 198.298416138, 198.995010376, 199.668380737, 200.353378296, 201.038360596, 201.723358154, 202.396728516, 203.081726074, 203.755096436, 204.451690674, 205.125076294, 205.810058594, 206.495056152, 207.180038452, 207.853424072, 208.538406372, 209.211791992, 209.896774292, 210.581771851, 211.26675415, 211.95173645, 212.62512207, 213.298492432, 213.971878052, 214.656860352, 215.34185791, 216.02684021, 216.711837769, 217.396820068, 218.081817627, 218.755187988, 219.428573608, 220.113555908, 220.798538208, 221.471923828, 222.156906128, 222.841903687, 223.526885986, 224.211883545, 224.885253906, 225.570251465, 226.255233765, 226.928619385, 227.613601685, 228.298583984, 228.983581543, 229.656951904, 230.341949463, 231.015319824, 231.700317383, 232.385299683, 233.058685303, 233.755279541, 234.440261841, 235.125259399, 235.798629761, 236.472015381, 237.156997681, 237.841995239, 238.515365601, 239.211975098, 239.896957397, 240.570343018, 241.255325317, 241.928695679, 242.613693237, 243.298675537, 243.972061157],
    "bpm_histogram": [0, 0, 0, 0, 0, 0, 0, 0, 0, 0, 0, 0, 0, 0, 0, 0, 0, 0, 0, 0, 0, 0, 0, 0, 0, 0, 0, 0, 0, 0, 0, 0, 0, 0, 0, 0, 0, 0, 0, 0, 0, 0, 0, 0, 0, 0, 0, 0, 0, 0, 0, 0, 0, 0, 0, 0, 0, 0, 0, 0, 0, 0, 0, 0, 0, 0, 0, 0, 0, 0, 0, 0, 0, 0, 0, 0, 0, 0, 0, 0, 0, 0, 0, 0, 0, 0, 0.0504201687872, 0, 0.605042040348, 0.344537824392, 0, 0, 0, 0, 0, 0, 0, 0, 0, 0, 0, 0, 0, 0, 0, 0, 0, 0, 0, 0, 0, 0, 0, 0, 0, 0, 0, 0, 0, 0, 0, 0, 0, 0, 0, 0, 0, 0, 0, 0, 0, 0, 0, 0, 0, 0, 0, 0, 0, 0, 0, 0, 0, 0, 0, 0, 0, 0, 0, 0, 0, 0, 0, 0, 0, 0, 0, 0, 0, 0, 0, 0, 0, 0, 0, 0, 0, 0, 0, 0, 0, 0, 0, 0, 0, 0, 0, 0, 0, 0, 0, 0, 0, 0, 0, 0, 0, 0, 0, 0, 0, 0, 0, 0, 0, 0, 0, 0, 0, 0, 0, 0, 0, 0, 0, 0, 0, 0, 0, 0, 0, 0, 0, 0, 0, 0, 0, 0, 0, 0, 0, 0, 0, 0, 0, 0, 0, 0, 0, 0, 0, 0, 0, 0, 0, 0, 0, 0, 0, 0, 0, 0, 0, 0, 0, 0, 0, 0, 0, 0]
},
"tonal": {
    "chords_changes_rate": 0.0362910889089,
    "chords_number_rate": 0.0013300399296,
    "chords_strength": {
        "mean": 0.539457321167,
        "stdev": 0.0964991897345
    },
    "hpcp_crest": {
        "mean": 14.9078054428,
        "stdev": 6.80863761902
    },
    "hpcp_entropy": {
        "mean": 1.78936982155,
        "stdev": 0.668408870697
    },
    "key_edma": {
        "strength": 0.844787836075,
        "key": "F",
        "scale": "major"
    },
    "key_krumhansl": {
        "strength": 0.858446538448,
        "key": "F",
        "scale": "major"
    },
    "key_temperley": {
        "strength": 0.873589217663,
        "key": "F",
        "scale": "major"
    },
    "tuning_diatonic_strength": 0.717720687389,
    "tuning_equal_tempered_deviation": 0.282030194998,
    "tuning_frequency": 434.193115234,
    "tuning_nontempered_energy_ratio": 0.980911076069,
    "hpcp": {
        "mean": [0.114429295063, 0.146705672145, 0.111712321639, 0.187076032162, 0.182358652353, 0.0555922426283, 0.0242353007197, 0.030910583213, 0.0523802824318, 0.263556599617, 0.318972140551, 0.116655610502, 0.038914386183, 0.0251735784113, 0.0337794758379, 0.123624637723, 0.180371716619, 0.101331941783, 0.0361592620611, 0.0230212174356, 0.0271456670016, 0.0693172812462, 0.123583078384, 0.108700565994, 0.263919174671, 0.322062015533, 0.116243965924, 0.0368017219007, 0.0269786287099, 0.0290015861392, 0.0995624512434, 0.137984246016, 0.0747881233692, 0.0312570370734, 0.0259845666587, 0.0427456609905],
        "stdev": [0.211350232363, 0.243754386902, 0.20934766531, 0.327710866928, 0.337929904461, 0.13836607337, 0.090517655015, 0.111222572625, 0.131993710995, 0.3344797194, 0.388100475073, 0.194533765316, 0.128074035048, 0.10219155997, 0.103418514132, 0.223606303334, 0.322297722101, 0.193309441209, 0.121093086898, 0.0933471396565, 0.0998399853706, 0.15226188302, 0.265036940575, 0.218441188335, 0.336852580309, 0.399800628424, 0.189656749368, 0.130545407534, 0.10693731904, 0.0967292934656, 0.198152199388, 0.261918574572, 0.17155623436, 0.114976018667, 0.1007078439, 0.130747288465]
    },
    "chords_histogram": [42.9792900085, 7.94223833084, 22.4966754913, 0, 0.855025649071, 0, 0, 0, 0, 0, 0, 0, 0, 0, 0, 0.874026238918, 0, 1.6910507679, 0, 0.133003994823, 0, 1.17803537846, 14.8774461746, 6.9732093811],
    "thpcp": [1, 0.360936582088, 0.114269055426, 0.083768427372, 0.0900496914983, 0.309140622616, 0.428439974785, 0.232216522098, 0.0970528498292, 0.0806818753481, 0.132724940777, 0.355302065611, 0.455519944429, 0.346865862608, 0.580869615078, 0.566222190857, 0.172613471746, 0.0752504169941, 0.0959771126509, 0.162640362978, 0.818341135979, 0.990405976772, 0.362214744091, 0.120828859508, 0.0781637579203, 0.104885004461, 0.383853524923, 0.560052752495, 0.314634859562, 0.112274222076, 0.0714806988835, 0.0842870771885, 0.215229600668, 0.383724480867, 0.337514400482, 0.819466948509],
    "chords_key": "F",
    "chords_scale": "major"
}
}