{
"metadata": {
    "version": {
        "essentia": "2.1-dev",
        "essentia_git_sha": "v2.1_beta3-415-gd5473f3",
        "extractor": "music 2.0"
    },
    "audio_properties": {
        "analysis": {
            "equal_loudness": 0,
            "length": 250.174697876,
            "sample_rate": 44100,
            "start_time": 0,
            "downmix": "mix"
        },
        "bit_rate": 128000,
        "length": 250.174697876,
        "lossless": 0,
        "number_channels": 2,
        "replay_gain": -3.43006324768,
        "sample_rate": 44100,
        "codec": "mp3",
        "md5_encoded": "90d2ba49b9525a3943ed0ea56925c91d"
    },
    "tags": {
        "file_name": "whitney_houston-things_you_say.mp3",
        "album": ["just Withney..."],
        "artist": ["Withney Houston"],
        "genre": ["Folk"],
        "title": ["Things you say"],
        "tracknumber": ["4"]
    }
},
"lowlevel": {
    "average_loudness": 0.948433220387,
    "barkbands_crest": {
        "mean": 12.1718473434,
        "stdev": 4.70510292053
    },
    "barkbands_flatness_db": {
        "mean": 0.189872086048,
        "stdev": 0.0771405175328
    },
    "barkbands_kurtosis": {
        "mean": 19.7421550751,
        "stdev": 127.049385071
    },
    "barkbands_skewness": {
        "mean": 2.49635601044,
        "stdev": 2.73205280304
    },
    "barkbands_spread": {
        "mean": 22.8174667358,
        "stdev": 19.0408916473
    },
    "dissonance": {
        "mean": 0.443970859051,
        "stdev": 0.0412214063108
    },
    "dynamic_complexity": 3.85023760796,
    "erbbands_crest": {
        "mean": 11.2312688828,
        "stdev": 5.33507728577
    },
    "erbbands_flatness_db": {
        "mean": 0.146832183003,
        "stdev": 0.0564046092331
    },
    "erbbands_kurtosis": {
        "mean": 2.77186059952,
        "stdev": 9.38194847107
    },
    "erbbands_skewness": {
        "mean": 0.900413095951,
        "stdev": 1.28047645092
    },
    "erbbands_spread": {
        "mean": 48.4162368774,
        "stdev": 30.6666412354
    },
    "hfc": {
        "mean": 19.1611499786,
        "stdev": 27.5097351074
    },
    "loudness_ebu128": {
        "integrated": -20.7551078796,
        "loudness_range": 3.54100227356,
        "momentary": {
            "mean": -21.8750801086,
            "stdev": 4.67501354218
        },
        "short_term": {
            "mean": -21.1281147003,
            "stdev": 1.97091639042
        }
    },
    "melbands_crest": {
        "mean": 16.0533809662,
        "stdev": 5.92780542374
    },
    "melbands_flatness_db": {
        "mean": 0.256506323814,
        "stdev": 0.100080147386
    },
    "melbands_kurtosis": {
        "mean": 36.738822937,
        "stdev": 68.998008728
    },
    "melbands_skewness": {
        "mean": 3.6193857193,
        "stdev": 2.87104177475
    },
    "melbands_spread": {
        "mean": 18.8776893616,
        "stdev": 19.7086334229
    },
    "pitch_salience": {
        "mean": 0.472778826952,
        "stdev": 0.116680979729
    },
    "silence_rate_20dB": {
        "mean": 1,
        "stdev": 0
    },
    "silence_rate_30dB": {
        "mean": 0.9616740942,
        "stdev": 0.191975802183
    },
    "silence_rate_60dB": {
        "mean": 0.0566072762012,
        "stdev": 0.231090530753
    },
    "spectral_centroid": {
        "mean": 1170.1685791,
        "stdev": 780.809570312
    },
    "spectral_complexity": {
        "mean": 10.990070343,
        "stdev": 7.93631458282
    },
    "spectral_decrease": {
        "mean": -6.62643451221e-09,
        "stdev": 8.48478798332e-09
    },
    "spectral_energy": {
        "mean": 0.0267477482557,
        "stdev": 0.0333829410374
    },
    "spectral_energyband_high": {
        "mean": 0.000919326092117,
        "stdev": 0.00209679058753
    },
    "spectral_energyband_low": {
        "mean": 0.0128065235913,
        "stdev": 0.0246468149126
    },
    "spectral_energyband_middle_high": {
        "mean": 0.00315143913031,
        "stdev": 0.00510103721172
    },
    "spectral_energyband_middle_low": {
        "mean": 0.0106358239427,
        "stdev": 0.0159538537264
    },
    "spectral_entropy": {
        "mean": 7.35929107666,
        "stdev": 0.652264237404
    },
    "spectral_flux": {
        "mean": 0.0846690908074,
        "stdev": 0.072547338903
    },
    "spectral_kurtosis": {
        "mean": 5.24616193771,
        "stdev": 11.7327203751
    },
    "spectral_rms": {
        "mean": 0.00456230808049,
        "stdev": 0.00229796417989
    },
    "spectral_rolloff": {
        "mean": 1340.06262207,
        "stdev": 1967.01428223
    },
    "spectral_skewness": {
        "mean": 1.78617763519,
        "stdev": 0.897644460201
    },
    "spectral_spread": {
        "mean": 6586063,
        "stdev": 2533040.5
    },
    "spectral_strongpeak": {
        "mean": 0.781229794025,
        "stdev": 1.06932032108
    },
    "zerocrossingrate": {
        "mean": 0.0668380260468,
        "stdev": 0.0481967329979
    },
    "barkbands": {
        "mean": [0.000775808934122, 0.00852002948523, 0.00279608322307, 0.00125438312534, 0.00223329593427, 0.00273306574672, 0.00190132623538, 0.000919205020182, 0.00146432686597, 0.000388525106246, 0.000311712501571, 0.000316143792588, 0.000315365410643, 0.000300698709907, 0.00030145686469, 0.000229793207836, 0.000212443104829, 0.000333132978994, 0.000395059178118, 0.000192706545931, 9.19940866879e-05, 7.88791439845e-05, 0.000140820600791, 0.000175758512341, 0.00022487960814, 0.000140736694448, 4.88780127483e-09],
        "stdev": [0.00218728464097, 0.014811319299, 0.0112378997728, 0.00668125040829, 0.00367353530601, 0.0039692549035, 0.0081970570609, 0.00363278668374, 0.00370956771076, 0.0013368811924, 0.00119679421186, 0.00102170277387, 0.000975186645519, 0.000979471369646, 0.00102798454463, 0.000762321986258, 0.000583386106882, 0.000841475441121, 0.000906292931177, 0.000448737730039, 0.000303497363348, 0.000271543627605, 0.000374130700948, 0.000460681912955, 0.000445262005087, 0.000361108250218, 1.40070014254e-07]
    },
    "erbbands": {
        "mean": [0.32014465332, 1.59680724144, 3.27927827835, 4.05167150497, 4.22912454605, 8.53036975861, 15.645154953, 24.4118347168, 22.2876853943, 29.6370372772, 22.3324928284, 34.0716400146, 19.874917984, 12.9172554016, 13.914393425, 12.5419273376, 14.1654243469, 15.4669189453, 18.811832428, 12.0639200211, 13.4937400818, 11.6040124893, 15.8122911453, 21.4580459595, 17.5611228943, 9.04000759125, 3.8732252121, 3.53983998299, 2.69443035126, 3.90595674515, 3.86569738388, 3.19580507278, 3.20724630356, 2.52763843536, 1.53266251087, 0.825580298901, 0.213970154524, 0.0163222271949, 0.00033797379001, 5.03167029819e-05],
        "stdev": [0.705424368382, 2.5919585228, 10.6164388657, 20.1972675323, 15.9269208908, 13.7229652405, 24.28657341, 41.2649307251, 68.067855835, 145.049880981, 82.8353652954, 89.6294326782, 54.1963310242, 44.0462608337, 45.0804214478, 38.8266067505, 43.2952957153, 46.9466781616, 63.4026603699, 39.1472053528, 38.7666244507, 30.1890678406, 42.0797958374, 46.4500007629, 39.9427871704, 21.2458686829, 10.7786512375, 12.691608429, 9.59416675568, 11.6997833252, 9.98787021637, 8.19825649261, 8.2961769104, 5.30892658234, 3.17697930336, 1.81819224358, 0.640991032124, 0.0568689219654, 0.00103308854159, 7.64709984651e-05]
    },
    "gfcc": {
        "mean": [-31.3834991455, 78.0116958618, -75.8949356079, 35.5346069336, -54.7871551514, 16.4033584595, -46.5549850464, 25.4496250153, -26.9345569611, 12.4915685654, -7.73403215408, 6.34711265564, -8.68011569977],
        "cov": [[11684.4316406, -1538.69506836, -1114.69506836, -410.498779297, -576.540527344, 131.929946899, -423.307006836, 719.5546875, -372.477722168, 308.954345703, -210.078048706, 310.679290771, -517.175231934], [-1538.69506836, 1586.67150879, 200.79246521, -4.61173248291, 253.631942749, -154.896896362, 207.945480347, -213.855667114, 108.161750793, -156.132034302, 159.355392456, -164.838912964, 135.87727356], [-1114.69506836, 200.79246521, 1218.05322266, 310.621612549, 25.5903511047, 102.178848267, 19.5454616547, -78.8523330688, 53.2444725037, 7.78858995438, -45.9309616089, 11.3401880264, 43.3753967285], [-410.498779297, -4.61173248291, 310.621612549, 574.511291504, 199.112319946, -19.4162940979, 15.01512146, -26.7405185699, 94.1444320679, -28.0577964783, -10.0966005325, 17.6100654602, 63.7961959839], [-576.540527344, 253.631942749, 25.5903511047, 199.112319946, 355.040710449, 38.6823806763, 76.006690979, -26.7120075226, 52.0365028381, -33.8288764954, 27.7807998657, -21.1113014221, 44.8156204224], [131.929946899, -154.896896362, 102.178848267, -19.4162940979, 38.6823806763, 316.177398682, 89.9132156372, 5.10075569153, -25.516412735, 24.9248485565, -13.1459512711, -17.8331260681, -35.0183334351], [-423.307006836, 207.945480347, 19.5454616547, 15.01512146, 76.006690979, 89.9132156372, 234.769348145, -9.54798698425, 24.1822471619, -17.924905777, 32.2849578857, -34.403301239, -6.74706840515], [719.5546875, -213.855667114, -78.8523330688, -26.7405185699, -26.7120075226, 5.10075569153, -9.54798698425, 233.935470581, 2.00541496277, 11.2216939926, -27.889339447, 31.7149887085, -20.1518154144], [-372.477722168, 108.161750793, 53.2444725037, 94.1444320679, 52.0365028381, -25.516412735, 24.1822471619, 2.00541496277, 194.185073853, 17.9444789886, -2.06451702118, 7.8918299675, 30.4351863861], [308.954345703, -156.132034302, 7.78858995438, -28.0577964783, -33.8288764954, 24.9248485565, -17.924905777, 11.2216939926, 17.9444789886, 150.699081421, 35.2517471313, 35.00340271, -19.6641292572], [-210.078048706, 159.355392456, -45.9309616089, -10.0966005325, 27.7807998657, -13.1459512711, 32.2849578857, -27.889339447, -2.06451702118, 35.2517471313, 143.538467407, 13.4622650146, 21.0774383545], [310.679290771, -164.838912964, 11.3401880264, 17.6100654602, -21.1113014221, -17.8331260681, -34.403301239, 31.7149887085, 7.8918299675, 35.00340271, 13.4622650146, 137.471099854, 15.5800504684], [-517.175231934, 135.87727356, 43.3753967285, 63.7961959839, 44.8156204224, -35.0183334351, -6.74706840515, -20.1518154144, 30.4351863861, -19.6641292572, 21.0774383545, 15.5800504684, 154.055145264]],
        "icov": [[0.00022571728914, -0.000342677085428, 0.000318178965244, -0.000357852200978, 0.000393444439396, -0.000409718108131, 0.000463739794213, -0.000633138115518, 0.000482450646814, -0.000596420490183, 0.000562105327845, -0.000638234603684, 0.00066469842568], [-0.000342677085428, 0.00256001343951, -0.00117480545305, 0.00172998884227, -0.00182798609603, 0.00210511451587, -0.00191223493312, 0.00187863316387, -0.00171301490627, 0.00262709078379, -0.00291330111213, 0.00272129522637, -0.0018245583633], [0.000318178965244, -0.00117480545305, 0.00175351602957, -0.00157488288824, 0.00135155010503, -0.00151361722965, 0.00100782455411, -0.000831315177493, 0.000943432445638, -0.00156821822748, 0.00183284515515, -0.00156103493646, 0.000981507590041], [-0.000357852200978, 0.00172998884227, -0.00157488288824, 0.00406273128465, -0.00283477967605, 0.00190676678903, -0.00124623603188, 0.00152623327449, -0.00204720837064, 0.00222217594273, -0.00182307627983, 0.00157312862575, -0.00178462895565], [0.000393444439396, -0.00182798609603, 0.00135155010503, -0.00283477967605, 0.00561376148835, -0.00229264516383, 0.000779901980422, -0.00148015876766, 0.000939823687077, -0.00137837801594, 0.00143868511077, -0.00168813031632, 0.00102508754935], [-0.000409718108131, 0.00210511451587, -0.00151361722965, 0.00190676678903, -0.00229264516383, 0.00598072772846, -0.00336958724074, 0.00167181657162, -0.000689669337589, 0.00110488012433, -0.00154950865544, 0.00257944734767, -0.00126966729295], [0.000463739794213, -0.00191223493312, 0.00100782455411, -0.00124623603188, 0.000779901980422, -0.00336958724074, 0.0074032433331, -0.00201304908842, 0.00051291147247, -0.00101943465415, 0.000557254126761, -0.00135809078347, 0.00237347208895], [-0.000633138115518, 0.00187863316387, -0.000831315177493, 0.00152623327449, -0.00148015876766, 0.00167181657162, -0.00201304908842, 0.00695838592947, -0.00196384312585, 0.00220902892761, -0.00135352660436, 0.00132688402664, -0.00182682147715], [0.000482450646814, -0.00171301490627, 0.000943432445638, -0.00204720837064, 0.000939823687077, -0.000689669337589, 0.00051291147247, -0.00196384312585, 0.00770711293444, -0.00367972883396, 0.003122192109, -0.00223171827383, 0.000854277401231], [-0.000596420490183, 0.00262709078379, -0.00156821822748, 0.00222217594273, -0.00137837801594, 0.00110488012433, -0.00101943465415, 0.00220902892761, -0.00367972883396, 0.011673967354, -0.00601658364758, 0.00145180732943, -0.00100815750193], [0.000562105327845, -0.00291330111213, 0.00183284515515, -0.00182307627983, 0.00143868511077, -0.00154950865544, 0.000557254126761, -0.00135352660436, 0.003122192109, -0.00601658364758, 0.0124264992774, -0.0041998103261, 0.00111187098082], [-0.000638234603684, 0.00272129522637, -0.00156103493646, 0.00157312862575, -0.00168813031632, 0.00257944734767, -0.00135809078347, 0.00132688402664, -0.00223171827383, 0.00145180732943, -0.0041998103261, 0.0119103081524, -0.00356692099012], [0.00066469842568, -0.0018245583633, 0.000981507590041, -0.00178462895565, 0.00102508754935, -0.00126966729295, 0.00237347208895, -0.00182682147715, 0.000854277401231, -0.00100815750193, 0.00111187098082, -0.00356692099012, 0.00998390745372]]
    },
    "melbands": {
        "mean": [0.00256774830632, 0.00188174459618, 0.000706575345248, 0.000428659579484, 0.000528029340785, 0.000527028925717, 0.000371545756934, 0.000295810285024, 0.000178515008884, 0.000218650020543, 9.44099156186e-05, 5.04570125486e-05, 4.64215918328e-05, 4.00827811973e-05, 2.60375200014e-05, 3.34752476192e-05, 2.67514278676e-05, 3.08389753627e-05, 1.93846080947e-05, 1.47532009578e-05, 1.62057149282e-05, 1.19594751595e-05, 1.15429547805e-05, 1.70745934156e-05, 1.75045715878e-05, 1.48623485074e-05, 9.87968451227e-06, 4.95502399644e-06, 2.27285681831e-06, 2.11665383176e-06, 2.11761948776e-06, 1.52344352955e-06, 1.51556082528e-06, 2.52452468885e-06, 2.37780091084e-06, 1.83069880677e-06, 2.00780777959e-06, 2.16800799535e-06, 2.38047800849e-06, 2.04182015295e-06],
        "stdev": [0.00496268691495, 0.00450705271214, 0.00344941648655, 0.000899000093341, 0.000742649252061, 0.000850158452522, 0.00126018072478, 0.00139040197246, 0.000626972061582, 0.000572065240704, 0.000271047116257, 0.00018756071222, 0.000169462728081, 0.000131924141897, 8.25567985885e-05, 0.000102977297502, 9.02221290744e-05, 0.000111950743303, 6.69933433528e-05, 5.67962379137e-05, 4.95532476634e-05, 3.54292133125e-05, 3.29289905494e-05, 4.55811168649e-05, 4.09580388805e-05, 3.85583225579e-05, 2.29241341003e-05, 1.38023078762e-05, 6.51785467198e-06, 7.09570804247e-06, 8.27247185953e-06, 5.84625604461e-06, 4.97434575664e-06, 7.57279212849e-06, 6.63078617436e-06, 4.2707938519e-06, 5.56214763492e-06, 6.14623741058e-06, 5.54515463591e-06, 4.23289338869e-06]
    },
    "melbands128": {
        "mean": [0.000725811696611, 0.00281808292493, 0.0031513182912, 0.00248236628249, 0.00183666101657, 0.00128572923131, 0.000859558698721, 0.000547766685486, 0.000382649566745, 0.000358065881301, 0.000515484658536, 0.000495755753946, 0.000543047499377, 0.000532430654857, 0.000626104592811, 0.000499192858115, 0.000245487288339, 0.000366409716662, 0.000497897446621, 0.000362790364306, 0.000157953079906, 0.000192486259039, 0.000171667823452, 0.000158651935635, 0.000247938558459, 0.000234781473409, 0.00017572849174, 6.14663804299e-05, 4.15127215092e-05, 6.25078537269e-05, 4.49454055342e-05, 4.49893741461e-05, 5.49437063455e-05, 3.69462395611e-05, 4.50129482488e-05, 4.46918384114e-05, 2.75694437732e-05, 1.88361937035e-05, 2.93919147225e-05, 3.44521286024e-05, 2.97921669699e-05, 4.01241122745e-05, 2.82753771899e-05, 1.73504467966e-05, 2.67283321591e-05, 3.77315736841e-05, 3.14194476232e-05, 1.96046512428e-05, 1.35117370519e-05, 1.58669608936e-05, 1.42133831105e-05, 1.403810802e-05, 1.78612262971e-05, 1.55593115778e-05, 1.63246695593e-05, 9.87211751635e-06, 1.05382177935e-05, 1.13769947347e-05, 1.14549957289e-05, 1.26773429656e-05, 1.77909514605e-05, 2.0569019398e-05, 1.71582632902e-05, 1.61614079843e-05, 1.87818841368e-05, 1.5284102119e-05, 1.24868147395e-05, 1.15316861411e-05, 9.40369682212e-06, 7.53787526264e-06, 5.52326719117e-06, 3.41378813573e-06, 2.25924850383e-06, 2.09495169656e-06, 2.07193488677e-06, 2.55550389738e-06, 1.88308274574e-06, 1.6654303181e-06, 2.57193210018e-06, 2.06507093026e-06, 1.64321568263e-06, 1.30792659547e-06, 1.072436703e-06, 1.58105899573e-06, 1.84644625278e-06, 2.05747937798e-06, 3.03652927869e-06, 2.82826704279e-06, 2.42846817855e-06, 1.99059218176e-06, 1.819640147e-06, 1.76545847808e-06, 1.86907709576e-06, 1.89224442693e-06, 2.24641917157e-06, 2.10851362681e-06, 2.10248208532e-06, 2.32754177887e-06, 2.431781013e-06, 2.36898085859e-06, 2.30986620409e-06, 1.91660819837e-06, 1.86416673387e-06, 1.67830933151e-06, 1.60013314598e-06, 1.69273187112e-06, 2.00513932214e-06, 1.7813414388e-06, 1.21934510844e-06, 1.35118591515e-06, 1.21672735531e-06, 6.46310184038e-07, 6.72356236464e-07, 4.61116115957e-07, 4.09371494925e-07, 1.06813672573e-07, 7.25128984636e-11, 2.36416285854e-11, 1.70851804926e-11, 1.7809463973e-11, 1.79156117025e-11, 1.78256524125e-11, 2.05033767742e-11, 1.34441520416e-11, 1.5372066467e-11, 1.50757947792e-11, 1.55627420673e-11, 1.6048254739e-11],
        "stdev": [0.00206718500704, 0.00689172977582, 0.00599518045783, 0.00403821840882, 0.00501368148252, 0.00563154462725, 0.00443357182667, 0.00295861484483, 0.00157521094661, 0.000873371434864, 0.000980280339718, 0.000839452492073, 0.00112631858792, 0.000986788887531, 0.00125031161588, 0.00114841351751, 0.000686515646521, 0.0015086226631, 0.00256132637151, 0.00203320616856, 0.000840531720314, 0.00104166439269, 0.000784533622209, 0.000720665673725, 0.000869375420734, 0.000796479231212, 0.000650671252515, 0.000285848538624, 0.000193103973288, 0.000304394110572, 0.000216431246372, 0.000235483443248, 0.000271273718681, 0.000194158725208, 0.000203605581191, 0.000191844475921, 0.000136589893373, 9.34186537052e-05, 0.000134168527438, 0.000155621717568, 0.000140986041515, 0.00015428030747, 0.000148293445818, 8.39414133225e-05, 0.000129620399093, 0.000180631584954, 0.000159053131938, 9.30126116145e-05, 8.90752489795e-05, 8.85540212039e-05, 8.37005427456e-05, 7.64272190281e-05, 7.80683549237e-05, 6.14564924035e-05, 6.94524569553e-05, 4.54570363217e-05, 3.94352609874e-05, 3.68068504031e-05, 4.19043535658e-05, 5.26039366378e-05, 6.7746208515e-05, 7.0786481956e-05, 5.88099755987e-05, 5.72752032895e-05, 6.46980188321e-05, 5.90135423408e-05, 4.74263179058e-05, 3.49135589204e-05, 3.22824998875e-05, 2.43121940002e-05, 2.23094884859e-05, 1.30521375468e-05, 7.77584955358e-06, 6.51385244055e-06, 7.18664568922e-06, 9.74459362624e-06, 6.73221347824e-06, 5.84563804296e-06, 1.1456773791e-05, 8.42507506604e-06, 7.62928857512e-06, 5.01694194099e-06, 3.22853748003e-06, 5.84641429668e-06, 6.36260074316e-06, 6.03759963269e-06, 9.5102841442e-06, 9.34225045057e-06, 7.64185915614e-06, 4.52194581158e-06, 4.37490780314e-06, 4.53973962067e-06, 4.82855011796e-06, 4.93122206535e-06, 7.69473263063e-06, 7.04637341187e-06, 6.36264712739e-06, 6.32688397673e-06, 6.28969246463e-06, 5.58187002753e-06, 5.22453365193e-06, 4.38653523815e-06, 3.86015790355e-06, 3.79947914553e-06, 4.01794795835e-06, 3.99410737373e-06, 5.29211274625e-06, 5.24631786902e-06, 2.91997730528e-06, 3.62282230526e-06, 4.84490192321e-06, 1.84859732144e-06, 2.83502527054e-06, 1.68084909546e-06, 1.53523376412e-06, 4.59426757971e-07, 1.24907451049e-09, 7.36820937597e-10, 5.17362097607e-10, 6.81956102699e-10, 6.17364714905e-10, 5.72911662555e-10, 7.46651684924e-10, 4.36175845442e-10, 5.3668741673e-10, 5.53315449014e-10, 5.26766297249e-10, 5.1293524983e-10]
    },
    "mfcc": {
        "mean": [-689.289367676, 113.556800842, 32.9198379517, 26.5397090912, 19.9900131226, -6.2249455452, 5.81263589859, 2.5738260746, -5.57438755035, 7.35643720627, 2.86558461189, -0.90919983387, 4.31923627853],
        "cov": [[9171.76757812, -866.849182129, -1029.91113281, -501.017456055, -336.301269531, -554.000305176, -135.157791138, 152.459243774, -246.38949585, 183.339569092, 200.550888062, -152.052902222, 108.270309448], [-866.849182129, 1303.5255127, 81.2881317139, 47.6453666687, 12.8462429047, 20.264125824, 96.0538101196, -13.3223562241, -44.3692817688, -1.79223513603, 15.5248680115, 20.4119758606, -30.4219512939], [-1029.91113281, 81.2881317139, 980.281677246, 147.177017212, 82.3008651733, 172.940689087, 13.7534294128, -26.8081893921, 90.6744918823, -68.7698287964, -14.0220098495, 79.8073730469, -32.1537818909], [-501.017456055, 47.6453666687, 147.177017212, 556.057067871, 188.292663574, 44.2709083557, -46.688041687, 26.5221290588, 78.9449615479, -53.6091766357, -68.2900466919, 88.2748794556, 34.3475456238], [-336.301269531, 12.8462429047, 82.3008651733, 188.292663574, 293.090362549, 59.5651321411, 9.1050157547, 21.6051826477, 62.3211555481, -10.0461997986, -39.3592910767, 23.5465354919, 0.451710313559], [-554.000305176, 20.264125824, 172.940689087, 44.2709083557, 59.5651321411, 348.596984863, 72.4327926636, 10.6235513687, 34.1800842285, 3.47882986069, 25.0322208405, 20.4823627472, -9.98505687714], [-135.157791138, 96.0538101196, 13.7534294128, -46.688041687, 9.1050157547, 72.4327926636, 251.31022644, 38.0344619751, -21.1182842255, 34.5201187134, 20.9151744843, -27.2915554047, -16.1499595642], [152.459243774, -13.3223562241, -26.8081893921, 26.5221290588, 21.6051826477, 10.6235513687, 38.0344619751, 189.667938232, 36.8854751587, 32.9106712341, 6.56528711319, -4.7131524086, 10.4602546692], [-246.38949585, -44.3692817688, 90.6744918823, 78.9449615479, 62.3211555481, 34.1800842285, -21.1182842255, 36.8854751587, 185.496826172, 9.10694980621, -19.1732978821, 27.3973789215, -9.61103916168], [183.339569092, -1.79223513603, -68.7698287964, -53.6091766357, -10.0461997986, 3.47882986069, 34.5201187134, 32.9106712341, 9.10694980621, 154.773696899, 38.8141365051, -29.5699329376, -2.59793567657], [200.550888062, 15.5248680115, -14.0220098495, -68.2900466919, -39.3592910767, 25.0322208405, 20.9151744843, 6.56528711319, -19.1732978821, 38.8141365051, 127.204277039, 15.1991996765, 6.98330497742], [-152.052902222, 20.4119758606, 79.8073730469, 88.2748794556, 23.5465354919, 20.4823627472, -27.2915554047, -4.7131524086, 27.3973789215, -29.5699329376, 15.1991996765, 144.918533325, 34.5427360535], [108.270309448, -30.4219512939, -32.1537818909, 34.3475456238, 0.451710313559, -9.98505687714, -16.1499595642, 10.4602546692, -9.61103916168, -2.59793567657, 6.98330497742, 34.5427360535, 117.125022888]],
        "icov": [[0.000156009817147, 9.25623171497e-05, 8.4759791207e-05, 3.99748823838e-05, 3.3901007555e-05, 0.000180074508535, 5.86714268138e-05, -0.000140186166391, 0.000129213629407, -6.01337887929e-05, -0.00021916309197, 5.75140111323e-05, -6.74227121635e-05], [9.25623171497e-05, 0.000872947974131, -5.24734286955e-06, -0.000104517246655, 2.46809941018e-05, 0.000170149898622, -0.000299541570712, -1.23853378682e-05, 0.000322338921251, -6.12632211414e-05, -0.000212432365515, -0.000149273473653, 0.000226379008382], [8.4759791207e-05, -5.24734286955e-06, 0.00131640804466, -0.000125429462059, -3.34323476636e-06, -0.000417200411903, -4.9794336519e-05, 0.00014627368364, -0.00038709884393, 0.000410322856624, -0.000127026156406, -0.000422548415372, 0.000372501119273], [3.99748823838e-05, -0.000104517246655, -0.000125429462059, 0.00281898444518, -0.00139852205757, -5.79500265303e-05, 0.000409283355111, -0.000403774960432, -0.000273327226751, 0.00031017686706, 0.00101406907197, -0.00114760175347, -0.000569824769627], [3.3901007555e-05, 2.46809941018e-05, -3.34323476636e-06, -0.00139852205757, 0.00471382169053, -0.000474765722174, -0.000343547115335, -0.000110449305794, -0.000787753961049, -0.000223327078857, 0.000734856934287, 0.000111186214781, 0.000141918033478], [0.000180074508535, 0.000170149898622, -0.000417200411903, -5.79500265303e-05, -0.000474765722174, 0.00374348810874, -0.000931558199227, -7.06138162059e-05, -0.000219230685616, -2.22059534281e-05, -0.00113068916835, -5.46587252757e-05, 4.40737130702e-05], [5.86714268138e-05, -0.000299541570712, -4.9794336519e-05, 0.000409283355111, -0.000343547115335, -0.000931558199227, 0.00492152199149, -0.00106703455094, 0.000847154937219, -0.000684057595208, -0.000273341283901, 0.000614242220763, 0.000319568847772], [-0.000140186166391, -1.23853378682e-05, 0.00014627368364, -0.000403774960432, -0.000110449305794, -7.06138162059e-05, -0.00106703455094, 0.00616115797311, -0.00143548974302, -0.000825877767056, -0.000107695588667, 0.000314220262226, -0.000640392419882], [0.000129213629407, 0.000322338921251, -0.00038709884393, -0.000273327226751, -0.000787753961049, -0.000219230685616, 0.000847154937219, -0.00143548974302, 0.00699047930539, -0.00115556968376, 0.000788818171714, -0.00113773997873, 0.00100403209217], [-6.01337887929e-05, -6.12632211414e-05, 0.000410322856624, 0.00031017686706, -0.000223327078857, -2.22059534281e-05, -0.000684057595208, -0.000825877767056, -0.00115556968376, 0.00811175908893, -0.00242394022644, 0.00158977136016, -0.000199472473469], [-0.00021916309197, -0.000212432365515, -0.000127026156406, 0.00101406907197, 0.000734856934287, -0.00113068916835, -0.000273341283901, -0.000107695588667, 0.000788818171714, -0.00242394022644, 0.0104260798544, -0.00245198258199, -0.000199658155907], [5.75140111323e-05, -0.000149273473653, -0.000422548415372, -0.00114760175347, 0.000111186214781, -5.46587252757e-05, 0.000614242220763, 0.000314220262226, -0.00113773997873, 0.00158977136016, -0.00245198258199, 0.00942431110889, -0.00251119351014], [-6.74227121635e-05, 0.000226379008382, 0.000372501119273, -0.000569824769627, 0.000141918033478, 4.40737130702e-05, 0.000319568847772, -0.000640392419882, 0.00100403209217, -0.000199472473469, -0.000199658155907, -0.00251119351014, 0.00986331608146]]
    },
    "spectral_contrast_coeffs": {
        "mean": [-0.732412517071, -0.692199409008, -0.741230010986, -0.770459592342, -0.769654333591, -0.812344312668],
        "stdev": [0.079352863133, 0.0946776717901, 0.0844842940569, 0.0689720734954, 0.0694931894541, 0.0393159538507]
    },
    "spectral_contrast_valleys": {
        "mean": [-6.73552846909, -7.47113466263, -8.45496845245, -8.64263343811, -8.34371185303, -10.2404642105],
        "stdev": [1.13816893101, 1.16558051109, 1.13293075562, 1.14703416824, 1.19000971317, 1.38348567486]
    }
},
"rhythm": {
    "beats_count": 542,
    "beats_loudness": {
        "mean": 0.0386445745826,
        "stdev": 0.0293720196933
    },
    "bpm": 131.225784302,
    "bpm_histogram_first_peak_bpm": 133,
    "bpm_histogram_first_peak_weight": 0.411877393723,
    "bpm_histogram_second_peak_bpm": 94,
    "bpm_histogram_second_peak_spread": 0,
    "bpm_histogram_second_peak_weight": 0.00924214441329,
    "danceability": 1.44769406319,
    "onset_rate": 3.32540607452,
    "beats_loudness_band_ratio": {
        "mean": [0.558661818504, 0.165616989136, 0.112931780517, 0.0419131293893, 0.0538945943117, 0.083623893559],
        "stdev": [0.27330031991, 0.171571031213, 0.136067315936, 0.0765891596675, 0.0750013142824, 0.0882342234254]
    },
    "beats_position": [0.476009070873, 0.96362811327, 1.45124709606, 1.93886613846, 2.43809509277, 2.93732428551, 3.43655323982, 3.90095233917, 4.35374164581, 4.80653047562, 5.25931978226, 5.72371864319, 6.17650794983, 6.64090681076, 7.10530614853, 7.56970500946, 8.0224943161, 8.47528362274, 8.91646194458, 9.38086128235, 9.83365058899, 10.2864398956, 10.7508392334, 11.2152376175, 11.6680269241, 12.1208162308, 12.5852155685, 13.0496139526, 13.5024032593, 13.9551925659, 14.4195919037, 14.8839902878, 15.3367795944, 15.7895689011, 16.242357254, 16.6951465607, 17.1595458984, 17.6239452362, 18.0767345428, 18.5295238495, 18.9823131561, 19.4351024628, 19.8994998932, 20.3522891998, 20.8050785065, 21.2694778442, 21.733877182, 22.1982765198, 22.6510658264, 23.1038551331, 23.5682544708, 24.0210418701, 24.4738311768, 24.9382305145, 25.3910198212, 25.8438091278, 26.2849884033, 26.7493877411, 27.2021770477, 27.6665763855, 28.1193637848, 28.5837631226, 29.0481624603, 29.500951767, 29.9537410736, 30.4181404114, 30.8825397491, 31.3353290558, 31.7881164551, 32.2525177002, 32.7169151306, 33.1697044373, 33.6224937439, 34.0752830505, 34.5280723572, 34.9924697876, 35.4452590942, 35.8980484009, 36.362449646, 36.8268470764, 37.2796363831, 37.7324256897, 38.1852149963, 38.6496124268, 39.1024017334, 39.5668029785, 40.0312004089, 40.4839897156, 40.9367790222, 41.4011802673, 41.8539657593, 42.3067550659, 42.7595443726, 43.2123336792, 43.6767349243, 44.1411323547, 44.5939216614, 45.046710968, 45.5111083984, 45.9638977051, 46.4166870117, 46.8810882568, 47.3454856873, 47.7982749939, 48.2510643005, 48.7154655457, 49.1682548523, 49.6210403442, 50.0738296509, 50.538230896, 51.0026283264, 51.4554176331, 51.9082069397, 52.3609962463, 52.8253974915, 53.2781867981, 53.73097229, 54.1953735352, 54.6597709656, 55.1241722107, 55.5769615173, 56.029750824, 56.4825401306, 56.946937561, 57.3997268677, 57.8641242981, 58.3169136047, 58.7697029114, 59.222492218, 59.6752815247, 60.1280708313, 60.5924720764, 61.0568695068, 61.5096588135, 61.9740562439, 62.4268455505, 62.8796348572, 63.3440361023, 63.7968254089, 64.2612228394, 64.714012146, 65.1784133911, 65.6428070068, 66.0955963135, 66.5599975586, 67.0127868652, 67.4655761719, 67.9183654785, 68.3711547852, 68.8239440918, 69.2883453369, 69.7527389526, 70.2055282593, 70.6583175659, 71.122718811, 71.5755081177, 72.0282974243, 72.4926986694, 72.9570999146, 73.4214935303, 73.8742828369, 74.3270721436, 74.7798614502, 75.2326507568, 75.697052002, 76.1614532471, 76.6142425537, 77.0670318604, 77.5198135376, 77.9726028442, 78.4370040894, 78.889793396, 79.3425827026, 79.8069839478, 80.2713851929, 80.7357788086, 81.1885681152, 81.6413574219, 82.0941467285, 82.5469360352, 83.0113372803, 83.4757385254, 83.928527832, 84.3813171387, 84.8341064453, 85.2868881226, 85.7512893677, 86.2156906128, 86.6684799194, 87.1212692261, 87.5856704712, 88.0500640869, 88.5028533936, 88.9556427002, 89.4084320068, 89.8612213135, 90.3256225586, 90.7900238037, 91.2544174194, 91.7072067261, 92.1599960327, 92.6127853394, 93.065574646, 93.5299758911, 93.9827651978, 94.4355545044, 94.8999557495, 95.3643493652, 95.8171386719, 96.2699279785, 96.7343292236, 97.1871185303, 97.6399078369, 98.104309082, 98.5687026978, 99.0331039429, 99.4858932495, 99.9386825562, 100.391471863, 100.844261169, 101.297050476, 101.749839783, 102.214241028, 102.667030334, 103.119819641, 103.584213257, 104.048614502, 104.513015747, 104.965805054, 105.41859436, 105.882987976, 106.335777283, 106.800178528, 107.252967834, 107.71736908, 108.158546448, 108.622947693, 109.087341309, 109.540130615, 109.992919922, 110.445709229, 110.898498535, 111.351287842, 111.815689087, 112.268478394, 112.732879639, 113.197273254, 113.650062561, 114.102851868, 114.567253113, 115.020042419, 115.472831726, 115.937232971, 116.401634216, 116.854415894, 117.3072052, 117.759994507, 118.212783813, 118.66557312, 119.118362427, 119.582763672, 120.047164917, 120.511566162, 120.975959778, 121.428749084, 121.881538391, 122.334327698, 122.798728943, 123.25151825, 123.715919495, 124.168708801, 124.621498108, 125.085891724, 125.550292969, 125.991470337, 126.455871582, 126.908660889, 127.361450195, 127.82585144, 128.290252686, 128.743041992, 129.195831299, 129.648620605, 130.101409912, 130.565795898, 131.030197144, 131.494598389, 131.947387695, 132.400177002, 132.864578247, 133.305755615, 133.77015686, 134.222946167, 134.675735474, 135.140136719, 135.604537964, 136.057327271, 136.510116577, 136.974502563, 137.42729187, 137.880081177, 138.344482422, 138.808883667, 139.261672974, 139.71446228, 140.178863525, 140.631652832, 141.084442139, 141.537231445, 141.990020752, 142.454421997, 142.907211304, 143.36000061, 143.824401855, 144.277191162, 144.741577148, 145.194366455, 145.6587677, 146.123168945, 146.58757019, 147.040359497, 147.493148804, 147.957550049, 148.410339355, 148.863128662, 149.327529907, 149.791931152, 150.244720459, 150.697509766, 151.150299072, 151.603088379, 152.067474365, 152.520263672, 152.973052979, 153.437454224, 153.901855469, 154.354644775, 154.807434082, 155.271835327, 155.724624634, 156.17741394, 156.641815186, 157.094604492, 157.547393799, 158.011795044, 158.47618103, 158.928970337, 159.381759644, 159.83454895, 160.287338257, 160.751739502, 161.216140747, 161.668930054, 162.12171936, 162.574508667, 163.038909912, 163.503311157, 163.956100464, 164.408889771, 164.861679077, 165.326080322, 165.790466309, 166.243255615, 166.696044922, 167.160446167, 167.624847412, 168.077636719, 168.530426025, 168.983215332, 169.436004639, 169.900405884, 170.35319519, 170.805984497, 171.270385742, 171.734786987, 172.199172974, 172.65196228, 173.104751587, 173.557540894, 174.0103302, 174.463119507, 174.915908813, 175.380310059, 175.844711304, 176.29750061, 176.750289917, 177.214691162, 177.679092407, 178.131881714, 178.584671021, 179.049072266, 179.513473511, 179.966262817, 180.419036865, 180.871826172, 181.324615479, 181.789016724, 182.253417969, 182.706207275, 183.158996582, 183.611785889, 184.064575195, 184.52897644, 184.993377686, 185.446166992, 185.898956299, 186.363357544, 186.827758789, 187.280548096, 187.733337402, 188.18611145, 188.650512695, 189.11491394, 189.567703247, 190.032104492, 190.484893799, 190.937683105, 191.402084351, 191.854873657, 192.307662964, 192.760452271, 193.213241577, 193.677642822, 194.142044067, 194.594833374, 195.047622681, 195.512008667, 195.964797974, 196.41758728, 196.881988525, 197.346389771, 197.810791016, 198.275192261, 198.716369629, 199.169158936, 199.621948242, 200.086349487, 200.539138794, 200.991928101, 201.456329346, 201.909118652, 202.361907959, 202.814697266, 203.267486572, 203.731872559, 204.196273804, 204.660675049, 205.113464355, 205.566253662, 206.030654907, 206.495056152, 206.947845459, 207.400634766, 207.865036011, 208.317825317, 208.770614624, 209.223403931, 209.676193237, 210.140579224, 210.604980469, 211.057769775, 211.510559082, 211.974960327, 212.439361572, 212.892150879, 213.344940186, 213.809341431, 214.262130737, 214.714920044, 215.179321289, 215.643707275, 216.096496582, 216.560897827, 217.013687134, 217.46647644, 217.919265747, 218.372055054, 218.82484436, 219.289245605, 219.753646851, 220.206436157, 220.659225464, 221.123626709, 221.588027954, 222.040817261, 222.493606567, 222.958007812, 223.410797119, 223.863571167, 224.327972412, 224.780761719, 225.233551025, 225.697952271, 226.150741577, 226.615142822, 227.067932129, 227.520721436, 227.973510742, 228.437911987, 228.890701294, 229.343490601, 229.807891846, 230.272293091, 230.736679077, 231.189468384, 231.64225769, 232.095046997, 232.547836304, 233.012237549, 233.476638794, 233.929428101, 234.382217407, 234.835006714, 235.287796021, 235.740585327, 236.204986572, 236.657775879, 237.122177124, 237.586578369, 238.050964355, 238.503753662, 238.956542969, 239.409332275, 239.862121582, 240.326522827, 240.790924072, 241.243713379, 241.696502686, 242.149291992, 242.625305176, 243.112915039, 243.600540161, 244.134597778, 244.668655396, 245.202713013, 245.73677063, 246.270828247, 246.909378052, 247.547927856, 248.186477661, 248.825027466, 249.463577271],
    "bpm_histogram": [0, 0, 0, 0, 0, 0, 0, 0, 0, 0, 0, 0, 0, 0, 0, 0, 0, 0, 0, 0, 0, 0, 0, 0, 0, 0, 0, 0, 0, 0, 0, 0, 0, 0, 0, 0, 0, 0, 0, 0, 0, 0, 0, 0, 0, 0, 0, 0, 0, 0, 0, 0, 0, 0, 0, 0, 0, 0, 0, 0, 0, 0, 0, 0, 0, 0, 0, 0, 0, 0, 0, 0, 0, 0, 0, 0, 0, 0, 0, 0, 0, 0, 0, 0, 0, 0, 0, 0, 0, 0, 0, 0, 0, 0, 0.00924214441329, 0, 0, 0, 0, 0, 0, 0, 0, 0, 0, 0, 0, 0, 0, 0, 0, 0, 0.00924214441329, 0, 0, 0, 0, 0, 0, 0, 0.00554528646171, 0, 0, 0.00924214441329, 0, 0, 0.00184842885938, 0, 0, 0.386321634054, 0, 0, 0, 0.56746762991, 0, 0, 0.0110905729234, 0, 0, 0, 0, 0, 0, 0, 0, 0, 0, 0, 0, 0, 0, 0, 0, 0, 0, 0, 0, 0, 0, 0, 0, 0, 0, 0, 0, 0, 0, 0, 0, 0, 0, 0, 0, 0, 0, 0, 0, 0, 0, 0, 0, 0, 0, 0, 0, 0, 0, 0, 0, 0, 0, 0, 0, 0, 0, 0, 0, 0, 0, 0, 0, 0, 0, 0, 0, 0, 0, 0, 0, 0, 0, 0, 0, 0, 0, 0, 0, 0, 0, 0, 0, 0, 0, 0, 0, 0, 0, 0, 0, 0, 0, 0, 0, 0, 0, 0, 0, 0, 0, 0, 0, 0, 0, 0, 0, 0, 0, 0, 0, 0]
},
"tonal": {
    "chords_changes_rate": 0.0836889967322,
    "chords_number_rate": 0.00278344773687,
    "chords_strength": {
        "mean": 0.501044273376,
        "stdev": 0.09552641958
    },
    "hpcp_crest": {
        "mean": 14.4283666611,
        "stdev": 7.35396766663
    },
    "hpcp_entropy": {
        "mean": 1.89998614788,
        "stdev": 0.766413092613
    },
    "key_edma": {
        "strength": 0.666047513485,
        "key": "B",
        "scale": "minor"
    },
    "key_krumhansl": {
        "strength": 0.679764509201,
        "key": "B",
        "scale": "minor"
    },
    "key_temperley": {
        "strength": 0.693683862686,
        "key": "B",
        "scale": "minor"
    },
    "tuning_diatonic_strength": 0.571125328541,
    "tuning_equal_tempered_deviation": 0.282586634159,
    "tuning_frequency": 434.193115234,
    "tuning_nontempered_energy_ratio": 0.941345334053,
    "hpcp": {
        "mean": [0.0986536741257, 0.101879440248, 0.0727563798428, 0.0686552673578, 0.0804689377546, 0.0771873518825, 0.131414607167, 0.164672270417, 0.10301271081, 0.0831128507853, 0.0809974297881, 0.0742023587227, 0.118293099105, 0.131122365594, 0.107189647853, 0.159019514918, 0.183427378535, 0.106641434133, 0.0500511713326, 0.0413692891598, 0.0529776029289, 0.0919009298086, 0.131056815386, 0.121055997908, 0.0982662066817, 0.0943926125765, 0.115331053734, 0.194284513593, 0.223502084613, 0.15026371181, 0.182523146272, 0.223375201225, 0.144462361932, 0.0959341153502, 0.0929746106267, 0.0882897675037],
        "stdev": [0.205495268106, 0.215854674578, 0.185675382614, 0.175961926579, 0.195177137852, 0.195030346513, 0.226646587253, 0.274478644133, 0.207549393177, 0.215109840035, 0.219528317451, 0.187975212932, 0.24396879971, 0.241513431072, 0.210228785872, 0.268798351288, 0.304320037365, 0.215230971575, 0.150824829936, 0.132990241051, 0.148807734251, 0.191164463758, 0.238074764609, 0.232708349824, 0.221757918596, 0.216857209802, 0.231186404824, 0.296932756901, 0.324915856123, 0.242283627391, 0.275251716375, 0.346244752407, 0.251878470182, 0.213996455073, 0.206672132015, 0.192488253117]
    },
    "chords_histogram": [18.1480789185, 10.7812213898, 6.9957318306, 5.10298776627, 3.8968269825, 1.50306177139, 0, 1.16904807091, 0.463907957077, 10.7812213898, 0.0371126383543, 0.0556689538062, 1.24327337742, 0, 0.18556317687, 0, 2.56077194214, 0.445351630449, 2.26387095451, 0, 1.76285028458, 1.89274442196, 7.57097768784, 23.1397285461],
    "thpcp": [1, 0.672314584255, 0.816650748253, 0.999432265759, 0.646358013153, 0.429231405258, 0.415989905596, 0.395028829575, 0.441399335861, 0.455832183361, 0.325528860092, 0.307179540396, 0.360036641359, 0.345354050398, 0.587979316711, 0.736781835556, 0.460902690887, 0.371866106987, 0.362401217222, 0.331998497248, 0.529270648956, 0.586671769619, 0.479591280222, 0.711490094662, 0.820696473122, 0.47713842988, 0.223940506577, 0.185095757246, 0.237034037709, 0.411186009645, 0.586378514767, 0.541632533073, 0.439665734768, 0.422334372997, 0.516017794609, 0.869273841381],
    "chords_key": "G",
    "chords_scale": "major"
}
}