{
"metadata": {
    "version": {
        "essentia": "2.1-dev",
        "essentia_git_sha": "v2.1_beta3-415-gd5473f3",
        "extractor": "music 2.0"
    },
    "audio_properties": {
        "analysis": {
            "equal_loudness": 0,
            "length": 447.555908203,
            "sample_rate": 44100,
            "start_time": 0,
            "downmix": "mix"
        },
        "bit_rate": 192000,
        "length": 447.555908203,
        "lossless": 0,
        "number_channels": 2,
        "replay_gain": -7.24864768982,
        "sample_rate": 44100,
        "codec": "mp3",
        "md5_encoded": "4e190aba8d80711d1896ba8d1ad9d3c5"
    },
    "tags": {
        "file_name": "alfons-wild_flowers.mp3"
    }
},
"lowlevel": {
    "average_loudness": 0.56905323267,
    "barkbands_crest": {
        "mean": 13.0795469284,
        "stdev": 4.42452573776
    },
    "barkbands_flatness_db": {
        "mean": 0.251181036234,
        "stdev": 0.059186950326
    },
    "barkbands_kurtosis": {
        "mean": 15.594379425,
        "stdev": 50.3051490784
    },
    "barkbands_skewness": {
        "mean": 2.18964004517,
        "stdev": 2.12891626358
    },
    "barkbands_spread": {
        "mean": 6.43159389496,
        "stdev": 4.97468090057
    },
    "dissonance": {
        "mean": 0.402314931154,
        "stdev": 0.0551754310727
    },
    "dynamic_complexity": 4.31540679932,
    "erbbands_crest": {
        "mean": 13.6966762543,
        "stdev": 5.72562170029
    },
    "erbbands_flatness_db": {
        "mean": 0.229832693934,
        "stdev": 0.064747646451
    },
    "erbbands_kurtosis": {
        "mean": 6.35553264618,
        "stdev": 8.03942871094
    },
    "erbbands_skewness": {
        "mean": 1.55943644047,
        "stdev": 1.0775680542
    },
    "erbbands_spread": {
        "mean": 17.8412094116,
        "stdev": 12.4776954651
    },
    "hfc": {
        "mean": 8.45253658295,
        "stdev": 10.4300670624
    },
    "loudness_ebu128": {
        "integrated": -17.9224033356,
        "loudness_range": 7.00567817688,
        "momentary": {
            "mean": -19.8056049347,
            "stdev": 6.39301538467
        },
        "short_term": {
            "mean": -18.9971790314,
            "stdev": 4.17643928528
        }
    },
    "melbands_crest": {
        "mean": 16.4061088562,
        "stdev": 5.67867708206
    },
    "melbands_flatness_db": {
        "mean": 0.32969647646,
        "stdev": 0.0604098550975
    },
    "melbands_kurtosis": {
        "mean": 19.6331729889,
        "stdev": 84.0942001343
    },
    "melbands_skewness": {
        "mean": 2.21720218658,
        "stdev": 2.42375564575
    },
    "melbands_spread": {
        "mean": 7.27043437958,
        "stdev": 5.76189899445
    },
    "pitch_salience": {
        "mean": 0.501538991928,
        "stdev": 0.132756128907
    },
    "silence_rate_20dB": {
        "mean": 1,
        "stdev": 0
    },
    "silence_rate_30dB": {
        "mean": 0.993722736835,
        "stdev": 0.0789749473333
    },
    "silence_rate_60dB": {
        "mean": 0.109306909144,
        "stdev": 0.312044113874
    },
    "spectral_centroid": {
        "mean": 495.736206055,
        "stdev": 282.590057373
    },
    "spectral_complexity": {
        "mean": 8.38483047485,
        "stdev": 3.11842346191
    },
    "spectral_decrease": {
        "mean": -5.54930634777e-09,
        "stdev": 5.57455326344e-09
    },
    "spectral_energy": {
        "mean": 0.0217110440135,
        "stdev": 0.0218421630561
    },
    "spectral_energyband_high": {
        "mean": 3.77470241801e-05,
        "stdev": 8.39604399516e-05
    },
    "spectral_energyband_low": {
        "mean": 0.00586676690727,
        "stdev": 0.00981610547751
    },
    "spectral_energyband_middle_high": {
        "mean": 0.00160150264855,
        "stdev": 0.00392082985491
    },
    "spectral_energyband_middle_low": {
        "mean": 0.0146472910419,
        "stdev": 0.0178302749991
    },
    "spectral_entropy": {
        "mean": 6.43092727661,
        "stdev": 0.584956467152
    },
    "spectral_flux": {
        "mean": 0.0512706786394,
        "stdev": 0.0381592176855
    },
    "spectral_kurtosis": {
        "mean": 15.6240663528,
        "stdev": 12.3698759079
    },
    "spectral_rms": {
        "mean": 0.00407813442871,
        "stdev": 0.00213314802386
    },
    "spectral_rolloff": {
        "mean": 528.073852539,
        "stdev": 441.264831543
    },
    "spectral_skewness": {
        "mean": 3.11275935173,
        "stdev": 1.02695131302
    },
    "spectral_spread": {
        "mean": 3675695,
        "stdev": 1812159.125
    },
    "spectral_strongpeak": {
        "mean": 1.0546900034,
        "stdev": 1.21403551102
    },
    "zerocrossingrate": {
        "mean": 0.0255996566266,
        "stdev": 0.0156799256802
    },
    "barkbands": {
        "mean": [2.4102430416e-06, 0.00249727023765, 0.00308499019593, 0.000941731152125, 0.00367493671365, 0.00366255058907, 0.00312693952583, 0.00179378932808, 0.00115017662756, 0.000550401106011, 0.000471211184049, 0.000167781676282, 0.000110482964374, 0.000115432812891, 0.000125823964481, 8.08854820207e-05, 8.50468713907e-05, 1.86130328075e-05, 9.58664350037e-06, 6.40225789539e-06, 3.91082721762e-06, 4.18341051045e-06, 4.98941517435e-06, 6.17355999566e-06, 7.13210420145e-06, 6.7785945248e-06, 1.3900396425e-06],
        "stdev": [4.316437753e-06, 0.00416827993467, 0.00730660092086, 0.00223251641728, 0.00677101919428, 0.00732337497175, 0.00958134513348, 0.00546537199989, 0.00432402454317, 0.00246187392622, 0.00245671486482, 0.000788742210716, 0.0010016123997, 0.000776422442868, 0.000596406403929, 0.000580529798754, 0.00042141409358, 0.000106444465928, 2.18711684283e-05, 1.21759239846e-05, 8.87927308213e-06, 1.22135206766e-05, 1.06321804196e-05, 1.18788339023e-05, 1.54376302817e-05, 2.80933745671e-05, 7.9542523963e-06]
    },
    "erbbands": {
        "mean": [0.0299629103392, 0.746959090233, 3.5484316349, 2.82210946083, 7.88124465942, 12.1051673889, 21.3162612915, 31.8688755035, 50.7648353577, 36.6655540466, 37.2403755188, 25.6076221466, 20.5189189911, 21.9546298981, 8.74815559387, 7.77451133728, 5.33663702011, 6.54788017273, 7.23881483078, 4.25884580612, 5.08134937286, 4.04099178314, 1.52684855461, 0.613317966461, 0.401615262032, 0.292520731688, 0.184762299061, 0.165912494063, 0.147633776069, 0.139920949936, 0.145788267255, 0.120225414634, 0.104924194515, 0.0787327587605, 0.0509398654103, 0.0303281247616, 0.0118767526001, 0.00284229661338, 0.000242514855927, 3.04480745399e-05],
        "stdev": [0.0575037747622, 1.20457613468, 7.76986217499, 4.90937328339, 17.1710205078, 23.9056968689, 53.6383018494, 65.6305847168, 148.502502441, 94.5034332275, 111.259269714, 94.4049224854, 92.0106124878, 89.8138122559, 30.593372345, 38.4864311218, 39.2899017334, 39.4461593628, 33.9582748413, 22.5220088959, 31.2692584991, 19.7164020538, 7.9856467247, 1.54512953758, 0.80752325058, 0.537470400333, 0.434244900942, 0.344820290804, 0.487854540348, 0.321795672178, 0.315018087626, 0.243848666549, 0.205834001303, 0.155998110771, 0.123660579324, 0.108593508601, 0.0542994141579, 0.0146891558543, 0.00132609228604, 4.46621888841e-05]
    },
    "gfcc": {
        "mean": [-106.41860199, 145.315155029, -86.8533325195, 10.4259023666, -69.7189788818, 4.97591352463, -46.9574432373, 6.66336011887, -16.4527263641, -7.56893110275, -6.81868886948, -8.6452665329, -4.80689334869],
        "cov": [[8119.328125, -42.0839195251, -151.786712646, -301.304321289, 145.714447021, 8.55396461487, -208.413131714, 89.2827072144, -165.986938477, 166.856704712, -330.822784424, 104.459770203, -198.358139038], [-42.0839195251, 1382.40881348, -383.954101562, -12.3975458145, 58.2617454529, -111.655158997, 47.9532852173, -143.695571899, 233.355819702, -232.498046875, 253.141067505, -218.169494629, 214.587402344], [-151.786712646, -383.954101562, 963.18371582, 182.807662964, -5.39344263077, 175.523971558, 52.9212112427, 45.7077140808, -144.372543335, 104.809112549, -80.4803771973, 110.761222839, -113.768791199], [-301.304321289, -12.3975458145, 182.807662964, 434.043151855, 31.2043247223, 126.338989258, 99.7862091064, 56.028755188, 1.09403467178, 12.0822544098, 55.3866424561, -22.3836784363, -4.79322719574], [145.714447021, 58.2617454529, -5.39344263077, 31.2043247223, 315.900634766, 47.1489448547, 91.2245025635, 30.4548606873, 81.9266967773, 53.6258926392, -13.8449354172, 27.8405609131, -22.4569396973], [8.55396461487, -111.655158997, 175.523971558, 126.338989258, 47.1489448547, 284.508056641, 85.6295394897, 85.4586181641, -43.2460021973, 39.0740127563, 5.93311548233, 14.9926395416, -6.4578871727], [-208.413131714, 47.9532852173, 52.9212112427, 99.7862091064, 91.2245025635, 85.6295394897, 231.914581299, 60.8947982788, 39.1015357971, 12.2537651062, 32.7897987366, 24.4282894135, 6.77448749542], [89.2827072144, -143.695571899, 45.7077140808, 56.028755188, 30.4548606873, 85.4586181641, 60.8947982788, 178.583312988, 42.6330413818, 56.4382095337, -17.3054790497, 28.1075706482, -9.70045375824], [-165.986938477, 233.355819702, -144.372543335, 1.09403467178, 81.9266967773, -43.2460021973, 39.1015357971, 42.6330413818, 196.182632446, 13.3125581741, 62.4068145752, -39.0061607361, 47.4281082153], [166.856704712, -232.498046875, 104.809112549, 12.0822544098, 53.6258926392, 39.0740127563, 12.2537651062, 56.4382095337, 13.3125581741, 164.201705933, -7.80465126038, 64.6561965942, -63.7251052856], [-330.822784424, 253.141067505, -80.4803771973, 55.3866424561, -13.8449354172, 5.93311548233, 32.7897987366, -17.3054790497, 62.4068145752, -7.80465126038, 177.033096313, -18.8416461945, 60.7098007202], [104.459770203, -218.169494629, 110.761222839, -22.3836784363, 27.8405609131, 14.9926395416, 24.4282894135, 28.1075706482, -39.0061607361, 64.6561965942, -18.8416461945, 146.883682251, -10.6804656982], [-198.358139038, 214.587402344, -113.768791199, -4.79322719574, -22.4569396973, -6.4578871727, 6.77448749542, -9.70045375824, 47.4281082153, -63.7251052856, 60.7098007202, -10.6804656982, 135.617980957]],
        "icov": [[0.000176877641934, -0.000296271522529, 0.000118913951155, 4.87747001898e-06, -8.4944158516e-06, -6.69896326144e-05, 0.000200919646886, -0.000248850468779, 0.000340996717568, -0.00037473870907, 0.000490550184622, -0.000295013596769, 0.000256822095253], [-0.000296271522529, 0.00288605829701, -0.000440525589511, 0.000439416820882, -0.00086473301053, 0.000348715577275, -0.000724321755115, 0.00149557786062, -0.00198741420172, 0.0026539422106, -0.00310220406391, 0.00263439398259, -0.00179910729639], [0.000118913951155, -0.000440525589511, 0.00171504437458, -0.000669978966471, 0.000423505203798, -0.000781841459684, 8.04588416941e-05, 0.000119233423902, 0.000649515422992, -0.000793231767602, 0.00109765562229, -0.00142704404425, 0.00111980037764], [4.87747001898e-06, 0.000439416820882, -0.000669978966471, 0.00332991010509, -0.000415696267737, -0.000487785669975, -0.000865424110088, -0.000560962827876, 0.000204165029572, 0.000496264081448, -0.00169182568789, 0.00164792500436, -0.000172538319021], [-8.4944158516e-06, -0.00086473301053, 0.000423505203798, -0.000415696267737, 0.00516721094027, -0.00142585893627, -0.00121336034499, 0.00127645174507, -0.00273193302564, -0.00123774877284, 0.0024096025154, -0.00228158896789, 0.00175152742304], [-6.69896326144e-05, 0.000348715577275, -0.000781841459684, -0.000487785669975, -0.00142585893627, 0.00631889188662, -0.00129727402236, -0.0027764046099, 0.00335696339607, -0.00108381698374, -0.0013710729545, 0.00248105777428, -0.00226597720757], [0.000200919646886, -0.000724321755115, 8.04588416941e-05, -0.000865424110088, -0.00121336034499, -0.00129727402236, 0.00664951838553, -0.00167818786576, -0.000416840368416, 0.0010124706896, -0.00023164335289, -0.00232490361668, 0.0013040995691], [-0.000248850468779, 0.00149557786062, 0.000119233423902, -0.000560962827876, 0.00127645174507, -0.0027764046099, -0.00167818786576, 0.0102875158191, -0.00522551080212, -0.000395867216866, 0.00112793664448, -0.000541613146197, -0.000657520547975], [0.000340996717568, -0.00198741420172, 0.000649515422992, 0.000204165029572, -0.00273193302564, 0.00335696339607, -0.000416840368416, -0.00522551080212, 0.0131826754659, -0.00512028392404, -0.000579795218073, 0.0030559215229, -0.00296592875384], [-0.00037473870907, 0.0026539422106, -0.000793231767602, 0.000496264081448, -0.00123774877284, -0.00108381698374, 0.0010124706896, -0.000395867216866, -0.00512028392404, 0.0146590527147, -0.00483312737197, -0.00294275139458, 0.00487979361787], [0.000490550184622, -0.00310220406391, 0.00109765562229, -0.00169182568789, 0.0024096025154, -0.0013710729545, -0.00023164335289, 0.00112793664448, -0.000579795218073, -0.00483312737197, 0.0124107534066, -0.00303984852508, -0.000950296700466], [-0.000295013596769, 0.00263439398259, -0.00142704404425, 0.00164792500436, -0.00228158896789, 0.00248105777428, -0.00232490361668, -0.000541613146197, 0.0030559215229, -0.00294275139458, -0.00303984852508, 0.0142160756513, -0.0058921398595], [0.000256822095253, -0.00179910729639, 0.00111980037764, -0.000172538319021, 0.00175152742304, -0.00226597720757, 0.0013040995691, -0.000657520547975, -0.00296592875384, 0.00487979361787, -0.000950296700466, -0.0058921398595, 0.0148908188567]]
    },
    "melbands": {
        "mean": [0.000492082675919, 0.00157690315973, 0.000667290820275, 0.000731147010811, 0.000703954603523, 0.000710940279532, 0.000760742928833, 0.000396340619773, 0.000296697864542, 0.00015296296624, 9.76119408733e-05, 8.44776441227e-05, 3.94617418351e-05, 2.06584372791e-05, 1.16984601846e-05, 1.42143871926e-05, 1.18838488561e-05, 1.08475587695e-05, 8.58160456119e-06, 5.78173467147e-06, 5.72916724195e-06, 4.91197033625e-06, 1.8863980813e-06, 8.68410495514e-07, 4.66903173901e-07, 2.78772063211e-07, 2.67483500238e-07, 1.81899650897e-07, 1.2082553269e-07, 8.95484362218e-08, 1.03620095615e-07, 9.00272354443e-08, 6.63465300477e-08, 8.34486826307e-08, 8.99320724557e-08, 6.92995811846e-08, 7.60919576237e-08, 6.97515076808e-08, 7.93003067656e-08, 6.15184205799e-08],
        "stdev": [0.000859870982822, 0.00300448574126, 0.0011412021704, 0.00138349144254, 0.00164716667496, 0.00145242828876, 0.00224306690507, 0.0010909618577, 0.000967935833614, 0.000591016490944, 0.000458995637018, 0.000337530509569, 0.000178581089131, 9.26031425479e-05, 4.79190639453e-05, 0.00013633321214, 8.33990925457e-05, 5.61437263968e-05, 4.22614284616e-05, 4.32847737102e-05, 3.69768567907e-05, 2.59113403445e-05, 1.06760899143e-05, 4.80687276649e-06, 1.26311203985e-06, 6.47887475225e-07, 5.4418774198e-07, 3.46528764794e-07, 3.07221199591e-07, 2.4567299306e-07, 2.11630833746e-07, 3.05460474692e-07, 2.10835523262e-07, 1.84043599916e-07, 1.97712623162e-07, 1.52376912865e-07, 1.52352029659e-07, 1.47790416349e-07, 1.45666859908e-07, 1.29131834115e-07]
    },
    "melbands128": {
        "mean": [1.35637901622e-06, 7.93916697148e-05, 0.000637457706034, 0.00138236011844, 0.00201927078888, 0.00127365626395, 0.000442838500021, 0.000579374842346, 0.0008592120721, 0.000787661701906, 0.000658366305288, 0.000663137121592, 0.000789328361861, 0.000656367163174, 0.000687783700414, 0.000795374973677, 0.000653867551591, 0.000980578246526, 0.000571666751057, 0.000312065705657, 0.000451129308203, 0.000296440673992, 0.000324067979818, 0.000264570990112, 0.000130408312543, 0.000152765976964, 8.97708232515e-05, 0.000129935608129, 5.3223757277e-05, 5.45244038221e-05, 0.000125076709082, 9.47654771153e-05, 1.07613514047e-05, 2.55791001109e-05, 1.20570348372e-05, 2.45063656621e-05, 2.72921861324e-05, 8.84794917511e-06, 4.30872478319e-06, 1.02817339211e-05, 2.46820764005e-05, 7.16710383131e-06, 1.14705335363e-05, 1.54423123604e-05, 7.53946733312e-06, 1.08898711915e-05, 1.37567785714e-05, 1.27696093841e-05, 3.63731896869e-06, 2.02537830774e-06, 8.70039366418e-06, 5.69859548705e-06, 6.30719523542e-06, 5.25910081706e-06, 6.07990659773e-06, 5.48126581634e-06, 3.02166836263e-06, 2.45686169364e-06, 1.04406683477e-06, 1.86209990716e-06, 6.81808273839e-07, 3.49398504795e-07, 6.06339995102e-07, 4.65979979936e-07, 3.21676992598e-07, 2.24929380011e-07, 2.93067017765e-07, 3.22623009197e-07, 2.71821591014e-07, 1.87105769101e-07, 1.8417169656e-07, 1.74628496552e-07, 1.54213097403e-07, 9.44559204186e-08, 1.13737790741e-07, 8.70339036396e-08, 8.33227318253e-08, 7.86059004554e-08, 1.13141027214e-07, 1.21559352806e-07, 9.85153292277e-08, 7.48289110675e-08, 7.18313373227e-08, 5.65102489247e-08, 7.41333110454e-08, 7.07962541924e-08, 9.28323871108e-08, 9.82917995884e-08, 9.26767995679e-08, 8.38509848222e-08, 6.5706451835e-08, 6.84140601948e-08, 6.7361263234e-08, 7.79522224548e-08, 8.53974242432e-08, 6.30324095141e-08, 6.97944102512e-08, 6.92526782586e-08, 8.49884074228e-08, 8.55326618421e-08, 6.26318978902e-08, 5.41037188384e-08, 6.38973176592e-08, 5.39697353474e-08, 6.36147490241e-08, 5.2344720558e-08, 5.33203063924e-08, 5.78500802817e-08, 5.89688298192e-08, 4.63341613965e-08, 4.27422897076e-08, 4.21127097638e-08, 3.82733631454e-08, 3.29903535601e-08, 2.95503976844e-08, 2.87366415108e-08, 2.07593302548e-08, 1.43572762568e-08, 1.00931103475e-08, 7.13036296673e-09, 4.60814586489e-09, 2.76043810032e-09, 1.51399137671e-09, 5.46485134922e-10, 1.83994874892e-10, 4.88657898867e-11, 8.65126286581e-12, 4.70338525072e-12],
        "stdev": [3.0305063774e-06, 0.000187536308658, 0.00136715918779, 0.00232246075757, 0.00425660191104, 0.00302229542285, 0.000871935510077, 0.00141835713293, 0.00224109576084, 0.0019545997493, 0.00161580753047, 0.0021068174392, 0.00239472370595, 0.00208493531682, 0.00162490492221, 0.00248903245665, 0.00221759011038, 0.0040127732791, 0.00193482602481, 0.00113659817725, 0.00187110807747, 0.00119202572387, 0.00131171243265, 0.00147270818707, 0.000711735105142, 0.000865272188094, 0.000411077402532, 0.000891277217306, 0.000251803023275, 0.000242005451582, 0.000635386095382, 0.000583234825172, 4.13196576119e-05, 0.000144377685501, 7.32301996322e-05, 0.00016126690025, 0.000162580414326, 4.98416484334e-05, 2.32157599385e-05, 8.96329656825e-05, 0.000288229057333, 6.38671263005e-05, 8.74966717674e-05, 0.000154625158757, 8.15898092696e-05, 7.32861226425e-05, 9.33178162086e-05, 8.71202209964e-05, 2.09897316381e-05, 6.1807280872e-05, 7.76169108576e-05, 4.49693216069e-05, 8.16704705358e-05, 4.06166145694e-05, 4.85043965455e-05, 4.53517386632e-05, 2.05060587177e-05, 2.39176515606e-05, 6.35766173218e-06, 1.82108960871e-05, 2.91866899715e-06, 2.6056304705e-06, 1.92768811758e-06, 1.64039977335e-06, 1.48267690747e-06, 6.38812650777e-07, 9.19793876619e-07, 8.22311449156e-07, 8.13730594018e-07, 5.6575470353e-07, 4.00265037115e-07, 4.61246543182e-07, 5.00811665916e-07, 3.07108479092e-07, 3.31018014776e-07, 3.50179135467e-07, 2.42547656626e-07, 2.10695574765e-07, 2.34711180269e-07, 2.93634968784e-07, 3.68953834595e-07, 3.33709266442e-07, 3.6435770312e-07, 1.86401010183e-07, 1.81185313863e-07, 2.00712250376e-07, 2.05331261327e-07, 2.22941395123e-07, 2.28395904855e-07, 2.32187986171e-07, 1.55170425842e-07, 1.6867303998e-07, 1.73435111606e-07, 1.70437871816e-07, 1.73108873014e-07, 1.49955113216e-07, 1.79353435215e-07, 1.43947914921e-07, 1.60201508947e-07, 1.6801081415e-07, 1.51624917066e-07, 1.22875860598e-07, 1.4504955459e-07, 1.31250502022e-07, 1.59365640684e-07, 1.51278698013e-07, 1.70374406139e-07, 2.09933574524e-07, 2.34743524175e-07, 1.89851320442e-07, 2.04363544754e-07, 2.1541174533e-07, 1.8960155046e-07, 1.74193402813e-07, 1.54011573272e-07, 1.54842766165e-07, 1.16335861833e-07, 9.41304634239e-08, 6.45033040314e-08, 4.71270631408e-08, 3.40903625329e-08, 2.0041529325e-08, 1.35259234924e-08, 6.78991973757e-09, 3.13384673767e-09, 8.62060312024e-10, 2.69698319233e-10, 2.19830612047e-10]
    },
    "mfcc": {
        "mean": [-758.484191895, 175.693893433, 34.8209533691, 9.17346191406, 4.68947935104, -10.7420635223, -9.07289886475, -0.506653606892, -5.31090354919, -0.977678477764, -2.66827201843, 0.244109749794, -1.76208817959],
        "cov": [[4749.63720703, 412.76373291, -525.047668457, 24.8354110718, 85.0835723877, 30.1660900116, -26.9226036072, -21.5547332764, 104.096946716, 25.0678882599, -1.69247424603, -3.22728490829, 10.2166414261], [412.76373291, 1148.63049316, -187.864379883, -55.519493103, 57.4304199219, -51.6651382446, -93.3955841064, -13.3740215302, -25.9361476898, 15.2912874222, -36.4828224182, -24.3316078186, -13.9235095978], [-525.047668457, -187.864379883, 718.049194336, 73.1303939819, 30.7255706787, 104.003913879, 140.904754639, 45.7153625488, -23.8683929443, 4.04815673828, 33.390209198, -15.2448883057, -23.2034664154], [24.8354110718, -55.519493103, 73.1303939819, 274.46963501, 47.1731033325, 62.6161994934, 50.6023979187, 44.3345069885, 19.9230136871, 32.6711349487, 40.299747467, 31.4615631104, 8.61540699005], [85.0835723877, 57.4304199219, 30.7255706787, 47.1731033325, 185.524581909, 61.1644096375, 13.7706794739, 17.7493476868, 32.9666137695, 26.47590065, 26.8772010803, 19.2569885254, 21.0658359528], [30.1660900116, -51.6651382446, 104.003913879, 62.6161994934, 61.1644096375, 179.599899292, 110.490882874, 42.6317939758, 24.0010643005, 20.1489238739, 24.1655197144, 15.8664522171, 14.7171096802], [-26.9226036072, -93.3955841064, 140.904754639, 50.6023979187, 13.7706794739, 110.490882874, 198.943145752, 87.6174316406, 23.4626274109, 21.4521694183, 28.3759670258, 18.2806949615, 18.4889793396], [-21.5547332764, -13.3740215302, 45.7153625488, 44.3345069885, 17.7493476868, 42.6317939758, 87.6174316406, 131.296478271, 72.0280838013, 22.7819862366, 8.45061206818, 19.682226181, 26.4161071777], [104.096946716, -25.9361476898, -23.8683929443, 19.9230136871, 32.9666137695, 24.0010643005, 23.4626274109, 72.0280838013, 135.304260254, 59.2403564453, 9.02516937256, 16.2614688873, 26.4697666168], [25.0678882599, 15.2912874222, 4.04815673828, 32.6711349487, 26.47590065, 20.1489238739, 21.4521694183, 22.7819862366, 59.2403564453, 104.995391846, 59.3215904236, 16.1115245819, 2.3327434063], [-1.69247424603, -36.4828224182, 33.390209198, 40.299747467, 26.8772010803, 24.1655197144, 28.3759670258, 8.45061206818, 9.02516937256, 59.3215904236, 118.76852417, 59.3937225342, 0.498482376337], [-3.22728490829, -24.3316078186, -15.2448883057, 31.4615631104, 19.2569885254, 15.8664522171, 18.2806949615, 19.682226181, 16.2614688873, 16.1115245819, 59.3937225342, 113.3176651, 63.8417320251], [10.2166414261, -13.9235095978, -23.2034664154, 8.61540699005, 21.0658359528, 14.7171096802, 18.4889793396, 26.4161071777, 26.4697666168, 2.3327434063, 0.498482376337, 63.8417320251, 120.112281799]],
        "icov": [[0.000248657685006, -8.88426948222e-05, 0.00019213174528, -7.74369909777e-05, -5.36195693712e-05, -5.05240459461e-05, -0.000196761830011, 0.000304819695884, -0.000390921457438, 0.000268248229986, -0.000181540774065, 0.000147056052811, -6.40453390588e-06], [-8.88426948222e-05, 0.00107052817475, 0.000157272996148, 0.000247649935773, -0.000516422849614, 2.69309784926e-05, 0.00059727684129, -0.00089581834618, 0.00117895985022, -0.00111737265252, 0.000821887922939, -0.000245105533395, 0.000225375784794], [0.00019213174528, 0.000157272996148, 0.00193114532158, -0.0002311590506, -0.000329945090925, -0.000342419196386, -0.0010449354304, -8.16639585537e-05, 0.000419655349106, 0.000263020163402, -0.000544529058971, 0.000733606982976, 0.000184907228686], [-7.74369909777e-05, 0.000247649935773, -0.0002311590506, 0.00444952491671, -0.000662157079205, -0.000998120056465, 0.000535074970685, -0.00171804742422, 0.00117092637811, -0.00133193249349, 9.8236145277e-05, -0.00109336501919, 0.000553955615032], [-5.36195693712e-05, -0.000516422849614, -0.000329945090925, -0.000662157079205, 0.00707900803536, -0.00265160598792, 0.0014592128573, 0.000263470137725, -0.00158991722856, 0.000477381952805, -0.00174829631578, 0.000728637329303, -0.00130968308076], [-5.05240459461e-05, 2.69309784926e-05, -0.000342419196386, -0.000998120056465, -0.00265160598792, 0.0102267349139, -0.00576743297279, 0.00196810229681, -0.00128478207625, 0.000462782540126, 0.000119908057968, -0.000107613865111, 1.06445249912e-05], [-0.000196761830011, 0.00059727684129, -0.0010449354304, 0.000535074970685, 0.0014592128573, -0.00576743297279, 0.0124189211056, -0.00798267498612, 0.00381753733382, -0.00200818269514, -0.000741860247217, 0.000390847068047, -0.000866509566549], [0.000304819695884, -0.00089581834618, -8.16639585537e-05, -0.00171804742422, 0.000263470137725, 0.00196810229681, -0.00798267498612, 0.0180507525802, -0.0104267792776, 0.00418638670817, -0.000686188344844, -0.000223163850023, -0.000712805020157], [-0.000390921457438, 0.00117895985022, 0.000419655349106, 0.00117092637811, -0.00158991722856, -0.00128478207625, 0.00381753733382, -0.0104267792776, 0.0183599330485, -0.0116206584498, 0.00580195244402, -0.00219780183397, -0.000367518456187], [0.000268248229986, -0.00111737265252, 0.000263020163402, -0.00133193249349, 0.000477381952805, 0.000462782540126, -0.00200818269514, 0.00418638670817, -0.0116206584498, 0.0225741118193, -0.01346233394, 0.00619183573872, -0.00187072088011], [-0.000181540774065, 0.000821887922939, -0.000544529058971, 9.8236145277e-05, -0.00174829631578, 0.000119908057968, -0.000741860247217, -0.000686188344844, 0.00580195244402, -0.01346233394, 0.0227271765471, -0.014170945622, 0.00697614531964], [0.000147056052811, -0.000245105533395, 0.000733606982976, -0.00109336501919, 0.000728637329303, -0.000107613865111, 0.000390847068047, -0.000223163850023, -0.00219780183397, 0.00619183573872, -0.014170945622, 0.0223247762769, -0.0113895684481], [-6.40453390588e-06, 0.000225375784794, 0.000184907228686, 0.000553955615032, -0.00130968308076, 1.06445249912e-05, -0.000866509566549, -0.000712805020157, -0.000367518456187, -0.00187072088011, 0.00697614531964, -0.0113895684481, 0.0150088649243]]
    },
    "spectral_contrast_coeffs": {
        "mean": [-0.673464715481, -0.698022544384, -0.728851914406, -0.781590461731, -0.809915423393, -0.828515410423],
        "stdev": [0.0868741646409, 0.0932391062379, 0.0796231999993, 0.0671130269766, 0.0438103228807, 0.0242691971362]
    },
    "spectral_contrast_valleys": {
        "mean": [-7.06092834473, -6.99059724808, -8.45456409454, -9.33630371094, -9.41868686676, -11.5172109604],
        "stdev": [1.03754210472, 0.946707308292, 0.917814195156, 0.881864607334, 0.893876135349, 0.979437887669]
    }
},
"rhythm": {
    "beats_count": 1151,
    "beats_loudness": {
        "mean": 0.0317682437599,
        "stdev": 0.0266031753272
    },
    "bpm": 164.125106812,
    "bpm_histogram_first_peak_bpm": 167,
    "bpm_histogram_first_peak_weight": 0,
    "bpm_histogram_second_peak_bpm": 161,
    "bpm_histogram_second_peak_spread": 0.213692963123,
    "bpm_histogram_second_peak_weight": 0.329565227032,
    "danceability": 1.08132231236,
    "onset_rate": 4.35009670258,
    "beats_loudness_band_ratio": {
        "mean": [0.390065073967, 0.335030138493, 0.269129812717, 0.0565588288009, 0.0139251844957, 0.00456353230402],
        "stdev": [0.282437294722, 0.244428604841, 0.234719261527, 0.113143406808, 0.0324219539762, 0.0092740599066]
    },
