{
"metadata": {
    "version": {
        "essentia": "2.1-dev",
        "essentia_git_sha": "v2.1_beta3-415-gd5473f3",
        "extractor": "music 2.0"
    },
    "audio_properties": {
        "analysis": {
            "equal_loudness": 0,
            "length": 160.653060913,
            "sample_rate": 44100,
            "start_time": 0,
            "downmix": "mix"
        },
        "bit_rate": 192000,
        "length": 160.653060913,
        "lossless": 0,
        "number_channels": 2,
        "replay_gain": -8.96469306946,
        "sample_rate": 44100,
        "codec": "mp3",
        "md5_encoded": "f70dd24651544bde67752b90dcf86dff"
    },
    "tags": {
        "file_name": "almstedt_lind_kvartetten-fascinating_rhythm.mp3",
        "album": ["Svensk Jazzhistoria Vol 8 "],
        "artist": ["Almstedt\/lind-Kvartetten"],
        "date": ["2002"],
        "genre": ["Jazz"],
        "title": ["Fascinating Rhythm "]
    }
},
"lowlevel": {
    "average_loudness": 0.923385381699,
    "barkbands_crest": {
        "mean": 12.287399292,
        "stdev": 4.16637945175
    },
    "barkbands_flatness_db": {
        "mean": 0.227657988667,
        "stdev": 0.067976847291
    },
    "barkbands_kurtosis": {
        "mean": 9.86594867706,
        "stdev": 21.9744625092
    },
    "barkbands_skewness": {
        "mean": 1.79402947426,
        "stdev": 1.74159085751
    },
    "barkbands_spread": {
        "mean": 10.8153429031,
        "stdev": 9.79486846924
    },
    "dissonance": {
        "mean": 0.417808294296,
        "stdev": 0.0534610338509
    },
    "dynamic_complexity": 3.45929598808,
    "erbbands_crest": {
        "mean": 12.9585580826,
        "stdev": 5.70705509186
    },
    "erbbands_flatness_db": {
        "mean": 0.221218988299,
        "stdev": 0.0675925314426
    },
    "erbbands_kurtosis": {
        "mean": 2.50138378143,
        "stdev": 6.36490058899
    },
    "erbbands_skewness": {
        "mean": 0.888903975487,
        "stdev": 0.982638299465
    },
    "erbbands_spread": {
        "mean": 27.2378959656,
        "stdev": 20.3327083588
    },
    "hfc": {
        "mean": 13.1969404221,
        "stdev": 16.5312232971
    },
    "loudness_ebu128": {
        "integrated": -15.7737083435,
        "loudness_range": 3.13440704346,
        "momentary": {
            "mean": -21.3270320892,
            "stdev": 35.5065727234
        },
        "short_term": {
            "mean": -16.4207668304,
            "stdev": 4.79452753067
        }
    },
    "melbands_crest": {
        "mean": 16.8585014343,
        "stdev": 6.19317531586
    },
    "melbands_flatness_db": {
        "mean": 0.286722034216,
        "stdev": 0.0875070095062
    },
    "melbands_kurtosis": {
        "mean": 20.9675445557,
        "stdev": 48.1090812683
    },
    "melbands_skewness": {
        "mean": 2.49329257011,
        "stdev": 2.35901260376
    },
    "melbands_spread": {
        "mean": 14.2351636887,
        "stdev": 19.4560012817
    },
    "pitch_salience": {
        "mean": 0.480323910713,
        "stdev": 0.128003582358
    },
    "silence_rate_20dB": {
        "mean": 1,
        "stdev": 0
    },
    "silence_rate_30dB": {
        "mean": 0.998699426651,
        "stdev": 0.0360408835113
    },
    "silence_rate_60dB": {
        "mean": 0.0686416178942,
        "stdev": 0.252844542265
    },
    "spectral_centroid": {
        "mean": 957.893066406,
        "stdev": 1509.38989258
    },
    "spectral_complexity": {
        "mean": 9.50346851349,
        "stdev": 5.74585819244
    },
    "spectral_decrease": {
        "mean": -5.96770144412e-09,
        "stdev": 4.59279014819e-09
    },
    "spectral_energy": {
        "mean": 0.023720446974,
        "stdev": 0.0184923186898
    },
    "spectral_energyband_high": {
        "mean": 0.000186594144907,
        "stdev": 0.000469618098577
    },
    "spectral_energyband_low": {
        "mean": 0.00625024689361,
        "stdev": 0.00952146947384
    },
    "spectral_energyband_middle_high": {
        "mean": 0.00364257511683,
        "stdev": 0.00832255929708
    },
    "spectral_energyband_middle_low": {
        "mean": 0.0140742762014,
        "stdev": 0.013213980943
    },
    "spectral_entropy": {
        "mean": 6.81966686249,
        "stdev": 0.809721171856
    },
    "spectral_flux": {
        "mean": 0.0609384961426,
        "stdev": 0.0386666469276
    },
    "spectral_kurtosis": {
        "mean": 9.36679077148,
        "stdev": 8.50781822205
    },
    "spectral_rms": {
        "mean": 0.00440303562209,
        "stdev": 0.0019378332654
    },
    "spectral_rolloff": {
        "mean": 1151.31494141,
        "stdev": 2608.01000977
    },
    "spectral_skewness": {
        "mean": 2.16321659088,
        "stdev": 0.956842780113
    },
    "spectral_spread": {
        "mean": 4333791,
        "stdev": 5287321
    },
    "spectral_strongpeak": {
        "mean": 1.37826442719,
        "stdev": 1.64612364769
    },
    "zerocrossingrate": {
        "mean": 0.043254237622,
        "stdev": 0.0683987811208
    },
    "barkbands": {
        "mean": [9.23599509406e-06, 0.00194210838526, 0.00403394177556, 0.000586072506849, 0.00340886809863, 0.00179131515324, 0.00275371060707, 0.00234544859268, 0.00281152641401, 0.00081770226825, 0.000422596815042, 0.000544253212865, 0.000586403708439, 0.000667243031785, 0.000279865926132, 0.000159911840456, 0.000124020225485, 0.00016412732657, 5.69441726839e-05, 5.39792672498e-05, 7.19431045582e-05, 3.49086585629e-05, 2.09338959394e-05, 1.97914741875e-05, 1.21306538858e-05, 1.5019940065e-06, 4.07487821263e-09],
        "stdev": [9.79569176707e-06, 0.00273598730564, 0.00730984378606, 0.000960876990575, 0.00477977143601, 0.00325953448191, 0.00529294181615, 0.00532461935654, 0.00743609340861, 0.00398035068065, 0.00252031884156, 0.00209976010956, 0.00268382113427, 0.00388524471782, 0.0011859718943, 0.000981812016107, 0.000415152142523, 0.00073034997331, 0.000194991982426, 0.00014155547251, 0.000183007563464, 9.1466899903e-05, 5.55536789761e-05, 5.37495361641e-05, 3.58330216841e-05, 4.45758723799e-06, 2.13854711717e-08]
    },
    "erbbands": {
        "mean": [0.0143831865862, 0.641291379929, 4.59311962128, 2.69138169289, 6.40622615814, 14.5050678253, 10.943936348, 15.7790737152, 30.1668987274, 43.6248054504, 68.6203765869, 56.8648071289, 32.6474838257, 22.3459625244, 13.1037425995, 22.6007175446, 29.9017391205, 40.3745117188, 17.0528945923, 10.2882652283, 10.0161752701, 6.39894294739, 8.99489688873, 5.24140405655, 2.63469862938, 2.40065336227, 2.99831271172, 2.38354897499, 1.3083562851, 0.848392426968, 0.571094751358, 0.410395473242, 0.346515595913, 0.178963318467, 0.0604643858969, 0.0124983154237, 0.00195954809897, 9.12406103453e-05, 1.51010017362e-05, 2.75418024103e-05],
        "stdev": [0.0164260659367, 0.928627371788, 8.08766365051, 3.44864249229, 8.63464260101, 25.5274734497, 19.1101837158, 32.2317466736, 54.6942596436, 78.6928253174, 161.479537964, 162.030776978, 133.782577515, 116.761505127, 71.3023300171, 78.6049575806, 108.592880249, 227.983886719, 59.2801971436, 36.0953521729, 58.713054657, 17.7884979248, 38.9209823608, 24.4564552307, 7.09395503998, 6.21027898788, 7.73785829544, 6.01846885681, 3.42358851433, 2.25612473488, 1.52800214291, 1.10442864895, 0.970714151859, 0.517162501812, 0.182470202446, 0.0384290777147, 0.00511436956003, 0.000277912738966, 1.4517652744e-05, 2.16882235691e-05]
    },
    "gfcc": {
        "mean": [-96.3843002319, 132.86882019, -113.110496521, 26.6927204132, -61.8935928345, 9.00282287598, -33.8459510803, -3.05118918419, -17.2883281708, -0.415071427822, -12.0845508575, -12.8965024948, -11.0258188248],
        "cov": [[28234.4453125, 2611.28857422, -3354.96191406, 502.764343262, -1662.54333496, 133.3800354, -1063.43884277, -0.311464309692, -469.783935547, -4.29379463196, -262.104827881, -378.6378479, -218.044113159], [2611.28857422, 1681.40722656, -152.218597412, -484.024078369, 41.4865264893, -163.022766113, 10.1462936401, -278.985778809, 141.066543579, -41.4348983765, 102.194824219, -85.568359375, -28.5921783447], [-3354.96191406, -152.218597412, 1196.89147949, 398.257232666, 108.185455322, 118.979988098, 175.943145752, -42.1474456787, -38.115688324, -9.51306724548, 53.6235198975, 73.4980010986, 62.2356567383], [502.764343262, -484.024078369, 398.257232666, 819.14654541, -15.7548379898, 215.554580688, 30.0694789886, 140.170455933, -148.593597412, -26.4088363647, -59.1779060364, 38.2411155701, 6.85053634644], [-1662.54333496, 41.4865264893, 108.185455322, -15.7548379898, 461.990936279, 47.7089157104, 171.191467285, 7.82100200653, 93.7685699463, -57.1139259338, -0.340958446264, -22.0916137695, -16.3173503876], [133.3800354, -163.022766113, 118.979988098, 215.554580688, 47.7089157104, 226.94744873, 86.4435882568, 65.9131393433, -58.5902175903, -20.1333122253, -36.9128608704, 0.62566024065, 12.6650400162], [-1063.43884277, 10.1462936401, 175.943145752, 30.0694789886, 171.191467285, 86.4435882568, 223.281738281, 71.5578308105, 48.594127655, -54.7084846497, -30.309715271, -26.1927776337, 4.39270067215], [-0.311464309692, -278.985778809, -42.1474456787, 140.170455933, 7.82100200653, 65.9131393433, 71.5578308105, 201.307327271, 37.4826469421, -7.62831306458, -71.1744003296, -17.0438137054, -14.8373441696], [-469.783935547, 141.066543579, -38.115688324, -148.593597412, 93.7685699463, -58.5902175903, 48.594127655, 37.4826469421, 167.958236694, 57.7660102844, 16.1511955261, -55.2779312134, -47.8841972351], [-4.29379463196, -41.4348983765, -9.51306724548, -26.4088363647, -57.1139259338, -20.1333122253, -54.7084846497, -7.62831306458, 57.7660102844, 155.126174927, 65.7101745605, -4.51001310349, -54.4740333557], [-262.104827881, 102.194824219, 53.6235198975, -59.1779060364, -0.340958446264, -36.9128608704, -30.309715271, -71.1744003296, 16.1511955261, 65.7101745605, 126.191390991, 61.4055328369, -6.13432312012], [-378.6378479, -85.568359375, 73.4980010986, 38.2411155701, -22.0916137695, 0.62566024065, -26.1927776337, -17.0438137054, -55.2779312134, -4.51001310349, 61.4055328369, 138.639511108, 60.4662475586], [-218.044113159, -28.5921783447, 62.2356567383, 6.85053634644, -16.3173503876, 12.6650400162, 4.39270067215, -14.8373441696, -47.8841972351, -54.4740333557, -6.13432312012, 60.4662475586, 105.010108948]],
        "icov": [[0.000387507781852, -0.00105273595545, 0.00110093888361, -0.00097146735061, 0.000756583933253, -0.000721115444321, 0.00096319190925, -0.000841571949422, 0.000873816781677, -0.00020915735513, -9.87819294096e-05, 0.000758303562179, -0.000178244459676], [-0.00105273595545, 0.0041337646544, -0.00269130268134, 0.00248752394691, -0.00124229409266, 0.00156110303942, -0.00325778825209, 0.00483321910724, -0.00486098043621, 0.00248035416007, -0.000581807456911, -0.00179233355448, 0.000878413091414], [0.00110093888361, -0.00269130268134, 0.00480248266831, -0.00402450654656, 0.00267449230887, -0.00186527753249, 0.000512404658366, 0.000104693579488, 0.000998125295155, -0.0007639125688, -0.000346717832144, 0.00151814508718, -0.00123214814812], [-0.00097146735061, 0.00248752394691, -0.00402450654656, 0.00560324080288, -0.0027320580557, 0.000596084224526, -0.000414756737882, -0.00150184764061, 0.00135244219564, 0.000177070614882, -3.75164054276e-05, -0.00129842420574, 0.00144252541941], [0.000756583933253, -0.00124229409266, 0.00267449230887, -0.0027320580557, 0.00615084683523, -0.00270423502661, -0.000997656141408, 0.00255718757398, -0.00404232880101, 0.00326630915515, -0.000431515858509, -0.000192132938537, 0.00144739367533], [-0.000721115444321, 0.00156110303942, -0.00186527753249, 0.000596084224526, -0.00270423502661, 0.010301746428, -0.00555584626272, -0.000721850199625, 0.00450658192858, -0.00383020052686, 0.000838519481476, 0.0001646358578, -0.00151569303125], [0.00096319190925, -0.00325778825209, 0.000512404658366, -0.000414756737882, -0.000997656141408, -0.00555584626272, 0.0151023464277, -0.00841866526753, 0.00166631222237, 0.00333229568787, -0.00262680044398, 0.00436632335186, -0.000649056455586], [-0.000841571949422, 0.00483321910724, 0.000104693579488, -0.00150184764061, 0.00255718757398, -0.000721850199625, -0.00841866526753, 0.0212024711072, -0.0154300630093, 0.00331925903447, 0.00795205775648, -0.00865307170898, 0.00356974755414], [0.000873816781677, -0.00486098043621, 0.000998125295155, 0.00135244219564, -0.00404232880101, 0.00450658192858, 0.00166631222237, -0.0154300630093, 0.0272659473121, -0.0115485275164, -0.00318434415385, 0.00933368224651, -0.00272859097458], [-0.00020915735513, 0.00248035416007, -0.0007639125688, 0.000177070614882, 0.00326630915515, -0.00383020052686, 0.00333229568787, 0.00331925903447, -0.0115485275164, 0.0193371381611, -0.00884148757905, 0.000152929031174, 0.00614186096936], [-9.87819294096e-05, -0.000581807456911, -0.000346717832144, -3.75164054276e-05, -0.000431515858509, 0.000838519481476, -0.00262680044398, 0.00795205775648, -0.00318434415385, -0.00884148757905, 0.0247765481472, -0.014624081552, 0.00473921746016], [0.000758303562179, -0.00179233355448, 0.00151814508718, -0.00129842420574, -0.000192132938537, 0.0001646358578, 0.00436632335186, -0.00865307170898, 0.00933368224651, 0.000152929031174, -0.014624081552, 0.0222502443939, -0.0105143291876], [-0.000178244459676, 0.000878413091414, -0.00123214814812, 0.00144252541941, 0.00144739367533, -0.00151569303125, -0.000649056455586, 0.00356974755414, -0.00272859097458, 0.00614186096936, 0.00473921746016, -0.0105143291876, 0.0192403588444]]
    },
    "melbands": {
        "mean": [0.000312069139909, 0.00186458416283, 0.00056594988564, 0.00081810739357, 0.000424672616646, 0.000360638339771, 0.000503876013681, 0.000470541854156, 0.000604678643867, 0.000345165026374, 0.000154530571308, 8.92074531293e-05, 4.37895469076e-05, 3.96435971197e-05, 7.36010988476e-05, 7.1269030741e-05, 7.67155070207e-05, 2.44083003054e-05, 2.2966929464e-05, 9.67060259427e-06, 1.19445749078e-05, 6.45242153041e-06, 8.34970796859e-06, 6.71239558869e-06, 4.07736752095e-06, 1.81725317816e-06, 1.94442304746e-06, 1.46167178627e-06, 1.74008187059e-06, 1.9459782834e-06, 1.19805952181e-06, 7.38204789741e-07, 6.1075445501e-07, 4.10784252836e-07, 3.18858070614e-07, 3.10297792794e-07, 2.26285038707e-07, 2.51212895819e-07, 2.06874545938e-07, 1.36273826001e-07],
        "stdev": [0.000406993814977, 0.00310242897831, 0.000668052816764, 0.0012293914333, 0.000620288134087, 0.000681038654875, 0.000920861843042, 0.000854780257214, 0.00150184193626, 0.00105877814349, 0.000669775530696, 0.000482584000565, 0.000235643237829, 0.000123233287013, 0.000325729866745, 0.000370891066268, 0.000460494571598, 0.000103117446997, 0.000108618391096, 5.14643179486e-05, 8.01163478172e-05, 1.8894124878e-05, 3.62184764526e-05, 3.44103755197e-05, 2.084092921e-05, 5.23913195138e-06, 5.67480037716e-06, 3.95029064748e-06, 4.5386700549e-06, 5.18345859746e-06, 3.0369653814e-06, 1.94233302864e-06, 1.67434495779e-06, 1.11605811526e-06, 8.70811561526e-07, 8.46479281336e-07, 6.21118942945e-07, 7.11325355951e-07, 5.98405620167e-07, 4.05279564575e-07]
    },
    "melbands128": {
        "mean": [8.06385560281e-06, 3.33250318363e-05, 0.000202566443477, 0.00126239308156, 0.00260914000683, 0.00160422467161, 0.000463184493128, 0.000308592425426, 0.000600766739808, 0.000922209932469, 0.00112749938853, 0.000359772529919, 0.000333457282977, 0.000413846457377, 0.000381290185032, 0.000266769377049, 0.000427054561442, 0.000483100709971, 0.000862515065819, 0.000387176289223, 0.000399186479626, 0.000412882131059, 0.00076654314762, 0.00075016199844, 0.000252900586929, 0.000333955016686, 0.000168746410054, 0.00016716204118, 9.62052145042e-05, 9.43134873523e-05, 0.000101417739643, 5.52998353669e-05, 2.58855743596e-05, 5.71045675315e-05, 1.96953187697e-05, 3.30370457959e-05, 5.89514093008e-05, 0.000123827558127, 3.13858836307e-05, 6.01421270403e-05, 8.84298060555e-05, 7.03339101165e-05, 9.46413201746e-05, 7.09575324436e-05, 2.81418924715e-05, 1.69518552866e-05, 1.77551282832e-05, 4.33989698649e-05, 1.16142973638e-05, 4.17007368014e-06, 1.31533124659e-05, 9.49344666878e-06, 1.30606922539e-05, 1.40742031363e-05, 8.42947974888e-06, 5.03294359078e-06, 4.12387271354e-06, 6.43886551188e-06, 1.20644326671e-05, 9.80773347692e-06, 4.72267720397e-06, 4.66536857857e-06, 7.47596322981e-06, 2.31881836044e-06, 2.18127775042e-06, 1.68952533386e-06, 1.63078982496e-06, 1.92892684936e-06, 2.24342375077e-06, 1.73494640876e-06, 1.24426458115e-06, 1.48920776155e-06, 1.46328363826e-06, 1.70094494933e-06, 2.15083673538e-06, 2.14590613723e-06, 1.93628079614e-06, 1.28811916511e-06, 1.17970148494e-06, 1.0056227211e-06, 6.40725090761e-07, 7.44592057345e-07, 6.57149371364e-07, 6.21126616807e-07, 5.57776445476e-07, 4.16014472648e-07, 3.87828123394e-07, 3.25268274537e-07, 3.01291635196e-07, 3.17608282785e-07, 3.47996632399e-07, 3.14444974947e-07, 2.4206522653e-07, 2.10161672953e-07, 2.16391029539e-07, 2.56993615722e-07, 2.63846686721e-07, 2.41561764369e-07, 2.32164978797e-07, 1.7452769896e-07, 1.34109740202e-07, 1.37208346018e-07, 1.30000074705e-07, 9.67031112964e-08, 5.63567041922e-08, 4.45943832972e-08, 3.65165853111e-08, 2.64044892617e-08, 1.82536883386e-08, 1.29498065604e-08, 8.75138539413e-09, 9.42082767352e-09, 5.21617149474e-09, 1.96918015227e-09, 9.49080147805e-10, 3.44292233612e-10, 1.476014172e-10, 1.69454849458e-11, 3.45567064547e-12, 3.55070031537e-12, 3.17229814466e-12, 3.0667887934e-12, 3.00534206896e-12, 2.95170333488e-12, 2.91323649232e-12, 2.88354821791e-12, 2.86271787525e-12, 2.84393472313e-12],
        "stdev": [8.75837940839e-06, 5.0939812354e-05, 0.000293519202387, 0.00188029243145, 0.00456294696778, 0.00289520109072, 0.000671591085847, 0.00056197604863, 0.00107928179204, 0.00151881226338, 0.00248421751894, 0.00070710782893, 0.000787923345342, 0.000951319467276, 0.00110782391857, 0.000612765201367, 0.00117820966989, 0.00100268411916, 0.00227059260942, 0.000889920862392, 0.00112244032789, 0.00142074329779, 0.00222068140283, 0.00246771518141, 0.00110514054541, 0.00163360591978, 0.000918882084079, 0.00112352066208, 0.000659686920699, 0.000724148121662, 0.000744950084481, 0.000435499212472, 0.000169570237631, 0.000479113834444, 0.000113554422569, 0.000131596287247, 0.000216733591515, 0.000689972075634, 0.000313220021781, 0.000265407201368, 0.000589830684476, 0.000973996473476, 0.000578034785576, 0.000597498554271, 0.000211499704164, 9.6992640465e-05, 0.000118062285765, 0.000262457382632, 4.70401319035e-05, 2.36752784986e-05, 9.58915697993e-05, 7.71924533183e-05, 0.00014659165754, 9.89047039184e-05, 4.03927842854e-05, 2.1551246391e-05, 1.64038156072e-05, 5.35046856385e-05, 6.79870354361e-05, 5.78650287935e-05, 3.94203198084e-05, 5.6859171309e-05, 5.43623500562e-05, 8.38688993099e-06, 7.43537202652e-06, 6.00089970249e-06, 6.1737418946e-06, 7.96986751084e-06, 7.12035580364e-06, 5.22722393725e-06, 3.97725261791e-06, 4.57307305624e-06, 4.5545489229e-06, 4.78569563711e-06, 6.25909660812e-06, 6.32076717011e-06, 5.6990579651e-06, 3.6653236748e-06, 3.25011205859e-06, 2.86914269054e-06, 1.80118263415e-06, 2.21248524213e-06, 2.01576494874e-06, 1.8104353785e-06, 1.62638275469e-06, 1.20567756312e-06, 1.16086982871e-06, 9.68308313531e-07, 8.97634834018e-07, 9.4971579756e-07, 9.99843109639e-07, 9.39974142966e-07, 7.1188765105e-07, 6.06368871559e-07, 6.40040639155e-07, 7.8243454027e-07, 7.94695893092e-07, 7.30758870304e-07, 7.02900422311e-07, 5.32154786015e-07, 4.03384973424e-07, 4.36982702468e-07, 4.24822388823e-07, 3.09333529458e-07, 1.78699664843e-07, 1.44979750871e-07, 1.21153647115e-07, 8.78542039118e-08, 6.01932867994e-08, 4.3320106613e-08, 3.01445943762e-08, 1.92918960806e-08, 1.39194824555e-08, 7.44161132715e-09, 3.91142762624e-09, 2.03843941726e-09, 8.83952078201e-10, 2.08148831504e-10, 9.70202650857e-12, 1.59565589908e-11, 5.86417372994e-12, 4.91539317929e-12, 4.81960088158e-12, 4.73716291888e-12, 4.66850863523e-12, 4.61389086659e-12, 4.57359714337e-12, 4.54925160043e-12]
    },
    "mfcc": {
        "mean": [-727.047790527, 152.637832642, 8.85727024078, 22.3612194061, -2.5907125473, 8.82726287842, -3.41411828995, -4.29052591324, -2.52013254166, -0.31644269824, 3.03489804268, 4.78348016739, -7.86362838745],
        "cov": [[8797.16113281, 721.92590332, -443.117584229, 3.46267724037, -192.511291504, -236.387252808, -219.125991821, -198.089950562, -73.3787460327, -112.315071106, -13.4415874481, 106.443107605, -89.1416473389], [721.92590332, 2303.42773438, -146.468109131, -235.47769165, -70.8441467285, 67.9583206177, -166.986434937, -127.149009705, -121.752510071, -39.5444755554, 65.5838851929, 77.9463348389, -20.7964305878], [-443.117584229, -146.468109131, 809.925476074, 286.751068115, 33.5824317932, 153.071746826, 144.812606812, 43.3244400024, 2.49616551399, -2.7657186985, -81.8378753662, -60.1891403198, 106.727310181], [3.46267724037, -235.47769165, 286.751068115, 409.38571167, 147.472869873, 99.3165435791, 120.603515625, 108.253326416, 64.4645233154, 12.9610557556, -8.45030593872, 8.81783676147, 30.3822650909], [-192.511291504, -70.8441467285, 33.5824317932, 147.472869873, 190.500030518, 100.285682678, 71.0467071533, 70.2434692383, 36.6071166992, 11.5747556686, 13.4115657806, 4.02625513077, 0.969429433346], [-236.387252808, 67.9583206177, 153.071746826, 99.3165435791, 100.285682678, 188.237991333, 123.860595703, 51.0030479431, 11.3078622818, 10.1355705261, -5.92944717407, -12.5574684143, 10.197467804], [-219.125991821, -166.986434937, 144.812606812, 120.603515625, 71.0467071533, 123.860595703, 182.919586182, 124.645141602, 57.2140884399, 16.444814682, -24.3745307922, -33.5941734314, -4.56694221497], [-198.089950562, -127.149009705, 43.3244400024, 108.253326416, 70.2434692383, 51.0030479431, 124.645141602, 198.033096313, 117.570785522, 26.0027103424, -16.6517353058, -31.9970054626, -30.0807914734], [-73.3787460327, -121.752510071, 2.49616551399, 64.4645233154, 36.6071166992, 11.3078622818, 57.2140884399, 117.570785522, 159.358291626, 92.8659591675, 17.824634552, -25.3142261505, -44.5683898926], [-112.315071106, -39.5444755554, -2.7657186985, 12.9610557556, 11.5747556686, 10.1355705261, 16.444814682, 26.0027103424, 92.8659591675, 154.182556152, 87.1989212036, -8.51624679565, -46.3757286072], [-13.4415874481, 65.5838851929, -81.8378753662, -8.45030593872, 13.4115657806, -5.92944717407, -24.3745307922, -16.6517353058, 17.824634552, 87.1989212036, 153.506973267, 88.3266220093, -15.3682508469], [106.443107605, 77.9463348389, -60.1891403198, 8.81783676147, 4.02625513077, -12.5574684143, -33.5941734314, -31.9970054626, -25.3142261505, -8.51624679565, 88.3266220093, 164.081222534, 73.5932769775], [-89.1416473389, -20.7964305878, 106.727310181, 30.3822650909, 0.969429433346, 10.197467804, -4.56694221497, -30.0807914734, -44.5683898926, -46.3757286072, -15.3682508469, 73.5932769775, 149.807800293]],
        "icov": [[0.000137124341563, -5.75263620703e-05, 9.72335110418e-05, -0.00020933104679, 0.000146197198774, 0.000158857714268, -0.000154004315846, 0.000289984338451, -0.000161205112818, 0.000117200434033, 0.000123950725538, -0.000137009832542, 0.000156908339704], [-5.75263620703e-05, 0.000646516215056, -6.08289046795e-05, 0.000298886327073, 0.000392627523979, -0.00153653847519, 0.00164551474154, -0.000855049991515, 0.000472962536151, -4.81423376186e-05, -5.26691364939e-05, -0.000293516903184, 0.000283356726868], [9.72335110418e-05, -6.08289046795e-05, 0.00283081480302, -0.00227835681289, 0.00213672430255, -0.00165101699531, -0.000458759663161, 0.000520046974998, 0.000281298503978, -0.000618203019258, 7.91622005636e-05, 0.00199970463291, -0.00239819823764], [-0.00020933104679, 0.000298886327073, -0.00227835681289, 0.00598444323987, -0.00420517381281, 0.00117613945622, -0.000780809263233, -0.000918160192668, -0.00060969759943, 0.000171125502675, 0.000421194650698, -0.00206793053076, 0.000996058457531], [0.000146197198774, 0.000392627523979, 0.00213672430255, -0.00420517381281, 0.0120857022703, -0.00770534481853, 0.00392306130379, -0.00263387151062, -0.000293522549327, 0.00143747928087, -0.00237008091062, 0.0020595069509, -0.00138809834607], [0.000158857714268, -0.00153653847519, -0.00165101699531, 0.00117613945622, -0.00770534481853, 0.0187769383192, -0.0144684165716, 0.00591302243993, 0.000151480402565, -0.000781429524068, 0.000540901673958, -0.000796634529252, 0.00058686680859], [-0.000154004315846, 0.00164551474154, -0.000458759663161, -0.000780809263233, 0.00392306130379, -0.0144684165716, 0.0243135169148, -0.0137302493677, 0.00461746333167, -0.0029768589884, 0.00182178372052, -0.000289673247607, 0.000347057066392], [0.000289984338451, -0.000855049991515, 0.000520046974998, -0.000918160192668, -0.00263387151062, 0.00591302243993, -0.0137302493677, 0.0210619885474, -0.0149983791634, 0.00889628566802, -0.00333254178986, 0.00212256843224, 0.000202044364414], [-0.000161205112818, 0.000472962536151, 0.000281298503978, -0.00060969759943, -0.000293522549327, 0.000151480402565, 0.00461746333167, -0.0149983791634, 0.0259398296475, -0.0187812708318, 0.0102173807099, -0.00564603693783, 0.00273862248287], [0.000117200434033, -4.81423376186e-05, -0.000618203019258, 0.000171125502675, 0.00143747928087, -0.000781429524068, -0.0029768589884, 0.00889628566802, -0.0187812708318, 0.0281945094466, -0.0206563007087, 0.0115149905905, -0.00242693442851], [0.000123950725538, -5.26691364939e-05, 7.91622005636e-05, 0.000421194650698, -0.00237008091062, 0.000540901673958, 0.00182178372052, -0.00333254178986, 0.0102173807099, -0.0206563007087, 0.0291883908212, -0.0191802363843, 0.00835134554654], [-0.000137009832542, -0.000293516903184, 0.00199970463291, -0.00206793053076, 0.0020595069509, -0.000796634529252, -0.000289673247607, 0.00212256843224, -0.00564603693783, 0.0115149905905, -0.0191802363843, 0.0228295456618, -0.0119669726118], [0.000156908339704, 0.000283356726868, -0.00239819823764, 0.000996058457531, -0.00138809834607, 0.00058686680859, 0.000347057066392, 0.000202044364414, 0.00273862248287, -0.00242693442851, 0.00835134554654, -0.0119669726118, 0.0151336165145]]
    },
    "spectral_contrast_coeffs": {
        "mean": [-0.664606690407, -0.6699847579, -0.728817999363, -0.763421475887, -0.822272002697, -0.781784415245],
        "stdev": [0.0960361137986, 0.119203940034, 0.0966113433242, 0.0836949720979, 0.0579978376627, 0.0338874347508]
    },
    "spectral_contrast_valleys": {
        "mean": [-7.53067064285, -7.73223352432, -8.67507743835, -9.01293849945, -8.92643642426, -11.5389175415],
        "stdev": [2.92837333679, 2.92276144028, 2.77271747589, 2.71648979187, 2.74930286407, 2.4424302578]
    }
},
"rhythm": {
    "beats_count": 326,
    "beats_loudness": {
        "mean": 0.033159788698,
        "stdev": 0.0173815526068
    },
    "bpm": 123.500801086,
    "bpm_histogram_first_peak_bpm": 123,
    "bpm_histogram_first_peak_weight": 0.505226492882,
    "bpm_histogram_second_peak_bpm": 117,
    "bpm_histogram_second_peak_spread": 0.349999964237,
    "bpm_histogram_second_peak_weight": 0.0399999991059,
    "danceability": 1.25819838047,
    "onset_rate": 5.77579689026,
    "beats_loudness_band_ratio": {
        "mean": [0.389916837215, 0.236166790128, 0.289332777262, 0.0870798826218, 0.0272367075086, 0.0230282209814],
        "stdev": [0.298654437065, 0.185984164476, 0.233921810985, 0.107461638749, 0.0386085920036, 0.0328520126641]
    },
    "beats_position": [0.522448956966, 1.05650794506, 1.59056687355, 2.11301589012, 2.62385487556, 3.14630389214, 3.66875267029, 4.17959165573, 4.67882061005, 5.17804956436, 5.67727899551, 6.17650794983, 6.68734693527, 7.19818592072, 7.69741487503, 8.19664382935, 8.6958732605, 9.19510173798, 9.70594120026, 10.2167797089, 10.71600914, 11.2152376175, 11.7144670486, 12.2136955261, 12.7013149261, 13.2005443573, 13.6997728348, 14.1990022659, 14.6982307434, 15.1974601746, 15.696688652, 16.1959171295, 16.6951465607, 17.1943759918, 17.693605423, 18.2044448853, 18.6920623779, 19.1912918091, 19.6789112091, 20.1665306091, 20.6657600403, 21.1649875641, 21.6642169952, 22.1518363953, 22.6510658264, 23.1502952576, 23.6379127502, 24.1255321503, 24.6131515503, 25.1123809814, 25.6116104126, 26.1108379364, 26.6100673676, 27.1092967987, 27.6085262299, 28.0961437225, 28.6069831848, 29.106212616, 29.6054420471, 30.1046714783, 30.6038990021, 31.1147384644, 31.6139678955, 32.1131973267, 32.6240348816, 33.1232643127, 33.6341018677, 34.1333312988, 34.6209526062, 35.1201820374, 35.6194114685, 36.118637085, 36.6062583923, 37.1054878235, 37.6047172546, 38.1039466858, 38.5915641785, 39.0791816711, 39.5668029785, 40.0544204712, 40.5420417786, 41.041267395, 41.5404968262, 42.0281181335, 42.5157356262, 43.0033569336, 43.4909744263, 43.9902038574, 44.4778213501, 44.9654426575, 45.4414520264, 45.929069519, 46.4166870117, 46.9043083191, 47.3919258118, 47.8795471191, 48.3671646118, 48.8547821045, 49.3424034119, 49.8300209045, 50.3176422119, 50.8052597046, 51.2928771973, 51.7804985046, 52.2681159973, 52.7441253662, 53.2317466736, 53.7077522278, 54.1953735352, 54.6829910278, 55.1706123352, 55.6582298279, 56.1458511353, 56.6334686279, 57.1210861206, 57.5970954895, 58.0731048584, 58.5607261658, 59.0483436584, 59.5359611511, 60.0235824585, 60.5111999512, 60.9988212585, 61.4748306274, 61.9508361816, 62.438457489, 62.9260749817, 63.4020843506, 63.8780937195, 64.3657150269, 64.8533325195, 65.3293380737, 65.8053512573, 66.29296875, 66.7805862427, 67.2682037354, 67.7558288574, 68.2318344116, 68.7194519043, 69.1954650879, 69.6830825806, 70.1707000732, 70.6583175659, 71.1343307495, 71.6103363037, 72.0979614258, 72.5855789185, 73.0731964111, 73.5492019653, 74.0252151489, 74.5128326416, 75.0004501343, 75.4764633179, 75.9524688721, 76.4400863647, 76.9277114868, 77.403717041, 77.8913345337, 78.3789520264, 78.85496521, 79.3425827026, 79.8302001953, 80.3178253174, 80.8054428101, 81.2814483643, 81.7574615479, 82.2450790405, 82.7210845947, 83.1970977783, 83.684715271, 84.1723327637, 84.6599502563, 85.1243515015, 85.6119689941, 86.0879821777, 86.5639877319, 87.0516052246, 87.5276184082, 88.0036239624, 88.479637146, 88.9556427002, 89.4432601929, 89.9192733765, 90.3952789307, 90.8829040527, 91.3705215454, 91.8465270996, 92.3225402832, 92.8101577759, 93.2977752686, 93.7853927612, 94.2614059448, 94.737411499, 95.2250289917, 95.7010421753, 96.1770477295, 96.6646728516, 97.1522903442, 97.6399078369, 98.1159133911, 98.5919265747, 99.0679321289, 99.5439453125, 100.031562805, 100.507568359, 100.983581543, 101.459587097, 101.935600281, 102.411605835, 102.887619019, 103.363624573, 103.839637756, 104.327255249, 104.803260803, 105.279273987, 105.755279541, 106.231292725, 106.718910217, 107.20652771, 107.682540894, 108.158546448, 108.634559631, 109.110565186, 109.58657074, 110.062583923, 110.538589478, 111.014602661, 111.502220154, 111.989837646, 112.46585083, 112.941856384, 113.417869568, 113.893875122, 114.381492615, 114.869110107, 115.345123291, 115.821128845, 116.308753967, 116.773147583, 117.237548828, 117.701950073, 118.189567566, 118.66557312, 119.141586304, 119.605987549, 120.081993103, 120.557998657, 121.034011841, 121.510017395, 121.997642517, 122.473648071, 122.949661255, 123.437278748, 123.913284302, 124.389297485, 124.876914978, 125.364532471, 125.852149963, 126.339767456, 126.81578064, 127.303398132, 127.779411316, 128.267028809, 128.754638672, 129.242263794, 129.729888916, 130.217498779, 130.681900024, 131.169525146, 131.65713501, 132.144760132, 132.620773315, 133.09677124, 133.584396362, 134.072021484, 134.559631348, 135.04725647, 135.534866333, 136.022491455, 136.510116577, 136.99772644, 137.485351562, 137.972961426, 138.460586548, 138.94821167, 139.424209595, 139.900222778, 140.376235962, 140.852249146, 141.339859009, 141.827484131, 142.315093994, 142.802719116, 143.2787323, 143.754730225, 144.242355347, 144.729980469, 145.217590332, 145.705215454, 146.181228638, 146.668838501, 147.144851685, 147.632461548, 148.12008667, 148.596099854, 149.072113037, 149.5597229, 150.047348022, 150.546569824, 151.057418823, 151.603088379, 152.148742676, 152.717636108, 153.20526123, 153.716094971, 154.238540649, 154.761001587, 155.283447266, 155.805892944, 156.3515625, 156.908843994, 157.524169922, 158.13949585, 158.754821777, 159.370162964, 159.973876953],
    "bpm_histogram": [0, 0, 0, 0, 0, 0, 0, 0, 0, 0, 0, 0, 0, 0, 0, 0, 0, 0, 0, 0, 0, 0, 0, 0, 0, 0, 0, 0, 0, 0, 0, 0, 0, 0, 0, 0, 0, 0, 0, 0, 0, 0, 0, 0, 0, 0, 0, 0, 0, 0, 0, 0, 0, 0, 0, 0, 0, 0, 0, 0, 0, 0, 0, 0, 0, 0, 0, 0, 0, 0, 0, 0, 0, 0, 0, 0, 0, 0, 0, 0, 0, 0, 0, 0, 0, 0, 0, 0, 0, 0, 0, 0, 0, 0, 0, 0, 0, 0, 0.0123076923192, 0.00307692307979, 0, 0, 0, 0, 0, 0.00307692307979, 0, 0, 0.00307692307979, 0, 0.00923076923937, 0, 0.00615384615958, 0, 0, 0.0215384606272, 0, 0.0399999991059, 0, 0, 0.159999996424, 0, 0, 0.436923086643, 0, 0, 0.28615385294, 0, 0, 0.0184615384787, 0, 0, 0, 0, 0, 0, 0, 0, 0, 0, 0, 0, 0, 0, 0, 0, 0, 0, 0, 0, 0, 0, 0, 0, 0, 0, 0, 0, 0, 0, 0, 0, 0, 0, 0, 0, 0, 0, 0, 0, 0, 0, 0, 0, 0, 0, 0, 0, 0, 0, 0, 0, 0, 0, 0, 0, 0, 0, 0, 0, 0, 0, 0, 0, 0, 0, 0, 0, 0, 0, 0, 0, 0, 0, 0, 0, 0, 0, 0, 0, 0, 0, 0, 0, 0, 0, 0, 0, 0, 0, 0, 0, 0, 0, 0, 0, 0, 0, 0, 0, 0, 0, 0, 0, 0, 0, 0, 0, 0, 0, 0, 0, 0, 0, 0, 0, 0, 0, 0, 0]
},
"tonal": {
    "chords_changes_rate": 0.0837908089161,
    "chords_number_rate": 0.00404507387429,
    "chords_strength": {
        "mean": 0.422391086817,
        "stdev": 0.160037100315
    },
    "hpcp_crest": {
        "mean": 15.958155632,
        "stdev": 7.29986095428
    },
    "hpcp_entropy": {
        "mean": 1.54346454144,
        "stdev": 0.707608222961
    },
    "key_edma": {
        "strength": 0.634246587753,
        "key": "D#",
        "scale": "major"
    },
    "key_krumhansl": {
        "strength": 0.640622675419,
        "key": "D#",
        "scale": "major"
    },
    "key_temperley": {
        "strength": 0.645681798458,
        "key": "D#",
        "scale": "major"
    },
    "tuning_diatonic_strength": 0.485980331898,
    "tuning_equal_tempered_deviation": 0.0151252951473,
    "tuning_frequency": 439.491973877,
    "tuning_nontempered_energy_ratio": 0.661874294281,
    "hpcp": {
        "mean": [0.132184460759, 0.0760971084237, 0.139072358608, 0.233447566628, 0.135133236647, 0.0330576971173, 0.038118481636, 0.0321891382337, 0.0739559233189, 0.107978910208, 0.0597522966564, 0.0516632013023, 0.0693150237203, 0.0425076894462, 0.0579476095736, 0.084824308753, 0.055007647723, 0.105523727834, 0.201663315296, 0.121065959334, 0.0217950884253, 0.0300527736545, 0.0395667292178, 0.126029774547, 0.17392526567, 0.0830587521195, 0.0364512428641, 0.0468632206321, 0.0415272340178, 0.134496122599, 0.200848117471, 0.111550241709, 0.0951238200068, 0.16933350265, 0.173243910074, 0.154892727733],
        "stdev": [0.267681598663, 0.192163094878, 0.242301344872, 0.370805263519, 0.238605439663, 0.109236635268, 0.146517723799, 0.105959072709, 0.181866586208, 0.237755283713, 0.14444860816, 0.156686171889, 0.210203543305, 0.12294446677, 0.153506100178, 0.217255204916, 0.141312792897, 0.185217365623, 0.336623698473, 0.211472719908, 0.0884022861719, 0.124988414347, 0.128853499889, 0.242916703224, 0.307645052671, 0.173431128263, 0.114897191525, 0.166708052158, 0.125747546554, 0.255528599024, 0.337607979774, 0.212728530169, 0.200579628348, 0.306279689074, 0.284919649363, 0.281537979841]
    },
    "chords_histogram": [15.9202547073, 3.7272465229, 11.0083789825, 0.924588263035, 8.06125354767, 0.43340075016, 0.0577867664397, 0.404507368803, 0.693441212177, 1.1557353735, 1.56024265289, 0.317827224731, 0.89569491148, 1.67581629753, 0.722334563732, 1.50245594978, 0.202253684402, 3.14937877655, 0, 4.91187524796, 7.65674638748, 10.2860441208, 13.1175956726, 11.6151399612],
    "thpcp": [1, 0.5788590312, 0.141606524587, 0.163284987211, 0.137885943055, 0.316798865795, 0.4625402987, 0.255955964327, 0.221305370331, 0.29691901803, 0.182086661458, 0.24822537601, 0.363354861736, 0.23563170433, 0.452023237944, 0.8638484478, 0.518600225449, 0.0933618173003, 0.128734573722, 0.169488713145, 0.539863288403, 0.745029270649, 0.355791896582, 0.156143173575, 0.200744092464, 0.177886769176, 0.57612991333, 0.860356450081, 0.477838516235, 0.407474040985, 0.725359916687, 0.742110610008, 0.663501143456, 0.56622761488, 0.325970888138, 0.595732748508],
    "chords_key": "D#",
    "chords_scale": "major"
}
}