{
"metadata": {
    "version": {
        "essentia": "2.1-dev",
        "essentia_git_sha": "v2.1_beta3-415-gd5473f3",
        "extractor": "music 2.0"
    },
    "audio_properties": {
        "analysis": {
            "equal_loudness": 0,
            "length": 200.698776245,
            "sample_rate": 44100,
            "start_time": 0,
            "downmix": "mix"
        },
        "bit_rate": 192000,
        "length": 200.698776245,
        "lossless": 0,
        "number_channels": 2,
        "replay_gain": -3.02931785583,
        "sample_rate": 44100,
        "codec": "mp3",
        "md5_encoded": "0c4842cf8a4bdf1bd6a63e4187ad0b99"
    },
    "tags": {
        "file_name": "annie_ross-the_glow_worm.mp3",
        "album": ["Cool for Kids                 "],
        "artist": ["Annie Ross                    "],
        "date": ["2001"],
        "genre": ["Jazz"],
        "title": ["The Glow Worm                 "]
    }
},
"lowlevel": {
    "average_loudness": 0.528059542179,
    "barkbands_crest": {
        "mean": 13.8801746368,
        "stdev": 5.05753469467
    },
    "barkbands_flatness_db": {
        "mean": 0.24689553678,
        "stdev": 0.0885700881481
    },
    "barkbands_kurtosis": {
        "mean": 16.4108409882,
        "stdev": 26.0151748657
    },
    "barkbands_skewness": {
        "mean": 2.33504343033,
        "stdev": 2.03107833862
    },
    "barkbands_spread": {
        "mean": 8.56425189972,
        "stdev": 9.54494476318
    },
    "dissonance": {
        "mean": 0.403833448887,
        "stdev": 0.0689314380288
    },
    "dynamic_complexity": 6.8923406601,
    "erbbands_crest": {
        "mean": 12.6532506943,
        "stdev": 5.81457853317
    },
    "erbbands_flatness_db": {
        "mean": 0.220509052277,
        "stdev": 0.0861342921853
    },
    "erbbands_kurtosis": {
        "mean": 4.0987033844,
        "stdev": 6.75634479523
    },
    "erbbands_skewness": {
        "mean": 1.10158503056,
        "stdev": 1.21298623085
    },
    "erbbands_spread": {
        "mean": 25.6535663605,
        "stdev": 20.691198349
    },
    "hfc": {
        "mean": 8.60506057739,
        "stdev": 23.3284893036
    },
    "loudness_ebu128": {
        "integrated": -22.2561912537,
        "loudness_range": 13.6636543274,
        "momentary": {
            "mean": -31.3330192566,
            "stdev": 37.7866973877
        },
        "short_term": {
            "mean": -26.6381340027,
            "stdev": 21.6685905457
        }
    },
    "melbands_crest": {
        "mean": 16.8527030945,
        "stdev": 5.95556020737
    },
    "melbands_flatness_db": {
        "mean": 0.337094843388,
        "stdev": 0.109476327896
    },
    "melbands_kurtosis": {
        "mean": 25.752161026,
        "stdev": 38.5059967041
    },
    "melbands_skewness": {
        "mean": 2.89961314201,
        "stdev": 2.25283718109
    },
    "melbands_spread": {
        "mean": 11.1645526886,
        "stdev": 20.1189403534
    },
    "pitch_salience": {
        "mean": 0.490288704634,
        "stdev": 0.146564736962
    },
    "silence_rate_20dB": {
        "mean": 0.999537289143,
        "stdev": 0.0215054452419
    },
    "silence_rate_30dB": {
        "mean": 0.979294419289,
        "stdev": 0.142393812537
    },
    "silence_rate_60dB": {
        "mean": 0.281550019979,
        "stdev": 0.449728578329
    },
    "spectral_centroid": {
        "mean": 801.776611328,
        "stdev": 1535.39355469
    },
    "spectral_complexity": {
        "mean": 6.8739156723,
        "stdev": 5.52430105209
    },
    "spectral_decrease": {
        "mean": -4.54068915801e-09,
        "stdev": 7.03056679541e-09
    },
    "spectral_energy": {
        "mean": 0.0179181452841,
        "stdev": 0.0283707268536
    },
    "spectral_energyband_high": {
        "mean": 7.68243990024e-05,
        "stdev": 0.000269528332865
    },
    "spectral_energyband_low": {
        "mean": 0.00616740202531,
        "stdev": 0.01007211674
    },
    "spectral_energyband_middle_high": {
        "mean": 0.00265339552425,
        "stdev": 0.0113991806284
    },
    "spectral_energyband_middle_low": {
        "mean": 0.0094710290432,
        "stdev": 0.0180715322495
    },
    "spectral_entropy": {
        "mean": 6.56381988525,
        "stdev": 0.935421168804
    },
    "spectral_flux": {
        "mean": 0.0513257607818,
        "stdev": 0.0531262569129
    },
    "spectral_kurtosis": {
        "mean": 21.8250465393,
        "stdev": 37.0133857727
    },
    "spectral_rms": {
        "mean": 0.00333887222223,
        "stdev": 0.0025165702682
    },
    "spectral_rolloff": {
        "mean": 964.043579102,
        "stdev": 2722.49072266
    },
    "spectral_skewness": {
        "mean": 3.13362765312,
        "stdev": 2.23696780205
    },
    "spectral_spread": {
        "mean": 4322585.5,
        "stdev": 5501170
    },
    "spectral_strongpeak": {
        "mean": 0.746751368046,
        "stdev": 1.36532187462
    },
    "zerocrossingrate": {
        "mean": 0.0359770357609,
        "stdev": 0.0719531849027
    },
    "barkbands": {
        "mean": [3.84653067158e-05, 0.00374755379744, 0.00207154941745, 0.000789708574302, 0.0030909627676, 0.00127254368272, 0.00121769565158, 0.00158299785107, 0.0012312955223, 0.000623625237495, 0.000270195771009, 0.000352530390956, 0.000353905023076, 0.000420715397922, 0.000378488970455, 0.000145532612805, 0.00010115699115, 9.02157917153e-05, 4.53587199445e-05, 3.17161357088e-05, 2.27638356591e-05, 1.53418077389e-05, 8.57047052705e-06, 8.20749392005e-06, 4.27190389019e-06, 2.51302844845e-06, 2.4174184432e-07],
        "stdev": [0.000155685163918, 0.0069874660112, 0.00491275917739, 0.00183036574163, 0.00555646186695, 0.00397137226537, 0.00528583815321, 0.00822378788143, 0.00733711989596, 0.00432369438931, 0.0019156774506, 0.00263610342517, 0.00319234724157, 0.00360592873767, 0.00381576339714, 0.0013553352328, 0.000473543826956, 0.000335177290253, 0.000206257027457, 0.000138166520628, 0.000106761472125, 6.59730867483e-05, 2.56389630522e-05, 4.33366039942e-05, 1.58662460308e-05, 8.15000021248e-06, 1.17292870527e-06]
    },
    "erbbands": {
        "mean": [0.0604541115463, 1.0123103857, 2.63419747353, 2.33393621445, 6.51083469391, 10.6355295181, 11.074473381, 10.5073509216, 17.0750083923, 22.7554168701, 38.6612319946, 27.3046722412, 21.9885520935, 14.5763311386, 10.5833950043, 16.6304035187, 16.1688575745, 19.3204936981, 22.5235500336, 13.6958761215, 6.73813056946, 5.83368396759, 5.21527910233, 3.34803390503, 1.98926401138, 1.46089160442, 1.09480142593, 0.770555138588, 0.56789714098, 0.382853716612, 0.216954797506, 0.165140658617, 0.138679563999, 0.0645296797156, 0.022863721475, 0.0116718532518, 0.00450767530128, 0.000860561558511, 3.90191089537e-05, 2.13487510337e-05],
        "stdev": [0.122591532767, 1.8544024229, 5.70101690292, 4.33197116852, 16.5819282532, 20.6919021606, 24.0255050659, 36.7970924377, 76.7949295044, 102.251701355, 213.435775757, 158.358535767, 148.42817688, 111.518043518, 53.0116271973, 127.206092834, 127.991027832, 162.603790283, 209.342453003, 106.055046082, 39.4095230103, 29.1631717682, 19.6121406555, 13.3188943863, 8.87420082092, 6.2357506752, 5.09980201721, 3.5290222168, 2.74082422256, 1.28701984882, 0.639976143837, 0.840414166451, 0.684400200844, 0.264970481396, 0.0836164057255, 0.0408515147865, 0.014274045825, 0.00288782105781, 0.000187883139006, 3.44057443726e-05]
    },
    "gfcc": {
        "mean": [-172.246246338, 137.777801514, -80.0662078857, 16.1294384003, -55.9876556396, 4.84583616257, -39.2462844849, 1.48584032059, -17.219209671, -2.21901655197, -11.4290084839, -3.65961933136, -6.65847158432],
        "cov": [[40216.9882812, 510.457366943, -3896.68945312, 2003.02331543, -886.557739258, 683.771911621, -386.545959473, 507.003173828, -554.678039551, 393.041931152, -756.841552734, 276.443939209, -1016.91217041], [510.457366943, 2186.2956543, -137.663421631, -826.354187012, -164.096115112, -240.354522705, -140.860610962, -161.010253906, 115.36516571, -229.288452148, 199.563354492, -219.679321289, 244.245864868], [-3896.68945312, -137.663421631, 1362.17932129, 256.6015625, 23.2675304413, 100.627670288, 128.01473999, -59.6108169556, 13.443564415, 27.8961772919, 24.773859024, 51.288848877, 71.7575912476], [2003.02331543, -826.354187012, 256.6015625, 1146.61633301, 113.291252136, 225.241104126, 136.816757202, 116.879371643, -7.78856801987, 146.10194397, -109.749778748, 125.316734314, -136.865097046], [-886.557739258, -164.096115112, 23.2675304413, 113.291252136, 411.669464111, 108.167327881, 92.1527786255, 77.352142334, 98.9844818115, 28.464422226, 13.1184625626, -1.37574636936, -19.6996612549], [683.771911621, -240.354522705, 100.627670288, 225.241104126, 108.167327881, 314.490081787, 141.369506836, 53.5493125916, -5.51839399338, 61.6342926025, -25.0637111664, 38.8797302246, -57.2129707336], [-386.545959473, -140.860610962, 128.01473999, 136.816757202, 92.1527786255, 141.369506836, 274.3387146, 69.7838592529, 26.6519985199, 24.8244838715, 29.8961467743, 29.0613384247, -23.1861553192], [507.003173828, -161.010253906, -59.6108169556, 116.879371643, 77.352142334, 53.5493125916, 69.7838592529, 185.560043335, 58.1995620728, 25.9354820251, -15.0293321609, 16.8861026764, -47.0514450073], [-554.678039551, 115.36516571, 13.443564415, -7.78856801987, 98.9844818115, -5.51839399338, 26.6519985199, 58.1995620728, 180.405914307, 39.106426239, 34.2907867432, -30.2711277008, 43.3550834656], [393.041931152, -229.288452148, 27.8961772919, 146.10194397, 28.464422226, 61.6342926025, 24.8244838715, 25.9354820251, 39.106426239, 149.303207397, 4.4667391777, 28.6150856018, -43.0687446594], [-756.841552734, 199.563354492, 24.773859024, -109.749778748, 13.1184625626, -25.0637111664, 29.8961467743, -15.0293321609, 34.2907867432, 4.4667391777, 155.829284668, -2.98571681976, 41.7184906006], [276.443939209, -219.679321289, 51.288848877, 125.316734314, -1.37574636936, 38.8797302246, 29.0613384247, 16.8861026764, -30.2711277008, 28.6150856018, -2.98571681976, 145.896347046, 4.92091178894], [-1016.91217041, 244.245864868, 71.7575912476, -136.865097046, -19.6996612549, -57.2129707336, -23.1861553192, -47.0514450073, 43.3550834656, -43.0687446594, 41.7184906006, 4.92091178894, 171.015274048]],
        "icov": [[0.000123899255414, -0.000328737631207, 0.000359605211997, -0.00030596088618, 0.000246247160248, -0.00028062108322, 0.000150033374666, -0.000257394567598, 0.000309521594318, -0.000414406589698, 0.00045718610636, -0.00037536007585, 0.000410946464399], [-0.000328737631207, 0.00184376758989, -0.000904145999812, 0.00107849156484, -0.000265238224529, 0.000524960516486, -0.000217695676838, 0.00106104684528, -0.00164352939464, 0.00220607197843, -0.00206538708881, 0.00180384062696, -0.00151390337851], [0.000359605211997, -0.000904145999812, 0.00192049390171, -0.00111034407746, 0.000774885993451, -0.000943460967392, 5.60320295335e-05, -0.000224302930292, 0.000768532860093, -0.00116054178216, 0.00122313410975, -0.00110218813643, 0.000700927106664], [-0.00030596088618, 0.00107849156484, -0.00111034407746, 0.00222167582251, -0.000634602329228, 0.000320725375786, -0.000497093133163, 0.000395220413338, -0.000979630858637, 0.000551398319658, -0.00053884787485, 0.000342992629157, -0.000531394849531], [0.000246247160248, -0.000265238224529, 0.000774885993451, -0.000634602329228, 0.00392900407314, -0.00159293413162, 7.53264394007e-05, -0.000588229333516, -0.00169454875868, 0.000304306682665, 0.000335529708536, -0.000524132978171, 0.00121757597663], [-0.00028062108322, 0.000524960516486, -0.000943460967392, 0.000320725375786, -0.00159293413162, 0.00587354879826, -0.0025240292307, 0.000351228023646, 0.000610898830928, -0.000796240172349, -2.35090169554e-06, 0.000563348643482, -0.00060097820824], [0.000150033374666, -0.000217695676838, 5.60320295335e-05, -0.000497093133163, 7.53264394007e-05, -0.0025240292307, 0.00590674765408, -0.00171753938776, -1.74072238224e-06, 0.000462490163045, -0.0012814871734, -0.000650911417324, 0.000722534779925], [-0.000257394567598, 0.00106104684528, -0.000224302930292, 0.000395220413338, -0.000588229333516, 0.000351228023646, -0.00171753938776, 0.00900749117136, -0.00465253181756, 0.0024303921964, -0.000468520622235, -0.000479683134472, 0.00157923810184], [0.000309521594318, -0.00164352939464, 0.000768532860093, -0.000979630858637, -0.00169454875868, 0.000610898830928, -1.74072238224e-06, -0.00465253181756, 0.0120281018317, -0.00601946748793, 0.00095925014466, 0.001668471843, -0.00303705222905], [-0.000414406589698, 0.00220607197843, -0.00116054178216, 0.000551398319658, 0.000304306682665, -0.000796240172349, 0.000462490163045, 0.0024303921964, -0.00601946748793, 0.0127277830616, -0.00370048987679, 1.31283295559e-05, 0.00144712510519], [0.00045718610636, -0.00206538708881, 0.00122313410975, -0.00053884787485, 0.000335529708536, -2.35090169554e-06, -0.0012814871734, -0.000468520622235, 0.00095925014466, -0.00370048987679, 0.0105158621445, -0.00251670228317, 0.000791125232354], [-0.00037536007585, 0.00180384062696, -0.00110218813643, 0.000342992629157, -0.000524132978171, 0.000563348643482, -0.000650911417324, -0.000479683134472, 0.001668471843, 1.31283295559e-05, -0.00251670228317, 0.0108409561217, -0.00428111897781], [0.000410946464399, -0.00151390337851, 0.000700927106664, -0.000531394849531, 0.00121757597663, -0.00060097820824, 0.000722534779925, 0.00157923810184, -0.00303705222905, 0.00144712510519, 0.000791125232354, -0.00428111897781, 0.0112700760365]]
    },
    "melbands": {
        "mean": [0.000832807214465, 0.00141804420855, 0.000534937775228, 0.000622383318841, 0.000426655693445, 0.000240993671468, 0.000259347143583, 0.000265426904662, 0.000326242967276, 0.000155469708261, 0.00010657589155, 5.88969451201e-05, 3.47635723301e-05, 3.70944471797e-05, 4.84449519718e-05, 3.00415194943e-05, 3.63723374903e-05, 3.66643253074e-05, 2.76970531559e-05, 1.21314096759e-05, 6.81613391862e-06, 5.93611730437e-06, 5.27692327523e-06, 4.2884071263e-06, 2.55317763731e-06, 1.51410949911e-06, 1.24659243284e-06, 8.98636187685e-07, 7.1532565471e-07, 5.82450354614e-07, 3.97939714958e-07, 3.39858047482e-07, 2.49516034501e-07, 1.96949400788e-07, 1.20394204828e-07, 1.13204357888e-07, 9.60787716053e-08, 1.01499459504e-07, 8.03784914183e-08, 4.56400428561e-08],
        "stdev": [0.00160812865943, 0.002587757539, 0.00105346785858, 0.00123247923329, 0.000837781641167, 0.00084617320681, 0.0011427270947, 0.00120285968296, 0.00186434679199, 0.000884885259438, 0.000753431231715, 0.000453094951808, 0.000195799395442, 0.000271180033451, 0.000424805359216, 0.000201588598429, 0.000314582401188, 0.000354902382242, 0.000294021621812, 0.000130297834403, 3.44190921169e-05, 3.05767425743e-05, 2.24418072321e-05, 1.55754296429e-05, 1.11442395792e-05, 7.74924865254e-06, 5.83199880566e-06, 4.11539622291e-06, 3.49914421349e-06, 2.98594636661e-06, 1.96599671654e-06, 1.70755856743e-06, 1.02606907149e-06, 6.6243285346e-07, 3.63846083928e-07, 3.5201142623e-07, 6.54808275158e-07, 5.37034338777e-07, 3.54378670409e-07, 1.91465062471e-07]
    },
    "melbands128": {
        "mean": [2.3985561711e-05, 0.000237672575167, 0.00124739902094, 0.00182946270797, 0.00159971497487, 0.000864627654664, 0.000402193894843, 0.000435634108726, 0.000752293446567, 0.000579115527216, 0.000578866282012, 0.000581950240303, 0.000391850830056, 0.000232528545894, 0.000195795757463, 0.000285498797894, 0.000280401000055, 0.000264821079327, 0.000204815281904, 0.000249373435508, 0.000286399357719, 0.000320595834637, 0.000355482770829, 0.00033026211895, 0.000167856764165, 9.35838324949e-05, 0.000107873107481, 0.000133125664433, 8.11879872344e-05, 5.61489541724e-05, 6.17065015831e-05, 3.92504844058e-05, 3.15657089232e-05, 3.24263055518e-05, 3.05291687255e-05, 3.80142773793e-05, 5.08461453137e-05, 4.88290315843e-05, 5.60247972317e-05, 2.39716100623e-05, 2.26988177019e-05, 3.66941021639e-05, 3.75338058802e-05, 3.53666764568e-05, 3.9211488911e-05, 3.60638841812e-05, 3.37402198056e-05, 3.97585863539e-05, 1.77073434315e-05, 1.22966594063e-05, 1.51456042659e-05, 6.96973756931e-06, 7.47372678234e-06, 6.38739720671e-06, 5.49877267986e-06, 5.93801951254e-06, 6.40087637294e-06, 5.68271798329e-06, 4.67869631393e-06, 4.84697511638e-06, 4.59596549263e-06, 3.47442028215e-06, 3.47735362993e-06, 1.99424766834e-06, 1.68357416896e-06, 1.49486470491e-06, 1.45158071518e-06, 1.30597641146e-06, 1.2869764987e-06, 1.04009927782e-06, 8.38048208607e-07, 9.09521645553e-07, 7.64464175518e-07, 7.40005305033e-07, 5.27763518221e-07, 7.08158552243e-07, 5.05967477693e-07, 4.34849880548e-07, 3.6473247178e-07, 4.1785403937e-07, 3.3324883475e-07, 3.26768940795e-07, 2.9427783943e-07, 2.24913591751e-07, 2.36940636e-07, 2.21126683186e-07, 1.87140585695e-07, 1.37459551297e-07, 1.07322655651e-07, 1.13704281546e-07, 1.25753146563e-07, 1.12146899767e-07, 9.52704084511e-08, 9.58607984103e-08, 9.22869176634e-08, 1.03954718611e-07, 1.05157390351e-07, 9.62031947438e-08, 9.16766325076e-08, 6.33202361655e-08, 5.91225735036e-08, 4.23880024414e-08, 3.06078220547e-08, 2.44671181093e-08, 2.36301094247e-08, 2.43290934065e-08, 2.22958576046e-08, 2.0478246654e-08, 2.05688497346e-08, 1.90411277856e-08, 1.82355677225e-08, 1.59543596112e-08, 1.44538025992e-08, 1.18978968899e-08, 1.06828856872e-08, 9.31225407896e-09, 6.94179336236e-09, 1.62531565984e-09, 5.98205929236e-10, 3.74382191914e-10, 2.89097495942e-10, 3.05901443065e-10, 2.18134746377e-10, 1.0255070404e-10, 7.14626578399e-12, 2.77321134806e-12, 2.7595569059e-12, 2.7358395497e-12],
        "stdev": [8.46441980684e-05, 0.00053040421335, 0.00271671824157, 0.00340844853781, 0.00340822897851, 0.00199195859022, 0.000868388975505, 0.00117438659072, 0.0022350535728, 0.00148867990356, 0.00158730009571, 0.00122359616216, 0.00103203847539, 0.00071649835445, 0.000720655778423, 0.00164629786741, 0.00147172238212, 0.00182740960736, 0.00110951124225, 0.00154812552501, 0.00184334395453, 0.00216650683433, 0.00282409158535, 0.00267430837266, 0.00147572380956, 0.000676129944623, 0.000823504466098, 0.00127639411949, 0.000845791597385, 0.000421977398219, 0.00084484013496, 0.000320643332088, 0.000265072652837, 0.000234603823628, 0.000251366727753, 0.000470764847705, 0.000554030761123, 0.000468427577289, 0.000854480429552, 0.000198883339181, 0.000203101400984, 0.000452578562545, 0.000537318759598, 0.000388184562325, 0.000508244498633, 0.000489579571877, 0.000529298267793, 0.000625641143415, 0.000171358187799, 0.000111314824608, 0.000268388685072, 4.61984855065e-05, 5.40345936315e-05, 4.50966472272e-05, 3.19486134686e-05, 4.13610687247e-05, 5.97556172579e-05, 2.91699161608e-05, 2.66439983534e-05, 2.77758463199e-05, 2.10576927202e-05, 1.5305560737e-05, 2.22122707783e-05, 1.03552429209e-05, 1.09551647256e-05, 9.80157801678e-06, 9.55031737249e-06, 7.32839043849e-06, 8.56633960211e-06, 5.84504778089e-06, 5.15360670761e-06, 5.41273993804e-06, 4.55538247479e-06, 4.3904587983e-06, 2.88185901809e-06, 4.38237793787e-06, 2.64887466983e-06, 2.11206315726e-06, 2.29111742556e-06, 2.23441543312e-06, 1.58557691066e-06, 1.94654762709e-06, 1.75747550202e-06, 9.59653107202e-07, 9.42054612096e-07, 8.56034375829e-07, 6.93843503541e-07, 4.5790011427e-07, 3.64098696082e-07, 3.85879332043e-07, 3.9511292016e-07, 3.77733528012e-07, 4.21867724754e-07, 8.47509511459e-07, 6.73273632401e-07, 6.97606083122e-07, 5.40825169537e-07, 4.55697517054e-07, 4.96934774219e-07, 2.26979310014e-07, 2.9291348369e-07, 1.81198842597e-07, 1.38162945973e-07, 9.58335562018e-08, 8.30054531775e-08, 9.53585299612e-08, 9.55098897748e-08, 7.91154448621e-08, 7.59420188956e-08, 6.67927153586e-08, 6.42268673801e-08, 5.12200415415e-08, 4.91825744575e-08, 3.88325815948e-08, 3.81359051005e-08, 3.16011963264e-08, 2.4509036578e-08, 9.78607950231e-09, 7.94604737564e-09, 5.61285951051e-09, 5.21747312021e-09, 5.58882939927e-09, 3.98804234081e-09, 2.18502349547e-09, 1.24408719437e-10, 6.44644494036e-12, 6.39072779071e-12, 6.35684864123e-12]
    },
    "mfcc": {
        "mean": [-800.81072998, 157.34992981, 31.8576965332, 21.0246715546, 4.69462060928, 2.4220495224, -6.34360599518, -0.877200305462, -2.71562886238, -1.84421789646, 0.214927256107, -2.14654445648, -3.08405256271],
        "cov": [[15917.6162109, 1568.56884766, -2175.24389648, 306.890655518, 389.270080566, 250.347290039, 214.233322144, 419.884124756, 19.4026641846, 259.534881592, 283.955413818, 145.435150146, -24.8721961975], [1568.56884766, 1971.16040039, 61.1012535095, -219.143188477, -81.5061950684, -43.3187484741, -60.4377365112, -17.7212085724, -31.6111831665, -24.8972415924, 21.1754302979, 8.96354389191, -3.56644225121], [-2175.24389648, 61.1012535095, 1141.75695801, 201.850723267, -59.9789505005, 73.8531723022, 17.8895244598, -45.5552635193, 31.6547756195, -79.259979248, -50.3173789978, -16.4742507935, -1.69400715828], [306.890655518, -219.143188477, 201.850723267, 547.513671875, 179.828887939, 109.103721619, 37.4263038635, 70.4435272217, 80.7829208374, 6.22346925735, 27.2971839905, 65.4351654053, 39.2276039124], [389.270080566, -81.5061950684, -59.9789505005, 179.828887939, 317.965515137, 113.306777954, 37.0278625488, 75.8879852295, 66.1560592651, 77.607093811, 43.4093208313, 22.0110282898, 37.0541000366], [250.347290039, -43.3187484741, 73.8531723022, 109.103721619, 113.306777954, 262.098083496, 121.239212036, 57.9559822083, 62.9081459045, 27.6017112732, 42.8174514771, 28.5243453979, 36.2300834656], [214.233322144, -60.4377365112, 17.8895244598, 37.4263038635, 37.0278625488, 121.239212036, 205.330551147, 105.737548828, 14.9711780548, 30.8362312317, 48.7120094299, 26.0396327972, 22.8480949402], [419.884124756, -17.7212085724, -45.5552635193, 70.4435272217, 75.8879852295, 57.9559822083, 105.737548828, 188.234100342, 68.508102417, 21.299331665, 30.9910697937, 37.0860404968, 36.584728241], [19.4026641846, -31.6111831665, 31.6547756195, 80.7829208374, 66.1560592651, 62.9081459045, 14.9711780548, 68.508102417, 152.527709961, 46.120098114, 8.34722137451, 22.0047073364, 30.6109333038], [259.534881592, -24.8972415924, -79.259979248, 6.22346925735, 77.607093811, 27.6017112732, 30.8362312317, 21.299331665, 46.120098114, 179.157592773, 73.3004989624, -20.077375412, 7.9998717308], [283.955413818, 21.1754302979, -50.3173789978, 27.2971839905, 43.4093208313, 42.8174514771, 48.7120094299, 30.9910697937, 8.34722137451, 73.3004989624, 141.292633057, 50.5873832703, 3.56402873993], [145.435150146, 8.96354389191, -16.4742507935, 65.4351654053, 22.0110282898, 28.5243453979, 26.0396327972, 37.0860404968, 22.0047073364, -20.077375412, 50.5873832703, 143.1690979, 52.7739105225], [-24.8721961975, -3.56644225121, -1.69400715828, 39.2276039124, 37.0541000366, 36.2300834656, 22.8480949402, 36.584728241, 30.6109333038, 7.9998717308, 3.56402873993, 52.7739105225, 119.453224182]],
        "icov": [[0.000127596547827, -0.000136676375405, 0.000286751106614, -0.000228400487686, 7.73063511588e-05, -0.000179912618478, 2.56331986748e-05, -0.000208650410059, 0.00015219420311, -0.000118560419651, 3.53981376975e-05, -2.5650328098e-05, 0.000170361003256], [-0.000136676375405, 0.000700506963767, -0.000404518359574, 0.000529689597897, -6.63411919959e-05, 9.93728608591e-05, 0.00031463772757, -7.69783946453e-06, -6.45666368655e-05, 0.000187530589756, -0.000264228991, -4.70979503007e-05, -0.000221933485591], [0.000286751106614, -0.000404518359574, 0.00175368390046, -0.00110166869126, 0.000616166333202, -0.00061892636586, -0.000337701902026, 0.000159103394253, -0.000136089758598, 0.000207159071579, 0.00016180241073, 0.00037066245568, 0.000299146224279], [-0.000228400487686, 0.000529689597897, -0.00110166869126, 0.00330117251724, -0.00159515894484, 6.87531428412e-05, 0.000306187954266, -4.87262841489e-05, -0.000740732706618, 0.000621559505817, -0.000223196242587, -0.000916195102036, -0.000141504424391], [7.73063511588e-05, -6.63411919959e-05, 0.000616166333202, -0.00159515894484, 0.00549718411639, -0.00226445053704, 0.00168697256595, -0.00188223784789, 0.000582652108278, -0.00209640339017, 0.000211834107176, 0.000167107544257, -0.00030697506736], [-0.000179912618478, 9.93728608591e-05, -0.00061892636586, 6.87531428412e-05, -0.00226445053704, 0.00772241922095, -0.00504528591409, 0.00289101735689, -0.00322733516805, 0.00188584788702, -0.00146292045247, 0.000781946349889, -0.00122710643336], [2.56331986748e-05, 0.00031463772757, -0.000337701902026, 0.000306187954266, 0.00168697256595, -0.00504528591409, 0.011254559271, -0.00669034523889, 0.00391063280404, -0.00204875506461, -0.000668018241413, -0.000517290201969, 0.000196224194951], [-0.000208650410059, -7.69783946453e-06, 0.000159103394253, -4.87262841489e-05, -0.00188223784789, 0.00289101735689, -0.00669034523889, 0.0115136550739, -0.00528406538069, 0.00238817138597, -0.00100473291241, 0.000235445579165, -0.0014448746806], [0.00015219420311, -6.45666368655e-05, -0.000136089758598, -0.000740732706618, 0.000582652108278, -0.00322733516805, 0.00391063280404, -0.00528406538069, 0.011439524591, -0.00432679848745, 0.00267597963102, -0.00195785495453, 8.2961480075e-05], [-0.000118560419651, 0.000187530589756, 0.000207159071579, 0.000621559505817, -0.00209640339017, 0.00188584788702, -0.00204875506461, 0.00238817138597, -0.00432679848745, 0.0110711827874, -0.00678288238123, 0.00493432953954, -0.00209174863994], [3.53981376975e-05, -0.000264228991, 0.00016180241073, -0.000223196242587, 0.000211834107176, -0.00146292045247, -0.000668018241413, -0.00100473291241, 0.00267597963102, -0.00678288238123, 0.0136196361855, -0.00660025561228, 0.00316667323932], [-2.5650328098e-05, -4.70979503007e-05, 0.00037066245568, -0.000916195102036, 0.000167107544257, 0.000781946349889, -0.000517290201969, 0.000235445579165, -0.00195785495453, 0.00493432953954, -0.00660025561228, 0.0125453770161, -0.00513708917424], [0.000170361003256, -0.000221933485591, 0.000299146224279, -0.000141504424391, -0.00030697506736, -0.00122710643336, 0.000196224194951, -0.0014448746806, 8.2961480075e-05, -0.00209174863994, 0.00316667323932, -0.00513708917424, 0.0116173140705]]
    },
    "spectral_contrast_coeffs": {
        "mean": [-0.68744379282, -0.725684940815, -0.759411692619, -0.793282628059, -0.821530282497, -0.8199172616],
        "stdev": [0.0988775342703, 0.0991005823016, 0.0956370830536, 0.085225187242, 0.070388391614, 0.0533484816551]
    },
    "spectral_contrast_valleys": {
        "mean": [-7.82965326309, -8.13463687897, -9.35708999634, -9.93386936188, -10.1074752808, -12.3063230515],
        "stdev": [3.07950210571, 3.00422811508, 2.90268015862, 2.9130961895, 2.96247386932, 2.60021138191]
    }
},
"rhythm": {
    "beats_count": 472,
    "beats_loudness": {
        "mean": 0.0321275554597,
        "stdev": 0.0412729457021
    },
    "bpm": 143.234359741,
    "bpm_histogram_first_peak_bpm": 144,
    "bpm_histogram_first_peak_weight": 0.472527503967,
    "bpm_histogram_second_peak_bpm": 136,
    "bpm_histogram_second_peak_spread": 0.341463387012,
    "bpm_histogram_second_peak_weight": 0.0573248416185,
    "danceability": 1.24960327148,
    "onset_rate": 3.21852135658,
    "beats_loudness_band_ratio": {
        "mean": [0.45806607604, 0.289333373308, 0.191655382514, 0.0622371286154, 0.0354689732194, 0.00566949602216],
        "stdev": [0.33243650198, 0.267575919628, 0.208052381873, 0.118384622037, 0.080633662641, 0.0115553652868]
    },
    "beats_position": [0.452789098024, 0.905578196049, 1.35836732388, 1.8111563921, 2.26394557953, 2.71673464775, 3.16952371597, 3.62231278419, 4.08671188354, 4.55111122131, 5.02712011337, 5.50312900543, 5.99074840546, 6.47836732864, 6.96598625183, 7.45360517502, 7.92961454391, 8.40562343597, 8.88163280487, 9.38086128235, 9.85687065125, 10.3444900513, 10.8204984665, 11.3081178665, 11.7841272354, 12.1904764175, 12.5968255997, 13.0031747818, 13.4095239639, 13.8158731461, 14.2222223282, 14.6285715103, 15.0349206924, 15.4528799057, 15.870839119, 16.2887973785, 16.637096405, 16.9853973389, 17.3336963654, 17.6703853607, 18.0070743561, 18.3437633514, 18.6920623779, 19.0171432495, 19.3306121826, 19.6556911469, 19.96916008, 20.2826309204, 20.6077098846, 20.9676189423, 21.339138031, 21.7106571198, 22.0937862396, 22.523355484, 22.9529247284, 23.3708839417, 23.8468933105, 24.3112926483, 24.764081955, 25.2633094788, 25.7625389099, 26.2501583099, 26.73777771, 27.1789569855, 27.6317462921, 28.0729255676, 28.537322998, 29.0133323669, 29.500951767, 29.9769611359, 30.4529705048, 30.9057598114, 31.3469390869, 31.776506424, 32.2176856995, 32.6356468201, 33.0652160645, 33.4947853088, 33.9243545532, 34.3655319214, 34.7951011658, 35.2246704102, 35.6658477783, 36.0838088989, 36.5133781433, 36.9313354492, 37.3609046936, 37.790473938, 38.2200431824, 38.6496124268, 39.0791816711, 39.5087509155, 39.9383201599, 40.3678894043, 40.7974586487, 41.2154197693, 41.6449890137, 42.0629463196, 42.492515564, 42.9104766846, 43.340045929, 43.7696151733, 44.1991844177, 44.6403617859, 45.0815429688, 45.5111083984, 45.9406776428, 46.3702468872, 46.7998161316, 47.229385376, 47.6473464966, 48.076915741, 48.5064849854, 48.9360542297, 49.3656234741, 49.7951927185, 50.2247619629, 50.6427192688, 51.0606803894, 51.4902496338, 51.9198188782, 52.3377761841, 52.7557373047, 53.1736946106, 53.5916557312, 54.0096130371, 54.4391822815, 54.8687515259, 55.2867126465, 55.7278900146, 56.1458511353, 56.5638084412, 56.9817695618, 57.3997268677, 57.8176841736, 58.2356452942, 58.6536026001, 59.0715637207, 59.4895210266, 59.8958702087, 60.3138313293, 60.7201805115, 61.1265296936, 61.5328788757, 61.9508361816, 62.3687973022, 62.7751464844, 63.169883728, 63.5646247864, 63.9709739685, 64.3657150269, 64.772064209, 65.1900177002, 65.6195907593, 66.049156189, 66.4555053711, 66.8734664917, 67.2914276123, 67.7093887329, 68.115737915, 68.5220870972, 68.9516525269, 69.3696136475, 69.7991790771, 70.2403640747, 70.6815414429, 71.122718811, 71.5638961792, 72.0050811768, 72.4346466064, 72.9222640991, 73.4098815918, 73.9091110229, 74.3735122681, 74.8379135132, 75.3139190674, 75.766708374, 76.1962814331, 76.6258468628, 77.0670318604, 77.4849853516, 77.8797302246, 78.2976837158, 78.7156448364, 79.1219940186, 79.5399551392, 79.9463043213, 80.3642578125, 80.7822189331, 81.2001800537, 81.6181411743, 82.0360946655, 82.4540557861, 82.8720169067, 83.2783660889, 83.684715271, 84.0910644531, 84.4974136353, 84.9153747559, 85.3333282471, 85.7512893677, 86.1808624268, 86.5872116089, 86.993560791, 87.3999099731, 87.8294754028, 88.2474365234, 88.6770019531, 89.1065750122, 89.5245361328, 89.9308853149, 90.3488388062, 90.7667999268, 91.1847610474, 91.602722168, 92.0206756592, 92.4386367798, 92.8565979004, 93.274559021, 93.6925125122, 94.1104736328, 94.5284347534, 94.946395874, 95.3643493652, 95.7823104858, 96.2118835449, 96.6298370361, 97.0361862183, 97.4541473389, 97.8837203979, 98.3016738892, 98.7312469482, 99.1492080688, 99.5671615601, 99.9851226807, 100.403083801, 100.832649231, 101.26222229, 101.69178772, 102.121360779, 102.550926208, 102.980499268, 103.398452759, 103.828025818, 104.234375, 104.652336121, 105.070289612, 105.488250732, 105.917823792, 106.347389221, 106.765350342, 107.183311462, 107.601264954, 108.019226074, 108.437187195, 108.855148315, 109.296325684, 109.725891113, 110.132240295, 110.550201416, 110.968162537, 111.386123657, 111.792472839, 112.198822021, 112.605171204, 113.011520386, 113.417869568, 113.82421875, 114.242172241, 114.660133362, 115.078094482, 115.496055603, 115.925621033, 116.355194092, 116.784759521, 117.214332581, 117.632286072, 118.061859131, 118.468208313, 118.886169434, 119.304122925, 119.710472107, 120.116821289, 120.53478241, 120.95274353, 121.370697021, 121.777046204, 122.195007324, 122.601356506, 123.019317627, 123.425666809, 123.832015991, 124.238365173, 124.644714355, 125.062675476, 125.480628967, 125.898590088, 126.30493927, 126.722900391, 127.140861511, 127.570426941, 127.988388062, 128.417953491, 128.847518921, 129.288711548, 129.729888916, 130.159454346, 130.589019775, 131.006988525, 131.424942017, 131.842895508, 132.260864258, 132.678817749, 133.09677124, 133.526351929, 133.955917358, 134.37387085, 134.7918396, 135.209793091, 135.627746582, 136.045715332, 136.475280762, 136.893234253, 137.299591064, 137.717544556, 138.135513306, 138.553466797, 138.971420288, 139.389389038, 139.807342529, 140.225296021, 140.643264771, 141.0728302, 141.50239563, 141.92036438, 142.34992981, 142.767883301, 143.197463989, 143.627029419, 144.04498291, 144.47454834, 144.904129028, 145.333694458, 145.751647949, 146.169616699, 146.58757019, 147.005523682, 147.423492432, 147.829833984, 148.236190796, 148.654144287, 149.072113037, 149.490066528, 149.90802002, 150.32598877, 150.732330322, 151.138687134, 151.556640625, 151.974594116, 152.392562866, 152.810516357, 153.228485107, 153.646438599, 154.06439209, 154.48236084, 154.900314331, 155.318267822, 155.736236572, 156.17741394, 156.60697937, 157.024932861, 157.45451355, 157.872467041, 158.290420532, 158.708389282, 159.137954712, 159.567520142, 159.985488892, 160.403442383, 160.821395874, 161.250976562, 161.668930054, 162.086883545, 162.516464233, 162.946029663, 163.352371216, 163.758728027, 164.176681519, 164.58303833, 164.977767944, 165.372512817, 165.790466309, 166.208435059, 166.62638855, 167.0443573, 167.462310791, 167.880264282, 168.298233032, 168.716186523, 169.134140015, 169.575332642, 170.004898071, 170.434463501, 170.875640869, 171.305206299, 171.746398926, 172.199172974, 172.710021973, 173.220855713, 173.743301392, 174.265762329, 174.788208008, 175.322265625, 175.775054932, 176.239456177, 176.692245483, 177.121810913, 177.539764404, 177.957733154, 178.375686646, 178.805252075, 179.223220825, 179.652786255, 180.093963623, 180.511917114, 180.953109741, 181.371063232, 181.789016724, 182.206985474, 182.624938965, 183.031295776, 183.437637329, 183.85559082, 184.27355957, 184.691513062, 185.121078491, 185.539047241, 185.957000732, 186.363357544, 186.769699097, 187.176055908, 187.547576904, 187.953918457, 188.360275269, 188.77822876, 189.196182251, 189.602539062, 190.020492554, 190.438461304, 190.856414795, 191.274368286, 191.692337036, 192.110290527, 192.539855957, 192.957824707, 193.375778198, 193.78213501, 194.188476562, 194.606430054, 195.012786865, 195.419128418, 195.825485229, 196.220230103, 196.626571655, 197.056137085, 197.497314453, 197.93850708, 198.36807251, 198.809249878, 199.238815308, 199.668380737, 200.097961426],
    "bpm_histogram": [0, 0, 0, 0, 0, 0, 0, 0, 0, 0, 0, 0, 0, 0, 0, 0, 0, 0, 0, 0, 0, 0, 0, 0, 0, 0, 0, 0, 0, 0, 0, 0, 0, 0, 0, 0, 0, 0, 0, 0, 0, 0, 0, 0, 0, 0, 0, 0, 0, 0, 0, 0, 0, 0, 0, 0, 0, 0, 0, 0, 0, 0, 0, 0, 0, 0, 0, 0, 0, 0, 0, 0, 0, 0, 0, 0, 0, 0, 0, 0, 0, 0, 0, 0, 0, 0, 0, 0, 0, 0, 0, 0, 0, 0, 0, 0, 0, 0, 0, 0, 0, 0, 0, 0, 0, 0, 0, 0, 0, 0, 0, 0, 0.00212314235978, 0, 0, 0.0063694268465, 0, 0.00424628471956, 0, 0, 0.00849256943911, 0, 0, 0.0233545638621, 0, 0, 0.0276008490473, 0, 0, 0.0148619953543, 0, 0, 0, 0.0297239907086, 0, 0, 0.0573248416185, 0, 0, 0, 0.218683645129, 0, 0, 0, 0.407643318176, 0, 0, 0, 0.14649681747, 0, 0, 0, 0.0148619953543, 0, 0, 0, 0, 0.00212314235978, 0, 0, 0, 0.0063694268465, 0, 0, 0, 0, 0, 0.00212314235978, 0, 0, 0, 0, 0.00849256943911, 0, 0, 0, 0, 0, 0.0063694268465, 0, 0, 0, 0, 0, 0, 0.0063694268465, 0, 0, 0, 0, 0, 0.0063694268465, 0, 0, 0, 0, 0, 0, 0, 0, 0, 0, 0, 0, 0, 0, 0, 0, 0, 0, 0, 0, 0, 0, 0, 0, 0, 0, 0, 0, 0, 0, 0, 0, 0, 0, 0, 0, 0, 0, 0, 0, 0, 0, 0, 0, 0, 0, 0, 0, 0, 0, 0, 0, 0, 0, 0, 0, 0, 0]
},
"tonal": {
    "chords_changes_rate": 0.0987740010023,
    "chords_number_rate": 0.004857737571,
    "chords_strength": {
        "mean": 0.427166461945,
        "stdev": 0.20804053545
    },
    "hpcp_crest": {
        "mean": 15.3660564423,
        "stdev": 7.70697879791
    },
    "hpcp_entropy": {
        "mean": 1.66419267654,
        "stdev": 0.771473348141
    },
    "key_edma": {
        "strength": 0.702457129955,
        "key": "C",
        "scale": "minor"
    },
    "key_krumhansl": {
        "strength": 0.714326918125,
        "key": "C",
        "scale": "minor"
    },
    "key_temperley": {
        "strength": 0.716759204865,
        "key": "C",
        "scale": "minor"
    },
    "tuning_diatonic_strength": 0.399667561054,
    "tuning_equal_tempered_deviation": 0.0691564232111,
    "tuning_frequency": 437.971466064,
    "tuning_nontempered_energy_ratio": 0.740647614002,
    "hpcp": {
        "mean": [0.0850281864405, 0.0639374256134, 0.0565025024116, 0.105023123324, 0.0994234606624, 0.0596878714859, 0.0771731138229, 0.0808246582747, 0.156084269285, 0.240702658892, 0.148953869939, 0.0673201009631, 0.0933093652129, 0.0819642618299, 0.0809690356255, 0.1476957798, 0.127302125096, 0.0815516784787, 0.116677209735, 0.0963216647506, 0.0677683278918, 0.0766876488924, 0.0550049059093, 0.0665088444948, 0.0978289097548, 0.0683386921883, 0.0590262264013, 0.106045305729, 0.0929666683078, 0.112223796546, 0.16497220099, 0.113343387842, 0.0861544534564, 0.103057414293, 0.0811327770352, 0.0750437229872],
        "stdev": [0.21025185287, 0.170061767101, 0.153375014663, 0.2394105196, 0.227822825313, 0.160363689065, 0.207125499845, 0.20273578167, 0.259975671768, 0.363212734461, 0.246556743979, 0.176590904593, 0.232671782374, 0.212811157107, 0.188347622752, 0.293135344982, 0.255250185728, 0.189572289586, 0.253084987402, 0.214327096939, 0.186832636595, 0.206103280187, 0.1565900594, 0.169824019074, 0.230409607291, 0.172548815608, 0.160342440009, 0.25022020936, 0.214509159327, 0.223534584045, 0.309333026409, 0.222662463784, 0.208348557353, 0.237061455846, 0.187132060528, 0.191929444671]
    },
    "chords_histogram": [8.99838066101, 4.46449232101, 2.8221142292, 2.5907933712, 0.971547544003, 4.32569980621, 2.8221142292, 11.0340042114, 1.6192458868, 8.32754993439, 7.26347446442, 3.19222760201, 0.3238491714, 2.8915104866, 3.30788803101, 0.0925283357501, 1.4573212862, 2.7527179718, 2.3132083416, 1.5267175436, 4.88086986542, 5.5054359436, 7.35600280762, 9.16030502319],
    "thpcp": [1, 0.618829369545, 0.27968159318, 0.387654066086, 0.34052079916, 0.336386114359, 0.613602638245, 0.528877079487, 0.338806718588, 0.484735846519, 0.400168687105, 0.281543731689, 0.318599104881, 0.22851806879, 0.276311218739, 0.406430542469, 0.283913314342, 0.245224654675, 0.44056558609, 0.386230319738, 0.466234147549, 0.685377538204, 0.470885485411, 0.357928961515, 0.428152382374, 0.33706638217, 0.311769396067, 0.353249877691, 0.265628248453, 0.234739840031, 0.436318904161, 0.413055092096, 0.247973456979, 0.320615947247, 0.335786312819, 0.64845263958],
    "chords_key": "C",
    "chords_scale": "major"
}
}