{
"metadata": {
    "version": {
        "essentia": "2.1-dev",
        "essentia_git_sha": "v2.1_beta3-415-gd5473f3",
        "extractor": "music 2.0"
    },
    "audio_properties": {
        "analysis": {
            "equal_loudness": 0,
            "length": 492.146942139,
            "sample_rate": 44100,
            "start_time": 0,
            "downmix": "mix"
        },
        "bit_rate": 192000,
        "length": 492.146942139,
        "lossless": 0,
        "number_channels": 2,
        "replay_gain": -7.95364570618,
        "sample_rate": 44100,
        "codec": "mp3",
        "md5_encoded": "78d6e2bb4eb92db9ab1dd6d09863e7c3"
    },
    "tags": {
        "file_name": "art_blakey-couldnt_it_be_you.mp3",
        "album": ["A Night In Tunisia (New Editio"],
        "artist": ["Art Blakey"],
        "date": ["2002"],
        "genre": ["Other"],
        "title": ["Couldn't It Be You"]
    }
},
"lowlevel": {
    "average_loudness": 0.783236861229,
    "barkbands_crest": {
        "mean": 11.7028112411,
        "stdev": 5.30706453323
    },
    "barkbands_flatness_db": {
        "mean": 0.173188462853,
        "stdev": 0.0716378390789
    },
    "barkbands_kurtosis": {
        "mean": 10.640411377,
        "stdev": 34.7427558899
    },
    "barkbands_skewness": {
        "mean": 1.90999531746,
        "stdev": 2.26372599602
    },
    "barkbands_spread": {
        "mean": 18.5959682465,
        "stdev": 12.7619476318
    },
    "dissonance": {
        "mean": 0.449528306723,
        "stdev": 0.0404762066901
    },
    "dynamic_complexity": 3.63710570335,
    "erbbands_crest": {
        "mean": 9.91854572296,
        "stdev": 4.99548482895
    },
    "erbbands_flatness_db": {
        "mean": 0.17629379034,
        "stdev": 0.0638637766242
    },
    "erbbands_kurtosis": {
        "mean": 1.29291439056,
        "stdev": 5.36809396744
    },
    "erbbands_skewness": {
        "mean": 0.498032361269,
        "stdev": 0.957693219185
    },
    "erbbands_spread": {
        "mean": 39.5662345886,
        "stdev": 27.5646648407
    },
    "hfc": {
        "mean": 15.5491895676,
        "stdev": 20.7157039642
    },
    "loudness_ebu128": {
        "integrated": -17.3292427063,
        "loudness_range": 5.51176643372,
        "momentary": {
            "mean": -20.6050720215,
            "stdev": 24.9071884155
        },
        "short_term": {
            "mean": -18.7864570618,
            "stdev": 14.3416547775
        }
    },
    "melbands_crest": {
        "mean": 15.4628162384,
        "stdev": 5.913854599
    },
    "melbands_flatness_db": {
        "mean": 0.227343156934,
        "stdev": 0.0927749499679
    },
    "melbands_kurtosis": {
        "mean": 28.5745601654,
        "stdev": 68.9826507568
    },
    "melbands_skewness": {
        "mean": 3.09042668343,
        "stdev": 3.13974690437
    },
    "melbands_spread": {
        "mean": 22.0454216003,
        "stdev": 20.2857875824
    },
    "pitch_salience": {
        "mean": 0.51385474205,
        "stdev": 0.172996819019
    },
    "silence_rate_20dB": {
        "mean": 1,
        "stdev": 0
    },
    "silence_rate_30dB": {
        "mean": 0.999528229237,
        "stdev": 0.0217137485743
    },
    "silence_rate_60dB": {
        "mean": 0.113511987031,
        "stdev": 0.317234784365
    },
    "spectral_centroid": {
        "mean": 1422.75244141,
        "stdev": 1156.17163086
    },
    "spectral_complexity": {
        "mean": 10.7215509415,
        "stdev": 6.72753047943
    },
    "spectral_decrease": {
        "mean": -4.83719331257e-09,
        "stdev": 4.34138325289e-09
    },
    "spectral_energy": {
        "mean": 0.0196669921279,
        "stdev": 0.0174606386572
    },
    "spectral_energyband_high": {
        "mean": 0.000534447375685,
        "stdev": 0.00105903530493
    },
    "spectral_energyband_low": {
        "mean": 0.00712568406016,
        "stdev": 0.0118430750445
    },
    "spectral_energyband_middle_high": {
        "mean": 0.0052433796227,
        "stdev": 0.00881773140281
    },
    "spectral_energyband_middle_low": {
        "mean": 0.00736289843917,
        "stdev": 0.0101050622761
    },
    "spectral_entropy": {
        "mean": 7.33584451675,
        "stdev": 0.661499977112
    },
    "spectral_flux": {
        "mean": 0.0615778341889,
        "stdev": 0.0397324375808
    },
    "spectral_kurtosis": {
        "mean": 6.25619506836,
        "stdev": 10.8743009567
    },
    "spectral_rms": {
        "mean": 0.00393251422793,
        "stdev": 0.00192944926675
    },
    "spectral_rolloff": {
        "mean": 1423.30871582,
        "stdev": 2002.99035645
    },
    "spectral_skewness": {
        "mean": 1.58141934872,
        "stdev": 1.0472522974
    },
    "spectral_spread": {
        "mean": 4694231.5,
        "stdev": 3653729.5
    },
    "spectral_strongpeak": {
        "mean": 1.15512692928,
        "stdev": 1.63233685493
    },
    "zerocrossingrate": {
        "mean": 0.0545038990676,
        "stdev": 0.0505925156176
    },
    "barkbands": {
        "mean": [4.04672937293e-06, 0.00395663408563, 0.002814484993, 0.000813002407085, 0.00179241527803, 0.00136760016903, 0.000965255429037, 0.000852041761391, 0.00118081062101, 0.000950233137701, 0.000585072790273, 0.000622307183221, 0.000635600241367, 0.000534076069016, 0.000477322319057, 0.000372353068087, 0.000318045669701, 0.000364452047506, 0.000366482010577, 0.000304281624267, 0.000175063571078, 8.2465041487e-05, 6.44689207547e-05, 4.35399306298e-05, 1.48490771608e-05, 9.23978950595e-06, 8.0227403032e-07],
        "stdev": [9.54031384026e-06, 0.0100491242483, 0.00534748332575, 0.00207417458296, 0.00484063150361, 0.00236711790785, 0.00201911269687, 0.00232795788907, 0.00323281041346, 0.00388627825305, 0.00187854352407, 0.00191294460092, 0.00208081887104, 0.00181568937842, 0.00141799566336, 0.00135576201137, 0.00101215485483, 0.000878939928953, 0.000881039188243, 0.000804990704637, 0.000387202511774, 0.000165294448379, 0.000127312421682, 9.21194005059e-05, 2.89686176984e-05, 2.32442944252e-05, 2.92798245027e-06]
    },
    "erbbands": {
        "mean": [0.0640935450792, 1.08899116516, 3.10649847984, 3.04844331741, 5.21316099167, 4.85477399826, 9.03227424622, 11.4959144592, 14.3943510056, 14.4809427261, 22.2274913788, 27.19962883, 30.8060932159, 21.9893379211, 26.623260498, 26.5836162567, 28.0603790283, 30.8102416992, 25.2556819916, 22.3683338165, 20.4822025299, 17.0513401031, 20.4755554199, 20.9183082581, 16.4013214111, 13.6392564774, 9.66737556458, 4.90887022018, 2.99829649925, 2.52257204056, 1.76559400558, 1.16998291016, 0.530391812325, 0.192345842719, 0.0994074046612, 0.0420710705221, 0.0166443865746, 0.00328909652308, 0.000111206587462, 2.62011180894e-05],
        "stdev": [0.175424620509, 2.60214447975, 5.16933870316, 5.04366159439, 19.664100647, 12.8361940384, 19.9476890564, 22.0223922729, 27.6807804108, 38.3317527771, 57.5539894104, 75.9826431274, 123.378036499, 72.2002563477, 87.1695251465, 78.4046096802, 85.2977981567, 90.0619430542, 70.7310638428, 58.6532974243, 60.2063903809, 54.6727790833, 47.0986061096, 54.5806465149, 40.1022453308, 36.9713745117, 22.3500175476, 10.6646261215, 5.64714765549, 5.504570961, 3.40246748924, 2.40324115753, 1.08671176434, 0.382014304399, 0.195456326008, 0.0964303687215, 0.043678842485, 0.00991754047573, 0.000370225985534, 2.32833335758e-05]
    },
    "gfcc": {
        "mean": [-56.2826652527, 90.6159133911, -118.287590027, 35.9061660767, -62.6788482666, 9.72395420074, -30.5180892944, 7.82968568802, -22.1843338013, 2.6829829216, -13.5816459656, -2.19304680824, -15.4615659714],
        "cov": [[17044.7167969, -180.079925537, -2498.57128906, 874.567565918, -257.928131104, 560.031311035, -216.955291748, 438.33984375, -71.922454834, 293.819641113, -40.4508857727, 66.329826355, -197.042617798], [-180.079925537, 1578.24743652, 190.620986938, -617.867919922, -92.5810165405, -291.553619385, -76.1687774658, -324.825653076, -58.6140556335, -188.511413574, 16.1640033722, -109.55153656, 76.0356369019], [-2498.57128906, 190.620986938, 1853.47033691, 376.896575928, -90.1935119629, 26.9194831848, 79.0440216064, 49.5821113586, -18.0431060791, -74.3256912231, -96.3619155884, -59.3046188354, -80.0309448242], [874.567565918, -617.867919922, 376.896575928, 882.061218262, 159.386642456, 318.489898682, 146.273910522, 305.94744873, 74.650970459, 114.232452393, -12.0356082916, 12.0637130737, -101.985679626], [-257.928131104, -92.5810165405, -90.1935119629, 159.386642456, 381.725799561, 189.643203735, 119.812652588, 55.2994880676, 80.3326797485, 39.9519004822, 32.9186630249, -17.8447246552, -0.905718505383], [560.031311035, -291.553619385, 26.9194831848, 318.489898682, 189.643203735, 368.278167725, 159.929672241, 188.229827881, 73.58568573, 87.3102416992, 6.25992584229, 12.5067634583, -35.6300048828], [-216.955291748, -76.1687774658, 79.0440216064, 146.273910522, 119.812652588, 159.929672241, 202.444061279, 147.075698853, 80.3278808594, 24.3025512695, 19.7625617981, 1.44942772388, 2.49613332748], [438.33984375, -324.825653076, 49.5821113586, 305.94744873, 55.2994880676, 188.229827881, 147.075698853, 275.799560547, 111.548171997, 87.9466018677, 13.1401720047, 24.1222171783, -29.8713493347], [-71.922454834, -58.6140556335, -18.0431060791, 74.650970459, 80.3326797485, 73.58568573, 80.3278808594, 111.548171997, 128.661499023, 71.2301330566, 32.1155090332, -4.25525951385, -3.15859127045], [293.819641113, -188.511413574, -74.3256912231, 114.232452393, 39.9519004822, 87.3102416992, 24.3025512695, 87.9466018677, 71.2301330566, 123.357276917, 52.2530860901, 31.1765518188, -15.9143915176], [-40.4508857727, 16.1640033722, -96.3619155884, -12.0356082916, 32.9186630249, 6.25992584229, 19.7625617981, 13.1401720047, 32.1155090332, 52.2530860901, 99.5274810791, 55.3203544617, 29.3681793213], [66.329826355, -109.55153656, -59.3046188354, 12.0637130737, -17.8447246552, 12.5067634583, 1.44942772388, 24.1222171783, -4.25525951385, 31.1765518188, 55.3203544617, 112.138755798, 60.7365531921], [-197.042617798, 76.0356369019, -80.0309448242, -101.985679626, -0.905718505383, -35.6300048828, 2.49613332748, -29.8713493347, -3.15859127045, -15.9143915176, 29.3681793213, 60.7365531921, 107.84198761]],
        "icov": [[0.000170818981132, -0.000343347375747, 0.00037276383955, -0.000389187887777, 0.000266213377472, -0.00030244118534, 0.00038573690108, -0.000365483836504, 0.000352692091838, -0.00033521692967, 0.000513553444762, -0.00033904646989, 0.000266878545517], [-0.000343347375747, 0.00210870336741, -0.00102784670889, 0.00131135887932, -0.000137298280606, 0.0002509362821, -0.000758895883337, 0.00163847755175, -0.00163442222401, 0.00247302325442, -0.00327503145672, 0.00285510648973, -0.00148262723815], [0.00037276383955, -0.00102784670889, 0.00160473026335, -0.00153635174502, 0.000995996640995, -0.000490684644319, 0.000134931091452, -0.000138065006468, 0.000300498009892, -0.000478769245092, 0.00198843167163, -0.00142878352199, 0.0011499801185], [-0.000389187887777, 0.00131135887932, -0.00153635174502, 0.00406752619892, -0.0017867507413, -4.42049895355e-06, 0.000155165442266, -0.00234721880406, 0.00119974382687, 0.000258596672211, -0.00174959399737, 0.0011544827139, 0.000300137704471], [0.000266213377472, -0.000137298280606, 0.000995996640995, -0.0017867507413, 0.005946054589, -0.00324139348231, -0.00108158006333, 0.00359498849139, -0.00354981282726, 0.00165744055994, -0.00149329216219, 0.00146705238149, -0.000646498403512], [-0.00030244118534, 0.0002509362821, -0.000490684644319, -4.42049895355e-06, -0.00324139348231, 0.00844286289066, -0.00475662527606, -0.00135743070859, 0.00312171876431, -0.00491449004039, 0.00316757964902, -0.00138676166534, 0.000683071964886], [0.00038573690108, -0.000758895883337, 0.000134931091452, 0.000155165442266, -0.00108158006333, -0.00475662527606, 0.0155291901901, -0.00790456496179, -0.00207581254654, 0.00638900604099, -0.004329232499, 0.00221443967894, -0.0018290032167], [-0.000365483836504, 0.00163847755175, -0.000138065006468, -0.00234721880406, 0.00359498849139, -0.00135743070859, -0.00790456496179, 0.0178522113711, -0.0111835692078, 0.000936720694881, 0.00186256959569, -0.00366963702254, 0.00193453743123], [0.000352692091838, -0.00163442222401, 0.000300498009892, 0.00119974382687, -0.00354981282726, 0.00312171876431, -0.00207581254654, -0.0111835692078, 0.0259833838791, -0.0143370199949, 0.000286374561256, 0.00683702342212, -0.00417704787105], [-0.00033521692967, 0.00247302325442, -0.000478769245092, 0.000258596672211, 0.00165744055994, -0.00491449004039, 0.00638900604099, 0.000936720694881, -0.0143370199949, 0.0277649611235, -0.0131255006418, -0.00101769191679, 0.00385989644565], [0.000513553444762, -0.00327503145672, 0.00198843167163, -0.00174959399737, -0.00149329216219, 0.00316757964902, -0.004329232499, 0.00186256959569, 0.000286374561256, -0.0131255006418, 0.0275222416967, -0.0152066936716, 0.00385944265872], [-0.00033904646989, 0.00285510648973, -0.00142878352199, 0.0011544827139, 0.00146705238149, -0.00138676166534, 0.00221443967894, -0.00366963702254, 0.00683702342212, -0.00101769191679, -0.0152066936716, 0.0290362220258, -0.0162765588611], [0.000266878545517, -0.00148262723815, 0.0011499801185, 0.000300137704471, -0.000646498403512, 0.000683071964886, -0.0018290032167, 0.00193453743123, -0.00417704787105, 0.00385989644565, 0.00385944265872, -0.0162765588611, 0.0213046818972]]
    },
    "melbands": {
        "mean": [0.000900089391507, 0.00162863254081, 0.000625608372502, 0.000360549805919, 0.000291541102342, 0.000262380286586, 0.000215540683712, 0.000159283867106, 0.000188384932699, 0.000171261650394, 0.000154668363393, 9.02452811715e-05, 7.79827314545e-05, 7.12496912456e-05, 6.27311019343e-05, 7.24724959582e-05, 5.44954891666e-05, 3.85131206713e-05, 3.64320767403e-05, 3.00779847748e-05, 2.21608497668e-05, 1.90224436665e-05, 1.57721751748e-05, 1.763619548e-05, 1.72633299371e-05, 1.19286760309e-05, 1.12389097922e-05, 8.65228776092e-06, 6.51005711916e-06, 4.51757932751e-06, 2.30149089475e-06, 1.71122394477e-06, 1.46234003751e-06, 1.37097060815e-06, 1.07342759748e-06, 8.13594738247e-07, 6.68996676723e-07, 4.11930358268e-07, 2.18808338559e-07, 1.42102010159e-07],
        "stdev": [0.00239710137248, 0.00259122927673, 0.0012247886043, 0.00117362220772, 0.000615328724962, 0.000474568310892, 0.000405682483688, 0.000434462883277, 0.000526821007952, 0.000486899807584, 0.000630127615295, 0.000328207126586, 0.000247530435445, 0.00020588550251, 0.000274761667242, 0.000245218427153, 0.000180410163011, 0.000124663085444, 0.000121509125165, 0.00011644470942, 7.122628449e-05, 6.93169931765e-05, 4.07064326282e-05, 4.48441933258e-05, 4.99072266393e-05, 3.32531199092e-05, 3.17423364322e-05, 2.68207313638e-05, 1.72956479219e-05, 1.07816504169e-05, 5.48715433979e-06, 3.69776694242e-06, 2.78161132883e-06, 3.32220588461e-06, 2.28611929742e-06, 1.60536353633e-06, 1.412419806e-06, 8.72036082455e-07, 4.59396773067e-07, 2.79040477835e-07]
    },
    "melbands128": {
        "mean": [3.2437808386e-06, 0.000202055758564, 0.00147357792594, 0.00187361636199, 0.00170390517451, 0.00131776859052, 0.000572146906052, 0.000438409479102, 0.000632287643384, 0.000347660505213, 0.000222093454795, 0.000285502988845, 0.000365121581126, 0.000220030691708, 0.00024438960827, 0.000295691366773, 0.00028267930611, 0.000186509249033, 0.000177809037268, 0.000151969303261, 0.000160923416843, 0.000159248229465, 0.000217322085518, 0.000206378099392, 0.000139307332574, 0.000218293978833, 9.87079693004e-05, 0.00018799303507, 0.00015333032934, 9.29816451389e-05, 7.97528336989e-05, 5.57169078093e-05, 5.23312519363e-05, 0.000141717027873, 5.77868668188e-05, 5.45087896171e-05, 8.03016009741e-05, 8.03848161013e-05, 3.57723693014e-05, 4.60947012471e-05, 0.000118460884551, 5.69470466871e-05, 4.84183801746e-05, 6.22498992016e-05, 3.51882990799e-05, 3.31112169079e-05, 4.32183369412e-05, 4.62729913124e-05, 2.83107419818e-05, 1.89885140571e-05, 3.98875672545e-05, 3.12497722916e-05, 1.83130632649e-05, 2.01389029826e-05, 2.55474915321e-05, 1.96779528778e-05, 1.30576272568e-05, 1.01637160697e-05, 1.82922121894e-05, 2.50779085036e-05, 1.55031721079e-05, 1.12783727673e-05, 2.3603281079e-05, 1.63187269209e-05, 1.36002090585e-05, 1.07530913738e-05, 1.19048690976e-05, 1.23402869576e-05, 1.10259707071e-05, 9.99359690468e-06, 6.72668193147e-06, 1.09522852654e-05, 6.55751773593e-06, 5.80884534429e-06, 5.35971594218e-06, 6.08953496339e-06, 3.29002773469e-06, 2.57524811786e-06, 2.21562140723e-06, 1.88365470422e-06, 1.88434364645e-06, 1.41268617426e-06, 1.76453272616e-06, 1.27215423618e-06, 1.50566916091e-06, 1.42452063301e-06, 1.38370478453e-06, 1.17638398933e-06, 1.1117097074e-06, 9.32176305923e-07, 8.2670953816e-07, 7.51843344915e-07, 8.65211063683e-07, 6.44571287012e-07, 6.13259373949e-07, 4.61540736296e-07, 3.90929585592e-07, 2.92650355505e-07, 2.39444091221e-07, 1.66764536402e-07, 1.38092815405e-07, 1.5028156497e-07, 1.29740982402e-07, 1.16743457568e-07, 1.10041632695e-07, 1.14744636903e-07, 8.7450899855e-08, 8.13763278984e-08, 6.61368559918e-08, 6.44957793838e-08, 5.83071866345e-08, 6.03545373679e-08, 5.14819902264e-08, 5.07809048145e-08, 4.01720932075e-08, 3.62375729424e-08, 2.42590445509e-08, 8.64051319382e-09, 2.90635471245e-09, 6.52313258964e-10, 1.28378155329e-10, 3.20817018784e-11, 1.23265659832e-11, 1.67569846887e-11, 7.56819867193e-12, 4.05643053869e-12, 2.79047986974e-12, 2.72740423995e-12],
        "stdev": [7.8879920693e-06, 0.00056019629119, 0.00424408493564, 0.00450597191229, 0.00278418487869, 0.00254288432188, 0.00104829261545, 0.00141934852581, 0.00269335205667, 0.00146785588004, 0.0008129037451, 0.000694848422427, 0.00092927692458, 0.000537100248039, 0.000577438273467, 0.000736270099878, 0.000702221819665, 0.000503742019646, 0.000541554240044, 0.00059037754545, 0.000632344454061, 0.000652396876831, 0.000708777399268, 0.0009242494707, 0.000634904194158, 0.000779826077633, 0.000478385627503, 0.00115257920697, 0.000741820666008, 0.000562665227335, 0.000323773652781, 0.000237275249674, 0.000233101585764, 0.000609328853898, 0.00031256431248, 0.000265429087449, 0.000295607402222, 0.000549918040633, 0.000229097699048, 0.000225647963816, 0.000497948378325, 0.000281167012872, 0.000253019767115, 0.000289106101263, 0.000209779682336, 0.000165321558597, 0.000196127453819, 0.000228315926506, 0.000122672252473, 8.22184156277e-05, 0.000229146811762, 0.000146451900946, 0.000120947770483, 9.60154866334e-05, 0.000119877935504, 0.000115726827062, 7.49954924686e-05, 4.68426005682e-05, 7.13226181688e-05, 8.34236052469e-05, 6.2828999944e-05, 6.44898900646e-05, 0.00010956521146, 5.69574476685e-05, 6.43077073619e-05, 4.56832749478e-05, 4.9725160352e-05, 5.32443336851e-05, 4.25444086432e-05, 5.09234741912e-05, 3.19161990774e-05, 5.00868554809e-05, 2.89266790787e-05, 2.51758829108e-05, 1.83447773452e-05, 1.97012559511e-05, 1.30376674861e-05, 9.57328666118e-06, 8.16211195342e-06, 6.24350423095e-06, 6.77607840771e-06, 3.27722204929e-06, 4.17317642132e-06, 2.91854121315e-06, 4.74774697068e-06, 3.83231736123e-06, 4.92552408105e-06, 3.8008051888e-06, 3.43015540238e-06, 1.93646019397e-06, 1.91765411728e-06, 2.13682278627e-06, 2.24862787945e-06, 1.56986584443e-06, 1.48419178458e-06, 1.28335705085e-06, 9.0315234047e-07, 6.9331542818e-07, 5.7848041024e-07, 3.9949748043e-07, 3.75515583073e-07, 2.97216104173e-07, 2.57445918805e-07, 2.55447929476e-07, 2.26645965995e-07, 2.67104582008e-07, 2.0721924443e-07, 2.05836741429e-07, 1.7618003767e-07, 1.53482545784e-07, 1.64021486171e-07, 1.69653645798e-07, 1.42466177522e-07, 1.53973019223e-07, 1.23705277133e-07, 1.17086621287e-07, 7.67656231915e-08, 4.90010734211e-08, 2.76814660083e-08, 8.48656078745e-09, 3.17305248743e-09, 9.80008074691e-10, 6.19976570082e-10, 1.03167685506e-09, 4.66554628265e-10, 1.85781751094e-10, 7.49598733779e-12, 4.77374086441e-12]
    },
    "mfcc": {
        "mean": [-693.222961426, 114.076820374, 2.09878230095, 28.9936580658, -5.36514091492, 4.23034572601, -0.619463264942, 3.87759852409, -4.15737199783, 4.3434305191, -0.0862744003534, 3.04268550873, -3.97849059105],
        "cov": [[8615.78417969, -931.564331055, -1320.42919922, 330.705932617, 184.013183594, 238.252151489, 131.606948853, 250.449188232, 108.633926392, 320.425109863, 194.434555054, 177.636398315, 203.89994812], [-931.564331055, 2009.81213379, 127.074111938, -425.753479004, -179.221496582, -162.840606689, -182.731994629, -270.069000244, -187.031158447, -222.12210083, -209.905715942, -156.520599365, -111.56804657], [-1320.42919922, 127.074111938, 1470.44909668, 318.511322021, 59.2312812805, 25.6035327911, 96.5221481323, 96.4108200073, 73.3333511353, 37.3669395447, 40.539730072, 32.4352722168, -68.6070327759], [330.705932617, -425.753479004, 318.511322021, 448.282043457, 156.649871826, 88.6293182373, 122.0756073, 150.581161499, 96.3809738159, 104.519058228, 108.652770996, 84.0332565308, 43.5849075317], [184.013183594, -179.221496582, 59.2312812805, 156.649871826, 227.897140503, 149.320327759, 99.5524749756, 83.5702819824, 74.4834594727, 72.9502868652, 66.963218689, 58.7914733887, 37.4668884277], [238.252151489, -162.840606689, 25.6035327911, 88.6293182373, 149.320327759, 212.860916138, 126.164352417, 89.392868042, 74.3960266113, 65.5546569824, 60.8342399597, 51.3873214722, 36.1337623596], [131.606948853, -182.731994629, 96.5221481323, 122.0756073, 99.5524749756, 126.164352417, 169.256210327, 135.802947998, 85.5322341919, 73.3560791016, 68.4233474731, 50.5974235535, 32.4475860596], [250.449188232, -270.069000244, 96.4108200073, 150.581161499, 83.5702819824, 89.392868042, 135.802947998, 199.208633423, 129.395004272, 95.3738098145, 87.5742416382, 52.875453949, 33.3536949158], [108.633926392, -187.031158447, 73.3333511353, 96.3809738159, 74.4834594727, 74.3960266113, 85.5322341919, 129.395004272, 157.186035156, 106.369842529, 71.5318145752, 46.5956077576, 16.6713542938], [320.425109863, -222.12210083, 37.3669395447, 104.519058228, 72.9502868652, 65.5546569824, 73.3560791016, 95.3738098145, 106.369842529, 152.174926758, 105.893463135, 62.6512336731, 29.7517642975], [194.434555054, -209.905715942, 40.539730072, 108.652770996, 66.963218689, 60.8342399597, 68.4233474731, 87.5742416382, 71.5318145752, 105.893463135, 149.686019897, 88.9440460205, 40.737121582], [177.636398315, -156.520599365, 32.4352722168, 84.0332565308, 58.7914733887, 51.3873214722, 50.5974235535, 52.875453949, 46.5956077576, 62.6512336731, 88.9440460205, 121.416740417, 69.0458755493], [203.89994812, -111.56804657, -68.6070327759, 43.5849075317, 37.4668884277, 36.1337623596, 32.4475860596, 33.3536949158, 16.6713542938, 29.7517642975, 40.737121582, 69.0458755493, 111.710037231]],
        "icov": [[0.000180522722076, -2.48406795436e-05, 0.000216591404751, -0.000248346448643, 0.00014329100668, -0.000267226074357, 0.000293922465062, -0.000429317180533, 0.000463923352072, -0.000601568433922, 0.000330926501192, -0.00021974525589, 6.29156638752e-05], [-2.48406795436e-05, 0.000776330591179, -0.00027281921939, 0.000710208376404, -0.000253776088357, 0.000282372056972, -0.000310600211378, 0.00069339631591, -0.000215393854887, 0.000533981015906, -2.59363405348e-05, 0.000291086966172, -2.75248366961e-05], [0.000216591404751, -0.00027281921939, 0.00124945340212, -0.00126399344299, 0.000473232357763, -0.000227678145166, -0.000101922611066, -0.00043822886073, 0.000264833419351, -0.000536616542377, 0.000598962884396, -0.00093292852398, 0.00112967879977], [-0.000248346448643, 0.000710208376404, -0.00126399344299, 0.00535736326128, -0.00293317832984, 0.00185032968875, -0.00078154617222, -0.00122931785882, 0.000526120129507, 0.000332668569172, -0.000959813420195, 6.85982813593e-05, -0.000584104738664], [0.00014329100668, -0.000253776088357, 0.000473232357763, -0.00293317832984, 0.0103568732738, -0.00633612461388, 0.000488582882099, 0.000697945884895, -0.000779873400461, -0.00106597761624, 0.000468133017421, -0.000944071391132, -4.13128873333e-05], [-0.000267226074357, 0.000282372056972, -0.000227678145166, 0.00185032968875, -0.00633612461388, 0.0132551053539, -0.0084047075361, 0.00321264751256, -0.00247366027907, 0.00161928962916, -0.00118373846635, 0.000472710147733, -0.000694949761964], [0.000293922465062, -0.000310600211378, -0.000101922611066, -0.00078154617222, 0.000488582882099, -0.0084047075361, 0.020883506164, -0.0126199731603, 0.00436890218407, -0.00285962386988, 0.00171424378641, -0.00171871681232, 0.000199256159249], [-0.000429317180533, 0.00069339631591, -0.00043822886073, -0.00122931785882, 0.000697945884895, 0.00321264751256, -0.0126199731603, 0.0224326457828, -0.0132509879768, 0.00498181395233, -0.00545816542581, 0.00429051415995, -0.00262952456251], [0.000463923352072, -0.000215393854887, 0.000264833419351, 0.000526120129507, -0.000779873400461, -0.00247366027907, 0.00436890218407, -0.0132509879768, 0.0220719464123, -0.0122015289962, 0.00523757468909, -0.00373235787265, 0.00299715809524], [-0.000601568433922, 0.000533981015906, -0.000536616542377, 0.000332668569172, -0.00106597761624, 0.00161928962916, -0.00285962386988, 0.00498181395233, -0.0122015289962, 0.0222969576716, -0.0115470932797, 0.00265089655295, -0.00119615136646], [0.000330926501192, -2.59363405348e-05, 0.000598962884396, -0.000959813420195, 0.000468133017421, -0.00118373846635, 0.00171424378641, -0.00545816542581, 0.00523757468909, -0.0115470932797, 0.020908774808, -0.011178098619, 0.00304793077521], [-0.00021974525589, 0.000291086966172, -0.00093292852398, 6.85982813593e-05, -0.000944071391132, 0.000472710147733, -0.00171871681232, 0.00429051415995, -0.00373235787265, 0.00265089655295, -0.011178098619, 0.0224484950304, -0.0104736946523], [6.29156638752e-05, -2.75248366961e-05, 0.00112967879977, -0.000584104738664, -4.13128873333e-05, -0.000694949761964, 0.000199256159249, -0.00262952456251, 0.00299715809524, -0.00119615136646, 0.00304793077521, -0.0104736946523, 0.0159303769469]]
    },
    "spectral_contrast_coeffs": {
        "mean": [-0.678004086018, -0.726427078247, -0.723709404469, -0.773322403431, -0.788625895977, -0.764864504337],
        "stdev": [0.0913263782859, 0.0951687544584, 0.102984845638, 0.0927771404386, 0.0700455009937, 0.0413131080568]
    },
    "spectral_contrast_valleys": {
        "mean": [-7.61606931686, -7.4608874321, -8.35189819336, -8.62479782104, -8.19338512421, -10.828083992],
        "stdev": [2.08644223213, 2.05767130852, 1.95545172691, 1.94505667686, 2.0057914257, 1.83872807026]
    }
},
"rhythm": {
    "beats_count": 824,
    "beats_loudness": {
        "mean": 0.0268101487309,
        "stdev": 0.0181624814868
    },
    "bpm": 98.934425354,
    "bpm_histogram_first_peak_bpm": 99,
    "bpm_histogram_first_peak_weight": 0.425396800041,
    "bpm_histogram_second_peak_bpm": 105,
    "bpm_histogram_second_peak_spread": 0.43478256464,
    "bpm_histogram_second_peak_weight": 0.0473876073956,
    "danceability": 1.26565396786,
    "onset_rate": 4.29130029678,
    "beats_loudness_band_ratio": {
        "mean": [0.487571656704, 0.166992783546, 0.147278800607, 0.113484457135, 0.0707439035177, 0.0585816577077],
        "stdev": [0.314632177353, 0.183733120561, 0.154075264931, 0.146232113242, 0.106434695423, 0.0670632347465]
    },
    "beats_position": [0.545668900013, 1.10294783115, 1.66022670269, 2.18267560005, 2.72834467888, 3.26240348816, 3.80807256699, 4.3653512001, 4.91102027893, 5.45668935776, 6.09523820877, 6.74539661407, 7.38394546509, 8.0224943161, 8.66104316711, 9.31120204926, 9.97297000885, 10.6347389221, 11.2965078354, 11.9582767487, 12.6084346771, 13.2585935593, 13.9087524414, 14.5589113235, 15.1974601746, 15.8360090256, 16.4745578766, 17.1247158051, 17.7632656097, 18.4018135071, 19.0403633118, 19.6789112091, 20.3174591064, 20.9560089111, 21.6177768707, 22.2679367065, 22.918094635, 23.5914726257, 24.2416324615, 24.89179039, 25.5187301636, 26.1456680298, 26.7726078033, 27.4111557007, 28.0497055054, 28.6766433716, 29.3035831451, 29.9421310425, 30.5690689087, 31.1843986511, 31.8113365173, 32.4382743835, 33.0652160645, 33.6921539307, 34.3190917969, 34.9460296631, 35.5845794678, 36.2231292725, 36.8500671387, 37.5002250671, 38.1503829956, 38.8005447388, 39.4507026672, 40.0892524719, 40.7277984619, 41.3663482666, 42.0281181335, 42.7014961243, 43.3516540527, 44.0018119812, 44.6403617859, 45.2789115906, 45.929069519, 46.5560073853, 47.1829452515, 47.8214950562, 48.4600448608, 49.0869827271, 49.7255325317, 50.3640823364, 51.0026283264, 51.6411781311, 52.2797279358, 52.9182739258, 53.5568237305, 54.1953735352, 54.8223114014, 55.4492492676, 56.0761909485, 56.7031288147, 57.3300666809, 57.9570045471, 58.583946228, 59.2108840942, 59.8378219604, 60.4647598267, 61.0916976929, 61.7186393738, 62.34557724, 62.9841270447, 63.5994529724, 64.2263946533, 64.8533325195, 65.4802703857, 66.0955963135, 66.7109298706, 67.3378677368, 67.964805603, 68.5801315308, 69.1954650879, 69.8107910156, 70.4377288818, 71.064666748, 71.6800003052, 72.2837142944, 72.8990478516, 73.5143737793, 74.1297073364, 74.7450332642, 75.3487548828, 75.975692749, 76.5794067383, 77.1831283569, 77.7984542847, 78.4137878418, 79.0175018311, 79.6328353882, 80.2481613159, 80.8634872437, 81.4788208008, 82.105758667, 82.7326965332, 83.3364181519, 83.9517440796, 84.5670700073, 85.170791626, 85.7745132446, 86.3782272339, 87.0051651001, 87.6204986572, 88.235824585, 88.8627624512, 89.4897003174, 90.116645813, 90.7319717407, 91.3472976685, 91.9742355347, 92.5895690918, 93.2048950195, 93.8202285767, 94.4355545044, 95.039276123, 95.6546020508, 96.2583236694, 96.8736495972, 97.4889755249, 98.104309082, 98.7080230713, 99.3233566284, 99.9386825562, 100.565620422, 101.180953979, 101.796279907, 102.423217773, 103.05015564, 103.665489197, 104.280815125, 104.907752991, 105.523078918, 106.138412476, 106.765350342, 107.392288208, 108.019226074, 108.634559631, 109.249885559, 109.876823425, 110.503761292, 111.130699158, 111.734420776, 112.349746704, 112.965080261, 113.580406189, 114.195732117, 114.822669983, 115.43800354, 116.053329468, 116.680267334, 117.3072052, 117.934150696, 118.561088562, 119.188026428, 119.814964294, 120.418685913, 121.045623779, 121.672561646, 122.299499512, 122.926437378, 123.553375244, 124.18031311, 124.807250977, 125.434196472, 126.061134338, 126.688072205, 127.315010071, 127.941947937, 128.557281494, 129.18421936, 129.811157227, 130.426483154, 131.053421021, 131.680358887, 132.295684814, 132.922622681, 133.537963867, 134.153289795, 134.768615723, 135.38394165, 135.999267578, 136.602996826, 137.229934692, 137.856872559, 138.472198486, 139.087524414, 139.702850342, 140.31817627, 140.945129395, 141.548843384, 142.164169312, 142.779495239, 143.383224487, 143.998550415, 144.613876343, 145.229202271, 145.844528198, 146.448257446, 147.051971436, 147.667297363, 148.282623291, 148.909561157, 149.524902344, 150.140228271, 150.743942261, 151.34765625, 151.962997437, 152.578323364, 153.182037354, 153.785751343, 154.412689209, 155.028030396, 155.643356323, 156.247070312, 156.86239624, 157.477722168, 158.081451416, 158.685165405, 159.300491333, 159.915817261, 160.531158447, 161.146484375, 161.773422241, 162.400360107, 163.027297974, 163.642623901, 164.257949829, 164.861679077, 165.465393066, 166.080718994, 166.696044922, 167.322982788, 167.926712036, 168.542037964, 169.157363892, 169.761077881, 170.364807129, 170.968521118, 171.583847046, 172.199172974, 172.802902222, 173.418228149, 174.033554077, 174.648880005, 175.264221191, 175.879547119, 176.506484985, 177.121810913, 177.737136841, 178.364074707, 178.991012573, 179.606338501, 180.210067749, 180.813781738, 181.417495728, 182.021224976, 182.648162842, 183.26348877, 183.878814697, 184.482528687, 185.086257935, 185.689971924, 186.293685913, 186.897415161, 187.524353027, 188.139678955, 188.731781006, 189.335510254, 189.939224243, 190.542938232, 191.14666748, 191.75038147, 192.354095459, 192.946212769, 193.538314819, 194.142044067, 194.745758057, 195.361083984, 195.976409912, 196.59173584, 197.207077026, 197.834014893, 198.460952759, 199.076278687, 199.691604614, 200.31854248, 200.945480347, 201.560806274, 202.176147461, 202.77986145, 203.406799316, 204.033737183, 204.64906311, 205.276000977, 205.902938843, 206.518280029, 207.133605957, 207.748931885, 208.364257812, 208.97958374, 209.583312988, 210.198638916, 210.813964844, 211.429290771, 212.044616699, 212.648345947, 213.263671875, 213.878997803, 214.482711792, 215.08644104, 215.701766968, 216.317092896, 216.920806885, 217.524536133, 218.139862061, 218.74357605, 219.335693359, 219.939407349, 220.543121338, 221.146850586, 221.738952637, 222.331054688, 222.934783936, 223.550109863, 224.165435791, 224.780761719, 225.384490967, 225.976593018, 226.580307007, 227.184036255, 227.787750244, 228.391464233, 228.995193481, 229.598907471, 230.20262146, 230.806350708, 231.410064697, 232.013778687, 232.605895996, 233.197998047, 233.790115356, 234.382217407, 234.997543335, 235.612869263, 236.216598511, 236.8203125, 237.424026489, 238.039367676, 238.654693604, 239.28163147, 239.908569336, 240.523895264, 241.139221191, 241.754547119, 242.369888306, 242.973602295, 243.577316284, 244.20425415, 244.831192017, 245.446533203, 246.061859131, 246.677185059, 247.292510986, 247.896224976, 248.511566162, 249.115280151, 249.718994141, 250.334320068, 250.938049316, 251.553375244, 252.168701172, 252.772415161, 253.376144409, 253.96824646, 254.571975708, 255.175689697, 255.791015625, 256.394744873, 256.998443604, 257.602172852, 258.2059021, 258.80960083, 259.413330078, 260.017059326, 260.609161377, 261.212860107, 261.804992676, 262.408691406, 263.000823975, 263.592926025, 264.196624756, 264.800354004, 265.404083252, 265.996185303, 266.588287354, 267.192016602, 267.79574585, 268.3878479, 268.979949951, 269.560455322, 270.140960693, 270.721435547, 271.301940918, 271.894042969, 272.486175537, 273.078277588, 273.670379639, 274.274108887, 274.877807617, 275.481536865, 276.073638916, 276.677368164, 277.292694092, 277.89642334, 278.50012207, 279.103851318, 279.707580566, 280.311279297, 280.915008545, 281.518737793, 282.134063721, 282.749389648, 283.364715576, 283.980041504, 284.583770752, 285.187469482, 285.79119873, 286.406524658, 287.021850586, 287.625579834, 288.229278564, 288.833007812, 289.436737061, 290.040435791, 290.644165039, 291.247894287, 291.851593018, 292.455322266, 293.047424316, 293.639526367, 294.243255615, 294.846984863, 295.450683594, 296.054412842, 296.65814209, 297.26184082, 297.865570068, 298.469299316, 299.072998047, 299.676727295, 300.280456543, 300.884155273, 301.487884521, 302.09161377, 302.6953125, 303.287445068, 303.879547119, 304.48324585, 305.086975098, 305.690704346, 306.294403076, 306.898132324, 307.490234375, 308.082366943, 308.686065674, 309.278167725, 309.870300293, 310.473999023, 311.077728271, 311.68145752, 312.28515625, 312.877258301, 313.469390869, 314.0730896, 314.676818848, 315.280548096, 315.872650146, 316.464752197, 317.068481445, 317.672180176, 318.264312744, 318.856414795, 319.460144043, 320.063842773, 320.655944824, 321.248077393, 321.840179443, 322.432281494, 323.024383545, 323.616516113, 324.220214844, 324.823944092, 325.42767334, 326.03137207, 326.635101318, 327.238800049, 327.842529297, 328.446258545, 329.049957275, 329.653686523, 330.257415771, 330.861114502, 331.46484375, 332.056945801, 332.649078369, 333.229553223, 333.821685791, 334.413787842, 335.005889893, 335.597991943, 336.178497314, 336.759002686, 337.339508057, 337.931610107, 338.512115479, 339.104217529, 339.70791626, 340.311645508, 340.915374756, 341.507476807, 342.099578857, 342.703308105, 343.295410156, 343.887512207, 344.491241455, 345.094970703, 345.687072754, 346.279174805, 346.882904053, 347.475006104, 348.067108154, 348.670837402, 349.27456665, 349.878265381, 350.481994629, 351.085693359, 351.689422607, 352.281524658, 352.873657227, 353.465759277, 354.057861328, 354.649963379, 355.24206543, 355.834197998, 356.426300049, 357.0184021, 357.61050415, 358.202636719, 358.79473877, 359.38684082, 359.978942871, 360.559448242, 361.139953613, 361.720458984, 362.300933838, 362.881439209, 363.46194458, 364.042449951, 364.622955322, 365.191833496, 365.76071167, 366.341217041, 366.921722412, 367.479003906, 368.04788208, 368.616760254, 369.185668945, 369.754547119, 370.311828613, 370.869110107, 371.437988281, 372.006896973, 372.587371826, 373.167877197, 373.759979248, 374.340484619, 374.909393311, 375.478271484, 376.023925781, 376.581207275, 377.115264893, 377.660949707, 378.206604004, 378.763885498, 379.297943115, 379.84362793, 380.389282227, 380.946563721, 381.480621338, 382.026306152, 382.571960449, 383.129241943, 383.686523438, 384.243804932, 384.801086426, 385.3699646, 385.938873291, 386.519348145, 387.099853516, 387.680358887, 388.260864258, 388.829742432, 389.398620605, 389.979125977, 390.548034668, 391.116912842, 391.697418213, 392.277893066, 392.858398438, 393.438903809, 394.007781982, 394.576690674, 395.133972168, 395.702850342, 396.271728516, 396.82901001, 397.386291504, 397.943572998, 398.512451172, 399.081359863, 399.638641357, 400.195922852, 400.753204346, 401.32208252, 401.890960693, 402.471466064, 403.051971436, 403.632476807, 404.224578857, 404.816680908, 405.397186279, 405.98928833, 406.581390381, 407.161895752, 407.742401123, 408.322906494, 408.915008545, 409.507110596, 410.099212646, 410.691345215, 411.283447266, 411.875549316, 412.456054688, 413.024932861, 413.593811035, 414.174316406, 414.754821777, 415.335327148, 415.91583252, 416.484710693, 417.053588867, 417.622497559, 418.191375732, 418.760253906, 419.329162598, 419.898040771, 420.466918945, 421.024200439, 421.581481934, 422.138763428, 422.696044922, 423.241729736, 423.798980713, 424.367889404, 424.936767578, 425.494049072, 426.062927246, 426.62020874, 427.177490234, 427.723175049, 428.268829346, 428.82611084, 429.394989014, 429.963897705, 430.521179199, 431.12487793, 431.717010498, 432.332336426, 432.959259033, 433.574584961, 434.189910889, 434.793640137, 435.408966064, 436.012695312, 436.604797363, 437.208526611, 437.812225342, 438.40435791, 438.996459961, 439.588562012, 440.180664062, 440.772766113, 441.364898682, 441.957000732, 442.56072998, 443.152832031, 443.756530762, 444.36026001, 444.963989258, 445.567687988, 446.171417236, 446.775146484, 447.367248535, 447.959350586, 448.539855957, 449.131958008, 449.724060059, 450.30456543, 450.885070801, 451.477172852, 452.069274902, 452.661407471, 453.253509521, 453.845611572, 454.437713623, 455.041442871, 455.633544922, 456.225646973, 456.817779541, 457.409881592, 458.001983643, 458.594085693, 459.197814941, 459.801544189, 460.40524292, 461.008972168, 461.612701416, 462.204803467, 462.808532715, 463.400634766, 464.004333496, 464.596466064, 465.200164795, 465.815490723, 466.419219971, 467.022949219, 467.638275146, 468.265197754, 468.880523682, 469.507476807, 470.122802734, 470.738128662, 471.248962402, 471.78302002, 472.317077637, 472.735046387, 473.164611816, 473.582580566, 473.988922119, 474.395263672, 474.801635742, 475.196350098, 475.637542725, 476.078735352, 476.519897461, 476.949462891, 477.37902832, 477.80859375, 478.238189697, 478.749023438, 479.24822998, 479.759094238, 480.258300781, 480.769165039, 481.268371582, 481.767608643, 482.266845703, 482.766082764, 483.265289307, 483.764526367, 484.263763428, 484.728149414, 485.192565918, 485.656951904, 486.063293457, 486.469665527, 486.87600708, 487.282348633, 487.665466309, 488.048614502, 488.466552734, 488.954193115, 489.441802979, 489.929412842, 490.417053223, 490.904663086, 491.392272949],
