{
"metadata": {
    "version": {
        "essentia": "2.1-dev",
        "essentia_git_sha": "v2.1_beta3-415-gd5473f3",
        "extractor": "music 2.0"
    },
    "audio_properties": {
        "analysis": {
            "equal_loudness": 0,
            "length": 181.0546875,
            "sample_rate": 44100,
            "start_time": 0,
            "downmix": "mix"
        },
        "bit_rate": 192000,
        "length": 181.0546875,
        "lossless": 0,
        "number_channels": 2,
        "replay_gain": -3.31847190857,
        "sample_rate": 44100,
        "codec": "mp3",
        "md5_encoded": "f1a625487860358f58cb7816681e3843"
    },
    "tags": {
        "file_name": "barney_kessel-barney_s_blues.mp3",
        "album": ["KESSEL PLAYS STANDARDS"],
        "artist": ["BARNEY KESSEL"],
        "genre": ["Jazz"],
        "title": ["BARNEY'S BLUES"]
    }
},
"lowlevel": {
    "average_loudness": 0.501504659653,
    "barkbands_crest": {
        "mean": 14.8025112152,
        "stdev": 5.51479721069
    },
    "barkbands_flatness_db": {
        "mean": 0.247605264187,
        "stdev": 0.102011539042
    },
    "barkbands_kurtosis": {
        "mean": 46.5790290833,
        "stdev": 182.751235962
    },
    "barkbands_skewness": {
        "mean": 3.17920398712,
        "stdev": 5.02532339096
    },
    "barkbands_spread": {
        "mean": 10.5766534805,
        "stdev": 12.940955162
    },
    "dissonance": {
        "mean": 0.413488864899,
        "stdev": 0.0696087479591
    },
    "dynamic_complexity": 6.01960611343,
    "erbbands_crest": {
        "mean": 13.4821128845,
        "stdev": 6.7625412941
    },
    "erbbands_flatness_db": {
        "mean": 0.19937902689,
        "stdev": 0.0830621346831
    },
    "erbbands_kurtosis": {
        "mean": 9.13430690765,
        "stdev": 20.2609329224
    },
    "erbbands_skewness": {
        "mean": 1.44720542431,
        "stdev": 1.76290678978
    },
    "erbbands_spread": {
        "mean": 30.1489048004,
        "stdev": 26.7874393463
    },
    "hfc": {
        "mean": 9.71354866028,
        "stdev": 16.556810379
    },
    "loudness_ebu128": {
        "integrated": -21.9843444824,
        "loudness_range": 6.77355194092,
        "momentary": {
            "mean": -25.0477638245,
            "stdev": 9.66198253632
        },
        "short_term": {
            "mean": -23.1506786346,
            "stdev": 4.47656345367
        }
    },
    "melbands_crest": {
        "mean": 18.3642635345,
        "stdev": 6.35306119919
    },
    "melbands_flatness_db": {
        "mean": 0.338175207376,
        "stdev": 0.116371788085
    },
    "melbands_kurtosis": {
        "mean": 62.1043701172,
        "stdev": 231.69140625
    },
    "melbands_skewness": {
        "mean": 3.76941871643,
        "stdev": 5.38203907013
    },
    "melbands_spread": {
        "mean": 10.3779726028,
        "stdev": 14.4080104828
    },
    "pitch_salience": {
        "mean": 0.431986540556,
        "stdev": 0.15451194346
    },
    "silence_rate_20dB": {
        "mean": 1,
        "stdev": 0
    },
    "silence_rate_30dB": {
        "mean": 0.987306058407,
        "stdev": 0.111946292222
    },
    "silence_rate_60dB": {
        "mean": 0.197845876217,
        "stdev": 0.398361980915
    },
    "spectral_centroid": {
        "mean": 806.533081055,
        "stdev": 731.653808594
    },
    "spectral_complexity": {
        "mean": 7.12424659729,
        "stdev": 6.31656265259
    },
    "spectral_decrease": {
        "mean": -5.65539659547e-09,
        "stdev": 6.4800151911e-09
    },
    "spectral_energy": {
        "mean": 0.0222257319838,
        "stdev": 0.025507312268
    },
    "spectral_energyband_high": {
        "mean": 0.000220191155677,
        "stdev": 0.00106743269134
    },
    "spectral_energyband_low": {
        "mean": 0.00873272679746,
        "stdev": 0.0130750779063
    },
    "spectral_energyband_middle_high": {
        "mean": 0.00196047406644,
        "stdev": 0.00550156412646
    },
    "spectral_energyband_middle_low": {
        "mean": 0.0117778750136,
        "stdev": 0.0187031682581
    },
    "spectral_entropy": {
        "mean": 6.69062709808,
        "stdev": 0.969105184078
    },
    "spectral_flux": {
        "mean": 0.0482107177377,
        "stdev": 0.0460227616131
    },
    "spectral_kurtosis": {
        "mean": 11.7684717178,
        "stdev": 15.2752380371
    },
    "spectral_rms": {
        "mean": 0.00393964955583,
        "stdev": 0.0024825038854
    },
    "spectral_rolloff": {
        "mean": 700.589050293,
        "stdev": 1157.55200195
    },
    "spectral_skewness": {
        "mean": 2.47927331924,
        "stdev": 1.37982094288
    },
    "spectral_spread": {
        "mean": 4381091,
        "stdev": 1903007.5
    },
    "spectral_strongpeak": {
        "mean": 0.927307844162,
        "stdev": 1.44667696953
    },
    "zerocrossingrate": {
        "mean": 0.0321571938694,
        "stdev": 0.0324335694313
    },
    "barkbands": {
        "mean": [2.7205562219e-05, 0.00571200298145, 0.00262742955238, 0.000755434215534, 0.0017980983248, 0.0050352839753, 0.00176206836477, 0.00176466209814, 0.000488269201014, 0.000299003877444, 0.000287819188088, 0.000215070554987, 0.000570088275708, 0.000201919436222, 0.000149641025928, 5.44986614841e-05, 6.57215787214e-05, 6.80908051436e-05, 9.42473561736e-05, 6.00363418926e-05, 4.69379447168e-05, 3.44915570167e-05, 2.65855833277e-05, 2.72957549896e-05, 3.47090717696e-05, 1.8128863303e-05, 1.04441619442e-06],
        "stdev": [5.28530399606e-05, 0.00908588804305, 0.00590751459822, 0.002161067212, 0.00397645216435, 0.0102769937366, 0.00657831085846, 0.00668914895505, 0.00150257837959, 0.00101284740958, 0.00136625836603, 0.000994802452624, 0.00432932237163, 0.000967568019405, 0.000850847107358, 0.000196259672521, 0.000216852451558, 0.000247470918112, 0.000323052227031, 0.000253353500739, 0.000233229846344, 0.000192509643966, 0.000154048655531, 0.000140534946695, 0.000189210113604, 0.00011215176346, 1.28525643959e-05]
    },
    "erbbands": {
        "mean": [0.102413803339, 1.4994931221, 3.50020074844, 2.46543049812, 3.92735767365, 5.9883351326, 26.9749126434, 38.5691947937, 29.4278774261, 35.6912345886, 26.3105239868, 11.9636974335, 10.9832925797, 8.69497013092, 11.2422590256, 9.78851032257, 23.7469844818, 15.3931837082, 10.2072401047, 4.7991476059, 3.19131135941, 3.35798883438, 4.11067008972, 5.31194162369, 3.43335962296, 2.96763896942, 2.18740868568, 1.60143780708, 1.23098647594, 0.995446383953, 0.730947673321, 0.538676083088, 0.492279678583, 0.395512223244, 0.238010644913, 0.0928177237511, 0.0301597118378, 0.00527853192762, 0.000142422606586, 2.92163822451e-05],
        "stdev": [0.19245891273, 2.34207963943, 7.25521707535, 5.26156806946, 9.67495727539, 14.8049573898, 67.4443588257, 81.3929367065, 92.4530105591, 127.262107849, 92.5540847778, 31.4756851196, 36.7536621094, 42.4292259216, 40.7513237, 48.105758667, 160.318984985, 77.9980239868, 61.0363388062, 14.8471908569, 10.1630134583, 10.6878862381, 14.7857456207, 20.041891098, 11.8497028351, 12.4255752563, 10.274356842, 8.55901050568, 6.87804079056, 5.60627841949, 4.37473678589, 2.7405731678, 2.55344986916, 2.09858679771, 1.4042840004, 0.582762658596, 0.187575235963, 0.0370057374239, 0.00121385545935, 4.45011355623e-05]
    },
    "gfcc": {
        "mean": [-129.237716675, 111.383544922, -75.8771896362, 31.1527118683, -50.7401924133, 5.58931159973, -33.2421646118, 7.81835317612, -18.844543457, 10.3877067566, -9.35448455811, 2.61932563782, -9.88400363922],
        "cov": [[23826.0546875, 1894.11523438, -2818.22241211, -654.988098145, -972.325439453, -422.892822266, -612.461669922, -129.101913452, -459.858520508, -6.0702958107, -64.1711349487, -240.462875366, -210.274749756], [1894.11523438, 2261.73242188, 380.406311035, -462.96673584, -20.2353572845, -360.396606445, 22.0387992859, -205.386444092, 177.470458984, -89.8519287109, 132.742675781, -119.324569702, 49.88230896], [-2818.22241211, 380.406311035, 1913.03540039, 467.910522461, 181.771331787, 49.7521324158, -2.20425581932, -59.9332275391, 5.38871479034, -33.1645240784, -62.8653755188, 26.9591159821, 34.5800476074], [-654.988098145, -462.96673584, 467.910522461, 698.455078125, 302.25100708, 275.11920166, 68.6164932251, 43.5606994629, -112.117515564, -40.8241958618, -90.248878479, -17.6070919037, -27.9126358032], [-972.325439453, -20.2353572845, 181.771331787, 302.25100708, 456.407104492, 267.705078125, 193.324829102, 41.586391449, 11.4985485077, -48.8009033203, -14.5554304123, -44.8625335693, -18.740688324], [-422.892822266, -360.396606445, 49.7521324158, 275.11920166, 267.705078125, 374.160949707, 160.533050537, 98.3007583618, -53.710193634, -32.7077903748, -64.0410690308, -28.8842067719, -35.0694084167], [-612.461669922, 22.0387992859, -2.20425581932, 68.6164932251, 193.324829102, 160.533050537, 241.467041016, 103.209663391, 73.9757537842, -15.9313697815, 3.12083244324, -43.8020401001, -14.355553627], [-129.101913452, -205.386444092, -59.9332275391, 43.5606994629, 41.586391449, 98.3007583618, 103.209663391, 171.488891602, 72.7479629517, 33.9417304993, -34.8853607178, -13.9839868546, -27.8798618317], [-459.858520508, 177.470458984, 5.38871479034, -112.117515564, 11.4985485077, -53.710193634, 73.9757537842, 72.7479629517, 182.088943481, 66.8329696655, 38.7453689575, -19.2735824585, 1.80101716518], [-6.0702958107, -89.8519287109, -33.1645240784, -40.8241958618, -48.8009033203, -32.7077903748, -15.9313697815, 33.9417304993, 66.8329696655, 128.529647827, 51.9149436951, 19.1495628357, -16.2766513824], [-64.1711349487, 132.742675781, -62.8653755188, -90.248878479, -14.5554304123, -64.0410690308, 3.12083244324, -34.8853607178, 38.7453689575, 51.9149436951, 146.12701416, 61.5423088074, 32.4947471619], [-240.462875366, -119.324569702, 26.9591159821, -17.6070919037, -44.8625335693, -28.8842067719, -43.8020401001, -13.9839868546, -19.2735824585, 19.1495628357, 61.5423088074, 144.144088745, 77.603729248], [-210.274749756, 49.88230896, 34.5800476074, -27.9126358032, -18.740688324, -35.0694084167, -14.355553627, -27.8798618317, 1.80101716518, -16.2766513824, 32.4947471619, 77.603729248, 123.841255188]],
        "icov": [[0.000111242086859, -0.00030424509896, 0.00024658741313, -0.000231432873989, 0.000243402842898, -0.000147506507346, 0.000264641130343, -0.000381880789064, 0.000503065472003, -0.000332114141202, 0.000134911606438, -3.15510878863e-05, 6.35864926153e-05], [-0.00030424509896, 0.00187312846538, -0.00103391741868, 0.00131435634103, -0.00106656865682, 0.00105165666901, -0.000884432229213, 0.00167839904316, -0.00196642312221, 0.00205027824268, -0.00142740749288, 0.00155374500901, -0.000575423240662], [0.00024658741313, -0.00103391741868, 0.00141510681715, -0.00145298161078, 0.000751762359869, -0.000437006237917, 0.000533593236469, -0.00016342427989, 0.000329861533828, -0.000978144467808, 0.00125644402578, -0.00117074302398, 0.000398189207772], [-0.000231432873989, 0.00131435634103, -0.00145298161078, 0.0044288802892, -0.00291175884195, 0.000328766967868, 0.000104798389657, -0.000529300887138, 0.00154745997861, 8.62360611791e-05, -0.000319934770232, 0.00140825321432, -0.000782660790719], [0.000243402842898, -0.00106656865682, 0.000751762359869, -0.00291175884195, 0.00748875271529, -0.0041898493655, -0.00192476785742, 0.00243747560307, -0.00241502467543, 0.00113000243437, -0.00060431699967, -0.000548954878468, 0.00093529408332], [-0.000147506507346, 0.00105165666901, -0.000437006237917, 0.000328766967868, -0.0041898493655, 0.00953006651253, -0.00394803611562, -0.00267476006411, 0.00480249896646, -0.00133844523225, 0.0013422050979, 0.000268575386144, -0.00023929370218], [0.000264641130343, -0.000884432229213, 0.000533593236469, 0.000104798389657, -0.00192476785742, -0.00394803611562, 0.0133511954919, -0.00652881897986, -0.00227844226174, 0.0035159655381, -0.0043575768359, 0.00333971926011, -0.00110538129229], [-0.000381880789064, 0.00167839904316, -0.00016342427989, -0.000529300887138, 0.00243747560307, -0.00267476006411, -0.00652881897986, 0.0180087778717, -0.00994254741818, -0.000331932707923, 0.00540353171527, -0.00451635336503, 0.00302397832274], [0.000503065472003, -0.00196642312221, 0.000329861533828, 0.00154745997861, -0.00241502467543, 0.00480249896646, -0.00227844226174, -0.00994254741818, 0.0200229417533, -0.00949306972325, -9.57834490691e-05, 0.00373379630037, -0.00345850782469], [-0.000332114141202, 0.00205027824268, -0.000978144467808, 8.62360611791e-05, 0.00113000243437, -0.00133844523225, 0.0035159655381, -0.000331932707923, -0.00949306972325, 0.0180512294173, -0.00777305895463, 0.000273887242656, 0.00340614374727], [0.000134911606438, -0.00142740749288, 0.00125644402578, -0.000319934770232, -0.00060431699967, 0.0013422050979, -0.0043575768359, 0.00540353171527, -9.57834490691e-05, -0.00777305895463, 0.0166287291795, -0.0088657150045, 0.00155320973136], [-3.15510878863e-05, 0.00155374500901, -0.00117074302398, 0.00140825321432, -0.000548954878468, 0.000268575386144, 0.00333971926011, -0.00451635336503, 0.00373379630037, 0.000273887242656, -0.0088657150045, 0.018696481362, -0.0100796893239], [6.35864926153e-05, -0.000575423240662, 0.000398189207772, -0.000782660790719, 0.00093529408332, -0.00023929370218, -0.00110538129229, 0.00302397832274, -0.00345850782469, 0.00340614374727, 0.00155320973136, -0.0100796893239, 0.0151601675898]]
    },
    "melbands": {
        "mean": [0.00130943162367, 0.00195438694209, 0.000487937417347, 0.000334257609211, 0.000778509653173, 0.000892171286978, 0.000434884044807, 0.000402020901674, 0.000195140135475, 6.67922649882e-05, 5.27278971276e-05, 3.27118614223e-05, 3.53801297024e-05, 2.66659335466e-05, 2.53740072367e-05, 6.82557511027e-05, 2.28324242926e-05, 1.68513161043e-05, 1.02076373878e-05, 4.64534377898e-06, 3.59698378816e-06, 3.78176105187e-06, 3.36817106472e-06, 3.27222346641e-06, 4.72813644592e-06, 2.53059420174e-06, 2.20608740165e-06, 1.85045291801e-06, 1.33991045459e-06, 1.21254845453e-06, 8.37676054743e-07, 7.14231703114e-07, 6.16213981175e-07, 5.16529212291e-07, 4.2685891799e-07, 3.66078495517e-07, 3.13946486585e-07, 3.36450852956e-07, 3.5712471913e-07, 3.3038693914e-07],
        "stdev": [0.00220837583765, 0.00329923792742, 0.000980911077932, 0.000890484894626, 0.00179845909588, 0.00181536970194, 0.00141613837332, 0.00150233402383, 0.00070506503107, 0.000182047355338, 0.000183080061106, 0.00016247255553, 0.000138949311804, 0.000111711655336, 9.73412388703e-05, 0.000571068085264, 9.76615338004e-05, 0.000109708365926, 4.97989858559e-05, 1.54756180564e-05, 1.29161844598e-05, 1.35226291604e-05, 1.18415082397e-05, 1.21843040688e-05, 1.99016776605e-05, 9.37392087508e-06, 9.65366871242e-06, 8.24833477964e-06, 7.15531041351e-06, 5.43575288248e-06, 5.07939830641e-06, 4.42497366748e-06, 3.29651493303e-06, 3.01953400594e-06, 2.6702211926e-06, 2.00540875994e-06, 1.66478400843e-06, 1.76244498107e-06, 1.93805453819e-06, 1.81638768026e-06]
    },
    "melbands128": {
        "mean": [2.11756341741e-05, 0.00046809844207, 0.00198823050596, 0.00266497745179, 0.00219117105007, 0.00105370243546, 0.000453754502814, 0.000380960613256, 0.00041372620035, 0.000348421774106, 0.000251182907959, 0.000386050523957, 0.000993014313281, 0.00126668543089, 0.000874027376994, 0.000791112193838, 0.000539061031304, 0.000374917930458, 0.000361971178791, 0.000386373867514, 0.000588680559304, 0.000177320922376, 0.000214887564653, 0.000109454158519, 6.44635438221e-05, 5.61060951441e-05, 4.82243121951e-05, 7.60506882216e-05, 2.71566204901e-05, 2.5842413379e-05, 3.88098778785e-05, 3.89402921428e-05, 1.83733864105e-05, 6.19368001935e-05, 2.08195269806e-05, 1.80041261046e-05, 3.20938306686e-05, 1.91845883819e-05, 2.62405810645e-05, 5.04689742229e-05, 0.000126347862533, 2.49002878263e-05, 1.20181421153e-05, 3.14501485263e-05, 1.33502098834e-05, 1.25731858134e-05, 2.25203220907e-05, 9.64363152889e-06, 6.71363386573e-06, 3.59003365702e-06, 5.33496267963e-06, 5.05395200889e-06, 2.16620105675e-06, 2.77815252048e-06, 6.8640824793e-06, 3.27108955389e-06, 2.06831919058e-06, 3.06922720483e-06, 3.1108438634e-06, 5.58101055503e-06, 2.5678482416e-06, 2.16447688217e-06, 5.29850876774e-06, 5.94774428464e-06, 2.58438171841e-06, 2.26675092563e-06, 3.00387569041e-06, 1.77049889771e-06, 2.24068071475e-06, 2.17119759327e-06, 2.284367838e-06, 1.39543442401e-06, 1.34637286919e-06, 1.26827148961e-06, 1.35485959163e-06, 1.49659956605e-06, 9.35173432026e-07, 9.34267575303e-07, 7.92481785084e-07, 8.4239007947e-07, 6.89714966029e-07, 7.15665294138e-07, 6.07334584402e-07, 6.12588451077e-07, 6.15912199464e-07, 5.71039379338e-07, 4.60498625898e-07, 4.51789674116e-07, 4.30423710895e-07, 4.12391500504e-07, 3.78835949277e-07, 3.67229887388e-07, 3.1690905189e-07, 2.87751106498e-07, 3.37704506137e-07, 3.30216977318e-07, 3.3494606555e-07, 3.40854512615e-07, 3.66741232938e-07, 3.83877221566e-07, 2.91408326802e-07, 3.42123001928e-07, 3.40553782507e-07, 2.97066350186e-07, 2.96325481486e-07, 2.40828370579e-07, 1.85243493434e-07, 1.75538389158e-07, 1.62890259503e-07, 1.3658970488e-07, 1.16232875769e-07, 1.15116051802e-07, 9.12208761861e-08, 7.32658662628e-08, 7.40816474831e-08, 6.35285886119e-08, 3.67808752344e-08, 4.31440438931e-09, 2.65610355932e-09, 5.40020361761e-10, 9.5114090215e-11, 1.34249583672e-10, 4.10390471606e-11, 2.32569796754e-11, 3.54506311459e-12, 3.49339524322e-12, 3.44716529627e-12, 3.41832877108e-12],
        "stdev": [4.05647842854e-05, 0.00101934012491, 0.00379569549114, 0.00423801131546, 0.00446963543072, 0.00224090740085, 0.00111564656254, 0.0010685067391, 0.00110557186417, 0.00125992530957, 0.000950730696786, 0.000888008798938, 0.00280864303932, 0.00358369667083, 0.00219943071716, 0.00263548828661, 0.00220706500113, 0.00185118603986, 0.00229974137619, 0.00149877776857, 0.00284863822162, 0.000724808487576, 0.00111523154192, 0.000557806575671, 0.000225390584092, 0.000223706025281, 0.000231113241171, 0.000328218244249, 0.000112233450636, 0.000132435467094, 0.000259224150795, 0.000339308026014, 9.42731130635e-05, 0.000284125388134, 0.00010067808762, 0.000136166592711, 0.000249542295933, 8.70662624948e-05, 0.000159963296028, 0.000355035997927, 0.001297283452, 0.000221332913497, 7.85428201198e-05, 0.000167186328326, 9.76818773779e-05, 0.00016603176482, 0.000217784632696, 4.43182361778e-05, 2.97735477943e-05, 1.58116872626e-05, 2.24429659283e-05, 2.30315945373e-05, 1.26155446196e-05, 1.49940378833e-05, 3.37844285241e-05, 1.44116647789e-05, 1.01836130852e-05, 1.28868041429e-05, 1.48583594637e-05, 3.12741831294e-05, 1.21813127407e-05, 1.33752309921e-05, 2.23618753807e-05, 3.32314411935e-05, 1.32402701638e-05, 1.04580685729e-05, 1.48573108163e-05, 7.64475498727e-06, 1.58646125783e-05, 1.06325687739e-05, 1.22740684674e-05, 7.78478624852e-06, 8.52926132211e-06, 8.55094185681e-06, 6.39131985736e-06, 7.12952351023e-06, 4.28026351074e-06, 6.22276002105e-06, 5.43627902516e-06, 5.68875475437e-06, 5.43006217413e-06, 4.51347250419e-06, 3.14051521855e-06, 3.49708807335e-06, 4.00051385441e-06, 3.3749204249e-06, 3.08311905428e-06, 3.10072164211e-06, 2.91165861199e-06, 3.01917339129e-06, 2.40333861257e-06, 2.14034162127e-06, 1.68969108927e-06, 1.57891122399e-06, 2.08362553167e-06, 2.16539024223e-06, 1.61897116868e-06, 2.11905853575e-06, 2.37473386733e-06, 1.96349810722e-06, 1.76707226274e-06, 1.87868295143e-06, 2.40571171162e-06, 2.08233791454e-06, 1.93479309019e-06, 1.43546344589e-06, 1.22885194287e-06, 1.27105715819e-06, 1.29559896322e-06, 8.68985296165e-07, 7.07227229668e-07, 6.82603797486e-07, 7.47880278595e-07, 5.51441701191e-07, 5.00018245475e-07, 4.23687168905e-07, 4.34475992961e-07, 3.3118542575e-08, 1.43696212263e-07, 2.60101504779e-08, 2.18177276246e-09, 3.16632431385e-09, 1.31897870403e-09, 6.2582011795e-10, 7.00832360895e-12, 6.69270758605e-12, 6.52455259958e-12, 6.48758304023e-12]
    },
    "mfcc": {
        "mean": [-782.209838867, 144.157714844, 30.7511672974, 34.9443969727, 7.91951465607, 5.00641870499, 0.316838800907, -1.81202971935, -1.5125784874, 2.77748012543, 2.80285716057, 3.6702246666, 2.84730267525],
        "cov": [[15720.1054688, 700.241699219, -1991.17089844, -524.383666992, -701.757873535, -340.372894287, -137.022323608, -180.340744019, -252.923309326, 17.0812759399, 63.3414649963, -72.3968658447, -183.821655273], [700.241699219, 2423.57666016, 352.079803467, -13.5081968307, -98.8877792358, -122.13948822, -189.805084229, -92.3327102661, -53.8344802856, -20.3292713165, 11.6202125549, 71.9062576294, 45.8228721619], [-1991.17089844, 352.079803467, 1257.95617676, 374.003936768, 277.861877441, 137.091934204, 54.4281845093, 9.58860111237, 62.1729278564, -61.7757987976, -77.5903244019, -38.0225372314, 57.5163764954], [-524.383666992, -13.5081968307, 374.003936768, 413.934539795, 240.586288452, 168.615829468, 125.5963974, 68.198135376, 39.7398910522, 11.1986846924, -13.0229234695, -17.3648986816, -2.46069049835], [-701.757873535, -98.8877792358, 277.861877441, 240.586288452, 308.732452393, 212.770431519, 158.934494019, 99.2233505249, 53.2011680603, 14.4194145203, -10.4932632446, -31.8903102875, -26.3866596222], [-340.372894287, -122.13948822, 137.091934204, 168.615829468, 212.770431519, 258.19732666, 200.463409424, 110.824661255, 45.1583595276, 33.7055168152, 5.09546709061, -40.8582191467, -51.2449607849], [-137.022323608, -189.805084229, 54.4281845093, 125.5963974, 158.934494019, 200.463409424, 248.795089722, 147.023880005, 51.411239624, 49.2485160828, 18.0941104889, -37.908416748, -55.4337272644], [-180.340744019, -92.3327102661, 9.58860111237, 68.198135376, 99.2233505249, 110.824661255, 147.023880005, 177.779296875, 97.3005142212, 45.082157135, 10.2286844254, -16.2882652283, -20.2963562012], [-252.923309326, -53.8344802856, 62.1729278564, 39.7398910522, 53.2011680603, 45.1583595276, 51.411239624, 97.3005142212, 161.240722656, 75.5863952637, 19.200296402, 10.5951147079, 18.705619812], [17.0812759399, -20.3292713165, -61.7757987976, 11.1986846924, 14.4194145203, 33.7055168152, 49.2485160828, 45.082157135, 75.5863952637, 155.171905518, 89.7729873657, 12.3032579422, -21.1925392151], [63.3414649963, 11.6202125549, -77.5903244019, -13.0229234695, -10.4932632446, 5.09546709061, 18.0941104889, 10.2286844254, 19.200296402, 89.7729873657, 138.05897522, 67.9203109741, -3.67197966576], [-72.3968658447, 71.9062576294, -38.0225372314, -17.3648986816, -31.8903102875, -40.8582191467, -37.908416748, -16.2882652283, 10.5951147079, 12.3032579422, 67.9203109741, 134.91708374, 87.9306564331], [-183.821655273, 45.8228721619, 57.5163764954, -2.46069049835, -26.3866596222, -51.2449607849, -55.4337272644, -20.2963562012, 18.705619812, -21.1925392151, -3.67197966576, 87.9306564331, 178.297073364]],
        "icov": [[9.22556064324e-05, -5.7374327298e-05, 0.000173429667484, -0.000112573310616, 0.000155476896907, 4.53474967799e-05, -0.00018641994393, 0.000165738194482, -6.88589352649e-05, 0.000108373598778, -7.98341061454e-05, 0.000182923817192, -2.24408795475e-05], [-5.7374327298e-05, 0.000534695223905, -0.000363000406651, 9.08035799512e-05, 0.000166931407875, -0.000280360429315, 0.000803461181931, -0.000589846284129, 0.000509111443534, -0.000420560740167, 0.000234891456785, -0.00056673027575, 0.000229495097301], [0.000173429667484, -0.000363000406651, 0.00178382103331, -0.00110283191316, -0.000634592259303, 0.00042616709834, -0.000731356441975, 0.00152074825019, -0.00139327242505, 0.0012650169665, -0.000536854204256, 0.00133676303085, -0.000718035560567], [-0.000112573310616, 9.08035799512e-05, -0.00110283191316, 0.00522607285529, -0.00306351692416, -0.000337405450409, -0.000197892280994, -0.000223487950279, 0.000781368813477, -0.00110016588587, 0.000842285226099, -0.00101125543006, -4.55080007669e-05], [0.000155476896907, 0.000166931407875, -0.000634592259303, -0.00306351692416, 0.0113132996485, -0.0068851779215, 0.00100367085543, -0.00134715077002, -0.000386114843423, 0.000738886883482, -1.67207945196e-05, -0.000102605583379, 0.000312503689202], [4.53474967799e-05, -0.000280360429315, 0.00042616709834, -0.000337405450409, -0.0068851779215, 0.0167746990919, -0.0103159509599, 0.00257913814858, -0.00106311717536, 0.000388221465982, -0.000355460098945, 0.00100351066794, 0.00052074593259], [-0.00018641994393, 0.000803461181931, -0.000731356441975, -0.000197892280994, 0.00100367085543, -0.0103159509599, 0.0188048090786, -0.0112183848396, 0.0048934770748, -0.00277405278757, -0.00031977481558, -0.000248469237704, 0.000860437692609], [0.000165738194482, -0.000589846284129, 0.00152074825019, -0.000223487950279, -0.00134715077002, 0.00257913814858, -0.0112183848396, 0.0186728090048, -0.0100253093988, 0.00347644835711, -0.000897161837202, 0.00146392255556, -0.000266985181952], [-6.88589352649e-05, 0.000509111443534, -0.00139327242505, 0.000781368813477, -0.000386114843423, -0.00106311717536, 0.0048934770748, -0.0100253093988, 0.0154573414475, -0.00889412872493, 0.00443526078016, -0.00291496003047, -0.000874030462001], [0.000108373598778, -0.000420560740167, 0.0012650169665, -0.00110016588587, 0.000738886883482, 0.000388221465982, -0.00277405278757, 0.00347644835711, -0.00889412872493, 0.01780048199, -0.0128480968997, 0.00655939569697, -0.000899855804164], [-7.98341061454e-05, 0.000234891456785, -0.000536854204256, 0.000842285226099, -1.67207945196e-05, -0.000355460098945, -0.00031977481558, -0.000897161837202, 0.00443526078016, -0.0128480968997, 0.0219857729971, -0.0141323003918, 0.00516590289772], [0.000182923817192, -0.00056673027575, 0.00133676303085, -0.00101125543006, -0.000102605583379, 0.00100351066794, -0.000248469237704, 0.00146392255556, -0.00291496003047, 0.00655939569697, -0.0141323003918, 0.0213810242712, -0.00949835032225], [-2.24408795475e-05, 0.000229495097301, -0.000718035560567, -4.55080007669e-05, 0.000312503689202, 0.00052074593259, 0.000860437692609, -0.000266985181952, -0.000874030462001, -0.000899855804164, 0.00516590289772, -0.00949835032225, 0.0109659675509]]
    },
    "spectral_contrast_coeffs": {
        "mean": [-0.705240905285, -0.70600271225, -0.765694439411, -0.793798923492, -0.812041521072, -0.803443014622],
        "stdev": [0.0930200964212, 0.122550845146, 0.0942481458187, 0.0862300843, 0.0707928985357, 0.0480678454041]
    },
    "spectral_contrast_valleys": {
        "mean": [-7.42735338211, -7.97122144699, -9.12490367889, -9.49271965027, -9.34410190582, -11.6439208984],
        "stdev": [1.71087598801, 1.71410083771, 1.5637499094, 1.52815318108, 1.51538550854, 1.37758290768]
    }
},
"rhythm": {
    "beats_count": 433,
    "beats_loudness": {
        "mean": 0.0375598445535,
        "stdev": 0.0318390466273
    },
    "bpm": 143.896347046,
    "bpm_histogram_first_peak_bpm": 144,
    "bpm_histogram_first_peak_weight": 0.411764740944,
    "bpm_histogram_second_peak_bpm": 136,
    "bpm_histogram_second_peak_spread": 0.100000023842,
    "bpm_histogram_second_peak_weight": 0.0416666679084,
    "danceability": 1.28458821774,
    "onset_rate": 3.68367433548,
    "beats_loudness_band_ratio": {
        "mean": [0.515646636486, 0.276568174362, 0.14669290185, 0.0480181090534, 0.0234173927456, 0.0289999637753],
        "stdev": [0.305208712816, 0.24216388166, 0.181858599186, 0.0865084156394, 0.0455582588911, 0.0772509202361]
    },
    "beats_position": [0.406349211931, 0.824308395386, 1.24226760864, 1.66022670269, 2.07818579674, 2.49614500999, 2.90249419212, 3.32045340538, 3.73841261864, 4.15637159348, 4.55111122131, 4.94585037231, 5.32897949219, 5.6888885498, 6.06040811539, 6.43192720413, 6.82666635513, 7.22140598297, 7.61614513397, 8.01088428497, 8.4172334671, 8.85841274261, 9.29959201813, 9.72916126251, 10.1355104446, 10.5302495956, 10.9365987778, 11.3429479599, 11.749297142, 12.1556463242, 12.5619955063, 12.9683446884, 13.3746938705, 13.7694330215, 14.1641721725, 14.5589113235, 14.9536504745, 15.3599996567, 15.7663488388, 16.1610889435, 16.5674381256, 16.9853973389, 17.391746521, 17.7980957031, 18.2044448853, 18.6224040985, 19.0287532806, 19.4351024628, 19.853061676, 20.2710208893, 20.6889801025, 21.1069393158, 21.5248966217, 21.942855835, 22.3608150482, 22.7671642303, 23.1851234436, 23.6030826569, 24.0210418701, 24.4390010834, 24.8453502655, 25.2633094788, 25.681268692, 26.0992279053, 26.5171871185, 26.9235363007, 27.3298854828, 27.747844696, 28.1658039093, 28.5837631226, 29.0017223358, 29.4196815491, 29.8260307312, 30.2323799133, 30.6503391266, 31.0682983398, 31.474647522, 31.8926067352, 32.2989578247, 32.7169151306, 33.1348762512, 33.5528335571, 33.9707946777, 34.3887519836, 34.8067131042, 35.2246704102, 35.6426315308, 36.0605888367, 36.4785499573, 36.8965072632, 37.3144645691, 37.7324256897, 38.1503829956, 38.5683441162, 38.9863014221, 39.4042625427, 39.8222198486, 40.2401809692, 40.6581382751, 41.0760993958, 41.4940567017, 41.9120178223, 42.3299751282, 42.7363243103, 43.1426734924, 43.560634613, 43.9785919189, 44.3965530396, 44.8145103455, 45.2324714661, 45.650428772, 46.0567779541, 46.4631271362, 46.8694763184, 47.2758255005, 47.6937866211, 48.111743927, 48.5297050476, 48.9476623535, 49.3656234741, 49.7719726562, 50.1899299622, 50.5962791443, 51.0142402649, 51.420589447, 51.8385467529, 52.2448959351, 52.6512451172, 53.0575942993, 53.4755554199, 53.8935127258, 54.299861908, 54.7062110901, 55.1125602722, 55.5189094543, 55.9252586365, 56.3432197571, 56.7727890015, 57.1907463074, 57.608707428, 58.0266647339, 58.4446258545, 58.8625831604, 59.280544281, 59.6985015869, 60.104850769, 60.5111999512, 60.9175491333, 61.3355102539, 61.741859436, 62.1598167419, 62.5777778625, 62.9841270447, 63.3904762268, 63.8084335327, 64.2263946533, 64.6443557739, 65.0623092651, 65.4802703857, 65.8866195679, 66.29296875, 66.7109298706, 67.1288909912, 67.5352401733, 67.9415893555, 68.3595428467, 68.7775039673, 69.1838531494, 69.5902023315, 70.0081634521, 70.4261245728, 70.8324737549, 71.238822937, 71.6451721191, 72.0515213013, 72.4694747925, 72.8874359131, 73.3053970337, 73.7233581543, 74.1297073364, 74.5360565186, 74.9424057007, 75.3603591919, 75.7783203125, 76.1846694946, 76.6026306152, 77.0205917358, 77.426940918, 77.8332901001, 78.2512435913, 78.6692047119, 79.0871658325, 79.4935150146, 79.9114761353, 80.3178253174, 80.7357788086, 81.1421279907, 81.5484771729, 81.954826355, 82.3611755371, 82.7791366577, 83.1854858398, 83.591835022, 84.0097961426, 84.4277572632, 84.8457107544, 85.263671875, 85.6816329956, 86.0995864868, 86.5059356689, 86.9122848511, 87.3302459717, 87.7482070923, 88.1661682129, 88.5957336426, 89.0253067017, 89.4432601929, 89.8612213135, 90.2791824341, 90.6971435547, 91.1150970459, 91.5330581665, 91.9510192871, 92.3689804077, 92.7869338989, 93.2048950195, 93.6228561401, 94.0408172607, 94.458770752, 94.8651199341, 95.2714691162, 95.6894302368, 96.0957794189, 96.5137405396, 96.9433059692, 97.3612670898, 97.7792282104, 98.2087936401, 98.6267547607, 99.0563278198, 99.474281311, 99.8922424316, 100.298591614, 100.716552734, 101.134513855, 101.552467346, 101.982040405, 102.400001526, 102.817955017, 103.235916138, 103.653877258, 104.071838379, 104.48979187, 104.896141052, 105.302490234, 105.720451355, 106.138412476, 106.556373596, 106.974327087, 107.392288208, 107.810249329, 108.22820282, 108.64616394, 109.064125061, 109.482086182, 109.900039673, 110.306388855, 110.712738037, 111.130699158, 111.548660278, 111.966621399, 112.38457489, 112.802536011, 113.208885193, 113.615234375, 114.021583557, 114.451156616, 114.869110107, 115.287071228, 115.705032349, 116.122993469, 116.552558899, 116.958908081, 117.376869202, 117.783218384, 118.189567566, 118.607528687, 119.025482178, 119.443443298, 119.861404419, 120.27936554, 120.697319031, 121.115280151, 121.55645752, 121.97441864, 122.392379761, 122.810340881, 123.239906311, 123.66947937, 124.0990448, 124.528617859, 124.94657135, 125.364532471, 125.79410553, 126.223670959, 126.64163208, 127.059593201, 127.500770569, 127.91872406, 128.336685181, 128.754638672, 129.172607422, 129.590560913, 130.008529663, 130.426483154, 130.844436646, 131.250793457, 131.65713501, 132.063491821, 132.469833374, 132.887802124, 133.305755615, 133.723709106, 134.153289795, 134.582855225, 135.012420654, 135.430389404, 135.859954834, 136.277908325, 136.695877075, 137.113830566, 137.543395996, 137.972961426, 138.390930176, 138.820495605, 139.250061035, 139.691238403, 140.120819092, 140.550384521, 140.968338013, 141.386306763, 141.815872192, 142.245437622, 142.663391113, 143.081359863, 143.499313354, 143.917282104, 144.335235596, 144.764801025, 145.182769775, 145.612335205, 146.030288696, 146.448257446, 146.877822876, 147.307388306, 147.725341797, 148.154922485, 148.572875977, 149.002441406, 149.420410156, 149.838363647, 150.256317139, 150.674285889, 151.103851318, 151.533416748, 151.951385498, 152.380950928, 152.810516357, 153.216873169, 153.623214722, 154.041183472, 154.435913086, 154.853881836, 155.271835327, 155.701400757, 156.130966187, 156.572158813, 157.001724243, 157.419677734, 157.849243164, 158.278823853, 158.708389282, 159.126342773, 159.555908203, 159.973876953, 160.391830444, 160.821395874, 161.239364624, 161.668930054, 162.110107422, 162.562896729, 162.992462158, 163.422042847, 163.851608276, 164.281173706, 164.710739136, 165.140319824, 165.569885254, 165.999450684, 166.417419434, 166.835372925, 167.253326416, 167.671295166, 168.100860596, 168.542037964, 168.971603394, 169.412780762, 169.84236145, 170.295150757, 170.713104248, 171.154281616, 171.583847046, 172.013427734, 172.431381226, 172.872558594, 173.313735962, 173.75491333, 174.196090698, 174.625671387, 175.066848755, 175.449981689, 175.844711304, 176.239456177, 176.634185791, 177.075378418, 177.504943848, 177.946121216, 178.387298584, 178.816864014, 179.246429443, 179.676010132, 180.093963623, 180.523529053],
    "bpm_histogram": [0, 0, 0, 0, 0, 0, 0, 0, 0, 0, 0, 0, 0, 0, 0, 0, 0, 0, 0, 0, 0, 0, 0, 0, 0, 0, 0, 0, 0, 0, 0, 0, 0, 0, 0, 0, 0, 0, 0, 0, 0, 0, 0, 0, 0, 0, 0, 0, 0, 0, 0, 0, 0, 0, 0, 0, 0, 0, 0, 0, 0, 0, 0, 0, 0, 0, 0, 0, 0, 0, 0, 0, 0, 0, 0, 0, 0, 0, 0, 0, 0, 0, 0, 0, 0, 0, 0, 0, 0, 0, 0, 0, 0, 0, 0, 0, 0, 0, 0, 0, 0, 0, 0, 0, 0, 0, 0, 0, 0, 0, 0, 0, 0, 0, 0, 0, 0, 0, 0, 0, 0, 0, 0, 0, 0, 0, 0, 0, 0, 0, 0, 0, 0, 0.00462962966412, 0, 0, 0.0416666679084, 0, 0, 0, 0.152777776122, 0, 0, 0, 0.532407402992, 0, 0, 0, 0.219907402992, 0, 0, 0, 0.037037037313, 0, 0, 0, 0, 0.00462962966412, 0, 0, 0, 0.00462962966412, 0, 0, 0, 0, 0, 0.00231481483206, 0, 0, 0, 0, 0, 0, 0, 0, 0, 0, 0, 0, 0, 0, 0, 0, 0, 0, 0, 0, 0, 0, 0, 0, 0, 0, 0, 0, 0, 0, 0, 0, 0, 0, 0, 0, 0, 0, 0, 0, 0, 0, 0, 0, 0, 0, 0, 0, 0, 0, 0, 0, 0, 0, 0, 0, 0, 0, 0, 0, 0, 0, 0, 0, 0, 0, 0, 0, 0, 0, 0, 0, 0, 0, 0, 0, 0, 0, 0, 0, 0, 0]
},
"tonal": {
    "chords_changes_rate": 0.0820512846112,
    "chords_number_rate": 0.00358974351548,
    "chords_strength": {
        "mean": 0.4647603333,
        "stdev": 0.09741871804
    },
    "hpcp_crest": {
        "mean": 15.9998121262,
        "stdev": 8.04492664337
    },
    "hpcp_entropy": {
        "mean": 1.71035897732,
        "stdev": 0.856273174286
    },
    "key_edma": {
        "strength": 0.572264254093,
        "key": "F",
        "scale": "major"
    },
    "key_krumhansl": {
        "strength": 0.571860432625,
        "key": "F",
        "scale": "major"
    },
    "key_temperley": {
        "strength": 0.572635769844,
        "key": "F",
        "scale": "major"
    },
    "tuning_diatonic_strength": 0.489501863718,
    "tuning_equal_tempered_deviation": 0.0950713455677,
    "tuning_frequency": 439.238189697,
    "tuning_nontempered_energy_ratio": 0.777419090271,
    "hpcp": {
        "mean": [0.100407965481, 0.0739871487021, 0.0499262884259, 0.0844477936625, 0.0745753794909, 0.0405595861375, 0.0490772910416, 0.0708422809839, 0.135616391897, 0.211647540331, 0.149419173598, 0.0494069121778, 0.036396086216, 0.0358301885426, 0.0602521784604, 0.141667768359, 0.146411448717, 0.132980957627, 0.186297059059, 0.132589057088, 0.0841612517834, 0.122784890234, 0.10621484369, 0.127616390586, 0.167000621557, 0.0929367095232, 0.0534921176732, 0.0730754882097, 0.0528725907207, 0.082348793745, 0.161186754704, 0.12111184746, 0.0510567426682, 0.0646774843335, 0.0693542063236, 0.075207605958],
        "stdev": [0.235539332032, 0.184447959065, 0.147238537669, 0.221309989691, 0.194410845637, 0.124607793987, 0.148690000176, 0.178760245442, 0.272603780031, 0.332178592682, 0.269037663937, 0.152677193284, 0.133466824889, 0.130765974522, 0.1692969203, 0.283480733633, 0.288649410009, 0.239954739809, 0.34144371748, 0.249197170138, 0.202206805348, 0.25972160697, 0.223092094064, 0.25399979949, 0.307655066252, 0.205517500639, 0.153175517917, 0.213066831231, 0.155115693808, 0.181307375431, 0.303912043571, 0.234289214015, 0.146036058664, 0.188360184431, 0.188637554646, 0.200981155038]
    },
    "chords_histogram": [6.28205108643, 5.7948718071, 22.1538467407, 0.743589758873, 4.84615373611, 3.30769228935, 2.12820506096, 0.0256410259753, 0, 0.102564103901, 0.923076927662, 0, 0, 1.43589746952, 0, 0, 0.256410270929, 6.94871807098, 6.87179470062, 25.5384616852, 3.56410264969, 3.25641036034, 3.28205132484, 2.53846144676],
    "thpcp": [1, 0.705981135368, 0.233439579606, 0.171965554357, 0.169291779399, 0.284681677818, 0.669357001781, 0.691770136356, 0.628313243389, 0.880223095417, 0.626461625099, 0.397648155689, 0.580138504505, 0.501847743988, 0.602966547012, 0.789050638676, 0.43911075592, 0.252741515636, 0.345269739628, 0.249814346433, 0.38908457756, 0.761581063271, 0.57223367691, 0.241234749556, 0.305590540171, 0.327687263489, 0.355343639851, 0.474411219358, 0.349577158689, 0.235893547535, 0.399002015591, 0.352356463671, 0.191637411714, 0.231882169843, 0.334718197584, 0.640765249729],
    "chords_key": "C",
    "chords_scale": "minor"
}
}