{
"metadata": {
    "version": {
        "essentia": "2.1-dev",
        "essentia_git_sha": "v2.1_beta3-415-gd5473f3",
        "extractor": "music 2.0"
    },
    "audio_properties": {
        "analysis": {
            "equal_loudness": 0,
            "length": 186.48815918,
            "sample_rate": 44100,
            "start_time": 0,
            "downmix": "mix"
        },
        "bit_rate": 192000,
        "length": 186.48815918,
        "lossless": 0,
        "number_channels": 2,
        "replay_gain": -6.25495529175,
        "sample_rate": 44100,
        "codec": "mp3",
        "md5_encoded": "2cde80335b608ba36a4a293f2645d4ac"
    },
    "tags": {
        "file_name": "barney_kessel-lullaby_of_birdland_pro.mp3",
        "album": ["Unknown                       "],
        "artist": ["Unknown                       "],
        "date": ["2001"],
        "genre": ["Other"],
        "title": ["barney kessel - Lullaby of Bi "]
    }
},
"lowlevel": {
    "average_loudness": 0.84882158041,
    "barkbands_crest": {
        "mean": 13.5746526718,
        "stdev": 4.61736679077
    },
    "barkbands_flatness_db": {
        "mean": 0.274909943342,
        "stdev": 0.0538594648242
    },
    "barkbands_kurtosis": {
        "mean": 12.4998931885,
        "stdev": 21.1278800964
    },
    "barkbands_skewness": {
        "mean": 2.22332239151,
        "stdev": 1.98305428028
    },
    "barkbands_spread": {
        "mean": 9.83518886566,
        "stdev": 7.01918029785
    },
    "dissonance": {
        "mean": 0.424643158913,
        "stdev": 0.0511052720249
    },
    "dynamic_complexity": 4.44614028931,
    "erbbands_crest": {
        "mean": 13.4540233612,
        "stdev": 6.60569047928
    },
    "erbbands_flatness_db": {
        "mean": 0.247791692615,
        "stdev": 0.0620581507683
    },
    "erbbands_kurtosis": {
        "mean": 2.9269387722,
        "stdev": 6.59916830063
    },
    "erbbands_skewness": {
        "mean": 1.01415407658,
        "stdev": 0.998396635056
    },
    "erbbands_spread": {
        "mean": 31.6690807343,
        "stdev": 22.0188903809
    },
    "hfc": {
        "mean": 10.5871162415,
        "stdev": 15.7276067734
    },
    "loudness_ebu128": {
        "integrated": -19.3244457245,
        "loudness_range": 4.91276550293,
        "momentary": {
            "mean": -20.3683280945,
            "stdev": 3.65418863297
        },
        "short_term": {
            "mean": -19.6589832306,
            "stdev": 1.66808593273
        }
    },
    "melbands_crest": {
        "mean": 17.1480178833,
        "stdev": 5.67704582214
    },
    "melbands_flatness_db": {
        "mean": 0.327099561691,
        "stdev": 0.0631724148989
    },
    "melbands_kurtosis": {
        "mean": 27.1028671265,
        "stdev": 44.8601074219
    },
    "melbands_skewness": {
        "mean": 3.02711105347,
        "stdev": 2.61571788788
    },
    "melbands_spread": {
        "mean": 10.6492853165,
        "stdev": 8.32291984558
    },
    "pitch_salience": {
        "mean": 0.443608343601,
        "stdev": 0.124587550759
    },
    "silence_rate_20dB": {
        "mean": 1,
        "stdev": 0
    },
    "silence_rate_30dB": {
        "mean": 0.995269536972,
        "stdev": 0.0686180517077
    },
    "silence_rate_60dB": {
        "mean": 0.0949831977487,
        "stdev": 0.29320037365
    },
    "spectral_centroid": {
        "mean": 769.277526855,
        "stdev": 445.202087402
    },
    "spectral_complexity": {
        "mean": 7.96775817871,
        "stdev": 4.68003940582
    },
    "spectral_decrease": {
        "mean": -5.26732923944e-09,
        "stdev": 5.13253883838e-09
    },
    "spectral_energy": {
        "mean": 0.0208404231817,
        "stdev": 0.0206418447196
    },
    "spectral_energyband_high": {
        "mean": 6.8461697083e-05,
        "stdev": 0.000153034896357
    },
    "spectral_energyband_low": {
        "mean": 0.00588107202202,
        "stdev": 0.0064242798835
    },
    "spectral_energyband_middle_high": {
        "mean": 0.00369376782328,
        "stdev": 0.0106065012515
    },
    "spectral_energyband_middle_low": {
        "mean": 0.0118426028639,
        "stdev": 0.0151263205335
    },
    "spectral_entropy": {
        "mean": 6.83118104935,
        "stdev": 0.57481020689
    },
    "spectral_flux": {
        "mean": 0.0581151396036,
        "stdev": 0.0406132079661
    },
    "spectral_kurtosis": {
        "mean": 6.64012336731,
        "stdev": 7.40593242645
    },
    "spectral_rms": {
        "mean": 0.00401638820767,
        "stdev": 0.00204955949448
    },
    "spectral_rolloff": {
        "mean": 618.356628418,
        "stdev": 638.635925293
    },
    "spectral_skewness": {
        "mean": 1.63140976429,
        "stdev": 0.801348626614
    },
    "spectral_spread": {
        "mean": 3139932.5,
        "stdev": 1153753.75
    },
    "spectral_strongpeak": {
        "mean": 1.22246956825,
        "stdev": 1.80170440674
    },
    "zerocrossingrate": {
        "mean": 0.0285582840443,
        "stdev": 0.0178439058363
    },
    "barkbands": {
        "mean": [3.54651797352e-06, 0.00297757447697, 0.00250859418884, 0.000905744556803, 0.00201845983975, 0.00244163512252, 0.00207513058558, 0.00216926797293, 0.00182367349043, 0.000847664196044, 0.00104787340388, 0.00101414171513, 0.000187629135326, 0.000131986744236, 9.86397935776e-05, 0.000168260856299, 0.000179718699655, 8.31150755403e-05, 5.91489952058e-05, 4.68875114166e-05, 2.64891750703e-05, 1.44320592881e-05, 7.17697321306e-06, 3.59754585588e-06, 6.2108745924e-10, 6.20714868393e-10, 6.68678334925e-10],
        "stdev": [7.29897647034e-06, 0.00436111632735, 0.00403327308595, 0.00170070806053, 0.0045436793007, 0.00533130718395, 0.00591578241438, 0.00781610887498, 0.00600101426244, 0.00426813773811, 0.00498261023313, 0.00644979160279, 0.00133454531897, 0.000488916470204, 0.000352610572008, 0.000630883092526, 0.000712035980541, 0.000207258985029, 0.000204283642233, 0.000130212647491, 6.09469461779e-05, 3.326328806e-05, 1.62197648024e-05, 7.04333251633e-06, 1.1841481129e-09, 1.16083331836e-09, 1.22046395212e-09]
    },
    "erbbands": {
        "mean": [0.0454096533358, 0.830811798573, 2.86205124855, 2.81964182854, 3.86120223999, 6.18257761002, 16.2565402985, 21.859954834, 28.083108902, 41.6052017212, 41.8278045654, 42.8633880615, 31.7511978149, 28.5861225128, 51.9179840088, 28.9749774933, 9.91882133484, 5.63600063324, 5.60398387909, 7.09814977646, 9.27461242676, 10.2671747208, 5.86622953415, 3.55451631546, 2.77111196518, 1.95040714741, 1.33697223663, 0.840341508389, 0.580371081829, 0.259635567665, 0.21368893981, 0.136144086719, 0.0208991467953, 0.000573615136091, 5.30384313606e-05, 1.85239750863e-05, 9.10421204026e-06, 2.30785667554e-06, 1.03715647128e-05, 2.3678634534e-05],
        "stdev": [0.0867558866739, 1.12162566185, 4.10706424713, 3.80265116692, 7.42422533035, 13.9494762421, 41.8392524719, 50.940662384, 83.5614242554, 124.971786499, 138.099502563, 129.186248779, 135.029312134, 147.061630249, 284.903839111, 188.684753418, 71.6293563843, 18.4556674957, 17.0709152222, 19.2241725922, 31.7826976776, 39.1522789001, 14.9214954376, 13.7579851151, 7.34537124634, 4.77799844742, 2.9451417923, 2.15233635902, 1.27968811989, 0.653287231922, 0.478447556496, 0.275193363428, 0.0401410497725, 0.00105863471981, 7.28314334992e-05, 1.87601672224e-05, 9.22190247366e-06, 2.87400212073e-06, 1.05920880742e-05, 2.38775355683e-05]
    },
    "gfcc": {
        "mean": [-118.744857788, 174.6068573, -143.63381958, 56.3326187134, -62.2281265259, -7.1166677475, -7.44868564606, -18.1001091003, 11.1112422943, -27.1787796021, 6.54830503464, -15.83598423, -4.58273029327],
        "cov": [[4978.18457031, 416.077026367, -927.052978516, -567.833618164, -61.6661224365, -265.223297119, -119.042411804, 49.6603965759, 80.4931030273, -93.7202987671, 22.1959934235, 53.868724823, 69.4698944092], [416.077026367, 509.214935303, 48.8294715881, -349.184051514, 134.346633911, -85.8123397827, 49.8391036987, -15.309387207, 46.6340675354, 21.1700496674, -5.66926860809, 34.1469192505, 3.10830211639], [-927.052978516, 48.8294715881, 680.778259277, 398.378295898, -1.47479176521, 94.4220504761, 42.810131073, -46.5865020752, -10.1902761459, 13.0555505753, 38.3056793213, -17.2269706726, 10.0328178406], [-567.833618164, -349.184051514, 398.378295898, 817.143676758, -117.660301208, 141.86781311, -19.1536369324, -33.4893493652, -26.6563243866, -15.7491197586, 49.8360099792, -69.3989028931, 12.7798013687], [-61.6661224365, 134.346633911, -1.47479176521, -117.660301208, 342.571685791, 95.6578445435, 124.640518188, 47.9069633484, 30.2892799377, 29.595533371, -17.4129638672, 33.436504364, -14.8384475708], [-265.223297119, -85.8123397827, 94.4220504761, 141.86781311, 95.6578445435, 284.056243896, 117.898849487, -27.9153060913, -30.6282272339, -4.98640441895, -8.80706119537, -6.12980031967, 15.8271436691], [-119.042411804, 49.8391036987, 42.810131073, -19.1536369324, 124.640518188, 117.898849487, 170.044006348, 62.9312438965, 28.4413909912, 10.8047685623, -29.206987381, -4.79513454437, -4.44334602356], [49.6603965759, -15.309387207, -46.5865020752, -33.4893493652, 47.9069633484, -27.9153060913, 62.9312438965, 169.906311035, 108.027404785, 22.9161109924, -15.25522995, -20.4365406036, -20.9498672485], [80.4931030273, 46.6340675354, -10.1902761459, -26.6563243866, 30.2892799377, -30.6282272339, 28.4413909912, 108.027404785, 145.141723633, 69.8145446777, 2.76774644852, -27.4099617004, -25.9063682556], [-93.7202987671, 21.1700496674, 13.0555505753, -15.7491197586, 29.595533371, -4.98640441895, 10.8047685623, 22.9161109924, 69.8145446777, 104.204116821, 48.8554840088, 2.60673308372, -24.0519866943], [22.1959934235, -5.66926860809, 38.3056793213, 49.8360099792, -17.4129638672, -8.80706119537, -29.206987381, -15.25522995, 2.76774644852, 48.8554840088, 109.945793152, 60.5382003784, 13.8052463531], [53.868724823, 34.1469192505, -17.2269706726, -69.3989028931, 33.436504364, -6.12980031967, -4.79513454437, -20.4365406036, -27.4099617004, 2.60673308372, 60.5382003784, 117.216644287, 61.9263839722], [69.4698944092, 3.10830211639, 10.0328178406, 12.7798013687, -14.8384475708, 15.8271436691, -4.44334602356, -20.9498672485, -25.9063682556, -24.0519866943, 13.8052463531, 61.9263839722, 100.519943237]],
        "icov": [[0.000402295874665, -0.000648515473586, 0.000794667517766, -0.000273882149486, 8.37297266116e-05, -3.73660659534e-05, 6.60056830384e-05, 8.32980149426e-05, -0.000541901856195, 0.000971481902525, -0.000817682419438, 0.00037824458559, -0.00029187972541], [-0.000648515473586, 0.00774182099849, -0.00347214122303, 0.00413416745141, -0.00248974352144, 0.00364828994498, -0.00447289692238, 0.00698560057208, -0.00629654573277, 0.00418019713834, -0.00367640284821, 0.00315597304143, -0.00171594019048], [0.000794667517766, -0.00347214122303, 0.00461023719981, -0.00298632937483, 0.000722068187315, -0.000645449443255, 2.7366588256e-05, -0.000541407905985, 0.000349738285877, 0.000295475998428, -0.000461377028842, -0.000529676384758, 0.000124799029436], [-0.000273882149486, 0.00413416745141, -0.00298632937483, 0.00485832104459, -0.000982284080237, 0.000491176266223, -0.00122950796504, 0.00274777645245, -0.00306257675402, 0.00356088811532, -0.00498487381265, 0.00512659456581, -0.00237311795354], [8.37297266116e-05, -0.00248974352144, 0.000722068187315, -0.000982284080237, 0.00581785896793, -0.00245624152012, -0.000463632546598, -0.00301540037617, 0.00233503803611, -0.00340063078329, 0.00424244394526, -0.00537291076034, 0.00318404030986], [-3.73660659534e-05, 0.00364828994498, -0.000645449443255, 0.000491176266223, -0.00245624152012, 0.00941867940128, -0.00853358861059, 0.00735163269565, -0.00372706935741, 0.00335113098845, -0.00378283555619, 0.00371064525098, -0.00270078261383], [6.60056830384e-05, -0.00447289692238, 2.7366588256e-05, -0.00122950796504, -0.000463632546598, -0.00853358861059, 0.0182859469205, -0.0123681658879, 0.00788846518844, -0.0070868274197, 0.00756642827764, -0.00382095039822, 0.00140418449882], [8.32980149426e-05, 0.00698560057208, -0.000541407905985, 0.00274777645245, -0.00301540037617, 0.00735163269565, -0.0123681658879, 0.0254672151059, -0.0225376747549, 0.0147266108543, -0.00833160523325, 0.00384350097738, -0.00091886264272], [-0.000541901856195, -0.00629654573277, 0.000349738285877, -0.00306257675402, 0.00233503803611, -0.00372706935741, 0.00788846518844, -0.0225376747549, 0.0337230339646, -0.0239852163941, 0.0104488432407, -0.000900967395864, -0.00042112232768], [0.000971481902525, 0.00418019713834, 0.000295475998428, 0.00356088811532, -0.00340063078329, 0.00335113098845, -0.0070868274197, 0.0147266108543, -0.0239852163941, 0.0346278697252, -0.021203815937, 0.00829950440675, 0.000346630375134], [-0.000817682419438, -0.00367640284821, -0.000461377028842, -0.00498487381265, 0.00424244394526, -0.00378283555619, 0.00756642827764, -0.00833160523325, 0.0104488432407, -0.021203815937, 0.0334073640406, -0.0228354409337, 0.00827776454389], [0.00037824458559, 0.00315597304143, -0.000529676384758, 0.00512659456581, -0.00537291076034, 0.00371064525098, -0.00382095039822, 0.00384350097738, -0.000900967395864, 0.00829950440675, -0.0228354409337, 0.0331352725625, -0.0172266364098], [-0.00029187972541, -0.00171594019048, 0.000124799029436, -0.00237311795354, 0.00318404030986, -0.00270078261383, 0.00140418449882, -0.00091886264272, -0.00042112232768, 0.000346630375134, 0.00827776454389, -0.0172266364098, 0.0207083448768]]
    },
    "melbands": {
        "mean": [0.00064494041726, 0.00140300125349, 0.000555233622435, 0.00031827762723, 0.000539621571079, 0.000497341854498, 0.000418195384555, 0.000485007942189, 0.000333428906742, 0.000261954817688, 0.000153366258019, 0.000108420717879, 0.000153596687596, 0.00013390420645, 4.31855442002e-05, 1.21924840641e-05, 1.04743057818e-05, 9.38685570873e-06, 9.31206068344e-06, 1.19618161989e-05, 9.98853010969e-06, 1.10665223474e-05, 6.60068462821e-06, 4.24481868322e-06, 2.77444587482e-06, 1.88789078948e-06, 2.12064583138e-06, 1.0523540368e-06, 8.61826606524e-07, 6.53736435652e-07, 4.31138573731e-07, 3.66259229168e-07, 2.00046855525e-07, 1.2083451395e-07, 1.28325112314e-07, 1.03831823139e-07, 7.84283855637e-08, 1.79737842387e-08, 6.55560675189e-12, 5.72155777617e-12],
        "stdev": [0.00105681887362, 0.00167240062729, 0.00074782728916, 0.000583283021115, 0.00135983387008, 0.00111031590495, 0.00118141353596, 0.00153541692998, 0.00112358434126, 0.000829765864182, 0.000681840698235, 0.000586310401559, 0.000779531663284, 0.000866785354447, 0.000442481803475, 6.06507892371e-05, 4.0720711695e-05, 3.59488512913e-05, 3.73453767679e-05, 4.53234533779e-05, 3.90418281313e-05, 4.64014337922e-05, 2.28635635722e-05, 1.06300158222e-05, 1.3443735952e-05, 5.27390511706e-06, 7.0858068284e-06, 2.71859380518e-06, 1.99743999474e-06, 1.57621605013e-06, 1.17076376682e-06, 8.23618336199e-07, 4.72757761827e-07, 3.15604864909e-07, 2.96522699728e-07, 2.21312021154e-07, 1.59312719461e-07, 3.53369635775e-08, 1.24473400337e-11, 1.09444224516e-11]
    },
    "melbands128": {
        "mean": [2.82680912278e-06, 0.000163784978213, 0.000952174712438, 0.00149143079761, 0.00160963030066, 0.00110880180728, 0.000526083167642, 0.000488006829983, 0.000397188588977, 0.000255327438936, 0.00023038816289, 0.000569082156289, 0.000574336620048, 0.000534183578566, 0.000529377895873, 0.000406109989854, 0.000557130028028, 0.000353228184395, 0.000394610513467, 0.000442854303401, 0.0006424554158, 0.000397292198613, 0.00025029911194, 0.000351464987034, 0.000265787704848, 0.000291293516057, 0.000108832660771, 0.000189818194485, 0.000126821149024, 6.62970778649e-05, 0.000121774857689, 0.000150993597344, 7.56220979383e-05, 0.000263722031377, 0.000190695049241, 9.49029854382e-05, 3.06141300825e-05, 6.60555160721e-05, 2.76695427601e-05, 9.89103773463e-06, 1.511982191e-05, 5.52551136934e-06, 6.3939478423e-06, 1.76998710231e-05, 1.23516410895e-05, 8.0029012679e-06, 4.33412469647e-06, 1.1621136764e-05, 1.04270184238e-05, 5.35989829586e-06, 1.34536958285e-05, 1.97431309061e-05, 8.60020372784e-06, 5.55373571842e-06, 1.16431492643e-05, 1.11399322122e-05, 1.31225897348e-05, 6.7343921728e-06, 3.84617169402e-06, 6.49087769489e-06, 4.720268862e-06, 2.24026780415e-06, 3.26985923493e-06, 2.85679993794e-06, 2.03971057999e-06, 1.80794086191e-06, 1.98961015485e-06, 1.8628431917e-06, 2.77464459941e-06, 1.37708354941e-06, 1.09778773094e-06, 7.36653873901e-07, 9.27389180561e-07, 8.80903883171e-07, 8.29982298001e-07, 7.2358466241e-07, 5.30340003024e-07, 4.88583282277e-07, 4.02585982329e-07, 3.96442686679e-07, 4.22958606805e-07, 3.37412132012e-07, 2.714356242e-07, 1.81532286092e-07, 1.53224490873e-07, 1.14763828662e-07, 1.05090222746e-07, 1.36171536269e-07, 1.32240970174e-07, 1.2676797212e-07, 1.05451242405e-07, 1.05797646199e-07, 8.67757918854e-08, 7.94279984007e-08, 8.0349806808e-08, 3.33743521708e-08, 4.00405715528e-11, 7.09170482754e-12, 6.57079685801e-12, 6.25590031167e-12, 5.95133057418e-12, 5.66672750391e-12, 5.40555664466e-12, 5.17389906959e-12, 4.9506137037e-12, 4.74007595327e-12, 4.54570539196e-12, 4.3723523066e-12, 4.2050733555e-12, 4.03887383607e-12, 3.92649628089e-12, 3.92431920293e-12, 3.67313991723e-12, 3.51326324803e-12, 3.39283939485e-12, 3.29486980234e-12, 3.195144236e-12, 3.09892801524e-12, 3.02188222362e-12, 2.95297141774e-12, 2.89104374121e-12, 2.83902957567e-12, 2.78257213278e-12, 2.72953382986e-12, 2.69944201541e-12, 2.67785359859e-12, 2.65998356154e-12, 2.64059412357e-12],
        "stdev": [6.2370249907e-06, 0.000400759076001, 0.00186205946375, 0.00200566276908, 0.00222897576168, 0.00178553164005, 0.000794376595877, 0.00103011459578, 0.00088052416686, 0.000646244036034, 0.000667871674523, 0.00189913483337, 0.00179329724051, 0.00164068688173, 0.00153838808183, 0.00143024825957, 0.00208468176425, 0.00131933193188, 0.00172772898804, 0.00164367770776, 0.00286213890649, 0.00207621441223, 0.00108274281956, 0.00201310310513, 0.000900035724044, 0.00139083666727, 0.00061178841861, 0.00125621678308, 0.00057628430659, 0.000596851925366, 0.000888980051968, 0.00102173537016, 0.000826279050671, 0.00190732209012, 0.00134561478626, 0.00120560755022, 0.000265710725216, 0.000951322843321, 0.000332050083671, 7.60348702897e-05, 5.77911923756e-05, 3.55271004082e-05, 2.75332095043e-05, 0.000100589859358, 6.47702981951e-05, 4.03750200348e-05, 2.75476013485e-05, 5.53990648768e-05, 4.81573406432e-05, 2.66468632617e-05, 6.33533200016e-05, 9.92920686258e-05, 6.36453842162e-05, 2.59261287283e-05, 0.000101914381958, 5.29620992893e-05, 7.24351484678e-05, 4.952774907e-05, 1.50650339492e-05, 2.64626614808e-05, 1.47930850289e-05, 7.82827373769e-06, 2.06499989872e-05, 1.81687319127e-05, 8.11881363916e-06, 6.48736295261e-06, 9.02739611774e-06, 8.2729566202e-06, 1.27106532091e-05, 4.61806621388e-06, 3.32073727805e-06, 2.82752216663e-06, 2.40130316342e-06, 2.13958242057e-06, 1.94134327103e-06, 1.82185294761e-06, 1.6078573708e-06, 1.58522971105e-06, 1.09710060769e-06, 1.20412107663e-06, 9.90140165413e-07, 7.52554399241e-07, 6.43846590265e-07, 4.50362961146e-07, 5.22762888977e-07, 3.65226327403e-07, 2.83040293425e-07, 2.8811692232e-07, 3.60480129302e-07, 3.1561552305e-07, 2.58138356912e-07, 2.3185211262e-07, 1.93403593585e-07, 1.90664735555e-07, 1.6365684985e-07, 6.82510616912e-08, 1.81072754013e-10, 1.33469901797e-11, 1.26003686651e-11, 1.19737891477e-11, 1.13894978518e-11, 1.08442421709e-11, 1.03296910955e-11, 9.85410711363e-12, 9.40614513362e-12, 8.988741175e-12, 8.59708745166e-12, 8.23229765606e-12, 7.88975135224e-12, 7.57078254254e-12, 7.40538706745e-12, 9.19429289647e-12, 7.06717453655e-12, 6.54260499944e-12, 6.27754142071e-12, 6.07088121093e-12, 5.8811991735e-12, 5.70667601715e-12, 5.54859196783e-12, 5.40341296013e-12, 5.27361227604e-12, 5.15829696665e-12, 5.05666732445e-12, 4.97019916543e-12, 4.89815870156e-12, 4.84025233088e-12, 4.7972216477e-12, 4.77256168613e-12]
    },
    "mfcc": {
        "mean": [-740.29888916, 164.303039551, -2.21077728271, 48.4221725464, -11.7327890396, 10.4571800232, -9.54731845856, 14.0418014526, -5.78918886185, 7.88601303101, -7.22843742371, 10.007478714, -3.27425813675],
        "cov": [[4072.43798828, 551.165283203, -959.730773926, -66.4130783081, -386.098724365, -104.519470215, -418.077880859, 143.818527222, -220.814193726, 60.3540153503, -200.852172852, 122.415367126, -91.1259231567], [551.165283203, 892.595581055, -222.490524292, -301.241485596, 22.5353183746, -141.64352417, -14.4148273468, -39.0731048584, 64.7097625732, -48.0897865295, 58.8557815552, -22.0884075165, 56.2707099915], [-959.730773926, -222.490524292, 694.191894531, 256.954101562, 73.1239852905, 141.949966431, 91.1922225952, -17.8023357391, -9.19397640228, 1.55817008018, 8.10111522675, -14.9596509933, -34.1742286682], [-66.4130783081, -301.241485596, 256.954101562, 372.04901123, 60.525932312, 63.7599029541, 4.51620388031, 29.5249862671, -33.5936851501, 35.7711715698, -4.08483457565, 34.4384307861, -24.0218276978], [-386.098724365, 22.5353183746, 73.1239852905, 60.525932312, 180.266616821, 60.429523468, 79.4222259521, 11.6477050781, 45.2829170227, 1.25436735153, 46.4436149597, 10.0399923325, 40.9049339294], [-104.519470215, -141.64352417, 141.949966431, 63.7599029541, 60.429523468, 271.726837158, 123.830810547, 38.8600730896, 6.28323888779, 10.8951587677, -22.8276729584, -13.9362459183, -8.43293952942], [-418.077880859, -14.4148273468, 91.1922225952, 4.51620388031, 79.4222259521, 123.830810547, 181.282836914, 49.6882400513, 57.3128814697, -6.66335725784, 13.6687479019, -24.6617469788, 30.4729709625], [143.818527222, -39.0731048584, -17.8023357391, 29.5249862671, 11.6477050781, 38.8600730896, 49.6882400513, 127.434898376, 57.7158660889, 27.9907588959, -21.1982288361, 2.75183844566, 8.29077243805], [-220.814193726, 64.7097625732, -9.19397640228, -33.5936851501, 45.2829170227, 6.28323888779, 57.3128814697, 57.7158660889, 158.2394104, 71.478515625, 47.1158905029, -16.3842182159, 18.8750839233], [60.3540153503, -48.0897865295, 1.55817008018, 35.7711715698, 1.25436735153, 10.8951587677, -6.66335725784, 27.9907588959, 71.478515625, 133.690689087, 71.2983551025, 20.2380657196, -21.9835147858], [-200.852172852, 58.8557815552, 8.10111522675, -4.08483457565, 46.4436149597, -22.8276729584, 13.6687479019, -21.1982288361, 47.1158905029, 71.2983551025, 151.129852295, 56.4686012268, 5.21812868118], [122.415367126, -22.0884075165, -14.9596509933, 34.4384307861, 10.0399923325, -13.9362459183, -24.6617469788, 2.75183844566, -16.3842182159, 20.2380657196, 56.4686012268, 133.691360474, 71.3188552856], [-91.1259231567, 56.2707099915, -34.1742286682, -24.0218276978, 40.9049339294, -8.43293952942, 30.4729709625, 8.29077243805, 18.8750839233, -21.9835147858, 5.21812868118, 71.3188552856, 174.132995605]],
        "icov": [[0.0168293248862, -0.0227059628814, 0.0229516886175, -0.0223518759012, 0.0227002613246, -0.0229632090777, 0.0240588076413, -0.0244435388595, 0.0246832985431, -0.0233383737504, 0.0230751913041, -0.0180682428181, 0.00916105788201], [-0.0227059628814, 0.0324759930372, -0.0309578254819, 0.0314367748797, -0.0312373526394, 0.031478587538, -0.0319699347019, 0.0328074991703, -0.0337966121733, 0.0324919857085, -0.0321405604482, 0.0249433629215, -0.0127082075924], [0.0229516886175, -0.0309578254819, 0.0337043888867, -0.0323390811682, 0.0313799865544, -0.0320031642914, 0.0318242050707, -0.0319128446281, 0.0328773185611, -0.0310301501304, 0.0311253368855, -0.0244386568666, 0.0127926608548], [-0.0223518759012, 0.0314367748797, -0.0323390811682, 0.0358085744083, -0.0331783518195, 0.0313159301877, -0.0309812538326, 0.0304984301329, -0.0304602030665, 0.0286317039281, -0.0293271690607, 0.0226713530719, -0.0114728370681], [0.0227002613246, -0.0312373526394, 0.0313799865544, -0.0331783518195, 0.0405024923384, -0.0328047685325, 0.0308703500777, -0.0322729833424, 0.0305182151496, -0.0278610810637, 0.0268598403782, -0.0228896923363, 0.0103309946135], [-0.0229632090777, 0.031478587538, -0.0320031642914, 0.0313159301877, -0.0328047685325, 0.0387135669589, -0.0384391285479, 0.0337107367814, -0.0315202623606, 0.0282464940101, -0.0276737324893, 0.0226691421121, -0.0109198065475], [0.0240588076413, -0.0319699347019, 0.0318242050707, -0.0309812538326, 0.0308703500777, -0.0384391285479, 0.0491468422115, -0.0400695800781, 0.0328460931778, -0.0279326532036, 0.0267233587801, -0.0203169453889, 0.00952060241252], [-0.0244435388595, 0.0328074991703, -0.0319128446281, 0.0304984301329, -0.0322729833424, 0.0337107367814, -0.0400695800781, 0.0500615276396, -0.0416360348463, 0.0315004624426, -0.0264258943498, 0.0210127253085, -0.0109310122207], [0.0246832985431, -0.0337966121733, 0.0328773185611, -0.0304602030665, 0.0305182151496, -0.0315202623606, 0.0328460931778, -0.0416360348463, 0.0522171407938, -0.0429688096046, 0.0321056619287, -0.0215245131403, 0.0103965457529], [-0.0233383737504, 0.0324919857085, -0.0310301501304, 0.0286317039281, -0.0278610810637, 0.0282464940101, -0.0279326532036, 0.0315004624426, -0.0429688096046, 0.0517749264836, -0.0417693816125, 0.0259183254093, -0.0117215672508], [0.0230751913041, -0.0321405604482, 0.0311253368855, -0.0293271690607, 0.0268598403782, -0.0276737324893, 0.0267233587801, -0.0264258943498, 0.0321056619287, -0.0417693816125, 0.0511969812214, -0.0356840416789, 0.0177838206291], [-0.0180682428181, 0.0249433629215, -0.0244386568666, 0.0226713530719, -0.0228896923363, 0.0226691421121, -0.0203169453889, 0.0210127253085, -0.0215245131403, 0.0259183254093, -0.0356840416789, 0.0381819829345, -0.0191181153059], [0.00916105788201, -0.0127082075924, 0.0127926608548, -0.0114728370681, 0.0103309946135, -0.0109198065475, 0.00952060241252, -0.0109310122207, 0.0103965457529, -0.0117215672508, 0.0177838206291, -0.0191181153059, 0.0161605682224]]
    },
    "spectral_contrast_coeffs": {
        "mean": [-0.692075371742, -0.704540610313, -0.73103004694, -0.778114676476, -0.798156678677, -0.591777563095],
        "stdev": [0.0749644264579, 0.110605195165, 0.104976542294, 0.0740678533912, 0.0562612190843, 0.0549674592912]
    },
    "spectral_contrast_valleys": {
        "mean": [-7.10104990005, -7.30841350555, -8.38995170593, -8.89038658142, -8.59805774689, -14.157122612],
        "stdev": [0.855147123337, 0.921020746231, 0.860270619392, 0.839236736298, 0.834249436855, 0.792567133904]
    }
},
"rhythm": {
    "beats_count": 318,
    "beats_loudness": {
        "mean": 0.03123251535,
        "stdev": 0.0233003329486
    },
    "bpm": 102.989479065,
    "bpm_histogram_first_peak_bpm": 103,
    "bpm_histogram_first_peak_weight": 0.491582512856,
    "bpm_histogram_second_peak_bpm": 108,
    "bpm_histogram_second_peak_spread": 0,
    "bpm_histogram_second_peak_weight": 0.0252365935594,
    "danceability": 1.28905308247,
    "onset_rate": 4.99188566208,
    "beats_loudness_band_ratio": {
        "mean": [0.467610567808, 0.197894155979, 0.25728726387, 0.0882237479091, 0.0243074018508, 0.00872132927179],
        "stdev": [0.303413122892, 0.202782481909, 0.244539126754, 0.157250121236, 0.0258789453655, 0.0135355237871]
    },
    "beats_position": [0.592108845711, 1.19582760334, 1.79954648018, 2.42648530006, 3.04181408882, 3.64553284645, 4.2492518425, 4.87619018555, 5.50312900543, 6.13006782532, 6.73378658295, 7.31428575516, 7.90639448166, 8.498503685, 9.07900238037, 9.65950107574, 10.2632198334, 10.8785486221, 11.4938774109, 12.0975961685, 12.7013149261, 13.2934236526, 13.8855323792, 14.4660310745, 15.0465307236, 15.6270294189, 16.2075271606, 16.7880268097, 17.3685264587, 17.9490242004, 18.5411338806, 19.1332416534, 19.7253513336, 20.3174591064, 20.8979587555, 21.4784584045, 22.0589561462, 22.6394557953, 23.219953537, 23.800453186, 24.3809528351, 24.9614505768, 25.5419502258, 26.1224479675, 26.7145576477, 27.2950553894, 27.8755550385, 28.4676647186, 29.0597724915, 29.6518821716, 30.2323799133, 30.8244895935, 31.4165973663, 31.9970970154, 32.5892066956, 33.1813163757, 33.7618141174, 34.3539237976, 34.9460296631, 35.5265312195, 36.1070289612, 36.6875267029, 37.2680282593, 37.848526001, 38.4290237427, 39.0211334229, 39.613243103, 40.1937408447, 40.7742385864, 41.3663482666, 41.9700660706, 42.585395813, 43.1775054932, 43.7696151733, 44.3617210388, 44.9422225952, 45.5343284607, 46.1148300171, 46.7069396973, 47.2990455627, 47.8911552429, 48.4832649231, 49.0753746033, 49.6674804688, 50.2595901489, 50.8633079529, 51.4554176331, 52.0359191895, 52.6164169312, 53.1969146729, 53.789024353, 54.3811340332, 54.9616317749, 55.5537414551, 56.1458511353, 56.7379570007, 57.3300666809, 57.9221763611, 58.5142860413, 59.1180038452, 59.7101135254, 60.3022193909, 60.894329071, 61.4864387512, 62.0785484314, 62.6706581116, 63.2627639771, 63.8432655334, 64.4237594604, 65.0158691406, 65.5963668823, 66.1768722534, 66.7689819336, 67.3610839844, 67.9531936646, 68.5336914062, 69.1258010864, 69.7062988281, 70.2984085083, 70.8905181885, 71.4710159302, 72.0515213013, 72.6436233521, 73.2357330322, 73.8278427124, 74.4199523926, 75.0004501343, 75.5925598145, 76.1846694946, 76.7651672363, 77.3572769165, 77.9493865967, 78.5298843384, 79.1103820801, 79.6792755127, 80.2713851929, 80.8518829346, 81.4323806763, 82.012878418, 82.5933761597, 83.1738739014, 83.7543716431, 84.3348770142, 84.9153747559, 85.4958724976, 86.0647583008, 86.6336517334, 87.2025375366, 87.7946472168, 88.3751449585, 88.9672546387, 89.5593643188, 90.1630859375, 90.7435836792, 91.3124694824, 91.8813552856, 92.4618606567, 93.0423583984, 93.6112442017, 94.1801376343, 94.760635376, 95.3411331177, 95.9216308594, 96.5021286011, 97.0942382812, 97.6863479614, 98.2668457031, 98.8357315063, 99.4162368774, 99.9967346191, 100.577232361, 101.169342041, 101.749839783, 102.330337524, 102.910835266, 103.502944946, 104.083442688, 104.66394043, 105.232833862, 105.813331604, 106.393829346, 106.974327087, 107.554824829, 108.112106323, 108.680992126, 109.249885559, 109.818771362, 110.387664795, 110.94493866, 111.525436401, 112.105941772, 112.686439514, 113.266937256, 113.847434998, 114.416320801, 114.996826172, 115.565711975, 116.134597778, 116.703491211, 117.283988953, 117.852874756, 118.421768188, 119.00226593, 119.582763672, 120.140045166, 120.708930969, 121.277824402, 121.846710205, 122.415596008, 122.99609375, 123.576599121, 124.145484924, 124.714370728, 125.294876099, 125.87537384, 126.455871582, 127.024757385, 127.616867065, 128.197372437, 128.777862549, 129.346755981, 129.915649414, 130.484527588, 131.041809082, 131.599090576, 132.167984009, 132.748474121, 133.305755615, 133.863037109, 134.44354248, 135.000808716, 135.604537964, 136.196640015, 136.800354004, 137.392471313, 137.972961426, 138.553466797, 139.133972168, 139.71446228, 140.283355713, 140.863845825, 141.432739258, 142.013244629, 142.582122803, 143.151016235, 143.731521606, 144.312011719, 144.89251709, 145.473007202, 146.065124512, 146.657226562, 147.237731934, 147.818222046, 148.398727417, 148.979232788, 149.5597229, 150.140228271, 150.720718384, 151.301223755, 151.881713867, 152.462219238, 153.042724609, 153.623214722, 154.203720093, 154.784210205, 155.364715576, 155.945205688, 156.52571106, 157.11781311, 157.70993042, 158.302032471, 158.89414978, 159.474639893, 160.055145264, 160.635650635, 161.216140747, 161.796646118, 162.37713623, 162.957641602, 163.538131714, 164.130249023, 164.722351074, 165.302856445, 165.883346558, 166.463851929, 167.0443573, 167.613235474, 168.193740845, 168.762634277, 169.34312439, 169.923629761, 170.492507935, 171.073013306, 171.641906738, 172.210784912, 172.779678345, 173.360183716, 173.940673828, 174.521179199, 175.090057373, 175.658950806, 176.239456177, 176.819946289, 177.412063599, 178.004165649, 178.596282959, 179.176773071, 179.757278442, 180.349380493, 180.941497803, 181.521987915, 182.114105225, 182.694595337, 183.298324585, 183.913650513, 184.52897644, 185.155914307, 185.794464111],
    "bpm_histogram": [0, 0, 0, 0, 0, 0, 0, 0, 0, 0, 0, 0, 0, 0, 0, 0, 0, 0, 0, 0, 0, 0, 0, 0, 0, 0, 0, 0, 0, 0, 0, 0, 0, 0, 0, 0, 0, 0, 0, 0, 0, 0, 0, 0, 0, 0, 0, 0, 0, 0, 0, 0, 0, 0, 0, 0, 0, 0, 0, 0, 0, 0, 0, 0, 0, 0, 0, 0, 0, 0, 0, 0, 0, 0, 0, 0, 0, 0, 0, 0, 0, 0, 0, 0, 0, 0, 0, 0, 0, 0, 0, 0, 0, 0, 0.00315457419492, 0, 0.0157728698105, 0, 0.0189274456352, 0.047318611294, 0, 0.277602523565, 0, 0.476340681314, 0, 0.135646685958, 0, 0, 0.0252365935594, 0, 0, 0, 0, 0, 0, 0, 0, 0, 0, 0, 0, 0, 0, 0, 0, 0, 0, 0, 0, 0, 0, 0, 0, 0, 0, 0, 0, 0, 0, 0, 0, 0, 0, 0, 0, 0, 0, 0, 0, 0, 0, 0, 0, 0, 0, 0, 0, 0, 0, 0, 0, 0, 0, 0, 0, 0, 0, 0, 0, 0, 0, 0, 0, 0, 0, 0, 0, 0, 0, 0, 0, 0, 0, 0, 0, 0, 0, 0, 0, 0, 0, 0, 0, 0, 0, 0, 0, 0, 0, 0, 0, 0, 0, 0, 0, 0, 0, 0, 0, 0, 0, 0, 0, 0, 0, 0, 0, 0, 0, 0, 0, 0, 0, 0, 0, 0, 0, 0, 0, 0, 0, 0, 0, 0, 0, 0, 0, 0, 0, 0, 0, 0, 0, 0, 0, 0, 0, 0, 0, 0]
},
"tonal": {
    "chords_changes_rate": 0.10306198895,
    "chords_number_rate": 0.00323624606244,
    "chords_strength": {
        "mean": 0.459521144629,
        "stdev": 0.0936620682478
    },
    "hpcp_crest": {
        "mean": 17.9437980652,
        "stdev": 8.66000080109
    },
    "hpcp_entropy": {
        "mean": 1.48847055435,
        "stdev": 0.792704164982
    },
    "key_edma": {
        "strength": 0.733371257782,
        "key": "F",
        "scale": "minor"
    },
    "key_krumhansl": {
        "strength": 0.739773869514,
        "key": "F",
        "scale": "minor"
    },
    "key_temperley": {
        "strength": 0.734269082546,
        "key": "F",
        "scale": "minor"
    },
    "tuning_diatonic_strength": 0.526721179485,
    "tuning_equal_tempered_deviation": 0.0205919295549,
    "tuning_frequency": 444.085327148,
    "tuning_nontempered_energy_ratio": 0.705501556396,
    "hpcp": {
        "mean": [0.0518580749631, 0.0461033806205, 0.0885568112135, 0.139854937792, 0.0860669240355, 0.0416591949761, 0.0586643218994, 0.0729169473052, 0.161271005869, 0.207275077701, 0.120832800865, 0.0965189486742, 0.116592943668, 0.0684546604753, 0.0539999343455, 0.0768728926778, 0.0755193158984, 0.116205088794, 0.138659611344, 0.079795897007, 0.0696388557553, 0.102065376937, 0.100884757936, 0.158912986517, 0.179812818766, 0.081656999886, 0.030466677621, 0.0324433296919, 0.0300312191248, 0.0834917351604, 0.128412827849, 0.0847667381167, 0.103860326111, 0.166894227266, 0.116732083261, 0.0559737160802],
        "stdev": [0.169713288546, 0.155044525862, 0.203553676605, 0.29459670186, 0.19971524179, 0.134081840515, 0.185099259019, 0.181558936834, 0.283423423767, 0.337089091539, 0.238944977522, 0.208062022924, 0.269297838211, 0.162186175585, 0.155018463731, 0.202371701598, 0.187862113118, 0.245203122497, 0.279827952385, 0.179811865091, 0.173672407866, 0.249096766114, 0.209273025393, 0.281453698874, 0.314523935318, 0.169740751386, 0.111912608147, 0.131211772561, 0.106444604695, 0.194008544087, 0.280024409294, 0.192084699869, 0.211969584227, 0.316986501217, 0.240958809853, 0.161135733128]
    },
    "chords_histogram": [24.6950454712, 26.8608417511, 3.88349509239, 2.04132437706, 0.522778213024, 0.721931815147, 0.0746826007962, 5.00373411179, 1.04555642605, 10.2813043594, 3.63455319405, 1.31939256191, 0.0497884005308, 0, 0.248942002654, 0.124471001327, 2.16579532623, 0.42320138216, 2.29026627541, 0.0248942002654, 0.199153602123, 0.174259394407, 9.83320903778, 4.3813791275],
    "thpcp": [1, 0.582958638668, 0.46565631032, 0.562503457069, 0.330259978771, 0.260523051023, 0.370873779058, 0.364343434572, 0.560632228851, 0.668964207172, 0.384975850582, 0.335973113775, 0.492415100336, 0.486719191074, 0.766676783562, 0.867508172989, 0.393954753876, 0.146986693144, 0.156523063779, 0.144885823131, 0.402806431055, 0.619528532028, 0.408957690001, 0.501074850559, 0.805182337761, 0.563174724579, 0.27004557848, 0.250189632177, 0.222426071763, 0.427242934704, 0.674731075764, 0.415230453014, 0.200985059142, 0.283026427031, 0.351788312197, 0.778053045273],
    "chords_key": "G#",
    "chords_scale": "major"
}
}