{
"metadata": {
    "version": {
        "essentia": "2.1-dev",
        "essentia_git_sha": "v2.1_beta3-415-gd5473f3",
        "extractor": "music 2.0"
    },
    "audio_properties": {
        "analysis": {
            "equal_loudness": 0,
            "length": 298.814697266,
            "sample_rate": 44100,
            "start_time": 0,
            "downmix": "mix"
        },
        "bit_rate": 192000,
        "length": 298.814697266,
        "lossless": 0,
        "number_channels": 2,
        "replay_gain": -4.12295532227,
        "sample_rate": 44100,
        "codec": "mp3",
        "md5_encoded": "347c51106d2c59fb8c180fc312323e65"
    },
    "tags": {
        "file_name": "ben_webster-when_i_fall_in_love.mp3",
        "album": ["A Jazz Romance (A Night In Wit"],
        "artist": ["Ben Webster"],
        "date": ["2001"],
        "genre": ["Jazz"],
        "title": ["When I Fall in Love"]
    }
},
"lowlevel": {
    "average_loudness": 0.0317988246679,
    "barkbands_crest": {
        "mean": 14.1553344727,
        "stdev": 5.15841197968
    },
    "barkbands_flatness_db": {
        "mean": 0.246785670519,
        "stdev": 0.0784071087837
    },
    "barkbands_kurtosis": {
        "mean": 33.0587425232,
        "stdev": 138.030776978
    },
    "barkbands_skewness": {
        "mean": 2.88790893555,
        "stdev": 3.22131991386
    },
    "barkbands_spread": {
        "mean": 8.11268997192,
        "stdev": 9.86996269226
    },
    "dissonance": {
        "mean": 0.413098692894,
        "stdev": 0.0554464273155
    },
    "dynamic_complexity": 7.39885091782,
    "erbbands_crest": {
        "mean": 13.9723911285,
        "stdev": 5.46352529526
    },
    "erbbands_flatness_db": {
        "mean": 0.215349331498,
        "stdev": 0.0612536333501
    },
    "erbbands_kurtosis": {
        "mean": 8.02665805817,
        "stdev": 11.1760101318
    },
    "erbbands_skewness": {
        "mean": 1.78288674355,
        "stdev": 1.36784410477
    },
    "erbbands_spread": {
        "mean": 23.6426849365,
        "stdev": 19.3502979279
    },
    "hfc": {
        "mean": 8.14698410034,
        "stdev": 30.7527217865
    },
    "loudness_ebu128": {
        "integrated": -20.634683609,
        "loudness_range": 12.6031360626,
        "momentary": {
            "mean": -28.2043704987,
            "stdev": 24.2182636261
        },
        "short_term": {
            "mean": -23.9355182648,
            "stdev": 5.71568202972
        }
    },
    "melbands_crest": {
        "mean": 16.9078884125,
        "stdev": 5.55586051941
    },
    "melbands_flatness_db": {
        "mean": 0.338772982359,
        "stdev": 0.105109117925
    },
    "melbands_kurtosis": {
        "mean": 27.1728591919,
        "stdev": 50.873500824
    },
    "melbands_skewness": {
        "mean": 2.65601634979,
        "stdev": 2.19151377678
    },
    "melbands_spread": {
        "mean": 9.2662525177,
        "stdev": 15.464384079
    },
    "pitch_salience": {
        "mean": 0.498424649239,
        "stdev": 0.148717477918
    },
    "silence_rate_20dB": {
        "mean": 0.999766886234,
        "stdev": 0.0152650689706
    },
    "silence_rate_30dB": {
        "mean": 0.986791014671,
        "stdev": 0.114158980548
    },
    "silence_rate_60dB": {
        "mean": 0.449883460999,
        "stdev": 0.497496694326
    },
    "spectral_centroid": {
        "mean": 743.815063477,
        "stdev": 1077.77587891
    },
    "spectral_complexity": {
        "mean": 6.12167835236,
        "stdev": 5.17208528519
    },
    "spectral_decrease": {
        "mean": -3.01510483247e-09,
        "stdev": 5.49656942184e-09
    },
    "spectral_energy": {
        "mean": 0.0121186580509,
        "stdev": 0.0230741780251
    },
    "spectral_energyband_high": {
        "mean": 0.000103935832158,
        "stdev": 0.000697216251865
    },
    "spectral_energyband_low": {
        "mean": 0.00360482581891,
        "stdev": 0.00959530100226
    },
    "spectral_energyband_middle_high": {
        "mean": 0.00229238113388,
        "stdev": 0.0100744180381
    },
    "spectral_energyband_middle_low": {
        "mean": 0.00626233313233,
        "stdev": 0.0122108794749
    },
    "spectral_entropy": {
        "mean": 6.48809289932,
        "stdev": 0.732445120811
    },
    "spectral_flux": {
        "mean": 0.0272113289684,
        "stdev": 0.0330773741007
    },
    "spectral_kurtosis": {
        "mean": 14.7698631287,
        "stdev": 17.2489929199
    },
    "spectral_rms": {
        "mean": 0.00262233824469,
        "stdev": 0.00222405418754
    },
    "spectral_rolloff": {
        "mean": 794.303100586,
        "stdev": 1925.85595703
    },
    "spectral_skewness": {
        "mean": 2.77906775475,
        "stdev": 1.6014482975
    },
    "spectral_spread": {
        "mean": 4090598.25,
        "stdev": 3677956.5
    },
    "spectral_strongpeak": {
        "mean": 0.612351238728,
        "stdev": 0.926526248455
    },
    "zerocrossingrate": {
        "mean": 0.0322118811309,
        "stdev": 0.0497785210609
    },
    "barkbands": {
        "mean": [1.36601502163e-05, 0.00296427076682, 0.000518331304193, 0.000246876559686, 0.00115835701581, 0.00254924758337, 0.000805120507721, 0.00116312177852, 0.000271248776698, 0.000221759342821, 0.000168767452124, 0.000330900511472, 0.000191324201296, 0.000111079250928, 0.000158577531693, 0.000159733186592, 0.000190835839021, 0.000249464763328, 0.000449925719295, 0.000121961355035, 2.59401003859e-05, 2.28882800002e-05, 1.36010366987e-05, 4.24955760536e-06, 4.60851515527e-06, 2.13034218177e-06, 6.5082195988e-07],
        "stdev": [3.58849938493e-05, 0.00899196788669, 0.00160117330961, 0.00067768007284, 0.00267703295685, 0.00615661311895, 0.00315144681372, 0.00647057779133, 0.00177170569077, 0.0016445403453, 0.000902096158825, 0.0018861410208, 0.00136760179885, 0.00148721178994, 0.000792503124103, 0.000842963461764, 0.000847275776323, 0.00123162940145, 0.0026702072937, 0.000823411042802, 0.00021653107251, 0.000134956062539, 0.000106358151243, 4.11235887441e-05, 5.37255618838e-05, 2.45690807787e-05, 7.99603185442e-06]
    },
    "erbbands": {
        "mean": [0.0727778822184, 0.70459073782, 0.778251945972, 0.711537718773, 1.53513145447, 3.67498660088, 14.781162262, 21.6916255951, 14.067530632, 13.7787284851, 23.5920886993, 7.20615291595, 5.98954153061, 6.76582527161, 8.51990413666, 14.078253746, 9.54500961304, 6.27099275589, 5.16220855713, 11.0844841003, 8.88286495209, 10.3840808868, 12.895942688, 22.0975723267, 18.0393428802, 5.92586994171, 1.49119973183, 0.863181233406, 0.833335518837, 0.668765306473, 0.341920226812, 0.104553498328, 0.0732015669346, 0.0454737059772, 0.0361673459411, 0.013175454922, 0.00300489948131, 0.00082632509293, 0.00011416633788, 2.01761740755e-05],
        "stdev": [0.233827918768, 2.12020659447, 1.97337162495, 1.67105150223, 3.22589540482, 8.60540676117, 36.0881233215, 56.6536102295, 51.6241836548, 77.8039169312, 117.902290344, 30.0920238495, 72.0259399414, 25.8400783539, 38.9511528015, 82.6129989624, 61.1013412476, 82.8415374756, 23.5211315155, 57.1487541199, 41.5057449341, 46.3438148499, 58.3872299194, 124.941986084, 108.819595337, 36.7607383728, 11.0920381546, 6.84610748291, 5.0146484375, 3.85321712494, 3.17851161957, 1.0363291502, 0.643356263638, 0.363722145557, 0.512775480747, 0.184946611524, 0.0287882778794, 0.00973393023014, 0.00136321329046, 9.85289807431e-05]
    },
    "gfcc": {
        "mean": [-177.438537598, 120.858589172, -71.0487823486, 17.1623420715, -58.7397689819, -13.2217235565, -36.9505653381, 8.26465702057, -23.7003955841, 6.56850194931, -6.67247724533, 4.01987504959, -10.1890907288],
        "cov": [[18403.4511719, 717.13079834, -4396.40917969, 1042.70422363, -440.217773438, -385.838867188, -341.231628418, 355.322723389, -289.396911621, -315.500518799, 346.923583984, 213.459503174, 44.4946289062], [717.13079834, 1358.49768066, 436.066680908, -396.978057861, -7.70454978943, 60.4291992188, 39.272605896, -19.5819473267, 80.6230926514, 76.3375091553, -18.5464611053, -16.9158325195, 25.1620845795], [-4396.40917969, 436.066680908, 2550.6809082, -63.7069320679, 208.615447998, 337.845916748, 238.14642334, -24.6587200165, 116.606445312, 230.669006348, -145.38848877, -114.578956604, -44.0925102234], [1042.70422363, -396.978057861, -63.7069320679, 1132.49633789, 296.51574707, 76.5871658325, 169.449264526, 229.688827515, -63.9090843201, -73.6122970581, 60.7051925659, -13.855222702, -40.0523490906], [-440.217773438, -7.70454978943, 208.615447998, 296.51574707, 379.177215576, 173.11026001, 158.780181885, 79.3368530273, 59.7948760986, -1.63219308853, 28.0658493042, 2.34626603127, 1.46539628506], [-385.838867188, 60.4291992188, 337.845916748, 76.5871658325, 173.11026001, 271.333282471, 137.208633423, 33.0379371643, 60.350818634, 58.1283378601, -11.7112941742, -0.894105911255, 9.54142665863], [-341.231628418, 39.272605896, 238.14642334, 169.449264526, 158.780181885, 137.208633423, 205.796463013, 101.672981262, 66.1696853638, 24.5107746124, 21.773229599, 0.668742537498, 10.1335802078], [355.322723389, -19.5819473267, -24.6587200165, 229.688827515, 79.3368530273, 33.0379371643, 101.672981262, 163.806762695, 42.0477638245, 5.44188117981, 30.4516811371, -0.401363015175, -6.35554742813], [-289.396911621, 80.6230926514, 116.606445312, -63.9090843201, 59.7948760986, 60.350818634, 66.1696853638, 42.0477638245, 135.001342773, 67.91015625, 24.0709571838, 12.4256877899, 23.7880706787], [-315.500518799, 76.3375091553, 230.669006348, -73.6122970581, -1.63219308853, 58.1283378601, 24.5107746124, 5.44188117981, 67.91015625, 121.270957947, 31.8506546021, 14.0889940262, 2.89365124702], [346.923583984, -18.5464611053, -145.38848877, 60.7051925659, 28.0658493042, -11.7112941742, 21.773229599, 30.4516811371, 24.0709571838, 31.8506546021, 116.167572021, 55.1175003052, 27.5261821747], [213.459503174, -16.9158325195, -114.578956604, -13.855222702, 2.34626603127, -0.894105911255, 0.668742537498, -0.401363015175, 12.4256877899, 14.0889940262, 55.1175003052, 80.5681991577, 49.9469032288], [44.4946289062, 25.1620845795, -44.0925102234, -40.0523490906, 1.46539628506, 9.54142665863, 10.1335802078, -6.35554742813, 23.7880706787, 2.89365124702, 27.5261821747, 49.9469032288, 100.277702332]],
        "icov": [[0.00016942890943, -0.00027413337375, 0.000317573576467, -0.00028236277285, 0.000310962350341, -0.000334711367032, 0.000264212780166, -0.000217412089114, 0.000122074314277, -7.9517121776e-05, -7.03343175701e-05, -0.000110212342406, 5.48291900486e-05], [-0.00027413337375, 0.00135420518927, -0.000642931903712, 0.000914354983252, -0.000658079283312, 0.000542400637642, -0.000482398201711, -8.20152345113e-05, -0.000100557008409, 7.05819838913e-05, -0.000114961854706, 0.000599173596129, -0.000379166303901], [0.000317573576467, -0.000642931903712, 0.00138440506998, -0.000609164708294, 0.000254516373388, -0.000518701679539, -0.000532771635335, 0.000255799735896, 0.000770879501943, -0.00221712724306, 0.0012034450192, 0.000424360594479, -0.000159082846949], [-0.00028236277285, 0.000914354983252, -0.000609164708294, 0.00260955444537, -0.00186096318066, 0.000599051301833, -0.000515699211974, -0.00233583082445, 0.00210770987906, 0.000261748296907, -0.000789797049947, 0.00085086299805, -0.000169990526047], [0.000310962350341, -0.000658079283312, 0.000254516373388, -0.00186096318066, 0.00665153283626, -0.00350431003608, -0.000660195946693, 0.000920914579183, -0.0030794411432, 0.00382599560544, -0.00225550751202, -0.000595178978983, 0.00129277573433], [-0.000334711367032, 0.000542400637642, -0.000518701679539, 0.000599051301833, -0.00350431003608, 0.00913358200341, -0.00502364523709, 0.0019586335402, 0.000966515450273, -0.00484981341287, 0.004101164639, -0.000913956784643, -0.000922308594454], [0.000264212780166, -0.000482398201711, -0.000532771635335, -0.000515699211974, -0.000660195946693, -0.00502364523709, 0.0141853503883, -0.00634273188189, -0.00263469293714, 0.00377614959143, -0.00317085930146, 0.000475008419016, -0.000634438067209], [-0.000217412089114, -8.20152345113e-05, 0.000255799735896, -0.00233583082445, 0.000920914579183, 0.0019586335402, -0.00634273188189, 0.0141854854301, -0.00451270397753, -0.000278143212199, 9.2398338893e-05, 0.000394764821976, 0.00149332149886], [0.000122074314277, -0.000100557008409, 0.000770879501943, 0.00210770987906, -0.0030794411432, 0.000966515450273, -0.00263469293714, -0.00451270397753, 0.0166987385601, -0.00934884790331, 0.00111565936822, 0.0019036992453, -0.00386083871126], [-7.9517121776e-05, 7.05819838913e-05, -0.00221712724306, 0.000261748296907, 0.00382599560544, -0.00484981341287, 0.00377614959143, -0.000278143212199, -0.00934884790331, 0.0216620843858, -0.00873663183302, -0.00202433415689, 0.00415271567181], [-7.03343175701e-05, -0.000114961854706, 0.0012034450192, -0.000789797049947, -0.00225550751202, 0.004101164639, -0.00317085930146, 9.2398338893e-05, 0.00111565936822, -0.00873663183302, 0.0190528817475, -0.00969762727618, -0.000169526567333], [-0.000110212342406, 0.000599173596129, 0.000424360594479, 0.00085086299805, -0.000595178978983, -0.000913956784643, 0.000475008419016, 0.000394764821976, 0.0019036992453, -0.00202433415689, -0.00969762727618, 0.0268572699279, -0.0106107415631], [5.48291900486e-05, -0.000379166303901, -0.000159082846949, -0.000169990526047, 0.00129277573433, -0.000922308594454, -0.000634438067209, 0.00149332149886, -0.00386083871126, 0.00415271567181, -0.000169526567333, -0.0106107415631, 0.0162605382502]]
    },
    "melbands": {
        "mean": [0.00078163651051, 0.000612741045188, 0.00014498802193, 0.000167640508153, 0.00045799696818, 0.000480992137454, 0.000199756206712, 0.000182515548659, 0.000170376239112, 3.63928447769e-05, 2.94070123346e-05, 2.76116661553e-05, 2.55254180956e-05, 3.72274080291e-05, 2.9216731491e-05, 1.72834588739e-05, 1.11528779598e-05, 7.68769223214e-06, 1.16774672279e-05, 1.39565136124e-05, 1.02665144368e-05, 1.0814163943e-05, 9.82691290119e-06, 1.3189162928e-05, 1.85773642443e-05, 1.64268058143e-05, 8.36556682771e-06, 2.80588596979e-06, 9.27052042243e-07, 6.20405899099e-07, 4.24621447337e-07, 4.78153310723e-07, 4.51811132507e-07, 3.36471316587e-07, 2.20531774175e-07, 9.7659622611e-08, 5.20083993649e-08, 5.22052445717e-08, 4.3456360288e-08, 3.69723522908e-08],
        "stdev": [0.00246167345904, 0.00153196323663, 0.000317257130519, 0.000323921471136, 0.00109002972022, 0.00121874245815, 0.000716091832146, 0.00106530659832, 0.00081562116975, 0.000207277029403, 0.000358052842785, 0.000109386681288, 0.000126011887915, 0.000202382681891, 0.000195291504497, 0.000125997205032, 0.000173997919774, 4.04065103794e-05, 5.95845558564e-05, 7.66587545513e-05, 5.4185220506e-05, 5.19218629051e-05, 4.16225011577e-05, 6.36824624962e-05, 0.000109169472125, 0.000105204446299, 4.8763678933e-05, 1.81630584848e-05, 6.99064912624e-06, 5.85697216593e-06, 3.26584427057e-06, 2.93195125778e-06, 2.78607626569e-06, 1.99919668376e-06, 2.20493780034e-06, 9.12557936772e-07, 6.46448199859e-07, 4.65864275156e-07, 3.75593259605e-07, 2.95383983939e-07]
    },
    "melbands128": {
        "mean": [1.3124711586e-05, 0.000403675599955, 0.00133014353923, 0.00110298825894, 0.000505722477101, 0.000230483856285, 0.000130268599605, 0.000131729408167, 0.000143783574458, 0.000184872958926, 0.000141181779327, 0.000331059651216, 0.000485486729303, 0.000702520832419, 0.000576885300688, 0.000319673446938, 0.000207787961699, 0.000223137103603, 0.000119240190543, 0.000109121931018, 0.000215088322875, 0.000323535117786, 0.000134456247906, 6.27393746981e-05, 4.7765825002e-05, 1.81268951565e-05, 2.61965706159e-05, 3.27833477058e-05, 2.9128326787e-05, 3.37346391461e-05, 2.20243855438e-05, 2.43976846832e-05, 2.66588976956e-05, 2.44192888204e-05, 3.37060992024e-05, 4.31010448665e-05, 4.28242783528e-05, 2.57841747953e-05, 2.80906369881e-05, 1.67226080521e-05, 1.91893414012e-05, 9.30520400289e-06, 1.2028225683e-05, 1.10263645183e-05, 9.46954241954e-06, 5.64507627132e-06, 7.96827134764e-06, 6.69151586408e-06, 1.70970361069e-05, 1.90709488379e-05, 1.47407736222e-05, 6.75962519381e-06, 8.47529554449e-06, 1.35737291203e-05, 1.00885481515e-05, 1.07757323349e-05, 9.65256549534e-06, 1.24080142996e-05, 7.24918663764e-06, 1.13930573207e-05, 1.47763121277e-05, 1.14558024507e-05, 1.69697414094e-05, 2.11939313886e-05, 2.21707996388e-05, 1.56046371558e-05, 1.44163977893e-05, 1.05558456198e-05, 6.92207004249e-06, 5.6138974287e-06, 2.49350659942e-06, 1.84561463357e-06, 8.76226977198e-07, 9.20508284707e-07, 6.44017518425e-07, 6.90484853294e-07, 5.43785006357e-07, 5.49901642444e-07, 3.80601790084e-07, 3.36013442848e-07, 5.26677979451e-07, 4.22472709261e-07, 5.54716905299e-07, 4.09232626453e-07, 4.98958797834e-07, 3.36712560056e-07, 2.89804631848e-07, 2.70784454415e-07, 2.36994537772e-07, 1.75162440996e-07, 1.32860051849e-07, 7.2093058634e-08, 4.38010161474e-08, 5.16371372328e-08, 5.57766739462e-08, 5.33924762181e-08, 5.0347146896e-08, 5.31511830104e-08, 4.57251942976e-08, 3.78558979719e-08, 3.34109273581e-08, 3.46510162785e-08, 4.51314789984e-08, 3.68085224522e-08, 4.44318075665e-08, 4.58622473332e-08, 3.70394985794e-08, 2.7578773043e-08, 2.20709210907e-08, 1.53844865736e-08, 1.18439560381e-08, 9.52473033777e-09, 7.73655095543e-09, 8.01314570253e-09, 8.59012505572e-09, 7.56844631411e-09, 6.65779786857e-09, 4.76935246851e-09, 2.94485369423e-09, 2.66652278036e-09, 2.93384672112e-09, 3.57727469869e-09, 3.24408211405e-09, 1.63372892992e-09, 3.00594965585e-11, 1.81222680092e-12, 1.80499647347e-12, 1.78800659174e-12],
        "stdev": [3.49219008058e-05, 0.00130309455562, 0.00447940453887, 0.00320134893991, 0.00128961354494, 0.00072569900658, 0.000350755813997, 0.000379173114197, 0.00038825313095, 0.000445934361778, 0.000331686984282, 0.00117474468425, 0.00142575299833, 0.00233855168335, 0.00174461654387, 0.00115188688505, 0.00129006360658, 0.000950752175413, 0.000630455266219, 0.000937563483603, 0.00197196193039, 0.00197816709988, 0.000828582502436, 0.000437273934949, 0.000234707738855, 0.000221445603529, 0.000651212059893, 0.000543530739378, 0.000241997433477, 0.000175164925167, 0.000122057179397, 0.000162057869602, 0.000173917826032, 0.000214984524064, 0.000251894554822, 0.000306982372422, 0.000355945900083, 0.000297251011943, 0.000301245454466, 0.000182219431736, 0.000201068804017, 0.000163254779181, 0.000306307832943, 0.00021965772612, 6.69461587677e-05, 3.86406354664e-05, 5.913041241e-05, 5.55909318791e-05, 0.000129871084937, 0.000122909215861, 0.000130807238747, 5.34868449904e-05, 6.04243723501e-05, 9.94515430648e-05, 8.85582048795e-05, 7.77775567258e-05, 6.15306926193e-05, 7.08742736606e-05, 4.92765320814e-05, 7.30315077817e-05, 0.0001059665301, 7.19169984222e-05, 0.000170233033714, 0.00017193480744, 0.000161852731253, 0.000171907115146, 0.000121201839647, 6.67910353513e-05, 7.20137250028e-05, 4.42506570835e-05, 2.41128800553e-05, 1.59279243235e-05, 8.31181387184e-06, 1.05169447124e-05, 6.39186737317e-06, 8.94752884051e-06, 6.87182273396e-06, 5.87483918935e-06, 3.60958074452e-06, 2.38794336838e-06, 3.37082042279e-06, 3.22859523294e-06, 3.78748291041e-06, 2.69485781246e-06, 3.16463774652e-06, 2.1019839096e-06, 1.86848910744e-06, 2.74024455393e-06, 2.91936953545e-06, 2.11086558011e-06, 1.44500620536e-06, 6.13567294749e-07, 4.32722998767e-07, 7.73826798195e-07, 8.65023025653e-07, 6.56164559132e-07, 3.99319304734e-07, 5.12587860158e-07, 4.80689720916e-07, 3.56358441422e-07, 1.87631172821e-07, 2.73332460665e-07, 5.80432640618e-07, 4.70565680644e-07, 6.47137312626e-07, 8.06398020359e-07, 6.26429539352e-07, 4.77644050534e-07, 3.19679656968e-07, 1.65270051866e-07, 1.21278333154e-07, 8.27984081297e-08, 6.38899066985e-08, 9.12635869099e-08, 1.232729403e-07, 9.79130518886e-08, 7.19971993135e-08, 7.85725831065e-08, 5.06440720471e-08, 3.67553916192e-08, 4.35403499921e-08, 5.94220423977e-08, 4.96652674542e-08, 2.78553855537e-08, 9.3833285586e-10, 4.42777455326e-12, 4.38149906981e-12, 4.35645096386e-12]
    },
    "mfcc": {
        "mean": [-832.87677002, 158.926269531, 31.3917789459, 34.3939437866, -0.262811750174, -11.8128595352, -3.34614086151, -5.16264390945, -9.89239025116, -1.79041349888, 2.89454555511, -2.64634084702, 5.04438018799],
        "cov": [[13151.3339844, -841.451538086, -3708.18408203, 711.432434082, -161.198196411, -538.547241211, -65.220489502, 500.663574219, -461.720458984, -201.154098511, 54.9947547913, -287.173126221, 352.495605469], [-841.451538086, 1761.77197266, 764.07434082, -401.752105713, -68.9320373535, 43.8999481201, -54.013053894, -135.493118286, 78.2628631592, 63.9868736267, 24.285074234, 43.0777053833, -27.0055732727], [-3708.18408203, 764.07434082, 1835.59106445, -23.098487854, 135.203933716, 283.724700928, 146.507278442, -122.904304504, 235.73034668, 134.772354126, 40.6440010071, 145.028717041, -98.6223068237], [711.432434082, -401.752105713, -23.098487854, 758.436035156, 243.529891968, 27.595998764, 221.259338379, 212.354995728, 38.7537231445, 34.5072555542, 73.2808990479, 12.7415142059, 37.7895584106], [-161.198196411, -68.9320373535, 135.203933716, 243.529891968, 254.665985107, 146.632553101, 136.407653809, 100.51423645, 70.5687179565, 47.6205368042, 39.9413261414, 33.1185035706, 11.9527740479], [-538.547241211, 43.8999481201, 283.724700928, 27.595998764, 146.632553101, 261.710205078, 118.125167847, 52.9251365662, 99.3383331299, 53.5345802307, 32.0890731812, 49.5912666321, 3.41648221016], [-65.220489502, -54.013053894, 146.507278442, 221.259338379, 136.407653809, 118.125167847, 206.313964844, 125.395172119, 68.3434448242, 45.4506950378, 49.5854568481, 37.590927124, 12.327208519], [500.663574219, -135.493118286, -122.904304504, 212.354995728, 100.51423645, 52.9251365662, 125.395172119, 184.228225708, 65.3531723022, 36.1934204102, 45.0015296936, 11.4591140747, 32.32629776], [-461.720458984, 78.2628631592, 235.73034668, 38.7537231445, 70.5687179565, 99.3383331299, 68.3434448242, 65.3531723022, 147.392654419, 76.6865692139, 30.315114975, 33.4529457092, -0.485157817602], [-201.154098511, 63.9868736267, 134.772354126, 34.5072555542, 47.6205368042, 53.5345802307, 45.4506950378, 36.1934204102, 76.6865692139, 102.110183716, 56.8936386108, 36.6143493652, 9.62421512604], [54.9947547913, 24.285074234, 40.6440010071, 73.2808990479, 39.9413261414, 32.0890731812, 49.5854568481, 45.0015296936, 30.315114975, 56.8936386108, 96.1683731079, 53.7656059265, 24.8687419891], [-287.173126221, 43.0777053833, 145.028717041, 12.7415142059, 33.1185035706, 49.5912666321, 37.590927124, 11.4591140747, 33.4529457092, 36.6143493652, 53.7656059265, 93.1806793213, 40.687664032], [352.495605469, -27.0055732727, -98.6223068237, 37.7895584106, 11.9527740479, 3.41648221016, 12.327208519, 32.32629776, -0.485157817602, 9.62421512604, 24.8687419891, 40.687664032, 85.2680435181]],
        "icov": [[0.000264933536528, -0.000208905243198, 0.000542936089914, -0.000366850697901, 0.000325262633851, -0.000235628525843, -1.18429052236e-05, -0.000163826465723, 0.00024419426336, -0.000111905152153, -0.000128838306409, 0.000392706162529, -0.000478965346701], [-0.000208905243198, 0.00105852249544, -0.000967204512563, 0.00100395688787, -0.000568134186324, 0.000682792335283, -6.47301276331e-05, -5.53353202122e-05, -0.000146829828736, 0.00013391871471, -0.000772069965024, 0.000737453461625, -0.000424813653808], [0.000542936089914, -0.000967204512563, 0.00284612365067, -0.00158845505212, 0.00104695302434, -0.0012307347497, -0.00119082978927, 0.00248411949724, -0.00166678696405, -0.000403767917305, 0.000892923329957, -0.0019540975336, 0.00128609605599], [-0.000366850697901, 0.00100395688787, -0.00158845505212, 0.00437973160297, -0.00351508543827, 0.00304110045545, -0.00191077287309, -0.00186533550732, 0.000546147057321, 0.000881151820067, -0.00190469017252, 0.00192432641052, -0.00104851741344], [0.000325262633851, -0.000568134186324, 0.00104695302434, -0.00351508543827, 0.0103980535641, -0.0053145242855, -0.000442212651251, -0.000642812228762, 0.000496928230859, -0.00169503048528, 0.00150242820382, -0.00113743904512, 0.000605890003499], [-0.000235628525843, 0.000682792335283, -0.0012307347497, 0.00304110045545, -0.0053145242855, 0.00979456491768, -0.00382819608785, 0.000694501039106, -0.00306511786766, 0.00136955245398, -0.000894621014595, 5.34823011549e-05, -0.000874861783814], [-1.18429052236e-05, -6.47301276331e-05, -0.00119082978927, -0.00191077287309, -0.000442212651251, -0.00382819608785, 0.0148309832439, -0.0084986211732, 0.00302806659602, -0.000819677894469, 8.55354592204e-05, -0.00231436244212, 0.00198030844331], [-0.000163826465723, -5.53353202122e-05, 0.00248411949724, -0.00186533550732, -0.000642812228762, 0.000694501039106, -0.0084986211732, 0.0197755880654, -0.0102223334834, 0.00276467506774, -0.00350247230381, 0.00238911202177, -0.00233540777117], [0.00024419426336, -0.000146829828736, -0.00166678696405, 0.000546147057321, 0.000496928230859, -0.00306511786766, 0.00302806659602, -0.0102223334834, 0.0203214772046, -0.0115013169125, 0.00511218188331, -0.00123522616923, 0.000777153996751], [-0.000111905152153, 0.00013391871471, -0.000403767917305, 0.000881151820067, -0.00169503048528, 0.00136955245398, -0.000819677894469, 0.00276467506774, -0.0115013169125, 0.0241887774318, -0.0128938741982, 0.00263796700165, -0.00139323668554], [-0.000128838306409, -0.000772069965024, 0.000892923329957, -0.00190469017252, 0.00150242820382, -0.000894621014595, 8.55354592204e-05, -0.00350247230381, 0.00511218188331, -0.0128938741982, 0.0260201785713, -0.0143898483366, 0.00406769057736], [0.000392706162529, 0.000737453461625, -0.0019540975336, 0.00192432641052, -0.00113743904512, 5.34823011549e-05, -0.00231436244212, 0.00238911202177, -0.00123522616923, 0.00263796700165, -0.0143898483366, 0.0297514200211, -0.0152212195098], [-0.000478965346701, -0.000424813653808, 0.00128609605599, -0.00104851741344, 0.000605890003499, -0.000874861783814, 0.00198030844331, -0.00233540777117, 0.000777153996751, -0.00139323668554, 0.00406769057736, -0.0152212195098, 0.0223131105304]]
    },
    "spectral_contrast_coeffs": {
        "mean": [-0.69135004282, -0.693097531796, -0.763559281826, -0.801810026169, -0.809975206852, -0.823809444904],
        "stdev": [0.102619096637, 0.0990794822574, 0.0928082317114, 0.0825105085969, 0.0866266041994, 0.0494220927358]
    },
    "spectral_contrast_valleys": {
        "mean": [-7.96567678452, -8.18239498138, -9.72710704803, -10.270614624, -9.87087726593, -12.2819051743],
        "stdev": [2.04039359093, 1.99211215973, 1.86473727226, 1.8567097187, 2.00591421127, 1.60047256947]
    }
},
"rhythm": {
    "beats_count": 588,
    "beats_loudness": {
        "mean": 0.0187937431037,
        "stdev": 0.0294348988682
    },
    "bpm": 114.240829468,
    "bpm_histogram_first_peak_bpm": 115,
    "bpm_histogram_first_peak_weight": 0.486187815666,
    "bpm_histogram_second_peak_bpm": 110,
    "bpm_histogram_second_peak_spread": 0.214285731316,
    "bpm_histogram_second_peak_weight": 0.0562180578709,
    "danceability": 0.978166460991,
    "onset_rate": 2.3625535965,
    "beats_loudness_band_ratio": {
        "mean": [0.387005120516, 0.386293977499, 0.191749751568, 0.0341749638319, 0.0252274945378, 0.0204206183553],
        "stdev": [0.334297716618, 0.265022695065, 0.201217129827, 0.0605932548642, 0.0568755790591, 0.0510384477675]
    },
    "beats_position": [0.53405892849, 1.07972788811, 1.6137868166, 2.13623571396, 2.6470746994, 3.15791368484, 3.68036270142, 4.19120168686, 4.7020406723, 5.21287965775, 5.72371864319, 6.2229475975, 6.71056699753, 7.19818592072, 7.70902490616, 8.20825386047, 8.70748329163, 9.2067117691, 9.70594120026, 10.1935596466, 10.7043991089, 11.2152376175, 11.7376871109, 12.2369155884, 12.7361450195, 13.235373497, 13.7462129593, 14.2570514679, 14.756280899, 15.2787294388, 15.8127889633, 16.3468475342, 16.8809070587, 17.4149665833, 17.9490242004, 18.483083725, 19.0171432495, 19.5512008667, 20.0736503601, 20.6077098846, 21.1301574707, 21.6526069641, 22.1750564575, 22.6975059509, 23.219953537, 23.7307929993, 24.2532424927, 24.7756919861, 25.3097496033, 25.8438091278, 26.3778686523, 26.9119262695, 27.4575958252, 27.9916553497, 28.4908847809, 28.9901123047, 29.4893417358, 30.0001811981, 30.4994106293, 30.9986381531, 31.5326976776, 32.0667572021, 32.5892066956, 33.111656189, 33.6341018677, 34.1681632996, 34.690612793, 35.2246704102, 35.6890678406, 36.1302490234, 36.5714263916, 37.0126075745, 37.4537849426, 37.9065742493, 38.3593635559, 38.8702049255, 39.3810424805, 39.8918800354, 40.402721405, 40.9251708984, 41.4476165771, 41.9700660706, 42.492515564, 43.0033569336, 43.5141944885, 44.0366439819, 44.5590934753, 45.0699310303, 45.5923805237, 46.1148300171, 46.6372795105, 47.1597251892, 47.6705665588, 48.1814041138, 48.6922454834, 49.2263031006, 49.748752594, 50.2828102112, 50.8284797668, 51.362537384, 51.8965988159, 52.4306564331, 52.9647140503, 53.4871635437, 53.9863929749, 54.4740142822, 54.9616317749, 55.4028091431, 55.8555984497, 56.3083877563, 56.7843971252, 57.2604064941, 57.736415863, 58.1659851074, 58.5955543518, 59.0251235962, 59.4663009644, 59.9074821472, 60.3602714539, 60.9291610718, 61.463218689, 61.9972763062, 62.531337738, 63.0770072937, 63.6226730347, 64.1567306519, 64.6907958984, 65.2248535156, 65.7472991943, 66.2697525024, 66.7921981812, 67.3030395508, 67.8254852295, 68.3363265991, 68.8471679688, 69.3696136475, 69.8920593262, 70.4145126343, 70.936958313, 71.4594116211, 71.9702453613, 72.4926986694, 73.0151443481, 73.5375976562, 74.060043335, 74.5824966431, 75.0933303833, 75.6157836914, 76.1382293701, 76.6606826782, 77.1831283569, 77.7171859741, 78.2396392822, 78.7736968994, 79.3193664551, 79.8650360107, 80.375869751, 80.8750991821, 81.3743286133, 81.9083862305, 82.4424438477, 82.9765090942, 83.5221786499, 84.0678405762, 84.6135101318, 85.1475753784, 85.6932373047, 86.2040786743, 86.7033081055, 87.2141494751, 87.7249908447, 88.2474365234, 88.7698822021, 89.3039474487, 89.8380050659, 90.3488388062, 90.8829040527, 91.4169616699, 91.9510192871, 92.4850769043, 93.0075302124, 93.5299758911, 94.0640335083, 94.5864868164, 95.1089324951, 95.6313781738, 96.1654434204, 96.6878890991, 97.2103347778, 97.7327880859, 98.2552337646, 98.7776870728, 99.3001327515, 99.8225860596, 100.3334198, 100.844261169, 101.366706848, 101.889160156, 102.411605835, 102.945663452, 103.46811676, 103.990562439, 104.513015747, 105.035461426, 105.557914734, 106.080360413, 106.602806091, 107.125259399, 107.647705078, 108.158546448, 108.669387817, 109.191833496, 109.725891113, 110.248344421, 110.7707901, 111.293243408, 111.815689087, 112.338134766, 112.860588074, 113.394645691, 113.928703308, 114.497596741, 115.066482544, 115.635368347, 116.215873718, 116.784759521, 117.342041016, 117.89931488, 118.444984436, 118.967437744, 119.489883423, 120.000724792, 120.523170471, 121.045623779, 121.55645752, 122.078910828, 122.601356506, 123.112197876, 123.634643555, 124.157096863, 124.679542542, 125.062675476, 125.434196472, 125.817321777, 126.200454712, 126.56036377, 126.920272827, 127.291786194, 127.66330719, 128.034820557, 128.394729614, 128.754638672, 129.126159668, 129.520904541, 129.915649414, 130.310379028, 130.844436646, 131.366897583, 131.877731323, 132.423400879, 132.969070435, 133.503128052, 134.037185669, 134.559631348, 135.093688965, 135.627746582, 136.161804199, 136.684265137, 137.206710815, 137.717544556, 138.239990234, 138.762451172, 139.284896851, 139.807342529, 140.329788208, 140.852249146, 141.386306763, 141.897140503, 142.419586182, 142.94203186, 143.476104736, 144.010162354, 144.544219971, 145.078277588, 145.612335205, 146.041900635, 146.471466064, 146.912643433, 147.307388306, 147.713745117, 148.12008667, 148.526443481, 148.921173096, 149.315917969, 149.722259521, 150.140228271, 150.569793701, 150.999359131, 151.417327881, 151.974594116, 152.53187561, 153.065933228, 153.599990845, 154.134063721, 154.668121338, 155.213790894, 155.759460449, 156.293518066, 156.804351807, 157.326797485, 157.849243164, 158.383300781, 158.917373657, 159.439819336, 159.973876953, 160.496322632, 161.018768311, 161.541213989, 162.063674927, 162.586120605, 163.131790161, 163.665847778, 164.199905396, 164.733963013, 165.256408691, 165.790466309, 166.312927246, 166.846984863, 167.38104248, 167.961532593, 168.553649902, 169.157363892, 169.761077881, 170.35319519, 170.898864746, 171.444534302, 172.001815796, 172.57069397, 173.116363525, 173.662033081, 174.196090698, 174.741760254, 175.28742981, 175.809890747, 176.332336426, 176.854782104, 177.377227783, 177.9112854, 178.433731079, 178.956192017, 179.478637695, 180.001083374, 180.523529053, 181.034378052, 181.55682373, 182.090881348, 182.601715088, 183.112564087, 183.623397827, 184.134231567, 184.656692505, 185.179138184, 185.689971924, 186.200805664, 186.711654663, 187.222488403, 187.721725464, 188.220947266, 188.720184326, 189.242630005, 189.765075684, 190.287521362, 190.809967041, 191.32081604, 191.820037842, 192.330886841, 192.830108643, 193.352554321, 193.875015259, 194.397460938, 194.919906616, 195.442352295, 195.964797974, 196.487258911, 196.998092651, 197.508926392, 198.019775391, 198.542221069, 199.064666748, 199.598724365, 200.144393921, 200.6668396, 201.189300537, 201.711746216, 202.222579956, 202.733413696, 203.232650757, 203.766708374, 204.277542114, 204.776779175, 205.299224854, 205.821670532, 206.344116211, 206.866577148, 207.389022827, 207.911468506, 208.445526123, 208.97958374, 209.513641357, 210.036102295, 210.558547974, 211.092605591, 211.61505127, 212.137496948, 212.659957886, 213.182403564, 213.704849243, 214.227294922, 214.761352539, 215.272201538, 215.806259155, 216.340316772, 216.897598267, 217.443267822, 217.988937378, 218.522994995, 219.057052612, 219.591110229, 220.125167847, 220.659225464, 221.193283081, 221.71572876, 222.238174438, 222.760635376, 223.283081055, 223.817138672, 224.339584351, 224.862030029, 225.384490967, 225.906936646, 226.440994263, 226.963439941, 227.48588562, 228.019943237, 228.542404175, 229.064849854, 229.587295532, 230.109741211, 230.632202148, 231.154647827, 231.677093506, 232.199539185, 232.710388184, 233.232833862, 233.755279541, 234.289337158, 234.811782837, 235.345840454, 235.868301392, 236.402359009, 236.936416626, 237.482086182, 238.016143799, 238.561813354, 239.10748291, 239.548660278, 239.989837646, 240.431015015, 240.872192383, 241.313369751, 241.754547119, 242.277008057, 242.787841797, 243.287063599, 243.797912598, 244.308746338, 244.819580078, 245.330429077, 245.852874756, 246.375320435, 246.897766113, 247.420227051, 247.942672729, 248.465118408, 248.987564087, 249.521621704, 250.06729126, 250.612960815, 251.135421753, 251.564987183, 251.994552612, 252.424118042, 252.85369873, 253.28326416, 253.71282959, 254.130783081, 254.56036377, 254.989929199, 255.419494629, 255.82585144, 256.232208252, 256.650146484, 257.091339111, 257.520904541, 257.950469971, 258.3800354, 258.80960083, 259.23916626, 259.668762207, 260.086700439, 260.504669189, 260.922637939, 261.340576172, 261.851409912, 262.36227417, 262.87310791, 263.39553833, 263.929595947, 264.463653564, 265.009338379, 265.554992676, 266.123901367, 266.704406738, 267.284881592, 267.865386963, 268.445892334, 269.049621582, 269.653320312, 270.257049561, 270.872375488, 271.487701416, 272.114654541, 272.741577148, 273.368530273, 273.995452881, 274.622406006, 275.214508057, 275.806610107, 276.398712158, 276.932769775, 277.455230713, 278.012512207, 278.569793701, 279.127075195, 279.695953369, 280.264862061, 280.833740234, 281.21685791, 281.600006104, 281.983123779, 282.377868652, 282.760986328, 283.144134521, 283.527252197, 283.910369873, 284.281890869, 284.653411865, 285.036560059, 285.454498291, 285.884063721, 286.302032471, 286.720001221, 287.137939453, 287.544311523, 287.950653076, 288.356994629, 288.774963379, 289.192932129, 289.622497559, 290.063659668, 290.504852295, 290.934417725, 291.375610352, 291.816772461, 292.269561768, 292.757171631, 293.233184814, 293.709197998, 294.185211182, 294.638000488, 295.090789795, 295.543579102, 295.949920654, 296.356262207, 296.785858154, 297.215423584, 297.656585693, 298.09777832],
    "bpm_histogram": [0, 0, 0, 0, 0, 0, 0, 0, 0, 0, 0, 0, 0, 0, 0, 0, 0, 0, 0, 0, 0, 0, 0, 0, 0, 0, 0, 0, 0, 0, 0, 0, 0, 0, 0, 0, 0, 0, 0, 0, 0, 0, 0, 0, 0, 0, 0, 0, 0, 0, 0, 0, 0, 0, 0, 0, 0, 0, 0, 0, 0, 0, 0, 0, 0, 0, 0, 0, 0, 0, 0, 0, 0, 0, 0, 0, 0, 0, 0, 0, 0, 0, 0, 0, 0, 0, 0, 0, 0, 0, 0, 0, 0, 0, 0, 0, 0.0085178874433, 0, 0.00340715493076, 0.0085178874433, 0, 0.0085178874433, 0, 0.0102214654908, 0, 0.0170357748866, 0, 0, 0.0153321977705, 0, 0.0562180578709, 0, 0.178875640035, 0, 0, 0.316865414381, 0, 0.12095400691, 0, 0, 0.0442930161953, 0, 0, 0.0102214654908, 0, 0, 0.0102214654908, 0, 0, 0.00170357746538, 0, 0, 0, 0.0153321977705, 0, 0, 0.035775128752, 0, 0, 0, 0.0459965914488, 0, 0, 0, 0.0238500852138, 0, 0, 0, 0.0187393520027, 0, 0, 0, 0.0119250426069, 0, 0, 0, 0, 0.0187393520027, 0, 0, 0, 0.0085178874433, 0.00340715493076, 0, 0, 0, 0, 0.00681430986151, 0, 0, 0, 0, 0, 0, 0, 0, 0, 0, 0, 0, 0, 0, 0, 0, 0, 0, 0, 0, 0, 0, 0, 0, 0, 0, 0, 0, 0, 0, 0, 0, 0, 0, 0, 0, 0, 0, 0, 0, 0, 0, 0, 0, 0, 0, 0, 0, 0, 0, 0, 0, 0, 0, 0, 0, 0, 0, 0, 0, 0, 0, 0, 0, 0, 0, 0, 0, 0, 0, 0, 0, 0, 0, 0, 0, 0, 0, 0, 0, 0, 0]
},
"tonal": {
    "chords_changes_rate": 0.061062771827,
    "chords_number_rate": 0.00264139217325,
    "chords_strength": {
        "mean": 0.469442754984,
        "stdev": 0.148782432079
    },
    "hpcp_crest": {
        "mean": 18.0571155548,
        "stdev": 8.55424499512
    },
    "hpcp_entropy": {
        "mean": 1.45415341854,
        "stdev": 0.740207850933
    },
    "key_edma": {
        "strength": 0.82993131876,
        "key": "A",
        "scale": "major"
    },
    "key_krumhansl": {
        "strength": 0.833867609501,
        "key": "A",
        "scale": "major"
    },
    "key_temperley": {
        "strength": 0.83857947588,
        "key": "A",
        "scale": "major"
    },
    "tuning_diatonic_strength": 0.514438211918,
    "tuning_equal_tempered_deviation": 0.00161851651501,
    "tuning_frequency": 443.060424805,
    "tuning_nontempered_energy_ratio": 0.646681308746,
    "hpcp": {
        "mean": [0.19055852294, 0.0801556408405, 0.0288468692452, 0.0382910110056, 0.059733401984, 0.139571934938, 0.164286643267, 0.0826635956764, 0.0515574291348, 0.0747445076704, 0.0628425106406, 0.086224809289, 0.150030046701, 0.107336334884, 0.0905757769942, 0.118132978678, 0.0570385530591, 0.0338853932917, 0.0456446148455, 0.049611132592, 0.180181503296, 0.274374037981, 0.136512801051, 0.0437555909157, 0.0600886419415, 0.0545325800776, 0.126298189163, 0.171494215727, 0.0858478695154, 0.0528561882675, 0.060486972332, 0.0370053052902, 0.0825231745839, 0.130737811327, 0.1116681844, 0.169346615672],
        "stdev": [0.306244105101, 0.162208527327, 0.108051978052, 0.13988263905, 0.16432993114, 0.271226733923, 0.302041351795, 0.190299153328, 0.153500556946, 0.211081206799, 0.195804953575, 0.176015302539, 0.28394934535, 0.221747621894, 0.210363611579, 0.265690565109, 0.149481773376, 0.128549441695, 0.172092780471, 0.152267038822, 0.271712481976, 0.375796407461, 0.222688496113, 0.13967871666, 0.194455444813, 0.16236576438, 0.238232642412, 0.303280770779, 0.172075495124, 0.159731760621, 0.194254875183, 0.11735150218, 0.173352211714, 0.264044731855, 0.229566425085, 0.276477426291]
    },
    "chords_histogram": [21.9080181122, 18.8937225342, 2.71908020973, 0.854568064213, 0.466128021479, 1.10316967964, 4.59912967682, 3.76009941101, 0.295214414597, 2.25295209885, 3.74456191063, 1.8955873251, 0.823492825031, 0.233064010739, 0.248601615429, 1.22747051716, 1.05655682087, 6.05966424942, 3.6357986927, 1.53822255135, 0.88564324379, 11.9328775406, 5.88875055313, 3.97762584686],
