{
"metadata": {
    "version": {
        "essentia": "2.1-dev",
        "essentia_git_sha": "v2.1_beta3-415-gd5473f3",
        "extractor": "music 2.0"
    },
    "audio_properties": {
        "analysis": {
            "equal_loudness": 0,
            "length": 272.953460693,
            "sample_rate": 44100,
            "start_time": 0,
            "downmix": "mix"
        },
        "bit_rate": 192000,
        "length": 272.953460693,
        "lossless": 0,
        "number_channels": 2,
        "replay_gain": -11.333065033,
        "sample_rate": 44100,
        "codec": "mp3",
        "md5_encoded": "202866e0dd8bb8cf50085954af396da9"
    },
    "tags": {
        "file_name": "bengt_hallbergs_ensemble-blue_and_misty.mp3",
        "album": ["Svensk Jazzhistoria Vol 8 "],
        "artist": ["Bengt Hallbergs Ensemble"],
        "date": ["2002"],
        "genre": ["Jazz"],
        "title": ["Blue and Misty "]
    }
},
"lowlevel": {
    "average_loudness": 0.637268185616,
    "barkbands_crest": {
        "mean": 11.7451581955,
        "stdev": 4.85033178329
    },
    "barkbands_flatness_db": {
        "mean": 0.212332054973,
        "stdev": 0.064596362412
    },
    "barkbands_kurtosis": {
        "mean": 8.3686132431,
        "stdev": 17.9328899384
    },
    "barkbands_skewness": {
        "mean": 1.51198410988,
        "stdev": 1.79267644882
    },
    "barkbands_spread": {
        "mean": 12.8235082626,
        "stdev": 11.1981754303
    },
    "dissonance": {
        "mean": 0.421233773232,
        "stdev": 0.0530992634594
    },
    "dynamic_complexity": 5.56686830521,
    "erbbands_crest": {
        "mean": 13.4766283035,
        "stdev": 5.91270256042
    },
    "erbbands_flatness_db": {
        "mean": 0.237349152565,
        "stdev": 0.0704788789153
    },
    "erbbands_kurtosis": {
        "mean": 3.00839924812,
        "stdev": 7.45062017441
    },
    "erbbands_skewness": {
        "mean": 0.895583212376,
        "stdev": 1.14349508286
    },
    "erbbands_spread": {
        "mean": 26.6704597473,
        "stdev": 23.5209541321
    },
    "hfc": {
        "mean": 15.6906061172,
        "stdev": 24.53358078
    },
    "loudness_ebu128": {
        "integrated": -14.5276470184,
        "loudness_range": 8.69581413269,
        "momentary": {
            "mean": -19.1416873932,
            "stdev": 22.454328537
        },
        "short_term": {
            "mean": -16.0469608307,
            "stdev": 4.00135231018
        }
    },
    "melbands_crest": {
        "mean": 14.6046533585,
        "stdev": 5.76814603806
    },
    "melbands_flatness_db": {
        "mean": 0.238600671291,
        "stdev": 0.0818276107311
    },
    "melbands_kurtosis": {
        "mean": 17.7830047607,
        "stdev": 49.6119499207
    },
    "melbands_skewness": {
        "mean": 2.05670833588,
        "stdev": 2.43377733231
    },
    "melbands_spread": {
        "mean": 18.7445449829,
        "stdev": 19.7611618042
    },
    "pitch_salience": {
        "mean": 0.530556261539,
        "stdev": 0.1521525383
    },
    "silence_rate_20dB": {
        "mean": 1,
        "stdev": 0
    },
    "silence_rate_30dB": {
        "mean": 1,
        "stdev": 0
    },
    "silence_rate_60dB": {
        "mean": 0.269201338291,
        "stdev": 0.443564176559
    },
    "spectral_centroid": {
        "mean": 1249.89404297,
        "stdev": 1134.69458008
    },
    "spectral_complexity": {
        "mean": 8.56791687012,
        "stdev": 5.35812759399
    },
    "spectral_decrease": {
        "mean": -3.2005997852e-09,
        "stdev": 3.09166181545e-09
    },
    "spectral_energy": {
        "mean": 0.0135029861704,
        "stdev": 0.0132902693003
    },
    "spectral_energyband_high": {
        "mean": 0.000468992599053,
        "stdev": 0.00166694819927
    },
    "spectral_energyband_low": {
        "mean": 0.000664583756588,
        "stdev": 0.00183945288882
    },
    "spectral_energyband_middle_high": {
        "mean": 0.00610691215843,
        "stdev": 0.00940227229148
    },
    "spectral_energyband_middle_low": {
        "mean": 0.0065834466368,
        "stdev": 0.00801926292479
    },
    "spectral_entropy": {
        "mean": 6.83497858047,
        "stdev": 0.699100315571
    },
    "spectral_flux": {
        "mean": 0.0332565121353,
        "stdev": 0.0289405565709
    },
    "spectral_kurtosis": {
        "mean": 7.38168668747,
        "stdev": 7.67464971542
    },
    "spectral_rms": {
        "mean": 0.00313247810118,
        "stdev": 0.00183337216731
    },
    "spectral_rolloff": {
        "mean": 1552.37695312,
        "stdev": 2034.15661621
    },
    "spectral_skewness": {
        "mean": 1.89415550232,
        "stdev": 0.863894104958
    },
    "spectral_spread": {
        "mean": 4173684.75,
        "stdev": 3578008.75
    },
    "spectral_strongpeak": {
        "mean": 1.80946278572,
        "stdev": 2.33070540428
    },
    "zerocrossingrate": {
        "mean": 0.0564178936183,
        "stdev": 0.0527110993862
    },
    "barkbands": {
        "mean": [1.34497304316e-06, 0.000278274615994, 0.000327205460053, 0.000197180037503, 0.00110855011735, 0.00103132333606, 0.00149175606202, 0.000659548095427, 0.00164180085994, 0.00154762482271, 0.000625873566605, 0.000426994432928, 0.000836499384604, 0.000886961177457, 0.000639847188722, 0.00035977573134, 0.000381193734938, 0.000250825542025, 0.000148011895362, 0.000221027614316, 0.000156191541464, 7.9182391346e-05, 0.000109112464997, 5.20647408848e-05, 4.2935476813e-05, 1.85319231605e-06, 9.36103461413e-09],
        "stdev": [2.57772421719e-06, 0.000859718129504, 0.00110410025809, 0.00081383268116, 0.00212286948226, 0.00328917382285, 0.00308372615837, 0.00173495139461, 0.00463616708294, 0.00373504380696, 0.00210359855555, 0.00125585123897, 0.00270090531558, 0.00313228112645, 0.0019734124653, 0.00139035296161, 0.00120946054813, 0.000947974738665, 0.000501164176967, 0.00085579091683, 0.000560036918614, 0.000236193620367, 0.000527921074536, 0.00026894750772, 0.000395111477701, 9.41728376347e-06, 6.85033398895e-08]
    },
    "erbbands": {
        "mean": [0.00300266221166, 0.0818599015474, 0.378994673491, 0.475103855133, 2.09199810028, 4.13664960861, 6.84409570694, 7.77663087845, 13.7200241089, 26.6071414948, 18.1685218811, 41.6181755066, 38.2909431458, 44.6752853394, 22.8742904663, 21.224937439, 41.8290519714, 50.4115943909, 34.3457260132, 23.0038986206, 25.7200946808, 17.2940158844, 14.0644216537, 10.911406517, 11.1560583115, 9.51083755493, 4.98001146317, 5.7861123085, 3.31958913803, 2.86263394356, 3.24990820885, 1.14226877689, 1.0546900034, 0.754577040672, 0.0682504996657, 0.0161812640727, 0.00190386048052, 0.000118645060866, 1.37580900628e-05, 1.78232239705e-05],
        "stdev": [0.00742311915383, 0.257978856564, 1.29843211174, 1.28860580921, 6.65904855728, 8.99111938477, 20.5992088318, 24.0009098053, 32.0701751709, 55.3396530151, 41.2515182495, 130.822891235, 81.1244277954, 119.893661499, 64.7350769043, 58.1522636414, 134.796005249, 170.132659912, 109.138381958, 75.9952163696, 95.0933990479, 49.9023857117, 42.4542007446, 35.6565933228, 52.3308105469, 26.7334461212, 17.7766151428, 24.0382270813, 9.61351203918, 9.04126358032, 17.6453018188, 5.45284748077, 6.55099487305, 6.29188919067, 0.333061516285, 0.0806769877672, 0.00938204023987, 0.000502441020217, 3.35588556482e-05, 2.03399540624e-05]
    },
    "gfcc": {
        "mean": [-115.809371948, 101.273857117, -145.883453369, 24.2243976593, -77.4558105469, 9.23038768768, -39.1680793762, -0.92349332571, -20.9585456848, -4.82212781906, -9.22946548462, -9.46780204773, -2.06902551651],
        "cov": [[17778.8515625, -0.578164875507, -3840.73901367, -685.172241211, -940.582824707, 44.4407157898, -512.544189453, -171.405441284, -169.312835693, -271.8984375, -48.0831642151, -301.778717041, -34.3690071106], [-0.578164875507, 2286.12304688, 516.916442871, -593.395019531, -110.691719055, -362.205932617, 132.148773193, -204.877807617, 90.6400680542, -126.151092529, 167.212097168, -96.7687683105, 89.5515975952], [-3840.73901367, 516.916442871, 2196.01098633, 830.081726074, -78.1451263428, -81.9701538086, -58.251499176, -11.4708805084, -108.180862427, 87.5053939819, -36.0637702942, 67.2339324951, -64.5520553589], [-685.172241211, -593.395019531, 830.081726074, 1244.7947998, 89.4133300781, 158.673294067, -148.489074707, 35.6094093323, -121.362197876, 64.4624557495, -134.86340332, 41.1324920654, -106.125320435], [-940.582824707, -110.691719055, -78.1451263428, 89.4133300781, 540.516845703, 173.230331421, 129.748046875, 41.3919372559, 47.9219284058, -8.85095405579, -48.5310440063, 3.8857562542, -9.53471660614], [44.4407157898, -362.205932617, -81.9701538086, 158.673294067, 173.230331421, 287.563934326, 64.4236068726, 72.5813217163, -30.9903030396, 15.2577762604, -61.9159736633, 1.24404811859, -24.9887390137], [-512.544189453, 132.148773193, -58.251499176, -148.489074707, 129.748046875, 64.4236068726, 227.793792725, 72.9460983276, 67.6546173096, -29.7547016144, -4.64995670319, -45.49659729, -9.31810569763], [-171.405441284, -204.877807617, -11.4708805084, 35.6094093323, 41.3919372559, 72.5813217163, 72.9460983276, 167.871582031, 53.9713287354, 14.5725383759, -40.363079071, -12.4801855087, -27.332742691], [-169.312835693, 90.6400680542, -108.180862427, -121.362197876, 47.9219284058, -30.9903030396, 67.6546173096, 53.9713287354, 168.087738037, 46.8344078064, 37.8839416504, -31.6175518036, -10.9309120178], [-271.8984375, -126.151092529, 87.5053939819, 64.4624557495, -8.85095405579, 15.2577762604, -29.7547016144, 14.5725383759, 46.8344078064, 159.389953613, 61.3358383179, 46.6749954224, -40.3538742065], [-48.0831642151, 167.212097168, -36.0637702942, -134.86340332, -48.5310440063, -61.9159736633, -4.64995670319, -40.363079071, 37.8839416504, 61.3358383179, 150.753311157, 49.0547332764, 14.460059166], [-301.778717041, -96.7687683105, 67.2339324951, 41.1324920654, 3.8857562542, 1.24404811859, -45.49659729, -12.4801855087, -31.6175518036, 46.6749954224, 49.0547332764, 147.430145264, 58.0390014648], [-34.3690071106, 89.5515975952, -64.5520553589, -106.125320435, -9.53471660614, -24.9887390137, -9.31810569763, -27.332742691, -10.9309120178, -40.3538742065, 14.460059166, 58.0390014648, 143.740753174]],
        "icov": [[0.000217123248149, -0.000330354057951, 0.000607596186455, -0.000303258391796, 0.000450582418125, -0.000348252418917, 0.000512069382239, -0.000259093998466, 0.00025777873816, -3.06265719701e-05, 0.000155842470122, 8.90531518962e-05, 0.000219336521695], [-0.000330354057951, 0.00154945428949, -0.00144475942943, 0.000921762490179, -0.000776018074248, 0.00101838540286, -0.00124821031932, 0.00143808103167, -0.000914089672733, 0.000932689348701, -0.00112176779658, 0.000625525135547, -0.00064187310636], [0.000607596186455, -0.00144475942943, 0.00270395982079, -0.00167468085419, 0.00139311852399, -0.00046528124949, 0.000936437456403, -0.00122918968555, 0.00154619687237, -0.00109974888619, 0.000969739048742, -0.000222128815949, 0.000662720005494], [-0.000303258391796, 0.000921762490179, -0.00167468085419, 0.00234675756656, -0.000971290282905, -0.000200064197998, 0.000495090265758, 0.000609550625086, -0.000550783763174, 0.000409934902564, 0.00036621192703, -0.000249393866397, 0.000519636843819], [0.000450582418125, -0.000776018074248, 0.00139311852399, -0.000971290282905, 0.00388685520738, -0.00233570626006, -0.000381649908377, 0.000762871175539, -0.00121776631568, 0.000534629274625, 0.00139086740091, -0.0013480859343, 0.000933704082854], [-0.000348252418917, 0.00101838540286, -0.00046528124949, -0.000200064197998, -0.00233570626006, 0.00768270576373, -0.00315572484396, -0.00126519845799, 0.00307318475097, -0.00243985909037, 0.000485178781673, 0.000879519735463, -0.00119407312013], [0.000512069382239, -0.00124821031932, 0.000936437456403, 0.000495090265758, -0.000381649908377, -0.00315572484396, 0.01013225317, -0.00375616387464, -0.001270398614, 0.00237863324583, -0.00111114361789, 0.00139031524304, 0.00117638811935], [-0.000259093998466, 0.00143808103167, -0.00122918968555, 0.000609550625086, 0.000762871175539, -0.00126519845799, -0.00375616387464, 0.0115504199639, -0.00528139760718, 0.000957287382334, 0.0028264913708, -0.0022395348642, 0.00121069385204], [0.00025777873816, -0.000914089672733, 0.00154619687237, -0.000550783763174, -0.00121776631568, 0.00307318475097, -0.001270398614, -0.00528139760718, 0.0133282300085, -0.00624073343351, -0.00178399065044, 0.00484937010333, -0.00223135738634], [-3.06265719701e-05, 0.000932689348701, -0.00109974888619, 0.000409934902564, 0.000534629274625, -0.00243985909037, 0.00237863324583, 0.000957287382334, -0.00624073343351, 0.0142201231793, -0.00467652827501, -0.00448070466518, 0.00496514607221], [0.000155842470122, -0.00112176779658, 0.000969739048742, 0.00036621192703, 0.00139086740091, 0.000485178781673, -0.00111114361789, 0.0028264913708, -0.00178399065044, -0.00467652827501, 0.0137398829684, -0.00509589118883, 0.00131088111084], [8.90531518962e-05, 0.000625525135547, -0.000222128815949, -0.000249393866397, -0.0013480859343, 0.000879519735463, 0.00139031524304, -0.0022395348642, 0.00484937010333, -0.00448070466518, -0.00509589118883, 0.0148392478004, -0.00729277543724], [0.000219336521695, -0.00064187310636, 0.000662720005494, 0.000519636843819, 0.000933704082854, -0.00119407312013, 0.00117638811935, 0.00121069385204, -0.00223135738634, 0.00496514607221, 0.00131088111084, -0.00729277543724, 0.0122884102166]]
    },
    "melbands": {
        "mean": [5.11875769007e-05, 0.000171834937646, 0.000126539205667, 0.00022958831687, 0.00022708546021, 0.000180854112841, 0.000240036330069, 0.000256474042544, 0.000177112073288, 0.0002423512924, 0.000189506914467, 0.000188500722288, 8.94366457942e-05, 4.55928420706e-05, 7.81422349974e-05, 9.06027926248e-05, 9.10061062314e-05, 5.26610710949e-05, 3.58151301043e-05, 2.32088932535e-05, 3.24261891365e-05, 1.82834355655e-05, 1.31244087243e-05, 1.60199924721e-05, 7.72645125835e-06, 5.64321362617e-06, 1.08958311102e-05, 4.61814988739e-06, 3.31325350089e-06, 1.77663605427e-06, 4.47074080512e-06, 1.77553749836e-06, 1.54511030814e-06, 1.735066121e-06, 1.84468001407e-06, 1.21811103782e-06, 6.17373814293e-07, 8.01239878001e-07, 8.58829764638e-07, 5.05224136305e-07],
        "stdev": [0.000144611243741, 0.000557900057174, 0.000407234503655, 0.000510650803335, 0.000590963987634, 0.000555220933165, 0.000528823991772, 0.000534548249561, 0.000433551002061, 0.00071778986603, 0.000417312636273, 0.000527855474502, 0.000291369971819, 0.000139377967571, 0.000241938469117, 0.00026851388975, 0.000324480904965, 0.000176876506885, 0.000111915069283, 7.50600593165e-05, 0.000130231157527, 6.74684051774e-05, 4.06823492085e-05, 6.87998399371e-05, 3.0063531085e-05, 2.04278185265e-05, 5.35030085302e-05, 1.38359473567e-05, 1.42322069223e-05, 7.65306231187e-06, 2.13515304495e-05, 5.30157740286e-06, 5.57177099836e-06, 6.12635949437e-06, 9.56516214501e-06, 7.64418655308e-06, 3.21831998917e-06, 4.35537367593e-06, 8.73241788213e-06, 4.00710223403e-06]
    },
    "melbands128": {
        "mean": [1.16506305403e-06, 1.06811794467e-05, 5.22097398061e-05, 0.00016361415328, 0.000214960702579, 0.000140206306241, 7.07989893272e-05, 0.000122089986689, 0.000223481256398, 0.000236102205236, 0.000259597843979, 0.000188615944353, 0.000239310844336, 0.000283152709017, 0.000152734442963, 0.00016390082601, 0.000141279248055, 0.000236808904447, 0.000323159212712, 0.000395950133679, 0.000131275795866, 0.000106911160401, 0.000126152430312, 0.000240959168877, 0.000424907746492, 0.000104033417301, 0.000174505810719, 0.000212173152249, 0.00016638363013, 0.000281858257949, 0.00014329024998, 0.000108161082608, 0.000131465843879, 2.76398295682e-05, 4.6136432502e-05, 4.86470344185e-05, 5.73739744141e-05, 4.24553836638e-05, 0.000142159551615, 9.25092972466e-05, 2.26733009185e-05, 0.000175511100679, 8.93153483048e-05, 7.02683973941e-05, 3.14638200507e-05, 5.71467971895e-05, 7.42092888686e-05, 1.75109398697e-05, 2.91735505016e-05, 4.49882936664e-05, 8.88228805707e-06, 1.26826980704e-05, 5.11743855895e-05, 2.59635216935e-05, 2.75685906672e-05, 1.44907598951e-05, 9.42415590544e-06, 2.89619711111e-05, 5.39592247151e-06, 4.39239647676e-06, 2.36583982769e-05, 1.76535904757e-05, 9.34198487812e-06, 5.32478861714e-06, 4.43290764451e-06, 4.08628284276e-06, 3.92450010622e-06, 1.76021148945e-05, 6.63169157633e-06, 1.32932518682e-05, 4.03155763706e-06, 1.58011414442e-06, 1.62993967479e-06, 5.55589031137e-06, 2.1546136395e-06, 2.39794985646e-06, 1.00339343589e-06, 1.30090541006e-06, 8.04705814517e-06, 3.86950841857e-06, 1.2739972135e-06, 7.64739183978e-07, 2.40617259806e-06, 1.64833738836e-06, 9.53870767262e-07, 1.1916395124e-06, 3.01814998238e-06, 8.7713033281e-07, 9.27588473587e-07, 3.65064261132e-06, 1.77924141553e-06, 2.75415914075e-07, 5.69632049974e-07, 3.64518200513e-07, 7.20525804354e-07, 1.37070628625e-06, 7.43761347621e-07, 2.52212430496e-07, 6.80205573644e-07, 1.46947161284e-06, 7.91433308223e-07, 3.18053849924e-07, 1.27314052634e-07, 4.71082053366e-08, 4.64574085868e-08, 3.27222693386e-08, 3.55185392209e-08, 2.42337083733e-08, 4.02696187507e-08, 1.3573382418e-08, 1.62835771533e-08, 4.62010696367e-09, 3.57491836134e-09, 1.31545063731e-09, 1.2461539578e-09, 8.87326989663e-10, 3.2518779336e-10, 2.96967034297e-11, 2.20318641803e-12, 2.04922060223e-12, 1.95408489737e-12, 1.90764765096e-12, 1.86814626268e-12, 1.83270781363e-12, 1.80771543568e-12, 1.78784927401e-12, 1.77291037753e-12, 1.7618361197e-12],
        "stdev": [2.37569361161e-06, 2.73700916296e-05, 0.000152129825437, 0.000552382378373, 0.000783049443271, 0.000450509309303, 0.000200158305233, 0.000575162586756, 0.00088451046031, 0.000622774939984, 0.000748851860408, 0.000362028775271, 0.000779802678153, 0.00129469344392, 0.000651101523545, 0.000561939610634, 0.000484950403916, 0.000794554129243, 0.00102713215165, 0.00093414116418, 0.000462319265353, 0.000427298014984, 0.000448441307526, 0.000857211765833, 0.00164211285301, 0.000313858443405, 0.000418314040871, 0.000705867889337, 0.000648522051051, 0.00100174057297, 0.000506196636707, 0.000402400473831, 0.000529258686583, 0.00019127233827, 0.000198833062313, 0.000209157748031, 0.000254824990407, 0.000201814662432, 0.000597201404162, 0.000424988218583, 0.00014855407062, 0.000829733442515, 0.000362995284377, 0.000450926891062, 0.000205872551305, 0.000254562182818, 0.000328420865117, 0.000150703010149, 0.00013684896112, 0.000222616683459, 5.81418389629e-05, 5.93159384152e-05, 0.000280950713204, 0.000129298161482, 0.000161957606906, 9.61553523666e-05, 4.88468576805e-05, 0.000105941624497, 2.71599637927e-05, 3.21691804857e-05, 0.000126832048409, 8.51817676448e-05, 5.94823577558e-05, 3.7019730371e-05, 2.29028428294e-05, 2.00903832592e-05, 1.64250523085e-05, 0.00013931353169, 3.74774899683e-05, 5.17723347002e-05, 1.38276591315e-05, 1.13165469884e-05, 7.54771508582e-06, 3.14565295412e-05, 9.43482882576e-06, 1.70486891875e-05, 5.52281744604e-06, 6.97072437106e-06, 4.68955877295e-05, 1.5994273781e-05, 7.8677358033e-06, 3.56492637366e-06, 1.00383867903e-05, 8.12403504824e-06, 5.37486084795e-06, 6.02063028055e-06, 1.33435951284e-05, 4.34878074884e-06, 7.57688758313e-06, 2.67946488748e-05, 1.81447430805e-05, 1.62255139458e-06, 3.15316401611e-06, 1.655899041e-06, 5.14447128808e-06, 1.00979768831e-05, 6.45069030725e-06, 1.31239346501e-06, 7.14240513844e-06, 1.97983390535e-05, 6.75589899402e-06, 3.88548960473e-06, 7.47897729525e-07, 1.76145945829e-07, 1.84424123972e-07, 1.65203374536e-07, 1.46367796106e-07, 1.20400713399e-07, 3.01777106415e-07, 6.39204174036e-08, 1.19953725175e-07, 2.54407908074e-08, 1.68896043817e-08, 5.94543925203e-09, 5.77087178044e-09, 5.11132558501e-09, 2.2500232788e-09, 3.05209107987e-10, 1.23437223984e-11, 6.76680673301e-12, 3.92176438893e-12, 3.80778394926e-12, 3.72865063478e-12, 3.66090577991e-12, 3.60480417218e-12, 3.56063702828e-12, 3.52799733871e-12, 3.50806948594e-12]
    },
    "mfcc": {
        "mean": [-745.006713867, 117.575660706, -7.40919113159, 11.9207134247, -11.886721611, -0.0437897630036, -8.07001304626, -4.37487506866, -6.60541582108, -1.78291809559, -1.67392265797, -6.16385936737, -3.7689883709],
        "cov": [[9749.63769531, -299.006011963, -1926.87854004, -1040.86791992, -494.935852051, -303.61239624, -236.267166138, -101.844566345, -261.431060791, 95.5556716919, -76.2447891235, -259.758605957, -132.97265625], [-299.006011963, 2803.83569336, 112.567451477, -378.427856445, -325.70993042, -222.442138672, -92.2039031982, -123.855895996, -88.5581512451, -104.16683197, -38.7088890076, 25.9775009155, 86.4697036743], [-1926.87854004, 112.567451477, 1624.78039551, 696.228637695, 119.254478455, 65.8367080688, 29.0888156891, -47.3926811218, -44.2905540466, -64.2136306763, -34.7868843079, 67.1726531982, 47.2036247253], [-1040.86791992, -378.427856445, 696.228637695, 821.675292969, 312.073181152, 201.521591187, 35.261920929, 29.8548240662, 24.4759292603, -48.6223831177, 8.64169597626, 84.9297409058, 25.4235744476], [-494.935852051, -325.70993042, 119.254478455, 312.073181152, 345.872253418, 188.036682129, 76.1426467896, 58.5593147278, 65.0348510742, -2.43654847145, 5.45045995712, 26.5023155212, 0.141049221158], [-303.61239624, -222.442138672, 65.8367080688, 201.521591187, 188.036682129, 244.618453979, 105.100502014, 53.0838470459, 49.5395812988, -10.9017858505, 13.6118593216, 20.3193893433, -8.49847316742], [-236.267166138, -92.2039031982, 29.0888156891, 35.261920929, 76.1426467896, 105.100502014, 171.008956909, 100.738204956, 49.5721931458, 19.5452537537, 5.42301988602, -19.7500629425, -22.3404693604], [-101.844566345, -123.855895996, -47.3926811218, 29.8548240662, 58.5593147278, 53.0838470459, 100.738204956, 160.93939209, 100.439231873, 43.4355506897, 1.91279017925, -21.8747177124, -37.5523109436], [-261.431060791, -88.5581512451, -44.2905540466, 24.4759292603, 65.0348510742, 49.5395812988, 49.5721931458, 100.439231873, 166.825683594, 81.2881469727, 26.5090351105, -28.2716007233, -57.2165794373], [95.5556716919, -104.16683197, -64.2136306763, -48.6223831177, -2.43654847145, -10.9017858505, 19.5452537537, 43.4355506897, 81.2881469727, 157.544784546, 82.3048248291, -13.2557840347, -52.2380981445], [-76.2447891235, -38.7088890076, -34.7868843079, 8.64169597626, 5.45045995712, 13.6118593216, 5.42301988602, 1.91279017925, 26.5090351105, 82.3048248291, 168.678543091, 91.5559692383, -9.46993923187], [-259.758605957, 25.9775009155, 67.1726531982, 84.9297409058, 26.5023155212, 20.3193893433, -19.7500629425, -21.8747177124, -28.2716007233, -13.2557840347, 91.5559692383, 211.186431885, 118.896896362], [-132.97265625, 86.4697036743, 47.2036247253, 25.4235744476, 0.141049221158, -8.49847316742, -22.3404693604, -37.5523109436, -57.2165794373, -52.2380981445, -9.46993923187, 118.896896362, 201.115447998]],
        "icov": [[0.000167052348843, 1.89534530364e-05, 0.000184732169146, -1.06134757516e-05, 0.000135406997288, -0.000111837027362, 0.000237835338339, -0.000198962996365, 0.000516826286912, -0.000304606248392, 0.000131048014737, 0.000105541323137, 5.64255497011e-05], [1.89534530364e-05, 0.00045165172196, -0.000117166368, 0.000244216993451, 0.000226811185712, 0.000152400127263, -6.59870274831e-05, 0.000218103843508, -0.000279768777546, 0.000441699114162, -0.000106377628981, -2.79289197351e-05, -9.87164894468e-05], [0.000184732169146, -0.000117166368, 0.00143942469731, -0.00145818979945, 0.000690535700414, 0.000467139470857, -0.000878863967955, 0.000775704393163, 0.00046434669639, -0.000712806591764, 0.000767412770074, -0.000175544351805, 0.000172346437466], [-1.06134757516e-05, 0.000244216993451, -0.00145818979945, 0.00375043111853, -0.00215251301415, -0.0013391696848, 0.00201398949139, -0.00142684252933, 0.000317007827107, 0.000917806581128, -0.000573549536057, -0.000414815789554, 0.000205156567972], [0.000135406997288, 0.000226811185712, 0.000690535700414, -0.00215251301415, 0.0069178994745, -0.0030755691696, -0.000488642195705, 0.000351443479303, -0.00105200347025, -0.000497521657962, 0.000899089383893, -0.000193695246708, -0.000293105345918], [-0.000111837027362, 0.000152400127263, 0.000467139470857, -0.0013391696848, -0.0030755691696, 0.010100889951, -0.00598876271397, 0.00296327285469, -0.00253383698873, 0.00227455166169, -0.000614392745774, -0.000868572329637, 0.000591707474086], [0.000237835338339, -6.59870274831e-05, -0.000878863967955, 0.00201398949139, -0.000488642195705, -0.00598876271397, 0.0146363768727, -0.00970275793225, 0.0040184436366, -0.000732341082767, -0.00177475926466, 0.0025677070953, -0.000949819688685], [-0.000198962996365, 0.000218103843508, 0.000775704393163, -0.00142684252933, 0.000351443479303, 0.00296327285469, -0.00970275793225, 0.0169886667281, -0.0086359065026, 5.44449831068e-05, 0.00273910653777, -0.00236907135695, 0.00107907224447], [0.000516826286912, -0.000279768777546, 0.00046434669639, 0.000317007827107, -0.00105200347025, -0.00253383698873, 0.0040184436366, -0.0086359065026, 0.0154958218336, -0.00640036677942, 0.000751148618292, 0.000859381398186, 0.00131386111025], [-0.000304606248392, 0.000441699114162, -0.000712806591764, 0.000917806581128, -0.000497521657962, 0.00227455166169, -0.000732341082767, 5.44449831068e-05, -0.00640036677942, 0.014806419611, -0.00840805191547, 0.0032782391645, -0.000623745028861], [0.000131048014737, -0.000106377628981, 0.000767412770074, -0.000573549536057, 0.000899089383893, -0.000614392745774, -0.00177475926466, 0.00273910653777, 0.000751148618292, -0.00840805191547, 0.0157580003142, -0.00977025087923, 0.00486029870808], [0.000105541323137, -2.79289197351e-05, -0.000175544351805, -0.000414815789554, -0.000193695246708, -0.000868572329637, 0.0025677070953, -0.00236907135695, 0.000859381398186, 0.0032782391645, -0.00977025087923, 0.0140931652859, -0.00771402893588], [5.64255497011e-05, -9.87164894468e-05, 0.000172346437466, 0.000205156567972, -0.000293105345918, 0.000591707474086, -0.000949819688685, 0.00107907224447, 0.00131386111025, -0.000623745028861, 0.00486029870808, -0.00771402893588, 0.0101078869775]]
    },
    "spectral_contrast_coeffs": {
        "mean": [-0.660244822502, -0.676524341106, -0.667827010155, -0.727724850178, -0.776107549667, -0.763391196728],
        "stdev": [0.0980264022946, 0.110118128359, 0.11869686842, 0.110423602164, 0.092133320868, 0.0528931804001]
    },
    "spectral_contrast_valleys": {
        "mean": [-8.55002784729, -8.19379520416, -9.13271522522, -9.24366855621, -9.06400871277, -11.5766115189],
        "stdev": [1.95479857922, 2.07619214058, 1.92050051689, 1.86152505875, 1.82853794098, 1.63662719727]
    }
},
"rhythm": {
    "beats_count": 616,
    "beats_loudness": {
        "mean": 0.0172521844506,
        "stdev": 0.0134365363047
    },
    "bpm": 136.534591675,
    "bpm_histogram_first_peak_bpm": 136,
    "bpm_histogram_first_peak_weight": 0.482905983925,
    "bpm_histogram_second_peak_bpm": 144,
    "bpm_histogram_second_peak_spread": 0.134615361691,
    "bpm_histogram_second_peak_weight": 0.0731707289815,
    "danceability": 0.999514222145,
    "onset_rate": 2.72919988632,
    "beats_loudness_band_ratio": {
        "mean": [0.192478954792, 0.228620827198, 0.290560007095, 0.209201857448, 0.0923618227243, 0.0404908768833],
        "stdev": [0.248516321182, 0.227296382189, 0.245370790362, 0.200536981225, 0.13384668529, 0.0751787945628]
    },
    "beats_position": [0.49922901392, 0.975238084793, 1.4164172411, 1.84598636627, 2.28716540337, 2.71673464775, 3.13469386101, 3.55265307426, 3.97061228752, 4.38857126236, 4.80653047562, 5.22448968887, 5.64244890213, 6.04879808426, 6.46675729752, 6.87310647964, 7.27945566177, 7.69741487503, 8.10376358032, 8.52172279358, 8.95129203796, 9.38086128235, 9.79882049561, 10.22838974, 10.6579589844, 11.0759181976, 11.4938774109, 11.9234466553, 12.3530158997, 12.7941951752, 13.2237634659, 13.6533327103, 14.0829019547, 14.5240812302, 14.9304304123, 15.3483896255, 15.7663488388, 16.1843090057, 16.602268219, 17.0202255249, 17.4381847382, 17.8561439514, 18.2741031647, 18.6920623779, 19.1100215912, 19.5279808044, 19.9343299866, 20.3522891998, 20.7702484131, 21.1998176575, 21.6061668396, 22.0241260529, 22.4536952972, 22.8832645416, 23.3012237549, 23.7191829681, 24.1487522125, 24.5783214569, 25.0195007324, 25.4490699768, 25.8902492523, 26.3314285278, 26.7726078033, 27.2021770477, 27.6317462921, 28.0729255676, 28.5141029358, 28.9436721802, 29.3732414246, 29.8028106689, 30.2439899445, 30.6735591888, 31.1031284332, 31.5326976776, 31.9738769531, 32.4150543213, 32.8562355042, 33.2974128723, 33.7385940552, 34.1797714233, 34.5977325439, 35.0273017883, 35.4568710327, 35.8864402771, 36.3160095215, 36.7455787659, 37.186756134, 37.6279373169, 38.0691146851, 38.638004303, 39.1836738586, 39.7293434143, 40.2634010315, 40.7974586487, 41.3547401428, 41.9120178223, 42.4692955017, 43.0265769958, 43.4909744263, 43.9553718567, 44.4197731018, 44.8725624084, 45.3137397766, 45.7549209595, 46.1844902039, 46.6140594482, 47.0436286926, 47.473197937, 47.9259872437, 48.3671646118, 48.80834198, 49.2495231628, 49.7023124695, 50.1667098999, 50.5962791443, 51.0258483887, 51.4670295715, 51.8965988159, 52.3377761841, 52.7673454285, 53.1969146729, 53.6264839172, 54.0560531616, 54.485622406, 54.9035835266, 55.333152771, 55.7627182007, 56.1922874451, 56.6218566895, 57.0514259338, 57.4809951782, 57.8989562988, 58.3285255432, 58.7464828491, 59.1644439697, 59.6056213379, 60.0468025208, 60.4763717651, 60.9059410095, 61.3355102539, 61.7650794983, 62.2062568665, 62.6474380493, 63.0770072937, 63.5181846619, 63.95936203, 64.4005432129, 64.8417205811, 65.2945098877, 65.7356872559, 66.1768722534, 66.6180496216, 67.0592269897, 67.5004043579, 67.929977417, 68.3595428467, 68.8007278442, 69.2419052124, 69.6830825806, 70.1242599487, 70.5654373169, 71.0066223145, 71.4477996826, 71.8889770508, 72.3301544189, 72.759727478, 73.2009048462, 73.6304779053, 74.0716552734, 74.5244445801, 74.9540100098, 75.3835830688, 75.824760437, 76.2775497437, 76.7187271118, 77.15990448, 77.6010894775, 78.0422668457, 78.4834442139, 78.9362335205, 79.3890228271, 79.8302001953, 80.2713851929, 80.712562561, 81.1537399292, 81.5949172974, 82.0360946655, 82.4772796631, 82.9184570312, 83.3596343994, 83.8008117676, 84.2536010742, 84.7063903809, 85.1591796875, 85.6119689941, 86.0531539917, 86.4943313599, 86.935508728, 87.3766860962, 87.8294754028, 88.2822647095, 88.7234420776, 89.1762313843, 89.6290206909, 90.0818099976, 90.5345993042, 90.9757843018, 91.4169616699, 91.8697509766, 92.3109283447, 92.7637176514, 93.216506958, 93.6576843262, 94.1104736328, 94.551651001, 94.9928359985, 95.4224014282, 95.8751907349, 96.2931518555, 96.7343292236, 97.1755065918, 97.6282958984, 98.0694732666, 98.4409942627, 98.8125152588, 99.1840362549, 99.555557251, 99.9154663086, 100.286979675, 100.658500671, 101.041633606, 101.413146973, 101.784667969, 102.167800903, 102.562538147, 102.957275391, 103.317184448, 103.677093506, 104.037002563, 104.40852356, 104.780044556, 105.139953613, 105.499862671, 105.941040039, 106.382217407, 106.811790466, 107.252967834, 107.694145203, 108.1353302, 108.576507568, 109.017684937, 109.447257996, 109.865211487, 110.306388855, 110.735961914, 111.177139282, 111.61831665, 112.059501648, 112.489067078, 112.918640137, 113.371429443, 113.82421875, 114.265396118, 114.706573486, 115.147750854, 115.600540161, 116.053329468, 116.506118774, 116.958908081, 117.400085449, 117.841270447, 118.282447815, 118.735237122, 119.164802551, 119.617591858, 120.047164917, 120.546394348, 121.045623779, 121.55645752, 122.067298889, 122.578140259, 123.088973999, 123.58820343, 124.087432861, 124.586662292, 125.085891724, 125.573509216, 126.072738647, 126.525527954, 126.989929199, 127.442718506, 127.895507812, 128.359909058, 128.824310303, 129.265487671, 129.706665039, 130.147842407, 130.589019775, 131.030197144, 131.471374512, 131.912567139, 132.353744507, 132.794921875, 133.236099243, 133.700500488, 134.141677856, 134.571243286, 135.024032593, 135.465209961, 135.906387329, 136.347564697, 136.788757324, 137.218322754, 137.647888184, 138.077453613, 138.599899292, 139.133972168, 139.668029785, 140.202087402, 140.73614502, 141.281814575, 141.827484131, 142.34992981, 142.779495239, 143.220672607, 143.673461914, 144.137863159, 144.555831909, 144.9737854, 145.40335083, 145.83291626, 146.262496948, 146.703674316, 147.098403931, 147.481536865, 147.8646698, 148.236190796, 148.596099854, 149.04888916, 149.501678467, 149.931243896, 150.372421265, 150.813598633, 151.266387939, 151.719177246, 152.160354614, 152.601531982, 153.042724609, 153.495513916, 153.948303223, 154.401092529, 154.830657959, 155.271835327, 155.713012695, 156.154190063, 156.595367432, 157.0365448, 157.477722168, 157.918914795, 158.348480225, 158.789657593, 159.219223022, 159.648788452, 160.066757202, 160.554367065, 161.053604126, 161.564437866, 162.098495483, 162.644165039, 163.178222656, 163.700683594, 164.211517334, 164.722351074, 165.233200073, 165.755645752, 166.278091431, 166.765716553, 167.276550293, 167.798995972, 168.263397217, 168.692962646, 169.134140015, 169.59854126, 170.062942505, 170.515731812, 170.968521118, 171.421310425, 171.874099731, 172.3152771, 172.73324585, 173.162811279, 173.592376709, 174.033554077, 174.474731445, 174.927520752, 175.380310059, 175.833099365, 176.285888672, 176.72706604, 177.168243408, 177.621032715, 178.062225342, 178.515014648, 178.967803955, 179.432189941, 179.884979248, 180.326171875, 180.767349243, 181.208526611, 181.649703979, 182.090881348, 182.532058716, 182.973236084, 183.402801514, 183.832382202, 184.27355957, 184.714736938, 185.155914307, 185.597091675, 186.026657104, 186.456237793, 186.885803223, 187.326980591, 187.779769897, 188.232559204, 188.685348511, 189.138137817, 189.590927124, 190.032104492, 190.47328186, 190.914459229, 191.355636597, 191.808425903, 192.26121521, 192.725616455, 193.1900177, 193.654418945, 194.095596313, 194.536773682, 194.97795105, 195.442352295, 195.883529663, 196.313110352, 196.742675781, 197.183853149, 197.625030518, 198.066207886, 198.507385254, 198.936950684, 199.366531372, 199.80770874, 200.248886108, 200.690063477, 201.131240845, 201.572418213, 202.013595581, 202.466384888, 202.895965576, 203.337142944, 203.778320312, 204.231109619, 204.683898926, 205.125076294, 205.566253662, 206.00743103, 206.448608398, 206.889785767, 207.330978394, 207.760543823, 208.201721191, 208.631286621, 209.072463989, 209.490432739, 209.931610107, 210.372787476, 210.813964844, 211.243530273, 211.684707642, 212.137496948, 212.578674316, 213.008255005, 213.449432373, 213.890609741, 214.343399048, 214.784576416, 215.225753784, 215.678543091, 216.119720459, 216.560897827, 217.013687134, 217.454864502, 217.907653809, 218.360443115, 218.801635742, 219.24281311, 219.683990479, 220.125167847, 220.566345215, 221.007522583, 221.437088013, 221.855056763, 222.284622192, 222.714187622, 223.143753052, 223.561721802, 223.991287231, 224.420852661, 224.85043335, 225.279998779, 225.709564209, 226.139129639, 226.580307007, 227.009887695, 227.439453125, 227.880630493, 228.321807861, 228.762985229, 229.204162598, 229.645339966, 230.086532593, 230.516098022, 230.945663452, 231.375228882, 231.80480957, 232.222763062, 232.640716553, 233.070297241, 233.499862671, 233.941040039, 234.370605469, 234.800170898, 235.229751587, 235.659317017, 236.088882446, 236.518447876, 236.948028564, 237.377593994, 237.807159424, 238.248336792, 238.68951416, 239.119094849, 239.548660278, 239.978225708, 240.407791138, 240.837371826, 241.266937256, 241.708114624, 242.137680054, 242.567245483, 243.00843811, 243.449615479, 243.902404785, 244.343582153, 244.784759521, 245.22593689, 245.667114258, 246.108291626, 246.549468994, 247.002258301, 247.443435669, 247.884628296, 248.337417603, 248.778594971, 249.219772339, 249.672561646, 250.125350952, 250.56652832, 251.019317627, 251.448883057, 251.878448486, 252.331237793, 252.772415161, 253.213607788, 253.654785156, 254.095962524, 254.537139893, 254.978317261, 255.40788269, 255.83744812, 256.278625488, 256.719818115, 257.160980225, 257.602172852, 258.054962158, 258.507751465, 258.948944092, 259.378509521, 259.808074951, 260.249237061, 260.690429688, 261.131591797, 261.572784424, 262.013977051, 262.45513916, 262.896331787, 263.325897217, 263.755462646, 264.196624756, 264.637817383, 265.07901001, 265.520172119, 265.949737549, 266.379302979, 266.820495605, 267.261688232, 267.691253662, 268.120819092, 268.561981201, 269.026397705, 269.490783691, 269.966796875, 270.442810059, 270.918823242, 271.394836426, 271.859222412, 272.323608398],
    "bpm_histogram": [0, 0, 0, 0, 0, 0, 0, 0, 0, 0, 0, 0, 0, 0, 0, 0, 0, 0, 0, 0, 0, 0, 0, 0, 0, 0, 0, 0, 0, 0, 0, 0, 0, 0, 0, 0, 0, 0, 0, 0, 0, 0, 0, 0, 0, 0, 0, 0, 0, 0, 0, 0, 0, 0, 0, 0, 0, 0, 0, 0, 0, 0, 0, 0, 0, 0, 0, 0, 0, 0, 0, 0, 0, 0, 0, 0, 0, 0, 0, 0, 0, 0, 0, 0, 0, 0, 0, 0, 0, 0, 0, 0, 0, 0, 0, 0, 0, 0, 0, 0, 0, 0, 0, 0, 0, 0.00162601622287, 0, 0, 0.00650406489149, 0, 0.00813008099794, 0, 0.013008129783, 0, 0, 0.00975609757006, 0, 0.0146341463551, 0, 0, 0.013008129783, 0, 0, 0.00487804878503, 0, 0, 0.00813008099794, 0, 0, 0.0341463424265, 0, 0, 0, 0.131707310677, 0, 0, 0.393495947123, 0, 0, 0, 0.235772356391, 0, 0, 0, 0.0731707289815, 0, 0, 0, 0.0113821141422, 0, 0, 0, 0.00487804878503, 0, 0, 0, 0, 0.00650406489149, 0, 0, 0, 0.0146341463551, 0.00325203244574, 0, 0, 0, 0, 0.0113821141422, 0, 0, 0, 0, 0, 0, 0, 0, 0, 0, 0, 0, 0, 0, 0, 0, 0, 0, 0, 0, 0, 0, 0, 0, 0, 0, 0, 0, 0, 0, 0, 0, 0, 0, 0, 0, 0, 0, 0, 0, 0, 0, 0, 0, 0, 0, 0, 0, 0, 0, 0, 0, 0, 0, 0, 0, 0, 0, 0, 0, 0, 0, 0, 0, 0, 0, 0, 0, 0, 0, 0, 0, 0, 0, 0, 0, 0, 0, 0, 0, 0, 0]
},
"tonal": {
    "chords_changes_rate": 0.0637863576412,
    "chords_number_rate": 0.00306174508296,
    "chords_strength": {
        "mean": 0.476948201656,
        "stdev": 0.137877851725
    },
    "hpcp_crest": {
        "mean": 17.8106422424,
        "stdev": 8.56799697876
    },
    "hpcp_entropy": {
        "mean": 1.47053670883,
        "stdev": 0.762109577656
    },
    "key_edma": {
        "strength": 0.703652560711,
        "key": "E",
        "scale": "minor"
    },
    "key_krumhansl": {
        "strength": 0.707240283489,
        "key": "E",
        "scale": "minor"
    },
    "key_temperley": {
        "strength": 0.699226379395,
        "key": "E",
        "scale": "minor"
    },
    "tuning_diatonic_strength": 0.492454648018,
    "tuning_equal_tempered_deviation": 0,
    "tuning_frequency": 441.527557373,
    "tuning_nontempered_energy_ratio": 0.647758245468,
    "hpcp": {
        "mean": [0.207257851958, 0.109671458602, 0.0597038641572, 0.0868646875024, 0.0699085742235, 0.199212223291, 0.307732671499, 0.146444991231, 0.0386976636946, 0.0551578477025, 0.0340144485235, 0.0512898229063, 0.0822393968701, 0.0476132780313, 0.0683002024889, 0.134641960263, 0.0893974974751, 0.0565663315356, 0.0759135633707, 0.0531073845923, 0.148966014385, 0.253023594618, 0.13710218668, 0.0306829567999, 0.0326875038445, 0.0370365604758, 0.119690567255, 0.189037725329, 0.116821244359, 0.110228911042, 0.163534045219, 0.0998941212893, 0.0702276080847, 0.0875265076756, 0.0558215565979, 0.130014955997],
        "stdev": [0.341681540012, 0.196251273155, 0.168497890234, 0.239947840571, 0.175662741065, 0.269222974777, 0.389363735914, 0.220047160983, 0.122304283082, 0.184539213777, 0.121600314975, 0.124700009823, 0.191978916526, 0.123182527721, 0.161587178707, 0.286844372749, 0.210967212915, 0.152660101652, 0.212537541986, 0.1432813555, 0.237163931131, 0.355670034885, 0.233229711652, 0.108952023089, 0.125517383218, 0.123532570899, 0.222215011716, 0.315773397684, 0.219287827611, 0.220366701484, 0.308179736137, 0.205097407103, 0.170314252377, 0.210418611765, 0.148351445794, 0.23286101222]
    },
