{
"metadata": {
    "version": {
        "essentia": "2.1-dev",
        "essentia_git_sha": "v2.1_beta3-415-gd5473f3",
        "extractor": "music 2.0"
    },
    "audio_properties": {
        "analysis": {
            "equal_loudness": 0,
            "length": 184.555099487,
            "sample_rate": 44100,
            "start_time": 0,
            "downmix": "mix"
        },
        "bit_rate": 192000,
        "length": 184.555099487,
        "lossless": 0,
        "number_channels": 2,
        "replay_gain": -6.25446891785,
        "sample_rate": 44100,
        "codec": "mp3",
        "md5_encoded": "854d02a3d89acdb8daee5b26ad8ba5e0"
    },
    "tags": {
        "file_name": "bengt-arne_wallins_tentett-norwegian_highway.mp3",
        "album": ["Svensk Jazzhistoria Vol 8 "],
        "artist": ["Bengt-Arne Wallins Tentett"],
        "date": ["2002"],
        "genre": ["Jazz"],
        "title": ["Norwegian Highway "]
    }
},
"lowlevel": {
    "average_loudness": 0.781902194023,
    "barkbands_crest": {
        "mean": 10.3409881592,
        "stdev": 4.77390289307
    },
    "barkbands_flatness_db": {
        "mean": 0.128586217761,
        "stdev": 0.0444021783769
    },
    "barkbands_kurtosis": {
        "mean": 6.04199886322,
        "stdev": 15.5286588669
    },
    "barkbands_skewness": {
        "mean": 1.65619528294,
        "stdev": 1.77787661552
    },
    "barkbands_spread": {
        "mean": 22.3537750244,
        "stdev": 11.1863460541
    },
    "dissonance": {
        "mean": 0.468068808317,
        "stdev": 0.0205155145377
    },
    "dynamic_complexity": 3.51360154152,
    "erbbands_crest": {
        "mean": 7.76036310196,
        "stdev": 3.29812669754
    },
    "erbbands_flatness_db": {
        "mean": 0.147359132767,
        "stdev": 0.0436654128134
    },
    "erbbands_kurtosis": {
        "mean": -0.106408201158,
        "stdev": 1.13014662266
    },
    "erbbands_skewness": {
        "mean": -0.0550081953406,
        "stdev": 0.663738250732
    },
    "erbbands_spread": {
        "mean": 42.9378814697,
        "stdev": 20.0768642426
    },
    "hfc": {
        "mean": 15.5398178101,
        "stdev": 17.5824260712
    },
    "loudness_ebu128": {
        "integrated": -16.9711475372,
        "loudness_range": 4.80496883392,
        "momentary": {
            "mean": -22.136259079,
            "stdev": 32.1159934998
        },
        "short_term": {
            "mean": -17.9752063751,
            "stdev": 5.74242401123
        }
    },
    "melbands_crest": {
        "mean": 15.8282260895,
        "stdev": 6.91918897629
    },
    "melbands_flatness_db": {
        "mean": 0.190805837512,
        "stdev": 0.0635576471686
    },
    "melbands_kurtosis": {
        "mean": 22.4186553955,
        "stdev": 48.040512085
    },
    "melbands_skewness": {
        "mean": 3.13760042191,
        "stdev": 2.64191365242
    },
    "melbands_spread": {
        "mean": 26.8132743835,
        "stdev": 22.0988845825
    },
    "pitch_salience": {
        "mean": 0.502504646778,
        "stdev": 0.144334599376
    },
    "silence_rate_20dB": {
        "mean": 1,
        "stdev": 0
    },
    "silence_rate_30dB": {
        "mean": 0.999496877193,
        "stdev": 0.0224251300097
    },
    "silence_rate_60dB": {
        "mean": 0.0889308154583,
        "stdev": 0.284638643265
    },
    "spectral_centroid": {
        "mean": 1558.17651367,
        "stdev": 1371.73986816
    },
    "spectral_complexity": {
        "mean": 14.4962263107,
        "stdev": 8.698969841
    },
    "spectral_decrease": {
        "mean": -4.74913486315e-09,
        "stdev": 3.93662658027e-09
    },
    "spectral_energy": {
        "mean": 0.0193338058889,
        "stdev": 0.0160074550658
    },
    "spectral_energyband_high": {
        "mean": 0.0005111725186,
        "stdev": 0.000720271025784
    },
    "spectral_energyband_low": {
        "mean": 0.00770650757477,
        "stdev": 0.0102521497756
    },
    "spectral_energyband_middle_high": {
        "mean": 0.00496759917587,
        "stdev": 0.0068370308727
    },
    "spectral_energyband_middle_low": {
        "mean": 0.00754649192095,
        "stdev": 0.00717408303171
    },
    "spectral_entropy": {
        "mean": 7.53300666809,
        "stdev": 0.463392227888
    },
    "spectral_flux": {
        "mean": 0.0575999319553,
        "stdev": 0.0333872325718
    },
    "spectral_kurtosis": {
        "mean": 3.92513179779,
        "stdev": 1.93577706814
    },
    "spectral_rms": {
        "mean": 0.00395060889423,
        "stdev": 0.0018041547155
    },
    "spectral_rolloff": {
        "mean": 1739.23010254,
        "stdev": 2460.90625
    },
    "spectral_skewness": {
        "mean": 1.41065776348,
        "stdev": 0.329128682613
    },
    "spectral_spread": {
        "mean": 5112172.5,
        "stdev": 4737317
    },
    "spectral_strongpeak": {
        "mean": 0.899427473545,
        "stdev": 1.32215893269
    },
    "zerocrossingrate": {
        "mean": 0.0623076371849,
        "stdev": 0.0621864423156
    },
    "barkbands": {
        "mean": [1.13583500934e-05, 0.00127351225819, 0.00512529769912, 0.00201860489324, 0.00179316638969, 0.00137345865369, 0.000661222671624, 0.000582325737923, 0.000936428667046, 0.000373357615899, 0.000393153284676, 0.000526907970197, 0.000533402606379, 0.000573231780436, 0.000544984301087, 0.00056559353834, 0.000787477998529, 0.000445189449238, 0.000194309206563, 0.00022607097344, 0.000209825113416, 7.69618345657e-05, 3.71420792362e-05, 3.62513055734e-05, 2.41731067945e-05, 8.17588988866e-06, 2.24941481974e-06],
        "stdev": [1.53915971168e-05, 0.00186499848496, 0.00847490411252, 0.00354248052463, 0.00282154208981, 0.00190055673011, 0.00157819199376, 0.00118380005006, 0.00169337831903, 0.00094673410058, 0.000719214323908, 0.0012190118432, 0.00141524826176, 0.00141257059295, 0.00128331815358, 0.00123416911811, 0.00137743749656, 0.000810832309071, 0.000454884720966, 0.000387611391488, 0.000361518643331, 0.000120854521811, 6.02030995651e-05, 5.4767679103e-05, 3.83832702937e-05, 1.64923549164e-05, 6.41820770397e-06]
    },
    "erbbands": {
        "mean": [0.0128428675234, 0.455735087395, 4.81682252884, 7.24376630783, 5.9623799324, 5.91502141953, 9.57026195526, 9.96448421478, 8.81394672394, 12.6911897659, 14.7208509445, 19.9579772949, 14.5878305435, 11.4297151566, 15.6721773148, 22.570646286, 25.1982803345, 31.781835556, 23.2546520233, 30.8817844391, 33.126625061, 44.7237930298, 27.4463024139, 15.8458862305, 9.85098934174, 9.84802627563, 9.79653549194, 6.52485179901, 3.18292212486, 1.65779829025, 0.958458125591, 0.772545576096, 0.587309002876, 0.345067799091, 0.130941063166, 0.0404631905258, 0.0133399888873, 0.00422971462831, 0.000379084434826, 3.43572246493e-05],
        "stdev": [0.0207481682301, 0.637210309505, 7.73052120209, 10.6382741928, 8.50127315521, 11.0501060486, 17.0294094086, 14.4337654114, 17.6293258667, 27.8894691467, 21.5226554871, 40.7580070496, 31.4752044678, 23.4329051971, 28.5542640686, 48.7606811523, 60.9012985229, 76.4727554321, 43.6884918213, 68.0383300781, 56.6005058289, 79.3608856201, 47.5636062622, 39.6242904663, 19.9968891144, 17.0144062042, 16.8078727722, 10.3670988083, 4.94414567947, 2.55427718163, 1.56046128273, 1.19064295292, 0.911859869957, 0.530563116074, 0.217579945922, 0.0808907970786, 0.0284343622625, 0.00809026509523, 0.00127809506375, 4.6855846449e-05]
    },
    "gfcc": {
        "mean": [-39.6757164001, 81.9884338379, -121.154685974, 36.0109634399, -47.804851532, 8.17216682434, -39.4085197449, 3.95991396904, -26.577009201, -0.37992182374, -21.6916885376, -4.74113988876, -13.8957023621],
        "cov": [[28460.6289062, 2029.35705566, -3091.73193359, 759.703613281, -1005.84375, 111.134033203, -928.468566895, -23.775642395, -601.891357422, -92.984703064, -517.502563477, -190.804458618, -307.2081604], [2029.35705566, 766.501647949, -239.873931885, -9.36218357086, -35.9805755615, -50.8740463257, -72.3280487061, -25.6094856262, -54.1698112488, -24.4192771912, -23.8305168152, -45.234992981, -26.7821083069], [-3091.73193359, -239.873931885, 1519.65856934, 187.650253296, 153.722625732, 228.948699951, 129.374313354, 27.7681598663, -9.59538173676, -55.0099754333, -19.8384227753, -29.5226478577, -113.398368835], [759.703613281, -9.36218357086, 187.650253296, 291.362579346, 70.3344650269, 96.362739563, 9.70239448547, 19.2859230042, -24.255695343, -15.5170249939, -53.2622489929, -25.642124176, -38.8997001648], [-1005.84375, -35.9805755615, 153.722625732, 70.3344650269, 243.715942383, 67.1164169312, 78.2435913086, 21.2413234711, 24.4470710754, -3.96688508987, 0.493165671825, -4.27716970444, -7.01104307175], [111.134033203, -50.8740463257, 228.948699951, 96.362739563, 67.1164169312, 167.625061035, 44.2254524231, 34.6866226196, -16.405122757, -3.51309752464, -14.3476657867, -5.49808740616, -34.6285057068], [-928.468566895, -72.3280487061, 129.374313354, 9.70239448547, 78.2435913086, 44.2254524231, 116.764587402, 30.5711593628, 43.284526825, 4.48028469086, 14.4448032379, 0.894782245159, 9.3356552124], [-23.775642395, -25.6094856262, 27.7681598663, 19.2859230042, 21.2413234711, 34.6866226196, 30.5711593628, 86.8057098389, 31.4109802246, 18.8563270569, -3.92578339577, 0.410669386387, -8.45247077942], [-601.891357422, -54.1698112488, -9.59538173676, -24.255695343, 24.4470710754, -16.405122757, 43.284526825, 31.4109802246, 90.746673584, 36.5463981628, 25.3135280609, 1.72141599655, 17.5166721344], [-92.984703064, -24.4192771912, -55.0099754333, -15.5170249939, -3.96688508987, -3.51309752464, 4.48028469086, 18.8563270569, 36.5463981628, 63.7880897522, 28.3248386383, 11.7430362701, 8.64657878876], [-517.502563477, -23.8305168152, -19.8384227753, -53.2622489929, 0.493165671825, -14.3476657867, 14.4448032379, -3.92578339577, 25.3135280609, 28.3248386383, 79.489074707, 32.1802902222, 20.6268672943], [-190.804458618, -45.234992981, -29.5226478577, -25.642124176, -4.27716970444, -5.49808740616, 0.894782245159, 0.410669386387, 1.72141599655, 11.7430362701, 32.1802902222, 58.6120796204, 30.6957054138], [-307.2081604, -26.7821083069, -113.398368835, -38.8997001648, -7.01104307175, -34.6285057068, 9.3356552124, -8.45247077942, 17.5166721344, 8.64657878876, 20.6268672943, 30.6957054138, 77.4289093018]],
        "icov": [[0.000157193353516, -0.000248843658483, 0.000377849471988, -0.00045831411262, 0.000524949049577, -0.000595967518166, 0.000467157486128, -9.1204943601e-05, 0.000135568276164, 4.31518492405e-05, 0.000439997413196, -0.000240038527409, 0.000517909473274], [-0.000248843658483, 0.00197079381905, -0.000352035713149, 0.000714756140951, -0.00101202819496, 0.00123855145648, -0.000263890600763, -9.07980065676e-05, 0.000655077805277, 0.000231658195844, -0.00124199397396, 0.00178685062565, -0.000529509678017], [0.000377849471988, -0.000352035713149, 0.00194939866196, -0.00135388178751, 0.00123050180264, -0.00228035240434, 0.000392508634832, 0.000187609242857, 2.22443559323e-05, 0.00110659806523, 0.000675119226798, -0.000738876871765, 0.0026013974566], [-0.00045831411262, 0.000714756140951, -0.00135388178751, 0.00638755504042, -0.00258653890342, -0.000333141797455, -0.000424323254265, 0.000161605174071, -0.000116352071927, -0.000797451473773, 0.00147178140469, 0.00101323146373, -0.00133773265406], [0.000524949049577, -0.00101202819496, 0.00123050180264, -0.00258653890342, 0.00756126828492, -0.00305988569744, -0.00168303772807, 0.000278776395135, -0.000638472731225, 0.000905932160094, 0.00125588162336, -0.00117364048492, 0.00195894436911], [-0.000595967518166, 0.00123855145648, -0.00228035240434, -0.000333141797455, -0.00305988569744, 0.0135964043438, -0.00519158458337, -0.00304002920166, 0.00473824702203, -0.00262805889361, -0.00170128163882, 2.91408141493e-05, 0.000317734346027], [0.000467157486128, -0.000263890600763, 0.000392508634832, -0.000424323254265, -0.00168303772807, -0.00519158458337, 0.0179433971643, -0.00273124943487, -0.00612803502008, 0.00396887864918, -0.00108377297875, 0.0016051895218, -0.00221644644625], [-9.1204943601e-05, -9.07980065676e-05, 0.000187609242857, 0.000161605174071, 0.000278776395135, -0.00304002920166, -0.00273124943487, 0.016800859943, -0.006158715114, -0.00286722998135, 0.00395136047155, -0.00342946616001, 0.00281209638342], [0.000135568276164, 0.000655077805277, 2.22443559323e-05, -0.000116352071927, -0.000638472731225, 0.00473824702203, -0.00612803502008, -0.006158715114, 0.0236764252186, -0.0100495293736, -0.00290834298357, 0.0058900010772, -0.00292787910439], [4.31518492405e-05, 0.000231658195844, 0.00110659806523, -0.000797451473773, 0.000905932160094, -0.00262805889361, 0.00396887864918, -0.00286722998135, -0.0100495293736, 0.0260624270886, -0.00711641926318, -0.00145787873771, 0.00142335414421], [0.000439997413196, -0.00124199397396, 0.000675119226798, 0.00147178140469, 0.00125588162336, -0.00170128163882, -0.00108377297875, 0.00395136047155, -0.00290834298357, -0.00711641926318, 0.0237488802522, -0.0115428557619, 0.00266120000742], [-0.000240038527409, 0.00178685062565, -0.000738876871765, 0.00101323146373, -0.00117364048492, 2.91408141493e-05, 0.0016051895218, -0.00342946616001, 0.0058900010772, -0.00145787873771, -0.0115428557619, 0.0301961507648, -0.0116341328248], [0.000517909473274, -0.000529509678017, 0.0026013974566, -0.00133773265406, 0.00195894436911, 0.000317734346027, -0.00221644644625, 0.00281209638342, -0.00292787910439, 0.00142335414421, 0.00266120000742, -0.0116341328248, 0.0232249777764]]
    },
    "melbands": {
        "mean": [0.000221679729293, 0.00187345349696, 0.00123323127627, 0.000423594348831, 0.0003081143077, 0.000232659789617, 0.000138795978273, 0.000137871975312, 0.000137284310767, 0.00012243326637, 7.04583435436e-05, 4.38876268163e-05, 4.80494963995e-05, 4.74807820865e-05, 7.3242423241e-05, 5.18168490089e-05, 6.15897224634e-05, 3.24543179886e-05, 4.7892513976e-05, 4.28849998571e-05, 3.55275406037e-05, 5.04235831613e-05, 2.90816969937e-05, 2.02984410862e-05, 1.21265293274e-05, 5.94494667894e-06, 7.77990135248e-06, 6.31322654954e-06, 6.35253991277e-06, 5.56666145712e-06, 3.0919470646e-06, 1.95958705262e-06, 1.08246172204e-06, 8.49141542858e-07, 5.71602299715e-07, 4.5752435085e-07, 4.77752166717e-07, 4.23518059733e-07, 3.54175483608e-07, 2.69622148608e-07],
        "stdev": [0.000322939304169, 0.00288109108806, 0.00160037737805, 0.000667172891553, 0.00051172892563, 0.000320189050399, 0.000292859302135, 0.000306043599267, 0.00022014087881, 0.000242487934884, 0.000160941519425, 9.80981130851e-05, 8.52173616295e-05, 8.69148716447e-05, 0.000207099772524, 0.000168405822478, 0.000151473213919, 7.5839816418e-05, 0.000131076449179, 0.000104975813883, 6.63041355438e-05, 9.31795730139e-05, 5.27384436282e-05, 3.9679078327e-05, 3.52008682967e-05, 1.61361967912e-05, 1.54726858455e-05, 1.22849050967e-05, 1.11343488243e-05, 1.12667212306e-05, 4.98598592458e-06, 3.21902962241e-06, 1.74438241629e-06, 1.37358051688e-06, 9.94505057861e-07, 7.55389635287e-07, 7.70994176946e-07, 6.88363172685e-07, 5.64952870263e-07, 4.18197373619e-07]
    },
    "melbands128": {
        "mean": [8.06248135632e-06, 3.96091127186e-05, 0.000189769940334, 0.000783420051448, 0.00222359388135, 0.0024852133356, 0.0015827139141, 0.000841464789119, 0.000570918607991, 0.000447585916845, 0.000340067344951, 0.00023218865681, 0.000354857300408, 0.000368468055967, 0.000223449547775, 0.00018136385188, 0.000139417752507, 0.000122486293549, 0.000182009316632, 0.000131583932671, 0.00016469079128, 6.69755172567e-05, 0.000141666954733, 0.000221554524614, 0.00011941921548, 0.000110870743811, 6.67194690323e-05, 8.33227895782e-05, 5.33654165338e-05, 3.27987836499e-05, 4.96963548358e-05, 4.87710458401e-05, 3.06541260215e-05, 7.55575820222e-05, 3.74214650947e-05, 3.82931430067e-05, 5.2286832215e-05, 0.000117087256513, 4.67708705401e-05, 3.92097281292e-05, 7.21916294424e-05, 3.86433493986e-05, 6.34476236883e-05, 8.1828526163e-05, 2.82284345303e-05, 2.6270710805e-05, 2.81815227936e-05, 6.74723632983e-05, 4.62729585706e-05, 2.19065623241e-05, 5.73610741412e-05, 4.63063297502e-05, 3.13167474815e-05, 3.43461761076e-05, 3.78143995476e-05, 6.48361892672e-05, 4.70169361506e-05, 2.77889448626e-05, 2.28056269407e-05, 3.19463324558e-05, 1.64539869729e-05, 1.23917589008e-05, 2.42284368142e-05, 6.16823581367e-06, 5.42264933756e-06, 5.24016149939e-06, 6.01337296757e-06, 9.71336976363e-06, 7.57841189625e-06, 6.40639609628e-06, 4.58303657069e-06, 8.52503762871e-06, 6.57711825625e-06, 5.50596314497e-06, 5.58120655114e-06, 7.27718907001e-06, 4.58586646346e-06, 4.23018991569e-06, 2.72831243819e-06, 2.1283467504e-06, 2.19542948798e-06, 1.87410432773e-06, 1.36746325552e-06, 8.49807577197e-07, 1.05362175873e-06, 8.82444396666e-07, 7.60879629524e-07, 8.13538235889e-07, 5.32613512405e-07, 4.07896493471e-07, 5.12267547492e-07, 4.32154706687e-07, 4.53310008197e-07, 5.1165267223e-07, 4.93209711294e-07, 3.78412124746e-07, 4.67929510251e-07, 3.75327090296e-07, 3.57470611334e-07, 3.41360902212e-07, 3.18868558224e-07, 2.47536576126e-07, 2.31408634477e-07, 1.69765243641e-07, 1.55719774853e-07, 1.05710313392e-07, 9.07997304012e-08, 7.83216123068e-08, 6.5085387746e-08, 5.72827083545e-08, 4.85305378106e-08, 3.92276646721e-08, 3.84672880216e-08, 3.94056094422e-08, 4.54494966107e-08, 4.1079172064e-08, 3.9016541109e-08, 1.84572339634e-08, 1.14153886344e-08, 1.13580718164e-08, 9.60325596822e-09, 5.71542013716e-09, 3.45693895731e-09, 1.32860233926e-09, 4.5365520368e-11, 2.5223733692e-12, 2.50364334299e-12, 2.48165116928e-12],
        "stdev": [1.19124861158e-05, 0.000104826889583, 0.000388862361433, 0.00119986676145, 0.00376681424677, 0.00419307034463, 0.00257245567627, 0.00144316640217, 0.00104355649091, 0.000879640167113, 0.00086759502301, 0.000581778469495, 0.00077634176705, 0.00066579610575, 0.000397997151595, 0.000417595234467, 0.000388858112274, 0.000301897322061, 0.000653181690723, 0.000324584136251, 0.000496511987876, 0.000173347012606, 0.000271400320344, 0.000481997907627, 0.000425129546784, 0.000290212017717, 0.000214477491681, 0.000248621276114, 0.000211741047679, 0.000115213915706, 0.000131995591801, 0.000122011719213, 6.97759824106e-05, 0.000186202902114, 0.000139706738992, 0.000106636442069, 0.000147726663272, 0.000431368913269, 0.000147818995174, 0.000147996004671, 0.00031776560354, 0.000256076309597, 0.00017316400772, 0.000243144953856, 0.000118378957268, 9.42134865909e-05, 7.89006298874e-05, 0.000193323881831, 0.000184886404895, 0.000121719327581, 0.000188750243979, 0.000125389400637, 0.000106808663986, 0.000107132495032, 0.000115046706924, 0.000154072971782, 0.000125116610434, 9.88871615846e-05, 5.35132239747e-05, 9.35014759307e-05, 5.61755514354e-05, 4.0942508349e-05, 9.49957902776e-05, 1.84975469892e-05, 3.04915338347e-05, 2.05378855753e-05, 1.84097189049e-05, 2.85431742668e-05, 1.80193783308e-05, 2.13616403926e-05, 9.00831855688e-06, 2.84321613435e-05, 1.32732939164e-05, 1.40429656312e-05, 1.28069177663e-05, 2.34639628616e-05, 1.28199408209e-05, 8.78128048498e-06, 6.1989153437e-06, 4.29098417953e-06, 4.47626780442e-06, 4.03847252528e-06, 3.03515730593e-06, 1.54088218096e-06, 2.22619519263e-06, 1.48095682562e-06, 1.66660208833e-06, 1.57981833127e-06, 1.1596054037e-06, 8.27419285088e-07, 9.28240751819e-07, 9.05239062376e-07, 7.22475192561e-07, 8.97668542166e-07, 9.82165829555e-07, 7.55175392442e-07, 8.35460184589e-07, 6.24037056696e-07, 6.59681575144e-07, 6.25634527296e-07, 5.47224317415e-07, 4.32565144592e-07, 3.86151356224e-07, 3.09869477633e-07, 3.11093344862e-07, 1.90770009567e-07, 2.06373712786e-07, 1.65758024195e-07, 1.52017662458e-07, 1.39212659178e-07, 1.12049100665e-07, 9.55256851398e-08, 9.63546895605e-08, 9.553491509e-08, 7.85312650464e-08, 7.70563062247e-08, 7.61251399695e-08, 6.16666255837e-08, 5.32147872434e-08, 5.42780362878e-08, 5.17096374608e-08, 3.05872731587e-08, 2.11308570641e-08, 1.03081472247e-08, 4.52034409903e-10, 4.20238800355e-12, 4.16485292434e-12, 4.13996224455e-12]
    },
    "mfcc": {
        "mean": [-669.922241211, 109.993255615, -9.856590271, 28.7891921997, 9.09382343292, 5.89972257614, -0.135651394725, -1.6142591238, 2.9806060791, -4.96850013733, -3.33217310905, 2.00658679008, -6.39530992508],
        "cov": [[10357.9892578, 1202.06335449, -777.085021973, 287.607788086, -14.3316888809, 29.5549526215, -126.746940613, -103.488021851, 20.3875408173, -135.824996948, -123.964904785, 42.7247962952, -107.562606812], [1202.06335449, 859.848876953, -37.2480888367, 36.570892334, 21.8396892548, -22.5423488617, -1.46112191677, -32.1120796204, -30.8890075684, -27.9381370544, -11.9537391663, -8.15669631958, -18.9620857239], [-777.085021973, -37.2480888367, 987.651977539, 94.6163711548, 154.055755615, 140.606994629, 129.694656372, 112.131965637, -21.1023674011, 55.5633163452, 65.5129165649, -92.713180542, -9.13174629211], [287.607788086, 36.570892334, 94.6163711548, 207.602905273, 91.1817932129, 62.9422073364, 33.7160797119, 29.9342021942, 46.9990844727, 1.30266344547, -4.51918935776, 17.4049186707, -10.9503889084], [-14.3316888809, 21.8396892548, 154.055755615, 91.1817932129, 166.929672241, 79.7330169678, 70.347869873, 52.267791748, 29.2996692657, 11.2392921448, 8.08455085754, -1.74005949497, 4.69680690765], [29.5549526215, -22.5423488617, 140.606994629, 62.9422073364, 79.7330169678, 124.958999634, 68.8211364746, 43.7552566528, 23.5114841461, 11.3421278, 0.0918249487877, -2.95324921608, 9.3197221756], [-126.746940613, -1.46112191677, 129.694656372, 33.7160797119, 70.347869873, 68.8211364746, 104.29826355, 57.3224563599, 16.6615619659, 15.0769538879, 7.79650211334, -7.42979049683, 9.43173599243], [-103.488021851, -32.1120796204, 112.131965637, 29.9342021942, 52.267791748, 43.7552566528, 57.3224563599, 87.0689239502, 31.6172428131, 15.5723819733, 10.7768764496, -3.13833212852, 7.74976301193], [20.3875408173, -30.8890075684, -21.1023674011, 46.9990844727, 29.2996692657, 23.5114841461, 16.6615619659, 31.6172428131, 93.8906707764, 27.0297374725, 2.18721961975, 24.7671871185, -3.02480840683], [-135.824996948, -27.9381370544, 55.5633163452, 1.30266344547, 11.2392921448, 11.3421278, 15.0769538879, 15.5723819733, 27.0297374725, 65.8020629883, 33.4875450134, 2.13869690895, 6.72105407715], [-123.964904785, -11.9537391663, 65.5129165649, -4.51918935776, 8.08455085754, 0.0918249487877, 7.79650211334, 10.7768764496, 2.18721961975, 33.4875450134, 69.6926498413, 18.9708251953, 5.57405471802], [42.7247962952, -8.15669631958, -92.713180542, 17.4049186707, -1.74005949497, -2.95324921608, -7.42979049683, -3.13833212852, 24.7671871185, 2.13869690895, 18.9708251953, 77.2014007568, 29.149848938], [-107.562606812, -18.9620857239, -9.13174629211, -10.9503889084, 4.69680690765, 9.3197221756, 9.43173599243, 7.74976301193, -3.02480840683, 6.72105407715, 5.57405471802, 29.149848938, 71.0091247559]],
        "icov": [[0.000138052913826, -0.000183710712008, 0.000133870198624, -0.000199482412427, 7.32424450689e-05, -0.000275735132163, 0.000225150637561, -0.000102171601611, 5.12085644004e-05, 7.00406671967e-05, -1.84079704013e-06, 4.99189227412e-05, 0.000134308749693], [-0.000183710712008, 0.00149361474905, -0.000112409521535, -7.31666659703e-05, -0.000437239505118, 0.000856143480632, -0.000766396231484, 0.000696129282005, 0.000313960044878, 0.000178683971171, -4.33153254562e-05, 1.11099288915e-05, 3.25096661982e-05], [0.000133870198624, -0.000112409521535, 0.00201297458261, -0.000876640551724, -0.000374035851564, -0.00127423950471, -4.13052948716e-05, -0.0012626129901, 0.00113528128713, -0.000344753090758, -0.00205916911364, 0.00264832866378, -0.000212819912122], [-0.000199482412427, -7.31666659703e-05, -0.000876640551724, 0.00814726948738, -0.00322744832374, -0.00149482069537, 0.000886922760401, 0.000450285122497, -0.00251960312016, 0.000734942615964, 0.00162583566271, -0.00320916925557, 0.00207754783332], [7.32424450689e-05, -0.000437239505118, -0.000374035851564, -0.00322744832374, 0.0115884914994, -0.00299936183728, -0.00327423494309, -0.00137628952507, -0.000937331991736, 0.000983948004432, -0.00116663891822, 0.000794125895482, -0.000706845021341], [-0.000275735132163, 0.000856143480632, -0.00127423950471, -0.00149482069537, -0.00299936183728, 0.0164494812489, -0.00739516364411, 0.000876564590726, -0.00115778460167, -0.000471170758829, 0.00234405254014, -0.000661642465275, -0.00157451513223], [0.000225150637561, -0.000766396231484, -4.13052948716e-05, 0.000886922760401, -0.00327423494309, -0.00739516364411, 0.0218012537807, -0.00925213750452, 0.00171053479426, -0.00170279492158, 0.000418423936935, 0.000464547221782, -0.000420472526457], [-0.000102171601611, 0.000696129282005, -0.0012626129901, 0.000450285122497, -0.00137628952507, 0.000876564590726, -0.00925213750452, 0.0224383473396, -0.00738718314096, 0.00258320616558, -0.00259373593144, 0.00248463219032, -0.00268131564371], [5.12085644004e-05, 0.000313960044878, 0.00113528128713, -0.00251960312016, -0.000937331991736, -0.00115778460167, 0.00171053479426, -0.00738718314096, 0.0202785804868, -0.0107667446136, 0.00627290038392, -0.00805614236742, 0.00540942838416], [7.00406671967e-05, 0.000178683971171, -0.000344753090758, 0.000734942615964, 0.000983948004432, -0.000471170758829, -0.00170279492158, 0.00258320616558, -0.0107667446136, 0.0272720083594, -0.0141753666103, 0.0073295305483, -0.00477223005146], [-1.84079704013e-06, -4.33153254562e-05, -0.00205916911364, 0.00162583566271, -0.00116663891822, 0.00234405254014, 0.000418423936935, -0.00259373593144, 0.00627290038392, -0.0141753666103, 0.0265814401209, -0.0127860549837, 0.00473968917504], [4.99189227412e-05, 1.11099288915e-05, 0.00264832866378, -0.00320916925557, 0.000794125895482, -0.000661642465275, 0.000464547221782, 0.00248463219032, -0.00805614236742, 0.0073295305483, -0.0127860549837, 0.0268002618104, -0.0114092649892], [0.000134308749693, 3.25096661982e-05, -0.000212819912122, 0.00207754783332, -0.000706845021341, -0.00157451513223, -0.000420472526457, -0.00268131564371, 0.00540942838416, -0.00477223005146, 0.00473968917504, -0.0114092649892, 0.0201833900064]]
    },
    "spectral_contrast_coeffs": {
        "mean": [-0.670860588551, -0.748479545116, -0.750389516354, -0.755953550339, -0.771650612354, -0.768875181675],
        "stdev": [0.0853655338287, 0.0817999914289, 0.0786956176162, 0.0805992037058, 0.0711783021688, 0.0467210263014]
    },
    "spectral_contrast_valleys": {
        "mean": [-7.48199462891, -7.54690980911, -8.27164649963, -8.34572505951, -8.14970302582, -10.6979017258],
        "stdev": [2.76029968262, 2.72521948814, 2.61875987053, 2.59915971756, 2.60585999489, 2.31821393967]
    }
},
"rhythm": {
    "beats_count": 317,
    "beats_loudness": {
        "mean": 0.0281145237386,
        "stdev": 0.0171777736396
    },
    "bpm": 103.53061676,
    "bpm_histogram_first_peak_bpm": 103,
    "bpm_histogram_first_peak_weight": 0.501754403114,
    "bpm_histogram_second_peak_bpm": 108,
    "bpm_histogram_second_peak_spread": 0.142857193947,
    "bpm_histogram_second_peak_weight": 0.0759493634105,
    "danceability": 1.10528707504,
    "onset_rate": 3.59744524956,
    "beats_loudness_band_ratio": {
        "mean": [0.531839907169, 0.138787969947, 0.114110469818, 0.0826365202665, 0.115811683238, 0.043515637517],
        "stdev": [0.297903209925, 0.124614521861, 0.116164207458, 0.0799690186977, 0.121832258999, 0.0430720597506]
    },
    "beats_position": [0.592108845711, 1.19582760334, 1.79954648018, 2.41487526894, 3.01859402657, 3.59909296036, 4.17959165573, 4.76009082794, 5.34058952332, 5.92108821869, 6.5015873909, 7.08208608627, 7.66258478165, 8.24308395386, 8.83519268036, 9.41569137573, 10.0078001022, 10.5882987976, 11.1687984467, 11.749297142, 12.3297958374, 12.9102945328, 13.4907932281, 14.0712919235, 14.6517915726, 15.2322902679, 15.8127889633, 16.3932876587, 16.9853973389, 17.5775051117, 18.1580047607, 18.7385025024, 19.3190021515, 19.8878898621, 20.45677948, 21.037279129, 21.6177768707, 22.1982765198, 22.7787742615, 23.3592739105, 23.9397735596, 24.5202713013, 25.1007709503, 25.681268692, 26.2617683411, 26.8422679901, 27.4227657318, 28.0032653809, 28.5837631226, 29.1642627716, 29.7447605133, 30.3252601624, 30.9057598114, 31.4862575531, 32.0667572021, 32.6472549438, 33.2277526855, 33.8082542419, 34.3887519836, 34.9576416016, 35.5381393433, 36.1070289612, 36.6759185791, 37.244808197, 37.8253059387, 38.4058036804, 38.9863014221, 39.5668029785, 40.1473007202, 40.7277984619, 41.3083000183, 41.88879776, 42.4692955017, 43.0381851196, 43.6070747375, 44.1759643555, 44.7564620972, 45.3369598389, 45.929069519, 46.5095672607, 47.1016769409, 47.6821746826, 48.2510643005, 48.8315620422, 49.4120635986, 49.9925613403, 50.573059082, 51.1535606384, 51.7340583801, 52.3261680603, 52.9182739258, 53.4987754822, 54.0792732239, 54.6597709656, 55.240272522, 55.8207702637, 56.3896598816, 56.9585494995, 57.515827179, 58.0847167969, 58.6536026001, 59.222492218, 59.7913818359, 60.3718795776, 60.9407691956, 61.5096588135, 62.0785484314, 62.6474380493, 63.2163238525, 63.7968254089, 64.3657150269, 64.9346008301, 65.5034942627, 66.0839920044, 66.6412658691, 67.2101593018, 67.779045105, 68.3363265991, 68.8936004639, 69.4624938965, 70.0313796997, 70.6002731323, 71.1691589355, 71.7264404297, 72.2837142944, 72.8409957886, 73.3982772827, 73.9555511475, 74.5244445801, 75.0933303833, 75.673828125, 76.2427215576, 76.8116073608, 77.3921051025, 77.9726028442, 78.5531082153, 79.1219940186, 79.6908798218, 80.2481613159, 80.8054428101, 81.3627166748, 81.9199981689, 82.4772796631, 83.0345535278, 83.591835022, 84.1491165161, 84.6947860718, 85.263671875, 85.8325576782, 86.4014511108, 86.9587249756, 87.5160064697, 88.0732879639, 88.6305618286, 89.1878433228, 89.7567367554, 90.3256225586, 90.8945083618, 91.451789856, 92.0206756592, 92.6011810303, 93.181678772, 93.7621765137, 94.3542861938, 94.946395874, 95.5268936157, 96.1073913574, 96.6995010376, 97.2916107178, 97.8721084595, 98.4526062012, 99.0331039429, 99.6136016846, 100.194099426, 100.786209106, 101.366706848, 101.958816528, 102.53931427, 103.143035889, 103.735145569, 104.304031372, 104.872924805, 105.441810608, 106.010704041, 106.579589844, 107.148475647, 107.71736908, 108.286254883, 108.855148315, 109.424034119, 109.992919922, 110.561813354, 111.130699158, 111.711196899, 112.280090332, 112.860588074, 113.452697754, 114.056411743, 114.660133362, 115.252243042, 115.844352722, 116.424850464, 117.005348206, 117.585845947, 118.166343689, 118.758453369, 119.350563049, 119.942672729, 120.53478241, 121.12689209, 121.71900177, 122.287887573, 122.868385315, 123.448883057, 124.029388428, 124.621498108, 125.20199585, 125.782493591, 126.362991333, 126.943489075, 127.523986816, 128.104492188, 128.6849823, 129.265487671, 129.845977783, 130.426483154, 131.006988525, 131.587478638, 132.167984009, 132.76008606, 133.352203369, 133.932693481, 134.524810791, 135.105300903, 135.685806274, 136.266296387, 136.846801758, 137.438903809, 138.01940918, 138.61151123, 139.20362854, 139.784118652, 140.364624023, 140.945129395, 141.525619507, 142.106124878, 142.68661499, 143.267120361, 143.847610474, 144.428115845, 145.020217896, 145.612335205, 146.192825317, 146.773330688, 147.365432739, 147.957550049, 148.5496521, 149.141769409, 149.722259521, 150.302764893, 150.883255005, 151.463760376, 152.044265747, 152.636367798, 153.228485107, 153.832199097, 154.424301147, 155.016418457, 155.596908569, 156.189025879, 156.78112793, 157.373245239, 157.96534729, 158.5574646, 159.137954712, 159.730072021, 160.322174072, 160.914276123, 161.494781494, 162.075286865, 162.667388916, 163.259490967, 163.863220215, 164.466934204, 165.059051514, 165.651153564, 166.243255615, 166.846984863, 167.450698853, 168.042816162, 168.634918213, 169.227020264, 169.877182007, 170.538955688, 171.131057739, 171.723175049, 172.3152771, 172.895782471, 173.487884521, 174.056777954, 174.625671387, 175.182937622, 175.751831055, 176.320724487, 176.88961792, 177.470108032, 178.039001465, 178.584671021, 179.130340576, 179.676010132, 180.279724121, 180.88343811, 181.47555542, 182.067657471, 182.65977478, 183.251876831, 183.843994141],
    "bpm_histogram": [0, 0, 0, 0, 0, 0, 0, 0, 0, 0, 0, 0, 0, 0, 0, 0, 0, 0, 0, 0, 0, 0, 0, 0, 0, 0, 0, 0, 0, 0, 0, 0, 0, 0, 0, 0, 0, 0, 0, 0, 0, 0, 0, 0, 0, 0, 0, 0, 0, 0, 0, 0, 0, 0, 0, 0, 0, 0, 0, 0, 0, 0, 0, 0, 0, 0, 0, 0, 0, 0, 0, 0, 0, 0, 0, 0, 0, 0, 0, 0, 0, 0, 0, 0, 0, 0, 0, 0, 0, 0, 0, 0.0031645570416, 0.0031645570416, 0, 0, 0, 0, 0, 0.0031645570416, 0.041139241308, 0, 0.208860754967, 0, 0.449367076159, 0, 0.202531650662, 0, 0, 0.0759493634105, 0, 0.0126582281664, 0, 0, 0, 0, 0, 0, 0, 0, 0, 0, 0, 0, 0, 0, 0, 0, 0, 0, 0, 0, 0, 0, 0, 0, 0, 0, 0, 0, 0, 0, 0, 0, 0, 0, 0, 0, 0, 0, 0, 0, 0, 0, 0, 0, 0, 0, 0, 0, 0, 0, 0, 0, 0, 0, 0, 0, 0, 0, 0, 0, 0, 0, 0, 0, 0, 0, 0, 0, 0, 0, 0, 0, 0, 0, 0, 0, 0, 0, 0, 0, 0, 0, 0, 0, 0, 0, 0, 0, 0, 0, 0, 0, 0, 0, 0, 0, 0, 0, 0, 0, 0, 0, 0, 0, 0, 0, 0, 0, 0, 0, 0, 0, 0, 0, 0, 0, 0, 0, 0, 0, 0, 0, 0, 0, 0, 0, 0, 0, 0, 0, 0, 0, 0, 0, 0, 0, 0, 0, 0]
},
"tonal": {
    "chords_changes_rate": 0.084004022181,
    "chords_number_rate": 0.00377263571136,
    "chords_strength": {
        "mean": 0.471961468458,
        "stdev": 0.170952618122
    },
    "hpcp_crest": {
        "mean": 14.4601840973,
        "stdev": 7.50977134705
    },
    "hpcp_entropy": {
        "mean": 1.82678353786,
        "stdev": 0.796049237251
    },
    "key_edma": {
        "strength": 0.744914054871,
        "key": "D#",
        "scale": "major"
    },
    "key_krumhansl": {
        "strength": 0.757545232773,
        "key": "D#",
        "scale": "major"
    },
    "key_temperley": {
        "strength": 0.769952714443,
        "key": "D#",
        "scale": "major"
    },
    "tuning_diatonic_strength": 0.581007838249,
    "tuning_equal_tempered_deviation": 0.0568362250924,
    "tuning_frequency": 441.527557373,
    "tuning_nontempered_energy_ratio": 0.738834261894,
    "hpcp": {
        "mean": [0.111455053091, 0.0822558775544, 0.137335553765, 0.209350436926, 0.14688500762, 0.0603851601481, 0.0441234633327, 0.058152589947, 0.159056633711, 0.192361861467, 0.0867320746183, 0.0456789694726, 0.0629842653871, 0.052969943732, 0.0762217119336, 0.114846013486, 0.0972828492522, 0.151054650545, 0.263504713774, 0.193160206079, 0.0810185074806, 0.0673196464777, 0.0615706220269, 0.114936240017, 0.166399151087, 0.111631169915, 0.0583880282938, 0.0628858208656, 0.0667962804437, 0.157654985785, 0.202129855752, 0.112691350281, 0.084702603519, 0.114339388907, 0.116610534489, 0.121523067355],
        "stdev": [0.229134187102, 0.189295172691, 0.247371897101, 0.316429466009, 0.256916761398, 0.158361256123, 0.128245458007, 0.158521354198, 0.2716781497, 0.302245080471, 0.160907492042, 0.11901243031, 0.173084437847, 0.14861638844, 0.165359154344, 0.243090644479, 0.202438369393, 0.229827433825, 0.344337195158, 0.279988974333, 0.168463632464, 0.174148693681, 0.147050142288, 0.206539943814, 0.266331583261, 0.204537630081, 0.145070746541, 0.176393389702, 0.149604856968, 0.273091882467, 0.308671623468, 0.208171799779, 0.191224172711, 0.24513797462, 0.242496341467, 0.24643021822]
    },
    "chords_histogram": [21.956741333, 2.54024147987, 4.37625741959, 1.96177065372, 6.08651924133, 0.0754527151585, 4.47686100006, 0.729376256466, 0.653923511505, 1.13179075718, 0.528169035912, 0, 1.45875251293, 0.880281686783, 1.28269612789, 1.35814893246, 0.427565395832, 6.21227359772, 0.125754520297, 1.50905430317, 0.93058347702, 3.94869208336, 12.9024143219, 24.446680069],
    "thpcp": [1, 0.73304271698, 0.307465106249, 0.255477964878, 0.233660414815, 0.43618285656, 0.631484508514, 0.42364013195, 0.221582487226, 0.23865160346, 0.253491789103, 0.598300457001, 0.767082512379, 0.427663505077, 0.321446269751, 0.433917820454, 0.4425368011, 0.461179852486, 0.422971755266, 0.312160938978, 0.52118819952, 0.794484615326, 0.557428359985, 0.229161590338, 0.167448475957, 0.220688998699, 0.60361969471, 0.730012953281, 0.329148083925, 0.173351615667, 0.239025190473, 0.201020851731, 0.28926128149, 0.435840457678, 0.369188278913, 0.57325220108],
    "chords_key": "C",
    "chords_scale": "minor"
}
}