{
"metadata": {
    "version": {
        "essentia": "2.1-dev",
        "essentia_git_sha": "v2.1_beta3-415-gd5473f3",
        "extractor": "music 2.0"
    },
    "audio_properties": {
        "analysis": {
            "equal_loudness": 0,
            "length": 188.786941528,
            "sample_rate": 44100,
            "start_time": 0,
            "downmix": "mix"
        },
        "bit_rate": 192000,
        "length": 188.786941528,
        "lossless": 0,
        "number_channels": 2,
        "replay_gain": -7.0498008728,
        "sample_rate": 44100,
        "codec": "mp3",
        "md5_encoded": "f754517d1e7c7fdfc9a993ff0855e22e"
    },
    "tags": {
        "file_name": "bjarne_nerem-soon-fuf.mp3",
        "album": ["How Long Has This Been Going O"],
        "artist": ["Bjarne Nerem"],
        "date": ["2000"],
        "genre": ["Other"],
        "title": ["Soon"]
    }
},
"lowlevel": {
    "average_loudness": 0.945439875126,
    "barkbands_crest": {
        "mean": 10.0461139679,
        "stdev": 4.03133106232
    },
    "barkbands_flatness_db": {
        "mean": 0.168738618493,
        "stdev": 0.0593492649496
    },
    "barkbands_kurtosis": {
        "mean": 22.2814426422,
        "stdev": 356.745880127
    },
    "barkbands_skewness": {
        "mean": 1.88453924656,
        "stdev": 4.03567266464
    },
    "barkbands_spread": {
        "mean": 16.9138202667,
        "stdev": 10.5757923126
    },
    "dissonance": {
        "mean": 0.443502634764,
        "stdev": 0.0370567888021
    },
    "dynamic_complexity": 2.87006878853,
    "erbbands_crest": {
        "mean": 10.1765623093,
        "stdev": 5.86868524551
    },
    "erbbands_flatness_db": {
        "mean": 0.184562459588,
        "stdev": 0.0542975142598
    },
    "erbbands_kurtosis": {
        "mean": 0.832411706448,
        "stdev": 4.60226964951
    },
    "erbbands_skewness": {
        "mean": 0.44165751338,
        "stdev": 0.832148432732
    },
    "erbbands_spread": {
        "mean": 36.5978126526,
        "stdev": 19.709154129
    },
    "hfc": {
        "mean": 17.7530002594,
        "stdev": 16.3532772064
    },
    "loudness_ebu128": {
        "integrated": -16.9565868378,
        "loudness_range": 3.03774356842,
        "momentary": {
            "mean": -19.0964794159,
            "stdev": 10.5626373291
        },
        "short_term": {
            "mean": -17.8555278778,
            "stdev": 6.32520008087
        }
    },
    "melbands_crest": {
        "mean": 14.4479856491,
        "stdev": 5.68393850327
    },
    "melbands_flatness_db": {
        "mean": 0.234434872866,
        "stdev": 0.0744584649801
    },
    "melbands_kurtosis": {
        "mean": 42.328086853,
        "stdev": 627.081481934
    },
    "melbands_skewness": {
        "mean": 2.86248731613,
        "stdev": 5.08236932755
    },
    "melbands_spread": {
        "mean": 19.1601467133,
        "stdev": 15.3208446503
    },
    "pitch_salience": {
        "mean": 0.54677271843,
        "stdev": 0.124598838389
    },
    "silence_rate_20dB": {
        "mean": 1,
        "stdev": 0
    },
    "silence_rate_30dB": {
        "mean": 1,
        "stdev": 0
    },
    "silence_rate_60dB": {
        "mean": 0.0466060005128,
        "stdev": 0.2107950598
    },
    "spectral_centroid": {
        "mean": 1136.45666504,
        "stdev": 708.270629883
    },
    "spectral_complexity": {
        "mean": 15.1433839798,
        "stdev": 8.00089359283
    },
    "spectral_decrease": {
        "mean": -6.10521677658e-09,
        "stdev": 3.71894470774e-09
    },
    "spectral_energy": {
        "mean": 0.0246526878327,
        "stdev": 0.0151312723756
    },
    "spectral_energyband_high": {
        "mean": 0.000799286237452,
        "stdev": 0.00126643083058
    },
    "spectral_energyband_low": {
        "mean": 0.0067005995661,
        "stdev": 0.00672598183155
    },
    "spectral_energyband_middle_high": {
        "mean": 0.00448815245181,
        "stdev": 0.00466840853915
    },
    "spectral_energyband_middle_low": {
        "mean": 0.0142457047477,
        "stdev": 0.010414688848
    },
    "spectral_entropy": {
        "mean": 7.16290664673,
        "stdev": 0.52960473299
    },
    "spectral_flux": {
        "mean": 0.0713809505105,
        "stdev": 0.043096780777
    },
    "spectral_kurtosis": {
        "mean": 5.55839157104,
        "stdev": 5.93596839905
    },
    "spectral_rms": {
        "mean": 0.00460835639387,
        "stdev": 0.0016776714474
    },
    "spectral_rolloff": {
        "mean": 1210.84033203,
        "stdev": 1597.00354004
    },
    "spectral_skewness": {
        "mean": 1.58147203922,
        "stdev": 0.761360645294
    },
    "spectral_spread": {
        "mean": 3924274.25,
        "stdev": 1588006.75
    },
    "spectral_strongpeak": {
        "mean": 1.08333194256,
        "stdev": 1.15774929523
    },
    "zerocrossingrate": {
        "mean": 0.044249497354,
        "stdev": 0.0411089360714
    },
    "barkbands": {
        "mean": [0.000109100597911, 0.00223970366642, 0.00289633031934, 0.00251583079807, 0.00335235032253, 0.00253338157199, 0.00117392186075, 0.0027700853534, 0.00157829956152, 0.00062187196454, 0.000653568306006, 0.000738259579521, 0.000472843035823, 0.000328570517013, 0.000341121893143, 0.000442628603196, 0.000472211744636, 0.000308721442707, 0.000141354394145, 0.000399082986405, 0.000386275583878, 7.64980868553e-05, 4.82617906528e-05, 2.95785048365e-05, 1.19482474474e-05, 1.01662490124e-05, 8.02840020242e-07],
        "stdev": [0.00012696221529, 0.00297234393656, 0.00385120557621, 0.00355521775782, 0.00393483834341, 0.00305278645828, 0.00159784720745, 0.0053757885471, 0.00391513807699, 0.00142822391354, 0.00171552202664, 0.00135010574013, 0.00116367789451, 0.000717403891031, 0.00051145121688, 0.000703623984009, 0.000782780291047, 0.000515025632922, 0.000279900705209, 0.000730185711291, 0.000711307977326, 0.000140785152325, 9.27636065171e-05, 6.73130634823e-05, 3.06239417114e-05, 3.21976476698e-05, 3.42200632986e-06]
    },
    "erbbands": {
        "mean": [0.0471455939114, 0.585934937, 2.78580236435, 7.00995731354, 9.18113422394, 10.4576921463, 15.8742399216, 21.8290653229, 17.9605236053, 38.8443450928, 55.9757232666, 41.9571990967, 20.6844234467, 16.4234371185, 30.6923007965, 35.1629600525, 23.2338180542, 18.4764766693, 17.1737747192, 20.0993309021, 25.7414474487, 23.7006816864, 18.9080410004, 6.86373090744, 11.4178380966, 18.4606361389, 20.6951522827, 9.84494495392, 3.04228162766, 2.27640509605, 1.23572278023, 0.736243128777, 0.429002970457, 0.160398393869, 0.0752048566937, 0.0537822023034, 0.0159592926502, 0.00259966170415, 9.95645896182e-05, 3.39994039678e-05],
        "stdev": [0.078968077898, 0.755785107613, 3.54673433304, 9.42228221893, 12.7283554077, 13.7652740479, 19.2052688599, 29.0799350739, 24.5903129578, 71.8368530273, 120.947639465, 94.8086395264, 52.0082855225, 34.4997596741, 76.4984741211, 59.3051948547, 52.9553337097, 39.1638183594, 27.9323101044, 27.0039348602, 39.028717041, 37.0899772644, 28.0270557404, 10.0895280838, 21.5954990387, 33.5317192078, 37.5831184387, 18.1710281372, 5.26050662994, 4.16373300552, 2.50958347321, 1.692060709, 0.989029049873, 0.394066900015, 0.196204006672, 0.166850343347, 0.0504761263728, 0.00916545186192, 0.000369977205992, 3.50835398422e-05]
    },
    "gfcc": {
        "mean": [-47.1086540222, 120.302124023, -125.147651672, 35.4130554199, -59.8046417236, 3.09248542786, -31.4652080536, -3.52270698547, -20.3037548065, 0.16307194531, -16.9928894043, -3.0213394165, -8.78287887573],
        "cov": [[22414.0742188, 1535.87390137, -2594.83496094, 403.018798828, -871.330932617, -537.669799805, -488.409942627, -239.830413818, -405.587615967, 90.5013580322, -309.29385376, -146.658416748, -163.420822144], [1535.87390137, 1808.51501465, -97.0234146118, -314.357543945, 165.343963623, -62.3842582703, 109.985549927, -178.627197266, 88.068069458, -219.902801514, 0.324150890112, -128.259963989, 9.50349330902], [-2594.83496094, -97.0234146118, 1445.19555664, 82.14894104, 117.776580811, 339.388153076, 24.7674560547, 69.1446685791, -27.1698055267, -60.6150665283, -68.0240707397, 86.1968994141, -115.728790283], [403.018798828, -314.357543945, 82.14894104, 388.972503662, 12.9612150192, 19.8093032837, -5.28182077408, 36.4582824707, -29.8851585388, 55.3584671021, -17.669298172, 9.8956785202, -21.5102138519], [-871.330932617, 165.343963623, 117.776580811, 12.9612150192, 242.836624146, 69.9656066895, 74.3723754883, -9.43042945862, 25.1378707886, -17.3595867157, 40.2098464966, 6.08732271194, 6.22853422165], [-537.669799805, -62.3842582703, 339.388153076, 19.8093032837, 69.9656066895, 209.661819458, 43.8953361511, 34.2336082458, -16.2349452972, -9.84282493591, 7.00758647919, 50.9655723572, -18.3974895477], [-488.409942627, 109.985549927, 24.7674560547, -5.28182077408, 74.3723754883, 43.8953361511, 157.105957031, 32.4698295593, 48.4373512268, 2.66576480865, 12.2547912598, -1.40332722664, 34.1900177002], [-239.830413818, -178.627197266, 69.1446685791, 36.4582824707, -9.43042945862, 34.2336082458, 32.4698295593, 111.351547241, 41.8486709595, 47.8870239258, 2.15742754936, 14.8332891464, 13.9021806717], [-405.587615967, 88.068069458, -27.1698055267, -29.8851585388, 25.1378707886, -16.2349452972, 48.4373512268, 41.8486709595, 119.342193604, 31.3309516907, 22.4033508301, -15.2156448364, 16.4065818787], [90.5013580322, -219.902801514, -60.6150665283, 55.3584671021, -17.3595867157, -9.84282493591, 2.66576480865, 47.8870239258, 31.3309516907, 126.690223694, 29.4381446838, 18.9888305664, 7.54427814484], [-309.29385376, 0.324150890112, -68.0240707397, -17.669298172, 40.2098464966, 7.00758647919, 12.2547912598, 2.15742754936, 22.4033508301, 29.4381446838, 102.488479614, 40.2525367737, 31.1841335297], [-146.658416748, -128.259963989, 86.1968994141, 9.8956785202, 6.08732271194, 50.9655723572, -1.40332722664, 14.8332891464, -15.2156448364, 18.9888305664, 40.2525367737, 101.73387146, 19.8983364105], [-163.420822144, 9.50349330902, -115.728790283, -21.5102138519, 6.22853422165, -18.3974895477, 34.1900177002, 13.9021806717, 16.4065818787, 7.54427814484, 31.1841335297, 19.8983364105, 98.6500701904]],
        "icov": [[0.000177979905857, -0.000487228069687, 0.000472725485452, -0.000405265542213, 0.000498974812217, -0.000393301597796, 0.000414950220147, -0.000505266711116, 0.00071050884435, -0.000622906547505, 0.000699733616784, -0.000617175363004, 0.000463280332042], [-0.000487228069687, 0.00246906932443, -0.00134000543039, 0.00157292035874, -0.00169609172735, 0.00121244695038, -0.00174978235736, 0.0029338458553, -0.00308516877703, 0.0030614612624, -0.00216481043026, 0.00251122005284, -0.00129106617533], [0.000472725485452, -0.00134000543039, 0.00265588192269, -0.00122995569836, 0.000971449480858, -0.00286838365719, 0.00150219432544, -0.0019324242603, 0.00140461034607, -0.00102368625812, 0.0029867014382, -0.00269944523461, 0.00236017350107], [-0.000405265542213, 0.00157292035874, -0.00122995569836, 0.00422321399674, -0.00190814060625, 0.00133286253549, -0.00127063971013, 0.000761435076129, -0.000518155749887, 0.000302384840325, -0.00098652264569, 0.00172488694079, -0.000615822384134], [0.000498974812217, -0.00169609172735, 0.000971449480858, -0.00190814060625, 0.00768239796162, -0.00261348928325, -0.00103171728551, 0.0001054741806, 0.00132846215274, -0.00125252292491, -0.000973167363554, -0.000694044923875, 0.00140628183726], [-0.000393301597796, 0.00121244695038, -0.00286838365719, 0.00133286253549, -0.00261348928325, 0.0110573796555, -0.00345027912408, -0.00128642097116, 0.00109935633373, 0.00198666378856, -0.00263296370395, -0.00124520238023, 0.000510231417138], [0.000414950220147, -0.00174978235736, 0.00150219432544, -0.00127063971013, -0.00103171728551, -0.00345027912408, 0.0112744932994, -0.00335135869682, -0.000893461634405, -0.00166929210536, 0.00311187328771, -0.000947867869399, -0.00218860665336], [-0.000505266711116, 0.0029338458553, -0.0019324242603, 0.000761435076129, 0.0001054741806, -0.00128642097116, -0.00335135869682, 0.0186618976295, -0.00845881551504, -0.000821425113827, -0.000217144217459, 0.00212710350752, -0.00382635672577], [0.00071050884435, -0.00308516877703, 0.00140461034607, -0.000518155749887, 0.00132846215274, 0.00109935633373, -0.000893461634405, -0.00845881551504, 0.0177484918386, -0.0059650647454, -0.000137934839586, -1.8875234673e-05, 0.00218369346112], [-0.000622906547505, 0.0030614612624, -0.00102368625812, 0.000302384840325, -0.00125252292491, 0.00198666378856, -0.00166929210536, -0.000821425113827, -0.0059650647454, 0.015966899693, -0.00577082671225, 0.00138750788756, -2.59124681179e-06], [0.000699733616784, -0.00216481043026, 0.0029867014382, -0.00098652264569, -0.000973167363554, -0.00263296370395, 0.00311187328771, -0.000217144217459, -0.000137934839586, -0.00577082671225, 0.0193692147732, -0.00918799638748, -0.000626355060376], [-0.000617175363004, 0.00251122005284, -0.00269944523461, 0.00172488694079, -0.000694044923875, -0.00124520238023, -0.000947867869399, 0.00212710350752, -1.8875234673e-05, 0.00138750788756, -0.00918799638748, 0.018965581432, -0.00523868761957], [0.000463280332042, -0.00129106617533, 0.00236017350107, -0.000615822384134, 0.00140628183726, 0.000510231417138, -0.00218860665336, -0.00382635672577, 0.00218369346112, -2.59124681179e-06, -0.000626355060376, -0.00523868761957, 0.0158589854836]]
    },
    "melbands": {
        "mean": [0.000524879083969, 0.00125734007452, 0.00127023807727, 0.00068970862776, 0.000562084722333, 0.000488781661261, 0.000261707231402, 0.00047231093049, 0.000446109799668, 0.000230788442423, 9.40331083257e-05, 6.16843026364e-05, 9.14557240321e-05, 9.52974078245e-05, 7.58196547395e-05, 3.66131571354e-05, 3.46910601365e-05, 2.7162483093e-05, 2.22481448873e-05, 3.08250528178e-05, 3.16002951877e-05, 2.36038304138e-05, 2.54978585872e-05, 1.19731676023e-05, 4.22305720349e-06, 6.38887468085e-06, 1.07700880108e-05, 1.27016246552e-05, 1.36884773383e-05, 1.00099678093e-05, 4.12853205489e-06, 1.55612838171e-06, 1.4466279481e-06, 1.16215744583e-06, 7.24912865735e-07, 5.4629498436e-07, 4.10615712099e-07, 3.30677494276e-07, 1.945956285e-07, 1.1360392449e-07],
        "stdev": [0.000735351291951, 0.0014944964787, 0.00149880966637, 0.000852550379932, 0.000678159878589, 0.000630106078461, 0.000355987984221, 0.00087124761194, 0.000934051233344, 0.000537266256288, 0.000255485763773, 0.000142527380376, 0.000232431601034, 0.000161744203069, 0.000160522686201, 7.59141330491e-05, 8.30237113405e-05, 4.91409009555e-05, 3.21896441164e-05, 5.11698635819e-05, 5.41084154975e-05, 3.715242201e-05, 4.41857409896e-05, 1.97070530703e-05, 6.86413386575e-06, 1.33424691739e-05, 1.95968659682e-05, 2.39778182731e-05, 2.48621636274e-05, 1.89722395589e-05, 7.99965437182e-06, 2.88521482616e-06, 2.80879385173e-06, 2.13254634218e-06, 1.45728949974e-06, 1.30888668082e-06, 9.72261659626e-07, 7.77242803451e-07, 4.6939828735e-07, 2.90410639536e-07]
    },
    "melbands128": {
        "mean": [5.89134979236e-05, 0.000300212501315, 0.000680857570842, 0.00102609966416, 0.00126376957633, 0.00149883364793, 0.00152292323764, 0.00111469742842, 0.000970995111857, 0.000664874445647, 0.000462683179649, 0.000642024504486, 0.000519697670825, 0.000526526651811, 0.000533508893568, 0.000466290424811, 0.000354744493961, 0.000202434064704, 0.000147779443068, 0.000503967166878, 0.000600701081567, 0.000508019758854, 0.000431259104516, 0.000393026013626, 0.000342308863765, 0.000120012220577, 8.57565610204e-05, 0.000131353692268, 4.73823565699e-05, 8.0744321167e-05, 4.99619418406e-05, 5.962274372e-05, 9.42361875786e-05, 0.000138537536259, 4.70656996185e-05, 0.0001209353577, 0.000100999175629, 5.93130971538e-05, 8.68649731274e-05, 3.91149078496e-05, 2.37289877987e-05, 2.76025002677e-05, 4.31832886534e-05, 3.27978523273e-05, 2.10938251257e-05, 3.55091033271e-05, 2.28031367442e-05, 1.631647865e-05, 2.66863771685e-05, 2.46988020081e-05, 3.96483446821e-05, 2.50607208727e-05, 2.12198265217e-05, 4.80513408547e-05, 2.71959652309e-05, 1.36760554597e-05, 2.51392739301e-05, 3.30875300278e-05, 2.561616202e-05, 1.23522677313e-05, 1.29949612528e-05, 9.44481689658e-06, 5.9089466049e-06, 2.30164869208e-06, 1.92929746845e-06, 6.9548909778e-06, 7.80809659773e-06, 9.75812963588e-06, 1.13702790259e-05, 1.34701995194e-05, 1.08293088488e-05, 1.31357128339e-05, 1.52196071213e-05, 1.22129604279e-05, 1.48600474859e-05, 1.07631458377e-05, 8.32032401377e-06, 6.35759806755e-06, 3.54915778189e-06, 1.81851532943e-06, 1.38748487188e-06, 1.58153693519e-06, 1.52936502218e-06, 1.32622619731e-06, 1.52879556481e-06, 1.34991705636e-06, 9.81975745162e-07, 8.74482680047e-07, 6.76378192566e-07, 6.44591750643e-07, 6.61969238536e-07, 4.64796130473e-07, 4.76257156379e-07, 4.26192798386e-07, 3.34337215691e-07, 3.94094030298e-07, 3.26446269128e-07, 2.72141107871e-07, 1.93613800548e-07, 1.58267155825e-07, 1.31776886292e-07, 1.06989574533e-07, 9.04989079231e-08, 8.43852347998e-08, 7.87655594081e-08, 7.56178479833e-08, 8.54036414921e-08, 9.52316625558e-08, 1.17402301214e-07, 8.60312496798e-08, 8.01040442866e-08, 4.85900812919e-08, 5.39894635665e-08, 3.53337945569e-08, 2.90709838424e-08, 2.61180392869e-08, 2.15877058451e-08, 5.90381610266e-09, 1.90065696515e-09, 7.28066884559e-10, 3.31886962357e-10, 4.42700071046e-10, 7.61487373158e-10, 1.15884324359e-09, 1.16253562332e-09, 3.07712494374e-10, 1.58287966068e-10, 2.78278684818e-11],
        "stdev": [0.000108583531983, 0.000618838355877, 0.0011093855137, 0.00145291152876, 0.00186983798631, 0.00208107498474, 0.00231299200095, 0.00161577609833, 0.00167745852377, 0.00117083278019, 0.000825833296403, 0.00109639053699, 0.000768727099057, 0.000921104394365, 0.000885960529558, 0.000955653667916, 0.000729197578039, 0.000427316961577, 0.000365457119187, 0.00110900972504, 0.00143302872311, 0.00150192563888, 0.00121961429249, 0.00139770412352, 0.000939969264437, 0.000385945633752, 0.000269143667538, 0.000465244433144, 0.000115495189675, 0.000240065957769, 0.00019353274547, 0.000201871254831, 0.000259627093328, 0.000511623453349, 0.000177321358933, 0.000282879627775, 0.000247080082772, 0.000215644293348, 0.000317294354318, 0.000106019630039, 7.48594393372e-05, 8.21742723929e-05, 0.000148541177623, 9.53126800596e-05, 5.60488879273e-05, 9.34349445743e-05, 5.7138477132e-05, 4.8223289923e-05, 5.38569438504e-05, 4.74687039969e-05, 9.65151484706e-05, 6.89219814376e-05, 5.4386062402e-05, 0.000120348413475, 6.06522662565e-05, 3.67771572201e-05, 7.38454327802e-05, 7.70428596297e-05, 6.73694303259e-05, 2.71486624115e-05, 2.98972299788e-05, 2.55457998719e-05, 1.30425178213e-05, 5.29637100044e-06, 4.42054670202e-06, 1.99320111278e-05, 2.44591337832e-05, 2.59693188127e-05, 2.7178266464e-05, 3.61687198165e-05, 3.03660253849e-05, 3.08931921609e-05, 3.7963163777e-05, 2.87119437417e-05, 3.78392032871e-05, 2.61188488366e-05, 1.96493692783e-05, 1.69803388417e-05, 9.46550972003e-06, 3.67055895367e-06, 2.95194331557e-06, 3.22839855471e-06, 3.34110723088e-06, 2.8931272027e-06, 3.30714874508e-06, 2.66117331194e-06, 1.89493664493e-06, 1.94123867914e-06, 1.38316340781e-06, 1.53466237407e-06, 1.83981296686e-06, 1.21418236176e-06, 1.22744734199e-06, 1.09475513455e-06, 8.23715993192e-07, 1.0826649941e-06, 8.48672982556e-07, 6.94170637416e-07, 4.69714166229e-07, 4.4206510097e-07, 3.59142944717e-07, 2.79521032098e-07, 2.42228281877e-07, 2.24871229193e-07, 2.16772548356e-07, 2.14047020108e-07, 2.6258206276e-07, 3.06384436044e-07, 4.03996068599e-07, 2.86951831185e-07, 2.72349979014e-07, 1.52864600977e-07, 1.81666251819e-07, 1.22023848803e-07, 1.04867986295e-07, 9.59534887102e-08, 8.29088975252e-08, 3.97185360157e-08, 2.01131307165e-08, 8.81166695166e-09, 5.59110580056e-09, 6.08292971549e-09, 9.53419032612e-09, 1.25503136772e-08, 1.22934604718e-08, 4.86518958454e-09, 3.70729558163e-09, 7.98570432003e-10]
    },
    "mfcc": {
        "mean": [-677.427978516, 140.847869873, -6.60837221146, 32.8343353271, -6.59879493713, 10.0829248428, -6.80288696289, -2.15076518059, -0.346380680799, -3.34669423103, -6.24987888336, 5.81275320053, -1.54263460636],
        "cov": [[11696.828125, 346.389434814, -1202.36706543, 612.346984863, -433.926483154, -108.369468689, -217.271087646, -337.052978516, 10.5027799606, -62.8579444885, -315.300720215, 360.639831543, 115.588699341], [346.389434814, 2072.72509766, 48.2251586914, -120.044631958, 22.9013156891, 123.844406128, -22.3561038971, 121.017471313, 8.98656368256, -44.8918647766, 48.775428772, -122.693359375, -55.1889305115], [-1202.36706543, 48.2251586914, 1028.06274414, -30.1359634399, 179.067764282, 138.593612671, 74.8967208862, 178.306976318, -16.2104930878, 7.97999477386, 89.1273498535, -154.03112793, -62.0164642334], [612.346984863, -120.044631958, -30.1359634399, 306.673309326, 24.0516014099, 35.3209457397, 15.3775882721, -28.6101570129, 29.0802059174, 12.4403839111, -20.6277084351, 57.9311904907, 21.9040336609], [-433.926483154, 22.9013156891, 179.067764282, 24.0516014099, 177.011154175, 64.3367919922, 48.3557395935, 48.3319511414, -22.36195755, -1.513276577, 25.8691749573, -29.9019241333, 6.02186441422], [-108.369468689, 123.844406128, 138.593612671, 35.3209457397, 64.3367919922, 139.027374268, 56.8246688843, 55.7468948364, -0.527385652065, -4.06138372421, 14.3585634232, -12.2563638687, 4.70867967606], [-217.271087646, -22.3561038971, 74.8967208862, 15.3775882721, 48.3557395935, 56.8246688843, 122.258041382, 42.4976768494, 15.5691041946, 0.108854785562, -1.23875117302, -1.36159515381, 2.75904130936], [-337.052978516, 121.017471313, 178.306976318, -28.6101570129, 48.3319511414, 55.7468948364, 42.4976768494, 130.766220093, 10.9154138565, -1.19578814507, 16.2354888916, -43.7376785278, 2.35116100311], [10.5027799606, 8.98656368256, -16.2104930878, 29.0802059174, -22.36195755, -0.527385652065, 15.5691041946, 10.9154138565, 106.296638489, 44.3418502808, 11.3191871643, 18.3998336792, -7.18110466003], [-62.8579444885, -44.8918647766, 7.97999477386, 12.4403839111, -1.513276577, -4.06138372421, 0.108854785562, -1.19578814507, 44.3418502808, 87.2372131348, 40.8573112488, 16.3236522675, -20.6078109741], [-315.300720215, 48.775428772, 89.1273498535, -20.6277084351, 25.8691749573, 14.3585634232, -1.23875117302, 16.2354888916, 11.3191871643, 40.8573112488, 92.3283920288, 11.9327898026, -10.4571275711], [360.639831543, -122.693359375, -154.03112793, 57.9311904907, -29.9019241333, -12.2563638687, -1.36159515381, -43.7376785278, 18.3998336792, 16.3236522675, 11.9327898026, 138.602416992, 61.3732833862], [115.588699341, -55.1889305115, -62.0164642334, 21.9040336609, 6.02186441422, 4.70867967606, 2.75904130936, 2.35116100311, -7.18110466003, -20.6078109741, -10.4571275711, 61.3732833862, 118.890510559]],
        "icov": [[0.000132728833705, -6.39247518848e-05, 3.2188516343e-05, -0.000228682343732, 0.000203684932785, -6.17036857875e-05, 0.000147576240124, 5.06496508024e-05, 0.000125745442347, -0.000101163946965, 0.00042335211765, -0.00028304985608, 6.13176598563e-05], [-6.39247518848e-05, 0.00065828836523, 0.000228862161748, 0.000247321062488, -4.067865666e-05, -0.000720755779184, 0.000399457232561, -0.000475948007079, -0.00041672977386, 0.000722287280951, -0.000854282290675, 0.000654509873129, 0.000159307965077], [3.2188516343e-05, 0.000228862161748, 0.00184636795893, -0.000242395602982, -0.000613857177086, -0.000831145909615, 0.000110463326564, -0.00142827513628, 5.25728828507e-05, 0.000475989480037, -0.00167842803057, 0.00156367500313, 0.000303265580442], [-0.000228682343732, 0.000247321062488, -0.000242395602982, 0.00468121934682, -0.00146013963968, -0.00151765556075, 0.000292578217341, 0.00108677858952, -0.00153671426233, -0.000297723338008, 0.00135923479684, -0.00147856015246, 0.000192411622265], [0.000203684932785, -4.067865666e-05, -0.000613857177086, -0.00146013963968, 0.00916467607021, -0.00171285262331, -0.00209684157744, -0.000344115280313, 0.00266829249449, -0.000794392137323, -0.00165150209796, 0.00163820502348, -0.00157645216677], [-6.17036857875e-05, -0.000720755779184, -0.000831145909615, -0.00151765556075, -0.00171285262331, 0.0123355006799, -0.00392329273745, -0.00231222901493, 0.00093093275791, 0.000319237587973, -0.000623155327048, -0.000828716554679, -0.000208993107663], [0.000147576240124, 0.000399457232561, 0.000110463326564, 0.000292578217341, -0.00209684157744, -0.00392329273745, 0.0121473725885, -0.00239624967799, -0.00220009428449, 0.000675205490552, 0.00241992482916, -0.00204983120784, 0.00132789742202], [5.06496508024e-05, -0.000475948007079, -0.00142827513628, 0.00108677858952, -0.000344115280313, -0.00231222901493, -0.00239624967799, 0.0136317769065, -0.00225694291294, -0.000185171011253, -0.000331080897013, 0.00314600556158, -0.00314195430838], [0.000125745442347, -0.00041672977386, 5.25728828507e-05, -0.00153671426233, 0.00266829249449, 0.00093093275791, -0.00220009428449, -0.00225694291294, 0.0141703076661, -0.00742133380845, 0.00148659688421, -0.00134493387304, 0.000313074502628], [-0.000101163946965, 0.000722287280951, 0.000475989480037, -0.000297723338008, -0.000794392137323, 0.000319237587973, 0.000675205490552, -0.000185171011253, -0.00742133380845, 0.0206437148154, -0.0087381536141, -0.000922327686567, 0.00358992372639], [0.00042335211765, -0.000854282290675, -0.00167842803057, 0.00135923479684, -0.00165150209796, -0.000623155327048, 0.00241992482916, -0.000331080897013, 0.00148659688421, -0.0087381536141, 0.0200277939439, -0.00647436268628, 0.00180354039185], [-0.00028304985608, 0.000654509873129, 0.00156367500313, -0.00147856015246, 0.00163820502348, -0.000828716554679, -0.00204983120784, 0.00314600556158, -0.00134493387304, -0.000922327686567, -0.00647436268628, 0.0163766425103, -0.00766219059005], [6.13176598563e-05, 0.000159307965077, 0.000303265580442, 0.000192411622265, -0.00157645216677, -0.000208993107663, 0.00132789742202, -0.00314195430838, 0.000313074502628, 0.00358992372639, 0.00180354039185, -0.00766219059005, 0.0134227732196]]
    },
    "spectral_contrast_coeffs": {
        "mean": [-0.682292699814, -0.697237670422, -0.718324840069, -0.746991157532, -0.771379947662, -0.731499612331],
        "stdev": [0.0883868485689, 0.0972244367003, 0.0878614634275, 0.0811676979065, 0.0843092650175, 0.0589334666729]
    },
    "spectral_contrast_valleys": {
        "mean": [-6.93650817871, -7.12244129181, -8.12961959839, -8.41251373291, -8.25112915039, -11.2228574753],
        "stdev": [1.64957976341, 1.56383430958, 1.47750604153, 1.44620978832, 1.44301867485, 1.32280766964]
    }
},
"rhythm": {
    "beats_count": 343,
    "beats_loudness": {
        "mean": 0.0310468953103,
        "stdev": 0.0139294983819
    },
    "bpm": 109.30178833,
    "bpm_histogram_first_peak_bpm": 110,
    "bpm_histogram_first_peak_weight": 0.434083580971,
    "bpm_histogram_second_peak_bpm": 105,
    "bpm_histogram_second_peak_spread": 0.333333313465,
    "bpm_histogram_second_peak_weight": 0.0409356728196,
    "danceability": 1.17651045322,
    "onset_rate": 4.93110609055,
    "beats_loudness_band_ratio": {
        "mean": [0.455936700106, 0.218342021108, 0.175683408976, 0.0794142484665, 0.0579328723252, 0.0559100434184],
        "stdev": [0.223580434918, 0.125068560243, 0.147141396999, 0.0725011304021, 0.0651733875275, 0.0513432323933]
    },
    "beats_position": [0.53405892849, 1.06811785698, 1.6137868166, 2.17106580734, 2.72834467888, 3.30884337425, 3.88934230804, 4.45823097229, 5.02712011337, 5.60761880875, 6.17650794983, 6.74539661407, 7.30267572403, 7.84834432602, 8.40562343597, 8.96290206909, 9.52018165588, 10.077460289, 10.6347389221, 11.1804075241, 11.7260770798, 12.2833557129, 12.840634346, 13.3979139328, 13.9435825348, 14.4892511368, 15.0465307236, 15.5921993256, 16.1378688812, 16.6951465607, 17.2408161163, 17.786485672, 18.3437633514, 18.9010429382, 19.458322525, 20.0039901733, 20.5612697601, 21.1069393158, 21.6642169952, 22.221496582, 22.7787742615, 23.3360538483, 23.8933334351, 24.4390010834, 24.984670639, 25.5419502258, 26.0992279053, 26.6448974609, 27.1905670166, 27.747844696, 28.3051242828, 28.8624038696, 29.4196815491, 29.9769611359, 30.5226306915, 31.0682983398, 31.6255779266, 32.1596374512, 32.7169151306, 33.2858047485, 33.8546943665, 34.4119720459, 34.9576416016, 35.5033111572, 36.0489807129, 36.5946464539, 37.151927948, 37.7208137512, 38.2897033691, 38.8585929871, 39.427482605, 39.9847602844, 40.5420417786, 41.099319458, 41.6565971375, 42.2138786316, 42.771156311, 43.3168258667, 43.8624954224, 44.4197731018, 44.9654426575, 45.5111083984, 46.0683898926, 46.6140594482, 47.1597251892, 47.7053947449, 48.262676239, 48.80834198, 49.3540115356, 49.8996810913, 50.4569587708, 51.0026283264, 51.5599098206, 52.1055755615, 52.6512451172, 53.1969146729, 53.7425842285, 54.2882537842, 54.8455314636, 55.3912010193, 55.936870575, 56.4709281921, 57.0049858093, 57.5390472412, 58.0731048584, 58.6303825378, 59.187664032, 59.7449417114, 60.2906112671, 60.8362808228, 61.3935585022, 61.9508361816, 62.4965057373, 63.042175293, 63.5878448486, 64.1335144043, 64.67918396, 65.2248535156, 65.7705230713, 66.316192627, 66.8734664917, 67.4307479858, 67.98802948, 68.5220870972, 69.0677566528, 69.6134262085, 70.1590881348, 70.7047576904, 71.238822937, 71.7844848633, 72.3301544189, 72.8758239746, 73.4214935303, 73.9787750244, 74.5244445801, 75.0701141357, 75.6157836914, 76.1614532471, 76.7187271118, 77.276008606, 77.8216781616, 78.3789520264, 78.924621582, 79.4819030762, 80.0391845703, 80.584854126, 81.1305236816, 81.6645812988, 82.2102508545, 82.7559204102, 83.3131942749, 83.870475769, 84.4161453247, 84.9618148804, 85.5190887451, 86.0647583008, 86.6220397949, 87.1677093506, 87.7017669678, 88.2590484619, 88.8047180176, 89.3503875732, 89.907661438, 90.4649429321, 90.9990005493, 91.5562820435, 92.1019515991, 92.6476211548, 93.2048950195, 93.7621765137, 94.3078460693, 94.853515625, 95.3875732422, 95.9216308594, 96.467300415, 97.0245819092, 97.5702438354, 98.1159133911, 98.6615829468, 99.2188644409, 99.7529220581, 100.298591614, 100.844261169, 101.401542664, 101.947212219, 102.492874146, 103.05015564, 103.607437134, 104.141494751, 104.675552368, 105.221221924, 105.766891479, 106.324172974, 106.869842529, 107.415504456, 107.97278595, 108.530067444, 109.064125061, 109.598182678, 110.143852234, 110.68952179, 111.235191345, 111.769248962, 112.314918518, 112.860588074, 113.406257629, 113.951927185, 114.497596741, 115.043266296, 115.588935852, 116.146209717, 116.691879272, 117.237548828, 117.783218384, 118.328887939, 118.874557495, 119.420227051, 119.977500916, 120.53478241, 121.080451965, 121.626121521, 122.171791077, 122.717460632, 123.274734497, 123.820404053, 124.366073608, 124.911743164, 125.45741272, 126.003082275, 126.548751831, 127.106025696, 127.651695251, 128.197372437, 128.743041992, 129.288711548, 129.834381104, 130.3800354, 130.925704956, 131.471374512, 132.017044067, 132.562713623, 133.108383179, 133.654052734, 134.19972229, 134.745391846, 135.279449463, 135.81350708, 136.359176636, 136.893234253, 137.438903809, 137.972961426, 138.53024292, 139.075912476, 139.621582031, 140.167251587, 140.712921143, 141.258590698, 141.804260254, 142.34992981, 142.895599365, 143.441268921, 143.986938477, 144.532608032, 145.078277588, 145.612335205, 146.169616699, 146.738494873, 147.295776367, 147.853057861, 148.398727417, 148.944396973, 149.490066528, 150.047348022, 150.593017578, 151.138687134, 151.695953369, 152.253234863, 152.810516357, 153.344573975, 153.878631592, 154.424301147, 154.969970703, 155.515640259, 156.061309814, 156.60697937, 157.152648926, 157.698318481, 158.243988037, 158.789657593, 159.335327148, 159.880996704, 160.42666626, 160.972335815, 161.518005371, 162.075286865, 162.620956421, 163.178222656, 163.723892212, 164.257949829, 164.803619385, 165.34928894, 165.894958496, 166.429016113, 166.974685669, 167.508743286, 168.06602478, 168.623306274, 169.180587769, 169.737869263, 170.295150757, 170.840820312, 171.386474609, 171.920547485, 172.454605103, 173.000274658, 173.545944214, 174.080001831, 174.614059448, 175.159729004, 175.70539856, 176.239456177, 176.796737671, 177.354003906, 177.9112854, 178.480178833, 179.060684204, 179.652786255, 180.256500244, 180.813781738, 181.417495728, 181.998001099, 182.57850647, 183.124176025, 183.693054199, 184.261947632, 184.703125, 185.155914307, 185.608703613, 186.119537354, 186.618774414, 187.117996216, 187.617233276, 188.128067017],
    "bpm_histogram": [0, 0, 0, 0, 0, 0, 0, 0, 0, 0, 0, 0, 0, 0, 0, 0, 0, 0, 0, 0, 0, 0, 0, 0, 0, 0, 0, 0, 0, 0, 0, 0, 0, 0, 0, 0, 0, 0, 0, 0, 0, 0, 0, 0, 0, 0, 0, 0, 0, 0, 0, 0, 0, 0, 0, 0, 0, 0, 0, 0, 0, 0, 0, 0, 0, 0, 0, 0, 0, 0, 0, 0, 0, 0, 0, 0, 0, 0, 0, 0, 0, 0, 0, 0, 0, 0, 0, 0, 0, 0, 0, 0, 0, 0, 0, 0, 0, 0, 0, 0.00584795325994, 0, 0.00292397662997, 0, 0.0175438597798, 0, 0.0409356728196, 0, 0, 0.295321643353, 0, 0.514619886875, 0, 0.0994152054191, 0, 0, 0, 0, 0.00584795325994, 0, 0, 0.00877192988992, 0, 0, 0, 0, 0, 0, 0, 0, 0, 0, 0, 0, 0.00584795325994, 0, 0, 0.00292397662997, 0, 0, 0, 0, 0, 0, 0, 0, 0, 0, 0, 0, 0, 0, 0, 0, 0, 0, 0, 0, 0, 0, 0, 0, 0, 0, 0, 0, 0, 0, 0, 0, 0, 0, 0, 0, 0, 0, 0, 0, 0, 0, 0, 0, 0, 0, 0, 0, 0, 0, 0, 0, 0, 0, 0, 0, 0, 0, 0, 0, 0, 0, 0, 0, 0, 0, 0, 0, 0, 0, 0, 0, 0, 0, 0, 0, 0, 0, 0, 0, 0, 0, 0, 0, 0, 0, 0, 0, 0, 0, 0, 0, 0, 0, 0, 0, 0, 0, 0, 0, 0, 0, 0, 0, 0, 0, 0, 0, 0, 0, 0, 0, 0]
},
"tonal": {
    "chords_changes_rate": 0.0895008593798,
    "chords_number_rate": 0.00270469626412,
    "chords_strength": {
        "mean": 0.462051987648,
        "stdev": 0.091268800199
    },
    "hpcp_crest": {
        "mean": 16.8333187103,
        "stdev": 8.00465488434
    },
    "hpcp_entropy": {
        "mean": 1.57677674294,
        "stdev": 0.744434118271
    },
    "key_edma": {
        "strength": 0.776939690113,
        "key": "C",
        "scale": "major"
    },
    "key_krumhansl": {
        "strength": 0.785028576851,
        "key": "C",
        "scale": "major"
    },
    "key_temperley": {
        "strength": 0.792982041836,
        "key": "C",
        "scale": "major"
    },
    "tuning_diatonic_strength": 0.596472799778,
    "tuning_equal_tempered_deviation": 0.012658293359,
    "tuning_frequency": 436.708374023,
    "tuning_nontempered_energy_ratio": 0.686418533325,
    "hpcp": {
        "mean": [0.137316644192, 0.0907296091318, 0.0580257475376, 0.0714138746262, 0.0608116090298, 0.0605372563004, 0.0896740630269, 0.0849693864584, 0.160884812474, 0.265191823244, 0.17905972898, 0.0765364393592, 0.0754054784775, 0.0844787955284, 0.159238114953, 0.237634316087, 0.158560693264, 0.0724655762315, 0.0651241242886, 0.0655448958278, 0.138580068946, 0.185281321406, 0.123098999262, 0.132818281651, 0.170552298427, 0.101298332214, 0.0498983599246, 0.050701584667, 0.051989261061, 0.145653322339, 0.23767465353, 0.147542953491, 0.0680188536644, 0.0653519779444, 0.0532086864114, 0.0989724695683],
        "stdev": [0.242482155561, 0.190412551165, 0.162826910615, 0.196431159973, 0.167325600982, 0.141124799848, 0.193381622434, 0.183250799775, 0.250383853912, 0.356257408857, 0.265807807446, 0.17311103642, 0.193660438061, 0.2019636482, 0.251927405596, 0.333413481712, 0.247000992298, 0.172643512487, 0.169423177838, 0.165028825402, 0.253464698792, 0.300644695759, 0.21385383606, 0.227928295732, 0.290831744671, 0.192821890116, 0.139780461788, 0.147660762072, 0.151171788573, 0.245480462909, 0.356288462877, 0.241454511881, 0.182264924049, 0.178763955832, 0.144475355744, 0.209211811423]
    },
    "chords_histogram": [33.9316444397, 1.2294074297, 12.3678388596, 0.393410384655, 0.467174828053, 0.516351103783, 3.39316439629, 0.811408877373, 0.147528886795, 0.172117039561, 0.0245881490409, 0, 0, 0.491762965918, 0.245881482959, 3.36857628822, 0.737644433975, 6.09786081314, 0.0245881490409, 3.71281051636, 2.40963864326, 9.90902423859, 9.93361186981, 9.61396598816],
    "thpcp": [1, 0.675208330154, 0.28860783577, 0.284343153238, 0.318557322025, 0.600463867188, 0.896084606647, 0.597909450531, 0.27325719595, 0.245573654771, 0.247160315514, 0.522565364838, 0.698669075966, 0.46418851614, 0.500838518143, 0.643128037453, 0.381981343031, 0.188159495592, 0.191188335419, 0.196043983102, 0.54923760891, 0.896236717701, 0.556363105774, 0.256489247084, 0.246432855725, 0.200642257929, 0.37321087718, 0.517801225185, 0.34212821722, 0.218806698918, 0.269291400909, 0.229311779141, 0.228277236223, 0.338147908449, 0.320407271385, 0.606673359871],
    "chords_key": "C",
    "chords_scale": "major"
}
}