{
"metadata": {
    "version": {
        "essentia": "2.1-dev",
        "essentia_git_sha": "v2.1_beta3-415-gd5473f3",
        "extractor": "music 2.0"
    },
    "audio_properties": {
        "analysis": {
            "equal_loudness": 0,
            "length": 393.482452393,
            "sample_rate": 44100,
            "start_time": 0,
            "downmix": "mix"
        },
        "bit_rate": 192000,
        "length": 393.482452393,
        "lossless": 0,
        "number_channels": 2,
        "replay_gain": -6.9700088501,
        "sample_rate": 44100,
        "codec": "mp3",
        "md5_encoded": "06a94af7f272dd9e2ffb193063d38cd3"
    },
    "tags": {
        "file_name": "bobby_hutcherson--whisper_not.mp3",
        "album": ["Jazz For The Quiet Times"],
        "artist": ["Bobby Hutcherson"],
        "date": ["2003"],
        "genre": ["Other"],
        "title": ["Whisper Not"]
    }
},
"lowlevel": {
    "average_loudness": 0.112881012261,
    "barkbands_crest": {
        "mean": 15.0307722092,
        "stdev": 5.61206817627
    },
    "barkbands_flatness_db": {
        "mean": 0.241471678019,
        "stdev": 0.0948901996017
    },
    "barkbands_kurtosis": {
        "mean": 46.955657959,
        "stdev": 355.178436279
    },
    "barkbands_skewness": {
        "mean": 2.31907892227,
        "stdev": 4.55012083054
    },
    "barkbands_spread": {
        "mean": 8.77116680145,
        "stdev": 9.05560874939
    },
    "dissonance": {
        "mean": 0.401308745146,
        "stdev": 0.0774036645889
    },
    "dynamic_complexity": 4.57838153839,
    "erbbands_crest": {
        "mean": 17.395658493,
        "stdev": 8.35373878479
    },
    "erbbands_flatness_db": {
        "mean": 0.238406091928,
        "stdev": 0.0909692049026
    },
    "erbbands_kurtosis": {
        "mean": 22.9643650055,
        "stdev": 43.2318534851
    },
    "erbbands_skewness": {
        "mean": 2.36861133575,
        "stdev": 2.57136631012
    },
    "erbbands_spread": {
        "mean": 20.6819801331,
        "stdev": 19.9122333527
    },
    "hfc": {
        "mean": 9.66463851929,
        "stdev": 16.2092094421
    },
    "loudness_ebu128": {
        "integrated": -18.182434082,
        "loudness_range": 7.79242992401,
        "momentary": {
            "mean": -19.710313797,
            "stdev": 3.70526313782
        },
        "short_term": {
            "mean": -18.9691619873,
            "stdev": 2.61465525627
        }
    },
    "melbands_crest": {
        "mean": 17.4799098969,
        "stdev": 6.07676410675
    },
    "melbands_flatness_db": {
        "mean": 0.317420095205,
        "stdev": 0.104979291558
    },
    "melbands_kurtosis": {
        "mean": 26.0936717987,
        "stdev": 47.2709465027
    },
    "melbands_skewness": {
        "mean": 2.07477355003,
        "stdev": 2.52361798286
    },
    "melbands_spread": {
        "mean": 9.80250930786,
        "stdev": 9.79424095154
    },
    "pitch_salience": {
        "mean": 0.433862030506,
        "stdev": 0.16357421875
    },
    "silence_rate_20dB": {
        "mean": 0.999822974205,
        "stdev": 0.0133035825565
    },
    "silence_rate_30dB": {
        "mean": 0.984185993671,
        "stdev": 0.124755531549
    },
    "silence_rate_60dB": {
        "mean": 0.131291672587,
        "stdev": 0.3376955688
    },
    "spectral_centroid": {
        "mean": 675.169128418,
        "stdev": 439.754943848
    },
    "spectral_complexity": {
        "mean": 7.32896661758,
        "stdev": 4.32949542999
    },
    "spectral_decrease": {
        "mean": -4.79196282654e-09,
        "stdev": 6.46769038326e-09
    },
    "spectral_energy": {
        "mean": 0.0189625676721,
        "stdev": 0.0256832111627
    },
    "spectral_energyband_high": {
        "mean": 0.000121939570818,
        "stdev": 0.000468456186354
    },
    "spectral_energyband_low": {
        "mean": 0.00408951286227,
        "stdev": 0.00663980701938
    },
    "spectral_energyband_middle_high": {
        "mean": 0.00274386606179,
        "stdev": 0.010049957782
    },
    "spectral_energyband_middle_low": {
        "mean": 0.012752328068,
        "stdev": 0.0230033919215
    },
    "spectral_entropy": {
        "mean": 6.62840509415,
        "stdev": 0.958278417587
    },
    "spectral_flux": {
        "mean": 0.0423578508198,
        "stdev": 0.0334960892797
    },
    "spectral_kurtosis": {
        "mean": 11.5126075745,
        "stdev": 14.1661424637
    },
    "spectral_rms": {
        "mean": 0.00372785003856,
        "stdev": 0.00214550830424
    },
    "spectral_rolloff": {
        "mean": 662.520812988,
        "stdev": 772.365905762
    },
    "spectral_skewness": {
        "mean": 2.47110557556,
        "stdev": 1.28164255619
    },
    "spectral_spread": {
        "mean": 4016672,
        "stdev": 1719485
    },
    "spectral_strongpeak": {
        "mean": 1.52763855457,
        "stdev": 1.92930853367
    },
    "zerocrossingrate": {
        "mean": 0.0319125391543,
        "stdev": 0.0227116663009
    },
    "barkbands": {
        "mean": [2.60012839135e-05, 0.00264839897864, 0.000836242514197, 0.00088149990188, 0.00122997770086, 0.00302500999533, 0.00354538182728, 0.00303552672267, 0.000685190432705, 0.00101057474967, 0.000915709184483, 0.000512232771143, 0.000162304393598, 8.62323722686e-05, 7.02228353475e-05, 5.60629705433e-05, 3.03353426716e-05, 3.43801511917e-05, 3.4767203033e-05, 2.70369819191e-05, 2.97814876831e-05, 3.10618561343e-05, 2.34822255152e-05, 1.04949040178e-05, 8.06887237559e-06, 5.75442891204e-06, 8.32373871162e-07],
        "stdev": [8.28800330055e-05, 0.00467249564826, 0.00141077442095, 0.00247187330388, 0.00457355752587, 0.0076514496468, 0.0106634041294, 0.0160684045404, 0.00326425605454, 0.0051607307978, 0.00678503233939, 0.0037857638672, 0.00157142349053, 0.000548863026779, 0.000820729532279, 0.00111371930689, 0.000113387381134, 0.00011554685625, 0.000173797670868, 0.000112737194286, 0.000134421003168, 0.000133133187774, 0.000221974041779, 3.56062955689e-05, 3.11037183565e-05, 2.14783940464e-05, 5.86950363868e-06]
    },
    "erbbands": {
        "mean": [0.0445810854435, 0.687922358513, 1.15361809731, 2.36917996407, 2.97855591774, 3.74001336098, 10.1415653229, 28.5747909546, 55.725189209, 53.5372810364, 54.9372711182, 20.4039459229, 27.4564666748, 27.8380355835, 39.4368476868, 25.2575263977, 8.5194683075, 5.70337820053, 3.53505945206, 4.44916772842, 2.39423727989, 1.58955550194, 2.02903866768, 1.84212386608, 1.61346912384, 1.21983885765, 0.981351196766, 1.32100844383, 1.14981877804, 0.897593736649, 0.627107024193, 0.27347484231, 0.16108687222, 0.100630007684, 0.0524692349136, 0.0252084899694, 0.0114952297881, 0.00183915498201, 0.000138992472785, 2.64384652837e-05],
        "stdev": [0.0754451528192, 1.23856163025, 1.9292691946, 6.38003396988, 9.1476020813, 10.0391836166, 64.0719985962, 69.6408157349, 179.667053223, 195.107467651, 361.004455566, 87.7444458008, 121.862434387, 184.705734253, 284.148590088, 186.773666382, 63.1138076782, 34.5449523926, 19.6703128815, 117.145362854, 16.4782981873, 4.68849039078, 6.94585132599, 7.97928762436, 8.22839546204, 4.68775272369, 3.81699204445, 6.90676212311, 4.74493360519, 3.62451648712, 6.78344869614, 1.9549434185, 0.554916858673, 0.445380151272, 0.179117932916, 0.0850413665175, 0.0488839820027, 0.00840880535543, 0.000981482909992, 5.35491999472e-05]
    },
    "gfcc": {
        "mean": [-110.364028931, 126.583557129, -92.963722229, 24.4082298279, -70.4486618042, 5.10954999924, -33.1080055237, 2.12218403816, -11.3919820786, 3.13864398003, -6.79178667068, 0.636848092079, -11.1493625641],
        "cov": [[7169.19970703, -1099.51745605, -910.905700684, 314.112091064, -1.58127677441, 527.271484375, 68.1025924683, 211.730377197, -282.736694336, -2.67928576469, -394.846008301, 23.6364498138, -178.157196045], [-1099.51745605, 1528.28222656, 136.6144104, -201.816131592, 247.298278809, -35.1535720825, 184.715682983, -134.528121948, 183.889297485, -214.941970825, 132.533462524, -120.163116455, 117.669052124], [-910.905700684, 136.6144104, 1056.76623535, 10.6093883514, 78.9337158203, -55.7088088989, 16.1018791199, 96.0301742554, 36.0845794678, 129.369155884, 36.5049934387, 70.1528701782, -54.4845657349], [314.112091064, -201.816131592, 10.6093883514, 553.813659668, 80.3326263428, 130.414077759, 11.5518569946, 27.0477714539, 2.8073694706, 18.3391704559, -21.3764877319, 14.1474943161, 9.98590755463], [-1.58127677441, 247.298278809, 78.9337158203, 80.3326263428, 300.518829346, 168.890319824, 63.1666030884, -12.8362722397, -40.1689567566, -55.0853996277, 3.62350392342, 26.2728805542, 14.3061342239], [527.271484375, -35.1535720825, -55.7088088989, 130.414077759, 168.890319824, 417.025421143, 205.357452393, 73.7214355469, -114.772033691, -126.498435974, -132.214630127, 13.1182365417, 0.430846333504], [68.1025924683, 184.715682983, 16.1018791199, 11.5518569946, 63.1666030884, 205.357452393, 324.567016602, 131.016235352, 39.1400413513, -134.920181274, -90.9928665161, -61.9434738159, 23.2453556061], [211.730377197, -134.528121948, 96.0301742554, 27.0477714539, -12.8362722397, 73.7214355469, 131.016235352, 251.909835815, 107.977813721, 33.6853065491, -114.873634338, -50.5547409058, -51.9248123169], [-282.736694336, 183.889297485, 36.0845794678, 2.8073694706, -40.1689567566, -114.772033691, 39.1400413513, 107.977813721, 331.416137695, 129.98046875, 37.1447944641, -108.094932556, -20.4359302521], [-2.67928576469, -214.941970825, 129.369155884, 18.3391704559, -55.0853996277, -126.498435974, -134.920181274, 33.6853065491, 129.98046875, 291.52456665, 113.627075195, 17.525510788, -66.0532531738], [-394.846008301, 132.533462524, 36.5049934387, -21.3764877319, 3.62350392342, -132.214630127, -90.9928665161, -114.873634338, 37.1447944641, 113.627075195, 255.728927612, 75.4322052002, 35.5868225098], [23.6364498138, -120.163116455, 70.1528701782, 14.1474943161, 26.2728805542, 13.1182365417, -61.9434738159, -50.5547409058, -108.094932556, 17.525510788, 75.4322052002, 152.61807251, 37.1319618225], [-178.157196045, 117.669052124, -54.4845657349, 9.98590755463, 14.3061342239, 0.430846333504, 23.2453556061, -51.9248123169, -20.4359302521, -66.0532531738, 35.5868225098, 37.1319618225, 112.530326843]],
        "icov": [[0.00021631421987, -2.49317854468e-05, 0.000250169192441, -8.75907644513e-05, 1.76212924998e-05, -8.64243411343e-05, -9.59164244705e-05, -8.03993025329e-05, 0.000193065352505, -0.000325698551023, 0.0003493600816, -0.000294866680633, 0.000308939721435], [-2.49317854468e-05, 0.00218110135756, -0.000656045158394, 0.000815932522528, -0.00166269065812, 3.23348795064e-05, -0.000198053166969, 0.00126234220807, -0.00197186204605, 0.0025983126834, -0.0018064455362, 0.00195661210455, -0.000782861199696], [0.000250169192441, -0.000656045158394, 0.0017279589083, -0.000397520896513, -0.00022302166326, 0.000872836855706, -0.000967859581579, -0.000641186430585, 0.000963706814218, -0.00182292447425, 0.0013686392922, -0.00203780736774, 0.00122765160631], [-8.75907644513e-05, 0.000815932522528, -0.000397520896513, 0.0024406039156, -0.000787127471995, -0.00106854375917, 0.00072863639798, 0.00026446202537, -0.0011053555645, 0.000803043949418, -0.000799319532234, 0.00102009635884, -0.00113842834253], [1.76212924998e-05, -0.00166269065812, -0.00022302166326, -0.000787127471995, 0.00651833740994, -0.00319005968049, 0.00135655363556, -0.000564555404708, 0.000509111210704, -0.000417718169047, -0.000277270068182, -0.00124993058853, 0.000718577939551], [-8.64243411343e-05, 3.23348795064e-05, 0.000872836855706, -0.00106854375917, -0.00319005968049, 0.00793028622866, -0.00539287691936, 0.00074392510578, 0.00220913439989, -0.00185350456741, 0.00325220846571, -0.00248010107316, 0.00128235435113], [-9.59164244705e-05, -0.000198053166969, -0.000967859581579, 0.00072863639798, 0.00135655363556, -0.00539287691936, 0.0106101548299, -0.00523847760633, -0.00151865137741, 0.00514572253451, -0.00413516303524, 0.00402663461864, -0.00251508364454], [-8.03993025329e-05, 0.00126234220807, -0.000641186430585, 0.00026446202537, -0.000564555404708, 0.00074392510578, -0.00523847760633, 0.0117464922369, -0.00448980228975, -0.00160605099518, 0.00505660567433, -0.00301043037325, 0.00242618378252], [0.000193065352505, -0.00197186204605, 0.000963706814218, -0.0011053555645, 0.000509111210704, 0.00220913439989, -0.00151865137741, -0.00448980228975, 0.0104051465169, -0.00631822319701, -1.20694903671e-05, 0.00431743590161, -0.00213883002289], [-0.000325698551023, 0.0025983126834, -0.00182292447425, 0.000803043949418, -0.000417718169047, -0.00185350456741, 0.00514572253451, -0.00160605099518, -0.00631822319701, 0.0142164872959, -0.00766498502344, 0.00155517063104, 0.0031779166311], [0.0003493600816, -0.0018064455362, 0.0013686392922, -0.000799319532234, -0.000277270068182, 0.00325220846571, -0.00413516303524, 0.00505660567433, -1.20694903671e-05, -0.00766498502344, 0.0133529808372, -0.00807401165366, 0.000325933215208], [-0.000294866680633, 0.00195661210455, -0.00203780736774, 0.00102009635884, -0.00124993058853, -0.00248010107316, 0.00402663461864, -0.00301043037325, 0.00431743590161, 0.00155517063104, -0.00807401165366, 0.0187609288841, -0.00758279208094], [0.000308939721435, -0.000782861199696, 0.00122765160631, -0.00113842834253, 0.000718577939551, 0.00128235435113, -0.00251508364454, 0.00242618378252, -0.00213883002289, 0.0031779166311, 0.000325933215208, -0.00758279208094, 0.0163084305823]]
    },
    "melbands": {
        "mean": [0.000599796883762, 0.000761554227211, 0.000409720843891, 0.000233416314586, 0.000305463763652, 0.000681308563799, 0.000820443383418, 0.000596584111918, 0.000391948153265, 0.000111816931167, 0.000137551091029, 0.000113013687951, 0.000112114008516, 8.86946945684e-05, 2.89464460366e-05, 1.98338602786e-05, 9.17012857826e-06, 5.48897196495e-06, 5.5082068684e-06, 5.22800019098e-06, 2.43606314143e-06, 1.70462374172e-06, 1.57468593898e-06, 1.72895897776e-06, 1.52255972807e-06, 1.1442811001e-06, 1.13738565233e-06, 7.31680756871e-07, 5.49856281395e-07, 7.45361717236e-07, 7.44362353089e-07, 6.65818902235e-07, 5.77324158257e-07, 4.74599431755e-07, 3.91893564711e-07, 2.4628468509e-07, 1.39460851756e-07, 1.14220767955e-07, 9.79811076718e-08, 8.03256412496e-08],
        "stdev": [0.00103679357562, 0.00128240103368, 0.000993544352241, 0.000599812832661, 0.00178713200148, 0.0016328569036, 0.00240293773822, 0.00239083962515, 0.00267430325039, 0.000547214760445, 0.000644374929834, 0.000767611025367, 0.000810948957223, 0.0005353600136, 0.000219573295908, 0.000208344659768, 5.9598365624e-05, 3.27210691466e-05, 8.86339621502e-05, 0.000130334956339, 1.21845787362e-05, 6.06769708611e-06, 4.85518876303e-06, 6.60715568301e-06, 7.56476765673e-06, 7.09895448381e-06, 7.01181443219e-06, 3.08204585053e-06, 2.25981784752e-06, 3.52184451913e-06, 4.05493801736e-06, 2.90352500087e-06, 2.59841613115e-06, 1.92656807485e-06, 3.31239039042e-06, 4.61525678475e-06, 5.04537808865e-07, 4.15227617623e-07, 3.30289111616e-07, 4.83356245695e-07]
    },
    "melbands128": {
        "mean": [2.28887329285e-05, 0.000186382399988, 0.000909659080207, 0.00126478390303, 0.000709916697815, 0.000406549399486, 0.000531431753188, 0.000359103345545, 0.000295893318253, 0.000264627393335, 0.000183852782357, 0.000235073981457, 0.000387939595385, 0.000293488294119, 0.000486318254843, 0.000978279858828, 0.00127884512767, 0.000659856421407, 0.00066590908682, 0.000556587707251, 0.000701061915606, 0.000492390303407, 0.000490953505505, 9.38728553592e-05, 0.000102701065771, 0.000123818754219, 9.35047282837e-05, 0.000163759235875, 0.000141130862175, 0.0001411576377, 0.000103752929135, 5.78972358198e-05, 6.92740723025e-05, 0.000249319098657, 4.4680738938e-05, 7.79076581239e-05, 8.83235989022e-05, 1.09528809844e-05, 9.4626475402e-06, 1.55177767738e-05, 3.31213050231e-05, 8.80530296854e-06, 7.62753325034e-06, 1.11457793537e-05, 5.47815079699e-06, 4.29822875958e-06, 5.9297176449e-06, 4.24015934186e-06, 4.44814304501e-06, 1.03471093098e-05, 3.83222368328e-06, 3.44935301655e-06, 2.25507528739e-06, 1.9479527964e-06, 2.74996887129e-06, 1.39107680752e-06, 1.27400403471e-06, 1.25546694107e-06, 1.38164352848e-06, 2.83070198748e-06, 1.44418777381e-06, 1.38676057304e-06, 1.65868709701e-06, 1.41842747325e-06, 1.47844889398e-06, 1.04304547222e-06, 8.81137054876e-07, 1.61889727224e-06, 1.06181767023e-06, 7.65908964695e-07, 8.25186873499e-07, 6.65765242047e-07, 5.37215157692e-07, 5.30605916538e-07, 5.53540303372e-07, 6.11148095686e-07, 9.51437414187e-07, 8.6606877403e-07, 7.03689181591e-07, 6.21529068212e-07, 7.09906828433e-07, 6.84040514898e-07, 5.49365893221e-07, 6.46474688892e-07, 5.1298144399e-07, 4.53105258202e-07, 4.57783158936e-07, 5.049577112e-07, 3.86142346542e-07, 2.84144817897e-07, 3.87531258639e-07, 1.79490442065e-07, 1.43953798215e-07, 1.48460344462e-07, 1.25962614561e-07, 1.21983774193e-07, 1.0557029384e-07, 1.11308359863e-07, 1.01542191544e-07, 8.87053843712e-08, 8.96427820862e-08, 7.6163821916e-08, 7.75090640559e-08, 5.87896344939e-08, 6.55138236993e-08, 5.02841785988e-08, 4.80145949666e-08, 3.98235435739e-08, 4.21349106716e-08, 4.17812060505e-08, 4.54558843899e-08, 4.83768758386e-08, 3.94335337717e-08, 2.82613328295e-08, 1.90024636026e-08, 1.63366138395e-08, 1.29410517857e-08, 7.77964181964e-09, 5.62446222929e-09, 3.55814311348e-09, 2.04649119873e-09, 1.58056223665e-09, 1.68889380259e-09, 8.77577788216e-10, 4.00008332013e-10, 9.60706028619e-11, 1.13884032413e-11, 2.69764831133e-12],
        "stdev": [7.71184641053e-05, 0.000342148181517, 0.00168229034171, 0.00237025786191, 0.00134348671418, 0.000752948108129, 0.00159818888642, 0.000941948092077, 0.00120933202561, 0.000770374375861, 0.00044533869368, 0.0013528931886, 0.00324197206646, 0.00138630357105, 0.00163550372235, 0.00277515384369, 0.00496011599898, 0.00254776864313, 0.00231316615827, 0.00259944773279, 0.00434751668945, 0.00360801164061, 0.00415081344545, 0.000467200210551, 0.00060696474975, 0.000863198598381, 0.000678621872794, 0.000810623168945, 0.00128336041234, 0.00112355721649, 0.00111079541966, 0.000794022344053, 0.000565447611734, 0.0020927854348, 0.000400285440264, 0.000671915593557, 0.000861262786202, 7.74939180701e-05, 9.20859893085e-05, 0.000140952251968, 0.000434276793385, 7.66433222452e-05, 5.43539463251e-05, 0.000107968771772, 6.24225358479e-05, 2.78191055259e-05, 5.37718915439e-05, 5.29181670572e-05, 6.36769182165e-05, 0.000458025402622, 3.68659639207e-05, 1.81522500498e-05, 2.6034324037e-05, 8.60185537022e-06, 1.69735740201e-05, 5.97977941652e-06, 4.05581340601e-06, 5.98318001721e-06, 4.86482531414e-06, 1.34352776513e-05, 9.65466006164e-06, 5.26490248376e-06, 9.04375156097e-06, 9.2690324891e-06, 1.60746840265e-05, 8.4797729869e-06, 3.60439548786e-06, 1.63668682944e-05, 8.30421049614e-06, 3.52332790499e-06, 4.3130658014e-06, 3.7082597828e-06, 2.06667004932e-06, 2.60025012722e-06, 3.8619332372e-06, 2.56610132965e-06, 7.02565603206e-06, 8.82289168658e-06, 4.28979592471e-06, 3.55244378625e-06, 3.45871876561e-06, 2.89371814688e-06, 2.90061689157e-06, 3.29566410073e-06, 2.47354364546e-06, 1.92335232896e-06, 1.80996937615e-06, 4.01743818657e-06, 1.71533713456e-06, 2.24632026402e-06, 1.4548119907e-05, 7.36286210667e-07, 5.45172156308e-07, 5.95882568177e-07, 6.05190280112e-07, 6.85047439219e-07, 3.43251173263e-07, 4.54769804037e-07, 3.7275287923e-07, 3.0508900295e-07, 3.17909751857e-07, 8.80898767264e-07, 5.37431048997e-07, 1.96169608557e-07, 2.38039149281e-07, 1.77369017251e-07, 1.70927663135e-07, 1.33008512648e-07, 1.53844183615e-07, 1.51950573013e-07, 1.71152890971e-07, 3.93758995187e-07, 1.6495503985e-07, 1.13355447695e-07, 7.83682949645e-08, 7.40466035154e-08, 6.7493360234e-08, 5.77402552437e-08, 5.5386315978e-08, 3.72219091105e-08, 2.35173072127e-08, 2.11571364872e-08, 2.4273456134e-08, 1.23706591637e-08, 6.76423628221e-09, 2.16404716369e-09, 3.0741792445e-10, 6.1019045719e-12]
    },
    "mfcc": {
        "mean": [-761.275878906, 151.87399292, 27.5288238525, 22.7268352509, -5.23583936691, 3.94215917587, -10.3203353882, 1.46657431126, -4.93841362, -1.08006358147, 4.3151640892, 3.27093100548, 5.37596321106],
        "cov": [[7447.078125, -1022.0022583, -981.380615234, -42.0429496765, -213.520355225, 251.439804077, 104.996520996, 264.330505371, 199.65814209, 107.025146484, -39.1538658142, -124.937538147, -257.955352783], [-1022.0022583, 1513.90881348, 148.227600098, -154.378356934, 82.871055603, -0.754144966602, 58.7547149658, 84.9762420654, 44.1364402771, -6.33607530594, -0.0402924977243, 12.5740690231, 5.11144638062], [-981.380615234, 148.227600098, 670.575439453, 128.106552124, 67.1196212769, -15.107003212, 49.7970657349, 5.26985263824, 34.2131271362, 29.4368076324, 55.5095100403, 41.7072029114, 45.3654022217], [-42.0429496765, -154.378356934, 128.106552124, 308.629425049, 84.1269226074, 36.6328163147, -33.6931610107, -22.5894813538, -5.99117994308, 34.9027748108, 41.1052589417, 33.2251052856, 23.5165176392], [-213.520355225, 82.871055603, 67.1196212769, 84.1269226074, 222.270278931, 79.6056976318, 32.0958328247, -23.9723434448, -40.7737846375, -24.9089603424, 9.24492549896, 19.0423774719, 36.1094703674], [251.439804077, -0.754144966602, -15.107003212, 36.6328163147, 79.6056976318, 214.466629028, 121.336296082, 84.8734817505, 22.7484931946, -23.3684940338, -22.3564949036, -15.9437141418, -25.9850902557], [104.996520996, 58.7547149658, 49.7970657349, -33.6931610107, 32.0958328247, 121.336296082, 238.379089355, 167.433059692, 44.2235183716, -36.3010139465, -53.6872367859, -59.9327964783, -45.0396690369], [264.330505371, 84.9762420654, 5.26985263824, -22.5894813538, -23.9723434448, 84.8734817505, 167.433059692, 284.039367676, 180.949203491, 42.9928321838, -22.476890564, -61.6464157104, -101.663162231], [199.65814209, 44.1364402771, 34.2131271362, -5.99117994308, -40.7737846375, 22.7484931946, 44.2235183716, 180.949203491, 277.931213379, 156.957260132, 55.2096977234, 3.29278874397, -74.5841369629], [107.025146484, -6.33607530594, 29.4368076324, 34.9027748108, -24.9089603424, -23.3684940338, -36.3010139465, 42.9928321838, 156.957260132, 219.884170532, 119.526268005, 39.2755012512, -11.899810791], [-39.1538658142, -0.0402924977243, 55.5095100403, 41.1052589417, 9.24492549896, -22.3564949036, -53.6872367859, -22.476890564, 55.2096977234, 119.526268005, 162.925704956, 99.2722702026, 24.6653499603], [-124.937538147, 12.5740690231, 41.7072029114, 33.2251052856, 19.0423774719, -15.9437141418, -59.9327964783, -61.6464157104, 3.29278874397, 39.2755012512, 99.2722702026, 183.928588867, 108.216239929], [-257.955352783, 5.11144638062, 45.3654022217, 23.5165176392, 36.1094703674, -25.9850902557, -45.0396690369, -101.663162231, -74.5841369629, -11.899810791, 24.6653499603, 108.216239929, 199.58984375]],
        "icov": [[0.000202873459784, 0.000103830287117, 0.00026921776589, -4.82046089019e-05, 0.000136983479024, -0.00020823488012, -3.89705419366e-05, -7.03113910276e-05, -2.75613729173e-05, -8.14608865767e-05, -2.25409366976e-05, -2.35838306253e-05, 0.000107943495095], [0.000103830287117, 0.000856801052578, -0.000130886386614, 0.000648150104098, -0.000516632164363, -1.06674906419e-06, 0.000303092238028, -0.000631677219644, 0.000190297098015, -0.000151371088577, 0.000108124600956, -0.000202027033083, 6.38688070467e-05], [0.00026921776589, -0.000130886386614, 0.00237948563881, -0.00119825755246, 6.98993826518e-05, 0.000672604597639, -0.00166074978188, 0.000927958870307, -0.00111007550731, 0.000619208265562, -0.000972279405687, 0.000265030859737, -0.000276986131212], [-4.82046089019e-05, 0.000648150104098, -0.00119825755246, 0.00498555507511, -0.00179582869168, -0.00115762965288, 0.00232824892737, -0.00164978264365, 0.00145123736002, -0.00136233272497, 0.00035959557863, -0.000402857142035, 0.000100353783637], [0.000136983479024, -0.000516632164363, 6.98993826518e-05, -0.00179582869168, 0.00690042460337, -0.00249974569306, -0.00106087117456, 0.00155441882089, -0.00017738713359, 0.000891470059287, -0.0013022198109, 0.000710357096978, -0.000872881966643], [-0.00020823488012, -1.06674906419e-06, 0.000672604597639, -0.00115762965288, -0.00249974569306, 0.00857953168452, -0.00423519173637, 0.000221064910875, -0.00070891296491, 0.000680549186654, 0.000285348593025, -0.00114729581401, 0.000802997092251], [-3.89705419366e-05, 0.000303092238028, -0.00166074978188, 0.00232824892737, -0.00106087117456, -0.00423519173637, 0.0125730568543, -0.00836822669953, 0.00349776749499, -0.000237740459852, 0.00091756467009, 0.00112506013829, -0.00117012462579], [-7.03113910276e-05, -0.000631677219644, 0.000927958870307, -0.00164978264365, 0.00155441882089, 0.000221064910875, -0.00836822669953, 0.0147773167118, -0.00917852669954, 0.00283191585913, -0.000612261355855, 0.00119855778757, 0.00145968445577], [-2.75613729173e-05, 0.000190297098015, -0.00111007550731, 0.00145123736002, -0.00017738713359, -0.00070891296491, 0.00349776749499, -0.00917852669954, 0.0144206127152, -0.00921689718962, 0.00355840101838, -0.00370524288155, 0.00250323815271], [-8.14608865767e-05, -0.000151371088577, 0.000619208265562, -0.00136233272497, 0.000891470059287, 0.000680549186654, -0.000237740459852, 0.00283191585913, -0.00921689718962, 0.0154861258343, -0.0103664761409, 0.00492735113949, -0.00267691235058], [-2.25409366976e-05, 0.000108124600956, -0.000972279405687, 0.00035959557863, -0.0013022198109, 0.000285348593025, 0.00091756467009, -0.000612261355855, 0.00355840101838, -0.0103664761409, 0.0184790100902, -0.00983547512442, 0.0040754172951], [-2.35838306253e-05, -0.000202027033083, 0.000265030859737, -0.000402857142035, 0.000710357096978, -0.00114729581401, 0.00112506013829, 0.00119855778757, -0.00370524288155, 0.00492735113949, -0.00983547512442, 0.0146394055337, -0.00726432679221], [0.000107943495095, 6.38688070467e-05, -0.000276986131212, 0.000100353783637, -0.000872881966643, 0.000802997092251, -0.00117012462579, 0.00145968445577, 0.00250323815271, -0.00267691235058, 0.0040754172951, -0.00726432679221, 0.0101520540193]]
    },
    "spectral_contrast_coeffs": {
        "mean": [-0.725719451904, -0.675354957581, -0.759018301964, -0.817712843418, -0.833356320858, -0.782787799835],
        "stdev": [0.0844248905778, 0.129124045372, 0.0970884039998, 0.0525080561638, 0.0346300005913, 0.0380595214665]
    },
    "spectral_contrast_valleys": {
        "mean": [-7.31757068634, -7.41732406616, -8.49948406219, -9.03619194031, -9.01616573334, -11.4683971405],
        "stdev": [1.00293910503, 0.984288096428, 0.971580684185, 1.00526964664, 1.09877955914, 1.07132804394]
    }
},
"rhythm": {
    "beats_count": 792,
    "beats_loudness": {
        "mean": 0.027405237779,
        "stdev": 0.0296329446137
    },
    "bpm": 122.662460327,
    "bpm_histogram_first_peak_bpm": 123,
    "bpm_histogram_first_peak_weight": 0.530578553677,
    "bpm_histogram_second_peak_bpm": 129,
    "bpm_histogram_second_peak_spread": 0.233333289623,
    "bpm_histogram_second_peak_weight": 0.0581542365253,
    "danceability": 1.16254425049,
    "onset_rate": 4.08897686005,
    "beats_loudness_band_ratio": {
        "mean": [0.397509455681, 0.2493070364, 0.316889256239, 0.0890864953399, 0.013532682322, 0.0117723532021],
        "stdev": [0.297470778227, 0.268284469843, 0.297436803579, 0.182286351919, 0.0242079533637, 0.0227596759796]
    },
    "beats_position": [0.53405892849, 1.09133780003, 1.64861679077, 2.21750569344, 2.7863945961, 3.36689329147, 3.94739222527, 4.51628112793, 5.06195020676, 5.60761880875, 6.14167785645, 6.68734693527, 7.22140598297, 7.75546455383, 8.28952407837, 8.82358264923, 9.33442115784, 9.84526062012, 10.3560991287, 10.8553285599, 11.354557991, 11.8537864685, 12.3530158997, 12.8522443771, 13.3514738083, 13.8390922546, 14.3383216858, 14.8375511169, 15.3483896255, 15.8476190567, 16.3584575653, 16.8692970276, 17.3685264587, 17.8793640137, 18.390203476, 18.9126529694, 19.4351024628, 19.9575500488, 20.4799995422, 21.0140590668, 21.5365066528, 22.0589561462, 22.5930156708, 23.1154651642, 23.6379127502, 24.1719722748, 24.7060317993, 25.2400894165, 25.7393188477, 26.2617683411, 26.7726078033, 27.2834453583, 27.7942848206, 28.2819042206, 28.7811336517, 29.2687530518, 29.7795906067, 30.2788200378, 30.778049469, 31.265668869, 31.7648983002, 32.264125824, 32.7749671936, 33.2741928101, 33.7850341797, 34.3074836731, 34.8299331665, 35.3523788452, 35.8748283386, 36.3856697083, 36.8965072632, 37.4073448181, 37.9065742493, 38.4058036804, 38.9050331116, 39.4042625427, 39.9034919739, 40.402721405, 40.9019508362, 41.3895683289, 41.8771858215, 42.3648071289, 42.8640365601, 43.3516540527, 43.8508834839, 44.350112915, 44.8377304077, 45.3369598389, 45.83618927, 46.3238105774, 46.8230361938, 47.322265625, 47.8331069946, 48.3439445496, 48.8547821045, 49.3424034119, 49.8300209045, 50.3176422119, 50.8516998291, 51.362537384, 51.8849868774, 52.4306564331, 52.9763259888, 53.5336036682, 54.0676651001, 54.6133308411, 55.1590003967, 55.7046699524, 56.2503395081, 56.7960090637, 57.3416786194, 57.8873443604, 58.4097938538, 58.9322433472, 59.4314727783, 59.9307022095, 60.4299316406, 60.9291610718, 61.4283905029, 61.9276161194, 62.4268455505, 62.9260749817, 63.4369163513, 63.9361457825, 64.4353713989, 64.9346008301, 65.4338302612, 65.9446716309, 66.4555053711, 66.9547348022, 67.4539642334, 67.964805603, 68.4640350342, 68.9632644653, 69.4624938965, 69.9617233276, 70.4609527588, 70.9601821899, 71.4477996826, 71.9470291138, 72.4462585449, 72.9338760376, 73.4331054688, 73.9323348999, 74.4315643311, 74.9191818237, 75.4184112549, 75.9060287476, 76.3936462402, 76.8928756714, 77.3921051025, 77.8913345337, 78.3905639648, 78.8781814575, 79.3774108887, 79.8650360107, 80.3642578125, 80.8634872437, 81.3627166748, 81.8503417969, 82.3379592896, 82.8371887207, 83.3364181519, 83.8240356445, 84.3116531372, 84.7992706299, 85.2868881226, 85.7745132446, 86.2621307373, 86.74974823, 87.2489776611, 87.7482070923, 88.235824585, 88.7234420776, 89.1994552612, 89.6754608154, 90.1630859375, 90.6390914917, 91.1383209229, 91.637550354, 92.1251678467, 92.6243972778, 93.123626709, 93.6112442017, 94.0872573853, 94.5748748779, 95.0741043091, 95.5733337402, 96.0609512329, 96.5485687256, 97.0361862183, 97.5238113403, 98.0230331421, 98.5222625732, 99.0214920044, 99.5207214355, 100.008346558, 100.49596405, 100.983581543, 101.459587097, 101.935600281, 102.423217773, 102.922447205, 103.421676636, 103.909294128, 104.396911621, 104.884536743, 105.372154236, 105.859771729, 106.347389221, 106.835006714, 107.334236145, 107.833465576, 108.321083069, 108.8203125, 109.319541931, 109.818771362, 110.306388855, 110.805618286, 111.304847717, 111.804077148, 112.30330658, 112.802536011, 113.290153503, 113.789382935, 114.288612366, 114.799453735, 115.298683167, 115.797912598, 116.297142029, 116.79637146, 117.295600891, 117.794830322, 118.294059753, 118.793289185, 119.269294739, 119.745300293, 120.232925415, 120.732154846, 121.219772339, 121.71900177, 122.206619263, 122.694236755, 123.181854248, 123.66947937, 124.157096863, 124.633102417, 125.109115601, 125.596733093, 126.084350586, 126.583580017, 127.07119751, 127.558815002, 128.046432495, 128.545669556, 129.056503296, 129.555740356, 130.054962158, 130.54258728, 131.030197144, 131.517822266, 132.005432129, 132.493057251, 132.980682373, 133.479904175, 133.967529297, 134.466751099, 134.965988159, 135.453598022, 135.952835083, 136.440444946, 136.91645813, 137.392471313, 137.880081177, 138.367706299, 138.855331421, 139.342941284, 139.830566406, 140.329788208, 140.829025269, 141.316635132, 141.804260254, 142.291885376, 142.791107178, 143.290344238, 143.777954102, 144.265579224, 144.753189087, 145.240814209, 145.728439331, 146.227661133, 146.726898193, 147.214508057, 147.702133179, 148.20135498, 148.700592041, 149.199813843, 149.699050903, 150.198272705, 150.697509766, 151.196731567, 151.684356689, 152.183578491, 152.682815552, 153.182037354, 153.669662476, 154.157272339, 154.644897461, 155.144119263, 155.643356323, 156.130966187, 156.618591309, 157.106216431, 157.593826294, 158.081451416, 158.580673218, 159.079910278, 159.567520142, 160.066757202, 160.565979004, 161.065216064, 161.564437866, 162.052062988, 162.539672852, 163.038909912, 163.526535034, 164.014144897, 164.50177002, 164.989379883, 165.477005005, 165.976226807, 166.487075806, 166.974685669, 167.450698853, 167.938323975, 168.414321899, 168.901947021, 169.389572144, 169.877182007, 170.376419067, 170.875640869, 171.363265991, 171.850875854, 172.338500977, 172.826126099, 173.313735962, 173.801361084, 174.288970947, 174.776596069, 175.264221191, 175.751831055, 176.239456177, 176.72706604, 177.226303101, 177.725524902, 178.213150024, 178.700775146, 179.18838501, 179.664398193, 180.152008057, 180.639633179, 181.115646362, 181.603256226, 182.090881348, 182.57850647, 183.077728271, 183.576965332, 184.064575195, 184.552200317, 185.039810181, 185.527435303, 186.015060425, 186.502670288, 186.99029541, 187.489517212, 187.988754272, 188.499588013, 188.998809814, 189.498046875, 189.985671997, 190.484893799, 190.984130859, 191.4949646, 191.994186401, 192.493423462, 192.981033325, 193.480270386, 193.979492188, 194.478729248, 194.97795105, 195.47718811, 195.976409912, 196.464035034, 196.963256836, 197.462493896, 197.961715698, 198.460952759, 198.971786499, 199.459411621, 199.947021484, 200.446258545, 200.945480347, 201.444717407, 201.943939209, 202.431564331, 202.919174194, 203.406799316, 203.894424438, 204.382034302, 204.869659424, 205.345672607, 205.833282471, 206.320907593, 206.796905518, 207.28453064, 207.760543823, 208.248153687, 208.72416687, 209.200180054, 209.676193237, 210.163803101, 210.639816284, 211.115829468, 211.603439331, 212.091064453, 212.578674316, 213.066299438, 213.542312622, 214.018310547, 214.505935669, 214.993560791, 215.481170654, 215.968795776, 216.45640564, 216.9556427, 217.443267822, 217.930877686, 218.406890869, 218.894515991, 219.382125854, 219.869750977, 220.35736084, 220.844985962, 221.332611084, 221.808609009, 222.284622192, 222.760635376, 223.236633301, 223.724258423, 224.211883545, 224.699493408, 225.18711853, 225.674728394, 226.139129639, 226.615142822, 227.091156006, 227.567153931, 228.043167114, 228.519180298, 228.995193481, 229.471191406, 229.94720459, 230.411605835, 230.887619019, 231.363616943, 231.839630127, 232.315643311, 232.803268433, 233.279266357, 233.755279541, 234.242904663, 234.730514526, 235.20652771, 235.682540894, 236.170150757, 236.657775879, 237.145385742, 237.633010864, 238.120635986, 238.60824585, 239.095870972, 239.583480835, 240.071105957, 240.558731079, 241.046340942, 241.533966064, 242.009979248, 242.485977173, 242.973602295, 243.472824097, 243.960449219, 244.436462402, 244.924072266, 245.411697388, 245.887710571, 246.363708496, 246.851333618, 247.33895874, 247.826568604, 248.314193726, 248.801803589, 249.277816772, 249.765441895, 250.241439819, 250.729064941, 251.216690063, 251.704299927, 252.18031311, 252.656326294, 253.143936157, 253.631561279, 254.119186401, 254.606796265, 255.094421387, 255.58203125, 256.069641113, 256.557281494, 257.044891357, 257.555725098, 258.054962158, 258.554199219, 259.053405762, 259.552642822, 260.051879883, 260.551116943, 261.050323486, 261.549560547, 262.03717041, 262.524810791, 263.035644531, 263.523254395, 264.010864258, 264.498504639, 264.986114502, 265.462127686, 265.938140869, 266.425750732, 266.901763916, 267.3777771, 267.865386963, 268.352996826, 268.81741333, 269.281799316, 269.7578125, 270.233825684, 270.721435547, 271.209075928, 271.696685791, 272.184295654, 272.660308838, 273.124725342, 273.600708008, 274.065124512, 274.541137695, 275.017150879, 275.481536865, 275.945922852, 276.421936035, 276.886352539, 277.350738525, 277.838348389, 278.314361572, 278.778778076, 279.243164062, 279.719177246, 280.19519043, 280.671203613, 281.12399292, 281.588378906, 282.05279541, 282.528778076, 282.99319458, 283.469207764, 283.93359375, 284.398010254, 284.86239624, 285.326782227, 285.80279541, 286.278808594, 286.754821777, 287.219238281, 287.695220947, 288.159637451, 288.612426758, 289.065216064, 289.506378174, 289.970794678, 290.435180664, 290.911193848, 291.387207031, 291.863220215, 292.339233398, 292.792022705, 293.268035889, 293.732421875, 294.196807861, 294.661224365, 295.125610352, 295.578399658, 296.054412842, 296.518829346, 296.994812012, 297.459228516, 297.923614502, 298.376403809, 298.840820312, 299.293609619, 299.746398926, 300.210784912, 300.675201416, 301.127990723, 301.580780029, 302.045166016, 302.497955322, 302.950744629, 303.426757812, 303.902770996, 304.367156982, 304.831573486, 305.307556152, 305.771972656, 306.224761963, 306.689147949, 307.153564453, 307.617950439, 308.082366943, 308.54675293, 309.022766113, 309.498779297, 309.97479248, 310.473999023, 310.973236084, 311.472473145, 311.960083008, 312.447692871, 312.923706055, 313.399719238, 313.887329102, 314.374969482, 314.862579346, 315.350189209, 315.83782959, 316.337036133, 316.836273193, 317.323883057, 317.823120117, 318.31072998, 318.798370361, 319.285980225, 319.773590088, 320.261230469, 320.737213135, 321.224853516, 321.712463379, 322.200073242, 322.664489746, 323.14050293, 323.616516113, 324.092498779, 324.568511963, 325.044525146, 325.52053833, 325.996551514, 326.484161377, 326.960174561, 327.447784424, 327.923797607, 328.399810791, 328.887420654, 329.386657715, 329.874267578, 330.373504639, 330.861114502, 331.348754883, 331.847961426, 332.347198486, 332.834838867, 333.32244873, 333.821685791, 334.320892334, 334.820129395, 335.319366455, 335.806976318, 336.294586182, 336.782226562, 337.269836426, 337.757446289, 338.233459473, 338.709472656, 339.18548584, 339.661499023, 340.137512207, 340.613494873, 341.101135254, 341.588745117, 342.07635498, 342.563995361, 343.040008545, 343.527618408, 344.026855469, 344.514465332, 345.002075195, 345.489685059, 345.988922119, 346.48815918, 346.99899292, 347.486602783, 347.997467041, 348.496673584, 348.995910645, 349.483520508, 349.982757568, 350.481994629, 350.969604492, 351.445617676, 351.933227539, 352.42086792, 352.896850586, 353.37286377, 353.86050415, 354.336486816, 354.824127197, 355.311737061, 355.810974121, 356.298583984, 356.797821045, 357.285430908, 357.773040771, 358.260681152, 358.748291016, 359.235900879, 359.700317383, 360.176330566, 360.65234375, 361.116729736, 361.569519043, 362.045532227, 362.509918213, 363.03237915, 363.55480957, 364.077270508, 364.599731445, 365.133789062, 365.679443359, 366.225128174, 366.782409668, 367.316467285, 367.827301025, 368.338134766, 368.848968506, 369.359802246, 369.859039307, 370.358276367, 370.84588623, 371.333496094, 371.821136475, 372.308746338, 372.807983398, 373.307189941, 373.794830322, 374.282440186, 374.793273926, 375.292510986, 375.791748047, 376.302581787, 376.813415527, 377.324249268, 377.846710205, 378.369140625, 378.891601562, 379.437286377, 379.994537354, 380.586669922, 381.178771973, 381.759277344, 382.409423828, 383.059570312, 383.709747314, 384.359893799, 384.986846924, 385.613769531, 386.240722656, 386.867645264, 387.494598389, 388.16796875, 388.841339111, 389.52633667, 390.211334229, 390.88470459, 391.569702148, 392.254699707, 392.939666748],
