{
"metadata": {
    "version": {
        "essentia": "2.1-dev",
        "essentia_git_sha": "v2.1_beta3-415-gd5473f3",
        "extractor": "music 2.0"
    },
    "audio_properties": {
        "analysis": {
            "equal_loudness": 0,
            "length": 619.180419922,
            "sample_rate": 44100,
            "start_time": 0,
            "downmix": "mix"
        },
        "bit_rate": 192000,
        "length": 619.180419922,
        "lossless": 0,
        "number_channels": 2,
        "replay_gain": -6.17287826538,
        "sample_rate": 44100,
        "codec": "mp3",
        "md5_encoded": "7be2b0d52137240c9b3bcbdfc527c789"
    },
    "tags": {
        "file_name": "brandford_marsalis_quarter-requiem.mp3",
        "album": ["Contemporary Jazz             "],
        "artist": ["Brandford Marsalis Quartet    "],
        "date": ["2000"],
        "genre": ["Jazz"],
        "title": ["Requiem                       "]
    }
},
"lowlevel": {
    "average_loudness": 0.0274529922754,
    "barkbands_crest": {
        "mean": 12.9048051834,
        "stdev": 4.48580312729
    },
    "barkbands_flatness_db": {
        "mean": 0.25746062398,
        "stdev": 0.0839667394757
    },
    "barkbands_kurtosis": {
        "mean": 10.264799118,
        "stdev": 25.2671489716
    },
    "barkbands_skewness": {
        "mean": 1.54783260822,
        "stdev": 1.531701684
    },
    "barkbands_spread": {
        "mean": 7.73339223862,
        "stdev": 7.49040269852
    },
    "dissonance": {
        "mean": 0.396836727858,
        "stdev": 0.0664179995656
    },
    "dynamic_complexity": 6.90310621262,
    "erbbands_crest": {
        "mean": 15.103302002,
        "stdev": 6.38039112091
    },
    "erbbands_flatness_db": {
        "mean": 0.256343156099,
        "stdev": 0.0713673532009
    },
    "erbbands_kurtosis": {
        "mean": 5.55391073227,
        "stdev": 8.86913490295
    },
    "erbbands_skewness": {
        "mean": 1.25994825363,
        "stdev": 1.18272900581
    },
    "erbbands_spread": {
        "mean": 17.2852668762,
        "stdev": 14.8622350693
    },
    "hfc": {
        "mean": 8.56498813629,
        "stdev": 13.9879894257
    },
    "loudness_ebu128": {
        "integrated": -19.3784160614,
        "loudness_range": 13.9530181885,
        "momentary": {
            "mean": -23.9651088715,
            "stdev": 8.02220058441
        },
        "short_term": {
            "mean": -22.6000900269,
            "stdev": 5.70564699173
        }
    },
    "melbands_crest": {
        "mean": 16.1462516785,
        "stdev": 5.49862718582
    },
    "melbands_flatness_db": {
        "mean": 0.341314136982,
        "stdev": 0.101756110787
    },
    "melbands_kurtosis": {
        "mean": 11.6911973953,
        "stdev": 23.1222286224
    },
    "melbands_skewness": {
        "mean": 1.71981537342,
        "stdev": 1.51203417778
    },
    "melbands_spread": {
        "mean": 9.648478508,
        "stdev": 9.0436706543
    },
    "pitch_salience": {
        "mean": 0.498218595982,
        "stdev": 0.120605111122
    },
    "silence_rate_20dB": {
        "mean": 0.999962508678,
        "stdev": 0.00612355628982
    },
    "silence_rate_30dB": {
        "mean": 0.991712629795,
        "stdev": 0.0906639322639
    },
    "silence_rate_60dB": {
        "mean": 0.29849627614,
        "stdev": 0.457546323538
    },
    "spectral_centroid": {
        "mean": 659.27557373,
        "stdev": 508.620147705
    },
    "spectral_complexity": {
        "mean": 7.88911390305,
        "stdev": 5.65619754791
    },
    "spectral_decrease": {
        "mean": -3.8053675766e-09,
        "stdev": 5.33583044415e-09
    },
    "spectral_energy": {
        "mean": 0.0151391550899,
        "stdev": 0.0212378595024
    },
    "spectral_energyband_high": {
        "mean": 7.58405440138e-05,
        "stdev": 0.0002745972306
    },
    "spectral_energyband_low": {
        "mean": 0.00283805606887,
        "stdev": 0.0073131211102
    },
    "spectral_energyband_middle_high": {
        "mean": 0.00226925988682,
        "stdev": 0.00570178823546
    },
    "spectral_energyband_middle_low": {
        "mean": 0.0104151358828,
        "stdev": 0.0153943449259
    },
    "spectral_entropy": {
        "mean": 6.25786018372,
        "stdev": 0.762468278408
    },
    "spectral_flux": {
        "mean": 0.0365885347128,
        "stdev": 0.0373731479049
    },
    "spectral_kurtosis": {
        "mean": 22.1773681641,
        "stdev": 21.3784599304
    },
    "spectral_rms": {
        "mean": 0.00315272831358,
        "stdev": 0.00219778483734
    },
    "spectral_rolloff": {
        "mean": 697.377563477,
        "stdev": 713.501403809
    },
    "spectral_skewness": {
        "mean": 3.27918815613,
        "stdev": 1.69764566422
    },
    "spectral_spread": {
        "mean": 2810267.75,
        "stdev": 1587606.875
    },
    "spectral_strongpeak": {
        "mean": 1.0792388916,
        "stdev": 1.31682944298
    },
    "zerocrossingrate": {
        "mean": 0.0282942932099,
        "stdev": 0.0213214457035
    },
    "barkbands": {
        "mean": [3.60120952791e-06, 0.00132499134634, 0.00126534281299, 0.000567978248, 0.00196844502352, 0.00255956337787, 0.00117222242989, 0.00194841600023, 0.00180164386984, 0.000762345734984, 0.000241119298153, 0.000313688011374, 0.000297050835798, 0.000199021000299, 0.000166137542692, 8.09199773357e-05, 0.000126458806335, 0.000130302927573, 9.35114949243e-05, 6.52631206322e-05, 2.86722570308e-05, 7.14484122e-06, 5.99428221904e-06, 3.4432209759e-06, 2.58978047896e-06, 2.42479609369e-06, 8.38470953113e-07],
        "stdev": [8.54751942825e-06, 0.00422340072691, 0.00381102156825, 0.00134093035012, 0.00395479192957, 0.00510919094086, 0.00290240813047, 0.00644076941535, 0.00599728478119, 0.0040428172797, 0.00108165305573, 0.00159647793043, 0.00121612718794, 0.000811553036328, 0.000625856569968, 0.000469270424219, 0.000477842026157, 0.000426109269029, 0.000277592975181, 0.000231953585171, 0.000128957035486, 2.86742779281e-05, 2.73913974524e-05, 1.41136115417e-05, 1.16769178931e-05, 1.21425809994e-05, 7.47481772123e-06]
    },
    "erbbands": {
        "mean": [0.0200515482575, 0.368065148592, 1.41157484055, 1.67119443417, 3.41002368927, 5.71886873245, 20.169380188, 18.3394126892, 13.7378454208, 26.4976272583, 53.6806411743, 42.9149856567, 27.5462646484, 16.6059513092, 9.43657016754, 14.4230804443, 14.8636436462, 12.1754426956, 8.19466781616, 7.07020425797, 4.78516626358, 6.37973117828, 7.38186693192, 5.25177001953, 4.92769098282, 3.22653317451, 1.63005232811, 0.682347357273, 0.267578721046, 0.245243251324, 0.149031162262, 0.0853922069073, 0.049222972244, 0.03056348674, 0.0179668143392, 0.00974410679191, 0.00452059973031, 0.00139224622399, 0.000146806298289, 2.16850403376e-05],
        "stdev": [0.0527639463544, 1.19125473499, 4.42252969742, 3.5825984478, 8.79274845123, 10.4626541138, 59.5633201599, 38.0945091248, 25.1802482605, 70.4138641357, 172.749221802, 145.803649902, 120.498123169, 104.986602783, 39.7108421326, 65.3360290527, 60.7707977295, 47.4943237305, 29.7495193481, 33.8286018372, 18.3460140228, 24.501619339, 22.2190132141, 15.3325834274, 15.6110191345, 11.7808818817, 6.62094449997, 3.24170899391, 1.10021269321, 1.1093878746, 0.642413437366, 0.353360623121, 0.216411292553, 0.131067976356, 0.0853017494082, 0.0483297146857, 0.0238140895963, 0.00836069136858, 0.00147373368964, 5.68575742363e-05]
    },
    "gfcc": {
        "mean": [-158.114303589, 151.766311646, -99.0158081055, 7.06973838806, -56.6142692566, -12.7457056046, -32.1542015076, 2.885160923, -22.3406486511, -1.92868053913, -9.057056427, -4.89259147644, -10.6993875504],
        "cov": [[16882.8515625, -1493.51293945, -3783.99511719, -307.816589355, 237.200027466, -276.921295166, 126.149490356, 77.3412017822, -90.0626525879, 316.22479248, -76.1845169067, 73.0111999512, -361.368682861], [-1493.51293945, 1738.99560547, 490.264862061, -297.270690918, 180.05317688, -199.667663574, 182.248352051, -115.110740662, 107.15234375, -256.052398682, 114.619468689, -148.939956665, 177.618408203], [-3783.99511719, 490.264862061, 2218.99291992, 73.8205566406, 0.985185086727, 314.332183838, -14.4989719391, 30.3271865845, -34.3768196106, -70.9306259155, -180.850448608, 35.0551528931, -25.0837421417], [-307.816589355, -297.270690918, 73.8205566406, 577.12097168, 60.3794326782, 82.0247573853, 19.7879676819, 46.1978034973, 10.0327310562, 42.9716262817, 28.2263565063, -10.3068552017, -9.51863384247], [237.200027466, 180.05317688, 0.985185086727, 60.3794326782, 315.626373291, 81.1667098999, 65.5344314575, 23.3816432953, 15.3646459579, 3.92109155655, 11.5789699554, -8.99116230011, -40.506439209], [-276.921295166, -199.667663574, 314.332183838, 82.0247573853, 81.1667098999, 323.292388916, 25.8822822571, 41.6435813904, -16.8221225739, 54.128490448, -70.221206665, 47.7967185974, -46.3644142151], [126.149490356, 182.248352051, -14.4989719391, 19.7879676819, 65.5344314575, 25.8822822571, 164.048355103, 40.2072067261, 31.1901817322, -23.7593326569, 16.1081581116, -22.5141487122, 24.1437397003], [77.3412017822, -115.110740662, 30.3271865845, 46.1978034973, 23.3816432953, 41.6435813904, 40.2072067261, 147.336761475, 45.5271034241, 44.8982658386, -19.6566410065, 6.41253614426, -13.5948419571], [-90.0626525879, 107.15234375, -34.3768196106, 10.0327310562, 15.3646459579, -16.8221225739, 31.1901817322, 45.5271034241, 125.207748413, 36.8882598877, 29.2711334229, -23.2688446045, 22.4019622803], [316.22479248, -256.052398682, -70.9306259155, 42.9716262817, 3.92109155655, 54.128490448, -23.7593326569, 44.8982658386, 36.8882598877, 145.433776855, 21.6266689301, 36.0459327698, -45.1954154968], [-76.1845169067, 114.619468689, -180.850448608, 28.2263565063, 11.5789699554, -70.221206665, 16.1081581116, -19.6566410065, 29.2711334229, 21.6266689301, 170.651763916, 24.2947635651, 42.0067329407], [73.0111999512, -148.939956665, 35.0551528931, -10.3068552017, -8.99116230011, 47.7967185974, -22.5141487122, 6.41253614426, -23.2688446045, 36.0459327698, 24.2947635651, 121.964691162, 19.8728599548], [-361.368682861, 177.618408203, -25.0837421417, -9.51863384247, -40.506439209, -46.3644142151, 24.1437397003, -13.5948419571, 22.4019622803, -45.1954154968, 42.0067329407, 19.8728599548, 155.894393921]],
        "icov": [[0.000129892767291, -5.27121410414e-05, 0.000256118451944, 4.69252563562e-06, -3.65050582332e-05, 7.51361440052e-05, -0.000201991628273, -1.94989593183e-06, 0.00014136385289, -0.00023757116287, 0.000395169510739, -0.000313602853566, 0.000290931755444], [-5.27121410414e-05, 0.00271480507217, -0.00111818744335, 0.00144808669575, -0.00188349047676, 0.00110166158993, -0.00149243150372, 0.001622189302, -0.00206330651417, 0.00250982982107, -0.00223829993047, 0.0024600548204, -0.00178230565507], [0.000256118451944, -0.00111818744335, 0.00147746352013, -0.000606009270996, 0.000774342566729, -0.000891309173312, 0.000395558192395, -0.000675550254527, 0.000735113513656, -0.000678739801515, 0.00188384880312, -0.00172506109811, 0.00129424815532], [4.69252563562e-06, 0.00144808669575, -0.000606009270996, 0.00274637551047, -0.00125649140682, 7.95393862063e-05, -0.000698804040439, 0.000243601607508, -0.000538448395673, 0.00074824586045, -0.00186355749611, 0.00215236726217, -0.00122010312043], [-3.65050582332e-05, -0.00188349047676, 0.000774342566729, -0.00125649140682, 0.00535791693255, -0.00194841937628, -9.69757020357e-05, -0.00113757187501, 0.000701142416801, -0.000610465824138, 0.000532782752998, -0.00162594497669, 0.00262368423864], [7.51361440052e-05, 0.00110166158993, -0.000891309173312, 7.95393862063e-05, -0.00194841937628, 0.00601736502722, -0.00230411998928, 0.000948836735915, 1.1805500435e-05, -0.00156445323955, 0.00170705863275, -0.00124799099285, -0.000252759171417], [-0.000201991628273, -0.00149243150372, 0.000395558192395, -0.000698804040439, -9.69757020357e-05, -0.00230411998928, 0.00987578183413, -0.00362733216025, -8.04902156233e-05, 0.00153879274148, -0.000979503849521, 0.000873067299835, -0.000692798639648], [-1.94989593183e-06, 0.001622189302, -0.000675550254527, 0.000243601607508, -0.00113757187501, 0.000948836735915, -0.00362733216025, 0.0107683995739, -0.0043073403649, -0.000939877820201, 0.00119170371909, -0.000209618723602, -0.000407042884035], [0.00014136385289, -0.00206330651417, 0.000735113513656, -0.000538448395673, 0.000701142416801, 1.1805500435e-05, -8.04902156233e-05, -0.0043073403649, 0.0144055625424, -0.00704631395638, 0.000330564391334, 0.00247727800161, -0.00193128711544], [-0.00023757116287, 0.00250982982107, -0.000678739801515, 0.00074824586045, -0.000610465824138, -0.00156445323955, 0.00153879274148, -0.000939877820201, -0.00704631395638, 0.0160343870521, -0.00480601890013, -0.00119725207333, 0.00269074318931], [0.000395169510739, -0.00223829993047, 0.00188384880312, -0.00186355749611, 0.000532782752998, 0.00170705863275, -0.000979503849521, 0.00119170371909, 0.000330564391334, -0.00480601890013, 0.0119311567396, -0.00553410081193, 0.000607030291576], [-0.000313602853566, 0.0024600548204, -0.00172506109811, 0.00215236726217, -0.00162594497669, -0.00124799099285, 0.000873067299835, -0.000209618723602, 0.00247727800161, -0.00119725207333, -0.00553410081193, 0.0154854254797, -0.00580899324268], [0.000290931755444, -0.00178230565507, 0.00129424815532, -0.00122010312043, 0.00262368423864, -0.000252759171417, -0.000692798639648, -0.000407042884035, -0.00193128711544, 0.00269074318931, 0.000607030291576, -0.00580899324268, 0.0115662962198]]
    },
    "melbands": {
        "mean": [0.000278125546174, 0.000674893555697, 0.000353358482243, 0.000289411429549, 0.00060927553568, 0.000420264201239, 0.000228202858125, 0.000299263250781, 0.000462624127977, 0.000239125452936, 0.000131198306917, 6.69157598168e-05, 3.18225174851e-05, 3.20688886859e-05, 3.95428360207e-05, 2.83534918708e-05, 2.14340197999e-05, 1.2124532077e-05, 1.07456044134e-05, 7.80512073106e-06, 5.19486820849e-06, 6.52455855743e-06, 6.70635245115e-06, 7.14699262971e-06, 3.70707925867e-06, 3.94460994357e-06, 2.78698075817e-06, 1.9323149445e-06, 1.13385465283e-06, 6.70228132549e-07, 2.88276510219e-07, 1.42828312732e-07, 1.34468379542e-07, 1.37730751248e-07, 9.26338472595e-08, 6.22056006705e-08, 4.69421124194e-08, 3.46127144724e-08, 2.90232762268e-08, 2.47088678407e-08],
        "stdev": [0.000805948162451, 0.00203345809132, 0.000729705789126, 0.000613854324911, 0.00167599576525, 0.000821043679025, 0.000440095929662, 0.000784451840445, 0.00144557526801, 0.000825209834147, 0.000601836945862, 0.000460808107164, 0.000140113363159, 0.0001163959314, 0.000221654496272, 0.000104745973658, 8.9512723207e-05, 4.82620271214e-05, 4.26411679655e-05, 4.90543461638e-05, 2.2024009013e-05, 3.13330856443e-05, 2.06340464501e-05, 2.81215852738e-05, 1.13464557217e-05, 1.35266245707e-05, 9.63162892731e-06, 7.71324903326e-06, 4.89775356982e-06, 3.316045877e-06, 1.50672860855e-06, 6.80968298639e-07, 5.16004377005e-07, 6.81436972627e-07, 4.18551962866e-07, 2.75013519513e-07, 1.99112491828e-07, 1.46392920897e-07, 1.38391612836e-07, 1.07864998711e-07]
    },
    "melbands128": {
        "mean": [3.30777038471e-06, 8.8464395958e-05, 0.000367368891602, 0.000685340550262, 0.000777769251727, 0.000573062687181, 0.000308531278279, 0.000306865986204, 0.000383018341381, 0.000263134337729, 0.000230718243984, 0.000523735419847, 0.000870315590873, 0.000536276551429, 0.000381454214221, 0.000442916119937, 0.000210167709156, 0.000158816954354, 0.000277004321106, 0.00032761800685, 0.000226665040827, 0.000409385480452, 0.000553122255951, 0.000440657546278, 0.000316736899549, 0.000125080812722, 0.000141149794217, 0.000174909888301, 6.58607314108e-05, 9.08679066924e-05, 5.81264939683e-05, 3.70504749299e-05, 3.46230553987e-05, 2.39014025283e-05, 2.51346373261e-05, 3.37810161e-05, 4.78231086163e-05, 3.21278785123e-05, 5.09497367602e-05, 2.63163910859e-05, 1.75988479896e-05, 3.79209013772e-05, 2.10468097066e-05, 1.70082130353e-05, 7.97757365945e-06, 1.21732591651e-05, 1.67143571161e-05, 9.19444482861e-06, 8.82313179318e-06, 1.1389141946e-05, 7.61775118008e-06, 4.30911450167e-06, 5.33205366082e-06, 4.87239231006e-06, 6.78852302372e-06, 6.33292302155e-06, 5.4861229728e-06, 9.78987009148e-06, 5.49390279048e-06, 5.19202194482e-06, 9.55231280386e-06, 6.15681256022e-06, 3.99608234147e-06, 3.13232976623e-06, 3.101577704e-06, 4.17129376729e-06, 4.61228864879e-06, 2.89962554234e-06, 2.00038607545e-06, 3.13273631036e-06, 1.96795372176e-06, 1.52632344452e-06, 1.11492533961e-06, 1.34646768402e-06, 5.88815794345e-07, 9.04793751033e-07, 6.04294484674e-07, 3.20749165894e-07, 2.80268807273e-07, 2.05699961953e-07, 1.17852351877e-07, 1.28988617121e-07, 1.49862330545e-07, 1.19156105427e-07, 1.3974556623e-07, 1.52486762772e-07, 1.29837772533e-07, 1.26371190845e-07, 9.38299606901e-08, 6.34733154925e-08, 6.97199880051e-08, 5.79861882954e-08, 5.98019980202e-08, 4.48720882673e-08, 4.53559820812e-08, 3.02993683476e-08, 3.40879964256e-08, 3.52279734273e-08, 3.08007663818e-08, 2.25550635946e-08, 2.94080706453e-08, 2.32819790114e-08, 2.3227617163e-08, 2.04948555904e-08, 2.04180832242e-08, 1.80946457817e-08, 2.10423127811e-08, 1.79217938268e-08, 1.62953242011e-08, 1.50153027789e-08, 1.57076271989e-08, 1.52063464043e-08, 1.48919969689e-08, 1.26978916271e-08, 1.38376519132e-08, 1.29728485732e-08, 1.22870504882e-08, 7.41399475146e-09, 5.22812282355e-09, 4.59426363619e-09, 3.45966455484e-09, 2.0427346481e-09, 1.28719346293e-09, 7.19141246552e-10, 2.69070404846e-10, 1.32560993432e-11, 2.11131567958e-12, 2.09530114613e-12],
        "stdev": [8.23141817818e-06, 0.000251055287663, 0.00106355943717, 0.00249713798985, 0.0026728133671, 0.00162458559498, 0.000734967354219, 0.000751161482185, 0.00114704156294, 0.00083421060117, 0.000520563160535, 0.00140868721064, 0.00299281813204, 0.00133842066862, 0.000953058653977, 0.00125041347928, 0.00057900743559, 0.000438342249254, 0.000970742781647, 0.00112910522148, 0.000994968228042, 0.00166048039682, 0.00224859477021, 0.00187659042422, 0.00152531720232, 0.000728721031919, 0.000603268214036, 0.00114616088104, 0.000307256617816, 0.000911747454666, 0.00040721782716, 0.000183270560228, 0.000203910647542, 0.000225310126552, 0.00012546023936, 0.000163138480275, 0.000265320384642, 0.000409802887589, 0.000300296553178, 0.000142962191603, 0.000112340290798, 0.000242381938733, 0.000104139871837, 0.000101556710433, 5.98171754973e-05, 7.08356019459e-05, 8.59354258864e-05, 6.24845706625e-05, 6.16617544438e-05, 8.7404390797e-05, 8.77892962308e-05, 2.9194769013e-05, 3.23468921124e-05, 3.55222109647e-05, 4.72092760901e-05, 6.07269757893e-05, 2.60570759565e-05, 4.56521302112e-05, 2.43233516812e-05, 2.7196303563e-05, 5.34954160685e-05, 3.08448288706e-05, 2.01925759029e-05, 1.34937999974e-05, 1.57663343998e-05, 2.13964849536e-05, 2.24112209253e-05, 1.41743212225e-05, 1.20724498629e-05, 1.8462045773e-05, 9.36258402362e-06, 1.15249376904e-05, 6.44147485218e-06, 8.50118885865e-06, 3.40636233886e-06, 6.10688130109e-06, 5.05907155457e-06, 2.30668615586e-06, 2.16556941268e-06, 1.44162731885e-06, 1.00591512364e-06, 6.81863696173e-07, 6.68026416406e-07, 5.69954352159e-07, 7.90765000147e-07, 1.14283966468e-06, 6.96074835105e-07, 8.71092311172e-07, 4.87635645641e-07, 3.92041926034e-07, 3.69540885004e-07, 3.25141087387e-07, 3.13115208428e-07, 2.17236092226e-07, 2.39799248902e-07, 1.20334348708e-07, 1.50276179056e-07, 2.65265640564e-07, 1.5113383256e-07, 1.00971071504e-07, 1.49076711864e-07, 1.13219513764e-07, 1.04437937409e-07, 9.70735953842e-08, 1.06513027731e-07, 1.01106891748e-07, 1.25445467347e-07, 9.25980145894e-08, 8.4476035056e-08, 7.90961038888e-08, 8.7836916407e-08, 9.15046030059e-08, 8.47366337098e-08, 6.75127225236e-08, 7.69893304664e-08, 7.20520887398e-08, 7.19352115652e-08, 7.97553170173e-08, 6.42056079414e-08, 6.75780356119e-08, 5.22743306419e-08, 3.40066357296e-08, 2.60001637997e-08, 1.42850833385e-08, 7.38590921756e-09, 5.04378872002e-10, 4.64921677545e-12, 4.62374322857e-12]
    },
    "mfcc": {
        "mean": [-805.108215332, 178.846221924, 13.6109800339, 23.6884307861, -3.62353682518, -10.8185434341, -3.22520279884, -3.62997126579, -8.01170063019, -1.47287273407, 0.441194921732, -0.457023382187, -1.99532461166],
        "cov": [[14636.2041016, -195.885635376, -3975.73388672, 142.885681152, -584.827514648, -193.738342285, -76.7157974243, -148.320983887, -204.015213013, 302.488220215, 51.3803291321, 181.95803833, 51.2822608948], [-195.885635376, 1735.61315918, 213.413314819, -214.293395996, 27.3200702667, -73.4972991943, 52.6627693176, 36.962097168, 21.5723514557, -65.3551864624, -13.1868600845, -46.6087837219, -35.0037879944], [-3975.73388672, 213.413314819, 1981.4753418, -20.0822200775, 198.049331665, 188.892608643, 51.4674568176, 100.780731201, 144.801757812, -92.9885787964, -32.4658279419, -64.2963485718, -32.4166412354], [142.885681152, -214.293395996, -20.0822200775, 381.87298584, 75.7880477905, 13.5079689026, 47.6227416992, 19.9617118835, -12.2185754776, 44.4851837158, 40.4473075867, 23.711725235, 9.80663013458], [-584.827514648, 27.3200702667, 198.049331665, 75.7880477905, 218.058654785, 89.0042266846, 52.0934143066, 48.2409629822, 31.3147563934, 16.4506034851, 15.9877843857, 11.4907569885, 20.9663772583], [-193.738342285, -73.4972991943, 188.892608643, 13.5079689026, 89.0042266846, 220.055770874, 78.0836868286, 50.8414230347, 63.7709159851, 7.20470333099, -9.33485507965, 19.7258586884, 24.8437786102], [-76.7157974243, 52.6627693176, 51.4674568176, 47.6227416992, 52.0934143066, 78.0836868286, 145.601425171, 71.8278274536, 19.971830368, 13.7315263748, 6.3597202301, -5.02390909195, 4.24418067932], [-148.320983887, 36.962097168, 100.780731201, 19.9617118835, 48.2409629822, 50.8414230347, 71.8278274536, 115.387451172, 53.4070205688, 13.3315162659, -0.380058079958, -14.6723136902, -3.70730543137], [-204.015213013, 21.5723514557, 144.801757812, -12.2185754776, 31.3147563934, 63.7709159851, 19.971830368, 53.4070205688, 149.387557983, 53.3356285095, -7.91556596756, -9.2275056839, -7.89028406143], [302.488220215, -65.3551864624, -92.9885787964, 44.4851837158, 16.4506034851, 7.20470333099, 13.7315263748, 13.3315162659, 53.3356285095, 129.191757202, 53.8836936951, 13.7966890335, 1.89610111713], [51.3803291321, -13.1868600845, -32.4658279419, 40.4473075867, 15.9877843857, -9.33485507965, 6.3597202301, -0.380058079958, -7.91556596756, 53.8836936951, 114.544509888, 52.3077392578, 4.91987991333], [181.95803833, -46.6087837219, -64.2963485718, 23.711725235, 11.4907569885, 19.7258586884, -5.02390909195, -14.6723136902, -9.2275056839, 13.7966890335, 52.3077392578, 108.086555481, 51.6483764648], [51.2822608948, -35.0037879944, -32.4166412354, 9.80663013458, 20.9663772583, 24.8437786102, 4.24418067932, -3.70730543137, -7.89028406143, 1.89610111713, 4.91987991333, 51.6483764648, 107.302932739]],
        "icov": [[0.000180585921044, -7.48166712583e-05, 0.000343557621818, -0.000132883229526, 0.000349250010913, -0.00033082588925, 0.000178199523361, -0.000181637558853, 0.000142661156133, -0.000323007319821, 0.000214650863199, -0.000194160616957, 0.000100065073639], [-7.48166712583e-05, 0.000744839257095, -0.000184789605555, 0.000524622038938, -0.000465739984065, 0.000789876969066, -0.000746443751268, 0.000191282349988, -0.000420751719503, 0.000610007205978, -0.000336858734954, 0.000160490119015, 1.56960413733e-05], [0.000343557621818, -0.000184789605555, 0.0013644102728, -0.000285300513497, 0.000194534208276, -0.00101496849675, 0.000569405965507, -0.000393588241423, -0.000550127122551, 0.000482812960399, -0.000217997338041, 0.000247107906034, 0.000216727799852], [-0.000132883229526, 0.000524622038938, -0.000285300513497, 0.00351830734871, -0.00150177115574, 0.0010349447839, -0.0014176123077, 0.000155232541147, 0.000492019986268, -0.000587906280998, -0.000363970204489, -0.000357229320798, 0.000177365684067], [0.000349250010913, -0.000465739984065, 0.000194534208276, -0.00150177115574, 0.00741563504562, -0.00280656595714, 0.00055335520301, -0.00180774088949, 0.000859984778799, -0.00132144906092, -0.000156701324158, -0.000110969755042, -0.000859153980855], [-0.00033082588925, 0.000789876969066, -0.00101496849675, 0.0010349447839, -0.00280656595714, 0.00899130105972, -0.00461312849075, 0.00113683822565, -0.00314227771014, 0.00140949699562, 0.0010144788539, -0.00196197489277, -0.000655174371786], [0.000178199523361, -0.000746443751268, 0.000569405965507, -0.0014176123077, 0.00055335520301, -0.00461312849075, 0.0131208021194, -0.00721661280841, 0.00298672774807, -0.00161213497631, -0.000219292560359, 0.00104680168442, -8.11344580143e-05], [-0.000181637558853, 0.000191282349988, -0.000393588241423, 0.000155232541147, -0.00180774088949, 0.00113683822565, -0.00721661280841, 0.0159938056022, -0.00550977513194, 0.00221651606262, -0.0016919830814, 0.00224682874978, -0.000504058087245], [0.000142661156133, -0.000420751719503, -0.000550127122551, 0.000492019986268, 0.000859984778799, -0.00314227771014, 0.00298672774807, -0.00550977513194, 0.0133018419147, -0.00794850848615, 0.0043623498641, -0.0016942746006, 0.00156846793834], [-0.000323007319821, 0.000610007205978, 0.000482812960399, -0.000587906280998, -0.00132144906092, 0.00140949699562, -0.00161213497631, 0.00221651606262, -0.00794850848615, 0.0159125514328, -0.00862800423056, 0.00353742018342, -0.0015475731343], [0.000214650863199, -0.000336858734954, -0.000217997338041, -0.000363970204489, -0.000156701324158, 0.0010144788539, -0.000219292560359, -0.0016919830814, 0.0043623498641, -0.00862800423056, 0.0174345672131, -0.00978450104594, 0.00388433760963], [-0.000194160616957, 0.000160490119015, 0.000247107906034, -0.000357229320798, -0.000110969755042, -0.00196197489277, 0.00104680168442, 0.00224682874978, -0.0016942746006, 0.00353742018342, -0.00978450104594, 0.0185005702078, -0.0078787850216], [0.000100065073639, 1.56960413733e-05, 0.000216727799852, 0.000177365684067, -0.000859153980855, -0.000655174371786, -8.11344580143e-05, -0.000504058087245, 0.00156846793834, -0.0015475731343, 0.00388433760963, -0.0078787850216, 0.0133882276714]]
    },
    "spectral_contrast_coeffs": {
        "mean": [-0.682906627655, -0.694443702698, -0.732804059982, -0.783855855465, -0.792327284813, -0.805829405785],
        "stdev": [0.0882801413536, 0.098939679563, 0.0931649729609, 0.08148958534, 0.0776154473424, 0.0510699935257]
    },
    "spectral_contrast_valleys": {
        "mean": [-7.56567287445, -7.62306880951, -9.03683376312, -9.68448352814, -9.78539657593, -12.6025791168],
        "stdev": [1.13926935196, 1.27026748657, 1.34342598915, 1.39405655861, 1.42105090618, 1.20310854912]
    }
},
"rhythm": {
    "beats_count": 1233,
    "beats_loudness": {
        "mean": 0.0181103087962,
        "stdev": 0.0238618552685
    },
    "bpm": 148.594360352,
    "bpm_histogram_first_peak_bpm": 148,
    "bpm_histogram_first_peak_weight": 0.555555582047,
    "bpm_histogram_second_peak_bpm": 115,
    "bpm_histogram_second_peak_spread": 0.585635364056,
    "bpm_histogram_second_peak_weight": 0.0608766227961,
    "danceability": 0.964183986187,
    "onset_rate": 2.60015034676,
    "beats_loudness_band_ratio": {
        "mean": [0.288025319576, 0.345998585224, 0.298227190971, 0.0827739238739, 0.0251715127379, 0.0117562683299],
        "stdev": [0.275475412607, 0.252587944269, 0.241817697883, 0.139663204551, 0.0505142137408, 0.0293658208102]
    },
