{
"metadata": {
    "version": {
        "essentia": "2.1-dev",
        "essentia_git_sha": "v2.1_beta3-415-gd5473f3",
        "extractor": "music 2.0"
    },
    "audio_properties": {
        "analysis": {
            "equal_loudness": 0,
            "length": 178.259597778,
            "sample_rate": 44100,
            "start_time": 0,
            "downmix": "mix"
        },
        "bit_rate": 192000,
        "length": 178.259597778,
        "lossless": 0,
        "number_channels": 2,
        "replay_gain": -8.95365715027,
        "sample_rate": 44100,
        "codec": "mp3",
        "md5_encoded": "0897f59bcbed2aa6ed4251e84a30b802"
    },
    "tags": {
        "file_name": "bud_powell-celia.mp3",
        "album": ["Jazz Giant-Remastered"],
        "artist": ["Bud Powell"],
        "date": ["1988"],
        "genre": ["Other"],
        "title": ["Celia"]
    }
},
"lowlevel": {
    "average_loudness": 0.80259090662,
    "barkbands_crest": {
        "mean": 13.6402320862,
        "stdev": 5.17281961441
    },
    "barkbands_flatness_db": {
        "mean": 0.251782596111,
        "stdev": 0.0471877381206
    },
    "barkbands_kurtosis": {
        "mean": 7.36025571823,
        "stdev": 18.8873615265
    },
    "barkbands_skewness": {
        "mean": 0.70062738657,
        "stdev": 1.57286095619
    },
    "barkbands_spread": {
        "mean": 6.5978884697,
        "stdev": 4.36866950989
    },
    "dissonance": {
        "mean": 0.384454578161,
        "stdev": 0.0653973221779
    },
    "dynamic_complexity": 4.74902915955,
    "erbbands_crest": {
        "mean": 17.2194328308,
        "stdev": 6.96378517151
    },
    "erbbands_flatness_db": {
        "mean": 0.280917108059,
        "stdev": 0.0666584223509
    },
    "erbbands_kurtosis": {
        "mean": 6.90208101273,
        "stdev": 9.98742771149
    },
    "erbbands_skewness": {
        "mean": 1.29707062244,
        "stdev": 1.16339814663
    },
    "erbbands_spread": {
        "mean": 12.0888681412,
        "stdev": 11.9123306274
    },
    "hfc": {
        "mean": 11.0176782608,
        "stdev": 14.8731021881
    },
    "loudness_ebu128": {
        "integrated": -16.8159828186,
        "loudness_range": 3.56945705414,
        "momentary": {
            "mean": -18.4505901337,
            "stdev": 7.4493060112
        },
        "short_term": {
            "mean": -17.2759838104,
            "stdev": 2.08231949806
        }
    },
    "melbands_crest": {
        "mean": 17.233373642,
        "stdev": 6.647356987
    },
    "melbands_flatness_db": {
        "mean": 0.336487978697,
        "stdev": 0.051709279418
    },
    "melbands_kurtosis": {
        "mean": 9.5394525528,
        "stdev": 27.8889560699
    },
    "melbands_skewness": {
        "mean": 0.966395199299,
        "stdev": 1.82255804539
    },
    "melbands_spread": {
        "mean": 9.77288722992,
        "stdev": 8.54674053192
    },
    "pitch_salience": {
        "mean": 0.482843786478,
        "stdev": 0.136412516236
    },
    "silence_rate_20dB": {
        "mean": 1,
        "stdev": 0
    },
    "silence_rate_30dB": {
        "mean": 0.992055237293,
        "stdev": 0.0887843221426
    },
    "silence_rate_60dB": {
        "mean": 0.166840329766,
        "stdev": 0.372829765081
    },
    "spectral_centroid": {
        "mean": 633.612243652,
        "stdev": 549.180358887
    },
    "spectral_complexity": {
        "mean": 8.21828556061,
        "stdev": 4.02026224136
    },
    "spectral_decrease": {
        "mean": -4.68108929397e-09,
        "stdev": 5.30000576759e-09
    },
    "spectral_energy": {
        "mean": 0.0186668690294,
        "stdev": 0.0213072169572
    },
    "spectral_energyband_high": {
        "mean": 1.63877866726e-05,
        "stdev": 4.57109199488e-05
    },
    "spectral_energyband_low": {
        "mean": 0.00204249075614,
        "stdev": 0.0026078664232
    },
    "spectral_energyband_middle_high": {
        "mean": 0.00324180466123,
        "stdev": 0.0073793749325
    },
    "spectral_energyband_middle_low": {
        "mean": 0.0137183573097,
        "stdev": 0.0182904247195
    },
    "spectral_entropy": {
        "mean": 6.26537513733,
        "stdev": 0.568466424942
    },
    "spectral_flux": {
        "mean": 0.0490715093911,
        "stdev": 0.0393651798368
    },
    "spectral_kurtosis": {
        "mean": 18.3627071381,
        "stdev": 11.0470962524
    },
    "spectral_rms": {
        "mean": 0.00370331248268,
        "stdev": 0.00212063477375
    },
    "spectral_rolloff": {
        "mean": 726.572387695,
        "stdev": 1041.66381836
    },
    "spectral_skewness": {
        "mean": 3.19168257713,
        "stdev": 0.937362849712
    },
    "spectral_spread": {
        "mean": 2694460.5,
        "stdev": 2101433.75
    },
    "spectral_strongpeak": {
        "mean": 1.71054768562,
        "stdev": 1.70064556599
    },
    "zerocrossingrate": {
        "mean": 0.0287392754108,
        "stdev": 0.0280775185674
    },
    "barkbands": {
        "mean": [7.66059965827e-05, 0.000863883178681, 0.000999823911116, 0.000267700495897, 0.000826673349366, 0.00128551525995, 0.00244473433122, 0.00469863507897, 0.00363518693484, 0.00134757859632, 0.00119453051593, 0.000453040003777, 0.000229496974498, 7.51570478315e-05, 0.000118851290608, 5.57597268198e-05, 3.32212621288e-05, 2.88965693471e-05, 9.59949284152e-06, 9.53998369368e-06, 4.49072967967e-06, 2.41267639467e-06, 4.45866589871e-06, 9.67146206676e-07, 7.30202387444e-08, 7.22778707996e-08, 8.69142713356e-09],
        "stdev": [2.80840431515e-05, 0.0011988672195, 0.00156469072681, 0.000384106009733, 0.00165125785861, 0.00284282793291, 0.00692970538512, 0.00935078319162, 0.0113335242495, 0.00645688502118, 0.00342907453887, 0.0033351292368, 0.000766333891079, 0.000339265359798, 0.000384275015676, 0.000187285884749, 0.000141595694004, 9.95732407318e-05, 2.81420198007e-05, 3.16553960147e-05, 1.48863473441e-05, 5.89621413383e-06, 1.65613419085e-05, 6.18583408141e-06, 2.08663522017e-08, 2.59353534204e-08, 8.2779587629e-09]
    },
    "erbbands": {
        "mean": [0.00992762017995, 0.252197116613, 1.12335813046, 1.04499208927, 1.43707811832, 3.09199523926, 4.39700460434, 14.4745092392, 21.5788955688, 92.0314712524, 76.5937347412, 80.6341705322, 60.8239326477, 52.7345733643, 38.4918327332, 17.0230064392, 11.0583219528, 6.13457345963, 4.17009878159, 5.65364933014, 2.27893710136, 1.81474435329, 2.20101928711, 0.761281847954, 0.459116101265, 0.33247384429, 0.206624880433, 0.192840695381, 0.086278885603, 0.13812059164, 0.108243025839, 0.0467156656086, 0.00297581916675, 0.000810093537439, 0.000594759883825, 0.000363721977919, 0.000120781143778, 3.08354065055e-05, 1.00248516901e-05, 2.13175972021e-05],
        "stdev": [0.0110069708899, 0.360304534435, 1.77411305904, 1.56325399876, 2.06313848495, 6.74348592758, 11.7665786743, 32.6359405518, 38.9760780334, 227.207199097, 157.416732788, 236.290298462, 266.766387939, 185.32901001, 101.758361816, 89.3650360107, 33.151966095, 19.5930633545, 11.012503624, 20.3208236694, 6.42094564438, 9.18434619904, 6.68715333939, 2.17458820343, 1.20615720749, 1.02560508251, 0.689076721668, 0.807854950428, 0.225092634559, 0.693709790707, 0.248775675893, 0.2033354491, 0.00693449564278, 0.000358435994713, 0.000186493824003, 0.000101077981526, 6.79439399391e-05, 2.19822322833e-05, 1.05489598354e-05, 2.45273040491e-05]
    },
    "gfcc": {
        "mean": [-134.609298706, 160.774871826, -115.018989563, 1.29776000977, -64.9570159912, 5.2060508728, -14.572678566, -1.80464792252, -2.56576013565, -8.26179409027, -8.71681690216, -2.41305088997, -17.3914470673],
        "cov": [[7891.00634766, 1651.48986816, -2147.86230469, -470.775177002, -378.676391602, -314.325317383, 61.3563652039, -222.451858521, 401.460021973, -320.211486816, 247.10395813, -255.010040283, 57.8575439453], [1651.48986816, 662.537841797, -234.52116394, -211.11390686, -83.5821380615, -80.5027618408, -59.206287384, -114.453186035, 53.3206100464, -42.1088981628, 102.61844635, -15.6326436996, 28.6416683197], [-2147.86230469, -234.52116394, 1262.52111816, 330.948028564, 27.6650772095, 170.382507324, -75.8725891113, 2.72583031654, -202.044464111, 134.727722168, -92.8276748657, 120.258125305, -58.8458328247], [-470.775177002, -211.11390686, 330.948028564, 491.838348389, 19.3000869751, 87.0787124634, 20.4139728546, -8.54776859283, -38.7948913574, -18.9521656036, -53.2559356689, -8.92674732208, -8.64376735687], [-378.676391602, -83.5821380615, 27.6650772095, 19.3000869751, 227.803253174, 49.4793052673, 43.9279937744, 71.4546966553, -2.35206437111, 7.82550907135, -51.9931983948, -22.3050441742, -8.69855213165], [-314.325317383, -80.5027618408, 170.382507324, 87.0787124634, 49.4793052673, 191.648895264, 64.5212249756, -2.13163471222, -26.1103496552, 8.16990756989, -45.0627174377, 0.374504804611, -10.1380395889], [61.3563652039, -59.206287384, -75.8725891113, 20.4139728546, 43.9279937744, 64.5212249756, 145.922821045, 65.9444122314, 21.2687797546, -24.2331581116, -34.0773239136, -43.6991462708, -9.32289600372], [-222.451858521, -114.453186035, 2.72583031654, -8.54776859283, 71.4546966553, -2.13163471222, 65.9444122314, 145.560424805, 36.6871833801, 17.5640163422, -35.0499954224, -20.044713974, -37.8838844299], [401.460021973, 53.3206100464, -202.044464111, -38.7948913574, -2.35206437111, -26.1103496552, 21.2687797546, 36.6871833801, 144.735198975, 14.7157564163, 24.5725212097, -67.801612854, -22.8618812561], [-320.211486816, -42.1088981628, 134.727722168, -18.9521656036, 7.82550907135, 8.16990756989, -24.2331581116, 17.5640163422, 14.7157564163, 112.965133667, 21.874382019, 10.0431013107, -38.027141571], [247.10395813, 102.61844635, -92.8276748657, -53.2559356689, -51.9931983948, -45.0627174377, -34.0773239136, -35.0499954224, 24.5725212097, 21.874382019, 149.233169556, 61.0971755981, -8.92307281494], [-255.010040283, -15.6326436996, 120.258125305, -8.92674732208, -22.3050441742, 0.374504804611, -43.6991462708, -20.044713974, -67.801612854, 10.0431013107, 61.0971755981, 167.172775269, 36.0923919678], [57.8575439453, 28.6416683197, -58.8458328247, -8.64376735687, -8.69855213165, -10.1380395889, -9.32289600372, -37.8838844299, -22.8618812561, -38.027141571, -8.92307281494, 36.0923919678, 113.359512329]],
        "icov": [[0.00117876729928, -0.00299405166879, 0.00217026961036, -0.0014244079357, 0.00141102506313, -0.000440095114755, -0.000192600025912, -0.000725343474187, 0.00027767958818, -0.000435388879851, 0.00148945080582, -0.000741986790672, 0.00124694535043], [-0.00299405166879, 0.0101828416809, -0.00601403182372, 0.00484058680013, -0.00375452870503, 0.00159381271806, 0.000357776065357, 0.00394608685747, -0.0020429128781, 0.00282856472768, -0.00524496845901, 0.0026671316009, -0.00332009303384], [0.00217026961036, -0.00601403182372, 0.00626862887293, -0.00397070636973, 0.00308512430638, -0.00222664466128, 0.00117694505025, -0.00269344705157, 0.00310053257272, -0.00358983967453, 0.00420478638262, -0.00230090739205, 0.00308205629699], [-0.0014244079357, 0.00484058680013, -0.00397070636973, 0.00517012597993, -0.00194336881395, 0.000443241995526, -0.000340165570378, 0.00240589096211, -0.00181436981075, 0.00307966186665, -0.00260391877964, 0.00172414002009, -0.00158319401089], [0.00141102506313, -0.00375452870503, 0.00308512430638, -0.00194336881395, 0.00763199385256, -0.00248605548404, 0.000755536020733, -0.00461929151788, 0.00177122629248, -0.00133556860965, 0.00245525292121, -0.000103925267467, 0.000699031457771], [-0.000440095114755, 0.00159381271806, -0.00222664466128, 0.000443241995526, -0.00248605548404, 0.0101405810565, -0.00675603048876, 0.00612597726285, -0.00218015909195, -0.000390793342376, 0.00182322727051, -0.0020548212342, 0.00113457953557], [-0.000192600025912, 0.000357776065357, 0.00117694505025, -0.000340165570378, 0.000755536020733, -0.00675603048876, 0.01497236453, -0.00861477293074, 0.00238247402012, 0.00228172703646, -0.00210347818211, 0.00384639622644, -0.0017452595057], [-0.000725343474187, 0.00394608685747, -0.00269344705157, 0.00240589096211, -0.00461929151788, 0.00612597726285, -0.00861477293074, 0.0182729884982, -0.00680672284216, 0.000204253155971, 0.00329308607616, -0.00421240366995, 0.00404620775953], [0.00027767958818, -0.0020429128781, 0.00310053257272, -0.00181436981075, 0.00177122629248, -0.00218015909195, 0.00238247402012, -0.00680672284216, 0.0153022026643, -0.00454304367304, -0.00312515744008, 0.00574852107093, -0.00080644042464], [-0.000435388879851, 0.00282856472768, -0.00358983967453, 0.00307966186665, -0.00133556860965, -0.000390793342376, 0.00228172703646, 0.000204253155971, -0.00454304367304, 0.0159494895488, -0.00435809604824, 0.00121550471522, 0.00170142087154], [0.00148945080582, -0.00524496845901, 0.00420478638262, -0.00260391877964, 0.00245525292121, 0.00182322727051, -0.00210347818211, 0.00329308607616, -0.00312515744008, -0.00435809604824, 0.0166932735592, -0.00964159145951, 0.0061197434552], [-0.000741986790672, 0.0026671316009, -0.00230090739205, 0.00172414002009, -0.000103925267467, -0.0020548212342, 0.00384639622644, -0.00421240366995, 0.00574852107093, 0.00121550471522, -0.00964159145951, 0.014513370581, -0.00645403750241], [0.00124694535043, -0.00332009303384, 0.00308205629699, -0.00158319401089, 0.000699031457771, 0.00113457953557, -0.0017452595057, 0.00404620775953, -0.00080644042464, 0.00170142087154, 0.0061197434552, -0.00645403750241, 0.0148116322234]]
    },
    "melbands": {
        "mean": [0.00016617847723, 0.00051882158732, 0.000191811661352, 0.00016184085689, 0.000161838965141, 0.000291452975944, 0.000371262081899, 0.0010647601448, 0.000568934658077, 0.000536306411959, 0.000290025025606, 0.000204067357117, 0.000129825843032, 7.4942727224e-05, 2.17937085836e-05, 2.75245201919e-05, 8.68829283718e-06, 4.75267188449e-06, 1.07727310024e-05, 5.31449495611e-06, 1.86578358807e-06, 1.59719911608e-06, 2.48329934038e-06, 1.32123329877e-06, 5.7524340491e-07, 2.57330299291e-07, 4.09207103758e-07, 1.80715787224e-07, 1.51237827595e-07, 1.005497694e-07, 1.10757845562e-07, 4.51580142169e-08, 4.57421940325e-08, 9.34359576377e-08, 6.13144095496e-08, 5.58731088063e-08, 1.58280428764e-08, 1.23677090791e-09, 5.99356897446e-10, 6.03711136637e-10],
        "stdev": [0.000198972062208, 0.000771690218244, 0.00025772175286, 0.000278410414467, 0.00040353363147, 0.000653979601339, 0.000748251739424, 0.00244930875488, 0.00134611816611, 0.00169447076041, 0.00133094470948, 0.000779090740252, 0.000328982336214, 0.000487422104925, 7.01149328961e-05, 9.60332545219e-05, 3.80387828045e-05, 1.56550049724e-05, 3.95826282329e-05, 2.05416654353e-05, 6.12195572103e-06, 1.02706417238e-05, 6.85987379256e-06, 4.69323504149e-06, 1.8530269017e-06, 9.66937022895e-07, 1.47269292938e-06, 7.86378848261e-07, 6.44530814498e-07, 2.8416548048e-07, 5.35586593742e-07, 1.29751498434e-07, 1.32518266582e-07, 5.95560550209e-07, 1.4676524529e-07, 1.70457767013e-07, 8.23821935114e-08, 1.59135282729e-09, 2.02314276443e-10, 2.06448844131e-10]
    },
    "melbands128": {
        "mean": [2.03965209948e-05, 3.60443191312e-05, 0.000179823487997, 0.000497379689477, 0.000628735055216, 0.0004425708903, 0.000211645718082, 0.000119666743558, 0.000137645183713, 0.000162853189977, 0.000172623957042, 0.00017521623522, 0.000115014816402, 0.000129998268676, 0.000422383134719, 0.000289815739961, 0.000145201571286, 0.000381585705327, 0.000493599858601, 0.00123414944392, 0.00145904079545, 0.000586238631513, 0.000572132994421, 0.000405145721743, 0.000422227341915, 0.000717893184628, 0.000470532890176, 0.000249629752943, 9.11681709113e-05, 0.00022268248722, 0.000255448103417, 0.000168428829056, 6.78969954606e-05, 0.000181643059477, 8.94748081919e-05, 5.10453610332e-05, 3.12946613121e-05, 2.30123241636e-05, 1.40960164572e-05, 2.20825259021e-05, 4.620852269e-05, 1.06818024506e-05, 8.7580338004e-06, 7.27352744434e-06, 3.45880130226e-06, 4.03613557864e-06, 6.10007873547e-06, 1.7128946638e-05, 7.96708445705e-06, 6.23085043117e-06, 5.60142188988e-06, 5.30090665052e-06, 1.69974998698e-06, 7.17157490726e-07, 8.55363452956e-07, 1.79102164566e-06, 1.5935357851e-06, 3.54241478817e-06, 1.56872954449e-06, 3.420393341e-06, 6.55476583233e-07, 7.65316826801e-07, 7.1083718467e-07, 5.11190592078e-07, 3.04606459167e-07, 2.24584240982e-07, 2.88379794711e-07, 3.36509231147e-07, 6.55027747598e-07, 1.01610311276e-07, 1.35194781592e-07, 2.33003547123e-07, 2.60448985046e-07, 9.51489056433e-08, 9.52558565359e-08, 7.46447241795e-08, 1.01089163707e-07, 1.65010959563e-07, 1.1417412793e-07, 5.77644954092e-08, 5.47500000891e-08, 3.37210686041e-08, 3.63134091685e-08, 4.30141362529e-08, 5.72667531173e-08, 8.92661518037e-08, 1.21595462588e-07, 6.48770850376e-08, 5.47648681959e-08, 6.08441794725e-08, 5.83776795793e-08, 6.04604437626e-08, 4.39041407674e-08, 9.09421427053e-09, 3.689237138e-09, 1.64168767469e-09, 6.87488233009e-10, 5.53701307027e-10, 6.19241269373e-10, 6.02545457973e-10, 6.0746990771e-10, 6.06235450729e-10, 5.96915794571e-10, 6.12505657305e-10, 6.82318423983e-10, 6.6507854779e-10, 6.6779132224e-10, 6.72830791082e-10, 6.66118327164e-10, 6.09026828968e-10, 4.09976302906e-10, 3.57424784214e-10, 3.37362665581e-10, 3.30027172257e-10, 3.20619142347e-10, 3.25255433697e-10, 2.95809876594e-10, 5.59663079769e-11, 3.97579061687e-12, 4.4800799355e-12, 4.22251643373e-12, 3.96726922147e-12, 3.96683597428e-12, 3.19680935369e-12, 2.90074214648e-12, 2.83492587044e-12, 2.66751182774e-12, 2.65351521138e-12],
        "stdev": [1.32079194373e-05, 5.28108612343e-05, 0.00021925229521, 0.000786763732322, 0.00107587699313, 0.00070668378612, 0.000364132894902, 0.000176369299879, 0.000237375221332, 0.000280205946183, 0.000438959163148, 0.000567501527257, 0.000482916570036, 0.000410711421864, 0.00111471198034, 0.000720711250324, 0.000479469221318, 0.000915521639399, 0.00125833856873, 0.00388972181827, 0.00374132068828, 0.0015257478226, 0.00198935111985, 0.00187932164408, 0.00152128445916, 0.00284762633964, 0.00296717858873, 0.00190748914611, 0.000526386254933, 0.00135155348107, 0.000978456344455, 0.000724771467503, 0.000307234935462, 0.000548175419681, 0.000964263628703, 0.000500923488289, 0.00010074122838, 0.000125372651382, 9.61106707109e-05, 8.27153780847e-05, 0.000191945073311, 4.4429085392e-05, 4.42096570623e-05, 6.11493742326e-05, 2.46259969572e-05, 1.51386011567e-05, 2.65906037384e-05, 7.82114293543e-05, 3.22926898662e-05, 5.68861541979e-05, 2.16108346649e-05, 2.00164467969e-05, 1.15082539196e-05, 3.16694945468e-06, 3.85498469768e-06, 1.68967690115e-05, 1.42839862747e-05, 1.33580551847e-05, 6.82408517605e-06, 1.51726626427e-05, 3.11754502036e-06, 5.93094091528e-06, 3.22601613334e-06, 1.89162369679e-06, 2.20004994844e-06, 1.20029335449e-06, 1.21512391615e-06, 1.35646916988e-06, 2.88963269668e-06, 3.92127418536e-07, 7.98754228981e-07, 1.74586989488e-06, 1.60778336067e-06, 3.52326452457e-07, 5.24520260115e-07, 2.43709422421e-07, 4.4230435492e-07, 1.04934986211e-06, 8.17382385776e-07, 1.60211584443e-07, 2.56141561294e-07, 9.73766702828e-08, 9.7127859533e-08, 1.63904999795e-07, 2.29435642041e-07, 6.42878319468e-07, 9.46816157921e-07, 1.93510203417e-07, 1.98625301095e-07, 1.23753622461e-07, 1.20162951589e-07, 2.66407511162e-07, 3.30494145828e-07, 1.72979852664e-08, 7.69857066985e-09, 2.54950061063e-09, 6.24977181118e-10, 3.13786469031e-10, 2.77996597964e-10, 2.61668658963e-10, 2.7216601195e-10, 2.67789956876e-10, 2.62205368529e-10, 2.65121313792e-10, 2.84363449454e-10, 2.77092432333e-10, 2.79653189494e-10, 2.81591167051e-10, 2.70653055523e-10, 2.42735581635e-10, 3.35864280832e-10, 3.46816714236e-10, 3.27565696789e-10, 3.17884496503e-10, 3.08019137973e-10, 3.12138925818e-10, 2.96419694346e-10, 7.66363639215e-11, 1.87361254983e-11, 4.06711053724e-11, 3.33448893497e-11, 3.03078534492e-11, 3.28819020623e-11, 1.3409819262e-11, 7.14407309352e-12, 8.72327817619e-12, 4.90734926653e-12, 4.88374141475e-12]
    },
    "mfcc": {
        "mean": [-783.477172852, 191.65171814, 6.55399942398, 10.4939842224, -20.6766643524, 7.68912124634, -11.9767446518, 15.8431377411, -5.36875629425, 9.55851268768, -1.00901091099, 7.5035867691, 4.48684644699],
        "cov": [[5199.90136719, 1117.96472168, -1479.84594727, -178.496887207, -551.26373291, -86.9784698486, -486.846679688, 96.1356506348, -236.89289856, 104.404335022, -95.5433654785, 133.162658691, -17.2955513], [1117.96472168, 821.96270752, -152.100158691, -216.044372559, -60.9026145935, -76.6017150879, -100.366653442, -76.8956298828, -93.208984375, -53.2251091003, -8.99440765381, 8.23224639893, 42.3203239441], [-1479.84594727, -152.100158691, 906.550720215, 172.20513916, 150.098953247, 146.210449219, 127.468795776, -48.8195533752, -12.1654253006, -31.7863903046, -26.9195423126, -44.4179267883, -0.722199261189], [-178.496887207, -216.044372559, 172.20513916, 278.055847168, 69.540725708, 55.1048698425, 38.3291473389, 38.2308959961, 25.1197242737, 20.8685264587, -5.7735414505, 6.50697851181, -16.7069530487], [-551.26373291, -60.9026145935, 150.098953247, 69.540725708, 192.85105896, 38.3256874084, 60.2365951538, -0.959854185581, 30.9216308594, -15.4719762802, 25.2400627136, -9.26011943817, 8.05577754974], [-86.9784698486, -76.6017150879, 146.210449219, 55.1048698425, 38.3256874084, 175.340454102, 58.2479171753, 24.2866020203, 5.858710289, 24.0136089325, -11.1157627106, -38.4643135071, -55.8015861511], [-486.846679688, -100.366653442, 127.468795776, 38.3291473389, 60.2365951538, 58.2479171753, 153.199005127, 40.8606338501, 52.5048904419, 2.28037524223, 16.6146812439, -34.2921218872, -29.5000362396], [96.1356506348, -76.8956298828, -48.8195533752, 38.2308959961, -0.959854185581, 24.2866020203, 40.8606338501, 125.047088623, 44.5828132629, 14.3278532028, 5.46937990189, -9.64035320282, -22.8249053955], [-236.89289856, -93.208984375, -12.1654253006, 25.1197242737, 30.9216308594, 5.858710289, 52.5048904419, 44.5828132629, 158.795135498, 67.8870239258, 20.4697380066, -8.39661216736, -59.1340408325], [104.404335022, -53.2251091003, -31.7863903046, 20.8685264587, -15.4719762802, 24.0136089325, 2.28037524223, 14.3278532028, 67.8870239258, 140.651733398, 46.8594856262, 19.9276561737, -40.410243988], [-95.5433654785, -8.99440765381, -26.9195423126, -5.7735414505, 25.2400627136, -11.1157627106, 16.6146812439, 5.46937990189, 20.4697380066, 46.8594856262, 126.114509583, 41.3499145508, -12.3313102722], [133.162658691, 8.23224639893, -44.4179267883, 6.50697851181, -9.26011943817, -38.4643135071, -34.2921218872, -9.64035320282, -8.39661216736, 19.9276561737, 41.3499145508, 161.120956421, 99.4839324951], [-17.2955513, 42.3203239441, -0.722199261189, -16.7069530487, 8.05577754974, -55.8015861511, -29.5000362396, -22.8249053955, -59.1340408325, -40.410243988, -12.3313102722, 99.4839324951, 236.083358765]],
        "icov": [[0.0383618734777, -0.0527039505541, 0.0536426119506, -0.052249841392, 0.0499495193362, -0.0482153780758, 0.0458820462227, -0.0419009402394, 0.0418716520071, -0.0347229242325, 0.0308499168605, -0.0230783205479, 0.013186966069], [-0.0527039505541, 0.0740906223655, -0.0736795961857, 0.0729218274355, -0.0688027366996, 0.0664044544101, -0.0624725967646, 0.0578484237194, -0.0569869279861, 0.0478538349271, -0.0423765294254, 0.0317003689706, -0.0180323440582], [0.0536426119506, -0.0736795961857, 0.076782643795, -0.073899269104, 0.0693028196692, -0.0683820918202, 0.0630067512393, -0.0572143159807, 0.0587470941246, -0.048312921077, 0.0433983393013, -0.0321113169193, 0.0182001441717], [-0.052249841392, 0.0729218274355, -0.073899269104, 0.0768508687615, -0.0697418823838, 0.065649330616, -0.0618409588933, 0.0553009063005, -0.0562082193792, 0.046263795346, -0.0408091545105, 0.0302372649312, -0.0172046944499], [0.0499495193362, -0.0688027366996, 0.0693028196692, -0.0697418823838, 0.0729782432318, -0.064166508615, 0.0586927495897, -0.0530839264393, 0.0517787374556, -0.0424677357078, 0.0372289717197, -0.0289163868874, 0.0156444758177], [-0.0482153780758, 0.0664044544101, -0.0683820918202, 0.065649330616, -0.064166508615, 0.0696411803365, -0.0600691251457, 0.0509511642158, -0.0495154894888, 0.0403692051768, -0.0365680903196, 0.0289339199662, -0.0145243424922], [0.0458820462227, -0.0624725967646, 0.0630067512393, -0.0618409588933, 0.0586927495897, -0.0600691251457, 0.0662760809064, -0.0525898076594, 0.0465999208391, -0.0393134132028, 0.0343156717718, -0.0255762431771, 0.0148859545588], [-0.0419009402394, 0.0578484237194, -0.0572143159807, 0.0553009063005, -0.0530839264393, 0.0509511642158, -0.0525898076594, 0.0569245144725, -0.0483670942485, 0.0392369516194, -0.0343142561615, 0.0256307013333, -0.0149063477293], [0.0418716520071, -0.0569869279861, 0.0587470941246, -0.0562082193792, 0.0517787374556, -0.0495154894888, 0.0465999208391, -0.0483670942485, 0.0577294491231, -0.0439461916685, 0.036170553416, -0.0264744125307, 0.0171444956213], [-0.0347229242325, 0.0478538349271, -0.048312921077, 0.046263795346, -0.0424677357078, 0.0403692051768, -0.0393134132028, 0.0392369516194, -0.0439461916685, 0.0441181398928, -0.0325540304184, 0.0201072208583, -0.0117533402517], [0.0308499168605, -0.0423765294254, 0.0433983393013, -0.0408091545105, 0.0372289717197, -0.0365680903196, 0.0343156717718, -0.0343142561615, 0.036170553416, -0.0325540304184, 0.0369409918785, -0.0227569695562, 0.013164870441], [-0.0230783205479, 0.0317003689706, -0.0321113169193, 0.0302372649312, -0.0289163868874, 0.0289339199662, -0.0255762431771, 0.0256307013333, -0.0264744125307, 0.0201072208583, -0.0227569695562, 0.025010317564, -0.0131414132193], [0.013186966069, -0.0180323440582, 0.0182001441717, -0.0172046944499, 0.0156444758177, -0.0145243424922, 0.0148859545588, -0.0149063477293, 0.0171444956213, -0.0117533402517, 0.013164870441, -0.0131414132193, 0.0122324358672]]
    },
    "spectral_contrast_coeffs": {
        "mean": [-0.737116515636, -0.678070306778, -0.681021690369, -0.766230463982, -0.812462866306, -0.750119924545],
        "stdev": [0.0626311525702, 0.104893021286, 0.101152203977, 0.0662291198969, 0.0528819561005, 0.0482362397015]
    },
    "spectral_contrast_valleys": {
        "mean": [-7.46806383133, -7.2089304924, -8.42748165131, -9.40794181824, -9.68621253967, -12.7764072418],
        "stdev": [1.24348711967, 1.44032502174, 1.349142313, 1.24046194553, 1.10769724846, 0.769796967506]
    }
},
"rhythm": {
    "beats_count": 457,
    "beats_loudness": {
        "mean": 0.0289198160172,
        "stdev": 0.0277280509472
    },
    "bpm": 153.523178101,
    "bpm_histogram_first_peak_bpm": 152,
    "bpm_histogram_first_peak_weight": 0.204819262028,
    "bpm_histogram_second_peak_bpm": 157,
    "bpm_histogram_second_peak_spread": 0.411764740944,
    "bpm_histogram_second_peak_weight": 0.285087704659,
    "danceability": 1.50187289715,
    "onset_rate": 3.92660188675,
    "beats_loudness_band_ratio": {
        "mean": [0.164082109928, 0.158585786819, 0.518070340157, 0.176987022161, 0.0129182878882, 0.00171627104282],
        "stdev": [0.218012556434, 0.188561111689, 0.289239734411, 0.209719002247, 0.0132904946804, 0.00343453045934]
    },
    "beats_position": [0.348299324512, 0.708208620548, 1.06811785698, 1.43963718414, 1.79954648018, 2.15945577621, 2.50775504112, 2.86766433716, 3.22757363319, 3.58748292923, 3.94739222527, 4.3073015213, 4.66721057892, 5.02712011337, 5.38702917099, 5.75854873657, 6.11845779419, 6.48997735977, 6.84988641739, 7.22140598297, 7.58131504059, 7.94122457504, 8.28952407837, 8.64943313599, 9.02095222473, 9.38086128235, 9.75238037109, 10.1122903824, 10.47219944, 10.8437185287, 11.2036275864, 11.5867567062, 11.9582767487, 12.3414058685, 12.7245349884, 13.1192741394, 13.5024032593, 13.8855323792, 14.2570514679, 14.6285715103, 15.0000905991, 15.3716096878, 15.7663488388, 16.1494789124, 16.5209980011, 16.904127121, 17.2756462097, 17.6471652985, 18.0302944183, 18.4134235382, 18.7965526581, 19.1680717468, 19.5512008667, 19.9227199554, 20.2826309204, 20.642539978, 21.0024490356, 21.3623580933, 21.733877182, 22.1053962708, 22.4769153595, 22.8600444794, 23.2431735992, 23.614692688, 23.9978218079, 24.369342804, 24.7524719238, 25.1239910126, 25.5071201324, 25.8902492523, 26.2617683411, 26.6332874298, 27.0048065186, 27.3763256073, 27.747844696, 28.1193637848, 28.4908847809, 28.8624038696, 29.2339229584, 29.6054420471, 29.9769611359, 30.3484802246, 30.7316093445, 31.1031284332, 31.474647522, 31.8577766418, 32.2292976379, 32.6008148193, 32.9723358154, 33.3438529968, 33.7153739929, 34.0868911743, 34.4700202942, 34.8531494141, 35.2246704102, 35.5961914062, 35.9677085876, 36.3508377075, 36.7339668274, 37.1287078857, 37.5002250671, 37.883354187, 38.2548751831, 38.638004303, 39.0095214844, 39.3810424805, 39.7525634766, 40.124080658, 40.4956016541, 40.8671188354, 41.2502479553, 41.6217689514, 41.9932861328, 42.3648071289, 42.7479362488, 43.1194534302, 43.5141944885, 43.8857116699, 44.257232666, 44.6287536621, 45.0002708435, 45.3833999634, 45.7549209595, 46.1264381409, 46.5095672607, 46.8926963806, 47.2642173767, 47.6473464966, 48.018863678, 48.3903846741, 48.7851219177, 49.1682548523, 49.5513839722, 49.934513092, 50.3176422119, 50.6891593933, 51.0606803894, 51.4321975708, 51.8153266907, 52.1984558105, 52.5815849304, 52.9647140503, 53.3246231079, 53.6845359802, 54.0792732239, 54.45079422, 54.8455314636, 55.2286605835, 55.6117897034, 55.9833106995, 56.3548278809, 56.726348877, 57.1094779968, 57.4926071167, 57.8641242981, 58.2588653564, 58.6419944763, 59.0135154724, 59.3966445923, 59.7681617737, 60.1512908936, 60.5344200134, 60.9175491333, 61.3238983154, 61.7186393738, 62.1133766174, 62.5081176758, 62.9028549194, 63.2859840393, 63.6923332214, 64.0986862183, 64.5050354004, 64.8881607056, 65.2712936401, 65.6428070068, 66.0143280029, 66.385848999, 66.7573699951, 67.1288909912, 67.5120162964, 67.90675354, 68.2782745361, 68.6614074707, 69.0445327759, 69.4276657104, 69.8107910156, 70.1939239502, 70.5770492554, 70.9601821899, 71.3549194336, 71.7380523682, 72.1211776733, 72.5043106079, 72.8874359131, 73.2821731567, 73.6769180298, 74.0716552734, 74.4663925171, 74.8611297607, 75.2674789429, 75.6622238159, 76.1614532471, 76.6722869873, 77.15990448, 77.6591339111, 78.1583633423, 78.6459884644, 79.1568222046, 79.6676635742, 80.1668930054, 80.584854126, 80.9912033081, 81.3975524902, 81.8039016724, 82.198638916, 82.5933761597, 82.9881134033, 83.3712463379, 83.7543716431, 84.1258926392, 84.4858016968, 84.8573226929, 85.228843689, 85.6119689941, 85.9834899902, 86.3550109863, 86.7149200439, 87.0748291016, 87.4347381592, 87.8062591553, 88.1893844604, 88.5841217041, 88.9788665771, 89.3619918823, 89.7451248169, 90.1282501221, 90.5229949951, 90.9061203003, 91.3008575439, 91.7188186646, 92.1019515991, 92.4850769043, 92.8682098389, 93.251335144, 93.6344680786, 94.0059814453, 94.3891143799, 94.7838516235, 95.1785888672, 95.5733337402, 95.9680709839, 96.374420166, 96.7575454712, 97.1522903442, 97.5470275879, 97.9417648315, 98.3365097046, 98.7312469482, 99.1027679443, 99.497505188, 99.8922424316, 100.275375366, 100.658500671, 101.041633606, 101.43637085, 101.831108093, 102.214241028, 102.597366333, 102.980499268, 103.375236511, 103.769973755, 104.176322937, 104.582672119, 105.012245178, 105.441810608, 105.84815979, 106.254508972, 106.649246216, 107.067207336, 107.46194458, 107.856689453, 108.251426697, 108.657775879, 109.075737, 109.482086182, 109.900039673, 110.318000793, 110.747573853, 111.177139282, 111.571876526, 111.966621399, 112.361358643, 112.756095886, 113.162445068, 113.56879425, 113.963539124, 114.358276367, 114.741401672, 115.124534607, 115.519271851, 115.914009094, 116.308753967, 116.703491211, 117.098228455, 117.492965698, 117.876098633, 118.259223938, 118.66557312, 119.071922302, 119.478271484, 119.873016357, 120.267753601, 120.650878906, 121.045623779, 121.440361023, 121.823486328, 122.22983551, 122.624580383, 123.042533875, 123.437278748, 123.832015991, 124.215148926, 124.598274231, 124.993011475, 125.399360657, 125.805709839, 126.200454712, 126.595191956, 126.989929199, 127.384666443, 127.767799377, 128.162536621, 128.568893433, 128.952011108, 129.346755981, 129.729888916, 130.12461853, 130.519363403, 130.902496338, 131.285614014, 131.680358887, 132.07510376, 132.469833374, 132.864578247, 133.247711182, 133.642440796, 134.048797607, 134.44354248, 134.838272095, 135.209793091, 135.604537964, 135.999267578, 136.394012451, 136.788757324, 137.171875, 137.555007935, 137.949752808, 138.344482422, 138.739227295, 139.122360229, 139.505477905, 139.900222778, 140.294967651, 140.689697266, 141.096054077, 141.514007568, 141.943572998, 142.338317871, 142.733062744, 143.127792358, 143.522537231, 143.905670166, 144.288803101, 144.671920776, 145.055053711, 145.449798584, 145.83291626, 146.216049194, 146.610794067, 147.005523682, 147.388656616, 147.795013428, 148.178131104, 148.561264038, 148.956008911, 149.339141846, 149.722259521, 150.117004395, 150.511749268, 150.906478882, 151.289611816, 151.661132812, 152.044265747, 152.427383423, 152.810516357, 153.20526123, 153.599990845, 153.983123779, 154.366256714, 154.749389648, 155.132507324, 155.527252197, 155.92199707, 156.316726685, 156.711471558, 157.106216431, 157.500946045, 157.895690918, 158.278823853, 158.661941528, 159.056686401, 159.451431274, 159.846160889, 160.229293823, 160.612426758, 161.007156372, 161.401901245, 161.796646118, 162.179763794, 162.574508667, 162.957641602, 163.352371216, 163.73550415, 164.130249023, 164.524978638, 164.931335449, 165.326080322, 165.709197998, 166.092330933, 166.487075806, 166.88180542, 167.276550293, 167.671295166, 168.077636719, 168.48399353, 168.878723145, 169.273468018, 169.668212891, 170.062942505, 170.457687378, 170.852416992, 171.270385742, 171.676727295, 172.083084106, 172.501037598, 172.907394409, 173.3253479, 173.731704712, 174.149658203, 174.567611694, 174.997192383, 175.426757812, 175.867935181, 176.309112549, 176.761901855, 177.203079224, 177.65586853],
    "bpm_histogram": [0, 0, 0, 0, 0, 0, 0, 0, 0, 0, 0, 0, 0, 0, 0, 0, 0, 0, 0, 0, 0, 0, 0, 0, 0, 0, 0, 0, 0, 0, 0, 0, 0, 0, 0, 0, 0, 0, 0, 0, 0, 0, 0, 0, 0, 0, 0, 0, 0, 0, 0, 0, 0, 0, 0, 0, 0, 0, 0, 0, 0, 0, 0, 0, 0, 0, 0, 0, 0, 0, 0, 0, 0, 0, 0, 0, 0, 0, 0, 0, 0, 0, 0, 0, 0, 0, 0, 0, 0, 0, 0, 0, 0, 0, 0, 0, 0, 0, 0, 0, 0, 0, 0, 0, 0, 0, 0, 0, 0, 0, 0, 0, 0, 0, 0, 0, 0, 0.00657894741744, 0, 0, 0.00877192988992, 0, 0, 0.00438596494496, 0, 0, 0, 0, 0, 0, 0, 0, 0, 0.00438596494496, 0, 0, 0.00657894741744, 0, 0, 0, 0.0153508773074, 0, 0, 0, 0.0285087712109, 0, 0, 0, 0.0745614022017, 0, 0, 0, 0.289473682642, 0, 0, 0, 0, 0.285087704659, 0, 0, 0, 0.199561402202, 0.00438596494496, 0, 0, 0, 0, 0.0679824575782, 0, 0, 0, 0, 0.00438596494496, 0, 0, 0, 0, 0, 0, 0, 0, 0, 0, 0, 0, 0, 0, 0, 0, 0, 0, 0, 0, 0, 0, 0, 0, 0, 0, 0, 0, 0, 0, 0, 0, 0, 0, 0, 0, 0, 0, 0, 0, 0, 0, 0, 0, 0, 0, 0, 0, 0, 0, 0, 0, 0, 0, 0, 0, 0, 0, 0, 0, 0, 0, 0, 0, 0, 0, 0, 0, 0, 0, 0, 0, 0, 0, 0, 0, 0]
},
"tonal": {
    "chords_changes_rate": 0.0848958343267,
    "chords_number_rate": 0.00416666688398,
    "chords_strength": {
        "mean": 0.412550836802,
        "stdev": 0.106827482581
    },
    "hpcp_crest": {
        "mean": 18.4557571411,
        "stdev": 8.71479129791
    },
    "hpcp_entropy": {
        "mean": 1.38242077827,
        "stdev": 0.728992521763
    },
    "key_edma": {
        "strength": 0.69659858942,
        "key": "F",
        "scale": "major"
    },
    "key_krumhansl": {
        "strength": 0.705979406834,
        "key": "F",
        "scale": "major"
    },
    "key_temperley": {
        "strength": 0.713332235813,
        "key": "F",
        "scale": "major"
    },
    "tuning_diatonic_strength": 0.456089437008,
    "tuning_equal_tempered_deviation": 0.0423413217068,
    "tuning_frequency": 441.527557373,
    "tuning_nontempered_energy_ratio": 0.659504055977,
    "hpcp": {
        "mean": [0.175536319613, 0.0971835926175, 0.0999456644058, 0.167001649737, 0.0955716595054, 0.0514373108745, 0.0855492353439, 0.0733648315072, 0.178892746568, 0.259002655745, 0.117449402809, 0.0482200048864, 0.0716683343053, 0.044174734503, 0.10649099946, 0.151664495468, 0.0748441964388, 0.0685218498111, 0.079089216888, 0.0351215749979, 0.0383035093546, 0.0563929080963, 0.0449540503323, 0.154561430216, 0.2136836797, 0.0915757343173, 0.0647072568536, 0.09809807688, 0.0717185288668, 0.114454597235, 0.133662357926, 0.0588243082166, 0.0341623798013, 0.0388776734471, 0.0337220430374, 0.111474767327],
        "stdev": [0.314649045467, 0.180623441935, 0.190877020359, 0.312941044569, 0.192136600614, 0.141492918134, 0.237062051892, 0.172075361013, 0.264163047075, 0.376082241535, 0.192909270525, 0.135254710913, 0.212216854095, 0.126809328794, 0.222887262702, 0.305544734001, 0.164638504386, 0.192380085588, 0.22655056417, 0.109348833561, 0.121297471225, 0.160127937794, 0.114271886647, 0.25921022892, 0.347420185804, 0.166916668415, 0.168581649661, 0.254341930151, 0.162272810936, 0.250904738903, 0.280129790306, 0.148309275508, 0.113621942699, 0.140170231462, 0.116636224091, 0.206220656633]
    },
    "chords_histogram": [36.5885429382, 3.41145825386, 6.171875, 0.182291671634, 5.57291650772, 3.30729174614, 6.015625, 2.00520825386, 0.104166664183, 0.0260416660458, 0.963541686535, 0.208333328366, 1.953125, 0.911458313465, 1.09375, 3.671875, 0.442708343267, 2.34375, 1.171875, 2.109375, 0.598958313465, 4.34895849228, 6.77083349228, 10.0260419846],
    "thpcp": [1, 0.453467935324, 0.186175718904, 0.276708871126, 0.170557066798, 0.411157935858, 0.585571169853, 0.288970768452, 0.26456040144, 0.305360645056, 0.135603144765, 0.147888481617, 0.217730998993, 0.173565983772, 0.596756160259, 0.825025081635, 0.353570640087, 0.24983240664, 0.37875315547, 0.276902675629, 0.441905111074, 0.516065597534, 0.227118551731, 0.131899729371, 0.150105312467, 0.130199596286, 0.430400103331, 0.677739441395, 0.37522238493, 0.385886639357, 0.644787430763, 0.368998765945, 0.198597624898, 0.330302536488, 0.283259004354, 0.690698504448],
    "chords_key": "F",
    "chords_scale": "major"
}
}