{
"metadata": {
    "version": {
        "essentia": "2.1-dev",
        "essentia_git_sha": "v2.1_beta3-415-gd5473f3",
        "extractor": "music 2.0"
    },
    "audio_properties": {
        "analysis": {
            "equal_loudness": 0,
            "length": 319.764892578,
            "sample_rate": 44100,
            "start_time": 0,
            "downmix": "mix"
        },
        "bit_rate": 192000,
        "length": 319.764892578,
        "lossless": 0,
        "number_channels": 2,
        "replay_gain": -7.13455200195,
        "sample_rate": 44100,
        "codec": "mp3",
        "md5_encoded": "b7495b86de4928ccc8a338c143b802ac"
    },
    "tags": {
        "file_name": "cannonball_adderly_miles_davis_charlie_parker_dizzy_gillespie_art_blakey_charlie_mingus-toy.mp3",
        "artist": ["Miles Davis, Charlie Parker, Cannonball Adderly, Dizzy Gillespie, Art Blakey, Charlie Mingus"],
        "genre": ["Other"],
        "title": ["Toy"]
    }
},
"lowlevel": {
    "average_loudness": 0.727568864822,
    "barkbands_crest": {
        "mean": 11.6551303864,
        "stdev": 4.34245872498
    },
    "barkbands_flatness_db": {
        "mean": 0.234361976385,
        "stdev": 0.0640497431159
    },
    "barkbands_kurtosis": {
        "mean": 14.2592020035,
        "stdev": 32.4392242432
    },
    "barkbands_skewness": {
        "mean": 2.15287208557,
        "stdev": 2.20443487167
    },
    "barkbands_spread": {
        "mean": 12.8443260193,
        "stdev": 10.23969841
    },
    "dissonance": {
        "mean": 0.451233208179,
        "stdev": 0.0337444022298
    },
    "dynamic_complexity": 4.93003034592,
    "erbbands_crest": {
        "mean": 11.1012172699,
        "stdev": 4.89528512955
    },
    "erbbands_flatness_db": {
        "mean": 0.226952880621,
        "stdev": 0.0509035885334
    },
    "erbbands_kurtosis": {
        "mean": 1.12993359566,
        "stdev": 3.89441680908
    },
    "erbbands_skewness": {
        "mean": 0.447999149561,
        "stdev": 1.07512891293
    },
    "erbbands_spread": {
        "mean": 33.3120613098,
        "stdev": 17.3266525269
    },
    "hfc": {
        "mean": 10.3109073639,
        "stdev": 19.9377784729
    },
    "loudness_ebu128": {
        "integrated": -18.3570156097,
        "loudness_range": 7.6687374115,
        "momentary": {
            "mean": -23.6007118225,
            "stdev": 30.1982345581
        },
        "short_term": {
            "mean": -19.9481658936,
            "stdev": 8.11117839813
        }
    },
    "melbands_crest": {
        "mean": 16.5751419067,
        "stdev": 6.16073799133
    },
    "melbands_flatness_db": {
        "mean": 0.292856693268,
        "stdev": 0.0912202894688
    },
    "melbands_kurtosis": {
        "mean": 33.5055198669,
        "stdev": 56.0306892395
    },
    "melbands_skewness": {
        "mean": 3.39209365845,
        "stdev": 2.70678758621
    },
    "melbands_spread": {
        "mean": 18.1793689728,
        "stdev": 22.4438457489
    },
    "pitch_salience": {
        "mean": 0.508798897266,
        "stdev": 0.136356040835
    },
    "silence_rate_20dB": {
        "mean": 1,
        "stdev": 0
    },
    "silence_rate_30dB": {
        "mean": 1,
        "stdev": 0
    },
    "silence_rate_60dB": {
        "mean": 0.230378270149,
        "stdev": 0.421081364155
    },
    "spectral_centroid": {
        "mean": 1108.36523438,
        "stdev": 1381.11486816
    },
    "spectral_complexity": {
        "mean": 8.06352996826,
        "stdev": 5.86975002289
    },
    "spectral_decrease": {
        "mean": -3.06557068619e-09,
        "stdev": 3.03812175417e-09
    },
    "spectral_energy": {
        "mean": 0.0125054586679,
        "stdev": 0.0128976693377
    },
    "spectral_energyband_high": {
        "mean": 0.000191505605471,
        "stdev": 0.000651577545796
    },
    "spectral_energyband_low": {
        "mean": 0.00442805327475,
        "stdev": 0.0062150247395
    },
    "spectral_energyband_middle_high": {
        "mean": 0.0041423831135,
        "stdev": 0.00873327814043
    },
    "spectral_energyband_middle_low": {
        "mean": 0.00390999857336,
        "stdev": 0.00458170473576
    },
    "spectral_entropy": {
        "mean": 6.90461921692,
        "stdev": 0.552470386028
    },
    "spectral_flux": {
        "mean": 0.0479568056762,
        "stdev": 0.0340738259256
    },
    "spectral_kurtosis": {
        "mean": 6.75029325485,
        "stdev": 6.42588472366
    },
    "spectral_rms": {
        "mean": 0.00305941794068,
        "stdev": 0.00168535509147
    },
    "spectral_rolloff": {
        "mean": 1172.77697754,
        "stdev": 2350.73974609
    },
    "spectral_skewness": {
        "mean": 1.57386314869,
        "stdev": 0.75119382143
    },
    "spectral_spread": {
        "mean": 3495297.25,
        "stdev": 4527257
    },
    "spectral_strongpeak": {
        "mean": 1.03587591648,
        "stdev": 2.15747046471
    },
    "zerocrossingrate": {
        "mean": 0.0405117794871,
        "stdev": 0.0617797672749
    },
    "barkbands": {
        "mean": [5.11755970365e-05, 0.00253790128045, 0.00172818591818, 0.000523912720382, 0.001640035538, 0.000512194761541, 0.000455371948192, 0.000351036112988, 0.000266081216978, 0.000562359869946, 0.000264496338787, 0.000284168723738, 0.000451605039416, 0.000365764950402, 0.000345331587596, 0.000921497179661, 0.000502468494233, 0.000328420574078, 0.000150136795128, 0.000146752878209, 9.78164534899e-05, 1.14684280561e-05, 5.73610213905e-06, 1.29047850805e-06, 2.34945304101e-07, 1.83646626795e-08, 4.43630548963e-10],
        "stdev": [2.73950208793e-05, 0.00388190988451, 0.00301691284403, 0.00123035279103, 0.00246407277882, 0.00099383899942, 0.00147185963579, 0.000885995279532, 0.000878843769897, 0.00224369997159, 0.00112939672545, 0.00187282287516, 0.00143225677311, 0.00126638647635, 0.00152862456162, 0.00378235196695, 0.0017622114392, 0.000994908739813, 0.000445176818175, 0.000436606555013, 0.000388968735933, 4.77776775369e-05, 1.59515584528e-05, 3.11873191094e-06, 5.80706171149e-07, 6.64206254442e-08, 8.01364863356e-10]
    },
    "erbbands": {
        "mean": [0.0287232194096, 0.722398221493, 2.36916685104, 1.38045012951, 5.02528762817, 4.31886959076, 4.75600099564, 3.93534970284, 3.50015115738, 12.1450157166, 5.32372426987, 6.564661026, 13.1662025452, 13.9945726395, 12.5060548782, 14.9848194122, 19.0254421234, 21.6570186615, 15.2367343903, 44.2649040222, 35.1969642639, 27.3072834015, 18.7112350464, 11.8076086044, 6.92301177979, 7.61126232147, 5.42574357986, 2.3493950367, 0.54535228014, 0.20621393621, 0.152503445745, 0.0459574572742, 0.0147672109306, 0.00438510999084, 0.000894492433872, 0.000191537998035, 2.21152549784e-05, 3.09800770992e-06, 7.07974822944e-06, 1.49587067426e-05],
        "stdev": [0.0587177798152, 1.08264183998, 3.9469370842, 2.32769322395, 10.2554426193, 6.485871315, 10.6019906998, 8.44575881958, 8.23386955261, 35.2959442139, 11.85866642, 23.7847385406, 45.0166664124, 59.5555000305, 63.6454925537, 65.3634338379, 58.5778694153, 74.1762313843, 59.7728500366, 182.911422729, 120.84753418, 88.3432998657, 59.8192939758, 32.5662002563, 17.7673931122, 25.3376102448, 19.9006195068, 9.67953395844, 2.05828666687, 0.637600719929, 0.433688491583, 0.11925701052, 0.0322368256748, 0.0104744164273, 0.00223152642138, 0.00058743765112, 6.48333734716e-05, 6.14631471763e-06, 8.52611810842e-06, 1.64682933246e-05]
    },
    "gfcc": {
        "mean": [-152.712585449, 158.360092163, -140.627792358, 56.8995780945, -43.2521514893, 0.856846749783, -20.1372833252, -13.4948425293, -10.4944248199, -17.5593452454, 1.54333150387, -15.966173172, 1.6360462904],
        "cov": [[22038.8886719, 1673.09240723, -4430.05859375, 771.094421387, -362.178710938, -240.334350586, -356.851470947, -83.5146942139, -12.6308040619, -88.1055374146, -96.4477233887, -298.648101807, -113.347106934], [1673.09240723, 1288.48803711, 68.2549209595, -158.960723877, -5.29277515411, -58.3525352478, 57.4675636292, -164.231430054, -36.847743988, -147.075714111, 116.709884644, -15.1999588013, 55.2870407104], [-4430.05859375, 68.2549209595, 2037.04699707, 223.958724976, -42.7363586426, 315.387756348, 103.436637878, -28.6036834717, -87.3320541382, -58.1051445007, 31.041601181, 53.9782180786, 48.5294647217], [771.094421387, -158.960723877, 223.958724976, 572.145019531, -7.09932136536, 103.765518188, -28.9154529572, 30.9414405823, -0.790190160275, -2.55728244781, -28.4769687653, -54.3442840576, -8.32680416107], [-362.178710938, -5.29277515411, -42.7363586426, -7.09932136536, 372.328338623, -36.4230194092, 104.232162476, 41.2573623657, 76.181137085, 29.0654335022, 13.3577413559, -0.694315373898, -21.0813426971], [-240.334350586, -58.3525352478, 315.387756348, 103.765518188, -36.4230194092, 234.77532959, 67.9498825073, 44.0993156433, -26.4562702179, -17.3468704224, -8.35260772705, 15.1374044418, 23.2471752167], [-356.851470947, 57.4675636292, 103.436637878, -28.9154529572, 104.232162476, 67.9498825073, 183.926422119, 48.9225730896, 34.8203392029, -21.0681610107, 4.14753103256, 10.0326032639, 11.7886657715], [-83.5146942139, -164.231430054, -28.6036834717, 30.9414405823, 41.2573623657, 44.0993156433, 48.9225730896, 138.545013428, 55.6877822876, 39.7082672119, -19.8374481201, -5.82609224319, -18.9079742432], [-12.6308040619, -36.847743988, -87.3320541382, -0.790190160275, 76.181137085, -26.4562702179, 34.8203392029, 55.6877822876, 136.801086426, 62.3503723145, 8.13192462921, -29.8144340515, -26.3904075623], [-88.1055374146, -147.075714111, -58.1051445007, -2.55728244781, 29.0654335022, -17.3468704224, -21.0681610107, 39.7082672119, 62.3503723145, 127.821838379, 18.8739738464, 6.12712001801, -28.7415275574], [-96.4477233887, 116.709884644, 31.041601181, -28.4769687653, 13.3577413559, -8.35260772705, 4.14753103256, -19.8374481201, 8.13192462921, 18.8739738464, 99.3675537109, 36.1076850891, 12.915148735], [-298.648101807, -15.1999588013, 53.9782180786, -54.3442840576, -0.694315373898, 15.1374044418, 10.0326032639, -5.82609224319, -29.8144340515, 6.12712001801, 36.1076850891, 98.1172332764, 39.8583984375], [-113.347106934, 55.2870407104, 48.5294647217, -8.32680416107, -21.0813426971, 23.2471752167, 11.7886657715, -18.9079742432, -26.3904075623, -28.7415275574, 12.915148735, 39.8583984375, 77.5935134888]],
        "icov": [[0.000273307261523, -0.000641586841084, 0.00077233108459, -0.00071835151175, 0.000211253252928, -0.000621572893579, 0.000197304456378, -6.16347751929e-05, 0.000231911966694, -0.000357609736966, 0.000578417268116, -0.000349954789272, 0.000524784903973], [-0.000641586841084, 0.00283161667176, -0.00183838477824, 0.00196806248277, -0.000434801098891, 0.00162740622181, -0.00097073946381, 0.0012154742144, -0.000874043267686, 0.0022173395846, -0.00317239155993, 0.00196354789659, -0.00171240756754], [0.00077233108459, -0.00183838477824, 0.00285105546936, -0.00221270765178, 0.000590072886553, -0.00259181950241, 0.000342583458405, 0.000263471534709, 0.00077141035581, -0.00100589334033, 0.00149975763634, -0.00127253343817, 0.00166030589025], [-0.00071835151175, 0.00196806248277, -0.00221270765178, 0.00418693525717, -0.000931661284994, 0.00057682604529, 0.000530274235643, -0.000128647763631, -0.000631674891338, 0.00127897865605, -0.00192003208213, 0.00273811235093, -0.00198431126773], [0.000211253252928, -0.000434801098891, 0.000590072886553, -0.000931661284994, 0.00398948276415, 0.000846624840051, -0.00245484127663, 5.58999163331e-05, -0.000895502045751, -0.00058466126211, 0.000285005226033, -0.000982596189715, 0.00130237056874], [-0.000621572893579, 0.00162740622181, -0.00259181950241, 0.00057682604529, 0.000846624840051, 0.00915880221874, -0.00354607985355, -0.00220323470421, 0.00147962314077, 0.00029873571475, -0.00134543539025, 0.000875429017469, -0.0025086037349], [0.000197304456378, -0.00097073946381, 0.000342583458405, 0.000530274235643, -0.00245484127663, -0.00354607985355, 0.0103274835274, -0.0026907750871, -0.00257204822265, 0.00297261052765, 0.000554725585971, -0.0011972830398, -0.000257736566709], [-6.16347751929e-05, 0.0012154742144, 0.000263471534709, -0.000128647763631, 5.58999163331e-05, -0.00220323470421, -0.0026907750871, 0.0126579906791, -0.00400132732466, -0.00106697424781, 0.00161443359684, -0.00126587902196, 0.00165933626704], [0.000231911966694, -0.000874043267686, 0.00077141035581, -0.000631674891338, -0.000895502045751, 0.00147962314077, -0.00257204822265, -0.00400132732466, 0.0148214334622, -0.00675727892667, -0.0013866845984, 0.00536751374602, -0.000848005001899], [-0.000357609736966, 0.0022173395846, -0.00100589334033, 0.00127897865605, -0.00058466126211, 0.00029873571475, 0.00297261052765, -0.00106697424781, -0.00675727892667, 0.0154785253108, -0.00435555493459, -0.00262230541557, 0.00321130082011], [0.000578417268116, -0.00317239155993, 0.00149975763634, -0.00192003208213, 0.000285005226033, -0.00134543539025, 0.000554725585971, 0.00161443359684, -0.0013866845984, -0.00435555493459, 0.0168989729136, -0.00741396890953, 0.00166162929963], [-0.000349954789272, 0.00196354789659, -0.00127253343817, 0.00273811235093, -0.000982596189715, 0.000875429017469, -0.0011972830398, -0.00126587902196, 0.00536751374602, -0.00262230541557, -0.00741396890953, 0.020001038909, -0.00966229755431], [0.000524784903973, -0.00171240756754, 0.00166030589025, -0.00198431126773, 0.00130237056874, -0.0025086037349, -0.000257736566709, 0.00165933626704, -0.000848005001899, 0.00321130082011, 0.00166162929963, -0.00966229755431, 0.0207598395646]]
    },
    "melbands": {
        "mean": [0.00048669296666, 0.00118189165369, 0.000369813176803, 0.000362280465197, 0.000169254941284, 8.81818195921e-05, 6.39032368781e-05, 0.000125583290355, 3.70995840058e-05, 4.18705312768e-05, 6.88055952196e-05, 6.01185238338e-05, 4.06301005569e-05, 3.38423087669e-05, 4.86912722408e-05, 3.57827811968e-05, 4.04288148275e-05, 2.23665610974e-05, 2.992347072e-05, 7.6616059232e-05, 3.60329177056e-05, 2.85342994175e-05, 2.15270556509e-05, 1.43203005791e-05, 9.06523473532e-06, 5.52046458324e-06, 4.78184119856e-06, 4.95588074045e-06, 3.25975224769e-06, 2.41467319029e-06, 1.0835650528e-06, 3.10435979145e-07, 1.17784090037e-07, 1.13322457196e-07, 1.02659974743e-07, 4.68305465517e-08, 2.03659702436e-08, 1.1639328612e-08, 5.27979926446e-09, 3.0493298997e-09],
        "stdev": [0.000811617239378, 0.00180472410284, 0.000647848471999, 0.000580695283134, 0.000339584803442, 0.000180946619366, 0.000177017471287, 0.000346051849192, 9.2349924671e-05, 0.00014917414228, 0.000239407992922, 0.000281916058157, 0.000194587410078, 0.000214853804209, 0.000164584766026, 0.000128526895423, 0.000151817279402, 0.000102817117295, 0.000122283177916, 0.000354885472916, 0.000156909634825, 0.00010900414054, 6.77808420733e-05, 4.7067860578e-05, 2.88748051389e-05, 1.65229630511e-05, 1.4809818822e-05, 1.79080507223e-05, 1.17511463031e-05, 1.0135935554e-05, 4.99290536027e-06, 1.32192565161e-06, 4.89321166697e-07, 3.49008843159e-07, 3.09067388571e-07, 1.45190568901e-07, 4.52809167939e-08, 2.60965542509e-08, 1.31515296431e-08, 8.11929368183e-09]
    },
    "melbands128": {
        "mean": [1.45011308632e-05, 8.98381185834e-05, 0.00056960870279, 0.00144442229066, 0.00152393220924, 0.000628957059234, 0.000185790544492, 0.000328130437993, 0.000621652754489, 0.000414333801018, 0.000193165265955, 0.000192302890355, 0.000170996310771, 0.000130338929011, 0.000102069185232, 5.69705953239e-05, 4.14324931626e-05, 4.097288911e-05, 0.000104542654299, 0.000186475037481, 0.000105162318505, 4.55806621176e-05, 2.564328679e-05, 2.9149967304e-05, 5.32151971129e-05, 2.71527842415e-05, 5.86070127611e-05, 6.71129455441e-05, 7.68708487158e-05, 0.000111276138341, 2.37085187109e-05, 2.89819727186e-05, 5.64046131331e-05, 3.7223486288e-05, 1.97900408239e-05, 4.54155233456e-05, 3.40174592566e-05, 4.60126138933e-05, 6.58519857097e-05, 3.44701948052e-05, 2.52282916335e-05, 3.56943091901e-05, 6.41521037323e-05, 2.30872301472e-05, 1.57637496159e-05, 3.46158340108e-05, 1.44942287079e-05, 1.00147171906e-05, 3.83090373361e-05, 8.31624129205e-05, 0.000113651825814, 2.51001893048e-05, 2.54832320934e-05, 5.45438888366e-05, 2.98836275761e-05, 1.86560628208e-05, 3.67590109818e-05, 2.13542189158e-05, 1.7943124476e-05, 1.6654297724e-05, 1.40034298965e-05, 1.27874691316e-05, 1.17660611068e-05, 7.60340662964e-06, 5.54509870199e-06, 6.52451126371e-06, 4.92831759402e-06, 2.66065080723e-06, 5.4525539781e-06, 6.46655325909e-06, 6.21011940893e-06, 3.17370495395e-06, 2.69193765234e-06, 2.76549826594e-06, 5.17678472534e-06, 2.38673283093e-06, 1.37356414598e-06, 1.37483061735e-06, 1.26359975638e-06, 5.25050438682e-07, 3.60414816214e-07, 2.27358910365e-07, 1.42354124932e-07, 1.06306643488e-07, 9.81634968866e-08, 9.25944405594e-08, 1.25431085962e-07, 1.37512728315e-07, 1.09411764981e-07, 7.77040867206e-08, 4.75748223039e-08, 4.93617733355e-08, 2.2937198807e-08, 1.84548678561e-08, 1.83444441859e-08, 1.63197668712e-08, 8.69972449635e-09, 7.83140130522e-09, 4.88362594808e-09, 4.55508342156e-09, 3.66061425616e-09, 3.25416893432e-09, 1.60869140231e-09, 9.91411064355e-10, 7.87565845872e-10, 6.87275236722e-10, 5.18686038564e-10, 4.12635176028e-10, 2.66509758706e-10, 1.69045263898e-10, 1.01625055593e-10, 4.80366996181e-11, 2.16596827279e-11, 8.45077653688e-12, 4.05036290965e-12, 2.65683395423e-12, 2.18578670788e-12, 2.0497620528e-12, 1.99909555056e-12, 1.95333289474e-12, 1.91161452986e-12, 1.87820332204e-12, 1.83945437007e-12, 1.80425986651e-12, 1.78419768109e-12, 1.77101595108e-12, 1.757931474e-12, 1.74438089841e-12],
        "stdev": [1.09891780085e-05, 0.000228797071031, 0.00133033923339, 0.00218542874791, 0.00253691500984, 0.00109373033047, 0.00041588806198, 0.000830169185065, 0.00140011461917, 0.000720457872376, 0.000394060683902, 0.000443502911367, 0.000494924257509, 0.000304662855342, 0.000285706482828, 0.000143072014907, 0.000106915729702, 0.000150097650476, 0.000508471101057, 0.000591734831687, 0.000333396892529, 0.000147906961502, 9.77269883151e-05, 0.000149589817738, 0.000260674656602, 0.000151771397213, 0.000259036110947, 0.000327110203216, 0.000389193068258, 0.000634704891127, 0.00014078815002, 0.000138736781082, 0.000303245469695, 0.000235817424254, 0.000474624423077, 0.000286586320726, 0.000258184794802, 0.000211000879062, 0.000263869733317, 0.000219185138121, 0.000139297932037, 0.00024030196073, 0.000292838434689, 0.000105764047476, 0.000108480766357, 0.000190545193618, 0.00011900786194, 9.70160472207e-05, 0.0002371835144, 0.000462511030491, 0.000642746745143, 0.000179139533429, 0.000202045193873, 0.000285960908514, 0.000202265451662, 0.000134662317578, 0.000161825446412, 9.86103259493e-05, 0.000102221638372, 0.000103799371573, 7.01093813404e-05, 4.36123518739e-05, 5.20419343957e-05, 4.80579001305e-05, 2.69435258815e-05, 2.83367553493e-05, 2.24258346861e-05, 1.09166285256e-05, 2.87171933451e-05, 2.77836843452e-05, 3.57542121492e-05, 1.433612033e-05, 1.24330272229e-05, 1.5632062059e-05, 2.82095224975e-05, 1.367299501e-05, 1.06933839561e-05, 8.58469957166e-06, 7.77520017436e-06, 2.8156944154e-06, 2.17084289034e-06, 1.33992193696e-06, 7.09639436991e-07, 5.51438461116e-07, 4.84057693484e-07, 3.4249828218e-07, 5.38626522939e-07, 4.79586276469e-07, 4.66919800601e-07, 2.76068476524e-07, 1.86788895462e-07, 2.38172688682e-07, 7.33443883405e-08, 4.9295383775e-08, 3.97247319484e-08, 4.15066168102e-08, 2.35637855894e-08, 2.30754704234e-08, 1.35651898603e-08, 1.3086919104e-08, 9.51303213981e-09, 1.21280212539e-08, 4.51649073696e-09, 3.05544012313e-09, 2.29027352638e-09, 2.07962358445e-09, 1.57235580112e-09, 1.47738232759e-09, 1.09822007044e-09, 7.30506100055e-10, 5.02537456093e-10, 2.36920594254e-10, 1.21507567896e-10, 5.0719265593e-11, 2.83890966291e-11, 1.34111515296e-11, 4.99389852388e-12, 3.732515165e-12, 3.61314992682e-12, 3.51708180808e-12, 3.43029445994e-12, 3.35416243391e-12, 3.28719408464e-12, 3.22930115808e-12, 3.18145986986e-12, 3.14368344724e-12, 3.11587713096e-12, 3.0986693246e-12]
    },
    "mfcc": {
        "mean": [-769.317260742, 157.150421143, -14.3759346008, 49.2838630676, 6.38845205307, 13.4879245758, 4.13305330276, 4.3502869606, -4.15502929688, -1.35269725323, -5.59345340729, 4.77661323547, -1.05511593819],
        "cov": [[9009.28613281, 345.450744629, -2605.35571289, 529.476867676, -287.172424316, -16.9809188843, -375.445098877, 2.54373955727, -90.0631713867, 242.50680542, -68.94581604, 263.665985107, -76.7064437866], [345.450744629, 1447.62353516, 181.433746338, -130.675262451, 62.7759933472, -7.78802347183, 121.858772278, -10.6601371765, -61.2782211304, -111.578895569, -0.347697556019, -57.6666488647, 26.0942840576], [-2605.35571289, 181.433746338, 1659.04907227, -5.63439416885, 122.56968689, 210.229385376, 206.638336182, 74.5402908325, 40.0683135986, -119.529960632, -13.5237531662, -85.1841201782, 10.0334272385], [529.476867676, -130.675262451, -5.63439416885, 407.294006348, 114.189689636, 82.8598709106, 7.96243524551, 33.1882553101, 29.8571662903, 70.2836914062, 24.0842952728, 35.0415649414, 1.99182009697], [-287.172424316, 62.7759933472, 122.56968689, 114.189689636, 191.920425415, 47.3038101196, 50.9564285278, 19.3963603973, 11.2657270432, 25.4664440155, 27.781545639, -1.96830928326, 20.8706359863], [-16.9809188843, -7.78802347183, 210.229385376, 82.8598709106, 47.3038101196, 162.484283447, 67.8380432129, 46.0959701538, 29.1415615082, -2.45050740242, -3.56240415573, 8.70837497711, -5.42437553406], [-375.445098877, 121.858772278, 206.638336182, 7.96243524551, 50.9564285278, 67.8380432129, 153.231430054, 75.4867706299, 27.0035610199, -16.3292446136, -3.25449895859, -19.5117340088, -1.00033855438], [2.54373955727, -10.6601371765, 74.5402908325, 33.1882553101, 19.3963603973, 46.0959701538, 75.4867706299, 133.850982666, 57.1817092896, 21.1401100159, -4.46698665619, -10.8028526306, -6.08157062531], [-90.0631713867, -61.2782211304, 40.0683135986, 29.8571662903, 11.2657270432, 29.1415615082, 27.0035610199, 57.1817092896, 118.96799469, 48.8148536682, 16.0297298431, 14.0524702072, -3.6797015667], [242.50680542, -111.578895569, -119.529960632, 70.2836914062, 25.4664440155, -2.45050740242, -16.3292446136, 21.1401100159, 48.8148536682, 136.87387085, 49.4395027161, 27.2729988098, 4.04308271408], [-68.94581604, -0.347697556019, -13.5237531662, 24.0842952728, 27.781545639, -3.56240415573, -3.25449895859, -4.46698665619, 16.0297298431, 49.4395027161, 91.3455734253, 39.6273727417, 12.2974414825], [263.665985107, -57.6666488647, -85.1841201782, 35.0415649414, -1.96830928326, 8.70837497711, -19.5117340088, -10.8028526306, 14.0524702072, 27.2729988098, 39.6273727417, 107.773338318, 45.1396408081], [-76.7064437866, 26.0942840576, 10.0334272385, 1.99182009697, 20.8706359863, -5.42437553406, -1.00033855438, -6.08157062531, -3.6797015667, 4.04308271408, 12.2974414825, 45.1396408081, 112.119049072]],
        "icov": [[0.000501521339174, -0.000463404285256, 0.000712690467481, -0.000668873486575, 0.000745445839129, -0.000977005111054, 0.000962884863839, -0.00080337037798, 0.000664411985781, -0.000621183600742, 0.000978960189968, -0.00101673405152, 0.000524230184965], [-0.000463404285256, 0.00128578476142, -0.000605329347309, 0.000811586272903, -0.000956897449214, 0.00104647432454, -0.00168546219356, 0.00100583629683, -0.000432221975643, 0.00116469024215, -0.00136795837898, 0.00135609798599, -0.000760378781706], [0.000712690467481, -0.000605329347309, 0.00194568804, -0.000829397584312, 0.000818553380668, -0.00238274061121, 0.000731080363039, -0.00086321256822, 0.000484144635266, 3.83066362701e-05, 0.000745358411223, -0.000472512765555, 0.000284130102955], [-0.000668873486575, 0.000811586272903, -0.000829397584312, 0.00461242487654, -0.00314613617957, -0.000323643762385, -0.000361402111594, 0.000444270845037, -0.000502771639731, -0.000406912644394, -0.000712502805982, 0.000346746877767, -0.000126636718051], [0.000745445839129, -0.000956897449214, 0.000818553380668, -0.00314613617957, 0.00910218153149, -0.00203096261248, -0.000721902411897, -0.000256643048488, 0.00124817190226, -0.00181481707841, -0.000691600202117, 0.00053201575065, -0.00112954934593], [-0.000977005111054, 0.00104647432454, -0.00238274061121, -0.000323643762385, -0.00203096261248, 0.0120949801058, -0.004695457872, 0.000792555743828, -0.00185981194954, 0.00147882045712, -0.000196968947421, -0.000898577680346, 0.000540330831427], [0.000962884863839, -0.00168546219356, 0.000731080363039, -0.000361402111594, -0.000721902411897, -0.004695457872, 0.0150956157595, -0.00782480183989, 0.00121792068239, 0.000150464038597, 0.00126399402507, -0.00134793296456, 0.0010480809724], [-0.00080337037798, 0.00100583629683, -0.00086321256822, 0.000444270845037, -0.000256643048488, 0.000792555743828, -0.00782480183989, 0.0147577868775, -0.00562003580853, -0.000365251151379, -0.000304558110656, 0.00315484660678, -0.00130559760146], [0.000664411985781, -0.000432221975643, 0.000484144635266, -0.000502771639731, 0.00124817190226, -0.00185981194954, 0.00121792068239, -0.00562003580853, 0.0136629892513, -0.00490215886384, 0.00146607891656, -0.0032655489631, 0.00168357184157], [-0.000621183600742, 0.00116469024215, 3.83066362701e-05, -0.000406912644394, -0.00181481707841, 0.00147882045712, 0.000150464038597, -0.000365251151379, -0.00490215886384, 0.0139973042533, -0.0073694079183, 0.0024257095065, -0.00113529898226], [0.000978960189968, -0.00136795837898, 0.000745358411223, -0.000712502805982, -0.000691600202117, -0.000196968947421, 0.00126399402507, -0.000304558110656, 0.00146607891656, -0.0073694079183, 0.0193450693041, -0.00869115721434, 0.00273921131156], [-0.00101673405152, 0.00135609798599, -0.000472512765555, 0.000346746877767, 0.00053201575065, -0.000898577680346, -0.00134793296456, 0.00315484660678, -0.0032655489631, 0.0024257095065, -0.00869115721434, 0.0183448251337, -0.0075855916366], [0.000524230184965, -0.000760378781706, 0.000284130102955, -0.000126636718051, -0.00112954934593, 0.000540330831427, 0.0010480809724, -0.00130559760146, 0.00168357184157, -0.00113529898226, 0.00273921131156, -0.0075855916366, 0.0124562177807]]
    },
    "spectral_contrast_coeffs": {
        "mean": [-0.706306397915, -0.749584853649, -0.758717179298, -0.766761422157, -0.781206190586, -0.731593906879],
        "stdev": [0.0743771791458, 0.0869486108422, 0.0899462997913, 0.0907323807478, 0.0760478153825, 0.0552650019526]
    },
    "spectral_contrast_valleys": {
        "mean": [-7.53178262711, -8.19626235962, -8.930519104, -9.14782810211, -9.10789775848, -12.8579950333],
        "stdev": [2.4931538105, 2.41961789131, 2.35717630386, 2.36527180672, 2.38340139389, 1.90378439426]
    }
},
"rhythm": {
    "beats_count": 626,
    "beats_loudness": {
        "mean": 0.0189182274044,
        "stdev": 0.0134586226195
    },
    "bpm": 119.716194153,
    "bpm_histogram_first_peak_bpm": 120,
    "bpm_histogram_first_peak_weight": 0.510204076767,
    "bpm_histogram_second_peak_bpm": 115,
    "bpm_histogram_second_peak_spread": 0.169491529465,
    "bpm_histogram_second_peak_weight": 0.0784000009298,
    "danceability": 1.22505903244,
    "onset_rate": 4.09337234497,
    "beats_loudness_band_ratio": {
        "mean": [0.538076937199, 0.180141940713, 0.0854292884469, 0.118248268962, 0.10987804085, 0.0228644683957],
        "stdev": [0.333332270384, 0.183221161366, 0.109772391617, 0.158047199249, 0.170769572258, 0.0349280945957]
    },
    "beats_position": [0.441179126501, 0.893968224525, 1.35836732388, 1.82276642323, 2.29877543449, 2.76317453384, 3.23918366432, 3.7151927948, 4.20281171799, 4.7020406723, 5.18965959549, 5.6888885498, 6.17650794983, 6.66412687302, 7.1517457962, 7.63936471939, 8.12698364258, 8.6146030426, 9.10222244263, 9.58984088898, 10.077460289, 10.5766887665, 11.0643081665, 11.5519275665, 12.051156044, 12.538775444, 13.0380039215, 13.5256233215, 14.0132427216, 14.512471199, 15.0117006302, 15.5109291077, 15.9985485077, 16.4977779388, 16.99700737, 17.5078449249, 18.0070743561, 18.4946937561, 18.9939231873, 19.5047607422, 20.0039901733, 20.5264396667, 21.0953292847, 21.6642169952, 22.2331066132, 22.8019943237, 23.3708839417, 23.8933334351, 24.4273910522, 24.9382305145, 25.4490699768, 25.948299408, 26.4475269318, 26.9351463318, 27.4111557007, 27.8987751007, 28.3863945007, 28.8856239319, 29.3616313934, 29.8608608246, 30.3600902557, 30.8593196869, 31.3701572418, 31.8809967041, 32.391834259, 32.8910636902, 33.3902931213, 33.901134491, 34.4119720459, 34.9228096008, 35.422039032, 35.9212684631, 36.4088897705, 36.8848991394, 37.4073448181, 37.9297943115, 38.4638557434, 38.9514732361, 39.4390907288, 39.9383201599, 40.4491615295, 40.9599990845, 41.4708366394, 41.9700660706, 42.4809074402, 42.9801368713, 43.4909744263, 44.0018119812, 44.5126533508, 45.0234909058, 45.5343284607, 46.0451698303, 46.5443992615, 47.0320167542, 47.5312461853, 48.018863678, 48.5180931091, 49.0405426025, 49.5629920959, 50.0854415894, 50.5962791443, 51.0955085754, 51.5831298828, 52.0939674377, 52.5931968689, 53.1040344238, 53.5916557312, 54.1024932861, 54.6133308411, 55.1241722107, 55.6350097656, 56.1458511353, 56.6450767517, 57.1443061829, 57.643535614, 58.1427650452, 58.6303825378, 59.129611969, 59.6288414001, 60.1280708313, 60.6273002625, 61.1265296936, 61.6257591248, 62.1365966797, 62.6358261108, 63.1234474182, 63.6110649109, 64.0870742798, 64.5863037109, 65.0855331421, 65.5731506348, 66.0723800659, 66.5716094971, 67.0592269897, 67.5584564209, 68.0576858521, 68.5569152832, 69.0561447144, 69.543762207, 70.0313796997, 70.5073928833, 70.9601821899, 71.5174560547, 72.1095657349, 72.701675415, 73.2937850952, 73.8975067139, 74.489616394, 75.0817184448, 75.6854400635, 76.3007659912, 76.9160995483, 77.4501571655, 77.9958267212, 78.5182723999, 79.040725708, 79.5515594482, 80.0624008179, 80.561630249, 81.0608596802, 81.5717010498, 82.070930481, 82.5701599121, 83.0809936523, 83.5686187744, 84.0794525146, 84.5902938843, 85.0895233154, 85.5887527466, 86.0879821777, 86.5872116089, 87.08644104, 87.6785507202, 88.270652771, 88.8627624512, 89.3503875732, 89.849609375, 90.3488388062, 90.8596801758, 91.3589096069, 91.8465270996, 92.3573684692, 92.8565979004, 93.3442153931, 93.8550567627, 94.3658905029, 94.8651199341, 95.3643493652, 95.8635787964, 96.3628082275, 96.8736495972, 97.3844909668, 97.8837203979, 98.3829498291, 98.8821716309, 99.381401062, 99.8690261841, 100.379859924, 100.890701294, 101.401542664, 101.900772095, 102.400001526, 102.910835266, 103.421676636, 103.932518005, 104.420135498, 104.919364929, 105.41859436, 105.917823792, 106.417053223, 106.904670715, 107.392288208, 107.879905701, 108.39074707, 108.889976501, 109.389205933, 109.888435364, 110.387664795, 110.875282288, 111.36289978, 111.862129211, 112.361358643, 112.860588074, 113.371429443, 113.882263184, 114.381492615, 114.869110107, 115.368339539, 115.855964661, 116.343582153, 116.842811584, 117.342041016, 117.841270447, 118.352104187, 118.839729309, 119.327346802, 119.814964294, 120.314193726, 120.813423157, 121.312652588, 121.811882019, 122.299499512, 122.798728943, 123.297958374, 123.808792114, 124.319633484, 124.818862915, 125.306480408, 125.805709839, 126.316551208, 126.81578064, 127.315010071, 127.802627563, 128.290252686, 128.789474487, 129.288711548, 129.799545288, 130.29876709, 130.79800415, 131.285614014, 131.773239136, 132.272476196, 132.783309937, 133.282531738, 133.793380737, 134.304214478, 134.815048218, 135.325897217, 135.825119019, 136.324356079, 136.846801758, 137.392471313, 137.949752808, 138.507034302, 139.064300537, 139.621582031, 140.178863525, 140.747756958, 141.270202637, 141.792648315, 142.315093994, 142.814331055, 143.313552856, 143.801177979, 144.288803101, 144.799636841, 145.287246704, 145.774871826, 146.274108887, 146.773330688, 147.284164429, 147.795013428, 148.282623291, 148.770248413, 149.281082153, 149.791931152, 150.279541016, 150.778778076, 151.277999878, 151.777236938, 152.27645874, 152.764083862, 153.274917603, 153.774139404, 154.273376465, 154.772598267, 155.271835327, 155.771057129, 156.293518066, 156.804351807, 157.303573608, 157.802810669, 158.302032471, 158.801269531, 159.300491333, 159.799728394, 160.287338257, 160.798187256, 161.309020996, 161.808258057, 162.307479858, 162.818313599, 163.317550659, 163.816772461, 164.316009521, 164.8384552, 165.34928894, 165.871749878, 166.394195557, 166.916641235, 167.450698853, 167.973144531, 168.49559021, 169.018051147, 169.528884888, 170.039718628, 170.573776245, 171.096237183, 171.607070923, 172.117904663, 172.57069397, 173.023483276, 173.487884521, 173.940673828, 174.393463135, 174.846252441, 175.35710144, 175.856323242, 176.355545044, 176.854782104, 177.354003906, 177.864852905, 178.364074707, 178.863311768, 179.350921631, 179.838546753, 180.326171875, 180.825393677, 181.324615479, 181.823852539, 182.323074341, 182.822311401, 183.321533203, 183.809158325, 184.319992065, 184.819229126, 185.306838989, 185.80607605, 186.305297852, 186.804534912, 187.292144775, 187.779769897, 188.26739502, 188.77822876, 189.2890625, 189.799911499, 190.299133301, 190.798370361, 191.297592163, 191.796829224, 192.284439087, 192.783676147, 193.282897949, 193.770523071, 194.258132935, 194.757369995, 195.256591797, 195.755828857, 196.255050659, 196.75428772, 197.253509521, 197.752746582, 198.251968384, 198.751205444, 199.250427246, 199.749649048, 200.248886108, 200.759719849, 201.258956909, 201.758178711, 202.257415771, 202.768249512, 203.267486572, 203.766708374, 204.265930176, 204.765167236, 205.264389038, 205.775238037, 206.274459839, 206.773696899, 207.28453064, 207.7837677, 208.282989502, 208.782211304, 209.281448364, 209.780670166, 210.279907227, 210.790740967, 211.289978027, 211.789199829, 212.28843689, 212.787658691, 213.286895752, 213.786117554, 214.296951294, 214.807800293, 215.318634033, 215.841079712, 216.363540649, 216.885986328, 217.420043945, 217.942489624, 218.464935303, 218.987380981, 219.509841919, 220.032287598, 220.543121338, 221.053970337, 221.576416016, 222.075637817, 222.586486816, 223.097320557, 223.608154297, 224.119003296, 224.629837036, 225.129058838, 225.628295898, 226.1275177, 226.626754761, 227.125976562, 227.625213623, 228.136047363, 228.635284424, 229.134506226, 229.633743286, 230.144577026, 230.643798828, 231.154647827, 231.665481567, 232.164718628, 232.66394043, 233.17477417, 233.67401123, 234.173233032, 234.684082031, 235.194915771, 235.694152832, 236.204986572, 236.704208374, 237.215057373, 237.725891113, 238.236724854, 238.735961914, 239.235183716, 239.734420776, 240.245254517, 240.744491577, 241.255325317, 241.766159058, 242.265396118, 242.776229858, 243.275466919, 243.786300659, 244.297134399, 244.807983398, 245.318817139, 245.81803894, 246.317276001, 246.828109741, 247.33895874, 247.84979248, 248.360626221, 248.883071899, 249.405532837, 249.916366577, 250.415603638, 250.926437378, 251.42565918, 251.936508179, 252.43572998, 252.934967041, 253.445800781, 253.956634521, 254.467483521, 254.978317261, 255.489151001, 256, 256.51083374, 257.02166748, 257.532501221, 258.031738281, 258.530975342, 259.041809082, 259.552642822, 260.063476562, 260.562713623, 261.073547363, 261.572784424, 262.060394287, 262.559631348, 263.058868408, 263.569702148, 264.068939209, 264.568145752, 265.07901001, 265.58984375, 266.089050293, 266.588287354, 267.087524414, 267.586761475, 268.085968018, 268.585205078, 269.130889893, 269.676544189, 270.233825684, 270.779510498, 271.301940918, 271.835998535, 272.370056152, 272.90411377, 273.484619141, 274.076721191, 274.657226562, 275.1796875, 275.69052124, 276.189758301, 276.712188721, 277.223022461, 277.733886719, 278.233093262, 278.732330322, 279.243164062, 279.753997803, 280.264862061, 280.78729248, 281.309753418, 281.820587158, 282.331420898, 282.842254639, 283.353088379, 283.863952637, 284.374786377, 284.897216797, 285.419677734, 285.930511475, 286.441345215, 286.940582275, 287.451416016, 287.962249756, 288.484710693, 288.983947754, 289.483154297, 289.994018555, 290.516448975, 291.038909912, 291.561340332, 292.060577393, 292.548217773, 293.059051514, 293.569885254, 294.080718994, 294.568328857, 295.079193115, 295.590026855, 296.124084473, 296.646514893, 297.16897583, 297.726257324, 298.295135498, 298.887237549, 299.46774292, 300.071472168, 300.710021973, 301.348571777, 301.917449951, 302.486358643, 303.066833496, 303.647338867, 304.227844238, 304.808349609, 305.388824463, 305.969329834, 306.468566895, 306.967803955, 307.478637695, 307.989471436, 308.500305176, 309.011138916, 309.522003174, 310.032836914, 310.543670654, 311.054504395, 311.576965332, 312.099395752, 312.621856689, 313.13269043, 313.678375244, 314.235626221, 314.792907715, 315.292144775, 315.84942627, 316.534423828, 317.126525879, 317.730255127, 318.391998291, 319.053771973],
    "bpm_histogram": [0, 0, 0, 0, 0, 0, 0, 0, 0, 0, 0, 0, 0, 0, 0, 0, 0, 0, 0, 0, 0, 0, 0, 0, 0, 0, 0, 0, 0, 0, 0, 0, 0, 0, 0, 0, 0, 0, 0, 0, 0, 0, 0, 0, 0, 0, 0, 0, 0, 0, 0, 0, 0, 0, 0, 0, 0, 0, 0, 0, 0, 0, 0, 0, 0, 0, 0, 0, 0, 0, 0, 0, 0, 0, 0, 0, 0, 0, 0, 0, 0, 0, 0, 0, 0, 0, 0, 0, 0.00159999995958, 0, 0, 0.00319999991916, 0, 0, 0.00319999991916, 0, 0, 0, 0.00319999991916, 0.00639999983832, 0, 0.0175999999046, 0, 0.0143999997526, 0, 0.0143999997526, 0, 0, 0.0175999999046, 0, 0.00960000045598, 0, 0.01600000076, 0, 0, 0.0784000009298, 0, 0.270399987698, 0, 0, 0.384000003338, 0, 0, 0.129600003362, 0, 0, 0.0127999996766, 0, 0, 0.00639999983832, 0, 0, 0, 0.0111999996006, 0, 0, 0, 0, 0, 0, 0, 0, 0, 0, 0, 0, 0, 0, 0, 0, 0, 0, 0, 0, 0, 0, 0, 0, 0, 0, 0, 0, 0, 0, 0, 0, 0, 0, 0, 0, 0, 0, 0, 0, 0, 0, 0, 0, 0, 0, 0, 0, 0, 0, 0, 0, 0, 0, 0, 0, 0, 0, 0, 0, 0, 0, 0, 0, 0, 0, 0, 0, 0, 0, 0, 0, 0, 0, 0, 0, 0, 0, 0, 0, 0, 0, 0, 0, 0, 0, 0, 0, 0, 0, 0, 0, 0, 0, 0, 0, 0, 0, 0, 0, 0, 0, 0, 0, 0, 0, 0, 0, 0, 0, 0, 0, 0, 0, 0, 0]
},
"tonal": {
    "chords_changes_rate": 0.0768113806844,
    "chords_number_rate": 0.00232321768999,
    "chords_strength": {
        "mean": 0.478367716074,
        "stdev": 0.190061569214
    },
    "hpcp_crest": {
        "mean": 14.9669466019,
        "stdev": 7.09458494186
    },
    "hpcp_entropy": {
        "mean": 1.72331988811,
        "stdev": 0.722258865833
    },
    "key_edma": {
        "strength": 0.767739772797,
        "key": "B",
        "scale": "major"
    },
    "key_krumhansl": {
        "strength": 0.766077280045,
        "key": "B",
        "scale": "major"
    },
    "key_temperley": {
        "strength": 0.763110816479,
        "key": "B",
        "scale": "major"
    },
    "tuning_diatonic_strength": 0.72812640667,
    "tuning_equal_tempered_deviation": 0.0349667929113,
    "tuning_frequency": 456.04309082,
    "tuning_nontempered_energy_ratio": 0.724667012691,
    "hpcp": {
        "mean": [0.0240795779973, 0.0301232337952, 0.0622279420495, 0.0892963409424, 0.071148045361, 0.110788345337, 0.170659467578, 0.114018857479, 0.0580261982977, 0.0589310564101, 0.0663039684296, 0.120594993234, 0.153807997704, 0.0908856317401, 0.04509684816, 0.0437814220786, 0.0366285480559, 0.0676131173968, 0.0969379916787, 0.072244182229, 0.0752171874046, 0.101939953864, 0.0749273151159, 0.053889632225, 0.0752153322101, 0.118463568389, 0.281501561403, 0.374149024487, 0.221899569035, 0.0988347232342, 0.0803244113922, 0.072833403945, 0.147668108344, 0.186775967479, 0.0950247123837, 0.0315312147141],
        "stdev": [0.101501099765, 0.118781998754, 0.162476867437, 0.212769269943, 0.179006516933, 0.212975978851, 0.29863846302, 0.221858531237, 0.161256551743, 0.159785985947, 0.173289462924, 0.2356274575, 0.280062973499, 0.199065685272, 0.139472126961, 0.146731600165, 0.123291552067, 0.159202650189, 0.205240145326, 0.175872325897, 0.18198081851, 0.225375324488, 0.182923600078, 0.152402609587, 0.191591277719, 0.233142122626, 0.34762057662, 0.405014723539, 0.301777482033, 0.215334415436, 0.20352576673, 0.186005800962, 0.260831266642, 0.311125695705, 0.200903937221, 0.11379250139]
    },
