{
"metadata": {
    "version": {
        "essentia": "2.1-dev",
        "essentia_git_sha": "v2.1_beta3-415-gd5473f3",
        "extractor": "music 2.0"
    },
    "audio_properties": {
        "analysis": {
            "equal_loudness": 0,
            "length": 240.71836853,
            "sample_rate": 44100,
            "start_time": 0,
            "downmix": "mix"
        },
        "bit_rate": 192000,
        "length": 240.71836853,
        "lossless": 0,
        "number_channels": 2,
        "replay_gain": -6.12227630615,
        "sample_rate": 44100,
        "codec": "mp3",
        "md5_encoded": "e77228eb37bdc0a7500d4d0234900e5b"
    },
    "tags": {
        "file_name": "carmen_macrae-dream_of_life.mp3",
        "album": ["Women - The Best Jazz Vocals (Disc 2)"],
        "artist": ["Vários"],
        "genre": ["Other"],
        "title": ["Dream Of Life"]
    }
},
"lowlevel": {
    "average_loudness": 0.458081334829,
    "barkbands_crest": {
        "mean": 14.4478445053,
        "stdev": 5.13417959213
    },
    "barkbands_flatness_db": {
        "mean": 0.221555709839,
        "stdev": 0.0563650503755
    },
    "barkbands_kurtosis": {
        "mean": 18.1379776001,
        "stdev": 29.2679328918
    },
    "barkbands_skewness": {
        "mean": 2.39181399345,
        "stdev": 2.17605662346
    },
    "barkbands_spread": {
        "mean": 10.3520755768,
        "stdev": 14.1185626984
    },
    "dissonance": {
        "mean": 0.392664939165,
        "stdev": 0.0620106719434
    },
    "dynamic_complexity": 5.21037530899,
    "erbbands_crest": {
        "mean": 15.1226930618,
        "stdev": 6.05192184448
    },
    "erbbands_flatness_db": {
        "mean": 0.209248557687,
        "stdev": 0.0574347339571
    },
    "erbbands_kurtosis": {
        "mean": 7.70132112503,
        "stdev": 11.8470945358
    },
    "erbbands_skewness": {
        "mean": 1.59487783909,
        "stdev": 1.59001660347
    },
    "erbbands_spread": {
        "mean": 24.6644821167,
        "stdev": 21.7435264587
    },
    "hfc": {
        "mean": 11.7662849426,
        "stdev": 24.0855464935
    },
    "loudness_ebu128": {
        "integrated": -19.5684318542,
        "loudness_range": 6.83820533752,
        "momentary": {
            "mean": -24.2257041931,
            "stdev": 23.1868267059
        },
        "short_term": {
            "mean": -20.9285945892,
            "stdev": 4.39785528183
        }
    },
    "melbands_crest": {
        "mean": 17.3496208191,
        "stdev": 6.01624059677
    },
    "melbands_flatness_db": {
        "mean": 0.302202492952,
        "stdev": 0.0750706642866
    },
    "melbands_kurtosis": {
        "mean": 27.5104446411,
        "stdev": 47.7698936462
    },
    "melbands_skewness": {
        "mean": 2.70606350899,
        "stdev": 2.50571489334
    },
    "melbands_spread": {
        "mean": 13.7315731049,
        "stdev": 28.3379650116
    },
    "pitch_salience": {
        "mean": 0.489604324102,
        "stdev": 0.147607058287
    },
    "silence_rate_20dB": {
        "mean": 1,
        "stdev": 0
    },
    "silence_rate_30dB": {
        "mean": 0.98408561945,
        "stdev": 0.125148639083
    },
    "silence_rate_60dB": {
        "mean": 0.181809410453,
        "stdev": 0.385704040527
    },
    "spectral_centroid": {
        "mean": 854.387756348,
        "stdev": 1224.52233887
    },
    "spectral_complexity": {
        "mean": 6.66155481339,
        "stdev": 4.27523326874
    },
    "spectral_decrease": {
        "mean": -4.61354510151e-09,
        "stdev": 6.14915807162e-09
    },
    "spectral_energy": {
        "mean": 0.0184798575938,
        "stdev": 0.0250193625689
    },
    "spectral_energyband_high": {
        "mean": 0.000331225659465,
        "stdev": 0.00129270961042
    },
    "spectral_energyband_low": {
        "mean": 0.00368640967645,
        "stdev": 0.00990037061274
    },
    "spectral_energyband_middle_high": {
        "mean": 0.00413635326549,
        "stdev": 0.0163489896804
    },
    "spectral_energyband_middle_low": {
        "mean": 0.0107525447384,
        "stdev": 0.0134344277903
    },
    "spectral_entropy": {
        "mean": 6.67078399658,
        "stdev": 0.708713054657
    },
    "spectral_flux": {
        "mean": 0.0472925677896,
        "stdev": 0.0462402254343
    },
    "spectral_kurtosis": {
        "mean": 7.82648086548,
        "stdev": 5.61258602142
    },
    "spectral_rms": {
        "mean": 0.00360464863479,
        "stdev": 0.00224401755258
    },
    "spectral_rolloff": {
        "mean": 997.619506836,
        "stdev": 2149.21191406
    },
    "spectral_skewness": {
        "mean": 2.24570131302,
        "stdev": 0.86952650547
    },
    "spectral_spread": {
        "mean": 5120217.5,
        "stdev": 3685897.25
    },
    "spectral_strongpeak": {
        "mean": 1.28009593487,
        "stdev": 1.65406572819
    },
    "zerocrossingrate": {
        "mean": 0.0411412268877,
        "stdev": 0.0586073882878
    },
    "barkbands": {
        "mean": [5.32297890459e-05, 0.00289859669283, 0.000615949684288, 0.00038845371455, 0.00267854868434, 0.00295105692931, 0.000871290219948, 0.000798153108917, 0.00245920568705, 0.00182269315701, 0.00096630922053, 0.000692627800163, 0.000296660582535, 0.00017737277085, 0.000125729842694, 6.39486825094e-05, 7.43582349969e-05, 0.000132816305268, 4.14175228798e-05, 0.000102860671177, 7.6994743722e-05, 6.29637142993e-05, 6.45829859423e-05, 3.49773799826e-05, 1.91229064512e-05, 9.50690446189e-06, 4.13082744899e-07],
        "stdev": [0.00034250781755, 0.00921691395342, 0.00176173192449, 0.00105491408613, 0.00504246214405, 0.00472939014435, 0.00246287020855, 0.00248612905852, 0.0081670274958, 0.00840954203159, 0.00596497254446, 0.00522682443261, 0.00214076694101, 0.001264251885, 0.000748312915675, 0.000346367538441, 0.000315781042445, 0.000598078651819, 0.000259693682892, 0.000654245668557, 0.000357050390448, 0.000434568384662, 0.000370594032574, 0.000168207945535, 8.14710438135e-05, 3.88406151615e-05, 1.45423734921e-06]
    },
    "erbbands": {
        "mean": [0.070060133934, 0.695563018322, 0.905282378197, 0.926943182945, 3.42769932747, 9.52538967133, 20.4395542145, 24.8093452454, 15.6166915894, 13.2549762726, 23.7116012573, 57.0594024658, 59.8630752563, 50.3012084961, 34.547416687, 24.9565658569, 14.2205429077, 10.2074804306, 7.25118923187, 5.77220487595, 3.32862281799, 4.27988624573, 7.071641922, 4.25649881363, 2.28591775894, 4.99867105484, 3.85862493515, 2.64540338516, 2.17780900002, 2.20770931244, 1.78987443447, 0.853936553001, 0.562184512615, 0.272986441851, 0.106412887573, 0.0526157617569, 0.0148620447144, 0.00209745438769, 5.80280611757e-05, 2.3351791242e-05],
        "stdev": [0.231005445123, 2.19933772087, 2.23023152351, 1.85300517082, 8.9792137146, 20.416179657, 33.1000480652, 49.6959571838, 38.0293922424, 42.7662315369, 57.2686500549, 199.543395996, 238.472290039, 267.494750977, 231.106964111, 155.245010376, 91.322303772, 64.8837509155, 40.6157875061, 34.7197608948, 13.6913585663, 16.8542709351, 31.2179260254, 23.7705345154, 14.7175645828, 31.0196723938, 16.9142799377, 13.3072776794, 14.9017267227, 15.0488214493, 10.0824613571, 4.42994594574, 2.60119199753, 1.20595979691, 0.442252784967, 0.229657024145, 0.0582647286355, 0.00710132718086, 0.000168108395883, 3.10976392939e-05]
    },
    "gfcc": {
        "mean": [-109.043754578, 99.8455657959, -78.3803482056, 15.6798906326, -70.2753448486, 1.10138034821, -39.5963897705, 12.6043777466, -22.752822876, 4.71960067749, -12.1665048599, 6.48903036118, -4.04472780228],
        "cov": [[16503.8164062, 922.998168945, -2543.00219727, -52.4625511169, -988.391845703, 72.5306167603, -275.456939697, 234.324050903, -214.462524414, -269.123443604, -36.3486557007, -128.386276245, 252.902206421], [922.998168945, 1383.56103516, 25.7033557892, -521.076416016, 137.770141602, 35.0384788513, 82.4099273682, -57.8678321838, -3.67838597298, -9.99730110168, 43.2904510498, -120.064338684, -18.8909034729], [-2543.00219727, 25.7033557892, 1491.09936523, 528.736755371, 255.881515503, 73.9999694824, -0.908014535904, -51.5676803589, 67.0251464844, 181.308685303, -82.2069702148, 48.354347229, -202.047851562], [-52.4625511169, -521.076416016, 528.736755371, 926.596130371, 107.42855835, -79.6534805298, -73.4839248657, 72.2404327393, 34.729309082, 34.1362457275, -71.5341720581, 79.8094100952, -32.5499076843], [-988.391845703, 137.770141602, 255.881515503, 107.42855835, 328.917358398, 75.5292358398, 43.0418548584, 18.3804683685, 47.9665412903, 38.2778587341, -29.3273105621, -19.3799953461, -32.8720741272], [72.5306167603, 35.0384788513, 73.9999694824, -79.6534805298, 75.5292358398, 406.81817627, 230.657150269, -40.1561584473, -7.48997116089, 60.9174919128, -7.66564512253, -40.0710716248, -62.8012428284], [-275.456939697, 82.4099273682, -0.908014535904, -73.4839248657, 43.0418548584, 230.657150269, 342.747619629, -10.5447902679, -47.3596038818, 37.5795402527, 49.3089599609, -24.1540546417, -40.5722808838], [234.324050903, -57.8678321838, -51.5676803589, 72.2404327393, 18.3804683685, -40.1561584473, -10.5447902679, 186.961746216, 99.9088134766, -15.8479509354, -3.56394648552, 37.9591445923, 40.350227356], [-214.462524414, -3.67838597298, 67.0251464844, 34.729309082, 47.9665412903, -7.48997116089, -47.3596038818, 99.9088134766, 212.395889282, 44.1637535095, -12.1900091171, 34.5139694214, 47.5749702454], [-269.123443604, -9.99730110168, 181.308685303, 34.1362457275, 38.2778587341, 60.9174919128, 37.5795402527, -15.8479509354, 44.1637535095, 157.198150635, 13.9344453812, 6.91793298721, -35.0906524658], [-36.3486557007, 43.2904510498, -82.2069702148, -71.5341720581, -29.3273105621, -7.66564512253, 49.3089599609, -3.56394648552, -12.1900091171, 13.9344453812, 166.251525879, 50.4968223572, 21.7012329102], [-128.386276245, -120.064338684, 48.354347229, 79.8094100952, -19.3799953461, -40.0710716248, -24.1540546417, 37.9591445923, 34.5139694214, 6.91793298721, 50.4968223572, 160.282928467, 59.7756156921], [252.902206421, -18.8909034729, -202.047851562, -32.5499076843, -32.8720741272, -62.8012428284, -40.5722808838, 40.350227356, 47.5749702454, -35.0906524658, 21.7012329102, 59.7756156921, 182.928314209]],
        "icov": [[0.000289346848149, -0.000690713641234, 0.000729133898858, -0.000837036932353, 0.00101485848427, -0.000863179273438, 0.000746380712371, -0.000584889145102, 0.000464855576865, -0.000463819480501, 0.000245550880209, -0.00015438835544, 0.000177080510184], [-0.000690713641234, 0.00283216917887, -0.00209098868072, 0.00282373349182, -0.00300820730627, 0.00240648468025, -0.00202088220976, 0.00143330730498, -0.00119054655079, 0.00143275677692, -0.000960594450589, 0.00115122809075, -0.000716219423339], [0.000729133898858, -0.00209098868072, 0.00329629518092, -0.00289712497033, 0.00208689738065, -0.00217437045649, 0.00191747047938, -0.000703718396835, 0.000661487283651, -0.00205553253181, 0.00120321265422, -0.0015090914676, 0.00189441570546], [-0.000837036932353, 0.00282373349182, -0.00289712497033, 0.00458500627428, -0.00353077217005, 0.00300005171448, -0.00222181971185, 0.00089637824567, -0.00085682910867, 0.00149369495921, -0.000373782328097, 0.000343742780387, -0.000788903038483], [0.00101485848427, -0.00300820730627, 0.00208689738065, -0.00353077217005, 0.00773171242326, -0.0037025839556, 0.00245051807724, -0.00243642390706, 0.00101350597106, -0.00165173504502, 0.00109041261021, -1.78877944563e-05, 0.000458272610558], [-0.000863179273438, 0.00240648468025, -0.00217437045649, 0.00300005171448, -0.0037025839556, 0.00737224100158, -0.00546575477347, 0.00294294441119, -0.00240824045613, 0.000843500718474, 0.000364402949344, 0.00044980776147, 0.00017617965932], [0.000746380712371, -0.00202088220976, 0.00191747047938, -0.00222181971185, 0.00245051807724, -0.00546575477347, 0.00766388420016, -0.00310987234116, 0.00313952425495, -0.00190515141003, -0.00115616351832, 6.75669289194e-05, 0.000364740961231], [-0.000584889145102, 0.00143330730498, -0.000703718396835, 0.00089637824567, -0.00243642390706, 0.00294294441119, -0.00310987234116, 0.0101191317663, -0.00574465328828, 0.00265804491937, 1.61634507094e-05, -0.00106191542, 0.000338574987836], [0.000464855576865, -0.00119054655079, 0.000661487283651, -0.00085682910867, 0.00101350597106, -0.00240824045613, 0.00313952425495, -0.00574465328828, 0.00948606338352, -0.00367087102495, 0.000742641917896, -0.000299359904602, -0.00203016214073], [-0.000463819480501, 0.00143275677692, -0.00205553253181, 0.00149369495921, -0.00165173504502, 0.000843500718474, -0.00190515141003, 0.00265804491937, -0.00367087102495, 0.00983581226319, -0.00176509644371, 0.000329222006258, 0.000711812172085], [0.000245550880209, -0.000960594450589, 0.00120321265422, -0.000373782328097, 0.00109041261021, 0.000364402949344, -0.00115616351832, 1.61634507094e-05, 0.000742641917896, -0.00176509644371, 0.00854025129229, -0.00362475123256, 0.000524413015228], [-0.00015438835544, 0.00115122809075, -0.0015090914676, 0.000343742780387, -1.78877944563e-05, 0.00044980776147, 6.75669289194e-05, -0.00106191542, -0.000299359904602, 0.000329222006258, -0.00362475123256, 0.01017899625, -0.00362806697376], [0.000177080510184, -0.000716219423339, 0.00189441570546, -0.000788903038483, 0.000458272610558, 0.00017617965932, 0.000364740961231, 0.000338574987836, -0.00203016214073, 0.000711812172085, 0.000524413015228, -0.00362806697376, 0.00903680548072]]
    },
    "melbands": {
        "mean": [0.000761328323279, 0.000648712331895, 0.000228549935855, 0.000430635613156, 0.000696316128597, 0.000553046760615, 0.000223492737859, 0.000148518534843, 0.000238157052081, 0.000353304843884, 0.000295891542919, 0.000208124823985, 0.000123986217659, 8.33898084238e-05, 4.55365297967e-05, 2.60059641732e-05, 1.84505406651e-05, 1.20678751045e-05, 9.84693906503e-06, 5.40086375622e-06, 3.6119502056e-06, 4.02303930969e-06, 5.6143276197e-06, 6.88043655828e-06, 3.12564429805e-06, 1.1001988014e-06, 2.44255897996e-06, 3.59616387868e-06, 2.62899106929e-06, 1.7224513158e-06, 1.47530545291e-06, 1.19251353681e-06, 1.24935399981e-06, 1.206546699e-06, 1.10918426799e-06, 7.44190856494e-07, 4.39000103825e-07, 4.15124787878e-07, 3.14724900363e-07, 2.00959775043e-07],
        "stdev": [0.00249173259363, 0.00163421523757, 0.000496545457281, 0.000910693954211, 0.00113045016769, 0.00101871567313, 0.000550113792997, 0.00048987090122, 0.00060588499764, 0.00126894342247, 0.00123781966977, 0.00112116604578, 0.000785108306445, 0.000696193252224, 0.000286149879685, 0.000174717832124, 0.000130367727252, 7.61963237892e-05, 5.96951322223e-05, 3.57042772521e-05, 1.5633087969e-05, 1.6995054466e-05, 2.60581164184e-05, 3.17063568218e-05, 2.01282036869e-05, 6.2397371039e-06, 1.93412652152e-05, 2.27742730203e-05, 1.22452620417e-05, 8.45254180604e-06, 8.20991681394e-06, 8.73235330801e-06, 9.37847198657e-06, 8.04443970992e-06, 6.44914143777e-06, 4.00410999646e-06, 2.32597085414e-06, 2.02328214982e-06, 1.39098062846e-06, 9.23256152419e-07]
    },
    "melbands128": {
        "mean": [4.25784601248e-05, 0.000390472501749, 0.0012702572858, 0.00110156554729, 0.000582441803999, 0.000258782005403, 0.000144878256833, 0.000231765210629, 0.000351767841494, 0.000374527415261, 0.000409020314692, 0.000762846146245, 0.000707289378624, 0.000696584756952, 0.000611480441876, 0.000471922219731, 0.000309814291541, 0.000179660375579, 0.000137327398988, 0.000135425449116, 0.00017186992045, 0.000148294333485, 0.000172377054696, 0.000394199771108, 0.000469014659757, 0.000256744475337, 0.000301453226712, 0.000316710968036, 0.000295823818306, 0.000201467468287, 0.000201528542675, 0.000163760851137, 0.00011643228936, 9.29022280616e-05, 0.000105996790808, 7.75012231315e-05, 5.55527403776e-05, 5.08255216118e-05, 3.60087578883e-05, 2.41876259679e-05, 2.79827909253e-05, 2.20683650696e-05, 1.52020420501e-05, 1.97572662728e-05, 1.61863754329e-05, 8.16743340692e-06, 9.86454324448e-06, 1.27414878079e-05, 8.08728236734e-06, 7.69006601331e-06, 5.01255863128e-06, 3.07297932522e-06, 3.69021768165e-06, 3.81708332498e-06, 3.53706604983e-06, 3.76533330382e-06, 4.35084439232e-06, 6.00380417382e-06, 5.23003336639e-06, 6.65968218527e-06, 8.38279811433e-06, 5.93938148086e-06, 4.13093857787e-06, 2.47358821071e-06, 1.20292054362e-06, 7.14858003903e-07, 1.00701367955e-06, 2.20678157348e-06, 2.44563898377e-06, 3.41002760251e-06, 3.84848772228e-06, 3.64090897165e-06, 2.93352832159e-06, 2.57660758507e-06, 2.20264473683e-06, 1.57553859026e-06, 1.71769931967e-06, 1.42938029057e-06, 1.57689999014e-06, 1.33661399104e-06, 1.1384569234e-06, 1.15552541047e-06, 1.21873586068e-06, 1.22311678297e-06, 1.33449987061e-06, 1.25127644424e-06, 1.11807707981e-06, 1.19236051432e-06, 1.17915624287e-06, 1.00508816558e-06, 8.87635678737e-07, 6.90050455887e-07, 4.66647634312e-07, 4.08701623655e-07, 4.36824819872e-07, 4.32613205703e-07, 4.19908218419e-07, 3.74524404378e-07, 3.29351422579e-07, 2.8047159617e-07, 2.39425418158e-07, 1.93318982156e-07, 1.47487511981e-07, 1.18374011038e-07, 1.10804826647e-07, 1.10830427502e-07, 1.02941392299e-07, 1.03942667806e-07, 9.20145737382e-08, 8.39970653033e-08, 7.15848145205e-08, 5.83723540615e-08, 4.20565342552e-08, 3.16100496889e-08, 2.63061128436e-08, 2.25052261271e-08, 1.60279007844e-08, 1.90989557503e-09, 2.79441010262e-12, 2.71010861322e-12, 2.64776720514e-12, 2.59766015122e-12, 2.54425603849e-12, 2.49410019547e-12, 2.46702224621e-12, 2.44591803408e-12, 2.42975192917e-12, 2.41152150332e-12],
        "stdev": [0.000312376505462, 0.00126236258075, 0.00452110171318, 0.00336458580568, 0.00144472473767, 0.000722345255781, 0.000312943913741, 0.00069021852687, 0.00112661719322, 0.00127212214284, 0.00123906088993, 0.00193107186351, 0.00145925511606, 0.00132996798493, 0.00146095897071, 0.00146517320536, 0.000958907883614, 0.000686704937834, 0.000585369591136, 0.000619941623881, 0.000792504753917, 0.000600775587372, 0.000614408054389, 0.0014167180052, 0.00204965798184, 0.00164425803814, 0.00177581538446, 0.00168144423515, 0.00190080492757, 0.00153912627138, 0.00167075451463, 0.00123050413094, 0.00103327573743, 0.00109671172686, 0.00141272018664, 0.000849792733788, 0.000426835642429, 0.000398940057494, 0.000461523450213, 0.000236342224525, 0.000278874038486, 0.000236020525335, 0.000128120926092, 0.000264196045464, 0.000134175934363, 8.40153734316e-05, 9.11426905077e-05, 0.000110618006147, 6.24080566922e-05, 7.37774316804e-05, 3.91133362427e-05, 2.11432015931e-05, 2.20686742978e-05, 2.06910499401e-05, 2.6545527362e-05, 2.06775257539e-05, 2.23603983613e-05, 3.48198082065e-05, 3.30448492605e-05, 3.92247893615e-05, 4.4155127398e-05, 3.85999592254e-05, 3.33474708896e-05, 2.21468690143e-05, 8.14117993286e-06, 4.59363036498e-06, 7.34878722142e-06, 2.34078324866e-05, 2.23652514251e-05, 2.90328098345e-05, 2.72188590316e-05, 2.60190809058e-05, 1.60140461958e-05, 1.49679863171e-05, 1.06359912024e-05, 9.08366837393e-06, 9.79365813691e-06, 8.48995478009e-06, 9.92104651232e-06, 9.25145195652e-06, 9.46631917031e-06, 9.60048873822e-06, 9.87826933851e-06, 9.92712011794e-06, 1.04619966805e-05, 9.57989959716e-06, 7.25997188056e-06, 7.65316235629e-06, 7.40810401112e-06, 5.8154528233e-06, 4.9822319852e-06, 4.04355841965e-06, 2.49442223321e-06, 2.27752138926e-06, 2.56393263953e-06, 2.27559735322e-06, 2.10592133953e-06, 1.77803121915e-06, 1.5147617205e-06, 1.36439530252e-06, 1.1787137737e-06, 9.55086761678e-07, 7.17143905149e-07, 5.08850746428e-07, 4.65231011049e-07, 5.17704052072e-07, 4.89590433972e-07, 4.84225779473e-07, 4.21425596642e-07, 3.83969506856e-07, 3.23301037497e-07, 2.49269106689e-07, 1.61797217402e-07, 1.14388328143e-07, 9.07992045995e-08, 8.00608290774e-08, 5.63215358795e-08, 6.9628063315e-09, 5.77604457319e-12, 5.61581033412e-12, 5.47823418573e-12, 5.35565949228e-12, 5.25195121767e-12, 5.16164324824e-12, 5.08665679022e-12, 5.02809382671e-12, 4.98369357935e-12, 4.95656857571e-12]
    },
    "mfcc": {
        "mean": [-764.632019043, 137.362716675, 33.8466148376, 19.0729522705, -1.19679105282, -9.14361953735, -4.6834564209, -1.15481865406, -2.59196925163, 0.170321494341, -6.28283786774, 3.0066640377, -5.72265481949],
        "cov": [[8144.64453125, 51.9855194092, -1211.8963623, -349.968353271, -310.87286377, -319.270355225, 59.5427856445, 89.0486373901, 16.8549346924, 69.0732040405, -324.297698975, 78.1522521973, -253.801864624], [51.9855194092, 1925.86706543, 7.62568950653, -408.21307373, -42.3868980408, 33.2136039734, 100.115875244, -99.6343994141, -40.8878250122, 77.9081497192, 42.5772209167, -9.60601806641, 4.4988155365], [-1211.8963623, 7.62568950653, 1007.43041992, 414.065551758, 155.576065063, 219.222747803, -22.602563858, 6.38660907745, 34.5440788269, -11.4118003845, 167.237792969, -10.4581756592, 116.033409119], [-349.968353271, -408.21307373, 414.065551758, 742.660339355, 241.153274536, -32.9317741394, -75.8181533813, 32.9130973816, 65.6613616943, -83.7190933228, 42.7342987061, 31.2876911163, 41.510509491], [-310.87286377, -42.3868980408, 155.576065063, 241.153274536, 361.13873291, -23.2984371185, -132.602676392, 12.339009285, 87.9857559204, 4.3532409668, 14.7828731537, 3.47604703903, 31.1857910156], [-319.270355225, 33.2136039734, 219.222747803, -32.9317741394, -23.2984371185, 417.089019775, 169.502838135, 13.7038545609, 20.5344619751, 77.155921936, 95.0790939331, -43.15574646, 48.774723053], [59.5427856445, 100.115875244, -22.602563858, -75.8181533813, -132.602676392, 169.502838135, 315.487640381, 46.0783958435, -59.55103302, 29.7650680542, 37.780544281, -5.41284418106, 8.48394203186], [89.0486373901, -99.6343994141, 6.38660907745, 32.9130973816, 12.339009285, 13.7038545609, 46.0783958435, 180.852935791, 45.1748962402, -8.97470188141, 18.7313957214, 18.9682731628, 8.56287479401], [16.8549346924, -40.8878250122, 34.5440788269, 65.6613616943, 87.9857559204, 20.5344619751, -59.55103302, 45.1748962402, 204.430236816, 45.2852668762, 1.63538551331, 6.53611135483, 15.0410604477], [69.0732040405, 77.9081497192, -11.4118003845, -83.7190933228, 4.3532409668, 77.155921936, 29.7650680542, -8.97470188141, 45.2852668762, 175.333709717, 38.6928367615, -15.3658885956, 17.9388790131], [-324.297698975, 42.5772209167, 167.237792969, 42.7342987061, 14.7828731537, 95.0790939331, 37.780544281, 18.7313957214, 1.63538551331, 38.6928367615, 169.920455933, 26.3305797577, 39.0010910034], [78.1522521973, -9.60601806641, -10.4581756592, 31.2876911163, 3.47604703903, -43.15574646, -5.41284418106, 18.9682731628, 6.53611135483, -15.3658885956, 26.3305797577, 120.644355774, 24.7576084137], [-253.801864624, 4.4988155365, 116.033409119, 41.510509491, 31.1857910156, 48.774723053, 8.48394203186, 8.56287479401, 15.0410604477, 17.9388790131, 39.0010910034, 24.7576084137, 127.995285034]],
        "icov": [[0.000166208657902, -3.06208421534e-05, 0.000167756195879, -0.000101553523564, 0.000129512831336, -2.55726645264e-05, 3.41013001162e-05, -0.000123311489006, -2.93836910714e-06, -0.000174688786501, 0.00021747154824, -0.000169108694536, 0.000186959892744], [-3.06208421534e-05, 0.000687653431669, -0.000285955989966, 0.000612489471678, -0.000366807798855, 0.00032564275898, -0.000489644065965, 0.000476151268231, -0.000136521746754, 2.91849064524e-05, -0.000203081071959, -2.76442242466e-05, 2.07668981602e-05], [0.000167756195879, -0.000285955989966, 0.00216945004649, -0.00126195023768, 0.000295148522127, -0.00110243121162, 0.000824200105853, -0.000197014102014, 0.000244215043494, 0.00018420163542, -0.000931096554268, 0.00041833834257, -0.000759725051466], [-0.000101553523564, 0.000612489471678, -0.00126195023768, 0.0030030105263, -0.00165147450753, 0.00091792299645, -0.0010001831688, 0.00045682376367, -0.000643140170723, 0.00114477577154, -0.000289798452286, -0.000290010677418, 9.50561588979e-05], [0.000129512831336, -0.000366807798855, 0.000295148522127, -0.00165147450753, 0.0047407951206, -0.000482988893054, 0.00199864571914, -0.000660423072986, -0.000679760065395, -0.000738712842576, 0.000192139792489, 0.00021569657838, -0.000438450661022], [-2.55726645264e-05, 0.00032564275898, -0.00110243121162, 0.00091792299645, -0.000482988893054, 0.00479901069775, -0.00280336313881, 0.000709310756065, -0.00116132060066, -0.000553775462322, -0.0013447398087, 0.00161562871654, -0.000621814804617], [3.41013001162e-05, -0.000489644065965, 0.000824200105853, -0.0010001831688, 0.00199864571914, -0.00280336313881, 0.00622393144295, -0.00214131106623, 0.00197662459686, -0.000759387388825, 0.000113811627671, -0.000380179408239, -0.000112949834147], [-0.000123311489006, 0.000476151268231, -0.000197014102014, 0.00045682376367, -0.000660423072986, 0.000709310756065, -0.00214131106623, 0.00709747336805, -0.00223462260328, 0.00127379840706, -0.00108655996155, -0.000399456301238, -0.000180655290023], [-2.93836910714e-06, -0.000136521746754, 0.000244215043494, -0.000643140170723, -0.000679760065395, -0.00116132060066, 0.00197662459686, -0.00223462260328, 0.00702395709231, -0.00224068970419, 0.00102891703136, -0.000649558031, -8.64416288096e-05], [-0.000174688786501, 2.91849064524e-05, 0.00018420163542, 0.00114477577154, -0.000738712842576, -0.000553775462322, -0.000759387388825, 0.00127379840706, -0.00224068970419, 0.00804382469505, -0.00218834797852, 0.00124550424516, -0.000967701198533], [0.00021747154824, -0.000203081071959, -0.000931096554268, -0.000289798452286, 0.000192139792489, -0.0013447398087, 0.000113811627671, -0.00108655996155, 0.00102891703136, -0.00218834797852, 0.00912255235016, -0.00276761478744, -0.000151391359395], [-0.000169108694536, -2.76442242466e-05, 0.00041833834257, -0.000290010677418, 0.00021569657838, 0.00161562871654, -0.000380179408239, -0.000399456301238, -0.000649558031, 0.00124550424516, -0.00276761478744, 0.0104379868135, -0.00250972970389], [0.000186959892744, 2.07668981602e-05, -0.000759725051466, 9.50561588979e-05, -0.000438450661022, -0.000621814804617, -0.000112949834147, -0.000180655290023, -8.64416288096e-05, -0.000967701198533, -0.000151391359395, -0.00250972970389, 0.00988139118999]]
    },
    "spectral_contrast_coeffs": {
        "mean": [-0.668495416641, -0.663921356201, -0.709837198257, -0.775441169739, -0.797655642033, -0.819251894951],
        "stdev": [0.109768629074, 0.108769111335, 0.116140767932, 0.0821053236723, 0.069831199944, 0.0425807386637]
    },
    "spectral_contrast_valleys": {
        "mean": [-7.74244213104, -8.00422763824, -9.199177742, -9.72178173065, -9.33648586273, -11.226146698],
        "stdev": [2.04704165459, 2.02111029625, 1.90247678757, 1.82810115814, 1.8908765316, 1.72742414474]
    }
},
"rhythm": {
    "beats_count": 508,
    "beats_loudness": {
        "mean": 0.0259314682335,
        "stdev": 0.0357410050929
    },
    "bpm": 106.916519165,
    "bpm_histogram_first_peak_bpm": 108,
    "bpm_histogram_first_peak_weight": 0.56153845787,
    "bpm_histogram_second_peak_bpm": 157,
    "bpm_histogram_second_peak_spread": 0.236111104488,
    "bpm_histogram_second_peak_weight": 0.108481265604,
    "danceability": 1.00115704536,
    "onset_rate": 2.64608645439,
    "beats_loudness_band_ratio": {
        "mean": [0.27301543951, 0.370537817478, 0.233839198947, 0.101141691208, 0.0235599949956, 0.0412855409086],
        "stdev": [0.298915266991, 0.285470455885, 0.231741964817, 0.199111998081, 0.038927141577, 0.137389048934]
    },
    "beats_position": [0.557278871536, 1.1261677742, 1.70666658878, 2.27555561066, 2.85605430603, 3.43655323982, 4.01705217361, 4.62077093124, 5.23609972, 5.85142850876, 6.37387752533, 6.90793657303, 7.44199514389, 7.96444416046, 8.498503685, 9.06739234924, 9.62467098236, 10.1703395844, 10.7276191711, 11.2848978043, 11.8421764374, 12.387845993, 12.9451246262, 13.4095239639, 13.8855323792, 14.361541748, 14.8375511169, 15.301949501, 15.7663488388, 16.2307472229, 16.5906581879, 16.9505672455, 17.3104763031, 17.6819953918, 18.0419044495, 18.4134235382, 18.7733325958, 19.1332416534, 19.5279808044, 19.9111099243, 20.2942390442, 20.6889801025, 21.0837192535, 21.4668483734, 21.8615875244, 22.2447166443, 22.6278457642, 23.010974884, 23.405714035, 23.9165534973, 24.4273910522, 24.9382305145, 25.4142398834, 25.8786392212, 26.3546485901, 26.9119262695, 27.4808158875, 28.0380954742, 28.5953731537, 29.1410427094, 29.6983222961, 30.2555999756, 30.8128795624, 31.2540588379, 31.6952381134, 32.1480255127, 32.6124267578, 33.0884361267, 33.5644454956, 34.0404510498, 34.5164604187, 34.9808616638, 35.4568710327, 35.9561004639, 36.455329895, 36.9545555115, 37.4537849426, 37.94140625, 38.4290237427, 38.91664505, 39.4158706665, 39.9151000977, 40.4723815918, 41.0296592712, 41.5869369507, 42.1442184448, 42.6898841858, 43.2587738037, 43.8160552979, 44.3733329773, 44.8145103455, 45.2440795898, 45.6736488342, 46.1148300171, 46.5560073853, 46.9971885681, 47.4383659363, 47.8679351807, 48.3091163635, 48.7502937317, 49.1914749146, 49.6210403442, 50.0622215271, 50.5266189575, 50.9910202026, 51.4670295715, 51.9198188782, 52.3842163086, 52.8370056152, 53.2897949219, 53.73097229, 54.1837615967, 54.6365509033, 55.1473922729, 55.6350097656, 56.122631073, 56.6102485657, 57.0978660583, 57.5970954895, 58.1195449829, 58.6303825378, 59.1412239075, 59.6752815247, 60.2093429565, 60.7434005737, 61.2890701294, 61.8347396851, 62.4152374268, 62.9957351685, 63.5762329102, 64.1567306519, 64.7372360229, 65.3177337646, 65.8866195679, 66.4555053711, 67.0243988037, 67.5932846069, 68.1505661011, 68.7078475952, 69.2767333984, 69.8340148926, 70.4029006958, 70.9833984375, 71.5638961792, 72.1327896118, 72.701675415, 73.2705688477, 73.8510665894, 74.4315643311, 75.0004501343, 75.5693435669, 76.1382293701, 76.7187271118, 77.2992248535, 77.8681182861, 78.4370040894, 79.005897522, 79.5747833252, 80.1436691284, 80.712562561, 81.2814483643, 81.861946106, 82.4424438477, 83.0229492188, 83.44090271, 83.870475769, 84.2768249512, 84.6831741333, 85.0662994385, 85.4610443115, 85.8673934937, 86.2737426758, 86.6452560425, 87.0167770386, 87.3999099731, 87.7714233398, 88.1429443359, 88.514465332, 88.8859863281, 89.2691116333, 89.6638565063, 90.05859375, 90.4649429321, 90.8364639282, 91.2079772949, 91.5911102295, 91.9742355347, 92.3457565308, 92.7288894653, 93.1120147705, 93.4951477051, 93.8202285767, 94.1569137573, 94.4819946289, 94.8186798096, 95.1437606812, 95.4688415527, 95.7939224243, 96.1073913574, 96.432472229, 96.7691574097, 97.0942382812, 97.4193191528, 97.7327880859, 98.0578689575, 98.3829498291, 98.7080230713, 99.0331039429, 99.3697967529, 99.7297058105, 100.07800293, 100.437911987, 100.797821045, 101.157730103, 101.51763916, 101.877548218, 102.237457275, 102.701858521, 103.177864075, 103.653877258, 104.187934875, 104.733604431, 105.279273987, 105.766891479, 106.254508972, 106.753738403, 107.252967834, 107.763809204, 108.239814758, 108.715827942, 109.191833496, 109.679450989, 110.167076111, 110.666305542, 111.165527344, 111.653152466, 112.152381897, 112.663215637, 113.174057007, 113.650062561, 114.137687683, 114.694961548, 115.26385498, 115.821128845, 116.378410339, 116.947296143, 117.527801514, 118.096687317, 118.66557312, 119.188026428, 119.698867798, 120.209701538, 120.720542908, 121.219772339, 121.71900177, 122.22983551, 122.74067688, 123.25151825, 123.855232239, 124.470565796, 125.062675476, 125.666389465, 126.270111084, 126.862220764, 127.454330444, 128.023223877, 128.592102051, 129.149383545, 129.706665039, 130.275558472, 130.844436646, 131.413330078, 131.982223511, 132.504669189, 133.027114868, 133.549560547, 134.060409546, 134.571243286, 135.082077026, 135.592926025, 136.115371704, 136.626205444, 137.218322754, 137.810424805, 138.390930176, 138.983032227, 139.575149536, 140.167251587, 140.747756958, 141.32824707, 141.897140503, 142.466033936, 143.02331543, 143.592193604, 144.207519531, 144.822860718, 145.449798584, 146.018676758, 146.58757019, 147.144851685, 147.713745117, 148.271011353, 148.828292847, 149.385574341, 149.942855835, 150.500137329, 151.057418823, 151.626296997, 152.183578491, 152.740859985, 153.298141479, 153.855422974, 154.412689209, 154.958358765, 155.50402832, 156.061309814, 156.618591309, 157.175872803, 157.733154297, 158.290420532, 158.847702026, 159.393371582, 159.939041138, 160.496322632, 161.041992188, 161.587661743, 162.144943237, 162.71383667, 163.271102905, 163.839996338, 164.397277832, 164.954559326, 165.51184082, 166.069107056, 166.614776611, 167.160446167, 167.706115723, 168.251785278, 168.797454834, 169.34312439, 169.900405884, 170.457687378, 171.014968872, 171.572235107, 172.129516602, 172.686798096, 173.255691528, 173.824569702, 174.323806763, 174.823028564, 175.322265625, 175.833099365, 176.355545044, 176.854782104, 177.354003906, 177.853240967, 178.352462769, 178.851699829, 179.350921631, 179.838546753, 180.314559937, 180.790557861, 181.266571045, 181.719360352, 182.183761597, 182.648162842, 183.170608521, 183.693054199, 184.203903198, 184.714736938, 185.225570679, 185.748016357, 186.131149292, 186.525894165, 186.9090271, 187.292144775, 187.686889648, 188.070022583, 188.464752197, 188.85949707, 189.242630005, 189.637359619, 190.043716431, 190.426849365, 190.821578979, 191.204711914, 191.587844849, 191.994186401, 192.388931274, 192.795272827, 193.248062134, 193.70085144, 194.142044067, 194.571609497, 195.012786865, 195.453964233, 195.895141602, 196.359542847, 196.812332153, 197.26512146, 197.69468689, 198.124252319, 198.553833008, 198.995010376, 199.378143311, 199.772872925, 200.156005859, 200.539138794, 200.92225647, 201.317001343, 201.711746216, 202.09487915, 202.477996826, 202.849517822, 203.221038818, 203.615783691, 204.010513306, 204.405258179, 204.788391113, 205.171508789, 205.554641724, 205.937774658, 206.332519531, 206.727249146, 207.133605957, 207.53994751, 207.934692383, 208.352645874, 208.782211304, 209.211791992, 209.560089111, 209.90838623, 210.25668335, 210.616592407, 210.976501465, 211.336410522, 211.69631958, 212.044616699, 212.381317139, 212.741226196, 213.112747192, 213.48425293, 213.855773926, 214.285354614, 214.714920044, 215.132873535, 215.527618408, 215.910751343, 216.293869019, 216.665390015, 217.048522949, 217.431655884, 217.81477356, 218.209518433, 218.604263306, 219.010604858, 219.41696167, 219.823303223, 220.229660034, 220.624389648, 221.007522583, 221.379043579, 221.750564575, 222.13369751, 222.516815186, 222.981216431, 223.445617676, 223.910018921, 224.4324646, 224.943313599, 225.454147339, 225.976593018, 226.510650635, 227.033096313, 227.416229248, 227.799362183, 228.182495117, 228.565612793, 228.948745728, 229.331878662, 229.715011597, 230.086532593, 230.469650269, 230.852783203, 231.247528076, 231.630645752, 232.037002563, 232.431747437, 232.826477051, 233.221221924, 233.627563477, 234.033920288, 234.428665161, 234.811782837, 235.194915771, 235.589660645, 235.984390259, 236.332687378, 236.680999756, 237.040908813, 237.389205933, 237.74911499, 238.109024048, 238.468933105, 238.840454102, 239.223571777, 239.606704712, 239.989837646],
    "bpm_histogram": [0, 0, 0, 0, 0, 0, 0, 0, 0, 0, 0, 0, 0, 0, 0, 0, 0, 0, 0, 0, 0, 0, 0, 0, 0, 0, 0, 0, 0, 0, 0, 0, 0, 0, 0, 0, 0, 0, 0, 0, 0, 0, 0, 0, 0, 0, 0, 0, 0, 0, 0, 0, 0, 0, 0, 0, 0, 0, 0, 0, 0, 0, 0, 0, 0, 0, 0, 0, 0, 0, 0, 0, 0, 0, 0, 0, 0, 0, 0, 0, 0, 0, 0, 0, 0, 0, 0, 0, 0, 0, 0, 0, 0, 0, 0, 0, 0.00197238661349, 0, 0.00986193306744, 0.00788954645395, 0, 0.0157790929079, 0, 0.0453648902476, 0, 0.0887573957443, 0, 0, 0.112426035106, 0, 0.0394477322698, 0, 0.0157790929079, 0, 0, 0.0295857992023, 0, 0.0512820519507, 0, 0, 0.0453648902476, 0, 0, 0.0276134125888, 0, 0, 0.0394477322698, 0, 0, 0.0335305705667, 0, 0, 0, 0.0216962527484, 0, 0, 0.0335305705667, 0, 0, 0, 0.0256410259753, 0, 0, 0, 0.00591715984046, 0, 0, 0, 0.0335305705667, 0, 0, 0, 0.0690335333347, 0, 0, 0, 0, 0.108481265604, 0, 0, 0, 0.0335305705667, 0.00788954645395, 0, 0, 0, 0, 0.0433925054967, 0, 0, 0, 0, 0.0157790929079, 0, 0, 0, 0, 0, 0.00986193306744, 0, 0, 0, 0, 0, 0, 0.0236686393619, 0, 0, 0, 0, 0, 0.00394477322698, 0, 0, 0, 0, 0, 0, 0, 0, 0, 0, 0, 0, 0, 0, 0, 0, 0, 0, 0, 0, 0, 0, 0, 0, 0, 0, 0, 0, 0, 0, 0, 0, 0, 0, 0, 0, 0, 0, 0, 0, 0, 0, 0, 0, 0, 0, 0, 0, 0, 0, 0, 0, 0, 0, 0, 0, 0, 0]
},
"tonal": {
    "chords_changes_rate": 0.0873674079776,
    "chords_number_rate": 0.0042430087924,
    "chords_strength": {
        "mean": 0.469434738159,
        "stdev": 0.139587163925
    },
    "hpcp_crest": {
        "mean": 20.3525695801,
        "stdev": 9.67217063904
    },
    "hpcp_entropy": {
        "mean": 1.26148676872,
        "stdev": 0.80611294508
    },
    "key_edma": {
        "strength": 0.517318248749,
        "key": "F",
        "scale": "minor"
    },
    "key_krumhansl": {
        "strength": 0.519472241402,
        "key": "F",
        "scale": "minor"
    },
    "key_temperley": {
        "strength": 0.51400834322,
        "key": "F",
        "scale": "minor"
    },
    "tuning_diatonic_strength": 0.307641118765,
    "tuning_equal_tempered_deviation": 0.0219413656741,
    "tuning_frequency": 437.971466064,
    "tuning_nontempered_energy_ratio": 0.699656844139,
    "hpcp": {
        "mean": [0.0850940272212, 0.0623995997012, 0.0778650268912, 0.101356290281, 0.0733428299427, 0.0595924556255, 0.0670404136181, 0.0525005757809, 0.0957475528121, 0.139188766479, 0.100476674736, 0.0824727639556, 0.0956996679306, 0.0710260942578, 0.0664457753301, 0.0953773334622, 0.0918032899499, 0.101544514298, 0.120751820505, 0.0900641903281, 0.09481035918, 0.129111632705, 0.0976393520832, 0.11420442909, 0.138475090265, 0.0826751068234, 0.0731074661016, 0.0845976322889, 0.0586253851652, 0.0678638145328, 0.0936040952802, 0.0769567713141, 0.0912384241819, 0.108713828027, 0.0747812390327, 0.0769017264247],
        "stdev": [0.20974817872, 0.167798951268, 0.197777718306, 0.240712910891, 0.184174746275, 0.178270369768, 0.192018672824, 0.161380067468, 0.221396401525, 0.292081058025, 0.218012705445, 0.219922110438, 0.235935553908, 0.197406232357, 0.187738806009, 0.245411366224, 0.223222747445, 0.238942578435, 0.268813937902, 0.224971681833, 0.231867343187, 0.288055181503, 0.23800124228, 0.23912781477, 0.284254699945, 0.199416354299, 0.197465896606, 0.227489575744, 0.172529965639, 0.191025063396, 0.235559150577, 0.201946973801, 0.217724859715, 0.241927489638, 0.185742974281, 0.203925296664]
    },
    "chords_histogram": [11.1861133575, 8.25458049774, 6.49951791763, 3.68370294571, 2.52651882172, 3.10511088371, 3.33654785156, 4.20443582535, 3.56798458099, 4.93731927872, 2.25650906563, 3.20154285431, 2.77724194527, 3.89585351944, 0.675024092197, 6.2680811882, 7.00096416473, 3.52941179276, 0.30858245492, 2.19864988327, 2.73866915703, 3.43297982216, 5.68948888779, 4.72516870499],
    "thpcp": [1, 0.7218734622, 0.592524588108, 0.687553107738, 0.510286092758, 0.477378875017, 0.685237288475, 0.659559607506, 0.729545354843, 0.867540001869, 0.647065103054, 0.681163847446, 0.927600979805, 0.701488733292, 0.820500314236, 0.994872629642, 0.593978285789, 0.525239706039, 0.607790648937, 0.421193361282, 0.487566739321, 0.67249751091, 0.552895009518, 0.655501365662, 0.781053185463, 0.537264883518, 0.5524995327, 0.611357033253, 0.448309153318, 0.559420347214, 0.728193044662, 0.526930689812, 0.428141266108, 0.481651037931, 0.37718975544, 0.687897145748],
    "chords_key": "F",
    "chords_scale": "minor"
}
}