{
"metadata": {
    "version": {
        "essentia": "2.1-dev",
        "essentia_git_sha": "v2.1_beta3-415-gd5473f3",
        "extractor": "music 2.0"
    },
    "audio_properties": {
        "analysis": {
            "equal_loudness": 0,
            "length": 874.553466797,
            "sample_rate": 44100,
            "start_time": 0,
            "downmix": "mix"
        },
        "bit_rate": 192000,
        "length": 874.553466797,
        "lossless": 0,
        "number_channels": 2,
        "replay_gain": -2.78071594238,
        "sample_rate": 44100,
        "codec": "mp3",
        "md5_encoded": "2be77f2c2ed1adfe161b4be5759433a2"
    },
    "tags": {
        "file_name": "chet_baker_and_stan_getz-autumn_in_new_york.mp3",
        "album": ["                              "],
        "artist": ["Chet Baker & Stan Getz        "],
        "date": ["    "],
        "genre": ["Jazz"],
        "title": ["Autumn in NY & Embraceable You"]
    }
},
"lowlevel": {
    "average_loudness": 0.25840395689,
    "barkbands_crest": {
        "mean": 12.2873735428,
        "stdev": 4.32824993134
    },
    "barkbands_flatness_db": {
        "mean": 0.275145709515,
        "stdev": 0.0572433061898
    },
    "barkbands_kurtosis": {
        "mean": 10.3816728592,
        "stdev": 23.4680309296
    },
    "barkbands_skewness": {
        "mean": 1.54802882671,
        "stdev": 1.7520827055
    },
    "barkbands_spread": {
        "mean": 6.63719987869,
        "stdev": 5.44959163666
    },
    "dissonance": {
        "mean": 0.394123584032,
        "stdev": 0.0563353151083
    },
    "dynamic_complexity": 5.26861906052,
    "erbbands_crest": {
        "mean": 14.0677156448,
        "stdev": 5.45199775696
    },
    "erbbands_flatness_db": {
        "mean": 0.268093049526,
        "stdev": 0.0642704665661
    },
    "erbbands_kurtosis": {
        "mean": 3.91974806786,
        "stdev": 7.2451133728
    },
    "erbbands_skewness": {
        "mean": 0.954422950745,
        "stdev": 1.25698137283
    },
    "erbbands_spread": {
        "mean": 16.1384925842,
        "stdev": 13.2015686035
    },
    "hfc": {
        "mean": 10.1186294556,
        "stdev": 19.7468032837
    },
    "loudness_ebu128": {
        "integrated": -20.0313777924,
        "loudness_range": 8.5578327179,
        "momentary": {
            "mean": -23.8822479248,
            "stdev": 20.1219959259
        },
        "short_term": {
            "mean": -21.8699226379,
            "stdev": 12.8634109497
        }
    },
    "melbands_crest": {
        "mean": 15.6623868942,
        "stdev": 5.64995241165
    },
    "melbands_flatness_db": {
        "mean": 0.35352525115,
        "stdev": 0.0731823518872
    },
    "melbands_kurtosis": {
        "mean": 15.6803302765,
        "stdev": 36.9705543518
    },
    "melbands_skewness": {
        "mean": 1.90168571472,
        "stdev": 1.92888987064
    },
    "melbands_spread": {
        "mean": 9.89724731445,
        "stdev": 12.1820325851
    },
    "pitch_salience": {
        "mean": 0.524220585823,
        "stdev": 0.139445453882
    },
    "silence_rate_20dB": {
        "mean": 0.999973475933,
        "stdev": 0.00515255378559
    },
    "silence_rate_30dB": {
        "mean": 0.988424241543,
        "stdev": 0.106949515641
    },
    "silence_rate_60dB": {
        "mean": 0.228780031204,
        "stdev": 0.419980496168
    },
    "spectral_centroid": {
        "mean": 620.392700195,
        "stdev": 844.863708496
    },
    "spectral_complexity": {
        "mean": 7.40167284012,
        "stdev": 3.7172088623
    },
    "spectral_decrease": {
        "mean": -4.51618120678e-09,
        "stdev": 5.84665693637e-09
    },
    "spectral_energy": {
        "mean": 0.0179629568011,
        "stdev": 0.0234434679151
    },
    "spectral_energyband_high": {
        "mean": 3.6512126826e-05,
        "stdev": 0.000373157876311
    },
    "spectral_energyband_low": {
        "mean": 0.00442748097703,
        "stdev": 0.0105107752606
    },
    "spectral_energyband_middle_high": {
        "mean": 0.0042747198604,
        "stdev": 0.0114648118615
    },
    "spectral_energyband_middle_low": {
        "mean": 0.0100006079301,
        "stdev": 0.0147918602452
    },
    "spectral_entropy": {
        "mean": 6.17314767838,
        "stdev": 0.585127711296
    },
    "spectral_flux": {
        "mean": 0.0398648642004,
        "stdev": 0.0386645384133
    },
    "spectral_kurtosis": {
        "mean": 22.4868030548,
        "stdev": 16.3364944458
    },
    "spectral_rms": {
        "mean": 0.00352995446883,
        "stdev": 0.00225040083751
    },
    "spectral_rolloff": {
        "mean": 773.979492188,
        "stdev": 1435.89440918
    },
    "spectral_skewness": {
        "mean": 3.41662454605,
        "stdev": 1.25698816776
    },
    "spectral_spread": {
        "mean": 2739473.5,
        "stdev": 3128766.5
    },
    "spectral_strongpeak": {
        "mean": 1.2948268652,
        "stdev": 1.93334877491
    },
    "zerocrossingrate": {
        "mean": 0.0280980356038,
        "stdev": 0.0385110527277
    },
    "barkbands": {
        "mean": [4.16424200012e-06, 0.00207349518314, 0.00164746621158, 0.00136254087556, 0.00197159079835, 0.00250492594205, 0.0011261808686, 0.00178213010076, 0.00103861733805, 0.000651672191452, 0.000669802888297, 0.00140970118809, 0.000511019024998, 0.000405009428505, 0.000276978506008, 0.000259703927441, 0.00015768983576, 5.61013584957e-05, 1.38901596074e-05, 1.0366902643e-05, 1.63287095347e-05, 9.22875005926e-06, 1.82875328392e-06, 1.38804728067e-06, 7.17774526038e-07, 2.84050827304e-07, 6.81605993869e-10],
        "stdev": [8.63824243424e-06, 0.00542589463294, 0.00470980862156, 0.00515986559913, 0.00360515527427, 0.00579715520144, 0.00293673481792, 0.00631426135078, 0.00491904048249, 0.00242971815169, 0.00315791438334, 0.00651881890371, 0.00281360559165, 0.00176176743116, 0.00156249885913, 0.00180825951975, 0.00119824137073, 0.000354571384378, 7.24384372006e-05, 7.19168383512e-05, 0.000207864461117, 0.000151974090841, 8.22008405521e-06, 4.79632535644e-06, 2.67303744295e-06, 8.26536165732e-07, 2.15674300641e-09]
    },
    "erbbands": {
        "mean": [0.0252199061215, 0.589781343937, 1.99004340172, 3.3351252079, 4.87075662613, 6.87004423141, 15.4495773315, 19.8236351013, 18.9335536957, 21.9528446198, 41.7112998962, 23.4169597626, 17.5224189758, 24.2175006866, 32.3892173767, 61.4308395386, 28.0488376617, 24.0473041534, 15.5478811264, 16.1216506958, 9.46278572083, 9.09418392181, 3.76259374619, 1.3859705925, 0.649027764797, 0.535987079144, 0.714429914951, 0.594137310982, 0.371230840683, 0.0923699811101, 0.0507875941694, 0.033984515816, 0.0200881250203, 0.00939226616174, 0.00461873458698, 0.0018547460204, 0.000407574960263, 2.92820113827e-05, 9.58214332059e-06, 2.05512696994e-05],
        "stdev": [0.0671716555953, 1.52881205082, 5.59090471268, 10.7863197327, 11.7942142487, 14.6821594238, 41.2381896973, 49.3227386475, 51.8081588745, 59.884563446, 167.005584717, 105.93737793, 66.4609909058, 111.393585205, 136.935928345, 274.070068359, 124.441291809, 100.539993286, 76.7315750122, 95.3222885132, 48.5119361877, 70.4011917114, 23.9603443146, 6.79102563858, 3.75424838066, 3.99674057961, 7.87538099289, 8.860247612, 5.85685157776, 0.620759546757, 0.204494431615, 0.117842100561, 0.0726403519511, 0.0406117327511, 0.0143944388255, 0.00513993995264, 0.00121578422841, 8.87552378117e-05, 1.27532384795e-05, 2.71956560027e-05]
    },
    "gfcc": {
        "mean": [-150.159561157, 163.057479858, -106.813522339, 1.53301131725, -52.6967582703, 4.52779912949, -35.3959960938, -5.88240718842, -19.8217563629, -2.44055724144, -11.8737792969, -4.28357172012, -4.88495349884],
        "cov": [[9731.54003906, 1210.03820801, -2252.63647461, -295.819610596, 179.388916016, -141.487594604, -53.3060951233, -143.255050659, 177.329330444, -141.804580688, 113.797431946, -75.7755279541, 35.2447280884], [1210.03820801, 1352.13989258, -101.741111755, -480.893371582, 239.80847168, -126.940086365, 82.8331985474, -142.09185791, 50.4146995544, -89.7772903442, 90.0845336914, -49.4965820312, 74.0718231201], [-2252.63647461, -101.741111755, 2331.40234375, 820.161621094, -234.969314575, 281.305175781, -17.8105621338, 127.450286865, -181.316879272, 20.0560417175, -202.76133728, -22.1785697937, -33.8445892334], [-295.819610596, -480.893371582, 820.161621094, 957.648498535, -28.2456092834, 204.652542114, 29.8529567719, 106.131546021, -31.2046413422, 0.340866088867, -101.619155884, -53.6779785156, -35.3133010864], [179.388916016, 239.80847168, -234.969314575, -28.2456092834, 476.418823242, 24.367143631, 99.1515197754, -39.3713417053, 80.199836731, -11.3644914627, 61.2894134521, -13.7058362961, -1.50237619877], [-141.487594604, -126.940086365, 281.305175781, 204.652542114, 24.367143631, 306.79888916, 51.8045730591, 19.0927791595, -47.2578125, 13.5634412766, -33.417137146, -8.29565238953, -9.22059345245], [-53.3060951233, 82.8331985474, -17.8105621338, 29.8529567719, 99.1515197754, 51.8045730591, 212.238510132, 48.378818512, 41.2824935913, -11.9250822067, 22.636264801, -37.2539710999, -30.3981018066], [-143.255050659, -142.09185791, 127.450286865, 106.131546021, -39.3713417053, 19.0927791595, 48.378818512, 187.765228271, 53.7280311584, 24.1463432312, -22.5264225006, -4.62285041809, -38.6276359558], [177.329330444, 50.4146995544, -181.316879272, -31.2046413422, 80.199836731, -47.2578125, 41.2824935913, 53.7280311584, 160.25289917, 32.1824645996, 37.6872177124, -19.8758621216, -1.81017303467], [-141.804580688, -89.7772903442, 20.0560417175, 0.340866088867, -11.3644914627, 13.5634412766, -11.9250822067, 24.1463432312, 32.1824645996, 111.535232544, 18.2115421295, 15.7667503357, -17.3130550385], [113.797431946, 90.0845336914, -202.76133728, -101.619155884, 61.2894134521, -33.417137146, 22.636264801, -22.5264225006, 37.6872177124, 18.2115421295, 125.567596436, 37.8846626282, 28.8802165985], [-75.7755279541, -49.4965820312, -22.1785697937, -53.6779785156, -13.7058362961, -8.29565238953, -37.2539710999, -4.62285041809, -19.8758621216, 15.7667503357, 37.8846626282, 133.926635742, 51.5910491943], [35.2447280884, 74.0718231201, -33.8445892334, -35.3133010864, -1.50237619877, -9.22059345245, -30.3981018066, -38.6276359558, -1.81017303467, -17.3130550385, 28.8802165985, 51.5910491943, 114.454170227]],
        "icov": [[0.000251539458986, -0.00052874564426, 0.000498802866787, -0.000522330519743, 0.000272903736914, -0.000239883956965, 0.000317164609442, -0.000169396647834, 3.574857692e-05, -3.07863883791e-05, 0.000251545134233, -0.000268251926173, 0.000315747747663], [-0.00052874564426, 0.00262468191795, -0.00159074249677, 0.00211086799391, -0.00118767900858, 0.0008387468406, -0.001105868374, 0.00103936053347, -0.000599772727583, 0.00105383829214, -0.0011865941342, 0.00162346137222, -0.00152831617743], [0.000498802866787, -0.00159074249677, 0.00194218405522, -0.00190098385792, 0.000905182096176, -0.000756743072998, 0.000702683348209, -0.000875744735822, 0.000953697424848, -0.000789792567957, 0.00131197122391, -0.000938672164921, 0.000693340669386], [-0.000522330519743, 0.00211086799391, -0.00190098385792, 0.00347698177211, -0.00114751502406, 3.91694920836e-05, -0.000746285135392, 0.000235743165831, -0.0006923173205, 0.000985663966276, -0.00070964283077, 0.00172628893051, -0.00128608522937], [0.000272903736914, -0.00118767900858, 0.000905182096176, -0.00114751502406, 0.00342961167917, -0.000896192272194, -0.000536892330274, 0.000894138065632, -0.00141976121813, 0.000215595398913, -7.57743255235e-05, -0.00111911376007, 0.00126393302344], [-0.000239883956965, 0.0008387468406, -0.000756743072998, 3.91694920836e-05, -0.000896192272194, 0.00483199581504, -0.00175140216015, 0.000208095181733, 0.00163100543432, -0.00118069921155, 0.00028877906152, 0.000541445566341, -0.00116778444499], [0.000317164609442, -0.001105868374, 0.000702683348209, -0.000746285135392, -0.000536892330274, -0.00175140216015, 0.00737070245668, -0.0023324850481, -0.000468539423309, 0.0014013601467, -0.00167809613049, 0.000931065646, 0.00182612612844], [-0.000169396647834, 0.00103936053347, -0.000875744735822, 0.000235743165831, 0.000894138065632, 0.000208095181733, -0.0023324850481, 0.00897423550487, -0.00442871404812, 0.000332719093421, 0.00118017604109, -0.00185535196215, 0.00214986130595], [3.574857692e-05, -0.000599772727583, 0.000953697424848, -0.0006923173205, -0.00141976121813, 0.00163100543432, -0.000468539423309, -0.00442871404812, 0.0115814218298, -0.00392775423825, -0.00142222188879, 0.00286043412052, -0.002402250655], [-3.07863883791e-05, 0.00105383829214, -0.000789792567957, 0.000985663966276, 0.000215595398913, -0.00118069921155, 0.0014013601467, 0.000332719093421, -0.00392775423825, 0.012381230481, -0.00267737498507, -0.00142016739119, 0.00291669834405], [0.000251545134233, -0.0011865941342, 0.00131197122391, -0.00070964283077, -7.57743255235e-05, 0.00028877906152, -0.00167809613049, 0.00118017604109, -0.00142222188879, -0.00267737498507, 0.0130148241296, -0.00393099803478, -0.00110523228068], [-0.000268251926173, 0.00162346137222, -0.000938672164921, 0.00172628893051, -0.00111911376007, 0.000541445566341, 0.000931065646, -0.00185535196215, 0.00286043412052, -0.00142016739119, -0.00393099803478, 0.0125390850008, -0.00589272053912], [0.000315747747663, -0.00152831617743, 0.000693340669386, -0.00128608522937, 0.00126393302344, -0.00116778444499, 0.00182612612844, 0.00214986130595, -0.002402250655, 0.00291669834405, -0.00110523228068, -0.00589272053912, 0.0139085547999]]
    },
    "melbands": {
        "mean": [0.000413710775319, 0.000983934965916, 0.00063414813485, 0.0004040626809, 0.000488059857162, 0.000458994618384, 0.000270319113042, 0.000266808463493, 0.00034003626206, 0.000132111483254, 8.35663231555e-05, 9.40767713473e-05, 8.74671095517e-05, 0.000168809361639, 0.000106178005808, 4.51644118584e-05, 4.55805093225e-05, 2.38024895225e-05, 1.96798282559e-05, 2.39231922023e-05, 8.19172419142e-06, 1.05336130218e-05, 4.63229162051e-06, 2.55825443674e-06, 9.30195369619e-07, 5.45129239526e-07, 3.02677563013e-07, 3.70487924783e-07, 4.06293480637e-07, 3.91496769225e-07, 3.55623257065e-07, 2.58520998386e-07, 7.79238220616e-08, 3.83860907505e-08, 3.14466994666e-08, 2.11834105812e-08, 2.07413908271e-08, 1.51739953935e-08, 9.86980275286e-09, 7.14163039817e-09],
        "stdev": [0.00109015812632, 0.00253365770914, 0.0019061685307, 0.000804697920103, 0.00117188389413, 0.00108519336209, 0.000718868861441, 0.000822207832243, 0.00146263255738, 0.000622340594418, 0.000330582930474, 0.000447338330559, 0.000402203266276, 0.000794080551714, 0.000507709744852, 0.000244452588959, 0.000209752295632, 0.000132809771458, 0.000116278279165, 0.000183219031896, 4.76102832181e-05, 8.68011120474e-05, 3.46510569216e-05, 1.9476914531e-05, 5.07317145093e-06, 3.52013375959e-06, 1.92682523448e-06, 3.00398733089e-06, 4.14998157794e-06, 4.88554087497e-06, 5.88709735894e-06, 4.66913570563e-06, 7.50516051085e-07, 2.14973496782e-07, 1.3605848892e-07, 7.7340573057e-08, 7.38289642754e-08, 5.52620669225e-08, 3.91976655578e-08, 3.51605216053e-08]
    },
    "melbands128": {
        "mean": [3.19131390825e-06, 6.89413864166e-05, 0.000547816744074, 0.00113533437252, 0.00113994407002, 0.000723629549611, 0.000670996378176, 0.000668523367494, 0.000464468903374, 0.000382503669243, 0.000364772247849, 0.000394404458348, 0.000590289011598, 0.000531427271198, 0.000442960095825, 0.000439044117229, 0.000405165628763, 0.000224360235734, 0.00014654295228, 0.000234697392443, 0.000323364132782, 0.000350549758878, 0.000405254628276, 0.000281348329736, 0.000127904961118, 9.18997102417e-05, 7.51120460336e-05, 9.55014911597e-05, 6.96821298334e-05, 0.000101179961348, 0.000118614319945, 5.7795245084e-05, 8.16867104732e-05, 0.000115519607789, 7.79430847615e-05, 0.000267434050329, 0.000155947549501, 0.000101701778476, 7.43790224078e-05, 5.13226550538e-05, 3.93992559111e-05, 2.36565501837e-05, 7.16818904039e-05, 3.36146949849e-05, 2.20077745325e-05, 2.84715752059e-05, 1.63775330293e-05, 2.74309932138e-05, 1.38860559673e-05, 2.02458268177e-05, 3.86814426747e-05, 8.07215383247e-06, 4.93045126859e-06, 1.19140149764e-05, 7.6784117482e-06, 1.23218405861e-05, 1.10249529826e-05, 4.15245631302e-06, 3.12037150252e-06, 3.3791259284e-06, 2.90374214273e-06, 1.59581065873e-06, 1.40866291076e-06, 6.17736986896e-07, 4.06864501201e-07, 6.7470199383e-07, 5.08426523993e-07, 3.39437605135e-07, 2.27230103178e-07, 2.8181318612e-07, 4.61005441821e-07, 3.37542843454e-07, 3.0271857554e-07, 2.90628207722e-07, 8.04852504643e-07, 2.96557402635e-07, 3.21264963077e-07, 3.06642533587e-07, 3.70725814491e-07, 3.69839312953e-07, 3.56438619065e-07, 1.88543666013e-07, 1.02209497754e-07, 6.4905989916e-08, 5.92937325905e-08, 3.29982761116e-08, 3.5889900829e-08, 3.5400734788e-08, 3.55882256997e-08, 2.43020661372e-08, 2.18820499498e-08, 1.96259222207e-08, 2.06873327357e-08, 2.22316121068e-08, 1.89293576369e-08, 1.94804279374e-08, 1.29823130024e-08, 1.23365833105e-08, 9.56058432422e-09, 9.08667896482e-09, 8.41919511885e-09, 6.65477362105e-09, 5.96390847818e-09, 4.21601953349e-09, 5.88353099573e-09, 5.19995202453e-09, 4.04892919192e-09, 4.32008073759e-09, 3.04502090209e-09, 2.53434162545e-09, 1.6534951186e-09, 1.43673140052e-09, 1.1567231617e-09, 9.99205052032e-10, 6.97745028422e-10, 8.9272061965e-11, 3.55674062251e-12, 3.15251579182e-12, 3.01262660651e-12, 2.96134687952e-12, 2.90656062586e-12, 2.86554829344e-12, 2.80567886632e-12, 2.74920711196e-12, 2.73119352655e-12, 2.71936986818e-12, 2.70512410215e-12, 2.68059597956e-12],
        "stdev": [7.09679216016e-06, 0.000183414580533, 0.00163847324438, 0.00304375984706, 0.00333391455933, 0.00198449939489, 0.00232815975323, 0.00254133832641, 0.00122254004236, 0.000971331552137, 0.00109720753971, 0.000998044619337, 0.00187013857067, 0.00162038754206, 0.0014040817041, 0.00149229017552, 0.00147163053043, 0.000840789463837, 0.000519254943356, 0.000791136873886, 0.00137371721212, 0.00181294488721, 0.0022138284985, 0.00186731119175, 0.000821750669274, 0.000726396450773, 0.000396224466385, 0.000518805056345, 0.000336471042829, 0.000590558047406, 0.000833665078972, 0.000383037317079, 0.000474066764582, 0.00077946507372, 0.000704872829374, 0.00163246877491, 0.000892605574336, 0.000760035356507, 0.000638990371954, 0.000370772671886, 0.000301685446175, 0.000258785177721, 0.000411906192312, 0.000162853655638, 0.000159054470714, 0.000257133244304, 0.000128173807752, 0.00024821414263, 0.000144383215229, 0.000201511080377, 0.000359036232112, 6.57913114992e-05, 6.57743948977e-05, 8.9249908342e-05, 9.53231574385e-05, 0.00014590837236, 0.000147213955643, 4.20793039666e-05, 2.99832372548e-05, 4.16210423282e-05, 3.0794297345e-05, 1.35155150929e-05, 1.01642908703e-05, 5.30534498466e-06, 4.19699154008e-06, 5.95926303504e-06, 5.00924352309e-06, 3.56556165571e-06, 1.90647620002e-06, 3.54760322807e-06, 5.43334181202e-06, 3.59227487934e-06, 3.79275979867e-06, 4.02542946176e-06, 1.32384093376e-05, 4.17933870267e-06, 7.21811193216e-06, 7.12228211341e-06, 8.28408610687e-06, 9.73525948211e-06, 1.02761769085e-05, 3.42338216797e-06, 1.65215419656e-06, 6.46264425086e-07, 5.83009182265e-07, 2.82957586251e-07, 2.57086924194e-07, 1.7584203249e-07, 2.09462783118e-07, 1.0175885734e-07, 9.64945670034e-08, 9.04773855837e-08, 7.99049360012e-08, 9.25512892991e-08, 6.91303654321e-08, 8.37928979536e-08, 5.45894138781e-08, 5.49282468398e-08, 4.20104413479e-08, 4.3319573706e-08, 4.18972305738e-08, 4.56913298308e-08, 2.88123356285e-08, 1.61379372088e-08, 1.83020052447e-08, 1.63816817889e-08, 1.23162493537e-08, 1.83081123595e-08, 8.21022450026e-09, 6.1699472198e-09, 5.2197743905e-09, 5.32606847514e-09, 4.04915789787e-09, 3.49614870387e-09, 2.49940712571e-09, 4.52180459742e-10, 6.3084718005e-11, 1.34911404964e-11, 6.13985338266e-12, 5.97961740886e-12, 5.83706867563e-12, 5.7093951962e-12, 5.59613032997e-12, 5.49931454541e-12, 5.41930562925e-12, 5.35822644934e-12, 5.31207760071e-12, 5.28174119024e-12]
    },
    "mfcc": {
        "mean": [-801.355834961, 196.323120117, 5.51105737686, 11.5389938354, 0.682393670082, 6.33149623871, -5.86924552917, -3.42750906944, -3.36946964264, -6.65929841995, -2.97622323036, 0.330472648144, -2.75229001045],
        "cov": [[5381.60107422, 478.607330322, -1848.48913574, -134.468536377, 33.279964447, -67.8323440552, -178.092727661, 28.0360565186, 25.2923297882, -73.8013916016, 15.7300605774, 165.381942749, 101.25592041], [478.607330322, 1846.29541016, -242.700317383, -361.860687256, -3.99003267288, -55.9133338928, -9.39721775055, -59.969833374, -62.1868972778, -73.1953887939, 36.5774993896, -78.0444335938, -40.9169044495], [-1848.48913574, -242.700317383, 1940.46923828, 474.470153809, 74.0126953125, 215.590103149, 186.108398438, 106.172706604, 75.5191040039, 133.68862915, -59.2331542969, -119.212989807, -104.4581604], [-134.468536377, -361.860687256, 474.470153809, 536.66607666, 162.164627075, 89.5861740112, 88.439163208, 82.669708252, 77.0514526367, 70.2355575562, 13.8415689468, 21.3910388947, 7.25087118149], [33.279964447, -3.99003267288, 74.0126953125, 162.164627075, 277.453735352, 128.448440552, 48.1367454529, 34.9739723206, 32.2518844604, 20.9333686829, -8.34706020355, 13.9984798431, 16.046421051], [-67.8323440552, -55.9133338928, 215.590103149, 89.5861740112, 128.448440552, 257.768005371, 115.020576477, 23.7052841187, 28.0124816895, 21.6115646362, -14.9407720566, -15.1038608551, -15.8807630539], [-178.092727661, -9.39721775055, 186.108398438, 88.439163208, 48.1367454529, 115.020576477, 183.458358765, 76.432258606, 19.6864585876, 33.4360733032, 13.1469182968, 1.80731594563, -10.8321533203], [28.0360565186, -59.969833374, 106.172706604, 82.669708252, 34.9739723206, 23.7052841187, 76.432258606, 144.845413208, 63.1621513367, 18.8966312408, 11.8064479828, 22.6058044434, 12.9216461182], [25.2923297882, -62.1868972778, 75.5191040039, 77.0514526367, 32.2518844604, 28.0124816895, 19.6864585876, 63.1621513367, 119.185508728, 61.4447212219, 18.4882144928, 23.0761203766, 8.69478797913], [-73.8013916016, -73.1953887939, 133.68862915, 70.2355575562, 20.9333686829, 21.6115646362, 33.4360733032, 18.8966312408, 61.4447212219, 134.236923218, 55.7293701172, 11.8280572891, -8.1779384613], [15.7300605774, 36.5774993896, -59.2331542969, 13.8415689468, -8.34706020355, -14.9407720566, 13.1469182968, 11.8064479828, 18.4882144928, 55.7293701172, 115.482154846, 54.4442863464, 7.11169815063], [165.381942749, -78.0444335938, -119.212989807, 21.3910388947, 13.9984798431, -15.1038608551, 1.80731594563, 22.6058044434, 23.0761203766, 11.8280572891, 54.4442863464, 129.770278931, 72.1363220215], [101.25592041, -40.9169044495, -104.4581604, 7.25087118149, 16.046421051, -15.8807630539, -10.8321533203, 12.9216461182, 8.69478797913, -8.1779384613, 7.11169815063, 72.1363220215, 119.064208984]],
        "icov": [[0.000388256594306, -0.000212614570046, 0.000526926130988, -0.000509509991389, 0.000392704474507, -0.000603924680036, 0.000690385815687, -0.000710502092261, 0.000391299341572, -0.000630029244348, 0.000782423594501, -0.000574877776671, 0.000326217734255], [-0.000212614570046, 0.000873014738318, -0.000389558932511, 0.000966308463831, -0.000831850222312, 0.000816806219518, -0.000930151552893, 0.000814728380647, -0.000692232977599, 0.00116031360812, -0.00147487339564, 0.00117327831686, -0.00036427762825], [0.000526926130988, -0.000389558932511, 0.00160898675676, -0.00153116870206, 0.00114229461178, -0.00144140480552, 0.000955750991125, -0.00145730981603, 0.000997712253593, -0.00186298112385, 0.00191259523854, -0.000478664878756, 0.000796717824414], [-0.000509509991389, 0.000966308463831, -0.00153116870206, 0.00451945420355, -0.00282938289456, 0.00194290827494, -0.00201645004563, 0.00120334932581, -0.00192669802345, 0.00156420504209, -0.00228393892758, 0.0010041994974, -0.000750616600271], [0.000392704474507, -0.000831850222312, 0.00114229461178, -0.00282938289456, 0.00687305862084, -0.00427108770236, 0.00242196395993, -0.00224473280832, 0.00155752431601, -0.00221024942584, 0.00257568946108, -0.00154374667909, 3.85233724955e-05], [-0.000603924680036, 0.000816806219518, -0.00144140480552, 0.00194290827494, -0.00427108770236, 0.00924923364073, -0.00664540333673, 0.00454044947401, -0.003655284876, 0.00286830379628, -0.00153648201376, 0.00167523452546, -0.000335912918672], [0.000690385815687, -0.000930151552893, 0.000955750991125, -0.00201645004563, 0.00242196395993, -0.00664540333673, 0.0132799111307, -0.00834474433213, 0.00552693661302, -0.00445232214406, 0.00175082567148, -0.00208848505281, 0.00140689045656], [-0.000710502092261, 0.000814728380647, -0.00145730981603, 0.00120334932581, -0.00224473280832, 0.00454044947401, -0.00834474433213, 0.0153641169891, -0.00905960984528, 0.00560095952824, -0.00301494030282, 0.00129137339536, -0.00154209160246], [0.000391299341572, -0.000692232977599, 0.000997712253593, -0.00192669802345, 0.00155752431601, -0.003655284876, 0.00552693661302, -0.00905960984528, 0.0176095105708, -0.00926767569035, 0.00400446495041, -0.00333392247558, 0.00106877821963], [-0.000630029244348, 0.00116031360812, -0.00186298112385, 0.00156420504209, -0.00221024942584, 0.00286830379628, -0.00445232214406, 0.00560095952824, -0.00926767569035, 0.0168422609568, -0.00975688267499, 0.00404094206169, -0.00115949567407], [0.000782423594501, -0.00147487339564, 0.00191259523854, -0.00228393892758, 0.00257568946108, -0.00153648201376, 0.00175082567148, -0.00301494030282, 0.00400446495041, -0.00975688267499, 0.0188511200249, -0.00995025224984, 0.00451914547011], [-0.000574877776671, 0.00117327831686, -0.000478664878756, 0.0010041994974, -0.00154374667909, 0.00167523452546, -0.00208848505281, 0.00129137339536, -0.00333392247558, 0.00404094206169, -0.00995025224984, 0.0183935016394, -0.00951621774584], [0.000326217734255, -0.00036427762825, 0.000796717824414, -0.000750616600271, 3.85233724955e-05, -0.000335912918672, 0.00140689045656, -0.00154209160246, 0.00106877821963, -0.00115949567407, 0.00451914547011, -0.00951621774584, 0.0143241537735]]
    },
    "spectral_contrast_coeffs": {
        "mean": [-0.680112183094, -0.674773514271, -0.704023957253, -0.752443909645, -0.810733258724, -0.777449905872],
        "stdev": [0.0864704251289, 0.102314129472, 0.104424886405, 0.0927810743451, 0.0731860399246, 0.0518947504461]
    },
    "spectral_contrast_valleys": {
        "mean": [-7.5147767067, -7.83224058151, -8.82339668274, -9.53541946411, -9.92950057983, -12.9248228073],
        "stdev": [1.7296384573, 1.68283164501, 1.62466263771, 1.55163407326, 1.46825003624, 1.38565480709]
    }
},
"rhythm": {
    "beats_count": 1690,
    "beats_loudness": {
        "mean": 0.0294256899506,
        "stdev": 0.0322534888983
    },
    "bpm": 110.706878662,
    "bpm_histogram_first_peak_bpm": 110,
    "bpm_histogram_first_peak_weight": 0.58755761385,
    "bpm_histogram_second_peak_bpm": 115,
    "bpm_histogram_second_peak_spread": 0.327188968658,
    "bpm_histogram_second_peak_weight": 0.086441680789,
    "danceability": 1.06147253513,
    "onset_rate": 2.71448302269,
    "beats_loudness_band_ratio": {
        "mean": [0.369538158178, 0.288154274225, 0.223966225982, 0.136203438044, 0.0305434279144, 0.0029503130354],
        "stdev": [0.33162266016, 0.253273367882, 0.22998008132, 0.201284140348, 0.0726720392704, 0.0101489285007]
    },
