{
"metadata": {
    "version": {
        "essentia": "2.1-dev",
        "essentia_git_sha": "v2.1_beta3-415-gd5473f3",
        "extractor": "music 2.0"
    },
    "audio_properties": {
        "analysis": {
            "equal_loudness": 0,
            "length": 225.332244873,
            "sample_rate": 44100,
            "start_time": 0,
            "downmix": "mix"
        },
        "bit_rate": 192000,
        "length": 225.332244873,
        "lossless": 0,
        "number_channels": 2,
        "replay_gain": -11.1915493011,
        "sample_rate": 44100,
        "codec": "mp3",
        "md5_encoded": "3e86ad9c36fe6d0f206155352fc7432c"
    },
    "tags": {
        "file_name": "count_basie-the_golden_horn.mp3",
        "album": ["Basie Meets Bond "],
        "artist": ["Count Basie"],
        "date": ["2002"],
        "genre": ["Jazz"],
        "title": ["The Golden Horn"]
    }
},
"lowlevel": {
    "average_loudness": 0.154472976923,
    "barkbands_crest": {
        "mean": 9.11197185516,
        "stdev": 4.66010522842
    },
    "barkbands_flatness_db": {
        "mean": 0.136287108064,
        "stdev": 0.0696612372994
    },
    "barkbands_kurtosis": {
        "mean": 9.29643344879,
        "stdev": 23.9800643921
    },
    "barkbands_skewness": {
        "mean": 1.74927783012,
        "stdev": 1.96072351933
    },
    "barkbands_spread": {
        "mean": 18.8608627319,
        "stdev": 10.9449520111
    },
    "dissonance": {
        "mean": 0.458982855082,
        "stdev": 0.0352543443441
    },
    "dynamic_complexity": 7.12558555603,
    "erbbands_crest": {
        "mean": 8.46730422974,
        "stdev": 4.45089912415
    },
    "erbbands_flatness_db": {
        "mean": 0.15329863131,
        "stdev": 0.0502630621195
    },
    "erbbands_kurtosis": {
        "mean": 1.00453937054,
        "stdev": 3.94621753693
    },
    "erbbands_skewness": {
        "mean": 0.569051921368,
        "stdev": 0.913640201092
    },
    "erbbands_spread": {
        "mean": 38.3404388428,
        "stdev": 22.8089294434
    },
    "hfc": {
        "mean": 14.1430940628,
        "stdev": 21.9536743164
    },
    "loudness_ebu128": {
        "integrated": -15.167599678,
        "loudness_range": 12.1526184082,
        "momentary": {
            "mean": -21.7028560638,
            "stdev": 26.7870407104
        },
        "short_term": {
            "mean": -18.1030044556,
            "stdev": 6.78898763657
        }
    },
    "melbands_crest": {
        "mean": 12.4750270844,
        "stdev": 6.08448553085
    },
    "melbands_flatness_db": {
        "mean": 0.190016254783,
        "stdev": 0.0937559902668
    },
    "melbands_kurtosis": {
        "mean": 24.5492649078,
        "stdev": 53.2819824219
    },
    "melbands_skewness": {
        "mean": 2.73572659492,
        "stdev": 2.56393146515
    },
    "melbands_spread": {
        "mean": 24.8627490997,
        "stdev": 21.2177333832
    },
    "pitch_salience": {
        "mean": 0.577972531319,
        "stdev": 0.115468256176
    },
    "silence_rate_20dB": {
        "mean": 1,
        "stdev": 0
    },
    "silence_rate_30dB": {
        "mean": 1,
        "stdev": 0
    },
    "silence_rate_60dB": {
        "mean": 0.405831456184,
        "stdev": 0.491049051285
    },
    "spectral_centroid": {
        "mean": 1389.38195801,
        "stdev": 1276.48937988
    },
    "spectral_complexity": {
        "mean": 13.3726558685,
        "stdev": 12.3338727951
    },
    "spectral_decrease": {
        "mean": -2.40424880005e-09,
        "stdev": 2.88063328746e-09
    },
    "spectral_energy": {
        "mean": 0.0103569952771,
        "stdev": 0.0126939676702
    },
    "spectral_energyband_high": {
        "mean": 0.000539985136129,
        "stdev": 0.00102730223443
    },
    "spectral_energyband_low": {
        "mean": 0.00119655788876,
        "stdev": 0.00226439791732
    },
    "spectral_energyband_middle_high": {
        "mean": 0.00456940103322,
        "stdev": 0.0073198559694
    },
    "spectral_energyband_middle_low": {
        "mean": 0.00437273271382,
        "stdev": 0.00553443282843
    },
    "spectral_entropy": {
        "mean": 7.41504430771,
        "stdev": 0.603845119476
    },
    "spectral_flux": {
        "mean": 0.044051989913,
        "stdev": 0.0346886776388
    },
    "spectral_kurtosis": {
        "mean": 5.48365688324,
        "stdev": 5.06819438934
    },
    "spectral_rms": {
        "mean": 0.00260380469263,
        "stdev": 0.00182335998397
    },
    "spectral_rolloff": {
        "mean": 1697.33911133,
        "stdev": 2188.16235352
    },
    "spectral_skewness": {
        "mean": 1.76661527157,
        "stdev": 0.634197056293
    },
    "spectral_spread": {
        "mean": 5174433,
        "stdev": 4092589.25
    },
    "spectral_strongpeak": {
        "mean": 0.900167644024,
        "stdev": 1.37535297871
    },
    "zerocrossingrate": {
        "mean": 0.0650201365352,
        "stdev": 0.0551973730326
    },
    "barkbands": {
        "mean": [4.15546674049e-06, 0.000474639673484, 0.000488007761305, 0.000508051016368, 0.000743886630516, 0.0010107322596, 0.000494872918352, 0.000601333333179, 0.00084157002857, 0.000388038810343, 0.000551808509044, 0.000544729118701, 0.000541888817679, 0.00037939302274, 0.000560348271392, 0.000344372150721, 0.000403947138693, 0.000405123922974, 0.000283055967884, 0.000332725816406, 0.000159306247951, 9.38182492973e-05, 5.4976750107e-05, 5.83575711062e-05, 5.1738206821e-05, 2.47607367783e-05, 1.13787928058e-05],
        "stdev": [1.4057417502e-05, 0.00110039266292, 0.00108745857142, 0.00113274890464, 0.00126676342916, 0.0018471525982, 0.000918689009268, 0.0013588082511, 0.00226645497605, 0.000884109991603, 0.00125799095258, 0.00140555831604, 0.00134232407436, 0.000807399163023, 0.00137405423447, 0.000758075679187, 0.000847929797601, 0.000787012279034, 0.000554121681489, 0.000748462916818, 0.00033371814061, 0.000194149295567, 0.00011815126345, 0.000117453331768, 0.000111633664346, 5.47195413674e-05, 3.3822034311e-05]
    },
    "erbbands": {
        "mean": [0.00941403582692, 0.127346500754, 0.481457829475, 1.22069108486, 2.27953386307, 2.23838925362, 4.7432551384, 9.37086105347, 7.17583036423, 9.41750717163, 16.0016880035, 19.3526210785, 13.5987596512, 16.1540470123, 20.2551250458, 24.5209522247, 25.8295936584, 21.916885376, 20.5222110748, 29.2318344116, 19.1263427734, 21.0628890991, 24.338218689, 17.1884651184, 16.6819953918, 13.9578752518, 7.05801105499, 5.27358579636, 3.85776472092, 2.24696087837, 1.40234076977, 1.10941576958, 0.96952354908, 0.67825949192, 0.321929633617, 0.110606767237, 0.0471249446273, 0.0134802581742, 0.00237442576326, 7.31323452783e-05],
        "stdev": [0.0210019815713, 0.290070086718, 0.97563713789, 2.58056616783, 4.42164993286, 3.99196720123, 8.4529542923, 20.4031505585, 12.5580005646, 19.0544300079, 46.6019363403, 46.1825141907, 27.8982372284, 36.6409950256, 48.3639831543, 66.2690505981, 60.6632194519, 42.1805953979, 41.0779800415, 67.9058456421, 34.7543106079, 43.3238983154, 47.4246253967, 34.0769920349, 32.7517242432, 32.5200843811, 14.6231937408, 10.9902963638, 8.09407520294, 4.8652844429, 2.78782916069, 2.20727777481, 1.95763266087, 1.42072236538, 0.700057268143, 0.234163761139, 0.108368910849, 0.0345936566591, 0.00744013255462, 0.000195605651243]
    },
    "gfcc": {
        "mean": [-97.3467025757, 82.997215271, -113.578956604, 23.0949516296, -61.6057014465, 11.4222593307, -43.9884910583, 8.90666866302, -27.6750564575, -1.43673336506, -14.6987466812, -3.19697785378, -13.9466648102],
        "cov": [[30052.859375, -1379.37084961, -4574.67822266, -358.879852295, -570.809936523, -484.657043457, -333.617279053, 65.0139846802, -420.481842041, 407.062469482, -223.335235596, 269.099304199, -13.4494256973], [-1379.37084961, 1463.67822266, 218.409164429, 13.2439718246, -134.472045898, 68.1435394287, -122.046035767, -28.9300613403, 37.6858711243, -118.177230835, 81.0508422852, -97.813911438, 2.39309000969], [-4574.67822266, 218.409164429, 1895.7421875, 453.216186523, 137.858566284, 355.934082031, 53.8807907104, 92.8342895508, 32.6272125244, -103.232437134, -43.4913253784, -49.2540359497, -76.7713928223], [-358.879852295, 13.2439718246, 453.216186523, 543.984619141, 21.5317268372, 174.470626831, -27.3577785492, 90.0280532837, -28.3934669495, -61.6257286072, -25.801574707, -26.2221813202, -14.641336441], [-570.809936523, -134.472045898, 137.858566284, 21.5317268372, 261.364257812, 18.9216632843, 104.121063232, 6.66803121567, 21.9961929321, 19.7118930817, 2.11552405357, 15.257349968, -11.975938797], [-484.657043457, 68.1435394287, 355.934082031, 174.470626831, 18.9216632843, 255.772384644, -2.55603766441, 70.8745269775, -13.6647396088, -27.0084953308, -9.14660453796, -20.6909160614, -22.2518539429], [-333.617279053, -122.046035767, 53.8807907104, -27.3577785492, 104.121063232, -2.55603766441, 153.591842651, 12.3043260574, 29.1020641327, 17.2395572662, 0.0272579677403, 2.54647254944, 1.46243751049], [65.0139846802, -28.9300613403, 92.8342895508, 90.0280532837, 6.66803121567, 70.8745269775, 12.3043260574, 109.5495224, 22.634305954, -1.65833127499, -12.0058708191, -10.7873096466, -9.90672111511], [-420.481842041, 37.6858711243, 32.6272125244, -28.3934669495, 21.9961929321, -13.6647396088, 29.1020641327, 22.634305954, 79.827507019, 20.8412265778, 21.8990840912, -5.63262414932, 12.8502044678], [407.062469482, -118.177230835, -103.232437134, -61.6257286072, 19.7118930817, -27.0084953308, 17.2395572662, -1.65833127499, 20.8412265778, 81.7968444824, 22.236114502, 26.5416564941, 1.13510048389], [-223.335235596, 81.0508422852, -43.4913253784, -25.801574707, 2.11552405357, -9.14660453796, 0.0272579677403, -12.0058708191, 21.8990840912, 22.236114502, 80.498298645, 19.9184207916, 29.0534133911], [269.099304199, -97.813911438, -49.2540359497, -26.2221813202, 15.257349968, -20.6909160614, 2.54647254944, -10.7873096466, -5.63262414932, 26.5416564941, 19.9184207916, 72.3019561768, 27.6296844482], [-13.4494256973, 2.39309000969, -76.7713928223, -14.641336441, -11.975938797, -22.2518539429, 1.46243751049, -9.90672111511, 12.8502044678, 1.13510048389, 29.0534133911, 27.6296844482, 78.166847229]],
        "icov": [[7.6244250522e-05, -1.91785402421e-05, 0.000201432048925, -9.69535394688e-05, 8.11063073343e-05, -4.84483934997e-05, 9.37625463848e-06, -0.000157292772201, 0.000274189398624, -0.000348236877471, 0.000323566666339, -0.000239121422055, 9.61449113674e-05], [-1.91785402421e-05, 0.00112781301141, -0.000127015227918, 0.000235042680288, 0.000210536032682, -0.000264063186478, 0.000709678279236, 0.000466459838208, -0.000932097667828, 0.00179716292769, -0.00177479314152, 0.00117996230256, 0.000254091137322], [0.000201432048925, -0.000127015227918, 0.00147717015352, -0.000775151653215, -1.48809292e-07, -0.00117189390585, -0.000243902322836, 0.000235346800764, -0.000533668673597, -2.36759024119e-05, 0.00119594240095, -0.00128735182807, 0.00114352081437], [-9.69535394688e-05, 0.000235042680288, -0.000775151653215, 0.00319395307451, -0.000530383200385, -0.000595621473622, 0.000915520475246, -0.00181756401435, 0.00111329648644, 0.00157991738524, -0.000889325106982, 0.00105580757372, -0.000933846517], [8.11063073343e-05, 0.000210536032682, -1.48809292e-07, -0.000530383200385, 0.00586805026978, -0.000325668690493, -0.0035970530007, 0.000805673771538, -0.000697730341926, -0.000497613858897, -5.63666726521e-05, -0.00178348494228, 0.00165704998653], [-4.84483934997e-05, -0.000264063186478, -0.00117189390585, -0.000595621473622, -0.000325668690493, 0.00717849470675, 8.32336882013e-05, -0.00390635151416, 0.00318359979428, -0.000552700716071, -0.00140233978163, 0.00126196385827, -0.000205994889257], [9.37625463848e-06, 0.000709678279236, -0.000243902322836, 0.000915520475246, -0.0035970530007, 8.32336882013e-05, 0.0102152507752, -0.000864609028213, -0.00205542799085, 9.72189664026e-05, -1.09125167e-05, 0.00163295760285, -0.0011529418407], [-0.000157292772201, 0.000466459838208, 0.000235346800764, -0.00181756401435, 0.000805673771538, -0.00390635151416, -0.000864609028213, 0.0151076968759, -0.00763471331447, 0.000914422387723, 0.00178974308074, -0.00026845317916, 0.00146316085011], [0.000274189398624, -0.000932097667828, -0.000533668673597, 0.00111329648644, -0.000697730341926, 0.00318359979428, -0.00205542799085, -0.00763471331447, 0.0224253181368, -0.00756600499153, -0.00247925217263, 0.00475620059296, -0.00470607960597], [-0.000348236877471, 0.00179716292769, -2.36759024119e-05, 0.00157991738524, -0.000497613858897, -0.000552700716071, 9.72189664026e-05, 0.000914422387723, -0.00756600499153, 0.0229977369308, -0.00724006816745, -0.00469839945436, 0.00529985316098], [0.000323566666339, -0.00177479314152, 0.00119594240095, -0.000889325106982, -5.63666726521e-05, -0.00140233978163, -1.09125167e-05, 0.00178974308074, -0.00247925217263, -0.00724006816745, 0.0211388077587, -0.00479303766042, -0.00471284566447], [-0.000239121422055, 0.00117996230256, -0.00128735182807, 0.00105580757372, -0.00178348494228, 0.00126196385827, 0.00163295760285, -0.00026845317916, 0.00475620059296, -0.00469839945436, -0.00479303766042, 0.0230073928833, -0.00818705745041], [9.61449113674e-05, 0.000254091137322, 0.00114352081437, -0.000933846517, 0.00165704998653, -0.000205994889257, -0.0011529418407, 0.00146316085011, -0.00470607960597, 0.00529985316098, -0.00471284566447, -0.00818705745041, 0.0194946136326]]
    },
    "melbands": {
        "mean": [0.000114174566988, 0.000227870506933, 0.000250445824349, 0.000163245364092, 0.000151517713675, 0.000204655792913, 0.000108907574031, 0.000105851962871, 0.000142331133247, 0.000118208394269, 6.41691367491e-05, 6.11075447523e-05, 6.56050106045e-05, 5.86081805523e-05, 6.53167880955e-05, 5.3530344303e-05, 4.01392499043e-05, 2.74289286608e-05, 4.95729655086e-05, 3.06038491544e-05, 2.08935907722e-05, 2.23794631893e-05, 2.24606301344e-05, 1.86896431842e-05, 1.35097943712e-05, 9.58333293966e-06, 1.57974991453e-05, 7.23733410268e-06, 3.89797787648e-06, 4.51926234746e-06, 2.65248309006e-06, 2.51938263318e-06, 1.21284290344e-06, 1.23994345813e-06, 7.83520192726e-07, 7.46742784941e-07, 6.59952320348e-07, 6.59128943425e-07, 7.01148167082e-07, 5.62994898701e-07],
        "stdev": [0.000261321023572, 0.000450379069662, 0.000485870812554, 0.000290490221232, 0.000264906062512, 0.000411910994444, 0.000189828861039, 0.000219520617975, 0.000473915570183, 0.000273842044408, 0.0001382715418, 0.000142860459164, 0.00014796461619, 0.000147591548739, 0.000164693628903, 0.000138345058076, 8.39479034767e-05, 6.04448068771e-05, 0.000137415758218, 6.99430165696e-05, 4.15585673181e-05, 4.81538627355e-05, 4.72178180644e-05, 3.7636502384e-05, 2.92243439617e-05, 2.02915944101e-05, 3.91321445932e-05, 1.89944603335e-05, 8.80373499967e-06, 1.10396276796e-05, 6.71849056744e-06, 5.61178785574e-06, 2.57687497651e-06, 2.92258096124e-06, 1.62972298767e-06, 1.50344646954e-06, 1.30720206926e-06, 1.3188732737e-06, 1.5015094732e-06, 1.21940570352e-06]
    },
    "melbands128": {
        "mean": [3.5869252315e-06, 4.39353243564e-05, 0.000183001728146, 0.000208020093851, 0.000223713781452, 0.000248644471867, 0.000236893843976, 0.000267727504252, 0.000243263246375, 0.000170188694028, 0.000112571542559, 0.000112038418592, 0.000159643328516, 0.000180983057362, 0.000256747123785, 0.000178586429683, 0.000137120034196, 8.29097261885e-05, 0.000115636263217, 9.74973081611e-05, 0.000121593511722, 9.39383608056e-05, 0.000167545105796, 0.000174185406649, 0.000120569435239, 0.000117249546747, 5.82335851504e-05, 7.77141540311e-05, 4.25402758992e-05, 4.4009047997e-05, 7.85579686635e-05, 7.7450844401e-05, 4.32929227827e-05, 9.49382447288e-05, 3.60841040674e-05, 5.87860777159e-05, 6.94151094649e-05, 7.795124111e-05, 5.22347327205e-05, 5.22703994648e-05, 7.28679442545e-05, 2.55421164184e-05, 3.53352734237e-05, 5.7884328271e-05, 2.38078137045e-05, 2.12564737012e-05, 2.98301529256e-05, 5.99074010097e-05, 5.73470206291e-05, 2.26411375479e-05, 3.73517286789e-05, 2.63193724095e-05, 1.29983891384e-05, 2.21172631427e-05, 3.03569868265e-05, 1.91733652173e-05, 1.91902599909e-05, 2.09880709008e-05, 2.20227393584e-05, 2.99132898363e-05, 1.71644951479e-05, 1.03440015664e-05, 1.91222152353e-05, 1.28378396766e-05, 8.43872931e-06, 9.01353996596e-06, 1.07158693936e-05, 1.32504683279e-05, 2.08408055187e-05, 1.23250056276e-05, 6.82457903167e-06, 5.49302694708e-06, 3.71185228687e-06, 3.1940548979e-06, 3.58887882612e-06, 7.57570887799e-06, 2.87170360025e-06, 2.17554907067e-06, 3.22118330587e-06, 2.45641604124e-06, 2.50887205766e-06, 3.01134900837e-06, 1.19779156194e-06, 8.92806326647e-07, 1.36357800784e-06, 1.20890126709e-06, 1.52433972289e-06, 6.80415439547e-07, 7.73993065195e-07, 6.99580709806e-07, 8.45100089464e-07, 6.97339373801e-07, 7.30102840407e-07, 4.89894944167e-07, 7.95297637524e-07, 7.83570897056e-07, 4.89725948682e-07, 6.3638839265e-07, 1.01823786736e-06, 4.93919742439e-07, 4.01120757942e-07, 6.97757911894e-07, 6.46109185709e-07, 3.04357456571e-07, 4.00813263468e-07, 3.00195864611e-07, 2.49646831207e-07, 1.9144658836e-07, 1.8627326881e-07, 1.29437978558e-07, 2.05318585245e-07, 1.27235637137e-07, 1.70598980276e-07, 1.38859419963e-07, 1.25271824913e-07, 1.05417662155e-07, 1.04194185724e-07, 9.24196328356e-08, 8.0237427369e-08, 8.76431656138e-08, 7.31756770733e-08, 6.37088390931e-08, 8.65647553638e-09, 8.63059103351e-12, 1.42829975278e-12, 1.40671588961e-12, 1.3918610188e-12, 1.38089908432e-12],
        "stdev": [1.2245286598e-05, 9.99321928248e-05, 0.00044153406634, 0.000509794219397, 0.000460561743239, 0.000588927883655, 0.000562626752071, 0.000607073015999, 0.000515854102559, 0.000364111299859, 0.000250182056334, 0.000280730571831, 0.000335212651407, 0.000373648537789, 0.000711603497621, 0.000376263924409, 0.00033203267958, 0.000182934760232, 0.000300696789054, 0.000241122179432, 0.000348865694832, 0.000252302474109, 0.000713085522875, 0.000876225298271, 0.00035663775634, 0.000326566136209, 0.000176814006409, 0.000211632839637, 0.000136282993481, 0.0001621653646, 0.000219755922444, 0.000228368269745, 0.000113350506581, 0.000321490078932, 0.000115703711344, 0.000224714152864, 0.000283312954707, 0.000261672597844, 0.000194708933122, 0.000163026837981, 0.000247028947342, 9.28774825297e-05, 9.41262842389e-05, 0.000152572698426, 8.55216712807e-05, 6.66319829179e-05, 0.000108271757199, 0.00020432122983, 0.000193741958356, 9.3702263257e-05, 0.000107405212475, 7.40145696909e-05, 3.89856613765e-05, 6.06852809142e-05, 8.61009102664e-05, 5.99530249019e-05, 6.75486735418e-05, 7.27153674234e-05, 5.43210881006e-05, 7.99606787041e-05, 5.10114878125e-05, 3.01001437037e-05, 5.45176117157e-05, 3.06137771986e-05, 2.66982169705e-05, 2.2679909307e-05, 3.25679939124e-05, 3.49684669345e-05, 7.04667472746e-05, 4.9276255595e-05, 2.3408611014e-05, 1.70313851413e-05, 1.14783106255e-05, 1.24609468912e-05, 1.00174202089e-05, 2.37013082369e-05, 7.39439201425e-06, 6.702686278e-06, 1.04110913526e-05, 9.22095478018e-06, 6.84746783008e-06, 8.71618794918e-06, 3.8227699406e-06, 2.60250521933e-06, 3.6879041545e-06, 3.31615319737e-06, 4.70557779408e-06, 1.7570256432e-06, 1.94974313672e-06, 1.65662436302e-06, 1.86889315046e-06, 1.4920956346e-06, 2.25309918278e-06, 1.12748534775e-06, 1.89669765405e-06, 1.8428728481e-06, 1.33719936457e-06, 2.16272383113e-06, 2.59323815044e-06, 1.32787840812e-06, 1.31886520194e-06, 1.80439690212e-06, 1.81249356501e-06, 9.97540837488e-07, 1.05214667201e-06, 8.05741024124e-07, 7.83426003181e-07, 4.62508353394e-07, 4.9236717814e-07, 3.32081782517e-07, 5.32800072506e-07, 4.1062023115e-07, 4.61792893702e-07, 4.23583884412e-07, 3.52570822315e-07, 3.07620808826e-07, 3.13329707069e-07, 3.54146948212e-07, 4.01254453664e-07, 3.30882556909e-07, 3.02638142102e-07, 2.53746037515e-07, 5.45725313827e-08, 1.11933844138e-10, 3.45650960111e-12, 3.39931403338e-12, 3.35970617646e-12, 3.33594285008e-12]
    },
    "mfcc": {
        "mean": [-732.243347168, 114.246315002, 3.42123222351, 12.5950145721, 4.95498752594, -3.23540782928, -1.17800307274, 1.07958173752, -6.51044893265, 0.386030286551, -3.84598612785, -0.833182752132, -4.22416114807],
        "cov": [[19009.3085938, -1023.77313232, -3603.93579102, -276.385528564, -791.42199707, -340.809234619, -200.778396606, -424.632080078, 72.9029388428, -349.43927002, 100.064361572, 1.03959596157, 179.506149292], [-1023.77313232, 1286.2388916, 308.888336182, -69.4636688232, 61.4140014648, -15.7444200516, -41.1550064087, 8.44812393188, -92.2318267822, 46.7834892273, -29.2506370544, 18.9034042358, -30.7724170685], [-3603.93579102, 308.888336182, 1561.38647461, 239.208190918, 351.018035889, 186.517532349, 137.467071533, 215.677581787, 28.3825511932, 137.809005737, -47.1405792236, 16.1053714752, -54.266002655], [-276.385528564, -69.4636688232, 239.208190918, 322.286804199, 126.981719971, 55.3293609619, 52.159236908, 68.8896102905, 26.7267093658, 23.6763000488, -4.43031406403, -3.58868336678, -7.09064340591], [-791.42199707, 61.4140014648, 351.018035889, 126.981719971, 231.862854004, 81.7039718628, 64.3798217773, 88.7138671875, 18.3350524902, 46.0929489136, -3.80559062958, 8.82247161865, 1.61088955402], [-340.809234619, -15.7444200516, 186.517532349, 55.3293609619, 81.7039718628, 123.694580078, 69.084854126, 45.1128463745, 18.4335308075, 17.0522918701, 2.35637497902, 3.74372172356, -0.577844262123], [-200.778396606, -41.1550064087, 137.467071533, 52.159236908, 64.3798217773, 69.084854126, 113.537445068, 64.4964828491, 27.3402309418, 24.1985759735, 9.46255016327, 6.70074319839, 3.09825181961], [-424.632080078, 8.44812393188, 215.677581787, 68.8896102905, 88.7138671875, 45.1128463745, 64.4964828491, 113.463485718, 38.0559616089, 37.3284339905, 0.194441303611, 1.575116992, -2.62547183037], [72.9029388428, -92.2318267822, 28.3825511932, 26.7267093658, 18.3350524902, 18.4335308075, 27.3402309418, 38.0559616089, 78.1273727417, 29.7410316467, 12.9017658234, -2.35109519958, 2.25527524948], [-349.43927002, 46.7834892273, 137.809005737, 23.6763000488, 46.0929489136, 17.0522918701, 24.1985759735, 37.3284339905, 29.7410316467, 75.9270629883, 23.9508895874, 8.6407699585, -6.77407407761], [100.064361572, -29.2506370544, -47.1405792236, -4.43031406403, -3.80559062958, 2.35637497902, 9.46255016327, 0.194441303611, 12.9017658234, 23.9508895874, 65.3446350098, 24.8867950439, 5.451816082], [1.03959596157, 18.9034042358, 16.1053714752, -3.58868336678, 8.82247161865, 3.74372172356, 6.70074319839, 1.575116992, -2.35109519958, 8.6407699585, 24.8867950439, 60.4254493713, 16.5105800629], [179.506149292, -30.7724170685, -54.266002655, -7.09064340591, 1.61088955402, -0.577844262123, 3.09825181961, -2.62547183037, 2.25527524948, -6.77407407761, 5.451816082, 16.5105800629, 59.5910987854]],
        "icov": [[0.000100206481875, -3.90341074308e-06, 0.000234300474403, -9.40005047596e-05, 5.96572026552e-05, -3.0024404623e-05, -6.46233020234e-05, 1.82626135938e-05, -0.000199952730327, 0.00011513211939, 6.26728142379e-05, -0.000103494829091, -5.58323990845e-05], [-3.90341074308e-06, 0.00101836724207, -0.000123625024571, 0.000331823859597, -0.000185928714927, 8.25772294775e-05, 0.000442878372269, -0.00031697328086, 0.00146527029574, -0.00109142833389, 0.000548594689462, -0.000382114376407, 0.000309534138069], [0.000234300474403, -0.000123625024571, 0.00193206383847, -0.000440966861788, -0.000727422011551, -0.00107354356442, 9.60837205639e-05, -0.00115163333248, 0.000242115362198, -0.00144739355892, 0.00174726813566, -0.00104936782736, 0.000848034454975], [-9.40005047596e-05, 0.000331823859597, -0.000440966861788, 0.00433943793178, -0.00194551434834, 7.68030586187e-05, -0.000140628922964, -0.000696261122357, -0.000177282636287, 0.000487953686388, -0.000179575421498, 0.000430782267358, 0.000558514147997], [5.96572026552e-05, -0.000185928714927, -0.000727422011551, -0.00194551434834, 0.00925207510591, -0.0029309487436, 0.000353183801053, -0.00332897156477, 0.00136829086114, -0.00193449540529, 0.000501831120346, -0.000362901162589, -0.00183024129365], [-3.0024404623e-05, 8.25772294775e-05, -0.00107354356442, 7.68030586187e-05, -0.0029309487436, 0.0147773800418, -0.00745490659028, 0.00225642742589, -0.00149667228106, 0.00234687514603, -0.00111093383748, 0.0005708161043, 0.000141054173582], [-6.46233020234e-05, 0.000442878372269, 9.60837205639e-05, -0.000140628922964, 0.000353183801053, -0.00745490659028, 0.0177226420492, -0.00758923916146, 0.000305363471853, -0.000835194194224, -0.00134342850652, -0.000668573367875, -0.000641862570774], [1.82626135938e-05, -0.00031697328086, -0.00115163333248, -0.000696261122357, -0.00332897156477, 0.00225642742589, -0.00758923916146, 0.0200815610588, -0.00628680596128, -0.00136177567765, 0.00128219893668, 0.000485778262373, -0.000127828287077], [-0.000199952730327, 0.00146527029574, 0.000242115362198, -0.000177282636287, 0.00136829086114, -0.00149667228106, 0.000305363471853, -0.00628680596128, 0.0209200624377, -0.00801626872271, -0.000632257608231, 0.00198146491311, -0.000980149372481], [0.00011513211939, -0.00109142833389, -0.00144739355892, 0.000487953686388, -0.00193449540529, 0.00234687514603, -0.000835194194224, -0.00136177567765, -0.00801626872271, 0.0246753357351, -0.00960757490247, 0.000674528360832, 0.00168852193747], [6.26728142379e-05, 0.000548594689462, 0.00174726813566, -0.000179575421498, 0.000501831120346, -0.00111093383748, -0.00134342850652, 0.00128219893668, -0.000632257608231, -0.00960757490247, 0.0241020955145, -0.00941646657884, 0.00110198208131], [-0.000103494829091, -0.000382114376407, -0.00104936782736, 0.000430782267358, -0.000362901162589, 0.0005708161043, -0.000668573367875, 0.000485778262373, 0.00198146491311, 0.000674528360832, -0.00941646657884, 0.0225840769708, -0.00611246749759], [-5.58323990845e-05, 0.000309534138069, 0.000848034454975, 0.000558514147997, -0.00183024129365, 0.000141054173582, -0.000641862570774, -0.000127828287077, -0.000980149372481, 0.00168852193747, 0.00110198208131, -0.00611246749759, 0.0198481176049]]
    },
    "spectral_contrast_coeffs": {
        "mean": [-0.724393904209, -0.772399425507, -0.769188761711, -0.783367455006, -0.783925712109, -0.797026336193],
        "stdev": [0.069904871285, 0.0863124579191, 0.0779350474477, 0.0790182873607, 0.0719641670585, 0.0549503788352]
    },
    "spectral_contrast_valleys": {
        "mean": [-7.82891941071, -7.66628026962, -8.48573589325, -8.86090278625, -8.86810302734, -11.1633081436],
        "stdev": [2.28555846214, 2.40912985802, 2.42268824577, 2.43123435974, 2.44109916687, 2.08934879303]
    }
},
"rhythm": {
    "beats_count": 315,
    "beats_loudness": {
        "mean": 0.0150986928493,
        "stdev": 0.0145507017151
    },
    "bpm": 84.0196304321,
    "bpm_histogram_first_peak_bpm": 83,
    "bpm_histogram_first_peak_weight": 0.458471775055,
    "bpm_histogram_second_peak_bpm": 88,
    "bpm_histogram_second_peak_spread": 0.199999988079,
    "bpm_histogram_second_peak_weight": 0.025477707386,
    "danceability": 0.975771605968,
    "onset_rate": 3.28378582001,
    "beats_loudness_band_ratio": {
        "mean": [0.370523124933, 0.217585325241, 0.175901651382, 0.141073167324, 0.103984408081, 0.0563112609088],
        "stdev": [0.306477189064, 0.160272151232, 0.155303478241, 0.135955572128, 0.106648646295, 0.0568784661591]
    },
    "beats_position": [0.731428563595, 1.45124709606, 2.15945577621, 2.86766433716, 3.5758728981, 4.27247142792, 4.98067998886, 5.67727899551, 6.37387752533, 7.08208608627, 7.80190467834, 8.52172279358, 9.24154186249, 9.96135997772, 10.6811790466, 11.3893871307, 12.1092061996, 12.840634346, 13.5604534149, 14.2802715302, 15.0000905991, 15.7082986832, 16.4165077209, 17.1131057739, 17.8097057343, 18.5295238495, 19.2377319336, 19.8994998932, 20.5612697601, 21.2346477509, 21.9196376801, 22.616235733, 23.312833786, 24.0210418701, 24.7408618927, 25.4490699768, 26.168888092, 26.8887062073, 27.5969161987, 28.3283443451, 29.0597724915, 29.8028106689, 30.5458488464, 31.265668869, 31.9970970154, 32.7169151306, 33.4367332458, 34.1565513611, 34.8763694763, 35.5961914062, 36.3160095215, 37.0358276367, 37.755645752, 38.4754638672, 39.1952819824, 39.9151000977, 40.6349182129, 41.3663482666, 42.0977783203, 42.8175964355, 43.5490226746, 44.2688446045, 45.0002708435, 45.7200889587, 46.439907074, 47.1597251892, 47.8795471191, 48.5993652344, 49.3191833496, 50.0390014648, 50.7588195801, 51.4786376953, 52.1984558105, 52.9182739258, 53.6380958557, 54.3579139709, 55.0777320862, 55.8091583252, 56.5405883789, 57.2604064941, 57.9802246094, 58.7000427246, 59.4198646545, 60.1396827698, 60.859500885, 61.5677070618, 62.2759170532, 62.9725151062, 63.6691131592, 64.3657150269, 65.0623092651, 65.7705230713, 66.478729248, 67.1869354248, 67.895149231, 68.6033554077, 69.3115615845, 70.0081634521, 70.7047576904, 71.4013595581, 72.0979614258, 72.8061676025, 73.5027618408, 74.210975647, 74.9075698853, 75.6041717529, 76.3007659912, 77.0089797974, 77.6939697266, 78.3905639648, 79.0871658325, 79.7837600708, 80.4803619385, 81.1885681152, 81.8967819214, 82.6049880981, 83.3131942749, 84.0214080811, 84.7296142578, 85.4262084961, 86.1344223022, 86.842628479, 87.5392303467, 88.235824585, 88.9324264526, 89.6290206909, 90.3256225586, 91.0222167969, 91.7188186646, 92.4154205322, 93.1120147705, 93.8086166382, 94.5052108765, 95.2134246826, 95.9100189209, 96.6182327271, 97.3148269653, 98.011428833, 98.7080230713, 99.404624939, 100.101219177, 100.821044922, 101.552467346, 102.2838974, 102.992103577, 103.700317383, 104.420135498, 105.139953613, 105.859771729, 106.579589844, 107.299407959, 108.019226074, 108.739044189, 109.447257996, 110.155464172, 110.875282288, 111.595100403, 112.314918518, 113.034736633, 113.754554749, 114.462760925, 115.170974731, 115.879180908, 116.587387085, 117.295600891, 118.003807068, 118.712013245, 119.43183136, 120.140045166, 120.848251343, 121.568069458, 122.299499512, 123.019317627, 123.739135742, 124.458953857, 125.178771973, 125.898590088, 126.618408203, 127.338226318, 128.058044434, 128.76625061, 129.474472046, 130.171066284, 130.890884399, 131.599090576, 132.307296753, 133.027114868, 133.735321045, 134.431930542, 135.140136719, 135.836730957, 136.521713257, 137.229934692, 137.938140869, 138.657958984, 139.389389038, 140.109207153, 140.840637207, 141.560455322, 142.268661499, 143.000091553, 143.719909668, 144.439727783, 145.171157837, 145.890975952, 146.610794067, 147.307388306, 148.015594482, 148.723800659, 149.443618774, 150.16343689, 150.894866943, 151.603088379, 152.322906494, 153.042724609, 153.750930786, 154.459136963, 155.178955078, 155.898773193, 156.618591309, 157.338409424, 158.058227539, 158.778045654, 159.509475708, 160.229293823, 160.949111938, 161.657318115, 162.37713623, 163.096954346, 163.816772461, 164.548202515, 165.291244507, 166.022674561, 166.742492676, 167.450698853, 168.182128906, 168.901947021, 169.610153198, 170.318359375, 171.03817749, 171.757995605, 172.477813721, 173.197631836, 173.917449951, 174.637283325, 175.35710144, 176.076919556, 176.808334351, 177.528152466, 178.236373901, 178.944580078, 179.652786255, 180.37260437, 181.104034424, 181.823852539, 182.555282593, 183.26348877, 183.971694946, 184.668289185, 185.364898682, 186.084716797, 186.816146851, 187.524353027, 188.244171143, 188.963989258, 189.672195435, 190.39201355, 191.123443604, 191.854873657, 192.597915649, 193.306121826, 194.025939941, 194.745758057, 195.453964233, 196.16217041, 196.858764648, 197.555374146, 198.263580322, 198.971786499, 199.703216553, 200.434646606, 201.154464722, 201.874282837, 202.594100952, 203.313919067, 204.033737183, 204.753555298, 205.461761475, 206.169967651, 206.878189087, 207.586395264, 208.29460144, 209.002807617, 209.722625732, 210.454055786, 211.173873901, 211.905303955, 212.636734009, 213.368164062, 214.099594116, 214.831008911, 215.562438965, 216.293869019, 217.036911011, 217.768341064, 218.499771118, 219.24281311, 219.939407349, 220.61277771, 221.28616333, 221.901489258, 222.516815186, 223.132156372, 223.817138672, 224.502120972],
    "bpm_histogram": [0, 0, 0, 0, 0, 0, 0, 0, 0, 0, 0, 0, 0, 0, 0, 0, 0, 0, 0, 0, 0, 0, 0, 0, 0, 0, 0, 0, 0, 0, 0, 0, 0, 0, 0, 0, 0, 0, 0, 0, 0, 0, 0, 0, 0, 0, 0, 0, 0, 0, 0, 0, 0, 0, 0, 0, 0, 0, 0, 0, 0, 0, 0, 0, 0, 0, 0, 0, 0, 0, 0, 0, 0, 0, 0, 0, 0, 0, 0, 0, 0, 0.0191082805395, 0.12738853693, 0.391719758511, 0, 0.261146485806, 0.159235671163, 0, 0.0159235671163, 0.00955414026976, 0, 0.0063694268465, 0, 0, 0, 0, 0, 0, 0.00955414026976, 0, 0, 0, 0, 0, 0, 0, 0, 0, 0, 0, 0, 0, 0, 0, 0, 0, 0, 0, 0, 0, 0, 0, 0, 0, 0, 0, 0, 0, 0, 0, 0, 0, 0, 0, 0, 0, 0, 0, 0, 0, 0, 0, 0, 0, 0, 0, 0, 0, 0, 0, 0, 0, 0, 0, 0, 0, 0, 0, 0, 0, 0, 0, 0, 0, 0, 0, 0, 0, 0, 0, 0, 0, 0, 0, 0, 0, 0, 0, 0, 0, 0, 0, 0, 0, 0, 0, 0, 0, 0, 0, 0, 0, 0, 0, 0, 0, 0, 0, 0, 0, 0, 0, 0, 0, 0, 0, 0, 0, 0, 0, 0, 0, 0, 0, 0, 0, 0, 0, 0, 0, 0, 0, 0, 0, 0, 0, 0, 0, 0, 0, 0, 0, 0, 0, 0, 0, 0, 0, 0, 0, 0, 0, 0, 0, 0, 0, 0, 0, 0, 0]
},
"tonal": {
    "chords_changes_rate": 0.0793160274625,
    "chords_number_rate": 0.00329625047743,
    "chords_strength": {
        "mean": 0.479003846645,
        "stdev": 0.161081388593
    },
    "hpcp_crest": {
        "mean": 14.3490905762,
        "stdev": 7.89688873291
    },
    "hpcp_entropy": {
        "mean": 1.94306361675,
        "stdev": 0.834816455841
    },
    "key_edma": {
        "strength": 0.745538890362,
        "key": "A#",
        "scale": "major"
    },
    "key_krumhansl": {
        "strength": 0.754996240139,
        "key": "A#",
        "scale": "major"
    },
    "key_temperley": {
        "strength": 0.766443431377,
        "key": "A#",
        "scale": "major"
    },
    "tuning_diatonic_strength": 0.547958672047,
    "tuning_equal_tempered_deviation": 0.0117568122223,
    "tuning_frequency": 441.017791748,
    "tuning_nontempered_energy_ratio": 0.734521448612,
    "hpcp": {
        "mean": [0.140800952911, 0.113994568586, 0.148678675294, 0.214896038175, 0.154082983732, 0.0760018676519, 0.0729054734111, 0.0834027081728, 0.155771151185, 0.202877908945, 0.13996963203, 0.0993973314762, 0.10119060427, 0.0927110612392, 0.165219932795, 0.223151013255, 0.155364722013, 0.150477945805, 0.196425378323, 0.143713504076, 0.115538440645, 0.134761080146, 0.125911727548, 0.212467849255, 0.289286881685, 0.180117368698, 0.0935915410519, 0.0828156843781, 0.0715040713549, 0.160158291459, 0.241826891899, 0.168499365449, 0.0972011610866, 0.0929405018687, 0.0876590684056, 0.120545528829],
        "stdev": [0.236697256565, 0.20679178834, 0.242391958833, 0.310549288988, 0.251820206642, 0.146989509463, 0.161972343922, 0.171340078115, 0.240093976259, 0.281722635031, 0.207982823253, 0.184100627899, 0.205630019307, 0.173784062266, 0.245146915317, 0.309060007334, 0.2252522856, 0.2258066535, 0.295360714197, 0.229405969381, 0.210945248604, 0.250075548887, 0.216149270535, 0.270092755556, 0.352182418108, 0.247617259622, 0.183297023177, 0.181536480784, 0.146529465914, 0.225190117955, 0.315802574158, 0.240146011114, 0.172063842416, 0.187738254666, 0.172725945711, 0.210407778621]
    },
    "chords_histogram": [21.0548000336, 10.7128143311, 4.5117430687, 2.16316437721, 10.8364238739, 1.31850016117, 2.10135960579, 0.576843857765, 0.906468868256, 0, 2.53399252892, 1.70992994308, 0.473836004734, 0.782859504223, 0.370828181505, 2.08075809479, 0, 2.80181288719, 0.947672009468, 4.34693050385, 3.66707873344, 9.55912685394, 10.1771736145, 6.36588382721],
    "thpcp": [1, 0.622625410557, 0.323525011539, 0.286275297403, 0.247173577547, 0.553631365299, 0.835941433907, 0.582464575768, 0.336002647877, 0.321274518967, 0.303017765284, 0.416698902845, 0.486717373133, 0.394053697586, 0.513948917389, 0.742847502232, 0.532630383968, 0.262721449137, 0.252017915249, 0.288304507732, 0.538465976715, 0.70130354166, 0.483843684196, 0.343594312668, 0.349793255329, 0.320481389761, 0.571128308773, 0.771383106709, 0.537061095238, 0.520168602467, 0.678998589516, 0.496785402298, 0.399390518665, 0.465838879347, 0.435248672962, 0.73445379734],
    "chords_key": "A#",
    "chords_scale": "major"
}
}