{
"metadata": {
    "version": {
        "essentia": "2.1-dev",
        "essentia_git_sha": "v2.1_beta3-415-gd5473f3",
        "extractor": "music 2.0"
    },
    "audio_properties": {
        "analysis": {
            "equal_loudness": 0,
            "length": 408.685699463,
            "sample_rate": 44100,
            "start_time": 0,
            "downmix": "mix"
        },
        "bit_rate": 192000,
        "length": 408.685699463,
        "lossless": 0,
        "number_channels": 2,
        "replay_gain": -8.94490623474,
        "sample_rate": 44100,
        "codec": "mp3",
        "md5_encoded": "785d156ed0ba6c3d3331376b0dae20ff"
    },
    "tags": {
        "file_name": "david_gilmore-ritualism.mp3",
        "album": ["RitualisM "],
        "artist": ["DAVID GILMORE"],
        "date": ["2000"],
        "genre": ["Jazz"],
        "title": ["Ritualism"]
    }
},
"lowlevel": {
    "average_loudness": 0.842310428619,
    "barkbands_crest": {
        "mean": 12.3738832474,
        "stdev": 4.56895494461
    },
    "barkbands_flatness_db": {
        "mean": 0.194882050157,
        "stdev": 0.0684528574347
    },
    "barkbands_kurtosis": {
        "mean": 7.41146230698,
        "stdev": 9.62291145325
    },
    "barkbands_skewness": {
        "mean": 1.59414637089,
        "stdev": 1.26899576187
    },
    "barkbands_spread": {
        "mean": 10.5196084976,
        "stdev": 7.04944229126
    },
    "dissonance": {
        "mean": 0.425631672144,
        "stdev": 0.0574404858053
    },
    "dynamic_complexity": 3.7774541378,
    "erbbands_crest": {
        "mean": 13.6800041199,
        "stdev": 6.53654193878
    },
    "erbbands_flatness_db": {
        "mean": 0.199993565679,
        "stdev": 0.0657230317593
    },
    "erbbands_kurtosis": {
        "mean": 4.30314064026,
        "stdev": 6.83380699158
    },
    "erbbands_skewness": {
        "mean": 1.2708542347,
        "stdev": 0.938670217991
    },
    "erbbands_spread": {
        "mean": 22.5218448639,
        "stdev": 15.7859592438
    },
    "hfc": {
        "mean": 12.2692203522,
        "stdev": 11.0464420319
    },
    "loudness_ebu128": {
        "integrated": -15.4519996643,
        "loudness_range": 4.71479225159,
        "momentary": {
            "mean": -18.6547374725,
            "stdev": 22.8564548492
        },
        "short_term": {
            "mean": -16.743806839,
            "stdev": 6.2012834549
        }
    },
    "melbands_crest": {
        "mean": 14.7515954971,
        "stdev": 5.24697446823
    },
    "melbands_flatness_db": {
        "mean": 0.271507412195,
        "stdev": 0.0815797224641
    },
    "melbands_kurtosis": {
        "mean": 10.9784822464,
        "stdev": 15.4019145966
    },
    "melbands_skewness": {
        "mean": 1.84277784824,
        "stdev": 1.49560594559
    },
    "melbands_spread": {
        "mean": 12.7838954926,
        "stdev": 12.8160047531
    },
    "pitch_salience": {
        "mean": 0.500241339207,
        "stdev": 0.123547889292
    },
    "silence_rate_20dB": {
        "mean": 1,
        "stdev": 0
    },
    "silence_rate_30dB": {
        "mean": 0.998522877693,
        "stdev": 0.0384022779763
    },
    "silence_rate_60dB": {
        "mean": 0.074934668839,
        "stdev": 0.263286709785
    },
    "spectral_centroid": {
        "mean": 829.177185059,
        "stdev": 965.919555664
    },
    "spectral_complexity": {
        "mean": 11.3084306717,
        "stdev": 4.73455381393
    },
    "spectral_decrease": {
        "mean": -6.21411944124e-09,
        "stdev": 5.07574737796e-09
    },
    "spectral_energy": {
        "mean": 0.0245663616806,
        "stdev": 0.0200243666768
    },
    "spectral_energyband_high": {
        "mean": 0.000123882447951,
        "stdev": 0.000183280033525
    },
    "spectral_energyband_low": {
        "mean": 0.00610953010619,
        "stdev": 0.00813076365739
    },
    "spectral_energyband_middle_high": {
        "mean": 0.00336676323786,
        "stdev": 0.00489649362862
    },
    "spectral_energyband_middle_low": {
        "mean": 0.0157475080341,
        "stdev": 0.0161324925721
    },
    "spectral_entropy": {
        "mean": 6.90266036987,
        "stdev": 0.657859802246
    },
    "spectral_flux": {
        "mean": 0.0676131621003,
        "stdev": 0.0425000227988
    },
    "spectral_kurtosis": {
        "mean": 13.2470111847,
        "stdev": 35.601978302
    },
    "spectral_rms": {
        "mean": 0.00445609539747,
        "stdev": 0.00202739238739
    },
    "spectral_rolloff": {
        "mean": 853.204040527,
        "stdev": 1655.78466797
    },
    "spectral_skewness": {
        "mean": 2.51156115532,
        "stdev": 1.70253646374
    },
    "spectral_spread": {
        "mean": 4283635.5,
        "stdev": 3498780.75
    },
    "spectral_strongpeak": {
        "mean": 1.39661407471,
        "stdev": 1.46458375454
    },
    "zerocrossingrate": {
        "mean": 0.0382301583886,
        "stdev": 0.044187374413
    },
    "barkbands": {
        "mean": [4.84355132357e-06, 0.00374994147569, 0.00183820119128, 0.00111229217146, 0.00235626939684, 0.00336382724345, 0.00323268678039, 0.00279062543996, 0.0023441829253, 0.00138794060331, 0.000921161845326, 0.000482352712424, 0.000183701340575, 0.00019402858743, 0.000139462703373, 9.516258433e-05, 7.02963225194e-05, 7.08948427928e-05, 6.67989806971e-05, 6.69580622343e-05, 3.26208792103e-05, 1.45990152305e-05, 1.21248822325e-05, 1.40969414133e-05, 1.19010373965e-05, 7.87514636613e-06, 1.48685921886e-06],
        "stdev": [1.02265366877e-05, 0.00573528325185, 0.00350793194957, 0.00221811793745, 0.00416755396873, 0.0065876361914, 0.00821449887007, 0.00773057760671, 0.0062537570484, 0.00347163178958, 0.00282376818359, 0.00145874044392, 0.000483642448671, 0.00074392487295, 0.000288256502245, 0.0002660471946, 0.000189365950064, 0.000195333821466, 0.000165533187101, 0.000134204979986, 6.32582887192e-05, 2.80377389572e-05, 2.474498433e-05, 2.88791161438e-05, 2.4491104341e-05, 2.30187361012e-05, 8.59037845657e-06]
    },
    "erbbands": {
        "mean": [0.0495732985437, 1.03558695316, 2.40278196335, 2.89593100548, 4.83692550659, 8.29360103607, 16.1733016968, 31.2264556885, 41.9276618958, 51.3667144775, 66.266242981, 52.6092796326, 49.8829345703, 40.6548118591, 34.9428634644, 18.412443161, 9.19592094421, 9.41202449799, 9.00429058075, 6.04748773575, 5.54991960526, 3.32803058624, 3.31712007523, 4.1808757782, 3.15596556664, 3.22694706917, 1.95867574215, 0.871771633625, 0.54981148243, 0.38321903348, 0.361536562443, 0.301669329405, 0.215521141887, 0.153610140085, 0.0761866346002, 0.0335212983191, 0.0145146995783, 0.00332098850049, 0.000260004919255, 3.35229706252e-05],
        "stdev": [0.0753586888313, 1.56406474113, 4.02642393112, 4.40943479538, 8.02506065369, 16.6421756744, 30.4266529083, 68.5016708374, 95.2955245972, 118.305610657, 192.011428833, 131.060775757, 119.870025635, 99.927116394, 108.624099731, 51.2672119141, 22.7997722626, 29.4567584991, 23.9133815765, 13.2767429352, 13.040517807, 8.02885341644, 7.33118057251, 11.3855333328, 6.54253387451, 6.53773593903, 3.59882521629, 1.66466474533, 1.14405596256, 0.689929962158, 0.813454866409, 0.704351007938, 0.399789392948, 0.298678159714, 0.173021554947, 0.0854201167822, 0.0475926063955, 0.0128658805043, 0.00168750400189, 4.38864262833e-05]
    },
    "gfcc": {
        "mean": [-61.9606285095, 122.455406189, -96.9990921021, 11.2514705658, -63.8820075989, 6.39339399338, -31.3300094604, 11.7232818604, -23.5192947388, 4.38930654526, -12.555929184, -4.44765663147, -7.79258489609],
        "cov": [[16404.6425781, 224.035263062, -1824.94299316, 120.796463013, -540.335021973, 70.7293014526, -265.664337158, 404.157501221, -234.559112549, 222.040817261, -109.9686203, 66.4594802856, -119.760498047], [224.035263062, 1298.17883301, 32.90051651, -199.165237427, 110.394180298, -117.829551697, 17.3764533997, -178.773590088, 90.9517059326, -119.489219666, 71.9231796265, -97.6552810669, 104.291168213], [-1824.94299316, 32.90051651, 1031.53710938, -7.48905086517, 57.7170181274, 78.8328781128, -20.1693763733, -66.3436203003, 29.2740211487, -20.7790184021, -25.2831268311, 48.5937728882, -36.6581764221], [120.796463013, -199.165237427, -7.48905086517, 410.344482422, 15.9770393372, 72.7127075195, 68.6910095215, 40.2143363953, -28.1917819977, 33.5454597473, -6.70686340332, -9.0755109787, -12.9721946716], [-540.335021973, 110.394180298, 57.7170181274, 15.9770393372, 258.800994873, 44.1883430481, 82.524597168, 18.3441791534, 36.3504714966, -12.0277528763, 23.2713127136, -16.9649620056, 16.6321811676], [70.7293014526, -117.829551697, 78.8328781128, 72.7127075195, 44.1883430481, 193.27532959, 44.416633606, 59.7257347107, 3.79756212234, 25.2309646606, -11.8378973007, 18.9489154816, -16.6977748871], [-265.664337158, 17.3764533997, -20.1693763733, 68.6910095215, 82.524597168, 44.416633606, 157.475158691, 50.2315483093, 30.3512763977, 1.35451626778, 15.0342206955, -17.4192810059, 10.3310956955], [404.157501221, -178.773590088, -66.3436203003, 40.2143363953, 18.3441791534, 59.7257347107, 50.2315483093, 172.29246521, 36.785068512, 39.6255760193, 5.70263242722, 7.00550174713, -21.4390621185], [-234.559112549, 90.9517059326, 29.2740211487, -28.1917819977, 36.3504714966, 3.79756212234, 30.3512763977, 36.785068512, 126.70426178, 37.7961921692, 26.3397254944, -5.71611070633, 2.64838886261], [222.040817261, -119.489219666, -20.7790184021, 33.5454597473, -12.0277528763, 25.2309646606, 1.35451626778, 39.6255760193, 37.7961921692, 110.829238892, 36.5305900574, 20.9506721497, -16.0570106506], [-109.9686203, 71.9231796265, -25.2831268311, -6.70686340332, 23.2713127136, -11.8378973007, 15.0342206955, 5.70263242722, 26.3397254944, 36.5305900574, 99.1996536255, 25.9833698273, 18.9012355804], [66.4594802856, -97.6552810669, 48.5937728882, -9.0755109787, -16.9649620056, 18.9489154816, -17.4192810059, 7.00550174713, -5.71611070633, 20.9506721497, 25.9833698273, 105.118415833, 22.4342975616], [-119.760498047, 104.291168213, -36.6581764221, -12.9721946716, 16.6321811676, -16.6977748871, 10.3310956955, -21.4390621185, 2.64838886261, -16.0570106506, 18.9012355804, 22.4342975616, 95.2152557373]],
        "icov": [[0.000133864974487, -0.000295977544738, 0.00023229571525, -7.92403589003e-05, 0.00015607244859, -6.99820229784e-05, 0.000228851742577, -0.000518844113685, 0.000465813704068, -0.000498977955431, 0.000480809510918, -0.000420894852141, 0.000296631478705], [-0.000295977544738, 0.00223660259508, -0.000538368884008, 0.000573178753257, -0.000514218001626, 4.94829255331e-05, -0.000500617956277, 0.00251599936746, -0.00247601117007, 0.00275429920293, -0.00268497341312, 0.00257930182852, -0.00177330186125], [0.00023229571525, -0.000538368884008, 0.00160052522551, -0.000200605936698, -2.88266874122e-05, -0.000678703654557, 0.000577500613872, -9.62275298662e-05, 9.16586868698e-05, -0.000417435803683, 0.00119716837071, -0.00168200209737, 0.00135813769884], [-7.92403589003e-05, 0.000573178753257, -0.000200605936698, 0.00316590606235, 8.12023608887e-06, -0.000653394556139, -0.00153392727952, 0.000526751275174, 0.000767452642322, -0.000674982613418, -0.000375191448256, 0.00116247218102, -0.000538946362212], [0.00015607244859, -0.000514218001626, -2.88266874122e-05, 8.12023608887e-06, 0.00538119114935, -0.0011207992211, -0.00183652457781, -0.000635358679574, -0.000172287545865, 0.000403958343668, -0.000703970727045, 0.000374318100512, -0.000206318465644], [-6.99820229784e-05, 4.94829255331e-05, -0.000678703654557, -0.000653394556139, -0.0011207992211, 0.00729517173022, -0.00134634342976, -0.00168835592922, 0.000736112822779, -0.00135552324355, 0.00169736810494, -0.00147729646415, 0.000510567100719], [0.000228851742577, -0.000500617956277, 0.000577500613872, -0.00153392727952, -0.00183652457781, -0.00134634342976, 0.0101554645225, -0.00290314434096, -0.000756188004743, 0.000770784798078, -0.000624169246294, 0.00093675107928, -0.00076713290764], [-0.000518844113685, 0.00251599936746, -9.62275298662e-05, 0.000526751275174, -0.000635358679574, -0.00168835592922, -0.00290314434096, 0.0116019695997, -0.00507425330579, 0.0020071589388, -0.00248275138438, 0.00165084563196, -4.79465343233e-05], [0.000465813704068, -0.00247601117007, 9.16586868698e-05, 0.000767452642322, -0.000172287545865, 0.000736112822779, -0.000756188004743, -0.00507425330579, 0.0140864737332, -0.00736125186086, 0.00199818587862, -0.000934364041314, 0.000726744881831], [-0.000498977955431, 0.00275429920293, -0.000417435803683, -0.000674982613418, 0.000403958343668, -0.00135552324355, 0.000770784798078, 0.0020071589388, -0.00736125186086, 0.0178515482694, -0.00827472563833, 0.00124431063887, 0.00072756758891], [0.000480809510918, -0.00268497341312, 0.00119716837071, -0.000375191448256, -0.000703970727045, 0.00169736810494, -0.000624169246294, -0.00248275138438, 0.00199818587862, -0.00827472563833, 0.0175558850169, -0.00642191292718, 0.000461849733256], [-0.000420894852141, 0.00257930182852, -0.00168200209737, 0.00116247218102, 0.000374318100512, -0.00147729646415, 0.00093675107928, 0.00165084563196, -0.000934364041314, 0.00124431063887, -0.00642191292718, 0.0160293504596, -0.00616427790374], [0.000296631478705, -0.00177330186125, 0.00135813769884, -0.000538946362212, -0.000206318465644, 0.000510567100719, -0.00076713290764, -4.79465343233e-05, 0.000726744881831, 0.00072756758891, 0.000461849733256, -0.00616427790374, 0.0149286352098]]
    },
    "melbands": {
        "mean": [0.000787499826401, 0.00137368193828, 0.000572367454879, 0.000453109823866, 0.000543126137927, 0.000685731938574, 0.000677836011164, 0.000560974644031, 0.000534508610144, 0.000320280349115, 0.000244948460022, 0.000163032163982, 0.000112721965706, 7.56179360906e-05, 2.50320499617e-05, 1.77289148269e-05, 1.79675862455e-05, 1.50057112478e-05, 9.7275024018e-06, 7.334782822e-06, 6.22903871772e-06, 3.68691485164e-06, 2.44142233896e-06, 3.74559203919e-06, 3.34635433319e-06, 2.62276421381e-06, 2.23079473471e-06, 2.07393895835e-06, 1.33533660573e-06, 7.66475977798e-07, 4.24589615022e-07, 3.30477661237e-07, 2.36864792669e-07, 1.97620167341e-07, 2.19200501306e-07, 1.80629044166e-07, 1.81782780828e-07, 1.39571071145e-07, 1.62750140476e-07, 1.18852902631e-07],
        "stdev": [0.00119998515584, 0.00202953186817, 0.000869578681886, 0.000776813190896, 0.00102130160667, 0.00144638936035, 0.00157735892572, 0.00126973201986, 0.00157188798767, 0.000817386957351, 0.000607420806773, 0.000417202682002, 0.000336742436048, 0.000227313808864, 6.78909564158e-05, 4.3296822696e-05, 6.67881977279e-05, 5.12569968123e-05, 2.01817929337e-05, 2.16860898945e-05, 1.614327266e-05, 1.06588340714e-05, 6.13305064689e-06, 1.11451281555e-05, 1.01552241176e-05, 6.34058869764e-06, 5.34391210749e-06, 4.46015019406e-06, 2.54763790508e-06, 1.68412304902e-06, 8.03762077339e-07, 7.69276368828e-07, 4.88725504511e-07, 3.63859726349e-07, 5.30952036115e-07, 4.34817536643e-07, 4.53054070704e-07, 2.5946744131e-07, 3.36130710821e-07, 2.46237050305e-07]
    },
    "melbands128": {
        "mean": [3.7889867599e-06, 0.000123878620798, 0.00116873392835, 0.00195208110381, 0.00147741276305, 0.000806401425507, 0.000551236909814, 0.000578429375309, 0.000464028387796, 0.000427137449151, 0.000431196764112, 0.000524991075508, 0.000528098316863, 0.000599311257247, 0.000720773590729, 0.000763464369811, 0.000553671212401, 0.000694810179994, 0.00087338621961, 0.000499170622788, 0.000495472864714, 0.000547788513359, 0.00062534341123, 0.000411569606513, 0.000313461467158, 0.000294459721772, 0.000306433386868, 0.000254890415817, 0.000175697234226, 0.000168960090377, 0.000176137909875, 0.000116818941024, 7.56487788749e-05, 0.000163249103935, 8.79631115822e-05, 5.75700360059e-05, 4.1741746827e-05, 1.65260080394e-05, 2.46586805588e-05, 1.75865770871e-05, 1.66346435435e-05, 1.62889791682e-05, 1.68478090927e-05, 1.86469005712e-05, 1.9552264348e-05, 1.31931774376e-05, 1.27964594867e-05, 1.10517084977e-05, 7.20170282875e-06, 7.68499285186e-06, 7.34336026653e-06, 7.19365107216e-06, 7.01630415278e-06, 5.7042075241e-06, 5.22659047419e-06, 3.14166982207e-06, 2.40376880356e-06, 3.16284922519e-06, 1.87519685824e-06, 2.39504197452e-06, 4.15412796428e-06, 4.37323524238e-06, 3.78707181881e-06, 2.22985318032e-06, 4.39213772552e-06, 2.42716168941e-06, 1.88815818092e-06, 1.99599048756e-06, 1.91541107597e-06, 3.40931751452e-06, 1.6458357095e-06, 2.04725142794e-06, 1.3637778693e-06, 1.13942417101e-06, 1.429145982e-06, 7.31077136606e-07, 5.59682746371e-07, 4.7249943691e-07, 3.94996789055e-07, 3.92001737737e-07, 3.70822704099e-07, 3.1006828749e-07, 2.13956113271e-07, 2.77870498167e-07, 1.89414933516e-07, 1.97903418098e-07, 2.23215749884e-07, 1.53903599198e-07, 2.78419747701e-07, 2.02625940915e-07, 1.48736432948e-07, 1.93135136328e-07, 2.01076460371e-07, 2.07416860576e-07, 1.44454418205e-07, 1.33596643082e-07, 1.4122581149e-07, 1.33045148232e-07, 2.01531534572e-07, 1.52788587116e-07, 1.24160180803e-07, 1.11224423449e-07, 1.14185205291e-07, 1.0718546406e-07, 7.46087280845e-08, 8.04331108384e-08, 6.36764596607e-08, 6.9136099512e-08, 5.05085502311e-08, 5.28722701176e-08, 4.83126889606e-08, 5.46559029146e-08, 4.98398229354e-08, 3.86297607236e-08, 3.47400828105e-08, 3.34800844826e-08, 2.62718806709e-08, 1.38036293507e-08, 1.05672768314e-08, 7.98090571408e-09, 4.54402959704e-09, 2.7735929109e-09, 8.95490515074e-10, 6.32021301614e-12, 3.44493465872e-12, 3.40790785348e-12, 3.38074533646e-12, 3.3602855741e-12],
        "stdev": [7.5126140473e-06, 0.000195185348275, 0.00186330208089, 0.00305600417778, 0.00243218545802, 0.00152885960415, 0.000874240184203, 0.00126482266933, 0.000879297032952, 0.00106294488069, 0.000961151905358, 0.00147146347445, 0.00120736379176, 0.00149651255924, 0.00176825653762, 0.00234566861764, 0.00154825951904, 0.00236289668828, 0.00312897167169, 0.00138760230038, 0.00193697528448, 0.00185955641791, 0.00237561250106, 0.00195606821217, 0.00115496071521, 0.00112005684059, 0.00107551610563, 0.000942186103202, 0.000652203161735, 0.000591299321968, 0.00057401205413, 0.000532201782335, 0.000377445976483, 0.000772181199864, 0.000386038154829, 0.000223869443289, 0.000187238794751, 6.85892809997e-05, 0.000114535228931, 5.90539020777e-05, 6.23325540801e-05, 5.17767439305e-05, 8.19112538011e-05, 0.00011470438767, 0.000134617162985, 4.34910725744e-05, 4.02217447117e-05, 3.5162367567e-05, 2.03693289222e-05, 3.76816096832e-05, 3.20121798723e-05, 3.08995658997e-05, 2.65871385636e-05, 2.74316298601e-05, 1.94207514141e-05, 1.77316796908e-05, 7.62353056416e-06, 1.33163030114e-05, 6.13785596215e-06, 8.78202445165e-06, 1.80422048288e-05, 2.11169135582e-05, 2.03478539333e-05, 1.16044466267e-05, 1.77645797521e-05, 6.60694558974e-06, 8.32444038679e-06, 8.77309958014e-06, 6.56327210891e-06, 1.14655422294e-05, 5.11618782184e-06, 7.35065623303e-06, 3.59580940312e-06, 3.34401420332e-06, 4.61935997009e-06, 2.10554003388e-06, 1.48187245941e-06, 1.40280167216e-06, 7.60257023558e-07, 7.85228337463e-07, 1.08932988496e-06, 8.75797070421e-07, 4.76756497392e-07, 7.99233021098e-07, 3.54775295364e-07, 5.27865893218e-07, 4.39639393335e-07, 3.09281915634e-07, 8.736366226e-07, 5.50742925043e-07, 4.2299393499e-07, 4.62007221813e-07, 6.85238717324e-07, 6.62221111725e-07, 3.30855556285e-07, 2.99631267353e-07, 2.98551753986e-07, 3.07616346618e-07, 5.66656012779e-07, 3.47868336803e-07, 2.79986039686e-07, 2.76559489976e-07, 2.69998679414e-07, 2.75743985867e-07, 1.86519642398e-07, 2.26897256539e-07, 1.71350379219e-07, 2.01743048933e-07, 1.35406438062e-07, 1.61224633644e-07, 1.47335811107e-07, 1.90607096329e-07, 1.86384454537e-07, 1.54039881295e-07, 1.30567983092e-07, 1.2250445991e-07, 1.00451160279e-07, 8.77839099189e-08, 8.3870467904e-08, 7.36125187473e-08, 4.28739106439e-08, 2.85863119842e-08, 9.77636549493e-09, 4.90771832895e-11, 5.59753328758e-12, 5.53132843348e-12, 5.48337070194e-12, 5.45441556504e-12]
    },
    "mfcc": {
        "mean": [-708.303588867, 156.71421814, 17.7176132202, 14.1748838425, -6.02576303482, -5.43441343307, 3.35275125504, -2.2697956562, 0.292405992746, 5.56740617752, -1.61377751827, -0.983224451542, -0.103964157403],
        "cov": [[7224.83837891, 536.374389648, -913.478210449, -8.17672634125, -182.647460938, -143.565444946, 42.7499389648, -41.5410423279, 53.514755249, 96.9844436646, -2.11555695534, 81.4932861328, 98.0059509277], [536.374389648, 1204.5748291, -29.8282241821, -67.5154571533, 53.3399772644, 1.69680702686, -52.1479034424, -30.7144260406, -8.37238407135, -21.9334335327, -10.3021230698, 6.89552783966, 10.935426712], [-913.478210449, -29.8282241821, 716.432312012, 46.4805412292, 79.5453338623, 76.8172531128, -23.2716522217, 35.0697898865, -24.3472671509, -22.6280441284, 10.7965049744, -22.676612854, -46.9707870483], [-8.17672634125, -67.5154571533, 46.4805412292, 262.995452881, 11.679391861, 44.4324455261, 54.08959198, 9.9661359787, 8.32606887817, 23.077299118, 10.6960067749, -7.44870519638, -5.12551784515], [-182.647460938, 53.3399772644, 79.5453338623, 11.679391861, 154.023300171, 43.1416549683, 30.1543312073, 35.1113395691, 16.8933486938, 19.8865680695, 14.4923772812, 3.58929157257, 9.26167011261], [-143.565444946, 1.69680702686, 76.8172531128, 44.4324455261, 43.1416549683, 150.967376709, 43.1044807434, 22.4848632812, 20.5340480804, 5.15321063995, 9.81318664551, 2.96627378464, -6.50771093369], [42.7499389648, -52.1479034424, -23.2716522217, 54.08959198, 30.1543312073, 43.1044807434, 150.564498901, 49.1736106873, 25.9445991516, 42.1586074829, 4.21571063995, -1.00064766407, 9.64487361908], [-41.5410423279, -30.7144260406, 35.0697898865, 9.9661359787, 35.1113395691, 22.4848632812, 49.1736106873, 111.442085266, 51.2300567627, 16.9938240051, 13.9518041611, 10.0764522552, 10.8524341583], [53.514755249, -8.37238407135, -24.3472671509, 8.32606887817, 16.8933486938, 20.5340480804, 25.9445991516, 51.2300567627, 101.75844574, 44.2819671631, 13.6897506714, 15.9195928574, 1.07924699783], [96.9844436646, -21.9334335327, -22.6280441284, 23.077299118, 19.8865680695, 5.15321063995, 42.1586074829, 16.9938240051, 44.2819671631, 119.265579224, 53.4775314331, 13.2226209641, 2.59785413742], [-2.11555695534, -10.3021230698, 10.7965049744, 10.6960067749, 14.4923772812, 9.81318664551, 4.21571063995, 13.9518041611, 13.6897506714, 53.4775314331, 94.8823471069, 41.2535171509, 0.539405107498], [81.4932861328, 6.89552783966, -22.676612854, -7.44870519638, 3.58929157257, 2.96627378464, -1.00064766407, 10.0764522552, 15.9195928574, 13.2226209641, 41.2535171509, 117.46975708, 69.9255371094], [98.0059509277, 10.935426712, -46.9707870483, -5.12551784515, 9.26167011261, -6.50771093369, 9.64487361908, 10.8524341583, 1.07924699783, 2.59785413742, 0.539405107498, 69.9255371094, 138.630905151]],
        "icov": [[0.000177800146048, -8.82004242158e-05, 0.000195695611183, -5.41594490642e-05, 0.000158517010277, 5.41032277397e-05, -2.23455899686e-05, -5.15420542797e-05, 1.91846484086e-05, -0.00016260096163, 8.87068817974e-05, -9.84711296041e-05, -4.67602922072e-06], [-8.82004242158e-05, 0.000926471489947, -1.97637164092e-05, 0.00019809587684, -0.000533898710273, -0.000111887202365, 0.000285023124889, 0.000287055037916, -8.39889253257e-05, 0.000170505460119, 2.68242420134e-05, 1.41822856676e-05, -3.17839549098e-05], [0.000195695611183, -1.97637164092e-05, 0.00195752433501, -0.000347952678567, -0.000600927218329, -0.000739984447137, 0.000878864608239, -0.00108251348138, 0.0010511764558, -0.00019635996432, 0.000144957826706, -0.00018953109975, 0.000633132061921], [-5.41594490642e-05, 0.00019809587684, -0.000347952678567, 0.00437252642587, 0.000178825182957, -0.000861451087985, -0.00142836302985, 0.000623310334049, -0.000130009721033, -0.000190950988326, -0.000493705971166, 0.000509951962158, -0.000186082557775], [0.000158517010277, -0.000533898710273, -0.000600927218329, 0.000178825182957, 0.0083347177133, -0.00151902483776, -0.000701167911757, -0.0017132825451, 0.000125930702779, -0.0010679034749, -0.000522698450368, 0.000628057401627, -0.00100790243596], [5.41032277397e-05, -0.000111887202365, -0.000739984447137, -0.000861451087985, -0.00151902483776, 0.00863846112043, -0.00251141237095, 0.000956533302087, -0.00212256400846, 0.00193717214279, -0.0011958386749, -0.000258022337221, 0.000409869564464], [-2.23455899686e-05, 0.000285023124889, 0.000878864608239, -0.00142836302985, -0.000701167911757, -0.00251141237095, 0.0105783017352, -0.00470754830167, 0.00222049234435, -0.00444742990658, 0.00291817076504, -0.000117037678137, -8.64699977683e-05], [-5.15420542797e-05, 0.000287055037916, -0.00108251348138, 0.000623310334049, -0.0017132825451, 0.000956533302087, -0.00470754830167, 0.0153721105307, -0.00817146152258, 0.00396003155038, -0.00348576973192, 0.001466077636, -0.00178295269143], [1.91846484086e-05, -8.39889253257e-05, 0.0010511764558, -0.000130009721033, 0.000125930702779, -0.00212256400846, 0.00222049234435, -0.00817146152258, 0.0171756912023, -0.00736834853888, 0.00441186781973, -0.00359220895916, 0.00252067483962], [-0.00016260096163, 0.000170505460119, -0.00019635996432, -0.000190950988326, -0.0010679034749, 0.00193717214279, -0.00444742990658, 0.00396003155038, -0.00736834853888, 0.0165770109743, -0.0100941890851, 0.00335975992493, -0.00171906186733], [8.87068817974e-05, 2.68242420134e-05, 0.000144957826706, -0.000493705971166, -0.000522698450368, -0.0011958386749, 0.00291817076504, -0.00348576973192, 0.00441186781973, -0.0100941890851, 0.0200910121202, -0.0089576235041, 0.00460954150185], [-9.84711296041e-05, 1.41822856676e-05, -0.00018953109975, 0.000509951962158, 0.000628057401627, -0.000258022337221, -0.000117037678137, 0.001466077636, -0.00359220895916, 0.00335975992493, -0.0089576235041, 0.016824638471, -0.00862406566739], [-4.67602922072e-06, -3.17839549098e-05, 0.000633132061921, -0.000186082557775, -0.00100790243596, 0.000409869564464, -8.64699977683e-05, -0.00178295269143, 0.00252067483962, -0.00171906186733, 0.00460954150185, -0.00862406566739, 0.0120036564767]]
    },
    "spectral_contrast_coeffs": {
        "mean": [-0.721461236477, -0.718857288361, -0.726838648319, -0.795894443989, -0.795132517815, -0.806548714638],
        "stdev": [0.0785202980042, 0.0977618992329, 0.0881166532636, 0.0615566968918, 0.0604355670512, 0.0377284251153]
    },
    "spectral_contrast_valleys": {
        "mean": [-6.9257349968, -6.83002567291, -7.89810037613, -8.62936782837, -8.87369918823, -11.1837825775],
        "stdev": [1.96104109287, 1.97667622566, 1.91430175304, 1.87770783901, 1.89188611507, 1.69930553436]
    }
},
"rhythm": {
    "beats_count": 825,
    "beats_loudness": {
        "mean": 0.0313182547688,
        "stdev": 0.0212705563754
    },
    "bpm": 100.912208557,
    "bpm_histogram_first_peak_bpm": 101,
    "bpm_histogram_first_peak_weight": 0.547393381596,
    "bpm_histogram_second_peak_bpm": 167,
    "bpm_histogram_second_peak_spread": 0,
    "bpm_histogram_second_peak_weight": 0.139563113451,
    "danceability": 1.21028232574,
    "onset_rate": 5.18220901489,
    "beats_loudness_band_ratio": {
        "mean": [0.328098416328, 0.261242628098, 0.305530846119, 0.113513089716, 0.0193953029811, 0.0130395321175],
        "stdev": [0.253476649523, 0.220938980579, 0.240706533194, 0.139986813068, 0.0243681129068, 0.0224713347852]
    },
    "beats_position": [0.336689323187, 0.696598649025, 1.06811785698, 1.45124709606, 1.84598636627, 2.22911548615, 2.62385487556, 3.00698399544, 3.3785033226, 3.73841261864, 4.12154197693, 4.51628112793, 4.8994102478, 5.28253936768, 5.66566896439, 6.03718805313, 6.40870714188, 6.78022670746, 7.16335582733, 7.55809497833, 7.94122457504, 8.31274318695, 8.6958732605, 9.0906124115, 9.4853515625, 9.89170074463, 10.4025392532, 10.8901586533, 11.3777770996, 11.8653964996, 12.4691152573, 13.0612239838, 13.6533327103, 14.2454423904, 14.8375511169, 15.4412698746, 16.0333786011, 16.637096405, 17.2640361786, 17.8793640137, 18.4714736938, 19.0635814667, 19.667301178, 20.2594108582, 20.851518631, 21.4552383423, 22.0589561462, 22.6626758575, 23.2780036926, 23.8933334351, 24.5086612701, 25.1472110748, 25.7509288788, 26.3546485901, 26.958366394, 27.5504760742, 28.142583847, 28.7230834961, 29.3268013, 29.9305210114, 30.5342407227, 31.1379585266, 31.7416782379, 32.3453979492, 32.960723877, 33.5760536194, 34.1797714233, 34.783493042, 35.3872108459, 35.9909286499, 36.5830383301, 37.1751480103, 37.7672538757, 38.3709754944, 38.9630813599, 39.5668029785, 40.1589126587, 40.7626304626, 41.3663482666, 41.9700660706, 42.5737876892, 43.1658935547, 43.7580032349, 44.350112915, 44.953830719, 45.5575485229, 46.1380500793, 46.718547821, 47.2990455627, 47.7750549316, 48.2394561768, 48.7154655457, 49.0753746033, 49.4352836609, 49.7951927185, 50.1551017761, 50.5150108337, 50.8749198914, 51.234828949, 51.5947380066, 51.9430389404, 52.302947998, 52.6628570557, 53.0227661133, 53.3826751709, 53.7425842285, 54.1024932861, 54.45079422, 54.7990913391, 55.1590003967, 55.5189094543, 55.878818512, 56.2387275696, 56.5986366272, 56.946937561, 57.3068466187, 57.6667556763, 58.0266647339, 58.39818573, 58.7697029114, 59.1412239075, 59.5127410889, 59.884262085, 60.2557830811, 60.6273002625, 60.9988212585, 61.3703384399, 61.7534675598, 62.1482086182, 62.6242179871, 63.1118354797, 63.5994529724, 64.1915664673, 64.7836685181, 65.3641738892, 65.9446716309, 66.536781311, 67.1172790527, 67.7093887329, 68.3014984131, 68.9052124023, 69.5205459595, 70.1358718872, 70.7395935059, 71.3316955566, 71.9122009277, 72.5043106079, 73.0964126587, 73.6769180298, 74.2690200806, 74.8611297607, 75.4416275024, 76.0453491211, 76.6490707397, 77.2643966675, 77.8913345337, 78.5066680908, 79.1103820801, 79.7141036987, 80.3062133789, 80.8983230591, 81.5020370483, 82.0941467285, 82.6746444702, 83.2667541504, 83.8472518921, 84.4393615723, 85.019859314, 85.6119689941, 86.1924667358, 86.784576416, 87.3766860962, 87.9687957764, 88.5492935181, 89.1414031982, 89.7335128784, 90.3256225586, 90.9061203003, 91.4982299805, 92.0903396606, 92.6824493408, 93.274559021, 93.8666687012, 94.4703826904, 95.0973205566, 95.7358703613, 96.3511962891, 96.9665298462, 97.5818557739, 98.1855773926, 98.7776870728, 99.381401062, 99.9851226807, 100.588844299, 101.192558289, 101.796279907, 102.400001526, 103.003715515, 103.595825195, 104.199546814, 104.791656494, 105.395370483, 106.010704041, 106.626029968, 107.229751587, 107.833465576, 108.425575256, 109.017684937, 109.598182678, 110.17868042, 110.782402039, 111.374511719, 111.978225708, 112.593559265, 113.197273254, 113.800994873, 114.404716492, 115.020042419, 115.646980286, 116.157821655, 116.657051086, 117.156280518, 117.539405823, 117.910926819, 118.270835876, 118.630744934, 119.00226593, 119.373786926, 119.756912231, 120.128433228, 120.488342285, 120.848251343, 121.2081604, 121.568069458, 121.927978516, 122.299499512, 122.682624817, 123.07736969, 123.460494995, 123.832015991, 124.191925049, 124.551834106, 124.911743164, 125.271652222, 125.654785156, 126.0495224, 126.432647705, 126.804168701, 127.15246582, 127.500770569, 127.860679626, 128.220581055, 128.580490112, 128.94039917, 129.300308228, 129.660217285, 130.008529663, 130.368438721, 130.728347778, 131.204345703, 131.680358887, 132.260864258, 132.84135437, 133.43347168, 134.02557373, 134.62928772, 135.221405029, 135.81350708, 136.40562439, 136.99772644, 137.578231812, 138.158721924, 138.727615356, 139.319732666, 139.911834717, 140.503936768, 141.096054077, 141.688156128, 142.280273438, 142.872375488, 143.464492798, 144.04498291, 144.63710022, 145.229202271, 145.82131958, 146.401809692, 146.982315063, 147.562805176, 148.154922485, 148.747024536, 149.339141846, 149.931243896, 150.511749268, 151.09223938, 151.684356689, 152.27645874, 152.856964111, 153.460678101, 154.06439209, 154.679718018, 155.306671143, 155.910385132, 156.502487183, 157.106216431, 157.698318481, 158.290420532, 158.905761719, 159.49786377, 160.101577759, 160.693695068, 161.285797119, 161.877914429, 162.458404541, 163.050521851, 163.631011963, 164.211517334, 164.792022705, 165.372512817, 165.953018188, 166.533508301, 167.137237549, 167.717727661, 168.298233032, 168.890335083, 169.482452393, 170.062942505, 170.643447876, 171.235549927, 171.816055298, 172.39654541, 172.98866272, 173.569152832, 174.149658203, 174.741760254, 175.333877563, 175.914367676, 176.494873047, 177.075378418, 177.667480469, 178.25958252, 178.840087891, 179.420593262, 180.001083374, 180.581588745, 181.173690796, 181.765808105, 182.357910156, 182.961624146, 183.576965332, 184.19229126, 184.807617188, 185.422943115, 186.026657104, 186.641998291, 187.24571228, 187.826202393, 188.418319702, 189.010421753, 189.614151001, 190.21786499, 190.821578979, 191.436920166, 192.040634155, 192.632736206, 193.224853516, 193.805343628, 194.397460938, 194.97795105, 195.570068359, 196.16217041, 196.765899658, 197.369613647, 197.973327637, 198.577041626, 199.180770874, 199.784484863, 200.388198853, 200.991928101, 201.59564209, 202.210968018, 202.826293945, 203.430023193, 204.033737183, 204.625839233, 205.217956543, 205.810058594, 206.402175903, 206.994277954, 207.586395264, 208.178497314, 208.770614624, 209.374328613, 209.966430664, 210.546936035, 211.022949219, 211.498947144, 211.974960327, 212.439361572, 212.915374756, 213.391372681, 213.855773926, 214.204071045, 214.552383423, 214.900680542, 215.248977661, 215.59727478, 215.957183838, 216.317092896, 216.665390015, 217.025299072, 217.38520813, 217.756729126, 218.139862061, 218.511383057, 218.871292114, 219.219589233, 219.567886353, 219.92779541, 220.287704468, 220.659225464, 221.03074646, 221.425476074, 221.785385132, 222.145309448, 222.516815186, 222.89994812, 223.271469116, 223.631378174, 223.991287231, 224.351196289, 224.711105347, 225.071014404, 225.4425354, 225.814056396, 226.185577393, 226.557098389, 226.917007446, 227.276916504, 227.6484375, 228.008346558, 228.379852295, 228.762985229, 229.134506226, 229.482803345, 229.842712402, 230.20262146, 230.562530518, 230.922439575, 231.30557251, 231.711929321, 232.083435059, 232.454956055, 232.803268433, 233.151565552, 233.615966797, 234.080352783, 234.544754028, 235.136871338, 235.71736145, 236.297866821, 236.878356934, 237.470474243, 238.050964355, 238.643081665, 239.235183716, 239.827301025, 240.407791138, 240.999908447, 241.58039856, 242.172515869, 242.76461792, 243.345123291, 243.937225342, 244.529342651, 245.121444702, 245.725158691, 246.317276001, 246.92098999, 247.524719238, 248.128433228, 248.720535278, 249.301040649, 249.8931427, 250.48526001, 251.077362061, 251.66947937, 252.261581421, 252.842086792, 253.422576904, 254.003082275, 254.583572388, 255.164077759, 255.75617981, 256.348297119, 256.92880249, 257.520904541, 258.113006592, 258.71673584, 259.308837891, 259.900939941, 260.504669189, 261.09677124, 261.688873291, 262.292602539, 262.896331787, 263.500030518, 264.115356445, 264.730712891, 265.357635498, 265.961364746, 266.565063477, 267.157196045, 267.760894775, 268.364624023, 268.968353271, 269.583679199, 270.199005127, 270.814331055, 271.441253662, 272.05657959, 272.660308838, 273.264038086, 273.867736816, 274.471466064, 275.063568115, 275.655700684, 276.247802734, 276.839904785, 277.432006836, 278.012512207, 278.593017578, 279.185119629, 279.77722168, 280.36932373, 280.961456299, 281.55355835, 282.134063721, 282.726165771, 283.318267822, 283.910369873, 284.502502441, 285.094604492, 285.675109863, 286.267211914, 286.859313965, 287.439819336, 288.020324707, 288.612426758, 289.204528809, 289.78503418, 290.38873291, 290.980865479, 291.572967529, 292.1534729, 292.733947754, 293.326080322, 293.918182373, 294.533508301, 295.160461426, 295.775787354, 296.367889404, 296.959991455, 297.552093506, 298.144226074, 298.736328125, 299.328430176, 299.908935547, 300.489440918, 301.081542969, 301.66204834, 302.161254883, 302.648895264, 303.12487793, 303.484802246, 303.833099365, 304.181396484, 304.529693604, 304.877990723, 305.226287842, 305.586212158, 305.946105957, 306.32925415, 306.712371826, 307.083892822, 307.432189941, 307.803710938, 308.175231934, 308.53515625, 308.883453369, 309.243347168, 309.638092041, 310.044433594, 310.427581787, 310.799072266, 311.158996582, 311.542114258, 311.925262451, 312.308380127, 312.679901123, 313.051422119, 313.399719238, 313.748016357, 314.107940674, 314.467834473, 314.827758789, 315.303771973, 315.791381836, 316.26739502, 316.85949707, 317.451599121, 318.055328369, 318.6590271, 319.251159668, 319.843261719, 320.43536377, 321.02746582, 321.619598389, 322.211700439, 322.80380249, 323.395904541, 323.988006592, 324.58013916, 325.195465088, 325.799163818, 326.402893066, 326.994995117, 327.587127686, 328.179229736, 328.771331787, 329.375061035, 329.978759766, 330.594085693, 331.197814941, 331.789916992, 332.382049561, 332.974151611, 333.554656982, 334.135131836, 334.715637207, 335.296142578, 335.888244629, 336.48034668, 337.072479248, 337.664581299, 338.25668335, 338.860412598, 339.464111328, 340.079437256, 340.590301514, 341.06628418, 341.542297363, 342.006713867, 342.482727051, 342.958709717, 343.457946777, 343.957183838, 344.444793701, 344.909210205, 345.373596191, 345.849609375, 346.337219238, 346.813232422, 347.277648926, 347.742034912, 348.218048096, 348.682434082, 349.158447266, 349.634460449, 350.110473633, 350.586486816, 351.07409668, 351.561706543, 352.049346924, 352.548553467, 353.036193848, 353.500579834, 353.976593018, 354.452606201, 354.928619385, 355.404632568, 355.892242432, 356.379852295, 356.867462158, 357.355102539, 357.842712402, 358.214233398, 358.562530518, 358.922454834, 359.270751953, 359.630645752, 359.978942871, 360.338867188, 360.698760986, 361.058685303, 361.418579102, 361.790100098, 362.150024414, 362.509918213, 362.881439209, 363.264587402, 363.647705078, 364.019226074, 364.379119873, 364.739044189, 365.087341309, 365.435638428, 365.783935547, 366.132232666, 366.468933105, 366.817230225, 367.165527344, 367.502227783, 367.850524902, 368.198822021, 368.547119141, 368.872192383, 369.185668945, 369.510742188, 369.83581543, 370.172515869, 370.520812988, 370.869110107, 371.19418335, 371.542480469, 371.890777588, 372.239074707, 372.575775146, 372.912475586, 373.260772705, 373.609069824, 373.957366943, 374.317260742, 374.677185059, 375.025482178, 375.385375977, 375.756896973, 376.116821289, 376.476715088, 376.836639404, 377.184936523, 377.533233643, 377.881530762, 378.229827881, 378.578125, 378.926422119, 379.263122559, 379.611419678, 379.971343994, 380.319641113, 380.667938232, 381.016235352, 381.352905273, 381.689605713, 382.049530029, 382.409423828, 382.757720947, 383.106018066, 383.477539062, 383.837463379, 384.197357178, 384.545654297, 384.893951416, 385.242248535, 385.590545654, 385.938873291, 386.28717041, 386.635467529, 386.983764648, 387.332061768, 387.680358887, 388.040252686, 388.388549805, 388.748474121, 389.09677124, 389.468292236, 389.828216553, 390.188110352, 390.548034668, 390.907928467, 391.267852783, 391.627746582, 391.987670898, 392.347564697, 392.707489014, 393.067382812, 393.438903809, 393.810424805, 394.181945801, 394.553466797, 394.913360596, 395.273284912, 395.633178711, 395.993103027, 396.364624023, 396.747741699, 397.107666016, 397.467559814, 397.827484131, 398.17578125, 398.535675049, 398.895599365, 399.267120361, 399.638641357, 400.010162354, 400.38168335, 400.753204346, 401.124694824, 401.507843018, 401.890960693, 402.285705566, 402.680450439, 403.051971436, 403.423492432, 403.806610107, 404.189758301, 404.561248779, 404.932769775, 405.304290771, 405.687438965, 406.070556641, 406.453674316, 406.83682251, 407.219940186, 407.603088379, 407.986206055],
