{
"metadata": {
    "version": {
        "essentia": "2.1-dev",
        "essentia_git_sha": "v2.1_beta3-415-gd5473f3",
        "extractor": "music 2.0"
    },
    "audio_properties": {
        "analysis": {
            "equal_loudness": 0,
            "length": 169.299591064,
            "sample_rate": 44100,
            "start_time": 0,
            "downmix": "mix"
        },
        "bit_rate": 192000,
        "length": 169.299591064,
        "lossless": 0,
        "number_channels": 2,
        "replay_gain": -4.1307926178,
        "sample_rate": 44100,
        "codec": "mp3",
        "md5_encoded": "801f6c6a6b8877f2a546d12643100a29"
    },
    "tags": {
        "file_name": "eje_thelins_kvintett-our_love_is_here_to_stay.mp3",
        "album": ["Svensk Jazzhistoria Vol 8 "],
        "artist": ["Eje Thelins Kvintett"],
        "date": ["2002"],
        "genre": ["Jazz"],
        "title": ["Our Love is Here to Stay "]
    }
},
"lowlevel": {
    "average_loudness": 0.64987051487,
    "barkbands_crest": {
        "mean": 10.9348945618,
        "stdev": 4.99593019485
    },
    "barkbands_flatness_db": {
        "mean": 0.1637237221,
        "stdev": 0.0562391839921
    },
    "barkbands_kurtosis": {
        "mean": 12.0506954193,
        "stdev": 41.3684425354
    },
    "barkbands_skewness": {
        "mean": 1.99690425396,
        "stdev": 2.44834852219
    },
    "barkbands_spread": {
        "mean": 17.715461731,
        "stdev": 12.0556507111
    },
    "dissonance": {
        "mean": 0.42934563756,
        "stdev": 0.0509935356677
    },
    "dynamic_complexity": 5.53949165344,
    "erbbands_crest": {
        "mean": 9.24083042145,
        "stdev": 4.02960205078
    },
    "erbbands_flatness_db": {
        "mean": 0.157383278012,
        "stdev": 0.0570419728756
    },
    "erbbands_kurtosis": {
        "mean": 1.77030205727,
        "stdev": 2.39572429657
    },
    "erbbands_skewness": {
        "mean": 0.601053118706,
        "stdev": 0.744302153587
    },
    "erbbands_spread": {
        "mean": 41.9788665771,
        "stdev": 35.1955566406
    },
    "hfc": {
        "mean": 14.2788324356,
        "stdev": 23.2883853912
    },
    "loudness_ebu128": {
        "integrated": -21.313211441,
        "loudness_range": 7.48161888123,
        "momentary": {
            "mean": -25.577495575,
            "stdev": 23.3159408569
        },
        "short_term": {
            "mean": -22.4984264374,
            "stdev": 4.85469818115
        }
    },
    "melbands_crest": {
        "mean": 15.1363248825,
        "stdev": 6.44019603729
    },
    "melbands_flatness_db": {
        "mean": 0.229545027018,
        "stdev": 0.0697378367186
    },
    "melbands_kurtosis": {
        "mean": 49.2856330872,
        "stdev": 406.973693848
    },
    "melbands_skewness": {
        "mean": 3.54983687401,
        "stdev": 4.77731657028
    },
    "melbands_spread": {
        "mean": 18.6873130798,
        "stdev": 16.5308055878
    },
    "pitch_salience": {
        "mean": 0.550746023655,
        "stdev": 0.167081937194
    },
    "silence_rate_20dB": {
        "mean": 1,
        "stdev": 0
    },
    "silence_rate_30dB": {
        "mean": 0.992869853973,
        "stdev": 0.0841360911727
    },
    "silence_rate_60dB": {
        "mean": 0.133964076638,
        "stdev": 0.340610295534
    },
    "spectral_centroid": {
        "mean": 1147.39648438,
        "stdev": 1151.26916504
    },
    "spectral_complexity": {
        "mean": 9.52420139313,
        "stdev": 6.06837272644
    },
    "spectral_decrease": {
        "mean": -4.8780814943e-09,
        "stdev": 5.1348676422e-09
    },
    "spectral_energy": {
        "mean": 0.0197061244398,
        "stdev": 0.0212953966111
    },
    "spectral_energyband_high": {
        "mean": 0.000261648499873,
        "stdev": 0.000679487478919
    },
    "spectral_energyband_low": {
        "mean": 0.00632825912908,
        "stdev": 0.00654641678557
    },
    "spectral_energyband_middle_high": {
        "mean": 0.00698450952768,
        "stdev": 0.0134729417041
    },
    "spectral_energyband_middle_low": {
        "mean": 0.00679882057011,
        "stdev": 0.00843390636146
    },
    "spectral_entropy": {
        "mean": 7.43829631805,
        "stdev": 0.564058840275
    },
    "spectral_flux": {
        "mean": 0.0520850382745,
        "stdev": 0.0352611728013
    },
    "spectral_kurtosis": {
        "mean": 4.48526573181,
        "stdev": 4.90187835693
    },
    "spectral_rms": {
        "mean": 0.00384030700661,
        "stdev": 0.00211604125798
    },
    "spectral_rolloff": {
        "mean": 1138.16113281,
        "stdev": 2091.78076172
    },
    "spectral_skewness": {
        "mean": 1.70344626904,
        "stdev": 0.683596670628
    },
    "spectral_spread": {
        "mean": 5995900.5,
        "stdev": 4057485
    },
    "spectral_strongpeak": {
        "mean": 0.959506750107,
        "stdev": 1.49001419544
    },
    "zerocrossingrate": {
        "mean": 0.0533905737102,
        "stdev": 0.0535359121859
    },
    "barkbands": {
        "mean": [0.000434917310486, 0.00418119737878, 0.00158044917043, 0.000390488858102, 0.00106196117122, 0.000875572965015, 0.00109848217107, 0.000713320390787, 0.0017269467935, 0.00227471254766, 0.00134638114832, 0.00113082071766, 0.000986087718047, 0.000450631050626, 0.000562601024285, 0.000253352947766, 0.000183537136763, 0.000104141428892, 6.67328567943e-05, 4.89772028232e-05, 5.16747313668e-05, 4.06736653531e-05, 3.8889618736e-05, 6.21456056251e-05, 3.28722890117e-05, 8.39436052047e-06, 2.1965180963e-07],
        "stdev": [0.000635843200143, 0.0055591580458, 0.00269344658591, 0.000661671743728, 0.00214179069735, 0.0015098429285, 0.00285997986794, 0.00192008004524, 0.00395842827857, 0.00541300792247, 0.00443649385124, 0.00252535101026, 0.0026014635805, 0.00122772995383, 0.00169877847657, 0.00085916579701, 0.000722282740753, 0.000392916874262, 0.00032339344034, 0.000260586268269, 0.000204625015613, 0.0001558688964, 7.45617580833e-05, 9.4352173619e-05, 5.72840217501e-05, 2.09020472539e-05, 1.16344222079e-06]
    },
    "erbbands": {
        "mean": [0.0936391875148, 1.03791677952, 2.03548908234, 1.60811662674, 1.69127118587, 4.70087528229, 4.47212123871, 8.28363895416, 14.1218595505, 15.6171360016, 18.2737808228, 45.5969390869, 62.3154067993, 68.6638717651, 49.6169242859, 51.2980880737, 44.3165893555, 31.7304096222, 32.1800765991, 18.7130966187, 12.5166435242, 9.25645065308, 6.91773080826, 3.87868332863, 2.84218668938, 2.31462717056, 2.07551884651, 2.05124902725, 1.38992917538, 1.4705094099, 1.02437186241, 1.34017896652, 0.884551763535, 0.475998908281, 0.184373810887, 0.0558417215943, 0.0115573834628, 0.00138359330595, 4.61507370346e-05, 2.49069998972e-05],
        "stdev": [0.138886764646, 1.33849799633, 2.80391311646, 2.38389325142, 2.70568203926, 11.4015407562, 6.42594099045, 16.2416801453, 33.5545310974, 42.1083450317, 42.5443229675, 105.215377808, 157.47694397, 197.650665283, 133.461700439, 116.658851624, 113.807495117, 70.7608108521, 95.1201171875, 54.7901535034, 41.6734008789, 36.2807922363, 25.4885921478, 18.5697345734, 13.8714437485, 11.2043876648, 10.4699354172, 7.60970306396, 5.97150278091, 3.02404665947, 2.04196953773, 2.10765743256, 1.44384527206, 0.819615423679, 0.331245958805, 0.129952207208, 0.0293137803674, 0.00426098098978, 0.000150065185153, 2.72502911685e-05]
    },
    "gfcc": {
        "mean": [-66.5994415283, 93.9035110474, -101.133666992, 29.1345825195, -63.6706390381, 36.7634048462, -34.3552970886, 15.3714942932, -19.7216415405, 3.72724556923, -12.0755252838, -1.75521826744, -6.37306451797],
        "cov": [[24296.1542969, 2482.875, -3012.14746094, -1171.42089844, -1301.52307129, 740.383178711, -581.967041016, 93.4211349487, -408.552856445, 39.1654167175, -148.806442261, 24.1597042084, -4.50999689102], [2482.875, 1139.34143066, -696.432250977, -652.629760742, -82.3888397217, 49.6440620422, 12.6263389587, -83.3209152222, 11.1113100052, -91.5287780762, 54.8458404541, -60.9391670227, 57.1743278503], [-3012.14746094, -696.432250977, 1508.61254883, 979.657592773, 5.73727321625, -28.939666748, 27.3624248505, 97.1248321533, 9.74394035339, 52.9745750427, -72.6391067505, -31.4415111542, -100.655342102], [-1171.42089844, -652.629760742, 979.657592773, 1238.48925781, 52.4054985046, -61.861656189, -68.3923721313, 114.40045929, 19.5160255432, 26.646982193, -54.7623291016, -57.7233543396, -72.9619674683], [-1301.52307129, -82.3888397217, 5.73727321625, 52.4054985046, 340.522521973, -19.7223892212, 56.7719726562, -7.2979722023, 61.7007141113, -12.4806528091, 29.7669372559, 5.52827787399, 20.9193763733], [740.383178711, 49.6440620422, -28.939666748, -61.861656189, -19.7223892212, 204.451568604, 52.8449325562, 44.8755073547, -13.3903417587, 16.6063137054, 1.85725224018, 14.1479854584, 1.13033378124], [-581.967041016, 12.6263389587, 27.3624248505, -68.3923721313, 56.7719726562, 52.8449325562, 131.966064453, 22.5782222748, 21.7926616669, 1.97846603394, 20.4509773254, 7.56503009796, 11.795381546], [93.4211349487, -83.3209152222, 97.1248321533, 114.40045929, -7.2979722023, 44.8755073547, 22.5782222748, 86.1534805298, 19.4459075928, 24.2606887817, 1.8188931942, 7.66653251648, -6.80353736877], [-408.552856445, 11.1113100052, 9.74394035339, 19.5160255432, 61.7007141113, -13.3903417587, 21.7926616669, 19.4459075928, 73.8248062134, 11.7783927917, 28.054485321, -2.33283209801, 12.1919355392], [39.1654167175, -91.5287780762, 52.9745750427, 26.646982193, -12.4806528091, 16.6063137054, 1.97846603394, 24.2606887817, 11.7783927917, 60.9420013428, 11.8878450394, 24.6128253937, -1.5031491518], [-148.806442261, 54.8458404541, -72.6391067505, -54.7623291016, 29.7669372559, 1.85725224018, 20.4509773254, 1.8188931942, 28.054485321, 11.8878450394, 68.3148651123, 24.3379917145, 33.5054092407], [24.1597042084, -60.9391670227, -31.4415111542, -57.7233543396, 5.52827787399, 14.1479854584, 7.56503009796, 7.66653251648, -2.33283209801, 24.6128253937, 24.3379917145, 61.4446754456, 24.6937847137], [-4.50999689102, 57.1743278503, -100.655342102, -72.9619674683, 20.9193763733, 1.13033378124, 11.795381546, -6.80353736877, 12.1919355392, -1.5031491518, 33.5054092407, 24.6937847137, 59.535861969]],
        "icov": [[0.000216975269723, -0.00056513590971, 0.000567235576455, -0.00049538561143, 0.00041439360939, -0.000592508644331, 0.000568748160731, -0.000373746821424, 0.000522453163285, -0.000780502858106, 0.000863763154484, -0.000909920199774, 0.000385918479878], [-0.00056513590971, 0.00352547876537, -0.00125821470283, 0.00212203641422, -0.00045324061648, 0.000805647228844, -0.0010287547484, 0.00123102439102, -0.00210604583845, 0.0039289323613, -0.00411958480254, 0.00566544383764, -0.00196760916151], [0.000567235576455, -0.00125821470283, 0.00322546740063, -0.00264201499522, 0.00152878183872, -0.00144952523988, -7.49871469452e-05, -0.000135632028105, 0.000901434686966, -0.00257784803398, 0.00302105280571, -0.0031372953672, 0.00230774679221], [-0.00049538561143, 0.00212203641422, -0.00264201499522, 0.00386393885128, -0.00151335413102, 0.00149367388804, 0.000978661584668, -0.00188720144797, -0.000654268893413, 0.0026211545337, -0.00332098267972, 0.00549865560606, -0.00192456657533], [0.00041439360939, -0.00045324061648, 0.00152878183872, -0.00151335413102, 0.00514981662855, -0.00133107276633, -0.000812388723716, 0.00149822083768, -0.00297891092487, 0.000644907529932, 0.00140509463381, -0.00270593725145, 0.000702506047674], [-0.000592508644331, 0.000805647228844, -0.00144952523988, 0.00149367388804, -0.00133107276633, 0.00872651766986, -0.00407842313871, -0.00318943080492, 0.0019233020721, 0.000190098406165, -0.00163565389812, 0.00169651163742, -0.000865364272613], [0.000568748160731, -0.0010287547484, -7.49871469452e-05, 0.000978661584668, -0.000812388723716, -0.00407842313871, 0.0135142933577, -0.0044558676891, 0.000505584117491, 3.63639337593e-05, -0.000693397771101, -6.61286276227e-06, -0.000429827341577], [-0.000373746821424, 0.00123102439102, -0.000135632028105, -0.00188720144797, 0.00149822083768, -0.00318943080492, -0.0044558676891, 0.0214557964355, -0.00815068930387, -0.00170309457462, 0.000534559541848, -0.00242376700044, 0.00144680286758], [0.000522453163285, -0.00210604583845, 0.000901434686966, -0.000654268893413, -0.00297891092487, 0.0019233020721, 0.000505584117491, -0.00815068930387, 0.0254952013493, -0.00797242019325, -0.00556784961373, 0.00541061162949, -0.00177008588798], [-0.000780502858106, 0.0039289323613, -0.00257784803398, 0.0026211545337, 0.000644907529932, 0.000190098406165, 3.63639337593e-05, -0.00170309457462, -0.00797242019325, 0.0298306886107, -0.0074414908886, -0.00518283480778, 0.00331308832392], [0.000863763154484, -0.00411958480254, 0.00302105280571, -0.00332098267972, 0.00140509463381, -0.00163565389812, -0.000693397771101, 0.000534559541848, -0.00556784961373, -0.0074414908886, 0.0313674807549, -0.0127214062959, -0.00662899296731], [-0.000909920199774, 0.00566544383764, -0.0031372953672, 0.00549865560606, -0.00270593725145, 0.00169651163742, -6.61286276227e-06, -0.00242376700044, 0.00541061162949, -0.00518283480778, -0.0127214062959, 0.0387468971312, -0.0135828359053], [0.000385918479878, -0.00196760916151, 0.00230774679221, -0.00192456657533, 0.000702506047674, -0.000865364272613, -0.000429827341577, 0.00144680286758, -0.00177008588798, 0.00331308832392, -0.00662899296731, -0.0135828359053, 0.0300890784711]]
    },
    "melbands": {
        "mean": [0.00108434061985, 0.00121682882309, 0.000272156059509, 0.000232566395425, 0.000169830062077, 0.000184068077942, 0.000226014570217, 0.00016483393847, 0.000145982892718, 0.000299910781905, 0.00030836253427, 0.000277549552266, 0.000153882167069, 0.000147108599776, 9.56879448495e-05, 0.000104048318462, 5.23136513948e-05, 5.02777002112e-05, 3.43293795595e-05, 2.17911183427e-05, 1.28709170895e-05, 1.07649584606e-05, 6.80871926306e-06, 4.80400285596e-06, 3.01649743051e-06, 2.17345564124e-06, 1.69761779034e-06, 1.51360336531e-06, 1.33591004214e-06, 1.04654816369e-06, 1.29784348246e-06, 7.69410519297e-07, 7.74815021032e-07, 8.39959341192e-07, 4.98357223933e-07, 8.4453040472e-07, 7.59144938911e-07, 5.90467095662e-07, 6.09206381341e-07, 3.27251427734e-07],
        "stdev": [0.00149851816241, 0.0012906244956, 0.00035586024751, 0.000542373687495, 0.000241924397415, 0.000355442229193, 0.000538798456546, 0.000430606829468, 0.000346760381944, 0.00072465982521, 0.000794393708929, 0.000803788017947, 0.000435028399806, 0.000310163683025, 0.000249010161497, 0.000288191193249, 0.000133885318064, 0.000148416074808, 0.000110654618766, 7.19924792065e-05, 4.57271708001e-05, 4.26482438343e-05, 2.61638815573e-05, 1.94198055397e-05, 1.50469822984e-05, 1.08169233499e-05, 8.71960583027e-06, 7.36377478461e-06, 7.13525651008e-06, 5.28393229615e-06, 4.21465074396e-06, 4.12124882132e-06, 1.93537016457e-06, 1.58163845754e-06, 1.23297411392e-06, 1.20282334137e-06, 1.31732952013e-06, 1.05089600311e-06, 8.83694497134e-07, 6.27248255114e-07]
    },
    "melbands128": {
        "mean": [0.000296561978757, 0.000537802116014, 0.00162741774693, 0.00174500886351, 0.00123958359472, 0.000681700534187, 0.000337618170306, 0.000151998843648, 0.000132973160362, 0.000224662944674, 0.000358758261427, 0.000171446808963, 0.000148072533193, 0.000120602446259, 0.000191382860066, 0.000206232361961, 0.000212340106373, 0.000226706382819, 0.000289907795377, 0.000149045983562, 0.000138666568091, 0.000134752190206, 0.000160865485668, 0.000131757784402, 0.000272714969469, 0.000441802345449, 0.000174293614691, 0.000417340925196, 0.000224928924581, 0.000331485440256, 0.000305680267047, 0.000172409534571, 7.6284079114e-05, 0.000249286909821, 9.4196650025e-05, 0.000153178407345, 0.000171652980498, 6.32088122074e-05, 8.10119090602e-05, 9.72777415882e-05, 0.000141537835589, 6.39282152406e-05, 3.70160560124e-05, 6.63323371555e-05, 2.8784845199e-05, 5.68853611185e-05, 6.36336844764e-05, 3.60912454198e-05, 2.00101803784e-05, 2.12525046663e-05, 2.54599708569e-05, 2.07982029679e-05, 9.13721851248e-06, 1.25025708257e-05, 1.4109867152e-05, 1.15341526907e-05, 6.1789173742e-06, 7.04496687831e-06, 6.43745352136e-06, 8.29500822874e-06, 4.41476004198e-06, 2.74690091828e-06, 3.15450802191e-06, 3.63611275134e-06, 1.69087331869e-06, 2.29781653616e-06, 2.37833023675e-06, 1.65572237165e-06, 1.70984822034e-06, 1.4833071873e-06, 1.42703163419e-06, 1.66518839251e-06, 1.3566304915e-06, 1.18719776765e-06, 1.48934623212e-06, 9.68816152636e-07, 8.28517272566e-07, 1.20393997349e-06, 1.61587570346e-06, 1.09111942947e-06, 8.63274806306e-07, 5.78671972562e-07, 6.25521295206e-07, 8.65527397309e-07, 8.16402689452e-07, 8.58133091697e-07, 9.71248823589e-07, 5.61697447665e-07, 4.22169165404e-07, 4.12450702925e-07, 6.84791530148e-07, 9.92651280285e-07, 1.16657281524e-06, 6.91184141033e-07, 5.96243296513e-07, 5.26292240011e-07, 5.73827719563e-07, 6.67891697503e-07, 7.10116182745e-07, 5.34716207312e-07, 4.1960248609e-07, 2.41662377221e-07, 2.86284887352e-07, 2.6661496122e-07, 1.94083114025e-07, 1.74024719968e-07, 1.38007393957e-07, 1.30982755309e-07, 8.56221760159e-08, 6.43562287905e-08, 5.53212124998e-08, 4.09013978242e-08, 3.21933733005e-08, 2.45464963911e-08, 2.13316688757e-08, 1.35516016186e-08, 7.57989315758e-09, 1.4612565602e-09, 3.1242114451e-10, 7.67535202062e-11, 4.71221915654e-11, 3.59380407378e-11, 2.52254085675e-11, 1.00286974905e-11, 3.10781608781e-12, 2.87352129938e-12, 2.85607106541e-12, 2.83130181626e-12],
        "stdev": [0.000409109255997, 0.000820716144517, 0.00269740330987, 0.0021399508696, 0.0015621666098, 0.00116282771342, 0.000577730941586, 0.000220592090045, 0.000238413180341, 0.000615080876742, 0.00105872028507, 0.000294096797006, 0.000277336395811, 0.000223305949476, 0.000480801973026, 0.000570606731344, 0.000732940738089, 0.000717883231118, 0.00107008568011, 0.000535244878847, 0.000607820693403, 0.000428046361776, 0.00051779311616, 0.000410543434555, 0.00071545119863, 0.00137857184745, 0.000634510302916, 0.00147679436486, 0.000677938980516, 0.00114530057181, 0.0012817250099, 0.000917256693356, 0.000338468584232, 0.000969603890553, 0.000339098187396, 0.000425794511102, 0.000593777280301, 0.000282072956907, 0.000408374791732, 0.000383342703572, 0.000513889768627, 0.000271260825684, 0.000146704274812, 0.000250448152656, 0.000121856181067, 0.000228219098062, 0.000275756086921, 0.000204573880183, 8.55349862832e-05, 0.000103647333162, 0.000109734050056, 9.07568028197e-05, 5.58766805625e-05, 7.03585756128e-05, 6.18957274128e-05, 6.33354502497e-05, 3.83322658308e-05, 3.92648144043e-05, 2.51954770647e-05, 3.29705471813e-05, 2.42851438088e-05, 1.95451684704e-05, 1.54345489136e-05, 2.17669603444e-05, 9.53926610237e-06, 1.37726901812e-05, 1.18834805107e-05, 8.32768728287e-06, 1.16969931696e-05, 6.80928405927e-06, 7.69594134908e-06, 7.46900468584e-06, 1.06229917947e-05, 5.72455837755e-06, 8.6157451733e-06, 5.1295578487e-06, 5.40098017154e-06, 4.59370767203e-06, 3.83176120522e-06, 4.55340432381e-06, 6.24436097496e-06, 3.5640432543e-06, 1.94547601495e-06, 2.01128636945e-06, 2.06068784792e-06, 1.68303290593e-06, 1.72300462964e-06, 1.60574290931e-06, 1.32358138671e-06, 9.53930680225e-07, 1.12129032459e-06, 1.46917022903e-06, 1.61043465141e-06, 1.60216734457e-06, 1.27872908706e-06, 9.93936851046e-07, 1.18997638765e-06, 1.13184137263e-06, 9.43843588175e-07, 8.85493761871e-07, 9.8587759112e-07, 5.24796917034e-07, 5.34389926088e-07, 4.80613039144e-07, 3.7399686903e-07, 3.69636751429e-07, 3.20066163795e-07, 3.46927492956e-07, 2.19090082965e-07, 1.70073235495e-07, 1.63919011698e-07, 1.32150162813e-07, 8.07841971096e-08, 6.66735786581e-08, 6.00828826691e-08, 4.88015459155e-08, 3.36426495551e-08, 1.23357501991e-08, 8.31258972767e-09, 1.87458315537e-09, 1.46974254989e-09, 1.57042134852e-09, 1.18269882776e-09, 4.38879516063e-10, 1.72073327809e-11, 5.93296288834e-12, 5.87759615284e-12, 5.84492437089e-12]
    },
    "mfcc": {
        "mean": [-702.538696289, 118.685394287, 21.5132255554, 5.0461435318, 7.49885463715, 12.2912435532, 5.81788873672, 7.96413898468, 4.0264210701, 6.92439651489, 1.24319243431, 2.67906832695, -2.63142800331],
        "cov": [[11067.625, 2055.09716797, -1212.39013672, -1319.57128906, -408.619506836, 6.8920340538, -82.0167236328, -56.8220062256, -74.0448760986, -133.646820068, -115.988182068, 30.7314052582, -71.0704116821], [2055.09716797, 1527.48376465, -685.545349121, -734.261291504, -206.099777222, -30.5376777649, -20.5455055237, -6.26617670059, -44.1836585999, -32.9578018188, -43.3566627502, -12.4357318878, -29.1173439026], [-1212.39013672, -685.545349121, 1405.12023926, 726.882202148, 124.026390076, 67.1515731812, 60.8920783997, 43.5333137512, 44.0707397461, 86.9379119873, 64.4976730347, 20.9897060394, -16.2184143066], [-1319.57128906, -734.261291504, 726.882202148, 900.684509277, 283.713134766, 25.2038078308, 3.85998129845, 18.6694335938, 37.8907966614, 67.7495269775, 33.967792511, -4.25892734528, 12.9845991135], [-408.619506836, -206.099777222, 124.026390076, 283.713134766, 244.616836548, 54.9582366943, 10.8619432449, 27.1938877106, 25.1045970917, 29.8011741638, 11.2700090408, -3.13761091232, 17.1422481537], [6.8920340538, -30.5376777649, 67.1515731812, 25.2038078308, 54.9582366943, 102.550636292, 59.3469772339, 33.2753181458, 23.9711322784, 12.4183607101, 7.21517944336, 8.16287899017, 2.02383732796], [-82.0167236328, -20.5455055237, 60.8920783997, 3.85998129845, 10.8619432449, 59.3469772339, 99.5079574585, 50.2197532654, 25.5735492706, 13.3015556335, 10.8417367935, 10.8031597137, 5.01573419571], [-56.8220062256, -6.26617670059, 43.5333137512, 18.6694335938, 27.1938877106, 33.2753181458, 50.2197532654, 72.3060531616, 31.7166786194, 19.9376029968, 12.838139534, 9.27002716064, 6.55465221405], [-74.0448760986, -44.1836585999, 44.0707397461, 37.8907966614, 25.1045970917, 23.9711322784, 25.5735492706, 31.7166786194, 52.9019241333, 26.4733467102, 12.3588228226, 5.8166847229, 5.62255144119], [-133.646820068, -32.9578018188, 86.9379119873, 67.7495269775, 29.8011741638, 12.4183607101, 13.3015556335, 19.9376029968, 26.4733467102, 56.2610435486, 25.5808391571, 10.9978981018, 6.21602582932], [-115.988182068, -43.3566627502, 64.4976730347, 33.967792511, 11.2700090408, 7.21517944336, 10.8417367935, 12.838139534, 12.3588228226, 25.5808391571, 47.3670387268, 20.0389652252, 5.04293727875], [30.7314052582, -12.4357318878, 20.9897060394, -4.25892734528, -3.13761091232, 8.16287899017, 10.8031597137, 9.27002716064, 5.8166847229, 10.9978981018, 20.0389652252, 42.2452774048, 21.0404090881], [-71.0704116821, -29.1173439026, -16.2184143066, 12.9845991135, 17.1422481537, 2.02383732796, 5.01573419571, 6.55465221405, 5.62255144119, 6.21602582932, 5.04293727875, 21.0404090881, 49.9940643311]],
        "icov": [[0.000131160952151, -0.000140278149047, 1.6309268176e-05, 3.44744476024e-05, 5.17297266924e-05, -0.000189888392924, 0.000185363081982, 1.23004347188e-05, -0.000103196791315, 0.00013384455815, 0.000206169308512, -0.000369116751244, 0.00020034595218], [-0.000140278149047, 0.00131871667691, 0.000125279912027, 0.00085908069741, -0.000143243305502, 0.000212238068343, 5.41410081496e-05, -0.000596749130636, 0.000973358051851, -0.00136519502848, 0.000510768266395, 0.000387189764297, 0.000345276115695], [1.6309268176e-05, 0.000125279912027, 0.00160078064073, -0.00151649559848, 0.00138382334262, -0.00115370133426, -0.000101897450804, -0.000390535045881, 0.000543013855349, -0.000880861014593, -0.000481006805785, -0.000596634927206, 0.000991028966382], [3.44744476024e-05, 0.00085908069741, -0.00151649559848, 0.00430548330769, -0.00387254264206, 0.00227321079001, -0.000259297463344, 0.00069803383667, -0.000134708505357, -0.00129555875901, 0.000772935687564, 0.000616576464381, -5.17550688528e-05], [5.17297266924e-05, -0.000143243305502, 0.00138382334262, -0.00387254264206, 0.00975032430142, -0.00638731988147, 0.00342710316181, -0.00281453295611, 0.00062130211154, -0.00113918725401, -0.000751413463149, 0.00232792249881, -0.00244684051722], [-0.000189888392924, 0.000212238068343, -0.00115370133426, 0.00227321079001, -0.00638731988147, 0.0198354739696, -0.0108220567927, 0.00185558805242, -0.00327157997526, 0.000763581658248, 0.00139701704029, -0.00250222533941, 0.00230376259424], [0.000185363081982, 5.41410081496e-05, -0.000101897450804, -0.000259297463344, 0.00342710316181, -0.0108220567927, 0.0221786424518, -0.0113373994827, -0.000206045180676, 0.000770409707911, -0.000428239465691, -0.000399881449994, -0.00100748427212], [1.23004347188e-05, -0.000596749130636, -0.000390535045881, 0.00069803383667, -0.00281453295611, 0.00185558805242, -0.0113373994827, 0.0269115362316, -0.0099525116384, -0.000831096840557, -0.00122021068819, -0.00118070479948, -0.000296372629236], [-0.000103196791315, 0.000973358051851, 0.000543013855349, -0.000134708505357, 0.00062130211154, -0.00327157997526, -0.000206045180676, -0.0099525116384, 0.0322966724634, -0.012045616284, 0.000419853837229, 0.00206568138674, -0.0011699636234], [0.00013384455815, -0.00136519502848, -0.000880861014593, -0.00129555875901, -0.00113918725401, 0.000763581658248, 0.000770409707911, -0.000831096840557, -0.012045616284, 0.0323976166546, -0.0125457765535, -0.000608936592471, -0.00131442735437], [0.000206169308512, 0.000510768266395, -0.000481006805785, 0.000772935687564, -0.000751413463149, 0.00139701704029, -0.000428239465691, -0.00122021068819, 0.000419853837229, -0.0125457765535, 0.0353773124516, -0.0158121865243, 0.00523662986234], [-0.000369116751244, 0.000387189764297, -0.000596634927206, 0.000616576464381, 0.00232792249881, -0.00250222533941, -0.000399881449994, -0.00118070479948, 0.00206568138674, -0.000608936592471, -0.0158121865243, 0.041325815022, -0.0171088352799], [0.00020034595218, 0.000345276115695, 0.000991028966382, -5.17550688528e-05, -0.00244684051722, 0.00230376259424, -0.00100748427212, -0.000296372629236, -0.0011699636234, -0.00131442735437, 0.00523662986234, -0.0171088352799, 0.0286760535091]]
    },
    "spectral_contrast_coeffs": {
        "mean": [-0.733633220196, -0.70987868309, -0.687202751637, -0.759985506535, -0.801985561848, -0.798223733902],
        "stdev": [0.0716067329049, 0.103136360645, 0.126782283187, 0.0904640853405, 0.0477072745562, 0.0316781327128]
    },
    "spectral_contrast_valleys": {
        "mean": [-7.39192962646, -7.86347579956, -8.59893894196, -8.85636234283, -8.82363033295, -10.6698827744],
        "stdev": [2.32680058479, 2.32255864143, 2.28139877319, 2.19201540947, 2.13469934464, 1.99229311943]
    }
},
"rhythm": {
    "beats_count": 268,
    "beats_loudness": {
        "mean": 0.0294976383448,
        "stdev": 0.0255457181484
    },
    "bpm": 93.4513549805,
    "bpm_histogram_first_peak_bpm": 94,
    "bpm_histogram_first_peak_weight": 0.515283823013,
    "bpm_histogram_second_peak_bpm": 133,
    "bpm_histogram_second_peak_spread": 0.411764740944,
    "bpm_histogram_second_peak_weight": 0.0374531820416,
    "danceability": 1.14365649223,
    "onset_rate": 4.25230550766,
    "beats_loudness_band_ratio": {
        "mean": [0.462776422501, 0.102793395519, 0.179151281714, 0.197301417589, 0.047522906214, 0.0421973727643],
        "stdev": [0.304528623819, 0.0906376615167, 0.144735619426, 0.182697579265, 0.0618410520256, 0.0606660842896]
    },
    "beats_position": [0.673378646374, 1.35836732388, 2.04335594177, 2.71673464775, 3.39011335373, 4.07510185242, 4.76009082794, 5.45668935776, 6.15328788757, 6.84988641739, 7.5464849472, 8.23147392273, 8.90485286713, 9.56662082672, 10.22838974, 10.866938591, 11.505487442, 12.144036293, 12.7709751129, 13.3979139328, 14.0248527527, 14.6517915726, 15.301949501, 15.9521083832, 16.5906581879, 17.2292060852, 17.8793640137, 18.5295238495, 19.179681778, 19.8298416138, 20.4799995422, 21.1301574707, 21.7687072754, 22.430475235, 23.0806350708, 23.7307929993, 24.3809528351, 25.0311107635, 25.681268692, 26.3314285278, 26.9815864563, 27.620136261, 28.2819042206, 28.932062149, 29.5822219849, 30.2323799133, 30.8825397491, 31.5443077087, 32.1944656372, 32.8446235657, 33.4831733704, 34.121723175, 34.7486610413, 35.3872108459, 36.0257606506, 36.6643066406, 37.3144645691, 37.9530143738, 38.5915641785, 39.2417221069, 39.8802719116, 40.5420417786, 41.2154197693, 41.88879776, 42.550567627, 43.2123336792, 43.8741035461, 44.5358734131, 45.1860313416, 45.8245811462, 46.4631271362, 47.1132888794, 47.7634468079, 48.4019927979, 49.0405426025, 49.690700531, 50.3292503357, 50.9678001404, 51.6063499451, 52.2448959351, 52.871837616, 53.4987754822, 54.1373214722, 54.7758712769, 55.4028091431, 56.0413589478, 56.6799087524, 57.3184585571, 57.9570045471, 58.5955543518, 59.2341041565, 59.8726501465, 60.5111999512, 61.1497497559, 61.7766876221, 62.4152374268, 63.042175293, 63.6807250977, 64.3192749023, 64.957824707, 65.5963668823, 66.2233123779, 66.8502502441, 67.4771881104, 68.115737915, 68.7542877197, 69.4044418335, 70.0429916382, 70.6815414429, 71.3084793091, 71.9354171753, 72.5623550415, 73.2009048462, 73.8394546509, 74.489616394, 75.1397705078, 75.7783203125, 76.4168701172, 77.0554199219, 77.6939697266, 78.3209075928, 78.9594573975, 79.5979995728, 80.2249450684, 80.8634872437, 81.5020370483, 82.1173706055, 82.7443084717, 83.3712463379, 83.9981842041, 84.6251220703, 85.263671875, 85.9022216797, 86.5407714844, 87.1793212891, 87.8178634644, 88.456413269, 89.1065750122, 89.7451248169, 90.3952789307, 91.0338287354, 91.67237854, 92.3109283447, 92.9378662109, 93.5648040771, 94.2033538818, 94.8419036865, 95.4804534912, 96.1190032959, 96.7691574097, 97.4077072144, 98.0578689575, 98.6964187622, 99.3349609375, 99.9619064331, 100.600448608, 101.238998413, 101.877548218, 102.504486084, 103.143035889, 103.781585693, 104.420135498, 105.047073364, 105.685623169, 106.324172974, 106.962722778, 107.601264954, 108.22820282, 108.866752625, 109.505302429, 110.143852234, 110.782402039, 111.409339905, 112.036277771, 112.674827576, 113.31337738, 113.940315247, 114.567253113, 115.205802917, 115.844352722, 116.482902527, 117.121452332, 117.759994507, 118.398544312, 119.025482178, 119.664031982, 120.302581787, 120.941131592, 121.568069458, 122.206619263, 122.856781006, 123.50693512, 124.157096863, 124.807250977, 125.445800781, 126.084350586, 126.711288452, 127.338226318, 127.976776123, 128.615325928, 129.265487671, 129.915649414, 130.565795898, 131.204345703, 131.842895508, 132.481445312, 133.119995117, 133.77015686, 134.420318604, 135.070480347, 135.720626831, 136.370788574, 137.009338379, 137.647888184, 138.298049927, 138.94821167, 139.586761475, 140.225296021, 140.863845825, 141.50239563, 142.129333496, 142.814331055, 143.499313354, 144.149475098, 144.799636841, 145.461410522, 146.123168945, 146.773330688, 147.43510437, 148.096862793, 148.758636475, 149.408798218, 150.070556641, 150.720718384, 151.382492065, 152.032653809, 152.682815552, 153.321365356, 153.971511841, 154.621673584, 155.271835327, 155.933609009, 156.583755493, 157.233917236, 157.884078979, 158.534240723, 159.010253906, 159.486251831, 159.962265015, 160.415054321, 160.879455566, 161.343856812, 161.796646118, 162.249435425, 162.690612793, 163.1434021, 163.584579468, 164.014144897, 164.443710327, 164.908111572, 165.360900879, 165.813690186, 166.266479492, 166.719268799, 167.160446167, 167.601623535, 168.054412842, 168.507202148],
    "bpm_histogram": [0, 0, 0, 0, 0, 0, 0, 0, 0, 0, 0, 0, 0, 0, 0, 0, 0, 0, 0, 0, 0, 0, 0, 0, 0, 0, 0, 0, 0, 0, 0, 0, 0, 0, 0, 0, 0, 0, 0, 0, 0, 0, 0, 0, 0, 0, 0, 0, 0, 0, 0, 0, 0, 0, 0, 0, 0, 0, 0, 0, 0, 0, 0, 0, 0, 0, 0, 0, 0, 0, 0, 0, 0, 0, 0, 0, 0, 0, 0, 0, 0, 0, 0, 0, 0, 0, 0.0149812735617, 0, 0.0262172278017, 0.0187265910208, 0, 0.0674157291651, 0.232209742069, 0, 0.415730327368, 0, 0.138576775789, 0, 0.00374531839043, 0, 0, 0, 0, 0, 0, 0, 0, 0, 0, 0, 0, 0, 0, 0, 0, 0, 0, 0, 0, 0, 0, 0, 0, 0, 0, 0, 0.0112359551713, 0, 0, 0.0112359551713, 0, 0, 0, 0.0374531820416, 0, 0, 0.0149812735617, 0, 0, 0, 0.00749063678086, 0, 0, 0, 0, 0, 0, 0, 0, 0, 0, 0, 0, 0, 0, 0, 0, 0, 0, 0, 0, 0, 0, 0, 0, 0, 0, 0, 0, 0, 0, 0, 0, 0, 0, 0, 0, 0, 0, 0, 0, 0, 0, 0, 0, 0, 0, 0, 0, 0, 0, 0, 0, 0, 0, 0, 0, 0, 0, 0, 0, 0, 0, 0, 0, 0, 0, 0, 0, 0, 0, 0, 0, 0, 0, 0, 0, 0, 0, 0, 0, 0, 0, 0, 0, 0, 0, 0, 0, 0, 0, 0, 0, 0, 0, 0, 0, 0, 0, 0, 0, 0, 0, 0, 0, 0, 0, 0, 0, 0]
},
"tonal": {
    "chords_changes_rate": 0.0899369344115,
    "chords_number_rate": 0.00438716774806,
    "chords_strength": {
        "mean": 0.483531832695,
        "stdev": 0.118522755802
    },
    "hpcp_crest": {
        "mean": 15.2806339264,
        "stdev": 7.78122091293
    },
    "hpcp_entropy": {
        "mean": 1.74324607849,
        "stdev": 0.751563310623
    },
    "key_edma": {
        "strength": 0.812684834003,
        "key": "A#",
        "scale": "major"
    },
    "key_krumhansl": {
        "strength": 0.812161326408,
        "key": "A#",
        "scale": "major"
    },
    "key_temperley": {
        "strength": 0.809677541256,
        "key": "A#",
        "scale": "major"
    },
    "tuning_diatonic_strength": 0.662524402142,
    "tuning_equal_tempered_deviation": 0.0298847984523,
    "tuning_frequency": 441.782684326,
    "tuning_nontempered_energy_ratio": 0.740865468979,
    "hpcp": {
        "mean": [0.178505241871, 0.114456415176, 0.139706850052, 0.202728971839, 0.129936113954, 0.0582965277135, 0.0641992166638, 0.060276761651, 0.122493930161, 0.175925791264, 0.113250926137, 0.0714425966144, 0.0768237784505, 0.0794394463301, 0.148390009999, 0.202583298087, 0.121878303587, 0.0735109969974, 0.0968721210957, 0.0659886151552, 0.0560702048242, 0.0797713249922, 0.11443349719, 0.226164996624, 0.256484985352, 0.124892249703, 0.0506583750248, 0.0511377193034, 0.052021112293, 0.135331943631, 0.201315999031, 0.125563964248, 0.056077465415, 0.0499333888292, 0.0604270361364, 0.142100319266],
        "stdev": [0.289256572723, 0.221529394388, 0.250136822462, 0.323063910007, 0.232159018517, 0.148626208305, 0.170976415277, 0.152652710676, 0.234925851226, 0.291591376066, 0.203013822436, 0.188445448875, 0.199640154839, 0.194874122739, 0.259423315525, 0.322564423084, 0.234361842275, 0.168543532491, 0.223986878991, 0.166889443994, 0.144260421395, 0.192269146442, 0.199996352196, 0.296608418226, 0.33268609643, 0.225634902716, 0.129679754376, 0.144176900387, 0.144432514906, 0.263165831566, 0.335178762674, 0.241509884596, 0.148384794593, 0.152225390077, 0.161204308271, 0.252984583378]
    },
    "chords_histogram": [26.4601039886, 16.8905944824, 10.0630655289, 1.04195225239, 5.70331764221, 2.27584314346, 2.08390450478, 0.109679184854, 0.877433478832, 2.13874411583, 4.05812978745, 3.23553609848, 1.45324921608, 0, 0, 0.191938579082, 0.301617771387, 3.12585687637, 0.85001373291, 2.1113243103, 0.0822593942285, 6.19687414169, 3.59199333191, 7.15656709671],
    "thpcp": [1, 0.486937850714, 0.197510093451, 0.199378997087, 0.202823221684, 0.52764081955, 0.784903645515, 0.489556789398, 0.218638390303, 0.194683477283, 0.235596776009, 0.554029762745, 0.695967614651, 0.446249961853, 0.54469794035, 0.790412604809, 0.506603181362, 0.227290213108, 0.250303983688, 0.235010877252, 0.477587133646, 0.685910701752, 0.441549926996, 0.278544932604, 0.299525439739, 0.309723585844, 0.578552424908, 0.789844691753, 0.475186884403, 0.286609351635, 0.377691209316, 0.257280617952, 0.218610092998, 0.311017513275, 0.446160614491, 0.881786525249],
    "chords_key": "A#",
    "chords_scale": "major"
}
}