{
"metadata": {
    "version": {
        "essentia": "2.1-dev",
        "essentia_git_sha": "v2.1_beta3-415-gd5473f3",
        "extractor": "music 2.0"
    },
    "audio_properties": {
        "analysis": {
            "equal_loudness": 0,
            "length": 334.785308838,
            "sample_rate": 44100,
            "start_time": 0,
            "downmix": "mix"
        },
        "bit_rate": 192000,
        "length": 334.785308838,
        "lossless": 0,
        "number_channels": 2,
        "replay_gain": -4.94544792175,
        "sample_rate": 44100,
        "codec": "mp3",
        "md5_encoded": "ac3c696015c9feafc0a3222b373d4ec5"
    },
    "tags": {
        "file_name": "eric_le_lann-unkown_tower_just.mp3",
        "album": ["Acoustic Quartet"],
        "artist": ["Eric le Lann"],
        "date": ["1995"],
        "genre": ["Other"],
        "title": ["unkown tower"]
    }
},
"lowlevel": {
    "average_loudness": 0.589335501194,
    "barkbands_crest": {
        "mean": 13.1728582382,
        "stdev": 4.96236896515
    },
    "barkbands_flatness_db": {
        "mean": 0.177596256137,
        "stdev": 0.0572772994637
    },
    "barkbands_kurtosis": {
        "mean": 12.5970802307,
        "stdev": 25.3410301208
    },
    "barkbands_skewness": {
        "mean": 2.39683508873,
        "stdev": 2.05337142944
    },
    "barkbands_spread": {
        "mean": 14.192937851,
        "stdev": 9.36803245544
    },
    "dissonance": {
        "mean": 0.449290841818,
        "stdev": 0.0367358140647
    },
    "dynamic_complexity": 3.61141300201,
    "erbbands_crest": {
        "mean": 11.1784105301,
        "stdev": 5.68155908585
    },
    "erbbands_flatness_db": {
        "mean": 0.153131037951,
        "stdev": 0.0645591393113
    },
    "erbbands_kurtosis": {
        "mean": 1.05629825592,
        "stdev": 2.92032837868
    },
    "erbbands_skewness": {
        "mean": 0.572968304157,
        "stdev": 0.690263748169
    },
    "erbbands_spread": {
        "mean": 36.4855270386,
        "stdev": 21.8356361389
    },
    "hfc": {
        "mean": 14.3858633041,
        "stdev": 20.0855121613
    },
    "loudness_ebu128": {
        "integrated": -18.429189682,
        "loudness_range": 6.64105796814,
        "momentary": {
            "mean": -19.5704784393,
            "stdev": 3.60716223717
        },
        "short_term": {
            "mean": -19.113576889,
            "stdev": 2.51794457436
        }
    },
    "melbands_crest": {
        "mean": 16.3339729309,
        "stdev": 5.28819894791
    },
    "melbands_flatness_db": {
        "mean": 0.265962362289,
        "stdev": 0.0680649206042
    },
    "melbands_kurtosis": {
        "mean": 28.4324321747,
        "stdev": 47.5746536255
    },
    "melbands_skewness": {
        "mean": 3.32405233383,
        "stdev": 2.51327729225
    },
    "melbands_spread": {
        "mean": 13.7308683395,
        "stdev": 11.2596101761
    },
    "pitch_salience": {
        "mean": 0.472499102354,
        "stdev": 0.137909188867
    },
    "silence_rate_20dB": {
        "mean": 0.999930620193,
        "stdev": 0.00832741800696
    },
    "silence_rate_30dB": {
        "mean": 0.9812053442,
        "stdev": 0.135798931122
    },
    "silence_rate_60dB": {
        "mean": 0.0615854077041,
        "stdev": 0.240388944745
    },
    "spectral_centroid": {
        "mean": 863.334533691,
        "stdev": 513.12322998
    },
    "spectral_complexity": {
        "mean": 11.0261459351,
        "stdev": 6.34577178955
    },
    "spectral_decrease": {
        "mean": -7.10501302237e-09,
        "stdev": 6.99639990387e-09
    },
    "spectral_energy": {
        "mean": 0.0281208343804,
        "stdev": 0.0276120603085
    },
    "spectral_energyband_high": {
        "mean": 0.000310780276777,
        "stdev": 0.000609549693763
    },
    "spectral_energyband_low": {
        "mean": 0.0141298593953,
        "stdev": 0.0199537817389
    },
    "spectral_energyband_middle_high": {
        "mean": 0.00525032775477,
        "stdev": 0.00996836647391
    },
    "spectral_energyband_middle_low": {
        "mean": 0.00891906023026,
        "stdev": 0.0104486225173
    },
    "spectral_entropy": {
        "mean": 7.25647163391,
        "stdev": 0.512095332146
    },
    "spectral_flux": {
        "mean": 0.0743497386575,
        "stdev": 0.0503319054842
    },
    "spectral_kurtosis": {
        "mean": 6.69819545746,
        "stdev": 5.42270088196
    },
    "spectral_rms": {
        "mean": 0.0047086654231,
        "stdev": 0.00229419837706
    },
    "spectral_rolloff": {
        "mean": 770.583129883,
        "stdev": 955.430786133
    },
    "spectral_skewness": {
        "mean": 1.99275243282,
        "stdev": 0.567016124725
    },
    "spectral_spread": {
        "mean": 4997408,
        "stdev": 2184370.75
    },
    "spectral_strongpeak": {
        "mean": 0.909658491611,
        "stdev": 1.43827772141
    },
    "zerocrossingrate": {
        "mean": 0.039779227227,
        "stdev": 0.0267015844584
    },
    "barkbands": {
        "mean": [5.3592149925e-05, 0.0109648667276, 0.00291342032142, 0.000664770195726, 0.00389294419438, 0.00123481859919, 0.00109893386252, 0.000813503633253, 0.000710417982191, 0.00127404963132, 0.000920044898521, 0.000684367492795, 0.000756955123506, 0.000591038377024, 0.000459583214251, 0.000246985466219, 0.00022399322188, 0.000115430273581, 0.000149923449499, 8.199212607e-05, 5.62815584999e-05, 3.98328302254e-05, 3.40542137565e-05, 2.79665619018e-05, 2.88331157208e-05, 4.04589991376e-05, 4.17179544456e-05],
        "stdev": [8.43166853883e-05, 0.0149099435657, 0.00755363190547, 0.00169276958331, 0.00598376011476, 0.00259283953346, 0.00280107161961, 0.00239457841963, 0.0022651697509, 0.0038265590556, 0.00318361539394, 0.00226591783576, 0.00315981823951, 0.00210792967118, 0.00171315320767, 0.000841468805447, 0.000809154240415, 0.000411492015701, 0.000467897654744, 0.000211851336644, 0.000141851589433, 8.01788555691e-05, 5.97927573835e-05, 5.13534687343e-05, 5.98736660322e-05, 0.000104118902527, 0.000176877452759]
    },
    "erbbands": {
        "mean": [0.230740517378, 2.72505021095, 4.45736265182, 2.09730505943, 6.86232280731, 15.4386720657, 10.3906021118, 11.9996318817, 13.3114595413, 20.8751564026, 15.6518707275, 17.7376728058, 34.9906845093, 31.7291030884, 39.6644744873, 32.2662239075, 34.8512954712, 31.3649806976, 27.8922290802, 19.4871387482, 12.4858722687, 11.4630088806, 8.09010601044, 7.39503574371, 6.19888353348, 3.94527006149, 2.97634100914, 1.7855578661, 1.45804095268, 1.06009805202, 1.02071750164, 0.615625083447, 0.458645731211, 0.308629602194, 0.216724082828, 0.133586883545, 0.0785609856248, 0.0361716933548, 0.00776417553425, 0.000375107687432],
        "stdev": [0.322731256485, 3.82581925392, 9.9748134613, 4.04291629791, 13.5987262726, 24.1128463745, 18.7801856995, 28.898267746, 29.134103775, 56.959274292, 40.4682884216, 57.2517051697, 98.1489639282, 109.272583008, 132.594940186, 109.374305725, 129.338287354, 93.7418136597, 99.8051376343, 65.4206695557, 35.5542373657, 41.647769928, 27.2440643311, 22.5117778778, 23.2331676483, 11.1818113327, 7.79460191727, 4.11231422424, 2.77086019516, 2.02614665031, 1.80480527878, 1.1283301115, 0.8866751194, 0.637354016304, 0.464546233416, 0.313061743975, 0.207800686359, 0.118037104607, 0.0351999774575, 0.00165268289857]
    },
    "gfcc": {
        "mean": [-32.0437240601, 99.1584472656, -89.6594848633, 21.7124996185, -41.8318824768, 16.2852191925, -30.9841060638, 6.83376502991, -21.5762729645, 7.27213048935, -12.3669958115, 4.27573299408, -10.7600412369],
        "cov": [[7392.42285156, -1412.3034668, 71.8225784302, 112.259307861, 142.641174316, -78.2551269531, 6.26457691193, 55.3807220459, -181.921615601, 51.2537536621, -238.073013306, 132.585784912, -97.5587692261], [-1412.3034668, 1318.6920166, -543.880187988, -146.055908203, -11.9093046188, 20.482416153, -30.621471405, -80.4416351318, 52.9732971191, -34.2298049927, 147.072525024, -67.0297317505, 73.318901062], [71.8225784302, -543.880187988, 1482.36096191, 339.948791504, 91.1728210449, 76.974357605, 40.4390258789, 22.7374572754, -55.1120491028, -10.2165517807, -85.0062103271, 74.5731048584, -21.0719127655], [112.259307861, -146.055908203, 339.948791504, 435.858551025, 64.0040740967, 54.753944397, 19.729839325, 80.0539627075, -43.5216293335, 7.89156007767, -69.0834960938, 5.22199726105, -11.3747262955], [142.641174316, -11.9093046188, 91.1728210449, 64.0040740967, 196.82321167, 66.2480392456, 64.4933700562, 24.6947746277, 37.9444236755, 12.0087089539, 20.294467926, 0.578420758247, -2.39218640327], [-78.2551269531, 20.482416153, 76.974357605, 54.753944397, 66.2480392456, 154.265945435, 60.2506866455, 55.4523048401, 1.8853867054, 10.2930574417, 0.443705916405, 28.6827125549, 5.09208488464], [6.26457691193, -30.621471405, 40.4390258789, 19.729839325, 64.4933700562, 60.2506866455, 145.280334473, 65.2295455933, 30.069185257, -24.2063770294, 1.14385259151, 1.81227254868, 26.7338848114], [55.3807220459, -80.4416351318, 22.7374572754, 80.0539627075, 24.6947746277, 55.4523048401, 65.2295455933, 133.60005188, 30.403219223, 17.4140148163, -32.25522995, 10.1234178543, -5.6094379425], [-181.921615601, 52.9732971191, -55.1120491028, -43.5216293335, 37.9444236755, 1.8853867054, 30.069185257, 30.403219223, 118.697013855, 50.1743431091, 43.629322052, -27.3255844116, -12.1562805176], [51.2537536621, -34.2298049927, -10.2165517807, 7.89156007767, 12.0087089539, 10.2930574417, -24.2063770294, 17.4140148163, 50.1743431091, 106.721084595, 45.7744255066, 8.94901657104, -41.1946792603], [-238.073013306, 147.072525024, -85.0062103271, -69.0834960938, 20.294467926, 0.443705916405, 1.14385259151, -32.25522995, 43.629322052, 45.7744255066, 116.644248962, 25.6986274719, 2.5331261158], [132.585784912, -67.0297317505, 74.5731048584, 5.22199726105, 0.578420758247, 28.6827125549, 1.81227254868, 10.1234178543, -27.3255844116, 8.94901657104, 25.6986274719, 94.5846710205, 31.2725982666], [-97.5587692261, 73.318901062, -21.0719127655, -11.3747262955, -2.39218640327, 5.09208488464, 26.7338848114, -5.6094379425, -12.1562805176, -41.1946792603, 2.5331261158, 31.2725982666, 93.2387466431]],
        "icov": [[0.000212969869608, 0.000150479478179, 0.000118427138659, 3.85821331292e-05, -0.00035174167715, 0.0002950502967, -0.000237181797274, 0.000205841075513, 0.000285660818918, -0.000407240266213, 0.000634454889223, -0.000510489859153, 0.000202530151], [0.000150479478179, 0.00156674999744, 0.000378851749701, -0.000140504489536, -2.8942422432e-05, -0.00103564723395, 0.00120053288992, -0.000253416597843, 0.000174727625563, 0.00118523382116, -0.00248806341551, 0.00199207384139, -0.00136385683436], [0.000118427138659, 0.000378851749701, 0.00113984930795, -0.0008338689222, -0.000236284526181, -0.000204144758754, -0.000500249734614, 0.0013680823613, -0.000659448327497, 0.000230885125347, 0.00100739987101, -0.00154797604773, 0.000720565498341], [3.85821331292e-05, -0.000140504489536, -0.0008338689222, 0.00399993453175, -0.00148075690959, 0.000255912076682, 0.000780522066634, -0.00306589272805, 0.00315442518331, -0.00193902675528, 0.000624217907898, 0.00180957186967, -0.00107916328125], [-0.00035174167715, -2.8942422432e-05, -0.000236284526181, -0.00148075690959, 0.00818830821663, -0.00312544219196, -0.00205475604162, 0.00184404815082, -0.00328518426977, 0.00144741102122, -0.00214210012928, 0.000811367004644, 0.000498780747876], [0.0002950502967, -0.00103564723395, -0.000204144758754, 0.000255912076682, -0.00312544219196, 0.0113977398723, -0.00405773380771, -0.00203265598975, 0.00273360265419, -0.0034787489567, 0.00317304302007, -0.0044374554418, 0.00166825531051], [-0.000237181797274, 0.00120053288992, -0.000500249734614, 0.000780522066634, -0.00205475604162, -0.00405773380771, 0.0160647332668, -0.00845171231776, -0.00168441515416, 0.00783156137913, -0.00763205578551, 0.00575385149568, -0.00463778804988], [0.000205841075513, -0.000253416597843, 0.0013680823613, -0.00306589272805, 0.00184404815082, -0.00203265598975, -0.00845171231776, 0.0192393492907, -0.00752323959023, -0.00383387878537, 0.0111954836175, -0.00887316465378, 0.0040861167945], [0.000285660818918, 0.000174727625563, -0.000659448327497, 0.00315442518331, -0.00328518426977, 0.00273360265419, -0.00168441515416, -0.00752323959023, 0.0210510697216, -0.00923093035817, -0.00614988338202, 0.0101735303178, -0.00438490184024], [-0.000407240266213, 0.00118523382116, 0.000230885125347, -0.00193902675528, 0.00144741102122, -0.0034787489567, 0.00783156137913, -0.00383387878537, -0.00923093035817, 0.0241813696921, -0.0105042373762, -0.0016125960974, 0.00651500141248], [0.000634454889223, -0.00248806341551, 0.00100739987101, 0.000624217907898, -0.00214210012928, 0.00317304302007, -0.00763205578551, 0.0111954836175, -0.00614988338202, -0.0105042373762, 0.027305463329, -0.0151578737423, 0.00445715524256], [-0.000510489859153, 0.00199207384139, -0.00154797604773, 0.00180957186967, 0.000811367004644, -0.0044374554418, 0.00575385149568, -0.00887316465378, 0.0101735303178, -0.0016125960974, -0.0151578737423, 0.027267511934, -0.0122700221837], [0.000202530151, -0.00136385683436, 0.000720565498341, -0.00107916328125, 0.000498780747876, 0.00166825531051, -0.00463778804988, 0.0040861167945, -0.00438490184024, 0.00651500141248, 0.00445715524256, -0.0122700221837, 0.0198391024023]]
    },
    "melbands": {
        "mean": [0.00267025432549, 0.00289329281077, 0.000488949532155, 0.000862865534145, 0.000447225116659, 0.000253904203419, 0.000213503401028, 0.000223420094699, 0.00012235964823, 0.000108506093966, 0.000178260757821, 0.000129785214085, 0.000122843266581, 9.27860601223e-05, 7.40818286431e-05, 7.65882869018e-05, 5.69450530747e-05, 4.56204761576e-05, 3.20625040331e-05, 2.153614696e-05, 1.3041627426e-05, 1.19147180158e-05, 1.04382825157e-05, 5.14759403814e-06, 6.20031005383e-06, 5.14470866619e-06, 3.25966584569e-06, 2.44615284828e-06, 2.01577586267e-06, 1.36092637604e-06, 9.4430754416e-07, 8.91697709449e-07, 6.25890550054e-07, 5.60256921744e-07, 6.50904155464e-07, 3.94652346358e-07, 3.7729355995e-07, 3.33809794029e-07, 2.72468582807e-07, 2.52945739021e-07],
        "stdev": [0.00359162082896, 0.00499258795753, 0.000962843652815, 0.00139210780617, 0.00073137471918, 0.000577594677452, 0.000491535058245, 0.000613528187387, 0.000334329699399, 0.000356545322575, 0.000514333252795, 0.000471522915177, 0.000398040341679, 0.000283148896415, 0.000270227610599, 0.000372824870283, 0.000188777863514, 0.00017715060676, 0.000121435819892, 7.930942229e-05, 4.24184909207e-05, 5.10639110871e-05, 3.93527807319e-05, 1.82317926374e-05, 2.13269377127e-05, 1.96747387236e-05, 9.8001155493e-06, 7.86374948802e-06, 5.996433174e-06, 4.17586716139e-06, 2.18030072574e-06, 1.83941040177e-06, 1.22765288779e-06, 1.09728580355e-06, 1.13295141091e-06, 8.30283283904e-07, 6.73163867759e-07, 6.68346444854e-07, 5.37283142421e-07, 5.67582333133e-07]
    },
    "melbands128": {
        "mean": [4.96179090987e-05, 0.0012273278553, 0.00419011944905, 0.00467854226008, 0.00300721335225, 0.00109203765169, 0.000299077830277, 0.000407819636166, 0.000621501996648, 0.00100552430376, 0.00102503120434, 0.000606228597462, 0.000323374988511, 0.000188180798432, 0.000316863239277, 0.000244352500886, 0.000176032510353, 0.000212208804442, 0.000244113049121, 0.000258258078247, 0.000217711000005, 0.000133733803523, 0.000108344051114, 0.000109571163193, 0.000119789554446, 0.000100036013464, 0.000100094483059, 0.000232648846577, 0.000194137915969, 0.000147134938743, 0.000108115615149, 8.81115629454e-05, 0.000107807769382, 0.000197428918909, 6.8897366873e-05, 7.94109146227e-05, 0.00010155561904, 5.43022069905e-05, 8.45542599563e-05, 7.04359335941e-05, 9.90406770143e-05, 4.77008507005e-05, 4.65058983536e-05, 7.61065675761e-05, 4.5361550292e-05, 3.62752580259e-05, 5.34831197001e-05, 2.86592076009e-05, 2.44397997449e-05, 2.84474372165e-05, 2.06911627174e-05, 1.81696213986e-05, 1.31177985168e-05, 9.31601971388e-06, 1.51785789058e-05, 1.08886206363e-05, 9.59832232184e-06, 1.5850591808e-05, 7.83414816397e-06, 7.2384291343e-06, 4.21303684561e-06, 4.03828335038e-06, 6.77625621393e-06, 6.31036073173e-06, 6.25353914074e-06, 4.48600121672e-06, 6.11644509263e-06, 2.9125706078e-06, 2.95803852168e-06, 2.75622892332e-06, 2.46365539169e-06, 2.40214740188e-06, 2.12899703911e-06, 2.11573910747e-06, 1.59987962434e-06, 1.58510306392e-06, 1.11351482701e-06, 8.56446774833e-07, 9.11401741632e-07, 1.11116980861e-06, 8.96584595012e-07, 8.29146927117e-07, 7.469107004e-07, 5.45528394014e-07, 6.13238853475e-07, 5.79808613566e-07, 5.15806220847e-07, 5.44720819562e-07, 8.15516841612e-07, 5.85702935041e-07, 4.50697569931e-07, 3.21506206546e-07, 3.17566275498e-07, 4.34550429418e-07, 3.53735288172e-07, 3.61701040674e-07, 3.39070140853e-07, 2.81407722014e-07, 2.72749247188e-07, 2.6934768016e-07, 2.65299775037e-07, 2.4941925858e-07, 2.36248709484e-07, 2.40419694819e-07, 2.5327707931e-07, 2.35662781733e-07, 2.48049133234e-07, 2.63178804971e-07, 2.15733550135e-07, 2.14449187297e-07, 2.16184332658e-07, 2.46889612754e-07, 2.50364251997e-07, 2.77518751091e-07, 2.51737418466e-07, 2.92382651423e-07, 2.97333912158e-07, 2.99342815424e-07, 2.84498355541e-07, 2.65599055638e-07, 2.24279816052e-07, 2.16756234295e-07, 1.5635353634e-07, 9.62350412692e-08, 3.09520520325e-09, 3.49217486525e-12, 3.40920824557e-12, 3.3701852073e-12],
        "stdev": [8.05419767858e-05, 0.0018704389222, 0.00602011289448, 0.00711649330333, 0.00645064003766, 0.00277477689087, 0.000630035356153, 0.00113003095612, 0.00153393251821, 0.00199550599791, 0.00178875529673, 0.00117017491721, 0.000764508731663, 0.00041443205555, 0.00101442448795, 0.000512722879648, 0.000402587495046, 0.000706480175722, 0.00097012630431, 0.00085527880583, 0.00089455768466, 0.000509855628479, 0.000404405611334, 0.000546040537301, 0.000574052566662, 0.000489849888254, 0.000312620337354, 0.000859324529301, 0.000880997627974, 0.000706747348886, 0.000600948522333, 0.000499451998621, 0.000415997230448, 0.00095231749583, 0.000277807121165, 0.000369459739886, 0.000520483008586, 0.000394101400161, 0.000401736295316, 0.00033023240394, 0.000769132224377, 0.000231681013247, 0.000212836283026, 0.000401744560804, 0.000287989503704, 0.000183863507118, 0.000336709083058, 0.000156432754011, 0.000129489038954, 0.000173400723725, 0.000108355328848, 9.25904605538e-05, 6.67427957524e-05, 4.21389013354e-05, 0.000107253094029, 7.10620442987e-05, 5.80686719331e-05, 8.49745629239e-05, 4.00761891797e-05, 4.83285766677e-05, 2.09868230741e-05, 1.70925814018e-05, 3.52087226929e-05, 2.97771985061e-05, 3.59543664672e-05, 1.58473430929e-05, 4.52627318737e-05, 1.25718879644e-05, 1.09691072794e-05, 1.22882256619e-05, 1.23734771478e-05, 1.19513824757e-05, 6.83792995915e-06, 1.13188816613e-05, 5.13383065481e-06, 6.73815793562e-06, 5.08571338287e-06, 3.68807832274e-06, 2.32451748161e-06, 4.3502650442e-06, 2.25098619921e-06, 2.10800271816e-06, 1.90710363768e-06, 1.32106424644e-06, 1.63880019954e-06, 1.7133251049e-06, 1.23670724861e-06, 1.02406477254e-06, 1.54901749738e-06, 1.37342965445e-06, 1.06822403723e-06, 8.4373300524e-07, 7.52373068735e-07, 8.81988000856e-07, 6.80886444115e-07, 7.5456068771e-07, 8.2620243802e-07, 6.12369717601e-07, 6.17155933469e-07, 5.80904952585e-07, 5.51196478682e-07, 6.785212463e-07, 6.38739265924e-07, 5.50082518203e-07, 5.94408163579e-07, 5.52530593723e-07, 6.0421626813e-07, 5.99197392148e-07, 5.74905129724e-07, 5.74014507038e-07, 5.89830733588e-07, 7.34459774776e-07, 6.94987136285e-07, 7.41053952424e-07, 7.94615573341e-07, 9.55005361902e-07, 9.81061816674e-07, 1.12054317469e-06, 1.36999290135e-06, 1.49197853716e-06, 1.14045860755e-06, 1.02354010778e-06, 8.51064044127e-07, 5.52741823867e-07, 2.56354741879e-08, 6.40547120553e-12, 6.28083913004e-12, 6.2250244022e-12]
    },
    "mfcc": {
        "mean": [-690.426757812, 139.049728394, 14.0971565247, 22.0157375336, 11.3428163528, 11.5443325043, 4.69780635834, 3.11770057678, -1.11092913151, 4.56288862228, 1.42093408108, 0.208307415247, 1.40851211548],
        "cov": [[5630.12255859, -689.802124023, -460.337219238, 155.557525635, -74.3797302246, -12.8377361298, 18.3392009735, 0.986605226994, 32.267993927, 11.557557106, -59.6660766602, -101.505867004, -128.194961548], [-689.802124023, 872.511413574, -238.993682861, -183.222869873, 5.10262775421, 8.75994110107, -27.4300308228, -50.7494354248, -76.8076400757, -40.4768943787, 16.9054107666, 47.2016830444, 18.8554992676], [-460.337219238, -238.993682861, 925.090332031, 223.491104126, 149.475357056, 102.528587341, 87.6782150269, 74.2410964966, 43.7432937622, 16.5772018433, -26.813867569, -59.6671218872, -31.2822933197], [155.557525635, -183.222869873, 223.491104126, 295.936309814, 88.3617706299, 39.244594574, 54.7453346252, 46.1161499023, 45.0180778503, 39.8405952454, 4.76793718338, -24.0449848175, -17.2519207001], [-74.3797302246, 5.10262775421, 149.475357056, 88.3617706299, 148.561004639, 70.7617340088, 34.4430465698, 22.5734729767, 8.76339626312, 22.8122138977, 21.6784286499, 11.9288082123, 12.6117839813], [-12.8377361298, 8.75994110107, 102.528587341, 39.244594574, 70.7617340088, 104.565475464, 56.1277427673, 26.4976806641, 9.78524494171, 10.6885719299, 6.49743366241, 7.54578304291, 10.4379520416], [18.3392009735, -27.4300308228, 87.6782150269, 54.7453346252, 34.4430465698, 56.1277427673, 109.911064148, 76.754119873, 36.9046287537, 14.1474790573, -14.4300603867, -10.9431219101, 9.96735286713], [0.986605226994, -50.7494354248, 74.2410964966, 46.1161499023, 22.5734729767, 26.4976806641, 76.754119873, 125.319267273, 74.5964050293, 26.338142395, -18.855764389, -20.870721817, 4.24497365952], [32.267993927, -76.8076400757, 43.7432937622, 45.0180778503, 8.76339626312, 9.78524494171, 36.9046287537, 74.5964050293, 107.135360718, 57.5002937317, 0.00901645608246, -24.3766422272, -14.9025764465], [11.557557106, -40.4768943787, 16.5772018433, 39.8405952454, 22.8122138977, 10.6885719299, 14.1474790573, 26.338142395, 57.5002937317, 99.3063964844, 50.2285842896, -0.741275012493, -19.3700466156], [-59.6660766602, 16.9054107666, -26.813867569, 4.76793718338, 21.6784286499, 6.49743366241, -14.4300603867, -18.855764389, 0.00901645608246, 50.2285842896, 106.207191467, 66.0921707153, 10.2190532684], [-101.505867004, 47.2016830444, -59.6671218872, -24.0449848175, 11.9288082123, 7.54578304291, -10.9431219101, -20.870721817, -24.3766422272, -0.741275012493, 66.0921707153, 125.707504272, 79.1524887085], [-128.194961548, 18.8554992676, -31.2822933197, -17.2519207001, 12.6117839813, 10.4379520416, 9.96735286713, 4.24497365952, -14.9025764465, -19.3700466156, 10.2190532684, 79.1524887085, 133.506744385]],
        "icov": [[0.000235403975239, 0.000226492527872, 0.000241424175329, -0.000137962124427, -1.21464529457e-06, -0.000188131452887, -7.51441621105e-05, 3.54844596586e-05, 8.39827116579e-05, 3.10808900394e-05, 0.000147882194142, -2.81342945527e-05, 0.00027134080301], [0.000226492527872, 0.00170190492645, 0.000538034713827, 0.000747360871173, -0.000810151512269, -0.000336521712597, -0.00029663607711, -6.06345529377e-05, 0.000809926597867, 0.000117522584333, 0.000173214430106, -0.000311098847305, 0.000605317705777], [0.000241424175329, 0.000538034713827, 0.00184866518248, -0.000727680278942, -0.00102590734605, -0.000862190558109, -0.000174593136762, -0.000256537197856, 0.00015903019812, 0.000522702932358, 0.000156104346388, 0.000469911086839, 0.000483519950649], [-0.000137962124427, 0.000747360871173, -0.000727680278942, 0.0056570880115, -0.00298127299175, 0.00156384683214, -0.00209036795422, 0.000722336466424, -0.000752541527618, -0.000649657857139, -9.62663325481e-05, 0.000148221704876, 0.00035617739195], [-1.21464529457e-06, -0.000810151512269, -0.00102590734605, -0.00298127299175, 0.0133056305349, -0.00756877008826, 0.00274082133546, -0.00201796414331, 0.00195358064957, -0.00165702775121, -0.00163940119091, 0.000538122141734, -0.00153390772175], [-0.000188131452887, -0.000336521712597, -0.000862190558109, 0.00156384683214, -0.00756877008826, 0.01961700432, -0.0101094087586, 0.00350174983032, -0.000967950792983, 0.000212961007492, -9.85254810075e-05, -0.00126103754155, 0.000369648681954], [-7.51441621105e-05, -0.00029663607711, -0.000174593136762, -0.00209036795422, 0.00274082133546, -0.0101094087586, 0.0230856370181, -0.0130618521944, 0.00337707065046, -0.00161078781821, 0.00155059294775, 0.000437888898887, -0.00135307456367], [3.54844596586e-05, -6.06345529377e-05, -0.000256537197856, 0.000722336466424, -0.00201796414331, 0.00350174983032, -0.0130618521944, 0.0232861340046, -0.0135552668944, 0.00245353323407, 0.00132387306076, 0.000186950346688, -0.0011418054346], [8.39827116579e-05, 0.000809926597867, 0.00015903019812, -0.000752541527618, 0.00195358064957, -0.000967950792983, 0.00337707065046, -0.0135552668944, 0.025582768023, -0.0132937366143, 0.00385553413071, 0.00013395230053, 0.000528658682015], [3.10808900394e-05, 0.000117522584333, 0.000522702932358, -0.000649657857139, -0.00165702775121, 0.000212961007492, -0.00161078781821, 0.00245353323407, -0.0132937366143, 0.0256693381816, -0.0152109153569, 0.00605743890628, 4.72816209367e-05], [0.000147882194142, 0.000173214430106, 0.000156104346388, -9.62663325481e-05, -0.00163940119091, -9.85254810075e-05, 0.00155059294775, 0.00132387306076, 0.00385553413071, -0.0152109153569, 0.0277050044388, -0.0174251776189, 0.00658013019711], [-2.81342945527e-05, -0.000311098847305, 0.000469911086839, 0.000148221704876, 0.000538122141734, -0.00126103754155, 0.000437888898887, 0.000186950346688, 0.00013395230053, 0.00605743890628, -0.0174251776189, 0.0257175453007, -0.0128643373027], [0.00027134080301, 0.000605317705777, 0.000483519950649, 0.00035617739195, -0.00153390772175, 0.000369648681954, -0.00135307456367, -0.0011418054346, 0.000528658682015, 4.72816209367e-05, 0.00658013019711, -0.0128643373027, 0.0152670759708]]
    },
    "spectral_contrast_coeffs": {
        "mean": [-0.72158062458, -0.749228775501, -0.728357434273, -0.772346496582, -0.804540872574, -0.796872198582],
        "stdev": [0.0684918239713, 0.0833688303828, 0.0926723703742, 0.0686729252338, 0.0472160205245, 0.0298921056092]
    },
    "spectral_contrast_valleys": {
        "mean": [-6.67512893677, -7.0849609375, -8.00713348389, -8.26735305786, -8.32904052734, -10.7057180405],
        "stdev": [1.0113607645, 0.977316617966, 0.970941841602, 0.981106519699, 1.03567969799, 1.15062785149]
    }
},
"rhythm": {
    "beats_count": 603,
    "beats_loudness": {
        "mean": 0.0375761911273,
        "stdev": 0.0272685308009
    },
    "bpm": 107.580497742,
    "bpm_histogram_first_peak_bpm": 108,
    "bpm_histogram_first_peak_weight": 0.662870168686,
    "bpm_histogram_second_peak_bpm": 103,
    "bpm_histogram_second_peak_spread": 0.214285671711,
    "bpm_histogram_second_peak_weight": 0.109634548426,
    "danceability": 1.17270028591,
    "onset_rate": 4.25631189346,
    "beats_loudness_band_ratio": {
        "mean": [0.53678560257, 0.217003896832, 0.115148037672, 0.118389137089, 0.0388699620962, 0.0179281458259],
        "stdev": [0.271539241076, 0.170532554388, 0.1283608675, 0.140900120139, 0.0668705925345, 0.0211140997708]
    },
    "beats_position": [0.545668900013, 1.11455774307, 1.66022670269, 2.22911548615, 2.77478456497, 3.32045340538, 3.86612248421, 4.48145103455, 5.10838985443, 5.72371864319, 6.35065746307, 6.96598625183, 7.56970500946, 8.17342376709, 8.77714252472, 9.4040813446, 10.0310201645, 10.6695690155, 11.3081178665, 11.9466667175, 12.5736055374, 13.1889343262, 13.8158731461, 14.4428119659, 15.0697498322, 15.7199087143, 16.3816776276, 17.031835556, 17.6703853607, 18.2508831024, 18.8197727203, 19.3886623383, 19.96916008, 20.549659729, 21.1301574707, 21.7222671509, 22.3143768311, 22.918094635, 23.5102043152, 24.0558719635, 24.589931488, 25.1239910126, 25.6580486298, 26.1804981232, 26.7145576477, 27.3066654205, 27.9103851318, 28.5024929047, 29.0946025848, 29.686712265, 30.2672100067, 30.8593196869, 31.4398174286, 32.0087051392, 32.5659866333, 33.1348762512, 33.6921539307, 34.1797714233, 34.6557807922, 35.1201820374, 35.572971344, 36.0141487122, 36.4669380188, 36.9197273254, 37.3492965698, 37.790473938, 38.2316551208, 38.6844444275, 39.1256217957, 39.5668029785, 40.0079803467, 40.4491615295, 40.8903388977, 41.3431282043, 41.9004058838, 42.4576873779, 43.0149650574, 43.5838546753, 44.1411323547, 44.6984100342, 45.2556915283, 45.8129692078, 46.3586387634, 46.9043083191, 47.4615859985, 47.9956436157, 48.5413131714, 49.0869827271, 49.6210403442, 50.1667098999, 50.7123794556, 51.2580490112, 51.8037185669, 52.3493881226, 52.8950538635, 53.4407234192, 53.9863929749, 54.5436706543, 55.08934021, 55.6350097656, 56.1806793213, 56.7379570007, 57.2952384949, 57.8525161743, 58.39818573, 58.9438552856, 59.5011329651, 60.0584106445, 60.6273002625, 61.1845779419, 61.741859436, 62.2991371155, 62.8680267334, 63.4253044128, 63.9709739685, 64.5050354004, 65.0507049561, 65.5963668823, 66.142036438, 66.6877059937, 67.2333755493, 67.779045105, 68.3131027222, 68.8936004639, 69.4624938965, 70.0429916382, 70.6118774414, 71.1923828125, 71.7496566772, 72.3185501099, 72.8874359131, 73.4679336548, 74.0252151489, 74.5824966431, 75.1397705078, 75.7086639404, 76.2775497437, 76.8464355469, 77.4153289795, 77.9842147827, 78.5414962769, 79.1103820801, 79.6676635742, 80.2365493774, 80.8054428101, 81.3743286133, 81.954826355, 82.5237197876, 83.0926055908, 83.661491394, 84.2419967651, 84.8108825684, 85.3797683716, 85.9486618042, 86.5175476074, 87.08644104, 87.6553268433, 88.235824585, 88.8163223267, 89.3852157593, 89.9541015625, 90.5229949951, 91.0918807983, 91.6607666016, 92.2296600342, 92.8101577759, 93.36743927, 93.9363250732, 94.5052108765, 95.0624923706, 95.6197738647, 96.188659668, 96.7575454712, 97.3380508423, 97.918548584, 98.4874343872, 99.0563278198, 99.6368255615, 100.217323303, 100.797821045, 101.378318787, 101.947212219, 102.516098022, 103.084983826, 103.653877258, 104.222763062, 104.791656494, 105.360542297, 105.941040039, 106.509933472, 107.090431213, 107.670928955, 108.239814758, 108.797096252, 109.354377747, 109.911651611, 110.468933105, 111.037818909, 111.61831665, 112.198822021, 112.779319763, 113.359817505, 113.940315247, 114.50920105, 115.089706421, 115.670204163, 116.239089966, 116.79637146, 117.353645325, 117.910926819, 118.468208313, 119.025482178, 119.582763672, 120.140045166, 120.697319031, 121.254600525, 121.835098267, 122.403991699, 122.972877502, 123.530158997, 124.087432861, 124.633102417, 125.20199585, 125.782493591, 126.362991333, 126.931877136, 127.500770569, 128.069656372, 128.638549805, 129.207427979, 129.776321411, 130.356826782, 130.937316895, 131.517822266, 132.098312378, 132.678817749, 133.282531738, 133.863037109, 134.44354248, 135.024032593, 135.604537964, 136.173416138, 136.74230957, 137.311203003, 137.868484497, 138.425750732, 138.971420288, 139.528701782, 140.109207153, 140.678085327, 141.24697876, 141.815872192, 142.384765625, 142.965255737, 143.545761108, 144.114639282, 144.683532715, 145.264038086, 145.844528198, 146.413421631, 146.982315063, 147.562805176, 148.131698608, 148.700592041, 149.269470215, 149.838363647, 150.418869019, 150.999359131, 151.579864502, 152.148742676, 152.729248047, 153.309753418, 153.878631592, 154.459136963, 155.039627075, 155.608520508, 156.17741394, 156.746307373, 157.315185547, 157.884078979, 158.452972412, 159.021850586, 159.590744019, 160.148025513, 160.716918945, 161.285797119, 161.843078613, 162.400360107, 162.980865479, 163.549743652, 164.118637085, 164.675918579, 165.244796753, 165.813690186, 166.37097168, 166.939865112, 167.508743286, 168.089248657, 168.646530151, 169.215423584, 169.784301758, 170.341583252, 170.898864746, 171.45614624, 172.013427734, 172.57069397, 173.127975464, 173.67364502, 174.219314575, 174.776596069, 175.333877563, 175.891159058, 176.448425293, 177.005706787, 177.551376343, 178.097045898, 178.642715454, 179.199996948, 179.745666504, 180.302947998, 180.860229492, 181.429107666, 181.998001099, 182.555282593, 183.112564087, 183.669830322, 184.227111816, 184.784393311, 185.341674805, 185.898956299, 186.456237793, 187.013504028, 187.570785522, 188.128067017, 188.696960449, 189.265853882, 189.823120117, 190.380401611, 190.937683105, 191.518188477, 192.075454712, 192.632736206, 193.1900177, 193.747299194, 194.304580688, 194.850250244, 195.3959198, 195.929977417, 196.464035034, 196.974868774, 197.497314453, 198.019775391, 198.553833008, 199.099502563, 199.645172119, 200.179229736, 200.73651123, 201.293777466, 201.862670898, 202.419952393, 202.977233887, 203.522903442, 204.080184937, 204.637451172, 205.194732666, 205.75201416, 206.309295654, 206.85496521, 207.412246704, 207.95791626, 208.503585815, 209.049255371, 209.606521606, 210.152191162, 210.697860718, 211.255142212, 211.812423706, 212.358093262, 212.903762817, 213.461044312, 214.018310547, 214.575592041, 215.121261597, 215.666931152, 216.224212646, 216.769882202, 217.315551758, 217.872833252, 218.430114746, 218.975784302, 219.521453857, 220.067123413, 220.624389648, 221.170059204, 221.727340698, 222.284622192, 222.830291748, 223.375961304, 223.933242798, 224.478912354, 225.024581909, 225.570251465, 226.115921021, 226.661590576, 227.218856812, 227.764526367, 228.310195923, 228.855865479, 229.389923096, 229.935592651, 230.481262207, 231.026931763, 231.572601318, 232.118270874, 232.66394043, 233.197998047, 233.743667603, 234.289337158, 234.835006714, 235.38067627, 235.926345825, 236.472015381, 237.006072998, 237.551742554, 238.097412109, 238.631469727, 239.177139282, 239.722808838, 240.268478394, 240.814147949, 241.371429443, 241.928695679, 242.485977173, 243.031646729, 243.577316284, 244.111373901, 244.610610962, 245.133056641, 245.667114258, 246.201171875, 246.735229492, 247.269287109, 247.803344727, 248.349014282, 248.894683838, 249.451965332, 250.020858765, 250.589752197, 251.147018433, 251.692687988, 252.238357544, 252.7840271, 253.329696655, 253.886978149, 254.444259644, 255.001541138, 255.558822632, 256.116088867, 256.661773682, 257.207427979, 257.764709473, 258.321990967, 258.879272461, 259.436553955, 259.982208252, 260.539489746, 261.085174561, 261.630828857, 262.176513672, 262.733795166, 263.291046143, 263.836730957, 264.382385254, 264.939666748, 265.496948242, 266.042633057, 266.588287354, 267.133972168, 267.679626465, 268.236907959, 268.794189453, 269.32824707, 269.873931885, 270.419586182, 270.965270996, 271.510925293, 272.05657959, 272.602264404, 273.147918701, 273.693603516, 274.25088501, 274.819763184, 275.365447998, 275.911102295, 276.456787109, 277.002441406, 277.548126221, 278.082183838, 278.627838135, 279.173522949, 279.707580566, 280.241638184, 280.775695801, 281.332977295, 281.878631592, 282.424316406, 282.981567383, 283.527252197, 284.072906494, 284.630187988, 285.187469482, 285.733154297, 286.278808594, 286.824493408, 287.370147705, 287.904205322, 288.438262939, 288.960723877, 289.483154297, 290.017242432, 290.562896729, 291.108551025, 291.64263916, 292.176696777, 292.722351074, 293.198364258, 293.662750244, 294.138763428, 294.638000488, 295.137237549, 295.648071289, 296.14730835, 296.65814209, 297.134155273, 297.67980957, 298.225494385, 298.794372559, 299.351654053, 299.908935547, 300.466217041, 301.023498535, 301.580780029, 302.161254883, 302.741760254, 303.322265625, 303.902770996, 304.48324585, 305.075378418, 305.667480469, 306.306030273, 306.956176758, 307.594726562, 308.221679688, 308.837005615, 309.371063232, 309.90512085, 310.450775146, 310.996459961, 311.542114258, 312.087799072, 312.645080566, 313.190734863, 313.759643555, 314.351745605, 314.955444336, 315.51272583, 316.070007324, 316.604064941, 317.138122559, 317.660583496, 318.183044434, 318.693878174, 319.216308594, 319.761993408, 320.319274902, 320.864929199, 321.422210693, 321.991119385, 322.548370361, 323.117279053, 323.674560547, 324.243438721, 324.812316895, 325.381225586, 325.961730957, 326.542205811, 327.053070068, 327.552276611, 328.051513672, 328.539123535, 329.026763916, 329.514373779, 329.943939209, 330.373504639, 330.803070068, 331.232635498, 331.639007568, 332.045349121, 332.451690674, 332.858032227, 333.264404297, 333.67074585, 334.077087402],
    "bpm_histogram": [0, 0, 0, 0, 0, 0, 0, 0, 0, 0, 0, 0, 0, 0, 0, 0, 0, 0, 0, 0, 0, 0, 0, 0, 0, 0, 0, 0, 0, 0, 0, 0, 0, 0, 0, 0, 0, 0, 0, 0, 0, 0, 0, 0, 0, 0, 0, 0, 0, 0, 0, 0, 0, 0, 0, 0, 0, 0, 0, 0, 0, 0, 0, 0, 0, 0, 0, 0, 0, 0, 0, 0, 0, 0, 0, 0, 0, 0, 0, 0, 0, 0, 0, 0, 0, 0, 0, 0, 0, 0, 0, 0.00166112952866, 0.0049833888188, 0, 0.0099667776376, 0, 0.0149501664564, 0, 0.00830564741045, 0.0116279069334, 0, 0.0182724259794, 0, 0.109634548426, 0, 0.189368769526, 0, 0, 0.245847180486, 0, 0.234219267964, 0, 0.0598006658256, 0, 0, 0.0149501664564, 0, 0.00830564741045, 0, 0, 0.0099667776376, 0, 0, 0.00664451811463, 0, 0, 0.00664451811463, 0, 0, 0.00332225905731, 0, 0, 0, 0.00830564741045, 0, 0, 0.0132890362293, 0, 0, 0, 0.00830564741045, 0, 0, 0, 0, 0, 0, 0, 0.0116279069334, 0, 0, 0, 0, 0, 0, 0, 0, 0, 0, 0, 0, 0, 0, 0, 0, 0, 0, 0, 0, 0, 0, 0, 0, 0, 0, 0, 0, 0, 0, 0, 0, 0, 0, 0, 0, 0, 0, 0, 0, 0, 0, 0, 0, 0, 0, 0, 0, 0, 0, 0, 0, 0, 0, 0, 0, 0, 0, 0, 0, 0, 0, 0, 0, 0, 0, 0, 0, 0, 0, 0, 0, 0, 0, 0, 0, 0, 0, 0, 0, 0, 0, 0, 0, 0, 0, 0, 0, 0, 0, 0, 0, 0, 0, 0, 0, 0, 0, 0, 0, 0]
},
"tonal": {
    "chords_changes_rate": 0.0839112326503,
    "chords_number_rate": 0.00277392519638,
    "chords_strength": {
        "mean": 0.444313079119,
        "stdev": 0.0918180793524
    },
    "hpcp_crest": {
        "mean": 15.2301254272,
        "stdev": 7.17605400085
    },
    "hpcp_entropy": {
        "mean": 1.72445762157,
        "stdev": 0.700810551643
    },
    "key_edma": {
        "strength": 0.68158531189,
        "key": "F",
        "scale": "major"
    },
    "key_krumhansl": {
        "strength": 0.673817276955,
        "key": "F",
        "scale": "major"
    },
    "key_temperley": {
        "strength": 0.658809602261,
        "key": "F",
        "scale": "major"
    },
    "tuning_diatonic_strength": 0.495926827192,
    "tuning_equal_tempered_deviation": 0,
    "tuning_frequency": 441.782684326,
    "tuning_nontempered_energy_ratio": 0.693732321262,
    "hpcp": {
        "mean": [0.146362751722, 0.155813336372, 0.130093619227, 0.122873537242, 0.0814189836383, 0.0836113020778, 0.133981600404, 0.146775558591, 0.21954870224, 0.24747389555, 0.142244637012, 0.094014428556, 0.0994722545147, 0.0774844884872, 0.0917275100946, 0.11618988961, 0.0781244859099, 0.0478123053908, 0.0504723452032, 0.0385916903615, 0.0523929521441, 0.0905904173851, 0.0932152047753, 0.1030453071, 0.128271788359, 0.106610685587, 0.0956781432033, 0.110526606441, 0.0956638231874, 0.127034172416, 0.157638862729, 0.0962553098798, 0.0717600658536, 0.09284517169, 0.0743008702993, 0.0848211497068],
        "stdev": [0.257417023182, 0.267602920532, 0.23119340837, 0.244383111596, 0.182696670294, 0.192165642977, 0.277911752462, 0.260260671377, 0.314088016748, 0.343724519014, 0.244463354349, 0.219780296087, 0.227016061544, 0.186010435224, 0.211810797453, 0.255039960146, 0.197821393609, 0.149643391371, 0.160268455744, 0.128967314959, 0.141549140215, 0.205164670944, 0.211497828364, 0.209289953113, 0.250232309103, 0.229908809066, 0.214657053351, 0.235570281744, 0.207368940115, 0.239193767309, 0.281589061022, 0.187058448792, 0.169882938266, 0.217581108212, 0.180053085089, 0.184920012951]
    },
    "chords_histogram": [12.9126214981, 5.74202489853, 15.3675451279, 4.13314819336, 4.14701795578, 5.1317615509, 2.82940363884, 6.32454919815, 2.12205266953, 3.27323150635, 3.67545080185, 0.638002753258, 1.77531206608, 0.735090136528, 1.15117895603, 1.51178920269, 1.13730931282, 5.04854345322, 2.02496528625, 12.3439664841, 0.596393883228, 5.21497917175, 0.929264903069, 1.23439669609],
