{
"metadata": {
    "version": {
        "essentia": "2.1-dev",
        "essentia_git_sha": "v2.1_beta3-415-gd5473f3",
        "extractor": "music 2.0"
    },
    "audio_properties": {
        "analysis": {
            "equal_loudness": 0,
            "length": 197.877548218,
            "sample_rate": 44100,
            "start_time": 0,
            "downmix": "mix"
        },
        "bit_rate": 192000,
        "length": 197.877548218,
        "lossless": 0,
        "number_channels": 2,
        "replay_gain": -8.79755020142,
        "sample_rate": 44100,
        "codec": "mp3",
        "md5_encoded": "86086ba5e1de329d6f47e9953c82b387"
    },
    "tags": {
        "file_name": "etta_james-Bye_Bye_Blackbird.mp3",
        "artist": ["Diana Krall"],
        "genre": ["Other"]
    }
},
"lowlevel": {
    "average_loudness": 0.65192091465,
    "barkbands_crest": {
        "mean": 12.3964767456,
        "stdev": 4.63942241669
    },
    "barkbands_flatness_db": {
        "mean": 0.251882314682,
        "stdev": 0.0696301832795
    },
    "barkbands_kurtosis": {
        "mean": 10.0629148483,
        "stdev": 17.6813774109
    },
    "barkbands_skewness": {
        "mean": 1.44600653648,
        "stdev": 1.89133417606
    },
    "barkbands_spread": {
        "mean": 10.7844200134,
        "stdev": 11.3733329773
    },
    "dissonance": {
        "mean": 0.410943448544,
        "stdev": 0.0571091286838
    },
    "dynamic_complexity": 5.09763002396,
    "erbbands_crest": {
        "mean": 13.7869796753,
        "stdev": 6.5592083931
    },
    "erbbands_flatness_db": {
        "mean": 0.236391216516,
        "stdev": 0.0738102793694
    },
    "erbbands_kurtosis": {
        "mean": 5.83221530914,
        "stdev": 11.114938736
    },
    "erbbands_skewness": {
        "mean": 0.903823018074,
        "stdev": 1.41276633739
    },
    "erbbands_spread": {
        "mean": 22.0405845642,
        "stdev": 20.0706272125
    },
    "hfc": {
        "mean": 12.9184885025,
        "stdev": 20.1676139832
    },
    "loudness_ebu128": {
        "integrated": -16.453453064,
        "loudness_range": 6.12930679321,
        "momentary": {
            "mean": -21.4850311279,
            "stdev": 30.0524520874
        },
        "short_term": {
            "mean": -17.4486789703,
            "stdev": 5.09536170959
        }
    },
    "melbands_crest": {
        "mean": 15.8956079483,
        "stdev": 6.22028970718
    },
    "melbands_flatness_db": {
        "mean": 0.307134956121,
        "stdev": 0.0930393338203
    },
    "melbands_kurtosis": {
        "mean": 16.3044891357,
        "stdev": 29.6456546783
    },
    "melbands_skewness": {
        "mean": 1.97053074837,
        "stdev": 2.16143321991
    },
    "melbands_spread": {
        "mean": 15.5825395584,
        "stdev": 21.6357460022
    },
    "pitch_salience": {
        "mean": 0.509400784969,
        "stdev": 0.152687266469
    },
    "silence_rate_20dB": {
        "mean": 1,
        "stdev": 0
    },
    "silence_rate_30dB": {
        "mean": 0.999882698059,
        "stdev": 0.010831204243
    },
    "silence_rate_60dB": {
        "mean": 0.20051625371,
        "stdev": 0.400373011827
    },
    "spectral_centroid": {
        "mean": 945.91809082,
        "stdev": 1354.8190918
    },
    "spectral_complexity": {
        "mean": 7.99225616455,
        "stdev": 4.71012210846
    },
    "spectral_decrease": {
        "mean": -4.20017176594e-09,
        "stdev": 4.25842605623e-09
    },
    "spectral_energy": {
        "mean": 0.0170241761953,
        "stdev": 0.0174949169159
    },
    "spectral_energyband_high": {
        "mean": 0.000114418769954,
        "stdev": 0.000553632446099
    },
    "spectral_energyband_low": {
        "mean": 0.00463162874803,
        "stdev": 0.00894321314991
    },
    "spectral_energyband_middle_high": {
        "mean": 0.00638684118167,
        "stdev": 0.0126159321517
    },
    "spectral_energyband_middle_low": {
        "mean": 0.00628674495965,
        "stdev": 0.00780584756285
    },
    "spectral_entropy": {
        "mean": 6.60282802582,
        "stdev": 0.74791520834
    },
    "spectral_flux": {
        "mean": 0.0521622002125,
        "stdev": 0.0425917059183
    },
    "spectral_kurtosis": {
        "mean": 13.1704025269,
        "stdev": 11.944773674
    },
    "spectral_rms": {
        "mean": 0.00352590414695,
        "stdev": 0.00204376014881
    },
    "spectral_rolloff": {
        "mean": 1181.63671875,
        "stdev": 2406.48217773
    },
    "spectral_skewness": {
        "mean": 2.62216949463,
        "stdev": 1.15059661865
    },
    "spectral_spread": {
        "mean": 4018370.75,
        "stdev": 4801490.5
    },
    "spectral_strongpeak": {
        "mean": 1.56641888618,
        "stdev": 2.3256649971
    },
    "zerocrossingrate": {
        "mean": 0.0423679500818,
        "stdev": 0.0635162964463
    },
    "barkbands": {
        "mean": [1.077930051e-06, 0.00225693034008, 0.00215011578985, 0.000426739978138, 0.00135805096943, 0.00123049807735, 0.00100460136309, 0.000848183117341, 0.00113720609806, 0.00124343845528, 0.00122956733685, 0.00103733979631, 0.00104292470496, 0.000425512465881, 0.000634671887383, 0.000225306779612, 0.000172711937921, 0.000260413187789, 0.000188573685591, 5.01930226164e-05, 1.04536629806e-05, 1.82725725608e-05, 3.47404566128e-05, 2.09260797419e-05, 9.34046602197e-06, 6.4159798967e-06, 5.85355375282e-10],
        "stdev": [2.28897692978e-06, 0.00415662955493, 0.00517220236361, 0.000785575422924, 0.00218994054012, 0.00250804331154, 0.00257155206054, 0.0037839289289, 0.0037617397029, 0.00420430488884, 0.004494455643, 0.00479278201237, 0.00467973854393, 0.00253654271364, 0.00298760598525, 0.00127761322074, 0.000799551140517, 0.000874316028785, 0.0006867966149, 0.000229353783652, 5.43570713489e-05, 0.000160026596859, 0.000222396542085, 0.000105574654299, 4.21977565566e-05, 3.04344703181e-05, 1.13556064552e-09]
    },
    "erbbands": {
        "mean": [0.0208156388253, 0.667885482311, 2.72179389, 1.61502289772, 2.7702319622, 5.16583871841, 6.18381690979, 11.4395675659, 11.4700622559, 17.2281913757, 21.1119327545, 29.4521408081, 28.3179702759, 58.1842536926, 41.5803070068, 42.1463928223, 44.4069252014, 29.7891292572, 32.3630065918, 22.2222728729, 11.4223251343, 9.17836093903, 14.6149406433, 13.335319519, 5.90081930161, 2.07449221611, 0.602997362614, 0.394062906504, 0.590663790703, 0.869545340538, 1.00806879997, 0.690758287907, 0.213259100914, 0.118448212743, 0.0568545944989, 0.0278586484492, 0.0134133687243, 0.00102233630605, 2.8153650419e-05, 2.10511534533e-05],
        "stdev": [0.0316277593374, 1.27855801582, 6.63845348358, 2.54623794556, 4.32664012909, 9.88543891907, 11.2658185959, 27.297039032, 23.7477283478, 50.9463005066, 89.2031097412, 99.2872924805, 84.9226074219, 191.150512695, 151.148803711, 196.405029297, 175.83531189, 127.917854309, 155.306503296, 94.7374267578, 49.6621704102, 33.3501625061, 49.8057670593, 46.9898948669, 19.0913505554, 9.45767116547, 2.45714616776, 2.36151838303, 5.29564428329, 6.47205400467, 6.42531919479, 3.91580200195, 0.947489380836, 0.547548651695, 0.26717671752, 0.12866127491, 0.0652765110135, 0.0050421054475, 9.27282017074e-05, 2.19960511458e-05]
    },
    "gfcc": {
        "mean": [-134.347702026, 135.535995483, -103.235282898, 18.1953525543, -57.7475395203, 11.8428430557, -37.6848526001, 0.986991226673, -16.2639217377, -8.07302474976, -5.59618711472, -6.48266410828, -10.1185188293],
        "cov": [[23768.5097656, 1364.14318848, -3804.79370117, 392.066619873, -823.408081055, 373.803344727, -617.466186523, 410.418365479, -235.107849121, -663.811706543, 372.060150146, -338.659545898, -104.051361084], [1364.14318848, 1874.47131348, -51.6706695557, -242.249206543, 57.6056976318, -101.400489807, 117.826393127, -101.807701111, 257.500427246, -144.678634644, 104.401748657, -132.86491394, 91.3667449951], [-3804.79370117, -51.6706695557, 2486.75976562, 386.776123047, -170.068069458, 57.6133155823, 87.2275543213, -140.35357666, -24.542760849, 448.510162354, -405.42477417, 188.043182373, -82.9548873901], [392.066619873, -242.249206543, 386.776123047, 758.425354004, -10.3406820297, 54.254108429, -16.8398475647, 57.0003929138, -17.1730690002, -46.9492683411, -1.41510534286, -20.6277122498, -2.83278393745], [-823.408081055, 57.6056976318, -170.068069458, -10.3406820297, 507.425140381, 134.068939209, 114.703514099, -9.04545307159, 18.2227802277, -49.9439315796, 64.5752182007, -11.5526247025, 32.4091567993], [373.803344727, -101.400489807, 57.6133155823, 54.254108429, 134.068939209, 371.022277832, 122.687774658, -46.2134094238, -87.5070800781, 11.0174608231, -14.3308353424, 27.1527252197, 7.48645830154], [-617.466186523, 117.826393127, 87.2275543213, -16.8398475647, 114.703514099, 122.687774658, 308.332550049, 11.3539514542, -41.1540298462, -63.9046669006, 21.7346630096, 21.3246440887, 55.2613105774], [410.418365479, -101.807701111, -140.35357666, 57.0003929138, -9.04545307159, -46.2134094238, 11.3539514542, 230.328216553, 52.7185935974, -72.7942199707, 11.9581127167, -13.0738983154, 10.7033472061], [-235.107849121, 257.500427246, -24.542760849, -17.1730690002, 18.2227802277, -87.5070800781, -41.1540298462, 52.7185935974, 250.438156128, 12.4775342941, 30.5872325897, -77.0448074341, 25.3155956268], [-663.811706543, -144.678634644, 448.510162354, -46.9492683411, -49.9439315796, 11.0174608231, -63.9046669006, -72.7942199707, 12.4775342941, 308.476104736, -86.8683395386, 53.3158950806, -69.5496673584], [372.060150146, 104.401748657, -405.42477417, -1.41510534286, 64.5752182007, -14.3308353424, 21.7346630096, 11.9581127167, 30.5872325897, -86.8683395386, 273.78805542, -22.7333374023, 14.9018363953], [-338.659545898, -132.86491394, 188.043182373, -20.6277122498, -11.5526247025, 27.1527252197, 21.3246440887, -13.0738983154, -77.0448074341, 53.3158950806, -22.7333374023, 158.569274902, 17.8771324158], [-104.051361084, 91.3667449951, -82.9548873901, -2.83278393745, 32.4091567993, 7.48645830154, 55.2613105774, 10.7033472061, 25.3155956268, -69.5496673584, 14.9018363953, 17.8771324158, 131.53086853]],
        "icov": [[0.000149718267494, -0.000310411356622, 0.000372451700969, -0.000307116657495, 0.000352011673385, -0.000415051414166, 0.00029885568074, -0.000376339332433, 0.000362012971891, -0.000257345818682, 0.00020984535513, -0.000125594655401, 0.000191844374058], [-0.000310411356622, 0.00150677212514, -0.000973984773736, 0.000982737867162, -0.000683188845869, 0.000971762405243, -0.00091681064805, 0.00147178687621, -0.00166735018138, 0.0012567929225, -0.000702747958712, 0.000637026270851, -0.000528388191015], [0.000372451700969, -0.000973984773736, 0.00203646766022, -0.00156972755212, 0.00107555091381, -0.000812897866126, -0.000127232866362, -0.000489166588522, 0.000480436166981, -0.00182108324952, 0.00179905619007, -0.00145856791642, 0.00103530439083], [-0.000307116657495, 0.000982737867162, -0.00156972755212, 0.00266062840819, -0.000776878208853, 0.000386623491067, 0.000148323219037, 0.000236056162976, -0.000528389529791, 0.00166095385794, -0.00134511466604, 0.00133621448185, -0.000819673528895], [0.000352011673385, -0.000683188845869, 0.00107555091381, -0.000776878208853, 0.00329467072152, -0.00175363814924, -5.50770309928e-05, -0.000564191956073, 0.000140332995215, -0.000526887539309, 0.000282321270788, -0.000466234050691, 0.000497474626172], [-0.000415051414166, 0.000971762405243, -0.000812897866126, 0.000386623491067, -0.00175363814924, 0.00499686179683, -0.00227733957581, 0.00172537344042, -0.000128574727569, 6.39595091343e-05, -0.000134673988214, 0.000362442806363, -0.000519077118952], [0.00029885568074, -0.00091681064805, -0.000127232866362, 0.000148323219037, -5.50770309928e-05, -0.00227733957581, 0.00592644512653, -0.00198558764532, 0.00214067334309, 0.000577439554036, -0.000678485492244, 0.000379943609005, -0.00147039140575], [-0.000376339332433, 0.00147178687621, -0.000489166588522, 0.000236056162976, -0.000564191956073, 0.00172537344042, -0.00198558764532, 0.00718923844397, -0.00363296177238, 0.00232979888096, 0.000316444959026, -0.00101862405427, 0.000700261793099], [0.000362012971891, -0.00166735018138, 0.000480436166981, -0.000528389529791, 0.000140332995215, -0.000128574727569, 0.00214067334309, -0.00363296177238, 0.00869249552488, -0.00288434396498, -0.000652590417303, 0.00356439733878, -0.00250350614078], [-0.000257345818682, 0.0012567929225, -0.00182108324952, 0.00166095385794, -0.000526887539309, 6.39595091343e-05, 0.000577439554036, 0.00232979888096, -0.00288434396498, 0.00750149227679, -0.00036393274786, -0.0012844344601, 0.00224215048365], [0.00020984535513, -0.000702747958712, 0.00179905619007, -0.00134511466604, 0.000282321270788, -0.000134673988214, -0.000678485492244, 0.000316444959026, -0.000652590417303, -0.00036393274786, 0.00598851079121, -0.00178833573591, 0.00145500293002], [-0.000125594655401, 0.000637026270851, -0.00145856791642, 0.00133621448185, -0.000466234050691, 0.000362442806363, 0.000379943609005, -0.00101862405427, 0.00356439733878, -0.0012844344601, -0.00178833573591, 0.0106047932059, -0.00401942711323], [0.000191844374058, -0.000528388191015, 0.00103530439083, -0.000819673528895, 0.000497474626172, -0.000519077118952, -0.00147039140575, 0.000700261793099, -0.00250350614078, 0.00224215048365, 0.00145500293002, -0.00401942711323, 0.0112735247239]]
    },
    "melbands": {
        "mean": [0.000402853678679, 0.00127583299764, 0.000314721488394, 0.00030764946132, 0.00021217345784, 0.000245509494562, 0.000197415443836, 0.00018814127543, 0.00016564343241, 0.000185705270269, 0.000137858980452, 0.000233331025811, 0.000146920370753, 0.000115528557217, 9.22525578062e-05, 0.000106958308606, 4.7194713261e-05, 4.90622296638e-05, 4.69383376185e-05, 1.92819261429e-05, 1.23665167848e-05, 9.45199462876e-06, 1.20554468594e-05, 1.13450250865e-05, 1.13681217044e-05, 5.20612138644e-06, 2.89427543976e-06, 1.00143176951e-06, 3.78442990723e-07, 2.64414495632e-07, 2.1035997122e-07, 2.94244216548e-07, 4.28879502579e-07, 5.1185651273e-07, 5.88648731537e-07, 5.64903984923e-07, 3.59438871556e-07, 1.54557866949e-07, 1.04850300886e-07, 9.45625302506e-08],
        "stdev": [0.000666810374241, 0.00285135232843, 0.000466183380922, 0.000551023345906, 0.000358194753062, 0.000556169368792, 0.000430688494816, 0.000587182294112, 0.00070213933941, 0.000639417383354, 0.000447642727522, 0.000777067732997, 0.000518671819009, 0.000492572551593, 0.000480804941617, 0.000486042437842, 0.000249461998465, 0.000268258445431, 0.000235123588936, 0.000118792740977, 5.75752201257e-05, 4.31993976235e-05, 3.9361853851e-05, 3.94669295929e-05, 4.32195447502e-05, 1.90383780136e-05, 1.20605191114e-05, 6.18902686256e-06, 1.74150898147e-06, 1.21458617741e-06, 1.50354048856e-06, 2.61241143562e-06, 4.00480757889e-06, 3.61681736649e-06, 3.90893637814e-06, 3.40971996593e-06, 2.04361049327e-06, 6.95394135164e-07, 4.69163438765e-07, 4.57235643125e-07]
    },
    "melbands128": {
        "mean": [8.07243225154e-07, 4.58481117676e-05, 0.00041438092012, 0.00135926832445, 0.00166957871988, 0.000832912686747, 0.000293063640129, 0.000207355085877, 0.000247493182542, 0.000386946689105, 0.000350488175172, 0.000177745852852, 0.000217883993173, 0.000190569859114, 0.000284733483568, 0.000270803808235, 0.000137132999953, 0.00017273107369, 0.000335283548338, 0.000164267752552, 0.000137812603498, 0.000192354171304, 0.000180797607754, 0.000120929660625, 0.000195470405743, 0.00023990192858, 8.41478031361e-05, 0.000137001130497, 0.000151720334543, 0.000211953170947, 0.000294721015962, 0.000227656346397, 8.41607616167e-05, 0.000149057959788, 0.000122587545775, 8.58929051901e-05, 0.000153733562911, 7.55793880671e-05, 7.40770265111e-05, 9.7905016446e-05, 0.000155471629114, 6.23302694294e-05, 3.28422429448e-05, 5.45147086086e-05, 3.35662225552e-05, 5.51201883354e-05, 5.15997417097e-05, 7.21054966561e-05, 2.79031719401e-05, 1.95866650756e-05, 2.31888534472e-05, 1.57847061928e-05, 7.19919626135e-06, 1.50477162606e-05, 1.39878829941e-05, 7.02318584445e-06, 7.73264491727e-06, 7.41361100154e-06, 1.47702585309e-05, 1.99687292479e-05, 7.48569709685e-06, 8.46281909617e-06, 1.28038309413e-05, 1.36978287628e-05, 7.14802536095e-06, 5.18856040799e-06, 3.0904536743e-06, 4.07688048654e-06, 2.94637061415e-06, 1.26186682792e-06, 1.05477988654e-06, 8.81543542164e-07, 4.40890971731e-07, 2.86371459879e-07, 2.67795257969e-07, 3.25562240278e-07, 2.25255462283e-07, 1.92330489313e-07, 2.08539560731e-07, 2.21936645062e-07, 2.65748099082e-07, 3.081986506e-07, 4.03442356856e-07, 4.47079855803e-07, 4.43227236246e-07, 4.63664406425e-07, 5.46600858797e-07, 5.95423841787e-07, 5.98355939019e-07, 5.69213455037e-07, 5.99895997766e-07, 5.5852387959e-07, 5.21007905263e-07, 3.76048859607e-07, 2.60392880591e-07, 1.88302266224e-07, 1.38308607234e-07, 8.8624126704e-08, 9.93403403982e-08, 1.16259762706e-07, 1.10908594309e-07, 9.70118634314e-08, 6.87493582063e-08, 5.87536383989e-08, 7.97605892444e-08, 4.65555594076e-08, 5.8809213499e-08, 4.71573002869e-08, 3.65426551241e-08, 5.36641628912e-08, 5.53884262899e-08, 4.30279314401e-08, 4.92738756463e-08, 4.14325747045e-08, 2.85171193326e-08, 2.32235275455e-09, 4.32142472848e-12, 2.71731877451e-12, 2.64204608712e-12, 2.57401717128e-12, 2.51574087083e-12, 2.46395503826e-12, 2.41241119962e-12, 2.36782208424e-12, 2.33758693825e-12, 2.31469227466e-12, 2.29664486213e-12, 2.28111800282e-12],
        "stdev": [1.67110124494e-06, 9.17809302337e-05, 0.000692571746185, 0.00276421848685, 0.00418611755595, 0.00185062678065, 0.000538132269867, 0.000437597831478, 0.000447461410658, 0.000848546100315, 0.000829973374493, 0.000427353777923, 0.000492816674523, 0.000409858563216, 0.000757076428272, 0.000809125893284, 0.000397280295147, 0.000463634292828, 0.00103038246743, 0.000689775217324, 0.000874892575666, 0.00111074536107, 0.000974841066636, 0.000803555420134, 0.000886480789632, 0.000994359143078, 0.000423383025918, 0.000688023050316, 0.00073417997919, 0.000982343568467, 0.00126962107606, 0.00114443758503, 0.000552519923076, 0.000819866836537, 0.000886032998096, 0.000563819659874, 0.0011390724685, 0.00054276076844, 0.000656450923998, 0.000573629804421, 0.000873456243426, 0.000537213287316, 0.000274760939647, 0.000488771940582, 0.000305659894366, 0.000449561775895, 0.000387603300624, 0.000491515966132, 0.00018251806614, 0.000183165146154, 0.000195089334738, 0.000138024508487, 5.02365910506e-05, 0.000102642508864, 0.000107422420115, 5.21618385392e-05, 3.35848126269e-05, 4.33554232586e-05, 6.35187025182e-05, 9.67441810644e-05, 4.36793052359e-05, 5.54645193915e-05, 6.34711977909e-05, 7.36496149329e-05, 5.09839192091e-05, 2.55518098129e-05, 1.25744045363e-05, 2.10638972931e-05, 1.95521406567e-05, 8.37733841763e-06, 1.13177920866e-05, 6.60448768031e-06, 2.69461656899e-06, 1.57507940912e-06, 1.69637417002e-06, 1.46907609633e-06, 1.18014747841e-06, 1.07790685888e-06, 1.94048811863e-06, 1.69520944837e-06, 2.44044736064e-06, 2.77723188447e-06, 4.37445351054e-06, 4.55313283965e-06, 4.04418960898e-06, 3.49329957317e-06, 3.96064206143e-06, 4.29676811109e-06, 4.34659523307e-06, 3.86814190279e-06, 3.75933245778e-06, 3.48288313035e-06, 3.1626082091e-06, 2.36155983657e-06, 1.55497821197e-06, 9.08729703042e-07, 5.90720958371e-07, 3.89980669979e-07, 4.52697236142e-07, 5.9360229443e-07, 5.5413067912e-07, 5.05454465838e-07, 3.48773198766e-07, 3.02327407553e-07, 4.2430809799e-07, 2.34861147419e-07, 2.9504997201e-07, 2.34018912693e-07, 1.76829729526e-07, 2.67065416892e-07, 2.82751159375e-07, 2.07444628586e-07, 2.58355044025e-07, 2.16544634668e-07, 1.48011480405e-07, 1.32342945491e-08, 1.40612764488e-11, 5.31318912478e-12, 5.15996056646e-12, 5.01976585299e-12, 4.89727659467e-12, 4.78694384479e-12, 4.69041559065e-12, 4.60898376756e-12, 4.5408238801e-12, 4.48672219169e-12, 4.44739254105e-12, 4.42262502662e-12]
    },
    "mfcc": {
        "mean": [-773.824707031, 162.186676025, 15.6157617569, 14.0126314163, 6.72187614441, 2.50185537338, -5.02032184601, 6.09854364395, -11.1742200851, 5.38520526886, -2.64639925957, -2.0938603878, -1.35170793533],
        "cov": [[10731.5400391, -246.168334961, -2025.88098145, -176.548309326, 287.613647461, -590.728820801, 88.9002227783, 639.132080078, -554.857177734, 441.78024292, -135.043365479, -176.622253418, -18.7846488953], [-246.168334961, 2160.85693359, 164.322128296, -146.835998535, -32.2794036865, 66.5829772949, -104.023971558, -26.3099269867, 104.01726532, 19.1340236664, 85.7191925049, 42.2113838196, -3.72706270218], [-2025.88098145, 164.322128296, 1832.9107666, 399.81741333, -153.578445435, 386.881011963, -58.053237915, -240.193893433, 258.621154785, -96.8057861328, 35.410610199, 100.539779663, 32.7985649109], [-176.548309326, -146.835998535, 399.81741333, 522.710388184, 91.2562026978, 31.0093002319, 33.6493797302, 48.681842804, 40.6049232483, 13.2347450256, -22.8200111389, 24.5732116699, 35.0846328735], [287.613647461, -32.2794036865, -153.578445435, 91.2562026978, 337.807250977, 32.3759346008, 29.4184417725, 71.039680481, -14.1512680054, 50.0916633606, 19.7465248108, 8.8528585434, 7.08468198776], [-590.728820801, 66.5829772949, 386.881011963, 31.0093002319, 32.3759346008, 450.632232666, 134.993743896, -58.4105262756, 116.750892639, -85.4773101807, 41.4267463684, 13.4821186066, -12.5887022018], [88.9002227783, -104.023971558, -58.053237915, 33.6493797302, 29.4184417725, 134.993743896, 316.459838867, 135.61730957, -8.41632080078, -50.2176094055, -22.0034503937, -7.3705701828, 29.57213974], [639.132080078, -26.3099269867, -240.193893433, 48.681842804, 71.039680481, -58.4105262756, 135.61730957, 297.056427002, -3.97560119629, 40.7218856812, -73.7811203003, -42.7134628296, 15.6180477142], [-554.857177734, 104.01726532, 258.621154785, 40.6049232483, -14.1512680054, 116.750892639, -8.41632080078, -3.97560119629, 247.054977417, 3.35126185417, -2.06765174866, -30.7622852325, -25.6311244965], [441.78024292, 19.1340236664, -96.8057861328, 13.2347450256, 50.0916633606, -85.4773101807, -50.2176094055, 40.7218856812, 3.35126185417, 195.520645142, 41.6632537842, -30.693819046, -33.174987793], [-135.043365479, 85.7191925049, 35.410610199, -22.8200111389, 19.7465248108, 41.4267463684, -22.0034503937, -73.7811203003, -2.06765174866, 41.6632537842, 146.697662354, 54.2117843628, -19.7332115173], [-176.622253418, 42.2113838196, 100.539779663, 24.5732116699, 8.8528585434, 13.4821186066, -7.3705701828, -42.7134628296, -30.7622852325, -30.693819046, 54.2117843628, 155.057540894, 68.1847839355], [-18.7846488953, -3.72706270218, 32.7985649109, 35.0846328735, 7.08468198776, -12.5887022018, 29.57213974, 15.6180477142, -25.6311244965, -33.174987793, -19.7332115173, 68.1847839355, 175.487182617]],
        "icov": [[0.000146627775393, -4.69484712085e-06, 0.000106666026113, -2.69734518952e-05, 2.16892440221e-05, -8.07393080322e-05, 7.16250651749e-05, -0.000206062031793, 0.000268741801847, -0.000282586173853, 0.000111142428068, 1.78509581019e-05, -7.95371761342e-06], [-4.69484712085e-06, 0.000516258412972, -7.32749831514e-05, 0.000214485626202, 1.03275087895e-05, -6.36365148239e-05, 0.000265050533926, -0.000274990452453, -0.000169955732417, 5.83314140385e-05, -0.000343157968018, -6.08265763731e-05, -7.26471262169e-05], [0.000106666026113, -7.32749831514e-05, 0.00133213063236, -0.00104748015292, 0.000760708528105, -0.000981557532214, 0.000374942406779, 0.00053809088422, -0.000503374554683, -0.000352760165697, 0.000483372801682, -0.000654791598208, -7.33282795409e-05], [-2.69734518952e-05, 0.000214485626202, -0.00104748015292, 0.00303379818797, -0.00113682064693, 0.000668204098474, -0.000336069846526, -0.000641283288132, 1.79046837729e-05, -0.000146780759678, 0.000228493358009, -0.00011281537445, -0.000157166679855], [2.16892440221e-05, 1.03275087895e-05, 0.000760708528105, -0.00113682064693, 0.00401338143274, -0.00130083248951, 0.000610737944953, -0.000772248778958, 0.0002141049481, -0.000907172448933, -0.000393589958549, -0.000507165968884, -0.000189312442672], [-8.07393080322e-05, -6.36365148239e-05, -0.000981557532214, 0.000668204098474, -0.00130083248951, 0.00475790305063, -0.00256060762331, 0.0011702910997, -0.00153953803238, 0.00164507934824, -0.00130114669446, 0.000583817949519, 0.000474023399875], [7.16250651749e-05, 0.000265050533926, 0.000374942406779, -0.000336069846526, 0.000610737944953, -0.00256060762331, 0.00610272819176, -0.00350112165324, 0.00106036523357, 0.00118885480333, -0.00107201305218, 0.000532861449756, -0.00086270540487], [-0.000206062031793, -0.000274990452453, 0.00053809088422, -0.000641283288132, -0.000772248778958, 0.0011702910997, -0.00350112165324, 0.00729122664779, -0.00139644253068, -0.0016241830308, 0.00324766291305, -0.000382583151804, 5.87958129472e-05], [0.000268741801847, -0.000169955732417, -0.000503374554683, 1.79046837729e-05, 0.0002141049481, -0.00153953803238, 0.00106036523357, -0.00139644253068, 0.00620229635388, -0.000909875496291, 0.000193884203327, 0.00137373700272, 0.000164092154591], [-0.000282586173853, 5.83314140385e-05, -0.000352760165697, -0.000146780759678, -0.000907172448933, 0.00164507934824, 0.00118885480333, -0.0016241830308, -0.000909875496291, 0.0085793575272, -0.00454436894506, 0.00245557376184, 0.000188994512428], [0.000111142428068, -0.000343157968018, 0.000483372801682, 0.000228493358009, -0.000393589958549, -0.00130114669446, -0.00107201305218, 0.00324766291305, 0.000193884203327, -0.00454436894506, 0.0125591438264, -0.0054497346282, 0.00238170009106], [1.78509581019e-05, -6.08265763731e-05, -0.000654791598208, -0.00011281537445, -0.000507165968884, 0.000583817949519, 0.000532861449756, -0.000382583151804, 0.00137373700272, 0.00245557376184, -0.0054497346282, 0.0113380802795, -0.00420115189627], [-7.95371761342e-06, -7.26471262169e-05, -7.33282795409e-05, -0.000157166679855, -0.000189312442672, 0.000474023399875, -0.00086270540487, 5.87958129472e-05, 0.000164092154591, 0.000188994512428, 0.00238170009106, -0.00420115189627, 0.00788279995322]]
    },
    "spectral_contrast_coeffs": {
        "mean": [-0.713053047657, -0.729476392269, -0.717551529408, -0.770094692707, -0.792807221413, -0.807065844536],
        "stdev": [0.0772344842553, 0.092563457787, 0.125076040626, 0.10548851639, 0.0988645255566, 0.0439945161343]
    },
    "spectral_contrast_valleys": {
        "mean": [-7.56467723846, -7.77591133118, -8.9341802597, -9.39045715332, -9.66473865509, -12.0120897293],
        "stdev": [2.55459213257, 2.53299570084, 2.38306832314, 2.34258389473, 2.33674287796, 2.11908006668]
    }
},
"rhythm": {
    "beats_count": 407,
    "beats_loudness": {
        "mean": 0.0282906871289,
        "stdev": 0.0194973330945
    },
    "bpm": 125.845664978,
    "bpm_histogram_first_peak_bpm": 126,
    "bpm_histogram_first_peak_weight": 0.472779333591,
    "bpm_histogram_second_peak_bpm": 120,
    "bpm_histogram_second_peak_spread": 0.227272689342,
    "bpm_histogram_second_peak_weight": 0.041871920228,
    "danceability": 1.18601667881,
    "onset_rate": 3.59792113304,
    "beats_loudness_band_ratio": {
        "mean": [0.441061407328, 0.189603731036, 0.179011464119, 0.157862856984, 0.0467005446553, 0.0143635375425],
        "stdev": [0.323600560427, 0.178455427289, 0.208678051829, 0.246805503964, 0.101612657309, 0.0349709019065]
    },
    "beats_position": [0.452789098024, 0.905578196049, 1.369977355, 1.83437633514, 2.29877543449, 2.76317453384, 3.22757363319, 3.69197273254, 4.15637159348, 4.63238096237, 5.10838985443, 5.58439922333, 6.07201814651, 6.57124710083, 7.05886602402, 7.55809497833, 8.05732440948, 8.55655288696, 9.04417228699, 9.52018165588, 9.99619007111, 10.47219944, 10.9482088089, 11.412607193, 11.8886165619, 12.3646259308, 12.840634346, 13.3166437149, 13.7926530838, 14.2802715302, 14.756280899, 15.2322902679, 15.7082986832, 16.1843090057, 16.6603164673, 17.1363258362, 17.600725174, 18.0651245117, 18.5295238495, 19.0055332184, 19.4699325562, 19.9459400177, 20.4103393555, 20.8863487244, 21.3623580933, 21.8383674622, 22.3143768311, 22.7903842926, 23.2663936615, 23.7424030304, 24.2184123993, 24.6944217682, 25.1936511993, 25.681268692, 26.168888092, 26.6448974609, 27.1209068298, 27.5969161987, 28.0729255676, 28.537322998, 29.0133323669, 29.4893417358, 29.9537410736, 30.4181404114, 30.8825397491, 31.358549118, 31.8345565796, 32.2989578247, 32.7633552551, 33.2277526855, 33.6921539307, 34.1681632996, 34.6441726685, 35.1085700989, 35.572971344, 36.0373687744, 36.5133781433, 36.9893875122, 37.4653968811, 37.94140625, 38.4290237427, 38.8934249878, 39.3578224182, 39.8222198486, 40.309841156, 40.7858505249, 41.2618598938, 41.7378692627, 42.2138786316, 42.7014961243, 43.1891136169, 43.6651229858, 44.1411323547, 44.6171417236, 45.1047592163, 45.5807685852, 46.0683898926, 46.5560073853, 47.0552368164, 47.5544662476, 48.0653038025, 48.5529251099, 49.0985946655, 49.6442604065, 50.1783218384, 50.7007713318, 51.2116088867, 51.7340583801, 52.2681159973, 52.8021774292, 53.3478431702, 53.9167327881, 54.4740142822, 55.0429000854, 55.6117897034, 56.157459259, 56.7147369385, 57.2836265564, 57.8409042358, 58.433013916, 59.0251235962, 59.6520614624, 60.2906112671, 60.9175491333, 61.4167785645, 61.9043960571, 62.3920173645, 62.9028549194, 63.3904762268, 63.889705658, 64.3889312744, 64.8765487671, 65.3525619507, 65.8285675049, 66.29296875, 66.7689819336, 67.2449874878, 67.720993042, 68.1970062256, 68.6730117798, 69.1490249634, 69.6250305176, 70.1010437012, 70.5886611938, 71.064666748, 71.5406799316, 72.0050811768, 72.481086731, 72.9454879761, 73.4214935303, 73.8975067139, 74.3735122681, 74.8495254517, 75.3255310059, 75.789932251, 76.2543258667, 76.7187271118, 77.1947402954, 77.6707458496, 78.1351470947, 78.5995483398, 79.0639419556, 79.5399551392, 80.0159606934, 80.4803619385, 80.9563674927, 81.4323806763, 81.9199981689, 82.3960113525, 82.8836288452, 83.3596343994, 83.8472518921, 84.3116531372, 84.7876663208, 85.263671875, 85.7512893677, 86.2156906128, 86.6800918579, 87.1560974121, 87.6321105957, 88.1197280884, 88.5957336426, 89.0717468262, 89.5477523804, 90.023765564, 90.4997711182, 90.9757843018, 91.4401779175, 91.9161911011, 92.3921966553, 92.8565979004, 93.3326034546, 93.8086166382, 94.2730178833, 94.7490234375, 95.2250289917, 95.7010421753, 96.1770477295, 96.6414489746, 97.1058502197, 97.5702438354, 98.0346450806, 98.5106582642, 98.9982757568, 99.474281311, 99.9502944946, 100.41469574, 100.879089355, 101.355102539, 101.831108093, 102.307121277, 102.79473877, 103.282356262, 103.758361816, 104.234375, 104.710380554, 105.186393738, 105.67401123, 106.161628723, 106.637641907, 107.125259399, 107.601264954, 108.077278137, 108.553283691, 109.017684937, 109.482086182, 109.958091736, 110.434104919, 110.921722412, 111.409339905, 111.896957397, 112.38457489, 112.860588074, 113.336593628, 113.812606812, 114.277008057, 114.741401672, 115.205802917, 115.670204163, 116.146209717, 116.610610962, 117.086616516, 117.5626297, 118.038635254, 118.503036499, 118.979042053, 119.466667175, 119.954284668, 120.430290222, 120.906303406, 121.393920898, 121.881538391, 122.357551575, 122.845169067, 123.321174622, 123.797187805, 124.273193359, 124.737594604, 125.213600159, 125.689613342, 126.165618896, 126.64163208, 127.117637634, 127.593650818, 128.081268311, 128.568893433, 129.044891357, 129.520904541, 129.985305786, 130.472915649, 130.960540771, 131.436553955, 131.924163818, 132.400177002, 132.876190186, 133.363800049, 133.839813232, 134.315826416, 134.7918396, 135.267837524, 135.743850708, 136.219863892, 136.695877075, 137.171875, 137.647888184, 138.112289429, 138.588302612, 139.064300537, 139.540313721, 140.016326904, 140.503936768, 140.99156189, 141.467575073, 141.943572998, 142.419586182, 142.907211304, 143.394821167, 143.870834351, 144.358459473, 144.846069336, 145.32208252, 145.798095703, 146.285705566, 146.773330688, 147.249343872, 147.725341797, 148.212966919, 148.700592041, 149.188201904, 149.675827026, 150.16343689, 150.651062012, 151.138687134, 151.626296997, 152.113922119, 152.589935303, 153.065933228, 153.541946411, 154.006347656, 154.48236084, 154.958358765, 155.434371948, 155.898773193, 156.386398315, 156.874008179, 157.338409424, 157.814422607, 158.290420532, 158.778045654, 159.254058838, 159.730072021, 160.217681885, 160.705307007, 161.181304932, 161.657318115, 162.133331299, 162.620956421, 163.108566284, 163.596191406, 164.08380127, 164.559814453, 165.047439575, 165.535049438, 166.022674561, 166.510284424, 166.997909546, 167.485534668, 167.973144531, 168.460769653, 168.936782837, 169.412780762, 169.900405884, 170.376419067, 170.852416992, 171.328430176, 171.816055298, 172.292053223, 172.779678345, 173.267303467, 173.743301392, 174.219314575, 174.706939697, 175.194549561, 175.682174683, 176.169799805, 176.634185791, 177.110198975, 177.586212158, 178.073822021, 178.561447144, 179.025848389, 179.513473511, 180.001083374, 180.488708496, 180.953109741, 181.417495728, 181.881896973, 182.346298218, 182.83392334, 183.309921265, 183.785934448, 184.296783447, 184.830841064, 185.318450928, 185.817687988, 186.31690979, 186.816146851, 187.315368652, 187.826202393, 188.302215576, 188.789840698, 189.2890625, 189.776687622, 190.275909424, 190.775146484, 191.297592163, 191.820037842, 192.342483521, 192.864944458, 193.410614014, 193.956283569, 194.501953125, 195.024398804, 195.558456421, 196.092514038, 196.626571655, 197.160629272],
    "bpm_histogram": [0, 0, 0, 0, 0, 0, 0, 0, 0, 0, 0, 0, 0, 0, 0, 0, 0, 0, 0, 0, 0, 0, 0, 0, 0, 0, 0, 0, 0, 0, 0, 0, 0, 0, 0, 0, 0, 0, 0, 0, 0, 0, 0, 0, 0, 0, 0, 0, 0, 0, 0, 0, 0, 0, 0, 0, 0, 0, 0, 0, 0, 0, 0, 0, 0, 0, 0, 0, 0, 0, 0, 0, 0, 0, 0, 0, 0, 0, 0, 0, 0, 0, 0, 0, 0, 0, 0, 0, 0, 0, 0, 0, 0, 0, 0.00246305414476, 0, 0.00492610828951, 0, 0, 0, 0, 0.00492610828951, 0, 0, 0, 0.00985221657902, 0, 0, 0.0073891626671, 0, 0.0172413792461, 0, 0.019704433158, 0, 0, 0.0172413792461, 0, 0.0123152704909, 0, 0, 0.041871920228, 0, 0, 0.236453205347, 0, 0, 0.453201979399, 0, 0, 0.169950738549, 0, 0, 0, 0.00246305414476, 0, 0, 0, 0, 0, 0, 0, 0, 0, 0, 0, 0, 0, 0, 0, 0, 0, 0, 0, 0, 0, 0, 0, 0, 0, 0, 0, 0, 0, 0, 0, 0, 0, 0, 0, 0, 0, 0, 0, 0, 0, 0, 0, 0, 0, 0, 0, 0, 0, 0, 0, 0, 0, 0, 0, 0, 0, 0, 0, 0, 0, 0, 0, 0, 0, 0, 0, 0, 0, 0, 0, 0, 0, 0, 0, 0, 0, 0, 0, 0, 0, 0, 0, 0, 0, 0, 0, 0, 0, 0, 0, 0, 0, 0, 0, 0, 0, 0, 0, 0, 0, 0, 0, 0, 0, 0, 0, 0, 0, 0, 0, 0, 0, 0, 0, 0]
},
"tonal": {
    "chords_changes_rate": 0.100422337651,
    "chords_number_rate": 0.00398873770609,
    "chords_strength": {
        "mean": 0.476852685213,
        "stdev": 0.169174581766
    },
    "hpcp_crest": {
        "mean": 14.9424266815,
        "stdev": 7.11359357834
    },
    "hpcp_entropy": {
        "mean": 1.7103331089,
        "stdev": 0.709311902523
    },
    "key_edma": {
        "strength": 0.744292199612,
        "key": "A#",
        "scale": "major"
    },
    "key_krumhansl": {
        "strength": 0.757398724556,
        "key": "A#",
        "scale": "major"
    },
    "key_temperley": {
        "strength": 0.77341490984,
        "key": "A#",
        "scale": "major"
    },
    "tuning_diatonic_strength": 0.616385102272,
    "tuning_equal_tempered_deviation": 0.0935770943761,
    "tuning_frequency": 441.272583008,
    "tuning_nontempered_energy_ratio": 0.788958787918,
    "hpcp": {
        "mean": [0.128481984138, 0.117127768695, 0.164100512862, 0.194863706827, 0.113387368619, 0.0618154965341, 0.0519505701959, 0.0569330044091, 0.112981624901, 0.126481696963, 0.0775930508971, 0.0560686104, 0.0518476143479, 0.0548725984991, 0.0969179198146, 0.16521500051, 0.13152565062, 0.0972938984632, 0.108413867652, 0.0649911686778, 0.0374884046614, 0.037788849324, 0.0596652217209, 0.172260016203, 0.200349897146, 0.0954832881689, 0.0835256278515, 0.0859420523047, 0.0809444487095, 0.183155968785, 0.200149655342, 0.0998937115073, 0.0608142651618, 0.0648519024253, 0.0760109424591, 0.101109445095],
        "stdev": [0.250342994928, 0.232544645667, 0.26841032505, 0.316080540419, 0.230234086514, 0.179697245359, 0.16598829627, 0.153265476227, 0.243758261204, 0.262165367603, 0.197720125318, 0.166333585978, 0.160883232951, 0.16358833015, 0.202623054385, 0.29903498292, 0.269644111395, 0.19834959507, 0.24264280498, 0.164952874184, 0.12492647022, 0.131422698498, 0.154809400439, 0.292955994606, 0.320961803198, 0.207003459334, 0.212148204446, 0.219876289368, 0.187134519219, 0.312149316072, 0.322909802198, 0.21839903295, 0.162543118, 0.177258238196, 0.208963632584, 0.21695163846]
    },
    "chords_histogram": [20.6475830078, 10.2534017563, 8.07132816315, 0.821210682392, 0.375410616398, 0.0703894868493, 5.18535900116, 7.01548576355, 2.44016885757, 1.19662129879, 4.48146390915, 3.16752696037, 2.25246357918, 0.328484266996, 0.0703894868493, 3.58986401558, 1.45471608639, 4.05912733078, 0.422336935997, 3.33176922798, 0.91506332159, 6.47583293915, 4.08259010315, 9.29141235352],
    "thpcp": [1, 0.476582676172, 0.416898787022, 0.428959816694, 0.404015421867, 0.914180517197, 0.999000549316, 0.498596280813, 0.303540289402, 0.323693215847, 0.379390984774, 0.504664301872, 0.641287982464, 0.584616065025, 0.819069623947, 0.972616970539, 0.565946698189, 0.308537691832, 0.259299218655, 0.28416788578, 0.563921570778, 0.63130402565, 0.387287706137, 0.279853463173, 0.25878533721, 0.273883849382, 0.483743309975, 0.82463234663, 0.656479775906, 0.485619902611, 0.541122674942, 0.324388325214, 0.187114670873, 0.188614264131, 0.297805100679, 0.859795868397],
    "chords_key": "A#",
    "chords_scale": "major"
}
}