{
"metadata": {
    "version": {
        "essentia": "2.1-dev",
        "essentia_git_sha": "v2.1_beta3-415-gd5473f3",
        "extractor": "music 2.0"
    },
    "audio_properties": {
        "analysis": {
            "equal_loudness": 0,
            "length": 325.328979492,
            "sample_rate": 44100,
            "start_time": 0,
            "downmix": "mix"
        },
        "bit_rate": 192000,
        "length": 325.328979492,
        "lossless": 0,
        "number_channels": 2,
        "replay_gain": -3.87525939941,
        "sample_rate": 44100,
        "codec": "mp3",
        "md5_encoded": "38cb47912349cf692845a081b4065a9d"
    },
    "tags": {
        "file_name": "gary_burton--bags_groove.mp3",
        "album": ["For Hamp, Red, Bags & Cal"],
        "artist": ["Gary Burton"],
        "date": ["2001"],
        "genre": ["Other"],
        "title": ["Bag's Groove"]
    }
},
"lowlevel": {
    "average_loudness": 0.40442442894,
    "barkbands_crest": {
        "mean": 15.3553552628,
        "stdev": 4.98941707611
    },
    "barkbands_flatness_db": {
        "mean": 0.265750586987,
        "stdev": 0.0902703255415
    },
    "barkbands_kurtosis": {
        "mean": 33.7910079956,
        "stdev": 69.8383178711
    },
    "barkbands_skewness": {
        "mean": 3.23720765114,
        "stdev": 2.97284674644
    },
    "barkbands_spread": {
        "mean": 7.789478302,
        "stdev": 9.96205615997
    },
    "dissonance": {
        "mean": 0.395481705666,
        "stdev": 0.0720606967807
    },
    "dynamic_complexity": 6.43224525452,
    "erbbands_crest": {
        "mean": 15.6602840424,
        "stdev": 7.37170124054
    },
    "erbbands_flatness_db": {
        "mean": 0.214954108,
        "stdev": 0.0945563092828
    },
    "erbbands_kurtosis": {
        "mean": 11.5113019943,
        "stdev": 23.7933921814
    },
    "erbbands_skewness": {
        "mean": 1.81764733791,
        "stdev": 1.78210496902
    },
    "erbbands_spread": {
        "mean": 25.3161849976,
        "stdev": 24.2391738892
    },
    "hfc": {
        "mean": 9.41881656647,
        "stdev": 12.0441274643
    },
    "loudness_ebu128": {
        "integrated": -19.3211975098,
        "loudness_range": 9.71000671387,
        "momentary": {
            "mean": -23.7853012085,
            "stdev": 17.0307579041
        },
        "short_term": {
            "mean": -21.5572071075,
            "stdev": 5.85622882843
        }
    },
    "melbands_crest": {
        "mean": 19.2838401794,
        "stdev": 5.86540842056
    },
    "melbands_flatness_db": {
        "mean": 0.371826291084,
        "stdev": 0.10023035109
    },
    "melbands_kurtosis": {
        "mean": 43.9986801147,
        "stdev": 74.8801651001
    },
    "melbands_skewness": {
        "mean": 3.38468790054,
        "stdev": 2.96657419205
    },
    "melbands_spread": {
        "mean": 7.5689740181,
        "stdev": 11.4075975418
    },
    "pitch_salience": {
        "mean": 0.409823030233,
        "stdev": 0.138456836343
    },
    "silence_rate_20dB": {
        "mean": 0.999571800232,
        "stdev": 0.0206874925643
    },
    "silence_rate_30dB": {
        "mean": 0.931487321854,
        "stdev": 0.252631664276
    },
    "silence_rate_60dB": {
        "mean": 0.207250922918,
        "stdev": 0.405349344015
    },
    "spectral_centroid": {
        "mean": 538.352905273,
        "stdev": 761.627929688
    },
    "spectral_complexity": {
        "mean": 6.2660574913,
        "stdev": 3.99559783936
    },
    "spectral_decrease": {
        "mean": -8.86443896064e-09,
        "stdev": 1.14198526191e-08
    },
    "spectral_energy": {
        "mean": 0.034310720861,
        "stdev": 0.0439178459346
    },
    "spectral_energyband_high": {
        "mean": 0.000105296894617,
        "stdev": 0.000269785494311
    },
    "spectral_energyband_low": {
        "mean": 0.0214601568878,
        "stdev": 0.036953151226
    },
    "spectral_energyband_middle_high": {
        "mean": 0.0015041133156,
        "stdev": 0.00517898844555
    },
    "spectral_energyband_middle_low": {
        "mean": 0.0121933175251,
        "stdev": 0.0182184204459
    },
    "spectral_entropy": {
        "mean": 6.35881376266,
        "stdev": 0.940554738045
    },
    "spectral_flux": {
        "mean": 0.0629984363914,
        "stdev": 0.0654708519578
    },
    "spectral_kurtosis": {
        "mean": 14.7513818741,
        "stdev": 16.9919338226
    },
    "spectral_rms": {
        "mean": 0.00472688861191,
        "stdev": 0.00333622517064
    },
    "spectral_rolloff": {
        "mean": 630.486206055,
        "stdev": 1580.7512207
    },
    "spectral_skewness": {
        "mean": 3.01034855843,
        "stdev": 1.31689226627
    },
    "spectral_spread": {
        "mean": 5183478.5,
        "stdev": 3457581.5
    },
    "spectral_strongpeak": {
        "mean": 0.962536871433,
        "stdev": 1.23571431637
    },
    "zerocrossingrate": {
        "mean": 0.0310896318406,
        "stdev": 0.0425175838172
    },
    "barkbands": {
        "mean": [6.45026666461e-05, 0.0125480629504, 0.00799746997654, 0.00163695972878, 0.00180743413512, 0.00154117983766, 0.00398212578148, 0.00230650091544, 0.000715420872439, 0.000543963164091, 0.000380922458135, 0.000255607505096, 0.000166625861311, 8.32832665765e-05, 8.8143046014e-05, 3.16329278576e-05, 2.25898547797e-05, 1.6698926629e-05, 1.2131058611e-05, 9.33569117478e-06, 9.13694111659e-06, 1.15961966003e-05, 1.39983794725e-05, 1.80494516826e-05, 1.90294813365e-05, 2.18796922127e-05, 6.42164786768e-06],
        "stdev": [0.00012962378969, 0.0227727107704, 0.0191509500146, 0.00354299857281, 0.00462359143421, 0.00346509204246, 0.0118862921372, 0.00778902834281, 0.00249359593727, 0.00310056307353, 0.00321009662002, 0.00210601324216, 0.000825736147817, 0.000449278624728, 0.000611469848081, 0.000206156793865, 0.000142485892866, 9.4353374152e-05, 5.03112569277e-05, 3.03184060613e-05, 3.49861002178e-05, 4.11166693084e-05, 5.00138521602e-05, 4.58368267573e-05, 4.67486752314e-05, 7.69940234022e-05, 3.6374800402e-05]
    },
    "erbbands": {
        "mean": [0.23161496222, 3.31285881996, 9.67586517334, 6.69682073593, 6.79830551147, 4.83951044083, 7.42983913422, 16.8956794739, 59.7613334656, 44.682094574, 40.5986557007, 21.3402500153, 16.3992233276, 17.7496814728, 12.3980865479, 12.1817111969, 8.24316215515, 4.60608005524, 4.55432748795, 3.5898065567, 1.60569536686, 1.20622360706, 1.11077177525, 0.603694975376, 0.513795077801, 0.421050339937, 0.449020981789, 0.338962823153, 0.422710746527, 0.376417040825, 0.427465081215, 0.340916931629, 0.322735726833, 0.233895152807, 0.126956477761, 0.0869738534093, 0.0423940382898, 0.01046633441, 0.00109293835703, 7.32976695872e-05],
        "stdev": [0.413914263248, 6.08866405487, 21.7759609222, 12.8027629852, 19.6804676056, 10.8178882599, 15.9270505905, 40.258190155, 203.181686401, 119.129669189, 159.612197876, 69.9674072266, 81.943107605, 121.299842834, 104.207885742, 106.052467346, 35.6358261108, 20.7395515442, 22.0209350586, 21.7088718414, 8.18765926361, 5.47720909119, 6.45766162872, 2.00442695618, 1.96867883205, 1.4337451458, 1.82939910889, 1.23497891426, 1.64017689228, 1.23442685604, 1.75764393806, 0.881766974926, 0.835513472557, 0.589712142944, 0.319574981928, 0.26722329855, 0.16254748404, 0.0448736920953, 0.00659213261679, 0.000267746858299]
    },
    "gfcc": {
        "mean": [-130.498550415, 115.554450989, -55.0175247192, 7.93629026413, -51.9346084595, 16.5127124786, -35.7356071472, 9.61945343018, -16.1610679626, 10.8913888931, -10.0072650909, -1.4715846777, -13.8169345856],
        "cov": [[22249.0566406, 252.370986938, 777.66998291, 492.867523193, -309.623535156, 571.522277832, -193.010299683, 154.940139771, -405.533203125, 54.1219291687, -553.561645508, 9.98406028748, -620.866088867], [252.370986938, 1463.48925781, -506.969024658, -276.621337891, 225.985214233, -154.048217773, 46.1790084839, -109.797477722, 133.937988281, 35.2992210388, 190.437438965, -89.7873077393, 125.971389771], [777.66998291, -506.969024658, 2292.24169922, 740.981323242, -8.00896072388, 533.430908203, 100.692985535, 59.6708564758, -232.984649658, -99.0652008057, -215.603637695, -16.0959033966, -192.634246826], [492.867523193, -276.621337891, 740.981323242, 640.760681152, 98.1671600342, 229.554931641, 76.1567459106, 46.5555114746, -143.483123779, -51.7346763611, -96.9398422241, -2.34000325203, -63.5562095642], [-309.623535156, 225.985214233, -8.00896072388, 98.1671600342, 382.216217041, 96.8783874512, 72.5151367188, -12.4816617966, -8.12251281738, -23.0324649811, 61.1698608398, 13.2306985855, 37.0599365234], [571.522277832, -154.048217773, 533.430908203, 229.554931641, 96.8783874512, 400.885437012, 101.893638611, 73.1882095337, -133.318237305, -73.3849639893, -85.4329605103, 27.8055419922, -56.4665870667], [-193.010299683, 46.1790084839, 100.692985535, 76.1567459106, 72.5151367188, 101.893638611, 287.401245117, 146.35887146, -18.350692749, -111.590637207, -61.3027877808, -33.6048202515, -0.225178480148], [154.940139771, -109.797477722, 59.6708564758, 46.5555114746, -12.4816617966, 73.1882095337, 146.35887146, 291.893218994, 95.5376434326, -47.6264533997, -135.764297485, -58.3688011169, -46.1605148315], [-405.533203125, 133.937988281, -232.984649658, -143.483123779, -8.12251281738, -133.318237305, -18.350692749, 95.5376434326, 380.834411621, 165.935699463, 31.084197998, -94.8083572388, -11.7276067734], [54.1219291687, 35.2992210388, -99.0652008057, -51.7346763611, -23.0324649811, -73.3849639893, -111.590637207, -47.6264533997, 165.935699463, 287.807769775, 149.554229736, -13.696726799, -39.0652198792], [-553.561645508, 190.437438965, -215.603637695, -96.9398422241, 61.1698608398, -85.4329605103, -61.3027877808, -135.764297485, 31.084197998, 149.554229736, 266.660522461, 74.2709960938, 39.9458312988], [9.98406028748, -89.7873077393, -16.0959033966, -2.34000325203, 13.2306985855, 27.8055419922, -33.6048202515, -58.3688011169, -94.8083572388, -13.696726799, 74.2709960938, 146.853744507, 59.5307998657], [-620.866088867, 125.971389771, -192.634246826, -63.5562095642, 37.0599365234, -56.4665870667, -0.225178480148, -46.1605148315, -11.7276067734, -39.0652198792, 39.9458312988, 59.5307998657, 153.621612549]],
        "icov": [[7.25196296116e-05, -0.000139928175486, 4.26870974479e-05, -6.17529367446e-05, 6.10266870353e-05, -3.89992055716e-05, 1.85132394108e-05, 3.23912172462e-05, 7.39770912332e-05, -0.000208753961488, 0.000419724965468, -0.00042370983283, 0.000424131634645], [-0.000139928175486, 0.00144879962318, -9.2308044259e-05, 0.000511707097758, -0.000632522627711, -9.16883618629e-06, -0.000133234949317, 0.000129407635541, -0.000170040875673, 0.000815404288005, -0.00194281444419, 0.00265041622333, -0.00179721286986], [4.26870974479e-05, -9.2308044259e-05, 0.000972761423327, -0.000861346547026, 0.000441214098828, -0.00090055540204, -6.43854291411e-05, 0.00049946620129, -0.000186450590263, 6.48926197755e-06, 0.000467718928121, -0.000341571547324, 0.000822347414214], [-6.17529367446e-05, 0.000511707097758, -0.000861346547026, 0.00314823258668, -0.00117245642468, 0.000119582633488, -0.000314871547744, -0.000332943134708, 0.00103586248588, -0.000765223347116, 0.000171737381606, 0.000968375592493, -0.000755921122618], [6.10266870353e-05, -0.000632522627711, 0.000441214098828, -0.00117245642468, 0.00405747955665, -0.0015569262905, -0.000329635891831, 0.000384345796192, -0.000810915080365, 0.000930732348934, -0.00117068900727, -0.000177064925083, -5.47939089302e-05], [-3.89992055716e-05, -9.16883618629e-06, -0.00090055540204, 0.000119582633488, -0.0015569262905, 0.00531739043072, -0.00104573997669, -0.000857231789269, 0.00135363871232, -0.00108547275886, 0.00145843450446, -0.00193195673637, 0.00103784969542], [1.85132394108e-05, -0.000133234949317, -6.43854291411e-05, -0.000314871547744, -0.000329635891831, -0.00104573997669, 0.00689220381901, -0.00385552691296, 0.000385806604754, 0.00300179421902, -0.00298261805438, 0.00258556543849, -0.00091379287187], [3.23912172462e-05, 0.000129407635541, 0.00049946620129, -0.000332943134708, 0.000384345796192, -0.000857231789269, -0.00385552691296, 0.0082967877388, -0.00302225607447, -0.000482781470055, 0.00418240763247, -0.00226471270435, 0.00202950788662], [7.39770912332e-05, -0.000170040875673, -0.000186450590263, 0.00103586248588, -0.000810915080365, 0.00135363871232, 0.000385806604754, -0.00302225607447, 0.00669204629958, -0.00422813510522, 0.000712078297511, 0.00271775573492, -0.00138386385515], [-0.000208753961488, 0.000815404288005, 6.48926197755e-06, -0.000765223347116, 0.000930732348934, -0.00108547275886, 0.00300179421902, -0.000482781470055, -0.00422813510522, 0.01109259855, -0.00815002992749, 0.00322795682587, 0.000781400070991], [0.000419724965468, -0.00194281444419, 0.000467718928121, 0.000171737381606, -0.00117068900727, 0.00145843450446, -0.00298261805438, 0.00418240763247, 0.000712078297511, -0.00815002992749, 0.0153126362711, -0.00997173041105, 0.00388221419416], [-0.00042370983283, 0.00265041622333, -0.000341571547324, 0.000968375592493, -0.000177064925083, -0.00193195673637, 0.00258556543849, -0.00226471270435, 0.00271775573492, 0.00322795682587, -0.00997173041105, 0.0193047840148, -0.00911726802588], [0.000424131634645, -0.00179721286986, 0.000822347414214, -0.000755921122618, -5.47939089302e-05, 0.00103784969542, -0.00091379287187, 0.00202950788662, -0.00138386385515, 0.000781400070991, 0.00388221419416, -0.00911726802588, 0.0140356756747]]
    },
    "melbands": {
        "mean": [0.00287531409413, 0.00497784186155, 0.00124754104763, 0.000421799777541, 0.000242637062911, 0.000425737729529, 0.00083882297622, 0.000475557637401, 0.000286483671516, 0.000126482220367, 7.87247045082e-05, 7.14831767255e-05, 4.16213842982e-05, 3.16839905281e-05, 2.23021434067e-05, 1.90240371012e-05, 7.17110424375e-06, 6.81292021909e-06, 8.31716988614e-06, 2.77960793937e-06, 1.56238388627e-06, 1.37318943416e-06, 9.5115115073e-07, 7.53803078624e-07, 4.68868847747e-07, 4.83283258745e-07, 2.87976121172e-07, 2.69870469083e-07, 3.12324687002e-07, 2.01160389679e-07, 1.9303358556e-07, 2.43004109279e-07, 2.14884394723e-07, 2.07790833429e-07, 2.51389479899e-07, 2.09201203916e-07, 2.1303898734e-07, 2.33820387052e-07, 2.10828758895e-07, 1.90311467918e-07],
        "stdev": [0.00511431600899, 0.0097223604098, 0.00233907974325, 0.00114487158135, 0.000497315544635, 0.00104059523437, 0.00266662077047, 0.00137596821878, 0.0011898096418, 0.000458489055745, 0.000410465378081, 0.000494030537084, 0.00033796048956, 0.000260225700913, 0.000131740234792, 0.000110282533569, 4.13390007452e-05, 3.60424273822e-05, 6.2155930209e-05, 1.92700881598e-05, 9.10656308406e-06, 7.65335789765e-06, 4.67627069156e-06, 4.02087971452e-06, 1.62392302627e-06, 2.46319336838e-06, 1.01283069398e-06, 1.07101004687e-06, 1.29508794089e-06, 7.02961983734e-07, 7.52397170345e-07, 1.2643502032e-06, 6.62623847347e-07, 8.44725946081e-07, 1.07965354346e-06, 6.74392651945e-07, 5.67345239233e-07, 6.37960056338e-07, 5.57439079785e-07, 4.84884765228e-07]
    },
    "melbands128": {
        "mean": [6.17899931967e-05, 0.00114812259562, 0.00423441966996, 0.0058499132283, 0.00571245886385, 0.00336993066594, 0.00127905630507, 0.000798641063739, 0.00074665423017, 0.000437051552581, 0.000202638228075, 0.000223123584874, 0.00025729261688, 0.000246810057433, 0.000292360811727, 0.000360933016054, 0.00131122395396, 0.000857554958202, 0.000490190053824, 0.000469434307888, 0.000579164538067, 0.000345524924342, 0.000361812795745, 6.27465196885e-05, 0.000110614717414, 0.000188426551176, 5.14904641022e-05, 9.08073707251e-05, 6.00648309046e-05, 8.06091702543e-05, 7.92395803728e-05, 5.00671885675e-05, 2.8179398214e-05, 5.82000757277e-05, 1.30508751681e-05, 3.56800192094e-05, 3.99051350541e-05, 2.35897350649e-05, 9.32451621338e-06, 1.65239598573e-05, 3.27599918819e-05, 4.23560595664e-06, 5.17034141012e-06, 8.15056046122e-06, 1.14826771096e-05, 4.38041752204e-06, 4.01118586524e-06, 1.59705068654e-05, 5.1284428082e-06, 1.49488585066e-06, 3.80675010092e-06, 3.22488222082e-06, 9.37367587994e-07, 1.15899376851e-06, 1.96513474293e-06, 1.3579493725e-06, 1.08104507035e-06, 5.44701379113e-07, 8.19851436518e-07, 1.92748370864e-06, 4.3696130092e-07, 3.34852984452e-07, 4.35766963847e-07, 3.65041529449e-07, 7.57801956297e-07, 5.78828803555e-07, 2.8877033742e-07, 2.29092080417e-07, 3.54654275725e-07, 2.68271151072e-07, 2.45124027742e-07, 2.6023391797e-07, 3.37674833872e-07, 3.6415087834e-07, 2.44829493568e-07, 1.71172573005e-07, 2.03409427968e-07, 1.89148749996e-07, 1.69536477301e-07, 2.11742488432e-07, 2.59537159764e-07, 2.32754416629e-07, 2.75830728924e-07, 1.84476178333e-07, 2.11100413594e-07, 1.84803965908e-07, 2.32602147321e-07, 1.9179923072e-07, 2.53672112649e-07, 3.17676267514e-07, 1.98358648618e-07, 1.84924445534e-07, 1.98286116415e-07, 1.88706323456e-07, 2.41543290258e-07, 2.61345320496e-07, 2.23378208375e-07, 2.13599577137e-07, 2.04273433724e-07, 2.03768721008e-07, 2.4047673719e-07, 1.67563698028e-07, 1.67067341295e-07, 1.57183137617e-07, 1.43374037975e-07, 1.27794265836e-07, 1.09350267508e-07, 1.33489123755e-07, 1.75800352054e-07, 1.64407779835e-07, 1.37943047207e-07, 1.45560022702e-07, 1.47610734302e-07, 1.2964585494e-07, 9.42323339359e-08, 9.01329570979e-08, 9.00726178088e-08, 5.79929384514e-08, 3.66083874326e-08, 3.85407048498e-08, 2.74064628769e-08, 1.44250762446e-08, 1.02547081937e-08, 6.38795283336e-09, 2.7171316308e-09, 1.38792388693e-09, 4.68244776286e-10, 3.3185256626e-11],
        "stdev": [0.000126410173834, 0.00223761564121, 0.0080929286778, 0.0115655371919, 0.0127749862149, 0.0078955758363, 0.00263590971008, 0.00191948120482, 0.00255494192243, 0.00152741372585, 0.000510684039909, 0.000645628024358, 0.000645507767331, 0.000710596388672, 0.000930469250306, 0.00119545182679, 0.00512817362323, 0.00297937332653, 0.00151587405708, 0.00160587497521, 0.00240087346174, 0.00154699536506, 0.00186507368926, 0.000317093741614, 0.000464634853415, 0.000787705706898, 0.000313958298648, 0.00073990348028, 0.000385602761526, 0.000717048242223, 0.000720285694115, 0.000575775047764, 0.000298533239402, 0.000718297145795, 0.00010410683899, 0.000421499164077, 0.000457865302451, 0.000135891648824, 4.73773106933e-05, 9.28606532398e-05, 0.000215863023186, 1.80763545359e-05, 4.15487556893e-05, 7.23664998077e-05, 8.20449131425e-05, 3.05535613734e-05, 4.38687093265e-05, 0.000137051407364, 3.63891194866e-05, 2.24502509809e-05, 3.20747349178e-05, 2.52181380347e-05, 5.86583291806e-06, 1.17494337246e-05, 2.22915678023e-05, 6.90271190251e-06, 6.06990261076e-06, 2.04891375688e-06, 5.61744946026e-06, 1.46245474753e-05, 2.0842160211e-06, 1.46301306359e-06, 1.56805106144e-06, 1.31188562591e-06, 4.30934005635e-06, 4.0404174797e-06, 1.21187747482e-06, 8.40783400236e-07, 1.9343187887e-06, 8.70458222835e-07, 1.44646287481e-06, 1.78240225068e-06, 1.09545362648e-06, 2.00872341338e-06, 1.57143847446e-06, 5.26069868556e-07, 7.80607024353e-07, 1.18017078421e-06, 6.6119037001e-07, 7.81703249686e-07, 3.30082571054e-06, 6.86829366714e-07, 1.188071451e-06, 6.31234229331e-07, 9.11894630917e-07, 7.04198043877e-07, 1.5344979829e-06, 8.20841876248e-07, 9.70372411757e-07, 2.50742959906e-06, 7.65252650581e-07, 5.81840311042e-07, 5.98970700594e-07, 5.32733906766e-07, 7.57045427235e-07, 8.4073974449e-07, 6.383581308e-07, 6.15741271304e-07, 6.16567263023e-07, 6.09186713518e-07, 6.87891088091e-07, 4.65606888156e-07, 4.34198568655e-07, 4.14314968111e-07, 4.02376571174e-07, 3.56523855771e-07, 2.983963725e-07, 3.96277954451e-07, 5.71756743284e-07, 5.93993263465e-07, 4.99986185787e-07, 5.65891696169e-07, 6.2784374677e-07, 5.7302594314e-07, 3.78747358809e-07, 3.7953529386e-07, 4.0768350118e-07, 3.50052573594e-07, 2.59993441887e-07, 2.90813375159e-07, 2.13943721405e-07, 1.17105130926e-07, 9.78985426059e-08, 7.54305489181e-08, 3.83103646584e-08, 1.90936599864e-08, 6.92523727253e-09, 5.79598591344e-10]
    },
    "mfcc": {
        "mean": [-792.81072998, 153.984832764, 49.82604599, 9.6455450058, 12.8957166672, 5.81938314438, 1.99166107178, -1.65979611874, -0.355908691883, 4.83706140518, 5.73031949997, 5.77609014511, 3.02705264091],
        "cov": [[13157.9560547, 1400.20288086, 141.576568604, 251.932373047, 50.8929443359, 141.889160156, 236.881332397, 141.718490601, 84.58568573, 24.2753162384, 51.5864715576, -59.2049026489, -126.42578125], [1400.20288086, 1487.15795898, 69.3869247437, -58.281162262, 98.0259857178, 42.2731170654, 34.6891326904, -63.0772247314, -40.8571166992, 9.65029335022, 31.7694091797, 26.710943222, 22.2928161621], [141.576568604, 69.3869247437, 1494.18359375, 351.071380615, 159.205307007, 256.860900879, 241.011062622, 144.851821899, 78.0104827881, 63.5083045959, -20.7602005005, -73.6311187744, -87.5788345337], [251.932373047, -58.281162262, 351.071380615, 399.239074707, 123.776283264, 85.5419769287, 123.076431274, 54.5880508423, 39.3304290771, 34.9062156677, 5.70165205002, -33.0533752441, -27.6597118378], [50.8929443359, 98.0259857178, 159.205307007, 123.776283264, 273.098876953, 145.698852539, 73.4395370483, 24.1212368011, -10.5730009079, -9.18483924866, -3.71498513222, 7.19864559174, 5.59965229034], [141.889160156, 42.2731170654, 256.860900879, 85.5419769287, 145.698852539, 250.195648193, 149.906768799, 23.8186454773, -33.4230155945, -35.9029159546, -19.017124176, -14.3231220245, -2.37305760384], [236.881332397, 34.6891326904, 241.011062622, 123.076431274, 73.4395370483, 149.906768799, 336.545288086, 188.773773193, 9.00138378143, -59.6724662781, -63.8113441467, -71.7025222778, -67.7813568115], [141.718490601, -63.0772247314, 144.851821899, 54.5880508423, 24.1212368011, 23.8186454773, 188.773773193, 322.503936768, 172.162460327, 9.86642932892, -57.8079605103, -63.1556854248, -90.6263275146], [84.58568573, -40.8571166992, 78.0104827881, 39.3304290771, -10.5730009079, -33.4230155945, 9.00138378143, 172.162460327, 268.412811279, 147.959579468, 18.4993267059, -19.519618988, -33.2164802551], [24.2753162384, 9.65029335022, 63.5083045959, 34.9062156677, -9.18483924866, -35.9029159546, -59.6724662781, 9.86642932892, 147.959579468, 222.394195557, 118.944831848, 30.9929199219, 22.3812580109], [51.5864715576, 31.7694091797, -20.7602005005, 5.70165205002, -3.71498513222, -19.017124176, -63.8113441467, -57.8079605103, 18.4993267059, 118.944831848, 174.887252808, 102.695091248, 47.8244094849], [-59.2049026489, 26.710943222, -73.6311187744, -33.0533752441, 7.19864559174, -14.3231220245, -71.7025222778, -63.1556854248, -19.519618988, 30.9929199219, 102.695091248, 157.787017822, 96.0412139893], [-126.42578125, 22.2928161621, -87.5788345337, -27.6597118378, 5.59965229034, -2.37305760384, -67.7813568115, -90.6263275146, -33.2164802551, 22.3812580109, 47.8244094849, 96.0412139893, 169.220901489]],
        "icov": [[8.96474157344e-05, -9.62373596849e-05, 2.9269953302e-05, -9.93822468445e-05, 9.1267771495e-05, -9.23220286495e-05, 2.06095428439e-05, -4.62310999865e-05, -3.13083801302e-05, 5.38411586604e-05, -8.25650495244e-05, 2.91832056973e-05, 5.12440965394e-05], [-9.62373596849e-05, 0.000846309354529, -0.000119501724839, 0.000472121289931, -0.00057668518275, 0.000427555351052, -0.000509705860168, 0.000554655329324, -0.000169576625922, -3.3781518141e-05, -4.90878410346e-05, -3.59608347935e-05, -4.46414014732e-05], [2.9269953302e-05, -0.000119501724839, 0.00106473139022, -0.000797386746854, 0.000361492333468, -0.00111818197183, 0.00015252015146, -0.000414100126363, 0.000359233788913, -0.000800418900326, 0.000501262547914, -0.000249724253081, 0.000446439895313], [-9.93822468445e-05, 0.000472121289931, -0.000797386746854, 0.00421084556729, -0.00202712556347, 0.00141666212585, -0.00193063647021, 0.00148546439596, -0.00109864771366, 0.000211761522223, -0.000856133818161, 0.000856614497025, -0.000239554734435], [9.1267771495e-05, -0.00057668518275, 0.000361492333468, -0.00202712556347, 0.00660598929971, -0.00431321933866, 0.00177034863736, -0.00182177277748, 0.00125099823344, -0.000858180923387, 0.000997941475362, -0.00119562202599, 0.000209886333323], [-9.23220286495e-05, 0.000427555351052, -0.00111818197183, 0.00141666212585, -0.00431321933866, 0.00972755625844, -0.00489383982494, 0.00336452946067, -0.00165248895064, 0.00162710051518, -0.000909119495191, 0.000495443935506, -0.000915482873097], [2.06095428439e-05, -0.000509705860168, 0.00015252015146, -0.00193063647021, 0.00177034863736, -0.00489383982494, 0.00955825299025, -0.00737755652517, 0.0044335462153, -0.00056589813903, -0.000233179889619, 0.00163186504506, -0.000318952574162], [-4.62310999865e-05, 0.000554655329324, -0.000414100126363, 0.00148546439596, -0.00182177277748, 0.00336452946067, -0.00737755652517, 0.0128544745967, -0.00988349877298, 0.00441429903731, -0.000227558703045, -0.00101688224822, 0.00207505631261], [-3.13083801302e-05, -0.000169576625922, 0.000359233788913, -0.00109864771366, 0.00125099823344, -0.00165248895064, 0.0044335462153, -0.00988349877298, 0.0159591622651, -0.0120238717645, 0.00583314010873, -0.00206044130027, 0.000667249318212], [5.38411586604e-05, -3.3781518141e-05, -0.000800418900326, 0.000211761522223, -0.000858180923387, 0.00162710051518, -0.00056589813903, 0.00441429903731, -0.0120238717645, 0.0192900653929, -0.0138084273785, 0.00701235607266, -0.00313521153294], [-8.25650495244e-05, -4.90878410346e-05, 0.000501262547914, -0.000856133818161, 0.000997941475362, -0.000909119495191, -0.000233179889619, -0.000227558703045, 0.00583314010873, -0.0138084273785, 0.0208643022925, -0.0130448322743, 0.00428154505789], [2.91832056973e-05, -3.59608347935e-05, -0.000249724253081, 0.000856614497025, -0.00119562202599, 0.000495443935506, 0.00163186504506, -0.00101688224822, -0.00206044130027, 0.00701235607266, -0.0130448322743, 0.0185760539025, -0.00799518544227], [5.12440965394e-05, -4.46414014732e-05, 0.000446439895313, -0.000239554734435, 0.000209886333323, -0.000915482873097, -0.000318952574162, 0.00207505631261, 0.000667249318212, -0.00313521153294, 0.00428154505789, -0.00799518544227, 0.0109825255349]]
    },
    "spectral_contrast_coeffs": {
        "mean": [-0.711970329285, -0.682401061058, -0.753142237663, -0.789160907269, -0.829496026039, -0.845085918903],
        "stdev": [0.0900119394064, 0.13069319725, 0.0931735262275, 0.0783147513866, 0.0530440397561, 0.028581302613]
    },
    "spectral_contrast_valleys": {
        "mean": [-7.37779998779, -7.92535448074, -9.07333183289, -9.70375347137, -9.9141998291, -11.4959106445],
        "stdev": [2.05248355865, 1.91656851768, 1.86541342735, 1.78694927692, 1.78658950329, 1.78654515743]
    }
},
"rhythm": {
    "beats_count": 694,
    "beats_loudness": {
        "mean": 0.0610314570367,
        "stdev": 0.0500407479703
    },
    "bpm": 129.371200562,
    "bpm_histogram_first_peak_bpm": 129,
    "bpm_histogram_first_peak_weight": 0.529945552349,
    "bpm_histogram_second_peak_bpm": 123,
    "bpm_histogram_second_peak_spread": 0.314285695553,
    "bpm_histogram_second_peak_weight": 0.0692640691996,
    "danceability": 1.17168474197,
    "onset_rate": 3.73140740395,
    "beats_loudness_band_ratio": {
        "mean": [0.662862658501, 0.133869409561, 0.181025385857, 0.0361635275185, 0.0109876338392, 0.00960720703006],
        "stdev": [0.337040692568, 0.190754324198, 0.254848390818, 0.0727054923773, 0.0254114530981, 0.0362697765231]
    },
    "beats_position": [0.476009070873, 0.975238084793, 1.46285712719, 1.9620860815, 2.46131515503, 2.96054410934, 3.47138309479, 3.98222208023, 4.49306106567, 4.99229001999, 5.4915189743, 6.00235795975, 6.51319694519, 7.03564596176, 7.5464849472, 8.05732440948, 8.57977294922, 9.0906124115, 9.58984088898, 10.0890703201, 10.5882987976, 11.0759181976, 11.5519275665, 12.0279359818, 12.5155553818, 13.0031747818, 13.5024032593, 14.0016326904, 14.512471199, 15.0117006302, 15.5225391388, 16.0217685699, 16.4977779388, 16.9853973389, 17.4846248627, 17.9838542938, 18.483083725, 18.970703125, 19.458322525, 19.9459400177, 20.4335594177, 20.9095687866, 21.3971881866, 21.8848075867, 22.3724250793, 22.8600444794, 23.3592739105, 23.8585033417, 24.3577327728, 24.8453502655, 25.3329696655, 25.8205890656, 26.3082084656, 26.7842178345, 27.2718353271, 27.747844696, 28.2354640961, 28.6998634338, 29.1642627716, 29.6402721405, 30.1278915405, 30.5922889709, 31.0682983398, 31.5326976776, 32.0087051392, 32.4847145081, 32.960723877, 33.4483451843, 33.935962677, 34.4119720459, 34.8995895386, 35.3755989075, 35.8516082764, 36.304397583, 36.7804069519, 37.2680282593, 37.7440338135, 38.2200431824, 38.6960525513, 39.1720619202, 39.6480712891, 40.124080658, 40.6000900269, 41.0760993958, 41.5521087646, 42.0165061951, 42.492515564, 42.9685249329, 43.432926178, 43.8973236084, 44.350112915, 44.8145103455, 45.2789115906, 45.743309021, 46.2077102661, 46.683719635, 47.1481170654, 47.6357345581, 48.1001358032, 48.5761451721, 49.0405426025, 49.5049438477, 49.9693412781, 50.445350647, 50.9213600159, 51.3857574463, 51.8501586914, 52.3145561218, 52.7789573669, 53.2317466736, 53.6729240417, 54.1257133484, 54.578502655, 55.0312919617, 55.4724693298, 55.936870575, 56.4128799438, 56.8888893127, 57.3532867432, 57.8176841736, 58.2704734802, 58.7348747253, 59.187664032, 59.6520614624, 60.104850769, 60.5576400757, 61.0220413208, 61.4864387512, 61.9392280579, 62.3920173645, 62.8564147949, 63.32081604, 63.7852134705, 64.2496109009, 64.714012146, 65.1784133911, 65.6428070068, 66.107208252, 66.5483856201, 67.0011749268, 67.4539642334, 67.895149231, 68.3479385376, 68.8123321533, 69.26512146, 69.7179107666, 70.1939239502, 70.6583175659, 71.1111068726, 71.5871200562, 72.0515213013, 72.5275268555, 72.9919281006, 73.4911575317, 73.9787750244, 74.4431762695, 74.9191818237, 75.4067993164, 75.8944168091, 76.3704299927, 76.8580474854, 77.345664978, 77.8332901001, 78.3209075928, 78.796913147, 79.2845306396, 79.7605438232, 80.2481613159, 80.7357788086, 81.2117919922, 81.6645812988, 82.140586853, 82.6166000366, 83.0809936523, 83.5570068359, 84.0330123901, 84.4974136353, 84.9618148804, 85.4378204346, 85.9138336182, 86.3782272339, 86.842628479, 87.3070297241, 87.7946472168, 88.2822647095, 88.7582778931, 89.2342834473, 89.6986846924, 90.1630859375, 90.6274795532, 91.0918807983, 91.5562820435, 92.0206756592, 92.4966888428, 92.9610900879, 93.4370956421, 93.9131011963, 94.3891143799, 94.8651199341, 95.3411331177, 95.8171386719, 96.2931518555, 96.7575454712, 97.2335586548, 97.6979598999, 98.1739654541, 98.6499786377, 99.1259841919, 99.590385437, 100.054779053, 100.530792236, 101.006797791, 101.471199036, 101.935600281, 102.400001526, 102.852790833, 103.317184448, 103.781585693, 104.245986938, 104.710380554, 105.174781799, 105.627571106, 106.080360413, 106.533149719, 106.997550964, 107.438728333, 107.891517639, 108.344306946, 108.797096252, 109.249885559, 109.691062927, 110.143852234, 110.596641541, 111.061042786, 111.513832092, 111.966621399, 112.419410706, 112.872200012, 113.31337738, 113.766166687, 114.195732117, 114.660133362, 115.124534607, 115.588935852, 116.041717529, 116.494506836, 116.947296143, 117.400085449, 117.864486694, 118.305664062, 118.770065308, 119.222854614, 119.675643921, 120.116821289, 120.557998657, 120.999183655, 121.440361023, 121.881538391, 122.322715759, 122.775505066, 123.216690063, 123.66947937, 124.110656738, 124.563446045, 125.02784729, 125.480628967, 125.933418274, 126.386207581, 126.838996887, 127.291786194, 127.732971191, 128.185760498, 128.638549805, 129.079727173, 129.532516479, 129.985305786, 130.449707031, 130.902496338, 131.355285645, 131.808074951, 132.260864258, 132.713653564, 133.166442871, 133.619232178, 134.072021484, 134.513198853, 134.977600098, 135.430389404, 135.871566772, 136.324356079, 136.777145386, 137.229934692, 137.671112061, 138.112289429, 138.553466797, 138.983032227, 139.435821533, 139.876998901, 140.329788208, 140.782577515, 141.223754883, 141.66494751, 142.106124878, 142.570526123, 143.034912109, 143.487701416, 143.940490723, 144.393280029, 144.846069336, 145.298858643, 145.751647949, 146.204437256, 146.657226562, 147.098403931, 147.551193237, 148.003982544, 148.456771851, 148.909561157, 149.373962402, 149.826751709, 150.279541016, 150.743942261, 151.196731567, 151.649520874, 152.113922119, 152.566711426, 153.031112671, 153.483901978, 153.936691284, 154.401092529, 154.853881836, 155.306671143, 155.759460449, 156.223846436, 156.688247681, 157.152648926, 157.605438232, 158.058227539, 158.522628784, 158.963806152, 159.416595459, 159.869384766, 160.333786011, 160.798187256, 161.262588501, 161.738586426, 162.202987671, 162.679000854, 163.1434021, 163.607803345, 164.072189331, 164.536590576, 165.01260376, 165.477005005, 165.94140625, 166.405807495, 166.870193481, 167.322982788, 167.787384033, 168.251785278, 168.716186523, 169.180587769, 169.656600952, 170.132598877, 170.608612061, 171.084625244, 171.549026489, 172.013427734, 172.477813721, 172.953826904, 173.429840088, 173.894241333, 174.34703064, 174.799819946, 175.264221191, 175.717010498, 176.158187866, 176.610977173, 177.063766479, 177.528152466, 177.992553711, 178.445343018, 178.909744263, 179.374145508, 179.838546753, 180.314559937, 180.790557861, 181.254959106, 181.73097229, 182.206985474, 182.671386719, 183.147384644, 183.623397827, 184.111022949, 184.598632812, 185.074645996, 185.55065918, 186.015060425, 186.49105835, 186.967071533, 187.454696655, 187.942306519, 188.406707764, 188.871109009, 189.335510254, 189.799911499, 190.287521362, 190.786758423, 191.285980225, 191.75038147, 192.214782715, 192.690795898, 193.155181885, 193.631195068, 194.107208252, 194.583221436, 195.05921936, 195.535232544, 196.022857666, 196.498855591, 196.974868774, 197.43927002, 197.915283203, 198.391296387, 198.867294312, 199.343307495, 199.80770874, 200.283721924, 200.74810791, 201.200897217, 201.665298462, 202.129699707, 202.594100952, 203.070114136, 203.546112061, 204.033737183, 204.509750366, 204.985748291, 205.450149536, 205.914550781, 206.378952026, 206.843353271, 207.307754517, 207.772155762, 208.236557007, 208.700942993, 209.165344238, 209.629745483, 210.094146729, 210.558547974, 211.01133728, 211.464126587, 211.928527832, 212.392913818, 212.857315063, 213.31010437, 213.762893677, 214.227294922, 214.680084229, 215.132873535, 215.59727478, 216.061676025, 216.526077271, 216.990478516, 217.454864502, 217.919265747, 218.383666992, 218.859680176, 219.335693359, 219.800079346, 220.264480591, 220.728881836, 221.20489502, 221.680908203, 222.168518066, 222.632919312, 223.097320557, 223.561721802, 224.037734985, 224.51373291, 224.978134155, 225.454147339, 225.930160522, 226.394546509, 226.858947754, 227.334960938, 227.810974121, 228.275375366, 228.751373291, 229.227386475, 229.69178772, 230.156188965, 230.608978271, 231.061767578, 231.526168823, 231.990570068, 232.466567993, 232.930969238, 233.406982422, 233.871383667, 234.324172974, 234.788574219, 235.264572144, 235.728973389, 236.193374634, 236.657775879, 237.122177124, 237.598175049, 238.074188232, 238.538589478, 239.002990723, 239.467391968, 239.931793213, 240.407791138, 240.883804321, 241.348205566, 241.82421875, 242.300216675, 242.76461792, 243.252243042, 243.716644287, 244.181045532, 244.645431519, 245.121444702, 245.597457886, 246.061859131, 246.514648438, 246.967437744, 247.408615112, 247.884628296, 248.360626221, 248.825027466, 249.301040649, 249.753829956, 250.218231201, 250.671020508, 251.135421753, 251.58821106, 252.052597046, 252.516998291, 252.981399536, 253.445800781, 253.910202026, 254.374603271, 254.827392578, 255.280181885, 255.732971191, 256.185760498, 256.650146484, 257.114562988, 257.578948975, 258.043365479, 258.507751465, 258.972137451, 259.436553955, 259.900939941, 260.353729248, 260.818145752, 261.282531738, 261.746948242, 262.211334229, 262.675720215, 263.140136719, 263.592926025, 264.057312012, 264.533325195, 265.009338379, 265.473724365, 265.949737549, 266.414154053, 266.878540039, 267.354553223, 267.818939209, 268.283355713, 268.73614502, 269.188934326, 269.630096436, 270.094512939, 270.558898926, 271.02331543, 271.487701416, 271.95211792, 272.404907227, 272.857696533, 273.31048584, 273.763275146, 274.227661133, 274.680450439, 275.133239746, 275.597625732, 276.038818359, 276.479980469, 276.921173096, 277.373962402, 277.838348389, 278.291137695, 278.743927002, 279.196716309, 279.649505615, 280.102294922, 280.555084229, 281.007873535, 281.460662842, 281.913452148, 282.366241455, 282.819030762, 283.271820068, 283.724609375, 284.165802002, 284.618591309, 285.071380615, 285.535766602, 285.988555908, 286.441345215, 286.894134521, 287.346923828, 287.799713135, 288.252502441, 288.716918945, 289.158081055, 289.610870361, 290.063659668, 290.516448975, 290.969238281, 291.433654785, 291.898040771, 292.362457275, 292.826843262, 293.291229248, 293.767242432, 294.243255615, 294.707672119, 295.172058105, 295.636444092, 296.100860596, 296.565246582, 297.029663086, 297.494049072, 297.970062256, 298.446075439, 298.910461426, 299.37487793, 299.839263916, 300.326873779, 300.791290283, 301.25567627, 301.720092773, 302.18447876, 302.648895264, 303.11328125, 303.577667236, 304.04208374, 304.506469727, 304.97088623, 305.435272217, 305.899688721, 306.364074707, 306.840087891, 307.316101074, 307.780487061, 308.244903564, 308.697692871, 309.150482178, 309.614868164, 310.07925415, 310.543670654, 311.008056641, 311.472473145, 311.936859131, 312.401275635, 312.877258301, 313.364898682, 313.72479248, 314.084716797, 314.444610596, 314.804534912, 315.268920898, 315.710113525, 316.139678955, 316.662139893, 317.184570312, 317.70703125, 318.241088867, 318.775146484, 319.309204102, 319.901306152, 320.493408203, 321.085540771, 321.689239502, 322.281341553, 322.873474121, 323.465576172, 324.057678223, 324.649780273],
    "bpm_histogram": [0, 0, 0, 0, 0, 0, 0, 0, 0, 0, 0, 0, 0, 0, 0, 0, 0, 0, 0, 0, 0, 0, 0, 0, 0, 0, 0, 0, 0, 0, 0, 0, 0, 0, 0, 0, 0, 0, 0, 0, 0, 0, 0, 0, 0, 0, 0, 0, 0, 0, 0, 0, 0, 0, 0, 0, 0, 0, 0, 0, 0, 0, 0, 0, 0, 0, 0, 0, 0, 0, 0, 0, 0, 0, 0, 0, 0, 0, 0, 0, 0, 0, 0, 0, 0, 0, 0, 0, 0, 0, 0, 0, 0, 0, 0, 0, 0, 0, 0, 0.00144300144166, 0, 0.0115440115333, 0, 0, 0, 0, 0, 0, 0, 0, 0, 0, 0.00432900432497, 0, 0, 0.00721500720829, 0, 0.0144300144166, 0, 0, 0.0317460335791, 0, 0, 0.0692640691996, 0, 0, 0.194805189967, 0, 0, 0.373737365007, 0, 0, 0, 0.226551219821, 0, 0, 0.0548340566456, 0, 0, 0, 0.00432900432497, 0, 0, 0, 0, 0, 0, 0, 0, 0, 0, 0, 0, 0, 0, 0, 0, 0, 0, 0, 0, 0, 0, 0, 0, 0, 0, 0.00577200576663, 0, 0, 0, 0, 0, 0, 0, 0, 0, 0, 0, 0, 0, 0, 0, 0, 0, 0, 0, 0, 0, 0, 0, 0, 0, 0, 0, 0, 0, 0, 0, 0, 0, 0, 0, 0, 0, 0, 0, 0, 0, 0, 0, 0, 0, 0, 0, 0, 0, 0, 0, 0, 0, 0, 0, 0, 0, 0, 0, 0, 0, 0, 0, 0, 0, 0, 0, 0, 0, 0, 0, 0, 0, 0, 0, 0, 0, 0, 0, 0, 0, 0]
},
"tonal": {
    "chords_changes_rate": 0.0822035074234,
    "chords_number_rate": 0.00242614536546,
    "chords_strength": {
        "mean": 0.418340623379,
        "stdev": 0.11658398062
    },
    "hpcp_crest": {
        "mean": 17.8885707855,
        "stdev": 8.53338623047
    },
    "hpcp_entropy": {
        "mean": 1.41499316692,
        "stdev": 0.740561127663
    },
    "key_edma": {
        "strength": 0.63247859478,
        "key": "A#",
        "scale": "major"
    },
    "key_krumhansl": {
        "strength": 0.627237081528,
        "key": "A#",
        "scale": "major"
    },
    "key_temperley": {
        "strength": 0.619592428207,
        "key": "A#",
        "scale": "major"
    },
    "tuning_diatonic_strength": 0.383601486683,
    "tuning_equal_tempered_deviation": 0,
    "tuning_frequency": 441.017791748,
    "tuning_nontempered_energy_ratio": 0.637944638729,
    "hpcp": {
