{
"metadata": {
    "version": {
        "essentia": "2.1-dev",
        "essentia_git_sha": "v2.1_beta3-415-gd5473f3",
        "extractor": "music 2.0"
    },
    "audio_properties": {
        "analysis": {
            "equal_loudness": 0,
            "length": 129.044891357,
            "sample_rate": 44100,
            "start_time": 0,
            "downmix": "mix"
        },
        "bit_rate": 192000,
        "length": 129.044891357,
        "lossless": 0,
        "number_channels": 2,
        "replay_gain": -7.27523612976,
        "sample_rate": 44100,
        "codec": "mp3",
        "md5_encoded": "422475b2aed38e8a565c200dee4f8474"
    },
    "tags": {
        "file_name": "gerry_mulligan_with_chet_baker-speak_low.mp3",
        "album": ["Gene Norman Presents The Origi"],
        "artist": ["Gerry Mulligan Tentet and Quar"],
        "genre": ["Jazz"],
        "title": ["Speak Low"]
    }
},
"lowlevel": {
    "average_loudness": 0.531811833382,
    "barkbands_crest": {
        "mean": 14.4969015121,
        "stdev": 4.60311746597
    },
    "barkbands_flatness_db": {
        "mean": 0.32413649559,
        "stdev": 0.0673080161214
    },
    "barkbands_kurtosis": {
        "mean": 14.0213508606,
        "stdev": 36.9958190918
    },
    "barkbands_skewness": {
        "mean": 1.91467273235,
        "stdev": 1.76112008095
    },
    "barkbands_spread": {
        "mean": 6.84482145309,
        "stdev": 11.4139633179
    },
    "dissonance": {
        "mean": 0.356116533279,
        "stdev": 0.0584709309042
    },
    "dynamic_complexity": 3.76960802078,
    "erbbands_crest": {
        "mean": 13.9119729996,
        "stdev": 4.59488487244
    },
    "erbbands_flatness_db": {
        "mean": 0.266780376434,
        "stdev": 0.0530045330524
    },
    "erbbands_kurtosis": {
        "mean": 6.25420618057,
        "stdev": 14.405954361
    },
    "erbbands_skewness": {
        "mean": 1.2468957901,
        "stdev": 1.54212427139
    },
    "erbbands_spread": {
        "mean": 17.3422775269,
        "stdev": 14.3768806458
    },
    "hfc": {
        "mean": 8.26937484741,
        "stdev": 7.00827455521
    },
    "loudness_ebu128": {
        "integrated": -16.7599468231,
        "loudness_range": 4.18810653687,
        "momentary": {
            "mean": -18.2464618683,
            "stdev": 6.02328300476
        },
        "short_term": {
            "mean": -17.1957187653,
            "stdev": 2.21811819077
        }
    },
    "melbands_crest": {
        "mean": 18.5006713867,
        "stdev": 5.26639938354
    },
    "melbands_flatness_db": {
        "mean": 0.422632813454,
        "stdev": 0.0805251225829
    },
    "melbands_kurtosis": {
        "mean": 17.6336555481,
        "stdev": 32.3451690674
    },
    "melbands_skewness": {
        "mean": 2.32515954971,
        "stdev": 1.65049529076
    },
    "melbands_spread": {
        "mean": 6.93835258484,
        "stdev": 7.31182289124
    },
    "pitch_salience": {
        "mean": 0.416182726622,
        "stdev": 0.0978073254228
    },
    "silence_rate_20dB": {
        "mean": 1,
        "stdev": 0
    },
    "silence_rate_30dB": {
        "mean": 0.974455833435,
        "stdev": 0.157775983214
    },
    "silence_rate_60dB": {
        "mean": 0.0383162423968,
        "stdev": 0.191955551505
    },
    "spectral_centroid": {
        "mean": 428.088592529,
        "stdev": 341.583862305
    },
    "spectral_complexity": {
        "mean": 6.2302570343,
        "stdev": 2.24065709114
    },
    "spectral_decrease": {
        "mean": -8.15867906567e-09,
        "stdev": 7.0372139227e-09
    },
    "spectral_energy": {
        "mean": 0.0315426774323,
        "stdev": 0.027071505785
    },
    "spectral_energyband_high": {
        "mean": 6.95331846146e-06,
        "stdev": 1.17299032354e-05
    },
    "spectral_energyband_low": {
        "mean": 0.0135349202901,
        "stdev": 0.0169492512941
    },
    "spectral_energyband_middle_high": {
        "mean": 0.00161981699057,
        "stdev": 0.00227920687757
    },
    "spectral_energyband_middle_low": {
        "mean": 0.0170941371471,
        "stdev": 0.0206734463573
    },
    "spectral_entropy": {
        "mean": 5.70840358734,
        "stdev": 0.654341161251
    },
    "spectral_flux": {
        "mean": 0.0407899282873,
        "stdev": 0.0372790694237
    },
    "spectral_kurtosis": {
        "mean": 25.6726932526,
        "stdev": 15.4506692886
    },
    "spectral_rms": {
        "mean": 0.00507560139522,
        "stdev": 0.00223866757005
    },
    "spectral_rolloff": {
        "mean": 601.776062012,
        "stdev": 1215.27526855
    },
    "spectral_skewness": {
        "mean": 3.81996107101,
        "stdev": 1.22758698463
    },
    "spectral_spread": {
        "mean": 2628771.25,
        "stdev": 1582630.625
    },
    "spectral_strongpeak": {
        "mean": 0.955651700497,
        "stdev": 0.746753931046
    },
    "zerocrossingrate": {
        "mean": 0.0197749081999,
        "stdev": 0.0298146288842
    },
    "barkbands": {
        "mean": [1.25892083815e-05, 0.00663181999698, 0.00621486734599, 0.00157121696975, 0.0100633502007, 0.0018365533324, 0.00217028637417, 0.00122196529992, 0.000151756059495, 0.000408566411352, 0.00022530912247, 0.00040957305464, 0.000338742393069, 0.000145635669469, 7.97450557002e-05, 2.20348338189e-05, 1.63272288773e-05, 9.88346619124e-06, 4.37353992311e-06, 2.47222101279e-06, 2.50978246186e-06, 1.17517947729e-06, 8.59190151914e-07, 5.87637657645e-07, 2.37542607806e-07, 2.88478247512e-07, 3.48267938932e-08],
        "stdev": [2.63828769675e-05, 0.00877392757684, 0.0121048819274, 0.00284884427674, 0.0189597606659, 0.00287973950617, 0.00354510964826, 0.00345401605591, 0.000518199580256, 0.000793045794126, 0.000540905573871, 0.00127250154037, 0.000840655528009, 0.000457173911855, 0.000253098114626, 8.18326952867e-05, 4.53717038909e-05, 2.8442034818e-05, 1.11604995254e-05, 5.50023924006e-06, 4.5567462621e-06, 2.26896941058e-06, 1.71227986812e-06, 1.14163401577e-06, 2.60685908415e-07, 2.37154381466e-07, 2.01229930497e-08]
    },
    "erbbands": {
        "mean": [0.101178228855, 1.86526024342, 7.30413675308, 5.5619559288, 15.8418483734, 40.7922134399, 24.1519107819, 16.6270141602, 36.0336074829, 17.4369812012, 28.0695514679, 5.84384155273, 5.85212278366, 13.7387361526, 11.5777015686, 22.8169212341, 17.5946998596, 9.4161567688, 5.4260597229, 1.73660802841, 1.33078312874, 0.683896541595, 0.544256925583, 0.418483108282, 0.20153182745, 0.126097947359, 0.112462624907, 0.0827355906367, 0.0452014058828, 0.0289558917284, 0.0248837228864, 0.0170382335782, 0.00694965012372, 0.00296570523642, 0.00159904814791, 0.00100736133754, 0.000584325403906, 0.00014054987696, 1.77344718395e-05, 3.48124958691e-05],
        "stdev": [0.189070388675, 2.32577085495, 12.9917879105, 7.20306301117, 32.110168457, 83.076789856, 43.0669746399, 31.2601909637, 55.2403869629, 24.36967659, 92.2540512085, 13.7337064743, 12.1008005142, 28.0046386719, 23.9320793152, 64.2417831421, 39.4187088013, 25.5370330811, 14.4719762802, 5.98359394073, 4.33795785904, 1.59354972839, 1.37624692917, 1.12843072414, 0.56023389101, 0.282683372498, 0.211586222053, 0.153488785028, 0.0854408890009, 0.0576259568334, 0.0499572530389, 0.0349068157375, 0.0122832627967, 0.00387397129089, 0.00146308308467, 0.000885730376467, 0.000509123376105, 8.31703509903e-05, 1.27433559101e-05, 2.96335056191e-05]
    },
    "gfcc": {
        "mean": [-129.435684204, 165.514724731, -71.9070587158, 11.4266319275, -36.0113677979, 3.42242622375, -30.5342273712, -13.8263235092, -21.8191452026, 4.07013273239, -6.31051683426, -1.97424590588, -12.8606414795],
        "cov": [[5511.92919922, 1787.66943359, -1500.28552246, -893.204589844, 69.6404800415, -19.2793064117, 157.39793396, -207.647384644, 114.977500916, -127.868728638, 242.827529907, -116.913787842, -115.053413391], [1787.66943359, 1210.46264648, -158.28427124, -469.628997803, 170.521286011, -69.2273101807, 99.0597457886, -114.340881348, 41.9847450256, -51.5454025269, 110.945526123, -65.9695968628, 4.05789089203], [-1500.28552246, -158.28427124, 1448.96960449, 795.410217285, -22.9015350342, -105.536705017, 1.33386349678, -65.8398742676, -37.3608131409, -15.2516965866, -123.638237, -91.3012313843, 133.602737427], [-893.204589844, -469.628997803, 795.410217285, 848.541564941, 51.399887085, -8.75963401794, 5.58812618256, 16.7132225037, 13.2432909012, 7.12375688553, -103.163978577, -69.4951782227, 56.0897026062], [69.6404800415, 170.521286011, -22.9015350342, 51.399887085, 346.775726318, 86.7756881714, 59.1706161499, 52.0498085022, 45.5562171936, 19.3255329132, 25.855342865, -6.47281360626, -20.1629371643], [-19.2793064117, -69.2273101807, -105.536705017, -8.75963401794, 86.7756881714, 191.309616089, 89.843536377, 54.2295837402, 35.4557952881, 53.2405929565, 45.0688743591, 52.3565864563, -12.696937561], [157.39793396, 99.0597457886, 1.33386349678, 5.58812618256, 59.1706161499, 89.843536377, 141.538360596, 72.9530181885, 44.0781745911, 26.1405658722, 41.3934288025, 11.7702856064, -11.0790166855], [-207.647384644, -114.340881348, -65.8398742676, 16.7132225037, 52.0498085022, 54.2295837402, 72.9530181885, 149.775878906, 66.0722961426, 41.3679656982, 8.66170597076, 23.0281829834, -34.6280784607], [114.977500916, 41.9847450256, -37.3608131409, 13.2432909012, 45.5562171936, 35.4557952881, 44.0781745911, 66.0722961426, 107.304641724, 56.9644165039, 10.3551063538, -13.2079772949, -13.4880256653], [-127.868728638, -51.5454025269, -15.2516965866, 7.12375688553, 19.3255329132, 53.2405929565, 26.1405658722, 41.3679656982, 56.9644165039, 88.9481048584, 34.5648460388, 18.7692928314, -4.71127033234], [242.827529907, 110.945526123, -123.638237, -103.163978577, 25.855342865, 45.0688743591, 41.3934288025, 8.66170597076, 10.3551063538, 34.5648460388, 104.40083313, 69.6905517578, 1.91075098515], [-116.913787842, -65.9695968628, -91.3012313843, -69.4951782227, -6.47281360626, 52.3565864563, 11.7702856064, 23.0281829834, -13.2079772949, 18.7692928314, 69.6905517578, 125.041290283, 46.4111595154], [-115.053413391, 4.05789089203, 133.602737427, 56.0897026062, -20.1629371643, -12.696937561, -11.0790166855, -34.6280784607, -13.4880256653, -4.71127033234, 1.91075098515, 46.4111595154, 114.197044373]],
        "icov": [[0.00222003436647, -0.0044286577031, 0.004074963741, -0.00423226272687, 0.00300859217532, -0.00165267928969, 0.00036365390406, 0.00091511127539, -0.00117134524044, 0.00259218481369, -0.0019283137517, 0.00168795557693, -0.000319561251672], [-0.0044286577031, 0.0136420410126, -0.00944589171559, 0.0122593231499, -0.00886015221477, 0.0063586239703, -0.00566591508687, 0.00354182324372, -0.00323106860742, -0.000308556831442, -0.00206821341999, 0.000961995625403, -0.00100074929651], [0.004074963741, -0.00944589171559, 0.0097879152745, -0.01040770486, 0.00624614069238, -0.00235879607499, 8.3227903815e-05, 0.00126219249796, 0.000520024565049, 0.00180700328201, -0.000706560793333, 0.00191940844525, -0.00129900348838], [-0.00423226272687, 0.0122593231499, -0.01040770486, 0.0139461960644, -0.008265289478, 0.00432305829599, -0.00337287713774, 0.00123645097483, -0.00244991364889, -0.000772941915784, -0.000475702254334, 0.00101936783176, -0.00103177526034], [0.00300859217532, -0.00886015221477, 0.00624614069238, -0.008265289478, 0.00959508866072, -0.0066136661917, 0.0049315514043, -0.00387646746822, 0.000886151683517, 0.00290555343963, -0.00243894034065, 0.00283342669718, -0.000526359246578], [-0.00165267928969, 0.0063586239703, -0.00235879607499, 0.00432305829599, -0.0066136661917, 0.0174047704786, -0.0147651433945, 0.00946366135031, -0.00221764855087, -0.00747111812234, 0.00723855569959, -0.0102883027866, 0.00443992111832], [0.00036365390406, -0.00566591508687, 8.3227903815e-05, -0.00337287713774, 0.0049315514043, -0.0147651433945, 0.0274373814464, -0.0186584070325, 0.00444292882457, 0.00495353154838, -0.011463906616, 0.0108461454511, -0.00512693962082], [0.00091511127539, 0.00354182324372, 0.00126219249796, 0.00123645097483, -0.00387646746822, 0.00946366135031, -0.0186584070325, 0.0281274914742, -0.0147039331496, 0.00036294417805, 0.00872129574418, -0.0131677668542, 0.00928274914622], [-0.00117134524044, -0.00323106860742, 0.000520024565049, -0.00244991364889, 0.000886151683517, -0.00221764855087, 0.00444292882457, -0.0147039331496, 0.0290889665484, -0.0182630810887, 0.00538864731789, 0.00357291195542, -0.00344809470698], [0.00259218481369, -0.000308556831442, 0.00180700328201, -0.000772941915784, 0.00290555343963, -0.00747111812234, 0.00495353154838, 0.00036294417805, -0.0182630810887, 0.0346569791436, -0.0217043031007, 0.0124428290874, -0.00425992906094], [-0.0019283137517, -0.00206821341999, -0.000706560793333, -0.000475702254334, -0.00243894034065, 0.00723855569959, -0.011463906616, 0.00872129574418, 0.00538864731789, -0.0217043031007, 0.0453000850976, -0.0339267253876, 0.013868897222], [0.00168795557693, 0.000961995625403, 0.00191940844525, 0.00101936783176, 0.00283342669718, -0.0102883027866, 0.0108461454511, -0.0131677668542, 0.00357291195542, 0.0124428290874, -0.0339267253876, 0.0429857298732, -0.020631019026], [-0.000319561251672, -0.00100074929651, -0.00129900348838, -0.00103177526034, -0.000526359246578, 0.00443992111832, -0.00512693962082, 0.00928274914622, -0.00344809470698, -0.00425992906094, 0.013868897222, -0.020631019026, 0.0207847002894]]
    },
    "melbands": {
        "mean": [0.00140887568705, 0.0034178129863, 0.00115728308447, 0.00225009676069, 0.00108747649938, 0.000353098555934, 0.00053495488828, 0.000182097501238, 0.000209043471841, 2.36496034631e-05, 2.99668699881e-05, 5.78933359066e-05, 2.88242736133e-05, 5.30294819328e-05, 4.94895430165e-05, 2.57642877841e-05, 1.8135388018e-05, 8.07292053651e-06, 3.95557572119e-06, 1.81294558388e-06, 1.39310338909e-06, 6.88565990004e-07, 6.3672757733e-07, 5.0608298352e-07, 3.10690410288e-07, 1.56824356168e-07, 9.41112574537e-08, 7.92167398345e-08, 7.13662942076e-08, 6.37593515762e-08, 4.27438173745e-08, 2.61604800045e-08, 1.95151201865e-08, 1.45909293536e-08, 1.45881351443e-08, 1.29040449437e-08, 9.40957445295e-09, 5.14441733657e-09, 3.18792836573e-09, 2.2207589101e-09],
        "stdev": [0.00212209951133, 0.00504405936226, 0.00141192297451, 0.00497803511098, 0.00199139071628, 0.000644415675197, 0.000833421712741, 0.000280479027424, 0.000698868767358, 6.20225619059e-05, 6.23989690212e-05, 0.000125360718812, 6.82026002323e-05, 0.000142743985634, 0.000100198150903, 7.00589152984e-05, 5.82253451284e-05, 2.21914124268e-05, 1.46842112372e-05, 6.7054252213e-06, 4.76971081298e-06, 1.86043928352e-06, 1.60290176154e-06, 1.70764030827e-06, 9.19620333661e-07, 5.06567687353e-07, 1.92604417748e-07, 1.7856294221e-07, 1.4201707188e-07, 1.24570547655e-07, 8.22699064429e-08, 4.97328223048e-08, 4.032135692e-08, 2.94920887711e-08, 2.97181639297e-08, 2.68903956879e-08, 1.96696170462e-08, 9.43034983436e-09, 5.04416286518e-09, 2.69027333744e-09]
    },
    "melbands128": {
        "mean": [1.21299071907e-05, 0.000418740062742, 0.00194055947941, 0.00338822347112, 0.00421989010647, 0.00257236254402, 0.000974122027401, 0.000848909025081, 0.00119957677089, 0.00295320292935, 0.0025639932137, 0.00162874022499, 0.000766688026488, 0.000320294668199, 0.000373932707589, 0.000347003951902, 0.00033288524719, 0.000831753597595, 0.000353522336809, 0.00010589815065, 0.000147868544445, 0.000245749339228, 0.000312276388286, 4.40760122729e-05, 1.70838557096e-05, 1.90856499103e-05, 1.29816280605e-05, 3.20940816891e-05, 2.20126894419e-05, 0.000112321751658, 4.54219516541e-05, 9.4607084975e-06, 2.13401253859e-05, 6.40794387436e-05, 7.80187747296e-06, 7.89639743743e-05, 8.3586674009e-05, 1.27399662233e-05, 7.77116729296e-05, 3.33343195962e-05, 1.88006360986e-05, 1.42003352721e-06, 2.45267674472e-05, 2.43395679718e-05, 1.63913796314e-06, 9.45655847318e-06, 1.0795873095e-05, 2.72516945188e-06, 2.28222120313e-06, 9.22660660763e-07, 2.24296991291e-06, 1.88464275652e-06, 1.73611499577e-06, 1.08482663563e-06, 1.09390316538e-06, 2.28418528536e-07, 6.27213978532e-07, 1.21311757084e-06, 3.47564082404e-07, 2.88341141186e-07, 6.02112436354e-07, 4.47843945039e-07, 6.79206664245e-07, 1.12024920895e-07, 6.99717404018e-08, 1.73457891606e-07, 2.21473584361e-07, 8.1592880008e-08, 6.03525620591e-08, 1.12980345079e-07, 7.49014859025e-08, 6.75391333971e-08, 7.57275699925e-08, 7.35171425958e-08, 5.92394400201e-08, 7.88967966514e-08, 5.75397436364e-08, 4.57738487114e-08, 4.56936675164e-08, 3.37357697333e-08, 2.67700475121e-08, 2.28966801075e-08, 2.33956338747e-08, 1.90935729449e-08, 1.69562568431e-08, 1.45187017964e-08, 1.37316034099e-08, 1.45004053209e-08, 1.50606336291e-08, 1.41902836148e-08, 1.39445806013e-08, 1.23861108037e-08, 1.17164162816e-08, 1.00057224728e-08, 7.79838416065e-09, 5.76946845854e-09, 4.68249305996e-09, 3.96306676365e-09, 3.3206235539e-09, 2.74098255204e-09, 2.35201613741e-09, 2.18045204115e-09, 1.99748617646e-09, 1.82607051702e-09, 1.69589942089e-09, 1.71721847853e-09, 1.68474789675e-09, 1.61939350818e-09, 1.61606361626e-09, 1.75675907155e-09, 1.99023442171e-09, 1.95473193187e-09, 1.8854742212e-09, 1.82877790689e-09, 1.68610159168e-09, 1.57911794751e-09, 1.31466137976e-09, 1.87111229288e-10, 4.73636017559e-12, 4.6112835772e-12, 4.50895527512e-12, 4.42524662747e-12, 4.33234698116e-12, 4.26031258882e-12, 4.20218113778e-12, 4.16041897114e-12, 4.13301467703e-12, 4.10217996724e-12],
        "stdev": [2.60578781308e-05, 0.00103116885293, 0.00372151564807, 0.00427009630948, 0.00723999831825, 0.00499522825703, 0.00143661000766, 0.00168589886744, 0.00240786978975, 0.00916159246117, 0.00633407756686, 0.00427304906771, 0.00153479527216, 0.000585152942222, 0.00106832268648, 0.000845630886033, 0.000829216558486, 0.00157908105757, 0.000678548822179, 0.000283868517727, 0.000462785683339, 0.000872283184435, 0.00114101171494, 0.000218216999201, 5.78920880798e-05, 8.33352969494e-05, 4.28396087955e-05, 0.000114042093628, 4.86996068503e-05, 0.00027285257238, 0.000107303923869, 5.13146987942e-05, 5.94018347329e-05, 0.000171028310433, 4.47534912382e-05, 0.000270833726972, 0.000278922583675, 7.0095382398e-05, 0.000228265242185, 8.76218255144e-05, 0.000104092585389, 5.51202947463e-06, 8.840123337e-05, 7.40921968827e-05, 1.18435718832e-05, 3.7799578422e-05, 4.01913857786e-05, 2.07948432944e-05, 1.65281144291e-05, 5.63362664252e-06, 1.3436872905e-05, 8.21769026516e-06, 8.9633404059e-06, 5.72146882405e-06, 5.06913283971e-06, 1.23289612475e-06, 1.92724178305e-06, 3.87156160286e-06, 1.92317793335e-06, 1.23994584555e-06, 3.65448977391e-06, 1.72987745373e-06, 2.57274132309e-06, 3.28625560542e-07, 1.61456611636e-07, 6.92745970809e-07, 8.29140958558e-07, 2.37645238599e-07, 1.36690943009e-07, 4.69136892889e-07, 1.80577757192e-07, 1.40069047916e-07, 2.13082117284e-07, 1.6465493502e-07, 1.17636616892e-07, 2.02819165906e-07, 1.20325495345e-07, 1.06612120021e-07, 9.30348562633e-08, 7.30156486384e-08, 5.7811337939e-08, 4.53016077984e-08, 5.33493924593e-08, 4.31492495068e-08, 3.80284781443e-08, 3.12559791382e-08, 2.97659106252e-08, 3.33817240517e-08, 3.25335882678e-08, 3.13292431997e-08, 3.16454880078e-08, 2.7747418585e-08, 2.58462460323e-08, 2.26796927905e-08, 1.71388734316e-08, 1.16560237018e-08, 8.88689388745e-09, 7.08998681986e-09, 5.8092481936e-09, 4.2556735913e-09, 3.27360449859e-09, 2.73841793685e-09, 2.32857644278e-09, 1.94760918504e-09, 1.61179325442e-09, 1.61614821526e-09, 1.54787194173e-09, 1.46196166284e-09, 1.50562007306e-09, 1.96495419935e-09, 2.11230366531e-09, 1.97884530984e-09, 1.93575000473e-09, 1.66913549648e-09, 1.18358101098e-09, 1.0842365894e-09, 7.46588013634e-10, 1.38218006485e-10, 7.74896900119e-12, 7.54743229719e-12, 7.36775657845e-12, 7.21335881651e-12, 7.06909400808e-12, 6.9509064303e-12, 6.84861455741e-12, 6.76857354887e-12, 6.71238585548e-12, 6.67569255083e-12]
    },
    "mfcc": {
        "mean": [-801.648254395, 201.39755249, 26.5915145874, 33.5367431641, 14.6001911163, 18.1895256042, 0.466774731874, -7.57675266266, -10.0885601044, -2.46296858788, -1.46668815613, 4.02891254425, -2.6348426342],
        "cov": [[5114.39306641, 1502.77416992, -1241.59667969, -551.217407227, -288.537109375, -73.7657623291, -161.727279663, -13.6643047333, -177.873001099, -68.2085723877, 69.78074646, 174.273666382, 36.551902771], [1502.77416992, 1505.12719727, -264.032501221, -281.888885498, -30.2566013336, -54.1566925049, -0.127648666501, -58.2296447754, -50.5704154968, -54.152797699, 39.6840438843, 26.0756855011, 15.3157863617], [-1241.59667969, -264.032501221, 1116.82019043, 516.504089355, 30.7717227936, 117.084739685, 64.8889465332, -47.0138015747, 61.595413208, 91.9184875488, -73.7295761108, -114.39414978, -93.1432342529], [-551.217407227, -281.888885498, 516.504089355, 536.707946777, 180.878112793, 95.2904052734, 63.8844909668, 16.778383255, 77.5083694458, 84.5906906128, -7.78569793701, -37.8732528687, -34.8744392395], [-288.537109375, -30.2566013336, 30.7717227936, 180.878112793, 233.99559021, 92.870803833, 55.1786499023, 33.1637496948, 46.8248138428, 19.535490036, 20.5090713501, 5.33042669296, 18.0361480713], [-73.7657623291, -54.1566925049, 117.084739685, 95.2904052734, 92.870803833, 162.361541748, 75.0490722656, 14.3957004547, 23.0680446625, 24.2594966888, -2.1329240799, -0.971774220467, 0.696325004101], [-161.727279663, -0.127648666501, 64.8889465332, 63.8844909668, 55.1786499023, 75.0490722656, 125.98903656, 61.2681846619, 15.2512931824, -0.890699088573, 12.7820062637, 9.35436344147, 10.7523050308], [-13.6643047333, -58.2296447754, -47.0138015747, 16.778383255, 33.1637496948, 14.3957004547, 61.2681846619, 110.574195862, 40.248008728, -6.96468830109, 21.1554412842, 39.0398902893, 30.8776988983], [-177.873001099, -50.5704154968, 61.595413208, 77.5083694458, 46.8248138428, 23.0680446625, 15.2512931824, 40.248008728, 107.332267761, 68.566986084, 17.0351543427, 11.384557724, 14.3569221497], [-68.2085723877, -54.152797699, 91.9184875488, 84.5906906128, 19.535490036, 24.2594966888, -0.890699088573, -6.96468830109, 68.566986084, 118.858932495, 52.5867767334, 6.51270198822, -1.54939103127], [69.78074646, 39.6840438843, -73.7295761108, -7.78569793701, 20.5090713501, -2.1329240799, 12.7820062637, 21.1554412842, 17.0351543427, 52.5867767334, 120.62663269, 83.8257675171, 33.3374938965], [174.273666382, 26.0756855011, -114.39414978, -37.8732528687, 5.33042669296, -0.971774220467, 9.35436344147, 39.0398902893, 11.384557724, 6.51270198822, 83.8257675171, 135.27293396, 81.796333313], [36.551902771, 15.3157863617, -93.1432342529, -34.8744392395, 18.0361480713, 0.696325004101, 10.7523050308, 30.8776988983, 14.3569221497, -1.54939103127, 33.3374938965, 81.796333313, 112.603530884]],
        "icov": [[0.00122430582996, -0.00149653817061, 0.00221509928815, -0.00254629715346, 0.0032733832486, -0.00306631275453, 0.00295916711912, -0.00295914104208, 0.00321325217374, -0.00267691700719, 0.00224552024156, -0.00181767751928, 0.00108237855602], [-0.00149653817061, 0.00266167102382, -0.00278154504485, 0.00372477807105, -0.00442256825045, 0.00421993387863, -0.00442518899217, 0.00474333390594, -0.0044356957078, 0.00380609207787, -0.00320331775583, 0.00216228445061, -0.00122374249622], [0.00221509928815, -0.00278154504485, 0.00648619048297, -0.00748623628169, 0.00845840852708, -0.00681025208905, 0.00456361100078, -0.00392568483949, 0.00469212932512, -0.00421670917422, 0.00402320083231, -0.00230244011618, 0.00185912090819], [-0.00254629715346, 0.00372477807105, -0.00748623628169, 0.0123281497508, -0.0127105535939, 0.00884140934795, -0.00716217886657, 0.0053109372966, -0.00514700543135, 0.00154256704263, -0.00188072898891, 0.000890734430868, -0.00025836066925], [0.0032733832486, -0.00442256825045, 0.00845840852708, -0.0127105535939, 0.0204204469919, -0.0141927693039, 0.00875866319984, -0.00684925960377, 0.00326393754221, -0.000123323945445, -0.000586031877901, 0.00117581721861, -0.000640698766802], [-0.00306631275453, 0.00421993387863, -0.00681025208905, 0.00884140934795, -0.0141927693039, 0.0209520775825, -0.0154006481171, 0.0102979503572, -0.00611177040264, 0.000934794778004, 0.000756571243983, -0.0011935045477, -0.000248093536356], [0.00295916711912, -0.00442518899217, 0.00456361100078, -0.00716217886657, 0.00875866319984, -0.0154006481171, 0.025904327631, -0.0186123531312, 0.0108209587634, -0.00453651510179, 0.000728150596842, 0.000630955153611, 0.000404625548981], [-0.00295914104208, 0.00474333390594, -0.00392568483949, 0.0053109372966, -0.00684925960377, 0.0102979503572, -0.0186123531312, 0.0299782082438, -0.0207307487726, 0.0158928427845, -0.00838600471616, 0.00185136834625, -0.00269709411077], [0.00321325217374, -0.0044356957078, 0.00469212932512, -0.00514700543135, 0.00326393754221, -0.00611177040264, 0.0108209587634, -0.0207307487726, 0.0355450920761, -0.0281020049006, 0.0172220859677, -0.00996052194387, 0.00323182763532], [-0.00267691700719, 0.00380609207787, -0.00421670917422, 0.00154256704263, -0.000123323945445, 0.000934794778004, -0.00453651510179, 0.0158928427845, -0.0281020049006, 0.0386590883136, -0.0269589219242, 0.0163841992617, -0.00637511024252], [0.00224552024156, -0.00320331775583, 0.00402320083231, -0.00188072898891, -0.000586031877901, 0.000756571243983, 0.000728150596842, -0.00838600471616, 0.0172220859677, -0.0269589219242, 0.0363613292575, -0.0258737523109, 0.0102344779298], [-0.00181767751928, 0.00216228445061, -0.00230244011618, 0.000890734430868, 0.00117581721861, -0.0011935045477, 0.000630955153611, 0.00185136834625, -0.00996052194387, 0.0163841992617, -0.0258737523109, 0.0335122905672, -0.0172696653754], [0.00108237855602, -0.00122374249622, 0.00185912090819, -0.00025836066925, -0.000640698766802, -0.000248093536356, 0.000404625548981, -0.00269709411077, 0.00323182763532, -0.00637511024252, 0.0102344779298, -0.0172696653754, 0.0199737846851]]
    },
    "spectral_contrast_coeffs": {
        "mean": [-0.615596413612, -0.592733085155, -0.663935184479, -0.737522959709, -0.834490776062, -0.811855196953],
        "stdev": [0.100010477006, 0.110231265426, 0.101572863758, 0.0823478996754, 0.0443939976394, 0.0248039197177]
    },
    "spectral_contrast_valleys": {
        "mean": [-7.13234186172, -8.47295665741, -9.61979198456, -9.72190284729, -9.71203804016, -12.3007669449],
        "stdev": [1.02903783321, 0.936935186386, 0.849817574024, 0.725970566273, 0.629291176796, 0.487589716911]
    }
},
"rhythm": {
    "beats_count": 245,
    "beats_loudness": {
        "mean": 0.0562997609377,
        "stdev": 0.0333381742239
    },
    "bpm": 116.376716614,
    "bpm_histogram_first_peak_bpm": 117,
    "bpm_histogram_first_peak_weight": 0.505681872368,
    "bpm_histogram_second_peak_bpm": 112,
    "bpm_histogram_second_peak_spread": 0.157894730568,
    "bpm_histogram_second_peak_weight": 0.196721315384,
    "danceability": 1.09349513054,
    "onset_rate": 2.78947591782,
    "beats_loudness_band_ratio": {
        "mean": [0.694815516472, 0.238467976451, 0.0725364089012, 0.0308689642698, 0.00366643653251, 0.00459940358996],
        "stdev": [0.230606198311, 0.223744064569, 0.0864306092262, 0.0491252765059, 0.00956410635263, 0.0379041135311]
    },
    "beats_position": [0.49922901392, 1.02167797089, 1.55573689938, 2.06657600403, 2.57741498947, 3.08825397491, 3.59909296036, 4.12154197693, 4.6439909935, 5.15482997894, 5.66566896439, 6.17650794983, 6.68734693527, 7.20979595184, 7.73224496841, 8.26630401611, 8.76553249359, 9.27637195587, 9.78721046448, 10.2864398956, 10.7972784042, 11.3313379288, 11.8421764374, 12.3414058685, 12.840634346, 13.3514738083, 13.873922348, 14.3963718414, 14.90721035, 15.4180498123, 15.9288883209, 16.4397277832, 16.9505672455, 17.4614048004, 17.9838542938, 18.5063037872, 19.0171432495, 19.5279808044, 20.0388202667, 20.549659729, 21.0604991913, 21.5713367462, 22.0937862396, 22.616235733, 23.1270751953, 23.6611328125, 24.195192337, 24.7060317993, 25.2168693542, 25.7044887543, 26.2153282166, 26.7261676788, 27.2370071411, 27.747844696, 28.2586841583, 28.7695236206, 29.2803630829, 29.7912006378, 30.3020401001, 30.8128795624, 31.3237190247, 31.8461666107, 32.357006073, 32.8794555664, 33.3902931213, 33.901134491, 34.4235839844, 34.9460296631, 35.4452590942, 35.9677085876, 36.4785499573, 37.000995636, 37.5118370056, 38.034286499, 38.5683441162, 39.0791816711, 39.5900230408, 40.1008605957, 40.6233100891, 41.1573677063, 41.6798171997, 42.2022666931, 42.7247161865, 43.2587738037, 43.7812232971, 44.3036727905, 44.8377304077, 45.3717918396, 45.8826293945, 46.3934669495, 46.9043083191, 47.4267578125, 47.9492073059, 48.4600448608, 48.9708824158, 49.4933319092, 50.0157814026, 50.538230896, 51.0839004517, 51.6179580688, 52.1287956238, 52.6628570557, 53.1736946106, 53.7077522278, 54.2185935974, 54.7294311523, 55.2634925842, 55.7975502014, 56.3083877563, 56.8424491882, 57.3765068054, 57.8989562988, 58.4097938538, 58.9322433472, 59.4546928406, 59.977142334, 60.4879798889, 61.0220413208, 61.5328788757, 62.0553283691, 62.5777778625, 63.1118354797, 63.6342849731, 64.1567306519, 64.6675720215, 65.1900177002, 65.7124710083, 66.2465286255, 66.7805862427, 67.3030395508, 67.813873291, 68.3363265991, 68.8703842163, 69.4044418335, 69.9152832031, 70.4377288818, 70.9601821899, 71.4826278687, 72.0050811768, 72.5275268555, 73.0499725342, 73.5724258423, 74.094871521, 74.6289291382, 75.1745986938, 75.697052002, 76.2078933716, 76.7419509888, 77.2643966675, 77.7868499756, 78.2976837158, 78.8085250854, 79.3193664551, 79.8418121338, 80.3642578125, 80.8867111206, 81.4091567993, 81.9199981689, 82.4424438477, 82.9648971558, 83.4757385254, 84.0097961426, 84.5322418213, 85.0546951294, 85.5655288696, 86.0647583008, 86.5639877319, 87.0748291016, 87.6088867188, 88.1197280884, 88.6537857056, 89.1646270752, 89.6870727539, 90.2211303711, 90.7435836792, 91.2776412964, 91.788482666, 92.3109283447, 92.8333740234, 93.3442153931, 93.8550567627, 94.3775024414, 94.8999557495, 95.4224014282, 95.9216308594, 96.432472229, 96.9665298462, 97.5005874634, 98.0346450806, 98.5454864502, 99.0563278198, 99.5671615601, 100.07800293, 100.588844299, 101.122901917, 101.656959534, 102.167800903, 102.690246582, 103.224304199, 103.746757507, 104.269203186, 104.780044556, 105.302490234, 105.824943542, 106.370613098, 106.881446838, 107.392288208, 107.926345825, 108.448799133, 108.971244812, 109.505302429, 110.039360046, 110.550201416, 111.072654724, 111.595100403, 112.117546082, 112.63999939, 113.174057007, 113.696502686, 114.230567932, 114.753013611, 115.287071228, 115.809524536, 116.343582153, 116.877639771, 117.423309326, 117.957366943, 118.491424561, 119.060317993, 119.629203796, 120.221313477, 120.813423157, 121.405532837, 122.032470703, 122.671020508, 123.309570312, 123.92489624, 124.540222168, 125.085891724, 125.631561279, 126.177230835, 126.722900391, 127.268569946, 127.802627563, 128.336685181],
    "bpm_histogram": [0, 0, 0, 0, 0, 0, 0, 0, 0, 0, 0, 0, 0, 0, 0, 0, 0, 0, 0, 0, 0, 0, 0, 0, 0, 0, 0, 0, 0, 0, 0, 0, 0, 0, 0, 0, 0, 0, 0, 0, 0, 0, 0, 0, 0, 0, 0, 0, 0, 0, 0, 0, 0, 0, 0, 0, 0, 0, 0, 0, 0, 0, 0, 0, 0, 0, 0, 0, 0, 0, 0, 0, 0, 0, 0, 0, 0, 0, 0, 0, 0, 0, 0, 0, 0, 0, 0, 0, 0, 0, 0, 0, 0, 0, 0.00819672085345, 0, 0.00409836042672, 0, 0.00819672085345, 0, 0, 0.0122950822115, 0, 0, 0, 0.00819672085345, 0, 0, 0, 0, 0.0368852466345, 0, 0.196721315384, 0, 0, 0.331967204809, 0, 0.356557369232, 0, 0, 0.0327868834138, 0, 0, 0.00409836042672, 0, 0, 0, 0, 0, 0, 0, 0, 0, 0, 0, 0, 0, 0, 0, 0, 0, 0, 0, 0, 0, 0, 0, 0, 0, 0, 0, 0, 0, 0, 0, 0, 0, 0, 0, 0, 0, 0, 0, 0, 0, 0, 0, 0, 0, 0, 0, 0, 0, 0, 0, 0, 0, 0, 0, 0, 0, 0, 0, 0, 0, 0, 0, 0, 0, 0, 0, 0, 0, 0, 0, 0, 0, 0, 0, 0, 0, 0, 0, 0, 0, 0, 0, 0, 0, 0, 0, 0, 0, 0, 0, 0, 0, 0, 0, 0, 0, 0, 0, 0, 0, 0, 0, 0, 0, 0, 0, 0, 0, 0, 0, 0, 0, 0, 0, 0, 0, 0, 0, 0, 0, 0, 0, 0, 0, 0]
},
"tonal": {
    "chords_changes_rate": 0.0582733824849,
    "chords_number_rate": 0.00431654695421,
    "chords_strength": {
        "mean": 0.45346134901,
        "stdev": 0.095859490335
    },
    "hpcp_crest": {
        "mean": 18.5704441071,
        "stdev": 7.58794021606
    },
    "hpcp_entropy": {
        "mean": 1.37184417248,
        "stdev": 0.642442047596
    },
    "key_edma": {
        "strength": 0.618389725685,
        "key": "A#",
        "scale": "major"
    },
    "key_krumhansl": {
        "strength": 0.624098539352,
        "key": "A#",
        "scale": "major"
    },
    "key_temperley": {
        "strength": 0.636636197567,
        "key": "A#",
        "scale": "major"
    },
    "tuning_diatonic_strength": 0.490803599358,
    "tuning_equal_tempered_deviation": 0.0443614162505,
    "tuning_frequency": 439.745910645,
    "tuning_nontempered_energy_ratio": 0.668177068233,
    "hpcp": {
        "mean": [0.250317126513, 0.15376496315, 0.071714617312, 0.176370695233, 0.146070867777, 0.0312902927399, 0.0198554247618, 0.0226855501533, 0.0957764089108, 0.192114800215, 0.132256537676, 0.0367435328662, 0.0414292439818, 0.0381335876882, 0.0671205669641, 0.151359409094, 0.116158150136, 0.0601770952344, 0.0776843503118, 0.0482831671834, 0.0470454320312, 0.078864812851, 0.0709719285369, 0.0935860723257, 0.131234094501, 0.0825079232454, 0.0302887037396, 0.0236008185893, 0.0141745563596, 0.0959831476212, 0.188678637147, 0.110671326518, 0.0321760699153, 0.0451744906604, 0.0430935770273, 0.134734630585],
        "stdev": [0.382256001234, 0.252584308386, 0.173183605075, 0.337823837996, 0.295465499163, 0.122559890151, 0.104240201414, 0.106418475509, 0.217542022467, 0.332385778427, 0.270766586065, 0.127251774073, 0.167113676667, 0.162172988057, 0.155276089907, 0.302037268877, 0.232015788555, 0.187569081783, 0.227678924799, 0.153332829475, 0.137000441551, 0.193523302674, 0.174051016569, 0.233057647943, 0.266016215086, 0.196676298976, 0.135705530643, 0.117910802364, 0.0792276263237, 0.197465658188, 0.351097762585, 0.224106609821, 0.131017237902, 0.182388871908, 0.159705609083, 0.228543356061]
    },
    "chords_histogram": [3.70503592491, 14.8561153412, 10.8992805481, 15.7913665771, 8.16546726227, 0, 0.971222996712, 0, 8.8129491806, 0, 0.467625886202, 0.323741018772, 0, 0, 0, 0, 0, 3.23741006851, 0, 5.43165445328, 3.77697849274, 11.007194519, 2.26618695259, 10.2877693176],
    "thpcp": [1, 0.614280641079, 0.286495059729, 0.704589009285, 0.583543241024, 0.125002607703, 0.0793210789561, 0.0906272381544, 0.382620275021, 0.767485618591, 0.528355956078, 0.146787926555, 0.165507033467, 0.152341112494, 0.268142133951, 0.604670584202, 0.464043945074, 0.240403428674, 0.310343742371, 0.192887991667, 0.187943324447, 0.315059602261, 0.283528059721, 0.373870044947, 0.524271309376, 0.329613566399, 0.121001325548, 0.0942836776376, 0.0566263943911, 0.383446186781, 0.753758430481, 0.442124456167, 0.128541231155, 0.180469036102, 0.172155931592, 0.538255751133],
    "chords_key": "A",
    "chords_scale": "minor"
}
}