{
"metadata": {
    "version": {
        "essentia": "2.1-dev",
        "essentia_git_sha": "v2.1_beta3-415-gd5473f3",
        "extractor": "music 2.0"
    },
    "audio_properties": {
        "analysis": {
            "equal_loudness": 0,
            "length": 292.623687744,
            "sample_rate": 44100,
            "start_time": 0,
            "downmix": "mix"
        },
        "bit_rate": 192000,
        "length": 292.623687744,
        "lossless": 0,
        "number_channels": 2,
        "replay_gain": -3.41835021973,
        "sample_rate": 44100,
        "codec": "mp3",
        "md5_encoded": "9cdeb4dc5df19044737c9ad04a9183a7"
    },
    "tags": {
        "file_name": "ictus-no_te_equivoques.mp3"
    }
},
"lowlevel": {
    "average_loudness": 0.126254767179,
    "barkbands_crest": {
        "mean": 12.9597511292,
        "stdev": 4.54475355148
    },
    "barkbands_flatness_db": {
        "mean": 0.274905204773,
        "stdev": 0.0705882608891
    },
    "barkbands_kurtosis": {
        "mean": 7.46969461441,
        "stdev": 11.7213907242
    },
    "barkbands_skewness": {
        "mean": 1.47030591965,
        "stdev": 1.32193982601
    },
    "barkbands_spread": {
        "mean": 7.18457794189,
        "stdev": 5.86047410965
    },
    "dissonance": {
        "mean": 0.39601546526,
        "stdev": 0.0635909661651
    },
    "dynamic_complexity": 6.00090789795,
    "erbbands_crest": {
        "mean": 13.7867679596,
        "stdev": 5.33062362671
    },
    "erbbands_flatness_db": {
        "mean": 0.270469278097,
        "stdev": 0.0671640858054
    },
    "erbbands_kurtosis": {
        "mean": 3.32163858414,
        "stdev": 4.63756895065
    },
    "erbbands_skewness": {
        "mean": 1.1856456995,
        "stdev": 0.875692248344
    },
    "erbbands_spread": {
        "mean": 17.4017963409,
        "stdev": 14.2459230423
    },
    "hfc": {
        "mean": 9.1186132431,
        "stdev": 15.4065361023
    },
    "loudness_ebu128": {
        "integrated": -21.942697525,
        "loudness_range": 9.6906337738,
        "momentary": {
            "mean": -24.9575786591,
            "stdev": 6.74848222733
        },
        "short_term": {
            "mean": -23.758020401,
            "stdev": 4.76840925217
        }
    },
    "melbands_crest": {
        "mean": 15.9617481232,
        "stdev": 5.51350736618
    },
    "melbands_flatness_db": {
        "mean": 0.355036407709,
        "stdev": 0.0866335257888
    },
    "melbands_kurtosis": {
        "mean": 10.8615274429,
        "stdev": 19.9417800903
    },
    "melbands_skewness": {
        "mean": 1.78198432922,
        "stdev": 1.53037583828
    },
    "melbands_spread": {
        "mean": 9.15798568726,
        "stdev": 7.65344572067
    },
    "pitch_salience": {
        "mean": 0.500603079796,
        "stdev": 0.119318269193
    },
    "silence_rate_20dB": {
        "mean": 0.999920666218,
        "stdev": 0.00890686735511
    },
    "silence_rate_30dB": {
        "mean": 0.989209771156,
        "stdev": 0.103321187198
    },
    "silence_rate_60dB": {
        "mean": 0.221040934324,
        "stdev": 0.414949089289
    },
    "spectral_centroid": {
        "mean": 589.178405762,
        "stdev": 353.398925781
    },
    "spectral_complexity": {
        "mean": 7.70001602173,
        "stdev": 4.51699209213
    },
    "spectral_decrease": {
        "mean": -4.35653646491e-09,
        "stdev": 5.69498492808e-09
    },
    "spectral_energy": {
        "mean": 0.017269635573,
        "stdev": 0.0227621942759
    },
    "spectral_energyband_high": {
        "mean": 6.5568870923e-05,
        "stdev": 0.000309125025524
    },
    "spectral_energyband_low": {
        "mean": 0.0037139155902,
        "stdev": 0.00636981520802
    },
    "spectral_energyband_middle_high": {
        "mean": 0.00266693532467,
        "stdev": 0.00613755593076
    },
    "spectral_energyband_middle_low": {
        "mean": 0.0112898945808,
        "stdev": 0.0166412796825
    },
    "spectral_entropy": {
        "mean": 6.20535087585,
        "stdev": 0.701646566391
    },
    "spectral_flux": {
        "mean": 0.0404740683734,
        "stdev": 0.0380810461938
    },
    "spectral_kurtosis": {
        "mean": 24.7774982452,
        "stdev": 24.3713531494
    },
    "spectral_rms": {
        "mean": 0.00347738922574,
        "stdev": 0.0021808850579
    },
    "spectral_rolloff": {
        "mean": 623.459655762,
        "stdev": 512.559020996
    },
    "spectral_skewness": {
        "mean": 3.39224505424,
        "stdev": 1.72344338894
    },
    "spectral_spread": {
        "mean": 2492199,
        "stdev": 1364428.875
    },
    "spectral_strongpeak": {
        "mean": 1.09533023834,
        "stdev": 1.3786560297
    },
    "zerocrossingrate": {
        "mean": 0.0248794481158,
        "stdev": 0.0150651363656
    },
    "barkbands": {
        "mean": [9.41723628785e-05, 0.00191923172679, 0.00130948016886, 0.00060139404377, 0.00218677939847, 0.00268071703613, 0.000814650848042, 0.00279667554423, 0.00195223535411, 0.000527713214979, 0.00058666971745, 0.000760789145716, 0.000325223547406, 0.000176247063791, 0.000138838935527, 0.000135428083013, 0.000107748892333, 3.76134630642e-05, 3.87589170714e-05, 2.75664642686e-05, 2.40258850681e-05, 1.39701960506e-05, 7.90201011114e-06, 3.10414679916e-06, 1.75911554834e-06, 9.24748690068e-07, 1.88904234477e-08],
        "stdev": [0.000355657073669, 0.00384878623299, 0.00336182489991, 0.00127491145395, 0.0061773872003, 0.00646766088903, 0.00178829696961, 0.0084516517818, 0.00644141808152, 0.00180499011185, 0.00290106469765, 0.0034205915872, 0.00180572236422, 0.00103757809848, 0.000562685367186, 0.000542992842384, 0.000713991292287, 0.000132886416395, 0.000162527401699, 0.000107660867798, 0.000112126363092, 7.89209007053e-05, 4.73352265544e-05, 1.89240636246e-05, 1.33665680551e-05, 8.6919453679e-06, 3.99244811433e-07]
    },
    "erbbands": {
        "mean": [0.0629647299647, 0.410746663809, 1.26826930046, 2.15446853638, 2.84721207619, 8.6854839325, 16.530172348, 22.9918289185, 13.3781785965, 31.1762676239, 63.8097000122, 38.6927642822, 22.8593730927, 16.6935710907, 31.6469268799, 23.2236499786, 18.2183666229, 10.7267417908, 7.06163740158, 6.01761674881, 9.29996585846, 4.96613121033, 1.95186078548, 2.4619410038, 1.49119853973, 1.29041957855, 1.04101443291, 0.883893191814, 0.514488101006, 0.361643463373, 0.198698818684, 0.088759586215, 0.0422828495502, 0.0215368214995, 0.0123039456084, 0.0058617349714, 0.00123263488058, 0.000115853115858, 1.23798408822e-05, 1.980289926e-05],
        "stdev": [0.149512201548, 0.780145764351, 2.88550519943, 4.71096420288, 10.4293003082, 23.613735199, 41.4448356628, 65.0594863892, 27.6573562622, 88.8982009888, 188.162399292, 122.821182251, 76.1550598145, 53.4270057678, 150.938278198, 82.5963592529, 86.3185043335, 56.5543403625, 24.356678009, 21.008190155, 41.4806594849, 26.2351970673, 6.05490875244, 8.93170452118, 5.02548503876, 5.32533025742, 4.73840904236, 4.38039588928, 2.8942463398, 2.03644442558, 1.22091937065, 0.549726784229, 0.266060948372, 0.162286892533, 0.0947481989861, 0.05150250718, 0.0124065261334, 0.00137302919757, 7.8907723946e-05, 2.6452324164e-05]
    },
    "gfcc": {
        "mean": [-155.058151245, 176.835647583, -111.217163086, 14.4815216064, -57.1836662292, -4.00390100479, -26.0236701965, -5.314889431, -9.07273483276, -4.39656829834, -5.06150197983, -7.96520280838, -1.14228689671],
        "cov": [[11585.7089844, -1325.9708252, -2318.62475586, 231.475326538, -120.723953247, 392.358062744, 199.503448486, 330.627441406, 28.703332901, 196.758666992, -212.119430542, -16.3034191132, -134.292785645], [-1325.9708252, 1619.76098633, 204.034042358, -545.060913086, 382.747528076, -322.109527588, 29.0329990387, -298.44644165, 105.802337646, -225.866882324, 191.06451416, -97.5382843018, 169.264541626], [-2318.62475586, 204.034042358, 1444.20581055, 173.013763428, -96.8230285645, 110.188415527, -87.6629104614, -48.0141983032, -87.048576355, 34.1254730225, -36.7910881042, 94.9061965942, 0.0524035207927], [231.475326538, -545.060913086, 173.013763428, 690.563781738, -76.5727386475, 150.440383911, 63.6781234741, 100.409355164, -18.1324539185, 76.1442184448, -29.5803413391, 18.3217544556, -41.2987632751], [-120.723953247, 382.747528076, -96.8230285645, -76.5727386475, 399.664001465, 6.18181705475, 46.948589325, -5.57146120071, 63.2860679626, -39.5881690979, 39.2159156799, -45.8368110657, 5.57074451447], [392.358062744, -322.109527588, 110.188415527, 150.440383911, 6.18181705475, 325.069244385, 61.1751480103, 96.0256652832, 6.43037796021, 76.0348739624, -66.3029251099, 21.0736484528, -33.9858207703], [199.503448486, 29.0329990387, -87.6629104614, 63.6781234741, 46.948589325, 61.1751480103, 233.737640381, 65.3764801025, 84.1079101562, 3.07820010185, 31.4397640228, -33.4640731812, 9.18708324432], [330.627441406, -298.44644165, -48.0141983032, 100.409355164, -5.57146120071, 96.0256652832, 65.3764801025, 194.175613403, 38.8483314514, 67.265296936, -31.5030021667, 9.20391941071, -53.4105567932], [28.703332901, 105.802337646, -87.048576355, -18.1324539185, 63.2860679626, 6.43037796021, 84.1079101562, 38.8483314514, 150.489349365, 25.7481307983, 29.0898189545, -31.4673919678, 14.9379653931], [196.758666992, -225.866882324, 34.1254730225, 76.1442184448, -39.5881690979, 76.0348739624, 3.07820010185, 67.265296936, 25.7481307983, 144.876220703, 7.48314285278, 30.5621128082, -30.9328479767], [-212.119430542, 191.06451416, -36.7910881042, -29.5803413391, 39.2159156799, -66.3029251099, 31.4397640228, -31.5030021667, 29.0898189545, 7.48314285278, 146.941970825, 37.1210632324, 24.3678741455], [-16.3034191132, -97.5382843018, 94.9061965942, 18.3217544556, -45.8368110657, 21.0736484528, -33.4640731812, 9.20391941071, -31.4673919678, 30.5621128082, 37.1210632324, 135.477767944, 25.1062602997], [-134.292785645, 169.264541626, 0.0524035207927, -41.2987632751, 5.57074451447, -33.9858207703, 9.18708324432, -53.4105567932, 14.9379653931, -30.9328479767, 24.3678741455, 25.1062602997, 166.062637329]],
        "icov": [[0.00017845488037, -0.000255257065874, 0.000430465559475, -0.000179538154043, 0.000212967410334, -0.000269205949735, -5.14304556418e-05, -0.000122277400806, 0.00022284683655, -0.000344233529177, 0.000508084718604, -0.000369133107597, 0.000158070091857], [-0.000255257065874, 0.00444805854931, -0.00208955747075, 0.00228564743884, -0.00290349079296, 0.0018091959646, -0.000654833624139, 0.00289414892904, -0.00220745406114, 0.0030936494004, -0.00402385601774, 0.00293242675252, -0.00181447993964], [0.000430465559475, -0.00208955747075, 0.00237767747603, -0.0013498023618, 0.00150489900261, -0.001420118846, 0.000286986352876, -0.000825385679491, 0.00131248915568, -0.00183225469664, 0.00261845672503, -0.00226661167108, 0.00101814360823], [-0.000179538154043, 0.00228564743884, -0.0013498023618, 0.00299614667892, -0.00124715664424, 0.000515875057317, -0.000804053794127, 0.000916917866562, -0.000571784214117, 0.00117674376816, -0.00228161062114, 0.00179654720705, -0.00090873579029], [0.000212967410334, -0.00290349079296, 0.00150489900261, -0.00124715664424, 0.00498638814315, -0.00201837299392, 0.000678216514643, -0.00207161670551, 0.000404145568609, -0.000803921138868, 0.00137154245749, -0.000982160447165, 0.00129802990705], [-0.000269205949735, 0.0018091959646, -0.001420118846, 0.000515875057317, -0.00201837299392, 0.00601046159863, -0.00196025450714, 0.000640502606984, -0.000487359851832, -0.000786660937592, 0.00106371880975, -7.21228716429e-05, -0.000568677787669], [-5.14304556418e-05, -0.000654833624139, 0.000286986352876, -0.000804053794127, 0.000678216514643, -0.00196025450714, 0.00733255082741, -0.00269118114375, -0.0024538624566, 0.00176555558573, -0.0024752013851, 0.00178449286614, -0.000626309076324], [-0.000122277400806, 0.00289414892904, -0.000825385679491, 0.000916917866562, -0.00207161670551, 0.000640502606984, -0.00269118114375, 0.0109091009945, -0.00306094670668, -0.000607222667895, 0.000375776726287, -0.000588821305428, 0.00123371649534], [0.00022284683655, -0.00220745406114, 0.00131248915568, -0.000571784214117, 0.000404145568609, -0.000487359851832, -0.0024538624566, -0.00306094670668, 0.0118058016524, -0.00446369824931, 0.00069169170456, 0.00112492754124, -0.000839426706079], [-0.000344233529177, 0.0030936494004, -0.00183225469664, 0.00117674376816, -0.000803921138868, -0.000786660937592, 0.00176555558573, -0.000607222667895, -0.00446369824931, 0.0132712358609, -0.00545305060223, 0.00111264456064, -5.99041886744e-05], [0.000508084718604, -0.00402385601774, 0.00261845672503, -0.00228161062114, 0.00137154245749, 0.00106371880975, -0.0024752013851, 0.000375776726287, 0.00069169170456, -0.00545305060223, 0.0154739357531, -0.0079620461911, 0.00222870078869], [-0.000369133107597, 0.00293242675252, -0.00226661167108, 0.00179654720705, -0.000982160447165, -7.21228716429e-05, 0.00178449286614, -0.000588821305428, 0.00112492754124, 0.00111264456064, -0.0079620461911, 0.0138733973727, -0.00393294403329], [0.000158070091857, -0.00181447993964, 0.00101814360823, -0.00090873579029, 0.00129802990705, -0.000568677787669, -0.000626309076324, 0.00123371649534, -0.000839426706079, -5.99041886744e-05, 0.00222870078869, -0.00393294403329, 0.00837623886764]]
    },
    "melbands": {
        "mean": [0.00054937863024, 0.000634686904959, 0.000371941714548, 0.000393494061427, 0.000555471982807, 0.000501464994159, 0.000200029637199, 0.000421622709837, 0.000532331410795, 0.000229930315982, 0.000107032938104, 6.16810648353e-05, 8.63944515004e-05, 9.37884688028e-05, 5.01315007568e-05, 3.04519035126e-05, 1.94119456864e-05, 9.81169068837e-06, 1.11744520837e-05, 7.77805871621e-06, 1.15072889457e-05, 6.41706856186e-06, 1.38443238029e-06, 1.99330656869e-06, 2.01339139494e-06, 1.30305022594e-06, 9.32969612677e-07, 8.26054872505e-07, 6.66073219691e-07, 5.61577564895e-07, 5.02290220084e-07, 2.9706708915e-07, 2.3227642032e-07, 1.86071247299e-07, 1.2048734277e-07, 7.8938306558e-08, 4.42127650047e-08, 2.96307653969e-08, 2.26009184701e-08, 1.69934484262e-08],
        "stdev": [0.00117757800035, 0.00122343050316, 0.000759892864153, 0.00131013453938, 0.00130922149401, 0.00133103446569, 0.000425678183092, 0.00131052557845, 0.00165598397143, 0.000740209419746, 0.000374892028049, 0.000210762897041, 0.000402203353588, 0.000430193118518, 0.000261318375124, 0.00015568442177, 0.000124415702885, 4.30289037467e-05, 5.38728781976e-05, 3.6873647332e-05, 6.21149229119e-05, 3.77141768695e-05, 4.55433018942e-06, 8.60494037624e-06, 8.00320776762e-06, 5.81171752856e-06, 3.11101757688e-06, 3.88633361581e-06, 3.27769180331e-06, 2.59378930423e-06, 2.74076705864e-06, 1.76801268026e-06, 1.30752505356e-06, 1.10549058263e-06, 7.54140558001e-07, 5.11065479714e-07, 2.83158101411e-07, 1.96457023094e-07, 1.3353226791e-07, 1.51705407347e-07]
    },
    "melbands128": {
        "mean": [8.74315519468e-05, 0.000492076447699, 0.000773509615101, 0.000613544951193, 0.000593420176301, 0.000668227730785, 0.000474080035929, 0.000244570779614, 0.000240882785874, 0.000364636594895, 0.000473911408335, 0.000550079683308, 0.000589069270063, 0.000551916251425, 0.000564894638956, 0.000491368758958, 0.00019878380408, 0.000165793084307, 0.000187825076864, 0.000262727873633, 0.000657181837596, 0.00056393945124, 0.000547665462364, 0.000546112773009, 0.000172177838976, 0.000187577024917, 0.000145489175338, 0.000112846821139, 6.00273124292e-05, 4.63327596663e-05, 8.7312044343e-05, 4.53127395303e-05, 5.08336815983e-05, 0.000135708818561, 0.000177486101165, 4.60095070594e-05, 3.15621764457e-05, 7.19247909728e-05, 4.11278633692e-05, 4.33497662016e-05, 2.96367234114e-05, 5.9204230638e-06, 3.08544913423e-05, 1.44176701724e-05, 1.20005042845e-05, 8.36168055685e-06, 8.11114296084e-06, 2.11271108128e-05, 5.90917215959e-06, 3.24327538692e-06, 1.02805861388e-05, 7.81780727266e-06, 1.08473359433e-05, 1.73350563273e-05, 6.63208857077e-06, 7.37850359656e-06, 2.30620139519e-06, 9.30759426865e-07, 1.57646059051e-06, 1.14569445486e-06, 2.56332305071e-06, 1.73716648533e-06, 2.05345418181e-06, 1.98129737328e-06, 2.5010506306e-06, 9.94391029963e-07, 8.72897373938e-07, 9.19579974834e-07, 9.44093187627e-07, 9.62889089351e-07, 7.98093594767e-07, 8.34772265534e-07, 6.84512258431e-07, 6.239001209e-07, 6.74973250625e-07, 5.0510351457e-07, 5.73627971789e-07, 5.14727048539e-07, 5.46795320133e-07, 4.3722266696e-07, 2.81359177734e-07, 2.68733089115e-07, 2.44042695385e-07, 2.26011948712e-07, 2.25013678801e-07, 2.0807334522e-07, 1.72348833871e-07, 1.42458276287e-07, 1.19662971088e-07, 1.02140553793e-07, 9.56437276045e-08, 7.02082729731e-08, 5.48954908197e-08, 4.5948709726e-08, 3.71224686546e-08, 2.90221446875e-08, 2.66036970231e-08, 3.30152509775e-08, 2.24777707558e-08, 1.84369355338e-08, 1.66771130239e-08, 1.76369781002e-08, 1.56216533043e-08, 1.48932226551e-08, 1.32205313363e-08, 1.3214267014e-08, 1.25176624621e-08, 1.40709524032e-08, 1.00666639469e-08, 8.23037549225e-09, 5.65187985302e-09, 4.31806368439e-09, 3.63397689718e-09, 2.6269775244e-09, 1.67075753232e-09, 9.33395916114e-10, 5.04515873523e-10, 1.45446821254e-10, 6.07504602179e-11, 6.85909801179e-11, 3.44029041366e-11, 1.12432485197e-11, 3.54051597068e-12, 2.80876862567e-12, 2.53649965615e-12, 2.52596186155e-12, 2.51420108691e-12, 2.49118477583e-12],
        "stdev": [0.00033030094346, 0.00131803227123, 0.00171283760574, 0.00118154264055, 0.00130626070313, 0.0017902480904, 0.00112280563917, 0.000546891242266, 0.00101814861409, 0.00203554844484, 0.0015570508549, 0.0017832670128, 0.00176103319973, 0.0016891756095, 0.00180696160533, 0.00181986636017, 0.000615761324298, 0.000406178995036, 0.000630206195638, 0.000998955219984, 0.00240629306063, 0.0024367228616, 0.00222017872147, 0.00259609450586, 0.000828473712318, 0.00094326143153, 0.000627975037787, 0.000565594702493, 0.00029439482023, 0.000220827874728, 0.000396623479901, 0.00024828556343, 0.000351801310899, 0.000931523100007, 0.00114852690604, 0.000217285647523, 0.000161116651725, 0.00047068373533, 0.00045291899005, 0.000270655466011, 0.000178350979695, 3.26469998981e-05, 0.000239027998759, 9.98537507257e-05, 0.000105966013507, 4.35640577052e-05, 4.93145271321e-05, 0.000126594517496, 3.02938915411e-05, 2.02614610316e-05, 7.27328952053e-05, 4.57468413515e-05, 7.06982391421e-05, 0.000144155041198, 6.73897593515e-05, 5.94693410676e-05, 1.60513009178e-05, 5.5786899793e-06, 7.40913174013e-06, 3.73722150471e-06, 1.70067796716e-05, 8.41518613015e-06, 9.76282717602e-06, 1.0264856428e-05, 1.8253138478e-05, 7.06612718204e-06, 4.74354919788e-06, 4.10674465456e-06, 4.19365096604e-06, 5.60870830668e-06, 4.66213532491e-06, 4.45566638518e-06, 4.90693901156e-06, 3.19091373058e-06, 3.94612561649e-06, 2.69493466476e-06, 2.89247350338e-06, 2.55678287431e-06, 3.49099195773e-06, 3.0039500416e-06, 1.82733424481e-06, 1.67570033227e-06, 1.40461611409e-06, 1.50169944391e-06, 1.25789563299e-06, 1.36991286581e-06, 1.14192903311e-06, 8.81368350747e-07, 8.21960782105e-07, 7.56038843974e-07, 6.28257794233e-07, 5.29072224253e-07, 3.48363727198e-07, 3.23789294043e-07, 2.5324166586e-07, 2.10338598094e-07, 2.12301287661e-07, 2.14965794498e-07, 1.38260375593e-07, 1.20622942745e-07, 1.34476962899e-07, 1.91234974523e-07, 1.69077111423e-07, 1.13472360397e-07, 1.00500756162e-07, 1.08684673705e-07, 1.17311095948e-07, 1.44564126003e-07, 9.47108063087e-08, 7.27706961356e-08, 5.17044043136e-08, 4.30079296621e-08, 4.79523940555e-08, 3.14770609577e-08, 1.96915124206e-08, 1.3245156083e-08, 8.06640709783e-09, 3.40036687696e-09, 2.35390706926e-09, 3.26430615871e-09, 1.81175874303e-09, 4.55342652472e-10, 6.27597834812e-11, 2.13242305758e-11, 4.99159437742e-12, 4.93374785471e-12, 4.89178272542e-12, 4.86588894177e-12]
    },
    "mfcc": {
        "mean": [-796.360534668, 191.988250732, 14.0310926437, 19.9247303009, -4.04943370819, 0.990072965622, -7.17850875854, -2.85717010498, -2.07119321823, -0.384045571089, 0.42761066556, 1.3763449192, 0.324227362871],
        "cov": [[9581.89746094, -711.807800293, -2199.88989258, 514.079406738, -676.10736084, 176.006866455, -50.4894104004, 210.571350098, 153.415924072, 262.820068359, -22.5250701904, 141.106048584, 99.5301589966], [-711.807800293, 1662.91601562, 4.76363039017, -342.512420654, 212.922851562, -128.57019043, -8.08467960358, -99.7716751099, -83.404296875, -140.307067871, -69.3504714966, -72.652053833, -12.5537376404], [-2199.88989258, 4.76363039017, 1261.3215332, -17.016210556, 123.111618042, 104.772377014, 31.8116436005, -4.46700572968, -14.9050254822, -46.1711387634, -11.6845035553, -59.0171737671, -34.6749839783], [514.079406738, -342.512420654, -17.016210556, 391.255340576, -16.350440979, 72.6850204468, 52.3002204895, 64.1656417847, 38.1719474792, 77.0828933716, 52.1116142273, 15.43014431, 3.47060346603], [-676.10736084, 212.922851562, 123.111618042, -16.350440979, 272.1590271, 35.223690033, 27.170381546, 2.76111340523, -12.2024860382, -19.3957672119, 19.0682010651, -18.1297492981, -18.0127773285], [176.006866455, -128.57019043, 104.772377014, 72.6850204468, 35.223690033, 204.191177368, 60.1984558105, 43.3246612549, 49.712562561, 45.4226112366, 11.0516395569, 5.53115081787, 6.87852430344], [-50.4894104004, -8.08467960358, 31.8116436005, 52.3002204895, 27.170381546, 60.1984558105, 132.649581909, 55.1978340149, 30.2526779175, 32.5025405884, 17.7551383972, 9.32862186432, 17.2276535034], [210.571350098, -99.7716751099, -4.46700572968, 64.1656417847, 2.76111340523, 43.3246612549, 55.1978340149, 144.562683105, 49.0350379944, 27.2678508759, 38.064365387, 20.3917045593, 9.63414859772], [153.415924072, -83.404296875, -14.9050254822, 38.1719474792, -12.2024860382, 49.712562561, 30.2526779175, 49.0350379944, 154.42199707, 88.1709594727, 8.20679664612, 27.8349094391, 2.51363372803], [262.820068359, -140.307067871, -46.1711387634, 77.0828933716, -19.3957672119, 45.4226112366, 32.5025405884, 27.2678508759, 88.1709594727, 143.55859375, 53.9498138428, 12.1347932816, -7.47866201401], [-22.5250701904, -69.3504714966, -11.6845035553, 52.1116142273, 19.0682010651, 11.0516395569, 17.7551383972, 38.064365387, 8.20679664612, 53.9498138428, 166.601089478, 90.3910446167, -13.7590761185], [141.106048584, -72.652053833, -59.0171737671, 15.43014431, -18.1297492981, 5.53115081787, 9.32862186432, 20.3917045593, 27.8349094391, 12.1347932816, 90.3910446167, 180.850921631, 73.9054641724], [99.5301589966, -12.5537376404, -34.6749839783, 3.47060346603, -18.0127773285, 6.87852430344, 17.2276535034, 9.63414859772, 2.51363372803, -7.47866201401, -13.7590761185, 73.9054641724, 148.088058472]],
        "icov": [[0.000294077239232, -8.68719871505e-05, 0.000475659267977, -0.00029390968848, 0.000549465243239, -0.000579395156819, 0.000414832524257, -0.000461627088953, 0.000328450056259, -0.000399018317694, 0.000447878584964, -0.00028908776585, 0.000148930339492], [-8.68719871505e-05, 0.000940559897572, -5.9622216213e-05, 0.000703493016772, -0.000820255314466, 0.000597602862399, -0.000627290981356, 0.000576621852815, -0.000404662685469, 0.000751534651499, -0.000392982707126, 0.000542024557944, -0.000246591371251], [0.000475659267977, -5.9622216213e-05, 0.00167732441332, -0.000385488208849, 0.000589216360822, -0.00141778658144, 0.000511891092174, -0.000497942499351, 0.00026560088736, 4.05298596888e-05, 0.000346642918885, 1.4761575585e-05, 0.000209783524042], [-0.00029390968848, 0.000703493016772, -0.000385488208849, 0.00387509097345, -0.000731331761926, 0.00015787447046, -0.00109941279516, -0.00017933723575, 0.000140467542224, -0.000647301552817, -0.000962544698268, 0.000702588178683, -0.000355770869646], [0.000549465243239, -0.000820255314466, 0.000589216360822, -0.000731331761926, 0.00575277581811, -0.00208457815461, 0.000218114466406, -0.00065546669066, 0.000323298416333, 0.000327007728629, -0.000667995947879, 0.000334087992087, 0.000312342162943], [-0.000579395156819, 0.000597602862399, -0.00141778658144, 0.00015787447046, -0.00208457815461, 0.00797452125698, -0.00284296949394, 0.000449562678114, -0.0015285462141, -0.000198425244889, -0.000142504708492, 0.000335291959345, -0.000382732017897], [0.000414832524257, -0.000627290981356, 0.000511891092174, -0.00109941279516, 0.000218114466406, -0.00284296949394, 0.0112747233361, -0.00400186609477, 0.00102618534584, -0.00248558004387, 0.000967502593994, -0.000437699869508, -0.000913671450689], [-0.000461627088953, 0.000576621852815, -0.000497942499351, -0.00017933723575, -0.00065546669066, 0.000449562678114, -0.00400186609477, 0.0112774884328, -0.00496111763641, 0.00438557937741, -0.00475378287956, 0.00282734492794, -0.00166900490876], [0.000328450056259, -0.000404662685469, 0.00026560088736, 0.000140467542224, 0.000323298416333, -0.0015285462141, 0.00102618534584, -0.00496111763641, 0.0147037571296, -0.0108656045049, 0.00739364186302, -0.00626900279894, 0.00313482200727], [-0.000399018317694, 0.000751534651499, 4.05298596888e-05, -0.000647301552817, 0.000327007728629, -0.000198425244889, -0.00248558004387, 0.00438557937741, -0.0108656045049, 0.018156806007, -0.00946027692407, 0.00663076154888, -0.00267738010734], [0.000447878584964, -0.000392982707126, 0.000346642918885, -0.000962544698268, -0.000667995947879, -0.000142504708492, 0.000967502593994, -0.00475378287956, 0.00739364186302, -0.00946027692407, 0.016737267375, -0.0114336749539, 0.00654943753034], [-0.00028908776585, 0.000542024557944, 1.4761575585e-05, 0.000702588178683, 0.000334087992087, 0.000335291959345, -0.000437699869508, 0.00282734492794, -0.00626900279894, 0.00663076154888, -0.0114336749539, 0.0151801919565, -0.00807765964419], [0.000148930339492, -0.000246591371251, 0.000209783524042, -0.000355770869646, 0.000312342162943, -0.000382732017897, -0.000913671450689, -0.00166900490876, 0.00313482200727, -0.00267738010734, 0.00654943753034, -0.00807765964419, 0.0114112058654]]
    },
    "spectral_contrast_coeffs": {
        "mean": [-0.697822630405, -0.69969689846, -0.708147823811, -0.760922729969, -0.795237243176, -0.776453018188],
        "stdev": [0.0927012041211, 0.0989322289824, 0.0996739342809, 0.0776706039906, 0.0657737851143, 0.0492555983365]
    },
    "spectral_contrast_valleys": {
        "mean": [-7.29151821136, -7.38616752625, -8.85346889496, -9.59075164795, -9.9205493927, -12.8066959381],
        "stdev": [0.963643848896, 0.964941322803, 1.07640814781, 1.13941645622, 1.21782016754, 1.17498362064]
    }
},
"rhythm": {
    "beats_count": 482,
    "beats_loudness": {
        "mean": 0.0233720373362,
        "stdev": 0.0277296677232
    },
    "bpm": 91.3514404297,
    "bpm_histogram_first_peak_bpm": 94,
    "bpm_histogram_first_peak_weight": 0.757692337036,
    "bpm_histogram_second_peak_bpm": 89,
    "bpm_histogram_second_peak_spread": 0.116666615009,
    "bpm_histogram_second_peak_weight": 0.110187113285,
    "danceability": 1.00424218178,
    "onset_rate": 3.63927030563,
    "beats_loudness_band_ratio": {
        "mean": [0.346137166023, 0.326371431351, 0.261984735727, 0.0806906372309, 0.0196777302772, 0.00708724651486],
        "stdev": [0.275714367628, 0.262035578489, 0.223632961512, 0.118474386632, 0.0326861739159, 0.0174183286726]
    },
    "beats_position": [0.684988677502, 1.369977355, 2.0549659729, 2.73995471001, 3.41333317757, 4.09832191467, 4.78331041336, 5.47990942001, 6.15328788757, 6.82666635513, 7.4884352684, 8.15020370483, 8.8119726181, 9.47374153137, 10.1239004135, 10.774058342, 11.4358272552, 12.1324262619, 12.8290243149, 13.5024032593, 14.1641721725, 14.8375511169, 15.4993190765, 16.1378688812, 16.6951465607, 17.2640361786, 17.8445339203, 18.4250335693, 18.9939231873, 19.574420929, 20.1665306091, 20.851518631, 21.5365066528, 22.221496582, 22.9064846039, 23.5914726257, 24.2880725861, 24.984670639, 25.6696586609, 26.3546485901, 27.0280265808, 27.7014045715, 28.3747844696, 29.0481624603, 29.7215423584, 30.4065303802, 31.079908371, 31.7416782379, 32.4034461975, 33.0652160645, 33.7153739929, 34.3655319214, 35.0156898499, 35.6658477783, 36.3276176453, 36.9893875122, 37.6627655029, 38.3245353699, 38.9398651123, 39.5435829163, 40.1705207825, 40.7858505249, 41.4011802673, 42.0281181335, 42.6550559998, 43.3052139282, 43.9321517944, 44.5707015991, 45.1279792786, 45.6736488342, 46.1612701416, 46.625667572, 47.0900688171, 47.5660743713, 48.0536956787, 48.5297050476, 49.0057144165, 49.4817237854, 49.9461212158, 50.4221305847, 50.9097480774, 51.3857574463, 51.8733787537, 52.3609962463, 52.871837616, 53.3594551086, 53.9051246643, 54.45079422, 55.0777320862, 55.7046699524, 56.3316078186, 57.0165977478, 57.701587677, 58.3749656677, 59.03673172, 59.7101135254, 60.3718795776, 61.0336494446, 61.6954193115, 62.3687973022, 63.042175293, 63.7155532837, 64.3773193359, 65.0390930176, 65.6892471313, 66.3394088745, 66.9779586792, 67.6165084839, 68.2550582886, 68.8936004639, 69.543762207, 70.1823120117, 70.8092498779, 71.4477996826, 72.0863494873, 72.724899292, 73.3518371582, 73.9903869629, 74.6173248291, 75.2558746338, 75.8828125, 76.5213623047, 77.15990448, 77.7868499756, 78.4021759033, 79.0175018311, 79.6444396973, 80.2713851929, 80.8983230591, 81.5252609253, 82.1521987915, 82.7791366577, 83.4060745239, 84.0330123901, 84.6599502563, 85.298500061, 85.9486618042, 86.598815918, 87.2722015381, 87.9455795288, 88.6073455811, 89.2575073242, 89.8960494995, 90.5345993042, 91.1615371704, 91.788482666, 92.4154205322, 93.0423583984, 93.6692962646, 94.2962341309, 94.9231719971, 95.5617218018, 96.2002716064, 96.8388214111, 97.4773712158, 98.104309082, 98.7196350098, 99.3349609375, 99.9502944946, 100.565620422, 101.146118164, 101.715011597, 102.307121277, 102.899223328, 103.491333008, 104.083442688, 104.675552368, 105.279273987, 105.882987976, 106.486709595, 107.090431213, 107.694145203, 108.297866821, 108.90158844, 109.505302429, 110.109024048, 110.712738037, 111.328071594, 111.931785583, 112.547119141, 113.15083313, 113.754554749, 114.346664429, 114.961990356, 115.565711975, 116.169433594, 116.773147583, 117.376869202, 117.841270447, 118.305664062, 118.758453369, 119.234466553, 119.710472107, 120.186485291, 120.650878906, 121.103668213, 121.55645752, 122.009246826, 122.462036133, 122.926437378, 123.402442932, 123.878456116, 124.35446167, 124.830474854, 125.306480408, 125.782493591, 126.258499146, 126.734512329, 127.222129822, 127.721359253, 128.232192993, 128.731430054, 129.230651855, 129.718276978, 130.217498779, 130.71673584, 131.215957642, 131.715194702, 132.214416504, 132.702041626, 133.189651489, 133.677276611, 134.141677856, 134.606079102, 135.070480347, 135.55809021, 136.045715332, 136.533325195, 137.020950317, 137.508575439, 137.984573364, 138.460586548, 138.924987793, 139.401000977, 139.876998901, 140.341400146, 140.805801392, 141.270202637, 141.734603882, 142.199005127, 142.675003052, 143.174240112, 143.650253296, 144.137863159, 144.613876343, 145.101501465, 145.589111328, 146.088348389, 146.58757019, 147.086807251, 147.586029053, 148.073654175, 148.572875977, 149.04888916, 149.536499023, 150.024124146, 150.534957886, 151.034194946, 151.545028687, 152.055877686, 152.578323364, 153.089157104, 153.599990845, 154.110839844, 154.761001587, 155.42276001, 156.072921753, 156.711471558, 157.350021362, 157.988571167, 158.627120972, 159.254058838, 159.880996704, 160.496322632, 161.11164856, 161.715377808, 162.330703735, 162.946029663, 163.561355591, 164.188293457, 164.803619385, 165.418960571, 166.034286499, 166.649612427, 167.253326416, 167.857055664, 168.48399353, 169.099319458, 169.737869263, 170.364807129, 170.980133057, 171.595458984, 172.199172974, 172.81451416, 173.429840088, 174.045166016, 174.660491943, 175.28742981, 175.902755737, 176.518096924, 177.156646729, 177.783584595, 178.410522461, 179.049072266, 179.68762207, 180.326171875, 180.964706421, 181.603256226, 182.253417969, 182.91519165, 183.576965332, 184.238723755, 184.900497437, 185.55065918, 186.200805664, 186.862579346, 187.512741089, 188.151290894, 188.801452637, 189.451599121, 190.113372803, 190.751922607, 191.402084351, 192.063858032, 192.725616455, 193.375778198, 194.014328003, 194.652877808, 195.279815674, 195.918365479, 196.568527222, 197.207077026, 197.845626831, 198.495773315, 199.145935059, 199.796096802, 200.434646606, 201.108016968, 201.793014526, 202.477996826, 203.174606323, 203.8828125, 204.602630615, 205.287612915, 205.960998535, 206.645980835, 207.330978394, 208.004348755, 208.666122437, 209.31628418, 209.966430664, 210.616592407, 211.26675415, 211.905303955, 212.555465698, 213.205612183, 213.844161987, 214.482711792, 215.132873535, 215.783035278, 216.433197021, 217.071746826, 217.710296631, 218.360443115, 219.010604858, 219.67237854, 220.322540283, 220.961090088, 221.599639893, 222.226577759, 222.865127563, 223.49206543, 224.119003296, 224.745941162, 225.372879028, 225.999816895, 226.626754761, 227.265304565, 227.90385437, 228.542404175, 229.180953979, 229.807891846, 230.434829712, 231.061767578, 231.688705444, 232.315643311, 232.954193115, 233.59274292, 234.219680786, 234.869842529, 235.519989014, 236.170150757, 236.831924438, 237.482086182, 238.143844604, 238.817230225, 239.479003906, 240.140762329, 240.802536011, 241.464309692, 242.137680054, 242.799453735, 243.472824097, 244.134597778, 244.79637146, 245.458129883, 246.119903564, 246.781677246, 247.443435669, 248.105209351, 248.755371094, 249.405532837, 250.05569458, 250.705841064, 251.367614746, 252.029388428, 252.702758789, 253.364532471, 254.026306152, 254.688064575, 255.349838257, 256, 256.650146484, 257.300323486, 257.96206665, 258.612243652, 259.262390137, 259.912567139, 260.551116943, 261.189666748, 261.828216553, 262.478363037, 263.128509521, 263.790283203, 264.428833008, 265.07901001, 265.729156494, 266.367706299, 267.017852783, 267.679626465, 268.352996826, 269.026397705, 269.711364746, 270.384765625, 271.058135986, 271.719909668, 272.370056152, 273.031829834, 273.705200195, 274.378601074, 275.017150879, 275.655700684, 276.294250488, 276.944396973, 277.582946777, 278.163452148, 278.743927002, 279.312835693, 279.893341064, 280.473815918, 281.077545166, 281.681274414, 282.273376465, 282.877105713, 283.480804443, 284.049713135, 284.606964111, 285.164245605, 285.70993042, 286.255584717, 286.801269531, 287.265655518, 287.730072021, 288.194458008, 288.647247314, 289.100036621, 289.552825928, 290.005615234, 290.458404541, 290.911193848, 291.363983154, 291.828399658],
    "bpm_histogram": [0, 0, 0, 0, 0, 0, 0, 0, 0, 0, 0, 0, 0, 0, 0, 0, 0, 0, 0, 0, 0, 0, 0, 0, 0, 0, 0, 0, 0, 0, 0, 0, 0, 0, 0, 0, 0, 0, 0, 0, 0, 0, 0, 0, 0, 0, 0, 0, 0, 0, 0, 0, 0, 0, 0, 0, 0, 0, 0, 0, 0, 0, 0, 0, 0, 0, 0, 0, 0, 0, 0, 0, 0, 0, 0, 0, 0, 0, 0, 0, 0, 0, 0, 0.00207900209352, 0, 0.00207900209352, 0.0124740125611, 0, 0.043659042567, 0.0665280669928, 0, 0.116424113512, 0.124740123749, 0, 0.130977123976, 0, 0.106029108167, 0, 0.0623700618744, 0.0540540553629, 0, 0.0166320167482, 0, 0.0166320167482, 0, 0.010395010002, 0, 0, 0.00831600837409, 0, 0.0124740125611, 0, 0, 0, 0, 0.00207900209352, 0, 0.0166320167482, 0, 0, 0.0311850309372, 0, 0, 0.0457380451262, 0, 0, 0.0519750528038, 0, 0, 0.0415800400078, 0, 0, 0, 0.0249480251223, 0, 0, 0, 0, 0, 0, 0, 0, 0, 0, 0, 0, 0, 0, 0, 0, 0, 0, 0, 0, 0, 0, 0, 0, 0, 0, 0, 0, 0, 0, 0, 0, 0, 0, 0, 0, 0, 0, 0, 0, 0, 0, 0, 0, 0, 0, 0, 0, 0, 0, 0, 0, 0, 0, 0, 0, 0, 0, 0, 0, 0, 0, 0, 0, 0, 0, 0, 0, 0, 0, 0, 0, 0, 0, 0, 0, 0, 0, 0, 0, 0, 0, 0, 0, 0, 0, 0, 0, 0, 0, 0, 0, 0, 0, 0, 0, 0, 0, 0, 0, 0, 0, 0, 0, 0, 0, 0, 0, 0, 0, 0, 0, 0, 0, 0, 0]
},
"tonal": {
    "chords_changes_rate": 0.0720291957259,
    "chords_number_rate": 0.00285578286275,
    "chords_strength": {
        "mean": 0.434606969357,
        "stdev": 0.102521277964
    },
    "hpcp_crest": {
        "mean": 18.9813175201,
        "stdev": 8.70118713379
    },
    "hpcp_entropy": {
        "mean": 1.37890744209,
        "stdev": 0.722875058651
    },
    "key_edma": {
        "strength": 0.704923152924,
        "key": "G#",
        "scale": "major"
    },
    "key_krumhansl": {
        "strength": 0.705402851105,
        "key": "G#",
        "scale": "major"
    },
    "key_temperley": {
        "strength": 0.703000605106,
        "key": "G#",
        "scale": "major"
    },
    "tuning_diatonic_strength": 0.371542841196,
    "tuning_equal_tempered_deviation": 0.0102074323222,
    "tuning_frequency": 436.708374023,
    "tuning_nontempered_energy_ratio": 0.625794410706,
    "hpcp": {
        "mean": [0.0858840346336, 0.0604677945375, 0.0931313410401, 0.173283740878, 0.112537458539, 0.0421587601304, 0.0646725222468, 0.0507087260485, 0.10806196183, 0.192933559418, 0.120812378824, 0.0963482782245, 0.148702949286, 0.0874134600163, 0.0658088773489, 0.106018789113, 0.0708241760731, 0.130179181695, 0.255037903786, 0.151055023074, 0.0271322056651, 0.0407171547413, 0.0332646258175, 0.071389734745, 0.141174465418, 0.100223988295, 0.0719595700502, 0.100333191454, 0.0608159415424, 0.078147791326, 0.122082233429, 0.077273786068, 0.0874159559608, 0.15548850596, 0.118841841817, 0.0740175843239],
        "stdev": [0.216410279274, 0.160820960999, 0.185890287161, 0.315118670464, 0.224605441093, 0.126015394926, 0.196088537574, 0.154107183218, 0.199227496982, 0.324490129948, 0.219172090292, 0.206402778625, 0.30071914196, 0.192383050919, 0.15996915102, 0.244708403945, 0.169000506401, 0.220276102424, 0.378285139799, 0.244693934917, 0.0979100614786, 0.157970800996, 0.128062874079, 0.158519521356, 0.277338653803, 0.215230941772, 0.175788372755, 0.253574699163, 0.159580186009, 0.19036629796, 0.267464488745, 0.174790322781, 0.190796673298, 0.28949663043, 0.235568642616, 0.175337091088]
    },
    "chords_histogram": [18.9750919342, 10.5663967133, 3.71251773834, 4.56925296783, 6.85387897491, 4.52165651321, 4.25194358826, 0.967793107033, 2.47501182556, 0, 0.856734871864, 0.428367435932, 2.06251001358, 1.99904811382, 0.61875295639, 1.8245279789, 0, 2.11010622978, 3.50626683235, 2.17356824875, 6.5524353981, 7.0442647934, 6.58416604996, 7.34570837021],
    "thpcp": [1, 0.592284619808, 0.106384992599, 0.159651383758, 0.130430132151, 0.279918134212, 0.55354309082, 0.392976820469, 0.282152444124, 0.393405020237, 0.238458439708, 0.306416392326, 0.478682696819, 0.302989423275, 0.342756718397, 0.609668195248, 0.465977162123, 0.290221899748, 0.336750090122, 0.237093359232, 0.365166664124, 0.679443061352, 0.44125777483, 0.165303900838, 0.253580033779, 0.198828190565, 0.42370942235, 0.756489753723, 0.473703622818, 0.377780228853, 0.583062171936, 0.342746943235, 0.25803565979, 0.415698170662, 0.277700603008, 0.510430693626],
    "chords_key": "G#",
    "chords_scale": "major"
}
}