{
"metadata": {
    "version": {
        "essentia": "2.1-dev",
        "essentia_git_sha": "v2.1_beta3-415-gd5473f3",
        "extractor": "music 2.0"
    },
    "audio_properties": {
        "analysis": {
            "equal_loudness": 0,
            "length": 524.303649902,
            "sample_rate": 44100,
            "start_time": 0,
            "downmix": "mix"
        },
        "bit_rate": 192000,
        "length": 524.303649902,
        "lossless": 0,
        "number_channels": 2,
        "replay_gain": -4.90196228027,
        "sample_rate": 44100,
        "codec": "mp3",
        "md5_encoded": "b65f8f199aaa7b046318fbd499cc02f2"
    },
    "tags": {
        "file_name": "miles-davis-straight_no_chaser.mp3",
        "album": ["At Newport 1958"],
        "artist": ["Miles Davis"],
        "date": ["2001"],
        "genre": ["Other"],
        "title": ["Straight, No Chaser (Live)"]
    }
},
"lowlevel": {
    "average_loudness": 0.256911128759,
    "barkbands_crest": {
        "mean": 11.9703722,
        "stdev": 5.04435586929
    },
    "barkbands_flatness_db": {
        "mean": 0.155609935522,
        "stdev": 0.0944935455918
    },
    "barkbands_kurtosis": {
        "mean": 19.5145549774,
        "stdev": 51.3402519226
    },
    "barkbands_skewness": {
        "mean": 2.42117118835,
        "stdev": 2.43233680725
    },
    "barkbands_spread": {
        "mean": 25.7785949707,
        "stdev": 21.1880245209
    },
    "dissonance": {
        "mean": 0.454776734114,
        "stdev": 0.0372129641473
    },
    "dynamic_complexity": 6.41244363785,
    "erbbands_crest": {
        "mean": 10.775229454,
        "stdev": 5.47579669952
    },
    "erbbands_flatness_db": {
        "mean": 0.140698105097,
        "stdev": 0.0589788220823
    },
    "erbbands_kurtosis": {
        "mean": 3.93552851677,
        "stdev": 12.1716089249
    },
    "erbbands_skewness": {
        "mean": 0.917533874512,
        "stdev": 1.60138428211
    },
    "erbbands_spread": {
        "mean": 49.7571372986,
        "stdev": 29.2049541473
    },
    "hfc": {
        "mean": 12.895157814,
        "stdev": 17.1059093475
    },
    "loudness_ebu128": {
        "integrated": -20.3635730743,
        "loudness_range": 10.6354160309,
        "momentary": {
            "mean": -22.9780902863,
            "stdev": 5.81669950485
        },
        "short_term": {
            "mean": -21.9410419464,
            "stdev": 3.78809833527
        }
    },
    "melbands_crest": {
        "mean": 16.716468811,
        "stdev": 5.73303079605
    },
    "melbands_flatness_db": {
        "mean": 0.227133795619,
        "stdev": 0.118613630533
    },
    "melbands_kurtosis": {
        "mean": 37.5223884583,
        "stdev": 59.311050415
    },
    "melbands_skewness": {
        "mean": 3.72350096703,
        "stdev": 2.60570049286
    },
    "melbands_spread": {
        "mean": 21.1188163757,
        "stdev": 19.3842849731
    },
    "pitch_salience": {
        "mean": 0.506992340088,
        "stdev": 0.138688147068
    },
    "silence_rate_20dB": {
        "mean": 0.999822854996,
        "stdev": 0.0133076300845
    },
    "silence_rate_30dB": {
        "mean": 0.977104663849,
        "stdev": 0.149557232857
    },
    "silence_rate_60dB": {
        "mean": 0.317789286375,
        "stdev": 0.465607613325
    },
    "spectral_centroid": {
        "mean": 1284.91418457,
        "stdev": 811.153869629
    },
    "spectral_complexity": {
        "mean": 8.2638053894,
        "stdev": 6.74973678589
    },
    "spectral_decrease": {
        "mean": -3.79858011712e-09,
        "stdev": 8.03955035877e-09
    },
    "spectral_energy": {
        "mean": 0.0155064519495,
        "stdev": 0.0314393155277
    },
    "spectral_energyband_high": {
        "mean": 0.000558600120712,
        "stdev": 0.000816638756078
    },
    "spectral_energyband_low": {
        "mean": 0.00272396509536,
        "stdev": 0.00953880138695
    },
    "spectral_energyband_middle_high": {
        "mean": 0.00268550217152,
        "stdev": 0.00502521032467
    },
    "spectral_energyband_middle_low": {
        "mean": 0.0104572474957,
        "stdev": 0.0279372204095
    },
    "spectral_entropy": {
        "mean": 7.40040159225,
        "stdev": 0.790411829948
    },
    "spectral_flux": {
        "mean": 0.0575920976698,
        "stdev": 0.0605529434979
    },
    "spectral_kurtosis": {
        "mean": 4.43275785446,
        "stdev": 5.0472073555
    },
    "spectral_rms": {
        "mean": 0.00305980723351,
        "stdev": 0.0024012082722
    },
    "spectral_rolloff": {
        "mean": 1914.0279541,
        "stdev": 2485.15454102
    },
    "spectral_skewness": {
        "mean": 1.65674650669,
        "stdev": 0.732577860355
    },
    "spectral_spread": {
        "mean": 6379550,
        "stdev": 1976558.875
    },
    "spectral_strongpeak": {
        "mean": 0.922396123409,
        "stdev": 1.38304078579
    },
    "zerocrossingrate": {
        "mean": 0.0810882672668,
        "stdev": 0.0548938401043
    },
    "barkbands": {
        "mean": [5.71025748286e-06, 0.000595315359533, 0.0013069671113, 0.00189979257993, 0.00501768151298, 0.000850556709338, 0.000903805776034, 0.000750056642573, 0.000854386831634, 0.00040901612374, 0.000194856154849, 0.000353494222509, 0.000372736016288, 0.000292730721412, 0.000174857021193, 0.00026169969351, 0.000297555292491, 0.000182276242413, 0.000169009552337, 0.000127262057504, 0.00010532655142, 5.92734832026e-05, 5.08656921738e-05, 6.17377372691e-05, 9.52457485255e-05, 6.45602704026e-05, 4.94136002089e-05],
        "stdev": [1.10086812128e-05, 0.00175131089054, 0.00456561101601, 0.00763458712026, 0.0198827050626, 0.00187059328891, 0.00238301651552, 0.00222200597636, 0.00310722738504, 0.00196258421056, 0.00100360496435, 0.00200922065414, 0.00149534433149, 0.00116007949691, 0.000563756737392, 0.000971736561041, 0.00106017268263, 0.000438873888925, 0.000259538850514, 0.000273774756351, 0.000168860467966, 9.46413638303e-05, 7.58821988711e-05, 8.07009855635e-05, 0.00014389307762, 0.000134625981445, 0.000255924969679]
    },
    "erbbands": {
        "mean": [0.00931117217988, 0.175805300474, 1.15829622746, 4.5131778717, 17.4390602112, 11.9249897003, 7.45688581467, 6.94005250931, 11.8158226013, 14.929017067, 16.4938564301, 21.7669239044, 15.4821271896, 9.31238269806, 8.61714172363, 16.1644153595, 17.217250824, 17.1961154938, 10.2166833878, 11.8541793823, 15.9212236404, 14.7995233536, 10.521613121, 8.78666496277, 7.76330471039, 6.24139785767, 4.76603412628, 3.57466602325, 2.10566115379, 1.87593066692, 1.47585916519, 1.17293763161, 1.18072426319, 1.03861367702, 0.66369509697, 0.237048476934, 0.126968070865, 0.0586084201932, 0.00904531311244, 0.000217248118133],
        "stdev": [0.0329234302044, 0.489452600479, 3.60167574883, 17.7661781311, 78.1496429443, 41.0493850708, 19.5609149933, 15.4882659912, 28.2355327606, 46.7953262329, 50.9714317322, 79.6210021973, 70.0638504028, 37.9490737915, 37.0743522644, 95.9732437134, 60.6119308472, 58.9459915161, 27.2716026306, 36.2226905823, 56.0966720581, 49.9063148499, 26.965763092, 15.060177803, 11.870174408, 14.6930541992, 8.31244754791, 5.56782865524, 3.40936279297, 2.57640433311, 2.2002286911, 1.58609080315, 1.5766851902, 1.49807071686, 1.0812625885, 0.399513334036, 0.275837242603, 0.230340749025, 0.0487269684672, 0.00102465564851]
    },
    "gfcc": {
        "mean": [-73.818649292, 53.1554298401, -80.3501968384, 32.8522224426, -55.6086196899, 4.57095718384, -44.993434906, 9.36639118195, -30.3505077362, 4.88273239136, -23.5379543304, -5.34964227676, -21.9024238586],
        "cov": [[16491.4277344, -2458.71313477, -3357.43139648, -1290.64477539, -993.824707031, -621.442016602, -576.50592041, 177.987808228, -339.993804932, 213.230224609, 14.1199951172, -3.44771409035, -110.460662842], [-2458.71313477, 1492.48254395, 668.061096191, 147.414764404, 204.264862061, 116.780715942, 89.4566879272, -176.91355896, -10.887005806, -163.622039795, -9.59090518951, -9.80631256104, 87.1383590698], [-3357.43139648, 668.061096191, 1821.81628418, 472.760803223, 255.125045776, 65.2518234253, 178.194580078, -160.696929932, 7.05748033524, -108.708351135, -15.274477005, -13.2214975357, 21.3427944183], [-1290.64477539, 147.414764404, 472.760803223, 486.121337891, 111.696365356, 71.133392334, 10.9774160385, 28.0588855743, 8.99298858643, 2.65172481537, -21.4377403259, -9.42660999298, -5.10323238373], [-993.824707031, 204.264862061, 255.125045776, 111.696365356, 307.65335083, 117.109466553, 106.144752502, -14.776096344, 75.9063262939, -52.651676178, -15.6030168533, -13.7643098831, 1.13907301426], [-621.442016602, 116.780715942, 65.2518234253, 71.133392334, 117.109466553, 211.058883667, 90.5264053345, 56.2204093933, 36.6117591858, 23.6252498627, -13.1546392441, 5.08674144745, -9.03620433807], [-576.50592041, 89.4566879272, 178.194580078, 10.9774160385, 106.144752502, 90.5264053345, 148.943252563, 34.2334899902, 54.9933776855, -13.5934057236, -2.7493724823, -16.917301178, -5.82568502426], [177.987808228, -176.91355896, -160.696929932, 28.0588855743, -14.776096344, 56.2204093933, 34.2334899902, 157.322982788, 63.9936485291, 77.0864562988, 2.16167187691, -3.06638789177, -28.0794086456], [-339.993804932, -10.887005806, 7.05748033524, 8.99298858643, 75.9063262939, 36.6117591858, 54.9933776855, 63.9936485291, 127.237800598, 36.6626663208, 7.38327217102, -12.574461937, -15.9585971832], [213.230224609, -163.622039795, -108.708351135, 2.65172481537, -52.651676178, 23.6252498627, -13.5934057236, 77.0864562988, 36.6626663208, 138.068572998, 58.0223388672, 20.5869064331, -21.3235836029], [14.1199951172, -9.59090518951, -15.274477005, -21.4377403259, -15.6030168533, -13.1546392441, -2.7493724823, 2.16167187691, 7.38327217102, 58.0223388672, 102.547554016, 52.6747436523, 8.80427455902], [-3.44771409035, -9.80631256104, -13.2214975357, -9.42660999298, -13.7643098831, 5.08674144745, -16.917301178, -3.06638789177, -12.574461937, 20.5869064331, 52.6747436523, 94.3464431763, 39.4337234497], [-110.460662842, 87.1383590698, 21.3427944183, -5.10323238373, 1.13907301426, -9.03620433807, -5.82568502426, -28.0794086456, -15.9585971832, -21.3235836029, 8.80427455902, 39.4337234497, 88.7467041016]],
        "icov": [[0.000138728268212, 0.000109728447569, 0.000144192701555, 0.000168646729435, -1.89137040252e-07, 0.000194494059542, 6.66258638375e-05, -0.000108830950921, 0.000356254109647, -5.6203432905e-05, 4.46927733719e-05, 6.69662695145e-05, 4.60659903183e-05], [0.000109728447569, 0.00123015360441, -0.000163968055858, 9.25842978177e-05, 0.000229701894568, -0.00114035792649, 0.00056981574744, 0.000688273401465, -0.000351019349182, 0.00142936629709, -0.00128096877597, 0.00110043911263, -0.000971981149632], [0.000144192701555, -0.000163968055858, 0.00149870256428, -0.00123510987032, 6.78610012983e-05, 0.00112996227108, -0.00249410886317, 0.001971144462, 0.000313289638143, -0.000962309422903, 0.000884825654794, -0.00085199176101, 0.000599060731474], [0.000168646729435, 9.25842978177e-05, -0.00123510987032, 0.00422812858596, -0.00150262156967, -0.000701333745383, 0.00358697632328, -0.00349281239323, 0.00157498056069, 5.162852176e-05, -0.000108796622953, 0.00104938249569, -0.000422484416049], [-1.89137040252e-07, 0.000229701894568, 6.78610012983e-05, -0.00150262156967, 0.00765000469983, -0.00364282657392, -0.00176072039176, 0.00320836319588, -0.00525812990963, 0.00406102044508, -0.0018081353046, 0.000339714577422, 0.000160605690326], [0.000194494059542, -0.00114035792649, 0.00112996227108, -0.000701333745383, -0.00364282657392, 0.0117045501247, -0.00652340753004, -0.00153902848251, 0.00413899309933, -0.00672967825085, 0.00653488188982, -0.004877878353, 0.00201948615722], [6.66258638375e-05, 0.00056981574744, -0.00249410886317, 0.00358697632328, -0.00176072039176, -0.00652340753004, 0.0182368960232, -0.00690095871687, -0.00265806703828, 0.00692228088155, -0.00663700420409, 0.00592426257208, -0.00208710203879], [-0.000108830950921, 0.000688273401465, 0.001971144462, -0.00349281239323, 0.00320836319588, -0.00153902848251, -0.00690095871687, 0.0180377587676, -0.00618343055248, -0.00629317527637, 0.00473384326324, -0.00294533674605, 0.0017851924058], [0.000356254109647, -0.000351019349182, 0.000313289638143, 0.00157498056069, -0.00525812990963, 0.00413899309933, -0.00265806703828, -0.00618343055248, 0.0164412967861, -0.00532689644024, 0.00138991267886, 0.000976331997663, 0.000266176793957], [-5.6203432905e-05, 0.00142936629709, -0.000962309422903, 5.162852176e-05, 0.00406102044508, -0.00672967825085, 0.00692228088155, -0.00629317527637, -0.00532689644024, 0.0219392627478, -0.0141872288659, 0.00431012269109, 0.000292752025416], [4.46927733719e-05, -0.00128096877597, 0.000884825654794, -0.000108796622953, -0.0018081353046, 0.00653488188982, -0.00663700420409, 0.00473384326324, 0.00138991267886, -0.0141872288659, 0.0245878752321, -0.0134680066258, 0.00323122693226], [6.69662695145e-05, 0.00110043911263, -0.00085199176101, 0.00104938249569, 0.000339714577422, -0.004877878353, 0.00592426257208, -0.00294533674605, 0.000976331997663, 0.00431012269109, -0.0134680066258, 0.0225563626736, -0.00925134401768], [4.60659903183e-05, -0.000971981149632, 0.000599060731474, -0.000422484416049, 0.000160605690326, 0.00201948615722, -0.00208710203879, 0.0017851924058, 0.000266176793957, 0.000292752025416, 0.00323122693226, -0.00925134401768, 0.0166511442512]]
    },
    "melbands": {
        "mean": [0.000126468818053, 0.000487938057631, 0.00113747699652, 0.00122167624068, 0.000270246411674, 0.000161392745213, 0.000178716189112, 0.000161674208357, 0.000130243017338, 0.000137511189678, 7.46940859244e-05, 3.78594486392e-05, 2.4407168894e-05, 3.95260867663e-05, 3.17441299558e-05, 4.42951532023e-05, 3.12530792144e-05, 1.68535389093e-05, 1.30851394715e-05, 1.99154110305e-05, 1.89966885955e-05, 1.77078563866e-05, 1.04840974018e-05, 7.5814500633e-06, 7.01094586475e-06, 6.53210463497e-06, 4.22311723014e-06, 4.20997776018e-06, 3.11669896291e-06, 2.47693333222e-06, 1.8945939928e-06, 1.16636135772e-06, 1.09969573714e-06, 9.87076646197e-07, 8.47642013468e-07, 7.8058252484e-07, 6.68334166676e-07, 7.49360651753e-07, 9.58843429544e-07, 8.25346035072e-07],
        "stdev": [0.000395874318201, 0.00146420975216, 0.00416601123288, 0.00505430577323, 0.000685283332132, 0.000344073749147, 0.000427684542956, 0.000493368424941, 0.00044219798292, 0.000528227188624, 0.000351552123902, 0.000156097419676, 0.000112610337965, 0.000237838903558, 0.000129009218654, 0.000197653193027, 0.000127474660985, 5.51184093638e-05, 4.8599231377e-05, 7.32643457013e-05, 7.94959778432e-05, 7.02724209987e-05, 3.00997708109e-05, 1.74898232217e-05, 1.32246595967e-05, 9.87848034129e-06, 8.21546564111e-06, 1.15812536023e-05, 5.90433137404e-06, 4.06439312428e-06, 3.23074777953e-06, 2.10501957554e-06, 1.58962905061e-06, 1.42851422424e-06, 1.35350023811e-06, 1.15520890631e-06, 9.45937870256e-07, 1.00965564798e-06, 1.36814310281e-06, 1.2399782463e-06]
    },
    "melbands128": {
        "mean": [2.47792786467e-06, 3.87583786505e-05, 0.000172064261278, 0.000304692657664, 0.000450297346106, 0.000717911985703, 0.000816772866528, 0.00102545216214, 0.00213837181218, 0.00167566665914, 0.000481937488075, 0.000294332130579, 0.000265249051154, 0.000187153287698, 0.000145294950926, 0.000141973374411, 0.000204802767257, 0.000180536633707, 0.000152066961164, 0.000181477720616, 0.000162029027706, 0.000130666507175, 0.000144355377415, 0.000109865213744, 0.000132054978167, 0.000186925302842, 5.44136782992e-05, 8.57605991769e-05, 5.80367122893e-05, 4.10421780543e-05, 3.55888732884e-05, 2.1017040126e-05, 1.82175062946e-05, 3.63981962437e-05, 1.85279568541e-05, 5.40440305485e-05, 5.08295997861e-05, 2.94054570986e-05, 1.9036942831e-05, 3.79881603294e-05, 7.33444030629e-05, 1.7103535356e-05, 3.11131589115e-05, 3.9712045691e-05, 2.09046465898e-05, 1.30338521558e-05, 1.10370683615e-05, 1.44264622577e-05, 1.27175298985e-05, 1.29967829707e-05, 2.85245769192e-05, 1.69237573573e-05, 1.25226733871e-05, 2.46414219873e-05, 2.39810433413e-05, 1.88521717064e-05, 9.31767590373e-06, 8.79287108546e-06, 1.30783728309e-05, 1.02855801742e-05, 6.07556739851e-06, 5.95329265707e-06, 7.88243141869e-06, 7.1532945185e-06, 6.17977048023e-06, 7.66686753195e-06, 5.52756182515e-06, 5.15890769748e-06, 3.42816292687e-06, 3.66001313523e-06, 4.47670299764e-06, 4.81828601551e-06, 2.76912101072e-06, 3.50716777575e-06, 2.31683998209e-06, 2.53466123468e-06, 2.59034527517e-06, 2.13082012124e-06, 1.9911592517e-06, 1.42769169997e-06, 1.07977609787e-06, 1.18458603993e-06, 1.00494287381e-06, 1.00790850865e-06, 1.39470193972e-06, 9.1949777925e-07, 9.89749878499e-07, 7.01789531377e-07, 9.30870953653e-07, 8.41838073029e-07, 7.9780551232e-07, 7.49723369609e-07, 7.94467382548e-07, 6.66446510422e-07, 5.86480666698e-07, 6.18860383383e-07, 7.47640399368e-07, 1.03524791939e-06, 8.43838620312e-07, 1.03503043647e-06, 9.67319692791e-07, 6.79903962464e-07, 8.57279701449e-07, 9.01214491478e-07, 9.35158482207e-07, 5.85238694839e-07, 4.81057043089e-07, 3.994973099e-07, 3.8258426116e-07, 3.54454613216e-07, 3.5252784869e-07, 3.79571986286e-07, 4.20453034167e-07, 4.39482505499e-07, 4.10970244502e-07, 4.34652662307e-07, 4.72723854728e-07, 5.40501730484e-07, 5.13863426477e-07, 3.45956266301e-07, 1.99722208549e-07, 9.46973912619e-08, 3.6331357478e-08, 1.46995233763e-08, 7.71101138497e-09, 3.55005225217e-09, 4.96387653204e-10, 4.49402277544e-12],
        "stdev": [7.44910676076e-06, 0.00017362026847, 0.000619986501988, 0.000880390405655, 0.00128064258024, 0.00271496782079, 0.00397351104766, 0.00420188438147, 0.0102894473821, 0.00735285831615, 0.00176147487946, 0.000964741164353, 0.000844034482725, 0.000577259750571, 0.000444377656095, 0.000437049922766, 0.00062032463029, 0.000542284396943, 0.000602783460636, 0.000758304086048, 0.000657230382785, 0.000491382787004, 0.000638554163743, 0.000704141159076, 0.000563930603676, 0.000932943483349, 0.000242373789661, 0.000655095966067, 0.000314026779961, 0.000209555117181, 0.000246125709964, 0.000175552486326, 0.000107210267743, 0.000239416782279, 0.00014053619816, 0.000475548673421, 0.000358518707799, 0.000179509821464, 9.25383646972e-05, 0.000172000116436, 0.000410025764722, 8.77400816535e-05, 0.000170351981069, 0.000209446530789, 0.000128925123136, 5.59453292226e-05, 5.02026850882e-05, 8.77082711668e-05, 6.74194670864e-05, 7.46480072848e-05, 0.000138293806231, 8.2481179561e-05, 0.000116772280307, 0.000151696687681, 0.000120897231682, 0.000124227604829, 4.02913137805e-05, 4.04614329454e-05, 5.49838769075e-05, 4.11623113905e-05, 2.49014992733e-05, 1.45611156768e-05, 2.46275176323e-05, 1.89959664567e-05, 1.30058442664e-05, 1.54141544044e-05, 1.280430115e-05, 1.40293450386e-05, 9.50118192122e-06, 1.46575175677e-05, 1.90952050616e-05, 1.62587330124e-05, 7.10008544047e-06, 9.45776628214e-06, 6.28364341537e-06, 5.78649178351e-06, 5.71306100028e-06, 3.97811345465e-06, 4.30033105658e-06, 4.1448297452e-06, 2.57092506217e-06, 2.3257475732e-06, 2.12130998989e-06, 1.66419397374e-06, 2.29429838328e-06, 1.53089945343e-06, 1.66192808138e-06, 1.51861809172e-06, 1.90678599665e-06, 1.2886806644e-06, 1.85673775377e-06, 1.16585567866e-06, 1.25326016587e-06, 1.08029507828e-06, 9.13927124202e-07, 9.99858116302e-07, 1.06022821456e-06, 1.66588597494e-06, 1.30208161409e-06, 1.63278286891e-06, 1.50279652189e-06, 1.12381258077e-06, 1.61890056916e-06, 1.59183070991e-06, 1.77200990947e-06, 9.58702798926e-07, 8.24141977773e-07, 7.27229462427e-07, 7.10612027888e-07, 6.83341511376e-07, 6.36143681731e-07, 8.18125613478e-07, 9.64918513091e-07, 1.08342919702e-06, 1.03407376173e-06, 1.45260116824e-06, 2.13729617826e-06, 3.01144655168e-06, 3.15707893606e-06, 2.05963146982e-06, 1.24878795305e-06, 5.95676056037e-07, 2.23730594939e-07, 1.03115112893e-07, 5.7170197465e-08, 2.86478112344e-08, 5.86645443335e-09, 3.07194381044e-10]
    },
    "mfcc": {
        "mean": [-734.149536133, 93.3781814575, 26.5510959625, 31.871931076, 10.7574605942, -2.25744462013, -1.08793902397, -4.55465078354, -2.29495024681, -0.233139023185, 2.60026431084, -1.09207630157, -5.1877374649],
        "cov": [[17036.0566406, -2307.01977539, -2844.74926758, -1102.33398438, -1073.7322998, -1203.68200684, -527.913635254, -613.60144043, -393.963012695, -186.429443359, -25.2878704071, 6.96391487122, -91.1872711182], [-2307.01977539, 1290.44348145, 547.373168945, 104.750022888, 166.278518677, 247.844619751, 94.0576248169, 95.3935546875, 7.68208503723, -67.6929931641, -112.286888123, -61.6048774719, -23.2659568787], [-2844.74926758, 547.373168945, 1119.30566406, 350.305358887, 204.833679199, 270.86038208, 152.35836792, 80.056427002, 34.7476501465, -1.72534286976, -8.62579536438, -61.7601242065, -22.3423786163], [-1102.33398438, 104.750022888, 350.305358887, 304.10848999, 158.22076416, 105.863166809, 53.5627593994, 48.1158256531, 29.9072666168, 19.7481212616, -2.72112822533, -10.6984872818, 2.15796208382], [-1073.7322998, 166.278518677, 204.833679199, 158.22076416, 217.137512207, 144.793914795, 52.7631263733, 77.4317474365, 52.7209815979, 21.0152893066, 2.01999855042, 11.5090932846, 20.1693210602], [-1203.68200684, 247.844619751, 270.86038208, 105.863166809, 144.793914795, 203.383255005, 89.1753234863, 78.6417160034, 51.7973136902, 9.32230567932, -8.09890842438, -0.653001725674, 12.1556177139], [-527.913635254, 94.0576248169, 152.35836792, 53.5627593994, 52.7631263733, 89.1753234863, 114.655570984, 52.4379043579, 22.0666980743, 20.012096405, 10.9840106964, -0.346175640821, 2.50445437431], [-613.60144043, 95.3935546875, 80.056427002, 48.1158256531, 77.4317474365, 78.6417160034, 52.4379043579, 124.497306824, 74.6876144409, 25.4047584534, 14.2097139359, 10.3372993469, -4.72218179703], [-393.963012695, 7.68208503723, 34.7476501465, 29.9072666168, 52.7209815979, 51.7973136902, 22.0666980743, 74.6876144409, 116.473594666, 67.3652420044, 28.7824516296, 8.8155632019, -11.7975101471], [-186.429443359, -67.6929931641, -1.72534286976, 19.7481212616, 21.0152893066, 9.32230567932, 20.012096405, 25.4047584534, 67.3652420044, 111.900405884, 71.5432281494, 18.7086544037, -9.70683002472], [-25.2878704071, -112.286888123, -8.62579536438, -2.72112822533, 2.01999855042, -8.09890842438, 10.9840106964, 14.2097139359, 28.7824516296, 71.5432281494, 120.234176636, 62.1008071899, 7.42055797577], [6.96391487122, -61.6048774719, -61.7601242065, -10.6984872818, 11.5090932846, -0.653001725674, -0.346175640821, 10.3372993469, 8.8155632019, 18.7086544037, 62.1008071899, 123.656242371, 74.0755844116], [-91.1872711182, -23.2659568787, -22.3423786163, 2.15796208382, 20.1693210602, 12.1556177139, 2.50445437431, -4.72218179703, -11.7975101471, -9.70683002472, 7.42055797577, 74.0755844116, 130.052230835]],
        "icov": [[0.000151292260853, 9.84878643067e-05, 0.000235361687373, 4.19946300099e-05, 0.00012512486137, 0.000319282058626, -0.000197686895262, 0.00030549033545, -9.2954513093e-05, 0.000315235636663, -4.57463756902e-05, 2.98271479551e-05, 0.000129805484903], [9.84878643067e-05, 0.00139317766298, -0.000472787505714, 0.000806045602076, -0.000267485971563, -0.000801890681032, 0.000322240084643, -0.00063976587262, 0.00090711878147, -0.000307139096549, 0.00150414335076, -0.000526234216522, 0.000583966262639], [0.000235361687373, -0.000472787505714, 0.00268261460587, -0.0023130113259, 0.00129258015659, -0.0013044225052, -0.00119360722601, 0.00137138995342, -0.000708203355316, 0.00185133854393, -0.00214979681186, 0.00156982208136, -0.000123618068756], [4.19946300099e-05, 0.000806045602076, -0.0023130113259, 0.00800575036556, -0.00542508019134, 0.00214900774881, -0.000264951522695, -0.000377028482035, 0.00117782864254, -0.00193860393483, 0.00234682648443, -0.00083128415281, 0.000577077327762], [0.00012512486137, -0.000267485971563, 0.00129258015659, -0.00542508019134, 0.013768915087, -0.00776117434725, 0.00272699282505, -0.00279518170282, 0.000412086636061, -0.000827362702694, -0.000464262266178, 1.28019910335e-05, -0.0012171769049], [0.000319282058626, -0.000801890681032, -0.0013044225052, 0.00214900774881, -0.00776117434725, 0.018074683845, -0.00780498236418, 0.00106123799924, -0.0048343418166, 0.0032818086911, 0.000612500007264, -0.00032345042564, -0.000520552159287], [-0.000197686895262, 0.000322240084643, -0.00119360722601, -0.000264951522695, 0.00272699282505, -0.00780498236418, 0.0170405004174, -0.00705395685509, 0.00633615674451, -0.00573898339644, 0.000593315344304, 0.000426828453783, -0.000689851818606], [0.00030549033545, -0.00063976587262, 0.00137138995342, -0.000377028482035, -0.00279518170282, 0.00106123799924, -0.00705395685509, 0.0204755067825, -0.013803480193, 0.00788858998567, -0.00330307614058, -0.000526814197656, 0.00138036324643], [-9.2954513093e-05, 0.00090711878147, -0.000708203355316, 0.00117782864254, 0.000412086636061, -0.0048343418166, 0.00633615674451, -0.013803480193, 0.026231886819, -0.0167686101049, 0.00625505577773, -0.00220984569751, 0.00175042217597], [0.000315235636663, -0.000307139096549, 0.00185133854393, -0.00193860393483, -0.000827362702694, 0.0032818086911, -0.00573898339644, 0.00788858998567, -0.0167686101049, 0.0278327353299, -0.0155332488939, 0.0052914605476, -0.000836565741338], [-4.57463756902e-05, 0.00150414335076, -0.00214979681186, 0.00234682648443, -0.000464262266178, 0.000612500007264, 0.000593315344304, -0.00330307614058, 0.00625505577773, -0.0155332488939, 0.0242460984737, -0.0132227148861, 0.00526818400249], [2.98271479551e-05, -0.000526234216522, 0.00156982208136, -0.00083128415281, 1.28019910335e-05, -0.00032345042564, 0.000426828453783, -0.000526814197656, -0.00220984569751, 0.0052914605476, -0.0132227148861, 0.02106891945, -0.0108404075727], [0.000129805484903, 0.000583966262639, -0.000123618068756, 0.000577077327762, -0.0012171769049, -0.000520552159287, -0.000689851818606, 0.00138036324643, 0.00175042217597, -0.000836565741338, 0.00526818400249, -0.0108404075727, 0.0141249867156]]
    },
    "spectral_contrast_coeffs": {
        "mean": [-0.688476264477, -0.756723165512, -0.770100712776, -0.794349908829, -0.797057271004, -0.804289519787],
        "stdev": [0.0938836783171, 0.0962829962373, 0.101718425751, 0.0870395898819, 0.0626104921103, 0.0337938629091]
    },
    "spectral_contrast_valleys": {
        "mean": [-7.58921766281, -7.72188806534, -8.92485523224, -8.9513759613, -8.47442913055, -10.4143772125],
        "stdev": [1.01422905922, 1.22344124317, 1.23152828217, 1.24852514267, 1.36533749104, 1.30898296833]
    }
},
"rhythm": {
    "beats_count": 846,
    "beats_loudness": {
        "mean": 0.0231096353382,
        "stdev": 0.0302532371134
    },
    "bpm": 97.2233505249,
    "bpm_histogram_first_peak_bpm": 98,
    "bpm_histogram_first_peak_weight": 0.456250011921,
    "bpm_histogram_second_peak_bpm": 92,
    "bpm_histogram_second_peak_spread": 0.0689654946327,
    "bpm_histogram_second_peak_weight": 0.0319526642561,
    "danceability": 1.28373229504,
    "onset_rate": 3.82210659981,
    "beats_loudness_band_ratio": {
        "mean": [0.445935666561, 0.281823188066, 0.158498555422, 0.0753539130092, 0.057016402483, 0.0881161317229],
        "stdev": [0.296769499779, 0.220491886139, 0.175786197186, 0.125233829021, 0.0852175280452, 0.0927561894059]
    },
    "beats_position": [0.615328788757, 1.23065757751, 1.83437633514, 2.43809509277, 3.04181408882, 3.63392281532, 4.22603178024, 4.82975053787, 5.4334692955, 6.03718805313, 6.64090681076, 7.24462556839, 7.83673477173, 8.42884349823, 9.03256225586, 9.63628101349, 10.2399997711, 10.8437185287, 11.4474372864, 12.051156044, 12.6548748016, 13.2469835281, 13.8390922546, 14.4428119659, 15.0581407547, 15.6734695435, 16.2771873474, 16.8809070587, 17.4846248627, 18.088344574, 18.6804523468, 19.2957820892, 19.8994998932, 20.5032196045, 21.1069393158, 21.7106571198, 22.3027667999, 22.8948745728, 23.4985942841, 24.102312088, 24.7060317993, 25.2981395721, 25.8902492523, 26.4939670563, 27.0860767365, 27.6781845093, 28.2819042206, 28.8856239319, 29.4893417358, 30.0930614471, 30.7083892822, 31.3237190247, 31.9390468597, 32.5543746948, 33.1580963135, 33.7618141174, 34.3655319214, 34.9808616638, 35.5961914062, 36.211517334, 36.8268470764, 37.4305648804, 38.034286499, 38.638004303, 39.2533340454, 39.8686599731, 40.4723815918, 41.0760993958, 41.6798171997, 42.2835350037, 42.8872566223, 43.4909744263, 44.0946922302, 44.7100219727, 45.3253517151, 45.929069519, 46.532787323, 47.1481170654, 47.7634468079, 48.3903846741, 49.0173225403, 49.6326522827, 50.2479820251, 50.8633079529, 51.4786376953, 52.0823554993, 52.6976852417, 53.3130149841, 53.9283447266, 54.5436706543, 55.1473922729, 55.7511100769, 56.3548278809, 56.9585494995, 57.5622673035, 58.1659851074, 58.7697029114, 59.37342453, 59.977142334, 60.5924720764, 61.2077980042, 61.8231277466, 62.438457489, 63.042175293, 63.6458930969, 64.2612228394, 64.8765487671, 65.4918823242, 66.107208252, 66.7109298706, 67.3030395508, 67.90675354, 68.5104751587, 69.1025848389, 69.7062988281, 70.3100204468, 70.9137420654, 71.5174560547, 72.1095657349, 72.701675415, 73.3053970337, 73.9091110229, 74.5244445801, 75.1397705078, 75.766708374, 76.3820419312, 76.9973678589, 77.6243057251, 78.2512435913, 78.8665771484, 79.4819030762, 80.0856246948, 80.6893386841, 81.3046722412, 81.9199981689, 82.5353240967, 83.1506576538, 83.7659835815, 84.3813171387, 84.9966430664, 85.6119689941, 86.2156906128, 86.8310165405, 87.4463500977, 88.0500640869, 88.6537857056, 89.2807235718, 89.907661438, 90.5229949951, 91.1383209229, 91.7652587891, 92.3805847168, 92.9959182739, 93.5996322632, 94.2149658203, 94.830291748, 95.4456253052, 96.0609512329, 96.6762771606, 97.2916107178, 97.9069366455, 98.5222625732, 99.1375961304, 99.7529220581, 100.356643677, 100.960357666, 101.575691223, 102.179405212, 102.79473877, 103.398452759, 104.025398254, 104.652336121, 105.279273987, 105.906211853, 106.533149719, 107.160087585, 107.775421143, 108.39074707, 109.006072998, 109.621406555, 110.248344421, 110.863670349, 111.479003906, 112.105941772, 112.732879639, 113.336593628, 113.951927185, 114.567253113, 115.18258667, 115.797912598, 116.401634216, 117.005348206, 117.632286072, 118.259223938, 118.886169434, 119.501495361, 120.116821289, 120.720542908, 121.324264526, 121.939590454, 122.554916382, 123.170249939, 123.785575867, 124.389297485, 124.993011475, 125.608345032, 126.223670959, 126.827392578, 127.431106567, 128.046432495, 128.661773682, 129.265487671, 129.880813599, 130.496139526, 131.123077393, 131.73840332, 132.353744507, 132.980682373, 133.607620239, 134.211334229, 134.826660156, 135.441986084, 136.068939209, 136.684265137, 137.299591064, 137.938140869, 138.553466797, 139.168792725, 139.784118652, 140.399459839, 141.014785767, 141.630111694, 142.245437622, 142.86076355, 143.476104736, 144.091430664, 144.706756592, 145.310470581, 145.937408447, 146.552734375, 147.168075562, 147.783401489, 148.398727417, 149.014053345, 149.629379272, 150.244720459, 150.860046387, 151.486984253, 152.113922119, 152.740859985, 153.356185913, 153.971511841, 154.586837769, 155.202178955, 155.817504883, 156.432830811, 157.048156738, 157.663482666, 158.290420532, 158.917373657, 159.544311523, 160.159637451, 160.774963379, 161.390289307, 162.005615234, 162.620956421, 163.236282349, 163.851608276, 164.466934204, 165.09387207, 165.69758606, 166.301315308, 166.905029297, 167.508743286, 168.112472534, 168.727798462, 169.34312439, 169.958450317, 170.573776245, 171.189117432, 171.804443359, 172.408157349, 173.023483276, 173.638824463, 174.242538452, 174.846252441, 175.449981689, 176.053695679, 176.669021606, 177.284347534, 177.899673462, 178.515014648, 179.130340576, 179.745666504, 180.360992432, 180.976318359, 181.580047607, 182.183761597, 182.787475586, 183.391204834, 183.994918823, 184.587020874, 185.190750122, 185.794464111, 186.386566162, 186.99029541, 187.582397461, 188.174514771, 188.766616821, 189.358734131, 189.96244812, 190.566162109, 191.181488037, 191.785217285, 192.388931274, 192.981033325, 193.584762573, 194.176864624, 194.768981934, 195.372695923, 195.976409912, 196.58013916, 197.172241211, 197.764343262, 198.356460571, 198.948562622, 199.55229187, 200.156005859, 200.759719849, 201.363449097, 201.955551147, 202.547653198, 203.139770508, 203.743484497, 204.347213745, 204.950927734, 205.554641724, 206.158370972, 206.750473022, 207.354187012, 207.95791626, 208.561630249, 209.165344238, 209.769073486, 210.372787476, 210.976501465, 211.580215454, 212.183944702, 212.787658691, 213.391372681, 213.98348999, 214.575592041, 215.167709351, 215.759811401, 216.351928711, 216.932418823, 217.524536133, 218.105026245, 218.708755493, 219.312469482, 219.916183472, 220.51991272, 221.123626709, 221.71572876, 222.307846069, 222.89994812, 223.49206543, 224.08416748, 224.68788147, 225.279998779, 225.883712769, 226.487426758, 227.079544067, 227.671646118, 228.263763428, 228.855865479, 229.459594727, 230.063308716, 230.667022705, 231.270736694, 231.862854004, 232.454956055, 233.047073364, 233.639175415, 234.219680786, 234.823394775, 235.427108765, 236.030838013, 236.64616394, 237.261489868, 237.876815796, 238.503753662, 239.119094849, 239.734420776, 240.361358643, 240.988296509, 241.603622437, 242.218948364, 242.834274292, 243.461227417, 244.099761963, 244.726715088, 245.365249634, 245.9921875, 246.619140625, 247.246078491, 247.873016357, 248.499954224, 249.12689209, 249.765441895, 250.403991699, 251.042541504, 251.681091309, 252.308029175, 252.934967041, 253.573516846, 254.212051392, 254.850601196, 255.489151001, 256.116088867, 256.743041992, 257.381591797, 258.020141602, 258.647064209, 259.285614014, 259.924163818, 260.551116943, 261.178039551, 261.804992676, 262.420318604, 263.047241211, 263.685791016, 264.312744141, 264.939666748, 265.58984375, 266.228393555, 266.866943359, 267.493865967, 268.109191895, 268.724517822, 269.33984375, 269.955200195, 270.582122803, 271.209075928, 271.835998535, 272.46295166, 273.078277588, 273.693603516, 274.297332764, 274.912658691, 275.539581299, 276.154907227, 276.781860352, 277.397186279, 278.012512207, 278.616241455, 279.219940186, 279.823669434, 280.427398682, 281.042724609, 281.658050537, 282.273376465, 282.888702393, 283.492431641, 284.096130371, 284.711456299, 285.326782227, 285.930511475, 286.534240723, 287.137939453, 287.753295898, 288.368621826, 288.972320557, 289.576049805, 290.179779053, 290.783477783, 291.398803711, 292.014129639, 292.629486084, 293.244812012, 293.860137939, 294.475463867, 295.102386475, 295.7293396, 296.344665527, 296.971618652, 297.58694458, 298.202270508, 298.805969238, 299.421295166, 300.036651611, 300.651977539, 301.25567627, 301.859405518, 302.474731445, 303.090057373, 303.705383301, 304.320709229, 304.924438477, 305.528167725, 306.131866455, 306.735595703, 307.339324951, 307.943023682, 308.54675293, 309.150482178, 309.765808105, 310.381134033, 310.996459961, 311.611785889, 312.227111816, 312.842437744, 313.457763672, 314.0730896, 314.700042725, 315.303771973, 315.9190979, 316.534423828, 317.149749756, 317.765075684, 318.391998291, 318.995727539, 319.611053467, 320.226379395, 320.830108643, 321.433837891, 322.037536621, 322.641265869, 323.244995117, 323.848693848, 324.475646973, 325.10256958, 325.729522705, 326.356445312, 326.983398438, 327.610321045, 328.24887085, 328.887420654, 329.525970459, 330.164520264, 330.791473389, 331.430023193, 332.068572998, 332.695495605, 333.32244873, 333.949371338, 334.576324463, 335.20324707, 335.830200195, 336.457122803, 337.095672607, 337.734222412, 338.372772217, 339.011322021, 339.649871826, 340.288421631, 340.915374756, 341.542297363, 342.169250488, 342.796173096, 343.4347229, 344.073272705, 344.71182251, 345.350372314, 345.988922119, 346.627471924, 347.266021729, 347.904571533, 348.543121338, 349.181671143, 349.831817627, 350.470367432, 351.108917236, 351.747467041, 352.386016846, 353.02456665, 353.663116455, 354.30166626, 354.940216064, 355.590393066, 356.228942871, 356.879089355, 357.51763916, 358.156188965, 358.79473877, 359.433288574, 360.071838379, 360.710388184, 361.337310791, 361.975860596, 362.6144104, 363.252960205, 363.903137207, 364.541656494, 365.180206299, 365.818756104, 366.457305908, 367.095855713, 367.734405518, 368.361358643, 368.999908447, 369.638458252, 370.277008057, 370.915557861, 371.554107666, 372.192657471, 372.819580078, 373.46975708, 374.119903564, 374.758453369, 375.397003174, 376.035552979, 376.674102783, 377.312652588, 377.951202393, 378.589752197, 379.228302002, 379.866851807, 380.505401611, 381.155548096, 381.7940979, 382.432647705, 383.059570312, 383.698120117, 384.348297119, 385.010070801, 385.660217285, 386.31036377, 386.937316895, 387.56427002, 388.202819824, 388.841339111, 389.491516113, 390.153289795, 390.815063477, 391.465209961, 392.115356445, 392.75390625, 393.392456055, 394.031005859, 394.669555664, 395.308105469, 395.946655273, 396.573608398, 397.212158203, 397.839080811, 398.477630615, 399.10458374, 399.731506348, 400.358459473, 400.98538208, 401.612335205, 402.25088501, 402.877807617, 403.516357422, 404.143310547, 404.770233154, 405.385559082, 406.00088501, 406.616241455, 407.25479126, 407.881713867, 408.520263672, 409.147216797, 409.774139404, 410.401092529, 411.016418457, 411.631744385, 412.247070312, 412.850799561, 413.477722168, 414.104675293, 414.743225098, 415.381774902, 416.00869751, 416.635650635, 417.262573242, 417.889526367, 418.528076172, 419.166625977, 419.793548584, 420.420501709, 421.059051514, 421.697601318, 422.312927246, 422.939849854, 423.555175781, 424.182128906, 424.809051514, 425.412780762, 426.028106689, 426.655059814, 427.281982422, 427.89730835, 428.535858154, 429.174407959, 429.801361084, 430.451507568, 431.090057373, 431.717010498, 432.332336426, 432.947662354, 433.562988281, 434.189910889, 434.816864014, 435.432189941, 436.059143066, 436.674468994, 437.301391602, 437.928344727, 438.543670654, 439.170593262, 439.809143066, 440.447692871, 441.086242676, 441.713195801, 442.340118408, 442.967071533, 443.593994141, 444.220947266, 444.85949707, 445.486419678, 446.124969482, 446.763519287, 447.390472412, 448.029022217, 448.655944824, 449.271270752, 449.898223877, 450.513549805, 451.14050293, 451.755828857, 452.371154785, 452.986480713, 453.61340332, 454.240356445, 454.867279053, 455.494232178, 456.121185303, 456.73651123, 457.363433838, 457.990386963, 458.605712891, 459.232635498, 459.871185303, 460.498138428, 461.125061035, 461.75201416, 462.378936768, 463.005889893, 463.62121582, 464.259765625, 464.886688232, 465.513641357, 466.140594482, 466.76751709, 467.406066895, 468.03302002, 468.648345947, 469.263671875, 469.90222168, 470.540771484, 471.179321289, 471.817871094, 472.468017578, 473.118164062, 473.768341064, 474.430114746, 475.091888428, 475.753631592, 476.403808594, 477.042358398, 477.680908203, 478.307830811, 478.934783936, 479.57333374, 480.211883545, 480.838806152, 481.465759277, 482.092681885, 482.71963501, 483.346557617, 483.985107422, 484.623657227, 485.262207031, 485.900756836, 486.481262207, 487.061767578, 487.619049072, 488.153106689, 488.687164307, 489.314086914, 489.952636719, 490.579589844, 491.206512451, 491.821838379, 492.448791504, 493.064117432, 493.679443359, 494.306396484, 494.933319092, 495.53704834, 496.152374268, 496.767700195, 497.371429443, 497.986755371, 498.602081299, 499.217407227, 499.832733154, 500.459686279, 501.086608887, 501.713562012, 502.328887939, 502.944213867, 503.547912598, 504.151641846, 504.778594971, 505.417144775, 506.044067383, 506.682617188, 507.309570312, 507.93649292, 508.551818848, 509.178771973, 509.817321777, 510.444244385, 511.07119751, 511.686523438, 512.301879883, 512.917175293, 513.544128418, 514.159423828, 514.786376953, 515.413330078, 516.063476562, 516.713623047, 517.398620605, 518.083618164, 518.780212402, 519.476806641, 520.184997559, 520.904846191, 521.613037109, 522.321289062, 523.017883301, 523.726074219],
