{
"metadata": {
    "version": {
        "essentia": "2.1-dev",
        "essentia_git_sha": "v2.1_beta3-415-gd5473f3",
        "extractor": "music 2.0"
    },
    "audio_properties": {
        "analysis": {
            "equal_loudness": 0,
            "length": 285.570617676,
            "sample_rate": 44100,
            "start_time": 0,
            "downmix": "mix"
        },
        "bit_rate": 192000,
        "length": 285.570617676,
        "lossless": 0,
        "number_channels": 2,
        "replay_gain": -10.3157653809,
        "sample_rate": 44100,
        "codec": "mp3",
        "md5_encoded": "0f80109ccadd108b609c7dd7eb71eed0"
    },
    "tags": {
        "file_name": "salvador_perez-poly.mp3",
        "album": ["Pianíssimo. ( La leyenda del J"],
        "artist": ["Salvador Pérez, Emiliano Luis "],
        "date": ["2000"],
        "title": ["Poly"]
    }
},
"lowlevel": {
    "average_loudness": 0.302205771208,
    "barkbands_crest": {
        "mean": 10.9682750702,
        "stdev": 4.40159702301
    },
    "barkbands_flatness_db": {
        "mean": 0.24847625196,
        "stdev": 0.0580208487809
    },
    "barkbands_kurtosis": {
        "mean": 1.7713637352,
        "stdev": 4.78436040878
    },
    "barkbands_skewness": {
        "mean": 0.524396538734,
        "stdev": 1.12431168556
    },
    "barkbands_spread": {
        "mean": 10.5932636261,
        "stdev": 6.62861633301
    },
    "dissonance": {
        "mean": 0.440049290657,
        "stdev": 0.0451015233994
    },
    "dynamic_complexity": 4.97416210175,
    "erbbands_crest": {
        "mean": 12.6947278976,
        "stdev": 5.87496185303
    },
    "erbbands_flatness_db": {
        "mean": 0.314998179674,
        "stdev": 0.0570350363851
    },
    "erbbands_kurtosis": {
        "mean": 1.5102545023,
        "stdev": 5.33879756927
    },
    "erbbands_skewness": {
        "mean": 0.0260562077165,
        "stdev": 0.966435670853
    },
    "erbbands_spread": {
        "mean": 16.1986236572,
        "stdev": 9.17903709412
    },
    "hfc": {
        "mean": 16.6776657104,
        "stdev": 19.2492923737
    },
    "loudness_ebu128": {
        "integrated": -14.741941452,
        "loudness_range": 10.097735405,
        "momentary": {
            "mean": -17.9050579071,
            "stdev": 8.28191375732
        },
        "short_term": {
            "mean": -16.5088882446,
            "stdev": 4.9011015892
        }
    },
    "melbands_crest": {
        "mean": 13.3845872879,
        "stdev": 5.42007303238
    },
    "melbands_flatness_db": {
        "mean": 0.288993507624,
        "stdev": 0.0773747116327
    },
    "melbands_kurtosis": {
        "mean": 3.01617693901,
        "stdev": 9.01296615601
    },
    "melbands_skewness": {
        "mean": 0.908472836018,
        "stdev": 1.23840200901
    },
    "melbands_spread": {
        "mean": 18.7917995453,
        "stdev": 11.3489522934
    },
    "pitch_salience": {
        "mean": 0.538642168045,
        "stdev": 0.11413680017
    },
    "silence_rate_20dB": {
        "mean": 1,
        "stdev": 0
    },
    "silence_rate_30dB": {
        "mean": 0.998292684555,
        "stdev": 0.041286252439
    },
    "silence_rate_60dB": {
        "mean": 0.173414632678,
        "stdev": 0.37856990099
    },
    "spectral_centroid": {
        "mean": 1105.10388184,
        "stdev": 581.963867188
    },
    "spectral_complexity": {
        "mean": 13.3239841461,
        "stdev": 6.70378446579
    },
    "spectral_decrease": {
        "mean": -3.93141652566e-09,
        "stdev": 3.80117137766e-09
    },
    "spectral_energy": {
        "mean": 0.0163507666439,
        "stdev": 0.015854626894
    },
    "spectral_energyband_high": {
        "mean": 9.77909585345e-05,
        "stdev": 0.000219816327444
    },
    "spectral_energyband_low": {
        "mean": 0.000315493438393,
        "stdev": 0.000775176333264
    },
    "spectral_energyband_middle_high": {
        "mean": 0.00891349371523,
        "stdev": 0.0114554446191
    },
    "spectral_energyband_middle_low": {
        "mean": 0.00743100466207,
        "stdev": 0.00908461771905
    },
    "spectral_entropy": {
        "mean": 6.4991774559,
        "stdev": 0.504919886589
    },
    "spectral_flux": {
        "mean": 0.0472788400948,
        "stdev": 0.0345560908318
    },
    "spectral_kurtosis": {
        "mean": 25.5437698364,
        "stdev": 27.5995292664
    },
    "spectral_rms": {
        "mean": 0.00353731075302,
        "stdev": 0.00185455894098
    },
    "spectral_rolloff": {
        "mean": 1421.10046387,
        "stdev": 1015.40661621
    },
    "spectral_skewness": {
        "mean": 2.89282798767,
        "stdev": 1.68718969822
    },
    "spectral_spread": {
        "mean": 1803220.875,
        "stdev": 1452408.875
    },
    "spectral_strongpeak": {
        "mean": 2.10882663727,
        "stdev": 2.28011012077
    },
    "zerocrossingrate": {
        "mean": 0.0476878881454,
        "stdev": 0.0276879258454
    },
    "barkbands": {
        "mean": [1.85695682831e-06, 0.000107328174636, 0.000124711412354, 0.00022836777498, 0.00147039175499, 0.00143423455302, 0.0014027672587, 0.00109997962136, 0.00119474146049, 0.00216540135443, 0.00193446152844, 0.000824291550089, 0.000569181342144, 0.000774158514105, 0.00072112493217, 0.00138455582783, 0.000490681151859, 0.000221099180635, 7.95505038695e-05, 5.68577270315e-05, 5.27459378645e-05, 7.28217582946e-06, 4.07738980357e-06, 5.74585214963e-07, 2.991871213e-07, 5.99978946525e-08, 3.44928330342e-09],
        "stdev": [4.73118052469e-06, 0.000257889769273, 0.00041290462832, 0.00057028234005, 0.00450748531148, 0.00241756578907, 0.00238876184449, 0.00250831339508, 0.00277029164135, 0.00544909527525, 0.00467173336074, 0.00198053452186, 0.00118329515681, 0.00182531529572, 0.00170547084417, 0.00424013147131, 0.0013498684857, 0.000604282773566, 0.000283811590634, 0.000127119419631, 0.000134020199766, 1.98353882297e-05, 1.45687872646e-05, 2.48911146628e-06, 9.67675191532e-07, 2.3526152404e-07, 2.3040030328e-08]
    },
    "erbbands": {
        "mean": [0.00132361392025, 0.0312353912741, 0.136306941509, 0.455839633942, 1.73014223576, 4.85567188263, 12.1301088333, 10.9078922272, 21.5756587982, 21.511510849, 20.3056564331, 29.1916027069, 49.8633651733, 74.9356384277, 74.1046905518, 33.4974555969, 28.2202701569, 33.628868103, 39.3549423218, 55.053024292, 65.4155349731, 26.2094402313, 14.7524204254, 6.3355474472, 2.80788326263, 2.82404589653, 2.8398900032, 1.18526375294, 0.345195114613, 0.132532849908, 0.108489744365, 0.0248201675713, 0.00594302685931, 0.00382888969034, 0.00194442202337, 0.000547674833797, 6.41612932668e-05, 1.34794245241e-05, 9.67152027442e-06, 1.97876324819e-05],
        "stdev": [0.0030089749489, 0.0752721130848, 0.402150630951, 1.25206553936, 3.21363639832, 11.9687337875, 44.3529510498, 19.2796478271, 38.4953346252, 39.3770866394, 40.4767379761, 71.5915603638, 122.826042175, 184.045730591, 191.426635742, 76.1502685547, 54.1275939941, 64.6279525757, 86.8410339355, 133.91166687, 166.195220947, 77.1772155762, 36.6412506104, 16.3241767883, 8.02133369446, 6.65253067017, 7.05836820602, 2.84308028221, 0.870641827583, 0.392221421003, 0.389673173428, 0.0887672901154, 0.0371527485549, 0.0138883749023, 0.00637582270429, 0.00210955413058, 0.000218702931306, 5.39133288839e-05, 1.10215805762e-05, 1.93690120796e-05]
    },
    "gfcc": {
        "mean": [-139.660095215, 168.36567688, -188.100402832, -11.518204689, -46.4915008545, -20.4886054993, -26.4142589569, -16.0142192841, -11.6433677673, -10.5850801468, -7.6161866188, -6.67846298218, 4.73854160309],
        "cov": [[15583.3027344, -1500.16210938, -3293.93896484, 1117.16918945, -740.740783691, -543.464111328, -42.1456184387, -261.733886719, 301.803131104, -55.9221191406, -303.710510254, -16.4797229767, 116.205818176], [-1500.16210938, 1894.21643066, 724.315124512, -606.039611816, 326.819824219, -112.470451355, 126.158905029, -174.145401001, -43.52368927, -191.386901855, 90.2565841675, -131.993392944, -18.9793395996], [-3293.93896484, 724.315124512, 1216.34851074, -177.061309814, 169.431793213, 206.521362305, -0.0959618985653, 51.8258094788, -129.336273193, -85.3748550415, 39.9149971008, -28.8041820526, -75.7468948364], [1117.16918945, -606.039611816, -177.061309814, 653.376586914, -114.313034058, 26.7976417542, -39.88438797, 5.45416927338, 8.08313083649, 33.4792861938, -69.3348464966, 15.5111303329, -33.3089065552], [-740.740783691, 326.819824219, 169.431793213, -114.313034058, 316.953643799, 65.2910995483, 20.799741745, 34.6061782837, 20.9286556244, 32.5227203369, 6.61664772034, -13.3560409546, -5.93148326874], [-543.464111328, -112.470451355, 206.521362305, 26.7976417542, 65.2910995483, 251.409378052, 25.1218585968, 84.1749954224, -27.610710144, 0.169156402349, -5.49605226517, 36.627872467, -11.9936542511], [-42.1456184387, 126.158905029, -0.0959618985653, -39.88438797, 20.799741745, 25.1218585968, 205.841629028, 34.8334388733, 6.75076723099, -23.1113452911, -0.976749479771, 4.15796232224, -3.67673635483], [-261.733886719, -174.145401001, 51.8258094788, 5.45416927338, 34.6061782837, 84.1749954224, 34.8334388733, 216.216842651, 48.0414276123, 62.8716850281, -19.2617378235, -8.73180770874, -15.7288618088], [301.803131104, -43.52368927, -129.336273193, 8.08313083649, 20.9286556244, -27.610710144, 6.75076723099, 48.0414276123, 150.738021851, 63.2231445312, -13.9902820587, -15.5745592117, -7.92291355133], [-55.9221191406, -191.386901855, -85.3748550415, 33.4792861938, 32.5227203369, 0.169156402349, -23.1113452911, 62.8716850281, 63.2231445312, 149.461120605, 17.3690719604, 10.0807981491, 5.5064702034], [-303.710510254, 90.2565841675, 39.9149971008, -69.3348464966, 6.61664772034, -5.49605226517, -0.976749479771, -19.2617378235, -13.9902820587, 17.3690719604, 122.673431396, 41.1724739075, 25.7382469177], [-16.4797229767, -131.993392944, -28.8041820526, 15.5111303329, -13.3560409546, 36.627872467, 4.15796232224, -8.73180770874, -15.5745592117, 10.0807981491, 41.1724739075, 128.706497192, 52.8118934631], [116.205818176, -18.9793395996, -75.7468948364, -33.3089065552, -5.93148326874, -11.9936542511, -3.67673635483, -15.7288618088, -7.92291355133, 5.5064702034, 25.7382469177, 52.8118934631, 109.281494141]],
        "icov": [[0.000259599124547, -0.000460798270069, 0.000924718508031, -0.000457769609056, 0.000473185704323, -0.000364573235856, 0.000311726529617, -0.000272112141829, 6.62287711748e-05, 0.000136720074806, 0.000378878728952, -0.000226148215006, 0.000120312615763], [-0.000460798270069, 0.00323019572534, -0.00294341915287, 0.0018959910376, -0.00271238805726, 0.00225327652879, -0.00188554928172, 0.00216205744073, -0.00138514931314, 0.00193227897398, -0.00193563778885, 0.0023346808739, -0.000933643314056], [0.000924718508031, -0.00294341915287, 0.00529130361974, -0.00197100755759, 0.00219318573363, -0.0029676053673, 0.00213053100742, -0.00220497441478, 0.00178605387919, -5.3692561778e-05, 0.00141826388426, -0.00154030753765, 0.00166252581403], [-0.000457769609056, 0.0018959910376, -0.00197100755759, 0.0032588315662, -0.0010103614768, 0.000851046002936, -0.000868441944476, 0.00147710926831, -0.000463434145786, 1.16472019727e-05, -7.3946059274e-05, 0.000665839295834, 0.000326570589095], [0.000473185704323, -0.00271238805726, 0.00219318573363, -0.0010103614768, 0.0063569592312, -0.00291953538544, 0.00121816399042, -0.00130924186669, 0.000392780901166, -0.00278460746631, 0.0019956077449, -0.00130038999487, 0.000442352466052], [-0.000364573235856, 0.00225327652879, -0.0029676053673, 0.000851046002936, -0.00291953538544, 0.00791711267084, -0.00160161673557, -0.00091505626915, 0.000126187282149, 0.0017157245893, -0.000664326711558, -0.00100468518212, 7.09934902261e-05], [0.000311726529617, -0.00188554928172, 0.00213053100742, -0.000868441944476, 0.00121816399042, -0.00160161673557, 0.00652843108401, -0.0024769413285, 0.00037881519529, 0.000729159684852, 0.000837102823425, -0.00178271951154, 0.000961671816185], [-0.000272112141829, 0.00216205744073, -0.00220497441478, 0.00147710926831, -0.00130924186669, -0.00091505626915, -0.0024769413285, 0.00858539436013, -0.00248619983904, -0.00171153002884, -6.84667611495e-05, 0.00243498967029, -0.000687037536409], [6.62287711748e-05, -0.00138514931314, 0.00178605387919, -0.000463434145786, 0.000392780901166, 0.000126187282149, 0.00037881519529, -0.00248619983904, 0.0103050842881, -0.00416171597317, 0.00163110042922, -0.000638104800601, 0.00135684083216], [0.000136720074806, 0.00193227897398, -5.3692561778e-05, 1.16472019727e-05, -0.00278460746631, 0.0017157245893, 0.000729159684852, -0.00171153002884, -0.00416171597317, 0.0127525804564, -0.0035704174079, 0.000951085588895, -0.000591123651247], [0.000378878728952, -0.00193563778885, 0.00141826388426, -7.3946059274e-05, 0.0019956077449, -0.000664326711558, 0.000837102823425, -6.84667611495e-05, 0.00163110042922, -0.0035704174079, 0.0121236089617, -0.00462845386937, -4.52818821941e-05], [-0.000226148215006, 0.0023346808739, -0.00154030753765, 0.000665839295834, -0.00130038999487, -0.00100468518212, -0.00178271951154, 0.00243498967029, -0.000638104800601, 0.000951085588895, -0.00462845386937, 0.0137816471979, -0.00577336642891], [0.000120312615763, -0.000933643314056, 0.00166252581403, 0.000326570589095, 0.000442352466052, 7.09934902261e-05, 0.000961671816185, -0.000687037536409, 0.00135684083216, -0.000591123651247, -4.52818821941e-05, -0.00577336642891, 0.0130066461861]]
    },
    "melbands": {
        "mean": [2.15104773815e-05, 6.17511905148e-05, 0.000112919209641, 0.000209488745895, 0.000396524264943, 0.000262856221525, 0.000317056925269, 0.000244132694206, 0.00015590080875, 0.000189223021152, 0.00025385725894, 0.000306092581013, 0.000235220228205, 0.000123794161482, 7.28856321075e-05, 6.46687913104e-05, 6.31466100458e-05, 6.40625876258e-05, 5.58696483495e-05, 0.000109410313598, 6.47559863864e-05, 2.82850833173e-05, 1.64118882822e-05, 1.01859213828e-05, 4.56173893326e-06, 2.60194087787e-06, 1.51991844177e-06, 1.9463989247e-06, 1.9754393179e-06, 1.17823924484e-06, 5.30899399109e-07, 2.1290148311e-07, 7.92383190173e-08, 7.65218288734e-08, 7.71770132246e-08, 3.16712061021e-08, 7.46750483671e-09, 3.80277942469e-09, 3.14087422737e-09, 3.31144467403e-09],
        "stdev": [5.03752453369e-05, 0.00016648802557, 0.000246059236815, 0.000374406488845, 0.00145134190097, 0.000441705691628, 0.000551683304366, 0.00049388979096, 0.00032482718234, 0.000467310048407, 0.000637514225673, 0.000788899546023, 0.000550725439098, 0.000305424910039, 0.000223578390433, 0.000149715211592, 0.000138216419145, 0.000165090532391, 0.000136774076964, 0.000378651369829, 0.000167272955878, 9.47951048147e-05, 4.4213997171e-05, 3.02728476527e-05, 1.37990236908e-05, 1.18930183817e-05, 3.7129593693e-06, 5.45320472156e-06, 5.35451908945e-06, 3.38790528076e-06, 1.49514642089e-06, 5.82992242926e-07, 2.83197721274e-07, 2.64647695758e-07, 2.95234087844e-07, 1.22706083516e-07, 2.99823952332e-08, 3.37519097116e-08, 1.35712987515e-08, 1.15747118556e-08]
    },
    "melbands128": {
        "mean": [1.40243366786e-06, 3.86280862585e-06, 2.76164682873e-05, 5.91016105318e-05, 6.81791570969e-05, 6.00425300945e-05, 7.53857602831e-05, 0.000132759203552, 0.000174403059646, 0.000180668925168, 0.000228711011005, 0.000428635277785, 0.000490754144266, 0.000312695745379, 0.000175790250069, 0.000290140218567, 0.000378768105293, 0.000347936613252, 0.000215413456317, 0.000220313551836, 0.00032184884185, 0.000185808094102, 0.000129647014546, 0.00012604224321, 0.000176353816641, 0.000235432453337, 0.000163957069162, 0.000276882958133, 0.000266566232312, 0.000392294983612, 0.000299449107843, 0.000198292225832, 0.000168872938957, 0.000403788115364, 0.000112064786663, 6.38384080958e-05, 6.68276334181e-05, 0.000111879584438, 3.99913624278e-05, 4.86945136799e-05, 8.91601157491e-05, 5.66496892134e-05, 4.94238338433e-05, 6.63038954372e-05, 9.82813944574e-05, 5.02843286085e-05, 4.70527702419e-05, 7.17901275493e-05, 4.67995305371e-05, 4.85434029542e-05, 0.000169623453985, 0.000100552766526, 8.21809153422e-05, 4.26164697274e-05, 3.49684523826e-05, 2.82646069536e-05, 1.98165726033e-05, 1.80682091013e-05, 1.70660205185e-05, 1.18586021927e-05, 1.19712103697e-05, 5.33132697456e-06, 5.45106331629e-06, 3.28444002662e-06, 5.57624298381e-06, 2.1135017505e-06, 1.45903527482e-06, 1.45751562286e-06, 1.48397055e-06, 1.7549319864e-06, 1.6484121943e-06, 2.69604015557e-06, 1.3825268752e-06, 2.33881723943e-06, 1.57986653448e-06, 1.70022849488e-06, 6.2993984784e-07, 7.01093028965e-07, 5.75876129005e-07, 2.76668856714e-07, 2.96886071283e-07, 1.22842166661e-07, 1.27926696791e-07, 7.33518845664e-08, 5.51124799131e-08, 3.21403526016e-08, 1.03486861747e-07, 1.30312997726e-07, 7.14239831723e-08, 4.20538235346e-08, 4.48110526463e-08, 2.49383251827e-08, 1.86366442279e-08, 4.41813696739e-09, 3.50618845069e-09, 2.82438694654e-09, 4.58589122232e-09, 3.9514005401e-09, 3.26832050312e-09, 2.28598517893e-09, 3.15118353633e-09, 3.32660921032e-09, 4.35235580909e-09, 2.31920016525e-09, 2.5921238489e-09, 1.17036802472e-09, 1.51875056975e-09, 7.4327566324e-10, 1.24418730874e-09, 6.80745182446e-10, 2.78580547519e-10, 9.67600166657e-11, 8.2415838043e-11, 1.13243081579e-10, 1.09847658747e-10, 1.27877611278e-10, 8.66032245916e-11, 1.93013625915e-11, 1.1765095842e-11, 6.25675466298e-12, 9.21823641725e-12, 4.11343398579e-12, 4.07320227894e-12, 3.3433982579e-12, 2.47687916184e-12, 2.24732558951e-12, 2.18948231941e-12, 2.17584739289e-12],
        "stdev": [2.63399988398e-06, 8.26093219075e-06, 7.07372819306e-05, 0.000147499653394, 0.000214650339331, 0.000216124186409, 0.000285565794911, 0.000317573460052, 0.000395457143895, 0.000403495738283, 0.000623669358902, 0.00203536520712, 0.00207951734774, 0.000607581285294, 0.000385357445339, 0.000806433788966, 0.000834912294522, 0.000809908728115, 0.000479538255604, 0.000502682640217, 0.000962204183452, 0.000539120926987, 0.000359034835128, 0.000462203868665, 0.000591456657276, 0.000749570957851, 0.000473570573376, 0.0010747712804, 0.000974444323219, 0.00139809586108, 0.000941509497352, 0.000675461837091, 0.000427886232501, 0.00145191699266, 0.000348988483893, 0.000226094824029, 0.000257633946603, 0.000468343059765, 0.000133622655994, 0.000130613334477, 0.000276081642369, 0.00022059334151, 0.000149597341078, 0.000202542563784, 0.000387990294257, 0.000159954506671, 0.000206404467463, 0.000252279423876, 0.000156938083819, 0.000189124562894, 0.000769031175878, 0.000378591386834, 0.000356263917638, 0.000144785939483, 0.000131430613692, 0.000162647818797, 9.9970442534e-05, 7.54524735385e-05, 7.29237362975e-05, 4.59661023342e-05, 5.63436333323e-05, 2.45318515226e-05, 2.6065566999e-05, 1.11559565994e-05, 4.09736312577e-05, 1.26997229017e-05, 4.88224986839e-06, 4.70904024041e-06, 6.11306541032e-06, 6.04335536991e-06, 8.11175232229e-06, 9.63706133916e-06, 5.3180078794e-06, 1.00377337731e-05, 6.77894468026e-06, 6.67598897053e-06, 2.68765074907e-06, 2.42973874265e-06, 2.58789418695e-06, 1.17452646009e-06, 1.14129363737e-06, 3.87786798228e-07, 6.87463511895e-07, 3.5010620536e-07, 2.11437281905e-07, 1.51936490056e-07, 4.75220303997e-07, 6.6795365683e-07, 4.30603449786e-07, 1.91545751704e-07, 2.46136437454e-07, 1.31438966378e-07, 9.99653124722e-08, 2.27009007148e-08, 3.02742400038e-08, 1.69190439436e-08, 8.05027866591e-08, 2.27311858225e-08, 1.71847052144e-08, 1.38930955629e-08, 2.24780407621e-08, 1.10454072555e-08, 1.60429554086e-08, 9.18847931075e-09, 1.1573494163e-08, 7.23060367136e-09, 1.18761969148e-08, 4.21317647437e-09, 6.60182530865e-09, 2.86178281073e-09, 1.1401144473e-09, 4.18015844161e-10, 4.45450953901e-10, 8.40361058518e-10, 6.20264617446e-10, 9.45365008498e-10, 3.83833548279e-10, 1.96785004958e-10, 2.79838541228e-10, 1.09127887282e-10, 3.19888893152e-10, 7.74480687915e-11, 8.31550592273e-11, 4.81780761119e-11, 1.44810517744e-11, 5.93225382012e-12, 4.03312279407e-12, 4.00970055769e-12]
    },
    "mfcc": {
        "mean": [-752.866088867, 183.838088989, -60.0477638245, 1.40850925446, -13.8274011612, -6.3086476326, -12.3364934921, -8.34315490723, -2.06147122383, -8.0941028595, -10.8272600174, -1.84550702572, 0.457683235407],
        "cov": [[10060.1943359, 191.297546387, -2934.69189453, 1193.32421875, -778.699462891, -0.0947218164802, -558.561218262, -81.7726974487, 150.906005859, -97.6811599731, -194.203384399, 82.669418335, -92.5803833008], [191.297546387, 1624.8112793, 211.600570679, -310.382598877, 124.421203613, -110.74079895, 85.7669830322, -47.7436561584, -34.2215118408, -25.6846237183, -20.5843429565, -102.612678528, -44.3489761353], [-2934.69189453, 211.600570679, 1386.43249512, -352.280303955, 249.950317383, 83.7787857056, 188.435638428, 103.266769409, -91.2689361572, 0.712284088135, 47.3721389771, -73.0995407104, -47.1976165771], [1193.32421875, -310.382598877, -352.280303955, 504.870880127, -68.925819397, 39.2658119202, -60.8782463074, -24.7002696991, 22.3538951874, -8.26504230499, 11.2418365479, 29.5718688965, -36.2314605713], [-778.699462891, 124.421203613, 249.950317383, -68.925819397, 286.980010986, 37.9591445923, 39.3320198059, 0.579179704189, -1.88011050224, 35.0298805237, 7.83088064194, 14.8599014282, 50.7195587158], [-0.0947218164802, -110.74079895, 83.7787857056, 39.2658119202, 37.9591445923, 185.172470093, 28.4931526184, 47.9410209656, 14.5899705887, -30.9268722534, -8.73959159851, 9.47670173645, -1.64987885952], [-558.561218262, 85.7669830322, 188.435638428, -60.8782463074, 39.3320198059, 28.4931526184, 192.747238159, 57.9444923401, 0.0094059612602, -0.000423713965574, 6.73010444641, -13.8866863251, 1.47297048569], [-81.7726974487, -47.7436561584, 103.266769409, -24.7002696991, 0.579179704189, 47.9410209656, 57.9444923401, 170.261764526, 46.4172554016, 9.07343387604, 3.89853477478, -0.499852269888, 10.5475587845], [150.906005859, -34.2215118408, -91.2689361572, 22.3538951874, -1.88011050224, 14.5899705887, 0.0094059612602, 46.4172554016, 163.323501587, 53.089630127, 18.0192070007, 33.2926521301, 20.9318256378], [-97.6811599731, -25.6846237183, 0.712284088135, -8.26504230499, 35.0298805237, -30.9268722534, -0.000423713965574, 9.07343387604, 53.089630127, 167.400009155, 61.8499412537, -0.314807653427, 10.3527145386], [-194.203384399, -20.5843429565, 47.3721389771, 11.2418365479, 7.83088064194, -8.73959159851, 6.73010444641, 3.89853477478, 18.0192070007, 61.8499412537, 119.136909485, 20.8100471497, -20.9015312195], [82.669418335, -102.612678528, -73.0995407104, 29.5718688965, 14.8599014282, 9.47670173645, -13.8866863251, -0.499852269888, 33.2926521301, -0.314807653427, 20.8100471497, 133.083053589, 58.0996818542], [-92.5803833008, -44.3489761353, -47.1976165771, -36.2314605713, 50.7195587158, -1.64987885952, 1.47297048569, 10.5475587845, 20.9318256378, 10.3527145386, -20.9015312195, 58.0996818542, 169.341583252]],
        "icov": [[0.000642507045995, -0.000583352171816, 0.00103410682641, -0.00090457854094, 0.00086323148571, -0.000785728974734, 0.000963581318501, -0.000846969604027, 0.000417432194808, -0.000480992312077, 0.000778304762207, -0.000368876440916, 0.000271770433756], [-0.000583352171816, 0.00135564315133, -0.000840173452161, 0.00127353379503, -0.00126929115504, 0.00121523137204, -0.0012033713283, 0.00100095011294, -0.000596651283558, 0.000847714021802, -0.000784765055869, 0.000849494128488, 4.81557617604e-05], [0.00103410682641, -0.000840173452161, 0.00301770959049, -0.000662994396407, 0.000357136392267, -0.00158643699251, 0.000917062221561, -0.00195493642241, 0.00137020624243, -0.000543075148016, 0.000570260919631, -0.000212439335883, 0.00104301469401], [-0.00090457854094, 0.00127353379503, -0.000662994396407, 0.00420883204788, -0.00150405871682, 0.000435527559603, -0.00130175135564, 0.00136522331741, -0.000570096599404, 0.000924111402128, -0.00157561595552, 0.000367162603652, 0.000629241694696], [0.00086323148571, -0.00126929115504, 0.000357136392267, -0.00150405871682, 0.0063878740184, -0.00235386635177, 0.00120041903574, -0.000157074711751, 0.00064678787021, -0.00223571900278, 0.0015742413234, -0.00123106990941, -0.00134615926072], [-0.000785728974734, 0.00121523137204, -0.00158643699251, 0.000435527559603, -0.00235386635177, 0.00807932391763, -0.00165539840236, -0.000456670444692, -0.00140386552084, 0.00247069611214, -0.000728966493625, 0.000365266780136, 0.00017346990353], [0.000963581318501, -0.0012033713283, 0.000917062221561, -0.00130175135564, 0.00120041903574, -0.00165539840236, 0.00809260178357, -0.00310784834437, 0.000751220795792, -0.000634011055809, 0.000842348556034, -0.000272777891951, 7.97048996901e-05], [-0.000846969604027, 0.00100095011294, -0.00195493642241, 0.00136522331741, -0.000157074711751, -0.000456670444692, -0.00310784834437, 0.00920252595097, -0.00301604089327, 0.000548096955754, -0.000912687217351, 0.00105683133006, -0.00109317654278], [0.000417432194808, -0.000596651283558, 0.00137020624243, -0.000570096599404, 0.00064678787021, -0.00140386552084, 0.000751220795792, -0.00301604089327, 0.00881908088923, -0.00320975086652, 0.000756997964345, -0.00218941480853, 0.000256531289779], [-0.000480992312077, 0.000847714021802, -0.000543075148016, 0.000924111402128, -0.00223571900278, 0.00247069611214, -0.000634011055809, 0.000548096955754, -0.00320975086652, 0.00987272989005, -0.00545534305274, 0.0026220146101, -0.00110928551294], [0.000778304762207, -0.000784765055869, 0.000570260919631, -0.00157561595552, 0.0015742413234, -0.000728966493625, 0.000842348556034, -0.000912687217351, 0.000756997964345, -0.00545534305274, 0.0131835220382, -0.0039689373225, 0.00284159788862], [-0.000368876440916, 0.000849494128488, -0.000212439335883, 0.000367162603652, -0.00123106990941, 0.000365266780136, -0.000272777891951, 0.00105683133006, -0.00218941480853, 0.0026220146101, -0.0039689373225, 0.0111439768225, -0.0038539764937], [0.000271770433756, 4.81557617604e-05, 0.00104301469401, 0.000629241694696, -0.00134615926072, 0.00017346990353, 7.97048996901e-05, -0.00109317654278, 0.000256531289779, -0.00110928551294, 0.00284159788862, -0.0038539764937, 0.00867312774062]]
    },
    "spectral_contrast_coeffs": {
        "mean": [-0.65872490406, -0.719200193882, -0.685252070427, -0.691612839699, -0.713352680206, -0.727959275246],
        "stdev": [0.0988047197461, 0.0816557854414, 0.0832551568747, 0.0805567279458, 0.067537561059, 0.0778882429004]
    },
    "spectral_contrast_valleys": {
        "mean": [-8.28877258301, -7.22716665268, -7.85841798782, -8.67840957642, -9.68504619598, -13.678604126],
        "stdev": [1.21429157257, 1.31755530834, 1.34064757824, 1.46223735809, 1.56941664219, 1.03726971149]
    }
},
"rhythm": {
    "beats_count": 559,
    "beats_loudness": {
        "mean": 0.0203898176551,
        "stdev": 0.0182905588299
    },
    "bpm": 132.491043091,
    "bpm_histogram_first_peak_bpm": 133,
    "bpm_histogram_first_peak_weight": 0.58865249157,
    "bpm_histogram_second_peak_bpm": 117,
    "bpm_histogram_second_peak_spread": 0.55670106411,
    "bpm_histogram_second_peak_weight": 0.0770609304309,
    "danceability": 0.992008686066,
    "onset_rate": 3.24249887466,
    "beats_loudness_band_ratio": {
        "mean": [0.0658006817102, 0.2016248703, 0.298182696104, 0.308779060841, 0.167279914021, 0.0104036610574],
        "stdev": [0.121953032911, 0.20486843586, 0.222058981657, 0.233278974891, 0.203373476863, 0.0238204151392]
    },
    "beats_position": [0.417959183455, 0.870748281479, 1.3235373497, 1.77632653713, 2.22911548615, 2.69351458549, 3.16952371597, 3.64553284645, 4.12154197693, 4.62077093124, 5.10838985443, 5.58439922333, 6.01396799088, 6.43192720413, 6.83827638626, 7.24462556839, 7.66258478165, 8.06893444061, 8.48689365387, 8.90485286713, 9.31120204926, 9.70594120026, 10.1006803513, 10.5070295334, 10.9249887466, 11.354557991, 11.7841272354, 12.2136955261, 12.6316547394, 13.0496139526, 13.479183197, 13.9203624725, 14.361541748, 14.7795009613, 15.2090702057, 15.6270294189, 16.0449886322, 16.4629478455, 16.8809070587, 17.298866272, 17.7168254852, 18.1347846985, 18.5643539429, 18.9939231873, 19.4002723694, 19.8066215515, 20.2245807648, 20.642539978, 21.0837192535, 21.5132884979, 21.9544658661, 22.4072551727, 22.8368244171, 23.2780036926, 23.7307929993, 24.1603622437, 24.6015415192, 25.0427207947, 25.4955101013, 25.9366893768, 26.3778686523, 26.830657959, 27.2834453583, 27.7130146027, 28.1658039093, 28.6185932159, 29.0713825226, 29.5241718292, 30.0350112915, 30.5574588776, 31.0682983398, 31.5443077087, 32.0203170776, 32.4731063843, 32.9491157532, 33.4135131836, 33.8779144287, 34.3423118591, 34.8067131042, 35.2594985962, 35.7471199036, 36.2347373962, 36.7223587036, 37.1983680725, 37.6743774414, 38.1736030579, 38.6612243652, 39.1488418579, 39.613243103, 40.0776405334, 40.5420417786, 41.0180473328, 41.4940567017, 41.9120178223, 42.3299751282, 42.7479362488, 43.1310653687, 43.4909744263, 43.8508834839, 44.2107925415, 44.5939216614, 44.9770507812, 45.3601799011, 45.7549209595, 46.1496582031, 46.5443992615, 46.9507484436, 47.3454856873, 47.7518348694, 48.1581840515, 48.5413131714, 48.9244422913, 49.3888435364, 49.841632843, 50.2944221497, 50.7472114563, 51.2000007629, 51.6527900696, 52.1171875, 52.5931968689, 53.0575942993, 53.6264839172, 54.2069816589, 54.7758712769, 55.3447608948, 55.8904304504, 56.4593200684, 57.0398178101, 57.6319274902, 58.2124252319, 58.8045349121, 59.3966445923, 59.9423103333, 60.4879798889, 61.0220413208, 61.5677070618, 62.1017684937, 62.6242179871, 63.135055542, 63.6575050354, 64.1799545288, 64.7024002075, 65.2248535156, 65.6660308838, 66.107208252, 66.5599975586, 67.0127868652, 67.4655761719, 67.929977417, 68.3943786621, 68.8587722778, 69.3115615845, 69.7643508911, 70.2171401978, 70.6815414429, 71.1691589355, 71.6335601807, 72.0863494873, 72.5391387939, 72.9919281006, 73.4447174072, 73.8858947754, 74.3270721436, 74.7682495117, 75.2094345093, 75.6506118774, 76.0917892456, 76.5445785522, 76.9973678589, 77.4501571655, 77.9029464722, 78.3441238403, 78.796913147, 79.2497024536, 79.6908798218, 80.1320648193, 80.5732421875, 81.0144195557, 81.4788208008, 81.954826355, 82.4308395386, 82.9184570312, 83.3596343994, 83.8008117676, 84.2419967651, 84.6831741333, 85.1359634399, 85.5887527466, 86.0183181763, 86.4943313599, 86.9819488525, 87.4695663452, 87.9571838379, 88.44480896, 88.9324264526, 89.4200439453, 89.8960494995, 90.3836746216, 90.8829040527, 91.3705215454, 91.8581390381, 92.3225402832, 92.7869338989, 93.251335144, 93.7737884521, 94.2962341309, 94.830291748, 95.3643493652, 95.8984146118, 96.432472229, 96.9665298462, 97.4773712158, 97.9882049561, 98.4642181396, 98.9402236938, 99.4278411865, 99.9386825562, 100.449523926, 100.948753357, 101.447982788, 101.935600281, 102.434829712, 102.945663452, 103.46811676, 103.97895813, 104.420135498, 104.861312866, 105.314102173, 105.766891479, 106.231292725, 106.69568634, 107.183311462, 107.659317017, 108.1353302, 108.622947693, 109.133781433, 109.656234741, 110.248344421, 110.828842163, 111.420951843, 112.036277771, 112.616775513, 113.197273254, 113.777778625, 114.346664429, 114.938774109, 115.542495728, 116.146209717, 116.738319397, 117.342041016, 117.934150696, 118.514648438, 119.095146179, 119.687255859, 120.267753601, 120.836639404, 121.417137146, 121.904762268, 122.380767822, 122.856781006, 123.33278656, 123.785575867, 124.249977112, 124.69115448, 125.132331848, 125.573509216, 126.014694214, 126.455871582, 126.89704895, 127.349838257, 127.791015625, 128.243804932, 128.708206177, 129.160995483, 129.625396729, 130.101409912, 130.565795898, 131.030197144, 131.494598389, 131.958999634, 132.469833374, 132.980682373, 133.491516113, 134.013961792, 134.513198853, 135.024032593, 135.546478271, 136.080535889, 136.614593506, 137.137054443, 137.647888184, 138.170333862, 138.692779541, 139.20362854, 139.71446228, 140.225296021, 140.724533081, 141.24697876, 141.769424438, 142.291885376, 142.837554932, 143.383224487, 143.905670166, 144.428115845, 144.950561523, 145.496231079, 146.099945068, 146.715286255, 147.284164429, 147.841445923, 148.410339355, 148.979232788, 149.5597229, 150.140228271, 150.720718384, 151.301223755, 151.881713867, 152.462219238, 153.042724609, 153.611602783, 154.180496216, 154.726165771, 155.283447266, 155.84072876, 156.409606934, 156.990112305, 157.570602417, 158.151107788, 158.731613159, 159.242446899, 159.75328064, 160.264129639, 160.76335144, 161.262588501, 161.750198364, 162.237823486, 162.71383667, 163.213058472, 163.793563843, 164.362442017, 164.931335449, 165.500228882, 166.080718994, 166.649612427, 167.218505859, 167.787384033, 168.344665527, 168.901947021, 169.447616577, 169.993286133, 170.52734375, 171.073013306, 171.618682861, 172.164352417, 172.710021973, 173.255691528, 173.789749146, 174.312194824, 174.846252441, 175.380310059, 175.902755737, 176.425216675, 176.936050415, 177.435287476, 177.934509277, 178.422134399, 178.921356201, 179.408981323, 179.931427002, 180.477096558, 181.022766113, 181.55682373, 182.102493286, 182.648162842, 183.205444336, 183.762710571, 184.331604004, 184.900497437, 185.457778931, 186.049880981, 186.641998291, 187.24571228, 187.861038208, 188.487976074, 189.010421753, 189.521270752, 190.043716431, 190.554550171, 191.053787231, 191.541397095, 192.040634155, 192.539855957, 193.050704956, 193.607971191, 194.176864624, 194.827026367, 195.47718811, 196.127349854, 196.789108276, 197.43927002, 198.077819824, 198.739593506, 199.38973999, 200.051513672, 200.655227661, 201.258956909, 201.862670898, 202.454788208, 203.058502197, 203.592559814, 204.126617432, 204.660675049, 205.217956543, 205.786849976, 206.344116211, 206.878189087, 207.423858643, 207.969512939, 208.491973877, 209.002807617, 209.513641357, 210.024490356, 210.535324097, 211.034561157, 211.533782959, 212.044616699, 212.555465698, 213.077911377, 213.577133179, 214.087982178, 214.598815918, 215.109649658, 215.620498657, 216.131332397, 216.653778076, 217.176239014, 217.710296631, 218.244354248, 218.778411865, 219.300857544, 219.8465271, 220.403808594, 220.949478149, 221.5415802, 222.122085571, 222.725799561, 223.283081055, 223.840362549, 224.397644043, 224.93170166, 225.477371216, 226.011428833, 226.533874512, 227.067932129, 227.543945312, 228.008346558, 228.472732544, 228.925521851, 229.378311157, 229.842712402, 230.295501709, 230.748291016, 231.201080322, 231.665481567, 232.129882812, 232.594284058, 233.047073364, 233.499862671, 233.917816162, 234.35899353, 234.788574219, 235.241363525, 235.694152832, 236.14692688, 236.622940063, 237.122177124, 237.609786987, 238.236724854, 238.840454102, 239.444168091, 240.024673462, 240.605163574, 241.185668945, 241.766159058, 242.242172241, 242.718185425, 243.19418335, 243.670196533, 244.134597778, 244.598999023, 245.063400269, 245.527801514, 245.9921875, 246.479812622, 246.990646362, 247.466659546, 247.954284668, 248.407073975, 248.859863281, 249.324264526, 249.777053833, 250.218231201, 250.647796631, 251.088973999, 251.530151367, 251.971328735, 252.400909424, 252.911743164, 253.422576904, 253.933425903, 254.444259644, 254.955093384, 255.465942383, 255.918731689, 256.383117676, 256.84753418, 257.416412354, 257.996917725, 258.565795898, 259.157897949, 259.761627197, 260.342132568, 260.934234619, 261.537963867, 262.130065918, 262.710571289, 263.291046143, 263.871551514, 264.521728516, 265.171875, 265.833648682, 266.507019043, 267.145568848, 267.79574585, 268.434295654, 269.072814941, 269.722991943, 270.466033936, 271.209075928, 271.940490723, 272.671936035, 273.426574707, 274.181213379, 274.947479248, 275.713745117, 276.433563232, 277.153381348, 277.861572266, 278.476898193, 279.080627441, 279.649505615, 280.218414307, 280.868560791, 281.507110596, 282.157287598, 282.795837402, 283.434356689, 284.072906494, 284.723083496],
    "bpm_histogram": [0, 0, 0, 0, 0, 0, 0, 0, 0, 0, 0, 0, 0, 0, 0, 0, 0, 0, 0, 0, 0, 0, 0, 0, 0, 0, 0, 0, 0, 0, 0, 0, 0, 0, 0, 0, 0, 0, 0, 0, 0, 0, 0, 0, 0, 0, 0, 0, 0, 0, 0, 0, 0, 0, 0, 0, 0, 0, 0, 0, 0, 0, 0, 0, 0, 0, 0, 0, 0, 0, 0, 0, 0, 0, 0, 0, 0, 0, 0.00358422938734, 0, 0.00358422938734, 0.00358422938734, 0.00358422938734, 0.00358422938734, 0, 0.00179211469367, 0, 0, 0, 0.00179211469367, 0, 0.00716845877469, 0.0215053763241, 0, 0.0143369175494, 0, 0.00358422938734, 0, 0.00716845877469, 0.0268817208707, 0, 0.0286738350987, 0, 0.0609318986535, 0, 0.0465949811041, 0, 0, 0.0268817208707, 0, 0.0430107526481, 0, 0.0430107526481, 0, 0, 0.0591397844255, 0, 0.0770609304309, 0, 0, 0.0376344099641, 0, 0, 0.0537634417415, 0, 0, 0.0573476701975, 0, 0, 0.0770609304309, 0, 0, 0, 0.103942655027, 0, 0, 0.0716845914721, 0, 0, 0, 0.0286738350987, 0, 0, 0, 0.0376344099641, 0, 0, 0, 0.017921147868, 0, 0, 0, 0.010752688162, 0, 0, 0, 0, 0.010752688162, 0, 0, 0, 0, 0, 0, 0, 0, 0, 0.00537634408101, 0, 0, 0, 0, 0, 0, 0, 0, 0, 0, 0, 0, 0, 0, 0, 0, 0, 0, 0, 0, 0, 0, 0, 0, 0, 0, 0, 0, 0, 0, 0, 0, 0, 0, 0, 0, 0, 0, 0, 0, 0, 0, 0, 0, 0, 0, 0, 0, 0, 0, 0, 0, 0, 0, 0, 0, 0, 0, 0, 0, 0, 0, 0, 0, 0, 0, 0, 0, 0, 0, 0, 0, 0, 0, 0, 0, 0, 0, 0, 0, 0, 0]
},
"tonal": {
    "chords_changes_rate": 0.0567387416959,
    "chords_number_rate": 0.00341407908127,
    "chords_strength": {
        "mean": 0.455825954676,
        "stdev": 0.0940644145012
    },
    "hpcp_crest": {
        "mean": 18.0791339874,
        "stdev": 8.50332260132
    },
    "hpcp_entropy": {
        "mean": 1.46237671375,
        "stdev": 0.719738602638
    },
    "key_edma": {
        "strength": 0.370780259371,
        "key": "F",
        "scale": "minor"
    },
    "key_krumhansl": {
        "strength": 0.374420523643,
        "key": "F",
        "scale": "minor"
    },
    "key_temperley": {
        "strength": 0.367813915014,
        "key": "F",
        "scale": "minor"
    },
    "tuning_diatonic_strength": 0.280282795429,
    "tuning_equal_tempered_deviation": 0,
    "tuning_frequency": 442.03793335,
    "tuning_nontempered_energy_ratio": 0.600494623184,
    "hpcp": {
        "mean": [0.165690004826, 0.0855353176594, 0.0997670590878, 0.179861024022, 0.107584953308, 0.0914170965552, 0.14081671834, 0.0749904066324, 0.159457370639, 0.283170938492, 0.150888949633, 0.0931098014116, 0.174525335431, 0.108188122511, 0.0728543177247, 0.112448491156, 0.0622322186828, 0.124324075878, 0.200635105371, 0.0963883325458, 0.0530879162252, 0.0797667354345, 0.0472743622959, 0.109793454409, 0.182410687208, 0.0920865833759, 0.0713723525405, 0.122904151678, 0.0733955055475, 0.104302145541, 0.183488488197, 0.108214318752, 0.0900892093778, 0.147640630603, 0.090560823679, 0.111989542842],
        "stdev": [0.304940998554, 0.170341312885, 0.190684005618, 0.312802910805, 0.202050730586, 0.185460180044, 0.282739877701, 0.157635748386, 0.225251406431, 0.372750341892, 0.216524168849, 0.180976584554, 0.303007036448, 0.200797066092, 0.141732394695, 0.209710627794, 0.122151128948, 0.186289712787, 0.307298004627, 0.152670443058, 0.13216881454, 0.196532100439, 0.110310293734, 0.18136498332, 0.291362315416, 0.1580812186, 0.158626109362, 0.261317104101, 0.175979688764, 0.183303356171, 0.304468542337, 0.190572172403, 0.170672893524, 0.272476524115, 0.177424356341, 0.217538848519]
    },
    "chords_histogram": [6.74687051773, 12.9409856796, 13.0222730637, 4.194439888, 2.60120296478, 4.81222581863, 3.30027627945, 4.82848310471, 2.73126316071, 0.585270702839, 4.64965057373, 1.4469192028, 3.18647384644, 4.08063745499, 1.41440415382, 1.98341727257, 0, 1.75581204891, 3.30027627945, 5.77141904831, 3.7229719162, 0.585270702839, 3.49536657333, 8.84409046173],
