{
"metadata": {
    "version": {
        "essentia": "2.1-dev",
        "essentia_git_sha": "v2.1_beta3-415-gd5473f3",
        "extractor": "music 2.0"
    },
    "audio_properties": {
        "analysis": {
            "equal_loudness": 0,
            "length": 261.01550293,
            "sample_rate": 44100,
            "start_time": 0,
            "downmix": "mix"
        },
        "bit_rate": 192000,
        "length": 261.01550293,
        "lossless": 0,
        "number_channels": 2,
        "replay_gain": -9.58520889282,
        "sample_rate": 44100,
        "codec": "mp3",
        "md5_encoded": "fa1e981062bba5db552315a5251e6ef9"
    },
    "tags": {
        "file_name": "ago-put_on_your_red_shoes.mp3"
    }
},
"lowlevel": {
    "average_loudness": 0.874607086182,
    "barkbands_crest": {
        "mean": 12.4451828003,
        "stdev": 5.88050413132
    },
    "barkbands_flatness_db": {
        "mean": 0.163836359978,
        "stdev": 0.068213313818
    },
    "barkbands_kurtosis": {
        "mean": 11.9157495499,
        "stdev": 34.2289237976
    },
    "barkbands_skewness": {
        "mean": 2.29528880119,
        "stdev": 2.16242074966
    },
    "barkbands_spread": {
        "mean": 20.7849311829,
        "stdev": 14.1209115982
    },
    "dissonance": {
        "mean": 0.461151838303,
        "stdev": 0.0322628766298
    },
    "dynamic_complexity": 3.83376836777,
    "erbbands_crest": {
        "mean": 8.53586959839,
        "stdev": 4.52482461929
    },
    "erbbands_flatness_db": {
        "mean": 0.143459647894,
        "stdev": 0.0586380697787
    },
    "erbbands_kurtosis": {
        "mean": 0.706273913383,
        "stdev": 2.77721238136
    },
    "erbbands_skewness": {
        "mean": 0.535599589348,
        "stdev": 0.778643429279
    },
    "erbbands_spread": {
        "mean": 46.3476295471,
        "stdev": 26.0726261139
    },
    "hfc": {
        "mean": 27.4330406189,
        "stdev": 30.8953227997
    },
    "loudness_ebu128": {
        "integrated": -12.7755832672,
        "loudness_range": 9.45014762878,
        "momentary": {
            "mean": -15.8765668869,
            "stdev": 16.9358005524
        },
        "short_term": {
            "mean": -14.4811935425,
            "stdev": 4.77237462997
        }
    },
    "melbands_crest": {
        "mean": 16.1273536682,
        "stdev": 6.65217065811
    },
    "melbands_flatness_db": {
        "mean": 0.213941246271,
        "stdev": 0.0922016873956
    },
    "melbands_kurtosis": {
        "mean": 33.5782241821,
        "stdev": 68.6461257935
    },
    "melbands_skewness": {
        "mean": 3.69943165779,
        "stdev": 3.0392343998
    },
    "melbands_spread": {
        "mean": 19.2339115143,
        "stdev": 17.8561553955
    },
    "pitch_salience": {
        "mean": 0.512762665749,
        "stdev": 0.172700896859
    },
    "silence_rate_20dB": {
        "mean": 1,
        "stdev": 0
    },
    "silence_rate_30dB": {
        "mean": 0.978651463985,
        "stdev": 0.144548982382
    },
    "silence_rate_60dB": {
        "mean": 0.112880267203,
        "stdev": 0.316462904215
    },
    "spectral_centroid": {
        "mean": 1314.43945312,
        "stdev": 980.685119629
    },
    "spectral_complexity": {
        "mean": 18.7204227448,
        "stdev": 11.4763498306
    },
    "spectral_decrease": {
        "mean": -1.02049684259e-08,
        "stdev": 8.24224066776e-09
    },
    "spectral_energy": {
        "mean": 0.0410042330623,
        "stdev": 0.0329041518271
    },
    "spectral_energyband_high": {
        "mean": 0.00179751811083,
        "stdev": 0.00288188527338
    },
    "spectral_energyband_low": {
        "mean": 0.023435363546,
        "stdev": 0.0262143071741
    },
    "spectral_energyband_middle_high": {
        "mean": 0.0046825078316,
        "stdev": 0.00507359998301
    },
    "spectral_energyband_middle_low": {
        "mean": 0.0124652013183,
        "stdev": 0.0127119971439
    },
    "spectral_entropy": {
        "mean": 7.65965747833,
        "stdev": 0.608379662037
    },
    "spectral_flux": {
        "mean": 0.0961674824357,
        "stdev": 0.0606593489647
    },
    "spectral_kurtosis": {
        "mean": 4.55071544647,
        "stdev": 7.15832138062
    },
    "spectral_rms": {
        "mean": 0.00563087919727,
        "stdev": 0.00288051040843
    },
    "spectral_rolloff": {
        "mean": 1335.35168457,
        "stdev": 1880.37084961
    },
    "spectral_skewness": {
        "mean": 1.59890449047,
        "stdev": 0.742598831654
    },
    "spectral_spread": {
        "mean": 5833217,
        "stdev": 3298231.5
    },
    "spectral_strongpeak": {
        "mean": 0.763493537903,
        "stdev": 0.80116134882
    },
    "zerocrossingrate": {
        "mean": 0.0611781403422,
        "stdev": 0.0488416701555
    },
    "barkbands": {
        "mean": [0.000521230220329, 0.017052937299, 0.00471350783482, 0.00247536040843, 0.00337562803179, 0.00214731134474, 0.00145897921175, 0.00097467500018, 0.00154431699775, 0.00122363178525, 0.000796439708211, 0.000547618139535, 0.000441944401246, 0.000421056232881, 0.000357843586244, 0.000304383225739, 0.000281834363705, 0.00021918406128, 0.000230226418353, 0.000259468040895, 0.00024269388814, 0.000253969570622, 0.0003063378972, 0.000365631451132, 0.000367597414879, 0.000120206830616, 1.60639768154e-09],
        "stdev": [0.00218729791231, 0.022940883413, 0.0102345570922, 0.00493370834738, 0.00559887615964, 0.00348698277958, 0.00275236926973, 0.00209428742528, 0.00303384871222, 0.00270805554464, 0.00178073451389, 0.00102179020178, 0.000927062588744, 0.000644074403681, 0.000519903434906, 0.000539452477824, 0.000475292123156, 0.000306780362735, 0.000312825141009, 0.000390830537071, 0.000385931984056, 0.000410228414694, 0.000644310843199, 0.00063416257035, 0.000712521432433, 0.000229634722928, 2.61193711104e-09]
    },
    "erbbands": {
        "mean": [0.49755936861, 3.73533964157, 6.02572393417, 7.10028600693, 11.0496845245, 10.9084253311, 10.9499969482, 18.5932922363, 19.9394721985, 23.6615486145, 24.4470043182, 36.5535430908, 39.7471504211, 34.7297286987, 29.3355884552, 24.1525611877, 21.794418335, 22.3643665314, 18.633480072, 18.5779075623, 17.3132381439, 14.9276609421, 12.5414934158, 11.0430316925, 12.5719938278, 12.3914737701, 10.4418706894, 9.04182243347, 9.44790554047, 8.77205562592, 9.34147453308, 7.68792963028, 5.59106969833, 4.45054197311, 2.39981126785, 0.766939461231, 0.179206356406, 0.013294165954, 0.00029997213278, 6.7620560003e-05],
        "stdev": [0.774359643459, 5.01927375793, 9.90971755981, 12.8716545105, 19.2391147614, 20.5627174377, 18.9964771271, 34.8153190613, 35.8384132385, 51.7151832581, 49.3677749634, 75.4163742065, 85.1669692993, 72.3285827637, 59.2081871033, 44.8260765076, 44.1322250366, 32.5609169006, 28.9860992432, 27.5317516327, 30.520526886, 23.5789108276, 17.3104686737, 14.7129745483, 18.5668678284, 18.3176307678, 17.0904140472, 14.1246366501, 16.3920516968, 15.0554389954, 20.803609848, 12.7558355331, 10.2173671722, 8.6041021347, 4.79893493652, 1.45059669018, 0.346860259771, 0.025572296232, 0.000537478190381, 6.74479160807e-05]
    },
    "gfcc": {
        "mean": [-8.9242143631, 81.1755752563, -108.838920593, 29.8067131042, -64.7051086426, 22.7375659943, -40.5875053406, 14.2689847946, -24.3648853302, 3.21400380135, -17.5029087067, -0.41309645772, -9.88784408569],
        "cov": [[19860.0351562, -1862.16345215, 104.960632324, 858.819763184, -415.169647217, 1296.25476074, -239.476425171, 843.676696777, -346.672912598, 598.940368652, -299.324798584, 289.821868896, -455.773590088], [-1862.16345215, 1900.4041748, 3.20057654381, -65.6606140137, 279.286590576, -362.562591553, 78.1959533691, -289.875, 204.867492676, -247.566848755, 136.285476685, -115.53453064, 139.821548462], [104.960632324, 3.20057654381, 1483.01586914, 503.604248047, 403.56048584, 377.599243164, 128.31413269, 221.843536377, 43.1572570801, 194.839019775, 74.2629089355, 78.4303741455, 24.7703056335], [858.819763184, -65.6606140137, 503.604248047, 600.18359375, 261.237213135, 271.455749512, 142.558685303, 148.692138672, 114.366294861, 98.6178741455, 54.8284301758, 33.5617904663, 38.456993103], [-415.169647217, 279.286590576, 403.56048584, 261.237213135, 435.487670898, 183.067321777, 183.364898682, 107.694000244, 145.384536743, 46.3958053589, 89.9586639404, 17.0313091278, 43.5146522522], [1296.25476074, -362.562591553, 377.599243164, 271.455749512, 183.067321777, 431.814910889, 150.885055542, 240.789474487, 41.6182785034, 145.150131226, 27.9972896576, 69.3383789062, -20.3829936981], [-239.476425171, 78.1959533691, 128.31413269, 142.558685303, 183.364898682, 150.885055542, 237.569168091, 115.383308411, 112.25994873, 46.8768844604, 70.430770874, 5.04809808731, 35.8606719971], [843.676696777, -289.875, 221.843536377, 148.692138672, 107.694000244, 240.789474487, 115.383308411, 245.571548462, 67.9629592896, 125.183868408, 22.64752388, 53.1324043274, -9.61067771912], [-346.672912598, 204.867492676, 43.1572570801, 114.366294861, 145.384536743, 41.6182785034, 112.25994873, 67.9629592896, 200.07258606, 20.9961090088, 67.6702270508, 14.226937294, 38.9248123169], [598.940368652, -247.566848755, 194.839019775, 98.6178741455, 46.3958053589, 145.150131226, 46.8768844604, 125.183868408, 20.9961090088, 175.045333862, 58.8660430908, 55.8544540405, 1.12520098686], [-299.324798584, 136.285476685, 74.2629089355, 54.8284301758, 89.9586639404, 27.9972896576, 70.430770874, 22.64752388, 67.6702270508, 58.8660430908, 127.495552063, 37.9947509766, 50.4502487183], [289.821868896, -115.53453064, 78.4303741455, 33.5617904663, 17.0313091278, 69.3383789062, 5.04809808731, 53.1324043274, 14.226937294, 55.8544540405, 37.9947509766, 93.9541778564, 23.3044719696], [-455.773590088, 139.821548462, 24.7703056335, 38.456993103, 43.5146522522, -20.3829936981, 35.8606719971, -9.61067771912, 38.9248123169, 1.12520098686, 50.4502487183, 23.3044719696, 101.893959045]],
        "icov": [[0.000133413937874, -0.000242812442593, 0.000212975312024, -0.000335014075972, 0.000249226635788, -0.000399457785534, 0.000327587680658, -0.000440841540694, 0.000364995590644, -0.000399193260819, 0.000318120204611, -0.000344562868122, 0.000447681872174], [-0.000242812442593, 0.00189503538422, -0.000744969118387, 0.000985400401987, -0.00120662152767, 0.00124765920918, -0.000622499734163, 0.00184762582649, -0.0018225183012, 0.0022673222702, -0.0020177513361, 0.00173858122434, -0.00144650798757], [0.000212975312024, -0.000744969118387, 0.00171797873918, -0.00125326239504, -0.000520905246958, -0.000888757524081, 0.0010152294999, -0.00119991239626, 0.00165917677805, -0.0017497370718, 0.000978687196039, -0.000972487498075, 0.000727812992409], [-0.000335014075972, 0.000985400401987, -0.00125326239504, 0.00418308470398, -0.00124549260363, -0.000587740854826, -0.000626172695775, 0.00208253366873, -0.00259559648111, 0.000974178197794, -0.000614236283582, 0.00198577204719, -0.00246296427213], [0.000249226635788, -0.00120662152767, -0.000520905246958, -0.00124549260363, 0.00640484364703, -0.00218079914339, -0.00110943708569, -0.000871368218213, -0.00082531652879, 0.000157530928846, -0.000535330269486, -0.000416376104113, 0.0011778663611], [-0.000399457785534, 0.00124765920918, -0.000888757524081, -0.000587740854826, -0.00218079914339, 0.00951436255127, -0.00362600875087, -0.00290495739318, 0.00116709270515, 0.000705921091139, -0.000297988386592, -0.00176275474951, 0.000872833712492], [0.000327587680658, -0.000622499734163, 0.0010152294999, -0.000626172695775, -0.00110943708569, -0.00362600875087, 0.0110610155389, -0.00404762011021, -0.000991473440081, 0.000446605059551, -0.00296900141984, 0.00355133041739, -0.00118549435865], [-0.000440841540694, 0.00184762582649, -0.00119991239626, 0.00208253366873, -0.000871368218213, -0.00290495739318, -0.00404762011021, 0.0158358886838, -0.00573960551992, -0.00340247480199, 0.00273760454729, -0.00043477062718, -0.00131820631213], [0.000364995590644, -0.0018225183012, 0.00165917677805, -0.00259559648111, -0.00082531652879, 0.00116709270515, -0.000991473440081, -0.00573960551992, 0.0117306839675, -0.000914735428523, -0.000846235780045, -0.00253217900172, 0.00163029576652], [-0.000399193260819, 0.0022673222702, -0.0017497370718, 0.000974178197794, 0.000157530928846, 0.000705921091139, 0.000446605059551, -0.00340247480199, -0.000914735428523, 0.0165410414338, -0.00994742289186, 0.000899115868378, -0.000356998731149], [0.000318120204611, -0.0020177513361, 0.000978687196039, -0.000614236283582, -0.000535330269486, -0.000297988386592, -0.00296900141984, 0.00273760454729, -0.000846235780045, -0.00994742289186, 0.0199454389513, -0.00659107230604, -0.00227709161118], [-0.000344562868122, 0.00173858122434, -0.000972487498075, 0.00198577204719, -0.000416376104113, -0.00176275474951, 0.00355133041739, -0.00043477062718, -0.00253217900172, 0.000899115868378, -0.00659107230604, 0.0194116719067, -0.00612459937111], [0.000447681872174, -0.00144650798757, 0.000727812992409, -0.00246296427213, 0.0011778663611, 0.000872833712492, -0.00118549435865, -0.00131820631213, 0.00163029576652, -0.000356998731149, -0.00227709161118, -0.00612459937111, 0.0164280403405]]
    },
    "melbands": {
        "mean": [0.00465723965317, 0.00389555981383, 0.00138281227555, 0.00082672550343, 0.000390384288039, 0.000419947842602, 0.000310157367494, 0.000241048895987, 0.000209987178096, 0.000226856122026, 0.000194743843167, 0.000139671756187, 0.000107324616692, 6.7102664616e-05, 5.21567999385e-05, 4.32946289948e-05, 4.17765186285e-05, 2.99426683341e-05, 2.42303995037e-05, 2.33491355175e-05, 1.95884385903e-05, 1.56546448125e-05, 1.32588911583e-05, 1.05039289338e-05, 8.53509118315e-06, 8.59014926391e-06, 9.01170369616e-06, 8.23558912089e-06, 6.82521294948e-06, 5.52603160031e-06, 5.16750105817e-06, 5.43659734831e-06, 4.87993611387e-06, 4.95480708196e-06, 5.847862667e-06, 4.73236877951e-06, 4.55314830106e-06, 4.08723053624e-06, 3.45366856891e-06, 3.97672920371e-06],
        "stdev": [0.0065697254613, 0.00490469345823, 0.00230621639639, 0.0014330066042, 0.00063018623041, 0.000743196054827, 0.000542609021068, 0.000511947204359, 0.000425962207373, 0.000450137013104, 0.000431292777648, 0.000308192626107, 0.000235160128796, 0.000123990161228, 9.88696920103e-05, 8.5205596406e-05, 6.37117700535e-05, 5.18566885148e-05, 3.38020872732e-05, 4.04023558076e-05, 3.79132579837e-05, 2.76001828752e-05, 2.05212581932e-05, 1.62178839673e-05, 1.24277912619e-05, 1.24448843053e-05, 1.58361963258e-05, 1.30177350002e-05, 1.13737387437e-05, 9.24846426642e-06, 8.56830047269e-06, 1.02680824057e-05, 7.9007813838e-06, 9.32568946155e-06, 1.38563336805e-05, 9.04493845155e-06, 7.35759203963e-06, 7.87184308138e-06, 6.21132767264e-06, 7.9764831753e-06]
    },
    "melbands128": {
        "mean": [0.000452493492048, 0.00359517568722, 0.00685966387391, 0.00596093432978, 0.00358736538328, 0.00215307902545, 0.00138639158104, 0.00125001138076, 0.0011580552673, 0.000894301163498, 0.000640645448584, 0.00036333463504, 0.000342806481058, 0.000425920356065, 0.000398478470743, 0.000480545131722, 0.000350192538463, 0.000265834620222, 0.000254560349276, 0.000320053222822, 0.00017693490372, 0.000174456101377, 0.000215054402361, 0.000219053777982, 0.000282117776806, 0.000182053365279, 0.000216508749872, 0.000225074894843, 0.000141491836985, 0.000156529204105, 0.00012658094056, 0.00012709927978, 0.000127075210912, 7.98884066171e-05, 5.47590389033e-05, 7.65563672758e-05, 6.85603226884e-05, 3.49563997588e-05, 6.30729991826e-05, 4.71088569611e-05, 3.20008184644e-05, 4.62225216324e-05, 4.51036867162e-05, 3.79389312002e-05, 3.13431992254e-05, 3.00153387798e-05, 2.81782340608e-05, 2.08366873267e-05, 2.26154988923e-05, 3.22655287164e-05, 1.91298840946e-05, 2.06118656934e-05, 2.10280450119e-05, 2.00754420803e-05, 1.60890849656e-05, 1.4994610865e-05, 1.35547352329e-05, 1.75163168024e-05, 1.14773019959e-05, 9.66191419138e-06, 1.13643345685e-05, 9.23132847674e-06, 1.06586594484e-05, 7.63806201576e-06, 6.85678605805e-06, 7.89379828348e-06, 1.01782388811e-05, 9.7333222584e-06, 8.99558017409e-06, 8.48520903673e-06, 5.68765608477e-06, 1.17616318676e-05, 6.28667976343e-06, 6.26947257842e-06, 6.02426371188e-06, 6.41918859401e-06, 4.57147416455e-06, 4.75017441204e-06, 6.36245658825e-06, 3.73465559278e-06, 6.2189305936e-06, 5.64577931073e-06, 4.73971704196e-06, 5.00544592796e-06, 5.04168383486e-06, 3.83094493372e-06, 4.95556787428e-06, 6.94510936228e-06, 6.47220440442e-06, 4.69858787255e-06, 3.91787671106e-06, 5.0150692914e-06, 5.88740613239e-06, 3.62267655873e-06, 4.88498653795e-06, 4.17743876824e-06, 3.97483108827e-06, 3.56110672328e-06, 3.40553106071e-06, 3.50419622919e-06, 3.49675860889e-06, 4.35827541878e-06, 4.06696153732e-06, 3.72004706151e-06, 2.22776134251e-06, 2.39701876126e-06, 1.89061188394e-06, 1.64648531609e-06, 1.36765697789e-06, 8.21396838546e-07, 7.58304167903e-07, 5.66133337543e-07, 5.46854494132e-07, 5.4417461115e-07, 3.24743581359e-07, 4.78378225921e-08, 1.96752579507e-11, 7.45378325034e-12, 7.16558843511e-12, 6.91050515422e-12, 6.71371508734e-12, 6.54683208687e-12, 6.39230769012e-12, 6.26973386403e-12, 6.16689598693e-12, 6.09177118471e-12, 6.03718117165e-12, 5.99552959363e-12],
        "stdev": [0.00163092603907, 0.00635380391032, 0.0103489626199, 0.00831033848226, 0.00537391053513, 0.00494269793853, 0.00280230934732, 0.00248599122278, 0.0023443151731, 0.00210912455805, 0.00152721395716, 0.000761762377806, 0.00082081585424, 0.000829894968774, 0.000910323171411, 0.00119073421229, 0.000793847546447, 0.000765044009313, 0.000571826414671, 0.000883476110175, 0.00057220418239, 0.00044236695976, 0.000600404804572, 0.000616898178123, 0.000823583570309, 0.000459439703263, 0.000592749682255, 0.000665453844704, 0.000553386460524, 0.000481991213746, 0.00037724111462, 0.000349503388861, 0.000356469652615, 0.000272935052635, 0.000139544776175, 0.000192774867173, 0.000168145954376, 0.000109801607323, 0.000201794726308, 0.00011786739924, 0.000110564404167, 0.000118526484584, 8.51467921166e-05, 7.14417983545e-05, 8.90957380761e-05, 7.30590327294e-05, 6.08779591857e-05, 4.68715443276e-05, 4.21734621341e-05, 6.87267456669e-05, 5.67667120777e-05, 5.80216401431e-05, 6.02740510658e-05, 5.93036893406e-05, 3.76976349798e-05, 3.97630028601e-05, 3.39480466209e-05, 3.98364099965e-05, 2.16200423893e-05, 2.42675778281e-05, 2.37851127167e-05, 1.67876405612e-05, 2.10864563996e-05, 1.38724490171e-05, 1.50018186105e-05, 1.36942189783e-05, 1.80230945261e-05, 1.99121932383e-05, 2.09916797758e-05, 1.61039915838e-05, 8.77090133145e-06, 2.81582179014e-05, 1.11756207843e-05, 1.23507370517e-05, 1.31530005092e-05, 1.3480823327e-05, 7.63594925957e-06, 8.76432659425e-06, 1.31839206006e-05, 5.99235136178e-06, 1.41235468618e-05, 1.1594102034e-05, 8.51923687151e-06, 9.45862302615e-06, 8.96982237464e-06, 7.51342713556e-06, 1.0289227248e-05, 1.80533406819e-05, 1.61727421073e-05, 1.5149355022e-05, 8.06877415016e-06, 1.19922506201e-05, 9.36944161367e-06, 6.50197989671e-06, 8.27534950076e-06, 8.88107024366e-06, 9.16780027183e-06, 6.73793192618e-06, 6.26035080131e-06, 6.5289932536e-06, 7.81696053309e-06, 8.74587931321e-06, 9.30533769861e-06, 7.52055029807e-06, 5.23764310856e-06, 5.03707906319e-06, 3.59647560799e-06, 3.25282167069e-06, 2.6561103823e-06, 1.59014291512e-06, 1.73858745711e-06, 1.23567383525e-06, 1.1385769767e-06, 1.16204466849e-06, 6.68687619054e-07, 1.18457194276e-07, 7.76722158813e-11, 1.23137810712e-11, 1.1830197412e-11, 1.14247274835e-11, 1.10896769198e-11, 1.08033113705e-11, 1.05558617403e-11, 1.03514219765e-11, 1.01782714201e-11, 1.00454679297e-11, 9.94903204959e-12, 9.88795070128e-12]
    },
    "mfcc": {
        "mean": [-647.04888916, 109.338485718, 11.347079277, 11.776927948, 3.8113527298, 3.89288878441, -0.215090915561, 4.65596818924, 1.36782157421, 3.10234475136, -1.583319664, -1.30476021767, -1.15919959545],
        "cov": [[11797.8037109, -1436.25317383, 685.885681152, -157.342010498, 190.612045288, 308.027984619, 404.896575928, 269.191955566, 226.60005188, 252.087539673, 204.434280396, 227.917312622, 157.013870239], [-1436.25317383, 1694.92199707, -103.684890747, 139.401077271, 84.1765060425, -32.0503158569, -123.442344666, -12.6053466797, -65.6525421143, -77.7023086548, -15.6435060501, -46.8334732056, -29.3187599182], [685.885681152, -103.684890747, 973.368041992, 302.032104492, 364.765899658, 229.040817261, 242.593292236, 92.4183197021, 122.826835632, 107.018913269, 71.5941390991, 88.7501144409, 94.187461853], [-157.342010498, 139.401077271, 302.032104492, 398.027801514, 228.507675171, 154.224395752, 87.8544998169, 73.5240097046, 89.5895385742, 59.1135406494, 57.576965332, 49.5798873901, 42.742389679], [190.612045288, 84.1765060425, 364.765899658, 228.507675171, 360.366851807, 189.383529663, 151.077316284, 122.386764526, 110.929489136, 88.8005218506, 75.8116531372, 81.3620758057, 71.0792617798], [308.027984619, -32.0503158569, 229.040817261, 154.224395752, 189.383529663, 216.707336426, 152.343612671, 113.849891663, 93.0036849976, 79.2572555542, 73.8126373291, 65.727180481, 49.3067550659], [404.896575928, -123.442344666, 242.593292236, 87.8544998169, 151.077316284, 152.343612671, 270.995239258, 94.1455612183, 104.60748291, 94.3491134644, 72.0467300415, 86.246383667, 58.972076416], [269.191955566, -12.6053466797, 92.4183197021, 73.5240097046, 122.386764526, 113.849891663, 94.1455612183, 191.921554565, 110.990188599, 86.3345031738, 77.4852371216, 44.8931007385, 30.2211990356], [226.60005188, -65.6525421143, 122.826835632, 89.5895385742, 110.929489136, 93.0036849976, 104.60748291, 110.990188599, 151.677902222, 97.8500213623, 69.1775588989, 55.4548683167, 36.1202316284], [252.087539673, -77.7023086548, 107.018913269, 59.1135406494, 88.8005218506, 79.2572555542, 94.3491134644, 86.3345031738, 97.8500213623, 133.745239258, 81.7941436768, 52.8596839905, 32.377166748], [204.434280396, -15.6435060501, 71.5941390991, 57.576965332, 75.8116531372, 73.8126373291, 72.0467300415, 77.4852371216, 69.1775588989, 81.7941436768, 122.257659912, 77.4967880249, 36.5977592468], [227.917312622, -46.8334732056, 88.7501144409, 49.5798873901, 81.3620758057, 65.727180481, 86.246383667, 44.8931007385, 55.4548683167, 52.8596839905, 77.4967880249, 128.854110718, 71.3483428955], [157.013870239, -29.3187599182, 94.187461853, 42.742389679, 71.0792617798, 49.3067550659, 58.972076416, 30.2211990356, 36.1202316284, 32.377166748, 36.5977592468, 71.3483428955, 101.306686401]],
        "icov": [[0.00010527100676, 6.75666451571e-05, -7.74117506808e-05, 0.000125580118038, 3.07185327983e-05, -9.34745185077e-05, 4.00979115511e-06, -8.50818614708e-05, 1.54752196977e-05, -2.34155922954e-05, -3.8241596485e-05, -6.75610281178e-05, -1.42640637932e-05], [6.75666451571e-05, 0.000751379178837, 0.000136220070999, -0.000262524845311, -0.000485977827339, 0.00023716429132, 0.00016914367734, -0.000198917157832, 0.000340036320267, 0.000412809517002, -0.000400136283133, 0.000214756670175, 2.34041144722e-05], [-7.74117506808e-05, 0.000136220070999, 0.00203870749101, -0.000722907250747, -0.00149553094525, -5.33421407454e-05, -0.000904283137061, 0.000738893577363, 0.00011805176473, -0.000195857894141, 0.000155725792865, 0.000595087418333, -0.000504658208229], [0.000125580118038, -0.000262524845311, -0.000722907250747, 0.00487175956368, -0.00153178151231, -0.00215664389543, 0.00106776016764, 0.000994895817712, -0.00174037809484, 0.00048133044038, -0.000592300319113, 0.0001487077825, 0.000128017214593], [3.07185327983e-05, -0.000485977827339, -0.00149553094525, -0.00153178151231, 0.00796766486019, -0.00296143488958, 5.50231125089e-05, -0.00156513648108, -0.000420627096901, -0.00061775877839, 0.00103953538928, -0.00125502783339, -0.00100987264886], [-9.34745185077e-05, 0.00023716429132, -5.33421407454e-05, -0.00215664389543, -0.00296143488958, 0.0133039467037, -0.00388752133586, -0.00327144982293, 0.00104542658664, 0.000367037195247, -0.00166226841975, 0.000448595703347, -0.000190875958651], [4.00979115511e-06, 0.00016914367734, -0.000904283137061, 0.00106776016764, 5.50231125089e-05, -0.00388752133586, 0.00803658738732, 0.000230387217016, -0.00174930936191, -0.00164677924477, 0.00116203061771, -0.00255267508328, 6.75291958032e-05], [-8.50818614708e-05, -0.000198917157832, 0.000738893577363, 0.000994895817712, -0.00156513648108, -0.00327144982293, 0.000230387217016, 0.0117597002536, -0.00582991214469, -0.000331688206643, -0.00334895565175, 0.00241060438566, -0.00028752774233], [1.54752196977e-05, 0.000340036320267, 0.00011805176473, -0.00174037809484, -0.000420627096901, 0.00104542658664, -0.00174930936191, -0.00582991214469, 0.017697609961, -0.00753048434854, 0.00117658555973, -0.00166365911718, 8.60759828356e-05], [-2.34155922954e-05, 0.000412809517002, -0.000195857894141, 0.00048133044038, -0.00061775877839, 0.000367037195247, -0.00164677924477, -0.000331688206643, -0.00753048434854, 0.0192718431354, -0.00868779793382, 0.00246960506774, -0.000627884699497], [-3.8241596485e-05, -0.000400136283133, 0.000155725792865, -0.000592300319113, 0.00103953538928, -0.00166226841975, 0.00116203061771, -0.00334895565175, 0.00117658555973, -0.00868779793382, 0.0212036930025, -0.0104665672407, 0.00251935911365], [-6.75610281178e-05, 0.000214756670175, 0.000595087418333, 0.0001487077825, -0.00125502783339, 0.000448595703347, -0.00255267508328, 0.00241060438566, -0.00166365911718, 0.00246960506774, -0.0104665672407, 0.0203165132552, -0.00974360480905], [-1.42640637932e-05, 2.34041144722e-05, -0.000504658208229, 0.000128017214593, -0.00100987264886, -0.000190875958651, 6.75291958032e-05, -0.00028752774233, 8.60759828356e-05, -0.000627884699497, 0.00251935911365, -0.00974360480905, 0.0172850713134]]
    },
    "spectral_contrast_coeffs": {
        "mean": [-0.684457063675, -0.755813002586, -0.759710550308, -0.79733645916, -0.791562736034, -0.782876491547],
        "stdev": [0.0927098542452, 0.0748554468155, 0.0677101239562, 0.048632081598, 0.0430673286319, 0.0420194976032]
    },
    "spectral_contrast_valleys": {
        "mean": [-7.09497499466, -6.86509275436, -7.50883340836, -7.8232178688, -7.91016244888, -10.082901001],
        "stdev": [1.98777616024, 1.82997727394, 1.85015499592, 1.82593512535, 1.88627624512, 2.06103396416]
    }
},
"rhythm": {
    "beats_count": 577,
    "beats_loudness": {
        "mean": 0.052937977016,
        "stdev": 0.0365764647722
    },
    "bpm": 133.792999268,
    "bpm_histogram_first_peak_bpm": 133,
    "bpm_histogram_first_peak_weight": 0.463137984276,
    "bpm_histogram_second_peak_bpm": 126,
    "bpm_histogram_second_peak_spread": 0.341463387012,
    "bpm_histogram_second_peak_weight": 0.046875,
    "danceability": 1.01008796692,
    "onset_rate": 4.01873922348,
    "beats_loudness_band_ratio": {
        "mean": [0.490594565868, 0.161791458726, 0.144698098302, 0.112397022545, 0.0550089776516, 0.0755165293813],
        "stdev": [0.290677905083, 0.169137150049, 0.144503891468, 0.133133873343, 0.061717171222, 0.0688420087099]
    },
    "beats_position": [0.452789098024, 0.917188167572, 1.39319729805, 1.88081634045, 2.36843538284, 2.85605430603, 3.32045340538, 3.78485250473, 4.22603178024, 4.66721057892, 5.11999988556, 5.5727891922, 6.01396799088, 6.45514726639, 6.90793657303, 7.36072540283, 7.81351470947, 8.26630401611, 8.70748329163, 9.14866161346, 9.58984088898, 10.0426301956, 10.4954195023, 10.9365987778, 11.3777770996, 11.8305664062, 12.2833557129, 12.7361450195, 13.1889343262, 13.6417226791, 14.1061220169, 14.5821313858, 15.0697498322, 15.5689792633, 16.0682086945, 16.5326080322, 16.9737873077, 17.426574707, 17.8793640137, 18.3205432892, 18.7733325958, 19.2261219025, 19.667301178, 20.1084804535, 20.5612697601, 21.0140590668, 21.4552383423, 21.8964176178, 22.3492050171, 22.8019943237, 23.2431735992, 23.6959629059, 24.1487522125, 24.589931488, 25.0311107635, 25.4839000702, 25.9366893768, 26.3778686523, 26.8190479279, 27.2718353271, 27.7246246338, 28.1658039093, 28.6185932159, 29.0713825226, 29.5125617981, 29.9537410736, 30.4065303802, 30.8593196869, 31.3004989624, 31.753288269, 32.2060775757, 32.6472549438, 33.0884361267, 33.5296134949, 33.99401474, 34.4351921082, 34.8763694763, 35.329158783, 35.7819480896, 36.2231292725, 36.6643066406, 37.1170959473, 37.5698852539, 38.0110664368, 38.4522438049, 38.9050331116, 39.3578224182, 39.7989997864, 40.251789093, 40.7045783997, 41.1457595825, 41.5869369507, 42.0397262573, 42.492515564, 42.9336967468, 43.3864860535, 43.8392753601, 44.2804527283, 44.7216300964, 45.1744194031, 45.6272087097, 46.0683898926, 46.5211791992, 46.9739685059, 47.415145874, 47.8679351807, 48.3091163635, 48.7619056702, 49.2030830383, 49.655872345, 50.1086616516, 50.5614509583, 51.0258483887, 51.4902496338, 51.9662590027, 52.4422683716, 52.9182739258, 53.3942832947, 53.8702926636, 54.3346939087, 54.7874832153, 55.240272522, 55.6930618286, 56.1458511353, 56.5870285034, 57.0398178101, 57.4926071167, 57.9453964233, 58.3865737915, 58.8393630981, 59.280544281, 59.7217216492, 60.162902832, 60.6156921387, 61.0684814453, 61.5096588135, 61.9508361816, 62.3920173645, 62.8448066711, 63.2975959778, 63.7503852844, 64.2031707764, 64.6443557739, 65.0971450806, 65.5499343872, 65.9911117554, 66.4322891235, 66.8850784302, 67.3378677368, 67.779045105, 68.2202224731, 68.6614074707, 69.1141967773, 69.566986084, 70.0081634521, 70.4493408203, 70.8905181885, 71.3433074951, 71.7960968018, 72.2488861084, 72.701675415, 73.1428527832, 73.5956420898, 74.0484313965, 74.489616394, 74.9307937622, 75.3835830688, 75.8363723755, 76.2775497437, 76.7187271118, 77.1715164185, 77.6243057251, 78.0654830933, 78.5182723999, 78.9710617065, 79.4122467041, 79.8650360107, 80.3062133789, 80.7590026855, 81.2001800537, 81.6413574219, 82.0941467285, 82.5469360352, 82.9881134033, 83.44090271, 83.8936920166, 84.3348770142, 84.7760543823, 85.228843689, 85.6816329956, 86.1228103638, 86.5755996704, 87.0283889771, 87.4695663452, 87.9107437134, 88.36353302, 88.8163223267, 89.2575073242, 89.6986846924, 90.151473999, 90.6042633057, 91.0454406738, 91.486618042, 91.9394073486, 92.3921966553, 92.8449859619, 93.2977752686, 93.7737884521, 94.2497940063, 94.737411499, 95.2250289917, 95.7126541138, 96.1770477295, 96.6414489746, 97.0826263428, 97.5354156494, 97.9882049561, 98.4293823242, 98.8821716309, 99.3349609375, 99.7761459351, 100.217323303, 100.658500671, 101.122901917, 101.564079285, 102.005256653, 102.458045959, 102.910835266, 103.352012634, 103.793197632, 104.245986938, 104.698776245, 105.139953613, 105.59274292, 106.045532227, 106.486709595, 106.927886963, 107.38067627, 107.833465576, 108.274642944, 108.715827942, 109.168617249, 109.621406555, 110.062583923, 110.51537323, 110.968162537, 111.409339905, 111.850517273, 112.30330658, 112.756095886, 113.197273254, 113.638458252, 114.091247559, 114.544036865, 114.985214233, 115.43800354, 115.890792847, 116.331970215, 116.773147583, 117.22593689, 117.678726196, 118.119903564, 118.561088562, 119.013877869, 119.466667175, 119.907844543, 120.36063385, 120.813423157, 121.254600525, 121.695777893, 122.1485672, 122.601356506, 123.054145813, 123.50693512, 123.959724426, 124.412513733, 124.853691101, 125.294876099, 125.747665405, 126.200454712, 126.64163208, 127.082809448, 127.535598755, 127.988388062, 128.42956543, 128.882354736, 129.335144043, 129.776321411, 130.217498779, 130.670288086, 131.123077393, 131.575866699, 132.028656006, 132.481445312, 132.934234619, 133.387023926, 133.851425171, 134.315826416, 134.780227661, 135.244628906, 135.720626831, 136.196640015, 136.672653198, 137.137054443, 137.58984375, 138.042633057, 138.495422363, 138.94821167, 139.401000977, 139.853790283, 140.294967651, 140.747756958, 141.188934326, 141.641723633, 142.094512939, 142.547302246, 142.988479614, 143.429656982, 143.870834351, 144.323623657, 144.764801025, 145.205978394, 145.6587677, 146.111557007, 146.552734375, 147.005523682, 147.458312988, 147.911102295, 148.352294922, 148.79347229, 149.234649658, 149.675827026, 150.117004395, 150.569793701, 151.022583008, 151.463760376, 151.904937744, 152.357727051, 152.810516357, 153.251693726, 153.704483032, 154.157272339, 154.598449707, 155.039627075, 155.492416382, 155.945205688, 156.386398315, 156.839187622, 157.291976929, 157.733154297, 158.174331665, 158.627120972, 159.079910278, 159.532699585, 159.99710083, 160.473098755, 160.960723877, 161.448348999, 161.935958862, 162.423583984, 162.887985229, 163.329162598, 163.770339966, 164.223129272, 164.675918579, 165.117095947, 165.558273315, 166.011062622, 166.463851929, 166.905029297, 167.357818604, 167.81060791, 168.251785278, 168.692962646, 169.145751953, 169.59854126, 170.039718628, 170.480911255, 170.933700562, 171.386474609, 171.827667236, 172.268844604, 172.721633911, 173.174423218, 173.627212524, 174.080001831, 174.521179199, 174.973968506, 175.415145874, 175.867935181, 176.309112549, 176.773513794, 177.237915039, 177.713912964, 178.189926147, 178.665939331, 179.141952515, 179.617950439, 180.093963623, 180.558364868, 181.011154175, 181.463943481, 181.916732788, 182.369522095, 182.810699463, 183.251876831, 183.693054199, 184.145843506, 184.598632812, 185.039810181, 185.492599487, 185.945388794, 186.386566162, 186.827758789, 187.280548096, 187.721725464, 188.174514771, 188.615692139, 189.068481445, 189.521270752, 189.96244812, 190.403625488, 190.844802856, 191.297592163, 191.75038147, 192.191558838, 192.632736206, 193.085525513, 193.538314819, 193.979492188, 194.432281494, 194.885070801, 195.337860107, 195.802261353, 196.278274536, 196.742675781, 197.207077026, 197.683074951, 198.159088135, 198.635101318, 199.111114502, 199.563903809, 200.016693115, 200.457870483, 200.91065979, 201.363449097, 201.804626465, 202.245803833, 202.69859314, 203.151382446, 203.592559814, 204.045349121, 204.498138428, 204.939315796, 205.392105103, 205.844894409, 206.286071777, 206.727249146, 207.180038452, 207.632827759, 208.074005127, 208.515182495, 208.967971802, 209.420761108, 209.861953735, 210.314727783, 210.76751709, 211.208709717, 211.649887085, 212.102676392, 212.555465698, 212.996643066, 213.437820435, 213.90222168, 214.343399048, 214.784576416, 215.225753784, 215.678543091, 216.131332397, 216.572509766, 217.025299072, 217.478088379, 217.919265747, 218.360443115, 218.813232422, 219.266021729, 219.707214355, 220.148391724, 220.60118103, 221.053970337, 221.495147705, 221.947937012, 222.400726318, 222.841903687, 223.283081055, 223.735870361, 224.188659668, 224.629837036, 225.071014404, 225.523803711, 225.976593018, 226.417770386, 226.870559692, 227.323348999, 227.764526367, 228.205703735, 228.658493042, 229.111282349, 229.552474976, 230.005249023, 230.45803833, 230.899230957, 231.340408325, 231.781585693, 232.234375, 232.687164307, 233.128341675, 233.581130981, 234.033920288, 234.475097656, 234.916275024, 235.369064331, 235.821853638, 236.263031006, 236.715820312, 237.168609619, 237.609786987, 238.050964355, 238.492156982, 238.944946289, 239.386123657, 239.838912964, 240.291702271, 240.744491577, 241.185668945, 241.638458252, 242.07963562, 242.532424927, 242.973602295, 243.426391602, 243.879180908, 244.320358276, 244.761535645, 245.214324951, 245.667114258, 246.108291626, 246.561080933, 247.013870239, 247.455047607, 247.896224976, 248.349014282, 248.801803589, 249.242996216, 249.684173584, 250.136962891, 250.578140259, 251.030929565, 251.472106934, 251.92489624, 252.377685547, 252.818862915, 253.271652222, 253.724441528, 254.165618896, 254.618408203, 255.07119751, 255.523986816, 256, 256.476013184, 256.952026367, 257.43963623, 257.927246094, 258.414855957, 258.914093018, 259.413330078, 259.912567139, 260.446624756],
    "bpm_histogram": [0, 0, 0, 0, 0, 0, 0, 0, 0, 0, 0, 0, 0, 0, 0, 0, 0, 0, 0, 0, 0, 0, 0, 0, 0, 0, 0, 0, 0, 0, 0, 0, 0, 0, 0, 0, 0, 0, 0, 0, 0, 0, 0, 0, 0, 0, 0, 0, 0, 0, 0, 0, 0, 0, 0, 0, 0, 0, 0, 0, 0, 0, 0, 0, 0, 0, 0, 0, 0, 0, 0, 0, 0, 0, 0, 0, 0, 0, 0, 0, 0, 0, 0, 0, 0, 0, 0, 0, 0, 0, 0, 0, 0, 0, 0, 0, 0, 0, 0, 0, 0, 0, 0, 0, 0, 0, 0, 0, 0, 0, 0, 0, 0.00173611112405, 0, 0, 0, 0, 0, 0, 0, 0.00868055596948, 0, 0, 0.0243055559695, 0, 0, 0.046875, 0, 0, 0.045138888061, 0, 0, 0, 0.493055552244, 0, 0, 0.380208343267, 0, 0, 0, 0, 0, 0, 0, 0, 0, 0, 0, 0, 0, 0, 0, 0, 0, 0, 0, 0, 0, 0, 0, 0, 0, 0, 0, 0, 0, 0, 0, 0, 0, 0, 0, 0, 0, 0, 0, 0, 0, 0, 0, 0, 0, 0, 0, 0, 0, 0, 0, 0, 0, 0, 0, 0, 0, 0, 0, 0, 0, 0, 0, 0, 0, 0, 0, 0, 0, 0, 0, 0, 0, 0, 0, 0, 0, 0, 0, 0, 0, 0, 0, 0, 0, 0, 0, 0, 0, 0, 0, 0, 0, 0, 0, 0, 0, 0, 0, 0, 0, 0, 0, 0, 0, 0, 0, 0, 0, 0, 0, 0, 0]
},
"tonal": {
    "chords_changes_rate": 0.0594094619155,
    "chords_number_rate": 0.00302383489907,
    "chords_strength": {
        "mean": 0.5416020751,
        "stdev": 0.115618646145
    },
    "hpcp_crest": {
        "mean": 15.6209745407,
        "stdev": 7.68956375122
    },
    "hpcp_entropy": {
        "mean": 1.77242934704,
        "stdev": 0.78757840395
    },
    "key_edma": {
        "strength": 0.483060538769,
        "key": "G",
        "scale": "major"
    },
    "key_krumhansl": {
        "strength": 0.4900175035,
        "key": "G",
        "scale": "major"
    },
    "key_temperley": {
        "strength": 0.497381716967,
        "key": "G",
        "scale": "major"
    },
    "tuning_diatonic_strength": 0.427448809147,
    "tuning_equal_tempered_deviation": 0.0113736726344,
    "tuning_frequency": 440.254241943,
    "tuning_nontempered_energy_ratio": 0.704046845436,
    "hpcp": {
        "mean": [0.178227558732, 0.11756516248, 0.0859282612801, 0.104692839086, 0.10607790947, 0.140873238444, 0.168277785182, 0.106761656702, 0.0935421437025, 0.109309233725, 0.0640198811889, 0.0359088219702, 0.0344548821449, 0.0368260517716, 0.0854350924492, 0.152640372515, 0.16454552114, 0.15306250751, 0.127941220999, 0.092683494091, 0.141097664833, 0.201000928879, 0.129028335214, 0.0769557729363, 0.0867324471474, 0.0548288933933, 0.071553952992, 0.102820850909, 0.0749012753367, 0.144703671336, 0.203060686588, 0.11284879595, 0.0721979662776, 0.0929459780455, 0.115583337843, 0.16617757082],
        "stdev": [0.303026556969, 0.222045004368, 0.195549950004, 0.234230995178, 0.224781677127, 0.241567865014, 0.275958299637, 0.198050245643, 0.20068436861, 0.246336981654, 0.147563576698, 0.0954654291272, 0.0979725122452, 0.100251428783, 0.178743511438, 0.276196956635, 0.289247900248, 0.281279236078, 0.263209968805, 0.196036711335, 0.234832450747, 0.329896956682, 0.219125509262, 0.170178964734, 0.219146996737, 0.132205680013, 0.148607596755, 0.210950478911, 0.147477015853, 0.240121901035, 0.333322435617, 0.193894177675, 0.167630642653, 0.20489525795, 0.250237733126, 0.273635387421]
    },
    "chords_histogram": [13.0558519363, 5.74528646469, 3.80647444725, 0.177872642875, 2.31234431267, 0, 9.64069747925, 0.996086776257, 16.2575588226, 2.70366406441, 0.124510847032, 0, 0, 1.86766278744, 0.853788673878, 2.08111000061, 2.49021697044, 3.71753835678, 2.68587684631, 3.93098545074, 4.67805051804, 8.27107810974, 4.09107065201, 10.5122728348],
    "thpcp": [1, 0.555739283562, 0.355548709631, 0.457725137472, 0.569205880165, 0.818364083767, 0.877705872059, 0.57896566391, 0.423165410757, 0.515574157238, 0.522395133972, 0.693749427795, 0.828706860542, 0.525762319565, 0.460661023855, 0.53830820322, 0.315274626017, 0.176837876439, 0.169677764177, 0.181354910135, 0.420736759901, 0.751698315144, 0.810326814651, 0.753777146339, 0.630063951015, 0.456432491541, 0.694854676723, 0.989856421947, 0.635417580605, 0.378979176283, 0.427125751972, 0.27001234889, 0.352377176285, 0.506355285645, 0.368861526251, 0.71261292696],
    "chords_key": "B",
    "chords_scale": "major"
}
}