{
"metadata": {
    "version": {
        "essentia": "2.1-dev",
        "essentia_git_sha": "v2.1_beta3-415-gd5473f3",
        "extractor": "music 2.0"
    },
    "audio_properties": {
        "analysis": {
            "equal_loudness": 0,
            "length": 222.563262939,
            "sample_rate": 44100,
            "start_time": 0,
            "downmix": "mix"
        },
        "bit_rate": 192000,
        "length": 222.563262939,
        "lossless": 0,
        "number_channels": 2,
        "replay_gain": -10.2894172668,
        "sample_rate": 44100,
        "codec": "mp3",
        "md5_encoded": "a4e7d95f6819964057c718811f400f6d"
    },
    "tags": {
        "file_name": "alon_with_me.mp3",
        "album": ["Anual. El álbum dance del año. Progressive & Hard House. ( Cd. 3 )"],
        "artist": ["Varios"],
        "genre": ["Other"],
        "title": ["Alon with me"]
    }
},
"lowlevel": {
    "average_loudness": 0.926793694496,
    "barkbands_crest": {
        "mean": 14.0592412949,
        "stdev": 6.49691867828
    },
    "barkbands_flatness_db": {
        "mean": 0.165210470557,
        "stdev": 0.096388630569
    },
    "barkbands_kurtosis": {
        "mean": 21.9506530762,
        "stdev": 101.434555054
    },
    "barkbands_skewness": {
        "mean": 2.70277476311,
        "stdev": 3.07929348946
    },
    "barkbands_spread": {
        "mean": 20.3335704803,
        "stdev": 15.996213913
    },
    "dissonance": {
        "mean": 0.451426804066,
        "stdev": 0.0405374057591
    },
    "dynamic_complexity": 4.02081108093,
    "erbbands_crest": {
        "mean": 9.13189411163,
        "stdev": 5.41819477081
    },
    "erbbands_flatness_db": {
        "mean": 0.150688052177,
        "stdev": 0.066873088479
    },
    "erbbands_kurtosis": {
        "mean": 1.16875267029,
        "stdev": 7.58152580261
    },
    "erbbands_skewness": {
        "mean": 0.591909945011,
        "stdev": 0.930948853493
    },
    "erbbands_spread": {
        "mean": 44.7340049744,
        "stdev": 23.4452896118
    },
    "hfc": {
        "mean": 17.7583465576,
        "stdev": 15.7705955505
    },
    "loudness_ebu128": {
        "integrated": -12.2744064331,
        "loudness_range": 3.61255550385,
        "momentary": {
            "mean": -16.219285965,
            "stdev": 26.3806190491
        },
        "short_term": {
            "mean": -13.809378624,
            "stdev": 7.80175685883
        }
    },
    "melbands_crest": {
        "mean": 18.2515640259,
        "stdev": 7.20270872116
    },
    "melbands_flatness_db": {
        "mean": 0.227998137474,
        "stdev": 0.119334474206
    },
    "melbands_kurtosis": {
        "mean": 37.0246353149,
        "stdev": 67.0579528809
    },
    "melbands_skewness": {
        "mean": 3.90711474419,
        "stdev": 3.08357000351
    },
    "melbands_spread": {
        "mean": 20.3862323761,
        "stdev": 22.0261669159
    },
    "pitch_salience": {
        "mean": 0.445505708456,
        "stdev": 0.190324425697
    },
    "silence_rate_20dB": {
        "mean": 1,
        "stdev": 0
    },
    "silence_rate_30dB": {
        "mean": 0.799603581429,
        "stdev": 0.400300711393
    },
    "silence_rate_60dB": {
        "mean": 0.100771956146,
        "stdev": 0.301027685404
    },
    "spectral_centroid": {
        "mean": 1403.64807129,
        "stdev": 1169.83850098
    },
    "spectral_complexity": {
        "mean": 14.5731277466,
        "stdev": 8.75098705292
    },
    "spectral_decrease": {
        "mean": -1.1804639044e-08,
        "stdev": 1.46411984758e-08
    },
    "spectral_energy": {
        "mean": 0.0461641289294,
        "stdev": 0.0558287017047
    },
    "spectral_energyband_high": {
        "mean": 0.000940624042414,
        "stdev": 0.00133706617635
    },
    "spectral_energyband_low": {
        "mean": 0.0335320197046,
        "stdev": 0.0535149984062
    },
    "spectral_energyband_middle_high": {
        "mean": 0.00341350748204,
        "stdev": 0.00502258865163
    },
    "spectral_energyband_middle_low": {
        "mean": 0.00923000276089,
        "stdev": 0.0175526347011
    },
    "spectral_entropy": {
        "mean": 7.66028165817,
        "stdev": 0.680328845978
    },
    "spectral_flux": {
        "mean": 0.111102692783,
        "stdev": 0.100129872561
    },
    "spectral_kurtosis": {
        "mean": 4.50409269333,
        "stdev": 6.38759279251
    },
    "spectral_rms": {
        "mean": 0.00549968983978,
        "stdev": 0.00384597945958
    },
    "spectral_rolloff": {
        "mean": 1641.67004395,
        "stdev": 2482.2512207
    },
    "spectral_skewness": {
        "mean": 1.59472048283,
        "stdev": 0.724695801735
    },
    "spectral_spread": {
        "mean": 5930771.5,
        "stdev": 3807846.5
    },
    "spectral_strongpeak": {
        "mean": 0.807177364826,
        "stdev": 0.89191120863
    },
    "zerocrossingrate": {
        "mean": 0.0671488568187,
        "stdev": 0.0655507817864
    },
    "barkbands": {
        "mean": [0.000328983005602, 0.0276054441929, 0.00469081941992, 0.00189997197594, 0.0028058628086, 0.001031271182, 0.00109498901293, 0.00126859976444, 0.00106363929808, 0.000447015831014, 0.000932335329708, 0.000401214841986, 0.000345010397723, 0.000266434246441, 0.000309662864311, 0.000194999069208, 0.000169478968019, 0.00016107330157, 0.000126422950416, 0.000160481315106, 0.000156598427566, 0.000157510992722, 0.000182740783202, 0.000168713639141, 0.000134675501613, 5.62548666494e-05, 3.87704267268e-06],
        "stdev": [0.000609065871686, 0.0485646352172, 0.0164631232619, 0.00761062838137, 0.00934569723904, 0.00169619149528, 0.00175868952647, 0.00205886014737, 0.00188692728989, 0.00131493469235, 0.00333725172095, 0.000579558836762, 0.000588020775467, 0.000457076122984, 0.000856029975694, 0.000279661006061, 0.000350885296939, 0.000218444969505, 0.000169434424606, 0.000207885255804, 0.000234263774473, 0.00022865991923, 0.000347274210071, 0.000354417221388, 0.000238624154008, 9.64384889812e-05, 7.73965712142e-06]
    },
    "erbbands": {
        "mean": [0.818648457527, 6.05550670624, 6.67648172379, 5.83271551132, 8.60584354401, 9.78351593018, 6.68918180466, 9.9523191452, 12.4525785446, 22.6481380463, 26.8503742218, 25.2333965302, 13.3148841858, 39.6241569519, 18.0896644592, 14.4043235779, 16.4612560272, 12.4789123535, 16.0028381348, 13.7268199921, 10.8391008377, 9.70381355286, 9.31034564972, 6.78419733047, 7.0465259552, 7.05614471436, 6.31243133545, 6.39211511612, 5.85903024673, 5.32139968872, 4.83311271667, 3.82516908646, 2.75265455246, 1.70390498638, 0.838487684727, 0.309535861015, 0.0879618823528, 0.0169501509517, 0.000415940827224, 6.53616443742e-05],
        "stdev": [1.46949601173, 10.9918832779, 18.3813781738, 20.597076416, 33.4456214905, 29.516500473, 14.0775852203, 16.3079147339, 20.6619300842, 31.2942333221, 43.1812019348, 46.822883606, 31.5452003479, 140.09487915, 32.8891143799, 21.1354064941, 26.219379425, 17.4318523407, 30.2311992645, 28.9132213593, 16.3209342957, 18.3729324341, 13.6436901093, 8.85035514832, 9.27429294586, 9.34020805359, 9.64740276337, 9.34682941437, 8.65283298492, 9.1155834198, 9.14735412598, 9.97463512421, 4.67348384857, 3.1317949295, 1.42007505894, 0.546138644218, 0.153345346451, 0.0280900951475, 0.00067461328581, 6.5234657086e-05]
    },
    "gfcc": {
        "mean": [-36.9809570312, 63.2328262329, -110.877502441, 15.3958425522, -65.8908843994, 16.5139980316, -36.5255851746, 15.0399503708, -19.6547546387, 10.774725914, -12.4272012711, 2.04620337486, -12.8892326355],
        "cov": [[27319.7988281, 112.228874207, 194.181213379, 2086.92456055, 130.164398193, 1311.42272949, -128.316467285, 529.73638916, -205.063446045, 692.041503906, -357.286315918, 491.249603271, -272.88092041], [112.228874207, 2102.2331543, 821.297851562, 302.536743164, 886.968078613, 244.429550171, 441.231445312, 106.44153595, 187.77545166, -121.414459229, 236.620132446, -88.6502914429, 140.001586914], [194.181213379, 821.297851562, 1931.22521973, 1083.94042969, 886.323120117, 589.018554688, 442.185241699, 194.087173462, 172.470901489, 52.7814292908, 167.635360718, 136.230209351, 143.777770996], [2086.92456055, 302.536743164, 1083.94042969, 1086.63195801, 556.923339844, 501.715270996, 271.752868652, 160.058181763, 141.939865112, 108.014785767, 28.3248443604, 128.16607666, 44.8806877136], [130.164398193, 886.968078613, 886.323120117, 556.923339844, 898.020751953, 400.56060791, 469.072418213, 203.031951904, 207.755249023, 46.4849815369, 148.256713867, 8.98971366882, 90.0490264893], [1311.42272949, 244.429550171, 589.018554688, 501.715270996, 400.56060791, 476.319000244, 314.964508057, 189.876068115, 142.258483887, 122.314682007, 73.2335357666, 66.6809005737, 53.2503013611], [-128.316467285, 441.231445312, 442.185241699, 271.752868652, 469.072418213, 314.964508057, 472.772979736, 203.511505127, 202.324890137, 109.877723694, 144.227081299, 27.3212013245, 76.4540786743], [529.73638916, 106.44153595, 194.087173462, 160.058181763, 203.031951904, 189.876068115, 203.511505127, 217.367904663, 131.848953247, 94.8440551758, 79.0929336548, 33.5274543762, 40.0571327209], [-205.063446045, 187.77545166, 172.470901489, 141.939865112, 207.755249023, 142.258483887, 202.324890137, 131.848953247, 227.804122925, 95.3112564087, 102.140869141, 26.3862037659, 33.4159431458], [692.041503906, -121.414459229, 52.7814292908, 108.014785767, 46.4849815369, 122.314682007, 109.877723694, 94.8440551758, 95.3112564087, 180.649612427, 67.4059753418, 74.3630065918, 14.8609876633], [-357.286315918, 236.620132446, 167.635360718, 28.3248443604, 148.256713867, 73.2335357666, 144.227081299, 79.0929336548, 102.140869141, 67.4059753418, 189.910980225, 67.3068008423, 78.0285568237], [491.249603271, -88.6502914429, 136.230209351, 128.16607666, 8.98971366882, 66.6809005737, 27.3212013245, 33.5274543762, 26.3862037659, 74.3630065918, 67.3068008423, 141.781204224, 49.9397773743], [-272.88092041, 140.001586914, 143.777770996, 44.8806877136, 90.0490264893, 53.2503013611, 76.4540786743, 40.0571327209, 33.4159431458, 14.8609876633, 78.0285568237, 49.9397773743, 118.937614441]],
        "icov": [[0.000106607352791, -0.000219246998313, 0.000213366147364, -0.00025099364575, 7.77040841058e-05, -0.000322367297485, 0.000294560159091, -0.000384084967664, 0.000430344225606, -0.000440720352344, 0.000265190959908, -0.000378760363674, 0.000284177687718], [-0.000219246998313, 0.00162649375852, -0.000460162642412, 0.000525290844962, -0.00113978760783, 0.000656636431813, -0.000690144486725, 0.00125817628577, -0.00107995746657, 0.00198881933466, -0.0018147038063, 0.00169173046015, -0.000935550371651], [0.000213366147364, -0.000460162642412, 0.00218514679, -0.00179480970837, -0.000569994095713, -0.00105324084871, 0.000582893728279, -0.000489560770802, 0.00129293650389, -3.44297732227e-05, -0.000444901874289, -0.00102391827386, 0.00012307857105], [-0.00025099364575, 0.000525290844962, -0.00179480970837, 0.00421715620905, -0.00105534889735, -0.00121485372074, 0.000343749328749, 0.00112062122207, -0.00204042438418, 0.000598574872129, 0.00173622719012, -0.00136210664641, 6.0046557337e-05], [7.77040841058e-05, -0.00113978760783, -0.000569994095713, -0.00105534889735, 0.00481680035591, -0.00027639104519, -0.00219478132203, -0.000853220757563, 0.000127668885398, 1.47162709254e-05, 0.000105131723103, 0.000762478099205, 0.000355433730874], [-0.000322367297485, 0.000656636431813, -0.00105324084871, -0.00121485372074, -0.00027639104519, 0.00839566066861, -0.0035500805825, -0.00107299000956, -0.000347431167029, -0.00051378988428, 0.000212430939428, 0.00130493391771, -0.00121260411106], [0.000294560159091, -0.000690144486725, 0.000582893728279, 0.000343749328749, -0.00219478132203, -0.0035500805825, 0.00872125383466, -0.00252284691669, -0.000664799532387, -0.00250931130722, -0.000356887758244, 6.14152377238e-05, -0.000142799151945], [-0.000384084967664, 0.00125817628577, -0.000489560770802, 0.00112062122207, -0.000853220757563, -0.00107299000956, -0.00252284691669, 0.0116434618831, -0.00406290078536, 0.000277196697425, -0.00167312962003, 0.00197244412266, -0.00199029315263], [0.000430344225606, -0.00107995746657, 0.00129293650389, -0.00204042438418, 0.000127668885398, -0.000347431167029, -0.000664799532387, -0.00406290078536, 0.0113066872582, -0.00424370029941, -0.0017822800437, -1.75318302809e-06, 0.0018437061226], [-0.000440720352344, 0.00198881933466, -3.44297732227e-05, 0.000598574872129, 1.47162709254e-05, -0.00051378988428, -0.00250931130722, 0.000277196697425, -0.00424370029941, 0.0145491762087, -0.00386242312379, -0.00249406858347, 0.00115763244685], [0.000265190959908, -0.0018147038063, -0.000444901874289, 0.00173622719012, 0.000105131723103, 0.000212430939428, -0.000356887758244, -0.00167312962003, -0.0017822800437, -0.00386242312379, 0.0147038288414, -0.00651581166312, -0.00268179411069], [-0.000378760363674, 0.00169173046015, -0.00102391827386, -0.00136210664641, 0.000762478099205, 0.00130493391771, 6.14152377238e-05, 0.00197244412266, -1.75318302809e-06, -0.00249406858347, -0.00651581166312, 0.016819037497, -0.0054491055198], [0.000284177687718, -0.000935550371651, 0.00012307857105, 6.0046557337e-05, 0.000355433730874, -0.00121260411106, -0.000142799151945, -0.00199029315263, 0.0018437061226, 0.00115763244685, -0.00268179411069, -0.0054491055198, 0.0144101874903]]
    },
    "melbands": {
        "mean": [0.00774013390765, 0.00515637220815, 0.00112466211431, 0.000694349757396, 0.000269612646662, 0.00021211852436, 0.000207452496397, 0.000268486939603, 0.000212995888432, 0.000155235044076, 5.91702264501e-05, 0.000152308464749, 7.89121477283e-05, 4.5140459406e-05, 3.17475496558e-05, 3.91326539102e-05, 2.13345720113e-05, 2.49798049481e-05, 2.74056292255e-05, 1.39616649903e-05, 1.19122569231e-05, 1.01973582787e-05, 9.30149872147e-06, 6.682516414e-06, 5.38301219422e-06, 4.70026043331e-06, 5.65458276469e-06, 4.52102995041e-06, 3.96097357225e-06, 3.83129599868e-06, 3.52966981154e-06, 3.53886684934e-06, 2.70681834991e-06, 3.16503201248e-06, 2.83004146695e-06, 2.66734127763e-06, 2.18511672756e-06, 2.02485352929e-06, 1.64091522947e-06, 1.36399512485e-06],
        "stdev": [0.0136638879776, 0.00997644569725, 0.00381127069704, 0.00244066701271, 0.000580786669161, 0.000345454755006, 0.000335804768838, 0.000382321799407, 0.000365193089237, 0.000302753353026, 0.000166023397469, 0.000524609233253, 0.000219906520215, 6.15970639046e-05, 6.56768170302e-05, 7.18964511179e-05, 3.40377227985e-05, 4.65396333311e-05, 8.5637846496e-05, 2.1409634428e-05, 2.11395381484e-05, 2.10420930671e-05, 1.49041661643e-05, 9.05081378733e-06, 7.57825728215e-06, 6.41069891572e-06, 8.10437177279e-06, 6.25434267931e-06, 6.01855663263e-06, 6.00681596552e-06, 5.30021725353e-06, 5.57199155082e-06, 3.97235953642e-06, 6.0539568949e-06, 5.32485046278e-06, 6.04165552431e-06, 6.37265929981e-06, 3.46831575371e-06, 2.99020803141e-06, 2.59004582404e-06]
    },
    "melbands128": {
        "mean": [0.000322369771311, 0.00550860306248, 0.012599863112, 0.00897178612649, 0.00418071635067, 0.00206348649226, 0.00111018295866, 0.000971126079094, 0.000871341966558, 0.000738032336812, 0.000641804654151, 0.000296792888548, 0.000202981042094, 0.000186268356629, 0.000269218231551, 0.000178562986548, 0.000142133387271, 0.000209824473131, 0.000348471978214, 0.00019509010599, 0.000320564140566, 0.000254251237493, 0.000199180125492, 0.000191488637938, 0.000157357542776, 0.000178650181624, 4.68800753879e-05, 4.24657555413e-05, 7.70826081862e-05, 5.58500978514e-05, 0.00027636095183, 0.000170892424649, 2.12605282286e-05, 4.32169872511e-05, 6.49129869998e-05, 3.70481247955e-05, 2.90991829388e-05, 4.41236297775e-05, 1.57247141033e-05, 4.28064704465e-05, 5.73391225771e-05, 1.50070800373e-05, 1.62291871675e-05, 2.38425018324e-05, 3.68233304471e-05, 1.84751679626e-05, 1.72515356098e-05, 4.98271947436e-05, 1.72468207893e-05, 8.76142075867e-06, 1.84338568943e-05, 1.23923937281e-05, 1.2642949514e-05, 1.21710700114e-05, 9.67562573351e-06, 1.09505963337e-05, 9.69197481027e-06, 6.68753091304e-06, 1.16554947454e-05, 9.7581605587e-06, 5.50410959477e-06, 5.00993974129e-06, 5.3381422731e-06, 5.7065603869e-06, 5.45477769265e-06, 4.10692155128e-06, 4.19075286118e-06, 6.35979722574e-06, 6.45915724817e-06, 4.19981051891e-06, 4.06284289056e-06, 5.25498080606e-06, 4.13485986428e-06, 3.59010732609e-06, 3.89105707654e-06, 3.38145605383e-06, 4.17351566284e-06, 4.26931956099e-06, 3.10120481117e-06, 2.9279476621e-06, 4.46587182523e-06, 3.28211058331e-06, 2.67428549705e-06, 2.78828611044e-06, 2.60915180661e-06, 2.54697488344e-06, 3.91589537685e-06, 3.38336963068e-06, 2.68446137852e-06, 2.5167705644e-06, 2.49857816925e-06, 2.98710483548e-06, 2.28805720326e-06, 2.18252580453e-06, 2.0704067083e-06, 2.18755417336e-06, 2.07810762731e-06, 1.69182317222e-06, 1.65993060364e-06, 1.58462319177e-06, 1.54749341164e-06, 1.29041029595e-06, 1.24395819512e-06, 9.34951287945e-07, 9.54207280301e-07, 9.12046573376e-07, 7.64654657814e-07, 6.47183412639e-07, 4.68160379796e-07, 4.11997092442e-07, 4.10533118611e-07, 2.97074166156e-07, 2.49000521535e-07, 2.24338933208e-07, 2.07558656484e-07, 1.9028821896e-07, 1.50129451981e-07, 1.86881088382e-08, 6.59230656175e-12, 5.85361360078e-12, 5.68835646989e-12, 5.55173051628e-12, 5.42268487058e-12, 5.32667052827e-12, 5.23922702098e-12, 5.17871075884e-12, 5.13499008939e-12, 5.1005510579e-12],
        "stdev": [0.000597166130319, 0.0102484580129, 0.023432912305, 0.0174927227199, 0.0110015869141, 0.00734986970201, 0.00435639033094, 0.00385621422902, 0.00364314159378, 0.00285973446444, 0.0018876218237, 0.000745531986468, 0.000490050937515, 0.000445921090432, 0.000486681004986, 0.00038348682574, 0.000438119808678, 0.000384867249522, 0.000713085522875, 0.000352009024937, 0.000620948965661, 0.000567565381061, 0.00046971795382, 0.000543670903426, 0.000372298294678, 0.000434564077295, 0.000153104105266, 0.000209487392567, 0.000335597549565, 0.000195126296603, 0.0011346504325, 0.000678348354995, 3.96272771468e-05, 8.58420098666e-05, 0.000116893636005, 6.36871991446e-05, 7.18651426723e-05, 0.000123915699078, 4.50294210168e-05, 8.65162874106e-05, 0.000124177531688, 2.76187711279e-05, 3.2196250686e-05, 5.45386319573e-05, 8.0312260252e-05, 4.96103530168e-05, 7.14603811502e-05, 0.000193285042769, 5.36959632882e-05, 1.92064544535e-05, 3.51127127942e-05, 2.4565253625e-05, 2.3595202947e-05, 3.81421341444e-05, 2.62275952991e-05, 2.84608104266e-05, 2.51161345659e-05, 1.39078347274e-05, 2.23092229135e-05, 1.85576082004e-05, 9.87286875898e-06, 8.02636077424e-06, 1.13728801807e-05, 1.02826852526e-05, 9.26238499233e-06, 7.69411235524e-06, 6.85038094161e-06, 1.1361151337e-05, 1.06059051177e-05, 7.56257759349e-06, 7.50479875933e-06, 8.19703745947e-06, 6.89372336637e-06, 6.58127828501e-06, 8.78342780197e-06, 5.7130409914e-06, 7.33744582249e-06, 6.95694006936e-06, 5.25445693711e-06, 5.37484174856e-06, 7.81951985118e-06, 6.47125943942e-06, 4.46181320513e-06, 4.23009487349e-06, 4.78250376545e-06, 5.67089182368e-06, 9.19235935726e-06, 6.62505726723e-06, 5.457764928e-06, 5.46209957974e-06, 6.10891083852e-06, 7.0958226388e-06, 8.17455475044e-06, 8.22711172077e-06, 5.46943465451e-06, 4.30963336839e-06, 3.61602928933e-06, 2.89265767606e-06, 2.99090902445e-06, 4.00282578994e-06, 3.33564275934e-06, 2.45618457484e-06, 2.49493746196e-06, 1.88289470771e-06, 1.74233457528e-06, 1.6075584881e-06, 1.29647457925e-06, 1.20106312806e-06, 9.24439063965e-07, 9.00684881344e-07, 8.6334603111e-07, 5.8456998886e-07, 4.54127786043e-07, 3.75856899382e-07, 3.45432425775e-07, 3.11840977929e-07, 2.98459440273e-07, 4.31668425449e-08, 1.10709167528e-11, 1.03553832176e-11, 1.0083513885e-11, 9.85013372951e-12, 9.64212997639e-12, 9.47547162261e-12, 9.3268379131e-12, 9.21729706449e-12, 9.13756483673e-12, 9.08350044487e-12]
    },
    "mfcc": {
        "mean": [-674.836120605, 98.8084259033, 5.07974910736, 4.92105293274, -3.66935539246, -0.771054446697, -1.9071393013, -0.0895261466503, -1.22985768318, 6.07025718689, 1.82924544811, 5.83244371414, 3.06535720825],
        "cov": [[13238.7519531, 408.047729492, 745.882202148, 783.853210449, 599.699279785, 810.387634277, 261.720001221, 265.113708496, 308.886352539, 99.6538772583, 177.783248901, 34.6756591797, 86.1607513428], [408.047729492, 2123.79150391, 286.259979248, 357.684326172, 515.887573242, 247.732269287, 450.931518555, 290.277404785, 119.208206177, 243.542510986, 16.5867786407, 97.1498031616, 87.3928604126], [745.882202148, 286.259979248, 1222.86120605, 661.684143066, 576.201171875, 498.013824463, 344.061828613, 319.592926025, 192.713699341, 93.3149108887, 92.0979232788, 40.3707199097, 69.4861907959], [783.853210449, 357.684326172, 661.684143066, 680.891174316, 508.28616333, 439.022125244, 298.308349609, 275.322601318, 214.115997314, 105.870040894, 120.215362549, 66.9975509644, 73.1774597168], [599.699279785, 515.887573242, 576.201171875, 508.28616333, 596.309326172, 377.959594727, 323.054443359, 281.43145752, 188.700180054, 151.467681885, 79.7405548096, 67.1232833862, 68.6403198242], [810.387634277, 247.732269287, 498.013824463, 439.022125244, 377.959594727, 489.074920654, 298.418640137, 250.534164429, 225.921646118, 123.982574463, 157.898712158, 77.2703094482, 91.6126098633], [261.720001221, 450.931518555, 344.061828613, 298.308349609, 323.054443359, 298.418640137, 409.090515137, 247.465621948, 186.867279053, 186.330108643, 93.7297286987, 67.5658874512, 104.570739746], [265.113708496, 290.277404785, 319.592926025, 275.322601318, 281.43145752, 250.534164429, 247.465621948, 266.703857422, 177.347183228, 138.007141113, 105.038902283, 79.5477218628, 83.941696167], [308.886352539, 119.208206177, 192.713699341, 214.115997314, 188.700180054, 225.921646118, 186.867279053, 177.347183228, 232.187408447, 136.645492554, 130.045715332, 69.5299224854, 73.5831604004], [99.6538772583, 243.542510986, 93.3149108887, 105.870040894, 151.467681885, 123.982574463, 186.330108643, 138.007141113, 136.645492554, 214.085494995, 102.127662659, 76.1108322144, 79.900100708], [177.783248901, 16.5867786407, 92.0979232788, 120.215362549, 79.7405548096, 157.898712158, 93.7297286987, 105.038902283, 130.045715332, 102.127662659, 184.208221436, 101.337669373, 77.7644500732], [34.6756591797, 97.1498031616, 40.3707199097, 66.9975509644, 67.1232833862, 77.2703094482, 67.5658874512, 79.5477218628, 69.5299224854, 76.1108322144, 101.337669373, 131.859588623, 93.2320251465], [86.1607513428, 87.3928604126, 69.4861907959, 73.1774597168, 68.6403198242, 91.6126098633, 104.570739746, 83.941696167, 73.5831604004, 79.900100708, 77.7644500732, 93.2320251465, 143.089752197]],
        "icov": [[8.75075711519e-05, -1.53852506628e-05, 1.47074269989e-05, -3.88121225114e-05, -3.96419909521e-06, -0.000212682207348, 0.00011887121218, 5.79585430387e-05, -2.24754257943e-05, -3.86472420359e-05, 4.6204055252e-05, 6.81566016283e-05, -4.97711407661e-05], [-1.53852506628e-05, 0.000768474244978, 0.000226000367547, -0.0001124909395, -0.000486898119561, 0.000142823831993, -0.000695513212122, -0.000255037855823, 0.000590198324062, -0.00039911098429, 0.000479857699247, -0.000577438739128, 0.000322522188071], [1.47074269989e-05, 0.000226000367547, 0.00210991734639, -0.00111172732431, -0.000690392567776, -0.000791278784163, -0.000137201524922, -0.00100865855347, 0.00100124848541, 0.000216924803681, 0.000195992965018, 0.000571722572204, -0.000188207588508], [-3.88121225114e-05, -0.0001124909395, -0.00111172732431, 0.00618608947843, -0.00304985884577, -0.00155783863738, 0.000123471167171, -4.91932660225e-05, -0.00129516946618, 0.00180717254989, -0.000949831563048, 0.000117433359264, -3.60249614459e-05], [-3.96419909521e-06, -0.000486898119561, -0.000690392567776, -0.00304985884577, 0.00739075988531, -0.00148418254685, -0.000157062604558, -0.00200613145716, 0.000450917956186, -0.00216726842336, 0.00290061719716, -0.00167686480563, 0.00138578901533], [-0.000212682207348, 0.000142823831993, -0.000791278784163, -0.00155783863738, -0.00148418254685, 0.0093017462641, -0.00302020437084, -5.30416691618e-05, -0.00241523422301, 0.00279112881981, -0.00454774033278, 0.00141569506377, -0.000550751166884], [0.00011887121218, -0.000695513212122, -0.000137201524922, 0.000123471167171, -0.000157062604558, -0.00302020437084, 0.00928502064198, -0.00333063979633, -0.000335160759278, -0.00390778668225, 0.00201956531964, 0.00240489351563, -0.00277603254654], [5.79585430387e-05, -0.000255037855823, -0.00100865855347, -4.91932660225e-05, -0.00200613145716, -5.30416691618e-05, -0.00333063979633, 0.0147815924138, -0.00490864692256, -0.000231752899708, -0.000188756763237, -0.00273950141855, -6.40338257654e-05], [-2.24754257943e-05, 0.000590198324062, 0.00100124848541, -0.00129516946618, 0.000450917956186, -0.00241523422301, -0.000335160759278, -0.00490864692256, 0.014236018993, -0.00385917630047, -0.00377536937594, 0.00192228599917, -8.27959083836e-05], [-3.86472420359e-05, -0.00039911098429, 0.000216924803681, 0.00180717254989, -0.00216726842336, 0.00279112881981, -0.00390778668225, -0.000231752899708, -0.00385917630047, 0.0125968735665, -0.00416251178831, -0.000342557061231, -0.00108214118518], [4.6204055252e-05, 0.000479857699247, 0.000195992965018, -0.000949831563048, 0.00290061719716, -0.00454774033278, 0.00201956531964, -0.000188756763237, -0.00377536937594, -0.00416251178831, 0.0171877928078, -0.00938600301743, 0.00126510916743], [6.81566016283e-05, -0.000577438739128, 0.000571722572204, 0.000117433359264, -0.00167686480563, 0.00141569506377, 0.00240489351563, -0.00273950141855, 0.00192228599917, -0.000342557061231, -0.00938600301743, 0.0217916835099, -0.010173403658], [-4.97711407661e-05, 0.000322522188071, -0.000188207588508, -3.60249614459e-05, 0.00138578901533, -0.000550751166884, -0.00277603254654, -6.40338257654e-05, -8.27959083836e-05, -0.00108214118518, 0.00126510916743, -0.010173403658, 0.0152734899893]]
    },
    "spectral_contrast_coeffs": {
        "mean": [-0.689548254013, -0.732395529747, -0.754123032093, -0.796623647213, -0.805876910686, -0.794351160526],
        "stdev": [0.113162778318, 0.0863234996796, 0.0793696343899, 0.0589766837656, 0.044944088906, 0.0376099534333]
    },
    "spectral_contrast_valleys": {
        "mean": [-7.89874982834, -7.1719326973, -7.96649885178, -8.16538715363, -8.12417602539, -10.2249565125],
        "stdev": [2.70444154739, 2.25950741768, 2.23500370979, 2.27543711662, 2.28552746773, 2.22737360001]
    }
},
"rhythm": {
    "beats_count": 508,
    "beats_loudness": {
        "mean": 0.130821689963,
        "stdev": 0.0566226989031
    },
    "bpm": 137.926925659,
    "bpm_histogram_first_peak_bpm": 140,
    "bpm_histogram_first_peak_weight": 0.48421049118,
    "bpm_histogram_second_peak_bpm": 129,
    "bpm_histogram_second_peak_spread": 0.41379314661,
    "bpm_histogram_second_peak_weight": 0.0335305705667,
    "danceability": 1.65470397472,
    "onset_rate": 5.94856023788,
    "beats_loudness_band_ratio": {
        "mean": [0.788959801197, 0.0380133800209, 0.0972695872188, 0.0327437669039, 0.018619498238, 0.0228693857789],
        "stdev": [0.339698284864, 0.0915268659592, 0.200382992625, 0.0565079450607, 0.0366540029645, 0.0755885541439]
    },
    "beats_position": [0.441179126501, 0.893968224525, 1.34675729275, 1.78793644905, 2.21750569344, 2.6470746994, 3.08825397491, 3.52943301201, 3.95900225639, 4.38857126236, 4.82975053787, 5.27092981339, 5.70049858093, 6.13006782532, 6.57124710083, 7.01242637634, 7.44199514389, 7.87156438828, 8.31274318695, 8.74231243134, 9.17188167572, 9.61306095123, 10.0542402267, 10.4838094711, 10.9133787155, 11.354557991, 11.7957363129, 12.2253055573, 12.6548748016, 13.0960540771, 13.5256233215, 13.9551925659, 14.3963718414, 14.8259410858, 15.2555103302, 15.696688652, 16.1378688812, 16.5674381256, 16.99700737, 17.4381847382, 17.8793640137, 18.3089332581, 18.7385025024, 19.179681778, 19.6208610535, 20.0504302979, 20.4799995422, 20.9211788177, 21.3507480621, 21.7803173065, 22.221496582, 22.6626758575, 23.0922451019, 23.5218143463, 23.9629936218, 24.3925609589, 24.8221302032, 25.2633094788, 25.7044887543, 26.1340579987, 26.563627243, 27.0048065186, 27.4343757629, 27.8639450073, 28.3051242828, 28.7463035583, 29.1758728027, 29.6054420471, 30.0466213226, 30.4878005981, 30.9173698425, 31.3469390869, 31.7881164551, 32.2176856995, 32.6472549438, 33.0884361267, 33.5296134949, 33.9591827393, 34.3887519836, 34.8299331665, 35.2594985962, 35.6890678406, 36.1302490234, 36.5714263916, 37.000995636, 37.4305648804, 37.8717460632, 38.3129234314, 38.7424926758, 39.1720619202, 39.613243103, 40.0544204712, 40.4839897156, 40.91355896, 41.3547401428, 41.7843093872, 42.2138786316, 42.6550559998, 43.0962333679, 43.5374145508, 43.9553718567, 44.3965530396, 44.8377304077, 45.2672996521, 45.6968688965, 46.1380500793, 46.5792274475, 47.0087966919, 47.4383659363, 47.8795471191, 48.3091163635, 48.7386856079, 49.1798629761, 49.6210403442, 50.0506095886, 50.480178833, 50.9213600159, 51.362537384, 51.7921066284, 52.2216758728, 52.6628570557, 53.0924263, 53.5219955444, 53.9631729126, 54.4043540955, 54.8339233398, 55.2634925842, 55.7046699524, 56.1342391968, 56.5638084412, 57.0049858093, 57.4461669922, 57.8757362366, 58.305305481, 58.7464828491, 59.187664032, 59.6172332764, 60.0468025208, 60.4879798889, 60.9175491333, 61.3471183777, 61.7882995605, 62.2294769287, 62.6590461731, 63.0886154175, 63.5297966003, 63.9709739685, 64.4005432129, 64.8301086426, 65.2712936401, 65.7008590698, 66.1304321289, 66.5716094971, 67.0127868652, 67.4423599243, 67.871925354, 68.3131027222, 68.7542877197, 69.1838531494, 69.6134262085, 70.0546035767, 70.4841690063, 70.9137420654, 71.3549194336, 71.7844848633, 72.2140579224, 72.6552352905, 73.0964126587, 73.5259857178, 73.9555511475, 74.396736145, 74.8379135132, 75.2674789429, 75.697052002, 76.1382293701, 76.5678024292, 76.9973678589, 77.4385452271, 77.8681182861, 78.3092956543, 78.738861084, 79.1800460815, 79.6212234497, 80.0507888794, 80.4803619385, 80.9215393066, 81.3511123657, 81.7806777954, 82.2218551636, 82.6630401611, 83.0926055908, 83.5221786499, 83.9633560181, 84.4045333862, 84.8341064453, 85.263671875, 85.7048492432, 86.1344223022, 86.5639877319, 87.0051651001, 87.4463500977, 87.8759155273, 88.3054885864, 88.7466659546, 89.1878433228, 89.6174163818, 90.0469818115, 90.4881591797, 90.9177322388, 91.3472976685, 91.788482666, 92.2296600342, 92.6592254639, 93.0887985229, 93.5299758911, 93.9711532593, 94.4007263184, 94.830291748, 95.2714691162, 95.7010421753, 96.130607605, 96.5717926025, 97.0129699707, 97.4425354004, 97.8721084595, 98.3132858276, 98.7776870728, 99.2420806885, 99.7064819336, 100.147659302, 100.588844299, 101.030021667, 101.471199036, 101.912376404, 102.36516571, 102.829566956, 103.293968201, 103.758361816, 104.234375, 104.698776245, 105.139953613, 105.581130981, 106.02230835, 106.463493347, 106.904670715, 107.334236145, 107.763809204, 108.204986572, 108.64616394, 109.087341309, 109.528526306, 109.981315613, 110.445709229, 110.898498535, 111.339683533, 111.780860901, 112.222038269, 112.663215637, 113.092788696, 113.522354126, 113.963539124, 114.404716492, 114.834281921, 115.26385498, 115.705032349, 116.134597778, 116.564170837, 117.005348206, 117.446525574, 117.876098633, 118.305664062, 118.74684906, 119.188026428, 119.617591858, 120.047164917, 120.488342285, 120.917915344, 121.347480774, 121.788658142, 122.22983551, 122.659408569, 123.088973999, 123.530158997, 123.959724426, 124.389297485, 124.830474854, 125.271652222, 125.701225281, 126.13079071, 126.571968079, 127.013153076, 127.442718506, 127.872291565, 128.313461304, 128.754638672, 129.18421936, 129.61378479, 130.054962158, 130.484527588, 130.914108276, 131.355285645, 131.796463013, 132.226028442, 132.655593872, 133.09677124, 133.526351929, 133.955917358, 134.397094727, 134.838272095, 135.267837524, 135.697418213, 136.138595581, 136.579772949, 137.009338379, 137.438903809, 137.880081177, 138.321273804, 138.750839233, 139.180404663, 139.621582031, 140.051147461, 140.480728149, 140.921905518, 141.351470947, 141.781036377, 142.222213745, 142.663391113, 143.092971802, 143.522537231, 143.9637146, 144.404891968, 144.834457397, 145.264038086, 145.705215454, 146.134780884, 146.564346313, 147.005523682, 147.446716309, 147.876281738, 148.305847168, 148.747024536, 149.188201904, 149.617782593, 150.047348022, 150.488525391, 150.91809082, 151.34765625, 151.788833618, 152.230026245, 152.659591675, 153.089157104, 153.530334473, 153.971511841, 154.401092529, 154.830657959, 155.260223389, 155.689788818, 156.130966187, 156.572158813, 157.001724243, 157.431289673, 157.872467041, 158.313644409, 158.754821777, 159.184402466, 159.613967896, 160.055145264, 160.484710693, 160.914276123, 161.35546875, 161.78503418, 162.214599609, 162.655776978, 163.096954346, 163.526535034, 163.956100464, 164.397277832, 164.8384552, 165.26802063, 165.69758606, 166.138778687, 166.579956055, 167.009521484, 167.439086914, 167.880264282, 168.32144165, 168.7394104, 169.180587769, 169.621765137, 170.051330566, 170.480911255, 170.922088623, 171.351654053, 171.781219482, 172.222396851, 172.663574219, 173.093154907, 173.522720337, 173.963897705, 174.393463135, 174.823028564, 175.252609253, 175.682174683, 176.111740112, 176.541305542, 176.982498169, 177.423675537, 177.864852905, 178.306030273, 178.735595703, 179.165161133, 179.606338501, 180.047531128, 180.488708496, 180.918273926, 181.347839355, 181.789016724, 182.230194092, 182.65977478, 183.08934021, 183.530517578, 183.960083008, 184.389663696, 184.830841064, 185.272018433, 185.701583862, 186.131149292, 186.57232666, 187.013504028, 187.443084717, 187.872650146, 188.313827515, 188.755004883, 189.184570312, 189.614151001, 190.055328369, 190.484893799, 190.914459229, 191.355636597, 191.796829224, 192.226394653, 192.655960083, 193.097137451, 193.526702881, 193.956283569, 194.397460938, 194.838638306, 195.268203735, 195.697769165, 196.138946533, 196.568527222, 196.998092651, 197.43927002, 197.880447388, 198.321624756, 198.751205444, 199.180770874, 199.610336304, 200.039901733, 200.481079102, 200.92225647, 201.351837158, 201.781402588, 202.222579956, 202.663757324, 203.093322754, 203.522903442, 203.964080811, 204.405258179, 204.834823608, 205.264389038, 205.705581665, 206.135147095, 206.564712524, 207.005889893, 207.447067261, 207.87663269, 208.306213379, 208.747390747, 209.188568115, 209.618133545, 210.059310913, 210.488891602, 210.93006897, 211.371246338, 211.800811768, 212.241989136, 212.683166504, 213.124343872, 213.565536499, 214.018310547, 214.471099854, 214.92388916, 215.376678467, 215.829467773, 216.293869019, 216.758270264, 217.222671509, 217.687072754, 218.151473999, 218.615875244, 219.08026123, 219.556274414, 220.020675659, 220.485076904, 220.984298706, 221.495147705, 222.005981445],
    "bpm_histogram": [0, 0, 0, 0, 0, 0, 0, 0, 0, 0, 0, 0, 0, 0, 0, 0, 0, 0, 0, 0, 0, 0, 0, 0, 0, 0, 0, 0, 0, 0, 0, 0, 0, 0, 0, 0, 0, 0, 0, 0, 0, 0, 0, 0, 0, 0, 0, 0, 0, 0, 0, 0, 0, 0, 0, 0, 0, 0, 0, 0, 0, 0, 0, 0, 0, 0, 0, 0, 0, 0, 0, 0, 0, 0, 0, 0, 0, 0, 0, 0, 0, 0, 0, 0, 0, 0, 0, 0, 0, 0, 0, 0, 0, 0, 0, 0, 0, 0, 0, 0, 0, 0, 0, 0, 0, 0, 0, 0, 0, 0, 0, 0, 0, 0, 0, 0, 0, 0.00394477322698, 0, 0, 0.00197238661349, 0, 0, 0, 0, 0, 0.00394477322698, 0, 0, 0.0335305705667, 0, 0, 0, 0.0197238661349, 0, 0, 0.449704140425, 0, 0, 0, 0.483234703541, 0, 0, 0, 0.00394477322698, 0, 0, 0, 0, 0, 0, 0, 0, 0, 0, 0, 0, 0, 0, 0, 0, 0, 0, 0, 0, 0, 0, 0, 0, 0, 0, 0, 0, 0, 0, 0, 0, 0, 0, 0, 0, 0, 0, 0, 0, 0, 0, 0, 0, 0, 0, 0, 0, 0, 0, 0, 0, 0, 0, 0, 0, 0, 0, 0, 0, 0, 0, 0, 0, 0, 0, 0, 0, 0, 0, 0, 0, 0, 0, 0, 0, 0, 0, 0, 0, 0, 0, 0, 0, 0, 0, 0, 0, 0, 0, 0, 0, 0, 0, 0, 0, 0, 0, 0, 0, 0, 0, 0, 0, 0]
},
"tonal": {
    "chords_changes_rate": 0.0508969537914,
    "chords_number_rate": 0.00208594067954,
    "chords_strength": {
        "mean": 0.570986628532,
        "stdev": 0.159358009696
    },
    "hpcp_crest": {
        "mean": 14.0465984344,
        "stdev": 6.39171791077
    },
    "hpcp_entropy": {
        "mean": 1.85630857944,
        "stdev": 0.715862095356
    },
    "key_edma": {
        "strength": 0.664835095406,
        "key": "A#",
        "scale": "minor"
    },
    "key_krumhansl": {
        "strength": 0.684005260468,
        "key": "A#",
        "scale": "minor"
    },
    "key_temperley": {
        "strength": 0.697306275368,
        "key": "A#",
        "scale": "minor"
    },
    "tuning_diatonic_strength": 0.626982212067,
    "tuning_equal_tempered_deviation": 0.191689476371,
    "tuning_frequency": 434.193115234,
    "tuning_nontempered_energy_ratio": 0.885355710983,
    "hpcp": {
        "mean": [0.0396233685315, 0.0436827093363, 0.123945392668, 0.435412377119, 0.485770881176, 0.194163143635, 0.073986813426, 0.055360108614, 0.0619147792459, 0.120210252702, 0.119316004217, 0.0728967711329, 0.12038295716, 0.116578437388, 0.0548786185682, 0.0507347360253, 0.0486971214414, 0.0498819202185, 0.102111674845, 0.106519132853, 0.0510659143329, 0.0267200898379, 0.0234092734754, 0.0735037624836, 0.229813098907, 0.220398664474, 0.0822262987494, 0.0841421410441, 0.0794584304094, 0.0435910746455, 0.0390719100833, 0.0446536019444, 0.0565728284419, 0.0818011090159, 0.07849393785, 0.050488717854],
        "stdev": [0.128004834056, 0.142190650105, 0.209997102618, 0.390750735998, 0.409585744143, 0.254550755024, 0.195904642344, 0.172258004546, 0.16693931818, 0.243167251348, 0.235907718539, 0.148115247488, 0.22854539752, 0.217572167516, 0.140217959881, 0.131572291255, 0.125407099724, 0.135477930307, 0.218579739332, 0.222870647907, 0.130365654826, 0.0897490978241, 0.0850433632731, 0.144295409322, 0.325106680393, 0.302077233791, 0.166591063142, 0.219835728407, 0.210490271449, 0.132950291038, 0.127355203032, 0.143017739058, 0.154473274946, 0.184795618057, 0.185760676861, 0.140532255173]
    },
    "chords_histogram": [42.4071769714, 2.00250315666, 4.06758451462, 7.05047988892, 4.40133523941, 5.67375898361, 2.9828953743, 12.4322071075, 0, 0.396328747272, 0, 0, 0, 0, 0, 0, 0, 0.521485209465, 0, 0, 0.0625782236457, 0, 8.67751312256, 9.32415485382],
    "thpcp": [1, 0.399701088667, 0.152308046818, 0.113963417709, 0.127456754446, 0.24746286869, 0.245621979237, 0.150064095855, 0.247818395495, 0.239986464381, 0.112972229719, 0.104441702366, 0.100247099996, 0.102686107159, 0.210205420852, 0.219278544188, 0.105123460293, 0.0550055392087, 0.0481899492443, 0.151313647628, 0.473089486361, 0.453709095716, 0.169269710779, 0.173213630915, 0.163571819663, 0.0897358730435, 0.0804327949882, 0.0919231772423, 0.116459898651, 0.168394431472, 0.161586344242, 0.10393524915, 0.081568017602, 0.0899245142937, 0.255151957273, 0.896332800388],
    "chords_key": "A#",
    "chords_scale": "minor"
}
}