{
"metadata": {
    "version": {
        "essentia": "2.1-dev",
        "essentia_git_sha": "v2.1_beta3-415-gd5473f3",
        "extractor": "music 2.0"
    },
    "audio_properties": {
        "analysis": {
            "equal_loudness": 0,
            "length": 242.938781738,
            "sample_rate": 44100,
            "start_time": 0,
            "downmix": "mix"
        },
        "bit_rate": 192000,
        "length": 242.938781738,
        "lossless": 0,
        "number_channels": 2,
        "replay_gain": -10.1744670868,
        "sample_rate": 44100,
        "codec": "mp3",
        "md5_encoded": "2f21135238ee1f711325ddda33b63e61"
    },
    "tags": {
        "file_name": "am_i_losing_you.mp3",
        "album": ["Anual. El álbum dance del año. Dance. ( Cd. 1 )"],
        "artist": ["Various Artists"],
        "genre": ["Other"],
        "title": ["Am I losing you-"]
    }
},
"lowlevel": {
    "average_loudness": 0.923478186131,
    "barkbands_crest": {
        "mean": 13.3987197876,
        "stdev": 6.13972091675
    },
    "barkbands_flatness_db": {
        "mean": 0.168862491846,
        "stdev": 0.0901969224215
    },
    "barkbands_kurtosis": {
        "mean": 13.1212396622,
        "stdev": 40.9912109375
    },
    "barkbands_skewness": {
        "mean": 2.18720626831,
        "stdev": 2.45191192627
    },
    "barkbands_spread": {
        "mean": 30.8593482971,
        "stdev": 28.0524158478
    },
    "dissonance": {
        "mean": 0.4602201581,
        "stdev": 0.0346867404878
    },
    "dynamic_complexity": 3.41625237465,
    "erbbands_crest": {
        "mean": 9.38507556915,
        "stdev": 5.41903591156
    },
    "erbbands_flatness_db": {
        "mean": 0.154165878892,
        "stdev": 0.073307402432
    },
    "erbbands_kurtosis": {
        "mean": 1.35376298428,
        "stdev": 5.16319513321
    },
    "erbbands_skewness": {
        "mean": 0.311984479427,
        "stdev": 1.14645457268
    },
    "erbbands_spread": {
        "mean": 48.9636116028,
        "stdev": 27.250837326
    },
    "hfc": {
        "mean": 43.7386169434,
        "stdev": 62.6272850037
    },
    "loudness_ebu128": {
        "integrated": -11.8639717102,
        "loudness_range": 6.09275054932,
        "momentary": {
            "mean": -12.9127292633,
            "stdev": 4.8979511261
        },
        "short_term": {
            "mean": -12.3612794876,
            "stdev": 2.25784492493
        }
    },
    "melbands_crest": {
        "mean": 17.7638931274,
        "stdev": 6.96998071671
    },
    "melbands_flatness_db": {
        "mean": 0.232646584511,
        "stdev": 0.109761223197
    },
    "melbands_kurtosis": {
        "mean": 31.4493618011,
        "stdev": 51.9616165161
    },
    "melbands_skewness": {
        "mean": 3.81102275848,
        "stdev": 2.72584247589
    },
    "melbands_spread": {
        "mean": 27.0991344452,
        "stdev": 30.446521759
    },
    "pitch_salience": {
        "mean": 0.464738070965,
        "stdev": 0.172105133533
    },
    "silence_rate_20dB": {
        "mean": 1,
        "stdev": 0
    },
    "silence_rate_30dB": {
        "mean": 0.992068052292,
        "stdev": 0.0886999815702
    },
    "silence_rate_60dB": {
        "mean": 0.035168197006,
        "stdev": 0.184202536941
    },
    "spectral_centroid": {
        "mean": 1511.94177246,
        "stdev": 985.464477539
    },
    "spectral_complexity": {
        "mean": 17.1217498779,
        "stdev": 10.3327236176
    },
    "spectral_decrease": {
        "mean": -9.51447010067e-09,
        "stdev": 7.9048305679e-09
    },
    "spectral_energy": {
        "mean": 0.0398769639432,
        "stdev": 0.0304918158799
    },
    "spectral_energyband_high": {
        "mean": 0.00350942462683,
        "stdev": 0.00603267922997
    },
    "spectral_energyband_low": {
        "mean": 0.021415092051,
        "stdev": 0.0267553180456
    },
    "spectral_energyband_middle_high": {
        "mean": 0.00435950048268,
        "stdev": 0.0059920065105
    },
    "spectral_energyband_middle_low": {
        "mean": 0.0122661897913,
        "stdev": 0.0166004113853
    },
    "spectral_entropy": {
        "mean": 7.64712810516,
        "stdev": 0.728426039219
    },
    "spectral_flux": {
        "mean": 0.106906339526,
        "stdev": 0.0738230496645
    },
    "spectral_kurtosis": {
        "mean": 4.5519361496,
        "stdev": 7.69136333466
    },
    "spectral_rms": {
        "mean": 0.00569356093183,
        "stdev": 0.00254711834714
    },
    "spectral_rolloff": {
        "mean": 2684.77416992,
        "stdev": 3677.80078125
    },
    "spectral_skewness": {
        "mean": 1.47197532654,
        "stdev": 0.843631386757
    },
    "spectral_spread": {
        "mean": 6252715.5,
        "stdev": 3172717
    },
    "spectral_strongpeak": {
        "mean": 0.799970149994,
        "stdev": 1.08214485645
    },
    "zerocrossingrate": {
        "mean": 0.0865387991071,
        "stdev": 0.0850723907351
    },
    "barkbands": {
        "mean": [0.000351499358658, 0.01623320207, 0.00343190785497, 0.00250699557364, 0.00272357859649, 0.00368177099153, 0.00174814532511, 0.000466392113594, 0.000643846695311, 0.000998569885269, 0.000442676362582, 0.00103873282205, 0.000261455308646, 0.000416334340116, 0.000373755057808, 0.000193597501493, 0.000244470575126, 0.000248322699917, 0.000207178367418, 0.00030852254713, 0.000300321378745, 0.000330182811012, 0.00057039730018, 0.000643592444248, 0.000938073557336, 0.000529492506757, 4.39801515313e-05],
        "stdev": [0.000929949164856, 0.0237437989563, 0.0103000104427, 0.00793987140059, 0.0069212121889, 0.00782321486622, 0.00424408074468, 0.00146927533206, 0.00128112838138, 0.00197560060769, 0.0010604619747, 0.00345834135078, 0.000849580275826, 0.000853375298902, 0.000986302387901, 0.000388965650927, 0.000515489373356, 0.000394013855839, 0.000297869293718, 0.000415906280978, 0.000441090465756, 0.000483268959215, 0.000933213799726, 0.00105128972791, 0.00204000389203, 0.00152550474741, 0.000259824184468]
    },
    "erbbands": {
        "mean": [0.464118152857, 3.58888578415, 4.63695240021, 6.89755821228, 8.13045883179, 9.10171985626, 21.4989528656, 28.5575809479, 33.3378067017, 12.598033905, 8.37759590149, 15.5090713501, 33.2508888245, 21.0279808044, 20.4959774017, 43.3029060364, 15.7210044861, 20.5863819122, 21.0154361725, 14.8173084259, 11.6761245728, 13.3956365585, 13.8273410797, 11.6035137177, 11.9126644135, 13.9574165344, 13.5713100433, 11.0137090683, 12.3374290466, 12.9777193069, 15.9705915451, 12.2072572708, 12.3629150391, 10.8464727402, 6.4095864296, 2.64244747162, 0.897498250008, 0.173097401857, 0.0040809744969, 0.000170703468029],
        "stdev": [0.847244083881, 5.07989883423, 10.2412176132, 20.0947208405, 25.0322399139, 23.2083263397, 53.725818634, 59.64635849, 79.4062042236, 31.7208709717, 19.2766036987, 31.1267566681, 63.9525413513, 40.0372123718, 58.8961601257, 155.622619629, 40.9060783386, 42.653968811, 52.1106948853, 28.9708881378, 20.6701335907, 25.6381664276, 24.4714889526, 16.7080478668, 17.0016174316, 18.6737823486, 20.0163078308, 17.4163093567, 18.1156272888, 19.5159873962, 26.9613323212, 19.832654953, 20.9590034485, 21.6287879944, 15.3864297867, 6.85176897049, 2.91943216324, 0.822725236416, 0.0193740315735, 0.000459139118902]
    },
    "gfcc": {
        "mean": [-7.20088911057, 75.1009521484, -99.428894043, 35.1510620117, -56.0673484802, 24.6993808746, -32.5919418335, 12.051700592, -21.9072227478, 2.5547015667, -11.5657234192, 2.11934185028, -4.16554927826],
        "cov": [[13834.8203125, -3518.77709961, 2113.91113281, 600.833740234, -1337.09179688, 842.729125977, -1131.08447266, 472.531066895, -662.456115723, 1027.6229248, -181.374084473, 638.520080566, -370.359588623], [-3518.77709961, 3781.62329102, -744.483154297, -144.597183228, 472.909881592, -610.815612793, 468.025482178, -536.414733887, 383.351135254, -519.811584473, 390.527740479, -387.603088379, 196.999038696], [2113.91113281, -744.483154297, 1674.39013672, 76.3145523071, -211.242095947, 310.647857666, -300.739532471, 128.098236084, -234.397994995, 393.58493042, -23.9352149963, 246.71546936, -163.89276123], [600.833740234, -144.597183228, 76.3145523071, 772.914428711, 83.8103485107, 110.432449341, 117.139122009, 58.3549041748, 155.319885254, -43.4721183777, -11.7584075928, -27.320684433, 51.4675827026], [-1337.09179688, 472.909881592, -211.242095947, 83.8103485107, 732.826477051, 7.89623260498, 352.481567383, 74.5314712524, 125.616722107, -90.0193862915, -9.49107933044, -50.9347953796, 51.2308120728], [842.729125977, -610.815612793, 310.647857666, 110.432449341, 7.89623260498, 435.361236572, 37.5721855164, 141.315093994, -46.0388183594, 157.000259399, -19.0672607422, 89.3367538452, -25.2891311646], [-1131.08447266, 468.025482178, -300.739532471, 117.139122009, 352.481567383, 37.5721855164, 438.349700928, 18.3305091858, 165.792633057, -115.004013062, 32.3295402527, -79.2535095215, 54.8585243225], [472.531066895, -536.414733887, 128.098236084, 58.3549041748, 74.5314712524, 141.315093994, 18.3305091858, 261.655944824, -4.92250442505, 118.676559448, -47.078956604, 73.121383667, -4.16296625137], [-662.456115723, 383.351135254, -234.397994995, 155.319885254, 125.616722107, -46.0388183594, 165.792633057, -4.92250442505, 255.538894653, -55.9307098389, 70.1596908569, -67.7105407715, 48.0864486694], [1027.6229248, -519.811584473, 393.58493042, -43.4721183777, -90.0193862915, 157.000259399, -115.004013062, 118.676559448, -55.9307098389, 301.392120361, 32.5434036255, 138.859664917, -58.5160446167], [-181.374084473, 390.527740479, -23.9352149963, -11.7584075928, -9.49107933044, -19.0672607422, 32.3295402527, -47.078956604, 70.1596908569, 32.5434036255, 191.465057373, 20.6937789917, 59.8632316589], [638.520080566, -387.603088379, 246.71546936, -27.320684433, -50.9347953796, 89.3367538452, -79.2535095215, 73.121383667, -67.7105407715, 138.859664917, 20.6937789917, 182.070648193, 12.2970724106], [-370.359588623, 196.999038696, -163.89276123, 51.4675827026, 51.2308120728, -25.2891311646, 54.8585243225, -4.16296625137, 48.0864486694, -58.5160446167, 59.8632316589, 12.2970724106, 133.479293823]],
        "icov": [[0.000160606345162, -3.63749786629e-05, 3.2335807191e-05, -0.000242993613938, 0.000175410561496, -0.000116911294754, 0.00017640592705, -0.000126455182908, 0.000246725045145, -0.000268257892458, 4.92705294164e-05, -0.000213622450246, 0.000257889769273], [-3.63749786629e-05, 0.00106333266012, -0.000389294989873, 0.000402772129746, -0.000514297338668, 0.000732199929189, -0.000482473813463, 0.00108277343679, -0.000470199272968, 0.000770876707975, -0.00175674643833, 0.00130593159702, -0.000560502754524], [3.2335807191e-05, -0.000389294989873, 0.00131385051645, -0.000569642696064, 7.11841857992e-05, -0.000586738286074, 0.000567276205402, -0.000219741559704, 0.000817921711132, -0.00101230863947, 0.000333261472406, -0.00121732451953, 0.0013428889215], [-0.000242993613938, 0.000402772129746, -0.000569642696064, 0.00229453248903, -0.000323852640577, -0.000133897876367, -0.000393926427932, 0.000359685014701, -0.00197882205248, 0.00120857125148, 9.85040514934e-06, 0.000922648468986, -0.00142750726081], [0.000175410561496, -0.000514297338668, 7.11841857992e-05, -0.000323852640577, 0.002789510414, -6.32684241282e-05, -0.00159986771178, -0.00126922607888, 0.000408856838476, -0.000528713979293, 0.00128863076679, -0.000829131226055, 0.000112713059934], [-0.000116911294754, 0.000732199929189, -0.000586738286074, -0.000133897876367, -6.32684241282e-05, 0.00434061512351, -0.00190553814173, -0.000194523949176, 0.000626209657639, -0.000844583846629, -0.000943397404626, 0.000876642414369, -0.000703592202626], [0.00017640592705, -0.000482473813463, 0.000567276205402, -0.000393926427932, -0.00159986771178, -0.00190553814173, 0.0058423881419, -0.000742504838854, -0.00148384599015, 0.000919760961551, -8.4318977315e-05, -0.000449030281743, 0.00089562748326], [-0.000126455182908, 0.00108277343679, -0.000219741559704, 0.000359685014701, -0.00126922607888, -0.000194523949176, -0.000742504838854, 0.00772670097649, -0.00133764103521, -0.0019931839779, 0.00110416556709, 0.000466260476969, -0.00229103653692], [0.000246725045145, -0.000470199272968, 0.000817921711132, -0.00197882205248, 0.000408856838476, 0.000626209657639, -0.00148384599015, -0.00133764103521, 0.00835825130343, -0.00194493005984, -0.00184952560812, 0.00119292677846, 0.00053151731845], [-0.000268257892458, 0.000770876707975, -0.00101230863947, 0.00120857125148, -0.000528713979293, -0.000844583846629, 0.000919760961551, -0.0019931839779, -0.00194493005984, 0.0107485204935, -0.00459686014801, -0.00305052730255, 0.00376708898693], [4.92705294164e-05, -0.00175674643833, 0.000333261472406, 9.85040514934e-06, 0.00128863076679, -0.000943397404626, -8.4318977315e-05, 0.00110416556709, -0.00184952560812, -0.00459686014801, 0.0121230501682, -0.00230628857389, -0.00404282193631], [-0.000213622450246, 0.00130593159702, -0.00121732451953, 0.000922648468986, -0.000829131226055, 0.000876642414369, -0.000449030281743, 0.000466260476969, 0.00119292677846, -0.00305052730255, -0.00230628857389, 0.0131777003407, -0.00563394092023], [0.000257889769273, -0.000560502754524, 0.0013428889215, -0.00142750726081, 0.000112713059934, -0.000703592202626, 0.00089562748326, -0.00229103653692, 0.00053151731845, 0.00376708898693, -0.00404282193631, -0.00563394092023, 0.0144099229947]]
    },
    "melbands": {
        "mean": [0.00443887151778, 0.00334046129137, 0.00123392837122, 0.000601801322773, 0.000667362473905, 0.000690351822414, 0.000449804443633, 0.000120742457511, 6.73418253427e-05, 0.000101635749161, 0.000166358120623, 8.5360443336e-05, 5.90212766838e-05, 0.000101827710751, 8.07608666946e-05, 2.58670261246e-05, 4.0998460463e-05, 3.33652897098e-05, 2.7473184673e-05, 1.46635229612e-05, 1.41524187711e-05, 1.59206010721e-05, 1.04944238046e-05, 1.15655702757e-05, 9.37554432312e-06, 6.6333363975e-06, 1.08846898002e-05, 8.79780964169e-06, 8.41587552713e-06, 7.61775072533e-06, 6.02853151577e-06, 7.41601206755e-06, 5.74651176066e-06, 8.06092793937e-06, 9.41709367908e-06, 8.77048933035e-06, 6.89543958288e-06, 8.57152463141e-06, 8.87669557414e-06, 9.38163429964e-06],
        "stdev": [0.00703662354499, 0.00496950512752, 0.00345941842534, 0.00173139595427, 0.00149007770233, 0.00136818632018, 0.00105660094414, 0.000351400609361, 0.000156095644343, 0.000209902500501, 0.000327902409481, 0.000175073349965, 0.000154073088197, 0.000338857382303, 0.000295367120998, 8.95577250049e-05, 9.01987586985e-05, 8.05436284281e-05, 6.77029238432e-05, 3.23242675222e-05, 2.89813433483e-05, 3.54409785359e-05, 1.76199046109e-05, 1.94859512703e-05, 1.47110204125e-05, 9.82379424386e-06, 1.59259325301e-05, 1.25012174976e-05, 1.38590185088e-05, 1.11411100079e-05, 1.11637245936e-05, 1.12609177449e-05, 8.8850110842e-06, 1.25263013615e-05, 1.66004629136e-05, 1.45997719301e-05, 1.14460381155e-05, 1.48804247146e-05, 1.53993860295e-05, 2.02994633582e-05]
    },
    "melbands128": {
        "mean": [0.000299311068375, 0.00318977492861, 0.00687523931265, 0.00562448473647, 0.00280344486237, 0.00161705701612, 0.00145724124741, 0.00113953859545, 0.000794783816673, 0.000597865146119, 0.000468248850666, 0.000456799869426, 0.00075925339479, 0.000967908999883, 0.000584116263781, 0.000583979650401, 0.000828499090858, 0.000384121463867, 0.000124313912238, 0.000123845078633, 0.000156283305841, 4.98625777254e-05, 6.25595712336e-05, 7.23335033399e-05, 9.59763274295e-05, 0.000110759967356, 0.000114104535896, 0.000233795071836, 0.000153014960233, 6.56239353702e-05, 8.77979327925e-05, 6.49409848847e-05, 3.34696451318e-05, 7.675717643e-05, 7.88231409388e-05, 9.44756684476e-05, 0.000179885464604, 8.74296965776e-05, 1.99339156097e-05, 2.10573307413e-05, 3.5793724237e-05, 1.89478960237e-05, 4.06329563702e-05, 5.69799085497e-05, 3.11112889904e-05, 2.9495518902e-05, 3.4193846659e-05, 3.39761754731e-05, 2.18116783799e-05, 1.42099343066e-05, 1.64667089848e-05, 1.21345146908e-05, 9.47686839936e-06, 1.44634768731e-05, 2.51421206485e-05, 1.67043235706e-05, 8.95327048056e-06, 5.96060499447e-06, 1.13051282824e-05, 1.86949710042e-05, 9.63818911259e-06, 7.98262954049e-06, 1.25322976601e-05, 9.28601912165e-06, 5.71827877138e-06, 4.70347367809e-06, 8.78604532772e-06, 9.83725385595e-06, 1.30095995701e-05, 9.82152323559e-06, 8.41084420244e-06, 8.27261010272e-06, 8.5580504674e-06, 8.22896890895e-06, 8.38245341583e-06, 9.34895251703e-06, 6.09124208495e-06, 5.63740195503e-06, 5.85740326642e-06, 6.35556079942e-06, 8.39106178319e-06, 7.62882973504e-06, 5.89261799178e-06, 5.52076744498e-06, 5.38419681106e-06, 6.67463382342e-06, 9.39893470786e-06, 1.03840920929e-05, 9.32732018555e-06, 8.85591816768e-06, 8.56492715684e-06, 1.04079690573e-05, 6.31565080766e-06, 6.2299009187e-06, 7.03480009179e-06, 8.95369885257e-06, 8.38704545458e-06, 8.96121400729e-06, 8.4311077444e-06, 9.50759749685e-06, 8.97913832887e-06, 9.33893534238e-06, 1.01034775071e-05, 7.66656921769e-06, 7.65395452618e-06, 6.69310702506e-06, 5.05853768118e-06, 4.51844152849e-06, 4.72447482025e-06, 3.83408450944e-06, 4.58049726149e-06, 2.98968257084e-06, 3.06762740365e-06, 1.90199261851e-06, 1.66000074842e-06, 2.01653506338e-06, 1.72187219505e-06, 1.93994836195e-07, 9.33876673909e-12, 6.591795252e-12, 6.1735998258e-12, 5.89315141825e-12, 5.67344999106e-12, 5.51202833377e-12, 5.38440732972e-12, 5.29242058164e-12, 5.22809746883e-12, 5.18206137723e-12],
        "stdev": [0.000804669049103, 0.00684300344437, 0.0114981215447, 0.00808901526034, 0.00574800325558, 0.00508934026584, 0.00454851286486, 0.003723627422, 0.00273836008273, 0.00217568455264, 0.00147437455598, 0.00107340677641, 0.00221920129843, 0.00300757726654, 0.00162069988437, 0.00163722189609, 0.00220523192547, 0.00117142265663, 0.000362341612345, 0.00039650866529, 0.000628536043223, 0.000177577981958, 0.000197532033781, 0.000204557945835, 0.000257330597378, 0.000320744671626, 0.000304805202177, 0.00054200302111, 0.000439686962636, 0.000232805294218, 0.000218868590309, 0.000166385492776, 0.000135315887746, 0.000330105191097, 0.000420664087869, 0.000469371472718, 0.000832886551507, 0.000394018163206, 9.24124324229e-05, 7.24734782125e-05, 0.000177853828063, 7.27384031052e-05, 0.00010507083789, 0.000143379234942, 8.19934430183e-05, 0.000107628635305, 0.000148000370245, 0.000127836756292, 5.7317509345e-05, 4.56272937299e-05, 4.81563147332e-05, 3.39224970958e-05, 2.58687159658e-05, 3.79405355488e-05, 7.71806007833e-05, 4.22296216129e-05, 2.0701192625e-05, 1.38386321851e-05, 2.16853404709e-05, 4.79848458781e-05, 1.92394782061e-05, 1.43888819366e-05, 2.3809607228e-05, 1.8676286345e-05, 1.15621214718e-05, 8.48019863042e-06, 1.75648656295e-05, 1.75391251105e-05, 2.17961733142e-05, 1.75036293513e-05, 1.45208350659e-05, 1.46031388795e-05, 2.06029126275e-05, 1.75298828253e-05, 1.38270752359e-05, 1.54440822371e-05, 1.03100337583e-05, 9.80165168585e-06, 1.35231839522e-05, 1.36593916977e-05, 1.49226498252e-05, 1.19251326396e-05, 9.67409050645e-06, 9.85502992989e-06, 9.89051022771e-06, 1.06620100269e-05, 1.57333724928e-05, 2.01441162062e-05, 1.78271984623e-05, 1.62458818522e-05, 1.60153231263e-05, 1.92732095456e-05, 1.09969159894e-05, 1.09449911179e-05, 1.23020809042e-05, 1.73204389284e-05, 1.54310382641e-05, 1.68324022525e-05, 1.48881626956e-05, 1.78287318704e-05, 1.84887267096e-05, 2.13946186705e-05, 2.55674294749e-05, 1.91233411897e-05, 2.09679110412e-05, 1.58546008606e-05, 1.3507343283e-05, 1.20074273582e-05, 1.29342761284e-05, 1.01154710137e-05, 1.31683364089e-05, 9.39227174968e-06, 1.31420156322e-05, 7.40273935662e-06, 6.5963013185e-06, 1.03550910353e-05, 9.8994369182e-06, 1.17188221793e-06, 1.81400588994e-11, 1.06230900812e-11, 9.74846505603e-12, 9.26282314739e-12, 8.93077105324e-12, 8.68963668382e-12, 8.5024183874e-12, 8.36578722962e-12, 8.26910154933e-12, 8.20896475795e-12]
    },
    "mfcc": {
        "mean": [-653.324279785, 103.226051331, 19.0463695526, 17.895324707, 8.41453742981, 9.43780422211, 6.59394931793, 7.51472330093, 2.24130249023, 5.13025379181, -2.96112942696, -1.74936449528, -2.58244252205],
        "cov": [[9871.25878906, -2318.10302734, 1569.52124023, -131.380722046, 6.41575145721, 106.735603333, -62.6737670898, -418.03024292, -191.672821045, -124.889518738, 1.4087240696, 201.921157837, 426.973144531], [-2318.10302734, 3078.03027344, -413.891815186, 133.820968628, -68.0279464722, -14.2036457062, -12.1521682739, -44.7991867065, -194.426345825, -65.6062774658, -56.9316940308, 92.8873291016, -28.2130565643], [1569.52124023, -413.891815186, 1263.60668945, -23.0529937744, 43.9636383057, 97.3499755859, 13.670879364, -152.642059326, -117.179847717, -88.4897079468, 47.5016174316, 135.399810791, 165.236968994], [-131.380722046, 133.820968628, -23.0529937744, 592.5703125, 116.260597229, 115.396156311, -2.48615574837, 139.726577759, 103.675079346, 89.6993789673, 43.3177337646, -13.110956192, -65.3176116943], [6.41575145721, -68.0279464722, 43.9636383057, 116.260597229, 302.595123291, 56.5495910645, 100.130706787, 67.5228042603, 87.7403182983, 50.366985321, 37.7962799072, -5.33574724197, 2.04630255699], [106.735603333, -14.2036457062, 97.3499755859, 115.396156311, 56.5495910645, 291.950073242, 100.118263245, 94.6107330322, 50.2138710022, 63.4999809265, 59.8100738525, 30.861366272, 14.0858221054], [-62.6737670898, -12.1521682739, 13.670879364, -2.48615574837, 100.130706787, 100.118263245, 249.298049927, 95.2002868652, 72.3626556396, 57.1047744751, 27.9471740723, 1.24822950363, 26.4673786163], [-418.03024292, -44.7991867065, -152.642059326, 139.726577759, 67.5228042603, 94.6107330322, 95.2002868652, 234.064041138, 135.398361206, 89.1204452515, 27.7245025635, -40.7285003662, -51.1206436157], [-191.672821045, -194.426345825, -117.179847717, 103.675079346, 87.7403182983, 50.2138710022, 72.3626556396, 135.398361206, 184.1300354, 103.815872192, 47.2327651978, -29.7989616394, -41.4965667725], [-124.889518738, -65.6062774658, -88.4897079468, 89.6993789673, 50.366985321, 63.4999809265, 57.1047744751, 89.1204452515, 103.815872192, 143.677947998, 72.1959533691, 9.93348693848, -23.4271793365], [1.4087240696, -56.9316940308, 47.5016174316, 43.3177337646, 37.7962799072, 59.8100738525, 27.9471740723, 27.7245025635, 47.2327651978, 72.1959533691, 128.526626587, 60.9789009094, 6.05964756012], [201.921157837, 92.8873291016, 135.399810791, -13.110956192, -5.33574724197, 30.861366272, 1.24822950363, -40.7285003662, -29.7989616394, 9.93348693848, 60.9789009094, 154.767913818, 75.5114593506], [426.973144531, -28.2130565643, 165.236968994, -65.3176116943, 2.04630255699, 14.0858221054, 26.4673786163, -51.1206436157, -41.4965667725, -23.4271793365, 6.05964756012, 75.5114593506, 161.107025146]],
        "icov": [[0.00016938126646, 0.000125564925838, -0.000103776255855, -7.65019576647e-05, 3.94371863877e-06, -7.90233680164e-05, -2.72560259873e-06, 0.000251122197369, 7.55122237024e-05, -0.000109247674118, 0.000173303546035, -5.99965060246e-05, -0.000239336703089], [0.000125564925838, 0.000525987707078, 0.000151014959556, -0.000266810093308, -2.42813621298e-05, -5.77186146984e-05, -0.00023188306659, 0.000120295691886, 0.000824827642646, -4.97352666571e-05, 0.000319052196573, -0.000573113036808, 3.97342446377e-05], [-0.000103776255855, 0.000151014959556, 0.00128935312387, -0.000215734806261, -0.000229741810472, -0.000406062812544, -0.000230499645113, 0.000421966367867, 0.000452780193882, 0.000918142788578, -0.000561503577046, -0.000466976227472, -0.000408083782531], [-7.65019576647e-05, -0.000266810093308, -0.000215734806261, 0.00254347082227, -0.00080134178279, -0.000632085371763, 0.0012550461106, -0.00119058554992, -0.00046469210065, -0.000759035814553, 0.000180075265234, 1.13558462544e-05, 0.000647803070024], [3.94371863877e-06, -2.42813621298e-05, -0.000229741810472, -0.00080134178279, 0.00454895710573, 0.000184180215001, -0.0015829160111, 0.000526564952452, -0.0018463061424, 0.000574939360376, -0.000693951908033, 0.000456197507447, -0.000330382201355], [-7.90233680164e-05, -5.77186146984e-05, -0.000406062812544, -0.000632085371763, 0.000184180215001, 0.00515524903312, -0.00143212103285, -0.00184595445171, 0.00102296739351, -0.000680217985064, -0.00126921874471, -0.00026276850258, -0.000108529609861], [-2.72560259873e-06, -0.00023188306659, -0.000230499645113, 0.0012550461106, -0.0015829160111, -0.00143212103285, 0.00659898435697, -0.00196807458997, -0.000789209734648, -0.00117627123836, 0.000409946020227, 0.000619911239482, -0.00153171946295], [0.000251122197369, 0.000120295691886, 0.000421966367867, -0.00119058554992, 0.000526564952452, -0.00184595445171, -0.00196807458997, 0.0103139746934, -0.0049054119736, -0.000641632184852, 0.000999911571853, 0.000726871483494, 0.000455698696896], [7.55122237024e-05, 0.000824827642646, 0.000452780193882, -0.00046469210065, -0.0018463061424, 0.00102296739351, -0.000789209734648, -0.0049054119736, 0.0153633933514, -0.00595885980874, -0.00113254471216, 0.00097344891401, 0.000475677254144], [-0.000109247674118, -4.97352666571e-05, 0.000918142788578, -0.000759035814553, 0.000574939360376, -0.000680217985064, -0.00117627123836, -0.000641632184852, -0.00595885980874, 0.0164568386972, -0.00633879844099, -0.000632696726825, 0.000466410623631], [0.000173303546035, 0.000319052196573, -0.000561503577046, 0.000180075265234, -0.000693951908033, -0.00126921874471, 0.000409946020227, 0.000999911571853, -0.00113254471216, -0.00633879844099, 0.0153496712446, -0.00610324833542, 0.00168501259759], [-5.99965060246e-05, -0.000573113036808, -0.000466976227472, 1.13558462544e-05, 0.000456197507447, -0.00026276850258, 0.000619911239482, 0.000726871483494, 0.00097344891401, -0.000632696726825, -0.00610324833542, 0.0125174671412, -0.00479052122682], [-0.000239336703089, 3.97342446377e-05, -0.000408083782531, 0.000647803070024, -0.000330382201355, -0.000108529609861, -0.00153171946295, 0.000455698696896, 0.000475677254144, 0.000466410623631, 0.00168501259759, -0.00479052122682, 0.0103117180988]]
    },
    "spectral_contrast_coeffs": {
        "mean": [-0.706796050072, -0.741344094276, -0.734257519245, -0.782133996487, -0.786288917065, -0.78324919939],
        "stdev": [0.104813657701, 0.0911683738232, 0.0817731842399, 0.059114895761, 0.0517292805016, 0.0509731918573]
    },
    "spectral_contrast_valleys": {
        "mean": [-6.85807657242, -7.19808149338, -7.68539810181, -8.00639152527, -7.85834312439, -9.95690822601],
        "stdev": [1.30991005898, 1.294495821, 1.2042453289, 1.13924741745, 1.25952231884, 1.94091880322]
    }
},
"rhythm": {
    "beats_count": 562,
    "beats_loudness": {
        "mean": 0.0433167666197,
        "stdev": 0.0244804974645
    },
    "bpm": 139.68586731,
    "bpm_histogram_first_peak_bpm": 140,
    "bpm_histogram_first_peak_weight": 0.322265684605,
    "bpm_histogram_second_peak_bpm": 133,
    "bpm_histogram_second_peak_spread": 0.476190447807,
    "bpm_histogram_second_peak_weight": 0.0196078438312,
    "danceability": 1.26207387447,
    "onset_rate": 3.9720044136,
    "beats_loudness_band_ratio": {
        "mean": [0.399706095457, 0.19077667594, 0.113995984197, 0.0793819576502, 0.0384683683515, 0.220386579633],
        "stdev": [0.267630815506, 0.217552125454, 0.13146096468, 0.104933775961, 0.0441877804697, 0.191222697496]
    },
    "beats_position": [0.429569154978, 0.870748281479, 1.31192743778, 1.74149656296, 2.18267560005, 2.62385487556, 3.05342388153, 3.48299312592, 3.9125623703, 4.35374164581, 4.79492044449, 5.23609972, 5.67727899551, 6.11845779419, 6.5596370697, 7.00081634521, 7.4303855896, 7.87156438828, 8.31274318695, 8.75392246246, 9.19510173798, 9.63628101349, 10.0890703201, 10.5186395645, 10.9482088089, 11.3661680222, 11.8886165619, 12.3994560242, 12.8986845016, 13.3746938705, 13.8507022858, 14.3267116547, 14.8027210236, 15.2903394699, 15.7779588699, 16.2655773163, 16.6951465607, 17.1363258362, 17.5775051117, 18.0186843872, 18.4598636627, 18.8894329071, 19.3190021515, 19.7369613647, 20.1665306091, 20.5960998535, 21.0256690979, 21.4552383423, 21.8848075867, 22.3143768311, 22.7439460754, 23.1735134125, 23.5914726257, 24.0210418701, 24.4506111145, 24.8685703278, 25.2981395721, 25.7393188477, 26.1572780609, 26.5868473053, 27.0164165497, 27.4459857941, 27.8639450073, 28.2935142517, 28.7230834961, 29.1526527405, 29.5822219849, 30.0117912292, 30.4413604736, 30.8593196869, 31.3004989624, 31.7184581757, 32.1480255127, 32.5775947571, 33.0071640015, 33.4367332458, 33.8663024902, 34.2958717346, 34.725440979, 35.1550102234, 35.572971344, 36.0141487122, 36.4321098328, 36.8732872009, 37.2912483215, 37.7324256897, 38.1503829956, 38.57995224, 39.0095214844, 39.4390907288, 39.8686599731, 40.2982292175, 40.7277984619, 41.1573677063, 41.5869369507, 42.0048980713, 42.4344673157, 42.8640365601, 43.3052139282, 43.7231750488, 44.1527442932, 44.5823135376, 45.011882782, 45.4414520264, 45.8594093323, 46.3005905151, 46.718547821, 47.1597251892, 47.5776863098, 48.018863678, 48.4368247986, 48.866394043, 49.2959632874, 49.7255325317, 50.1551017761, 50.5846710205, 51.0142402649, 51.4321975708, 51.8617668152, 52.2913360596, 52.720905304, 53.1504745483, 53.5916557312, 54.0096130371, 54.4391822815, 54.8687515259, 55.2983207703, 55.7278900146, 56.157459259, 56.5870285034, 57.0165977478, 57.4461669922, 57.8641242981, 58.2936935425, 58.7232627869, 59.1528320312, 59.5824012756, 60.01197052, 60.4415397644, 60.8711090088, 61.3006782532, 61.7186393738, 62.1482086182, 62.5893859863, 63.0305671692, 63.4717445374, 63.9013137817, 64.3192749023, 64.7372360229, 65.1551895142, 65.5499343872, 65.9562835693, 66.351020813, 66.7573699951, 67.1753311157, 67.5932846069, 68.0112457275, 68.4175949097, 68.8239440918, 69.2302932739, 69.6366424561, 70.0429916382, 70.4493408203, 70.844078064, 71.238822937, 71.6335601807, 72.0282974243, 72.423034668, 72.8642196655, 73.3053970337, 73.7349624634, 74.1645355225, 74.5941009521, 75.0236740112, 75.4532394409, 75.8828125, 76.3123779297, 76.7419509888, 77.15990448, 77.5894775391, 78.0190429688, 78.4370040894, 78.8665771484, 79.2961425781, 79.7373199463, 80.1552810669, 80.584854126, 81.0144195557, 81.4439926147, 81.8735580444, 82.3031311035, 82.7326965332, 83.1506576538, 83.591835022, 84.0097961426, 84.4393615723, 84.8689346313, 85.298500061, 85.7280731201, 86.1576385498, 86.5872116089, 87.0167770386, 87.4463500977, 87.8643035889, 88.2938766479, 88.7234420776, 89.1530151367, 89.5825805664, 90.0121536255, 90.4417190552, 90.8712921143, 91.3008575439, 91.730430603, 92.1599960327, 92.5779571533, 93.0075302124, 93.4370956421, 93.8782730103, 94.2962341309, 94.7257995605, 95.1553726196, 95.5849380493, 96.0145111084, 96.4440765381, 96.8736495972, 97.3032150269, 97.7327880859, 98.1507492065, 98.5919265747, 99.0098876953, 99.4510650635, 99.8690261841, 100.310203552, 100.728164673, 101.157730103, 101.587303162, 102.016868591, 102.44644165, 102.864395142, 103.305580139, 103.72353363, 104.164710999, 104.582672119, 105.035461426, 105.499862671, 105.964263916, 106.417053223, 106.881446838, 107.345848083, 107.787025452, 108.22820282, 108.657775879, 109.087341309, 109.516914368, 109.946479797, 110.376052856, 110.805618286, 111.235191345, 111.664756775, 112.082717896, 112.512290955, 112.953468323, 113.383033752, 113.800994873, 114.230567932, 114.660133362, 115.089706421, 115.519271851, 115.94884491, 116.378410339, 116.807983398, 117.237548828, 117.667114258, 118.108299255, 118.549476624, 119.00226593, 119.466667175, 119.942672729, 120.418685913, 120.859863281, 121.301040649, 121.730613708, 122.160179138, 122.589744568, 123.019317627, 123.437278748, 123.878456116, 124.296417236, 124.725982666, 125.155555725, 125.585121155, 126.014694214, 126.444259644, 126.873832703, 127.303398132, 127.732971191, 128.162536621, 128.592102051, 129.010070801, 129.451248169, 129.86920166, 130.310379028, 130.728347778, 131.157913208, 131.587478638, 132.017044067, 132.446624756, 132.876190186, 133.305755615, 133.735321045, 134.164901733, 134.582855225, 135.012420654, 135.441986084, 135.871566772, 136.301132202, 136.730697632, 137.160263062, 137.58984375, 138.01940918, 138.448974609, 138.878540039, 139.308120728, 139.737686157, 140.155639648, 140.585220337, 141.014785767, 141.455963135, 141.873916626, 142.303482056, 142.733062744, 143.162628174, 143.592193604, 144.021759033, 144.451339722, 144.869293213, 145.310470581, 145.728439331, 146.169616699, 146.58757019, 147.01713562, 147.446716309, 147.876281738, 148.305847168, 148.735412598, 149.164993286, 149.594558716, 150.024124146, 150.442077637, 150.871658325, 151.301223755, 151.742401123, 152.160354614, 152.589935303, 153.019500732, 153.449066162, 153.878631592, 154.30821228, 154.73777771, 155.16734314, 155.596908569, 156.026489258, 156.456054688, 156.885620117, 157.315185547, 157.744766235, 158.162719727, 158.592285156, 159.021850586, 159.451431274, 159.880996704, 160.310562134, 160.740127563, 161.169708252, 161.61088562, 162.04045105, 162.470016479, 162.899581909, 163.329162598, 163.758728027, 164.188293457, 164.617858887, 165.047439575, 165.488616943, 165.929794312, 166.37097168, 166.800537109, 167.230117798, 167.671295166, 168.112472534, 168.553649902, 168.994827271, 169.436004639, 169.877182007, 170.329971313, 170.78276062, 171.223937988, 171.653518677, 172.083084106, 172.512649536, 172.942214966, 173.371795654, 173.801361084, 174.230926514, 174.660491943, 175.090057373, 175.519638062, 175.949203491, 176.378768921, 176.808334351, 177.237915039, 177.667480469, 178.097045898, 178.515014648, 178.944580078, 179.374145508, 179.803710938, 180.221679688, 180.651245117, 181.092422485, 181.521987915, 181.951568604, 182.381134033, 182.810699463, 183.228652954, 183.658233643, 184.087799072, 184.517364502, 184.946929932, 185.37651062, 185.80607605, 186.235641479, 186.665206909, 187.094787598, 187.524353027, 187.942306519, 188.371871948, 188.801452637, 189.231018066, 189.660583496, 190.090148926, 190.519729614, 190.949295044, 191.378860474, 191.808425903, 192.238006592, 192.667572021, 193.097137451, 193.515090942, 193.944671631, 194.374237061, 194.80380249, 195.23336792, 195.662948608, 196.092514038, 196.533691406, 196.986480713, 197.450881958, 197.903671265, 198.356460571, 198.809249878, 199.273651123, 199.714828491, 200.156005859, 200.597183228, 201.015136719, 201.444717407, 201.874282837, 202.303848267, 202.733413696, 203.162994385, 203.592559814, 204.022125244, 204.451690674, 204.869659424, 205.310836792, 205.728790283, 206.169967651, 206.587936401, 207.017501831, 207.447067261, 207.87663269, 208.306213379, 208.735778809, 209.165344238, 209.583312988, 210.024490356, 210.442443848, 210.872009277, 211.301589966, 211.742767334, 212.160720825, 212.590286255, 213.019866943, 213.449432373, 213.878997803, 214.308563232, 214.738143921, 215.156097412, 215.59727478, 216.015228271, 216.44480896, 216.87437439, 217.303939819, 217.733505249, 218.163085938, 218.592651367, 219.022216797, 219.451782227, 219.869750977, 220.310928345, 220.728881836, 221.170059204, 221.588027954, 222.017593384, 222.447158813, 222.876724243, 223.306304932, 223.735870361, 224.165435791, 224.583404541, 225.012969971, 225.4425354, 225.87210083, 226.30166626, 226.731246948, 227.160812378, 227.590377808, 228.019943237, 228.449523926, 228.879089355, 229.297042847, 229.726623535, 230.156188965, 230.597366333, 231.015319824, 231.444900513, 231.874465942, 232.304031372, 232.733596802, 233.17477417, 233.639175415, 234.10357666, 234.567977905, 235.043991089, 235.496780396, 235.937957764, 236.379135132, 236.808700562, 237.238265991, 237.66784668, 238.097412109, 238.526977539, 238.956542969, 239.374511719, 239.804077148, 240.22203064, 240.651611328, 241.081176758, 241.510742188, 241.940307617, 242.369888306],
    "bpm_histogram": [0, 0, 0, 0, 0, 0, 0, 0, 0, 0, 0, 0, 0, 0, 0, 0, 0, 0, 0, 0, 0, 0, 0, 0, 0, 0, 0, 0, 0, 0, 0, 0, 0, 0, 0, 0, 0, 0, 0, 0, 0, 0, 0, 0, 0, 0, 0, 0, 0, 0, 0, 0, 0, 0, 0, 0, 0, 0, 0, 0, 0, 0, 0, 0, 0, 0, 0, 0, 0, 0, 0, 0, 0, 0, 0, 0, 0, 0, 0, 0, 0, 0, 0, 0, 0, 0, 0, 0, 0, 0, 0, 0, 0, 0, 0, 0, 0, 0, 0, 0, 0, 0, 0, 0, 0, 0, 0, 0, 0, 0, 0, 0, 0, 0, 0, 0.00178253115155, 0, 0.00178253115155, 0, 0, 0.00178253115155, 0, 0, 0.00534759368747, 0, 0, 0.0124777182937, 0, 0, 0.0178253110498, 0, 0, 0, 0.0196078438312, 0, 0, 0.149732619524, 0, 0, 0, 0.618538320065, 0, 0, 0, 0.144385024905, 0, 0, 0, 0.0142602492124, 0, 0, 0, 0.0124777182937, 0, 0, 0, 0, 0, 0, 0, 0, 0, 0, 0, 0, 0, 0, 0, 0, 0, 0, 0, 0, 0, 0, 0, 0, 0, 0, 0, 0, 0, 0, 0, 0, 0, 0, 0, 0, 0, 0, 0, 0, 0, 0, 0, 0, 0, 0, 0, 0, 0, 0, 0, 0, 0, 0, 0, 0, 0, 0, 0, 0, 0, 0, 0, 0, 0, 0, 0, 0, 0, 0, 0, 0, 0, 0, 0, 0, 0, 0, 0, 0, 0, 0, 0, 0, 0, 0, 0, 0, 0, 0, 0, 0, 0, 0, 0, 0, 0]
},
"tonal": {
    "chords_changes_rate": 0.0481559336185,
    "chords_number_rate": 0.00171985477209,
    "chords_strength": {
        "mean": 0.573294341564,
        "stdev": 0.099969625473
    },
    "hpcp_crest": {
        "mean": 13.9241714478,
        "stdev": 6.74162864685
    },
    "hpcp_entropy": {
        "mean": 1.97372913361,
        "stdev": 0.753440082073
    },
    "key_edma": {
        "strength": 0.784874975681,
        "key": "G#",
        "scale": "major"
    },
    "key_krumhansl": {
        "strength": 0.778886198997,
        "key": "G#",
        "scale": "major"
    },
    "key_temperley": {
        "strength": 0.764472663403,
        "key": "G#",
        "scale": "major"
    },
    "tuning_diatonic_strength": 0.66950237751,
    "tuning_equal_tempered_deviation": 0.0901368632913,
    "tuning_frequency": 438.731048584,
    "tuning_nontempered_energy_ratio": 0.745422780514,
    "hpcp": {
        "mean": [0.0719745382667, 0.0635502636433, 0.0694243907928, 0.0892281234264, 0.0815563872457, 0.0536695793271, 0.0448216535151, 0.0514178052545, 0.149933293462, 0.232491627336, 0.144957154989, 0.0587878711522, 0.0438007041812, 0.0398755073547, 0.0552771240473, 0.0780030190945, 0.106816448271, 0.220251515508, 0.287996560335, 0.174617618322, 0.070882499218, 0.043541803956, 0.0461045913398, 0.12018301338, 0.186961278319, 0.132917672396, 0.0593236275017, 0.0398431718349, 0.0453742556274, 0.101356357336, 0.162113949656, 0.143279820681, 0.112749069929, 0.137866377831, 0.129462391138, 0.0886492580175],
        "stdev": [0.190851807594, 0.177663639188, 0.175523772836, 0.189905330539, 0.182017445564, 0.152136743069, 0.147179409862, 0.153337731957, 0.253834038973, 0.37201410532, 0.238964408636, 0.166798308492, 0.142593368888, 0.136740520597, 0.154909938574, 0.178830459714, 0.218579828739, 0.307341039181, 0.392139166594, 0.265662312508, 0.178784385324, 0.13001486659, 0.129200577736, 0.216485485435, 0.32198292017, 0.233811825514, 0.149804010987, 0.127199366689, 0.129157751799, 0.189635783434, 0.262304157019, 0.234781771898, 0.20953668654, 0.26300033927, 0.262591272593, 0.212097480893]
    },
    "chords_histogram": [5.82839679718, 25.7404937744, 23.9059810638, 6.24880552292, 0.917255878448, 0.611503899097, 7.14695215225, 0.917255878448, 7.18517112732, 0.630613386631, 3.80278992653, 0.0382189936936, 0.0191094968468, 0, 0, 0, 0, 0.0764379873872, 0, 1.33766484261, 0, 0.114656984806, 0.0955474898219, 15.3831453323],
    "thpcp": [1, 0.606318414211, 0.246122732759, 0.151188626885, 0.160087302327, 0.417307108641, 0.649178862572, 0.461525201797, 0.205987274647, 0.138346001506, 0.157551378012, 0.351936012506, 0.562902390957, 0.497505307198, 0.391494512558, 0.478708416224, 0.449527561665, 0.307813614607, 0.249914571643, 0.220663279295, 0.241059795022, 0.309823572636, 0.283185273409, 0.186354935169, 0.155632600188, 0.178536176682, 0.520607948303, 0.807272255421, 0.503329455853, 0.204126983881, 0.152087599039, 0.138458281755, 0.19193674624, 0.270847052336, 0.370894879103, 0.764771342278],
    "chords_key": "C",
    "chords_scale": "minor"
}
}