{
"metadata": {
    "version": {
        "essentia": "2.1-dev",
        "essentia_git_sha": "v2.1_beta3-415-gd5473f3",
        "extractor": "music 2.0"
    },
    "audio_properties": {
        "analysis": {
            "equal_loudness": 0,
            "length": 208.404891968,
            "sample_rate": 44100,
            "start_time": 0,
            "downmix": "mix"
        },
        "bit_rate": 192000,
        "length": 208.404891968,
        "lossless": 0,
        "number_channels": 2,
        "replay_gain": -11.3160686493,
        "sample_rate": 44100,
        "codec": "mp3",
        "md5_encoded": "c551d5a78a4cb8ea6324fe13a9a6aa08"
    },
    "tags": {
        "file_name": "armin_van_buuren-the_sound_of_goodbye.mp3",
        "album": ["The original sessions. Vol V. Progressive"],
        "artist": ["Vaios"],
        "genre": ["Other"],
        "title": [" The sound of goodbye"]
    }
},
"lowlevel": {
    "average_loudness": 0.957609713078,
    "barkbands_crest": {
        "mean": 12.2010202408,
        "stdev": 6.46661901474
    },
    "barkbands_flatness_db": {
        "mean": 0.142121493816,
        "stdev": 0.0763286352158
    },
    "barkbands_kurtosis": {
        "mean": 15.6578912735,
        "stdev": 42.706993103
    },
    "barkbands_skewness": {
        "mean": 2.23999190331,
        "stdev": 3.04692578316
    },
    "barkbands_spread": {
        "mean": 29.2159862518,
        "stdev": 22.2482833862
    },
    "dissonance": {
        "mean": 0.475165933371,
        "stdev": 0.0230723116547
    },
    "dynamic_complexity": 2.35764765739,
    "erbbands_crest": {
        "mean": 8.33204078674,
        "stdev": 4.92898130417
    },
    "erbbands_flatness_db": {
        "mean": 0.126987010241,
        "stdev": 0.053409256041
    },
    "erbbands_kurtosis": {
        "mean": 0.546579182148,
        "stdev": 2.87371230125
    },
    "erbbands_skewness": {
        "mean": -0.141422972083,
        "stdev": 0.847694158554
    },
    "erbbands_spread": {
        "mean": 54.9411506653,
        "stdev": 28.9594745636
    },
    "hfc": {
        "mean": 47.3910865784,
        "stdev": 55.9500808716
    },
    "loudness_ebu128": {
        "integrated": -9.87459564209,
        "loudness_range": 2.99699497223,
        "momentary": {
            "mean": -12.9812383652,
            "stdev": 26.4987487793
        },
        "short_term": {
            "mean": -10.2901315689,
            "stdev": 1.8790024519
        }
    },
    "melbands_crest": {
        "mean": 17.4737300873,
        "stdev": 8.42347812653
    },
    "melbands_flatness_db": {
        "mean": 0.201736614108,
        "stdev": 0.102618850768
    },
    "melbands_kurtosis": {
        "mean": 56.575756073,
        "stdev": 134.569702148
    },
    "melbands_skewness": {
        "mean": 4.47524642944,
        "stdev": 4.51196098328
    },
    "melbands_spread": {
        "mean": 33.2026062012,
        "stdev": 37.149066925
    },
    "pitch_salience": {
        "mean": 0.477484732866,
        "stdev": 0.192190155387
    },
    "silence_rate_20dB": {
        "mean": 1,
        "stdev": 0
    },
    "silence_rate_30dB": {
        "mean": 0.938063919544,
        "stdev": 0.241049438715
    },
    "silence_rate_60dB": {
        "mean": 0.0525788143277,
        "stdev": 0.223202675581
    },
    "spectral_centroid": {
        "mean": 1871.73217773,
        "stdev": 1388.60083008
    },
    "spectral_complexity": {
        "mean": 21.0079097748,
        "stdev": 12.0331945419
    },
    "spectral_decrease": {
        "mean": -1.26210313312e-08,
        "stdev": 8.96481999746e-09
    },
    "spectral_energy": {
        "mean": 0.0519332550466,
        "stdev": 0.0336235687137
    },
    "spectral_energyband_high": {
        "mean": 0.00392414443195,
        "stdev": 0.0063660601154
    },
    "spectral_energyband_low": {
        "mean": 0.0321720093489,
        "stdev": 0.0359916947782
    },
    "spectral_energyband_middle_high": {
        "mean": 0.00675243558362,
        "stdev": 0.00842947605997
    },
    "spectral_energyband_middle_low": {
        "mean": 0.0105102397501,
        "stdev": 0.0104742366821
    },
    "spectral_entropy": {
        "mean": 7.90184879303,
        "stdev": 0.539423167706
    },
    "spectral_flux": {
        "mean": 0.111820496619,
        "stdev": 0.0686298012733
    },
    "spectral_kurtosis": {
        "mean": 2.71197938919,
        "stdev": 3.43761324883
    },
    "spectral_rms": {
        "mean": 0.00662411656231,
        "stdev": 0.00260535860434
    },
    "spectral_rolloff": {
        "mean": 2607.56225586,
        "stdev": 3381.42578125
    },
    "spectral_skewness": {
        "mean": 1.26019859314,
        "stdev": 0.548027575016
    },
    "spectral_spread": {
        "mean": 6684256,
        "stdev": 4025960.25
    },
    "spectral_strongpeak": {
        "mean": 1.25846803188,
        "stdev": 2.14841341972
    },
    "zerocrossingrate": {
        "mean": 0.0924530103803,
        "stdev": 0.0839853361249
    },
    "barkbands": {
        "mean": [0.00091079849517, 0.0233330000192, 0.00658442173153, 0.00271211424842, 0.00371625414118, 0.00230295909569, 0.000830806500744, 0.000371523492504, 0.000482651579659, 0.000449153885711, 0.000572717108298, 0.000781648326665, 0.00172814133111, 0.000868874543812, 0.000502895854879, 0.000314073433401, 0.000532144214958, 0.000400160002755, 0.000358510995284, 0.000554106140044, 0.000514963234309, 0.000599128368776, 0.000778030313086, 0.000800658250228, 0.000639698759187, 0.000282669061562, 1.11284498416e-05],
        "stdev": [0.00158334663138, 0.0290302243084, 0.016520909965, 0.00515920016915, 0.00555040827021, 0.00272518140264, 0.00139625603333, 0.000548680778593, 0.00085052230861, 0.000755701563321, 0.00116118008737, 0.00237459084019, 0.0043831798248, 0.00218669651076, 0.00131516461261, 0.000674000068102, 0.00217384076677, 0.000755910994485, 0.000516386353411, 0.000744545424823, 0.000833607977256, 0.000939354882576, 0.0016315941466, 0.0016144082183, 0.00132309657056, 0.000765048724134, 4.36279879068e-05]
    },
    "erbbands": {
        "mean": [0.844193935394, 4.53335857391, 8.55422306061, 7.59988212585, 11.0671081543, 11.73183918, 15.4358377457, 20.1406898499, 14.9854125977, 8.94345664978, 9.74380683899, 9.47724723816, 13.4573011398, 21.2749347687, 17.2074966431, 32.1651573181, 75.3784866333, 58.6848144531, 28.5395469666, 22.6320781708, 20.8130149841, 31.2345256805, 21.8571224213, 20.4980010986, 19.0089359283, 26.6909141541, 23.5626411438, 19.6060256958, 21.3489303589, 19.8409900665, 24.5262069702, 18.156414032, 12.3776941299, 7.67168092728, 4.27879858017, 1.55704092979, 0.479598850012, 0.0666474923491, 0.00154176622164, 0.000121734607092],
        "stdev": [1.28636705875, 5.62024879456, 18.6508331299, 13.9692363739, 20.5563049316, 18.9095439911, 19.1125640869, 26.9098777771, 23.3331203461, 13.9807729721, 14.4150733948, 16.6268444061, 22.7181663513, 38.8087272644, 26.6825351715, 95.2319030762, 184.008926392, 143.59046936, 59.3950576782, 44.3502311707, 46.0140838623, 124.583572388, 39.7355461121, 32.7076759338, 26.3445625305, 37.0418434143, 37.3690071106, 31.9446525574, 32.5321121216, 36.1294670105, 52.9349899292, 34.6334266663, 27.9860229492, 16.831445694, 8.82707595825, 3.7085454464, 1.38808095455, 0.222309306264, 0.00483378348872, 0.000165953155374]
    },
    "gfcc": {
        "mean": [23.4099998474, 55.1894645691, -95.829460144, 45.5064697266, -54.6131782532, 28.9185714722, -40.0715560913, 9.72238540649, -27.4966697693, 11.3494100571, -10.2425909042, 4.85341310501, -9.34890651703],
        "cov": [[20244.9804688, -23.8094062805, -532.251464844, 626.004333496, -849.870544434, 640.855895996, -592.846313477, 328.951538086, -636.649108887, 258.153991699, -386.446716309, 203.526977539, -327.114868164], [-23.8094062805, 2275.44506836, -18.3188495636, -185.533569336, 474.990264893, -129.600997925, -8.03502655029, -171.915405273, 1.38425815105, -159.412567139, 39.128074646, -161.254180908, 63.473651886], [-532.251464844, -18.3188495636, 1289.42260742, 307.456573486, 163.648880005, 224.480148315, 221.282058716, 175.323287964, 86.4446868896, 61.1763954163, -55.5053863525, 32.0954093933, -9.43955898285], [626.004333496, -185.533569336, 307.456573486, 490.364013672, 25.2603054047, 157.834075928, 151.01461792, 125.118522644, 84.1863555908, 40.7313346863, -33.8851242065, 31.8996562958, 21.3977489471], [-849.870544434, 474.990264893, 163.648880005, 25.2603054047, 418.777740479, 99.4629669189, 120.260566711, 25.5242347717, 56.4417762756, -11.4579906464, 46.1884460449, -21.786939621, 30.3003463745], [640.855895996, -129.600997925, 224.480148315, 157.834075928, 99.4629669189, 309.292541504, 154.034835815, 96.576171875, 42.4021759033, 83.5928955078, 17.9927330017, 34.4361228943, -4.29118061066], [-592.846313477, -8.03502655029, 221.282058716, 151.01461792, 120.260566711, 154.034835815, 266.311523438, 115.201942444, 110.183189392, 53.3500938416, 29.0909156799, 29.8892326355, 34.8335990906], [328.951538086, -171.915405273, 175.323287964, 125.118522644, 25.5242347717, 96.576171875, 115.201942444, 202.31968689, 87.9737701416, 50.8746566772, 2.81742715836, 56.2690544128, 33.4501724243], [-636.649108887, 1.38425815105, 86.4446868896, 84.1863555908, 56.4417762756, 42.4021759033, 110.183189392, 87.9737701416, 158.454345703, 44.7840270996, 39.0908355713, 25.3706951141, 51.1029510498], [258.153991699, -159.412567139, 61.1763954163, 40.7313346863, -11.4579906464, 83.5928955078, 53.3500938416, 50.8746566772, 44.7840270996, 111.150772095, 44.7751426697, 41.9219474792, 7.97259521484], [-386.446716309, 39.128074646, -55.5053863525, -33.8851242065, 46.1884460449, 17.9927330017, 29.0909156799, 2.81742715836, 39.0908355713, 44.7751426697, 117.81703949, 30.6921157837, 34.0215682983], [203.526977539, -161.254180908, 32.0954093933, 31.8996562958, -21.786939621, 34.4361228943, 29.8892326355, 56.2690544128, 25.3706951141, 41.9219474792, 30.6921157837, 94.9629974365, 40.2868499756], [-327.114868164, 63.473651886, -9.43955898285, 21.3977489471, 30.3003463745, -4.29118061066, 34.8335990906, 33.4501724243, 51.1029510498, 7.97259521484, 34.0215682983, 40.2868499756, 93.6330871582]],
        "icov": [[0.000220136498683, -0.000381605350412, 0.000261462089838, -0.000428634346463, 0.000499295070767, -0.000707804341801, 0.000800163543317, -0.000940347730648, 0.000935287680477, -0.00078620959539, 0.000579424435273, -0.000761971634347, 0.000670109991916], [-0.000381605350412, 0.00145507336129, -0.000524415227119, 0.000881415850017, -0.00167076161597, 0.00143651175313, -0.00138245895505, 0.00201954552904, -0.00161766959354, 0.001796407043, -0.00117817381397, 0.00239184941165, -0.00204562721774], [0.000261462089838, -0.000524415227119, 0.00141381972935, -0.000874695950188, 0.000273583136732, -0.000980534707196, 0.000587402260862, -0.00150670704897, 0.0011327577522, -0.00130332657136, 0.00145021860953, -0.00125817104708, 0.00130478106439], [-0.000428634346463, 0.000881415850017, -0.000874695950188, 0.00397819187492, -0.000678281590808, 0.000350719434209, -0.00219214707613, 0.00148213445209, -0.00269664614461, 0.00192366726696, 7.0853784564e-05, 0.00158850674052, -0.00197192141786], [0.000499295070767, -0.00167076161597, 0.000273583136732, -0.000678281590808, 0.00551317445934, -0.00307986722328, 0.000848694471642, -0.00236201938242, 0.00166542455554, -0.000110715423943, -0.000329396716552, -0.00112742732745, 0.00136761029717], [-0.000707804341801, 0.00143651175313, -0.000980534707196, 0.000350719434209, -0.00307986722328, 0.00890974514186, -0.00497848121449, 0.00222943304107, -0.000846954411827, -0.00128476251848, -0.0016731362557, 0.002209615428, -0.000936073891353], [0.000800163543317, -0.00138245895505, 0.000587402260862, -0.00219214707613, 0.000848694471642, -0.00497848121449, 0.0111238537356, -0.00477028032765, 0.000105302548036, -0.00256298086606, 0.00151809607632, -0.00244157202542, 0.0020155061502], [-0.000940347730648, 0.00201954552904, -0.00150670704897, 0.00148213445209, -0.00236201938242, 0.00222943304107, -0.00477028032765, 0.0136690279469, -0.00742153404281, 0.00289744976908, -0.000186259028851, -0.000289959018119, -0.00339062372223], [0.000935287680477, -0.00161766959354, 0.0011327577522, -0.00269664614461, 0.00166542455554, -0.000846954411827, 0.000105302548036, -0.00742153404281, 0.0169424470514, -0.00681631360203, 0.000473812368, -0.000146800346556, -0.00164647039492], [-0.00078620959539, 0.001796407043, -0.00130332657136, 0.00192366726696, -0.000110715423943, -0.00128476251848, -0.00256298086606, 0.00289744976908, -0.00681631360203, 0.0204771719873, -0.00789742451161, -0.000848403258715, 0.000571044685785], [0.000579424435273, -0.00117817381397, 0.00145021860953, 7.0853784564e-05, -0.000329396716552, -0.0016731362557, 0.00151809607632, -0.000186259028851, 0.000473812368, -0.00789742451161, 0.0158592630178, -0.00506889587268, -0.000683006248437], [-0.000761971634347, 0.00239184941165, -0.00125817104708, 0.00158850674052, -0.00112742732745, 0.002209615428, -0.00244157202542, -0.000289959018119, -0.000146800346556, -0.000848403258715, -0.00506889587268, 0.0227544941008, -0.0110915573314], [0.000670109991916, -0.00204562721774, 0.00130478106439, -0.00197192141786, 0.00136761029717, -0.000936073891353, 0.0020155061502, -0.00339062372223, -0.00164647039492, 0.000571044685785, -0.000683006248437, -0.0110915573314, 0.0208364259452]]
    },
    "melbands": {
        "mean": [0.00686537427828, 0.0049664392136, 0.00148872821592, 0.000809108547401, 0.000550064956769, 0.000446873658802, 0.000215120744542, 8.95664416021e-05, 8.33677913761e-05, 5.95136225456e-05, 6.7906206823e-05, 8.47321716719e-05, 6.56819247524e-05, 5.37221749255e-05, 0.000117812851386, 0.000213728373637, 8.91983290785e-05, 4.3400668801e-05, 4.68719554192e-05, 2.0622046577e-05, 2.39562214119e-05, 3.69528934243e-05, 1.74540782609e-05, 2.01539241971e-05, 1.61499938258e-05, 1.35014079206e-05, 1.60992767633e-05, 1.75143486558e-05, 1.53522214532e-05, 1.18451935123e-05, 1.1388187886e-05, 1.17778727144e-05, 1.14632603072e-05, 1.07672231024e-05, 1.49595207404e-05, 1.20003978736e-05, 1.04792234197e-05, 8.59550254972e-06, 7.61135515859e-06, 6.1740252022e-06],
        "stdev": [0.00930157862604, 0.00797487609088, 0.00248610042036, 0.00133463682141, 0.000669034721795, 0.000559452339076, 0.00032251526136, 0.000138706993312, 0.000132757486426, 0.000112462257675, 0.000118875366752, 0.000149456434883, 0.000118155716336, 0.000112105131848, 0.000429022562457, 0.000578643346671, 0.000234277817071, 0.00011311005801, 0.000127801511553, 5.36852348887e-05, 6.76764975651e-05, 0.000170355982846, 2.96003072435e-05, 4.38720962848e-05, 2.72865381703e-05, 2.28454900935e-05, 2.27885666391e-05, 2.49470449489e-05, 2.45044411713e-05, 2.03143736144e-05, 1.98050565814e-05, 1.82776602742e-05, 1.8831817215e-05, 2.10556554521e-05, 3.34519645548e-05, 2.55858940363e-05, 1.95248539967e-05, 1.95501015696e-05, 1.85450262506e-05, 1.33715384436e-05]
    },
    "melbands128": {
        "mean": [0.000896408280823, 0.00704491278157, 0.00931938830763, 0.00676476536319, 0.00513336015865, 0.00262155057862, 0.00143853726331, 0.00135480472818, 0.00118049758021, 0.000751210551243, 0.000550795230083, 0.000651221955195, 0.000526948133484, 0.000473771593533, 0.000443585653557, 0.000481600203784, 0.000306382455165, 0.000169504084624, 0.000109891654574, 0.000100667610241, 6.90711458446e-05, 7.56557274144e-05, 8.73119788594e-05, 0.000100777106127, 4.89068988827e-05, 5.16782019986e-05, 6.42863888061e-05, 5.7873527112e-05, 9.59042226896e-05, 4.84474185214e-05, 0.000106819607026, 0.000106257422885, 5.69059702684e-05, 3.7881796743e-05, 5.27299489477e-05, 3.69239496649e-05, 7.4337964179e-05, 0.000195392625756, 4.94823143526e-05, 0.000175635897904, 0.000305090099573, 0.000189401966054, 7.66055090935e-05, 3.85777202609e-05, 7.82473725849e-05, 2.63472866209e-05, 2.51245055551e-05, 8.74885809026e-05, 3.02902208205e-05, 1.43752877193e-05, 2.2848822482e-05, 2.28909048019e-05, 2.221557952e-05, 2.25003968808e-05, 3.2642557926e-05, 5.08410739712e-05, 2.87339244096e-05, 1.23203772091e-05, 1.4715312318e-05, 2.34182025451e-05, 2.0762294298e-05, 1.84568416444e-05, 1.56105616043e-05, 1.64510820468e-05, 1.57455961016e-05, 1.45146750583e-05, 1.02476960819e-05, 1.36984845085e-05, 1.59825722221e-05, 2.10899379454e-05, 1.95659886231e-05, 1.40779293361e-05, 1.60770559887e-05, 1.59449537023e-05, 1.45964668263e-05, 1.14021167974e-05, 1.14206777653e-05, 1.02331987364e-05, 1.14404929263e-05, 1.34772781166e-05, 8.1704074546e-06, 1.36078751893e-05, 1.41007940329e-05, 9.50294997892e-06, 1.17725339805e-05, 9.83952031675e-06, 1.00048046079e-05, 1.27695911942e-05, 1.70264247572e-05, 1.53956607392e-05, 1.20146660265e-05, 1.02108169813e-05, 1.3434819266e-05, 1.102324768e-05, 8.33580634207e-06, 8.44526766741e-06, 8.46741932037e-06, 9.31521026359e-06, 7.93975141278e-06, 6.7377236519e-06, 5.94383118369e-06, 6.24796575721e-06, 6.22758307145e-06, 5.96864538238e-06, 5.12569886268e-06, 3.76386583412e-06, 3.74658134206e-06, 2.69409611064e-06, 2.56440171142e-06, 2.47974185186e-06, 1.95537609216e-06, 1.79776588993e-06, 1.5977093426e-06, 1.05380956938e-06, 8.6032400759e-07, 7.44774069972e-07, 4.50947084119e-07, 6.51523279771e-08, 1.14311329499e-11, 8.80681205045e-12, 8.4704370254e-12, 8.20866465079e-12, 7.98136383373e-12, 7.81030795594e-12, 7.66064208596e-12, 7.55511278538e-12, 7.47887342334e-12, 7.42233705053e-12],
        "stdev": [0.00157124106772, 0.0117654940113, 0.0135763846338, 0.00916758459061, 0.0108733493835, 0.00679408339784, 0.00299720163457, 0.0026512760669, 0.00250287167728, 0.00156756141223, 0.00127891695593, 0.00100464816205, 0.000777102657594, 0.000819270964712, 0.000702376652043, 0.000837356201373, 0.000550443248358, 0.000379724486265, 0.000221840949962, 0.000226478863624, 0.000123014426208, 0.00014589705097, 0.000181593233719, 0.000207704113564, 0.000116445778986, 0.000155864152475, 0.000194727195776, 0.000122673198348, 0.000211066013435, 9.23531770241e-05, 0.000268769654213, 0.000283184053842, 0.000138856674312, 7.54704233259e-05, 0.000172547137481, 7.56960580475e-05, 0.000324462831486, 0.000887484347913, 0.000230154037126, 0.000598800193984, 0.00100570265204, 0.000834199367091, 0.000234203296714, 0.000103057544038, 0.00029434057069, 8.38897030917e-05, 0.000126153434394, 0.000276919919997, 8.22508736746e-05, 3.40812002833e-05, 0.000102908074041, 6.74556140439e-05, 6.09540111327e-05, 8.08996483102e-05, 0.000257994310232, 0.000315280136419, 0.000112932277261, 3.10528594127e-05, 2.60229626292e-05, 6.70508597977e-05, 6.28836423857e-05, 7.10237363819e-05, 3.48068861058e-05, 3.07732516376e-05, 2.57522096945e-05, 3.61541351594e-05, 1.97986319108e-05, 2.13205894397e-05, 2.81073262158e-05, 3.54362382495e-05, 3.51708622475e-05, 2.44952898356e-05, 2.73396181001e-05, 3.08172166115e-05, 3.14548924507e-05, 2.41241777985e-05, 2.1415124138e-05, 1.90953778656e-05, 2.22255548579e-05, 2.81346256088e-05, 1.36718299473e-05, 2.46746876655e-05, 2.26562369789e-05, 1.71544834302e-05, 2.58427935478e-05, 2.09617828659e-05, 2.17650649574e-05, 2.92395125143e-05, 4.18714516854e-05, 3.5694163671e-05, 2.8124986784e-05, 2.41538400587e-05, 2.890070391e-05, 1.99530259124e-05, 1.82554867934e-05, 1.81948871614e-05, 2.16194093809e-05, 2.41083143919e-05, 2.03723357117e-05, 1.67321231856e-05, 1.43195238707e-05, 1.43798743011e-05, 1.34473330036e-05, 1.28869733089e-05, 1.12071384137e-05, 8.18674652692e-06, 7.8513940025e-06, 6.24095628154e-06, 6.39409745418e-06, 7.71490977058e-06, 7.25378231436e-06, 5.27472093381e-06, 4.56276984551e-06, 3.34652804668e-06, 3.44119052897e-06, 2.59898547483e-06, 1.61460047821e-06, 2.3385044301e-07, 1.9017962552e-11, 1.24135259363e-11, 1.19539430438e-11, 1.15974998702e-11, 1.13051477901e-11, 1.10711561446e-11, 1.08746327915e-11, 1.07263494961e-11, 1.06188764379e-11, 1.0551600392e-11]
    },
    "mfcc": {
        "mean": [-617.275512695, 83.8914413452, 19.2347488403, 22.8000984192, 12.538775444, 15.0703372955, 7.89441776276, 0.928769767284, -3.79173779488, 2.31875681877, -0.56990891695, 3.75360774994, -0.399242997169],
        "cov": [[7552.87597656, -177.640701294, 538.338562012, 35.8293495178, 21.7053966522, 88.9243469238, 140.217483521, 80.4771194458, 15.0763063431, 0.896044969559, 13.2777070999, -67.0455932617, 1.36091208458], [-177.640701294, 2238.97558594, -182.023849487, 64.0415267944, 306.906463623, 21.165845871, 85.8769836426, -60.6647872925, -46.1101150513, -63.4472541809, -35.6799430847, -29.4324417114, -99.0953826904], [538.338562012, -182.023849487, 954.398193359, 229.131866455, 92.1816253662, 173.579162598, 120.931480408, 151.464157104, 160.055374146, 122.354400635, 62.5179443359, 31.7528514862, 40.6427764893], [35.8293495178, 64.0415267944, 229.131866455, 324.237823486, 91.0938720703, 92.4577713013, 58.5529899597, 101.392410278, 118.637016296, 43.8244819641, 28.1663246155, 16.7242584229, 30.2599925995], [21.7053966522, 306.906463623, 92.1816253662, 91.0938720703, 246.668762207, 79.0713577271, 84.4192733765, 54.1904525757, 44.753692627, 25.9292221069, 11.6781835556, 29.0330810547, 1.50935411453], [88.9243469238, 21.165845871, 173.579162598, 92.4577713013, 79.0713577271, 255.030532837, 134.600479126, 90.0902557373, 78.5852966309, 76.039390564, 77.7101135254, 23.0178565979, 13.0175304413], [140.217483521, 85.8769836426, 120.931480408, 58.5529899597, 84.4192733765, 134.600479126, 185.091918945, 97.6897506714, 63.4978637695, 67.7356491089, 52.0426025391, 34.8851165771, 22.9751968384], [80.4771194458, -60.6647872925, 151.464157104, 101.392410278, 54.1904525757, 90.0902557373, 97.6897506714, 172.832946777, 133.753967285, 67.1708297729, 51.013004303, 34.53282547, 47.5044364929], [15.0763063431, -46.1101150513, 160.055374146, 118.637016296, 44.753692627, 78.5852966309, 63.4978637695, 133.753967285, 194.201858521, 79.777671814, 45.4188270569, 35.4887237549, 51.5925521851], [0.896044969559, -63.4472541809, 122.354400635, 43.8244819641, 25.9292221069, 76.039390564, 67.7356491089, 67.1708297729, 79.777671814, 112.287750244, 61.2769966125, 33.0064315796, 30.2186946869], [13.2777070999, -35.6799430847, 62.5179443359, 28.1663246155, 11.6781835556, 77.7101135254, 52.0426025391, 51.013004303, 45.4188270569, 61.2769966125, 96.3423080444, 40.723613739, 21.0587425232], [-67.0455932617, -29.4324417114, 31.7528514862, 16.7242584229, 29.0330810547, 23.0178565979, 34.8851165771, 34.53282547, 35.4887237549, 33.0064315796, 40.723613739, 84.1340179443, 42.8783378601], [1.36091208458, -99.0953826904, 40.6427764893, 30.2599925995, 1.50935411453, 13.0175304413, 22.9751968384, 47.5044364929, 51.5925521851, 30.2186946869, 21.0587425232, 42.8783378601, 78.4265594482]],
        "icov": [[0.000144174875459, 1.15552074931e-05, -9.84451180557e-05, 4.57697933598e-05, -8.17552518129e-06, 5.13508421136e-05, -0.000164857658092, -7.18052706361e-06, 2.34807848756e-05, 0.00016172035248, -0.000104158134491, 0.000227037467994, -8.41856526677e-05], [1.15552074931e-05, 0.000638164055999, 0.000146832608152, -0.000130246102344, -0.000819211651105, 0.000225917916396, -0.000530016724952, 0.000552727899048, -0.000301679741824, 0.000407986051869, -0.000242760128458, 0.000210795187741, 0.000570241070818], [-9.84451180557e-05, 0.000146832608152, 0.00156265601981, -0.000744059972931, -0.00017087328888, -0.000440021656686, 4.25117686973e-05, -0.000252886093222, -0.000149992498336, -0.0010834496934, 0.00049832474906, -0.000125874445075, 0.000332712574163], [4.57697933598e-05, -0.000130246102344, -0.000744059972931, 0.00482991710305, -0.00101353728678, -0.000715701491572, 0.00063094048528, -0.000793011742644, -0.00182977982331, 0.00103187479544, -0.000147800790728, 0.00075550028123, -0.000776785542257], [-8.17552518129e-06, -0.000819211651105, -0.00017087328888, -0.00101353728678, 0.00668381294236, -0.00103811558802, -0.0011831575539, -0.000981786404736, 0.000307689158944, -0.000433964334661, 0.00237518898211, -0.00296828895807, 0.0013795014238], [5.13508421136e-05, 0.000225917916396, -0.000440021656686, -0.000715701491572, -0.00103811558802, 0.00835550669581, -0.00457328790799, 0.00080856034765, -0.000929209112655, 0.000108015425212, -0.00478844717145, 0.00228478340432, 0.000878099526744], [-0.000164857658092, -0.000530016724952, 4.25117686973e-05, 0.00063094048528, -0.0011831575539, -0.00457328790799, 0.0128727015108, -0.00595970125869, 0.00311693549156, -0.00380761688575, 0.00155906146392, -0.00221289298497, -0.000103739635961], [-7.18052706361e-06, 0.000552727899048, -0.000252886093222, -0.000793011742644, -0.000981786404736, 0.00080856034765, -0.00595970125869, 0.017471704632, -0.00907733757049, 0.00213408609852, -0.00320141459815, 0.00183108169585, -0.00280908658169], [2.34807848756e-05, -0.000301679741824, -0.000149992498336, -0.00182977982331, 0.000307689158944, -0.000929209112655, 0.00311693549156, -0.00907733757049, 0.0144946984947, -0.00571958394721, 0.00197128765285, -0.000721664109733, -0.00233055977151], [0.00016172035248, 0.000407986051869, -0.0010834496934, 0.00103187479544, -0.000433964334661, 0.000108015425212, -0.00380761688575, 0.00213408609852, -0.00571958394721, 0.0198462940753, -0.00851978175342, 0.000850375334267, -0.00157239509281], [-0.000104158134491, -0.000242760128458, 0.00049832474906, -0.000147800790728, 0.00237518898211, -0.00478844717145, 0.00155906146392, -0.00320141459815, 0.00197128765285, -0.00851978175342, 0.0220270026475, -0.00859025493264, 0.00249332305975], [0.000227037467994, 0.000210795187741, -0.000125874445075, 0.00075550028123, -0.00296828895807, 0.00228478340432, -0.00221289298497, 0.00183108169585, -0.000721664109733, 0.000850375334267, -0.00859025493264, 0.0219887681305, -0.0103150922805], [-8.41856526677e-05, 0.000570241070818, 0.000332712574163, -0.000776785542257, 0.0013795014238, 0.000878099526744, -0.000103739635961, -0.00280908658169, -0.00233055977151, -0.00157239509281, 0.00249332305975, -0.0103150922805, 0.0222687777132]]
    },
    "spectral_contrast_coeffs": {
        "mean": [-0.707403063774, -0.761238634586, -0.779812693596, -0.778333902359, -0.787619709969, -0.788930296898],
        "stdev": [0.0958786606789, 0.082995057106, 0.0686827972531, 0.0718226954341, 0.0489967614412, 0.0405398868024]
    },
    "spectral_contrast_valleys": {
        "mean": [-6.78371191025, -7.13440513611, -7.62897109985, -7.75466299057, -7.48352050781, -9.3541727066],
        "stdev": [2.4436314106, 2.29582262039, 2.22266149521, 2.17917394638, 2.23579573631, 2.19048976898]
    }
},
"rhythm": {
    "beats_count": 482,
    "beats_loudness": {
        "mean": 0.0399678498507,
        "stdev": 0.0191363189369
    },
    "bpm": 135.081329346,
    "bpm_histogram_first_peak_bpm": 136,
    "bpm_histogram_first_peak_weight": 0.352303564548,
    "bpm_histogram_second_peak_bpm": 178,
    "bpm_histogram_second_peak_spread": 0,
    "bpm_histogram_second_peak_weight": 0.0540540553629,
    "danceability": 1.11605632305,
    "onset_rate": 3.89593601227,
    "beats_loudness_band_ratio": {
        "mean": [0.321082949638, 0.152962312102, 0.0537570603192, 0.110023938119, 0.0794391408563, 0.304873943329],
        "stdev": [0.247965246439, 0.128640130162, 0.0596028454602, 0.139904513955, 0.0909068733454, 0.259007304907]
    },
    "beats_position": [0.476009070873, 0.952018141747, 1.4164172411, 1.8575963974, 2.29877543449, 2.75156450272, 3.20435357094, 3.64553284645, 4.08671188354, 4.52789115906, 4.96907043457, 5.42185926437, 5.87464857101, 6.31582736969, 6.7570066452, 7.19818592072, 7.63936471939, 8.09215450287, 8.54494285583, 8.98612213135, 9.42730140686, 9.86848068237, 10.3096599579, 10.7624483109, 11.2152376175, 11.656416893, 12.0975961685, 12.538775444, 12.9915647507, 13.4443531036, 13.8855323792, 14.3267116547, 14.7678909302, 15.2090702057, 15.6502494812, 16.0914287567, 16.5442180634, 16.99700737, 17.4381847382, 17.8793640137, 18.3205432892, 18.7733325958, 19.2261219025, 19.667301178, 20.1084804535, 20.549659729, 20.9908390045, 21.4436283112, 21.8964176178, 22.3375968933, 22.7787742615, 23.219953537, 23.6611328125, 24.1139221191, 24.5551013947, 25.0078907013, 25.4490699768, 25.8902492523, 26.3314285278, 26.7842178345, 27.2370071411, 27.6781845093, 28.1193637848, 28.5605430603, 29.0133323669, 29.4661216736, 29.9073009491, 30.3484802246, 30.7896595001, 31.2308387756, 31.6720180511, 32.1131973267, 32.5659866333, 33.0187759399, 33.4599533081, 33.901134491, 34.3423118591, 34.7951011658, 35.2478904724, 35.6890678406, 36.1302490234, 36.5714263916, 37.0126075745, 37.4537849426, 37.9065742493, 38.3593635559, 38.8005447388, 39.2417221069, 39.6829032898, 40.1356925964, 40.5768699646, 41.0296592712, 41.4708366394, 41.923625946, 42.3648071289, 42.8059844971, 43.2587738037, 43.6999549866, 44.1411323547, 44.5823135376, 45.0234909058, 45.4762802124, 45.929069519, 46.3702468872, 46.8114280701, 47.2526054382, 47.6937866211, 48.1465759277, 48.5993652344, 49.0405426025, 49.4817237854, 49.9229011536, 50.3640823364, 50.8168716431, 51.269657135, 51.7108383179, 52.152015686, 52.5931968689, 53.0343742371, 53.4871635437, 53.9399528503, 54.3811340332, 54.8223114014, 55.2634925842, 55.7046699524, 56.157459259, 56.6102485657, 57.0514259338, 57.4926071167, 57.9337844849, 58.3749656677, 58.8277549744, 59.280544281, 59.7217216492, 60.162902832, 60.6040802002, 61.0452613831, 61.498046875, 61.9508361816, 62.3920173645, 62.8331947327, 63.2743759155, 63.7155532837, 64.1567306519, 64.6095199585, 65.0623092651, 65.5034942627, 65.9446716309, 66.385848999, 66.8386383057, 67.2914276123, 67.7326049805, 68.1737823486, 68.6149673462, 69.0561447144, 69.4973220825, 69.9384994507, 70.3796844482, 70.8324737549, 71.2852630615, 71.7264404297, 72.1676177979, 72.608795166, 73.0615844727, 73.5143737793, 73.9555511475, 74.396736145, 74.8379135132, 75.3023147583, 75.7434921265, 76.1846694946, 76.6258468628, 77.0670318604, 77.5198135376, 77.9726028442, 78.4137878418, 78.85496521, 79.2961425781, 79.7373199463, 80.1785049438, 80.6312942505, 81.0840835571, 81.5252609253, 81.9664382935, 82.4076156616, 82.8604049683, 83.3131942749, 83.7543716431, 84.1955566406, 84.6367340088, 85.077911377, 85.5190887451, 85.9602737427, 86.4014511108, 86.8542404175, 87.3070297241, 87.7482070923, 88.1893844604, 88.6421737671, 89.0833511353, 89.5361404419, 89.9773254395, 90.4185028076, 90.8596801758, 91.3124694824, 91.7652587891, 92.2064361572, 92.6476211548, 93.0887985229, 93.5415878296, 93.9943771362, 94.4355545044, 94.8767318726, 95.3179092407, 95.7590942383, 96.2002716064, 96.6530609131, 97.1058502197, 97.5470275879, 97.9882049561, 98.4293823242, 98.8821716309, 99.3349609375, 99.7877502441, 100.252151489, 100.716552734, 101.076461792, 101.424758911, 101.77305603, 102.121360779, 102.469657898, 102.829566956, 103.177864075, 103.537773132, 103.874465942, 104.257591248, 104.652336121, 105.035461426, 105.430198669, 105.824943542, 106.219680786, 106.602806091, 106.985939026, 107.36907196, 107.763809204, 108.158546448, 108.599723816, 109.029296875, 109.470474243, 109.911651611, 110.329612732, 110.735961914, 111.153923035, 111.571876526, 111.989837646, 112.419410706, 112.837364197, 113.255325317, 113.673286438, 114.091247559, 114.497596741, 114.892333984, 115.298683167, 115.705032349, 116.111381531, 116.506118774, 116.912467957, 117.330429077, 117.748390198, 118.177955627, 118.607528687, 119.037094116, 119.466667175, 119.896232605, 120.325805664, 120.755371094, 121.184944153, 121.591293335, 121.997642517, 122.427207947, 122.845169067, 123.274734497, 123.715919495, 124.157096863, 124.598274231, 125.074279785, 125.550292969, 126.037910461, 126.513923645, 126.989929199, 127.465942383, 127.895507812, 128.325073242, 128.754638672, 129.18421936, 129.602172852, 130.020126343, 130.426483154, 130.786392212, 131.14630127, 131.517822266, 131.877731323, 132.237640381, 132.597549438, 132.957458496, 133.317367554, 133.665664673, 134.02557373, 134.362258911, 134.698959351, 135.035644531, 135.372329712, 135.697418213, 136.034103394, 136.370788574, 136.707473755, 137.055786133, 137.392471313, 137.740768433, 138.089065552, 138.437362671, 138.78565979, 139.133972168, 139.470657349, 139.807342529, 140.14402771, 140.480728149, 140.81741333, 141.154098511, 141.490783691, 141.827484131, 142.164169312, 142.500854492, 142.825942993, 143.151016235, 143.487701416, 143.824401855, 144.161087036, 144.497772217, 144.846069336, 145.182769775, 145.519454956, 145.879364014, 146.239273071, 146.58757019, 146.924255371, 147.365432739, 147.818222046, 148.259414673, 148.712203979, 149.164993286, 149.606170654, 150.047348022, 150.488525391, 150.929702759, 151.370880127, 151.823669434, 152.27645874, 152.717636108, 153.158813477, 153.599990845, 154.041183472, 154.493972778, 154.946762085, 155.387939453, 155.829116821, 156.270294189, 156.711471558, 157.164260864, 157.617050171, 158.058227539, 158.499404907, 158.940582275, 159.381759644, 159.83454895, 160.287338257, 160.728515625, 161.169708252, 161.61088562, 162.063674927, 162.516464233, 162.957641602, 163.39881897, 163.839996338, 164.281173706, 164.722351074, 165.163528442, 165.604721069, 166.057495117, 166.510284424, 166.951477051, 167.392654419, 167.845443726, 168.286621094, 168.7394104, 169.180587769, 169.621765137, 170.062942505, 170.504119873, 170.95690918, 171.409698486, 171.850875854, 172.292053223, 172.73324585, 173.174423218, 173.627212524, 174.068389893, 174.521179199, 174.962356567, 175.403533936, 175.844711304, 176.29750061, 176.750289917, 177.191467285, 177.632644653, 178.073822021, 178.515014648, 178.956192017, 179.397369385, 179.850158691, 180.302947998, 180.744125366, 181.185302734, 181.626480103, 182.090881348, 182.532058716, 182.973236084, 183.414413452, 183.85559082, 184.296783447, 184.749572754, 185.202362061, 185.643539429, 186.084716797, 186.525894165, 186.967071533, 187.41986084, 187.872650146, 188.313827515, 188.755004883, 189.196182251, 189.648971558, 190.090148926, 190.542938232, 190.984130859, 191.425308228, 191.866485596, 192.307662964, 192.760452271, 193.213241577, 193.654418945, 194.095596313, 194.536773682, 194.97795105, 195.430740356, 195.883529663, 196.324707031, 196.765899658, 197.207077026, 197.659866333, 198.11265564, 198.553833008, 198.995010376, 199.436187744, 199.877365112, 200.31854248, 200.771331787, 201.224121094, 201.665298462, 202.10647583, 202.547653198, 202.988845825, 203.441635132, 203.894424438, 204.370422363, 204.869659424, 205.345672607, 205.833282471, 206.309295654, 206.820129395, 207.330978394, 207.853424072],
    "bpm_histogram": [0, 0, 0, 0, 0, 0, 0, 0, 0, 0, 0, 0, 0, 0, 0, 0, 0, 0, 0, 0, 0, 0, 0, 0, 0, 0, 0, 0, 0, 0, 0, 0, 0, 0, 0, 0, 0, 0, 0, 0, 0, 0, 0, 0, 0, 0, 0, 0, 0, 0, 0, 0, 0, 0, 0, 0, 0, 0, 0, 0, 0, 0, 0, 0, 0, 0, 0, 0, 0, 0, 0, 0, 0, 0, 0, 0, 0, 0, 0, 0, 0, 0, 0, 0, 0, 0, 0, 0, 0, 0, 0, 0, 0, 0, 0, 0, 0, 0, 0, 0, 0, 0, 0, 0, 0, 0, 0, 0, 0, 0, 0, 0, 0, 0, 0, 0.00207900209352, 0, 0.00415800418705, 0, 0, 0.00207900209352, 0, 0, 0.00415800418705, 0, 0, 0.0187110193074, 0, 0, 0.010395010002, 0, 0, 0, 0.237006232142, 0, 0, 0.496881484985, 0, 0, 0, 0.0332640334964, 0, 0, 0, 0.0270270276815, 0, 0, 0, 0.0187110193074, 0, 0, 0, 0.0166320167482, 0, 0, 0, 0, 0.010395010002, 0, 0, 0, 0.00207900209352, 0, 0, 0, 0, 0, 0.0270270276815, 0, 0, 0, 0, 0.029106028378, 0, 0, 0, 0, 0, 0.0540540553629, 0, 0, 0, 0, 0, 0, 0.00623700628057, 0, 0, 0, 0, 0, 0, 0, 0, 0, 0, 0, 0, 0, 0, 0, 0, 0, 0, 0, 0, 0, 0, 0, 0, 0, 0, 0, 0, 0, 0, 0, 0, 0, 0, 0, 0, 0, 0, 0, 0, 0, 0, 0, 0, 0, 0, 0, 0, 0, 0, 0, 0, 0, 0, 0, 0, 0, 0, 0, 0, 0, 0, 0, 0]
},
"tonal": {
    "chords_changes_rate": 0.0632657632232,
    "chords_number_rate": 0.00267320126295,
    "chords_strength": {
        "mean": 0.504583060741,
        "stdev": 0.147959828377
    },
    "hpcp_crest": {
        "mean": 11.966884613,
        "stdev": 5.77531957626
    },
    "hpcp_entropy": {
        "mean": 2.20116186142,
        "stdev": 0.739708721638
    },
    "key_edma": {
        "strength": 0.605119764805,
        "key": "C#",
        "scale": "major"
    },
    "key_krumhansl": {
        "strength": 0.598155617714,
        "key": "G#",
        "scale": "major"
    },
    "key_temperley": {
        "strength": 0.612158834934,
        "key": "G#",
        "scale": "major"
    },
    "tuning_diatonic_strength": 0.619830429554,
    "tuning_equal_tempered_deviation": 0.185963079333,
    "tuning_frequency": 434.193115234,
    "tuning_nontempered_energy_ratio": 0.879437565804,
    "hpcp": {
        "mean": [0.118400871754, 0.0658027976751, 0.0587418451905, 0.0869453251362, 0.0872706845403, 0.0546566769481, 0.0664865076542, 0.0769828781486, 0.0701863616705, 0.0780162364244, 0.057205285877, 0.0471165552735, 0.080185174942, 0.0927470847964, 0.0657986775041, 0.0431222766638, 0.0436875969172, 0.0885895937681, 0.190976962447, 0.203258946538, 0.108709856868, 0.07591945678, 0.0814146995544, 0.0625914856791, 0.0846370458603, 0.103653885424, 0.10292648524, 0.181612536311, 0.172637462616, 0.0990288481116, 0.105723701417, 0.105510756373, 0.173993438482, 0.339321434498, 0.383626371622, 0.247732356191],
        "stdev": [0.246181100607, 0.178555220366, 0.164829567075, 0.176092207432, 0.178154841065, 0.138979509473, 0.174474701285, 0.194648995996, 0.147124290466, 0.161621600389, 0.140410900116, 0.132151558995, 0.17481136322, 0.194559961557, 0.14849999547, 0.123293563724, 0.128963455558, 0.179292455316, 0.277008414268, 0.29305768013, 0.20122218132, 0.186901345849, 0.219919785857, 0.160495772958, 0.190315201879, 0.220390886068, 0.179436102509, 0.282182902098, 0.279872924089, 0.196041598916, 0.222818911076, 0.218697756529, 0.270309746265, 0.365477859974, 0.385767519474, 0.319233566523]
    },
    "chords_histogram": [34.6625099182, 1.73758077621, 1.84896409512, 0.0222766771913, 0.245043441653, 0, 0, 0.111383378506, 0, 0.133660063148, 0, 0, 0.467810213566, 2.96279788017, 0.53464025259, 3.56426811218, 5.72510576248, 11.8511915207, 2.20539093018, 7.61862325668, 2.13856101036, 0.935620427132, 20.3386058807, 2.89596796036],
    "thpcp": [1, 0.645764648914, 0.308635890484, 0.171528354287, 0.153122544289, 0.226640641689, 0.22748875618, 0.142473727465, 0.173310577869, 0.200671494007, 0.182954996824, 0.203365162015, 0.149117186666, 0.122818864882, 0.209018930793, 0.241764098406, 0.17151761055, 0.11240696907, 0.113880589604, 0.23092675209, 0.497820228338, 0.529835700989, 0.28337430954, 0.197899475694, 0.212223932147, 0.16315741837, 0.220623642206, 0.270194888115, 0.268298774958, 0.473409950733, 0.450014591217, 0.258138805628, 0.27559030056, 0.275035202503, 0.453549206257, 0.884510159492],
    "chords_key": "G#",
    "chords_scale": "major"
}
}