{
"metadata": {
    "version": {
        "essentia": "2.1-dev",
        "essentia_git_sha": "v2.1_beta3-415-gd5473f3",
        "extractor": "music 2.0"
    },
    "audio_properties": {
        "analysis": {
            "equal_loudness": 0,
            "length": 218.644897461,
            "sample_rate": 44100,
            "start_time": 0,
            "downmix": "mix"
        },
        "bit_rate": 192000,
        "length": 218.644897461,
        "lossless": 0,
        "number_channels": 2,
        "replay_gain": -6.72533226013,
        "sample_rate": 44100,
        "codec": "mp3",
        "md5_encoded": "65fd46df151c50e4ae545b7905064b17"
    },
    "tags": {
        "file_name": "barcode_brothers_sms.mp3"
    }
},
"lowlevel": {
    "average_loudness": 0.943781554699,
    "barkbands_crest": {
        "mean": 13.532245636,
        "stdev": 6.4750123024
    },
    "barkbands_flatness_db": {
        "mean": 0.160898208618,
        "stdev": 0.0818997249007
    },
    "barkbands_kurtosis": {
        "mean": 22.6965045929,
        "stdev": 137.335906982
    },
    "barkbands_skewness": {
        "mean": 2.55399250984,
        "stdev": 3.55594873428
    },
    "barkbands_spread": {
        "mean": 38.189994812,
        "stdev": 29.1602878571
    },
    "dissonance": {
        "mean": 0.470126956701,
        "stdev": 0.0246525090188
    },
    "dynamic_complexity": 2.8182682991,
    "erbbands_crest": {
        "mean": 7.06735610962,
        "stdev": 4.11960506439
    },
    "erbbands_flatness_db": {
        "mean": 0.107561536133,
        "stdev": 0.0500719770789
    },
    "erbbands_kurtosis": {
        "mean": 0.190224245191,
        "stdev": 2.86146450043
    },
    "erbbands_skewness": {
        "mean": -0.0724391937256,
        "stdev": 0.853663444519
    },
    "erbbands_spread": {
        "mean": 63.4768981934,
        "stdev": 29.1767921448
    },
    "hfc": {
        "mean": 63.7586479187,
        "stdev": 81.014213562
    },
    "loudness_ebu128": {
        "integrated": -13.1771564484,
        "loudness_range": 5.14153575897,
        "momentary": {
            "mean": -15.5738325119,
            "stdev": 20.5663127899
        },
        "short_term": {
            "mean": -13.6624202728,
            "stdev": 2.71433663368
        }
    },
    "melbands_crest": {
        "mean": 19.2385807037,
        "stdev": 6.83955764771
    },
    "melbands_flatness_db": {
        "mean": 0.214802458882,
        "stdev": 0.10069745034
    },
    "melbands_kurtosis": {
        "mean": 53.0202636719,
        "stdev": 105.584281921
    },
    "melbands_skewness": {
        "mean": 4.97196102142,
        "stdev": 3.57499289513
    },
    "melbands_spread": {
        "mean": 27.2030506134,
        "stdev": 28.1408462524
    },
    "pitch_salience": {
        "mean": 0.446518987417,
        "stdev": 0.192614853382
    },
    "silence_rate_20dB": {
        "mean": 0.994160115719,
        "stdev": 0.0761969089508
    },
    "silence_rate_30dB": {
        "mean": 0.764174997807,
        "stdev": 0.424534499645
    },
    "silence_rate_60dB": {
        "mean": 0.0416224263608,
        "stdev": 0.199737206101
    },
    "spectral_centroid": {
        "mean": 1819.64831543,
        "stdev": 1181.31018066
    },
    "spectral_complexity": {
        "mean": 21.1057548523,
        "stdev": 11.8379898071
    },
    "spectral_decrease": {
        "mean": -1.83733011028e-08,
        "stdev": 2.10858210892e-08
    },
    "spectral_energy": {
        "mean": 0.075128428638,
        "stdev": 0.0795858129859
    },
    "spectral_energyband_high": {
        "mean": 0.00510189356282,
        "stdev": 0.00783083494753
    },
    "spectral_energyband_low": {
        "mean": 0.057168263942,
        "stdev": 0.0804190412164
    },
    "spectral_energyband_middle_high": {
        "mean": 0.00499043567106,
        "stdev": 0.00460616406053
    },
    "spectral_energyband_middle_low": {
        "mean": 0.00871741771698,
        "stdev": 0.00772079033777
    },
    "spectral_entropy": {
        "mean": 7.98769664764,
        "stdev": 0.581551134586
    },
    "spectral_flux": {
        "mean": 0.125379219651,
        "stdev": 0.0848403647542
    },
    "spectral_kurtosis": {
        "mean": 1.94479882717,
        "stdev": 2.08968806267
    },
    "spectral_rms": {
        "mean": 0.00753852166235,
        "stdev": 0.00405786419287
    },
    "spectral_rolloff": {
        "mean": 2877.53735352,
        "stdev": 3832.9230957
    },
    "spectral_skewness": {
        "mean": 1.2287427187,
        "stdev": 0.426409125328
    },
    "spectral_spread": {
        "mean": 7975019,
        "stdev": 3819097
    },
    "spectral_strongpeak": {
        "mean": 0.681504607201,
        "stdev": 1.01871407032
    },
    "zerocrossingrate": {
        "mean": 0.105344891548,
        "stdev": 0.0869823098183
    },
    "barkbands": {
        "mean": [0.000780863570981, 0.0462164282799, 0.00937274470925, 0.00153597025201, 0.00264879618771, 0.00149645074271, 0.00104997085873, 0.000929162488319, 0.000962869380601, 0.000387927080737, 0.00056255835807, 0.000507289601956, 0.000464369863039, 0.000458906055428, 0.000513819104526, 0.000581067346502, 0.000577847240493, 0.000403069076128, 0.000344063300872, 0.000395024602767, 0.000339062244166, 0.000506203738041, 0.000667045998853, 0.000945328327361, 0.00162531109527, 0.000856151571497, 3.27444316106e-09],
        "stdev": [0.000976722105406, 0.0666301697493, 0.0252872165293, 0.00202173786238, 0.00359213282354, 0.00278107332997, 0.0018747614231, 0.00246463296935, 0.00243915710598, 0.000928487163037, 0.00107476394624, 0.000989426742308, 0.000838423206005, 0.000821533438284, 0.00088088522898, 0.000884174951352, 0.000825357623398, 0.000485761847813, 0.000384063925594, 0.000432556378655, 0.000365984858945, 0.000588539929595, 0.00091635377612, 0.00148727034684, 0.00327146518975, 0.00164393195882, 5.22743803799e-09]
    },
    "erbbands": {
        "mean": [1.28338909149, 10.3348999023, 13.9234313965, 6.89523839951, 5.69833230972, 10.6559000015, 11.5015411377, 13.1627750397, 13.3008966446, 18.5897674561, 19.2239513397, 20.853351593, 16.1216869354, 17.868686676, 22.8886680603, 17.6539421082, 21.671081543, 23.6420936584, 23.6641216278, 28.1053600311, 32.6460456848, 32.926864624, 25.8439674377, 18.4222316742, 17.84907341, 17.7399368286, 12.9890174866, 14.775592804, 18.238899231, 17.0311546326, 20.8165245056, 19.3314571381, 16.7413768768, 15.8841981888, 12.2838344574, 5.19300508499, 1.38815522194, 0.0978559404612, 0.00202871812508, 0.00020941888215],
        "stdev": [1.71082007885, 16.603937149, 35.1350975037, 12.4335975647, 6.41768980026, 16.3015804291, 22.0587615967, 24.5634326935, 25.0728168488, 35.0853652954, 48.5351371765, 50.81199646, 40.7261009216, 33.3026390076, 44.9101905823, 33.2315368652, 38.1575126648, 40.3654937744, 34.9256401062, 41.7157325745, 44.2515411377, 44.1703109741, 30.9419212341, 19.6472663879, 19.1998767853, 19.8138904572, 14.3958444595, 17.1108627319, 21.5444736481, 19.9513530731, 29.8668556213, 28.7608947754, 28.7549381256, 30.2922115326, 26.0215358734, 9.74814414978, 2.80285310745, 0.188216790557, 0.00382427428849, 0.000251341814874]
    },
    "gfcc": {
        "mean": [34.0425758362, 46.8254814148, -80.9717330933, 45.9819030762, -50.3942375183, 32.8707809448, -39.9290390015, 24.6016921997, -20.9041156769, 11.9572544098, -14.3152561188, 10.43653965, -10.643538475],
        "cov": [[20907.9609375, 17.3027648926, -315.651733398, 379.86932373, -127.506820679, 597.433166504, -631.455505371, 474.808013916, -409.810699463, 397.057800293, -411.0027771, 190.966110229, -338.690032959], [17.3027648926, 1829.89868164, -220.927505493, -102.872116089, 108.542732239, -138.258361816, 181.440658569, 68.5171966553, 248.816818237, -165.893112183, 184.860458374, -40.016242981, 177.628509521], [-315.651733398, -220.927505493, 1072.10900879, 223.215011597, 149.535079956, 138.787902832, 62.6506996155, -4.01385736465, -151.974136353, 47.7876701355, -65.7698669434, -1.14685845375, -38.9201927185], [379.86932373, -102.872116089, 223.215011597, 379.272796631, 129.077072144, 86.6006240845, 42.6116523743, 24.3924217224, 19.3646240234, 14.7006130219, 17.6927967072, -18.8763656616, -20.3030796051], [-127.506820679, 108.542732239, 149.535079956, 129.077072144, 348.824066162, 105.94303894, 124.196334839, 75.3604354858, 84.5093231201, 21.8299217224, 31.1909675598, -11.685092926, -2.69996738434], [597.433166504, -138.258361816, 138.787902832, 86.6006240845, 105.94303894, 213.920318604, 95.1245574951, 33.8344154358, -21.5832977295, 43.8732872009, -11.6300191879, 4.81105089188, -30.3328380585], [-631.455505371, 181.440658569, 62.6506996155, 42.6116523743, 124.196334839, 95.1245574951, 269.209503174, 62.154296875, 83.0151748657, 12.9972782135, 70.5038375854, 2.62395048141, 13.3059587479], [474.808013916, 68.5171966553, -4.01385736465, 24.3924217224, 75.3604354858, 33.8344154358, 62.154296875, 151.954818726, 85.8206787109, 20.4588890076, 13.2325687408, 5.03412675858, 3.93697071075], [-409.810699463, 248.816818237, -151.974136353, 19.3646240234, 84.5093231201, -21.5832977295, 83.0151748657, 85.8206787109, 226.740768433, 13.2497444153, 76.3891220093, -13.7162818909, 42.8342132568], [397.057800293, -165.893112183, 47.7876701355, 14.7006130219, 21.8299217224, 43.8732872009, 12.9972782135, 20.4588890076, 13.2497444153, 139.699310303, 7.21832180023, 31.6792907715, -28.5009384155], [-411.0027771, 184.860458374, -65.7698669434, 17.6927967072, 31.1909675598, -11.6300191879, 70.5038375854, 13.2325687408, 76.3891220093, 7.21832180023, 140.683624268, 26.8206272125, 41.7597618103], [190.966110229, -40.016242981, -1.14685845375, -18.8763656616, -11.685092926, 4.81105089188, 2.62395048141, 5.03412675858, -13.7162818909, 31.6792907715, 26.8206272125, 91.755279541, 25.3189849854], [-338.690032959, 177.628509521, -38.9201927185, -20.3030796051, -2.69996738434, -30.3328380585, 13.3059587479, 3.93697071075, 42.8342132568, -28.5009384155, 41.7597618103, 25.3189849854, 103.136444092]],
        "icov": [[0.000133009525598, -0.000238583088503, 0.000164737022715, -0.000256951228948, 0.000147435406689, -0.000552575336769, 0.000557359715458, -0.000639795383904, 0.000411279615946, -0.000404986378271, 0.000274184567388, -0.000338086567353, 0.000342392944731], [-0.000238583088503, 0.00137061800342, -0.000328786845785, 0.000770052080043, -0.00051310978597, 0.00143843446858, -0.00140152755193, 0.0010288618505, -0.0011219290318, 0.00155220844317, -0.00115767517127, 0.0011347233085, -0.00148030638229], [0.000164737022715, -0.000328786845785, 0.00161290587857, -0.00102581677493, -0.000313993892632, -0.000622033257969, 0.000218114510062, -0.000974526628852, 0.00196379143745, -0.00114965555258, 0.000852784316521, -0.000166867146618, -0.000105764338514], [-0.000256951228948, 0.000770052080043, -0.00102581677493, 0.00418279925361, -0.00107910332736, 0.000120466960652, -0.000499342510011, 0.00129633548204, -0.00159516278654, 0.00141458085272, -0.00177892239299, 0.00138773117214, -0.000278604653431], [0.000147435406689, -0.00051310978597, -0.000313993892632, -0.00107910332736, 0.00480123981833, -0.00214866176248, -1.61736033988e-06, -0.00136741355527, -0.00105534133036, -0.000350746937329, 0.000384229904739, -0.000341676233802, 0.000852800614666], [-0.000552575336769, 0.00143843446858, -0.000622033257969, 0.000120466960652, -0.00214866176248, 0.0104484865442, -0.00529277604073, 0.00165586988442, 0.00047479296336, 0.000141233264003, -0.000120739496197, 0.00145905953832, -0.00133412808646], [0.000557359715458, -0.00140152755193, 0.000218114510062, -0.000499342510011, -1.61736033988e-06, -0.00529277604073, 0.00888454075903, -0.00339114037342, 0.00032181039569, -0.00114868220408, -0.00141581101343, -0.00138771254569, 0.0021175337024], [-0.000639795383904, 0.0010288618505, -0.000974526628852, 0.00129633548204, -0.00136741355527, 0.00165586988442, -0.00339114037342, 0.0128144938499, -0.00622660061345, 0.00189575913828, 0.000648400688078, -0.000432591536082, -0.000632474489976], [0.000411279615946, -0.0011219290318, 0.00196379143745, -0.00159516278654, -0.00105534133036, 0.00047479296336, 0.00032181039569, -0.00622660061345, 0.0118898274377, -0.00421996507794, -0.00166051392443, 0.00282548530959, -0.00210738717578], [-0.000404986378271, 0.00155220844317, -0.00114965555258, 0.00141458085272, -0.000350746937329, 0.000141233264003, -0.00114868220408, 0.00189575913828, -0.00421996507794, 0.012005224824, -0.00192666403018, -0.00325657241046, 0.00259928661399], [0.000274184567388, -0.00115767517127, 0.000852784316521, -0.00177892239299, 0.000384229904739, -0.000120739496197, -0.00141581101343, 0.000648400688078, -0.00166051392443, -0.00192666403018, 0.0127193359658, -0.00442072888836, -0.000909274618607], [-0.000338086567353, 0.0011347233085, -0.000166867146618, 0.00138773117214, -0.000341676233802, 0.00145905953832, -0.00138771254569, -0.000432591536082, 0.00282548530959, -0.00325657241046, -0.00442072888836, 0.0170111041516, -0.00669812038541], [0.000342392944731, -0.00148030638229, -0.000105764338514, -0.000278604653431, 0.000852800614666, -0.00133412808646, 0.0021175337024, -0.000632474489976, -0.00210738717578, 0.00259928661399, -0.000909274618607, -0.00669812038541, 0.0162619203329]]
    },
    "melbands": {
        "mean": [0.0124210938811, 0.00982964318246, 0.00122271780856, 0.000571249634959, 0.000431260472396, 0.000288899784209, 0.000211530932575, 0.000214290354052, 0.000148780600284, 0.000137715716846, 7.83294235589e-05, 6.92622779752e-05, 6.98417643434e-05, 6.76836716593e-05, 3.37139535986e-05, 5.4623651522e-05, 4.28964449384e-05, 3.46730776073e-05, 4.5213757403e-05, 4.0396102122e-05, 3.56333439413e-05, 3.47099339706e-05, 2.7515752663e-05, 1.79170910997e-05, 1.47513728734e-05, 1.23527979667e-05, 1.46318061525e-05, 1.08688045657e-05, 8.18293483462e-06, 7.46905107007e-06, 8.82236054167e-06, 1.00566749097e-05, 1.03009533632e-05, 9.00815211935e-06, 1.23804020404e-05, 1.18018733701e-05, 1.12611242002e-05, 1.15223656394e-05, 1.09234379124e-05, 1.45214680742e-05],
        "stdev": [0.0169714279473, 0.0191821549088, 0.00202016183175, 0.000755335378926, 0.000739449809771, 0.000525202951394, 0.000368736858945, 0.000442265009042, 0.000393750844523, 0.000356214935891, 0.000208095472772, 0.000133886060212, 0.000129081454361, 0.00013669054897, 6.45251566311e-05, 9.97091919999e-05, 7.91864804341e-05, 6.07004003541e-05, 8.45098693389e-05, 7.24845594959e-05, 5.06393917021e-05, 4.92707440571e-05, 3.55962802132e-05, 2.13221337617e-05, 1.68317110365e-05, 1.48253302541e-05, 1.63450458786e-05, 1.27863013404e-05, 9.75789134827e-06, 8.18850639916e-06, 1.11200961328e-05, 1.23904655993e-05, 1.31755550683e-05, 1.12262068797e-05, 1.82609765034e-05, 1.74658634933e-05, 1.66198315128e-05, 1.99226051336e-05, 1.80165116035e-05, 2.9226355764e-05]
    },
    "melbands128": {
        "mean": [0.000755197950639, 0.00878423079848, 0.0189647860825, 0.0165549777448, 0.00916676130146, 0.00380554702133, 0.00127774081193, 0.000735578068998, 0.000490583945066, 0.000501535658259, 0.000737395952456, 0.000478683796246, 0.000395907467464, 0.000316692196066, 0.000331059040036, 0.000242128575337, 0.000198173554963, 0.00019522261573, 0.000296670390526, 0.00016373906692, 0.000240227149334, 0.00019414362032, 0.000127637264086, 0.000132568078698, 0.00010824445053, 0.000181158073246, 0.000103528880572, 5.47007475689e-05, 7.57412417443e-05, 4.35227739217e-05, 9.43865961744e-05, 6.9150912168e-05, 4.2878480599e-05, 9.31969407247e-05, 9.75625225692e-05, 5.48498792341e-05, 2.80351559923e-05, 3.84783052141e-05, 2.50475168286e-05, 5.65590489714e-05, 7.0284557296e-05, 3.8364854845e-05, 4.28183557233e-05, 4.22496777901e-05, 4.58496651845e-05, 2.58735963143e-05, 2.59319858742e-05, 7.7864373452e-05, 3.37356723321e-05, 1.70437433553e-05, 5.67660208617e-05, 4.09470339946e-05, 3.98989031964e-05, 3.32761846948e-05, 2.70621767413e-05, 3.66957174265e-05, 4.04104066547e-05, 2.40684275923e-05, 2.57683532254e-05, 2.98228114843e-05, 1.46395632328e-05, 1.17047984531e-05, 1.41316359077e-05, 1.58381662914e-05, 1.63947152032e-05, 1.08007643576e-05, 9.56549683906e-06, 1.63880904438e-05, 1.40525462484e-05, 1.61268126249e-05, 9.11004735826e-06, 1.08070880742e-05, 8.18343960418e-06, 8.11528389022e-06, 7.35349067327e-06, 6.79884715282e-06, 8.0246336438e-06, 8.27685653348e-06, 9.69214306679e-06, 8.19880460767e-06, 8.99156839296e-06, 1.20774011521e-05, 9.85414862953e-06, 1.10337377919e-05, 9.6305147963e-06, 8.16547344584e-06, 8.30070985103e-06, 1.11554181785e-05, 1.44978566823e-05, 1.1480539797e-05, 1.14190142995e-05, 9.58415330388e-06, 1.63092390721e-05, 1.05735971374e-05, 9.65639173955e-06, 9.39348865359e-06, 1.38008244903e-05, 1.21206330732e-05, 9.72487760009e-06, 1.01916439235e-05, 1.32262512125e-05, 1.45026651808e-05, 1.69864906638e-05, 1.76716021087e-05, 1.27919956867e-05, 1.33398116304e-05, 1.2424414308e-05, 8.42516510602e-06, 9.22245999391e-06, 8.22847141535e-06, 6.62914681016e-06, 6.3673578552e-06, 3.42426437783e-06, 2.96939242617e-06, 2.19623552766e-06, 6.84693361563e-07, 1.27756888402e-10, 1.32876617695e-11, 1.22969247632e-11, 1.16103480996e-11, 1.11343191611e-11, 1.0752259326e-11, 1.0421516948e-11, 1.01720160073e-11, 9.96030861955e-12, 9.81082749762e-12, 9.70422266849e-12, 9.62503167445e-12],
        "stdev": [0.000943149439991, 0.0117844138294, 0.0288074929267, 0.0304950997233, 0.0236889477819, 0.00957740750164, 0.00258229929022, 0.000891649455298, 0.000676264287904, 0.000795325904619, 0.00135314313229, 0.000984196783975, 0.000898245954886, 0.000785053358413, 0.000719602743629, 0.000566468050238, 0.000605298613664, 0.000396910880227, 0.000641527003609, 0.000419179181335, 0.000766958866734, 0.000699925818481, 0.000450684659882, 0.000571653945372, 0.000316698889947, 0.000582661363296, 0.000526576361153, 0.000163167598657, 0.000261585315457, 0.000127340434119, 0.000226438583923, 0.000167325371876, 0.000105208768218, 0.000283258181298, 0.000251190387644, 0.000160050360137, 8.33654412418e-05, 9.99144467642e-05, 6.86121347826e-05, 0.00012437433179, 0.000141591604915, 9.44378116401e-05, 9.50921530602e-05, 9.36492797337e-05, 0.000122125435155, 6.51225927868e-05, 5.15571009601e-05, 0.000183286843821, 8.58413914102e-05, 4.53219690826e-05, 0.000134390866151, 7.49985774746e-05, 8.91180243343e-05, 6.69562723488e-05, 5.57088278583e-05, 7.52707783249e-05, 8.19154884084e-05, 5.50241529709e-05, 4.32019151049e-05, 5.00094320159e-05, 2.60290853475e-05, 1.89017227967e-05, 2.29979341384e-05, 2.23616680159e-05, 2.55605136772e-05, 1.7098904209e-05, 1.64295415743e-05, 2.15150012082e-05, 1.7170659703e-05, 2.58452455455e-05, 1.21656748888e-05, 1.58372313308e-05, 1.2642425645e-05, 1.16938117571e-05, 9.76170304057e-06, 9.0757430371e-06, 1.02624589999e-05, 1.10463697638e-05, 1.37203460326e-05, 1.35226164275e-05, 1.13150090328e-05, 1.88453796e-05, 1.30270063892e-05, 1.94479198399e-05, 1.26837703647e-05, 1.12061452455e-05, 1.09388738565e-05, 1.70522544067e-05, 2.30067034863e-05, 1.85079989024e-05, 1.76982375706e-05, 1.40785159601e-05, 2.93570756185e-05, 1.59696028277e-05, 1.39155936267e-05, 1.38151799547e-05, 2.78612587863e-05, 2.40396257141e-05, 1.53818873514e-05, 1.69284157892e-05, 2.31926205743e-05, 3.05451394524e-05, 3.93766458728e-05, 4.53770262538e-05, 2.79694868368e-05, 2.69479933195e-05, 2.40445169766e-05, 1.64140019479e-05, 1.69225313584e-05, 1.65426736203e-05, 1.28028405015e-05, 1.43250936162e-05, 7.22214326743e-06, 6.54581390336e-06, 4.17303726863e-06, 1.42738269915e-06, 5.08327380189e-10, 2.06673064079e-11, 1.96215890758e-11, 1.88354384173e-11, 1.82304362578e-11, 1.77332280804e-11, 1.73085469568e-11, 1.69644697595e-11, 1.66736398993e-11, 1.64516403972e-11, 1.62930311604e-11, 1.61907275781e-11]
    },
    "mfcc": {
        "mean": [-614.252258301, 80.8411560059, 28.8040752411, 22.9636821747, 20.6163158417, 9.97853374481, 5.42510890961, 11.8990850449, 4.81155776978, 5.08568716049, 3.31228995323, 4.64084148407, 6.22763299942],
        "cov": [[10153.5771484, 77.7486953735, 44.3722305298, 38.917514801, 435.356445312, 186.566207886, 100.415504456, -17.0085926056, 86.8840484619, 135.201812744, -2.29912137985, 57.9951210022, 99.6410293579], [77.7486953735, 1391.76098633, -120.321929932, 97.8120498657, 11.1750411987, -71.2702255249, 12.6154546738, 167.68536377, 39.4858016968, 80.9732208252, -46.1731452942, 50.4401016235, 96.8412017822], [44.3722305298, -120.321929932, 738.117675781, 158.149810791, 94.5814971924, 118.618881226, 141.922698975, -21.5879631042, 6.99756240845, -45.4673271179, -7.40245056152, -40.8656997681, -16.4155406952], [38.917514801, 97.8120498657, 158.149810791, 277.011444092, 130.44078064, 56.9234886169, 54.4490127563, 50.4359550476, 44.3900527954, 38.1542282104, 19.5479679108, 32.1343574524, 40.9742927551], [435.356445312, 11.1750411987, 94.5814971924, 130.44078064, 264.677825928, 65.425163269, 45.7956085205, 46.2580299377, 50.015335083, 52.7040328979, 2.31724643707, 14.126750946, 33.4395179749], [186.566207886, -71.2702255249, 118.618881226, 56.9234886169, 65.425163269, 220.766159058, 126.572128296, 23.4342327118, 34.9381752014, 23.9137516022, 53.1603164673, 13.4270009995, -13.0604906082], [100.415504456, 12.6154546738, 141.922698975, 54.4490127563, 45.7956085205, 126.572128296, 206.386383057, 68.2506637573, 32.0201225281, 15.4843387604, 43.2502326965, 10.9879179001, 5.99350786209], [-17.0085926056, 167.68536377, -21.5879631042, 50.4359550476, 46.2580299377, 23.4342327118, 68.2506637573, 165.239944458, 65.5022735596, 45.5799217224, 29.8260002136, 33.1631774902, 27.019744873], [86.8840484619, 39.4858016968, 6.99756240845, 44.3900527954, 50.015335083, 34.9381752014, 32.0201225281, 65.5022735596, 121.892456055, 68.1408996582, 26.1399097443, 22.8697757721, 21.9154205322], [135.201812744, 80.9732208252, -45.4673271179, 38.1542282104, 52.7040328979, 23.9137516022, 15.4843387604, 45.5799217224, 68.1408996582, 125.766273499, 47.1862602234, 36.9236717224, 26.1502952576], [-2.29912137985, -46.1731452942, -7.40245056152, 19.5479679108, 2.31724643707, 53.1603164673, 43.2502326965, 29.8260002136, 26.1399097443, 47.1862602234, 125.53692627, 49.360004425, -5.87556743622], [57.9951210022, 50.4401016235, -40.8656997681, 32.1343574524, 14.126750946, 13.4270009995, 10.9879179001, 33.1631774902, 22.8697757721, 36.9236717224, 49.360004425, 97.6982040405, 53.1598472595], [99.6410293579, 96.8412017822, -16.4155406952, 40.9742927551, 33.4395179749, -13.0604906082, 5.99350786209, 27.019744873, 21.9154205322, 26.1502952576, -5.87556743622, 53.1598472595, 108.178474426]],
        "icov": [[0.000110574939754, -1.78583795787e-05, 8.87837359187e-06, 0.000105258790427, -0.000213085470023, -5.7545134041e-05, -3.84637605748e-05, 0.000116562572657, -2.19402591028e-05, -4.91418068123e-05, 3.39658763551e-05, -5.03455412399e-05, -4.95362219226e-05], [-1.78583795787e-05, 0.000969493936282, 8.07815013104e-05, -0.000379869743483, 0.000381540303351, 0.000197440036573, -4.10008833569e-05, -0.00104100583121, 0.000523753638845, -0.000750559323933, 0.000783223134931, -9.2126421805e-05, -0.000363978149835], [8.87837359187e-06, 8.07815013104e-05, 0.00205520889722, -0.00112093100324, -0.000247500487603, -0.000143293989822, -0.00134610198438, 0.000911097973585, -0.00044368224917, 0.000969478685874, 7.35023786547e-05, 0.000750543200411, 5.28623859282e-05], [0.000105258790427, -0.000379869743483, -0.00112093100324, 0.00588421104476, -0.00229422841221, -0.000394179369323, 0.000310686911689, -0.000387644598959, -0.00036469247425, -7.74007785367e-05, -0.000491030572448, -0.000943976920098, -0.000884727109224], [-0.000213085470023, 0.000381540303351, -0.000247500487603, -0.00229422841221, 0.00620436947793, -0.00114978267811, 0.000420946336817, -0.00120695610531, 2.77386207017e-05, -0.00197209743783, 0.00140130356885, 0.000725261634216, -0.000901590741705], [-5.7545134041e-05, 0.000197440036573, -0.000143293989822, -0.000394179369323, -0.00114978267811, 0.00842916686088, -0.00474270153791, 0.00164569157641, -0.00130981416442, 1.51254907905e-05, -0.00140897044912, -0.00105376157444, 0.00193160306662], [-3.84637605748e-05, -4.10008833569e-05, -0.00134610198438, 0.000310686911689, 0.000420946336817, -0.00474270153791, 0.0100101055577, -0.00400978187099, 0.00079066446051, 0.00052344519645, -0.00170297466684, 0.00158869987354, -0.00166550348513], [0.000116562572657, -0.00104100583121, 0.000911097973585, -0.000387644598959, -0.00120695610531, 0.00164569157641, -0.00400978187099, 0.0110978689045, -0.00463094888255, 0.00083740381524, -0.000968771986663, -0.00141020352021, 0.000507744727656], [-2.19402591028e-05, 0.000523753638845, -0.00044368224917, -0.00036469247425, 2.77386207017e-05, -0.00130981416442, 0.00079066446051, -0.00463094888255, 0.014467721805, -0.00665527256206, 0.000809688644949, 0.000603006454185, -0.00100619310979], [-4.91418068123e-05, -0.000750559323933, 0.000969478685874, -7.74007785367e-05, -0.00197209743783, 1.51254907905e-05, 0.00052344519645, 0.00083740381524, -0.00665527256206, 0.0150311253965, -0.00474126031622, -0.000335264805472, -0.00111115304753], [3.39658763551e-05, 0.000783223134931, 7.35023786547e-05, -0.000491030572448, 0.00140130356885, -0.00140897044912, -0.00170297466684, -0.000968771986663, 0.000809688644949, -0.00474126031622, 0.0148945236579, -0.00843791011721, 0.00513529172167], [-5.03455412399e-05, -9.2126421805e-05, 0.000750543200411, -0.000943976920098, 0.000725261634216, -0.00105376157444, 0.00158869987354, -0.00141020352021, 0.000603006454185, -0.000335264805472, -0.00843791011721, 0.0211825817823, -0.0103956386447], [-4.95362219226e-05, -0.000363978149835, 5.28623859282e-05, -0.000884727109224, -0.000901590741705, 0.00193160306662, -0.00166550348513, 0.000507744727656, -0.00100619310979, -0.00111115304753, 0.00513529172167, -0.0103956386447, 0.0162957906723]]
    },
    "spectral_contrast_coeffs": {
        "mean": [-0.730852782726, -0.750208735466, -0.764918148518, -0.778652250767, -0.776628553867, -0.797235429287],
        "stdev": [0.0890744328499, 0.0730965137482, 0.066126614809, 0.0575257875025, 0.0533144660294, 0.0383083075285]
    },
    "spectral_contrast_valleys": {
        "mean": [-6.55869674683, -7.11944723129, -7.75387954712, -7.83383226395, -7.59316253662, -9.14597415924],
        "stdev": [2.22567725182, 2.07616710663, 2.02722883224, 2.06340694427, 2.06032037735, 2.03774762154]
    }
},
"rhythm": {
    "beats_count": 487,
    "beats_loudness": {
        "mean": 0.0498331710696,
        "stdev": 0.0358909778297
    },
    "bpm": 134.536270142,
    "bpm_histogram_first_peak_bpm": 136,
    "bpm_histogram_first_peak_weight": 0.439140796661,
    "bpm_histogram_second_peak_bpm": 129,
    "bpm_histogram_second_peak_spread": 0.25,
    "bpm_histogram_second_peak_weight": 0.0864197537303,
    "danceability": 1.4094388485,
    "onset_rate": 4.0198969841,
    "beats_loudness_band_ratio": {
        "mean": [0.377069234848, 0.0994811654091, 0.0786288008094, 0.0471442267299, 0.0663454011083, 0.342079818249],
        "stdev": [0.184880942106, 0.113490611315, 0.115130983293, 0.0577929504216, 0.0808161869645, 0.189133703709]
    },
    "beats_position": [0.406349211931, 0.835918366909, 1.27709746361, 1.71827661991, 2.15945577621, 2.60063481331, 3.04181408882, 3.48299312592, 3.92417216301, 4.3653512001, 4.81814050674, 5.27092981339, 5.72371864319, 6.17650794983, 6.6176867485, 7.05886602402, 7.50004529953, 7.95283412933, 8.40562343597, 8.87002277374, 9.34603118896, 9.82204055786, 10.3096599579, 10.7856683731, 11.261677742, 11.7376871109, 12.2136955261, 12.6664848328, 13.1192741394, 13.5604534149, 14.0016326904, 14.4660310745, 14.90721035, 15.3483896255, 15.7895689011, 16.242357254, 16.6951465607, 17.1363258362, 17.5891151428, 18.0419044495, 18.483083725, 18.9242630005, 19.365442276, 19.8298416138, 20.2710208893, 20.7121982574, 21.1649875641, 21.6177768707, 22.0589561462, 22.5001354218, 22.9529247284, 23.405714035, 23.8468933105, 24.2880725861, 24.7292518616, 25.1936511993, 25.6348285675, 26.076007843, 26.5287971497, 26.9815864563, 27.4227657318, 27.8639450073, 28.316734314, 28.7695236206, 29.2107028961, 29.6518821716, 30.1046714783, 30.5574588776, 30.9986381531, 31.4398174286, 31.8926067352, 32.3453979492, 32.7865753174, 33.2277526855, 33.6805419922, 34.1333312988, 34.5745124817, 35.0156898499, 35.4684791565, 35.9212684631, 36.362449646, 36.8036270142, 37.2564163208, 37.7092056274, 38.1503829956, 38.5915641785, 39.0443534851, 39.4971427917, 39.9383201599, 40.3911094666, 40.8438987732, 41.2850799561, 41.7262573242, 42.1674385071, 42.6202278137, 43.0730133057, 43.5141944885, 43.9553718567, 44.4197731018, 44.86095047, 45.3021316528, 45.743309021, 46.2077102661, 46.6488876343, 47.0900688171, 47.5312461853, 47.9956436157, 48.4368247986, 48.8780021667, 49.3307914734, 49.78358078, 50.2247619629, 50.6659393311, 51.1071205139, 51.5599098206, 52.0126991272, 52.4538764954, 52.906665802, 53.3594551086, 53.8006324768, 54.2418136597, 54.6829910278, 55.1357803345, 55.5769615173, 56.029750824, 56.4825401306, 56.9353294373, 57.3765068054, 57.8176841736, 58.2704734802, 58.7232627869, 59.1644439697, 59.6056213379, 60.0584106445, 60.5111999512, 60.952381134, 61.3935585022, 61.8463478088, 62.2991371155, 62.7403144836, 63.1814956665, 63.6342849731, 64.0870742798, 64.5282516479, 64.9694290161, 65.4222183228, 65.8750076294, 66.316192627, 66.7573699951, 67.2101593018, 67.6629486084, 68.1041259766, 68.5453033447, 68.9980926514, 69.450881958, 69.8920593262, 70.3332443237, 70.7860336304, 71.238822937, 71.6800003052, 72.1211776733, 72.57396698, 73.0267562866, 73.4679336548, 73.9091110229, 74.3619003296, 74.8146896362, 75.2558746338, 75.697052002, 76.1498413086, 76.6026306152, 77.0438079834, 77.4849853516, 77.9377746582, 78.3905639648, 78.831741333, 79.2729263306, 79.7373199463, 80.1785049438, 80.619682312, 81.0608596802, 81.5136489868, 81.9664382935, 82.4076156616, 82.8487930298, 83.3131942749, 83.7543716431, 84.1955566406, 84.6483459473, 85.1011352539, 85.5423126221, 85.9834899902, 86.4362792969, 86.8890686035, 87.3302459717, 87.7714233398, 88.2242126465, 88.6770019531, 89.1181869507, 89.5593643188, 90.000541687, 90.4417190552, 90.8945083618, 91.3472976685, 91.8000869751, 92.2528762817, 92.6940536499, 93.1352386475, 93.5880279541, 94.0408172607, 94.4819946289, 94.9231719971, 95.3759613037, 95.8287506104, 96.2699279785, 96.7111129761, 97.1638946533, 97.61668396, 98.0578689575, 98.4990463257, 98.9518356323, 99.404624939, 99.8458023071, 100.286979675, 100.75138092, 101.192558289, 101.633743286, 102.086524963, 102.53931427, 102.980499268, 103.421676636, 103.874465942, 104.327255249, 104.768432617, 105.209609985, 105.650794983, 106.10358429, 106.556373596, 106.997550964, 107.438728333, 107.903129578, 108.344306946, 108.785484314, 109.238273621, 109.691062927, 110.132240295, 110.573425293, 111.0262146, 111.479003906, 111.920181274, 112.361358643, 112.802536011, 113.266937256, 113.708114624, 114.149291992, 114.602081299, 115.054870605, 115.496055603, 115.937232971, 116.378410339, 116.842811584, 117.283988953, 117.725166321, 118.177955627, 118.630744934, 119.071922302, 119.5131073, 119.965896606, 120.418685913, 120.859863281, 121.301040649, 121.753829956, 122.206619263, 122.647796631, 123.088973999, 123.541763306, 123.994552612, 124.43573761, 124.876914978, 125.318092346, 125.782493591, 126.223670959, 126.664848328, 127.117637634, 127.570426941, 128.011611938, 128.452789307, 128.905578613, 129.35836792, 129.799545288, 130.240722656, 130.693511963, 131.14630127, 131.587478638, 132.028656006, 132.481445312, 132.934234619, 133.375411987, 133.828201294, 134.280990601, 134.722167969, 135.163360596, 135.604537964, 136.057327271, 136.510116577, 136.951293945, 137.392471313, 137.856872559, 138.298049927, 138.739227295, 139.180404663, 139.63319397, 140.085983276, 140.527160645, 140.968338013, 141.432739258, 141.873916626, 142.315093994, 142.756271362, 143.209060669, 143.661849976, 144.103042603, 144.555831909, 145.008621216, 145.461410522, 145.902587891, 146.343765259, 146.796554565, 147.237731934, 147.678909302, 148.131698608, 148.584487915, 149.025665283, 149.466842651, 149.919631958, 150.349197388, 150.778778076, 151.208343506, 151.603088379, 152.009429932, 152.415786743, 152.810516357, 153.216873169, 153.599990845, 153.983123779, 154.377868652, 154.830657959, 155.295059204, 155.759460449, 156.200637817, 156.641815186, 157.082992554, 157.524169922, 157.96534729, 158.406524658, 158.847702026, 159.288879395, 159.741668701, 160.194458008, 160.647247314, 161.11164856, 161.576049805, 162.04045105, 162.504852295, 162.96925354, 163.445251465, 163.90965271, 164.374053955, 164.8384552, 165.314468384, 165.790466309, 166.243255615, 166.70765686, 167.172058105, 167.648071289, 168.124084473, 168.600082397, 169.08770752, 169.575332642, 170.039718628, 170.480911255, 170.933700562, 171.386474609, 171.827667236, 172.268844604, 172.721633911, 173.174423218, 173.615600586, 174.056777954, 174.509567261, 174.962356567, 175.403533936, 175.844711304, 176.29750061, 176.750289917, 177.191467285, 177.632644653, 178.073822021, 178.538223267, 178.979400635, 179.420593262, 179.873382568, 180.326171875, 180.767349243, 181.208526611, 181.661315918, 182.114105225, 182.555282593, 182.996459961, 183.449249268, 183.902038574, 184.354827881, 184.807617188, 185.248794556, 185.689971924, 186.131149292, 186.57232666, 187.025115967, 187.477905273, 187.919082642, 188.360275269, 188.813064575, 189.265853882, 189.70703125, 190.148208618, 190.600997925, 191.053787231, 191.4949646, 191.936141968, 192.400543213, 192.841720581, 193.282897949, 193.724075317, 194.176864624, 194.629653931, 195.070831299, 195.512008667, 195.976409912, 196.41758728, 196.858764648, 197.299957275, 197.752746582, 198.205535889, 198.646713257, 199.099502563, 199.55229187, 199.993469238, 200.434646606, 200.887435913, 201.34022522, 201.781402588, 202.222579956, 202.663757324, 203.116546631, 203.569335938, 204.010513306, 204.463302612, 204.916091919, 205.357269287, 205.798446655, 206.2628479, 206.704025269, 207.145217896, 207.586395264, 208.03918457, 208.491973877, 208.933151245, 209.374328613, 209.82711792, 210.279907227, 210.721084595, 211.162261963, 211.61505127, 212.067840576, 212.532241821, 212.985031128, 213.437820435, 213.90222168, 214.366622925, 214.831008911, 215.295410156, 215.759811401, 216.224212646, 216.688613892, 217.153015137, 217.62902832, 218.105026245],
    "bpm_histogram": [0, 0, 0, 0, 0, 0, 0, 0, 0, 0, 0, 0, 0, 0, 0, 0, 0, 0, 0, 0, 0, 0, 0, 0, 0, 0, 0, 0, 0, 0, 0, 0, 0, 0, 0, 0, 0, 0, 0, 0, 0, 0, 0, 0, 0, 0, 0, 0, 0, 0, 0, 0, 0, 0, 0, 0, 0, 0, 0, 0, 0, 0, 0, 0, 0, 0, 0, 0, 0, 0, 0, 0, 0, 0, 0, 0, 0, 0, 0, 0, 0, 0, 0, 0, 0, 0, 0, 0, 0, 0, 0, 0, 0, 0, 0, 0, 0, 0, 0, 0, 0, 0, 0, 0, 0, 0, 0, 0, 0, 0, 0, 0, 0, 0, 0, 0, 0, 0, 0, 0, 0, 0, 0, 0.00617283955216, 0, 0, 0.0288065839559, 0, 0, 0.0864197537303, 0, 0, 0, 0.370370358229, 0, 0, 0.483539104462, 0, 0, 0, 0.00823045242578, 0, 0, 0, 0, 0, 0, 0, 0.00617283955216, 0, 0, 0, 0.00617283955216, 0, 0, 0, 0, 0.00411522621289, 0, 0, 0, 0, 0, 0, 0, 0, 0, 0, 0, 0, 0, 0, 0, 0, 0, 0, 0, 0, 0, 0, 0, 0, 0, 0, 0, 0, 0, 0, 0, 0, 0, 0, 0, 0, 0, 0, 0, 0, 0, 0, 0, 0, 0, 0, 0, 0, 0, 0, 0, 0, 0, 0, 0, 0, 0, 0, 0, 0, 0, 0, 0, 0, 0, 0, 0, 0, 0, 0, 0, 0, 0, 0, 0, 0, 0, 0, 0, 0, 0, 0, 0, 0, 0, 0, 0, 0, 0, 0, 0, 0]
},
"tonal": {
    "chords_changes_rate": 0.0639065802097,
    "chords_number_rate": 0.00169851374812,
    "chords_strength": {
        "mean": 0.51148211956,
        "stdev": 0.132202029228
    },
    "hpcp_crest": {
        "mean": 13.5512685776,
        "stdev": 6.3955078125
    },
    "hpcp_entropy": {
        "mean": 1.96284723282,
        "stdev": 0.759973049164
    },
    "key_edma": {
        "strength": 0.651169598103,
        "key": "D#",
        "scale": "minor"
    },
    "key_krumhansl": {
        "strength": 0.641488075256,
        "key": "D#",
        "scale": "minor"
    },
    "key_temperley": {
        "strength": 0.664885818958,
        "key": "A#",
        "scale": "minor"
    },
    "tuning_diatonic_strength": 0.588806033134,
    "tuning_equal_tempered_deviation": 0.212551310658,
    "tuning_frequency": 434.193115234,
    "tuning_nontempered_energy_ratio": 0.949241220951,
    "hpcp": {
        "mean": [0.104700036347, 0.0987753942609, 0.144935294986, 0.311845064163, 0.33063942194, 0.155655622482, 0.0571969598532, 0.0485867038369, 0.0499033592641, 0.0797598212957, 0.0876176804304, 0.0547082535923, 0.080719769001, 0.091651327908, 0.0489834845066, 0.0377183482051, 0.0376899801195, 0.0414469651878, 0.0986943617463, 0.1271404773, 0.0887078866363, 0.0615064240992, 0.0501281358302, 0.0569974780083, 0.131793349981, 0.166495114565, 0.0968061685562, 0.0861010178924, 0.0953557789326, 0.0531266108155, 0.0302118733525, 0.0280690677464, 0.0312805920839, 0.0798362493515, 0.133085146546, 0.119028910995],
        "stdev": [0.259451687336, 0.238601177931, 0.278755068779, 0.369116663933, 0.390907675028, 0.241717979312, 0.177197381854, 0.169758200645, 0.170045718551, 0.186769068241, 0.195841655135, 0.146315678954, 0.184823915362, 0.206981226802, 0.123565934598, 0.128701195121, 0.126399159431, 0.133135735989, 0.203866124153, 0.25619122386, 0.202694162726, 0.176036059856, 0.168623253703, 0.167220979929, 0.231341302395, 0.282800227404, 0.195569932461, 0.217677235603, 0.242133155465, 0.147586718202, 0.101022340357, 0.0930060818791, 0.0964966788888, 0.174030929804, 0.286757618189, 0.245503902435]
    },
    "chords_histogram": [43.0360946655, 3.12101912498, 4.69214439392, 10.7006368637, 0.0424628444016, 0.828025460243, 0, 7.91932058334, 0, 0.3609341681, 0, 0, 0, 0, 0.48832270503, 0.403397023678, 2.69639062881, 0.339702755213, 0.0849256888032, 0, 0.0424628444016, 0, 16.135881424, 9.10828018188],
    "thpcp": [1, 0.47077152133, 0.172988936305, 0.146947696805, 0.15092985332, 0.241229012609, 0.264994651079, 0.165461987257, 0.244132325053, 0.277194201946, 0.148147746921, 0.114076986909, 0.113991186023, 0.125353977084, 0.298495441675, 0.384529083967, 0.268291920424, 0.186022654176, 0.151609674096, 0.172385603189, 0.398601442575, 0.503554940224, 0.292784720659, 0.260407596827, 0.288398087025, 0.160678386688, 0.0913740843534, 0.0848932862282, 0.0946063622832, 0.241460159421, 0.402508407831, 0.359996140003, 0.316659271717, 0.298740535975, 0.438348501921, 0.943157553673],
    "chords_key": "A#",
    "chords_scale": "minor"
}
}