{
"metadata": {
    "version": {
        "essentia": "2.1-dev",
        "essentia_git_sha": "v2.1_beta3-415-gd5473f3",
        "extractor": "music 2.0"
    },
    "audio_properties": {
        "analysis": {
            "equal_loudness": 0,
            "length": 215.248977661,
            "sample_rate": 44100,
            "start_time": 0,
            "downmix": "mix"
        },
        "bit_rate": 192000,
        "length": 215.248977661,
        "lossless": 0,
        "number_channels": 2,
        "replay_gain": -6.67551040649,
        "sample_rate": 44100,
        "codec": "mp3",
        "md5_encoded": "f3741af8f45f908a7cd35f8444b4841b"
    },
    "tags": {
        "file_name": "barthezz-on_the_move.mp3",
        "album": ["DISCO ALEGRIA 2001-3"],
        "artist": ["Various Artists"],
        "genre": ["Other"],
        "title": ["On the move"]
    }
},
"lowlevel": {
    "average_loudness": 0.928664088249,
    "barkbands_crest": {
        "mean": 12.4940795898,
        "stdev": 6.22501945496
    },
    "barkbands_flatness_db": {
        "mean": 0.127639651299,
        "stdev": 0.0688274875283
    },
    "barkbands_kurtosis": {
        "mean": 7.86799144745,
        "stdev": 22.079782486
    },
    "barkbands_skewness": {
        "mean": 1.98019826412,
        "stdev": 2.03298187256
    },
    "barkbands_spread": {
        "mean": 33.4560432434,
        "stdev": 20.5341415405
    },
    "dissonance": {
        "mean": 0.470993310213,
        "stdev": 0.0248045101762
    },
    "dynamic_complexity": 3.03813672066,
    "erbbands_crest": {
        "mean": 6.425344944,
        "stdev": 3.54642224312
    },
    "erbbands_flatness_db": {
        "mean": 0.115316666663,
        "stdev": 0.0558103956282
    },
    "erbbands_kurtosis": {
        "mean": -0.334437638521,
        "stdev": 1.67607367039
    },
    "erbbands_skewness": {
        "mean": -0.000148952734889,
        "stdev": 0.613995194435
    },
    "erbbands_spread": {
        "mean": 61.002872467,
        "stdev": 25.9716510773
    },
    "hfc": {
        "mean": 44.9984931946,
        "stdev": 44.9909553528
    },
    "loudness_ebu128": {
        "integrated": -14.2764930725,
        "loudness_range": 6.2759180069,
        "momentary": {
            "mean": -18.3637046814,
            "stdev": 27.0376377106
        },
        "short_term": {
            "mean": -15.7233333588,
            "stdev": 5.42490196228
        }
    },
    "melbands_crest": {
        "mean": 18.4093761444,
        "stdev": 7.26553726196
    },
    "melbands_flatness_db": {
        "mean": 0.18760125339,
        "stdev": 0.0937079265714
    },
    "melbands_kurtosis": {
        "mean": 36.2367515564,
        "stdev": 79.4781036377
    },
    "melbands_skewness": {
        "mean": 4.17258930206,
        "stdev": 3.15874695778
    },
    "melbands_spread": {
        "mean": 30.0596885681,
        "stdev": 28.9465312958
    },
    "pitch_salience": {
        "mean": 0.496415615082,
        "stdev": 0.178933665156
    },
    "silence_rate_20dB": {
        "mean": 1,
        "stdev": 0
    },
    "silence_rate_30dB": {
        "mean": 0.940028071404,
        "stdev": 0.237439721823
    },
    "silence_rate_60dB": {
        "mean": 0.0835940018296,
        "stdev": 0.276778489351
    },
    "spectral_centroid": {
        "mean": 1768.05566406,
        "stdev": 1224.31787109
    },
    "spectral_complexity": {
        "mean": 21.9696903229,
        "stdev": 13.5645971298
    },
    "spectral_decrease": {
        "mean": -1.09205391396e-08,
        "stdev": 8.62797566725e-09
    },
    "spectral_energy": {
        "mean": 0.0452981591225,
        "stdev": 0.0340938270092
    },
    "spectral_energyband_high": {
        "mean": 0.00389173813164,
        "stdev": 0.00467816414312
    },
    "spectral_energyband_low": {
        "mean": 0.0265534054488,
        "stdev": 0.0296909380704
    },
    "spectral_energyband_middle_high": {
        "mean": 0.00530425738543,
        "stdev": 0.00601372634992
    },
    "spectral_energyband_middle_low": {
        "mean": 0.0105879018083,
        "stdev": 0.0100499913096
    },
    "spectral_entropy": {
        "mean": 8.05063533783,
        "stdev": 0.505227088928
    },
    "spectral_flux": {
        "mean": 0.115687392652,
        "stdev": 0.0607488118112
    },
    "spectral_kurtosis": {
        "mean": 3.544008255,
        "stdev": 8.41067695618
    },
    "spectral_rms": {
        "mean": 0.00602051615715,
        "stdev": 0.00281901238486
    },
    "spectral_rolloff": {
        "mean": 2526.41430664,
        "stdev": 3111.88891602
    },
    "spectral_skewness": {
        "mean": 1.29585683346,
        "stdev": 0.738946914673
    },
    "spectral_spread": {
        "mean": 7109947.5,
        "stdev": 3974566.25
    },
    "spectral_strongpeak": {
        "mean": 0.606680929661,
        "stdev": 0.568472027779
    },
    "zerocrossingrate": {
        "mean": 0.0947010740638,
        "stdev": 0.0691593363881
    },
    "barkbands": {
        "mean": [0.000514204381034, 0.0189759172499, 0.00609197840095, 0.00184878101572, 0.00368434260599, 0.00168213341385, 0.0015518082073, 0.00109852431342, 0.000625166343525, 0.000375678093405, 0.00059960281942, 0.000688405882102, 0.000725656980649, 0.0006787533639, 0.000453770189779, 0.000532177626155, 0.000371175847249, 0.000340667378623, 0.00035099676461, 0.000490932667162, 0.000504797091708, 0.000624817679636, 0.000798527908046, 0.000810584519058, 0.000533360464033, 0.000340996892191, 4.39271479991e-06],
        "stdev": [0.000789682380855, 0.0283763315529, 0.00980051327497, 0.0041652447544, 0.00494564278051, 0.00251044146717, 0.00234914734028, 0.00206828140654, 0.0018519309815, 0.000721349322703, 0.00144815491512, 0.00128883076832, 0.00134645600338, 0.00111836753786, 0.000921625993215, 0.000967370287981, 0.000574905017857, 0.000429670879385, 0.000439962517703, 0.000596360245254, 0.000588476075791, 0.000773384061176, 0.00104789878242, 0.00108296971302, 0.000772022060119, 0.00049589574337, 2.2920929041e-05]
    },
    "erbbands": {
        "mean": [0.57739585638, 4.10255146027, 7.51720762253, 6.61220216751, 8.81789970398, 13.6926279068, 12.0074329376, 15.6818284988, 19.9832115173, 23.7054157257, 21.0200481415, 15.0937824249, 12.2830324173, 17.5098552704, 28.876537323, 24.0672264099, 32.2000656128, 33.6960449219, 26.7923431396, 25.5760879517, 30.647857666, 22.0526008606, 19.8440666199, 18.5415687561, 16.8315505981, 23.6720085144, 20.5102615356, 20.2996234894, 21.8981761932, 23.6331062317, 22.2402133942, 20.655166626, 10.8858594894, 6.8708152771, 3.22451090813, 1.95542490482, 0.544233262539, 0.0375766195357, 0.000921069062315, 0.000103993144876],
        "stdev": [0.881058096886, 6.47048139572, 10.2150220871, 11.7705287933, 14.0748882294, 19.9022006989, 20.3203620911, 22.3089790344, 28.7214565277, 33.7096710205, 41.882724762, 47.9422302246, 22.0179462433, 37.1239280701, 63.1596755981, 38.8105888367, 59.5480613708, 53.2001457214, 38.8615913391, 46.1209945679, 51.0107421875, 32.4799919128, 25.4863948822, 22.8831291199, 19.7981281281, 29.88697052, 23.6900196075, 24.0575485229, 26.8749237061, 28.5421714783, 30.1547966003, 28.64727211, 14.2672948837, 9.93815517426, 4.50722837448, 2.78970885277, 0.85664665699, 0.0706524923444, 0.00179712218232, 9.12984178285e-05]
    },
    "gfcc": {
        "mean": [18.7124729156, 53.4364280701, -96.608505249, 36.9744873047, -58.5045509338, 28.2506790161, -43.3474006653, 11.6126737595, -23.6508560181, 14.3775854111, -14.5031824112, 7.21687936783, -14.5719022751],
        "cov": [[27185.8339844, -2565.00488281, -267.884155273, 1876.88134766, -1894.23706055, 1113.14233398, -494.136352539, 745.722839355, -588.233215332, 498.715545654, -520.27947998, 382.237731934, -493.695465088], [-2565.00488281, 2130.82641602, -171.515823364, -342.261291504, 598.882141113, -162.780303955, 89.6641998291, -176.273590088, 162.781860352, -104.146614075, 165.669937134, -136.51864624, 121.518447876], [-267.884155273, -171.515823364, 1038.84008789, 346.208374023, 97.287727356, 309.756713867, 165.276535034, 146.106185913, 48.4905700684, 52.4885368347, -11.5088405609, 9.17050552368, -13.1361198425], [1876.88134766, -342.261291504, 346.208374023, 547.754760742, -0.181350395083, 240.497192383, 105.086997986, 139.469360352, -2.18707990646, 74.4538116455, -22.947681427, 53.1453475952, -26.6647357941], [-1894.23706055, 598.882141113, 97.287727356, -0.181350395083, 492.102050781, 79.3974380493, 159.703216553, -2.21322417259, 109.288566589, -19.7875118256, 86.6506347656, -32.5521087646, 61.2615966797], [1113.14233398, -162.780303955, 309.756713867, 240.497192383, 79.3974380493, 348.819641113, 149.860076904, 158.376968384, 36.3842697144, 92.3832626343, 10.003821373, 41.3559455872, -14.0554666519], [-494.136352539, 89.6641998291, 165.276535034, 105.086997986, 159.703216553, 149.860076904, 232.417480469, 117.741867065, 107.606887817, 63.7217102051, 68.7697982788, 21.4168567657, 32.1327323914], [745.722839355, -176.273590088, 146.106185913, 139.469360352, -2.21322417259, 158.376968384, 117.741867065, 188.342819214, 88.3303375244, 96.714012146, 27.4529361725, 42.7903594971, 6.52034950256], [-588.233215332, 162.781860352, 48.4905700684, -2.18707990646, 109.288566589, 36.3842697144, 107.606887817, 88.3303375244, 172.964614868, 73.472076416, 89.3168716431, 11.0704975128, 34.964389801], [498.715545654, -104.146614075, 52.4885368347, 74.4538116455, -19.7875118256, 92.3832626343, 63.7217102051, 96.714012146, 73.472076416, 132.807006836, 59.3461647034, 43.4215927124, 12.5233469009], [-520.27947998, 165.669937134, -11.5088405609, -22.947681427, 86.6506347656, 10.003821373, 68.7697982788, 27.4529361725, 89.3168716431, 59.3461647034, 133.60546875, 52.6111068726, 51.9571990967], [382.237731934, -136.51864624, 9.17050552368, 53.1453475952, -32.5521087646, 41.3559455872, 21.4168567657, 42.7903594971, 11.0704975128, 43.4215927124, 52.6111068726, 93.9277801514, 43.3211784363], [-493.695465088, 121.518447876, -13.1361198425, -26.6647357941, 61.2615966797, -14.0554666519, 32.1327323914, 6.52034950256, 34.964389801, 12.5233469009, 51.9571990967, 43.3211784363, 89.6412353516]],
        "icov": [[0.000197476911126, -0.000303805049043, 0.000342253624694, -0.000591817428358, 0.000684801896568, -0.000667209504172, 0.000635539472569, -0.000676787632983, 0.00030312204035, -0.000208524172194, 0.000414645357523, -0.000715373666026, 0.0006386328605], [-0.000303805049043, 0.00157947733533, -0.000428580970038, 0.00103535596281, -0.00180308439303, 0.000823121867143, -0.000720941403415, 0.00150226301048, -0.000721456948668, 0.000841992616188, -0.00219277152792, 0.00346483336762, -0.00229844148271], [0.000342253624694, -0.000428580970038, 0.00207989104092, -0.00163319357671, 0.00132320460398, -0.00231159245595, 0.000928765628487, -0.00101828668267, 4.92228318762e-05, 0.000349724345142, 0.000524791830685, -0.000265305134235, 0.000515299616382], [-0.000591817428358, 0.00103535596281, -0.00163319357671, 0.00503912894055, -0.00256939651445, 0.00140748394188, -0.00240024738014, 0.00132734142244, -0.000152021588292, -0.000230030200328, 0.00010769815708, 1.31065171445e-05, -0.000640181475319], [0.000684801896568, -0.00180308439303, 0.00132320460398, -0.00256939651445, 0.00761823216453, -0.00453530624509, 0.000183476004167, -0.000339522928698, -0.000792502309196, 0.00196902058087, -0.000403758574976, 0.000125038568513, -0.000105527244159], [-0.000667209504172, 0.000823121867143, -0.00231159245595, 0.00140748394188, -0.00453530624509, 0.0109356688336, -0.0043501672335, -0.00193476618733, 0.00261776242405, -0.00304241222329, 0.000691572728101, -0.00107330584433, 0.00132554594893], [0.000635539472569, -0.000720941403415, 0.000928765628487, -0.00240024738014, 0.000183476004167, -0.0043501672335, 0.0130360536277, -0.00652427785099, -0.000599685125053, 0.000740955059882, -0.00232301605865, 0.000605301989708, 7.81486887718e-05], [-0.000676787632983, 0.00150226301048, -0.00101828668267, 0.00132734142244, -0.000339522928698, -0.00193476618733, -0.00652427785099, 0.0212307870388, -0.0101473666728, -0.00334860221483, 0.00499776331708, -0.00220449315384, -0.0022008032538], [0.00030312204035, -0.000721456948668, 4.92228318762e-05, -0.000152021588292, -0.000792502309196, 0.00261776242405, -0.000599685125053, -0.0101473666728, 0.0185699630529, -0.0044933129102, -0.00769443018362, 0.00545835960656, -0.000278963241726], [-0.000208524172194, 0.000841992616188, 0.000349724345142, -0.000230030200328, 0.00196902058087, -0.00304241222329, 0.000740955059882, -0.00334860221483, -0.0044933129102, 0.0190136395395, -0.00858310423791, 0.00274284672923, -0.00140610756353], [0.000414645357523, -0.00219277152792, 0.000524791830685, 0.00010769815708, -0.000403758574976, 0.000691572728101, -0.00232301605865, 0.00499776331708, -0.00769443018362, -0.00858310423791, 0.0273277815431, -0.0194443464279, 0.00397636694834], [-0.000715373666026, 0.00346483336762, -0.000265305134235, 1.31065171445e-05, 0.000125038568513, -0.00107330584433, 0.000605301989708, -0.00220449315384, 0.00545835960656, 0.00274284672923, -0.0194443464279, 0.0374178253114, -0.0183072406799], [0.0006386328605, -0.00229844148271, 0.000515299616382, -0.000640181475319, -0.000105527244159, 0.00132554594893, 7.81486887718e-05, -0.0022008032538, -0.000278963241726, -0.00140610756353, 0.00397636694834, -0.0183072406799, 0.0249336156994]]
    },
    "melbands": {
        "mean": [0.00525710266083, 0.00454648444429, 0.00122911436483, 0.000842797860969, 0.000459576578578, 0.000340351311024, 0.00031682709232, 0.000267893949058, 0.00015325161803, 9.28695008042e-05, 5.88734692428e-05, 6.63114115014e-05, 8.67481576279e-05, 8.66288974066e-05, 5.17285334354e-05, 8.16638930701e-05, 6.03352527833e-05, 4.51157939096e-05, 3.95987372031e-05, 3.33679854521e-05, 3.51915878127e-05, 2.3322956622e-05, 1.88078956853e-05, 1.4870574887e-05, 1.54551544256e-05, 1.23931604321e-05, 1.33442817969e-05, 1.64618195413e-05, 1.26163213281e-05, 1.16415549201e-05, 1.16648443509e-05, 1.18753987408e-05, 1.34255096782e-05, 1.33131552502e-05, 1.23749368868e-05, 1.35917553052e-05, 1.24167709146e-05, 7.65505592426e-06, 6.33864283373e-06, 5.78385197514e-06],
        "stdev": [0.00796583388001, 0.00549454288557, 0.00195345585234, 0.00118711323012, 0.000684500380885, 0.000477595633129, 0.000446647405624, 0.000386149389669, 0.000320814782754, 0.000284080888378, 0.000110904235044, 0.00014268643281, 0.000203967239941, 0.000173413980519, 0.000105720668216, 0.00015788860037, 9.9350225355e-05, 7.66900338931e-05, 8.84247783688e-05, 6.7740555096e-05, 6.08705813647e-05, 3.8280049921e-05, 2.46064937528e-05, 1.95294051082e-05, 1.99863370653e-05, 1.56790883921e-05, 1.66001318576e-05, 2.23727147386e-05, 1.50394616867e-05, 1.3830142052e-05, 1.42183034768e-05, 1.49089673869e-05, 1.86443794519e-05, 1.65236015164e-05, 1.62870164786e-05, 2.10293310374e-05, 1.69261511473e-05, 1.00522802313e-05, 8.98994949239e-06, 9.06430886971e-06]
    },
    "melbands128": {
        "mean": [0.000501318078022, 0.00428176671267, 0.00769454287365, 0.00640547601506, 0.00440835300833, 0.00269376439974, 0.00130185077433, 0.000889826565981, 0.000841018627398, 0.000917305180337, 0.00092094973661, 0.0005048251478, 0.000405166676501, 0.00031188983121, 0.000393070426071, 0.000307975220494, 0.000273905490758, 0.000329762347974, 0.000415589340264, 0.000202266048291, 0.00027803258854, 0.000247718620813, 0.000116987634101, 8.37245243019e-05, 9.74471040536e-05, 0.000103831473098, 6.26092296443e-05, 5.39302563993e-05, 5.91466305195e-05, 4.21071599703e-05, 9.16430508369e-05, 6.86750281602e-05, 6.95821800036e-05, 0.00011196815467, 0.000122935962281, 7.03457699274e-05, 4.34035428043e-05, 5.68015602767e-05, 4.02264086006e-05, 8.15665844129e-05, 0.000104054866824, 6.84955957695e-05, 5.22061891388e-05, 5.96942154516e-05, 6.98469666531e-05, 3.44885374943e-05, 2.44615566771e-05, 5.30224133399e-05, 4.09662752645e-05, 1.98984835151e-05, 3.56426535291e-05, 4.0337567043e-05, 4.46902558906e-05, 2.61732748186e-05, 2.71357366728e-05, 2.52303580055e-05, 1.95615139091e-05, 1.4725355868e-05, 2.01532311621e-05, 2.34745039052e-05, 1.14759059215e-05, 1.21921702885e-05, 1.39585308716e-05, 1.54981007654e-05, 1.94622207346e-05, 1.09407774289e-05, 9.59920726018e-06, 1.18610505524e-05, 1.4007212485e-05, 1.58719340106e-05, 1.5170637198e-05, 2.08844867302e-05, 1.06097804746e-05, 1.07398072942e-05, 1.52400643856e-05, 1.04743212432e-05, 1.02570329545e-05, 1.31542919917e-05, 1.22028395708e-05, 9.74576050794e-06, 1.19957849165e-05, 1.42544740811e-05, 8.68654024089e-06, 1.69801332959e-05, 1.25729266074e-05, 1.16231503853e-05, 1.43349061545e-05, 1.51249632836e-05, 1.03458451122e-05, 1.14369368021e-05, 1.54322697199e-05, 1.32959794428e-05, 1.27726461869e-05, 1.40604870467e-05, 1.16001392598e-05, 7.43268265069e-06, 7.33795650376e-06, 6.5523381636e-06, 6.93950914865e-06, 5.73584065933e-06, 5.61852129977e-06, 6.34809020994e-06, 5.12352744408e-06, 3.73844682144e-06, 2.88244086732e-06, 3.07895788865e-06, 3.99231521442e-06, 4.00475300921e-06, 3.47827835867e-06, 3.10034715767e-06, 2.64135587713e-06, 2.77583831121e-06, 1.53896394295e-06, 8.65152344431e-07, 4.31353242902e-07, 2.83569306703e-07, 1.72593260572e-07, 2.2579223824e-08, 8.60417379706e-12, 7.57642212856e-12, 7.30888353312e-12, 7.09651261366e-12, 6.90274747084e-12, 6.75086202218e-12, 6.62950553829e-12, 6.54268219463e-12, 6.47801907602e-12, 6.42860547781e-12],
        "stdev": [0.000773649837356, 0.0067342701368, 0.0134949926287, 0.0105992024764, 0.00609924504533, 0.00455233780667, 0.00270219217055, 0.00193063495681, 0.00162228790578, 0.00156119838357, 0.00167850602884, 0.000955185561907, 0.000847712683026, 0.000727086968254, 0.000633811810985, 0.000554270867724, 0.000551635341253, 0.000533431884833, 0.000826764793601, 0.000367536384147, 0.000555481878109, 0.000624964770395, 0.00031000256422, 0.000402532052249, 0.000494934618473, 0.000253731792327, 0.000168539321749, 0.000126124956296, 0.00015191482089, 0.00010366395145, 0.000240041190409, 0.000212372309761, 0.000262949237367, 0.00030256784521, 0.000329944567056, 0.000156818379764, 9.13500334718e-05, 0.000163532444276, 9.82078781817e-05, 0.000195947446628, 0.000223485549213, 0.000178199828952, 0.000110358778329, 0.000120796030387, 0.000150186708197, 7.39437164157e-05, 4.84016272821e-05, 0.00012789403263, 0.000122397148516, 4.47173588327e-05, 0.000109907981823, 8.56726401253e-05, 0.000112401328806, 4.49651161034e-05, 5.21138317708e-05, 5.10128193127e-05, 3.65957530448e-05, 2.53259895544e-05, 3.14609242196e-05, 3.8585614675e-05, 2.13963649003e-05, 1.9722559955e-05, 2.32146667258e-05, 2.35314546444e-05, 3.2915322663e-05, 1.5318610167e-05, 1.55621382874e-05, 1.79129765456e-05, 2.16763819481e-05, 2.49531622103e-05, 2.07329194382e-05, 3.62093742297e-05, 1.38283894557e-05, 1.79273065442e-05, 2.41428933805e-05, 1.35696991492e-05, 1.4084551367e-05, 1.99610312848e-05, 1.64796801982e-05, 1.2055429579e-05, 1.70769035321e-05, 2.29404267884e-05, 1.06690395114e-05, 3.01765358017e-05, 1.65230794664e-05, 1.47113350977e-05, 1.94726380869e-05, 2.63991423708e-05, 1.31373953991e-05, 1.83837055374e-05, 2.72261204373e-05, 2.17174656427e-05, 1.97786139324e-05, 1.97729132196e-05, 1.72832533281e-05, 1.03936517917e-05, 9.94027868728e-06, 8.87338592293e-06, 9.85225960903e-06, 9.79810283752e-06, 8.41516430228e-06, 1.2079033695e-05, 7.36455376682e-06, 5.5232185332e-06, 4.19102525484e-06, 4.92922663398e-06, 6.44476767775e-06, 5.77981836614e-06, 5.1309830269e-06, 4.93671723234e-06, 4.26968017564e-06, 5.39910979569e-06, 2.51234041571e-06, 1.35827508529e-06, 7.10219239863e-07, 6.80829145949e-07, 8.62920330746e-07, 1.54031752686e-07, 1.59945789252e-11, 1.16108173423e-11, 1.12275275882e-11, 1.09081372407e-11, 1.06373364978e-11, 1.04150871955e-11, 1.02301630708e-11, 1.00873051231e-11, 9.98330845076e-12, 9.91952180118e-12]
    },
    "mfcc": {
        "mean": [-619.18536377, 82.7573699951, 19.7578201294, 15.2065849304, 10.6987323761, 13.6988639832, -0.0886914432049, 0.909672141075, -2.7768304348, 2.98926591873, 1.32786977291, 6.4623837471, 4.08657073975],
        "cov": [[12934.9599609, -1619.84899902, 935.381530762, 539.205566406, -301.578918457, 136.952407837, 107.065086365, 308.434082031, 61.6612319946, 227.868682861, -10.4399995804, -15.1990480423, -50.0433082581], [-1619.84899902, 1582.19616699, -162.291992188, -67.1171875, 241.985092163, 81.5925598145, 44.2572441101, -49.1970825195, 20.0994949341, -22.5633983612, 45.6923904419, 49.6851234436, 36.8556175232], [935.381530762, -162.291992188, 816.421691895, 153.153625488, 108.401931763, 152.627624512, 126.102264404, 127.823303223, 97.6530990601, 126.594009399, 37.5370903015, 35.7873649597, 17.1096477509], [539.205566406, -67.1171875, 153.153625488, 300.093658447, 85.5624694824, 94.9572372437, 83.2793197632, 73.6848602295, 47.9803390503, 47.1074790955, 19.5574054718, 6.79479885101, 20.1433162689], [-301.578918457, 241.985092163, 108.401931763, 85.5624694824, 235.076507568, 135.701416016, 93.9969940186, 68.959815979, 54.7531547546, 49.9759864807, 34.5809516907, 25.5903072357, 20.7638034821], [136.952407837, 81.5925598145, 152.627624512, 94.9572372437, 135.701416016, 205.609191895, 143.725250244, 92.9660568237, 69.8375320435, 65.2440948486, 47.2280082703, 34.8986740112, 31.5056190491], [107.065086365, 44.2572441101, 126.102264404, 83.2793197632, 93.9969940186, 143.725250244, 180.794998169, 113.504722595, 80.6469650269, 69.2167205811, 51.0504074097, 38.4406356812, 28.6858825684], [308.434082031, -49.1970825195, 127.823303223, 73.6848602295, 68.959815979, 92.9660568237, 113.504722595, 146.199768066, 86.8967056274, 78.2300872803, 46.3677215576, 40.4698829651, 32.4928741455], [61.6612319946, 20.0994949341, 97.6530990601, 47.9803390503, 54.7531547546, 69.8375320435, 80.6469650269, 86.8967056274, 128.14453125, 92.4999084473, 60.3292694092, 41.0863037109, 36.8798942566], [227.868682861, -22.5633983612, 126.594009399, 47.1074790955, 49.9759864807, 65.2440948486, 69.2167205811, 78.2300872803, 92.4999084473, 129.93145752, 82.3984985352, 51.5510940552, 42.7217788696], [-10.4399995804, 45.6923904419, 37.5370903015, 19.5574054718, 34.5809516907, 47.2280082703, 51.0504074097, 46.3677215576, 60.3292694092, 82.3984985352, 107.318031311, 74.1349029541, 48.7329101562], [-15.1990480423, 49.6851234436, 35.7873649597, 6.79479885101, 25.5903072357, 34.8986740112, 38.4406356812, 40.4698829651, 41.0863037109, 51.5510940552, 74.1349029541, 91.1672515869, 65.3436050415], [-50.0433082581, 36.8556175232, 17.1096477509, 20.1433162689, 20.7638034821, 31.5056190491, 28.6858825684, 32.4928741455, 36.8798942566, 42.7217788696, 48.7329101562, 65.3436050415, 90.808265686]],
        "icov": [[0.000113476206025, 3.99927303079e-05, -6.37269040453e-05, -0.000182416231837, 0.000300735293422, -0.00018932542298, 0.000180454328074, -0.000271956494544, 0.000219393186853, -0.000297641963698, 0.000195816042833, -0.000165279736393, 0.000200774971745], [3.99927303079e-05, 0.000955302850343, 0.000138368064654, 0.000266519142315, -0.0012153822463, 0.000122008888866, -0.000381106132409, 0.000953652546741, -0.000481208408019, 0.000598882441409, -0.000268140429398, -0.000389744120184, -9.81114280876e-05], [-6.37269040453e-05, 0.000138368064654, 0.0018235698808, -0.000317144294968, -0.000321454019286, -0.000703952508047, -1.76423327503e-05, 2.4606802981e-05, -1.25870592456e-05, -0.00196045218036, 0.00191693939269, -0.00156560330652, 0.000975251488853], [-0.000182416231837, 0.000266519142315, -0.000317144294968, 0.00477503379807, -0.00160050438717, -0.000209978708881, -0.000861278851517, -0.000290350842988, -0.000320052495226, 0.000846996379551, -0.00111506192479, 0.00254446570762, -0.00189440161921], [0.000300735293422, -0.0012153822463, -0.000321454019286, -0.00160050438717, 0.00968870706856, -0.00528860324994, 0.00176151364576, -0.00253126723692, 0.000851896533277, -0.00191059976351, 0.00121554022189, -0.000670712324791, 0.00142655614763], [-0.00018932542298, 0.000122008888866, -0.000703952508047, -0.000209978708881, -0.00528860324994, 0.0151182152331, -0.009307641536, 0.00144869938958, -0.000169843391632, 0.000906241009943, -0.00172471639235, 0.0017980679404, -0.00231436034665], [0.000180454328074, -0.000381106132409, -1.76423327503e-05, -0.000861278851517, 0.00176151364576, -0.009307641536, 0.0183809828013, -0.00873206742108, -0.00133576022927, 0.000939995981753, -0.00159204611555, -0.000497462926432, 0.00190561194904], [-0.000271956494544, 0.000953652546741, 2.4606802981e-05, -0.000290350842988, -0.00253126723692, 0.00144869938958, -0.00873206742108, 0.0200646184385, -0.00614752015099, -0.00288740335964, 0.00410408340394, -0.00471775699407, 0.00022534627351], [0.000219393186853, -0.000481208408019, -1.25870592456e-05, -0.000320052495226, 0.000851896533277, -0.000169843391632, -0.00133576022927, -0.00614752015099, 0.0203541107476, -0.0105925677344, -0.000369110406609, 0.00147172098514, -0.0012685705442], [-0.000297641963698, 0.000598882441409, -0.00196045218036, 0.000846996379551, -0.00191059976351, 0.000906241009943, 0.000939995981753, -0.00288740335964, -0.0105925677344, 0.0291214305907, -0.0187689885497, 0.00833815149963, -0.00469290697947], [0.000195816042833, -0.000268140429398, 0.00191693939269, -0.00111506192479, 0.00121554022189, -0.00172471639235, -0.00159204611555, 0.00410408340394, -0.000369110406609, -0.0187689885497, 0.0381408557296, -0.0267113763839, 0.00719008827582], [-0.000165279736393, -0.000389744120184, -0.00156560330652, 0.00254446570762, -0.000670712324791, 0.0017980679404, -0.000497462926432, -0.00471775699407, 0.00147172098514, 0.00833815149963, -0.0267113763839, 0.0451232194901, -0.0214828606695], [0.000200774971745, -9.81114280876e-05, 0.000975251488853, -0.00189440161921, 0.00142655614763, -0.00231436034665, 0.00190561194904, 0.00022534627351, -0.0012685705442, -0.00469290697947, 0.00719008827582, -0.0214828606695, 0.02551632002]]
    },
    "spectral_contrast_coeffs": {
        "mean": [-0.6906645298, -0.755410373211, -0.783076405525, -0.798544704914, -0.8062286973, -0.789669156075],
        "stdev": [0.0942347869277, 0.0741166174412, 0.0629194676876, 0.057284783572, 0.0406331792474, 0.0381989367306]
    },
    "spectral_contrast_valleys": {
        "mean": [-7.05674409866, -6.98217964172, -7.58620738983, -7.55210542679, -7.52288722992, -9.3591003418],
        "stdev": [2.36468482018, 2.28765511513, 2.20377039909, 2.17934823036, 2.38529610634, 2.47278356552]
    }
},
"rhythm": {
    "beats_count": 510,
    "beats_loudness": {
        "mean": 0.0491298437119,
        "stdev": 0.0274330023676
    },
    "bpm": 142.798583984,
    "bpm_histogram_first_peak_bpm": 144,
    "bpm_histogram_first_peak_weight": 0.208154439926,
    "bpm_histogram_second_peak_bpm": 133,
    "bpm_histogram_second_peak_spread": 0.399999976158,
    "bpm_histogram_second_peak_weight": 0.035363458097,
    "danceability": 1.15277945995,
    "onset_rate": 5.79762411118,
    "beats_loudness_band_ratio": {
        "mean": [0.453320175409, 0.157814338803, 0.131988435984, 0.079622708261, 0.0687976256013, 0.13113848865],
        "stdev": [0.238906413317, 0.15099440515, 0.130677223206, 0.0809150412679, 0.0788616538048, 0.127146452665]
    },
    "beats_position": [0.429569154978, 0.893968224525, 1.34675729275, 1.79954648018, 2.27555561066, 2.75156450272, 3.20435357094, 3.63392281532, 4.06349182129, 4.48145103455, 4.8994102478, 5.31736946106, 5.73532867432, 6.15328788757, 6.57124710083, 6.98920631409, 7.40716552734, 7.83673477173, 8.26630401611, 8.68426322937, 9.10222244263, 9.52018165588, 9.93814086914, 10.3560991287, 10.774058342, 11.1920175552, 11.6099767685, 12.0395460129, 12.4691152573, 12.8870744705, 13.3050336838, 13.722992897, 14.1409521103, 14.5589113235, 14.9768705368, 15.3948297501, 15.8127889633, 16.2307472229, 16.6487064362, 17.0782756805, 17.5078449249, 17.9258041382, 18.3437633514, 18.7617225647, 19.179681778, 19.5976409912, 20.0156002045, 20.4335594177, 20.8631286621, 21.2926979065, 21.7106571198, 22.128616333, 22.5465755463, 22.9645347595, 23.3824939728, 23.800453186, 24.2300224304, 24.6595916748, 25.0775508881, 25.4955101013, 25.9134693146, 26.3314285278, 26.7493877411, 27.1673469543, 27.5853061676, 28.0032653809, 28.4328346252, 28.8624038696, 29.3035831451, 29.7563705444, 30.2091598511, 30.6619491577, 31.1147384644, 31.5559177399, 31.9738769531, 32.4034461975, 32.8330154419, 33.2509727478, 33.6689338684, 34.0868911743, 34.5048522949, 34.9228096008, 35.3523788452, 35.7703399658, 36.1999092102, 36.6178665161, 37.0358276367, 37.4537849426, 37.8717460632, 38.2897033691, 38.7076644897, 39.1256217957, 39.5435829163, 39.9731521606, 40.402721405, 40.8206787109, 41.2386398315, 41.6565971375, 42.0745582581, 42.492515564, 42.9220848083, 43.3516540527, 43.7696151733, 44.1875724792, 44.6055335999, 45.0234909058, 45.4414520264, 45.8594093323, 46.2773704529, 46.6953277588, 47.1132888794, 47.5428581238, 47.9724235535, 48.3903846741, 48.80834198, 49.2263031006, 49.6442604065, 50.0622215271, 50.480178833, 50.8981399536, 51.3160972595, 51.7340583801, 52.1636276245, 52.5815849304, 53.0111541748, 53.4291152954, 53.8470726013, 54.2650337219, 54.6829910278, 55.1009521484, 55.5189094543, 55.936870575, 56.3548278809, 56.7727890015, 57.2023582458, 57.6319274902, 58.0498847961, 58.4678459167, 58.8858032227, 59.3037643433, 59.7217216492, 60.1396827698, 60.5576400757, 60.9756011963, 61.4051704407, 61.8347396851, 62.252696991, 62.6706581116, 63.0886154175, 63.5065765381, 63.924533844, 64.3424911499, 64.7604522705, 65.1784133911, 65.5963668823, 66.0259399414, 66.4555053711, 66.8734664917, 67.2914276123, 67.7093887329, 68.1273422241, 68.5453033447, 68.9632644653, 69.3812255859, 69.7991790771, 70.2287521362, 70.6583175659, 71.0995025635, 71.5522918701, 72.0050811768, 72.4578704834, 72.9338760376, 73.3750534058, 73.7930145264, 74.210975647, 74.6289291382, 75.0585021973, 75.488067627, 75.9060287476, 76.3239898682, 76.7419509888, 77.15990448, 77.5778656006, 77.9958267212, 78.4137878418, 78.831741333, 79.2497024536, 79.6676635742, 80.0856246948, 80.5151901245, 80.9447631836, 81.3627166748, 81.7806777954, 82.198638916, 82.6166000366, 83.0345535278, 83.4525146484, 83.870475769, 84.2884368896, 84.7063903809, 85.1243515015, 85.5539245605, 85.9834899902, 86.4014511108, 86.8194122314, 87.2373657227, 87.6553268433, 88.0732879639, 88.4912490845, 88.9092025757, 89.3271636963, 89.7567367554, 90.1863021851, 90.6042633057, 91.0222167969, 91.4401779175, 91.8581390381, 92.2761001587, 92.6940536499, 93.1120147705, 93.5299758911, 93.9479370117, 94.3658905029, 94.795463562, 95.2250289917, 95.6429901123, 96.0609512329, 96.4789123535, 96.8968658447, 97.3148269653, 97.7327880859, 98.1507492065, 98.5687026978, 98.9866638184, 99.4162368774, 99.8458023071, 100.263763428, 100.681724548, 101.09967804, 101.51763916, 101.935600281, 102.353561401, 102.771514893, 103.189476013, 103.607437134, 104.025398254, 104.454963684, 104.884536743, 105.302490234, 105.720451355, 106.138412476, 106.556373596, 106.974327087, 107.392288208, 107.810249329, 108.22820282, 108.64616394, 109.064125061, 109.493690491, 109.92326355, 110.34122467, 110.759178162, 111.177139282, 111.595100403, 112.013061523, 112.431015015, 112.848976135, 113.266937256, 113.684898376, 114.102851868, 114.520812988, 114.950386047, 115.379951477, 115.797912598, 116.215873718, 116.633827209, 117.05178833, 117.469749451, 117.887710571, 118.305664062, 118.723625183, 119.141586304, 119.559547424, 119.989112854, 120.418685913, 120.836639404, 121.254600525, 121.672561646, 122.090522766, 122.508476257, 122.926437378, 123.344398499, 123.762359619, 124.18031311, 124.609886169, 125.039451599, 125.45741272, 125.87537384, 126.293327332, 126.711288452, 127.129249573, 127.547210693, 127.965164185, 128.383132935, 128.801086426, 129.219039917, 129.648620605, 130.078186035, 130.496139526, 130.914108276, 131.332061768, 131.750015259, 132.167984009, 132.5859375, 133.003890991, 133.421859741, 133.839813232, 134.257781982, 134.687347412, 135.116912842, 135.534866333, 135.952835083, 136.370788574, 136.788757324, 137.206710815, 137.624664307, 138.042633057, 138.472198486, 138.901763916, 139.319732666, 139.772521973, 140.225296021, 140.689697266, 141.142486572, 141.595275879, 142.036453247, 142.454421997, 142.872375488, 143.301940918, 143.731521606, 144.149475098, 144.555831909, 144.985397339, 145.40335083, 145.82131958, 146.239273071, 146.657226562, 147.086807251, 147.504760742, 147.922714233, 148.352294922, 148.770248413, 149.188201904, 149.606170654, 150.047348022, 150.500137329, 150.952926636, 151.394104004, 151.835281372, 152.27645874, 152.729248047, 153.182037354, 153.623214722, 154.041183472, 154.459136963, 154.877090454, 155.295059204, 155.713012695, 156.130966187, 156.560546875, 156.990112305, 157.408065796, 157.826034546, 158.243988037, 158.661941528, 159.079910278, 159.49786377, 159.915817261, 160.333786011, 160.751739502, 161.181304932, 161.61088562, 162.028839111, 162.446792603, 162.864761353, 163.282714844, 163.700683594, 164.118637085, 164.536590576, 164.954559326, 165.372512817, 165.802078247, 166.220046997, 166.649612427, 167.067565918, 167.485534668, 167.903488159, 168.32144165, 168.7394104, 169.157363892, 169.575332642, 169.993286133, 170.422851562, 170.840820312, 171.270385742, 171.688339233, 172.106307983, 172.524261475, 172.942214966, 173.360183716, 173.778137207, 174.196090698, 174.614059448, 175.032012939, 175.461578369, 175.891159058, 176.309112549, 176.72706604, 177.14503479, 177.562988281, 177.980941772, 178.398910522, 178.816864014, 179.234832764, 179.652786255, 180.070739746, 180.500320435, 180.929885864, 181.347839355, 181.765808105, 182.183761597, 182.601715088, 183.019683838, 183.437637329, 183.85559082, 184.27355957, 184.691513062, 185.109481812, 185.539047241, 185.968612671, 186.386566162, 186.804534912, 187.222488403, 187.640457153, 188.058410645, 188.476364136, 188.894332886, 189.312286377, 189.730239868, 190.159820557, 190.589385986, 191.007339478, 191.425308228, 191.843261719, 192.26121521, 192.67918396, 193.097137451, 193.515090942, 193.933059692, 194.351013184, 194.768981934, 195.198547363, 195.628112793, 196.046066284, 196.464035034, 196.881988525, 197.299957275, 197.717910767, 198.135864258, 198.553833008, 198.971786499, 199.38973999, 199.819320679, 200.248886108, 200.6668396, 201.08480835, 201.502761841, 201.920715332, 202.338684082, 202.756637573, 203.174606323, 203.592559814, 204.022125244, 204.440093994, 204.869659424, 205.287612915, 205.705581665, 206.123535156, 206.541488647, 206.959457397, 207.377410889, 207.806976318, 208.236557007, 208.666122437, 209.095687866, 209.525253296, 209.885162354, 210.233459473, 210.581771851, 210.93006897, 211.278366089, 211.626663208, 211.974960327, 212.334869385, 212.694778442, 213.0546875, 213.47265625, 213.878997803, 214.285354614, 214.703308105],
    "bpm_histogram": [0, 0, 0, 0, 0, 0, 0, 0, 0, 0, 0, 0, 0, 0, 0, 0, 0, 0, 0, 0, 0, 0, 0, 0, 0, 0, 0, 0, 0, 0, 0, 0, 0, 0, 0, 0, 0, 0, 0, 0, 0, 0, 0, 0, 0, 0, 0, 0, 0, 0, 0, 0, 0, 0, 0, 0, 0, 0, 0, 0, 0, 0, 0, 0, 0, 0, 0, 0, 0, 0, 0, 0, 0, 0, 0, 0, 0, 0, 0, 0, 0, 0, 0, 0, 0, 0, 0, 0, 0, 0, 0, 0, 0, 0, 0, 0, 0, 0, 0, 0, 0, 0, 0, 0, 0, 0, 0, 0, 0, 0, 0, 0, 0, 0, 0, 0, 0, 0, 0, 0, 0, 0, 0, 0, 0, 0, 0.00589390983805, 0, 0, 0.00392927322537, 0, 0, 0, 0.035363458097, 0, 0, 0.0196463651955, 0, 0, 0, 0.184675827622, 0, 0, 0, 0.724950909615, 0, 0, 0, 0.00589390983805, 0, 0, 0, 0, 0, 0, 0, 0, 0, 0, 0, 0, 0, 0, 0, 0, 0, 0, 0.00785854645073, 0, 0, 0, 0, 0.0117878196761, 0, 0, 0, 0, 0, 0, 0, 0, 0, 0, 0, 0, 0, 0, 0, 0, 0, 0, 0, 0, 0, 0, 0, 0, 0, 0, 0, 0, 0, 0, 0, 0, 0, 0, 0, 0, 0, 0, 0, 0, 0, 0, 0, 0, 0, 0, 0, 0, 0, 0, 0, 0, 0, 0, 0, 0, 0, 0, 0, 0, 0, 0, 0, 0, 0, 0, 0, 0, 0, 0, 0, 0, 0, 0, 0, 0, 0]
},
"tonal": {
    "chords_changes_rate": 0.0778688490391,
    "chords_number_rate": 0.00150992232375,
    "chords_strength": {
        "mean": 0.585564732552,
        "stdev": 0.160092204809
    },
    "hpcp_crest": {
        "mean": 12.1449251175,
        "stdev": 5.73909235001
    },
    "hpcp_entropy": {
        "mean": 2.23536109924,
        "stdev": 0.79423224926
    },
    "key_edma": {
        "strength": 0.569374680519,
        "key": "C#",
        "scale": "major"
    },
    "key_krumhansl": {
        "strength": 0.585327327251,
        "key": "C#",
        "scale": "major"
    },
    "key_temperley": {
        "strength": 0.605191171169,
        "key": "C#",
        "scale": "major"
    },
    "tuning_diatonic_strength": 0.707547008991,
    "tuning_equal_tempered_deviation": 0.257033497095,
    "tuning_frequency": 434.193115234,
    "tuning_nontempered_energy_ratio": 0.913005888462,
    "hpcp": {
        "mean": [0.0841186642647, 0.0893082767725, 0.141160324216, 0.251693427563, 0.270899474621, 0.137399151921, 0.0568397380412, 0.0526764914393, 0.0673713237047, 0.0930782929063, 0.100722037256, 0.110491931438, 0.143659189343, 0.15108564496, 0.108720868826, 0.0740316286683, 0.0676837563515, 0.0778135284781, 0.102096691728, 0.0925884395838, 0.0566292181611, 0.0419125445187, 0.052642352879, 0.0884529352188, 0.132839456201, 0.150141015649, 0.137259110808, 0.14302419126, 0.132352367043, 0.0891126394272, 0.0664502009749, 0.0675798505545, 0.103070639074, 0.196321487427, 0.247358843684, 0.165163308382],
        "stdev": [0.194915741682, 0.201620459557, 0.25110194087, 0.326186448336, 0.362565010786, 0.23165333271, 0.151753932238, 0.146149143577, 0.165221065283, 0.198896229267, 0.197735473514, 0.199283316731, 0.247971743345, 0.254926890135, 0.207342788577, 0.1667791605, 0.155151247978, 0.170013055205, 0.216829031706, 0.196356266737, 0.136446148157, 0.120709985495, 0.13097666204, 0.175871089101, 0.232466578484, 0.24532212317, 0.226898878813, 0.259176403284, 0.252857029438, 0.192128002644, 0.159079536796, 0.162742391229, 0.196405500174, 0.302360981703, 0.352748990059, 0.269360601902]
    },
    "chords_histogram": [19.952545166, 12.0793790817, 5.73770475388, 0, 0.0862812772393, 0.345125108957, 13.9991369247, 0.32355478406, 0.258843839169, 0, 0, 0, 0, 0, 0, 0.32355478406, 0.970664381981, 0.237273514271, 0, 0.150992229581, 0.107851594687, 1.76876616478, 14.3226919174, 29.3356342316],
    "thpcp": [1, 0.507196068764, 0.209818556905, 0.194450333714, 0.2486949265, 0.343589782715, 0.3718059659, 0.407870590687, 0.530304431915, 0.557718515396, 0.401332885027, 0.273280799389, 0.249848231673, 0.287241339684, 0.376880347729, 0.341781526804, 0.209041446447, 0.154716223478, 0.194324314594, 0.326515704393, 0.490364402533, 0.554231464863, 0.50667911768, 0.52796036005, 0.488566339016, 0.328950941563, 0.245294690132, 0.249464675784, 0.380475610495, 0.724702358246, 0.913101971149, 0.609684884548, 0.310516148806, 0.329673141241, 0.521080076694, 0.929102659225],
    "chords_key": "A#",
    "chords_scale": "minor"
}
}