{
"metadata": {
    "version": {
        "essentia": "2.1-dev",
        "essentia_git_sha": "v2.1_beta3-415-gd5473f3",
        "extractor": "music 2.0"
    },
    "audio_properties": {
        "analysis": {
            "equal_loudness": 0,
            "length": 224.862045288,
            "sample_rate": 44100,
            "start_time": 0,
            "downmix": "mix"
        },
        "bit_rate": 192000,
        "length": 224.862045288,
        "lossless": 0,
        "number_channels": 2,
        "replay_gain": -9.30012702942,
        "sample_rate": 44100,
        "codec": "mp3",
        "md5_encoded": "568f11df136577b89c98e8cc09ebe9ca"
    },
    "tags": {
        "file_name": "beat_factory-music.mp3"
    }
},
"lowlevel": {
    "average_loudness": 0.777631759644,
    "barkbands_crest": {
        "mean": 12.524225235,
        "stdev": 5.48751068115
    },
    "barkbands_flatness_db": {
        "mean": 0.176369950175,
        "stdev": 0.06638558954
    },
    "barkbands_kurtosis": {
        "mean": 12.3316059113,
        "stdev": 30.9386940002
    },
    "barkbands_skewness": {
        "mean": 2.43704557419,
        "stdev": 2.09806656837
    },
    "barkbands_spread": {
        "mean": 19.8747444153,
        "stdev": 16.5592899323
    },
    "dissonance": {
        "mean": 0.451543301344,
        "stdev": 0.0408714264631
    },
    "dynamic_complexity": 3.68066883087,
    "erbbands_crest": {
        "mean": 8.71263694763,
        "stdev": 4.54257249832
    },
    "erbbands_flatness_db": {
        "mean": 0.143236681819,
        "stdev": 0.0593661889434
    },
    "erbbands_kurtosis": {
        "mean": 0.68097615242,
        "stdev": 2.75759720802
    },
    "erbbands_skewness": {
        "mean": 0.59979134798,
        "stdev": 0.81128937006
    },
    "erbbands_spread": {
        "mean": 50.5907669067,
        "stdev": 27.646156311
    },
    "hfc": {
        "mean": 23.519821167,
        "stdev": 21.7853546143
    },
    "loudness_ebu128": {
        "integrated": -13.2778501511,
        "loudness_range": 6.76850795746,
        "momentary": {
            "mean": -16.1016178131,
            "stdev": 16.0526885986
        },
        "short_term": {
            "mean": -14.709774971,
            "stdev": 5.64079189301
        }
    },
    "melbands_crest": {
        "mean": 16.6549396515,
        "stdev": 6.68286991119
    },
    "melbands_flatness_db": {
        "mean": 0.228735536337,
        "stdev": 0.0849592238665
    },
    "melbands_kurtosis": {
        "mean": 37.272857666,
        "stdev": 70.6375274658
    },
    "melbands_skewness": {
        "mean": 3.96959328651,
        "stdev": 3.14632320404
    },
    "melbands_spread": {
        "mean": 18.7581577301,
        "stdev": 24.0750751495
    },
    "pitch_salience": {
        "mean": 0.500079035759,
        "stdev": 0.159272715449
    },
    "silence_rate_20dB": {
        "mean": 1,
        "stdev": 0
    },
    "silence_rate_30dB": {
        "mean": 0.847599387169,
        "stdev": 0.359418451786
    },
    "silence_rate_60dB": {
        "mean": 0.0659783184528,
        "stdev": 0.248243123293
    },
    "spectral_centroid": {
        "mean": 1178.36743164,
        "stdev": 992.119445801
    },
    "spectral_complexity": {
        "mean": 16.9764575958,
        "stdev": 10.4804229736
    },
    "spectral_decrease": {
        "mean": -1.15183560467e-08,
        "stdev": 1.22682868309e-08
    },
    "spectral_energy": {
        "mean": 0.0456061810255,
        "stdev": 0.047285284847
    },
    "spectral_energyband_high": {
        "mean": 0.00147310341708,
        "stdev": 0.00205775187351
    },
    "spectral_energyband_low": {
        "mean": 0.0276867095381,
        "stdev": 0.0444528311491
    },
    "spectral_energyband_middle_high": {
        "mean": 0.00336210941896,
        "stdev": 0.00371576123871
    },
    "spectral_energyband_middle_low": {
        "mean": 0.0142655530944,
        "stdev": 0.0152320628986
    },
    "spectral_entropy": {
        "mean": 7.54373455048,
        "stdev": 0.726950645447
    },
    "spectral_flux": {
        "mean": 0.0879608467221,
        "stdev": 0.0764540582895
    },
    "spectral_kurtosis": {
        "mean": 4.88413238525,
        "stdev": 8.90059280396
    },
    "spectral_rms": {
        "mean": 0.00581779237837,
        "stdev": 0.0032630013302
    },
    "spectral_rolloff": {
        "mean": 1346.22009277,
        "stdev": 2310.19213867
    },
    "spectral_skewness": {
        "mean": 1.61006820202,
        "stdev": 0.823767542839
    },
    "spectral_spread": {
        "mean": 5885352.5,
        "stdev": 3242781.25
    },
    "spectral_strongpeak": {
        "mean": 0.917055130005,
        "stdev": 0.985545277596
    },
    "zerocrossingrate": {
        "mean": 0.0604062154889,
        "stdev": 0.0597158707678
    },
    "barkbands": {
        "mean": [0.00132100237533, 0.0195174161345, 0.00574065838009, 0.00213897158392, 0.00343920942396, 0.0046648196876, 0.00120906077791, 0.000499365210999, 0.00214283447713, 0.000511786143761, 0.000516098807566, 0.000468555255793, 0.000438183167716, 0.000457257992821, 0.000250859593507, 0.000208373501664, 0.000205984091735, 0.000164142649737, 0.000149889485328, 0.000180485862074, 0.000210904778214, 0.000291863805614, 0.000290331430733, 0.000281987915514, 0.000232550082728, 7.36112706363e-05, 1.437744368e-09],
        "stdev": [0.00298885116354, 0.0384379029274, 0.0145776132122, 0.00579156121239, 0.00798225402832, 0.00631636846811, 0.00227219588123, 0.00129685539287, 0.00354451593012, 0.00125590746757, 0.000895815319382, 0.000813026446849, 0.000698442338035, 0.000990534084849, 0.000573347264435, 0.000264119851636, 0.000349041074514, 0.000245945790084, 0.000205359756364, 0.000254421902355, 0.000308142654831, 0.000402820704039, 0.000486431556055, 0.000466591125587, 0.00041610217886, 0.000131594133563, 2.57776511248e-09]
    },
    "erbbands": {
        "mean": [0.639956653118, 4.02228546143, 7.08552455902, 7.23463058472, 8.8066368103, 12.6230821609, 20.2435684204, 42.3778991699, 23.6212902069, 14.0055627823, 13.4727315903, 40.2723617554, 37.95911026, 15.8734607697, 22.925737381, 17.398891449, 19.9770641327, 26.0005989075, 13.6625423431, 13.2496881485, 11.7124881744, 11.2200088501, 9.78479957581, 7.82262992859, 8.06294727325, 8.32308864594, 9.41869354248, 7.96408605576, 10.3668966293, 9.2690486908, 8.62383270264, 6.43760967255, 4.50212335587, 3.00051736832, 1.32604038715, 0.463940888643, 0.115485057235, 0.00827360525727, 0.000198415567866, 6.4953477704e-05],
        "stdev": [1.30616569519, 8.55861854553, 16.8765602112, 18.15574646, 21.6559429169, 29.7340888977, 32.1366691589, 62.8130760193, 39.6957092285, 30.4803085327, 25.5603160858, 64.6444244385, 72.1100082397, 27.3223171234, 35.1191139221, 27.37068367, 30.3817768097, 57.2552757263, 36.7779426575, 19.390045166, 14.3645057678, 18.7046146393, 15.0015640259, 10.9095497131, 9.9215669632, 11.4445343018, 14.8874845505, 11.353600502, 14.1441383362, 13.5002002716, 15.3514623642, 10.7785186768, 7.83241224289, 5.38320684433, 2.36675214767, 0.821562588215, 0.212046906352, 0.0141227543354, 0.000301287684124, 6.2103397795e-05]
    },
    "gfcc": {
        "mean": [-13.0460147858, 85.683052063, -99.9922637939, 33.3705825806, -65.4267654419, 20.694852829, -40.3284225464, 8.14295101166, -24.7774524689, 4.97370910645, -15.6005630493, 6.95630741119, -8.13021850586],
        "cov": [[21257.6992188, -1025.38452148, -790.578735352, 524.24621582, -716.16204834, 973.890319824, -507.265228271, 480.613586426, -237.194396973, 431.518859863, -255.987838745, 126.146232605, -268.368041992], [-1025.38452148, 2318.9777832, -233.449523926, -374.868682861, 371.095245361, -457.76348877, 128.394989014, -300.200836182, 134.356826782, -213.075866699, 63.032081604, -142.411483765, 0.717004716396], [-790.578735352, -233.449523926, 814.958312988, 393.66607666, 265.333282471, 293.659942627, 95.1581802368, 185.038833618, 71.9116744995, 111.326118469, 29.7117214203, -42.6198768616, 14.3161659241], [524.24621582, -374.868682861, 393.66607666, 505.265380859, 185.481307983, 270.561920166, 49.68151474, 167.245513916, 53.3722877502, 100.35144043, 11.7585887909, -19.2972259521, 0.380732357502], [-716.16204834, 371.095245361, 265.333282471, 185.481307983, 465.107086182, 112.454063416, 111.561714172, 74.2101821899, 112.396438599, 39.2838668823, 51.9728317261, -86.6510314941, 24.5691242218], [973.890319824, -457.76348877, 293.659942627, 270.561920166, 112.454063416, 455.816192627, 102.854125977, 208.155822754, 54.7959022522, 114.936271667, 3.14734387398, -11.956237793, -15.183971405], [-507.265228271, 128.394989014, 95.1581802368, 49.68151474, 111.561714172, 102.854125977, 206.53742981, 64.4264678955, 77.1361160278, 7.71555614471, 33.0643310547, 7.23079776764, 10.6036739349], [480.613586426, -300.200836182, 185.038833618, 167.245513916, 74.2101821899, 208.155822754, 64.4264678955, 199.123748779, 50.9235305786, 95.0656204224, 19.7030963898, 12.5474014282, 15.9508495331], [-237.194396973, 134.356826782, 71.9116744995, 53.3722877502, 112.396438599, 54.7959022522, 77.1361160278, 50.9235305786, 125.190261841, 43.7049942017, 40.6527023315, -7.02340507507, 16.9758758545], [431.518859863, -213.075866699, 111.326118469, 100.35144043, 39.2838668823, 114.936271667, 7.71555614471, 95.0656204224, 43.7049942017, 123.527832031, 37.7439613342, 20.490732193, 26.7087802887], [-255.987838745, 63.032081604, 29.7117214203, 11.7585887909, 51.9728317261, 3.14734387398, 33.0643310547, 19.7030963898, 40.6527023315, 37.7439613342, 84.6616210938, 28.9094390869, 40.4319190979], [126.146232605, -142.411483765, -42.6198768616, -19.2972259521, -86.6510314941, -11.956237793, 7.23079776764, 12.5474014282, -7.02340507507, 20.490732193, 28.9094390869, 110.671600342, 34.8410568237], [-268.368041992, 0.717004716396, 14.3161659241, 0.380732357502, 24.5691242218, -15.183971405, 10.6036739349, 15.9508495331, 16.9758758545, 26.7087802887, 40.4319190979, 34.8410568237, 88.617980957]],
        "icov": [[0.000126268176246, -0.000262828660198, 0.000312456104439, -0.000283106870484, 0.000264569622232, -0.000461028248537, 0.000424936792115, -0.000349183916114, 0.000352561066393, -0.000599386286922, 0.000346771528712, -0.000281202170299, 0.000260369270109], [-0.000262828660198, 0.00173481705133, -0.000646598404273, 0.00116189860273, -0.00154101999942, 0.00167115486693, -0.00142641831189, 0.00165160687175, -0.00184422230814, 0.00222598691471, -0.0013544424437, 0.00129465782084, -0.000332188501488], [0.000312456104439, -0.000646598404273, 0.00304450746626, -0.00186718872283, 7.63249045121e-05, -0.00145581399556, 0.000731954816729, -0.00123580172658, 0.00132438063156, -0.00194394541904, 0.000734347035177, -0.00022595327755, 0.000417880830355], [-0.000283106870484, 0.00116189860273, -0.00186718872283, 0.00501695275307, -0.0020151224453, 0.000282479973976, -0.00036304834066, 0.000236252715695, -0.0013579975348, 0.00141804874875, -0.000500059337355, 0.000204556345125, 1.82089206646e-06], [0.000264569622232, -0.00154101999942, 7.63249045121e-05, -0.0020151224453, 0.00590668432415, -0.00139639142435, 0.000236804815358, -0.00144585105591, -0.000209460165934, -0.00139331875835, -0.000848605064675, 0.00282831024379, -0.00109969510231], [-0.000461028248537, 0.00167115486693, -0.00145581399556, 0.000282479973976, -0.00139639142435, 0.0076668895781, -0.00382296694443, -0.00154067832045, -0.00101017218549, 0.000300567422528, -0.000464701734018, 0.00208829552867, 0.000753756146878], [0.000424936792115, -0.00142641831189, 0.000731954816729, -0.00036304834066, 0.000236804815358, -0.00382296694443, 0.0103176981211, -0.00332013866864, -0.00257401191629, 0.00242741731927, -0.000292348820949, -0.00350880483165, 0.00109845318366], [-0.000349183916114, 0.00165160687175, -0.00123580172658, 0.000236252715695, -0.00144585105591, -0.00154067832045, -0.00332013866864, 0.0147714149207, -0.00257819378749, -0.00311262183823, 0.000329024362145, 0.000227023803745, -0.00180420151446], [0.000352561066393, -0.00184422230814, 0.00132438063156, -0.0013579975348, -0.000209460165934, -0.00101017218549, -0.00257401191629, -0.00257819378749, 0.016466723755, -0.00699741998687, -0.00139586778823, 4.25263169745e-05, 0.00110624334775], [-0.000599386286922, 0.00222598691471, -0.00194394541904, 0.00141804874875, -0.00139331875835, 0.000300567422528, 0.00242741731927, -0.00311262183823, -0.00699741998687, 0.0224332548678, -0.00780917331576, 0.000532616162673, -0.00288486573845], [0.000346771528712, -0.0013544424437, 0.000734347035177, -0.000500059337355, -0.000848605064675, -0.000464701734018, -0.000292348820949, 0.000329024362145, -0.00139586778823, -0.00780917331576, 0.0224270150065, -0.00584213575348, -0.0042383656837], [-0.000281202170299, 0.00129465782084, -0.00022595327755, 0.000204556345125, 0.00282831024379, 0.00208829552867, -0.00350880483165, 0.000227023803745, 4.25263169745e-05, 0.000532616162673, -0.00584213575348, 0.0165866073221, -0.00489817280322], [0.000260369270109, -0.000332188501488, 0.000417880830355, 1.82089206646e-06, -0.00109969510231, 0.000753756146878, 0.00109845318366, -0.00180420151446, 0.00110624334775, -0.00288486573845, -0.0042383656837, -0.00489817280322, 0.0171524882317]]
    },
    "melbands": {
        "mean": [0.00561386300251, 0.00437447521836, 0.00131478905678, 0.000782499846537, 0.000687613617629, 0.000930209003855, 0.000339651771355, 0.000139096824569, 0.000129215826746, 0.000281655637082, 0.000188223624718, 6.03557127761e-05, 8.14449304016e-05, 5.45991533727e-05, 4.22817720391e-05, 4.87033103127e-05, 4.64742661279e-05, 2.17030737986e-05, 1.85313001566e-05, 1.46302090798e-05, 1.37207171065e-05, 1.08664062282e-05, 1.09834381874e-05, 8.39338827063e-06, 5.97430289417e-06, 5.47323361388e-06, 6.1802129494e-06, 5.21691481481e-06, 6.0971728999e-06, 4.91857281304e-06, 4.4868979785e-06, 5.96780500928e-06, 5.56019722353e-06, 4.91656874146e-06, 5.11844109496e-06, 4.39345558334e-06, 3.68152268493e-06, 3.07496952701e-06, 3.17383000947e-06, 2.29820943787e-06],
        "stdev": [0.0110050123185, 0.00880913995206, 0.00287382048555, 0.001898395014, 0.00105346320197, 0.0013252790086, 0.000568658870179, 0.000319873099215, 0.000233152255532, 0.000455532775959, 0.000370892812498, 0.000124246595078, 0.000133688678034, 0.000100254896097, 7.76856031734e-05, 9.48579472606e-05, 0.000101469129731, 6.45595500828e-05, 3.09722308884e-05, 2.1488087441e-05, 1.7614904209e-05, 1.78293612407e-05, 2.15481341002e-05, 1.2601058188e-05, 9.14622251003e-06, 7.18442652214e-06, 8.77623915585e-06, 7.29324028725e-06, 1.04078590084e-05, 7.74097770773e-06, 6.94520304023e-06, 8.32899968373e-06, 7.99770259619e-06, 7.38683729651e-06, 9.48656270339e-06, 7.63687330618e-06, 6.2781368797e-06, 5.36633115189e-06, 6.3363127083e-06, 4.08224786952e-06]
    },
    "melbands128": {
        "mean": [0.00122555252165, 0.00510660652071, 0.0076470496133, 0.00632520578802, 0.0041415435262, 0.00260409177281, 0.00147191644646, 0.000992193818092, 0.000852770346683, 0.000816633517388, 0.000775858643465, 0.000511057558469, 0.000512884289492, 0.00115527026355, 0.00106364348903, 0.000845754344482, 0.00041740440065, 0.000294718163786, 0.000161055591889, 0.000164214463439, 0.000115805974929, 9.60639954428e-05, 7.90509366198e-05, 0.000194122403627, 0.000277275772532, 0.000263128778897, 0.000449895247584, 0.000100490004115, 8.18739572424e-05, 6.25495158602e-05, 3.83013066312e-05, 7.81587586971e-05, 0.000113760877866, 4.58363974758e-05, 8.20646964712e-05, 4.56135712739e-05, 3.65042469639e-05, 4.16376278736e-05, 5.03504015796e-05, 3.81153695344e-05, 2.69733882305e-05, 9.59603494266e-05, 4.66274213977e-05, 2.44945258601e-05, 2.86244830932e-05, 1.93809191842e-05, 1.75366476469e-05, 1.71036735992e-05, 1.969130426e-05, 2.08931905945e-05, 1.19995593195e-05, 9.67471987678e-06, 1.71716183104e-05, 1.396301559e-05, 9.65572507994e-06, 8.75422483659e-06, 1.26903078126e-05, 1.6373460312e-05, 8.19142314867e-06, 5.97141024627e-06, 1.09539241748e-05, 7.27119277144e-06, 5.75903322897e-06, 5.8861769503e-06, 6.1370237745e-06, 4.56026236861e-06, 5.35753542863e-06, 7.43293367123e-06, 5.24781671629e-06, 6.67109043206e-06, 4.7244830057e-06, 4.60623641629e-06, 6.15765884504e-06, 6.73577733323e-06, 5.8091700339e-06, 4.93574043503e-06, 4.83734993395e-06, 3.73561215383e-06, 4.65445373266e-06, 4.80072094433e-06, 5.93751246925e-06, 6.25761822448e-06, 6.09271137364e-06, 5.37297455594e-06, 5.58932651984e-06, 4.54925384474e-06, 5.39035272595e-06, 4.2330539145e-06, 5.54961570742e-06, 5.30209581484e-06, 4.35942183685e-06, 3.91446565118e-06, 4.7630037443e-06, 3.4966151361e-06, 3.30008128913e-06, 3.26950703311e-06, 2.97742872135e-06, 2.89123499897e-06, 3.32571062245e-06, 3.3453436572e-06, 2.53389066529e-06, 2.11665042116e-06, 2.0024638161e-06, 1.77586412065e-06, 1.45248418448e-06, 1.37167307912e-06, 9.64678292803e-07, 8.08400955066e-07, 8.19201034119e-07, 7.38176424875e-07, 5.03281512465e-07, 4.37437250866e-07, 3.29031024648e-07, 2.7650818879e-07, 1.9935561113e-07, 4.29410640379e-08, 1.37916700629e-11, 6.69582748622e-12, 6.47185733824e-12, 6.25691989539e-12, 6.09288747927e-12, 5.95222005365e-12, 5.81773995298e-12, 5.71346268907e-12, 5.62298948723e-12, 5.55877956512e-12, 5.51218445888e-12, 5.47419705052e-12],
        "stdev": [0.00275614694692, 0.0108370417729, 0.0174622070044, 0.014538067393, 0.0105415973812, 0.00650559458882, 0.00431389547884, 0.00235931877978, 0.00252708164044, 0.00270102126524, 0.00210059294477, 0.00118579238188, 0.00126806041226, 0.00194560759701, 0.00160033372231, 0.00210983352736, 0.00102102628443, 0.000680523633491, 0.00036530426587, 0.000477902736748, 0.000405676692026, 0.000299413659377, 0.00021945759363, 0.000424677535193, 0.000677455915138, 0.00058173754951, 0.00112112006173, 0.000228267890634, 0.000352686096448, 0.000180812639883, 0.000104239043139, 0.000136774877319, 0.000232601028983, 0.000123853518744, 0.000206351251109, 9.1502442956e-05, 8.89283255674e-05, 0.000125124803162, 9.87016101135e-05, 8.76111735124e-05, 7.79676920502e-05, 0.000330770417349, 0.000108537708002, 5.77748505748e-05, 0.000123774123495, 8.24442831799e-05, 8.99685546756e-05, 3.87083564419e-05, 3.79928860639e-05, 4.19609968958e-05, 2.79468440567e-05, 1.62021678989e-05, 2.743695768e-05, 2.01962429855e-05, 1.889737905e-05, 1.66532554431e-05, 3.14698445436e-05, 3.71199275833e-05, 2.11660844798e-05, 1.15439061119e-05, 2.08283290704e-05, 1.10490291263e-05, 1.03252104964e-05, 1.18911357276e-05, 1.05256449388e-05, 8.00393900136e-06, 7.42968086342e-06, 1.07554051283e-05, 8.89078637556e-06, 1.433500438e-05, 6.7588193815e-06, 8.5319925347e-06, 1.21519115055e-05, 1.57105350809e-05, 1.02633775896e-05, 9.28250028664e-06, 8.73670887813e-06, 5.68697487324e-06, 8.2307624325e-06, 1.09506572699e-05, 9.59027602221e-06, 1.06971183413e-05, 9.38804350881e-06, 8.39286076371e-06, 9.83112477115e-06, 7.33006390874e-06, 8.85615281732e-06, 8.17618365545e-06, 1.13294381663e-05, 1.18538409879e-05, 8.0208747022e-06, 7.00471764503e-06, 9.13485746423e-06, 6.44929468763e-06, 5.9831645558e-06, 6.22408060735e-06, 5.60068519917e-06, 5.98171845922e-06, 7.72276143834e-06, 7.09567120794e-06, 4.53697248304e-06, 4.07308516515e-06, 4.01120723836e-06, 3.60979652214e-06, 2.83233998744e-06, 2.74943045042e-06, 1.7052975636e-06, 1.43538329667e-06, 1.61220248174e-06, 1.5012278709e-06, 1.24660903111e-06, 9.11200174869e-07, 6.27132067166e-07, 4.90123568397e-07, 3.56588714112e-07, 8.32023090425e-08, 3.43745448772e-11, 1.21435153599e-11, 1.17530872187e-11, 1.13905239407e-11, 1.10942409773e-11, 1.08341400087e-11, 1.06042076162e-11, 1.04172026907e-11, 1.02531334117e-11, 1.01295681912e-11, 1.00395551247e-11, 9.98033947153e-12]
    },
    "mfcc": {
        "mean": [-653.337158203, 112.289787292, 19.1906967163, 17.5746173859, 3.23335671425, 8.83006000519, -2.33204627037, 4.02469587326, -2.36950874329, -2.84071779251, -0.621346175671, -2.11408400536, -0.459980338812],
        "cov": [[12025.3144531, -824.407775879, 241.074066162, -80.0759658813, 201.690490723, 336.130950928, 140.22479248, 82.6824264526, 184.080978394, 354.861236572, 54.4936294556, 158.183654785, -42.4501914978], [-824.407775879, 2278.44873047, -283.970306396, 122.189872742, 9.63895702362, -29.2349567413, -143.347442627, -26.6747570038, -87.7282562256, -111.692672729, 1.10304188728, -85.505821228, -21.1381282806], [241.074066162, -283.970306396, 561.664489746, 123.944381714, 183.925567627, 131.609725952, 151.325012207, 59.0710639954, 123.045684814, 99.7158889771, 39.2949562073, 78.138381958, 39.0319900513], [-80.0759658813, 122.189872742, 123.944381714, 284.471954346, 156.339797974, 66.9384765625, 62.3442001343, 26.9510345459, 60.9470825195, 36.8482627869, 18.4667110443, 37.6108093262, 27.6853275299], [201.690490723, 9.63895702362, 183.925567627, 156.339797974, 345.756988525, 129.33303833, 135.911239624, 25.3062114716, 129.09777832, 132.375, 20.9481563568, 77.8713912964, 32.0968971252], [336.130950928, -29.2349567413, 131.609725952, 66.9384765625, 129.33303833, 196.959915161, 106.832939148, 83.6992340088, 87.0731048584, 97.2031173706, 58.660282135, 44.2154884338, 11.9416446686], [140.22479248, -143.347442627, 151.325012207, 62.3442001343, 135.911239624, 106.832939148, 189.723297119, 81.2665252686, 98.039024353, 95.3391571045, 38.8270263672, 59.4918403625, 26.2696228027], [82.6824264526, -26.6747570038, 59.0710639954, 26.9510345459, 25.3062114716, 83.6992340088, 81.2665252686, 142.667648315, 55.1684303284, 49.8140068054, 53.1163597107, 22.2113819122, 14.3730182648], [184.080978394, -87.7282562256, 123.045684814, 60.9470825195, 129.09777832, 87.0731048584, 98.039024353, 55.1684303284, 147.509246826, 103.841423035, 46.1908187866, 60.249382019, 19.1213970184], [354.861236572, -111.692672729, 99.7158889771, 36.8482627869, 132.375, 97.2031173706, 95.3391571045, 49.8140068054, 103.841423035, 163.469619751, 53.3038482666, 63.5435752869, 18.705039978], [54.4936294556, 1.10304188728, 39.2949562073, 18.4667110443, 20.9481563568, 58.660282135, 38.8270263672, 53.1163597107, 46.1908187866, 53.3038482666, 95.2981414795, 35.8149375916, 13.3559484482], [158.183654785, -85.505821228, 78.138381958, 37.6108093262, 77.8713912964, 44.2154884338, 59.4918403625, 22.2113819122, 60.249382019, 63.5435752869, 35.8149375916, 89.6514434814, 29.0702552795], [-42.4501914978, -21.1381282806, 39.0319900513, 27.6853275299, 32.0968971252, 11.9416446686, 26.2696228027, 14.3730182648, 19.1213970184, 18.705039978, 13.3559484482, 29.0702552795, 71.3759994507]],
        "icov": [[9.51786933001e-05, 2.3054311896e-05, -2.56081671068e-06, 3.79622833862e-05, 3.36634766427e-05, -0.000176781715709, 9.33543415158e-05, 6.95776134307e-06, 3.17627491313e-05, -0.000200304333703, 0.000129571402795, -0.000129316482344, 0.000101194869785], [2.3054311896e-05, 0.000556791957933, 0.00028789305361, -0.00028538404149, -0.000373725633835, -0.000158882074174, 0.000426190526923, -0.000130125437863, 0.000112594156235, 0.000317259313306, -0.000371422618628, 0.000357298849849, 6.52763537801e-06], [-2.56081671068e-06, 0.00028789305361, 0.00271814130247, -0.000566474802326, -0.000380089215469, -0.000802355760243, -0.000860992935486, 0.000257026520558, -0.000768907484598, 0.000549473974388, 3.47736531694e-05, -0.000374153634766, -0.000404797319788], [3.79622833862e-05, -0.00028538404149, -0.000566474802326, 0.00525707704946, -0.00230451952666, -0.000238342501689, 0.000238177366555, -0.000517722161021, -0.000449035636848, 0.00153954478446, -0.000360012374585, -0.000357835815521, -0.000768550904468], [3.36634766427e-05, -0.000373725633835, -0.000380089215469, -0.00230451952666, 0.00781026249751, -0.00223209685646, -0.00215979106724, 0.0027527436614, -0.0022137183696, -0.00313350372016, 0.00300467782654, -0.00138917576987, -0.000469308666652], [-0.000176781715709, -0.000158882074174, -0.000802355760243, -0.000238342501689, -0.00223209685646, 0.0110966656357, -0.00162990973331, -0.00336392782629, 0.000116989809612, -0.00171544228215, -0.00308392313309, 0.00129812990781, 0.00127008045092], [9.33543415158e-05, 0.000426190526923, -0.000860992935486, 0.000238177366555, -0.00215979106724, -0.00162990973331, 0.0123760420829, -0.00450135581195, -0.00172629626468, -0.00112031423487, 0.00148164841812, -0.00198191683739, -0.000558377127163], [6.95776134307e-06, -0.000130125437863, 0.000257026520558, -0.000517722161021, 0.0027527436614, -0.00336392782629, -0.00450135581195, 0.0128836482763, -0.00192884868011, 8.83683969732e-05, -0.00357620487921, 0.00198141601868, -0.00123113102745], [3.17627491313e-05, 0.000112594156235, -0.000768907484598, -0.000449035636848, -0.0022137183696, 0.000116989809612, -0.00172629626468, -0.00192884868011, 0.0164351835847, -0.00505497353151, -0.00167989649344, -0.0027128951624, 0.00098761508707], [-0.000200304333703, 0.000317259313306, 0.000549473974388, 0.00153954478446, -0.00313350372016, -0.00171544228215, -0.00112031423487, 8.83683969732e-05, -0.00505497353151, 0.0155964577571, -0.00364238885231, -0.00241397693753, 9.95122245513e-05], [0.000129571402795, -0.000371422618628, 3.47736531694e-05, -0.000360012374585, 0.00300467782654, -0.00308392313309, 0.00148164841812, -0.00357620487921, -0.00167989649344, -0.00364238885231, 0.0178761463612, -0.00491288444027, -0.000512179918587], [-0.000129316482344, 0.000357298849849, -0.000374153634766, -0.000357835815521, -0.00138917576987, 0.00129812990781, -0.00198191683739, 0.00198141601868, -0.0027128951624, -0.00241397693753, -0.00491288444027, 0.0207251664251, -0.00505206501111], [0.000101194869785, 6.52763537801e-06, -0.000404797319788, -0.000768550904468, -0.000469308666652, 0.00127008045092, -0.000558377127163, -0.00123113102745, 0.00098761508707, 9.95122245513e-05, -0.000512179918587, -0.00505206501111, 0.0169066749513]]
    },
    "spectral_contrast_coeffs": {
        "mean": [-0.686787128448, -0.713132917881, -0.749805748463, -0.790898442268, -0.796057522297, -0.774747550488],
        "stdev": [0.092633754015, 0.0940913334489, 0.089554078877, 0.0582925416529, 0.0459713824093, 0.0470091924071]
    },
    "spectral_contrast_valleys": {
        "mean": [-6.86692714691, -7.13439941406, -7.80675983429, -8.06039428711, -8.08240699768, -10.17507267],
        "stdev": [1.94965744019, 1.92223465443, 1.93233311176, 1.93247497082, 1.96843278408, 2.05327558517]
    }
},
"rhythm": {
    "beats_count": 508,
    "beats_loudness": {
        "mean": 0.06204495579,
        "stdev": 0.0514643900096
    },
    "bpm": 140.866714478,
    "bpm_histogram_first_peak_bpm": 140,
    "bpm_histogram_first_peak_weight": 0.449999988079,
    "bpm_histogram_second_peak_bpm": 167,
    "bpm_histogram_second_peak_spread": 0,
    "bpm_histogram_second_peak_weight": 0.0927021726966,
    "danceability": 1.1515724659,
    "onset_rate": 3.15288162231,
    "beats_loudness_band_ratio": {
        "mean": [0.514656305313, 0.220560997725, 0.127329856157, 0.063375107944, 0.0294718630612, 0.0693824887276],
        "stdev": [0.315699577332, 0.208815798163, 0.148281306028, 0.0857059881091, 0.0438973493874, 0.128788366914]
    },
    "beats_position": [0.708208620548, 1.4164172411, 2.12462592125, 2.83283448219, 3.54104304314, 4.2492518425, 4.94585037231, 5.65405893326, 6.3622674942, 7.07047605515, 7.76707458496, 8.47528362274, 9.18349170685, 9.90331077576, 10.6115188599, 11.3081178665, 12.0047159195, 12.7129249573, 13.4211339951, 14.1293420792, 14.8375511169, 15.545759201, 16.2539672852, 16.9505672455, 17.6471652985, 18.3437633514, 19.0403633118, 19.7485713959, 20.45677948, 21.1765975952, 21.8848075867, 22.5930156708, 23.2896137238, 23.9862117767, 24.6828117371, 25.4026298523, 26.1224479675, 26.8422679901, 27.5620861053, 28.2586841583, 28.9552822113, 29.6518821716, 30.3717002869, 31.079908371, 31.7881164551, 32.4847145081, 33.1813163757, 33.8895225525, 34.5977325439, 35.2943305969, 35.9909286499, 36.7107467651, 37.4305648804, 38.1387748718, 38.672832489, 39.1952819824, 39.7177314758, 40.2285690308, 40.7394104004, 41.2502479553, 41.7494773865, 42.2603149414, 42.771156311, 43.281993866, 43.7812232971, 44.2920608521, 44.6635818481, 45.0351028442, 45.4066200256, 45.7897491455, 46.1612701416, 46.5443992615, 46.9275283813, 47.2990455627, 47.6705665588, 48.0304756165, 48.4019927979, 48.7735137939, 49.2030830383, 49.6326522827, 50.0622215271, 50.4917907715, 50.9097480774, 51.3393173218, 51.7688865662, 52.1984558105, 52.6164169312, 53.0459861755, 53.4755554199, 53.8935127258, 54.3230819702, 54.7526512146, 55.1706123352, 55.6001815796, 56.029750824, 56.4477081299, 56.8772773743, 57.3068466187, 57.7248077393, 58.1543769836, 58.583946228, 59.0019035339, 59.4198646545, 59.8378219604, 60.2673912048, 60.6969604492, 61.1149177551, 61.5444869995, 61.9740562439, 62.4036254883, 62.8331947327, 63.2511558533, 63.6691131592, 64.1102905273, 64.5282516479, 64.9462127686, 65.3873901367, 65.8053512573, 66.2233123779, 66.6528778076, 67.0708389282, 67.5004043579, 67.929977417, 68.3595428467, 68.7775039673, 69.2070770264, 69.6366424561, 70.0546035767, 70.4957809448, 70.9253463745, 71.3549194336, 71.7728805542, 72.1908340454, 72.608795166, 73.0383682251, 73.4679336548, 73.8858947754, 74.3154602051, 74.7450332642, 75.1629943848, 75.5925598145, 76.0221328735, 76.4400863647, 76.8696594238, 77.2992248535, 77.7171859741, 78.1467590332, 78.5763244629, 78.9942855835, 79.4238510132, 79.8534240723, 80.2713851929, 80.6893386841, 81.1305236816, 81.5484771729, 81.9780502319, 82.4076156616, 82.8255767822, 83.2435379028, 83.684715271, 84.1026763916, 84.5322418213, 84.9618148804, 85.3797683716, 85.7977294922, 86.2389068604, 86.656867981, 87.0748291016, 87.4927902222, 87.9339675903, 88.3519287109, 88.7814941406, 89.2110671997, 89.6290206909, 90.05859375, 90.4881591797, 90.9177322388, 91.3705215454, 91.8349151611, 92.2993164062, 92.7637176514, 93.2281188965, 93.6692962646, 94.1104736328, 94.5284347534, 94.9580001831, 95.3875732422, 95.8055343628, 96.223487854, 96.6530609131, 97.0826263428, 97.5121994019, 97.9417648315, 98.3713378906, 98.8009033203, 99.2188644409, 99.6368255615, 100.054779053, 100.472740173, 100.902313232, 101.331878662, 101.761451721, 102.191017151, 102.608978271, 103.038543701, 103.46811676, 103.886077881, 104.304031372, 104.733604431, 105.163169861, 105.581130981, 106.010704041, 106.44026947, 106.869842529, 107.299407959, 107.71736908, 108.1353302, 108.56489563, 108.994468689, 109.41242218, 109.830383301, 110.271560669, 110.68952179, 111.119087219, 111.548660278, 111.966621399, 112.396186829, 112.825759888, 113.255325317, 113.684898376, 114.102851868, 114.544036865, 114.961990356, 115.391563416, 115.821128845, 116.239089966, 116.657051086, 117.075012207, 117.516189575, 117.957366943, 118.398544312, 118.839729309, 119.211242676, 119.582763672, 119.954284668, 120.337409973, 120.720542908, 121.092063904, 121.463577271, 121.835098267, 122.160179138, 122.48526001, 122.810340881, 123.135414124, 123.495323181, 123.855232239, 124.215148926, 124.575057983, 124.934967041, 125.306480408, 125.654785156, 126.003082275, 126.351379395, 126.699676514, 127.047981262, 127.396278381, 127.7445755, 128.104492188, 128.452789307, 128.801086426, 129.149383545, 129.509292603, 129.86920166, 130.217498779, 130.565795898, 130.914108276, 131.262405396, 131.622314453, 131.982223511, 132.353744507, 132.702041626, 133.050338745, 133.398635864, 133.746932983, 134.095230103, 134.44354248, 134.803451538, 135.163360596, 135.511657715, 135.871566772, 136.23147583, 136.579772949, 136.928070068, 137.276367188, 137.624664307, 137.984573364, 138.332870483, 138.692779541, 139.041091919, 139.401000977, 139.749298096, 140.097595215, 140.457504272, 140.805801392, 141.154098511, 141.514007568, 141.862304688, 142.222213745, 142.570526123, 142.930435181, 143.2787323, 143.627029419, 143.986938477, 144.323623657, 144.671920776, 145.020217896, 145.368530273, 145.728439331, 146.088348389, 146.448257446, 146.808166504, 147.168075562, 147.516372681, 147.8646698, 148.212966919, 148.561264038, 148.909561157, 149.269470215, 149.617782593, 149.97769165, 150.337600708, 150.697509766, 151.057418823, 151.417327881, 151.788833618, 152.160354614, 152.543487549, 152.926620483, 153.298141479, 153.669662476, 154.041183472, 154.412689209, 154.784210205, 155.155731201, 155.550476074, 155.945205688, 156.316726685, 156.676635742, 157.0365448, 157.396453857, 157.756362915, 158.104675293, 158.464584351, 158.824493408, 159.184402466, 159.544311523, 159.904220581, 160.264129639, 160.624038696, 160.972335815, 161.332244873, 161.692153931, 162.110107422, 162.528076172, 162.957641602, 163.375595093, 163.793563843, 164.223129272, 164.652694702, 165.070648193, 165.500228882, 165.929794312, 166.347747803, 166.788925171, 167.218505859, 167.648071289, 168.06602478, 168.49559021, 168.925170898, 169.34312439, 169.772689819, 170.202270508, 170.620223999, 171.03817749, 171.467758179, 171.897323608, 172.3152771, 172.73324585, 173.151199341, 173.580764771, 174.0103302, 174.42829895, 174.85786438, 175.28742981, 175.717010498, 176.146575928, 176.576141357, 177.005706787, 177.423675537, 177.853240967, 178.282806396, 178.700775146, 179.118728638, 179.548294067, 179.977859497, 180.407440186, 180.837005615, 181.254959106, 181.672927856, 182.102493286, 182.532058716, 182.950012207, 183.391204834, 183.809158325, 184.238723755, 184.668289185, 185.086257935, 185.504211426, 185.933776855, 186.363357544, 186.781311035, 187.210876465, 187.640457153, 188.058410645, 188.487976074, 188.917541504, 189.335510254, 189.765075684, 190.194641113, 190.624221802, 191.053787231, 191.471740723, 191.889694214, 192.319274902, 192.748840332, 193.166793823, 193.596374512, 194.025939941, 194.443893433, 194.873458862, 195.303039551, 195.720993042, 196.150558472, 196.58013916, 196.998092651, 197.427658081, 197.857223511, 198.275192261, 198.70475769, 199.13432312, 199.55229187, 199.970245361, 200.411422729, 200.864212036, 201.328613281, 201.804626465, 202.292236328, 202.733413696, 203.174606323, 203.592559814, 204.033737183, 204.451690674, 204.869659424, 205.299224854, 205.728790283, 206.146759033, 206.576324463, 207.005889893, 207.423858643, 207.853424072, 208.282989502, 208.700942993, 209.130523682, 209.560089111, 209.978042603, 210.407608032, 210.837188721, 211.255142212, 211.673095703, 212.102676392, 212.532241821, 212.950195312, 213.379776001, 213.809341431, 214.227294922, 214.645263672, 215.074829102, 215.504394531, 215.933959961, 216.363540649, 216.781494141, 217.21105957, 217.640625, 218.046981812, 218.464935303, 218.882904053, 219.312469482, 219.730422974, 220.159988403, 220.589569092, 221.019134521, 221.448699951, 221.878265381, 222.307846069, 222.737411499, 223.166976929, 223.596542358, 224.037734985],
    "bpm_histogram": [0, 0, 0, 0, 0, 0, 0, 0, 0, 0, 0, 0, 0, 0, 0, 0, 0, 0, 0, 0, 0, 0, 0, 0, 0, 0, 0, 0, 0, 0, 0, 0, 0, 0, 0, 0, 0, 0, 0, 0, 0, 0, 0, 0, 0, 0, 0, 0, 0, 0, 0, 0, 0, 0, 0, 0, 0, 0, 0, 0, 0, 0, 0, 0, 0, 0, 0, 0, 0, 0, 0, 0, 0, 0, 0, 0, 0, 0, 0, 0, 0, 0, 0, 0.0177514795214, 0, 0.0512820519507, 0.0355029590428, 0, 0, 0, 0, 0, 0, 0, 0, 0, 0, 0, 0, 0, 0, 0, 0, 0, 0, 0, 0, 0, 0, 0, 0, 0, 0.00197238661349, 0, 0, 0.00394477322698, 0, 0.0138067062944, 0, 0, 0.00394477322698, 0, 0, 0.00197238661349, 0, 0, 0.00197238661349, 0, 0, 0.00986193306744, 0, 0, 0, 0.00394477322698, 0, 0, 0.0433925054967, 0, 0, 0, 0.325443774462, 0, 0, 0, 0.222879678011, 0, 0, 0, 0.00197238661349, 0, 0, 0, 0.00394477322698, 0, 0, 0, 0, 0.0138067062944, 0, 0, 0, 0.0394477322698, 0.00986193306744, 0, 0, 0, 0, 0.0927021726966, 0, 0, 0, 0, 0.0907297804952, 0, 0, 0, 0, 0, 0.00197238661349, 0, 0, 0, 0, 0, 0, 0.00788954645395, 0, 0, 0, 0, 0, 0, 0, 0, 0, 0, 0, 0, 0, 0, 0, 0, 0, 0, 0, 0, 0, 0, 0, 0, 0, 0, 0, 0, 0, 0, 0, 0, 0, 0, 0, 0, 0, 0, 0, 0, 0, 0, 0, 0, 0, 0, 0, 0, 0, 0, 0, 0, 0, 0, 0, 0, 0, 0, 0, 0, 0, 0, 0, 0]
},
"tonal": {
    "chords_changes_rate": 0.0555440858006,
    "chords_number_rate": 0.00185835221782,
    "chords_strength": {
        "mean": 0.523976624012,
        "stdev": 0.0977062508464
    },
    "hpcp_crest": {
        "mean": 16.1860866547,
        "stdev": 8.3136548996
    },
    "hpcp_entropy": {
        "mean": 1.74398291111,
        "stdev": 0.841695010662
    },
    "key_edma": {
        "strength": 0.730985045433,
        "key": "A",
        "scale": "major"
    },
    "key_krumhansl": {
        "strength": 0.735273778439,
        "key": "E",
        "scale": "major"
    },
    "key_temperley": {
        "strength": 0.7505671978,
        "key": "E",
        "scale": "major"
    },
    "tuning_diatonic_strength": 0.599051773548,
    "tuning_equal_tempered_deviation": 0.23152731359,
    "tuning_frequency": 434.193115234,
    "tuning_nontempered_energy_ratio": 0.965473890305,
    "hpcp": {
        "mean": [0.148903563619, 0.160970568657, 0.0784208402038, 0.0462928526103, 0.0434746704996, 0.0621793419123, 0.20008546114, 0.225015029311, 0.0941694378853, 0.0556864701211, 0.0512336306274, 0.0431015901268, 0.0695829987526, 0.0852191820741, 0.0690373554826, 0.0627173930407, 0.0490052960813, 0.0363432355225, 0.0435846298933, 0.0489853546023, 0.079575330019, 0.306807905436, 0.404375702143, 0.194752275944, 0.0832153409719, 0.0674722716212, 0.0553866177797, 0.173974424601, 0.203448936343, 0.0911661610007, 0.0734694525599, 0.0656274408102, 0.0495787523687, 0.0871214643121, 0.0964887365699, 0.0796033963561],
        "stdev": [0.28154706955, 0.300709962845, 0.186156868935, 0.143244758248, 0.13636341691, 0.145868763328, 0.268394619226, 0.297991096973, 0.175403863192, 0.170522645116, 0.167307853699, 0.143546253443, 0.166756629944, 0.190430268645, 0.180619388819, 0.180197671056, 0.155974954367, 0.125046163797, 0.126700639725, 0.141125261784, 0.176322966814, 0.324748694897, 0.403243780136, 0.25363689661, 0.212903812528, 0.196788236499, 0.152294367552, 0.292812913656, 0.340333074331, 0.177377939224, 0.198102295399, 0.18375749886, 0.150554686785, 0.199141815305, 0.217081874609, 0.178374096751]
    },
    "chords_histogram": [26.4298992157, 0, 11.6043777466, 0, 3.26244068146, 0, 0, 0.0412967167795, 0.165186867118, 0, 0, 0, 0, 0, 0, 3.634111166, 10.9229812622, 23.6836662292, 0, 0.805285990238, 1.30084657669, 3.44827580452, 14.2680158615, 0.433615535498],
    "thpcp": [1, 0.481612205505, 0.205787196755, 0.166855409741, 0.13696821034, 0.430229663849, 0.503118574619, 0.225449159741, 0.181686118245, 0.162293240428, 0.122605666518, 0.215446829796, 0.238611608744, 0.196855038404, 0.368230730295, 0.398071825504, 0.193930640817, 0.114479809999, 0.107510589063, 0.153766259551, 0.494800895452, 0.556450426579, 0.232876107097, 0.137709736824, 0.126698091626, 0.106587983668, 0.172075122595, 0.210742592812, 0.170725777745, 0.155096843839, 0.121187537909, 0.0898749232292, 0.107782512903, 0.121138222516, 0.196785643697, 0.758719921112],
    "chords_key": "E",
    "chords_scale": "major"
}
}