{
"metadata": {
    "version": {
        "essentia": "2.1-dev",
        "essentia_git_sha": "v2.1_beta3-415-gd5473f3",
        "extractor": "music 2.0"
    },
    "audio_properties": {
        "analysis": {
            "equal_loudness": 0,
            "length": 416.104492188,
            "sample_rate": 44100,
            "start_time": 0,
            "downmix": "mix"
        },
        "bit_rate": 192000,
        "length": 416.104492188,
        "lossless": 0,
        "number_channels": 2,
        "replay_gain": -10.1404323578,
        "sample_rate": 44100,
        "codec": "mp3",
        "md5_encoded": "5348b2c9a30ae17cfc52936542760284"
    },
    "tags": {
        "file_name": "bradski_y_jenskimmix-sunshine.mp3",
        "album": ["Sunshine ( Single )"],
        "artist": ["Dance Nation"],
        "genre": ["Other"],
        "title": ["Sunshine ( Bradski & JenskimMix )"]
    }
},
"lowlevel": {
    "average_loudness": 0.857294201851,
    "barkbands_crest": {
        "mean": 13.0564069748,
        "stdev": 5.62752962112
    },
    "barkbands_flatness_db": {
        "mean": 0.160873398185,
        "stdev": 0.0967222377658
    },
    "barkbands_kurtosis": {
        "mean": 23.2558059692,
        "stdev": 79.7104034424
    },
    "barkbands_skewness": {
        "mean": 2.91562247276,
        "stdev": 2.8962905407
    },
    "barkbands_spread": {
        "mean": 18.4482784271,
        "stdev": 14.4360351562
    },
    "dissonance": {
        "mean": 0.463811814785,
        "stdev": 0.0352224744856
    },
    "dynamic_complexity": 4.03179740906,
    "erbbands_crest": {
        "mean": 7.23435640335,
        "stdev": 3.85686635971
    },
    "erbbands_flatness_db": {
        "mean": 0.131704092026,
        "stdev": 0.0687778219581
    },
    "erbbands_kurtosis": {
        "mean": 0.739103615284,
        "stdev": 3.34593248367
    },
    "erbbands_skewness": {
        "mean": 0.370501935482,
        "stdev": 0.833302617073
    },
    "erbbands_spread": {
        "mean": 44.0500297546,
        "stdev": 22.1801795959
    },
    "hfc": {
        "mean": 19.4717693329,
        "stdev": 20.5470066071
    },
    "loudness_ebu128": {
        "integrated": -12.6196718216,
        "loudness_range": 5.99842834473,
        "momentary": {
            "mean": -14.4298849106,
            "stdev": 9.0636920929
        },
        "short_term": {
            "mean": -13.8814744949,
            "stdev": 5.70211601257
        }
    },
    "melbands_crest": {
        "mean": 18.3893184662,
        "stdev": 7.17993497849
    },
    "melbands_flatness_db": {
        "mean": 0.255232721567,
        "stdev": 0.113075256348
    },
    "melbands_kurtosis": {
        "mean": 43.1064491272,
        "stdev": 89.1340866089
    },
    "melbands_skewness": {
        "mean": 4.19086933136,
        "stdev": 3.17764186859
    },
    "melbands_spread": {
        "mean": 15.1293888092,
        "stdev": 15.1633253098
    },
    "pitch_salience": {
        "mean": 0.486322462559,
        "stdev": 0.188855230808
    },
    "silence_rate_20dB": {
        "mean": 1,
        "stdev": 0
    },
    "silence_rate_30dB": {
        "mean": 0.979243397713,
        "stdev": 0.142560124397
    },
    "silence_rate_60dB": {
        "mean": 0.0834170281887,
        "stdev": 0.276510477066
    },
    "spectral_centroid": {
        "mean": 1105.34118652,
        "stdev": 733.054199219
    },
    "spectral_complexity": {
        "mean": 17.8899669647,
        "stdev": 11.8965673447
    },
    "spectral_decrease": {
        "mean": -1.05209858603e-08,
        "stdev": 8.38071834153e-09
    },
    "spectral_energy": {
        "mean": 0.0414747931063,
        "stdev": 0.0326428003609
    },
    "spectral_energyband_high": {
        "mean": 0.000962612975854,
        "stdev": 0.00156345439609
    },
    "spectral_energyband_low": {
        "mean": 0.0280854143202,
        "stdev": 0.0277558751404
    },
    "spectral_energyband_middle_high": {
        "mean": 0.00389418052509,
        "stdev": 0.00480959471315
    },
    "spectral_energyband_middle_low": {
        "mean": 0.00979859288782,
        "stdev": 0.0132530815899
    },
    "spectral_entropy": {
        "mean": 7.59852170944,
        "stdev": 0.669725477695
    },
    "spectral_flux": {
        "mean": 0.10516332835,
        "stdev": 0.0699508339167
    },
    "spectral_kurtosis": {
        "mean": 10.4015951157,
        "stdev": 27.0469322205
    },
    "spectral_rms": {
        "mean": 0.0057070129551,
        "stdev": 0.00280951196328
    },
    "spectral_rolloff": {
        "mean": 946.06072998,
        "stdev": 1434.94189453
    },
    "spectral_skewness": {
        "mean": 2.08558082581,
        "stdev": 1.50957632065
    },
    "spectral_spread": {
        "mean": 5246972,
        "stdev": 2557211.5
    },
    "spectral_strongpeak": {
        "mean": 0.44105347991,
        "stdev": 0.384292840958
    },
    "zerocrossingrate": {
        "mean": 0.0491053126752,
        "stdev": 0.0422089025378
    },
    "barkbands": {
        "mean": [0.000790542224422, 0.0182129051536, 0.00791416224092, 0.00236606691033, 0.00339477951638, 0.00137068727054, 0.000844941940159, 0.000684194965288, 0.000871879805345, 0.000693551613949, 0.000689917011186, 0.000312611693516, 0.000449459446827, 0.000335306045599, 0.00037870235974, 0.000436318368884, 0.000303783745039, 0.000225070631132, 0.000156276932103, 0.000167916572536, 0.000121986951854, 0.000152437278302, 0.000154828376253, 0.00016817166761, 0.000143490862683, 0.000123613062897, 1.10435184979e-05],
        "stdev": [0.00135165872052, 0.0209176726639, 0.0141288544983, 0.00576672144234, 0.00684663141146, 0.00187388795894, 0.00123897334561, 0.00109030469321, 0.00123222416732, 0.000995114329271, 0.00116262631491, 0.000502747658174, 0.000747284444515, 0.000519327528309, 0.000618249294348, 0.000776385946665, 0.000440708128735, 0.000315206008963, 0.000200998358196, 0.000257515843259, 0.000170220097061, 0.000264841946773, 0.000301902036881, 0.000348732573912, 0.0002525333839, 0.000212605504203, 1.89466682059e-05]
    },
    "erbbands": {
        "mean": [0.597219526768, 3.81511235237, 9.41148757935, 8.10758972168, 10.3208637238, 10.9296617508, 9.75300216675, 12.0223350525, 12.9890031815, 13.0992898941, 12.9082345963, 20.2473487854, 22.6552829742, 21.6464862823, 27.7444438934, 13.939455986, 21.0120487213, 18.962896347, 18.4551963806, 21.2768306732, 22.9194927216, 16.4546909332, 12.7563486099, 10.8048305511, 7.00634908676, 8.71744632721, 5.31852340698, 4.9357047081, 5.48463010788, 4.48177814484, 4.67280244827, 3.77234339714, 2.62788057327, 1.61871778965, 1.02193152905, 0.511950850487, 0.228143066168, 0.0510215461254, 0.00114460219629, 7.87354656495e-05],
        "stdev": [0.659416735172, 4.97580385208, 15.3606910706, 16.4187717438, 22.7805690765, 21.4741973877, 14.6160182953, 16.5498943329, 18.5816268921, 18.6631259918, 20.5054416656, 28.6249313354, 36.4236564636, 30.9324893951, 43.5942687988, 21.4663639069, 33.356502533, 30.1831569672, 26.8433628082, 39.6524734497, 37.6247634888, 24.514131546, 17.9695777893, 13.7666044235, 8.73878383636, 13.9669656754, 7.68727779388, 7.19610643387, 9.42843723297, 7.68924474716, 9.83647918701, 8.87334728241, 4.9431681633, 2.75310254097, 1.92282307148, 0.886130869389, 0.400769114494, 0.0862903371453, 0.00189259450417, 7.40510222386e-05]
    },
    "gfcc": {
        "mean": [-20.9455509186, 94.2500152588, -88.5069961548, 23.7354316711, -41.3490028381, 19.2714862823, -32.7034721375, 15.021897316, -21.2597045898, 5.4548201561, -17.909986496, 5.88293886185, -11.2491779327],
        "cov": [[20455.3496094, -3152.96948242, -517.545288086, 1580.70117188, -366.250091553, 1057.11218262, -258.571411133, 565.617431641, -378.387390137, 301.138275146, -389.176330566, 361.661834717, -217.99168396], [-3152.96948242, 2253.80102539, -108.203071594, -462.595001221, 324.973083496, -480.660064697, 54.0204544067, -324.804138184, 149.311019897, -288.145263672, 152.169189453, -244.500076294, 119.060211182], [-517.545288086, -108.203071594, 960.937866211, 116.948234558, -1.98991119862, 149.566574097, 111.90499115, 81.2597122192, 19.4662971497, 79.9421234131, 9.19060707092, 59.4511451721, -2.00618219376], [1580.70117188, -462.595001221, 116.948234558, 625.058227539, 148.300231934, 247.659332275, 79.1796340942, 146.007232666, 85.0943756104, 47.9856910706, 39.8350830078, 49.5560531616, 40.0332374573], [-366.250091553, 324.973083496, -1.98991119862, 148.300231934, 513.78125, 62.676776886, 152.881790161, 53.132434845, 120.641983032, -15.4146442413, 60.3316726685, 0.346768587828, 44.2785072327], [1057.11218262, -480.660064697, 149.566574097, 247.659332275, 62.676776886, 313.163635254, 87.2198410034, 151.679214478, 30.6439819336, 74.2697067261, -7.44719266891, 70.4649047852, 4.37178516388], [-258.571411133, 54.0204544067, 111.90499115, 79.1796340942, 152.881790161, 87.2198410034, 201.106658936, 90.3921585083, 76.4160079956, 30.2376155853, 34.8516731262, 11.4048662186, 28.6061210632], [565.617431641, -324.804138184, 81.2597122192, 146.007232666, 53.132434845, 151.679214478, 90.3921585083, 185.361495972, 46.5871315002, 70.2198257446, -3.0994720459, 64.0852355957, 4.05204868317], [-378.387390137, 149.311019897, 19.4662971497, 85.0943756104, 120.641983032, 30.6439819336, 76.4160079956, 46.5871315002, 138.271881104, 14.4165868759, 58.6432685852, -13.1676235199, 34.3773956299], [301.138275146, -288.145263672, 79.9421234131, 47.9856910706, -15.4146442413, 74.2697067261, 30.2376155853, 70.2198257446, 14.4165868759, 126.248420715, 15.8199739456, 64.9401016235, -9.0013666153], [-389.176330566, 152.169189453, 9.19060707092, 39.8350830078, 60.3316726685, -7.44719266891, 34.8516731262, -3.0994720459, 58.6432685852, 15.8199739456, 94.9215927124, 20.6950149536, 43.3537406921], [361.661834717, -244.500076294, 59.4511451721, 49.5560531616, 0.346768587828, 70.4649047852, 11.4048662186, 64.0852355957, -13.1676235199, 64.9401016235, 20.6950149536, 108.165138245, 18.1895694733], [-217.99168396, 119.060211182, -2.00618219376, 40.0332374573, 44.2785072327, 4.37178516388, 28.6061210632, 4.05204868317, 34.3773956299, -9.0013666153, 43.3537406921, 18.1895694733, 68.0218353271]],
        "icov": [[0.000104905760963, -0.000141594049637, 0.000150522086187, -0.000359375117114, 0.000123543126392, -0.00026066263672, 0.000116469826025, -9.66854859143e-05, 0.000280066946289, -0.000221105772653, 0.000433141365647, -0.000347559107468, 0.000339162157616], [-0.000141594049637, 0.00246656546369, -0.000703702156898, 0.00185027252883, -0.00136441539507, 0.00182108429726, -0.000541489454918, 0.00100415863562, -0.00137406378053, 0.00280819088221, -0.00302384467795, 0.00305868336, -0.00276636518538], [0.000150522086187, -0.000703702156898, 0.00155209610239, -0.000925191445276, 0.000698478426784, -0.0010558210779, -0.000615310331341, 0.000167214209796, 0.000509786827024, -0.00113057147246, 0.00128647033125, -0.0016072957078, 0.00136898539495], [-0.000359375117114, 0.00185027252883, -0.000925191445276, 0.00478504598141, -0.00162034097593, -0.000192547420738, 0.000451900006738, -0.000346905813785, -0.00179398362525, 0.00240132748149, -0.00399454450235, 0.00369034800678, -0.00355245731771], [0.000123543126392, -0.00136441539507, 0.000698478426784, -0.00162034097593, 0.00387576851062, -0.00110293657053, -0.00184827914927, 0.00034090137342, -0.0011815498583, -0.000107457155536, 0.00183150288649, -0.00326505908743, 0.00235197856091], [-0.00026066263672, 0.00182108429726, -0.0010558210779, -0.000192547420738, -0.00110293657053, 0.0087622134015, -0.00170228956267, -0.00188621750567, -0.0011166628683, 0.00136400992051, -0.000637956021819, 0.000753706262913, -0.00200770702213], [0.000116469826025, -0.000541489454918, -0.000615310331341, 0.000451900006738, -0.00184827914927, -0.00170228956267, 0.01033366099, -0.00492311036214, 0.000226937656407, -0.00196190085262, -0.00123534619343, 0.00326551008038, -0.002163202269], [-9.66854859143e-05, 0.00100415863562, 0.000167214209796, -0.000346905813785, 0.00034090137342, -0.00188621750567, -0.00492311036214, 0.0156380925328, -0.00668199034408, -0.00017992228095, 0.00525292614475, -0.00673450669274, 0.000985877471976], [0.000280066946289, -0.00137406378053, 0.000509786827024, -0.00179398362525, -0.0011815498583, -0.0011166628683, 0.000226937656407, -0.00668199034408, 0.0187703389674, -0.00484867254272, -0.00711332401261, 0.00809982977808, -0.00224324921146], [-0.000221105772653, 0.00280819088221, -0.00113057147246, 0.00240132748149, -0.000107457155536, 0.00136400992051, -0.00196190085262, -0.00017992228095, -0.00484867254272, 0.0187862124294, -0.00626389589161, -0.0053268042393, 0.00410080282018], [0.000433141365647, -0.00302384467795, 0.00128647033125, -0.00399454450235, 0.00183150288649, -0.000637956021819, -0.00123534619343, 0.00525292614475, -0.00711332401261, -0.00626389589161, 0.0277761742473, -0.0115250013769, -0.00373012432829], [-0.000347559107468, 0.00305868336, -0.0016072957078, 0.00369034800678, -0.00326505908743, 0.000753706262913, 0.00326551008038, -0.00673450669274, 0.00809982977808, -0.0053268042393, -0.0115250013769, 0.0281822625548, -0.0125711485744], [0.000339162157616, -0.00276636518538, 0.00136898539495, -0.00355245731771, 0.00235197856091, -0.00200770702213, -0.002163202269, 0.000985877471976, -0.00224324921146, 0.00410080282018, -0.00373012432829, -0.0125711485744, 0.0296256486326]]
    },
    "melbands": {
        "mean": [0.00514167360961, 0.00499064102769, 0.00151477032341, 0.00082901091082, 0.000364535895642, 0.000263109832304, 0.000191621089471, 0.000150673397002, 0.000106064064312, 0.00012961376342, 0.000110464388854, 8.49096250022e-05, 9.71607441898e-05, 4.37941853306e-05, 3.92592592107e-05, 4.26965634688e-05, 3.5073448089e-05, 2.861764915e-05, 2.63546990027e-05, 3.17691155942e-05, 2.52391855611e-05, 1.70700404851e-05, 1.40719239425e-05, 1.02885587694e-05, 8.71619340614e-06, 4.92651042805e-06, 5.34127093488e-06, 5.80293226449e-06, 3.33828484145e-06, 2.78962806988e-06, 2.88923365588e-06, 2.96582970805e-06, 3.02622879644e-06, 2.32360343944e-06, 2.73379259852e-06, 2.44018519879e-06, 2.29163424592e-06, 1.88933097434e-06, 1.51714903041e-06, 1.32974878397e-06],
        "stdev": [0.00562698114663, 0.00690681161359, 0.00278273923323, 0.00172132195439, 0.000545991701074, 0.000358701799996, 0.000277951796306, 0.000219118897803, 0.00016239847173, 0.000184101925697, 0.000180047063623, 0.000125546692288, 0.000160213836352, 6.55280964565e-05, 6.15673707216e-05, 7.39805982448e-05, 5.73387369514e-05, 4.19533607783e-05, 4.69320330012e-05, 6.0159345594e-05, 4.08872037951e-05, 2.66126244242e-05, 1.98333418666e-05, 1.45352178151e-05, 1.14521644718e-05, 6.29417536402e-06, 7.58918713473e-06, 9.71421923168e-06, 5.10828567712e-06, 4.12091549151e-06, 4.2796946218e-06, 4.98099734614e-06, 5.52413848709e-06, 3.97967687604e-06, 5.65501068195e-06, 5.4011247812e-06, 5.84202234677e-06, 3.64732818525e-06, 2.7117287118e-06, 2.26138672588e-06]
    },
    "melbands128": {
        "mean": [0.000706288090441, 0.0047840164043, 0.0069957212545, 0.00592931499705, 0.00539043685421, 0.00335782929324, 0.00158100703266, 0.0011432019528, 0.000986263272353, 0.00108079984784, 0.000580980151426, 0.000382576603442, 0.000284068955807, 0.000381474790629, 0.000323747517541, 0.000160378258443, 0.000135849186336, 0.000265384354861, 0.000135659065563, 0.000124558879179, 0.000206484415685, 0.000121856915939, 6.75114279147e-05, 0.000106310289993, 0.000155445406563, 0.000108678519609, 0.000143666053191, 0.000117352239613, 7.00670716469e-05, 0.000105299324787, 6.68680440867e-05, 9.16707504075e-05, 0.000112068504677, 0.000105470702692, 4.54161054222e-05, 2.7645533919e-05, 3.70531815861e-05, 2.51267974818e-05, 5.9695692471e-05, 5.00777932757e-05, 4.0576516767e-05, 2.71462995443e-05, 3.76244315703e-05, 3.97336079914e-05, 2.2831496608e-05, 2.93032298941e-05, 3.23114036291e-05, 2.22472281166e-05, 2.67997947958e-05, 2.87409857265e-05, 3.53019058821e-05, 3.0150735256e-05, 2.84931757051e-05, 2.34879316849e-05, 1.76328358066e-05, 1.63716940733e-05, 1.47744658534e-05, 1.90762093553e-05, 1.08905987872e-05, 1.10675828182e-05, 9.53315611696e-06, 9.79620654107e-06, 1.28454448713e-05, 7.11023085387e-06, 4.86149474455e-06, 4.96230177305e-06, 4.81075448988e-06, 4.4813959903e-06, 5.15527199241e-06, 7.12697283234e-06, 7.06218906998e-06, 4.46283547717e-06, 3.29264571519e-06, 3.27126895172e-06, 3.24337588609e-06, 2.3804857392e-06, 2.99949215332e-06, 2.83792633127e-06, 2.75039428743e-06, 3.1356701129e-06, 2.55776808444e-06, 2.56608154814e-06, 4.60900446342e-06, 2.62789262706e-06, 2.43813337875e-06, 2.20578931476e-06, 2.28776480071e-06, 2.57933106695e-06, 2.67771906692e-06, 3.08907351609e-06, 2.4660996587e-06, 2.35635684476e-06, 1.98161319531e-06, 2.84412226392e-06, 1.89757395219e-06, 2.04584171115e-06, 1.78641596449e-06, 1.82637711532e-06, 1.61421155553e-06, 1.29899262902e-06, 1.3014906699e-06, 1.36292567277e-06, 1.34283129682e-06, 1.20854247143e-06, 1.14754323022e-06, 1.10387873065e-06, 1.08082053885e-06, 9.55417249315e-07, 8.44012902235e-07, 7.96061385699e-07, 7.91952800228e-07, 7.29782698272e-07, 7.57451289246e-07, 7.19846013908e-07, 6.13018357853e-07, 6.21717106242e-07, 4.46683174005e-07, 4.35026663581e-08, 7.40557962176e-12, 5.86548908402e-12, 5.65097751579e-12, 5.49007367345e-12, 5.3476862695e-12, 5.24179007491e-12, 5.15071665874e-12, 5.08801117557e-12, 5.0422578439e-12, 5.00473230566e-12],
        "stdev": [0.00122828769963, 0.00569735281169, 0.00859408639371, 0.00914156623185, 0.00901007466018, 0.00629840232432, 0.00375879043713, 0.00264698965475, 0.00258206389844, 0.00236591114663, 0.00135208608117, 0.000741383177228, 0.000541123677976, 0.000577725586481, 0.000495592772495, 0.000304268382024, 0.000263781868853, 0.000425460049883, 0.000230941426707, 0.000223877897952, 0.000361435086234, 0.000234322986216, 0.000173945925781, 0.000186144126928, 0.000253400939982, 0.00021154715796, 0.000323763902998, 0.000214131927351, 0.000137949973578, 0.000181024646736, 0.000114260554255, 0.000216422282392, 0.000215832900722, 0.000202830822673, 7.98694163677e-05, 5.42674351891e-05, 7.78531975811e-05, 4.95551430504e-05, 0.000114687718451, 8.56666592881e-05, 9.3339891464e-05, 9.20872553252e-05, 6.46064145258e-05, 7.4127674452e-05, 4.14149326389e-05, 4.97060464113e-05, 5.2791001508e-05, 4.56073103123e-05, 5.89553419559e-05, 5.77882492507e-05, 7.35764115234e-05, 5.90088129684e-05, 5.21832516824e-05, 4.11811561207e-05, 2.88859719149e-05, 3.10361974698e-05, 2.59912176261e-05, 3.05171433865e-05, 1.78208483703e-05, 2.08486726478e-05, 1.52068305397e-05, 1.46948150359e-05, 1.89399106603e-05, 1.10352102638e-05, 7.51011430111e-06, 7.43256669011e-06, 6.75288129059e-06, 7.13446161171e-06, 9.1862402769e-06, 1.27173989313e-05, 1.50448977365e-05, 7.25943664293e-06, 6.6796678766e-06, 5.52836263523e-06, 5.15634974363e-06, 3.64385164175e-06, 6.31356033409e-06, 4.63145488538e-06, 4.20396736445e-06, 5.36839979759e-06, 4.67768313683e-06, 4.56192128695e-06, 1.01865143733e-05, 4.86122553411e-06, 4.66729625259e-06, 4.06304889111e-06, 4.34847743236e-06, 4.74843363918e-06, 5.81673612032e-06, 8.46892817208e-06, 5.49938476979e-06, 5.28748068973e-06, 4.98272902405e-06, 8.47430601425e-06, 4.79506570628e-06, 4.15203385273e-06, 3.66309632227e-06, 3.83527913073e-06, 3.02878538605e-06, 2.35632205658e-06, 2.28098656407e-06, 2.35487573264e-06, 2.54240308095e-06, 2.5630104119e-06, 2.53857365351e-06, 2.04555863093e-06, 2.08092910725e-06, 1.73132968939e-06, 1.48173023717e-06, 1.41705970691e-06, 1.45274702845e-06, 1.26454926885e-06, 1.51182564423e-06, 1.25544977436e-06, 1.09237168999e-06, 1.11575161554e-06, 7.65385664181e-07, 7.97209196435e-08, 1.28051284853e-11, 9.51423315132e-12, 9.19683947054e-12, 8.94761435083e-12, 8.73909885429e-12, 8.56992081466e-12, 8.42897973641e-12, 8.32143381979e-12, 8.24317263753e-12, 8.19363153715e-12]
    },
    "mfcc": {
        "mean": [-670.190124512, 131.072174072, 13.1489715576, 18.6127319336, 14.3642148972, 8.26386260986, 4.12199926376, 9.0410118103, 5.5362944603, 3.14059090614, 0.348104357719, 0.761951625347, 0.803131759167],
        "cov": [[15076.6425781, -2040.9173584, -226.370452881, 276.595489502, 181.364349365, 340.529052734, 259.0284729, 295.197723389, 140.073928833, 131.209396362, -44.1625938416, -4.9508266449, 19.2315864563], [-2040.9173584, 1990.69287109, -202.803512573, -17.4081039429, 54.9201583862, -82.8653106689, -73.7999267578, -79.3683013916, -54.1654129028, -100.108940125, -43.8186721802, -42.4677963257, -50.2045555115], [-226.370452881, -202.803512573, 891.319030762, 26.5401687622, -58.5034751892, 49.0277938843, 28.5155639648, 8.99205493927, 14.931353569, 33.9372673035, -0.703458309174, 15.954126358, 17.4514427185], [276.595489502, -17.4081039429, 26.5401687622, 331.911224365, 172.843536377, 93.7313156128, 86.959022522, 84.5464553833, 74.9327774048, 41.4668045044, 49.4110107422, 45.6751365662, 37.2225799561], [181.364349365, 54.9201583862, -58.5034751892, 172.843536377, 293.681610107, 126.905807495, 84.1114578247, 110.09728241, 78.1001586914, 36.4779472351, 50.2019500732, 44.1379470825, 36.5742340088], [340.529052734, -82.8653106689, 49.0277938843, 93.7313156128, 126.905807495, 161.489852905, 98.015953064, 73.861946106, 62.2041473389, 50.2964859009, 33.8812179565, 30.2879867554, 37.0693511963], [259.0284729, -73.7999267578, 28.5155639648, 86.959022522, 84.1114578247, 98.015953064, 158.29208374, 104.798652649, 84.3109970093, 52.3206176758, 39.5284996033, 30.8313751221, 42.972618103], [295.197723389, -79.3683013916, 8.99205493927, 84.5464553833, 110.09728241, 73.861946106, 104.798652649, 157.582260132, 100.975387573, 59.7503433228, 44.8082885742, 32.018951416, 31.1974525452], [140.073928833, -54.1654129028, 14.931353569, 74.9327774048, 78.1001586914, 62.2041473389, 84.3109970093, 100.975387573, 121.105270386, 74.3381271362, 45.8742980957, 30.0867004395, 30.1482925415], [131.209396362, -100.108940125, 33.9372673035, 41.4668045044, 36.4779472351, 50.2964859009, 52.3206176758, 59.7503433228, 74.3381271362, 94.7053222656, 54.2766075134, 28.183795929, 24.3038043976], [-44.1625938416, -43.8186721802, -0.703458309174, 49.4110107422, 50.2019500732, 33.8812179565, 39.5284996033, 44.8082885742, 45.8742980957, 54.2766075134, 73.0829620361, 43.6734619141, 26.9488334656], [-4.9508266449, -42.4677963257, 15.954126358, 45.6751365662, 44.1379470825, 30.2879867554, 30.8313751221, 32.018951416, 30.0867004395, 28.183795929, 43.6734619141, 58.7923049927, 36.4336547852], [19.2315864563, -50.2045555115, 17.4514427185, 37.2225799561, 36.5742340088, 37.0693511963, 42.972618103, 31.1974525452, 30.1482925415, 24.3038043976, 26.9488334656, 36.4336547852, 58.5734481812]],
        "icov": [[8.72491509654e-05, 8.61151056597e-05, 5.83380497119e-05, -6.63052851451e-05, 3.45738480974e-05, -0.000152037609951, -1.65511919477e-05, -0.00015434002853, 0.000111242443381, -0.000130936721689, 0.000313958211336, -5.49381802557e-05, 0.000125694670714], [8.61151056597e-05, 0.000659377838019, 0.000115012953756, -2.59881871898e-05, -0.000359999539796, 0.00017910648603, -0.000108878499304, 0.000292053591693, -0.000315004610457, 0.000524433038663, 8.09814810054e-05, 0.000181914074346, 0.000349025707692], [5.83380497119e-05, 0.000115012953756, 0.00129260797985, -0.00029811571585, 0.000718295515981, -0.000797984364908, 9.32512120926e-05, -0.000231183934375, 0.000238813532633, -0.000614383840002, 0.000968997541349, -0.00070337037323, 0.000118668176583], [-6.63052851451e-05, -2.59881871898e-05, -0.00029811571585, 0.00479974038899, -0.00238637323491, 0.000179536393262, -0.00104555091821, 0.000773900363129, -0.0012292828178, 0.000704846577719, -0.000861065112986, -0.000991692882963, 0.000122770579765], [3.45738480974e-05, -0.000359999539796, 0.000718295515981, -0.00238637323491, 0.00848639477044, -0.00563596701249, 0.00264773517847, -0.00387889542617, -0.00105306960177, 0.00342098763213, -0.00227476609871, -0.000764439930208, 1.84696309589e-05], [-0.000152037609951, 0.00017910648603, -0.000797984364908, 0.000179536393262, -0.00563596701249, 0.0151464343071, -0.00679780589417, 0.0022381618619, 0.00165798992384, -0.00525790406391, 0.0027329151053, -0.000373252987629, -0.0016412230907], [-1.65511919477e-05, -0.000108878499304, 9.32512120926e-05, -0.00104555091821, 0.00264773517847, -0.00679780589417, 0.0166822746396, -0.00664602639154, -0.00390912080184, 0.00284633948468, -0.00232696346939, 0.00274641974829, -0.00530828302726], [-0.00015434002853, 0.000292053591693, -0.000231183934375, 0.000773900363129, -0.00387889542617, 0.0022381618619, -0.00664602639154, 0.018783768639, -0.0100812613964, 0.000771553430241, -0.0011875355849, -0.000618138583377, 0.00155454862397], [0.000111242443381, -0.000315004610457, 0.000238813532633, -0.0012292828178, -0.00105306960177, 0.00165798992384, -0.00390912080184, -0.0100812613964, 0.0285719837993, -0.0161733105779, 0.00408577499911, -0.00121555943042, -0.000869990326464], [-0.000130936721689, 0.000524433038663, -0.000614383840002, 0.000704846577719, 0.00342098763213, -0.00525790406391, 0.00284633948468, 0.000771553430241, -0.0161733105779, 0.0331967324018, -0.0198624823242, 0.00604593660682, -0.00115204858594], [0.000313958211336, 8.09814810054e-05, 0.000968997541349, -0.000861065112986, -0.00227476609871, 0.0027329151053, -0.00232696346939, -0.0011875355849, 0.00408577499911, -0.0198624823242, 0.0412860698998, -0.0227990746498, 0.00358011340722], [-5.49381802557e-05, 0.000181914074346, -0.00070337037323, -0.000991692882963, -0.000764439930208, -0.000373252987629, 0.00274641974829, -0.000618138583377, -0.00121555943042, 0.00604593660682, -0.0227990746498, 0.0440337583423, -0.0187415666878], [0.000125694670714, 0.000349025707692, 0.000118668176583, 0.000122770579765, 1.84696309589e-05, -0.0016412230907, -0.00530828302726, 0.00155454862397, -0.000869990326464, -0.00115204858594, 0.00358011340722, -0.0187415666878, 0.0322469137609]]
    },
    "spectral_contrast_coeffs": {
        "mean": [-0.736886322498, -0.792403101921, -0.793018043041, -0.824739813805, -0.811058759689, -0.808095574379],
        "stdev": [0.0859292596579, 0.0569639466703, 0.0587955154479, 0.0403676368296, 0.0379809848964, 0.0334348976612]
    },
    "spectral_contrast_valleys": {
        "mean": [-6.50792360306, -6.80359792709, -7.44580698013, -7.70066404343, -8.0306968689, -10.3468322754],
        "stdev": [1.50072658062, 1.37122130394, 1.43266201019, 1.55414795876, 1.69224298, 1.86448729038]
    }
},
"rhythm": {
    "beats_count": 949,
    "beats_loudness": {
        "mean": 0.0693571418524,
        "stdev": 0.0361984074116
    },
    "bpm": 138.101882935,
    "bpm_histogram_first_peak_bpm": 140,
    "bpm_histogram_first_peak_weight": 0.469339609146,
    "bpm_histogram_second_peak_bpm": 172,
    "bpm_histogram_second_peak_spread": 0,
    "bpm_histogram_second_peak_weight": 0.0126582281664,
    "danceability": 1.33905482292,
    "onset_rate": 5.36137199402,
    "beats_loudness_band_ratio": {
        "mean": [0.68762755394, 0.136776939034, 0.0858189687133, 0.0657295882702, 0.0340416543186, 0.0256301332265],
        "stdev": [0.24516735971, 0.150158941746, 0.0993257090449, 0.0625158473849, 0.0304500684142, 0.0658841654658]
    },
