{
"metadata": {
    "version": {
        "essentia": "2.1-dev",
        "essentia_git_sha": "v2.1_beta3-415-gd5473f3",
        "extractor": "music 2.0"
    },
    "audio_properties": {
        "analysis": {
            "equal_loudness": 0,
            "length": 251.350204468,
            "sample_rate": 44100,
            "start_time": 0,
            "downmix": "mix"
        },
        "bit_rate": 192000,
        "length": 251.350204468,
        "lossless": 0,
        "number_channels": 2,
        "replay_gain": -9.12859725952,
        "sample_rate": 44100,
        "codec": "mp3",
        "md5_encoded": "e15844f4223e06d3d63cfd4fdcac1119"
    },
    "tags": {
        "file_name": "brenda.s_dream-take_me_there.mp3",
        "album": ["Solo Numeros 1 2001 CD2"],
        "artist": ["Various Artists"],
        "genre": ["Other"],
        "title": ["take me there-brenda's dream"]
    }
},
"lowlevel": {
    "average_loudness": 0.948627948761,
    "barkbands_crest": {
        "mean": 11.8514242172,
        "stdev": 6.04173564911
    },
    "barkbands_flatness_db": {
        "mean": 0.127111032605,
        "stdev": 0.0708912238479
    },
    "barkbands_kurtosis": {
        "mean": 7.85462808609,
        "stdev": 24.2126407623
    },
    "barkbands_skewness": {
        "mean": 1.81528699398,
        "stdev": 1.97989344597
    },
    "barkbands_spread": {
        "mean": 29.78465271,
        "stdev": 19.812128067
    },
    "dissonance": {
        "mean": 0.465931206942,
        "stdev": 0.0251350738108
    },
    "dynamic_complexity": 2.71507549286,
    "erbbands_crest": {
        "mean": 9.13403320312,
        "stdev": 4.89102315903
    },
    "erbbands_flatness_db": {
        "mean": 0.130089268088,
        "stdev": 0.045635342598
    },
    "erbbands_kurtosis": {
        "mean": 0.592037260532,
        "stdev": 2.58228373528
    },
    "erbbands_skewness": {
        "mean": 0.123782768846,
        "stdev": 0.770399987698
    },
    "erbbands_spread": {
        "mean": 46.538860321,
        "stdev": 21.341468811
    },
    "hfc": {
        "mean": 28.715970993,
        "stdev": 27.4701461792
    },
    "loudness_ebu128": {
        "integrated": -13.243847847,
        "loudness_range": 4.53495025635,
        "momentary": {
            "mean": -14.9217891693,
            "stdev": 15.9047603607
        },
        "short_term": {
            "mean": -13.659693718,
            "stdev": 2.31307220459
        }
    },
    "melbands_crest": {
        "mean": 17.0951633453,
        "stdev": 7.57613897324
    },
    "melbands_flatness_db": {
        "mean": 0.195737361908,
        "stdev": 0.0895006880164
    },
    "melbands_kurtosis": {
        "mean": 23.9155254364,
        "stdev": 47.6684341431
    },
    "melbands_skewness": {
        "mean": 3.35689878464,
        "stdev": 2.5789706707
    },
    "melbands_spread": {
        "mean": 28.9543838501,
        "stdev": 24.7029438019
    },
    "pitch_salience": {
        "mean": 0.477417886257,
        "stdev": 0.16380982101
    },
    "silence_rate_20dB": {
        "mean": 1,
        "stdev": 0
    },
    "silence_rate_30dB": {
        "mean": 0.882412731647,
        "stdev": 0.322129756212
    },
    "silence_rate_60dB": {
        "mean": 0.0466469600797,
        "stdev": 0.210874378681
    },
    "spectral_centroid": {
        "mean": 1625.20507812,
        "stdev": 980.769958496
    },
    "spectral_complexity": {
        "mean": 17.7882881165,
        "stdev": 8.99499416351
    },
    "spectral_decrease": {
        "mean": -1.06643458508e-08,
        "stdev": 1.07653548298e-08
    },
    "spectral_energy": {
        "mean": 0.0428544059396,
        "stdev": 0.0411615557969
    },
    "spectral_energyband_high": {
        "mean": 0.00167308666278,
        "stdev": 0.00266031129286
    },
    "spectral_energyband_low": {
        "mean": 0.0274447482079,
        "stdev": 0.0380571000278
    },
    "spectral_energyband_middle_high": {
        "mean": 0.00623955577612,
        "stdev": 0.00624925130978
    },
    "spectral_energyband_middle_low": {
        "mean": 0.00870768912137,
        "stdev": 0.0109754819423
    },
    "spectral_entropy": {
        "mean": 7.76906776428,
        "stdev": 0.480612188578
    },
    "spectral_flux": {
        "mean": 0.107597626746,
        "stdev": 0.0703445151448
    },
    "spectral_kurtosis": {
        "mean": 3.25105786324,
        "stdev": 2.69051790237
    },
    "spectral_rms": {
        "mean": 0.00573892332613,
        "stdev": 0.00297892070375
    },
    "spectral_rolloff": {
        "mean": 2193.23876953,
        "stdev": 2571.02807617
    },
    "spectral_skewness": {
        "mean": 1.4567592144,
        "stdev": 0.447961777449
    },
    "spectral_spread": {
        "mean": 6351805,
        "stdev": 3135790.5
    },
    "spectral_strongpeak": {
        "mean": 1.02812743187,
        "stdev": 1.38072776794
    },
    "zerocrossingrate": {
        "mean": 0.0842595919967,
        "stdev": 0.0654636248946
    },
    "barkbands": {
        "mean": [0.00102919142228, 0.0189891364425, 0.00642758002505, 0.00219985609874, 0.00215421500616, 0.00166204397101, 0.00097793515306, 0.000568081683014, 0.000768446479924, 0.000913883326575, 0.00120765704196, 0.000723902892787, 0.00072061951505, 0.000625259242952, 0.000461825460661, 0.000372330890968, 0.000535392668098, 0.000366469583241, 0.000294310768368, 0.00027850465267, 0.000158699695021, 0.000256893457845, 0.000302463246044, 0.000377194519388, 0.000341987062711, 0.000133559704409, 6.90870410835e-06],
        "stdev": [0.00461635319516, 0.0300335288048, 0.0151093555614, 0.00669487472624, 0.00393981300294, 0.00276063126512, 0.00217097555287, 0.00101159140468, 0.00140004348941, 0.00179517571814, 0.00241567287594, 0.0018505648477, 0.00152667122893, 0.00153149326798, 0.000725390331354, 0.000812495069113, 0.00121070328169, 0.000753949338105, 0.000390842877096, 0.000337585166562, 0.000198613386601, 0.000360561854905, 0.000455913628684, 0.00106791697908, 0.0010137517238, 0.000175584835233, 1.27063249238e-05]
    },
    "erbbands": {
        "mean": [0.554269194603, 4.1645617485, 7.987616539, 7.68954801559, 7.3386220932, 6.44598293304, 10.9224758148, 13.0549860001, 13.6472845078, 13.319314003, 14.5870513916, 18.1158618927, 27.4712524414, 43.4863090515, 32.2006378174, 32.9901618958, 33.3590736389, 33.6859359741, 27.6870822906, 22.5794372559, 21.5219802856, 29.1913280487, 22.4210014343, 17.0863361359, 14.610414505, 12.4615983963, 6.22688484192, 7.0638718605, 9.79192066193, 8.43228721619, 8.93653488159, 7.35842037201, 6.60907411575, 4.37186861038, 2.11596560478, 0.743128955364, 0.223405107856, 0.035229165107, 0.00081979832612, 7.96124513727e-05],
        "stdev": [0.87387150526, 7.2867937088, 17.3124752045, 19.2679004669, 19.1722927094, 10.1728696823, 22.5863552094, 22.9330615997, 25.4313430786, 28.3035507202, 24.1408290863, 32.752986908, 49.5337905884, 88.9219665527, 73.4728927612, 77.9253005981, 62.466381073, 68.7543716431, 54.436920166, 31.9312896729, 36.7423362732, 77.1156082153, 47.7815704346, 23.3398399353, 17.4674892426, 16.1970863342, 7.65974092484, 8.77539157867, 14.7965831757, 12.145857811, 14.9280719757, 17.1624794006, 21.2219543457, 14.8304729462, 5.63282775879, 1.11278414726, 0.318822056055, 0.0513870902359, 0.00115088874009, 6.18440608378e-05]
    },
    "gfcc": {
        "mean": [16.0011367798, 60.8902740479, -102.75276947, 30.4564704895, -52.756893158, 27.9829540253, -38.9787445068, 16.5531902313, -25.1434402466, 6.54051065445, -13.3312644958, 6.08918905258, -12.5427007675],
        "cov": [[13699.6376953, -77.3906021118, 142.721817017, 549.822937012, -258.612030029, 555.354553223, -311.994140625, 231.649993896, -201.77015686, 250.885147095, -346.370819092, 20.3371486664, -350.702484131], [-77.3906021118, 1592.95239258, 180.901321411, 221.465011597, 512.181762695, 152.109405518, 347.392089844, 48.5683708191, 83.3050003052, -103.248924255, 167.769668579, -81.5995254517, 82.0177154541], [142.721817017, 180.901321411, 855.233459473, 275.63848877, 162.263427734, 197.578170776, 103.968162537, 18.5937290192, 49.5519332886, 78.6872024536, -28.0081214905, -31.1640586853, -16.5637073517], [549.822937012, 221.465011597, 275.63848877, 435.125762939, 217.262451172, 83.5468444824, 70.5466766357, 64.5246505737, 115.719154358, 29.9511642456, 39.5283355713, 32.2625541687, 13.1652193069], [-258.612030029, 512.181762695, 162.263427734, 217.262451172, 444.942260742, 142.453521729, 223.961624146, 87.4477157593, 114.805450439, 0.853061378002, 99.3771209717, 4.31109285355, 51.3691291809], [555.354553223, 152.109405518, 197.578170776, 83.5468444824, 142.453521729, 322.96105957, 186.076644897, 42.3341941833, 10.9921379089, 45.5291137695, 28.5141372681, -30.4774799347, 23.6668453217], [-311.994140625, 347.392089844, 103.968162537, 70.5466766357, 223.961624146, 186.076644897, 328.524932861, 87.6265792847, 52.2788047791, 23.7530879974, 97.0546875, -18.8079509735, 43.8165550232], [231.649993896, 48.5683708191, 18.5937290192, 64.5246505737, 87.4477157593, 42.3341941833, 87.6265792847, 151.643676758, 69.3666305542, 18.397026062, 48.6568527222, 34.1338615417, 22.6442298889], [-201.77015686, 83.3050003052, 49.5519332886, 115.719154358, 114.805450439, 10.9921379089, 52.2788047791, 69.3666305542, 167.01550293, 48.2682151794, 53.7116241455, 33.0151367188, 30.5479221344], [250.885147095, -103.248924255, 78.6872024536, 29.9511642456, 0.853061378002, 45.5291137695, 23.7530879974, 18.397026062, 48.2682151794, 157.94102478, 48.770526886, 28.1685390472, 6.68645048141], [-346.370819092, 167.769668579, -28.0081214905, 39.5283355713, 99.3771209717, 28.5141372681, 97.0546875, 48.6568527222, 53.7116241455, 48.770526886, 168.524032593, 56.6520500183, 52.3873100281], [20.3371486664, -81.5995254517, -31.1640586853, 32.2625541687, 4.31109285355, -30.4774799347, -18.8079509735, 34.1338615417, 33.0151367188, 28.1685390472, 56.6520500183, 121.77696228, 44.5880050659], [-350.702484131, 82.0177154541, -16.5637073517, 13.1652193069, 51.3691291809, 23.6668453217, 43.8165550232, 22.6442298889, 30.5479221344, 6.68645048141, 52.3873100281, 44.5880050659, 109.047920227]],
        "icov": [[0.000189390775631, -0.000267308118055, 0.000243175483774, -0.000376237556338, 0.000265605631284, -0.000642237020656, 0.000499949790537, -0.00067552505061, 0.000489064608701, -0.000625183747616, 0.000626679102425, -0.000464998505777, 0.000636555894744], [-0.000267308118055, 0.00175471720286, -0.000501531350892, 0.000348850415321, -0.00144420273136, 0.00123290007468, -0.0012427305337, 0.00145553855691, -0.00061394169461, 0.00197513168678, -0.00212011602707, 0.00197788188234, -0.00142723333556], [0.000243175483774, -0.000501531350892, 0.00213919347152, -0.00149493769277, 0.000285295653157, -0.00151689280756, 0.000539093161933, -0.00064753688639, 0.000818101689219, -0.00181569124106, 0.00181012134999, -0.000577764760237, 0.00102615915239], [-0.000376237556338, 0.000348850415321, -0.00149493769277, 0.00496146967635, -0.00194799376186, 0.000841750763357, -5.23238122696e-05, 0.000993552501313, -0.00267030345276, 0.00153651449364, -0.00112834828906, -0.00036632703268, -0.000403098209063], [0.000265605631284, -0.00144420273136, 0.000285295653157, -0.00194799376186, 0.00632287934422, -0.0016012681881, -0.00110743124969, -0.00120886589866, -0.00117241544649, -4.56179222965e-05, 0.000517942651641, -0.00108957919292, 0.000811866135336], [-0.000642237020656, 0.00123290007468, -0.00151689280756, 0.000841750763357, -0.0016012681881, 0.00795575696975, -0.00456606503576, 0.0020116912201, -3.05782996293e-05, 0.00067807501182, -0.00144608749542, 0.00286652031355, -0.00339055014774], [0.000499949790537, -0.0012427305337, 0.000539093161933, -5.23238122696e-05, -0.00110743124969, -0.00456606503576, 0.00919931009412, -0.00436756806448, 0.0015279087238, -0.00181688903831, -0.000805027433671, 0.000748196267523, 0.0011181763839], [-0.00067552505061, 0.00145553855691, -0.00064753688639, 0.000993552501313, -0.00120886589866, 0.0020116912201, -0.00436756806448, 0.0125159043819, -0.00486913789064, 0.00325612979941, -0.00260679493658, -0.000642014492769, -0.00151757337153], [0.000489064608701, -0.00061394169461, 0.000818101689219, -0.00267030345276, -0.00117241544649, -3.05782996293e-05, 0.0015279087238, -0.00486913789064, 0.0118817063048, -0.00465997448191, 0.00140666088555, -0.000748479447793, 2.49001404882e-05], [-0.000625183747616, 0.00197513168678, -0.00181569124106, 0.00153651449364, -4.56179222965e-05, 0.00067807501182, -0.00181688903831, 0.00325612979941, -0.00465997448191, 0.0120241027325, -0.00594903994352, 0.00118151830975, -0.00108624785207], [0.000626679102425, -0.00212011602707, 0.00181012134999, -0.00112834828906, 0.000517942651641, -0.00144608749542, -0.000805027433671, -0.00260679493658, 0.00140666088555, -0.00594903994352, 0.014273205772, -0.00643965182826, 0.000702686491422], [-0.000464998505777, 0.00197788188234, -0.000577764760237, -0.00036632703268, -0.00108957919292, 0.00286652031355, 0.000748196267523, -0.000642014492769, -0.000748479447793, 0.00118151830975, -0.00643965182826, 0.015955934301, -0.00659603346139], [0.000636555894744, -0.00142723333556, 0.00102615915239, -0.000403098209063, 0.000811866135336, -0.00339055014774, 0.0011181763839, -0.00151757337153, 2.49001404882e-05, -0.00108624785207, 0.000702686491422, -0.00659603346139, 0.0151337785646]]
    },
    "melbands": {
        "mean": [0.00516378879547, 0.00478970259428, 0.00136217335239, 0.000487473793328, 0.000355816213414, 0.000303947424982, 0.000211856517126, 0.000136807648232, 0.000122422992717, 0.000114075395686, 0.000134485264425, 0.000167368503753, 0.000121193814266, 7.4567302363e-05, 8.81858286448e-05, 7.22910262994e-05, 6.26707842457e-05, 4.48530627182e-05, 3.45643384208e-05, 3.19829741784e-05, 2.31795911532e-05, 3.5600609408e-05, 1.79263242899e-05, 1.8267395717e-05, 1.3533265701e-05, 9.86503891909e-06, 1.18067682706e-05, 7.12349537935e-06, 3.65362893717e-06, 3.84047370972e-06, 4.08858340961e-06, 5.21838865097e-06, 5.29821500095e-06, 4.66519395559e-06, 5.60294665775e-06, 4.17302726419e-06, 4.56369070889e-06, 4.71181738249e-06, 4.19720754508e-06, 3.53875179826e-06],
        "stdev": [0.00787807255983, 0.00874697603285, 0.00312527827919, 0.00104092538822, 0.000641999125946, 0.000500783440657, 0.000410144013586, 0.000275747734122, 0.000210794532904, 0.000219631299842, 0.000258026644588, 0.000345295557054, 0.000237770436797, 0.000190365797607, 0.000229662560741, 0.000160762487212, 0.000151337866555, 0.000109193118988, 5.43930000276e-05, 7.08415027475e-05, 4.21119220846e-05, 9.91448032437e-05, 3.11854855681e-05, 4.55205663457e-05, 1.97076296899e-05, 1.39844378282e-05, 1.51726771946e-05, 1.00054267023e-05, 4.92763274451e-06, 5.23750395587e-06, 5.33291176907e-06, 8.03480088507e-06, 7.97389930085e-06, 7.23618677512e-06, 1.01900586742e-05, 7.26856114852e-06, 1.2328970115e-05, 1.61301340995e-05, 1.34689953484e-05, 1.34807733048e-05]
    },
    "melbands128": {
        "mean": [0.000732476415578, 0.00413196906447, 0.00725068943575, 0.00679208151996, 0.00472098449245, 0.00287659023888, 0.00158506503794, 0.000986808212474, 0.000750237319153, 0.00049572478747, 0.000301980355289, 0.000322154548485, 0.000413280009525, 0.000347180757672, 0.000293572054943, 0.000285622518277, 0.000287594011752, 0.00015168954269, 0.000263240654022, 0.000128824642161, 0.000108260581328, 9.28287117858e-05, 0.000148811101099, 0.000132697561639, 9.89185136859e-05, 0.000129391890368, 8.94131444511e-05, 0.000174539891304, 0.000129438572912, 8.98317230167e-05, 0.000255436374573, 0.000188966456335, 6.79377626511e-05, 0.000133093417389, 4.83439325762e-05, 6.04938977631e-05, 0.000106165076431, 0.000112865673145, 5.71592900087e-05, 6.25320753898e-05, 0.000107777013909, 3.43151114066e-05, 6.39340869384e-05, 7.91555794422e-05, 4.65169214294e-05, 4.3714819185e-05, 3.22851119563e-05, 5.08409902977e-05, 2.42501082539e-05, 1.90980044863e-05, 4.59426009911e-05, 3.20543367707e-05, 9.94622769213e-06, 2.60729102592e-05, 3.72288232029e-05, 4.84974007122e-05, 2.04278749152e-05, 1.24052621686e-05, 1.80151509994e-05, 2.67376963166e-05, 1.99288588192e-05, 8.71873362485e-06, 1.72482232301e-05, 1.41475829878e-05, 9.90057469608e-06, 9.48383603827e-06, 9.97078404907e-06, 1.076351964e-05, 1.30003190861e-05, 1.19981350508e-05, 6.93901165505e-06, 5.27837482878e-06, 4.08789583162e-06, 2.94581263915e-06, 3.51297217094e-06, 4.1145490286e-06, 3.63144818039e-06, 4.26928772868e-06, 4.28162411481e-06, 3.89203705708e-06, 3.68482278645e-06, 6.16787156105e-06, 7.95433243184e-06, 4.3384629862e-06, 4.5275028242e-06, 3.56330770046e-06, 5.29941144123e-06, 5.4920783441e-06, 6.60499335936e-06, 4.6127333917e-06, 4.18705121774e-06, 3.72283648176e-06, 4.73676436741e-06, 4.45798559667e-06, 4.72111787531e-06, 4.48572973255e-06, 5.01200383951e-06, 4.63419155494e-06, 4.07375227951e-06, 4.19732668888e-06, 3.73696570932e-06, 3.60162721336e-06, 3.00754913951e-06, 2.70955683845e-06, 2.60791080109e-06, 1.85128590147e-06, 1.86385000234e-06, 1.41856889968e-06, 1.31047727336e-06, 9.29976920361e-07, 8.49477942211e-07, 8.94724053069e-07, 7.75811429321e-07, 4.33295042512e-07, 4.03668593663e-07, 4.29848284966e-07, 2.79449722029e-07, 2.49652725159e-08, 7.59479718698e-12, 6.50435304575e-12, 6.29056442353e-12, 6.11949987211e-12, 5.96558956747e-12, 5.84666473222e-12, 5.74639381218e-12, 5.67644889427e-12, 5.62388070141e-12, 5.58229764497e-12],
        "stdev": [0.00193386361934, 0.00727806519717, 0.0120352460071, 0.0134690618142, 0.0106137599796, 0.00672003440559, 0.00448650680482, 0.00300773303024, 0.00222238362767, 0.00123715086374, 0.000619829399511, 0.000626211811323, 0.00104184995871, 0.000878716411535, 0.000721104792319, 0.000625946267974, 0.000712850422133, 0.000355310796294, 0.000919658865314, 0.000272630859399, 0.000297305174172, 0.000214646570385, 0.000282817025436, 0.000315894722007, 0.000236681837123, 0.0003741470573, 0.000263188005192, 0.000398377538659, 0.000414282403653, 0.000298885512166, 0.000663449056447, 0.000483646290377, 0.000195217566215, 0.000475747423479, 0.000307887064992, 0.000210184298339, 0.000359094381565, 0.000390059140045, 0.000231993719353, 0.000156088062795, 0.00030818459345, 9.49802051764e-05, 0.000207018762012, 0.000254764425335, 0.00018791166076, 0.000153949309606, 8.03403381724e-05, 0.000105310449726, 5.02977018186e-05, 4.88359401061e-05, 0.000131761393277, 0.000105682782305, 3.95101451431e-05, 5.88728689763e-05, 0.00010325882613, 0.000201199683943, 7.55890068831e-05, 3.10899813485e-05, 4.52126987511e-05, 7.30175306671e-05, 8.48074196256e-05, 2.46249801421e-05, 3.6087607441e-05, 2.60247416008e-05, 1.95387474378e-05, 2.0917825168e-05, 1.93587129615e-05, 1.80111965165e-05, 2.28596873058e-05, 2.42200949288e-05, 1.33781859404e-05, 9.59455519478e-06, 7.61841238273e-06, 5.18879505762e-06, 5.55558199267e-06, 6.67885115035e-06, 5.8627801991e-06, 6.8108679443e-06, 6.62231332171e-06, 6.17674049863e-06, 5.17356374985e-06, 1.33571493279e-05, 1.50500154632e-05, 6.99510337654e-06, 8.24413928058e-06, 7.04691001374e-06, 8.79893741512e-06, 9.24899813981e-06, 1.52575103129e-05, 9.35156276682e-06, 6.94859363648e-06, 7.78265803092e-06, 1.23782438095e-05, 1.37331389851e-05, 1.33827888931e-05, 1.87998230103e-05, 1.84506225196e-05, 1.58298316819e-05, 1.50527739606e-05, 1.34411875479e-05, 1.4675831153e-05, 1.45165813592e-05, 1.59410756169e-05, 9.6865442174e-06, 7.25814334146e-06, 4.21513368565e-06, 3.53128029928e-06, 2.55732265941e-06, 2.1696607746e-06, 1.42637099998e-06, 1.34957690534e-06, 1.46304535065e-06, 1.52141035414e-06, 6.22493985247e-07, 5.57510816179e-07, 8.43421389618e-07, 5.10405982368e-07, 4.21954098329e-08, 1.19747545213e-11, 1.10442098175e-11, 1.07420322637e-11, 1.04839331661e-11, 1.02596924012e-11, 1.00729598274e-11, 9.91414936258e-12, 9.79272826024e-12, 9.70386791754e-12, 9.64619703558e-12]
    },
    "mfcc": {
        "mean": [-630.12298584, 96.5754318237, 9.96063804626, 12.6309680939, 13.2289075851, 8.04091072083, 5.40120601654, 8.68486499786, -2.24301934242, 5.13863945007, -0.308394879103, -0.253781795502, 2.18337893486],
        "cov": [[6742.59521484, -162.953903198, 477.955200195, 155.373779297, 193.118133545, 245.239257812, 9.91136074066, 25.3590240479, 153.655593872, 4.81131982803, 147.384567261, 22.3562965393, -9.00674057007], [-162.953903198, 1353.16772461, 0.658322930336, 210.897506714, 189.21585083, 177.93510437, 304.601959229, 177.537307739, 43.2361221313, 135.936553955, -4.00692129135, 34.9691505432, 26.5502166748], [477.955200195, 0.658322930336, 638.178955078, 99.2527160645, 94.2545013428, 170.490493774, 62.3639450073, -28.7112731934, 94.4383850098, -2.19120597839, 51.3705825806, 38.4698982239, 1.57206678391], [155.373779297, 210.897506714, 99.2527160645, 399.895294189, 190.245895386, 74.4851989746, 29.8308887482, 103.455322266, 47.9966049194, 34.3096809387, 44.0691452026, 82.0538406372, 46.1351890564], [193.118133545, 189.21585083, 94.2545013428, 190.245895386, 256.962127686, 100.4295578, 52.6919326782, 89.6000595093, 62.6703071594, 30.8009414673, 35.8238487244, 39.7584381104, 21.989074707], [245.239257812, 177.93510437, 170.490493774, 74.4851989746, 100.4295578, 271.84262085, 165.492950439, 43.0345649719, 97.456741333, 48.644908905, 52.8687705994, 46.0572929382, 24.1287612915], [9.91136074066, 304.601959229, 62.3639450073, 29.8308887482, 52.6919326782, 165.492950439, 312.992126465, 106.935493469, 65.103302002, 91.4820175171, 32.7748146057, 34.6969871521, 38.0094795227], [25.3590240479, 177.537307739, -28.7112731934, 103.455322266, 89.6000595093, 43.0345649719, 106.935493469, 202.702270508, 51.270980835, 44.2952613831, 24.8002719879, 31.1533279419, 24.5877304077], [153.655593872, 43.2361221313, 94.4383850098, 47.9966049194, 62.6703071594, 97.456741333, 65.103302002, 51.270980835, 155.819107056, 38.7960700989, 30.7237682343, 37.6810760498, 17.0890541077], [4.81131982803, 135.936553955, -2.19120597839, 34.3096809387, 30.8009414673, 48.644908905, 91.4820175171, 44.2952613831, 38.7960700989, 137.012329102, 38.9069633484, 17.4320545197, 26.2806606293], [147.384567261, -4.00692129135, 51.3705825806, 44.0691452026, 35.8238487244, 52.8687705994, 32.7748146057, 24.8002719879, 30.7237682343, 38.9069633484, 121.019294739, 50.2267150879, 18.4304828644], [22.3562965393, 34.9691505432, 38.4698982239, 82.0538406372, 39.7584381104, 46.0572929382, 34.6969871521, 31.1533279419, 37.6810760498, 17.4320545197, 50.2267150879, 121.22354126, 53.9324874878], [-9.00674057007, 26.5502166748, 1.57206678391, 46.1351890564, 21.989074707, 24.1287612915, 38.0094795227, 24.5877304077, 17.0890541077, 26.2806606293, 18.4304828644, 53.9324874878, 107.108406067]],
        "icov": [[0.000164494442288, 2.78841835097e-05, -7.96306703705e-05, -1.47041300806e-05, -5.39915417903e-05, -0.000103161808511, 6.4314546762e-05, -2.89618383249e-05, -5.35571016371e-05, 2.82250912278e-05, -0.000155930305482, 0.000119626361993, 7.87183239481e-07], [2.78841835097e-05, 0.00116073212121, 0.000125622740597, -0.00038605069858, -0.000449849641882, -0.000222944247071, -0.000884612323716, -0.000188232748769, 0.000441340496764, -0.00059602240799, 0.000653748575132, -7.63765783631e-05, 0.000380563549697], [-7.96306703705e-05, 0.000125622740597, 0.0022059250623, -0.000483266398078, -0.000285634654574, -0.000890169467311, -0.000359327706974, 0.00103448412847, -0.000781431095675, 0.000576732796617, -0.000352380418917, 4.26888946095e-05, 0.000309463997837], [-1.47041300806e-05, -0.00038605069858, -0.000483266398078, 0.00473893899471, -0.00252660131082, -0.000113893001981, 0.00125142862089, -0.00136252667289, 0.000599072373006, -0.000448504375527, 0.000133121022373, -0.00202360935509, -0.000516108761076], [-5.39915417903e-05, -0.000449849641882, -0.000285634654574, -0.00252660131082, 0.00739914178848, -0.00165787548758, 0.00105712877121, -0.00169584609102, -0.000805095478427, 0.000127849038108, -0.000440768286353, 0.000752912310418, -0.000138127506943], [-0.000103161808511, -0.000222944247071, -0.000890169467311, -0.000113893001981, -0.00165787548758, 0.00828224141151, -0.0038397279568, 0.00183465075679, -0.00263722799718, 0.000799342000391, -0.00140702992212, -0.000310521194478, 0.000147840444697], [6.4314546762e-05, -0.000884612323716, -0.000359327706974, 0.00125142862089, 0.00105712877121, -0.0038397279568, 0.00763399014249, -0.00307893194258, 0.000523711380083, -0.00245474558324, 0.000458676426206, -0.000292304321192, -0.00107636617031], [-2.89618383249e-05, -0.000188232748769, 0.00103448412847, -0.00136252667289, -0.00169584609102, 0.00183465075679, -0.00307893194258, 0.00843793805689, -0.00205790949985, 0.000384843966458, -0.000761756615248, 0.000120821678138, 1.05417011582e-05], [-5.35571016371e-05, 0.000441340496764, -0.000781431095675, 0.000599072373006, -0.000805095478427, -0.00263722799718, 0.000523711380083, -0.00205790949985, 0.00983316078782, -0.00199982267804, 0.000730576575734, -0.00189562700689, 0.000436081609223], [2.82250912278e-05, -0.00059602240799, 0.000576732796617, -0.000448504375527, 0.000127849038108, 0.000799342000391, -0.00245474558324, 0.000384843966458, -0.00199982267804, 0.0108504556119, -0.00339445192367, 0.00179170712363, -0.001750051626], [-0.000155930305482, 0.000653748575132, -0.000352380418917, 0.000133121022373, -0.000440768286353, -0.00140702992212, 0.000458676426206, -0.000761756615248, 0.000730576575734, -0.00339445192367, 0.0120006185025, -0.00462793977931, 0.00117386947386], [0.000119626361993, -7.63765783631e-05, 4.26888946095e-05, -0.00202360935509, 0.000752912310418, -0.000310521194478, -0.000292304321192, 0.000120821678138, -0.00189562700689, 0.00179170712363, -0.00462793977931, 0.0142894377932, -0.00564464135095], [7.87183239481e-07, 0.000380563549697, 0.000309463997837, -0.000516108761076, -0.000138127506943, 0.000147840444697, -0.00107636617031, 1.05417011582e-05, 0.000436081609223, -0.001750051626, 0.00117386947386, -0.00564464135095, 0.0128345219418]]
    },
    "spectral_contrast_coeffs": {
        "mean": [-0.715158641338, -0.751933336258, -0.741216361523, -0.773506581783, -0.763327717781, -0.791047275066],
        "stdev": [0.0814385861158, 0.075777195394, 0.0794845074415, 0.058595225215, 0.0588984191418, 0.0311981700361]
    },
    "spectral_contrast_valleys": {
        "mean": [-6.85083150864, -7.08240127563, -7.58196496964, -7.76780653, -7.80911111832, -9.66785049438],
        "stdev": [1.89347231388, 1.6956744194, 1.63124501705, 1.61444985867, 1.61740899086, 1.65852844715]
    }
},
"rhythm": {
    "beats_count": 561,
    "beats_loudness": {
        "mean": 0.103793300688,
        "stdev": 0.051041085273
    },
    "bpm": 134.001068115,
    "bpm_histogram_first_peak_bpm": 133,
    "bpm_histogram_first_peak_weight": 0.45537340641,
    "bpm_histogram_second_peak_bpm": 140,
    "bpm_histogram_second_peak_spread": 0,
    "bpm_histogram_second_peak_weight": 0.00892857182771,
    "danceability": 1.3757904768,
    "onset_rate": 4.59884214401,
    "beats_loudness_band_ratio": {
        "mean": [0.733910799026, 0.0663265660405, 0.0565281957388, 0.0831877291203, 0.0469944216311, 0.0304822865874],
        "stdev": [0.285026550293, 0.0916490778327, 0.0773816928267, 0.127479508519, 0.0793281942606, 0.0635748654604]
    },
    "beats_position": [0.394739210606, 0.824308395386, 1.25387752056, 1.68344664574, 2.12462592125, 2.56580495834, 3.00698399544, 3.44816327095, 3.90095233917, 4.34213161469, 4.78331041336, 5.23609972, 5.6888885498, 6.13006782532, 6.57124710083, 7.02403593063, 7.47682523727, 7.91800451279, 8.37079334259, 8.82358264923, 9.26476192474, 9.70594120026, 10.1587295532, 10.6115188599, 11.0526981354, 11.4938774109, 11.9466667175, 12.3994560242, 12.8522443771, 13.3050336838, 13.7578229904, 14.1990022659, 14.6401815414, 15.0929698944, 15.5341491699, 15.9753284454, 16.4281177521, 16.8809070587, 17.3336963654, 17.786485672, 18.2276649475, 18.6688423157, 19.1100215912, 19.5512008667, 20.0039901733, 20.45677948, 20.9095687866, 21.3623580933, 21.8035373688, 22.2563266754, 22.7091159821, 23.1502952576, 23.5914726257, 24.0442619324, 24.4854412079, 24.9382305145, 25.3910198212, 25.8438091278, 26.2849884033, 26.73777771, 27.1905670166, 27.6317462921, 28.0845336914, 28.537322998, 28.9785022736, 29.4196815491, 29.8608608246, 30.3020401001, 30.7548294067, 31.2076187134, 31.6487979889, 32.0899772644, 32.542766571, 32.9955558777, 33.4367332458, 33.8779144287, 34.3307037354, 34.783493042, 35.2246704102, 35.6774597168, 36.1302490234, 36.5714263916, 37.0126075745, 37.4653968811, 37.9181861877, 38.3593635559, 38.8121528625, 39.2649421692, 39.7061233521, 40.1473007202, 40.6000900269, 41.0528793335, 41.4940567017, 41.9352378845, 42.3880271912, 42.8408164978, 43.281993866, 43.7347831726, 44.1875724792, 44.6287536621, 45.0699310303, 45.5111083984, 45.9638977051, 46.4166870117, 46.8694763184, 47.322265625, 47.7866668701, 48.2394561768, 48.6922454834, 49.1334228516, 49.5746040344, 50.0157814026, 50.4685707092, 50.9213600159, 51.3741493225, 51.8269386292, 52.2681159973, 52.720905304, 53.1736946106, 53.6148757935, 54.0560531616, 54.4972343445, 54.9384117126, 55.3795890808, 55.8207702637, 56.2619476318, 56.7147369385, 57.1675262451, 57.608707428, 58.0614967346, 58.5142860413, 58.9554634094, 59.4082527161, 59.8610420227, 60.3022193909, 60.7434005737, 61.1845779419, 61.6373672485, 62.0901565552, 62.531337738, 62.9841270447, 63.4369163513, 63.8780937195, 64.3192749023, 64.772064209, 65.2248535156, 65.6660308838, 66.1188201904, 66.5716094971, 67.0127868652, 67.4539642334, 67.90675354, 68.3595428467, 68.8007278442, 69.2535171509, 69.7062988281, 70.1590881348, 70.6118774414, 71.053062439, 71.4942398071, 71.9354171753, 72.3882064819, 72.8409957886, 73.2821731567, 73.7349624634, 74.18775177, 74.6289291382, 75.0817184448, 75.5345077515, 75.975692749, 76.4168701172, 76.8580474854, 77.310836792, 77.7636260986, 78.2048034668, 78.6459884644, 79.098777771, 79.5515594482, 79.9927444458, 80.4455337524, 80.8983230591, 81.3395004272, 81.7806777954, 82.2334671021, 82.6862564087, 83.1274337769, 83.5802230835, 84.0330123901, 84.4741897583, 84.9153747559, 85.3681640625, 85.8209533691, 86.2621307373, 86.7149200439, 87.1677093506, 87.6088867188, 88.0500640869, 88.5028533936, 88.9556427002, 89.3968200684, 89.849609375, 90.3023986816, 90.7435836792, 91.1847610474, 91.637550354, 92.0903396606, 92.5315170288, 92.972694397, 93.4254837036, 93.8782730103, 94.3194503784, 94.7722396851, 95.2250289917, 95.6662139893, 96.1190032959, 96.5717926025, 97.0129699707, 97.4541473389, 97.9069366455, 98.3597259521, 98.8009033203, 99.2420806885, 99.6948699951, 100.147659302, 100.588844299, 101.030021667, 101.482810974, 101.935600281, 102.388389587, 102.841178894, 103.282356262, 103.72353363, 104.176322937, 104.629112244, 105.070289612, 105.511474609, 105.964263916, 106.417053223, 106.858230591, 107.299407959, 107.752197266, 108.204986572, 108.64616394, 109.087341309, 109.540130615, 109.992919922, 110.445709229, 110.898498535, 111.339683533, 111.780860901, 112.233650208, 112.686439514, 113.127616882, 113.56879425, 114.021583557, 114.474372864, 114.915550232, 115.356735229, 115.809524536, 116.262313843, 116.703491211, 117.156280518, 117.609069824, 118.050247192, 118.503036499, 118.955825806, 119.397003174, 119.838180542, 120.27936554, 120.732154846, 121.184944153, 121.626121521, 122.078910828, 122.531700134, 122.972877502, 123.414054871, 123.866844177, 124.319633484, 124.760810852, 125.213600159, 125.666389465, 126.107574463, 126.548751831, 127.001541138, 127.454330444, 127.895507812, 128.348297119, 128.801086426, 129.242263794, 129.695053101, 130.147842407, 130.589019775, 131.018585205, 131.448165894, 131.912567139, 132.376953125, 132.818145752, 133.25932312, 133.712112427, 134.164901733, 134.606079102, 135.058868408, 135.511657715, 135.952835083, 136.40562439, 136.858413696, 137.299591064, 137.740768433, 138.193557739, 138.646347046, 139.087524414, 139.540313721, 139.993103027, 140.434280396, 140.875457764, 141.32824707, 141.769424438, 142.222213745, 142.675003052, 143.127792358, 143.568969727, 144.010162354, 144.46295166, 144.915740967, 145.356918335, 145.809707642, 146.262496948, 146.703674316, 147.144851685, 147.597640991, 148.050430298, 148.491607666, 148.944396973, 149.397186279, 149.838363647, 150.279541016, 150.732330322, 151.185119629, 151.626296997, 152.079086304, 152.53187561, 152.973052979, 153.414230347, 153.867019653, 154.31980896, 154.761001587, 155.213790894, 155.6665802, 156.107757568, 156.548934937, 157.001724243, 157.45451355, 157.895690918, 158.336868286, 158.789657593, 159.242446899, 159.683624268, 160.124801636, 160.577590942, 161.030380249, 161.471557617, 161.924346924, 162.37713623, 162.818313599, 163.271102905, 163.723892212, 164.16506958, 164.606262207, 165.059051514, 165.51184082, 165.953018188, 166.394195557, 166.846984863, 167.29977417, 167.752563477, 168.193740845, 168.646530151, 169.08770752, 169.540496826, 169.993286133, 170.434463501, 170.875640869, 171.328430176, 171.781219482, 172.222396851, 172.663574219, 173.116363525, 173.569152832, 174.021942139, 174.463119507, 174.915908813, 175.35710144, 175.798278809, 176.251068115, 176.703857422, 177.14503479, 177.597824097, 178.050613403, 178.491790771, 178.93296814, 179.374145508, 179.826934814, 180.279724121, 180.720901489, 181.173690796, 181.626480103, 182.067657471, 182.508834839, 182.961624146, 183.414413452, 183.85559082, 184.308380127, 184.761169434, 185.202362061, 185.643539429, 186.096328735, 186.549118042, 186.99029541, 187.443084717, 187.895874023, 188.34866333, 188.801452637, 189.242630005, 189.683807373, 190.13659668, 190.589385986, 191.030563354, 191.471740723, 191.924530029, 192.377319336, 192.818496704, 193.259674072, 193.712463379, 194.165252686, 194.606430054, 195.047622681, 195.500411987, 195.953201294, 196.394378662, 196.847167969, 197.299957275, 197.741134644, 198.182312012, 198.635101318, 199.087890625, 199.529067993, 199.9818573, 200.434646606, 200.875823975, 201.317001343, 201.769790649, 202.222579956, 202.663757324, 203.104934692, 203.557723999, 204.010513306, 204.451690674, 204.90447998, 205.357269287, 205.798446655, 206.251235962, 206.704025269, 207.145217896, 207.586395264, 208.03918457, 208.491973877, 208.933151245, 209.374328613, 209.82711792, 210.279907227, 210.721084595, 211.173873901, 211.626663208, 212.067840576, 212.520629883, 212.973419189, 213.414596558, 213.855773926, 214.308563232, 214.761352539, 215.202529907, 215.643707275, 216.096496582, 216.549285889, 216.990478516, 217.431655884, 217.88444519, 218.337234497, 218.778411865, 219.231201172, 219.683990479, 220.125167847, 220.577957153, 221.03074646, 221.471923828, 221.913101196, 222.365890503, 222.81867981, 223.259857178, 223.701034546, 224.153823853, 224.606613159, 225.047790527, 225.500579834, 225.953369141, 226.394546509, 226.847335815, 227.300125122, 227.741317749, 228.182495117, 228.635284424, 229.08807373, 229.529251099, 229.970428467, 230.423217773, 230.87600708, 231.317184448, 231.758361816, 232.211151123, 232.66394043, 233.105117798, 233.557907104, 234.010696411, 234.451873779, 234.904663086, 235.357452393, 235.798629761, 236.239807129, 236.692596436, 237.145385742, 237.586578369, 238.027755737, 238.480545044, 238.933334351, 239.374511719, 239.827301025, 240.280090332, 240.7212677, 241.162445068, 241.615234375, 242.068023682, 242.50920105, 242.950378418, 243.403167725, 243.855957031, 244.297134399, 244.749923706, 245.202713013, 245.643890381, 246.085067749, 246.549468994, 247.013870239, 247.478271484, 247.942672729, 248.337417603, 248.732147217, 249.12689209, 249.521621704, 249.916366577, 250.322723389, 250.787109375],
    "bpm_histogram": [0, 0, 0, 0, 0, 0, 0, 0, 0, 0, 0, 0, 0, 0, 0, 0, 0, 0, 0, 0, 0, 0, 0, 0, 0, 0, 0, 0, 0, 0, 0, 0, 0, 0, 0, 0, 0, 0, 0, 0, 0, 0, 0, 0, 0, 0, 0, 0, 0, 0, 0, 0, 0, 0, 0, 0, 0, 0, 0, 0, 0, 0, 0, 0, 0, 0, 0, 0, 0, 0, 0, 0, 0, 0, 0, 0, 0, 0, 0, 0, 0, 0, 0, 0, 0, 0, 0, 0, 0, 0, 0, 0, 0, 0, 0, 0, 0, 0, 0, 0, 0, 0, 0, 0, 0, 0, 0, 0, 0, 0, 0, 0, 0, 0, 0, 0, 0, 0, 0, 0, 0, 0, 0, 0, 0, 0, 0, 0, 0, 0.0142857143655, 0, 0, 0, 0.533928573132, 0, 0, 0.432142853737, 0, 0, 0, 0.00892857182771, 0, 0, 0, 0, 0, 0, 0, 0.00178571429569, 0, 0, 0, 0.00892857182771, 0, 0, 0, 0, 0, 0, 0, 0, 0, 0, 0, 0, 0, 0, 0, 0, 0, 0, 0, 0, 0, 0, 0, 0, 0, 0, 0, 0, 0, 0, 0, 0, 0, 0, 0, 0, 0, 0, 0, 0, 0, 0, 0, 0, 0, 0, 0, 0, 0, 0, 0, 0, 0, 0, 0, 0, 0, 0, 0, 0, 0, 0, 0, 0, 0, 0, 0, 0, 0, 0, 0, 0, 0, 0, 0, 0, 0, 0, 0, 0, 0, 0, 0, 0, 0, 0, 0, 0, 0, 0, 0, 0, 0, 0, 0, 0, 0]
},
"tonal": {
    "chords_changes_rate": 0.0567048378289,
    "chords_number_rate": 0.00166235689539,
    "chords_strength": {
        "mean": 0.523037314415,
        "stdev": 0.108415462077
    },
    "hpcp_crest": {
        "mean": 14.1797456741,
        "stdev": 6.59921550751
    },
    "hpcp_entropy": {
        "mean": 1.87587225437,
        "stdev": 0.713382065296
    },
    "key_edma": {
        "strength": 0.58572936058,
        "key": "D#",
        "scale": "major"
    },
    "key_krumhansl": {
        "strength": 0.59483230114,
        "key": "D#",
        "scale": "major"
    },
    "key_temperley": {
        "strength": 0.606461465359,
        "key": "D#",
        "scale": "major"
    },
    "tuning_diatonic_strength": 0.540753304958,
    "tuning_equal_tempered_deviation": 0.203149795532,
    "tuning_frequency": 434.193115234,
    "tuning_nontempered_energy_ratio": 0.952623009682,
    "hpcp": {
        "mean": [0.120254591107, 0.0869496613741, 0.0692146494985, 0.172539964318, 0.210518285632, 0.0942872241139, 0.0470339916646, 0.0454318784177, 0.0662104636431, 0.189081430435, 0.210435196757, 0.0907685384154, 0.0408696383238, 0.0312479995191, 0.0406657196581, 0.104808397591, 0.130527734756, 0.0920634195209, 0.124302715063, 0.145059600472, 0.0935480594635, 0.0579473301768, 0.0443066209555, 0.0557522960007, 0.12638425827, 0.176173046231, 0.136435970664, 0.0899537503719, 0.0756608471274, 0.0905107930303, 0.198894813657, 0.220486536622, 0.126055806875, 0.144281536341, 0.156979337335, 0.130955576897],
        "stdev": [0.257345825434, 0.202374085784, 0.174270823598, 0.270016282797, 0.328363329172, 0.179986193776, 0.14247071743, 0.137869179249, 0.158176407218, 0.292663961649, 0.312157541513, 0.190583541989, 0.135686859488, 0.117424055934, 0.120493397117, 0.18917298317, 0.220920428634, 0.185465440154, 0.222064837813, 0.256904929876, 0.202005490661, 0.154576674104, 0.13612537086, 0.153941228986, 0.220937624574, 0.283600926399, 0.25563827157, 0.201978653669, 0.188189297915, 0.19059215486, 0.296727061272, 0.307365119457, 0.202221825719, 0.265686541796, 0.291147828102, 0.25159701705]
    },
    "chords_histogram": [9.06908035278, 9.69708156586, 20.0775775909, 1.62541556358, 1.25600290298, 0, 3.45400810242, 0, 0.277059465647, 0, 0.609530866146, 0, 0.129294425249, 0, 0, 0.184706315398, 0.295530110598, 0.498707056046, 0, 0.0923531576991, 0, 6.61248636246, 14.9057998657, 31.2153682709],
    "thpcp": [1, 0.571716547012, 0.654377996922, 0.711967885494, 0.593939125538, 0.545405626297, 0.394353598356, 0.313917815685, 0.782541930676, 0.954789757729, 0.427632570267, 0.21331910789, 0.206052839756, 0.300292551517, 0.857564508915, 0.954412937164, 0.411673843861, 0.185361146927, 0.141722932458, 0.184436291456, 0.475350558758, 0.591998636723, 0.417546659708, 0.563765585423, 0.657906830311, 0.424280136824, 0.262815743685, 0.200949326158, 0.252860307693, 0.573206245899, 0.799019515514, 0.61879503727, 0.407978415489, 0.343154042959, 0.410504847765, 0.902072370052],
    "chords_key": "C",
    "chords_scale": "minor"
}
}