{
"metadata": {
    "version": {
        "essentia": "2.1-dev",
        "essentia_git_sha": "v2.1_beta3-415-gd5473f3",
        "extractor": "music 2.0"
    },
    "audio_properties": {
        "analysis": {
            "equal_loudness": 0,
            "length": 217.965713501,
            "sample_rate": 44100,
            "start_time": 0,
            "downmix": "mix"
        },
        "bit_rate": 192000,
        "length": 217.965713501,
        "lossless": 0,
        "number_channels": 2,
        "replay_gain": -12.2901630402,
        "sample_rate": 44100,
        "codec": "mp3",
        "md5_encoded": "a69807ed0f18fdd5d13acad707f96056"
    },
    "tags": {
        "file_name": "cassandra-shout_it_out.mp3",
        "album": ["Various Artists"],
        "artist": ["DISCO ESTRELLA VOL. 4 - CD 2"],
        "genre": ["Other"],
        "title": ["Cassandra - Shout it out"]
    }
},
"lowlevel": {
    "average_loudness": 0.964115798473,
    "barkbands_crest": {
        "mean": 13.4060335159,
        "stdev": 7.4862909317
    },
    "barkbands_flatness_db": {
        "mean": 0.171616241336,
        "stdev": 0.111368700862
    },
    "barkbands_kurtosis": {
        "mean": 38.0235366821,
        "stdev": 150.142700195
    },
    "barkbands_skewness": {
        "mean": 2.71078586578,
        "stdev": 4.37476444244
    },
    "barkbands_spread": {
        "mean": 23.43126297,
        "stdev": 17.5289077759
    },
    "dissonance": {
        "mean": 0.471279680729,
        "stdev": 0.0265452377498
    },
    "dynamic_complexity": 2.41466522217,
    "erbbands_crest": {
        "mean": 8.97202587128,
        "stdev": 4.84519910812
    },
    "erbbands_flatness_db": {
        "mean": 0.163162991405,
        "stdev": 0.053721588105
    },
    "erbbands_kurtosis": {
        "mean": 1.30074429512,
        "stdev": 5.53968572617
    },
    "erbbands_skewness": {
        "mean": 0.0321274101734,
        "stdev": 1.17232179642
    },
    "erbbands_spread": {
        "mean": 42.9270172119,
        "stdev": 24.4911956787
    },
    "hfc": {
        "mean": 27.6588630676,
        "stdev": 22.1125278473
    },
    "loudness_ebu128": {
        "integrated": -9.7294626236,
        "loudness_range": 2.45121955872,
        "momentary": {
            "mean": -11.9552612305,
            "stdev": 21.7932815552
        },
        "short_term": {
            "mean": -9.97698020935,
            "stdev": 1.87479102612
        }
    },
    "melbands_crest": {
        "mean": 17.5368366241,
        "stdev": 8.95346736908
    },
    "melbands_flatness_db": {
        "mean": 0.224576815963,
        "stdev": 0.147757545114
    },
    "melbands_kurtosis": {
        "mean": 46.9601402283,
        "stdev": 93.5123138428
    },
    "melbands_skewness": {
        "mean": 4.01030397415,
        "stdev": 3.97930121422
    },
    "melbands_spread": {
        "mean": 31.4689559937,
        "stdev": 32.1016235352
    },
    "pitch_salience": {
        "mean": 0.457901567221,
        "stdev": 0.231236368418
    },
    "silence_rate_20dB": {
        "mean": 1,
        "stdev": 0
    },
    "silence_rate_30dB": {
        "mean": 0.881763935089,
        "stdev": 0.322885364294
    },
    "silence_rate_60dB": {
        "mean": 0.0379207506776,
        "stdev": 0.190998375416
    },
    "spectral_centroid": {
        "mean": 1877.63781738,
        "stdev": 1245.94885254
    },
    "spectral_complexity": {
        "mean": 19.532169342,
        "stdev": 11.532989502
    },
    "spectral_decrease": {
        "mean": -1.13862776985e-08,
        "stdev": 1.05933759542e-08
    },
    "spectral_energy": {
        "mean": 0.04548304528,
        "stdev": 0.0398324653506
    },
    "spectral_energyband_high": {
        "mean": 0.00175066303927,
        "stdev": 0.00276440894231
    },
    "spectral_energyband_low": {
        "mean": 0.0300340652466,
        "stdev": 0.0421522781253
    },
    "spectral_energyband_middle_high": {
        "mean": 0.00662273401394,
        "stdev": 0.00666213408113
    },
    "spectral_energyband_middle_low": {
        "mean": 0.00847724918276,
        "stdev": 0.0147378966212
    },
    "spectral_entropy": {
        "mean": 7.60315132141,
        "stdev": 0.662854373455
    },
    "spectral_flux": {
        "mean": 0.110884159803,
        "stdev": 0.0816674977541
    },
    "spectral_kurtosis": {
        "mean": 5.18573331833,
        "stdev": 10.5729217529
    },
    "spectral_rms": {
        "mean": 0.00599026912823,
        "stdev": 0.00291386968456
    },
    "spectral_rolloff": {
        "mean": 2151.80249023,
        "stdev": 2558.60571289
    },
    "spectral_skewness": {
        "mean": 1.39796936512,
        "stdev": 0.97132652998
    },
    "spectral_spread": {
        "mean": 4880259.5,
        "stdev": 3498072.5
    },
    "spectral_strongpeak": {
        "mean": 1.1964673996,
        "stdev": 1.45511543751
    },
    "zerocrossingrate": {
        "mean": 0.0760106369853,
        "stdev": 0.0689285546541
    },
    "barkbands": {
        "mean": [0.000326774345012, 0.022697256878, 0.00567112956196, 0.00228606932797, 0.00354824098758, 0.000900633342098, 0.000637802004348, 0.000357160752174, 0.000674972776324, 0.000540507084224, 0.000609437818639, 0.00110795360524, 0.0007185015711, 0.00102736800909, 0.000468840473332, 0.000473070715088, 0.000430755695561, 0.000481995957671, 0.000529320968781, 0.000527647847775, 0.000403542537242, 0.00043283807463, 0.00026489130687, 0.00022046462982, 0.00011516718223, 2.90219632006e-05, 1.86080592357e-06],
        "stdev": [0.000557302904781, 0.0354691036046, 0.0181168634444, 0.00833203736693, 0.00836819410324, 0.00158624676988, 0.00129265862051, 0.000766117998865, 0.00126641266979, 0.00116806407459, 0.00130352145061, 0.00247837230563, 0.00190374650992, 0.00232245144434, 0.000761329662055, 0.000700216682162, 0.000635494885501, 0.000598920334596, 0.000763666408602, 0.000669986417051, 0.000576683145482, 0.0010986198904, 0.000557826599106, 0.000433044915553, 0.000279894156847, 4.74111329822e-05, 3.03604838336e-06]
    },
    "erbbands": {
        "mean": [0.653966486454, 5.03690958023, 7.40203094482, 7.57754421234, 10.3527526855, 12.0310373306, 7.53107023239, 7.47621536255, 8.90204620361, 8.36310386658, 10.8284406662, 12.8858270645, 17.0879440308, 20.6084136963, 23.1651992798, 42.6915016174, 37.1847496033, 41.0095558167, 39.318901062, 28.36353302, 24.3537502289, 26.8559417725, 24.2051334381, 30.0589981079, 24.5314865112, 25.9184455872, 17.2286396027, 15.9536523819, 15.7889795303, 10.9045267105, 7.87588691711, 5.10648345947, 3.39226698875, 1.79155862331, 0.549756288528, 0.153506830335, 0.0482886321843, 0.00945214089006, 0.000237106971326, 6.18552221567e-05],
        "stdev": [1.04574775696, 8.36288452148, 19.5046691895, 24.4101867676, 29.5660858154, 28.0331935883, 12.8709430695, 15.1164855957, 18.0945110321, 19.2930850983, 21.0914516449, 27.1509494781, 31.4423675537, 41.1105308533, 39.6393852234, 98.1946563721, 79.8663101196, 75.3419418335, 89.045715332, 38.6997146606, 33.3860359192, 36.8115577698, 29.751367569, 36.7812843323, 34.0948143005, 36.7758255005, 22.2330951691, 27.5806121826, 40.4953269958, 27.5340957642, 16.2150974274, 9.09583282471, 7.41198635101, 4.38537454605, 1.31357634068, 0.289650022984, 0.0779550373554, 0.0148123120889, 0.000327480986016, 4.32776068919e-05]
    },
    "gfcc": {
        "mean": [-13.5461339951, 67.293006897, -119.528625488, 43.672542572, -49.2727394104, 21.4346599579, -29.1250972748, 8.60331821442, -23.2055912018, 5.12193155289, -10.7275791168, 0.963266134262, -8.23616218567],
        "cov": [[17556.5625, -1206.36901855, -2178.5390625, 688.051208496, -1122.91967773, 355.119628906, -834.493774414, 152.504119873, -527.668457031, 49.6290664673, -443.571533203, 230.760757446, -368.723449707], [-1206.36901855, 2352.72631836, 1076.12756348, 85.5679931641, 891.277587891, -60.6015701294, 418.942382812, -29.7009754181, 170.997711182, -100.762176514, 150.06350708, -139.475494385, 118.02142334], [-2178.5390625, 1076.12756348, 2174.47607422, 405.681915283, 494.546508789, 118.064933777, 153.29284668, 22.6767578125, 150.894714355, -99.2959213257, -41.0085144043, -62.2480163574, 15.6385345459], [688.051208496, 85.5679931641, 405.681915283, 643.77130127, 263.889862061, 148.630355835, 140.974746704, 98.5943450928, 91.0954666138, 23.7200737, 45.6850242615, -0.934700667858, 24.2123336792], [-1122.91967773, 891.277587891, 494.546508789, 263.889862061, 964.129455566, 291.355682373, 504.032714844, 129.62437439, 209.875350952, 52.4959259033, 170.890289307, -41.2243537903, 93.3967285156], [355.119628906, -60.6015701294, 118.064933777, 148.630355835, 291.355682373, 456.152709961, 233.133483887, 65.4928588867, 67.2951126099, 66.8389358521, 39.9508743286, 26.2706623077, 11.0749425888], [-834.493774414, 418.942382812, 153.29284668, 140.974746704, 504.032714844, 233.133483887, 471.365020752, 102.287490845, 158.334869385, 73.9384918213, 156.461669922, -2.1705429554, 77.0942459106], [152.504119873, -29.7009754181, 22.6767578125, 98.5943450928, 129.62437439, 65.4928588867, 102.287490845, 227.142089844, 116.739265442, 31.723903656, 37.3424377441, 26.1510791779, 48.6435699463], [-527.668457031, 170.997711182, 150.894714355, 91.0954666138, 209.875350952, 67.2951126099, 158.334869385, 116.739265442, 199.327301025, 58.9560012817, 82.6512908936, 11.7980289459, 63.8255882263], [49.6290664673, -100.762176514, -99.2959213257, 23.7200737, 52.4959259033, 66.8389358521, 73.9384918213, 31.723903656, 58.9560012817, 145.198242188, 93.3593521118, 21.5412063599, 20.2092247009], [-443.571533203, 150.06350708, -41.0085144043, 45.6850242615, 170.890289307, 39.9508743286, 156.461669922, 37.3424377441, 82.6512908936, 93.3593521118, 197.886734009, 18.3947792053, 55.5147628784], [230.760757446, -139.475494385, -62.2480163574, -0.934700667858, -41.2243537903, 26.2706623077, -2.1705429554, 26.1510791779, 11.7980289459, 21.5412063599, 18.3947792053, 110.325965881, 19.2698287964], [-368.723449707, 118.02142334, 15.6385345459, 24.2123336792, 93.3967285156, 11.0749425888, 77.0942459106, 48.6435699463, 63.8255882263, 20.2092247009, 55.5147628784, 19.2698287964, 112.057487488]],
        "icov": [[0.000189140177099, -0.000391539069824, 0.000346435903339, -0.000493290543091, 0.000323243293678, -0.000504697090946, 0.000444717239588, -0.000505027768668, 0.000395155162551, -0.000456012581708, 0.000420707132434, -0.000442611664766, 0.000511571997777], [-0.000391539069824, 0.0020102490671, -0.00111117621418, 0.0013597268844, -0.00167175580282, 0.00182942091487, -0.00125928758644, 0.00164587516338, -0.000927364453673, 0.00184174219612, -0.00136981334072, 0.0015110274544, -0.00156501529273], [0.000346435903339, -0.00111117621418, 0.00142056844197, -0.00133533158805, 0.000577870872803, -0.00119874323718, 0.00114148529246, -0.000741725612897, 8.03768925834e-05, -0.00061373389326, 0.00120843818877, -0.000939701334573, 0.00120184046682], [-0.000493290543091, 0.0013597268844, -0.00133533158805, 0.00340001308359, -0.00135440984741, 0.00115796842147, -0.00111824693158, 0.000808247365057, -0.000992725486867, 0.00134727812838, -0.00150316627696, 0.00135800114367, -0.00133702461608], [0.000323243293678, -0.00167175580282, 0.000577870872803, -0.00135440984741, 0.00434562610462, -0.00206686556339, -0.0012723953696, -0.00148919946514, 0.000239972374402, -0.000749889120925, 0.000367813539924, -0.000143083045259, 0.000981466379017], [-0.000504697090946, 0.00182942091487, -0.00119874323718, 0.00115796842147, -0.00206686556339, 0.00547325564548, -0.00305700278841, 0.00154426845256, -0.000481513445266, 3.00354731735e-05, 0.00018809940957, 0.000379493605578, -0.000945435836911], [0.000444717239588, -0.00125928758644, 0.00114148529246, -0.00111824693158, -0.0012723953696, -0.00305700278841, 0.0077522569336, -0.00149088050239, -0.000425730278948, -0.000820989836939, -0.00123782118317, -0.000838634034153, 0.000696317525581], [-0.000505027768668, 0.00164587516338, -0.000741725612897, 0.000808247365057, -0.00148919946514, 0.00154426845256, -0.00149088050239, 0.00861329771578, -0.0050306180492, 0.00193297199439, -0.000346530723618, 0.000379652134143, -0.00246796268038], [0.000395155162551, -0.000927364453673, 8.03768925834e-05, -0.000992725486867, 0.000239972374402, -0.000481513445266, -0.000425730278948, -0.0050306180492, 0.0119231846184, -0.00381276593544, 0.000273485493381, -0.000927057000808, -0.00127514672931], [-0.000456012581708, 0.00184174219612, -0.00061373389326, 0.00134727812838, -0.000749889120925, 3.00354731735e-05, -0.000820989836939, 0.00193297199439, -0.00381276593544, 0.0137568591163, -0.00681391637772, 0.00111740373541, -0.000423725228757], [0.000420707132434, -0.00136981334072, 0.00120843818877, -0.00150316627696, 0.000367813539924, 0.00018809940957, -0.00123782118317, -0.000346530723618, 0.000273485493381, -0.00681391637772, 0.0118444617838, -0.00233786483295, -0.000732705870178], [-0.000442611664766, 0.0015110274544, -0.000939701334573, 0.00135800114367, -0.000143083045259, 0.000379493605578, -0.000838634034153, 0.000379652134143, -0.000927057000808, 0.00111740373541, -0.00233786483295, 0.0119766592979, -0.00329105160199], [0.000511571997777, -0.00156501529273, 0.00120184046682, -0.00133702461608, 0.000981466379017, -0.000945435836911, 0.000696317525581, -0.00246796268038, -0.00127514672931, -0.000423725228757, -0.000732705870178, -0.00329105160199, 0.0139761194587]]
    },
    "melbands": {
        "mean": [0.00621397001669, 0.00496129132807, 0.00138140644412, 0.00087119883392, 0.000304662011331, 0.000172374609974, 0.000131722903461, 8.36641120259e-05, 9.95988739305e-05, 8.12309517642e-05, 8.84213586687e-05, 8.46616967465e-05, 7.90558988228e-05, 8.07165415608e-05, 0.000135604015668, 7.13727276889e-05, 7.93493600213e-05, 7.33359993319e-05, 4.13397538068e-05, 3.55498123099e-05, 2.49953118328e-05, 2.91114756692e-05, 2.04373645829e-05, 2.33246282733e-05, 2.43981394306e-05, 2.082357787e-05, 1.67463367688e-05, 1.7089638277e-05, 1.06830102595e-05, 8.85600275069e-06, 9.37805270951e-06, 9.19261128729e-06, 7.80517984822e-06, 5.14714110977e-06, 4.87156739837e-06, 3.30343937094e-06, 3.02753278447e-06, 2.45307478508e-06, 1.97535246116e-06, 1.3500341538e-06],
        "stdev": [0.00964180286974, 0.00944295246154, 0.00402914686128, 0.00218916707672, 0.000535082654096, 0.000323357788147, 0.000255826773355, 0.000189400030649, 0.000198290814296, 0.000166616606293, 0.000171263774973, 0.000165403122082, 0.000149231636897, 0.000180301489308, 0.000305268011289, 0.000223665527301, 0.000153868561029, 0.000199534973945, 6.96481147315e-05, 5.70960437472e-05, 3.81151039619e-05, 4.45560690423e-05, 2.74178801192e-05, 2.97845726891e-05, 3.17411504511e-05, 3.908051076e-05, 2.13700277527e-05, 2.68711100944e-05, 1.42097796925e-05, 1.27998737298e-05, 1.80173192348e-05, 2.58302534348e-05, 1.93866890186e-05, 1.33538587761e-05, 1.06515799416e-05, 5.82469237997e-06, 5.75815238335e-06, 5.50009690414e-06, 4.74469061373e-06, 3.43331089425e-06]
    },
    "melbands128": {
        "mean": [0.000299248058582, 0.00448683276772, 0.00970559380949, 0.00778185902163, 0.00444987788796, 0.00253749918193, 0.00156269595027, 0.00101386767346, 0.00104437978007, 0.00105891493149, 0.000729592749849, 0.000356983480742, 0.000240813358687, 0.000207333214348, 0.000152135471581, 0.000166331708897, 0.000184080156032, 0.000110020955617, 9.18124351301e-05, 0.000107413790829, 5.9716468968e-05, 6.31616494502e-05, 0.000111621673568, 0.00014036144421, 6.94495392963e-05, 6.86011917423e-05, 8.65977126523e-05, 6.02775144216e-05, 0.000146171470988, 5.35653816769e-05, 8.64021712914e-05, 9.43273116718e-05, 7.76870729169e-05, 6.09958988207e-05, 8.66287373356e-05, 4.60931514681e-05, 0.000125550563098, 0.000227299300604, 6.49525391054e-05, 5.18931810802e-05, 8.34322709125e-05, 8.10760611785e-05, 6.69873697916e-05, 5.62349559914e-05, 0.000162061158335, 4.69474143756e-05, 1.97435929294e-05, 6.17785408394e-05, 3.61699931091e-05, 3.05336361635e-05, 4.20819524152e-05, 3.17843550874e-05, 2.93805824185e-05, 2.01925467991e-05, 1.85455355677e-05, 4.14037313021e-05, 2.48743908742e-05, 1.86095603567e-05, 2.07109042094e-05, 1.9509863705e-05, 2.49025943049e-05, 2.3269396479e-05, 2.39377022808e-05, 2.11586830119e-05, 3.31174669554e-05, 2.21370100917e-05, 1.16769597298e-05, 1.62859669217e-05, 1.78123354999e-05, 1.56785990839e-05, 2.37197891693e-05, 1.33960629682e-05, 9.63920501817e-06, 1.03943011709e-05, 1.19638725664e-05, 7.27732685846e-06, 8.65189213073e-06, 9.680004041e-06, 9.37895310926e-06, 9.22797607927e-06, 9.23581228562e-06, 9.06198056327e-06, 9.14909560379e-06, 7.09181722414e-06, 7.9846022345e-06, 5.33954926141e-06, 4.25119242209e-06, 4.27357281296e-06, 5.70477004658e-06, 4.49592926088e-06, 3.73899069928e-06, 2.5181775527e-06, 3.37640017278e-06, 3.2002185435e-06, 2.79368032352e-06, 2.61126501755e-06, 2.28531848734e-06, 2.39579048866e-06, 1.96762061933e-06, 1.75972365923e-06, 1.76126036422e-06, 1.25701490106e-06, 9.505973253e-07, 7.59816771279e-07, 5.59175816761e-07, 4.579754318e-07, 3.7259161445e-07, 3.04717985955e-07, 2.37400996639e-07, 1.94608091419e-07, 1.76946045372e-07, 1.66704552385e-07, 1.43858244428e-07, 1.40375007618e-07, 1.2056699461e-07, 1.14067361778e-07, 7.42712344959e-08, 7.29689864087e-09, 7.1514794954e-12, 6.83111683539e-12, 6.6507346505e-12, 6.49670248154e-12, 6.35131964383e-12, 6.2408429119e-12, 6.13983733647e-12, 6.06845086334e-12, 6.01631244823e-12, 5.97627199464e-12],
        "stdev": [0.00052787741879, 0.00771058257669, 0.0162619054317, 0.0145514588803, 0.0115565257147, 0.00841294229031, 0.00564706139266, 0.00376336788759, 0.00326646515168, 0.00297729112208, 0.0019067726098, 0.000784384319559, 0.000492590712383, 0.000433947920101, 0.000386642874219, 0.000451584171969, 0.000471078266855, 0.00026616390096, 0.000276079925243, 0.000325104774674, 0.000153841043357, 0.000219413079321, 0.000279665284324, 0.000327431887854, 0.000271644326858, 0.000187257974176, 0.000260035507381, 0.000136409915285, 0.000388337735785, 0.00012107634393, 0.000281791726593, 0.000285854854155, 0.000205543721677, 0.000159162911586, 0.000310041039484, 0.000166492915014, 0.000474183616461, 0.000558765546884, 0.000244509457843, 0.00018393942446, 0.000441497395514, 0.000211297650822, 0.000215470892726, 0.000144821009599, 0.000518144574016, 0.000172909101821, 7.19135787222e-05, 0.000135157330078, 7.12384135113e-05, 8.0353282101e-05, 9.76992378128e-05, 8.25485913083e-05, 5.32897392986e-05, 4.31091211794e-05, 6.60255536786e-05, 7.58469759603e-05, 4.47635247838e-05, 3.56022064807e-05, 3.82463840651e-05, 3.98824849981e-05, 3.98291449528e-05, 4.33485220128e-05, 4.76409295516e-05, 4.17358314735e-05, 6.80834709783e-05, 8.02015565569e-05, 2.24647628784e-05, 2.41523266595e-05, 3.27710840793e-05, 2.83075769403e-05, 5.71441451029e-05, 2.25952353503e-05, 1.61543011927e-05, 1.78734626388e-05, 2.10190464713e-05, 1.40194997584e-05, 1.46271477206e-05, 1.78580703505e-05, 2.04287025554e-05, 2.38591819652e-05, 2.96545949823e-05, 2.8432421459e-05, 2.23288097914e-05, 1.94778149307e-05, 2.08041528822e-05, 1.66492409335e-05, 1.12537700261e-05, 9.91933575278e-06, 1.45994108607e-05, 9.18317982723e-06, 6.96662527844e-06, 5.14285193276e-06, 5.98045835432e-06, 6.25141365163e-06, 6.60078649162e-06, 6.60274190523e-06, 5.42239376955e-06, 5.45751436221e-06, 5.19320064996e-06, 4.93555535286e-06, 4.53838538306e-06, 3.57494104719e-06, 2.38786969931e-06, 1.99452028937e-06, 1.54603037572e-06, 1.13630642318e-06, 8.53919061683e-07, 5.97976850258e-07, 4.59034936284e-07, 3.54894382326e-07, 3.29082411099e-07, 2.91922958695e-07, 2.34112704334e-07, 2.33952889062e-07, 2.13050483922e-07, 1.89401120565e-07, 1.19587454606e-07, 1.45396930051e-08, 1.08598520801e-11, 1.05296795588e-11, 1.02683191811e-11, 1.00386244456e-11, 9.83406845539e-12, 9.66512026662e-12, 9.51792811232e-12, 9.40695004531e-12, 9.32580401791e-12, 9.27192957828e-12]
    },
    "mfcc": {
        "mean": [-648.386657715, 93.0871047974, -4.13989782333, 26.7506999969, 6.31784009933, 13.7358465195, 9.48930263519, 5.47179222107, -0.322026193142, 4.61414051056, 0.285645961761, 1.05510616302, -0.909597754478],
        "cov": [[10361.5849609, -1981.60791016, -1143.89990234, -269.944152832, -393.812805176, -137.922195435, -398.515411377, -20.5338401794, -289.125823975, -187.11920166, -169.673629761, -171.969512939, -116.574066162], [-1981.60791016, 2449.27197266, 516.101135254, 426.471038818, 487.593414307, 210.324249268, 349.462341309, 140.492721558, 181.592025757, 122.656974792, 52.2088623047, 98.642326355, 15.0958356857], [-1143.89990234, 516.101135254, 1534.11621094, 328.15322876, 317.867401123, 100.566390991, -38.0206680298, 48.6782455444, 91.463760376, -44.9355659485, -0.0804378315806, -10.8372325897, -51.5720214844], [-269.944152832, 426.471038818, 328.15322876, 600.715698242, 300.905395508, 100.889251709, 163.528503418, 107.156791687, 120.820747375, 76.1474304199, 65.8967056274, 92.5811386108, 24.7876586914], [-393.812805176, 487.593414307, 317.867401123, 300.905395508, 449.452270508, 207.297744751, 206.734603882, 164.371948242, 160.111846924, 111.772453308, 66.6878433228, 71.6934967041, 31.9704875946], [-137.922195435, 210.324249268, 100.566390991, 100.889251709, 207.297744751, 451.204498291, 273.768310547, 148.479858398, 103.867904663, 112.286315918, 97.6537399292, 51.2629089355, 54.7362632751], [-398.515411377, 349.462341309, -38.0206680298, 163.528503418, 206.734603882, 273.768310547, 378.979553223, 156.805664062, 117.277069092, 141.384490967, 106.440254211, 86.0804367065, 71.6960449219], [-20.5338401794, 140.492721558, 48.6782455444, 107.156791687, 164.371948242, 148.479858398, 156.805664062, 238.381484985, 147.4243927, 70.8843841553, 60.4464492798, 59.1842308044, 44.0485343933], [-289.125823975, 181.592025757, 91.463760376, 120.820747375, 160.111846924, 103.867904663, 117.277069092, 147.4243927, 202.457061768, 98.1616973877, 51.6092376709, 47.7405471802, 30.8370380402], [-187.11920166, 122.656974792, -44.9355659485, 76.1474304199, 111.772453308, 112.286315918, 141.384490967, 70.8843841553, 98.1616973877, 183.072402954, 81.2266464233, 49.5609397888, 53.5126152039], [-169.673629761, 52.2088623047, -0.0804378315806, 65.8967056274, 66.6878433228, 97.6537399292, 106.440254211, 60.4464492798, 51.6092376709, 81.2266464233, 129.090316772, 67.8031082153, 44.1771850586], [-171.969512939, 98.642326355, -10.8372325897, 92.5811386108, 71.6934967041, 51.2629089355, 86.0804367065, 59.1842308044, 47.7405471802, 49.5609397888, 67.8031082153, 114.437332153, 64.2602233887], [-116.574066162, 15.0958356857, -51.5720214844, 24.7876586914, 31.9704875946, 54.7362632751, 71.6960449219, 44.0485343933, 30.8370380402, 53.5126152039, 44.1771850586, 64.2602233887, 111.274902344]],
        "icov": [[0.000137535942486, 8.81859959918e-05, 0.000113101843453, -0.000100255470898, -5.06555879838e-05, -0.000108275919047, 0.000199396265089, -0.000256109720794, 0.000251402234426, -4.27063678217e-05, 0.000111006607767, 6.8576366175e-05, 0.000114791808301], [8.81859959918e-05, 0.000646256899927, -5.34218706889e-05, -0.000101295787317, -0.000445543351816, 0.000111689390906, -0.000473450869322, 0.000121281991596, 2.31608064496e-05, -7.6011137935e-06, 0.000403285928769, -0.00024534080876, 0.000311439740472], [0.000113101843453, -5.34218706889e-05, 0.0010729964124, -0.000436427333625, -0.000667772546876, -0.00046048781951, 0.00092955067521, -1.44930627357e-05, -0.000134432775667, 0.00061256904155, -0.000314914592309, 0.000516482046805, 0.000114865164505], [-0.000100255470898, -0.000101295787317, -0.000436427333625, 0.00297862570733, -0.00137475656811, 0.000675667834003, -0.000881437736098, 0.000502471229993, -0.00047189759789, 0.000130099695525, -0.000142439821502, -0.00163196597714, 0.000541766232345], [-5.06555879838e-05, -0.000445543351816, -0.000667772546876, -0.00137475656811, 0.00577435083687, -0.000937358534429, -0.00049762648996, -0.00122425495647, -0.000981743563898, -0.00128331943415, 0.000913256837521, -0.000720113632269, 0.000553942576516], [-0.000108275919047, 0.000111689390906, -0.00046048781951, 0.000675667834003, -0.000937358534429, 0.00475814379752, -0.00312048150226, -0.000512498663738, 0.000148570848978, 5.12887381774e-05, -0.0014055914944, 0.0013138713548, -0.000616847013589], [0.000199396265089, -0.000473450869322, 0.00092955067521, -0.000881437736098, -0.00049762648996, -0.00312048150226, 0.00800644326955, -0.00213498575613, 0.00108730676584, -0.00195251754485, -0.000840093882289, -0.000563899346162, -0.000438472925453], [-0.000256109720794, 0.000121281991596, -1.44930627357e-05, 0.000502471229993, -0.00122425495647, -0.000512498663738, -0.00213498575613, 0.010330831632, -0.00646484550089, 0.0025778231211, -0.000878752558492, -0.000933570612688, -0.00107357441448], [0.000251402234426, 2.31608064496e-05, -0.000134432775667, -0.00047189759789, -0.000981743563898, 0.000148570848978, 0.00108730676584, -0.00646484550089, 0.0123707000166, -0.00467213010415, 0.000987564912066, -0.000546285533346, 0.00111261708662], [-4.27063678217e-05, -7.6011137935e-06, 0.00061256904155, 0.000130099695525, -0.00128331943415, 5.12887381774e-05, -0.00195251754485, 0.0025778231211, -0.00467213010415, 0.0116237187758, -0.00465840566903, 0.00209438172169, -0.00286289909855], [0.000111006607767, 0.000403285928769, -0.000314914592309, -0.000142439821502, 0.000913256837521, -0.0014055914944, -0.000840093882289, -0.000878752558492, 0.000987564912066, -0.00465840566903, 0.0153599148616, -0.00715874694288, 0.0012681747321], [6.8576366175e-05, -0.00024534080876, 0.000516482046805, -0.00163196597714, -0.000720113632269, 0.0013138713548, -0.000563899346162, -0.000933570612688, -0.000546285533346, 0.00209438172169, -0.00715874694288, 0.0193516463041, -0.00818759296089], [0.000114791808301, 0.000311439740472, 0.000114865164505, 0.000541766232345, 0.000553942576516, -0.000616847013589, -0.000438472925453, -0.00107357441448, 0.00111261708662, -0.00286289909855, 0.0012681747321, -0.00818759296089, 0.0151423076168]]
    },
    "spectral_contrast_coeffs": {
        "mean": [-0.678529143333, -0.767105817795, -0.748458147049, -0.770791888237, -0.774394333363, -0.758763968945],
        "stdev": [0.0927327349782, 0.0771651566029, 0.0765292420983, 0.062373958528, 0.0535723268986, 0.0482302084565]
    },
    "spectral_contrast_valleys": {
        "mean": [-7.33916902542, -7.4217042923, -7.81702470779, -7.89205408096, -7.63890647888, -10.1181688309],
        "stdev": [2.06945824623, 1.92739951611, 1.89260184765, 1.94326281548, 2.02681207657, 1.94496536255]
    }
},
"rhythm": {
    "beats_count": 481,
    "beats_loudness": {
        "mean": 0.0996864587069,
        "stdev": 0.0427828021348
    },
    "bpm": 132.933898926,
    "bpm_histogram_first_peak_bpm": 133,
    "bpm_histogram_first_peak_weight": 0.203821718693,
    "bpm_histogram_second_peak_bpm": 126,
    "bpm_histogram_second_peak_spread": 0,
    "bpm_histogram_second_peak_weight": 0.0145833333954,
    "danceability": 1.5248901844,
    "onset_rate": 3.82608604431,
    "beats_loudness_band_ratio": {
        "mean": [0.771352231503, 0.0342140384018, 0.030913779512, 0.0688083618879, 0.0536454468966, 0.0479253716767],
        "stdev": [0.33292761445, 0.076806858182, 0.0680699720979, 0.133080586791, 0.0953593030572, 0.115689992905]
    },
    "beats_position": [0.452789098024, 0.905578196049, 1.38158726692, 1.84598636627, 2.31038546562, 2.76317453384, 3.22757363319, 3.68036270142, 4.13315200806, 4.57433080673, 5.01551008224, 5.46829938889, 5.92108821869, 6.37387752533, 6.82666635513, 7.30267572403, 7.77868461609, 8.25469398499, 8.73070240021, 9.19510173798, 9.65950107574, 10.1122903824, 10.5766887665, 11.0294780731, 11.4938774109, 11.9698867798, 12.445895195, 12.9102945328, 13.3746938705, 13.8390922546, 14.2918815613, 14.7446708679, 15.1858501434, 15.6386394501, 16.0914287567, 16.5442180634, 16.99700737, 17.4381847382, 17.8909740448, 18.3437633514, 18.784942627, 19.2377319336, 19.6905212402, 20.1317005157, 20.5844898224, 21.037279129, 21.4900684357, 21.942855835, 22.3956451416, 22.8484344482, 23.2896137238, 23.7424030304, 24.195192337, 24.6479816437, 25.1007709503, 25.553560257, 26.0063495636, 26.4591369629, 26.9003162384, 27.353105545, 27.7942848206, 28.2470741272, 28.6998634338, 29.1526527405, 29.6054420471, 30.0582313538, 30.5110206604, 30.9638080597, 31.4165973663, 31.869386673, 32.322177887, 32.7749671936, 33.2277526855, 33.6689338684, 34.121723175, 34.5745124817, 35.0156898499, 35.4568710327, 35.9096603394, 36.362449646, 36.8268470764, 37.2796363831, 37.7324256897, 38.1736030579, 38.6263923645, 39.0791816711, 39.5319709778, 39.9847602844, 40.4375495911, 40.8903388977, 41.3315200806, 41.7843093872, 42.2370948792, 42.6898841858, 43.1426734924, 43.5954627991, 44.0482521057, 44.5010414124, 44.953830719, 45.3950119019, 45.8478012085, 46.3005905151, 46.7533760071, 47.2061653137, 47.6589546204, 48.111743927, 48.5529251099, 49.0057144165, 49.4585037231, 49.8996810913, 50.3408622742, 50.8052597046, 51.2580490112, 51.7108383179, 52.1636276245, 52.6164169312, 53.0692062378, 53.5219955444, 53.9747848511, 54.4275741577, 54.8687515259, 55.3215408325, 55.7743301392, 56.2271194458, 56.6799087524, 57.1326980591, 57.5854873657, 58.0382766724, 58.491065979, 58.9322433472, 59.3850326538, 59.8378219604, 60.2789993286, 60.7317886353, 61.1845779419, 61.6373672485, 62.0901565552, 62.5429458618, 62.9957351685, 63.4369163513, 63.889705658, 64.3424911499, 64.7952804565, 65.2480697632, 65.7008590698, 66.1536483765, 66.6064376831, 67.0592269897, 67.5120162964, 67.964805603, 68.4059829712, 68.8587722778, 69.3115615845, 69.7643508911, 70.2171401978, 70.6699295044, 71.122718811, 71.5638961792, 72.0166854858, 72.4694747925, 72.9222640991, 73.3750534058, 73.8162307739, 74.2690200806, 74.7218093872, 75.1745986938, 75.6273880005, 76.068572998, 76.5213623047, 76.9741516113, 77.426940918, 77.8797302246, 78.3209075928, 78.7620849609, 79.2148742676, 79.6676635742, 80.1320648193, 80.584854126, 81.0376434326, 81.4904327393, 81.9432220459, 82.3960113525, 82.8487930298, 83.3015823364, 83.7543716431, 84.1955566406, 84.6483459473, 85.1011352539, 85.5423126221, 85.9951019287, 86.4478912354, 86.900680542, 87.3534698486, 87.8062591553, 88.2590484619, 88.7002258301, 89.1530151367, 89.6058044434, 90.05859375, 90.5113830566, 90.9641723633, 91.4169616699, 91.8581390381, 92.3109283447, 92.7637176514, 93.2281188965, 93.6809082031, 94.1336975098, 94.5748748779, 95.0276641846, 95.4804534912, 95.9216308594, 96.374420166, 96.8272094727, 97.2683868408, 97.7211761475, 98.1739654541, 98.6267547607, 99.0795440674, 99.532333374, 99.9851226807, 100.426300049, 100.879089355, 101.331878662, 101.784667969, 102.237457275, 102.690246582, 103.143035889, 103.584213257, 104.037002563, 104.48979187, 104.942581177, 105.395370483, 105.84815979, 106.300949097, 106.753738403, 107.20652771, 107.659317017, 108.112106323, 108.56489563, 109.017684937, 109.470474243, 109.92326355, 110.376052856, 110.828842163, 111.28163147, 111.722808838, 112.175598145, 112.628387451, 113.081176758, 113.533966064, 113.986755371, 114.439544678, 114.892333984, 115.345123291, 115.797912598, 116.250701904, 116.703491211, 117.156280518, 117.609069824, 118.061859131, 118.514648438, 118.955825806, 119.397003174, 119.838180542, 120.27936554, 120.732154846, 121.184944153, 121.637733459, 122.090522766, 122.543312073, 122.99609375, 123.437278748, 123.890068054, 124.35446167, 124.807250977, 125.248435974, 125.701225281, 126.154014587, 126.606803894, 127.059593201, 127.500770569, 127.953559875, 128.406341553, 128.859130859, 129.311920166, 129.753097534, 130.205886841, 130.658676147, 131.111465454, 131.564254761, 132.005432129, 132.458221436, 132.911010742, 133.363800049, 133.816589355, 134.269378662, 134.722167969, 135.174957275, 135.627746582, 136.080535889, 136.533325195, 136.974502563, 137.41569519, 137.868484497, 138.309661865, 138.762451172, 139.215240479, 139.668029785, 140.120819092, 140.573608398, 141.026397705, 141.479187012, 141.931976318, 142.384765625, 142.837554932, 143.290344238, 143.743133545, 144.195922852, 144.63710022, 145.089889526, 145.542678833, 145.99546814, 146.448257446, 146.901046753, 147.35383606, 147.795013428, 148.247802734, 148.700592041, 149.153381348, 149.606170654, 150.058959961, 150.511749268, 150.964538574, 151.417327881, 151.858505249, 152.311294556, 152.764083862, 153.216873169, 153.669662476, 154.110839844, 154.56362915, 155.016418457, 155.469207764, 155.92199707, 156.363174438, 156.815963745, 157.268753052, 157.721542358, 158.174331665, 158.627120972, 159.079910278, 159.521087646, 159.973876953, 160.42666626, 160.879455566, 161.332244873, 161.78503418, 162.237823486, 162.679000854, 163.131790161, 163.584579468, 164.037368774, 164.490158081, 164.942947388, 165.395736694, 165.836914062, 166.289703369, 166.730880737, 167.172058105, 167.624847412, 168.089248657, 168.542037964, 168.994827271, 169.447616577, 169.900405884, 170.35319519, 170.805984497, 171.258773804, 171.71156311, 172.164352417, 172.617141724, 173.058319092, 173.511108398, 173.963897705, 174.416687012, 174.869476318, 175.322265625, 175.775054932, 176.227844238, 176.680633545, 177.121810913, 177.57460022, 178.027389526, 178.480178833, 178.93296814, 179.374145508, 179.826934814, 180.279724121, 180.732513428, 181.185302734, 181.638092041, 182.090881348, 182.543670654, 182.996459961, 183.437637329, 183.890426636, 184.343215942, 184.796005249, 185.248794556, 185.689971924, 186.14276123, 186.595550537, 187.048339844, 187.50112915, 187.953918457, 188.406707764, 188.85949707, 189.312286377, 189.753463745, 190.206253052, 190.659042358, 191.111831665, 191.564620972, 192.017410278, 192.470199585, 192.911376953, 193.36416626, 193.816955566, 194.269744873, 194.72253418, 195.175323486, 195.628112793, 196.069290161, 196.522079468, 196.963256836, 197.416046143, 197.880447388, 198.333236694, 198.786026001, 199.227203369, 199.679992676, 200.132781982, 200.573959351, 201.026748657, 201.479537964, 201.932327271, 202.385116577, 202.826293945, 203.279083252, 203.731872559, 204.184661865, 204.637451172, 205.090240479, 205.543029785, 205.995819092, 206.448608398, 206.901397705, 207.354187012, 207.806976318, 208.259765625, 208.700942993, 209.142120361, 209.594909668, 210.047698975, 210.500488281, 210.953277588, 211.394470215, 211.847259521, 212.300048828, 212.741226196, 213.194015503, 213.64680481, 214.111190796, 214.563980103, 215.016769409, 215.469558716, 215.933959961, 216.398361206, 216.897598267, 217.396820068],
    "bpm_histogram": [0, 0, 0, 0, 0, 0, 0, 0, 0, 0, 0, 0, 0, 0, 0, 0, 0, 0, 0, 0, 0, 0, 0, 0, 0, 0, 0, 0, 0, 0, 0, 0, 0, 0, 0, 0, 0, 0, 0, 0, 0, 0, 0, 0, 0, 0, 0, 0, 0, 0, 0, 0, 0, 0, 0, 0, 0, 0, 0, 0, 0, 0, 0, 0, 0, 0, 0, 0, 0, 0, 0, 0, 0, 0, 0, 0, 0, 0, 0, 0, 0, 0, 0, 0, 0, 0, 0, 0, 0, 0, 0, 0, 0, 0, 0, 0, 0, 0, 0, 0, 0, 0, 0, 0, 0, 0, 0, 0, 0, 0, 0, 0, 0, 0, 0, 0, 0, 0, 0, 0, 0.00416666688398, 0, 0, 0, 0, 0, 0.0145833333954, 0, 0, 0.0416666679084, 0, 0, 0, 0.78125, 0, 0, 0.158333331347, 0, 0, 0, 0, 0, 0, 0, 0, 0, 0, 0, 0, 0, 0, 0, 0, 0, 0, 0, 0, 0, 0, 0, 0, 0, 0, 0, 0, 0, 0, 0, 0, 0, 0, 0, 0, 0, 0, 0, 0, 0, 0, 0, 0, 0, 0, 0, 0, 0, 0, 0, 0, 0, 0, 0, 0, 0, 0, 0, 0, 0, 0, 0, 0, 0, 0, 0, 0, 0, 0, 0, 0, 0, 0, 0, 0, 0, 0, 0, 0, 0, 0, 0, 0, 0, 0, 0, 0, 0, 0, 0, 0, 0, 0, 0, 0, 0, 0, 0, 0, 0, 0, 0, 0, 0, 0, 0, 0, 0, 0, 0, 0, 0]
},
"tonal": {
    "chords_changes_rate": 0.0692225769162,
    "chords_number_rate": 0.00212992541492,
    "chords_strength": {
        "mean": 0.512766301632,
        "stdev": 0.124419808388
    },
    "hpcp_crest": {
        "mean": 13.2917833328,
        "stdev": 6.41874885559
    },
    "hpcp_entropy": {
        "mean": 2.01333451271,
        "stdev": 0.730107009411
    },
    "key_edma": {
        "strength": 0.666166305542,
        "key": "G#",
        "scale": "minor"
    },
    "key_krumhansl": {
        "strength": 0.676000952721,
        "key": "G#",
        "scale": "minor"
    },
    "key_temperley": {
        "strength": 0.66110765934,
        "key": "G#",
        "scale": "minor"
    },
    "tuning_diatonic_strength": 0.53352189064,
    "tuning_equal_tempered_deviation": 0.0507059767842,
    "tuning_frequency": 439.238189697,
    "tuning_nontempered_energy_ratio": 0.712832450867,
    "hpcp": {
        "mean": [0.163798317313, 0.137287601829, 0.119916439056, 0.138995334506, 0.100394047797, 0.12895488739, 0.178408637643, 0.111708581448, 0.0688442662358, 0.0664269551635, 0.0513593517244, 0.089677862823, 0.118009567261, 0.076922789216, 0.0408143661916, 0.0444407239556, 0.0700101405382, 0.177796140313, 0.229272931814, 0.124922089279, 0.0709237456322, 0.0794657170773, 0.0543036498129, 0.0471777394414, 0.0590816996992, 0.0636872425675, 0.115058071911, 0.150239020586, 0.100559450686, 0.0810526236892, 0.0920649021864, 0.0863637924194, 0.20291608572, 0.321124225855, 0.213513150811, 0.123003765941],
        "stdev": [0.325417995453, 0.278449445963, 0.237254530191, 0.257592797279, 0.208408892155, 0.239963963628, 0.311163187027, 0.209277495742, 0.166389033198, 0.163140416145, 0.144452095032, 0.191107451916, 0.244444787502, 0.169128522277, 0.123994097114, 0.142500579357, 0.171990141273, 0.244146302342, 0.303868144751, 0.185133114457, 0.16153858602, 0.202826142311, 0.137718349695, 0.124511122704, 0.153770238161, 0.153374910355, 0.209996089339, 0.26230609417, 0.190883398056, 0.167073264718, 0.191343769431, 0.195406466722, 0.272042661905, 0.386613130569, 0.278783977032, 0.222959145904]
    },
    "chords_histogram": [43.1735877991, 7.53993606567, 5.75079870224, 2.04472851753, 0.0425985082984, 2.81150150299, 0.127795532346, 25.3248138428, 0, 0.724174678326, 3.47177839279, 0.0212992541492, 0.511182129383, 0, 0, 0, 0, 0.489882856607, 0, 0.468583613634, 1.17145895958, 0.55378061533, 1.74653887749, 4.02555894852],
    "thpcp": [1, 0.664892673492, 0.38304105401, 0.51007771492, 0.427521795034, 0.373426944017, 0.432839751244, 0.312633067369, 0.401573210955, 0.55557513237, 0.347867190838, 0.214385151863, 0.20685750246, 0.159936085343, 0.279262214899, 0.367488831282, 0.239542156458, 0.127098366618, 0.138391062617, 0.218015760183, 0.553667783737, 0.71396958828, 0.389014840126, 0.220860779285, 0.247460991144, 0.169104799628, 0.146914288402, 0.183983936906, 0.198325872421, 0.35829770565, 0.467853277922, 0.313148140907, 0.252402693033, 0.286695599556, 0.268941998482, 0.631892800331],
    "chords_key": "G#",
    "chords_scale": "minor"
}
}