{
"metadata": {
    "version": {
        "essentia": "2.1-dev",
        "essentia_git_sha": "v2.1_beta3-415-gd5473f3",
        "extractor": "music 2.0"
    },
    "audio_properties": {
        "analysis": {
            "equal_loudness": 0,
            "length": 263.784484863,
            "sample_rate": 44100,
            "start_time": 0,
            "downmix": "mix"
        },
        "bit_rate": 192000,
        "length": 263.784484863,
        "lossless": 0,
        "number_channels": 2,
        "replay_gain": -9.35903167725,
        "sample_rate": 44100,
        "codec": "mp3",
        "md5_encoded": "0054cb178070df517098f87117dd961c"
    },
    "tags": {
        "file_name": "cosmic_gate-melt_to_the_ocean.mp3",
        "album": ["Cultura De Club (CD 2)"],
        "artist": ["Various Artists"],
        "genre": ["Other"],
        "title": ["Cosmic Gate - Melt To The Ocean"]
    }
},
"lowlevel": {
    "average_loudness": 0.592209756374,
    "barkbands_crest": {
        "mean": 11.2438106537,
        "stdev": 5.49831056595
    },
    "barkbands_flatness_db": {
        "mean": 0.12088419497,
        "stdev": 0.0670438408852
    },
    "barkbands_kurtosis": {
        "mean": 9.77985668182,
        "stdev": 40.7741127014
    },
    "barkbands_skewness": {
        "mean": 1.84716284275,
        "stdev": 2.16691541672
    },
    "barkbands_spread": {
        "mean": 25.2295627594,
        "stdev": 15.4873094559
    },
    "dissonance": {
        "mean": 0.466266036034,
        "stdev": 0.0311159063131
    },
    "dynamic_complexity": 2.88016915321,
    "erbbands_crest": {
        "mean": 8.99316692352,
        "stdev": 4.54391336441
    },
    "erbbands_flatness_db": {
        "mean": 0.133431866765,
        "stdev": 0.0385445505381
    },
    "erbbands_kurtosis": {
        "mean": 1.02407932281,
        "stdev": 3.31471705437
    },
    "erbbands_skewness": {
        "mean": 0.459779143333,
        "stdev": 0.807951509953
    },
    "erbbands_spread": {
        "mean": 37.9631996155,
        "stdev": 17.8789615631
    },
    "hfc": {
        "mean": 22.0918827057,
        "stdev": 21.3773021698
    },
    "loudness_ebu128": {
        "integrated": -14.4238491058,
        "loudness_range": 5.91952133179,
        "momentary": {
            "mean": -15.2030792236,
            "stdev": 2.849360466
        },
        "short_term": {
            "mean": -14.9659786224,
            "stdev": 2.25218391418
        }
    },
    "melbands_crest": {
        "mean": 17.0781459808,
        "stdev": 7.21714067459
    },
    "melbands_flatness_db": {
        "mean": 0.192282661796,
        "stdev": 0.0870723053813
    },
    "melbands_kurtosis": {
        "mean": 20.6833229065,
        "stdev": 46.0899658203
    },
    "melbands_skewness": {
        "mean": 2.88970160484,
        "stdev": 2.35697197914
    },
    "melbands_spread": {
        "mean": 25.155172348,
        "stdev": 17.8869075775
    },
    "pitch_salience": {
        "mean": 0.508582413197,
        "stdev": 0.159389391541
    },
    "silence_rate_20dB": {
        "mean": 1,
        "stdev": 0
    },
    "silence_rate_30dB": {
        "mean": 0.976324617863,
        "stdev": 0.152035281062
    },
    "silence_rate_60dB": {
        "mean": 0.0355571210384,
        "stdev": 0.185170903802
    },
    "spectral_centroid": {
        "mean": 1487.29785156,
        "stdev": 713.402709961
    },
    "spectral_complexity": {
        "mean": 19.5025520325,
        "stdev": 11.5244169235
    },
    "spectral_decrease": {
        "mean": -7.65412089265e-09,
        "stdev": 7.52337214749e-09
    },
    "spectral_energy": {
        "mean": 0.030892174691,
        "stdev": 0.0294344164431
    },
    "spectral_energyband_high": {
        "mean": 0.00114771130029,
        "stdev": 0.00144432159141
    },
    "spectral_energyband_low": {
        "mean": 0.0162267331034,
        "stdev": 0.0241307150573
    },
    "spectral_energyband_middle_high": {
        "mean": 0.00588867301121,
        "stdev": 0.00732936756685
    },
    "spectral_energyband_middle_low": {
        "mean": 0.00891823042184,
        "stdev": 0.0132599575445
    },
    "spectral_entropy": {
        "mean": 7.79150009155,
        "stdev": 0.445827484131
    },
    "spectral_flux": {
        "mean": 0.0979348793626,
        "stdev": 0.0707640275359
    },
    "spectral_kurtosis": {
        "mean": 4.04306221008,
        "stdev": 2.94850540161
    },
    "spectral_rms": {
        "mean": 0.00496335700154,
        "stdev": 0.00234604626894
    },
    "spectral_rolloff": {
        "mean": 1478.37438965,
        "stdev": 1388.53662109
    },
    "spectral_skewness": {
        "mean": 1.57990467548,
        "stdev": 0.466546148062
    },
    "spectral_spread": {
        "mean": 5379928.5,
        "stdev": 1643048
    },
    "spectral_strongpeak": {
        "mean": 0.735388278961,
        "stdev": 0.843608438969
    },
    "zerocrossingrate": {
        "mean": 0.0653921738267,
        "stdev": 0.0359782092273
    },
    "barkbands": {
        "mean": [0.000722304277588, 0.00995624810457, 0.00430908147246, 0.00208989321254, 0.00234168954194, 0.000670810521115, 0.00189310510177, 0.00103171519004, 0.000806968135294, 0.000628812296782, 0.00094010902103, 0.000744259625208, 0.000819318869617, 0.000771135906689, 0.000536238600034, 0.000437431706814, 0.000329421367496, 0.000308807764668, 0.000256372411968, 0.000294088298688, 0.000242932728725, 0.000215060063056, 0.000175374865648, 0.000151577332872, 0.000132936809678, 8.22807414806e-05, 4.21566983277e-06],
        "stdev": [0.00120571395382, 0.0153871290386, 0.0122784385458, 0.00718269590288, 0.00694116204977, 0.00115123204887, 0.00330321630463, 0.00192142906599, 0.00199198746122, 0.00167323509231, 0.00226209685206, 0.00170056894422, 0.00173274450935, 0.00143902655691, 0.000898924947251, 0.000718728988431, 0.000512299011461, 0.000482495961478, 0.000361220882041, 0.000388220098102, 0.000307334965328, 0.00028597106575, 0.000268654141109, 0.000230069024838, 0.000214949934161, 0.000121774697618, 6.6977172537e-06]
    },
    "erbbands": {
        "mean": [0.345789164305, 1.99844384193, 4.67795133591, 6.90784263611, 7.32533311844, 7.9501376152, 4.80772352219, 6.84372854233, 20.2649002075, 31.9567470551, 21.7302150726, 18.3952541351, 13.2431697845, 28.9265804291, 38.568901062, 31.1585445404, 37.9585800171, 39.3431968689, 30.9513015747, 30.76445961, 20.8804588318, 19.3471832275, 16.4670619965, 14.6824760437, 12.896736145, 15.4174194336, 10.0373029709, 9.33551597595, 7.65894889832, 5.95840930939, 5.1288356781, 3.63901567459, 2.27899885178, 1.4781999588, 0.931171774864, 0.411932587624, 0.142343476415, 0.0235546249896, 0.000534286955371, 5.39825559827e-05],
        "stdev": [0.463099390268, 3.80131721497, 12.4788331985, 21.1215858459, 23.5894393921, 22.8362751007, 9.14347553253, 12.1785144806, 41.8512763977, 62.2875289917, 38.9826049805, 47.5537414551, 32.7203826904, 71.4947509766, 89.4514465332, 64.6531829834, 80.2589874268, 76.5330123901, 54.6942024231, 51.7492027283, 33.1684265137, 28.7050857544, 25.1582145691, 21.1298751831, 17.3147583008, 20.2924518585, 13.6510038376, 11.4601154327, 9.87800884247, 8.36174678802, 7.87567996979, 6.31265544891, 3.22611474991, 2.12101888657, 1.62465894222, 0.663702368736, 0.209182828665, 0.0326176956296, 0.000723598524928, 4.75247215945e-05]
    },
    "gfcc": {
        "mean": [12.7518138885, 70.0530090332, -107.049209595, 29.4720687866, -52.794380188, 24.2040081024, -35.3131942749, 14.3663415909, -22.3291759491, 14.0580873489, -15.3882894516, 3.29552006721, -16.2570915222],
        "cov": [[4873.37646484, -1248.31225586, -430.518127441, 340.546508789, 48.5606613159, 282.984344482, -51.2144126892, -34.1666183472, -153.171051025, 98.1952819824, -104.698989868, 186.761032104, -72.0341262817], [-1248.31225586, 1265.56591797, 311.687011719, -119.653938293, 32.2567710876, -230.396316528, 27.3784542084, -53.8481521606, 35.874797821, -148.783218384, 57.8106689453, -146.683441162, 51.9298248291], [-430.518127441, 311.687011719, 779.327453613, 85.6220932007, 4.36489915848, 36.599395752, -0.264623343945, 49.6450119019, 25.2834777832, -1.89921629429, 8.74281024933, -10.9366531372, 14.6277780533], [340.546508789, -119.653938293, 85.6220932007, 323.257202148, 147.109512329, 129.061325073, 53.4669647217, -13.3227300644, 31.3936634064, 25.442899704, 37.9383811951, 45.8709716797, 39.1212387085], [48.5606613159, 32.2567710876, 4.36489915848, 147.109512329, 302.53237915, 178.495620728, 114.307876587, 25.432636261, 65.7312774658, 34.7057609558, 67.8616409302, 45.234375, 47.2984390259], [282.984344482, -230.396316528, 36.599395752, 129.061325073, 178.495620728, 269.890838623, 121.467124939, 55.1903038025, 55.317691803, 66.1108093262, 51.8090934753, 82.4659500122, 39.5239639282], [-51.2144126892, 27.3784542084, -0.264623343945, 53.4669647217, 114.307876587, 121.467124939, 154.180450439, 62.2880706787, 67.3154449463, 33.2568206787, 57.3686904907, 37.6023902893, 31.9265060425], [-34.1666183472, -53.8481521606, 49.6450119019, -13.3227300644, 25.432636261, 55.1903038025, 62.2880706787, 110.424919128, 62.5448455811, 48.8050308228, 28.2381744385, 22.3871307373, 9.99108886719], [-153.171051025, 35.874797821, 25.2834777832, 31.3936634064, 65.7312774658, 55.317691803, 67.3154449463, 62.5448455811, 115.927513123, 64.5473556519, 58.053730011, 28.4834308624, 24.619386673], [98.1952819824, -148.783218384, -1.89921629429, 25.442899704, 34.7057609558, 66.1108093262, 33.2568206787, 48.8050308228, 64.5473556519, 108.207374573, 48.5589675903, 50.7063789368, 10.5090484619], [-104.698989868, 57.8106689453, 8.74281024933, 37.9383811951, 67.8616409302, 51.8090934753, 57.3686904907, 28.2381744385, 58.053730011, 48.5589675903, 89.7685012817, 46.5896835327, 37.2721824646], [186.761032104, -146.683441162, -10.9366531372, 45.8709716797, 45.234375, 82.4659500122, 37.6023902893, 22.3871307373, 28.4834308624, 50.7063789368, 46.5896835327, 96.8098678589, 37.8797302246], [-72.0341262817, 51.9298248291, 14.6277780533, 39.1212387085, 47.2984390259, 39.5239639282, 31.9265060425, 9.99108886719, 24.619386673, 10.5090484619, 37.2721824646, 37.8797302246, 73.955947876]],
        "icov": [[0.000347159482772, -6.54826799291e-05, 0.000257723266259, -0.000494832638651, 9.6243857115e-05, -0.000321124098264, 0.000254062149907, -0.000365082087228, 0.000679427583236, -0.00041006191168, 0.000671509362292, -0.000817211403046, 0.000556844228413], [-6.54826799291e-05, 0.0039979130961, -0.00197553355247, 0.00220719608478, -0.0019880477339, 0.00404937053099, -0.00288218609057, 0.00338151631877, -0.00287226890214, 0.00457699084654, -0.0052837585099, 0.0050393063575, -0.00336548546329], [0.000257723266259, -0.00197553355247, 0.00259905052371, -0.00197913195007, 0.00138162018266, -0.00265158503316, 0.00239592348225, -0.00309945270419, 0.00164344359655, -0.00178937998135, 0.00244899583049, -0.00225681392476, 0.00171777990181], [-0.000494832638651, 0.00220719608478, -0.00197913195007, 0.00657419906929, -0.00260007730685, 0.00128866743762, -0.00190442125313, 0.0047924593091, -0.00319552980363, 0.00259773503058, -0.00327505799942, 0.00312658119947, -0.00322532397695], [9.6243857115e-05, -0.0019880477339, 0.00138162018266, -0.00260007730685, 0.00832015741616, -0.00602258974686, 0.000244944909355, -0.00042144334293, -0.000225796815357, -0.000801603600848, -5.60858607059e-05, -0.000386411731597, 0.000855743477587], [-0.000321124098264, 0.00404937053099, -0.00265158503316, 0.00128866743762, -0.00602258974686, 0.0151017447934, -0.00827891379595, 0.00239795842208, -0.000868742528837, 0.00115539215039, -0.00165690865833, 0.000254629994743, -0.00345271034166], [0.000254062149907, -0.00288218609057, 0.00239592348225, -0.00190442125313, 0.000244944909355, -0.00827891379595, 0.0183161664754, -0.00826904829592, -0.00127548736054, 0.00196771835908, -0.0016758730635, -0.0028702353593, 0.00274236826226], [-0.000365082087228, 0.00338151631877, -0.00309945270419, 0.0047924593091, -0.00042144334293, 0.00239795842208, -0.00826904829592, 0.0211837030947, -0.00913854315877, -0.0001158788873, -0.0017950583715, 0.00459751160815, -0.00334769650362], [0.000679427583236, -0.00287226890214, 0.00164344359655, -0.00319552980363, -0.000225796815357, -0.000868742528837, -0.00127548736054, -0.00913854315877, 0.0245260000229, -0.0125075597316, -0.000681286619511, -0.00125050533097, 0.00103443593252], [-0.00041006191168, 0.00457699084654, -0.00178937998135, 0.00259773503058, -0.000801603600848, 0.00115539215039, 0.00196771835908, -0.0001158788873, -0.0125075597316, 0.0273648798466, -0.0128365196288, 1.45727490235e-05, 0.00116493995301], [0.000671509362292, -0.0052837585099, 0.00244899583049, -0.00327505799942, -5.60858607059e-05, -0.00165690865833, -0.0016758730635, -0.0017950583715, -0.000681286619511, -0.0128365196288, 0.034032266587, -0.0143187139183, -0.000267165218247], [-0.000817211403046, 0.0050393063575, -0.00225681392476, 0.00312658119947, -0.000386411731597, 0.000254629994743, -0.0028702353593, 0.00459751160815, -0.00125050533097, 1.45727490235e-05, -0.0143187139183, 0.0299767311662, -0.0125362891704], [0.000556844228413, -0.00336548546329, 0.00171777990181, -0.00322532397695, 0.000855743477587, -0.00345271034166, 0.00274236826226, -0.00334769650362, 0.00103443593252, 0.00116493995301, -0.000267165218247, -0.0125362891704, 0.0244055297226]]
    },
    "melbands": {
        "mean": [0.00290502863936, 0.00256402324885, 0.00119232467841, 0.000593843462411, 0.00019491155399, 0.000148523089592, 0.00032638607081, 0.000331515358994, 0.000169501756318, 0.000105529376015, 6.4228901465e-05, 0.00011223207548, 0.000139878131449, 8.37440966279e-05, 9.38313169172e-05, 7.94997322373e-05, 6.85142440489e-05, 4.98187764606e-05, 4.27115664934e-05, 3.27834350173e-05, 2.32342681556e-05, 1.96254914044e-05, 1.74646265805e-05, 1.39421390486e-05, 1.15756447485e-05, 9.95170194074e-06, 9.80170807452e-06, 9.90459375316e-06, 6.32453384242e-06, 5.17164016856e-06, 5.25326186107e-06, 4.18338458985e-06, 4.23582469011e-06, 2.9825191632e-06, 3.02770263261e-06, 2.66174492936e-06, 2.03858735404e-06, 1.6557573872e-06, 1.33666969759e-06, 1.20625327327e-06],
        "stdev": [0.00400720583275, 0.0057465583086, 0.00345292896964, 0.00177724391688, 0.000413723435486, 0.000255051068962, 0.000633241143078, 0.000619540340267, 0.000313334574457, 0.000275275931926, 0.000168080383446, 0.000296773854643, 0.000353117648046, 0.000214967483771, 0.000241055997321, 0.000151216037921, 0.000138590316055, 0.000103071201011, 7.52931518946e-05, 5.98545811954e-05, 4.36263871961e-05, 3.01795207633e-05, 3.55365045834e-05, 2.34708459175e-05, 1.71024421434e-05, 1.54376957653e-05, 1.38613459058e-05, 1.39519934237e-05, 8.95909670362e-06, 6.76824720358e-06, 6.59432453176e-06, 5.60755825063e-06, 5.96163135924e-06, 4.2375868361e-06, 4.23119809057e-06, 5.52899382456e-06, 3.35121194439e-06, 2.36238111029e-06, 2.02500336854e-06, 1.72753902916e-06]
    },
    "melbands128": {
        "mean": [0.000631897128187, 0.00287580117583, 0.00381649914198, 0.00309006730095, 0.0024504319299, 0.00208432576619, 0.00150183145888, 0.000880468345713, 0.000677391304635, 0.000761214643717, 0.000478202127852, 0.000220277448534, 0.000143832105095, 0.000136513568577, 0.000158405702678, 0.000118631782243, 0.000205818549148, 0.000410672189901, 0.000310225092107, 0.00045018887613, 0.000226576710702, 0.000233191967709, 0.000113972295367, 0.000185757802683, 0.000149955332745, 5.16040199727e-05, 6.02743857598e-05, 4.65011398774e-05, 8.9751498308e-05, 0.000114942267828, 0.000115789385745, 0.000112725276267, 0.000208463898161, 8.27011099318e-05, 9.15826240089e-05, 9.0633497166e-05, 4.70569975732e-05, 0.000122594457935, 9.37113145483e-05, 7.59993272368e-05, 6.20446808171e-05, 0.000106670879177, 8.76131234691e-05, 2.98006962112e-05, 5.78768303967e-05, 5.64466063224e-05, 3.85948878829e-05, 3.98496595153e-05, 4.09774911532e-05, 5.64921465411e-05, 2.5842928153e-05, 1.84153832379e-05, 2.84209581878e-05, 2.21583886741e-05, 1.79796315933e-05, 2.1184936486e-05, 1.89732181752e-05, 1.99688383873e-05, 1.6703565052e-05, 1.23868085211e-05, 1.36431135616e-05, 1.59577866725e-05, 1.20992572192e-05, 9.25010408537e-06, 1.23650470414e-05, 1.08101658043e-05, 8.314018487e-06, 7.21863034414e-06, 1.04850178104e-05, 1.21953908092e-05, 1.34687306854e-05, 6.34032949165e-06, 4.9799232329e-06, 7.61969658924e-06, 6.11386303717e-06, 4.04801858167e-06, 4.43999351774e-06, 8.09416451375e-06, 4.16510511059e-06, 4.46612193628e-06, 4.11627797803e-06, 3.70707698494e-06, 5.04985018779e-06, 4.57402393295e-06, 3.54514918399e-06, 2.60530282503e-06, 2.99617795463e-06, 3.11364169647e-06, 3.13852228828e-06, 2.79894743471e-06, 2.97054793919e-06, 2.50308221439e-06, 2.37703170569e-06, 2.10319376492e-06, 1.76007097252e-06, 1.80008623829e-06, 1.70597365923e-06, 1.35941536428e-06, 1.34486720071e-06, 1.29949944494e-06, 1.28895317175e-06, 1.12718714718e-06, 1.13179555683e-06, 1.35463324114e-06, 9.70960627455e-07, 9.29850898501e-07, 1.06266793409e-06, 7.12763835509e-07, 6.94146478963e-07, 5.6493752254e-07, 6.88838781571e-07, 4.9634638799e-07, 4.12280769524e-07, 3.8581194417e-07, 3.34184420581e-07, 2.64257124627e-07, 1.68100172004e-07, 2.09014832109e-08, 5.59587749402e-12, 4.79665309208e-12, 4.65126591756e-12, 4.53420244059e-12, 4.42702341799e-12, 4.34185846998e-12, 4.27307755152e-12, 4.22399441813e-12, 4.18661112722e-12, 4.15710998611e-12],
        "stdev": [0.00105936778709, 0.00402241619304, 0.00596904242411, 0.0072174705565, 0.00702082226053, 0.00609642826021, 0.00493780802935, 0.0031035777647, 0.00257209315896, 0.00238600885496, 0.00149453838822, 0.00057645374909, 0.000301838590531, 0.00025220864336, 0.000377014803234, 0.000223580835154, 0.000542629801203, 0.00103850243613, 0.00066774582956, 0.00115938717499, 0.000455566478195, 0.000657827127725, 0.000241917616222, 0.000564957910683, 0.000539712083992, 0.000137720926432, 0.000320603750879, 0.000151234606165, 0.000290533236694, 0.000382928934414, 0.000414819020079, 0.000245727103902, 0.000667063868605, 0.000219549256144, 0.000262982473942, 0.000321913335938, 0.000113174166472, 0.000407237937907, 0.00028045263025, 0.000250139652053, 0.000170521467226, 0.000279133208096, 0.000224331000936, 5.34451319254e-05, 0.00014915378415, 0.000139165378641, 0.000105931241706, 9.60754405241e-05, 9.2381174909e-05, 0.000143364522955, 5.14723869856e-05, 3.11527583108e-05, 6.76808267599e-05, 4.99178677273e-05, 3.85806051781e-05, 3.70150009985e-05, 4.02463520004e-05, 5.87400281802e-05, 3.79443335987e-05, 2.22950657189e-05, 2.92718141282e-05, 3.61476777471e-05, 2.366249646e-05, 1.57453414431e-05, 2.46829313255e-05, 2.09985155379e-05, 1.52265820361e-05, 1.20215545394e-05, 2.11872338696e-05, 1.74480937858e-05, 2.16766784433e-05, 1.31659799081e-05, 7.85250358604e-06, 1.31308161144e-05, 1.12721736514e-05, 7.38390053812e-06, 6.4983851189e-06, 1.20427039292e-05, 5.979096386e-06, 7.76495653554e-06, 6.56249903841e-06, 6.03786838838e-06, 7.12900600774e-06, 8.05818854133e-06, 6.17421619609e-06, 4.15595013692e-06, 4.60667979496e-06, 4.49377739642e-06, 4.60973387817e-06, 4.84299516756e-06, 7.7952618085e-06, 4.96485245094e-06, 4.6929931159e-06, 3.27984275827e-06, 3.4271822642e-06, 2.76424907497e-06, 2.59215198639e-06, 1.94262520381e-06, 2.23924098464e-06, 2.36545724874e-06, 1.89492357094e-06, 1.58475177159e-06, 1.78319794486e-06, 3.06144238493e-06, 1.66862128026e-06, 1.65073811331e-06, 2.40729832512e-06, 1.18425782603e-06, 1.12122108931e-06, 8.20794753054e-07, 1.350204343e-06, 7.77683283104e-07, 5.83148619171e-07, 5.79330048822e-07, 5.07277206907e-07, 3.86108951034e-07, 2.66295018037e-07, 3.76727982143e-08, 8.63335791745e-12, 7.76120053642e-12, 7.54695004407e-12, 7.36512760502e-12, 7.20746379246e-12, 7.07740506825e-12, 6.96714083995e-12, 6.88287404502e-12, 6.82134643909e-12, 6.78050454325e-12]
    },
    "mfcc": {
        "mean": [-634.655578613, 106.090278625, 4.77821540833, 15.8922548294, 6.90983581543, 10.9974679947, 4.06688261032, 2.1845023632, 1.07877588272, 6.1741809845, 4.27055597305, 6.07604932785, 3.99738264084],
        "cov": [[4943.90869141, -1449.65527344, -507.211029053, 18.5058059692, 27.6162452698, 295.553985596, 63.3076057434, 54.9187698364, -43.0473175049, -51.3843803406, -31.9958705902, -43.7034721375, 27.9841060638], [-1449.65527344, 1241.15905762, 250.180007935, 49.9489364624, -8.8334312439, -192.773284912, -20.7000007629, -42.3475112915, -3.23941111565, -34.7329978943, -24.6809368134, -1.97140991688, -57.9729614258], [-507.211029053, 250.180007935, 634.051513672, 91.6794128418, 51.9725265503, -31.9114780426, -9.47675514221, 6.79097700119, 7.36115932465, 19.8644161224, -12.2889137268, -12.4010639191, 6.5057144165], [18.5058059692, 49.9489364624, 91.6794128418, 195.998123169, 82.7963790894, 56.5789909363, 21.5696926117, 11.1147975922, 3.67905831337, 2.13507843018, -4.35298919678, 0.17768573761, 6.58068180084], [27.6162452698, -8.8334312439, 51.9725265503, 82.7963790894, 189.242233276, 131.895645142, 72.0753479004, 54.1470947266, 36.3864250183, 28.6758174896, 23.0193939209, 13.9527168274, 34.0186004639], [295.553985596, -192.773284912, -31.9114780426, 56.5789909363, 131.895645142, 238.50491333, 105.800773621, 87.1268081665, 40.8837509155, 28.4138011932, 31.6610145569, 24.4500465393, 58.9472312927], [63.3076057434, -20.7000007629, -9.47675514221, 21.5696926117, 72.0753479004, 105.800773621, 126.259254456, 76.547996521, 43.5554695129, 21.6582241058, 22.6087093353, 26.3225536346, 29.6949481964], [54.9187698364, -42.3475112915, 6.79097700119, 11.1147975922, 54.1470947266, 87.1268081665, 76.547996521, 111.354545593, 50.2240409851, 31.5857124329, 26.8147945404, 21.4779872894, 35.6137123108], [-43.0473175049, -3.23941111565, 7.36115932465, 3.67905831337, 36.3864250183, 40.8837509155, 43.5554695129, 50.2240409851, 73.6132049561, 45.1338195801, 30.2576446533, 23.8691215515, 21.6245498657], [-51.3843803406, -34.7329978943, 19.8644161224, 2.13507843018, 28.6758174896, 28.4138011932, 21.6582241058, 31.5857124329, 45.1338195801, 74.1806259155, 46.4082069397, 27.9148521423, 27.6441612244], [-31.9958705902, -24.6809368134, -12.2889137268, -4.35298919678, 23.0193939209, 31.6610145569, 22.6087093353, 26.8147945404, 30.2576446533, 46.4082069397, 72.5221557617, 46.9493713379, 32.4358329773], [-43.7034721375, -1.97140991688, -12.4010639191, 0.17768573761, 13.9527168274, 24.4500465393, 26.3225536346, 21.4779872894, 23.8691215515, 27.9148521423, 46.9493713379, 72.5517044067, 49.8310241699], [27.9841060638, -57.9729614258, 6.5057144165, 6.58068180084, 34.0186004639, 58.9472312927, 29.6949481964, 35.6137123108, 21.6245498657, 27.6441612244, 32.4358329773, 49.8310241699, 95.6583633423]],
        "icov": [[0.000336530123604, 0.000366014312021, 0.000130785774672, -0.000167847450939, 4.72916362924e-05, -0.000104238788481, -9.1648515081e-05, -7.06484861439e-05, 8.51765507832e-05, 0.000316946214298, 4.2311843572e-05, 0.000105162958789, 4.82139330416e-05], [0.000366014312021, 0.00154443096835, -0.000198432055186, -0.000443869881565, -0.000553939375095, 0.00140859326348, -0.000776573317125, -3.63254112017e-05, -0.000437480513938, 0.00130194658414, -0.000132677756483, -0.000422228418756, 0.000444109609816], [0.000130785774672, -0.000198432055186, 0.00201674504206, -0.000815539504401, -0.00048428302398, 0.000539140135515, 0.000265274458798, -0.000504818744957, 0.000383574224543, -0.00107481679879, 0.000687745690811, 0.000677903997712, -0.000656426360365], [-0.000167847450939, -0.000443869881565, -0.000815539504401, 0.00699910521507, -0.00265599205159, -0.00128110556398, 0.000668473890983, 0.00052736653015, 0.000685378909111, -0.000374086375814, 0.0015184370568, -0.00136114319321, 0.000831564073451], [4.72916362924e-05, -0.000553939375095, -0.00048428302398, -0.00265599205159, 0.0110684148967, -0.00518588209525, -0.00158999220002, 0.000872459553648, -0.00128914753441, -0.00119873764925, -0.00115400727373, 0.00200049672276, -0.000718638126273], [-0.000104238788481, 0.00140859326348, 0.000539140135515, -0.00128110556398, -0.00518588209525, 0.0126022957265, -0.00526347523555, -0.00257948460057, 0.000522545829881, 0.00170969567262, -0.00215372000821, 0.00252250069752, -0.0035877043847], [-9.1648515081e-05, -0.000776573317125, 0.000265274458798, 0.000668473890983, -0.00158999220002, -0.00526347523555, 0.0185447111726, -0.00754387443885, -0.00312110083178, 0.00143859477248, 0.00214108615182, -0.00514317909256, 0.00259593618102], [-7.06484861439e-05, -3.63254112017e-05, -0.000504818744957, 0.00052736653015, 0.000872459553648, -0.00257948460057, -0.00754387443885, 0.0200178269297, -0.00767415994778, 0.000219380250201, -0.00191491178703, 0.00327126029879, -0.00321820750833], [8.51765507832e-05, -0.000437480513938, 0.000383574224543, 0.000685378909111, -0.00128914753441, 0.000522545829881, -0.00312110083178, -0.00767415994778, 0.0295260883868, -0.0147585347295, 0.00241155037656, -0.00353785534389, 0.00221476238221], [0.000316946214298, 0.00130194658414, -0.00107481679879, -0.000374086375814, -0.00119873764925, 0.00170969567262, 0.00143859477248, 0.000219380250201, -0.0147585347295, 0.0329581722617, -0.0168663654476, 0.00431289849803, -0.00307623809204], [4.2311843572e-05, -0.000132677756483, 0.000687745690811, 0.0015184370568, -0.00115400727373, -0.00215372000821, 0.00214108615182, -0.00191491178703, 0.00241155037656, -0.0168663654476, 0.035867292434, -0.0191834550351, 0.00370215787552], [0.000105162958789, -0.000422228418756, 0.000677903997712, -0.00136114319321, 0.00200049672276, 0.00252250069752, -0.00514317909256, 0.00327126029879, -0.00353785534389, 0.00431289849803, -0.0191834550351, 0.0355570279062, -0.0145907904953], [4.82139330416e-05, 0.000444109609816, -0.000656426360365, 0.000831564073451, -0.000718638126273, -0.0035877043847, 0.00259593618102, -0.00321820750833, 0.00221476238221, -0.00307623809204, 0.00370215787552, -0.0145907904953, 0.0202887859195]]
    },
    "spectral_contrast_coeffs": {
        "mean": [-0.720155775547, -0.758322417736, -0.776139318943, -0.799085378647, -0.807197511196, -0.784076869488],
        "stdev": [0.0833762958646, 0.0747427418828, 0.0616197884083, 0.0526706948876, 0.0385621860623, 0.0291731692851]
    },
    "spectral_contrast_valleys": {
        "mean": [-6.86306476593, -6.68872690201, -7.32291078568, -7.38055229187, -7.4480471611, -9.75012493134],
        "stdev": [0.80466645956, 0.696428358555, 0.736744642258, 0.787178218365, 0.837037742138, 0.953438282013]
    }
},
"rhythm": {
    "beats_count": 611,
    "beats_loudness": {
        "mean": 0.053302783519,
        "stdev": 0.0373253189027
    },
    "bpm": 140.068054199,
    "bpm_histogram_first_peak_bpm": 140,
    "bpm_histogram_first_peak_weight": 0.223659932613,
    "bpm_histogram_second_peak_bpm": 129,
    "bpm_histogram_second_peak_spread": 0.512820482254,
    "bpm_histogram_second_peak_weight": 0.0311475414783,
    "danceability": 1.2510509491,
    "onset_rate": 4.09398078918,
    "beats_loudness_band_ratio": {
        "mean": [0.555296897888, 0.0906774103642, 0.151485979557, 0.106276027858, 0.0629515126348, 0.0586614906788],
        "stdev": [0.30106896162, 0.0950757265091, 0.182509675622, 0.113401435316, 0.0808533653617, 0.0557432733476]
    },
    "beats_position": [0.452789098024, 0.917188167572, 1.39319729805, 1.8575963974, 2.29877543449, 2.73995471001, 3.15791368484, 3.58748292923, 4.01705217361, 4.446621418, 4.87619018555, 5.30575942993, 5.73532867432, 6.15328788757, 6.58285713196, 7.01242637634, 7.44199514389, 7.87156438828, 8.3011341095, 8.73070240021, 9.14866161346, 9.58984088898, 10.0078001022, 10.4373693466, 10.866938591, 11.2965078354, 11.7260770798, 12.1556463242, 12.5852155685, 13.0031747818, 13.4327430725, 13.8623123169, 14.2918815613, 14.7214508057, 15.15102005, 15.5805892944, 16.0101585388, 16.4397277832, 16.8576869965, 17.2872562408, 17.7168254852, 18.1463947296, 18.575963974, 19.0055332184, 19.4351024628, 19.853061676, 20.2826309204, 20.7121982574, 21.1417675018, 21.5713367462, 22.0009059906, 22.430475235, 22.8600444794, 23.2896137238, 23.707572937, 24.1371421814, 24.5667114258, 24.9962806702, 25.4258499146, 25.8554191589, 26.2849884033, 26.7145576477, 27.1441268921, 27.5620861053, 27.9916553497, 28.4212245941, 28.8507938385, 29.2803630829, 29.7099323273, 30.1394996643, 30.5574588776, 30.9870281219, 31.4165973663, 31.8461666107, 32.2757377625, 32.7053070068, 33.1348762512, 33.5528335571, 33.9824028015, 34.4119720459, 34.8415412903, 35.2711105347, 35.7006797791, 36.1302490234, 36.5482063293, 36.9777755737, 37.4073448181, 37.8369140625, 38.2664833069, 38.6960525513, 39.1256217957, 39.5435829163, 39.9847602844, 40.402721405, 40.8438987732, 41.2734680176, 41.7262573242, 42.1906585693, 42.6550559998, 43.1194534302, 43.5838546753, 44.0250320435, 44.4662132263, 44.8957824707, 45.3253517151, 45.7549209595, 46.1844902039, 46.6140594482, 47.0436286926, 47.4615859985, 47.8911552429, 48.3207244873, 48.7502937317, 49.1798629761, 49.6094322205, 50.0390014648, 50.4569587708, 50.8865280151, 51.3160972595, 51.7456665039, 52.1752357483, 52.6048049927, 53.0343742371, 53.4639434814, 53.8935127258, 54.3114738464, 54.7410430908, 55.1706123352, 55.5885696411, 56.0181388855, 56.4477081299, 56.8772773743, 57.3068466187, 57.7248077393, 58.1543769836, 58.583946228, 59.0135154724, 59.4430847168, 59.8726501465, 60.3022193909, 60.7317886353, 61.1613578796, 61.5793190002, 62.0088882446, 62.438457489, 62.8680267334, 63.2975959778, 63.7271652222, 64.1567306519, 64.5746917725, 65.0042648315, 65.4338302612, 65.8634033203, 66.29296875, 66.7225418091, 67.1521072388, 67.5816802979, 68.0112457275, 68.4292068481, 68.8587722778, 69.2883453369, 69.7179107666, 70.1474838257, 70.5770492554, 71.0066223145, 71.4361877441, 71.8657608032, 72.2953262329, 72.724899292, 73.1428527832, 73.5724258423, 74.001991272, 74.4315643311, 74.8611297607, 75.2907028198, 75.7202682495, 76.1382293701, 76.5678024292, 76.9973678589, 77.426940918, 77.8565063477, 78.2744674683, 78.7040328979, 79.133605957, 79.5631713867, 79.9927444458, 80.4223098755, 80.8518829346, 81.2814483643, 81.7110214233, 82.1289749146, 82.5585479736, 82.9881134033, 83.4176864624, 83.8472518921, 84.2768249512, 84.7063903809, 85.1359634399, 85.5655288696, 85.9951019287, 86.4246673584, 86.842628479, 87.2722015381, 87.7017669678, 88.1197280884, 88.5492935181, 88.9788665771, 89.4084320068, 89.8380050659, 90.2675704956, 90.6971435547, 91.1267089844, 91.5562820435, 91.9742355347, 92.4038085938, 92.8333740234, 93.2629470825, 93.6925125122, 94.1220855713, 94.551651001, 94.9812240601, 95.4107894897, 95.8403625488, 96.2699279785, 96.7111129761, 97.1522903442, 97.5934677124, 98.0346450806, 98.5454864502, 99.0447158813, 99.555557251, 100.019950867, 100.484352112, 100.948753357, 101.401542664, 101.865936279, 102.330337524, 102.806350708, 103.282356262, 103.758361816, 104.211151123, 104.66394043, 105.116729736, 105.511474609, 105.894599915, 106.277732849, 106.672470093, 107.067207336, 107.46194458, 107.845077515, 108.239814758, 108.622947693, 109.017684937, 109.41242218, 109.807167053, 110.201904297, 110.596641541, 110.991378784, 111.455780029, 111.908569336, 112.361358643, 112.814147949, 113.31337738, 113.82421875, 114.323448181, 114.811065674, 115.310295105, 115.797912598, 116.28553009, 116.773147583, 117.272377014, 117.771606445, 118.282447815, 118.781677246, 119.246078491, 119.698867798, 120.163261414, 120.627662659, 121.103668213, 121.579681396, 122.055686951, 122.508476257, 122.972877502, 123.425666809, 123.866844177, 124.296417236, 124.737594604, 125.155555725, 125.585121155, 126.014694214, 126.444259644, 126.873832703, 127.291786194, 127.709747314, 128.139312744, 128.568893433, 128.998458862, 129.428024292, 129.857589722, 130.28717041, 130.705123901, 131.123077393, 131.541046143, 131.958999634, 132.388565063, 132.818145752, 133.25932312, 133.700500488, 134.130065918, 134.559631348, 134.989196777, 135.418777466, 135.848342896, 136.277908325, 136.707473755, 137.137054443, 137.566619873, 137.996185303, 138.425750732, 138.855331421, 139.284896851, 139.71446228, 140.14402771, 140.573608398, 141.003173828, 141.421127319, 141.850692749, 142.280273438, 142.709838867, 143.139404297, 143.568969727, 143.986938477, 144.416503906, 144.846069336, 145.275650024, 145.705215454, 146.134780884, 146.564346313, 146.993927002, 147.423492432, 147.841445923, 148.271011353, 148.700592041, 149.130157471, 149.5597229, 149.98928833, 150.418869019, 150.83682251, 151.266387939, 151.695953369, 152.125534058, 152.555099487, 152.984664917, 153.414230347, 153.843811035, 154.273376465, 154.691329956, 155.120910645, 155.550476074, 155.968429565, 156.397994995, 156.827575684, 157.257141113, 157.686706543, 158.116271973, 158.545852661, 158.975418091, 159.404983521, 159.83454895, 160.264129639, 160.693695068, 161.123260498, 161.541213989, 161.970794678, 162.400360107, 162.829925537, 163.259490967, 163.689071655, 164.118637085, 164.536590576, 164.966171265, 165.395736694, 165.825302124, 166.266479492, 166.696044922, 167.12562561, 167.543579102, 167.973144531, 168.391113281, 168.809066772, 169.238632202, 169.668212891, 170.09777832, 170.52734375, 170.95690918, 171.386474609, 171.804443359, 172.234008789, 172.663574219, 173.104751587, 173.522720337, 173.952285767, 174.381851196, 174.811431885, 175.240997314, 175.658950806, 176.088516235, 176.518096924, 176.947662354, 177.377227783, 177.806793213, 178.236373901, 178.654327393, 179.083892822, 179.513473511, 179.94303894, 180.37260437, 180.8021698, 181.231735229, 181.661315918, 182.090881348, 182.508834839, 182.938415527, 183.367980957, 183.797546387, 184.227111816, 184.656692505, 185.086257935, 185.515823364, 185.945388794, 186.363357544, 186.804534912, 187.222488403, 187.652053833, 188.081634521, 188.511199951, 188.940765381, 189.358734131, 189.788299561, 190.21786499, 190.64743042, 191.07699585, 191.506576538, 191.936141968, 192.354095459, 192.783676147, 193.213241577, 193.654418945, 194.072372437, 194.490341187, 194.919906616, 195.349472046, 195.790649414, 196.208618164, 196.649795532, 197.067749023, 197.497314453, 197.926895142, 198.356460571, 198.786026001, 199.203994751, 199.633560181, 200.06312561, 200.49269104, 200.92225647, 201.351837158, 201.781402588, 202.199356079, 202.640533447, 203.058502197, 203.488067627, 203.917633057, 204.347213745, 204.776779175, 205.206344604, 205.635910034, 206.065490723, 206.495056152, 206.913009644, 207.342575073, 207.772155762, 208.201721191, 208.631286621, 209.060852051, 209.490432739, 209.90838623, 210.33795166, 210.76751709, 211.197097778, 211.626663208, 212.056228638, 212.485794067, 212.903762817, 213.333328247, 213.762893677, 214.204071045, 214.622039795, 215.039993286, 215.469558716, 215.899139404, 216.340316772, 216.758270264, 217.187835693, 217.617416382, 218.046981812, 218.476547241, 218.906112671, 219.335693359, 219.753646851, 220.18321228, 220.61277771, 221.042358398, 221.471923828, 221.889877319, 222.331054688, 222.749023438, 223.178588867, 223.608154297, 224.037734985, 224.467300415, 224.896865845, 225.326431274, 225.756011963, 226.185577393, 226.603530884, 227.033096313, 227.462677002, 227.892242432, 228.321807861, 228.739776611, 229.169342041, 229.598907471, 230.0284729, 230.45803833, 230.887619019, 231.317184448, 231.746749878, 232.176315308, 232.617507935, 233.058685303, 233.511474609, 233.975875854, 234.428665161, 234.893051147, 235.357452393, 235.798629761, 236.239807129, 236.669387817, 237.098953247, 237.528518677, 237.958084106, 238.387664795, 238.817230225, 239.235183716, 239.664764404, 240.094329834, 240.523895264, 240.953460693, 241.371429443, 241.800994873, 242.230560303, 242.660125732, 243.089706421, 243.519271851, 243.94883728, 244.37840271, 244.807983398, 245.237548828, 245.667114258, 246.085067749, 246.514648438, 246.944213867, 247.373779297, 247.803344727, 248.232925415, 248.662490845, 249.080444336, 249.510025024, 249.939590454, 250.369155884, 250.798721313, 251.228302002, 251.657867432, 252.075820923, 252.505386353, 252.934967041, 253.364532471, 253.7940979, 254.212051392, 254.653244019, 255.07119751, 255.512374878, 255.930328369, 256.359893799, 256.789459229, 257.219055176, 257.648620605, 258.066558838, 258.507751465, 258.925720215, 259.366882324, 259.784851074, 260.214416504, 260.643981934, 261.073547363, 261.503112793, 261.921081543, 262.36227417, 262.780212402, 263.209777832, 263.639373779],
    "bpm_histogram": [0, 0, 0, 0, 0, 0, 0, 0, 0, 0, 0, 0, 0, 0, 0, 0, 0, 0, 0, 0, 0, 0, 0, 0, 0, 0, 0, 0, 0, 0, 0, 0, 0, 0, 0, 0, 0, 0, 0, 0, 0, 0, 0, 0, 0, 0, 0, 0, 0, 0, 0, 0, 0, 0, 0, 0, 0, 0, 0, 0, 0, 0, 0, 0, 0, 0, 0, 0, 0, 0, 0, 0, 0, 0, 0, 0, 0, 0, 0, 0, 0, 0, 0, 0, 0, 0, 0, 0, 0, 0, 0, 0, 0, 0, 0, 0, 0, 0, 0, 0, 0, 0, 0, 0, 0, 0, 0, 0, 0, 0, 0, 0, 0, 0, 0, 0, 0, 0.00655737705529, 0, 0, 0.0114754093811, 0, 0, 0.00655737705529, 0, 0, 0.0114754093811, 0, 0, 0.0311475414783, 0, 0, 0, 0.021311474964, 0, 0, 0.0557377040386, 0, 0, 0, 0.688524603844, 0, 0, 0, 0.142622947693, 0, 0, 0, 0, 0, 0, 0, 0.0180327873677, 0, 0, 0, 0, 0.00655737705529, 0, 0, 0, 0, 0, 0, 0, 0, 0, 0, 0, 0, 0, 0, 0, 0, 0, 0, 0, 0, 0, 0, 0, 0, 0, 0, 0, 0, 0, 0, 0, 0, 0, 0, 0, 0, 0, 0, 0, 0, 0, 0, 0, 0, 0, 0, 0, 0, 0, 0, 0, 0, 0, 0, 0, 0, 0, 0, 0, 0, 0, 0, 0, 0, 0, 0, 0, 0, 0, 0, 0, 0, 0, 0, 0, 0, 0, 0, 0, 0, 0, 0, 0, 0, 0, 0, 0, 0, 0, 0, 0, 0]
},
"tonal": {
    "chords_changes_rate": 0.0568461790681,
    "chords_number_rate": 0.00193593802396,
    "chords_strength": {
        "mean": 0.566248655319,
        "stdev": 0.101656198502
    },
    "hpcp_crest": {
        "mean": 12.3856563568,
        "stdev": 5.36173963547
    },
    "hpcp_entropy": {
        "mean": 2.14332318306,
        "stdev": 0.722245812416
    },
    "key_edma": {
        "strength": 0.583163201809,
        "key": "C#",
        "scale": "minor"
    },
    "key_krumhansl": {
        "strength": 0.583267569542,
        "key": "C#",
        "scale": "minor"
    },
    "key_temperley": {
        "strength": 0.579295158386,
        "key": "C#",
        "scale": "minor"
    },
    "tuning_diatonic_strength": 0.466466367245,
    "tuning_equal_tempered_deviation": 0.46039301157,
    "tuning_frequency": 434.193115234,
    "tuning_nontempered_energy_ratio": 0.978660225868,
    "hpcp": {
        "mean": [0.186778381467, 0.207846850157, 0.166677087545, 0.0952290445566, 0.100525513291, 0.0846711844206, 0.0899065956473, 0.204367980361, 0.193148121238, 0.0762615576386, 0.0554465092719, 0.0575593151152, 0.0936035811901, 0.176463857293, 0.143457531929, 0.0517398267984, 0.040316093713, 0.0474235750735, 0.0755148753524, 0.135004863143, 0.122569680214, 0.0762558057904, 0.136734470725, 0.142113626003, 0.0816433280706, 0.0770405903459, 0.0774859115481, 0.07597617805, 0.0968134999275, 0.0897624418139, 0.0642338320613, 0.069540053606, 0.0974278450012, 0.166363999248, 0.313452988863, 0.302115738392],
        "stdev": [0.269237458706, 0.32894769311, 0.292179226875, 0.186431616545, 0.220294669271, 0.184931099415, 0.153057053685, 0.304220825434, 0.294840961695, 0.149676173925, 0.141075760126, 0.157052099705, 0.192550241947, 0.299526304007, 0.254121512175, 0.125889152288, 0.115880526602, 0.117104977369, 0.136028274894, 0.214400365949, 0.21231983602, 0.144191801548, 0.251225501299, 0.25822481513, 0.171583965421, 0.181238040328, 0.184524565935, 0.155993208289, 0.18004360795, 0.1779538095, 0.14548702538, 0.177085712552, 0.222656026483, 0.26424998045, 0.365029662848, 0.358446568251]
    },
    "chords_histogram": [9.39809894562, 17.8106307983, 32.6645545959, 2.85110878944, 1.23196053505, 0.809574067593, 0.105596624315, 1.58394932747, 0, 3.92467451096, 0, 0.334389299154, 2.49911999702, 3.73108053207, 0.140795499086, 0.299190431833, 0.369588166475, 0, 0.369588166475, 0.0879971832037, 0.633579730988, 0.0351988747716, 8.53572654724, 12.5835971832],
