{
"metadata": {
    "version": {
        "essentia": "2.1-dev",
        "essentia_git_sha": "v2.1_beta3-415-gd5473f3",
        "extractor": "music 2.0"
    },
    "audio_properties": {
        "analysis": {
            "equal_loudness": 0,
            "length": 218.409790039,
            "sample_rate": 44100,
            "start_time": 0,
            "downmix": "mix"
        },
        "bit_rate": 192000,
        "length": 218.409790039,
        "lossless": 0,
        "number_channels": 2,
        "replay_gain": -9.79107093811,
        "sample_rate": 44100,
        "codec": "mp3",
        "md5_encoded": "a070b118b43209614f5b9f093b48474a"
    },
    "tags": {
        "file_name": "daddy_dj-daddy_dj.mp3",
        "album": ["Blanco y Negro Mix 8"],
        "artist": ["Various Artists"],
        "genre": ["Other"],
        "title": ["Daddy dj - Daddy dj"]
    }
},
"lowlevel": {
    "average_loudness": 0.925231635571,
    "barkbands_crest": {
        "mean": 11.3795146942,
        "stdev": 5.85357236862
    },
    "barkbands_flatness_db": {
        "mean": 0.147120475769,
        "stdev": 0.0627376884222
    },
    "barkbands_kurtosis": {
        "mean": 12.4240655899,
        "stdev": 26.3903083801
    },
    "barkbands_skewness": {
        "mean": 2.54409408569,
        "stdev": 1.97956848145
    },
    "barkbands_spread": {
        "mean": 20.6359386444,
        "stdev": 15.3028612137
    },
    "dissonance": {
        "mean": 0.462109208107,
        "stdev": 0.0271599069238
    },
    "dynamic_complexity": 2.75398540497,
    "erbbands_crest": {
        "mean": 7.67102718353,
        "stdev": 3.48249530792
    },
    "erbbands_flatness_db": {
        "mean": 0.128355309367,
        "stdev": 0.0468437932432
    },
    "erbbands_kurtosis": {
        "mean": 0.332296431065,
        "stdev": 1.91752910614
    },
    "erbbands_skewness": {
        "mean": 0.427569448948,
        "stdev": 0.713327467442
    },
    "erbbands_spread": {
        "mean": 49.8642539978,
        "stdev": 23.0493450165
    },
    "hfc": {
        "mean": 24.055562973,
        "stdev": 19.3158130646
    },
    "loudness_ebu128": {
        "integrated": -12.2796697617,
        "loudness_range": 4.67781829834,
        "momentary": {
            "mean": -15.7041654587,
            "stdev": 26.1911830902
        },
        "short_term": {
            "mean": -13.1306962967,
            "stdev": 5.2534031868
        }
    },
    "melbands_crest": {
        "mean": 15.9261379242,
        "stdev": 6.574842453
    },
    "melbands_flatness_db": {
        "mean": 0.223004341125,
        "stdev": 0.0824570953846
    },
    "melbands_kurtosis": {
        "mean": 32.4172363281,
        "stdev": 43.8564872742
    },
    "melbands_skewness": {
        "mean": 4.02010965347,
        "stdev": 2.44293689728
    },
    "melbands_spread": {
        "mean": 17.8067359924,
        "stdev": 19.4655265808
    },
    "pitch_salience": {
        "mean": 0.509348630905,
        "stdev": 0.172065988183
    },
    "silence_rate_20dB": {
        "mean": 1,
        "stdev": 0
    },
    "silence_rate_30dB": {
        "mean": 0.840029776096,
        "stdev": 0.366585314274
    },
    "silence_rate_60dB": {
        "mean": 0.0497448965907,
        "stdev": 0.217412590981
    },
    "spectral_centroid": {
        "mean": 1272.13989258,
        "stdev": 1149.32043457
    },
    "spectral_complexity": {
        "mean": 18.732673645,
        "stdev": 9.6358537674
    },
    "spectral_decrease": {
        "mean": -1.31364163991e-08,
        "stdev": 1.18877796496e-08
    },
    "spectral_energy": {
        "mean": 0.0517618358135,
        "stdev": 0.0454858504236
    },
    "spectral_energyband_high": {
        "mean": 0.00134552549571,
        "stdev": 0.0017842996167
    },
    "spectral_energyband_low": {
        "mean": 0.0338927507401,
        "stdev": 0.0423210673034
    },
    "spectral_energyband_middle_high": {
        "mean": 0.00394307170063,
        "stdev": 0.00339189101942
    },
    "spectral_energyband_middle_low": {
        "mean": 0.0146806742996,
        "stdev": 0.0160346310586
    },
    "spectral_entropy": {
        "mean": 7.65660858154,
        "stdev": 0.4790969491
    },
    "spectral_flux": {
        "mean": 0.109629780054,
        "stdev": 0.0831858739257
    },
    "spectral_kurtosis": {
        "mean": 3.66828513145,
        "stdev": 3.29304265976
    },
    "spectral_rms": {
        "mean": 0.00638320250437,
        "stdev": 0.00312318024226
    },
    "spectral_rolloff": {
        "mean": 1291.79431152,
        "stdev": 2239.29467773
    },
    "spectral_skewness": {
        "mean": 1.54031920433,
        "stdev": 0.58130210638
    },
    "spectral_spread": {
        "mean": 6175284,
        "stdev": 3850920
    },
    "spectral_strongpeak": {
        "mean": 0.606046319008,
        "stdev": 0.584095835686
    },
    "zerocrossingrate": {
        "mean": 0.0590289905667,
        "stdev": 0.0567078441381
    },
    "barkbands": {
        "mean": [0.000407595332945, 0.0228885058314, 0.00868791155517, 0.00369872851297, 0.00448727793992, 0.00220286543481, 0.00135040550958, 0.00129310786724, 0.00124184868764, 0.000722522905562, 0.000714761612471, 0.000664845807478, 0.000322109815897, 0.00026987149613, 0.000283037195913, 0.000210130107007, 0.000293158343993, 0.000288375216769, 0.000225207360927, 0.000274337711744, 0.000235591738601, 0.00019800530572, 0.000276949693216, 0.000216704240302, 0.000196367371245, 0.000106084233266, 5.26447092852e-06],
        "stdev": [0.000548309762962, 0.0356351882219, 0.0167378913611, 0.00757536618039, 0.00720459176227, 0.00314311706461, 0.00204028002918, 0.00183427892625, 0.00235858140513, 0.00152002146933, 0.00101669889409, 0.00103234546259, 0.000433693785453, 0.000421367469244, 0.000386506377254, 0.000302174768876, 0.000501659174915, 0.000363931088941, 0.000320099992678, 0.000361702230293, 0.000359777361155, 0.000272977456916, 0.000490197795443, 0.000445980054792, 0.000317601574352, 0.000200189519092, 1.15829561764e-05]
    },
    "erbbands": {
        "mean": [0.634613096714, 5.21313428879, 10.3129463196, 11.6740655899, 15.8414611816, 13.3712654114, 15.5619888306, 16.4761104584, 19.3159370422, 20.381860733, 33.9612846375, 29.2891693115, 25.6891803741, 22.5691890717, 25.7323131561, 29.1045188904, 16.9021282196, 14.6415529251, 12.6785287857, 13.8382463455, 13.6605367661, 15.2094926834, 15.6352567673, 13.4830093384, 13.8422412872, 11.8425064087, 9.08623886108, 8.93458843231, 7.57264757156, 6.84772634506, 7.77130842209, 5.24117898941, 3.52732038498, 2.36595582962, 1.27758646011, 0.528727531433, 0.184530809522, 0.0280847251415, 0.000650326197501, 8.11363715911e-05],
        "stdev": [0.985686302185, 8.52558231354, 19.2406673431, 20.3207435608, 30.1831588745, 20.9595470428, 23.1536750793, 26.6854801178, 27.9380474091, 29.9459171295, 50.3055877686, 57.3226470947, 55.6475524902, 34.5981636047, 39.186050415, 44.8016586304, 21.1669502258, 21.468170166, 16.031873703, 16.1333580017, 19.3861141205, 22.5520706177, 21.1649169922, 18.3193359375, 19.5195541382, 16.0502109528, 13.7664003372, 13.2508220673, 10.3658161163, 10.7472839355, 14.1869888306, 11.0934057236, 6.87762212753, 3.88956618309, 2.14099860191, 1.0419832468, 0.3286857903, 0.0553596094251, 0.00124310236424, 6.680808292e-05]
    },
    "gfcc": {
        "mean": [5.95863580704, 81.157661438, -95.6074829102, 31.0882797241, -59.9881362915, 20.7913970947, -37.2151451111, 13.7161712646, -25.1697158813, 4.38164567947, -14.6842451096, 3.89575409889, -12.794552803],
        "cov": [[22263.1542969, -5.43745422363, -287.165405273, 1287.02441406, -165.299545288, 861.966125488, -322.053527832, 600.372619629, -265.316314697, 387.841674805, -309.838195801, 253.325256348, -469.510528564], [-5.43745422363, 1072.02709961, -63.824432373, -125.658058167, 141.466705322, -32.177898407, 128.430099487, 4.88244056702, 121.713348389, -33.0274047852, 95.6408309937, -57.6823768616, 63.9502716064], [-287.165405273, -63.824432373, 1488.72839355, 280.295654297, 505.545715332, 499.795318604, 96.3661117554, 195.989639282, 123.744033813, 99.5587844849, -26.8463001251, 63.9542045593, -170.794815063], [1287.02441406, -125.658058167, 280.295654297, 558.164733887, 245.159805298, 148.842010498, 102.036109924, 78.7149047852, 61.7765579224, 77.344329834, 12.5147714615, 57.985408783, -22.5006542206], [-165.299545288, 141.466705322, 505.545715332, 245.159805298, 476.350097656, 229.979324341, 176.172653198, 134.109207153, 111.868606567, 74.8019790649, 43.3038711548, 34.755191803, -33.4010848999], [861.966125488, -32.177898407, 499.795318604, 148.842010498, 229.979324341, 407.509368896, 123.980331421, 147.92137146, 55.469379425, 76.8593826294, 11.2049779892, 33.9374427795, -59.7043228149], [-322.053527832, 128.430099487, 96.3661117554, 102.036109924, 176.172653198, 123.980331421, 272.100311279, 76.57472229, 87.811416626, 53.7735176086, 51.7723617554, 8.80236625671, 27.2290782928], [600.372619629, 4.88244056702, 195.989639282, 78.7149047852, 134.109207153, 147.92137146, 76.57472229, 183.519012451, 90.4895858765, 70.7210540771, 28.7617530823, 32.1002082825, -4.76644659042], [-265.316314697, 121.713348389, 123.744033813, 61.7765579224, 111.868606567, 55.469379425, 87.811416626, 90.4895858765, 175.436508179, 61.9258651733, 60.9697647095, 20.2068996429, 36.4060173035], [387.841674805, -33.0274047852, 99.5587844849, 77.344329834, 74.8019790649, 76.8593826294, 53.7735176086, 70.7210540771, 61.9258651733, 116.436447144, 48.4252662659, 45.0069847107, 7.50508928299], [-309.838195801, 95.6408309937, -26.8463001251, 12.5147714615, 43.3038711548, 11.2049779892, 51.7723617554, 28.7617530823, 60.9697647095, 48.4252662659, 117.138504028, 41.4056854248, 61.5223884583], [253.325256348, -57.6823768616, 63.9542045593, 57.985408783, 34.755191803, 33.9374427795, 8.80236625671, 32.1002082825, 20.2068996429, 45.0069847107, 41.4056854248, 115.626464844, 31.0042324066], [-469.510528564, 63.9502716064, -170.794815063, -22.5006542206, -33.4010848999, -59.7043228149, 27.2290782928, -4.76644659042, 36.4060173035, 7.50508928299, 61.5223884583, 31.0042324066, 122.428474426]],
        "icov": [[0.000186503035366, -0.000384168844903, 0.000378776312573, -0.00061102618929, 0.000429281557444, -0.000592991884332, 0.000501190777868, -0.000747526879422, 0.000461841147626, -0.000669912144076, 0.000666172592901, -0.000542026886251, 0.000725617224816], [-0.000384168844903, 0.00216296641156, -0.000652215036098, 0.00171745207626, -0.00158369832207, 0.00127921404783, -0.00129379786085, 0.00184586155228, -0.00180826208089, 0.00232760724612, -0.00239631463774, 0.00177619385067, -0.00149654771667], [0.000378776312573, -0.000652215036098, 0.00257796165533, -0.0010982103413, -0.000499932037201, -0.00272387126461, 0.00182345998473, -0.00102897023316, -0.000256783649093, -0.00109479413368, 0.00183038553223, -0.00191922020167, 0.00298720761202], [-0.00061102618929, 0.00171745207626, -0.0010982103413, 0.00467649055645, -0.00281703216024, 0.0017725067446, -0.00188166531734, 0.00291584641673, -0.00195757229812, 0.00153377279639, -0.00157098134514, 0.00103414454497, -0.00226946151815], [0.000429281557444, -0.00158369832207, -0.000499932037201, -0.00281703216024, 0.00655608763918, -0.00129146804102, -0.000746025936678, -0.00292786816135, 0.00115193752572, -0.00133224960882, 0.00058596074814, -0.00125420035329, 0.00223141373135], [-0.000592991884332, 0.00127921404783, -0.00272387126461, 0.0017725067446, -0.00129146804102, 0.00786170177162, -0.00337991933338, -0.000583701417781, 0.000409157859394, 0.00132804457098, -0.00266949390061, 0.00183336914051, -0.00153185718227], [0.000501190777868, -0.00129379786085, 0.00182345998473, -0.00188166531734, -0.000746025936678, -0.00337991933338, 0.00764543516561, -0.00181052403059, -3.36877419613e-05, -0.00257966760546, 0.00153684068937, -0.000391009089071, 0.000668063468765], [-0.000747526879422, 0.00184586155228, -0.00102897023316, 0.00291584641673, -0.00292786816135, -0.000583701417781, -0.00181052403059, 0.0139578450471, -0.00608369940892, 0.000113162008347, -0.00144124182407, 0.00122604903299, -0.00265195476823], [0.000461841147626, -0.00180826208089, -0.000256783649093, -0.00195757229812, 0.00115193752572, 0.000409157859394, -3.36877419613e-05, -0.00608369940892, 0.0127442013472, -0.00451916735619, -0.000434688379755, 0.000422601064201, -0.00111910188571], [-0.000669912144076, 0.00232760724612, -0.00109479413368, 0.00153377279639, -0.00133224960882, 0.00132804457098, -0.00257966760546, 0.000113162008347, -0.00451916735619, 0.0184598881751, -0.00757217314094, -0.00107584672514, 0.000121804368973], [0.000666172592901, -0.00239631463774, 0.00183038553223, -0.00157098134514, 0.00058596074814, -0.00266949390061, 0.00153684068937, -0.00144124182407, -0.000434688379755, -0.00757217314094, 0.0194683037698, -0.00502964342013, -0.00338461971842], [-0.000542026886251, 0.00177619385067, -0.00191922020167, 0.00103414454497, -0.00125420035329, 0.00183336914051, -0.000391009089071, 0.00122604903299, 0.000422601064201, -0.00107584672514, -0.00502964342013, 0.0145550342277, -0.00602542096749], [0.000725617224816, -0.00149654771667, 0.00298720761202, -0.00226946151815, 0.00223141373135, -0.00153185718227, 0.000668063468765, -0.00265195476823, -0.00111910188571, 0.000121804368973, -0.00338461971842, -0.00602542096749, 0.0186446662992]]
    },
    "melbands": {
        "mean": [0.00614726450294, 0.00606207316741, 0.00222054519691, 0.00107753835618, 0.000531931873411, 0.000393570342567, 0.000292692915536, 0.000220898975385, 0.000284315814497, 0.000177994123078, 0.000122308003483, 8.50212454679e-05, 8.341929788e-05, 7.69764301367e-05, 6.0739908804e-05, 2.91839587589e-05, 2.78345742117e-05, 1.81862069439e-05, 2.41014586209e-05, 1.62831402122e-05, 1.60038707691e-05, 1.69465856743e-05, 1.35234849949e-05, 1.33376461235e-05, 1.05971657831e-05, 8.42414829094e-06, 1.12791512947e-05, 6.9278544288e-06, 5.87424983678e-06, 5.01144313603e-06, 5.27253132532e-06, 4.41207657786e-06, 3.57553062713e-06, 4.08613823311e-06, 4.83400435769e-06, 3.97248413719e-06, 2.84636666947e-06, 2.55104350799e-06, 2.0682948616e-06, 2.02521232495e-06],
        "stdev": [0.00947079062462, 0.00956105813384, 0.00372926681302, 0.00184936658479, 0.000771069375332, 0.000586331589147, 0.00041219216655, 0.000314390141284, 0.000436334259575, 0.000374106341042, 0.000273970101262, 0.000136456277687, 0.00012054767285, 0.000118038296932, 9.0152505436e-05, 4.31115768151e-05, 4.54947876278e-05, 2.56991806964e-05, 3.53390605596e-05, 2.24883006013e-05, 2.65069538727e-05, 2.77561903204e-05, 1.8822374841e-05, 1.75641689566e-05, 1.5311055904e-05, 1.28420851979e-05, 1.58969032782e-05, 1.03278707684e-05, 9.82044093689e-06, 7.40353289075e-06, 8.7878179329e-06, 6.05458444625e-06, 5.54936241315e-06, 7.12123983249e-06, 9.10402923182e-06, 8.11224344943e-06, 6.33324680166e-06, 5.00767828271e-06, 4.11126029576e-06, 3.16104774356e-06]
    },
    "melbands128": {
        "mean": [0.000384676124668, 0.00432195607573, 0.0093933288008, 0.00821865163743, 0.00585423130542, 0.00397104164585, 0.00232838396914, 0.0018017962575, 0.00173989927862, 0.00109546759631, 0.000743258045986, 0.000480247486848, 0.000565206166357, 0.000523677270394, 0.000346967979567, 0.000348033703631, 0.000414809910581, 0.000224690433242, 0.000317540281685, 0.00020291817782, 0.000209979756619, 0.000211065867916, 0.000389369117329, 0.000269303447567, 0.00014443488908, 0.000202263778192, 8.79175859154e-05, 0.000173258100403, 7.55879154895e-05, 5.98522819928e-05, 0.000112956222438, 9.05427295947e-05, 6.14938981016e-05, 0.000114307251351, 4.59589573438e-05, 8.9052671683e-05, 8.21735447971e-05, 7.02549878042e-05, 3.89105916838e-05, 2.96722610074e-05, 3.07620393869e-05, 2.08040491998e-05, 2.84737470793e-05, 3.19673054037e-05, 2.12885097426e-05, 1.3109610336e-05, 1.61272546393e-05, 3.79168959626e-05, 1.96915443667e-05, 1.00109982668e-05, 2.10528269236e-05, 1.6785797925e-05, 1.0384577763e-05, 2.0447481802e-05, 1.88721023733e-05, 1.75841232704e-05, 1.36701837619e-05, 1.12404386527e-05, 1.40276015372e-05, 1.77036035893e-05, 1.11094641397e-05, 1.01616133179e-05, 1.80180031748e-05, 7.37491063774e-06, 5.88599596085e-06, 7.58704709369e-06, 1.08145177364e-05, 1.16165583677e-05, 1.25756705529e-05, 8.53259462019e-06, 6.90606657372e-06, 6.21787557975e-06, 5.81614767725e-06, 6.38009896647e-06, 4.30235149906e-06, 6.11146742813e-06, 4.40305939264e-06, 5.03403498442e-06, 6.36235972706e-06, 4.19331399826e-06, 4.73829550174e-06, 4.27370332545e-06, 3.8882062654e-06, 3.59517548532e-06, 3.3440653624e-06, 2.78339712168e-06, 4.36919708591e-06, 6.75649243931e-06, 4.68370899398e-06, 3.89195110984e-06, 3.6921840092e-06, 4.55783811049e-06, 3.31915020979e-06, 2.62707703769e-06, 2.65575204139e-06, 2.70826672022e-06, 2.56067278315e-06, 2.34776393881e-06, 1.97036501959e-06, 2.09907511817e-06, 1.75959814896e-06, 2.01418060897e-06, 2.35223797063e-06, 1.70341490957e-06, 1.50070457039e-06, 1.13509997846e-06, 8.57260147313e-07, 8.24019025458e-07, 9.95559958028e-07, 8.01097939984e-07, 1.02757303466e-06, 6.6743524485e-07, 5.5033768831e-07, 4.01981537834e-07, 3.85247091117e-07, 3.10697288342e-07, 2.13705021679e-07, 1.97278851033e-08, 8.46169662116e-12, 7.27690737529e-12, 7.05373866955e-12, 6.87578249545e-12, 6.70964412502e-12, 6.58418805588e-12, 6.47480463342e-12, 6.3991381638e-12, 6.34282860609e-12, 6.29783204753e-12],
        "stdev": [0.000526734569576, 0.00693985586986, 0.0160141959786, 0.0149109410122, 0.0117531530559, 0.00731609156355, 0.00436792708933, 0.003832367016, 0.00351360393688, 0.00217661983334, 0.00136084994301, 0.00087232212536, 0.00092378113186, 0.00088428350864, 0.000817953958176, 0.000622887164354, 0.000797675107606, 0.000388062122511, 0.00071691989433, 0.00036775629269, 0.000431244552601, 0.000413809466409, 0.000670526525937, 0.000594190962147, 0.000360247737262, 0.000589974340983, 0.000249509816058, 0.000494364765473, 0.000203010538826, 0.000162394804647, 0.000214286337723, 0.000158156486577, 0.000113687376142, 0.000235258426983, 0.000112652654934, 0.000184878867003, 0.000158102586283, 0.000158427763381, 8.07669202914e-05, 5.61715896765e-05, 6.37345656287e-05, 4.59243674413e-05, 6.05446875852e-05, 6.14551026956e-05, 4.91860191687e-05, 2.51978872257e-05, 3.44955515175e-05, 7.26825892343e-05, 3.24246357195e-05, 1.53718829097e-05, 4.02220903197e-05, 3.04769437207e-05, 1.92252246052e-05, 4.83819421788e-05, 4.38450733782e-05, 3.98699485231e-05, 2.22813541768e-05, 2.49414097198e-05, 2.34307735809e-05, 3.25532382703e-05, 2.09041463677e-05, 1.85394346772e-05, 3.33495445375e-05, 1.32827199195e-05, 9.88551710179e-06, 1.32540508275e-05, 2.47937605309e-05, 2.09276186069e-05, 1.92454463104e-05, 1.55152047228e-05, 1.28835954456e-05, 1.14142339953e-05, 9.71833014773e-06, 1.50494151967e-05, 7.49614582674e-06, 1.20183667605e-05, 7.06033779352e-06, 8.65059519128e-06, 1.45290905493e-05, 7.59017757446e-06, 7.00729924574e-06, 6.384986591e-06, 5.87973772781e-06, 6.97234327163e-06, 5.56365193916e-06, 4.73271757073e-06, 8.28843803902e-06, 1.52068159878e-05, 9.70535620581e-06, 7.90533067629e-06, 7.40812083677e-06, 1.0946506336e-05, 8.42060580908e-06, 6.74766488373e-06, 5.78163781029e-06, 5.31553814653e-06, 5.6635162764e-06, 4.97442761116e-06, 4.35732590631e-06, 4.37816879639e-06, 3.47722561855e-06, 3.11869462166e-06, 3.42708926837e-06, 2.74914395959e-06, 2.98234590446e-06, 2.06345293918e-06, 1.84198961506e-06, 1.9206752313e-06, 2.14526153286e-06, 1.52031259404e-06, 1.9446999886e-06, 1.15813031698e-06, 9.67610276348e-07, 8.02998386007e-07, 8.22133529255e-07, 6.31176988009e-07, 4.75890942653e-07, 5.52176686597e-08, 1.28210827371e-11, 1.16060008826e-11, 1.12802354263e-11, 1.10070676532e-11, 1.07695441107e-11, 1.05742628195e-11, 1.04082506502e-11, 1.02815108857e-11, 1.01887378742e-11, 1.0128769351e-11]
    },
    "mfcc": {
        "mean": [-634.333984375, 112.231918335, 18.5555686951, 16.9743041992, 5.52108860016, 5.11912965775, 2.87894272804, 6.30090475082, -1.45262181759, 0.962346732616, 0.0172842405736, 1.53951931, 1.9118976593],
        "cov": [[8813.29003906, 134.80128479, 405.824798584, 527.52532959, 301.999725342, 344.158416748, 220.853240967, 229.49079895, 127.536857605, 118.986244202, 131.411209106, 172.57585144, 143.065048218], [134.80128479, 1200.34399414, 37.2794532776, -52.3705673218, 96.0826873779, 21.071723938, 69.2093582153, 80.4583969116, 46.1184234619, 91.8397979736, 83.7003936768, 7.03771114349, 18.1675853729], [405.824798584, 37.2794532776, 883.59161377, 62.1554222107, 403.565795898, 265.23626709, 123.185417175, 189.968154907, 76.7793960571, 124.933769226, 99.8313446045, 73.3627090454, 69.9730758667], [527.52532959, -52.3705673218, 62.1554222107, 443.624542236, 151.38861084, 132.896316528, 67.6206512451, 60.9569206238, 78.1995010376, 11.7552442551, 32.7224998474, 79.0661621094, 78.9239730835], [301.999725342, 96.0826873779, 403.565795898, 151.38861084, 429.45892334, 183.836166382, 116.488853455, 143.178787231, 84.4786758423, 91.830116272, 79.149055481, 83.2519607544, 78.8711929321], [344.158416748, 21.071723938, 265.23626709, 132.896316528, 183.836166382, 279.951660156, 163.395965576, 126.319694519, 81.4240951538, 70.5676345825, 71.5722885132, 64.2737884521, 59.0983581543], [220.853240967, 69.2093582153, 123.185417175, 67.6206512451, 116.488853455, 163.395965576, 217.342468262, 112.833343506, 73.0371551514, 69.5648345947, 63.1452560425, 46.8606719971, 40.7309532166], [229.49079895, 80.4583969116, 189.968154907, 60.9569206238, 143.178787231, 126.319694519, 112.833343506, 170.556594849, 91.0980682373, 70.1607284546, 61.7555351257, 55.3406448364, 51.4157295227], [127.536857605, 46.1184234619, 76.7793960571, 78.1995010376, 84.4786758423, 81.4240951538, 73.0371551514, 91.0980682373, 126.98487854, 80.4821395874, 51.9065246582, 42.8478813171, 39.085811615], [118.986244202, 91.8397979736, 124.933769226, 11.7552442551, 91.830116272, 70.5676345825, 69.5648345947, 70.1607284546, 80.4821395874, 150.492767334, 86.3383865356, 25.2279548645, 18.868516922], [131.411209106, 83.7003936768, 99.8313446045, 32.7224998474, 79.149055481, 71.5722885132, 63.1452560425, 61.7555351257, 51.9065246582, 86.3383865356, 117.613998413, 49.9421157837, 21.1967411041], [172.57585144, 7.03771114349, 73.3627090454, 79.0661621094, 83.2519607544, 64.2737884521, 46.8606719971, 55.3406448364, 42.8478813171, 25.2279548645, 49.9421157837, 101.881225586, 63.2588500977], [143.065048218, 18.1675853729, 69.9730758667, 78.9239730835, 78.8711929321, 59.0983581543, 40.7309532166, 51.4157295227, 39.085811615, 18.868516922, 21.1967411041, 63.2588500977, 103.381256104]],
        "icov": [[0.000127111328766, -1.59840765264e-05, -3.17104058922e-05, -0.000146802471136, 5.31073128514e-05, -4.43216158601e-05, -1.17150257211e-05, -9.75408765953e-05, 0.00012407352915, -8.22301371954e-05, 2.64072732534e-05, -8.88685317477e-05, 1.54508416017e-05], [-1.59840765264e-05, 0.000944879488088, 0.000185641241842, 0.000196898981812, -0.000299826060655, 0.000236070802202, -0.000126310973428, -0.000386316794902, 0.000119290350995, -0.000175967245013, -0.00063061597757, 0.000519187771715, -0.000285584887024], [-3.17104058922e-05, 0.000185641241842, 0.00264271488413, 0.000650775909889, -0.00191156275105, -0.00175483291969, 0.00121242960449, -0.00147096347064, 0.00120857800357, -0.000880847510416, -5.23582384631e-05, 0.000293742923532, -2.40321296587e-05], [-0.000146802471136, 0.000196898981812, 0.000650775909889, 0.0036311163567, -0.001215516706, -0.00139458687045, 0.000425471691415, 0.00098621903453, -0.00205452484079, 0.00141764653381, -0.000308753718855, -0.000610486371443, -0.00102268706542], [5.31073128514e-05, -0.000299826060655, -0.00191156275105, -0.001215516706, 0.00547621818259, -0.00016770864022, -0.000360775651643, -0.000987269799225, 0.000360299221938, -0.000960654870141, 0.000386901636375, -0.00116089056246, -0.000577753642574], [-4.43216158601e-05, 0.000236070802202, -0.00175483291969, -0.00139458687045, -0.00016770864022, 0.00968710891902, -0.005025442224, -0.000703094061464, -0.000718230265193, 0.000757783069275, -0.00115479063243, 0.000122795288917, -0.000512955535669], [-1.17150257211e-05, -0.000126310973428, 0.00121242960449, 0.000425471691415, -0.000360775651643, -0.005025442224, 0.0100917639211, -0.00351960491389, 0.000218341665459, -0.00123028294183, -0.000510526471771, -2.40120843955e-05, 7.67986421124e-05], [-9.75408765953e-05, -0.000386316794902, -0.00147096347064, 0.00098621903453, -0.000987269799225, -0.000703094061464, -0.00351960491389, 0.0155131528154, -0.00731423264369, 0.00170574511867, -0.00116790807806, -0.000938878103625, -0.00145997153595], [0.00012407352915, 0.000119290350995, 0.00120857800357, -0.00205452484079, 0.000360299221938, -0.000718230265193, 0.000218341665459, -0.00731423264369, 0.0189931113273, -0.0085223140195, 0.00206379103474, -0.00198765844107, -0.000587132701185], [-8.22301371954e-05, -0.000175967245013, -0.000880847510416, 0.00141764653381, -0.000960654870141, 0.000757783069275, -0.00123028294183, 0.00170574511867, -0.0085223140195, 0.0171189941466, -0.0100218579173, 0.00452347844839, -0.00102073210292], [2.64072732534e-05, -0.00063061597757, -5.23582384631e-05, -0.000308753718855, 0.000386901636375, -0.00115479063243, -0.000510526471771, -0.00116790807806, 0.00206379103474, -0.0100218579173, 0.0199748314917, -0.00912029109895, 0.00402640597895], [-8.88685317477e-05, 0.000519187771715, 0.000293742923532, -0.000610486371443, -0.00116089056246, 0.000122795288917, -2.40120843955e-05, -0.000938878103625, -0.00198765844107, 0.00452347844839, -0.00912029109895, 0.0220431182534, -0.0101014385], [1.54508416017e-05, -0.000285584887024, -2.40321296587e-05, -0.00102268706542, -0.000577753642574, -0.000512955535669, 7.67986421124e-05, -0.00145997153595, -0.000587132701185, -0.00102073210292, 0.00402640597895, -0.0101014385, 0.0176923889667]]
    },
    "spectral_contrast_coeffs": {
        "mean": [-0.679412662983, -0.742571413517, -0.761078953743, -0.795378088951, -0.788177907467, -0.792127549648],
        "stdev": [0.0886764749885, 0.0722537338734, 0.0624479204416, 0.0466377809644, 0.0423523075879, 0.052523009479]
    },
    "spectral_contrast_valleys": {
        "mean": [-6.77290725708, -6.88729095459, -7.51940107346, -7.9419260025, -7.88080310822, -9.8657989502],
        "stdev": [2.39199280739, 2.1726026535, 2.13699913025, 2.10244655609, 2.15609574318, 2.08026790619]
    }
},
"rhythm": {
    "beats_count": 487,
    "beats_loudness": {
        "mean": 0.055213008076,
        "stdev": 0.0354250669479
    },
    "bpm": 134.950073242,
    "bpm_histogram_first_peak_bpm": 136,
    "bpm_histogram_first_peak_weight": 0.300884962082,
    "bpm_histogram_second_peak_bpm": 129,
    "bpm_histogram_second_peak_spread": 0.476190507412,
    "bpm_histogram_second_peak_weight": 0.0226337444037,
    "danceability": 1.31373417377,
    "onset_rate": 4.79787302017,
    "beats_loudness_band_ratio": {
        "mean": [0.565525889397, 0.145844042301, 0.141052350402, 0.0758469328284, 0.0512362159789, 0.0643955692649],
        "stdev": [0.272011011839, 0.129308134317, 0.137282833457, 0.0899716094136, 0.0564324222505, 0.0505992434919]
    },
    "beats_position": [0.476009070873, 0.952018141747, 1.4164172411, 1.90403628349, 2.38004541397, 2.83283448219, 3.27401351929, 3.7151927948, 4.1679816246, 4.62077093124, 5.06195020676, 5.51473903656, 5.97913837433, 6.45514726639, 6.91954612732, 7.38394546509, 7.84834432602, 8.32435321808, 8.80036258698, 9.26476192474, 9.71755123138, 10.1703395844, 10.6115188599, 11.0526981354, 11.4938774109, 11.9350566864, 12.3762359619, 12.8174142838, 13.2702035904, 13.722992897, 14.1641721725, 14.6053514481, 15.0465307236, 15.4877090454, 15.9288883209, 16.3816776276, 16.8344669342, 17.2756462097, 17.7168254852, 18.1580047607, 18.5991840363, 19.0403633118, 19.4815406799, 19.9343299866, 20.3871192932, 20.8282985687, 21.2694778442, 21.7106571198, 22.1518363953, 22.6046257019, 23.0574150085, 23.4985942841, 23.9397735596, 24.3809528351, 24.8221302032, 25.2633094788, 25.7160987854, 26.168888092, 26.6100673676, 27.0512466431, 27.4924259186, 27.9336051941, 28.3747844696, 28.8159637451, 29.2571430206, 29.7099323273, 30.1627197266, 30.6038990021, 31.0450782776, 31.4862575531, 31.9274368286, 32.3686180115, 32.8214035034, 33.2741928101, 33.7153739929, 34.1565513611, 34.5977325439, 35.0389099121, 35.480091095, 35.9328804016, 36.3856697083, 36.8268470764, 37.2680282593, 37.7092056274, 38.1503829956, 38.5915641785, 39.0443534851, 39.4971427917, 39.9383201599, 40.3795013428, 40.8206787109, 41.2618598938, 41.703037262, 42.1558265686, 42.6086158752, 43.0497932434, 43.4909744263, 43.9321517944, 44.3733329773, 44.8145103455, 45.2672996521, 45.7200889587, 46.1612701416, 46.6024475098, 47.0436286926, 47.4848060608, 47.9259872437, 48.3787727356, 48.8315620422, 49.2727432251, 49.7139205933, 50.1551017761, 50.5962791443, 51.0374603271, 51.4902496338, 51.9430389404, 52.3842163086, 52.8253974915, 53.2665748596, 53.7077522278, 54.1489334106, 54.6017227173, 55.0545120239, 55.4956893921, 55.936870575, 56.3780479431, 56.819229126, 57.2604064941, 57.7131958008, 58.1659851074, 58.6071662903, 59.0483436584, 59.4895210266, 59.9307022095, 60.3718795776, 60.8246688843, 61.2774581909, 61.7186393738, 62.1598167419, 62.6009979248, 63.042175293, 63.4833564758, 63.9361457825, 64.3889312744, 64.8301086426, 65.2712936401, 65.7124710083, 66.1536483765, 66.5948257446, 67.0476150513, 67.5004043579, 67.9415893555, 68.3827667236, 68.8239440918, 69.26512146, 69.7062988281, 70.1474838257, 70.5886611938, 71.029838562, 71.4826278687, 71.9354171753, 72.3765945435, 72.817779541, 73.2705688477, 73.7233581543, 74.1645355225, 74.6057128906, 75.0468902588, 75.488067627, 75.9408569336, 76.3936462402, 76.8348312378, 77.276008606, 77.7171859741, 78.1583633423, 78.5995483398, 79.040725708, 79.4935150146, 79.9463043213, 80.3874816895, 80.8286590576, 81.2698364258, 81.7110214233, 82.1521987915, 82.6049880981, 83.0577774048, 83.4989547729, 83.9401321411, 84.3813171387, 84.8224945068, 85.263671875, 85.7164611816, 86.1692504883, 86.6104278564, 87.0516052246, 87.4927902222, 87.9339675903, 88.3751449585, 88.8163223267, 89.2691116333, 89.7219009399, 90.1630859375, 90.6042633057, 91.0454406738, 91.486618042, 91.9394073486, 92.3921966553, 92.8333740234, 93.274559021, 93.7157363892, 94.1569137573, 94.5980911255, 95.0508804321, 95.5036697388, 95.9448471069, 96.3860321045, 96.8272094727, 97.2683868408, 97.7211761475, 98.1739654541, 98.6151428223, 99.0563278198, 99.497505188, 99.9386825562, 100.379859924, 100.821044922, 101.26222229, 101.703399658, 102.156188965, 102.608978271, 103.05015564, 103.491333008, 103.944122314, 104.40852356, 104.884536743, 105.372154236, 105.859771729, 106.335777283, 106.811790466, 107.276191711, 107.728981018, 108.181770325, 108.622947693, 109.064125061, 109.505302429, 109.946479797, 110.387664795, 110.828842163, 111.270019531, 111.711196899, 112.163986206, 112.616775513, 113.05796051, 113.499137878, 113.940315247, 114.393104553, 114.84589386, 115.310295105, 115.786300659, 116.28553009, 116.784759521, 117.260765076, 117.713554382, 118.166343689, 118.607528687, 119.048706055, 119.489883423, 119.931060791, 120.383850098, 120.836639404, 121.277824402, 121.71900177, 122.160179138, 122.601356506, 123.042533875, 123.495323181, 123.948112488, 124.389297485, 124.830474854, 125.271652222, 125.71282959, 126.154014587, 126.606803894, 127.059593201, 127.500770569, 127.941947937, 128.383132935, 128.824310303, 129.265487671, 129.718276978, 130.171066284, 130.612243652, 131.053421021, 131.494598389, 131.935775757, 132.376953125, 132.829742432, 133.282531738, 133.723709106, 134.164901733, 134.606079102, 135.04725647, 135.488433838, 135.941223145, 136.394012451, 136.835189819, 137.276367188, 137.717544556, 138.158721924, 138.599899292, 139.041091919, 139.493881226, 139.946670532, 140.3878479, 140.829025269, 141.270202637, 141.711380005, 142.152557373, 142.60534668, 143.058135986, 143.499313354, 143.940490723, 144.381668091, 144.822860718, 145.275650024, 145.728439331, 146.169616699, 146.610794067, 147.051971436, 147.493148804, 147.934326172, 148.37550354, 148.828292847, 149.281082153, 149.722259521, 150.16343689, 150.604629517, 151.045806885, 151.498596191, 151.951385498, 152.392562866, 152.833740234, 153.274917603, 153.716094971, 154.157272339, 154.610061646, 155.062850952, 155.50402832, 155.945205688, 156.386398315, 156.827575684, 157.268753052, 157.721542358, 158.174331665, 158.615509033, 159.056686401, 159.49786377, 159.939041138, 160.380218506, 160.833007812, 161.285797119, 161.726974487, 162.168167114, 162.609344482, 163.050521851, 163.491699219, 163.932876587, 164.385665894, 164.8384552, 165.279632568, 165.720809937, 166.161987305, 166.603164673, 167.055953979, 167.497146606, 167.949935913, 168.391113281, 168.832290649, 169.273468018, 169.726257324, 170.179046631, 170.620223999, 171.061401367, 171.502578735, 171.943756104, 172.39654541, 172.849334717, 173.290512085, 173.731704712, 174.17288208, 174.614059448, 175.055236816, 175.496414185, 175.949203491, 176.401992798, 176.843170166, 177.284347534, 177.725524902, 178.166702271, 178.607894897, 179.049072266, 179.501861572, 179.954650879, 180.395828247, 180.837005615, 181.278182983, 181.719360352, 182.16053772, 182.613327026, 183.066116333, 183.507293701, 183.948471069, 184.389663696, 184.830841064, 185.272018433, 185.724807739, 186.177597046, 186.618774414, 187.059951782, 187.50112915, 187.942306519, 188.383483887, 188.836273193, 189.2890625, 189.730239868, 190.171432495, 190.612609863, 191.053787231, 191.4949646, 191.947753906, 192.400543213, 192.841720581, 193.282897949, 193.724075317, 194.165252686, 194.606430054, 195.047622681, 195.500411987, 195.953201294, 196.394378662, 196.83555603, 197.276733398, 197.717910767, 198.170700073, 198.62348938, 199.064666748, 199.505844116, 199.947021484, 200.388198853, 200.829391479, 201.282180786, 201.734954834, 202.176147461, 202.617324829, 203.058502197, 203.499679565, 203.940856934, 204.39364624, 204.846435547, 205.287612915, 205.728790283, 206.169967651, 206.611160278, 207.063934326, 207.516723633, 207.95791626, 208.399093628, 208.840270996, 209.281448364, 209.722625732, 210.175415039, 210.616592407, 211.069381714, 211.533782959, 211.986572266, 212.450973511, 212.892150879, 213.344940186, 213.797729492, 214.296951294, 214.796188354, 215.295410156, 215.794647217, 216.305480957, 216.816329956, 217.327163696, 217.837997437],
    "bpm_histogram": [0, 0, 0, 0, 0, 0, 0, 0, 0, 0, 0, 0, 0, 0, 0, 0, 0, 0, 0, 0, 0, 0, 0, 0, 0, 0, 0, 0, 0, 0, 0, 0, 0, 0, 0, 0, 0, 0, 0, 0, 0, 0, 0, 0, 0, 0, 0, 0, 0, 0, 0, 0, 0, 0, 0, 0, 0, 0, 0, 0, 0, 0, 0, 0, 0, 0, 0, 0, 0, 0, 0, 0, 0, 0, 0, 0, 0, 0, 0, 0, 0, 0, 0, 0, 0, 0, 0, 0, 0, 0, 0, 0, 0, 0, 0, 0, 0, 0, 0, 0, 0, 0, 0, 0, 0, 0, 0, 0, 0, 0, 0, 0, 0, 0, 0, 0, 0, 0.00823045242578, 0, 0, 0.0123456791043, 0, 0, 0.00617283955216, 0, 0, 0.0205761324614, 0, 0, 0.0226337444037, 0, 0, 0, 0.279835402966, 0, 0, 0.650205790997, 0, 0, 0, 0, 0, 0, 0, 0, 0, 0, 0, 0, 0, 0, 0, 0, 0, 0, 0, 0, 0, 0, 0, 0, 0, 0, 0, 0, 0, 0, 0, 0, 0, 0, 0, 0, 0, 0, 0, 0, 0, 0, 0, 0, 0, 0, 0, 0, 0, 0, 0, 0, 0, 0, 0, 0, 0, 0, 0, 0, 0, 0, 0, 0, 0, 0, 0, 0, 0, 0, 0, 0, 0, 0, 0, 0, 0, 0, 0, 0, 0, 0, 0, 0, 0, 0, 0, 0, 0, 0, 0, 0, 0, 0, 0, 0, 0, 0, 0, 0, 0, 0, 0, 0, 0, 0, 0, 0, 0, 0, 0, 0, 0]
},
"tonal": {
    "chords_changes_rate": 0.045270986855,
    "chords_number_rate": 0.00148777896538,
    "chords_strength": {
        "mean": 0.496485710144,
        "stdev": 0.141770884395
    },
    "hpcp_crest": {
        "mean": 14.3077459335,
        "stdev": 6.56078147888
    },
    "hpcp_entropy": {
        "mean": 1.82266747952,
        "stdev": 0.701865375042
    },
    "key_edma": {
        "strength": 0.783508658409,
        "key": "D#",
        "scale": "major"
    },
    "key_krumhansl": {
        "strength": 0.790891230106,
        "key": "D#",
        "scale": "major"
    },
    "key_temperley": {
        "strength": 0.798394024372,
        "key": "D#",
        "scale": "major"
    },
    "tuning_diatonic_strength": 0.580910146236,
    "tuning_equal_tempered_deviation": 0.0128978183493,
    "tuning_frequency": 440.508575439,
    "tuning_nontempered_energy_ratio": 0.631063222885,
    "hpcp": {
        "mean": [0.151582837105, 0.120909281075, 0.194769904017, 0.27597039938, 0.166629433632, 0.0782766491175, 0.0777089446783, 0.0754363685846, 0.183179974556, 0.220267593861, 0.0939260721207, 0.0353052914143, 0.0307393763214, 0.030033448711, 0.0897505804896, 0.14450570941, 0.113831199706, 0.168831795454, 0.219788983464, 0.11838247627, 0.0456233471632, 0.04004541412, 0.0400357618928, 0.111519314349, 0.164594978094, 0.0940227732062, 0.0375166833401, 0.0354745984077, 0.0445171818137, 0.144462674856, 0.209491029382, 0.126284405589, 0.100095190108, 0.137573748827, 0.0891327634454, 0.0956141874194],
        "stdev": [0.307044267654, 0.236665785313, 0.279115408659, 0.35936743021, 0.234677270055, 0.191084489226, 0.201672941446, 0.193319156766, 0.293741703033, 0.347358703613, 0.167176157236, 0.120042912662, 0.114466227591, 0.110489025712, 0.168030291796, 0.240845397115, 0.196750357747, 0.257796645164, 0.311153262854, 0.180095821619, 0.120016485453, 0.121550835669, 0.123754315078, 0.190274894238, 0.268296420574, 0.170370772481, 0.118989758193, 0.116637736559, 0.140498623252, 0.226216375828, 0.302315562963, 0.202689826488, 0.200544312596, 0.295659273863, 0.201817840338, 0.210587054491]
    },
    "chords_histogram": [21.8278427124, 6.8012752533, 20.0850162506, 0.0212539844215, 1.02019131184, 0, 0, 0.510095655918, 4.14452695847, 0.467587679625, 0, 0, 0.552603602409, 0, 0.361317753792, 0.531349599361, 0, 0.552603602409, 0, 0, 0, 0.148777902126, 17.151966095, 25.8235912323],
    "thpcp": [1, 0.603794574738, 0.283641457558, 0.281584352255, 0.273349493742, 0.663766741753, 0.798156619072, 0.340348362923, 0.127931445837, 0.111386500299, 0.108828514814, 0.325218141079, 0.523627579212, 0.412476122379, 0.611775040627, 0.796422302723, 0.428968012333, 0.16531971097, 0.145107641816, 0.145072668791, 0.404098838568, 0.596422553062, 0.340698748827, 0.135944589972, 0.128544941545, 0.161311432719, 0.523471653461, 0.759106874466, 0.45760127902, 0.362702637911, 0.498509079218, 0.322979420424, 0.346465379, 0.549272060394, 0.438124090433, 0.705763757229],
    "chords_key": "C",
    "chords_scale": "minor"
}
}