{
"metadata": {
    "version": {
        "essentia": "2.1-dev",
        "essentia_git_sha": "v2.1_beta3-415-gd5473f3",
        "extractor": "music 2.0"
    },
    "audio_properties": {
        "analysis": {
            "equal_loudness": 0,
            "length": 282.462036133,
            "sample_rate": 44100,
            "start_time": 0,
            "downmix": "mix"
        },
        "bit_rate": 192000,
        "length": 282.462036133,
        "lossless": 0,
        "number_channels": 2,
        "replay_gain": -8.54023551941,
        "sample_rate": 44100,
        "codec": "mp3",
        "md5_encoded": "619a5c11071b955a6a00192d05e2da29"
    },
    "tags": {
        "file_name": "dj_quicksilver-ameno.mp3",
        "album": ["Cultura De Club (CD 2)"],
        "artist": ["Various Artists"],
        "genre": ["Other"],
        "title": ["DJ Quicksilver - Ameno"]
    }
},
"lowlevel": {
    "average_loudness": 0.834023118019,
    "barkbands_crest": {
        "mean": 12.0921583176,
        "stdev": 6.60737895966
    },
    "barkbands_flatness_db": {
        "mean": 0.146789744496,
        "stdev": 0.0914184674621
    },
    "barkbands_kurtosis": {
        "mean": 25.5652809143,
        "stdev": 99.9796600342
    },
    "barkbands_skewness": {
        "mean": 2.68362212181,
        "stdev": 3.87397313118
    },
    "barkbands_spread": {
        "mean": 26.975271225,
        "stdev": 20.0722007751
    },
    "dissonance": {
        "mean": 0.463860571384,
        "stdev": 0.027020515874
    },
    "dynamic_complexity": 2.88904595375,
    "erbbands_crest": {
        "mean": 7.16464185715,
        "stdev": 3.96999359131
    },
    "erbbands_flatness_db": {
        "mean": 0.132144078612,
        "stdev": 0.0507333613932
    },
    "erbbands_kurtosis": {
        "mean": 0.074106939137,
        "stdev": 2.39670228958
    },
    "erbbands_skewness": {
        "mean": 0.267569363117,
        "stdev": 0.817484736443
    },
    "erbbands_spread": {
        "mean": 54.151348114,
        "stdev": 29.449842453
    },
    "hfc": {
        "mean": 29.7270469666,
        "stdev": 30.2613048553
    },
    "loudness_ebu128": {
        "integrated": -13.8695383072,
        "loudness_range": 5.94389533997,
        "momentary": {
            "mean": -14.4715156555,
            "stdev": 2.56660866737
        },
        "short_term": {
            "mean": -14.3295068741,
            "stdev": 2.19400811195
        }
    },
    "melbands_crest": {
        "mean": 17.4607849121,
        "stdev": 8.05769348145
    },
    "melbands_flatness_db": {
        "mean": 0.216080307961,
        "stdev": 0.119366928935
    },
    "melbands_kurtosis": {
        "mean": 69.1710891724,
        "stdev": 192.807144165
    },
    "melbands_skewness": {
        "mean": 4.49381399155,
        "stdev": 4.83656740189
    },
    "melbands_spread": {
        "mean": 25.7576599121,
        "stdev": 23.4260730743
    },
    "pitch_salience": {
        "mean": 0.489042013884,
        "stdev": 0.19336810708
    },
    "silence_rate_20dB": {
        "mean": 1,
        "stdev": 0
    },
    "silence_rate_30dB": {
        "mean": 0.936791062355,
        "stdev": 0.243320912123
    },
    "silence_rate_60dB": {
        "mean": 0.0329607091844,
        "stdev": 0.178562566638
    },
    "spectral_centroid": {
        "mean": 1499.05151367,
        "stdev": 832.963562012
    },
    "spectral_complexity": {
        "mean": 20.4454212189,
        "stdev": 13.4418849945
    },
    "spectral_decrease": {
        "mean": -9.58621448888e-09,
        "stdev": 8.80345130128e-09
    },
    "spectral_energy": {
        "mean": 0.0388769879937,
        "stdev": 0.033867072314
    },
    "spectral_energyband_high": {
        "mean": 0.0020914520137,
        "stdev": 0.00284318579361
    },
    "spectral_energyband_low": {
        "mean": 0.0227007735521,
        "stdev": 0.0324756503105
    },
    "spectral_energyband_middle_high": {
        "mean": 0.00498849945143,
        "stdev": 0.00569744501263
    },
    "spectral_energyband_middle_low": {
        "mean": 0.0104191256687,
        "stdev": 0.014673746191
    },
    "spectral_entropy": {
        "mean": 7.74920558929,
        "stdev": 0.60038381815
    },
    "spectral_flux": {
        "mean": 0.104934617877,
        "stdev": 0.0750758945942
    },
    "spectral_kurtosis": {
        "mean": 4.05625581741,
        "stdev": 4.78228473663
    },
    "spectral_rms": {
        "mean": 0.00558289559558,
        "stdev": 0.00259998929687
    },
    "spectral_rolloff": {
        "mean": 2011.31018066,
        "stdev": 2337.71728516
    },
    "spectral_skewness": {
        "mean": 1.45917093754,
        "stdev": 0.614212810993
    },
    "spectral_spread": {
        "mean": 5838731,
        "stdev": 2498131.5
    },
    "spectral_strongpeak": {
        "mean": 0.638302445412,
        "stdev": 0.736839234829
    },
    "zerocrossingrate": {
        "mean": 0.072003506124,
        "stdev": 0.0542698428035
    },
    "barkbands": {
        "mean": [0.000594925950281, 0.0164982900023, 0.00434661470354, 0.00224531139247, 0.00343202683143, 0.00134638661984, 0.00164963630959, 0.000661907135509, 0.000968643231317, 0.000677254749462, 0.000893459422514, 0.000559263920877, 0.000436921312939, 0.000436088477727, 0.000371548492694, 0.000358396035153, 0.000340349884937, 0.00037960940972, 0.00037656162749, 0.000370102876332, 0.000346646236721, 0.000349665468093, 0.000365917483578, 0.000354540417902, 0.000344199652318, 0.000167192367371, 5.44905105926e-06],
        "stdev": [0.000981435645372, 0.0266065578908, 0.0134014356881, 0.00774162542075, 0.00811284594238, 0.00219365512021, 0.00267106178217, 0.00118664326146, 0.00203170045279, 0.00191374262795, 0.00182818016037, 0.00155204813927, 0.000817244057544, 0.000693964655511, 0.000593916629441, 0.000545026443433, 0.000503640912939, 0.000540698121767, 0.000605993613135, 0.00052221887745, 0.000500227732118, 0.000471658539027, 0.000543365313206, 0.00052774429787, 0.000591423478909, 0.000373798480723, 1.06216039057e-05]
    },
    "erbbands": {
        "mean": [0.563510835171, 3.32343745232, 5.45413303375, 6.62141036987, 9.661860466, 12.0802927017, 9.54827213287, 11.3050537109, 18.6796703339, 26.3488864899, 15.2880821228, 17.6225967407, 22.2610473633, 26.9765357971, 29.3550014496, 23.8908405304, 19.9847183228, 20.5012702942, 18.8684177399, 24.4711151123, 17.1433486938, 21.3604354858, 20.3045291901, 19.7186012268, 19.4211425781, 16.9978427887, 13.8197946548, 13.6033992767, 13.1234369278, 10.6308917999, 10.4964857101, 8.430519104, 5.66011381149, 4.20513486862, 2.12333297729, 0.893796861172, 0.280858188868, 0.035597730428, 0.000811754260212, 7.78697722126e-05],
        "stdev": [0.832698345184, 6.21971893311, 14.4491672516, 20.5539226532, 27.7636127472, 27.2706432343, 13.5780563354, 20.5743770599, 32.5447006226, 50.0175132751, 28.109161377, 34.8522529602, 52.0103721619, 52.3221092224, 55.4395904541, 65.6432495117, 36.8332672119, 31.9729499817, 32.696434021, 37.589756012, 24.8958320618, 32.1538619995, 28.372625351, 28.4712333679, 28.4811573029, 23.8796348572, 20.4614677429, 19.2918148041, 17.6704845428, 15.3212308884, 15.8032779694, 11.9852838516, 9.03964328766, 6.97385406494, 3.92763972282, 1.87157487869, 0.675650656223, 0.0723607987165, 0.00154415622819, 7.86166274338e-05]
    },
    "gfcc": {
        "mean": [7.13469028473, 76.0774993896, -99.9108200073, 35.651058197, -58.3490066528, 21.3025798798, -37.5807228088, 15.3241453171, -22.3707351685, 5.23068761826, -11.5122861862, 4.91546010971, -9.57614421844],
        "cov": [[7901.9921875, -2923.26879883, -538.126647949, -8.64018154144, -854.409179688, 249.177062988, -350.958679199, 154.238052368, -523.56048584, 441.315490723, -445.021118164, 273.454223633, -211.99331665], [-2923.26879883, 3026.35302734, -67.2590484619, -63.787815094, 796.810302734, -325.148406982, 275.962463379, -119.019500732, 347.087432861, -382.608001709, 372.059173584, -237.56993103, 134.429031372], [-538.126647949, -67.2590484619, 1476.66845703, 374.4347229, 161.425872803, 424.030700684, 181.969009399, 118.490036011, 89.1617126465, 119.169708252, -10.0602674484, 74.1052627563, 37.524066925], [-8.64018154144, -63.787815094, 374.4347229, 368.009002686, 162.182525635, 141.373291016, 90.6200180054, 47.5030517578, 52.0231819153, 43.0058479309, 2.4714486599, 1.1585534811, 31.3490753174], [-854.409179688, 796.810302734, 161.425872803, 162.182525635, 558.121032715, 31.8124465942, 161.570770264, 60.8394508362, 153.009048462, -69.4570007324, 129.717849731, -59.067237854, 33.8335952759], [249.177062988, -325.148406982, 424.030700684, 141.373291016, 31.8124465942, 306.443725586, 105.921302795, 107.889122009, 24.6558971405, 108.302467346, 2.5335085392, 64.5912399292, 2.05813336372], [-350.958679199, 275.962463379, 181.969009399, 90.6200180054, 161.570770264, 105.921302795, 206.521133423, 72.8171920776, 92.9063949585, 17.4300174713, 75.3271408081, 14.5427980423, 31.8315525055], [154.238052368, -119.019500732, 118.490036011, 47.5030517578, 60.8394508362, 107.889122009, 72.8171920776, 167.406433105, 61.0961875916, 76.8380889893, 41.1929664612, 36.9180412292, -0.585823655128], [-523.56048584, 347.087432861, 89.1617126465, 52.0231819153, 153.009048462, 24.6558971405, 92.9063949585, 61.0961875916, 160.481445312, 20.4424610138, 90.8177642822, -3.96742510796, 41.3050575256], [441.315490723, -382.608001709, 119.169708252, 43.0058479309, -69.4570007324, 108.302467346, 17.4300174713, 76.8380889893, 20.4424610138, 153.53755188, -0.466113716364, 67.3376846313, 4.55846166611], [-445.021118164, 372.059173584, -10.0602674484, 2.4714486599, 129.717849731, 2.5335085392, 75.3271408081, 41.1929664612, 90.8177642822, -0.466113716364, 140.67666626, 8.40430259705, 33.8863449097], [273.454223633, -237.56993103, 74.1052627563, 1.1585534811, -59.067237854, 64.5912399292, 14.5427980423, 36.9180412292, -3.96742510796, 67.3376846313, 8.40430259705, 93.7190933228, 27.7533016205], [-211.99331665, 134.429031372, 37.524066925, 31.3490753174, 33.8335952759, 2.05813336372, 31.8315525055, -0.585823655128, 41.3050575256, 4.55846166611, 33.8863449097, 27.7533016205, 84.0171661377]],
        "icov": [[0.000302242522594, -0.000171339488588, 0.000308332761051, -0.000354221876478, 0.000111109031423, -0.000264487112872, 0.000243968825089, -0.000426553946454, 0.000774192565586, -0.000776841305196, 0.000754433334805, -0.000803977309261, 0.000520388071891], [-0.000171339488588, 0.00233243219554, -0.000879922648892, 0.00157264561858, -0.00135785981547, 0.00170780392364, -0.00168546952773, 0.00160386972129, -0.00194443750661, 0.00291239959188, -0.00358235579915, 0.00345442979597, -0.00210165278986], [0.000308332761051, -0.000879922648892, 0.00188530632295, -0.00149183953181, 0.000451567932032, -0.00242299912497, 0.000748832768295, -0.000485108146677, 0.000504219089635, -0.00115498527884, 0.00237394263968, -0.00225881068036, 0.00109437666833], [-0.000354221876478, 0.00157264561858, -0.00149183953181, 0.00596810039133, -0.00226944684982, 0.000428768602433, -0.00166227784939, 0.0015533369733, -0.001383127179, 0.000734857574571, -0.00145256600808, 0.00470140436664, -0.00375363160856], [0.000111109031423, -0.00135785981547, 0.000451567932032, -0.00226944684982, 0.00466850213706, -0.000996305258013, -3.45192383975e-05, -0.00180696439929, -0.000428844272392, 0.00062166643329, 0.000220039684791, -0.000695964903571, 0.00156120082829], [-0.000264487112872, 0.00170780392364, -0.00242299912497, 0.000428768602433, -0.000996305258013, 0.0102667864412, -0.00419132597744, -0.000877381127793, 0.000344596861396, -0.000454873283161, -0.00253677787259, 0.000923762505408, -0.000172862753971], [0.000243968825089, -0.00168546952773, 0.000748832768295, -0.00166227784939, -3.45192383975e-05, -0.00419132597744, 0.0108104245737, -0.00238728802651, -0.000825043651275, -0.000530020450242, 0.000869110634085, -0.00339759630151, 0.000808508484624], [-0.000426553946454, 0.00160386972129, -0.000485108146677, 0.0015533369733, -0.00180696439929, -0.000877381127793, -0.00238728802651, 0.0124780712649, -0.00472897756845, -0.000846757320687, -0.0036586637143, 0.000957090582233, 0.0012655047467], [0.000774192565586, -0.00194443750661, 0.000504219089635, -0.001383127179, -0.000428844272392, 0.000344596861396, -0.000825043651275, -0.00472897756845, 0.0182975884527, -0.00800439529121, -0.00141686073039, 0.0013468535617, -0.00263539655134], [-0.000776841305196, 0.00291239959188, -0.00115498527884, 0.000734857574571, 0.00062166643329, -0.000454873283161, -0.000530020450242, -0.000846757320687, -0.00800439529121, 0.0198301840574, -0.00469770748168, -0.00221338286065, -0.000937565346248], [0.000754433334805, -0.00358235579915, 0.00237394263968, -0.00145256600808, 0.000220039684791, -0.00253677787259, 0.000869110634085, -0.0036586637143, -0.00141686073039, -0.00469770748168, 0.0204671081156, -0.00919994432479, 0.0024714358151], [-0.000803977309261, 0.00345442979597, -0.00225881068036, 0.00470140436664, -0.000695964903571, 0.000923762505408, -0.00339759630151, 0.000957090582233, 0.0013468535617, -0.00221338286065, -0.00919994432479, 0.0289392899722, -0.0131405498832], [0.000520388071891, -0.00210165278986, 0.00109437666833, -0.00375363160856, 0.00156120082829, -0.000172862753971, 0.000808508484624, 0.0012655047467, -0.00263539655134, -0.000937565346248, 0.0024714358151, -0.0131405498832, 0.0212583243847]]
    },
    "melbands": {
        "mean": [0.00478399917483, 0.00341898784973, 0.00122739071958, 0.000834556820337, 0.00036804159754, 0.000264242262347, 0.000295775855193, 0.000257231644355, 0.00013126929116, 0.000113645459351, 0.00011488632299, 0.000108595093479, 0.000119253716548, 5.1520375564e-05, 7.51745610614e-05, 3.61039565178e-05, 3.63711151294e-05, 3.01203981508e-05, 3.34449468937e-05, 2.68212897936e-05, 1.86313500308e-05, 2.23793613259e-05, 1.686304131e-05, 1.92317038454e-05, 1.53955770656e-05, 1.5411656932e-05, 1.38993991641e-05, 1.01674240796e-05, 8.48266245157e-06, 8.23706977826e-06, 7.55334167479e-06, 7.50531580707e-06, 6.49126923236e-06, 5.73771058043e-06, 6.00348948865e-06, 6.04875503996e-06, 4.6921509238e-06, 3.843642844e-06, 3.84529221265e-06, 3.48453659171e-06],
        "stdev": [0.00729796430096, 0.00710963644087, 0.0035311167594, 0.00210162810981, 0.000535582017619, 0.000450317718787, 0.00047667810577, 0.000484488817165, 0.000278484483715, 0.000232545164181, 0.000279094005236, 0.000228047865676, 0.000243183414568, 0.000136718561407, 0.000218122673687, 6.51127920719e-05, 5.81788444833e-05, 6.18504200247e-05, 5.44393733435e-05, 4.48297359981e-05, 3.05223948089e-05, 3.53962641384e-05, 2.36013183894e-05, 2.77137060039e-05, 2.31824124057e-05, 2.67584982794e-05, 1.99741534743e-05, 1.50463274622e-05, 1.2914081708e-05, 1.24186462926e-05, 1.08913036456e-05, 1.04184819065e-05, 9.12064570002e-06, 8.81098821992e-06, 9.62240756053e-06, 8.76973717823e-06, 6.76490208207e-06, 6.19413822278e-06, 6.42574332232e-06, 5.88133161727e-06]
    },
    "melbands128": {
        "mean": [0.00057822605595, 0.00448710378259, 0.00679664779454, 0.00499819265679, 0.00317036011256, 0.00192905694712, 0.00135727808811, 0.0010330559453, 0.000943955150433, 0.000981415738352, 0.000724875193555, 0.000402484583901, 0.000288589973934, 0.00035404128721, 0.000222150512855, 0.000239015964326, 0.000317493919283, 0.000263917405391, 0.000305823865347, 0.000372790324036, 0.000176946385182, 9.21957907849e-05, 0.000118852796732, 0.00021062437736, 9.30444148253e-05, 8.50448050187e-05, 0.000144169680425, 7.29975436116e-05, 0.000162000098499, 9.11148454179e-05, 8.51861404954e-05, 0.000149548694026, 0.000166736877873, 5.02622278873e-05, 5.15478895977e-05, 4.90932543471e-05, 4.73157015222e-05, 0.000122592362459, 5.13457416673e-05, 2.19527228182e-05, 3.37299861712e-05, 5.29473654751e-05, 4.19802272518e-05, 1.97079370992e-05, 4.08601990785e-05, 3.46206325048e-05, 1.3312682313e-05, 3.67550128431e-05, 3.60399426427e-05, 3.99654891226e-05, 2.5473345886e-05, 1.52273441927e-05, 2.11687820411e-05, 1.87643636309e-05, 1.47493383338e-05, 2.68147232418e-05, 2.68090425379e-05, 1.21909724839e-05, 1.5331141185e-05, 2.04531697818e-05, 1.90334412764e-05, 2.13722505578e-05, 1.24163689179e-05, 1.45788253576e-05, 1.7582127839e-05, 1.78056943696e-05, 1.2536950635e-05, 1.12339957923e-05, 1.62206288223e-05, 1.40844977068e-05, 1.00881688923e-05, 8.54043264553e-06, 8.07991182228e-06, 8.99751648831e-06, 8.08548156783e-06, 8.08163258625e-06, 8.2091164586e-06, 8.67404014571e-06, 7.4407739703e-06, 6.6649040491e-06, 6.78317928759e-06, 8.85156623553e-06, 6.86111934556e-06, 6.58734506942e-06, 5.85130283071e-06, 4.98618237543e-06, 6.49529692964e-06, 5.54415964871e-06, 6.25943312116e-06, 5.73657462155e-06, 6.5068911681e-06, 5.59931822863e-06, 6.23877622274e-06, 4.63738024337e-06, 4.06089020544e-06, 3.50940604221e-06, 4.08684945796e-06, 3.85025668947e-06, 3.82952157452e-06, 3.78634422304e-06, 3.74620685761e-06, 3.22380310536e-06, 3.59872751687e-06, 2.92918753075e-06, 2.06336108022e-06, 1.99654391508e-06, 2.1541420665e-06, 1.74646925188e-06, 1.34208085001e-06, 1.40428880968e-06, 1.30653222641e-06, 1.06142874756e-06, 8.67571998242e-07, 6.66004495997e-07, 4.70070460779e-07, 3.95580684653e-07, 2.12504502883e-07, 2.92904918098e-08, 7.5175612263e-12, 6.20773441332e-12, 5.99810392327e-12, 5.83292789069e-12, 5.68182220023e-12, 5.56590624284e-12, 5.46947990371e-12, 5.40113049771e-12, 5.3506287942e-12, 5.31157496458e-12],
        "stdev": [0.000954911054578, 0.00674054492265, 0.0118096740916, 0.0108979102224, 0.00852534361184, 0.00625876244158, 0.00463935313746, 0.00360806845129, 0.0030419388786, 0.00282287620939, 0.00181733164936, 0.000741138646845, 0.000482249859488, 0.000607125635725, 0.000476708082715, 0.000673355069011, 0.000711815315299, 0.000527476833668, 0.000687904306687, 0.000870731601026, 0.000369243236491, 0.000271024415269, 0.000309162889607, 0.000612530508079, 0.000253850710578, 0.000249509786954, 0.000522355549037, 0.000192465158761, 0.000585802132264, 0.000281840388197, 0.000239917790168, 0.000372709124349, 0.00043355114758, 0.000100975987152, 0.0001769294322, 0.000171947962372, 0.000296681129839, 0.000397558120312, 0.000127280349261, 5.80147170695e-05, 0.000104353595816, 0.000109936452645, 8.57272971189e-05, 4.57388305222e-05, 9.34944473556e-05, 9.17184152058e-05, 2.95276240649e-05, 7.87200406194e-05, 6.88066356815e-05, 9.73161440925e-05, 5.02769435116e-05, 2.79885498458e-05, 4.4658940169e-05, 3.50398950104e-05, 2.85019286821e-05, 5.24661118106e-05, 5.08991870447e-05, 2.1071296942e-05, 2.90769148705e-05, 4.11507098761e-05, 3.14329881803e-05, 3.92883484892e-05, 2.1822299459e-05, 2.93330776913e-05, 3.29655667883e-05, 3.87906184187e-05, 2.78757452179e-05, 1.75080585905e-05, 2.79233590845e-05, 2.25513194891e-05, 1.76675257535e-05, 1.50974301505e-05, 1.39913436215e-05, 1.51470239871e-05, 1.38055811476e-05, 1.44502928379e-05, 1.31769083964e-05, 1.44713521877e-05, 1.1923179045e-05, 1.04109622043e-05, 1.08470758278e-05, 1.35151367431e-05, 9.64403443504e-06, 1.0491536159e-05, 9.21342052607e-06, 7.78452067607e-06, 1.28984720504e-05, 9.45913416217e-06, 1.20279628391e-05, 9.05903743842e-06, 9.95411483018e-06, 8.99204678717e-06, 9.9540939118e-06, 7.1285849117e-06, 6.29027908872e-06, 5.75035437578e-06, 7.49736409489e-06, 6.75342516843e-06, 6.68520760883e-06, 6.79829008732e-06, 7.22542017684e-06, 5.61101523999e-06, 6.55448047837e-06, 5.81572112424e-06, 3.95473671233e-06, 4.38236611444e-06, 4.61673926111e-06, 3.71176793124e-06, 2.754265779e-06, 3.62559467249e-06, 3.0842322758e-06, 2.52538870882e-06, 2.49534696195e-06, 1.69707391251e-06, 1.06413938283e-06, 8.69950156357e-07, 4.05918314073e-07, 6.64184511834e-08, 1.22527344174e-11, 9.75893758165e-12, 9.44445910367e-12, 9.18814243439e-12, 8.97064193761e-12, 8.79478347787e-12, 8.64616277879e-12, 8.53257135086e-12, 8.45074878131e-12, 8.39796461538e-12]
    },
    "mfcc": {
        "mean": [-640.042724609, 107.691497803, 16.1423377991, 19.6218128204, 7.84053516388, 4.6539683342, 2.85184764862, 7.4923491478, -0.988418340683, 3.27606511116, -0.024695545435, 1.72598278522, 2.38885688782],
        "cov": [[8179.88671875, -2805.85742188, -499.46270752, -474.146026611, -663.429992676, -149.099655151, -149.588989258, -358.838867188, -70.6869277954, -177.456329346, -69.8768997192, -165.540786743, -85.8567123413], [-2805.85742188, 2649.35229492, -332.908355713, 298.770507812, 404.62600708, -62.7422790527, 74.7398300171, 217.133285522, -58.9777793884, 63.3574638367, 110.985534668, 27.0951004028, -19.0638103485], [-499.46270752, -332.908355713, 1210.8717041, 98.7971725464, 108.73966217, 295.915588379, 150.712539673, 88.914024353, 166.853820801, 82.6644210815, -6.32017374039, 94.9878540039, 82.997833252], [-474.146026611, 298.770507812, 98.7971725464, 310.635650635, 202.860580444, 93.8754959106, 78.6308135986, 69.8160858154, 62.2470817566, 50.7343711853, 36.2157173157, 7.75976657867, 15.2967634201], [-663.429992676, 404.62600708, 108.73966217, 202.860580444, 348.079681396, 103.624168396, 102.894073486, 111.338340759, 52.4370803833, 80.5558242798, 66.6352310181, 25.2585411072, 18.8069477081], [-149.099655151, -62.7422790527, 295.915588379, 93.8754959106, 103.624168396, 210.301956177, 109.519088745, 57.9091911316, 83.8104171753, 39.6482620239, 20.7560501099, 46.790473938, 35.2075462341], [-149.588989258, 74.7398300171, 150.712539673, 78.6308135986, 102.894073486, 109.519088745, 160.322067261, 99.9826965332, 58.9238128662, 48.2285003662, 49.3847503662, 42.8456459045, 33.9042472839], [-358.838867188, 217.133285522, 88.914024353, 69.8160858154, 111.338340759, 57.9091911316, 99.9826965332, 148.232925415, 43.9156227112, 67.1623153687, 54.7915649414, 41.1907806396, 30.839799881], [-70.6869277954, -58.9777793884, 166.853820801, 62.2470817566, 52.4370803833, 83.8104171753, 58.9238128662, 43.9156227112, 122.192840576, 43.5378227234, 22.2622642517, 34.6678237915, 36.0106163025], [-177.456329346, 63.3574638367, 82.6644210815, 50.7343711853, 80.5558242798, 39.6482620239, 48.2285003662, 67.1623153687, 43.5378227234, 124.60585022, 62.5649833679, 38.903591156, 32.4391326904], [-69.8768997192, 110.985534668, -6.32017374039, 36.2157173157, 66.6352310181, 20.7560501099, 49.3847503662, 54.7915649414, 22.2622642517, 62.5649833679, 95.59009552, 44.843170166, 23.2561321259], [-165.540786743, 27.0951004028, 94.9878540039, 7.75976657867, 25.2585411072, 46.790473938, 42.8456459045, 41.1907806396, 34.6678237915, 38.903591156, 44.843170166, 88.4396972656, 49.1588935852], [-85.8567123413, -19.0638103485, 82.997833252, 15.2967634201, 18.8069477081, 35.2075462341, 33.9042472839, 30.839799881, 36.0106163025, 32.4391326904, 23.2561321259, 49.1588935852, 80.4907226562]],
        "icov": [[0.00023943677661, 0.000244294089498, 0.000128423445858, 3.70926172764e-05, 0.000165583493072, -3.45413427567e-05, -0.000212281738641, 0.000168605416548, -2.50831308222e-05, 0.000130696571432, -0.00048908975441, 0.000416311668232, 2.06253262149e-05], [0.000244294089498, 0.000850856536999, 0.000253221689491, -0.000352339178789, -0.000364090199582, 0.000361088139471, 1.96140426851e-05, -0.000690538203344, 0.000405770755606, 0.000442087359261, -0.000519328692462, -6.65773986839e-05, 0.000282399967546], [0.000128423445858, 0.000253221689491, 0.00151785649359, 8.09298580862e-05, 1.58407474373e-05, -0.00154165166896, -0.0001224555308, -0.000159146016813, -0.000571197015233, -0.000529496755917, 0.00112840160728, -0.000592009630054, -9.58852979238e-05], [3.70926172764e-05, -0.000352339178789, 8.09298580862e-05, 0.00591003568843, -0.00248419679701, -0.00115832977463, -0.000441593670985, 0.000626415072475, -0.00172221893445, -0.000190528138774, -0.000219593159272, 0.00197006715462, -0.000509858771693], [0.000165583493072, -0.000364090199582, 1.58407474373e-05, -0.00248419679701, 0.00653597479686, -0.00173541507684, -0.000398722768296, -0.001256014104, 0.000421145086875, -0.00118191749789, -0.00192306900863, 0.00162837491371, 0.000276320643025], [-3.45413427567e-05, 0.000361088139471, -0.00154165166896, -0.00115832977463, -0.00173541507684, 0.0120568824932, -0.00551978684962, 0.00169119983912, -0.00252039707266, 0.000413081288571, 0.00190889299847, -0.00312347547151, 0.000984427868389], [-0.000212281738641, 1.96140426851e-05, -0.0001224555308, -0.000441593670985, -0.000398722768296, -0.00551978684962, 0.0162407886237, -0.00817892793566, -0.000598702172283, 0.00218785693869, -0.00344286602922, 0.000336012424668, -0.00103557866532], [0.000168605416548, -0.000690538203344, -0.000159146016813, 0.000626415072475, -0.001256014104, 0.00169119983912, -0.00817892793566, 0.0164206381887, -0.0010260026902, -0.00385626009665, -0.000725245743524, -0.000835046113934, -0.000498624576721], [-2.50831308222e-05, 0.000405770755606, -0.000571197015233, -0.00172221893445, 0.000421145086875, -0.00252039707266, -0.000598702172283, -0.0010260026902, 0.013789861463, -0.00194941298105, 0.000296420941595, -0.000830226053949, -0.0023273921106], [0.000130696571432, 0.000442087359261, -0.000529496755917, -0.000190528138774, -0.00118191749789, 0.000413081288571, 0.00218785693869, -0.00385626009665, -0.00194941298105, 0.0152298910543, -0.00794717576355, 0.000716541602742, -0.00192947441246], [-0.00048908975441, -0.000519328692462, 0.00112840160728, -0.000219593159272, -0.00192306900863, 0.00190889299847, -0.00344286602922, -0.000725245743524, 0.000296420941595, -0.00794717576355, 0.0232981499285, -0.00994183123112, 0.00198651128449], [0.000416311668232, -6.65773986839e-05, -0.000592009630054, 0.00197006715462, 0.00162837491371, -0.00312347547151, 0.000336012424668, -0.000835046113934, -0.000830226053949, 0.000716541602742, -0.00994183123112, 0.0247919168323, -0.0103577440605], [2.06253262149e-05, 0.000282399967546, -9.58852979238e-05, -0.000509858771693, 0.000276320643025, 0.000984427868389, -0.00103557866532, -0.000498624576721, -0.0023273921106, -0.00192947441246, 0.00198651128449, -0.0103577440605, 0.0204113200307]]
    },
    "spectral_contrast_coeffs": {
        "mean": [-0.709248363972, -0.763341784477, -0.769521832466, -0.804424524307, -0.794700145721, -0.787692546844],
        "stdev": [0.0915222093463, 0.06467512995, 0.0628045201302, 0.0474905967712, 0.0512179918587, 0.0348596647382]
    },
    "spectral_contrast_valleys": {
        "mean": [-6.67987775803, -6.78374910355, -7.41949319839, -7.66920280457, -7.58412599564, -9.75493335724],
        "stdev": [0.90261554718, 0.820843756199, 0.868969321251, 0.936164617538, 1.12971889973, 1.47154009342]
    }
},
"rhythm": {
    "beats_count": 626,
    "beats_loudness": {
        "mean": 0.0485386960208,
        "stdev": 0.0266108512878
    },
    "bpm": 140.117446899,
    "bpm_histogram_first_peak_bpm": 140,
    "bpm_histogram_first_peak_weight": 0.182044923306,
    "bpm_histogram_second_peak_bpm": 105,
    "bpm_histogram_second_peak_spread": 0.522123932838,
    "bpm_histogram_second_peak_weight": 0.0864000022411,
    "danceability": 1.47822725773,
    "onset_rate": 4.94544172287,
    "beats_loudness_band_ratio": {
        "mean": [0.458421707153, 0.146196499467, 0.145681843162, 0.109648220241, 0.0713299363852, 0.101602271199],
        "stdev": [0.257932513952, 0.107591964304, 0.101438082755, 0.0922425314784, 0.0805949568748, 0.0857428610325]
    },
    "beats_position": [0.394739210606, 0.824308395386, 1.25387752056, 1.68344664574, 2.11301589012, 2.53097510338, 2.96054410934, 3.39011335373, 3.8196823597, 4.2492518425, 4.67882061005, 5.10838985443, 5.52634906769, 5.9675283432, 6.39709758759, 6.82666635513, 7.24462556839, 7.67419481277, 8.10376358032, 8.53333282471, 8.96290206909, 9.39247131348, 9.82204055786, 10.2516098022, 10.6811790466, 11.0991382599, 11.5287075043, 11.9582767487, 12.387845993, 12.8174142838, 13.2469835281, 13.6765527725, 14.1061220169, 14.5356912613, 14.9536504745, 15.3832197189, 15.8127889633, 16.242357254, 16.6719264984, 17.1014957428, 17.5310649872, 17.9606342316, 18.390203476, 18.8081626892, 19.2493419647, 19.667301178, 20.1084804535, 20.5264396667, 20.9560089111, 21.3855781555, 21.8151473999, 22.2447166443, 22.6742858887, 23.1038551331, 23.5218143463, 23.9513835907, 24.3809528351, 24.8105201721, 25.2400894165, 25.6696586609, 26.0992279053, 26.5287971497, 26.958366394, 27.3879356384, 27.8175048828, 28.2354640961, 28.6650333405, 29.0946025848, 29.5241718292, 29.9537410736, 30.3717002869, 30.8012695312, 31.2308387756, 31.66040802, 32.0899772644, 32.5195465088, 32.9491157532, 33.3670730591, 33.7966423035, 34.2262115479, 34.6557807922, 35.0853500366, 35.514919281, 35.9444885254, 36.3740577698, 36.8036270142, 37.2215881348, 37.6511573792, 38.0807266235, 38.5102958679, 38.9398651123, 39.369430542, 39.7989997864, 40.2285690308, 40.6581382751, 41.0877075195, 41.5172767639, 41.9352378845, 42.3648071289, 42.7943763733, 43.2355537415, 43.6535148621, 44.0830841064, 44.5126533508, 44.9422225952, 45.3717918396, 45.7897491455, 46.2193183899, 46.6488876343, 47.0784568787, 47.508026123, 47.9375953674, 48.3671646118, 48.7967338562, 49.2263031006, 49.6442604065, 50.0738296509, 50.5033988953, 50.9329681396, 51.362537384, 51.7921066284, 52.2216758728, 52.6512451172, 53.0808143616, 53.4987754822, 53.9283447266, 54.3579139709, 54.7874832153, 55.2170524597, 55.6466217041, 56.0761909485, 56.5057601929, 56.9353294373, 57.3648986816, 57.794467926, 58.2124252319, 58.6419944763, 59.0715637207, 59.5011329651, 59.9307022095, 60.3602714539, 60.7898406982, 61.2194099426, 61.648979187, 62.0669364929, 62.4965057373, 62.9260749817, 63.3556442261, 63.7852134705, 64.2147827148, 64.6443557739, 65.0739212036, 65.5034942627, 65.9214477539, 66.351020813, 66.7805862427, 67.2101593018, 67.6397247314, 68.0692977905, 68.4988632202, 68.9168243408, 69.3463897705, 69.7759628296, 70.2171401978, 70.6351013184, 71.064666748, 71.4942398071, 71.9238052368, 72.3533782959, 72.7829437256, 73.2125167847, 73.6304779053, 74.060043335, 74.489616394, 74.9191818237, 75.3487548828, 75.7783203125, 76.2078933716, 76.6374588013, 77.0670318604, 77.4849853516, 77.9145584106, 78.3441238403, 78.7736968994, 79.2032623291, 79.6328353882, 80.0624008179, 80.491973877, 80.9215393066, 81.3511123657, 81.7806777954, 82.198638916, 82.6398162842, 83.0577774048, 83.4873428345, 83.9169158936, 84.3464813232, 84.7760543823, 85.1940155029, 85.6351928711, 86.0531539917, 86.4943313599, 86.9122848511, 87.3418579102, 87.7714233398, 88.2009963989, 88.6305618286, 89.0601348877, 89.4897003174, 89.907661438, 90.3372344971, 90.7667999268, 91.1963729858, 91.6259384155, 92.0555114746, 92.4850769043, 92.9030380249, 93.3442153931, 93.7621765137, 94.1917419434, 94.6213150024, 95.0508804321, 95.4804534912, 95.9100189209, 96.33959198, 96.7575454712, 97.1871185303, 97.61668396, 98.0346450806, 98.4642181396, 98.8937835693, 99.3233566284, 99.7529220581, 100.182495117, 100.612060547, 101.041633606, 101.471199036, 101.889160156, 102.318725586, 102.748298645, 103.177864075, 103.607437134, 104.048614502, 104.501403809, 104.954193115, 105.41859436, 105.894599915, 106.370613098, 106.858230591, 107.36907196, 107.879905701, 108.39074707, 108.936416626, 109.482086182, 110.062583923, 110.643081665, 111.223579407, 111.838912964, 112.46585083, 113.069564819, 113.673286438, 114.288612366, 114.92716217, 115.565711975, 116.169433594, 116.773147583, 117.376869202, 117.968978882, 118.561088562, 119.164802551, 119.780136108, 120.418685913, 121.045623779, 121.672561646, 122.287887573, 122.891609192, 123.495323181, 124.0990448, 124.702766418, 125.294876099, 125.898590088, 126.47908783, 127.059593201, 127.651695251, 128.232192993, 128.812698364, 129.381591797, 129.950469971, 130.519363403, 131.088256836, 131.65713501, 132.226028442, 132.829742432, 133.445083618, 134.02557373, 134.594467163, 135.163360596, 135.73223877, 136.301132202, 136.881637573, 137.462127686, 138.042633057, 138.634735107, 139.226852417, 139.784118652, 140.353012085, 140.921905518, 141.490783691, 142.059677124, 142.628570557, 143.197463989, 143.766342163, 144.335235596, 144.904129028, 145.473007202, 146.041900635, 146.610794067, 147.168075562, 147.736953735, 148.305847168, 148.886352539, 149.455230713, 150.024124146, 150.593017578, 151.161895752, 151.742401123, 152.322906494, 152.903396606, 153.472290039, 154.041183472, 154.621673584, 155.202178955, 155.782669067, 156.363174438, 156.932067871, 157.512557983, 158.081451416, 158.63873291, 159.219223022, 159.799728394, 160.368606567, 160.9375, 161.506393433, 162.086883545, 162.667388916, 163.236282349, 163.805160522, 164.374053955, 164.954559326, 165.535049438, 166.11555481, 166.696044922, 167.264938354, 167.833831787, 168.414321899, 168.983215332, 169.563720703, 170.132598877, 170.713104248, 171.293609619, 171.862487793, 172.431381226, 173.011871338, 173.592376709, 174.161270142, 174.730148315, 175.310653687, 175.891159058, 176.47164917, 177.040542603, 177.609436035, 178.189926147, 178.770431519, 179.350921631, 179.908203125, 180.488708496, 181.069198608, 181.638092041, 182.206985474, 182.787475586, 183.367980957, 183.93687439, 184.505752563, 185.086257935, 185.666748047, 186.235641479, 186.804534912, 187.385025024, 187.965530396, 188.546035767, 188.998809814, 189.451599121, 189.916000366, 190.264297485, 190.600997925, 190.937683105, 191.274368286, 191.611068726, 191.947753906, 192.284439087, 192.621124268, 192.957824707, 193.282897949, 193.607971191, 193.933059692, 194.258132935, 194.571609497, 194.885070801, 195.210159302, 195.535232544, 195.848709106, 196.16217041, 196.487258911, 196.812332153, 197.137405396, 197.462493896, 197.787567139, 198.101043701, 198.414505005, 198.739593506, 199.064666748, 199.38973999, 199.714828491, 200.028289795, 200.341766357, 200.6668396, 200.991928101, 201.317001343, 201.642089844, 201.967163086, 202.28062439, 202.594100952, 202.919174194, 203.244262695, 203.569335938, 203.894424438, 204.207885742, 204.521362305, 204.846435547, 205.171508789, 205.49659729, 205.810058594, 206.123535156, 206.448608398, 206.773696899, 207.098770142, 207.423858643, 207.748931885, 208.074005127, 208.387481689, 208.700942993, 209.026031494, 209.351104736, 209.664581299, 209.978042603, 210.303131104, 210.628204346, 210.953277588, 211.289978027, 211.638275146, 211.986572266, 212.323257446, 212.648345947, 212.973419189, 213.298492432, 213.623580933, 213.948654175, 214.366622925, 214.796188354, 215.225753784, 215.655319214, 216.084899902, 216.514465332, 216.944030762, 217.373596191, 217.80317688, 218.221130371, 218.650695801, 219.08026123, 219.509841919, 219.939407349, 220.35736084, 220.786941528, 221.216506958, 221.646072388, 222.075637817, 222.505218506, 222.934783936, 223.352737427, 223.782302856, 224.211883545, 224.641448975, 225.071014404, 225.500579834, 225.930160522, 226.359725952, 226.789291382, 227.218856812, 227.6484375, 228.066390991, 228.495956421, 228.925521851, 229.355102539, 229.784667969, 230.20262146, 230.632202148, 231.061767578, 231.491333008, 231.920898438, 232.350479126, 232.780044556, 233.209609985, 233.639175415, 234.068756104, 234.498321533, 234.916275024, 235.345840454, 235.775421143, 236.204986572, 236.634552002, 237.064117432, 237.49369812, 237.92326355, 238.352828979, 238.782394409, 239.211975098, 239.629928589, 240.059494019, 240.489059448, 240.918640137, 241.348205566, 241.777770996, 242.207336426, 242.625305176, 243.054870605, 243.484436035, 243.914016724, 244.343582153, 244.773147583, 245.202713013, 245.632278442, 246.061859131, 246.479812622, 246.909378052, 247.33895874, 247.76852417, 248.1980896, 248.627655029, 249.057235718, 249.475189209, 249.904754639, 250.334320068, 250.763900757, 251.193466187, 251.623031616, 252.052597046, 252.482177734, 252.911743164, 253.341308594, 253.770874023, 254.200454712, 254.630020142, 255.047973633, 255.477539062, 255.907119751, 256.336669922, 256.766265869, 257.195831299, 257.625396729, 258.054962158, 258.484527588, 258.902496338, 259.332061768, 259.761627197, 260.191192627, 260.620758057, 261.050323486, 261.479919434, 261.897857666, 262.327423096, 262.756988525, 263.186584473, 263.616149902, 264.045715332, 264.475280762, 264.904846191, 265.334411621, 265.752380371, 266.19354248, 266.61151123, 267.04107666, 267.47064209, 267.90020752, 268.329803467, 268.759368896, 269.188934326, 269.606903076, 270.036468506, 270.466033936, 270.895599365, 271.325164795, 271.754730225, 272.184295654, 272.613861084, 273.043426514, 273.461395264, 273.902587891, 274.320526123, 274.76171875, 275.1796875, 275.597625732, 276.027191162, 276.456787109, 276.886352539, 277.315917969, 277.745483398, 278.175048828, 278.604614258, 279.034179688, 279.463745117, 279.893341064, 280.311279297, 280.740844727, 281.170440674, 281.611602783, 282.029571533],
    "bpm_histogram": [0, 0, 0, 0, 0, 0, 0, 0, 0, 0, 0, 0, 0, 0, 0, 0, 0, 0, 0, 0, 0, 0, 0, 0, 0, 0, 0, 0, 0, 0, 0, 0, 0, 0, 0, 0, 0, 0, 0, 0, 0, 0, 0, 0, 0, 0, 0, 0, 0, 0, 0, 0, 0, 0, 0, 0, 0, 0, 0, 0, 0, 0, 0, 0, 0, 0, 0, 0, 0, 0, 0, 0, 0, 0, 0, 0, 0, 0, 0, 0, 0, 0, 0, 0, 0, 0, 0, 0, 0, 0, 0, 0, 0, 0, 0.00480000022799, 0, 0.00480000022799, 0, 0.00800000037998, 0.019200000912, 0, 0.00960000045598, 0, 0.0784000009298, 0, 0.0864000022411, 0, 0, 0.00639999983832, 0, 0.00319999991916, 0, 0, 0, 0, 0, 0, 0.00480000022799, 0, 0, 0, 0, 0, 0.00159999995958, 0, 0, 0.00319999991916, 0, 0, 0.00319999991916, 0, 0, 0, 0.00639999983832, 0, 0, 0.0223999992013, 0, 0, 0, 0.524800002575, 0, 0, 0, 0.0944000035524, 0, 0, 0, 0, 0, 0, 0, 0, 0, 0, 0, 0, 0, 0, 0, 0, 0, 0, 0, 0, 0, 0, 0, 0, 0, 0, 0, 0.00480000022799, 0, 0, 0, 0, 0, 0.01600000076, 0, 0, 0, 0, 0, 0, 0.0688000023365, 0, 0, 0, 0, 0, 0.0287999995053, 0, 0, 0, 0, 0, 0, 0, 0, 0, 0, 0, 0, 0, 0, 0, 0, 0, 0, 0, 0, 0, 0, 0, 0, 0, 0, 0, 0, 0, 0, 0, 0, 0, 0, 0, 0, 0, 0, 0, 0, 0, 0, 0, 0, 0, 0, 0, 0, 0, 0, 0, 0, 0, 0, 0, 0, 0, 0]
},
"tonal": {
    "chords_changes_rate": 0.0284352395684,
    "chords_number_rate": 0.00115055881906,
    "chords_strength": {
        "mean": 0.657584249973,
        "stdev": 0.103827796876
    },
    "hpcp_crest": {
        "mean": 12.9864215851,
        "stdev": 6.02887678146
    },
    "hpcp_entropy": {
        "mean": 2.079839468,
        "stdev": 0.696047246456
    },
    "key_edma": {
        "strength": 0.643887221813,
        "key": "G#",
        "scale": "minor"
    },
    "key_krumhansl": {
        "strength": 0.65623486042,
        "key": "G#",
        "scale": "minor"
    },
    "key_temperley": {
        "strength": 0.654296815395,
        "key": "G#",
        "scale": "minor"
    },
    "tuning_diatonic_strength": 0.575208008289,
    "tuning_equal_tempered_deviation": 0.455112844706,
    "tuning_frequency": 434.193115234,
    "tuning_nontempered_energy_ratio": 0.984697163105,
    "hpcp": {
        "mean": [0.213280215859, 0.0974314510822, 0.0673601701856, 0.0944384783506, 0.151078820229, 0.128448814154, 0.124260187149, 0.185306981206, 0.141568720341, 0.0733030736446, 0.0623013414443, 0.0468789190054, 0.0522833913565, 0.0806269720197, 0.0702100470662, 0.0416554063559, 0.0386004410684, 0.0509875454009, 0.112871430814, 0.210805863142, 0.175657868385, 0.0807459875941, 0.0868166312575, 0.0863223671913, 0.0610363557935, 0.0584611706436, 0.0677239373326, 0.111426658928, 0.162518456578, 0.129866123199, 0.0692456737161, 0.0513928756118, 0.0672452747822, 0.170718565583, 0.374389082193, 0.399632185698],
        "stdev": [0.295012265444, 0.221686378121, 0.183679252863, 0.190677389503, 0.264117360115, 0.227624624968, 0.211507946253, 0.293479204178, 0.241441696882, 0.15023201704, 0.14389872551, 0.122242890298, 0.128077298403, 0.181276276708, 0.167745217681, 0.114985004067, 0.118553429842, 0.138419091702, 0.192732125521, 0.281808853149, 0.256589561701, 0.15601888299, 0.200213640928, 0.209818929434, 0.154385358095, 0.150801151991, 0.160196587443, 0.212936371565, 0.276479750872, 0.241464331746, 0.163206294179, 0.139021858573, 0.156607791781, 0.250173181295, 0.379972696304, 0.389825195074]
    },
