{
"metadata": {
    "version": {
        "essentia": "2.1-dev",
        "essentia_git_sha": "v2.1_beta3-415-gd5473f3",
        "extractor": "music 2.0"
    },
    "audio_properties": {
        "analysis": {
            "equal_loudness": 0,
            "length": 207.438369751,
            "sample_rate": 44100,
            "start_time": 0,
            "downmix": "mix"
        },
        "bit_rate": 192000,
        "length": 207.438369751,
        "lossless": 0,
        "number_channels": 2,
        "replay_gain": -10.7984218597,
        "sample_rate": 44100,
        "codec": "mp3",
        "md5_encoded": "2abaacd46a317a8620ed9ef99a801540"
    },
    "tags": {
        "file_name": "eve-the_only_way_is_up.mp3"
    }
},
"lowlevel": {
    "average_loudness": 0.969940304756,
    "barkbands_crest": {
        "mean": 11.8242111206,
        "stdev": 5.75886726379
    },
    "barkbands_flatness_db": {
        "mean": 0.149811029434,
        "stdev": 0.0690196231008
    },
    "barkbands_kurtosis": {
        "mean": 12.0245447159,
        "stdev": 68.7612915039
    },
    "barkbands_skewness": {
        "mean": 1.81290411949,
        "stdev": 2.67617273331
    },
    "barkbands_spread": {
        "mean": 27.8416290283,
        "stdev": 15.459939003
    },
    "dissonance": {
        "mean": 0.468011975288,
        "stdev": 0.0247830916196
    },
    "dynamic_complexity": 2.49868607521,
    "erbbands_crest": {
        "mean": 9.80961799622,
        "stdev": 5.06898212433
    },
    "erbbands_flatness_db": {
        "mean": 0.14712536335,
        "stdev": 0.0545643419027
    },
    "erbbands_kurtosis": {
        "mean": 0.44003584981,
        "stdev": 2.10498380661
    },
    "erbbands_skewness": {
        "mean": 0.321096748114,
        "stdev": 0.762265324593
    },
    "erbbands_spread": {
        "mean": 43.0987663269,
        "stdev": 19.8970165253
    },
    "hfc": {
        "mean": 28.6184635162,
        "stdev": 21.8131217957
    },
    "loudness_ebu128": {
        "integrated": -12.2753400803,
        "loudness_range": 2.57353591919,
        "momentary": {
            "mean": -14.7602128983,
            "stdev": 21.9172725677
        },
        "short_term": {
            "mean": -12.7498416901,
            "stdev": 3.33201241493
        }
    },
    "melbands_crest": {
        "mean": 16.3268451691,
        "stdev": 7.17139482498
    },
    "melbands_flatness_db": {
        "mean": 0.181744918227,
        "stdev": 0.090928144753
    },
    "melbands_kurtosis": {
        "mean": 26.5007381439,
        "stdev": 71.7671051025
    },
    "melbands_skewness": {
        "mean": 3.10866928101,
        "stdev": 2.87110877037
    },
    "melbands_spread": {
        "mean": 29.761800766,
        "stdev": 22.5938587189
    },
    "pitch_salience": {
        "mean": 0.493627160788,
        "stdev": 0.177519023418
    },
    "silence_rate_20dB": {
        "mean": 1,
        "stdev": 0
    },
    "silence_rate_30dB": {
        "mean": 0.997090101242,
        "stdev": 0.0538591071963
    },
    "silence_rate_60dB": {
        "mean": 0.0438724122941,
        "stdev": 0.204808533192
    },
    "spectral_centroid": {
        "mean": 1764.66760254,
        "stdev": 1110.99169922
    },
    "spectral_complexity": {
        "mean": 17.9043083191,
        "stdev": 9.68167591095
    },
    "spectral_decrease": {
        "mean": -8.12150169338e-09,
        "stdev": 7.16279036084e-09
    },
    "spectral_energy": {
        "mean": 0.0332481637597,
        "stdev": 0.0277475304902
    },
    "spectral_energyband_high": {
        "mean": 0.00164539157413,
        "stdev": 0.00164352613501
    },
    "spectral_energyband_low": {
        "mean": 0.0167991723865,
        "stdev": 0.0252712424845
    },
    "spectral_energyband_middle_high": {
        "mean": 0.00659226160496,
        "stdev": 0.00647944677621
    },
    "spectral_energyband_middle_low": {
        "mean": 0.00954031385481,
        "stdev": 0.0127613563091
    },
    "spectral_entropy": {
        "mean": 7.81449794769,
        "stdev": 0.505526542664
    },
    "spectral_flux": {
        "mean": 0.115702651441,
        "stdev": 0.07416652143
    },
    "spectral_kurtosis": {
        "mean": 3.11666178703,
        "stdev": 3.52337622643
    },
    "spectral_rms": {
        "mean": 0.0051642707549,
        "stdev": 0.00240156333894
    },
    "spectral_rolloff": {
        "mean": 2222.68115234,
        "stdev": 2472.9831543
    },
    "spectral_skewness": {
        "mean": 1.38475430012,
        "stdev": 0.433028608561
    },
    "spectral_spread": {
        "mean": 6201608.5,
        "stdev": 3555483.25
    },
    "spectral_strongpeak": {
        "mean": 1.16055607796,
        "stdev": 1.52864170074
    },
    "zerocrossingrate": {
        "mean": 0.0875812619925,
        "stdev": 0.0617100819945
    },
    "barkbands": {
        "mean": [0.000173489883309, 0.0110520087183, 0.00431363331154, 0.00203189672902, 0.00267028412782, 0.00174465146847, 0.00104687351268, 0.00101245136466, 0.000911312177777, 0.000444656558102, 0.000884158420376, 0.000936993630603, 0.000535463273991, 0.000975453294814, 0.00093697430566, 0.000516594736837, 0.000373504997697, 0.000356060918421, 0.000421421864303, 0.000450960564194, 0.000326601671986, 0.000237494314206, 0.000232654245337, 0.000276203762041, 0.000228522942052, 0.000157822665642, 1.39374167762e-09],
        "stdev": [0.000228500095545, 0.0183657184243, 0.0113054960966, 0.00686991913244, 0.00808444805443, 0.00276883738115, 0.00184839079157, 0.00222058268264, 0.001576280687, 0.00110877444968, 0.00198393664323, 0.0019773945678, 0.00106460880488, 0.00179861404467, 0.00198096386157, 0.0012825045269, 0.00127994141076, 0.000722083030269, 0.000828545889817, 0.000717000046279, 0.000420779513661, 0.000297020334983, 0.000279902480543, 0.000315303128446, 0.000306259840727, 0.000243895585299, 2.18133222596e-09]
    },
    "erbbands": {
        "mean": [0.271836400032, 2.61336660385, 5.25248908997, 6.58289909363, 7.8807516098, 9.20566654205, 6.85652923584, 17.7747974396, 12.5215320587, 23.2188816071, 22.8410644531, 16.528503418, 19.2893772125, 21.9073085785, 36.6951370239, 33.5762329102, 24.8924369812, 45.2909965515, 42.3714866638, 48.4402160645, 29.6272182465, 23.6059551239, 18.3420085907, 20.2776908875, 22.6213283539, 22.1378269196, 16.2125740051, 9.9130821228, 8.74425697327, 7.23507022858, 6.61509752274, 6.19660997391, 4.27811527252, 2.55776000023, 1.66553664207, 0.848364472389, 0.274507671595, 0.0172820780426, 0.000368793233065, 6.13647207501e-05],
        "stdev": [0.424297720194, 4.7223110199, 12.6234483719, 20.7477798462, 22.2753486633, 26.9450073242, 14.6071367264, 30.0906944275, 18.0712566376, 43.5278320312, 45.731880188, 27.7707920074, 37.9695358276, 41.8062896729, 73.421005249, 68.8239364624, 43.531414032, 76.1396102905, 91.3760986328, 111.561767578, 70.80493927, 76.7066268921, 37.2262649536, 39.4390068054, 37.8837471008, 34.1439857483, 23.6722679138, 11.2942037582, 11.1655063629, 8.1094789505, 8.15104007721, 8.02055263519, 4.77732515335, 3.1782681942, 2.42712283134, 1.30845153332, 0.450281023979, 0.0240705665201, 0.000495638349093, 4.77557368868e-05]
    },
    "gfcc": {
        "mean": [2.14960217476, 49.9697875977, -119.697998047, 28.0381011963, -61.5151023865, 25.5968780518, -38.8582115173, 14.9407224655, -23.9163970947, 16.161190033, -12.7991399765, 2.5607509613, -11.96854496],
        "cov": [[20530.7851562, -607.963928223, -600.292480469, 973.096618652, -499.856048584, 618.459655762, -816.105163574, 393.918945312, -603.694213867, 420.02041626, -565.215820312, 49.3384857178, -456.326324463], [-607.963928223, 1467.50537109, 418.177154541, 333.614562988, 246.492385864, 121.746589661, 285.500823975, -30.6861248016, 203.345413208, -124.749778748, 179.225784302, -68.9192581177, 130.500976562], [-600.292480469, 418.177154541, 1467.92443848, 576.083435059, 435.426300049, 340.610656738, 183.420959473, 70.4194641113, 125.969230652, 7.68928670883, -89.9363937378, 25.1376247406, -96.177192688], [973.096618652, 333.614562988, 576.083435059, 649.904174805, 347.094116211, 286.869720459, 163.395767212, 117.239509583, 120.736564636, 25.9981842041, 44.9882278442, -2.91495847702, -4.21056079865], [-499.856048584, 246.492385864, 435.426300049, 347.094116211, 518.993286133, 273.556121826, 277.42364502, 154.752380371, 134.104034424, 26.364233017, 5.56416749954, -35.2967758179, -7.3978304863], [618.459655762, 121.746589661, 340.610656738, 286.869720459, 273.556121826, 381.562744141, 240.581741333, 144.290313721, 90.1750411987, 89.505607605, 17.6150150299, 7.59104347229, -14.8118915558], [-816.105163574, 285.500823975, 183.420959473, 163.395767212, 277.42364502, 240.581741333, 434.467468262, 130.472061157, 145.919052124, 70.2956619263, 114.707923889, -19.6508483887, 50.4678573608], [393.918945312, -30.6861248016, 70.4194641113, 117.239509583, 154.752380371, 144.290313721, 130.472061157, 229.931396484, 136.827301025, 91.7851486206, 25.5970077515, 30.027633667, -0.861803591251], [-603.694213867, 203.345413208, 125.969230652, 120.736564636, 134.104034424, 90.1750411987, 145.919052124, 136.827301025, 291.074737549, 113.311698914, 108.437667847, 48.0008125305, 63.4478034973], [420.02041626, -124.749778748, 7.68928670883, 25.9981842041, 26.364233017, 89.505607605, 70.2956619263, 91.7851486206, 113.311698914, 225.313018799, 90.1901855469, 58.4314994812, 0.293508082628], [-565.215820312, 179.225784302, -89.9363937378, 44.9882278442, 5.56416749954, 17.6150150299, 114.707923889, 25.5970077515, 108.437667847, 90.1901855469, 266.722015381, 58.4744720459, 101.572151184], [49.3384857178, -68.9192581177, 25.1376247406, -2.91495847702, -35.2967758179, 7.59104347229, -19.6508483887, 30.027633667, 48.0008125305, 58.4314994812, 58.4744720459, 138.225463867, 56.5314064026], [-456.326324463, 130.500976562, -96.177192688, -4.21056079865, -7.3978304863, -14.8118915558, 50.4678573608, -0.861803591251, 63.4478034973, 0.293508082628, 101.572151184, 56.5314064026, 150.683532715]],
        "icov": [[0.000223880822887, -0.000354102667188, 0.000414793146774, -0.00078484340338, 0.000539336877409, -0.000476511428133, 0.000509898352902, -0.000719949137419, 0.000928997062147, -0.000986765138805, 0.00079033721704, -0.000284178328002, 0.000216851651203], [-0.000354102667188, 0.00194454751909, -0.000954867573455, 0.000966337858699, -0.000713802699465, 0.000617424433585, -0.00122296100017, 0.00188523309771, -0.00258809537627, 0.00288197654299, -0.00210753153078, 0.0014424729161, -0.000929267087486], [0.000414793146774, -0.000954867573455, 0.00232999981381, -0.00233368971385, 0.000423868303187, -0.00120860780589, 0.000723563251086, -0.000266752234893, 0.00118818483315, -0.00177275249735, 0.00236021936871, -0.00220087333582, 0.00190110190306], [-0.00078484340338, 0.000966337858699, -0.00233368971385, 0.00650541856885, -0.00313287088647, -0.000159017610713, -0.000268812465947, 0.00182771950494, -0.00326482928358, 0.00394923612475, -0.00416505057365, 0.00176404160447, -0.0010776410345], [0.000539336877409, -0.000713802699465, 0.000423868303187, -0.00313287088647, 0.00641350261867, -0.00185648305342, -0.000619659083895, -0.00304768234491, 0.00166394212283, -0.00164719112217, 0.00254360260442, 0.000618308549747, 0.000113032729132], [-0.000476511428133, 0.000617424433585, -0.00120860780589, -0.000159017610713, -0.00185648305342, 0.00837643910199, -0.00395566271618, -0.000108141379314, -0.000229525845498, -0.000232150065131, -0.000240951674641, -0.000377767282771, -0.000295924255624], [0.000509898352902, -0.00122296100017, 0.000723563251086, -0.000268812465947, -0.000619659083895, -0.00395566271618, 0.00730665773153, -0.00268148072064, 0.00180588348303, -0.00236392114311, -0.000350590620656, 0.00166821992025, -0.00096947059501], [-0.000719949137419, 0.00188523309771, -0.000266752234893, 0.00182771950494, -0.00304768234491, -0.000108141379314, -0.00268148072064, 0.0118895079941, -0.00693114567548, 0.0029693224933, -0.00151110603474, -0.00117009726819, 0.00124392285943], [0.000928997062147, -0.00258809537627, 0.00118818483315, -0.00326482928358, 0.00166394212283, -0.000229525845498, 0.00180588348303, -0.00693114567548, 0.0120256152004, -0.00758737092838, 0.0030620470643, -0.00137357925996, -0.00146093242802], [-0.000986765138805, 0.00288197654299, -0.00177275249735, 0.00394923612475, -0.00164719112217, -0.000232150065131, -0.00236392114311, 0.0029693224933, -0.00758737092838, 0.013973031193, -0.00687990617007, -0.000443597964477, 0.00217120023444], [0.00079033721704, -0.00210753153078, 0.00236021936871, -0.00416505057365, 0.00254360260442, -0.000240951674641, -0.000350590620656, -0.00151110603474, 0.0030620470643, -0.00687990617007, 0.0110024567693, -0.00300389877521, -0.00174671574496], [-0.000284178328002, 0.0014424729161, -0.00220087333582, 0.00176404160447, 0.000618308549747, -0.000377767282771, 0.00166821992025, -0.00117009726819, -0.00137357925996, -0.000443597964477, -0.00300389877521, 0.0138018671423, -0.00661144126207], [0.000216851651203, -0.000929267087486, 0.00190110190306, -0.0010776410345, 0.000113032729132, -0.000295924255624, -0.00096947059501, 0.00124392285943, -0.00146093242802, 0.00217120023444, -0.00174671574496, -0.00661144126207, 0.0138582503423]]
    },
    "melbands": {
        "mean": [0.00281297042966, 0.00311888568103, 0.00116360315587, 0.000651503331028, 0.000261526409304, 0.000374574621674, 0.000208260084037, 0.000256813596934, 0.000174996966962, 0.000109692417027, 9.62079720921e-05, 8.21163921501e-05, 0.000132277200464, 0.00010319485591, 7.18532173778e-05, 6.12914227531e-05, 8.38018459035e-05, 6.66297710268e-05, 7.6367337897e-05, 4.14586611441e-05, 3.29166214215e-05, 2.59433090832e-05, 1.53006294568e-05, 1.75597342604e-05, 1.57612266776e-05, 1.82443163794e-05, 1.64821904036e-05, 1.32986597237e-05, 1.14315344035e-05, 6.68185066388e-06, 5.17513399245e-06, 4.72433112009e-06, 4.66729579784e-06, 3.87053933082e-06, 3.8727748688e-06, 3.67168195226e-06, 3.78356367037e-06, 3.27525776811e-06, 2.20231027015e-06, 2.17138813241e-06],
        "stdev": [0.00445700017735, 0.00615495769307, 0.00326954713091, 0.00198889151216, 0.000582641339861, 0.000616508419625, 0.000278216029983, 0.000460502313217, 0.000336963887094, 0.000189540820429, 0.000195319822524, 0.000167606805917, 0.000289119023364, 0.000241673886194, 0.000185032084119, 0.00011803797679, 0.000143758952618, 0.000175842214958, 0.000166042125784, 0.000107049767394, 9.40997997532e-05, 0.00010494417802, 3.6210170947e-05, 3.73344519176e-05, 3.51565686287e-05, 3.96753966925e-05, 3.18596685247e-05, 2.03162326216e-05, 1.92081388377e-05, 8.70161238709e-06, 6.36754430161e-06, 5.99472787144e-06, 6.16626221017e-06, 4.39170435129e-06, 4.84806741952e-06, 5.1316706049e-06, 4.71127214041e-06, 3.80500682695e-06, 2.44660168391e-06, 2.998002401e-06]
    },
    "melbands128": {
        "mean": [0.000163153963513, 0.00175556400791, 0.00418036570773, 0.0043958351016, 0.00304435379803, 0.00200183177367, 0.00140464259312, 0.000868897361215, 0.000776639091782, 0.00075929844752, 0.000581363623496, 0.000280847714748, 0.000205945078051, 0.000195905100554, 0.000401627999963, 0.000530952762347, 0.000202795388759, 0.00012342123955, 0.000207318604225, 0.00031510865665, 0.000189896221855, 0.000267587485723, 0.000138860486913, 0.000151927830302, 7.60375551181e-05, 0.000102016048913, 0.000170545856236, 6.72240785207e-05, 7.60184630053e-05, 5.74203586439e-05, 7.31907275622e-05, 0.000148709543282, 0.000176461457158, 6.01207539148e-05, 0.000146479811519, 9.87929015537e-05, 6.43548264634e-05, 0.000103993217635, 4.69280348625e-05, 3.3465501474e-05, 4.18393356085e-05, 0.000131993787363, 9.12988034543e-05, 4.57776150142e-05, 9.29944435484e-05, 6.55540425214e-05, 4.05292557843e-05, 9.13049225346e-05, 8.05985255283e-05, 7.74379441282e-05, 2.03557210625e-05, 2.36869200307e-05, 5.14171333634e-05, 2.55517534242e-05, 1.77187230292e-05, 3.7842997699e-05, 1.92984589376e-05, 1.3284618035e-05, 1.5893510863e-05, 1.54473727889e-05, 1.72862710315e-05, 2.02343653655e-05, 1.45721332956e-05, 1.15164975796e-05, 2.21522568609e-05, 2.19045414269e-05, 1.22800247482e-05, 1.55215857376e-05, 1.55148391059e-05, 2.16473999899e-05, 1.43451070471e-05, 8.40407756186e-06, 1.01761170299e-05, 1.58485036081e-05, 7.30936653781e-06, 5.89762203163e-06, 6.94732398188e-06, 6.34696016277e-06, 4.42844930149e-06, 4.8481297199e-06, 3.69485042029e-06, 4.69128281111e-06, 6.92756020726e-06, 3.80139954359e-06, 4.18421450377e-06, 3.44714135281e-06, 4.15941894971e-06, 3.89287970393e-06, 4.2051433411e-06, 3.3756598441e-06, 3.67293819181e-06, 3.39348730449e-06, 4.125079613e-06, 3.96625046051e-06, 3.51888752448e-06, 3.72525619241e-06, 3.31488945449e-06, 2.4625419428e-06, 2.28422345572e-06, 2.01943817046e-06, 1.85676708497e-06, 2.25029384637e-06, 2.52002587331e-06, 2.12540953726e-06, 1.8983382688e-06, 1.55514749167e-06, 1.69690326857e-06, 1.6013335653e-06, 1.71370845692e-06, 1.22911137623e-06, 9.80779873316e-07, 1.05833407815e-06, 1.08541007648e-06, 5.70087593132e-07, 4.06195511005e-07, 5.99858225314e-08, 1.69546755108e-11, 6.50899473209e-12, 6.22809312803e-12, 5.99516486802e-12, 5.81383942724e-12, 5.66324981702e-12, 5.52612122728e-12, 5.41659729222e-12, 5.32595061803e-12, 5.25962736905e-12, 5.21131835601e-12, 5.17528207788e-12],
        "stdev": [0.000223729512072, 0.0029217468109, 0.0073948004283, 0.0088688954711, 0.00772140268236, 0.00541791180149, 0.00491985445842, 0.00270622549579, 0.00245954492129, 0.00276946322992, 0.00172980199568, 0.000723017437849, 0.00050657853717, 0.00045556598343, 0.000702483055647, 0.00105575216003, 0.000400406075642, 0.00028924952494, 0.000396486750105, 0.000804129056633, 0.000420397409471, 0.000815724721178, 0.000313844066113, 0.000409532367485, 0.000233795552049, 0.00024406441662, 0.000444331089966, 0.000202542636544, 0.000270289165201, 0.000196475113626, 0.00023035176855, 0.000361080921721, 0.00051740417257, 0.000241731162532, 0.000455096829683, 0.0003120219626, 0.000254109763773, 0.000344035041053, 0.000160689436598, 0.000108899839688, 0.000145558995428, 0.000331387884216, 0.000219099994865, 0.000116887887998, 0.000319269660395, 0.000260560831521, 0.000176011220901, 0.000267712312052, 0.000246984534897, 0.000296991696814, 9.47613225435e-05, 8.87502465048e-05, 0.000181896844879, 0.000110323664558, 0.000106183782918, 0.000216453219764, 6.48506684229e-05, 5.55525220989e-05, 5.38279746252e-05, 5.31037912879e-05, 5.13882550877e-05, 6.36103068246e-05, 4.57374444522e-05, 4.64780459879e-05, 8.59781939653e-05, 6.87598803779e-05, 4.12381414208e-05, 3.78074582841e-05, 5.25896866748e-05, 6.01156098128e-05, 2.84329016722e-05, 1.84289565368e-05, 2.15676391235e-05, 3.68850705854e-05, 1.62832129718e-05, 1.17304580272e-05, 1.04570881376e-05, 9.64016089711e-06, 6.32367255093e-06, 8.80830248207e-06, 4.78505580759e-06, 6.17896603217e-06, 1.5070313566e-05, 4.69714814244e-06, 5.59483987672e-06, 4.23832489105e-06, 5.37901996722e-06, 5.15763213116e-06, 5.91846355746e-06, 4.60620185549e-06, 5.36924108019e-06, 5.11967618877e-06, 7.18907631381e-06, 5.27000747752e-06, 4.49674644187e-06, 4.47456750408e-06, 4.29161900684e-06, 3.03682304548e-06, 2.72878287433e-06, 2.5547678888e-06, 2.28425142268e-06, 3.53291488864e-06, 4.2680644583e-06, 3.357738251e-06, 3.14080307362e-06, 2.77803133031e-06, 3.03341062136e-06, 3.01157979266e-06, 3.17342278322e-06, 1.72482168637e-06, 1.47949629081e-06, 1.90046705484e-06, 2.419636985e-06, 7.75536420861e-07, 5.71948362449e-07, 1.10999721414e-07, 5.63258745201e-11, 1.02574780267e-11, 9.88148451952e-12, 9.55632014493e-12, 9.28960554314e-12, 9.06210002871e-12, 8.86202743133e-12, 8.69752013466e-12, 8.55769708569e-12, 8.45092225366e-12, 8.37360649569e-12, 8.32302542858e-12]
    },
    "mfcc": {
        "mean": [-633.531677246, 82.4585647583, -0.709444046021, 8.8345451355, 1.84198570251, 7.34316253662, 3.07112979889, -2.05229783058, -1.28478968143, 8.24274253845, 1.75337040424, 3.99210786819, 3.90248060226],
        "cov": [[8340.52441406, -98.3901672363, 237.550872803, 269.275848389, 371.795349121, 127.958389282, 48.7331047058, -39.6562957764, 46.4825668335, 76.4235305786, -32.5149879456, -29.4767990112, -75.0374450684], [-98.3901672363, 983.127685547, 308.161743164, 214.320663452, 116.09336853, 166.311843872, 108.93523407, 114.489349365, 68.1638336182, 77.3829269409, 38.3352584839, 17.5072879791, 30.9547557831], [237.550872803, 308.161743164, 953.223999023, 362.585571289, 324.472198486, 317.543457031, 98.3151092529, 172.995925903, 115.782211304, 31.4863967896, 108.478652954, 42.3489494324, -2.65221166611], [269.275848389, 214.320663452, 362.585571289, 426.557098389, 277.987487793, 202.756393433, 151.096420288, 151.100463867, 112.660736084, 85.2932815552, 69.3576202393, 68.5025405884, 34.6848754883], [371.795349121, 116.09336853, 324.472198486, 277.987487793, 388.215759277, 180.234817505, 105.155258179, 158.683135986, 132.186691284, 82.1430358887, 72.1300354004, 53.5467033386, 16.4348163605], [127.958389282, 166.311843872, 317.543457031, 202.756393433, 180.234817505, 350.898773193, 207.751602173, 148.76335144, 148.613143921, 103.938446045, 109.268310547, 44.0223312378, 58.5587272644], [48.7331047058, 108.93523407, 98.3151092529, 151.096420288, 105.155258179, 207.751602173, 337.256896973, 143.673126221, 91.1552810669, 132.274505615, 45.8916549683, 56.6982383728, 68.4067764282], [-39.6562957764, 114.489349365, 172.995925903, 151.100463867, 158.683135986, 148.76335144, 143.673126221, 230.601898193, 155.104949951, 82.4476013184, 73.7141036987, 42.7100448608, 31.9959468842], [46.4825668335, 68.1638336182, 115.782211304, 112.660736084, 132.186691284, 148.613143921, 91.1552810669, 155.104949951, 235.360534668, 115.54863739, 101.691078186, 50.4424514771, 44.0145454407], [76.4235305786, 77.3829269409, 31.4863967896, 85.2932815552, 82.1430358887, 103.938446045, 132.274505615, 82.4476013184, 115.54863739, 202.035568237, 100.247146606, 74.2315063477, 70.9989089966], [-32.5149879456, 38.3352584839, 108.478652954, 69.3576202393, 72.1300354004, 109.268310547, 45.8916549683, 73.7141036987, 101.691078186, 100.247146606, 177.135559082, 107.037109375, 66.6680831909], [-29.4767990112, 17.5072879791, 42.3489494324, 68.5025405884, 53.5467033386, 44.0223312378, 56.6982383728, 42.7100448608, 50.4424514771, 74.2315063477, 107.037109375, 166.499404907, 100.576820374], [-75.0374450684, 30.9547557831, -2.65221166611, 34.6848754883, 16.4348163605, 58.5587272644, 68.4067764282, 31.9959468842, 44.0145454407, 70.9989089966, 66.6680831909, 100.576820374, 153.526779175]],
        "icov": [[0.000131564054755, 2.75860547845e-05, 3.00504234474e-06, -3.78850818379e-05, -0.000154706052854, -3.56308046321e-05, -2.41113070842e-06, 0.000177545371116, -3.22553423757e-05, -8.1543912529e-05, 7.9848607129e-05, -2.56503710716e-07, 7.40278919693e-05], [2.75860547845e-05, 0.00124887621496, -0.000266029586783, -0.000477973313536, 0.000338007812388, -0.000265557522653, 0.000212992017623, -0.000396849412937, 0.000268352217972, -0.000549525662791, 0.000332215742674, 0.000179456765181, -0.000166653393535], [3.00504234474e-06, -0.000266029586783, 0.00225102598779, -0.000892039795872, -0.000646593922284, -0.00178318435792, 0.000890075170901, -0.000532219477464, 0.000722567609046, 0.000635859381873, -0.000487302080728, -0.000226709380513, 0.000618137128185], [-3.78850818379e-05, -0.000477973313536, -0.000892039795872, 0.00576534215361, -0.00260187289678, -0.000447659083875, -0.000811095349491, -0.000321520928992, 5.06928154209e-05, -0.000193813728401, 0.000940913334489, -0.00149146863259, 0.000281200133031], [-0.000154706052854, 0.000338007812388, -0.000646593922284, -0.00260187289678, 0.00623070355505, -0.000832236139104, 0.00107538606972, -0.00201241183095, -0.00042389013106, -0.00102482701186, 0.000959951081313, -0.00101885304321, 0.000869635958225], [-3.56308046321e-05, -0.000265557522653, -0.00178318435792, -0.000447659083875, -0.000832236139104, 0.00958366226405, -0.00509102223441, 0.00162102689501, -0.00288693537004, 0.00191061210353, -0.00465705804527, 0.00407692976296, -0.00223376532085], [-2.41113070842e-06, 0.000212992017623, 0.000890075170901, -0.000811095349491, 0.00107538606972, -0.00509102223441, 0.00830300338566, -0.00413007382303, 0.0027755103074, -0.00428059604019, 0.00423965184018, -0.00236020702869, 3.13999807986e-05], [0.000177545371116, -0.000396849412937, -0.000532219477464, -0.000321520928992, -0.00201241183095, 0.00162102689501, -0.00413007382303, 0.0117828492075, -0.00607977062464, 0.00216044345871, -0.00174997490831, 0.000851689255796, 0.000157846865477], [-3.22553423757e-05, 0.000268352217972, 0.000722567609046, 5.06928154209e-05, -0.00042389013106, -0.00288693537004, 0.0027755103074, -0.00607977062464, 0.0110941650346, -0.00376932020299, -0.00122974603437, 0.000433358800365, -7.92758364696e-05], [-8.1543912529e-05, -0.000549525662791, 0.000635859381873, -0.000193813728401, -0.00102482701186, 0.00191061210353, -0.00428059604019, 0.00216044345871, -0.00376932020299, 0.0114039164037, -0.00501315109432, 0.0010020424379, -0.00170894747134], [7.9848607129e-05, 0.000332215742674, -0.000487302080728, 0.000940913334489, 0.000959951081313, -0.00465705804527, 0.00423965184018, -0.00174997490831, -0.00122974603437, -0.00501315109432, 0.0160184763372, -0.0089325318113, 0.00146701186895], [-2.56503710716e-07, 0.000179456765181, -0.000226709380513, -0.00149146863259, -0.00101885304321, 0.00407692976296, -0.00236020702869, 0.000851689255796, 0.000433358800365, 0.0010020424379, -0.0089325318113, 0.0162772033364, -0.00764718977734], [7.40278919693e-05, -0.000166653393535, 0.000618137128185, 0.000281200133031, 0.000869635958225, -0.00223376532085, 3.13999807986e-05, 0.000157846865477, -7.92758364696e-05, -0.00170894747134, 0.00146701186895, -0.00764718977734, 0.0124282240868]]
    },
    "spectral_contrast_coeffs": {
        "mean": [-0.715374290943, -0.737611651421, -0.754536747932, -0.774371564388, -0.783587574959, -0.783799529076],
        "stdev": [0.106617115438, 0.0904250442982, 0.0839795395732, 0.0709665045142, 0.0606229640543, 0.0354415886104]
    },
    "spectral_contrast_valleys": {
        "mean": [-7.48625230789, -7.1522026062, -7.59952783585, -7.66184949875, -7.64008378983, -9.68235778809],
        "stdev": [2.30775284767, 2.10868144035, 2.04708480835, 2.04500794411, 2.08270144463, 2.04172062874]
    }
},
"rhythm": {
    "beats_count": 469,
    "beats_loudness": {
        "mean": 0.0757702514529,
        "stdev": 0.0309322532266
    },
    "bpm": 135.953338623,
    "bpm_histogram_first_peak_bpm": 136,
    "bpm_histogram_first_peak_weight": 0.01777780056,
    "bpm_histogram_second_peak_bpm": 129,
    "bpm_histogram_second_peak_spread": 0.0909090638161,
    "bpm_histogram_second_peak_weight": 0.0213675219566,
    "danceability": 1.68944180012,
    "onset_rate": 5.54327249527,
    "beats_loudness_band_ratio": {
        "mean": [0.726895868778, 0.0375312678516, 0.058329552412, 0.0818041265011, 0.0497557334602, 0.0527913309634],
        "stdev": [0.333070874214, 0.0924831330776, 0.109869726002, 0.14075152576, 0.0748132318258, 0.0843607187271]
    },
    "beats_position": [0.46439909935, 0.9287981987, 1.40480720997, 1.86920630932, 2.33360528946, 2.79800438881, 3.26240348816, 3.7151927948, 4.15637159348, 4.59755086899, 5.0387301445, 5.47990942001, 5.92108821869, 6.3622674942, 6.80344676971, 7.24462556839, 7.6858048439, 8.12698364258, 8.56816291809, 9.0093421936, 9.45052146912, 9.89170074463, 10.3328800201, 10.774058342, 11.2152376175, 11.656416893, 12.0975961685, 12.538775444, 12.9799547195, 13.4211339951, 13.8623123169, 14.3034915924, 14.7446708679, 15.1858501434, 15.6270294189, 16.0682086945, 16.50938797, 16.9505672455, 17.391746521, 17.8329238892, 18.2741031647, 18.7152824402, 19.1564617157, 19.5976409912, 20.0388202667, 20.4799995422, 20.9211788177, 21.3623580933, 21.8035373688, 22.2447166443, 22.6858959198, 23.1270751953, 23.5682544708, 24.009431839, 24.4506111145, 24.89179039, 25.3329696655, 25.774148941, 26.2153282166, 26.6565074921, 27.0976867676, 27.5388660431, 27.9800453186, 28.4212245941, 28.8624038696, 29.3035831451, 29.7447605133, 30.1859397888, 30.6271190643, 31.0682983398, 31.5094776154, 31.9506568909, 32.391834259, 32.8330154419, 33.2741928101, 33.7153739929, 34.1565513611, 34.5977325439, 35.0389099121, 35.480091095, 35.9212684631, 36.362449646, 36.8036270142, 37.244808197, 37.6859855652, 38.1271629333, 38.5683441162, 39.0095214844, 39.4507026672, 39.8918800354, 40.3330612183, 40.7742385864, 41.2154197693, 41.6565971375, 42.0977783203, 42.5389556885, 42.9801368713, 43.4213142395, 43.8624954224, 44.3036727905, 44.7448501587, 45.1860313416, 45.6272087097, 46.0683898926, 46.5095672607, 46.9507484436, 47.3919258118, 47.8331069946, 48.2742843628, 48.7154655457, 49.1566429138, 49.5978240967, 50.0390014648, 50.480178833, 50.9213600159, 51.362537384, 51.8037185669, 52.2448959351, 52.6860771179, 53.1272544861, 53.5684356689, 54.0096130371, 54.45079422, 54.8919715881, 55.333152771, 55.7743301392, 56.2155075073, 56.6566886902, 57.0978660583, 57.5390472412, 57.9802246094, 58.4214057922, 58.8625831604, 59.3037643433, 59.7449417114, 60.1861228943, 60.6273002625, 61.0684814453, 61.5096588135, 61.9508361816, 62.3920173645, 62.8331947327, 63.2743759155, 63.7155532837, 64.1567306519, 64.5979156494, 65.0390930176, 65.4802703857, 65.9214477539, 66.3626327515, 66.8038101196, 67.2449874878, 67.686164856, 68.1273422241, 68.5685272217, 69.0097045898, 69.450881958, 69.8920593262, 70.3332443237, 70.7744216919, 71.2155990601, 71.6567764282, 72.0979614258, 72.5391387939, 72.9803161621, 73.4214935303, 73.8626708984, 74.303855896, 74.7450332642, 75.1862106323, 75.6273880005, 76.068572998, 76.5097503662, 76.9509277344, 77.3921051025, 77.8332901001, 78.2744674683, 78.7156448364, 79.1568222046, 79.5979995728, 80.0391845703, 80.4803619385, 80.9215393066, 81.3627166748, 81.8039016724, 82.2450790405, 82.6862564087, 83.1274337769, 83.5686187744, 84.0097961426, 84.4509735107, 84.8921508789, 85.3333282471, 85.7745132446, 86.2156906128, 86.656867981, 87.0980453491, 87.5392303467, 87.9804077148, 88.421585083, 88.8627624512, 89.3039474487, 89.7451248169, 90.1863021851, 90.6274795532, 91.0686569214, 91.5098419189, 91.9510192871, 92.3921966553, 92.8333740234, 93.274559021, 93.7157363892, 94.1569137573, 94.5980911255, 95.039276123, 95.4804534912, 95.9216308594, 96.3628082275, 96.8039855957, 97.2451705933, 97.6863479614, 98.1275253296, 98.5687026978, 99.0098876953, 99.4510650635, 99.8922424316, 100.3334198, 100.774604797, 101.215782166, 101.656959534, 102.098136902, 102.53931427, 102.980499268, 103.421676636, 103.862854004, 104.304031372, 104.74521637, 105.186393738, 105.627571106, 106.068748474, 106.509933472, 106.95111084, 107.392288208, 107.833465576, 108.274642944, 108.715827942, 109.15700531, 109.598182678, 110.039360046, 110.480545044, 110.921722412, 111.36289978, 111.804077148, 112.245262146, 112.686439514, 113.127616882, 113.56879425, 114.009971619, 114.451156616, 114.892333984, 115.333511353, 115.786300659, 116.215873718, 116.657051086, 117.098228455, 117.539405823, 117.98059082, 118.421768188, 118.862945557, 119.304122925, 119.745300293, 120.186485291, 120.627662659, 121.068840027, 121.510017395, 121.951202393, 122.392379761, 122.833557129, 123.274734497, 123.715919495, 124.157096863, 124.598274231, 125.039451599, 125.480628967, 125.921813965, 126.362991333, 126.804168701, 127.245346069, 127.686531067, 128.127700806, 128.568893433, 129.010070801, 129.451248169, 129.892425537, 130.333602905, 130.774780273, 131.215957642, 131.65713501, 132.098312378, 132.539505005, 132.980682373, 133.421859741, 133.863037109, 134.304214478, 134.745391846, 135.186569214, 135.627746582, 136.068939209, 136.510116577, 136.951293945, 137.392471313, 137.833648682, 138.27482605, 138.716003418, 139.157180786, 139.598358154, 140.039550781, 140.480728149, 140.921905518, 141.363082886, 141.804260254, 142.245437622, 142.68661499, 143.127792358, 143.568969727, 144.010162354, 144.451339722, 144.89251709, 145.333694458, 145.774871826, 146.216049194, 146.657226562, 147.098403931, 147.539596558, 147.980773926, 148.421951294, 148.863128662, 149.30430603, 149.745483398, 150.186660767, 150.627838135, 151.069015503, 151.51020813, 151.951385498, 152.392562866, 152.833740234, 153.274917603, 153.716094971, 154.157272339, 154.598449707, 155.039627075, 155.480819702, 155.92199707, 156.363174438, 156.804351807, 157.245529175, 157.686706543, 158.127883911, 158.569061279, 159.010253906, 159.451431274, 159.892608643, 160.333786011, 160.774963379, 161.216140747, 161.657318115, 162.098495483, 162.539672852, 162.980865479, 163.422042847, 163.863220215, 164.304397583, 164.745574951, 165.186752319, 165.627929688, 166.069107056, 166.510284424, 166.951477051, 167.392654419, 167.833831787, 168.275009155, 168.716186523, 169.157363892, 169.59854126, 170.039718628, 170.480911255, 170.922088623, 171.363265991, 171.804443359, 172.245620728, 172.686798096, 173.127975464, 173.569152832, 174.0103302, 174.451522827, 174.892700195, 175.333877563, 175.775054932, 176.2162323, 176.657409668, 177.098587036, 177.539764404, 177.980941772, 178.422134399, 178.863311768, 179.304489136, 179.745666504, 180.186843872, 180.62802124, 181.069198608, 181.510375977, 181.951568604, 182.392745972, 182.83392334, 183.275100708, 183.716278076, 184.157455444, 184.598632812, 185.039810181, 185.480987549, 185.922180176, 186.363357544, 186.804534912, 187.24571228, 187.686889648, 188.128067017, 188.569244385, 189.010421753, 189.451599121, 189.892791748, 190.333969116, 190.775146484, 191.216323853, 191.657501221, 192.098678589, 192.539855957, 192.981033325, 193.422225952, 193.86340332, 194.304580688, 194.745758057, 195.186935425, 195.628112793, 196.069290161, 196.510467529, 196.951644897, 197.392837524, 197.834014893, 198.275192261, 198.716369629, 199.169158936, 199.633560181, 200.097961426, 200.562347412, 201.026748657, 201.479537964, 201.920715332, 202.373504639, 202.814697266, 203.267486572, 203.650604248, 204.033737183, 204.416870117, 204.800003052, 205.183120728, 205.577865601, 205.972610474, 206.43699646, 206.889785767],
    "bpm_histogram": [0, 0, 0, 0, 0, 0, 0, 0, 0, 0, 0, 0, 0, 0, 0, 0, 0, 0, 0, 0, 0, 0, 0, 0, 0, 0, 0, 0, 0, 0, 0, 0, 0, 0, 0, 0, 0, 0, 0, 0, 0, 0, 0, 0, 0, 0, 0, 0, 0, 0, 0, 0, 0, 0, 0, 0, 0, 0, 0, 0, 0, 0, 0, 0, 0, 0, 0, 0, 0, 0, 0, 0, 0, 0, 0, 0, 0, 0, 0, 0, 0, 0, 0, 0, 0, 0, 0, 0, 0, 0, 0, 0, 0, 0, 0, 0, 0, 0, 0, 0, 0, 0, 0, 0, 0, 0, 0, 0, 0, 0, 0, 0, 0, 0, 0, 0, 0, 0, 0, 0, 0, 0, 0, 0, 0, 0, 0.00213675224222, 0, 0, 0.0213675219566, 0, 0, 0, 0.0149572649971, 0, 0, 0.944444417953, 0, 0, 0, 0.00213675224222, 0, 0, 0, 0, 0, 0, 0, 0, 0, 0, 0, 0.00427350448444, 0, 0, 0, 0, 0.0106837609783, 0, 0, 0, 0, 0, 0, 0, 0, 0, 0, 0, 0, 0, 0, 0, 0, 0, 0, 0, 0, 0, 0, 0, 0, 0, 0, 0, 0, 0, 0, 0, 0, 0, 0, 0, 0, 0, 0, 0, 0, 0, 0, 0, 0, 0, 0, 0, 0, 0, 0, 0, 0, 0, 0, 0, 0, 0, 0, 0, 0, 0, 0, 0, 0, 0, 0, 0, 0, 0, 0, 0, 0, 0, 0, 0, 0, 0, 0, 0, 0, 0, 0, 0, 0, 0, 0, 0, 0, 0, 0, 0, 0]
},
"tonal": {
    "chords_changes_rate": 0.0671441331506,
    "chords_number_rate": 0.00179051025771,
    "chords_strength": {
        "mean": 0.543916285038,
        "stdev": 0.131482064724
    },
    "hpcp_crest": {
        "mean": 13.451918602,
        "stdev": 6.44041490555
    },
    "hpcp_entropy": {
        "mean": 1.97105896473,
        "stdev": 0.777571737766
    },
    "key_edma": {
        "strength": 0.79051053524,
        "key": "B",
        "scale": "major"
    },
    "key_krumhansl": {
        "strength": 0.790642023087,
        "key": "B",
        "scale": "major"
    },
    "key_temperley": {
        "strength": 0.785961925983,
        "key": "B",
        "scale": "major"
    },
    "tuning_diatonic_strength": 0.689853191376,
    "tuning_equal_tempered_deviation": 0.123800456524,
    "tuning_frequency": 439.745910645,
    "tuning_nontempered_energy_ratio": 0.760971665382,
    "hpcp": {
        "mean": [0.126157239079, 0.128202229738, 0.116816863418, 0.123081326485, 0.102594450116, 0.167766720057, 0.314793109894, 0.242983877659, 0.0876223668456, 0.0489404127002, 0.0392322987318, 0.0948482081294, 0.190447837114, 0.16575807333, 0.0762185156345, 0.0513932071626, 0.0633750110865, 0.131564587355, 0.154868260026, 0.0943053811789, 0.0837910100818, 0.0919390618801, 0.0552107281983, 0.0391270704567, 0.0562684349716, 0.0754268690944, 0.20867601037, 0.321505576372, 0.202243193984, 0.096078209579, 0.0898661762476, 0.0692636817694, 0.0692834183574, 0.108507998288, 0.16561101377, 0.152383103967],
        "stdev": [0.247707679868, 0.264393001795, 0.211035296321, 0.222767874599, 0.183662071824, 0.226030766964, 0.384329289198, 0.311888039112, 0.204363688827, 0.128835365176, 0.105916500092, 0.180407360196, 0.291405498981, 0.251273810863, 0.174939528108, 0.140585646033, 0.152185246348, 0.247743979096, 0.269833743572, 0.176216945052, 0.172811672091, 0.220009073615, 0.120888978243, 0.0806727334857, 0.134080857038, 0.174365445971, 0.261298000813, 0.369627892971, 0.249150186777, 0.186436116695, 0.196266293526, 0.169039651752, 0.152804866433, 0.202287688851, 0.28466039896, 0.264441370964]
    },
    "chords_histogram": [37.2202339172, 2.93196058273, 9.60161113739, 0.246195167303, 0.693822741508, 0.0223813783377, 0, 0, 0.089525513351, 0, 0, 0, 0, 0.0671441331506, 0, 1.63384068012, 0, 17.5693817139, 0, 15.711728096, 0.760966897011, 0.223813787103, 7.99015235901, 5.23724269867],
    "thpcp": [1, 0.629050374031, 0.298838406801, 0.27951669693, 0.215435400605, 0.215496778488, 0.337499588728, 0.515110850334, 0.47396722436, 0.392395168543, 0.398755848408, 0.363343209028, 0.382827967405, 0.319106280804, 0.521815896034, 0.979121744633, 0.75576877594, 0.272537618876, 0.152222588658, 0.12202680856, 0.295012623072, 0.592362463474, 0.515568256378, 0.237067475915, 0.159851685166, 0.197119474411, 0.409214019775, 0.48169696331, 0.293324261904, 0.260620713234, 0.285964131355, 0.171725571156, 0.121699504554, 0.175015419722, 0.234605163336, 0.649058759212],
    "chords_key": "B",
    "chords_scale": "major"
}
}