{
"metadata": {
    "version": {
        "essentia": "2.1-dev",
        "essentia_git_sha": "v2.1_beta3-415-gd5473f3",
        "extractor": "music 2.0"
    },
    "audio_properties": {
        "analysis": {
            "equal_loudness": 0,
            "length": 248.084899902,
            "sample_rate": 44100,
            "start_time": 0,
            "downmix": "mix"
        },
        "bit_rate": 192000,
        "length": 248.084899902,
        "lossless": 0,
        "number_channels": 2,
        "replay_gain": -9.14044380188,
        "sample_rate": 44100,
        "codec": "mp3",
        "md5_encoded": "fb0b5bbeddd11aa4ad53ec33015fbf29"
    },
    "tags": {
        "file_name": "evelyn-xandau.mp3"
    }
},
"lowlevel": {
    "average_loudness": 0.930060148239,
    "barkbands_crest": {
        "mean": 12.0151844025,
        "stdev": 6.47129201889
    },
    "barkbands_flatness_db": {
        "mean": 0.140047445893,
        "stdev": 0.071461006999
    },
    "barkbands_kurtosis": {
        "mean": 9.51682662964,
        "stdev": 44.1213226318
    },
    "barkbands_skewness": {
        "mean": 1.86129152775,
        "stdev": 2.3447804451
    },
    "barkbands_spread": {
        "mean": 32.3084793091,
        "stdev": 20.057384491
    },
    "dissonance": {
        "mean": 0.470793366432,
        "stdev": 0.0255375690758
    },
    "dynamic_complexity": 3.12001228333,
    "erbbands_crest": {
        "mean": 8.21388339996,
        "stdev": 5.02005243301
    },
    "erbbands_flatness_db": {
        "mean": 0.12433168292,
        "stdev": 0.0460822805762
    },
    "erbbands_kurtosis": {
        "mean": 0.45415776968,
        "stdev": 2.60720157623
    },
    "erbbands_skewness": {
        "mean": 0.0929053127766,
        "stdev": 0.838858425617
    },
    "erbbands_spread": {
        "mean": 50.4893379211,
        "stdev": 21.6882572174
    },
    "hfc": {
        "mean": 38.0789794922,
        "stdev": 40.2825584412
    },
    "loudness_ebu128": {
        "integrated": -12.6202249527,
        "loudness_range": 3.37038326263,
        "momentary": {
            "mean": -15.4771366119,
            "stdev": 22.1396160126
        },
        "short_term": {
            "mean": -13.4976196289,
            "stdev": 3.95806789398
        }
    },
    "melbands_crest": {
        "mean": 16.4785633087,
        "stdev": 7.16008090973
    },
    "melbands_flatness_db": {
        "mean": 0.179903835058,
        "stdev": 0.094266526401
    },
    "melbands_kurtosis": {
        "mean": 28.4003429413,
        "stdev": 59.3144226074
    },
    "melbands_skewness": {
        "mean": 3.58878588676,
        "stdev": 2.87252426147
    },
    "melbands_spread": {
        "mean": 31.8865947723,
        "stdev": 30.3456459045
    },
    "pitch_salience": {
        "mean": 0.5022996068,
        "stdev": 0.195715814829
    },
    "silence_rate_20dB": {
        "mean": 1,
        "stdev": 0
    },
    "silence_rate_30dB": {
        "mean": 0.962661445141,
        "stdev": 0.189591556787
    },
    "silence_rate_60dB": {
        "mean": 0.0836608633399,
        "stdev": 0.276876360178
    },
    "spectral_centroid": {
        "mean": 1823.71179199,
        "stdev": 1150.50219727
    },
    "spectral_complexity": {
        "mean": 20.9138126373,
        "stdev": 13.3592662811
    },
    "spectral_decrease": {
        "mean": -1.01788240059e-08,
        "stdev": 8.42755554231e-09
    },
    "spectral_energy": {
        "mean": 0.0418711304665,
        "stdev": 0.0326164700091
    },
    "spectral_energyband_high": {
        "mean": 0.00285058561713,
        "stdev": 0.00424151169136
    },
    "spectral_energyband_low": {
        "mean": 0.0238661207259,
        "stdev": 0.0306576564908
    },
    "spectral_energyband_middle_high": {
        "mean": 0.00686055701226,
        "stdev": 0.00859421584755
    },
    "spectral_energyband_middle_low": {
        "mean": 0.0089518846944,
        "stdev": 0.00971984863281
    },
    "spectral_entropy": {
        "mean": 7.97685718536,
        "stdev": 0.477579772472
    },
    "spectral_flux": {
        "mean": 0.115418747067,
        "stdev": 0.0627784579992
    },
    "spectral_kurtosis": {
        "mean": 2.45412611961,
        "stdev": 2.14672851562
    },
    "spectral_rms": {
        "mean": 0.0057527446188,
        "stdev": 0.00278493156657
    },
    "spectral_rolloff": {
        "mean": 2573.04907227,
        "stdev": 2929.41748047
    },
    "spectral_skewness": {
        "mean": 1.28897190094,
        "stdev": 0.427651643753
    },
    "spectral_spread": {
        "mean": 6729679.5,
        "stdev": 3574032.25
    },
    "spectral_strongpeak": {
        "mean": 0.963831663132,
        "stdev": 1.46956658363
    },
    "zerocrossingrate": {
        "mean": 0.0956296026707,
        "stdev": 0.0719689950347
    },
    "barkbands": {
        "mean": [0.000528741802555, 0.0186111815274, 0.00412945682183, 0.00114015082363, 0.00165904988535, 0.00203931936994, 0.00215245177969, 0.000987969804555, 0.000858223997056, 0.000704510719515, 0.0010722076986, 0.00130404508673, 0.000769606675021, 0.000693505047821, 0.000614646822214, 0.000520391040482, 0.000376405048883, 0.000349570822436, 0.000320542807458, 0.000444765319116, 0.000369413028238, 0.000469083897769, 0.000522386166267, 0.000593360513449, 0.000425797858043, 0.00021431989444, 1.45391931827e-09],
        "stdev": [0.000847606803291, 0.0284732915461, 0.00908472388983, 0.00221711071208, 0.00240019871853, 0.00398349668831, 0.00500862533227, 0.00299789384007, 0.00186580326408, 0.00200945860706, 0.0032951280009, 0.0035384662915, 0.00212307670154, 0.00153098942246, 0.00131138635334, 0.00121117511299, 0.000883051543497, 0.000602654181421, 0.000396574789193, 0.000593110511545, 0.000488422811031, 0.000678117910866, 0.000995139824226, 0.00139562750701, 0.000827855546959, 0.000431207648944, 2.26171037454e-09]
    },
    "erbbands": {
        "mean": [0.49486720562, 4.24812889099, 5.91719245911, 4.24447250366, 4.37401723862, 5.42948246002, 9.58149719238, 19.4490756989, 31.1285495758, 26.0706825256, 20.4492454529, 17.6665992737, 22.5427627563, 34.101360321, 44.4005889893, 46.3544616699, 36.4916191101, 36.2908210754, 33.5485610962, 30.9478034973, 26.5801010132, 21.8626289368, 19.3465328217, 18.3925495148, 15.817155838, 20.9081325531, 17.5886707306, 13.7394504547, 16.0496692657, 15.6474666595, 15.2180643082, 13.5034036636, 9.224609375, 5.4562587738, 2.56344175339, 1.23092579842, 0.341136455536, 0.0269083622843, 0.000553301419131, 8.33409430925e-05],
        "stdev": [0.786911189556, 6.80004692078, 11.2135868073, 7.37573719025, 6.44455766678, 8.24111270905, 17.0060882568, 41.727558136, 76.195022583, 62.7648849487, 59.4616127014, 41.4284362793, 46.3779373169, 95.7175292969, 116.344352722, 121.336036682, 95.0407104492, 76.0967941284, 63.0926361084, 67.3033676147, 47.6626243591, 50.8984985352, 31.388677597, 23.9160766602, 18.2314510345, 28.4427604675, 22.571018219, 19.1575527191, 23.2227897644, 25.3463516235, 29.855638504, 32.8783416748, 20.4979171753, 11.4609041214, 4.63393974304, 2.68380188942, 0.639221131802, 0.0473420545459, 0.000945153587963, 7.61135452194e-05]
    },
    "gfcc": {
        "mean": [16.9415073395, 49.958240509, -104.696739197, 34.4844245911, -58.3529281616, 29.873374939, -40.1260795593, 16.3351554871, -24.1942443848, 13.2990255356, -12.2419071198, 8.51799869537, -11.2598695755],
        "cov": [[19105.3710938, 131.349258423, -863.045471191, 617.296142578, -852.760986328, 397.698120117, -515.438476562, 220.995178223, -389.931427002, 185.324188232, -320.68838501, 83.979385376, -259.037506104], [131.349258423, 1208.71032715, 94.7575149536, 153.3722229, 438.740905762, 98.087638855, 262.630126953, 45.4501037598, 126.678314209, -42.107509613, 109.067489624, -65.794960022, 48.1166191101], [-863.045471191, 94.7575149536, 898.543395996, 301.732147217, 212.22064209, 91.6939849854, 96.1710586548, 76.3530731201, 47.1785926819, 6.68839120865, -24.2732334137, -19.349981308, -21.3715763092], [617.296142578, 153.3722229, 301.732147217, 551.098388672, 271.470062256, 185.788574219, 142.126159668, 51.789894104, 56.4379386902, -11.4472856522, -26.5224647522, -38.8022918701, 18.1952648163], [-852.760986328, 438.740905762, 212.22064209, 271.470062256, 619.131164551, 235.86769104, 266.491607666, 76.3301391602, 127.644058228, -13.3103122711, 88.8038406372, -37.6303405762, 57.0436401367], [397.698120117, 98.087638855, 91.6939849854, 185.788574219, 235.86769104, 283.504669189, 161.914215088, 48.6787719727, 31.8272781372, 2.18205952644, 20.3315677643, -27.545841217, 21.1610527039], [-515.438476562, 262.630126953, 96.1710586548, 142.126159668, 266.491607666, 161.914215088, 273.877197266, 66.3781051636, 75.4041442871, -2.70179605484, 58.4538002014, -24.8541736603, 41.0858345032], [220.995178223, 45.4501037598, 76.3530731201, 51.789894104, 76.3301391602, 48.6787719727, 66.3781051636, 156.77130127, 73.8830490112, 29.9189395905, 33.7637825012, 23.3905735016, 12.1899719238], [-389.931427002, 126.678314209, 47.1785926819, 56.4379386902, 127.644058228, 31.8272781372, 75.4041442871, 73.8830490112, 155.539047241, 40.1125679016, 72.1356048584, 14.6380805969, 32.8839569092], [185.324188232, -42.107509613, 6.68839120865, -11.4472856522, -13.3103122711, 2.18205952644, -2.70179605484, 29.9189395905, 40.1125679016, 106.38973999, 52.7006797791, 32.1819801331, 8.16035175323], [-320.68838501, 109.067489624, -24.2732334137, -26.5224647522, 88.8038406372, 20.3315677643, 58.4538002014, 33.7637825012, 72.1356048584, 52.7006797791, 144.418807983, 48.6936988831, 44.7713737488], [83.979385376, -65.794960022, -19.349981308, -38.8022918701, -37.6303405762, -27.545841217, -24.8541736603, 23.3905735016, 14.6380805969, 32.1819801331, 48.6936988831, 92.196723938, 34.6696739197], [-259.037506104, 48.1166191101, -21.3715763092, 18.1952648163, 57.0436401367, 21.1610527039, 41.0858345032, 12.1899719238, 32.8839569092, 8.16035175323, 44.7713737488, 34.6696739197, 90.2671127319]],
        "icov": [[0.00014510609617, -0.000271219731076, 0.000239993518335, -0.000358498189598, 0.000343435967807, -0.000562598579563, 0.000485646130983, -0.00046045720228, 0.000409123691497, -0.00039983575698, 0.00024297843629, -0.000397505995352, 0.000365319632692], [-0.000271219731076, 0.00184869894292, -0.000409821368521, 0.000606392510235, -0.0012999039609, 0.0017338518519, -0.00160480244085, 0.000899179955013, -0.000958872609772, 0.00136080395896, -0.00133126636501, 0.00171797361691, -0.00073225464439], [0.000239993518335, -0.000409821368521, 0.00187055999413, -0.00128662982024, 0.000157199552632, -0.000594127632212, 0.000662378268316, -0.00117844564375, 0.000747529382352, -0.000939518737141, 0.000821770750917, -0.00100925541483, 0.00129962887149], [-0.000358498189598, 0.000606392510235, -0.00128662982024, 0.00401369482279, -0.00150776072405, 0.000148699618876, -0.00126610544976, 0.00126047770027, -0.00172014883719, 0.000715718313586, 0.00114046735689, 0.0009327767184, -0.00150363543071], [0.000343435967807, -0.0012999039609, 0.000157199552632, -0.00150776072405, 0.00511714396998, -0.00309167779051, -6.3905485149e-05, -0.000860484258737, -0.000393034511944, 0.000292775745038, -0.000949404027779, -0.000123951263959, 0.000291134463623], [-0.000562598579563, 0.0017338518519, -0.000594127632212, 0.000148699618876, -0.00309167779051, 0.00931184366345, -0.00463977502659, 0.000857580511365, 0.000220055095269, 0.00055204128148, -0.00109430821612, 0.00267556495965, -0.00155743781943], [0.000485646130983, -0.00160480244085, 0.000662378268316, -0.00126610544976, -6.3905485149e-05, -0.00463977502659, 0.010221073404, -0.00322928768583, 0.000984160462394, -0.000551210483536, -0.000933378585614, 0.000949697569013, -0.00063743192004], [-0.00046045720228, 0.000899179955013, -0.00117844564375, 0.00126047770027, -0.000860484258737, 0.000857580511365, -0.00322928768583, 0.011092659086, -0.00544903427362, 0.000422638084274, 0.00062553625321, -0.00222588237375, 0.000472341460409], [0.000409123691497, -0.000958872609772, 0.000747529382352, -0.00172014883719, -0.000393034511944, 0.000220055095269, 0.000984160462394, -0.00544903427362, 0.0133781135082, -0.00364451063797, -0.00288754957728, 0.000887758040335, -0.000759312650189], [-0.00039983575698, 0.00136080395896, -0.000939518737141, 0.000715718313586, 0.000292775745038, 0.00055204128148, -0.000551210483536, 0.000422638084274, -0.00364451063797, 0.0149639882147, -0.00578949553892, -0.000352797331288, 0.000621825107373], [0.00024297843629, -0.00133126636501, 0.000821770750917, 0.00114046735689, -0.000949404027779, -0.00109430821612, -0.000933378585614, 0.00062553625321, -0.00288754957728, -0.00578949553892, 0.0161243528128, -0.00728317350149, -0.00105642271228], [-0.000397505995352, 0.00171797361691, -0.00100925541483, 0.0009327767184, -0.000123951263959, 0.00267556495965, 0.000949697569013, -0.00222588237375, 0.000887758040335, -0.000352797331288, -0.00728317350149, 0.02098547481, -0.00790323596448], [0.000365319632692, -0.00073225464439, 0.00129962887149, -0.00150363543071, 0.000291134463623, -0.00155743781943, -0.00063743192004, 0.000472341460409, -0.000759312650189, 0.000621825107373, -0.00105642271228, -0.00790323596448, 0.0173150058836]]
    },
    "melbands": {
        "mean": [0.00495676277205, 0.00413129804656, 0.000758157169912, 0.000340925675118, 0.000315915240208, 0.000433871959103, 0.000471394771012, 0.000272029516054, 0.000150720705278, 0.000116955772683, 0.000113646376121, 0.000134349655127, 0.000146444610436, 0.000142037810292, 0.000102279751445, 8.37801708258e-05, 6.30516879028e-05, 5.31341720489e-05, 4.90414931846e-05, 3.89599008486e-05, 2.83392928395e-05, 2.37816220761e-05, 1.58316452143e-05, 1.84920463653e-05, 1.4565111087e-05, 1.15441043818e-05, 1.23005993373e-05, 1.4500479665e-05, 1.16133442134e-05, 8.6715353973e-06, 7.77858986112e-06, 8.88757858775e-06, 9.47224907577e-06, 8.40788106871e-06, 9.01537714526e-06, 8.21725916467e-06, 8.32948626339e-06, 6.99935662851e-06, 5.10256177222e-06, 4.36618347521e-06],
        "stdev": [0.00761611759663, 0.00634703738615, 0.00119190418627, 0.000489674916025, 0.000531369470991, 0.000893954536878, 0.00109289947432, 0.000664021528792, 0.000439252267824, 0.000276609702269, 0.000250528508332, 0.00038000906352, 0.000415950227762, 0.000389959634049, 0.000388623680919, 0.000250083307037, 0.000136991526233, 0.000117715862871, 0.00012204835366, 0.000107355881482, 5.66549424548e-05, 6.3431012677e-05, 2.54377482634e-05, 3.8521913666e-05, 2.00640333787e-05, 1.44681434904e-05, 1.6886217054e-05, 2.09236495721e-05, 1.53871333168e-05, 1.18923426271e-05, 1.14949807539e-05, 1.31891474666e-05, 1.47087312143e-05, 1.46964439409e-05, 1.77241854544e-05, 1.81226041605e-05, 2.26814263442e-05, 1.71988704096e-05, 1.02340318335e-05, 9.40860081755e-06]
    },
    "melbands128": {
        "mean": [0.000452208973002, 0.00327544636093, 0.00758491689339, 0.00688929948956, 0.00381100387312, 0.00176547584124, 0.0008483165293, 0.000510398647748, 0.000454382359749, 0.000320325169014, 0.000296080863336, 0.000296916463412, 0.000336514378432, 0.000315370154567, 0.00040504898061, 0.000524168077391, 0.000503754010424, 0.000499606365338, 0.000377771008061, 0.000276497332379, 0.000223541865125, 0.000231646743487, 0.000121757366287, 0.000100810611912, 9.37793156481e-05, 0.000134232890559, 0.000146625679918, 7.45295546949e-05, 0.000141719938256, 9.56325675361e-05, 0.000149932908243, 0.000174935004907, 0.000131639404572, 0.000126117331092, 0.000191625367734, 0.000128261526697, 8.92848984222e-05, 0.000157063273946, 5.22007285326e-05, 6.46245534881e-05, 9.60021352512e-05, 0.00010590927559, 5.44162503502e-05, 4.1762523324e-05, 7.29225794203e-05, 4.46405902039e-05, 4.53057291452e-05, 6.84911283315e-05, 3.83054866688e-05, 3.1575345929e-05, 4.87785073346e-05, 3.25327200699e-05, 3.15486577165e-05, 2.65067919827e-05, 2.06547447306e-05, 2.82312503259e-05, 2.10411290027e-05, 1.49897523443e-05, 1.4066440599e-05, 1.68663955264e-05, 2.26626216318e-05, 1.62118431035e-05, 1.20777658594e-05, 1.53769033204e-05, 1.66616100614e-05, 1.00082033896e-05, 9.0450512289e-06, 1.22181318147e-05, 1.24753596538e-05, 1.36300595841e-05, 1.54186691361e-05, 1.4426670532e-05, 1.24086091091e-05, 1.21205957839e-05, 9.42535280046e-06, 9.37664117373e-06, 7.95615324023e-06, 6.91668765285e-06, 7.67883284425e-06, 8.63253990246e-06, 9.05483375391e-06, 8.72751115821e-06, 9.17512988963e-06, 1.02755620901e-05, 9.19059584703e-06, 7.4999966273e-06, 8.44112400955e-06, 9.41056987358e-06, 9.60051602306e-06, 8.26996256365e-06, 7.93352228357e-06, 8.22891342978e-06, 8.48593936098e-06, 8.18004264147e-06, 8.32687146612e-06, 8.56634051161e-06, 6.43975045023e-06, 5.50602908334e-06, 4.55096824226e-06, 5.37689766134e-06, 5.09615574629e-06, 4.32219894719e-06, 3.30419788952e-06, 3.12384622703e-06, 2.58183240476e-06, 2.76755008599e-06, 2.64647610493e-06, 2.45181263381e-06, 2.27846749112e-06, 1.82927863079e-06, 1.37993663429e-06, 1.16456101296e-06, 1.06723803128e-06, 9.39830158586e-07, 7.03929458723e-07, 1.32486562165e-07, 3.80548856316e-11, 6.54093099128e-12, 6.1935847076e-12, 5.91776367492e-12, 5.71725739668e-12, 5.55197728069e-12, 5.40377248157e-12, 5.2877177463e-12, 5.19174286895e-12, 5.12295674632e-12, 5.07218659435e-12, 5.03424905929e-12],
        "stdev": [0.000757925445214, 0.0055392337963, 0.0130906524137, 0.0116891385987, 0.00736712059006, 0.00378501997329, 0.00168362620752, 0.000973102112766, 0.00073906162288, 0.000572635617573, 0.000508817960508, 0.000621750077698, 0.000706585124135, 0.000755633169319, 0.000989285879768, 0.00153168663383, 0.00155236129649, 0.0015905481996, 0.0010359553853, 0.000960099627264, 0.000873860903084, 0.000824982533231, 0.000552333018277, 0.000321614439599, 0.000315101497108, 0.000396272400394, 0.000369586341549, 0.00019690283807, 0.000568392744754, 0.000351978145773, 0.00062811432872, 0.000728958053514, 0.000579955754802, 0.000576592748985, 0.000717179675121, 0.000465743243694, 0.000322410283843, 0.000815708423033, 0.000203142772079, 0.00027798555675, 0.000438789691543, 0.000366766791558, 0.000176988804014, 0.000116399067338, 0.000259475636994, 0.00012594780128, 0.000137881841511, 0.000242806243477, 0.000130070999148, 0.000154872526764, 0.000193122381461, 9.80279583018e-05, 7.65089789638e-05, 9.45158972172e-05, 7.73091887822e-05, 0.000112633839308, 6.92661124049e-05, 3.27358720824e-05, 2.92753647955e-05, 3.99076452595e-05, 6.38597848592e-05, 5.04207309859e-05, 2.2780335712e-05, 2.93060675176e-05, 3.43993597198e-05, 1.52587663251e-05, 1.38817431434e-05, 1.84863056347e-05, 1.89038455574e-05, 2.52160643868e-05, 2.91351861961e-05, 2.271304038e-05, 1.89954171219e-05, 2.00555914489e-05, 1.51655003719e-05, 1.45339427036e-05, 1.26620334413e-05, 1.18117786769e-05, 1.266001982e-05, 1.59400424309e-05, 1.49693878484e-05, 1.46403699546e-05, 1.50375672092e-05, 1.88479789358e-05, 1.52079428517e-05, 1.44209370774e-05, 1.64262255566e-05, 1.80987462954e-05, 2.10837606573e-05, 1.82656585821e-05, 1.81655814231e-05, 1.98487723537e-05, 2.09656936931e-05, 2.36455925915e-05, 2.94312249025e-05, 2.43162485276e-05, 1.60698837135e-05, 1.04380469566e-05, 8.70127132657e-06, 1.3349067558e-05, 1.25791821119e-05, 9.74656450126e-06, 6.3758889155e-06, 5.53745439902e-06, 4.76624609291e-06, 5.56024815523e-06, 6.18425747234e-06, 5.43569376532e-06, 5.57983230465e-06, 4.78403535453e-06, 2.79891605715e-06, 2.20538754547e-06, 2.14869737647e-06, 1.7659549485e-06, 1.23512131722e-06, 2.66707758101e-07, 1.46810716362e-10, 1.04993227654e-11, 1.00069787526e-11, 9.62500825569e-12, 9.32060418429e-12, 9.06581320431e-12, 8.84913062965e-12, 8.67062758397e-12, 8.52107360366e-12, 8.40684466485e-12, 8.32359008107e-12, 8.27267681441e-12]
    },
    "mfcc": {
        "mean": [-623.486755371, 82.724822998, 11.61033535, 12.5399913788, 9.02101421356, 10.3127822876, 4.09657764435, 4.30437850952, -1.17441809177, 4.96842050552, 0.719190239906, 3.64938497543, 4.72938585281],
        "cov": [[9254.20117188, -21.4354934692, 218.409057617, 115.459526062, -122.635940552, 69.8951187134, -64.1474456787, -24.7827739716, -8.7716960907, 1.26091265678, -86.5893096924, -13.3158140182, -4.090239048], [-21.4354934692, 1106.60559082, -56.5676422119, 132.492248535, 179.670349121, 96.3942871094, 169.794311523, 119.964187622, 56.1640167236, 106.225921631, 55.9036903381, 47.5974845886, 52.3622779846], [218.409057617, -56.5676422119, 608.58984375, 176.316757202, 84.7988891602, 50.4209289551, 25.0299510956, 32.0686950684, 44.8819732666, 18.7426548004, 29.9594211578, -7.88814067841, -4.22990846634], [115.459526062, 132.492248535, 176.316757202, 391.346374512, 204.442840576, 164.718292236, 118.243873596, 109.972541809, 108.09047699, 58.5529060364, 43.7632675171, 25.9130439758, 15.9883480072], [-122.635940552, 179.670349121, 84.7988891602, 204.442840576, 342.713256836, 170.646377563, 146.674957275, 123.82068634, 95.1551742554, 84.426574707, 44.1011009216, 42.7497444153, 50.4266014099], [69.8951187134, 96.3942871094, 50.4209289551, 164.718292236, 170.646377563, 298.777038574, 177.808151245, 98.8516693115, 90.2085342407, 67.0449523926, 31.725894928, 10.7602872849, 11.6693706512], [-64.1474456787, 169.794311523, 25.0299510956, 118.243873596, 146.674957275, 177.808151245, 243.268371582, 122.720672607, 80.2095489502, 79.0299453735, 34.2268562317, 25.0689582825, 25.4697418213], [-24.7827739716, 119.964187622, 32.0686950684, 109.972541809, 123.82068634, 98.8516693115, 122.720672607, 168.435195923, 89.5905380249, 61.096408844, 27.7659893036, 36.9187164307, 24.2560119629], [-8.7716960907, 56.1640167236, 44.8819732666, 108.09047699, 95.1551742554, 90.2085342407, 80.2095489502, 89.5905380249, 135.35635376, 61.8493080139, 31.8845691681, 25.6153335571, 18.5420227051], [1.26091265678, 106.225921631, 18.7426548004, 58.5529060364, 84.426574707, 67.0449523926, 79.0299453735, 61.096408844, 61.8493080139, 106.396850586, 48.7984924316, 26.7131557465, 22.7213191986], [-86.5893096924, 55.9036903381, 29.9594211578, 43.7632675171, 44.1011009216, 31.725894928, 34.2268562317, 27.7659893036, 31.8845691681, 48.7984924316, 91.9949798584, 45.4258804321, 22.9406013489], [-13.3158140182, 47.5974845886, -7.88814067841, 25.9130439758, 42.7497444153, 10.7602872849, 25.0689582825, 36.9187164307, 25.6153335571, 26.7131557465, 45.4258804321, 86.2394104004, 50.4583930969], [-4.090239048, 52.3622779846, -4.22990846634, 15.9883480072, 50.4266014099, 11.6693706512, 25.4697418213, 24.2560119629, 18.5420227051, 22.7213191986, 22.9406013489, 50.4583930969, 97.987991333]],
        "icov": [[0.000114916911116, -1.11303024823e-05, -4.72556312161e-05, -6.34176976746e-05, 0.000120171280287, -0.000103462043626, 9.05245105969e-05, -1.42083285937e-06, 4.52074964414e-05, -0.000139619645779, 0.000222370421397, -0.000104688646388, -2.79784035229e-05], [-1.11303024823e-05, 0.00112281227484, 0.000220571033424, -0.000248657772318, -0.000268737145234, 0.000332166906446, -0.00055077590514, -0.000258177606156, 0.000461936375359, -0.000633697025478, -0.000174456479726, 0.000101916484709, -0.000196670211153], [-4.72556312161e-05, 0.000220571033424, 0.00201323092915, -0.000933609437197, -0.00022787511989, 0.000281993212411, 3.04162822431e-05, -1.49792058437e-05, -8.19459819468e-05, 0.000166050536791, -0.000861071574036, 0.000882471853402, -7.69416874391e-05], [-6.34176976746e-05, -0.000248657772318, -0.000933609437197, 0.00490553257987, -0.00173446675763, -0.0010914724553, 0.000237669635681, -0.000551958451979, -0.00176961836405, 0.00118902465329, -0.0007942065713, -9.00399827515e-05, 0.000678393116686], [0.000120171280287, -0.000268737145234, -0.00022787511989, -0.00173446675763, 0.00610034214333, -0.0015753704356, -0.000173788765096, -0.00134412408806, 0.000255455641309, -0.00168052385561, 0.000725347199477, -0.000447817408713, -0.00174993486144], [-0.000103462043626, 0.000332166906446, 0.000281993212411, -0.0010914724553, -0.0015753704356, 0.00741791632026, -0.00433392403647, 0.000775236927439, -0.00143491732888, 0.000295784760965, -0.000759742688388, 0.00134605530184, 0.00055802956922], [9.05245105969e-05, -0.00055077590514, 3.04162822431e-05, 0.000237669635681, -0.000173788765096, -0.00433392403647, 0.0103161009029, -0.00412941537797, 0.000775296823122, -0.00258501339704, 0.000343659135979, 0.000401963421609, -0.00062778609572], [-1.42083285937e-06, -0.000258177606156, -1.49792058437e-05, -0.000551958451979, -0.00134412408806, 0.000775236927439, -0.00412941537797, 0.0132084442303, -0.00490386784077, -0.000753345782869, 0.0019261657726, -0.00355284940451, 0.00111163477413], [4.52074964414e-05, 0.000461936375359, -8.19459819468e-05, -0.00176961836405, 0.000255455641309, -0.00143491732888, 0.000775296823122, -0.00490386784077, 0.0145199140534, -0.00479497015476, 1.91845924746e-06, -0.000440169242211, -0.000317450088914], [-0.000139619645779, -0.000633697025478, 0.000166050536791, 0.00118902465329, -0.00168052385561, 0.000295784760965, -0.00258501339704, -0.000753345782869, -0.00479497015476, 0.0187792107463, -0.00750561803579, 0.00190741242841, -0.000838212145027], [0.000222370421397, -0.000174456479726, -0.000861071574036, -0.0007942065713, 0.000725347199477, -0.000759742688388, 0.000343659135979, 0.0019261657726, 1.91845924746e-06, -0.00750561803579, 0.019443500787, -0.00971529446542, 0.00153681775555], [-0.000104688646388, 0.000101916484709, 0.000882471853402, -9.00399827515e-05, -0.000447817408713, 0.00134605530184, 0.000401963421609, -0.00355284940451, -0.000440169242211, 0.00190741242841, -0.00971529446542, 0.0230923164636, -0.00913664884865], [-2.79784035229e-05, -0.000196670211153, -7.69416874391e-05, 0.000678393116686, -0.00174993486144, 0.00055802956922, -0.00062778609572, 0.00111163477413, -0.000317450088914, -0.000838212145027, 0.00153681775555, -0.00913664884865, 0.015516855754]]
    },
    "spectral_contrast_coeffs": {
        "mean": [-0.719954848289, -0.751156032085, -0.761564970016, -0.787760794163, -0.794803321362, -0.792478442192],
        "stdev": [0.0937174633145, 0.0938577950001, 0.0784900039434, 0.0627810657024, 0.0479510165751, 0.0395003147423]
    },
    "spectral_contrast_valleys": {
        "mean": [-7.096555233, -7.09383058548, -7.51794338226, -7.63270711899, -7.52276134491, -9.38706493378],
        "stdev": [2.19413089752, 2.09663319588, 2.05245709419, 2.02145648003, 2.05420947075, 1.97296655178]
    }
},
"rhythm": {
    "beats_count": 576,
    "beats_loudness": {
        "mean": 0.0415374524891,
        "stdev": 0.018522227183
    },
    "bpm": 139.958709717,
    "bpm_histogram_first_peak_bpm": 140,
    "bpm_histogram_first_peak_weight": 0.181654691696,
    "bpm_histogram_second_peak_bpm": 133,
    "bpm_histogram_second_peak_spread": 0.466666638851,
    "bpm_histogram_second_peak_weight": 0.0139130437747,
    "danceability": 1.33405315876,
    "onset_rate": 4.42554187775,
    "beats_loudness_band_ratio": {
        "mean": [0.413216143847, 0.143005549908, 0.120962962508, 0.112135499716, 0.0765279531479, 0.161776334047],
        "stdev": [0.188165187836, 0.107464268804, 0.137119218707, 0.122772172093, 0.0575579106808, 0.0835285484791]
    },
    "beats_position": [0.452789098024, 0.917188167572, 1.38158726692, 1.84598636627, 2.29877543449, 2.73995471001, 3.1811337471, 3.61070299149, 4.04027223587, 4.46984100342, 4.8994102478, 5.31736946106, 5.74693870544, 6.17650794983, 6.60607719421, 7.03564596176, 7.46521520615, 7.89478445053, 8.32435321808, 8.75392246246, 9.17188167572, 9.6014509201, 10.0310201645, 10.4605894089, 10.8901586533, 11.3197278976, 11.749297142, 12.1788663864, 12.6084346771, 13.0380039215, 13.4675731659, 13.8971424103, 14.3267116547, 14.7446708679, 15.1742401123, 15.6038093567, 16.0333786011, 16.4629478455, 16.8925170898, 17.3220863342, 17.7516555786, 18.181224823, 18.6107940674, 19.0403633118, 19.4699325562, 19.8994998932, 20.3174591064, 20.758638382, 21.1765975952, 21.6061668396, 22.035736084, 22.4653053284, 22.8948745728, 23.3244438171, 23.7540130615, 24.1835823059, 24.6131515503, 25.0311107635, 25.4606800079, 25.8902492523, 26.3198184967, 26.7493877411, 27.1789569855, 27.6085262299, 28.0380954742, 28.4676647186, 28.897233963, 29.3268013, 29.7563705444, 30.1859397888, 30.6038990021, 31.0334682465, 31.4630374908, 31.8926067352, 32.322177887, 32.7517471313, 33.1813163757, 33.6108856201, 34.0404510498, 34.4584121704, 34.8879814148, 35.3175506592, 35.7471199036, 36.1766891479, 36.6062583923, 37.0358276367, 37.4653968811, 37.8949661255, 38.3245353699, 38.7424926758, 39.1720619202, 39.6016311646, 40.0312004089, 40.4607696533, 40.8903388977, 41.3199081421, 41.7494773865, 42.1790466309, 42.6086158752, 43.0381851196, 43.467754364, 43.8857116699, 44.3152809143, 44.7448501587, 45.1744194031, 45.6039886475, 46.0335578918, 46.4631271362, 46.8926963806, 47.322265625, 47.7518348694, 48.1814041138, 48.6109733582, 49.0405426025, 49.4585037231, 49.8880729675, 50.3176422119, 50.7472114563, 51.1767807007, 51.6063499451, 52.0359191895, 52.4654884338, 52.8950538635, 53.3246231079, 53.7541923523, 54.1721534729, 54.6017227173, 55.0312919617, 55.4608612061, 55.8904304504, 56.3199996948, 56.7495689392, 57.1791381836, 57.608707428, 58.0266647339, 58.4678459167, 58.8858032227, 59.315372467, 59.7449417114, 60.1861228943, 60.6273002625, 61.0916976929, 61.556098938, 62.0204963684, 62.4965057373, 62.9492950439, 63.3904762268, 63.8200454712, 64.2496109009, 64.67918396, 65.1087493896, 65.5383224487, 65.9678878784, 66.3974609375, 66.8270263672, 67.2565994263, 67.686164856, 68.1041259766, 68.5220870972, 68.9516525269, 69.3812255859, 69.8107910156, 70.2403640747, 70.6699295044, 71.0995025635, 71.5290679932, 71.9586410522, 72.3882064819, 72.817779541, 73.2357330322, 73.6653060913, 74.094871521, 74.5244445801, 74.9540100098, 75.3835830688, 75.8131484985, 76.2311096191, 76.6606826782, 77.0902481079, 77.5314254761, 77.9609985352, 78.3905639648, 78.831741333, 79.2845306396, 79.7373199463, 80.2017211914, 80.677734375, 81.1537399292, 81.5949172974, 82.0360946655, 82.4540557861, 82.8952331543, 83.3248062134, 83.7543716431, 84.1723327637, 84.6019058228, 85.0314712524, 85.4610443115, 85.8906097412, 86.3201828003, 86.74974823, 87.1793212891, 87.6088867188, 88.0384597778, 88.4680252075, 88.8859863281, 89.3155517578, 89.7451248169, 90.1746902466, 90.6042633057, 91.0338287354, 91.4634017944, 91.8929672241, 92.3225402832, 92.7521057129, 93.181678772, 93.6112442017, 94.0408172607, 94.458770752, 94.888343811, 95.3179092407, 95.7474822998, 96.1770477295, 96.5950088501, 97.0245819092, 97.4541473389, 97.8837203979, 98.3132858276, 98.7428588867, 99.1724243164, 99.6019973755, 100.031562805, 100.461128235, 100.890701294, 101.320266724, 101.749839783, 102.167800903, 102.608978271, 103.038543701, 103.46811676, 103.886077881, 104.315643311, 104.74521637, 105.174781799, 105.604354858, 106.033920288, 106.463493347, 106.893058777, 107.322631836, 107.740585327, 108.170158386, 108.599723816, 109.029296875, 109.458862305, 109.888435364, 110.318000793, 110.747573853, 111.177139282, 111.606712341, 112.036277771, 112.454238892, 112.89541626, 113.31337738, 113.74294281, 114.172515869, 114.602081299, 115.031654358, 115.461219788, 115.890792847, 116.320358276, 116.749931335, 117.167892456, 117.597457886, 118.027030945, 118.456596375, 118.886169434, 119.315734863, 119.745300293, 120.174873352, 120.604438782, 121.034011841, 121.463577271, 121.89315033, 122.322715759, 122.752288818, 123.181854248, 123.599815369, 124.040992737, 124.458953857, 124.888526917, 125.318092346, 125.747665405, 126.177230835, 126.595191956, 127.036369324, 127.454330444, 127.895507812, 128.313461304, 128.743041992, 129.172607422, 129.602172852, 130.031738281, 130.46131897, 130.890884399, 131.320449829, 131.750015259, 132.167984009, 132.597549438, 133.027114868, 133.456680298, 133.886260986, 134.315826416, 134.745391846, 135.174957275, 135.604537964, 136.034103394, 136.475280762, 136.904846191, 137.322814941, 137.740768433, 138.170333862, 138.599899292, 139.02947998, 139.45904541, 139.900222778, 140.353012085, 140.782577515, 141.212158203, 141.630111694, 142.036453247, 142.454421997, 142.883987427, 143.313552856, 143.743133545, 144.172698975, 144.602264404, 145.031829834, 145.461410522, 145.890975952, 146.308929443, 146.750106812, 147.168075562, 147.597640991, 148.027206421, 148.456771851, 148.886352539, 149.315917969, 149.745483398, 150.175048828, 150.604629517, 151.022583008, 151.452148438, 151.881713867, 152.311294556, 152.740859985, 153.170425415, 153.599990845, 154.029571533, 154.459136963, 154.888702393, 155.318267822, 155.747848511, 156.17741394, 156.595367432, 157.024932861, 157.45451355, 157.884078979, 158.313644409, 158.743209839, 159.172790527, 159.602355957, 160.031921387, 160.449890137, 160.879455566, 161.309020996, 161.738586426, 162.168167114, 162.597732544, 163.027297974, 163.456863403, 163.886444092, 164.304397583, 164.733963013, 165.163528442, 165.593109131, 166.022674561, 166.45223999, 166.88180542, 167.311386108, 167.740951538, 168.170516968, 168.600082397, 169.029663086, 169.459228516, 169.888793945, 170.318359375, 170.736328125, 171.177505493, 171.595458984, 172.025024414, 172.454605103, 172.884170532, 173.313735962, 173.75491333, 174.184494019, 174.614059448, 175.032012939, 175.461578369, 175.891159058, 176.320724487, 176.750289917, 177.168243408, 177.597824097, 178.027389526, 178.456954956, 178.886520386, 179.316101074, 179.745666504, 180.175231934, 180.604797363, 181.034378052, 181.463943481, 181.881896973, 182.311477661, 182.741043091, 183.170608521, 183.60017395, 184.029754639, 184.459320068, 184.888885498, 185.318450928, 185.736419678, 186.165985107, 186.595550537, 187.025115967, 187.454696655, 187.884262085, 188.313827515, 188.743392944, 189.172973633, 189.602539062, 190.032104492, 190.450057983, 190.879638672, 191.309204102, 191.738769531, 192.168334961, 192.597915649, 193.027481079, 193.457046509, 193.886611938, 194.304580688, 194.745758057, 195.163711548, 195.593276978, 196.022857666, 196.452423096, 196.881988525, 197.311553955, 197.741134644, 198.170700073, 198.600265503, 199.029830933, 199.459411621, 199.888977051, 200.31854248, 200.73651123, 201.16607666, 201.59564209, 202.02520752, 202.454788208, 202.872741699, 203.302307129, 203.731872559, 204.161453247, 204.591018677, 205.032196045, 205.461761475, 205.891326904, 206.309295654, 206.738861084, 207.168426514, 207.598007202, 208.027572632, 208.457138062, 208.886703491, 209.31628418, 209.745849609, 210.163803101, 210.59336853, 211.022949219, 211.452514648, 211.882080078, 212.311645508, 212.741226196, 213.170791626, 213.600357056, 214.018310547, 214.447891235, 214.877456665, 215.307022095, 215.736587524, 216.166168213, 216.595733643, 217.025299072, 217.454864502, 217.88444519, 218.31401062, 218.731964111, 219.173141479, 219.591110229, 220.020675659, 220.450241089, 220.879821777, 221.309387207, 221.738952637, 222.168518066, 222.598098755, 223.027664185, 223.457229614, 223.886795044, 224.316360474, 224.745941162, 225.163894653, 225.593460083, 226.023040771, 226.452606201, 226.882171631, 227.311737061, 227.741317749, 228.170883179, 228.600448608, 229.030014038, 229.459594727, 229.877548218, 230.318725586, 230.736679077, 231.166259766, 231.595825195, 232.025390625, 232.454956055, 232.884536743, 233.314102173, 233.743667603, 234.173233032, 234.591201782, 235.020767212, 235.450332642, 235.879898071, 236.30947876, 236.739044189, 237.168609619, 237.598175049, 238.027755737, 238.457321167, 238.886886597, 239.304855347, 239.734420776, 240.163986206, 240.593551636, 241.034729004, 241.464309692, 241.893875122, 242.346664429, 242.787841797, 243.240631104, 243.69342041, 244.111373901, 244.54095459, 244.958908081, 245.376861572, 245.794830322, 246.224395752, 246.66557312, 247.106750488, 247.547927856],
    "bpm_histogram": [0, 0, 0, 0, 0, 0, 0, 0, 0, 0, 0, 0, 0, 0, 0, 0, 0, 0, 0, 0, 0, 0, 0, 0, 0, 0, 0, 0, 0, 0, 0, 0, 0, 0, 0, 0, 0, 0, 0, 0, 0, 0, 0, 0, 0, 0, 0, 0, 0, 0, 0, 0, 0, 0, 0, 0, 0, 0, 0, 0, 0, 0, 0, 0, 0, 0, 0, 0, 0, 0, 0, 0, 0, 0, 0, 0, 0, 0, 0, 0, 0, 0, 0, 0, 0, 0, 0, 0, 0, 0, 0, 0, 0, 0, 0, 0, 0, 0, 0, 0, 0, 0, 0, 0, 0, 0, 0, 0, 0, 0, 0, 0, 0, 0, 0, 0, 0, 0, 0, 0, 0, 0, 0, 0, 0, 0, 0.00521739153191, 0, 0, 0.0121739134192, 0, 0, 0, 0.0139130437747, 0, 0, 0.0539130419493, 0, 0, 0, 0.791304349899, 0, 0, 0, 0.121739126742, 0, 0, 0, 0.00173913047183, 0, 0, 0, 0, 0, 0, 0, 0, 0, 0, 0, 0, 0, 0, 0, 0, 0, 0, 0, 0, 0, 0, 0, 0, 0, 0, 0, 0, 0, 0, 0, 0, 0, 0, 0, 0, 0, 0, 0, 0, 0, 0, 0, 0, 0, 0, 0, 0, 0, 0, 0, 0, 0, 0, 0, 0, 0, 0, 0, 0, 0, 0, 0, 0, 0, 0, 0, 0, 0, 0, 0, 0, 0, 0, 0, 0, 0, 0, 0, 0, 0, 0, 0, 0, 0, 0, 0, 0, 0, 0, 0, 0, 0, 0, 0, 0, 0, 0, 0, 0, 0]
},
"tonal": {
    "chords_changes_rate": 0.0654940083623,
    "chords_number_rate": 0.00280688633211,
    "chords_strength": {
        "mean": 0.542758822441,
        "stdev": 0.139017269015
    },
    "hpcp_crest": {
        "mean": 13.574177742,
        "stdev": 7.00322628021
    },
    "hpcp_entropy": {
        "mean": 2.03421020508,
        "stdev": 0.825090408325
    },
    "key_edma": {
        "strength": 0.729441344738,
        "key": "F#",
        "scale": "major"
    },
    "key_krumhansl": {
        "strength": 0.740985393524,
        "key": "F#",
        "scale": "major"
    },
    "key_temperley": {
        "strength": 0.751507401466,
        "key": "F#",
        "scale": "major"
    },
    "tuning_diatonic_strength": 0.658595919609,
    "tuning_equal_tempered_deviation": 0.224724113941,
    "tuning_frequency": 434.193115234,
    "tuning_nontempered_energy_ratio": 0.936777174473,
    "hpcp": {
        "mean": [0.0961895361543, 0.10420049727, 0.112726420164, 0.156967028975, 0.159010589123, 0.125896960497, 0.14449262619, 0.154199853539, 0.117813438177, 0.106300845742, 0.106397971511, 0.0950730592012, 0.152265906334, 0.174012482166, 0.11271686852, 0.0908119156957, 0.0979730859399, 0.0946937948465, 0.119516067207, 0.117855720222, 0.0772575139999, 0.0640874654055, 0.0581482313573, 0.0622956156731, 0.106620490551, 0.122516095638, 0.127063483, 0.249537095428, 0.250548094511, 0.115155555308, 0.0782995671034, 0.0767299607396, 0.0802881643176, 0.129264906049, 0.153110548854, 0.110839799047],
        "stdev": [0.206560373306, 0.223469793797, 0.226886242628, 0.260756403208, 0.266563296318, 0.237624704838, 0.258710026741, 0.2901006639, 0.224815115333, 0.215188398957, 0.216597020626, 0.200593829155, 0.24118976295, 0.2594152987, 0.199821442366, 0.197123557329, 0.21353366971, 0.207625389099, 0.220005661249, 0.229623168707, 0.161128476262, 0.145175799727, 0.149305507541, 0.154649049044, 0.210047319531, 0.231473490596, 0.214641094208, 0.339738607407, 0.337231040001, 0.195716455579, 0.176108449697, 0.180352717638, 0.179188385606, 0.222922325134, 0.26956936717, 0.209481954575]
    },
    "chords_histogram": [35.4416160583, 4.15419149399, 5.53892230988, 1.45958077908, 9.65568828583, 1.23502993584, 0.280688613653, 0.187125742435, 2.52619767189, 0.112275451422, 1.59056890011, 0.411676645279, 0.0935628712177, 0.0187125746161, 0.187125742435, 10.8158683777, 1.45958077908, 5.70733547211, 0.561377227306, 1.60928142071, 0.392964065075, 2.37649703026, 7.44760465622, 6.73652696609],
    "thpcp": [1, 0.459614574909, 0.312513113022, 0.306248426437, 0.320450097322, 0.515928506851, 0.61110240221, 0.442389309406, 0.383916467428, 0.415890187025, 0.44991928339, 0.626494586468, 0.634650945663, 0.502486228943, 0.576706171036, 0.615450143814, 0.470222860575, 0.424273222685, 0.424660861492, 0.379460304976, 0.607731223106, 0.69452726841, 0.44988116622, 0.362453043461, 0.391035050154, 0.377946585417, 0.477018475533, 0.470391601324, 0.308354020119, 0.255789071321, 0.232084110379, 0.248637348413, 0.425549000502, 0.488992333412, 0.507142066956, 0.995964825153],
    "chords_key": "F#",
    "chords_scale": "major"
}
}