{
"metadata": {
    "version": {
        "essentia": "2.1-dev",
        "essentia_git_sha": "v2.1_beta3-415-gd5473f3",
        "extractor": "music 2.0"
    },
    "audio_properties": {
        "analysis": {
            "equal_loudness": 0,
            "length": 181.629394531,
            "sample_rate": 44100,
            "start_time": 0,
            "downmix": "mix"
        },
        "bit_rate": 192000,
        "length": 181.629394531,
        "lossless": 0,
        "number_channels": 2,
        "replay_gain": -10.500120163,
        "sample_rate": 44100,
        "codec": "mp3",
        "md5_encoded": "8c6e5f1a4960a8d8f5a39f1dd508af4e"
    },
    "tags": {
        "file_name": "gigi_dagostino-un_giorno_credi.mp3",
        "album": ["The original sessions. Vol V. Dance"],
        "artist": ["Varios Artistas"],
        "genre": ["Other"],
        "title": ["Un giorno credi"]
    }
},
"lowlevel": {
    "average_loudness": 0.908630132675,
    "barkbands_crest": {
        "mean": 12.698805809,
        "stdev": 5.91085958481
    },
    "barkbands_flatness_db": {
        "mean": 0.12219324708,
        "stdev": 0.0523540638387
    },
    "barkbands_kurtosis": {
        "mean": 6.96170949936,
        "stdev": 10.4093866348
    },
    "barkbands_skewness": {
        "mean": 2.09666347504,
        "stdev": 1.45729148388
    },
    "barkbands_spread": {
        "mean": 24.4147090912,
        "stdev": 16.0694465637
    },
    "dissonance": {
        "mean": 0.465674191713,
        "stdev": 0.0303973220289
    },
    "dynamic_complexity": 2.72257566452,
    "erbbands_crest": {
        "mean": 7.21374607086,
        "stdev": 3.91124749184
    },
    "erbbands_flatness_db": {
        "mean": 0.121620684862,
        "stdev": 0.0530151277781
    },
    "erbbands_kurtosis": {
        "mean": 0.362906992435,
        "stdev": 2.16024184227
    },
    "erbbands_skewness": {
        "mean": 0.467568129301,
        "stdev": 0.746592283249
    },
    "erbbands_spread": {
        "mean": 50.3935852051,
        "stdev": 23.8727283478
    },
    "hfc": {
        "mean": 35.0705718994,
        "stdev": 37.9780464172
    },
    "loudness_ebu128": {
        "integrated": -11.58319664,
        "loudness_range": 5.73324394226,
        "momentary": {
            "mean": -15.2280454636,
            "stdev": 26.5788955688
        },
        "short_term": {
            "mean": -12.3001947403,
            "stdev": 3.13919520378
        }
    },
    "melbands_crest": {
        "mean": 16.3812122345,
        "stdev": 7.09688806534
    },
    "melbands_flatness_db": {
        "mean": 0.191297635436,
        "stdev": 0.0700182169676
    },
    "melbands_kurtosis": {
        "mean": 26.9919300079,
        "stdev": 38.4083824158
    },
    "melbands_skewness": {
        "mean": 3.71912026405,
        "stdev": 2.44404029846
    },
    "melbands_spread": {
        "mean": 21.3499927521,
        "stdev": 23.1999397278
    },
    "pitch_salience": {
        "mean": 0.519559383392,
        "stdev": 0.18132199347
    },
    "silence_rate_20dB": {
        "mean": 1,
        "stdev": 0
    },
    "silence_rate_30dB": {
        "mean": 0.960122704506,
        "stdev": 0.195664003491
    },
    "silence_rate_60dB": {
        "mean": 0.0600715763867,
        "stdev": 0.237607181072
    },
    "spectral_centroid": {
        "mean": 1515.75805664,
        "stdev": 1224.25610352
    },
    "spectral_complexity": {
        "mean": 21.8011245728,
        "stdev": 10.5112991333
    },
    "spectral_decrease": {
        "mean": -1.11722506801e-08,
        "stdev": 8.58726334485e-09
    },
    "spectral_energy": {
        "mean": 0.0453475788236,
        "stdev": 0.0344298444688
    },
    "spectral_energyband_high": {
        "mean": 0.00263734767213,
        "stdev": 0.00390029861592
    },
    "spectral_energyband_low": {
        "mean": 0.0270580090582,
        "stdev": 0.0293558035046
    },
    "spectral_energyband_middle_high": {
        "mean": 0.00450260704383,
        "stdev": 0.00426113884896
    },
    "spectral_energyband_middle_low": {
        "mean": 0.0126077337191,
        "stdev": 0.0121955480427
    },
    "spectral_entropy": {
        "mean": 7.88408565521,
        "stdev": 0.49580386281
    },
    "spectral_flux": {
        "mean": 0.106558360159,
        "stdev": 0.0607628896832
    },
    "spectral_kurtosis": {
        "mean": 3.28849959373,
        "stdev": 3.75537776947
    },
    "spectral_rms": {
        "mean": 0.00603081937879,
        "stdev": 0.0028055049479
    },
    "spectral_rolloff": {
        "mean": 1613.71704102,
        "stdev": 2551.89575195
    },
    "spectral_skewness": {
        "mean": 1.47318530083,
        "stdev": 0.555566728115
    },
    "spectral_spread": {
        "mean": 6675775.5,
        "stdev": 4117410.75
    },
    "spectral_strongpeak": {
        "mean": 0.760862767696,
        "stdev": 0.828359186649
    },
    "zerocrossingrate": {
        "mean": 0.0736837908626,
        "stdev": 0.062551535666
    },
    "barkbands": {
        "mean": [0.000574908975977, 0.0200024079531, 0.00522160949185, 0.00218409555964, 0.0025061883498, 0.00246272492222, 0.00205171108246, 0.00174883380532, 0.00129430030938, 0.00104505324271, 0.00068015884608, 0.00057305075461, 0.000411086715758, 0.000383735547075, 0.000328598485794, 0.000296041922411, 0.000250292156124, 0.000256252038525, 0.000265929411398, 0.000358891498763, 0.00029213578091, 0.000373401649995, 0.000448232574854, 0.000568411371205, 0.000565386784729, 0.000195610278752, 8.50656488183e-06],
        "stdev": [0.00163736240938, 0.0257617682219, 0.011555111967, 0.00453394139186, 0.00368004455231, 0.00392285035923, 0.00397844612598, 0.00379416462965, 0.00208382331766, 0.0020571637433, 0.00144508027006, 0.000965358573012, 0.000597005244344, 0.00051431346219, 0.000422886456363, 0.000378153898055, 0.000308959803078, 0.000372668291675, 0.000355902389856, 0.000445004901849, 0.000420032680267, 0.000704614096321, 0.000975553120952, 0.000905734719709, 0.000935723131988, 0.000313419266604, 1.57353097165e-05]
    },
    "erbbands": {
        "mean": [0.631774008274, 4.22287416458, 6.261739254, 7.51534318924, 6.62058115005, 9.04755878448, 13.9967155457, 22.2061290741, 29.1924324036, 29.9468917847, 39.5560340881, 31.6731376648, 33.6465110779, 28.8455314636, 23.5829467773, 22.7923488617, 19.6721553802, 19.3740463257, 19.2227287292, 16.3734340668, 15.6159133911, 14.2353687286, 14.0189085007, 12.9520139694, 15.3238697052, 16.3708057404, 12.0372753143, 11.9038877487, 14.0480279922, 12.9216022491, 13.5108251572, 11.9441080093, 8.547290802, 6.81064128876, 3.72028684616, 1.19801414013, 0.28566378355, 0.0440110750496, 0.00104810565244, 9.47324078879e-05],
        "stdev": [0.917794823647, 5.46972799301, 10.7706947327, 13.6251583099, 12.3376464844, 14.0998687744, 23.8330993652, 36.9639167786, 57.7155990601, 59.1018943787, 80.2462921143, 45.8052635193, 54.7821350098, 61.1574897766, 39.0340194702, 37.7222824097, 27.2650489807, 24.2242565155, 23.2981739044, 19.1251602173, 18.5946311951, 17.1819419861, 19.7230300903, 19.5235919952, 19.8192539215, 20.2506713867, 16.8443107605, 17.5873432159, 26.4519710541, 27.3541736603, 29.4077568054, 18.7383232117, 14.3372297287, 11.3408479691, 6.27788877487, 1.9099406004, 0.464745044708, 0.0738688260317, 0.0017195653636, 9.5407536719e-05]
    },
    "gfcc": {
        "mean": [18.193447113, 65.4820022583, -100.656654358, 24.0495128632, -66.6447753906, 22.2617340088, -40.5180778503, 16.8478031158, -24.2569656372, 8.88646697998, -16.4506645203, 2.08462691307, -12.6739044189],
        "cov": [[24294.421875, -597.105102539, 25.6869049072, 1558.75048828, -564.911376953, 1284.69104004, -296.450653076, 800.476745605, -535.477478027, 434.506652832, -358.068359375, 231.729537964, -51.3052940369], [-597.105102539, 1134.74060059, -246.077713013, -218.406967163, -7.94491052628, -219.401855469, -81.4742050171, -133.077941895, 70.814781189, -87.5658187866, 59.1352806091, -88.5119018555, -25.0670394897], [25.6869049072, -246.077713013, 1003.06890869, 474.060516357, 364.083770752, 418.090484619, 250.458999634, 236.039718628, 66.9605865479, 132.139755249, 67.4777984619, 54.1146278381, 85.4013442993], [1558.75048828, -218.406967163, 474.060516357, 552.526062012, 210.974212646, 335.468292236, 155.410751343, 194.092330933, 19.3914031982, 112.442512512, 37.7599868774, 68.7394485474, 90.6901473999], [-564.911376953, -7.94491052628, 364.083770752, 210.974212646, 356.653656006, 214.514938354, 178.307052612, 134.675521851, 55.5757331848, 62.1219978333, 52.5762825012, 32.8689575195, 71.5581436157], [1284.69104004, -219.401855469, 418.090484619, 335.468292236, 214.514938354, 433.006011963, 205.161315918, 227.271865845, 23.0449848175, 117.597114563, 30.387966156, 57.1933670044, 74.7901992798], [-296.450653076, -81.4742050171, 250.458999634, 155.410751343, 178.307052612, 205.161315918, 239.160812378, 145.546325684, 52.1763267517, 63.1059646606, 47.1181869507, 42.3087730408, 57.7045326233], [800.476745605, -133.077941895, 236.039718628, 194.092330933, 134.675521851, 227.271865845, 145.546325684, 217.169952393, 59.0281410217, 98.2829055786, 40.4376983643, 45.4272079468, 50.4620323181], [-535.477478027, 70.814781189, 66.9605865479, 19.3914031982, 55.5757331848, 23.0449848175, 52.1763267517, 59.0281410217, 124.688194275, 48.2884979248, 61.6305389404, 11.2691869736, 18.9875011444], [434.506652832, -87.5658187866, 132.139755249, 112.442512512, 62.1219978333, 117.597114563, 63.1059646606, 98.2829055786, 48.2884979248, 114.886291504, 52.9668769836, 33.6390724182, 33.2885551453], [-358.068359375, 59.1352806091, 67.4777984619, 37.7599868774, 52.5762825012, 30.387966156, 47.1181869507, 40.4376983643, 61.6305389404, 52.9668769836, 100.647010803, 38.199672699, 34.0534629822], [231.729537964, -88.5119018555, 54.1146278381, 68.7394485474, 32.8689575195, 57.1933670044, 42.3087730408, 45.4272079468, 11.2691869736, 33.6390724182, 38.199672699, 77.1137161255, 45.2953186035], [-51.3052940369, -25.0670394897, 85.4013442993, 90.6901473999, 71.5581436157, 74.7901992798, 57.7045326233, 50.4620323181, 18.9875011444, 33.2885551453, 34.0534629822, 45.2953186035, 94.6619796753]],
        "icov": [[0.000246836978476, -0.000403355254093, 0.000283619214315, -0.000698995252606, 0.000691196066327, -0.000732582178898, 0.000963244470768, -0.0011956053786, 0.00101816316601, -0.000823180540465, 0.00104651483707, -0.00113305740524, 0.000798175460659], [-0.000403355254093, 0.00203436263837, -0.000160006355145, 0.00115898181684, -0.00157237076201, 0.00120002159383, -0.00131649838295, 0.00219810428098, -0.00230490183458, 0.0025975825265, -0.00358274322934, 0.00386032974347, -0.00178408040665], [0.000283619214315, -0.000160006355145, 0.00269801402465, -0.00190387887415, -0.000472579267807, -0.00175412243698, 0.000860858941451, -0.000967519474216, 0.000702880322933, -0.000818573927972, 0.000455343222711, -0.000443688157247, 0.00143076549284], [-0.000698995252606, 0.00115898181684, -0.00190387887415, 0.00632539438084, -0.00223826873116, 0.000375798961613, -0.0018114799168, 0.00263506523333, -0.00218903413042, 0.00156641530339, -0.0025418610312, 0.00225257780403, -0.00359487906098], [0.000691196066327, -0.00157237076201, -0.000472579267807, -0.00223826873116, 0.00805404689163, -0.00263130385429, 0.000364725507097, -0.00352900661528, 0.0024035165552, -0.0014998750994, 0.00241588568315, -0.00232602399774, 0.000467700243462], [-0.000732582178898, 0.00120002159383, -0.00175412243698, 0.000375798961613, -0.00263130385429, 0.0110673904419, -0.00538844661787, -0.000977119081654, -0.000181308379979, -0.000216293876292, -0.00144699215889, 0.00340325711295, -0.00280166254379], [0.000963244470768, -0.00131649838295, 0.000860858941451, -0.0018114799168, 0.000364725507097, -0.00538844661787, 0.0138099789619, -0.00774128269404, 0.00273128366098, -0.000899103935808, 0.00236091017723, -0.00500043015927, 0.00213389424607], [-0.0011956053786, 0.00219810428098, -0.000967519474216, 0.00263506523333, -0.00352900661528, -0.000977119081654, -0.00774128269404, 0.020957197994, -0.0093936836347, -0.00103168922942, -0.00248590204865, 0.00356661481783, -0.00329600996338], [0.00101816316601, -0.00230490183458, 0.000702880322933, -0.00218903413042, 0.0024035165552, -0.000181308379979, 0.00273128366098, -0.0093936836347, 0.019081518054, -0.00623810989782, -0.00209199124947, -0.00197601132095, 0.00313783599995], [-0.000823180540465, 0.0025975825265, -0.000818573927972, 0.00156641530339, -0.0014998750994, -0.000216293876292, -0.000899103935808, -0.00103168922942, -0.00623810989782, 0.023216702044, -0.0121018653736, 0.0051613887772, -0.00314702000469], [0.00104651483707, -0.00358274322934, 0.000455343222711, -0.0025418610312, 0.00241588568315, -0.00144699215889, 0.00236091017723, -0.00248590204865, -0.00209199124947, -0.0121018653736, 0.0278898309916, -0.0148537596688, 0.00259562046267], [-0.00113305740524, 0.00386032974347, -0.000443688157247, 0.00225257780403, -0.00232602399774, 0.00340325711295, -0.00500043015927, 0.00356661481783, -0.00197601132095, 0.0051613887772, -0.0148537596688, 0.0305623020977, -0.0118323983625], [0.000798175460659, -0.00178408040665, 0.00143076549284, -0.00359487906098, 0.000467700243462, -0.00280166254379, 0.00213389424607, -0.00329600996338, 0.00313783599995, -0.00314702000469, 0.00259562046267, -0.0118323983625, 0.0201988108456]]
    },
    "melbands": {
        "mean": [0.00566701497883, 0.00419107405469, 0.00129159458447, 0.000543812464457, 0.000475570152048, 0.000501583621372, 0.000440912874183, 0.000341353676049, 0.000307891285047, 0.000192507897737, 0.000167498234077, 0.000119414522487, 8.04717637948e-05, 6.78603173583e-05, 4.65210250695e-05, 4.42778436991e-05, 3.52450078935e-05, 3.13960044878e-05, 2.45689370786e-05, 2.2694672225e-05, 1.68497081177e-05, 1.55001962412e-05, 1.23941044876e-05, 1.17244007924e-05, 1.02248177427e-05, 9.69284337771e-06, 1.2684579815e-05, 1.0812103028e-05, 7.68625068304e-06, 6.84225642544e-06, 6.77658317727e-06, 8.25173538033e-06, 7.05252796251e-06, 7.36715765015e-06, 8.3092281784e-06, 7.23896937416e-06, 7.18319643056e-06, 6.29309215583e-06, 5.25655013917e-06, 6.09866765444e-06],
        "stdev": [0.00756387040019, 0.00524376193061, 0.00228222599253, 0.000866459507961, 0.000730383384507, 0.000804756418802, 0.000838637235574, 0.000689887732733, 0.000629589834716, 0.000286396767478, 0.00028976649628, 0.000256556289969, 0.000147614307934, 0.00011443936819, 8.4446517576e-05, 6.22265870334e-05, 4.85242344439e-05, 4.10466855101e-05, 3.42521270795e-05, 2.87826660497e-05, 2.1877569452e-05, 1.96289674932e-05, 1.55084926519e-05, 2.00890663109e-05, 1.63771928783e-05, 1.30275666379e-05, 1.96429245989e-05, 1.36732005558e-05, 1.08084504973e-05, 9.9614417195e-06, 1.05958151835e-05, 1.53641558427e-05, 1.58647653734e-05, 1.61179614224e-05, 1.92742336367e-05, 1.30712178361e-05, 1.12924508358e-05, 1.12709476525e-05, 8.37208335724e-06, 1.05118670035e-05]
    },
    "melbands128": {
        "mean": [0.000528175616637, 0.00469434866682, 0.00849597062916, 0.00640836637467, 0.00354490382597, 0.00252689560875, 0.0015957406722, 0.000968522275798, 0.000594631826971, 0.000518115586601, 0.000568530231249, 0.000432328030001, 0.000490893842652, 0.000459105242044, 0.00052925205091, 0.000473788124509, 0.00054370687576, 0.000407985848142, 0.000434249901446, 0.000275860715192, 0.000344116706401, 0.000388375920011, 0.000322090199916, 0.000224583927775, 0.00018162993365, 0.000220836154767, 0.000103274694993, 0.000187378012924, 0.000207499106182, 9.052157111e-05, 0.000119124619232, 0.000109846230771, 5.80872583669e-05, 8.21499925223e-05, 7.0710098953e-05, 6.65482439217e-05, 5.80754094699e-05, 5.41015288036e-05, 2.80882795778e-05, 4.47678612545e-05, 5.9093687014e-05, 2.65641829174e-05, 3.51118032995e-05, 3.74254777853e-05, 3.83783226425e-05, 2.91247124551e-05, 2.53495454672e-05, 3.12523516186e-05, 2.03454146686e-05, 1.56456917466e-05, 2.92678560072e-05, 2.26982465392e-05, 1.51843769345e-05, 1.57564863912e-05, 1.64406519616e-05, 1.74683245859e-05, 1.27298999359e-05, 9.66136394709e-06, 1.39739167935e-05, 1.46582942762e-05, 1.07683144961e-05, 8.88933300303e-06, 1.38096147566e-05, 8.78098762769e-06, 8.46770399221e-06, 9.15765212994e-06, 1.01322011687e-05, 1.29926311274e-05, 1.53563250933e-05, 1.02533113022e-05, 7.62918671171e-06, 1.56914811669e-05, 7.48194906919e-06, 6.14028249402e-06, 6.78842479829e-06, 7.88578745414e-06, 5.66976723348e-06, 7.01490353094e-06, 7.79236324888e-06, 4.7754406296e-06, 9.81599805527e-06, 8.70941403264e-06, 6.9025945777e-06, 7.13450890544e-06, 7.17985358278e-06, 5.97465395913e-06, 7.31728232495e-06, 1.02604053609e-05, 8.89306556928e-06, 6.73844715493e-06, 5.67877350477e-06, 8.21207686386e-06, 8.81588039192e-06, 5.57613657293e-06, 8.13518363429e-06, 6.65524748911e-06, 5.85155066801e-06, 5.26164831172e-06, 5.33261572855e-06, 5.32513195139e-06, 5.25839504917e-06, 6.74330203765e-06, 6.30046451988e-06, 5.66715016248e-06, 3.49549168277e-06, 3.78227923648e-06, 2.90620141641e-06, 2.52843256021e-06, 2.16480088966e-06, 1.28063231841e-06, 1.23574454847e-06, 8.94464278645e-07, 8.36578522012e-07, 8.28886300042e-07, 5.53505969947e-07, 4.43477546241e-07, 3.43594393826e-07, 4.20813428548e-08, 9.06800676215e-12, 8.00048482325e-12, 7.72287008649e-12, 7.50212045264e-12, 7.31001110338e-12, 7.15952037239e-12, 7.0331427314e-12, 6.94127090875e-12, 6.87443851843e-12, 6.82583416872e-12],
        "stdev": [0.00125867384486, 0.00766660552472, 0.0118521181867, 0.00875509995967, 0.00554992817342, 0.0056684021838, 0.00304257613607, 0.00213812245056, 0.00128756498452, 0.00101963186171, 0.00110679597128, 0.000791355036199, 0.0010033082217, 0.00106478389353, 0.00107987306546, 0.00113173923455, 0.00140937662218, 0.00104834989179, 0.00114766182378, 0.000768182449974, 0.00107285799459, 0.00108062312938, 0.000848195690196, 0.00071568536805, 0.000333396892529, 0.000413630419644, 0.000250657496508, 0.000380339595722, 0.000571343232878, 0.00027271345607, 0.000395066104829, 0.000343916530255, 0.000142062082887, 0.000202680181246, 0.000165666759131, 0.000150080973981, 0.000150420790305, 0.000130333850393, 9.06535642571e-05, 7.89093537605e-05, 9.57758311415e-05, 5.46733426745e-05, 6.45597101538e-05, 6.33762829239e-05, 7.14734560461e-05, 4.67467471026e-05, 4.94393061672e-05, 5.92367505305e-05, 3.06985348288e-05, 2.89950294246e-05, 4.37809394498e-05, 3.34789292538e-05, 2.54607348324e-05, 2.66953338723e-05, 2.59061544057e-05, 2.69359206868e-05, 1.94552503672e-05, 1.80606912181e-05, 1.92165407498e-05, 2.45696846832e-05, 2.83311801468e-05, 1.78120608325e-05, 2.6558405807e-05, 1.53640085045e-05, 1.97064891836e-05, 1.52280681505e-05, 1.56271617016e-05, 2.22255584958e-05, 2.78340630757e-05, 1.78658556251e-05, 1.1858724065e-05, 2.44314069278e-05, 1.06863726614e-05, 1.04353403003e-05, 1.30372991407e-05, 1.31858841996e-05, 8.63183686306e-06, 1.239197627e-05, 1.40519168781e-05, 8.62286196934e-06, 1.96181244974e-05, 1.7003967514e-05, 1.97202371055e-05, 1.77270394488e-05, 1.49218076331e-05, 1.64284228958e-05, 1.70170042111e-05, 2.53434227488e-05, 2.09004501812e-05, 1.90315440705e-05, 1.20811428133e-05, 1.67490361491e-05, 1.25938304336e-05, 1.00023471532e-05, 1.42825811054e-05, 1.33889152494e-05, 1.24392054204e-05, 8.81588221091e-06, 8.69014729687e-06, 8.79126218933e-06, 1.02055291791e-05, 1.1703356904e-05, 1.22137171275e-05, 9.69268057815e-06, 7.11079337634e-06, 6.59096758682e-06, 4.83254734718e-06, 4.18993431595e-06, 3.50235768565e-06, 2.18704485633e-06, 2.37170706896e-06, 1.67433904608e-06, 1.44557293424e-06, 1.49792651882e-06, 9.78186562861e-07, 8.101117146e-07, 6.29765850135e-07, 8.61745377279e-08, 1.38653324933e-11, 1.27008126238e-11, 1.2281163933e-11, 1.19403384749e-11, 1.16529823985e-11, 1.14189664668e-11, 1.12224960228e-11, 1.1072113712e-11, 1.09624991376e-11, 1.08954702899e-11]
    },
    "mfcc": {
        "mean": [-620.373901367, 100.386642456, 16.3143634796, 7.71006441116, 1.62620019913, 1.72999954224, 0.288426220417, 2.1698346138, 0.89065515995, 4.38122653961, -0.108403421938, 1.91785991192, 0.708182394505],
        "cov": [[9381.78808594, -568.144958496, 1041.98205566, 495.655853271, 486.681427002, 453.776062012, 574.565002441, 338.85546875, 346.871673584, 235.563461304, 14.6644763947, 24.5336170197, 180.459014893], [-568.144958496, 1195.69091797, -219.154510498, -75.7203216553, -52.7699623108, -121.173286438, -167.909011841, -83.59815979, -116.417991638, -51.8045425415, 16.5777873993, -2.74354171753, -76.2850189209], [1041.98205566, -219.154510498, 659.678833008, 209.35987854, 246.85395813, 223.602767944, 248.754516602, 148.934432983, 156.760009766, 130.167694092, 83.5698394775, 68.9058151245, 85.2256011963], [495.655853271, -75.7203216553, 209.35987854, 254.851135254, 152.417755127, 108.584129333, 123.73878479, 69.3464431763, 80.5641708374, 46.6249542236, 29.4281196594, 20.8721523285, 55.2923355103], [486.681427002, -52.7699623108, 246.85395813, 152.417755127, 276.161437988, 150.42326355, 173.21194458, 96.4631729126, 117.459831238, 89.5285949707, 41.8269462585, 44.0630378723, 52.9146614075], [453.776062012, -121.173286438, 223.602767944, 108.584129333, 150.42326355, 199.497207642, 189.624679565, 101.25717926, 112.020256042, 70.6092605591, 31.2319335938, 29.4543762207, 50.4263343811], [574.565002441, -167.909011841, 248.754516602, 123.73878479, 173.21194458, 189.624679565, 315.060302734, 150.100875854, 167.946121216, 100.375808716, 40.6370391846, 47.717540741, 74.1732025146], [338.85546875, -83.59815979, 148.934432983, 69.3464431763, 96.4631729126, 101.25717926, 150.100875854, 149.936538696, 104.918708801, 65.1758651733, 39.2766036987, 32.6255187988, 38.9701957703], [346.871673584, -116.417991638, 156.760009766, 80.5641708374, 117.459831238, 112.020256042, 167.946121216, 104.918708801, 164.64201355, 95.4411010742, 32.8892555237, 38.5308876038, 52.1123199463], [235.563461304, -51.8045425415, 130.167694092, 46.6249542236, 89.5285949707, 70.6092605591, 100.375808716, 65.1758651733, 95.4411010742, 112.129936218, 56.8642730713, 43.753074646, 33.8019065857], [14.6644763947, 16.5777873993, 83.5698394775, 29.4281196594, 41.8269462585, 31.2319335938, 40.6370391846, 39.2766036987, 32.8892555237, 56.8642730713, 103.035247803, 56.8231239319, 22.5159015656], [24.5336170197, -2.74354171753, 68.9058151245, 20.8721523285, 44.0630378723, 29.4543762207, 47.717540741, 32.6255187988, 38.5308876038, 43.753074646, 56.8231239319, 86.5884094238, 43.1149673462], [180.459014893, -76.2850189209, 85.2256011963, 55.2923355103, 52.9146614075, 50.4263343811, 74.1732025146, 38.9701957703, 52.1123199463, 33.8019065857, 22.5159015656, 43.1149673462, 84.8011932373]],
        "icov": [[0.000138650793815, 9.1552219601e-06, -0.000161851741723, -9.70011897152e-05, 3.61305501428e-06, 1.21890479932e-05, -6.49250723654e-05, -9.38873272389e-05, 6.64957260597e-05, -0.00014058664965, 0.000196082415641, 0.000126926941448, -7.18968949514e-05], [9.1552219601e-06, 0.00100017082877, 0.000268931908067, -4.66822748422e-05, -0.000442095013568, 0.000184396994882, 0.000189287165995, -2.36543037317e-05, 0.00039438114618, 3.65492305718e-05, -0.00039199492312, -0.000391035660869, 0.000697889656294], [-0.000161851741723, 0.000268931908067, 0.00331367971376, -0.000893026415724, -0.000825557799544, -0.00164474977646, -8.01660644356e-05, -0.000366836116882, 0.000704005011357, -0.0010189472232, -0.000872787262779, -0.000427389721153, -7.21175229046e-06], [-9.70011897152e-05, -4.66822748422e-05, -0.000893026415724, 0.00702800182626, -0.00268862326629, -0.000316432007821, 7.92369828559e-05, 0.000130878135678, -0.00103827472776, 0.00216483930126, -0.00165548315272, 0.00222457642667, -0.00270046317019], [3.61305501428e-06, -0.000442095013568, -0.000825557799544, -0.00268862326629, 0.00858951266855, -0.00274718832225, -0.000666669860948, 4.36629379692e-05, -0.000453566637589, -0.00263478769921, 0.00138965784572, -0.00155522138812, 0.000764963275287], [1.21890479932e-05, 0.000184396994882, -0.00164474977646, -0.000316432007821, -0.00274718832225, 0.0149655183777, -0.00542658986524, -0.000869901676197, -0.000843013171107, 0.000707163126208, -0.000427419232437, 0.00154901831411, -0.0004773279652], [-6.49250723654e-05, 0.000189287165995, -8.01660644356e-05, 7.92369828559e-05, -0.000666669860948, -0.00542658986524, 0.0115947471932, -0.00376030383632, -0.00464239157736, 0.000301127234707, 0.000726394471712, -0.000453687622212, -0.00166271917988], [-9.38873272389e-05, -2.36543037317e-05, -0.000366836116882, 0.000130878135678, 4.36629379692e-05, -0.000869901676197, -0.00376030383632, 0.0151608493179, -0.00523455860093, 0.00137692992575, -0.00318061071448, 0.000333506526658, 0.000616630422883], [6.64957260597e-05, 0.00039438114618, 0.000704005011357, -0.00103827472776, -0.000453566637589, -0.000843013171107, -0.00464239157736, -0.00523455860093, 0.0222297497094, -0.0126128382981, 0.0047051506117, -0.000876909296494, -0.00200351490639], [-0.00014058664965, 3.65492305718e-05, -0.0010189472232, 0.00216483930126, -0.00263478769921, 0.000707163126208, 0.000301127234707, 0.00137692992575, -0.0126128382981, 0.0257358513772, -0.00946687161922, -0.000766070617829, 0.000667582382448], [0.000196082415641, -0.00039199492312, -0.000872787262779, -0.00165548315272, 0.00138965784572, -0.000427419232437, 0.000726394471712, -0.00318061071448, 0.0047051506117, -0.00946687161922, 0.0205010361969, -0.0106150899082, 0.00223573576659], [0.000126926941448, -0.000391035660869, -0.000427389721153, 0.00222457642667, -0.00155522138812, 0.00154901831411, -0.000453687622212, 0.000333506526658, -0.000876909296494, -0.000766070617829, -0.0106150899082, 0.0244832392782, -0.0101351020858], [-7.18968949514e-05, 0.000697889656294, -7.21175229046e-06, -0.00270046317019, 0.000764963275287, -0.0004773279652, -0.00166271917988, 0.000616630422883, -0.00200351490639, 0.000667582382448, 0.00223573576659, -0.0101351020858, 0.0208429954946]]
    },
    "spectral_contrast_coeffs": {
        "mean": [-0.703369736671, -0.765016376972, -0.774094820023, -0.801151335239, -0.796695649624, -0.791794359684],
        "stdev": [0.0933262258768, 0.0725346505642, 0.057669699192, 0.0445443876088, 0.0363404676318, 0.0319445505738]
    },
    "spectral_contrast_valleys": {
        "mean": [-6.99439287186, -6.57952165604, -7.29398298264, -7.68404340744, -7.68145370483, -9.62057781219],
        "stdev": [2.52138662338, 2.34554219246, 2.28834819794, 2.26339101791, 2.32168292999, 2.29091191292]
    }
},
"rhythm": {
    "beats_count": 386,
    "beats_loudness": {
        "mean": 0.0628552138805,
        "stdev": 0.0397479198873
    },
    "bpm": 134.756408691,
    "bpm_histogram_first_peak_bpm": 136,
    "bpm_histogram_first_peak_weight": 0.356401324272,
    "bpm_histogram_second_peak_bpm": 129,
    "bpm_histogram_second_peak_spread": 0.28125,
    "bpm_histogram_second_peak_weight": 0.0597402602434,
    "danceability": 1.07335937023,
    "onset_rate": 3.5562953949,
    "beats_loudness_band_ratio": {
        "mean": [0.450238645077, 0.147486269474, 0.186682939529, 0.0913561880589, 0.0428621545434, 0.10629145056],
        "stdev": [0.295864224434, 0.146617025137, 0.202018082142, 0.113677240908, 0.0447827205062, 0.104070492089]
    },
    "beats_position": [0.46439909935, 0.940408170223, 1.4164172411, 1.86920630932, 2.32199549675, 2.76317453384, 3.21596360207, 3.66875267029, 4.1099319458, 4.55111122131, 4.99229001999, 5.4334692955, 5.87464857101, 6.32743740082, 6.78022670746, 7.22140598297, 7.66258478165, 8.10376358032, 8.54494285583, 8.98612213135, 9.42730140686, 9.86848068237, 10.3096599579, 10.7624483109, 11.2152376175, 11.656416893, 12.0975961685, 12.538775444, 12.9799547195, 13.4211339951, 13.8623123169, 14.3151016235, 14.7678909302, 15.2090702057, 15.6502494812, 16.0914287567, 16.5326080322, 16.9737873077, 17.426574707, 17.8793640137, 18.3205432892, 18.7617225647, 19.2029018402, 19.6440811157, 20.0852603912, 20.5380496979, 20.9908390045, 21.43201828, 21.8731975555, 22.3143768311, 22.7555541992, 23.1967334747, 23.6495227814, 24.102312088, 24.5434913635, 24.984670639, 25.4258499146, 25.8670291901, 26.3198184967, 26.7726078033, 27.2137870789, 27.6549663544, 28.0961437225, 28.537322998, 28.9785022736, 29.4312915802, 29.8840808868, 30.3252601624, 30.7664394379, 31.2076187134, 31.6487979889, 32.0899772644, 32.5311546326, 32.9839439392, 33.4367332458, 33.8779144287, 34.3190917969, 34.7718811035, 35.2246704102, 35.6658477783, 36.1302490234, 36.5830383301, 37.0474357605, 37.5698852539, 38.1039466858, 38.6263923645, 39.1720619202, 39.7293434143, 40.2634010315, 40.7974586487, 41.3315200806, 41.88879776, 42.4344673157, 43.0962333679, 43.7580032349, 44.4197731018, 45.1163711548, 45.8245811462, 46.5211791992, 47.2177772522, 47.9027671814, 48.5761451721, 49.2495231628, 49.9229011536, 50.573059082, 51.2232208252, 51.8849868774, 52.3377761841, 52.7789573669, 53.2201347351, 53.6729240417, 54.1257133484, 54.5668907166, 55.0196800232, 55.4724693298, 55.9252586365, 56.3780479431, 56.8308372498, 57.2952384949, 57.7596359253, 58.2124252319, 58.6768226624, 59.1412239075, 59.6056213379, 60.070022583, 60.5344200134, 60.9988212585, 61.4516105652, 61.9043960571, 62.34557724, 62.7867546082, 63.227935791, 63.6691131592, 64.1219024658, 64.563079834, 65.0158691406, 65.4570541382, 65.8982315063, 66.3394088745, 66.7805862427, 67.2217712402, 67.6629486084, 68.115737915, 68.5685272217, 69.0097045898, 69.450881958, 69.8920593262, 70.3332443237, 70.7744216919, 71.2272109985, 71.6800003052, 72.1211776733, 72.5623550415, 73.0035324097, 73.4447174072, 73.8858947754, 74.338684082, 74.7914733887, 75.2442626953, 75.7086639404, 76.1846694946, 76.6606826782, 77.1366882324, 77.6126937866, 78.0887069702, 78.5531082153, 79.005897522, 79.4470748901, 79.8998641968, 80.3410415649, 80.7822189331, 81.2233963013, 81.6645812988, 82.105758667, 82.5585479736, 83.0113372803, 83.4525146484, 83.8936920166, 84.3348770142, 84.7760543823, 85.2172317505, 85.6700210571, 86.1228103638, 86.5639877319, 87.0051651001, 87.4463500977, 87.8875274658, 88.328704834, 88.7698822021, 89.2226715088, 89.6754608154, 90.116645813, 90.5578231812, 90.9990005493, 91.4401779175, 91.8929672241, 92.3457565308, 92.7869338989, 93.2281188965, 93.6692962646, 94.1104736328, 94.551651001, 94.9928359985, 95.4456253052, 95.8984146118, 96.33959198, 96.7807693481, 97.2219467163, 97.6631240845, 98.104309082, 98.5570983887, 99.0098876953, 99.4510650635, 99.8922424316, 100.3334198, 100.774604797, 101.215782166, 101.668571472, 102.121360779, 102.562538147, 103.003715515, 103.444892883, 103.886077881, 104.327255249, 104.768432617, 105.221221924, 105.67401123, 106.115188599, 106.556373596, 107.009155273, 107.46194458, 107.903129578, 108.344306946, 108.692604065, 109.040908813, 109.389205933, 109.737503052, 110.097412109, 110.457321167, 110.817230225, 111.177139282, 111.629928589, 112.094329834, 112.547119141, 112.999908447, 113.452697754, 113.905487061, 114.369888306, 114.822669983, 115.27545929, 115.728248596, 116.192649841, 116.657051086, 117.121452332, 117.585845947, 118.050247192, 118.514648438, 118.979042053, 119.43183136, 119.884620667, 120.337409973, 120.79019928, 121.231384277, 121.672561646, 122.113739014, 122.554916382, 122.99609375, 123.448883057, 123.901672363, 124.342857361, 124.784034729, 125.225212097, 125.666389465, 126.107574463, 126.56036377, 127.013153076, 127.454330444, 127.895507812, 128.336685181, 128.777862549, 129.219039917, 129.671829224, 130.12461853, 130.565795898, 131.006988525, 131.448165894, 131.889343262, 132.33052063, 132.783309937, 133.236099243, 133.677276611, 134.118453979, 134.559631348, 135.000808716, 135.441986084, 135.894775391, 136.347564697, 136.788757324, 137.229934692, 137.671112061, 138.112289429, 138.553466797, 139.006256104, 139.45904541, 139.900222778, 140.341400146, 140.782577515, 141.223754883, 141.66494751, 142.106124878, 142.558914185, 143.011703491, 143.452880859, 143.894058228, 144.335235596, 144.776412964, 145.217590332, 145.670379639, 146.123168945, 146.564346313, 147.005523682, 147.446716309, 147.887893677, 148.340682983, 148.79347229, 149.234649658, 149.675827026, 150.117004395, 150.558181763, 150.999359131, 151.440536499, 151.893325806, 152.346115112, 152.78729248, 153.228485107, 153.669662476, 154.110839844, 154.552017212, 155.004806519, 155.457595825, 155.898773193, 156.339950562, 156.78112793, 157.222305298, 157.663482666, 158.116271973, 158.569061279, 159.010253906, 159.474639893, 159.950653076, 160.42666626, 160.891067505, 161.343856812, 161.796646118, 162.284255981, 162.783493042, 163.271102905, 163.839996338, 164.420501709, 165.01260376, 165.604721069, 166.185211182, 166.765716553, 167.346206665, 167.938323975, 168.530426025, 169.134140015, 169.726257324, 170.318359375, 170.898864746, 171.467758179, 172.036636353, 172.686798096, 173.336959839, 173.998733521, 174.660491943, 175.310653687, 176.007247925, 176.715454102, 177.295959473, 177.888076782, 178.480178833, 179.072280884, 179.664398193, 180.256500244, 180.848617554],
    "bpm_histogram": [0, 0, 0, 0, 0, 0, 0, 0, 0, 0, 0, 0, 0, 0, 0, 0, 0, 0, 0, 0, 0, 0, 0, 0, 0, 0, 0, 0, 0, 0, 0, 0, 0, 0, 0, 0, 0, 0, 0, 0, 0, 0, 0, 0, 0, 0, 0, 0, 0, 0, 0, 0, 0, 0, 0, 0, 0, 0, 0, 0, 0, 0, 0, 0, 0, 0, 0, 0, 0, 0, 0, 0, 0, 0, 0, 0, 0, 0, 0, 0, 0, 0, 0, 0, 0, 0.00519480509683, 0.0103896101937, 0, 0.00259740254842, 0.00779220787808, 0, 0.0155844157562, 0.0129870129749, 0, 0, 0, 0, 0, 0, 0.00259740254842, 0, 0.0311688315123, 0, 0.0155844157562, 0, 0.00779220787808, 0, 0, 0.00519480509683, 0, 0.00519480509683, 0, 0.0103896101937, 0, 0, 0.00519480509683, 0, 0, 0, 0, 0.00259740254842, 0, 0, 0.00519480509683, 0, 0, 0.0233766231686, 0, 0, 0.0597402602434, 0, 0, 0, 0.267532467842, 0, 0, 0.48311689496, 0, 0, 0, 0, 0, 0, 0, 0, 0, 0, 0, 0, 0, 0, 0, 0, 0, 0, 0, 0, 0, 0, 0, 0, 0, 0, 0, 0, 0, 0, 0.0103896101937, 0, 0, 0, 0, 0.0103896101937, 0, 0, 0, 0, 0, 0, 0, 0, 0, 0, 0, 0, 0, 0, 0, 0, 0, 0, 0, 0, 0, 0, 0, 0, 0, 0, 0, 0, 0, 0, 0, 0, 0, 0, 0, 0, 0, 0, 0, 0, 0, 0, 0, 0, 0, 0, 0, 0, 0, 0, 0, 0, 0, 0, 0, 0, 0, 0, 0, 0, 0, 0, 0, 0, 0, 0, 0, 0, 0, 0, 0, 0, 0, 0, 0, 0, 0]
},
"tonal": {
    "chords_changes_rate": 0.0495783276856,
    "chords_number_rate": 0.00281114224344,
    "chords_strength": {
        "mean": 0.577860534191,
        "stdev": 0.159186422825
    },
    "hpcp_crest": {
        "mean": 13.1792116165,
        "stdev": 6.29533290863
    },
    "hpcp_entropy": {
        "mean": 1.99669373035,
        "stdev": 0.725906968117
    },
    "key_edma": {
        "strength": 0.739251673222,
        "key": "D#",
        "scale": "major"
    },
    "key_krumhansl": {
        "strength": 0.741501033306,
        "key": "D#",
        "scale": "major"
    },
    "key_temperley": {
        "strength": 0.746252954006,
        "key": "D#",
        "scale": "major"
    },
    "tuning_diatonic_strength": 0.565748393536,
    "tuning_equal_tempered_deviation": 0.250904113054,
    "tuning_frequency": 434.193115234,
    "tuning_nontempered_energy_ratio": 0.935104191303,
    "hpcp": {
        "mean": [0.103289827704, 0.100253179669, 0.110902518034, 0.194934889674, 0.243909865618, 0.166085034609, 0.0906686261296, 0.0592765063047, 0.0596682019532, 0.0997700765729, 0.112618915737, 0.0953452512622, 0.133380621672, 0.149486318231, 0.0996900573373, 0.104655794799, 0.156735122204, 0.187641113997, 0.190372183919, 0.15258449316, 0.0944945365191, 0.0502180606127, 0.0358310863376, 0.0611634142697, 0.159240961075, 0.168440341949, 0.07340914011, 0.0450861304998, 0.0495279170573, 0.0626565665007, 0.11066891253, 0.118380367756, 0.0927590876818, 0.135780572891, 0.163079664111, 0.128490149975],
        "stdev": [0.220559626818, 0.222258597612, 0.236488506198, 0.293420732021, 0.341330260038, 0.262326985598, 0.205129787326, 0.163121119142, 0.16746942699, 0.210667207837, 0.221768572927, 0.204701602459, 0.252206116915, 0.280483454466, 0.191976636648, 0.196798399091, 0.264178276062, 0.314846754074, 0.300515204668, 0.266170978546, 0.196328833699, 0.132623896003, 0.104723505676, 0.134880036116, 0.250764906406, 0.257380366325, 0.143228769302, 0.125525668263, 0.14090308547, 0.154348000884, 0.22017146647, 0.229051187634, 0.179351270199, 0.234655022621, 0.27561455965, 0.248398333788]
    },
    "chords_histogram": [10.5290060043, 11.6279067993, 18.1957569122, 0.408893436193, 0.357781767845, 0, 0, 0.383337587118, 0, 0, 0, 0.408893436193, 0.536672651768, 1.02223360538, 0, 0.971121907234, 0, 1.07334530354, 5.98006629944, 7.66675186157, 23.5369281769, 8.17786884308, 2.04446721077, 7.07896757126],
    "thpcp": [1, 0.680927932262, 0.371730059385, 0.243026271462, 0.244632184505, 0.409044861794, 0.461723506451, 0.390903621912, 0.546843886375, 0.61287522316, 0.408716797829, 0.429075688124, 0.642594456673, 0.769305169582, 0.780502200127, 0.625577390194, 0.387415796518, 0.205887779593, 0.14690297842, 0.250762373209, 0.652868032455, 0.690584361553, 0.300968319178, 0.184847503901, 0.2030582726, 0.256884098053, 0.453728735447, 0.485344737768, 0.380300670862, 0.556683421135, 0.668606281281, 0.526793599129, 0.423475384712, 0.411025524139, 0.454686492682, 0.799208700657],
    "chords_key": "C#",
    "chords_scale": "major"
}
}