{
"metadata": {
    "version": {
        "essentia": "2.1-dev",
        "essentia_git_sha": "v2.1_beta3-415-gd5473f3",
        "extractor": "music 2.0"
    },
    "audio_properties": {
        "analysis": {
            "equal_loudness": 0,
            "length": 235.337142944,
            "sample_rate": 44100,
            "start_time": 0,
            "downmix": "mix"
        },
        "bit_rate": 192000,
        "length": 235.337142944,
        "lossless": 0,
        "number_channels": 2,
        "replay_gain": -9.69036865234,
        "sample_rate": 44100,
        "codec": "mp3",
        "md5_encoded": "533b320151659b07ca5acdc1dfbdd738"
    },
    "tags": {
        "file_name": "heaven.mp3",
        "album": ["The original sessions. Vol V. Dance"],
        "artist": ["Varios Artistas"],
        "genre": ["Other"],
        "title": ["Heaven"]
    }
},
"lowlevel": {
    "average_loudness": 0.940175771713,
    "barkbands_crest": {
        "mean": 12.8652257919,
        "stdev": 5.35946035385
    },
    "barkbands_flatness_db": {
        "mean": 0.128876537085,
        "stdev": 0.0652943924069
    },
    "barkbands_kurtosis": {
        "mean": 8.62966918945,
        "stdev": 25.973285675
    },
    "barkbands_skewness": {
        "mean": 2.06104016304,
        "stdev": 1.90359151363
    },
    "barkbands_spread": {
        "mean": 30.927318573,
        "stdev": 19.4822788239
    },
    "dissonance": {
        "mean": 0.463742434978,
        "stdev": 0.03098632209
    },
    "dynamic_complexity": 2.65445351601,
    "erbbands_crest": {
        "mean": 8.62607479095,
        "stdev": 5.54672241211
    },
    "erbbands_flatness_db": {
        "mean": 0.117717854679,
        "stdev": 0.0481580123305
    },
    "erbbands_kurtosis": {
        "mean": 0.99208521843,
        "stdev": 3.45129108429
    },
    "erbbands_skewness": {
        "mean": 0.156413570046,
        "stdev": 0.841299533844
    },
    "erbbands_spread": {
        "mean": 49.9919586182,
        "stdev": 25.0450382233
    },
    "hfc": {
        "mean": 39.9179801941,
        "stdev": 32.0539665222
    },
    "loudness_ebu128": {
        "integrated": -11.6218547821,
        "loudness_range": 3.29695606232,
        "momentary": {
            "mean": -14.9197120667,
            "stdev": 25.0600166321
        },
        "short_term": {
            "mean": -12.4013433456,
            "stdev": 5.10013866425
        }
    },
    "melbands_crest": {
        "mean": 18.4781856537,
        "stdev": 6.957903862
    },
    "melbands_flatness_db": {
        "mean": 0.209102123976,
        "stdev": 0.0860284492373
    },
    "melbands_kurtosis": {
        "mean": 29.1876945496,
        "stdev": 48.9730033875
    },
    "melbands_skewness": {
        "mean": 3.83977437019,
        "stdev": 2.6170861721
    },
    "melbands_spread": {
        "mean": 24.8411273956,
        "stdev": 22.6133975983
    },
    "pitch_salience": {
        "mean": 0.460051745176,
        "stdev": 0.157934337854
    },
    "silence_rate_20dB": {
        "mean": 1,
        "stdev": 0
    },
    "silence_rate_30dB": {
        "mean": 0.953536570072,
        "stdev": 0.210490822792
    },
    "silence_rate_60dB": {
        "mean": 0.0387688651681,
        "stdev": 0.193051964045
    },
    "spectral_centroid": {
        "mean": 1673.04370117,
        "stdev": 1185.01013184
    },
    "spectral_complexity": {
        "mean": 21.7643280029,
        "stdev": 11.0506248474
    },
    "spectral_decrease": {
        "mean": -1.22119869772e-08,
        "stdev": 7.69713182081e-09
    },
    "spectral_energy": {
        "mean": 0.0497116222978,
        "stdev": 0.0299131367356
    },
    "spectral_energyband_high": {
        "mean": 0.00257532601245,
        "stdev": 0.00297366408631
    },
    "spectral_energyband_low": {
        "mean": 0.0307628214359,
        "stdev": 0.0290109105408
    },
    "spectral_energyband_middle_high": {
        "mean": 0.00710649602115,
        "stdev": 0.00760734966025
    },
    "spectral_energyband_middle_low": {
        "mean": 0.0104047115892,
        "stdev": 0.00987867917866
    },
    "spectral_entropy": {
        "mean": 7.86107587814,
        "stdev": 0.555186629295
    },
    "spectral_flux": {
        "mean": 0.117265447974,
        "stdev": 0.0663916394114
    },
    "spectral_kurtosis": {
        "mean": 3.62202620506,
        "stdev": 5.54237031937
    },
    "spectral_rms": {
        "mean": 0.00653220294043,
        "stdev": 0.00241438462399
    },
    "spectral_rolloff": {
        "mean": 1847.70678711,
        "stdev": 2654.20678711
    },
    "spectral_skewness": {
        "mean": 1.51065206528,
        "stdev": 0.62665116787
    },
    "spectral_spread": {
        "mean": 7054381,
        "stdev": 3976514.75
    },
    "spectral_strongpeak": {
        "mean": 0.895559847355,
        "stdev": 1.4667699337
    },
    "zerocrossingrate": {
        "mean": 0.0782028362155,
        "stdev": 0.0632819980383
    },
    "barkbands": {
        "mean": [0.00177733588498, 0.0212970729917, 0.00670944992453, 0.00203672843054, 0.0025793351233, 0.00200370699167, 0.00116463250015, 0.000945592764765, 0.00136958470102, 0.000634297088254, 0.00142846116796, 0.000916845689062, 0.000655084673781, 0.000572510238271, 0.000716610345989, 0.000476710090879, 0.000676976400428, 0.000507729419041, 0.000466401310405, 0.000411891145632, 0.000266351009486, 0.00027410389157, 0.000399208947783, 0.000510741432663, 0.000600973318797, 0.000295750855003, 1.75935438165e-05],
        "stdev": [0.00411291886121, 0.0228909756988, 0.0139263970777, 0.00447980128229, 0.00419590156525, 0.0029521167744, 0.00349318934605, 0.00201361486688, 0.00301389140077, 0.00167372764554, 0.00364125077613, 0.00287324585952, 0.00226062885486, 0.00186159939039, 0.00168628257234, 0.00105406786315, 0.00157001265325, 0.00093487725826, 0.000637886696495, 0.00053041119827, 0.000324443884892, 0.000321007537423, 0.000545663933735, 0.000831721175928, 0.00087668269407, 0.000503288465552, 3.60242993338e-05]
    },
    "erbbands": {
        "mean": [0.741060435772, 4.28154945374, 7.81553554535, 7.84464263916, 7.42865180969, 8.70280265808, 12.5685873032, 15.7565889359, 16.0067253113, 16.5519733429, 28.3924694061, 31.1796321869, 22.3576869965, 38.1609535217, 47.4801101685, 41.0520820618, 31.1845932007, 34.2547988892, 30.1561660767, 33.301700592, 31.8743095398, 34.5980873108, 28.6424179077, 27.6689453125, 20.5407371521, 17.9225349426, 13.2379741669, 9.93316745758, 9.46192550659, 10.6396579742, 11.7757835388, 10.6141605377, 8.48219203949, 6.82528400421, 4.14111614227, 1.67514133453, 0.463060557842, 0.0780716240406, 0.00188448571134, 0.000121289944218],
        "stdev": [0.804598748684, 5.32744026184, 14.8265991211, 14.5125217438, 15.3170366287, 12.8897733688, 17.7820663452, 26.8391723633, 35.5153427124, 45.2925949097, 57.9453315735, 72.903793335, 57.2937774658, 111.439598083, 131.038284302, 135.250946045, 95.0932769775, 97.0298080444, 67.9989471436, 67.7858734131, 65.3695755005, 75.3515090942, 50.0214958191, 40.3954772949, 25.8791065216, 22.5996341705, 16.5932197571, 11.2836360931, 10.8684549332, 14.0713510513, 16.2522449493, 16.1484222412, 14.9019975662, 10.7561454773, 5.88777971268, 2.72021007538, 0.817075848579, 0.149806141853, 0.00349183916114, 0.00011585035827]
    },
    "gfcc": {
        "mean": [26.8739356995, 59.1550216675, -88.1842346191, 33.1753158569, -46.0181770325, 26.946149826, -38.1439094543, 24.4750442505, -26.0285282135, 10.4339141846, -15.0779905319, 6.80979251862, -10.4494915009],
        "cov": [[26212.1679688, -1516.78662109, -1424.30957031, 1270.7076416, -1115.33532715, 638.881164551, -817.903930664, 550.312866211, -542.308044434, 461.127716064, -277.623748779, 236.844665527, -397.829223633], [-1516.78662109, 1267.12731934, -81.9461593628, -300.230773926, 206.943664551, -58.1698417664, 118.945526123, -44.8998069763, 0.991104185581, -105.559638977, 37.7961654663, -78.9076538086, 86.7040634155], [-1424.30957031, -81.9461593628, 791.243164062, 65.2400588989, 55.9708099365, 60.266998291, 56.3927841187, 1.13177895546, 46.1199607849, 9.87942218781, -24.2520332336, 13.8247966766, -17.2756328583], [1270.7076416, -300.230773926, 65.2400588989, 538.830383301, 62.1175804138, 56.0959434509, 29.4948825836, 43.3756523132, 96.3876266479, 27.4132423401, -22.0165367126, 34.2293014526, -62.8837356567], [-1115.33532715, 206.943664551, 55.9708099365, 62.1175804138, 350.580291748, 58.468662262, 115.559173584, 20.3278102875, 77.1645050049, 6.29313135147, 26.9689846039, -20.9549560547, 5.01537370682], [638.881164551, -58.1698417664, 60.266998291, 56.0959434509, 58.468662262, 235.406478882, 83.0606842041, 15.1949720383, 7.46828365326, 45.8293151855, 19.0203170776, 4.83160305023, -24.5932159424], [-817.903930664, 118.945526123, 56.3927841187, 29.4948825836, 115.559173584, 83.0606842041, 227.33706665, 44.2814788818, 66.0509872437, 22.1913948059, 45.6271438599, 9.33156871796, 19.7078895569], [550.312866211, -44.8998069763, 1.13177895546, 43.3756523132, 20.3278102875, 15.1949720383, 44.2814788818, 154.315368652, 42.3397026062, 45.3525848389, 21.7993125916, 26.5020446777, 27.8907814026], [-542.308044434, 0.991104185581, 46.1199607849, 96.3876266479, 77.1645050049, 7.46828365326, 66.0509872437, 42.3397026062, 170.632629395, 35.3122406006, 25.8150444031, 21.1130275726, 15.8987731934], [461.127716064, -105.559638977, 9.87942218781, 27.4132423401, 6.29313135147, 45.8293151855, 22.1913948059, 45.3525848389, 35.3122406006, 137.054534912, 62.2008323669, 23.1775779724, 8.80125617981], [-277.623748779, 37.7961654663, -24.2520332336, -22.0165367126, 26.9689846039, 19.0203170776, 45.6271438599, 21.7993125916, 25.8150444031, 62.2008323669, 122.137168884, 35.4733505249, 31.5034275055], [236.844665527, -78.9076538086, 13.8247966766, 34.2293014526, -20.9549560547, 4.83160305023, 9.33156871796, 26.5020446777, 21.1130275726, 23.1775779724, 35.4733505249, 90.3276901245, 30.3380718231], [-397.829223633, 86.7040634155, -17.2756328583, -62.8837356567, 5.01537370682, -24.5932159424, 19.7078895569, 27.8907814026, 15.8987731934, 8.80125617981, 31.5034275055, 30.3380718231, 97.0606155396]],
        "icov": [[0.000211956299609, -0.000274600228295, 0.000386671366869, -0.000582115957513, 0.000558371306397, -0.000791352591477, 0.000775600667112, -0.000931915128604, 0.000706766324583, -0.000854225130752, 0.000747285201214, -0.000720495416317, 0.00063102535205], [-0.000274600228295, 0.00169163732789, -0.000409545289585, 0.0013149396982, -0.0013863472268, 0.00125903543085, -0.00150643172674, 0.00142786407378, -0.00100750743877, 0.00216739927419, -0.00160351302475, 0.00199162703939, -0.00170496769715], [0.000386671366869, -0.000409545289585, 0.00206793635152, -0.00101618329063, 0.000849924515933, -0.00164026068524, 0.00111890642438, -0.00150073610712, 0.00101565429941, -0.0016808740329, 0.00195335992612, -0.00169928988907, 0.00128813483752], [-0.000582115957513, 0.0013149396982, -0.00101618329063, 0.00444179773331, -0.00214616954327, 0.00199049711227, -0.00220998283476, 0.00213152915239, -0.00331247900613, 0.00259001459926, -0.00139120430686, 0.000765775854234, 0.000107700172521], [0.000558371306397, -0.0013863472268, 0.000849924515933, -0.00214616954327, 0.00567588862032, -0.00271152099594, 0.00100478040986, -0.00253890804015, 0.000698996940628, -0.00206466345116, 0.00138530449476, -0.000620974693447, 0.00165027042385], [-0.000791352591477, 0.00125903543085, -0.00164026068524, 0.00199049711227, -0.00271152099594, 0.00876225344837, -0.00515495007858, 0.00372470053844, -0.00138636375777, 0.00129927438684, -0.00246951077133, 0.00225180736743, -0.000826956122182], [0.000775600667112, -0.00150643172674, 0.00111890642438, -0.00220998283476, 0.00100478040986, -0.00515495007858, 0.00998517870903, -0.00474508106709, 0.000944483326748, -0.00212246994488, 0.000878865888808, -0.00243421876803, 0.00178337807301], [-0.000931915128604, 0.00142786407378, -0.00150073610712, 0.00213152915239, -0.00253890804015, 0.00372470053844, -0.00474508106709, 0.0124308355153, -0.00379182468168, 0.00135481357574, -0.00218890001997, 0.00224824436009, -0.00500898156315], [0.000706766324583, -0.00100750743877, 0.00101565429941, -0.00331247900613, 0.000698996940628, -0.00138636375777, 0.000944483326748, -0.00379182468168, 0.0108644664288, -0.00452319905162, 0.00253493851051, -0.00313610467128, 0.00112998334225], [-0.000854225130752, 0.00216739927419, -0.0016808740329, 0.00259001459926, -0.00206466345116, 0.00129927438684, -0.00212246994488, 0.00135481357574, -0.00452319905162, 0.0158653259277, -0.00936005171388, 0.0042023146525, -0.0025542115327], [0.000747285201214, -0.00160351302475, 0.00195335992612, -0.00139120430686, 0.00138530449476, -0.00246951077133, 0.000878865888808, -0.00218890001997, 0.00253493851051, -0.00936005171388, 0.0167411714792, -0.00721104769036, 0.000948641507421], [-0.000720495416317, 0.00199162703939, -0.00169928988907, 0.000765775854234, -0.000620974693447, 0.00225180736743, -0.00243421876803, 0.00224824436009, -0.00313610467128, 0.0042023146525, -0.00721104769036, 0.0190230216831, -0.007560539525], [0.00063102535205, -0.00170496769715, 0.00128813483752, 0.000107700172521, 0.00165027042385, -0.000826956122182, 0.00178337807301, -0.00500898156315, 0.00112998334225, -0.0025542115327, 0.000948641507421, -0.007560539525, 0.0175955928862]]
    },
    "melbands": {
        "mean": [0.00633610924706, 0.00469697965309, 0.00136659259442, 0.000591143325437, 0.000418910960434, 0.000365309708286, 0.000252636556979, 0.000173483102117, 0.000251515244599, 0.000191328552319, 0.000103197686258, 0.000139653435326, 0.000156982219778, 0.000118587406178, 7.08016887074e-05, 7.78387257014e-05, 6.24357489869e-05, 4.14569076383e-05, 5.98958067712e-05, 3.62729115295e-05, 3.88673324778e-05, 3.93102818634e-05, 2.90185416816e-05, 2.1010695491e-05, 2.30998284678e-05, 1.52969150804e-05, 1.41402733789e-05, 1.15665943667e-05, 9.06814238988e-06, 6.30411886959e-06, 5.50721415493e-06, 5.3307098824e-06, 5.44348813492e-06, 5.96526660956e-06, 6.63439232085e-06, 6.72420810588e-06, 6.52177959637e-06, 5.8463683672e-06, 5.99208851781e-06, 5.71431883145e-06],
        "stdev": [0.00652075884864, 0.00677474029362, 0.00237798132002, 0.00105731445365, 0.000535741448402, 0.000591663119849, 0.000616455334239, 0.000433328794315, 0.000522348971572, 0.000485892902361, 0.000287391594611, 0.000421172153438, 0.000399758340791, 0.000336611119565, 0.00020184670575, 0.000304968474666, 0.000212752376683, 0.000114457579912, 0.000157484668307, 8.60860964167e-05, 9.62470439845e-05, 9.63433412835e-05, 6.09997332504e-05, 3.35490585712e-05, 3.66010135622e-05, 2.02606643143e-05, 2.1527557692e-05, 1.55041179823e-05, 1.15148304758e-05, 9.60601119004e-06, 6.53078313917e-06, 6.39842528471e-06, 6.62318825562e-06, 8.37966399558e-06, 9.27301334741e-06, 9.95455320663e-06, 1.05051121864e-05, 1.13201658678e-05, 9.94929723674e-06, 9.10978542379e-06]
    },
    "melbands128": {
        "mean": [0.00149550451897, 0.00598942674696, 0.00876543298364, 0.0063907909207, 0.00436477269977, 0.00309320818633, 0.00164492370095, 0.0008782238001, 0.000723272387404, 0.000662138394546, 0.000494327046908, 0.000356880278559, 0.000450158084277, 0.000454311753856, 0.000353500625351, 0.000339638325386, 0.000305562803987, 0.000195549262571, 0.000333548960043, 0.000146838166984, 0.00014183500025, 0.000152083768626, 0.000332962023094, 0.000301408261294, 0.000164356431924, 0.000213616556721, 8.39063577587e-05, 0.000133390742121, 6.35187097942e-05, 5.71188429603e-05, 0.000236273641349, 0.000181485767826, 8.64879912115e-05, 0.000246040668571, 7.22614859114e-05, 0.000109869688458, 0.000140599877341, 6.64478575345e-05, 2.68197109108e-05, 6.86425191816e-05, 0.000126062965137, 3.21434708894e-05, 6.84868064127e-05, 7.9687408288e-05, 2.93153134407e-05, 3.629720959e-05, 4.38077186118e-05, 9.40221871133e-05, 4.60192386527e-05, 2.85947153316e-05, 4.29461506428e-05, 3.66339445463e-05, 2.20630317926e-05, 5.23154776602e-05, 5.18387787452e-05, 3.72618924303e-05, 2.93973753287e-05, 2.34287526837e-05, 3.50050904672e-05, 2.83244771708e-05, 1.69030518009e-05, 1.45726462506e-05, 2.85749974864e-05, 2.53857433563e-05, 1.73127737071e-05, 1.4792478396e-05, 1.30806929519e-05, 1.5607171008e-05, 1.47840146383e-05, 1.15859284051e-05, 1.04860619103e-05, 1.27689645524e-05, 1.12713505587e-05, 7.83577979746e-06, 7.00453938407e-06, 7.02292891219e-06, 5.34495620741e-06, 6.07923993812e-06, 5.3250801102e-06, 5.11065491082e-06, 6.03327680437e-06, 4.79616164739e-06, 5.00194119013e-06, 5.54863891011e-06, 5.61186516279e-06, 6.62514503347e-06, 5.53609606868e-06, 5.76239517613e-06, 6.82947711539e-06, 7.01310727891e-06, 7.53021595301e-06, 6.05232025919e-06, 6.5480990088e-06, 6.23917730991e-06, 7.10364975021e-06, 6.02719910603e-06, 5.55300675842e-06, 5.42465932085e-06, 6.34180469206e-06, 6.09587186773e-06, 5.57554812985e-06, 5.9522230913e-06, 5.44068188901e-06, 5.05738989887e-06, 4.85417513119e-06, 4.43556336904e-06, 3.81144968742e-06, 3.37693609254e-06, 2.83089707409e-06, 2.42127930505e-06, 1.93594564735e-06, 1.60555578077e-06, 1.35470997975e-06, 1.24790653899e-06, 9.0950396725e-07, 7.92451317011e-07, 6.83473274421e-07, 1.10327675884e-07, 9.59479978108e-12, 7.54627697136e-12, 7.23111848178e-12, 6.99749936814e-12, 6.79947678023e-12, 6.65038770581e-12, 6.52468313753e-12, 6.43614979021e-12, 6.37168009326e-12, 6.32284676005e-12],
        "stdev": [0.003228565678, 0.00715148029849, 0.0104753663763, 0.00935011729598, 0.00849776994437, 0.00631344504654, 0.00328159658238, 0.00206537102349, 0.00178803980816, 0.00147077918518, 0.00086587847909, 0.000535727769602, 0.00073829642497, 0.000825017981697, 0.000788968463894, 0.000827827956527, 0.00088416330982, 0.00060961546842, 0.00154624588322, 0.000409352447605, 0.000424319470767, 0.000483955838718, 0.000799882865977, 0.000818357861135, 0.000506505195517, 0.000854704878293, 0.000316720979754, 0.000490430218633, 0.00028023737832, 0.000220006768359, 0.00085548707284, 0.000682248210069, 0.000322577252518, 0.000922086124774, 0.000344959727954, 0.000488597317599, 0.000653393683024, 0.000236250183661, 9.92564891931e-05, 0.000288242095849, 0.000591256131884, 0.000103243990452, 0.000283916597255, 0.000341659266269, 0.000152304419316, 0.000178981237696, 0.000144573234138, 0.000343390565831, 0.000142358141602, 0.000116427923786, 0.000139999130624, 0.000120178774523, 7.11459724698e-05, 0.000194679319975, 0.00017920944083, 0.000150066509377, 9.306317952e-05, 5.60144653718e-05, 0.000119111937238, 6.33868839941e-05, 4.38149072579e-05, 3.58411998604e-05, 6.20935243205e-05, 6.25148968538e-05, 4.24041791121e-05, 2.45907485805e-05, 2.25213188969e-05, 3.52004935849e-05, 2.96481757687e-05, 2.36708710872e-05, 1.97920053324e-05, 2.11450551433e-05, 2.08844758163e-05, 1.20268441606e-05, 1.25881379063e-05, 1.89848706214e-05, 7.35327921575e-06, 7.82744064054e-06, 7.00314649293e-06, 6.88276350047e-06, 8.32521709526e-06, 6.2011722548e-06, 6.05190825809e-06, 7.45717807149e-06, 7.85415522842e-06, 9.73311307462e-06, 9.01165549294e-06, 8.76146896189e-06, 1.02954018075e-05, 1.08950534923e-05, 1.16862365758e-05, 9.88489227893e-06, 1.09302491182e-05, 1.02949225038e-05, 1.26386485135e-05, 1.37605793498e-05, 1.21026741908e-05, 1.00393344837e-05, 1.0552034837e-05, 1.10118444354e-05, 1.06029356175e-05, 9.6531566669e-06, 8.90165210876e-06, 8.32412024465e-06, 7.4423960541e-06, 6.78913647789e-06, 6.32007640888e-06, 6.05915784035e-06, 5.11112739332e-06, 4.64179265691e-06, 3.88360740544e-06, 2.82804057861e-06, 2.5775686936e-06, 2.6692564461e-06, 1.90545347323e-06, 1.68658118582e-06, 1.37698157232e-06, 2.58630421968e-07, 1.54169160077e-11, 1.07989736944e-11, 1.03591701189e-11, 1.00279628351e-11, 9.76146420639e-12, 9.54842281631e-12, 9.37288874986e-12, 9.24017026088e-12, 9.14388183226e-12, 9.08471128186e-12]
    },
    "mfcc": {
        "mean": [-617.750061035, 95.2715148926, 17.3262939453, 19.7233524323, 18.8524303436, 4.4001121521, 9.91449832916, 8.02058029175, 4.78392791748, 4.54742383957, 1.34107112885, 3.35513544083, 3.93685483932],
        "cov": [[10332.1318359, -517.469116211, 49.0675544739, 343.445098877, 99.1717834473, 101.551582336, -33.0673789978, 82.4515380859, -95.5010452271, 111.615501404, 31.4014892578, 89.8381118774, 47.2276306152], [-517.469116211, 1260.42053223, -112.354278564, -140.334030151, 29.3561840057, -70.0791168213, 132.621047974, -30.4588909149, 32.6667175293, -37.8610305786, -23.5438137054, -42.6529350281, 1.89448714256], [49.0675544739, -112.354278564, 588.385192871, 31.5786457062, 24.7112159729, 54.9797706604, -7.24018287659, 11.9308023453, 25.9669189453, -20.589012146, 25.0641326904, 8.79605484009, -5.09098482132], [343.445098877, -140.334030151, 31.5786457062, 347.546356201, 92.520690918, 46.0720901489, -8.96243190765, 75.1743774414, 54.8138923645, 25.9615364075, 41.2424545288, 47.7431983948, 5.43039369583], [99.1717834473, 29.3561840057, 24.7112159729, 92.520690918, 194.915405273, 53.1734085083, 14.7933893204, 29.8711090088, 34.210811615, 27.4833831787, 23.4217510223, 12.1296510696, 11.5015707016], [101.551582336, -70.0791168213, 54.9797706604, 46.0720901489, 53.1734085083, 223.020004272, 53.6652603149, 53.7049980164, 23.6408729553, 45.579990387, 54.2276153564, 11.3266601562, 9.10164260864], [-33.0673789978, 132.621047974, -7.24018287659, -8.96243190765, 14.7933893204, 53.6652603149, 175.558303833, 30.9970149994, 16.4009361267, 33.4491577148, 28.0730419159, 14.5104789734, 13.3240566254], [82.4515380859, -30.4588909149, 11.9308023453, 75.1743774414, 29.8711090088, 53.7049980164, 30.9970149994, 139.002288818, 56.9095726013, 20.7460269928, 21.7619667053, 26.0045127869, 8.43112659454], [-95.5010452271, 32.6667175293, 25.9669189453, 54.8138923645, 34.210811615, 23.6408729553, 16.4009361267, 56.9095726013, 123.378684998, 37.7308387756, 26.2569770813, 16.7605705261, 5.18968105316], [111.615501404, -37.8610305786, -20.589012146, 25.9615364075, 27.4833831787, 45.579990387, 33.4491577148, 20.7460269928, 37.7308387756, 114.664573669, 50.7046279907, 23.3902263641, 10.0471611023], [31.4014892578, -23.5438137054, 25.0641326904, 41.2424545288, 23.4217510223, 54.2276153564, 28.0730419159, 21.7619667053, 26.2569770813, 50.7046279907, 102.96282959, 47.5806541443, 12.4546985626], [89.8381118774, -42.6529350281, 8.79605484009, 47.7431983948, 12.1296510696, 11.3266601562, 14.5104789734, 26.0045127869, 16.7605705261, 23.3902263641, 47.5806541443, 92.4349594116, 32.0736274719], [47.2276306152, 1.89448714256, -5.09098482132, 5.43039369583, 11.5015707016, 9.10164260864, 13.3240566254, 8.43112659454, 5.18968105316, 10.0471611023, 12.4546985626, 32.0736274719, 73.8839874268]],
        "icov": [[0.000105566366983, 1.75758741534e-05, -1.38798786793e-05, -9.86991799437e-05, -1.39705689435e-05, -1.24466077978e-05, 2.07386965485e-05, -5.77315768169e-05, 0.000190660372027, -0.000150890817167, 8.58407729538e-05, -5.27014344698e-05, -3.95415008825e-05], [1.75758741534e-05, 0.00105098553468, 0.000194400898181, 0.000389034481486, -0.000437811599113, 0.000440745323431, -0.000964630569797, 0.000256009254372, -0.000641798775177, 0.000684888684191, -0.000256844621617, 0.000437628332293, -8.95128396223e-05], [-1.38798786793e-05, 0.000194400898181, 0.00186812295578, 6.46062471787e-05, -0.000181071314728, -0.000430573389167, -2.59070257016e-05, 0.000268064351985, -0.000672020134516, 0.00102949980646, -0.000564220361412, -1.80835704668e-05, 0.00019334127137], [-9.86991799437e-05, 0.000389034481486, 6.46062471787e-05, 0.00419359095395, -0.00165801006369, 6.19961720076e-05, 0.000379682169296, -0.00127714208793, -0.000970169145148, 0.000556278217118, -0.000575157464482, -0.00131112069357, 0.000735698267817], [-1.39705689435e-05, -0.000437811599113, -0.000181071314728, -0.00165801006369, 0.00652612559497, -0.00117019866593, 0.000247667980148, 0.000137023598654, -0.000589348492213, -0.000858121027704, 0.000112082787382, 0.000460600131191, -0.000863285793457], [-1.24466077978e-05, 0.000440745323431, -0.000430573389167, 6.19961720076e-05, -0.00117019866593, 0.00651719048619, -0.00149504211731, -0.00189339485951, 0.000676942057908, -0.00080714042997, -0.00284451106563, 0.00207725795917, -0.000532614998519], [2.07386965485e-05, -0.000964630569797, -2.59070257016e-05, 0.000379682169296, 0.000247667980148, -0.00149504211731, 0.00754953688011, -0.00140289065894, 0.000683913123794, -0.00172717578243, -0.000385972613003, -0.000590676616412, -0.000565659429412], [-5.77315768169e-05, 0.000256009254372, 0.000268064351985, -0.00127714208793, 0.000137023598654, -0.00189339485951, -0.00140289065894, 0.0107669671997, -0.0043369573541, 0.000983483856544, 0.00105105724651, -0.00185105192941, 0.00017620480503], [0.000190660372027, -0.000641798775177, -0.000672020134516, -0.000970169145148, -0.000589348492213, 0.000676942057908, 0.000683913123794, -0.0043369573541, 0.0121388342232, -0.00363404117525, -0.0005396817578, 0.000207147008041, -5.7909393945e-05], [-0.000150890817167, 0.000684888684191, 0.00102949980646, 0.000556278217118, -0.000858121027704, -0.00080714042997, -0.00172717578243, 0.000983483856544, -0.00363404117525, 0.0134623264894, -0.00520007591695, 0.000314515345963, -0.000294173456496], [8.58407729538e-05, -0.000256844621617, -0.000564220361412, -0.000575157464482, 0.000112082787382, -0.00284451106563, -0.000385972613003, 0.00105105724651, -0.0005396817578, -0.00520007591695, 0.0175012443215, -0.00784672610462, 0.00143890664913], [-5.27014344698e-05, 0.000437628332293, -1.80835704668e-05, -0.00131112069357, 0.000460600131191, 0.00207725795917, -0.000590676616412, -0.00185105192941, 0.000207147008041, 0.000314515345963, -0.00784672610462, 0.0182422883809, -0.00654597161338], [-3.95415008825e-05, -8.95128396223e-05, 0.00019334127137, 0.000735698267817, -0.000863285793457, -0.000532614998519, -0.000565659429412, 0.00017620480503, -5.7909393945e-05, -0.000294173456496, 0.00143890664913, -0.00654597161338, 0.0164466258138]]
    },
    "spectral_contrast_coeffs": {
        "mean": [-0.727738320827, -0.744723320007, -0.747188448906, -0.783687531948, -0.790408968925, -0.810249507427],
        "stdev": [0.0817180350423, 0.0811119452119, 0.0841566696763, 0.063089504838, 0.0489607714117, 0.0341947600245]
    },
    "spectral_contrast_valleys": {
        "mean": [-6.60289669037, -7.06003284454, -7.6742811203, -7.78446769714, -7.53200626373, -9.45206546783],
        "stdev": [2.28702163696, 2.24629688263, 2.17733025551, 2.22239279747, 2.3686003685, 2.29420304298]
    }
},
"rhythm": {
    "beats_count": 543,
    "beats_loudness": {
        "mean": 0.0725352913141,
        "stdev": 0.0340117476881
    },
    "bpm": 138.015472412,
    "bpm_histogram_first_peak_bpm": 140,
    "bpm_histogram_first_peak_weight": 0.468302667141,
    "bpm_histogram_second_peak_bpm": 123,
    "bpm_histogram_second_peak_spread": 0.333333313465,
    "bpm_histogram_second_peak_weight": 0.0147601477802,
    "danceability": 1.23464286327,
    "onset_rate": 4.06190633774,
    "beats_loudness_band_ratio": {
        "mean": [0.693643391132, 0.0925546512008, 0.0722134262323, 0.0649417117238, 0.0502980947495, 0.0517401956022],
        "stdev": [0.281709730625, 0.117757342756, 0.124605827034, 0.111720770597, 0.0655367895961, 0.0732066333294]
    },
    "beats_position": [0.406349211931, 0.754648506641, 1.11455774307, 1.47446703911, 1.83437633514, 2.18267560005, 2.53097510338, 2.89088439941, 3.23918366432, 3.5758728981, 3.9125623703, 4.2492518425, 4.59755086899, 4.94585037231, 5.2941493988, 5.64244890213, 6.025578022, 6.40870714188, 6.78022670746, 7.1517457962, 7.53487491608, 7.91800451279, 8.3011341095, 8.68426322937, 9.05578231812, 9.43891143799, 9.82204055786, 10.1935596466, 10.5882987976, 10.9830379486, 11.3893871307, 11.7957363129, 12.202085495, 12.6084346771, 13.0147848129, 13.4675731659, 13.9087524414, 14.3731517792, 14.8375511169, 15.2903394699, 15.7431287766, 16.1843090057, 16.6138763428, 17.0434455872, 17.4846248627, 17.9258041382, 18.3553733826, 18.784942627, 19.2261219025, 19.667301178, 20.0968704224, 20.5264396667, 20.9676189423, 21.4087982178, 21.8383674622, 22.2679367065, 22.7091159821, 23.1502952576, 23.5798625946, 24.009431839, 24.4506111145, 24.89179039, 25.3213596344, 25.7509288788, 26.1921081543, 26.6216773987, 27.0512466431, 27.4924259186, 27.9336051941, 28.3631744385, 28.7927436829, 29.2223129272, 29.6518821716, 30.0930614471, 30.5342407227, 30.9638080597, 31.3933773041, 31.8345565796, 32.2757377625, 32.7053070068, 33.1348762512, 33.5760536194, 34.0172348022, 34.4468002319, 34.8763694763, 35.3175506592, 35.7471199036, 36.1766891479, 36.6178665161, 37.059047699, 37.4886169434, 37.9181861877, 38.3593635559, 38.8005447388, 39.2301139832, 39.6596832275, 40.1008605957, 40.5304298401, 40.9599990845, 41.4011802673, 41.8423576355, 42.2719268799, 42.7014961243, 43.1426734924, 43.5722427368, 44.0018119812, 44.4429931641, 44.8841705322, 45.3137397766, 45.7549209595, 46.1844902039, 46.6140594482, 47.0436286926, 47.4848060608, 47.9259872437, 48.355556488, 48.7851219177, 49.2263031006, 49.6674804688, 50.0970497131, 50.5266189575, 50.9678001404, 51.4089775085, 51.8385467529, 52.2681159973, 52.7092971802, 53.1388664246, 53.5684356689, 53.9980049133, 54.4391822815, 54.8687515259, 55.3099327087, 55.7511100769, 56.1806793213, 56.6102485657, 57.0514259338, 57.4926071167, 57.9221763611, 58.3517456055, 58.7929229736, 59.2341041565, 59.6636734009, 60.0932426453, 60.5344200134, 60.9639892578, 61.3935585022, 61.8347396851, 62.2759170532, 62.7054862976, 63.135055542, 63.5762329102, 64.0174102783, 64.4469833374, 64.8765487671, 65.3177337646, 65.7472991943, 66.1768722534, 66.6180496216, 67.0592269897, 67.4888000488, 67.9183654785, 68.3595428467, 68.7891159058, 69.2186813354, 69.659866333, 70.1010437012, 70.5306091309, 70.9601821899, 71.4013595581, 71.8425369263, 72.2721099854, 72.701675415, 73.1428527832, 73.5840377808, 74.0136032104, 74.4431762695, 74.8727416992, 75.3139190674, 75.7434921265, 76.1730575562, 76.6142425537, 77.0554199219, 77.49659729, 77.9261627197, 78.3673477173, 78.7853012085, 79.2264862061, 79.6676635742, 80.0972290039, 80.526802063, 80.9679794312, 81.3975524902, 81.8271179199, 82.2682952881, 82.7094802856, 83.1390457153, 83.5686187744, 84.0097961426, 84.4509735107, 84.8805389404, 85.3101119995, 85.7512893677, 86.1808624268, 86.6104278564, 87.0516052246, 87.4927902222, 87.9223556519, 88.3519287109, 88.7931060791, 89.2342834473, 89.6638565063, 90.093421936, 90.5345993042, 90.9641723633, 91.393737793, 91.8349151611, 92.2761001587, 92.7056655884, 93.1352386475, 93.5764160156, 94.0059814453, 94.4355545044, 94.8767318726, 95.3179092407, 95.7474822998, 96.1770477295, 96.6182327271, 97.0594100952, 97.4889755249, 97.918548584, 98.3597259521, 98.7892990112, 99.2188644409, 99.6600418091, 100.101219177, 100.530792236, 100.960357666, 101.401542664, 101.842720032, 102.272285461, 102.701858521, 103.143035889, 103.572608948, 104.002174377, 104.443351746, 104.884536743, 105.314102173, 105.743675232, 106.1848526, 106.626029968, 107.055595398, 107.485168457, 107.926345825, 108.355918884, 108.785484314, 109.226661682, 109.66784668, 110.097412109, 110.526985168, 110.968162537, 111.397727966, 111.827301025, 112.268478394, 112.709655762, 113.139228821, 113.56879425, 114.009971619, 114.451156616, 114.880722046, 115.310295105, 115.751472473, 116.181037903, 116.610610962, 117.05178833, 117.492965698, 117.922538757, 118.352104187, 118.793289185, 119.222854614, 119.652427673, 120.093605042, 120.53478241, 120.964347839, 121.393920898, 121.835098267, 122.276275635, 122.717460632, 123.147026062, 123.576599121, 124.006164551, 124.43573761, 124.876914978, 125.318092346, 125.747665405, 126.177230835, 126.618408203, 127.036369324, 127.477546692, 127.91872406, 128.359909058, 128.789474487, 129.219039917, 129.660217285, 130.101409912, 130.530975342, 130.960540771, 131.40171814, 131.831283569, 132.260864258, 132.702041626, 133.143218994, 133.572784424, 134.002349854, 134.44354248, 134.884719849, 135.314285278, 135.743850708, 136.185028076, 136.626205444, 137.055786133, 137.485351562, 137.926528931, 138.35609436, 138.797271729, 139.226852417, 139.656417847, 140.097595215, 140.527160645, 140.968338013, 141.397918701, 141.827484131, 142.268661499, 142.709838867, 143.139404297, 143.568969727, 144.010162354, 144.439727783, 144.869293213, 145.310470581, 145.751647949, 146.181228638, 146.610794067, 147.051971436, 147.481536865, 147.911102295, 148.352294922, 148.79347229, 149.22303772, 149.652603149, 150.093780518, 150.534957886, 150.964538574, 151.394104004, 151.835281372, 152.264846802, 152.694412231, 153.135604858, 153.576782227, 154.006347656, 154.435913086, 154.877090454, 155.318267822, 155.747848511, 156.17741394, 156.618591309, 157.059768677, 157.489334106, 157.918914795, 158.360092163, 158.801269531, 159.230834961, 159.660400391, 160.101577759, 160.531158447, 160.960723877, 161.401901245, 161.843078613, 162.272644043, 162.702224731, 163.131790161, 163.561355591, 164.002532959, 164.443710327, 164.884887695, 165.314468384, 165.744033813, 166.185211182, 166.62638855, 167.055953979, 167.485534668, 167.926712036, 168.356277466, 168.785842896, 169.227020264, 169.656600952, 170.086166382, 170.52734375, 170.968521118, 171.409698486, 171.850875854, 172.280456543, 172.710021973, 173.151199341, 173.580764771, 174.0103302, 174.42829895, 174.869476318, 175.299041748, 175.728607178, 176.169799805, 176.610977173, 177.052154541, 177.481719971, 177.9112854, 178.352462769, 178.793640137, 179.223220825, 179.664398193, 180.093963623, 180.523529053, 180.953109741, 181.394287109, 181.835464478, 182.276641846, 182.706207275, 183.135772705, 183.576965332, 184.0181427, 184.44770813, 184.87727356, 185.306838989, 185.736419678, 186.177597046, 186.618774414, 187.048339844, 187.477905273, 187.919082642, 188.360275269, 188.801452637, 189.231018066, 189.660583496, 190.101760864, 190.531341553, 190.960906982, 191.402084351, 191.843261719, 192.272827148, 192.702392578, 193.143585205, 193.573150635, 194.002716064, 194.443893433, 194.885070801, 195.314651489, 195.744216919, 196.185394287, 196.626571655, 197.056137085, 197.485717773, 197.926895142, 198.36807251, 198.797637939, 199.227203369, 199.656768799, 200.097961426, 200.527526855, 200.968704224, 201.409881592, 201.839447021, 202.26902771, 202.710205078, 203.139770508, 203.569335938, 204.010513306, 204.451690674, 204.881271362, 205.310836792, 205.75201416, 206.18157959, 206.611160278, 207.052337646, 207.493515015, 207.923080444, 208.352645874, 208.793823242, 209.23500061, 209.664581299, 210.094146729, 210.523712158, 210.953277588, 211.394470215, 211.835647583, 212.276824951, 212.694778442, 213.135955811, 213.577133179, 214.006713867, 214.436279297, 214.877456665, 215.318634033, 215.748199463, 216.177780151, 216.61895752, 217.060134888, 217.489700317, 217.919265747, 218.360443115, 218.790023804, 219.219589233, 219.660766602, 220.10194397, 220.531509399, 220.961090088, 221.402267456, 221.843444824, 222.273010254, 222.702575684, 223.143753052, 223.57333374, 224.00289917, 224.444076538, 224.885253906, 225.314819336, 225.744400024, 226.185577393, 226.626754761, 227.05632019, 227.48588562, 227.927078247, 228.379852295, 228.855865479, 229.343490601, 229.831100464, 230.341949463, 230.829559326, 231.317184448, 231.81640625, 232.304031372, 232.803268433, 233.290878296, 233.778503418, 234.27772522, 234.765350342],
    "bpm_histogram": [0, 0, 0, 0, 0, 0, 0, 0, 0, 0, 0, 0, 0, 0, 0, 0, 0, 0, 0, 0, 0, 0, 0, 0, 0, 0, 0, 0, 0, 0, 0, 0, 0, 0, 0, 0, 0, 0, 0, 0, 0, 0, 0, 0, 0, 0, 0, 0, 0, 0, 0, 0, 0, 0, 0, 0, 0, 0, 0, 0, 0, 0, 0, 0, 0, 0, 0, 0, 0, 0, 0, 0, 0, 0, 0, 0, 0, 0, 0, 0, 0, 0, 0, 0, 0, 0, 0, 0, 0, 0, 0, 0, 0, 0, 0, 0, 0, 0, 0, 0, 0, 0, 0, 0, 0, 0, 0, 0, 0, 0, 0, 0, 0, 0, 0, 0, 0, 0.00184501847252, 0, 0, 0.00553505541757, 0, 0, 0.0147601477802, 0, 0, 0.00184501847252, 0, 0, 0.00369003694504, 0, 0, 0, 0.00738007389009, 0, 0, 0.415129154921, 0, 0, 0, 0.479704797268, 0, 0, 0, 0.00738007389009, 0, 0, 0, 0.00922509189695, 0, 0, 0, 0.00369003694504, 0, 0, 0, 0, 0.0147601477802, 0, 0, 0, 0.00738007389009, 0, 0, 0, 0, 0, 0.00738007389009, 0, 0, 0, 0, 0.0147601477802, 0, 0, 0, 0, 0, 0.00553505541757, 0, 0, 0, 0, 0, 0, 0, 0, 0, 0, 0, 0, 0, 0, 0, 0, 0, 0, 0, 0, 0, 0, 0, 0, 0, 0, 0, 0, 0, 0, 0, 0, 0, 0, 0, 0, 0, 0, 0, 0, 0, 0, 0, 0, 0, 0, 0, 0, 0, 0, 0, 0, 0, 0, 0, 0, 0, 0, 0, 0, 0, 0, 0, 0, 0, 0, 0, 0, 0, 0, 0]
},
"tonal": {
    "chords_changes_rate": 0.0720063149929,
    "chords_number_rate": 0.00157822051551,
    "chords_strength": {
        "mean": 0.533458590508,
        "stdev": 0.146151632071
    },
    "hpcp_crest": {
        "mean": 13.8345842361,
        "stdev": 6.68563175201
    },
    "hpcp_entropy": {
        "mean": 1.90688323975,
        "stdev": 0.768918216228
    },
    "key_edma": {
        "strength": 0.740998566151,
        "key": "D#",
        "scale": "major"
    },
    "key_krumhansl": {
        "strength": 0.74931627512,
        "key": "D#",
        "scale": "major"
    },
    "key_temperley": {
        "strength": 0.760400176048,
        "key": "D#",
        "scale": "major"
    },
    "tuning_diatonic_strength": 0.693492591381,
    "tuning_equal_tempered_deviation": 0.239282295108,
    "tuning_frequency": 434.193115234,
    "tuning_nontempered_energy_ratio": 0.949318051338,
    "hpcp": {
        "mean": [0.0974752604961, 0.112365506589, 0.130896419287, 0.225630611181, 0.248550757766, 0.121377177536, 0.046979803592, 0.037651784718, 0.050663292408, 0.15305505693, 0.181793481112, 0.0841232761741, 0.0454542152584, 0.0366563163698, 0.0333332307637, 0.0762718170881, 0.101425632834, 0.0848310440779, 0.146776631474, 0.162631034851, 0.0785840526223, 0.0383907519281, 0.0339005403221, 0.0520238988101, 0.113316722214, 0.13203984499, 0.102280832827, 0.080766774714, 0.0564021989703, 0.0568890757859, 0.110849104822, 0.136032015085, 0.109572313726, 0.124344937503, 0.144647419453, 0.117819800973],
        "stdev": [0.226200446486, 0.252521306276, 0.259659379721, 0.32623681426, 0.350253731012, 0.222450748086, 0.147836282849, 0.136146485806, 0.147229120135, 0.275245606899, 0.307439684868, 0.172456815839, 0.150183975697, 0.137733802199, 0.108526699245, 0.167555123568, 0.205316692591, 0.170760154724, 0.257664740086, 0.277307957411, 0.164904803038, 0.1125786677, 0.109176039696, 0.135284408927, 0.226050317287, 0.242206290364, 0.223816886544, 0.211257457733, 0.170444309711, 0.16086782515, 0.228607997298, 0.256402343512, 0.227741003036, 0.247825354338, 0.28638780117, 0.24692735076]
    },
    "chords_histogram": [18.1495361328, 7.65436983109, 19.5304794312, 0.532649457455, 4.49792861938, 0.0394555144012, 0.177549809217, 0, 0.0789110288024, 0, 0.0197277572006, 0.532649457455, 0.434010654688, 0.295916348696, 0, 0.0197277572006, 0, 3.61017942429, 0.0591832697392, 0.71019923687, 0.572104930878, 8.00946903229, 13.3162355423, 21.7597160339],
    "thpcp": [1, 0.488339602947, 0.189014926553, 0.151485294104, 0.203834787011, 0.615789949894, 0.731413900852, 0.338455110788, 0.182876989245, 0.147480204701, 0.134110361338, 0.306866168976, 0.408068090677, 0.34130269289, 0.590529799461, 0.654317200184, 0.316169023514, 0.154458403587, 0.136392831802, 0.209308952093, 0.455909788609, 0.531238973141, 0.411508828402, 0.324950814247, 0.226924270391, 0.228883132339, 0.445981770754, 0.547300755978, 0.440844804049, 0.500279843807, 0.581963300705, 0.474027127028, 0.392174452543, 0.452082723379, 0.526638567448, 0.907784819603],
    "chords_key": "C",
    "chords_scale": "minor"
}
}