{
"metadata": {
    "version": {
        "essentia": "2.1-dev",
        "essentia_git_sha": "v2.1_beta3-415-gd5473f3",
        "extractor": "music 2.0"
    },
    "audio_properties": {
        "analysis": {
            "equal_loudness": 0,
            "length": 204.956741333,
            "sample_rate": 44100,
            "start_time": 0,
            "downmix": "mix"
        },
        "bit_rate": 192000,
        "length": 204.956741333,
        "lossless": 0,
        "number_channels": 2,
        "replay_gain": -9.24394416809,
        "sample_rate": 44100,
        "codec": "mp3",
        "md5_encoded": "c6ee744a0209ed32145e78dfdee20183"
    },
    "tags": {
        "file_name": "jan_wayne-only_you.mp3"
    }
},
"lowlevel": {
    "average_loudness": 0.897016108036,
    "barkbands_crest": {
        "mean": 11.5152616501,
        "stdev": 6.53715848923
    },
    "barkbands_flatness_db": {
        "mean": 0.155029967427,
        "stdev": 0.0642818957567
    },
    "barkbands_kurtosis": {
        "mean": 9.30834674835,
        "stdev": 32.64270401
    },
    "barkbands_skewness": {
        "mean": 1.97583568096,
        "stdev": 2.18808794022
    },
    "barkbands_spread": {
        "mean": 22.9038295746,
        "stdev": 14.2774267197
    },
    "dissonance": {
        "mean": 0.467917203903,
        "stdev": 0.0285365376621
    },
    "dynamic_complexity": 3.26592111588,
    "erbbands_crest": {
        "mean": 8.0595407486,
        "stdev": 3.61056542397
    },
    "erbbands_flatness_db": {
        "mean": 0.154250174761,
        "stdev": 0.0609687939286
    },
    "erbbands_kurtosis": {
        "mean": 0.174103438854,
        "stdev": 2.20455408096
    },
    "erbbands_skewness": {
        "mean": 0.238079637289,
        "stdev": 0.761358499527
    },
    "erbbands_spread": {
        "mean": 44.533908844,
        "stdev": 21.668088913
    },
    "hfc": {
        "mean": 21.9740695953,
        "stdev": 18.7444019318
    },
    "loudness_ebu128": {
        "integrated": -13.6391830444,
        "loudness_range": 6.47629451752,
        "momentary": {
            "mean": -16.0228023529,
            "stdev": 16.0752429962
        },
        "short_term": {
            "mean": -14.5803880692,
            "stdev": 3.63219308853
        }
    },
    "melbands_crest": {
        "mean": 15.8698720932,
        "stdev": 7.79766845703
    },
    "melbands_flatness_db": {
        "mean": 0.189173147082,
        "stdev": 0.084840901196
    },
    "melbands_kurtosis": {
        "mean": 28.0448513031,
        "stdev": 66.9783630371
    },
    "melbands_skewness": {
        "mean": 3.39833140373,
        "stdev": 3.0191488266
    },
    "melbands_spread": {
        "mean": 25.2816333771,
        "stdev": 22.8354129791
    },
    "pitch_salience": {
        "mean": 0.518280565739,
        "stdev": 0.191766083241
    },
    "silence_rate_20dB": {
        "mean": 1,
        "stdev": 0
    },
    "silence_rate_30dB": {
        "mean": 0.92988216877,
        "stdev": 0.255352437496
    },
    "silence_rate_60dB": {
        "mean": 0.095038510859,
        "stdev": 0.293270945549
    },
    "spectral_centroid": {
        "mean": 1624.75805664,
        "stdev": 986.997802734
    },
    "spectral_complexity": {
        "mean": 18.7270050049,
        "stdev": 10.4002361298
    },
    "spectral_decrease": {
        "mean": -9.02212970999e-09,
        "stdev": 9.60161194996e-09
    },
    "spectral_energy": {
        "mean": 0.036044690758,
        "stdev": 0.037043068558
    },
    "spectral_energyband_high": {
        "mean": 0.00114454445429,
        "stdev": 0.00151739479043
    },
    "spectral_energyband_low": {
        "mean": 0.0214794930071,
        "stdev": 0.0342012830079
    },
    "spectral_energyband_middle_high": {
        "mean": 0.00445573497564,
        "stdev": 0.004003837239
    },
    "spectral_energyband_middle_low": {
        "mean": 0.0103151518852,
        "stdev": 0.0140625480562
    },
    "spectral_entropy": {
        "mean": 7.76237106323,
        "stdev": 0.460333377123
    },
    "spectral_flux": {
        "mean": 0.0940290987492,
        "stdev": 0.0723638609052
    },
    "spectral_kurtosis": {
        "mean": 3.86604976654,
        "stdev": 4.33865737915
    },
    "spectral_rms": {
        "mean": 0.00510923564434,
        "stdev": 0.00301020988263
    },
    "spectral_rolloff": {
        "mean": 1862.88293457,
        "stdev": 2234.25048828
    },
    "spectral_skewness": {
        "mean": 1.43270111084,
        "stdev": 0.496729582548
    },
    "spectral_spread": {
        "mean": 5372924,
        "stdev": 3268393
    },
    "spectral_strongpeak": {
        "mean": 0.893584787846,
        "stdev": 0.956814467907
    },
    "zerocrossingrate": {
        "mean": 0.0735326260328,
        "stdev": 0.0574256926775
    },
    "barkbands": {
        "mean": [0.000381467951229, 0.0166774466634, 0.00327552948147, 0.0022756899707, 0.00274755223654, 0.00125037925318, 0.00125183106866, 0.00117331347428, 0.00116968562361, 0.000783715164289, 0.000472017156426, 0.000550607102923, 0.000457515096059, 0.000485529773869, 0.000346189335687, 0.000238257285673, 0.000275274040177, 0.000500497350004, 0.000303342996631, 0.000406375620514, 0.000173973399797, 0.000176731206011, 0.000218776025577, 0.000211373990169, 0.000157776405104, 8.36740728118e-05, 1.32929689478e-09],
        "stdev": [0.000702702556737, 0.030642580241, 0.0109318606555, 0.00687759602442, 0.00673984317109, 0.00234734383412, 0.00169175921474, 0.00172729848418, 0.00194148859009, 0.00138859369326, 0.000696078524925, 0.00102107971907, 0.000759120623115, 0.000858988671098, 0.000600475934334, 0.000433062639786, 0.000453186105005, 0.000802554422989, 0.000408128951676, 0.000599195482209, 0.000249037228059, 0.000234046456171, 0.000338839890901, 0.000374708790332, 0.000271891156444, 0.000163799079019, 2.37872277431e-09]
    },
    "erbbands": {
        "mean": [0.546115934849, 3.45442271233, 4.33859825134, 5.9978260994, 9.79424762726, 7.70410394669, 8.27387809753, 9.48696231842, 16.3925895691, 23.0663433075, 25.4040107727, 23.7655887604, 36.2271766663, 17.4516067505, 20.0690021515, 24.4879322052, 20.9233970642, 27.2035751343, 20.3631038666, 16.4601860046, 13.4743490219, 15.5712471008, 24.7078304291, 20.9679546356, 17.9406108856, 19.7939014435, 8.01032447815, 6.27954864502, 6.38291454315, 6.51009654999, 6.18037700653, 4.89532804489, 3.26786231995, 2.11478424072, 0.890776216984, 0.363645344973, 0.170430600643, 0.0164585020393, 0.000314473203616, 5.70092706766e-05],
        "stdev": [1.11366343498, 6.42390155792, 12.4153671265, 16.2535915375, 26.3506011963, 19.6937732697, 30.1292076111, 14.5484542847, 24.6656341553, 30.9737243652, 39.4174346924, 38.2138404846, 60.7046165466, 27.7054443359, 29.2443161011, 42.0206336975, 33.2768440247, 48.1179389954, 37.641204834, 26.9944477081, 21.4887237549, 26.0651874542, 38.1142196655, 31.9560089111, 22.6682128906, 30.9804878235, 10.3694038391, 8.91018295288, 8.68389987946, 9.67787456512, 9.39650344849, 8.9498872757, 5.63653087616, 3.61114382744, 1.58719658852, 0.616856336594, 0.367113828659, 0.0394317135215, 0.000669632805511, 5.52240890102e-05]
    },
    "gfcc": {
        "mean": [-14.5490159988, 66.8388290405, -128.015914917, 23.1986942291, -73.2641677856, 13.0582008362, -41.4332542419, 15.1696128845, -27.4630050659, 2.06918382645, -12.3421392441, -1.5012742281, -15.4434223175],
        "cov": [[17708.0449219, -266.649017334, 789.852355957, 1426.58813477, 278.288726807, 1095.7409668, 136.768661499, 495.871185303, -217.447875977, 382.0050354, -492.441986084, -0.347274392843, -412.509063721], [-266.649017334, 1134.13586426, 2.48517775536, 26.9279918671, 250.512863159, 31.2257843018, 196.647537231, -10.5439472198, 187.657867432, -46.0136070251, 158.169189453, -73.6286010742, 55.1628074646], [789.852355957, 2.48517775536, 1695.11193848, 740.506713867, 729.891479492, 759.109436035, 482.396850586, 247.394699097, 192.681182861, 229.691055298, -108.287490845, 145.448287964, -11.4404630661], [1426.58813477, 26.9279918671, 740.506713867, 818.393310547, 472.537719727, 376.885925293, 247.825653076, 232.443099976, 145.113220215, 98.5011062622, -37.9911880493, 62.1810760498, 16.2371730804], [278.288726807, 250.512863159, 729.891479492, 472.537719727, 644.733703613, 418.073974609, 390.762634277, 204.778152466, 207.589828491, 120.054618835, 6.91280269623, 34.1745605469, 11.0189304352], [1095.7409668, 31.2257843018, 759.109436035, 376.885925293, 418.073974609, 699.14642334, 395.611877441, 213.006057739, 143.976867676, 171.842788696, -26.1123733521, 38.828994751, -2.64724373817], [136.768661499, 196.647537231, 482.396850586, 247.825653076, 390.762634277, 395.611877441, 418.140930176, 199.608428955, 170.485656738, 125.495979309, 57.9569664001, 21.3916492462, 12.4305887222], [495.871185303, -10.5439472198, 247.394699097, 232.443099976, 204.778152466, 213.006057739, 199.608428955, 220.985229492, 119.284042358, 100.689071655, 33.1924934387, 34.7764968872, 7.29977226257], [-217.447875977, 187.657867432, 192.681182861, 145.113220215, 207.589828491, 143.976867676, 170.485656738, 119.284042358, 206.432556152, 75.6239471436, 66.3291549683, 11.1340684891, 49.5095291138], [382.0050354, -46.0136070251, 229.691055298, 98.5011062622, 120.054618835, 171.842788696, 125.495979309, 100.689071655, 75.6239471436, 156.418365479, 37.7959861755, 45.0922775269, 5.80457878113], [-492.441986084, 158.169189453, -108.287490845, -37.9911880493, 6.91280269623, -26.1123733521, 57.9569664001, 33.1924934387, 66.3291549683, 37.7959861755, 165.086517334, 27.6592254639, 53.3984985352], [-0.347274392843, -73.6286010742, 145.448287964, 62.1810760498, 34.1745605469, 38.828994751, 21.3916492462, 34.7764968872, 11.1340684891, 45.0922775269, 27.6592254639, 118.725395203, 47.8380889893], [-412.509063721, 55.1628074646, -11.4404630661, 16.2371730804, 11.0189304352, -2.64724373817, 12.4305887222, 7.29977226257, 49.5095291138, 5.80457878113, 53.3984985352, 47.8380889893, 106.314689636]],
        "icov": [[0.00012376534869, -0.000185445533134, 0.000190732971532, -0.00030690303538, 0.000150771113113, -0.000277958577499, 0.000192157720448, -0.000211475897231, 0.000297659425996, -0.000471092702355, 0.000426546816016, -0.000215496111196, 0.000383171398425], [-0.000185445533134, 0.00193059258163, -0.000269879237749, 0.000453401124105, -0.000838418200146, 0.000491913582664, -0.000911616429221, 0.00163705646992, -0.00165410141926, 0.00191401818302, -0.00218333187513, 0.00119374599308, -0.00050094735343], [0.000190732971532, -0.000269879237749, 0.00263318046927, -0.00134469242766, -0.000778344110586, -0.00147918367293, -0.000395003356971, 0.00139127462171, -9.12059622351e-05, -0.00165834964719, 0.00226656557061, -0.00287139881402, 0.00164993840735], [-0.00030690303538, 0.000453401124105, -0.00134469242766, 0.00394783634692, -0.00214775907807, 0.000351796334144, 0.0015767798759, -0.00248700915836, -0.000215678737732, 0.00213661091402, -0.00121635082178, 0.00103596737608, -0.00182737258729], [0.000150771113113, -0.000838418200146, -0.000778344110586, -0.00214775907807, 0.00687415385619, 0.000248557073064, -0.00378608307801, 0.000460689800093, -0.00172371661756, -0.000410986714996, 0.00173558446113, -0.00050343706971, 0.00114901538473], [-0.000277958577499, 0.000491913582664, -0.00147918367293, 0.000351796334144, 0.000248557073064, 0.00541557045653, -0.00391352223232, 6.76444033161e-05, 0.00011706877558, -0.000905794440769, 0.000545894552488, 0.00181979348417, -0.00208271364681], [0.000192157720448, -0.000911616429221, -0.000395003356971, 0.0015767798759, -0.00378608307801, -0.00391352223232, 0.0122779421508, -0.00552498316392, 0.000622305087745, -0.000270079937764, -0.00273786950856, 0.00126768439077, 0.000703688885551], [-0.000211475897231, 0.00163705646992, 0.00139127462171, -0.00248700915836, 0.000460689800093, 6.76444033161e-05, -0.00552498316392, 0.0146435620263, -0.00537651637569, -0.00144155486487, -0.000786508549936, -0.00266000349075, 0.00262851384468], [0.000297659425996, -0.00165410141926, -9.12059622351e-05, -0.000215678737732, -0.00172371661756, 0.00011706877558, 0.000622305087745, -0.00537651637569, 0.0138188581914, -0.00426751049235, -0.000172768195625, 0.00358686572872, -0.00521519174799], [-0.000471092702355, 0.00191401818302, -0.00165834964719, 0.00213661091402, -0.000410986714996, -0.000905794440769, -0.000270079937764, -0.00144155486487, -0.00426751049235, 0.0155558222905, -0.00563952652737, -0.0018699838547, 0.00163683656137], [0.000426546816016, -0.00218333187513, 0.00226656557061, -0.00121635082178, 0.00173558446113, 0.000545894552488, -0.00273786950856, -0.000786508549936, -0.000172768195625, -0.00563952652737, 0.0142991850153, -0.00398541102186, -0.00157497043256], [-0.000215496111196, 0.00119374599308, -0.00287139881402, 0.00103596737608, -0.00050343706971, 0.00181979348417, 0.00126768439077, -0.00266000349075, 0.00358686572872, -0.0018699838547, -0.00398541102186, 0.017207076773, -0.00909996405244], [0.000383171398425, -0.00050094735343, 0.00164993840735, -0.00182737258729, 0.00114901538473, -0.00208271364681, 0.000703688885551, 0.00262851384468, -0.00521519174799, 0.00163683656137, -0.00157497043256, -0.00909996405244, 0.0184006560594]]
    },
    "melbands": {
        "mean": [0.00480937166139, 0.00309774465859, 0.00117328076158, 0.000661521917209, 0.00028253372875, 0.000229134195251, 0.000255145685514, 0.000251349265454, 0.0001897476468, 0.000161968069733, 0.000179257782293, 6.62657694193e-05, 6.82399913785e-05, 6.32467417745e-05, 5.41155131941e-05, 4.61658637505e-05, 4.98644294566e-05, 3.35075128532e-05, 2.15923337237e-05, 2.01374241442e-05, 1.4974608348e-05, 1.6848271116e-05, 1.44679452205e-05, 2.88077226287e-05, 1.54474655574e-05, 1.05899243863e-05, 1.68380774994e-05, 1.15474822451e-05, 4.8833639994e-06, 4.24348536399e-06, 3.32752597387e-06, 3.57483895641e-06, 3.42217140314e-06, 3.74364617528e-06, 3.47954528479e-06, 3.41929921888e-06, 2.8136128094e-06, 2.31612625612e-06, 2.07225753002e-06, 1.66704182902e-06],
        "stdev": [0.00912036933005, 0.00635926891118, 0.00302448915318, 0.00168446276803, 0.000943613529671, 0.000354598858394, 0.000367293978343, 0.000332319177687, 0.000298563594697, 0.000264636881184, 0.000301082531223, 0.000116616334708, 9.82150741038e-05, 0.000128059429699, 8.68082643137e-05, 8.13940132502e-05, 9.24825217226e-05, 6.84181068209e-05, 3.49557521986e-05, 3.76087809855e-05, 2.54142833001e-05, 3.20853941957e-05, 1.97631616174e-05, 5.18779525009e-05, 2.61168806901e-05, 1.37228062158e-05, 2.45379906119e-05, 1.89888123714e-05, 7.0028868322e-06, 6.28819907433e-06, 4.75977321912e-06, 5.22186701346e-06, 4.56182806374e-06, 6.22842844678e-06, 5.17761918672e-06, 6.10477263763e-06, 5.27711654286e-06, 4.1156736188e-06, 3.53034442924e-06, 2.94767323794e-06]
    },
    "melbands128": {
        "mean": [0.000365555984899, 0.00407581496984, 0.00735659524798, 0.0050698556006, 0.00256943702698, 0.00148595625069, 0.00118933164049, 0.001124551869, 0.0010548804421, 0.000757316593081, 0.00037896365393, 0.000290478754323, 0.000321537809214, 0.00020948931342, 0.000141643962706, 0.000321868195897, 0.000316605321132, 0.000214593019336, 0.000194380409084, 0.000314995588269, 0.000199334535864, 0.000260659697233, 0.000196200649953, 9.90278058453e-05, 0.000130159474793, 0.000164131430211, 0.00029257859569, 0.000197125540581, 6.89258959028e-05, 7.63107746025e-05, 5.17865846632e-05, 7.03697878635e-05, 8.58894418343e-05, 5.46778574062e-05, 4.27755185228e-05, 8.03390503279e-05, 7.04835911165e-05, 4.62350799353e-05, 5.60223234061e-05, 3.71539899788e-05, 3.29557842633e-05, 7.301394362e-05, 5.31775367563e-05, 4.16384536948e-05, 2.59668559011e-05, 4.07616098528e-05, 3.08632806991e-05, 1.46034572026e-05, 2.09098579944e-05, 2.80115873466e-05, 1.84176660696e-05, 1.46757010953e-05, 1.45353888001e-05, 1.43028901221e-05, 1.83716074389e-05, 1.95335451281e-05, 1.24497673823e-05, 1.33659486892e-05, 1.33355624712e-05, 1.91826984519e-05, 4.03651538363e-05, 2.44006023422e-05, 2.03414110729e-05, 1.26240092868e-05, 7.99029930931e-06, 1.04776163425e-05, 1.03867769212e-05, 1.64219600265e-05, 1.5322910258e-05, 2.39626024268e-05, 1.12184416139e-05, 6.98928079146e-06, 4.13115731135e-06, 5.64369611311e-06, 3.6510875816e-06, 4.46205058324e-06, 4.62010666524e-06, 3.49870128957e-06, 2.94728260997e-06, 3.20481217386e-06, 3.53199834535e-06, 3.81476638722e-06, 3.77149899577e-06, 3.09619099426e-06, 3.49282754541e-06, 3.76056186724e-06, 4.06517847296e-06, 3.01923523693e-06, 3.45744069818e-06, 3.79211860491e-06, 3.61674074156e-06, 3.16283285429e-06, 3.43143847203e-06, 2.68225153377e-06, 2.64743221123e-06, 2.34353592532e-06, 2.32543516177e-06, 2.1486755486e-06, 2.00549493456e-06, 2.05589662983e-06, 2.07821267395e-06, 1.61196192039e-06, 1.23100369365e-06, 1.01444845768e-06, 9.83545305644e-07, 9.56343114922e-07, 8.05719764685e-07, 6.07830827448e-07, 5.58405474749e-07, 5.41527867881e-07, 6.30987813111e-07, 6.80819880472e-07, 4.97995245041e-07, 5.60234809655e-07, 4.72463227652e-07, 9.92779760622e-08, 2.28425594412e-11, 6.12101428571e-12, 5.87864912999e-12, 5.66866865948e-12, 5.51030575335e-12, 5.37668997866e-12, 5.25062762366e-12, 5.15375676163e-12, 5.07061059807e-12, 5.01168681208e-12, 4.96793882074e-12, 4.93415638209e-12],
        "stdev": [0.000695139111485, 0.00898608006537, 0.0145901683718, 0.0102871730924, 0.00757723581046, 0.00486257858574, 0.00351320928894, 0.00350025598891, 0.00302126887254, 0.00214429968037, 0.0011556725949, 0.00104797212407, 0.001424396527, 0.000616170174908, 0.000280975567875, 0.000597396399826, 0.000565475202166, 0.000593871751335, 0.000336821161909, 0.000522878603078, 0.000455031637102, 0.000515109742992, 0.000354502815753, 0.000222391754505, 0.000327229179675, 0.000347630120814, 0.000578372855671, 0.000459913659142, 0.000131898035761, 0.000196482724277, 0.000116449009511, 0.000125467006001, 0.000138865449117, 0.000126324477606, 0.000134523739689, 0.000207374934689, 0.000131522465381, 0.000113510752271, 0.000139606592711, 9.24394043977e-05, 8.17056061351e-05, 0.000210355239687, 0.000120809570944, 0.000108005522634, 6.90438828315e-05, 0.000124370824778, 6.93120236974e-05, 3.55026677425e-05, 4.46841222583e-05, 6.25187094556e-05, 5.53292593395e-05, 3.94513408537e-05, 3.4832086385e-05, 3.20352010021e-05, 3.88874832424e-05, 5.78393155592e-05, 2.61591903836e-05, 2.23998304136e-05, 2.40843746724e-05, 4.31949265476e-05, 9.33498304221e-05, 5.10030804435e-05, 5.86764945183e-05, 2.28397675528e-05, 1.21410539577e-05, 1.60453892022e-05, 1.77216188604e-05, 2.93533939839e-05, 2.48455216934e-05, 5.48762982362e-05, 2.13380917558e-05, 1.2808766769e-05, 5.86144369663e-06, 1.14477406896e-05, 5.29816043127e-06, 7.33985416446e-06, 8.33470767247e-06, 6.24948506811e-06, 4.51190953754e-06, 4.83495887238e-06, 8.01703754405e-06, 5.97022790316e-06, 5.5270370467e-06, 4.54603059552e-06, 5.26142275703e-06, 7.10505082679e-06, 7.62341869631e-06, 4.89673311677e-06, 5.27709244125e-06, 6.4402092903e-06, 6.56404472466e-06, 6.22590368948e-06, 7.626003935e-06, 5.35283970748e-06, 5.00921714774e-06, 4.59418151877e-06, 4.46458807346e-06, 4.059506864e-06, 3.91049752579e-06, 3.73603370463e-06, 3.95269535147e-06, 3.18393404086e-06, 2.23789675147e-06, 1.96101359506e-06, 1.93125129044e-06, 1.85894066362e-06, 1.62379592439e-06, 1.08489348349e-06, 9.86113491308e-07, 9.82358415058e-07, 1.27208011236e-06, 1.58910245318e-06, 1.06240145215e-06, 1.48237734265e-06, 1.23998313484e-06, 2.53024495578e-07, 7.90423212993e-11, 1.10726306596e-11, 1.06904051583e-11, 1.03535600232e-11, 1.00797070343e-11, 9.84183394503e-12, 9.63116392194e-12, 9.46038646726e-12, 9.31045344987e-12, 9.19693661505e-12, 9.1145450562e-12, 9.06174180831e-12]
    },
    "mfcc": {
        "mean": [-647.218383789, 97.2975692749, -3.80815386772, 7.70954656601, -6.46292972565, -7.43569898605, -1.27239668369, 3.35952997208, -8.86303901672, 4.2228717804, -0.457467913628, -0.70067179203, -0.686201095581],
        "cov": [[9165.06347656, -361.530548096, 907.721130371, 751.671081543, 596.735290527, 715.997802734, 505.852996826, 313.711914062, 374.671661377, 386.486602783, 245.204803467, 15.6034059525, -101.50630188], [-361.530548096, 1038.8503418, -84.8381500244, -28.7850151062, 23.5669765472, 52.9008674622, 54.2449607849, 51.6826019287, -6.4933423996, 76.0173492432, 70.4971923828, 50.7796630859, 35.3785095215], [907.721130371, -84.8381500244, 993.99230957, 340.769470215, 425.268035889, 548.712463379, 340.898681641, 259.541290283, 363.1875, 111.61428833, 169.650543213, 127.593734741, 53.5116920471], [751.671081543, -28.7850151062, 340.769470215, 581.31451416, 351.065429688, 201.001296997, 159.620452881, 187.249557495, 193.599945068, 102.307106018, 80.494644165, 61.0526237488, 89.9999694824], [596.735290527, 23.5669765472, 425.268035889, 351.065429688, 411.65435791, 335.834747314, 211.002929688, 206.377883911, 248.077651978, 132.871551514, 107.947471619, 80.1485900879, 51.7642364502], [715.997802734, 52.9008674622, 548.712463379, 201.001296997, 335.834747314, 531.622802734, 338.775634766, 235.839599609, 299.702056885, 178.268356323, 171.436584473, 104.40838623, 13.3785839081], [505.852996826, 54.2449607849, 340.898681641, 159.620452881, 211.002929688, 338.775634766, 354.41394043, 218.77784729, 204.120742798, 171.503097534, 154.699401855, 95.6245727539, 42.3293952942], [313.711914062, 51.6826019287, 259.541290283, 187.249557495, 206.377883911, 235.839599609, 218.77784729, 242.303451538, 197.86541748, 129.69960022, 113.027801514, 89.1161880493, 50.3944206238], [374.671661377, -6.4933423996, 363.1875, 193.599945068, 248.077651978, 299.702056885, 204.120742798, 197.86541748, 301.067901611, 140.717285156, 126.60005188, 93.6346206665, 47.5103683472], [386.486602783, 76.0173492432, 111.61428833, 102.307106018, 132.871551514, 178.268356323, 171.503097534, 129.69960022, 140.717285156, 233.157684326, 134.762481689, 64.1663894653, 19.2142047882], [245.204803467, 70.4971923828, 169.650543213, 80.494644165, 107.947471619, 171.436584473, 154.699401855, 113.027801514, 126.60005188, 134.762481689, 155.277984619, 83.4188232422, 36.2062606812], [15.6034059525, 50.7796630859, 127.593734741, 61.0526237488, 80.1485900879, 104.40838623, 95.6245727539, 89.1161880493, 93.6346206665, 64.1663894653, 83.4188232422, 114.09223938, 70.5182571411], [-101.50630188, 35.3785095215, 53.5116920471, 89.9999694824, 51.7642364502, 13.3785839081, 42.3293952942, 50.3944206238, 47.5103683472, 19.2142047882, 36.2062606812, 70.5182571411, 133.007705688]],
        "icov": [[0.000143913261127, 4.87454417453e-05, -6.29978821962e-05, -0.000186855337233, 5.61261222174e-05, -0.000123771897051, -3.75744093617e-05, 6.39386271359e-05, 0.000116178416647, -0.000187320212717, -2.65835988102e-05, 0.000116096001875, 0.000158229275257], [4.87454417453e-05, 0.00110466009937, 0.000278085761238, 0.000112004774564, -0.000221639478696, -0.000484589138068, 0.00024198841129, -0.000363107974408, 0.00065601838287, -0.000150370091433, -0.000516120286193, -0.00010031813872, -0.000267656694632], [-6.29978821962e-05, 0.000278085761238, 0.0032411548309, -0.000429758598329, -0.000719593546819, -0.00231958110817, -0.000389264663681, 0.000543442671187, -0.00122303282842, 0.00226317625493, -0.000978720490821, -0.000492282502819, -6.65318657411e-05], [-0.000186855337233, 0.000112004774564, -0.000429758598329, 0.00473207980394, -0.00440483121201, 0.00220201723278, -0.000295572099276, -0.00117692025378, 0.000119702141092, 3.26597073581e-05, -0.000499787391163, 0.0016164717963, -0.00193714350462], [5.61261222174e-05, -0.000221639478696, -0.000719593546819, -0.00440483121201, 0.0114261200652, -0.0049251858145, 0.00232290755957, -0.00185049592983, -0.0013340159785, -0.0015950051602, 0.00227204570547, -0.000164314362337, -0.000442184973508], [-0.000123771897051, -0.000484589138068, -0.00231958110817, 0.00220201723278, -0.0049251858145, 0.0122551750392, -0.00613017799333, 0.00170222390443, -0.00347936828621, 0.000197343688342, -0.00109194894321, -0.00088797317585, 0.0034500809852], [-3.75744093617e-05, 0.00024198841129, -0.000389264663681, -0.000295572099276, 0.00232290755957, -0.00613017799333, 0.0121424971148, -0.0063636675477, 0.00283258035779, -0.00229590106755, -0.00225089606829, 0.00123376527335, -0.00219862931408], [6.39386271359e-05, -0.000363107974408, 0.000543442671187, -0.00117692025378, -0.00185049592983, 0.00170222390443, -0.0063636675477, 0.0150280920789, -0.00504543213174, -0.000204996453249, 0.000795487314463, -0.00346603686921, 0.00105632573832], [0.000116178416647, 0.00065601838287, -0.00122303282842, 0.000119702141092, -0.0013340159785, -0.00347936828621, 0.00283258035779, -0.00504543213174, 0.0125226601958, -0.00237485114485, -0.00106861314271, -0.000693299632985, -0.00126702245325], [-0.000187320212717, -0.000150370091433, 0.00226317625493, 3.26597073581e-05, -0.0015950051602, 0.000197343688342, -0.00229590106755, -0.000204996453249, -0.00237485114485, 0.0116857895628, -0.00775569118559, 0.000890997354873, 0.00117262860294], [-2.65835988102e-05, -0.000516120286193, -0.000978720490821, -0.000499787391163, 0.00227204570547, -0.00109194894321, -0.00225089606829, 0.000795487314463, -0.00106861314271, -0.00775569118559, 0.0213710926473, -0.00856491085142, 0.000715062429663], [0.000116096001875, -0.00010031813872, -0.000492282502819, 0.0016164717963, -0.000164314362337, -0.00088797317585, 0.00123376527335, -0.00346603686921, -0.000693299632985, 0.000890997354873, -0.00856491085142, 0.0233743004501, -0.00964882783592], [0.000158229275257, -0.000267656694632, -6.65318657411e-05, -0.00193714350462, -0.000442184973508, 0.0034500809852, -0.00219862931408, 0.00105632573832, -0.00126702245325, 0.00117262860294, 0.000715062429663, -0.00964882783592, 0.0143765648827]]
    },
    "spectral_contrast_coeffs": {
        "mean": [-0.666321754456, -0.746269881725, -0.772811412811, -0.796312391758, -0.785032629967, -0.792699933052],
        "stdev": [0.105219118297, 0.0715536251664, 0.0610920786858, 0.0528040342033, 0.0543949939311, 0.0311598293483]
    },
    "spectral_contrast_valleys": {
        "mean": [-7.70841789246, -6.91191196442, -7.34225988388, -7.79514408112, -7.61497068405, -9.94708251953],
        "stdev": [2.1980714798, 1.8056486845, 1.77518188953, 1.76975464821, 1.81675612926, 1.81587600708]
    }
},
"rhythm": {
    "beats_count": 475,
    "beats_loudness": {
        "mean": 0.065811149776,
        "stdev": 0.0454252138734
    },
    "bpm": 140.002319336,
    "bpm_histogram_first_peak_bpm": 140,
    "bpm_histogram_first_peak_weight": 0.27623128891,
    "bpm_histogram_second_peak_bpm": 112,
    "bpm_histogram_second_peak_spread": 0,
    "bpm_histogram_second_peak_weight": 0.0147679327056,
    "danceability": 1.20941257477,
    "onset_rate": 3.61021137238,
    "beats_loudness_band_ratio": {
        "mean": [0.494215279818, 0.140729278326, 0.20040974021, 0.10915492475, 0.0599098242819, 0.0567942634225],
        "stdev": [0.387713521719, 0.166408792138, 0.210727095604, 0.117284737527, 0.0834979340434, 0.0652752220631]
    },
    "beats_position": [0.406349211931, 0.824308395386, 1.25387752056, 1.68344664574, 2.11301589012, 2.53097510338, 2.96054410934, 3.40172338486, 3.84290242195, 4.28408145905, 4.71365070343, 5.13160991669, 5.54956912994, 5.97913837433, 6.40870714188, 6.82666635513, 7.25623559952, 7.6858048439, 8.10376358032, 8.53333282471, 8.96290206909, 9.4040813446, 9.84526062012, 10.2748298645, 10.7043991089, 11.1223583221, 11.5519275665, 11.9814968109, 12.4110651016, 12.840634346, 13.2702035904, 13.6881628036, 14.117732048, 14.5473012924, 14.9768705368, 15.3948297501, 15.8243989944, 16.2539672852, 16.6835365295, 17.1131057739, 17.5426750183, 17.9722442627, 18.4018135071, 18.8313827515, 19.2493419647, 19.6789112091, 20.1084804535, 20.5380496979, 20.9676189423, 21.3971881866, 21.826757431, 22.2563266754, 22.6858959198, 23.1154651642, 23.5450344086, 23.974603653, 24.4157810211, 24.8569602966, 25.286529541, 25.7277088165, 26.168888092, 26.6100673676, 27.0396366119, 27.4692058563, 27.8871650696, 28.3051242828, 28.7230834961, 29.1410427094, 29.5590019226, 29.9769611359, 30.3949203491, 30.8244895935, 31.2540588379, 31.6836280823, 32.1131973267, 32.542766571, 32.9723358154, 33.4019050598, 33.8314743042, 34.2610435486, 34.690612793, 35.1201820374, 35.5497512817, 35.9677085876, 36.397277832, 36.8268470764, 37.2564163208, 37.6859855652, 38.1155548096, 38.545124054, 38.9746932983, 39.3926506042, 39.8222198486, 40.251789093, 40.6813583374, 41.1109275818, 41.5404968262, 41.9584579468, 42.3880271912, 42.8175964355, 43.2587738037, 43.6767349243, 44.1063041687, 44.5358734131, 44.9654426575, 45.3950119019, 45.8129692078, 46.2541503906, 46.6721076965, 47.1016769409, 47.5312461853, 47.9724235535, 48.3903846741, 48.8199539185, 49.2495231628, 49.6790924072, 50.1086616516, 50.5266189575, 50.9561882019, 51.3857574463, 51.8153266907, 52.2448959351, 52.6744651794, 53.1040344238, 53.5336036682, 53.9631729126, 54.392742157, 54.8223114014, 55.240272522, 55.6698417664, 56.0994110107, 56.5289802551, 56.9585494995, 57.3881187439, 57.8176841736, 58.247253418, 58.6768226624, 59.1063919067, 59.5359611511, 59.9655303955, 60.3950996399, 60.8130607605, 61.2426300049, 61.6721992493, 62.1017684937, 62.531337738, 62.9609069824, 63.3904762268, 63.8200454712, 64.2496109009, 64.67918396, 65.1087493896, 65.5383224487, 65.9678878784, 66.385848999, 66.8154220581, 67.2449874878, 67.6745529175, 68.1041259766, 68.5336914062, 68.9632644653, 69.392829895, 69.8224029541, 70.2519683838, 70.6815414429, 71.1111068726, 71.5406799316, 71.9586410522, 72.3882064819, 72.817779541, 73.2473449707, 73.6769180298, 74.1064834595, 74.5360565186, 74.9656219482, 75.3951950073, 75.8131484985, 76.2427215576, 76.6722869873, 77.1018600464, 77.5314254761, 77.9609985352, 78.3905639648, 78.8201370239, 79.2497024536, 79.6792755127, 80.1088409424, 80.5384140015, 80.9679794312, 81.3859405518, 81.8155059814, 82.2450790405, 82.6746444702, 83.1042175293, 83.533782959, 83.9633560181, 84.3813171387, 84.8224945068, 85.2404556274, 85.6816329956, 86.0995864868, 86.5407714844, 86.9587249756, 87.3882980347, 87.8178634644, 88.2474365234, 88.6770019531, 89.1065750122, 89.5361404419, 89.9541015625, 90.3836746216, 90.8132400513, 91.2428131104, 91.67237854, 92.1019515991, 92.5315170288, 92.9610900879, 93.3906555176, 93.8202285767, 94.2497940063, 94.6793670654, 95.1089324951, 95.5268936157, 95.9680709839, 96.3860321045, 96.8272094727, 97.2451705933, 97.6747360229, 98.104309082, 98.5338745117, 98.9634475708, 99.381401062, 99.8109741211, 100.240539551, 100.67011261, 101.09967804, 101.529251099, 101.958816528, 102.388389587, 102.817955017, 103.235916138, 103.677093506, 104.095054626, 104.536231995, 104.954193115, 105.395370483, 105.813331604, 106.254508972, 106.672470093, 107.113647461, 107.531608582, 107.97278595, 108.413963318, 108.855148315, 109.284713745, 109.714286804, 110.132240295, 110.550201416, 110.968162537, 111.397727966, 111.827301025, 112.256866455, 112.686439514, 113.116004944, 113.545578003, 113.975143433, 114.404716492, 114.834281921, 115.26385498, 115.69342041, 116.122993469, 116.54094696, 116.97052002, 117.400085449, 117.829658508, 118.259223938, 118.688796997, 119.118362427, 119.547935486, 119.977500916, 120.395462036, 120.825035095, 121.254600525, 121.684173584, 122.113739014, 122.543312073, 122.972877502, 123.390838623, 123.820404053, 124.249977112, 124.667930603, 125.109115601, 125.53868103, 125.968254089, 126.386207581, 126.81578064, 127.245346069, 127.674919128, 128.104492188, 128.522445679, 128.952011108, 129.381591797, 129.811157227, 130.240722656, 130.670288086, 131.099868774, 131.529434204, 131.958999634, 132.388565063, 132.818145752, 133.247711182, 133.677276611, 134.095230103, 134.536407471, 134.954376221, 135.395553589, 135.81350708, 136.254684448, 136.672653198, 137.102218628, 137.531784058, 137.961364746, 138.390930176, 138.820495605, 139.250061035, 139.668029785, 140.097595215, 140.527160645, 140.956726074, 141.386306763, 141.815872192, 142.245437622, 142.675003052, 143.10458374, 143.53414917, 143.9637146, 144.393280029, 144.822860718, 145.240814209, 145.681991577, 146.099945068, 146.541137695, 146.959091187, 147.388656616, 147.806625366, 148.224578857, 148.654144287, 149.083709717, 149.513290405, 149.954467773, 150.384033203, 150.813598633, 151.243179321, 151.672744751, 152.102310181, 152.53187561, 152.96144104, 153.391021729, 153.820587158, 154.250152588, 154.679718018, 155.109298706, 155.538864136, 155.968429565, 156.397994995, 156.827575684, 157.245529175, 157.686706543, 158.104675293, 158.534240723, 158.963806152, 159.393371582, 159.822952271, 160.2525177, 160.68208313, 161.11164856, 161.541213989, 161.959182739, 162.388748169, 162.818313599, 163.247894287, 163.677459717, 164.107025146, 164.536590576, 164.966171265, 165.395736694, 165.825302124, 166.254867554, 166.672836304, 167.114013672, 167.531967163, 167.961532593, 168.391113281, 168.809066772, 169.238632202, 169.668212891, 170.109390259, 170.52734375, 170.95690918, 171.386474609, 171.816055298, 172.245620728, 172.675186157, 173.104751587, 173.522720337, 173.963897705, 174.393463135, 174.823028564, 175.264221191, 175.70539856, 176.134963989, 176.564529419, 176.982498169, 177.412063599, 177.841629028, 178.25958252, 178.67755127, 179.095504761, 179.52507019, 179.954650879, 180.384216309, 180.813781738, 181.243347168, 181.672927856, 182.114105225, 182.543670654, 182.973236084, 183.414413452, 183.843994141, 184.27355957, 184.703125, 185.121078491, 185.55065918, 185.980224609, 186.409790039, 186.827758789, 187.257324219, 187.686889648, 188.116455078, 188.546035767, 188.975601196, 189.405166626, 189.834732056, 190.264297485, 190.682266235, 191.111831665, 191.541397095, 191.970977783, 192.400543213, 192.830108643, 193.259674072, 193.677642822, 194.107208252, 194.536773682, 194.966339111, 195.3959198, 195.837097168, 196.255050659, 196.684616089, 197.114196777, 197.532150269, 197.961715698, 198.391296387, 198.820861816, 199.262039185, 199.703216553, 200.144393921, 200.585571289, 201.119628906, 201.653686523, 202.187744141, 202.721817017, 203.255874634, 203.789932251, 204.323989868],
    "bpm_histogram": [0, 0, 0, 0, 0, 0, 0, 0, 0, 0, 0, 0, 0, 0, 0, 0, 0, 0, 0, 0, 0, 0, 0, 0, 0, 0, 0, 0, 0, 0, 0, 0, 0, 0, 0, 0, 0, 0, 0, 0, 0, 0, 0, 0, 0, 0, 0, 0, 0, 0, 0, 0, 0, 0, 0, 0, 0, 0, 0, 0, 0, 0, 0, 0, 0, 0, 0, 0, 0, 0, 0, 0, 0, 0, 0, 0, 0, 0, 0, 0, 0, 0, 0, 0, 0, 0, 0, 0, 0, 0, 0, 0, 0, 0, 0, 0, 0, 0, 0, 0, 0, 0, 0, 0, 0, 0, 0, 0, 0, 0, 0, 0, 0.0147679327056, 0, 0, 0, 0, 0, 0, 0, 0, 0, 0, 0, 0, 0, 0, 0, 0, 0, 0, 0, 0, 0, 0, 0, 0.0970464125276, 0, 0, 0, 0.71308016777, 0, 0, 0, 0.17510548234, 0, 0, 0, 0, 0, 0, 0, 0, 0, 0, 0, 0, 0, 0, 0, 0, 0, 0, 0, 0, 0, 0, 0, 0, 0, 0, 0, 0, 0, 0, 0, 0, 0, 0, 0, 0, 0, 0, 0, 0, 0, 0, 0, 0, 0, 0, 0, 0, 0, 0, 0, 0, 0, 0, 0, 0, 0, 0, 0, 0, 0, 0, 0, 0, 0, 0, 0, 0, 0, 0, 0, 0, 0, 0, 0, 0, 0, 0, 0, 0, 0, 0, 0, 0, 0, 0, 0, 0, 0, 0, 0, 0, 0, 0, 0, 0, 0, 0, 0, 0, 0, 0, 0, 0, 0]
},
"tonal": {
    "chords_changes_rate": 0.0471121184528,
    "chords_number_rate": 0.00249150628224,
    "chords_strength": {
        "mean": 0.569059491158,
        "stdev": 0.113473832607
    },
    "hpcp_crest": {
        "mean": 12.6417074203,
        "stdev": 5.8273191452
    },
    "hpcp_entropy": {
        "mean": 2.12059950829,
        "stdev": 0.706407368183
    },
    "key_edma": {
        "strength": 0.754940032959,
        "key": "G",
        "scale": "major"
    },
    "key_krumhansl": {
        "strength": 0.7582873106,
        "key": "G",
        "scale": "major"
    },
    "key_temperley": {
        "strength": 0.762964308262,
        "key": "G",
        "scale": "major"
    },
    "tuning_diatonic_strength": 0.766849517822,
    "tuning_equal_tempered_deviation": 0.119495175779,
    "tuning_frequency": 436.456176758,
    "tuning_nontempered_energy_ratio": 0.84644973278,
    "hpcp": {
        "mean": [0.19765150547, 0.190493196249, 0.0966091230512, 0.0678320899606, 0.0694065839052, 0.11604487896, 0.237642779946, 0.218639239669, 0.115181945264, 0.12261968106, 0.105477593839, 0.0664235502481, 0.0604578182101, 0.0641820281744, 0.10751824826, 0.202194690704, 0.195743203163, 0.102851822972, 0.0606419034302, 0.0568818226457, 0.0802561715245, 0.140578716993, 0.14654250443, 0.0948242843151, 0.0691947191954, 0.0670780688524, 0.0980657413602, 0.173331901431, 0.166892722249, 0.152350962162, 0.282921254635, 0.270351916552, 0.142638161778, 0.0982479006052, 0.0745144337416, 0.102429196239],
        "stdev": [0.3125205338, 0.299783855677, 0.208890035748, 0.183087408543, 0.182570829988, 0.20574015379, 0.310461878777, 0.290427237749, 0.207904398441, 0.23780541122, 0.225374102592, 0.159461766481, 0.145698040724, 0.145358204842, 0.185961768031, 0.274062871933, 0.278116255999, 0.180401995778, 0.128869861364, 0.134988740087, 0.170236289501, 0.253188788891, 0.2744345963, 0.186583921313, 0.15743753314, 0.149517178535, 0.175064608455, 0.255691021681, 0.245891779661, 0.220465496182, 0.34391617775, 0.331184089184, 0.231491103768, 0.203270018101, 0.163949713111, 0.188663810492]
    },
    "chords_histogram": [44.5753097534, 8.87882232666, 12.2310304642, 1.81200456619, 11.2344284058, 0.475651174784, 0.543601334095, 0, 1.8799546957, 0, 0, 0, 0, 0, 0, 0.0906002297997, 0, 1.29105317593, 0, 0.135900333524, 1.40430355072, 3.53340888023, 3.73725938797, 8.17667007446],
    "thpcp": [1, 0.955573022366, 0.504162073135, 0.347262352705, 0.263375163078, 0.362041354179, 0.69860959053, 0.673308193684, 0.341470003128, 0.239756077528, 0.245321214199, 0.410166710615, 0.839960873127, 0.772791862488, 0.407116621733, 0.433405697346, 0.372816085815, 0.234777525067, 0.213691323996, 0.226854741573, 0.380028873682, 0.714667737484, 0.691864609718, 0.363535165787, 0.214341983199, 0.201051786542, 0.283669650555, 0.496882855892, 0.517962157726, 0.33516138792, 0.244572356343, 0.237090945244, 0.346618503332, 0.612650692463, 0.589891076088, 0.538492441177],
    "chords_key": "G",
    "chords_scale": "major"
}
}