{
"metadata": {
    "version": {
        "essentia": "2.1-dev",
        "essentia_git_sha": "v2.1_beta3-415-gd5473f3",
        "extractor": "music 2.0"
    },
    "audio_properties": {
        "analysis": {
            "equal_loudness": 0,
            "length": 243.408981323,
            "sample_rate": 44100,
            "start_time": 0,
            "downmix": "mix"
        },
        "bit_rate": 192000,
        "length": 243.408981323,
        "lossless": 0,
        "number_channels": 2,
        "replay_gain": -10.8463745117,
        "sample_rate": 44100,
        "codec": "mp3",
        "md5_encoded": "9ca769a1d7126d03d9e99c4c9c9d4b94"
    },
    "tags": {
        "file_name": "kate_ryan-scream_for_more.mp3",
        "album": ["Cultura De Club (CD 2)"],
        "artist": ["Various Artists"],
        "genre": ["Other"],
        "title": ["Kate Ryan - Scream For More"]
    }
},
"lowlevel": {
    "average_loudness": 0.928090810776,
    "barkbands_crest": {
        "mean": 13.7124872208,
        "stdev": 6.26951408386
    },
    "barkbands_flatness_db": {
        "mean": 0.152491405606,
        "stdev": 0.0816868841648
    },
    "barkbands_kurtosis": {
        "mean": 28.0721130371,
        "stdev": 102.967597961
    },
    "barkbands_skewness": {
        "mean": 3.05262231827,
        "stdev": 3.70581030846
    },
    "barkbands_spread": {
        "mean": 25.4788360596,
        "stdev": 17.8047218323
    },
    "dissonance": {
        "mean": 0.47180300951,
        "stdev": 0.0241962466389
    },
    "dynamic_complexity": 2.7422785759,
    "erbbands_crest": {
        "mean": 7.88513278961,
        "stdev": 4.60033655167
    },
    "erbbands_flatness_db": {
        "mean": 0.130418390036,
        "stdev": 0.049488350749
    },
    "erbbands_kurtosis": {
        "mean": 0.297017067671,
        "stdev": 3.22207140923
    },
    "erbbands_skewness": {
        "mean": 0.0975544974208,
        "stdev": 0.922895789146
    },
    "erbbands_spread": {
        "mean": 59.3706283569,
        "stdev": 31.9602165222
    },
    "hfc": {
        "mean": 17.9047908783,
        "stdev": 17.4147663116
    },
    "loudness_ebu128": {
        "integrated": -12.601688385,
        "loudness_range": 5.33248901367,
        "momentary": {
            "mean": -13.167506218,
            "stdev": 2.51955914497
        },
        "short_term": {
            "mean": -13.0676574707,
            "stdev": 2.28178310394
        }
    },
    "melbands_crest": {
        "mean": 17.7257003784,
        "stdev": 7.08246517181
    },
    "melbands_flatness_db": {
        "mean": 0.217605859041,
        "stdev": 0.0996316745877
    },
    "melbands_kurtosis": {
        "mean": 66.74269104,
        "stdev": 116.128158569
    },
    "melbands_skewness": {
        "mean": 5.29061985016,
        "stdev": 4.25379180908
    },
    "melbands_spread": {
        "mean": 22.152217865,
        "stdev": 21.7153530121
    },
    "pitch_salience": {
        "mean": 0.450265496969,
        "stdev": 0.187636211514
    },
    "silence_rate_20dB": {
        "mean": 1,
        "stdev": 0
    },
    "silence_rate_30dB": {
        "mean": 0.981018722057,
        "stdev": 0.136473849416
    },
    "silence_rate_60dB": {
        "mean": 0.0514116734266,
        "stdev": 0.220853403211
    },
    "spectral_centroid": {
        "mean": 1571.55688477,
        "stdev": 777.037536621
    },
    "spectral_complexity": {
        "mean": 15.2245330811,
        "stdev": 10.3599720001
    },
    "spectral_decrease": {
        "mean": -7.61666907323e-09,
        "stdev": 7.19381043623e-09
    },
    "spectral_energy": {
        "mean": 0.0303710922599,
        "stdev": 0.0277656596154
    },
    "spectral_energyband_high": {
        "mean": 0.00114907405805,
        "stdev": 0.00150403252337
    },
    "spectral_energyband_low": {
        "mean": 0.0192710887641,
        "stdev": 0.0241334494203
    },
    "spectral_energyband_middle_high": {
        "mean": 0.00341057009064,
        "stdev": 0.00552270701155
    },
    "spectral_energyband_middle_low": {
        "mean": 0.00863360054791,
        "stdev": 0.016253599897
    },
    "spectral_entropy": {
        "mean": 7.80885028839,
        "stdev": 0.480228930712
    },
    "spectral_flux": {
        "mean": 0.0904380008578,
        "stdev": 0.0715247392654
    },
    "spectral_kurtosis": {
        "mean": 2.76601648331,
        "stdev": 3.00949120522
    },
    "spectral_rms": {
        "mean": 0.0049124006182,
        "stdev": 0.00234490958974
    },
    "spectral_rolloff": {
        "mean": 1483.25170898,
        "stdev": 1827.28283691
    },
    "spectral_skewness": {
        "mean": 1.2114623785,
        "stdev": 0.447252452374
    },
    "spectral_spread": {
        "mean": 5622286,
        "stdev": 1768687.5
    },
    "spectral_strongpeak": {
        "mean": 0.725372374058,
        "stdev": 1.07281672955
    },
    "zerocrossingrate": {
        "mean": 0.0629578232765,
        "stdev": 0.0435595363379
    },
    "barkbands": {
        "mean": [0.000176896093762, 0.0109595777467, 0.00611744029447, 0.00326196453534, 0.00313824391924, 0.0010476532625, 0.000393162161345, 0.00025579155772, 0.000393367517972, 0.00030617552693, 0.000529346230906, 0.000263973604888, 0.000332200987032, 0.000479709327919, 0.000311986659653, 0.000281040294794, 0.000294045137707, 0.000228771794355, 0.00032029740396, 0.000310634903144, 0.000226975040277, 0.000193142404896, 0.000195306551177, 0.000193177431356, 0.000120037788292, 3.86192405131e-05, 1.47131891026e-06],
        "stdev": [0.000608943984844, 0.0170028153807, 0.0127439908683, 0.00887373462319, 0.0106860976666, 0.00191836326849, 0.00102609815076, 0.000495943706483, 0.000989065272734, 0.00081283430336, 0.00147911137901, 0.000853644567542, 0.00103278760798, 0.00200598873198, 0.000870707037393, 0.000970481720287, 0.000804485753179, 0.000499964982737, 0.000669581000693, 0.000528496399056, 0.000352626550011, 0.000262926885625, 0.000312707939884, 0.000336869532475, 0.000259620748693, 7.7327764302e-05, 3.58450756721e-06]
    },
    "erbbands": {
        "mean": [0.276729136705, 2.61073637009, 6.1456785202, 10.9790229797, 9.76590919495, 10.9575643539, 8.83738613129, 8.33370113373, 6.13561010361, 6.95303249359, 5.56782484055, 9.7311668396, 9.61107063293, 11.5472974777, 19.2583713531, 12.8235006332, 15.4246559143, 26.8709640503, 12.3768186569, 20.6865901947, 16.7695217133, 14.9825553894, 12.6965303421, 14.0115814209, 16.298866272, 13.9211788177, 12.8065710068, 7.40781116486, 6.82186985016, 6.29629516602, 5.55320119858, 4.75639867783, 2.77287340164, 1.59973478317, 0.6840493083, 0.240479663014, 0.0585488826036, 0.00844256952405, 0.00020836944168, 4.39285940956e-05],
        "stdev": [0.447358429432, 4.1496462822, 12.0055866241, 23.7898216248, 32.7504272461, 35.7610244751, 17.405670166, 15.541929245, 18.4993495941, 11.5376663208, 11.5149822235, 26.5148048401, 20.3682804108, 32.0217628479, 47.2628364563, 38.7074623108, 43.7737579346, 119.047721863, 24.1733932495, 66.5180053711, 56.010925293, 36.2039642334, 25.0962944031, 27.4585094452, 36.2913589478, 21.0140838623, 24.5852375031, 9.65571117401, 9.03118896484, 9.62365627289, 8.89327907562, 8.21760559082, 5.07994222641, 3.64928650856, 1.39885091782, 0.482838630676, 0.117543369532, 0.0182811543345, 0.000413400179241, 3.85396779166e-05]
    },
    "gfcc": {
        "mean": [-8.92511844635, 68.0410079956, -104.553260803, 51.8172264099, -53.6183547974, 25.744977951, -34.890953064, 10.9089031219, -26.9161109924, 5.29468393326, -13.5894594193, 1.56413435936, -9.21783065796],
        "cov": [[4464.90625, -834.409057617, -77.2612609863, 323.890045166, -107.253684998, 137.118103027, -241.592193604, 53.8951644897, -293.054077148, 6.54504776001, -327.862091064, -5.46233272552, -241.483551025], [-834.409057617, 1216.26513672, -27.3465843201, -145.311065674, 203.492919922, -225.312576294, 156.603057861, -89.5310897827, 103.541137695, -65.3878860474, 79.1130218506, -55.6056098938, 104.449790955], [-77.2612609863, -27.3465843201, 1263.52600098, 559.800537109, 166.042785645, 199.452957153, 70.1114883423, 40.8194122314, 66.7265472412, -10.1035146713, -81.6059112549, 0.194881260395, -100.357551575], [323.890045166, -145.311065674, 559.800537109, 683.631103516, 338.300079346, 224.858200073, 169.752670288, 57.0757713318, 123.875801086, 5.73702812195, -50.382232666, 40.061580658, -77.6260528564], [-107.253684998, 203.492919922, 166.042785645, 338.300079346, 491.431884766, 182.210830688, 248.483428955, 46.8746528625, 147.734191895, 20.3101520538, 31.2583942413, 17.3803787231, -6.78163671494], [137.118103027, -225.312576294, 199.452957153, 224.858200073, 182.210830688, 298.340789795, 129.486404419, 59.7957954407, 64.0977554321, 26.5982818604, 1.2909579277, 9.41808128357, -30.5041999817], [-241.592193604, 156.603057861, 70.1114883423, 169.752670288, 248.483428955, 129.486404419, 263.030029297, 71.6773529053, 129.65586853, 39.2018013, 50.4587478638, 23.1675758362, 19.3525028229], [53.8951644897, -89.5310897827, 40.8194122314, 57.0757713318, 46.8746528625, 59.7957954407, 71.6773529053, 139.003707886, 60.9473075867, 44.4059448242, 20.7133483887, 31.9242553711, 21.7052288055], [-293.054077148, 103.541137695, 66.7265472412, 123.875801086, 147.734191895, 64.0977554321, 129.65586853, 60.9473075867, 181.898757935, 54.4901161194, 62.4353370667, 33.2371673584, 17.3651275635], [6.54504776001, -65.3878860474, -10.1035146713, 5.73702812195, 20.3101520538, 26.5982818604, 39.2018013, 44.4059448242, 54.4901161194, 112.339347839, 51.6402702332, 37.7428131104, 11.4149541855], [-327.862091064, 79.1130218506, -81.6059112549, -50.382232666, 31.2583942413, 1.2909579277, 50.4587478638, 20.7133483887, 62.4353370667, 51.6402702332, 125.541748047, 42.7445259094, 55.8225631714], [-5.46233272552, -55.6056098938, 0.194881260395, 40.061580658, 17.3803787231, 9.41808128357, 23.1675758362, 31.9242553711, 33.2371673584, 37.7428131104, 42.7445259094, 94.4092102051, 32.6646194458], [-241.483551025, 104.449790955, -100.357551575, -77.6260528564, -6.78163671494, -30.5041999817, 19.3525028229, 21.7052288055, 17.3651275635, 11.4149541855, 55.8225631714, 32.6646194458, 112.340812683]],
        "icov": [[0.000436771981185, -0.000205151634873, 0.000353049952537, -0.000525355164427, 9.43468039623e-05, -0.000422633602284, 0.000561638677027, -0.000612325326074, 0.000850785232615, -0.000695989292581, 0.000871942844242, -0.000409755652072, 0.000619558151811], [-0.000205151634873, 0.00279929907992, -0.00101167859975, 0.00164602184668, -0.0017775563756, 0.00330941774882, -0.00242601474747, 0.00215255026706, -0.00178596063051, 0.00186802970711, -0.000853064237162, 0.00177283515222, -0.0020220335573], [0.000353049952537, -0.00101167859975, 0.00189426331781, -0.00211775559001, 0.00105613446794, -0.00157338613644, 0.00132127280813, -0.00117292208597, 0.00100244267378, -0.00102751574013, 0.000889127433766, -0.000401633646106, 0.00118834257592], [-0.000525355164427, 0.00164602184668, -0.00211775559001, 0.0058182226494, -0.00302813900635, 0.00125128100626, -0.00178152346052, 0.00169267994352, -0.00292467465624, 0.00223865988664, 0.000812003621832, -0.00140384538099, -0.000165093821124], [9.43468039623e-05, -0.0017775563756, 0.00105613446794, -0.00302813900635, 0.00659719156101, -0.00282461941242, -0.00196598190814, -0.000169581660884, 9.10205999389e-05, -0.000590561423451, -6.54621471767e-05, -0.000211846097955, 0.000849347910844], [-0.000422633602284, 0.00330941774882, -0.00157338613644, 0.00125128100626, -0.00282461941242, 0.00945631042123, -0.00444385269657, 0.00134268822148, -0.00142562016845, 0.00181266327854, -0.00185793126002, 0.00273317005485, -0.00145839387551], [0.000561638677027, -0.00242601474747, 0.00132127280813, -0.00178152346052, -0.00196598190814, -0.00444385269657, 0.0123049756512, -0.00429540732875, -0.000598531914875, -0.00212439871393, 0.00040453276597, -0.000935157528147, 0.00117633375339], [-0.000612325326074, 0.00215255026706, -0.00117292208597, 0.00169267994352, -0.000169581660884, 0.00134268822148, -0.00429540732875, 0.0127440467477, -0.00416383845732, -0.000666337902658, 0.000867740018293, -2.22324269998e-05, -0.00427711801603], [0.000850785232615, -0.00178596063051, 0.00100244267378, -0.00292467465624, 9.10205999389e-05, -0.00142562016845, -0.000598531914875, -0.00416383845732, 0.0137088922784, -0.00423867441714, -0.00207654060796, -0.00116485042963, 0.00257208803669], [-0.000695989292581, 0.00186802970711, -0.00102751574013, 0.00223865988664, -0.000590561423451, 0.00181266327854, -0.00212439871393, -0.000666337902658, -0.00423867441714, 0.0157019384205, -0.00580804375932, -0.00163460115436, 0.000768377329223], [0.000871942844242, -0.000853064237162, 0.000889127433766, 0.000812003621832, -6.54621471767e-05, -0.00185793126002, 0.00040453276597, 0.000867740018293, -0.00207654060796, -0.00580804375932, 0.0179915726185, -0.00493932096288, -0.00331574073061], [-0.000409755652072, 0.00177283515222, -0.000401633646106, -0.00140384538099, -0.000211846097955, 0.00273317005485, -0.000935157528147, -2.22324269998e-05, -0.00116485042963, -0.00163460115436, -0.00493932096288, 0.0173101238906, -0.00519582396373], [0.000619558151811, -0.0020220335573, 0.00118834257592, -0.000165093821124, 0.000849347910844, -0.00145839387551, 0.00117633375339, -0.00427711801603, 0.00257208803669, 0.000768377329223, -0.00331574073061, -0.00519582396373, 0.0160224810243]]
    },
    "melbands": {
        "mean": [0.00285557820462, 0.00345510384068, 0.00187274732161, 0.000734286091756, 0.00036203712807, 0.00019292581419, 9.02598912944e-05, 7.19424569979e-05, 5.09845522174e-05, 5.73269826418e-05, 4.63070427941e-05, 4.26831174991e-05, 7.67334277043e-05, 3.06860310957e-05, 3.3452281059e-05, 3.94256894651e-05, 4.96239954373e-05, 1.8877124603e-05, 2.28774060815e-05, 2.42740570684e-05, 2.00559279619e-05, 1.64243210747e-05, 1.27813445943e-05, 1.09340999188e-05, 1.09470629468e-05, 1.28391739054e-05, 9.62293597695e-06, 9.20437560126e-06, 9.50018329604e-06, 5.17808985023e-06, 3.93032678403e-06, 3.93002756027e-06, 3.52502956957e-06, 3.42945236298e-06, 3.13008627018e-06, 3.31043361257e-06, 2.72446686722e-06, 2.07567950383e-06, 1.52642246576e-06, 1.27350676848e-06],
        "stdev": [0.00442575290799, 0.00543490191922, 0.00399524765089, 0.00266867573373, 0.000712295470294, 0.000360143108992, 0.000259841588559, 0.000117798859719, 0.000113389622129, 0.000147813349031, 0.000102339858131, 0.000128780942759, 0.000215213076444, 9.52475675149e-05, 9.00015802472e-05, 0.00015677526244, 0.00021411794296, 4.21545555582e-05, 6.77204006934e-05, 7.7963595686e-05, 7.43484779377e-05, 4.78843576275e-05, 2.98814902635e-05, 1.97382396436e-05, 2.3322614652e-05, 3.23191343341e-05, 1.56932819664e-05, 1.49799725477e-05, 2.13387993426e-05, 7.65421827964e-06, 5.3922844927e-06, 5.29190037923e-06, 5.07420418216e-06, 5.47634044779e-06, 4.99170118928e-06, 5.89621322433e-06, 4.87782835989e-06, 3.89412116419e-06, 3.2951254525e-06, 3.05911680698e-06]
    },
    "melbands128": {
        "mean": [0.000157140602823, 0.00172896392178, 0.0044561852701, 0.00418955413625, 0.00299412431195, 0.00322897569276, 0.00241486984305, 0.00139634753577, 0.000943691411521, 0.000685573380906, 0.000616427510977, 0.000489236030262, 0.000260475469986, 0.00026598823024, 0.000181428607902, 0.000178441943717, 0.000155196132255, 4.79097470816e-05, 5.76879901928e-05, 9.80635159067e-05, 6.84663173161e-05, 3.61513775715e-05, 3.67343600374e-05, 7.1557238698e-05, 8.93234537216e-05, 2.70215132332e-05, 4.69628175779e-05, 6.23749801889e-05, 2.75513630186e-05, 3.95986535295e-05, 2.89864092338e-05, 8.24077869765e-05, 0.000118848212878, 4.11492328567e-05, 1.74438609974e-05, 3.59197692887e-05, 3.73053080693e-05, 2.52027930401e-05, 4.4144471758e-05, 2.59442349488e-05, 1.29701320475e-05, 9.65368089965e-05, 5.16670552315e-05, 3.17991034535e-05, 2.19099965761e-05, 1.58532257046e-05, 1.62756696227e-05, 1.38613577292e-05, 2.873300582e-05, 4.30821237387e-05, 1.73832322616e-05, 1.49460038301e-05, 1.7868109353e-05, 2.43544927798e-05, 2.16188182094e-05, 1.50311971083e-05, 1.09910452011e-05, 1.55973593792e-05, 1.34240699481e-05, 8.42730423756e-06, 1.20669874377e-05, 9.55480209086e-06, 1.34574238473e-05, 1.00984580058e-05, 9.39512665354e-06, 1.45311732922e-05, 1.41004256875e-05, 1.01348487078e-05, 7.57619091019e-06, 1.06127508843e-05, 7.69501457398e-06, 8.31879970065e-06, 1.40302390719e-05, 8.98283360584e-06, 5.90216404817e-06, 5.54605776415e-06, 4.90144930154e-06, 3.86336978409e-06, 3.76483012587e-06, 3.94276094084e-06, 3.91156754631e-06, 4.01196257371e-06, 3.77983860744e-06, 2.95957943308e-06, 4.09353333453e-06, 3.44605450664e-06, 3.33189655066e-06, 3.00962597066e-06, 3.35356935466e-06, 2.80517087958e-06, 3.38474114869e-06, 3.46774777427e-06, 3.24388065565e-06, 2.69312977252e-06, 2.30380715038e-06, 2.65044968728e-06, 1.87164687304e-06, 1.62594960784e-06, 1.43127499541e-06, 1.56904150117e-06, 1.49859556586e-06, 1.22914809708e-06, 1.01452337731e-06, 8.30660155771e-07, 7.54054838126e-07, 6.70107226597e-07, 6.42400152628e-07, 4.76763148072e-07, 3.8045939732e-07, 3.44059202462e-07, 2.429339645e-07, 2.15932942638e-07, 1.70208565464e-07, 1.31607833964e-07, 1.14005921148e-07, 9.5395819244e-08, 5.75802019398e-08, 6.19886808551e-09, 4.07172255981e-12, 3.76905017613e-12, 3.66703889476e-12, 3.58230676026e-12, 3.49793913453e-12, 3.4341049969e-12, 3.37965072594e-12, 3.34252547515e-12, 3.31467752551e-12, 3.28907148912e-12],
        "stdev": [0.000565941794775, 0.00316450092942, 0.00746466079727, 0.00735064316541, 0.0064331763424, 0.00662518246099, 0.00549375172704, 0.00409562559798, 0.00365390069783, 0.00349143985659, 0.00230682594702, 0.00103970861528, 0.000670418608934, 0.000647981476504, 0.000403131882194, 0.000469533988507, 0.000550219672732, 0.000201828806894, 0.000161216579727, 0.000175403634785, 0.000144870995427, 0.000102729514765, 0.000124012469314, 0.000239294895437, 0.000309198454488, 7.5973373896e-05, 0.000107770480099, 0.000175875291461, 8.38204286993e-05, 0.000206924087252, 0.000152006177814, 0.000286642520223, 0.0003929095692, 0.000110020875582, 7.25260542822e-05, 0.000162080439623, 0.000162342243129, 9.72778507276e-05, 0.000160529787536, 0.000113075962872, 6.57316486468e-05, 0.000617214420345, 0.000257630308624, 0.00018106274365, 7.23435805412e-05, 3.69837835024e-05, 4.85606506118e-05, 4.48820937891e-05, 0.000125155856949, 0.000181099210749, 8.03443035693e-05, 8.49955977174e-05, 0.000118974385259, 0.000102032732684, 9.94699730654e-05, 5.60245571251e-05, 2.83470199065e-05, 4.17958362959e-05, 5.51042176085e-05, 2.00973627216e-05, 2.3575641535e-05, 2.75172569673e-05, 4.96397842653e-05, 2.134422175e-05, 1.79541693797e-05, 4.69462975161e-05, 5.11921352881e-05, 2.33367809415e-05, 1.24710632008e-05, 2.21706213779e-05, 1.37937340696e-05, 1.63356726262e-05, 4.48667778983e-05, 2.57731007878e-05, 1.17372565001e-05, 1.05937824628e-05, 7.99038298283e-06, 6.15291173744e-06, 5.95743767917e-06, 5.85503539696e-06, 6.23697678748e-06, 6.10256893196e-06, 5.58675083084e-06, 4.2852475417e-06, 7.39637243896e-06, 5.84915869695e-06, 5.74802970732e-06, 5.15600186191e-06, 5.70160000279e-06, 4.86400631416e-06, 6.25989196124e-06, 6.93728225087e-06, 5.91616435486e-06, 5.17735497851e-06, 4.5522306209e-06, 5.62179593544e-06, 3.58417150892e-06, 3.2004629702e-06, 3.2719722185e-06, 3.90512968806e-06, 3.92111041947e-06, 3.00215037896e-06, 2.5810606985e-06, 1.82028827567e-06, 1.65221990756e-06, 1.42800513458e-06, 1.35379150379e-06, 1.02463332041e-06, 8.25792483283e-07, 7.50094386603e-07, 4.87091995183e-07, 4.54316335663e-07, 3.78370742737e-07, 2.707945157e-07, 2.53836645925e-07, 2.27061462965e-07, 1.39564122037e-07, 1.76870464941e-08, 6.5805334272e-12, 6.23486635584e-12, 6.07170173514e-12, 5.93134482502e-12, 5.80540173226e-12, 5.70178496431e-12, 5.61320347842e-12, 5.5462396828e-12, 5.49702948091e-12, 5.46392358441e-12]
    },
    "mfcc": {
        "mean": [-651.455688477, 92.0381774902, 12.4862613678, 30.8038043976, 10.9994049072, 14.3756456375, 8.60922241211, 5.39353656769, -0.361045122147, 3.92598366737, -2.65315699577, 0.988650977612, 0.538013458252],
        "cov": [[4409.29101562, -895.624145508, -260.725952148, 30.5604343414, 0.266241371632, 16.2220802307, -24.6115474701, -23.6774635315, -41.2217979431, -41.3537597656, -97.4244995117, -107.267776489, -81.8291854858], [-895.624145508, 1214.10009766, -201.430358887, 8.55148124695, -66.2750167847, -108.70602417, -8.91152572632, -78.3687210083, 16.7603626251, -56.2272529602, 20.3135128021, -10.5856609344, 14.9659729004], [-260.725952148, -201.430358887, 1000.11932373, 279.33291626, 202.455734253, 169.814697266, 21.3176746368, 97.8844680786, 39.7782936096, 31.1043186188, 40.7336769104, 1.74826788902, -24.7475814819], [30.5604343414, 8.55148124695, 279.33291626, 501.634643555, 232.636917114, 239.620529175, 77.4429702759, 168.193359375, 113.022003174, 42.9542655945, 85.5855026245, 57.1350326538, 33.1102333069], [0.266241371632, -66.2750167847, 202.455734253, 232.636917114, 274.218139648, 208.091003418, 92.9632110596, 134.142303467, 83.8184127808, 54.336227417, 51.8214530945, 37.0149307251, 21.0719985962], [16.2220802307, -108.70602417, 169.814697266, 239.620529175, 208.091003418, 352.67791748, 128.300003052, 166.963088989, 96.237159729, 85.199760437, 81.7471237183, 47.5537490845, 38.5630645752], [-24.6115474701, -8.91152572632, 21.3176746368, 77.4429702759, 92.9632110596, 128.300003052, 167.339996338, 89.2817001343, 70.1076660156, 50.1906585693, 37.9030380249, 25.044095993, 32.3198852539], [-23.6774635315, -78.3687210083, 97.8844680786, 168.193359375, 134.142303467, 166.963088989, 89.2817001343, 195.172088623, 100.108772278, 63.0854721069, 51.6292877197, 54.7595939636, 32.2195167542], [-41.2217979431, 16.7603626251, 39.7782936096, 113.022003174, 83.8184127808, 96.237159729, 70.1076660156, 100.108772278, 137.845733643, 62.8459396362, 51.2619781494, 33.6793670654, 35.4224700928], [-41.3537597656, -56.2272529602, 31.1043186188, 42.9542655945, 54.336227417, 85.199760437, 50.1906585693, 63.0854721069, 62.8459396362, 104.333992004, 55.6250534058, 38.3712272644, 28.7194061279], [-97.4244995117, 20.3135128021, 40.7336769104, 85.5855026245, 51.8214530945, 81.7471237183, 37.9030380249, 51.6292877197, 51.2619781494, 55.6250534058, 106.049163818, 55.411403656, 37.405872345], [-107.267776489, -10.5856609344, 1.74826788902, 57.1350326538, 37.0149307251, 47.5537490845, 25.044095993, 54.7595939636, 33.6793670654, 38.3712272644, 55.411403656, 92.9678268433, 51.4846496582], [-81.8291854858, 14.9659729004, -24.7475814819, 33.1102333069, 21.0719985962, 38.5630645752, 32.3198852539, 32.2195167542, 35.4224700928, 28.7194061279, 37.405872345, 51.4846496582, 86.2451629639]],
        "icov": [[0.000306277332129, 0.000271987402812, 0.000182509131264, -0.000203567251447, -1.48921999426e-05, 2.58170462075e-06, -8.9571258286e-06, 0.000125974111143, -7.98504988779e-05, 0.000103103026049, 3.76245152438e-05, 0.000341259146808, 0.000111125824333], [0.000271987402812, 0.00121856795158, 0.000347786932252, -0.000450600753538, 2.59067273873e-05, 0.000326354871504, -0.000246848911047, 0.000639591657091, -0.000649681081995, 0.000843207060825, -0.000626797089353, 0.000511068850756, -2.64817917923e-05], [0.000182509131264, 0.000347786932252, 0.00144617492333, -0.000682064332068, -0.000663214130327, -3.59282307727e-06, 0.000322299078107, 7.30961110094e-05, 0.000205489719519, -7.95424275566e-05, -0.000292852171697, 0.000637779303361, 0.000493572675623], [-0.000203567251447, -0.000450600753538, -0.000682064332068, 0.00463045109063, -0.00188569223974, -0.00128348276485, 0.000990313128568, -0.00132357550319, -0.00138438679278, 0.00222609005868, -0.00149045267608, -0.000709574844223, -3.30455659423e-05], [-1.48921999426e-05, 2.59067273873e-05, -0.000663214130327, -0.00188569223974, 0.00872059073299, -0.00255481339991, -0.00128967745695, -0.00100189819932, -0.000644582498353, -0.000343508843798, 0.00101606140379, -0.000716480717529, 0.000750415027142], [2.58170462075e-06, 0.000326354871504, -3.59282307727e-06, -0.00128348276485, -0.00255481339991, 0.00774046638981, -0.00222857156768, -0.00269210385159, 0.001674776664, -0.00193972396664, -0.00219272193499, 0.00206080102362, -0.000879551051185], [-8.9571258286e-06, -0.000246848911047, 0.000322299078107, 0.000990313128568, -0.00128967745695, -0.00222857156768, 0.00998436938971, -0.0017774743028, -0.00183592946269, -0.000758626440074, -2.10185426113e-05, 0.00135063566267, -0.00180984055623], [0.000125974111143, 0.000639591657091, 7.30961110094e-05, -0.00132357550319, -0.00100189819932, -0.00269210385159, -0.0017774743028, 0.0137645089999, -0.00552756525576, -0.000440409290604, 0.00245375209488, -0.00518520362675, 0.00195814762264], [-7.98504988779e-05, -0.000649681081995, 0.000205489719519, -0.00138438679278, -0.000644582498353, 0.001674776664, -0.00183592946269, -0.00552756525576, 0.0157487969846, -0.00552252540365, -0.00186433806084, 0.0031188398134, -0.0028935004957], [0.000103103026049, 0.000843207060825, -7.95424275566e-05, 0.00222609005868, -0.000343508843798, -0.00193972396664, -0.000758626440074, -0.000440409290604, -0.00552252540365, 0.0186916813254, -0.00591907417402, -0.00185010419227, 0.000189677710296], [3.76245152438e-05, -0.000626797089353, -0.000292852171697, -0.00149045267608, 0.00101606140379, -0.00219272193499, -2.10185426113e-05, 0.00245375209488, -0.00186433806084, -0.00591907417402, 0.0191971193999, -0.00793216284364, -0.000398156436859], [0.000341259146808, 0.000511068850756, 0.000637779303361, -0.000709574844223, -0.000716480717529, 0.00206080102362, 0.00135063566267, -0.00518520362675, 0.0031188398134, -0.00185010419227, -0.00793216284364, 0.0233293920755, -0.00977615360171], [0.000111125824333, -2.64817917923e-05, 0.000493572675623, -3.30455659423e-05, 0.000750415027142, -0.000879551051185, -0.00180984055623, 0.00195814762264, -0.0028935004957, 0.000189677710296, -0.000398156436859, -0.00977615360171, 0.0191497113556]]
    },
    "spectral_contrast_coeffs": {
        "mean": [-0.689454078674, -0.769592106342, -0.7741766572, -0.805107593536, -0.809830009937, -0.778106331825],
        "stdev": [0.0883228853345, 0.0696061104536, 0.0684771090746, 0.0583720505238, 0.0438723750412, 0.0314847156405]
    },
    "spectral_contrast_valleys": {
        "mean": [-6.91664457321, -7.36399507523, -7.83076381683, -7.79798030853, -7.4239897728, -9.76917171478],
        "stdev": [0.895755290985, 0.834583163261, 0.778210639954, 0.783233106136, 0.839909732342, 1.00837767124]
    }
},
"rhythm": {
    "beats_count": 541,
    "beats_loudness": {
        "mean": 0.03158736974,
        "stdev": 0.0165600664914
    },
    "bpm": 139.993835449,
    "bpm_histogram_first_peak_bpm": 140,
    "bpm_histogram_first_peak_weight": 0.242105305195,
    "bpm_histogram_second_peak_bpm": 94,
    "bpm_histogram_second_peak_spread": 0.521739125252,
    "bpm_histogram_second_peak_weight": 0.0407407395542,
    "danceability": 1.37213122845,
    "onset_rate": 4.30931091309,
    "beats_loudness_band_ratio": {
        "mean": [0.538736045361, 0.15591289103, 0.087435670197, 0.0897820964456, 0.0618184506893, 0.0892301425338],
        "stdev": [0.308661818504, 0.171729564667, 0.12227525562, 0.136184453964, 0.0748967975378, 0.0691606327891]
    },
    "beats_position": [0.394739210606, 0.824308395386, 1.25387752056, 1.68344664574, 2.11301589012, 2.53097510338, 2.96054410934, 3.39011335373, 3.8196823597, 4.2492518425, 4.67882061005, 5.10838985443, 5.53795909882, 5.9675283432, 6.38548755646, 6.81505680084, 7.24462556839, 7.67419481277, 8.10376358032, 8.53333282471, 8.96290206909, 9.39247131348, 9.82204055786, 10.2516098022, 10.6811790466, 11.0991382599, 11.5287075043, 11.9582767487, 12.387845993, 12.8174142838, 13.2469835281, 13.6765527725, 14.0945119858, 14.5240812302, 14.9536504745, 15.3832197189, 15.8127889633, 16.242357254, 16.6719264984, 17.1014957428, 17.5310649872, 17.9490242004, 18.3785934448, 18.8081626892, 19.2377319336, 19.667301178, 20.0968704224, 20.5264396667, 20.9560089111, 21.3855781555, 21.8035373688, 22.2331066132, 22.6626758575, 23.0922451019, 23.5218143463, 23.9513835907, 24.3809528351, 24.8105201721, 25.2400894165, 25.6580486298, 26.0992279053, 26.5171871185, 26.958366394, 27.3763256073, 27.8058948517, 28.2354640961, 28.6650333405, 29.0946025848, 29.5241718292, 29.9537410736, 30.383310318, 30.8128795624, 31.2308387756, 31.66040802, 32.0899772644, 32.5195465088, 32.9491157532, 33.3786849976, 33.8082542419, 34.2262115479, 34.6557807922, 35.0853500366, 35.514919281, 35.9444885254, 36.3740577698, 36.8036270142, 37.2331962585, 37.6627655029, 38.0807266235, 38.5219039917, 38.9398651123, 39.369430542, 39.7989997864, 40.2285690308, 40.6581382751, 41.0877075195, 41.5172767639, 41.9468460083, 42.3764152527, 42.7943763733, 43.2355537415, 43.6535148621, 44.0830841064, 44.5126533508, 44.9422225952, 45.3717918396, 45.801361084, 46.2309303284, 46.6488876343, 47.0900688171, 47.508026123, 47.9492073059, 48.3671646118, 48.7967338562, 49.2263031006, 49.655872345, 50.0854415894, 50.5033988953, 50.9445800781, 51.362537384, 51.7921066284, 52.2216758728, 52.6512451172, 53.0808143616, 53.510383606, 53.9399528503, 54.3579139709, 54.7990913391, 55.2170524597, 55.6466217041, 56.0761909485, 56.5057601929, 56.9353294373, 57.3648986816, 57.794467926, 58.2124252319, 58.6419944763, 59.0715637207, 59.5011329651, 59.9307022095, 60.3602714539, 60.7898406982, 61.2194099426, 61.648979187, 62.0669364929, 62.4965057373, 62.9260749817, 63.3556442261, 63.7852134705, 64.2147827148, 64.6443557739, 65.0623092651, 65.5034942627, 65.9330596924, 66.3626327515, 66.7805862427, 67.2217712402, 67.6397247314, 68.0692977905, 68.4988632202, 68.9284362793, 69.358001709, 69.7875747681, 70.2171401978, 70.6351013184, 71.064666748, 71.4942398071, 71.9238052368, 72.3533782959, 72.7713394165, 73.2009048462, 73.6304779053, 74.060043335, 74.489616394, 74.9191818237, 75.3487548828, 75.7783203125, 76.2078933716, 76.6258468628, 77.0554199219, 77.4849853516, 77.9145584106, 78.3441238403, 78.7736968994, 79.2032623291, 79.6328353882, 80.0624008179, 80.4803619385, 80.9099273682, 81.3395004272, 81.7690658569, 82.198638916, 82.6282043457, 83.0577774048, 83.4757385254, 83.9053039551, 84.3348770142, 84.7644424438, 85.1940155029, 85.6119689941, 86.0415420532, 86.4711074829, 86.900680542, 87.3302459717, 87.7598190308, 88.2009963989, 88.6305618286, 89.0717468262, 89.4897003174, 89.907661438, 90.3372344971, 90.7667999268, 91.1963729858, 91.6259384155, 92.0555114746, 92.4850769043, 92.9030380249, 93.3326034546, 93.7621765137, 94.1917419434, 94.6213150024, 95.1089324951, 95.5965499878, 96.0841674805, 96.5601806641, 96.9897460938, 97.4077072144, 97.8372802734, 98.2668457031, 98.6964187622, 99.1259841919, 99.555557251, 99.9851226807, 100.403083801, 100.832649231, 101.26222229, 101.69178772, 102.121360779, 102.550926208, 102.980499268, 103.398452759, 103.828025818, 104.257591248, 104.687164307, 105.116729736, 105.546302795, 105.975868225, 106.417053223, 106.858230591, 107.311019897, 107.752197266, 108.193374634, 108.64616394, 109.110565186, 109.574966431, 110.016143799, 110.445709229, 110.886894226, 111.328071594, 111.757637024, 112.187210083, 112.616775513, 113.034736633, 113.464309692, 113.893875122, 114.323448181, 114.753013611, 115.18258667, 115.6121521, 116.041717529, 116.471290588, 116.900856018, 117.318817139, 117.748390198, 118.177955627, 118.607528687, 119.037094116, 119.466667175, 119.896232605, 120.325805664, 120.755371094, 121.184944153, 121.602897644, 122.032470703, 122.462036133, 122.891609192, 123.321174622, 123.750747681, 124.18031311, 124.598274231, 125.02784729, 125.45741272, 125.886978149, 126.316551208, 126.746116638, 127.175689697, 127.605255127, 128.034820557, 128.464401245, 128.893966675, 129.428024292, 129.973693848, 130.519363403, 131.181137085, 131.842895508, 132.504669189, 133.154830933, 133.816589355, 134.466751099, 135.105300903, 135.743850708, 136.370788574, 136.99772644, 137.624664307, 138.263214111, 138.901763916, 139.563537598, 140.225296021, 140.875457764, 141.514007568, 142.164169312, 142.814331055, 143.452880859, 144.103042603, 144.741577148, 145.380126953, 146.030288696, 146.668838501, 147.307388306, 147.957550049, 148.596099854, 149.234649658, 149.884811401, 150.534957886, 151.17350769, 151.812057495, 152.4506073, 153.089157104, 153.739318848, 154.389480591, 155.028030396, 155.6665802, 156.305114746, 156.932067871, 157.559005737, 158.185943604, 158.824493408, 159.463043213, 160.101577759, 160.554367065, 161.007156372, 161.448348999, 161.877914429, 162.29586792, 162.72543335, 163.166610718, 163.596191406, 164.025756836, 164.443710327, 164.873291016, 165.302856445, 165.732421875, 166.161987305, 166.579956055, 167.009521484, 167.439086914, 167.868652344, 168.298233032, 168.727798462, 169.157363892, 169.575332642, 170.01651001, 170.446075439, 170.875640869, 171.316818237, 171.757995605, 172.187576294, 172.617141724, 173.035095215, 173.464660645, 173.894241333, 174.312194824, 174.730148315, 175.148117065, 175.577682495, 176.007247925, 176.436828613, 176.866394043, 177.295959473, 177.725524902, 178.143493652, 178.573059082, 179.002624512, 179.432189941, 179.86177063, 180.29133606, 180.720901489, 181.150466919, 181.580047607, 182.009613037, 182.439178467, 182.857131958, 183.286712646, 183.716278076, 184.145843506, 184.575408936, 185.004989624, 185.434555054, 185.864120483, 186.293685913, 186.711654663, 187.152832031, 187.570785522, 188.000366211, 188.429931641, 188.85949707, 189.2890625, 189.718643188, 190.148208618, 190.566162109, 190.995727539, 191.425308228, 191.866485596, 192.284439087, 192.714004517, 193.143585205, 193.573150635, 194.002716064, 194.432281494, 194.861862183, 195.279815674, 195.709381104, 196.138946533, 196.568527222, 196.998092651, 197.427658081, 197.857223511, 198.286804199, 198.716369629, 199.13432312, 199.575500488, 199.993469238, 200.423034668, 200.852600098, 201.282180786, 201.711746216, 202.141311646, 202.570877075, 202.988845825, 203.418411255, 203.847976685, 204.277542114, 204.707122803, 205.136688232, 205.566253662, 205.984207153, 206.42539978, 206.843353271, 207.272918701, 207.702484131, 208.132064819, 208.561630249, 208.991195679, 209.420761108, 209.850341797, 210.279907227, 210.697860718, 211.127426147, 211.557006836, 211.986572266, 212.416137695, 212.845703125, 213.275283813, 213.693237305, 214.134414673, 214.552383423, 214.993560791, 215.411514282, 215.841079712, 216.2706604, 216.70022583, 217.12979126, 217.559356689, 217.988937378, 218.406890869, 218.836456299, 219.266021729, 219.695602417, 220.125167847, 220.543121338, 220.984298706, 221.402267456, 221.843444824, 222.261398315, 222.690963745, 223.120544434, 223.550109863, 223.979675293, 224.409240723, 224.838821411, 225.256774902, 225.686340332, 226.115921021, 226.54548645, 226.97505188, 227.40461731, 227.834197998, 228.252151489, 228.693328857, 229.111282349, 229.552474976, 230.016860962, 230.481262207, 230.934051514, 231.398452759, 231.862854004, 232.315643311, 232.756820679, 233.197998047, 233.627563477, 234.057144165, 234.486709595, 234.916275024, 235.345840454, 235.775421143, 236.204986572, 236.634552002, 237.052505493, 237.470474243, 237.900039673, 238.329605103, 238.759185791, 239.188751221, 239.61831665, 240.04788208, 240.477462769, 240.907028198, 241.348205566, 241.777770996, 242.218948364, 242.660125732],
    "bpm_histogram": [0, 0, 0, 0, 0, 0, 0, 0, 0, 0, 0, 0, 0, 0, 0, 0, 0, 0, 0, 0, 0, 0, 0, 0, 0, 0, 0, 0, 0, 0, 0, 0, 0, 0, 0, 0, 0, 0, 0, 0, 0, 0, 0, 0, 0, 0, 0, 0, 0, 0, 0, 0, 0, 0, 0, 0, 0, 0, 0, 0, 0, 0, 0, 0, 0, 0, 0, 0, 0, 0, 0, 0, 0, 0, 0, 0, 0, 0, 0, 0, 0, 0, 0, 0, 0, 0, 0, 0, 0, 0, 0, 0.0111111113802, 0.0222222227603, 0, 0.0407407395542, 0, 0.0111111113802, 0, 0, 0, 0, 0, 0, 0, 0, 0, 0, 0, 0, 0, 0.00370370363817, 0, 0.00185185181908, 0, 0, 0, 0, 0, 0, 0, 0, 0, 0, 0.00555555569008, 0, 0, 0.00185185181908, 0, 0, 0.0111111113802, 0, 0, 0, 0.0111111113802, 0, 0, 0.072222225368, 0, 0, 0, 0.666666686535, 0, 0, 0, 0.140740737319, 0, 0, 0, 0, 0, 0, 0, 0, 0, 0, 0, 0, 0, 0, 0, 0, 0, 0, 0, 0, 0, 0, 0, 0, 0, 0, 0, 0, 0, 0, 0, 0, 0, 0, 0, 0, 0, 0, 0, 0, 0, 0, 0, 0, 0, 0, 0, 0, 0, 0, 0, 0, 0, 0, 0, 0, 0, 0, 0, 0, 0, 0, 0, 0, 0, 0, 0, 0, 0, 0, 0, 0, 0, 0, 0, 0, 0, 0, 0, 0, 0, 0, 0, 0, 0, 0, 0, 0, 0, 0, 0, 0, 0, 0, 0, 0, 0, 0, 0, 0, 0, 0, 0, 0, 0]
},
"tonal": {
    "chords_changes_rate": 0.0547396540642,
    "chords_number_rate": 0.00190730497707,
    "chords_strength": {
        "mean": 0.566796600819,
        "stdev": 0.0867738202214
    },
    "hpcp_crest": {
        "mean": 15.3862962723,
        "stdev": 7.9676566124
    },
    "hpcp_entropy": {
        "mean": 1.92090034485,
        "stdev": 0.861868023872
    },
    "key_edma": {
        "strength": 0.672069370747,
        "key": "E",
        "scale": "minor"
    },
    "key_krumhansl": {
        "strength": 0.684257924557,
        "key": "E",
        "scale": "minor"
    },
    "key_temperley": {
        "strength": 0.699117779732,
        "key": "E",
        "scale": "minor"
    },
    "tuning_diatonic_strength": 0.594431042671,
    "tuning_equal_tempered_deviation": 0.100099444389,
    "tuning_frequency": 437.971466064,
    "tuning_nontempered_energy_ratio": 0.748028993607,
    "hpcp": {
        "mean": [0.0873613804579, 0.0610766112804, 0.0418003872037, 0.0346781164408, 0.0395924188197, 0.111438497901, 0.23501598835, 0.212530091405, 0.232305437326, 0.322438657284, 0.195082366467, 0.0646646618843, 0.0592179559171, 0.0596551373601, 0.0640719980001, 0.0861328467727, 0.0708328783512, 0.0422219336033, 0.0407720282674, 0.049248624593, 0.128696829081, 0.235401123762, 0.172562047839, 0.0589977353811, 0.0334784947336, 0.0280974600464, 0.0475696101785, 0.0792939513922, 0.0675290822983, 0.0665730461478, 0.120510719717, 0.104488581419, 0.0541367530823, 0.0515477210283, 0.0640352964401, 0.0860878676176],
        "stdev": [0.21982601285, 0.175161540508, 0.139194101095, 0.123288162053, 0.134595006704, 0.208350524306, 0.343581020832, 0.295122265816, 0.306295156479, 0.41630667448, 0.289701879025, 0.171064138412, 0.173748761415, 0.177657648921, 0.163380548358, 0.201796859503, 0.175266265869, 0.130775287747, 0.124972641468, 0.15087248385, 0.23616284132, 0.363639473915, 0.288960427046, 0.153366282582, 0.116014748812, 0.109565526247, 0.126150980592, 0.184407293797, 0.161441713572, 0.13997758925, 0.214802518487, 0.201844230294, 0.148257046938, 0.151772424579, 0.183285072446, 0.220483213663]
    },
    "chords_histogram": [11.1386613846, 1.85008585453, 8.35399627686, 1.14438295364, 0, 0.0381461009383, 0.114438295364, 14.8006868362, 0.305168807507, 9.95613193512, 0, 0, 0, 0, 0.610337615013, 2.67022705078, 2.04081630707, 0, 0, 0, 0, 0, 6.75185966492, 40.225063324],
    "thpcp": [1, 0.60502165556, 0.20054872334, 0.18365649879, 0.185012355447, 0.198710665107, 0.267129391432, 0.219678610563, 0.130945637822, 0.126448944211, 0.152737960219, 0.399135857821, 0.730064809322, 0.535177886486, 0.182973518968, 0.103829033673, 0.0871404856443, 0.147530734539, 0.245919495821, 0.209432333708, 0.206467315555, 0.373747736216, 0.324057251215, 0.167897835374, 0.159868299961, 0.198596835136, 0.266989916563, 0.270939528942, 0.189420863986, 0.129638269544, 0.107549503446, 0.122790545225, 0.345611482859, 0.728870391846, 0.659133434296, 0.720463991165],
    "chords_key": "C",
    "chords_scale": "major"
}
}