{
"metadata": {
    "version": {
        "essentia": "2.1-dev",
        "essentia_git_sha": "v2.1_beta3-415-gd5473f3",
        "extractor": "music 2.0"
    },
    "audio_properties": {
        "analysis": {
            "equal_loudness": 0,
            "length": 228.048980713,
            "sample_rate": 44100,
            "start_time": 0,
            "downmix": "mix"
        },
        "bit_rate": 192000,
        "length": 228.048980713,
        "lossless": 0,
        "number_channels": 2,
        "replay_gain": -11.1542472839,
        "sample_rate": 44100,
        "codec": "mp3",
        "md5_encoded": "3a818f78bbe23a61ccb0879ec6e675aa"
    },
    "tags": {
        "file_name": "kate_ryan-mon_coeur_rsiste_encore.mp3"
    }
},
"lowlevel": {
    "average_loudness": 0.931545257568,
    "barkbands_crest": {
        "mean": 12.7605695724,
        "stdev": 5.54632902145
    },
    "barkbands_flatness_db": {
        "mean": 0.146643817425,
        "stdev": 0.0604795254767
    },
    "barkbands_kurtosis": {
        "mean": 8.20760536194,
        "stdev": 20.1865768433
    },
    "barkbands_skewness": {
        "mean": 1.99713587761,
        "stdev": 1.96413481236
    },
    "barkbands_spread": {
        "mean": 29.1049137115,
        "stdev": 18.4879436493
    },
    "dissonance": {
        "mean": 0.468628853559,
        "stdev": 0.0288067497313
    },
    "dynamic_complexity": 2.80133318901,
    "erbbands_crest": {
        "mean": 8.1723947525,
        "stdev": 5.01816368103
    },
    "erbbands_flatness_db": {
        "mean": 0.127436563373,
        "stdev": 0.054905615747
    },
    "erbbands_kurtosis": {
        "mean": 0.662831842899,
        "stdev": 2.83065319061
    },
    "erbbands_skewness": {
        "mean": 0.143425539136,
        "stdev": 0.811601817608
    },
    "erbbands_spread": {
        "mean": 50.4347915649,
        "stdev": 25.2825775146
    },
    "hfc": {
        "mean": 25.3510189056,
        "stdev": 20.3335208893
    },
    "loudness_ebu128": {
        "integrated": -11.6008834839,
        "loudness_range": 4.19289398193,
        "momentary": {
            "mean": -14.4220151901,
            "stdev": 23.9257545471
        },
        "short_term": {
            "mean": -12.058350563,
            "stdev": 3.0785908699
        }
    },
    "melbands_crest": {
        "mean": 16.7573165894,
        "stdev": 6.31326818466
    },
    "melbands_flatness_db": {
        "mean": 0.190031930804,
        "stdev": 0.0756173282862
    },
    "melbands_kurtosis": {
        "mean": 31.8829116821,
        "stdev": 57.2268714905
    },
    "melbands_skewness": {
        "mean": 3.87680220604,
        "stdev": 2.99020957947
    },
    "melbands_spread": {
        "mean": 25.4406204224,
        "stdev": 21.7874832153
    },
    "pitch_salience": {
        "mean": 0.475047439337,
        "stdev": 0.163041636348
    },
    "silence_rate_20dB": {
        "mean": 1,
        "stdev": 0
    },
    "silence_rate_30dB": {
        "mean": 0.966710805893,
        "stdev": 0.179387643933
    },
    "silence_rate_60dB": {
        "mean": 0.0279955212027,
        "stdev": 0.16496232152
    },
    "spectral_centroid": {
        "mean": 1714.44873047,
        "stdev": 1138.40112305
    },
    "spectral_complexity": {
        "mean": 18.812582016,
        "stdev": 9.41824913025
    },
    "spectral_decrease": {
        "mean": -8.67187655018e-09,
        "stdev": 7.71589814264e-09
    },
    "spectral_energy": {
        "mean": 0.0350291058421,
        "stdev": 0.0296820830554
    },
    "spectral_energyband_high": {
        "mean": 0.00154700153507,
        "stdev": 0.00178794492967
    },
    "spectral_energyband_low": {
        "mean": 0.0195083133876,
        "stdev": 0.0267413854599
    },
    "spectral_energyband_middle_high": {
        "mean": 0.005413741339,
        "stdev": 0.00646199751645
    },
    "spectral_energyband_middle_low": {
        "mean": 0.0105326781049,
        "stdev": 0.0164077337831
    },
    "spectral_entropy": {
        "mean": 7.87619781494,
        "stdev": 0.509566128254
    },
    "spectral_flux": {
        "mean": 0.101325877011,
        "stdev": 0.073721498251
    },
    "spectral_kurtosis": {
        "mean": 3.62679576874,
        "stdev": 20.6807174683
    },
    "spectral_rms": {
        "mean": 0.0053565884009,
        "stdev": 0.00234128069133
    },
    "spectral_rolloff": {
        "mean": 1849.32080078,
        "stdev": 2469.07983398
    },
    "spectral_skewness": {
        "mean": 1.33481860161,
        "stdev": 0.872637808323
    },
    "spectral_spread": {
        "mean": 6238942.5,
        "stdev": 3729991.25
    },
    "spectral_strongpeak": {
        "mean": 1.00165748596,
        "stdev": 1.58908569813
    },
    "zerocrossingrate": {
        "mean": 0.0761807262897,
        "stdev": 0.0603286288679
    },
    "barkbands": {
        "mean": [0.000164611672517, 0.0118907131255, 0.0055890288204, 0.00304204272106, 0.00366461486556, 0.00164349353872, 0.000412793888245, 0.000468627142254, 0.001085013384, 0.000614741118625, 0.00119438825641, 0.000337838166161, 0.000641050050035, 0.000852184428368, 0.000458758760942, 0.000306258501951, 0.000322563806549, 0.000271142984275, 0.000387015985325, 0.000284150155494, 0.000258647400187, 0.000240881505306, 0.000256762839854, 0.00028913107235, 0.000258371845121, 9.42213519011e-05, 1.0329066491e-09],
        "stdev": [0.000332563882694, 0.0200808700174, 0.0129132820293, 0.00915983505547, 0.00966958794743, 0.0027932676021, 0.000659587269183, 0.000929395726416, 0.00244447286241, 0.00153939216398, 0.00237891636789, 0.00087053218158, 0.00192888255697, 0.00270155118778, 0.00106417445932, 0.000692754576448, 0.000669278029818, 0.00039972862578, 0.000575017940719, 0.000305595051032, 0.000276401580777, 0.000291335687507, 0.000332508818246, 0.000484098651214, 0.000446085352451, 0.000166744895978, 1.61591562353e-09]
    },
    "erbbands": {
        "mean": [0.264074385166, 2.94470906258, 6.24573755264, 9.75606155396, 9.29031848907, 13.4991359711, 14.5559463501, 12.4200382233, 5.77823925018, 10.3139123917, 12.3165645599, 28.5798377991, 15.6609535217, 28.8129577637, 40.8213729858, 17.6873912811, 25.7107658386, 52.0481681824, 17.5752277374, 30.1094818115, 17.609954834, 17.2394180298, 14.347410202, 18.1719417572, 18.1376495361, 14.0422906876, 12.1842069626, 9.30661678314, 8.65566635132, 7.14114809036, 7.53190612793, 6.54256868362, 4.68572902679, 3.23953914642, 1.57007682323, 0.57154917717, 0.157329723239, 0.0105609307066, 0.000240653476794, 5.66489688936e-05],
        "stdev": [0.429958373308, 5.0977897644, 13.1914319992, 23.5358543396, 27.451461792, 35.8078842163, 24.8673038483, 22.5767841339, 9.9561252594, 16.0197200775, 23.774515152, 67.3889083862, 31.5103054047, 63.4238853455, 79.0770950317, 41.0281906128, 57.1938514709, 181.10798645, 23.4973220825, 80.9089431763, 40.247756958, 38.3655357361, 19.3214740753, 27.5276565552, 26.8699474335, 14.7198858261, 13.2177305222, 10.667552948, 10.514131546, 8.53840923309, 10.1015911102, 9.65088176727, 8.74270820618, 6.01174974442, 2.75241518021, 0.972671985626, 0.299179494381, 0.0206221938133, 0.000412291788962, 4.51606865681e-05]
    },
    "gfcc": {
        "mean": [8.26330947876, 63.2165527344, -106.89365387, 43.5806999207, -56.0483818054, 31.1337032318, -37.8668632507, 15.2076425552, -29.487739563, 6.86905431747, -15.1210031509, 2.85766625404, -9.04969596863],
        "cov": [[20381.9589844, 69.3113632202, -772.636901855, 980.462036133, -834.980102539, 464.583648682, -657.687927246, 289.364227295, -655.642822266, 185.195053101, -442.99041748, 166.042648315, -254.882476807], [69.3113632202, 1151.47839355, 257.556640625, 7.20142364502, 38.7743759155, -63.1177825928, 116.610542297, -29.9426612854, 18.5899810791, -88.613899231, -3.50294947624, -85.5859069824, 75.1050567627], [-772.636901855, 257.556640625, 1117.27026367, 227.317016602, 55.1858596802, -23.3916835785, 18.3051967621, 27.5619812012, 6.1222615242, -27.3136463165, -94.4331741333, 1.50924742222, -21.6972503662], [980.462036133, 7.20142364502, 227.317016602, 635.529602051, 252.690155029, 95.1173171997, 43.4767189026, 56.702960968, 84.7559890747, 18.9256324768, -55.3121376038, 48.9110717773, -43.575881958], [-834.980102539, 38.7743759155, 55.1858596802, 252.690155029, 368.910675049, 91.8364105225, 140.173095703, 14.5694789886, 114.551124573, 26.2134647369, 18.2212257385, 14.631729126, -17.2860164642], [464.583648682, -63.1177825928, -23.3916835785, 95.1173171997, 91.8364105225, 189.076248169, 85.3363037109, 42.6526794434, 29.9696369171, 33.4499511719, 15.6840810776, 1.40733110905, -7.5022110939], [-657.687927246, 116.610542297, 18.3051967621, 43.4767189026, 140.173095703, 85.3363037109, 196.578765869, 52.3950004578, 87.3351745605, 19.7695655823, 35.3079452515, -0.0182007998228, 19.1528892517], [289.364227295, -29.9426612854, 27.5619812012, 56.702960968, 14.5694789886, 42.6526794434, 52.3950004578, 136.029296875, 63.2888031006, 36.7851066589, 19.2097053528, 28.7449607849, 24.8225650787], [-655.642822266, 18.5899810791, 6.1222615242, 84.7559890747, 114.551124573, 29.9696369171, 87.3351745605, 63.2888031006, 157.275802612, 48.8998374939, 56.8122024536, 19.2249164581, 27.0483951569], [185.195053101, -88.613899231, -27.3136463165, 18.9256324768, 26.2134647369, 33.4499511719, 19.7695655823, 36.7851066589, 48.8998374939, 103.352851868, 43.7281532288, 40.184173584, 1.64043104649], [-442.99041748, -3.50294947624, -94.4331741333, -55.3121376038, 18.2212257385, 15.6840810776, 35.3079452515, 19.2097053528, 56.8122024536, 43.7281532288, 122.987960815, 31.4185352325, 47.087223053], [166.042648315, -85.5859069824, 1.50924742222, 48.9110717773, 14.631729126, 1.40733110905, -0.0182007998228, 28.7449607849, 19.2249164581, 40.184173584, 31.4185352325, 95.3153915405, 28.6386833191], [-254.882476807, 75.1050567627, -21.6972503662, -43.575881958, -17.2860164642, -7.5022110939, 19.1528892517, 24.8225650787, 27.0483951569, 1.64043104649, 47.087223053, 28.6386833191, 94.0822906494]],
        "icov": [[0.000236138963373, -0.000410297041526, 0.000364639447071, -0.000575257698074, 0.000668820168357, -0.000907143694349, 0.000771062273998, -0.00078401202336, 0.000918398844078, -0.000796940177679, 0.000579172337893, -0.000535997969564, 0.000508500786964], [-0.000410297041526, 0.00205815793015, -0.000896832847502, 0.000629412650596, -0.00101612752769, 0.00243220571429, -0.00263521191664, 0.00180578383151, -0.00118881824892, 0.00162955955602, -0.00125502585433, 0.0025255731307, -0.00242987577803], [0.000364639447071, -0.000896832847502, 0.00165909097996, -0.00120130903088, 0.0010921532521, -0.00117221195251, 0.00110320746899, -0.00144143542275, 0.00138184765819, -0.00129896821454, 0.00167564710137, -0.00112635153346, 0.000922506907955], [-0.000575257698074, 0.000629412650596, -0.00120130903088, 0.00469289720058, -0.00367110990919, 0.000705334416125, 0.000150532650878, 0.000918352860026, -0.00376011850312, 0.00279493420385, 0.000384174665669, -0.00113086157944, 0.000128690371639], [0.000668820168357, -0.00101612752769, 0.0010921532521, -0.00367110990919, 0.00830382015556, -0.00319092581049, -0.00138010573573, 0.000669314118568, -0.000188860256458, -0.00187707517762, 0.00131387356669, -0.00202428014018, 0.00259586842731], [-0.000907143694349, 0.00243220571429, -0.00117221195251, 0.000705334416125, -0.00319092581049, 0.012324610725, -0.00709277996793, 0.00144744396675, -0.000153003275045, 0.000564571761061, -0.00347140943632, 0.00502155022696, -0.00264132604934], [0.000771062273998, -0.00263521191664, 0.00110320746899, 0.000150532650878, -0.00138010573573, -0.00709277996793, 0.0143221439794, -0.00522108515725, -0.000452710606623, -0.00124789599795, 0.00192266330123, -0.00256672501564, 0.00213040434755], [-0.00078401202336, 0.00180578383151, -0.00144143542275, 0.000918352860026, 0.000669314118568, 0.00144744396675, -0.00522108515725, 0.0146196894348, -0.00730301579461, 0.000993368565105, -5.22354894201e-05, 0.000279576197499, -0.00400525797158], [0.000918398844078, -0.00118881824892, 0.00138184765819, -0.00376011850312, -0.000188860256458, -0.000153003275045, -0.000452710606623, -0.00730301579461, 0.0186570435762, -0.0073893298395, -0.00222084717825, 0.00176033179741, -0.000673046801239], [-0.000796940177679, 0.00162955955602, -0.00129896821454, 0.00279493420385, -0.00187707517762, 0.000564571761061, -0.00124789599795, 0.000993368565105, -0.0073893298395, 0.0193919464946, -0.00576065899804, -0.00433464860544, 0.00321606872603], [0.000579172337893, -0.00125502585433, 0.00167564710137, 0.000384174665669, 0.00131387356669, -0.00347140943632, 0.00192266330123, -5.22354894201e-05, -0.00222084717825, -0.00576065899804, 0.016894614324, -0.00405657384545, -0.00375955319032], [-0.000535997969564, 0.0025255731307, -0.00112635153346, -0.00113086157944, -0.00202428014018, 0.00502155022696, -0.00256672501564, 0.000279576197499, 0.00176033179741, -0.00433464860544, -0.00405657384545, 0.0197084527463, -0.00817401707172], [0.000508500786964, -0.00242987577803, 0.000922506907955, 0.000128690371639, 0.00259586842731, -0.00264132604934, 0.00213040434755, -0.00400525797158, -0.000673046801239, 0.00321606872603, -0.00375955319032, -0.00817401707172, 0.0196152795106]]
    },
    "melbands": {
        "mean": [0.00296829314902, 0.00365336379036, 0.0016743526794, 0.000790415157098, 0.000564869958907, 0.000285786954919, 8.53119709063e-05, 0.000110255379695, 0.000128897459945, 0.000161019837833, 7.11075481377e-05, 0.000107784690044, 0.000172532410943, 4.13009074691e-05, 4.39059222117e-05, 8.17553736852e-05, 9.40325262491e-05, 2.67425548373e-05, 3.25763467117e-05, 3.17628509947e-05, 1.98634188564e-05, 1.84895634447e-05, 1.41355312735e-05, 1.37306851684e-05, 1.42967064676e-05, 1.55169927893e-05, 9.83539939625e-06, 8.97634436114e-06, 8.27930125524e-06, 6.00245130045e-06, 5.20803951076e-06, 5.02004104419e-06, 4.35964648204e-06, 3.79001471629e-06, 4.23455549026e-06, 4.42738655693e-06, 3.7789363887e-06, 3.33057118951e-06, 3.02816692965e-06, 2.61480022345e-06],
        "stdev": [0.00488348398358, 0.00625488441437, 0.00393888447434, 0.0023155240342, 0.000961252604611, 0.000502289272845, 0.000143092605867, 0.000173212683876, 0.000253894133493, 0.000368697830709, 0.000156824418809, 0.000260912522208, 0.000350215355866, 0.000104018901766, 7.74930522311e-05, 0.000282502791379, 0.000317758443998, 4.08046034863e-05, 7.93932413217e-05, 7.40044415579e-05, 5.16331274412e-05, 4.77954126836e-05, 2.77468552667e-05, 1.9898161554e-05, 2.37998829107e-05, 2.91020023724e-05, 1.0870130609e-05, 9.91507477011e-06, 9.95941263682e-06, 6.79337972542e-06, 6.39302288619e-06, 6.41477754471e-06, 5.29526187165e-06, 4.77885987493e-06, 5.94142920818e-06, 6.02010049988e-06, 6.20835271548e-06, 6.73935528539e-06, 5.99490067543e-06, 4.92737262903e-06]
    },
    "melbands128": {
        "mean": [0.000135294292704, 0.00146042765118, 0.00468419212848, 0.00491249375045, 0.00336920260452, 0.00278635974973, 0.0021253481973, 0.00130586500745, 0.000876917445567, 0.000691240362357, 0.000738971750252, 0.00072143872967, 0.000445713376394, 0.000491465791129, 0.000304916553432, 0.000185191151104, 0.000136902846862, 3.635385292e-05, 6.00837993261e-05, 0.000151582542458, 0.000116063827591, 6.43252060399e-05, 8.23365917313e-05, 0.000211593520362, 0.000302548636682, 4.89159574499e-05, 7.16945505701e-05, 9.24511259655e-05, 3.92448237108e-05, 0.000104471175291, 8.71516094776e-05, 0.000193067680812, 0.000279848842183, 7.12628316251e-05, 2.05104443012e-05, 4.61287490907e-05, 5.36042061867e-05, 2.97170536214e-05, 5.83700420975e-05, 3.70302332158e-05, 3.3390304452e-05, 0.000227336815442, 8.83606844582e-05, 4.52564672742e-05, 3.68657856598e-05, 2.11405640584e-05, 2.00992453756e-05, 1.41892833199e-05, 4.67947575089e-05, 6.66898922645e-05, 1.82258972927e-05, 1.28015344671e-05, 2.08434667002e-05, 2.313791083e-05, 1.83957818081e-05, 1.93916512217e-05, 1.46023912748e-05, 1.96912933461e-05, 1.22662995636e-05, 8.01775149739e-06, 1.60434447025e-05, 1.33984967761e-05, 1.7368234694e-05, 1.30077096401e-05, 1.22876544992e-05, 1.97077442863e-05, 1.39217499964e-05, 1.02478943518e-05, 7.39002871342e-06, 1.20725135275e-05, 8.28543034004e-06, 7.92772152636e-06, 9.46653290157e-06, 8.61106309458e-06, 6.50831862004e-06, 6.12833900959e-06, 6.02809950578e-06, 5.07064896738e-06, 4.67496238343e-06, 5.83754263062e-06, 5.17763874086e-06, 4.48472883363e-06, 5.11910093337e-06, 4.17808814746e-06, 4.05400533054e-06, 3.80355254492e-06, 3.62724790648e-06, 3.77107585336e-06, 4.3302479753e-06, 4.43142243967e-06, 4.74353964819e-06, 4.05859964303e-06, 4.65084485768e-06, 3.7092513594e-06, 3.30957436745e-06, 3.53553900823e-06, 3.43544002135e-06, 2.9426025776e-06, 2.9533664474e-06, 3.19093442158e-06, 2.8602362363e-06, 2.568057198e-06, 2.24135942517e-06, 2.17276988224e-06, 1.76755236225e-06, 1.42190162933e-06, 1.43402439789e-06, 1.05807805539e-06, 9.01028727185e-07, 9.02683780168e-07, 6.80113203089e-07, 5.88130035339e-07, 5.17627597674e-07, 3.51459505055e-07, 2.50544132996e-07, 4.68578882362e-08, 1.41071850382e-11, 4.85417565518e-12, 4.65554634774e-12, 4.47999666878e-12, 4.34724435269e-12, 4.23702219143e-12, 4.13208096212e-12, 4.05079919261e-12, 3.98231014137e-12, 3.93407051727e-12, 3.89921558583e-12, 3.8694858949e-12],
        "stdev": [0.000291065545753, 0.00254147476517, 0.00821595452726, 0.00930813886225, 0.00751694384962, 0.00628353562206, 0.00539489556104, 0.00412117410451, 0.00287772342563, 0.00290461746044, 0.00234814058058, 0.00139598315582, 0.000959965633228, 0.00104995456059, 0.000695580674801, 0.000384602870326, 0.000302291678963, 0.000106514627987, 0.000143635013956, 0.000257600127952, 0.00025061701308, 0.000176486471901, 0.000285663030809, 0.000553623947781, 0.000813309161458, 0.0001322820317, 0.000171972584212, 0.000272761913948, 0.000104856699181, 0.000403854763135, 0.000326767592924, 0.000431577733252, 0.000637027609628, 0.0002180551528, 6.91686509526e-05, 0.000187438519788, 0.000171564490302, 5.87662325415e-05, 0.000150846026372, 0.000119819509564, 0.000168735045008, 0.00109457888175, 0.000348337664036, 0.000176015149918, 8.74583856785e-05, 4.18815980083e-05, 4.32121632912e-05, 3.13585223921e-05, 0.000161216652486, 0.00022922095377, 3.63821636711e-05, 2.59365679085e-05, 0.000108906744572, 4.95825734106e-05, 4.0891867684e-05, 9.02298343135e-05, 4.17839364673e-05, 5.61208398722e-05, 2.87804505206e-05, 1.14831054816e-05, 2.94159617624e-05, 2.61763325398e-05, 4.98190966027e-05, 2.26514985116e-05, 2.26584888878e-05, 5.41712652193e-05, 2.89288509521e-05, 1.6589750885e-05, 1.03607771962e-05, 1.56834212248e-05, 1.21718903756e-05, 9.9157286968e-06, 1.74289743882e-05, 1.27644680106e-05, 9.30549776967e-06, 8.12456892163e-06, 8.49892057886e-06, 6.77532079862e-06, 6.20341734248e-06, 9.91447268461e-06, 7.62718673286e-06, 6.65373590891e-06, 6.83129064782e-06, 5.65773780181e-06, 5.67145207242e-06, 5.55266433366e-06, 5.15886631547e-06, 5.22749678566e-06, 7.17023203833e-06, 6.71306679578e-06, 7.03234945831e-06, 6.34224443274e-06, 7.45152010495e-06, 6.20534592599e-06, 7.0258629421e-06, 8.28588781587e-06, 7.63204479881e-06, 5.77593482376e-06, 6.12819621892e-06, 8.07829110272e-06, 6.23475261818e-06, 5.09285109729e-06, 4.27211489296e-06, 4.47629281553e-06, 3.57153066943e-06, 2.71324120149e-06, 2.46486206379e-06, 1.85599571978e-06, 1.7212179273e-06, 1.74033436906e-06, 1.29414650019e-06, 1.14778129046e-06, 1.16440480724e-06, 6.96363940733e-07, 5.19041293501e-07, 1.04480669449e-07, 6.31228888603e-11, 7.65722121127e-12, 7.36876271806e-12, 7.12527996674e-12, 6.92469302385e-12, 6.75342550979e-12, 6.60298595315e-12, 6.47868651088e-12, 6.37375655727e-12, 6.29444933675e-12, 6.23609063694e-12, 6.19774630922e-12]
    },
    "mfcc": {
        "mean": [-626.802062988, 88.8090438843, 11.0745191574, 20.7461833954, 10.7757101059, 12.2402601242, 9.485039711, 6.15806293488, 0.230471655726, 4.67229413986, -2.51428079605, -0.151392608881, -0.500178158283],
        "cov": [[7504.89355469, 304.298522949, 286.006439209, 323.567810059, 118.618652344, 142.417541504, 46.323059082, 20.7201118469, -13.813492775, -65.0315628052, -25.0209178925, -73.4939041138, -44.4385871887], [304.298522949, 1055.04309082, 229.6746521, 39.6702919006, -41.6501464844, -24.4061431885, 75.2692108154, -17.3377399445, 17.7075271606, 19.2351551056, -42.8011016846, -29.5755519867, -35.629032135], [286.006439209, 229.6746521, 785.987548828, 162.615447998, 87.7791290283, -11.5488262177, 6.23801660538, -8.62135601044, 45.9669914246, -63.7154808044, -6.93729400635, 5.88751888275, -42.4039840698], [323.567810059, 39.6702919006, 162.615447998, 460.391052246, 213.05090332, 154.457504272, 7.83674097061, 96.775642395, 92.4636383057, -25.9855651855, 67.7284469604, 35.1905708313, 23.5532245636], [118.618652344, -41.6501464844, 87.7791290283, 213.05090332, 226.088272095, 118.896217346, 32.5365524292, 64.2135696411, 63.6334571838, 2.64570641518, 47.5292549133, 33.9270591736, 25.5564613342], [142.417541504, -24.4061431885, -11.5488262177, 154.457504272, 118.896217346, 230.431686401, 73.92943573, 72.7811889648, 57.5662689209, 19.172870636, 66.0718765259, 22.0654201508, 29.671546936], [46.323059082, 75.2692108154, 6.23801660538, 7.83674097061, 32.5365524292, 73.92943573, 120.75213623, 49.888217926, 33.0461997986, 30.3004322052, 20.4549179077, 16.9790802002, 16.4018745422], [20.7201118469, -17.3377399445, -8.62135601044, 96.775642395, 64.2135696411, 72.7811889648, 49.888217926, 117.123214722, 71.7122879028, 24.829750061, 36.8578567505, 32.2828712463, 25.1987323761], [-13.813492775, 17.7075271606, 45.9669914246, 92.4636383057, 63.6334571838, 57.5662689209, 33.0461997986, 71.7122879028, 119.362197876, 37.9755096436, 40.3381233215, 26.6746482849, 26.275686264], [-65.0315628052, 19.2351551056, -63.7154808044, -25.9855651855, 2.64570641518, 19.172870636, 30.3004322052, 24.829750061, 37.9755096436, 100.415283203, 31.7839298248, 23.6574325562, 20.6500263214], [-25.0209178925, -42.8011016846, -6.93729400635, 67.7284469604, 47.5292549133, 66.0718765259, 20.4549179077, 36.8578567505, 40.3381233215, 31.7839298248, 99.551322937, 43.9878425598, 31.9190311432], [-73.4939041138, -29.5755519867, 5.88751888275, 35.1905708313, 33.9270591736, 22.0654201508, 16.9790802002, 32.2828712463, 26.6746482849, 23.6574325562, 43.9878425598, 81.5690383911, 45.1315765381], [-44.4385871887, -35.629032135, -42.4039840698, 23.5532245636, 25.5564613342, 29.671546936, 16.4018745422, 25.1987323761, 26.275686264, 20.6500263214, 31.9190311432, 45.1315765381, 80.7506408691]],
        "icov": [[0.000143171360833, -2.30875393754e-05, -3.50862173946e-05, -0.000115077316877, 2.12432569242e-05, -5.98646693106e-05, -5.05143871123e-05, -1.06626011984e-05, 0.000123245015857, -1.66315603565e-05, 4.27378872701e-05, 0.000149472776684, -2.36780360865e-05], [-2.30875393754e-05, 0.00122602365445, -0.000305914436467, -0.000602450512815, 0.000666776264552, 0.000291593256406, -0.00125375436619, 0.000635782431345, -0.000201625662157, -0.00063733861316, 0.000555461971089, 0.000216282453039, 0.000169561521034], [-3.50862173946e-05, -0.000305914436467, 0.00181386794429, -0.000409421714721, -0.000547279487364, 0.000628628418781, -0.000568653515074, 0.00114199356176, -0.00135622464586, 0.00136589840986, -5.11929429194e-05, -0.00101694185287, 0.00129960908089], [-0.000115077316877, -0.000602450512815, -0.000409421714721, 0.0056398040615, -0.00347806303762, -0.00174946943298, 0.00307176215574, -0.0024725496769, -0.00104573124554, 0.00216542300768, -0.0012943490874, -7.93890067143e-05, 4.4608987082e-05], [2.12432569242e-05, 0.000666776264552, -0.000547279487364, -0.00347806303762, 0.00951497163624, -0.00208047195338, -0.00113254156895, 0.000311734009301, -0.000884865352418, -0.000494107720442, 0.00075072736945, -0.00133258313872, -0.000218839602894], [-5.98646693106e-05, 0.000291593256406, 0.000628628418781, -0.00174946943298, -0.00208047195338, 0.00921837426722, -0.0046791927889, -0.00057118141558, 7.20593088772e-05, 0.000378067867132, -0.00365603179671, 0.00261384039186, -0.000799903762527], [-5.05143871123e-05, -0.00125375436619, -0.000568653515074, 0.00307176215574, -0.00113254156895, -0.0046791927889, 0.0146201495081, -0.00540299667045, 0.000667897111271, -0.00169894006103, 0.000765704957303, -0.000724774610717, -0.000661804049741], [-1.06626011984e-05, 0.000635782431345, 0.00114199356176, -0.0024725496769, 0.000311734009301, -0.00057118141558, -0.00540299667045, 0.0185488145798, -0.00804988760501, 0.000487756042276, 0.000817490566988, -0.0035998809617, 0.00119940482546], [0.000123245015857, -0.000201625662157, -0.00135622464586, -0.00104573124554, -0.000884865352418, 7.20593088772e-05, 0.000667897111271, -0.00804988760501, 0.0171233844012, -0.00514817144722, -0.00165311363526, 0.00223245797679, -0.00264796824194], [-1.66315603565e-05, -0.00063733861316, 0.00136589840986, 0.00216542300768, -0.000494107720442, 0.000378067867132, -0.00169894006103, 0.000487756042276, -0.00514817144722, 0.0153046138585, -0.00349130295217, -0.00204929476604, 0.000292415294098], [4.27378872701e-05, 0.000555461971089, -5.11929429194e-05, -0.0012943490874, 0.00075072736945, -0.00365603179671, 0.000765704957303, 0.000817490566988, -0.00165311363526, -0.00349130295217, 0.0176908839494, -0.0067185824737, -0.000492663995828], [0.000149472776684, 0.000216282453039, -0.00101694185287, -7.93890067143e-05, -0.00133258313872, 0.00261384039186, -0.000724774610717, -0.0035998809617, 0.00223245797679, -0.00204929476604, -0.0067185824737, 0.0230360962451, -0.0100228404626], [-2.36780360865e-05, 0.000169561521034, 0.00129960908089, 4.4608987082e-05, -0.000218839602894, -0.000799903762527, -0.000661804049741, 0.00119940482546, -0.00264796824194, 0.000292415294098, -0.000492663995828, -0.0100228404626, 0.0198217164725]]
    },
    "spectral_contrast_coeffs": {
        "mean": [-0.70246130228, -0.755062699318, -0.756120085716, -0.788118839264, -0.800078690052, -0.785443305969],
        "stdev": [0.0855833292007, 0.0763168260455, 0.0757458806038, 0.0686037987471, 0.051318783313, 0.0372265353799]
    },
    "spectral_contrast_valleys": {
        "mean": [-6.91896104813, -7.31554841995, -7.7101764679, -7.74583721161, -7.50049638748, -9.62944316864],
        "stdev": [2.26581835747, 2.13329482079, 2.08671474457, 2.08802080154, 2.17399549484, 2.05217671394]
    }
},
"rhythm": {
    "beats_count": 502,
    "beats_loudness": {
        "mean": 0.0460473522544,
        "stdev": 0.0326959267259
    },
    "bpm": 139.913375854,
    "bpm_histogram_first_peak_bpm": 140,
    "bpm_histogram_first_peak_weight": 0.209195435047,
    "bpm_histogram_second_peak_bpm": 94,
    "bpm_histogram_second_peak_spread": 0.636363625526,
    "bpm_histogram_second_peak_weight": 0.0319361276925,
    "danceability": 1.39898896217,
    "onset_rate": 4.06460571289,
    "beats_loudness_band_ratio": {
        "mean": [0.549496293068, 0.119115673006, 0.0754790082574, 0.106346689165, 0.0646976232529, 0.0983754694462],
        "stdev": [0.285752892494, 0.129636213183, 0.0994968339801, 0.155760198832, 0.0728123486042, 0.0816240161657]
    },
    "beats_position": [0.580498874187, 1.16099774837, 1.74149656296, 2.29877543449, 2.85605430603, 3.41333317757, 3.97061228752, 4.55111122131, 5.11999988556, 5.6888885498, 6.26938772202, 6.83827638626, 7.41877555847, 7.85995435715, 8.3011341095, 8.74231243134, 9.17188167572, 9.6014509201, 10.0310201645, 10.4605894089, 10.8901586533, 11.3313379288, 11.7609071732, 12.1904764175, 12.6200447083, 13.0496139526, 13.4675731659, 13.8971424103, 14.3267116547, 14.756280899, 15.1858501434, 15.6154193878, 16.0449886322, 16.4745578766, 16.904127121, 17.3336963654, 17.7632656097, 18.181224823, 18.6107940674, 19.0403633118, 19.4699325562, 19.8994998932, 20.3290691376, 20.758638382, 21.1882076263, 21.6177768707, 22.035736084, 22.4653053284, 22.8948745728, 23.3244438171, 23.7540130615, 24.1835823059, 24.6131515503, 25.0427207947, 25.4722900391, 25.9018592834, 26.3314285278, 26.7609977722, 27.1905670166, 27.620136261, 28.0497055054, 28.4792747498, 28.9088420868, 29.3268013, 29.7679805756, 30.1859397888, 30.6155090332, 31.0450782776, 31.474647522, 31.9042167664, 32.3337860107, 32.7633552551, 33.1813163757, 33.6108856201, 34.0404510498, 34.4700202942, 34.8995895386, 35.329158783, 35.7587280273, 36.1882972717, 36.6178665161, 37.0358276367, 37.4770050049, 37.9065742493, 38.3361434937, 38.7541046143, 39.1952819824, 39.613243103, 40.0428123474, 40.4723815918, 40.91355896, 41.3315200806, 41.761089325, 42.1906585693, 42.6086158752, 43.0381851196, 43.467754364, 43.9089317322, 44.3268928528, 44.7564620972, 45.1860313416, 45.6156005859, 46.0451698303, 46.4747390747, 46.9043083191, 47.3338775635, 47.7634468079, 48.1814041138, 48.6225852966, 49.052154541, 49.4817237854, 49.8996810913, 50.3292503357, 50.7588195801, 51.1883888245, 51.6179580688, 52.0475273132, 52.4770965576, 52.906665802, 53.3362350464, 53.7541923523, 54.1953735352, 54.6133308411, 55.0429000854, 55.4724693298, 55.9020385742, 56.3316078186, 56.7495689392, 57.1791381836, 57.608707428, 58.0382766724, 58.4678459167, 58.8974151611, 59.3269844055, 59.7565536499, 60.1861228943, 60.6156921387, 61.0452613831, 61.4748306274, 61.9043960571, 62.3339653015, 62.7635345459, 63.1931037903, 63.6226730347, 64.0406341553, 64.470199585, 64.899772644, 65.3293380737, 65.7705230713, 66.200088501, 66.6412658691, 67.0708389282, 67.5004043579, 67.929977417, 68.4756469727, 69.0097045898, 69.543762207, 70.1939239502, 70.8324737549, 71.4710159302, 72.1211776733, 72.7713394165, 73.4214935303, 74.0716552734, 74.7218093872, 75.3835830688, 76.0453491211, 76.7071151733, 77.368888855, 78.0306549072, 78.6924285889, 79.3541946411, 80.0159606934, 80.677734375, 81.3395004272, 82.0012664795, 82.6630401611, 83.3248062134, 83.9749679565, 84.6135101318, 85.263671875, 85.9138336182, 86.5523757935, 87.2025375366, 87.8410873413, 88.479637146, 89.1181869507, 89.7683410645, 90.4185028076, 91.0570526123, 91.695602417, 92.3341445923, 92.972694397, 93.6228561401, 94.2614059448, 94.8999557495, 95.5384979248, 96.1770477295, 96.8039855957, 97.4309310913, 98.0694732666, 98.5222625732, 98.9634475708, 99.404624939, 99.8341903687, 100.263763428, 100.693328857, 101.122901917, 101.552467346, 101.982040405, 102.400001526, 102.829566956, 103.259140015, 103.688705444, 104.118278503, 104.547843933, 104.977409363, 105.406982422, 105.836547852, 106.266120911, 106.69568634, 107.113647461, 107.54322052, 107.97278595, 108.402359009, 108.831924438, 109.261497498, 109.691062927, 110.120635986, 110.550201416, 110.979774475, 111.409339905, 111.838912964, 112.268478394, 112.698051453, 113.116004944, 113.545578003, 113.975143433, 114.404716492, 114.834281921, 115.26385498, 115.69342041, 116.122993469, 116.552558899, 116.982131958, 117.411697388, 117.841270447, 118.259223938, 118.688796997, 119.118362427, 119.547935486, 119.977500916, 120.407073975, 120.836639404, 121.266212463, 121.695777893, 122.125350952, 122.554916382, 122.984489441, 123.414054871, 123.832015991, 124.261581421, 124.69115448, 125.12071991, 125.550292969, 125.979858398, 126.409431458, 126.838996887, 127.268569946, 127.686531067, 128.116104126, 128.545669556, 128.975234985, 129.404800415, 129.834381104, 130.263946533, 130.693511963, 131.123077393, 131.552658081, 131.982223511, 132.400177002, 132.829742432, 133.25932312, 133.68888855, 134.118453979, 134.548019409, 134.977600098, 135.407165527, 135.836730957, 136.254684448, 136.695877075, 137.125442505, 137.555007935, 137.984573364, 138.414154053, 138.832107544, 139.261672974, 139.691238403, 140.120819092, 140.550384521, 140.968338013, 141.409515381, 141.827484131, 142.257049561, 142.68661499, 143.11618042, 143.545761108, 143.975326538, 144.404891968, 144.834457397, 145.264038086, 145.693603516, 146.123168945, 146.541137695, 146.970703125, 147.400268555, 147.829833984, 148.259414673, 148.688980103, 149.118545532, 149.548110962, 149.97769165, 150.40725708, 150.83682251, 151.266387939, 151.695953369, 152.113922119, 152.543487549, 152.973052979, 153.402633667, 153.832199097, 154.261764526, 154.691329956, 155.120910645, 155.550476074, 155.980041504, 156.409606934, 156.827575684, 157.257141113, 157.686706543, 158.116271973, 158.545852661, 158.975418091, 159.404983521, 159.83454895, 160.264129639, 160.693695068, 161.123260498, 161.541213989, 161.970794678, 162.400360107, 162.829925537, 163.259490967, 163.689071655, 164.118637085, 164.536590576, 164.977767944, 165.407348633, 165.836914062, 166.254867554, 166.684448242, 167.114013672, 167.55519104, 167.973144531, 168.40272522, 168.832290649, 169.261856079, 169.691421509, 170.109390259, 170.550567627, 170.968521118, 171.398086548, 171.827667236, 172.268844604, 172.686798096, 173.116363525, 173.545944214, 173.987121582, 174.405075073, 174.834640503, 175.264221191, 175.682174683, 176.111740112, 176.541305542, 176.982498169, 177.40045166, 177.83001709, 178.25958252, 178.689163208, 179.118728638, 179.548294067, 179.977859497, 180.395828247, 180.825393677, 181.254959106, 181.696136475, 182.114105225, 182.543670654, 182.973236084, 183.402801514, 183.832382202, 184.261947632, 184.691513062, 185.109481812, 185.55065918, 185.980224609, 186.409790039, 186.827758789, 187.257324219, 187.686889648, 188.116455078, 188.546035767, 188.963989258, 189.405166626, 189.834732056, 190.264297485, 190.693878174, 191.123443604, 191.541397095, 191.970977783, 192.400543213, 192.841720581, 193.259674072, 193.689254761, 194.11882019, 194.536773682, 194.97795105, 195.407531738, 195.837097168, 196.255050659, 196.684616089, 197.114196777, 197.543762207, 197.973327637, 198.402893066, 198.832473755, 199.262039185, 199.691604614, 200.121170044, 200.550750732, 200.980316162, 201.409881592, 201.839447021, 202.26902771, 202.686981201, 203.116546631, 203.546112061, 203.975692749, 204.405258179, 204.834823608, 205.264389038, 205.693969727, 206.123535156, 206.553100586, 206.982666016, 207.400634766, 207.841812134, 208.259765625, 208.700942993, 209.118911743, 209.548477173, 209.978042603, 210.407608032, 210.837188721, 211.26675415, 211.69631958, 212.12588501, 212.555465698, 212.985031128, 213.414596558, 213.844161987, 214.273742676, 214.691696167, 215.121261597, 215.550842285, 215.980407715, 216.409973145, 216.827926636, 217.257507324, 217.687072754, 218.105026245, 218.534591675, 218.964172363, 219.393737793, 219.823303223, 220.264480591, 220.694061279, 221.123626709, 221.553192139, 221.982757568, 222.412338257, 222.841903687, 223.271469116, 223.701034546, 224.142211914, 224.583404541, 225.036193848, 225.488967896, 225.941757202, 226.394546509, 226.847335815, 227.311737061],
    "bpm_histogram": [0, 0, 0, 0, 0, 0, 0, 0, 0, 0, 0, 0, 0, 0, 0, 0, 0, 0, 0, 0, 0, 0, 0, 0, 0, 0, 0, 0, 0, 0, 0, 0, 0, 0, 0, 0, 0, 0, 0, 0, 0, 0, 0, 0, 0, 0, 0, 0, 0, 0, 0, 0, 0, 0, 0, 0, 0, 0, 0, 0, 0, 0, 0, 0, 0, 0, 0, 0, 0, 0, 0, 0, 0, 0, 0, 0, 0, 0, 0, 0, 0, 0, 0, 0, 0, 0, 0, 0, 0, 0, 0, 0.0259481035173, 0.0259481035173, 0, 0.0319361276925, 0, 0.00399201596156, 0, 0, 0, 0, 0, 0, 0.00998003967106, 0, 0.00598802417517, 0, 0, 0.00798403192312, 0, 0.00199600798078, 0, 0.00399201596156, 0, 0, 0, 0, 0, 0, 0, 0, 0, 0, 0, 0, 0, 0, 0, 0, 0.00199600798078, 0, 0, 0, 0.0119760483503, 0, 0, 0.0658682659268, 0, 0, 0, 0.686626732349, 0, 0, 0, 0.11576846242, 0, 0, 0, 0, 0, 0, 0, 0, 0, 0, 0, 0, 0, 0, 0, 0, 0, 0, 0, 0, 0, 0, 0, 0, 0, 0, 0, 0, 0, 0, 0, 0, 0, 0, 0, 0, 0, 0, 0, 0, 0, 0, 0, 0, 0, 0, 0, 0, 0, 0, 0, 0, 0, 0, 0, 0, 0, 0, 0, 0, 0, 0, 0, 0, 0, 0, 0, 0, 0, 0, 0, 0, 0, 0, 0, 0, 0, 0, 0, 0, 0, 0, 0, 0, 0, 0, 0, 0, 0, 0, 0, 0, 0, 0, 0, 0, 0, 0, 0, 0, 0, 0, 0, 0, 0]
},
"tonal": {
    "chords_changes_rate": 0.0492671020329,
    "chords_number_rate": 0.00162866443861,
    "chords_strength": {
        "mean": 0.557088077068,
        "stdev": 0.114588730037
    },
    "hpcp_crest": {
        "mean": 14.5973300934,
        "stdev": 7.44383382797
    },
    "hpcp_entropy": {
        "mean": 1.90411973,
        "stdev": 0.795658051968
    },
    "key_edma": {
        "strength": 0.675684452057,
        "key": "E",
        "scale": "minor"
    },
    "key_krumhansl": {
        "strength": 0.689072370529,
        "key": "E",
        "scale": "minor"
    },
    "key_temperley": {
        "strength": 0.707792460918,
        "key": "E",
        "scale": "minor"
    },
    "tuning_diatonic_strength": 0.597046077251,
    "tuning_equal_tempered_deviation": 0.113028816879,
    "tuning_frequency": 437.213165283,
    "tuning_nontempered_energy_ratio": 0.763456225395,
    "hpcp": {
        "mean": [0.0775422379375, 0.0888239070773, 0.086638815701, 0.0713874101639, 0.0589479319751, 0.11806153506, 0.25732639432, 0.232395887375, 0.20565739274, 0.302105337381, 0.197557553649, 0.0614940002561, 0.0498086996377, 0.0506888218224, 0.0738631114364, 0.112787142396, 0.104500435293, 0.0690210238099, 0.0516329221427, 0.0455585904419, 0.10907369107, 0.243364542723, 0.202960550785, 0.0656134411693, 0.031538952142, 0.0242019239813, 0.043260935694, 0.0891346558928, 0.078584395349, 0.0600474365056, 0.106303885579, 0.0896663889289, 0.0426798723638, 0.0398991890252, 0.0371715947986, 0.0507963895798],
        "stdev": [0.19052182138, 0.216593369842, 0.223978728056, 0.206805378199, 0.179865732789, 0.223292201757, 0.338791429996, 0.299999505281, 0.268340826035, 0.398927509785, 0.290345132351, 0.16677851975, 0.156913205981, 0.159348890185, 0.185566112399, 0.235903710127, 0.226988255978, 0.179800316691, 0.150132358074, 0.142485693097, 0.207041934133, 0.358899474144, 0.305693715811, 0.159758269787, 0.109036482871, 0.0978856608272, 0.120535634458, 0.202760770917, 0.178086921573, 0.133288875222, 0.190106958151, 0.16741129756, 0.114230431616, 0.123936496675, 0.121539376676, 0.142361700535]
    },
    "chords_histogram": [14.8819217682, 4.13273620605, 13.4161233902, 0.40716612339, 0, 0.549674272537, 0.0407166108489, 8.44869709015, 0, 8.16368103027, 0, 0, 0, 0, 0, 0, 5.08957672119, 0, 0, 0, 0, 0, 11.3192186356, 33.5504875183],
    "thpcp": [1, 0.653935968876, 0.203551515937, 0.164871960878, 0.167785257101, 0.244494557381, 0.37333714962, 0.345907270908, 0.228466749191, 0.170910328627, 0.150803655386, 0.361045241356, 0.805561900139, 0.67182046175, 0.217187300324, 0.104397200048, 0.0801108777523, 0.143198177218, 0.295044958591, 0.260122507811, 0.198763236403, 0.351876884699, 0.296805053949, 0.141274809837, 0.132070451975, 0.123041830957, 0.168141320348, 0.256672859192, 0.294016331434, 0.286783456802, 0.236299738288, 0.195123761892, 0.390795916319, 0.851777076721, 0.769254505634, 0.680747270584],
    "chords_key": "C",
    "chords_scale": "major"
}
}