{
"metadata": {
    "version": {
        "essentia": "2.1-dev",
        "essentia_git_sha": "v2.1_beta3-415-gd5473f3",
        "extractor": "music 2.0"
    },
    "audio_properties": {
        "analysis": {
            "equal_loudness": 0,
            "length": 202.213882446,
            "sample_rate": 44100,
            "start_time": 0,
            "downmix": "mix"
        },
        "bit_rate": 192000,
        "length": 202.213882446,
        "lossless": 0,
        "number_channels": 2,
        "replay_gain": -8.961353302,
        "sample_rate": 44100,
        "codec": "mp3",
        "md5_encoded": "5d94b373717ab92a3117eb8127ba4e32"
    },
    "tags": {
        "file_name": "kharma-in_2_u.mp3",
        "album": ["Pioneer the Album vol.2"],
        "artist": ["Progressive"],
        "genre": ["Other"],
        "title": ["Kharma - In 2 U"]
    }
},
"lowlevel": {
    "average_loudness": 0.85116481781,
    "barkbands_crest": {
        "mean": 13.4963254929,
        "stdev": 5.48236322403
    },
    "barkbands_flatness_db": {
        "mean": 0.161087214947,
        "stdev": 0.0701134204865
    },
    "barkbands_kurtosis": {
        "mean": 17.3121261597,
        "stdev": 48.4437561035
    },
    "barkbands_skewness": {
        "mean": 2.83066344261,
        "stdev": 2.41039466858
    },
    "barkbands_spread": {
        "mean": 29.273979187,
        "stdev": 26.1501712799
    },
    "dissonance": {
        "mean": 0.452840298414,
        "stdev": 0.0389327853918
    },
    "dynamic_complexity": 4.99785089493,
    "erbbands_crest": {
        "mean": 10.1642961502,
        "stdev": 5.49768257141
    },
    "erbbands_flatness_db": {
        "mean": 0.11823374778,
        "stdev": 0.0540643110871
    },
    "erbbands_kurtosis": {
        "mean": 1.74972116947,
        "stdev": 7.14593029022
    },
    "erbbands_skewness": {
        "mean": 0.549247264862,
        "stdev": 1.11670088768
    },
    "erbbands_spread": {
        "mean": 60.422618866,
        "stdev": 35.1766853333
    },
    "hfc": {
        "mean": 24.9180641174,
        "stdev": 38.5999526978
    },
    "loudness_ebu128": {
        "integrated": -14.507932663,
        "loudness_range": 9.68569946289,
        "momentary": {
            "mean": -19.9026737213,
            "stdev": 29.8185462952
        },
        "short_term": {
            "mean": -16.6856384277,
            "stdev": 6.95378160477
        }
    },
    "melbands_crest": {
        "mean": 18.5938072205,
        "stdev": 5.93771123886
    },
    "melbands_flatness_db": {
        "mean": 0.257180243731,
        "stdev": 0.0915641859174
    },
    "melbands_kurtosis": {
        "mean": 52.0074958801,
        "stdev": 65.8090896606
    },
    "melbands_skewness": {
        "mean": 4.9876074791,
        "stdev": 3.15679621696
    },
    "melbands_spread": {
        "mean": 17.077495575,
        "stdev": 20.3104248047
    },
    "pitch_salience": {
        "mean": 0.455316781998,
        "stdev": 0.157345727086
    },
    "silence_rate_20dB": {
        "mean": 1,
        "stdev": 0
    },
    "silence_rate_30dB": {
        "mean": 0.938231945038,
        "stdev": 0.240732833743
    },
    "silence_rate_60dB": {
        "mean": 0.188863381743,
        "stdev": 0.391386061907
    },
    "spectral_centroid": {
        "mean": 1159.32910156,
        "stdev": 1266.4519043
    },
    "spectral_complexity": {
        "mean": 8.70975875854,
        "stdev": 6.182741642
    },
    "spectral_decrease": {
        "mean": -6.81813450143e-09,
        "stdev": 8.69994121189e-09
    },
    "spectral_energy": {
        "mean": 0.0279933791608,
        "stdev": 0.0340867489576
    },
    "spectral_energyband_high": {
        "mean": 0.0017400510842,
        "stdev": 0.00330968596973
    },
    "spectral_energyband_low": {
        "mean": 0.0167814809829,
        "stdev": 0.0264131240547
    },
    "spectral_energyband_middle_high": {
        "mean": 0.00179899728391,
        "stdev": 0.00287933135405
    },
    "spectral_energyband_middle_low": {
        "mean": 0.0098719727248,
        "stdev": 0.0208469238132
    },
    "spectral_entropy": {
        "mean": 7.61956691742,
        "stdev": 0.746645450592
    },
    "spectral_flux": {
        "mean": 0.0898491442204,
        "stdev": 0.0887483209372
    },
    "spectral_kurtosis": {
        "mean": 4.15891265869,
        "stdev": 5.5997338295
    },
    "spectral_rms": {
        "mean": 0.0043601966463,
        "stdev": 0.00288085453212
    },
    "spectral_rolloff": {
        "mean": 2126.24902344,
        "stdev": 3774.98364258
    },
    "spectral_skewness": {
        "mean": 1.74638175964,
        "stdev": 0.784780144691
    },
    "spectral_spread": {
        "mean": 8727197,
        "stdev": 4630958
    },
    "spectral_strongpeak": {
        "mean": 0.542169570923,
        "stdev": 0.603729903698
    },
    "zerocrossingrate": {
        "mean": 0.0902086421847,
        "stdev": 0.0798841044307
    },
    "barkbands": {
        "mean": [0.000281074026134, 0.00955058448017, 0.00476837810129, 0.00443900516257, 0.00407867692411, 0.000731028034352, 0.000246590789175, 0.000156288835569, 0.000187188721611, 0.000205114745768, 0.00040489359526, 0.000201514616492, 0.000179149865289, 0.000181051291293, 0.000197318440769, 0.00014120315609, 0.000123834965052, 9.53435155679e-05, 6.08187256148e-05, 7.71718332544e-05, 6.49295834592e-05, 9.34024574235e-05, 0.000123425517813, 0.00024358301016, 0.000478716305224, 0.000621328072157, 6.17438781774e-05],
        "stdev": [0.00188654195517, 0.0157944429666, 0.0149237001315, 0.0106054022908, 0.0141471922398, 0.00148725532927, 0.000611496681813, 0.000387211533962, 0.000368664681446, 0.000701315468177, 0.00172923260834, 0.000628248963039, 0.000400806777179, 0.000460610113805, 0.000624918902759, 0.000465009186883, 0.000401101569878, 0.000221584385145, 0.000102866339148, 0.000128086307086, 0.000117509975098, 0.000174357002834, 0.00024793978082, 0.000549875898287, 0.00100213743281, 0.00123368168715, 0.000132320245029]
    },
    "erbbands": {
        "mean": [0.183029457927, 2.46436071396, 5.74619579315, 10.8739156723, 13.8308200836, 14.6454315186, 9.59446430206, 5.03090906143, 3.44918084145, 3.56039834023, 3.6720187664, 4.80901241302, 3.75962734222, 9.54115104675, 17.7888317108, 8.8888425827, 8.30383777618, 9.42346000671, 10.9975910187, 8.24184799194, 8.79816818237, 6.24012851715, 5.06453609467, 3.90595006943, 3.04221177101, 3.52227759361, 3.42048072815, 2.39200425148, 3.01362895966, 3.8097410202, 3.45650577545, 4.53003072739, 4.40569591522, 4.58467578888, 3.82804560661, 2.86100077629, 1.02537071705, 0.242171272635, 0.00564849749207, 0.000180473783985],
        "stdev": [0.289354920387, 4.2214307785, 15.1378555298, 26.5449352264, 36.9809379578, 58.1132545471, 30.0715484619, 10.0528554916, 8.56272125244, 8.03968811035, 8.78647613525, 9.51418209076, 7.52975702286, 31.0559806824, 76.8037948608, 21.2220592499, 17.3547935486, 22.9338569641, 27.8131484985, 32.5247383118, 30.2481079102, 17.7325611115, 11.3383846283, 6.9808807373, 5.09568452835, 5.65960741043, 5.94595527649, 4.48907756805, 5.59664058685, 7.48684692383, 7.04180145264, 11.3709831238, 9.37138843536, 10.0475053787, 7.84872436523, 5.91571903229, 2.01001119614, 0.473338842392, 0.0111592020839, 0.000302068918245]
    },
    "gfcc": {
        "mean": [-53.047580719, 54.9803390503, -59.612739563, 20.7668380737, -34.6262016296, 27.4902095795, -40.4032516479, 15.8004236221, -35.7142181396, 6.83977460861, -23.2524528503, 4.86033630371, -14.884106636],
        "cov": [[27692.7714844, -1680.80053711, -509.604949951, 971.20690918, -253.587585449, 820.34576416, -644.896972656, 147.86807251, -612.6640625, 435.711975098, -520.610717773, 273.062988281, -557.454101562], [-1680.80053711, 1551.94873047, -90.2586898804, -241.908248901, -40.3900222778, -75.553604126, 11.4306507111, -67.9167022705, -38.0540504456, -159.342727661, 45.3119468689, -130.67628479, 69.489151001], [-509.604949951, -90.2586898804, 879.785705566, 154.388717651, -45.7461624146, 14.6419487, 23.0334873199, -21.9215316772, 68.2452392578, 5.97018432617, -10.6007957458, 6.949655056, -23.4259567261], [971.20690918, -241.908248901, 154.388717651, 453.361907959, 124.601318359, 73.2493896484, 26.4768695831, 34.909122467, 37.7402801514, 40.3686943054, -17.3486919403, 34.6877403259, -0.813839018345], [-253.587585449, -40.3900222778, -45.7461624146, 124.601318359, 411.599609375, 80.6874847412, 106.855415344, 29.6758537292, 57.1376647949, 25.3118953705, 7.39664030075, 23.0176448822, 12.0323610306], [820.34576416, -75.553604126, 14.6419487, 73.2493896484, 80.6874847412, 397.684967041, 180.131286621, -9.17174911499, 39.021156311, 60.6061096191, 31.3654766083, -1.07099950314, -40.6777191162], [-644.896972656, 11.4306507111, 23.0334873199, 26.4768695831, 106.855415344, 180.131286621, 311.946624756, 43.0140647888, 68.9122467041, 52.1634140015, 52.2178115845, 17.0489330292, 9.08520317078], [147.86807251, -67.9167022705, -21.9215316772, 34.909122467, 29.6758537292, -9.17174911499, 43.0140647888, 187.491714478, 86.5638885498, 30.0004196167, 11.3195323944, 23.4358997345, 14.440747261], [-612.6640625, -38.0540504456, 68.2452392578, 37.7402801514, 57.1376647949, 39.021156311, 68.9122467041, 86.5638885498, 212.447067261, 72.5696487427, 39.3571929932, 29.2014694214, 18.7969322205], [435.711975098, -159.342727661, 5.97018432617, 40.3686943054, 25.3118953705, 60.6061096191, 52.1634140015, 30.0004196167, 72.5696487427, 151.956893921, 52.9457588196, 38.8993301392, -1.70328700542], [-520.610717773, 45.3119468689, -10.6007957458, -17.3486919403, 7.39664030075, 31.3654766083, 52.2178115845, 11.3195323944, 39.3571929932, 52.9457588196, 126.905632019, 41.8187255859, 28.2067584991], [273.062988281, -130.67628479, 6.949655056, 34.6877403259, 23.0176448822, -1.07099950314, 17.0489330292, 23.4358997345, 29.2014694214, 38.8993301392, 41.8187255859, 123.498466492, 48.5034103394], [-557.454101562, 69.489151001, -23.4259567261, -0.813839018345, 12.0323610306, -40.6777191162, 9.08520317078, 14.440747261, 18.7969322205, -1.70328700542, 28.2067584991, 48.5034103394, 98.720993042]],
        "icov": [[0.000109327986138, -8.23831724119e-05, 7.7226664871e-05, -0.000188638849068, 9.99705662252e-05, -0.00034733544453, 0.000356246280717, -0.00031762762228, 0.000474958156701, -0.000542131019756, 0.000583993794862, -0.00067107664654, 0.000613546755631], [-8.23831724119e-05, 0.00105238705873, -4.66192868771e-05, 0.000453704735264, -0.000126746861497, 0.0002927739406, -0.00038496273919, 0.000476285262266, -0.000559201871511, 0.00137470616028, -0.00128776452038, 0.00190322706476, -0.00154840142932], [7.7226664871e-05, -4.66192868771e-05, 0.00140252080746, -0.000700592179783, 0.00046797838877, -6.5273445216e-05, -2.32605616475e-05, 0.000326225243043, -0.000419714400778, -3.24695938616e-05, 0.000480281334603, -0.00067019922426, 0.000937827047892], [-0.000188638849068, 0.000453704735264, -0.000700592179783, 0.00328796985559, -0.00105587590951, 5.1180311857e-05, -0.000203670817427, 5.37651358172e-05, -0.000606952584349, 0.000559238193091, -0.000426522630733, 0.000964409089647, -0.00158978940453], [9.99705662252e-05, -0.000126746861497, 0.00046797838877, -0.00105587590951, 0.0031575942412, -0.00037723017158, -0.000602976419032, -7.52941632527e-05, -0.000245693314355, -0.000253793987213, 0.000890942115802, -0.000954564777203, 0.000539119413588], [-0.00034733544453, 0.0002927739406, -6.5273445216e-05, 5.1180311857e-05, -0.00037723017158, 0.00508881220594, -0.00336171267554, 0.00193826248869, -0.00174155435525, 0.00114675669465, -0.00216429401189, 0.00208885455504, -7.0331756433e-05], [0.000356246280717, -0.00038496273919, -2.32605616475e-05, -0.000203670817427, -0.000602976419032, -0.00336171267554, 0.00641107000411, -0.00207388773561, 0.00128188275266, -0.0021356777288, 0.000858437968418, -0.00188977562357, 0.00107936258428], [-0.00031762762228, 0.000476285262266, 0.000326225243043, 5.37651358172e-05, -7.52941632527e-05, 0.00193826248869, -0.00207388773561, 0.00810399651527, -0.00435761688277, 0.00186598591972, -0.00132526911329, 0.00153039384168, -0.00174906279426], [0.000474958156701, -0.000559201871511, -0.000419714400778, -0.000606952584349, -0.000245693314355, -0.00174155435525, 0.00128188275266, -0.00435761688277, 0.0095873400569, -0.00519272824749, 0.00206797686405, -0.00274498574436, 0.00164552161004], [-0.000542131019756, 0.00137470616028, -3.24695938616e-05, 0.000559238193091, -0.000253793987213, 0.00114675669465, -0.0021356777288, 0.00186598591972, -0.00519272824749, 0.0135578652844, -0.00665396079421, 0.0023487592116, -0.00163515016902], [0.000583993794862, -0.00128776452038, 0.000480281334603, -0.000426522630733, 0.000890942115802, -0.00216429401189, 0.000858437968418, -0.00132526911329, 0.00206797686405, -0.00665396079421, 0.0149066084996, -0.00684966659173, 0.00202671461739], [-0.00067107664654, 0.00190322706476, -0.00067019922426, 0.000964409089647, -0.000954564777203, 0.00208885455504, -0.00188977562357, 0.00153039384168, -0.00274498574436, 0.0023487592116, -0.00684966659173, 0.0179380960763, -0.0106460927054], [0.000613546755631, -0.00154840142932, 0.000937827047892, -0.00158978940453, 0.000539119413588, -7.0331756433e-05, 0.00107936258428, -0.00174906279426, 0.00164552161004, -0.00163515016902, 0.00202671461739, -0.0106460927054, 0.0192652996629]]
    },
    "melbands": {
        "mean": [0.00226033944637, 0.00322008039802, 0.00201186235063, 0.00104500690941, 0.000397215742851, 0.000113844951557, 5.16008440172e-05, 3.68350592908e-05, 3.06509246002e-05, 2.85864625766e-05, 1.84479140444e-05, 3.66081294487e-05, 5.9835769207e-05, 3.01569434669e-05, 1.85225599125e-05, 1.71377832885e-05, 1.74150791281e-05, 1.78764021257e-05, 1.17944455269e-05, 9.97025108518e-06, 1.06947518361e-05, 7.22464756109e-06, 4.02013120038e-06, 5.15477586305e-06, 2.86451677312e-06, 2.34348067352e-06, 1.82001622306e-06, 2.54571364167e-06, 2.53652910942e-06, 1.44653643019e-06, 1.34782112582e-06, 1.57532986123e-06, 2.02727028409e-06, 2.08739993468e-06, 1.74080014403e-06, 2.69209976977e-06, 2.69952033705e-06, 3.0823994166e-06, 3.37737310474e-06, 3.896643193e-06],
        "stdev": [0.00356809003279, 0.00668614171445, 0.00459797959775, 0.00339129893109, 0.00139489723369, 0.000221784881433, 0.00013106042752, 8.31170327729e-05, 7.11252359906e-05, 5.67628449062e-05, 3.96238465328e-05, 0.000128084124299, 0.000251535937423, 0.000104796592495, 3.85353378078e-05, 4.0450864617e-05, 4.65018529212e-05, 4.56732086604e-05, 4.19517455157e-05, 3.31494338752e-05, 4.19536299887e-05, 2.54373189819e-05, 8.17579166323e-06, 1.41878836075e-05, 5.33264483238e-06, 4.19419393438e-06, 3.2311816085e-06, 4.25324242315e-06, 4.5324900384e-06, 2.75743104794e-06, 2.57153351413e-06, 2.92387244372e-06, 4.0923614506e-06, 4.17324645241e-06, 3.36177276949e-06, 6.74201555739e-06, 6.80137645759e-06, 6.81387655277e-06, 7.10870790499e-06, 8.56827591633e-06]
    },
    "melbands128": {
        "mean": [0.000165864796145, 0.000904479413293, 0.00342980935238, 0.00432443991303, 0.0032460752409, 0.00223331269808, 0.00222317501903, 0.00217491993681, 0.00123767438345, 0.00107982428744, 0.000935801537707, 0.000495159998536, 0.000322688982124, 0.000213766514207, 0.000127656559926, 5.01511858602e-05, 3.61927486665e-05, 6.51932059554e-05, 4.28980674769e-05, 4.31717198808e-05, 3.02493954223e-05, 2.83917015622e-05, 3.09330353048e-05, 2.99272214761e-05, 3.92909896618e-05, 2.36328705796e-05, 1.44184032251e-05, 1.53216751642e-05, 1.78453610715e-05, 4.97111686855e-05, 2.77727540379e-05, 4.24969330197e-05, 7.35296780476e-05, 7.29141538613e-05, 2.59309763351e-05, 2.47876068897e-05, 2.32120492001e-05, 1.19272845041e-05, 2.3368096663e-05, 1.80345687113e-05, 1.35424697874e-05, 1.85995140782e-05, 1.81446357601e-05, 1.70886305568e-05, 1.39269977808e-05, 2.05301894312e-05, 2.08072342502e-05, 7.6850210462e-06, 1.03485872387e-05, 1.35554446388e-05, 7.75685839471e-06, 9.1499687187e-06, 1.08582398752e-05, 1.14853382911e-05, 1.08618032755e-05, 6.45709133096e-06, 4.19964680987e-06, 4.8034221436e-06, 3.35340564561e-06, 3.87478894481e-06, 6.49699950372e-06, 5.02183047502e-06, 3.32454419549e-06, 2.28295402849e-06, 2.00952081286e-06, 2.48078617915e-06, 2.53537473327e-06, 1.84429688943e-06, 1.58023215135e-06, 1.86388524526e-06, 2.34293247559e-06, 2.85898408947e-06, 3.53385803464e-06, 2.45368255491e-06, 1.43608735925e-06, 1.52666234499e-06, 1.42628141475e-06, 1.25514725369e-06, 1.31019874061e-06, 1.46163336012e-06, 1.40981751429e-06, 1.71655426584e-06, 1.85042438261e-06, 1.92859465642e-06, 2.1672742605e-06, 2.67067389359e-06, 1.68874225892e-06, 1.7617943513e-06, 1.74837566647e-06, 1.66635993537e-06, 2.16523790186e-06, 3.45069793184e-06, 2.8351482797e-06, 2.64819186668e-06, 2.42781084125e-06, 3.31726278091e-06, 3.23595759255e-06, 2.47992761615e-06, 3.27939915223e-06, 3.52816027771e-06, 4.9063660299e-06, 3.5131806726e-06, 3.58714783033e-06, 3.62784044228e-06, 4.34036383012e-06, 4.47527236247e-06, 5.53244808543e-06, 5.12285214427e-06, 5.14407747687e-06, 5.49403512196e-06, 3.81615336664e-06, 3.10494533551e-06, 3.071322908e-06, 3.10809991788e-06, 2.87608258986e-06, 2.65870016847e-06, 2.39584437622e-06, 3.17447529596e-07, 1.44038158137e-11, 4.76602524807e-12, 4.2382833354e-12, 3.9340470985e-12, 3.71473034624e-12, 3.56348652843e-12, 3.45334546549e-12, 3.37913876568e-12, 3.32696110245e-12, 3.28709780749e-12],
        "stdev": [0.000961293000728, 0.00160381523892, 0.00584398489445, 0.00816776789725, 0.00837100576609, 0.00718353595585, 0.00601532170549, 0.00516206305474, 0.00386628857814, 0.00410668551922, 0.00407123658806, 0.0021099166479, 0.00102066353429, 0.000492727092933, 0.000296686193906, 0.000135763577418, 0.000109679946036, 0.000218746616156, 0.000133924229885, 0.000121164535813, 0.000103605707409, 8.83671527845e-05, 9.72567941062e-05, 9.06893328647e-05, 9.75197690423e-05, 6.41076330794e-05, 4.05933933507e-05, 5.25449904671e-05, 4.6235643822e-05, 0.000225346084335, 0.000129022926558, 0.000224694624194, 0.000352007860783, 0.000467722973553, 0.000163452656125, 8.00258494564e-05, 7.77818277129e-05, 3.40931692335e-05, 7.09805462975e-05, 4.94486266689e-05, 6.10303941357e-05, 7.38493181416e-05, 6.20144419372e-05, 6.02127583988e-05, 6.44071187708e-05, 6.49775611237e-05, 8.57010236359e-05, 5.33415295649e-05, 5.94324883423e-05, 8.7837666797e-05, 2.40829849645e-05, 4.157301737e-05, 6.10385177424e-05, 6.49662470096e-05, 5.78125145694e-05, 3.45851040038e-05, 9.4665274446e-06, 1.19915212053e-05, 1.16350538519e-05, 1.22501696751e-05, 2.5402965548e-05, 1.720412547e-05, 8.26642281027e-06, 4.9890209084e-06, 4.98665713167e-06, 5.13870418217e-06, 4.78175843455e-06, 4.29456667916e-06, 3.35848130817e-06, 3.6857250052e-06, 4.15829572376e-06, 5.65094569538e-06, 7.18209321349e-06, 4.64349295726e-06, 3.11784287987e-06, 3.12715815198e-06, 3.02047601508e-06, 2.85630767394e-06, 2.7282510473e-06, 2.88450064545e-06, 2.62789080807e-06, 3.69355279872e-06, 3.91744606532e-06, 5.29035105501e-06, 4.9008303904e-06, 5.8246541812e-06, 3.55105498784e-06, 3.70527527593e-06, 3.60369904229e-06, 3.56624354936e-06, 5.11113694301e-06, 9.70416749624e-06, 7.6054316196e-06, 7.0776532084e-06, 6.05533932685e-06, 7.66384255257e-06, 7.44123008189e-06, 4.97512564834e-06, 6.33879881207e-06, 7.82584447734e-06, 1.30266680571e-05, 8.47203955345e-06, 6.5459448706e-06, 7.07492790752e-06, 8.94721870282e-06, 1.03064694486e-05, 1.2536513168e-05, 1.1414466826e-05, 1.10558075903e-05, 1.17549607239e-05, 7.32845046514e-06, 6.50598440188e-06, 6.64320668875e-06, 5.94515995544e-06, 5.6277249314e-06, 5.29697217644e-06, 5.15794090461e-06, 7.09232836016e-07, 5.07292159668e-11, 9.50292015217e-12, 8.45869815164e-12, 7.87186375112e-12, 7.48067666839e-12, 7.20708995955e-12, 7.00331155915e-12, 6.85949517673e-12, 6.76047889545e-12, 6.69643203735e-12]
    },
    "mfcc": {
        "mean": [-713.697937012, 107.243423462, 31.0675621033, 14.5756950378, 27.1198730469, 10.7926721573, 14.3878927231, 5.22091341019, 2.98825621605, 0.48545140028, -2.28100752831, -3.96010780334, -0.447437018156],
        "cov": [[12351.7275391, -1138.02563477, 114.917381287, 296.779907227, 416.502502441, 675.009460449, 196.426528931, 56.3038902283, 60.5423698425, -21.0820808411, 102.457557678, 132.545196533, 106.566688538], [-1138.02563477, 1553.28393555, 32.2051315308, -115.078567505, -10.5182571411, -110.833335876, 38.2396774292, -23.4976482391, -53.4710769653, -25.4673137665, -47.7172279358, -91.5803833008, -78.0408325195], [114.917381287, 32.2051315308, 801.607849121, 53.4860343933, -24.663520813, 52.9376373291, -29.8914165497, 0.284660071135, 6.37136554718, -6.04245233536, 0.470111846924, 73.0291442871, -27.0180625916], [296.779907227, -115.078567505, 53.4860343933, 396.558044434, 136.584915161, -14.9829034805, -3.46841478348, 16.5507450104, 56.0021362305, -20.7602539062, -25.9843616486, 27.1208553314, 16.3084201813], [416.502502441, -10.5182571411, -24.663520813, 136.584915161, 283.551330566, 37.8301544189, -1.52947556973, 28.8992595673, 36.0148773193, 5.58066940308, -2.72744846344, 10.406709671, 11.9327745438], [675.009460449, -110.833335876, 52.9376373291, -14.9829034805, 37.8301544189, 398.698364258, 151.556167603, 55.969543457, 47.6108894348, 32.2903137207, 71.2701263428, 42.6971473694, 21.950258255], [196.426528931, 38.2396774292, -29.8914165497, -3.46841478348, -1.52947556973, 151.556167603, 216.883911133, 67.6977539062, 9.9121837616, 35.6950073242, 29.3943767548, -2.69742774963, 14.9991350174], [56.3038902283, -23.4976482391, 0.284660071135, 16.5507450104, 28.8992595673, 55.969543457, 67.6977539062, 144.14666748, 75.7940444946, 26.3277988434, 22.7836837769, 30.8217353821, 32.0363922119], [60.5423698425, -53.4710769653, 6.37136554718, 56.0021362305, 36.0148773193, 47.6108894348, 9.9121837616, 75.7940444946, 160.298080444, 44.3433837891, 33.9356384277, 51.1660270691, 29.9496498108], [-21.0820808411, -25.4673137665, -6.04245233536, -20.7602539062, 5.58066940308, 32.2903137207, 35.6950073242, 26.3277988434, 44.3433837891, 131.082687378, 70.5341262817, 13.3033695221, 25.2863330841], [102.457557678, -47.7172279358, 0.470111846924, -25.9843616486, -2.72744846344, 71.2701263428, 29.3943767548, 22.7836837769, 33.9356384277, 70.5341262817, 120.378326416, 50.8950576782, 29.2664413452], [132.545196533, -91.5803833008, 73.0291442871, 27.1208553314, 10.406709671, 42.6971473694, -2.69742774963, 30.8217353821, 51.1660270691, 13.3033695221, 50.8950576782, 138.623977661, 55.7663497925], [106.566688538, -78.0408325195, -27.0180625916, 16.3084201813, 11.9327745438, 21.950258255, 14.9991350174, 32.0363922119, 29.9496498108, 25.2863330841, 29.2664413452, 55.7663497925, 101.979270935]],
        "icov": [[9.98832183541e-05, 6.2468352553e-05, -1.39589838e-05, -1.92928273464e-05, -0.000127555220388, -0.000135284295538, -3.21364204865e-05, 5.13808954565e-05, 2.80590065813e-05, 8.01951246103e-05, -3.68578148482e-05, 1.09044394776e-05, -4.80654525745e-05], [6.2468352553e-05, 0.000775412423536, -0.000118048730656, 0.000285687536234, -0.000280585547443, 0.00029248019564, -0.000501223606989, 0.000153787404997, -0.00011914136121, 0.000234502105741, -5.95889978285e-05, 0.000271861295914, 0.000291719014058], [-1.39589838e-05, -0.000118048730656, 0.00148539280053, -0.000357278127922, 0.000376606883947, -0.000448331178632, 0.000546053284779, -0.000303906679619, 0.000447961705504, -0.000527377647813, 0.000577595783398, -0.00131672038697, 0.000995991169475], [-1.92928273464e-05, 0.000285687536234, -0.000357278127922, 0.00356377591379, -0.00169160810765, 0.000747091311496, -0.000944012426771, 0.000808506156318, -0.00153239024803, 0.000870149349794, 0.000585033965763, -0.000204876254429, -0.00032537750667], [-0.000127555220388, -0.000280585547443, 0.000376606883947, -0.00169160810765, 0.00475733214989, -0.000765641452745, 0.0011355105089, -0.00105413212441, 0.000222906062845, -0.000795002444647, 0.000508296187036, -9.2026693892e-06, 5.19648674526e-05], [-0.000135284295538, 0.00029248019564, -0.000448331178632, 0.000747091311496, -0.000765641452745, 0.00454408954829, -0.00327529013157, 0.000706162303686, -0.00133795640431, 0.00131987652276, -0.00204593245871, -0.000118915086205, 0.000216184169403], [-3.21364204865e-05, -0.000501223606989, 0.000546053284779, -0.000944012426771, 0.0011355105089, -0.00327529013157, 0.0085474094376, -0.00407504150644, 0.00255830190144, -0.00217935978435, 0.000571335491259, 0.000744795601349, -0.000241428933805], [5.13808954565e-05, 0.000153787404997, -0.000303906679619, 0.000808506156318, -0.00105413212441, 0.000706162303686, -0.00407504150644, 0.0118200108409, -0.00542678358033, 0.000984516344033, -3.41338090948e-05, -0.00012089919619, -0.00186276889872], [2.80590065813e-05, -0.00011914136121, 0.000447961705504, -0.00153239024803, 0.000222906062845, -0.00133795640431, 0.00255830190144, -0.00542678358033, 0.0109918778762, -0.00348518393002, 0.000686088926159, -0.00265633151866, 0.000725401274394], [8.01951246103e-05, 0.000234502105741, -0.000527377647813, 0.000870149349794, -0.000795002444647, 0.00131987652276, -0.00217935978435, 0.000984516344033, -0.00348518393002, 0.0135205723345, -0.00808603782207, 0.00344184855931, -0.00225356779993], [-3.68578148482e-05, -5.95889978285e-05, 0.000577595783398, 0.000585033965763, 0.000508296187036, -0.00204593245871, 0.000571335491259, -3.41338090948e-05, 0.000686088926159, -0.00808603782207, 0.016262140125, -0.00545224174857, 0.000477980793221], [1.09044394776e-05, 0.000271861295914, -0.00131672038697, -0.000204876254429, -9.2026693892e-06, -0.000118915086205, 0.000744795601349, -0.00012089919619, -0.00265633151866, 0.00344184855931, -0.00545224174857, 0.0132220890373, -0.00590329151601], [-4.80654525745e-05, 0.000291719014058, 0.000995991169475, -0.00032537750667, 5.19648674526e-05, 0.000216184169403, -0.000241428933805, -0.00186276889872, 0.000725401274394, -0.00225356779993, 0.000477980793221, -0.00590329151601, 0.0144001003355]]
    },
    "spectral_contrast_coeffs": {
        "mean": [-0.684844195843, -0.764197766781, -0.769778132439, -0.802641570568, -0.813817739487, -0.839143872261],
        "stdev": [0.097862996161, 0.0745663270354, 0.0744826048613, 0.0621031932533, 0.0524186231196, 0.0334767326713]
    },
    "spectral_contrast_valleys": {
        "mean": [-7.32876348495, -8.09951019287, -8.53869342804, -8.65218925476, -8.69405651093, -10.2639007568],
        "stdev": [2.43882536888, 2.34117460251, 2.34003400803, 2.37437391281, 2.40795636177, 2.34487366676]
    }
},
"rhythm": {
    "beats_count": 464,
    "beats_loudness": {
        "mean": 0.0324693247676,
        "stdev": 0.0334986448288
    },
    "bpm": 137.732177734,
    "bpm_histogram_first_peak_bpm": 136,
    "bpm_histogram_first_peak_weight": 0.494172513485,
    "bpm_histogram_second_peak_bpm": 144,
    "bpm_histogram_second_peak_spread": 0.124999940395,
    "bpm_histogram_second_peak_weight": 0.0302375815809,
    "danceability": 1.25755631924,
    "onset_rate": 5.45407295227,
    "beats_loudness_band_ratio": {
        "mean": [0.586806058884, 0.151769608259, 0.0578348524868, 0.0696936920285, 0.0418499708176, 0.114418953657],
        "stdev": [0.268395513296, 0.157895922661, 0.0937105938792, 0.107938431203, 0.0640883371234, 0.118674382567]
    },
    "beats_position": [0.441179126501, 0.882358253002, 1.3235373497, 1.75310659409, 2.19428563118, 2.62385487556, 3.06503391266, 3.49460315704, 3.92417216301, 4.3653512001, 4.80653047562, 5.23609972, 5.66566896439, 6.10684776306, 6.54802703857, 6.97759628296, 7.40716552734, 7.84834432602, 8.27791404724, 8.70748329163, 9.14866161346, 9.58984088898, 10.0194101334, 10.4489793777, 10.8901586533, 11.3313379288, 11.7725172043, 12.2253055573, 12.689704895, 13.1541042328, 13.6185035706, 14.0945119858, 14.5589113235, 15.0000905991, 15.4412698746, 15.8824491501, 16.3236274719, 16.7648067474, 17.1943759918, 17.6239452362, 18.0651245117, 18.4946937561, 18.9242630005, 19.365442276, 19.8066215515, 20.2361907959, 20.6657600403, 21.1069393158, 21.548116684, 21.9776859283, 22.4072551727, 22.8484344482, 23.2780036926, 23.707572937, 24.1487522125, 24.589931488, 25.0195007324, 25.4606800079, 25.9018592834, 26.3546485901, 26.8190479279, 27.2834453583, 27.7594547272, 28.2238540649, 28.6998634338, 29.1410427094, 29.5822219849, 30.0117912292, 30.4413604736, 30.8825397491, 31.3237190247, 31.753288269, 32.1828575134, 32.6240348816, 33.0652160645, 33.4947853088, 33.9243545532, 34.3655319214, 34.8067131042, 35.2246704102, 35.6658477783, 36.1070289612, 36.5365982056, 36.96616745, 37.4073448181, 37.8369140625, 38.2664833069, 38.7076644897, 39.1488418579, 39.5784111023, 40.0079803467, 40.4491615295, 40.8903388977, 41.3199081421, 41.7494773865, 42.1906585693, 42.6318359375, 43.0614051819, 43.4909744263, 43.9321517944, 44.3617210388, 44.7912902832, 45.2324714661, 45.6736488342, 46.0916099548, 46.532787323, 46.9739685059, 47.4035377502, 47.8331069946, 48.2742843628, 48.7154655457, 49.14503479, 49.5746040344, 50.0157814026, 50.4569587708, 50.8865280151, 51.3160972595, 51.7572784424, 52.1868476868, 52.6164169312, 53.0575942993, 53.4987754822, 53.9283447266, 54.3579139709, 54.7990913391, 55.240272522, 55.6698417664, 56.0994110107, 56.5289802551, 56.9701576233, 57.3997268677, 57.8409042358, 58.2820854187, 58.7116546631, 59.1412239075, 59.5824012756, 60.01197052, 60.4415397644, 60.8827209473, 61.3238983154, 61.7534675598, 62.1830368042, 62.6242179871, 63.0653953552, 63.5065765381, 63.9477539062, 64.3889312744, 64.8185043335, 65.2480697632, 65.6660308838, 66.0955963135, 66.5251693726, 66.9663467407, 67.4075241089, 67.8487091064, 68.2898864746, 68.7310638428, 69.1722412109, 69.60181427, 70.0197753906, 70.4493408203, 70.8905181885, 71.3316955566, 71.7612686157, 72.1908340454, 72.632019043, 73.0615844727, 73.4911575317, 73.9323348999, 74.3619003296, 74.7914733887, 75.2326507568, 75.673828125, 76.1034011841, 76.5329666138, 76.9741516113, 77.4153289795, 77.8565063477, 78.2976837158, 78.7272567749, 79.1568222046, 79.5863952637, 80.0159606934, 80.4571380615, 80.8867111206, 81.3162765503, 81.7574615479, 82.198638916, 82.6282043457, 83.0577774048, 83.4873428345, 83.9169158936, 84.3464813232, 84.7760543823, 85.2172317505, 85.6584091187, 86.0995864868, 86.5291595459, 86.9587249756, 87.3999099731, 87.8410873413, 88.270652771, 88.7002258301, 89.1414031982, 89.5825805664, 90.0121536255, 90.4417190552, 90.8829040527, 91.3124694824, 91.7420425415, 92.1832199097, 92.6127853394, 93.0423583984, 93.4835357666, 93.9247131348, 94.3542861938, 94.7838516235, 95.2250289917, 95.6546020508, 96.0841674805, 96.525352478, 96.9665298462, 97.3960952759, 97.825668335, 98.2668457031, 98.7080230713, 99.1492080688, 99.5671615601, 100.008346558, 100.449523926, 100.879089355, 101.308662415, 101.749839783, 102.179405212, 102.608978271, 103.05015564, 103.491333008, 103.920906067, 104.350471497, 104.791656494, 105.232833862, 105.662399292, 106.091972351, 106.533149719, 106.962722778, 107.392288208, 107.833465576, 108.274642944, 108.704216003, 109.133781433, 109.574966431, 110.016143799, 110.445709229, 110.875282288, 111.316459656, 111.757637024, 112.175598145, 112.616775513, 113.05796051, 113.48752594, 113.917098999, 114.358276367, 114.799453735, 115.217414856, 115.658592224, 116.099769592, 116.529342651, 116.958908081, 117.400085449, 117.841270447, 118.270835876, 118.700408936, 119.141586304, 119.582763672, 120.000724792, 120.441902161, 120.883079529, 121.312652588, 121.742218018, 122.183395386, 122.612968445, 123.042533875, 123.483718872, 123.92489624, 124.35446167, 124.784034729, 125.225212097, 125.654785156, 126.084350586, 126.525527954, 126.966712952, 127.396278381, 127.82585144, 128.267028809, 128.708206177, 129.137771606, 129.567337036, 130.008529663, 130.449707031, 130.867660522, 131.308837891, 131.750015259, 132.179595947, 132.609161377, 133.050338745, 133.491516113, 133.921081543, 134.350662231, 134.7918396, 135.221405029, 135.650970459, 136.092147827, 136.533325195, 136.962905884, 137.392471313, 137.833648682, 138.27482605, 138.692779541, 139.133972168, 139.575149536, 140.004714966, 140.434280396, 140.875457764, 141.316635132, 141.74621582, 142.17578125, 142.616958618, 143.058135986, 143.487701416, 143.917282104, 144.346847534, 144.788024902, 145.217590332, 145.647155762, 146.088348389, 146.517913818, 146.959091187, 147.400268555, 147.841445923, 148.271011353, 148.700592041, 149.130157471, 149.5597229, 150.000900269, 150.442077637, 150.883255005, 151.312835693, 151.742401123, 152.183578491, 152.624755859, 153.054321289, 153.483901978, 153.913467407, 154.343032837, 154.784210205, 155.225387573, 155.654968262, 156.084533691, 156.514099121, 156.943664551, 157.384857178, 157.826034546, 158.267211914, 158.696777344, 159.126342773, 159.555908203, 159.985488892, 160.42666626, 160.867843628, 161.309020996, 161.738586426, 162.168167114, 162.609344482, 163.050521851, 163.48008728, 163.90965271, 164.350830078, 164.780410767, 165.209976196, 165.651153564, 166.080718994, 166.510284424, 166.951477051, 167.392654419, 167.833831787, 168.263397217, 168.692962646, 169.134140015, 169.563720703, 169.993286133, 170.434463501, 170.875640869, 171.305206299, 171.734786987, 172.175964355, 172.617141724, 173.035095215, 173.476272583, 173.917449951, 174.358642578, 174.776596069, 175.217773438, 175.658950806, 176.088516235, 176.518096924, 176.959274292, 177.388839722, 177.818405151, 178.25958252, 178.700775146, 179.130340576, 179.559906006, 180.001083374, 180.442260742, 180.860229492, 181.30140686, 181.742584229, 182.172149658, 182.601715088, 183.042892456, 183.484085083, 183.913650513, 184.343215942, 184.784393311, 185.225570679, 185.655151367, 186.084716797, 186.525894165, 186.955459595, 187.385025024, 187.826202393, 188.26739502, 188.696960449, 189.126525879, 189.567703247, 189.997268677, 190.426849365, 190.868026733, 191.309204102, 191.738769531, 192.168334961, 192.609527588, 193.050704956, 193.468658447, 193.909835815, 194.339401245, 194.768981934, 195.210159302, 195.65133667, 196.092514038, 196.487258911, 196.893600464, 197.299957275, 197.741134644, 198.19392395, 198.646713257, 199.099502563, 199.447799683, 199.784484863, 200.156005859, 200.539138794, 200.91065979, 201.293777466, 201.6769104],
    "bpm_histogram": [0, 0, 0, 0, 0, 0, 0, 0, 0, 0, 0, 0, 0, 0, 0, 0, 0, 0, 0, 0, 0, 0, 0, 0, 0, 0, 0, 0, 0, 0, 0, 0, 0, 0, 0, 0, 0, 0, 0, 0, 0, 0, 0, 0, 0, 0, 0, 0, 0, 0, 0, 0, 0, 0, 0, 0, 0, 0, 0, 0, 0, 0, 0, 0, 0, 0, 0, 0, 0, 0, 0, 0, 0, 0, 0, 0, 0, 0, 0, 0, 0, 0, 0, 0, 0, 0, 0, 0, 0, 0, 0, 0, 0, 0, 0, 0, 0, 0, 0, 0, 0, 0, 0, 0, 0, 0, 0, 0, 0, 0, 0, 0, 0, 0, 0, 0, 0, 0, 0, 0, 0, 0, 0, 0, 0, 0, 0.00647948170081, 0, 0, 0.0151187907904, 0, 0, 0, 0.0107991360128, 0, 0, 0.46868249774, 0, 0, 0, 0.447084248066, 0, 0, 0, 0.0302375815809, 0, 0, 0, 0.00431965431198, 0, 0, 0, 0.00215982715599, 0, 0, 0, 0, 0.00647948170081, 0, 0, 0, 0.00431965431198, 0, 0, 0, 0, 0, 0, 0, 0, 0, 0, 0.00215982715599, 0, 0, 0, 0, 0, 0.00215982715599, 0, 0, 0, 0, 0, 0, 0, 0, 0, 0, 0, 0, 0, 0, 0, 0, 0, 0, 0, 0, 0, 0, 0, 0, 0, 0, 0, 0, 0, 0, 0, 0, 0, 0, 0, 0, 0, 0, 0, 0, 0, 0, 0, 0, 0, 0, 0, 0, 0, 0, 0, 0, 0, 0, 0, 0, 0, 0, 0, 0, 0, 0, 0, 0, 0, 0, 0, 0, 0, 0, 0]
},
"tonal": {
    "chords_changes_rate": 0.0601469241083,
    "chords_number_rate": 0.00275482097641,
    "chords_strength": {
        "mean": 0.558886349201,
        "stdev": 0.164567515254
    },
    "hpcp_crest": {
        "mean": 14.0449438095,
        "stdev": 7.09186315536
    },
    "hpcp_entropy": {
        "mean": 1.90994644165,
        "stdev": 0.788703501225
    },
    "key_edma": {
        "strength": 0.701429486275,
        "key": "A",
        "scale": "minor"
    },
    "key_krumhansl": {
        "strength": 0.710271000862,
        "key": "A",
        "scale": "minor"
    },
    "key_temperley": {
        "strength": 0.740887343884,
        "key": "A",
        "scale": "minor"
    },
    "tuning_diatonic_strength": 0.668559372425,
    "tuning_equal_tempered_deviation": 0.313019037247,
    "tuning_frequency": 447.949737549,
    "tuning_nontempered_energy_ratio": 0.943700194359,
    "hpcp": {
        "mean": [0.141236260533, 0.0654092729092, 0.0468093566597, 0.0460402555764, 0.0728840604424, 0.14050629735, 0.168111339211, 0.142422839999, 0.121116869152, 0.0850544646382, 0.0553158670664, 0.0512901544571, 0.0547213926911, 0.092580229044, 0.165266647935, 0.150174766779, 0.0764542222023, 0.0507854931056, 0.0575564466417, 0.115568779409, 0.179168447852, 0.1543661654, 0.159601330757, 0.190955042839, 0.118681825697, 0.0524836070836, 0.0398656912148, 0.034382391721, 0.036899626255, 0.0411419831216, 0.035580907017, 0.0332585573196, 0.0368102863431, 0.0509155988693, 0.112127758563, 0.180871665478],
        "stdev": [0.273660153151, 0.178552314639, 0.155639708042, 0.147966265678, 0.182055324316, 0.267974466085, 0.310902684927, 0.265861749649, 0.252331644297, 0.205042213202, 0.166819646955, 0.165464043617, 0.16636890173, 0.205308705568, 0.317228317261, 0.293844163418, 0.194548711181, 0.159101754427, 0.166309595108, 0.233037948608, 0.315769404173, 0.273762226105, 0.265567809343, 0.333940118551, 0.255254358053, 0.153721660376, 0.129538431764, 0.116451755166, 0.119329608977, 0.133476406336, 0.116354979575, 0.116773411632, 0.126762762666, 0.1459017694, 0.216621950269, 0.316716492176]
    },
    "chords_histogram": [0.413223147392, 0, 3.8108355999, 1.46923780441, 1.17079889774, 0, 0, 0.941230475903, 15.8861341476, 24.1735534668, 23.8751144409, 0.022956840694, 9.15977954865, 3.42056941986, 2.8236913681, 5.76216697693, 0.413223147392, 3.19100093842, 0, 3.14508724213, 0, 0, 0.022956840694, 0.298438936472],
    "thpcp": [1, 0.621517121792, 0.274847984314, 0.208770036697, 0.18005490303, 0.193237245083, 0.215453758836, 0.18633133173, 0.174169570208, 0.192769393325, 0.266636580229, 0.587194561958, 0.947194993496, 0.739630937576, 0.342537552118, 0.245132863522, 0.241105213761, 0.381681770086, 0.735808253288, 0.880371272564, 0.745844900608, 0.6342689991, 0.44541618228, 0.289680063725, 0.268598049879, 0.286566883326, 0.484827369452, 0.865474104881, 0.786440432072, 0.400378137827, 0.265955239534, 0.301413595676, 0.605214595795, 0.938275575638, 0.808390080929, 0.835805773735],
    "chords_key": "E",
    "chords_scale": "major"
}
}