{
"metadata": {
    "version": {
        "essentia": "2.1-dev",
        "essentia_git_sha": "v2.1_beta3-415-gd5473f3",
        "extractor": "music 2.0"
    },
    "audio_properties": {
        "analysis": {
            "equal_loudness": 0,
            "length": 234.840820312,
            "sample_rate": 44100,
            "start_time": 0,
            "downmix": "mix"
        },
        "bit_rate": 192000,
        "length": 234.840820312,
        "lossless": 0,
        "number_channels": 2,
        "replay_gain": -10.8300151825,
        "sample_rate": 44100,
        "codec": "mp3",
        "md5_encoded": "28e5356a82596fe021ac7a181559d35b"
    },
    "tags": {
        "file_name": "let_the_dream_come_true_2002.mp3"
    }
},
"lowlevel": {
    "average_loudness": 0.922061562538,
    "barkbands_crest": {
        "mean": 10.2178869247,
        "stdev": 4.93875360489
    },
    "barkbands_flatness_db": {
        "mean": 0.138073667884,
        "stdev": 0.0562769919634
    },
    "barkbands_kurtosis": {
        "mean": 4.13468647003,
        "stdev": 13.2180213928
    },
    "barkbands_skewness": {
        "mean": 1.35405337811,
        "stdev": 1.50236415863
    },
    "barkbands_spread": {
        "mean": 27.7809314728,
        "stdev": 16.6880111694
    },
    "dissonance": {
        "mean": 0.466927826405,
        "stdev": 0.0274849720299
    },
    "dynamic_complexity": 3.14144778252,
    "erbbands_crest": {
        "mean": 8.63387107849,
        "stdev": 4.13864946365
    },
    "erbbands_flatness_db": {
        "mean": 0.147402435541,
        "stdev": 0.0613619685173
    },
    "erbbands_kurtosis": {
        "mean": 0.562983751297,
        "stdev": 2.37872695923
    },
    "erbbands_skewness": {
        "mean": 0.152282997966,
        "stdev": 0.791476845741
    },
    "erbbands_spread": {
        "mean": 41.6408348083,
        "stdev": 21.4491710663
    },
    "hfc": {
        "mean": 26.2469844818,
        "stdev": 23.9948234558
    },
    "loudness_ebu128": {
        "integrated": -11.9807529449,
        "loudness_range": 6.09145355225,
        "momentary": {
            "mean": -12.8229064941,
            "stdev": 3.42719697952
        },
        "short_term": {
            "mean": -12.4821462631,
            "stdev": 2.26683998108
        }
    },
    "melbands_crest": {
        "mean": 14.3757200241,
        "stdev": 6.38526725769
    },
    "melbands_flatness_db": {
        "mean": 0.172940999269,
        "stdev": 0.0722378492355
    },
    "melbands_kurtosis": {
        "mean": 14.3611221313,
        "stdev": 27.5841274261
    },
    "melbands_skewness": {
        "mean": 2.57133984566,
        "stdev": 2.01924014091
    },
    "melbands_spread": {
        "mean": 30.308757782,
        "stdev": 23.8406066895
    },
    "pitch_salience": {
        "mean": 0.549217641354,
        "stdev": 0.157510191202
    },
    "silence_rate_20dB": {
        "mean": 1,
        "stdev": 0
    },
    "silence_rate_30dB": {
        "mean": 0.981512606144,
        "stdev": 0.134699389338
    },
    "silence_rate_60dB": {
        "mean": 0.0883835852146,
        "stdev": 0.28385424614
    },
    "spectral_centroid": {
        "mean": 1577.94812012,
        "stdev": 700.068969727
    },
    "spectral_complexity": {
        "mean": 19.2462673187,
        "stdev": 10.9628286362
    },
    "spectral_decrease": {
        "mean": -7.39160688212e-09,
        "stdev": 7.65887619991e-09
    },
    "spectral_energy": {
        "mean": 0.0302783697844,
        "stdev": 0.0297827236354
    },
    "spectral_energyband_high": {
        "mean": 0.00143000984099,
        "stdev": 0.00210164743476
    },
    "spectral_energyband_low": {
        "mean": 0.0142772886902,
        "stdev": 0.0250092130154
    },
    "spectral_energyband_middle_high": {
        "mean": 0.00580184999853,
        "stdev": 0.00550981145352
    },
    "spectral_energyband_middle_low": {
        "mean": 0.00988527294248,
        "stdev": 0.0131172509864
    },
    "spectral_entropy": {
        "mean": 7.78645801544,
        "stdev": 0.448747873306
    },
    "spectral_flux": {
        "mean": 0.108810700476,
        "stdev": 0.0675018131733
    },
    "spectral_kurtosis": {
        "mean": 3.67893981934,
        "stdev": 4.03542804718
    },
    "spectral_rms": {
        "mean": 0.00478401780128,
        "stdev": 0.00257933232933
    },
    "spectral_rolloff": {
        "mean": 2067.96679688,
        "stdev": 2116.55834961
    },
    "spectral_skewness": {
        "mean": 1.44466459751,
        "stdev": 0.438411861658
    },
    "spectral_spread": {
        "mean": 5353127,
        "stdev": 2064327.25
    },
    "spectral_strongpeak": {
        "mean": 0.854131877422,
        "stdev": 1.12428665161
    },
    "zerocrossingrate": {
        "mean": 0.0793931782246,
        "stdev": 0.0492832958698
    },
    "barkbands": {
        "mean": [0.000157267117174, 0.00877292081714, 0.00432908255607, 0.00182640424464, 0.00286703906022, 0.0015113458503, 0.00109832978342, 0.00105842447374, 0.0013222420821, 0.000735210487619, 0.000633058603853, 0.000715577451047, 0.000650406000204, 0.000639403006062, 0.000684031285346, 0.000527057622094, 0.000425471953349, 0.000376489420887, 0.000356186763383, 0.000280907406705, 0.000182621515705, 0.000214127911022, 0.000280534673948, 0.000255202554399, 0.00020725018112, 0.000171699226485, 1.25637467097e-09],
        "stdev": [0.000272491830401, 0.0180423446, 0.0121170375496, 0.00582925975323, 0.00612041121349, 0.00269979261793, 0.00203532353044, 0.00187504466157, 0.00233490136452, 0.00143310625572, 0.00135115580633, 0.00153738574591, 0.00124058034271, 0.00112856074702, 0.0013140788069, 0.000991235254332, 0.000824426824693, 0.000583826098591, 0.000575861718971, 0.000441776937805, 0.000295957055641, 0.000387156935176, 0.000566497270484, 0.000450989144156, 0.000346872198861, 0.000350415910361, 2.4260538023e-09]
    },
    "erbbands": {
        "mean": [0.210498064756, 2.10948300362, 5.08787822723, 5.90423202515, 7.41117286682, 10.0301809311, 11.7274026871, 12.1299848557, 12.6002368927, 20.8384647369, 25.6783752441, 27.4346389771, 27.2004718781, 26.0812625885, 27.886007309, 29.5233745575, 29.425994873, 34.0395851135, 33.266368866, 35.7954406738, 27.7112941742, 23.1097373962, 20.3661556244, 17.6879291534, 18.6972618103, 14.1147508621, 7.97475290298, 7.17188978195, 7.33148193359, 8.29819393158, 8.12445354462, 5.9201798439, 3.77520632744, 2.39659023285, 1.46371793747, 0.800193369389, 0.328386634588, 0.026998706162, 0.000515138381161, 6.20126666036e-05],
        "stdev": [0.374409973621, 4.68485546112, 13.267701149, 16.2591495514, 20.4847068787, 20.7261142731, 20.8597240448, 24.0574169159, 25.6444473267, 37.7484397888, 46.0160751343, 48.8338317871, 47.8997306824, 48.9210624695, 50.8384132385, 61.5628967285, 56.601688385, 60.6725463867, 60.3757095337, 67.353302002, 53.2882843018, 43.5902938843, 29.3692550659, 28.7566795349, 29.5110607147, 23.0452957153, 12.2922105789, 12.1783275604, 12.6843271255, 17.2442169189, 16.5099983215, 11.702796936, 6.32407045364, 4.06439399719, 2.49846339226, 1.53625714779, 0.697798967361, 0.0615402273834, 0.00109829765279, 6.74556140439e-05]
    },
    "gfcc": {
        "mean": [2.66635632515, 73.2504425049, -121.759849548, 32.4769058228, -62.2418174744, 22.3067436218, -42.8346977234, 13.8130435944, -23.572265625, 3.9762609005, -13.7539672852, -0.100364245474, -10.3076381683],
        "cov": [[9200.32714844, -1238.64440918, 1670.70361328, 189.981323242, 205.312316895, 398.573608398, -64.7636413574, 479.066497803, -257.710144043, 572.376586914, -489.744659424, 451.836669922, -395.700927734], [-1238.64440918, 1357.23852539, -361.100097656, 72.322052002, 226.909164429, -6.6493473053, 215.502914429, -109.974861145, 154.999908447, -169.487350464, 247.362594604, -213.642700195, 134.86026001], [1670.70361328, -361.100097656, 1670.42236328, 293.401062012, 188.122116089, 264.084655762, 18.7299003601, 192.886413574, -64.4307022095, 339.42086792, -251.065063477, 321.902557373, -173.456893921], [189.981323242, 72.322052002, 293.401062012, 488.693939209, 132.117294312, 94.6551971436, 40.9105491638, 27.7115020752, 89.4016189575, 25.4865570068, 1.45257139206, 7.63490486145, 30.8574066162], [205.312316895, 226.909164429, 188.122116089, 132.117294312, 376.747161865, 118.594558716, 98.6922836304, 56.8041191101, 47.8506355286, 69.0642089844, 16.7910823822, 22.8906459808, -9.99237728119], [398.573608398, -6.6493473053, 264.084655762, 94.6551971436, 118.594558716, 277.704528809, 142.991775513, 61.2755851746, 10.3048915863, 75.6917877197, -15.909526825, 33.250793457, -25.017124176], [-64.7636413574, 215.502914429, 18.7299003601, 40.9105491638, 98.6922836304, 142.991775513, 287.472869873, 74.9332427979, 36.2395706177, 4.22746992111, 55.320854187, -25.0256881714, -0.616292595863], [479.066497803, -109.974861145, 192.886413574, 27.7115020752, 56.8041191101, 61.2755851746, 74.9332427979, 181.07333374, 28.5968894958, 76.7536392212, -41.9168434143, 57.7640228271, -24.9716835022], [-257.710144043, 154.999908447, -64.4307022095, 89.4016189575, 47.8506355286, 10.3048915863, 36.2395706177, 28.5968894958, 177.982223511, 16.3962287903, 35.7728614807, -26.855342865, 49.4024047852], [572.376586914, -169.487350464, 339.42086792, 25.4865570068, 69.0642089844, 75.6917877197, 4.22746992111, 76.7536392212, 16.3962287903, 205.499343872, -45.4458656311, 111.202156067, -45.1142463684], [-489.744659424, 247.362594604, -251.065063477, 1.45257139206, 16.7910823822, -15.909526825, 55.320854187, -41.9168434143, 35.7728614807, -45.4458656311, 198.326522827, -47.6981658936, 62.6744689941], [451.836669922, -213.642700195, 321.902557373, 7.63490486145, 22.8906459808, 33.250793457, -25.0256881714, 57.7640228271, -26.855342865, 111.202156067, -47.6981658936, 175.715042114, -16.6107368469], [-395.700927734, 134.86026001, -173.456893921, 30.8574066162, -9.99237728119, -25.017124176, -0.616292595863, -24.9716835022, 49.4024047852, -45.1142463684, 62.6744689941, -16.6107368469, 115.711044312]],
        "icov": [[0.000175613167812, -5.85694851907e-06, 2.4025221137e-05, -9.76347873802e-05, 4.52310541732e-06, -0.000155472676852, 0.000158550144988, -0.000338072830345, 0.000245096627623, -0.000216466316488, 0.000135364301968, -9.75219227257e-05, 0.000287730246782], [-5.85694851907e-06, 0.0018880154239, -0.000689862703439, 0.000547160452697, -0.00121099688113, 0.000805203977507, -0.00122928316705, 0.00116143992636, -0.0010001155315, 0.000851548218634, -0.00123145501129, 0.00184106174856, -0.00139662832953], [2.4025221137e-05, -0.000689862703439, 0.00204058666714, -0.00122231629211, 0.00035377239692, -0.000938499462791, 0.000467862148071, -0.000582543550991, 0.000828405900393, -0.00128964264877, 0.00144819973502, -0.00267579476349, 0.00195048225578], [-9.76347873802e-05, 0.000547160452697, -0.00122231629211, 0.00336007494479, -0.000969931250438, -0.000154424604261, -0.000116294766485, 0.000642650644295, -0.00179209036287, 0.00123391416855, -0.000707780825906, 0.00151724787429, -0.00183165282942], [4.52310541732e-06, -0.00121099688113, 0.00035377239692, -0.000969931250438, 0.00428262725472, -0.00120558566414, 0.000247396150371, -0.000960971519817, 0.000257494160905, -0.00123533920851, 0.000273436162388, -0.00105718884151, 0.00122751749586], [-0.000155472676852, 0.000805203977507, -0.000938499462791, -0.000154424604261, -0.00120558566414, 0.00693298503757, -0.00377079867758, 0.00126832944807, -1.21205475807e-05, -0.000976231705863, -4.46194862889e-05, 0.0014743214706, -0.00132698472589], [0.000158550144988, -0.00122928316705, 0.000467862148071, -0.000116294766485, 0.000247396150371, -0.00377079867758, 0.007345888298, -0.00375538831577, 0.000445168756414, 0.000564162386581, -0.00122744892724, -0.000244160357397, 0.00180174782872], [-0.000338072830345, 0.00116143992636, -0.000582543550991, 0.000642650644295, -0.000960971519817, 0.00126832944807, -0.00375538831577, 0.0099491244182, -0.00266065797769, -0.000486476055812, 0.000794949475676, -0.000558235915378, -0.000800484267529], [0.000245096627623, -0.0010001155315, 0.000828405900393, -0.00179209036287, 0.000257494160905, -1.21205475807e-05, 0.000445168756414, -0.00266065797769, 0.00935645308346, -0.00355614558794, 0.000785855634604, 0.00128293980379, -0.00245137210004], [-0.000216466316488, 0.000851548218634, -0.00128964264877, 0.00123391416855, -0.00123533920851, -0.000976231705863, 0.000564162386581, -0.000486476055812, -0.00355614558794, 0.0113189062104, -0.00168722565286, -0.00349553511478, 0.00192870933097], [0.000135364301968, -0.00123145501129, 0.00144819973502, -0.000707780825906, 0.000273436162388, -4.46194862889e-05, -0.00122744892724, 0.000794949475676, 0.000785855634604, -0.00168722565286, 0.00884025823325, -0.00149072869681, -0.00155881606042], [-9.75219227257e-05, 0.00184106174856, -0.00267579476349, 0.00151724787429, -0.00105718884151, 0.0014743214706, -0.000244160357397, -0.000558235915378, 0.00128293980379, -0.00349553511478, -0.00149072869681, 0.0144777009264, -0.00581416347995], [0.000287730246782, -0.00139662832953, 0.00195048225578, -0.00183165282942, 0.00122751749586, -0.00132698472589, 0.00180174782872, -0.000800484267529, -0.00245137210004, 0.00192870933097, -0.00155881606042, -0.00581416347995, 0.0161304846406]]
    },
    "melbands": {
        "mean": [0.00220153504051, 0.00280525907874, 0.0010837224545, 0.000624632986728, 0.000425039906986, 0.000273384212051, 0.000203581977985, 0.000223743758397, 0.00020533161296, 0.000180919785635, 0.000135047797812, 0.000104031088995, 9.68732492765e-05, 8.48946147016e-05, 6.3357205363e-05, 6.87751817168e-05, 5.97033358645e-05, 5.2003422752e-05, 4.94514679303e-05, 4.24373538408e-05, 3.03126835206e-05, 2.36284777202e-05, 1.92331735889e-05, 2.03488034458e-05, 1.28912297441e-05, 1.51189815369e-05, 1.1538745639e-05, 8.55732287164e-06, 5.12718679602e-06, 4.12405597672e-06, 4.11845849158e-06, 4.01612169298e-06, 4.26591532232e-06, 4.78974470752e-06, 5.06172409587e-06, 3.92061792809e-06, 3.42452221958e-06, 2.6835718927e-06, 2.33452328757e-06, 1.87240937066e-06],
        "stdev": [0.00421925494447, 0.00632126070559, 0.00272566452622, 0.00147816108074, 0.000743512006011, 0.000525508483406, 0.00038887138362, 0.000385569088394, 0.000373638118617, 0.000324180815369, 0.000242174573941, 0.000206119337236, 0.000197696033865, 0.000189985497855, 0.000123445061035, 0.00012375881488, 0.000107598760223, 0.000102148434962, 0.000101767327578, 7.89869227447e-05, 6.65682164254e-05, 4.61893141619e-05, 3.60064987035e-05, 3.58246579708e-05, 2.36548912653e-05, 2.5729454137e-05, 1.944926953e-05, 1.45617050293e-05, 8.17640830064e-06, 7.06512400939e-06, 7.42199699744e-06, 6.96562074154e-06, 8.76626290847e-06, 1.02742505987e-05, 1.04756754808e-05, 8.48410309118e-06, 6.70282861392e-06, 4.52829362985e-06, 4.08483992942e-06, 3.23154768012e-06]
    },
    "melbands128": {
        "mean": [0.000145545651321, 0.00136042840313, 0.00319888442755, 0.0035816654563, 0.00289219990373, 0.00198025652207, 0.00121065345593, 0.000845874310471, 0.000756448658649, 0.000595698948018, 0.000594017910771, 0.000472527754027, 0.000415637652623, 0.000337135948939, 0.000274234713288, 0.000256391795119, 0.000186115881661, 0.000180869843462, 0.000212298837141, 0.000277537299553, 0.000164125012816, 0.000225304189371, 0.00023032912577, 0.000152451932081, 0.000160593976034, 0.000191442522919, 0.000233444545302, 9.89079635474e-05, 8.11729187262e-05, 0.000128979343572, 8.72783712111e-05, 0.000102861282357, 0.000125608523376, 5.57987332286e-05, 9.43805353018e-05, 9.4517483376e-05, 8.03629081929e-05, 4.27008671977e-05, 7.54881111789e-05, 6.22363731964e-05, 4.32718952652e-05, 0.000115839029604, 5.75373378524e-05, 3.29928516294e-05, 5.30019569851e-05, 5.34224927833e-05, 5.56616178073e-05, 4.82964969706e-05, 4.45431760454e-05, 6.00548992225e-05, 3.86996944144e-05, 2.80243748421e-05, 3.86977299058e-05, 2.62339399342e-05, 2.38270076807e-05, 2.12433642446e-05, 2.56344319496e-05, 2.53501420957e-05, 1.47474647747e-05, 1.17847130241e-05, 2.740074342e-05, 2.03793460969e-05, 1.18373936857e-05, 1.07593687062e-05, 1.36377684612e-05, 1.77209403773e-05, 1.36848848342e-05, 1.26946388264e-05, 9.12778887141e-06, 1.34255560624e-05, 9.46148338699e-06, 5.77371656618e-06, 5.40590099263e-06, 5.52497067474e-06, 3.98349675379e-06, 4.02600289817e-06, 4.16395369029e-06, 4.41531619799e-06, 3.89282786273e-06, 4.05876608056e-06, 4.04402635468e-06, 3.77474952984e-06, 4.61031004306e-06, 3.93283607991e-06, 4.49238814326e-06, 4.46487001682e-06, 5.01605518366e-06, 5.20217508893e-06, 5.93564209339e-06, 4.07801326219e-06, 3.64228208127e-06, 4.1254916141e-06, 3.96883342546e-06, 3.52688425664e-06, 3.02820239995e-06, 2.75531897387e-06, 2.72795296041e-06, 2.34276535593e-06, 2.41257180278e-06, 2.24714517572e-06, 2.21376626541e-06, 1.72723457581e-06, 1.59644503128e-06, 1.62162200468e-06, 1.77418746716e-06, 1.64920106727e-06, 1.46503066389e-06, 1.45894807702e-06, 1.42276451243e-06, 1.26655311306e-06, 1.20780748603e-06, 1.300164854e-06, 1.12434554467e-06, 8.83941311258e-07, 7.16622423624e-07, 1.51765036094e-07, 4.60992841123e-11, 5.12718600215e-12, 4.81878426051e-12, 4.60905185545e-12, 4.45141102798e-12, 4.32476927534e-12, 4.21075934537e-12, 4.12126669597e-12, 4.04822963346e-12, 3.99561416939e-12, 3.9568816973e-12, 3.9280150313e-12],
        "stdev": [0.000262586021563, 0.00238227541558, 0.00681326165795, 0.00892740581185, 0.00790131185204, 0.00557539612055, 0.00374575913884, 0.00271929334849, 0.00230508856475, 0.00182632007636, 0.00131708418485, 0.000922371109482, 0.000806539261248, 0.000710506225005, 0.000645021966193, 0.000601354404353, 0.00054098572582, 0.000471439008834, 0.000521781679709, 0.000612908159383, 0.000404632388381, 0.000467310077511, 0.000547227507923, 0.000388713146094, 0.000462081719888, 0.000420653639594, 0.000560798624065, 0.000254852202488, 0.000204433570616, 0.000317013968015, 0.000242271853494, 0.000259150081547, 0.000326516921632, 0.000153077213326, 0.00031140469946, 0.000258511747234, 0.000246903538937, 9.74973081611e-05, 0.00023267675715, 0.000185603101272, 0.000105006627564, 0.000327621470205, 0.000123523015645, 7.20003372408e-05, 0.000149561499711, 0.000133849287522, 0.000160288473126, 0.000170755782165, 0.00012556524598, 0.000166410100064, 9.55067007453e-05, 6.71708257869e-05, 0.000125755715999, 7.53885033191e-05, 6.02467116551e-05, 5.7484543504e-05, 8.85472763912e-05, 6.08087211731e-05, 2.99781659123e-05, 2.66800179816e-05, 6.20753198746e-05, 4.15933500335e-05, 3.84279519494e-05, 2.53890229942e-05, 3.18191960105e-05, 4.18783347413e-05, 3.1272193155e-05, 2.93109387712e-05, 1.91082344827e-05, 2.95406807709e-05, 2.02572973649e-05, 1.18546749945e-05, 9.44708244788e-06, 9.77032959781e-06, 8.93458218343e-06, 8.11591235106e-06, 6.93880838298e-06, 8.42536610435e-06, 7.78925914346e-06, 8.27246276458e-06, 7.71571103542e-06, 7.14407769919e-06, 9.27212749957e-06, 9.21219361771e-06, 1.07162741187e-05, 1.12037087092e-05, 1.13411042548e-05, 1.14054801088e-05, 1.2969790987e-05, 9.50915546127e-06, 8.53965048009e-06, 9.53431845119e-06, 9.11442566576e-06, 7.70299811848e-06, 5.64132187719e-06, 4.90909133077e-06, 4.88211162519e-06, 4.26378619522e-06, 4.77779713037e-06, 3.9983010538e-06, 3.97424901166e-06, 3.26860981659e-06, 2.82646851701e-06, 2.9395432648e-06, 3.06171591546e-06, 3.01857267004e-06, 2.88140904559e-06, 3.03049955619e-06, 2.97527594739e-06, 2.51176948041e-06, 2.57552346739e-06, 2.85347437057e-06, 2.53819212048e-06, 2.06039180739e-06, 1.74878869075e-06, 4.22297205205e-07, 2.52001974843e-10, 8.85303289011e-12, 8.43859444127e-12, 8.12641533926e-12, 7.87893361665e-12, 7.67237055138e-12, 7.49542355266e-12, 7.35005632746e-12, 7.22841838469e-12, 7.13553435089e-12, 7.06765418759e-12, 7.02407012762e-12]
    },
    "mfcc": {
        "mean": [-636.077941895, 101.425254822, -0.0571812093258, 12.4113111496, 5.91103982925, 3.75355291367, -0.889017879963, 4.62720441818, -3.66293525696, 6.073533535, -1.26068127155, -0.84975194931, -0.3885217309],
        "cov": [[7126.08496094, -563.718017578, 684.369506836, 186.801971436, 156.400436401, 161.550552368, 102.033676147, 69.6079025269, 214.184173584, 83.6512985229, 140.701171875, 15.9669332504, 43.2214202881], [-563.718017578, 1033.9050293, -158.954315186, 31.0909690857, 69.1460723877, 64.6388702393, 143.141036987, 46.3193016052, -9.69079208374, 55.5253219604, 44.0173187256, 36.7446975708, 12.3177852631], [684.369506836, -158.954315186, 1067.77661133, 248.818664551, 138.179290771, 211.464553833, 46.4877128601, 47.6090621948, 160.840057373, -34.8251304626, 75.4621200562, 71.3439712524, 47.2989273071], [186.801971436, 31.0909690857, 248.818664551, 394.53036499, 168.409790039, 101.073730469, 16.1003189087, 44.0498504639, 82.7866973877, 22.5255756378, 21.7434940338, 37.3100471497, 43.8294487], [156.400436401, 69.1460723877, 138.179290771, 168.409790039, 295.787658691, 109.776939392, 10.0132112503, 11.179309845, 56.36460495, 19.6284198761, 18.5804405212, 29.6489639282, 37.1526298523], [161.550552368, 64.6388702393, 211.464553833, 101.073730469, 109.776939392, 280.507324219, 109.036407471, 47.458240509, 89.940864563, 26.1732368469, 59.2744293213, 57.1294670105, 13.1351823807], [102.033676147, 143.141036987, 46.4877128601, 16.1003189087, 10.0132112503, 109.036407471, 255.080062866, 96.2355804443, 16.0992259979, 48.4627532959, 53.4391860962, 20.8140888214, 18.2596206665], [69.6079025269, 46.3193016052, 47.6090621948, 44.0498504639, 11.179309845, 47.458240509, 96.2355804443, 146.514907837, 68.44947052, 37.0062217712, 30.5659294128, 18.7544193268, 8.64442157745], [214.184173584, -9.69079208374, 160.840057373, 82.7866973877, 56.36460495, 89.940864563, 16.0992259979, 68.44947052, 192.093612671, 51.740562439, 44.1063499451, 32.3857460022, 16.4330234528], [83.6512985229, 55.5253219604, -34.8251304626, 22.5255756378, 19.6284198761, 26.1732368469, 48.4627532959, 37.0062217712, 51.740562439, 120.602630615, 51.1095924377, 11.8718318939, 10.0484399796], [140.701171875, 44.0173187256, 75.4621200562, 21.7434940338, 18.5804405212, 59.2744293213, 53.4391860962, 30.5659294128, 44.1063499451, 51.1095924377, 106.86756134, 43.1119613647, 12.6340427399], [15.9669332504, 36.7446975708, 71.3439712524, 37.3100471497, 29.6489639282, 57.1294670105, 20.8140888214, 18.7544193268, 32.3857460022, 11.8718318939, 43.1119613647, 90.0397720337, 39.1854400635], [43.2214202881, 12.3177852631, 47.2989273071, 43.8294487, 37.1526298523, 13.1351823807, 18.2596206665, 8.64442157745, 16.4330234528, 10.0484399796, 12.6340427399, 39.1854400635, 80.4477615356]],
        "icov": [[0.000162681259098, 9.56914518611e-05, -6.99685842847e-05, -6.62665115669e-07, -6.47300257697e-05, 3.48684006894e-05, -9.38033917919e-05, 4.57372698293e-05, -9.10820162972e-05, -5.12947190145e-05, -0.0001657406101, 0.000132645989652, -3.35477525368e-05], [9.56914518611e-05, 0.00119942042511, 0.000222815055167, -0.000104515682324, -0.000347315653926, 4.47421516583e-05, -0.000704558333382, 0.000105045677628, 5.29935205122e-05, -0.000149960775161, -0.000209092118894, -0.000414208625443, 0.000235101440921], [-6.99685842847e-05, 0.000222815055167, 0.00152148213238, -0.000638599682134, 2.75563297691e-06, -0.000546088907868, -0.000184343633009, 0.00020930802566, -0.000862939807121, 0.00140532129444, -0.000893170887139, 7.90073318058e-06, -0.000298752449453], [-6.62665115669e-07, -0.000104515682324, -0.000638599682134, 0.00394573668018, -0.00164479017258, -0.00029003774398, 0.000521131267305, -0.000910750590265, -0.000169238657691, -0.000575957645196, 0.000610232527833, -3.63603903679e-05, -0.000942965212744], [-6.47300257697e-05, -0.000347315653926, 2.75563297691e-06, -0.00164479017258, 0.00521072233096, -0.00177039380651, 0.000835112587083, 0.000348139205016, -5.06032447447e-05, -0.00041466471157, 0.000279087165836, 0.000632565934211, -0.00165169523098], [3.48684006894e-05, 4.47421516583e-05, -0.000546088907868, -0.00029003774398, -0.00177039380651, 0.00701652374119, -0.00321742193773, 0.00141560053453, -0.00224366527982, 0.000726745114662, -0.000482170376927, -0.00310741527937, 0.00266050291248], [-9.38033917919e-05, -0.000704558333382, -0.000184343633009, 0.000521131267305, 0.000835112587083, -0.00321742193773, 0.00796450674534, -0.00487904250622, 0.00294741173275, -0.00151237857062, -0.00156744429842, 0.00208577164449, -0.00234404113144], [4.57372698293e-05, 0.000105045677628, 0.00020930802566, -0.000910750590265, 0.000348139205016, 0.00141560053453, -0.00487904250622, 0.0117607749999, -0.00430732127279, -0.000163514632732, 0.000417790404754, -0.00136115646455, 0.00128191651311], [-9.10820162972e-05, 5.29935205122e-05, -0.000862939807121, -0.000169238657691, -5.06032447447e-05, -0.00224366527982, 0.00294741173275, -0.00430732127279, 0.00954397022724, -0.00339119159617, -0.000449194776593, -0.000115829650895, -0.000575053214561], [-5.12947190145e-05, -0.000149960775161, 0.00140532129444, -0.000575957645196, -0.00041466471157, 0.000726745114662, -0.00151237857062, -0.000163514632732, -0.00339119159617, 0.013340302743, -0.00594454212114, 0.00201945845038, -0.00105192034971], [-0.0001657406101, -0.000209092118894, -0.000893170887139, 0.000610232527833, 0.000279087165836, -0.000482170376927, -0.00156744429842, 0.000417790404754, -0.000449194776593, -0.00594454212114, 0.0166015252471, -0.00688197137788, 0.00215365365148], [0.000132645989652, -0.000414208625443, 7.90073318058e-06, -3.63603903679e-05, 0.000632565934211, -0.00310741527937, 0.00208577164449, -0.00136115646455, -0.000115829650895, 0.00201945845038, -0.00688197137788, 0.0197589751333, -0.00887682940811], [-3.35477525368e-05, 0.000235101440921, -0.000298752449453, -0.000942965212744, -0.00165169523098, 0.00266050291248, -0.00234404113144, 0.00128191651311, -0.000575053214561, -0.00105192034971, 0.00215365365148, -0.00887682940811, 0.0180589985102]]
    },
    "spectral_contrast_coeffs": {
        "mean": [-0.716213405132, -0.76318615675, -0.771026611328, -0.785496652126, -0.787949562073, -0.77920204401],
        "stdev": [0.091279566288, 0.072654388845, 0.0662512779236, 0.061270929873, 0.0529883950949, 0.0395374521613]
    },
    "spectral_contrast_valleys": {
        "mean": [-6.91994857788, -6.83276367188, -7.29581928253, -7.48287057877, -7.52047777176, -9.88968753815],
        "stdev": [1.27211201191, 1.0016450882, 0.924517571926, 0.906749308109, 0.946307718754, 1.36996817589]
    }
},
"rhythm": {
    "beats_count": 553,
    "beats_loudness": {
        "mean": 0.0629075989127,
        "stdev": 0.0358725972474
    },
    "bpm": 141.988006592,
    "bpm_histogram_first_peak_bpm": 144,
    "bpm_histogram_first_peak_weight": 0.415559828281,
    "bpm_histogram_second_peak_bpm": 136,
    "bpm_histogram_second_peak_spread": 0.217391252518,
    "bpm_histogram_second_peak_weight": 0.0326086953282,
    "danceability": 1.37728989124,
    "onset_rate": 4.93063402176,
    "beats_loudness_band_ratio": {
        "mean": [0.569297492504, 0.0907279700041, 0.121802769601, 0.108021788299, 0.0966236889362, 0.0410295054317],
        "stdev": [0.32416844368, 0.10466285795, 0.134858548641, 0.144693881273, 0.129035338759, 0.0558396838605]
    },
    "beats_position": [0.441179126501, 0.905578196049, 1.35836732388, 1.8111563921, 2.2523355484, 2.68190479279, 3.11147379875, 3.52943301201, 3.94739222527, 4.35374164581, 4.78331041336, 5.21287965775, 5.64244890213, 6.07201814651, 6.5015873909, 6.93115615845, 7.36072540283, 7.80190467834, 8.24308395386, 8.68426322937, 9.12544155121, 9.55501079559, 9.98458003998, 10.4257593155, 10.8785486221, 11.3197278976, 11.749297142, 12.1788663864, 12.6084346771, 13.0380039215, 13.4675731659, 13.9087524414, 14.3499317169, 14.7795009613, 15.2206802368, 15.6502494812, 16.0798187256, 16.5209980011, 16.9621772766, 17.4033565521, 17.8445339203, 18.2973232269, 18.7268924713, 19.1564617157, 19.5860309601, 20.0156002045, 20.4335594177, 20.851518631, 21.2694778442, 21.6990470886, 22.128616333, 22.5465755463, 22.9645347595, 23.3941040039, 23.8120632172, 24.2300224304, 24.6479816437, 25.0775508881, 25.4955101013, 25.9134693146, 26.3314285278, 26.7493877411, 27.1789569855, 27.5969161987, 28.0264854431, 28.4444446564, 28.8740139008, 29.3035831451, 29.7215423584, 30.1394996643, 30.5574588776, 30.9870281219, 31.4165973663, 31.8345565796, 32.2525177002, 32.6704750061, 33.0884361267, 33.5180053711, 33.9475746155, 34.3655319214, 34.783493042, 35.2130622864, 35.6426315308, 36.0605888367, 36.4785499573, 36.8965072632, 37.3260765076, 37.755645752, 38.1736030579, 38.5915641785, 39.0095214844, 39.4390907288, 39.8686599731, 40.2866210938, 40.7161903381, 41.134147644, 41.5521087646, 41.981678009, 42.3996353149, 42.8175964355, 43.2355537415, 43.6535148621, 44.071472168, 44.5010414124, 44.9306106567, 45.3485717773, 45.7665290833, 46.1844902039, 46.6140594482, 47.0436286926, 47.4615859985, 47.8795471191, 48.297504425, 48.7270736694, 49.1566429138, 49.5746040344, 49.9925613403, 50.4221305847, 50.8516998291, 51.269657135, 51.6876182556, 52.1055755615, 52.5235366821, 52.9531059265, 53.3826751709, 53.8006324768, 54.2185935974, 54.6365509033, 55.0661201477, 55.4956893921, 55.9136505127, 56.3316078186, 56.7495689392, 57.1791381836, 57.608707428, 58.0266647339, 58.4446258545, 58.8625831604, 59.2921524048, 59.7217216492, 60.1396827698, 60.5576400757, 60.9756011963, 61.4051704407, 61.8347396851, 62.252696991, 62.6706581116, 63.0886154175, 63.5181846619, 63.9477539062, 64.3657150269, 64.7836685181, 65.2016296387, 65.6312026978, 66.0607681274, 66.478729248, 66.8966903687, 67.3146438599, 67.7442169189, 68.1737823486, 68.5917434692, 69.0097045898, 69.4276657104, 69.8456192017, 70.2868041992, 70.7047576904, 71.122718811, 71.5522918701, 71.9702453613, 72.3998184204, 72.817779541, 73.2357330322, 73.6536941528, 74.0832672119, 74.5128326416, 74.9307937622, 75.3487548828, 75.766708374, 76.1962814331, 76.6258468628, 77.0438079834, 77.461769104, 77.8797302246, 78.3092956543, 78.738861084, 79.1568222046, 79.5747833252, 79.9927444458, 80.4223098755, 80.8518829346, 81.2698364258, 81.6877975464, 82.105758667, 82.5353240967, 82.9648971558, 83.3828582764, 83.7892074585, 84.2187728882, 84.6367340088, 85.0662994385, 85.4958724976, 85.9138336182, 86.3317871094, 86.74974823, 87.1793212891, 87.6088867188, 88.0268478394, 88.44480896, 88.8627624512, 89.2923355103, 89.7219009399, 90.1398620605, 90.5578231812, 90.9757843018, 91.4169616699, 91.8349151611, 92.2528762817, 92.6708374023, 93.0887985229, 93.5183639526, 93.9479370117, 94.3658905029, 94.7838516235, 95.2018127441, 95.6313781738, 96.0609512329, 96.4789123535, 96.8968658447, 97.3148269653, 97.7444000244, 98.1739654541, 98.5919265747, 99.0098876953, 99.4278411865, 99.8458023071, 100.275375366, 100.704940796, 101.122901917, 101.540863037, 101.970428467, 102.400001526, 102.817955017, 103.235916138, 103.653877258, 104.083442688, 104.501403809, 104.930976868, 105.348930359, 105.766891479, 106.196456909, 106.626029968, 107.043991089, 107.46194458, 107.879905701, 108.30947876, 108.739044189, 109.15700531, 109.574966431, 109.992919922, 110.422492981, 110.852058411, 111.270019531, 111.687980652, 112.105941772, 112.523895264, 112.953468323, 113.383033752, 113.800994873, 114.218955994, 114.648521423, 115.078094482, 115.496055603, 115.914009094, 116.331970215, 116.749931335, 117.179496765, 117.609069824, 118.027030945, 118.444984436, 118.862945557, 119.292518616, 119.722084045, 120.140045166, 120.557998657, 120.975959778, 121.405532837, 121.835098267, 122.253059387, 122.671020508, 123.088973999, 123.518547058, 123.948112488, 124.366073608, 124.784034729, 125.20199585, 125.631561279, 126.061134338, 126.47908783, 126.89704895, 127.326622009, 127.756187439, 128.17414856, 128.592102051, 129.010070801, 129.428024292, 129.857589722, 130.28717041, 130.705123901, 131.123077393, 131.541046143, 131.970611572, 132.400177002, 132.818145752, 133.236099243, 133.654052734, 134.083618164, 134.513198853, 134.931152344, 135.349105835, 135.767074585, 136.196640015, 136.626205444, 137.044174194, 137.462127686, 137.880081177, 138.298049927, 138.727615356, 139.157180786, 139.575149536, 139.993103027, 140.411056519, 140.840637207, 141.270202637, 141.688156128, 142.106124878, 142.524078369, 142.965255737, 143.383224487, 143.801177979, 144.21913147, 144.63710022, 145.066665649, 145.496231079, 145.914199829, 146.33215332, 146.76171875, 147.19128418, 147.60925293, 148.027206421, 148.445159912, 148.863128662, 149.292694092, 149.722259521, 150.140228271, 150.558181763, 150.976135254, 151.405715942, 151.823669434, 152.253234863, 152.682815552, 153.100769043, 153.530334473, 153.948303223, 154.366256714, 154.784210205, 155.202178955, 155.631744385, 156.061309814, 156.479278564, 156.897232056, 157.315185547, 157.744766235, 158.174331665, 158.592285156, 159.010253906, 159.428207397, 159.857772827, 160.287338257, 160.705307007, 161.123260498, 161.541213989, 161.970794678, 162.400360107, 162.818313599, 163.236282349, 163.65423584, 164.08380127, 164.513381958, 164.931335449, 165.34928894, 165.76725769, 166.19682312, 166.62638855, 167.0443573, 167.462310791, 167.880264282, 168.298233032, 168.727798462, 169.157363892, 169.575332642, 169.993286133, 170.422851562, 170.852416992, 171.270385742, 171.688339233, 172.106307983, 172.524261475, 172.953826904, 173.383392334, 173.801361084, 174.219314575, 174.648880005, 175.078460693, 175.496414185, 175.914367676, 176.332336426, 176.750289917, 177.179855347, 177.609436035, 178.027389526, 178.445343018, 178.863311768, 179.292877197, 179.722442627, 180.140411377, 180.558364868, 180.987930298, 181.417495728, 181.835464478, 182.253417969, 182.671386719, 183.08934021, 183.51890564, 183.948471069, 184.366439819, 184.784393311, 185.202362061, 185.63192749, 186.06149292, 186.479446411, 186.897415161, 187.315368652, 187.744934082, 188.174514771, 188.592468262, 189.010421753, 189.440002441, 189.869567871, 190.287521362, 190.705490112, 191.123443604, 191.541397095, 191.970977783, 192.388931274, 192.818496704, 193.236465454, 193.654418945, 194.083984375, 194.501953125, 194.908294678, 195.337860107, 195.767440796, 196.197006226, 196.626571655, 197.044525146, 197.462493896, 197.892059326, 198.321624756, 198.739593506, 199.157546997, 199.575500488, 199.993469238, 200.434646606, 200.852600098, 201.270568848, 201.688522339, 202.10647583, 202.536056519, 202.965621948, 203.383575439, 203.801544189, 204.219497681, 204.637451172, 205.06703186, 205.49659729, 205.914550781, 206.332519531, 206.750473022, 207.180038452, 207.609603882, 208.027572632, 208.445526123, 208.863494873, 209.293060303, 209.722625732, 210.140579224, 210.558547974, 210.988113403, 211.417678833, 211.835647583, 212.253601074, 212.671554565, 213.089523315, 213.519088745, 213.948654175, 214.366622925, 214.784576416, 215.202529907, 215.632110596, 216.061676025, 216.479629517, 216.897598267, 217.315551758, 217.733505249, 218.163085938, 218.592651367, 219.010604858, 219.428573608, 219.8465271, 220.276092529, 220.705657959, 221.123626709, 221.5415802, 221.97114563, 222.400726318, 222.81867981, 223.236633301, 223.654602051, 224.08416748, 224.51373291, 224.93170166, 225.349655151, 225.767608643, 226.185577393, 226.615142822, 227.044708252, 227.462677002, 227.880630493, 228.298583984, 228.728164673, 229.157730103, 229.575683594, 229.993652344, 230.423217773, 230.852783203, 231.270736694, 231.688705444, 232.106658936, 232.536224365, 232.965805054, 233.395370483, 233.84815979, 234.312561035],
    "bpm_histogram": [0, 0, 0, 0, 0, 0, 0, 0, 0, 0, 0, 0, 0, 0, 0, 0, 0, 0, 0, 0, 0, 0, 0, 0, 0, 0, 0, 0, 0, 0, 0, 0, 0, 0, 0, 0, 0, 0, 0, 0, 0, 0, 0, 0, 0, 0, 0, 0, 0, 0, 0, 0, 0, 0, 0, 0, 0, 0, 0, 0, 0, 0, 0, 0, 0, 0, 0, 0, 0, 0, 0, 0, 0, 0, 0, 0, 0, 0, 0, 0, 0, 0, 0, 0, 0, 0, 0, 0, 0, 0, 0, 0, 0, 0, 0, 0, 0, 0, 0, 0, 0, 0, 0, 0, 0, 0, 0, 0, 0, 0, 0, 0, 0, 0, 0, 0, 0, 0, 0, 0, 0, 0, 0, 0, 0, 0, 0, 0, 0, 0.00362318847328, 0, 0, 0, 0.00905797071755, 0, 0, 0.0326086953282, 0, 0, 0, 0.391304343939, 0, 0, 0, 0.557971000671, 0, 0, 0, 0.00543478270993, 0, 0, 0, 0, 0, 0, 0, 0, 0, 0, 0, 0, 0, 0, 0, 0, 0, 0, 0, 0, 0, 0, 0, 0, 0, 0, 0, 0, 0, 0, 0, 0, 0, 0, 0, 0, 0, 0, 0, 0, 0, 0, 0, 0, 0, 0, 0, 0, 0, 0, 0, 0, 0, 0, 0, 0, 0, 0, 0, 0, 0, 0, 0, 0, 0, 0, 0, 0, 0, 0, 0, 0, 0, 0, 0, 0, 0, 0, 0, 0, 0, 0, 0, 0, 0, 0, 0, 0, 0, 0, 0, 0, 0, 0, 0, 0, 0, 0, 0, 0, 0]
},
"tonal": {
    "chords_changes_rate": 0.0741399750113,
    "chords_number_rate": 0.0013839462772,
    "chords_strength": {
        "mean": 0.565305233002,
        "stdev": 0.103718362749
    },
    "hpcp_crest": {
        "mean": 13.0600643158,
        "stdev": 6.83987045288
    },
    "hpcp_entropy": {
        "mean": 2.15685582161,
        "stdev": 0.828973650932
    },
    "key_edma": {
        "strength": 0.658046364784,
        "key": "B",
        "scale": "minor"
    },
    "key_krumhansl": {
        "strength": 0.681415855885,
        "key": "B",
        "scale": "minor"
    },
    "key_temperley": {
        "strength": 0.687904119492,
        "key": "B",
        "scale": "minor"
    },
    "tuning_diatonic_strength": 0.587794840336,
    "tuning_equal_tempered_deviation": 0.241744548082,
    "tuning_frequency": 434.193115234,
    "tuning_nontempered_energy_ratio": 0.932210922241,
    "hpcp": {
        "mean": [0.171703323722, 0.173703536391, 0.113913044333, 0.0905853360891, 0.0949812233448, 0.129614070058, 0.290825456381, 0.389490306377, 0.242868810892, 0.115025267005, 0.0900804102421, 0.0855417177081, 0.124849110842, 0.138801425695, 0.115856043994, 0.17127636075, 0.194387495518, 0.135271042585, 0.116678729653, 0.0999708846211, 0.0901998206973, 0.123298592865, 0.137441635132, 0.112307399511, 0.0878986269236, 0.0858050137758, 0.110942065716, 0.210848376155, 0.222242444754, 0.135060891509, 0.146104425192, 0.164830699563, 0.124744646251, 0.0988412722945, 0.0969939678907, 0.112438812852],
        "stdev": [0.259481430054, 0.272477149963, 0.196677595377, 0.183848127723, 0.189660698175, 0.220046415925, 0.300466507673, 0.387789517641, 0.284794658422, 0.204958513379, 0.179786473513, 0.175191625953, 0.21571201086, 0.234104171395, 0.196062922478, 0.255818516016, 0.277597218752, 0.208783566952, 0.200282290578, 0.185488477349, 0.176475226879, 0.211435034871, 0.231996580958, 0.19759362936, 0.174024149776, 0.182707592845, 0.193553432822, 0.268137961626, 0.27401342988, 0.199974507093, 0.240691527724, 0.290335386992, 0.220005646348, 0.184619426727, 0.180007740855, 0.1906747967]
    },
    "chords_histogram": [49.347568512, 5.37761974335, 3.49940681458, 2.17477273941, 0.0197706595063, 0.0988533049822, 0.553578495979, 12.1391859055, 0, 0.0197706595063, 0, 0, 0, 0, 0.415183871984, 0.0593119822443, 0.21747726202, 0, 0.533807814121, 0.336101233959, 0.197706609964, 0.118623964489, 5.10083055496, 19.790430069],
    "thpcp": [1, 0.623555481434, 0.295322537422, 0.231277674437, 0.219624772668, 0.320544838905, 0.356366842985, 0.297455519438, 0.439744859934, 0.499081730843, 0.34730270505, 0.299567729235, 0.25667104125, 0.231584250927, 0.31656396389, 0.352875620127, 0.288344532251, 0.225676029921, 0.220300763845, 0.284839093685, 0.541344344616, 0.570598125458, 0.346763163805, 0.375116974115, 0.423195898533, 0.320276647806, 0.253770828247, 0.249027937651, 0.288681924343, 0.440841078758, 0.445976525545, 0.292466968298, 0.232574045658, 0.243860304356, 0.332778692245, 0.746682167053],
    "chords_key": "B",
    "chords_scale": "minor"
}
}