{
"metadata": {
    "version": {
        "essentia": "2.1-dev",
        "essentia_git_sha": "v2.1_beta3-415-gd5473f3",
        "extractor": "music 2.0"
    },
    "audio_properties": {
        "analysis": {
            "equal_loudness": 0,
            "length": 224.417953491,
            "sample_rate": 44100,
            "start_time": 0,
            "downmix": "mix"
        },
        "bit_rate": 192000,
        "length": 224.417953491,
        "lossless": 0,
        "number_channels": 2,
        "replay_gain": -11.3761253357,
        "sample_rate": 44100,
        "codec": "mp3",
        "md5_encoded": "21fbe15148e316a4faf16a732084c7e4"
    },
    "tags": {
        "file_name": "liberty-seguro.mp3",
        "album": ["DISCO ALEGRIA 2001-3"],
        "artist": ["Various Artists"],
        "genre": ["Other"],
        "title": ["Seguro"]
    }
},
"lowlevel": {
    "average_loudness": 0.810267269611,
    "barkbands_crest": {
        "mean": 12.4025840759,
        "stdev": 6.75404930115
    },
    "barkbands_flatness_db": {
        "mean": 0.174993053079,
        "stdev": 0.118457593024
    },
    "barkbands_kurtosis": {
        "mean": 26.8499221802,
        "stdev": 95.6232910156
    },
    "barkbands_skewness": {
        "mean": 2.36268138885,
        "stdev": 3.53562521935
    },
    "barkbands_spread": {
        "mean": 28.2903118134,
        "stdev": 22.0853500366
    },
    "dissonance": {
        "mean": 0.474026918411,
        "stdev": 0.0281682293862
    },
    "dynamic_complexity": 5.79084253311,
    "erbbands_crest": {
        "mean": 7.81581878662,
        "stdev": 4.32128381729
    },
    "erbbands_flatness_db": {
        "mean": 0.157228678465,
        "stdev": 0.0653055086732
    },
    "erbbands_kurtosis": {
        "mean": 2.65992617607,
        "stdev": 11.1185121536
    },
    "erbbands_skewness": {
        "mean": 0.0674452483654,
        "stdev": 1.51984143257
    },
    "erbbands_spread": {
        "mean": 49.0091056824,
        "stdev": 28.267742157
    },
    "hfc": {
        "mean": 20.4837150574,
        "stdev": 24.4708633423
    },
    "loudness_ebu128": {
        "integrated": -12.0840835571,
        "loudness_range": 8.21911525726,
        "momentary": {
            "mean": -17.5372009277,
            "stdev": 27.0783214569
        },
        "short_term": {
            "mean": -14.277299881,
            "stdev": 6.28854608536
        }
    },
    "melbands_crest": {
        "mean": 17.3292503357,
        "stdev": 7.4159989357
    },
    "melbands_flatness_db": {
        "mean": 0.226100921631,
        "stdev": 0.157253786922
    },
    "melbands_kurtosis": {
        "mean": 45.5357475281,
        "stdev": 88.4837188721
    },
    "melbands_skewness": {
        "mean": 4.00604915619,
        "stdev": 3.6047976017
    },
    "melbands_spread": {
        "mean": 34.9430770874,
        "stdev": 39.5599899292
    },
    "pitch_salience": {
        "mean": 0.50212341547,
        "stdev": 0.20045684278
    },
    "silence_rate_20dB": {
        "mean": 1,
        "stdev": 0
    },
    "silence_rate_30dB": {
        "mean": 0.931926310062,
        "stdev": 0.251880019903
    },
    "silence_rate_60dB": {
        "mean": 0.261535286903,
        "stdev": 0.439457565546
    },
    "spectral_centroid": {
        "mean": 1892.40466309,
        "stdev": 1360.55419922
    },
    "spectral_complexity": {
        "mean": 17.3221607208,
        "stdev": 15.3932352066
    },
    "spectral_decrease": {
        "mean": -7.58904761256e-09,
        "stdev": 9.41999811488e-09
    },
    "spectral_energy": {
        "mean": 0.0305006932467,
        "stdev": 0.0362354293466
    },
    "spectral_energyband_high": {
        "mean": 0.00141532195266,
        "stdev": 0.00234370096587
    },
    "spectral_energyband_low": {
        "mean": 0.0199695006013,
        "stdev": 0.0334233045578
    },
    "spectral_energyband_middle_high": {
        "mean": 0.00350732007064,
        "stdev": 0.00453299889341
    },
    "spectral_energyband_middle_low": {
        "mean": 0.00676790764555,
        "stdev": 0.013295179233
    },
    "spectral_entropy": {
        "mean": 7.66952371597,
        "stdev": 0.881153285503
    },
    "spectral_flux": {
        "mean": 0.0869140774012,
        "stdev": 0.0725772902369
    },
    "spectral_kurtosis": {
        "mean": 6.80415487289,
        "stdev": 25.1849803925
    },
    "spectral_rms": {
        "mean": 0.0043920064345,
        "stdev": 0.00323529564776
    },
    "spectral_rolloff": {
        "mean": 2457.93847656,
        "stdev": 2941.45556641
    },
    "spectral_skewness": {
        "mean": 1.44456851482,
        "stdev": 1.48026096821
    },
    "spectral_spread": {
        "mean": 5280966.5,
        "stdev": 4034753.25
    },
    "spectral_strongpeak": {
        "mean": 0.52502322197,
        "stdev": 0.799795985222
    },
    "zerocrossingrate": {
        "mean": 0.0826726928353,
        "stdev": 0.0754233598709
    },
    "barkbands": {
        "mean": [0.000209793914109, 0.0151550825685, 0.00347608630545, 0.00206034909934, 0.00263069616631, 0.00082005612785, 0.000726359896362, 0.000197356857825, 0.000297234189929, 0.000245684583206, 0.000218111716094, 0.000268298579613, 0.000211631297134, 0.00033443144639, 0.000388339569326, 0.000460288400063, 0.000295301899314, 0.000307321926812, 0.000506757060066, 0.00051210843958, 0.000225815922022, 0.000193396990653, 0.000270481832558, 0.000335102318786, 0.000133707377245, 2.02058436116e-05, 6.93475783464e-07],
        "stdev": [0.000444536213763, 0.0296435747296, 0.0109339244664, 0.00723982742056, 0.00695247156546, 0.00222235033289, 0.00149766437244, 0.00065141718369, 0.000599808292463, 0.00049986114027, 0.000555249804165, 0.000640287587885, 0.000417700095568, 0.000746728561353, 0.000590714160353, 0.00116347486619, 0.000540901848581, 0.000473340711324, 0.000926507578697, 0.000695743714459, 0.000290863303235, 0.000282633962343, 0.000551442673896, 0.00101628177799, 0.000284884736175, 4.49533035862e-05, 1.89105071513e-06]
    },
    "erbbands": {
        "mean": [0.454143226147, 3.29559493065, 4.55357551575, 5.82537317276, 8.05017852783, 8.83466815948, 6.61843681335, 7.11716556549, 11.2356777191, 5.31653165817, 5.83870410919, 7.40310192108, 4.59389925003, 10.1281089783, 11.8082408905, 9.06086444855, 9.71509647369, 17.1274051666, 18.29155159, 26.5214424133, 20.1270427704, 16.5510597229, 15.4975328445, 22.3550338745, 28.8836231232, 23.7877807617, 12.3824520111, 7.5708065033, 7.25803804398, 6.95406579971, 8.04816627502, 8.80584430695, 3.99948358536, 2.07263851166, 0.640659630299, 0.144023671746, 0.0287043899298, 0.00384735269472, 0.000114042355563, 4.24297213613e-05],
        "stdev": [0.890943706036, 6.83495569229, 11.6643629074, 18.7075099945, 25.6870155334, 22.366519928, 16.539396286, 21.775188446, 23.6006011963, 8.96235179901, 17.2780666351, 15.1652956009, 10.0336799622, 20.2805080414, 27.1216220856, 19.1775932312, 17.8193969727, 33.5949897766, 30.20013237, 50.787071228, 45.4192810059, 29.3235301971, 22.0987434387, 38.1658821106, 49.1724472046, 32.457775116, 15.5586833954, 10.3101482391, 10.6570329666, 11.5680627823, 18.915681839, 29.1022529602, 9.92054462433, 4.4418091774, 1.37045145035, 0.308181136847, 0.0663836821914, 0.00941669009626, 0.000235255298321, 4.57830865344e-05]
    },
    "gfcc": {
        "mean": [-81.0697250366, 74.2647323608, -108.5210495, 56.5706596375, -55.4749565125, 18.586397171, -39.8193969727, 8.51620864868, -21.9996395111, 3.485881567, -8.1709022522, -4.89780282974, -5.30375528336],
        "cov": [[38614.0625, -3620.14819336, -5011.29394531, 1066.73181152, -2022.49328613, 828.933349609, -1146.72033691, 407.848571777, -684.59173584, 551.347290039, -525.18572998, 378.702758789, -436.569793701], [-3620.14819336, 2975.77856445, 965.731933594, -18.9248390198, 941.876342773, -353.749572754, 443.809783936, -249.16166687, 159.561233521, -303.53692627, 122.410331726, -189.07081604, 211.051589966], [-5011.29394531, 965.731933594, 2683.94165039, 419.590332031, 717.572631836, 404.607147217, 376.71182251, 134.528213501, 233.664077759, -7.7634677887, 120.273071289, -86.1774215698, -5.83007478714], [1066.73181152, -18.9248390198, 419.590332031, 493.353118896, 177.603866577, 249.869110107, 74.8604660034, 113.829574585, 55.852722168, 30.1974449158, -3.10031414032, 7.74426078796, -21.1483535767], [-2022.49328613, 941.876342773, 717.572631836, 177.603866577, 695.706115723, 49.1807441711, 317.181518555, -9.76692199707, 130.895935059, -83.1446914673, 61.9247398376, -45.1948432922, 83.9169769287], [828.933349609, -353.749572754, 404.607147217, 249.869110107, 49.1807441711, 432.861175537, 91.9976882935, 174.928070068, 54.1335372925, 93.4976348877, 12.1454334259, 21.9911155701, -50.0862731934], [-1146.72033691, 443.809783936, 376.71182251, 74.8604660034, 317.181518555, 91.9976882935, 282.830535889, 45.5205421448, 118.628013611, -3.16122126579, 72.9843673706, -9.9329252243, 52.918712616], [407.848571777, -249.16166687, 134.528213501, 113.829574585, -9.76692199707, 174.928070068, 45.5205421448, 191.083877563, 86.6119918823, 101.276062012, 38.4275627136, 31.6057033539, -22.4590320587], [-684.59173584, 159.561233521, 233.664077759, 55.852722168, 130.895935059, 54.1335372925, 118.628013611, 86.6119918823, 174.432861328, 70.6782684326, 90.0562515259, -4.86868000031, 14.7049150467], [551.347290039, -303.53692627, -7.7634677887, 30.1974449158, -83.1446914673, 93.4976348877, -3.16122126579, 101.276062012, 70.6782684326, 168.66229248, 73.4343948364, 49.7270584106, -23.1732254028], [-525.18572998, 122.410331726, 120.273071289, -3.10031414032, 61.9247398376, 12.1454334259, 72.9843673706, 38.4275627136, 90.0562515259, 73.4343948364, 131.116638184, 34.6543273926, 31.5394363403], [378.702758789, -189.07081604, -86.1774215698, 7.74426078796, -45.1948432922, 21.9911155701, -9.9329252243, 31.6057033539, -4.86868000031, 49.7270584106, 34.6543273926, 95.3286972046, 31.8910331726], [-436.569793701, 211.051589966, -5.83007478714, -21.1483535767, 83.9169769287, -50.0862731934, 52.918712616, -22.4590320587, 14.7049150467, -23.1732254028, 31.5394363403, 31.8910331726, 95.467880249]],
        "icov": [[6.99279335095e-05, -0.00011598735, 0.00017298203602, -0.000222319824388, 9.1948233603e-05, -0.000223397510126, 0.000108226231532, -4.83536950924e-07, 0.000117685791338, -0.000271781173069, 0.000225686642807, -0.000226833333727, 0.000196491542738], [-0.00011598735, 0.00134782888927, -0.000454740104033, 0.00024680380011, -0.000898158992641, 0.00121357326861, -0.000662247766741, 0.000292775715934, -4.90697020723e-05, 0.00129250797909, -0.00162645429373, 0.0022522979416, -0.00151477416512], [0.00017298203602, -0.000454740104033, 0.00111262814607, -0.000634801341221, -0.000228506876738, -0.00124146114103, 0.000505387026351, 3.03972046822e-05, 2.20367401198e-05, -0.000445263576694, 0.000129717867821, -0.000459125032648, 0.000999249867164], [-0.000222319824388, 0.00024680380011, -0.000634801341221, 0.0041885911487, -0.00145589991007, -0.00106721231714, 0.000946270767599, -0.000723329605535, -0.00100284744985, 0.00108791550156, 0.000237270651269, -0.000280387379462, -0.000214192696149], [9.1948233603e-05, -0.000898158992641, -0.000228506876738, -0.00145589991007, 0.00512826023623, -5.04316667502e-05, -0.0033619904425, 0.000819563865662, -0.000825739873108, 0.000393037305912, 0.00128048309125, -0.00103923585266, -0.000261560460785], [-0.000223397510126, 0.00121357326861, -0.00124146114103, -0.00106721231714, -5.04316667502e-05, 0.00730923423544, -0.00341118336655, -0.00329645513557, 0.00213507399894, -0.000230022575124, -0.000524772447534, 0.00163205899298, 0.000221209265874], [0.000108226231532, -0.000662247766741, 0.000505387026351, 0.000946270767599, -0.0033619904425, -0.00341118336655, 0.0110027203336, -0.00058844772866, -0.00313584483229, 0.000881807354745, -0.00127297849394, -0.00044944183901, -0.00160459242761], [-4.83536950924e-07, 0.000292775715934, 3.03972046822e-05, -0.000723329605535, 0.000819563865662, -0.00329645513557, -0.00058844772866, 0.0135766733438, -0.00620384281501, -0.00281233084388, 0.00232822378166, -0.00265998346731, 0.000654769304674], [0.000117685791338, -4.90697020723e-05, 2.20367401198e-05, -0.00100284744985, -0.000825739873108, 0.00213507399894, -0.00313584483229, -0.00620384281501, 0.017173666507, -0.00477384962142, -0.00628306856379, 0.00648347940296, -0.00134354038164], [-0.000271781173069, 0.00129250797909, -0.000445263576694, 0.00108791550156, 0.000393037305912, -0.000230022575124, 0.000881807354745, -0.00281233084388, -0.00477384962142, 0.0181888435036, -0.0085688745603, -0.0034111009445, 0.00361774861813], [0.000225686642807, -0.00162645429373, 0.000129717867821, 0.000237270651269, 0.00128048309125, -0.000524772447534, -0.00127297849394, 0.00232822378166, -0.00628306856379, -0.0085688745603, 0.0206697098911, -0.0072371144779, -0.000982578261755], [-0.000226833333727, 0.0022522979416, -0.000459125032648, -0.000280387379462, -0.00103923585266, 0.00163205899298, -0.00044944183901, -0.00265998346731, 0.00648347940296, -0.0034111009445, -0.0072371144779, 0.0242739655077, -0.0122579671443], [0.000196491542738, -0.00151477416512, 0.000999249867164, -0.000214192696149, -0.000261560460785, 0.000221209265874, -0.00160459242761, 0.000654769304674, -0.00134354038164, 0.00361774861813, -0.000982578261755, -0.0122579671443, 0.0216294918209]]
    },
    "melbands": {
        "mean": [0.00421241298318, 0.00313129602, 0.00106487190351, 0.000670232344419, 0.000246337091085, 0.000155608766363, 0.00016834649432, 5.00567366544e-05, 5.12494079885e-05, 4.31652551924e-05, 2.21351911023e-05, 4.11480432376e-05, 3.45350053976e-05, 3.5596658563e-05, 1.74310225702e-05, 2.32815636991e-05, 3.2303538319e-05, 2.83414010482e-05, 2.79181840597e-05, 3.94723829231e-05, 1.97923764063e-05, 1.7193822714e-05, 1.4287023987e-05, 1.50058749568e-05, 1.79986909643e-05, 1.98179332074e-05, 2.08057626878e-05, 1.48052567965e-05, 8.49892421684e-06, 5.35979143024e-06, 3.95767256123e-06, 4.03278590966e-06, 3.7123184029e-06, 4.11238806919e-06, 4.39847372036e-06, 5.50142794964e-06, 5.27867723576e-06, 3.02615876535e-06, 1.94400058717e-06, 1.67498626524e-06],
        "stdev": [0.00815637316555, 0.006412233226, 0.0032459765207, 0.00184548203833, 0.000561881461181, 0.000453520595329, 0.000351429422153, 8.46136317705e-05, 0.000135652982863, 9.08821530174e-05, 5.02020157001e-05, 8.54552272358e-05, 8.31810175441e-05, 8.49303833093e-05, 3.4073684219e-05, 4.81374954688e-05, 6.84991027811e-05, 5.57686580578e-05, 4.50575134892e-05, 0.00010249584011, 4.61187119072e-05, 3.50120426447e-05, 2.09758763958e-05, 2.42490004894e-05, 3.21129191434e-05, 4.34955254605e-05, 3.03859960695e-05, 2.02966330107e-05, 1.10854143713e-05, 7.14109455657e-06, 5.55986343898e-06, 5.79832340009e-06, 5.92665219301e-06, 7.32161379347e-06, 9.28301778913e-06, 1.74050710484e-05, 1.74966971827e-05, 7.69106191001e-06, 4.21726826971e-06, 3.61793263437e-06]
    },
    "melbands128": {
        "mean": [0.00020336851594, 0.0031940988265, 0.00656775245443, 0.00501090055332, 0.00270983460359, 0.00158035510685, 0.00119297555648, 0.00096955022309, 0.00071375555126, 0.000919967947993, 0.000535790866707, 0.00023809375125, 0.000228289165534, 0.000185720185982, 0.000184072880074, 0.000109585351311, 0.000116503644676, 0.000243314279942, 0.000136469621793, 3.23142921843e-05, 2.35002571571e-05, 4.57346795883e-05, 5.2368555771e-05, 5.83928449487e-05, 6.10986389802e-05, 3.00698375213e-05, 1.93783089344e-05, 1.68173046404e-05, 2.35557763517e-05, 5.49737342226e-05, 4.22045995947e-05, 2.64701575361e-05, 2.80730746454e-05, 4.36540904047e-05, 5.42837005924e-05, 2.91753058264e-05, 1.52223701662e-05, 1.41168102346e-05, 2.1195744921e-05, 2.14643096115e-05, 1.88546237041e-05, 3.09490351356e-05, 4.12375266023e-05, 2.6671365049e-05, 2.22857252083e-05, 3.29850518028e-05, 3.17010271829e-05, 1.64168486663e-05, 3.01866730297e-05, 4.722407175e-05, 4.34354187746e-05, 3.06644142256e-05, 2.0017470888e-05, 1.48612616613e-05, 1.83843785635e-05, 1.72910986294e-05, 1.59633582371e-05, 1.79826674866e-05, 1.13801443149e-05, 1.21892289826e-05, 1.41931832331e-05, 1.68695951288e-05, 2.20550991799e-05, 1.70559414983e-05, 1.40865749927e-05, 1.95261254703e-05, 2.42146670644e-05, 2.11663227674e-05, 2.18522400246e-05, 1.76967660082e-05, 1.46647589645e-05, 1.41171285577e-05, 1.04672417365e-05, 7.39588995202e-06, 6.08980690231e-06, 5.89888350078e-06, 4.78255878988e-06, 4.16161492467e-06, 4.16026023231e-06, 3.31441106027e-06, 3.68252085536e-06, 4.39149380327e-06, 4.72837200505e-06, 3.22810137732e-06, 3.48852813659e-06, 3.14861540573e-06, 4.87275383421e-06, 5.17407443112e-06, 3.47724358107e-06, 4.95436006531e-06, 4.25002690463e-06, 6.1518203438e-06, 6.88390719006e-06, 5.09908522872e-06, 4.6351005949e-06, 3.65542359759e-06, 2.64389518634e-06, 2.17577644435e-06, 1.82141320693e-06, 1.86247484635e-06, 2.04061757358e-06, 1.66145252933e-06, 1.33115861445e-06, 7.41588621622e-07, 6.59212844312e-07, 5.91170248754e-07, 3.56285170255e-07, 2.66728136467e-07, 2.33727476484e-07, 1.57488017294e-07, 1.44974706018e-07, 9.52103746954e-08, 7.86908671557e-08, 6.13227868485e-08, 4.8884587045e-08, 4.0726842343e-08, 2.69908735362e-08, 3.0803251061e-09, 5.09550301259e-12, 4.76225395923e-12, 4.6388990739e-12, 4.53267588393e-12, 4.43014201712e-12, 4.35145799602e-12, 4.28174423001e-12, 4.23190258877e-12, 4.19600031804e-12, 4.16747625992e-12],
        "stdev": [0.000439077499323, 0.00665141129866, 0.013554925099, 0.0114919953048, 0.00700199184939, 0.0052428599447, 0.00421590683982, 0.00345677346922, 0.00279766018502, 0.00267093069851, 0.00145598466042, 0.000617452315055, 0.000713584478945, 0.000603326363489, 0.000735718756914, 0.000391356530599, 0.000360895821359, 0.000586866168305, 0.000287139002467, 7.21240867279e-05, 7.39736351534e-05, 0.000189814396435, 0.000183428972377, 0.000141009033541, 0.000149258790771, 9.11592214834e-05, 6.67642088956e-05, 6.3638559368e-05, 4.72814172099e-05, 0.000135588168632, 0.000101962737972, 9.166723612e-05, 0.000101849043858, 0.000133719266159, 0.000168907674379, 8.57910272316e-05, 4.96533284604e-05, 4.02006735385e-05, 4.57710229966e-05, 5.54043144803e-05, 6.63921819068e-05, 8.55564940139e-05, 9.6889642009e-05, 8.190938388e-05, 0.000105116312625, 6.32488081465e-05, 6.55040857964e-05, 3.62961218343e-05, 6.98570220266e-05, 0.000107652114821, 0.000174501576112, 0.000114470167318, 6.81090314174e-05, 4.31888365711e-05, 6.35397518636e-05, 4.70302329632e-05, 3.55474585376e-05, 3.4436408896e-05, 1.97297104023e-05, 2.25304829655e-05, 3.03654978779e-05, 3.86329083994e-05, 5.22643131262e-05, 3.5952678445e-05, 4.04557031288e-05, 7.19837844372e-05, 5.5429085478e-05, 3.50562877429e-05, 3.53570612788e-05, 3.32252238877e-05, 2.22465969273e-05, 2.06319691642e-05, 1.54031185957e-05, 1.12879479275e-05, 8.49341267894e-06, 8.33677859191e-06, 8.4350731413e-06, 6.51646405458e-06, 6.32436513115e-06, 4.74703983855e-06, 5.64418905924e-06, 6.72461055728e-06, 8.80765310285e-06, 5.32848844159e-06, 5.97153621129e-06, 5.40859673492e-06, 1.01772693597e-05, 1.03773936644e-05, 7.29738121663e-06, 1.47026285049e-05, 1.19858605103e-05, 1.90828886844e-05, 2.86256490654e-05, 1.88458307093e-05, 1.35258160299e-05, 9.03302861843e-06, 8.13303358882e-06, 4.74959642816e-06, 4.08389678341e-06, 4.22096127295e-06, 4.64178719994e-06, 3.71050009562e-06, 3.06306901621e-06, 1.68222391039e-06, 1.5357961729e-06, 1.31301305828e-06, 7.67324138451e-07, 5.98205303959e-07, 5.5390472653e-07, 3.42940637665e-07, 3.36868851036e-07, 2.34044122749e-07, 2.07022196719e-07, 1.52781154839e-07, 1.33200174446e-07, 1.09879337629e-07, 7.19327601928e-08, 9.84365655654e-09, 9.51755427941e-12, 9.07009710394e-12, 8.84279888896e-12, 8.64225704889e-12, 8.46318848335e-12, 8.31677001573e-12, 8.18744377851e-12, 8.09005900465e-12, 8.01896136299e-12, 7.97232505706e-12]
    },
    "mfcc": {
        "mean": [-703.087280273, 83.9089355469, 12.6058387756, 33.265663147, 13.0886058807, 9.23028945923, 3.27806520462, 0.662159085274, -3.58939528465, 8.0215883255, -3.48874807358, -2.46735453606, 2.84747838974],
        "cov": [[23062.34375, -1768.53015137, -2753.75390625, -225.831008911, -722.054321289, -244.660552979, -337.059448242, -270.680206299, -293.055419922, 64.438369751, -283.371612549, -133.103317261, 129.28364563], [-1768.53015137, 2199.55541992, 354.922790527, 386.92276001, 305.33581543, 163.455917358, 190.292480469, 89.5222320557, 109.718353271, -39.3030052185, 38.8116760254, -45.1476669312, 0.510077178478], [-2753.75390625, 354.922790527, 1792.62866211, 284.187347412, 533.234741211, 344.201263428, 285.181549072, 239.740066528, 178.432937622, 175.215240479, 153.489578247, 122.684158325, 60.8803100586], [-225.831008911, 386.92276001, 284.187347412, 393.460754395, 253.287139893, 162.89352417, 121.7762146, 108.345664978, 92.9978561401, 28.0169525146, 44.197719574, 17.8524150848, 6.49384641647], [-722.054321289, 305.33581543, 533.234741211, 253.287139893, 388.629058838, 221.711486816, 182.2706604, 160.693084717, 120.497177124, 87.3970870972, 69.2838058472, 48.3701324463, 18.9414901733], [-244.660552979, 163.455917358, 344.201263428, 162.89352417, 221.711486816, 250.128173828, 175.319198608, 130.591461182, 92.1973190308, 70.7390289307, 42.2431411743, 30.6708812714, 16.2875480652], [-337.059448242, 190.292480469, 285.181549072, 121.7762146, 182.2706604, 175.319198608, 204.160720825, 134.815460205, 95.7014770508, 62.643901825, 46.110042572, 36.2155990601, 33.4193649292], [-270.680206299, 89.5222320557, 239.740066528, 108.345664978, 160.693084717, 130.591461182, 134.815460205, 165.694091797, 104.355827332, 69.7452468872, 40.613407135, 32.5540084839, 12.0652551651], [-293.055419922, 109.718353271, 178.432937622, 92.9978561401, 120.497177124, 92.1973190308, 95.7014770508, 104.355827332, 120.302894592, 75.9416503906, 51.5822219849, 29.4407272339, 23.0042476654], [64.438369751, -39.3030052185, 175.215240479, 28.0169525146, 87.3970870972, 70.7390289307, 62.643901825, 69.7452468872, 75.9416503906, 147.825515747, 84.3875656128, 73.2181777954, 46.0462379456], [-283.371612549, 38.8116760254, 153.489578247, 44.197719574, 69.2838058472, 42.2431411743, 46.110042572, 40.613407135, 51.5822219849, 84.3875656128, 112.530029297, 84.6085891724, 53.3416252136], [-133.103317261, -45.1476669312, 122.684158325, 17.8524150848, 48.3701324463, 30.6708812714, 36.2155990601, 32.5540084839, 29.4407272339, 73.2181777954, 84.6085891724, 116.91015625, 78.3507537842], [129.28364563, 0.510077178478, 60.8803100586, 6.49384641647, 18.9414901733, 16.2875480652, 33.4193649292, 12.0652551651, 23.0042476654, 46.0462379456, 53.3416252136, 78.3507537842, 111.379203796]],
        "icov": [[6.83200560161e-05, 4.22899283876e-05, 0.000114889029646, -0.000123138175695, 3.24134416587e-05, -9.05168999452e-05, 2.79902669718e-05, -7.13331319275e-05, 0.000272609147942, -0.000352334522177, 0.000183105759788, 0.000223415117944, -0.000283561850665], [4.22899283876e-05, 0.000660019402858, 6.15355675109e-05, -0.000500315567479, -0.000265087670414, 0.000249263539445, -0.000611062627286, 0.000456618057797, -0.000164129945915, 0.000305713358102, -0.000489679106977, 0.000894428871106, -0.000401225493988], [0.000114889029646, 6.15355675109e-05, 0.001201680745, 8.33256635815e-05, -0.00121148698963, -0.000484508316731, -1.68708847923e-05, -0.000158596609253, 0.000618190970272, -0.000631800561678, -0.000181395254913, 0.000216975793592, -0.000428460509283], [-0.000123138175695, -0.000500315567479, 8.33256635815e-05, 0.00552517268807, -0.00292039080523, -0.00149445713032, 0.00133736466523, -6.68170760036e-05, -0.00225815991871, 0.00278899911791, -0.00153190956917, -0.000429328501923, 0.000447744561825], [3.24134416587e-05, -0.000265087670414, -0.00121148698963, -0.00292039080523, 0.00936363358051, -0.00261870888062, -0.000751010258682, -0.00201924238354, -3.87629188481e-05, -0.00111240881961, 0.000295010569971, -0.000921154976822, 0.00100528541952], [-9.05168999452e-05, 0.000249263539445, -0.000484508316731, -0.00149445713032, -0.00261870888062, 0.0135749317706, -0.00844994187355, 0.000100891418697, 0.000681160949171, -0.00205626594834, 0.00149244186468, -0.000159386807354, 0.00154736079276], [2.79902669718e-05, -0.000611062627286, -1.68708847923e-05, 0.00133736466523, -0.000751010258682, -0.00844994187355, 0.018688140437, -0.00795532856137, -0.00130401575007, 0.00192088331096, -0.0013479226036, 0.00173232331872, -0.00457853125408], [-7.13331319275e-05, 0.000456618057797, -0.000158596609253, -6.68170760036e-05, -0.00201924238354, 0.000100891418697, -0.00795532856137, 0.0217890907079, -0.0120877306908, -0.000350092857843, 0.00418885797262, -0.00580653175712, 0.00524648325518], [0.000272609147942, -0.000164129945915, 0.000618190970272, -0.00225815991871, -3.87629188481e-05, 0.000681160949171, -0.00130401575007, -0.0120877306908, 0.0273297317326, -0.00858672428876, -0.00509251281619, 0.00902998447418, -0.00492235319689], [-0.000352334522177, 0.000305713358102, -0.000631800561678, 0.00278899911791, -0.00111240881961, -0.00205626594834, 0.00192088331096, -0.000350092857843, -0.00858672428876, 0.0189713034779, -0.00814856868237, -0.00430670846254, 0.00140425888821], [0.000183105759788, -0.000489679106977, -0.000181395254913, -0.00153190956917, 0.000295010569971, 0.00149244186468, -0.0013479226036, 0.00418885797262, -0.00509251281619, -0.00814856868237, 0.0284768752754, -0.0163408070803, 0.0019379875157], [0.000223415117944, 0.000894428871106, 0.000216975793592, -0.000429328501923, -0.000921154976822, -0.000159386807354, 0.00173232331872, -0.00580653175712, 0.00902998447418, -0.00430670846254, -0.0163408070803, 0.0332999564707, -0.0157516412437], [-0.000283561850665, -0.000401225493988, -0.000428460509283, 0.000447744561825, 0.00100528541952, 0.00154736079276, -0.00457853125408, 0.00524648325518, -0.00492235319689, 0.00140425888821, 0.0019379875157, -0.0157516412437, 0.020514247939]]
    },
    "spectral_contrast_coeffs": {
        "mean": [-0.713897883892, -0.770380675793, -0.792331874371, -0.81614035368, -0.815585851669, -0.787492573261],
        "stdev": [0.111751526594, 0.084979839623, 0.0780212879181, 0.0606276206672, 0.0440226979554, 0.0501265861094]
    },
    "spectral_contrast_valleys": {
        "mean": [-7.59851121902, -7.91120290756, -8.66893959045, -8.367811203, -8.04636764526, -10.5383195877],
        "stdev": [2.45774722099, 2.36235332489, 2.39783620834, 2.5640103817, 2.72838973999, 2.60582733154]
    }
},
"rhythm": {
    "beats_count": 535,
    "beats_loudness": {
        "mean": 0.0523953326046,
        "stdev": 0.0425190143287
    },
    "bpm": 140.695007324,
    "bpm_histogram_first_peak_bpm": 140,
    "bpm_histogram_first_peak_weight": 0.426303863525,
    "bpm_histogram_second_peak_bpm": 178,
    "bpm_histogram_second_peak_spread": 0,
    "bpm_histogram_second_peak_weight": 0.0430711619556,
    "danceability": 1.22991096973,
    "onset_rate": 3.47097730637,
    "beats_loudness_band_ratio": {
        "mean": [0.621660292149, 0.11362592876, 0.0493055917323, 0.0446572750807, 0.074612043798, 0.114951945841],
        "stdev": [0.357644081116, 0.140863955021, 0.0794314965606, 0.0746347233653, 0.112550675869, 0.172210052609]
    },
    "beats_position": [0.46439909935, 0.917188167572, 1.34675729275, 1.77632653713, 2.20589566231, 2.63546490669, 3.06503391266, 3.48299312592, 3.9125623703, 4.34213161469, 4.76009082794, 5.18965959549, 5.61922883987, 6.03718805313, 6.46675729752, 6.8963265419, 7.31428575516, 7.74385452271, 8.17342376709, 8.59138298035, 9.02095222473, 9.45052146912, 9.86848068237, 10.2980499268, 10.7276191711, 11.1571884155, 11.5867567062, 12.0047159195, 12.4342851639, 12.8638544083, 13.2818136215, 13.7113828659, 14.1409521103, 14.5589113235, 14.9884805679, 15.4180498123, 15.8360090256, 16.2655773163, 16.6951465607, 17.1131057739, 17.5310649872, 17.9490242004, 18.3785934448, 18.7965526581, 19.2261219025, 19.6440811157, 20.0852603912, 20.5264396667, 20.94439888, 21.3623580933, 21.8035373688, 22.221496582, 22.6510658264, 23.0806350708, 23.4985942841, 23.9281635284, 24.3577327728, 24.7756919861, 25.2168693542, 25.6348285675, 26.0527877808, 26.4823570251, 26.9119262695, 27.3298854828, 27.7710647583, 28.1890239716, 28.6069831848, 29.0365524292, 29.4661216736, 29.8840808868, 30.3252601624, 30.7432193756, 31.17278862, 31.6023578644, 32.0203170776, 32.449886322, 32.8794555664, 33.2974128723, 33.7269821167, 34.1565513611, 34.5745124817, 34.9924697876, 35.422039032, 35.8516082764, 36.269569397, 36.6991386414, 37.1287078857, 37.5466651917, 37.976234436, 38.4058036804, 38.8353729248, 39.2649421692, 39.6829032898, 40.1008605957, 40.5304298401, 40.9599990845, 41.3779602051, 41.8075294495, 42.2370948792, 42.6550559998, 43.0846252441, 43.50258255, 43.9321517944, 44.3617210388, 44.7796821594, 45.1976394653, 45.6272087097, 46.0567779541, 46.4863471985, 46.9159164429, 47.3454856873, 47.7750549316, 48.204624176, 48.6225852966, 49.052154541, 49.4817237854, 49.8996810913, 50.3292503357, 50.6775512695, 51.0258483887, 51.362537384, 51.6992263794, 52.0359191895, 52.3842163086, 52.7325172424, 53.0808143616, 53.4291152954, 53.789024353, 54.1373214722, 54.485622406, 54.8455314636, 55.2170524597, 55.5885696411, 55.9600906372, 56.3083877563, 56.7495689392, 57.2023582458, 57.6551475525, 58.0266647339, 58.39818573, 58.7464828491, 59.094783783, 59.4314727783, 59.7797737122, 60.1164627075, 60.4299316406, 60.766620636, 61.0916976929, 61.4167785645, 61.741859436, 62.0785484314, 62.4036254883, 62.7287063599, 63.0653953552, 63.4020843506, 63.7387733459, 64.0870742798, 64.4353713989, 64.7836685181, 65.1203613281, 65.4570541382, 65.7937393188, 66.1304321289, 66.4671173096, 66.8038101196, 67.1404953003, 67.4888000488, 67.8487091064, 68.1970062256, 68.5336914062, 68.8703842163, 69.2070770264, 69.543762207, 69.8688430786, 70.2055282593, 70.5306091309, 70.8673019409, 71.3316955566, 71.7844848633, 72.2488861084, 72.6784591675, 73.1080245972, 73.5492019653, 73.9787750244, 74.4199523926, 74.8611297607, 75.2907028198, 75.7202682495, 76.1498413086, 76.5794067383, 77.0089797974, 77.4385452271, 77.8797302246, 78.3209075928, 78.7736968994, 79.2380905151, 79.7024917603, 80.1320648193, 80.5732421875, 81.0144195557, 81.4323806763, 81.861946106, 82.2799072266, 82.7094802856, 83.1390457153, 83.5570068359, 83.9865722656, 84.4161453247, 84.8457107544, 85.263671875, 85.6816329956, 86.1111984253, 86.5407714844, 86.9587249756, 87.3882980347, 87.8178634644, 88.2474365234, 88.6770019531, 89.0949630737, 89.5245361328, 89.9541015625, 90.3720626831, 90.8016281128, 91.2312011719, 91.6491622925, 92.0787277222, 92.4966888428, 92.9262542725, 93.3558273315, 93.7737884521, 94.2033538818, 94.6329269409, 95.0624923706, 95.4804534912, 95.8984146118, 96.3279800415, 96.7575454712, 97.1871185303, 97.61668396, 98.046257019, 98.4758224487, 98.8937835693, 99.3117446899, 99.7413101196, 100.170883179, 100.588844299, 101.018409729, 101.447982788, 101.877548218, 102.307121277, 102.736686707, 103.166259766, 103.584213257, 104.002174377, 104.431747437, 104.861312866, 105.279273987, 105.697235107, 106.138412476, 106.556373596, 106.997550964, 107.415504456, 107.833465576, 108.263038635, 108.692604065, 109.110565186, 109.540130615, 109.969703674, 110.387664795, 110.828842163, 111.246803284, 111.664756775, 112.105941772, 112.523895264, 112.953468323, 113.383033752, 113.800994873, 114.218955994, 114.660133362, 115.078094482, 115.507659912, 115.937232971, 116.355194092, 116.784759521, 117.214332581, 117.632286072, 118.061859131, 118.491424561, 118.909385681, 119.338951111, 119.76852417, 120.186485291, 120.627662659, 121.045623779, 121.463577271, 121.89315033, 122.322715759, 122.74067688, 123.170249939, 123.599815369, 124.017776489, 124.458953857, 124.876914978, 125.294876099, 125.736053467, 126.154014587, 126.571968079, 127.013153076, 127.431106567, 127.849067688, 128.290252686, 128.708206177, 129.137771606, 129.567337036, 129.985305786, 130.414871216, 130.844436646, 131.262405396, 131.691970825, 132.121536255, 132.539505005, 132.969070435, 133.398635864, 133.816589355, 134.257781982, 134.675735474, 135.093688965, 135.523269653, 135.952835083, 136.370788574, 136.800354004, 137.229934692, 137.647888184, 138.089065552, 138.507034302, 138.924987793, 139.366165161, 139.784118652, 140.202087402, 140.643264771, 141.061218262, 141.490783691, 141.92036438, 142.338317871, 142.756271362, 143.185852051, 143.61541748, 144.04498291, 144.47454834, 144.89251709, 145.310470581, 145.728439331, 146.158004761, 146.58757019, 147.01713562, 147.446716309, 147.876281738, 148.305847168, 148.735412598, 149.164993286, 149.582946777, 150.000900269, 150.430480957, 150.860046387, 151.289611816, 151.719177246, 152.137145996, 152.555099487, 152.984664917, 153.414230347, 153.832199097, 154.261764526, 154.691329956, 155.109298706, 155.538864136, 155.968429565, 156.397994995, 156.827575684, 157.245529175, 157.675094604, 158.104675293, 158.522628784, 158.952194214, 159.381759644, 159.799728394, 160.229293823, 160.658859253, 161.088439941, 161.518005371, 161.935958862, 162.365524292, 162.79510498, 163.213058472, 163.642623901, 164.072189331, 164.490158081, 164.919723511, 165.34928894, 165.76725769, 166.19682312, 166.62638855, 167.0443573, 167.462310791, 167.891876221, 168.32144165, 168.7394104, 169.16897583, 169.59854126, 170.028121948, 170.457687378, 170.875640869, 171.305206299, 171.734786987, 172.187576294, 172.663574219, 173.093154907, 173.545944214, 173.998733521, 174.451522827, 174.904312134, 175.345489502, 175.775054932, 176.204620361, 176.634185791, 177.052154541, 177.481719971, 177.9112854, 178.32925415, 178.75881958, 179.18838501, 179.606338501, 180.035919189, 180.465484619, 180.88343811, 181.313018799, 181.742584229, 182.16053772, 182.590103149, 183.019683838, 183.460861206, 183.913650513, 184.378051758, 184.842453003, 185.306838989, 185.771240234, 186.212417603, 186.641998291, 187.059951782, 187.489517212, 187.919082642, 188.337051392, 188.766616821, 189.196182251, 189.614151001, 190.043716431, 190.47328186, 190.89125061, 191.32081604, 191.75038147, 192.168334961, 192.597915649, 193.027481079, 193.44543457, 193.886611938, 194.304580688, 194.72253418, 195.152099609, 195.581680298, 195.999633789, 196.440811157, 196.858764648, 197.288345337, 197.717910767, 198.135864258, 198.565444946, 198.995010376, 199.412963867, 199.842529297, 200.272109985, 200.690063477, 201.119628906, 201.549209595, 201.978775024, 202.408340454, 202.826293945, 203.255874634, 203.685440063, 204.103393555, 204.532974243, 204.962539673, 205.380493164, 205.810058594, 206.228027344, 206.657592773, 207.087158203, 207.516723633, 207.934692383, 208.352645874, 208.782211304, 209.211791992, 209.641357422, 210.070922852, 210.500488281, 210.93006897, 211.348022461, 211.765975952, 212.195556641, 212.62512207, 213.0546875, 213.48425293, 213.90222168, 214.320175171, 214.761352539, 215.190933228, 215.643707275, 216.108108521, 216.560897827, 216.967254639, 217.361984253, 217.768341064, 218.163085938, 218.592651367, 219.033828735, 219.475006104, 219.916183472, 220.310928345, 220.694061279, 221.088790894, 221.471923828, 221.855056763, 222.238174438, 222.64453125, 223.050872803, 223.457229614, 223.863571167],
    "bpm_histogram": [0, 0, 0, 0, 0, 0, 0, 0, 0, 0, 0, 0, 0, 0, 0, 0, 0, 0, 0, 0, 0, 0, 0, 0, 0, 0, 0, 0, 0, 0, 0, 0, 0, 0, 0, 0, 0, 0, 0, 0, 0, 0, 0, 0, 0, 0, 0, 0, 0, 0, 0, 0, 0, 0, 0, 0, 0, 0, 0, 0, 0, 0, 0, 0, 0, 0, 0, 0, 0, 0, 0, 0, 0, 0, 0, 0, 0, 0, 0, 0, 0, 0, 0, 0, 0, 0, 0, 0, 0, 0, 0, 0, 0, 0, 0, 0, 0, 0, 0, 0, 0, 0, 0, 0, 0, 0, 0, 0, 0, 0, 0, 0, 0, 0, 0, 0, 0, 0, 0, 0, 0, 0, 0, 0, 0, 0, 0.00187265919521, 0, 0, 0.0168539322913, 0, 0, 0, 0.0243445690721, 0, 0, 0.0692883878946, 0, 0, 0, 0.473782777786, 0, 0, 0, 0.282771527767, 0, 0, 0, 0.0112359551713, 0, 0, 0, 0.00749063678086, 0, 0, 0, 0, 0.00749063678086, 0, 0, 0, 0.00936329551041, 0, 0, 0, 0, 0, 0.00561797758564, 0, 0, 0, 0, 0.031835205853, 0, 0, 0, 0, 0, 0.0430711619556, 0, 0, 0, 0, 0, 0, 0.0131086139008, 0, 0, 0, 0, 0, 0.00187265919521, 0, 0, 0, 0, 0, 0, 0, 0, 0, 0, 0, 0, 0, 0, 0, 0, 0, 0, 0, 0, 0, 0, 0, 0, 0, 0, 0, 0, 0, 0, 0, 0, 0, 0, 0, 0, 0, 0, 0, 0, 0, 0, 0, 0, 0, 0, 0, 0, 0, 0, 0, 0, 0, 0, 0, 0, 0, 0]
},
"tonal": {
    "chords_changes_rate": 0.0935043469071,
    "chords_number_rate": 0.00268928427249,
    "chords_strength": {
        "mean": 0.544157207012,
        "stdev": 0.164002582431
    },
    "hpcp_crest": {
        "mean": 11.5670366287,
        "stdev": 6.36718797684
    },
    "hpcp_entropy": {
        "mean": 2.44859361649,
        "stdev": 0.868163347244
    },
    "key_edma": {
        "strength": 0.720595300198,
        "key": "D",
        "scale": "minor"
    },
    "key_krumhansl": {
        "strength": 0.706868171692,
        "key": "D",
        "scale": "minor"
    },
    "key_temperley": {
        "strength": 0.6860653162,
        "key": "D",
        "scale": "minor"
    },
    "tuning_diatonic_strength": 0.601718366146,
    "tuning_equal_tempered_deviation": 0.159107044339,
    "tuning_frequency": 437.971466064,
    "tuning_nontempered_energy_ratio": 0.807716488838,
    "hpcp": {
        "mean": [0.465521275997, 0.36639752984, 0.188632428646, 0.108993843198, 0.0878046751022, 0.0806118547916, 0.0848374441266, 0.0894400924444, 0.0922485366464, 0.094088435173, 0.0975324884057, 0.104116693139, 0.0941426232457, 0.0782185941935, 0.0845082625747, 0.110637530684, 0.116450801492, 0.0965573862195, 0.0842904895544, 0.0931412428617, 0.147260397673, 0.184103667736, 0.136463820934, 0.10025960952, 0.0934008955956, 0.0764236077666, 0.0652663260698, 0.0658461675048, 0.0718085318804, 0.0814195126295, 0.0886221602559, 0.083087593317, 0.0729543045163, 0.0837484449148, 0.13841676712, 0.313070267439],
        "stdev": [0.412955701351, 0.359765082598, 0.281686097383, 0.216060683131, 0.194348305464, 0.170527294278, 0.174164429307, 0.172336250544, 0.183422341943, 0.193150952458, 0.189939185977, 0.184310644865, 0.169284388423, 0.171164706349, 0.191874176264, 0.247819751501, 0.238840281963, 0.209388181567, 0.193581923842, 0.194505378604, 0.222699642181, 0.268530577421, 0.219032943249, 0.206234931946, 0.209431245923, 0.182455778122, 0.146583408117, 0.145275890827, 0.145939588547, 0.149693444371, 0.162887468934, 0.157854855061, 0.148941755295, 0.177286967635, 0.225634261966, 0.32421156764]
    },
    "chords_histogram": [13.9222173691, 2.19280099869, 24.472486496, 0.579230427742, 0.144807606936, 1.11708724499, 0.889532506466, 2.62722373009, 3.51675629616, 25.6930084229, 1.92387259007, 0.455109626055, 5.56474971771, 0.517170071602, 4.63384342194, 0, 0.0827472060919, 0.268928438425, 0.227554813027, 6.37153482437, 3.08233356476, 1.61357057095, 0.0620604045689, 0.0413736030459],
    "thpcp": [1, 0.787069380283, 0.405206888914, 0.234132885933, 0.188615813851, 0.173164710402, 0.182241812348, 0.192128896713, 0.198161810637, 0.202114149928, 0.209512412548, 0.223656147718, 0.202230542898, 0.16802367568, 0.181534692645, 0.23766374588, 0.250151395798, 0.20741777122, 0.181066885591, 0.200079455972, 0.316334396601, 0.395478516817, 0.293141961098, 0.215370625257, 0.200637221336, 0.164167806506, 0.140200525522, 0.141446098685, 0.154254034162, 0.1748996526, 0.190371885896, 0.178482919931, 0.156715288758, 0.179902508855, 0.297337144613, 0.672515511513],
    "chords_key": "A",
    "chords_scale": "major"
}
}