{
"metadata": {
    "version": {
        "essentia": "2.1-dev",
        "essentia_git_sha": "v2.1_beta3-415-gd5473f3",
        "extractor": "music 2.0"
    },
    "audio_properties": {
        "analysis": {
            "equal_loudness": 0,
            "length": 236.695510864,
            "sample_rate": 44100,
            "start_time": 0,
            "downmix": "mix"
        },
        "bit_rate": 192000,
        "length": 236.695510864,
        "lossless": 0,
        "number_channels": 2,
        "replay_gain": -10.9818878174,
        "sample_rate": 44100,
        "codec": "mp3",
        "md5_encoded": "bd423f8d8738b0fbafee36791a227e43"
    },
    "tags": {
        "file_name": "m_diva-ready_for_love.mp3",
        "album": ["Solo Numeros 1 2001 CD2"],
        "artist": ["Various Artists"],
        "genre": ["Other"],
        "title": ["ready for love-m-diva"]
    }
},
"lowlevel": {
    "average_loudness": 0.952272832394,
    "barkbands_crest": {
        "mean": 11.8705701828,
        "stdev": 6.08776950836
    },
    "barkbands_flatness_db": {
        "mean": 0.117514029145,
        "stdev": 0.0720019489527
    },
    "barkbands_kurtosis": {
        "mean": 9.65955448151,
        "stdev": 46.0473937988
    },
    "barkbands_skewness": {
        "mean": 1.78876173496,
        "stdev": 2.4205801487
    },
    "barkbands_spread": {
        "mean": 38.7454605103,
        "stdev": 22.3172798157
    },
    "dissonance": {
        "mean": 0.474374890327,
        "stdev": 0.021256076172
    },
    "dynamic_complexity": 2.59546804428,
    "erbbands_crest": {
        "mean": 6.77859020233,
        "stdev": 3.5071208477
    },
    "erbbands_flatness_db": {
        "mean": 0.120779938996,
        "stdev": 0.0371287725866
    },
    "erbbands_kurtosis": {
        "mean": 0.0425016395748,
        "stdev": 2.05228686333
    },
    "erbbands_skewness": {
        "mean": -0.0624526441097,
        "stdev": 0.7590944767
    },
    "erbbands_spread": {
        "mean": 53.0079345703,
        "stdev": 20.5756015778
    },
    "hfc": {
        "mean": 40.1505317688,
        "stdev": 38.6514358521
    },
    "loudness_ebu128": {
        "integrated": -11.2373123169,
        "loudness_range": 3.70967006683,
        "momentary": {
            "mean": -13.7116613388,
            "stdev": 20.7700977325
        },
        "short_term": {
            "mean": -11.7142238617,
            "stdev": 2.83610200882
        }
    },
    "melbands_crest": {
        "mean": 17.1349105835,
        "stdev": 6.95706176758
    },
    "melbands_flatness_db": {
        "mean": 0.172088935971,
        "stdev": 0.0936333313584
    },
    "melbands_kurtosis": {
        "mean": 30.0767326355,
        "stdev": 67.0878067017
    },
    "melbands_skewness": {
        "mean": 3.70342493057,
        "stdev": 2.91342234612
    },
    "melbands_spread": {
        "mean": 37.2480125427,
        "stdev": 31.2859973907
    },
    "pitch_salience": {
        "mean": 0.479357898235,
        "stdev": 0.17191426456
    },
    "silence_rate_20dB": {
        "mean": 1,
        "stdev": 0
    },
    "silence_rate_30dB": {
        "mean": 0.914369761944,
        "stdev": 0.279807835817
    },
    "silence_rate_60dB": {
        "mean": 0.0405100546777,
        "stdev": 0.197155997157
    },
    "spectral_centroid": {
        "mean": 2117.31420898,
        "stdev": 1119.99865723
    },
    "spectral_complexity": {
        "mean": 22.1448745728,
        "stdev": 11.8820333481
    },
    "spectral_decrease": {
        "mean": -1.00462020924e-08,
        "stdev": 1.02029167337e-08
    },
    "spectral_energy": {
        "mean": 0.0415583476424,
        "stdev": 0.0389429181814
    },
    "spectral_energyband_high": {
        "mean": 0.00353519245982,
        "stdev": 0.0044474452734
    },
    "spectral_energyband_low": {
        "mean": 0.025328790769,
        "stdev": 0.037295345217
    },
    "spectral_energyband_middle_high": {
        "mean": 0.00557071203366,
        "stdev": 0.00525163812563
    },
    "spectral_energyband_middle_low": {
        "mean": 0.00858758483082,
        "stdev": 0.0137830674648
    },
    "spectral_entropy": {
        "mean": 8.09122943878,
        "stdev": 0.422433882952
    },
    "spectral_flux": {
        "mean": 0.115842476487,
        "stdev": 0.0718193873763
    },
    "spectral_kurtosis": {
        "mean": 1.59373223782,
        "stdev": 1.33554339409
    },
    "spectral_rms": {
        "mean": 0.00576301058754,
        "stdev": 0.00270784297027
    },
    "spectral_rolloff": {
        "mean": 2933.11523438,
        "stdev": 2948.27709961
    },
    "spectral_skewness": {
        "mean": 1.06961500645,
        "stdev": 0.328947663307
    },
    "spectral_spread": {
        "mean": 6694653,
        "stdev": 3270935.5
    },
    "spectral_strongpeak": {
        "mean": 0.706355392933,
        "stdev": 1.221108675
    },
    "zerocrossingrate": {
        "mean": 0.103770233691,
        "stdev": 0.068970374763
    },
    "barkbands": {
        "mean": [0.000685661274474, 0.0198374371976, 0.00339972437359, 0.00257506291382, 0.00238584075123, 0.00117643026169, 0.000769051373936, 0.000477512541693, 0.00110360817052, 0.000529641110916, 0.000491674814839, 0.00105293793604, 0.00053348345682, 0.000617560406681, 0.000672128517181, 0.000428424507845, 0.000343311199686, 0.000311537500238, 0.000426610320574, 0.000440718024038, 0.000595645804424, 0.00056195637444, 0.000685798586346, 0.000898248574231, 0.000463816075353, 9.1068650363e-05, 3.49069046024e-06],
        "stdev": [0.000760947179515, 0.0354001633823, 0.00612352741882, 0.00822112802416, 0.0068561276421, 0.00223746197298, 0.00129402976017, 0.000958749500569, 0.00191958621144, 0.0009936633287, 0.00108852586709, 0.00204756762832, 0.000867568829563, 0.00106677610893, 0.00111675309017, 0.000650646514259, 0.000542027526535, 0.000440690957475, 0.000503272865899, 0.000500149501022, 0.00071311724605, 0.000762407842558, 0.00112273229752, 0.001703083748, 0.000742656586226, 0.000133165391162, 7.31981299396e-06]
    },
    "erbbands": {
        "mean": [0.568116545677, 4.33326482773, 5.02068328857, 7.0322470665, 9.38898181915, 6.43518781662, 5.76351308823, 11.4809360504, 13.665596962, 8.48686313629, 11.8747301102, 20.8517742157, 22.3829059601, 19.2275295258, 32.9794502258, 32.4250831604, 24.8616886139, 26.0660591125, 35.3504219055, 30.6963653564, 24.0451068878, 19.7218284607, 17.7124729156, 19.0848922729, 22.0208911896, 21.6332092285, 24.9876365662, 21.1216487885, 19.4316139221, 20.5015869141, 19.8775005341, 20.7653579712, 12.621632576, 6.45195484161, 2.5712428093, 0.65312230587, 0.127825498581, 0.0198264010251, 0.000492396065965, 7.591911708e-05],
        "stdev": [0.914475381374, 8.51590919495, 7.98499393463, 20.6352863312, 28.3381099701, 18.5709514618, 9.27757263184, 23.7581138611, 23.7798442841, 14.3118848801, 20.8447189331, 40.0391349792, 38.6154098511, 30.2567329407, 54.6730461121, 54.2988471985, 40.7931022644, 38.5010604858, 51.8551292419, 56.6687850952, 37.3453788757, 29.9030151367, 25.4755115509, 23.1755752563, 25.0043563843, 25.0108890533, 28.629283905, 27.1335334778, 26.4533348083, 31.1358776093, 32.8273620605, 39.0403137207, 24.5892333984, 11.4824132919, 3.65877771378, 0.95476514101, 0.187808349729, 0.0346659310162, 0.00079897796968, 6.08280897723e-05]
    },
    "gfcc": {
        "mean": [23.1895713806, 47.6322441101, -108.350830078, 46.3090019226, -61.6544151306, 35.7151603699, -35.4662284851, 17.8046798706, -21.5921649933, 12.382525444, -10.8955144882, 3.56104660034, -4.86121988297],
        "cov": [[19382.96875, -165.15637207, -986.197692871, 563.133361816, -737.770385742, 794.860290527, -375.248413086, 331.336090088, -376.211700439, 137.791885376, -400.207519531, 17.7433872223, -421.336669922], [-165.15637207, 1159.85437012, 359.615203857, 268.918640137, 454.242401123, 112.597793579, 255.957427979, 66.4876861572, 64.670425415, 3.92458605766, 50.4846153259, -100.141906738, 86.8860702515], [-986.197692871, 359.615203857, 1197.34191895, 491.923034668, 446.454284668, 237.572692871, 130.238250732, 125.863616943, 111.506263733, -41.7852210999, -29.054265976, -62.9531326294, -81.6370849609], [563.133361816, 268.918640137, 491.923034668, 510.899200439, 318.250061035, 190.563049316, 96.5476760864, 75.7832183838, 62.3159408569, -22.5654773712, -17.3684749603, -25.787191391, -54.0899848938], [-737.770385742, 454.242401123, 446.454284668, 318.250061035, 523.87677002, 202.402862549, 215.746032715, 51.7693252563, 83.4858856201, -6.9011259079, 19.7605628967, -50.235748291, -1.55049288273], [794.860290527, 112.597793579, 237.572692871, 190.563049316, 202.402862549, 305.732879639, 141.692230225, 75.3718795776, 48.6238517761, 31.9609642029, -4.38102054596, -16.0967292786, -42.7448768616], [-375.248413086, 255.957427979, 130.238250732, 96.5476760864, 215.746032715, 141.692230225, 258.042297363, 92.3740539551, 71.5102386475, 50.0520629883, 49.0306015015, -16.6029968262, 40.705821991], [331.336090088, 66.4876861572, 125.863616943, 75.7832183838, 51.7693252563, 75.3718795776, 92.3740539551, 168.960723877, 76.472946167, 52.2547073364, 21.2332954407, 16.7229652405, 17.7295398712], [-376.211700439, 64.670425415, 111.506263733, 62.3159408569, 83.4858856201, 48.6238517761, 71.5102386475, 76.472946167, 128.064910889, 52.2876930237, 51.9701156616, 23.4092655182, 18.7183113098], [137.791885376, 3.92458605766, -41.7852210999, -22.5654773712, -6.9011259079, 31.9609642029, 50.0520629883, 52.2547073364, 52.2876930237, 111.125038147, 59.1129455566, 25.2222194672, 31.3905391693], [-400.207519531, 50.4846153259, -29.054265976, -17.3684749603, 19.7605628967, -4.38102054596, 49.0306015015, 21.2332954407, 51.9701156616, 59.1129455566, 116.470436096, 48.9834442139, 49.1315193176], [17.7433872223, -100.141906738, -62.9531326294, -25.787191391, -50.235748291, -16.0967292786, -16.6029968262, 16.7229652405, 23.4092655182, 25.2222194672, 48.9834442139, 90.1710510254, 26.4428215027], [-421.336669922, 86.8860702515, -81.6370849609, -54.0899848938, -1.55049288273, -42.7448768616, 40.705821991, 17.7295398712, 18.7183113098, 31.3905391693, 49.1315193176, 26.4428215027, 115.256317139]],
        "icov": [[0.000194185820874, -0.000295003788779, 0.000384088372812, -0.000493603758514, 0.000480017450172, -0.000801923801191, 0.000559188250918, -0.000665272644255, 0.000709349231329, -0.000509643752594, 0.000465351244202, -0.000325263885316, 0.000486417615321], [-0.000295003788779, 0.00217759842053, -0.000593003584072, 0.000366215943359, -0.00175153440796, 0.00160071486607, -0.00129248446319, 0.000692928675562, -0.00069296581205, 0.00106918881647, -0.00168987771031, 0.00252081733197, -0.00208483962342], [0.000384088372812, -0.000593003584072, 0.0024817630183, -0.00180704786908, 7.9620287579e-05, -0.00177188147791, 0.00177113653626, -0.00226143933833, 0.000730525003746, -0.000232977748965, 0.000666246574838, 3.48571629729e-05, 0.00148002256174], [-0.000493603758514, 0.000366215943359, -0.00180704786908, 0.00574208935723, -0.00294589111581, 0.000956865958869, -0.000297851045616, 0.000643606646918, -0.00187118980102, 0.00189740525093, -0.000852922501508, -0.000305651105009, -0.000123424688354], [0.000480017450172, -0.00175153440796, 7.9620287579e-05, -0.00294589111581, 0.00765060074627, -0.00314136594534, -0.00183986441698, 0.000960048404522, -0.000167090853211, 2.87723414658e-05, 0.00105059880298, -0.000429150299169, 0.000858967541717], [-0.000801923801191, 0.00160071486607, -0.00177188147791, 0.000956865958869, -0.00314136594534, 0.0100163826719, -0.00528036942706, 0.0022159118671, -0.00208216626197, -0.000399556942284, -0.000309422670398, 0.000218182103708, 0.000781119684689], [0.000559188250918, -0.00129248446319, 0.00177113653626, -0.000297851045616, -0.00183986441698, -0.00528036942706, 0.0120028844103, -0.00563371088356, 0.00180214492138, -0.0016707907198, -0.00142219290137, 0.00192798429634, -0.000896032957826], [-0.000665272644255, 0.000692928675562, -0.00226143933833, 0.000643606646918, 0.000960048404522, 0.0022159118671, -0.00563371088356, 0.0138290850446, -0.00694353552535, -0.00128173956182, 0.0021923687309, -0.00140626879875, -0.00269215833396], [0.000709349231329, -0.00069296581205, 0.000730525003746, -0.00187118980102, -0.000167090853211, -0.00208216626197, 0.00180214492138, -0.00694353552535, 0.0176410414279, -0.00522377947345, -0.00211319583468, -0.00246450747363, 0.00243592634797], [-0.000509643752594, 0.00106918881647, -0.000232977748965, 0.00189740525093, 2.87723414658e-05, -0.000399556942284, -0.0016707907198, -0.00128173956182, -0.00522377947345, 0.0182115789503, -0.00813252851367, 0.00299545284361, -0.00263632182032], [0.000465351244202, -0.00168987771031, 0.000666246574838, -0.000852922501508, 0.00105059880298, -0.000309422670398, -0.00142219290137, 0.0021923687309, -0.00211319583468, -0.00813252851367, 0.0205867607147, -0.010007715784, -0.000810453202575], [-0.000325263885316, 0.00252081733197, 3.48571629729e-05, -0.000305651105009, -0.000429150299169, 0.000218182103708, 0.00192798429634, -0.00140626879875, -0.00246450747363, 0.00299545284361, -0.010007715784, 0.0208748728037, -0.00453629903495], [0.000486417615321, -0.00208483962342, 0.00148002256174, -0.000123424688354, 0.000858967541717, 0.000781119684689, -0.000896032957826, -0.00269215833396, 0.00243592634797, -0.00263632182032, -0.000810453202575, -0.00453629903495, 0.0157569963485]]
    },
    "melbands": {
        "mean": [0.00541535532102, 0.00388292782009, 0.00129507796373, 0.000588303839322, 0.000206594500924, 0.000250549201155, 0.000199274581973, 9.6105170087e-05, 0.000100827812275, 0.000144367368193, 0.000112948000606, 7.70264596213e-05, 9.5159994089e-05, 0.000134225949296, 5.66563758184e-05, 4.90219827043e-05, 4.85854725412e-05, 5.8321031247e-05, 5.00202877447e-05, 3.2254611142e-05, 2.59283806372e-05, 1.94474851014e-05, 1.75724362634e-05, 1.62208743859e-05, 1.47379869304e-05, 1.82882286026e-05, 1.37784390972e-05, 1.39996682265e-05, 1.59532228281e-05, 1.41325917866e-05, 1.16334349514e-05, 1.09275824798e-05, 1.06022780528e-05, 1.17709569167e-05, 1.06460338429e-05, 1.35844038596e-05, 1.22007240861e-05, 9.48578508542e-06, 6.80750963511e-06, 4.91728042107e-06],
        "stdev": [0.00929833389819, 0.00662141200155, 0.00360275059938, 0.00180234282743, 0.000349619716872, 0.000504826777615, 0.00033774896292, 0.000166317418916, 0.000179439972271, 0.000260608270764, 0.000197757239221, 0.000130020067445, 0.000171844993019, 0.000279046857031, 0.000100710291008, 7.23438643035e-05, 7.60657349019e-05, 9.80472541414e-05, 8.6638960056e-05, 5.76991951675e-05, 4.27825907536e-05, 3.13161981467e-05, 2.9210039429e-05, 2.56114344666e-05, 1.89522306755e-05, 2.33387818298e-05, 1.62672768056e-05, 1.68745864357e-05, 1.94379281311e-05, 1.83715001185e-05, 1.5901234292e-05, 1.51358253788e-05, 1.56949754455e-05, 1.95936172531e-05, 1.83392057806e-05, 2.48960041063e-05, 2.38002521655e-05, 1.89084785234e-05, 1.33749344968e-05, 8.65944639372e-06]
    },
    "melbands128": {
        "mean": [0.000630523543805, 0.00404032645747, 0.00803357549012, 0.00701032718644, 0.00321232690476, 0.00160990527365, 0.00146643945482, 0.00118719018064, 0.00101008836646, 0.000638840312604, 0.000324637338053, 0.000224142961088, 0.000189490470802, 0.00016604962002, 0.000241284986259, 0.000331018673023, 0.000230452569667, 0.000211994440178, 9.97363749775e-05, 7.47037847759e-05, 9.48415181483e-05, 0.000131162450998, 6.18362682872e-05, 0.000118192008813, 0.000128497020341, 0.000144070290844, 0.000222123591811, 6.15141834714e-05, 8.0238962255e-05, 9.66314255493e-05, 5.22332957189e-05, 8.3027916844e-05, 0.000101083118352, 5.26570802322e-05, 0.000255911669228, 0.00011440218077, 3.97746043745e-05, 4.90502388857e-05, 8.23038644739e-05, 4.70064478577e-05, 2.70189411822e-05, 7.18113296898e-05, 3.55640149792e-05, 3.70530106011e-05, 8.51771546877e-05, 4.60796327388e-05, 5.05744319526e-05, 6.50096553727e-05, 3.82260768674e-05, 4.55158478871e-05, 2.29606703215e-05, 2.83010631392e-05, 3.88846565329e-05, 1.81159193744e-05, 1.37378310683e-05, 2.03446743399e-05, 2.17475171667e-05, 2.44957827817e-05, 1.22538294818e-05, 1.30848184199e-05, 1.96601158677e-05, 1.59484661708e-05, 1.0923341506e-05, 1.30906491904e-05, 2.33522205235e-05, 1.90538958122e-05, 1.41798691402e-05, 1.65378587553e-05, 1.01240493677e-05, 1.61605330504e-05, 1.44555151564e-05, 1.25626038425e-05, 1.46130259964e-05, 1.91662293219e-05, 1.39939593282e-05, 1.43907409438e-05, 1.47844248204e-05, 1.04764249045e-05, 1.217688623e-05, 1.18646257761e-05, 1.00589450085e-05, 1.11130430014e-05, 1.10212440632e-05, 9.45713964029e-06, 1.19682072182e-05, 1.09344737211e-05, 1.31702263388e-05, 1.04283362816e-05, 1.0116962585e-05, 1.07778378151e-05, 1.17884383144e-05, 1.60192394105e-05, 1.43224169733e-05, 1.15260618259e-05, 1.09790225906e-05, 1.13300438898e-05, 9.04906573851e-06, 7.37171694709e-06, 6.95921153238e-06, 6.41149017611e-06, 5.84722420172e-06, 4.61367881144e-06, 3.92430138163e-06, 3.50450545739e-06, 2.86721046905e-06, 2.40997133005e-06, 2.00169142772e-06, 1.36027290409e-06, 9.60428110375e-07, 7.21996286757e-07, 5.13993541063e-07, 4.29510407685e-07, 3.54096073352e-07, 2.96266875921e-07, 2.83071756257e-07, 2.1890878088e-07, 1.39671385568e-07, 1.34503741478e-08, 6.70114571472e-12, 6.28699176053e-12, 6.0846059094e-12, 5.91799699523e-12, 5.76586781792e-12, 5.64938503964e-12, 5.54842066389e-12, 5.47554796643e-12, 5.4226232879e-12, 5.38343328249e-12],
        "stdev": [0.000671325775329, 0.00611122464761, 0.0159432329237, 0.0142989726737, 0.00588125688955, 0.00336272269487, 0.00469650002196, 0.00372928148136, 0.00327199837193, 0.00231890310533, 0.00108098564669, 0.000449491199106, 0.000367865955923, 0.000356706703315, 0.000511092250235, 0.000922093749978, 0.000541154819075, 0.000418952637119, 0.000197824047063, 0.000213777035242, 0.000230166580877, 0.000300797109958, 0.00017773763102, 0.000352728879079, 0.00042753489106, 0.000311074894853, 0.000519854773302, 0.000180855204235, 0.000204461466637, 0.000224833958782, 0.000114836737339, 0.000218065935769, 0.000273431418464, 0.000139390045661, 0.000639472156763, 0.000266265502432, 0.000118565876619, 0.00012867100304, 0.00019924598746, 0.000107758351078, 5.6848715758e-05, 0.000171991589013, 7.50708932173e-05, 8.62434390001e-05, 0.000241590765654, 9.45552237681e-05, 0.000108112835733, 0.000180725022801, 9.46905493038e-05, 0.000149980842252, 5.49447468075e-05, 5.72610442759e-05, 8.99953520275e-05, 3.06728034047e-05, 2.42034529947e-05, 4.70580271212e-05, 4.89999802085e-05, 6.49274297757e-05, 2.01786824618e-05, 2.99087314488e-05, 4.20203941758e-05, 2.60613105638e-05, 2.23828319577e-05, 2.11374499486e-05, 4.70557060908e-05, 3.34892501996e-05, 2.44776183536e-05, 2.96833422908e-05, 1.40789506986e-05, 3.02933658531e-05, 2.01706370717e-05, 1.6768286514e-05, 2.31589510804e-05, 3.01502986986e-05, 2.22725775529e-05, 2.23279148486e-05, 2.45033243118e-05, 2.3807901016e-05, 1.97395675059e-05, 2.11400838452e-05, 1.49306588355e-05, 1.88081503438e-05, 1.77379806701e-05, 1.68658971234e-05, 1.93834166566e-05, 1.88811245607e-05, 2.65805974777e-05, 1.99680689548e-05, 2.13309140236e-05, 1.87673194887e-05, 2.19058802031e-05, 3.36964876624e-05, 2.89571980829e-05, 2.57748215517e-05, 2.30191526498e-05, 2.14409847104e-05, 2.21951249841e-05, 1.52230413732e-05, 1.43955712701e-05, 1.41662903843e-05, 1.16085184345e-05, 8.44352962304e-06, 6.85869281369e-06, 5.47274476048e-06, 4.16206557929e-06, 3.86685314879e-06, 3.50978916686e-06, 2.27081682169e-06, 1.48084677676e-06, 1.10642247364e-06, 7.96357710442e-07, 6.78233561757e-07, 5.75765852773e-07, 4.78755168842e-07, 5.29143790118e-07, 4.19112240024e-07, 2.87886678052e-07, 3.36774377274e-08, 1.01482737144e-11, 9.78313263733e-12, 9.50595071408e-12, 9.26868130857e-12, 9.06231947123e-12, 8.89271729171e-12, 8.74767966397e-12, 8.63673108725e-12, 8.55533092287e-12, 8.50395882185e-12]
    },
    "mfcc": {
        "mean": [-610.561767578, 71.2026748657, 14.1213064194, 15.9819536209, 7.67366886139, 13.4260730743, 8.11066436768, 4.66990804672, 4.69526481628, 7.09551334381, 1.52868461609, 3.87727665901, 2.54150366783],
        "cov": [[8468.64648438, -11.9686670303, 111.882049561, -84.8545608521, -0.445349752903, 194.571868896, 41.2629966736, 157.833053589, -41.8805541992, 107.79006958, -69.1040649414, 16.6792526245, -36.0379486084], [-11.9686670303, 978.28112793, 124.957267761, 251.069335938, 200.174911499, 157.566589355, 242.961395264, 63.6010322571, 173.352096558, 59.4379730225, 94.5583953857, 25.870929718, 20.3617210388], [111.882049561, 124.957267761, 762.148193359, 299.689117432, 349.084014893, 169.382507324, 105.300346375, 164.441894531, 95.8929748535, 95.5489959717, 55.1826057434, 50.3900108337, 5.42701673508], [-84.8545608521, 251.069335938, 299.689117432, 411.236206055, 284.059967041, 154.359390259, 138.861984253, 120.597984314, 116.487297058, 42.8579788208, 54.4325714111, 46.1147842407, 15.7457876205], [-0.445349752903, 200.174911499, 349.084014893, 284.059967041, 391.501922607, 215.023452759, 130.105865479, 145.948516846, 95.9280853271, 67.3090515137, 47.5678710938, 44.1277389526, 23.3578701019], [194.571868896, 157.566589355, 169.382507324, 154.359390259, 215.023452759, 294.874847412, 165.298110962, 119.166862488, 72.3265991211, 87.8010025024, 40.3442993164, 28.4062137604, 30.1823616028], [41.2629966736, 242.961395264, 105.300346375, 138.861984253, 130.105865479, 165.298110962, 233.201950073, 94.3199920654, 111.417449951, 69.4865570068, 57.5632286072, 31.7664413452, 22.2954540253], [157.833053589, 63.6010322571, 164.441894531, 120.597984314, 145.948516846, 119.166862488, 94.3199920654, 169.286605835, 78.2404098511, 61.174987793, 37.6269073486, 43.7758560181, 25.6490516663], [-41.8805541992, 173.352096558, 95.8929748535, 116.487297058, 95.9280853271, 72.3265991211, 111.417449951, 78.2404098511, 157.853057861, 64.6165161133, 59.2553138733, 30.3672008514, 24.7006530762], [107.79006958, 59.4379730225, 95.5489959717, 42.8579788208, 67.3090515137, 87.8010025024, 69.4865570068, 61.174987793, 64.6165161133, 114.020492554, 51.2338829041, 29.8185176849, 26.4010410309], [-69.1040649414, 94.5583953857, 55.1826057434, 54.4325714111, 47.5678710938, 40.3442993164, 57.5632286072, 37.6269073486, 59.2553138733, 51.2338829041, 88.9861221313, 53.1568260193, 28.456703186], [16.6792526245, 25.870929718, 50.3900108337, 46.1147842407, 44.1277389526, 28.4062137604, 31.7664413452, 43.7758560181, 30.3672008514, 29.8185176849, 53.1568260193, 88.9335021973, 48.4587669373], [-36.0379486084, 20.3617210388, 5.42701673508, 15.7457876205, 23.3578701019, 30.1823616028, 22.2954540253, 25.6490516663, 24.7006530762, 26.4010410309, 28.456703186, 48.4587669373, 79.9114990234]],
        "icov": [[0.000130129468744, -3.86526626244e-05, -1.96266082639e-05, 4.53919528809e-05, 0.000104780905531, -0.000121564531582, 5.20235698787e-05, -0.000158432929311, 6.52268427075e-05, -0.000167299600434, 0.000280440668575, -0.000207862743991, 0.000173841312062], [-3.86526626244e-05, 0.00165367429145, 0.000146189471707, -0.000429606181569, -0.000465053395601, 0.000143135694088, -0.0012984268833, 0.00087222334696, -0.00080268405145, 0.000496499415021, -0.00110213772859, 0.000748594582547, -0.00017729299725], [-1.96266082639e-05, 0.000146189471707, 0.00254375906661, -0.000744540535379, -0.00182683719322, 0.000620905309916, 0.000201622882742, -0.000666290638037, 0.000333209376549, -0.0014096776722, 1.85941844393e-05, -0.000277812388958, 0.000909496855456], [4.53919528809e-05, -0.000429606181569, -0.000744540535379, 0.00601045368239, -0.00300347455777, 2.62035191554e-05, -0.000716978393029, -0.000162665382959, -0.00177115749102, 0.00201121321879, -0.000117434872664, -0.00116799166426, 0.000749554077629], [0.000104780905531, -0.000465053395601, -0.00182683719322, -0.00300347455777, 0.00889945589006, -0.0039671654813, 0.00154685403686, -0.00187527446542, -0.00025126489345, 0.000771942141, 0.00038370009861, -0.000408473802963, -0.000117246774607], [-0.000121564531582, 0.000143135694088, 0.000620905309916, 2.62035191554e-05, -0.0039671654813, 0.00958369579166, -0.00488339038566, -0.00148205936421, 0.00281772366725, -0.00371467415243, 0.000624155043624, 0.00186480896082, -0.00175740628038], [5.20235698787e-05, -0.0012984268833, 0.000201622882742, -0.000716978393029, 0.00154685403686, -0.00488339038566, 0.0111287999898, -0.00143339671195, -0.00367520260625, 9.94366746454e-06, -0.00103558448609, -0.000566665956285, 0.00107443251181], [-0.000158432929311, 0.00087222334696, -0.000666290638037, -0.000162665382959, -0.00187527446542, -0.00148205936421, -0.00143339671195, 0.0124475238845, -0.00332034844905, -0.00131013477221, 0.00186974706594, -0.0036991564557, 0.000332700903527], [6.52268427075e-05, -0.00080268405145, 0.000333209376549, -0.00177115749102, -0.00025126489345, 0.00281772366725, -0.00367520260625, -0.00332034844905, 0.0142540046945, -0.00387815875001, -0.00402095681056, 0.00295220129192, -0.00182239722926], [-0.000167299600434, 0.000496499415021, -0.0014096776722, 0.00201121321879, 0.000771942141, -0.00371467415243, 9.94366746454e-06, -0.00131013477221, -0.00387815875001, 0.0176417082548, -0.00729305762798, 0.00204325793311, -0.00217905500904], [0.000280440668575, -0.00110213772859, 1.85941844393e-05, -0.000117434872664, 0.00038370009861, 0.000624155043624, -0.00103558448609, 0.00186974706594, -0.00402095681056, -0.00729305762798, 0.0265329219401, -0.0140075525269, 0.00246823811904], [-0.000207862743991, 0.000748594582547, -0.000277812388958, -0.00116799166426, -0.000408473802963, 0.00186480896082, -0.000566665956285, -0.0036991564557, 0.00295220129192, 0.00204325793311, -0.0140075525269, 0.026718840003, -0.0120768975466], [0.000173841312062, -0.00017729299725, 0.000909496855456, 0.000749554077629, -0.000117246774607, -0.00175740628038, 0.00107443251181, 0.000332700903527, -0.00182239722926, -0.00217905500904, 0.00246823811904, -0.0120768975466, 0.0204472076148]]
    },
    "spectral_contrast_coeffs": {
        "mean": [-0.72747606039, -0.756542861462, -0.756432712078, -0.796446919441, -0.800845146179, -0.783158063889],
        "stdev": [0.0987961068749, 0.0784449130297, 0.0816036388278, 0.0563840195537, 0.0419361740351, 0.0361754447222]
    },
    "spectral_contrast_valleys": {
        "mean": [-7.02874422073, -7.17980098724, -7.55618715286, -7.51334381104, -7.28629779816, -9.10999488831],
        "stdev": [2.20598101616, 1.99658763409, 1.96777749062, 1.96579182148, 1.97835111618, 1.93316185474]
    }
},
"rhythm": {
    "beats_count": 552,
    "beats_loudness": {
        "mean": 0.0404474176466,
        "stdev": 0.019777784124
    },
    "bpm": 140.948318481,
    "bpm_histogram_first_peak_bpm": 140,
    "bpm_histogram_first_peak_weight": 0.377176046371,
    "bpm_histogram_second_peak_bpm": 133,
    "bpm_histogram_second_peak_spread": 0.4375,
    "bpm_histogram_second_peak_weight": 0.016333937645,
    "danceability": 1.390209198,
    "onset_rate": 4.13153648376,
    "beats_loudness_band_ratio": {
        "mean": [0.465807884932, 0.0813980177045, 0.0797459930182, 0.0947963744402, 0.0728615447879, 0.219936087728],
        "stdev": [0.239218041301, 0.0662231445312, 0.0831800699234, 0.0994009450078, 0.0610422864556, 0.129086881876]
    },
    "beats_position": [0.429569154978, 0.870748281479, 1.30031740665, 1.72988653183, 2.15945577621, 2.57741498947, 3.00698399544, 3.43655323982, 3.86612248421, 4.29569149017, 4.71365070343, 5.13160991669, 5.54956912994, 5.97913837433, 6.40870714188, 6.83827638626, 7.26784563065, 7.69741487503, 8.12698364258, 8.55655288696, 8.98612213135, 9.41569137573, 9.84526062012, 10.2632198334, 10.6811790466, 11.0991382599, 11.5287075043, 11.9582767487, 12.387845993, 12.8174142838, 13.235373497, 13.6533327103, 14.0829019547, 14.512471199, 14.9304304123, 15.3599996567, 15.7895689011, 16.2075271606, 16.637096405, 17.0666656494, 17.4846248627, 17.9025840759, 18.3321533203, 18.7617225647, 19.179681778, 19.6092510223, 20.0388202667, 20.45677948, 20.8863487244, 21.3159179688, 21.733877182, 22.1634464264, 22.5930156708, 23.010974884, 23.4405441284, 23.8701133728, 24.2880725861, 24.7176418304, 25.1472110748, 25.5651702881, 25.9947395325, 26.4243087769, 26.8422679901, 27.2602272034, 27.6897945404, 28.1193637848, 28.5489330292, 28.9785022736, 29.3964614868, 29.8144207001, 30.2439899445, 30.6735591888, 31.1031284332, 31.5210876465, 31.9506568909, 32.3802261353, 32.8097953796, 33.2277526855, 33.6457138062, 34.0752830505, 34.5048522949, 34.9228096008, 35.3523788452, 35.7819480896, 36.1999092102, 36.6294784546, 37.059047699, 37.4770050049, 37.9065742493, 38.3361434937, 38.7541046143, 39.1836738586, 39.613243103, 40.0312004089, 40.4607696533, 40.8903388977, 41.3083000183, 41.7262573242, 42.1558265686, 42.585395813, 43.0149650574, 43.4445343018, 43.8624954224, 44.2804527283, 44.7100219727, 45.139591217, 45.5691604614, 45.9871177673, 46.4166870117, 46.8346481323, 47.2642173767, 47.6937866211, 48.1233558655, 48.5529251099, 48.9708824158, 49.3888435364, 49.8184127808, 50.2479820251, 50.6891593933, 51.1071205139, 51.5250778198, 51.9430389404, 52.3726081848, 52.8021774292, 53.2201347351, 53.6497039795, 54.0792732239, 54.5088424683, 54.9384117126, 55.3563690186, 55.7743301392, 56.2038993835, 56.6334686279, 57.0514259338, 57.4809951782, 57.9105644226, 58.3285255432, 58.7580947876, 59.187664032, 59.6056213379, 60.0235824585, 60.4531517029, 60.8827209473, 61.3122901917, 61.741859436, 62.1598167419, 62.5893859863, 63.0189552307, 63.4369163513, 63.8548736572, 64.2844467163, 64.714012146, 65.1435852051, 65.5731506348, 65.9911117554, 66.4206771851, 66.8502502441, 67.2682037354, 67.6977767944, 68.1273422241, 68.5453033447, 68.9748764038, 69.4044418335, 69.8224029541, 70.2403640747, 70.6699295044, 71.0995025635, 71.5174560547, 71.9470291138, 72.3765945435, 72.7945556641, 73.2241287231, 73.6536941528, 74.0716552734, 74.5012207031, 74.9307937622, 75.3487548828, 75.7783203125, 76.2078933716, 76.6258468628, 77.0554199219, 77.4849853516, 77.9029464722, 78.3325119019, 78.7620849609, 79.1800460815, 79.6096115112, 80.0391845703, 80.4571380615, 80.8867111206, 81.3162765503, 81.7342376709, 82.16381073, 82.5933761597, 83.0113372803, 83.4292984009, 83.8588638306, 84.2884368896, 84.7180023193, 85.1475753784, 85.5655288696, 85.9834899902, 86.4130630493, 86.842628479, 87.2722015381, 87.6901550293, 88.1197280884, 88.537689209, 88.9672546387, 89.3968200684, 89.814781189, 90.244354248, 90.6739196777, 91.0918807983, 91.521446228, 91.9510192871, 92.3689804077, 92.7985458374, 93.2281188965, 93.6460723877, 94.0756454468, 94.5052108765, 94.9231719971, 95.3527450562, 95.7823104858, 96.2002716064, 96.6298370361, 97.0594100952, 97.4773712158, 97.9069366455, 98.3365097046, 98.7544631958, 99.1840362549, 99.6136016846, 100.031562805, 100.449523926, 100.879089355, 101.308662415, 101.726615906, 102.156188965, 102.585754395, 103.003715515, 103.444892883, 103.862854004, 104.280815125, 104.710380554, 105.139953613, 105.557914734, 105.987480164, 106.417053223, 106.835006714, 107.264579773, 107.694145203, 108.112106323, 108.541679382, 108.971244812, 109.389205933, 109.818771362, 110.248344421, 110.666305542, 111.095870972, 111.525436401, 111.943397522, 112.372970581, 112.802536011, 113.220497131, 113.650062561, 114.07963562, 114.497596741, 114.92716217, 115.356735229, 115.774688721, 116.192649841, 116.6222229, 117.05178833, 117.469749451, 117.910926819, 118.386940002, 118.862945557, 119.338951111, 119.791740417, 120.232925415, 120.650878906, 121.080451965, 121.510017395, 121.927978516, 122.357551575, 122.787117004, 123.205078125, 123.634643555, 124.064216614, 124.493782043, 124.923355103, 125.341316223, 125.770881653, 126.200454712, 126.618408203, 127.036369324, 127.465942383, 127.895507812, 128.313461304, 128.743041992, 129.172607422, 129.590560913, 130.020126343, 130.449707031, 130.902496338, 131.355285645, 131.808074951, 132.260864258, 132.725265503, 133.189651489, 133.630844116, 134.060409546, 134.489974976, 134.919540405, 135.349105835, 135.767074585, 136.196640015, 136.626205444, 137.044174194, 137.473739624, 137.903305054, 138.321273804, 138.739227295, 139.168792725, 139.598358154, 140.027938843, 140.457504272, 140.875457764, 141.293426514, 141.722991943, 142.152557373, 142.570526123, 143.000091553, 143.429656982, 143.847610474, 144.277191162, 144.706756592, 145.124710083, 145.554275513, 145.983856201, 146.413421631, 146.842987061, 147.260955811, 147.69052124, 148.12008667, 148.538040161, 148.96762085, 149.397186279, 149.815139771, 150.233108521, 150.66267395, 151.09223938, 151.51020813, 151.928161621, 152.357727051, 152.78729248, 153.216873169, 153.646438599, 154.076004028, 154.505569458, 154.923538208, 155.341491699, 155.771057129, 156.200637817, 156.618591309, 157.048156738, 157.477722168, 157.895690918, 158.325256348, 158.754821777, 159.172790527, 159.590744019, 160.020309448, 160.449890137, 160.821395874, 161.204528809, 161.576049805, 161.947570801, 162.353912354, 162.771881104, 163.189834595, 163.642623901, 164.095413208, 164.548202515, 165.024215698, 165.488616943, 165.953018188, 166.417419434, 166.916641235, 167.415863037, 167.903488159, 168.391113281, 168.878723145, 169.354736328, 169.784301758, 170.213867188, 170.643447876, 171.073013306, 171.502578735, 171.932144165, 172.361724854, 172.791290283, 173.220855713, 173.638824463, 174.068389893, 174.497955322, 174.915908813, 175.345489502, 175.775054932, 176.193008423, 176.622589111, 177.052154541, 177.470108032, 177.899673462, 178.32925415, 178.747207642, 179.176773071, 179.606338501, 180.024307251, 180.453872681, 180.88343811, 181.30140686, 181.719360352, 182.148925781, 182.57850647, 182.996459961, 183.426025391, 183.85559082, 184.27355957, 184.703125, 185.13269043, 185.562271118, 185.991836548, 186.421401978, 186.850967407, 187.280548096, 187.710113525, 188.139678955, 188.569244385, 188.987213135, 189.405166626, 189.823120117, 190.241088867, 190.659042358, 191.07699585, 191.506576538, 191.936141968, 192.354095459, 192.783676147, 193.213241577, 193.642807007, 194.072372437, 194.490341187, 194.919906616, 195.349472046, 195.767440796, 196.185394287, 196.614959717, 197.044525146, 197.462493896, 197.903671265, 198.321624756, 198.739593506, 199.169158936, 199.598724365, 200.016693115, 200.446258545, 200.875823975, 201.293777466, 201.723358154, 202.152923584, 202.570877075, 203.000442505, 203.430023193, 203.847976685, 204.277542114, 204.707122803, 205.125076294, 205.543029785, 205.972610474, 206.402175903, 206.831741333, 207.261306763, 207.679275513, 208.108840942, 208.538406372, 208.956375122, 209.385940552, 209.815505981, 210.233459473, 210.651428223, 211.080993652, 211.510559082, 211.928527832, 212.358093262, 212.787658691, 213.205612183, 213.635192871, 214.064758301, 214.482711792, 214.91229248, 215.34185791, 215.759811401, 216.189376831, 216.61895752, 217.036911011, 217.454864502, 217.88444519, 218.31401062, 218.74357605, 219.173141479, 219.591110229, 220.009063721, 220.450241089, 220.868209839, 221.28616333, 221.71572876, 222.145309448, 222.574874878, 223.004440308, 223.422393799, 223.851974487, 224.281539917, 224.699493408, 225.129058838, 225.558639526, 225.976593018, 226.394546509, 226.835739136, 227.253692627, 227.671646118, 228.101226807, 228.530792236, 228.948745728, 229.378311157, 229.807891846, 230.225845337, 230.643798828, 231.061767578, 231.479721069, 231.967346191, 232.454956055, 232.954193115, 233.406982422, 233.84815979, 234.289337158, 234.730514526, 235.171691895, 235.63609314, 236.100494385],
    "bpm_histogram": [0, 0, 0, 0, 0, 0, 0, 0, 0, 0, 0, 0, 0, 0, 0, 0, 0, 0, 0, 0, 0, 0, 0, 0, 0, 0, 0, 0, 0, 0, 0, 0, 0, 0, 0, 0, 0, 0, 0, 0, 0, 0, 0, 0, 0, 0, 0, 0, 0, 0, 0, 0, 0, 0, 0, 0, 0, 0, 0, 0, 0, 0, 0, 0, 0, 0, 0, 0, 0, 0, 0, 0, 0, 0, 0, 0, 0, 0, 0, 0, 0, 0, 0, 0, 0, 0, 0, 0, 0, 0, 0, 0, 0, 0, 0, 0, 0, 0, 0, 0, 0, 0, 0, 0, 0, 0, 0, 0, 0, 0, 0, 0, 0, 0, 0, 0, 0, 0, 0, 0, 0.00544464588165, 0, 0, 0.00907441042364, 0, 0, 0.00907441042364, 0, 0, 0.0127041740343, 0, 0, 0, 0.016333937645, 0, 0, 0.0235934667289, 0, 0, 0, 0.584392011166, 0, 0, 0, 0.330308526754, 0, 0, 0, 0.00181488203816, 0, 0, 0, 0, 0, 0, 0, 0, 0.00181488203816, 0, 0, 0, 0.00362976407632, 0.00181488203816, 0, 0, 0, 0, 0, 0, 0, 0, 0, 0, 0, 0, 0, 0, 0, 0, 0, 0, 0, 0, 0, 0, 0, 0, 0, 0, 0, 0, 0, 0, 0, 0, 0, 0, 0, 0, 0, 0, 0, 0, 0, 0, 0, 0, 0, 0, 0, 0, 0, 0, 0, 0, 0, 0, 0, 0, 0, 0, 0, 0, 0, 0, 0, 0, 0, 0, 0, 0, 0, 0, 0, 0, 0, 0, 0, 0, 0, 0, 0, 0, 0, 0, 0, 0, 0, 0, 0]
},
"tonal": {
    "chords_changes_rate": 0.0537465661764,
    "chords_number_rate": 0.0019615534693,
    "chords_strength": {
        "mean": 0.592804670334,
        "stdev": 0.127582103014
    },
    "hpcp_crest": {
        "mean": 12.7066888809,
        "stdev": 6.16064929962
    },
    "hpcp_entropy": {
        "mean": 2.10180974007,
        "stdev": 0.783218741417
    },
    "key_edma": {
        "strength": 0.823124170303,
        "key": "F#",
        "scale": "minor"
    },
    "key_krumhansl": {
        "strength": 0.820684790611,
        "key": "F#",
        "scale": "minor"
    },
    "key_temperley": {
        "strength": 0.811348497868,
        "key": "F#",
        "scale": "minor"
    },
    "tuning_diatonic_strength": 0.715994119644,
    "tuning_equal_tempered_deviation": 0.208777993917,
    "tuning_frequency": 434.193115234,
    "tuning_nontempered_energy_ratio": 0.909493744373,
    "hpcp": {
        "mean": [0.161909624934, 0.128746956587, 0.0741121172905, 0.0571376532316, 0.0494269095361, 0.0490695163608, 0.091311827302, 0.103709027171, 0.0671553090215, 0.0528839863837, 0.0651428624988, 0.109825618565, 0.210820049047, 0.234329774976, 0.142856523395, 0.114817924798, 0.10264904052, 0.0623475499451, 0.0557971894741, 0.0584117472172, 0.0836725085974, 0.140455722809, 0.139841079712, 0.0854302570224, 0.0591923743486, 0.0731688961387, 0.168299376965, 0.253581643105, 0.21112190187, 0.122542321682, 0.0756847932935, 0.0589446239173, 0.084337554872, 0.163050800562, 0.187035307288, 0.161911100149],
        "stdev": [0.280525386333, 0.236809536815, 0.169327199459, 0.14790096879, 0.130395919085, 0.132777407765, 0.202239125967, 0.225533545017, 0.159111738205, 0.148403629661, 0.16619759798, 0.227204233408, 0.286617845297, 0.311131447554, 0.233702018857, 0.258818715811, 0.23525390029, 0.171794816852, 0.155218631029, 0.15271165967, 0.186056524515, 0.255122810602, 0.249132886529, 0.178894370794, 0.150182440877, 0.155362740159, 0.295634508133, 0.343482136726, 0.289542794228, 0.219336345792, 0.186730891466, 0.162008345127, 0.192050129175, 0.277325987816, 0.289582073689, 0.266300171614]
    },
    "chords_histogram": [37.1322097778, 11.4358568192, 25.2059631348, 4.21733999252, 0, 1.02000784874, 0, 4.96273040771, 0.039231069386, 2.72655940056, 1.03962337971, 0.470772862434, 0, 0, 0, 0, 0.196155354381, 0.784621417522, 0.863083541393, 0.176539823413, 0.490388393402, 0, 2.0204000473, 7.21851730347],
    "thpcp": [1, 0.832559883595, 0.483246028423, 0.298463225365, 0.23244830966, 0.332585424185, 0.642991364002, 0.737574338913, 0.638496935368, 0.638491094112, 0.507714033127, 0.292261362076, 0.225322514772, 0.194915175438, 0.19350579381, 0.360088467598, 0.408976882696, 0.264827162027, 0.208548158407, 0.256891071796, 0.433097660542, 0.831369519234, 0.924080193043, 0.563355147839, 0.452784836292, 0.404796808958, 0.245867758989, 0.220036387444, 0.230346903205, 0.329962790012, 0.553887605667, 0.551463723183, 0.336894482374, 0.233425319195, 0.288541764021, 0.663689136505],
    "chords_key": "F#",
    "chords_scale": "minor"
}
}