{
"metadata": {
    "version": {
        "essentia": "2.1-dev",
        "essentia_git_sha": "v2.1_beta3-415-gd5473f3",
        "extractor": "music 2.0"
    },
    "audio_properties": {
        "analysis": {
            "equal_loudness": 0,
            "length": 195.73550415,
            "sample_rate": 44100,
            "start_time": 0,
            "downmix": "mix"
        },
        "bit_rate": 192000,
        "length": 195.73550415,
        "lossless": 0,
        "number_channels": 2,
        "replay_gain": -8.63986778259,
        "sample_rate": 44100,
        "codec": "mp3",
        "md5_encoded": "839a4a1192ed8cae308f6dc4dd984155"
    },
    "tags": {
        "file_name": "m_shape-cloudless_sky.mp3",
        "album": ["Solo Numeros 1 2001 CD3"],
        "artist": ["Various Artists"],
        "genre": ["Other"],
        "title": ["cloudless sky-m shape"]
    }
},
"lowlevel": {
    "average_loudness": 0.893783986568,
    "barkbands_crest": {
        "mean": 11.1474456787,
        "stdev": 7.27471876144
    },
    "barkbands_flatness_db": {
        "mean": 0.11946810782,
        "stdev": 0.076966509223
    },
    "barkbands_kurtosis": {
        "mean": 9.28235721588,
        "stdev": 64.4566345215
    },
    "barkbands_skewness": {
        "mean": 1.41562986374,
        "stdev": 2.52369165421
    },
    "barkbands_spread": {
        "mean": 31.8802490234,
        "stdev": 21.2948646545
    },
    "dissonance": {
        "mean": 0.473129242659,
        "stdev": 0.034641649574
    },
    "dynamic_complexity": 3.13093280792,
    "erbbands_crest": {
        "mean": 7.30928182602,
        "stdev": 4.43390274048
    },
    "erbbands_flatness_db": {
        "mean": 0.140710249543,
        "stdev": 0.0555507019162
    },
    "erbbands_kurtosis": {
        "mean": 0.676781952381,
        "stdev": 2.43833327293
    },
    "erbbands_skewness": {
        "mean": -0.0764340758324,
        "stdev": 0.863309025764
    },
    "erbbands_spread": {
        "mean": 42.321018219,
        "stdev": 21.320356369
    },
    "hfc": {
        "mean": 31.9480495453,
        "stdev": 25.6199188232
    },
    "loudness_ebu128": {
        "integrated": -12.6310596466,
        "loudness_range": 3.94494152069,
        "momentary": {
            "mean": -15.1743602753,
            "stdev": 19.3568534851
        },
        "short_term": {
            "mean": -13.198677063,
            "stdev": 2.63103151321
        }
    },
    "melbands_crest": {
        "mean": 15.2731723785,
        "stdev": 8.96264457703
    },
    "melbands_flatness_db": {
        "mean": 0.161625772715,
        "stdev": 0.104311160743
    },
    "melbands_kurtosis": {
        "mean": 24.3449897766,
        "stdev": 54.0766487122
    },
    "melbands_skewness": {
        "mean": 3.04144406319,
        "stdev": 3.15808844566
    },
    "melbands_spread": {
        "mean": 41.6270484924,
        "stdev": 35.1036262512
    },
    "pitch_salience": {
        "mean": 0.518547415733,
        "stdev": 0.210457101464
    },
    "silence_rate_20dB": {
        "mean": 1,
        "stdev": 0
    },
    "silence_rate_30dB": {
        "mean": 0.892183601856,
        "stdev": 0.310141384602
    },
    "silence_rate_60dB": {
        "mean": 0.0645237788558,
        "stdev": 0.245670184493
    },
    "spectral_centroid": {
        "mean": 2205.29711914,
        "stdev": 1186.92993164
    },
    "spectral_complexity": {
        "mean": 24.4116954803,
        "stdev": 13.4219446182
    },
    "spectral_decrease": {
        "mean": -8.80176553864e-09,
        "stdev": 1.21799939024e-08
    },
    "spectral_energy": {
        "mean": 0.0361177027225,
        "stdev": 0.0464458428323
    },
    "spectral_energyband_high": {
        "mean": 0.00251239561476,
        "stdev": 0.00272098858841
    },
    "spectral_energyband_low": {
        "mean": 0.022051749751,
        "stdev": 0.0455289855599
    },
    "spectral_energyband_middle_high": {
        "mean": 0.00593458116055,
        "stdev": 0.00712834158912
    },
    "spectral_energyband_middle_low": {
        "mean": 0.00656826468185,
        "stdev": 0.0123022673652
    },
    "spectral_entropy": {
        "mean": 7.93324756622,
        "stdev": 0.633819282055
    },
    "spectral_flux": {
        "mean": 0.100917682052,
        "stdev": 0.0853946506977
    },
    "spectral_kurtosis": {
        "mean": 3.81740307808,
        "stdev": 4.99789428711
    },
    "spectral_rms": {
        "mean": 0.00504550617188,
        "stdev": 0.00312723661773
    },
    "spectral_rolloff": {
        "mean": 3087.08959961,
        "stdev": 2930.81689453
    },
    "spectral_skewness": {
        "mean": 1.34219241142,
        "stdev": 0.730300009251
    },
    "spectral_spread": {
        "mean": 5497954.5,
        "stdev": 3325477.25
    },
    "spectral_strongpeak": {
        "mean": 0.931811213493,
        "stdev": 1.27019870281
    },
    "zerocrossingrate": {
        "mean": 0.101041033864,
        "stdev": 0.0726826265454
    },
    "barkbands": {
        "mean": [0.000262726971414, 0.0170881785452, 0.00379184493795, 0.00163475819863, 0.00177410827018, 0.000704358390067, 0.000382946745958, 0.000608375645243, 0.0014014611952, 0.000408983672969, 0.00141627632547, 0.000485465861857, 0.0005661805626, 0.000646600092296, 0.000539094035048, 0.000346408312907, 0.000358498044079, 0.000358898949344, 0.000471033767099, 0.000594972399995, 0.00050014955923, 0.000545991933905, 0.000512726721354, 0.000360310339602, 0.000258702028077, 9.29534653551e-05, 5.62511786484e-06],
        "stdev": [0.000540971464943, 0.0385432839394, 0.0154096372426, 0.00717081874609, 0.00585701968521, 0.000914826407097, 0.000590410549194, 0.00185711926315, 0.00351776694879, 0.00107885396574, 0.00479761790484, 0.00128380092792, 0.00151908549014, 0.00128085317556, 0.000862764485646, 0.000548245792743, 0.00051707145758, 0.000502042239532, 0.000508694967721, 0.000648349465337, 0.000575728947297, 0.000643742387183, 0.000676129304338, 0.000506378768478, 0.000396970543079, 0.000176097484655, 9.33176852413e-06]
    },
    "erbbands": {
        "mean": [0.50977486372, 3.71525716782, 5.00082015991, 5.23780536652, 6.14994812012, 5.29333591461, 5.94265651703, 5.30521917343, 4.66457843781, 8.11419582367, 20.4700145721, 32.3230285645, 12.3978004456, 36.9723739624, 39.6048812866, 20.1154060364, 28.0379276276, 27.6217861176, 29.6596431732, 27.3811073303, 19.1287441254, 21.529548645, 18.8358840942, 23.3612861633, 27.0952587128, 26.2993965149, 20.694814682, 20.111492157, 20.6366577148, 16.001750946, 14.2459955215, 9.06924438477, 5.48227834702, 3.50354361534, 1.49961066246, 0.502588510513, 0.152884915471, 0.0261713452637, 0.0006328576128, 6.65832048981e-05],
        "stdev": [1.10386526585, 9.06305027008, 17.4880390167, 21.0490608215, 24.8283023834, 16.0167884827, 8.06615352631, 7.01136398315, 7.88500833511, 15.4687871933, 47.9560813904, 90.1904830933, 25.8515453339, 118.0284729, 131.858917236, 38.8649406433, 72.7815704346, 49.5266914368, 56.4584388733, 40.0456352234, 28.4447631836, 29.4546852112, 27.0037460327, 25.6643676758, 28.7232322693, 28.6555595398, 23.4803237915, 23.7490386963, 25.1176643372, 19.0045280457, 19.2480010986, 12.0669775009, 8.25005817413, 5.27397632599, 2.53278326988, 0.94282245636, 0.287752896547, 0.0430087521672, 0.000995479873382, 6.30994909443e-05]
    },
    "gfcc": {
        "mean": [1.44231367111, 49.9260101318, -118.768432617, 34.818813324, -62.1321983337, 24.1989498138, -34.6015472412, 14.1316022873, -24.1946277618, 7.55292510986, -14.7575674057, 0.779352068901, -11.6976823807],
        "cov": [[20444.4570312, -2012.0982666, -900.086791992, 1496.74755859, -440.662780762, 949.430480957, -236.136657715, 368.51473999, -199.645645142, 371.499023438, -366.459075928, 190.449264526, -282.459564209], [-2012.0982666, 1841.53979492, -42.0628509521, -529.907653809, 110.004302979, -245.490707397, 8.41071510315, -76.5553512573, 3.95729732513, -208.294509888, 168.147186279, -147.308578491, 95.8197174072], [-900.086791992, -42.0628509521, 894.879821777, 388.154663086, 223.626556396, 179.93208313, 159.790786743, 59.0609817505, 140.797363281, 111.626419067, 30.8890304565, 80.4547348022, -7.74481058121], [1496.74755859, -529.907653809, 388.154663086, 943.086730957, 265.317779541, 325.324920654, 165.258087158, 77.7284698486, 174.214187622, 165.42364502, -26.8357772827, 104.554519653, 3.88802742958], [-440.662780762, 110.004302979, 223.626556396, 265.317779541, 432.688476562, 162.883148193, 185.626754761, 55.9295120239, 147.661712646, 68.691444397, 53.9069061279, 14.5054798126, 13.0197381973], [949.430480957, -245.490707397, 179.93208313, 325.324920654, 162.883148193, 323.820648193, 163.967453003, 108.44657135, 110.074310303, 112.907341003, 46.1741981506, 43.0419425964, 22.2504386902], [-236.136657715, 8.41071510315, 159.790786743, 165.258087158, 185.626754761, 163.967453003, 245.806777954, 108.932189941, 113.143562317, 79.1142654419, 73.7408599854, 36.6365318298, 24.3922519684], [368.51473999, -76.5553512573, 59.0609817505, 77.7284698486, 55.9295120239, 108.44657135, 108.932189941, 144.873779297, 87.6991500854, 66.4479064941, 35.4569625854, 32.4696044922, 19.6386814117], [-199.645645142, 3.95729732513, 140.797363281, 174.214187622, 147.661712646, 110.074310303, 113.143562317, 87.6991500854, 186.998397827, 91.9304428101, 51.1813735962, 37.8919296265, 42.5420913696], [371.499023438, -208.294509888, 111.626419067, 165.42364502, 68.691444397, 112.907341003, 79.1142654419, 66.4479064941, 91.9304428101, 157.382720947, 30.4777069092, 61.3026504517, 4.26603078842], [-366.459075928, 168.147186279, 30.8890304565, -26.8357772827, 53.9069061279, 46.1741981506, 73.7408599854, 35.4569625854, 51.1813735962, 30.4777069092, 127.896873474, 19.2750797272, 45.7121925354], [190.449264526, -147.308578491, 80.4547348022, 104.554519653, 14.5054798126, 43.0419425964, 36.6365318298, 32.4696044922, 37.8919296265, 61.3026504517, 19.2750797272, 105.733901978, 19.5370426178], [-282.459564209, 95.8197174072, -7.74481058121, 3.88802742958, 13.0197381973, 22.2504386902, 24.3922519684, 19.6386814117, 42.5420913696, 4.26603078842, 45.7121925354, 19.5370426178, 100.178459167]],
        "icov": [[0.000133575085783, -0.000129099411424, 0.000260777393123, -0.000271872006124, 0.000153115135618, -0.000578250561375, 0.000473651860375, -0.000539764703717, 0.000397304742364, -0.000236784166191, 0.000242836948019, -0.000259330088738, 0.000410967331845], [-0.000129099411424, 0.00129931000993, -0.000492742226925, 0.000633002026007, -0.000644308456685, 0.00135967205279, -0.000659711717162, 0.000759677728638, -0.000878075661603, 0.0013671242632, -0.00167420052458, 0.00134497729596, -0.0010596740758], [0.000260777393123, -0.000492742226925, 0.00209491630085, -0.000932709954213, 0.000169419101439, -0.00140643969644, 0.000549141375814, -0.00065809575608, 0.000314574979711, -0.000641899416223, 0.0006826177123, -0.00141812313814, 0.0015492325183], [-0.000271872006124, 0.000633002026007, -0.000932709954213, 0.00302899372764, -0.000942204904277, -0.000517420761753, -0.00101045914926, 0.00230621453375, -0.00199834746309, 0.000477223162306, 0.000898044847418, -0.000467752106488, -0.00102063862141], [0.000153115135618, -0.000644308456685, 0.000169419101439, -0.000942204904277, 0.00496933143586, -0.00150891789235, -0.0020357677713, 0.00128201872576, -0.00203918828629, 2.16423450183e-05, 0.00051717844326, 0.000197834058781, 0.0016217934899], [-0.000578250561375, 0.00135967205279, -0.00140643969644, -0.000517420761753, -0.00150891789235, 0.0105154067278, -0.00398222403601, -0.000386671774322, -0.000438194343587, -0.000441227224655, -0.00307907094248, 0.00350579060614, -0.00318743102252], [0.000473651860375, -0.000659711717162, 0.000549141375814, -0.00101045914926, -0.0020357677713, -0.00398222403601, 0.0121694402769, -0.00660852668807, 0.00152856530622, -0.000869711104315, -0.00192972726654, -0.00155799544882, 0.0021019410342], [-0.000539764703717, 0.000759677728638, -0.00065809575608, 0.00230621453375, 0.00128201872576, -0.000386671774322, -0.00660852668807, 0.0165383014828, -0.00663716392592, 0.000353778566932, -3.60039739462e-05, -0.000144645164255, -0.00125453504734], [0.000397304742364, -0.000878075661603, 0.000314574979711, -0.00199834746309, -0.00203918828629, -0.000438194343587, 0.00152856530622, -0.00663716392592, 0.014813224785, -0.00568928616121, 0.000173563545104, 0.000244105875026, -0.00282189226709], [-0.000236784166191, 0.0013671242632, -0.000641899416223, 0.000477223162306, 2.16423450183e-05, -0.000441227224655, -0.000869711104315, 0.000353778566932, -0.00568928616121, 0.0144787793979, -0.00305637950078, -0.00346273276955, 0.00206360244192], [0.000242836948019, -0.00167420052458, 0.0006826177123, 0.000898044847418, 0.00051717844326, -0.00307907094248, -0.00192972726654, -3.60039739462e-05, 0.000173563545104, -0.00305637950078, 0.014824077487, -0.00279685226269, -0.00276487809606], [-0.000259330088738, 0.00134497729596, -0.00141812313814, -0.000467752106488, 0.000197834058781, 0.00350579060614, -0.00155799544882, -0.000144645164255, 0.000244105875026, -0.00346273276955, -0.00279685226269, 0.0156845487654, -0.0042446218431], [0.000410967331845, -0.0010596740758, 0.0015492325183, -0.00102063862141, 0.0016217934899, -0.00318743102252, 0.0021019410342, -0.00125453504734, -0.00282189226709, 0.00206360244192, -0.00276487809606, -0.0042446218431, 0.0157451089472]]
    },
    "melbands": {
        "mean": [0.00473841140047, 0.00350410724059, 0.000953728391323, 0.000421690172516, 0.000211445236346, 0.00012297766807, 7.02770630596e-05, 9.77453091764e-05, 0.000206311073271, 0.000184486998478, 5.40830333193e-05, 0.000138380288263, 0.000178032030817, 5.03910523548e-05, 6.84306723997e-05, 4.90141137561e-05, 5.29753779119e-05, 5.01336726302e-05, 4.14842179453e-05, 2.70883392659e-05, 2.09235840885e-05, 2.22674952965e-05, 1.80350307346e-05, 1.75621844392e-05, 1.90597256733e-05, 1.7234504412e-05, 2.42129171966e-05, 1.52716129378e-05, 1.31357583086e-05, 1.18293246487e-05, 1.1318840734e-05, 1.2617016182e-05, 9.1900519692e-06, 8.82631957211e-06, 8.57615395944e-06, 7.02447914591e-06, 4.871157671e-06, 3.92217179979e-06, 3.35988579536e-06, 2.82650330519e-06],
        "stdev": [0.0103707211092, 0.00941286794841, 0.00361644779332, 0.00155187002383, 0.00030712003354, 0.000158884446137, 0.000113634865556, 0.000238697801251, 0.000466718454845, 0.000509647186846, 0.000128121784655, 0.000440223549958, 0.000623661384452, 0.000176988294697, 0.000155297355377, 0.000126943850773, 0.000103808990389, 0.000112355060992, 6.56151969451e-05, 4.47253987659e-05, 3.40590122505e-05, 3.31309420289e-05, 2.80157746602e-05, 2.58610652963e-05, 2.16218541027e-05, 1.93000159925e-05, 2.74437898042e-05, 1.7454414774e-05, 1.53554228746e-05, 1.46723314174e-05, 1.39834019137e-05, 1.59317351063e-05, 1.11337512863e-05, 1.10387909444e-05, 1.24400348795e-05, 9.15870350582e-06, 6.82339577907e-06, 5.98985980105e-06, 5.5350369621e-06, 4.45048362963e-06]
    },
    "melbands128": {
        "mean": [0.000251973891864, 0.00359215564094, 0.00734780915082, 0.00569148547947, 0.0030175272841, 0.00172917847522, 0.00107016030233, 0.000758205133025, 0.000641802733298, 0.000455764267826, 0.000274673366221, 0.000212841623579, 0.00019160877855, 0.000235734652961, 0.000129606880364, 5.9174868511e-05, 7.08216248313e-05, 7.09815576556e-05, 5.75121157453e-05, 8.84190012584e-05, 9.93625217234e-05, 0.000143694604049, 0.000162954180269, 0.000346350629115, 0.000288524344796, 7.45170327718e-05, 6.99980955687e-05, 3.79876546504e-05, 6.2514700403e-05, 6.2584047555e-05, 0.000166830650414, 0.000285909918603, 0.000233670230955, 4.21426666435e-05, 7.15256974217e-05, 4.27351078542e-05, 3.39138423442e-05, 7.55540750106e-05, 9.18744990486e-05, 5.96343088546e-05, 2.93415869237e-05, 4.44851939392e-05, 5.60523003514e-05, 4.74216758448e-05, 7.40071118344e-05, 4.2550960643e-05, 3.5605593439e-05, 4.32275955973e-05, 4.37412381871e-05, 4.11895307479e-05, 1.91824165086e-05, 1.89471011254e-05, 2.74888534477e-05, 1.82075964403e-05, 1.45027670442e-05, 2.73873774859e-05, 2.26995289268e-05, 2.12394425034e-05, 1.54907538672e-05, 1.38805189636e-05, 1.83230622497e-05, 1.95637167053e-05, 1.76343692146e-05, 1.89248148672e-05, 2.21401496674e-05, 1.39845378726e-05, 1.58448510774e-05, 2.37445219682e-05, 2.85473215627e-05, 2.2656917281e-05, 1.38363775477e-05, 1.17443587442e-05, 1.44258810906e-05, 1.35100490297e-05, 1.15047823783e-05, 1.20402364701e-05, 1.14945814857e-05, 1.24345415315e-05, 1.07129008029e-05, 1.03795846371e-05, 1.49143816088e-05, 1.2512057765e-05, 9.7420243037e-06, 9.1203401098e-06, 8.06655953056e-06, 9.08418132894e-06, 8.14787290437e-06, 1.06772104118e-05, 7.98597011453e-06, 8.25953429739e-06, 6.76205718264e-06, 7.54056645746e-06, 5.99398299528e-06, 4.8181918828e-06, 3.9727492549e-06, 4.1960784074e-06, 3.88776879845e-06, 3.45867306351e-06, 3.48497451341e-06, 3.24887469105e-06, 3.20758317685e-06, 2.69021597887e-06, 2.53279517892e-06, 1.88832689219e-06, 1.65220887993e-06, 1.50699088408e-06, 1.06760614926e-06, 8.77287220646e-07, 8.39339065806e-07, 7.32563137262e-07, 6.90671868142e-07, 6.15137821569e-07, 4.17914861828e-07, 3.58934840961e-07, 3.13437567456e-07, 2.91887033654e-07, 2.24146674555e-07, 2.7731518415e-08, 6.23148147666e-12, 5.70818175713e-12, 5.52721670516e-12, 5.3824219387e-12, 5.25009549723e-12, 5.14674197358e-12, 5.06103058767e-12, 5.00063792458e-12, 4.95431603728e-12, 4.91872558309e-12],
        "stdev": [0.00053273170488, 0.00803300272673, 0.0171480756253, 0.0155475605279, 0.0106682367623, 0.00706415949389, 0.00468338700011, 0.00337134324946, 0.00276489672251, 0.00180358020589, 0.000912282383069, 0.000411261222325, 0.000297101476463, 0.000374454131816, 0.000208692887099, 0.000115863367682, 0.000153055603732, 0.000164137512911, 0.000104924933112, 0.000191711864318, 0.000335219985573, 0.000637371500488, 0.000491478596814, 0.00103418214712, 0.001012046705, 0.000308834889438, 0.000278024846921, 0.000131038323161, 0.000181621071533, 0.000227077311138, 0.000820053275675, 0.00107643671799, 0.00107015913818, 0.000222423579544, 0.000359488505637, 0.000183335636393, 6.03016233072e-05, 0.000197172499611, 0.000328917521983, 0.000257063366007, 0.000120114724268, 9.30316964514e-05, 0.000165718374774, 0.000126637445646, 0.000243917311309, 0.000128346960992, 9.17952493182e-05, 9.37455697567e-05, 8.6073690909e-05, 7.35511202947e-05, 5.30471370439e-05, 4.52090971521e-05, 4.96153916174e-05, 3.86760330002e-05, 3.47370587406e-05, 4.76811765111e-05, 3.8277648855e-05, 3.76822099497e-05, 3.16737750836e-05, 3.18581842293e-05, 3.42288440152e-05, 3.25094842992e-05, 2.55412815022e-05, 2.67629220616e-05, 3.38777063007e-05, 2.09764148167e-05, 2.18804179895e-05, 3.06884576275e-05, 3.71599780919e-05, 3.03074484691e-05, 1.87896876014e-05, 1.65685905813e-05, 2.02848004847e-05, 1.76297726284e-05, 1.61674925039e-05, 1.746127964e-05, 1.63814183907e-05, 1.606636215e-05, 1.54159242811e-05, 1.55064881255e-05, 2.12914837903e-05, 1.70376406459e-05, 1.3607324945e-05, 1.24419975691e-05, 1.07437581391e-05, 1.31795595735e-05, 1.13080832307e-05, 1.9137189156e-05, 1.27120219986e-05, 1.13714713734e-05, 8.90391311259e-06, 1.15292687042e-05, 8.98070720723e-06, 7.0994105954e-06, 6.50326364848e-06, 6.84483347868e-06, 6.15282033323e-06, 6.29024407317e-06, 6.61296780891e-06, 5.37747655471e-06, 4.84578959004e-06, 4.6895675041e-06, 4.94758933201e-06, 3.30928833137e-06, 3.21790980706e-06, 2.68991834673e-06, 1.80452082077e-06, 1.63614367921e-06, 1.79669041245e-06, 1.39079145356e-06, 1.72285751887e-06, 1.22460937746e-06, 8.17875218218e-07, 6.28031102679e-07, 5.64967535865e-07, 4.88658088216e-07, 3.73631905859e-07, 5.14337372692e-08, 1.10423172342e-11, 1.04635527673e-11, 1.0184282237e-11, 9.94570138052e-12, 9.73447277647e-12, 9.56367884192e-12, 9.4137440898e-12, 9.30130885507e-12, 9.21815054844e-12, 9.16448340826e-12]
    },
    "mfcc": {
        "mean": [-631.959350586, 79.2928237915, 1.36467623711, 14.324795723, 0.699026584625, 7.38466501236, 4.67893075943, 4.2474770546, -0.286396771669, 6.83984994888, 1.56557047367, -0.179846167564, 0.224982962012],
        "cov": [[10542.4541016, -1977.73510742, -90.4376678467, 492.137512207, 248.956558228, 608.766235352, 159.653549194, 216.290969849, 220.706741333, 315.262084961, 91.8228683472, -3.17387294769, -5.59448051453], [-1977.73510742, 2078.8762207, -156.800537109, -304.071655273, -51.4819221497, -333.828277588, 8.07913589478, -64.7720870972, -145.752609253, -107.558303833, -61.1656951904, -17.0940170288, -13.6453409195], [-90.4376678467, -156.800537109, 664.582641602, 238.760879517, 102.005401611, 181.726242065, 47.8308410645, 83.3442153931, 84.4639892578, 33.8938903809, 81.6037902832, 61.5968093872, 54.2794532776], [492.137512207, -304.071655273, 238.760879517, 492.747772217, 189.106445312, 283.918121338, 53.3666496277, 116.124008179, 127.983840942, 61.6101570129, 89.8222122192, 76.7084732056, 36.5544090271], [248.956558228, -51.4819221497, 102.005401611, 189.106445312, 251.411087036, 190.368057251, 70.275062561, 83.5135574341, 85.6392440796, 86.85962677, 55.2606391907, 38.3851776123, 30.5691795349], [608.766235352, -333.828277588, 181.726242065, 283.918121338, 190.368057251, 352.414215088, 113.559288025, 117.046806335, 127.312606812, 113.01411438, 97.0140457153, 75.7806015015, 52.3824462891], [159.653549194, 8.07913589478, 47.8308410645, 53.3666496277, 70.275062561, 113.559288025, 185.870269775, 88.4214706421, 43.8697814941, 80.6408462524, 51.6582489014, 46.1603088379, 36.2323913574], [216.290969849, -64.7720870972, 83.3442153931, 116.124008179, 83.5135574341, 117.046806335, 88.4214706421, 147.081726074, 88.4444351196, 65.1560745239, 57.5285110474, 54.1534576416, 42.8676338196], [220.706741333, -145.752609253, 84.4639892578, 127.983840942, 85.6392440796, 127.312606812, 43.8697814941, 88.4444351196, 157.519561768, 86.2242660522, 69.3274612427, 48.0163574219, 41.5994949341], [315.262084961, -107.558303833, 33.8938903809, 61.6101570129, 86.85962677, 113.01411438, 80.6408462524, 65.1560745239, 86.2242660522, 148.098434448, 74.1582717896, 42.008644104, 39.1360397339], [91.8228683472, -61.1656951904, 81.6037902832, 89.8222122192, 55.2606391907, 97.0140457153, 51.6582489014, 57.5285110474, 69.3274612427, 74.1582717896, 112.421112061, 73.4375457764, 36.7588272095], [-3.17387294769, -17.0940170288, 61.5968093872, 76.7084732056, 38.3851776123, 75.7806015015, 46.1603088379, 54.1534576416, 48.0163574219, 42.008644104, 73.4375457764, 99.8412628174, 51.1022377014], [-5.59448051453, -13.6453409195, 54.2794532776, 36.5544090271, 30.5691795349, 52.3824462891, 36.2323913574, 42.8676338196, 41.5994949341, 39.1360397339, 36.7588272095, 51.1022377014, 79.1062088013]],
        "icov": [[0.000129107676912, 9.50337416725e-05, 7.70353944972e-05, -4.84949669044e-05, 4.01722863899e-05, -0.000138548086397, 1.98148463824e-05, -0.000132682776893, 9.59725221037e-05, -0.000220409448957, 7.29039747966e-05, 0.000110999681056, 8.7110514869e-05], [9.50337416725e-05, 0.000743468757719, 5.08627563249e-05, 0.000142024859088, -0.000673188304063, 0.000856773287524, -0.000477466615848, -9.24449268496e-05, 0.000252328987699, 0.000327382673277, -0.000159126662766, -0.00023579444678, -7.23658376955e-05], [7.70353944972e-05, 5.08627563249e-05, 0.002026055241, -0.000620784645434, 4.64349941467e-05, -0.00052152358694, -7.30852116249e-06, -0.000248288473813, 2.53677148976e-06, 0.00075796386227, -0.00113807874732, 0.000765476142988, -0.000965796934906], [-4.84949669044e-05, 0.000142024859088, -0.000620784645434, 0.00490585016087, -0.0014963290887, -0.00263125752099, 0.00106494559441, -0.00101488083601, -0.000999224954285, 0.00196111388505, -0.000540336361155, -0.00129825121257, 0.0012078450527], [4.01722863899e-05, -0.000673188304063, 4.64349941467e-05, -0.0014963290887, 0.0083173327148, -0.00345846661367, 0.000554102065507, -0.0010816573631, -4.19444550062e-05, -0.00294046918862, 0.00116227346007, 0.00106230133679, 0.000205164382351], [-0.000138548086397, 0.000856773287524, -0.00052152358694, -0.00263125752099, -0.00345846661367, 0.0100882435217, -0.00300872931257, 0.000540178851224, -0.00116677803453, -0.0005638563307, -0.000927004555706, -0.000952140777372, -0.000608329020906], [1.98148463824e-05, -0.000477466615848, -7.30852116249e-06, 0.00106494559441, 0.000554102065507, -0.00300872931257, 0.0101990615949, -0.00504125235602, 0.00302445539273, -0.00389893888496, 0.0003987934615, -0.000922768493183, 1.98440066015e-05], [-0.000132682776893, -9.24449268496e-05, -0.000248288473813, -0.00101488083601, -0.0010816573631, 0.000540178851224, -0.00504125235602, 0.0150682572275, -0.00552272005007, 0.00112052168697, 0.000316610647133, -0.00216149888001, -0.001583112753], [9.59725221037e-05, 0.000252328987699, 2.53677148976e-06, -0.000999224954285, -4.19444550062e-05, -0.00116677803453, 0.00302445539273, -0.00552272005007, 0.0143784657121, -0.0048588225618, -0.00257525825873, 0.00130635953974, -0.00189800851513], [-0.000220409448957, 0.000327382673277, 0.00075796386227, 0.00196111388505, -0.00294046918862, -0.0005638563307, -0.00389893888496, 0.00112052168697, -0.0048588225618, 0.0169483013451, -0.00813062116504, 0.00358155649155, -0.00306240981445], [7.29039747966e-05, -0.000159126662766, -0.00113807874732, -0.000540336361155, 0.00116227346007, -0.000927004555706, 0.0003987934615, 0.000316610647133, -0.00257525825873, -0.00813062116504, 0.0253700874746, -0.0151568902656, 0.00419784989208], [0.000110999681056, -0.00023579444678, 0.000765476142988, -0.00129825121257, 0.00106230133679, -0.000952140777372, -0.000922768493183, -0.00216149888001, 0.00130635953974, 0.00358155649155, -0.0151568902656, 0.0270926486701, -0.0110617410392], [8.7110514869e-05, -7.23658376955e-05, -0.000965796934906, 0.0012078450527, 0.000205164382351, -0.000608329020906, 1.98440066015e-05, -0.001583112753, -0.00189800851513, -0.00306240981445, 0.00419784989208, -0.0110617410392, 0.0216201562434]]
    },
    "spectral_contrast_coeffs": {
        "mean": [-0.703371167183, -0.777442753315, -0.771306872368, -0.795704245567, -0.796422123909, -0.772757172585],
        "stdev": [0.099507600069, 0.0736851990223, 0.0770405828953, 0.0510452464223, 0.0376294627786, 0.0405153892934]
    },
    "spectral_contrast_valleys": {
        "mean": [-7.41456651688, -7.05249166489, -7.60672473907, -7.61413574219, -7.41444635391, -9.61380290985],
        "stdev": [2.02523159981, 1.9086920023, 1.90613698959, 2.00412988663, 2.14302110672, 2.10606837273]
    }
},
"rhythm": {
    "beats_count": 448,
    "beats_loudness": {
        "mean": 0.0378496386111,
        "stdev": 0.0467360578477
    },
    "bpm": 139.007827759,
    "bpm_histogram_first_peak_bpm": 140,
    "bpm_histogram_first_peak_weight": 0.347708880901,
    "bpm_histogram_second_peak_bpm": 129,
    "bpm_histogram_second_peak_spread": 0.558139503002,
    "bpm_histogram_second_peak_weight": 0.0425055921078,
    "danceability": 1.47607135773,
    "onset_rate": 3.93858003616,
    "beats_loudness_band_ratio": {
        "mean": [0.301490545273, 0.107701890171, 0.124608300626, 0.14001442492, 0.0931205227971, 0.24846111238],
        "stdev": [0.263373821974, 0.130293160677, 0.138022691011, 0.151976749301, 0.0810484141111, 0.181626930833]
    },
    "beats_position": [0.429569154978, 0.870748281479, 1.30031740665, 1.72988653183, 2.14784574509, 2.56580495834, 2.99537420273, 3.42494320869, 3.85451245308, 4.27247142792, 4.7020406723, 5.14321994781, 5.5727891922, 6.00235795975, 6.43192720413, 6.87310647964, 7.30267572403, 7.73224496841, 8.17342376709, 8.60299301147, 9.03256225586, 9.46213150024, 9.89170074463, 10.321269989, 10.774058342, 11.2384576797, 11.7028570175, 12.144036293, 12.5852155685, 13.0263938904, 13.5024032593, 13.9784126282, 14.4428119659, 14.9304304123, 15.4180498123, 15.9056682587, 16.3932876587, 16.8692970276, 17.3336963654, 17.8097057343, 18.3089332581, 18.8197727203, 19.3306121826, 19.8298416138, 20.3406791687, 20.8282985687, 21.3275279999, 21.826757431, 22.3143768311, 22.8136043549, 23.3012237549, 23.7772331238, 24.2532424927, 24.7292518616, 25.2052612305, 25.6348285675, 26.0643978119, 26.4939670563, 26.9235363007, 27.353105545, 27.7826747894, 28.2122440338, 28.6185932159, 29.0249423981, 29.4196815491, 29.8260307312, 30.2323799133, 30.6271190643, 31.0334682465, 31.4165973663, 31.8113365173, 32.2060775757, 32.6124267578, 33.0303840637, 33.4483451843, 33.8546943665, 34.2146034241, 34.5745124817, 34.9344215393, 35.2943305969, 35.6542396545, 36.0838088989, 36.5133781433, 36.9429473877, 37.3957366943, 37.8369140625, 38.2897033691, 38.7424926758, 39.1952819824, 39.6480712891, 40.1008605957, 40.5652618408, 41.0296592712, 41.4940567017, 41.9468460083, 42.3996353149, 42.8524246216, 43.3052139282, 43.7696151733, 44.2107925415, 44.6403617859, 45.0699310303, 45.4995002747, 45.929069519, 46.3702468872, 46.8114280701, 47.2409973145, 47.6705665588, 48.1001358032, 48.5297050476, 48.959274292, 49.3888435364, 49.8300209045, 50.2595901489, 50.6891593933, 51.1187286377, 51.5482978821, 51.9894790649, 52.4190483093, 52.8486175537, 53.2781867981, 53.7077522278, 54.1373214722, 54.5668907166, 55.0080718994, 55.4376411438, 55.8672103882, 56.2967796326, 56.726348877, 57.1559181213, 57.5854873657, 58.0266647339, 58.4562339783, 58.8858032227, 59.315372467, 59.7449417114, 60.1861228943, 60.6040802002, 61.0452613831, 61.4748306274, 61.9043960571, 62.3339653015, 62.7635345459, 63.2047157288, 63.6342849731, 64.0638504028, 64.4934234619, 64.9229888916, 65.3641738892, 65.7937393188, 66.2233123779, 66.6528778076, 67.0824508667, 67.5236282349, 67.9415893555, 68.3827667236, 68.8123321533, 69.2419052124, 69.6714706421, 70.1010437012, 70.5422210693, 70.971786499, 71.4013595581, 71.8425369263, 72.2721099854, 72.701675415, 73.1312484741, 73.5608139038, 73.9903869629, 74.4199523926, 74.8495254517, 75.2790908813, 75.7202682495, 76.1614532471, 76.5910186768, 77.0205917358, 77.4501571655, 77.8797302246, 78.3092956543, 78.738861084, 79.1684341431, 79.5979995728, 80.0275726318, 80.4571380615, 80.8983230591, 81.3395004272, 81.7574615479, 82.198638916, 82.6282043457, 83.0577774048, 83.4873428345, 83.9169158936, 84.3464813232, 84.7760543823, 85.205619812, 85.6351928711, 86.0763702393, 86.5175476074, 86.935508728, 87.3766860962, 87.8062591553, 88.235824585, 88.665397644, 89.0949630737, 89.5361404419, 89.965713501, 90.3952789307, 90.8248519897, 91.2544174194, 91.695602417, 92.1135559082, 92.5547409058, 92.972694397, 93.4138793945, 93.8434448242, 94.2730178833, 94.7141952515, 95.1437606812, 95.5733337402, 96.0028991699, 96.432472229, 96.8736495972, 97.2916107178, 97.7327880859, 98.1623535156, 98.5919265747, 99.0214920044, 99.4510650635, 99.8922424316, 100.321815491, 100.75138092, 101.180953979, 101.610519409, 102.051696777, 102.481269836, 102.910835266, 103.340408325, 103.769973755, 104.199546814, 104.629112244, 105.070289612, 105.511474609, 105.929428101, 106.370613098, 106.788566589, 107.229751587, 107.647705078, 108.088890076, 108.518455505, 108.948028564, 109.377593994, 109.807167053, 110.248344421, 110.677909851, 111.10748291, 111.53704834, 111.966621399, 112.407798767, 112.825759888, 113.266937256, 113.696502686, 114.126075745, 114.567253113, 114.996826172, 115.426391602, 115.855964661, 116.28553009, 116.726707458, 117.156280518, 117.585845947, 118.003807068, 118.444984436, 118.886169434, 119.327346802, 119.791740417, 120.256141663, 120.697319031, 121.138504028, 121.579681396, 122.044082642, 122.508476257, 122.972877502, 123.414054871, 123.84362793, 124.273193359, 124.69115448, 125.132331848, 125.561904907, 125.991470337, 126.421043396, 126.850608826, 127.291786194, 127.721359253, 128.150924683, 128.592102051, 129.010070801, 129.451248169, 129.86920166, 130.310379028, 130.739959717, 131.169525146, 131.610702515, 132.040267944, 132.469833374, 132.899414062, 133.328979492, 133.77015686, 134.19972229, 134.62928772, 135.04725647, 135.488433838, 135.929611206, 136.370788574, 136.823577881, 137.287979126, 137.76399231, 138.239990234, 138.716003418, 139.157180786, 139.598358154, 140.027938843, 140.457504272, 140.887069702, 141.316635132, 141.74621582, 142.17578125, 142.616958618, 143.046524048, 143.476104736, 143.905670166, 144.335235596, 144.764801025, 145.194366455, 145.635559082, 146.065124512, 146.494689941, 146.93586731, 147.35383606, 147.795013428, 148.224578857, 148.654144287, 149.083709717, 149.513290405, 149.942855835, 150.372421265, 150.813598633, 151.254776001, 151.684356689, 152.113922119, 152.53187561, 152.973052979, 153.402633667, 153.832199097, 154.261764526, 154.691329956, 155.132507324, 155.562088013, 155.991653442, 156.432830811, 156.86239624, 157.291976929, 157.721542358, 158.151107788, 158.592285156, 159.021850586, 159.451431274, 159.880996704, 160.310562134, 160.751739502, 161.181304932, 161.61088562, 162.04045105, 162.470016479, 162.899581909, 163.329162598, 163.770339966, 164.199905396, 164.629470825, 165.059051514, 165.488616943, 165.929794312, 166.347747803, 166.788925171, 167.206893921, 167.648071289, 168.077636719, 168.507202148, 168.948379517, 169.377960205, 169.807525635, 170.248703003, 170.666656494, 171.107849121, 171.525802612, 171.96697998, 172.39654541, 172.826126099, 173.255691528, 173.685256958, 174.126434326, 174.555999756, 174.985580444, 175.415145874, 175.844711304, 176.285888672, 176.715454102, 177.14503479, 177.57460022, 178.004165649, 178.433731079, 178.863311768, 179.304489136, 179.734054565, 180.163619995, 180.593200684, 181.022766113, 181.463943481, 181.881896973, 182.323074341, 182.752655029, 183.182220459, 183.611785889, 184.041351318, 184.482528687, 184.912109375, 185.341674805, 185.782852173, 186.212417603, 186.641998291, 187.059951782, 187.50112915, 187.93069458, 188.360275269, 188.789840698, 189.219406128, 189.660583496, 190.101760864, 190.519729614, 190.960906982, 191.390472412, 191.820037842, 192.284439087, 192.748840332, 193.213241577, 193.677642822, 194.142044067, 194.618041992, 195.140487671],
    "bpm_histogram": [0, 0, 0, 0, 0, 0, 0, 0, 0, 0, 0, 0, 0, 0, 0, 0, 0, 0, 0, 0, 0, 0, 0, 0, 0, 0, 0, 0, 0, 0, 0, 0, 0, 0, 0, 0, 0, 0, 0, 0, 0, 0, 0, 0, 0, 0, 0, 0, 0, 0, 0, 0, 0, 0, 0, 0, 0, 0, 0, 0, 0, 0, 0, 0, 0, 0, 0, 0, 0, 0, 0, 0, 0, 0, 0, 0, 0, 0, 0, 0, 0, 0, 0, 0, 0, 0, 0, 0, 0, 0, 0, 0, 0, 0, 0, 0, 0, 0, 0, 0, 0, 0, 0, 0, 0, 0, 0, 0, 0, 0, 0, 0, 0, 0, 0, 0.00223713647574, 0, 0.00671140942723, 0, 0, 0.0111856823787, 0, 0, 0.0156599543989, 0, 0, 0.0268456377089, 0, 0, 0.0425055921078, 0, 0, 0, 0.0268456377089, 0, 0, 0.221476510167, 0, 0, 0, 0.541387021542, 0, 0, 0, 0.0671140924096, 0, 0, 0, 0.0156599543989, 0, 0, 0, 0.00894854590297, 0, 0, 0, 0, 0.00223713647574, 0, 0, 0, 0, 0, 0, 0, 0, 0, 0.0111856823787, 0, 0, 0, 0, 0, 0, 0, 0, 0, 0, 0, 0, 0, 0, 0, 0, 0, 0, 0, 0, 0, 0, 0, 0, 0, 0, 0, 0, 0, 0, 0, 0, 0, 0, 0, 0, 0, 0, 0, 0, 0, 0, 0, 0, 0, 0, 0, 0, 0, 0, 0, 0, 0, 0, 0, 0, 0, 0, 0, 0, 0, 0, 0, 0, 0, 0, 0, 0, 0, 0, 0, 0, 0, 0, 0, 0, 0, 0, 0, 0, 0, 0]
},
"tonal": {
    "chords_changes_rate": 0.0483870953321,
    "chords_number_rate": 0.00189753319137,
    "chords_strength": {
        "mean": 0.564222157001,
        "stdev": 0.12971419096
    },
    "hpcp_crest": {
        "mean": 12.7401666641,
        "stdev": 6.54964637756
    },
    "hpcp_entropy": {
        "mean": 2.17771029472,
        "stdev": 0.803563714027
    },
    "key_edma": {
        "strength": 0.719051480293,
        "key": "E",
        "scale": "major"
    },
    "key_krumhansl": {
        "strength": 0.738280057907,
        "key": "E",
        "scale": "major"
    },
    "key_temperley": {
        "strength": 0.763725221157,
        "key": "E",
        "scale": "major"
    },
    "tuning_diatonic_strength": 0.642307221889,
    "tuning_equal_tempered_deviation": 0.264189332724,
    "tuning_frequency": 432.191345215,
    "tuning_nontempered_energy_ratio": 0.952567398548,
    "hpcp": {
        "mean": [0.231089815497, 0.176000729203, 0.105060622096, 0.0942279100418, 0.0985307916999, 0.0980014577508, 0.181635588408, 0.245720878243, 0.170883208513, 0.0936436653137, 0.0738992020488, 0.0960626974702, 0.207361444831, 0.273170650005, 0.166980117559, 0.0564570054412, 0.0361883752048, 0.0514326430857, 0.142238974571, 0.197712257504, 0.139162957668, 0.180771917105, 0.241135984659, 0.15166477859, 0.071854762733, 0.0565941520035, 0.0639075264335, 0.117945201695, 0.147342100739, 0.115564577281, 0.0863832458854, 0.0679668411613, 0.0734131783247, 0.141584262252, 0.182317376137, 0.204864382744],
        "stdev": [0.338079869747, 0.289747953415, 0.204705774784, 0.194413498044, 0.204280540347, 0.179982975125, 0.247117355466, 0.320923566818, 0.254546791315, 0.19263625145, 0.172821372747, 0.194795757532, 0.28745162487, 0.351543754339, 0.248686105013, 0.127218469977, 0.0954421684146, 0.1131535694, 0.219454452395, 0.293370634317, 0.202018633485, 0.245794847608, 0.32281768322, 0.222638562322, 0.138504832983, 0.124256253242, 0.143524587154, 0.202165976167, 0.236422076821, 0.185929894447, 0.158102214336, 0.140795424581, 0.143063262105, 0.212486937642, 0.257709234953, 0.284214526415]
    },
    "chords_histogram": [7.2343454361, 18.9753322601, 13.994307518, 2.03984808922, 1.70777988434, 0, 0, 0, 0.26091080904, 0, 0.426944971085, 0, 0, 0.0237191654742, 0, 0.166034162045, 0, 0.545540809631, 0, 0.403225809336, 0, 8.51518058777, 16.1764698029, 29.5303611755],
    "thpcp": [1, 0.611266672611, 0.206673026085, 0.132475346327, 0.188280269504, 0.520696401596, 0.723768293858, 0.50943595171, 0.66175454855, 0.882730185986, 0.555201590061, 0.263039827347, 0.207175076008, 0.233947262168, 0.431763827801, 0.539377510548, 0.423049032688, 0.316224485636, 0.248807266355, 0.26874473691, 0.51829969883, 0.667412042618, 0.749950170517, 0.845954060555, 0.644288599491, 0.384597033262, 0.344941556454, 0.360693186522, 0.35875543952, 0.664916217327, 0.899514198303, 0.625554800034, 0.342802792788, 0.270523935556, 0.351658195257, 0.759091258049],
    "chords_key": "C#",
    "chords_scale": "minor"
}
}