{
"metadata": {
    "version": {
        "essentia": "2.1-dev",
        "essentia_git_sha": "v2.1_beta3-415-gd5473f3",
        "extractor": "music 2.0"
    },
    "audio_properties": {
        "analysis": {
            "equal_loudness": 0,
            "length": 223.582046509,
            "sample_rate": 44100,
            "start_time": 0,
            "downmix": "mix"
        },
        "bit_rate": 192000,
        "length": 223.582046509,
        "lossless": 0,
        "number_channels": 2,
        "replay_gain": -12.0025348663,
        "sample_rate": 44100,
        "codec": "mp3",
        "md5_encoded": "f6b47a59cfe7583bcca38c829e2d6924"
    },
    "tags": {
        "file_name": "master_mood-better_for_you.mp3",
        "album": ["Solo Numeros 1 2001 CD2"],
        "artist": ["Various Artists"],
        "genre": ["Other"],
        "title": ["better for you-master mood"]
    }
},
"lowlevel": {
    "average_loudness": 0.969065308571,
    "barkbands_crest": {
        "mean": 13.9675559998,
        "stdev": 6.70657682419
    },
    "barkbands_flatness_db": {
        "mean": 0.162268012762,
        "stdev": 0.0893704593182
    },
    "barkbands_kurtosis": {
        "mean": 12.1453647614,
        "stdev": 36.4823722839
    },
    "barkbands_skewness": {
        "mean": 2.35515117645,
        "stdev": 2.40855574608
    },
    "barkbands_spread": {
        "mean": 28.7677536011,
        "stdev": 21.7081489563
    },
    "dissonance": {
        "mean": 0.463882237673,
        "stdev": 0.0321277566254
    },
    "dynamic_complexity": 2.76772022247,
    "erbbands_crest": {
        "mean": 8.88091373444,
        "stdev": 4.67016220093
    },
    "erbbands_flatness_db": {
        "mean": 0.137131780386,
        "stdev": 0.063336931169
    },
    "erbbands_kurtosis": {
        "mean": 1.43539309502,
        "stdev": 15.3158121109
    },
    "erbbands_skewness": {
        "mean": -0.121093712747,
        "stdev": 1.0164462328
    },
    "erbbands_spread": {
        "mean": 55.7585716248,
        "stdev": 27.8505973816
    },
    "hfc": {
        "mean": 26.0380573273,
        "stdev": 27.2254066467
    },
    "loudness_ebu128": {
        "integrated": -11.0205812454,
        "loudness_range": 2.27752017975,
        "momentary": {
            "mean": -12.4726686478,
            "stdev": 15.0053529739
        },
        "short_term": {
            "mean": -11.2213592529,
            "stdev": 1.32952952385
        }
    },
    "melbands_crest": {
        "mean": 19.1961250305,
        "stdev": 7.84511184692
    },
    "melbands_flatness_db": {
        "mean": 0.23030897975,
        "stdev": 0.109548866749
    },
    "melbands_kurtosis": {
        "mean": 43.9793548584,
        "stdev": 78.0461425781
    },
    "melbands_skewness": {
        "mean": 4.67962503433,
        "stdev": 3.41751384735
    },
    "melbands_spread": {
        "mean": 25.9161968231,
        "stdev": 30.22797966
    },
    "pitch_salience": {
        "mean": 0.42786616087,
        "stdev": 0.178658038378
    },
    "silence_rate_20dB": {
        "mean": 1,
        "stdev": 0
    },
    "silence_rate_30dB": {
        "mean": 0.974039435387,
        "stdev": 0.159011647105
    },
    "silence_rate_60dB": {
        "mean": 0.0418483912945,
        "stdev": 0.200241282582
    },
    "spectral_centroid": {
        "mean": 1694.23803711,
        "stdev": 1045.22705078
    },
    "spectral_complexity": {
        "mean": 13.830737114,
        "stdev": 9.23216152191
    },
    "spectral_decrease": {
        "mean": -9.48058076489e-09,
        "stdev": 8.08020317322e-09
    },
    "spectral_energy": {
        "mean": 0.0381436944008,
        "stdev": 0.0311187263578
    },
    "spectral_energyband_high": {
        "mean": 0.00204964238219,
        "stdev": 0.0030500520952
    },
    "spectral_energyband_low": {
        "mean": 0.0250045545399,
        "stdev": 0.0271431133151
    },
    "spectral_energyband_middle_high": {
        "mean": 0.00404009688646,
        "stdev": 0.00486129382625
    },
    "spectral_energyband_middle_low": {
        "mean": 0.00870224926621,
        "stdev": 0.0156183661893
    },
    "spectral_entropy": {
        "mean": 7.77635622025,
        "stdev": 0.646856546402
    },
    "spectral_flux": {
        "mean": 0.107234612107,
        "stdev": 0.0822016149759
    },
    "spectral_kurtosis": {
        "mean": 4.77100610733,
        "stdev": 26.8989524841
    },
    "spectral_rms": {
        "mean": 0.00554513838142,
        "stdev": 0.00254254182801
    },
    "spectral_rolloff": {
        "mean": 1931.29931641,
        "stdev": 2762.05078125
    },
    "spectral_skewness": {
        "mean": 1.28572356701,
        "stdev": 1.31118404865
    },
    "spectral_spread": {
        "mean": 6380438.5,
        "stdev": 3133438.75
    },
    "spectral_strongpeak": {
        "mean": 0.665164113045,
        "stdev": 0.953599214554
    },
    "zerocrossingrate": {
        "mean": 0.0722525939345,
        "stdev": 0.0620325766504
    },
    "barkbands": {
        "mean": [0.000370758207282, 0.0181028544903, 0.00493853818625, 0.002735754475, 0.00356906047091, 0.00100261718035, 0.000444345641881, 0.000295741920127, 0.000554222206119, 0.000650132657029, 0.000239595319727, 0.000573224737309, 0.000545293965843, 0.000475793756777, 0.000613237905782, 0.000254362967098, 0.000202736147912, 0.000191421888303, 0.000201783914235, 0.000272292236332, 0.000249296397669, 0.000353564159013, 0.000458234368125, 0.00053164199926, 0.000242432928644, 7.14491252438e-05, 3.26761778524e-06],
        "stdev": [0.000514819403179, 0.0243634339422, 0.0102153131738, 0.00779251148924, 0.0105851339176, 0.00182366662193, 0.000996575574391, 0.00081190164201, 0.00115080748219, 0.00173780124169, 0.000763936084695, 0.00110595207661, 0.00145565334242, 0.000948906235863, 0.00238771014847, 0.000554918078706, 0.000454118329799, 0.000346621876815, 0.000255243328866, 0.000496154068969, 0.000353058421751, 0.00049939355813, 0.000785089621786, 0.00099499640055, 0.000463997013867, 0.000127510735183, 5.04019453729e-06]
    },
    "erbbands": {
        "mean": [0.570297539234, 3.83635926247, 5.74217176437, 8.67258739471, 11.5957956314, 10.7176027298, 7.86576271057, 9.10238456726, 8.33501434326, 3.98485684395, 7.22109031677, 11.8448839188, 19.1772346497, 15.0269451141, 14.7248687744, 20.6843013763, 25.7243804932, 20.0216560364, 33.084728241, 22.0731105804, 13.3977813721, 12.5693635941, 10.9517993927, 9.70931243896, 11.0715322495, 13.0837726593, 10.2596340179, 10.4490566254, 13.5015163422, 11.0102043152, 14.4592485428, 12.7769021988, 7.16052627563, 3.44570064545, 1.3689442873, 0.402647942305, 0.119073569775, 0.0168971642852, 0.000408548396081, 6.2583698309e-05],
        "stdev": [0.800021886826, 5.51513671875, 10.3976745605, 20.9110450745, 32.6537361145, 34.0093154907, 14.2943134308, 16.5923252106, 16.9759635925, 7.89484930038, 18.1321468353, 26.392583847, 41.0759735107, 37.8073921204, 30.5987472534, 35.3454284668, 64.5141143799, 43.5987243652, 91.9286651611, 66.9588623047, 29.588224411, 28.8504276276, 20.4420547485, 11.915019989, 14.3383207321, 26.835559845, 15.361243248, 14.8735866547, 19.7641201019, 16.4488372803, 26.6327323914, 23.8423576355, 13.1768341064, 6.45046949387, 2.74677944183, 0.761839926243, 0.207591041923, 0.0251163635403, 0.000582971377298, 4.897672261e-05]
    },
    "gfcc": {
        "mean": [-9.71699714661, 61.8992729187, -96.5951538086, 50.7227783203, -49.5143737793, 36.1649169922, -32.9526443481, 10.4664115906, -21.6529827118, 5.37280893326, -10.8417358398, 2.04839468002, -10.2871170044],
        "cov": [[16313.0927734, -1471.57666016, -646.483825684, 726.636535645, -1002.98449707, 605.430236816, -592.379089355, 100.655929565, -559.223144531, 224.395401001, -491.320495605, 151.547134399, -363.790618896], [-1471.57666016, 1770.06689453, -169.053253174, -187.074691772, 447.484466553, -186.093414307, 240.792144775, -101.478393555, 158.04145813, -204.82383728, 162.555297852, -151.584594727, 139.882537842], [-646.483825684, -169.053253174, 1207.73059082, 418.617614746, 31.7385044098, 10.9143428802, -3.49840974808, 5.08439207077, -46.5862426758, 18.6533737183, -30.9909191132, 39.5477867126, -66.4591369629], [726.636535645, -187.074691772, 418.617614746, 517.362854004, 114.416824341, 63.9914894104, -23.8277435303, 39.6329269409, -0.479692697525, 10.5144758224, -25.0833377838, 28.4125423431, -24.898525238], [-1002.98449707, 447.484466553, 31.7385044098, 114.416824341, 602.910522461, 97.8474655151, 178.223373413, 11.9514303207, 175.512084961, 2.2038731575, 85.9008560181, 21.116727829, 96.6418533325], [605.430236816, -186.093414307, 10.9143428802, 63.9914894104, 97.8474655151, 354.173370361, 142.840560913, 60.2920799255, 54.0129623413, 92.199005127, 64.4025497437, 32.5802345276, 17.3073596954], [-592.379089355, 240.792144775, -3.49840974808, -23.8277435303, 178.223373413, 142.840560913, 286.65246582, 61.6046257019, 91.2449264526, 26.7634525299, 106.835769653, 0.288786679506, 40.6940307617], [100.655929565, -101.478393555, 5.08439207077, 39.6329269409, 11.9514303207, 60.2920799255, 61.6046257019, 162.368484497, 100.766418457, 31.3129291534, 47.7348213196, 38.6391716003, 26.4063529968], [-559.223144531, 158.04145813, -46.5862426758, -0.479692697525, 175.512084961, 54.0129623413, 91.2449264526, 100.766418457, 234.488372803, 58.8275909424, 114.300521851, 27.5445861816, 73.8894577026], [224.395401001, -204.82383728, 18.6533737183, 10.5144758224, 2.2038731575, 92.199005127, 26.7634525299, 31.3129291534, 58.8275909424, 176.339981079, 68.1124038696, 58.8318939209, -9.05259799957], [-491.320495605, 162.555297852, -30.9909191132, -25.0833377838, 85.9008560181, 64.4025497437, 106.835769653, 47.7348213196, 114.300521851, 68.1124038696, 217.112182617, 63.540397644, 53.1897087097], [151.547134399, -151.584594727, 39.5477867126, 28.4125423431, 21.116727829, 32.5802345276, 0.288786679506, 38.6391716003, 27.5445861816, 58.8318939209, 63.540397644, 152.017211914, 37.9477539062], [-363.790618896, 139.882537842, -66.4591369629, -24.898525238, 96.6418533325, 17.3073596954, 40.6940307617, 26.4063529968, 73.8894577026, -9.05259799957, 53.1897087097, 37.9477539062, 118.983100891]],
        "icov": [[0.000171519466676, -0.000305519031826, 0.000272492121439, -0.000446437828941, 0.000352035072865, -0.00060169986682, 0.000423677091021, -0.00038031450822, 0.000320474413456, -0.000380707730073, 0.000525360170286, -0.000513448205311, 0.000384393904824], [-0.000305519031826, 0.00217819144018, -0.000527185038663, 0.00109424395487, -0.00136140640825, 0.00214013108052, -0.00178107735701, 0.00193191412836, -0.00114522955846, 0.00215959502384, -0.00233111856505, 0.00235206075013, -0.00141807901673], [0.000272492121439, -0.000527185038663, 0.00165919761639, -0.00176308839582, 0.000725756341126, -0.000728302751668, 0.00024826155277, -0.000340959697496, 0.0004996478674, -0.00069943186827, 0.000978673924692, -0.00126672443002, 0.00112096150406], [-0.000446437828941, 0.00109424395487, -0.00176308839582, 0.00452933041379, -0.00216358294711, 0.00105283118319, 1.38168543344e-05, -0.000268679781584, -0.000235458370298, 0.00141576363239, -0.00161226594355, 0.0016012530541, -0.000565336027648], [0.000352035072865, -0.00136140640825, 0.000725756341126, -0.00216358294711, 0.00441005220637, -0.0019063242944, -0.000592652708292, 0.00131413154304, -0.00213443930261, -0.000577384023927, 0.00248085474595, -0.00250863865949, 0.000208500117878], [-0.00060169986682, 0.00214013108052, -0.000728302751668, 0.00105283118319, -0.0019063242944, 0.00719504244626, -0.00420232769102, 0.00132598355412, -0.000560896180104, 2.23950410145e-05, -0.00252564926632, 0.00284989411011, -0.00232731271535], [0.000423677091021, -0.00178107735701, 0.00024826155277, 1.38168543344e-05, -0.000592652708292, -0.00420232769102, 0.00864781439304, -0.00427044089884, 0.00238299998455, -0.00141999952029, -0.000591476040427, -0.000185373603017, 0.00134922470897], [-0.00038031450822, 0.00193191412836, -0.000340959697496, -0.000268679781584, 0.00131413154304, 0.00132598355412, -0.00427044089884, 0.0134772043675, -0.00792796164751, 0.00348461372778, -0.000642825849354, -0.000906760571525, -0.000706473947503], [0.000320474413456, -0.00114522955846, 0.0004996478674, -0.000235458370298, -0.00213443930261, -0.000560896180104, 0.00238299998455, -0.00792796164751, 0.0129097197205, -0.00472713960335, -0.00197760970332, 0.00189066573512, -0.00277987215668], [-0.000380707730073, 0.00215959502384, -0.00069943186827, 0.00141576363239, -0.000577384023927, 2.23950410145e-05, -0.00141999952029, 0.00348461372778, -0.00472713960335, 0.0116988196969, -0.00367199419998, -0.00103732163552, 0.0021786915604], [0.000525360170286, -0.00233111856505, 0.000978673924692, -0.00161226594355, 0.00248085474595, -0.00252564926632, -0.000591476040427, -0.000642825849354, -0.00197760970332, -0.00367199419998, 0.011300352402, -0.00561955524608, 0.000942783372011], [-0.000513448205311, 0.00235206075013, -0.00126672443002, 0.0016012530541, -0.00250863865949, 0.00284989411011, -0.000185373603017, -0.000906760571525, 0.00189066573512, -0.00103732163552, -0.00561955524608, 0.013289609924, -0.00579924648628], [0.000384393904824, -0.00141807901673, 0.00112096150406, -0.000565336027648, 0.000208500117878, -0.00232731271535, 0.00134922470897, -0.000706473947503, -0.00277987215668, 0.0021786915604, 0.000942783372011, -0.00579924648628, 0.0149395447224]]
    },
    "melbands": {
        "mean": [0.00512063549832, 0.00381731218658, 0.00157491292339, 0.00085984566249, 0.000306923728203, 0.000202418290428, 0.000113881651487, 4.88990299345e-05, 5.91962525505e-05, 7.75867592893e-05, 0.000101095814898, 6.83838734403e-05, 4.33798668382e-05, 5.87043905398e-05, 7.0738424256e-05, 4.38448441855e-05, 3.57023818651e-05, 5.3163672419e-05, 4.63629112346e-05, 1.92699590116e-05, 1.35924929054e-05, 1.29513173306e-05, 9.67532741925e-06, 1.04882519736e-05, 7.4210333878e-06, 7.6968481153e-06, 9.19031936064e-06, 8.52822813613e-06, 6.36677759758e-06, 5.86333271713e-06, 6.0423449213e-06, 8.19819433673e-06, 6.32926230537e-06, 6.10290771874e-06, 8.49798198033e-06, 8.07138439995e-06, 7.75556509325e-06, 5.53216068511e-06, 3.32204285769e-06, 2.77358344647e-06],
        "stdev": [0.00684048002586, 0.00543249491602, 0.00376980216242, 0.00267335795797, 0.000590001174714, 0.000357956188964, 0.000232508129557, 0.000107772946649, 0.000137941504363, 0.000170680650626, 0.000223130293307, 0.000181386028999, 0.000109580149001, 0.00012901428272, 0.000181949682883, 0.00010119954095, 8.23228692752e-05, 0.000135178677738, 0.000214404368307, 4.38595052401e-05, 3.38440841006e-05, 3.47522400261e-05, 2.04897587537e-05, 1.90595201275e-05, 9.63773800322e-06, 1.01827472463e-05, 1.38699806485e-05, 2.01651837415e-05, 9.60287434282e-06, 8.93470951269e-06, 9.01580096979e-06, 1.26974855448e-05, 9.97999904939e-06, 9.8341042758e-06, 1.66153768077e-05, 1.45561416502e-05, 1.48141807585e-05, 1.06036395664e-05, 5.96635663896e-06, 5.41519557373e-06]
    },
    "melbands128": {
        "mean": [0.00033022093703, 0.00418121693656, 0.00782353710383, 0.00575557537377, 0.00313866580836, 0.00245425198227, 0.00184356572572, 0.0012146650115, 0.00121853221208, 0.00104470702354, 0.00058551057009, 0.000357730081305, 0.000236715088249, 0.000252199330134, 0.000221546943067, 0.000161411400768, 0.000166464029462, 0.000116816132504, 3.58592405973e-05, 2.74550475297e-05, 5.1417719078e-05, 9.45287611103e-05, 3.04222066916e-05, 5.69915828237e-05, 8.41975270305e-05, 7.35926660127e-05, 9.72252673819e-05, 7.16862632544e-05, 0.0001568562584, 8.93361066119e-05, 2.64218506345e-05, 4.14502610511e-05, 4.74075895909e-05, 2.19750036194e-05, 0.000106784944364, 4.42779419245e-05, 2.88720257231e-05, 8.54212994454e-05, 9.80592376436e-05, 4.20111282438e-05, 1.96524106286e-05, 6.07297115494e-05, 2.48274882324e-05, 2.29735487665e-05, 6.74549883115e-05, 5.04786148667e-05, 4.31211774412e-05, 8.04790979601e-05, 2.55163467955e-05, 1.87519017345e-05, 2.07551129279e-05, 1.43424358612e-05, 2.07052198675e-05, 9.38287394092e-06, 6.62319644107e-06, 1.66419886227e-05, 1.44141640703e-05, 1.08264121081e-05, 7.38547805668e-06, 8.3322493083e-06, 1.41306500154e-05, 9.13497478905e-06, 5.02250532008e-06, 6.56161182633e-06, 1.2132174561e-05, 5.66195012652e-06, 6.62582897348e-06, 9.34228137339e-06, 9.56923395279e-06, 9.94512902253e-06, 9.08051060833e-06, 7.38235257813e-06, 6.68289067107e-06, 6.57527652947e-06, 5.23428661836e-06, 7.03515752321e-06, 4.90762522531e-06, 5.47182617083e-06, 6.19361799181e-06, 6.64071421852e-06, 9.20031379792e-06, 8.04715000413e-06, 6.89618718752e-06, 7.21501464795e-06, 4.59735792901e-06, 5.4466659094e-06, 6.53031702313e-06, 7.71588747739e-06, 9.09458503884e-06, 8.75642581377e-06, 7.54880466047e-06, 8.34826005303e-06, 8.33203739603e-06, 8.08740605862e-06, 7.07303888703e-06, 6.33508761894e-06, 5.46721048522e-06, 4.09275753555e-06, 3.24593406731e-06, 2.79513119494e-06, 3.14442672789e-06, 2.91469405056e-06, 2.21428763325e-06, 1.95174379769e-06, 1.5221933154e-06, 1.15076022666e-06, 9.18757166346e-07, 8.05061858955e-07, 6.57814268834e-07, 4.95001984291e-07, 5.03688397657e-07, 4.56486162648e-07, 3.69650621224e-07, 2.85218590079e-07, 2.34168396673e-07, 1.70801200738e-07, 1.22467255892e-07, 1.29124160253e-08, 6.38267563802e-12, 5.89255510705e-12, 5.71710907782e-12, 5.57255934105e-12, 5.43693779234e-12, 5.33455571383e-12, 5.2435790085e-12, 5.17943977638e-12, 5.13238019792e-12, 5.09602733276e-12],
        "stdev": [0.000513024453539, 0.00644546793774, 0.011061440222, 0.00961735192686, 0.0060797794722, 0.00514921173453, 0.00455430103466, 0.00369306281209, 0.00366440392099, 0.00379996770062, 0.0021328786388, 0.000851065211464, 0.000523502065334, 0.000686364248395, 0.000492243794724, 0.000394105532905, 0.000380823767046, 0.000315572455293, 0.000118820848002, 9.58128002821e-05, 0.000122957571875, 0.000307023350615, 0.000104762213596, 0.000185564043932, 0.000262536748778, 0.000231956248172, 0.000273089914117, 0.000222361908527, 0.000503965013195, 0.00033480086131, 0.000115340742923, 0.000154826659127, 0.000180738745257, 8.62753295223e-05, 0.000304809305817, 0.000105424238427, 9.83203935903e-05, 0.000265332608251, 0.000378730183002, 0.000142147837323, 8.60523141455e-05, 0.000215980966459, 9.74987997324e-05, 8.43147281557e-05, 0.000171680236235, 0.000219916124479, 0.000190974067664, 0.000557520019356, 9.32299226406e-05, 7.54409193178e-05, 6.46286716801e-05, 4.28771636507e-05, 7.914564776e-05, 2.71759090538e-05, 2.09265090234e-05, 6.78013966535e-05, 4.03205340263e-05, 3.04411714751e-05, 2.58041000052e-05, 2.79037558357e-05, 3.14704775519e-05, 2.11965634662e-05, 1.01922096292e-05, 1.03254405985e-05, 1.79422950168e-05, 1.08019285108e-05, 1.23648251247e-05, 1.38587665788e-05, 1.7195372493e-05, 2.24873001571e-05, 2.87639559247e-05, 1.86827091966e-05, 1.11985445983e-05, 1.15050279419e-05, 8.96161327546e-06, 1.34033489303e-05, 7.07481285644e-06, 8.29501186672e-06, 1.03889278762e-05, 1.31858287205e-05, 1.66382924363e-05, 1.32299865072e-05, 1.18239859148e-05, 1.32683017e-05, 6.68786924507e-06, 9.25271979213e-06, 1.10775254143e-05, 1.71191040863e-05, 1.88513495232e-05, 1.86998731806e-05, 1.23227337099e-05, 1.68047408806e-05, 1.65995861607e-05, 1.69446175278e-05, 1.31981469167e-05, 1.39254661917e-05, 1.06010802483e-05, 8.05739728094e-06, 6.17630485067e-06, 5.43365149497e-06, 6.34360594631e-06, 5.69707344766e-06, 5.13297163707e-06, 4.40448820882e-06, 3.11531516672e-06, 2.36401501752e-06, 1.80232314051e-06, 1.61027901413e-06, 1.41198904657e-06, 8.56099177327e-07, 9.20061154375e-07, 9.19521994547e-07, 6.67183996939e-07, 4.80844505546e-07, 3.57722541366e-07, 2.6738959491e-07, 1.83107800922e-07, 2.56553942535e-08, 8.93819306763e-12, 8.5621058854e-12, 8.32538812195e-12, 8.12428856828e-12, 7.94727911951e-12, 7.80230914599e-12, 7.6783978481e-12, 7.5838363367e-12, 7.51446821434e-12, 7.46971234866e-12]
    },
    "mfcc": {
        "mean": [-651.303710938, 84.3046112061, 20.4612464905, 24.8374500275, 17.0144672394, 21.9476566315, 10.5439329147, 9.86155509949, -1.23660945892, 8.84778404236, -0.456215262413, 1.95735740662, -0.534228801727],
        "cov": [[8610.87402344, -907.245605469, 274.934661865, -118.122169495, -192.76550293, 115.876647949, -96.202835083, -133.984985352, -62.7170600891, -64.3098220825, -101.434150696, -150.995300293, -134.15171814], [-907.245605469, 1473.20507812, -435.012054443, 79.0688247681, 101.939689636, 24.5089263916, 84.2996292114, 93.8357391357, 7.63190317154, 59.671836853, -5.25410318375, -20.4737243652, -15.1245880127], [274.934661865, -435.012054443, 934.686340332, 248.329864502, 34.6356201172, 30.6099891663, 25.0072383881, -3.72581887245, -30.6447486877, -47.6769866943, 12.8536882401, 33.3531570435, 3.3202009201], [-118.122169495, 79.0688247681, 248.329864502, 440.104431152, 196.25328064, 51.6730041504, 23.1290588379, 46.8797950745, 30.7677726746, -40.9793014526, 5.03514671326, 9.13913440704, 2.14145922661], [-192.76550293, 101.939689636, 34.6356201172, 196.25328064, 336.563720703, 129.794006348, 32.8775978088, 81.6804656982, 72.8922576904, 35.4620246887, 21.3591957092, 22.0741024017, 18.9862270355], [115.876647949, 24.5089263916, 30.6099891663, 51.6730041504, 129.794006348, 284.437957764, 142.809753418, 44.2009010315, 46.9328575134, 51.8277816772, 52.7485580444, 19.6435337067, 36.8212165833], [-96.202835083, 84.2996292114, 25.0072383881, 23.1290588379, 32.8775978088, 142.809753418, 202.069610596, 82.2947235107, 21.3866558075, 52.6877174377, 37.4885482788, 23.1508350372, 39.9724388123], [-133.984985352, 93.8357391357, -3.72581887245, 46.8797950745, 81.6804656982, 44.2009010315, 82.2947235107, 176.514862061, 64.1320648193, 51.6107215881, 13.1493663788, 35.7978019714, 37.4234199524], [-62.7170600891, 7.63190317154, -30.6447486877, 30.7677726746, 72.8922576904, 46.9328575134, 21.3866558075, 64.1320648193, 147.15222168, 49.1380882263, 17.998003006, -1.19695222378, 11.0992193222], [-64.3098220825, 59.671836853, -47.6769866943, -40.9793014526, 35.4620246887, 51.8277816772, 52.6877174377, 51.6107215881, 49.1380882263, 170.368301392, 57.4303474426, 28.9111995697, 39.838886261], [-101.434150696, -5.25410318375, 12.8536882401, 5.03514671326, 21.3591957092, 52.7485580444, 37.4885482788, 13.1493663788, 17.998003006, 57.4303474426, 119.2602005, 64.9844665527, 31.6310272217], [-150.995300293, -20.4737243652, 33.3531570435, 9.13913440704, 22.0741024017, 19.6435337067, 23.1508350372, 35.7978019714, -1.19695222378, 28.9111995697, 64.9844665527, 132.909835815, 72.8386917114], [-134.15171814, -15.1245880127, 3.3202009201, 2.14145922661, 18.9862270355, 36.8212165833, 39.9724388123, 37.4234199524, 11.0992193222, 39.838886261, 31.6310272217, 72.8386917114, 113.915267944]],
        "icov": [[0.000135281705298, 7.81501439633e-05, -4.76010063721e-06, -2.11621299968e-05, 0.000126779923448, -0.000224414878176, 0.000154333320097, -6.1985119828e-05, 6.99813899701e-05, -6.90680753905e-05, 0.000110129134555, 5.60736516491e-05, 0.000138745090226], [7.81501439633e-05, 0.000979496282525, 0.000558827538043, -0.000478163623484, -4.03912818001e-05, 6.36716940789e-05, -0.000370051973732, -0.000321615982102, 0.000462590629468, -0.000374455674319, 0.00017239326553, 3.3874908695e-05, 0.000452796026366], [-4.76010063721e-06, 0.000558827538043, 0.00167448527645, -0.00120971479919, 0.000350852700649, -8.71790471138e-05, -0.000340330298059, -6.71968882671e-05, 0.000500154797919, -0.000146313090227, 0.000126980346977, -0.000487031764351, 0.000432316825027], [-2.11621299968e-05, -0.000478163623484, -0.00120971479919, 0.00428725639358, -0.00250744447112, 0.000711166881956, -0.000473489315482, -2.08118748901e-07, -0.000490029226057, 0.00170921138488, -0.000725884980056, 0.000544590875506, -0.000476153887575], [0.000126779923448, -4.03912818001e-05, 0.000350852700649, -0.00250744447112, 0.00622058333829, -0.00336508313194, 0.00264353840612, -0.00196928135119, -0.000689833424985, -0.00101829331834, 0.000771601451561, -0.000759614747949, 0.000645903055556], [-0.000224414878176, 6.36716940789e-05, -8.71790471138e-05, 0.000711166881956, -0.00336508313194, 0.0081660663709, -0.00592504674569, 0.00239108595997, -0.00121733988635, 0.000449705927167, -0.00182783952914, 0.00088088522898, -0.00114615703933], [0.000154333320097, -0.000370051973732, -0.000340330298059, -0.000473489315482, 0.00264353840612, -0.00592504674569, 0.0113364169374, -0.00489141885191, 0.00169853202533, -0.000918071775232, -0.000933662522584, 0.00133653660305, -0.00118473311886], [-6.1985119828e-05, -0.000321615982102, -6.71968882671e-05, -2.08118748901e-07, -0.00196928135119, 0.00239108595997, -0.00489141885191, 0.010482554324, -0.00358125055209, -0.00108758907299, 0.00231921253726, -0.00280869961716, -0.000404514605179], [6.99813899701e-05, 0.000462590629468, 0.000500154797919, -0.000490029226057, -0.000689833424985, -0.00121733988635, 0.00169853202533, -0.00358125055209, 0.009829768911, -0.00180771702435, -0.00118323415518, 0.00216771150008, -0.000155632049427], [-6.90680753905e-05, -0.000374455674319, -0.000146313090227, 0.00170921138488, -0.00101829331834, 0.000449705927167, -0.000918071775232, -0.00108758907299, -0.00180771702435, 0.00925225112587, -0.00420203013346, 0.001697860891, -0.00243356637657], [0.000110129134555, 0.00017239326553, 0.000126980346977, -0.000725884980056, 0.000771601451561, -0.00182783952914, -0.000933662522584, 0.00231921253726, -0.00118323415518, -0.00420203013346, 0.0151267778128, -0.00818061176687, 0.00280578993261], [5.60736516491e-05, 3.3874908695e-05, -0.000487031764351, 0.000544590875506, -0.000759614747949, 0.00088088522898, 0.00133653660305, -0.00280869961716, 0.00216771150008, 0.001697860891, -0.00818061176687, 0.0166887324303, -0.00883433781564], [0.000138745090226, 0.000452796026366, 0.000432316825027, -0.000476153887575, 0.000645903055556, -0.00114615703933, -0.00118473311886, -0.000404514605179, -0.000155632049427, -0.00243356637657, 0.00280578993261, -0.00883433781564, 0.015545675531]]
    },
    "spectral_contrast_coeffs": {
        "mean": [-0.709376692772, -0.738613784313, -0.739859700203, -0.771863758564, -0.786895632744, -0.780968666077],
        "stdev": [0.0906405895948, 0.0810529664159, 0.0863704457879, 0.0679690316319, 0.046522051096, 0.03400009498]
    },
    "spectral_contrast_valleys": {
        "mean": [-6.94279909134, -7.75553846359, -8.15613269806, -8.09399604797, -7.87062168121, -9.74895095825],
        "stdev": [1.7660548687, 1.71613729, 1.70941746235, 1.73775172234, 1.79845929146, 1.88436150551]
    }
},
"rhythm": {
    "beats_count": 505,
    "beats_loudness": {
        "mean": 0.0826133266091,
        "stdev": 0.0249992404133
    },
    "bpm": 136.036743164,
    "bpm_histogram_first_peak_bpm": 136,
    "bpm_histogram_first_peak_weight": 0.0101626515388,
    "bpm_histogram_second_peak_bpm": 123,
    "bpm_histogram_second_peak_spread": 0.285714328289,
    "bpm_histogram_second_peak_weight": 0.00992063526064,
    "danceability": 1.53564071655,
    "onset_rate": 4.48575782776,
    "beats_loudness_band_ratio": {
        "mean": [0.815206170082, 0.0393416248262, 0.0281821899116, 0.0417304858565, 0.0436273030937, 0.0369615145028],
        "stdev": [0.229674309492, 0.0638377740979, 0.0546797662973, 0.0866476595402, 0.0914721265435, 0.0678077861667]
    },
    "beats_position": [0.406349211931, 0.835918366909, 1.25387752056, 1.68344664574, 2.11301589012, 2.54258489609, 2.97215414047, 3.39011335373, 3.83129239082, 4.27247142792, 4.71365070343, 5.15482997894, 5.59600877762, 6.03718805313, 6.47836732864, 6.91954612732, 7.36072540283, 7.80190467834, 8.24308395386, 8.68426322937, 9.12544155121, 9.56662082672, 10.0078001022, 10.4489793777, 10.8901586533, 11.3313379288, 11.7725172043, 12.2136955261, 12.6548748016, 13.0960540771, 13.5372333527, 13.9784126282, 14.4195919037, 14.8607711792, 15.301949501, 15.7431287766, 16.1843090057, 16.6254863739, 17.0666656494, 17.5078449249, 17.9490242004, 18.390203476, 18.8313827515, 19.272562027, 19.7137413025, 20.154920578, 20.5960998535, 21.037279129, 21.4784584045, 21.9196376801, 22.3608150482, 22.8019943237, 23.2431735992, 23.6843528748, 24.1255321503, 24.5667114258, 25.0078907013, 25.4490699768, 25.8902492523, 26.3314285278, 26.7726078033, 27.2137870789, 27.6549663544, 28.0961437225, 28.537322998, 28.9785022736, 29.4196815491, 29.8608608246, 30.3020401001, 30.7432193756, 31.1843986511, 31.6255779266, 32.0667572021, 32.5079345703, 32.9491157532, 33.3902931213, 33.8314743042, 34.2726516724, 34.7138328552, 35.1550102234, 35.5961914062, 36.0373687744, 36.4785499573, 36.9197273254, 37.3609046936, 37.8020858765, 38.2432632446, 38.6844444275, 39.1256217957, 39.5668029785, 40.0079803467, 40.4491615295, 40.8903388977, 41.3315200806, 41.7726974487, 42.2138786316, 42.6550559998, 43.0962333679, 43.5374145508, 43.9785919189, 44.4197731018, 44.86095047, 45.3021316528, 45.743309021, 46.1844902039, 46.625667572, 47.0668487549, 47.508026123, 47.9492073059, 48.3903846741, 48.8315620422, 49.2727432251, 49.7139205933, 50.1551017761, 50.5962791443, 51.0374603271, 51.4786376953, 51.9198188782, 52.3609962463, 52.8021774292, 53.2433547974, 53.6845359802, 54.1257133484, 54.5668907166, 55.0080718994, 55.4492492676, 55.8904304504, 56.3316078186, 56.7727890015, 57.2139663696, 57.6551475525, 58.0963249207, 58.5375061035, 58.9786834717, 59.4198646545, 59.8610420227, 60.3022193909, 60.7434005737, 61.1845779419, 61.6257591248, 62.0669364929, 62.5081176758, 62.9492950439, 63.3904762268, 63.831653595, 64.2728347778, 64.714012146, 65.1551895142, 65.5963668823, 66.0375518799, 66.478729248, 66.9199066162, 67.3610839844, 67.8022689819, 68.2434463501, 68.6846237183, 69.1258010864, 69.566986084, 70.0081634521, 70.4493408203, 70.8905181885, 71.3316955566, 71.7728805542, 72.2140579224, 72.6552352905, 73.0964126587, 73.5375976562, 73.9787750244, 74.4199523926, 74.8611297607, 75.3023147583, 75.7434921265, 76.1846694946, 76.6258468628, 77.0670318604, 77.5082092285, 77.9493865967, 78.3905639648, 78.831741333, 79.2729263306, 79.7141036987, 80.1552810669, 80.5964584351, 81.0376434326, 81.4788208008, 81.9199981689, 82.3611755371, 82.8023605347, 83.2435379028, 83.684715271, 84.1258926392, 84.5670700073, 85.0082550049, 85.449432373, 85.8906097412, 86.3317871094, 86.7729721069, 87.2141494751, 87.6553268433, 88.0965042114, 88.537689209, 88.9788665771, 89.4200439453, 89.8612213135, 90.3023986816, 90.7435836792, 91.1847610474, 91.6259384155, 92.0671157837, 92.5083007812, 92.9494781494, 93.3906555176, 93.8318328857, 94.2730178833, 94.737411499, 95.1785888672, 95.6197738647, 96.0609512329, 96.5021286011, 96.9433059692, 97.3844909668, 97.825668335, 98.2668457031, 98.7080230713, 99.1492080688, 99.590385437, 100.031562805, 100.472740173, 100.913917542, 101.355102539, 101.796279907, 102.237457275, 102.678634644, 103.119819641, 103.560997009, 104.002174377, 104.443351746, 104.884536743, 105.325714111, 105.766891479, 106.208068848, 106.649246216, 107.090431213, 107.531608582, 107.97278595, 108.413963318, 108.855148315, 109.296325684, 109.737503052, 110.17868042, 110.619865417, 111.061042786, 111.502220154, 111.943397522, 112.38457489, 112.825759888, 113.266937256, 113.708114624, 114.149291992, 114.59047699, 115.031654358, 115.472831726, 115.914009094, 116.355194092, 116.79637146, 117.237548828, 117.678726196, 118.119903564, 118.561088562, 119.00226593, 119.443443298, 119.884620667, 120.325805664, 120.766983032, 121.2081604, 121.649337769, 122.090522766, 122.531700134, 122.972877502, 123.414054871, 123.855232239, 124.296417236, 124.737594604, 125.178771973, 125.619949341, 126.061134338, 126.502311707, 126.943489075, 127.384666443, 127.82585144, 128.267028809, 128.708206177, 129.149383545, 129.590560913, 130.031738281, 130.472915649, 130.914108276, 131.355285645, 131.796463013, 132.237640381, 132.678817749, 133.119995117, 133.561172485, 134.002349854, 134.44354248, 134.884719849, 135.325897217, 135.767074585, 136.208251953, 136.649429321, 137.090606689, 137.531784058, 137.972961426, 138.414154053, 138.855331421, 139.296508789, 139.737686157, 140.178863525, 140.620040894, 141.061218262, 141.50239563, 141.943572998, 142.384765625, 142.825942993, 143.267120361, 143.708297729, 144.149475098, 144.590652466, 145.031829834, 145.473007202, 145.914199829, 146.355377197, 146.796554565, 147.237731934, 147.678909302, 148.12008667, 148.561264038, 149.002441406, 149.443618774, 149.884811401, 150.32598877, 150.767166138, 151.208343506, 151.649520874, 152.090698242, 152.53187561, 152.973052979, 153.414230347, 153.855422974, 154.296600342, 154.73777771, 155.178955078, 155.620132446, 156.061309814, 156.502487183, 156.943664551, 157.384857178, 157.826034546, 158.267211914, 158.708389282, 159.14956665, 159.590744019, 160.031921387, 160.473098755, 160.914276123, 161.35546875, 161.796646118, 162.237823486, 162.679000854, 163.120178223, 163.561355591, 164.002532959, 164.443710327, 164.884887695, 165.326080322, 165.76725769, 166.208435059, 166.649612427, 167.090789795, 167.531967163, 167.973144531, 168.414321899, 168.855514526, 169.296691895, 169.737869263, 170.179046631, 170.620223999, 171.061401367, 171.502578735, 171.943756104, 172.384933472, 172.826126099, 173.267303467, 173.708480835, 174.149658203, 174.590835571, 175.032012939, 175.473190308, 175.914367676, 176.355545044, 176.796737671, 177.237915039, 177.679092407, 178.120269775, 178.561447144, 179.002624512, 179.44380188, 179.884979248, 180.326171875, 180.767349243, 181.208526611, 181.649703979, 182.090881348, 182.532058716, 182.973236084, 183.414413452, 183.85559082, 184.296783447, 184.737960815, 185.179138184, 185.620315552, 186.06149292, 186.502670288, 186.943847656, 187.385025024, 187.826202393, 188.26739502, 188.708572388, 189.149749756, 189.590927124, 190.032104492, 190.47328186, 190.914459229, 191.355636597, 191.796829224, 192.238006592, 192.67918396, 193.120361328, 193.561538696, 194.002716064, 194.443893433, 194.885070801, 195.326248169, 195.767440796, 196.208618164, 196.649795532, 197.0909729, 197.532150269, 197.973327637, 198.414505005, 198.855682373, 199.296859741, 199.738052368, 200.179229736, 200.620407104, 201.061584473, 201.502761841, 201.943939209, 202.385116577, 202.826293945, 203.267486572, 203.70866394, 204.149841309, 204.591018677, 205.032196045, 205.473373413, 205.914550781, 206.355728149, 206.796905518, 207.238098145, 207.679275513, 208.120452881, 208.561630249, 209.002807617, 209.443984985, 209.885162354, 210.326339722, 210.76751709, 211.208709717, 211.649887085, 212.091064453, 212.532241821, 212.973419189, 213.414596558, 213.855773926, 214.296951294, 214.738143921, 215.179321289, 215.620498657, 216.061676025, 216.502853394, 216.944030762, 217.38520813, 217.826385498, 218.267562866, 218.708755493, 219.173141479, 219.637542725, 220.113555908, 220.60118103, 221.088790894, 221.576416016, 222.052429199, 222.540039062, 223.027664185],
    "bpm_histogram": [0, 0, 0, 0, 0, 0, 0, 0, 0, 0, 0, 0, 0, 0, 0, 0, 0, 0, 0, 0, 0, 0, 0, 0, 0, 0, 0, 0, 0, 0, 0, 0, 0, 0, 0, 0, 0, 0, 0, 0, 0, 0, 0, 0, 0, 0, 0, 0, 0, 0, 0, 0, 0, 0, 0, 0, 0, 0, 0, 0, 0, 0, 0, 0, 0, 0, 0, 0, 0, 0, 0, 0, 0, 0, 0, 0, 0, 0, 0, 0, 0, 0, 0, 0, 0, 0, 0, 0, 0, 0, 0, 0, 0, 0, 0, 0, 0, 0, 0, 0, 0, 0, 0, 0, 0, 0, 0, 0, 0, 0, 0, 0, 0, 0, 0, 0, 0, 0, 0, 0, 0, 0, 0, 0.00992063526064, 0, 0, 0.00396825419739, 0, 0, 0.00595238106325, 0, 0, 0, 0, 0, 0, 0.966269850731, 0, 0, 0, 0.00992063526064, 0, 0, 0, 0.00396825419739, 0, 0, 0, 0, 0, 0, 0, 0, 0, 0, 0, 0, 0, 0, 0, 0, 0, 0, 0, 0, 0, 0, 0, 0, 0, 0, 0, 0, 0, 0, 0, 0, 0, 0, 0, 0, 0, 0, 0, 0, 0, 0, 0, 0, 0, 0, 0, 0, 0, 0, 0, 0, 0, 0, 0, 0, 0, 0, 0, 0, 0, 0, 0, 0, 0, 0, 0, 0, 0, 0, 0, 0, 0, 0, 0, 0, 0, 0, 0, 0, 0, 0, 0, 0, 0, 0, 0, 0, 0, 0, 0, 0, 0, 0, 0, 0, 0, 0, 0, 0, 0, 0, 0, 0, 0]
},
"tonal": {
    "chords_changes_rate": 0.0658222585917,
    "chords_number_rate": 0.00207641185261,
    "chords_strength": {
        "mean": 0.565326094627,
        "stdev": 0.0901936963201
    },
    "hpcp_crest": {
        "mean": 13.100069046,
        "stdev": 5.83053350449
    },
    "hpcp_entropy": {
        "mean": 1.97548520565,
        "stdev": 0.713155090809
    },
    "key_edma": {
        "strength": 0.687366604805,
        "key": "A",
        "scale": "major"
    },
    "key_krumhansl": {
        "strength": 0.691006660461,
        "key": "A",
        "scale": "major"
    },
    "key_temperley": {
        "strength": 0.687139153481,
        "key": "A",
        "scale": "major"
    },
    "tuning_diatonic_strength": 0.604217588902,
    "tuning_equal_tempered_deviation": 0.104543156922,
    "tuning_frequency": 437.213165283,
    "tuning_nontempered_energy_ratio": 0.804101109505,
    "hpcp": {
        "mean": [0.268686205149, 0.146559774876, 0.0801354646683, 0.0706474930048, 0.0605584718287, 0.0947358235717, 0.131237104535, 0.109959661961, 0.0710511952639, 0.0593204051256, 0.0649606734514, 0.123727232218, 0.250400215387, 0.234028488398, 0.102069452405, 0.057223316282, 0.0515495911241, 0.0403836369514, 0.046477176249, 0.0518496856093, 0.0740184411407, 0.129925295711, 0.111795037985, 0.0537494979799, 0.0382751487195, 0.0371691808105, 0.0637474581599, 0.0945021733642, 0.070346839726, 0.0403336286545, 0.0641218796372, 0.0891237035394, 0.106183066964, 0.135173812509, 0.146757990122, 0.233959540725],
        "stdev": [0.390376508236, 0.27626311779, 0.209196642041, 0.199503168464, 0.168210998178, 0.226464673877, 0.287362188101, 0.240910336375, 0.178318575025, 0.167968913913, 0.187495261431, 0.21262986958, 0.369664818048, 0.334881693125, 0.196584507823, 0.161137998104, 0.163793846965, 0.130281478167, 0.13245844841, 0.142720386386, 0.17166672647, 0.238621771336, 0.223498985171, 0.14556196332, 0.122450940311, 0.113411456347, 0.148509591818, 0.180433705449, 0.141091749072, 0.121236346662, 0.196174100041, 0.234992682934, 0.224951371551, 0.234476298094, 0.234112009406, 0.351386278868]
    },
    "chords_histogram": [18.9991703033, 28.6960124969, 5.12873744965, 1.22508311272, 0.78903657198, 0.5398671031, 0.768272399902, 1.24584722519, 2.67857146263, 0.498338878155, 1.99335551262, 0.0830564796925, 0.436046510935, 0, 0, 0, 0, 1.05897009373, 0.0415282398462, 0.622923612595, 0, 0, 1.99335551262, 33.2018280029],
    "thpcp": [1, 0.545468151569, 0.298249274492, 0.262936800718, 0.225387349725, 0.352589100599, 0.488440066576, 0.40924936533, 0.264439314604, 0.220779493451, 0.241771519184, 0.460489720106, 0.931942939758, 0.871010422707, 0.379883497953, 0.212974518538, 0.191857978702, 0.150300368667, 0.172979384661, 0.192974865437, 0.275482863188, 0.483557760715, 0.41608029604, 0.200045615435, 0.142452970147, 0.138336762786, 0.237256169319, 0.351719498634, 0.261817842722, 0.150114253163, 0.238649696112, 0.331701815128, 0.395193606615, 0.503091752529, 0.546205878258, 0.870753824711],
    "chords_key": "F#",
    "chords_scale": "minor"
}
}