{
"metadata": {
    "version": {
        "essentia": "2.1-dev",
        "essentia_git_sha": "v2.1_beta3-415-gd5473f3",
        "extractor": "music 2.0"
    },
    "audio_properties": {
        "analysis": {
            "equal_loudness": 0,
            "length": 234.344482422,
            "sample_rate": 44100,
            "start_time": 0,
            "downmix": "mix"
        },
        "bit_rate": 192000,
        "length": 234.344482422,
        "lossless": 0,
        "number_channels": 2,
        "replay_gain": -10.9075183868,
        "sample_rate": 44100,
        "codec": "mp3",
        "md5_encoded": "59b85b6694bc9d6df6db4a45a2f6a87a"
    },
    "tags": {
        "file_name": "me_y_my-fly_high.mp3",
        "album": ["cd1"],
        "artist": ["Ibiza MIX 2001"],
        "genre": ["Other"],
        "title": ["Me & My - Fly high"]
    }
},
"lowlevel": {
    "average_loudness": 0.951873242855,
    "barkbands_crest": {
        "mean": 10.3294897079,
        "stdev": 4.81431007385
    },
    "barkbands_flatness_db": {
        "mean": 0.107919856906,
        "stdev": 0.0438323132694
    },
    "barkbands_kurtosis": {
        "mean": 2.05662417412,
        "stdev": 5.50429296494
    },
    "barkbands_skewness": {
        "mean": 1.17120504379,
        "stdev": 0.984424889088
    },
    "barkbands_spread": {
        "mean": 29.5764770508,
        "stdev": 16.2645931244
    },
    "dissonance": {
        "mean": 0.466104179621,
        "stdev": 0.0253361780196
    },
    "dynamic_complexity": 1.82990157604,
    "erbbands_crest": {
        "mean": 7.73207092285,
        "stdev": 3.67649292946
    },
    "erbbands_flatness_db": {
        "mean": 0.141418874264,
        "stdev": 0.03822080791
    },
    "erbbands_kurtosis": {
        "mean": 0.47092667222,
        "stdev": 1.730935812
    },
    "erbbands_skewness": {
        "mean": 0.422148644924,
        "stdev": 0.612513124943
    },
    "erbbands_spread": {
        "mean": 40.0249862671,
        "stdev": 17.5957012177
    },
    "hfc": {
        "mean": 35.8912506104,
        "stdev": 26.6403102875
    },
    "loudness_ebu128": {
        "integrated": -10.9328327179,
        "loudness_range": 2.32049369812,
        "momentary": {
            "mean": -13.4958086014,
            "stdev": 24.9826126099
        },
        "short_term": {
            "mean": -11.1600322723,
            "stdev": 2.07882618904
        }
    },
    "melbands_crest": {
        "mean": 14.3374137878,
        "stdev": 6.68307447433
    },
    "melbands_flatness_db": {
        "mean": 0.152684733272,
        "stdev": 0.0586338229477
    },
    "melbands_kurtosis": {
        "mean": 8.9904127121,
        "stdev": 14.229467392
    },
    "melbands_skewness": {
        "mean": 2.21213698387,
        "stdev": 1.40614235401
    },
    "melbands_spread": {
        "mean": 31.5031337738,
        "stdev": 20.0045814514
    },
    "pitch_salience": {
        "mean": 0.537915349007,
        "stdev": 0.139040455222
    },
    "silence_rate_20dB": {
        "mean": 1,
        "stdev": 0
    },
    "silence_rate_30dB": {
        "mean": 0.999207437038,
        "stdev": 0.0281394850463
    },
    "silence_rate_60dB": {
        "mean": 0.0175351686776,
        "stdev": 0.131252914667
    },
    "spectral_centroid": {
        "mean": 1692.99084473,
        "stdev": 1076.06652832
    },
    "spectral_complexity": {
        "mean": 24.187833786,
        "stdev": 9.11863994598
    },
    "spectral_decrease": {
        "mean": -7.87808485114e-09,
        "stdev": 5.17519671561e-09
    },
    "spectral_energy": {
        "mean": 0.0329890437424,
        "stdev": 0.020417984575
    },
    "spectral_energyband_high": {
        "mean": 0.00228657457046,
        "stdev": 0.00276705832221
    },
    "spectral_energyband_low": {
        "mean": 0.0107368109748,
        "stdev": 0.0168715380132
    },
    "spectral_energyband_middle_high": {
        "mean": 0.00795457419008,
        "stdev": 0.00573681714013
    },
    "spectral_energyband_middle_low": {
        "mean": 0.0129716200754,
        "stdev": 0.0117133613676
    },
    "spectral_entropy": {
        "mean": 7.85321331024,
        "stdev": 0.431918978691
    },
    "spectral_flux": {
        "mean": 0.0992493331432,
        "stdev": 0.0561989322305
    },
    "spectral_kurtosis": {
        "mean": 3.02099728584,
        "stdev": 2.25639462471
    },
    "spectral_rms": {
        "mean": 0.00539063476026,
        "stdev": 0.00176791835111
    },
    "spectral_rolloff": {
        "mean": 2402.18457031,
        "stdev": 2556.36743164
    },
    "spectral_skewness": {
        "mean": 1.43015730381,
        "stdev": 0.429677397013
    },
    "spectral_spread": {
        "mean": 6062714,
        "stdev": 3731048
    },
    "spectral_strongpeak": {
        "mean": 1.12257623672,
        "stdev": 1.1450868845
    },
    "zerocrossingrate": {
        "mean": 0.0876534953713,
        "stdev": 0.0592299439013
    },
    "barkbands": {
        "mean": [0.000135437468998, 0.00739132706076, 0.00232151849195, 0.00141034950502, 0.00236192508601, 0.00324978469871, 0.00136378628667, 0.00136328872759, 0.00307468045503, 0.000807580247056, 0.00127011572476, 0.0015812368365, 0.00106528098695, 0.000799472734798, 0.000787888187915, 0.00040963551146, 0.000391277688323, 0.000364859472029, 0.000375271803932, 0.000357348268153, 0.000388438260416, 0.000366275635315, 0.000425225880463, 0.000461530842585, 0.000342773942975, 0.000119782387628, 3.0163791962e-06],
        "stdev": [0.000249853008427, 0.0117431832477, 0.00864018965513, 0.00503167882562, 0.00530043337494, 0.00466272374615, 0.00239008292556, 0.00272684590891, 0.00504598487169, 0.00133599550463, 0.00187633081805, 0.00200166134164, 0.00164170318749, 0.00128898711409, 0.0012549465755, 0.000551465316676, 0.000460147595732, 0.000573397672269, 0.00046322614071, 0.000408940279158, 0.000459757924546, 0.00055374589283, 0.000674732553307, 0.000666361127514, 0.000676755793393, 0.000290630734526, 8.49730622576e-06]
    },
    "erbbands": {
        "mean": [0.216763526201, 1.62823283672, 2.7097632885, 4.35734796524, 4.81525945663, 9.08998012543, 16.150844574, 30.2933216095, 20.1831684113, 20.8982563019, 42.4186592102, 62.0796699524, 41.3266296387, 40.8018722534, 52.0102920532, 54.4166221619, 52.1576881409, 43.4382247925, 40.699131012, 31.5109539032, 23.2934036255, 24.7905273438, 21.0496330261, 19.6405067444, 18.8626327515, 15.4669513702, 17.346950531, 13.7587919235, 13.1443281174, 12.0905628204, 12.4086322784, 9.81597709656, 7.79920101166, 4.6307144165, 1.99764108658, 0.730229794979, 0.178696081042, 0.021216519177, 0.000499698275235, 6.40362341073e-05],
        "stdev": [0.375468373299, 2.71958112717, 8.54643630981, 15.0145940781, 15.6345767975, 21.0949001312, 23.978685379, 50.1931419373, 30.9373645782, 36.0417022705, 71.5996704102, 116.463356018, 59.3310585022, 49.1764678955, 82.4842147827, 66.060836792, 74.3743896484, 63.7195549011, 58.7120704651, 42.811164856, 30.5364284515, 29.3506908417, 34.68957901, 27.1862163544, 20.3552913666, 17.3477020264, 21.0879154205, 17.1005744934, 19.9672336578, 19.0860214233, 19.733455658, 13.4151763916, 12.4674501419, 9.4415512085, 3.94852232933, 1.9162157774, 0.382915556431, 0.0518108941615, 0.00111228087917, 5.62062741665e-05]
    },
    "gfcc": {
        "mean": [32.7190170288, 61.5259361267, -123.376113892, 20.4111366272, -70.2353515625, 26.0826396942, -39.6323814392, 14.8433055878, -25.4600334167, 8.93293857574, -11.8020496368, 4.81532144547, -9.15560722351],
        "cov": [[17129.2675781, -74.2853012085, -1050.85961914, 471.113189697, -884.78314209, 399.608642578, -593.535095215, 254.00151062, -418.563842773, 251.730041504, -205.236419678, 117.639526367, -150.602508545], [-74.2853012085, 877.993041992, -211.530273438, -18.7640075684, 127.861167908, -23.5065116882, 73.0825042725, -56.0366516113, 26.8726406097, -107.206619263, 45.0174827576, -60.0988807678, 19.935962677], [-1050.85961914, -211.530273438, 682.368591309, 170.061584473, 169.660614014, 143.670059204, 92.410446167, 87.1083450317, 47.7895278931, 54.8644561768, 9.30317306519, 24.8161354065, -4.51551675797], [471.113189697, -18.7640075684, 170.061584473, 420.376831055, 191.316772461, 179.854721069, 140.904205322, 45.9609031677, 118.004592896, 68.2172012329, 21.4635715485, 28.2473278046, -9.63945484161], [-884.78314209, 127.861167908, 169.660614014, 191.316772461, 427.477996826, 184.800933838, 188.974639893, 43.685585022, 106.847068787, 46.5871810913, 32.6116867065, 6.42257452011, 7.66812610626], [399.608642578, -23.5065116882, 143.670059204, 179.854721069, 184.800933838, 312.682922363, 150.006408691, 71.1167602539, 101.096313477, 89.3018035889, 30.6442527771, 29.9069766998, 0.411515444517], [-593.535095215, 73.0825042725, 92.410446167, 140.904205322, 188.974639893, 150.006408691, 226.379699707, 66.6725158691, 116.893798828, 62.5365333557, 51.899017334, 11.4190063477, 18.2075176239], [254.00151062, -56.0366516113, 87.1083450317, 45.9609031677, 43.685585022, 71.1167602539, 66.6725158691, 162.79914856, 44.0898895264, 60.3210716248, 37.3379325867, 21.3149032593, 34.415813446], [-418.563842773, 26.8726406097, 47.7895278931, 118.004592896, 106.847068787, 101.096313477, 116.893798828, 44.0898895264, 169.050384521, 69.4029922485, 47.3422737122, 26.9382152557, 15.8819465637], [251.730041504, -107.206619263, 54.8644561768, 68.2172012329, 46.5871810913, 89.3018035889, 62.5365333557, 60.3210716248, 69.4029922485, 132.030303955, 55.3293914795, 36.4150314331, 21.3354892731], [-205.236419678, 45.0174827576, 9.30317306519, 21.4635715485, 32.6116867065, 30.6442527771, 51.899017334, 37.3379325867, 47.3422737122, 55.3293914795, 112.39604187, 49.9429206848, 47.1245918274], [117.639526367, -60.0988807678, 24.8161354065, 28.2473278046, 6.42257452011, 29.9069766998, 11.4190063477, 21.3149032593, 26.9382152557, 36.4150314331, 49.9429206848, 101.768112183, 37.9331359863], [-150.602508545, 19.935962677, -4.51551675797, -9.63945484161, 7.66812610626, 0.411515444517, 18.2075176239, 34.415813446, 15.8819465637, 21.3354892731, 47.1245918274, 37.9331359863, 92.0348892212]],
        "icov": [[0.000285750691546, -0.000422736629844, 0.000553418125492, -0.00084627076285, 0.000687369087245, -0.00088159769075, 0.000996114453301, -0.000930862268433, 0.00118256616406, -0.00127418350894, 0.000918156758416, -0.000672905182, 0.000493909465149], [-0.000422736629844, 0.00257628201507, -0.000207220175071, 0.00126332743093, -0.00167694478296, 0.00115960091352, -0.00181630626321, 0.00168618699536, -0.00220396532677, 0.00431274576113, -0.00337610347196, 0.0024581302423, -0.00116826768499], [0.000553418125492, -0.000207220175071, 0.00309565593489, -0.00205396884121, 0.000628257810604, -0.00199206103571, 0.00190566794481, -0.00250134407543, 0.00254059699364, -0.00187470635865, 0.00145814171992, -0.00124204007443, 0.00116363959387], [-0.00084627076285, 0.00126332743093, -0.00205396884121, 0.00634282082319, -0.00266102794558, 0.00171001243871, -0.0035385361407, 0.00294787762687, -0.00478447461501, 0.00349381612614, -0.00207961117849, 0.00120755785611, -0.000700331467669], [0.000687369087245, -0.00167694478296, 0.000628257810604, -0.00266102794558, 0.00619969563559, -0.0031415715348, -2.59171429207e-05, -0.00170976039954, 0.00276211323217, -0.00312948762439, 0.00273194396868, -0.00158921536058, 0.000887142959982], [-0.00088159769075, 0.00115960091352, -0.00199206103571, 0.00171001243871, -0.0031415715348, 0.00900690630078, -0.00506285298616, 0.00214527291246, -0.00371617684141, 0.00142399559263, -0.00142457569018, 0.000726247555576, -0.000450305786217], [0.000996114453301, -0.00181630626321, 0.00190566794481, -0.0035385361407, -2.59171429207e-05, -0.00506285298616, 0.0145483529195, -0.00490966858342, 0.000372627400793, -0.00424268795177, 0.000887055241037, -0.000333295116434, 0.00133132422343], [-0.000930862268433, 0.00168618699536, -0.00250134407543, 0.00294787762687, -0.00170976039954, 0.00214527291246, -0.00490966858342, 0.0117793884128, -0.00375355873257, 0.00203101499937, -0.00339480233379, 0.00296394643374, -0.00430959835649], [0.00118256616406, -0.00220396532677, 0.00254059699364, -0.00478447461501, 0.00276211323217, -0.00371617684141, 0.000372627400793, -0.00375355873257, 0.0160525646061, -0.0086666746065, 0.00331476726569, -0.00393611798063, 0.00231649330817], [-0.00127418350894, 0.00431274576113, -0.00187470635865, 0.00349381612614, -0.00312948762439, 0.00142399559263, -0.00424268795177, 0.00203101499937, -0.0086666746065, 0.0220674164593, -0.0107971709222, 0.00380542594939, -0.00207111239433], [0.000918156758416, -0.00337610347196, 0.00145814171992, -0.00207961117849, 0.00273194396868, -0.00142457569018, 0.000887055241037, -0.00339480233379, 0.00331476726569, -0.0107971709222, 0.0212524794042, -0.00849080272019, -0.00249114236794], [-0.000672905182, 0.0024581302423, -0.00124204007443, 0.00120755785611, -0.00158921536058, 0.000726247555576, -0.000333295116434, 0.00296394643374, -0.00393611798063, 0.00380542594939, -0.00849080272019, 0.017195828259, -0.00542412651703], [0.000493909465149, -0.00116826768499, 0.00116363959387, -0.000700331467669, 0.000887142959982, -0.000450305786217, 0.00133132422343, -0.00430959835649, 0.00231649330817, -0.00207111239433, -0.00249114236794, -0.00542412651703, 0.0167782567441]]
    },
    "melbands": {
        "mean": [0.00203236844391, 0.00172108702827, 0.000744282035157, 0.000491984304972, 0.000529205542989, 0.000651217007544, 0.00031656891224, 0.000244729337282, 0.000372230744688, 0.000415556220105, 0.000200169946766, 0.000158419614309, 0.000155414469191, 0.000173999171238, 0.000133944457048, 0.000117452480481, 7.31567561161e-05, 6.17206533207e-05, 6.52065282338e-05, 2.80256299448e-05, 2.47703628702e-05, 2.71693788818e-05, 1.8229278794e-05, 1.73137286765e-05, 1.57990198204e-05, 1.42885128298e-05, 1.30685930344e-05, 9.55033465289e-06, 1.1115766938e-05, 9.12253653951e-06, 7.4545591815e-06, 7.5940674833e-06, 6.7527948886e-06, 6.6245565904e-06, 7.09319920134e-06, 6.82622794557e-06, 5.72286899114e-06, 5.57949624636e-06, 4.80038943351e-06, 3.58468264494e-06],
        "stdev": [0.00325405248441, 0.00380524783395, 0.00246133492328, 0.00130144495051, 0.000750506587792, 0.00101457210258, 0.00046761953854, 0.000442804885097, 0.000674487731885, 0.000788426434156, 0.000300492509268, 0.000198807334527, 0.000226903764997, 0.000235508196056, 0.000218492699787, 0.000200418609893, 0.000117860363389, 0.000103886253783, 0.000113398724352, 3.73932780349e-05, 3.57776734745e-05, 3.4222008253e-05, 2.85133319267e-05, 2.60665237874e-05, 2.33596238104e-05, 1.72885975189e-05, 1.52325892486e-05, 1.22320261653e-05, 1.38378136398e-05, 1.14385811685e-05, 1.00549186755e-05, 1.17717081594e-05, 1.15039183584e-05, 1.09917018563e-05, 1.18072266559e-05, 1.01826599348e-05, 7.98635846877e-06, 8.87655005499e-06, 8.78540595295e-06, 7.92307127995e-06]
    },
    "melbands128": {
        "mean": [0.000123265999719, 0.00152176432312, 0.0031223972328, 0.00251682731323, 0.00148651038762, 0.00113983964548, 0.000955806230195, 0.000592140655499, 0.000413001253037, 0.000505857344251, 0.000604585860856, 0.000418329640524, 0.000560523709282, 0.00058268639259, 0.000774496875238, 0.000657999538817, 0.000319859478623, 0.000248327560257, 0.000393736525439, 0.000141272859764, 0.000225880197831, 0.000339133199304, 0.000386104278732, 0.000497739878483, 0.000301873951685, 0.000530952122062, 0.000318272679579, 0.000104239392385, 0.000186725126696, 8.53432138683e-05, 0.000219086621655, 0.000170616287505, 7.51502739149e-05, 0.000206896715099, 0.000258386338828, 0.000125229969854, 8.92175739864e-05, 0.000224099203479, 6.59876459395e-05, 0.000105513980088, 0.000152482025442, 0.000100059878605, 7.64824289945e-05, 4.57048481621e-05, 7.93965882622e-05, 5.84250810789e-05, 4.67355930596e-05, 0.000105737402919, 5.0701728469e-05, 1.8690878278e-05, 2.97217102343e-05, 2.80752810795e-05, 3.40167098329e-05, 1.76542689587e-05, 1.68322148966e-05, 3.83313017664e-05, 2.55740542343e-05, 1.19632368296e-05, 1.87148398254e-05, 2.50267494266e-05, 1.41416758197e-05, 1.33599187393e-05, 1.8923985408e-05, 1.15761686175e-05, 2.08452784136e-05, 1.30422704387e-05, 1.14217382361e-05, 1.53756300278e-05, 1.488903672e-05, 7.5727643889e-06, 9.20229285839e-06, 1.12508432721e-05, 9.14740030566e-06, 1.2019049791e-05, 1.19227388495e-05, 8.73051976669e-06, 8.12264534034e-06, 8.93656670087e-06, 6.61096328258e-06, 6.57862256048e-06, 8.71777865541e-06, 7.24475648894e-06, 6.98959820511e-06, 6.66444339004e-06, 6.66308369546e-06, 6.40040798316e-06, 7.26688404029e-06, 6.00300700171e-06, 7.1831286732e-06, 7.59225986258e-06, 7.46904242988e-06, 6.46291755402e-06, 5.85161342315e-06, 5.65549635212e-06, 5.80091818847e-06, 5.41766257811e-06, 5.87263730267e-06, 5.43376563655e-06, 4.54543987871e-06, 4.80182279716e-06, 4.21126924266e-06, 3.36896596309e-06, 2.8098936582e-06, 2.55771601587e-06, 2.52627614827e-06, 1.76834964805e-06, 1.48173251091e-06, 1.29357613332e-06, 1.24524797229e-06, 1.23994141177e-06, 9.17392981137e-07, 6.09269648066e-07, 4.83456688016e-07, 3.80199850269e-07, 3.79203328293e-07, 1.88240292687e-07, 1.18809701632e-07, 1.47663001826e-08, 5.75188551302e-12, 5.17403004122e-12, 5.00389573527e-12, 4.86642670605e-12, 4.74541760054e-12, 4.64640175293e-12, 4.56711144597e-12, 4.50807230087e-12, 4.46455069095e-12, 4.4345924502e-12],
        "stdev": [0.000236367515754, 0.00297418911941, 0.00525513477623, 0.00474853208289, 0.00460218219087, 0.00427100015804, 0.00347745744511, 0.00211600959301, 0.00172776915133, 0.00160875369329, 0.00179173215292, 0.000918750360142, 0.000997736817226, 0.00113936001435, 0.00148211210035, 0.00142811599653, 0.000673815258779, 0.000495694112033, 0.000825866125524, 0.000441091047833, 0.000574653910007, 0.000944492348935, 0.00086579908384, 0.00126848428044, 0.000811851641629, 0.00127485138364, 0.000804420094937, 0.000173642183654, 0.000420397816924, 0.000173847540282, 0.000347964756656, 0.000255233346252, 0.000158835406182, 0.000570457719732, 0.000446888734587, 0.000222960356041, 0.000156960071763, 0.000443883531261, 0.000136467686389, 0.000240080262301, 0.000338387180818, 0.000260889239144, 0.000164432785823, 8.5148087237e-05, 0.000202814131626, 0.000133052613819, 0.00011442667892, 0.000236355728703, 0.000103543694422, 3.39896760124e-05, 5.52511301066e-05, 5.07457407366e-05, 7.29291059542e-05, 3.23159292748e-05, 2.51558121818e-05, 6.02864383836e-05, 4.3503849156e-05, 2.23500574066e-05, 4.58231334051e-05, 5.83915098105e-05, 2.90723000944e-05, 2.2313935915e-05, 4.65164412162e-05, 1.9468503524e-05, 4.5263193897e-05, 1.86294819287e-05, 1.91108556464e-05, 2.38226475631e-05, 2.21826667257e-05, 1.2525366401e-05, 1.84077925951e-05, 1.98074194486e-05, 1.61174993991e-05, 1.83752617886e-05, 1.99379555852e-05, 1.40888569149e-05, 1.24223797684e-05, 1.47089876918e-05, 1.08599924715e-05, 1.1670747881e-05, 1.44457935676e-05, 1.48683766383e-05, 1.36619346449e-05, 1.47196260514e-05, 1.27551056721e-05, 1.15188786367e-05, 1.43340248542e-05, 1.00684219433e-05, 1.39890853461e-05, 1.45869280459e-05, 1.25665546875e-05, 9.90890839603e-06, 9.41583311942e-06, 8.31916713651e-06, 9.68372842181e-06, 8.74271518114e-06, 1.1286226254e-05, 9.89944874163e-06, 8.74041597854e-06, 9.92991590465e-06, 1.07428604679e-05, 7.79713718657e-06, 6.61396234136e-06, 5.31604155185e-06, 4.94737332701e-06, 4.53930306321e-06, 4.11716155213e-06, 3.80596566174e-06, 3.66880067304e-06, 3.77181413569e-06, 2.6678433187e-06, 1.44154307691e-06, 9.88990905171e-07, 7.39757751944e-07, 1.51457265929e-06, 4.87984607389e-07, 3.44197218283e-07, 5.06005690681e-08, 8.59555048666e-12, 7.65219658472e-12, 7.408956261e-12, 7.20678161245e-12, 7.03592696258e-12, 6.89441559398e-12, 6.77667340646e-12, 6.68621668448e-12, 6.620621152e-12, 6.57916386301e-12]
    },
    "mfcc": {
        "mean": [-600.306213379, 94.2232513428, 0.468209713697, -0.492807656527, -3.6463868618, 2.69430756569, 2.83114767075, 2.32428598404, -2.38218212128, 2.22017264366, -0.505476713181, 3.35776281357, 0.384620606899],
        "cov": [[5759.85791016, -110.035247803, 214.65284729, 78.170173645, 39.7748756409, 56.0347747803, -4.95624923706, -84.8038864136, -19.0446624756, 61.0112342834, -23.9245967865, 11.1875839233, -35.6917648315], [-110.035247803, 854.233337402, -189.902511597, -25.5023517609, 17.9217281342, -33.4236488342, 43.5732955933, 25.7295894623, -22.4598350525, -43.2908554077, -32.7282371521, -16.2640552521, -3.64341044426], [214.65284729, -189.902511597, 462.935882568, 56.325214386, 62.7705078125, 53.4646720886, 39.0986404419, 40.0241584778, 36.789604187, 48.750667572, 37.0438346863, 27.5512981415, 7.23027229309], [78.170173645, -25.5023517609, 56.325214386, 279.087799072, 105.524047852, 127.280395508, 50.5939369202, 69.5508804321, 55.7688751221, 50.3615150452, 47.508556366, 45.865524292, 16.4132652283], [39.7748756409, 17.9217281342, 62.7705078125, 105.524047852, 222.86857605, 145.254745483, 93.0226135254, 76.867767334, 68.8024902344, 53.7214698792, 47.6693496704, 32.6783676147, 26.962266922], [56.0347747803, -33.4236488342, 53.4646720886, 127.280395508, 145.254745483, 360.303588867, 88.1834030151, 122.120193481, 80.1355133057, 93.9096374512, 107.897216797, 46.8606567383, 48.1723976135], [-4.95624923706, 43.5732955933, 39.0986404419, 50.5939369202, 93.0226135254, 88.1834030151, 176.859710693, 61.8299560547, 69.8927993774, 64.0365753174, 33.4443397522, 49.532409668, 28.8635101318], [-84.8038864136, 25.7295894623, 40.0241584778, 69.5508804321, 76.867767334, 122.120193481, 61.8299560547, 141.053359985, 62.6916313171, 42.0020484924, 55.9755592346, 32.2149047852, 31.7168827057], [-19.0446624756, -22.4598350525, 36.789604187, 55.7688751221, 68.8024902344, 80.1355133057, 69.8927993774, 62.6916313171, 124.837585449, 72.540222168, 44.8378219604, 37.08826828, 31.3741569519], [61.0112342834, -43.2908554077, 48.750667572, 50.3615150452, 53.7214698792, 93.9096374512, 64.0365753174, 42.0020484924, 72.540222168, 134.074630737, 57.4902839661, 49.1747207642, 32.9285087585], [-23.9245967865, -32.7282371521, 37.0438346863, 47.508556366, 47.6693496704, 107.897216797, 33.4443397522, 55.9755592346, 44.8378219604, 57.4902839661, 113.830070496, 47.5983848572, 30.8485984802], [11.1875839233, -16.2640552521, 27.5512981415, 45.865524292, 32.6783676147, 46.8606567383, 49.532409668, 32.2149047852, 37.08826828, 49.1747207642, 47.5983848572, 99.837348938, 40.3882331848], [-35.6917648315, -3.64341044426, 7.23027229309, 16.4132652283, 26.962266922, 48.1723976135, 28.8635101318, 31.7168827057, 31.3741569519, 32.9285087585, 30.8485984802, 40.3882331848, 89.4033889771]],
        "icov": [[0.000183574273251, -8.41726887302e-06, -8.79661456565e-05, -4.59726143163e-05, -2.47897369263e-05, -7.77873938205e-05, 2.8942939025e-05, 0.000193729327293, 5.1195242122e-05, -0.00011996752437, 0.000105428051029, -4.78111069242e-05, 7.12562759873e-05], [-8.41726887302e-06, 0.00140514783561, 0.000599027203862, 7.90919366409e-05, -0.000260585336946, 0.000250762182986, -0.00059633719502, -0.000654522038531, 0.000422641605837, 0.000276683480479, 0.000187590398127, 0.000125131118693, -1.23459376482e-05], [-8.79661456565e-05, 0.000599027203862, 0.002620652318, -0.000119181517221, -0.000529182550963, 0.000329925213009, -0.00027034667437, -0.000639285251964, 0.000208490033401, -0.000407161773182, -0.000275279104244, -6.83810503688e-05, 0.000297804363072], [-4.59726143163e-05, 7.90919366409e-05, -0.000119181517221, 0.00496116653085, -0.00145470618736, -0.00084998406237, 0.000566340051591, -0.000893243588507, -0.000520974397659, -7.84424773883e-05, 0.000352045753971, -0.00166946882382, 0.00095888186479], [-2.47897369263e-05, -0.000260585336946, -0.000529182550963, -0.00145470618736, 0.00784176494926, -0.00176748889498, -0.00227304780856, -0.000522634014487, -0.00137076689862, 0.000544851238374, 7.99971749075e-05, 0.000632454932202, -0.000236912121181], [-7.77873938205e-05, 0.000250762182986, 0.000329925213009, -0.00084998406237, -0.00176748889498, 0.00574781745672, -0.000456106907222, -0.00244851317257, 0.00080729223555, -0.00149485806469, -0.00301965977997, 0.0014375380706, -0.00077978905756], [2.8942939025e-05, -0.00059633719502, -0.00027034667437, 0.000566340051591, -0.00227304780856, -0.000456106907222, 0.00951573438942, -0.0011887808796, -0.00226985989138, -0.00181956030428, 0.0018005259335, -0.00292751658708, 0.000353997747879], [0.000193729327293, -0.000654522038531, -0.000639285251964, -0.000893243588507, -0.000522634014487, -0.00244851317257, -0.0011887808796, 0.0130582880229, -0.00347332516685, 0.00180329440627, -0.00239180051722, 0.000186847784789, -0.00120991445147], [5.1195242122e-05, 0.000422641605837, 0.000208490033401, -0.000520974397659, -0.00137076689862, 0.00080729223555, -0.00226985989138, -0.00347332516685, 0.015015640296, -0.00532212899998, -0.00058949936647, 0.000378131517209, -0.00121673906688], [-0.00011996752437, 0.000276683480479, -0.000407161773182, -7.84424773883e-05, 0.000544851238374, -0.00149485806469, -0.00181956030428, 0.00180329440627, -0.00532212899998, 0.0139815174043, -0.00277682999149, -0.00224778847769, -0.000708760460839], [0.000105428051029, 0.000187590398127, -0.000275279104244, 0.000352045753971, 7.99971749075e-05, -0.00301965977997, 0.0018005259335, -0.00239180051722, -0.00058949936647, -0.00277682999149, 0.0159567762166, -0.00470827985555, -0.000271761295153], [-4.78111069242e-05, 0.000125131118693, -6.83810503688e-05, -0.00166946882382, 0.000632454932202, 0.0014375380706, -0.00292751658708, 0.000186847784789, 0.000378131517209, -0.00224778847769, -0.00470827985555, 0.0165501907468, -0.00494523765519], [7.12562759873e-05, -1.23459376482e-05, 0.000297804363072, 0.00095888186479, -0.000236912121181, -0.00077978905756, 0.000353997747879, -0.00120991445147, -0.00121673906688, -0.000708760460839, -0.000271761295153, -0.00494523765519, 0.0148354694247]]
    },
    "spectral_contrast_coeffs": {
        "mean": [-0.69429063797, -0.728502929211, -0.734325051308, -0.777309954166, -0.779747545719, -0.782499551773],
        "stdev": [0.0978570654988, 0.0766167491674, 0.0651948153973, 0.0549104958773, 0.0452062822878, 0.0394480526447]
    },
    "spectral_contrast_valleys": {
        "mean": [-7.19075679779, -6.69104623795, -7.05895233154, -7.41348600388, -7.47402095795, -9.47623538971],
        "stdev": [2.11665630341, 2.12194776535, 2.07403063774, 2.06138753891, 2.05268621445, 1.95909106731]
    }
},
"rhythm": {
    "beats_count": 535,
    "beats_loudness": {
        "mean": 0.0393609702587,
        "stdev": 0.0237382315099
    },
    "bpm": 137.946014404,
    "bpm_histogram_first_peak_bpm": 140,
    "bpm_histogram_first_peak_weight": 0.490981936455,
    "bpm_histogram_second_peak_bpm": 129,
    "bpm_histogram_second_peak_spread": 0.5,
    "bpm_histogram_second_peak_weight": 0.0280898883939,
    "danceability": 1.35014057159,
    "onset_rate": 4.88566684723,
    "beats_loudness_band_ratio": {
        "mean": [0.224856853485, 0.179167211056, 0.23691251874, 0.15956170857, 0.0761689022183, 0.136090710759],
        "stdev": [0.260725110769, 0.149206072092, 0.176145017147, 0.117901526392, 0.0593208409846, 0.110681116581]
    },
    "beats_position": [0.417959183455, 0.847528338432, 1.27709746361, 1.71827661991, 2.14784574509, 2.57741498947, 3.01859402657, 3.45977306366, 3.88934230804, 4.31891155243, 4.76009082794, 5.20126962662, 5.630838871, 6.06040811539, 6.5015873909, 6.93115615845, 7.36072540283, 7.80190467834, 8.24308395386, 8.68426322937, 9.11383247375, 9.55501079559, 9.98458003998, 10.4141492844, 10.8437185287, 11.2848978043, 11.7260770798, 12.1556463242, 12.5968255997, 13.0263938904, 13.4675731659, 13.8971424103, 14.3267116547, 14.756280899, 15.1858501434, 15.6270294189, 16.0565986633, 16.4861679077, 16.9273471832, 17.3685264587, 17.8097057343, 18.2508831024, 18.6804523468, 19.1100215912, 19.5512008667, 19.9923801422, 20.4219493866, 20.851518631, 21.2810878754, 21.7106571198, 22.1518363953, 22.5930156708, 23.0225849152, 23.4521541595, 23.8933334351, 24.3229026794, 24.7524719238, 25.1936511993, 25.6348285675, 26.076007843, 26.5055770874, 26.9351463318, 27.3763256073, 27.8175048828, 28.2470741272, 28.6766433716, 29.106212616, 29.5357818604, 29.9653511047, 30.3949203491, 30.8360996246, 31.2772789001, 31.7184581757, 32.1596374512, 32.6008148193, 33.053604126, 33.5180053711, 33.99401474, 34.4468002319, 34.9112014771, 35.3755989075, 35.8283882141, 36.269569397, 36.7107467651, 37.151927948, 37.5931053162, 38.0226745605, 38.4522438049, 38.8934249878, 39.334602356, 39.7641716003, 40.1937408447, 40.6349182129, 41.0644874573, 41.4940567017, 41.9352378845, 42.3764152527, 42.8175964355, 43.2471656799, 43.6767349243, 44.1179122925, 44.5474815369, 44.9770507812, 45.4182319641, 45.8594093323, 46.2889785767, 46.718547821, 47.1597251892, 47.6125144958, 48.076915741, 48.5529251099, 49.0405426025, 49.5281639099, 49.9693412781, 50.4105224609, 50.8516998291, 51.2928771973, 51.7224464417, 52.152015686, 52.5931968689, 53.0227661133, 53.4523353577, 53.8935127258, 54.3346939087, 54.7642631531, 55.1938323975, 55.6350097656, 56.0761909485, 56.5057601929, 56.9353294373, 57.3765068054, 57.8060760498, 58.2356452942, 58.6768226624, 59.1063919067, 59.5359611511, 59.977142334, 60.4183197021, 60.8478889465, 61.2774581909, 61.7070274353, 62.1482086182, 62.5893859863, 63.0189552307, 63.4601364136, 63.9013137817, 64.3424911499, 64.772064209, 65.2016296387, 65.6428070068, 66.0723800659, 66.5019454956, 66.9431304932, 67.3726959229, 67.8022689819, 68.2434463501, 68.6846237183, 69.1141967773, 69.543762207, 69.9849395752, 70.4261245728, 70.844078064, 71.2852630615, 71.7264404297, 72.1560058594, 72.5971832275, 73.0267562866, 73.4679336548, 73.9091110229, 74.338684082, 74.7682495117, 75.2094345093, 75.6506118774, 76.0801773071, 76.5097503662, 76.9393157959, 77.368888855, 77.8100662231, 78.2512435913, 78.6808166504, 79.1103820801, 79.5515594482, 79.9927444458, 80.4223098755, 80.8518829346, 81.2930603027, 81.7226257324, 82.1521987915, 82.5933761597, 83.0345535278, 83.4641265869, 83.8936920166, 84.3348770142, 84.7760543823, 85.205619812, 85.6351928711, 86.0531539917, 86.5059356689, 86.935508728, 87.3766860962, 87.8178634644, 88.2590484619, 88.6886138916, 89.1181869507, 89.5593643188, 89.9889297485, 90.4185028076, 90.8480682373, 91.2776412964, 91.7188186646, 92.1599960327, 92.5895690918, 93.0191345215, 93.460319519, 93.8898849487, 94.3194503784, 94.760635376, 95.1902008057, 95.6313781738, 96.0725631714, 96.5021286011, 96.9317016602, 97.3612670898, 97.802444458, 98.2436294556, 98.6731948853, 99.1027679443, 99.5439453125, 99.9851226807, 100.437911987, 100.902313232, 101.366706848, 101.819496155, 102.260681152, 102.701858521, 103.143035889, 103.607437134, 104.071838379, 104.536231995, 104.977409363, 105.41859436, 105.859771729, 106.289337158, 106.718910217, 107.160087585, 107.601264954, 108.030838013, 108.460403442, 108.889976501, 109.33115387, 109.760726929, 110.201904297, 110.631469727, 111.072654724, 111.513832092, 111.943397522, 112.38457489, 112.814147949, 113.243713379, 113.673286438, 114.102851868, 114.544036865, 114.985214233, 115.414779663, 115.844352722, 116.28553009, 116.726707458, 117.167892456, 117.597457886, 118.027030945, 118.456596375, 118.897773743, 119.327346802, 119.76852417, 120.1980896, 120.627662659, 121.068840027, 121.510017395, 121.939590454, 122.369155884, 122.810340881, 123.25151825, 123.692695618, 124.122268677, 124.551834106, 124.993011475, 125.422584534, 125.852149963, 126.293327332, 126.722900391, 127.15246582, 127.593650818, 128.023223877, 128.452789307, 128.893966675, 129.335144043, 129.764709473, 130.194290161, 130.635467529, 131.076644897, 131.494598389, 131.924163818, 132.353744507, 132.794921875, 133.236099243, 133.677276611, 134.118453979, 134.559631348, 134.989196777, 135.418777466, 135.859954834, 136.289520264, 136.719085693, 137.160263062, 137.601455688, 138.031021118, 138.460586548, 138.901763916, 139.342941284, 139.772521973, 140.202087402, 140.643264771, 141.0728302, 141.50239563, 141.943572998, 142.384765625, 142.825942993, 143.267120361, 143.719909668, 144.184310913, 144.648712158, 145.101501465, 145.565887451, 146.041900635, 146.494689941, 146.93586731, 147.377044678, 147.818222046, 148.247802734, 148.677368164, 149.118545532, 149.5597229, 149.98928833, 150.418869019, 150.860046387, 151.289611816, 151.719177246, 152.160354614, 152.601531982, 153.031112671, 153.460678101, 153.901855469, 154.343032837, 154.772598267, 155.202178955, 155.643356323, 156.084533691, 156.502487183, 156.943664551, 157.384857178, 157.814422607, 158.243988037, 158.685165405, 159.126342773, 159.555908203, 159.985488892, 160.42666626, 160.867843628, 161.297409058, 161.726974487, 162.168167114, 162.609344482, 163.038909912, 163.468475342, 163.898040771, 164.32762146, 164.768798828, 165.209976196, 165.639541626, 166.069107056, 166.510284424, 166.951477051, 167.38104248, 167.81060791, 168.251785278, 168.681350708, 169.110931396, 169.552108765, 169.993286133, 170.422851562, 170.852416992, 171.293609619, 171.734786987, 172.164352417, 172.593917847, 173.035095215, 173.476272583, 173.905853271, 174.335418701, 174.776596069, 175.206161499, 175.635726929, 176.076919556, 176.518096924, 176.947662354, 177.377227783, 177.818405151, 178.25958252, 178.689163208, 179.118728638, 179.559906006, 179.989471436, 180.419036865, 180.860229492, 181.30140686, 181.719360352, 182.16053772, 182.601715088, 183.031295776, 183.460861206, 183.902038574, 184.343215942, 184.784393311, 185.21395874, 185.643539429, 186.084716797, 186.514282227, 186.943847656, 187.385025024, 187.814605713, 188.244171143, 188.685348511, 189.11491394, 189.54447937, 189.985671997, 190.426849365, 190.856414795, 191.285980225, 191.727157593, 192.168334961, 192.597915649, 193.027481079, 193.468658447, 193.909835815, 194.339401245, 194.768981934, 195.210159302, 195.639724731, 196.069290161, 196.510467529, 196.951644897, 197.381225586, 197.810791016, 198.251968384, 198.681533813, 199.111114502, 199.55229187, 199.993469238, 200.423034668, 200.852600098, 201.293777466, 201.723358154, 202.152923584, 202.594100952, 203.03527832, 203.46484375, 203.906021118, 204.335601807, 204.776779175, 205.206344604, 205.635910034, 206.077087402, 206.506668091, 206.936233521, 207.377410889, 207.818588257, 208.248153687, 208.677734375, 209.118911743, 209.560089111, 209.989654541, 210.419219971, 210.848800659, 211.278366089, 211.719543457, 212.160720825, 212.590286255, 213.019866943, 213.461044312, 213.90222168, 214.343399048, 214.772964478, 215.202529907, 215.643707275, 216.084899902, 216.514465332, 216.944030762, 217.38520813, 217.81477356, 218.244354248, 218.685531616, 219.115097046, 219.556274414, 219.985839844, 220.427032471, 220.868209839, 221.309387207, 221.738952637, 222.168518066, 222.598098755, 223.027664185, 223.468841553, 223.898406982, 224.327972412, 224.76914978, 225.210342407, 225.639907837, 226.069473267, 226.510650635, 226.940216064, 227.381408691, 227.810974121, 228.252151489, 228.693328857, 229.122894287, 229.564071655, 230.005249023, 230.45803833, 230.922439575, 231.375228882, 231.839630127, 232.304031372, 232.803268433, 233.302490234, 233.801712036],
    "bpm_histogram": [0, 0, 0, 0, 0, 0, 0, 0, 0, 0, 0, 0, 0, 0, 0, 0, 0, 0, 0, 0, 0, 0, 0, 0, 0, 0, 0, 0, 0, 0, 0, 0, 0, 0, 0, 0, 0, 0, 0, 0, 0, 0, 0, 0, 0, 0, 0, 0, 0, 0, 0, 0, 0, 0, 0, 0, 0, 0, 0, 0, 0, 0, 0, 0, 0, 0, 0, 0, 0, 0, 0, 0, 0, 0, 0, 0, 0, 0, 0, 0, 0, 0, 0, 0, 0, 0, 0, 0, 0, 0, 0, 0, 0, 0, 0, 0, 0, 0, 0, 0, 0, 0, 0, 0, 0, 0, 0, 0, 0, 0, 0, 0, 0, 0, 0, 0, 0, 0, 0, 0, 0.00561797758564, 0, 0, 0.00374531839043, 0, 0, 0.00561797758564, 0, 0, 0.0280898883939, 0, 0, 0, 0.0224719103426, 0, 0, 0.449438214302, 0, 0, 0, 0.475655436516, 0, 0, 0, 0.00936329551041, 0, 0, 0, 0, 0, 0, 0, 0, 0, 0, 0, 0, 0, 0, 0, 0, 0, 0, 0, 0, 0, 0, 0, 0, 0, 0, 0, 0, 0, 0, 0, 0, 0, 0, 0, 0, 0, 0, 0, 0, 0, 0, 0, 0, 0, 0, 0, 0, 0, 0, 0, 0, 0, 0, 0, 0, 0, 0, 0, 0, 0, 0, 0, 0, 0, 0, 0, 0, 0, 0, 0, 0, 0, 0, 0, 0, 0, 0, 0, 0, 0, 0, 0, 0, 0, 0, 0, 0, 0, 0, 0, 0, 0, 0, 0, 0, 0, 0, 0, 0, 0, 0, 0, 0, 0]
},
"tonal": {
    "chords_changes_rate": 0.0532884299755,
    "chords_number_rate": 0.00198098248802,
    "chords_strength": {
        "mean": 0.50567305088,
        "stdev": 0.145337983966
    },
    "hpcp_crest": {
        "mean": 16.3350830078,
        "stdev": 8.28420066833
    },
    "hpcp_entropy": {
        "mean": 1.68514120579,
        "stdev": 0.815121114254
    },
    "key_edma": {
        "strength": 0.621305644512,
        "key": "D#",
        "scale": "minor"
    },
    "key_krumhansl": {
        "strength": 0.626892864704,
        "key": "D#",
        "scale": "minor"
    },
    "key_temperley": {
        "strength": 0.614189445972,
        "key": "D#",
        "scale": "minor"
    },
    "tuning_diatonic_strength": 0.481500983238,
    "tuning_equal_tempered_deviation": 0.0463749840856,
    "tuning_frequency": 440.508575439,
    "tuning_nontempered_energy_ratio": 0.66999399662,
    "hpcp": {
        "mean": [0.11232817173, 0.0987298935652, 0.180277630687, 0.261289656162, 0.173189744353, 0.0589736960828, 0.0383205860853, 0.0383342765272, 0.0643594413996, 0.0997261628509, 0.112361140549, 0.175262480974, 0.233617112041, 0.143713280559, 0.0485877990723, 0.0423564277589, 0.0953888893127, 0.257797688246, 0.341513752937, 0.191431879997, 0.0482681170106, 0.0268512815237, 0.0285864528269, 0.13061837852, 0.228480681777, 0.143370568752, 0.120090179145, 0.174653589725, 0.108949035406, 0.0593612827361, 0.0590517483652, 0.0542981401086, 0.0991647392511, 0.145488232374, 0.132505059242, 0.12278316915],
        "stdev": [0.242888182402, 0.232692167163, 0.239271640778, 0.310056179762, 0.235662892461, 0.143122583628, 0.131867721677, 0.134514436126, 0.149166688323, 0.190542474389, 0.209908679128, 0.253241062164, 0.318569511175, 0.215301543474, 0.124153129756, 0.118609800935, 0.194828554988, 0.311644077301, 0.367430865765, 0.243211194873, 0.111368507147, 0.0806237757206, 0.0804788321257, 0.181969612837, 0.30390971899, 0.211721003056, 0.192346379161, 0.296296447515, 0.176480263472, 0.123700000346, 0.13747125864, 0.142512142658, 0.170638740063, 0.231540903449, 0.214096292853, 0.266499727964]
    },
    "chords_histogram": [44.2353401184, 3.98177504539, 20.4041194916, 12.6188592911, 1.24801898003, 2.29793977737, 0.416006326675, 2.25832009315, 0.693343877792, 0.0198098253459, 4.17987298965, 1.32725834846, 0, 0, 0, 0, 0.0594294779003, 0.851822495461, 4.08082389832, 0.534865319729, 0.0396196506917, 0, 0.0792393013835, 0.673534095287],
    "thpcp": [1, 0.56053930521, 0.141335785389, 0.0786243081093, 0.0837051272392, 0.382468879223, 0.669023394585, 0.41980907321, 0.351640820503, 0.511410117149, 0.319018006325, 0.173818126321, 0.172911778092, 0.158992543817, 0.290368229151, 0.426009863615, 0.387993335724, 0.359526276588, 0.328912585974, 0.289094924927, 0.52787810564, 0.765092611313, 0.50712376833, 0.172683224082, 0.112208031118, 0.112248122692, 0.188453435898, 0.292012155056, 0.329009115696, 0.513193011284, 0.68406355381, 0.420812577009, 0.142271861434, 0.124025538564, 0.27931201458, 0.75486767292],
    "chords_key": "D#",
    "chords_scale": "minor"
}
}