{
"metadata": {
    "version": {
        "essentia": "2.1-dev",
        "essentia_git_sha": "v2.1_beta3-415-gd5473f3",
        "extractor": "music 2.0"
    },
    "audio_properties": {
        "analysis": {
            "equal_loudness": 0,
            "length": 218.22694397,
            "sample_rate": 44100,
            "start_time": 0,
            "downmix": "mix"
        },
        "bit_rate": 192000,
        "length": 218.22694397,
        "lossless": 0,
        "number_channels": 2,
        "replay_gain": -9.45189094543,
        "sample_rate": 44100,
        "codec": "mp3",
        "md5_encoded": "8dfef3df591ceddf02d3e1b0183553a9"
    },
    "tags": {
        "file_name": "novaspace-to_france.mp3"
    }
},
"lowlevel": {
    "average_loudness": 0.947684526443,
    "barkbands_crest": {
        "mean": 11.4345417023,
        "stdev": 5.92868900299
    },
    "barkbands_flatness_db": {
        "mean": 0.141139060259,
        "stdev": 0.0632004365325
    },
    "barkbands_kurtosis": {
        "mean": 8.88844776154,
        "stdev": 27.5453624725
    },
    "barkbands_skewness": {
        "mean": 1.97740602493,
        "stdev": 1.87434363365
    },
    "barkbands_spread": {
        "mean": 27.6604423523,
        "stdev": 18.611076355
    },
    "dissonance": {
        "mean": 0.462465912104,
        "stdev": 0.0317112393677
    },
    "dynamic_complexity": 2.52730298042,
    "erbbands_crest": {
        "mean": 8.78332233429,
        "stdev": 5.05732440948
    },
    "erbbands_flatness_db": {
        "mean": 0.124705694616,
        "stdev": 0.0493044480681
    },
    "erbbands_kurtosis": {
        "mean": 0.812095701694,
        "stdev": 2.82902097702
    },
    "erbbands_skewness": {
        "mean": 0.679541051388,
        "stdev": 0.736093997955
    },
    "erbbands_spread": {
        "mean": 50.9077453613,
        "stdev": 24.9087867737
    },
    "hfc": {
        "mean": 36.8710136414,
        "stdev": 30.2272396088
    },
    "loudness_ebu128": {
        "integrated": -12.4522218704,
        "loudness_range": 4.19895744324,
        "momentary": {
            "mean": -15.6214265823,
            "stdev": 24.7083854675
        },
        "short_term": {
            "mean": -13.1177024841,
            "stdev": 3.90824604034
        }
    },
    "melbands_crest": {
        "mean": 15.1511888504,
        "stdev": 7.0521736145
    },
    "melbands_flatness_db": {
        "mean": 0.186854347587,
        "stdev": 0.0844258368015
    },
    "melbands_kurtosis": {
        "mean": 24.6907749176,
        "stdev": 44.3943939209
    },
    "melbands_skewness": {
        "mean": 3.2613158226,
        "stdev": 2.421251297
    },
    "melbands_spread": {
        "mean": 23.8901691437,
        "stdev": 20.5053882599
    },
    "pitch_salience": {
        "mean": 0.535858094692,
        "stdev": 0.170978710055
    },
    "silence_rate_20dB": {
        "mean": 1,
        "stdev": 0
    },
    "silence_rate_30dB": {
        "mean": 0.9978723526,
        "stdev": 0.0460749194026
    },
    "silence_rate_60dB": {
        "mean": 0.0371276587248,
        "stdev": 0.189077943563
    },
    "spectral_centroid": {
        "mean": 1419.81188965,
        "stdev": 1148.14880371
    },
    "spectral_complexity": {
        "mean": 21.9069156647,
        "stdev": 11.8065195084
    },
    "spectral_decrease": {
        "mean": -9.87423121046e-09,
        "stdev": 6.59782140033e-09
    },
    "spectral_energy": {
        "mean": 0.040611974895,
        "stdev": 0.025510141626
    },
    "spectral_energyband_high": {
        "mean": 0.00267851352692,
        "stdev": 0.00297430134378
    },
    "spectral_energyband_low": {
        "mean": 0.0180542226881,
        "stdev": 0.0250701513141
    },
    "spectral_energyband_middle_high": {
        "mean": 0.00550249265507,
        "stdev": 0.00625091791153
    },
    "spectral_energyband_middle_low": {
        "mean": 0.0152519466355,
        "stdev": 0.0123316161335
    },
    "spectral_entropy": {
        "mean": 7.89235639572,
        "stdev": 0.537047982216
    },
    "spectral_flux": {
        "mean": 0.106673799455,
        "stdev": 0.0527729950845
    },
    "spectral_kurtosis": {
        "mean": 2.95771217346,
        "stdev": 3.88224077225
    },
    "spectral_rms": {
        "mean": 0.00590141350403,
        "stdev": 0.00218968186527
    },
    "spectral_rolloff": {
        "mean": 2072.96264648,
        "stdev": 2776.13598633
    },
    "spectral_skewness": {
        "mean": 1.44005072117,
        "stdev": 0.568810224533
    },
    "spectral_spread": {
        "mean": 7068888,
        "stdev": 3827847.75
    },
    "spectral_strongpeak": {
        "mean": 1.00022304058,
        "stdev": 1.08294665813
    },
    "zerocrossingrate": {
        "mean": 0.0850990563631,
        "stdev": 0.0647730380297
    },
    "barkbands": {
        "mean": [0.000349598209141, 0.0147034507245, 0.00241748336703, 0.000971083820332, 0.00414576288313, 0.00417898548767, 0.00139307242353, 0.00154780386947, 0.00238805543631, 0.00143020285759, 0.00100490625482, 0.000805631862022, 0.000500998750795, 0.000501989328768, 0.00038186123129, 0.000288876704872, 0.000239748856984, 0.000245717295911, 0.000280966720311, 0.000331106013618, 0.000385119172279, 0.000388760847272, 0.000458071066532, 0.000523718190379, 0.000508234312292, 0.000240746434429, 1.50300294433e-09],
        "stdev": [0.000695182650816, 0.023873668164, 0.00571453059092, 0.0021175481379, 0.00631893752143, 0.00629289448261, 0.00219698413275, 0.00277838716283, 0.00514936540276, 0.00272889854386, 0.0024219758343, 0.00239443709143, 0.000940240395721, 0.00118402938824, 0.00081459316425, 0.000512704311404, 0.0003603483201, 0.000432181463111, 0.000349900394212, 0.000376535201212, 0.000415972142946, 0.000466331199277, 0.000570957898162, 0.000657310301904, 0.000709975953214, 0.000352777744411, 2.27176011336e-09]
    },
    "erbbands": {
        "mean": [0.463579207659, 3.08787679672, 3.5269548893, 3.22237753868, 5.65078020096, 15.902721405, 26.3006305695, 37.8192672729, 23.3820533752, 23.604511261, 38.1017723083, 61.3381118774, 47.0203132629, 39.2371330261, 43.5507850647, 35.1847801208, 23.8741321564, 28.2429828644, 21.2273082733, 18.5798168182, 15.2582244873, 12.7908582687, 13.6670818329, 12.7294111252, 15.8053455353, 15.4200696945, 16.4023017883, 14.0905017853, 13.9979057312, 12.8743000031, 13.5810632706, 10.7259454727, 8.80317211151, 6.17014980316, 3.36181282997, 1.3537197113, 0.394542455673, 0.0315988771617, 0.000640076526906, 8.60686341184e-05],
        "stdev": [0.912921369076, 4.80318832397, 7.01955413818, 6.32733106613, 9.99572658539, 26.355222702, 39.0206718445, 67.1779785156, 34.2533798218, 40.0252571106, 74.0448150635, 129.976135254, 91.8071899414, 79.6189880371, 107.664367676, 98.6498031616, 40.4944953918, 64.0975646973, 39.7597160339, 40.8686447144, 24.3746776581, 19.6830120087, 23.7894802094, 17.8359241486, 18.9876308441, 17.4175033569, 18.2120113373, 15.6255350113, 16.7291278839, 15.6630077362, 17.0888137817, 13.1295385361, 11.6351737976, 8.71509170532, 4.77162504196, 1.91155159473, 0.600671410561, 0.0518461838365, 0.00096420943737, 6.45496984362e-05]
    },
    "gfcc": {
        "mean": [26.099237442, 65.5192184448, -93.9896469116, 23.9143428802, -72.4840164185, 24.5776672363, -38.1089744568, 17.4442024231, -27.8095283508, 12.419260025, -15.3907413483, 6.90109682083, -6.17033720016],
        "cov": [[22409.2128906, -1065.4206543, -904.929138184, 931.437927246, -1069.45666504, 592.075622559, -661.770019531, 449.826202393, -427.687072754, 457.024139404, -337.015014648, 317.97467041, -355.791564941], [-1065.4206543, 1359.82067871, -92.3725891113, -165.709747314, 158.32232666, -84.396232605, 123.865226746, -98.3815689087, 51.2197761536, -99.6255493164, 96.6413955688, -88.0490875244, 138.862854004], [-904.929138184, -92.3725891113, 863.871887207, 260.740142822, 217.663894653, 157.677490234, 112.664482117, 121.405403137, 77.2574005127, 86.0363769531, 19.971540451, 63.2114639282, -37.4967422485], [931.437927246, -165.709747314, 260.740142822, 393.216430664, 90.8120574951, 140.599975586, 39.4778442383, 105.146324158, 67.2384109497, 54.5200233459, 7.02135181427, 53.0427703857, -40.2956695557], [-1069.45666504, 158.32232666, 217.663894653, 90.8120574951, 306.928009033, 127.70275116, 144.010681152, 53.3367996216, 93.7823410034, 28.7781448364, 42.8029289246, -1.00157916546, 17.2046146393], [592.075622559, -84.396232605, 157.677490234, 140.599975586, 127.70275116, 277.49432373, 121.596496582, 100.195030212, 47.861995697, 83.6288833618, 13.1275968552, 17.007768631, -17.4876213074], [-661.770019531, 123.865226746, 112.664482117, 39.4778442383, 144.010681152, 121.596496582, 198.603744507, 70.0938568115, 86.4411087036, 38.5844841003, 51.1715888977, -3.15293526649, 32.5828361511], [449.826202393, -98.3815689087, 121.405403137, 105.146324158, 53.3367996216, 100.195030212, 70.0938568115, 160.644226074, 72.73387146, 57.6408081055, 7.97034263611, 34.1737098694, -8.66398143768], [-427.687072754, 51.2197761536, 77.2574005127, 67.2384109497, 93.7823410034, 47.861995697, 86.4411087036, 72.73387146, 143.831695557, 44.4505348206, 48.7354927063, 15.0039100647, 17.2832374573], [457.024139404, -99.6255493164, 86.0363769531, 54.5200233459, 28.7781448364, 83.6288833618, 38.5844841003, 57.6408081055, 44.4505348206, 119.315299988, 38.9687309265, 37.6350822449, -3.07699775696], [-337.015014648, 96.6413955688, 19.971540451, 7.02135181427, 42.8029289246, 13.1275968552, 51.1715888977, 7.97034263611, 48.7354927063, 38.9687309265, 97.4497451782, 34.826007843, 39.359916687], [317.97467041, -88.0490875244, 63.2114639282, 53.0427703857, -1.00157916546, 17.007768631, -3.15293526649, 34.1737098694, 15.0039100647, 37.6350822449, 34.826007843, 87.5413131714, 17.4256381989], [-355.791564941, 138.862854004, -37.4967422485, -40.2956695557, 17.2046146393, -17.4876213074, 32.5828361511, -8.66398143768, 17.2832374573, -3.07699775696, 39.359916687, 17.4256381989, 100.930145264]],
        "icov": [[0.000181543247891, -0.000267403549515, 0.000357335869921, -0.000515482097398, 0.000556572224014, -0.000497221015394, 0.000456725858385, -0.000508203462232, 0.000538305903319, -0.000841865723487, 0.000643387960736, -0.000601830892265, 0.000297883263556], [-0.000267403549515, 0.00161562138237, -0.000561258231755, 0.000904672837351, -0.00129953061696, 0.000939200574066, -0.000911721435841, 0.000977350282483, -0.000852957309689, 0.00213678157888, -0.00224568764679, 0.00227229995653, -0.00155566632748], [0.000357335869921, -0.000561258231755, 0.00252866232768, -0.00178808893543, -2.66740407824e-05, -0.000553198857233, 0.000323762418702, -0.00127617968246, 0.00157901528291, -0.00240733008832, 0.00188305345364, -0.00222306326032, 0.00125772017054], [-0.000515482097398, 0.000904672837351, -0.00178808893543, 0.00580603862181, -0.00179756816942, -0.000381393736461, 3.80450837838e-05, 0.000584378722124, -0.00309673510492, 0.0035373060964, -0.0019728357438, 0.000126176848426, 0.000255811755778], [0.000556572224014, -0.00129953061696, -2.66740407824e-05, -0.00179756816942, 0.00835968367755, -0.00341599620879, -0.000832501449622, -0.00030665815575, -0.000804576964583, -0.00132966123056, 0.00169556541368, -0.00152475701179, 0.000947173044551], [-0.000497221015394, 0.000939200574066, -0.000553198857233, -0.000381393736461, -0.00341599620879, 0.00975478533655, -0.0054347962141, -0.000353564857505, 0.00154154608026, -0.00200064224191, -0.000128391809994, 0.00204293685965, -3.37556593877e-05], [0.000456725858385, -0.000911721435841, 0.000323762418702, 3.80450837838e-05, -0.000832501449622, -0.0054347962141, 0.0141185447574, -0.00415837904438, -0.00145364122, -0.000680844008457, -0.00263609248213, 0.00230548460968, -0.00185655232053], [-0.000508203462232, 0.000977350282483, -0.00127617968246, 0.000584378722124, -0.00030665815575, -0.000353564857505, -0.00415837904438, 0.014074719511, -0.00656240992248, 0.000552444078494, 0.00274266558699, -0.0023138334509, -0.000364811712643], [0.000538305903319, -0.000852957309689, 0.00157901528291, -0.00309673510492, -0.000804576964583, 0.00154154608026, -0.00145364122, -0.00656240992248, 0.0158570706844, -0.0049898843281, -0.00227747228928, 0.00031840626616, 0.000697280047461], [-0.000841865723487, 0.00213678157888, -0.00240733008832, 0.0035373060964, -0.00132966123056, -0.00200064224191, -0.000680844008457, 0.000552444078494, -0.0049898843281, 0.0197208393365, -0.00925059523433, 0.00106470251922, -0.000363076396752], [0.000643387960736, -0.00224568764679, 0.00188305345364, -0.0019728357438, 0.00169556541368, -0.000128391809994, -0.00263609248213, 0.00274266558699, -0.00227747228928, -0.00925059523433, 0.0241883434355, -0.0108569003642, -0.00140554166865], [-0.000601830892265, 0.00227229995653, -0.00222306326032, 0.000126176848426, -0.00152475701179, 0.00204293685965, 0.00230548460968, -0.0023138334509, 0.00031840626616, 0.00106470251922, -0.0108569003642, 0.0230194162577, -0.00611485540867], [0.000297883263556, -0.00155566632748, 0.00125772017054, 0.000255811755778, 0.000947173044551, -3.37556593877e-05, -0.00185655232053, -0.000364811712643, 0.000697280047461, -0.000363076396752, -0.00140554166865, -0.00611485540867, 0.0155417481437]]
    },
    "melbands": {
        "mean": [0.00416765594855, 0.00268202088773, 0.000591821968555, 0.000748070480768, 0.000926863576751, 0.000817053485662, 0.000342784303939, 0.000264421745669, 0.00032591362833, 0.000380385899916, 0.000223851078772, 0.000154573222972, 0.00013926756219, 0.00010850054241, 6.03026201134e-05, 5.15532628924e-05, 5.32764825039e-05, 3.42660132446e-05, 2.51198362093e-05, 2.38746961259e-05, 1.70018938661e-05, 1.33036692205e-05, 1.31641436383e-05, 1.1272073607e-05, 9.87147086562e-06, 1.11250892587e-05, 1.13189244075e-05, 9.93893991108e-06, 1.00924835351e-05, 9.82214260148e-06, 7.64753258409e-06, 8.24286780698e-06, 6.9892043939e-06, 7.13532017471e-06, 8.19336128188e-06, 7.03162322679e-06, 6.3034303821e-06, 6.2957069531e-06, 5.65323261981e-06, 5.09931123815e-06],
        "stdev": [0.00731716444716, 0.00397819839418, 0.00101758621167, 0.00125376950018, 0.00131626974326, 0.0013626179425, 0.000505913980305, 0.000459166127257, 0.000696883362252, 0.000816116575152, 0.000457212881884, 0.000335243530571, 0.000342564395396, 0.00030241793138, 0.000140289746923, 0.000103490012407, 0.000137186463689, 6.65604529786e-05, 5.4158623243e-05, 4.5522570872e-05, 2.83078134089e-05, 2.10391335713e-05, 2.26404936257e-05, 2.0265864805e-05, 1.43477755046e-05, 1.45445383168e-05, 1.37358947541e-05, 1.18290263345e-05, 1.17412564578e-05, 1.11751869554e-05, 9.15078544494e-06, 1.01118512248e-05, 8.68865572556e-06, 8.95859648153e-06, 1.07750420284e-05, 8.82150561665e-06, 7.81849030318e-06, 8.57656050357e-06, 7.86769396655e-06, 7.52684900363e-06]
    },
    "melbands128": {
        "mean": [0.000335820077453, 0.00341786001809, 0.00632337341085, 0.00468377396464, 0.00224463967606, 0.00105304946192, 0.000658857112285, 0.000420838594437, 0.00051373266615, 0.000714306836016, 0.000894425495062, 0.000994755420834, 0.0008952114149, 0.000791105267126, 0.00106408959255, 0.000661368190777, 0.000413229194237, 0.000299614621326, 0.000273005774943, 0.000251824123552, 0.000282337219687, 0.000264332484221, 0.000363405037206, 0.000316432997352, 0.000455658184364, 0.000399953627493, 0.000210166515899, 0.000273170648143, 0.000132260043756, 0.000189589161891, 0.000149240368046, 0.000112396628538, 0.000140227959491, 0.000182418894838, 8.22873917059e-05, 0.000111000255856, 0.000110153581772, 3.91089488403e-05, 5.01609501953e-05, 5.10028876306e-05, 5.68258328713e-05, 4.39761133748e-05, 5.84549416089e-05, 6.01706851739e-05, 2.74136855296e-05, 3.55118245352e-05, 3.43616084137e-05, 1.91738618014e-05, 2.614625555e-05, 2.54622045759e-05, 2.60515535047e-05, 1.99365276785e-05, 1.41703476402e-05, 1.79323014891e-05, 1.77335878107e-05, 1.13429350677e-05, 1.06104380393e-05, 1.3951510482e-05, 1.39848980325e-05, 1.25484993987e-05, 1.1170961443e-05, 9.28124245547e-06, 1.22816891235e-05, 9.030012734e-06, 8.121501196e-06, 1.16165301733e-05, 1.27838338813e-05, 1.10802520794e-05, 1.16980372695e-05, 1.0925834431e-05, 8.49506432132e-06, 1.08603680928e-05, 1.00026791188e-05, 9.71285226115e-06, 9.86786108115e-06, 1.19610322145e-05, 8.52080393088e-06, 7.38579637982e-06, 7.70311544329e-06, 7.30721467335e-06, 9.33319279284e-06, 8.10993697087e-06, 7.03113119016e-06, 6.58910448692e-06, 7.48086313251e-06, 6.80738048686e-06, 6.58349654259e-06, 8.34762795421e-06, 9.26678967517e-06, 7.16167778592e-06, 6.87435976943e-06, 7.61159390095e-06, 6.51242271488e-06, 5.97866210228e-06, 6.33093532088e-06, 6.44339343125e-06, 6.39340805719e-06, 5.71689452045e-06, 6.06771300227e-06, 5.33302136319e-06, 5.04295485371e-06, 5.21067659065e-06, 5.09518349645e-06, 4.35091988038e-06, 3.83930728276e-06, 3.4308868635e-06, 2.63337983597e-06, 2.38678876485e-06, 2.52895529229e-06, 2.00989461518e-06, 1.86479667263e-06, 1.35179379868e-06, 1.21528228192e-06, 9.97260599434e-07, 8.72389762208e-07, 1.59061244176e-07, 3.96220174725e-11, 6.72914371794e-12, 6.3458049579e-12, 6.05976640394e-12, 5.8471751746e-12, 5.67354323244e-12, 5.52085894362e-12, 5.39975659672e-12, 5.30088820061e-12, 5.22889934476e-12, 5.17729392344e-12, 5.13918985492e-12],
        "stdev": [0.00068547623232, 0.0074821873568, 0.0116507653147, 0.00733378436416, 0.00457223923877, 0.00240443670191, 0.00149890815374, 0.000875534140505, 0.00111271673813, 0.00155145942699, 0.00183799816296, 0.00196106545627, 0.00167997984681, 0.00151402247138, 0.00232793320902, 0.00126750580966, 0.000940119498409, 0.00059168896405, 0.00061686191475, 0.000555887410883, 0.000728131912183, 0.00060590315843, 0.000965318351518, 0.00131180824246, 0.00116261385847, 0.00116103410255, 0.000602417567279, 0.000749845174141, 0.000355473981472, 0.000500664522406, 0.000430385465734, 0.000369523884729, 0.000457411515526, 0.000644670508336, 0.000414693262428, 0.000404516438721, 0.000454829772934, 0.000119806274597, 0.000120491822599, 0.000118304160424, 0.000159343864652, 0.00013569596922, 0.000188699646969, 0.000205561562325, 7.41343392292e-05, 0.000101650235592, 9.9622826383e-05, 4.86169592477e-05, 0.00010121428204, 7.82731367508e-05, 6.20846331003e-05, 4.53963002656e-05, 3.57217286364e-05, 3.48546054738e-05, 3.27619163727e-05, 2.45422761509e-05, 2.01045459107e-05, 2.63794445345e-05, 2.95799254673e-05, 2.64942500507e-05, 2.5886534786e-05, 1.68838814716e-05, 2.19993253268e-05, 1.40957654367e-05, 1.39722678796e-05, 1.86132965609e-05, 1.89409402083e-05, 1.71991705429e-05, 1.77982929017e-05, 1.53587625391e-05, 1.18093457786e-05, 1.71364299604e-05, 1.3613851479e-05, 1.4400321561e-05, 1.53525725182e-05, 1.66413992702e-05, 1.12421075755e-05, 9.83295194601e-06, 1.07663781819e-05, 1.0653568097e-05, 1.27938619698e-05, 1.10760583993e-05, 9.71560075413e-06, 9.15522468858e-06, 1.0961098269e-05, 9.35718253459e-06, 8.99811766431e-06, 1.32837794808e-05, 1.32397253765e-05, 9.81199900707e-06, 9.16090812098e-06, 1.09384645839e-05, 9.27791097638e-06, 8.12062171462e-06, 8.47998671816e-06, 9.31783324631e-06, 9.9137878351e-06, 8.38844061946e-06, 9.09052687348e-06, 8.56972019392e-06, 8.00124689704e-06, 8.20716286398e-06, 7.99524332251e-06, 6.67879794491e-06, 6.41933911538e-06, 5.18190654475e-06, 4.00508588427e-06, 3.74094634026e-06, 3.85761268262e-06, 2.96523785437e-06, 3.06990591525e-06, 2.12178815673e-06, 2.0640600269e-06, 1.67168593634e-06, 1.55448469741e-06, 3.25171470195e-07, 1.93343632771e-10, 9.85266035425e-12, 9.3846371646e-12, 9.02151704035e-12, 8.73436392657e-12, 8.49352879695e-12, 8.28867703639e-12, 8.12077488588e-12, 7.97976268396e-12, 7.87173798367e-12, 7.79278030993e-12, 7.74454719105e-12]
    },
    "mfcc": {
        "mean": [-615.313537598, 99.8332214355, 24.9494304657, 7.29219484329, -3.32422065735, 2.66883254051, 3.4899289608, 0.717741310596, 1.56598556042, 3.50059127808, -1.6116694212, 0.712854743004, 0.0517868883908],
        "cov": [[9762.43554688, -891.391601562, 196.900726318, 223.481887817, 42.8982925415, 101.375602722, -37.5870513916, 21.2516441345, -0.583903968334, 46.373626709, 49.0793838501, 73.5885391235, 90.7077026367], [-891.391601562, 1362.95239258, -61.4390106201, -11.5015363693, 7.0658531189, 14.7664766312, 81.2474517822, -21.1956806183, 11.9163837433, 5.88196325302, -35.5078277588, 0.33168515563, -28.6555252075], [196.900726318, -61.4390106201, 546.25769043, 177.852478027, 131.705047607, 98.9122314453, 70.217666626, 85.423538208, 50.2242774963, 48.1687583923, 76.1737518311, 39.4557647705, 42.3461685181], [223.481887817, -11.5015363693, 177.852478027, 248.767364502, 112.554138184, 47.1009521484, 18.6092510223, 73.0812606812, 34.6068572998, 21.3105163574, 42.4414672852, 37.2927436829, 31.2171936035], [42.8982925415, 7.0658531189, 131.705047607, 112.554138184, 190.154434204, 99.0811538696, 60.089756012, 78.3039169312, 58.5890312195, 41.5855979919, 58.8456420898, 36.6123771667, 29.2619991302], [101.375602722, 14.7664766312, 98.9122314453, 47.1009521484, 99.0811538696, 193.9659729, 107.027572632, 62.0989341736, 57.3002929688, 58.8327064514, 63.9556541443, 35.4409255981, 36.8475074768], [-37.5870513916, 81.2474517822, 70.217666626, 18.6092510223, 60.089756012, 107.027572632, 161.811584473, 55.2873649597, 64.2866439819, 53.8311500549, 35.6792297363, 35.8795433044, 23.8848762512], [21.2516441345, -21.1956806183, 85.423538208, 73.0812606812, 78.3039169312, 62.0989341736, 55.2873649597, 140.301940918, 70.6471633911, 44.4356193542, 58.6533355713, 36.8447761536, 34.8405532837], [-0.583903968334, 11.9163837433, 50.2242774963, 34.6068572998, 58.5890312195, 57.3002929688, 64.2866439819, 70.6471633911, 118.553359985, 73.6534805298, 38.6891975403, 32.2174682617, 31.4706783295], [46.373626709, 5.88196325302, 48.1687583923, 21.3105163574, 41.5855979919, 58.8327064514, 53.8311500549, 44.4356193542, 73.6534805298, 104.797477722, 54.1769485474, 35.4599456787, 27.6416625977], [49.0793838501, -35.5078277588, 76.1737518311, 42.4414672852, 58.8456420898, 63.9556541443, 35.6792297363, 58.6533355713, 38.6891975403, 54.1769485474, 111.523414612, 49.9725646973, 35.4615058899], [73.5885391235, 0.33168515563, 39.4557647705, 37.2927436829, 36.6123771667, 35.4409255981, 35.8795433044, 36.8447761536, 32.2174682617, 35.4599456787, 49.9725646973, 80.5495376587, 46.7161979675], [90.7077026367, -28.6555252075, 42.3461685181, 31.2171936035, 29.2619991302, 36.8475074768, 23.8848762512, 34.8405532837, 31.4706783295, 27.6416625977, 35.4615058899, 46.7161979675, 78.793510437]],
        "icov": [[0.000113741421956, 7.30084939278e-05, -3.49628180629e-06, -0.000119041804282, 6.25328320893e-05, -9.94575602817e-05, 4.40586372861e-05, 5.00575006299e-05, 4.96680295328e-05, -7.54829816287e-05, 7.49142564018e-05, -8.04811425041e-05, -4.69045007776e-05], [7.30084939278e-05, 0.000838291482069, 0.000120627533761, -0.000176033296157, -5.79480438319e-05, 4.36081245425e-05, -0.000565894064493, 0.000235571307712, 2.82162000076e-05, -9.97796887532e-05, 0.000333938456606, -0.000256128725596, 0.000319538958138], [-3.49628180629e-06, 0.000120627533761, 0.00267230626196, -0.00152638962027, -0.000519355351571, -0.000142321514431, -0.000742039992474, -2.81601478491e-05, 0.00035403680522, -0.000211142280023, -0.000815744453575, 0.000750368868466, -0.000431820284575], [-0.000119041804282, -0.000176033296157, -0.00152638962027, 0.00700086867437, -0.00298745278269, 0.000395367271267, 0.00138750777114, -0.0018963245675, 0.000267013179837, 0.000402221514378, 0.000766230106819, -0.00160699116532, -0.000177657580934], [6.25328320893e-05, -5.79480438319e-05, -0.000519355351571, -0.00298745278269, 0.0104131791741, -0.00339219765738, 0.000167275895365, -0.00138844677713, -0.0020808482077, 0.00117564329412, -0.00135985703673, -0.000513532315381, 0.000987190171145], [-9.94575602817e-05, 4.36081245425e-05, -0.000142321514431, 0.000395367271267, -0.00339219765738, 0.0110155856237, -0.00560468155891, 0.000207366421819, 0.000995006179437, -0.0014735305449, -0.00281765544787, 0.00238344096579, -0.00225965329446], [4.40586372861e-05, -0.000565894064493, -0.000742039992474, 0.00138750777114, 0.000167275895365, -0.00560468155891, 0.0122637944296, -0.0015501229791, -0.00274407723919, -0.000982639030553, 0.0022829445079, -0.00349870114587, 0.00160694413353], [5.00575006299e-05, 0.000235571307712, -2.81601478491e-05, -0.0018963245675, -0.00138844677713, 0.000207366421819, -0.0015501229791, 0.0137002971023, -0.0061527537182, 0.00241889455356, -0.0041858679615, 0.000477335939649, -0.00116515299305], [4.96680295328e-05, 2.82162000076e-05, 0.00035403680522, 0.000267013179837, -0.0020808482077, 0.000995006179437, -0.00274407723919, -0.0061527537182, 0.0205771774054, -0.011680402793, 0.003404623596, 0.000366921856767, -0.00235396181233], [-7.54829816287e-05, -9.97796887532e-05, -0.000211142280023, 0.000402221514378, 0.00117564329412, -0.0014735305449, -0.000982639030553, 0.00241889455356, -0.011680402793, 0.0214307624847, -0.00656512239948, -0.00155209866352, 0.000507489952724], [7.49142564018e-05, 0.000333938456606, -0.000815744453575, 0.000766230106819, -0.00135985703673, -0.00281765544787, 0.0022829445079, -0.0041858679615, 0.003404623596, -0.00656512239948, 0.018287949264, -0.00714502949268, 0.000100506513263], [-8.04811425041e-05, -0.000256128725596, 0.000750368868466, -0.00160699116532, -0.000513532315381, 0.00238344096579, -0.00349870114587, 0.000477335939649, 0.000366921856767, -0.00155209866352, -0.00714502949268, 0.0246473662555, -0.0108411544934], [-4.69045007776e-05, 0.000319538958138, -0.000431820284575, -0.000177657580934, 0.000987190171145, -0.00225965329446, 0.00160694413353, -0.00116515299305, -0.00235396181233, 0.000507489952724, 0.000100506513263, -0.0108411544934, 0.0210268292576]]
    },
    "spectral_contrast_coeffs": {
        "mean": [-0.69834113121, -0.751986086369, -0.7629519701, -0.81203764677, -0.814041316509, -0.796493172646],
        "stdev": [0.0915526375175, 0.0777738541365, 0.0714341402054, 0.0477615371346, 0.0348862037063, 0.0314478501678]
    },
    "spectral_contrast_valleys": {
        "mean": [-6.79858398438, -6.53220653534, -7.21529769897, -7.67102575302, -7.55498838425, -9.39217185974],
        "stdev": [2.27389264107, 2.22753858566, 2.16878437996, 2.15658545494, 2.23086190224, 2.19024705887]
    }
},
"rhythm": {
    "beats_count": 495,
    "beats_loudness": {
        "mean": 0.0382870472968,
        "stdev": 0.0181182418019
    },
    "bpm": 137.179077148,
    "bpm_histogram_first_peak_bpm": 136,
    "bpm_histogram_first_peak_weight": 0.52304148674,
    "bpm_histogram_second_peak_bpm": 129,
    "bpm_histogram_second_peak_spread": 0.103448271751,
    "bpm_histogram_second_peak_weight": 0.0526315793395,
    "danceability": 1.07486784458,
    "onset_rate": 3.49149918556,
    "beats_loudness_band_ratio": {
        "mean": [0.304104954004, 0.245006740093, 0.204423889518, 0.114188335836, 0.0384038724005, 0.129407465458],
        "stdev": [0.231914103031, 0.188738748431, 0.160096377134, 0.122910380363, 0.037679605186, 0.113183997571]
    },
    "beats_position": [0.452789098024, 0.917188167572, 1.38158726692, 1.84598636627, 2.29877543449, 2.75156450272, 3.20435357094, 3.65714287758, 4.09832191467, 4.53950119019, 4.98067998886, 5.42185926437, 5.86303853989, 6.31582736969, 6.7570066452, 7.19818592072, 7.63936471939, 8.08054447174, 8.52172279358, 8.96290206909, 9.4040813446, 9.84526062012, 10.2864398956, 10.7276191711, 11.1687984467, 11.5983667374, 12.0279359818, 12.4691152573, 12.9102945328, 13.3514738083, 13.8042631149, 14.2454423904, 14.6982307434, 15.15102005, 15.6038093567, 16.0682086945, 16.5209980011, 16.9737873077, 17.4149665833, 17.8561439514, 18.2973232269, 18.7268924713, 19.1564617157, 19.5976409912, 20.0388202667, 20.4683895111, 20.8979587555, 21.339138031, 21.7687072754, 22.1982765198, 22.6394557953, 23.0806350708, 23.5102043152, 23.9397735596, 24.3809528351, 24.8221302032, 25.2633094788, 25.6928787231, 26.1224479675, 26.563627243, 26.9931964874, 27.4227657318, 27.8639450073, 28.3051242828, 28.7346935272, 29.1642627716, 29.6054420471, 30.0466213226, 30.476190567, 30.9057598114, 31.3469390869, 31.776506424, 32.2060775757, 32.6472549438, 33.0768241882, 33.5063934326, 33.9475746155, 34.3887519836, 34.8299331665, 35.2594985962, 35.6890678406, 36.1302490234, 36.5598182678, 36.9893875122, 37.4305648804, 37.8717460632, 38.3129234314, 38.765712738, 39.2185020447, 39.6712913513, 40.1705207825, 40.6697502136, 41.1689796448, 41.6217689514, 42.0745582581, 42.5273475647, 42.9801368713, 43.432926178, 43.8857116699, 44.3268928528, 44.7680702209, 45.2092514038, 45.650428772, 46.0916099548, 46.532787323, 46.9739685059, 47.4267578125, 47.8795471191, 48.3323364258, 48.7851219177, 49.2379112244, 49.690700531, 50.1551017761, 50.6194992065, 51.0839004517, 51.5482978821, 51.9894790649, 52.4306564331, 52.871837616, 53.3130149841, 53.7425842285, 54.1721534729, 54.6133308411, 55.0429000854, 55.4724693298, 55.9136505127, 56.3548278809, 56.7843971252, 57.2139663696, 57.6551475525, 58.0847167969, 58.5142860413, 58.9438552856, 59.3850326538, 59.8146018982, 60.2557830811, 60.6969604492, 61.1381378174, 61.5677070618, 61.9972763062, 62.438457489, 62.8680267334, 63.2975959778, 63.7387733459, 64.1799545288, 64.6095199585, 65.0390930176, 65.4802703857, 65.9098434448, 66.3394088745, 66.7805862427, 67.2217712402, 67.6513366699, 68.0809020996, 68.5220870972, 68.9516525269, 69.3812255859, 69.8224029541, 70.2635803223, 70.6931533813, 71.122718811, 71.5638961792, 72.0050811768, 72.4462585449, 72.8874359131, 73.3402252197, 73.8046264648, 74.2690200806, 74.7334213257, 75.1978225708, 75.6622238159, 76.1150131226, 76.5561904907, 76.9973678589, 77.426940918, 77.8565063477, 78.2976837158, 78.738861084, 79.1684341431, 79.5979995728, 80.0391845703, 80.46875, 80.8983230591, 81.3395004272, 81.7806777954, 82.2102508545, 82.6398162842, 83.0809936523, 83.5105667114, 83.9401321411, 84.3813171387, 84.8224945068, 85.2520599365, 85.6816329956, 86.1228103638, 86.5523757935, 86.993560791, 87.4231262207, 87.8643035889, 88.2938766479, 88.7234420776, 89.1646270752, 89.6058044434, 90.035369873, 90.4649429321, 90.9061203003, 91.3472976685, 91.7768707275, 92.2064361572, 92.6476211548, 93.0887985229, 93.5183639526, 93.9479370117, 94.3891143799, 94.8186798096, 95.2482528687, 95.6894302368, 96.1190032959, 96.5485687256, 96.9897460938, 97.4309310913, 97.8721084595, 98.3016738892, 98.7312469482, 99.1724243164, 99.6019973755, 100.031562805, 100.472740173, 100.913917542, 101.343490601, 101.77305603, 102.214241028, 102.655418396, 103.084983826, 103.514556885, 103.944122314, 104.373695374, 104.814872742, 105.25605011, 105.685623169, 106.115188599, 106.556373596, 106.997550964, 107.427116394, 107.856689453, 108.297866821, 108.727432251, 109.15700531, 109.598182678, 110.039360046, 110.468933105, 110.898498535, 111.339683533, 111.780860901, 112.210426331, 112.63999939, 113.081176758, 113.510749817, 113.940315247, 114.381492615, 114.822669983, 115.252243042, 115.681808472, 116.122993469, 116.552558899, 116.982131958, 117.423309326, 117.864486694, 118.294059753, 118.723625183, 119.164802551, 119.605987549, 120.035552979, 120.465126038, 120.906303406, 121.335868835, 121.765441895, 122.206619263, 122.647796631, 123.088973999, 123.530158997, 123.971336365, 124.424125671, 124.876914978, 125.329704285, 125.782493591, 126.246894836, 126.711288452, 127.164077759, 127.616867065, 128.058044434, 128.499221802, 128.94039917, 129.381591797, 129.822769165, 130.275558472, 130.728347778, 131.181137085, 131.633926392, 132.098312378, 132.562713623, 133.027114868, 133.491516113, 133.932693481, 134.37387085, 134.815048218, 135.256240845, 135.685806274, 136.115371704, 136.556549072, 136.986114502, 137.41569519, 137.856872559, 138.298049927, 138.727615356, 139.157180786, 139.598358154, 140.039550781, 140.469116211, 140.898681641, 141.339859009, 141.781036377, 142.210617065, 142.640182495, 143.081359863, 143.510925293, 143.940490723, 144.381668091, 144.822860718, 145.252426147, 145.681991577, 146.123168945, 146.564346313, 146.993927002, 147.423492432, 147.8646698, 148.294235229, 148.723800659, 149.164993286, 149.606170654, 150.035736084, 150.465301514, 150.906478882, 151.336044312, 151.765625, 152.206802368, 152.647979736, 153.077545166, 153.507110596, 153.948303223, 154.389480591, 154.819046021, 155.24861145, 155.689788818, 156.119369507, 156.548934937, 156.990112305, 157.419677734, 157.849243164, 158.290420532, 158.731613159, 159.161178589, 159.590744019, 160.031921387, 160.473098755, 160.902679443, 161.332244873, 161.761810303, 162.214599609, 162.667388916, 163.108566284, 163.526535034, 163.944488525, 164.374053955, 164.803619385, 165.302856445, 165.790466309, 166.289703369, 166.788925171, 167.288162231, 167.787384033, 168.309844971, 168.832290649, 169.354736328, 169.865570068, 170.376419067, 170.875640869, 171.316818237, 171.757995605, 172.210784912, 172.65196228, 173.081542969, 173.511108398, 173.952285767, 174.393463135, 174.823028564, 175.252609253, 175.682174683, 176.123352051, 176.576141357, 177.040542603, 177.504943848, 177.969345093, 178.433731079, 178.898132324, 179.350921631, 179.792098999, 180.233291626, 180.674468994, 181.115646362, 181.568435669, 182.044433594, 182.520446777, 182.996459961, 183.460861206, 183.925262451, 184.366439819, 184.807617188, 185.248794556, 185.689971924, 186.119537354, 186.549118042, 186.99029541, 187.41986084, 187.84942627, 188.290603638, 188.731781006, 189.161361694, 189.590927124, 190.032104492, 190.461669922, 190.89125061, 191.332427979, 191.773605347, 192.203170776, 192.632736206, 193.073913574, 193.515090942, 193.944671631, 194.374237061, 194.815414429, 195.244979858, 195.674560547, 196.115737915, 196.556915283, 196.986480713, 197.416046143, 197.857223511, 198.298416138, 198.727981567, 199.157546997, 199.598724365, 200.039901733, 200.469467163, 200.899047852, 201.34022522, 201.781402588, 202.210968018, 202.640533447, 203.081726074, 203.511291504, 203.940856934, 204.382034302, 204.82321167, 205.252792358, 205.682357788, 206.123535156, 206.553100586, 206.982666016, 207.423858643, 207.865036011, 208.29460144, 208.72416687, 209.165344238, 209.606521606, 210.036102295, 210.465667725, 210.906845093, 211.348022461, 211.789199829, 212.241989136, 212.613510132, 212.996643066, 213.379776001, 213.774505615, 214.15763855, 214.540771484, 214.91229248, 215.295410156, 215.678543091, 216.061676025, 216.44480896, 216.839538574, 217.234283447, 217.617416382],
    "bpm_histogram": [0, 0, 0, 0, 0, 0, 0, 0, 0, 0, 0, 0, 0, 0, 0, 0, 0, 0, 0, 0, 0, 0, 0, 0, 0, 0, 0, 0, 0, 0, 0, 0, 0, 0, 0, 0, 0, 0, 0, 0, 0, 0, 0, 0, 0, 0, 0, 0, 0, 0, 0, 0, 0, 0, 0, 0, 0, 0, 0, 0, 0, 0, 0, 0, 0, 0, 0, 0, 0, 0, 0, 0, 0, 0, 0, 0, 0, 0, 0, 0, 0, 0, 0, 0, 0, 0, 0, 0, 0, 0, 0, 0, 0, 0, 0, 0, 0, 0, 0, 0, 0, 0, 0, 0, 0, 0, 0, 0, 0, 0, 0, 0, 0, 0, 0, 0.00607287464663, 0, 0.00404858309776, 0, 0, 0.0182186234742, 0, 0, 0.00202429154888, 0, 0, 0.00607287464663, 0, 0, 0.0526315793395, 0, 0, 0, 0.0910931155086, 0, 0, 0.41902834177, 0, 0, 0, 0.368421047926, 0, 0, 0, 0.00404858309776, 0, 0, 0, 0, 0, 0, 0, 0.00607287464663, 0, 0, 0, 0, 0.0182186234742, 0, 0, 0, 0.00404858309776, 0, 0, 0, 0, 0, 0, 0, 0, 0, 0, 0, 0, 0, 0, 0, 0, 0, 0, 0, 0, 0, 0, 0, 0, 0, 0, 0, 0, 0, 0, 0, 0, 0, 0, 0, 0, 0, 0, 0, 0, 0, 0, 0, 0, 0, 0, 0, 0, 0, 0, 0, 0, 0, 0, 0, 0, 0, 0, 0, 0, 0, 0, 0, 0, 0, 0, 0, 0, 0, 0, 0, 0, 0, 0, 0, 0, 0, 0, 0, 0, 0, 0, 0, 0, 0, 0, 0, 0]
},
"tonal": {
    "chords_changes_rate": 0.066368855536,
    "chords_number_rate": 0.00212720688432,
    "chords_strength": {
        "mean": 0.56203609705,
        "stdev": 0.135358020663
    },
    "hpcp_crest": {
        "mean": 13.4537630081,
        "stdev": 6.88464450836
    },
    "hpcp_entropy": {
        "mean": 2.01774835587,
        "stdev": 0.791889965534
    },
    "key_edma": {
        "strength": 0.72539806366,
        "key": "F",
        "scale": "major"
    },
    "key_krumhansl": {
        "strength": 0.738684594631,
        "key": "F",
        "scale": "major"
    },
    "key_temperley": {
        "strength": 0.756419181824,
        "key": "F",
        "scale": "major"
    },
    "tuning_diatonic_strength": 0.700630187988,
    "tuning_equal_tempered_deviation": 0.0350694730878,
    "tuning_frequency": 440.763122559,
    "tuning_nontempered_energy_ratio": 0.767370939255,
    "hpcp": {
        "mean": [0.220578610897, 0.173427298665, 0.126309320331, 0.134883448482, 0.106773458421, 0.0802971944213, 0.0774613767862, 0.0836041718721, 0.175141200423, 0.217270001769, 0.129204854369, 0.0689640194178, 0.0674827024341, 0.0988746508956, 0.183791652322, 0.237086743116, 0.16180819273, 0.078704200685, 0.0538130551577, 0.0524747110903, 0.0816715955734, 0.11723895371, 0.121551558375, 0.185377165675, 0.239212945104, 0.15397657454, 0.0743232518435, 0.0620148032904, 0.0780459940434, 0.189110025764, 0.246586933732, 0.152955546975, 0.0808425024152, 0.0610841028392, 0.0768269896507, 0.154082208872],
        "stdev": [0.314327061176, 0.257590085268, 0.231963485479, 0.252325624228, 0.201282531023, 0.168001919985, 0.182510539889, 0.17383646965, 0.266884624958, 0.310375988483, 0.216832831502, 0.169774711132, 0.16521538794, 0.199762016535, 0.250854998827, 0.305126518011, 0.245805203915, 0.184078291059, 0.154278844595, 0.138188645244, 0.161619842052, 0.211922615767, 0.2107642591, 0.269593656063, 0.324599295855, 0.241987988353, 0.159922018647, 0.150384053588, 0.162816286087, 0.269844800234, 0.340063482523, 0.238194987178, 0.186265274882, 0.154775604606, 0.172393381596, 0.229480937123]
    },
    "chords_histogram": [20.3999156952, 6.84960651398, 11.8059988022, 1.40395665169, 5.02020835876, 0.0425441376865, 2.19102311134, 0.446713477373, 1.04233145714, 0.106360346079, 0.467985540628, 0, 0, 0, 0, 0, 0, 0.40416932106, 0, 0.595617949963, 0, 20.1871948242, 11.2103805542, 17.8259944916],
    "thpcp": [1, 0.620290577412, 0.327845841646, 0.247718334198, 0.311561465263, 0.624859571457, 0.894526779652, 0.703310966492, 0.512230396271, 0.547001600266, 0.433005332947, 0.325634419918, 0.314134150743, 0.33904543519, 0.710261464119, 0.881109118462, 0.523972809315, 0.279674261808, 0.273666977882, 0.400972783566, 0.745342195034, 0.961473286152, 0.656191289425, 0.319174259901, 0.218231573701, 0.212804108858, 0.331208109856, 0.475446730852, 0.492935925722, 0.751772046089, 0.970095813274, 0.624431192875, 0.301407903433, 0.251492649317, 0.316504985094, 0.766910135746],
    "chords_key": "F",
    "chords_scale": "major"
}
}