{
"metadata": {
    "version": {
        "essentia": "2.1-dev",
        "essentia_git_sha": "v2.1_beta3-415-gd5473f3",
        "extractor": "music 2.0"
    },
    "audio_properties": {
        "analysis": {
            "equal_loudness": 0,
            "length": 887.875915527,
            "sample_rate": 44100,
            "start_time": 0,
            "downmix": "mix"
        },
        "bit_rate": 192000,
        "length": 887.875915527,
        "lossless": 0,
        "number_channels": 2,
        "replay_gain": -10.2168064117,
        "sample_rate": 44100,
        "codec": "mp3",
        "md5_encoded": "0d4dee20cc96642c35abeb61ec46353d"
    },
    "tags": {
        "file_name": "ricky_garcia__fabyan_salvador-session_dance.mp3"
    }
},
"lowlevel": {
    "average_loudness": 0.774645149708,
    "barkbands_crest": {
        "mean": 12.7894363403,
        "stdev": 6.34052705765
    },
    "barkbands_flatness_db": {
        "mean": 0.164858311415,
        "stdev": 0.0768874138594
    },
    "barkbands_kurtosis": {
        "mean": 19.4477539062,
        "stdev": 97.9616088867
    },
    "barkbands_skewness": {
        "mean": 2.53947257996,
        "stdev": 3.03953337669
    },
    "barkbands_spread": {
        "mean": 24.7276592255,
        "stdev": 18.4905872345
    },
    "dissonance": {
        "mean": 0.465452343225,
        "stdev": 0.0288122072816
    },
    "dynamic_complexity": 2.4482831955,
    "erbbands_crest": {
        "mean": 8.32408618927,
        "stdev": 4.65010166168
    },
    "erbbands_flatness_db": {
        "mean": 0.136168137193,
        "stdev": 0.049301981926
    },
    "erbbands_kurtosis": {
        "mean": 0.489960968494,
        "stdev": 3.2392680645
    },
    "erbbands_skewness": {
        "mean": 0.288122415543,
        "stdev": 0.858427405357
    },
    "erbbands_spread": {
        "mean": 50.6476783752,
        "stdev": 25.3466320038
    },
    "hfc": {
        "mean": 27.5549964905,
        "stdev": 26.181224823
    },
    "loudness_ebu128": {
        "integrated": -11.855638504,
        "loudness_range": 4.58582210541,
        "momentary": {
            "mean": -12.8415050507,
            "stdev": 10.5146818161
        },
        "short_term": {
            "mean": -12.2932901382,
            "stdev": 2.35147929192
        }
    },
    "melbands_crest": {
        "mean": 17.0939044952,
        "stdev": 7.39290189743
    },
    "melbands_flatness_db": {
        "mean": 0.214902237058,
        "stdev": 0.0992593541741
    },
    "melbands_kurtosis": {
        "mean": 41.0237884521,
        "stdev": 89.1162338257
    },
    "melbands_skewness": {
        "mean": 4.1016793251,
        "stdev": 3.30144143105
    },
    "melbands_spread": {
        "mean": 21.7709350586,
        "stdev": 19.7611846924
    },
    "pitch_salience": {
        "mean": 0.476395696402,
        "stdev": 0.186463177204
    },
    "silence_rate_20dB": {
        "mean": 1,
        "stdev": 0
    },
    "silence_rate_30dB": {
        "mean": 0.899160563946,
        "stdev": 0.301145583391
    },
    "silence_rate_60dB": {
        "mean": 0.0234838780016,
        "stdev": 0.151428326964
    },
    "spectral_centroid": {
        "mean": 1430.70300293,
        "stdev": 811.981506348
    },
    "spectral_complexity": {
        "mean": 19.830827713,
        "stdev": 11.4413042068
    },
    "spectral_decrease": {
        "mean": -1.19329506276e-08,
        "stdev": 1.11687565862e-08
    },
    "spectral_energy": {
        "mean": 0.0475367493927,
        "stdev": 0.0424728877842
    },
    "spectral_energyband_high": {
        "mean": 0.00170714140404,
        "stdev": 0.0025478368625
    },
    "spectral_energyband_low": {
        "mean": 0.0299015380442,
        "stdev": 0.0431617237628
    },
    "spectral_energyband_middle_high": {
        "mean": 0.00520488945767,
        "stdev": 0.0057890410535
    },
    "spectral_energyband_middle_low": {
        "mean": 0.0119921136647,
        "stdev": 0.0129433115944
    },
    "spectral_entropy": {
        "mean": 7.75681018829,
        "stdev": 0.509051680565
    },
    "spectral_flux": {
        "mean": 0.110283590853,
        "stdev": 0.066448353231
    },
    "spectral_kurtosis": {
        "mean": 3.14176154137,
        "stdev": 4.45609474182
    },
    "spectral_rms": {
        "mean": 0.00619448907673,
        "stdev": 0.00282950885594
    },
    "spectral_rolloff": {
        "mean": 1589.0592041,
        "stdev": 2157.22924805
    },
    "spectral_skewness": {
        "mean": 1.36621618271,
        "stdev": 0.506677091122
    },
    "spectral_spread": {
        "mean": 5800091,
        "stdev": 2479308.5
    },
    "spectral_strongpeak": {
        "mean": 0.836332142353,
        "stdev": 1.02949392796
    },
    "zerocrossingrate": {
        "mean": 0.06594607234,
        "stdev": 0.0510133467615
    },
    "barkbands": {
        "mean": [0.000545589253306, 0.0231234636158, 0.00506702391431, 0.00194958515931, 0.003410999896, 0.00316456682049, 0.0012400301639, 0.000806180585641, 0.00120026129298, 0.000895252742339, 0.000660254561808, 0.000780168105848, 0.000567194598261, 0.000470671540825, 0.000489499536343, 0.000428729166742, 0.00032213985105, 0.000256890954915, 0.000293390330626, 0.000316958525218, 0.00029139459366, 0.000277970626485, 0.000306887290208, 0.000294032157399, 0.000276208826108, 0.000101238547359, 1.58875945733e-09],
        "stdev": [0.00104888540227, 0.0381673388183, 0.0131386490539, 0.00510020460933, 0.006407096982, 0.00537568191066, 0.00233931373805, 0.00197420199402, 0.00281118182465, 0.00201637018472, 0.00205797073431, 0.00194209022447, 0.0012451026123, 0.00107790459879, 0.00108638568781, 0.000875061377883, 0.00070469250204, 0.000419075018726, 0.000405859260354, 0.000391106499592, 0.000375409086701, 0.000404256919865, 0.00052942126058, 0.000521496229339, 0.000635401171166, 0.000262303685304, 2.61070653984e-09]
    },
    "erbbands": {
        "mean": [0.713813662529, 4.92738771439, 6.73661565781, 6.62934589386, 7.58666801453, 12.1631336212, 17.4932384491, 28.9930038452, 22.1140460968, 16.0649356842, 20.2178382874, 26.2309112549, 26.2444419861, 29.0302085876, 29.506608963, 30.0287036896, 23.7531681061, 25.4814739227, 25.159406662, 24.1802845001, 24.1659164429, 18.0768527985, 14.7015628815, 14.2599687576, 15.2379264832, 14.6510810852, 12.7416467667, 11.0310182571, 10.0584192276, 8.65623569489, 9.08496284485, 6.64265489578, 4.71765899658, 3.22258901596, 1.86024880409, 0.659664094448, 0.157564252615, 0.0103673711419, 0.000248625205131, 7.11507600499e-05],
        "stdev": [1.31668376923, 8.36406993866, 16.046875, 15.3857021332, 16.5750350952, 24.5843467712, 32.2122955322, 53.8414268494, 38.0850372314, 31.9717979431, 48.9352340698, 66.8951034546, 55.332736969, 61.220905304, 84.462097168, 73.5519943237, 46.0719528198, 60.5124130249, 48.1419868469, 53.6607894897, 53.7713546753, 32.3406295776, 22.5284690857, 20.7490367889, 19.0718288422, 18.3394966125, 16.8176746368, 14.5402545929, 14.6469249725, 13.0978412628, 16.4995346069, 11.4556751251, 8.90810108185, 6.70388698578, 4.81109523773, 1.66292881966, 0.437477380037, 0.0282788667828, 0.000591954099946, 6.18561243755e-05]
    },
    "gfcc": {
        "mean": [15.7372598648, 79.3517150879, -106.268280029, 42.6233901978, -61.0033721924, 26.7640914917, -37.136631012, 14.1057138443, -23.2976417542, 8.90454387665, -10.3041028976, 4.15979528427, -3.97502636909],
        "cov": [[8604.80664062, -919.583862305, -117.264984131, 346.275421143, -448.652069092, 270.481872559, -409.292602539, 152.512039185, -372.735992432, 177.11706543, -384.568969727, 143.962005615, -295.181121826], [-919.583862305, 1508.50683594, -144.347061157, -87.9148788452, 247.993988037, -173.935272217, 277.69833374, -119.798881531, 166.457489014, -136.156036377, 173.190170288, -140.58732605, 183.609451294], [-117.264984131, -144.347061157, 1199.10754395, 301.25201416, 171.452819824, 205.503768921, 50.2763404846, 124.01587677, 4.7482676506, 81.3729248047, -54.4758605957, 67.0439453125, -96.6993103027], [346.275421143, -87.9148788452, 301.25201416, 480.067718506, 212.041519165, 117.280426025, 68.5542526245, 87.8467330933, 73.9266738892, 24.6379623413, 2.07912039757, 27.251832962, -9.99150943756], [-448.652069092, 247.993988037, 171.452819824, 212.041519165, 512.54095459, 165.7134552, 211.18157959, 80.3646316528, 126.158294678, 25.53474617, 52.6452331543, 3.06785225868, 35.4442062378], [270.481872559, -173.935272217, 205.503768921, 117.280426025, 165.7134552, 285.726470947, 109.045410156, 71.3393707275, 24.2267456055, 55.3199043274, -7.73574304581, 22.8201160431, -26.7526340485], [-409.292602539, 277.69833374, 50.2763404846, 68.5542526245, 211.18157959, 109.045410156, 291.321563721, 76.7573928833, 110.933036804, 25.4328327179, 84.1039047241, -7.39767217636, 64.5464477539], [152.512039185, -119.798881531, 124.01587677, 87.8467330933, 80.3646316528, 71.3393707275, 76.7573928833, 180.717285156, 75.8202133179, 46.4308166504, 13.313117981, 43.2416496277, 1.48435139656], [-372.735992432, 166.457489014, 4.7482676506, 73.9266738892, 126.158294678, 24.2267456055, 110.933036804, 75.8202133179, 195.235717773, 34.9421310425, 80.5783309937, 13.7900257111, 50.0275230408], [177.11706543, -136.156036377, 81.3729248047, 24.6379623413, 25.53474617, 55.3199043274, 25.4328327179, 46.4308166504, 34.9421310425, 141.435409546, 28.7209033966, 48.4125518799, -2.54695248604], [-384.568969727, 173.190170288, -54.4758605957, 2.07912039757, 52.6452331543, -7.73574304581, 84.1039047241, 13.313117981, 80.5783309937, 28.7209033966, 144.656356812, 24.8270244598, 66.0465927124], [143.962005615, -140.58732605, 67.0439453125, 27.251832962, 3.06785225868, 22.8201160431, -7.39767217636, 43.2416496277, 13.7900257111, 48.4125518799, 24.8270244598, 117.378303528, 15.9128341675], [-295.181121826, 183.609451294, -96.6993103027, -9.99150943756, 35.4442062378, -26.7526340485, 64.5464477539, 1.48435139656, 50.0275230408, -2.54695248604, 66.0465927124, 15.9128341675, 128.553787231]],
        "icov": [[0.000253265636275, -0.00038097507786, 0.000304439658066, -0.000453440938145, 0.000407997518778, -0.000595554942265, 0.000422920478741, -0.000600709812716, 0.000573567522224, -0.000584154448006, 0.000572932127398, -0.000485489872517, 0.000408557185438], [-0.00038097507786, 0.00251990067773, -0.000888820562977, 0.0012011093786, -0.0014106297167, 0.00243763811886, -0.00216324487701, 0.00243161898106, -0.00179739319719, 0.00210638297722, -0.00169561814982, 0.00218370161019, -0.00175276433583], [0.000304439658066, -0.000888820562977, 0.00164325349033, -0.00120008829981, 0.000572769611608, -0.00137276528403, 0.000719491508789, -0.00134233559947, 0.00115749659017, -0.00124902266543, 0.00110949377995, -0.00135751650669, 0.0014447857393], [-0.000453440938145, 0.0012011093786, -0.00120008829981, 0.00400718860328, -0.00190540147014, 0.0011004593689, -0.000624908541795, 0.000935863878112, -0.00196281261742, 0.00174745894037, -0.00107213878073, 0.00108399172314, -0.0010755257681], [0.000407997518778, -0.0014106297167, 0.000572769611608, -0.00190540147014, 0.00460336450487, -0.00268250191584, -0.000382222642656, -0.00117604760453, 0.000169251477928, -0.00107379909605, 0.00143367727287, -0.00127287779469, 0.00094622123288], [-0.000595554942265, 0.00243763811886, -0.00137276528403, 0.0011004593689, -0.00268250191584, 0.00843530427665, -0.00416833348572, 0.00208293297328, -0.00108238414396, 0.000843400426675, -0.001000043354, 0.00163507426623, -0.000482966715936], [0.000422920478741, -0.00216324487701, 0.000719491508789, -0.000624908541795, -0.000382222642656, -0.00416833348572, 0.00932253431529, -0.00403248379007, 0.000768671219703, -0.00173019734211, -0.00096341088647, 0.000444833916845, -0.000736394315027], [-0.000600709812716, 0.00243161898106, -0.00134233559947, 0.000935863878112, -0.00117604760453, 0.00208293297328, -0.00403248379007, 0.0114308306947, -0.0051273079589, 0.00151417718735, -9.54951538006e-05, -0.000506960379425, -0.00100174511317], [0.000573567522224, -0.00179739319719, 0.00115749659017, -0.00196281261742, 0.000169251477928, -0.00108238414396, 0.000768671219703, -0.0051273079589, 0.0112017411739, -0.00299778347835, -0.00173400260974, -0.000707569008227, 0.000563470704947], [-0.000584154448006, 0.00210638297722, -0.00124902266543, 0.00174745894037, -0.00107379909605, 0.000843400426675, -0.00173019734211, 0.00151417718735, -0.00299778347835, 0.0116802239791, -0.00353017868474, -0.000905641762074, -0.000506878306624], [0.000572932127398, -0.00169561814982, 0.00110949377995, -0.00107213878073, 0.00143367727287, -0.001000043354, -0.00096341088647, -9.54951538006e-05, -0.00173400260974, -0.00353017868474, 0.0140525521711, -0.00406338181347, -0.00174187147059], [-0.000485489872517, 0.00218370161019, -0.00135751650669, 0.00108399172314, -0.00127287779469, 0.00163507426623, 0.000444833916845, -0.000506960379425, -0.000707569008227, -0.000905641762074, -0.00406338181347, 0.0140550900251, -0.00409159203991], [0.000408557185438, -0.00175276433583, 0.0014447857393, -0.0010755257681, 0.00094622123288, -0.000482966715936, -0.000736394315027, -0.00100174511317, 0.000563470704947, -0.000506878306624, -0.00174187147059, -0.00409159203991, 0.0134155480191]]
    },
    "melbands": {
        "mean": [0.00648323539644, 0.00467665819451, 0.0011719672475, 0.000700874021277, 0.000615917262621, 0.000634314666968, 0.000322822364978, 0.000173825581442, 0.000172754866071, 0.000164828175912, 0.000132742570713, 0.000120564494864, 9.4879505923e-05, 9.89720283542e-05, 5.9226371377e-05, 5.15671927133e-05, 4.60318515252e-05, 4.06205617764e-05, 3.59887089871e-05, 2.90162006422e-05, 2.76271766779e-05, 1.85999870155e-05, 1.50198793563e-05, 1.22721476146e-05, 1.12396428449e-05, 1.1871067727e-05, 1.08814438136e-05, 9.26075608731e-06, 8.04418323241e-06, 7.06249511495e-06, 6.25519396635e-06, 5.70633255847e-06, 5.20536013937e-06, 4.64549293611e-06, 5.47482522961e-06, 4.57844953416e-06, 3.81470727007e-06, 3.34643050337e-06, 2.83612598651e-06, 2.7232474622e-06],
        "stdev": [0.0110385231674, 0.00854308344424, 0.0024850058835, 0.00143195129931, 0.00109816913027, 0.00112439552322, 0.000546513765585, 0.000353771087248, 0.000436889269622, 0.000412299414165, 0.000283284200123, 0.000267380382866, 0.000282663764665, 0.000260154512944, 0.000125699836644, 0.000128407074953, 0.000114521360956, 8.60964646563e-05, 9.12865725695e-05, 5.61643573747e-05, 7.35772482585e-05, 3.93808259105e-05, 2.58020263573e-05, 2.00394806598e-05, 1.7363432562e-05, 1.77909441845e-05, 1.42079807119e-05, 1.21672364912e-05, 1.11115687105e-05, 9.68910080701e-06, 8.85254485183e-06, 8.53198525874e-06, 8.21601497591e-06, 7.36435640647e-06, 1.03356705949e-05, 8.09445828054e-06, 6.61754984321e-06, 6.31070770396e-06, 5.5452342167e-06, 5.95550272919e-06]
    },
    "melbands128": {
        "mean": [0.000519711349625, 0.005228492897, 0.00977546162903, 0.00756201846525, 0.00409289589152, 0.00227749953046, 0.00138101377524, 0.000849628646392, 0.000733693130314, 0.000700323435012, 0.000700201082509, 0.000641316408291, 0.000567480747122, 0.0006085113273, 0.000698435818776, 0.000665142433718, 0.000404859340051, 0.000283148110611, 0.000192427032744, 0.000166756377439, 0.000166418074514, 0.00018196637393, 0.000141881100717, 0.000224740477279, 0.000169488688698, 0.00014859791554, 0.000145831683767, 0.000111514840683, 0.000138299263199, 0.000155717527377, 8.33473895909e-05, 0.000120057615277, 8.75006444403e-05, 8.24914604891e-05, 0.000111808854854, 0.000115944450954, 5.52303208678e-05, 5.83318214922e-05, 6.45475083729e-05, 3.79865305149e-05, 5.7208675571e-05, 5.57382772968e-05, 4.7184235882e-05, 3.9272599679e-05, 4.11300534324e-05, 4.79744630866e-05, 3.0523933674e-05, 3.29524955305e-05, 4.49421313533e-05, 2.44260554609e-05, 2.56378025369e-05, 3.41827544617e-05, 2.92458153126e-05, 2.74040357908e-05, 1.92065763258e-05, 1.53644359671e-05, 2.09031913982e-05, 1.67807338585e-05, 1.18019424917e-05, 1.35976588354e-05, 1.23241743495e-05, 1.21134389701e-05, 9.97325423668e-06, 1.10865557872e-05, 1.28258625409e-05, 1.34928177431e-05, 9.99392341328e-06, 9.40472455113e-06, 1.23925519802e-05, 1.10159235192e-05, 9.3604930953e-06, 7.84334952186e-06, 8.94292770681e-06, 7.73545343691e-06, 7.66576613387e-06, 7.58277792556e-06, 6.59880424791e-06, 5.9787007558e-06, 6.42894792691e-06, 6.34768957752e-06, 5.49105425307e-06, 5.7301626839e-06, 5.51436050955e-06, 5.26052645e-06, 4.87147144668e-06, 4.32389015259e-06, 4.48739274361e-06, 5.36024481335e-06, 5.98934411755e-06, 5.19457353221e-06, 4.75854540127e-06, 4.38533106717e-06, 4.25063399234e-06, 3.97184976464e-06, 3.39996995535e-06, 3.378593874e-06, 3.26192912325e-06, 3.52783422386e-06, 2.70096825261e-06, 2.62852358901e-06, 2.61970762949e-06, 2.87612169814e-06, 2.6724098916e-06, 2.54286624113e-06, 2.08887195186e-06, 1.76681464836e-06, 1.80299241492e-06, 1.20750917176e-06, 1.15929003641e-06, 8.75427815572e-07, 7.30132796889e-07, 5.92852813952e-07, 4.96382597248e-07, 3.21434043826e-07, 2.44987802489e-07, 4.81487312243e-08, 1.85158329641e-11, 7.37681964125e-12, 7.11452554855e-12, 6.86463342767e-12, 6.67672037449e-12, 6.51569726992e-12, 6.36475551083e-12, 6.24832000376e-12, 6.14542357974e-12, 6.07227679597e-12, 6.01887116536e-12, 5.97787227705e-12],
        "stdev": [0.00102822610643, 0.0106166489422, 0.0177533887327, 0.0139760104939, 0.0102618644014, 0.00565809756517, 0.00358055229299, 0.00219379691407, 0.00185875606257, 0.00183738337364, 0.00166083336808, 0.00150406779721, 0.00129534187727, 0.00146878627129, 0.00168873986695, 0.00137845077552, 0.000907483801711, 0.000702221179381, 0.00052925304044, 0.000464888900751, 0.000504160707351, 0.000546385243069, 0.000540015345905, 0.000827400595881, 0.000627419387456, 0.000465505028842, 0.000456666020909, 0.000348951900378, 0.000394377799239, 0.000480283750221, 0.000242613416049, 0.000430323503679, 0.000373220042093, 0.000424796278821, 0.000355689844582, 0.000411025102949, 0.000221607697313, 0.000166056575836, 0.00017036581994, 0.000124348531244, 0.000221286827582, 0.000204076030059, 0.000197748857317, 0.000103167469206, 9.88316896837e-05, 0.000150954409037, 7.56615700084e-05, 9.42625192693e-05, 0.000178938498721, 6.51031004963e-05, 6.98504591128e-05, 0.000103668309748, 8.22216970846e-05, 0.000149876403157, 7.14455090929e-05, 4.05425016652e-05, 4.90000966238e-05, 3.95165807276e-05, 2.91872947855e-05, 2.88242208626e-05, 2.33276223298e-05, 3.19324826705e-05, 2.08547826333e-05, 1.94557596842e-05, 3.13499003823e-05, 2.58717445831e-05, 1.73227781488e-05, 1.51493877638e-05, 2.04118714464e-05, 1.85984645213e-05, 1.56839250849e-05, 1.35033305924e-05, 1.42977060023e-05, 1.3895038137e-05, 1.38855984915e-05, 1.26950008053e-05, 1.1433607142e-05, 9.22549770621e-06, 1.10749897431e-05, 1.03216598291e-05, 9.22221897781e-06, 9.78867137746e-06, 9.48951674218e-06, 1.09329357656e-05, 8.31585657579e-06, 7.14693032933e-06, 8.34087313706e-06, 1.00394081528e-05, 1.27903631437e-05, 1.02973244793e-05, 9.49518380366e-06, 7.98186829343e-06, 8.11295740277e-06, 7.36534957468e-06, 6.21446724836e-06, 6.547677458e-06, 6.62612364977e-06, 8.15340808913e-06, 5.50091726836e-06, 5.46227647646e-06, 5.40170958629e-06, 6.59221268506e-06, 7.0818846325e-06, 7.32304215489e-06, 5.89163255427e-06, 4.7045359679e-06, 4.9342093007e-06, 3.09558026856e-06, 2.98893883155e-06, 2.44423745244e-06, 1.92808238353e-06, 1.75977550043e-06, 1.59337446348e-06, 9.09265054361e-07, 6.82736583713e-07, 1.50570656388e-07, 9.74245822905e-11, 1.21993266183e-11, 1.18155676215e-11, 1.14606440657e-11, 1.11672485495e-11, 1.09089673059e-11, 1.0680815607e-11, 1.04932521006e-11, 1.03290214923e-11, 1.02050720305e-11, 1.01140849168e-11, 1.00560237221e-11]
    },
    "mfcc": {
        "mean": [-625.163269043, 103.451019287, 14.74284935, 21.1815814972, 6.62989997864, 10.0461683273, 5.22713041306, 3.97429728508, 0.982948124409, 3.8827881813, -1.59297084808, 2.19318342209, 2.97935438156],
        "cov": [[5858.28417969, -770.106567383, -89.3451309204, -71.1569900513, -119.234672546, 19.546913147, -132.874633789, -75.7672042847, -63.8781394958, -69.2317504883, -55.743057251, -81.3043518066, -78.3513259888], [-770.106567383, 1304.50439453, -129.517333984, 73.5386428833, -19.9438934326, 7.91192007065, 106.855278015, 3.74338555336, 52.5275840759, 26.3962364197, -5.97088813782, 18.8879699707, 12.631772995], [-89.3451309204, -129.517333984, 851.613098145, 141.940887451, 132.794052124, 88.7939529419, 38.1630020142, 60.3150978088, 19.4938697815, 8.01046085358, 60.7589225769, 5.51015424728, 16.1542205811], [-71.1569900513, 73.5386428833, 141.940887451, 383.552001953, 174.642242432, 83.2739715576, 66.6082305908, 89.4504470825, 88.6665267944, 25.2586936951, 50.7943153381, 54.1064147949, 45.40001297], [-119.234672546, -19.9438934326, 132.794052124, 174.642242432, 314.362609863, 140.829544067, 80.816696167, 111.389701843, 79.3552856445, 42.3512954712, 61.8969993591, 35.6692962646, 37.6411705017], [19.546913147, 7.91192007065, 88.7939529419, 83.2739715576, 140.829544067, 261.670806885, 127.221366882, 72.8906936646, 73.2546463013, 44.8414726257, 62.5165138245, 26.5589981079, 28.1285076141], [-132.874633789, 106.855278015, 38.1630020142, 66.6082305908, 80.816696167, 127.221366882, 216.401504517, 81.8253860474, 76.7767028809, 51.172870636, 45.0379447937, 31.9791927338, 25.4142227173], [-75.7672042847, 3.74338555336, 60.3150978088, 89.4504470825, 111.389701843, 72.8906936646, 81.8253860474, 188.716949463, 88.3795013428, 43.6762046814, 58.7476730347, 40.2071876526, 37.954990387], [-63.8781394958, 52.5275840759, 19.4938697815, 88.6665267944, 79.3552856445, 73.2546463013, 76.7767028809, 88.3795013428, 153.433868408, 63.1834220886, 49.4507637024, 37.6470069885, 37.3782844543], [-69.2317504883, 26.3962364197, 8.01046085358, 25.2586936951, 42.3512954712, 44.8414726257, 51.172870636, 43.6762046814, 63.1834220886, 111.330825806, 53.614315033, 26.7093925476, 20.1230354309], [-55.743057251, -5.97088813782, 60.7589225769, 50.7943153381, 61.8969993591, 62.5165138245, 45.0379447937, 58.7476730347, 49.4507637024, 53.614315033, 115.996559143, 54.439163208, 32.8091506958], [-81.3043518066, 18.8879699707, 5.51015424728, 54.1064147949, 35.6692962646, 26.5589981079, 31.9791927338, 40.2071876526, 37.6470069885, 26.7093925476, 54.439163208, 100.013275146, 56.8932266235], [-78.3513259888, 12.631772995, 16.1542205811, 45.40001297, 37.6411705017, 28.1285076141, 25.4142227173, 37.954990387, 37.3782844543, 20.1230354309, 32.8091506958, 56.8932266235, 98.7927932739]],
        "icov": [[0.00019293584046, 0.000114872134873, 3.64622683264e-05, -5.52151504962e-05, 0.000113228888949, -0.000134579313453, 8.33398153191e-05, 6.79792628944e-06, -3.69187073375e-05, 5.50707700313e-05, 1.18056068459e-05, 7.30377651053e-05, 8.56336337165e-05], [0.000114872134873, 0.000916511693504, 0.00015425037418, -0.000271086930297, 0.000226388961892, 7.95282394392e-05, -0.00049128709361, 0.00020019110525, -0.000200114824111, -3.54366311512e-05, 0.000150009887875, 1.43192037285e-05, 3.87105428672e-05], [3.64622683264e-05, 0.00015425037418, 0.00137567752972, -0.000430742191384, -0.000219334760914, -0.000181939001777, -3.486006608e-05, -9.55036302912e-05, 0.000326062145177, 0.000236966618104, -0.000732681655791, 0.00061419227859, -0.000118786643725], [-5.52151504962e-05, -0.000271086930297, -0.000430742191384, 0.00403727637604, -0.00179314310662, 0.000233233877225, -3.30715229211e-05, -0.00012042849994, -0.00135645235423, 0.000817246676888, 0.00013357392163, -0.0012364537688, -0.000107997402665], [0.000113228888949, 0.000226388961892, -0.000219334760914, -0.00179314310662, 0.00587410852313, -0.00211776210926, 0.000352677045157, -0.00172471650876, 9.83932386589e-06, -0.000368980283383, -0.000271186116152, 0.000462657480966, -0.000247425574344], [-0.000134579313453, 7.95282394392e-05, -0.000181939001777, 0.000233233877225, -0.00211776210926, 0.006877545733, -0.00312969111837, 0.000625974556897, -0.000825488124974, 0.000299936742522, -0.00183954974636, 0.000926815671846, -0.000452612090157], [8.33398153191e-05, -0.00049128709361, -3.486006608e-05, -3.30715229211e-05, 0.000352677045157, -0.00312969111837, 0.00787561386824, -0.00167989823967, -0.00102162081748, -0.00125528499484, 0.000616793346126, -0.000821353285573, 0.000436327711213], [6.79792628944e-06, 0.00020019110525, -9.55036302912e-05, -0.00012042849994, -0.00172471650876, 0.000625974556897, -0.00167989823967, 0.00898309238255, -0.00311576551758, 0.000444667355623, -0.00180556578562, -0.000140383126563, -0.000720632786397], [-3.69187073375e-05, -0.000200114824111, 0.000326062145177, -0.00135645235423, 9.83932386589e-06, -0.000825488124974, -0.00102162081748, -0.00311576551758, 0.0121304672211, -0.00431316671893, 9.96761009446e-05, -0.000155034125783, -0.00139736081474], [5.50707700313e-05, -3.54366311512e-05, 0.000236966618104, 0.000817246676888, -0.000368980283383, 0.000299936742522, -0.00125528499484, 0.000444667355623, -0.00431316671893, 0.0139908343554, -0.00501760002226, 0.000482532312162, 1.17355839393e-05], [1.18056068459e-05, 0.000150009887875, -0.000732681655791, 0.00013357392163, -0.000271186116152, -0.00183954974636, 0.000616793346126, -0.00180556578562, 9.96761009446e-05, -0.00501760002226, 0.0160159245133, -0.00680397590622, 0.000794421299361], [7.30377651053e-05, 1.43192037285e-05, 0.00061419227859, -0.0012364537688, 0.000462657480966, 0.000926815671846, -0.000821353285573, -0.000140383126563, -0.000155034125783, 0.000482532312162, -0.00680397590622, 0.0189916137606, -0.00836806278676], [8.56336337165e-05, 3.87105428672e-05, -0.000118786643725, -0.000107997402665, -0.000247425574344, -0.000452612090157, 0.000436327711213, -0.000720632786397, -0.00139736081474, 1.17355839393e-05, 0.000794421299361, -0.00836806278676, 0.0157234799117]]
    },
    "spectral_contrast_coeffs": {
        "mean": [-0.705965459347, -0.742100179195, -0.761841595173, -0.792942523956, -0.795955777168, -0.77699047327],
        "stdev": [0.0856991484761, 0.0810850337148, 0.0712159276009, 0.0568144507706, 0.0438153557479, 0.0391353778541]
    },
    "spectral_contrast_valleys": {
        "mean": [-6.6220369339, -6.83895492554, -7.38093948364, -7.57860088348, -7.48773336411, -9.66234588623],
        "stdev": [1.33404374123, 1.26435148716, 1.22855830193, 1.24109065533, 1.27425730228, 1.41154134274]
    }
},
"rhythm": {
    "beats_count": 1956,
    "beats_loudness": {
        "mean": 0.0510445535183,
        "stdev": 0.035867087543
    },
    "bpm": 135.556732178,
    "bpm_histogram_first_peak_bpm": 136,
    "bpm_histogram_first_peak_weight": 0.149021863937,
    "bpm_histogram_second_peak_bpm": 108,
    "bpm_histogram_second_peak_spread": 0.333333313465,
    "bpm_histogram_second_peak_weight": 0.0225063934922,
    "danceability": 1.46297931671,
    "onset_rate": 4.20657253265,
    "beats_loudness_band_ratio": {
        "mean": [0.505244314671, 0.175054892898, 0.104213312268, 0.0865415856242, 0.0481962040067, 0.108956731856],
        "stdev": [0.266416758299, 0.160154238343, 0.114879652858, 0.0994986817241, 0.0533556267619, 0.115424744785]
    },
