{
"metadata": {
    "version": {
        "essentia": "2.1-dev",
        "essentia_git_sha": "v2.1_beta3-415-gd5473f3",
        "extractor": "music 2.0"
    },
    "audio_properties": {
        "analysis": {
            "equal_loudness": 0,
            "length": 214.15184021,
            "sample_rate": 44100,
            "start_time": 0,
            "downmix": "mix"
        },
        "bit_rate": 192000,
        "length": 214.15184021,
        "lossless": 0,
        "number_channels": 2,
        "replay_gain": -8.94259262085,
        "sample_rate": 44100,
        "codec": "mp3",
        "md5_encoded": "136c4a03baaf749d9377acbe07f44b60"
    },
    "tags": {
        "file_name": "someday.mp3",
        "album": ["The original sessions. Vol V. Progressive"],
        "artist": ["Vaios"],
        "genre": ["Other"],
        "title": ["Someday"]
    }
},
"lowlevel": {
    "average_loudness": 0.775288820267,
    "barkbands_crest": {
        "mean": 9.82715702057,
        "stdev": 6.30645656586
    },
    "barkbands_flatness_db": {
        "mean": 0.101914048195,
        "stdev": 0.0661484822631
    },
    "barkbands_kurtosis": {
        "mean": 6.36220312119,
        "stdev": 26.1873722076
    },
    "barkbands_skewness": {
        "mean": 1.56005895138,
        "stdev": 1.91638422012
    },
    "barkbands_spread": {
        "mean": 33.8935279846,
        "stdev": 17.8677062988
    },
    "dissonance": {
        "mean": 0.476350277662,
        "stdev": 0.0201381705701
    },
    "dynamic_complexity": 2.51774382591,
    "erbbands_crest": {
        "mean": 6.2764840126,
        "stdev": 3.36251831055
    },
    "erbbands_flatness_db": {
        "mean": 0.116582758725,
        "stdev": 0.0387675017118
    },
    "erbbands_kurtosis": {
        "mean": -0.212528839707,
        "stdev": 1.35695719719
    },
    "erbbands_skewness": {
        "mean": -0.0254673883319,
        "stdev": 0.636048614979
    },
    "erbbands_spread": {
        "mean": 50.4558181763,
        "stdev": 18.8792877197
    },
    "hfc": {
        "mean": 35.1402359009,
        "stdev": 36.8886184692
    },
    "loudness_ebu128": {
        "integrated": -13.8093605042,
        "loudness_range": 5.97342205048,
        "momentary": {
            "mean": -18.6337032318,
            "stdev": 33.006652832
        },
        "short_term": {
            "mean": -15.045958519,
            "stdev": 10.7412490845
        }
    },
    "melbands_crest": {
        "mean": 14.0753545761,
        "stdev": 7.81353664398
    },
    "melbands_flatness_db": {
        "mean": 0.157926812768,
        "stdev": 0.0895302519202
    },
    "melbands_kurtosis": {
        "mean": 21.4206600189,
        "stdev": 40.3872108459
    },
    "melbands_skewness": {
        "mean": 3.198782444,
        "stdev": 2.440335989
    },
    "melbands_spread": {
        "mean": 35.2730369568,
        "stdev": 27.9598674774
    },
    "pitch_salience": {
        "mean": 0.551264584064,
        "stdev": 0.190426960588
    },
    "silence_rate_20dB": {
        "mean": 1,
        "stdev": 0
    },
    "silence_rate_30dB": {
        "mean": 0.94752818346,
        "stdev": 0.222967639565
    },
    "silence_rate_60dB": {
        "mean": 0.0513876825571,
        "stdev": 0.220793649554
    },
    "spectral_centroid": {
        "mean": 2059.40161133,
        "stdev": 1374.87475586
    },
    "spectral_complexity": {
        "mean": 26.5636386871,
        "stdev": 14.8110523224
    },
    "spectral_decrease": {
        "mean": -8.49096970512e-09,
        "stdev": 8.21527379458e-09
    },
    "spectral_energy": {
        "mean": 0.0352340750396,
        "stdev": 0.0318796597421
    },
    "spectral_energyband_high": {
        "mean": 0.00263629574329,
        "stdev": 0.00382076227106
    },
    "spectral_energyband_low": {
        "mean": 0.0188963506371,
        "stdev": 0.0308862365782
    },
    "spectral_energyband_middle_high": {
        "mean": 0.00546716013923,
        "stdev": 0.00512359850109
    },
    "spectral_energyband_middle_low": {
        "mean": 0.00941688008606,
        "stdev": 0.00921280123293
    },
    "spectral_entropy": {
        "mean": 8.01652622223,
        "stdev": 0.425139516592
    },
    "spectral_flux": {
        "mean": 0.0968548282981,
        "stdev": 0.0583701990545
    },
    "spectral_kurtosis": {
        "mean": 2.80102825165,
        "stdev": 2.03116488457
    },
    "spectral_rms": {
        "mean": 0.00527109997347,
        "stdev": 0.00256714737043
    },
    "spectral_rolloff": {
        "mean": 2743.06079102,
        "stdev": 3013.26074219
    },
    "spectral_skewness": {
        "mean": 1.28480410576,
        "stdev": 0.354298651218
    },
    "spectral_spread": {
        "mean": 6320810.5,
        "stdev": 4672513
    },
    "spectral_strongpeak": {
        "mean": 0.701057136059,
        "stdev": 0.981913506985
    },
    "zerocrossingrate": {
        "mean": 0.097453981638,
        "stdev": 0.0728969499469
    },
    "barkbands": {
        "mean": [0.000438013346866, 0.0146851288155, 0.00286371959373, 0.00179551134352, 0.00216542766429, 0.00233480636962, 0.000794587365817, 0.00075483112596, 0.00113114749547, 0.000832758261822, 0.000353315816028, 0.000573516532313, 0.000412862340454, 0.000540361739695, 0.000497401226312, 0.000484809075715, 0.000465582998004, 0.00052596302703, 0.000687767285854, 0.000593171746004, 0.000492785533424, 0.000362345570466, 0.000323584827129, 0.000460133946035, 0.000481837894768, 0.000172457177541, 1.03268921521e-05],
        "stdev": [0.00116458919365, 0.028128715232, 0.0082415305078, 0.00341195007786, 0.00401801336557, 0.00350329768844, 0.00110774929635, 0.00149417959619, 0.0018035073299, 0.00170725607313, 0.000546838447917, 0.00138710392639, 0.000684634665959, 0.00102930259891, 0.000856310129166, 0.000690602639224, 0.000524630129803, 0.000615426746663, 0.000752578431275, 0.000728044542484, 0.000834415957797, 0.000487957440782, 0.000469640363008, 0.00102063827217, 0.00137344992254, 0.00027017047978, 1.57601352839e-05]
    },
    "erbbands": {
        "mean": [0.460485309362, 3.0989844799, 3.88367724419, 4.94133043289, 6.06823253632, 7.55788135529, 13.0291118622, 19.0738239288, 13.7296791077, 13.1516056061, 18.366060257, 27.8786945343, 31.4572544098, 16.9610652924, 16.2194252014, 25.9779777527, 20.3301391602, 28.4951686859, 24.0060558319, 29.3732185364, 25.3886795044, 24.9205799103, 26.6902770996, 35.015335083, 31.627456665, 29.468126297, 23.276971817, 16.8472251892, 14.0783185959, 9.95035839081, 9.22134590149, 7.33172035217, 9.09966373444, 6.43597650528, 2.83108139038, 1.07829749584, 0.227985307574, 0.0428493618965, 0.00105148297735, 8.04145529401e-05],
        "stdev": [1.00040459633, 6.01953744888, 10.3268022537, 8.69784355164, 12.9429349899, 14.0705013275, 18.3356647491, 30.9247150421, 22.3089542389, 18.248085022, 37.8021888733, 45.2812232971, 66.446762085, 26.0610485077, 23.3099803925, 63.7293128967, 27.7652587891, 57.4507369995, 40.8912353516, 44.2471694946, 32.8782196045, 27.269777298, 30.4536113739, 38.345035553, 34.4129257202, 37.5772666931, 39.4923591614, 26.1195430756, 19.6535816193, 13.9505777359, 13.6165781021, 13.4425001144, 23.9285831451, 19.4538898468, 7.29568958282, 1.91555285454, 0.31661605835, 0.0626441910863, 0.00150790275075, 7.49610553612e-05]
    },
    "gfcc": {
        "mean": [18.2713527679, 56.615650177, -106.968414307, 37.3288650513, -57.5623512268, 16.7062644958, -38.4552955627, 18.671541214, -26.8289279938, 9.99239635468, -14.665854454, 2.46884727478, -9.27098083496],
        "cov": [[27981.9707031, -452.924224854, -1782.3572998, 767.318847656, -1305.78479004, 672.769592285, -961.098205566, 466.404846191, -787.485351562, 337.877288818, -484.550537109, 174.183990479, -321.509490967], [-452.924224854, 1507.42297363, -168.510025024, 107.049507141, 258.011383057, -108.503479004, 207.044189453, -68.4122848511, 148.022247314, -75.6276550293, 138.721389771, -109.66103363, 117.395339966], [-1782.3572998, -168.510025024, 1000.46936035, 170.212127686, 216.066314697, 174.588317871, 84.9158859253, 30.1539840698, 86.2812652588, 55.0450630188, 35.2236175537, 75.3904037476, 4.04841804504], [767.318847656, 107.049507141, 170.212127686, 336.536071777, 75.8834609985, 86.0109558105, 56.7766799927, 36.1963348389, 43.2532653809, 31.755903244, 11.268075943, 12.7308368683, 10.1160936356], [-1305.78479004, 258.011383057, 216.066314697, 75.8834609985, 324.225219727, 64.3839492798, 182.839660645, 27.5753135681, 102.143943787, 18.009513855, 69.9992294312, 1.14988291264, 42.8080558777], [672.769592285, -108.503479004, 174.588317871, 86.0109558105, 64.3839492798, 229.431396484, 56.139793396, 81.3174514771, 15.7038011551, 61.1687164307, 21.1974639893, 19.5227222443, 13.7990751266], [-961.098205566, 207.044189453, 84.9158859253, 56.7766799927, 182.839660645, 56.139793396, 224.465026855, 52.6852645874, 118.394477844, 28.4886493683, 72.4917831421, -2.00065159798, 54.5320663452], [466.404846191, -68.4122848511, 30.1539840698, 36.1963348389, 27.5753135681, 81.3174514771, 52.6852645874, 155.448440552, 56.4149665833, 48.907081604, 23.7456912994, 17.6702365875, 16.9642353058], [-787.485351562, 148.022247314, 86.2812652588, 43.2532653809, 102.143943787, 15.7038011551, 118.394477844, 56.4149665833, 159.894592285, 40.91355896, 67.4560699463, 24.3562488556, 47.6339759827], [337.877288818, -75.6276550293, 55.0450630188, 31.755903244, 18.009513855, 61.1687164307, 28.4886493683, 48.907081604, 40.91355896, 87.3092575073, 38.6225357056, 37.2296943665, 18.1202411652], [-484.550537109, 138.721389771, 35.2236175537, 11.268075943, 69.9992294312, 21.1974639893, 72.4917831421, 23.7456912994, 67.4560699463, 38.6225357056, 108.232162476, 18.548740387, 59.1884689331], [174.183990479, -109.66103363, 75.3904037476, 12.7308368683, 1.14988291264, 19.5227222443, -2.00065159798, 17.6702365875, 24.3562488556, 37.2296943665, 18.548740387, 92.6062240601, 10.3360280991], [-321.509490967, 117.395339966, 4.04841804504, 10.1160936356, 42.8080558777, 13.7990751266, 54.5320663452, 16.9642353058, 47.6339759827, 18.1202411652, 59.1884689331, 10.3360280991, 80.048866272]],
        "icov": [[0.000165571254911, -0.00031268276507, 0.000322837149724, -0.000405708298786, 0.000391652894905, -0.00057597598061, 0.000378072698368, -0.000547334493604, 0.000735894485842, -0.000850524753332, 0.0005971880164, -0.000664926890749, 0.000305709399981], [-0.00031268276507, 0.00191667012405, -0.000245814822847, 0.000177739028004, -0.00148246367462, 0.00140525680035, -0.00067805784056, 0.00167484604754, -0.00223348825239, 0.00287567870691, -0.00236552697606, 0.0024729128927, -0.00131137610879], [0.000322837149724, -0.000245814822847, 0.00224084220827, -0.00129498075694, -0.000438811082859, -0.00210231542587, 0.00142147566658, -0.000350463262293, 0.00041240057908, -0.00106800347567, 0.000905754859559, -0.00196949811652, 0.000991391250864], [-0.000405708298786, 0.000177739028004, -0.00129498075694, 0.00480330875143, -0.000896261597518, 0.000396794843255, -0.00113209814299, 0.00111046317033, -0.00201433640905, 0.00102252606302, -0.000100781202491, 0.00126521638595, -0.000606546760537], [0.000391652894905, -0.00148246367462, -0.000438811082859, -0.000896261597518, 0.00818134006113, -0.00191951566376, -0.00396539736539, -0.000948675908148, 0.00191713566892, -0.00141057453584, 0.00047583587002, -0.00184728892054, 0.00180591631215], [-0.00057597598061, 0.00140525680035, -0.00210231542587, 0.000396794843255, -0.00191951566376, 0.0100375106558, -0.00295260408893, -0.0011186049087, 0.00087065360276, -0.000948694359977, -0.00182006903924, 0.00321832788177, -0.00214649899863], [0.000378072698368, -0.00067805784056, 0.00142147566658, -0.00113209814299, -0.00396539736539, -0.00295260408893, 0.0131883583963, -0.0018904133467, -0.00378416129388, -0.00114222837146, 0.000242503461777, 0.000328276539221, -0.00108142383397], [-0.000547334493604, 0.00167484604754, -0.000350463262293, 0.00111046317033, -0.000948675908148, -0.0011186049087, -0.0018904133467, 0.0120234638453, -0.00617034360766, 0.000834189704619, -0.0014334579464, 0.00276105920784, -0.00115096010268], [0.000735894485842, -0.00223348825239, 0.00041240057908, -0.00201433640905, 0.00191713566892, 0.00087065360276, -0.00378416129388, -0.00617034360766, 0.0182466432452, -0.0073191174306, 0.000824184447993, -0.00522558251396, 3.93455193262e-05], [-0.000850524753332, 0.00287567870691, -0.00106800347567, 0.00102252606302, -0.00141057453584, -0.000948694359977, -0.00114222837146, 0.000834189704619, -0.0073191174306, 0.026870764792, -0.010353686288, -0.00102181755938, -0.000129136955366], [0.0005971880164, -0.00236552697606, 0.000905754859559, -0.000100781202491, 0.00047583587002, -0.00182006903924, 0.000242503461777, -0.0014334579464, 0.000824184447993, -0.010353686288, 0.0236883517355, -0.00377002707683, -0.00914270151407], [-0.000664926890749, 0.0024729128927, -0.00196949811652, 0.00126521638595, -0.00184728892054, 0.00321832788177, 0.000328276539221, 0.00276105920784, -0.00522558251396, -0.00102181755938, -0.00377002707683, 0.0181002113968, -0.00294192461297], [0.000305709399981, -0.00131137610879, 0.000991391250864, -0.000606546760537, 0.00180591631215, -0.00214649899863, -0.00108142383397, -0.00115096010268, 3.93455193262e-05, -0.000129136955366, -0.00914270151407, -0.00294192461297, 0.0232006497681]]
    },
    "melbands": {
        "mean": [0.00415865145624, 0.00281510339119, 0.000911357812583, 0.000467770005343, 0.000440962612629, 0.000439073977759, 0.000199547139346, 0.000142359611345, 0.000156316702487, 0.000170713174157, 0.000153154862346, 6.70767112751e-05, 5.23131166119e-05, 6.61979356664e-05, 5.17153057444e-05, 4.23546007369e-05, 5.46664086869e-05, 3.7215751945e-05, 3.75119598175e-05, 3.62496757589e-05, 3.03289652948e-05, 2.54415372183e-05, 2.58644522546e-05, 2.47965617746e-05, 2.88570845441e-05, 2.50419307122e-05, 2.00266204047e-05, 1.91099989024e-05, 1.5338353478e-05, 1.19043124869e-05, 8.68274128152e-06, 8.0932286437e-06, 6.61928743284e-06, 5.37658115718e-06, 5.58669171369e-06, 4.5664537538e-06, 4.29843385064e-06, 6.29234455118e-06, 6.31211287327e-06, 5.24897222931e-06],
        "stdev": [0.00823037978262, 0.00576793821529, 0.00153016659897, 0.000987967359833, 0.000579365994781, 0.00069643225288, 0.000310295115924, 0.000202932191314, 0.000292147917207, 0.000278540654108, 0.000332182506099, 0.000109737084131, 7.81975177233e-05, 0.000169506500242, 8.26991381473e-05, 7.19216550351e-05, 0.000117685092846, 6.72278620186e-05, 6.14216405666e-05, 5.42406414752e-05, 4.17944793298e-05, 2.96035541396e-05, 3.14042226819e-05, 3.09707174893e-05, 3.33483367285e-05, 3.0147315556e-05, 2.22273793042e-05, 2.65993912762e-05, 2.47938751272e-05, 2.61751829385e-05, 1.24309608509e-05, 1.04280479718e-05, 1.11185654532e-05, 7.70038877818e-06, 8.22301808512e-06, 8.89738385013e-06, 8.22946913104e-06, 1.58617021953e-05, 2.07961420529e-05, 1.5411649656e-05]
    },
    "melbands128": {
        "mean": [0.000396820134483, 0.00339546380565, 0.00627237651497, 0.00472061615437, 0.00235819257796, 0.0013140423689, 0.00100204604678, 0.000867149734404, 0.000598357291892, 0.000395527604269, 0.000418887037085, 0.000403854763135, 0.000419788091676, 0.000552897108719, 0.000422974990215, 0.000438266608398, 0.000328182475641, 0.000121471122839, 0.000103557875264, 0.000172544503585, 0.000128666171804, 0.000145049460116, 0.000160828814842, 0.000121652599773, 0.000244050112087, 0.000117791278171, 0.000171150604729, 0.000203080213396, 9.10767339519e-05, 7.48281163396e-05, 5.64925503568e-05, 4.94995365443e-05, 6.56781558064e-05, 3.930915409e-05, 4.3427789933e-05, 8.65063047968e-05, 8.82506938069e-05, 3.06608671963e-05, 4.96039938298e-05, 4.69147926196e-05, 2.57035098912e-05, 5.82048851356e-05, 5.79075531277e-05, 5.82529610256e-05, 3.23103340634e-05, 3.29389222316e-05, 4.290680954e-05, 3.23970671161e-05, 3.56792625098e-05, 5.07016047777e-05, 3.84853992728e-05, 1.84767850442e-05, 2.62475914496e-05, 3.8388378016e-05, 3.35744371114e-05, 2.03866620723e-05, 2.0760233383e-05, 3.22950618283e-05, 2.57948013314e-05, 1.67970047187e-05, 2.71053340839e-05, 2.75120601145e-05, 2.8261096304e-05, 3.09006354655e-05, 2.66459992417e-05, 2.54353708442e-05, 2.46391191467e-05, 1.91674607777e-05, 1.83746033144e-05, 2.08290221053e-05, 2.34199178522e-05, 1.40330103022e-05, 1.7527363525e-05, 1.56131955009e-05, 1.28525034597e-05, 1.24539374156e-05, 1.07152554847e-05, 1.16135352073e-05, 7.16592148819e-06, 7.5357888818e-06, 8.54502559378e-06, 6.83644975652e-06, 1.01959549283e-05, 6.22956940788e-06, 4.26831002187e-06, 5.09680648975e-06, 5.47381068827e-06, 6.83336656948e-06, 5.38902531844e-06, 5.08485118189e-06, 4.51105142929e-06, 4.71069506602e-06, 4.19455636802e-06, 4.17361843574e-06, 4.14173109675e-06, 5.26800977241e-06, 7.58209398555e-06, 6.5421581894e-06, 6.73033036946e-06, 5.81421454626e-06, 5.50479308004e-06, 5.22354957866e-06, 4.94976620757e-06, 3.98267366108e-06, 2.88238652502e-06, 2.45112460107e-06, 2.3490752028e-06, 2.22439439312e-06, 1.92183279069e-06, 1.63430718203e-06, 1.03557397324e-06, 7.20933201137e-07, 5.87912552419e-07, 5.24306074112e-07, 4.98599490584e-07, 4.63656789407e-07, 4.03419193162e-07, 5.16270226569e-08, 6.97379046871e-12, 5.58597092193e-12, 5.37787609584e-12, 5.21819306515e-12, 5.07707417774e-12, 4.96646864259e-12, 4.87709872488e-12, 4.81287275658e-12, 4.76512709499e-12, 4.72903530571e-12],
        "stdev": [0.00106431893073, 0.0081722587347, 0.0129855358973, 0.0100066624582, 0.00677182199433, 0.00346440682188, 0.00194471760187, 0.00171886908356, 0.00145639316179, 0.00125173979905, 0.000940430094488, 0.000639875186607, 0.000737974653021, 0.00117606925778, 0.000820981513243, 0.00086844858015, 0.000725955411326, 0.000227825119509, 0.000171792678884, 0.00029189552879, 0.000273157551419, 0.000417173927417, 0.000426243466791, 0.000223468625336, 0.000523482915014, 0.000287880451651, 0.000414728419855, 0.000586435315199, 0.000204606840271, 0.000176356319571, 0.000124378449982, 0.000100818419014, 0.000117708521429, 8.73261669767e-05, 0.000147504993947, 0.00031967117684, 0.000241670015384, 5.64058791497e-05, 9.35833231779e-05, 7.92203718447e-05, 9.93887733785e-05, 0.000158938346431, 0.00021249857673, 0.000123159727082, 7.72250932641e-05, 9.92431669147e-05, 9.9079858046e-05, 7.80718910391e-05, 8.7702916062e-05, 9.09653026611e-05, 7.91172205936e-05, 2.90604439215e-05, 4.49515428045e-05, 7.02056349837e-05, 4.78493748233e-05, 3.12639022013e-05, 2.81549746433e-05, 4.45290570497e-05, 3.75088129658e-05, 2.62321482296e-05, 4.14119531342e-05, 4.21919612563e-05, 3.96829600504e-05, 4.50168408861e-05, 3.74641203962e-05, 4.0596602048e-05, 3.46082269971e-05, 2.61277509708e-05, 2.37579279201e-05, 2.88881492452e-05, 4.37716516899e-05, 2.15418658627e-05, 3.18033526128e-05, 2.63041893049e-05, 2.93391021842e-05, 4.68433645437e-05, 1.9250494006e-05, 2.84915058728e-05, 9.55240739131e-06, 9.8706150311e-06, 1.1266052752e-05, 8.85228564584e-06, 2.59217667917e-05, 9.68832227954e-06, 5.67891311221e-06, 8.70158146427e-06, 7.59079193813e-06, 1.26055911096e-05, 8.39012500364e-06, 8.25737242849e-06, 9.69166194409e-06, 1.09316461021e-05, 8.18690114102e-06, 7.88221950643e-06, 9.37350887398e-06, 1.38386121762e-05, 2.01097373065e-05, 2.1924435714e-05, 2.19563116843e-05, 2.28170556511e-05, 1.88376779988e-05, 1.45943577081e-05, 1.4356194697e-05, 1.43960260175e-05, 8.77488673723e-06, 5.335885362e-06, 4.66499750473e-06, 4.15756221628e-06, 3.99073087465e-06, 3.60026433555e-06, 1.68533745182e-06, 1.04752382413e-06, 8.47380476898e-07, 7.85392330727e-07, 7.40471932659e-07, 7.82158167567e-07, 6.19590707629e-07, 8.99925041153e-08, 1.19518162728e-11, 9.98982060268e-12, 9.66361799609e-12, 9.39590679566e-12, 9.16712279003e-12, 8.9828153596e-12, 8.82340814995e-12, 8.70546863763e-12, 8.61853557271e-12, 8.56433153562e-12]
    },
    "mfcc": {
        "mean": [-614.780395508, 88.292678833, 6.10405063629, 22.8680438995, 6.79423666, 0.123731695116, 5.51294755936, 0.754556536674, 2.02503085136, 3.73175477982, 1.35642671585, 0.501749813557, 0.170199528337],
        "cov": [[9626.92382812, -483.369842529, 97.8992462158, -48.5168533325, 4.69411325455, 29.1682548523, 71.1155166626, -41.7457847595, -41.6419181824, 22.3532581329, -6.46049833298, -129.239639282, -50.7419090271], [-483.369842529, 1297.04736328, -131.856994629, 205.42755127, 88.2478179932, 49.0858230591, 87.7205429077, 33.9182319641, 47.6460189819, 52.3740768433, 22.7392272949, 38.6091918945, 13.2431116104], [97.8992462158, -131.856994629, 637.137512207, 97.1695251465, 156.363677979, 126.082443237, 37.8057518005, 50.5407104492, 35.2051734924, 10.6106204987, 18.7901992798, 29.7029438019, 54.7137947083], [-48.5168533325, 205.42755127, 97.1695251465, 293.419250488, 81.3863220215, 85.0404815674, 33.5197677612, 53.0891151428, 52.04504776, 14.1344308853, 24.9915428162, 44.8641319275, 30.7151546478], [4.69411325455, 88.2478179932, 156.363677979, 81.3863220215, 169.144348145, 78.7574996948, 74.3614501953, 43.477191925, 39.4734344482, 35.1380882263, 18.184217453, 31.8095226288, 34.3079948425], [29.1682548523, 49.0858230591, 126.082443237, 85.0404815674, 78.7574996948, 179.192565918, 70.7482147217, 46.2838592529, 35.1515350342, 30.7988986969, 21.2539310455, 23.8078403473, 34.0040779114], [71.1155166626, 87.7205429077, 37.8057518005, 33.5197677612, 74.3614501953, 70.7482147217, 157.34475708, 40.8612289429, 50.1094360352, 60.4104881287, 33.0167007446, 16.0853767395, 21.7343139648], [-41.7457847595, 33.9182319641, 50.5407104492, 53.0891151428, 43.477191925, 46.2838592529, 40.8612289429, 105.187179565, 62.8124198914, 36.7290992737, 35.6940155029, 38.636390686, 26.3964519501], [-41.6419181824, 47.6460189819, 35.2051734924, 52.04504776, 39.4734344482, 35.1515350342, 50.1094360352, 62.8124198914, 104.07421875, 59.3633651733, 42.7352523804, 35.6967010498, 28.3217258453], [22.3532581329, 52.3740768433, 10.6106204987, 14.1344308853, 35.1380882263, 30.7988986969, 60.4104881287, 36.7290992737, 59.3633651733, 94.952911377, 48.5353240967, 22.8037605286, 25.9577312469], [-6.46049833298, 22.7392272949, 18.7901992798, 24.9915428162, 18.184217453, 21.2539310455, 33.0167007446, 35.6940155029, 42.7352523804, 48.5353240967, 69.9054336548, 37.8535079956, 23.0999622345], [-129.239639282, 38.6091918945, 29.7029438019, 44.8641319275, 31.8095226288, 23.8078403473, 16.0853767395, 38.636390686, 35.6967010498, 22.8037605286, 37.8535079956, 72.1963195801, 40.5969924927], [-50.7419090271, 13.2431116104, 54.7137947083, 30.7151546478, 34.3079948425, 34.0040779114, 21.7343139648, 26.3964519501, 28.3217258453, 25.9577312469, 23.0999622345, 40.5969924927, 65.1391220093]],
        "icov": [[0.000110304543341, 4.61559793621e-05, -4.45668274551e-06, -3.96237846871e-05, -1.71367810253e-05, -2.34692674894e-06, -6.42738596071e-05, 4.40094481746e-06, 5.92431388213e-05, -4.58804315713e-05, -9.95077280095e-05, 0.000259845604887, -5.2506384236e-06], [4.61559793621e-05, 0.00100153533276, 0.000395558978198, -0.000734406348784, -0.000448478589533, 7.17781804269e-05, -0.000317002442898, 0.000138608462294, 0.000169113962329, -0.000458927446743, 0.000249242788414, -0.000189916376257, 0.000234050283325], [-4.45668274551e-06, 0.000395558978198, 0.00245200959034, -0.00023900429369, -0.00219121994451, -0.000916355638765, 0.000675737857819, -0.000139522919198, -0.000203717092518, 0.000854211451951, -0.000710976542905, 0.000976733979769, -0.00117567693815], [-3.96237846871e-05, -0.000734406348784, -0.00023900429369, 0.00520633673295, -0.00111326493789, -0.00158435455523, 0.000783383962698, -0.000385145540349, -0.00190264545381, 0.00195459951647, -0.000530112418346, -0.00128829397727, 0.000211591439438], [-1.71367810253e-05, -0.000448478589533, -0.00219121994451, -0.00111326493789, 0.011437731795, -0.000936211377848, -0.0035193702206, -0.000763147778343, 0.000464168697363, -0.00183251616545, 0.0031336590182, -0.002766787773, -0.000467056117486], [-2.34692674894e-06, 7.17781804269e-05, -0.000916355638765, -0.00158435455523, -0.000936211377848, 0.00896880030632, -0.00269792461768, -0.00171185750514, 0.00106951582711, -0.000309419294354, 0.00020264039631, 0.000926500884816, -0.0020855863113], [-6.42738596071e-05, -0.000317002442898, 0.000675737857819, 0.000783383962698, -0.0035193702206, -0.00269792461768, 0.0111615713686, -0.000546354276594, -0.00136447709519, -0.00368228857405, -0.00136506301351, 0.002020241227, 0.000122259327327], [4.40094481746e-06, 0.000138608462294, -0.000139522919198, -0.000385145540349, -0.000763147778343, -0.00171185750514, -0.000546354276594, 0.0171150099486, -0.00776450289413, 0.00101009663194, -0.00172298308462, -0.00397750223055, 0.000879692728631], [5.92431388213e-05, 0.000169113962329, -0.000203717092518, -0.00190264545381, 0.000464168697363, 0.00106951582711, -0.00136447709519, -0.00776450289413, 0.0216453503817, -0.00886969361454, -0.00103820010554, -0.00193416606635, -0.000424037774792], [-4.58804315713e-05, -0.000458927446743, 0.000854211451951, 0.00195459951647, -0.00183251616545, -0.000309419294354, -0.00368228857405, 0.00101009663194, -0.00886969361454, 0.0249354206026, -0.0122209833935, 0.00535871973261, -0.00472171604633], [-9.95077280095e-05, 0.000249242788414, -0.000710976542905, -0.000530112418346, 0.0031336590182, 0.00020264039631, -0.00136506301351, -0.00172298308462, -0.00103820010554, -0.0122209833935, 0.0305468551815, -0.0131166912615, 0.00277992035262], [0.000259845604887, -0.000189916376257, 0.000976733979769, -0.00128829397727, -0.002766787773, 0.000926500884816, 0.002020241227, -0.00397750223055, -0.00193416606635, 0.00535871973261, -0.0131166912615, 0.0316702499986, -0.0144415833056], [-5.2506384236e-06, 0.000234050283325, -0.00117567693815, 0.000211591439438, -0.000467056117486, -0.0020855863113, 0.000122259327327, 0.000879692728631, -0.000424037774792, -0.00472171604633, 0.00277992035262, -0.0144415833056, 0.0272058974952]]
    },
    "spectral_contrast_coeffs": {
        "mean": [-0.716365516186, -0.764829099178, -0.781180918217, -0.806128680706, -0.801350831985, -0.788404583931],
        "stdev": [0.0772644355893, 0.0754632726312, 0.0642438232899, 0.0477181039751, 0.0377262458205, 0.0412312448025]
    },
    "spectral_contrast_valleys": {
        "mean": [-7.0144162178, -6.96314287186, -7.53238391876, -7.60893201828, -7.258228302, -9.54714679718],
        "stdev": [2.73447036743, 2.70366549492, 2.63639688492, 2.63293933868, 2.69905686378, 2.54033136368]
    }
},
"rhythm": {
    "beats_count": 497,
    "beats_loudness": {
        "mean": 0.0322681106627,
        "stdev": 0.01849812828
    },
    "bpm": 139.915679932,
    "bpm_histogram_first_peak_bpm": 140,
    "bpm_histogram_first_peak_weight": 0.17692309618,
    "bpm_histogram_second_peak_bpm": 185,
    "bpm_histogram_second_peak_spread": 0,
    "bpm_histogram_second_peak_weight": 0.0483870953321,
    "danceability": 1.16753184795,
    "onset_rate": 5.09877109528,
    "beats_loudness_band_ratio": {
        "mean": [0.338722616434, 0.20189781487, 0.147766709328, 0.0910954102874, 0.106610417366, 0.147918477654],
        "stdev": [0.216971680522, 0.142202809453, 0.10767480731, 0.0756107643247, 0.0938924476504, 0.112799853086]
    },
    "beats_position": [0.406349211931, 0.812698423862, 1.23065757751, 1.63700675964, 2.04335594177, 2.46131515503, 2.97215414047, 3.48299312592, 3.99383211136, 4.5046710968, 5.02712011337, 5.52634906769, 6.025578022, 6.52480697632, 7.02403593063, 7.59292507172, 8.16181373596, 8.73070240021, 9.31120204926, 9.89170074463, 10.47219944, 11.0526981354, 11.6331968307, 12.202085495, 12.7709751129, 13.3398637772, 13.8158731461, 14.2802715302, 14.7446708679, 15.2090702057, 15.6850786209, 16.1494789124, 16.6138763428, 17.0782756805, 17.5426750183, 18.0767345428, 18.6107940674, 19.1448516846, 19.6905212402, 20.247800827, 20.8166885376, 21.3739681244, 21.9312477112, 22.4885253906, 23.0458049774, 23.5914726257, 23.9978218079, 24.4157810211, 24.8337402344, 25.2516994476, 25.6000003815, 25.948299408, 26.2965984344, 26.6448974609, 26.9815864563, 27.3182754517, 27.6549663544, 27.9916553497, 28.3283443451, 28.6534233093, 28.9785022736, 29.3035831451, 29.6286621094, 29.9537410736, 30.2672100067, 30.5806789398, 30.9057598114, 31.2308387756, 31.5559177399, 31.8809967041, 32.1944656372, 32.5079345703, 32.8330154419, 33.1580963135, 33.4831733704, 33.8082542419, 34.1449432373, 34.4816322327, 34.818321228, 35.1666221619, 35.5033111572, 35.8283882141, 36.1534690857, 36.4785499573, 36.8036270142, 37.1287078857, 37.4421768188, 37.755645752, 38.0807266235, 38.4058036804, 38.730884552, 39.0559616089, 39.3810424805, 39.7061233521, 40.0195922852, 40.4491615295, 40.8787307739, 41.3083000183, 41.7378692627, 42.1674385071, 42.585395813, 43.0149650574, 43.4445343018, 43.8741035461, 44.3036727905, 44.7332420349, 45.1628112793, 45.5923805237, 46.0219497681, 46.439907074, 46.8694763184, 47.2990455627, 47.7286148071, 48.1581840515, 48.5877532959, 49.0173225403, 49.4468917847, 49.8764610291, 50.3060302734, 50.7355995178, 51.1651687622, 51.5947380066, 52.0126991272, 52.4422683716, 52.871837616, 53.3014030457, 53.73097229, 54.1605415344, 54.5901107788, 55.0196800232, 55.4492492676, 55.878818512, 56.3083877563, 56.726348877, 57.1559181213, 57.5854873657, 58.0150566101, 58.4446258545, 58.8741950989, 59.3037643433, 59.7333335876, 60.162902832, 60.5808601379, 61.0220413208, 61.4516105652, 61.8811798096, 62.2991371155, 62.7287063599, 63.1582756042, 63.5878448486, 64.0174102783, 64.4469833374, 64.8765487671, 65.3061218262, 65.7356872559, 66.1652603149, 66.5948257446, 67.0127868652, 67.4423599243, 67.871925354, 68.3014984131, 68.7310638428, 69.1606369019, 69.5902023315, 70.0081634521, 70.4261245728, 70.8556900024, 71.2852630615, 71.7148284912, 72.1444015503, 72.57396698, 73.0035324097, 73.4331054688, 73.8626708984, 74.2922439575, 74.7218093872, 75.1397705078, 75.5693435669, 75.9989089966, 76.4284820557, 76.8580474854, 77.276008606, 77.7055740356, 78.1351470947, 78.5647125244, 78.9942855835, 79.4238510132, 79.8534240723, 80.282989502, 80.712562561, 81.1305236816, 81.5600891113, 81.9896621704, 82.4192276001, 82.8487930298, 83.2783660889, 83.7079315186, 84.1258926392, 84.5554656982, 84.9850311279, 85.4029922485, 85.8325576782, 86.2621307373, 86.691696167, 87.1212692261, 87.5508346558, 87.9804077148, 88.4099731445, 88.8395462036, 89.2691116333, 89.6986846924, 90.1282501221, 90.5578231812, 90.9757843018, 91.4053497314, 91.8349151611, 92.2644882202, 92.6940536499, 93.123626709, 93.5531921387, 93.9827651978, 94.4123306274, 94.8419036865, 95.2714691162, 95.7010421753, 96.130607605, 96.5485687256, 96.9781417847, 97.4077072144, 97.8372802734, 98.2668457031, 98.6964187622, 99.1259841919, 99.555557251, 99.9851226807, 100.41469574, 100.844261169, 101.273826599, 101.703399658, 102.132965088, 102.562538147, 102.980499268, 103.410064697, 103.839637756, 104.269203186, 104.698776245, 105.128341675, 105.557914734, 105.987480164, 106.417053223, 106.846618652, 107.276191711, 107.694145203, 108.123718262, 108.553283691, 108.98285675, 109.41242218, 109.841995239, 110.271560669, 110.701133728, 111.119087219, 111.548660278, 111.978225708, 112.407798767, 112.837364197, 113.266937256, 113.696502686, 114.126075745, 114.555641174, 114.985214233, 115.414779663, 115.844352722, 116.28553009, 116.726707458, 117.144668579, 117.5626297, 117.98059082, 118.41015625, 118.839729309, 119.269294739, 119.698867798, 120.128433228, 120.557998657, 120.987571716, 121.405532837, 121.835098267, 122.264671326, 122.694236755, 123.123809814, 123.553375244, 123.982948303, 124.412513733, 124.842086792, 125.271652222, 125.701225281, 126.13079071, 126.548751831, 126.978317261, 127.40789032, 127.849067688, 128.278640747, 128.708206177, 129.126159668, 129.555740356, 129.985305786, 130.414871216, 130.844436646, 131.274017334, 131.691970825, 132.121536255, 132.551101685, 132.980682373, 133.410247803, 133.839813232, 134.269378662, 134.698959351, 135.12852478, 135.55809021, 135.97605896, 136.394012451, 136.835189819, 137.264755249, 137.694335938, 138.135513306, 138.553466797, 138.983032227, 139.412597656, 139.842178345, 140.271743774, 140.701309204, 141.130874634, 141.560455322, 141.990020752, 142.407974243, 142.837554932, 143.267120361, 143.696685791, 144.126251221, 144.544219971, 144.985397339, 145.414962769, 145.844528198, 146.274108887, 146.703674316, 147.133239746, 147.562805176, 147.992385864, 148.421951294, 148.851516724, 149.281082153, 149.710647583, 150.140228271, 150.558181763, 150.987747192, 151.417327881, 151.846893311, 152.27645874, 152.717636108, 153.158813477, 153.611602783, 154.076004028, 154.528793335, 154.99319458, 155.457595825, 155.898773193, 156.339950562, 156.769515991, 157.19909668, 157.628662109, 158.058227539, 158.487792969, 158.917373657, 159.346939087, 159.776504517, 160.206069946, 160.635650635, 161.065216064, 161.494781494, 161.924346924, 162.353912354, 162.771881104, 163.201446533, 163.631011963, 164.060592651, 164.490158081, 164.919723511, 165.34928894, 165.778869629, 166.208435059, 166.638000488, 167.067565918, 167.485534668, 167.915100098, 168.344665527, 168.774230957, 169.203811646, 169.644989014, 170.086166382, 170.52734375, 170.980133057, 171.432922363, 171.874099731, 172.3152771, 172.768066406, 173.209243774, 173.662033081, 174.103210449, 174.544403076, 174.985580444, 175.415145874, 175.844711304, 176.274276733, 176.703857422, 177.133422852, 177.562988281, 177.980941772, 178.410522461, 178.840087891, 179.26965332, 179.69921875, 180.128799438, 180.558364868, 180.976318359, 181.405899048, 181.835464478, 182.265029907, 182.694595337, 183.124176025, 183.553741455, 183.983306885, 184.412872314, 184.842453003, 185.272018433, 185.701583862, 186.131149292, 186.560714722, 186.99029541, 187.41986084, 187.84942627, 188.278991699, 188.708572388, 189.126525879, 189.556091309, 189.985671997, 190.415237427, 190.844802856, 191.274368286, 191.703948975, 192.121902466, 192.551467896, 192.981033325, 193.410614014, 193.840179443, 194.269744873, 194.699310303, 195.128890991, 195.558456421, 195.988021851, 196.41758728, 196.847167969, 197.276733398, 197.706298828, 198.135864258, 198.565444946, 198.995010376, 199.424575806, 199.854141235, 200.272109985, 200.701675415, 201.131240845, 201.560806274, 201.990386963, 202.408340454, 202.837905884, 203.267486572, 203.697052002, 204.126617432, 204.556182861, 204.985748291, 205.403717041, 205.833282471, 206.2628479, 206.692428589, 207.121994019, 207.551559448, 207.981124878, 208.422302246, 208.863494873, 209.304672241, 209.780670166, 210.25668335, 210.732696533, 211.278366089, 211.824035645, 212.3697052, 212.915374756, 213.47265625],
    "bpm_histogram": [0, 0, 0, 0, 0, 0, 0, 0, 0, 0, 0, 0, 0, 0, 0, 0, 0, 0, 0, 0, 0, 0, 0, 0, 0, 0, 0, 0, 0, 0, 0, 0, 0, 0, 0, 0, 0, 0, 0, 0, 0, 0, 0, 0, 0, 0, 0, 0, 0, 0, 0, 0, 0, 0, 0, 0, 0, 0, 0, 0, 0, 0, 0, 0, 0, 0, 0, 0, 0, 0, 0, 0, 0, 0, 0, 0, 0, 0, 0, 0, 0, 0, 0, 0, 0, 0, 0, 0, 0, 0, 0, 0, 0, 0, 0, 0, 0, 0, 0, 0, 0, 0, 0, 0.0100806448609, 0, 0.0141129028052, 0, 0, 0.012096773833, 0, 0.012096773833, 0, 0.00604838691652, 0, 0, 0.00201612897217, 0, 0.00806451588869, 0, 0, 0.00806451588869, 0, 0, 0, 0, 0, 0.0100806448609, 0, 0, 0.0201612897217, 0, 0, 0, 0.012096773833, 0, 0, 0.0463709682226, 0, 0, 0, 0.647177398205, 0, 0, 0, 0.0927419364452, 0, 0, 0, 0.00806451588869, 0, 0, 0, 0, 0, 0, 0, 0, 0, 0, 0, 0, 0, 0, 0, 0, 0, 0, 0, 0, 0, 0, 0, 0.0100806448609, 0, 0, 0, 0, 0, 0.0181451607496, 0, 0, 0, 0, 0, 0, 0.0483870953321, 0, 0, 0, 0, 0, 0.0141129028052, 0, 0, 0, 0, 0, 0, 0, 0, 0, 0, 0, 0, 0, 0, 0, 0, 0, 0, 0, 0, 0, 0, 0, 0, 0, 0, 0, 0, 0, 0, 0, 0, 0, 0, 0, 0, 0, 0, 0, 0, 0, 0, 0, 0, 0, 0, 0, 0, 0, 0, 0, 0, 0, 0, 0, 0, 0, 0]
},
"tonal": {
    "chords_changes_rate": 0.0472577512264,
    "chords_number_rate": 0.00216778670438,
    "chords_strength": {
        "mean": 0.60421037674,
        "stdev": 0.205418273807
    },
    "hpcp_crest": {
        "mean": 13.0440998077,
        "stdev": 7.28451919556
    },
    "hpcp_entropy": {
        "mean": 2.14889192581,
        "stdev": 0.861683368683
    },
    "key_edma": {
        "strength": 0.688742220402,
        "key": "G",
        "scale": "major"
    },
    "key_krumhansl": {
        "strength": 0.706734120846,
        "key": "G",
        "scale": "major"
    },
    "key_temperley": {
        "strength": 0.729489564896,
        "key": "G",
        "scale": "major"
    },
    "tuning_diatonic_strength": 0.665733218193,
    "tuning_equal_tempered_deviation": 0.324451595545,
    "tuning_frequency": 434.193115234,
    "tuning_nontempered_energy_ratio": 0.948234796524,
    "hpcp": {
        "mean": [0.116286553442, 0.136325910687, 0.0982500761747, 0.0661413893104, 0.0548024661839, 0.0729632675648, 0.147028014064, 0.200144231319, 0.165242418647, 0.175058081746, 0.166196897626, 0.0861890688539, 0.0551950521767, 0.0597872510552, 0.0884230285883, 0.189337298274, 0.252859681845, 0.163575902581, 0.0767334997654, 0.0589396432042, 0.0795133337379, 0.189978301525, 0.280489623547, 0.206304103136, 0.103259935975, 0.0750463753939, 0.0784833133221, 0.124755240977, 0.145090982318, 0.117460124195, 0.163720667362, 0.203532874584, 0.142287403345, 0.0897596850991, 0.075143456459, 0.0737081840634],
        "stdev": [0.209284350276, 0.245279341936, 0.197664529085, 0.163367718458, 0.151497378945, 0.165963217616, 0.235351160169, 0.299888670444, 0.242940232158, 0.286944359541, 0.306535869837, 0.180699899793, 0.136706396937, 0.1379237324, 0.159057915211, 0.273658454418, 0.34825989604, 0.242879465222, 0.158231884241, 0.145077317953, 0.158278509974, 0.282033890486, 0.372871339321, 0.291626632214, 0.197078600526, 0.169557526708, 0.16509565711, 0.200000181794, 0.22840680182, 0.187839463353, 0.244551986456, 0.282576262951, 0.2108309865, 0.162971273065, 0.153254523873, 0.148606821895]
    },
    "chords_histogram": [8.62779140472, 16.6702804565, 10.5137653351, 0, 5.02926492691, 1.45241713524, 0.802081048489, 0.195100799203, 0, 0.0650335997343, 0, 0.0433557331562, 0, 0.737047493458, 0.0867114663124, 1.53912854195, 0, 0.93214827776, 0, 1.71255147457, 0.0216778665781, 1.49577283859, 24.5610237122, 25.5148487091],
    "thpcp": [1, 0.735514223576, 0.368141740561, 0.267554908991, 0.27980825305, 0.444776684046, 0.517277538776, 0.418768167496, 0.583696007729, 0.725634217262, 0.50728225708, 0.320010721684, 0.267901033163, 0.262784004211, 0.414584159851, 0.486028343439, 0.350280612707, 0.235806897283, 0.195381432772, 0.260128229856, 0.524183452129, 0.713553071022, 0.589121341705, 0.624116063118, 0.59252423048, 0.307280778885, 0.196781083941, 0.213153168559, 0.315245270729, 0.675024271011, 0.901493906975, 0.583179891109, 0.273569822311, 0.210131272674, 0.283480495214, 0.677309572697],
    "chords_key": "E",
    "chords_scale": "minor"
}
}