{
"metadata": {
    "version": {
        "essentia": "2.1-dev",
        "essentia_git_sha": "v2.1_beta3-415-gd5473f3",
        "extractor": "music 2.0"
    },
    "audio_properties": {
        "analysis": {
            "equal_loudness": 0,
            "length": 284.917541504,
            "sample_rate": 44100,
            "start_time": 0,
            "downmix": "mix"
        },
        "bit_rate": 192000,
        "length": 284.917541504,
        "lossless": 0,
        "number_channels": 2,
        "replay_gain": -12.354970932,
        "sample_rate": 44100,
        "codec": "mp3",
        "md5_encoded": "764fb2aa40e1e924ed95af0af047c99d"
    },
    "tags": {
        "file_name": "tuk_tak-dj_dero.mp3",
        "album": ["Solo Numeros 1 2001 CD3"],
        "artist": ["Various Artists"],
        "genre": ["Other"],
        "title": ["tuk tak-dj dero"]
    }
},
"lowlevel": {
    "average_loudness": 0.569674134254,
    "barkbands_crest": {
        "mean": 11.6194419861,
        "stdev": 5.76696014404
    },
    "barkbands_flatness_db": {
        "mean": 0.116298303008,
        "stdev": 0.0676769912243
    },
    "barkbands_kurtosis": {
        "mean": 7.12051868439,
        "stdev": 22.3872337341
    },
    "barkbands_skewness": {
        "mean": 1.73184847832,
        "stdev": 1.93975138664
    },
    "barkbands_spread": {
        "mean": 36.8667907715,
        "stdev": 21.3733825684
    },
    "dissonance": {
        "mean": 0.479802310467,
        "stdev": 0.0183752663434
    },
    "dynamic_complexity": 4.16058301926,
    "erbbands_crest": {
        "mean": 6.86360645294,
        "stdev": 3.36899900436
    },
    "erbbands_flatness_db": {
        "mean": 0.118317954242,
        "stdev": 0.0374546274543
    },
    "erbbands_kurtosis": {
        "mean": 0.377915114164,
        "stdev": 2.97423863411
    },
    "erbbands_skewness": {
        "mean": -0.211981922388,
        "stdev": 0.895504534245
    },
    "erbbands_spread": {
        "mean": 51.940788269,
        "stdev": 19.9619617462
    },
    "hfc": {
        "mean": 22.9647731781,
        "stdev": 25.3806991577
    },
    "loudness_ebu128": {
        "integrated": -12.2937431335,
        "loudness_range": 7.89235687256,
        "momentary": {
            "mean": -13.9547042847,
            "stdev": 7.90150785446
        },
        "short_term": {
            "mean": -13.2030086517,
            "stdev": 2.98751068115
        }
    },
    "melbands_crest": {
        "mean": 17.4325180054,
        "stdev": 6.8184876442
    },
    "melbands_flatness_db": {
        "mean": 0.175709575415,
        "stdev": 0.0910953357816
    },
    "melbands_kurtosis": {
        "mean": 27.7700309753,
        "stdev": 50.0874977112
    },
    "melbands_skewness": {
        "mean": 3.76077008247,
        "stdev": 2.65214133263
    },
    "melbands_spread": {
        "mean": 35.4856185913,
        "stdev": 33.5721054077
    },
    "pitch_salience": {
        "mean": 0.507711052895,
        "stdev": 0.155956149101
    },
    "silence_rate_20dB": {
        "mean": 1,
        "stdev": 0
    },
    "silence_rate_30dB": {
        "mean": 0.999755561352,
        "stdev": 0.0156324710697
    },
    "silence_rate_60dB": {
        "mean": 0.157268583775,
        "stdev": 0.364084839821
    },
    "spectral_centroid": {
        "mean": 2111.88037109,
        "stdev": 988.831237793
    },
    "spectral_complexity": {
        "mean": 16.6077251434,
        "stdev": 13.6690826416
    },
    "spectral_decrease": {
        "mean": -5.49206191636e-09,
        "stdev": 5.82943471272e-09
    },
    "spectral_energy": {
        "mean": 0.0228112824261,
        "stdev": 0.0234602447599
    },
    "spectral_energyband_high": {
        "mean": 0.00194766558707,
        "stdev": 0.00256865471601
    },
    "spectral_energyband_low": {
        "mean": 0.0110872397199,
        "stdev": 0.0144226830453
    },
    "spectral_energyband_middle_high": {
        "mean": 0.00338013633154,
        "stdev": 0.00459963921458
    },
    "spectral_energyband_middle_low": {
        "mean": 0.00724924216047,
        "stdev": 0.013763752766
    },
    "spectral_entropy": {
        "mean": 8.02838611603,
        "stdev": 0.417211145163
    },
    "spectral_flux": {
        "mean": 0.0914252400398,
        "stdev": 0.0644883289933
    },
    "spectral_kurtosis": {
        "mean": 2.50927591324,
        "stdev": 2.95020341873
    },
    "spectral_rms": {
        "mean": 0.00409579882398,
        "stdev": 0.00234079407528
    },
    "spectral_rolloff": {
        "mean": 2502.56884766,
        "stdev": 2480.82275391
    },
    "spectral_skewness": {
        "mean": 1.17822492123,
        "stdev": 0.418502300978
    },
    "spectral_spread": {
        "mean": 5871482,
        "stdev": 2093539.375
    },
    "spectral_strongpeak": {
        "mean": 0.380991220474,
        "stdev": 0.460876971483
    },
    "zerocrossingrate": {
        "mean": 0.0932495072484,
        "stdev": 0.0571280308068
    },
    "barkbands": {
        "mean": [0.000220731410081, 0.00746701518074, 0.00267092557624, 0.00165682821535, 0.00284661678597, 0.000655481824651, 0.0010221604025, 0.000367571599782, 0.000503313436639, 0.00081312074326, 0.000147270955495, 0.000215966399992, 0.000207660486922, 0.000349026784534, 0.00024630597909, 0.000380907324143, 0.000282953260466, 0.000211917431443, 0.000410043925513, 0.000391218083678, 0.000433244334999, 0.000385516032111, 0.000348913687048, 0.000271090772003, 0.000219940659008, 8.30424614833e-05, 2.46747094934e-06],
        "stdev": [0.000325884117046, 0.0108698643744, 0.00595640717074, 0.00548770418391, 0.00819988269359, 0.00136604649015, 0.0023985398002, 0.000665382365696, 0.00135218258947, 0.00198483048007, 0.000331516144797, 0.000425581936724, 0.000429703824921, 0.000884754408617, 0.000391776149627, 0.000595591787715, 0.000485849421239, 0.000328609254211, 0.000562144094147, 0.000580266641919, 0.000689174747095, 0.000516624946613, 0.00057253963314, 0.000398797885282, 0.000283386354567, 0.000105259634438, 3.93939353671e-06]
    },
    "erbbands": {
        "mean": [0.212551444769, 1.67079257965, 3.30786800385, 4.35924959183, 9.12910270691, 9.55183029175, 3.65488004684, 6.62498426437, 16.9732055664, 7.04373121262, 10.6382341385, 10.378288269, 20.222120285, 19.1146812439, 6.63538646698, 9.41936969757, 9.34746265411, 17.0755233765, 13.2127542496, 18.7865314484, 20.833770752, 13.8053684235, 11.315196991, 14.1494178772, 23.6854076385, 19.4514827728, 17.1849536896, 16.5123691559, 13.9969081879, 11.5147171021, 9.98028564453, 6.6975684166, 4.10981702805, 2.45163202286, 1.57812404633, 0.52236443758, 0.12096696347, 0.0143974144012, 0.000351550144842, 4.4161984988e-05],
        "stdev": [0.348350435495, 2.4281039238, 5.99575948715, 13.0537185669, 24.7558231354, 30.5295276642, 8.01305675507, 13.920334816, 39.5973587036, 14.2467441559, 20.7224617004, 28.6082077026, 48.646686554, 56.484046936, 11.1048231125, 18.4762687683, 19.3663673401, 41.6406517029, 27.1239833832, 28.9489974976, 29.9043922424, 24.7599468231, 15.5261268616, 21.1624984741, 33.846118927, 28.2136363983, 26.964548111, 24.5208644867, 18.716211319, 16.3967761993, 17.5194301605, 10.3812961578, 6.65387868881, 3.26315021515, 2.05577850342, 0.64650028944, 0.157517895103, 0.0203859619796, 0.000473082414828, 4.34812827734e-05]
    },
    "gfcc": {
        "mean": [-16.1755447388, 51.9881248474, -101.517753601, 54.4750328064, -58.4245681763, 23.9665260315, -37.112903595, 19.587562561, -21.4337997437, 10.8792638779, -18.8105010986, 2.69341731071, -8.74096488953],
        "cov": [[14924.6542969, -1082.38842773, 13.2013807297, -126.297080994, -333.052429199, 421.554626465, -237.282104492, 271.2421875, -486.463012695, 224.135543823, -621.589233398, 349.574188232, -369.329772949], [-1082.38842773, 1367.50195312, 131.381652832, -92.0657730103, 258.67288208, -163.529159546, 115.401634216, -65.4024276733, 80.8471221924, -152.682693481, 139.717880249, -131.227493286, 53.9621353149], [13.2013807297, 131.381652832, 774.162414551, 244.144592285, 245.852249146, 80.8104858398, 58.4309082031, 27.8343830109, -39.0030593872, -2.30521464348, -29.0488777161, 31.0213356018, -4.58950138092], [-126.297080994, -92.0657730103, 244.144592285, 444.630218506, 93.5352478027, 105.944007874, 38.6827201843, -0.906606912613, 38.6084403992, 2.88669967651, 29.6043891907, -29.7113494873, 30.353635788], [-333.052429199, 258.67288208, 245.852249146, 93.5352478027, 360.329406738, 125.186157227, 108.473007202, 16.316734314, 74.8022613525, 17.4557342529, -1.48008358479, -15.6178913116, 0.707595407963], [421.554626465, -163.529159546, 80.8104858398, 105.944007874, 125.186157227, 207.881881714, 68.4625320435, 47.5462379456, 43.5759277344, 68.4466400146, -29.8606548309, 11.7318611145, -8.65755176544], [-237.282104492, 115.401634216, 58.4309082031, 38.6827201843, 108.473007202, 68.4625320435, 143.197174072, 49.5781059265, 62.4877853394, 9.86397457123, 40.5991401672, -9.56188488007, 5.78481388092], [271.2421875, -65.4024276733, 27.8343830109, -0.906606912613, 16.316734314, 47.5462379456, 49.5781059265, 126.281578064, 32.3430786133, 41.9948310852, 1.73381006718, 52.5220451355, 6.19381332397], [-486.463012695, 80.8471221924, -39.0030593872, 38.6084403992, 74.8022613525, 43.5759277344, 62.4877853394, 32.3430786133, 127.619506836, 46.5194206238, 50.8881721497, -9.81419754028, 25.346408844], [224.135543823, -152.682693481, -2.30521464348, 2.88669967651, 17.4557342529, 68.4466400146, 9.86397457123, 41.9948310852, 46.5194206238, 104.715171814, 14.0747070312, 41.1959915161, -6.1480255127], [-621.589233398, 139.717880249, -29.0488777161, 29.6043891907, -1.48008358479, -29.8606548309, 40.5991401672, 1.73381006718, 50.8881721497, 14.0747070312, 130.236282349, 7.57068347931, 30.657283783], [349.574188232, -131.227493286, 31.0213356018, -29.7113494873, -15.6178913116, 11.7318611145, -9.56188488007, 52.5220451355, -9.81419754028, 41.1959915161, 7.57068347931, 120.122817993, 19.3952770233], [-369.329772949, 53.9621353149, -4.58950138092, 30.353635788, 0.707595407963, -8.65755176544, 5.78481388092, 6.19381332397, 25.346408844, -6.1480255127, 30.657283783, 19.3952770233, 71.8443603516]],
        "icov": [[0.000161028568982, -0.00031108953408, 0.000168111771927, -0.000285979796899, 0.0003658257192, -0.00041507955757, -4.17643168475e-05, -0.000144909849041, 0.000625078158919, -0.000588290800806, 0.000818350352347, -0.000689702574164, 0.000721375399735], [-0.00031108953408, 0.00269332691096, -0.000787734170444, 0.00169302418362, -0.00251355860382, 0.00211626500823, 0.000119058320706, -0.00011714471475, -0.00202999729663, 0.00360394548625, -0.00374275399372, 0.00321094156243, -0.00235264236107], [0.000168111771927, -0.000787734170444, 0.00282880151644, -0.00208530947566, -0.0012847884791, 0.000657830561977, -0.000897241989151, -0.000560139596928, 0.00347516988404, -0.00231262948364, 0.00194577767979, -0.00185727397911, 0.000977237592451], [-0.000285979796899, 0.00169302418362, -0.00208530947566, 0.005077640526, -0.000684597529471, -0.00178729009349, 0.00165605731308, 0.000128569838125, -0.00306600797921, 0.00431829039007, -0.00451513612643, 0.00367275276221, -0.00298689957708], [0.0003658257192, -0.00251355860382, -0.0012847884791, -0.000684597529471, 0.00861652195454, -0.00503093888983, -0.00202864455059, 0.00204484164715, -0.00224024918862, -0.00121535279322, 0.00435387855396, -0.0036299279891, 0.00308004370891], [-0.00041507955757, 0.00211626500823, 0.000657830561977, -0.00178729009349, -0.00503093888983, 0.0148355904967, -0.00564374541864, -9.48762681219e-05, 0.000662987411488, -0.00621874071658, 0.0024048499763, 0.00295156333596, -0.00321533950046], [-4.17643168475e-05, 0.000119058320706, -0.000897241989151, 0.00165605731308, -0.00202864455059, -0.00564374541864, 0.0165819562972, -0.0059775095433, -0.00458404514939, 0.00720516545698, -0.00690628355369, 0.00238119694404, 0.00199696002528], [-0.000144909849041, -0.00011714471475, -0.000560139596928, 0.000128569838125, 0.00204484164715, -9.48762681219e-05, -0.0059775095433, 0.0142821939662, -0.00337960827164, -0.00195908965543, 0.00286194542423, -0.00573107087985, -0.000178018381121], [0.000625078158919, -0.00202999729663, 0.00347516988404, -0.00306600797921, -0.00224024918862, 0.000662987411488, -0.00458404514939, -0.00337960827164, 0.0230466444045, -0.0139086078852, 0.00142930122092, 0.00219298759475, -0.00350507628173], [-0.000588290800806, 0.00360394548625, -0.00231262948364, 0.00431829039007, -0.00121535279322, -0.00621874071658, 0.00720516545698, -0.00195908965543, -0.0139086078852, 0.0286626312882, -0.0101738544181, -0.00166359532159, 0.00329817901365], [0.000818350352347, -0.00374275399372, 0.00194577767979, -0.00451513612643, 0.00435387855396, 0.0024048499763, -0.00690628355369, 0.00286194542423, 0.00142930122092, -0.0101738544181, 0.0203859675676, -0.00748928496614, 0.00155412615277], [-0.000689702574164, 0.00321094156243, -0.00185727397911, 0.00367275276221, -0.0036299279891, 0.00295156333596, 0.00238119694404, -0.00573107087985, 0.00219298759475, -0.00166359532159, -0.00748928496614, 0.0200082361698, -0.0100555475801], [0.000721375399735, -0.00235264236107, 0.000977237592451, -0.00298689957708, 0.00308004370891, -0.00321533950046, 0.00199696002528, -0.000178018381121, -0.00350507628173, 0.00329817901365, 0.00155412615277, -0.0100555475801, 0.0237257964909]]
    },
    "melbands": {
        "mean": [0.00201342790388, 0.0019359102007, 0.000905261491425, 0.000738736067433, 0.000169203558471, 0.000151697633555, 0.000244310125709, 6.98795847711e-05, 9.05574634089e-05, 6.44039391773e-05, 0.000104971208202, 8.5310311988e-05, 1.98136112886e-05, 2.58372019744e-05, 2.13510757021e-05, 2.10608777707e-05, 3.3794742194e-05, 2.23682436626e-05, 1.93758223759e-05, 2.91148535325e-05, 2.35092611547e-05, 1.55705074576e-05, 1.10001165012e-05, 9.17352826946e-06, 1.11959225251e-05, 1.63317872648e-05, 1.61905736604e-05, 1.22737819765e-05, 1.01564210127e-05, 1.08626682049e-05, 9.11958977667e-06, 7.78073717811e-06, 7.70241513237e-06, 5.84562849326e-06, 5.82502161706e-06, 5.10699601364e-06, 3.63324056707e-06, 2.79943947135e-06, 2.4230141662e-06, 1.97859753825e-06],
        "stdev": [0.00306750321761, 0.00283876340836, 0.00244083977304, 0.00213475897908, 0.000424227997428, 0.000309034337988, 0.000560940534342, 0.000138206611155, 0.00020114632207, 0.000171558116563, 0.000253348785918, 0.000247950811172, 3.82469697797e-05, 4.55727895314e-05, 5.78778999625e-05, 4.19629541284e-05, 8.79007202457e-05, 5.15490901307e-05, 3.08890266751e-05, 4.50181760243e-05, 3.46597553289e-05, 3.05473586195e-05, 1.56594414875e-05, 1.39049534482e-05, 1.7846485207e-05, 2.2779136998e-05, 2.4534194381e-05, 1.87875084521e-05, 1.5733176042e-05, 1.82495878107e-05, 1.32394043248e-05, 1.06390707515e-05, 1.15533384815e-05, 8.62069464347e-06, 1.09763841465e-05, 8.35517130326e-06, 5.53502286493e-06, 4.72001192975e-06, 3.43471447195e-06, 2.69720635515e-06]
    },
    "melbands128": {
        "mean": [0.000174891814822, 0.0015152801061, 0.00296214758419, 0.00267201173119, 0.00192119833082, 0.0011825588299, 0.000824338989332, 0.00085964234313, 0.000968717096839, 0.000864015775733, 0.000649790628813, 0.000185896380572, 9.56712319748e-05, 9.14288320928e-05, 0.000126603175886, 0.000176745379576, 0.000278554100078, 0.000308022572426, 0.000133144203573, 4.76533095934e-05, 4.51887899544e-05, 9.31671092985e-05, 9.41454127315e-05, 0.000105556035123, 5.37773048563e-05, 5.36092156835e-05, 7.73858773755e-05, 0.000106960163976, 0.000134789966978, 0.000120711869386, 6.28660200164e-05, 2.16070948227e-05, 1.7240352463e-05, 1.78268055606e-05, 1.90757746168e-05, 3.53670475306e-05, 2.18615205085e-05, 2.02588489628e-05, 2.17296546907e-05, 1.77620040631e-05, 2.0265348212e-05, 2.40652789216e-05, 3.87055624742e-05, 3.6770292354e-05, 2.65006510745e-05, 2.29388078878e-05, 1.25519900394e-05, 1.30194575831e-05, 2.42927198997e-05, 3.08192102239e-05, 2.75199727184e-05, 3.27135167026e-05, 2.00875711016e-05, 2.33264399867e-05, 2.46486197284e-05, 1.23444851852e-05, 1.0766613741e-05, 1.02205376606e-05, 1.22308938444e-05, 1.00754332379e-05, 8.17152704258e-06, 8.97057634575e-06, 1.0189492059e-05, 1.21028006106e-05, 1.27320408865e-05, 1.45493613672e-05, 1.9055827579e-05, 2.18499881157e-05, 1.29943009597e-05, 1.35280515678e-05, 1.41536829688e-05, 9.68408494373e-06, 1.04219343484e-05, 9.37353070185e-06, 1.05593471744e-05, 1.24173284348e-05, 1.02223084468e-05, 1.04661239675e-05, 8.62853630679e-06, 7.3878341027e-06, 9.48479646468e-06, 6.6242473622e-06, 7.46891646486e-06, 9.35773368838e-06, 5.69381745663e-06, 6.31772945781e-06, 5.72572889723e-06, 5.71931195736e-06, 5.48424304725e-06, 6.55159465168e-06, 5.09050460096e-06, 4.90707680001e-06, 4.59855982626e-06, 3.86883948522e-06, 2.94138203571e-06, 2.19870617002e-06, 3.18795855492e-06, 3.0910159694e-06, 2.37607537201e-06, 2.24533778237e-06, 1.67052360212e-06, 2.00875342671e-06, 2.08543178815e-06, 2.48746960096e-06, 1.90219475371e-06, 1.34668107421e-06, 1.37467054628e-06, 1.014940608e-06, 8.35898333662e-07, 7.50997571686e-07, 5.72348710648e-07, 4.39990600398e-07, 3.47009063262e-07, 2.61402362867e-07, 1.95822977389e-07, 1.37457689675e-07, 9.70964180169e-08, 1.13015969916e-08, 3.73277190407e-12, 3.46156198323e-12, 3.34581559507e-12, 3.2541378446e-12, 3.16974094541e-12, 3.10434338825e-12, 3.05003223199e-12, 3.01052759111e-12, 2.98170732896e-12, 2.95981576921e-12],
        "stdev": [0.000288375391392, 0.00267710164189, 0.00495609734207, 0.00404379377142, 0.00329066626728, 0.00295464158989, 0.00283606559969, 0.00275527243502, 0.00276183080859, 0.00271411472932, 0.00230387924239, 0.00056019925978, 0.000226490505156, 0.000268015312031, 0.000379499047995, 0.000366291234968, 0.000710058142431, 0.000845918082632, 0.000360969046596, 0.000133609471959, 0.000111698187538, 0.000187995028682, 0.000213748920942, 0.000402689271141, 0.000210083453567, 0.000157738584676, 0.000213391016587, 0.000338178069796, 0.000380520912586, 0.000380943180062, 0.000277270592051, 5.61377382837e-05, 3.58744291589e-05, 4.14004098275e-05, 4.199219984e-05, 7.25803984096e-05, 5.48169555259e-05, 8.47523333505e-05, 5.31436198798e-05, 4.20255200879e-05, 4.78169386042e-05, 5.12192964379e-05, 0.000115683018521, 0.000109889711894, 7.27672886569e-05, 6.95581402397e-05, 2.49576223723e-05, 2.41120542341e-05, 4.52322419733e-05, 5.88189359405e-05, 5.41313056601e-05, 5.35940198461e-05, 3.95254719479e-05, 4.14171117882e-05, 4.6654331527e-05, 4.65999873995e-05, 2.34049784922e-05, 1.42078397403e-05, 2.07489283639e-05, 1.59262490342e-05, 1.25711785586e-05, 1.83218471648e-05, 2.31743833865e-05, 2.17260621866e-05, 2.16107091546e-05, 2.18647219299e-05, 2.88482824544e-05, 3.87418949686e-05, 2.15225609281e-05, 2.29660308833e-05, 2.29971901717e-05, 1.71095289261e-05, 1.77281326614e-05, 1.63778113347e-05, 2.25391177082e-05, 2.43813265115e-05, 1.83200372703e-05, 1.97559184016e-05, 1.3731364561e-05, 1.11186391223e-05, 1.45302356032e-05, 9.91131400951e-06, 1.21684961414e-05, 1.71485498868e-05, 8.88420072442e-06, 9.3757189461e-06, 9.63863931247e-06, 1.23153977256e-05, 1.1398573406e-05, 1.2605873053e-05, 8.75618934515e-06, 8.25684583106e-06, 8.11509380583e-06, 5.98522638029e-06, 4.67704649054e-06, 3.12573342853e-06, 7.4467743616e-06, 5.91774096392e-06, 3.29749150296e-06, 3.38312111126e-06, 2.26265728998e-06, 2.92839490612e-06, 3.23313565787e-06, 4.37859171143e-06, 2.89054491986e-06, 1.7776256982e-06, 1.94613789972e-06, 1.30923342567e-06, 1.16491526114e-06, 1.14574197596e-06, 8.14169595742e-07, 6.19111347078e-07, 4.79846619328e-07, 4.09273212654e-07, 3.15727220368e-07, 2.08619923114e-07, 1.5293363731e-07, 2.11610924339e-08, 6.38632939934e-12, 6.07715136894e-12, 5.88501556514e-12, 5.72657069334e-12, 5.59008611969e-12, 5.4786405447e-12, 5.38550974649e-12, 5.31381969676e-12, 5.26184477934e-12, 5.22865604979e-12]
    },
    "mfcc": {
        "mean": [-656.770935059, 77.0313796997, 16.1537895203, 32.2112884521, 9.51888179779, 9.53013801575, 2.17699575424, 5.95611143112, 6.78041648865, 9.137591362, -0.183886989951, -0.299138307571, 4.48401355743],
        "cov": [[10568.2666016, -679.173278809, -36.5904273987, -229.909255981, -232.427993774, 142.752502441, -24.3444633484, 79.1410522461, 138.051345825, -198.988952637, -60.8983917236, 35.3250083923, -126.507019043], [-679.173278809, 1305.34106445, -22.5429725647, 33.365398407, 117.922599792, -82.3956985474, 66.4810714722, 40.4699859619, -26.5347423553, 12.5517225266, 36.2911758423, -72.1275558472, -3.56219315529], [-36.5904273987, -22.5429725647, 501.252960205, 236.150390625, 139.758041382, 78.0345611572, 93.7899932861, 28.1969871521, 37.9789276123, -41.9183807373, -35.8226661682, 31.9557170868, 28.8680534363], [-229.909255981, 33.365398407, 236.150390625, 285.553924561, 131.588882446, 67.5014724731, 62.6446838379, 45.8574371338, 17.4260215759, 12.051820755, -19.9109916687, 13.5229921341, 17.2859096527], [-232.427993774, 117.922599792, 139.758041382, 131.588882446, 237.368453979, 140.311813354, 70.573135376, 36.5062828064, 78.7578430176, 14.6249885559, 26.9285850525, 28.1832885742, 32.1685028076], [142.752502441, -82.3956985474, 78.0345611572, 67.5014724731, 140.311813354, 210.776367188, 68.253616333, 24.994436264, 75.7217178345, 42.827495575, 44.3337554932, 35.3232765198, 17.5823040009], [-24.3444633484, 66.4810714722, 93.7899932861, 62.6446838379, 70.573135376, 68.253616333, 115.926841736, 56.3103675842, 31.3980293274, 18.484003067, 25.1564922333, 15.8574438095, 9.69172763824], [79.1410522461, 40.4699859619, 28.1969871521, 45.8574371338, 36.5062828064, 24.994436264, 56.3103675842, 97.4179077148, 54.3160514832, 8.76629924774, 20.7635421753, 19.3731708527, 15.7078533173], [138.051345825, -26.5347423553, 37.9789276123, 17.4260215759, 78.7578430176, 75.7217178345, 31.3980293274, 54.3160514832, 131.139144897, 23.5314731598, 27.1813583374, 34.1365280151, 20.1837940216], [-198.988952637, 12.5517225266, -41.9183807373, 12.051820755, 14.6249885559, 42.827495575, 18.484003067, 8.76629924774, 23.5314731598, 130.270401001, 43.5862693787, -8.40823936462, 6.13500452042], [-60.8983917236, 36.2911758423, -35.8226661682, -19.9109916687, 26.9285850525, 44.3337554932, 25.1564922333, 20.7635421753, 27.1813583374, 43.5862693787, 107.211242676, 46.0870666504, 7.88357782364], [35.3250083923, -72.1275558472, 31.9557170868, 13.5229921341, 28.1832885742, 35.3232765198, 15.8574438095, 19.3731708527, 34.1365280151, -8.40823936462, 46.0870666504, 89.4074478149, 40.4780387878], [-126.507019043, -3.56219315529, 28.8680534363, 17.2859096527, 32.1685028076, 17.5823040009, 9.69172763824, 15.7078533173, 20.1837940216, 6.13500452042, 7.88357782364, 40.4780387878, 79.1868591309]],
        "icov": [[0.000116550043458, 8.53969413583e-06, -3.43474785041e-05, 7.7758457337e-05, 0.000260441272985, -0.000287677568849, 7.6606112998e-05, -0.000182029267307, -0.000128040890559, 0.000204276264412, 9.45062784012e-05, -5.30534489371e-05, 0.000201456117793], [8.53969413583e-06, 0.00116019020788, 0.000191399463802, 6.23529485893e-05, -0.00140642758925, 0.00144558004104, -0.000836685532704, -0.000102893791336, 0.000260641711066, 0.000233915605349, -0.00116622028872, 0.00162118324079, -0.000441524432972], [-3.43474785041e-05, 0.000191399463802, 0.00440060021356, -0.00337400869466, -0.000113522371976, 0.00060499261599, -0.00345836021006, 0.00298868771642, -0.00171886326279, 0.00189518381376, 0.00059648102615, -0.000233474042034, -0.000820548564661], [7.7758457337e-05, 6.23529485893e-05, -0.00337400869466, 0.00887429527938, -0.00412689009681, -0.000243497022893, 0.00205401005223, -0.0055958176963, 0.00442007137462, -0.003430895973, 0.0035578024108, -0.00269997282885, 0.0021741555538], [0.000260441272985, -0.00140642758925, -0.000113522371976, -0.00412689009681, 0.0132430717349, -0.00667361263186, -0.0010691229254, 0.00278996909037, -0.00530244596303, 0.00331395608373, -0.00165686628316, 0.00190500915051, -0.00273959408514], [-0.000287677568849, 0.00144558004104, 0.00060499261599, -0.000243497022893, -0.00667361263186, 0.0127316582948, -0.00501341000199, 0.00366301345639, -0.00239967927337, -0.00220333482139, -0.00211700098589, -2.83493518509e-05, 0.000216806889512], [7.6606112998e-05, -0.000836685532704, -0.00345836021006, 0.00205401005223, -0.0010691229254, -0.00501341000199, 0.0191308557987, -0.0114576313645, 0.00461063999683, -0.00214019487612, -0.000383511069231, -0.00100505747832, 0.00191850878764], [-0.000182029267307, -0.000102893791336, 0.00298868771642, -0.0055958176963, 0.00278996909037, 0.00366301345639, -0.0114576313645, 0.0233290921897, -0.0105026559904, 0.00308775878511, -0.00338706723414, 0.00211183424108, -0.00364003609866], [-0.000128040890559, 0.000260641711066, -0.00171886326279, 0.00442007137462, -0.00530244596303, -0.00239967927337, 0.00461063999683, -0.0105026559904, 0.0166383776814, -0.00402294099331, 0.00264139357023, -0.00465035019442, 0.00185974035412], [0.000204276264412, 0.000233915605349, 0.00189518381376, -0.003430895973, 0.00331395608373, -0.00220333482139, -0.00214019487612, 0.00308775878511, -0.00402294099331, 0.0133002996445, -0.00752107286826, 0.00804198998958, -0.00417978269979], [9.45062784012e-05, -0.00116622028872, 0.00059648102615, 0.0035578024108, -0.00165686628316, -0.00211700098589, -0.000383511069231, -0.00338706723414, 0.00264139357023, -0.00752107286826, 0.0210674926639, -0.0150815974921, 0.00648766942322], [-5.30534489371e-05, 0.00162118324079, -0.000233474042034, -0.00269997282885, 0.00190500915051, -2.83493518509e-05, -0.00100505747832, 0.00211183424108, -0.00465035019442, 0.00804198998958, -0.0150815974921, 0.0282209273428, -0.012762805447], [0.000201456117793, -0.000441524432972, -0.000820548564661, 0.0021741555538, -0.00273959408514, 0.000216806889512, 0.00191850878764, -0.00364003609866, 0.00185974035412, -0.00417978269979, 0.00648766942322, -0.012762805447, 0.0200347881764]]
    },
    "spectral_contrast_coeffs": {
        "mean": [-0.738538861275, -0.786587357521, -0.800262093544, -0.819067656994, -0.805118262768, -0.780162274837],
        "stdev": [0.0819929391146, 0.0688515678048, 0.0605976618826, 0.0382498987019, 0.034281976521, 0.0346567593515]
    },
    "spectral_contrast_valleys": {
        "mean": [-7.12173175812, -7.23555660248, -7.86489677429, -7.77850580215, -7.45003414154, -9.62593650818],
        "stdev": [1.49047100544, 1.40257823467, 1.42659842968, 1.4159245491, 1.41007018089, 1.51218664646]
    }
},
"rhythm": {
    "beats_count": 640,
    "beats_loudness": {
        "mean": 0.0471793934703,
        "stdev": 0.0265299212188
    },
    "bpm": 135.01991272,
    "bpm_histogram_first_peak_bpm": 136,
    "bpm_histogram_first_peak_weight": 0.284144461155,
    "bpm_histogram_second_peak_bpm": 129,
    "bpm_histogram_second_peak_spread": 0,
    "bpm_histogram_second_peak_weight": 0.0015649452107,
    "danceability": 1.28721475601,
    "onset_rate": 5.96282482147,
    "beats_loudness_band_ratio": {
        "mean": [0.528648495674, 0.0941593497992, 0.0968829244375, 0.0938651934266, 0.0956768393517, 0.124011419713],
        "stdev": [0.309274286032, 0.134403333068, 0.0850714370608, 0.0815312340856, 0.0895300731063, 0.109914623201]
    },
    "beats_position": [0.383129239082, 0.801088392735, 1.23065757751, 1.67183673382, 2.11301589012, 2.55419492722, 2.99537420273, 3.43655323982, 3.87773227692, 4.31891155243, 4.76009082794, 5.20126962662, 5.64244890213, 6.09523820877, 6.54802703857, 6.98920631409, 7.4303855896, 7.87156438828, 8.31274318695, 8.75392246246, 9.19510173798, 9.63628101349, 10.077460289, 10.5302495956, 10.9830379486, 11.4242172241, 11.8653964996, 12.3065757751, 12.7477550507, 13.2005443573, 13.6417226791, 14.0945119858, 14.5356912613, 14.9768705368, 15.4180498123, 15.8592290878, 16.3004074097, 16.7531967163, 17.2059860229, 17.6471652985, 18.088344574, 18.5295238495, 18.970703125, 19.4118824005, 19.8646717072, 20.3174591064, 20.758638382, 21.1998176575, 21.640996933, 22.0821762085, 22.523355484, 22.9761447906, 23.4289340973, 23.8701133728, 24.3112926483, 24.7524719238, 25.1936511993, 25.6464385986, 26.0876178741, 26.5404071808, 26.9815864563, 27.4227657318, 27.8639450073, 28.3051242828, 28.7579135895, 29.2107028961, 29.6518821716, 30.0930614471, 30.5342407227, 30.9754180908, 31.4165973663, 31.869386673, 32.3105659485, 32.7633552551, 33.204536438, 33.6457138062, 34.0868911743, 34.5280723572, 34.9692497253, 35.422039032, 35.8748283386, 36.3160095215, 36.7571868896, 37.1983680725, 37.6395454407, 38.0807266235, 38.5335159302, 38.9863014221, 39.427482605, 39.8686599731, 40.309841156, 40.7626304626, 41.2154197693, 41.6565971375, 42.0977783203, 42.5389556885, 42.9801368713, 43.4213142395, 43.8624954224, 44.3152809143, 44.7564620972, 45.2092514038, 45.650428772, 46.0916099548, 46.532787323, 46.9739685059, 47.415145874, 47.8679351807, 48.3207244873, 48.7619056702, 49.2030830383, 49.6442604065, 50.0854415894, 50.5266189575, 50.9678001404, 51.420589447, 51.8617668152, 52.3145561218, 52.7557373047, 53.1969146729, 53.6380958557, 54.0908851624, 54.5320625305, 54.9848518372, 55.4260292053, 55.8672103882, 56.3083877563, 56.761177063, 57.2023582458, 57.643535614, 58.0847167969, 58.525894165, 58.9786834717, 59.4198646545, 59.8610420227, 60.3138313293, 60.766620636, 61.2077980042, 61.648979187, 62.0901565552, 62.531337738, 62.9725151062, 63.4136962891, 63.8664855957, 64.3192749023, 64.7604522705, 65.2016296387, 65.6428070068, 66.0955963135, 66.5483856201, 66.9895706177, 67.4307479858, 67.871925354, 68.3131027222, 68.7542877197, 69.1954650879, 69.6366424561, 70.0894317627, 70.5306091309, 70.9833984375, 71.4245758057, 71.8657608032, 72.3069381714, 72.759727478, 73.2125167847, 73.6536941528, 74.094871521, 74.5360565186, 74.9772338867, 75.4300231934, 75.8828125, 76.3239898682, 76.7651672363, 77.2063446045, 77.6475296021, 78.0887069702, 78.5298843384, 78.982673645, 79.4354629517, 79.8766403198, 80.3178253174, 80.7590026855, 81.2117919922, 81.6645812988, 82.105758667, 82.5469360352, 82.9881134033, 83.4292984009, 83.870475769, 84.3116531372, 84.7644424438, 85.2172317505, 85.6584091187, 86.0995864868, 86.5407714844, 86.9819488525, 87.4347381592, 87.8875274658, 88.328704834, 88.7698822021, 89.2110671997, 89.6522445679, 90.093421936, 90.5345993042, 90.9757843018, 91.428565979, 91.8813552856, 92.3225402832, 92.7637176514, 93.2048950195, 93.6460723877, 94.0988616943, 94.551651001, 94.9928359985, 95.4340133667, 95.8751907349, 96.316368103, 96.7575454712, 97.1987304688, 97.6399078369, 98.0926971436, 98.5454864502, 98.9866638184, 99.4278411865, 99.8690261841, 100.310203552, 100.75138092, 101.204170227, 101.656959534, 102.098136902, 102.53931427, 102.980499268, 103.421676636, 103.874465942, 104.315643311, 104.768432617, 105.209609985, 105.650794983, 106.091972351, 106.533149719, 106.974327087, 107.415504456, 107.856689453, 108.30947876, 108.762268066, 109.203445435, 109.644622803, 110.085800171, 110.526985168, 110.979774475, 111.432563782, 111.87374115, 112.314918518, 112.756095886, 113.197273254, 113.638458252, 114.07963562, 114.520812988, 114.961990356, 115.414779663, 115.86756897, 116.308753967, 116.749931335, 117.202720642, 117.64389801, 118.096687317, 118.537864685, 118.979042053, 119.420227051, 119.873016357, 120.314193726, 120.755371094, 121.196548462, 121.649337769, 122.090522766, 122.531700134, 122.972877502, 123.425666809, 123.878456116, 124.319633484, 124.760810852, 125.20199585, 125.643173218, 126.084350586, 126.525527954, 126.978317261, 127.431106567, 127.872291565, 128.313461304, 128.754638672, 129.195831299, 129.637008667, 130.089797974, 130.54258728, 130.983764648, 131.424942017, 131.866119385, 132.307296753, 132.748474121, 133.201263428, 133.654052734, 134.095230103, 134.536407471, 134.977600098, 135.418777466, 135.859954834, 136.301132202, 136.753921509, 137.206710815, 137.647888184, 138.089065552, 138.53024292, 138.971420288, 139.424209595, 139.865386963, 140.31817627, 140.759368896, 141.200546265, 141.641723633, 142.082901001, 142.524078369, 142.976867676, 143.418045044, 143.870834351, 144.312011719, 144.753189087, 145.194366455, 145.647155762, 146.088348389, 146.541137695, 146.982315063, 147.423492432, 147.8646698, 148.305847168, 148.758636475, 149.211425781, 149.652603149, 150.093780518, 150.534957886, 150.976135254, 151.428924561, 151.881713867, 152.322906494, 152.764083862, 153.20526123, 153.646438599, 154.087615967, 154.528793335, 154.981582642, 155.434371948, 155.875549316, 156.316726685, 156.757904053, 157.210693359, 157.663482666, 158.104675293, 158.545852661, 158.987030029, 159.428207397, 159.869384766, 160.322174072, 160.774963379, 161.216140747, 161.657318115, 162.098495483, 162.539672852, 162.980865479, 163.433654785, 163.886444092, 164.32762146, 164.768798828, 165.209976196, 165.651153564, 166.092330933, 166.533508301, 166.974685669, 167.415863037, 167.857055664, 168.298233032, 168.751022339, 169.192199707, 169.644989014, 170.086166382, 170.52734375, 170.968521118, 171.409698486, 171.850875854, 172.303665161, 172.744842529, 173.197631836, 173.638824463, 174.080001831, 174.521179199, 174.962356567, 175.415145874, 175.867935181, 176.309112549, 176.750289917, 177.191467285, 177.632644653, 178.073822021, 178.526611328, 178.979400635, 179.420593262, 179.86177063, 180.302947998, 180.744125366, 181.185302734, 181.626480103, 182.079269409, 182.532058716, 182.973236084, 183.414413452, 183.85559082, 184.296783447, 184.749572754, 185.190750122, 185.643539429, 186.084716797, 186.525894165, 186.967071533, 187.408248901, 187.861038208, 188.313827515, 188.755004883, 189.196182251, 189.637359619, 190.078552246, 190.519729614, 190.960906982, 191.413696289, 191.866485596, 192.307662964, 192.748840332, 193.1900177, 193.642807007, 194.095596313, 194.536773682, 194.97795105, 195.419128418, 195.860321045, 196.313110352, 196.75428772, 197.207077026, 197.648254395, 198.089431763, 198.530609131, 198.971786499, 199.412963867, 199.865753174, 200.306930542, 200.759719849, 201.200897217, 201.642089844, 202.083267212, 202.52444458, 202.977233887, 203.430023193, 203.871200562, 204.31237793, 204.753555298, 205.194732666, 205.635910034, 206.088699341, 206.541488647, 206.982666016, 207.423858643, 207.865036011, 208.306213379, 208.747390747, 209.188568115, 209.641357422, 210.094146729, 210.535324097, 210.976501465, 211.417678833, 211.858856201, 212.311645508, 212.764434814, 213.205612183, 213.64680481, 214.087982178, 214.529159546, 214.970336914, 215.411514282, 215.864303589, 216.305480957, 216.758270264, 217.199447632, 217.640625, 218.081817627, 218.534591675, 218.975784302, 219.428573608, 219.869750977, 220.310928345, 220.752105713, 221.193283081, 221.634460449, 222.087249756, 222.540039062, 222.981216431, 223.422393799, 223.863571167, 224.304763794, 224.745941162, 225.18711853, 225.639907837, 226.092697144, 226.533874512, 226.97505188, 227.416229248, 227.857406616, 228.310195923, 228.751373291, 229.204162598, 229.645339966, 230.086532593, 230.527709961, 230.968887329, 231.410064697, 231.862854004, 232.304031372, 232.756820679, 233.197998047, 233.639175415, 234.080352783, 234.521530151, 234.974319458, 235.415512085, 235.856689453, 236.30947876, 236.750656128, 237.191833496, 237.633010864, 238.085800171, 238.538589478, 238.979766846, 239.420944214, 239.862121582, 240.314910889, 240.767700195, 241.208877563, 241.65007019, 242.091247559, 242.532424927, 242.985214233, 243.43800354, 243.879180908, 244.320358276, 244.761535645, 245.202713013, 245.643890381, 246.085067749, 246.537857056, 246.990646362, 247.431838989, 247.873016357, 248.314193726, 248.755371094, 249.196548462, 249.63772583, 250.090515137, 250.543304443, 250.984481812, 251.42565918, 251.866836548, 252.308029175, 252.749206543, 253.190383911, 253.631561279, 254.072738647, 254.513916016, 254.966705322, 255.419494629, 255.860671997, 256.301849365, 256.743041992, 257.184204102, 257.636993408, 258.089782715, 258.530975342, 258.972137451, 259.413330078, 259.854522705, 260.295684814, 260.736877441, 261.189666748, 261.642456055, 262.083618164, 262.524810791, 262.9659729, 263.407165527, 263.848327637, 264.301116943, 264.75390625, 265.195098877, 265.636291504, 266.077453613, 266.51864624, 266.95980835, 267.412597656, 267.865386963, 268.30657959, 268.747741699, 269.188934326, 269.630096436, 270.082885742, 270.535675049, 270.976867676, 271.418029785, 271.859222412, 272.300415039, 272.741577148, 273.182769775, 273.623931885, 274.076721191, 274.529510498, 274.970703125, 275.411865234, 275.853057861, 276.294250488, 276.747009277, 277.199798584, 277.640991211, 278.082183838, 278.523345947, 278.964538574, 279.405700684, 279.85848999, 280.311279297, 280.752471924, 281.193634033, 281.64642334, 282.099212646, 282.552001953, 283.00479126, 283.457580566, 283.910369873, 284.374786377],
    "bpm_histogram": [0, 0, 0, 0, 0, 0, 0, 0, 0, 0, 0, 0, 0, 0, 0, 0, 0, 0, 0, 0, 0, 0, 0, 0, 0, 0, 0, 0, 0, 0, 0, 0, 0, 0, 0, 0, 0, 0, 0, 0, 0, 0, 0, 0, 0, 0, 0, 0, 0, 0, 0, 0, 0, 0, 0, 0, 0, 0, 0, 0, 0, 0, 0, 0, 0, 0, 0, 0, 0, 0, 0, 0, 0, 0, 0, 0, 0, 0, 0, 0, 0, 0, 0, 0, 0, 0, 0, 0, 0, 0, 0, 0, 0, 0, 0, 0, 0, 0, 0, 0, 0, 0, 0, 0, 0, 0, 0, 0, 0, 0, 0, 0, 0, 0, 0, 0, 0, 0, 0, 0, 0, 0, 0, 0, 0, 0, 0, 0, 0, 0.0015649452107, 0, 0, 0, 0.281690150499, 0, 0, 0.713615000248, 0, 0, 0, 0.0015649452107, 0, 0, 0, 0.0015649452107, 0, 0, 0, 0, 0, 0, 0, 0, 0, 0, 0, 0, 0, 0, 0, 0, 0, 0, 0, 0, 0, 0, 0, 0, 0, 0, 0, 0, 0, 0, 0, 0, 0, 0, 0, 0, 0, 0, 0, 0, 0, 0, 0, 0, 0, 0, 0, 0, 0, 0, 0, 0, 0, 0, 0, 0, 0, 0, 0, 0, 0, 0, 0, 0, 0, 0, 0, 0, 0, 0, 0, 0, 0, 0, 0, 0, 0, 0, 0, 0, 0, 0, 0, 0, 0, 0, 0, 0, 0, 0, 0, 0, 0, 0, 0, 0, 0, 0, 0, 0, 0, 0, 0, 0, 0]
},
"tonal": {
    "chords_changes_rate": 0.125631421804,
    "chords_number_rate": 0.0021182987839,
    "chords_strength": {
        "mean": 0.473780572414,
        "stdev": 0.103006385267
    },
    "hpcp_crest": {
        "mean": 10.6880102158,
        "stdev": 4.90801715851
    },
    "hpcp_entropy": {
        "mean": 2.46352696419,
        "stdev": 0.752286672592
    },
    "key_edma": {
        "strength": 0.259670466185,
        "key": "G",
        "scale": "minor"
    },
    "key_krumhansl": {
        "strength": 0.251988112926,
        "key": "A#",
        "scale": "major"
    },
    "key_temperley": {
        "strength": 0.266676962376,
        "key": "A#",
        "scale": "major"
    },
    "tuning_diatonic_strength": 0.506506562233,
    "tuning_equal_tempered_deviation": 0.219629392028,
    "tuning_frequency": 434.695007324,
    "tuning_nontempered_energy_ratio": 0.889582157135,
    "hpcp": {
        "mean": [0.232474520802, 0.177463307977, 0.146163776517, 0.174927592278, 0.214157283306, 0.203035607934, 0.170408546925, 0.138521328568, 0.0982516035438, 0.0828312933445, 0.0799897909164, 0.0709825605154, 0.0686813816428, 0.0765096992254, 0.0925056487322, 0.113017961383, 0.102706685662, 0.0781056433916, 0.0644930377603, 0.0601994991302, 0.0748953446746, 0.0661745369434, 0.0527707338333, 0.0862113982439, 0.155674785376, 0.159066185355, 0.119355805218, 0.0976324677467, 0.0940522029996, 0.162775576115, 0.224830269814, 0.190705791116, 0.16356164217, 0.165685415268, 0.160430729389, 0.211556687951],
        "stdev": [0.309035539627, 0.269914537668, 0.252700895071, 0.282135426998, 0.324323475361, 0.30278223753, 0.288973927498, 0.265021681786, 0.200548991561, 0.171636402607, 0.16066403687, 0.152427583933, 0.144327715039, 0.168797895312, 0.183554798365, 0.20131380856, 0.183745011687, 0.150532692671, 0.14068903029, 0.127204790711, 0.157729849219, 0.146872892976, 0.120286896825, 0.165341943502, 0.278858453035, 0.271638691425, 0.205756217241, 0.178277015686, 0.17488335073, 0.252536535263, 0.320141077042, 0.28155836463, 0.249802142382, 0.259629279375, 0.244018569589, 0.29137596488]
    },
