{
"metadata": {
    "version": {
        "essentia": "2.1-dev",
        "essentia_git_sha": "v2.1_beta3-415-gd5473f3",
        "extractor": "music 2.0"
    },
    "audio_properties": {
        "analysis": {
            "equal_loudness": 0,
            "length": 523.702880859,
            "sample_rate": 44100,
            "start_time": 0,
            "downmix": "mix"
        },
        "bit_rate": 192000,
        "length": 523.702880859,
        "lossless": 0,
        "number_channels": 2,
        "replay_gain": -5.363904953,
        "sample_rate": 44100,
        "codec": "mp3",
        "md5_encoded": "da7641c45e4d80c4cf06ff76517c7ca1"
    },
    "tags": {
        "file_name": "a_fee_and_jack_walrath.mp3"
    }
},
"lowlevel": {
    "average_loudness": 0.785058557987,
    "barkbands_crest": {
        "mean": 9.00580501556,
        "stdev": 4.02330732346
    },
    "barkbands_flatness_db": {
        "mean": 0.142102837563,
        "stdev": 0.0415218807757
    },
    "barkbands_kurtosis": {
        "mean": 4.85662889481,
        "stdev": 56.6574325562
    },
    "barkbands_skewness": {
        "mean": 1.06467413902,
        "stdev": 1.95310592651
    },
    "barkbands_spread": {
        "mean": 21.6895942688,
        "stdev": 9.76030635834
    },
    "dissonance": {
        "mean": 0.467923492193,
        "stdev": 0.0256206952035
    },
    "dynamic_complexity": 3.40686249733,
    "erbbands_crest": {
        "mean": 8.55182361603,
        "stdev": 3.9957883358
    },
    "erbbands_flatness_db": {
        "mean": 0.17957611382,
        "stdev": 0.0483726859093
    },
    "erbbands_kurtosis": {
        "mean": 0.460334926844,
        "stdev": 2.87008523941
    },
    "erbbands_skewness": {
        "mean": -0.0871453210711,
        "stdev": 0.705308139324
    },
    "erbbands_spread": {
        "mean": 31.7821083069,
        "stdev": 17.0384635925
    },
    "hfc": {
        "mean": 17.275346756,
        "stdev": 19.1023311615
    },
    "loudness_ebu128": {
        "integrated": -19.2427654266,
        "loudness_range": 5.56747055054,
        "momentary": {
            "mean": -20.5943508148,
            "stdev": 5.43336343765
        },
        "short_term": {
            "mean": -19.9830112457,
            "stdev": 3.47526168823
        }
    },
    "melbands_crest": {
        "mean": 12.6264324188,
        "stdev": 5.33042287827
    },
    "melbands_flatness_db": {
        "mean": 0.193597435951,
        "stdev": 0.0537675619125
    },
    "melbands_kurtosis": {
        "mean": 12.1471185684,
        "stdev": 82.7580337524
    },
    "melbands_skewness": {
        "mean": 2.04586648941,
        "stdev": 2.35696721077
    },
    "melbands_spread": {
        "mean": 28.9570503235,
        "stdev": 17.4143867493
    },
    "pitch_salience": {
        "mean": 0.572054743767,
        "stdev": 0.115598395467
    },
    "silence_rate_20dB": {
        "mean": 1,
        "stdev": 0
    },
    "silence_rate_30dB": {
        "mean": 0.997650206089,
        "stdev": 0.0484134852886
    },
    "silence_rate_60dB": {
        "mean": 0.0682332068682,
        "stdev": 0.252135336399
    },
    "spectral_centroid": {
        "mean": 1487.88256836,
        "stdev": 575.520629883
    },
    "spectral_complexity": {
        "mean": 16.0041675568,
        "stdev": 7.89568710327
    },
    "spectral_decrease": {
        "mean": -4.98974550567e-09,
        "stdev": 4.50858239631e-09
    },
    "spectral_energy": {
        "mean": 0.0203995388001,
        "stdev": 0.0182565525174
    },
    "spectral_energyband_high": {
        "mean": 0.000246117939241,
        "stdev": 0.000300551706459
    },
    "spectral_energyband_low": {
        "mean": 0.00625630514696,
        "stdev": 0.0103719383478
    },
    "spectral_energyband_middle_high": {
        "mean": 0.00708859600127,
        "stdev": 0.0100474292412
    },
    "spectral_energyband_middle_low": {
        "mean": 0.00744096841663,
        "stdev": 0.00759876705706
    },
    "spectral_entropy": {
        "mean": 7.38654947281,
        "stdev": 0.358847558498
    },
    "spectral_flux": {
        "mean": 0.0729545354843,
        "stdev": 0.0429696701467
    },
    "spectral_kurtosis": {
        "mean": 5.3634519577,
        "stdev": 3.12302708626
    },
    "spectral_rms": {
        "mean": 0.00406451942399,
        "stdev": 0.00183890655171
    },
    "spectral_rolloff": {
        "mean": 1515.16784668,
        "stdev": 908.303039551
    },
    "spectral_skewness": {
        "mean": 1.53435194492,
        "stdev": 0.386857956648
    },
    "spectral_spread": {
        "mean": 3551288.5,
        "stdev": 1056238
    },
    "spectral_strongpeak": {
        "mean": 1.27969563007,
        "stdev": 2.02521634102
    },
    "zerocrossingrate": {
        "mean": 0.0542607866228,
        "stdev": 0.0204796325415
    },
    "barkbands": {
        "mean": [0.000181185154361, 0.00425022607669, 0.00129767239559, 0.00136817444582, 0.00239229388535, 0.000974577269517, 0.000677145493682, 0.000682707759552, 0.00115310377441, 0.000435719557572, 0.00074626528658, 0.000918047095183, 0.000950569461565, 0.000739204930142, 0.00081955170026, 0.000919110025279, 0.000670622917823, 0.000564305344597, 0.000335368444212, 0.000139301264426, 6.95220223861e-05, 4.10917782574e-05, 3.36064767907e-05, 2.67484556389e-05, 9.95482787403e-06, 3.31635146722e-06, 1.08567626e-07],
        "stdev": [0.000358455028618, 0.00909742619842, 0.00171985698398, 0.00227141263895, 0.00362758245319, 0.00155329587869, 0.000969187938608, 0.00112853420433, 0.00198029959574, 0.001345038414, 0.00190322182607, 0.00361040816642, 0.00358956563286, 0.00221158121713, 0.00219117524102, 0.00212409906089, 0.00126730813645, 0.00102402304765, 0.000519792025443, 0.000208296391065, 9.08948277356e-05, 5.65512709727e-05, 5.0490245485e-05, 4.86515018565e-05, 2.00763952307e-05, 7.69254165789e-06, 5.16555530794e-07]
    },
    "erbbands": {
        "mean": [0.154186680913, 0.831589281559, 1.45717549324, 3.10737752914, 8.23490524292, 6.68630933762, 5.68408870697, 9.32263755798, 9.74788665771, 11.6077203751, 17.1678714752, 28.3370018005, 17.5068893433, 15.7147102356, 33.2610816956, 38.9848709106, 44.5359573364, 37.5688056946, 43.9049263, 47.6107063293, 42.4563446045, 37.8549118042, 34.8103485107, 21.3461227417, 13.3043756485, 6.21722269058, 3.30219125748, 2.58156394958, 1.54571449757, 1.16935539246, 0.949610352516, 0.716518700123, 0.335232764482, 0.140772357583, 0.0594808459282, 0.0218295268714, 0.0044280574657, 0.000527498952579, 2.9380151318e-05, 2.53696161963e-05],
        "stdev": [0.350221127272, 1.72303497791, 1.88477027416, 4.30588722229, 15.1576652527, 9.13416481018, 8.50241374969, 16.5724239349, 13.534330368, 15.9473543167, 28.5632743835, 50.0704231262, 49.9963531494, 38.3229141235, 87.265838623, 145.540603638, 157.059677124, 83.356628418, 107.793434143, 104.051269531, 87.0063323975, 67.9976882935, 65.0797576904, 33.261089325, 19.6589393616, 9.12494277954, 4.30611562729, 3.48525643349, 2.13269925117, 1.62777459621, 1.44107890129, 1.28988468647, 0.618271410465, 0.27900788188, 0.125402957201, 0.0509446933866, 0.00990565307438, 0.00123997044284, 0.000102494457678, 2.29598299484e-05]
    },
    "gfcc": {
        "mean": [-30.7251586914, 112.142417908, -141.608932495, 41.5704040527, -49.242401123, 12.0815010071, -38.3014945984, 9.45593070984, -17.927280426, -2.52687931061, -8.77159976959, -4.39832305908, -11.4422712326],
        "cov": [[7066.5234375, 59.8673973083, -308.788299561, -36.6224327087, 13.0578985214, 143.715988159, -234.481140137, 4.90597724915, -156.0574646, -4.82470941544, -143.804595947, -14.9987030029, -66.3013687134], [59.8673973083, 778.139770508, 67.4172744751, -89.3176498413, 60.3122711182, -92.8655166626, 92.4898147583, -41.8431587219, 66.424446106, -66.1522521973, 48.2912445068, -77.5290603638, 34.0784301758], [-308.788299561, 67.4172744751, 1106.20581055, 193.079940796, -166.419708252, 90.896156311, -6.51727724075, 90.3079299927, -55.044506073, 43.2308387756, -68.3375854492, 42.0667915344, -90.3250274658], [-36.6224327087, -89.3176498413, 193.079940796, 322.784637451, 24.4935493469, 26.3333892822, 19.1501235962, 30.7671890259, 16.6457424164, 1.88573253155, 7.34155464172, 6.91133642197, -5.84772396088], [13.0578985214, 60.3122711182, -166.419708252, 24.4935493469, 289.197174072, 43.6175460815, 51.7890663147, 22.7191429138, 49.7485313416, 19.1629543304, 42.659160614, 6.97237873077, 32.3473625183], [143.715988159, -92.8655166626, 90.896156311, 26.3333892822, 43.6175460815, 146.301300049, 33.15625, 12.8869352341, -1.87052881718, 32.9913787842, -7.10522508621, 22.5480480194, -1.10243344307], [-234.481140137, 92.4898147583, -6.51727724075, 19.1501235962, 51.7890663147, 33.15625, 128.071075439, 28.5195865631, 48.2983016968, 9.36818885803, 25.1344947815, -6.8609995842, 23.6406402588], [4.90597724915, -41.8431587219, 90.3079299927, 30.7671890259, 22.7191429138, 12.8869352341, 28.5195865631, 117.615623474, 33.578578949, 22.4624271393, -0.307579249144, 15.7608623505, -3.29435706139], [-156.0574646, 66.424446106, -55.044506073, 16.6457424164, 49.7485313416, -1.87052881718, 48.2983016968, 33.578578949, 93.937538147, 22.1802043915, 26.437335968, -11.4102621078, 20.6790809631], [-4.82470941544, -66.1522521973, 43.2308387756, 1.88573253155, 19.1629543304, 32.9913787842, 9.36818885803, 22.4624271393, 22.1802043915, 78.1996307373, 23.4250679016, 20.6229763031, -9.38324928284], [-143.804595947, 48.2912445068, -68.3375854492, 7.34155464172, 42.659160614, -7.10522508621, 25.1344947815, -0.307579249144, 26.437335968, 23.4250679016, 85.3054199219, 22.8671016693, 12.9147043228], [-14.9987030029, -77.5290603638, 42.0667915344, 6.91133642197, 6.97237873077, 22.5480480194, -6.8609995842, 15.7608623505, -11.4102621078, 20.6229763031, 22.8671016693, 73.8408203125, 19.8838424683], [-66.3013687134, 34.0784301758, -90.3250274658, -5.84772396088, 32.3473625183, -1.10243344307, 23.6406402588, -3.29435706139, 20.6790809631, -9.38324928284, 12.9147043228, 19.8838424683, 75.4155807495]],
        "icov": [[0.000224738614634, -0.000473293242976, 0.000407434476074, -0.000326460809447, 0.000185159457033, -0.000653582741506, 0.000648533576168, -0.000530476274434, 0.000573383353185, -0.000533759477548, 0.000677611795254, -0.000353499461198, 0.000312204705551], [-0.000473293242976, 0.00433331914246, -0.00260483659804, 0.00255163107067, -0.0017317684833, 0.00337345711887, -0.00292338430882, 0.00296340323985, -0.0030806560535, 0.00432622106746, -0.00455882307142, 0.00431008590385, -0.00243091839366], [0.000407434476074, -0.00260483659804, 0.00321315950714, -0.00241356552579, 0.00189628696535, -0.0027554652188, 0.00147372065112, -0.00275074131787, 0.00256286258809, -0.00318746082485, 0.00391972111538, -0.00358870113268, 0.00293635041453], [-0.000326460809447, 0.00255163107067, -0.00241356552579, 0.00525404047221, -0.00157679256517, 0.00170509237796, -0.00159308325965, 0.00156106217764, -0.00274971942417, 0.00372647191398, -0.00364289805293, 0.00271733547561, -0.00152950594202], [0.000185159457033, -0.0017317684833, 0.00189628696535, -0.00157679256517, 0.00554197188467, -0.00317274266854, 0.000762833398767, -0.00214857119136, 0.000376233627321, -0.00177276716568, 0.000372972455807, -0.00138558249455, 0.000315521698212], [-0.000653582741506, 0.00337345711887, -0.0027554652188, 0.00170509237796, -0.00317274266854, 0.0131638851017, -0.00629443116486, 0.00401182752103, -0.00115260784514, -0.000706341408659, -7.59458198445e-05, 6.17211408098e-05, -0.00134041951969], [0.000648533576168, -0.00292338430882, 0.00147372065112, -0.00159308325965, 0.000762833398767, -0.00629443116486, 0.0148186637089, -0.00448011187837, -0.00121106009465, -0.0012983699562, -0.000590534531511, 0.00140518380795, -0.00182626512833], [-0.000530476274434, 0.00296340323985, -0.00275074131787, 0.00156106217764, -0.00214857119136, 0.00401182752103, -0.00448011187837, 0.0143688172102, -0.00735218264163, 0.00189008016605, 3.78201111744e-05, -0.00197123526596, 0.000797704036813], [0.000573383353185, -0.0030806560535, 0.00256286258809, -0.00274971942417, 0.000376233627321, -0.00115260784514, -0.00121106009465, -0.00735218264163, 0.0223779454827, -0.00928489584476, 2.98433096759e-05, 0.00453346827999, -0.00385896768421], [-0.000533759477548, 0.00432622106746, -0.00318746082485, 0.00372647191398, -0.00177276716568, -0.000706341408659, -0.0012983699562, 0.00189008016605, -0.00928489584476, 0.0241469014436, -0.00905773136765, -0.000276444916381, 0.00246109440923], [0.000677611795254, -0.00455882307142, 0.00391972111538, -0.00364289805293, 0.000372972455807, -7.59458198445e-05, -0.000590534531511, 3.78201111744e-05, 2.98433096759e-05, -0.00905773136765, 0.0240313522518, -0.0129385804757, 0.00525448424742], [-0.000353499461198, 0.00431008590385, -0.00358870113268, 0.00271733547561, -0.00138558249455, 6.17211408098e-05, 0.00140518380795, -0.00197123526596, 0.00453346827999, -0.000276444916381, -0.0129385804757, 0.0287102684379, -0.0129087064415], [0.000312204705551, -0.00243091839366, 0.00293635041453, -0.00152950594202, 0.000315521698212, -0.00134041951969, -0.00182626512833, 0.000797704036813, -0.00385896768421, 0.00246109440923, 0.00525448424742, -0.0129087064415, 0.0223514661193]]
    },
    "melbands": {
        "mean": [0.00127370143309, 0.000877259357367, 0.000717362971045, 0.000569807714783, 0.000213068036828, 0.000202726194402, 0.000148667939357, 0.000131946799229, 0.00014442281099, 0.000180812887265, 8.28292540973e-05, 5.80996202189e-05, 9.86914892565e-05, 9.18466903386e-05, 0.000113306858111, 9.83373829513e-05, 6.6366745159e-05, 6.89307998982e-05, 6.46971311653e-05, 7.77134191594e-05, 4.02384030167e-05, 4.10253560403e-05, 3.42935163644e-05, 2.47760453931e-05, 1.66855079442e-05, 1.19962860481e-05, 6.16229499428e-06, 3.70164821106e-06, 2.13894168155e-06, 1.66119411915e-06, 1.41057091696e-06, 9.04558646653e-07, 6.94897892117e-07, 6.24858387255e-07, 5.19771617746e-07, 5.31951172889e-07, 4.14328383158e-07, 2.53622829405e-07, 1.48676051026e-07, 1.09676321358e-07],
        "stdev": [0.00282977172174, 0.00123990490101, 0.00103989406489, 0.000901179329958, 0.000286964321276, 0.000337992940331, 0.000202738796361, 0.000181710289326, 0.000248137541348, 0.0003312335175, 0.000248957192525, 0.000149976302055, 0.000251091987593, 0.00023564179719, 0.000639417790808, 0.000441730255261, 0.000161351825227, 0.000210835336475, 0.000211736449273, 0.000183925556485, 9.02415558812e-05, 8.40439097374e-05, 6.56161282677e-05, 4.68643847853e-05, 2.91694486805e-05, 1.92338957277e-05, 1.00917905002e-05, 6.15311319052e-06, 2.8558113172e-06, 2.565504019e-06, 1.95389543478e-06, 1.33012645165e-06, 9.96800622488e-07, 9.25854749312e-07, 7.80736854722e-07, 9.14714007649e-07, 8.02943191047e-07, 4.71674496794e-07, 2.87800304477e-07, 2.33568030694e-07]
    },
    "melbands128": {
        "mean": [0.000174644432263, 0.00124725745991, 0.00182812998537, 0.00118346314412, 0.000755574554205, 0.000628168170806, 0.00055082666222, 0.000771004706621, 0.000962708669249, 0.000605886336416, 0.000354230869561, 0.000237598753301, 0.000178815156687, 0.000165684235981, 0.000234844716033, 0.000201600851142, 0.000163743199664, 0.000138502786285, 0.000149640574818, 0.000113526788482, 0.000148638602695, 0.000127936786157, 0.000150925014168, 0.000165560180903, 0.00017426055274, 0.00024055353424, 6.25979009783e-05, 8.94179174793e-05, 6.56563133816e-05, 4.14742098656e-05, 6.5600121161e-05, 7.24017154425e-05, 7.18620722182e-05, 0.000174407483428, 6.95659982739e-05, 7.53378189984e-05, 9.49988607317e-05, 0.000172489322722, 6.62893944536e-05, 8.23474474601e-05, 0.000159342991537, 3.85863168049e-05, 5.89930314163e-05, 8.10994097264e-05, 7.59231115808e-05, 7.00159289408e-05, 5.54923753953e-05, 8.60594664118e-05, 5.61562155781e-05, 3.5943248804e-05, 0.000114678339742, 8.28053816804e-05, 2.90901607514e-05, 3.10788418574e-05, 3.90775276173e-05, 4.88127079734e-05, 3.37718156516e-05, 3.0928367778e-05, 3.51958624378e-05, 4.25896541856e-05, 1.97812205442e-05, 1.5593437638e-05, 2.0758356186e-05, 1.51159820234e-05, 1.42410708577e-05, 1.3566051166e-05, 9.26691063796e-06, 7.70189217292e-06, 5.58302463105e-06, 3.73691000277e-06, 3.74896671929e-06, 4.09484118791e-06, 2.32066554418e-06, 1.68467124695e-06, 1.9024824951e-06, 1.69591760368e-06, 1.48329718286e-06, 1.7888455659e-06, 1.41808038734e-06, 1.06829577362e-06, 9.12326413527e-07, 9.26464394979e-07, 6.21118886102e-07, 7.05717127403e-07, 7.39039307973e-07, 6.11289692642e-07, 6.26005373761e-07, 5.17136584222e-07, 4.37262372088e-07, 5.6736780607e-07, 6.7904397838e-07, 4.44167255864e-07, 4.61148658815e-07, 4.4316561798e-07, 3.75029486577e-07, 2.92879633434e-07, 2.19629043841e-07, 2.12982598669e-07, 1.3992364245e-07, 1.30914870056e-07, 1.09904505052e-07, 1.24414967217e-07, 7.87693039683e-08, 7.04056404288e-08, 6.63482921937e-08, 6.52531184642e-08, 4.30379110128e-08, 4.4673846844e-08, 3.93884427297e-08, 3.17342632172e-08, 1.99788416921e-08, 1.67732299161e-08, 1.15019593849e-08, 8.79384209895e-09, 7.01523417135e-09, 5.46366907272e-09, 3.17314485798e-09, 4.86077345041e-10, 1.49373721725e-10, 1.66557670433e-10, 2.42523917615e-10, 2.31265492867e-10, 1.3520132236e-10, 6.23710666448e-11, 2.30146093155e-11, 1.41030086914e-11, 6.83547272604e-12, 2.82123890222e-12],
        "stdev": [0.000350839225575, 0.00283604441211, 0.00437807105482, 0.00233355071396, 0.00108005991206, 0.000830849225167, 0.000848865311127, 0.00136867736001, 0.00198965752497, 0.00112938764505, 0.000619587139226, 0.000393727736082, 0.000331026734784, 0.000391349109123, 0.000552408455405, 0.000353156297933, 0.000326594337821, 0.000236812527874, 0.000309987342916, 0.000208218043554, 0.000285577989416, 0.000278581515886, 0.000352744304109, 0.000396466930397, 0.000388024636777, 0.000533292186446, 0.000323283689795, 0.000443062162958, 0.000191512925085, 0.000168832761119, 0.000224420480663, 0.00031404782203, 0.000235257408349, 0.000610414659604, 0.000277147308225, 0.000354749208782, 0.000374314171495, 0.00139161921106, 0.000328059570165, 0.000332325085765, 0.000931758782826, 0.000151620100951, 0.000185642624274, 0.000316746998578, 0.000402564386604, 0.000263376306975, 0.000209254256333, 0.000367491855286, 0.00025537100737, 0.0001583633275, 0.000333482108545, 0.000265681446763, 0.00014883892436, 0.000111201014079, 0.000130349275423, 0.000144489720697, 9.51422771323e-05, 0.000101285520941, 0.000105234081275, 0.000120960095956, 6.71224333928e-05, 3.67790453311e-05, 5.08851517225e-05, 4.28190251114e-05, 3.61606180377e-05, 2.88528008241e-05, 2.41645630012e-05, 1.83648007805e-05, 1.29386726258e-05, 1.0459083569e-05, 9.10064136406e-06, 9.37487675401e-06, 4.61086756331e-06, 2.74350395557e-06, 3.45098351318e-06, 4.32146362073e-06, 3.23281528836e-06, 3.10901918965e-06, 2.33767423197e-06, 1.86335171293e-06, 1.57671888701e-06, 1.62114622526e-06, 1.19118385555e-06, 1.27991370391e-06, 1.18794071113e-06, 1.0875062344e-06, 1.07861819743e-06, 8.49049570206e-07, 7.61247235914e-07, 9.72034627011e-07, 1.32223203764e-06, 8.95709376891e-07, 9.10569269763e-07, 1.07858204501e-06, 8.00970212822e-07, 5.93994400333e-07, 4.41481830649e-07, 4.72080188274e-07, 3.02364810523e-07, 2.68361532108e-07, 2.42259801553e-07, 3.1975699244e-07, 1.8139058966e-07, 1.68214938867e-07, 1.4498321832e-07, 1.5384027563e-07, 1.0509501891e-07, 1.17534888489e-07, 1.05355418611e-07, 8.01224757652e-08, 4.56612951893e-08, 4.12630569713e-08, 2.75238036807e-08, 2.11573230047e-08, 1.75868866137e-08, 1.37568099134e-08, 8.92591867085e-09, 2.43815123646e-09, 3.22159876553e-09, 2.71381561667e-09, 4.71375294353e-09, 4.67897542933e-09, 2.66171795715e-09, 1.36029554287e-09, 5.72140168575e-10, 4.16243622903e-10, 1.69679492679e-10, 5.11334811298e-12]
    },
    "mfcc": {
        "mean": [-662.895080566, 129.243743896, -19.5821151733, 30.1681537628, 9.64037799835, 2.95298099518, -2.1444606781, 7.71710062027, -5.48870801926, 3.72751355171, 1.2772680521, 3.59353876114, -2.67484998703],
        "cov": [[5330.72998047, 240.269180298, -499.109283447, -59.3628463745, 80.3695983887, 49.3318977356, -51.3512954712, -26.0668010712, -34.2488136292, 4.85966062546, -86.0244140625, -25.4439792633, -60.7909126282], [240.269180298, 891.626403809, 13.438949585, -27.7999629974, -24.4717597961, -38.6578063965, 8.51818180084, 5.45440864563, 3.11185574532, 22.48346138, 11.4293575287, -10.9883966446, -3.27970671654], [-499.109283447, 13.438949585, 976.99786377, 93.2481384277, -26.1028003693, 30.140920639, 23.1641387939, 40.6750602722, -0.674205839634, 9.68525791168, 48.1549987793, -18.1046104431, -53.8918380737], [-59.3628463745, -27.7999629974, 93.2481384277, 249.783935547, 63.7095489502, 9.55417442322, 16.697687149, 38.0231018066, 14.961979866, 18.6375484467, 23.1002616882, 20.8917160034, 9.41125202179], [80.3695983887, -24.4717597961, -26.1028003693, 63.7095489502, 164.88117981, 33.7483177185, 31.0295715332, 24.8690872192, 15.4795417786, 12.6940574646, 10.5581684113, 15.8692979813, 25.9765872955], [49.3318977356, -38.6578063965, 30.140920639, 9.55417442322, 33.7483177185, 136.700393677, 43.3017501831, 5.24840164185, 14.6180238724, 5.68266248703, 3.94036388397, 10.486872673, 7.31300640106], [-51.3512954712, 8.51818180084, 23.1641387939, 16.697687149, 31.0295715332, 43.3017501831, 83.8074188232, 32.2353897095, 15.0228452682, 12.375535965, 12.1689558029, 11.1287584305, 14.7828159332], [-26.0668010712, 5.45440864563, 40.6750602722, 38.0231018066, 24.8690872192, 5.24840164185, 32.2353897095, 77.5648269653, 33.2794837952, 14.2020521164, 11.1302661896, 4.24536752701, 8.8549823761], [-34.2488136292, 3.11185574532, -0.674205839634, 14.961979866, 15.4795417786, 14.6180238724, 15.0228452682, 33.2794837952, 86.1688766479, 39.224067688, 6.21909618378, 0.096057459712, -1.3714492321], [4.85966062546, 22.48346138, 9.68525791168, 18.6375484467, 12.6940574646, 5.68266248703, 12.375535965, 14.2020521164, 39.224067688, 78.0252838135, 37.9492111206, 3.54212808609, -10.0648651123], [-86.0244140625, 11.4293575287, 48.1549987793, 23.1002616882, 10.5581684113, 3.94036388397, 12.1689558029, 11.1302661896, 6.21909618378, 37.9492111206, 81.1095581055, 35.8630447388, -0.992255926132], [-25.4439792633, -10.9883966446, -18.1046104431, 20.8917160034, 15.8692979813, 10.486872673, 11.1287584305, 4.24536752701, 0.096057459712, 3.54212808609, 35.8630447388, 76.5787887573, 40.7181167603], [-60.7909126282, -3.27970671654, -53.8918380737, 9.41125202179, 25.9765872955, 7.31300640106, 14.7828159332, 8.8549823761, -1.3714492321, -10.0648651123, -0.992255926132, 40.7181167603, 86.1112518311]],
        "icov": [[0.000218225206481, -7.42006086512e-05, 0.000110978762677, 3.44163709087e-05, -0.000154420296894, -0.000182400879567, 0.000226565054618, -0.000180438466487, 0.000262685265625, -0.000246462703217, 0.000397150579374, -0.000252519617788, 0.000358016695827], [-7.42006086512e-05, 0.00118862104136, -6.17854238953e-05, 0.000120952558063, 0.000183097436093, 0.000461393530713, -0.000413585192291, 5.29798744537e-05, -6.56390920994e-06, -0.000293843302643, -0.000249321223237, 0.000335653719958, -0.00028390152147], [0.000110978762677, -6.17854238953e-05, 0.00126192590687, -0.000455993518699, 0.000340962782502, -0.00046260713134, 2.36370442508e-06, -0.000671170069836, 0.000308886053972, 0.000378952419851, -0.000810562632978, 0.000442541495431, 0.000751250074245], [3.44163709087e-05, 0.000120952558063, -0.000455993518699, 0.00501299602911, -0.00177723949309, 0.000164559256518, 0.000581617117859, -0.00193820474669, 0.000466006691568, -0.000883683795109, 0.000239004308241, -0.00133975129575, 0.000357656739652], [-0.000154420296894, 0.000183097436093, 0.000340962782502, -0.00177723949309, 0.00787917245179, -0.00120483234059, -0.00139061675873, -0.000765796401538, -0.000275772006717, -0.000292712327791, -0.000753211090341, 0.00078423548257, -0.00206958642229], [-0.000182400879567, 0.000461393530713, -0.00046260713134, 0.000164559256518, -0.00120483234059, 0.00974515546113, -0.00542377494276, 0.00275760935619, -0.00199227989651, 0.00064715067856, 0.000347975641489, -0.000920326914638, 0.000247784453677], [0.000226565054618, -0.000413585192291, 2.36370442508e-06, 0.000581617117859, -0.00139061675873, -0.00542377494276, 0.0183982159942, -0.00710486853495, 0.00154327170458, -0.00182865664829, -0.000329405709635, -0.000363743689377, -0.0014865725534], [-0.000180438466487, 5.29798744537e-05, -0.000671170069836, -0.00193820474669, -0.000765796401538, 0.00275760935619, -0.00710486853495, 0.0205255784094, -0.00786285940558, 0.00278109079227, -0.00278821540996, 0.00232981680892, -0.00216170144267], [0.000262685265625, -6.56390920994e-06, 0.000308886053972, 0.000466006691568, -0.000275772006717, -0.00199227989651, 0.00154327170458, -0.00786285940558, 0.0194181557745, -0.011015964672, 0.00561912776902, -0.00224984972738, 0.00127387419343], [-0.000246462703217, -0.000293843302643, 0.000378952419851, -0.000883683795109, -0.000292712327791, 0.00064715067856, -0.00182865664829, 0.00278109079227, -0.011015964672, 0.0246743895113, -0.0133088259026, 0.00524363201112, 0.000285558693577], [0.000397150579374, -0.000249321223237, -0.000810562632978, 0.000239004308241, -0.000753211090341, 0.000347975641489, -0.000329405709635, -0.00278821540996, 0.00561912776902, -0.0133088259026, 0.0260647777468, -0.0146624660119, 0.00604589283466], [-0.000252519617788, 0.000335653719958, 0.000442541495431, -0.00133975129575, 0.00078423548257, -0.000920326914638, -0.000363743689377, 0.00232981680892, -0.00224984972738, 0.00524363201112, -0.0146624660119, 0.0264920219779, -0.0121964309365], [0.000358016695827, -0.00028390152147, 0.000751250074245, 0.000357656739652, -0.00206958642229, 0.000247784453677, -0.0014865725534, -0.00216170144267, 0.00127387419343, 0.000285558693577, 0.00604589283466, -0.0121964309365, 0.0192571301013]]
    },
    "spectral_contrast_coeffs": {
        "mean": [-0.732006251812, -0.761299610138, -0.732848107815, -0.741719901562, -0.749421536922, -0.762720704079],
        "stdev": [0.0759914368391, 0.0684183463454, 0.0813854262233, 0.0795918405056, 0.0599628053606, 0.0329873487353]
    },
    "spectral_contrast_valleys": {
        "mean": [-6.86106443405, -6.87113523483, -7.81527423859, -7.93786144257, -7.90644311905, -10.8477344513],
        "stdev": [0.994439482689, 0.960015892982, 0.927051007748, 0.886532485485, 0.806899309158, 0.92335242033]
    }
},
"rhythm": {
    "beats_count": 944,
    "beats_loudness": {
        "mean": 0.0309875793755,
        "stdev": 0.0198178309947
    },
    "bpm": 108.30770874,
    "bpm_histogram_first_peak_bpm": 108,
    "bpm_histogram_first_peak_weight": 0.54360806942,
    "bpm_histogram_second_peak_bpm": 115,
    "bpm_histogram_second_peak_spread": 0.177777767181,
    "bpm_histogram_second_peak_weight": 0.0392364785075,
    "danceability": 1.29324781895,
    "onset_rate": 3.99454307556,
    "beats_loudness_band_ratio": {
        "mean": [0.426124483347, 0.154171705246, 0.146344512701, 0.14597569406, 0.153058305383, 0.0312288049608],
        "stdev": [0.247209236026, 0.118396185338, 0.111753210425, 0.125184342265, 0.144477814436, 0.027314234525]
    },
