{
"metadata": {
    "version": {
        "essentia": "2.1-dev",
        "essentia_git_sha": "v2.1_beta3-415-gd5473f3",
        "extractor": "music 2.0"
    },
    "audio_properties": {
        "analysis": {
            "equal_loudness": 0,
            "length": 342.961639404,
            "sample_rate": 44100,
            "start_time": 0,
            "downmix": "mix"
        },
        "bit_rate": 192000,
        "length": 342.961639404,
        "lossless": 0,
        "number_channels": 2,
        "replay_gain": -5.57949638367,
        "sample_rate": 44100,
        "codec": "mp3",
        "md5_encoded": "1292004c78c811eaf931f7ce4260bcc2"
    },
    "tags": {
        "file_name": "antoine_herve-my_foolish_heart_just.mp3",
        "album": ["Summertime "],
        "artist": ["Antoine Hervé"],
        "date": ["2002"],
        "genre": ["Jazz"],
        "title": ["my foolish heart (victor young"]
    }
},
"lowlevel": {
    "average_loudness": 0.524281859398,
    "barkbands_crest": {
        "mean": 13.9817800522,
        "stdev": 5.30065345764
    },
    "barkbands_flatness_db": {
        "mean": 0.229379206896,
        "stdev": 0.0708011910319
    },
    "barkbands_kurtosis": {
        "mean": 15.8557519913,
        "stdev": 30.876203537
    },
    "barkbands_skewness": {
        "mean": 2.2009871006,
        "stdev": 2.19156146049
    },
    "barkbands_spread": {
        "mean": 10.0052042007,
        "stdev": 11.3552103043
    },
    "dissonance": {
        "mean": 0.419396340847,
        "stdev": 0.0556987337768
    },
    "dynamic_complexity": 6.44761991501,
    "erbbands_crest": {
        "mean": 15.0220546722,
        "stdev": 7.45569753647
    },
    "erbbands_flatness_db": {
        "mean": 0.209792226553,
        "stdev": 0.0772355571389
    },
    "erbbands_kurtosis": {
        "mean": 6.9131937027,
        "stdev": 12.9981012344
    },
    "erbbands_skewness": {
        "mean": 1.41831088066,
        "stdev": 1.40509927273
    },
    "erbbands_spread": {
        "mean": 28.4684677124,
        "stdev": 27.0468730927
    },
    "hfc": {
        "mean": 9.23491954803,
        "stdev": 14.6669569016
    },
    "loudness_ebu128": {
        "integrated": -18.1754322052,
        "loudness_range": 7.51678276062,
        "momentary": {
            "mean": -21.7617473602,
            "stdev": 8.09991168976
        },
        "short_term": {
            "mean": -20.218290329,
            "stdev": 6.16553020477
        }
    },
    "melbands_crest": {
        "mean": 17.738986969,
        "stdev": 6.14850282669
    },
    "melbands_flatness_db": {
        "mean": 0.30872374773,
        "stdev": 0.0827671661973
    },
    "melbands_kurtosis": {
        "mean": 28.6170654297,
        "stdev": 51.3609428406
    },
    "melbands_skewness": {
        "mean": 2.70832872391,
        "stdev": 2.80096721649
    },
    "melbands_spread": {
        "mean": 10.4596014023,
        "stdev": 12.4643526077
    },
    "pitch_salience": {
        "mean": 0.443217426538,
        "stdev": 0.136195600033
    },
    "silence_rate_20dB": {
        "mean": 1,
        "stdev": 0
    },
    "silence_rate_30dB": {
        "mean": 0.986596286297,
        "stdev": 0.115004241467
    },
    "silence_rate_60dB": {
        "mean": 0.215949088335,
        "stdev": 0.411478489637
    },
    "spectral_centroid": {
        "mean": 727.969604492,
        "stdev": 523.059143066
    },
    "spectral_complexity": {
        "mean": 7.33969688416,
        "stdev": 4.32438230515
    },
    "spectral_decrease": {
        "mean": -5.0578341515e-09,
        "stdev": 6.31957819408e-09
    },
    "spectral_energy": {
        "mean": 0.0199271123856,
        "stdev": 0.0249450709671
    },
    "spectral_energyband_high": {
        "mean": 0.000106446954305,
        "stdev": 0.000277954997728
    },
    "spectral_energyband_low": {
        "mean": 0.00696530286223,
        "stdev": 0.0127791278064
    },
    "spectral_energyband_middle_high": {
        "mean": 0.00242550647818,
        "stdev": 0.0081156687811
    },
    "spectral_energyband_middle_low": {
        "mean": 0.0108926258981,
        "stdev": 0.0183634404093
    },
    "spectral_entropy": {
        "mean": 6.8355512619,
        "stdev": 0.712564766407
    },
    "spectral_flux": {
        "mean": 0.0444163605571,
        "stdev": 0.0430315434933
    },
    "spectral_kurtosis": {
        "mean": 10.7563276291,
        "stdev": 18.5432090759
    },
    "spectral_rms": {
        "mean": 0.00369713990949,
        "stdev": 0.00240254960954
    },
    "spectral_rolloff": {
        "mean": 694.131286621,
        "stdev": 1035.61022949
    },
    "spectral_skewness": {
        "mean": 2.25226259232,
        "stdev": 1.40433168411
    },
    "spectral_spread": {
        "mean": 4350115.5,
        "stdev": 1888433
    },
    "spectral_strongpeak": {
        "mean": 1.20533382893,
        "stdev": 1.74672782421
    },
    "zerocrossingrate": {
        "mean": 0.033419366926,
        "stdev": 0.0302226562053
    },
    "barkbands": {
        "mean": [0.00027460543788, 0.00446512782946, 0.00188250467181, 0.000710476364475, 0.00102279207204, 0.00134638056625, 0.0024040483404, 0.00373209966347, 0.00143824156839, 0.000735117995646, 0.000727985228878, 0.000527940574102, 0.000184453121619, 8.95790581126e-05, 8.93648102647e-05, 8.8136359409e-05, 4.80409398733e-05, 2.18420991587e-05, 2.04469324672e-05, 2.45799019467e-05, 2.87933362415e-05, 2.71596909442e-05, 1.41431391967e-05, 8.58114253788e-06, 6.92621870257e-06, 6.31894181424e-06, 1.46290108205e-06],
        "stdev": [0.00127277092542, 0.010349130258, 0.0037304777652, 0.00132032320835, 0.0017205706099, 0.00292584835552, 0.00801315065473, 0.0139384642243, 0.00488502299413, 0.00349909532815, 0.00409051869065, 0.00491262925789, 0.00156583019998, 0.000386030442314, 0.000710084277671, 0.000594715122133, 0.000172170548467, 7.41482945159e-05, 5.43878886674e-05, 5.79469124204e-05, 6.90797533025e-05, 7.24954370526e-05, 4.39759278379e-05, 3.01980908262e-05, 2.56691200775e-05, 3.06842885038e-05, 1.11673934953e-05]
    },
    "erbbands": {
        "mean": [0.122349604964, 1.02326023579, 2.26885080338, 2.30041027069, 2.41906929016, 3.59544301033, 8.91168785095, 10.9793081284, 24.5295772552, 49.1420669556, 85.1896896362, 40.6297569275, 22.3317718506, 33.2870407104, 19.3790168762, 24.7545051575, 10.8377962112, 5.52962112427, 4.65250778198, 4.48046350479, 4.20093727112, 2.30669403076, 1.57589697838, 1.0897153616, 1.01730072498, 1.02455770969, 1.17325592041, 1.19521796703, 1.06813025475, 0.555288732052, 0.369389533997, 0.227126091719, 0.128906726837, 0.0838241130114, 0.0456330776215, 0.024284215644, 0.0120468381792, 0.00341546256095, 0.00023080909159, 2.66745191766e-05],
        "stdev": [0.35469776392, 2.20849204063, 4.32822275162, 4.1629076004, 4.25993156433, 6.93783855438, 20.2408103943, 26.712223053, 68.739112854, 148.162841797, 345.560821533, 124.599365234, 80.7483978271, 174.642410278, 95.0765609741, 239.69581604, 80.8439254761, 26.084690094, 28.461889267, 26.6878585815, 22.2204627991, 8.49398994446, 5.36379861832, 3.32279253006, 2.41029238701, 2.3529176712, 2.75310254097, 2.94010329247, 2.9340493679, 1.42749726772, 1.20420694351, 0.8536927104, 0.436461120844, 0.292197167873, 0.184866055846, 0.108296409249, 0.0607223398983, 0.0207437817007, 0.00181991560385, 4.33913955931e-05]
    },
    "gfcc": {
        "mean": [-114.581962585, 122.184410095, -88.0618667603, 27.1560573578, -67.349861145, 6.57275676727, -25.4584293365, 4.14312458038, -14.9119052887, 5.59610891342, -16.6913394928, -1.75291740894, -9.51900482178],
        "cov": [[12832.5380859, -267.944549561, -1815.49365234, -181.628601074, 38.8831748962, 126.819488525, 288.005889893, -21.0555877686, 134.999099731, 133.350143433, -101.632652283, 145.98399353, -79.7441329956], [-267.944549561, 1922.49060059, -187.084487915, -672.857910156, 126.847396851, -157.899414062, 131.51473999, -99.1683807373, 234.311752319, -164.7368927, 161.089126587, -170.220977783, 162.122589111], [-1815.49365234, -187.084487915, 1209.09655762, 485.727111816, 5.78013706207, 66.4304275513, -17.0810527802, 62.171005249, -88.9158248901, 99.4487533569, 29.133058548, 55.0486373901, -31.5267620087], [-181.628601074, -672.857910156, 485.727111816, 877.712768555, 105.531074524, 119.638320923, 25.5496711731, 42.4733314514, -93.4481811523, 91.628074646, -0.454235583544, 106.179382324, -27.4438209534], [38.8831748962, 126.847396851, 5.78013706207, 105.531074524, 285.114776611, 94.9116439819, 86.633605957, 9.71035766602, 50.2932090759, -22.3212146759, 40.4960098267, 14.717871666, 41.4868087769], [126.819488525, -157.899414062, 66.4304275513, 119.638320923, 94.9116439819, 208.331268311, 86.5451812744, 21.6071052551, -59.5679512024, -3.31716513634, -7.41490793228, 55.0456886292, 23.4841442108], [288.005889893, 131.51473999, -17.0810527802, 25.5496711731, 86.633605957, 86.5451812744, 197.897354126, 67.8992156982, 57.5174407959, -27.2582492828, 9.48331832886, -6.08974504471, 36.3486785889], [-21.0555877686, -99.1683807373, 62.171005249, 42.4733314514, 9.71035766602, 21.6071052551, 67.8992156982, 159.902923584, 88.5331878662, 29.498632431, -35.0191230774, -15.2890548706, -2.54878258705], [134.999099731, 234.311752319, -88.9158248901, -93.4481811523, 50.2932090759, -59.5679512024, 57.5174407959, 88.5331878662, 222.523712158, 58.8309669495, 23.3574104309, -67.3706893921, 4.55645227432], [133.350143433, -164.7368927, 99.4487533569, 91.628074646, -22.3212146759, -3.31716513634, -27.2582492828, 29.498632431, 58.8309669495, 159.280532837, 58.0843963623, 28.703420639, -47.9957313538], [-101.632652283, 161.089126587, 29.133058548, -0.454235583544, 40.4960098267, -7.41490793228, 9.48331832886, -35.0191230774, 23.3574104309, 58.0843963623, 146.814437866, 58.2175254822, 17.8224182129], [145.98399353, -170.220977783, 55.0486373901, 106.179382324, 14.717871666, 55.0456886292, -6.08974504471, -15.2890548706, -67.3706893921, 28.703420639, 58.2175254822, 151.296966553, 57.4698867798], [-79.7441329956, 162.122589111, -31.5267620087, -27.4438209534, 41.4868087769, 23.4841442108, 36.3486785889, -2.54878258705, 4.55645227432, -47.9957313538, 17.8224182129, 57.4698867798, 136.587921143]],
        "icov": [[0.00013936580217, -0.00013789976947, 0.000275236321613, -8.7192223873e-05, -1.37549513965e-05, 6.29685237072e-05, -0.000349345995346, 0.000136957372888, 5.56515915378e-05, -0.000493377621751, 0.000642727361992, -0.000625104294159, 0.000383855658583], [-0.00013789976947, 0.00215157633647, -0.000879477534909, 0.00113525474444, -0.000195970045752, 0.000381587917218, -0.000533664482646, 0.00151750014629, -0.00165726162959, 0.00242838286795, -0.00345626100898, 0.00313348369673, -0.00240380875766], [0.000275236321613, -0.000879477534909, 0.00194074760657, -0.00106368248817, 4.255971362e-05, 3.59229707101e-05, -0.00019190365856, -0.00124975957442, 0.00176837993786, -0.00225912826136, 0.00137802178506, -0.000997068127617, 0.000834349659272], [-8.7192223873e-05, 0.00113525474444, -0.00106368248817, 0.00262476876378, -0.00134150427766, 0.000724278157577, -0.00094093644293, 0.000568590709008, 0.000391134351958, -0.000362084218068, -0.000522589252796, 0.000573386729229, -0.000885927176569], [-1.37549513965e-05, -0.000195970045752, 4.255971362e-05, -0.00134150427766, 0.00660146726295, -0.00408089859411, 0.000643996871077, 0.00133352028206, -0.0045579043217, 0.00402813591063, -0.00234257010743, -0.000378238473786, 0.000547207077034], [6.29685237072e-05, 0.000381587917218, 3.59229707101e-05, 0.000724278157577, -0.00408089859411, 0.0111814355478, -0.005667808, -0.000871489522979, 0.00627482496202, -0.00484314793721, 0.00297120306641, -0.00107708852738, -0.00129890907556], [-0.000349345995346, -0.000533664482646, -0.00019190365856, -0.00094093644293, 0.000643996871077, -0.005667808, 0.0116700585932, -0.00434121955186, -0.00299963075668, 0.00530376564711, -0.00421581743285, 0.00197911052965, -0.000530496705323], [0.000136957372888, 0.00151750014629, -0.00124975957442, 0.000568590709008, 0.00133352028206, -0.000871489522979, -0.00434121955186, 0.0147179355845, -0.00873516686261, 0.0010037641041, 0.00406344700605, -0.00271658110432, 0.000536181614734], [5.56515915378e-05, -0.00165726162959, 0.00176837993786, 0.000391134351958, -0.0045579043217, 0.00627482496202, -0.00299963075668, -0.00873516686261, 0.0194008592516, -0.0126240132377, 0.000992587534711, 0.00672603817657, -0.0046155420132], [-0.000493377621751, 0.00242838286795, -0.00225912826136, -0.000362084218068, 0.00402813591063, -0.00484314793721, 0.00530376564711, 0.0010037641041, -0.0126240132377, 0.0223314799368, -0.0108124418184, -0.00154394691344, 0.00478056399152], [0.000642727361992, -0.00345626100898, 0.00137802178506, -0.000522589252796, -0.00234257010743, 0.00297120306641, -0.00421581743285, 0.00406344700605, 0.000992587534711, -0.0108124418184, 0.0214402489364, -0.0128624774516, 0.00487096235156], [-0.000625104294159, 0.00313348369673, -0.000997068127617, 0.000573386729229, -0.000378238473786, -0.00107708852738, 0.00197911052965, -0.00271658110432, 0.00672603817657, -0.00154394691344, -0.0128624774516, 0.0244278479367, -0.0138431405649], [0.000383855658583, -0.00240380875766, 0.000834349659272, -0.000885927176569, 0.000547207077034, -0.00129890907556, -0.000530496705323, 0.000536181614734, -0.0046155420132, 0.00478056399152, 0.00487096235156, -0.0138431405649, 0.0176442619413]]
    },
    "melbands": {
        "mean": [0.00120282371063, 0.00127679796424, 0.000414995098254, 0.000203229297767, 0.000275867409073, 0.000236598702031, 0.000436487083789, 0.000574987439904, 0.00064611871494, 0.000228359305765, 0.000104186066892, 0.000131424312713, 7.17533475836e-05, 5.46793016838e-05, 5.18789493071e-05, 1.60573345056e-05, 9.6630792541e-06, 6.86044859322e-06, 6.82779091221e-06, 7.57811039875e-06, 4.09786480304e-06, 2.71094063464e-06, 1.53575354034e-06, 1.03343256797e-06, 9.16235364912e-07, 6.06256492119e-07, 8.5021497398e-07, 6.35722471998e-07, 7.92649643699e-07, 6.51279094654e-07, 7.00396185493e-07, 6.72810131164e-07, 3.88310752442e-07, 2.81855420781e-07, 2.10934800293e-07, 1.92890851736e-07, 1.16741361467e-07, 8.70799041763e-08, 8.29144326531e-08, 6.65999806415e-08],
        "stdev": [0.00305791734718, 0.00225333194248, 0.000668530759867, 0.000357958488166, 0.000584805384278, 0.0005577961565, 0.00133356056176, 0.00173433381133, 0.00265181995928, 0.000788005068898, 0.000403415004257, 0.000694479211234, 0.000368733337382, 0.000474265951198, 0.000489083642606, 0.000163649921888, 4.4498279749e-05, 4.04129823437e-05, 6.53284296277e-05, 5.02704460814e-05, 1.8093154722e-05, 1.08699396151e-05, 5.41937470189e-06, 3.56659916179e-06, 3.30602529175e-06, 1.5973008658e-06, 2.2814458589e-06, 1.64079676779e-06, 1.96043015421e-06, 1.63692834576e-06, 1.82139967819e-06, 1.95337929654e-06, 9.70659812083e-07, 7.91729974026e-07, 7.02598185853e-07, 7.31410239041e-07, 4.44404548716e-07, 2.88807029847e-07, 2.89596272296e-07, 2.38352356519e-07]
    },
    "melbands128": {
        "mean": [0.000230785182794, 0.000865697395056, 0.00171550549567, 0.00166893354617, 0.00131171266548, 0.000833754485939, 0.000464106124127, 0.000336947472533, 0.000222491915338, 0.000191084458493, 0.000210181227885, 0.000203499163035, 0.000352064758772, 0.000294017372653, 0.000268483679974, 0.000195685774088, 0.000103735590528, 0.000535002502147, 0.000855269376189, 0.000429911364336, 0.000564046320505, 0.000737548922189, 0.000898133846931, 0.000228552453336, 0.000204672891414, 0.000291700940579, 8.3174680185e-05, 0.000105723869638, 7.22497788956e-05, 0.000126089216792, 0.000174771703314, 0.000112199959403, 4.28953462688e-05, 7.79096808401e-05, 1.93957675947e-05, 6.03416265221e-05, 8.92604002729e-05, 6.26934415777e-05, 2.15304553421e-05, 1.40257998282e-05, 2.37786534854e-05, 4.94310870636e-06, 7.50968729335e-06, 1.55783909577e-05, 5.02107150169e-06, 5.18341130373e-06, 9.03456930246e-06, 8.69113591762e-06, 4.88956811751e-06, 2.95658833238e-06, 1.06420557131e-05, 1.06434226836e-05, 2.32341426454e-06, 1.89083107216e-06, 5.5504183365e-06, 2.08633878174e-06, 1.44205114339e-06, 1.68187455074e-06, 9.51070205701e-07, 2.53902885561e-06, 6.31434545539e-07, 5.14225860115e-07, 1.00778868273e-06, 1.05769697711e-06, 6.45710599656e-07, 4.64281129098e-07, 6.95180290222e-07, 9.00721602193e-07, 1.01238038042e-06, 5.48552861801e-07, 5.34970297394e-07, 6.95909875503e-07, 9.28973918235e-07, 8.60469299369e-07, 5.63186688396e-07, 6.2904200604e-07, 6.59260933844e-07, 7.61821070228e-07, 6.49932530905e-07, 7.3440713777e-07, 6.91957325216e-07, 7.23537709746e-07, 4.73479133234e-07, 3.30806869897e-07, 3.47303370063e-07, 2.60714841716e-07, 2.73064870271e-07, 2.83983666804e-07, 1.64194091212e-07, 2.28028099514e-07, 1.66236134191e-07, 2.42847761456e-07, 1.14934678663e-07, 1.36253902383e-07, 8.58743405274e-08, 8.55046877746e-08, 8.79156019096e-08, 9.07169308562e-08, 8.55591224536e-08, 7.74141852844e-08, 7.37399332706e-08, 6.85290544311e-08, 5.04070989393e-08, 5.83218735528e-08, 4.67159964046e-08, 4.62432083737e-08, 5.81072754358e-08, 4.27730775243e-08, 4.09117504319e-08, 3.58999336925e-08, 3.85175340512e-08, 4.11656806421e-08, 3.70440425002e-08, 4.0901710463e-08, 3.493954992e-08, 3.50354554257e-08, 2.68969895245e-08, 1.74179941581e-08, 1.03523127848e-08, 6.62274501906e-09, 3.19322723819e-09, 7.75662756247e-10, 1.7678195019e-10, 3.59795769567e-11, 3.30431428747e-12, 3.08712560723e-12, 3.06541814502e-12, 3.04457262353e-12],
        "stdev": [0.00105929526035, 0.00282972259447, 0.00480704847723, 0.00347013771534, 0.00265491078608, 0.00167714699637, 0.000982563826256, 0.000647646782454, 0.000480621965835, 0.00041816351586, 0.000516656727996, 0.000451437983429, 0.000913303752895, 0.000788262113929, 0.000822564528789, 0.000607914931607, 0.000329033122398, 0.00168749399018, 0.00355637283064, 0.00154152023606, 0.00301104877144, 0.00324590597302, 0.0042372411117, 0.00133491982706, 0.000797677435912, 0.0013354489347, 0.000358174380381, 0.000703673460521, 0.000404344085837, 0.000908726418857, 0.00115574803203, 0.000787207158282, 0.00033095679828, 0.000567321258131, 0.000107876199763, 0.000763586431276, 0.00109628029168, 0.000893169431947, 0.00023561535636, 0.000126815095427, 0.000325046887156, 4.88808436785e-05, 3.78006370738e-05, 8.55886755744e-05, 3.53128125425e-05, 4.65496850666e-05, 9.31714675971e-05, 0.000126179787912, 5.27623742528e-05, 2.0616220354e-05, 7.81427224865e-05, 8.50737342262e-05, 1.61683801707e-05, 7.28993791199e-06, 2.69391784968e-05, 1.43854495036e-05, 1.03033607957e-05, 9.99171243166e-06, 3.38697145708e-06, 1.30110656755e-05, 2.00290560315e-06, 2.14318583858e-06, 3.92911215386e-06, 5.26517487742e-06, 2.82012433672e-06, 1.43880072301e-06, 2.72150327874e-06, 3.02069315694e-06, 3.56745476893e-06, 1.54976464728e-06, 1.86518298051e-06, 2.65641915576e-06, 2.84962311525e-06, 2.49504455496e-06, 1.68831877545e-06, 1.93610435417e-06, 1.7927168301e-06, 2.13449789044e-06, 1.92196966964e-06, 2.3213096938e-06, 2.07310358746e-06, 2.52330733019e-06, 1.27740952394e-06, 9.2807999863e-07, 1.00145291526e-06, 7.96371125489e-07, 8.42959934744e-07, 1.12416307729e-06, 5.42160705663e-07, 8.9593032726e-07, 5.39342352113e-07, 1.16737396638e-06, 4.53290169844e-07, 6.25256404874e-07, 2.76145641465e-07, 2.86241260028e-07, 3.19355933698e-07, 3.74614018028e-07, 3.18082442163e-07, 2.80624476545e-07, 2.71865218338e-07, 2.71378752359e-07, 1.78909743909e-07, 2.61799527834e-07, 1.97675433355e-07, 2.12869011307e-07, 2.72260024303e-07, 1.94671173404e-07, 1.95272377823e-07, 1.70603129845e-07, 1.88737416806e-07, 2.11612174894e-07, 1.97378810185e-07, 2.21580677362e-07, 1.93502756929e-07, 2.12889361251e-07, 1.75136051439e-07, 1.42989620144e-07, 9.68129469925e-08, 7.72229853396e-08, 3.57580915988e-08, 1.40792506542e-08, 4.18563317339e-09, 1.05813768858e-09, 1.06225826746e-11, 5.8741718087e-12, 5.82346627517e-12, 5.79511785781e-12]
    },
    "mfcc": {
        "mean": [-762.220825195, 146.551315308, 29.7673053741, 28.6580257416, -10.3909368515, 7.58099889755, -5.08324670792, -0.0532960370183, 4.93472099304, 1.61317002773, 1.82532644272, 2.48016929626, 2.28962063789],
        "cov": [[8188.49902344, 614.685546875, -1092.1730957, -256.478942871, -330.069824219, 98.0828475952, -136.191741943, 53.6277809143, 144.208297729, 53.1816177368, 22.3046569824, 69.5811691284, 83.9693222046], [614.685546875, 1910.97790527, -273.208770752, -429.920074463, -132.750106812, -110.389778137, -107.178184509, -19.2571430206, 22.1286792755, 41.4903106689, 16.0848960876, -15.5970373154, -14.1181964874], [-1092.1730957, -273.208770752, 812.371765137, 323.490356445, 110.876525879, 67.8963165283, 117.882270813, 0.584212779999, -27.7386131287, 11.8098611832, 37.5622215271, 2.5880086422, -22.6174240112], [-256.478942871, -429.920074463, 323.490356445, 528.289733887, 169.918075562, 130.182952881, 88.728225708, 42.4199104309, 21.1578559875, 11.0097322464, 54.2770233154, 40.4766960144, 24.0092830658], [-330.069824219, -132.750106812, 110.876525879, 169.918075562, 207.951446533, 91.8867645264, 57.3333435059, 26.6014690399, 0.755064487457, 1.18264961243, 11.034368515, 12.7739210129, 13.8936414719], [98.0828475952, -110.389778137, 67.8963165283, 130.182952881, 91.8867645264, 184.156677246, 115.707328796, 44.6174850464, -0.956006228924, -25.942691803, -7.84821128845, 12.9705715179, 21.6639766693], [-136.191741943, -107.178184509, 117.882270813, 88.728225708, 57.3333435059, 115.707328796, 172.028793335, 92.1878585815, 8.56778621674, -26.7017536163, -19.9724731445, -5.78999614716, 1.5246771574], [53.6277809143, -19.2571430206, 0.584212779999, 42.4199104309, 26.6014690399, 44.6174850464, 92.1878585815, 146.93006897, 84.3210754395, 18.4387054443, -19.1118412018, -22.3258342743, -8.44305706024], [144.208297729, 22.1286792755, -27.7386131287, 21.1578559875, 0.755064487457, -0.956006228924, 8.56778621674, 84.3210754395, 151.637176514, 94.1940155029, 17.3960838318, -11.5088243484, -10.5015096664], [53.1816177368, 41.4903106689, 11.8098611832, 11.0097322464, 1.18264961243, -25.942691803, -26.7017536163, 18.4387054443, 94.1940155029, 142.527786255, 79.7684173584, 14.7487688065, -15.2938108444], [22.3046569824, 16.0848960876, 37.5622215271, 54.2770233154, 11.034368515, -7.84821128845, -19.9724731445, -19.1118412018, 17.3960838318, 79.7684173584, 140.598846436, 87.116569519, 16.9889411926], [69.5811691284, -15.5970373154, 2.5880086422, 40.4766960144, 12.7739210129, 12.9705715179, -5.78999614716, -22.3258342743, -11.5088243484, 14.7487688065, 87.116569519, 150.369094849, 85.7757568359], [83.9693222046, -14.1181964874, -22.6174240112, 24.0092830658, 13.8936414719, 21.6639766693, 1.5246771574, -8.44305706024, -10.5015096664, -15.2938108444, 16.9889411926, 85.7757568359, 125.601394653]],
        "icov": [[0.000177673762664, -3.76757307095e-05, 0.000225024647079, -0.00012332040933, 0.00038179042167, -0.000429450999945, 0.000233028738876, -0.000103023172414, -2.82925539068e-05, -6.73676186125e-05, 1.59473181327e-08, -4.42934942839e-05, -1.71582360053e-05], [-3.76757307095e-05, 0.000673562113661, -9.36040160013e-05, 0.000645000662189, -0.000103671503894, -0.000103843427496, 0.000344839616446, -0.000270037999144, -4.64519835077e-05, 0.000112660876766, -0.000464746728539, 0.000225719806622, -0.000113662834337], [0.000225024647079, -9.36040160013e-05, 0.00231287488714, -0.00144020677544, 0.000323978689266, 0.000695079914294, -0.00216608867049, 0.00136057764757, 0.00036944024032, -0.000914500036743, 0.000178814167157, 9.51646652538e-05, 0.000323215383105], [-0.00012332040933, 0.000645000662189, -0.00144020677544, 0.00435516424477, -0.00203151348978, -0.00152667239308, 0.00128388300072, -0.000827060721349, -0.00129208760336, 0.00179250142537, -0.00236377888359, 0.000579036830459, -0.000485521595692], [0.00038179042167, -0.000103671503894, 0.000323978689266, -0.00203151348978, 0.00830479059368, -0.0037233014591, 0.00126652803738, -0.00140333501622, 0.00166879280005, -0.00184644723777, 0.000745658937376, -0.000146319507621, -0.000292616256047], [-0.000429450999945, -0.000103843427496, 0.000695079914294, -0.00152667239308, -0.0037233014591, 0.0139398267493, -0.0102036939934, 0.00432432023808, -0.00189162488095, 0.00137286935933, 0.000190798833501, 0.000122388300952, -0.000985913560726], [0.000233028738876, 0.000344839616446, -0.00216608867049, 0.00128388300072, 0.00126652803738, -0.0102036939934, 0.020460980013, -0.013491563499, 0.00522702373564, 0.000269357085926, 0.000139348921948, -0.00102090381552, 0.000860235712025], [-0.000103023172414, -0.000270037999144, 0.00136057764757, -0.000827060721349, -0.00140333501622, 0.00432432023808, -0.013491563499, 0.0217521246523, -0.013393166475, 0.00441106082872, -0.000334200623911, 0.00143369461875, -3.96226387238e-05], [-2.82925539068e-05, -4.64519835077e-05, 0.00036944024032, -0.00129208760336, 0.00166879280005, -0.00189162488095, 0.00522702373564, -0.013393166475, 0.0234501622617, -0.0166999083012, 0.00678814202547, -0.00175036012661, -0.000290478550596], [-6.73676186125e-05, 0.000112660876766, -0.000914500036743, 0.00179250142537, -0.00184644723777, 0.00137286935933, 0.000269357085926, 0.00441106082872, -0.0166999083012, 0.0259201675653, -0.0157179888338, 0.00566258560866, -0.000170104729477], [1.59473181327e-08, -0.000464746728539, 0.000178814167157, -0.00236377888359, 0.000745658937376, 0.000190798833501, 0.000139348921948, -0.000334200623911, 0.00678814202547, -0.0157179888338, 0.0247575882822, -0.0152507731691, 0.00601224135607], [-4.42934942839e-05, 0.000225719806622, 9.51646652538e-05, 0.000579036830459, -0.000146319507621, 0.000122388300952, -0.00102090381552, 0.00143369461875, -0.00175036012661, 0.00566258560866, -0.0152507731691, 0.0218441970646, -0.0122465826571], [-1.71582360053e-05, -0.000113662834337, 0.000323215383105, -0.000485521595692, -0.000292616256047, -0.000985913560726, 0.000860235712025, -3.96226387238e-05, -0.000290478550596, -0.000170104729477, 0.00601224135607, -0.0122465826571, 0.0158059373498]]
    },
    "spectral_contrast_coeffs": {
        "mean": [-0.722501754761, -0.701815783978, -0.720346033573, -0.79394942522, -0.832846939564, -0.774121642113],
        "stdev": [0.0745248198509, 0.10539150238, 0.0925045460463, 0.0694149360061, 0.0440054126084, 0.0383117049932]
    },
    "spectral_contrast_valleys": {
        "mean": [-7.26085567474, -7.5429558754, -8.86550998688, -9.38425922394, -9.07298183441, -11.5289373398],
        "stdev": [1.15136611462, 1.2361625433, 1.25525689125, 1.21103417873, 1.26634609699, 1.15946769714]
    }
},
"rhythm": {
    "beats_count": 568,
    "beats_loudness": {
        "mean": 0.0320876687765,
        "stdev": 0.0312288720161
    },
    "bpm": 97.8668060303,
    "bpm_histogram_first_peak_bpm": 98,
    "bpm_histogram_first_peak_weight": 0.402061879635,
    "bpm_histogram_second_peak_bpm": 92,
    "bpm_histogram_second_peak_spread": 0.27450978756,
    "bpm_histogram_second_peak_weight": 0.0652557313442,
    "danceability": 1.09435868263,
    "onset_rate": 3.44041419029,
    "beats_loudness_band_ratio": {
        "mean": [0.470685273409, 0.148268654943, 0.280553966761, 0.080827280879, 0.0135169671848, 0.0291309524328],
        "stdev": [0.326514333487, 0.157781869173, 0.298875778913, 0.175442144275, 0.0248924456537, 0.0801312923431]
    },
    "beats_position": [0.626938760281, 1.26548755169, 1.89242625237, 2.51936507225, 3.13469386101, 3.75002264977, 4.35374164581, 4.94585037231, 5.52634906769, 6.08362817764, 6.66412687302, 7.24462556839, 7.84834432602, 8.45206356049, 9.05578231812, 9.65950107574, 10.2632198334, 10.8553285599, 11.4590473175, 12.051156044, 12.6548748016, 13.2585935593, 13.8274831772, 14.3847618103, 14.9536504745, 15.5341491699, 16.114648819, 16.6951465607, 17.2756462097, 17.8793640137, 18.483083725, 19.0868015289, 19.7137413025, 20.3406791687, 20.9560089111, 21.5597267151, 22.1750564575, 22.7903842926, 23.3941040039, 23.9978218079, 24.6131515503, 25.1936511993, 25.7857589722, 26.3778686523, 26.9815864563, 27.5736961365, 28.1658039093, 28.7695236206, 29.3964614868, 30.0001811981, 30.6038990021, 31.1960086823, 31.7881164551, 32.357006073, 32.9491157532, 33.5412254333, 34.1333312988, 34.7370529175, 35.3407707214, 35.9444885254, 36.5482063293, 37.1403160095, 37.755645752, 38.3825836182, 39.0095214844, 39.6248512268, 40.2401809692, 40.8438987732, 41.4476165771, 42.0513381958, 42.6666641235, 43.2703857422, 43.8857116699, 44.5126533508, 45.1279792786, 45.743309021, 46.3586387634, 46.9623565674, 47.5776863098, 48.2162361145, 48.8431739807, 49.4468917847, 50.0390014648, 50.6427192688, 51.2464370728, 51.8385467529, 52.4422683716, 53.0459861755, 53.661315918, 54.2650337219, 54.8687515259, 55.4724693298, 56.0994110107, 56.7147369385, 57.3300666809, 57.9453964233, 58.5607261658, 59.1760520935, 59.8029937744, 60.4183197021, 61.0336494446, 61.6373672485, 62.252696991, 62.8796348572, 63.5065765381, 64.1219024658, 64.7372360229, 65.3525619507, 65.9678878784, 66.5948257446, 67.2217712402, 67.837097168, 68.4524230957, 69.0793609619, 69.7062988281, 70.3448486328, 70.9833984375, 71.5871200562, 72.1908340454, 72.7945556641, 73.3518371582, 73.9207229614, 74.5360565186, 75.1513824463, 75.766708374, 76.3820419312, 76.9973678589, 77.6126937866, 78.2396392822, 78.8665771484, 79.4935150146, 80.1088409424, 80.7241744995, 81.3395004272, 81.9432220459, 82.5585479736, 83.1738739014, 83.7659835815, 84.3813171387, 84.9966430664, 85.6119689941, 86.2156906128, 86.8194122314, 87.4231262207, 88.0268478394, 88.6305618286, 89.2458953857, 89.849609375, 90.4533309937, 91.0454406738, 91.637550354, 92.2296600342, 92.8333740234, 93.4254837036, 94.0175933838, 94.609703064, 95.2134246826, 95.8055343628, 96.4092483521, 97.0361862183, 97.6631240845, 98.2668457031, 98.8705673218, 99.462677002, 100.066390991, 100.658500671, 101.26222229, 101.865936279, 102.434829712, 103.026939392, 103.619049072, 104.211151123, 104.803260803, 105.406982422, 106.033920288, 106.672470093, 107.287796021, 107.914733887, 108.530067444, 109.145393372, 109.737503052, 110.329612732, 110.933334351, 111.560272217, 112.187210083, 112.814147949, 113.417869568, 114.033195496, 114.648521423, 115.26385498, 115.879180908, 116.494506836, 117.121452332, 117.81804657, 118.514648438, 119.222854614, 119.931060791, 120.61605072, 121.301040649, 121.951202393, 122.589744568, 123.228294373, 123.84362793, 124.458953857, 125.074279785, 125.701225281, 126.316551208, 126.931877136, 127.535598755, 128.150924683, 128.754638672, 129.35836792, 129.962081909, 130.565795898, 131.192733765, 131.81968689, 132.446624756, 133.050338745, 133.654052734, 134.257781982, 134.861495972, 135.465209961, 136.092147827, 136.719085693, 137.34602356, 137.961364746, 138.576690674, 139.20362854, 139.818954468, 140.422668457, 141.014785767, 141.606887817, 142.199005127, 142.802719116, 143.406433105, 144.010162354, 144.613876343, 145.229202271, 145.844528198, 146.459854126, 147.075195312, 147.678909302, 148.294235229, 148.909561157, 149.501678467, 150.082168579, 150.685897827, 151.277999878, 151.881713867, 152.497055054, 153.112380981, 153.716094971, 154.296600342, 154.923538208, 155.562088013, 156.200637817, 156.850784302, 157.500946045, 158.127883911, 158.754821777, 159.370162964, 159.985488892, 160.612426758, 161.250976562, 161.889526367, 162.539672852, 163.166610718, 163.793563843, 164.420501709, 165.047439575, 165.662765503, 166.278091431, 166.893417358, 167.508743286, 168.135681152, 168.774230957, 169.389572144, 169.923629761, 170.446075439, 170.980133057, 171.502578735, 172.025024414, 172.547485352, 173.081542969, 173.603988647, 174.126434326, 174.660491943, 175.194549561, 175.717010498, 176.239456177, 176.843170166, 177.446884155, 178.062225342, 178.67755127, 179.281265259, 179.884979248, 180.500320435, 181.115646362, 181.73097229, 182.346298218, 182.961624146, 183.576965332, 184.19229126, 184.807617188, 185.422943115, 186.038269043, 186.653594971, 187.268936157, 187.884262085, 188.487976074, 189.103302002, 189.70703125, 190.322357178, 190.926071167, 191.518188477, 192.133514404, 192.760452271, 193.352554321, 193.967880249, 194.583221436, 195.210159302, 195.837097168, 196.440811157, 197.044525146, 197.659866333, 198.275192261, 198.87890625, 199.482620239, 200.109558105, 200.713287354, 201.34022522, 201.943939209, 202.570877075, 203.20942688, 203.894424438, 204.579406738, 205.276000977, 205.984207153, 206.68081665, 207.354187012, 208.03918457, 208.677734375, 209.304672241, 209.931610107, 210.535324097, 211.150650024, 211.754379272, 212.3697052, 212.973419189, 213.565536499, 214.15763855, 214.738143921, 215.318634033, 215.968795776, 216.61895752, 217.280715942, 217.942489624, 218.592651367, 219.24281311, 219.881362915, 220.450241089, 221.007522583, 221.564804077, 222.122085571, 222.679367065, 223.283081055, 223.886795044, 224.490524292, 225.094238281, 225.709564209, 226.324890137, 226.951828003, 227.555557251, 228.170883179, 228.774597168, 229.389923096, 229.993652344, 230.597366333, 231.201080322, 231.828018188, 232.454956055, 233.093505859, 233.755279541, 234.405441284, 235.043991089, 235.670928955, 236.286254883, 236.913192749, 237.528518677, 238.167068481, 238.794006348, 239.36289978, 239.931793213, 240.500671387, 240.988296509, 241.464309692, 241.963531494, 242.451156616, 242.927154541, 243.414779663, 243.902404785, 244.37840271, 244.842803955, 245.295593262, 245.748382568, 246.189559937, 246.619140625, 247.048706055, 247.478271484, 247.907836914, 248.337417603, 248.755371094, 249.161712646, 249.568069458, 249.986022949, 250.415603638, 250.845169067, 251.263122559, 251.66947937, 252.087432861, 252.505386353, 252.923355103, 253.341308594, 253.770874023, 254.258499146, 254.746124268, 255.233734131, 255.860671997, 256.476013184, 257.091339111, 257.706665039, 258.310394287, 258.902496338, 259.506195068, 260.109924316, 260.725250244, 261.340576172, 261.967529297, 262.594451904, 263.209777832, 263.825134277, 264.452056885, 265.055786133, 265.659484863, 266.239990234, 266.843719482, 267.424224854, 268.016326904, 268.608428955, 269.23538208, 269.885528564, 270.512481689, 271.162628174, 271.812774658, 272.47454834, 273.147918701, 273.751647949, 274.34375, 274.912658691, 275.388671875, 275.864654541, 276.340667725, 276.805084229, 277.292694092, 277.757080078, 278.221496582, 278.685882568, 279.161895752, 279.637908936, 280.113922119, 280.589935303, 281.089141846, 281.588378906, 282.099212646, 282.749389648, 283.387939453, 284.049713135, 284.688262939, 285.350006104, 286.000183105, 286.63873291, 287.288879395, 287.927429199, 288.554382324, 289.181304932, 289.796630859, 290.411956787, 291.038909912, 291.66583252, 292.281188965, 292.908111572, 293.546661377, 294.185211182, 294.87020874, 295.531982422, 296.193725586, 296.843902588, 297.482452393, 298.121002197, 298.747924805, 299.37487793, 300.001800537, 300.628753662, 301.25567627, 301.882629395, 302.521179199, 303.148101807, 303.809875488, 304.46005249, 305.098602295, 305.713928223, 306.364074707, 307.014221191, 307.675994873, 308.337768555, 308.987945557, 309.614868164, 310.241821289, 310.891967773, 311.542114258, 312.180664062, 312.819213867, 313.469390869, 314.14276123, 314.816131592, 315.489532471, 316.162902832, 316.929168701, 317.695404053, 318.473297119, 319.251159668, 320.01739502, 320.783660889, 321.526702881, 322.258148193, 323.012786865, 323.767425537, 324.440795898, 325.10256958, 325.764343262, 326.426116943, 327.111114502, 327.80770874, 328.504302979, 329.200897217, 329.897491455, 330.512817383, 331.128143311, 331.743499756, 332.347198486, 332.939300537, 333.531433105, 334.123535156, 334.669189453, 335.20324707, 335.737304688, 336.271362305, 336.793823242, 337.31628418, 337.82711792, 338.33795166, 338.872009277, 339.406066895, 339.940124512, 340.474182129, 341.019866943, 341.56552124, 342.099578857],
    "bpm_histogram": [0, 0, 0, 0, 0, 0, 0, 0, 0, 0, 0, 0, 0, 0, 0, 0, 0, 0, 0, 0, 0, 0, 0, 0, 0, 0, 0, 0, 0, 0, 0, 0, 0, 0, 0, 0, 0, 0, 0, 0, 0, 0, 0, 0, 0, 0, 0, 0, 0, 0, 0, 0, 0, 0, 0, 0, 0, 0, 0, 0, 0, 0, 0, 0, 0, 0, 0, 0, 0, 0, 0, 0, 0, 0, 0, 0, 0, 0.0035273367539, 0.00705467350781, 0, 0.0035273367539, 0.00176366837695, 0.00176366837695, 0, 0, 0.00529100513086, 0.0141093470156, 0, 0.0123456791043, 0.0123456791043, 0, 0.0246913582087, 0.0405643731356, 0, 0.0529100522399, 0, 0.13932980597, 0, 0.213403880596, 0.195767194033, 0, 0.0828924179077, 0, 0.0246913582087, 0, 0.0176366847008, 0, 0, 0.0123456791043, 0, 0.00529100513086, 0, 0.0229276902974, 0, 0, 0.0176366847008, 0, 0.00529100513086, 0, 0, 0.00529100513086, 0, 0, 0.0141093470156, 0, 0, 0.0176366847008, 0, 0, 0.00881834235042, 0, 0, 0, 0.0035273367539, 0, 0, 0.00176366837695, 0, 0, 0, 0.0141093470156, 0, 0, 0, 0.0123456791043, 0, 0, 0, 0.00529100513086, 0, 0, 0, 0, 0, 0, 0, 0, 0, 0, 0, 0, 0, 0, 0, 0, 0, 0, 0, 0, 0, 0, 0, 0, 0, 0, 0, 0, 0, 0, 0, 0, 0, 0, 0, 0, 0, 0, 0, 0, 0, 0, 0, 0, 0, 0, 0, 0, 0, 0, 0, 0, 0, 0, 0, 0, 0, 0, 0, 0, 0, 0, 0, 0, 0, 0, 0, 0, 0, 0, 0, 0, 0, 0, 0, 0, 0, 0, 0, 0, 0, 0, 0, 0, 0, 0, 0, 0, 0, 0, 0, 0, 0, 0, 0, 0, 0, 0, 0, 0, 0]
},
"tonal": {
    "chords_changes_rate": 0.0542845539749,
    "chords_number_rate": 0.00230134022422,
    "chords_strength": {
        "mean": 0.471960783005,
        "stdev": 0.0978465825319
    },
    "hpcp_crest": {
        "mean": 17.1768875122,
        "stdev": 7.62540626526
    },
    "hpcp_entropy": {
        "mean": 1.48452222347,
        "stdev": 0.667990744114
    },
    "key_edma": {
        "strength": 0.750494599342,
        "key": "A#",
        "scale": "major"
    },
    "key_krumhansl": {
        "strength": 0.754101097584,
        "key": "A#",
        "scale": "major"
    },
    "key_temperley": {
        "strength": 0.754713892937,
        "key": "A#",
        "scale": "major"
    },
    "tuning_diatonic_strength": 0.459391504526,
    "tuning_equal_tempered_deviation": 0.0121338078752,
    "tuning_frequency": 441.527557373,
    "tuning_nontempered_energy_ratio": 0.614982962608,
    "hpcp": {
        "mean": [0.174536705017, 0.0880326777697, 0.14599993825, 0.239514574409, 0.131432637572, 0.0529078505933, 0.0573328770697, 0.0434752702713, 0.113800130785, 0.180950045586, 0.0943546071649, 0.0325892083347, 0.0510968863964, 0.0406444258988, 0.146405175328, 0.24201951921, 0.123160168529, 0.0756190121174, 0.114857710898, 0.0639665722847, 0.0309508144855, 0.0435015782714, 0.0378001853824, 0.133156523108, 0.195603564382, 0.0917027890682, 0.0586460232735, 0.0786933675408, 0.052985869348, 0.101649470627, 0.144684463739, 0.073904260993, 0.0334985516965, 0.0502336099744, 0.0478964038193, 0.122481890023],
        "stdev": [0.316157728434, 0.172512188554, 0.240517482162, 0.363097637892, 0.224504470825, 0.155437424779, 0.173646703362, 0.134081467986, 0.219995960593, 0.324744582176, 0.193941295147, 0.12069246918, 0.18402531743, 0.153782308102, 0.223133698106, 0.363735318184, 0.207332119346, 0.17622667551, 0.256745427847, 0.163759797812, 0.107346311212, 0.157487854362, 0.122914530337, 0.2297231704, 0.325185328722, 0.172166839242, 0.154094189405, 0.20797714591, 0.141613796353, 0.215243786573, 0.29816031456, 0.166489720345, 0.1129925102, 0.171754658222, 0.156788721681, 0.229471802711]
    },
    "chords_histogram": [23.6902675629, 10.3966426849, 12.2241773605, 1.82753491402, 3.08650326729, 0.473805338144, 2.80222010612, 2.81575751305, 4.45377016068, 1.42141604424, 0.676864743233, 0.040611885488, 0, 0, 0.690402030945, 2.55854868889, 2.45025038719, 3.16772699356, 0.203059434891, 4.14241218567, 1.36726677418, 7.86516857147, 2.58562350273, 11.059969902],
