{
"metadata": {
    "version": {
        "essentia": "2.1-dev",
        "essentia_git_sha": "v2.1_beta3-415-gd5473f3",
        "extractor": "music 2.0"
    },
    "audio_properties": {
        "analysis": {
            "equal_loudness": 0,
            "length": 436.976318359,
            "sample_rate": 44100,
            "start_time": 0,
            "downmix": "mix"
        },
        "bit_rate": 192000,
        "length": 436.976318359,
        "lossless": 0,
        "number_channels": 2,
        "replay_gain": -8.32620239258,
        "sample_rate": 44100,
        "codec": "mp3",
        "md5_encoded": "cc8d21b06328bf1ec395380034a8f98e"
    },
    "tags": {
        "file_name": "art_blakey-off_the_wall.mp3",
        "album": ["A Night In Tunisia (New Editio"],
        "artist": ["Art Blakey"],
        "date": ["2002"],
        "genre": ["Other"],
        "title": ["Off The Wall"]
    }
},
"lowlevel": {
    "average_loudness": 0.86039686203,
    "barkbands_crest": {
        "mean": 10.5593996048,
        "stdev": 4.91541290283
    },
    "barkbands_flatness_db": {
        "mean": 0.133575975895,
        "stdev": 0.045402687043
    },
    "barkbands_kurtosis": {
        "mean": 4.04020261765,
        "stdev": 11.3863277435
    },
    "barkbands_skewness": {
        "mean": 1.42032968998,
        "stdev": 1.4377913475
    },
    "barkbands_spread": {
        "mean": 24.3718643188,
        "stdev": 12.4654054642
    },
    "dissonance": {
        "mean": 0.463854372501,
        "stdev": 0.0272544082254
    },
    "dynamic_complexity": 3.62393379211,
    "erbbands_crest": {
        "mean": 8.91533088684,
        "stdev": 5.03576135635
    },
    "erbbands_flatness_db": {
        "mean": 0.153642907739,
        "stdev": 0.045598693192
    },
    "erbbands_kurtosis": {
        "mean": 0.41616332531,
        "stdev": 4.78626155853
    },
    "erbbands_skewness": {
        "mean": 0.285123974085,
        "stdev": 0.847234606743
    },
    "erbbands_spread": {
        "mean": 44.659122467,
        "stdev": 22.5200710297
    },
    "hfc": {
        "mean": 18.4379119873,
        "stdev": 19.1056938171
    },
    "loudness_ebu128": {
        "integrated": -16.8970432281,
        "loudness_range": 4.76468276978,
        "momentary": {
            "mean": -19.0422763824,
            "stdev": 17.8924446106
        },
        "short_term": {
            "mean": -17.4215068817,
            "stdev": 3.23964476585
        }
    },
    "melbands_crest": {
        "mean": 13.88854599,
        "stdev": 5.57165908813
    },
    "melbands_flatness_db": {
        "mean": 0.17770819366,
        "stdev": 0.0591587498784
    },
    "melbands_kurtosis": {
        "mean": 17.0537109375,
        "stdev": 39.9024925232
    },
    "melbands_skewness": {
        "mean": 2.70741701126,
        "stdev": 2.35875058174
    },
    "melbands_spread": {
        "mean": 27.3555450439,
        "stdev": 19.3644313812
    },
    "pitch_salience": {
        "mean": 0.540713906288,
        "stdev": 0.141432255507
    },
    "silence_rate_20dB": {
        "mean": 1,
        "stdev": 0
    },
    "silence_rate_30dB": {
        "mean": 0.999946892262,
        "stdev": 0.00728912139311
    },
    "silence_rate_60dB": {
        "mean": 0.0994686484337,
        "stdev": 0.299279659986
    },
    "spectral_centroid": {
        "mean": 1681.47802734,
        "stdev": 928.871887207
    },
    "spectral_complexity": {
        "mean": 13.815196991,
        "stdev": 8.79772090912
    },
    "spectral_decrease": {
        "mean": -4.4077483885e-09,
        "stdev": 3.32694893856e-09
    },
    "spectral_energy": {
        "mean": 0.0183083675802,
        "stdev": 0.0138754807413
    },
    "spectral_energyband_high": {
        "mean": 0.000849087431561,
        "stdev": 0.00122037436813
    },
    "spectral_energyband_low": {
        "mean": 0.00443127658218,
        "stdev": 0.00576079124585
    },
    "spectral_energyband_middle_high": {
        "mean": 0.00571896648034,
        "stdev": 0.00783887784928
    },
    "spectral_energyband_middle_low": {
        "mean": 0.00776855833828,
        "stdev": 0.00873435288668
    },
    "spectral_entropy": {
        "mean": 7.64440584183,
        "stdev": 0.405279695988
    },
    "spectral_flux": {
        "mean": 0.0631579831243,
        "stdev": 0.0362436212599
    },
    "spectral_kurtosis": {
        "mean": 2.84396052361,
        "stdev": 1.61397075653
    },
    "spectral_rms": {
        "mean": 0.00387706491165,
        "stdev": 0.00168225495145
    },
    "spectral_rolloff": {
        "mean": 1757.61694336,
        "stdev": 1788.79150391
    },
    "spectral_skewness": {
        "mean": 1.18883740902,
        "stdev": 0.31219664216
    },
    "spectral_spread": {
        "mean": 4921635,
        "stdev": 2751930.25
    },
    "spectral_strongpeak": {
        "mean": 1.21431446075,
        "stdev": 1.65727782249
    },
    "zerocrossingrate": {
        "mean": 0.0684771388769,
        "stdev": 0.0422765128314
    },
    "barkbands": {
        "mean": [3.20456319969e-06, 0.00225312635303, 0.00190397538245, 0.00064452807419, 0.00175847404171, 0.00127202412114, 0.00134351768065, 0.00110198173206, 0.00132832350209, 0.000981517485343, 0.000786570017226, 0.000587003247347, 0.000582674867474, 0.000573254714254, 0.000403022160754, 0.000522237503901, 0.000393711961806, 0.000475061417092, 0.000377550517442, 0.000360352831194, 0.000270199787337, 0.000165543431649, 0.000114282258437, 6.65634579491e-05, 2.61781951849e-05, 1.25956439661e-05, 7.88375189131e-07],
        "stdev": [6.61045078232e-06, 0.00422297464684, 0.003555966774, 0.00150599342305, 0.00342217297293, 0.00204281089827, 0.00220913137309, 0.00247433665209, 0.00352251250297, 0.00334985251538, 0.00243642297573, 0.00166610640008, 0.00182949064765, 0.00204015010968, 0.00119183759671, 0.00151212303899, 0.000885700806975, 0.00081764254719, 0.000557960302103, 0.000679085263982, 0.000469878898002, 0.000272763340035, 0.000192360399524, 0.000110660512291, 4.15023387177e-05, 2.66231563728e-05, 2.51609480983e-06]
    },
    "erbbands": {
        "mean": [0.0372446626425, 0.624976873398, 2.02709102631, 2.23468184471, 4.15180683136, 5.1664018631, 9.66694355011, 10.8631544113, 20.0744419098, 17.6125392914, 28.7251319885, 29.1390666962, 29.6758728027, 28.5438671112, 30.528629303, 24.9224643707, 27.3234786987, 29.004907608, 24.1787834167, 24.4181118011, 26.2279071808, 22.2108535767, 27.6754302979, 21.9047241211, 17.1518859863, 16.2222251892, 14.70262146, 7.54299020767, 5.82255125046, 4.78392314911, 3.05409240723, 1.90687954426, 0.828442513943, 0.326306223869, 0.179231971502, 0.0676703378558, 0.0215163379908, 0.00348183792084, 0.000104605511297, 2.57877127297e-05],
        "stdev": [0.0774075314403, 1.0848480463, 3.261708498, 3.60998535156, 12.454709053, 9.05962181091, 17.4945545197, 18.3816280365, 34.0653152466, 31.2860336304, 66.5927124023, 82.3354949951, 102.944984436, 80.4373092651, 102.845314026, 70.9968338013, 77.8258895874, 102.869903564, 64.3434524536, 55.0133514404, 68.3969421387, 48.8485069275, 48.6675567627, 30.585149765, 27.8515968323, 28.3044109344, 27.7765369415, 11.4214391708, 9.90689754486, 9.0331993103, 4.95081090927, 3.13827633858, 1.35210692883, 0.523305237293, 0.278316646814, 0.127575799823, 0.0491451844573, 0.00884294882417, 0.00029535399517, 2.01950988412e-05]
    },
    "gfcc": {
        "mean": [-21.8828792572, 75.9739074707, -124.322341919, 43.3613624573, -68.8922119141, 10.521613121, -35.0122566223, 11.9128923416, -22.8259429932, 4.47502946854, -14.5870714188, -0.420351535082, -16.3149719238],
        "cov": [[11762.5830078, 431.38961792, -1643.18823242, 2.603723526, -384.170135498, -54.2680282593, -322.948577881, -85.2520446777, -183.402770996, 45.9665145874, -61.6181259155, 79.4346008301, -70.5285110474], [431.38961792, 668.786987305, -72.0702819824, -145.813186646, -45.1430892944, -44.57213974, -5.10237216949, -50.2337913513, 0.821023643017, -43.8129653931, 48.5102539062, -30.3886928558, 49.3433189392], [-1643.18823242, -72.0702819824, 1095.8269043, 327.330963135, 12.7483224869, 100.480636597, 113.314086914, 135.273254395, 12.1121578217, 25.5482540131, -9.76262378693, -9.12547206879, -63.9845314026], [2.603723526, -145.813186646, 327.330963135, 401.130889893, 84.2220840454, 71.4848480225, 64.1478347778, 88.9263381958, 7.5560464859, 12.8473405838, -21.1099891663, -8.46538066864, -46.4357757568], [-384.170135498, -45.1430892944, 12.7483224869, 84.2220840454, 299.229370117, 158.335510254, 97.2455368042, 45.1063270569, 65.1016311646, 35.0878868103, 20.9426021576, 3.20108747482, 11.0624027252], [-54.2680282593, -44.57213974, 100.480636597, 71.4848480225, 158.335510254, 216.774276733, 115.96446228, 80.8838043213, 49.9002685547, 48.2374305725, 14.7422885895, 13.4232320786, -4.41085577011], [-322.948577881, -5.10237216949, 113.314086914, 64.1478347778, 97.2455368042, 115.96446228, 165.739273071, 112.672416687, 63.9886016846, 21.128736496, 20.4244384766, 7.15559673309, 12.2073726654], [-85.2520446777, -50.2337913513, 135.273254395, 88.9263381958, 45.1063270569, 80.8838043213, 112.672416687, 165.428024292, 80.0526275635, 44.807674408, 16.1839313507, 10.2808380127, -6.33827352524], [-183.402770996, 0.821023643017, 12.1121578217, 7.5560464859, 65.1016311646, 49.9002685547, 63.9886016846, 80.0526275635, 117.607879639, 64.3158950806, 24.9202899933, -2.97267508507, 4.2987408638], [45.9665145874, -43.8129653931, 25.5482540131, 12.8473405838, 35.0878868103, 48.2374305725, 21.128736496, 44.807674408, 64.3158950806, 101.777130127, 48.1174507141, 23.6268405914, -8.34764862061], [-61.6181259155, 48.5102539062, -9.76262378693, -21.1099891663, 20.9426021576, 14.7422885895, 20.4244384766, 16.1839313507, 24.9202899933, 48.1174507141, 89.9333724976, 49.4509239197, 14.7216377258], [79.4346008301, -30.3886928558, -9.12547206879, -8.46538066864, 3.20108747482, 13.4232320786, 7.15559673309, 10.2808380127, -2.97267508507, 23.6268405914, 49.4509239197, 89.753616333, 47.4597053528], [-70.5285110474, 49.3433189392, -63.9845314026, -46.4357757568, 11.0624027252, -4.41085577011, 12.2073726654, -6.33827352524, 4.2987408638, -8.34764862061, 14.7216377258, 47.4597053528, 94.8259658813]],
        "icov": [[0.000208408993785, -0.000383485719794, 0.000501334259752, -0.000415213376982, 0.000351134222001, -0.000359943049261, 0.000310892122798, -0.000404757796787, 0.000504068739247, -0.000656693533529, 0.0008557336987, -0.000817929336336, 0.000560580694582], [-0.000383485719794, 0.00305976858363, -0.00109144824091, 0.00113950076047, 4.777131835e-05, -8.25246825116e-05, -0.000177865687874, 0.00116286554839, -0.00171453086659, 0.00342635158449, -0.00555530004203, 0.00509652495384, -0.00327360560186], [0.000501334259752, -0.00109144824091, 0.00255604810081, -0.00197728304192, 0.00133770692628, -0.00112436222844, 0.000122561570606, -0.00129305955488, 0.00166251091287, -0.00195099913981, 0.00228854408488, -0.00215956219472, 0.00186513725203], [-0.000415213376982, 0.00113950076047, -0.00197728304192, 0.00510549778119, -0.0023652613163, 0.00147447839845, -0.000543718924746, -0.00130965921562, 0.000745326164179, 0.000889857125003, -0.000563122623134, 0.00110059208237, 0.000172286643647], [0.000351134222001, 4.777131835e-05, 0.00133770692628, -0.0023652613163, 0.00787338241935, -0.00579528603703, -0.000293343444355, 0.00253648217767, -0.00324368476868, 0.0013375346316, -0.00159693590831, 0.000836522260215, -0.000906057830434], [-0.000359943049261, -8.25246825116e-05, -0.00112436222844, 0.00147447839845, -0.00579528603703, 0.0131532447413, -0.00723328487948, -0.000232199759921, 0.00329077173956, -0.00568675342947, 0.00409277854487, -0.00249975919724, 0.00190807750914], [0.000310892122798, -0.000177865687874, 0.000122561570606, -0.000543718924746, -0.000293343444355, -0.00723328487948, 0.0195414572954, -0.00975606590509, -0.00262613384984, 0.00674699060619, -0.00526323961094, 0.00308156851679, -0.00334196793847], [-0.000404757796787, 0.00116286554839, -0.00129305955488, -0.00130965921562, 0.00253648217767, -0.000232199759921, -0.00975606590509, 0.0187075100839, -0.00987707450986, 0.00102045608219, 0.000232076432439, -0.00244261161424, 0.00150374928489], [0.000504068739247, -0.00171453086659, 0.00166251091287, 0.000745326164179, -0.00324368476868, 0.00329077173956, -0.00262613384984, -0.00987707450986, 0.0261714011431, -0.0166234411299, 0.00364196277224, 0.00482277339324, -0.00266577280127], [-0.000656693533529, 0.00342635158449, -0.00195099913981, 0.000889857125003, 0.0013375346316, -0.00568675342947, 0.00674699060619, 0.00102045608219, -0.0166234411299, 0.0300354231149, -0.0159358344972, 0.0017750558909, 0.000610300863627], [0.0008557336987, -0.00555530004203, 0.00228854408488, -0.000563122623134, -0.00159693590831, 0.00409277854487, -0.00526323961094, 0.000232076432439, 0.00364196277224, -0.0159358344972, 0.0337965860963, -0.0223347153515, 0.0102289300412], [-0.000817929336336, 0.00509652495384, -0.00215956219472, 0.00110059208237, 0.000836522260215, -0.00249975919724, 0.00308156851679, -0.00244261161424, 0.00482277339324, 0.0017750558909, -0.0223347153515, 0.0362680330873, -0.0196992382407], [0.000560580694582, -0.00327360560186, 0.00186513725203, 0.000172286643647, -0.000906057830434, 0.00190807750914, -0.00334196793847, 0.00150374928489, -0.00266577280127, 0.000610300863627, 0.0102289300412, -0.0196992382407, 0.0231799632311]]
    },
    "melbands": {
        "mean": [0.000515179126523, 0.00101508293301, 0.000462504016468, 0.000331480463501, 0.00032267102506, 0.000255563907558, 0.000291923672194, 0.000199418806005, 0.000248416647082, 0.000176594563527, 0.000149800340296, 0.000117497729661, 9.52497357503e-05, 7.23241173546e-05, 5.98164224357e-05, 6.53169772704e-05, 5.29679127794e-05, 3.96804207412e-05, 3.19083810609e-05, 4.08070409321e-05, 2.67038885795e-05, 2.27996424655e-05, 2.2943409931e-05, 2.38900283875e-05, 1.71970368683e-05, 1.34309802888e-05, 1.15654938782e-05, 1.07034966277e-05, 1.00547786133e-05, 6.59932766212e-06, 3.65352684639e-06, 3.31820297106e-06, 3.09433289658e-06, 2.46957301897e-06, 1.83353370176e-06, 1.47314528931e-06, 1.03741172097e-06, 6.24504593816e-07, 3.55647614469e-07, 2.48511582868e-07],
        "stdev": [0.00102679722477, 0.00136176496744, 0.000834942737129, 0.000777003879193, 0.000549719843548, 0.000404619961046, 0.000473332882393, 0.000373355054762, 0.000611924915574, 0.000496035325341, 0.000526721414644, 0.000347855966538, 0.000299538078252, 0.000209573816392, 0.000178380025318, 0.000243384347414, 0.000195728542167, 0.000122551384266, 0.000100018551166, 0.000125972859678, 7.682514115e-05, 5.92582109675e-05, 4.71188250231e-05, 4.32601773355e-05, 2.55126105912e-05, 2.25076728384e-05, 2.31739686569e-05, 2.15461495827e-05, 2.33744904108e-05, 1.17922381833e-05, 6.33738682154e-06, 6.69894825478e-06, 5.5313212215e-06, 5.03428873344e-06, 3.45205944541e-06, 2.2089441245e-06, 1.83655504316e-06, 1.01917419215e-06, 6.24058486665e-07, 3.94530587755e-07]
    },
    "melbands128": {
        "mean": [2.41166094384e-06, 0.000121974728245, 0.000843699788675, 0.00105965114199, 0.00107390049379, 0.000900040031411, 0.000417665782152, 0.000351456779754, 0.000472048879601, 0.000342323270161, 0.000225905125262, 0.000349418871338, 0.000369041401427, 0.00026617012918, 0.000215587686398, 0.000241836882196, 0.000386344880098, 0.000298197002849, 0.000208817247767, 0.000164361670613, 0.00021934560209, 0.000227520722547, 0.000256678729784, 0.000295064266538, 0.000167729376699, 0.000168089274666, 0.000105471495772, 0.000157224436407, 0.0001821348269, 0.000115077273222, 0.000113180773042, 8.6404637841e-05, 6.45176041871e-05, 0.00015407972387, 6.35019750916e-05, 5.60166299692e-05, 6.39414283796e-05, 7.61809569667e-05, 4.0611881559e-05, 5.46525116079e-05, 9.3676506367e-05, 4.63603500975e-05, 4.76315326523e-05, 5.88686198171e-05, 5.42856105312e-05, 3.38709214702e-05, 2.526751814e-05, 4.54955770692e-05, 2.44960228883e-05, 2.14483916352e-05, 5.93574040977e-05, 3.98394913645e-05, 2.82713754132e-05, 2.16141306737e-05, 2.07788561966e-05, 2.46715862886e-05, 2.14318224607e-05, 1.98033794732e-05, 2.46295203397e-05, 2.89556537609e-05, 2.73220211966e-05, 1.47360751726e-05, 1.87012810784e-05, 1.54047083925e-05, 2.06692457141e-05, 1.2116212929e-05, 9.96096787276e-06, 1.33939511215e-05, 1.14169106382e-05, 1.0218236639e-05, 8.93916876521e-06, 1.36601729537e-05, 9.70579912973e-06, 1.00047873275e-05, 8.36655817693e-06, 8.96094115888e-06, 4.2983451749e-06, 4.04441880164e-06, 3.50255209014e-06, 3.31727483172e-06, 3.59554564966e-06, 3.04595437228e-06, 3.16330351779e-06, 3.03761817122e-06, 3.39075722877e-06, 2.28904082178e-06, 2.19449952965e-06, 2.63018046098e-06, 1.64080222476e-06, 1.45995977618e-06, 1.63414006238e-06, 1.44093360177e-06, 1.27999953747e-06, 1.08154711143e-06, 8.92609534731e-07, 6.52957851344e-07, 6.16526563135e-07, 4.91667890401e-07, 3.71876353711e-07, 2.78894816574e-07, 2.32744838513e-07, 2.67557084044e-07, 2.39522847778e-07, 1.91310206787e-07, 2.16356426108e-07, 2.1102020753e-07, 1.51037426122e-07, 1.23468041124e-07, 1.20894981137e-07, 9.06333070816e-08, 8.08080358183e-08, 7.81650584258e-08, 6.84681467078e-08, 5.97182392426e-08, 4.15661567388e-08, 3.5469376769e-08, 2.63562398573e-08, 7.34206073716e-09, 1.2194433241e-09, 2.61027421899e-10, 1.93121265507e-11, 1.11023412686e-11, 5.17197526126e-12, 2.96431520823e-12, 2.56481836637e-12, 2.52979820252e-12, 2.50776005864e-12, 2.49088922231e-12],
        "stdev": [5.04973058923e-06, 0.000264882924967, 0.00184704840649, 0.00184647308197, 0.00159563589841, 0.00171283446252, 0.000735486275516, 0.000998312723823, 0.00162521505263, 0.00098586990498, 0.000506034586579, 0.000696636212524, 0.000779628928285, 0.000627130852081, 0.000530813063961, 0.000527403724845, 0.000821385299787, 0.000599602004513, 0.000478109315736, 0.000466312892968, 0.000540308770724, 0.000743218348362, 0.000819704146124, 0.00108287669718, 0.000807810749393, 0.000640113663394, 0.000498669047374, 0.00093746179482, 0.000669657194521, 0.000544181209989, 0.000459539849544, 0.000340180267813, 0.00028163913521, 0.000745626224671, 0.000285988702672, 0.000263254332822, 0.000302179832943, 0.00032497549546, 0.000190846767509, 0.000236653286265, 0.000434965128079, 0.000461997959064, 0.000230066376389, 0.000251025136095, 0.000262399553321, 0.000167286532815, 0.000122111538076, 0.000202584458748, 8.87405622052e-05, 9.22702893149e-05, 0.000244869443122, 0.000149109269842, 0.000166135272593, 8.08625700301e-05, 8.20806017146e-05, 0.000106476676592, 6.8900109909e-05, 7.10675303708e-05, 8.52000448504e-05, 7.48597085476e-05, 8.04115770734e-05, 3.42029597959e-05, 4.31257140008e-05, 3.12605588988e-05, 5.04132294736e-05, 2.78948646155e-05, 2.54051592492e-05, 4.0224098484e-05, 2.9890679798e-05, 2.49951735896e-05, 2.96437337965e-05, 3.79008670279e-05, 3.85245621146e-05, 3.41039994964e-05, 1.70765142684e-05, 2.50676839642e-05, 7.84648182162e-06, 8.55640610098e-06, 9.45216288528e-06, 7.29900693841e-06, 1.11651079351e-05, 7.43889222576e-06, 6.70609688314e-06, 7.43503142075e-06, 8.86663565325e-06, 5.03270621266e-06, 5.79871402806e-06, 8.56087626744e-06, 3.58629858965e-06, 2.62164917331e-06, 2.58544173448e-06, 2.55093777923e-06, 2.60996330326e-06, 2.10952612179e-06, 1.65275469044e-06, 1.08494577944e-06, 1.1379930811e-06, 9.04060925677e-07, 7.20589071079e-07, 5.53872780529e-07, 4.39017100007e-07, 4.26179923352e-07, 3.82877630045e-07, 3.38239175335e-07, 3.57850382215e-07, 3.43705750083e-07, 2.8929073892e-07, 2.43927729571e-07, 2.77560729955e-07, 1.79252864996e-07, 1.77506677801e-07, 1.83409255783e-07, 1.77941529955e-07, 1.60956588502e-07, 1.06806744782e-07, 9.29368582092e-08, 7.0751838166e-08, 4.56489672729e-08, 1.81801773635e-08, 6.01627281327e-09, 6.36904140539e-10, 4.43315661958e-10, 2.02277708472e-10, 4.92559187881e-11, 4.41517048616e-12, 4.14539366375e-12, 4.10605750789e-12, 4.08250733566e-12]
    },
    "mfcc": {
        "mean": [-656.783630371, 96.6998901367, 1.6381329298, 32.0106773376, -6.73206043243, 1.55247199535, -3.07380580902, 4.88828849792, -4.51569080353, 4.25996255875, 0.992561221123, 4.20512485504, -3.01282405853],
        "cov": [[6100.01220703, 396.05657959, -871.464416504, -118.80506134, -185.974151611, -74.9758605957, -182.501296997, -126.141426086, -191.864471436, -114.727333069, -99.7122421265, -29.8575839996, 72.7527770996], [396.05657959, 722.455932617, -42.0414123535, -130.160202026, -60.8708229065, -41.6205215454, -30.2725868225, -42.1877326965, -44.56590271, -28.7765617371, -25.5027103424, -24.5291080475, -18.1697330475], [-871.464416504, -42.0414123535, 785.77166748, 205.597442627, 59.3200035095, 33.0800209045, 101.955467224, 75.9651947021, 56.6235122681, 63.9300689697, 71.1178588867, 21.8002872467, -39.1313896179], [-118.80506134, -130.160202026, 205.597442627, 269.502349854, 85.5410385132, 36.7620315552, 61.0105018616, 65.71509552, 35.6492462158, 40.488948822, 38.4762954712, 14.3828296661, 4.40602254868], [-185.974151611, -60.8708229065, 59.3200035095, 85.5410385132, 174.23626709, 106.547561646, 68.9168701172, 48.7878723145, 53.2362785339, 40.4931869507, 37.4870414734, 33.336151123, 23.3418636322], [-74.9758605957, -41.6205215454, 33.0800209045, 36.7620315552, 106.547561646, 146.305953979, 76.7546691895, 42.3343963623, 50.0129394531, 27.0384902954, 22.2661075592, 32.4740486145, 29.7677078247], [-182.501296997, -30.2725868225, 101.955467224, 61.0105018616, 68.9168701172, 76.7546691895, 131.66255188, 88.2680053711, 54.2932281494, 40.3299026489, 34.8648757935, 24.3229656219, 16.1984367371], [-126.141426086, -42.1877326965, 75.9651947021, 65.71509552, 48.7878723145, 42.3343963623, 88.2680053711, 126.049629211, 77.4033355713, 50.9626045227, 40.8200263977, 15.0909090042, 15.1765356064], [-191.864471436, -44.56590271, 56.6235122681, 35.6492462158, 53.2362785339, 50.0129394531, 54.2932281494, 77.4033355713, 133.647109985, 71.8361816406, 31.4269714355, 29.8608589172, 5.78851556778], [-114.727333069, -28.7765617371, 63.9300689697, 40.488948822, 40.4931869507, 27.0384902954, 40.3299026489, 50.9626045227, 71.8361816406, 109.505897522, 77.0671234131, 31.2086257935, 8.77917003632], [-99.7122421265, -25.5027103424, 71.1178588867, 38.4762954712, 37.4870414734, 22.2661075592, 34.8648757935, 40.8200263977, 31.4269714355, 77.0671234131, 119.890785217, 57.8778038025, 26.9674396515], [-29.8575839996, -24.5291080475, 21.8002872467, 14.3828296661, 33.336151123, 32.4740486145, 24.3229656219, 15.0909090042, 29.8608589172, 31.2086257935, 57.8778038025, 99.1693267822, 57.759552002], [72.7527770996, -18.1697330475, -39.1313896179, 4.40602254868, 23.3418636322, 29.7677078247, 16.1984367371, 15.1765356064, 5.78851556778, 8.77917003632, 26.9674396515, 57.759552002, 108.174964905]],
        "icov": [[0.000222871036385, -0.000133051915327, 0.000266671937425, -0.000262544897851, 0.000291883159662, -0.000257702718955, 0.000223515540711, -0.000173548018211, 0.00030461649294, -0.000151039188495, 0.000117185925774, -0.000120624819829, -3.51176604454e-05], [-0.000133051915327, 0.00163515808526, -0.00029755505966, 0.000977673335001, -0.000172958069015, 0.000384288403438, -0.000380981859053, 0.000161794101587, 0.000184524251381, -5.73855286348e-05, 1.2453007912e-05, 0.000207332108403, 6.35724281892e-05], [0.000266671937425, -0.00029755505966, 0.0021475169342, -0.00163376238197, 0.00071714783553, -0.000114651877084, -0.00101020489819, 0.000342602055753, -4.91944192618e-05, 6.95017297403e-05, -0.000662277860101, -0.000431477295933, 0.000986551283859], [-0.000262544897851, 0.000977673335001, -0.00163376238197, 0.00654170755297, -0.00317420973442, 0.00150455883704, -6.58852077322e-05, -0.00211416743696, 0.00110917876009, -0.000758189184126, 0.000431695749285, 0.000238160340814, -0.000171885229065], [0.000291883159662, -0.000172958069015, 0.00071714783553, -0.00317420973442, 0.0128311058506, -0.00805275607854, -0.000179912924068, 0.000349630397977, -0.000726512109395, -0.000454200897366, -0.00114318367559, -0.000405049591791, 0.000165529825608], [-0.000257702718955, 0.000384288403438, -0.000114651877084, 0.00150455883704, -0.00805275607854, 0.0165428537875, -0.00770703377202, 0.00378819764592, -0.00348966219462, 0.00165061303414, 0.000122566169011, 0.000105942308437, -0.00209130160511], [0.000223515540711, -0.000380981859053, -0.00101020489819, -6.58852077322e-05, -0.000179912924068, -0.00770703377202, 0.0210331100971, -0.0134671628475, 0.00416015554219, -0.00229953648522, 0.00215898803435, -0.00284879817627, 0.00126930733677], [-0.000173548018211, 0.000161794101587, 0.000342602055753, -0.00211416743696, 0.000349630397977, 0.00378819764592, -0.0134671628475, 0.024172661826, -0.0116911334917, 0.0037024167832, -0.00654460443184, 0.00691781006753, -0.00387574010529], [0.00030461649294, 0.000184524251381, -4.91944192618e-05, 0.00110917876009, -0.000726512109395, -0.00348966219462, 0.00416015554219, -0.0116911334917, 0.0210728123784, -0.0138758569956, 0.0099290208891, -0.00769647583365, 0.00353022688068], [-0.000151039188495, -5.73855286348e-05, 6.95017297403e-05, -0.000758189184126, -0.000454200897366, 0.00165061303414, -0.00229953648522, 0.0037024167832, -0.0138758569956, 0.0280867554247, -0.0177063737065, 0.00561446370557, -0.000503989343997], [0.000117185925774, 1.2453007912e-05, -0.000662277860101, 0.000431695749285, -0.00114318367559, 0.000122566169011, 0.00215898803435, -0.00654460443184, 0.0099290208891, -0.0177063737065, 0.0247804168612, -0.0118338167667, 0.00152063823771], [-0.000120624819829, 0.000207332108403, -0.000431477295933, 0.000238160340814, -0.000405049591791, 0.000105942308437, -0.00284879817627, 0.00691781006753, -0.00769647583365, 0.00561446370557, -0.0118338167667, 0.0231967531145, -0.0100150480866], [-3.51176604454e-05, 6.35724281892e-05, 0.000986551283859, -0.000171885229065, 0.000165529825608, -0.00209130160511, 0.00126930733677, -0.00387574010529, 0.00353022688068, -0.000503989343997, 0.00152063823771, -0.0100150480866, 0.0153563097119]]
    },
    "spectral_contrast_coeffs": {
        "mean": [-0.700499296188, -0.736645102501, -0.730572402477, -0.774486601353, -0.784763038158, -0.753005087376],
        "stdev": [0.0801103338599, 0.0865151360631, 0.0938054323196, 0.0844583138824, 0.0618229731917, 0.0349264293909]
    },
    "spectral_contrast_valleys": {
        "mean": [-7.31561660767, -7.09010457993, -8.07996082306, -8.22285366058, -7.62235069275, -10.2504205704],
        "stdev": [1.64236915112, 1.67757630348, 1.60144233704, 1.56840777397, 1.57389843464, 1.39943695068]
    }
},
"rhythm": {
    "beats_count": 701,
    "beats_loudness": {
        "mean": 0.0260186102241,
        "stdev": 0.0135902194306
    },
    "bpm": 95.9701309204,
    "bpm_histogram_first_peak_bpm": 96,
    "bpm_histogram_first_peak_weight": 0.69413626194,
    "bpm_histogram_second_peak_bpm": 91,
    "bpm_histogram_second_peak_spread": 0.324999988079,
    "bpm_histogram_second_peak_weight": 0.0385714285076,
    "danceability": 1.22701692581,
    "onset_rate": 4.01612901688,
    "beats_loudness_band_ratio": {
        "mean": [0.370880693197, 0.155825674534, 0.205287411809, 0.120131902397, 0.0908889248967, 0.0959884822369],
        "stdev": [0.26462328434, 0.128655686975, 0.166157886386, 0.130833536386, 0.0986886620522, 0.089175671339]
    },
    "beats_position": [0.650158703327, 1.3235373497, 1.99691605568, 2.67029476166, 3.34367346764, 4.01705217361, 4.69043064117, 5.3754196167, 6.03718805313, 6.68734693527, 7.33750534058, 7.98766422272, 8.63782310486, 9.287981987, 9.93814086914, 10.5999088287, 11.261677742, 11.900226593, 12.5503854752, 13.2005443573, 13.8507022858, 14.512471199, 15.1858501434, 15.8592290878, 16.50938797, 17.1711559296, 17.8213157654, 18.4946937561, 19.1680717468, 19.8298416138, 20.4916095734, 21.153377533, 21.8151473999, 22.4769153595, 23.1270751953, 23.7772331238, 24.4390010834, 25.1007709503, 25.7509288788, 26.4126987457, 27.0744667053, 27.7246246338, 28.3863945007, 29.0597724915, 29.7215423584, 30.3717002869, 31.0218582153, 31.6720180511, 32.322177887, 32.9839439392, 33.6457138062, 34.2958717346, 34.9460296631, 35.5961914062, 36.2463493347, 36.8965072632, 37.5466651917, 38.1968231201, 38.8469848633, 39.4971427917, 40.1473007202, 40.7974586487, 41.4476165771, 42.0977783203, 42.7479362488, 43.3980941772, 44.0482521057, 44.6984100342, 45.3485717773, 45.9987297058, 46.6488876343, 47.2990455627, 47.9375953674, 48.5529251099, 49.1682548523, 49.7951927185, 50.4337387085, 51.0722885132, 51.7340583801, 52.3842163086, 53.0343742371, 53.6845359802, 54.3463020325, 54.9848518372, 55.6234016418, 56.2619476318, 56.912109375, 57.5622673035, 58.2008171082, 58.8393630981, 59.4779129028, 60.1280708313, 60.766620636, 61.4167785645, 62.0553283691, 62.6938781738, 63.3324241638, 63.9709739685, 64.621131897, 65.2596817017, 65.8982315063, 66.536781311, 67.1753311157, 67.8022689819, 68.4292068481, 69.0561447144, 69.6830825806, 70.3100204468, 70.936958313, 71.5638961792, 72.1792297363, 72.7945556641, 73.4214935303, 74.0368270874, 74.6521530151, 75.2790908813, 75.917640686, 76.5561904907, 77.1947402954, 77.8332901001, 78.4834442139, 79.133605957, 79.7721557617, 80.410697937, 81.0492477417, 81.6877975464, 82.3147354126, 82.9416732788, 83.5686187744, 84.1955566406, 84.8341064453, 85.4726486206, 86.1111984253, 86.7381362915, 87.3766860962, 88.0036239624, 88.6189575195, 89.2342834473, 89.8612213135, 90.4881591797, 91.1150970459, 91.7420425415, 92.3689804077, 93.0075302124, 93.6460723877, 94.2730178833, 94.9115600586, 95.5501098633, 96.188659668, 96.8039855957, 97.4309310913, 98.046257019, 98.6848068237, 99.3117446899, 99.9386825562, 100.565620422, 101.204170227, 101.831108093, 102.469657898, 103.096595764, 103.72353363, 104.362083435, 105.00063324, 105.627571106, 106.266120911, 106.904670715, 107.54322052, 108.181770325, 108.808708191, 109.424034119, 110.050971985, 110.666305542, 111.293243408, 111.920181274, 112.547119141, 113.174057007, 113.800994873, 114.427932739, 115.066482544, 115.705032349, 116.343582153, 116.982131958, 117.620681763, 118.247619629, 118.874557495, 119.5131073, 120.151649475, 120.79019928, 121.417137146, 122.055686951, 122.694236755, 123.321174622, 123.959724426, 124.598274231, 125.225212097, 125.852149963, 126.502311707, 127.15246582, 127.791015625, 128.42956543, 129.056503296, 129.695053101, 130.333602905, 130.960540771, 131.587478638, 132.214416504, 132.84135437, 133.468292236, 134.106842041, 134.745391846, 135.372329712, 135.999267578, 136.626205444, 137.253143311, 137.880081177, 138.507034302, 139.133972168, 139.749298096, 140.364624023, 140.979949951, 141.595275879, 142.222213745, 142.86076355, 143.499313354, 144.126251221, 144.753189087, 145.380126953, 146.007064819, 146.634017944, 147.260955811, 147.887893677, 148.514831543, 149.141769409, 149.768707275, 150.395645142, 151.034194946, 151.672744751, 152.299682617, 152.938232422, 153.576782227, 154.215332031, 154.842269897, 155.457595825, 156.084533691, 156.711471558, 157.338409424, 157.953735352, 158.569061279, 159.184402466, 159.799728394, 160.42666626, 161.053604126, 161.680541992, 162.307479858, 162.934417725, 163.561355591, 164.188293457, 164.815231323, 165.442169189, 166.069107056, 166.696044922, 167.311386108, 167.926712036, 168.553649902, 169.192199707, 169.830749512, 170.480911255, 171.119445801, 171.757995605, 172.408157349, 173.046707153, 173.685256958, 174.312194824, 174.93913269, 175.566070557, 176.193008423, 176.819946289, 177.446884155, 178.073822021, 178.700775146, 179.327713013, 179.966262817, 180.593200684, 181.231735229, 181.870285034, 182.508834839, 183.135772705, 183.762710571, 184.389663696, 185.016601562, 185.655151367, 186.293685913, 186.920639038, 187.547576904, 188.174514771, 188.801452637, 189.416778564, 190.032104492, 190.64743042, 191.262756348, 191.889694214, 192.5050354, 193.120361328, 193.724075317, 194.327789307, 194.931518555, 195.546844482, 196.16217041, 196.777496338, 197.392837524, 197.996551514, 198.600265503, 199.203994751, 199.830932617, 200.457870483, 201.08480835, 201.711746216, 202.338684082, 202.965621948, 203.592559814, 204.207885742, 204.82321167, 205.450149536, 206.077087402, 206.692428589, 207.307754517, 207.911468506, 208.526794434, 209.142120361, 209.769073486, 210.396011353, 211.022949219, 211.638275146, 212.265213013, 212.892150879, 213.507476807, 214.134414673, 214.749740601, 215.376678467, 216.003631592, 216.61895752, 217.234283447, 217.849609375, 218.476547241, 219.103485107, 219.730422974, 220.35736084, 220.984298706, 221.588027954, 222.203353882, 222.81867981, 223.422393799, 224.026123047, 224.641448975, 225.256774902, 225.860488892, 226.487426758, 227.114364624, 227.741317749, 228.368255615, 228.995193481, 229.598907471, 230.214233398, 230.829559326, 231.456497192, 232.083435059, 232.710388184, 233.325714111, 233.941040039, 234.556365967, 235.171691895, 235.798629761, 236.413970947, 237.029296875, 237.644622803, 238.25994873, 238.875274658, 239.490600586, 240.117553711, 240.744491577, 241.371429443, 241.986755371, 242.613693237, 243.229019165, 243.855957031, 244.482894897, 245.109832764, 245.725158691, 246.340499878, 246.967437744, 247.59437561, 248.209701538, 248.825027466, 249.451965332, 250.078903198, 250.705841064, 251.309570312, 251.936508179, 252.551834106, 253.167160034, 253.770874023, 254.39781189, 255.013153076, 255.628479004, 256.243804932, 256.859130859, 257.486083984, 258.113006592, 258.739959717, 259.366882324, 259.982208252, 260.59753418, 261.212860107, 261.828216553, 262.44354248, 263.058868408, 263.662567139, 264.277923584, 264.904846191, 265.520172119, 266.135498047, 266.750823975, 267.3777771, 268.004699707, 268.620025635, 269.23538208, 269.862304688, 270.477630615, 271.092956543, 271.719909668, 272.346832275, 272.9737854, 273.589111328, 274.216064453, 274.831390381, 275.458312988, 276.073638916, 276.688964844, 277.304290771, 277.942840576, 278.569793701, 279.185119629, 279.800445557, 280.427398682, 281.054321289, 281.681274414, 282.308197021, 282.923522949, 283.538848877, 284.165802002, 284.78112793, 285.396453857, 286.023406982, 286.65032959, 287.288879395, 287.927429199, 288.554382324, 289.169708252, 289.78503418, 290.411956787, 291.038909912, 291.66583252, 292.281188965, 292.896514893, 293.5234375, 294.150390625, 294.777313232, 295.404266357, 296.031188965, 296.646514893, 297.26184082, 297.888793945, 298.504119873, 299.131072998, 299.757995605, 300.373321533, 300.977050781, 301.592376709, 302.207702637, 302.811431885, 303.426757812, 304.04208374, 304.645812988, 305.249511719, 305.864837646, 306.480163574, 307.083892822, 307.68762207, 308.291320801, 308.895050049, 309.510375977, 310.125701904, 310.741027832, 311.35635376, 311.971710205, 312.587036133, 313.202362061, 313.817687988, 314.433013916, 315.048339844, 315.652069092, 316.26739502, 316.882720947, 317.486419678, 318.090148926, 318.693878174, 319.297576904, 319.91293335, 320.528259277, 321.131958008, 321.735687256, 322.339416504, 322.943115234, 323.546844482, 324.15057373, 324.765899658, 325.381225586, 325.996551514, 326.611877441, 327.215606689, 327.81930542, 328.434631348, 329.049957275, 329.665313721, 330.269012451, 330.884338379, 331.499664307, 332.103393555, 332.718719482, 333.33404541, 333.949371338, 334.553100586, 335.168426514, 335.783752441, 336.399078369, 337.014404297, 337.618133545, 338.233459473, 338.8487854, 339.452514648, 340.067840576, 340.683166504, 341.298492432, 341.913818359, 342.517547607, 343.132873535, 343.748199463, 344.351928711, 344.967254639, 345.582580566, 346.186309814, 346.790008545, 347.393737793, 348.009063721, 348.624389648, 349.239715576, 349.855041504, 350.458770752, 351.07409668, 351.689422607, 352.293151855, 352.908477783, 353.523803711, 354.127532959, 354.731231689, 355.334960938, 355.950286865, 356.565612793, 357.169342041, 357.773040771, 358.37677002, 358.980499268, 359.584197998, 360.187927246, 360.791656494, 361.395355225, 362.010681152, 362.626037598, 363.241363525, 363.856689453, 364.460388184, 365.064117432, 365.679443359, 366.294769287, 366.898498535, 367.513824463, 368.129150391, 368.732879639, 369.336578369, 369.940307617, 370.544036865, 371.147735596, 371.751464844, 372.355194092, 372.947296143, 373.539398193, 374.143127441, 374.746826172, 375.33895874, 375.931060791, 376.523162842, 377.12689209, 377.742218018, 378.345947266, 378.949645996, 379.553375244, 380.168701172, 380.7840271, 381.387756348, 382.003082275, 382.618408203, 383.222137451, 383.849060059, 384.476013184, 385.137756348, 385.78793335, 386.449707031, 387.111480713, 387.773223877, 388.434997559, 389.085174561, 389.723724365, 390.350646973, 390.989196777, 391.627746582, 392.266296387, 392.904846191, 393.531799316, 394.170318604, 394.808868408, 395.447418213, 396.074371338, 396.712921143, 397.351470947, 397.990020752, 398.628570557, 399.267120361, 399.894042969, 400.520996094, 401.159545898, 401.798095703, 402.425018311, 403.051971436, 403.69052124, 404.329071045, 404.979217529, 405.617767334, 406.302764893, 406.952911377, 407.591461182, 408.230010986, 408.868560791, 409.507110596, 410.1456604, 410.760986328, 411.387939453, 412.026489258, 412.665039062, 413.315185547, 413.965332031, 414.603881836, 415.242431641, 415.880981445, 416.51953125, 417.158081055, 417.808258057, 418.470001221, 419.120178223, 419.758728027, 420.397277832, 421.047424316, 421.697601318, 422.336151123, 422.986297607, 423.624847412, 424.274993896, 424.936767578, 425.447601318, 425.970062256, 426.480895996, 426.95690918, 427.432922363, 427.908935547, 428.38494873, 428.849334717, 429.313720703, 429.778137207, 430.254150391, 430.730163574, 431.194549561, 431.670562744, 432.13494873, 432.610961914, 433.098571777, 433.586212158, 434.015777588, 434.445343018, 434.874908447, 435.316101074, 435.757263184, 436.198455811],
    "bpm_histogram": [0, 0, 0, 0, 0, 0, 0, 0, 0, 0, 0, 0, 0, 0, 0, 0, 0, 0, 0, 0, 0, 0, 0, 0, 0, 0, 0, 0, 0, 0, 0, 0, 0, 0, 0, 0, 0, 0, 0, 0, 0, 0, 0, 0, 0, 0, 0, 0, 0, 0, 0, 0, 0, 0, 0, 0, 0, 0, 0, 0, 0, 0, 0, 0, 0, 0, 0, 0, 0, 0, 0, 0, 0, 0, 0, 0, 0, 0, 0, 0, 0, 0, 0, 0, 0, 0, 0, 0, 0.00285714282654, 0.0157142858952, 0, 0.0385714285076, 0.0942857116461, 0, 0.170000001788, 0, 0.275714278221, 0, 0.251428574324, 0.109999999404, 0, 0.00714285718277, 0, 0, 0, 0, 0, 0, 0, 0, 0, 0, 0, 0, 0, 0.00142857141327, 0, 0.00285714282654, 0, 0, 0, 0, 0, 0.00285714282654, 0, 0, 0.0114285713062, 0, 0, 0.00714285718277, 0, 0, 0, 0, 0, 0, 0.0042857141234, 0, 0, 0, 0.0042857141234, 0, 0, 0, 0, 0, 0, 0, 0, 0, 0, 0, 0, 0, 0, 0, 0, 0, 0, 0, 0, 0, 0, 0, 0, 0, 0, 0, 0, 0, 0, 0, 0, 0, 0, 0, 0, 0, 0, 0, 0, 0, 0, 0, 0, 0, 0, 0, 0, 0, 0, 0, 0, 0, 0, 0, 0, 0, 0, 0, 0, 0, 0, 0, 0, 0, 0, 0, 0, 0, 0, 0, 0, 0, 0, 0, 0, 0, 0, 0, 0, 0, 0, 0, 0, 0, 0, 0, 0, 0, 0, 0, 0, 0, 0, 0, 0, 0, 0, 0, 0, 0, 0, 0, 0, 0, 0, 0, 0, 0]
},
"tonal": {
    "chords_changes_rate": 0.115184359252,
    "chords_number_rate": 0.00201891409233,
    "chords_strength": {
        "mean": 0.415916383266,
        "stdev": 0.125266164541
    },
    "hpcp_crest": {
        "mean": 15.7855787277,
        "stdev": 8.08070659637
    },
    "hpcp_entropy": {
        "mean": 1.74866783619,
        "stdev": 0.822000324726
    },
    "key_edma": {
        "strength": 0.574377596378,
        "key": "G#",
        "scale": "major"
    },
    "key_krumhansl": {
        "strength": 0.579818189144,
        "key": "G#",
        "scale": "major"
    },
    "key_temperley": {
        "strength": 0.587624132633,
        "key": "G#",
        "scale": "major"
    },
    "tuning_diatonic_strength": 0.47476118803,
    "tuning_equal_tempered_deviation": 0.0171582661569,
    "tuning_frequency": 441.272583008,
    "tuning_nontempered_energy_ratio": 0.72767752409,
    "hpcp": {
