{
"metadata": {
    "version": {
        "essentia": "2.1-dev",
        "essentia_git_sha": "v2.1_beta3-415-gd5473f3",
        "extractor": "music 2.0"
    },
    "audio_properties": {
        "analysis": {
            "equal_loudness": 0,
            "length": 171.128158569,
            "sample_rate": 44100,
            "start_time": 0,
            "downmix": "mix"
        },
        "bit_rate": 192000,
        "length": 171.128158569,
        "lossless": 0,
        "number_channels": 2,
        "replay_gain": -6.01478385925,
        "sample_rate": 44100,
        "codec": "mp3",
        "md5_encoded": "5ebf44aa625d191b449c385989e27198"
    },
    "tags": {
        "file_name": "benny_godman-shoe_shining_boy.mp3",
        "album": ["i will never be the same"],
        "artist": ["Benny Goodman"],
        "date": ["2001"],
        "genre": ["Swing"],
        "title": ["Shoe Shining Boy"]
    }
},
"lowlevel": {
    "average_loudness": 0.287916511297,
    "barkbands_crest": {
        "mean": 12.6883764267,
        "stdev": 4.33506631851
    },
    "barkbands_flatness_db": {
        "mean": 0.280697703362,
        "stdev": 0.0540797151625
    },
    "barkbands_kurtosis": {
        "mean": 4.53475284576,
        "stdev": 16.8122291565
    },
    "barkbands_skewness": {
        "mean": 1.00701153278,
        "stdev": 1.28390800953
    },
    "barkbands_spread": {
        "mean": 9.3338727951,
        "stdev": 6.25198841095
    },
    "dissonance": {
        "mean": 0.413191616535,
        "stdev": 0.0511542148888
    },
    "dynamic_complexity": 5.59459447861,
    "erbbands_crest": {
        "mean": 14.4145212173,
        "stdev": 5.8866019249
    },
    "erbbands_flatness_db": {
        "mean": 0.302148014307,
        "stdev": 0.0601865909994
    },
    "erbbands_kurtosis": {
        "mean": 1.40433609486,
        "stdev": 3.49290704727
    },
    "erbbands_skewness": {
        "mean": 0.600076436996,
        "stdev": 0.941370368004
    },
    "erbbands_spread": {
        "mean": 17.7297687531,
        "stdev": 8.94063282013
    },
    "hfc": {
        "mean": 11.7500553131,
        "stdev": 29.7605609894
    },
    "loudness_ebu128": {
        "integrated": -19.8045215607,
        "loudness_range": 9.28700256348,
        "momentary": {
            "mean": -28.519077301,
            "stdev": 40.6549301147
        },
        "short_term": {
            "mean": -23.2170200348,
            "stdev": 22.7586841583
        }
    },
    "melbands_crest": {
        "mean": 15.2492809296,
        "stdev": 5.72478532791
    },
    "melbands_flatness_db": {
        "mean": 0.343319386244,
        "stdev": 0.0734285786748
    },
    "melbands_kurtosis": {
        "mean": 6.38901662827,
        "stdev": 12.7641172409
    },
    "melbands_skewness": {
        "mean": 1.41375589371,
        "stdev": 1.25602281094
    },
    "melbands_spread": {
        "mean": 15.8061094284,
        "stdev": 20.6503295898
    },
    "pitch_salience": {
        "mean": 0.493635267019,
        "stdev": 0.119001336396
    },
    "silence_rate_20dB": {
        "mean": 1,
        "stdev": 0
    },
    "silence_rate_30dB": {
        "mean": 0.986840307713,
        "stdev": 0.113956779242
    },
    "silence_rate_60dB": {
        "mean": 0.292633295059,
        "stdev": 0.454985648394
    },
    "spectral_centroid": {
        "mean": 943.928710938,
        "stdev": 1649.75756836
    },
    "spectral_complexity": {
        "mean": 7.18545675278,
        "stdev": 3.94827413559
    },
    "spectral_decrease": {
        "mean": -3.59765706115e-09,
        "stdev": 5.51859224984e-09
    },
    "spectral_energy": {
        "mean": 0.0146441496909,
        "stdev": 0.0233352407813
    },
    "spectral_energyband_high": {
        "mean": 3.40946207871e-05,
        "stdev": 0.000195656117285
    },
    "spectral_energyband_low": {
        "mean": 0.00180548278149,
        "stdev": 0.00307393656112
    },
    "spectral_energyband_middle_high": {
        "mean": 0.00564430560917,
        "stdev": 0.0179028119892
    },
    "spectral_energyband_middle_low": {
        "mean": 0.00736774178222,
        "stdev": 0.00955255702138
    },
    "spectral_entropy": {
        "mean": 6.36843204498,
        "stdev": 0.720978796482
    },
    "spectral_flux": {
        "mean": 0.0397711396217,
        "stdev": 0.0330440066755
    },
    "spectral_kurtosis": {
        "mean": 21.8110160828,
        "stdev": 19.4374847412
    },
    "spectral_rms": {
        "mean": 0.00307972636074,
        "stdev": 0.0021913961973
    },
    "spectral_rolloff": {
        "mean": 1273.93530273,
        "stdev": 2860.60791016
    },
    "spectral_skewness": {
        "mean": 2.90038776398,
        "stdev": 1.38283860683
    },
    "spectral_spread": {
        "mean": 2874762.5,
        "stdev": 6048673.5
    },
    "spectral_strongpeak": {
        "mean": 1.47829270363,
        "stdev": 2.69270253181
    },
    "zerocrossingrate": {
        "mean": 0.0419289916754,
        "stdev": 0.0752804204822
    },
    "barkbands": {
        "mean": [1.48481449287e-05, 0.00124408956617, 0.00042027424206, 0.000188846053788, 0.00224661291577, 0.000562486122362, 0.00170533766504, 0.00179699424189, 0.000720405078027, 0.000945963838603, 0.000304928777041, 0.000510251091328, 0.00177019822877, 0.000554493220989, 0.000676192110404, 0.000566963804886, 0.000247710326221, 8.15207895357e-05, 4.71522143926e-05, 1.8202325009e-05, 1.54360550368e-05, 4.61559830001e-06, 4.51429571058e-07, 1.34307015287e-07, 2.31229115855e-08, 4.68916061536e-09, 5.74309544366e-10],
        "stdev": [2.67105951934e-05, 0.00223682681099, 0.000985024147667, 0.000383326521842, 0.00542170461267, 0.000931226997636, 0.004828334786, 0.00483849365264, 0.00307470466942, 0.0055251470767, 0.00157729256898, 0.00291656749323, 0.00997622124851, 0.00305808335543, 0.00651135342196, 0.00373283401132, 0.00235040253028, 0.000410450360505, 0.000318610604154, 0.000135438152938, 0.000101486381027, 2.80084004771e-05, 2.06961021831e-06, 9.68279550762e-07, 3.12548223746e-07, 8.35979889757e-08, 1.59285695744e-09]
    },
    "erbbands": {
        "mean": [0.028492378071, 0.297765791416, 0.542442440987, 0.676017522812, 2.70624661446, 10.2535104752, 5.44087171555, 5.51307106018, 22.613899231, 26.5542030334, 36.8113708496, 21.5611515045, 14.0578374863, 34.1769104004, 16.8869380951, 27.7571048737, 87.5629653931, 33.1231994629, 44.9873008728, 22.4830245972, 27.5360870361, 11.3939685822, 6.26082324982, 2.85174775124, 1.64065015316, 0.901093006134, 0.759526371956, 0.564686238766, 0.166407823563, 0.0374520979822, 0.0132499188185, 0.00399166671559, 0.00176422612276, 0.000373809220036, 0.000139031384606, 5.26612784597e-05, 1.05155604615e-05, 2.41441466642e-06, 7.80693244451e-06, 1.72140698851e-05],
        "stdev": [0.0453140810132, 0.578963518143, 1.21746742725, 1.23881149292, 8.2021780014, 25.2770423889, 7.67576551437, 9.50245285034, 66.0923843384, 61.7382125854, 105.676315308, 85.9835510254, 76.1586532593, 219.460617065, 73.5744400024, 126.352539062, 487.980682373, 142.431213379, 376.000457764, 104.94708252, 163.345474243, 82.6714706421, 28.6048278809, 19.9954147339, 12.0268182755, 5.39028072357, 5.09990501404, 4.11500692368, 0.878223717213, 0.17614403367, 0.073646441102, 0.0263705141842, 0.013972517103, 0.00412984145805, 0.00193335569929, 0.000747538986616, 8.738739416e-05, 7.76289834903e-06, 1.38200421134e-05, 2.87935599772e-05]
    },
    "gfcc": {
        "mean": [-198.086624146, 198.398635864, -145.332641602, 13.7825889587, -34.1939544678, -14.2884321213, -16.249162674, -22.6281452179, 0.32546749711, -4.53127717972, 1.75964653492, -10.5056343079, 1.87342619896],
        "cov": [[29346.375, 4343.51660156, -5182.33789062, 535.018798828, -418.743225098, -492.560577393, -134.909439087, -660.518493652, 215.676742554, -133.836334229, -22.0339946747, -202.155212402, -120.404579163], [4343.51660156, 1560.28601074, -339.578125, -76.5525131226, -222.077209473, -116.999221802, -142.247665405, -204.667129517, -34.7223854065, -35.7805519104, 56.2930679321, -43.5503234863, 34.6794509888], [-5182.33789062, -339.578125, 1455.60180664, 87.797164917, -53.3920097351, 89.1897354126, 22.0107383728, 21.5596122742, -92.0171737671, -13.9407014847, 34.483127594, 22.5379009247, 49.6728401184], [535.018798828, -76.5525131226, 87.797164917, 689.97668457, -9.755027771, 14.4661941528, 95.7538299561, -27.4695625305, 19.7033519745, -33.2447814941, 33.304977417, 14.5506639481, 6.44328451157], [-418.743225098, -222.077209473, -53.3920097351, -9.755027771, 257.21963501, 13.9962682724, -0.86021399498, 35.2742271423, 15.733332634, 11.2617006302, -10.4069786072, 45.6781539917, -10.1038608551], [-492.560577393, -116.999221802, 89.1897354126, 14.4661941528, 13.9962682724, 153.295043945, 76.2269134521, 29.3103752136, 1.25273454189, 2.19441103935, -5.58542394638, -0.104354925454, 28.0267314911], [-134.909439087, -142.247665405, 22.0107383728, 95.7538299561, -0.86021399498, 76.2269134521, 203.460372925, 93.6373138428, 36.1500091553, 6.53854417801, -18.7704772949, -20.8026752472, -8.02498531342], [-660.518493652, -204.667129517, 21.5596122742, -27.4695625305, 35.2742271423, 29.3103752136, 93.6373138428, 195.397613525, 86.6500015259, 21.6068305969, -27.2116584778, -30.4027767181, -30.7405529022], [215.676742554, -34.7223854065, -92.0171737671, 19.7033519745, 15.733332634, 1.25273454189, 36.1500091553, 86.6500015259, 144.696365356, 67.9648895264, 1.09418332577, -28.7878780365, -43.3499908447], [-133.836334229, -35.7805519104, -13.9407014847, -33.2447814941, 11.2617006302, 2.19441103935, 6.53854417801, 21.6068305969, 67.9648895264, 127.576713562, 57.559627533, -14.8604669571, -42.1722412109], [-22.0339946747, 56.2930679321, 34.483127594, 33.304977417, -10.4069786072, -5.58542394638, -18.7704772949, -27.2116584778, 1.09418332577, 57.559627533, 139.958480835, 73.4459381104, -10.0980262756], [-202.155212402, -43.5503234863, 22.5379009247, 14.5506639481, 45.6781539917, -0.104354925454, -20.8026752472, -30.4027767181, -28.7878780365, -14.8604669571, 73.4459381104, 149.923797607, 67.2600021362], [-120.404579163, 34.6794509888, 49.6728401184, 6.44328451157, -10.1038608551, 28.0267314911, -8.02498531342, -30.7405529022, -43.3499908447, -42.1722412109, -10.0980262756, 67.2600021362, 132.247436523]],
        "icov": [[0.000405295111705, -0.000840593769681, 0.00124512345064, -0.000470638886327, 0.000144298101077, 2.40266454057e-05, -0.000474032829516, 0.000650532252621, -0.000258396466961, 0.000201056071091, 0.00031005978235, -0.000158662267495, 0.000356851320248], [-0.000840593769681, 0.00283269700594, -0.0023790569976, 0.00126998790074, 9.66205843724e-05, 0.000526716466993, 0.000933756004088, -0.000195198444999, -0.000442626071163, 0.000908232992515, -0.00241982797161, 0.00199317419901, -0.00182333297562], [0.00124512345064, -0.0023790569976, 0.00467126118019, -0.00159727176651, 0.000757444126066, -0.000311869807774, -0.00113909237552, 0.00154227705207, 2.92764234473e-05, 0.000434302317444, 0.000570267380681, -0.000225437775953, 0.000800386245828], [-0.000470638886327, 0.00126998790074, -0.00159727176651, 0.00256680115126, -0.000493288738653, 0.000623253174126, -0.00103734212462, 0.000972349371295, -0.00162519479636, 0.00208098627627, -0.00251710996963, 0.00157507858239, -0.00115573580842], [0.000144298101077, 9.66205843724e-05, 0.000757444126066, -0.000493288738653, 0.0056321346201, -0.00103511614725, 0.00100075860973, -0.000818594009615, 0.000777907960583, -0.00202321191318, 0.00371035281569, -0.00462812464684, 0.00261264434084], [2.40266454057e-05, 0.000526716466993, -0.000311869807774, 0.000623253174126, -0.00103511614725, 0.00957035645843, -0.00396864069626, 0.00119976873975, -0.000833767175209, 0.000903334526811, -0.00253312452696, 0.00308168656193, -0.00384469330311], [-0.000474032829516, 0.000933756004088, -0.00113909237552, -0.00103734212462, 0.00100075860973, -0.00396864069626, 0.0095740640536, -0.00528595643118, 0.00194337859284, -0.00190395931713, 0.00168107345235, -0.00115237699356, 0.000816058367491], [0.000650532252621, -0.000195198444999, 0.00154227705207, 0.000972349371295, -0.000818594009615, 0.00119976873975, -0.00528595643118, 0.0127752292901, -0.0081313084811, 0.00455978605896, -0.00181424920447, 0.00250436598435, -0.000274760532193], [-0.000258396466961, -0.000442626071163, 2.92764234473e-05, -0.00162519479636, 0.000777907960583, -0.000833767175209, 0.00194337859284, -0.0081313084811, 0.0167672298849, -0.0105647519231, 0.00567758036777, -0.00386915658601, 0.00294152693823], [0.000201056071091, 0.000908232992515, 0.000434302317444, 0.00208098627627, -0.00202321191318, 0.000903334526811, -0.00190395931713, 0.00455978605896, -0.0105647519231, 0.0206062681973, -0.0140174273401, 0.00957055483013, -0.00255106878467], [0.00031005978235, -0.00241982797161, 0.000570267380681, -0.00251710996963, 0.00371035281569, -0.00253312452696, 0.00168107345235, -0.00181424920447, 0.00567758036777, -0.0140174273401, 0.02464646101, -0.0181841030717, 0.00984719581902], [-0.000158662267495, 0.00199317419901, -0.000225437775953, 0.00157507858239, -0.00462812464684, 0.00308168656193, -0.00115237699356, 0.00250436598435, -0.00386915658601, 0.00957055483013, -0.0181841030717, 0.023490184918, -0.0127054238692], [0.000356851320248, -0.00182333297562, 0.000800386245828, -0.00115573580842, 0.00261264434084, -0.00384469330311, 0.000816058367491, -0.000274760532193, 0.00294152693823, -0.00255106878467, 0.00984719581902, -0.0127054238692, 0.0164848379791]]
    },
    "melbands": {
        "mean": [0.000306231173454, 0.000340654951287, 0.000123537814943, 0.00052032188978, 0.000248373253271, 0.000117153140309, 0.000354897056241, 0.000305992987705, 0.000283421075437, 0.000117440336908, 6.59436554997e-05, 0.000143499768456, 4.47792263003e-05, 5.87028953305e-05, 0.00014201142767, 0.000154856898007, 5.45751463505e-05, 7.11281754775e-05, 3.78241129511e-05, 4.38289571321e-05, 2.7639172913e-05, 1.33101057145e-05, 7.67824258219e-06, 3.37524716088e-06, 2.23387746701e-06, 1.41453028846e-06, 5.5992830994e-07, 6.58628835026e-07, 5.90211641338e-07, 3.40663291354e-07, 3.12457984819e-07, 1.13335481444e-07, 3.09687884226e-08, 1.40337261811e-08, 8.26370705198e-09, 3.30499205781e-09, 2.03269223675e-09, 1.39208278238e-09, 5.79817582835e-10, 1.8710626104e-10],
        "stdev": [0.000506637850776, 0.00070357194636, 0.000204996191314, 0.0015054626856, 0.000348442234099, 0.000205354139325, 0.00104547815863, 0.000743805838283, 0.000821577908937, 0.000497420725878, 0.000381123652915, 0.000938158889767, 0.000197763030883, 0.000350371090462, 0.000803621136583, 0.000883247703314, 0.000288035633275, 0.000547802716028, 0.000320661463775, 0.000298759143334, 0.000178782574949, 0.000128924846649, 4.02195619245e-05, 1.76658322744e-05, 1.9333923774e-05, 1.00622137325e-05, 3.42794078279e-06, 5.10621975991e-06, 4.97130668009e-06, 2.54802853306e-06, 2.18404147745e-06, 6.43228815989e-07, 1.65906484995e-07, 6.55570033814e-08, 5.25103409643e-08, 2.01520506948e-08, 1.85821740217e-08, 1.20217160671e-08, 5.47622880376e-09, 2.7886275511e-09]
    },
    "melbands128": {
        "mean": [1.4409585674e-05, 0.00017881365784, 0.000445144076366, 0.000521840644069, 0.000328266265569, 0.000196198248887, 0.00013976340415, 7.57587549742e-05, 0.000137814655318, 0.00067932845559, 0.000759642047342, 0.00032025037217, 0.000164145429153, 0.000103682432382, 0.000113999587484, 0.000110283319373, 0.000164400480571, 0.000541614019312, 0.000364940380678, 0.000238527471083, 0.000364215986338, 0.000314600387355, 0.000355568976374, 0.000104358507087, 0.000159455186804, 0.000109114822408, 3.99504388042e-05, 6.62601814838e-05, 4.54683722637e-05, 0.000219914945774, 0.000162317926879, 2.46562012762e-05, 2.62903959083e-05, 7.59203685448e-05, 5.44979629922e-05, 5.45073926332e-05, 6.26529072179e-05, 5.55679362151e-05, 0.000310860632453, 0.000225606694585, 0.000141961470945, 1.94638323592e-05, 3.12261217914e-05, 0.000100619261502, 4.36241025454e-05, 4.66265737487e-05, 0.00014419631043, 1.72713353095e-05, 1.07728128569e-05, 1.77366528078e-05, 5.73775068915e-05, 6.66342239128e-05, 2.35319948843e-05, 1.35962000058e-05, 2.56691419054e-05, 1.25234528241e-05, 2.66637221102e-06, 1.17765985124e-05, 6.77665138937e-06, 6.70883537168e-06, 2.48577907769e-06, 1.46532875078e-06, 3.09343226945e-06, 2.10022653846e-06, 1.70612725015e-06, 8.97910922504e-07, 2.2341012027e-06, 4.37005212461e-07, 2.62689127339e-07, 3.68562638187e-07, 4.28469661529e-07, 1.18515708891e-06, 6.54172538361e-07, 5.94641733187e-07, 2.65434835001e-07, 2.33421900475e-07, 5.11411315074e-07, 3.30393191916e-07, 2.7492285426e-07, 3.32191632424e-07, 7.37129468575e-08, 7.12051004825e-08, 3.98157418147e-08, 2.4821716238e-08, 2.83847345628e-08, 1.55485864184e-08, 1.09759676903e-08, 5.66158764315e-09, 1.0241139492e-08, 8.3144113816e-09, 3.46053363742e-09, 2.05910200002e-09, 2.41281461477e-09, 2.1034491926e-09, 1.84626058886e-09, 1.29840926899e-09, 1.66399716228e-09, 9.98449878331e-10, 4.63136529127e-10, 4.31669783252e-10, 2.95221153079e-10, 7.65844748729e-11, 1.75966907712e-10, 7.14357600851e-11, 1.44133718849e-10, 1.94329718983e-10, 1.2489137502e-10, 6.89628631978e-11, 8.83462816792e-11, 4.63816311747e-11, 2.57580120427e-11, 1.25184524205e-11, 1.01340377062e-11, 5.27959403626e-12, 5.29319123255e-12, 3.8725099516e-12, 3.37136178349e-12, 2.63902094622e-12, 2.50162997956e-12, 2.44772453174e-12, 2.39740063739e-12, 2.35642863729e-12, 2.3081048791e-12, 2.26306581981e-12, 2.2398949015e-12, 2.22145847724e-12, 2.20762015439e-12, 2.19157201067e-12],
        "stdev": [2.62533103523e-05, 0.000312905060127, 0.000738795264624, 0.0011314956937, 0.000779298308771, 0.000454122346127, 0.000290155352559, 0.000166766345501, 0.000362142367521, 0.00261567672715, 0.00210466771387, 0.000528958335053, 0.000306095054839, 0.000220772155444, 0.000270441145403, 0.000256123952568, 0.000484057381982, 0.00194005086087, 0.00119940401055, 0.000772182480432, 0.00141198630445, 0.0011333838338, 0.0013275470119, 0.000527092430275, 0.000975434202701, 0.000568634714, 0.000302593456581, 0.000693855516147, 0.000293766905088, 0.00150224659592, 0.00119281350635, 0.000258840125753, 0.000153295855853, 0.000474779953947, 0.00056460860651, 0.000462707976112, 0.000462049996713, 0.000515350315254, 0.00226540979929, 0.001317547285, 0.00147371052299, 0.000161153147928, 0.00017873676552, 0.000696565664839, 0.000462529715151, 0.000546938274056, 0.00163649872411, 0.000141212818562, 8.57986087794e-05, 0.000142743010656, 0.000451174506452, 0.000585071975365, 0.000199682399398, 0.000157759466674, 0.000429428531788, 0.000136851842399, 1.89047805179e-05, 8.86458874447e-05, 4.47670317953e-05, 5.1480554248e-05, 2.09263234865e-05, 1.25633887365e-05, 3.73454640794e-05, 2.16966782318e-05, 1.69695413206e-05, 6.52124072076e-06, 2.581924673e-05, 2.39462565332e-06, 1.3650596884e-06, 2.29080842473e-06, 2.29146144193e-06, 1.33083749461e-05, 8.42082954478e-06, 8.29899363453e-06, 2.72371175924e-06, 1.24769724152e-06, 6.36461709291e-06, 3.93883419747e-06, 2.53673988482e-06, 2.80269637187e-06, 4.56515351743e-07, 7.13248937245e-07, 3.44377269812e-07, 1.45659313944e-07, 2.64971959041e-07, 1.02502468735e-07, 5.6859757791e-08, 1.97545215741e-08, 1.0689923613e-07, 7.27335702777e-08, 3.89561201075e-08, 1.74201666425e-08, 1.81556618628e-08, 2.78042371349e-08, 2.22191349764e-08, 1.23555947695e-08, 2.53316461141e-08, 1.14235172433e-08, 5.15407672097e-09, 5.84103609924e-09, 5.28453947268e-09, 8.13438927327e-10, 3.34960414961e-09, 7.01366298372e-10, 3.83954201766e-09, 3.75351794091e-09, 1.72397673914e-09, 8.48211556548e-10, 2.26935070735e-09, 9.10662989462e-10, 7.53974105372e-10, 2.0292011127e-10, 1.78588047128e-10, 3.67129833478e-11, 4.96902137492e-11, 2.54601322663e-11, 1.92810264282e-11, 7.11132715214e-12, 6.53521637847e-12, 6.36464405485e-12, 6.21144455315e-12, 6.07527353078e-12, 5.95381816765e-12, 5.85036316267e-12, 5.76538296271e-12, 5.69759430608e-12, 5.64749332368e-12, 5.61499501409e-12]
    },
    "mfcc": {
        "mean": [-808.081115723, 199.600448608, -19.1796989441, 20.5527973175, 4.93553686142, 6.16020488739, -4.03255987167, -12.5563983917, -0.84454780817, -1.83328688145, 0.314453721046, 3.75209927559, 3.93880772591],
        "cov": [[7928.72216797, 1920.46032715, -2022.77124023, 876.646179199, -302.890777588, 339.765625, -203.628479004, 27.7307415009, 135.11138916, -133.281707764, 155.685241699, 183.812942505, -6.91799736023], [1920.46032715, 1637.79455566, -37.1233482361, -82.0156326294, 37.4475059509, -14.1640501022, -37.0598602295, -146.50869751, -62.6359977722, -62.0570678711, -27.5863132477, -11.1623363495, 31.8276348114], [-2022.77124023, -37.1233482361, 1096.50769043, -124.434501648, 66.5641174316, -31.0028152466, 97.3994827271, -38.3486976624, -84.0191726685, 48.1663856506, -73.2204818726, -112.690765381, 1.86310815811], [876.646179199, -82.0156326294, -124.434501648, 535.176330566, 23.3291091919, 101.196517944, 21.2367362976, 59.6894378662, 34.1854820251, -27.9350166321, 51.6727828979, 51.1138763428, 9.998919487], [-302.890777588, 37.4475059509, 66.5641174316, 23.3291091919, 196.657073975, 1.14581096172, -10.7971420288, -22.8174819946, -36.7128143311, -46.4263153076, -32.283000946, 22.1584205627, 26.6368274689], [339.765625, -14.1640501022, -31.0028152466, 101.196517944, 1.14581096172, 163.187789917, 36.0379829407, 5.48607444763, 1.62288701534, -20.0178661346, -9.33549213409, -14.5209646225, -5.55334615707], [-203.628479004, -37.0598602295, 97.3994827271, 21.2367362976, -10.7971420288, 36.0379829407, 130.603805542, 46.2768287659, 3.47833371162, 11.0847654343, -14.0654449463, -19.9220314026, -0.596938610077], [27.7307415009, -146.50869751, -38.3486976624, 59.6894378662, -22.8174819946, 5.48607444763, 46.2768287659, 145.444793701, 73.3620529175, 7.38594865799, -4.22256231308, -5.56867980957, -0.615881741047], [135.11138916, -62.6359977722, -84.0191726685, 34.1854820251, -36.7128143311, 1.62288701534, 3.47833371162, 73.3620529175, 157.13444519, 83.2448730469, 15.9713430405, -14.1646490097, -35.2035865784], [-133.281707764, -62.0570678711, 48.1663856506, -27.9350166321, -46.4263153076, -20.0178661346, 11.0847654343, 7.38594865799, 83.2448730469, 185.67880249, 91.1147613525, -15.692440033, -30.1795978546], [155.685241699, -27.5863132477, -73.2204818726, 51.6727828979, -32.283000946, -9.33549213409, -14.0654449463, -4.22256231308, 15.9713430405, 91.1147613525, 183.337631226, 91.0152587891, -9.77343082428], [183.812942505, -11.1623363495, -112.690765381, 51.1138763428, 22.1584205627, -14.5209646225, -19.9220314026, -5.56867980957, -14.1646490097, -15.692440033, 91.0152587891, 160.919387817, 67.2929382324], [-6.91799736023, 31.8276348114, 1.86310815811, 9.998919487, 26.6368274689, -5.55334615707, -0.596938610077, -0.615881741047, -35.2035865784, -30.1795978546, -9.77343082428, 67.2929382324, 160.863739014]],
        "icov": [[0.00438603153452, -0.00585743132979, 0.00646550348029, -0.00605061184615, 0.00680765323341, -0.00651640212163, 0.00592852896079, -0.00549295917153, 0.00526183424518, -0.00537173869088, 0.00517167290673, -0.00393894547597, 0.00240318244323], [-0.00585743132979, 0.00853090174496, -0.0085778888315, 0.00814124103636, -0.00917799398303, 0.00885078124702, -0.0081782983616, 0.00832785014063, -0.00752402469516, 0.00779058318585, -0.00732837663963, 0.00575815048069, -0.00355862267315], [0.00646550348029, -0.0085778888315, 0.0107986684889, -0.00885573029518, 0.00951812416315, -0.00923820678145, 0.00780349317938, -0.00794556830078, 0.00875004380941, -0.00884566176683, 0.00797999370843, -0.0050717680715, 0.00336595717818], [-0.00605061184615, 0.00814124103636, -0.00885573029518, 0.0108469221741, -0.00987974740565, 0.00756736472249, -0.00824957992882, 0.00693158712238, -0.00805033091456, 0.0085666347295, -0.00855022948235, 0.00553339859471, -0.00353830936365], [0.00680765323341, -0.00917799398303, 0.00951812416315, -0.00987974740565, 0.0166642423719, -0.0101990085095, 0.0099205346778, -0.00818035751581, 0.00883933715522, -0.00830255076289, 0.0100825270638, -0.00826676189899, 0.00395408924669], [-0.00651640212163, 0.00885078124702, -0.00923820678145, 0.00756736472249, -0.0101990085095, 0.01766936481, -0.0116367032751, 0.0101135522127, -0.00897201430053, 0.00976805947721, -0.00871468894184, 0.00788106396794, -0.00405760342255], [0.00592852896079, -0.0081782983616, 0.00780349317938, -0.00824957992882, 0.0099205346778, -0.0116367032751, 0.0192213095725, -0.0127108814195, 0.0103376777843, -0.0102606983855, 0.00926518253982, -0.00672964472324, 0.00398908229545], [-0.00549295917153, 0.00832785014063, -0.00794556830078, 0.00693158712238, -0.00818035751581, 0.0101135522127, -0.0127108814195, 0.0207361634821, -0.0150689622387, 0.0120809292421, -0.00940461177379, 0.00765246292576, -0.00529063073918], [0.00526183424518, -0.00752402469516, 0.00875004380941, -0.00805033091456, 0.00883933715522, -0.00897201430053, 0.0103376777843, -0.0150689622387, 0.0227597858757, -0.0173582620919, 0.0131937656552, -0.00903967674822, 0.00662855897099], [-0.00537173869088, 0.00779058318585, -0.00884566176683, 0.0085666347295, -0.00830255076289, 0.00976805947721, -0.0102606983855, 0.0120809292421, -0.0173582620919, 0.0239881835878, -0.018980551511, 0.0131750786677, -0.00644516851753], [0.00517167290673, -0.00732837663963, 0.00797999370843, -0.00855022948235, 0.0100825270638, -0.00871468894184, 0.00926518253982, -0.00940461177379, 0.0131937656552, -0.018980551511, 0.0249436218292, -0.0177835859358, 0.00842055119574], [-0.00393894547597, 0.00575815048069, -0.0050717680715, 0.00553339859471, -0.00826676189899, 0.00788106396794, -0.00672964472324, 0.00765246292576, -0.00903967674822, 0.0131750786677, -0.0177835859358, 0.0216421801597, -0.00958896800876], [0.00240318244323, -0.00355862267315, 0.00336595717818, -0.00353830936365, 0.00395408924669, -0.00405760342255, 0.00398908229545, -0.00529063073918, 0.00662855897099, -0.00644516851753, 0.00842055119574, -0.00958896800876, 0.011168862693]]
    },
    "spectral_contrast_coeffs": {
        "mean": [-0.713084995747, -0.682597696781, -0.721421182156, -0.741172254086, -0.806095898151, -0.736877501011],
        "stdev": [0.0883292928338, 0.106264829636, 0.0953726172447, 0.0975440368056, 0.0740773901343, 0.0624409131706]
    },
    "spectral_contrast_valleys": {
        "mean": [-7.92424106598, -8.19143676758, -9.23969364166, -9.50473213196, -10.0373392105, -14.1671037674],
        "stdev": [3.19070100784, 3.13773870468, 3.00277400017, 2.96117782593, 2.89210271835, 2.17107653618]
    }
},
"rhythm": {
    "beats_count": 343,
    "beats_loudness": {
        "mean": 0.0241128299385,
        "stdev": 0.0292789787054
    },
    "bpm": 122.361351013,
    "bpm_histogram_first_peak_bpm": 123,
    "bpm_histogram_first_peak_weight": 0.5,
    "bpm_histogram_second_peak_bpm": 117,
    "bpm_histogram_second_peak_spread": 0.223529398441,
    "bpm_histogram_second_peak_weight": 0.192982450128,
    "danceability": 1.11785662174,
    "onset_rate": 3.52337622643,
    "beats_loudness_band_ratio": {
        "mean": [0.276542633772, 0.253922849894, 0.264505714178, 0.160409927368, 0.0572611875832, 0.00355999125168],
        "stdev": [0.204355359077, 0.199985936284, 0.208684325218, 0.188081637025, 0.0913027822971, 0.00523573346436]
    },
    "beats_position": [0.476009070873, 0.96362811327, 1.46285712719, 1.9620860815, 2.46131515503, 2.97215414047, 3.48299312592, 3.99383211136, 4.5046710968, 5.02712011337, 5.53795909882, 6.03718805313, 6.52480697632, 7.01242637634, 7.50004529953, 7.99927425385, 8.498503685, 8.99773216248, 9.49696159363, 9.99619007111, 10.4838094711, 10.95981884, 11.4474372864, 11.9350566864, 12.4226751328, 12.9102945328, 13.3979139328, 13.8855323792, 14.3731517792, 14.8607711792, 15.3483896255, 15.8360090256, 16.3236274719, 16.8112468719, 17.298866272, 17.786485672, 18.2624931335, 18.7501125336, 19.2377319336, 19.7253513336, 20.2013607025, 20.6889801025, 21.1765975952, 21.6642169952, 22.1402263641, 22.6394557953, 23.1270751953, 23.614692688, 24.102312088, 24.589931488, 25.0775508881, 25.5651702881, 26.0527877808, 26.5404071808, 27.0280265808, 27.5156459808, 28.0032653809, 28.4908847809, 28.9785022736, 29.4661216736, 29.9421310425, 30.4181404114, 30.8941497803, 31.3701572418, 31.8577766418, 32.3453979492, 32.8330154419, 33.3206329346, 33.8082542419, 34.2958717346, 34.7951011658, 35.2827186584, 35.7703399658, 36.2463493347, 36.7223587036, 37.2099761963, 37.6859855652, 38.1736030579, 38.6612243652, 39.1488418579, 39.6364631653, 40.1124725342, 40.5884780884, 41.0760993958, 41.5521087646, 42.0281181335, 42.5157356262, 42.9917449951, 43.4793624878, 43.9553718567, 44.4429931641, 44.9306106567, 45.4066200256, 45.8826293945, 46.3586387634, 46.8346481323, 47.322265625, 47.8098869324, 48.297504425, 48.7851219177, 49.2611312866, 49.7371406555, 50.2131500244, 50.6891593933, 51.1767807007, 51.6527900696, 52.1287956238, 52.6164169312, 53.1040344238, 53.5916557312, 54.0792732239, 54.578502655, 55.0777320862, 55.5885696411, 56.0877990723, 56.5870285034, 57.0862579346, 57.5854873657, 58.0614967346, 58.5491142273, 59.03673172, 59.5243530273, 60.0235824585, 60.5111999512, 60.9988212585, 61.4864387512, 61.9740562439, 62.4616775513, 62.9609069824, 63.4369163513, 63.924533844, 64.4121551514, 64.899772644, 65.3873901367, 65.8866195679, 66.385848999, 66.8734664917, 67.3610839844, 67.8487091064, 68.3363265991, 68.8355560303, 69.3347854614, 69.8224029541, 70.3100204468, 70.8092498779, 71.3084793091, 71.8193206787, 72.3069381714, 72.7945556641, 73.2821731567, 73.7697982788, 74.2574157715, 74.7566452026, 75.2558746338, 75.7551040649, 76.2543258667, 76.7419509888, 77.2295684814, 77.7171859741, 78.2048034668, 78.6924285889, 79.1800460815, 79.6676635742, 80.1668930054, 80.6661224365, 81.1653518677, 81.6645812988, 82.1521987915, 82.6398162842, 83.1274337769, 83.6150588989, 84.1026763916, 84.6019058228, 85.1011352539, 85.6119689941, 86.1111984253, 86.6104278564, 87.1096572876, 87.6088867188, 88.0965042114, 88.5957336426, 89.0949630737, 89.5941925049, 90.093421936, 90.5926513672, 91.0918807983, 91.602722168, 92.1019515991, 92.6011810303, 93.0887985229, 93.5996322632, 94.0872573853, 94.5748748779, 95.0624923706, 95.5501098633, 96.037727356, 96.525352478, 97.0129699707, 97.5005874634, 97.9882049561, 98.4758224487, 98.9750518799, 99.462677002, 99.9619064331, 100.461128235, 100.960357666, 101.459587097, 101.958816528, 102.469657898, 102.980499268, 103.491333008, 104.002174377, 104.513015747, 105.023849487, 105.523078918, 106.02230835, 106.521537781, 107.020767212, 107.519996643, 108.007614136, 108.506843567, 109.017684937, 109.505302429, 110.016143799, 110.526985168, 111.0262146, 111.525436401, 112.024665833, 112.535507202, 113.034736633, 113.533966064, 114.033195496, 114.520812988, 115.020042419, 115.496055603, 115.995285034, 116.506118774, 117.005348206, 117.504577637, 118.015419006, 118.537864685, 119.048706055, 119.559547424, 120.081993103, 120.592834473, 121.103668213, 121.602897644, 122.113739014, 122.624580383, 123.123809814, 123.623039246, 124.133872986, 124.633102417, 125.132331848, 125.643173218, 126.154014587, 126.664848328, 127.175689697, 127.686531067, 128.185760498, 128.6849823, 129.18421936, 129.683441162, 130.182678223, 130.681900024, 131.192733765, 131.691970825, 132.191192627, 132.702041626, 133.201263428, 133.712112427, 134.234558105, 134.745391846, 135.256240845, 135.767074585, 136.277908325, 136.777145386, 137.276367188, 137.810424805, 138.332870483, 138.843719482, 139.354553223, 139.865386963, 140.376235962, 140.898681641, 141.421127319, 141.943572998, 142.454421997, 142.94203186, 143.452880859, 143.9637146, 144.47454834, 144.9737854, 145.484619141, 145.99546814, 146.50630188, 147.01713562, 147.539596558, 148.050430298, 148.561264038, 149.060501099, 149.5597229, 150.082168579, 150.604629517, 151.138687134, 151.661132812, 152.171966553, 152.694412231, 153.20526123, 153.716094971, 154.238540649, 154.761001587, 155.295059204, 155.817504883, 156.328338623, 156.839187622, 157.361633301, 157.895690918, 158.418136597, 158.928970337, 159.451431274, 159.962265015, 160.473098755, 160.983947754, 161.494781494, 162.005615234, 162.539672852, 163.073745728, 163.607803345, 164.141860962, 164.675918579, 165.209976196, 165.744033813, 166.289703369, 166.823760986, 167.369430542, 167.915100098, 168.344665527, 168.774230957, 169.203811646, 169.633377075, 170.062942505, 170.492507935],
    "bpm_histogram": [0, 0, 0, 0, 0, 0, 0, 0, 0, 0, 0, 0, 0, 0, 0, 0, 0, 0, 0, 0, 0, 0, 0, 0, 0, 0, 0, 0, 0, 0, 0, 0, 0, 0, 0, 0, 0, 0, 0, 0, 0, 0, 0, 0, 0, 0, 0, 0, 0, 0, 0, 0, 0, 0, 0, 0, 0, 0, 0, 0, 0, 0, 0, 0, 0, 0, 0, 0, 0, 0, 0, 0, 0, 0, 0, 0, 0, 0, 0, 0, 0, 0, 0, 0, 0, 0, 0, 0, 0, 0, 0, 0, 0, 0, 0, 0, 0, 0, 0, 0, 0, 0, 0, 0, 0, 0, 0, 0, 0, 0, 0.00877192988992, 0, 0.0350877195597, 0, 0, 0.0555555559695, 0, 0.192982450128, 0, 0, 0.257309943438, 0, 0, 0.345029234886, 0, 0, 0.0877192988992, 0, 0, 0, 0, 0, 0, 0, 0, 0, 0, 0, 0, 0, 0.0175438597798, 0, 0, 0, 0, 0, 0, 0, 0, 0, 0, 0, 0, 0, 0, 0, 0, 0, 0, 0, 0, 0, 0, 0, 0, 0, 0, 0, 0, 0, 0, 0, 0, 0, 0, 0, 0, 0, 0, 0, 0, 0, 0, 0, 0, 0, 0, 0, 0, 0, 0, 0, 0, 0, 0, 0, 0, 0, 0, 0, 0, 0, 0, 0, 0, 0, 0, 0, 0, 0, 0, 0, 0, 0, 0, 0, 0, 0, 0, 0, 0, 0, 0, 0, 0, 0, 0, 0, 0, 0, 0, 0, 0, 0, 0, 0, 0, 0, 0, 0, 0, 0, 0, 0, 0, 0, 0, 0, 0, 0]
},
"tonal": {
    "chords_changes_rate": 0.0634834542871,
    "chords_number_rate": 0.0027129680384,
    "chords_strength": {
        "mean": 0.41889166832,
        "stdev": 0.223597258329
    },
    "hpcp_crest": {
        "mean": 16.7932052612,
        "stdev": 7.98143100739
    },
    "hpcp_entropy": {
        "mean": 1.47315859795,
        "stdev": 0.689838826656
    },
    "key_edma": {
        "strength": 0.570022165775,
        "key": "D",
        "scale": "minor"
    },
    "key_krumhansl": {
        "strength": 0.572538435459,
        "key": "D",
        "scale": "minor"
    },
    "key_temperley": {
        "strength": 0.565012633801,
        "key": "D",
        "scale": "minor"
    },
    "tuning_diatonic_strength": 0.389647126198,
    "tuning_equal_tempered_deviation": 0,
    "tuning_frequency": 442.804626465,
    "tuning_nontempered_energy_ratio": 0.622994184494,
    "hpcp": {
        "mean": [0.326112091541, 0.190212279558, 0.116853438318, 0.168179139495, 0.104326605797, 0.093344733119, 0.12528423965, 0.0836995095015, 0.153701320291, 0.248238742352, 0.135697215796, 0.0587059669197, 0.0842441543937, 0.0537068396807, 0.127463400364, 0.207210466266, 0.112575627863, 0.0500284098089, 0.0606419295073, 0.0412464663386, 0.0851714462042, 0.146584406495, 0.0975243747234, 0.0858313664794, 0.127006232738, 0.073983117938, 0.0304645001888, 0.0385352782905, 0.0329832397401, 0.0763045623899, 0.116229765117, 0.0686088055372, 0.0519885197282, 0.0653856396675, 0.0421531274915, 0.180615112185],
        "stdev": [0.400811612606, 0.256713181734, 0.211399272084, 0.31124034524, 0.19702783227, 0.198685526848, 0.266585201025, 0.17210419476, 0.227819919586, 0.3561886549, 0.218080088496, 0.14393517375, 0.223292782903, 0.142969533801, 0.22126558423, 0.344847559929, 0.20117212832, 0.142755880952, 0.180165529251, 0.134125232697, 0.185861498117, 0.281312525272, 0.194374978542, 0.186714977026, 0.263467043638, 0.166987463832, 0.08807361871, 0.124107740819, 0.10040473938, 0.160137072206, 0.225654706359, 0.152745351195, 0.159060373902, 0.188107013702, 0.121136069298, 0.252268731594]
    },
    "chords_histogram": [10.3092784882, 20.7270755768, 27.1296806335, 3.03852415085, 0, 9.06131267548, 0.569723248482, 3.716766119, 0.868149757385, 8.60010814667, 0.434074878693, 0.298426479101, 0.379815518856, 0, 0, 0, 0.732501327991, 0, 0.271296799183, 2.41454148293, 0.352685838938, 0.0542593598366, 5.67010307312, 5.37167644501],
    "thpcp": [1, 0.583272695541, 0.358322918415, 0.515709638596, 0.319910258055, 0.286235123873, 0.384175390005, 0.256658703089, 0.471314400434, 0.761206805706, 0.416106045246, 0.180017754436, 0.258328825235, 0.164688274264, 0.390857636929, 0.63539648056, 0.345205307007, 0.153408631682, 0.185954242945, 0.126479417086, 0.261172294617, 0.449490875006, 0.299051702023, 0.263195902109, 0.389455765486, 0.2268640697, 0.0934172645211, 0.118165746331, 0.101140804589, 0.233982622623, 0.356410473585, 0.210384115577, 0.159419178963, 0.200500503182, 0.129259631038, 0.553843677044],
    "chords_key": "A",
    "chords_scale": "minor"
}
}