{
"metadata": {
    "version": {
        "essentia": "2.1-dev",
        "essentia_git_sha": "v2.1_beta3-415-gd5473f3",
        "extractor": "music 2.0"
    },
    "audio_properties": {
        "analysis": {
            "equal_loudness": 0,
            "length": 274.782043457,
            "sample_rate": 44100,
            "start_time": 0,
            "downmix": "mix"
        },
        "bit_rate": 192000,
        "length": 274.782043457,
        "lossless": 0,
        "number_channels": 2,
        "replay_gain": -4.89006233215,
        "sample_rate": 44100,
        "codec": "mp3",
        "md5_encoded": "76d9819cf4c0c31a66d31fa03c7a5593"
    },
    "tags": {
        "file_name": "bernard_primeau_jazz_sextet--winter_waltz.mp3",
        "album": ["Propulsion"],
        "artist": ["Bernard Primeau Jazz Sextet"],
        "date": ["1989"],
        "genre": ["Jazz"],
        "title": ["Winter Waltz"]
    }
},
"lowlevel": {
    "average_loudness": 0.618724346161,
    "barkbands_crest": {
        "mean": 8.8412437439,
        "stdev": 3.8794863224
    },
    "barkbands_flatness_db": {
        "mean": 0.110619805753,
        "stdev": 0.038001742214
    },
    "barkbands_kurtosis": {
        "mean": 2.24983119965,
        "stdev": 5.70898675919
    },
    "barkbands_skewness": {
        "mean": 1.00923740864,
        "stdev": 1.32994759083
    },
    "barkbands_spread": {
        "mean": 32.3223609924,
        "stdev": 16.2267475128
    },
    "dissonance": {
        "mean": 0.462429106236,
        "stdev": 0.0230817850679
    },
    "dynamic_complexity": 4.14211750031,
    "erbbands_crest": {
        "mean": 8.21653366089,
        "stdev": 3.74326682091
    },
    "erbbands_flatness_db": {
        "mean": 0.141069978476,
        "stdev": 0.0353573150933
    },
    "erbbands_kurtosis": {
        "mean": -0.26359552145,
        "stdev": 1.4350310564
    },
    "erbbands_skewness": {
        "mean": 0.0462149493396,
        "stdev": 0.820485293865
    },
    "erbbands_spread": {
        "mean": 50.3360786438,
        "stdev": 19.1943588257
    },
    "hfc": {
        "mean": 39.9590454102,
        "stdev": 84.6203918457
    },
    "loudness_ebu128": {
        "integrated": -19.1858272552,
        "loudness_range": 6.05622291565,
        "momentary": {
            "mean": -24.5169792175,
            "stdev": 31.193271637
        },
        "short_term": {
            "mean": -21.2215423584,
            "stdev": 14.0653781891
        }
    },
    "melbands_crest": {
        "mean": 12.150097847,
        "stdev": 5.0695772171
    },
    "melbands_flatness_db": {
        "mean": 0.149640485644,
        "stdev": 0.0553642660379
    },
    "melbands_kurtosis": {
        "mean": 10.953289032,
        "stdev": 16.136510849
    },
    "melbands_skewness": {
        "mean": 2.39912438393,
        "stdev": 1.62694048882
    },
    "melbands_spread": {
        "mean": 45.0728607178,
        "stdev": 39.9214820862
    },
    "pitch_salience": {
        "mean": 0.566762626171,
        "stdev": 0.11072627455
    },
    "silence_rate_20dB": {
        "mean": 1,
        "stdev": 0
    },
    "silence_rate_30dB": {
        "mean": 0.997718632221,
        "stdev": 0.0477096773684
    },
    "silence_rate_60dB": {
        "mean": 0.131558939815,
        "stdev": 0.338030576706
    },
    "spectral_centroid": {
        "mean": 2064.46508789,
        "stdev": 1339.0032959
    },
    "spectral_complexity": {
        "mean": 13.9245462418,
        "stdev": 7.60261011124
    },
    "spectral_decrease": {
        "mean": -3.39508976488e-09,
        "stdev": 2.66689537121e-09
    },
    "spectral_energy": {
        "mean": 0.0164382625371,
        "stdev": 0.0153998276219
    },
    "spectral_energyband_high": {
        "mean": 0.00347256287932,
        "stdev": 0.0093280877918
    },
    "spectral_energyband_low": {
        "mean": 0.00182355358265,
        "stdev": 0.00277982838452
    },
    "spectral_energyband_middle_high": {
        "mean": 0.00421475945041,
        "stdev": 0.00521924626082
    },
    "spectral_energyband_middle_low": {
        "mean": 0.00722384126857,
        "stdev": 0.00668397685513
    },
    "spectral_entropy": {
        "mean": 7.57764053345,
        "stdev": 0.449905544519
    },
    "spectral_flux": {
        "mean": 0.0594850704074,
        "stdev": 0.041937161237
    },
    "spectral_kurtosis": {
        "mean": 2.74041366577,
        "stdev": 1.70052778721
    },
    "spectral_rms": {
        "mean": 0.0035977140069,
        "stdev": 0.001758910832
    },
    "spectral_rolloff": {
        "mean": 3328.92504883,
        "stdev": 3245.22192383
    },
    "spectral_skewness": {
        "mean": 1.1885484457,
        "stdev": 0.321560978889
    },
    "spectral_spread": {
        "mean": 5962890.5,
        "stdev": 4418560
    },
    "spectral_strongpeak": {
        "mean": 2.14207696915,
        "stdev": 5.38197231293
    },
    "zerocrossingrate": {
        "mean": 0.1074302122,
        "stdev": 0.0788605585694
    },
    "barkbands": {
        "mean": [4.87825855089e-05, 0.000950611138251, 0.000620481325313, 0.000568927032873, 0.00126531627029, 0.00155526143499, 0.00135095999576, 0.00101931462996, 0.00131279905327, 0.000389086751966, 0.00035466402187, 0.000310030474793, 0.000211129256058, 0.000283253204543, 0.000406083709095, 0.000352094997652, 0.000312643445795, 0.000510416051839, 0.000731164414901, 0.000556302024052, 0.000238752472796, 0.000260020402493, 0.00139330106322, 0.000928212539293, 0.000218973073061, 0.00023204369063, 5.73337711103e-05],
        "stdev": [0.000145425132359, 0.00176811532583, 0.00103368784767, 0.0011067148298, 0.0024474747479, 0.00294331251644, 0.0022956894245, 0.002023371635, 0.00276380125433, 0.0010884430958, 0.000893855292816, 0.000965580460615, 0.000527427124325, 0.000593725009821, 0.000831166573334, 0.000940795056522, 0.000768206838984, 0.000889234768692, 0.00122837699018, 0.000922950508539, 0.000424160243711, 0.000690452405252, 0.00397288706154, 0.00289874803275, 0.000867981929332, 0.000912586692721, 0.000260961969616]
    },
    "erbbands": {
        "mean": [0.020149813965, 0.238122820854, 0.756579577923, 1.23892986774, 3.44358730316, 3.90262269974, 7.95428991318, 13.399266243, 17.5400905609, 20.7390174866, 28.5323505402, 26.9762096405, 16.3127498627, 15.9073724747, 9.33820819855, 12.7835512161, 10.7218828201, 13.4964065552, 16.0512180328, 23.3603858948, 19.1065635681, 18.0341720581, 27.9611225128, 34.7423706055, 39.9674301147, 20.7681503296, 10.4440975189, 8.91215705872, 6.1265130043, 27.901512146, 41.3008728027, 29.5119609833, 8.66282367706, 3.42229890823, 0.780167758465, 0.807390868664, 0.43197286129, 0.0998582616448, 0.0128750633448, 0.000468436279334],
        "stdev": [0.0501679480076, 0.411401569843, 1.19941580296, 1.86707246304, 8.49608230591, 6.35873031616, 19.3285751343, 28.1187343597, 29.9788703918, 39.994342804, 51.874130249, 60.7622833252, 35.5817337036, 35.7398147583, 20.5563182831, 39.9844703674, 24.547170639, 28.3956565857, 27.56457901, 50.8711471558, 47.2214889526, 42.2955245972, 50.9312553406, 49.7113609314, 71.1850280762, 30.8362007141, 16.11759758, 17.9298210144, 12.6632080078, 76.8941040039, 118.50605011, 97.8503570557, 25.9301071167, 11.9636545181, 2.17776441574, 2.83619499207, 1.76157295704, 0.441440403461, 0.0569789037108, 0.00248468690552]
    },
    "gfcc": {
        "mean": [-25.7888908386, 50.0796279907, -110.42061615, 37.1504592896, -71.1215744019, 3.76660466194, -40.2384223938, 13.8556480408, -24.4865207672, 3.61023736, -14.3726682663, -2.65741896629, -20.4947452545],
        "cov": [[28567.9453125, -793.614868164, -2211.61669922, 113.861984253, -1316.35766602, -58.9740905762, -720.755615234, 386.126190186, -102.794006348, -101.071151733, -121.85798645, -14.4939975739, -733.080810547], [-793.614868164, 1934.37194824, -495.472076416, 172.628677368, 75.5063934326, -8.69247436523, -61.2974205017, -31.5115566254, -189.870162964, 120.442176819, -135.422637939, 39.3406143188, 282.550262451], [-2211.61669922, -495.472076416, 1162.94006348, 125.679893494, 45.6801223755, 75.7618026733, 183.022705078, -0.61877644062, 50.0169639587, 40.8350028992, 63.9277191162, 23.7265739441, -78.6152114868], [113.861984253, 172.628677368, 125.679893494, 312.627807617, 25.5533676147, 63.7074127197, 32.4729499817, 5.64383554459, -47.2490158081, 32.5556488037, -8.15576457977, 2.04766249657, 6.40044927597], [-1316.35766602, 75.5063934326, 45.6801223755, 25.5533676147, 322.761260986, 56.5924186707, 67.3644104004, 10.8856391907, 19.9133758545, 21.971370697, -15.7308540344, 23.2348918915, 60.6567077637], [-58.9740905762, -8.69247436523, 75.7618026733, 63.7074127197, 56.5924186707, 123.52897644, 69.808013916, 36.2093315125, 24.4101257324, 18.7970867157, 7.46949005127, 7.33522367477, -0.729145586491], [-720.755615234, -61.2974205017, 183.022705078, 32.4729499817, 67.3644104004, 69.808013916, 157.978942871, 43.0589637756, 50.6449203491, 13.1730794907, 17.2847518921, -0.699055492878, 7.74677658081], [386.126190186, -31.5115566254, -0.61877644062, 5.64383554459, 10.8856391907, 36.2093315125, 43.0589637756, 106.468315125, 57.4932823181, 32.7336120605, 13.827208519, 5.59466981888, -16.8582839966], [-102.794006348, -189.870162964, 50.0169639587, -47.2490158081, 19.9133758545, 24.4101257324, 50.6449203491, 57.4932823181, 174.773452759, 10.5466117859, 81.755241394, -10.2578887939, -28.8737792969], [-101.071151733, 120.442176819, 40.8350028992, 32.5556488037, 21.971370697, 18.7970867157, 13.1730794907, 32.7336120605, 10.5466117859, 112.483299255, 15.1522550583, 41.7281723022, 10.6820077896], [-121.85798645, -135.422637939, 63.9277191162, -8.15576457977, -15.7308540344, 7.46949005127, 17.2847518921, 13.827208519, 81.755241394, 15.1522550583, 134.55267334, 22.5218219757, -20.7115325928], [-14.4939975739, 39.3406143188, 23.7265739441, 2.04766249657, 23.2348918915, 7.33522367477, -0.699055492878, 5.59466981888, -10.2578887939, 41.7281723022, 22.5218219757, 82.2269592285, 40.2568626404], [-733.080810547, 282.550262451, -78.6152114868, 6.40044927597, 60.6567077637, -0.729145586491, 7.74677658081, -16.8582839966, -28.8737792969, 10.6820077896, -20.7115325928, 40.2568626404, 136.004089355]],
        "icov": [[8.61782464199e-05, 1.9450308173e-05, 0.000185840253835, -0.000153384520672, 0.000263121590251, -0.00013132035383, 0.000193868152564, -0.000308966642478, -4.26084334322e-05, 0.000181158116902, 0.000215271182242, -0.000498849141877, 0.000528517062776], [1.9450308173e-05, 0.00113267463166, 0.000391230598325, -0.000507906719577, 0.000163421093021, -1.00180604932e-05, 0.000139656651299, -0.000106681989564, 0.000697283539921, -0.00153386814054, 0.000171167339431, 0.00119650084525, -0.00215196353383], [0.000185840253835, 0.000391230598325, 0.00181179633364, -0.000910197501071, 0.000601226347499, -3.51647895513e-06, -0.0013835337013, 0.000426706916187, -4.78863912576e-05, -0.000324615190038, 0.000462329946458, -0.001677200431, 0.00172475562431], [-0.000153384520672, -0.000507906719577, -0.000910197501071, 0.00471533183008, -0.00054853601614, -0.00201168726198, -8.01770147518e-05, 0.000127210572828, 0.00195727846585, -0.000920625578146, -0.00141536607407, 0.00208396324888, -0.000609970709775], [0.000263121590251, 0.000163421093021, 0.000601226347499, -0.00054853601614, 0.00477923220024, -0.00160707929172, -0.000454408233054, -0.000203843592317, -0.00107698410284, 6.39673889964e-05, 0.00178880791645, -0.00202076602727, -5.05179486936e-05], [-0.00013132035383, -1.00180604932e-05, -3.51647895513e-06, -0.00201168726198, -0.00160707929172, 0.0130728296936, -0.00478751305491, -0.00137717730831, -0.000444654608145, -0.000122586541693, 0.000100879638921, -0.000885735906195, 0.000487201818032], [0.000193868152564, 0.000139656651299, -0.0013835337013, -8.01770147518e-05, -0.000454408233054, -0.00478751305491, 0.0127537604421, -0.00410123961046, -0.00129732687492, 0.0008195785922, 9.07183493837e-05, 0.00164490798488, -0.0019118123455], [-0.000308966642478, -0.000106681989564, 0.000426706916187, 0.000127210572828, -0.000203843592317, -0.00137717730831, -0.00410123961046, 0.0164928659797, -0.00501749804243, -0.00403926707804, 0.00206798105501, -0.000706302234903, 0.000934442621656], [-4.26084334322e-05, 0.000697283539921, -4.78863912576e-05, 0.00195727846585, -0.00107698410284, -0.000444654608145, -0.00129732687492, -0.00501749804243, 0.0128125501797, -0.00154438160826, -0.0074450802058, 0.00561138801277, -0.0018214994343], [0.000181158116902, -0.00153386814054, -0.000324615190038, -0.000920625578146, 6.39673889964e-05, -0.000122586541693, 0.0008195785922, -0.00403926707804, -0.00154438160826, 0.0152096096426, 0.000539425411262, -0.00921776518226, 0.00473034894094], [0.000215271182242, 0.000171167339431, 0.000462329946458, -0.00141536607407, 0.00178880791645, 0.000100879638921, 9.07183493837e-05, 0.00206798105501, -0.0074450802058, 0.000539425411262, 0.0136546986178, -0.00731223309413, 0.00321336416528], [-0.000498849141877, 0.00119650084525, -0.001677200431, 0.00208396324888, -0.00202076602727, -0.000885735906195, 0.00164490798488, -0.000706302234903, 0.00561138801277, -0.00921776518226, -0.00731223309413, 0.0261251125485, -0.0124581484124], [0.000528517062776, -0.00215196353383, 0.00172475562431, -0.000609970709775, -5.05179486936e-05, 0.000487201818032, -0.0019118123455, 0.000934442621656, -0.0018214994343, 0.00473034894094, 0.00321336416528, -0.0124581484124, 0.0193664710969]]
    },
    "melbands": {
        "mean": [0.000224074741709, 0.000377529242542, 0.000289724615868, 0.00027091280208, 0.000250947312452, 0.000308193702949, 0.00027461478021, 0.00022636000358, 0.000247548596235, 0.000163249569596, 7.7758813859e-05, 6.22982406639e-05, 3.73836555809e-05, 2.8417487556e-05, 3.45362168446e-05, 2.18302157009e-05, 2.51145083894e-05, 2.25063595281e-05, 3.45070802723e-05, 2.72687066172e-05, 2.1185100195e-05, 1.82355361176e-05, 2.02835271921e-05, 2.63473248197e-05, 2.77298040601e-05, 2.96625803458e-05, 2.8690255931e-05, 9.94997208181e-06, 7.42488600736e-06, 4.17139517594e-06, 5.87617296333e-06, 2.55260692938e-06, 6.04379692959e-06, 1.97150948225e-05, 2.7593860068e-05, 1.58496386575e-05, 2.05373653444e-05, 5.50892355022e-06, 5.14875137014e-06, 1.84727934993e-06],
        "stdev": [0.00046368810581, 0.0005885164137, 0.000531564175617, 0.000523558817804, 0.000582812470384, 0.0006003115559, 0.000443648808869, 0.000416576862335, 0.000482123083202, 0.000360522681149, 0.000178729329491, 0.00014349866251, 8.67869093781e-05, 7.63915231801e-05, 0.0001263027807, 4.72171486763e-05, 5.81153690291e-05, 4.55648405477e-05, 7.39680690458e-05, 7.56313384045e-05, 6.05602399446e-05, 4.98583467561e-05, 4.17177543568e-05, 5.18070919497e-05, 4.43760072812e-05, 6.21434446657e-05, 5.54816942895e-05, 1.56630376296e-05, 1.32118248075e-05, 6.38849041934e-06, 1.52077909661e-05, 6.02594309385e-06, 1.56877777044e-05, 5.87028698646e-05, 8.16548854345e-05, 4.75350316265e-05, 7.0927591878e-05, 1.6199233869e-05, 2.04379084607e-05, 6.29485248282e-06]
    },
    "melbands128": {
        "mean": [4.12162371504e-05, 0.000136159462272, 0.000274691090453, 0.000439182447735, 0.000436802860349, 0.0002673532872, 0.000209879421163, 0.000326791079715, 0.000377752527129, 0.000295162753901, 0.000216688829823, 0.00018443960289, 0.000277251761872, 0.000329533067998, 0.000281276734313, 0.000326863722876, 0.00032213589293, 0.000232012811466, 0.000294535333524, 0.000222645699978, 0.000177387293661, 0.000242818394327, 0.000239013912505, 0.000320443679811, 0.000154474764713, 0.000137490962516, 0.00010178800585, 7.45090292185e-05, 5.29683784407e-05, 4.5418204536e-05, 7.93547151261e-05, 7.19156887499e-05, 2.54870974459e-05, 1.99822661671e-05, 2.81719458144e-05, 2.56378261838e-05, 3.72062058887e-05, 4.8409889132e-05, 2.23564602493e-05, 1.58791481226e-05, 2.4631866836e-05, 2.59789649135e-05, 2.50957382377e-05, 2.49972508755e-05, 2.38060874835e-05, 1.95684133359e-05, 2.40849276452e-05, 4.21458134952e-05, 3.16927180393e-05, 3.37796809617e-05, 2.72416600637e-05, 2.15160980588e-05, 2.4814333301e-05, 1.82624971785e-05, 1.84175696631e-05, 1.99077185243e-05, 1.61892385222e-05, 1.56178994075e-05, 2.15807413042e-05, 3.13914497383e-05, 2.7073723686e-05, 2.09191439353e-05, 2.45764022111e-05, 3.13275122608e-05, 3.38638601534e-05, 2.93033172056e-05, 2.3799484552e-05, 3.54790863639e-05, 3.37982746714e-05, 1.44306632137e-05, 7.63017305871e-06, 9.8889495348e-06, 7.94980314822e-06, 7.91820093582e-06, 4.78488618683e-06, 4.3239651859e-06, 3.73952070731e-06, 4.11665087086e-06, 7.90829199104e-06, 5.94059883952e-06, 2.10541793422e-06, 1.01437763078e-06, 2.91679930342e-06, 4.72440297017e-06, 1.06903953565e-05, 1.43576908158e-05, 2.52376394201e-05, 2.47827174462e-05, 3.8218087866e-05, 1.61591760843e-05, 2.12477934838e-05, 1.51156509673e-05, 7.47416743252e-06, 3.23419335473e-05, 1.99116111617e-05, 5.17377020515e-06, 3.51300855073e-06, 1.99185569727e-06, 6.82141671859e-06, 6.32897945252e-06, 2.46831746153e-06, 1.00230386124e-06, 1.08946528599e-06, 2.64932282334e-07, 6.18857882273e-07, 7.91518118604e-07, 1.71680733274e-06, 9.88096871879e-07, 1.24653649891e-06, 1.44820694459e-06, 2.60871047431e-06, 1.22388451018e-06, 1.12215900572e-06, 1.11393751467e-06, 1.9295553102e-06, 1.00670695247e-06, 4.37670962583e-07, 3.54987747642e-07, 3.16387200883e-07, 6.45754425932e-07, 4.27636308586e-07, 1.15543492996e-07, 6.26106313462e-08, 6.30730454532e-08, 1.22520319223e-07, 3.53867477543e-08, 9.89046533562e-09, 4.19552413644e-12],
        "stdev": [0.00012754627096, 0.000405618688092, 0.000620360369794, 0.000742259377148, 0.000712074455805, 0.000446039339295, 0.000313778989948, 0.000714817084372, 0.00109433126636, 0.000669118133374, 0.000390749803046, 0.000662606151309, 0.000824780319817, 0.000949847570155, 0.000817187887151, 0.000854409881867, 0.000798206136096, 0.000517818669323, 0.000668315798976, 0.000682155310642, 0.000446471240139, 0.000650117115583, 0.000602757558227, 0.000966791179962, 0.000596584577579, 0.00043292590999, 0.000283673231024, 0.000284838548396, 0.000189455153304, 0.00018210883718, 0.000226987933274, 0.000214966188651, 0.000111884095531, 9.72202251432e-05, 0.000106532650534, 0.000101408280898, 0.000178016256541, 0.000237342828768, 0.00010436874436, 5.82549218962e-05, 7.73868887336e-05, 8.11367135611e-05, 8.61365697347e-05, 8.7486107077e-05, 7.251441275e-05, 6.1192047724e-05, 7.91501806816e-05, 0.000122316574561, 0.000104217033368, 0.00013028626563, 0.000122220691992, 9.11362294573e-05, 0.000116051043733, 6.85546037857e-05, 7.49730825191e-05, 8.3908358647e-05, 6.51331210975e-05, 6.55299591017e-05, 5.74145597056e-05, 9.60974648478e-05, 8.94130207598e-05, 6.01988613198e-05, 6.66498890496e-05, 7.13090921636e-05, 8.47603005241e-05, 9.9777324067e-05, 7.23646226106e-05, 0.000116311537568, 7.75087610236e-05, 4.0439714212e-05, 1.95803713723e-05, 2.26793781621e-05, 1.73813059519e-05, 2.06705262826e-05, 1.16333803817e-05, 1.04170831037e-05, 6.4648256739e-06, 6.51036725685e-06, 2.6738134693e-05, 2.31235371757e-05, 5.05425123265e-06, 2.15577324525e-06, 9.94518813968e-06, 1.40763431773e-05, 4.51654159406e-05, 4.65828998131e-05, 0.000113771944598, 0.000106958636025, 0.000148450242705, 8.07759279269e-05, 7.99630142865e-05, 6.32875671727e-05, 3.06442925648e-05, 0.000151663567522, 6.92545363563e-05, 2.15262571146e-05, 1.19132610052e-05, 9.69542907114e-06, 3.00906849589e-05, 3.32919771608e-05, 9.71681402007e-06, 3.50299819729e-06, 3.83911719837e-06, 5.529432201e-07, 2.12660756915e-06, 2.64052550847e-06, 6.03573653279e-06, 2.9781633657e-06, 5.77003675062e-06, 5.2580458032e-06, 1.26420673041e-05, 5.47146555618e-06, 5.23963353771e-06, 4.82571977045e-06, 9.89490854408e-06, 5.96291420152e-06, 1.8099171939e-06, 1.8212078885e-06, 1.6613525986e-06, 3.05197045236e-06, 2.21572759074e-06, 7.20731179626e-07, 4.71536338864e-07, 5.36443451438e-07, 1.22552614812e-06, 3.85242344692e-07, 1.1128129529e-07, 9.70535943279e-11]
    },
    "mfcc": {
        "mean": [-660.389282227, 79.3870620728, 10.9502353668, 27.9452972412, -4.9740486145, -8.03968143463, -4.55684089661, 2.30194950104, -11.0149793625, 9.94419574738, -0.853510975838, -1.98520588875, -0.262869656086],
        "cov": [[10764.6152344, -44.053478241, -415.257598877, -193.063140869, 54.180229187, -367.219818115, -322.67074585, 229.712875366, -400.68560791, 491.138275146, -1.10332620144, -18.7691230774, 0.414790838957], [-44.053478241, 1486.25683594, -342.270904541, 199.708480835, -33.2334632874, 69.3639907837, 21.0322341919, -140.341522217, 207.47366333, -230.417739868, -32.3102226257, -24.3342704773, -46.1134109497], [-415.257598877, -342.270904541, 875.094116211, 88.5253677368, -41.1901931763, 59.7416877747, 74.906211853, 73.8951416016, -87.2221069336, 131.580673218, 57.6588439941, 25.5606384277, 47.0040397644], [-193.063140869, 199.708480835, 88.5253677368, 271.401123047, 49.0602836609, 87.614074707, 76.6046905518, -21.7165546417, 62.3968238831, -73.2505111694, 13.8888158798, 22.3782558441, 4.98357248306], [54.180229187, -33.2334632874, -41.1901931763, 49.0602836609, 152.58152771, 41.0669937134, 25.6609764099, 19.332818985, 14.8851604462, 4.27149581909, 10.1958198547, 18.4263057709, 16.7584571838], [-367.219818115, 69.3639907837, 59.7416877747, 87.614074707, 41.0669937134, 146.989761353, 72.405128479, 2.14641547203, 68.0659103394, -42.7666168213, 10.4519138336, 19.9684486389, 3.40087151527], [-322.67074585, 21.0322341919, 74.906211853, 76.6046905518, 25.6609764099, 72.405128479, 119.523498535, 29.6478042603, 44.6875648499, -22.1551876068, 11.2699012756, 17.2393722534, 14.2153568268], [229.712875366, -140.341522217, 73.8951416016, -21.7165546417, 19.332818985, 2.14641547203, 29.6478042603, 111.236740112, 1.03043246269, 80.0419845581, 11.6853837967, 17.5956287384, 23.0230751038], [-400.68560791, 207.47366333, -87.2221069336, 62.3968238831, 14.8851604462, 68.0659103394, 44.6875648499, 1.03043246269, 176.386474609, -46.5395851135, 5.77415132523, 10.3714828491, -4.93267154694], [491.138275146, -230.417739868, 131.580673218, -73.2505111694, 4.27149581909, -42.7666168213, -22.1551876068, 80.0419845581, -46.5395851135, 187.520278931, 51.9141387939, 18.6858024597, 26.9460315704], [-1.10332620144, -32.3102226257, 57.6588439941, 13.8888158798, 10.1958198547, 10.4519138336, 11.2699012756, 11.6853837967, 5.77415132523, 51.9141387939, 100.86529541, 54.2596855164, 9.61718463898], [-18.7691230774, -24.3342704773, 25.5606384277, 22.3782558441, 18.4263057709, 19.9684486389, 17.2393722534, 17.5956287384, 10.3714828491, 18.6858024597, 54.2596855164, 94.4490432739, 50.0969543457], [0.414790838957, -46.1134109497, 47.0040397644, 4.98357248306, 16.7584571838, 3.40087151527, 14.2153568268, 23.0230751038, -4.93267154694, 26.9460315704, 9.61718463898, 50.0969543457, 106.045822144]],
        "icov": [[0.000145664060256, -8.91658346518e-05, 0.000150241961819, -0.000203186165891, -1.39159556056e-05, 2.76528662653e-05, 0.000265665439656, -0.000322379724821, 0.000388480926631, -0.000455484900158, 0.000164998346008, -7.51039915485e-05, 9.36263604672e-05], [-8.91658346518e-05, 0.00114353140816, 0.000213756327867, -0.000576838268898, 0.000497713626828, 4.57531932625e-05, 2.67567193077e-05, 0.000778330489993, -0.00113263551611, 0.000733340450097, -0.000318431557389, 0.000371921516489, -0.000208563244087], [0.000150241961819, 0.000213756327867, 0.00213395152241, -0.00140261056367, 0.00138837134, -0.00125572376419, -0.000426759186666, -0.000478634930914, 0.00158782058861, -0.00184919708408, -0.000303956127027, 0.000656250223983, -0.000544312468264], [-0.000203186165891, -0.000576838268898, -0.00140261056367, 0.00680654868484, -0.00206827698275, -0.000555764825549, -0.00242145499215, 0.00133012526203, -0.00115395220928, 0.00252161826938, -0.000818184867967, -0.000679684570059, 0.000133152963826], [-1.39159556056e-05, 0.000497713626828, 0.00138837134, -0.00206827698275, 0.00863397773355, -0.00264780013822, 3.00454576063e-05, -0.0011978946859, 0.000801738060545, -0.000977691495791, -0.000386351399356, 0.000257441366557, -0.00112603779417], [2.76528662653e-05, 4.57531932625e-05, -0.00125572376419, -0.000555764825549, -0.00264780013822, 0.0130200684071, -0.00461394060403, 0.000890374067239, -0.00343357445672, 0.00182270351797, 0.000302362197544, -0.0019067452522, 0.00127905292902], [0.000265665439656, 2.67567193077e-05, -0.000426759186666, -0.00242145499215, 3.00454576063e-05, -0.00461394060403, 0.0162562895566, -0.00686237774789, -0.000330809532898, 0.00308979069814, -0.00221972982399, 0.00156275974587, -0.00156997027807], [-0.000322379724821, 0.000778330489993, -0.000478634930914, 0.00133012526203, -0.0011978946859, 0.000890374067239, -0.00686237774789, 0.0187866147608, -0.00296214572154, -0.00778485275805, 0.00498472340405, -0.0035426877439, 0.000553204270545], [0.000388480926631, -0.00113263551611, 0.00158782058861, -0.00115395220928, 0.000801738060545, -0.00343357445672, -0.000330809532898, -0.00296214572154, 0.0102277426049, -0.00086733297212, -0.000685701961629, 0.000135781403515, 0.000221424037591], [-0.000455484900158, 0.000733340450097, -0.00184919708408, 0.00252161826938, -0.000977691495791, 0.00182270351797, 0.00308979069814, -0.00778485275805, -0.00086733297212, 0.016054507345, -0.00879493355751, 0.00421271054074, -0.00291846995242], [0.000164998346008, -0.000318431557389, -0.000303956127027, -0.000818184867967, -0.000386351399356, 0.000302362197544, -0.00221972982399, 0.00498472340405, -0.000685701961629, -0.00879493355751, 0.0212654396892, -0.0139589309692, 0.00616942392662], [-7.51039915485e-05, 0.000371921516489, 0.000656250223983, -0.000679684570059, 0.000257441366557, -0.0019067452522, 0.00156275974587, -0.0035426877439, 0.000135781403515, 0.00421271054074, -0.0139589309692, 0.0242681447417, -0.0107794851065], [9.36263604672e-05, -0.000208563244087, -0.000544312468264, 0.000133152963826, -0.00112603779417, 0.00127905292902, -0.00156997027807, 0.000553204270545, 0.000221424037591, -0.00291846995242, 0.00616942392662, -0.0107794851065, 0.0150858107954]]
    },
    "spectral_contrast_coeffs": {
        "mean": [-0.708298027515, -0.706618607044, -0.726203978062, -0.748004853725, -0.737926602364, -0.734977006912],
        "stdev": [0.0891845747828, 0.0892878696322, 0.0854996666312, 0.081401951611, 0.0769568532705, 0.0563443265855]
    },
    "spectral_contrast_valleys": {
        "mean": [-7.70055627823, -7.49751853943, -8.60062599182, -8.85193634033, -8.16466236115, -10.5446605682],
        "stdev": [2.56513953209, 2.56961083412, 2.43381023407, 2.41396379471, 2.47766137123, 2.23458456993]
    }
},
"rhythm": {
    "beats_count": 549,
    "beats_loudness": {
        "mean": 0.0224661566317,
        "stdev": 0.0209548082203
    },
    "bpm": 117.722839355,
    "bpm_histogram_first_peak_bpm": 117,
    "bpm_histogram_first_peak_weight": 0.623376607895,
    "bpm_histogram_second_peak_bpm": 112,
    "bpm_histogram_second_peak_spread": 0.533333361149,
    "bpm_histogram_second_peak_weight": 0.102189779282,
    "danceability": 1.1499568224,
    "onset_rate": 4.56701517105,
    "beats_loudness_band_ratio": {
        "mean": [0.20259475708, 0.174149557948, 0.230733141303, 0.0954259932041, 0.108602076769, 0.222358480096],
        "stdev": [0.198240965605, 0.17157548666, 0.161717936397, 0.102244101465, 0.107776761055, 0.223126381636]
    },
    "beats_position": [0.476009070873, 0.9287981987, 1.369977355, 1.78793644905, 2.18267560005, 2.57741498947, 2.97215414047, 3.36689329147, 3.76163268089, 4.15637159348, 4.55111122131, 4.94585037231, 5.34058952332, 5.73532867432, 6.13006782532, 6.52480697632, 6.91954612732, 7.31428575516, 7.70902490616, 8.10376358032, 8.498503685, 8.893242836, 9.287981987, 9.682721138, 10.0658502579, 10.4489793777, 10.8437185287, 11.2384576797, 11.6331968307, 12.0279359818, 12.4226751328, 12.8174142838, 13.2121543884, 13.7462129593, 14.2802715302, 14.8259410858, 15.3599996567, 15.9056682587, 16.4513378143, 16.9853973389, 17.5310649872, 18.0651245117, 18.5991840363, 19.1332416534, 19.6789112091, 20.2245807648, 20.7702484131, 21.3159179688, 21.8615875244, 22.4188652039, 22.9645347595, 23.5218143463, 24.0674819946, 24.6131515503, 25.1472110748, 25.681268692, 26.2269382477, 26.7726078033, 27.3066654205, 27.8639450073, 28.3980045319, 28.932062149, 29.4661216736, 30.0001811981, 30.5342407227, 31.0682983398, 31.5907478333, 32.1131973267, 32.6472549438, 33.1929244995, 33.7385940552, 34.2958717346, 34.8415412903, 35.3872108459, 35.9328804016, 36.4785499573, 37.0242156982, 37.5698852539, 38.1039466858, 38.638004303, 39.1836738586, 39.7293434143, 40.2750091553, 40.8206787109, 41.3547401428, 41.88879776, 42.4228553772, 42.9685249329, 43.50258255, 44.0250320435, 44.5590934753, 45.0931510925, 45.6272087097, 46.1496582031, 46.6721076965, 47.2061653137, 47.7402267456, 48.262676239, 48.7851219177, 49.2959632874, 49.8184127808, 50.3524703979, 50.8865280151, 51.4321975708, 51.9662590027, 52.5003166199, 53.0343742371, 53.5684356689, 54.0908851624, 54.6133308411, 55.1357803345, 55.6582298279, 56.2038993835, 56.7495689392, 57.2836265564, 57.8176841736, 58.3517456055, 58.8858032227, 59.4198646545, 59.9539222717, 60.4879798889, 61.0336494446, 61.5677070618, 62.1133766174, 62.6474380493, 63.1814956665, 63.7039451599, 64.2031707764, 64.6907958984, 65.1900177002, 65.6892471313, 66.1884765625, 66.6877059937, 67.1869354248, 67.686164856, 68.1970062256, 68.7542877197, 69.3231735229, 69.8920593262, 70.4609527588, 71.029838562, 71.5871200562, 72.1444015503, 72.701675415, 73.2357330322, 73.7814025879, 74.3270721436, 74.8843536377, 75.4300231934, 75.975692749, 76.5329666138, 77.0902481079, 77.6475296021, 78.2048034668, 78.7620849609, 79.3077545166, 79.8534240723, 80.4803619385, 81.1072998047, 81.7806777954, 82.4656677246, 83.1506576538, 83.928527832, 84.6831741333, 85.449432373, 86.2156906128, 86.993560791, 87.7714233398, 88.5492935181, 89.2575073242, 89.965713501, 90.6739196777, 91.3821334839, 92.0787277222, 92.7172775269, 93.3558273315, 93.9595413208, 94.5748748779, 95.1205444336, 95.6662139893, 96.223487854, 96.7807693481, 97.3380508423, 97.895324707, 98.4177780151, 98.9402236938, 99.462677002, 99.9619064331, 100.472740173, 100.983581543, 101.494422913, 102.005256653, 102.516098022, 103.026939392, 103.526168823, 104.025398254, 104.536231995, 105.047073364, 105.569519043, 106.057144165, 106.556373596, 107.055595398, 107.554824829, 108.065666199, 108.576507568, 109.087341309, 109.598182678, 110.097412109, 110.596641541, 111.10748291, 111.606712341, 112.105941772, 112.616775513, 113.116004944, 113.615234375, 114.126075745, 114.636917114, 115.147750854, 115.658592224, 116.169433594, 116.680267334, 117.191108704, 117.690338135, 118.189567566, 118.700408936, 119.199638367, 119.698867798, 120.209701538, 120.720542908, 121.219772339, 121.71900177, 122.218231201, 122.717460632, 123.228294373, 123.739135742, 124.249977112, 124.760810852, 125.260040283, 125.770881653, 126.270111084, 126.780952454, 127.268569946, 127.779411316, 128.290252686, 128.801086426, 129.300308228, 129.799545288, 130.310379028, 130.809616089, 131.308837891, 131.81968689, 132.33052063, 132.84135437, 133.340591431, 133.839813232, 134.327438354, 134.826660156, 135.337509155, 135.848342896, 136.347564697, 136.846801758, 137.34602356, 137.84526062, 138.35609436, 138.855331421, 139.366165161, 139.853790283, 140.353012085, 140.863845825, 141.363082886, 141.873916626, 142.373153687, 142.872375488, 143.371612549, 143.870834351, 144.370071411, 144.880905151, 145.391738892, 145.890975952, 146.390197754, 146.901046753, 147.411880493, 147.922714233, 148.421951294, 148.909561157, 149.408798218, 149.90802002, 150.395645142, 150.894866943, 151.394104004, 151.881713867, 152.380950928, 152.880172729, 153.37940979, 153.878631592, 154.366256714, 154.853881836, 155.341491699, 155.829116821, 156.328338623, 156.827575684, 157.315185547, 157.802810669, 158.290420532, 158.789657593, 159.288879395, 159.799728394, 160.322174072, 160.76335144, 161.19291687, 161.622497559, 162.052062988, 162.493240356, 162.922805786, 163.352371216, 163.770339966, 164.188293457, 164.606262207, 165.035827637, 165.465393066, 165.894958496, 166.336135864, 166.719268799, 167.114013672, 167.497146606, 167.857055664, 168.228561401, 168.600082397, 168.971603394, 169.34312439, 169.714645386, 170.09777832, 170.480911255, 170.898864746, 171.293609619, 171.688339233, 172.106307983, 172.501037598, 172.895782471, 173.290512085, 173.685256958, 174.068389893, 174.439910889, 174.811431885, 175.171340942, 175.54284668, 175.925979614, 176.309112549, 176.703857422, 177.214691162, 177.713912964, 178.213150024, 178.700775146, 179.18838501, 179.676010132, 180.163619995, 180.651245117, 181.138870239, 181.638092041, 182.137313843, 182.648162842, 183.054504395, 183.460861206, 183.85559082, 184.238723755, 184.621856689, 184.993377686, 185.364898682, 185.759628296, 186.131149292, 186.502670288, 186.874191284, 187.24571228, 187.628845215, 188.011962891, 188.395095825, 188.789840698, 189.172973633, 189.54447937, 189.916000366, 190.426849365, 190.914459229, 191.413696289, 191.912918091, 192.412155151, 192.911376953, 193.399002075, 193.886611938, 194.374237061, 194.861862183, 195.349472046, 195.837097168, 196.324707031, 196.812332153, 197.299957275, 197.787567139, 198.275192261, 198.786026001, 199.273651123, 199.761260986, 200.248886108, 200.713287354, 201.177688599, 201.618865967, 202.060043335, 202.501220703, 202.965621948, 203.430023193, 203.917633057, 204.416870117, 204.916091919, 205.403717041, 205.891326904, 206.378952026, 206.866577148, 207.354187012, 207.853424072, 208.352645874, 208.851882935, 209.351104736, 209.850341797, 210.349563599, 210.860397339, 211.371246338, 211.882080078, 212.392913818, 212.915374756, 213.449432373, 213.960266113, 214.459503174, 214.970336914, 215.492782593, 216.015228271, 216.549285889, 217.071746826, 217.594192505, 218.128250122, 218.650695801, 219.173141479, 219.695602417, 220.218048096, 220.740493774, 221.262939453, 221.785385132, 222.296234131, 222.807067871, 223.341125488, 223.863571167, 224.374420166, 224.885253906, 225.407699585, 225.953369141, 226.499038696, 227.05632019, 227.613601685, 228.170883179, 228.739776611, 229.285430908, 229.819503784, 230.341949463, 230.864395142, 231.38684082, 231.897689819, 232.40852356, 232.9193573, 233.430206299, 233.952651978, 234.475097656, 234.997543335, 235.519989014, 236.042449951, 236.553283691, 237.07572937, 237.598175049, 238.109024048, 238.631469727, 239.153915405, 239.664764404, 240.175598145, 240.686431885, 241.208877563, 241.719726562, 242.230560303, 242.741394043, 243.252243042, 243.763076782, 244.285522461, 244.807983398, 245.318817139, 245.829650879, 246.352111816, 246.886169434, 247.408615112, 247.919448853, 248.430297852, 248.95274353, 249.475189209, 249.986022949, 250.496871948, 251.019317627, 251.541763306, 252.064208984, 252.575057983, 253.097503662, 253.631561279, 254.165618896, 254.699676514, 255.233734131, 255.75617981, 256.278625488, 256.789459229, 257.311920166, 257.834381104, 258.368438721, 258.786376953, 259.181121826, 259.599090576, 260.005432129, 260.411773682, 260.818145752, 261.247711182, 261.677276611, 262.106842041, 262.513183594, 262.931152344, 263.349121094, 263.778686523, 264.208251953, 264.730712891, 265.253143311, 265.775604248, 266.228393555, 266.681182861, 267.145568848, 267.644805908, 268.132415771, 268.631652832, 269.096038818, 269.548828125, 270.001617432, 270.454406738, 270.883972168, 271.313568115, 271.743133545, 272.172698975, 272.602264404, 273.043426514, 273.473022461, 273.902587891],
    "bpm_histogram": [0, 0, 0, 0, 0, 0, 0, 0, 0, 0, 0, 0, 0, 0, 0, 0, 0, 0, 0, 0, 0, 0, 0, 0, 0, 0, 0, 0, 0, 0, 0, 0, 0, 0, 0, 0, 0, 0, 0, 0, 0, 0, 0, 0, 0, 0, 0, 0, 0, 0, 0, 0, 0, 0, 0, 0, 0, 0, 0, 0, 0, 0, 0, 0, 0, 0, 0, 0, 0, 0, 0, 0, 0, 0, 0, 0, 0, 0.00729927001521, 0.0036496350076, 0, 0.0018248175038, 0, 0, 0, 0, 0.00729927001521, 0.0018248175038, 0, 0.0036496350076, 0.0018248175038, 0, 0, 0, 0, 0.0036496350076, 0, 0.0036496350076, 0, 0.0018248175038, 0.0018248175038, 0, 0, 0, 0, 0, 0.00912408716977, 0, 0, 0.0383211672306, 0, 0.0784671530128, 0, 0.102189779282, 0, 0, 0.11313868314, 0, 0.158759117126, 0, 0, 0.149635031819, 0, 0, 0.0784671530128, 0, 0, 0, 0, 0, 0.01094890479, 0, 0, 0, 0.01094890479, 0, 0, 0.0145985400304, 0, 0, 0, 0.0364963486791, 0, 0, 0, 0.0182481743395, 0, 0, 0, 0.01094890479, 0, 0, 0, 0.0711678862572, 0, 0, 0, 0, 0.0273722633719, 0, 0, 0, 0.0237226281315, 0.00547445239499, 0, 0, 0, 0, 0.0036496350076, 0, 0, 0, 0, 0, 0, 0, 0, 0, 0, 0, 0, 0, 0, 0, 0, 0, 0, 0, 0, 0, 0, 0, 0, 0, 0, 0, 0, 0, 0, 0, 0, 0, 0, 0, 0, 0, 0, 0, 0, 0, 0, 0, 0, 0, 0, 0, 0, 0, 0, 0, 0, 0, 0, 0, 0, 0, 0, 0, 0, 0, 0, 0, 0, 0, 0, 0, 0, 0, 0, 0, 0, 0, 0, 0, 0, 0, 0, 0, 0, 0, 0]
},
"tonal": {
    "chords_changes_rate": 0.0931057780981,
    "chords_number_rate": 0.00321054412052,
    "chords_strength": {
        "mean": 0.428363829851,
        "stdev": 0.168146818876
    },
    "hpcp_crest": {
        "mean": 17.1044235229,
        "stdev": 8.60896492004
    },
    "hpcp_entropy": {
        "mean": 1.55007445812,
        "stdev": 0.764348208904
    },
    "key_edma": {
        "strength": 0.497431635857,
        "key": "D#",
        "scale": "minor"
    },
    "key_krumhansl": {
        "strength": 0.512706696987,
        "key": "D#",
        "scale": "minor"
    },
    "key_temperley": {
        "strength": 0.500350415707,
        "key": "D#",
        "scale": "minor"
    },
    "tuning_diatonic_strength": 0.287328720093,
    "tuning_equal_tempered_deviation": 0,
    "tuning_frequency": 443.316436768,
    "tuning_nontempered_energy_ratio": 0.681575417519,
    "hpcp": {
        "mean": [0.128153115511, 0.0740664750338, 0.136745586991, 0.207604631782, 0.115892849863, 0.0879610031843, 0.121983349323, 0.0775348097086, 0.0602588057518, 0.0735498592257, 0.0561006516218, 0.101086787879, 0.151207447052, 0.0892192199826, 0.0693062767386, 0.0950012654066, 0.0680537074804, 0.144137144089, 0.242292135954, 0.15734782815, 0.0977934375405, 0.127999201417, 0.0976394414902, 0.106917455792, 0.150000572205, 0.107219614089, 0.118718497455, 0.200662374496, 0.158376768231, 0.111689478159, 0.13853661716, 0.113463155925, 0.125351414084, 0.157158538699, 0.108611039817, 0.11240234226],
        "stdev": [0.261305660009, 0.162876918912, 0.225706413388, 0.309786915779, 0.197076916695, 0.19001249969, 0.247641593218, 0.183570429683, 0.14530518651, 0.177861616015, 0.130527466536, 0.208720698953, 0.278254628181, 0.180232346058, 0.163005620241, 0.205243721604, 0.162548884749, 0.23090068996, 0.35431060195, 0.247771158814, 0.202870756388, 0.265308439732, 0.201663807034, 0.200099825859, 0.276130378246, 0.20944134891, 0.20922921598, 0.315483808517, 0.261191308498, 0.200171560049, 0.256030082703, 0.216304242611, 0.200020253658, 0.26136007905, 0.198713377118, 0.218837693334]
    },
    "chords_histogram": [22.9131469727, 6.31970262527, 5.25515365601, 4.69753313065, 1.84183847904, 4.3933763504, 3.32882738113, 8.6515712738, 1.41939842701, 2.70361614227, 3.22744178772, 0.709699213505, 0.777289628983, 1.30111527443, 1.72355520725, 0.287259221077, 0.337952017784, 4.93409919739, 6.06623840332, 3.95403862, 3.41331529617, 0.996958434582, 2.7374112606, 8.00946235657],
    "thpcp": [1, 0.649413704872, 0.403617888689, 0.528284609318, 0.402982294559, 0.44127497077, 0.619089722633, 0.44252204895, 0.489980816841, 0.828183591366, 0.653660356998, 0.460970312357, 0.571775138378, 0.46829071641, 0.517356514931, 0.648632466793, 0.448264807463, 0.463912457228, 0.528919816017, 0.305690795183, 0.564383089542, 0.856836020947, 0.478318661451, 0.363036960363, 0.503455638885, 0.320005476475, 0.248703107238, 0.303558588028, 0.231541365385, 0.4172103405, 0.624070823193, 0.368229955435, 0.2860442698, 0.392093896866, 0.280874609947, 0.594889879227],
    "chords_key": "D#",
    "chords_scale": "minor"
}
}