{
"metadata": {
    "version": {
        "essentia": "2.1-dev",
        "essentia_git_sha": "v2.1_beta3-415-gd5473f3",
        "extractor": "music 2.0"
    },
    "audio_properties": {
        "analysis": {
            "equal_loudness": 0,
            "length": 198.7918396,
            "sample_rate": 44100,
            "start_time": 0,
            "downmix": "mix"
        },
        "bit_rate": 192000,
        "length": 198.7918396,
        "lossless": 0,
        "number_channels": 2,
        "replay_gain": -8.22522926331,
        "sample_rate": 44100,
        "codec": "mp3",
        "md5_encoded": "ee021f7bb0820c6d2343fd5941acf669"
    },
    "tags": {
        "file_name": "billy_holiday-now_or_never.mp3",
        "album": ["BD Jazz"],
        "artist": ["Billie Holiday"],
        "date": ["2003"],
        "genre": ["Jazz"],
        "title": ["Now Or Never"]
    }
},
"lowlevel": {
    "average_loudness": 0.752999544144,
    "barkbands_crest": {
        "mean": 11.1395864487,
        "stdev": 4.67230892181
    },
    "barkbands_flatness_db": {
        "mean": 0.20353512466,
        "stdev": 0.0744001418352
    },
    "barkbands_kurtosis": {
        "mean": 7.71559047699,
        "stdev": 19.1396865845
    },
    "barkbands_skewness": {
        "mean": 1.29253745079,
        "stdev": 1.77917516232
    },
    "barkbands_spread": {
        "mean": 15.1503705978,
        "stdev": 14.1198730469
    },
    "dissonance": {
        "mean": 0.428394347429,
        "stdev": 0.0543539114296
    },
    "dynamic_complexity": 4.69972705841,
    "erbbands_crest": {
        "mean": 12.3008394241,
        "stdev": 5.79870462418
    },
    "erbbands_flatness_db": {
        "mean": 0.219873920083,
        "stdev": 0.0693565309048
    },
    "erbbands_kurtosis": {
        "mean": 2.65423941612,
        "stdev": 5.44684267044
    },
    "erbbands_skewness": {
        "mean": 0.685766935349,
        "stdev": 1.1207267046
    },
    "erbbands_spread": {
        "mean": 26.9000053406,
        "stdev": 18.5574474335
    },
    "hfc": {
        "mean": 15.0439863205,
        "stdev": 22.5158653259
    },
    "loudness_ebu128": {
        "integrated": -17.5751819611,
        "loudness_range": 5.6206741333,
        "momentary": {
            "mean": -23.6642074585,
            "stdev": 34.9107971191
        },
        "short_term": {
            "mean": -18.2921943665,
            "stdev": 3.62166237831
        }
    },
    "melbands_crest": {
        "mean": 14.3661975861,
        "stdev": 5.98393058777
    },
    "melbands_flatness_db": {
        "mean": 0.257447093725,
        "stdev": 0.0994655638933
    },
    "melbands_kurtosis": {
        "mean": 13.5377922058,
        "stdev": 27.4409008026
    },
    "melbands_skewness": {
        "mean": 1.93464660645,
        "stdev": 1.95801174641
    },
    "melbands_spread": {
        "mean": 22.1241855621,
        "stdev": 26.9377632141
    },
    "pitch_salience": {
        "mean": 0.535573959351,
        "stdev": 0.133999243379
    },
    "silence_rate_20dB": {
        "mean": 1,
        "stdev": 0
    },
    "silence_rate_30dB": {
        "mean": 0.997547566891,
        "stdev": 0.0494591295719
    },
    "silence_rate_60dB": {
        "mean": 0.183580517769,
        "stdev": 0.387132644653
    },
    "spectral_centroid": {
        "mean": 1319.53234863,
        "stdev": 1549.18127441
    },
    "spectral_complexity": {
        "mean": 10.6229124069,
        "stdev": 8.43820667267
    },
    "spectral_decrease": {
        "mean": -3.86859255741e-09,
        "stdev": 4.14460732401e-09
    },
    "spectral_energy": {
        "mean": 0.0159654747695,
        "stdev": 0.0172863602638
    },
    "spectral_energyband_high": {
        "mean": 0.000460983486846,
        "stdev": 0.00145337590948
    },
    "spectral_energyband_low": {
        "mean": 0.00336298788898,
        "stdev": 0.00621778611094
    },
    "spectral_energyband_middle_high": {
        "mean": 0.0061768447049,
        "stdev": 0.0132643505931
    },
    "spectral_energyband_middle_low": {
        "mean": 0.00646458752453,
        "stdev": 0.00764614110813
    },
    "spectral_entropy": {
        "mean": 6.98774957657,
        "stdev": 0.780627131462
    },
    "spectral_flux": {
        "mean": 0.0583772659302,
        "stdev": 0.0376708582044
    },
    "spectral_kurtosis": {
        "mean": 8.61227893829,
        "stdev": 7.85350799561
    },
    "spectral_rms": {
        "mean": 0.00343470880762,
        "stdev": 0.00194394763093
    },
    "spectral_rolloff": {
        "mean": 1680.97973633,
        "stdev": 2793.07250977
    },
    "spectral_skewness": {
        "mean": 1.90561246872,
        "stdev": 0.935766279697
    },
    "spectral_spread": {
        "mean": 4112601.75,
        "stdev": 5230393.5
    },
    "spectral_strongpeak": {
        "mean": 1.38840270042,
        "stdev": 1.94887757301
    },
    "zerocrossingrate": {
        "mean": 0.055895972997,
        "stdev": 0.0740274265409
    },
    "barkbands": {
        "mean": [3.57615840585e-06, 0.00106249155942, 0.00197054678574, 0.00050085777184, 0.00114090123679, 0.000937606731895, 0.000901433988474, 0.00166250159964, 0.000959089433309, 0.00134075351525, 0.000831064768136, 0.00106408714782, 0.00101938983425, 0.000481379887788, 0.000570958363824, 0.000343567167874, 0.000227134209126, 0.000213682040339, 0.000183766169357, 0.000152613662067, 0.000134162328322, 8.34987076814e-05, 8.9963330538e-05, 7.00665259501e-05, 1.62406468007e-05, 4.12580038756e-06, 5.0384048933e-08],
        "stdev": [6.76048239256e-06, 0.00166054186411, 0.00487128831446, 0.00152069341857, 0.00193105742801, 0.00170967192389, 0.00202398118563, 0.00407830439508, 0.00258347718045, 0.00495487172157, 0.00423951214179, 0.00428912974894, 0.00445523718372, 0.00171309430152, 0.00221191602759, 0.00116642273497, 0.000659772136714, 0.000552414217964, 0.000426842801971, 0.000439075432951, 0.000462153868284, 0.000301628140733, 0.000429380015703, 0.000324124761391, 6.17161422269e-05, 1.59992760018e-05, 2.11871025613e-07]
    },
    "erbbands": {
        "mean": [0.0151352984831, 0.323987752199, 1.99390506744, 2.12012386322, 1.78651213646, 4.35666418076, 6.7716999054, 7.40610933304, 13.227599144, 22.2249450684, 35.7381591797, 21.0535488129, 28.2364234924, 48.7046394348, 33.4749183655, 49.9428672791, 50.4774665833, 32.0385475159, 30.6564941406, 18.017698288, 18.558008194, 12.2656316757, 10.9240970612, 11.8917236328, 8.40017604828, 7.30942726135, 6.22654390335, 4.23183393478, 2.97021150589, 2.62373209, 2.73009872437, 1.98091804981, 0.729688405991, 0.232995837927, 0.102323003113, 0.0319227948785, 0.00540194567293, 0.000424137950176, 2.0847272026e-05, 2.0399758796e-05],
        "stdev": [0.024005856365, 0.517612934113, 4.91644239426, 4.71678447723, 2.85014462471, 7.8595123291, 13.6041183472, 14.0952606201, 28.3185920715, 52.2730674744, 95.5952606201, 48.5320091248, 98.7215270996, 187.388305664, 158.338104248, 181.664245605, 213.986602783, 102.698043823, 114.735237122, 56.3543624878, 57.6344604492, 34.7024917603, 31.0880851746, 28.4942131042, 18.2015647888, 21.2940330505, 21.7298545837, 13.6723213196, 10.5138988495, 11.7398843765, 12.3991127014, 10.053155899, 3.00498127937, 0.89267373085, 0.410238206387, 0.133214265108, 0.0185372494161, 0.00138994166628, 4.33362183685e-05, 2.25123094424e-05]
    },
    "gfcc": {
        "mean": [-112.337051392, 120.908889771, -124.394630432, 24.7855911255, -58.2394714355, 1.67876672745, -29.9274501801, 6.67572450638, -19.8924674988, -0.756379902363, -9.73800849915, -4.99256801605, -11.8987007141],
        "cov": [[29766.7011719, 1012.19927979, -4269.36132812, 570.254211426, -1555.58435059, 403.424163818, -699.981384277, 205.397827148, -456.506256104, 39.421333313, -196.56237793, -37.42993927, -457.979187012], [1012.19927979, 2316.61132812, 160.897506714, -256.105133057, 382.338592529, -299.080993652, 182.798400879, -84.4357833862, 5.12088489532, -185.166107178, 46.219493866, -189.026123047, -13.3015680313], [-4269.36132812, 160.897506714, 2149.45629883, 620.117126465, 28.0501766205, 69.054977417, 88.0538635254, 50.2832641602, 33.5452346802, 29.3839855194, -164.729385376, -139.683761597, -14.1028499603], [570.254211426, -256.105133057, 620.117126465, 846.855834961, -82.3298492432, 109.188682556, -80.5699691772, 60.0751686096, 13.1355133057, 42.8672180176, -143.014633179, -71.7486419678, -49.4041213989], [-1555.58435059, 382.338592529, 28.0501766205, -82.3298492432, 557.404418945, -13.024600029, 109.372566223, -53.300075531, 46.7557983398, -49.6362228394, 46.1599082947, -13.0425701141, 11.554646492], [403.424163818, -299.080993652, 69.054977417, 109.188682556, -13.024600029, 388.786376953, 69.4998321533, -53.5642242432, -28.9095096588, 51.1585617065, -6.52338981628, -0.105359755456, -32.3669281006], [-699.981384277, 182.798400879, 88.0538635254, -80.5699691772, 109.372566223, 69.4998321533, 251.260421753, 3.2703268528, -16.0181179047, -36.6612892151, 49.5430488586, -22.5597076416, 2.83692741394], [205.397827148, -84.4357833862, 50.2832641602, 60.0751686096, -53.300075531, -53.5642242432, 3.2703268528, 220.989868164, 30.8073062897, 2.04963612556, -35.4755477905, -8.32048892975, -6.15947818756], [-456.506256104, 5.12088489532, 33.5452346802, 13.1355133057, 46.7557983398, -28.9095096588, -16.0181179047, 30.8073062897, 164.270782471, 14.2715597153, -6.81017971039, 2.32114982605, 18.3020114899], [39.421333313, -185.166107178, 29.3839855194, 42.8672180176, -49.6362228394, 51.1585617065, -36.6612892151, 2.04963612556, 14.2715597153, 133.6146698, 16.3548793793, 9.55356693268, -3.4424507618], [-196.56237793, 46.219493866, -164.729385376, -143.014633179, 46.1599082947, -6.52338981628, 49.5430488586, -35.4755477905, -6.81017971039, 16.3548793793, 140.039108276, 46.9101486206, 16.3108100891], [-37.42993927, -189.026123047, -139.683761597, -71.7486419678, -13.0425701141, -0.105359755456, -22.5597076416, -8.32048892975, 2.32114982605, 9.55356693268, 46.9101486206, 133.408676147, 40.6037063599], [-457.979187012, -13.3015680313, -14.1028499603, -49.4041213989, 11.554646492, -32.3669281006, 2.83692741394, -6.15947818756, 18.3020114899, -3.4424507618, 16.3108100891, 40.6037063599, 111.447044373]],
        "icov": [[0.000179335271241, -0.000371032714611, 0.000504980154801, -0.000400039047236, 0.000500226276927, -0.000447128986707, 0.00028493948048, -0.000300296145724, 0.000286899274215, -0.000143945624586, 0.00028164559626, -0.000295815843856, 0.000388663756894], [-0.000371032714611, 0.00150769634638, -0.00111344782636, 0.000965929822996, -0.00132344674785, 0.00146944657899, -0.000848211231641, 0.000933675852139, -0.000600796658546, 0.000867507711519, -0.000901312567294, 0.00167271541432, -0.000772356695961], [0.000504980154801, -0.00111344782636, 0.00210327468812, -0.00159845501184, 0.00139823497739, -0.00116854382213, 0.000295433826977, -0.000770031590946, 0.000740841787774, -0.000757203029934, 0.00134475342929, -0.000648973567877, 0.000859991181642], [-0.000400039047236, 0.000965929822996, -0.00159845501184, 0.00280942535028, -0.00115511764307, 0.000537229818292, 4.44744509878e-05, 0.000342329440173, -0.000646324711852, 0.00023036559287, 0.00022410370002, 0.00107963848859, -0.00050480896607], [0.000500226276927, -0.00132344674785, 0.00139823497739, -0.00115511764307, 0.00371152209118, -0.00130370433908, 5.75663652853e-05, -0.000326031527948, -7.52421765355e-05, 3.82742691727e-05, 0.000424398313044, -0.00102799967863, 0.00110558583401], [-0.000447128986707, 0.00146944657899, -0.00116854382213, 0.000537229818292, -0.00130370433908, 0.0050678383559, -0.00273775984533, 0.00216423952952, -0.000424429337727, -0.000968866050243, 0.000135284542921, 0.00059089018032, 2.92251115752e-05], [0.00028493948048, -0.000848211231641, 0.000295433826977, 4.44744509878e-05, 5.75663652853e-05, -0.00273775984533, 0.00698342733085, -0.00195305480156, 0.00103633874096, 0.00180014176294, -0.00253928266466, 0.00104538584128, -8.38136475068e-05], [-0.000300296145724, 0.000933675852139, -0.000770031590946, 0.000342329440173, -0.000326031527948, 0.00216423952952, -0.00195305480156, 0.00610503507778, -0.00154485390522, -0.000118382034998, 0.000990675995126, 0.000334730371833, -3.57059943781e-05], [0.000286899274215, -0.000600796658546, 0.000740841787774, -0.000646324711852, -7.52421765355e-05, -0.000424429337727, 0.00103633874096, -0.00154485390522, 0.0073493886739, -0.00129271391779, 0.000768656958826, -0.000418964715209, -0.000519430090208], [-0.000143945624586, 0.000867507711519, -0.000757203029934, 0.00023036559287, 3.82742691727e-05, -0.000968866050243, 0.00180014176294, -0.000118382034998, -0.00129271391779, 0.0101654501632, -0.00357327051461, 0.00146313256118, -0.000303215259919], [0.00028164559626, -0.000901312567294, 0.00134475342929, 0.00022410370002, 0.000424398313044, 0.000135284542921, -0.00253928266466, 0.000990675995126, 0.000768656958826, -0.00357327051461, 0.012488710694, -0.00444547226653, 0.000989251188003], [-0.000295815843856, 0.00167271541432, -0.000648973567877, 0.00107963848859, -0.00102799967863, 0.00059089018032, 0.00104538584128, 0.000334730371833, -0.000418964715209, 0.00146313256118, -0.00444547226653, 0.0125078400597, -0.00414181221277], [0.000388663756894, -0.000772356695961, 0.000859991181642, -0.00050480896607, 0.00110558583401, 2.92251115752e-05, -8.38136475068e-05, -3.57059943781e-05, -0.000519430090208, -0.000303215259919, 0.000989251188003, -0.00414181221277, 0.0116970743984]]
    },
    "melbands": {
        "mean": [0.000220589179662, 0.000841594883241, 0.000358957389835, 0.000211434351513, 0.000239154469455, 0.000174979679286, 0.000198086694581, 0.000267671013717, 0.000292820070172, 0.000120102267829, 0.000139331677929, 0.000198174122488, 0.000105439467006, 0.000118857409689, 0.00013322783343, 8.90510855243e-05, 5.39403154107e-05, 4.3189182179e-05, 3.63923427358e-05, 2.23427086894e-05, 2.13154035009e-05, 1.27203984448e-05, 1.07524701889e-05, 9.68448239291e-06, 9.80745699053e-06, 6.02837235419e-06, 5.97714642936e-06, 4.44490888185e-06, 3.51255494024e-06, 3.83892120226e-06, 2.05879518944e-06, 1.8029148805e-06, 1.38761845392e-06, 1.43143847708e-06, 1.6458184291e-06, 1.52876737047e-06, 1.05008996343e-06, 5.83123210163e-07, 2.86273177608e-07, 1.59518776854e-07],
        "stdev": [0.000343488063663, 0.00183359044604, 0.000728552578948, 0.000340652506566, 0.000459573318949, 0.00033435865771, 0.00042423926061, 0.00064400699921, 0.000791632919572, 0.000292545300908, 0.000521150359418, 0.000791284604929, 0.000524946313817, 0.000494647247251, 0.000523686525412, 0.000346955610439, 0.000190338731045, 0.000166365585756, 0.000147194354213, 8.95384000614e-05, 7.03194309608e-05, 3.96967152483e-05, 3.1574654713e-05, 2.57272095041e-05, 2.48708583968e-05, 1.45262038131e-05, 1.47461096276e-05, 1.44371279021e-05, 1.18295884022e-05, 1.5101630197e-05, 6.68425354888e-06, 6.66398318572e-06, 5.64249239687e-06, 7.5178154475e-06, 7.45337138142e-06, 8.43246561999e-06, 5.15344117957e-06, 2.47386401497e-06, 1.20356776279e-06, 6.20141861418e-07]
    },
    "melbands128": {
        "mean": [2.55569921137e-06, 5.26393159817e-05, 0.000301624939311, 0.000558064377401, 0.00100847776048, 0.000908790156245, 0.000451723084552, 0.000205932010431, 0.000141896758578, 0.000212076149182, 0.000226889023907, 0.000281096057734, 0.000245346280281, 0.000191314145923, 0.000132444343762, 0.000202983559575, 0.000219691646635, 0.000209683363209, 0.000153998335009, 0.000245610019192, 0.000366019055946, 0.000267842784524, 0.000348916539224, 0.000253214762779, 0.00010846011719, 7.65298755141e-05, 0.000115701797768, 0.000162513795658, 0.000118534320791, 0.000237003041548, 0.000236512627453, 0.000109300213808, 8.25847091619e-05, 0.000124176774989, 8.2954968093e-05, 0.000124471727759, 0.000170488492586, 9.99952098937e-05, 0.000154667170136, 0.000120639815577, 5.20948706253e-05, 7.51967018005e-05, 7.56313311285e-05, 2.99862003885e-05, 1.51170634126e-05, 4.13447778556e-05, 8.9151209977e-05, 3.8946262066e-05, 1.45550520756e-05, 1.7176322217e-05, 2.69221200142e-05, 2.23941497097e-05, 2.24987124966e-05, 2.26887586905e-05, 1.50809182742e-05, 1.03835991467e-05, 1.15356178867e-05, 1.20566228361e-05, 1.02143667391e-05, 9.08958554646e-06, 8.48801846587e-06, 1.04647606349e-05, 1.31660708576e-05, 9.36984179134e-06, 5.29401404492e-06, 5.94220364292e-06, 6.26562496109e-06, 5.71383588976e-06, 5.46719502381e-06, 7.5274547271e-06, 3.6197297959e-06, 3.837249551e-06, 3.28250348502e-06, 2.51335836765e-06, 4.8484907893e-06, 5.24263441548e-06, 2.66062625087e-06, 2.28898670684e-06, 1.85188491741e-06, 1.78323068667e-06, 2.44646321335e-06, 1.39425492307e-06, 1.33538753744e-06, 1.23804204577e-06, 1.74014724053e-06, 1.28602334826e-06, 1.3970773125e-06, 1.48511435327e-06, 2.04941238735e-06, 1.33392336465e-06, 1.29357988499e-06, 1.8208520487e-06, 1.60951151429e-06, 7.94103812041e-07, 8.8386968855e-07, 9.33673561576e-07, 3.62801927167e-07, 3.54134272129e-07, 3.63215548305e-07, 1.94347180127e-07, 1.86452894013e-07, 1.57956890234e-07, 1.14300675591e-07, 1.56410095542e-07, 1.12555120779e-07, 9.79310854632e-08, 9.04425903059e-08, 5.41586118175e-08, 6.25646663366e-08, 3.46639446036e-08, 3.30793987757e-08, 1.97836360627e-08, 1.36823681274e-08, 7.63519558689e-09, 5.77080117026e-09, 3.44529960117e-09, 1.92897142703e-09, 2.11297007668e-10, 4.28501158167e-12, 3.2010357906e-12, 2.21810872621e-12, 2.11517023514e-12, 2.07084219564e-12, 2.03196378994e-12, 2.0059869564e-12, 1.98728468577e-12, 1.97215616234e-12, 1.95841932081e-12],
        "stdev": [4.79366235595e-06, 9.23595653148e-05, 0.00053008220857, 0.00091953354422, 0.00255037657917, 0.00212367274798, 0.00110266916454, 0.000577475118916, 0.000253996404354, 0.000462674448499, 0.000480142043671, 0.000736008689273, 0.000595055229496, 0.00049115618458, 0.000328829512, 0.000509724952281, 0.000608067086432, 0.000604119792115, 0.000585333851632, 0.000706429185811, 0.00118051946629, 0.000979025149718, 0.00120306643657, 0.000974092225078, 0.000330897863023, 0.000366062595276, 0.000445889949333, 0.000773563340772, 0.000863349996507, 0.00123727088794, 0.00109913793858, 0.000944090774283, 0.000577759696171, 0.000947748310864, 0.000685581879225, 0.000721484364476, 0.000846224138513, 0.000628939596936, 0.000961530720815, 0.000780481437687, 0.000302399857901, 0.000383142527426, 0.000347988854628, 0.000141100143082, 0.000112370187708, 0.000232617137954, 0.000463924952783, 0.000253563688602, 8.68498973432e-05, 8.99820734048e-05, 0.000152766675455, 0.000128869258333, 0.000111945773824, 0.000105403261841, 6.08255722909e-05, 5.80603154958e-05, 4.80803137179e-05, 5.37683372386e-05, 3.92271394958e-05, 5.09194578626e-05, 3.170015043e-05, 3.21466432069e-05, 4.34825997218e-05, 3.59914556611e-05, 1.69048053067e-05, 2.02911414817e-05, 1.73913795152e-05, 1.79691342055e-05, 1.62221531355e-05, 3.30870680045e-05, 1.23765057651e-05, 2.20050696953e-05, 1.47340442709e-05, 9.4481592896e-06, 2.32265374507e-05, 2.61985369434e-05, 1.63114236784e-05, 8.82522908796e-06, 7.60351213103e-06, 8.8080732894e-06, 1.14476633826e-05, 5.67373990634e-06, 6.70272038406e-06, 6.1004429881e-06, 7.04336798663e-06, 6.76475383443e-06, 1.01254399851e-05, 8.46270086186e-06, 9.60575653153e-06, 6.71520683682e-06, 8.77320053405e-06, 1.0508872947e-05, 1.01353898572e-05, 4.55136569144e-06, 4.37271864939e-06, 4.64868071504e-06, 1.80399638339e-06, 1.64083962773e-06, 1.92527909348e-06, 9.03684394871e-07, 7.54120833335e-07, 6.86114674409e-07, 4.99442705859e-07, 7.6683596717e-07, 5.09138658344e-07, 4.41125308726e-07, 4.4063673954e-07, 2.65373671482e-07, 3.30333449483e-07, 1.38785935633e-07, 1.51240982404e-07, 7.44990131807e-08, 4.98082073364e-08, 2.66695039386e-08, 2.02583976261e-08, 1.48202232708e-08, 8.00119082101e-09, 1.43002798492e-09, 1.331203342e-10, 5.38332226019e-11, 6.05541831955e-12, 4.21182620031e-12, 4.12416064841e-12, 4.05015691124e-12, 3.9879449569e-12, 3.94009130877e-12, 3.90396916183e-12, 3.88160944359e-12]
    },
    "mfcc": {
        "mean": [-741.923217773, 145.561096191, -8.38189697266, 26.041847229, -4.59757757187, -1.07136952877, -2.12559390068, 3.96364998817, -6.95768928528, 5.12393951416, 0.162243381143, 0.00256293755956, 1.52153992653],
        "cov": [[12785.3212891, -476.958251953, -1609.08227539, -202.21647644, -478.345947266, 104.032318115, -202.723342896, 108.180503845, -224.958267212, 56.6712265015, 4.75372028351, 258.822418213, 31.2300491333], [-476.958251953, 2810.21533203, -140.919952393, 141.823257446, 127.370300293, -114.158927917, 177.104095459, 57.8347930908, -62.9845161438, 23.0131607056, 91.2632446289, -159.207015991, 25.6559123993], [-1609.08227539, -140.919952393, 1828.03918457, 455.153320312, 68.4672698975, 129.837463379, 70.8725509644, -55.5453834534, 226.583435059, 58.8988494873, -38.697933197, 100.150085449, -81.4379806519], [-202.21647644, 141.823257446, 455.153320312, 606.829956055, 182.693389893, -15.4393453598, -9.31524562836, 24.9009952545, 104.890365601, 36.8805732727, -5.39412260056, 26.3324127197, -6.84065675735], [-478.345947266, 127.370300293, 68.4672698975, 182.693389893, 314.537322998, 69.5634078979, -16.1658267975, 7.16340255737, 55.0898208618, 0.882323741913, 20.497127533, 1.68698108196, -7.82910299301], [104.032318115, -114.158927917, 129.837463379, -15.4393453598, 69.5634078979, 374.20300293, 96.041343689, -15.101026535, 3.86286330223, -15.7109050751, 31.9850463867, 18.5388660431, -28.5624027252], [-202.723342896, 177.104095459, 70.8725509644, -9.31524562836, -16.1658267975, 96.041343689, 268.937713623, 46.5359535217, -21.3359870911, 18.032169342, 28.3116893768, -28.6883392334, -2.36635041237], [108.180503845, 57.8347930908, -55.5453834534, 24.9009952545, 7.16340255737, -15.101026535, 46.5359535217, 180.51449585, 17.1026210785, 14.9094190598, 2.66361522675, -25.5241794586, 27.2434749603], [-224.958267212, -62.9845161438, 226.583435059, 104.890365601, 55.0898208618, 3.86286330223, -21.3359870911, 17.1026210785, 181.223297119, 35.2657546997, -12.8982133865, 30.8419952393, -22.5169181824], [56.6712265015, 23.0131607056, 58.8988494873, 36.8805732727, 0.882323741913, -15.7109050751, 18.032169342, 14.9094190598, 35.2657546997, 129.744735718, 25.8985118866, -11.921620369, -2.03558778763], [4.75372028351, 91.2632446289, -38.697933197, -5.39412260056, 20.497127533, 31.9850463867, 28.3116893768, 2.66361522675, -12.8982133865, 25.8985118866, 106.865318298, 21.9694862366, 1.27701485157], [258.822418213, -159.207015991, 100.150085449, 26.3324127197, 1.68698108196, 18.5388660431, -28.6883392334, -25.5241794586, 30.8419952393, -11.921620369, 21.9694862366, 138.5965271, 16.3495635986], [31.2300491333, 25.6559123993, -81.4379806519, -6.84065675735, -7.82910299301, -28.5624027252, -2.36635041237, 27.2434749603, -22.5169181824, -2.03558778763, 1.27701485157, 16.3495635986, 105.927940369]],
        "icov": [[0.000120034856081, -1.36832641147e-05, 0.000157672388013, -0.000136050628498, 0.000254172977293, -0.000172847227077, 0.000117125084216, -0.00013464409858, 0.000121901473904, -0.000209271122003, 0.000177918263944, -0.000402060250053, 0.000171585663338], [-1.36832641147e-05, 0.000446890451713, -1.12970210466e-05, -8.58410712681e-05, -0.000207759207115, 0.000274707272183, -0.000325711618643, 8.77614729689e-05, 2.27467462537e-05, 0.000172181098606, -0.000505476607941, 0.000587352144066, -0.00016598062939], [0.000157672388013, -1.12970210466e-05, 0.00108528684359, -0.000796993030235, 0.000641337421257, -0.000495362619404, -0.000185245546163, 0.000180821938557, -0.00054632476531, -0.000457174523035, 0.000664795574266, -0.00098322564736, 0.000621170387603], [-0.000136050628498, -8.58410712681e-05, -0.000796993030235, 0.00283108185977, -0.00174386170693, 0.000691185006872, -5.19368477399e-05, -0.000267745024757, -0.000346076791175, -0.00014032026229, 4.50100087619e-05, 0.000160754527315, -0.000345436448697], [0.000254172977293, -0.000207759207115, 0.000641337421257, -0.00174386170693, 0.00512283435091, -0.00153532309923, 0.000939785677474, -0.00021271755395, -0.000934518291615, 0.000147056765854, -0.000552661891561, -0.000268144125585, 0.000248403404839], [-0.000172847227077, 0.000274707272183, -0.000495362619404, 0.000691185006872, -0.00153532309923, 0.00387964537367, -0.00163022475317, 0.000503956689499, -3.7929003156e-05, 0.000979250413366, -0.00113671110012, 0.000347442022758, 0.000385657855077], [0.000117125084216, -0.000325711618643, -0.000185245546163, -5.19368477399e-05, 0.000939785677474, -0.00163022475317, 0.005191472359, -0.00150589691475, 0.000840807450004, -0.000710427528247, -0.000635201926343, 0.000390196044464, 0.000144253092003], [-0.00013464409858, 8.77614729689e-05, 0.000180821938557, -0.000267745024757, -0.00021271755395, 0.000503956689499, -0.00150589691475, 0.00686290254816, -0.00164475513157, 0.000207702774787, -0.00050858175382, 0.00188006286044, -0.00216805096716], [0.000121901473904, 2.27467462537e-05, -0.00054632476531, -0.000346076791175, -0.000934518291615, -3.7929003156e-05, 0.000840807450004, -0.00164475513157, 0.00837834272534, -0.00248125614598, 0.00186321604997, -0.002458892297, 0.00196902966127], [-0.000209271122003, 0.000172181098606, -0.000457174523035, -0.00014032026229, 0.000147056765854, 0.000979250413366, -0.000710427528247, 0.000207702774787, -0.00248125614598, 0.00986487790942, -0.00370275974274, 0.00279302708805, -0.000859239546116], [0.000177918263944, -0.000505476607941, 0.000664795574266, 4.50100087619e-05, -0.000552661891561, -0.00113671110012, -0.000635201926343, -0.00050858175382, 0.00186321604997, -0.00370275974274, 0.0126533759758, -0.00434823334217, 0.00119673542213], [-0.000402060250053, 0.000587352144066, -0.00098322564736, 0.000160754527315, -0.000268144125585, 0.000347442022758, 0.000390196044464, 0.00188006286044, -0.002458892297, 0.00279302708805, -0.00434823334217, 0.0115791382268, -0.00337398145348], [0.000171585663338, -0.00016598062939, 0.000621170387603, -0.000345436448697, 0.000248403404839, 0.000385657855077, 0.000144253092003, -0.00216805096716, 0.00196902966127, -0.000859239546116, 0.00119673542213, -0.00337398145348, 0.0114767886698]]
    },
    "spectral_contrast_coeffs": {
        "mean": [-0.712300240993, -0.712866961956, -0.724041163921, -0.764825105667, -0.776837766171, -0.771572887897],
        "stdev": [0.084607809782, 0.098391354084, 0.114114426076, 0.0979279279709, 0.0803734958172, 0.0529980883002]
    },
    "spectral_contrast_valleys": {
        "mean": [-7.81245183945, -7.80054187775, -8.76861667633, -9.09375762939, -9.0189037323, -11.9792108536],
        "stdev": [2.87406015396, 2.86996054649, 2.74404907227, 2.70032310486, 2.74351525307, 2.43688011169]
    }
},
"rhythm": {
    "beats_count": 423,
    "beats_loudness": {
        "mean": 0.0239701438695,
        "stdev": 0.0202176682651
    },
    "bpm": 162.995407104,
    "bpm_histogram_first_peak_bpm": 157,
    "bpm_histogram_first_peak_weight": 0.487179458141,
    "bpm_histogram_second_peak_bpm": 167,
    "bpm_histogram_second_peak_spread": 0,
    "bpm_histogram_second_peak_weight": 0.0639810413122,
    "danceability": 1.16433310509,
    "onset_rate": 3.39018440247,
    "beats_loudness_band_ratio": {
        "mean": [0.306684881449, 0.155598834157, 0.247326359153, 0.188820049167, 0.0718777552247, 0.0522782541811],
        "stdev": [0.282105892897, 0.147063851357, 0.212171912193, 0.240049272776, 0.0986482426524, 0.117821216583]
    },
    "beats_position": [0.743038535118, 1.48607707024, 2.2523355484, 3.00698399544, 3.76163268089, 4.51628112793, 5.27092981339, 6.01396799088, 6.76861667633, 7.52326536179, 8.26630401611, 9.0093421936, 9.75238037109, 10.5070295334, 11.261677742, 11.8886165619, 12.5039453506, 13.1192741394, 13.722992897, 14.3267116547, 14.8839902878, 15.4528799057, 16.0217685699, 16.6138763428, 17.1943759918, 17.7748756409, 18.3669834137, 18.9474830627, 19.5279808044, 20.1084804535, 20.7005901337, 21.1185474396, 21.5365066528, 21.9660758972, 22.3840351105, 22.8019943237, 23.219953537, 23.6495227814, 24.0790920258, 24.5086612701, 24.9382305145, 25.3445796967, 25.7509288788, 26.1572780609, 26.5520172119, 26.9467563629, 27.3298854828, 27.7130146027, 28.0961437225, 28.4676647186, 28.8507938385, 29.2339229584, 29.6054420471, 29.9769611359, 30.3600902557, 30.7316093445, 31.1147384644, 31.4862575531, 31.8577766418, 32.2409057617, 32.6240348816, 32.9955558777, 33.3786849976, 33.7618141174, 34.1333312988, 34.5164604187, 34.8995895386, 35.3059387207, 35.8400001526, 36.362449646, 36.8732872009, 37.3841247559, 37.8949661255, 38.4058036804, 38.9282531738, 39.4390907288, 39.9615402222, 40.5304298401, 41.099319458, 41.6565971375, 42.2370948792, 42.7943763733, 43.3516540527, 43.9089317322, 44.4662132263, 44.9073905945, 45.3717918396, 45.83618927, 46.2077102661, 46.5792274475, 46.9507484436, 47.322265625, 47.6937866211, 48.0653038025, 48.4484329224, 48.80834198, 49.1798629761, 49.5513839722, 49.9229011536, 50.3176422119, 50.7123794556, 51.0955085754, 51.5018577576, 51.8965988159, 52.2913360596, 52.6860771179, 53.0692062378, 53.4523353577, 53.8586845398, 54.2650337219, 54.6597709656, 55.1241722107, 55.6001815796, 56.0761909485, 56.5405883789, 57.0049858093, 57.4693870544, 58.0150566101, 58.5607261658, 59.1063919067, 59.6288414001, 60.1396827698, 60.6505203247, 61.1497497559, 61.648979187, 62.1598167419, 62.6822662354, 63.2163238525, 63.7387733459, 64.2496109009, 64.7604522705, 65.2712936401, 65.7937393188, 66.316192627, 66.8850784302, 67.4655761719, 68.0460739136, 68.6846237183, 69.3231735229, 69.9617233276, 70.6234893799, 71.2852630615, 71.9354171753, 72.5855789185, 73.1776885986, 73.7697982788, 74.3502960205, 74.9191818237, 75.4996795654, 76.068572998, 76.6374588013, 77.217956543, 77.7868499756, 78.3673477173, 78.9362335205, 79.5051269531, 80.0740127563, 80.6312942505, 81.2001800537, 81.7690658569, 82.3263473511, 82.8952331543, 83.44090271, 83.9865722656, 84.5438537598, 85.1243515015, 85.6932373047, 86.4130630493, 87.1328811646, 87.8875274658, 88.6421737671, 89.3968200684, 90.1398620605, 90.8829040527, 91.6259384155, 92.3689804077, 93.1120147705, 93.8550567627, 94.5980911255, 95.3411331177, 96.0841674805, 96.8272094727, 97.5702438354, 98.3248977661, 99.0795440674, 99.8341903687, 100.588844299, 101.343490601, 102.098136902, 102.864395142, 103.630653381, 104.396911621, 105.174781799, 105.929428101, 106.672470093, 107.311019897, 107.949569702, 108.56489563, 109.180221558, 109.795555115, 110.318000793, 110.828842163, 111.351287842, 111.711196899, 112.059501648, 112.407798767, 112.767707825, 113.092788696, 113.429473877, 113.766166687, 114.091247559, 114.416320801, 114.776237488, 115.147750854, 115.507659912, 115.86756897, 116.250701904, 116.6222229, 117.005348206, 117.376869202, 117.748390198, 118.119903564, 118.491424561, 118.862945557, 119.2576828, 119.652427673, 120.047164917, 120.441902161, 120.825035095, 121.2081604, 121.591293335, 121.939590454, 122.299499512, 122.647796631, 123.007705688, 123.390838623, 123.773963928, 124.157096863, 124.551834106, 124.934967041, 125.294876099, 125.666389465, 126.0495224, 126.421043396, 126.792556763, 127.175689697, 127.558815002, 127.941947937, 128.313461304, 128.6849823, 129.056503296, 129.428024292, 129.811157227, 130.171066284, 130.530975342, 130.890884399, 131.262405396, 131.633926392, 132.005432129, 132.376953125, 132.748474121, 133.119995117, 133.491516113, 133.874649048, 134.257781982, 134.640899658, 135.024032593, 135.395553589, 135.778686523, 136.15020752, 136.521713257, 136.904846191, 137.276367188, 137.647888184, 138.01940918, 138.390930176, 138.762451172, 139.133972168, 139.505477905, 139.876998901, 140.260131836, 140.643264771, 141.014785767, 141.386306763, 141.769424438, 142.140945435, 142.512466431, 142.895599365, 143.267120361, 143.650253296, 144.033370972, 144.451339722, 144.869293213, 145.287246704, 145.740036011, 146.204437256, 146.657226562, 147.110015869, 147.562805176, 148.027206421, 148.491607666, 148.932785034, 149.373962402, 149.826751709, 150.267929077, 150.720718384, 151.17350769, 151.637908936, 152.102310181, 152.555099487, 153.031112671, 153.483901978, 153.948303223, 154.552017212, 155.155731201, 155.759460449, 156.363174438, 156.955276489, 157.547393799, 158.151107788, 158.743209839, 159.358551025, 159.973876953, 160.531158447, 161.088439941, 161.645706177, 162.156555176, 162.655776978, 163.166610718, 163.549743652, 163.932876587, 164.304397583, 164.699142456, 165.082260132, 165.465393066, 165.860137939, 166.254867554, 166.661224365, 167.0443573, 167.427474976, 167.81060791, 168.193740845, 168.588470459, 168.971603394, 169.366348267, 169.772689819, 170.167434692, 170.562179565, 170.945297241, 171.328430176, 171.699951172, 172.083084106, 172.466217041, 172.849334717, 173.220855713, 173.592376709, 173.963897705, 174.335418701, 174.706939697, 175.078460693, 175.438369751, 175.798278809, 176.169799805, 176.541305542, 176.924438477, 177.31918335, 177.702316284, 178.08543396, 178.491790771, 178.898132324, 179.304489136, 179.722442627, 180.140411377, 180.558364868, 180.987930298, 181.324615479, 181.649703979, 181.974777222, 182.311477661, 182.648162842, 182.984848022, 183.309921265, 183.646621704, 183.983306885, 184.308380127, 184.645080566, 184.970153809, 185.306838989, 185.643539429, 186.049880981, 186.456237793, 186.850967407, 187.257324219, 187.663665771, 188.070022583, 188.476364136, 188.847885132, 189.207794189, 189.567703247, 189.927612305, 190.287521362, 190.635818481, 190.995727539, 191.355636597, 191.715545654, 192.075454712, 192.43536377, 192.795272827, 193.155181885, 193.515090942, 193.875015259, 194.246520996, 194.618041992, 194.954742432, 195.268203735, 195.593276978, 195.918365479, 196.255050659, 196.59173584, 196.928436279, 197.26512146, 197.601806641, 197.95010376],
    "bpm_histogram": [0, 0, 0, 0, 0, 0, 0, 0, 0, 0, 0, 0, 0, 0, 0, 0, 0, 0, 0, 0, 0, 0, 0, 0, 0, 0, 0, 0, 0, 0, 0, 0, 0, 0, 0, 0, 0, 0, 0, 0, 0, 0, 0, 0, 0, 0, 0, 0, 0, 0, 0, 0, 0, 0, 0, 0, 0, 0, 0, 0, 0, 0, 0, 0, 0, 0, 0, 0, 0, 0, 0, 0, 0, 0, 0, 0, 0, 0.00236966833472, 0.00947867333889, 0, 0.042654030025, 0.0402843616903, 0, 0.00473933666945, 0, 0, 0, 0, 0, 0, 0, 0.00473933666945, 0.00473933666945, 0, 0.0118483416736, 0, 0.00236966833472, 0, 0.0165876783431, 0.0165876783431, 0, 0.0189573466778, 0, 0.0308056864887, 0, 0.0379146933556, 0, 0, 0.028436018154, 0, 0.0118483416736, 0, 0.00473933666945, 0, 0, 0.0236966833472, 0, 0.0331753566861, 0, 0, 0.00710900453851, 0, 0, 0, 0, 0, 0.00710900453851, 0, 0, 0.028436018154, 0, 0, 0, 0.0213270150125, 0, 0, 0.00947867333889, 0, 0, 0, 0.014218009077, 0, 0, 0, 0.0260663498193, 0, 0, 0, 0.042654030025, 0, 0, 0, 0.0521326996386, 0, 0, 0, 0, 0.142180100083, 0, 0, 0, 0.135071083903, 0.0236966833472, 0, 0, 0, 0, 0.0639810413122, 0, 0, 0, 0, 0.014218009077, 0, 0, 0, 0, 0, 0.0402843616903, 0, 0, 0, 0, 0, 0, 0.0236966833472, 0, 0, 0, 0, 0, 0.00236966833472, 0, 0, 0, 0, 0, 0, 0, 0, 0, 0, 0, 0, 0, 0, 0, 0, 0, 0, 0, 0, 0, 0, 0, 0, 0, 0, 0, 0, 0, 0, 0, 0, 0, 0, 0, 0, 0, 0, 0, 0, 0, 0, 0, 0, 0, 0, 0, 0, 0, 0, 0, 0, 0, 0, 0, 0, 0, 0]
},
"tonal": {
    "chords_changes_rate": 0.11326482892,
    "chords_number_rate": 0.0035030359868,
    "chords_strength": {
        "mean": 0.475671410561,
        "stdev": 0.17691539228
    },
    "hpcp_crest": {
        "mean": 16.575920105,
        "stdev": 8.65529823303
    },
    "hpcp_entropy": {
        "mean": 1.58963084221,
        "stdev": 0.815455555916
    },
    "key_edma": {
        "strength": 0.556581616402,
        "key": "C",
        "scale": "major"
    },
    "key_krumhansl": {
        "strength": 0.572646439075,
        "key": "C",
        "scale": "major"
    },
    "key_temperley": {
        "strength": 0.595594286919,
        "key": "C",
        "scale": "major"
    },
    "tuning_diatonic_strength": 0.580822408199,
    "tuning_equal_tempered_deviation": 0.0533964969218,
    "tuning_frequency": 441.272583008,
    "tuning_nontempered_energy_ratio": 0.787451803684,
    "hpcp": {
        "mean": [0.213854655623, 0.164956152439, 0.117079988122, 0.0866296589375, 0.0601732432842, 0.056446198374, 0.0715265348554, 0.108350642025, 0.210011795163, 0.239714965224, 0.141570493579, 0.0783393010497, 0.0693511813879, 0.0865183919668, 0.153387382627, 0.200447827578, 0.153969228268, 0.113144107163, 0.112134583294, 0.107599906623, 0.118880704045, 0.120426781476, 0.0940401703119, 0.0917292386293, 0.0872829779983, 0.0565108396113, 0.054520457983, 0.0653634667397, 0.0805939882994, 0.142210066319, 0.168903380632, 0.10160087049, 0.0515626743436, 0.0594125986099, 0.0976595655084, 0.177102655172],
        "stdev": [0.312096893787, 0.26589974761, 0.240760982037, 0.206550523639, 0.169570818543, 0.160599246621, 0.18281082809, 0.21677698195, 0.299246281385, 0.333009451628, 0.240676954389, 0.189193755388, 0.173537582159, 0.194256767631, 0.262956321239, 0.309755265713, 0.261768430471, 0.224271595478, 0.242965906858, 0.209013134241, 0.222133666277, 0.229376643896, 0.196541965008, 0.205603793263, 0.208174049854, 0.147326737642, 0.151052758098, 0.163752749562, 0.178909361362, 0.244029372931, 0.284535557032, 0.202257171273, 0.146239221096, 0.161947920918, 0.212971538305, 0.280875921249]
    },
    "chords_histogram": [6.72582912445, 0.0700607225299, 2.24194312096, 3.71321821213, 10.3689861298, 2.66230726242, 2.07846808434, 0.513778626919, 2.07846808434, 4.74077510834, 4.95095729828, 0.840728640556, 0.443717896938, 0.210182160139, 0, 0.700607180595, 2.42877149582, 12.9378795624, 0.373657166958, 2.2185895443, 0.537132203579, 11.4432506561, 7.9635682106, 19.7571220398],
    "thpcp": [1, 0.590578436852, 0.326801866293, 0.289306849241, 0.360921949148, 0.63987404108, 0.836192369461, 0.642301261425, 0.47199434042, 0.467783004045, 0.448866039515, 0.495925247669, 0.502374887466, 0.392299950123, 0.382659614086, 0.364111512899, 0.235741809011, 0.227438688278, 0.272671610117, 0.336207568645, 0.593246519566, 0.704600930214, 0.423840343952, 0.215099945664, 0.247846841812, 0.407398700714, 0.738805174828, 0.892120599747, 0.688134551048, 0.488413333893, 0.361386120319, 0.251019984484, 0.235472157598, 0.298381596804, 0.451997816563, 0.876089632511],
    "chords_key": "A",
    "chords_scale": "minor"
}
}