{
"metadata": {
    "version": {
        "essentia": "2.1-dev",
        "essentia_git_sha": "v2.1_beta3-415-gd5473f3",
        "extractor": "music 2.0"
    },
    "audio_properties": {
        "analysis": {
            "equal_loudness": 0,
            "length": 424.672637939,
            "sample_rate": 44100,
            "start_time": 0,
            "downmix": "mix"
        },
        "bit_rate": 192000,
        "length": 424.672637939,
        "lossless": 0,
        "number_channels": 2,
        "replay_gain": -2.6235332489,
        "sample_rate": 44100,
        "codec": "mp3",
        "md5_encoded": "54b6ef83fc2057ea386afd9cda113426"
    },
    "tags": {
        "file_name": "bill_evans-alice_in_wonderland.mp3"
    }
},
"lowlevel": {
    "average_loudness": 0.430608928204,
    "barkbands_crest": {
        "mean": 13.2030963898,
        "stdev": 4.81925201416
    },
    "barkbands_flatness_db": {
        "mean": 0.199043765664,
        "stdev": 0.0721239522099
    },
    "barkbands_kurtosis": {
        "mean": 28.9470806122,
        "stdev": 41.2121200562
    },
    "barkbands_skewness": {
        "mean": 3.70277047157,
        "stdev": 2.58898735046
    },
    "barkbands_spread": {
        "mean": 13.1955223083,
        "stdev": 15.6649084091
    },
    "dissonance": {
        "mean": 0.431992024183,
        "stdev": 0.0440881699324
    },
    "dynamic_complexity": 4.39005565643,
    "erbbands_crest": {
        "mean": 11.5746030807,
        "stdev": 5.56099081039
    },
    "erbbands_flatness_db": {
        "mean": 0.151342406869,
        "stdev": 0.056751973927
    },
    "erbbands_kurtosis": {
        "mean": 3.95193338394,
        "stdev": 6.4079580307
    },
    "erbbands_skewness": {
        "mean": 1.45221948624,
        "stdev": 1.14747738838
    },
    "erbbands_spread": {
        "mean": 49.5903396606,
        "stdev": 36.5900840759
    },
    "hfc": {
        "mean": 10.7302894592,
        "stdev": 16.3594245911
    },
    "loudness_ebu128": {
        "integrated": -19.3233566284,
        "loudness_range": 7.114818573,
        "momentary": {
            "mean": -23.4244937897,
            "stdev": 24.4273509979
        },
        "short_term": {
            "mean": -20.8733024597,
            "stdev": 6.47111654282
        }
    },
    "melbands_crest": {
        "mean": 17.5925426483,
        "stdev": 6.56722688675
    },
    "melbands_flatness_db": {
        "mean": 0.292979240417,
        "stdev": 0.0912551507354
    },
    "melbands_kurtosis": {
        "mean": 78.5729217529,
        "stdev": 117.167709351
    },
    "melbands_skewness": {
        "mean": 5.27911806107,
        "stdev": 3.97799873352
    },
    "melbands_spread": {
        "mean": 10.4138669968,
        "stdev": 17.8184814453
    },
    "pitch_salience": {
        "mean": 0.500649631023,
        "stdev": 0.150334149599
    },
    "silence_rate_20dB": {
        "mean": 0.999726653099,
        "stdev": 0.0165295060724
    },
    "silence_rate_30dB": {
        "mean": 0.968509078026,
        "stdev": 0.174612402916
    },
    "silence_rate_60dB": {
        "mean": 0.120059043169,
        "stdev": 0.325016647577
    },
    "spectral_centroid": {
        "mean": 708.917480469,
        "stdev": 1153.53063965
    },
    "spectral_complexity": {
        "mean": 7.93701839447,
        "stdev": 5.01865243912
    },
    "spectral_decrease": {
        "mean": -7.37320204891e-09,
        "stdev": 8.46314573977e-09
    },
    "spectral_energy": {
        "mean": 0.0288014933467,
        "stdev": 0.0329439602792
    },
    "spectral_energyband_high": {
        "mean": 0.000371657079086,
        "stdev": 0.000723976059817
    },
    "spectral_energyband_low": {
        "mean": 0.0133876381442,
        "stdev": 0.0219195131212
    },
    "spectral_energyband_middle_high": {
        "mean": 0.00187083613127,
        "stdev": 0.0109535707161
    },
    "spectral_energyband_middle_low": {
        "mean": 0.0153093645349,
        "stdev": 0.0198066867888
    },
    "spectral_entropy": {
        "mean": 7.13025140762,
        "stdev": 0.761559009552
    },
    "spectral_flux": {
        "mean": 0.0630772337317,
        "stdev": 0.0455451868474
    },
    "spectral_kurtosis": {
        "mean": 5.80768060684,
        "stdev": 8.79647922516
    },
    "spectral_rms": {
        "mean": 0.00460251467302,
        "stdev": 0.00262976437807
    },
    "spectral_rolloff": {
        "mean": 951.393371582,
        "stdev": 2375.88745117
    },
    "spectral_skewness": {
        "mean": 1.92495942116,
        "stdev": 1.00364267826
    },
    "spectral_spread": {
        "mean": 7104854,
        "stdev": 4165173.75
    },
    "spectral_strongpeak": {
        "mean": 0.783469438553,
        "stdev": 1.22605586052
    },
    "zerocrossingrate": {
        "mean": 0.0512968152761,
        "stdev": 0.0617621801794
    },
    "barkbands": {
        "mean": [3.71773567167e-05, 0.00519593292847, 0.0061197206378, 0.00481846276671, 0.00556756090373, 0.0017388726119, 0.00150741869584, 0.000877417507581, 0.000619594298769, 0.000436820322648, 0.000654842762742, 0.000440703210188, 0.000121561941341, 0.000106262254121, 4.45211953775e-05, 2.98517370538e-05, 2.7989026421e-05, 2.82193541352e-05, 4.24472054874e-05, 3.39802973031e-05, 4.97470682603e-05, 5.57376770303e-05, 8.28949487186e-05, 6.23427986284e-05, 5.71284472244e-05, 4.16825969296e-05, 2.57759938904e-06],
        "stdev": [6.1162187194e-05, 0.00926440581679, 0.0149144269526, 0.0117619978264, 0.00850178860128, 0.00294509972446, 0.00505168596283, 0.00274764816277, 0.00240963371471, 0.00172486179508, 0.00735345622525, 0.00402484135702, 0.000798609573394, 0.000416424882133, 0.000179813912837, 0.000104763334093, 9.41998514463e-05, 8.01314745331e-05, 0.000224639399676, 8.34286765894e-05, 0.000115616479889, 0.000119284748507, 0.000165261124494, 0.000150906358613, 0.000124529673485, 9.82076671789e-05, 7.64394644648e-06]
    },
    "erbbands": {
        "mean": [0.0780640169978, 1.49390757084, 6.95087194443, 10.9515142441, 16.5209674835, 19.6324863434, 18.2130908966, 15.0019540787, 14.4671850204, 30.4393100739, 15.9582500458, 15.2498855591, 15.248260498, 13.4254837036, 34.1043434143, 16.3175315857, 6.8462638855, 5.69459199905, 3.47553133965, 2.08281683922, 1.44300448895, 1.46747851372, 1.48790884018, 1.64746308327, 2.26735329628, 1.63776195049, 1.9266859293, 1.90252315998, 1.75985443592, 2.72835564613, 2.26722168922, 1.40313601494, 0.961920082569, 0.633779466152, 0.4074229002, 0.18904325366, 0.0764274448156, 0.0141385346651, 0.000327318906784, 4.18709096266e-05],
        "stdev": [0.151646241546, 2.69187164307, 16.6735782623, 20.5662937164, 29.9570064545, 34.9069213867, 32.6465110779, 27.666015625, 30.774930954, 129.57623291, 54.2225074768, 57.301902771, 59.2529640198, 58.9450569153, 435.182220459, 144.479980469, 39.8129653931, 22.6137180328, 11.9880895615, 6.48066234589, 5.07474470139, 4.54138469696, 4.34309101105, 8.45078086853, 13.3667373657, 3.86950206757, 4.79649019241, 4.22064638138, 3.81674194336, 5.30033922195, 4.91754817963, 3.04646015167, 2.60917806625, 1.55695462227, 0.883859813213, 0.420521974564, 0.186525642872, 0.038512378931, 0.000857666716911, 4.49451326858e-05]
    },
    "gfcc": {
        "mean": [-66.7411727905, 87.2261734009, -51.4115867615, 29.0925960541, -69.5129776001, 18.3931808472, -39.0463600159, 1.05180084705, -31.4238319397, 2.3154001236, -19.9254570007, 1.6138740778, -18.7512550354],
        "cov": [[18342.0410156, 757.576843262, -996.926391602, 397.177154541, -965.863647461, 164.081420898, -488.832794189, 2.01959347725, -426.608062744, 83.0133132935, -293.535919189, 31.8528366089, -275.571990967], [757.576843262, 1789.87512207, -283.023468018, -560.610961914, 31.2048721313, -118.26134491, 30.1280384064, -199.301696777, 86.3714675903, -89.677696228, 109.627197266, -101.35962677, 123.885139465], [-996.926391602, -283.023468018, 1049.39929199, 426.651123047, 58.2193069458, 101.505058289, 120.060035706, 76.2940826416, -33.5636291504, 12.3477249146, -21.9194393158, -1.72717225552, -87.9664459229], [397.177154541, -560.610961914, 426.651123047, 686.598999023, 108.604263306, 137.051010132, 82.7352752686, 123.774864197, -21.8006515503, 13.6840782166, -56.7043037415, 1.334821105, -77.0755081177], [-965.863647461, 31.2048721313, 58.2193069458, 108.604263306, 281.826416016, 72.031036377, 89.4307785034, 12.8390111923, 62.662815094, -20.309923172, 21.3067550659, -17.0107059479, 20.0613212585], [164.081420898, -118.26134491, 101.505058289, 137.051010132, 72.031036377, 173.931045532, 73.8513793945, 47.0707550049, -11.7761249542, 0.370721250772, -12.743270874, 13.5714979172, -14.6463060379], [-488.832794189, 30.1280384064, 120.060035706, 82.7352752686, 89.4307785034, 73.8513793945, 159.146133423, 57.1753959656, 29.5885429382, -9.56959152222, 16.247795105, -6.59532690048, 11.7834320068], [2.01959347725, -199.301696777, 76.2940826416, 123.774864197, 12.8390111923, 47.0707550049, 57.1753959656, 126.866592407, 51.9707298279, 38.4584770203, -9.84418010712, 12.1781053543, -19.6971263885], [-426.608062744, 86.3714675903, -33.5636291504, -21.8006515503, 62.662815094, -11.7761249542, 29.5885429382, 51.9707298279, 128.918334961, 54.3121833801, 31.9495868683, -13.6943016052, 14.3410797119], [83.0133132935, -89.677696228, 12.3477249146, 13.6840782166, -20.309923172, 0.370721250772, -9.56959152222, 38.4584770203, 54.3121833801, 98.1731719971, 34.7423439026, 19.9862518311, -13.796585083], [-293.535919189, 109.627197266, -21.9194393158, -56.7043037415, 21.3067550659, -12.743270874, 16.247795105, -9.84418010712, 31.9495868683, 34.7423439026, 80.5471801758, 27.0892810822, 22.6672878265], [31.8528366089, -101.35962677, -1.72717225552, 1.334821105, -17.0107059479, 13.5714979172, -6.59532690048, 12.1781053543, -13.6943016052, 19.9862518311, 27.0892810822, 76.8350753784, 35.5551338196], [-275.571990967, 123.885139465, -87.9664459229, -77.0755081177, 20.0613212585, -14.6463060379, 11.7834320068, -19.6971263885, 14.3410797119, -13.796585083, 22.6672878265, 35.5551338196, 102.018058777]],
        "icov": [[0.000176613844815, -0.000443342287326, 0.00033135744161, -0.00048058127868, 0.000397177936975, -0.000281607761281, 0.000336391589371, -0.000375883246306, 0.000728193903342, -0.000760168069974, 0.00083580595674, -0.000632034323644, 0.000537516083568], [-0.000443342287326, 0.0024204463698, -0.000947485794313, 0.00175504747313, -0.00033928459743, 0.00021030397329, -0.00123435840942, 0.00247840024531, -0.00340583291836, 0.00351663283072, -0.00400285795331, 0.00369229889475, -0.00235293875448], [0.00033135744161, -0.000947485794313, 0.0020661810413, -0.0017359117046, 0.000835405546241, -0.000251233985182, -0.000574753154069, -0.000218939225306, 0.00161527446471, -0.00180909142364, 0.00187081831973, -0.0019899867475, 0.00214565405622], [-0.00048058127868, 0.00175504747313, -0.0017359117046, 0.00447953445837, -0.00236029177904, 0.00011830994481, -0.000587853312027, -0.00100372987799, -0.000547620118596, 0.00163862959016, -0.00182916631456, 0.0027502856683, -0.0014401616063], [0.000397177936975, -0.00033928459743, 0.000835405546241, -0.00236029177904, 0.00819578673691, -0.0033797074575, -0.00126703002024, 0.00366114964709, -0.00551747111604, 0.00332715269178, -0.000737459224183, -0.000812664511614, 0.000850990356412], [-0.000281607761281, 0.00021030397329, -0.000251233985182, 0.00011830994481, -0.0033797074575, 0.0104459207505, -0.0043916022405, -0.00110134272836, 0.00273618241772, -0.001919263741, 0.00236134510487, -0.00276940432377, 0.00111190555617], [0.000336391589371, -0.00123435840942, -0.000574753154069, -0.000587853312027, -0.00126703002024, -0.0043916022405, 0.014875266701, -0.00948594789952, 0.00367025681771, 0.00201618974097, -0.00527140498161, 0.00501189613715, -0.0032818550244], [-0.000375883246306, 0.00247840024531, -0.000218939225306, -0.00100372987799, 0.00366114964709, -0.00110134272836, -0.00948594789952, 0.0250898618251, -0.0164222158492, 0.00208923080936, 0.00533546786755, -0.00762043660507, 0.00415119202808], [0.000728193903342, -0.00340583291836, 0.00161527446471, -0.000547620118596, -0.00551747111604, 0.00273618241772, 0.00367025681771, -0.0164222158492, 0.0300614293665, -0.0173869784921, 0.000580768624786, 0.00828114058822, -0.00462729809806], [-0.000760168069974, 0.00351663283072, -0.00180909142364, 0.00163862959016, 0.00332715269178, -0.001919263741, 0.00201618974097, 0.00208923080936, -0.0173869784921, 0.0294042807072, -0.0143842604011, -0.00106942246202, 0.0025844310876], [0.00083580595674, -0.00400285795331, 0.00187081831973, -0.00182916631456, -0.000737459224183, 0.00236134510487, -0.00527140498161, 0.00533546786755, 0.000580768624786, -0.0143842604011, 0.0326479561627, -0.0181058179587, 0.00650202808902], [-0.000632034323644, 0.00369229889475, -0.0019899867475, 0.0027502856683, -0.000812664511614, -0.00276940432377, 0.00501189613715, -0.00762043660507, 0.00828114058822, -0.00106942246202, -0.0181058179587, 0.0365319028497, -0.0181348528713], [0.000537516083568, -0.00235293875448, 0.00214565405622, -0.0014401616063, 0.000850990356412, 0.00111190555617, -0.0032818550244, 0.00415119202808, -0.00462729809806, 0.0025844310876, 0.00650202808902, -0.0181348528713, 0.0219219513237]]
    },
    "melbands": {
        "mean": [0.00109385629185, 0.00307250372134, 0.00220044888556, 0.0012732661562, 0.000735050824005, 0.000325240078382, 0.000243248345214, 0.000307063746732, 0.00010853799904, 9.92360437522e-05, 7.46873120079e-05, 5.03661722178e-05, 9.38813755056e-05, 7.23247576389e-05, 2.08269902942e-05, 1.34779129439e-05, 1.00516999737e-05, 5.86814076087e-06, 3.19986679642e-06, 2.32616662288e-06, 1.67474615864e-06, 1.65589517565e-06, 1.2899848798e-06, 1.32127888719e-06, 1.32871991809e-06, 1.51710980845e-06, 1.42653868807e-06, 1.03322997802e-06, 1.15066688977e-06, 1.31485103338e-06, 1.02372428046e-06, 9.14069346436e-07, 1.18862726595e-06, 1.63998515745e-06, 1.40841564189e-06, 1.02421199699e-06, 7.88710963207e-07, 6.48307661777e-07, 6.47944716547e-07, 4.87871545829e-07],
        "stdev": [0.00195497553796, 0.0066164159216, 0.00412483979017, 0.00199513696134, 0.00129942584317, 0.000575294834562, 0.00058268639259, 0.00122625019867, 0.000391468667658, 0.000403200829169, 0.000297410791973, 0.000231457772315, 0.00109238410369, 0.000771854422055, 0.000177653942956, 8.40270440676e-05, 4.00148928748e-05, 2.06810291274e-05, 1.10505106932e-05, 7.65301319916e-06, 7.12396013114e-06, 5.7693009694e-06, 5.32103013029e-06, 3.65881214748e-06, 8.32521891425e-06, 7.77976401878e-06, 6.68693564876e-06, 2.54141650657e-06, 3.05878597828e-06, 3.5075024698e-06, 2.24961218009e-06, 2.10530242839e-06, 2.57127135228e-06, 3.0706612506e-06, 3.07099981001e-06, 2.34576077673e-06, 1.73630519384e-06, 1.88377987342e-06, 1.682409561e-06, 1.2107901739e-06]
    },
    "melbands128": {
        "mean": [3.04028599203e-05, 0.000325519707985, 0.00146336772013, 0.00269083678722, 0.00379755930044, 0.0026226406917, 0.00203004688956, 0.00262178503908, 0.00151959224604, 0.00114576611668, 0.00101294927299, 0.00107025715988, 0.000606334826443, 0.000351306342054, 0.000396237563109, 0.000251921184827, 0.000201537826797, 0.000201357746846, 0.000289331015665, 0.00046379500418, 0.000204670839594, 0.000150286519784, 0.000110485743789, 4.88110199512e-05, 7.91697530076e-05, 0.000148274528328, 7.45551515138e-05, 8.26416071504e-05, 4.74086627946e-05, 5.64941292396e-05, 5.07978329551e-05, 3.82123434974e-05, 5.13126287842e-05, 0.000222074275371, 7.37952359486e-05, 3.51312373823e-05, 4.99005254824e-05, 1.14589183795e-05, 1.34888650791e-05, 1.48262615767e-05, 1.40025895234e-05, 1.20406602946e-05, 9.7793963505e-06, 1.07138248495e-05, 6.01378133069e-06, 4.10775510318e-06, 6.92549201631e-06, 2.26854399443e-06, 1.79131984623e-06, 4.11841620007e-06, 1.90987361748e-06, 1.63562651778e-06, 1.29646105052e-06, 1.33120875034e-06, 3.18075967698e-06, 1.3763693687e-06, 9.16455405786e-07, 1.30084731609e-06, 1.284317932e-06, 1.46189472616e-06, 1.26396093947e-06, 1.39587962167e-06, 1.29484431e-06, 1.34303070354e-06, 1.2380806993e-06, 1.07547793959e-06, 2.16853550228e-06, 2.0218269583e-06, 9.32865361847e-07, 1.13642386168e-06, 8.92452874268e-07, 1.04251273569e-06, 1.31125523239e-06, 1.08439189717e-06, 1.06922175291e-06, 1.42891292398e-06, 1.48181629811e-06, 9.41246526054e-07, 1.12125701435e-06, 8.33122214772e-07, 8.80460788721e-07, 9.8312375485e-07, 9.35416323955e-07, 1.03294803466e-06, 1.53200494424e-06, 1.71479143773e-06, 1.60622050771e-06, 1.78207517365e-06, 1.39392943765e-06, 1.13984413019e-06, 1.08113988517e-06, 1.06417064671e-06, 8.45353952172e-07, 8.21971980258e-07, 6.82076063185e-07, 6.72766816479e-07, 5.48515060927e-07, 7.85325369179e-07, 6.40445875888e-07, 6.15619626387e-07, 5.59369937037e-07, 4.46376589025e-07, 4.40421388248e-07, 4.44618990514e-07, 5.30559134404e-07, 4.48923032081e-07, 4.13354229067e-07, 3.43004074921e-07, 2.9043414429e-07, 3.08088175416e-07, 2.94625920105e-07, 2.65169290969e-07, 2.43658092813e-07, 2.20772179205e-07, 1.96316733536e-07, 1.6019174609e-07, 1.05148920682e-07, 1.63146687271e-08, 4.89936693646e-12, 4.5781347463e-12, 4.46650832639e-12, 4.38116903867e-12, 4.27961876007e-12, 4.19143365848e-12, 4.14590063669e-12, 4.11865376873e-12, 4.09375441532e-12, 4.05618203955e-12],
        "stdev": [5.35209364898e-05, 0.000742612814065, 0.00317168282345, 0.00522035593167, 0.00956457294524, 0.006009391509, 0.00394479557872, 0.00665914500132, 0.00291889882647, 0.0027946815826, 0.00228355661966, 0.00230379006825, 0.00126892002299, 0.000658570032101, 0.000870537012815, 0.000530924240593, 0.000519342138432, 0.000628588488325, 0.00121311913244, 0.00245260866359, 0.000666318403091, 0.000741601455957, 0.000523214403074, 0.000271851342404, 0.000301568623399, 0.000782540475484, 0.00048842758406, 0.000452004605904, 0.000281934655504, 0.000293769233394, 0.000313296914101, 0.0003274960618, 0.000420645490522, 0.00345181720331, 0.000959007418714, 0.00041952211177, 0.00068910344271, 7.81564376666e-05, 0.00010755402036, 0.000131296328618, 0.000153243512614, 7.41847834433e-05, 5.55051810807e-05, 5.50779368496e-05, 2.96775251627e-05, 1.76701614691e-05, 4.24144054705e-05, 8.80164770933e-06, 6.1320624809e-06, 2.0160981876e-05, 6.01320562055e-06, 5.25736231793e-06, 9.73860187514e-06, 6.96314918969e-06, 1.64225057233e-05, 5.24732786289e-06, 3.6419596654e-06, 7.47453486838e-06, 6.20764740233e-06, 5.44579688722e-06, 3.83463839171e-06, 4.75062279293e-06, 1.10573282655e-05, 1.20650847748e-05, 5.45997772861e-06, 4.07192783314e-06, 2.01529637707e-05, 1.3971597582e-05, 2.93554103337e-06, 2.79020491689e-06, 2.52127392741e-06, 3.21165293826e-06, 4.87088937007e-06, 2.97023871099e-06, 4.19330899604e-06, 4.50693232779e-06, 4.39537279817e-06, 2.28037151828e-06, 2.85472810901e-06, 2.04724938158e-06, 2.37069775721e-06, 2.39585551753e-06, 2.3646966838e-06, 2.41953375735e-06, 3.70106340597e-06, 3.75732952307e-06, 3.05469393425e-06, 3.59250020665e-06, 3.73958755517e-06, 2.99777070722e-06, 2.73494697467e-06, 2.55529175774e-06, 2.13427210838e-06, 1.73913906565e-06, 1.73705495854e-06, 2.35834932028e-06, 1.75127684088e-06, 2.557821972e-06, 1.7966104906e-06, 1.47016737628e-06, 1.92225093087e-06, 1.08808649202e-06, 9.42585472785e-07, 1.0692132264e-06, 1.36559617658e-06, 9.56041503741e-07, 9.41035864344e-07, 8.2749363628e-07, 7.27059216388e-07, 7.22985248558e-07, 6.97101881997e-07, 6.82685822539e-07, 6.26513894986e-07, 6.62518573336e-07, 5.5373863006e-07, 4.68254853558e-07, 3.13741196578e-07, 5.73436480522e-08, 8.29742004271e-12, 7.9238464748e-12, 7.72464991278e-12, 7.55128685276e-12, 7.39366727565e-12, 7.26439481485e-12, 7.15277576752e-12, 7.07040198958e-12, 7.00967105541e-12, 6.96900783609e-12]
    },
    "mfcc": {
        "mean": [-724.192199707, 124.311286926, 60.3016014099, 20.3816661835, 1.10475337505, 11.69871521, 0.663673996925, 1.31703281403, -8.44336605072, -0.427379876375, -3.41649532318, -4.17094516754, -2.25433349609],
        "cov": [[7999.24853516, 210.541915894, -264.325378418, 51.7639541626, -183.708877563, 16.6954593658, -105.567863464, -65.9522323608, -70.2340316772, -6.16218280792, -46.7459716797, -51.0585403442, -59.0024795532], [210.541915894, 2020.38012695, -205.446517944, -372.812042236, -123.67804718, -41.4204978943, -92.4913864136, -125.623222351, -74.1126708984, -53.4068565369, -26.6254901886, 6.58043384552, -74.3706359863], [-264.325378418, -205.446517944, 866.382873535, 327.302398682, 72.8483200073, 97.5764694214, 138.461013794, 97.5286407471, 13.9289751053, 41.8337059021, 36.2120056152, -4.4677066803, 51.1671981812], [51.7639541626, -372.812042236, 327.302398682, 419.154388428, 141.011993408, 92.8024291992, 96.927772522, 95.626411438, 60.0353317261, 56.0085258484, 34.7016830444, 17.0473899841, 20.8193473816], [-183.708877563, -123.67804718, 72.8483200073, 141.011993408, 180.489089966, 92.2554168701, 45.1603279114, 52.2871932983, 39.2761802673, 26.0798130035, 18.5815448761, 15.5914020538, 19.3969211578], [16.6954593658, -41.4204978943, 97.5764694214, 92.8024291992, 92.2554168701, 141.359725952, 90.9589080811, 57.6815185547, 29.7409820557, 14.2251386642, 3.12076759338, 3.75771903992, 14.2461471558], [-105.567863464, -92.4913864136, 138.461013794, 96.927772522, 45.1603279114, 90.9589080811, 137.372787476, 89.9123001099, 30.3201713562, 12.4704217911, 1.13862836361, -0.865026891232, 15.9407529831], [-65.9522323608, -125.623222351, 97.5286407471, 95.626411438, 52.2871932983, 57.6815185547, 89.9123001099, 120.356643677, 63.3141746521, 26.3224182129, 7.90582275391, 2.21160912514, 15.5606822968], [-70.2340316772, -74.1126708984, 13.9289751053, 60.0353317261, 39.2761802673, 29.7409820557, 30.3201713562, 63.3141746521, 96.6705780029, 54.3453636169, 16.429605484, 8.40948104858, 2.69522309303], [-6.16218280792, -53.4068565369, 41.8337059021, 56.0085258484, 26.0798130035, 14.2251386642, 12.4704217911, 26.3224182129, 54.3453636169, 86.969039917, 54.3601341248, 19.4693641663, 4.57111310959], [-46.7459716797, -26.6254901886, 36.2120056152, 34.7016830444, 18.5815448761, 3.12076759338, 1.13862836361, 7.90582275391, 16.429605484, 54.3601341248, 94.2548294067, 56.1717338562, 12.1538562775], [-51.0585403442, 6.58043384552, -4.4677066803, 17.0473899841, 15.5914020538, 3.75771903992, -0.865026891232, 2.21160912514, 8.40948104858, 19.4693641663, 56.1717338562, 83.4040374756, 38.0494422913], [-59.0024795532, -74.3706359863, 51.1671981812, 20.8193473816, 19.3969211578, 14.2461471558, 15.9407529831, 15.5606822968, 2.69522309303, 4.57111310959, 12.1538562775, 38.0494422913, 79.2275085449]],
        "icov": [[0.000147438040585, -2.0322333512e-05, 0.000102304300526, -0.000223353126785, 0.000404330727179, -0.000425265403464, 0.000423614867032, -0.000260776578216, 0.000318116013659, -0.000211655686144, 9.59039462032e-05, 5.69445619476e-05, -1.38612485898e-05], [-2.0322333512e-05, 0.000662385951728, -0.000191546510905, 0.000715353467967, -1.7825539544e-05, -0.000362043501809, 8.46480979817e-05, 0.000243755464908, 9.56110816333e-05, -0.000215327483602, 0.000536475155968, -0.000952685950324, 0.000931335031055], [0.000102304300526, -0.000191546510905, 0.00212157727219, -0.00185837037861, 0.00101066066418, -0.000468742073281, -0.000627431320027, -0.000455853529274, 0.00123154313769, -0.000225281793973, -0.00134569755755, 0.00203391187824, -0.00173208070919], [-0.000223353126785, 0.000715353467967, -0.00185837037861, 0.00602684449404, -0.00363504025154, 0.00103437248617, -0.00146628485527, -0.000162850337802, -0.000644411717076, -0.00143991992809, 0.00143786612898, -0.00248803477734, 0.00223189708777], [0.000404330727179, -1.7825539544e-05, 0.00101066066418, -0.00363504025154, 0.0125247137621, -0.0089148003608, 0.00586271379143, -0.00328765879385, 0.000504086667206, 6.57504206174e-05, -0.0011561291758, 0.00069005676778, -0.0015853572404], [-0.000425265403464, -0.000362043501809, -0.000468742073281, 0.00103437248617, -0.0089148003608, 0.0198195055127, -0.0136595144868, 0.00503522111103, -0.00327329430729, 0.00101544801146, 0.000343836931279, 5.62909190194e-06, -0.000250176963164], [0.000423614867032, 8.46480979817e-05, -0.000627431320027, -0.00146628485527, 0.00586271379143, -0.0136595144868, 0.0260717496276, -0.0168660860509, 0.00711675547063, -0.0023644391913, 0.00204626657069, -0.00092345214216, 0.00029706445639], [-0.000260776578216, 0.000243755464908, -0.000455853529274, -0.000162850337802, -0.00328765879385, 0.00503522111103, -0.0168660860509, 0.0284364968538, -0.0168468039483, 0.00709274504334, -0.00448260176927, 0.00363455689512, -0.00281425053254], [0.000318116013659, 9.56110816333e-05, 0.00123154313769, -0.000644411717076, 0.000504086667206, -0.00327329430729, 0.00711675547063, -0.0168468039483, 0.0305149145424, -0.0203988626599, 0.0111400308087, -0.00649837171659, 0.00359349208884], [-0.000211655686144, -0.000215327483602, -0.000225281793973, -0.00143991992809, 6.57504206174e-05, 0.00101544801146, -0.0023644391913, 0.00709274504334, -0.0203988626599, 0.0352690257132, -0.0230379290879, 0.0111054731533, -0.0040921671316], [9.59039462032e-05, 0.000536475155968, -0.00134569755755, 0.00143786612898, -0.0011561291758, 0.000343836931279, 0.00204626657069, -0.00448260176927, 0.0111400308087, -0.0230379290879, 0.0357721596956, -0.0237898789346, 0.00864400621504], [5.69445619476e-05, -0.000952685950324, 0.00203391187824, -0.00248803477734, 0.00069005676778, 5.62909190194e-06, -0.00092345214216, 0.00363455689512, -0.00649837171659, 0.0111054731533, -0.0237898789346, 0.0334250628948, -0.0150323957205], [-1.38612485898e-05, 0.000931335031055, -0.00173208070919, 0.00223189708777, -0.0015853572404, -0.000250176963164, 0.00029706445639, -0.00281425053254, 0.00359349208884, -0.0040921671316, 0.00864400621504, -0.0150323957205, 0.020951224491]]
    },
    "spectral_contrast_coeffs": {
        "mean": [-0.6643191576, -0.742981255054, -0.770665884018, -0.823688447475, -0.838454306126, -0.813081502914],
        "stdev": [0.095014937222, 0.079964093864, 0.0785521864891, 0.0535902306437, 0.0328848809004, 0.0300004351884]
    },
    "spectral_contrast_valleys": {
        "mean": [-6.94377422333, -7.48168563843, -8.50864315033, -9.15517616272, -8.89603996277, -10.4529314041],
        "stdev": [2.25242161751, 2.18993997574, 2.08198547363, 2.02565312386, 2.05789518356, 1.92701923847]
    }
},
"rhythm": {
    "beats_count": 1147,
    "beats_loudness": {
        "mean": 0.0415129773319,
        "stdev": 0.0405372045934
    },
    "bpm": 178.206069946,
    "bpm_histogram_first_peak_bpm": 178,
    "bpm_histogram_first_peak_weight": 0,
    "bpm_histogram_second_peak_bpm": 172,
    "bpm_histogram_second_peak_spread": 0,
    "bpm_histogram_second_peak_weight": 0.325479924679,
    "danceability": 1.18661749363,
    "onset_rate": 3.97463607788,
    "beats_loudness_band_ratio": {
        "mean": [0.570758759975, 0.268654555082, 0.113830193877, 0.0470770969987, 0.0124529283494, 0.0397598259151],
        "stdev": [0.305171400309, 0.233066380024, 0.157585337758, 0.110398650169, 0.0436542481184, 0.0757547095418]
    },
