{
"metadata": {
    "version": {
        "essentia": "2.1-dev",
        "essentia_git_sha": "v2.1_beta3-415-gd5473f3",
        "extractor": "music 2.0"
    },
    "audio_properties": {
        "analysis": {
            "equal_loudness": 0,
            "length": 239.96081543,
            "sample_rate": 44100,
            "start_time": 0,
            "downmix": "mix"
        },
        "bit_rate": 192000,
        "length": 239.96081543,
        "lossless": 0,
        "number_channels": 2,
        "replay_gain": -5.7138710022,
        "sample_rate": 44100,
        "codec": "mp3",
        "md5_encoded": "e19abfba2b859cd4bed92f6e437d813c"
    },
    "tags": {
        "file_name": "bobby_morganstein_productions-the_way_you_look_tonigh.mp3.mp3"
    }
},
"lowlevel": {
    "average_loudness": 0.672864079475,
    "barkbands_crest": {
        "mean": 9.90630149841,
        "stdev": 4.1903796196
    },
    "barkbands_flatness_db": {
        "mean": 0.185470119119,
        "stdev": 0.0639772340655
    },
    "barkbands_kurtosis": {
        "mean": 4.96361303329,
        "stdev": 12.2544698715
    },
    "barkbands_skewness": {
        "mean": 1.21513438225,
        "stdev": 1.37296319008
    },
    "barkbands_spread": {
        "mean": 16.1328239441,
        "stdev": 11.056684494
    },
    "dissonance": {
        "mean": 0.425755977631,
        "stdev": 0.052491042763
    },
    "dynamic_complexity": 3.63435554504,
    "erbbands_crest": {
        "mean": 10.8014574051,
        "stdev": 5.51466274261
    },
    "erbbands_flatness_db": {
        "mean": 0.202136814594,
        "stdev": 0.0598060637712
    },
    "erbbands_kurtosis": {
        "mean": 2.72655439377,
        "stdev": 6.46533298492
    },
    "erbbands_skewness": {
        "mean": 0.530675947666,
        "stdev": 1.09573018551
    },
    "erbbands_spread": {
        "mean": 25.5094127655,
        "stdev": 15.8789739609
    },
    "hfc": {
        "mean": 15.2742233276,
        "stdev": 18.5403194427
    },
    "loudness_ebu128": {
        "integrated": -18.9590358734,
        "loudness_range": 5.21880340576,
        "momentary": {
            "mean": -20.9578704834,
            "stdev": 13.5462999344
        },
        "short_term": {
            "mean": -19.3980503082,
            "stdev": 1.87282943726
        }
    },
    "melbands_crest": {
        "mean": 12.5095920563,
        "stdev": 4.97161340714
    },
    "melbands_flatness_db": {
        "mean": 0.257983356714,
        "stdev": 0.08451513201
    },
    "melbands_kurtosis": {
        "mean": 9.32076835632,
        "stdev": 22.6855716705
    },
    "melbands_skewness": {
        "mean": 1.76024258137,
        "stdev": 1.55125927925
    },
    "melbands_spread": {
        "mean": 20.8488254547,
        "stdev": 18.4244976044
    },
    "pitch_salience": {
        "mean": 0.53328448534,
        "stdev": 0.117920875549
    },
    "silence_rate_20dB": {
        "mean": 1,
        "stdev": 0
    },
    "silence_rate_30dB": {
        "mean": 0.989647805691,
        "stdev": 0.101216286421
    },
    "silence_rate_60dB": {
        "mean": 0.0670472159982,
        "stdev": 0.250091463327
    },
    "spectral_centroid": {
        "mean": 1097.83691406,
        "stdev": 958.381225586
    },
    "spectral_complexity": {
        "mean": 13.4165058136,
        "stdev": 6.88641119003
    },
    "spectral_decrease": {
        "mean": -5.56015056219e-09,
        "stdev": 5.82093351298e-09
    },
    "spectral_energy": {
        "mean": 0.0223707016557,
        "stdev": 0.0231589116156
    },
    "spectral_energyband_high": {
        "mean": 0.000207961405977,
        "stdev": 0.00045485701412
    },
    "spectral_energyband_low": {
        "mean": 0.00596667313948,
        "stdev": 0.0135881090537
    },
    "spectral_energyband_middle_high": {
        "mean": 0.00538809364662,
        "stdev": 0.00941829290241
    },
    "spectral_energyband_middle_low": {
        "mean": 0.0113572673872,
        "stdev": 0.0123272491619
    },
    "spectral_entropy": {
        "mean": 6.7539563179,
        "stdev": 0.623712837696
    },
    "spectral_flux": {
        "mean": 0.0577237643301,
        "stdev": 0.0527941733599
    },
    "spectral_kurtosis": {
        "mean": 12.5511016846,
        "stdev": 15.2943954468
    },
    "spectral_rms": {
        "mean": 0.00421901512891,
        "stdev": 0.00200622878037
    },
    "spectral_rolloff": {
        "mean": 1275.88671875,
        "stdev": 1635.24975586
    },
    "spectral_skewness": {
        "mean": 2.471960783,
        "stdev": 1.3033387661
    },
    "spectral_spread": {
        "mean": 3924709,
        "stdev": 3175859
    },
    "spectral_strongpeak": {
        "mean": 1.24932193756,
        "stdev": 1.80786776543
    },
    "zerocrossingrate": {
        "mean": 0.0451810397208,
        "stdev": 0.0418978668749
    },
    "barkbands": {
        "mean": [9.27848450374e-05, 0.00392492488027, 0.00163096748292, 0.000693187466823, 0.00306332111359, 0.00194915663451, 0.00178778241388, 0.0019090481801, 0.00149155640975, 0.00128579023294, 0.000652508286294, 0.000717351853382, 0.000533377402462, 0.00035178946564, 0.000555526989046, 0.000297944585327, 0.000457194750197, 0.000387800537283, 0.000274542049738, 0.00015253064339, 5.37997366337e-05, 3.1626161217e-05, 3.20919789374e-05, 1.53740420501e-05, 1.46933316501e-05, 1.28438059619e-05, 1.17677757316e-06],
        "stdev": [0.00028278544778, 0.010743483901, 0.00375312566757, 0.00146671559196, 0.00527776451781, 0.00318302679807, 0.00311249354854, 0.00380915519781, 0.00378208048642, 0.00415527215227, 0.0028590275906, 0.00351807242259, 0.00253249448724, 0.00146676891018, 0.00475794170052, 0.000617839861661, 0.0011444237316, 0.000775135995355, 0.00057142105652, 0.000366096704965, 0.000129058607854, 0.000139897543704, 9.45694555412e-05, 3.77112555725e-05, 3.39366342814e-05, 3.92639267375e-05, 5.52386518393e-06]
    },
    "erbbands": {
        "mean": [0.0972115471959, 0.926960766315, 2.03413367271, 2.10214543343, 5.47096443176, 12.125289917, 12.9183282852, 17.3843803406, 21.4961452484, 29.6853179932, 49.48487854, 31.0246067047, 43.3519554138, 29.4150505066, 22.7443332672, 27.0321331024, 28.0264225006, 19.327922821, 21.5311012268, 25.265789032, 18.9569511414, 25.6135025024, 23.5316162109, 16.4251232147, 12.2624816895, 5.94189882278, 2.89467859268, 1.62030422688, 1.07954764366, 1.26516509056, 0.840914428234, 0.379508674145, 0.236625224352, 0.176781579852, 0.0965148508549, 0.0621491670609, 0.0216599926353, 0.00369652570225, 0.000209738209378, 3.30751972797e-05],
        "stdev": [0.269347012043, 2.57413315773, 4.66512441635, 4.13680744171, 8.98537445068, 24.4756755829, 20.098115921, 32.7871627808, 32.6755523682, 48.9435577393, 99.9921951294, 75.3967208862, 125.141685486, 102.456970215, 93.321937561, 127.316596985, 123.133232117, 67.385307312, 107.023757935, 169.351425171, 32.0235939026, 70.2468948364, 44.8245124817, 31.9269485474, 25.9147987366, 12.9703655243, 6.61502504349, 4.14560365677, 5.24813365936, 4.35411691666, 2.37097001076, 1.14297378063, 0.449984878302, 0.404122918844, 0.230761572719, 0.179152071476, 0.068673402071, 0.0128050344065, 0.0010436468292, 5.48293428437e-05]
    },
    "gfcc": {
        "mean": [-56.8920593262, 123.691452026, -108.490104675, 16.0345840454, -53.3517608643, 5.68360948563, -39.7784461975, 11.6261901855, -18.900598526, 0.751397967339, -15.0801448822, -2.53701257706, -10.1070156097],
        "cov": [[14565.6982422, -235.748184204, -2461.61035156, 903.932434082, -184.218704224, -187.662399292, -308.391998291, 396.397003174, -182.60055542, 9.10051059723, 76.4948196411, 180.017074585, -235.397964478], [-235.748184204, 1551.39819336, -64.3733291626, -494.6746521, 74.3661346436, -157.9034729, -62.748790741, -112.760475159, 150.647232056, -130.608779907, 64.933052063, -116.506904602, 138.657165527], [-2461.61035156, -64.3733291626, 2085.0715332, -434.231018066, -314.784942627, 354.704071045, 20.7095966339, -38.8248023987, -28.7896671295, 204.204742432, -251.912124634, 42.887008667, 46.4500808716], [903.932434082, -494.6746521, -434.231018066, 788.294311523, 134.203903198, 43.7220420837, 96.0949401855, 73.8464813232, -21.9077587128, 6.1899471283, 123.875190735, 14.1798830032, -71.8171234131], [-184.218704224, 74.3661346436, -314.784942627, 134.203903198, 395.503326416, 3.52285456657, 67.9877471924, 31.7540969849, 39.1704902649, -20.4650611877, 93.5141448975, 8.91577243805, -14.1991271973], [-187.662399292, -157.9034729, 354.704071045, 43.7220420837, 3.52285456657, 262.40032959, 74.5168914795, 18.3556003571, -34.2570724487, 59.7782363892, -25.567861557, 30.7276248932, 6.73138618469], [-308.391998291, -62.748790741, 20.7095966339, 96.0949401855, 67.9877471924, 74.5168914795, 191.466400146, 61.7108535767, 3.70105600357, -16.3965644836, 34.2703475952, 28.8507232666, 13.0948123932], [396.397003174, -112.760475159, -38.8248023987, 73.8464813232, 31.7540969849, 18.3556003571, 61.7108535767, 185.960083008, 42.2756156921, 7.2141327858, -2.67739582062, 27.0159225464, 0.702385604382], [-182.60055542, 150.647232056, -28.7896671295, -21.9077587128, 39.1704902649, -34.2570724487, 3.70105600357, 42.2756156921, 149.556015015, 29.453332901, 6.33822154999, -36.5228500366, 20.0376243591], [9.10051059723, -130.608779907, 204.204742432, 6.1899471283, -20.4650611877, 59.7782363892, -16.3965644836, 7.2141327858, 29.453332901, 132.597564697, -2.28595781326, 16.1977214813, -26.2606258392], [76.4948196411, 64.933052063, -251.912124634, 123.875190735, 93.5141448975, -25.567861557, 34.2703475952, -2.67739582062, 6.33822154999, -2.28595781326, 148.902877808, 27.355550766, -6.56828117371], [180.017074585, -116.506904602, 42.887008667, 14.1798830032, 8.91577243805, 30.7276248932, 28.8507232666, 27.0159225464, -36.5228500366, 16.1977214813, 27.355550766, 121.702972412, 19.6677188873], [-235.397964478, 138.657165527, 46.4500808716, -71.8171234131, -14.1991271973, 6.73138618469, 13.0948123932, 0.702385604382, 20.0376243591, -26.2606258392, -6.56828117371, 19.6677188873, 107.649658203]],
        "icov": [[0.000181137380423, -0.000307904847432, 0.00037674154737, -0.000265276408754, 0.000314339587931, -0.000264658709057, 0.000320892693708, -0.000508818251546, 0.000448650796898, -0.000586236186791, 0.000670489796903, -0.000586057023611, 0.000396910618292], [-0.000307904847432, 0.00205255951732, -0.000862570712343, 0.00137304258533, -0.000820024986751, 0.000541248475201, -0.000176982983248, 0.00132579321507, -0.00205606175587, 0.00263387337327, -0.00302296387963, 0.00222592311911, -0.00172389985528], [0.00037674154737, -0.000862570712343, 0.00190407224, -0.000269601965556, 0.00113849900663, -0.00157018355094, 0.00014537005336, -0.000783943396527, 0.00112324289512, -0.0026980759576, 0.00284181721509, -0.0016377249267, 0.000774527085014], [-0.000265276408754, 0.00137304258533, -0.000269601965556, 0.00283307954669, -0.000623867090326, -0.000229963552556, -0.0007892427966, 0.000454743683804, -0.00097798067145, 0.00140442664269, -0.00303676025942, 0.00191680993885, -0.0003279519442], [0.000314339587931, -0.000820024986751, 0.00113849900663, -0.000623867090326, 0.00409513758495, -0.00135891034734, -0.000187479206943, -0.000856867234688, -0.000299341540085, -0.000681096978951, 0.000239584915107, -0.00162705639377, 0.00169110915158], [-0.000264658709057, 0.000541248475201, -0.00157018355094, -0.000229963552556, -0.00135891034734, 0.00741613004357, -0.00276671582833, 0.000528108968865, 0.00181534816511, -0.00195940467529, -0.000264870817773, 0.00147002085578, -0.00216227280907], [0.000320892693708, -0.000176982983248, 0.00014537005336, -0.0007892427966, -0.000187479206943, -0.00276671582833, 0.0087767271325, -0.00287489267066, -0.000321379920933, 0.00236352928914, -0.00127627782058, -0.00150169967674, 0.000272688484984], [-0.000508818251546, 0.00132579321507, -0.000783943396527, 0.000454743683804, -0.000856867234688, 0.000528108968865, -0.00287489267066, 0.00908167194575, -0.00479019805789, 0.00238062953576, -0.000198925481527, -0.00080047006486, -0.000427770777605], [0.000448650796898, -0.00205606175587, 0.00112324289512, -0.00097798067145, -0.000299341540085, 0.00181534816511, -0.000321379920933, -0.00479019805789, 0.0137986550108, -0.00826134718955, 0.00251257093623, 0.00287656742148, -0.00254641915672], [-0.000586236186791, 0.00263387337327, -0.0026980759576, 0.00140442664269, -0.000681096978951, -0.00195940467529, 0.00236352928914, 0.00238062953576, -0.00826134718955, 0.017476586625, -0.00621850322932, -0.000198379755602, 0.00261422642507], [0.000670489796903, -0.00302296387963, 0.00284181721509, -0.00303676025942, 0.000239584915107, -0.000264870817773, -0.00127627782058, -0.000198925481527, 0.00251257093623, -0.00621850322932, 0.0162421930581, -0.00661481218413, 0.00252731447108], [-0.000586057023611, 0.00222592311911, -0.0016377249267, 0.00191680993885, -0.00162705639377, 0.00147002085578, -0.00150169967674, -0.00080047006486, 0.00287656742148, -0.000198379755602, -0.00661481218413, 0.0152036985382, -0.00604697782546], [0.000396910618292, -0.00172389985528, 0.000774527085014, -0.0003279519442, 0.00169110915158, -0.00216227280907, 0.000272688484984, -0.000427770777605, -0.00254641915672, 0.00261422642507, 0.00252731447108, -0.00604697782546, 0.0145233757794]]
    },
    "melbands": {
        "mean": [0.000996898161247, 0.00116061454173, 0.000444307603175, 0.000656294752844, 0.000483677722514, 0.000387906882679, 0.000344867672538, 0.000337870442308, 0.000405468163081, 0.000185873781447, 0.000220493544475, 0.0001251300273, 7.41845287848e-05, 6.36659387965e-05, 7.84522053436e-05, 5.90026538703e-05, 3.33915777446e-05, 2.78861371044e-05, 5.28325799678e-05, 2.24968789553e-05, 2.14811516344e-05, 2.90422594844e-05, 2.2829950467e-05, 1.64972752827e-05, 1.3145388948e-05, 9.48713386606e-06, 7.78071262175e-06, 3.01124055113e-06, 1.81188863735e-06, 1.47234061387e-06, 7.44678061437e-07, 5.42314637642e-07, 6.96741267348e-07, 7.08956122253e-07, 5.24166580362e-07, 3.3009348499e-07, 1.90424046309e-07, 1.58245754278e-07, 1.59050131288e-07, 1.49042975295e-07],
        "stdev": [0.00274585210718, 0.002743025776, 0.000776911037974, 0.00120914028957, 0.000757902569603, 0.00067469390342, 0.000543700531125, 0.000551491102669, 0.000828325748444, 0.000497215369251, 0.000656472344417, 0.000436353730038, 0.000313602766255, 0.000254147511441, 0.000519403023645, 0.000315038429108, 0.000141216543852, 0.000106069586764, 0.000517537700944, 5.28450145794e-05, 4.04498823627e-05, 9.60882316576e-05, 4.57194837509e-05, 3.76195275749e-05, 2.78020361293e-05, 2.02171813726e-05, 1.95952961803e-05, 7.01694398231e-06, 4.06080334869e-06, 3.87009731639e-06, 2.14767283069e-06, 2.80372728412e-06, 3.27364136865e-06, 2.35620245803e-06, 1.46682941704e-06, 1.19047274438e-06, 4.80741675801e-07, 2.97498132795e-07, 3.36532337997e-07, 3.60663790389e-07]
    },
    "melbands128": {
        "mean": [8.86476263986e-05, 0.000650759437121, 0.00142674194649, 0.00157825683709, 0.00120882503688, 0.000715546775609, 0.000388122338336, 0.000360739824828, 0.000531889265403, 0.000685905455612, 0.000776088563725, 0.000528050470166, 0.000418138573878, 0.0004094473843, 0.000435063266195, 0.000320818362525, 0.000349395966623, 0.000305454828776, 0.000490046397317, 0.000273028213996, 0.000295274017844, 0.00041866407264, 0.000487343204441, 0.000357089185854, 0.000131341104861, 0.000167499136296, 0.000176090266905, 0.000236936219153, 0.000282683293335, 9.10583694349e-05, 0.000116775852803, 8.5854997451e-05, 4.7669178457e-05, 9.36821961659e-05, 6.87434367137e-05, 4.40173535026e-05, 5.98983897362e-05, 0.00013797939755, 2.81441607513e-05, 5.99072009209e-05, 8.782993973e-05, 2.24172017624e-05, 2.89173476631e-05, 3.83299156965e-05, 4.07458283007e-05, 1.7139918782e-05, 1.90858991118e-05, 0.000101590441773, 3.48735884472e-05, 1.44710083987e-05, 3.14497556246e-05, 1.86317065527e-05, 1.47418013512e-05, 2.91810574709e-05, 2.4111217499e-05, 3.93597001676e-05, 1.83512875083e-05, 1.76116263901e-05, 3.00774627249e-05, 2.45365208684e-05, 1.46505444718e-05, 9.04030457605e-06, 1.46013835547e-05, 1.51077892951e-05, 1.11753770398e-05, 9.29664201976e-06, 6.49091089144e-06, 1.19404539873e-05, 7.01462568031e-06, 4.26099995821e-06, 2.98149143418e-06, 2.60243450612e-06, 2.09412723962e-06, 1.4225842051e-06, 1.55067118612e-06, 2.22698736252e-06, 8.8343705329e-07, 1.03175534605e-06, 7.15474925528e-07, 4.84507665988e-07, 4.88638477236e-07, 5.99235420395e-07, 6.13793133653e-07, 7.11560630862e-07, 7.62893591855e-07, 7.20375567198e-07, 7.09567814283e-07, 6.33692877727e-07, 5.24429310644e-07, 4.3328236643e-07, 3.94661725522e-07, 3.04406228224e-07, 2.36421684008e-07, 1.89900234204e-07, 1.4823484662e-07, 1.55915330424e-07, 1.53137420966e-07, 1.7747107961e-07, 1.61083534067e-07, 1.50785865571e-07, 1.47553464558e-07, 1.44438715211e-07, 1.65460960488e-07, 1.12637479788e-07, 9.59643031706e-08, 9.79380061494e-08, 9.858004546e-08, 9.02873722453e-08, 1.34973163313e-07, 1.10502412554e-07, 9.6774698477e-08, 7.15740711144e-08, 6.39186836793e-08, 6.03343437433e-08, 5.07136448391e-08, 3.85923044632e-08, 2.38694184418e-08, 8.92777762829e-09, 4.74178030174e-09, 4.9283546133e-09, 3.8278762382e-09, 3.25219895458e-09, 1.53638579636e-09, 1.19487431061e-09, 3.32919698753e-11, 3.1264151424e-12, 3.10415170131e-12, 3.08105862871e-12],
        "stdev": [0.000271025724942, 0.00185481109656, 0.00426222058013, 0.00448707910255, 0.00292241829447, 0.00164183974266, 0.000861029082444, 0.00077693129424, 0.0009645257378, 0.00141431647353, 0.00201627914794, 0.00100306060631, 0.000739102717489, 0.000783262308687, 0.00104605278466, 0.000694713380653, 0.000676875468343, 0.000588429742493, 0.00123136024922, 0.000599344144575, 0.000703013676684, 0.00107368989848, 0.00121117127128, 0.00107643043157, 0.000519924447872, 0.000724896031898, 0.000804389186669, 0.0009213531157, 0.00125119357836, 0.000326147302985, 0.000690514338203, 0.000490387552418, 0.000355091149686, 0.000559803971555, 0.000520570727531, 0.000215807769564, 0.000328999129124, 0.00111406785436, 0.0002711097477, 0.000328547059326, 0.000565396563616, 0.000128949177451, 0.000153966044309, 0.000234424835071, 0.000261768174823, 6.69360379106e-05, 8.02792419563e-05, 0.00115276128054, 0.000315501121804, 4.99115631101e-05, 0.000103182574094, 5.21274232597e-05, 5.64378024137e-05, 8.22366127977e-05, 6.13172669546e-05, 0.000214949366637, 4.73310319649e-05, 6.67699350743e-05, 8.66916234372e-05, 6.5287007601e-05, 6.12616640865e-05, 3.8470938307e-05, 4.22704506491e-05, 4.96895336255e-05, 3.44970831065e-05, 2.97517690342e-05, 2.20186939259e-05, 3.90367167711e-05, 2.27612035815e-05, 1.3913312614e-05, 1.08497324618e-05, 7.4467561717e-06, 6.32281216895e-06, 3.90130071537e-06, 4.48262562713e-06, 7.47301783122e-06, 3.01935392599e-06, 3.07310438075e-06, 2.38013944909e-06, 2.26950692195e-06, 2.61883315034e-06, 4.82981795358e-06, 2.978454404e-06, 5.00569649375e-06, 2.40776444116e-06, 3.03031538351e-06, 2.61054378825e-06, 1.79487187779e-06, 1.65080427905e-06, 1.35542791213e-06, 1.25070425838e-06, 1.54195868163e-06, 1.07923392534e-06, 4.55877142258e-07, 3.00970384615e-07, 3.32770952127e-07, 3.04983046817e-07, 3.56791105105e-07, 3.58540916068e-07, 3.76823209081e-07, 3.75362645855e-07, 3.81363747692e-07, 4.58300121409e-07, 2.90085807819e-07, 2.36220927263e-07, 2.48475004128e-07, 2.70609547215e-07, 2.68124409786e-07, 4.42724712002e-07, 3.46169315435e-07, 3.23157280491e-07, 2.33460525578e-07, 2.09096569392e-07, 2.15998809949e-07, 1.98315348143e-07, 1.33583029083e-07, 8.10738356449e-08, 5.40402460558e-08, 4.01768076586e-08, 3.93028436463e-08, 3.44203243685e-08, 3.08545899941e-08, 1.78409962359e-08, 1.80342958345e-08, 5.70971436797e-10, 5.515638727e-12, 5.46602476822e-12, 5.43386603075e-12]
    },
    "mfcc": {
        "mean": [-704.429504395, 156.744842529, 5.05605506897, 18.8955402374, 5.91114282608, -5.0386967659, -5.28354215622, 2.58765172958, -0.564956605434, 3.48179721832, -0.314345180988, -1.18522906303, -1.17566180229],
        "cov": [[9299.33398438, -855.627502441, -2130.51196289, 867.546691895, 14.0473117828, -349.16796875, -63.2901191711, 313.30355835, -305.370483398, -31.9476680756, 79.2612991333, 121.218170166, 253.263763428], [-855.627502441, 1963.44262695, 259.586975098, -503.454956055, 11.2905626297, -115.713752747, -192.321884155, -138.772567749, 81.4568786621, -24.1985034943, -9.18207454681, -79.0609817505, -106.502456665], [-2130.51196289, 259.586975098, 1717.75366211, -418.587219238, -106.13105011, 224.976409912, 6.19540643692, -145.713470459, 210.666732788, 72.988571167, -37.7047195435, -63.1405487061, -68.766204834], [867.546691895, -503.454956055, -418.587219238, 505.898651123, 94.7674636841, 18.0480747223, 100.277107239, 116.55065155, -71.189453125, 21.4502601624, 55.2283363342, 67.9694366455, 69.3123168945], [14.0473117828, 11.2905626297, -106.13105011, 94.7674636841, 216.083648682, 46.9229393005, 37.7129402161, 21.286863327, 1.6406724453, 14.7894592285, 38.5673294067, 30.2851047516, 21.3431816101], [-349.16796875, -115.713752747, 224.976409912, 18.0480747223, 46.9229393005, 214.184783936, 90.82787323, -4.84581613541, 10.5273656845, 5.98068809509, 5.04641294479, 20.66837883, 17.0394153595], [-63.2901191711, -192.321884155, 6.19540643692, 100.277107239, 37.7129402161, 90.82787323, 201.093795776, 100.881111145, -2.54813528061, -13.6688289642, 8.17864513397, 41.5016403198, 30.6168880463], [313.30355835, -138.772567749, -145.713470459, 116.55065155, 21.286863327, -4.84581613541, 100.881111145, 170.72454834, 25.620470047, -1.18978404999, 12.0957164764, 17.9675922394, 28.3953456879], [-305.370483398, 81.4568786621, 210.666732788, -71.189453125, 1.6406724453, 10.5273656845, -2.54813528061, 25.620470047, 145.495391846, 62.1374015808, -2.36099100113, -23.3717956543, -24.3911991119], [-31.9476680756, -24.1985034943, 72.988571167, 21.4502601624, 14.7894592285, 5.98068809509, -13.6688289642, -1.18978404999, 62.1374015808, 116.000831604, 35.6253509521, -1.45742762089, -17.7360458374], [79.2612991333, -9.18207454681, -37.7047195435, 55.2283363342, 38.5673294067, 5.04641294479, 8.17864513397, 12.0957164764, -2.36099100113, 35.6253509521, 113.868652344, 54.7422523499, 9.60956764221], [121.218170166, -79.0609817505, -63.1405487061, 67.9694366455, 30.2851047516, 20.66837883, 41.5016403198, 17.9675922394, -23.3717956543, -1.45742762089, 54.7422523499, 139.520996094, 59.4711608887], [253.263763428, -106.502456665, -68.766204834, 69.3123168945, 21.3431816101, 17.0394153595, 30.6168880463, 28.3953456879, -24.3911991119, -17.7360458374, 9.60956764221, 59.4711608887, 121.469169617]],
        "icov": [[0.000174704779056, 1.22073734019e-05, 0.000144198624184, -0.000128789135488, 0.000116226568935, 3.33048592438e-05, 0.00022999093926, -0.000237950007431, 0.000150317471707, -0.000123959514895, 8.41584153477e-07, 3.77980068151e-05, -0.000232361766393], [1.22073734019e-05, 0.000779094465543, 2.25385356316e-05, 0.000740047427826, -0.000470358412713, 0.000318568374496, 0.000298543542158, 3.19247119478e-05, -0.000205183052458, 0.000337987323292, -0.00032873233431, 4.98388180858e-05, 0.000213123334106], [0.000144198624184, 2.25385356316e-05, 0.00129684642889, 0.00046349177137, 0.000681349891238, -0.00108149240259, -0.000286124093691, 0.000848914496601, -0.00140441383701, -0.000140016025398, -0.000205727104913, 0.00020522804698, -0.000292192620691], [-0.000128789135488, 0.000740047427826, 0.00046349177137, 0.00445800786838, -0.0012098524021, -0.00023648898059, -0.00043617101619, -0.0015587026719, 0.00176295381971, -0.00173617189284, -0.000571034674067, -0.000112493704364, -0.000443212746177], [0.000116226568935, -0.000470358412713, 0.000681349891238, -0.0012098524021, 0.00620119646192, -0.00171168637462, -0.000409860251239, 0.000614661781583, -0.0012373495847, -3.10021241603e-05, -0.00137104722671, 9.11758834263e-05, -0.00065768341301], [3.33048592438e-05, 0.000318568374496, -0.00108149240259, -0.00023648898059, -0.00171168637462, 0.00821042899042, -0.0040115211159, 0.00231258850545, 0.000240439301706, -9.94043803075e-05, 4.24090976594e-05, 0.000143910569022, -0.000687945459504], [0.00022999093926, 0.000298543542158, -0.000286124093691, -0.00043617101619, -0.000409860251239, -0.0040115211159, 0.011392544955, -0.00714363949373, 0.00173956190702, 0.000759475515224, 0.00100297096651, -0.00213871710002, 0.000730235595256], [-0.000237950007431, 3.19247119478e-05, 0.000848914496601, -0.0015587026719, 0.000614661781583, 0.00231258850545, -0.00714363949373, 0.0134494304657, -0.00621870160103, 0.00238446611911, -0.00146584457252, 0.0014249648666, -0.00136396673042], [0.000150317471707, -0.000205183052458, -0.00140441383701, 0.00176295381971, -0.0012373495847, 0.000240439301706, 0.00173956190702, -0.00621870160103, 0.0147045794874, -0.00759118748829, 0.00208159373142, 0.000117867617519, 0.000526494870428], [-0.000123959514895, 0.000337987323292, -0.000140016025398, -0.00173617189284, -3.10021241603e-05, -9.94043803075e-05, 0.000759475515224, 0.00238446611911, -0.00759118748829, 0.0149099277332, -0.00464782724157, 0.000668322725687, 0.00142997852527], [8.41584153477e-07, -0.00032873233431, -0.000205727104913, -0.000571034674067, -0.00137104722671, 4.24090976594e-05, 0.00100297096651, -0.00146584457252, 0.00208159373142, -0.00464782724157, 0.0135213984177, -0.00551276607439, 0.00161290471442], [3.77980068151e-05, 4.98388180858e-05, 0.00020522804698, -0.000112493704364, 9.11758834263e-05, 0.000143910569022, -0.00213871710002, 0.0014249648666, 0.000117867617519, 0.000668322725687, -0.00551276607439, 0.0120558328927, -0.00503012677655], [-0.000232361766393, 0.000213123334106, -0.000292192620691, -0.000443212746177, -0.00065768341301, -0.000687945459504, 0.000730235595256, -0.00136396673042, 0.000526494870428, 0.00142997852527, 0.00161290471442, -0.00503012677655, 0.0119878835976]]
    },
    "spectral_contrast_coeffs": {
        "mean": [-0.703957259655, -0.700660407543, -0.67789632082, -0.718118607998, -0.731287539005, -0.795832037926],
        "stdev": [0.0822371244431, 0.0813254863024, 0.0886117890477, 0.0835431218147, 0.0973614454269, 0.0495600029826]
    },
    "spectral_contrast_valleys": {
        "mean": [-6.96907043457, -7.11552476883, -8.46484375, -8.98941802979, -9.17797660828, -11.3438444138],
        "stdev": [1.71811878681, 1.75161874294, 1.68013501167, 1.6683434248, 1.706995368, 1.51613128185]
    }
},
"rhythm": {
    "beats_count": 558,
    "beats_loudness": {
        "mean": 0.034921836108,
        "stdev": 0.0282117538154
    },
    "bpm": 140.058364868,
    "bpm_histogram_first_peak_bpm": 140,
    "bpm_histogram_first_peak_weight": 0.366300404072,
    "bpm_histogram_second_peak_bpm": 129,
    "bpm_histogram_second_peak_spread": 0.400000035763,
    "bpm_histogram_second_peak_weight": 0.0107719926164,
    "danceability": 1.12625801563,
    "onset_rate": 3.64199709892,
    "beats_loudness_band_ratio": {
        "mean": [0.35367962718, 0.219182297587, 0.247699663043, 0.127384379506, 0.0755602493882, 0.027914473787],
        "stdev": [0.246842980385, 0.161998987198, 0.1928255409, 0.160474270582, 0.113772362471, 0.0445428974926]
    },
    "beats_position": [0.441179126501, 0.905578196049, 1.34675729275, 1.764716506, 2.19428563118, 2.62385487556, 3.04181408882, 3.47138309479, 3.88934230804, 4.31891155243, 4.73687076569, 5.16644001007, 5.59600877762, 6.03718805313, 6.46675729752, 6.8963265419, 7.33750534058, 7.76707458496, 8.19664382935, 8.62621307373, 9.05578231812, 9.49696159363, 9.91492080688, 10.3444900513, 10.774058342, 11.2036275864, 11.6331968307, 12.0627660751, 12.4923353195, 12.9102945328, 13.3398637772, 13.7694330215, 14.1873922348, 14.6053514481, 15.0233106613, 15.4528799057, 15.8824491501, 16.3004074097, 16.7299766541, 17.1711559296, 17.600725174, 18.0302944183, 18.4598636627, 18.9010429382, 19.3306121826, 19.760181427, 20.1897506714, 20.6309299469, 21.0604991913, 21.4900684357, 21.9196376801, 22.3492050171, 22.7787742615, 23.2083435059, 23.6379127502, 24.0674819946, 24.497051239, 24.9266204834, 25.3561897278, 25.7857589722, 26.2269382477, 26.6565074921, 27.0744667053, 27.4924259186, 27.9103851318, 28.3399543762, 28.7695236206, 29.1874828339, 29.6054420471, 30.0350112915, 30.4645805359, 30.8941497803, 31.3237190247, 31.7416782379, 32.171245575, 32.6008148193, 33.0303840637, 33.4715652466, 33.9127426147, 34.3423118591, 34.7718811035, 35.2014503479, 35.6194114685, 36.0489807129, 36.4785499573, 36.908115387, 37.3376846313, 37.7672538757, 38.1968231201, 38.6263923645, 39.0559616089, 39.4971427917, 39.9267120361, 40.3562812805, 40.7858505249, 41.2154197693, 41.6449890137, 42.0745582581, 42.5041275024, 42.9336967468, 43.3516540527, 43.7696151733, 44.1991844177, 44.6287536621, 45.046710968, 45.4762802124, 45.9058494568, 46.3354187012, 46.7649879456, 47.1945571899, 47.6125144958, 48.0420837402, 48.4600448608, 48.901222229, 49.3307914734, 49.7603607178, 50.1899299622, 50.631111145, 51.0606803894, 51.4786376953, 51.8965988159, 52.3261680603, 52.7557373047, 53.1969146729, 53.6264839172, 54.0560531616, 54.485622406, 54.9151916504, 55.333152771, 55.7627182007, 56.1922874451, 56.6218566895, 57.0514259338, 57.4809951782, 57.9105644226, 58.3285255432, 58.7464828491, 59.1760520935, 59.6172332764, 60.0468025208, 60.4647598267, 60.894329071, 61.3238983154, 61.7534675598, 62.1714286804, 62.6009979248, 63.0305671692, 63.4717445374, 63.9013137817, 64.3308868408, 64.7604522705, 65.2016296387, 65.6195907593, 66.049156189, 66.4671173096, 66.8966903687, 67.3146438599, 67.7442169189, 68.1737823486, 68.6033554077, 69.0329208374, 69.4624938965, 69.8804550171, 70.3100204468, 70.7279815674, 71.1575469971, 71.5871200562, 72.0166854858, 72.4462585449, 72.8874359131, 73.3170089722, 73.7581863403, 74.18775177, 74.6173248291, 75.0468902588, 75.4764633179, 75.8944168091, 76.3239898682, 76.7419509888, 77.15990448, 77.5894775391, 78.0190429688, 78.4370040894, 78.85496521, 79.2845306396, 79.7141036987, 80.1436691284, 80.5732421875, 81.0144195557, 81.4555969238, 81.8851699829, 82.3147354126, 82.7443084717, 83.1738739014, 83.6150588989, 84.0330123901, 84.4509735107, 84.8689346313, 85.3101119995, 85.7396774292, 86.1692504883, 86.598815918, 87.0283889771, 87.4579544067, 87.8759155273, 88.3054885864, 88.7234420776, 89.1530151367, 89.5825805664, 90.023765564, 90.4533309937, 90.8829040527, 91.3124694824, 91.7420425415, 92.1832199097, 92.6127853394, 93.0423583984, 93.4719238281, 93.9014968872, 94.3194503784, 94.737411499, 95.1553726196, 95.5849380493, 96.0145111084, 96.4440765381, 96.8736495972, 97.3032150269, 97.7327880859, 98.1623535156, 98.5919265747, 99.0214920044, 99.4510650635, 99.8806304932, 100.310203552, 100.739768982, 101.169342041, 101.598907471, 102.02848053, 102.458045959, 102.887619019, 103.317184448, 103.746757507, 104.176322937, 104.605895996, 105.023849487, 105.465034485, 105.906211853, 106.324172974, 106.742126465, 107.171699524, 107.601264954, 108.030838013, 108.448799133, 108.878364563, 109.307937622, 109.737503052, 110.167076111, 110.596641541, 111.0262146, 111.455780029, 111.87374115, 112.30330658, 112.732879639, 113.162445068, 113.592018127, 114.021583557, 114.451156616, 114.869110107, 115.298683167, 115.728248596, 116.157821655, 116.587387085, 117.005348206, 117.446525574, 117.887710571, 118.317276001, 118.74684906, 119.17641449, 119.605987549, 120.035552979, 120.465126038, 120.883079529, 121.312652588, 121.730613708, 122.160179138, 122.601356506, 123.019317627, 123.437278748, 123.855232239, 124.284805298, 124.714370728, 125.143943787, 125.573509216, 126.003082275, 126.432647705, 126.862220764, 127.291786194, 127.732971191, 128.162536621, 128.592102051, 129.010070801, 129.43963623, 129.86920166, 130.29876709, 130.728347778, 131.169525146, 131.587478638, 132.028656006, 132.446624756, 132.864578247, 133.294143677, 133.723709106, 134.141677856, 134.571243286, 135.000808716, 135.430389404, 135.859954834, 136.301132202, 136.719085693, 137.160263062, 137.578231812, 138.007797241, 138.437362671, 138.866943359, 139.296508789, 139.726074219, 140.155639648, 140.585220337, 141.014785767, 141.444351196, 141.873916626, 142.315093994, 142.733062744, 143.162628174, 143.592193604, 144.021759033, 144.439727783, 144.869293213, 145.287246704, 145.705215454, 146.123168945, 146.564346313, 146.982315063, 147.400268555, 147.841445923, 148.271011353, 148.700592041, 149.141769409, 149.571334839, 150.012512207, 150.442077637, 150.871658325, 151.289611816, 151.719177246, 152.160354614, 152.601531982, 153.019500732, 153.460678101, 153.878631592, 154.296600342, 154.714553833, 155.155731201, 155.585296631, 156.014877319, 156.444442749, 156.874008179, 157.291976929, 157.733154297, 158.151107788, 158.580673218, 159.010253906, 159.439819336, 159.857772827, 160.287338257, 160.716918945, 161.146484375, 161.576049805, 162.005615234, 162.435195923, 162.864761353, 163.294326782, 163.723892212, 164.1534729, 164.58303833, 165.01260376, 165.442169189, 165.871749878, 166.312927246, 166.730880737, 167.160446167, 167.578414917, 167.996368408, 168.414321899, 168.843902588, 169.261856079, 169.67980957, 170.109390259, 170.52734375, 170.968521118, 171.409698486, 171.839263916, 172.268844604, 172.686798096, 173.127975464, 173.557540894, 173.998733521, 174.42829895, 174.881088257, 175.310653687, 175.751831055, 176.169799805, 176.599365234, 177.017318726, 177.446884155, 177.864852905, 178.282806396, 178.700775146, 179.141952515, 179.571517944, 180.001083374, 180.430648804, 180.860229492, 181.289794922, 181.707748413, 182.137313843, 182.566894531, 182.996459961, 183.437637329, 183.867202759, 184.296783447, 184.726348877, 185.155914307, 185.573867798, 185.991836548, 186.409790039, 186.839355469, 187.268936157, 187.686889648, 188.116455078, 188.557632446, 188.987213135, 189.416778564, 189.846343994, 190.275909424, 190.693878174, 191.123443604, 191.553009033, 191.982574463, 192.400543213, 192.841720581, 193.271286011, 193.712463379, 194.142044067, 194.559997559, 194.966339111, 195.3959198, 195.813873291, 196.243438721, 196.673019409, 197.114196777, 197.543762207, 197.973327637, 198.402893066, 198.844070435, 199.262039185, 199.691604614, 200.109558105, 200.550750732, 200.991928101, 201.42149353, 201.85105896, 202.28062439, 202.710205078, 203.139770508, 203.557723999, 203.987304688, 204.405258179, 204.834823608, 205.252792358, 205.682357788, 206.100311279, 206.541488647, 206.959457397, 207.400634766, 207.830200195, 208.259765625, 208.700942993, 209.142120361, 209.560089111, 209.989654541, 210.419219971, 210.860397339, 211.301589966, 211.719543457, 212.149108887, 212.578674316, 212.996643066, 213.426208496, 213.855773926, 214.285354614, 214.714920044, 215.156097412, 215.574050903, 215.992019653, 216.409973145, 216.839538574, 217.269119263, 217.710296631, 218.139862061, 218.56942749, 218.987380981, 219.405349731, 219.823303223, 220.252868652, 220.694061279, 221.123626709, 221.564804077, 221.994369507, 222.423934937, 222.853515625, 223.283081055, 223.712646484, 224.142211914, 224.571792603, 225.001358032, 225.419311523, 225.837280273, 226.278457642, 226.696411133, 227.125976562, 227.555557251, 227.973510742, 228.403076172, 228.832641602, 229.273834229, 229.703399658, 230.132965088, 230.562530518, 230.992111206, 231.410064697, 231.839630127, 232.269195557, 232.698776245, 233.116729736, 233.546295166, 233.975875854, 234.405441284, 234.846618652, 235.287796021, 235.728973389, 236.181762695, 236.634552002, 237.098953247, 237.563354492, 238.027755737, 238.492156982, 238.956542969, 239.432556152],
    "bpm_histogram": [0, 0, 0, 0, 0, 0, 0, 0, 0, 0, 0, 0, 0, 0, 0, 0, 0, 0, 0, 0, 0, 0, 0, 0, 0, 0, 0, 0, 0, 0, 0, 0, 0, 0, 0, 0, 0, 0, 0, 0, 0, 0, 0, 0, 0, 0, 0, 0, 0, 0, 0, 0, 0, 0, 0, 0, 0, 0, 0, 0, 0, 0, 0, 0, 0, 0, 0, 0, 0, 0, 0, 0, 0, 0, 0, 0, 0, 0, 0, 0, 0, 0, 0, 0, 0, 0, 0, 0, 0, 0, 0, 0, 0, 0, 0, 0, 0, 0, 0, 0, 0, 0, 0, 0, 0, 0, 0, 0, 0, 0, 0, 0, 0, 0, 0, 0, 0, 0, 0, 0, 0, 0, 0, 0, 0, 0, 0.00179533218034, 0, 0, 0.0107719926164, 0, 0, 0, 0.00538599630818, 0, 0, 0.134649917483, 0, 0, 0, 0.621184945107, 0, 0, 0, 0.224416524172, 0, 0, 0, 0.00179533218034, 0, 0, 0, 0, 0, 0, 0, 0, 0, 0, 0, 0, 0, 0, 0, 0, 0, 0, 0, 0, 0, 0, 0, 0, 0, 0, 0, 0, 0, 0, 0, 0, 0, 0, 0, 0, 0, 0, 0, 0, 0, 0, 0, 0, 0, 0, 0, 0, 0, 0, 0, 0, 0, 0, 0, 0, 0, 0, 0, 0, 0, 0, 0, 0, 0, 0, 0, 0, 0, 0, 0, 0, 0, 0, 0, 0, 0, 0, 0, 0, 0, 0, 0, 0, 0, 0, 0, 0, 0, 0, 0, 0, 0, 0, 0, 0, 0, 0, 0, 0, 0]
},
"tonal": {
    "chords_changes_rate": 0.0748694166541,
    "chords_number_rate": 0.00290191522799,
    "chords_strength": {
        "mean": 0.407031744719,
        "stdev": 0.0855929031968
    },
    "hpcp_crest": {
        "mean": 15.7766904831,
        "stdev": 7.42026138306
    },
    "hpcp_entropy": {
        "mean": 1.64635682106,
        "stdev": 0.668690502644
    },
    "key_edma": {
        "strength": 0.71235024929,
        "key": "D#",
        "scale": "major"
    },
    "key_krumhansl": {
        "strength": 0.722213864326,
        "key": "D#",
        "scale": "major"
    },
    "key_temperley": {
        "strength": 0.736232042313,
        "key": "D#",
        "scale": "major"
    },
    "tuning_diatonic_strength": 0.43924587965,
    "tuning_equal_tempered_deviation": 0.00274623255245,
    "tuning_frequency": 441.017791748,
    "tuning_nontempered_energy_ratio": 0.616836726665,
    "hpcp": {
        "mean": [0.0799574553967, 0.0571093000472, 0.203118056059, 0.309791177511, 0.156173333526, 0.0787614732981, 0.100837342441, 0.0633243918419, 0.145388841629, 0.210076779127, 0.103394404054, 0.0918305665255, 0.130553409457, 0.0719497427344, 0.0958417057991, 0.162745088339, 0.103284142911, 0.173429012299, 0.258899092674, 0.123199813068, 0.0524396263063, 0.0706837847829, 0.057250764221, 0.17455200851, 0.238893866539, 0.104599677026, 0.0723325908184, 0.0998343154788, 0.0587698593736, 0.120622344315, 0.180772840977, 0.101155750453, 0.15455712378, 0.225701421499, 0.117460653186, 0.0705566853285],
        "stdev": [0.201964244246, 0.150492563844, 0.260032534599, 0.373668670654, 0.214910879731, 0.177848115563, 0.229166477919, 0.148042455316, 0.229590445757, 0.318836808205, 0.177058890462, 0.192859023809, 0.269947588444, 0.150443479419, 0.171345517039, 0.292844712734, 0.191713199019, 0.244786337018, 0.347233146429, 0.177661880851, 0.131358250976, 0.187524870038, 0.141791731119, 0.240969583392, 0.322629928589, 0.161184817553, 0.163411974907, 0.232690781355, 0.139211222529, 0.207427710295, 0.299692124128, 0.17327748239, 0.22211946547, 0.32559132576, 0.188117921352, 0.177460536361]
    },
    "chords_histogram": [6.48094415665, 8.64770793915, 14.3934993744, 0.947959005833, 1.52834200859, 0.0773844048381, 0.502998650074, 0.0773844048381, 0.754497945309, 0, 0.135422706604, 0.290191531181, 1.87657189369, 1.47030377388, 0, 4.37221908569, 2.34087824821, 6.50029039383, 4.00464296341, 8.70574569702, 5.43625450134, 9.47958946228, 12.2847747803, 9.69239711761],
    "thpcp": [1, 0.504124522209, 0.25424054265, 0.325501024723, 0.20440992713, 0.469312399626, 0.678123831749, 0.333755165339, 0.296427309513, 0.421423912048, 0.232252389193, 0.309375196695, 0.525338053703, 0.333399236202, 0.559825539589, 0.835721313953, 0.397686630487, 0.169274106622, 0.228165909648, 0.18480437994, 0.563450574875, 0.771144807339, 0.337645769119, 0.233488216996, 0.322263270617, 0.18970797956, 0.38936662674, 0.58353126049, 0.326528817415, 0.498907446861, 0.728559851646, 0.379160732031, 0.227755635977, 0.258101135492, 0.184347733855, 0.655661225319],
    "chords_key": "A#",
    "chords_scale": "major"
}
}