{
"metadata": {
    "version": {
        "essentia": "2.1-dev",
        "essentia_git_sha": "v2.1_beta3-415-gd5473f3",
        "extractor": "music 2.0"
    },
    "audio_properties": {
        "analysis": {
            "equal_loudness": 0,
            "length": 129.593475342,
            "sample_rate": 44100,
            "start_time": 0,
            "downmix": "mix"
        },
        "bit_rate": 192000,
        "length": 129.593475342,
        "lossless": 0,
        "number_channels": 2,
        "replay_gain": -10.1229152679,
        "sample_rate": 44100,
        "codec": "mp3",
        "md5_encoded": "ea8600812175db33638587606656e977"
    },
    "tags": {
        "file_name": "carl-henrik_norins_orkester-mumin.mp3",
        "album": ["Svensk Jazzhistoria Vol 8 "],
        "artist": ["Carl-Henrik Norins Orkester"],
        "date": ["2002"],
        "genre": ["Jazz"],
        "title": ["Mumin "]
    }
},
"lowlevel": {
    "average_loudness": 0.895001709461,
    "barkbands_crest": {
        "mean": 10.5784749985,
        "stdev": 4.0589838028
    },
    "barkbands_flatness_db": {
        "mean": 0.162098899484,
        "stdev": 0.0462688542902
    },
    "barkbands_kurtosis": {
        "mean": 7.94422149658,
        "stdev": 11.6571855545
    },
    "barkbands_skewness": {
        "mean": 1.7969520092,
        "stdev": 1.54030239582
    },
    "barkbands_spread": {
        "mean": 14.7777204514,
        "stdev": 9.70287895203
    },
    "dissonance": {
        "mean": 0.43801254034,
        "stdev": 0.0392968095839
    },
    "dynamic_complexity": 3.83625936508,
    "erbbands_crest": {
        "mean": 12.2341804504,
        "stdev": 5.93147802353
    },
    "erbbands_flatness_db": {
        "mean": 0.172155961394,
        "stdev": 0.0567083656788
    },
    "erbbands_kurtosis": {
        "mean": 2.79852962494,
        "stdev": 6.52657032013
    },
    "erbbands_skewness": {
        "mean": 0.980288386345,
        "stdev": 1.06329596043
    },
    "erbbands_spread": {
        "mean": 32.8628196716,
        "stdev": 23.188293457
    },
    "hfc": {
        "mean": 17.3970451355,
        "stdev": 17.1107406616
    },
    "loudness_ebu128": {
        "integrated": -14.1949987411,
        "loudness_range": 2.60955429077,
        "momentary": {
            "mean": -21.1259441376,
            "stdev": 39.216053009
        },
        "short_term": {
            "mean": -15.0588083267,
            "stdev": 5.36512422562
        }
    },
    "melbands_crest": {
        "mean": 13.2762851715,
        "stdev": 5.31415081024
    },
    "melbands_flatness_db": {
        "mean": 0.218278706074,
        "stdev": 0.0590223819017
    },
    "melbands_kurtosis": {
        "mean": 18.5188426971,
        "stdev": 29.1145935059
    },
    "melbands_skewness": {
        "mean": 2.43314933777,
        "stdev": 2.08022809029
    },
    "melbands_spread": {
        "mean": 18.5919361115,
        "stdev": 21.3080615997
    },
    "pitch_salience": {
        "mean": 0.548686504364,
        "stdev": 0.112727925181
    },
    "silence_rate_20dB": {
        "mean": 1,
        "stdev": 0
    },
    "silence_rate_30dB": {
        "mean": 1,
        "stdev": 0
    },
    "silence_rate_60dB": {
        "mean": 0.107110872865,
        "stdev": 0.309256196022
    },
    "spectral_centroid": {
        "mean": 1126.22412109,
        "stdev": 1617.92651367
    },
    "spectral_complexity": {
        "mean": 11.579079628,
        "stdev": 5.9106388092
    },
    "spectral_decrease": {
        "mean": -5.92664495258e-09,
        "stdev": 4.27547774962e-09
    },
    "spectral_energy": {
        "mean": 0.0239463988692,
        "stdev": 0.0174247771502
    },
    "spectral_energyband_high": {
        "mean": 0.000290174997644,
        "stdev": 0.000428163039032
    },
    "spectral_energyband_low": {
        "mean": 0.00365979643539,
        "stdev": 0.00493383500725
    },
    "spectral_energyband_middle_high": {
        "mean": 0.00667416723445,
        "stdev": 0.0104956468567
    },
    "spectral_energyband_middle_low": {
        "mean": 0.0144553836435,
        "stdev": 0.0118174310774
    },
    "spectral_entropy": {
        "mean": 7.26371049881,
        "stdev": 0.605231821537
    },
    "spectral_flux": {
        "mean": 0.0628834664822,
        "stdev": 0.0395331606269
    },
    "spectral_kurtosis": {
        "mean": 5.42929649353,
        "stdev": 3.71544837952
    },
    "spectral_rms": {
        "mean": 0.00439784489572,
        "stdev": 0.0020053293556
    },
    "spectral_rolloff": {
        "mean": 1438.37426758,
        "stdev": 2899.17480469
    },
    "spectral_skewness": {
        "mean": 1.92198133469,
        "stdev": 0.573595046997
    },
    "spectral_spread": {
        "mean": 6340920,
        "stdev": 5754610.5
    },
    "spectral_strongpeak": {
        "mean": 1.70733880997,
        "stdev": 2.03231406212
    },
    "zerocrossingrate": {
        "mean": 0.0628057569265,
        "stdev": 0.073648199439
    },
    "barkbands": {
        "mean": [6.46197759124e-06, 0.00130992592312, 0.00178809510544, 0.00123298482504, 0.00391584495082, 0.0023892626632, 0.00175148842391, 0.0015890726354, 0.00268288142979, 0.00271200039424, 0.000522079586517, 0.000896905665286, 0.000853593577631, 0.000429771665949, 0.000374556984752, 0.000463364442112, 0.000347069202689, 0.000230852252571, 0.000121244869661, 7.66387747717e-05, 4.98376648466e-05, 2.72618999588e-05, 4.03449848818e-05, 5.26241055923e-05, 5.63501926081e-05, 2.54494279943e-05, 4.79836273826e-07],
        "stdev": [1.71665960806e-05, 0.00210240669549, 0.00325537566096, 0.00202356581576, 0.00496257282794, 0.00293066469021, 0.00381865235977, 0.00333012430929, 0.00676723476499, 0.00727717019618, 0.00147294159979, 0.00258993194439, 0.0026857573539, 0.0013688323088, 0.00162980577443, 0.0014089003671, 0.00133319490124, 0.00068789429497, 0.000358045683242, 0.000184387856279, 8.82835956872e-05, 4.42269338237e-05, 0.00011649508815, 8.74115867191e-05, 9.289632726e-05, 5.54564394406e-05, 2.50745210906e-06]
    },
    "erbbands": {
        "mean": [0.013914805837, 0.395975202322, 2.01258635521, 3.11099028587, 8.67512512207, 13.050195694, 18.048532486, 19.0031890869, 25.5179347992, 28.803653717, 34.7876014709, 60.2021942139, 83.4488830566, 61.8805961609, 26.7872161865, 37.2598190308, 42.9647598267, 26.9898738861, 21.3580245972, 18.9636974335, 22.5808868408, 21.5802402496, 14.0786247253, 7.78708457947, 4.46256828308, 3.47894620895, 2.4053375721, 1.59218800068, 0.908129394054, 1.0287463665, 1.17774486542, 1.0414968729, 0.981159687042, 0.697308063507, 0.34345754981, 0.152047455311, 0.0388743057847, 0.00376491155475, 0.000106256942672, 3.21945917676e-05],
        "stdev": [0.0235817786306, 0.618823409081, 3.5593984127, 4.27903652191, 13.5134792328, 17.8427963257, 22.1139965057, 25.4293041229, 54.0367622375, 62.7875518799, 66.4337692261, 147.829742432, 210.883972168, 202.388656616, 74.5633850098, 108.791740417, 127.397750854, 84.4126052856, 78.5779953003, 39.546585083, 69.6317672729, 80.5122756958, 36.9779663086, 25.8098812103, 8.67312717438, 7.37296199799, 3.67208600044, 3.29723882675, 1.36659932137, 3.03814077377, 2.82648873329, 2.01769948006, 1.54703474045, 1.12737607956, 0.607396781445, 0.293959200382, 0.0909795388579, 0.0129939131439, 0.000355959491571, 2.46030886046e-05]
    },
    "gfcc": {
        "mean": [-52.0609397888, 90.6761245728, -101.75881958, 14.5477113724, -69.507232666, 12.2241725922, -50.3366317749, 11.7175531387, -30.5239715576, 1.56904423237, -17.1657886505, -3.76397418976, -11.4722976685],
        "cov": [[37008.6132812, 2979.81811523, -3545.2722168, 127.852470398, -1896.40258789, 253.274139404, -1542.30810547, 367.876953125, -1021.387146, -181.584686279, -654.816589355, -173.070388794, -257.293914795], [2979.81811523, 925.443847656, -482.220855713, -128.503234863, -97.2636032104, 15.270365715, -88.5988235474, -69.9961700439, -20.8589134216, -97.7457199097, 4.59352970123, -99.0246200562, 43.0227584839], [-3545.2722168, -482.220855713, 1703.25476074, 441.034179688, 12.293009758, 150.211532593, 91.9776992798, -28.7573318481, -48.4098777771, 92.5813293457, -3.19028234482, -15.5293016434, -136.317199707], [127.852470398, -128.503234863, 441.034179688, 488.35546875, -0.859877288342, 84.3684005737, 8.83341884613, 45.2264213562, -43.9465637207, 23.2970867157, -12.4024457932, -18.5708847046, -48.1862068176], [-1896.40258789, -97.2636032104, 12.293009758, -0.859877288342, 376.952667236, 45.7836837769, 133.502502441, 7.84022808075, 89.0692367554, -1.57212305069, 22.4324398041, 24.9186706543, 31.6802062988], [253.274139404, 15.270365715, 150.211532593, 84.3684005737, 45.7836837769, 165.472290039, 27.9817657471, 18.4328804016, -26.4797172546, 10.3847703934, -14.6982030869, 2.10759949684, -17.7346782684], [-1542.30810547, -88.5988235474, 91.9776992798, 8.83341884613, 133.502502441, 27.9817657471, 196.022781372, 50.046333313, 65.4924163818, -20.6270999908, 17.6686763763, 6.78102445602, 45.1905326843], [367.876953125, -69.9961700439, -28.7573318481, 45.2264213562, 7.84022808075, 18.4328804016, 50.046333313, 144.802688599, 33.2568206787, 11.8596925735, -29.2778091431, 12.2741250992, 5.90828704834], [-1021.387146, -20.8589134216, -48.4098777771, -43.9465637207, 89.0692367554, -26.4797172546, 65.4924163818, 33.2568206787, 145.234527588, 42.3540382385, 39.7294082642, -4.20894527435, 17.5883197784], [-181.584686279, -97.7457199097, 92.5813293457, 23.2970867157, -1.57212305069, 10.3847703934, -20.6270999908, 11.8596925735, 42.3540382385, 116.763572693, 38.037689209, 22.6224689484, -37.4112319946], [-654.816589355, 4.59352970123, -3.19028234482, -12.4024457932, 22.4324398041, -14.6982030869, 17.6686763763, -29.2778091431, 39.7294082642, 38.037689209, 94.6100769043, 23.0307254791, 7.91623258591], [-173.070388794, -99.0246200562, -15.5293016434, -18.5708847046, 24.9186706543, 2.10759949684, 6.78102445602, 12.2741250992, -4.20894527435, 22.6224689484, 23.0307254791, 91.376121521, 30.0646743774], [-257.293914795, 43.0227584839, -136.317199707, -48.1862068176, 31.6802062988, -17.7346782684, 45.1905326843, 5.90828704834, 17.5883197784, -37.4112319946, 7.91623258591, 30.0646743774, 111.113571167]],
        "icov": [[0.000218248591409, -0.000565875321627, 0.00044526529382, -0.000328011519741, 0.000492526683956, -0.000376022857381, 0.000678556098137, -0.000800965062808, 0.000864306930453, -0.000563912850339, 0.000896973302588, -0.000445645157015, 0.000424668280175], [-0.000565875321627, 0.00341990380548, -0.00072233332321, 0.00102243269794, -0.000891667907126, -0.000410821463447, -0.000690916029271, 0.00239942735061, -0.00267176469788, 0.00284738000482, -0.00364916748367, 0.00346066430211, -0.00203000148758], [0.00044526529382, -0.00072233332321, 0.00204326584935, -0.00144901184831, 0.00140006362926, -0.00133565044962, 0.000296482205158, -0.000445873825811, 0.00178364804015, -0.00168620538898, 0.00225097825751, -0.000824369024485, 0.0016924663214], [-0.000328011519741, 0.00102243269794, -0.00144901184831, 0.00368120218627, -0.0011614926625, -0.000161678952281, -0.000103241000033, -0.000761830655392, 3.61598504242e-05, 0.000911134586204, -0.00268581882119, 0.00221995241009, -0.00105711282231], [0.000492526683956, -0.000891667907126, 0.00140006362926, -0.0011614926625, 0.00559063302353, -0.0024698539637, -0.000879806641024, 0.000337570090778, -0.00115313532297, -0.000236181120272, 0.00302407238632, -0.00279370695353, 0.00169483781792], [-0.000376022857381, -0.000410821463447, -0.00133565044962, -0.000161678952281, -0.0024698539637, 0.00960450340062, -0.00317509518936, 0.000317661761073, 0.00191517011262, -0.00193414115347, 0.000152083943249, -0.00031288532773, 0.000210674174014], [0.000678556098137, -0.000690916029271, 0.000296482205158, -0.000103241000033, -0.000879806641024, -0.00317509518936, 0.0138571336865, -0.00685074087232, -0.000158140726853, 0.00323332683183, -0.00157871667761, 0.00117052602582, -0.00246025272645], [-0.000800965062808, 0.00239942735061, -0.000445873825811, -0.000761830655392, 0.000337570090778, 0.000317661761073, -0.00685074087232, 0.0151192191988, -0.00730627821758, 0.000316791498335, 0.00360309844837, -0.00203757802956, -0.000166597747011], [0.000864306930453, -0.00267176469788, 0.00178364804015, 3.61598504242e-05, -0.00115313532297, 0.00191517011262, -0.000158140726853, -0.00730627821758, 0.0192131437361, -0.00969955231994, -0.000559709558729, 0.00408714544028, -0.00104599806946], [-0.000563912850339, 0.00284738000482, -0.00168620538898, 0.000911134586204, -0.000236181120272, -0.00193414115347, 0.00323332683183, 0.000316791498335, -0.00969955231994, 0.0199974663556, -0.00833143293858, -0.0028652169276, 0.00398213602602], [0.000896973302588, -0.00364916748367, 0.00225097825751, -0.00268581882119, 0.00302407238632, 0.000152083943249, -0.00157871667761, 0.00360309844837, -0.000559709558729, -0.00833143293858, 0.0227505154908, -0.00815648119897, 0.00256888731383], [-0.000445645157015, 0.00346066430211, -0.000824369024485, 0.00221995241009, -0.00279370695353, -0.00031288532773, 0.00117052602582, -0.00203757802956, 0.00408714544028, -0.0028652169276, -0.00815648119897, 0.0209459643811, -0.00873968657106], [0.000424668280175, -0.00203000148758, 0.0016924663214, -0.00105711282231, 0.00169483781792, 0.000210674174014, -0.00246025272645, -0.000166597747011, -0.00104599806946, 0.00398213602602, 0.00256888731383, -0.00873968657106, 0.0166350211948]]
    },
    "melbands": {
        "mean": [0.000245245028054, 0.000881678541191, 0.000688241270836, 0.000822079484351, 0.00062508037081, 0.000445671495982, 0.000376251031412, 0.000325934903231, 0.00029353305581, 0.000393960624933, 0.000417985225795, 0.000263810507022, 8.14169106889e-05, 9.10028393264e-05, 9.53029812081e-05, 8.27595576993e-05, 4.71405546705e-05, 3.21239022014e-05, 2.93429329759e-05, 3.0569590308e-05, 2.35723291553e-05, 2.01631701202e-05, 2.38271040871e-05, 5.81955191592e-06, 6.65874904371e-06, 3.24090137838e-06, 2.98864165416e-06, 2.13120142689e-06, 1.56085422987e-06, 1.37056667882e-06, 7.17490195257e-07, 4.75855244986e-07, 5.53228574063e-07, 5.70925294596e-07, 6.16518036622e-07, 7.55070175273e-07, 5.96204188241e-07, 7.03969931237e-07, 6.51119535178e-07, 5.68934979128e-07],
        "stdev": [0.000398154254071, 0.00143250264227, 0.000851026270539, 0.00120851793326, 0.000715448753908, 0.000562836008612, 0.000805428891908, 0.000714542809874, 0.00061203178484, 0.00103324092925, 0.00109173590317, 0.000874665798619, 0.000220736052142, 0.000267422758043, 0.000236205247347, 0.00027441571001, 0.000164299708558, 0.000106929750473, 0.000110209650302, 9.53493727138e-05, 6.82151148794e-05, 8.26702525956e-05, 8.03347575129e-05, 1.48146427819e-05, 2.55865052168e-05, 5.54135749553e-06, 8.31718716654e-06, 4.57602436654e-06, 2.52201016337e-06, 3.29113140651e-06, 1.32957109145e-06, 7.46588568745e-07, 1.00359625321e-06, 2.45563251156e-06, 1.75816069259e-06, 1.61946206845e-06, 1.18506739e-06, 1.14318288524e-06, 1.0186615782e-06, 9.75124976321e-07]
    },
    "melbands128": {
        "mean": [4.23164874519e-06, 3.5134551581e-05, 0.000280626292806, 0.000760549097322, 0.00109795900062, 0.000778476824053, 0.00057223206386, 0.000650571892038, 0.000909379858058, 0.000975313421804, 0.000682967423927, 0.000653565861285, 0.000649096502457, 0.000569752010051, 0.000401740981033, 0.000393455004087, 0.00049179198686, 0.000362794933608, 0.000282076129224, 0.000307278067339, 0.000414997077314, 0.000263818423264, 0.00027448812034, 0.000303279433865, 0.000356059201295, 0.000482597650262, 0.000376968993805, 0.000477419613162, 0.000379887060262, 0.000295204488793, 0.000270120362984, 7.32561893528e-05, 5.84332519793e-05, 9.43920967984e-05, 8.76398917171e-05, 6.3840256189e-05, 0.000153111570398, 7.01464814483e-05, 6.11507712165e-05, 0.000150848325575, 6.25086395303e-05, 4.31584849139e-05, 5.18174892932e-05, 5.25095929333e-05, 2.31033282034e-05, 1.43341867442e-05, 6.40001671854e-05, 2.60266351688e-05, 1.80541064765e-05, 2.39253804466e-05, 2.37629883486e-05, 5.78808030696e-05, 1.88219582924e-05, 1.34675319714e-05, 2.01701113838e-05, 1.90462451428e-05, 2.40433073486e-05, 2.93403190881e-05, 2.461024269e-05, 7.45696843296e-06, 4.19344814873e-06, 6.00928160566e-06, 4.84010979562e-06, 9.96449398372e-06, 3.36316452376e-06, 2.78186416836e-06, 3.20418462252e-06, 2.80760536953e-06, 3.61386946679e-06, 1.90146522527e-06, 2.66252754955e-06, 1.67690143371e-06, 1.82419182693e-06, 1.73689943495e-06, 9.55939526648e-07, 1.40318684316e-06, 1.70461828475e-06, 9.0163501909e-07, 4.90017498578e-07, 6.46773059998e-07, 3.97324185997e-07, 4.82391953938e-07, 4.85760779156e-07, 5.24131849033e-07, 6.76224942708e-07, 5.30795375653e-07, 5.8044730622e-07, 5.41057829651e-07, 4.89893125177e-07, 7.28433235508e-07, 1.00573038253e-06, 6.31012142094e-07, 6.2052862404e-07, 5.7290372979e-07, 5.71959958506e-07, 7.39059260013e-07, 7.27081612695e-07, 6.84614064994e-07, 5.79093466513e-07, 7.47482431507e-07, 5.69096982872e-07, 6.07461515756e-07, 4.63324880684e-07, 3.48476248746e-07, 4.07665226021e-07, 3.91285084334e-07, 3.15360779268e-07, 2.52541212831e-07, 2.51424950193e-07, 2.85447811166e-07, 1.9981932553e-07, 1.32908184014e-07, 1.08190683079e-07, 9.13493707344e-08, 6.35420605022e-08, 2.90955313176e-08, 1.62304569784e-08, 4.14124601278e-09, 8.09938116575e-10, 2.92835589111e-10, 1.11568920769e-10, 3.51835574564e-11, 8.22785936605e-12, 3.49675626996e-12, 3.34174571695e-12, 3.304183099e-12, 3.27672069166e-12, 3.25647603501e-12],
        "stdev": [1.03600104921e-05, 6.71551533742e-05, 0.00056549202418, 0.00125340372324, 0.00202295021154, 0.00137154408731, 0.0009344611899, 0.00108353572432, 0.00166736636311, 0.00194244994782, 0.00130664650351, 0.0009806699818, 0.00094946596073, 0.000974148861133, 0.000705115613528, 0.000730895262677, 0.00104810995981, 0.00125303468667, 0.000971011584625, 0.000953005277552, 0.00124387163669, 0.000705887854565, 0.000780619331636, 0.00133404950611, 0.00117316073738, 0.00203860434704, 0.00140198401641, 0.00165027682669, 0.00143105885945, 0.00123418553267, 0.0012507904321, 0.000351475173375, 0.000245838833507, 0.00044229690684, 0.000405637285439, 0.000290137861157, 0.000654862786178, 0.000224975708988, 0.00020297683659, 0.000643952167593, 0.000341186998412, 0.000260823027929, 0.000332086114213, 0.000186604156625, 6.04275846854e-05, 4.95516833325e-05, 0.000395569833927, 0.000126911909319, 7.74638538132e-05, 7.39895112929e-05, 7.68774552853e-05, 0.000313636526698, 6.02493673796e-05, 5.24993192812e-05, 9.46693689912e-05, 9.71016343101e-05, 0.000210841724765, 0.000120797471027, 0.000101906021882, 3.16409968946e-05, 1.42753933687e-05, 2.68413223239e-05, 2.1187508537e-05, 5.36394582014e-05, 9.68042149907e-06, 5.71613509237e-06, 8.0705531218e-06, 1.0119199942e-05, 1.57546128321e-05, 6.67137646815e-06, 8.78982064023e-06, 4.55740382677e-06, 5.74919067731e-06, 3.08415837935e-06, 2.02632168111e-06, 3.94419203076e-06, 6.82137306285e-06, 1.8744863155e-06, 9.39847041082e-07, 1.43503325489e-06, 8.65256993166e-07, 8.48270701681e-07, 9.63847696767e-07, 1.06845607206e-06, 1.62077435562e-06, 1.10913799745e-06, 4.28655812357e-06, 4.24913287134e-06, 1.00954150639e-06, 1.28831436541e-06, 2.98713621305e-06, 1.92877814698e-06, 1.1590102531e-06, 1.32980335366e-06, 1.44058424212e-06, 1.15059401651e-06, 1.41059854286e-06, 1.23895006254e-06, 9.96399762698e-07, 1.17810384381e-06, 1.06176776171e-06, 1.15328680295e-06, 9.29732323129e-07, 7.31355896733e-07, 8.16214821953e-07, 7.22066886283e-07, 6.11457778632e-07, 5.19872912719e-07, 5.08689083745e-07, 6.57186035369e-07, 4.63191383915e-07, 3.20804417697e-07, 2.74174823289e-07, 2.54003083455e-07, 2.35981573837e-07, 1.388979598e-07, 7.95779726559e-08, 3.36810010992e-08, 1.27911281567e-08, 6.42860520372e-09, 2.42017494934e-09, 9.30578392122e-10, 2.84808343576e-10, 6.0158098121e-12, 5.40230577287e-12, 5.33884221554e-12, 5.29136370137e-12, 5.26276895327e-12]
    },
    "mfcc": {
        "mean": [-685.270996094, 124.109519958, 17.1657981873, 6.39986991882, 3.40882658958, -7.89670419693, -2.86863327026, -4.65844392776, -4.91849279404, -0.630730032921, -4.90313911438, -0.399824291468, -5.07677602768],
        "cov": [[11121.3339844, 2120.00976562, -561.837219238, -78.522102356, 20.2556762695, -270.871429443, -91.8014068604, -25.4440784454, -4.80702114105, -104.85005188, -235.401184082, -155.596435547, -183.793640137], [2120.00976562, 1144.29077148, -180.29119873, -180.474365234, -17.11602211, -36.2440834045, -47.9621658325, -38.3246994019, -32.7328033447, -13.3714771271, -55.6380996704, -32.1059799194, -44.307510376], [-561.837219238, -180.29119873, 1265.19445801, 252.617630005, 96.9271850586, 135.474014282, 116.357009888, -24.3529701233, -79.9380493164, 59.1415252686, 83.1578979492, -30.9708766937, -50.4328575134], [-78.522102356, -180.474365234, 252.617630005, 303.668792725, 88.7269668579, 45.3496017456, 61.7648620605, 34.8334083557, 26.3643913269, 24.7091464996, 27.3397197723, 23.1497650146, 10.4969949722], [20.2556762695, -17.11602211, 96.9271850586, 88.7269668579, 165.635650635, 83.8682403564, 40.963432312, 22.5042247772, 22.9628181458, 13.2865962982, 18.7986679077, 18.4014282227, 7.55367851257], [-270.871429443, -36.2440834045, 135.474014282, 45.3496017456, 83.8682403564, 148.854614258, 62.3232078552, 16.8925418854, 0.207469403744, 8.22084617615, 22.5568027496, -0.977228462696, 2.11594939232], [-91.8014068604, -47.9621658325, 116.357009888, 61.7648620605, 40.963432312, 62.3232078552, 119.887809753, 60.5586090088, 23.2647609711, 9.62464141846, -1.67435717583, -6.01144313812, -7.48256206512], [-25.4440784454, -38.3246994019, -24.3529701233, 34.8334083557, 22.5042247772, 16.8925418854, 60.5586090088, 110.198158264, 69.1622085571, 10.8184871674, -9.35762500763, -0.441607952118, -1.40541100502], [-4.80702114105, -32.7328033447, -79.9380493164, 26.3643913269, 22.9628181458, 0.207469403744, 23.2647609711, 69.1622085571, 124.923904419, 39.3730506897, -12.6336688995, 5.74365377426, 8.43350791931], [-104.85005188, -13.3714771271, 59.1415252686, 24.7091464996, 13.2865962982, 8.22084617615, 9.62464141846, 10.8184871674, 39.3730506897, 92.4867172241, 47.7662620544, -1.33253216743, -10.8426008224], [-235.401184082, -55.6380996704, 83.1578979492, 27.3397197723, 18.7986679077, 22.5568027496, -1.67435717583, -9.35762500763, -12.6336688995, 47.7662620544, 111.668029785, 45.4400634766, 3.3067522049], [-155.596435547, -32.1059799194, -30.9708766937, 23.1497650146, 18.4014282227, -0.977228462696, -6.01144313812, -0.441607952118, 5.74365377426, -1.33253216743, 45.4400634766, 105.984558105, 61.2245178223], [-183.793640137, -44.307510376, -50.4328575134, 10.4969949722, 7.55367851257, 2.11594939232, -7.48256206512, -1.40541100502, 8.43350791931, -10.8426008224, 3.3067522049, 61.2245178223, 100.529457092]],
        "icov": [[0.000165756282513, -0.000314270990202, 4.89124759042e-05, -0.000206137701753, -0.000169094957528, 0.00035348412348, -8.00675261416e-05, 5.42128182133e-05, -6.82795725879e-05, 0.000208513607504, 1.11833287519e-06, 0.0001598897652, 0.000141463198815], [-0.000314270990202, 0.00163484748919, -3.87166146538e-05, 0.00098769296892, -9.35425196076e-05, -0.000580451625865, 0.000268402567599, -6.97759605828e-05, 0.000603735621553, -0.000992823508568, 0.000876689271536, -0.000796520384029, 0.000360201578587], [4.89124759042e-05, -3.87166146538e-05, 0.00126884609926, -0.000931329093874, -3.22373161907e-05, -0.000373561371816, -0.000902490632143, 0.000545761664398, 0.00100181577727, -0.000655210285913, -0.000332537078066, 0.000483483105199, 0.000318669510307], [-0.000206137701753, 0.00098769296892, -0.000931329093874, 0.00554089527577, -0.00212288438343, 0.000735539011657, -0.00111615878996, -0.00038431386929, -0.000459086644696, -0.000510755286086, 0.000151965563418, -0.00103578786366, -0.000322518928442], [-0.000169094957528, -9.35425196076e-05, -3.22373161907e-05, -0.00212288438343, 0.0103778410703, -0.00584847247228, 0.000720469979569, -6.21988001512e-05, -0.00148257636465, -0.00012267040438, 0.000263375113718, -0.00200285832398, 0.000573453609832], [0.00035348412348, -0.000580451625865, -0.000373561371816, 0.000735539011657, -0.00584847247228, 0.0133425779641, -0.0058377222158, 0.00164152204525, -0.000385213817935, 0.0022153838072, -0.00347005832009, 0.00350908911787, -0.00187843677122], [-8.00675261416e-05, 0.000268402567599, -0.000902490632143, -0.00111615878996, 0.000720469979569, -0.0058377222158, 0.0172223672271, -0.00973959453404, 0.00278902496211, -0.00216457643546, 0.00326523580588, -0.0015985755017, 0.00124889460858], [5.42128182133e-05, -6.97759605828e-05, 0.000545761664398, -0.00038431386929, -6.21988001512e-05, 0.00164152204525, -0.00973959453404, 0.0206397455186, -0.0109253805131, 0.00435326667503, -0.0026032179594, 0.00126918533351, 0.000614749675151], [-6.82795725879e-05, 0.000603735621553, 0.00100181577727, -0.000459086644696, -0.00148257636465, -0.000385213817935, 0.00278902496211, -0.0109253805131, 0.0191832724959, -0.0113224210218, 0.00739730196074, -0.00344960601069, -0.000106782710645], [0.000208513607504, -0.000992823508568, -0.000655210285913, -0.000510755286086, -0.00012267040438, 0.0022153838072, -0.00216457643546, 0.00435326667503, -0.0113224210218, 0.0227119624615, -0.0133576933295, 0.00700769526884, -0.000898403057363], [1.11833287519e-06, 0.000876689271536, -0.000332537078066, 0.000151965563418, 0.000263375113718, -0.00347005832009, 0.00326523580588, -0.0026032179594, 0.00739730196074, -0.0133576933295, 0.021691866219, -0.0128075154498, 0.00549090048298], [0.0001598897652, -0.000796520384029, 0.000483483105199, -0.00103578786366, -0.00200285832398, 0.00350908911787, -0.0015985755017, 0.00126918533351, -0.00344960601069, 0.00700769526884, -0.0128075154498, 0.0229187849909, -0.0122241703793], [0.000141463198815, 0.000360201578587, 0.000318669510307, -0.000322518928442, 0.000573453609832, -0.00187843677122, 0.00124889460858, 0.000614749675151, -0.000106782710645, -0.000898403057363, 0.00549090048298, -0.0122241703793, 0.0178324840963]]
    },
    "spectral_contrast_coeffs": {
        "mean": [-0.674245774746, -0.723360180855, -0.713523864746, -0.769882321358, -0.790713727474, -0.819935798645],
        "stdev": [0.096018910408, 0.0896649062634, 0.110946074128, 0.0820016264915, 0.0615824200213, 0.0352452248335]
    },
    "spectral_contrast_valleys": {
        "mean": [-7.51900672913, -7.3226480484, -8.40616130829, -8.73536109924, -8.80333042145, -10.6364393234],
        "stdev": [3.26721477509, 3.28774523735, 3.11500859261, 3.04981184006, 3.01974272728, 2.75227022171]
    }
},
"rhythm": {
    "beats_count": 215,
    "beats_loudness": {
        "mean": 0.0317196808755,
        "stdev": 0.0160574559122
    },
    "bpm": 100.329566956,
    "bpm_histogram_first_peak_bpm": 99,
    "bpm_histogram_first_peak_weight": 0.524999976158,
    "bpm_histogram_second_peak_bpm": 92,
    "bpm_histogram_second_peak_spread": 0.300000011921,
    "bpm_histogram_second_peak_weight": 0.0327102802694,
    "danceability": 1.14979159832,
    "onset_rate": 3.7418859005,
    "beats_loudness_band_ratio": {
        "mean": [0.319932699203, 0.276358246803, 0.236235946417, 0.15220810473, 0.0525536350906, 0.0339254550636],
        "stdev": [0.249078631401, 0.173217877746, 0.190514609218, 0.179032459855, 0.078289359808, 0.0356845594943]
    },
    "beats_position": [0.522448956966, 1.06811785698, 1.62539684772, 2.18267560005, 2.7863945961, 3.36689329147, 3.95900225639, 4.55111122131, 5.14321994781, 5.73532867432, 6.35065746307, 6.97759628296, 7.60453510284, 8.23147392273, 8.87002277374, 9.50857162476, 10.1471195221, 10.774058342, 11.3777770996, 11.9814968109, 12.5852155685, 13.2005443573, 13.8158731461, 14.4195919037, 15.0233106613, 15.6270294189, 16.242357254, 16.8460769653, 17.4381847382, 18.0419044495, 18.6456241608, 19.272562027, 19.8878898621, 20.5032196045, 21.1069393158, 21.7106571198, 22.3143768311, 22.918094635, 23.5218143463, 24.1255321503, 24.7176418304, 25.3329696655, 25.948299408, 26.563627243, 27.1673469543, 27.7710647583, 28.3863945007, 28.9901123047, 29.593832016, 30.1859397888, 30.7896595001, 31.3933773041, 31.9970970154, 32.6008148193, 33.204536438, 33.8082542419, 34.4119720459, 35.0156898499, 35.6194114685, 36.2231292725, 36.8268470764, 37.4305648804, 38.034286499, 38.638004303, 39.2417221069, 39.8570518494, 40.4491615295, 41.0528793335, 41.6565971375, 42.2603149414, 42.8756446838, 43.4793624878, 44.0830841064, 44.6868019104, 45.3021316528, 45.9174575806, 46.532787323, 47.1481170654, 47.7634468079, 48.3671646118, 48.9708824158, 49.5746040344, 50.1899299622, 50.7820396423, 51.3741493225, 51.9778671265, 52.5699768066, 53.1620864868, 53.7541923523, 54.3346939087, 54.9268035889, 55.5189094543, 56.1110191345, 56.7031288147, 57.2836265564, 57.8757362366, 58.4678459167, 59.0483436584, 59.6288414001, 60.2325630188, 60.8246688843, 61.4167785645, 62.0088882446, 62.6009979248, 63.1931037903, 63.7852134705, 64.3657150269, 64.9462127686, 65.5267105103, 66.1188201904, 66.6993179321, 67.2914276123, 67.871925354, 68.4640350342, 69.0561447144, 69.6366424561, 70.2287521362, 70.8208618164, 71.4245758057, 72.0166854858, 72.608795166, 73.1892929077, 73.7814025879, 74.3735122681, 74.9656219482, 75.5577316284, 76.1498413086, 76.7419509888, 77.3340606689, 77.9261627197, 78.5182723999, 79.098777771, 79.6908798218, 80.2713851929, 80.8750991821, 81.4555969238, 82.047706604, 82.6398162842, 83.2203140259, 83.8124237061, 84.4045333862, 85.0082550049, 85.6003646851, 86.1924667358, 86.7729721069, 87.3650741577, 87.9571838379, 88.537689209, 89.1181869507, 89.6986846924, 90.2791824341, 90.8596801758, 91.4401779175, 92.0206756592, 92.6127853394, 93.1932830811, 93.7737884521, 94.3426742554, 94.9231719971, 95.5036697388, 96.0841674805, 96.6762771606, 97.2683868408, 97.8488845825, 98.4293823242, 99.0098876953, 99.590385437, 100.182495117, 100.774604797, 101.366706848, 101.958816528, 102.550926208, 103.143035889, 103.72353363, 104.327255249, 104.919364929, 105.511474609, 106.115188599, 106.707298279, 107.311019897, 107.903129578, 108.506843567, 109.110565186, 109.714286804, 110.318000793, 110.921722412, 111.525436401, 112.12915802, 112.732879639, 113.336593628, 113.940315247, 114.544036865, 115.147750854, 115.751472473, 116.355194092, 116.958908081, 117.5626297, 118.166343689, 118.770065308, 119.373786926, 119.989112854, 120.604438782, 121.219772339, 121.835098267, 122.450431824, 123.065757751, 123.692695618, 124.319633484, 124.969795227, 125.619949341, 126.281723022, 126.931877136, 127.582038879, 128.232192993, 128.882354736],
    "bpm_histogram": [0, 0, 0, 0, 0, 0, 0, 0, 0, 0, 0, 0, 0, 0, 0, 0, 0, 0, 0, 0, 0, 0, 0, 0, 0, 0, 0, 0, 0, 0, 0, 0, 0, 0, 0, 0, 0, 0, 0, 0, 0, 0, 0, 0, 0, 0, 0, 0, 0, 0, 0, 0, 0, 0, 0, 0, 0, 0, 0, 0, 0, 0, 0, 0, 0, 0, 0, 0, 0, 0, 0, 0, 0, 0, 0, 0, 0, 0, 0, 0, 0, 0, 0, 0, 0, 0, 0, 0, 0, 0, 0, 0.00467289704829, 0.0280373822898, 0, 0.0140186911449, 0, 0.0327102802694, 0, 0.112149529159, 0.331775695086, 0, 0.299065411091, 0, 0.15887850523, 0, 0.00467289704829, 0, 0, 0.00934579409659, 0, 0.00467289704829, 0, 0, 0, 0, 0, 0, 0, 0, 0, 0, 0, 0, 0, 0, 0, 0, 0, 0, 0, 0, 0, 0, 0, 0, 0, 0, 0, 0, 0, 0, 0, 0, 0, 0, 0, 0, 0, 0, 0, 0, 0, 0, 0, 0, 0, 0, 0, 0, 0, 0, 0, 0, 0, 0, 0, 0, 0, 0, 0, 0, 0, 0, 0, 0, 0, 0, 0, 0, 0, 0, 0, 0, 0, 0, 0, 0, 0, 0, 0, 0, 0, 0, 0, 0, 0, 0, 0, 0, 0, 0, 0, 0, 0, 0, 0, 0, 0, 0, 0, 0, 0, 0, 0, 0, 0, 0, 0, 0, 0, 0, 0, 0, 0, 0, 0, 0, 0, 0, 0, 0, 0, 0, 0, 0, 0, 0, 0, 0, 0, 0, 0, 0, 0, 0, 0, 0, 0, 0, 0]
},
"tonal": {
    "chords_changes_rate": 0.0873925536871,
    "chords_number_rate": 0.00680515775457,
    "chords_strength": {
        "mean": 0.407780200243,
        "stdev": 0.181570261717
    },
    "hpcp_crest": {
        "mean": 15.9944515228,
        "stdev": 8.3226146698
    },
    "hpcp_entropy": {
        "mean": 1.61315321922,
        "stdev": 0.769025087357
    },
    "key_edma": {
        "strength": 0.667218744755,
        "key": "C",
        "scale": "major"
    },
    "key_krumhansl": {
        "strength": 0.664783596992,
        "key": "C",
        "scale": "major"
    },
    "key_temperley": {
        "strength": 0.656716763973,
        "key": "C",
        "scale": "major"
    },
    "tuning_diatonic_strength": 0.431169241667,
    "tuning_equal_tempered_deviation": 0.0174086764455,
    "tuning_frequency": 451.586883545,
    "tuning_nontempered_energy_ratio": 0.671888172626,
    "hpcp": {
        "mean": [0.174801036716, 0.108533419669, 0.0699236989021, 0.0791808217764, 0.0567279495299, 0.0778792127967, 0.106039062142, 0.0695497021079, 0.104358866811, 0.176498830318, 0.121590994298, 0.089199706912, 0.109179109335, 0.0640563368797, 0.111366771162, 0.189559131861, 0.112373284996, 0.0650352686644, 0.120374619961, 0.107950650156, 0.126085236669, 0.189135789871, 0.12798820436, 0.0802663713694, 0.11942345649, 0.0897827893496, 0.0750033408403, 0.120158351958, 0.0979991927743, 0.147792056203, 0.262869745493, 0.179061472416, 0.072939157486, 0.0946786850691, 0.0816902443767, 0.122415460646],
        "stdev": [0.301113307476, 0.216079801321, 0.164572402835, 0.193982124329, 0.13480553031, 0.16444838047, 0.221727073193, 0.149009242654, 0.201534599066, 0.311143279076, 0.221524849534, 0.191237449646, 0.237455636263, 0.143581554294, 0.206003248692, 0.322119116783, 0.198040500283, 0.148431167006, 0.254470258951, 0.223852545023, 0.214613676071, 0.302532196045, 0.240326732397, 0.172283157706, 0.249756097794, 0.19537307322, 0.166142448783, 0.259136855602, 0.202076733112, 0.235786765814, 0.369466573, 0.272584825754, 0.161317870021, 0.21817356348, 0.183528095484, 0.230180546641]
    },
    "chords_histogram": [22.7435531616, 8.16618919373, 7.48567342758, 1.54011464119, 4.97850990295, 0.752148985863, 3.65329504013, 1.68338108063, 0.358166188002, 0.644699156284, 3.68911170959, 1.18194842339, 2.39971351624, 0, 1.03868198395, 2.72206306458, 1.43266475201, 9.59885406494, 4.76361036301, 4.65616035461, 0.429799437523, 7.05587387085, 2.04154729843, 6.98424053192],
    "thpcp": [1, 0.681179463863, 0.277472615242, 0.360173374414, 0.310763210058, 0.465688675642, 0.664972066879, 0.41287907958, 0.266001313925, 0.301216959953, 0.215802505612, 0.296265423298, 0.403390139341, 0.264578580856, 0.396998405457, 0.671430766582, 0.462552249432, 0.339330434799, 0.415335386992, 0.243680909276, 0.423657625914, 0.72111427784, 0.427486568689, 0.247404918075, 0.457924962044, 0.410662144423, 0.479649096727, 0.719503819942, 0.486888289452, 0.305346548557, 0.454306572676, 0.341548591852, 0.285325109959, 0.457102239132, 0.372805148363, 0.562225461006],
    "chords_key": "C",
    "chords_scale": "major"
}
}