{
"metadata": {
    "version": {
        "essentia": "2.1-dev",
        "essentia_git_sha": "v2.1_beta3-415-gd5473f3",
        "extractor": "music 2.0"
    },
    "audio_properties": {
        "analysis": {
            "equal_loudness": 0,
            "length": 374.230194092,
            "sample_rate": 44100,
            "start_time": 0,
            "downmix": "mix"
        },
        "bit_rate": 192000,
        "length": 374.230194092,
        "lossless": 0,
        "number_channels": 2,
        "replay_gain": -6.46780586243,
        "sample_rate": 44100,
        "codec": "mp3",
        "md5_encoded": "534c3650c6811c829adb8735ba967200"
    },
    "tags": {
        "file_name": "cedar_walton-theme_from_love_story-jah.mp3",
        "album": ["Jazz For Romantic Moments RETA"],
        "artist": ["Cedar Walton                  "],
        "date": ["2003"],
        "genre": ["Jazz"],
        "title": ["Theme From Love Story         "]
    }
},
"lowlevel": {
    "average_loudness": 0.745976448059,
    "barkbands_crest": {
        "mean": 11.4629240036,
        "stdev": 4.73432970047
    },
    "barkbands_flatness_db": {
        "mean": 0.164982244372,
        "stdev": 0.0562980510294
    },
    "barkbands_kurtosis": {
        "mean": 11.0273694992,
        "stdev": 19.6798992157
    },
    "barkbands_skewness": {
        "mean": 2.3408267498,
        "stdev": 1.85157179832
    },
    "barkbands_spread": {
        "mean": 17.1370105743,
        "stdev": 12.2740764618
    },
    "dissonance": {
        "mean": 0.446997523308,
        "stdev": 0.0373171307147
    },
    "dynamic_complexity": 4.16448974609,
    "erbbands_crest": {
        "mean": 9.6671705246,
        "stdev": 5.56806564331
    },
    "erbbands_flatness_db": {
        "mean": 0.1493999511,
        "stdev": 0.0495081357658
    },
    "erbbands_kurtosis": {
        "mean": 1.43176245689,
        "stdev": 5.48287296295
    },
    "erbbands_skewness": {
        "mean": 0.701749205589,
        "stdev": 0.78158056736
    },
    "erbbands_spread": {
        "mean": 47.4785614014,
        "stdev": 28.0301914215
    },
    "hfc": {
        "mean": 13.5940799713,
        "stdev": 20.209280014
    },
    "loudness_ebu128": {
        "integrated": -17.4115600586,
        "loudness_range": 5.84202957153,
        "momentary": {
            "mean": -21.7154636383,
            "stdev": 27.5523090363
        },
        "short_term": {
            "mean": -19.1207523346,
            "stdev": 12.4676294327
        }
    },
    "melbands_crest": {
        "mean": 16.2804012299,
        "stdev": 5.94634819031
    },
    "melbands_flatness_db": {
        "mean": 0.234698906541,
        "stdev": 0.0718715563416
    },
    "melbands_kurtosis": {
        "mean": 33.9791221619,
        "stdev": 57.7762184143
    },
    "melbands_skewness": {
        "mean": 3.73719954491,
        "stdev": 2.82783675194
    },
    "melbands_spread": {
        "mean": 16.4608898163,
        "stdev": 18.1969795227
    },
    "pitch_salience": {
        "mean": 0.481230288744,
        "stdev": 0.139453604817
    },
    "silence_rate_20dB": {
        "mean": 1,
        "stdev": 0
    },
    "silence_rate_30dB": {
        "mean": 0.968172252178,
        "stdev": 0.175531730056
    },
    "silence_rate_60dB": {
        "mean": 0.0946767553687,
        "stdev": 0.292777508497
    },
    "spectral_centroid": {
        "mean": 985.338562012,
        "stdev": 1163.57629395
    },
    "spectral_complexity": {
        "mean": 10.668258667,
        "stdev": 5.64432048798
    },
    "spectral_decrease": {
        "mean": -7.30328864051e-09,
        "stdev": 8.11466716044e-09
    },
    "spectral_energy": {
        "mean": 0.0287974141538,
        "stdev": 0.0319221541286
    },
    "spectral_energyband_high": {
        "mean": 0.000399585493142,
        "stdev": 0.00109224766493
    },
    "spectral_energyband_low": {
        "mean": 0.0143050169572,
        "stdev": 0.0217075273395
    },
    "spectral_energyband_middle_high": {
        "mean": 0.00434559676796,
        "stdev": 0.0116150574759
    },
    "spectral_energyband_middle_low": {
        "mean": 0.0105406017974,
        "stdev": 0.0154957100749
    },
    "spectral_entropy": {
        "mean": 7.4641160965,
        "stdev": 0.527112483978
    },
    "spectral_flux": {
        "mean": 0.0659837946296,
        "stdev": 0.0483685433865
    },
    "spectral_kurtosis": {
        "mean": 3.41488575935,
        "stdev": 3.49412894249
    },
    "spectral_rms": {
        "mean": 0.00461532222107,
        "stdev": 0.00260651647113
    },
    "spectral_rolloff": {
        "mean": 1098.53027344,
        "stdev": 2177.81933594
    },
    "spectral_skewness": {
        "mean": 1.53886592388,
        "stdev": 0.576310932636
    },
    "spectral_spread": {
        "mean": 6060209,
        "stdev": 3931863
    },
    "spectral_strongpeak": {
        "mean": 0.926782846451,
        "stdev": 1.52229821682
    },
    "zerocrossingrate": {
        "mean": 0.0536354146898,
        "stdev": 0.0560394152999
    },
    "barkbands": {
        "mean": [3.3617761801e-05, 0.00874914694577, 0.00485936738551, 0.00127477233764, 0.00244540837593, 0.00236327154562, 0.00160831038374, 0.00116243807133, 0.00137213384733, 0.00101159571204, 0.000856537371874, 0.0012911738595, 0.000358387216693, 0.000349524983903, 0.00028222441324, 0.000128632833366, 0.00012189491099, 5.6026463426e-05, 5.58167484996e-05, 3.88747066609e-05, 5.46673873032e-05, 9.42198821576e-05, 0.000117684918223, 7.49542814447e-05, 2.44523216679e-05, 1.16312912724e-05, 6.44208228096e-07],
        "stdev": [0.00018149735115, 0.0150529667735, 0.0102181592956, 0.00225001457147, 0.00352330110036, 0.0049234200269, 0.0036920956336, 0.00448689796031, 0.00763615360484, 0.00466743297875, 0.00507143232971, 0.00721816625446, 0.00171151116956, 0.00241586240008, 0.00115327560343, 0.00039934826782, 0.000429892214015, 0.000171034000232, 0.000370586523786, 0.000113464324386, 0.000247346033575, 0.00041785655776, 0.000274977821391, 0.000135839305585, 4.3965097575e-05, 2.49205077125e-05, 2.20111564886e-06]
    },
    "erbbands": {
        "mean": [0.112245924771, 2.43484163284, 6.60528087616, 4.29089736938, 6.42382383347, 7.40703058243, 16.5370330811, 17.1405334473, 22.4230537415, 20.3503074646, 39.7276992798, 24.0275650024, 23.9582805634, 31.3380641937, 46.095035553, 48.2800788879, 19.7735500336, 19.7274456024, 19.9069519043, 7.17273569107, 8.94646549225, 5.24891233444, 3.22732019424, 3.46002078056, 2.20372438431, 1.70421242714, 2.08547663689, 2.53389000893, 3.65112924576, 2.97127008438, 3.40104985237, 2.25885534286, 0.879012942314, 0.349750727415, 0.129092827439, 0.0550641342998, 0.0205638930202, 0.00345010496676, 9.11054667085e-05, 3.56458040187e-05],
        "stdev": [0.2326592803, 4.07800626755, 12.3308677673, 6.82902526855, 9.92893791199, 13.0273933411, 36.1550636292, 40.7901954651, 49.6265068054, 49.229057312, 182.259490967, 115.472549438, 119.355735779, 124.34513855, 274.590820312, 211.377700806, 91.1427154541, 89.0246734619, 105.352958679, 19.2920894623, 27.3089942932, 15.6430778503, 10.5118675232, 12.4909009933, 18.3262805939, 5.86045026779, 7.87141466141, 10.3758382797, 18.978055954, 9.22352981567, 7.7558965683, 4.29695749283, 1.70542967319, 0.649814844131, 0.233516931534, 0.101743757725, 0.0480999685824, 0.0102557362989, 0.000225780720939, 3.81211939384e-05]
    },
    "gfcc": {
        "mean": [-42.4438896179, 97.576210022, -94.3408584595, 35.4378128052, -68.9389572144, 31.0073394775, -36.3792800903, 2.65203928947, -18.0062828064, -1.90738534927, -13.624370575, 2.75100040436, -15.5852518082],
        "cov": [[18323.5097656, 1575.92102051, -1455.12475586, 4.59963560104, -834.39855957, 516.911804199, -627.188903809, -103.741508484, -217.867782593, 43.0591697693, -81.5004425049, 49.6032104492, -157.129165649], [1575.92102051, 1049.24450684, -317.113006592, -240.512374878, 106.803436279, 15.3433856964, -47.6248168945, -143.517303467, 122.778808594, -34.7108955383, 101.457374573, -59.5569877625, 102.3932724], [-1455.12475586, -317.113006592, 753.177429199, 313.490905762, 92.3531799316, 47.039188385, 166.462432861, 84.0459060669, 5.7091627121, 32.2659263611, -22.6378726959, 31.5493602753, -21.5099811554], [4.59963560104, -240.512374878, 313.490905762, 475.537811279, -16.5613079071, 50.2117919922, 70.9989089966, 110.388114929, -26.8865261078, -8.64266014099, -29.3551502228, -2.05061841011, -38.8835220337], [-834.39855957, 106.803436279, 92.3531799316, -16.5613079071, 297.668182373, 31.1541004181, 108.393829346, -1.6399422884, 65.7147598267, 3.36289715767, 40.6923141479, -5.52339172363, 31.2462806702], [516.911804199, 15.3433856964, 47.039188385, 50.2117919922, 31.1541004181, 202.896820068, 63.2762145996, 34.1645774841, -5.672082901, -15.58867836, 14.8953409195, 12.185508728, 5.28208351135], [-627.188903809, -47.6248168945, 166.462432861, 70.9989089966, 108.393829346, 63.2762145996, 204.250946045, 71.5130615234, 11.3655481339, -22.8564662933, 6.30293273926, 14.3033943176, 0.175547719002], [-103.741508484, -143.517303467, 84.0459060669, 110.388114929, -1.6399422884, 34.1645774841, 71.5130615234, 148.652481079, 36.8294830322, 0.584358155727, -11.2919502258, -2.61722993851, -26.4419631958], [-217.867782593, 122.778808594, 5.7091627121, -26.8865261078, 65.7147598267, -5.672082901, 11.3655481339, 36.8294830322, 136.649154663, 45.2122459412, 31.7463092804, -30.5550117493, 11.7010412216], [43.0591697693, -34.7108955383, 32.2659263611, -8.64266014099, 3.36289715767, -15.58867836, -22.8564662933, 0.584358155727, 45.2122459412, 103.14226532, 24.8255634308, 4.47849464417, -15.2722845078], [-81.5004425049, 101.457374573, -22.6378726959, -29.3551502228, 40.6923141479, 14.8953409195, 6.30293273926, -11.2919502258, 31.7463092804, 24.8255634308, 85.3219070435, 15.4927148819, 21.4106330872], [49.6032104492, -59.5569877625, 31.5493602753, -2.05061841011, -5.52339172363, 12.185508728, 14.3033943176, -2.61722993851, -30.5550117493, 4.47849464417, 15.4927148819, 86.7359085083, 22.9852523804], [-157.129165649, 102.3932724, -21.5099811554, -38.8835220337, 31.2462806702, 5.28208351135, 0.175547719002, -26.4419631958, 11.7010412216, -15.2722845078, 21.4106330872, 22.9852523804, 91.1707687378]],
        "icov": [[0.000171759777004, -0.000504491385072, 0.000261331151705, -0.000235822226387, 0.00023166477331, -0.000550371652935, 0.000386245315894, -0.000393757713027, 0.000501148577314, -0.000621167127974, 0.000631383794826, -0.00056178093655, 0.000486222619656], [-0.000504491385072, 0.00348480208777, -0.000217661785427, 0.000664386549033, -0.000548785435967, 0.00119283504318, -0.00156228651758, 0.00345753715374, -0.00387415615842, 0.00338232354261, -0.0032759627793, 0.00257571553811, -0.00224270578474], [0.000261331151705, -0.000217661785427, 0.00294519984163, -0.00185333972331, 5.41311856068e-05, -0.00082938268315, -0.00115589180496, 0.000681336096022, -0.000192142950254, -0.00182500097435, 0.00168862135615, -0.00149805028923, 0.00052867672639], [-0.000235822226387, 0.000664386549033, -0.00185333972331, 0.00401459867135, -0.000188406163943, 0.00039710252895, 0.000223737733904, -0.00204304000363, 0.000907880545128, 0.00111254490912, -0.0012525311904, 0.00181863666512, -0.000523578142747], [0.00023166477331, -0.000548785435967, 5.41311856068e-05, -0.000188406163943, 0.00580252241343, -0.000893280492164, -0.00270299892873, 0.00178379775025, -0.00211506034248, -0.000216594518861, -0.000450678227935, -0.000170457569766, -8.23478403618e-05], [-0.000550371652935, 0.00119283504318, -0.00082938268315, 0.00039710252895, -0.000893280492164, 0.00758635625243, -0.00248242076486, -3.55094853148e-05, -0.000399115000619, 0.00214780401438, -0.00306648644619, 0.00147572054993, -0.00169432244729], [0.000386245315894, -0.00156228651758, -0.00115589180496, 0.000223737733904, -0.00270299892873, -0.00248242076486, 0.0108837448061, -0.00582600245252, 0.00286556244828, 0.00075100036338, 0.000840340915602, -0.00230343290605, 0.00174393807538], [-0.000393757713027, 0.00345753715374, 0.000681336096022, -0.00204304000363, 0.00178379775025, -3.55094853148e-05, -0.00582600245252, 0.0164492726326, -0.0103675993159, 0.00446643587202, -0.000972834939603, -0.000161026458954, 0.00124814698938], [0.000501148577314, -0.00387415615842, -0.000192142950254, 0.000907880545128, -0.00211506034248, -0.000399115000619, 0.00286556244828, -0.0103675993159, 0.0196689777076, -0.00979312136769, 9.84602083918e-05, 0.00421663699672, -0.00195879722014], [-0.000621167127974, 0.00338232354261, -0.00182500097435, 0.00111254490912, -0.000216594518861, 0.00214780401438, 0.00075100036338, 0.00446643587202, -0.00979312136769, 0.0185510274023, -0.00670003937557, -0.000827469455544, 0.00256489729509], [0.000631383794826, -0.0032759627793, 0.00168862135615, -0.0012525311904, -0.000450678227935, -0.00306648644619, 0.000840340915602, -0.000972834939603, 9.84602083918e-05, -0.00670003937557, 0.0197260361165, -0.0062953857705, 0.000499613408465], [-0.00056178093655, 0.00257571553811, -0.00149805028923, 0.00181863666512, -0.000170457569766, 0.00147572054993, -0.00230343290605, -0.000161026458954, 0.00421663699672, -0.000827469455544, -0.0062953857705, 0.0190041717142, -0.00750067410991], [0.000486222619656, -0.00224270578474, 0.00052867672639, -0.000523578142747, -8.23478403618e-05, -0.00169432244729, 0.00174393807538, 0.00124814698938, -0.00195879722014, 0.00256489729509, 0.000499613408465, -0.00750067410991, 0.0171663630754]]
    },
    "melbands": {
        "mean": [0.00178089470137, 0.00353273074143, 0.00083939707838, 0.000490938487928, 0.000512460595928, 0.000406293285778, 0.000352494855179, 0.000211368533201, 0.000369187822798, 0.000134366826387, 0.000119766387797, 0.00012656164472, 0.000125998063595, 0.000157217858941, 8.32856676425e-05, 3.36244156642e-05, 3.66592539649e-05, 3.21493535012e-05, 1.5038114725e-05, 8.56485075929e-06, 1.10487835627e-05, 6.22814741291e-06, 3.15107581628e-06, 2.63588026428e-06, 2.91187575385e-06, 1.84358475508e-06, 1.26185238969e-06, 1.08180188363e-06, 1.37708320835e-06, 1.12985617307e-06, 1.60075546773e-06, 2.2057604383e-06, 1.58790999194e-06, 1.75079367182e-06, 2.20080460167e-06, 1.52543509557e-06, 1.30635237383e-06, 6.40927794393e-07, 4.28444820955e-07, 2.3536877336e-07],
        "stdev": [0.00329222390428, 0.00578509131446, 0.00119730632287, 0.000742176256608, 0.00104137277231, 0.000918105070014, 0.000757175206672, 0.000596541096456, 0.00189754622988, 0.000615292752627, 0.000615829310846, 0.000550313270651, 0.000729124527425, 0.00095340545522, 0.000401165831136, 0.000139355252031, 0.000187976082088, 0.000210361627978, 5.38872664038e-05, 2.38169341173e-05, 3.71042078768e-05, 2.18787481572e-05, 9.27922701521e-06, 8.5205938376e-06, 1.01185623862e-05, 1.91933850147e-05, 5.49663855054e-06, 3.62906075679e-06, 5.01576732859e-06, 5.47034278497e-06, 6.01020246904e-06, 1.16971959869e-05, 6.70156305205e-06, 4.85449118059e-06, 4.72781312055e-06, 3.76438129024e-06, 2.43904901254e-06, 1.2941627574e-06, 8.46874002036e-07, 4.42841979975e-07]
    },
    "melbands128": {
        "mean": [1.49316529132e-05, 0.000339123129379, 0.00242105382495, 0.00469519151375, 0.00421664351597, 0.00189388217404, 0.000799226923846, 0.000611820491031, 0.000716582173482, 0.000502144743223, 0.000379556498956, 0.000411802029703, 0.000675761664752, 0.000513739534654, 0.000329231697833, 0.000426373037044, 0.000380534096621, 0.000330212002154, 0.000401554541895, 0.000177071400685, 0.000146657941514, 0.00020966019656, 0.000480350456201, 0.000515710795298, 7.8432567534e-05, 4.79433983855e-05, 9.4500479463e-05, 0.000140768417623, 0.00011098037794, 0.000177958907443, 0.000115078233648, 6.58584103803e-05, 9.81378398137e-05, 0.000199172311113, 0.000191802580957, 0.000142563396366, 0.00011838656792, 0.00010294222011, 4.62792086182e-05, 2.5233872293e-05, 2.08699839277e-05, 5.66931157664e-05, 3.2666772313e-05, 2.98409395327e-05, 3.0931787478e-05, 3.20440267387e-05, 4.1457136831e-05, 1.26482382257e-05, 6.22785410087e-06, 6.03377793595e-06, 1.00960996861e-05, 8.0796335169e-06, 1.25912565636e-05, 1.10900009531e-05, 1.16967121357e-05, 4.11067094319e-06, 3.37735286848e-06, 3.6174633351e-06, 2.76743980976e-06, 3.20987260238e-06, 2.01549619305e-06, 2.72088414022e-06, 3.58276520274e-06, 2.48293690674e-06, 2.73775981441e-06, 1.80469248789e-06, 1.39102405683e-06, 1.43011754972e-06, 1.28205385863e-06, 9.2416115649e-07, 1.0349584727e-06, 1.09193877051e-06, 1.49046809383e-06, 1.51516439928e-06, 1.16844194054e-06, 1.02070964658e-06, 1.22282062875e-06, 1.13095393317e-06, 1.76989249212e-06, 1.92529910237e-06, 1.97663098334e-06, 2.82875225821e-06, 1.6168306729e-06, 1.65983135503e-06, 1.18523507808e-06, 1.33078231102e-06, 2.07575567401e-06, 2.37561516769e-06, 2.65910398412e-06, 1.59279068157e-06, 1.5562692397e-06, 1.51320250552e-06, 1.35741765916e-06, 1.6862945813e-06, 1.00920578916e-06, 6.81661504132e-07, 6.01332715178e-07, 4.66348865302e-07, 4.20151707203e-07, 4.52049079058e-07, 2.97657749115e-07, 1.89462738831e-07, 1.66288899095e-07, 1.57533150968e-07, 1.55573289362e-07, 1.15018572444e-07, 1.1244979703e-07, 1.15073767404e-07, 8.85689743768e-08, 8.14369869317e-08, 7.27721030103e-08, 7.78167716931e-08, 6.33577172948e-08, 6.10287429481e-08, 4.46644143892e-08, 4.02159727741e-08, 2.41849491545e-08, 3.24043569755e-09, 5.0141414458e-12, 4.72604204035e-12, 4.61471832969e-12, 4.52063299988e-12, 4.42542573767e-12, 4.34608035324e-12, 4.2882910764e-12, 4.24631510509e-12, 4.21507620474e-12, 4.1864120677e-12],
        "stdev": [5.3510950238e-05, 0.000794927647803, 0.00548243708909, 0.00784937944263, 0.00763425510377, 0.00407084310427, 0.0014608989004, 0.00111198925879, 0.001287228195, 0.00088052166393, 0.000908822985366, 0.00100839766674, 0.00166887231171, 0.00131050741766, 0.00102415669244, 0.00136213249061, 0.00136837630998, 0.000784868141636, 0.00132615189068, 0.000535752740689, 0.000797197397333, 0.00118237966672, 0.00274845631793, 0.0035331856925, 0.000287280738121, 0.000164041382959, 0.000498297216836, 0.000956060655881, 0.00101019861177, 0.000970060529653, 0.000525056326296, 0.000389552937122, 0.000650266592856, 0.00168663566001, 0.00218598195352, 0.000823562673759, 0.000575996469706, 0.000772721890826, 0.000433245411841, 0.000188612393686, 8.17289183033e-05, 0.000329210888594, 0.000201166069019, 0.000245661620283, 0.00052307016449, 0.000160446783411, 0.000249026576057, 5.4419888329e-05, 2.76540522464e-05, 3.72416179744e-05, 3.52592578565e-05, 2.41704638029e-05, 7.15031055734e-05, 4.50703191746e-05, 6.22221559752e-05, 2.15346408368e-05, 1.35589443744e-05, 1.6234072973e-05, 1.07493742689e-05, 1.91406943486e-05, 7.65670756664e-06, 1.00419574665e-05, 9.94144193101e-06, 1.00354063761e-05, 2.10906619031e-05, 2.46678682743e-05, 2.09524823731e-05, 6.46301214147e-06, 4.81564620713e-06, 3.83694532502e-06, 5.04030003867e-06, 3.3498324683e-06, 3.50017535311e-06, 8.11909194454e-06, 4.31413263868e-06, 5.72662202103e-06, 7.5785574154e-06, 4.44874331151e-06, 8.98500638868e-06, 4.7852172429e-06, 8.09519769973e-06, 2.15721083805e-05, 9.80250842986e-06, 5.02483226228e-06, 5.08916764375e-06, 5.07900722369e-06, 5.99471331952e-06, 4.51676123703e-06, 5.64818083149e-06, 4.47406046078e-06, 6.40081634629e-06, 3.0042463095e-06, 2.35737979892e-06, 3.13193072543e-06, 2.55842655861e-06, 1.60883496392e-06, 1.17791591947e-06, 1.17948115985e-06, 9.01796909147e-07, 9.12618872917e-07, 6.10512472576e-07, 3.91298783597e-07, 3.32056117713e-07, 3.09516991592e-07, 3.15837922926e-07, 2.37469080844e-07, 2.11223920132e-07, 2.12006938227e-07, 1.82460624387e-07, 1.72100058649e-07, 1.55958971959e-07, 1.89218084756e-07, 1.57558574188e-07, 1.74761112248e-07, 1.46026792436e-07, 1.35415490377e-07, 8.14067675492e-08, 1.29147794681e-08, 8.90793341868e-12, 8.56803083343e-12, 8.35987702674e-12, 8.17535882741e-12, 8.01397403299e-12, 7.87674439562e-12, 7.75887860904e-12, 7.66873110153e-12, 7.60304406239e-12, 7.56088074094e-12]
    },
    "mfcc": {
        "mean": [-680.804199219, 119.796226501, 31.5715293884, 12.7933263779, 2.11914777756, 18.2979564667, -4.86622905731, 12.2063112259, -4.72230768204, 0.815267503262, -1.09139823914, 4.46740722656, 0.235658034682],
        "cov": [[6376.81396484, 1147.96923828, -162.282653809, -402.084320068, 74.09425354, 126.190719604, -119.714576721, -99.637802124, -146.318908691, 12.6077032089, -64.8338317871, 18.6276473999, 24.5260734558], [1147.96923828, 1197.36193848, -280.712921143, -223.411804199, 72.4242858887, 103.207763672, -92.1743240356, -74.5565872192, -39.923034668, 2.17082476616, -10.2218933105, -13.3530282974, 11.8607225418], [-162.282653809, -280.712921143, 578.453735352, 236.225952148, 13.0628862381, 63.2368011475, 96.2479248047, 106.950675964, 57.1260375977, 26.7658081055, 28.6480922699, 21.4524059296, 1.49035739899], [-402.084320068, -223.411804199, 236.225952148, 357.334289551, 42.2889709473, 9.55833721161, 74.2742767334, 73.7697525024, 56.7076950073, 24.0414333344, 36.5446929932, 18.8398799896, 9.11132240295], [74.09425354, 72.4242858887, 13.0628862381, 42.2889709473, 151.439254761, 55.3942832947, 13.0866918564, 11.8864297867, 20.2925262451, 31.7855892181, 23.0818309784, 20.0958518982, 8.24870204926], [126.190719604, 103.207763672, 63.2368011475, 9.55833721161, 55.3942832947, 149.159469604, 60.2506599426, 23.8393306732, 5.93332147598, 9.32477283478, 7.71909093857, -5.90362882614, 8.57233524323], [-119.714576721, -92.1743240356, 96.2479248047, 74.2742767334, 13.0866918564, 60.2506599426, 159.173950195, 104.771057129, 36.6711082458, -2.45718646049, -0.231817260385, 13.6644926071, 17.9970207214], [-99.637802124, -74.5565872192, 106.950675964, 73.7697525024, 11.8864297867, 23.8393306732, 104.771057129, 172.198867798, 72.4730148315, -5.33470439911, -7.76421403885, 34.317024231, 34.2461776733], [-146.318908691, -39.923034668, 57.1260375977, 56.7076950073, 20.2925262451, 5.93332147598, 36.6711082458, 72.4730148315, 98.2688980103, 39.9962348938, 10.2276258469, 13.0861797333, 12.4284553528], [12.6077032089, 2.17082476616, 26.7658081055, 24.0414333344, 31.7855892181, 9.32477283478, -2.45718646049, -5.33470439911, 39.9962348938, 98.1141738892, 55.6216239929, 6.08879613876, -15.2031097412], [-64.8338317871, -10.2218933105, 28.6480922699, 36.5446929932, 23.0818309784, 7.71909093857, -0.231817260385, -7.76421403885, 10.2276258469, 55.6216239929, 95.5988998413, 42.3268203735, -4.61616563797], [18.6276473999, -13.3530282974, 21.4524059296, 18.8398799896, 20.0958518982, -5.90362882614, 13.6644926071, 34.317024231, 13.0861797333, 6.08879613876, 42.3268203735, 105.235931396, 51.3048439026], [24.5260734558, 11.8607225418, 1.49035739899, 9.11132240295, 8.24870204926, 8.57233524323, 17.9970207214, 34.2461776733, 12.4284553528, -15.2031097412, -4.61616563797, 51.3048439026, 90.8452224731]],
        "icov": [[0.000212104525417, -0.00018489996728, -0.000107218082121, 0.000139671261422, -3.65463456546e-05, -2.46471227001e-05, 5.06194337504e-05, -0.000120584285469, 0.000457457266748, -0.000414365378674, 0.00039485443267, -0.00022203187109, 9.22832714423e-06], [-0.00018489996728, 0.00136097625364, 0.000565524154808, 0.000250200915616, -0.000270021933829, -0.00124025915284, 0.000900775077753, -0.000210315076401, -0.000330723414663, 0.000271808094112, -0.000320159684634, 0.0002141680161, -0.00016624291311], [-0.000107218082121, 0.000565524154808, 0.00297729973681, -0.00163551582955, 0.000809953431599, -0.00183985149488, 0.000553788675461, -0.00116889143828, 5.69782241655e-05, -0.00051261583576, 0.000163555378094, -0.000576871098019, 0.000741818163078], [0.000139671261422, 0.000250200915616, -0.00163551582955, 0.0048665702343, -0.00169251183979, 0.00137935462408, -0.00124923628755, 0.000175634937477, -0.00124479236547, 0.00108980457298, -0.00204665027559, 0.001280201599, -0.000801154412329], [-3.65463456546e-05, -0.000270021933829, 0.000809953431599, -0.00169251183979, 0.00922588258982, -0.00390428071842, 0.0011693375418, -0.000207330740523, -0.00041553057963, -0.00261422386393, 0.00115719740279, -0.00256002997048, 0.000702730030753], [-2.46471227001e-05, -0.00124025915284, -0.00183985149488, 0.00137935462408, -0.00390428071842, 0.0120916804299, -0.00566094368696, 0.00144038011786, 0.00063250871608, 0.000651765614748, -0.00215398008004, 0.00348937837407, -0.00220511644147], [5.06194337504e-05, 0.000900775077753, 0.000553788675461, -0.00124923628755, 0.0011693375418, -0.00566094368696, 0.0139585481957, -0.00804184563458, 0.00183158356231, -0.000561686465517, 8.67389899213e-05, 0.000123819190776, 0.000269121985184], [-0.000120584285469, -0.000210315076401, -0.00116889143828, 0.000175634937477, -0.000207330740523, 0.00144038011786, -0.00804184563458, 0.0161977503449, -0.0101016536355, 0.00438940385357, 0.00129290751647, -0.00313304457814, -0.000616829842329], [0.000457457266748, -0.000330723414663, 5.69782241655e-05, -0.00124479236547, -0.00041553057963, 0.00063250871608, 0.00183158356231, -0.0101016536355, 0.0230009425431, -0.0124633088708, 0.00470075476915, -3.5879045754e-05, -0.00150653743185], [-0.000414365378674, 0.000271808094112, -0.00051261583576, 0.00108980457298, -0.00261422386393, 0.000651765614748, -0.000561686465517, 0.00438940385357, -0.0124633088708, 0.0241871215403, -0.0143020572141, 0.00458923820406, 0.00104228768032], [0.00039485443267, -0.000320159684634, 0.000163555378094, -0.00204665027559, 0.00115719740279, -0.00215398008004, 8.67389899213e-05, 0.00129290751647, 0.00470075476915, -0.0143020572141, 0.0253137275577, -0.0131181199104, 0.00538954837248], [-0.00022203187109, 0.0002141680161, -0.000576871098019, 0.001280201599, -0.00256002997048, 0.00348937837407, 0.000123819190776, -0.00313304457814, -3.5879045754e-05, 0.00458923820406, -0.0131181199104, 0.0215775091201, -0.0111067760736], [9.22832714423e-06, -0.00016624291311, 0.000741818163078, -0.000801154412329, 0.000702730030753, -0.00220511644147, 0.000269121985184, -0.000616829842329, -0.00150653743185, 0.00104228768032, 0.00538954837248, -0.0111067760736, 0.0183455646038]]
    },
    "spectral_contrast_coeffs": {
        "mean": [-0.700031340122, -0.750681102276, -0.732609689236, -0.77892011404, -0.816032290459, -0.773313045502],
        "stdev": [0.072411082685, 0.0895510315895, 0.0853218138218, 0.0669277384877, 0.0370220579207, 0.0297861769795]
    },
    "spectral_contrast_valleys": {
        "mean": [-6.98233938217, -7.16372394562, -8.12169456482, -8.65804672241, -8.54075431824, -10.4485359192],
        "stdev": [2.29402732849, 2.25187826157, 2.17488455772, 2.10062289238, 2.0803604126, 1.9269695282]
    }
},
"rhythm": {
    "beats_count": 806,
    "beats_loudness": {
        "mean": 0.0430776439607,
        "stdev": 0.0395226068795
    },
    "bpm": 122.090667725,
    "bpm_histogram_first_peak_bpm": 123,
    "bpm_histogram_first_peak_weight": 0.518518507481,
    "bpm_histogram_second_peak_bpm": 117,
    "bpm_histogram_second_peak_spread": 0.302631556988,
    "bpm_histogram_second_peak_weight": 0.131677016616,
    "danceability": 1.20231568813,
    "onset_rate": 4.1496591568,
    "beats_loudness_band_ratio": {
        "mean": [0.533014774323, 0.182880997658, 0.147682741284, 0.11911676079, 0.0287379771471, 0.0322056226432],
        "stdev": [0.292426973581, 0.167771995068, 0.167608559132, 0.166109710932, 0.0473650842905, 0.0668829455972]
    },
    "beats_position": [0.383129239082, 0.777868449688, 1.18421769142, 1.57895684242, 1.97369611263, 2.36843538284, 2.76317453384, 3.14630389214, 3.52943301201, 3.9125623703, 4.3073015213, 4.7020406723, 5.08516979218, 5.47990942001, 5.87464857101, 6.3622674942, 6.84988641739, 7.3491153717, 7.84834432602, 8.33596324921, 8.82358264923, 9.31120204926, 9.81043052673, 10.3096599579, 10.7972784042, 11.2965078354, 11.7957363129, 12.294965744, 12.7941951752, 13.2818136215, 13.7810430527, 14.2802715302, 14.7795009613, 15.2787294388, 15.7779588699, 16.2771873474, 16.7764167786, 17.2756462097, 17.7632656097, 18.2508831024, 18.7501125336, 19.2493419647, 19.7485713959, 20.247800827, 20.7354183197, 21.2230377197, 21.7106571198, 22.1982765198, 22.6858959198, 23.1735134125, 23.6611328125, 24.1487522125, 24.6479816437, 25.1472110748, 25.6348285675, 26.1224479675, 26.6216773987, 27.1092967987, 27.6085262299, 28.0961437225, 28.5837631226, 29.0713825226, 29.5706119537, 30.0698413849, 30.5574588776, 31.0450782776, 31.5326976776, 32.0203170776, 32.5195465088, 33.0187759399, 33.5180053711, 34.0056228638, 34.5048522949, 35.0040817261, 35.5033111572, 35.9909286499, 36.4901580811, 36.9893875122, 37.5002250671, 38.0110664368, 38.5219039917, 39.0211334229, 39.5435829163, 40.0544204712, 40.5536499023, 41.0528793335, 41.5521087646, 42.0513381958, 42.5621757507, 43.0730133057, 43.5954627991, 44.1063041687, 44.6055335999, 45.1047592163, 45.6039886475, 46.1032180786, 46.6024475098, 47.1132888794, 47.6241264343, 48.1349639893, 48.6458053589, 49.1334228516, 49.6442604065, 50.1551017761, 50.6775512695, 51.2116088867, 51.7340583801, 52.1404075623, 52.5467567444, 52.941493988, 53.3362350464, 53.7077522278, 54.0908851624, 54.4624023438, 54.8339233398, 55.2286605835, 55.6117897034, 56.0065307617, 56.3896598816, 56.7843971252, 57.1791381836, 57.5738754272, 58.0034446716, 58.4214057922, 58.8277549744, 59.2457122803, 59.6404533386, 60.0235824585, 60.3950996399, 60.7782287598, 61.1845779419, 61.5793190002, 61.9856681824, 62.3687973022, 62.7403144836, 63.1118354797, 63.4833564758, 63.9709739685, 64.4469833374, 64.9229888916, 65.4454421997, 65.9678878784, 66.5019454956, 67.0360107422, 67.5700683594, 68.0925140381, 68.6149673462, 69.1374130249, 69.659866333, 70.1823120117, 70.6931533813, 71.2039871216, 71.7148284912, 72.2256698608, 72.7481155396, 73.2589569092, 73.7814025879, 74.303855896, 74.8263015747, 75.3371429443, 75.859588623, 76.3704299927, 76.8812713623, 77.403717041, 77.9261627197, 78.4486160278, 78.9710617065, 79.4819030762, 79.9927444458, 80.503578186, 81.0260314941, 81.5484771729, 82.070930481, 82.6049880981, 83.1274337769, 83.661491394, 84.1839447021, 84.7180023193, 85.2520599365, 85.7977294922, 86.2969589233, 86.7961883545, 87.2954177856, 87.7946472168, 88.2822647095, 88.7582778931, 89.2342834473, 89.7219009399, 90.2095184326, 90.6971435547, 91.1847610474, 91.67237854, 92.1599960327, 92.6476211548, 93.1352386475, 93.6112442017, 94.1104736328, 94.5980911255, 95.0857162476, 95.5849380493, 96.0841674805, 96.5833969116, 97.0942382812, 97.5934677124, 98.0810852051, 98.5687026978, 99.0679321289, 99.5671615601, 100.066390991, 100.565620422, 101.064849854, 101.564079285, 102.063308716, 102.562538147, 103.061767578, 103.549385071, 104.037002563, 104.536231995, 105.023849487, 105.499862671, 105.906211853, 106.312561035, 106.730522156, 107.148475647, 107.566436768, 107.996009827, 108.413963318, 108.831924438, 109.249885559, 109.644622803, 110.062583923, 110.480545044, 110.898498535, 111.328071594, 111.711196899, 112.082717896, 112.454238892, 112.825759888, 113.208885193, 113.580406189, 113.951927185, 114.33505249, 114.706573486, 115.078094482, 115.449615479, 115.821128845, 116.192649841, 116.564170837, 116.935691833, 117.3072052, 117.678726196, 118.050247192, 118.421768188, 118.781677246, 119.141586304, 119.5131073, 119.884620667, 120.372245789, 120.87147522, 121.370697021, 121.869926453, 122.369155884, 122.868385315, 123.367614746, 123.866844177, 124.366073608, 124.853691101, 125.341316223, 125.828933716, 126.316551208, 126.804168701, 127.291786194, 127.779411316, 128.267028809, 128.754638672, 129.242263794, 129.729888916, 130.205886841, 130.693511963, 131.181137085, 131.680358887, 132.167984009, 132.655593872, 133.143218994, 133.630844116, 134.118453979, 134.606079102, 135.093688965, 135.581314087, 136.068939209, 136.556549072, 137.055786133, 137.555007935, 138.054244995, 138.553466797, 139.052688599, 139.551925659, 140.039550781, 140.527160645, 141.014785767, 141.50239563, 141.990020752, 142.489242554, 142.988479614, 143.487701416, 143.975326538, 144.47454834, 144.962173462, 145.449798584, 145.949020386, 146.436645508, 146.924255371, 147.423492432, 147.911102295, 148.398727417, 148.886352539, 149.373962402, 149.861587524, 150.349197388, 150.83682251, 151.336044312, 151.835281372, 152.322906494, 152.810516357, 153.309753418, 153.80897522, 154.296600342, 154.784210205, 155.283447266, 155.782669067, 156.270294189, 156.757904053, 157.245529175, 157.733154297, 158.22076416, 158.696777344, 159.184402466, 159.683624268, 160.17124939, 160.658859253, 161.158096313, 161.657318115, 162.168167114, 162.679000854, 163.178222656, 163.677459717, 164.188293457, 164.699142456, 165.186752319, 165.674377441, 166.150375366, 166.62638855, 167.102401733, 167.578414917, 168.054412842, 168.530426025, 169.018051147, 169.505661011, 169.993286133, 170.480911255, 170.980133057, 171.490966797, 172.001815796, 172.524261475, 173.035095215, 173.545944214, 174.056777954, 174.567611694, 175.078460693, 175.589294434, 176.111740112, 176.622589111, 177.121810913, 177.632644653, 178.143493652, 178.654327393, 179.165161133, 179.664398193, 180.163619995, 180.662857056, 181.162078857, 181.649703979, 182.137313843, 182.624938965, 183.124176025, 183.623397827, 184.134231567, 184.645080566, 185.144302368, 185.643539429, 186.14276123, 186.641998291, 187.152832031, 187.663665771, 188.174514771, 188.685348511, 189.196182251, 189.70703125, 190.21786499, 190.72869873, 191.239547729, 191.75038147, 192.26121521, 192.795272827, 193.213241577, 193.61958313, 194.025939941, 194.420669556, 194.80380249, 195.175323486, 195.558456421, 195.929977417, 196.301498413, 196.684616089, 197.0909729, 197.497314453, 197.880447388, 198.251968384, 198.635101318, 199.029830933, 199.424575806, 199.80770874, 200.179229736, 200.562347412, 200.945480347, 201.34022522, 201.723358154, 202.083267212, 202.570877075, 203.058502197, 203.546112061, 204.022125244, 204.498138428, 204.985748291, 205.473373413, 205.960998535, 206.43699646, 206.913009644, 207.400634766, 207.888244629, 208.375869751, 208.863494873, 209.351104736, 209.838729858, 210.326339722, 210.813964844, 211.301589966, 211.789199829, 212.265213013, 212.741226196, 213.22883606, 213.716461182, 214.192474365, 214.66847229, 215.156097412, 215.643707275, 216.142944336, 216.630569458, 217.12979126, 217.617416382, 218.105026245, 218.592651367, 219.091873169, 219.591110229, 220.078720093, 220.566345215, 221.053970337, 221.5415802, 222.029205322, 222.516815186, 223.004440308, 223.49206543, 223.991287231, 224.51373291, 225.036193848, 225.547027588, 226.057861328, 226.580307007, 227.091156006, 227.601989746, 228.101226807, 228.600448608, 229.08807373, 229.575683594, 230.063308716, 230.550918579, 231.038543701, 231.526168823, 232.002166748, 232.478179932, 232.965805054, 233.465026855, 233.964263916, 234.451873779, 234.95111084, 235.450332642, 235.937957764, 236.425567627, 236.913192749, 237.400817871, 237.900039673, 238.399276733, 238.886886597, 239.374511719, 239.862121582, 240.349746704, 240.837371826, 241.324981689, 241.82421875, 242.323440552, 242.822677612, 243.321899414, 243.821136475, 244.320358276, 244.819580078, 245.318817139, 245.81803894, 246.328887939, 246.712020874, 247.106750488, 247.5131073, 247.896224976, 248.267745972, 248.639266968, 249.010787964, 249.38230896, 249.753829956, 250.125350952, 250.48526001, 250.856781006, 251.228302002, 251.58821106, 251.959716797, 252.331237793, 252.691146851, 253.051055908, 253.422576904, 253.7940979, 254.165618896, 254.525527954, 254.885437012, 255.256958008, 255.628479004, 255.988388062, 256.348297119, 256.708190918, 257.068115234, 257.428009033, 257.78793335, 258.159454346, 258.530975342, 258.902496338, 259.274017334, 259.64553833, 260.017059326, 260.376953125, 260.736877441, 261.108398438, 261.479919434, 261.851409912, 262.222930908, 262.582855225, 262.942749023, 263.31427002, 263.685791016, 264.057312012, 264.428833008, 264.800354004, 265.171875, 265.543395996, 265.914916992, 266.286437988, 266.657958984, 267.02947998, 267.389373779, 267.749298096, 268.120819092, 268.492340088, 268.863861084, 269.23538208, 269.606903076, 269.978393555, 270.349914551, 270.733062744, 271.10458374, 271.464477539, 271.835998535, 272.207519531, 272.590667725, 272.98538208, 273.380126953, 273.763275146, 274.157989502, 274.529510498, 274.924255371, 275.319000244, 275.713745117, 276.10848999, 276.607696533, 277.118530273, 277.640991211, 278.175048828, 278.709106445, 279.231567383, 279.753997803, 280.27645874, 280.798919678, 281.321350098, 281.843811035, 282.354644775, 282.877105713, 283.399536133, 283.910369873, 284.421234131, 284.932067871, 285.454498291, 285.976959229, 286.487792969, 286.998626709, 287.509460449, 288.020324707, 288.531158447, 289.041992188, 289.552825928, 290.063659668, 290.574493408, 291.085357666, 291.596191406, 292.107025146, 292.617858887, 293.128692627, 293.639526367, 294.150390625, 294.661224365, 295.172058105, 295.682891846, 296.193725586, 296.704589844, 297.215423584, 297.726257324, 298.237091064, 298.747924805, 299.258758545, 299.769622803, 300.268829346, 300.779663086, 301.302124023, 301.720092773, 302.149658203, 302.555999756, 302.950744629, 303.345489502, 303.751831055, 304.158172607, 304.541320801, 304.924438477, 305.31918335, 305.725524902, 306.131866455, 306.526611328, 306.921356201, 307.327697754, 307.722442627, 308.1171875, 308.500305176, 308.883453369, 309.289794922, 309.696136475, 310.07925415, 310.473999023, 310.84552002, 311.228668213, 311.600189209, 311.983306885, 312.482543945, 312.993377686, 313.492614746, 313.991821289, 314.49105835, 314.99029541, 315.489532471, 315.977142334, 316.476379395, 316.975585938, 317.474822998, 317.974060059, 318.461669922, 318.960906982, 319.471740723, 319.982574463, 320.5050354, 321.015869141, 321.526702881, 322.037536621, 322.548370361, 323.059234619, 323.570068359, 324.0809021, 324.58013916, 325.079345703, 325.578582764, 326.077819824, 326.565429688, 327.053070068, 327.540679932, 328.039916992, 328.539123535, 329.026763916, 329.525970459, 330.02520752, 330.547668457, 331.070098877, 331.592559814, 332.103393555, 332.602630615, 333.113464355, 333.624298096, 334.123535156, 334.622772217, 335.11038208, 335.597991943, 336.097229004, 336.584838867, 337.084075928, 337.571685791, 338.059326172, 338.535308838, 339.011322021, 339.498962402, 339.974945068, 340.462585449, 340.950195312, 341.426208496, 341.913818359, 342.389831543, 342.877441406, 343.35345459, 343.841094971, 344.328704834, 344.816314697, 345.292327881, 345.768341064, 346.255950928, 346.743591309, 347.219573975, 347.695587158, 348.055511475, 348.427032471, 348.810150146, 349.181671143, 349.553192139, 349.924713135, 350.307830811, 350.702575684, 351.085693359, 351.457214355, 351.828735352, 352.223480225, 352.618225098, 353.02456665, 353.407714844, 353.77923584, 354.173950195, 354.568695068, 354.963439941, 355.334960938, 355.706481934, 356.112823486, 356.519165039, 356.913909912, 357.320251465, 357.726623535, 358.109741211, 358.504486084, 358.899230957, 359.29397583, 359.746765137, 360.199554443, 360.65234375, 361.151550293, 361.650787354, 362.150024414, 362.649230957, 363.148468018, 363.647705078, 364.135314941, 364.622955322, 365.122161865, 365.656219482, 366.1902771, 366.724334717, 367.258392334, 367.792449951, 368.326538086, 368.860595703, 369.39465332, 369.940307617, 370.33505249, 370.729797363, 371.147735596, 371.565704346, 371.972045898, 372.378417969, 372.784759521, 373.191101074, 373.597442627],
