{
"metadata": {
    "version": {
        "essentia": "2.1-dev",
        "essentia_git_sha": "v2.1_beta3-415-gd5473f3",
        "extractor": "music 2.0"
    },
    "audio_properties": {
        "analysis": {
            "equal_loudness": 0,
            "length": 211.826934814,
            "sample_rate": 44100,
            "start_time": 0,
            "downmix": "mix"
        },
        "bit_rate": 192000,
        "length": 211.826934814,
        "lossless": 0,
        "number_channels": 2,
        "replay_gain": -4.98428726196,
        "sample_rate": 44100,
        "codec": "mp3",
        "md5_encoded": "460b79b56fee2b0a1ed8ecb11943599b"
    },
    "tags": {
        "file_name": "chet_baker-somewhere_over_the_rainbow.mp3",
        "album": ["The Italian Sessions"],
        "artist": ["Chet Baker"],
        "date": ["1962"],
        "genre": ["Jazz"],
        "title": ["Somewhere Over The Rainbow"]
    }
},
"lowlevel": {
    "average_loudness": 0.474755316973,
    "barkbands_crest": {
        "mean": 10.6120033264,
        "stdev": 3.68874239922
    },
    "barkbands_flatness_db": {
        "mean": 0.222635298967,
        "stdev": 0.0516183041036
    },
    "barkbands_kurtosis": {
        "mean": 4.28462266922,
        "stdev": 8.32839012146
    },
    "barkbands_skewness": {
        "mean": 1.16265070438,
        "stdev": 1.40444457531
    },
    "barkbands_spread": {
        "mean": 11.5232877731,
        "stdev": 6.89224863052
    },
    "dissonance": {
        "mean": 0.432382255793,
        "stdev": 0.0414879582822
    },
    "dynamic_complexity": 4.73872995377,
    "erbbands_crest": {
        "mean": 12.0993652344,
        "stdev": 5.16634273529
    },
    "erbbands_flatness_db": {
        "mean": 0.23857010901,
        "stdev": 0.0566506646574
    },
    "erbbands_kurtosis": {
        "mean": 1.30823302269,
        "stdev": 2.31206822395
    },
    "erbbands_skewness": {
        "mean": 0.151548996568,
        "stdev": 0.876067221165
    },
    "erbbands_spread": {
        "mean": 21.7501754761,
        "stdev": 13.4341402054
    },
    "hfc": {
        "mean": 12.6705999374,
        "stdev": 16.6172275543
    },
    "loudness_ebu128": {
        "integrated": -18.2837352753,
        "loudness_range": 9.29510116577,
        "momentary": {
            "mean": -25.2002315521,
            "stdev": 34.0688323975
        },
        "short_term": {
            "mean": -21.0413322449,
            "stdev": 14.8144130707
        }
    },
    "melbands_crest": {
        "mean": 13.6555786133,
        "stdev": 5.08438301086
    },
    "melbands_flatness_db": {
        "mean": 0.271612852812,
        "stdev": 0.0693794637918
    },
    "melbands_kurtosis": {
        "mean": 8.63839149475,
        "stdev": 16.5473384857
    },
    "melbands_skewness": {
        "mean": 1.80299961567,
        "stdev": 1.66734397411
    },
    "melbands_spread": {
        "mean": 18.300365448,
        "stdev": 18.7481212616
    },
    "pitch_salience": {
        "mean": 0.532674729824,
        "stdev": 0.128194600344
    },
    "silence_rate_20dB": {
        "mean": 1,
        "stdev": 0
    },
    "silence_rate_30dB": {
        "mean": 0.990793526173,
        "stdev": 0.0955052599311
    },
    "silence_rate_60dB": {
        "mean": 0.162757560611,
        "stdev": 0.369142889977
    },
    "spectral_centroid": {
        "mean": 971.556030273,
        "stdev": 1410.66491699
    },
    "spectral_complexity": {
        "mean": 10.2193117142,
        "stdev": 4.67650079727
    },
    "spectral_decrease": {
        "mean": -5.07160580199e-09,
        "stdev": 5.69794256222e-09
    },
    "spectral_energy": {
        "mean": 0.0202906709164,
        "stdev": 0.0225794538856
    },
    "spectral_energyband_high": {
        "mean": 8.65632318892e-05,
        "stdev": 0.000259686174104
    },
    "spectral_energyband_low": {
        "mean": 0.00585200730711,
        "stdev": 0.0132905896753
    },
    "spectral_energyband_middle_high": {
        "mean": 0.0060351267457,
        "stdev": 0.00941861514002
    },
    "spectral_energyband_middle_low": {
        "mean": 0.00938286446035,
        "stdev": 0.0110578034073
    },
    "spectral_entropy": {
        "mean": 6.78979587555,
        "stdev": 0.641319930553
    },
    "spectral_flux": {
        "mean": 0.0434284284711,
        "stdev": 0.0403055660427
    },
    "spectral_kurtosis": {
        "mean": 11.2039670944,
        "stdev": 9.77860641479
    },
    "spectral_rms": {
        "mean": 0.00384799716994,
        "stdev": 0.00223352969624
    },
    "spectral_rolloff": {
        "mean": 1298.41687012,
        "stdev": 2436.37915039
    },
    "spectral_skewness": {
        "mean": 2.35747432709,
        "stdev": 0.974201261997
    },
    "spectral_spread": {
        "mean": 3649222,
        "stdev": 5041920.5
    },
    "spectral_strongpeak": {
        "mean": 1.45114433765,
        "stdev": 1.93524432182
    },
    "zerocrossingrate": {
        "mean": 0.0435763709247,
        "stdev": 0.0643783062696
    },
    "barkbands": {
        "mean": [1.77024719505e-06, 0.000955844239797, 0.00385850900784, 0.00185265054461, 0.00247952365316, 0.00153110618703, 0.00152188912034, 0.00105605938006, 0.000877896905877, 0.000406247796491, 0.00139698677231, 0.00103241903707, 0.00163791468367, 0.000550443073735, 0.000463032338303, 0.000229319397477, 0.000138840972795, 0.000128318293719, 6.6891858296e-05, 4.2606225179e-05, 3.26411391143e-05, 1.82721323654e-05, 5.68575205762e-06, 3.77561241294e-06, 1.58797672611e-06, 4.41519176775e-07, 1.12992659673e-09],
        "stdev": [3.74677438231e-06, 0.00242768437602, 0.0107970442623, 0.00316044758074, 0.00515268789604, 0.00252591143362, 0.00388537324034, 0.00331830093637, 0.0023291350808, 0.0010514347814, 0.00386498356238, 0.00351847219281, 0.00449827453122, 0.00162333017215, 0.00173379632179, 0.000900489278138, 0.000534345919732, 0.000533234036993, 0.000226830568863, 0.000151285203174, 0.000142808756209, 5.41773806617e-05, 1.73185981112e-05, 1.42687522384e-05, 7.23588709661e-06, 2.05916535378e-06, 5.79479930707e-09]
    },
    "erbbands": {
        "mean": [0.00898080226034, 0.338636636734, 3.48799133301, 6.14775514603, 8.28946399689, 7.51376438141, 7.40302038193, 14.3622455597, 23.8209819794, 22.9694976807, 17.8731250763, 23.3781414032, 9.8697013855, 23.5064029694, 63.7134361267, 52.6974945068, 76.7791671753, 38.0115356445, 21.4479465485, 26.3303451538, 10.619436264, 6.28585386276, 7.90096712112, 5.12937545776, 2.3761267662, 2.30800437927, 1.75576853752, 0.878285586834, 0.724779546261, 0.371027797461, 0.155528277159, 0.0875425338745, 0.0597100704908, 0.023268384859, 0.00894858315587, 0.00333077972755, 0.000534869614057, 2.89708714263e-05, 1.11527479021e-05, 2.34662511502e-05],
        "stdev": [0.0217501521111, 0.860642552376, 10.1530189514, 10.8370046616, 21.4562892914, 13.6696825027, 11.4943094254, 24.3469734192, 60.0259132385, 67.4247894287, 42.4527244568, 62.3973655701, 17.6102561951, 54.3339996338, 169.535446167, 158.317642212, 201.167388916, 85.8865203857, 64.2154083252, 112.123176575, 32.6138877869, 26.0429916382, 29.6913795471, 18.2006225586, 7.15354251862, 8.68933486938, 8.36472511292, 2.23620605469, 2.02352595329, 1.19739341736, 0.483792334795, 0.320335626602, 0.242379844189, 0.104926921427, 0.0394749343395, 0.0152823906392, 0.00247681839392, 0.000140930278576, 1.25536507767e-05, 2.58622840192e-05]
    },
    "gfcc": {
        "mean": [-113.847900391, 148.370407104, -134.009780884, 15.5097017288, -61.5188446045, 14.2511110306, -35.2283210754, -18.7173633575, -23.0568733215, -5.40686988831, -8.26012611389, -12.9318695068, -6.96060419083],
        "cov": [[26747.1816406, 2339.70678711, -3369.59301758, 480.808074951, -821.567199707, 131.181732178, -722.533325195, -275.426544189, -561.905944824, -6.01733493805, -351.732330322, -201.268951416, -512.016357422], [2339.70678711, 1297.01977539, -151.656646729, -304.723876953, -93.6035995483, 53.8709754944, -29.5652885437, -193.086288452, 38.2671012878, -103.947692871, 85.2497406006, -112.096336365, 108.352005005], [-3369.59301758, -151.656646729, 1322.33679199, 196.31010437, -64.5981063843, 129.975723267, 115.483573914, 19.0324993134, 24.9658412933, 59.6745185852, 0.155239075422, 18.8251075745, 38.1696929932], [480.808074951, -304.723876953, 196.31010437, 596.627990723, 0.313823014498, 33.5660095215, 18.770526886, 89.9879837036, -42.4830055237, 24.3939743042, -84.3049697876, -37.6900863647, -78.5862197876], [-821.567199707, -93.6035995483, -64.5981063843, 0.313823014498, 415.223815918, 34.7338790894, 83.9540405273, 27.5191764832, 55.6676063538, -44.1462631226, 5.0102725029, -26.507440567, -16.900888443], [131.181732178, 53.8709754944, 129.975723267, 33.5660095215, 34.7338790894, 250.773544312, 36.5635986328, -4.07485437393, -32.7236480713, 6.66595315933, -14.4777641296, 11.6265497208, 9.1779756546], [-722.533325195, -29.5652885437, 115.483573914, 18.770526886, 83.9540405273, 36.5635986328, 138.193023682, 48.0999031067, 37.2847824097, -3.91473388672, 16.2237205505, -11.1093358994, 0.944551765919], [-275.426544189, -193.086288452, 19.0324993134, 89.9879837036, 27.5191764832, -4.07485437393, 48.0999031067, 119.535896301, 32.4860191345, 25.2551898956, -14.3243246078, 13.5076608658, -31.9732608795], [-561.905944824, 38.2671012878, 24.9658412933, -42.4830055237, 55.6676063538, -32.7236480713, 37.2847824097, 32.4860191345, 104.790458679, 20.9308071136, 25.4498634338, -23.5977363586, 13.1436319351], [-6.01733493805, -103.947692871, 59.6745185852, 24.3939743042, -44.1462631226, 6.66595315933, -3.91473388672, 25.2551898956, 20.9308071136, 92.5534667969, 19.2271194458, 19.1406440735, -18.3541145325], [-351.732330322, 85.2497406006, 0.155239075422, -84.3049697876, 5.0102725029, -14.4777641296, 16.2237205505, -14.3243246078, 25.4498634338, 19.2271194458, 91.2987823486, 28.85896492, 30.3280754089], [-201.268951416, -112.096336365, 18.8251075745, -37.6900863647, -26.507440567, 11.6265497208, -11.1093358994, 13.5076608658, -23.5977363586, 19.1406440735, 28.85896492, 106.175117493, 29.8983955383], [-512.016357422, 108.352005005, 38.1696929932, -78.5862197876, -16.900888443, 9.1779756546, 0.944551765919, -31.9732608795, 13.1436319351, -18.3541145325, 30.3280754089, 29.8983955383, 104.337989807]],
        "icov": [[0.00027590765967, -0.000937823206186, 0.000688166008331, -0.000518368731719, 0.000136977556394, -5.34093924216e-05, 0.000176014917088, -5.82502507314e-05, 0.000858007930219, -0.00126016465947, 0.00132608599961, -0.00100640545134, 0.00126629625447], [-0.000937823206186, 0.00495209638029, -0.00214339722879, 0.00200802367181, 0.000455977482488, -0.000884264765773, -0.000452736450825, 0.00190365349408, -0.00434899237007, 0.00635552871972, -0.00643808441237, 0.00543369725347, -0.00472897011787], [0.000688166008331, -0.00214339722879, 0.00274884467945, -0.00171200511977, 0.000777259236202, -0.000594458426349, -0.000659234821796, 0.00087084172992, 0.00135801639408, -0.00344554684125, 0.00349131901748, -0.0027781680692, 0.00276292697527], [-0.000518368731719, 0.00200802367181, -0.00171200511977, 0.00364698283374, -0.000435328751337, 7.75898588472e-05, 8.08487238828e-05, -0.00211500539444, 0.000486401026137, 0.00173298071604, -0.00174743554089, 0.00382141117007, -0.00232561840676], [0.000136977556394, 0.000455977482488, 0.000777259236202, -0.000435328751337, 0.00401354767382, -0.00140965892933, -0.00146603945177, 0.00166280032136, -0.00319365505129, 0.00297032366507, -0.000508418073878, -0.000454381341115, 0.00208618957549], [-5.34093924216e-05, -0.000884264765773, -0.000594458426349, 7.75898588472e-05, -0.00140965892933, 0.00572389923036, -0.00181572337169, -0.000596879166551, 0.00359439058229, -0.00299953343347, 0.00226645031944, -0.000890882103704, -0.00135015556589], [0.000176014917088, -0.000452736450825, -0.000659234821796, 8.08487238828e-05, -0.00146603945177, -0.00181572337169, 0.0128068905324, -0.0061623849906, -0.000119118551083, 0.00183199869934, -0.00347643927671, 0.00249356054701, 0.000187116849702], [-5.82502507314e-05, 0.00190365349408, 0.00087084172992, -0.00211500539444, 0.00166280032136, -0.000596879166551, -0.0061623849906, 0.0195618346334, -0.00993426609784, 0.00117575190961, 0.00298026716337, -0.00617234036326, 0.00455852225423], [0.000858007930219, -0.00434899237007, 0.00135801639408, 0.000486401026137, -0.00319365505129, 0.00359439058229, -0.000119118551083, -0.00993426609784, 0.0250589065254, -0.0125650251284, 0.00196409854107, 0.00508105149493, -0.00267424457707], [-0.00126016465947, 0.00635552871972, -0.00344554684125, 0.00173298071604, 0.00297032366507, -0.00299953343347, 0.00183199869934, 0.00117575190961, -0.0125650251284, 0.0259467121214, -0.0127546265721, 0.00266707176343, -3.93077716581e-05], [0.00132608599961, -0.00643808441237, 0.00349131901748, -0.00174743554089, -0.000508418073878, 0.00226645031944, -0.00347643927671, 0.00298026716337, 0.00196409854107, -0.0127546265721, 0.0264433771372, -0.0123984040692, 0.00463828165084], [-0.00100640545134, 0.00543369725347, -0.0027781680692, 0.00382141117007, -0.000454381341115, -0.000890882103704, 0.00249356054701, -0.00617234036326, 0.00508105149493, 0.00266707176343, -0.0123984040692, 0.0234949346632, -0.0118957338855], [0.00126629625447, -0.00472897011787, 0.00276292697527, -0.00232561840676, 0.00208618957549, -0.00135015556589, 0.000187116849702, 0.00455852225423, -0.00267424457707, -3.93077716581e-05, 0.00463828165084, -0.0118957338855, 0.0221892464906]]
    },
    "melbands": {
        "mean": [0.000165141187608, 0.00137861992698, 0.00114880676847, 0.000588730385061, 0.000264757982222, 0.000328191934386, 0.000349803507561, 0.000250340643106, 0.000140395190101, 0.000140236137668, 4.52175445389e-05, 8.56089318404e-05, 0.000187896177522, 0.000154745794134, 0.000132016619318, 0.000167570658959, 5.90345734963e-05, 3.56855161954e-05, 2.66970837401e-05, 3.3221051126e-05, 8.7484722826e-06, 6.25931807008e-06, 6.65966081215e-06, 7.48074216972e-06, 3.66926019524e-06, 2.33151740758e-06, 1.0661582337e-06, 1.63377558238e-06, 1.13868111384e-06, 8.06797686437e-07, 4.1408617335e-07, 4.12117344695e-07, 3.48483922608e-07, 1.4566990103e-07, 8.74628653946e-08, 6.9413694348e-08, 4.71803112134e-08, 4.61817357689e-08, 2.70104543176e-08, 1.77523453715e-08],
        "stdev": [0.000408166932175, 0.00380830280483, 0.00188205903396, 0.0012838926632, 0.00037619122304, 0.000559803680517, 0.000840618507937, 0.000785799347796, 0.000325064669596, 0.00037994759623, 8.79137005541e-05, 0.000216997577809, 0.000528830045369, 0.000441987387603, 0.000354479794623, 0.00051147636259, 0.000156334222993, 0.000126686703879, 0.000107292158646, 0.000121383840451, 3.12154406856e-05, 2.86269387288e-05, 2.29405377468e-05, 3.72425056412e-05, 1.54410590767e-05, 7.68757490732e-06, 4.20807191404e-06, 6.33116042081e-06, 6.91940203978e-06, 2.5142078357e-06, 1.02187277662e-06, 1.15792533961e-06, 1.08662686671e-06, 4.89741466936e-07, 2.76569068092e-07, 2.36138760101e-07, 1.82264244586e-07, 1.7512194006e-07, 1.33479119313e-07, 7.88102241245e-08]
    },
    "melbands128": {
        "mean": [1.43068473335e-06, 1.92586940102e-05, 0.000150388572365, 0.00059020408662, 0.0015307138674, 0.00195451430045, 0.00128755194601, 0.000862798187882, 0.00092260556994, 0.000610281771515, 0.00043671487947, 0.000259065680439, 0.000238813649048, 0.000249552278547, 0.000293814140605, 0.000383209902793, 0.00044666841859, 0.000351703667548, 0.000263116846327, 0.00024761853274, 0.000317455822369, 0.000135595430038, 0.000120778531709, 0.00011933240603, 0.000187751938938, 0.00014643947361, 4.14378482674e-05, 2.97479564324e-05, 3.31538867613e-05, 0.000101467201603, 8.51072763908e-05, 9.8422402516e-05, 0.000171229679836, 0.000344052445143, 8.64273897605e-05, 0.000167872960446, 0.00013408967061, 7.15498172212e-05, 0.000214166517253, 0.000168167360243, 0.000221097536269, 5.10198660777e-05, 5.77761711611e-05, 6.23880478088e-05, 4.01354700443e-05, 3.83206788683e-05, 2.36879550357e-05, 9.15656710276e-06, 3.74666851712e-05, 5.08203193021e-05, 3.36445664288e-05, 1.88799094758e-05, 3.39947337125e-06, 1.011328186e-05, 6.54345194562e-06, 4.08071264246e-06, 5.9333660829e-06, 1.05706376416e-05, 3.51094695361e-06, 7.03376190359e-06, 1.17362542369e-05, 2.82180803879e-06, 4.3310815272e-06, 4.13484394812e-06, 3.24091183757e-06, 2.23763231588e-06, 1.85458441138e-06, 7.381934779e-07, 4.60762294097e-07, 2.25962253353e-06, 1.42197029618e-06, 1.82477288035e-06, 9.74163867795e-07, 1.03327886336e-06, 1.26388408717e-06, 9.0182288659e-07, 6.35880212485e-07, 4.03226835033e-07, 4.31921506561e-07, 3.3248036857e-07, 4.02107531272e-07, 4.20007637558e-07, 4.81109054817e-07, 3.36214839081e-07, 2.70394934887e-07, 1.74002551034e-07, 1.0287199359e-07, 7.73607382598e-08, 8.96374885428e-08, 9.41856796999e-08, 7.65084138266e-08, 6.43764366259e-08, 5.27282466578e-08, 4.17951362408e-08, 5.00116463797e-08, 4.49098109812e-08, 4.86856315263e-08, 4.25565858109e-08, 2.71575295585e-08, 1.90443110171e-08, 1.7864453028e-08, 1.93221190159e-08, 1.60427067186e-08, 8.80611494836e-09, 8.12859024535e-09, 9.20193610199e-09, 1.06301172309e-08, 8.37161096001e-09, 4.56533566506e-09, 3.50237994162e-09, 3.60767438146e-09, 2.37692110439e-09, 1.06648834208e-09, 5.74885250515e-10, 4.18055257079e-10, 1.57565238634e-10, 2.52976216364e-11, 3.78594074493e-12, 3.10396803746e-12, 3.0349399209e-12, 2.97548964634e-12, 2.92445061223e-12, 2.86385715489e-12, 2.81010154382e-12, 2.78163733367e-12, 2.76098805277e-12, 2.74289033327e-12, 2.72168919346e-12],
        "stdev": [3.16069304063e-06, 5.91022326262e-05, 0.000462882802822, 0.00156798807438, 0.00499042170122, 0.0051624905318, 0.00252501945943, 0.00171155354474, 0.0029920223169, 0.00165394390933, 0.00102694670204, 0.000427253136877, 0.000456673558801, 0.000522850605194, 0.000560070795473, 0.000841393368319, 0.0014449688606, 0.00100524281152, 0.00100907671731, 0.000855174614117, 0.00139717769343, 0.000421275995905, 0.000398328294978, 0.000459070783108, 0.000620156060904, 0.000559087027796, 0.000148984909174, 7.92527498561e-05, 0.000109585511382, 0.000344100728398, 0.000282481836621, 0.000502304988913, 0.000636277196463, 0.00112210249063, 0.000525081588421, 0.000808986951597, 0.000538687803783, 0.000355181196937, 0.000876231992152, 0.000518983812071, 0.000937370583415, 0.000316478835884, 0.000187542056665, 0.000203279414563, 0.000267917552264, 0.000187190264114, 8.72219752637e-05, 5.78780527576e-05, 0.000209020523471, 0.000297888997011, 0.000158278955496, 0.000104644524981, 1.53001237777e-05, 6.18125050096e-05, 3.52303177351e-05, 3.99312739319e-05, 4.56196503364e-05, 5.26791045559e-05, 1.58967850439e-05, 4.08248670283e-05, 8.15274543129e-05, 2.13719595195e-05, 3.08446069539e-05, 2.29785782722e-05, 1.8974627892e-05, 1.03745642264e-05, 8.19172601041e-06, 4.15040904045e-06, 2.446607823e-06, 1.6176916688e-05, 8.07495234767e-06, 1.01139239632e-05, 4.61881563751e-06, 1.41533537317e-05, 4.82324685436e-06, 3.91933372157e-06, 2.18468039748e-06, 1.12804741548e-06, 1.26159989122e-06, 1.05710807929e-06, 1.27600492306e-06, 1.35209950258e-06, 1.57048441451e-06, 1.13997919016e-06, 1.24928874357e-06, 6.31123498351e-07, 3.9983632405e-07, 2.90363175282e-07, 3.05424435965e-07, 3.2112052395e-07, 2.86399597371e-07, 2.24145878747e-07, 2.33317308584e-07, 2.0041105131e-07, 1.83016425126e-07, 1.45461910961e-07, 2.11863635968e-07, 2.15610015175e-07, 1.44224472365e-07, 1.11658280844e-07, 8.88546836109e-08, 8.82482922293e-08, 7.48666764139e-08, 4.28806714581e-08, 3.7872052161e-08, 4.32810196571e-08, 5.80226071634e-08, 4.63469120859e-08, 2.0148437585e-08, 1.39259972443e-08, 1.75228951349e-08, 1.13937712598e-08, 6.23279783341e-09, 3.76489373011e-09, 2.72732858519e-09, 1.20508503176e-09, 2.48729009611e-10, 1.30433251005e-11, 5.89415538946e-12, 5.74095328568e-12, 5.60402158706e-12, 5.48244609433e-12, 5.3749457142e-12, 5.28098918762e-12, 5.20610377724e-12, 5.14708631619e-12, 5.1020381496e-12, 5.07340827335e-12]
    },
    "mfcc": {
        "mean": [-740.21307373, 167.120956421, -7.09935522079, 8.5344247818, -7.12175798416, 17.108083725, -4.31174945831, -9.40293884277, -9.65549564362, -8.96311950684, -2.29668951035, 0.0182546097785, -6.47845220566],
        "cov": [[9011.4765625, 769.465515137, -912.328186035, 552.938659668, -61.6502914429, 135.785186768, -124.233421326, -6.17677116394, -182.666854858, -67.539642334, 45.7526359558, 100.981956482, 3.32703065872], [769.465515137, 1723.7277832, 63.2934494019, -375.868377686, -10.8394327164, 97.9468002319, -9.43472099304, -75.2844314575, -24.2570228577, -88.4383239746, -38.0916976929, -2.46868395805, -20.3060798645], [-912.328186035, 63.2934494019, 923.43560791, 64.0752029419, -62.178478241, 118.625366211, 68.1786499023, -9.98255825043, 45.2737503052, 23.391292572, 12.7455244064, -11.663561821, -7.93265485764], [552.938659668, -375.868377686, 64.0752029419, 498.19329834, 62.5895805359, 10.8815860748, 27.7867584229, 38.7100524902, 21.6394691467, 73.6657714844, 49.1951789856, 34.1409835815, -9.19435691833], [-61.6502914429, -10.8394327164, -62.178478241, 62.5895805359, 197.19694519, 86.4288864136, 37.9012374878, 50.7499351501, 30.7072505951, 15.0150032043, 6.0621919632, -6.11690187454, -9.50291347504], [135.785186768, 97.9468002319, 118.625366211, 10.8815860748, 86.4288864136, 193.958557129, 80.4350814819, 34.9367141724, 20.5471019745, 4.9025387764, 3.31261444092, -15.0148887634, -23.1912689209], [-124.233421326, -9.43472099304, 68.1786499023, 27.7867584229, 37.9012374878, 80.4350814819, 110.982780457, 55.9475975037, 22.3589744568, 11.5217456818, 12.0835924149, 3.37688851357, -6.88379621506], [-6.17677116394, -75.2844314575, -9.98255825043, 38.7100524902, 50.7499351501, 34.9367141724, 55.9475975037, 104.755569458, 44.1304740906, 6.09444761276, 5.72961473465, 1.65653574467, 4.15699005127], [-182.666854858, -24.2570228577, 45.2737503052, 21.6394691467, 30.7072505951, 20.5471019745, 22.3589744568, 44.1304740906, 89.0358581543, 43.4158477783, 8.60531425476, 1.96044039726, -2.73443198204], [-67.539642334, -88.4383239746, 23.391292572, 73.6657714844, 15.0150032043, 4.9025387764, 11.5217456818, 6.09444761276, 43.4158477783, 94.5397720337, 49.4450035095, 9.27917957306, -8.65016937256], [45.7526359558, -38.0916976929, 12.7455244064, 49.1951789856, 6.0621919632, 3.31261444092, 12.0835924149, 5.72961473465, 8.60531425476, 49.4450035095, 86.3489990234, 45.5312957764, 2.09134507179], [100.981956482, -2.46868395805, -11.663561821, 34.1409835815, -6.11690187454, -15.0148887634, 3.37688851357, 1.65653574467, 1.96044039726, 9.27917957306, 45.5312957764, 89.9777832031, 41.6757888794], [3.32703065872, -20.3060798645, -7.93265485764, -9.19435691833, -9.50291347504, -23.1912689209, -6.88379621506, 4.15699005127, -2.73443198204, -8.65016937256, 2.09134507179, 41.6757888794, 84.8716888428]],
        "icov": [[0.000222564136493, -0.000185373239219, 0.000328205234837, -0.000502960057929, 0.000560704851523, -0.000721595715731, 0.000621522427537, -0.0004094891774, 0.000352362520061, 7.2006994742e-05, -8.12147700344e-05, -4.91030441481e-05, -9.60109464359e-05], [-0.000185373239219, 0.000934194715228, -0.000307652080664, 0.000956208328716, -0.000559891399462, 0.00012857906404, -0.000460885814391, 0.000974263704848, -0.000627184112091, 0.000492198392749, 5.72841745452e-05, -0.000459445902379, 0.000447110680398], [0.000328205234837, -0.000307652080664, 0.00195050390903, -0.00116225844249, 0.00196047336794, -0.00219517550431, 0.000240317895077, 0.000482552015455, -0.000957265670877, 0.000838659412693, -0.000809763383586, 0.000734840694349, -0.000700795091689], [-0.000502960057929, 0.000956208328716, -0.00116225844249, 0.00416468922049, -0.00229570572264, 0.00186206831131, -0.00116345856804, -0.000161602933076, 0.000821816851385, -0.00268434174359, 0.00120143149979, -0.00195465167053, 0.00143945391756], [0.000560704851523, -0.000559891399462, 0.00196047336794, -0.00229570572264, 0.00952560082078, -0.00592612754554, 0.00263940333389, -0.00308187538758, -0.000634587951936, 0.000333134143148, -0.000631798407994, 0.000740554416552, -0.000743698386941], [-0.000721595715731, 0.00012857906404, -0.00219517550431, 0.00186206831131, -0.00592612754554, 0.0127889346331, -0.00814892258495, 0.00243948888965, -0.00100176490378, 0.000384786340874, -0.0001660593407, 0.00116491771769, 0.00154522655066], [0.000621522427537, -0.000460885814391, 0.000240317895077, -0.00116345856804, 0.00263940333389, -0.00814892258495, 0.0196167230606, -0.0103408275172, 0.00374498032033, -0.00252469722182, 0.000548293231986, -0.00253660324961, 0.00102359824814], [-0.0004094891774, 0.000974263704848, 0.000482552015455, -0.000161602933076, -0.00308187538758, 0.00243948888965, -0.0103408275172, 0.0213968399912, -0.0119871124625, 0.00815735850483, -0.00455149868503, 0.00370672601275, -0.00255128648132], [0.000352362520061, -0.000627184112091, -0.000957265670877, 0.000821816851385, -0.000634587951936, -0.00100176490378, 0.00374498032033, -0.0119871124625, 0.0242757778615, -0.0151829523966, 0.00850098393857, -0.00513741187751, 0.00192967022303], [7.2006994742e-05, 0.000492198392749, 0.000838659412693, -0.00268434174359, 0.000333134143148, 0.000384786340874, -0.00252469722182, 0.00815735850483, -0.0151829523966, 0.0277045853436, -0.0172234103084, 0.00810530688614, -0.00178051635157], [-8.12147700344e-05, 5.72841745452e-05, -0.000809763383586, 0.00120143149979, -0.000631798407994, -0.0001660593407, 0.000548293231986, -0.00455149868503, 0.00850098393857, -0.0172234103084, 0.0287900362164, -0.0162336751819, 0.00600314792246], [-4.91030441481e-05, -0.000459445902379, 0.000734840694349, -0.00195465167053, 0.000740554416552, 0.00116491771769, -0.00253660324961, 0.00370672601275, -0.00513741187751, 0.00810530688614, -0.0162336751819, 0.0250781197101, -0.0114910099655], [-9.60109464359e-05, 0.000447110680398, -0.000700795091689, 0.00143945391756, -0.000743698386941, 0.00154522655066, 0.00102359824814, -0.00255128648132, 0.00192967022303, -0.00178051635157, 0.00600314792246, -0.0114910099655, 0.0179059896618]]
    },
    "spectral_contrast_coeffs": {
        "mean": [-0.660180091858, -0.719376623631, -0.704640746117, -0.725747764111, -0.809188008308, -0.765364587307],
        "stdev": [0.0894429460168, 0.0854180306196, 0.0958000868559, 0.0980683639646, 0.0715155601501, 0.0443705841899]
    },
    "spectral_contrast_valleys": {
        "mean": [-7.71000003815, -7.55857229233, -8.5180978775, -9.01647567749, -9.32462501526, -12.0797214508],
        "stdev": [2.7604572773, 2.78092932701, 2.66252422333, 2.59326505661, 2.57934308052, 2.19268918037]
    }
},
"rhythm": {
    "beats_count": 367,
    "beats_loudness": {
        "mean": 0.0336329005659,
        "stdev": 0.0317340269685
    },
    "bpm": 128.76399231,
    "bpm_histogram_first_peak_bpm": 129,
    "bpm_histogram_first_peak_weight": 0.528169035912,
    "bpm_histogram_second_peak_bpm": 123,
    "bpm_histogram_second_peak_spread": 0.338461577892,
    "bpm_histogram_second_peak_weight": 0.117486335337,
    "danceability": 1.00382328033,
    "onset_rate": 2.28938531876,
    "beats_loudness_band_ratio": {
        "mean": [0.390577763319, 0.220930740237, 0.171961590648, 0.207261443138, 0.0465060099959, 0.0135951349512],
        "stdev": [0.287756532431, 0.167305618525, 0.171763956547, 0.202076897025, 0.0764819011092, 0.0448151193559]
    },
    "beats_position": [0.812698423862, 1.63700675964, 2.46131515503, 3.29723358154, 4.12154197693, 4.94585037231, 5.78176879883, 6.6176867485, 7.47682523727, 8.33596324921, 9.17188167572, 10.0194101334, 10.9133787155, 11.7957363129, 12.689704895, 13.6185035706, 14.5473012924, 15.4993190765, 16.4281177521, 17.3685264587, 18.2857131958, 19.2029018402, 20.1084804535, 21.0140590668, 21.9196376801, 22.8368244171, 23.7656230927, 24.7060317993, 25.6348285675, 26.563627243, 27.4924259186, 28.4328346252, 29.3616313934, 30.3136501312, 31.2540588379, 32.2060775757, 33.1580963135, 34.1101112366, 35.0621299744, 35.9793205261, 36.8965072632, 37.8369140625, 38.7773246765, 39.7061233521, 40.6349182129, 41.5753288269, 42.5157356262, 43.4561424255, 44.3849411011, 45.3369598389, 46.2889785767, 47.2526054382, 48.2278442383, 49.2030830383, 50.1551017761, 51.0955085754, 52.0359191895, 52.9879341125, 53.9167327881, 54.8571434021, 55.7975502014, 56.5754165649, 57.3648986816, 58.0034446716, 58.6303825378, 59.2573242188, 59.884262085, 60.5111999512, 61.1381378174, 61.7766876221, 62.4036254883, 62.8912467957, 63.3788642883, 63.8664855957, 64.3424911499, 64.8301086426, 65.3177337646, 65.7937393188, 66.2697525024, 66.7457580566, 67.2217712402, 67.7093887329, 68.1970062256, 68.6846237183, 69.1722412109, 69.659866333, 70.1590881348, 70.6467132568, 71.122718811, 71.5987319946, 72.0747375488, 72.5391387939, 73.0267562866, 73.5027618408, 73.9787750244, 74.4547805786, 74.9307937622, 75.4184112549, 75.8944168091, 76.3704299927, 76.8348312378, 77.2992248535, 77.7636260986, 78.2280273438, 78.6924285889, 79.1452102661, 79.5979995728, 80.0624008179, 80.5151901245, 80.9679794312, 81.4091567993, 81.8503417969, 82.3147354126, 82.7559204102, 83.2087097168, 83.6731033325, 84.1258926392, 84.5902938843, 85.0546951294, 85.5190887451, 85.9834899902, 86.4478912354, 86.9122848511, 87.3766860962, 87.8410873413, 88.2938766479, 88.7698822021, 89.2342834473, 89.6986846924, 90.1630859375, 90.6158676147, 91.0686569214, 91.5330581665, 91.9858474731, 92.4502487183, 92.9030380249, 93.36743927, 93.8318328857, 94.2962341309, 94.760635376, 95.2018127441, 95.6662139893, 96.130607605, 96.5833969116, 97.0594100952, 97.5470275879, 98.0230331421, 98.4874343872, 98.9634475708, 99.4278411865, 99.9154663086, 100.391471863, 100.867477417, 101.331878662, 101.796279907, 102.260681152, 102.771514893, 103.282356262, 103.793197632, 104.304031372, 104.814872742, 105.33732605, 105.859771729, 106.370613098, 106.881446838, 107.38067627, 107.879905701, 108.39074707, 108.889976501, 109.377593994, 109.865211487, 110.352828979, 110.840454102, 111.328071594, 111.804077148, 112.291702271, 112.767707825, 113.220497131, 113.673286438, 114.114463806, 114.567253113, 115.031654358, 115.496055603, 115.960449219, 116.436462402, 116.912467957, 117.38848114, 117.876098633, 118.363716125, 118.839729309, 119.327346802, 119.814964294, 120.302581787, 120.801811218, 121.301040649, 121.800270081, 122.299499512, 122.787117004, 123.274734497, 123.762359619, 124.249977112, 124.737594604, 125.236824036, 125.747665405, 126.246894836, 126.757728577, 127.256958008, 127.756187439, 128.278640747, 128.801086426, 129.288711548, 129.776321411, 130.275558472, 130.774780273, 131.274017334, 131.773239136, 132.260864258, 132.736862183, 133.212875366, 133.839813232, 134.466751099, 135.093688965, 135.720626831, 136.347564697, 136.974502563, 137.601455688, 138.239990234, 138.878540039, 139.493881226, 140.120819092, 140.759368896, 141.374694824, 141.990020752, 142.60534668, 143.220672607, 143.847610474, 144.428115845, 145.031829834, 145.623947144, 146.216049194, 146.819763184, 147.411880493, 148.003982544, 148.596099854, 149.060501099, 149.536499023, 150.012512207, 150.500137329, 150.964538574, 151.428924561, 151.858505249, 152.299682617, 152.752471924, 153.228485107, 153.669662476, 154.134063721, 154.575241089, 155.039627075, 155.50402832, 155.945205688, 156.386398315, 156.839187622, 157.291976929, 157.756362915, 158.209152222, 158.661941528, 159.126342773, 159.590744019, 160.031921387, 160.496322632, 160.972335815, 161.436737061, 161.912734985, 162.400360107, 162.864761353, 163.329162598, 163.793563843, 164.257949829, 164.722351074, 165.186752319, 165.674377441, 166.161987305, 166.638000488, 167.102401733, 167.578414917, 168.054412842, 168.530426025, 168.994827271, 169.470840454, 169.935241699, 170.411239624, 170.887252808, 171.363265991, 171.839263916, 172.3152771, 172.768066406, 173.232467651, 173.685256958, 174.126434326, 174.567611694, 175.008789062, 175.461578369, 175.914367676, 176.355545044, 176.796737671, 177.261123657, 177.725524902, 178.189926147, 178.654327393, 179.107116699, 179.559906006, 180.024307251, 180.488708496, 180.964706421, 181.463943481, 181.963165283, 182.462402344, 182.938415527, 183.414413452, 183.902038574, 184.378051758, 184.854049683, 185.341674805, 185.829299927, 186.31690979, 186.804534912, 187.326980591, 187.84942627, 188.371871948, 188.940765381, 189.498046875, 190.21786499, 190.914459229, 191.611068726, 192.330886841, 193.039093018, 193.735687256, 194.432281494, 195.082443237, 195.73260498, 196.382766724, 197.044525146, 197.69468689, 198.344848633, 198.983398438, 199.645172119, 200.295318604, 200.887435913, 201.479537964, 202.083267212, 202.663757324, 203.244262695, 203.789932251, 204.335601807, 204.892883301, 205.426940918, 205.972610474, 206.518280029, 207.017501831, 207.516723633, 208.015960693, 208.445526123, 208.909927368, 209.374328613, 209.838729858, 210.291519165, 210.75592041],
    "bpm_histogram": [0, 0, 0, 0, 0, 0, 0, 0, 0, 0, 0, 0, 0, 0, 0, 0, 0, 0, 0, 0, 0, 0, 0, 0, 0, 0, 0, 0, 0, 0, 0, 0, 0, 0, 0, 0, 0, 0, 0, 0, 0, 0, 0, 0, 0, 0, 0, 0, 0, 0, 0, 0, 0, 0, 0, 0, 0, 0, 0, 0, 0, 0, 0.00819672085345, 0.0273224040866, 0.0355191268027, 0.0464480891824, 0.00819672085345, 0.00546448072419, 0.00273224036209, 0, 0.00546448072419, 0.00273224036209, 0.0109289614484, 0.0109289614484, 0, 0, 0.00273224036209, 0.00273224036209, 0, 0, 0, 0, 0, 0.00546448072419, 0, 0.00273224036209, 0.0109289614484, 0, 0, 0, 0, 0.00546448072419, 0.0163934417069, 0, 0.0163934417069, 0, 0.0409836061299, 0, 0.0136612020433, 0.00819672085345, 0, 0.0191256832331, 0, 0.00819672085345, 0, 0.00273224036209, 0, 0, 0.00546448072419, 0, 0.0109289614484, 0, 0.00273224036209, 0, 0, 0.0191256832331, 0, 0.0273224040866, 0, 0, 0.0601092912257, 0, 0, 0.117486335337, 0, 0, 0.131147533655, 0, 0, 0.183060109615, 0, 0, 0, 0.073770493269, 0, 0, 0.0437158457935, 0, 0, 0, 0.00546448072419, 0, 0, 0, 0, 0, 0, 0, 0, 0, 0, 0, 0, 0, 0, 0, 0, 0, 0, 0, 0, 0, 0, 0, 0, 0, 0, 0, 0, 0, 0, 0, 0, 0, 0, 0, 0, 0, 0, 0, 0, 0, 0, 0, 0, 0, 0, 0, 0, 0, 0, 0, 0, 0, 0, 0, 0, 0, 0, 0, 0, 0, 0, 0, 0, 0, 0, 0, 0, 0, 0, 0, 0, 0, 0, 0, 0, 0, 0, 0, 0, 0, 0, 0, 0, 0, 0, 0, 0, 0, 0, 0, 0, 0, 0, 0, 0, 0, 0, 0, 0, 0, 0, 0, 0, 0, 0, 0, 0, 0]
},
"tonal": {
    "chords_changes_rate": 0.0563225932419,
    "chords_number_rate": 0.00350646511652,
    "chords_strength": {
        "mean": 0.445762962103,
        "stdev": 0.185024738312
    },
    "hpcp_crest": {
        "mean": 15.1199264526,
        "stdev": 6.94448709488
    },
    "hpcp_entropy": {
        "mean": 1.65250790119,
        "stdev": 0.656174957752
    },
    "key_edma": {
        "strength": 0.807382047176,
        "key": "F",
        "scale": "major"
    },
    "key_krumhansl": {
        "strength": 0.811421513557,
        "key": "F",
        "scale": "major"
    },
    "key_temperley": {
        "strength": 0.815380752087,
        "key": "F",
        "scale": "major"
    },
    "tuning_diatonic_strength": 0.51134210825,
    "tuning_equal_tempered_deviation": 0,
    "tuning_frequency": 440.254241943,
    "tuning_nontempered_energy_ratio": 0.62045109272,
    "hpcp": {
        "mean": [0.191221043468, 0.107158727944, 0.0773250386119, 0.13485313952, 0.0889204517007, 0.0622852519155, 0.0951076000929, 0.0683697685599, 0.16660399735, 0.286735504866, 0.15573322773, 0.0399912036955, 0.0439849309623, 0.030401121825, 0.0831794813275, 0.180454820395, 0.132525399327, 0.0623043887317, 0.0738523602486, 0.0478658303618, 0.0890671163797, 0.162796899676, 0.101980641484, 0.145951390266, 0.252610623837, 0.137909591198, 0.0592625364661, 0.089967533946, 0.0572099909186, 0.116803742945, 0.21329818666, 0.125473678112, 0.0533098466694, 0.0780198574066, 0.0573018342257, 0.115150503814],
        "stdev": [0.304337054491, 0.195259973407, 0.161456510425, 0.268285512924, 0.197175264359, 0.154123216867, 0.228084743023, 0.178667098284, 0.242939144373, 0.376022696495, 0.237728655338, 0.116766192019, 0.148572012782, 0.105672322214, 0.170002102852, 0.300640642643, 0.260116159916, 0.149109661579, 0.198071286082, 0.146001368761, 0.184861347079, 0.297226756811, 0.188982129097, 0.23154643178, 0.369176000357, 0.228155523539, 0.136643990874, 0.213343650103, 0.142850115895, 0.192391946912, 0.332815915346, 0.212868511677, 0.132456809282, 0.198232784867, 0.145318478346, 0.206053674221]
    },
    "chords_histogram": [19.3513031006, 11.7247428894, 4.29541969299, 1.42450141907, 7.82380008698, 2.58601808548, 3.24348020554, 0.219154059887, 2.49835634232, 0.197238653898, 0.613631367683, 0.482138931751, 0, 1.20534741879, 0.241069465876, 3.22156476974, 0.854700863361, 6.92526865005, 3.6817882061, 4.25158882141, 0.262984871864, 8.5689239502, 9.16063976288, 7.16633796692],
    "thpcp": [1, 0.543125033379, 0.13947071135, 0.15339897573, 0.106024965644, 0.290091305971, 0.62934243679, 0.462186932564, 0.217288717628, 0.257562667131, 0.166933745146, 0.310624659061, 0.567759811878, 0.355661004782, 0.50901055336, 0.880988299847, 0.480964481831, 0.20668014884, 0.313764899969, 0.199521824718, 0.407357096672, 0.743884801865, 0.437593787909, 0.185919940472, 0.272096961737, 0.199842125177, 0.401591360569, 0.666890025139, 0.373719781637, 0.269673734903, 0.470304995775, 0.310113161802, 0.217221975327, 0.33169105649, 0.238441929221, 0.581037223339],
    "chords_key": "F",
    "chords_scale": "major"
}
}