{
"metadata": {
    "version": {
        "essentia": "2.1-dev",
        "essentia_git_sha": "v2.1_beta3-415-gd5473f3",
        "extractor": "music 2.0"
    },
    "audio_properties": {
        "analysis": {
            "equal_loudness": 0,
            "length": 277.263671875,
            "sample_rate": 44100,
            "start_time": 0,
            "downmix": "mix"
        },
        "bit_rate": 192000,
        "length": 277.263671875,
        "lossless": 0,
        "number_channels": 2,
        "replay_gain": -3.799949646,
        "sample_rate": 44100,
        "codec": "mp3",
        "md5_encoded": "bae1e34271eb9f33fa55596a83ddaa31"
    },
    "tags": {
        "file_name": "diana_krall-you_call_it_madness-wlm.mp3",
        "album": ["Jazz After Dark"],
        "artist": ["Diana Krall"],
        "date": ["2002"],
        "genre": ["Other"],
        "title": ["You Call It Madness"]
    }
},
"lowlevel": {
    "average_loudness": 0.408588528633,
    "barkbands_crest": {
        "mean": 14.5735836029,
        "stdev": 4.72707796097
    },
    "barkbands_flatness_db": {
        "mean": 0.334232836962,
        "stdev": 0.0894775614142
    },
    "barkbands_kurtosis": {
        "mean": 12.589384079,
        "stdev": 21.9207725525
    },
    "barkbands_skewness": {
        "mean": 1.61377978325,
        "stdev": 1.86856651306
    },
    "barkbands_spread": {
        "mean": 5.57231521606,
        "stdev": 9.10535812378
    },
    "dissonance": {
        "mean": 0.353139102459,
        "stdev": 0.0787409991026
    },
    "dynamic_complexity": 5.27984142303,
    "erbbands_crest": {
        "mean": 15.4164075851,
        "stdev": 6.27536249161
    },
    "erbbands_flatness_db": {
        "mean": 0.290021806955,
        "stdev": 0.0865785703063
    },
    "erbbands_kurtosis": {
        "mean": 8.30348205566,
        "stdev": 10.8695850372
    },
    "erbbands_skewness": {
        "mean": 1.47421896458,
        "stdev": 1.47787773609
    },
    "erbbands_spread": {
        "mean": 14.7117700577,
        "stdev": 16.4006824493
    },
    "hfc": {
        "mean": 9.04056167603,
        "stdev": 19.2730140686
    },
    "loudness_ebu128": {
        "integrated": -21.223072052,
        "loudness_range": 7.03717041016,
        "momentary": {
            "mean": -24.008190155,
            "stdev": 7.84766530991
        },
        "short_term": {
            "mean": -22.5148200989,
            "stdev": 4.64981126785
        }
    },
    "melbands_crest": {
        "mean": 17.112575531,
        "stdev": 5.51386928558
    },
    "melbands_flatness_db": {
        "mean": 0.439417690039,
        "stdev": 0.110348977149
    },
    "melbands_kurtosis": {
        "mean": 16.5194988251,
        "stdev": 29.91680336
    },
    "melbands_skewness": {
        "mean": 1.88761222363,
        "stdev": 1.95741343498
    },
    "melbands_spread": {
        "mean": 6.4855222702,
        "stdev": 11.1076135635
    },
    "pitch_salience": {
        "mean": 0.478666961193,
        "stdev": 0.138820126653
    },
    "silence_rate_20dB": {
        "mean": 1,
        "stdev": 0
    },
    "silence_rate_30dB": {
        "mean": 0.980991482735,
        "stdev": 0.136556312442
    },
    "silence_rate_60dB": {
        "mean": 0.130715116858,
        "stdev": 0.337091743946
    },
    "spectral_centroid": {
        "mean": 457.797698975,
        "stdev": 487.632751465
    },
    "spectral_complexity": {
        "mean": 6.31527376175,
        "stdev": 3.2985086441
    },
    "spectral_decrease": {
        "mean": -5.95440274864e-09,
        "stdev": 6.78755140981e-09
    },
    "spectral_energy": {
        "mean": 0.0232933070511,
        "stdev": 0.0270138662308
    },
    "spectral_energyband_high": {
        "mean": 9.43807463045e-05,
        "stdev": 0.000615726865362
    },
    "spectral_energyband_low": {
        "mean": 0.00759117864072,
        "stdev": 0.0120541732758
    },
    "spectral_energyband_middle_high": {
        "mean": 0.00206931540743,
        "stdev": 0.011355089955
    },
    "spectral_energyband_middle_low": {
        "mean": 0.0139944078401,
        "stdev": 0.0175943803042
    },
    "spectral_entropy": {
        "mean": 5.77756881714,
        "stdev": 0.817755520344
    },
    "spectral_flux": {
        "mean": 0.0466974563897,
        "stdev": 0.0428459830582
    },
    "spectral_kurtosis": {
        "mean": 49.3930473328,
        "stdev": 49.2989120483
    },
    "spectral_rms": {
        "mean": 0.00413848459721,
        "stdev": 0.00236603012308
    },
    "spectral_rolloff": {
        "mean": 492.91897583,
        "stdev": 854.096252441
    },
    "spectral_skewness": {
        "mean": 4.99315452576,
        "stdev": 2.81941103935
    },
    "spectral_spread": {
        "mean": 2687048.5,
        "stdev": 2025599.5
    },
    "spectral_strongpeak": {
        "mean": 1.04351234436,
        "stdev": 1.56637728214
    },
    "zerocrossingrate": {
        "mean": 0.0202682521194,
        "stdev": 0.0248090755194
    },
    "barkbands": {
        "mean": [9.81679186225e-05, 0.00523078348488, 0.00191066099796, 0.000854295038152, 0.0049411598593, 0.00289445579983, 0.00146828743163, 0.00219523860142, 0.00137118913699, 0.000540855922736, 0.000445478217443, 0.000540258130059, 0.000400018820073, 0.000102510792203, 0.000102146208519, 2.22734743147e-05, 2.55289141933e-05, 3.95857277908e-05, 1.11411072794e-05, 1.44980376717e-05, 1.53856381075e-05, 2.12059621845e-05, 2.65801754722e-05, 1.26748936964e-05, 6.71215411785e-06, 2.1137720978e-06, 1.00225783228e-07],
        "stdev": [0.000233563390793, 0.00941852387041, 0.00483950925991, 0.00273068505339, 0.00767168449238, 0.00585158914328, 0.0049184341915, 0.00829109549522, 0.00715910736471, 0.00408279430121, 0.00361635512672, 0.00563249271363, 0.00390040501952, 0.000896751473192, 0.00104141817428, 0.00011228666699, 0.000118288997328, 0.00022210807947, 6.88109430484e-05, 0.000149434243212, 0.00017961532285, 0.00014596019173, 0.000225974348723, 0.000118350078992, 5.70103729842e-05, 1.24214766402e-05, 1.07870675947e-06]
    },
    "erbbands": {
        "mean": [0.118783794343, 1.27077436447, 2.49779725075, 2.46918034554, 7.28091192245, 19.6847553253, 24.5950164795, 21.8224964142, 21.8033733368, 27.9262905121, 50.1721343994, 32.0332946777, 25.0695648193, 13.4341697693, 23.1519393921, 20.7326602936, 20.0847759247, 7.12464094162, 7.02742624283, 2.15486240387, 1.29149031639, 1.41058731079, 2.05219984055, 1.28959643841, 0.417016476393, 0.659812152386, 0.609942793846, 0.671521186829, 0.758184075356, 0.748388290405, 0.789838194847, 0.347549527884, 0.188372030854, 0.107579581439, 0.0313614681363, 0.00997189432383, 0.0039618848823, 0.000588458264247, 2.56253824773e-05, 2.66283168457e-05],
        "stdev": [0.180803015828, 2.47021150589, 5.54865074158, 5.34846258163, 16.1326122284, 34.0477371216, 42.796787262, 52.4980392456, 69.9110641479, 107.092773438, 184.229812622, 151.836959839, 170.944976807, 91.0738677979, 212.569229126, 176.677978516, 192.666030884, 54.3824920654, 73.0478668213, 12.9501609802, 5.56690979004, 6.3366856575, 11.395067215, 7.96904802322, 2.5828602314, 6.58957529068, 5.89804029465, 7.66187906265, 5.87593412399, 3.75038433075, 6.96998643875, 4.11103725433, 1.51805329323, 0.983693361282, 0.250111788511, 0.0729518160224, 0.0216744579375, 0.00328074698336, 0.00014299225586, 3.1494666473e-05]
    },
    "gfcc": {
        "mean": [-178.201095581, 176.321365356, -57.7825317383, 10.2850551605, -58.2017250061, -1.13312971592, -29.7059555054, -1.41457426548, -13.4636354446, -5.22007417679, -4.12437343597, -2.32360172272, -1.44901335239],
        "cov": [[14696.1806641, -1551.88110352, -1666.90161133, 516.266418457, -849.350219727, 526.392822266, -475.584320068, -136.816589355, -15.1164894104, -119.634109497, -228.402160645, 491.93069458, -443.757781982], [-1551.88110352, 2873.23974609, 368.421417236, -1158.5378418, 547.384460449, -547.516479492, 349.656097412, -56.7684669495, 156.330230713, -120.616165161, 210.033432007, -338.49319458, 221.283554077], [-1666.90161133, 368.421417236, 1476.1315918, 427.530609131, 53.0787162781, 214.738967896, 72.9706802368, -71.3174743652, -17.9508094788, -5.61867809296, 21.9478473663, 1.23940908909, 53.8816261292], [516.266418457, -1158.5378418, 427.530609131, 1164.73474121, -143.408599854, 377.532409668, -121.227630615, -2.24801468849, -56.9736289978, 25.7673816681, -103.427383423, 148.169067383, -42.0562553406], [-849.350219727, 547.384460449, 53.0787162781, -143.408599854, 468.475616455, -78.072479248, 106.349563599, 44.9018363953, 69.7492828369, -0.0451862476766, 43.776134491, -82.2312240601, 70.2327880859], [526.392822266, -547.516479492, 214.738967896, 377.532409668, -78.072479248, 470.816314697, 56.8291549683, -49.4320449829, -75.252822876, 40.970790863, -9.17413043976, 92.2241134644, -88.5992355347], [-475.584320068, 349.656097412, 72.9706802368, -121.227630615, 106.349563599, 56.8291549683, 342.578338623, 30.0572547913, -6.63345050812, 20.0757255554, 66.7128829956, -55.8311767578, -9.29907989502], [-136.816589355, -56.7684669495, -71.3174743652, -2.24801468849, 44.9018363953, -49.4320449829, 30.0572547913, 188.878448486, 77.7937316895, 25.383108139, -14.9742956161, -13.8253011703, 9.48197937012], [-15.1164894104, 156.330230713, -17.9508094788, -56.9736289978, 69.7492828369, -75.252822876, -6.63345050812, 77.7937316895, 196.214813232, 36.1028823853, -2.03835630417, -27.8555431366, 24.5475692749], [-119.634109497, -120.616165161, -5.61867809296, 25.7673816681, -0.0451862476766, 40.970790863, 20.0757255554, 25.383108139, 36.1028823853, 135.063964844, 42.3979759216, -1.71912407875, -12.2187213898], [-228.402160645, 210.033432007, 21.9478473663, -103.427383423, 43.776134491, -9.17413043976, 66.7128829956, -14.9742956161, -2.03835630417, 42.3979759216, 150.795639038, 23.6945762634, -0.273960471153], [491.93069458, -338.49319458, 1.23940908909, 148.169067383, -82.2312240601, 92.2241134644, -55.8311767578, -13.8253011703, -27.8555431366, -1.71912407875, 23.6945762634, 191.437301636, 5.54082632065], [-443.757781982, 221.283554077, 53.8816261292, -42.0562553406, 70.2327880859, -88.5992355347, -9.29907989502, 9.48197937012, 24.5475692749, -12.2187213898, -0.273960471153, 5.54082632065, 169.835067749]],
        "icov": [[0.000135547292302, -0.000241328743869, 0.000267069524853, -0.00018293800531, 0.000217456530663, -0.000242001857259, 0.000165013727383, -1.16730996069e-06, -8.47034389153e-05, -4.77346693515e-05, 0.000307910231641, -0.000438270159066, 0.000355103024049], [-0.000241328743869, 0.00236277608201, -0.00125498161651, 0.00159802404232, -0.00115045171697, 0.00118970090989, -0.00118421355728, 0.00107056053821, -0.000980631215498, 0.00201299972832, -0.00230782735161, 0.00244524795562, -0.0017403785605], [0.000267069524853, -0.00125498161651, 0.00172068388201, -0.00125249894336, 0.000701049691997, -0.00107746094, 0.0005118137924, -7.88875258877e-05, 7.4662573752e-05, -0.000557311461307, 0.000872008036822, -0.00110396835953, 0.000643884704914], [-0.00018293800531, 0.00159802404232, -0.00125249894336, 0.00265401578508, -0.000764038355555, -0.000141857817653, -0.000259319174802, 0.000216290485696, -0.000397414289182, 0.000938951270655, -0.000577423896175, 0.000986500759609, -0.0011979744304], [0.000217456530663, -0.00115045171697, 0.000701049691997, -0.000764038355555, 0.00349866086617, -0.000826116302051, 9.93483045022e-05, -0.000774206593633, -0.000444963312475, -0.000239475120907, 0.00021496861882, -0.000222353148274, -0.000118902135], [-0.000242001857259, 0.00118970090989, -0.00107746094, -0.000141857817653, -0.000826116302051, 0.00497862091288, -0.00202818540856, 0.00143000646494, 0.000434342917288, -0.000655344454572, -0.000135941445478, -0.000347535562469, 0.000773454201408], [0.000165013727383, -0.00118421355728, 0.0005118137924, -0.000259319174802, 9.93483045022e-05, -0.00202818540856, 0.00485931197181, -0.00179432844743, 0.00101675488986, -0.000591878371779, -0.000681433884893, 0.000190120728803, 0.000817772815935], [-1.16730996069e-06, 0.00107056053821, -7.88875258877e-05, 0.000216290485696, -0.000774206593633, 0.00143000646494, -0.00179432844743, 0.0077584926039, -0.00300606712699, -9.42796177696e-05, 0.000487863639137, 0.000256495462963, -0.000364445761079], [-8.47034389153e-05, -0.000980631215498, 7.4662573752e-05, -0.000397414289182, -0.000444963312475, 0.000434342917288, 0.00101675488986, -0.00300606712699, 0.00778333982453, -0.00310725346208, 0.00143657217268, -0.000610275717918, 0.000242064983468], [-4.77346693515e-05, 0.00201299972832, -0.000557311461307, 0.000938951270655, -0.000239475120907, -0.000655344454572, -0.000591878371779, -9.42796177696e-05, -0.00310725346208, 0.0118173994124, -0.00577055523172, 0.00340186897665, -0.00142917351332], [0.000307910231641, -0.00230782735161, 0.000872008036822, -0.000577423896175, 0.00021496861882, -0.000135941445478, -0.000681433884893, 0.000487863639137, 0.00143657217268, -0.00577055523172, 0.0126463212073, -0.00592414056882, 0.00275834440254], [-0.000438270159066, 0.00244524795562, -0.00110396835953, 0.000986500759609, -0.000222353148274, -0.000347535562469, 0.000190120728803, 0.000256495462963, -0.000610275717918, 0.00340186897665, -0.00592414056882, 0.0108496826142, -0.00386043824255], [0.000355103024049, -0.0017403785605, 0.000643884704914, -0.0011979744304, -0.000118902135, 0.000773454201408, 0.000817772815935, -0.000364445761079, 0.000242064983468, -0.00142917351332, 0.00275834440254, -0.00386043824255, 0.00909294188023]]
    },
    "melbands": {
        "mean": [0.00129778613336, 0.0014987931354, 0.000541381712537, 0.000967324245721, 0.00089982105419, 0.00050361227477, 0.0003333510831, 0.000335775170242, 0.000388863991247, 0.000195878106751, 0.000120133227028, 5.05478783452e-05, 6.77337666275e-05, 7.00493546901e-05, 4.66553683509e-05, 3.53900068149e-05, 9.99976236926e-06, 1.19113519759e-05, 4.70963504995e-06, 1.80774566161e-06, 1.43051136092e-06, 1.45711521782e-06, 1.76023559106e-06, 1.77728747985e-06, 1.00074964848e-06, 2.78776781215e-07, 3.11488662419e-07, 4.86315741455e-07, 3.90541572415e-07, 4.09163334325e-07, 3.58213128493e-07, 4.31747565699e-07, 4.19401487761e-07, 4.06503630757e-07, 4.91597347718e-07, 3.40095652973e-07, 1.60180462672e-07, 1.24412238733e-07, 1.27320291199e-07, 7.76547253167e-08],
        "stdev": [0.00220367126167, 0.00280897668563, 0.00117611559108, 0.00169062335044, 0.00141286721919, 0.00116993510164, 0.00105681596324, 0.0013174918713, 0.00146297249012, 0.00101192982402, 0.000853536592331, 0.000393572991015, 0.00057302811183, 0.000748444523197, 0.00046111678239, 0.000331367453327, 9.84538055491e-05, 0.000132739311084, 3.32673225785e-05, 1.08783424366e-05, 6.62106822347e-06, 7.53267431719e-06, 9.4368651844e-06, 1.07219684651e-05, 6.70335111863e-06, 1.45890521708e-06, 2.8488004773e-06, 5.2997424973e-06, 3.8863604459e-06, 6.29981695965e-06, 3.48819617102e-06, 3.72153294848e-06, 2.44913303504e-06, 2.01895841201e-06, 3.97662324758e-06, 4.60982028017e-06, 1.80970823749e-06, 1.0402289945e-06, 1.08124982034e-06, 7.29837438485e-07]
    },
    "melbands128": {
        "mean": [8.97802456166e-05, 0.000720892043319, 0.00192677462474, 0.00218646344729, 0.00153243355453, 0.00082912313519, 0.000436013622675, 0.000465994206024, 0.000690645654686, 0.000922936073039, 0.00118813419249, 0.00106084020808, 0.00090235931566, 0.00062378909206, 0.000470387865789, 0.000488167541334, 0.000395028037019, 0.000289186573355, 0.000340087950462, 0.000264112692093, 0.000366941123502, 0.000460438895971, 0.00047688811901, 0.000215230087633, 0.000168240876519, 0.000214666302782, 0.000174060856807, 0.000121613396914, 6.12397270743e-05, 5.41242661711e-05, 4.6789082262e-05, 4.25344878749e-05, 6.438424316e-05, 9.33545888984e-05, 8.0424011685e-05, 6.91280365572e-05, 3.97107505705e-05, 4.32229571743e-05, 4.93363659189e-05, 5.73804027226e-05, 2.79686428257e-05, 1.28074316308e-05, 1.18853104141e-05, 7.20031357559e-06, 6.53837923892e-06, 2.02676401386e-05, 7.83912309998e-06, 5.46047385797e-06, 2.46169042839e-06, 1.70545490619e-06, 2.00444128495e-06, 1.60247054737e-06, 1.28324245452e-06, 1.16188095944e-06, 2.1673261017e-06, 1.34980132316e-06, 1.01623720639e-06, 1.41662303577e-06, 2.31433295994e-06, 2.01857596949e-06, 1.69338261458e-06, 1.55043312589e-06, 1.57834153924e-06, 7.07073184003e-07, 3.64626203009e-07, 2.61016452896e-07, 2.08631618648e-07, 2.6572993761e-07, 3.41951931659e-07, 3.68743371837e-07, 4.18048017536e-07, 6.33597210253e-07, 5.15943213486e-07, 3.12461963858e-07, 2.72084349717e-07, 3.67928493006e-07, 5.43159217159e-07, 3.98569142135e-07, 3.14245369282e-07, 2.99163247064e-07, 4.73568803727e-07, 4.64398596023e-07, 3.9577781763e-07, 4.24011119549e-07, 4.3629674451e-07, 3.98057238726e-07, 3.82172260061e-07, 4.33546489376e-07, 5.67904294257e-07, 4.71591249607e-07, 4.1100230419e-07, 3.00312876789e-07, 2.25280430755e-07, 1.5408934928e-07, 1.25752052327e-07, 1.10727931713e-07, 1.22081189602e-07, 1.44718910633e-07, 1.36327741984e-07, 1.12211239411e-07, 1.10776781526e-07, 6.51909246585e-08, 4.90099942851e-08, 4.35887983485e-08, 3.23141016167e-08, 2.70667666058e-08, 2.04262686765e-08, 1.90735960359e-08, 1.51479468968e-08, 1.45535699048e-08, 1.37349003282e-08, 1.37802844691e-08, 1.34178792521e-08, 1.2145559225e-08, 8.6806872801e-09, 6.0832996418e-09, 3.38411876299e-09, 7.94727339493e-10, 2.14165948864e-10, 2.90493427924e-11, 4.87285385653e-12, 3.87132123233e-12, 3.79338444337e-12, 3.72191253512e-12, 3.68210410079e-12, 3.6547423074e-12, 3.63156033023e-12, 3.60549827841e-12],
        "stdev": [0.000220978632569, 0.00115116988309, 0.0036760668736, 0.00450044358149, 0.00335781369358, 0.00203260593116, 0.00102389208041, 0.00162254448514, 0.00194584799465, 0.00222219293937, 0.0026204532478, 0.0021644004155, 0.00188182375859, 0.00168100057635, 0.00154266029131, 0.00179279467557, 0.00191791215912, 0.00131563772447, 0.00164037267677, 0.00141931942198, 0.00228528631851, 0.00212924042717, 0.00210311380215, 0.00174279895145, 0.00124584196601, 0.00148727768101, 0.00176511902828, 0.00112150574569, 0.000765425153077, 0.000646484957542, 0.000451400643215, 0.000410034321249, 0.000645341409836, 0.00130648061167, 0.00143635971472, 0.000975018192548, 0.000472083571367, 0.000685743347276, 0.000777822569944, 0.000763483869378, 0.000279795902316, 0.000170970131876, 0.000175322478754, 6.8491564889e-05, 7.97065586084e-05, 0.000298436643789, 8.1285048509e-05, 5.59164072911e-05, 2.71974058705e-05, 1.82402036444e-05, 1.5809393517e-05, 1.05702274595e-05, 1.05118260763e-05, 7.59783097237e-06, 1.36551043397e-05, 1.05069693745e-05, 6.96631241226e-06, 7.71797658672e-06, 1.8629416445e-05, 1.94525473489e-05, 1.36813168865e-05, 1.66053669091e-05, 1.39711428346e-05, 6.26192104392e-06, 2.50781567956e-06, 1.49194772803e-06, 1.36478445256e-06, 3.20842673318e-06, 3.76467232854e-06, 5.32637795914e-06, 4.20029164161e-06, 8.26452287583e-06, 7.05980528437e-06, 2.58576642409e-06, 2.73430464404e-06, 5.07008098793e-06, 1.31770912049e-05, 4.73738464279e-06, 2.6732002425e-06, 2.73130353889e-06, 3.94001335735e-06, 5.4020697462e-06, 2.62990874944e-06, 2.53001621786e-06, 2.52162453762e-06, 1.89954437246e-06, 1.84455325325e-06, 3.53997029379e-06, 4.89148624183e-06, 3.96732457375e-06, 5.84724557484e-06, 5.28348846274e-06, 3.53693280886e-06, 1.95882103071e-06, 1.19773517326e-06, 9.41662676723e-07, 1.25703570575e-06, 1.08323058612e-06, 1.14806357487e-06, 1.09680365767e-06, 1.34974095545e-06, 5.67750589653e-07, 4.33053116922e-07, 3.54920643986e-07, 2.78728123249e-07, 2.66218052047e-07, 1.98125363227e-07, 1.79576133519e-07, 1.21714109014e-07, 1.08168691781e-07, 9.00780960933e-08, 9.28466477035e-08, 8.0564952043e-08, 6.65286492563e-08, 5.05480066693e-08, 3.62141001631e-08, 2.2961481605e-08, 2.10899937514e-08, 1.51554591099e-08, 1.27891541801e-09, 7.63456450836e-11, 7.66125704543e-12, 7.5089856208e-12, 7.38050072446e-12, 7.27144863419e-12, 7.18421893156e-12, 7.12369269476e-12, 7.08751069986e-12]
    },
    "mfcc": {
        "mean": [-832.022888184, 197.969100952, 58.9590606689, 17.9417362213, 2.57313871384, 1.87193143368, -5.76449346542, 2.78182888031, -4.87002801895, -2.52518200874, -1.35708367825, -0.00172908965033, 1.41746807098],
        "cov": [[10188.5449219, -1370.06591797, -1440.69226074, -135.477340698, -284.681030273, 233.686172485, -377.130065918, 330.549377441, -374.891876221, -55.9782524109, 184.664764404, -173.204528809, -188.672668457], [-1370.06591797, 3019.21704102, 200.735443115, -440.305328369, 4.08985757828, -285.132141113, 119.254753113, -116.116699219, 83.4578018188, 54.3488044739, -17.9182224274, 28.9797592163, 127.891098022], [-1440.69226074, 200.735443115, 1190.6862793, 292.981414795, 100.315406799, 236.018585205, 103.866142273, 23.3140068054, 49.7291793823, -15.7915086746, -57.8274116516, 44.0755004883, -10.0486040115], [-135.477340698, -440.305328369, 292.981414795, 511.663543701, 168.719085693, 115.097175598, 27.1316452026, 57.7408103943, 76.7572402954, -12.9891958237, -31.1273479462, 47.4230651855, -14.1701107025], [-284.681030273, 4.08985757828, 100.315406799, 168.719085693, 365.94430542, 44.0755958557, -34.611530304, 2.42935299873, 89.5142593384, 0.860278367996, -45.1816864014, 32.8263587952, 15.6480407715], [233.686172485, -285.132141113, 236.018585205, 115.097175598, 44.0755958557, 402.112121582, 152.809036255, 73.9112167358, -49.7853546143, 9.12979316711, 45.9791374207, -38.7220802307, -41.2929077148], [-377.130065918, 119.254753113, 103.866142273, 27.1316452026, -34.611530304, 152.809036255, 319.205749512, 59.906627655, -22.3017158508, 35.8159370422, 59.8423271179, -32.7713737488, 5.16623973846], [330.549377441, -116.116699219, 23.3140068054, 57.7408103943, 2.42935299873, 73.9112167358, 59.906627655, 177.315231323, 7.40448951721, -14.3267068863, 30.1761417389, 7.92428636551, -3.5159573555], [-374.891876221, 83.4578018188, 49.7291793823, 76.7572402954, 89.5142593384, -49.7853546143, -22.3017158508, 7.40448951721, 213.905410767, 42.3826217651, -22.3111476898, 32.0913581848, -0.555776119232], [-55.9782524109, 54.3488044739, -15.7915086746, -12.9891958237, 0.860278367996, 9.12979316711, 35.8159370422, -14.3267068863, 42.3826217651, 172.293884277, 74.4819717407, -9.10530948639, -0.270558238029], [184.664764404, -17.9182224274, -57.8274116516, -31.1273479462, -45.1816864014, 45.9791374207, 59.8423271179, 30.1761417389, -22.3111476898, 74.4819717407, 175.382598877, 23.5948352814, -8.03926467896], [-173.204528809, 28.9797592163, 44.0755004883, 47.4230651855, 32.8263587952, -38.7220802307, -32.7713737488, 7.92428636551, 32.0913581848, -9.10530948639, 23.5948352814, 168.785736084, 57.8266830444], [-188.672668457, 127.891098022, -10.0486040115, -14.1701107025, 15.6480407715, -41.2929077148, 5.16623973846, -3.5159573555, -0.555776119232, -0.270558238029, -8.03926467896, 57.8266830444, 140.619216919]],
        "icov": [[0.000178188100108, -1.92138431885e-05, 0.000247523130383, -0.000113980393508, 0.000119516611448, -0.000270102958893, 0.000397936644731, -0.000370541703887, 0.000237079802901, -5.27265074197e-05, -5.25056675542e-05, 8.50218420965e-05, 0.000109126813186], [-1.92138431885e-05, 0.000525120529346, -0.000297917984426, 0.000623281230219, -0.000273079291219, 0.000511536549311, -0.000491481507197, 0.000180472867214, -0.00021899897547, 1.21531661534e-06, -2.06660461117e-05, -7.82022834755e-06, -0.000257509178482], [0.000247523130383, -0.000297917984426, 0.00162176508456, -0.00092816085089, 0.000408178078942, -0.00126199331135, 0.000553852703888, -0.000323238753481, 0.000246985815465, -0.000133996349177, 0.000534144754056, -0.000355396856321, 0.000358389253961], [-0.000113980393508, 0.000623281230219, -0.00092816085089, 0.00366877694614, -0.00132706924342, 0.000309022492729, -0.00085118872812, -0.000261930981651, -0.00085308868438, 9.53002236201e-05, 0.000407793006161, -0.000792021222878, 0.000192549065105], [0.000119516611448, -0.000273079291219, 0.000408178078942, -0.00132706924342, 0.00393052911386, -0.00120144989341, 0.00104044319596, -1.4213038412e-05, -0.000990838045254, -0.000166151003214, 0.000668664171826, -0.000171731837327, -0.000420000549639], [-0.000270102958893, 0.000511536549311, -0.00126199331135, 0.000309022492729, -0.00120144989341, 0.00503730587661, -0.00236346153542, -0.000294206140097, 0.000768127036281, 4.47809288744e-05, -0.000777685432695, 0.000611279625446, 0.000512984348461], [0.000397936644731, -0.000491481507197, 0.000553852703888, -0.00085118872812, 0.00104044319596, -0.00236346153542, 0.00570432469249, -0.00176278466824, 0.000524105678778, -0.000519917579368, -0.00111556914635, 0.00131164689083, -0.000730831350666], [-0.000370541703887, 0.000180472867214, -0.000323238753481, -0.000261930981651, -1.4213038412e-05, -0.000294206140097, -0.00176278466824, 0.00771942222491, -0.00149492442142, 0.00170906982385, -0.00129645818379, -0.000296142679872, -0.000492790422868], [0.000237079802901, -0.00021899897547, 0.000246985815465, -0.00085308868438, -0.000990838045254, 0.000768127036281, 0.000524105678778, -0.00149492442142, 0.00695490045473, -0.00256409612484, 0.00146202009637, -0.00111035769805, 0.00129089481197], [-5.27265074197e-05, 1.21531661534e-06, -0.000133996349177, 9.53002236201e-05, -0.000166151003214, 4.47809288744e-05, -0.000519917579368, 0.00170906982385, -0.00256409612484, 0.00865946337581, -0.00441829580814, 0.00170465069823, -0.000925419444684], [-5.25056675542e-05, -2.06660461117e-05, 0.000534144754056, 0.000407793006161, 0.000668664171826, -0.000777685432695, -0.00111556914635, -0.00129645818379, 0.00146202009637, -0.00441829580814, 0.00954283867031, -0.00315856398083, 0.00157514144666], [8.50218420965e-05, -7.82022834755e-06, -0.000355396856321, -0.000792021222878, -0.000171731837327, 0.000611279625446, 0.00131164689083, -0.000296142679872, -0.00111035769805, 0.00170465069823, -0.00315856398083, 0.00875694770366, -0.00362379499711], [0.000109126813186, -0.000257509178482, 0.000358389253961, 0.000192549065105, -0.000420000549639, 0.000512984348461, -0.000730831350666, -0.000492790422868, 0.00129089481197, -0.000925419444684, 0.00157514144666, -0.00362379499711, 0.0093325227499]]
    },
    "spectral_contrast_coeffs": {
        "mean": [-0.677962005138, -0.679931104183, -0.738124907017, -0.795501887798, -0.821742594242, -0.822962760925],
        "stdev": [0.0931235849857, 0.104077279568, 0.089754447341, 0.077486820519, 0.0672951489687, 0.0593169033527]
    },
    "spectral_contrast_valleys": {
        "mean": [-7.02009344101, -7.79958057404, -9.22820949554, -10.2398710251, -10.4221668243, -12.6912927628],
        "stdev": [1.25242495537, 1.20375311375, 1.19519090652, 1.15645885468, 1.17109429836, 1.37301492691]
    }
},
"rhythm": {
    "beats_count": 506,
    "beats_loudness": {
        "mean": 0.029786799103,
        "stdev": 0.028427047655
    },
    "bpm": 91.0173568726,
    "bpm_histogram_first_peak_bpm": 92,
    "bpm_histogram_first_peak_weight": 0.446511626244,
    "bpm_histogram_second_peak_bpm": 185,
    "bpm_histogram_second_peak_spread": 0,
    "bpm_histogram_second_peak_weight": 0.0633663386106,
    "danceability": 0.974307894707,
    "onset_rate": 2.53893971443,
    "beats_loudness_band_ratio": {
        "mean": [0.446240097284, 0.365216940641, 0.187147945166, 0.0404647402465, 0.00649646203965, 0.0110774319619],
        "stdev": [0.290042549372, 0.246935963631, 0.240967661142, 0.116070121527, 0.0216418579221, 0.0670636296272]
    },
    "beats_position": [0.66176867485, 1.27709746361, 1.90403628349, 2.50775504112, 3.09986400604, 3.69197273254, 4.27247142792, 4.85297060013, 5.4334692955, 6.025578022, 6.6176867485, 7.19818592072, 7.79029464722, 8.38240337372, 8.97451210022, 9.57823085785, 10.1703395844, 10.7624483109, 11.354557991, 11.9582767487, 12.5619955063, 13.1657142639, 13.7694330215, 14.3847618103, 15.0000905991, 15.6038093567, 16.2075271606, 16.8112468719, 17.4033565521, 18.0186843872, 18.6340141296, 19.2493419647, 19.8878898621, 20.5264396667, 21.1649875641, 21.8151473999, 22.4653053284, 23.1154651642, 23.7540130615, 24.369342804, 25.0078907013, 25.5303401947, 26.0643978119, 26.5984573364, 27.0976867676, 27.5969161987, 28.0961437225, 28.5721530914, 29.0481624603, 29.5357818604, 29.8840808868, 30.2323799133, 30.5806789398, 30.9405899048, 31.2772789001, 31.6139678955, 31.9506568909, 32.2989578247, 32.6356468201, 32.9839439392, 33.3438529968, 33.6921539307, 34.0404510498, 34.3887519836, 34.7486610413, 35.1085700989, 35.4684791565, 35.8167800903, 36.1650772095, 36.5017662048, 36.8500671387, 37.186756134, 37.5234451294, 37.8717460632, 38.2084350586, 38.5335159302, 38.8702049255, 39.2068939209, 39.5435829163, 39.8686599731, 40.1937408447, 40.5188217163, 40.8438987732, 41.1689796448, 41.4940567017, 41.830745697, 42.1558265686, 42.4809074402, 42.8175964355, 43.1426734924, 43.4561424255, 43.7928352356, 44.129524231, 44.4662132263, 44.8029022217, 45.1511993408, 45.4995002747, 45.8594093323, 46.2193183899, 46.5792274475, 46.9391365051, 47.2990455627, 47.6357345581, 47.9608154297, 48.2858963013, 48.6109733582, 48.9244422913, 49.2495231628, 49.5746040344, 49.8996810913, 50.2247619629, 50.5498390198, 50.8749198914, 51.2000007629, 51.5250778198, 51.8501586914, 52.1752357483, 52.5119247437, 52.8602256775, 53.2085266113, 53.6380958557, 54.0676651001, 54.4972343445, 54.9848518372, 55.4608612061, 55.9252586365, 56.4012680054, 56.8772773743, 57.3532867432, 57.8409042358, 58.3633537292, 58.8625831604, 59.3502044678, 59.8494338989, 60.3486595154, 60.8478889465, 61.3471183777, 61.8579597473, 62.34557724, 62.8331947327, 63.32081604, 63.8084335327, 64.2960510254, 64.7952804565, 65.2828979492, 65.9330596924, 66.5716094971, 67.2333755493, 67.8835372925, 68.5453033447, 69.2070770264, 69.8688430786, 70.5306091309, 71.1923828125, 71.8309249878, 72.481086731, 73.1428527832, 73.7930145264, 74.4431762695, 75.0933303833, 75.731880188, 76.3820419312, 77.0554199219, 77.7404098511, 78.4021759033, 79.0523376465, 79.7141036987, 80.3526535034, 80.9912033081, 81.6297454834, 82.291519165, 82.9532852173, 83.6150588989, 84.2884368896, 85.0662994385, 85.8441696167, 86.5639877319, 87.2838058472, 87.9339675903, 88.5841217041, 89.2342834473, 89.872833252, 90.5229949951, 91.1615371704, 91.8000869751, 92.4270248413, 93.065574646, 93.7157363892, 94.3658905029, 95.0160522461, 95.6662139893, 96.316368103, 96.9781417847, 97.6399078369, 98.3016738892, 98.9634475708, 99.625213623, 100.286979675, 100.948753357, 101.610519409, 102.272285461, 102.934059143, 103.584213257, 104.234375, 104.884536743, 105.534690857, 106.1848526, 106.846618652, 107.508384705, 108.181770325, 108.855148315, 109.516914368, 110.17868042, 110.852058411, 111.53704834, 112.222038269, 112.907028198, 113.56879425, 114.230567932, 114.880722046, 115.542495728, 116.215873718, 116.889251709, 117.551017761, 118.212783813, 118.897773743, 119.582763672, 120.267753601, 120.929519653, 121.602897644, 122.276275635, 122.938049316, 123.611427307, 124.296417236, 124.981407166, 125.666389465, 126.339767456, 127.013153076, 127.686531067, 128.348297119, 129.010070801, 129.671829224, 130.333602905, 130.995376587, 131.65713501, 132.33052063, 133.003890991, 133.665664673, 134.327438354, 134.989196777, 135.650970459, 136.324356079, 136.986114502, 137.647888184, 138.298049927, 138.94821167, 139.586761475, 140.248519897, 140.898681641, 141.548843384, 142.199005127, 142.872375488, 143.545761108, 144.230743408, 144.915740967, 145.600723267, 146.285705566, 146.982315063, 147.632461548, 148.282623291, 148.932785034, 149.582946777, 150.221496582, 150.860046387, 151.51020813, 152.148742676, 152.78729248, 153.437454224, 154.099227905, 154.749389648, 155.399536133, 156.072921753, 156.734695435, 157.396453857, 158.069839478, 158.731613159, 159.404983521, 160.078369141, 160.786575317, 161.506393433, 162.226211548, 162.946029663, 163.584579468, 164.234741211, 164.873291016, 165.500228882, 166.138778687, 166.777328491, 167.450698853, 168.124084473, 168.809066772, 169.482452393, 170.155822754, 170.829208374, 171.502578735, 172.152740479, 172.802902222, 173.453063965, 174.103210449, 174.753372192, 175.403533936, 176.053695679, 176.703857422, 177.354003906, 178.004165649, 178.631103516, 179.281265259, 179.931427002, 180.558364868, 181.208526611, 181.858688354, 182.508834839, 183.182220459, 183.85559082, 184.505752563, 185.155914307, 185.80607605, 186.444625854, 187.083175659, 187.710113525, 188.34866333, 188.987213135, 189.614151001, 190.264297485, 190.926071167, 191.57623291, 192.226394653, 192.876556396, 193.538314819, 194.188476562, 194.861862183, 195.546844482, 196.197006226, 196.847167969, 197.485717773, 198.170700073, 198.855682373, 199.494232178, 200.132781982, 200.782943726, 201.433105469, 202.060043335, 202.686981201, 203.313919067, 203.929244995, 204.556182861, 205.101852417, 205.647521973, 206.18157959, 206.715637207, 207.238098145, 207.760543823, 208.236557007, 208.712554932, 209.188568115, 209.676193237, 210.152191162, 210.639816284, 211.150650024, 211.673095703, 212.195556641, 212.718002319, 213.22883606, 213.739685059, 214.064758301, 214.389831543, 214.714920044, 215.051605225, 215.388290405, 215.713378906, 216.038452148, 216.340316772, 216.653778076, 216.967254639, 217.292327881, 217.605804443, 217.919265747, 218.23274231, 218.557815552, 218.894515991, 219.231201172, 219.567886353, 219.904571533, 220.252868652, 220.61277771, 220.972686768, 221.332611084, 221.680908203, 222.017593384, 222.342666626, 222.679367065, 223.016052246, 223.341125488, 223.677825928, 224.026123047, 224.362808228, 224.780761719, 225.198730469, 225.61668396, 226.115921021, 226.615142822, 227.102767944, 227.601989746, 228.101226807, 228.600448608, 229.08807373, 229.587295532, 230.074920654, 230.550918579, 231.026931763, 231.502944946, 231.97895813, 232.454956055, 232.930969238, 233.453414917, 233.964263916, 234.486709595, 235.171691895, 235.868301392, 236.56489563, 237.261489868, 237.958084106, 238.643081665, 239.316452026, 239.989837646, 240.663208008, 241.255325317, 241.859039307, 242.462768555, 243.066482544, 243.670196533, 244.20425415, 244.749923706, 245.272369385, 245.81803894, 246.363708496, 246.874557495, 247.373779297, 247.873016357, 248.360626221, 248.859863281, 249.359085083, 249.869934082, 250.392379761, 250.914825439, 251.437271118, 251.959716797, 252.482177734, 253.004623413, 253.527069092, 254.049514771, 254.56036377, 255.082809448, 255.605255127, 256.127716064, 256.650146484, 257.160980225, 257.683441162, 258.194274902, 258.71673584, 259.23916626, 259.761627197, 260.202819824, 260.655609131, 261.09677124, 261.549560547, 261.990753174, 262.44354248, 262.896331787, 263.337493896, 263.790283203, 264.24307251, 264.684265137, 265.125427246, 265.554992676, 265.984588623, 266.402526855, 266.820495605, 267.261688232, 267.737670898, 268.213684082, 268.689697266, 269.165710449, 269.630096436, 270.106109619, 270.628570557, 271.139404297, 271.661865234, 272.253967285, 272.846069336, 273.438171387, 274.030303955, 274.622406006, 275.214508057, 275.806610107, 276.398712158],
    "bpm_histogram": [0, 0, 0, 0, 0, 0, 0, 0, 0, 0, 0, 0, 0, 0, 0, 0, 0, 0, 0, 0, 0, 0, 0, 0, 0, 0, 0, 0, 0, 0, 0, 0, 0, 0, 0, 0, 0, 0, 0, 0, 0, 0, 0, 0, 0, 0, 0, 0, 0, 0, 0, 0, 0, 0, 0, 0, 0, 0, 0, 0, 0, 0, 0, 0, 0, 0, 0, 0, 0, 0, 0, 0, 0, 0, 0, 0, 0, 0.00396039616317, 0, 0, 0, 0, 0, 0.00990098994225, 0, 0.00198019808158, 0.00990098994225, 0, 0.039603959769, 0.0673267319798, 0, 0.102970294654, 0.13267326355, 0, 0.0613861382008, 0, 0.0217821784317, 0, 0.0158415846527, 0.0257425736636, 0, 0.039603959769, 0, 0.00792079232633, 0, 0, 0, 0, 0, 0, 0.00990098994225, 0, 0.00990098994225, 0, 0, 0.0554455444217, 0, 0.0217821784317, 0, 0, 0.0376237630844, 0, 0, 0.0316831693053, 0, 0, 0.0415841601789, 0, 0, 0.00396039616317, 0, 0, 0, 0.0118811884895, 0, 0, 0.0138613861054, 0, 0, 0, 0.00990098994225, 0, 0, 0, 0.00990098994225, 0, 0, 0, 0, 0, 0, 0, 0, 0, 0, 0, 0, 0, 0, 0, 0, 0, 0, 0, 0, 0, 0, 0.0257425736636, 0, 0, 0, 0, 0.0376237630844, 0, 0, 0, 0, 0, 0.0594059415162, 0, 0, 0, 0, 0, 0, 0.0633663386106, 0, 0, 0, 0, 0, 0.0138613861054, 0, 0, 0, 0, 0, 0, 0, 0.00198019808158, 0, 0, 0, 0, 0, 0, 0, 0, 0, 0, 0, 0, 0, 0, 0, 0, 0, 0, 0, 0, 0, 0, 0, 0, 0, 0, 0, 0, 0, 0, 0, 0, 0, 0, 0, 0, 0, 0, 0, 0, 0, 0, 0, 0, 0, 0, 0, 0, 0, 0]
},
"tonal": {
    "chords_changes_rate": 0.0604487620294,
    "chords_number_rate": 0.00284661748447,
    "chords_strength": {
        "mean": 0.471091687679,
        "stdev": 0.114757165313
    },
    "hpcp_crest": {
        "mean": 17.8218307495,
        "stdev": 8.12940311432
    },
    "hpcp_entropy": {
        "mean": 1.45827102661,
        "stdev": 0.686591207981
    },
    "key_edma": {
        "strength": 0.646456301212,
        "key": "A#",
        "scale": "major"
    },
    "key_krumhansl": {
        "strength": 0.653246104717,
        "key": "A#",
        "scale": "major"
    },
    "key_temperley": {
        "strength": 0.658119618893,
        "key": "A#",
        "scale": "major"
    },
    "tuning_diatonic_strength": 0.356402754784,
    "tuning_equal_tempered_deviation": 0,
    "tuning_frequency": 442.03793335,
    "tuning_nontempered_energy_ratio": 0.631565213203,
    "hpcp": {
        "mean": [0.101405657828, 0.0860598087311, 0.136889234185, 0.197935193777, 0.117825977504, 0.0731029734015, 0.101124510169, 0.0712139829993, 0.132381394506, 0.18746034801, 0.09945730865, 0.0448887459934, 0.0477735362947, 0.0430513769388, 0.124761834741, 0.211245909333, 0.140297859907, 0.1182570979, 0.133458629251, 0.0661678239703, 0.0339435786009, 0.041697692126, 0.0543698444963, 0.117958381772, 0.150775045156, 0.0805584713817, 0.0447532199323, 0.0588140375912, 0.0527505278587, 0.0974151045084, 0.124809190631, 0.0754799097776, 0.0712263584137, 0.0967516675591, 0.0862591490149, 0.086203917861],
        "stdev": [0.246609300375, 0.208782851696, 0.254733294249, 0.336982816458, 0.22825370729, 0.180254802108, 0.265096992254, 0.180634856224, 0.237899184227, 0.315820395947, 0.205251023173, 0.144876867533, 0.166712373495, 0.142655834556, 0.225931182504, 0.336932599545, 0.243803158402, 0.255213558674, 0.280815243721, 0.171484813094, 0.130876198411, 0.152981072664, 0.165544688702, 0.237111449242, 0.278700202703, 0.176509097219, 0.135156065226, 0.178359553218, 0.160135522485, 0.227079600096, 0.269377052784, 0.183174625039, 0.189048364758, 0.232284247875, 0.214722275734, 0.206381186843]
    },
    "chords_histogram": [22.1701278687, 4.38713979721, 2.19356989861, 1.85867381096, 2.04286670685, 0.468854665756, 13.2786340714, 7.85331535339, 1.32283997536, 2.29403877258, 2.21031475067, 0.217682525516, 0.0167448092252, 0, 1.30609512329, 0.485599458218, 1.7916945219, 2.88010716438, 0, 4.11922311783, 7.88680505753, 10.147354126, 0.753516435623, 10.3148021698],
    "thpcp": [1, 0.66414475441, 0.559807777405, 0.631769061089, 0.313226521015, 0.16068276763, 0.197389349341, 0.257377028465, 0.558393657207, 0.713741838932, 0.381349265575, 0.211853668094, 0.278415024281, 0.249711468816, 0.46114552021, 0.590824186802, 0.357308268547, 0.337172716856, 0.458004921675, 0.408335238695, 0.408073782921, 0.480036079884, 0.407391607761, 0.648008942604, 0.936989486217, 0.557766914368, 0.34605628252, 0.47870516777, 0.33711412549, 0.626669645309, 0.887403428555, 0.470812946558, 0.212495222688, 0.226151302457, 0.203797444701, 0.590600013733],
    "chords_key": "A#",
    "chords_scale": "major"
}
}