{
"metadata": {
    "version": {
        "essentia": "2.1-dev",
        "essentia_git_sha": "v2.1_beta3-415-gd5473f3",
        "extractor": "music 2.0"
    },
    "audio_properties": {
        "analysis": {
            "equal_loudness": 0,
            "length": 301.557556152,
            "sample_rate": 44100,
            "start_time": 0,
            "downmix": "mix"
        },
        "bit_rate": 192000,
        "length": 301.557556152,
        "lossless": 0,
        "number_channels": 2,
        "replay_gain": -5.37004470825,
        "sample_rate": 44100,
        "codec": "mp3",
        "md5_encoded": "5e347d1fc9bd1f682fa4e410c424087b"
    },
    "tags": {
        "file_name": "dizzy_gillespie_and_stan_getz-exactly_like_you-bla.mp3",
        "album": ["Diz & Getz "],
        "artist": ["Dizzy Gillespie & Stan Getz"],
        "date": ["2001"],
        "genre": ["Jazz"],
        "title": ["exactly like you"]
    }
},
"lowlevel": {
    "average_loudness": 0.124068804085,
    "barkbands_crest": {
        "mean": 10.0126647949,
        "stdev": 4.99671125412
    },
    "barkbands_flatness_db": {
        "mean": 0.130165427923,
        "stdev": 0.0566366687417
    },
    "barkbands_kurtosis": {
        "mean": 4.19457483292,
        "stdev": 13.1459932327
    },
    "barkbands_skewness": {
        "mean": 1.15347743034,
        "stdev": 1.69832134247
    },
    "barkbands_spread": {
        "mean": 36.6407089233,
        "stdev": 23.4091739655
    },
    "dissonance": {
        "mean": 0.455866575241,
        "stdev": 0.0383814871311
    },
    "dynamic_complexity": 5.06907224655,
    "erbbands_crest": {
        "mean": 10.289648056,
        "stdev": 6.00411128998
    },
    "erbbands_flatness_db": {
        "mean": 0.150080889463,
        "stdev": 0.0534401349723
    },
    "erbbands_kurtosis": {
        "mean": 1.44865727425,
        "stdev": 4.94009208679
    },
    "erbbands_skewness": {
        "mean": 0.269309401512,
        "stdev": 1.34952247143
    },
    "erbbands_spread": {
        "mean": 52.7273788452,
        "stdev": 29.3878536224
    },
    "hfc": {
        "mean": 17.6463451385,
        "stdev": 36.9195976257
    },
    "loudness_ebu128": {
        "integrated": -21.9299564362,
        "loudness_range": 9.51282310486,
        "momentary": {
            "mean": -28.0619564056,
            "stdev": 32.5559158325
        },
        "short_term": {
            "mean": -24.9294128418,
            "stdev": 20.3963603973
        }
    },
    "melbands_crest": {
        "mean": 14.7515058517,
        "stdev": 6.46093416214
    },
    "melbands_flatness_db": {
        "mean": 0.16059987247,
        "stdev": 0.0743405893445
    },
    "melbands_kurtosis": {
        "mean": 18.133234024,
        "stdev": 38.3936042786
    },
    "melbands_skewness": {
        "mean": 2.80044269562,
        "stdev": 2.29540872574
    },
    "melbands_spread": {
        "mean": 44.2270469666,
        "stdev": 40.6537475586
    },
    "pitch_salience": {
        "mean": 0.552373766899,
        "stdev": 0.144418075681
    },
    "silence_rate_20dB": {
        "mean": 1,
        "stdev": 0
    },
    "silence_rate_30dB": {
        "mean": 0.998768091202,
        "stdev": 0.0350775718689
    },
    "silence_rate_60dB": {
        "mean": 0.373960584402,
        "stdev": 0.483863383532
    },
    "spectral_centroid": {
        "mean": 2069.3515625,
        "stdev": 1477.01257324
    },
    "spectral_complexity": {
        "mean": 7.90583610535,
        "stdev": 6.78129482269
    },
    "spectral_decrease": {
        "mean": -1.86359616627e-09,
        "stdev": 2.41196307371e-09
    },
    "spectral_energy": {
        "mean": 0.00863422825933,
        "stdev": 0.0120702888817
    },
    "spectral_energyband_high": {
        "mean": 0.0013238848187,
        "stdev": 0.0033390331082
    },
    "spectral_energyband_low": {
        "mean": 0.00070629210677,
        "stdev": 0.00145692832302
    },
    "spectral_energyband_middle_high": {
        "mean": 0.00318496255204,
        "stdev": 0.00827622227371
    },
    "spectral_energyband_middle_low": {
        "mean": 0.00352825573646,
        "stdev": 0.00442767515779
    },
    "spectral_entropy": {
        "mean": 7.76178598404,
        "stdev": 0.616522312164
    },
    "spectral_flux": {
        "mean": 0.0389559715986,
        "stdev": 0.0341552384198
    },
    "spectral_kurtosis": {
        "mean": 1.94519495964,
        "stdev": 1.96450674534
    },
    "spectral_rms": {
        "mean": 0.00243594008498,
        "stdev": 0.00157791981474
    },
    "spectral_rolloff": {
        "mean": 4087.59960938,
        "stdev": 3743.14428711
    },
    "spectral_skewness": {
        "mean": 1.11983656883,
        "stdev": 0.427495837212
    },
    "spectral_spread": {
        "mean": 7556195.5,
        "stdev": 4546097
    },
    "spectral_strongpeak": {
        "mean": 1.22036075592,
        "stdev": 2.29017543793
    },
    "zerocrossingrate": {
        "mean": 0.133583948016,
        "stdev": 0.0855334699154
    },
    "barkbands": {
        "mean": [4.1162894604e-07, 0.00025261862902, 0.000395648035919, 0.00016976808547, 0.000594424782321, 0.000809970602859, 0.000579352024943, 0.000864075089339, 0.000403369282139, 0.000234015125898, 0.000305809720885, 0.00025194263435, 0.000385309278499, 0.000155278816237, 0.000346789049217, 0.000180197806912, 0.000246895215241, 0.000404087884817, 0.000451364612672, 0.000498106470332, 0.000240235909587, 0.000198487701709, 0.000272502918961, 0.000154449051479, 0.000185011740541, 5.01347021782e-05, 3.96604536945e-06],
        "stdev": [8.5340741407e-07, 0.000631900387816, 0.000853327161167, 0.00040304751019, 0.00124842557125, 0.0016743382439, 0.00127523089759, 0.00275194970891, 0.001148327603, 0.000912082381546, 0.00119048776105, 0.00133307580836, 0.00235016527586, 0.000909286551178, 0.00150719238445, 0.000917871366255, 0.00126381171867, 0.00199759588577, 0.00182825804222, 0.00236751348712, 0.000801296380814, 0.000483411160531, 0.00084709492512, 0.000331726652803, 0.000397452560719, 0.000128186962684, 1.81388568308e-05]
    },
    "erbbands": {
        "mean": [0.0016102680238, 0.0800883322954, 0.470104753971, 0.430678725243, 1.18347895145, 2.06652283669, 4.14142513275, 7.77261590958, 6.91660070419, 11.1172800064, 20.8106327057, 9.87701702118, 8.25812721252, 10.5789632797, 9.58598995209, 11.6043796539, 16.0044651031, 11.1999006271, 13.3543548584, 14.9288492203, 10.5193367004, 13.9881658554, 24.7546844482, 23.6483516693, 24.0392131805, 18.7292709351, 13.1485538483, 7.73056507111, 6.30487632751, 9.39504146576, 7.20096063614, 4.44897031784, 2.12234163284, 1.85650348663, 1.38782429695, 0.334393590689, 0.0778779014945, 0.0110009843484, 0.000607885187492, 3.10084324155e-05],
        "stdev": [0.00304941390641, 0.198319479823, 1.07877218723, 0.733760714531, 2.97739005089, 5.38143444061, 8.98363876343, 17.965089798, 12.4353599548, 23.5622768402, 72.0079879761, 23.9274902344, 32.3123474121, 34.0588607788, 45.7159309387, 59.1339683533, 83.5970840454, 61.047077179, 47.7501983643, 60.6803321838, 38.6439971924, 74.2841186523, 131.744552612, 104.299835205, 85.782989502, 87.1997070312, 53.8135299683, 22.7612934113, 19.059431076, 23.3101615906, 23.216676712, 11.7536792755, 4.49931907654, 4.05041503906, 2.95307540894, 0.810712039471, 0.206660196185, 0.0343060195446, 0.00333519652486, 8.91631716513e-05]
    },
    "gfcc": {
        "mean": [-78.0356063843, 23.6800441742, -97.5472640991, 31.754491806, -83.4183349609, 5.10161685944, -45.3007926941, 12.8275756836, -31.2544517517, 4.41355133057, -16.6957893372, 2.32176041603, -20.9595680237],
        "cov": [[23513.9492188, 530.130737305, -3160.1315918, 376.44229126, -1454.84838867, 317.373413086, -1020.93719482, 190.632156372, -593.872436523, 175.714553833, -324.583068848, 54.5639190674, -214.195999146], [530.130737305, 1159.5916748, 37.3550834656, -251.534942627, -32.5242271423, -55.8394393921, -26.0117530823, -17.8382530212, -5.536008358, -5.9587059021, -29.3095741272, -2.70663928986, -0.780837237835], [-3160.1315918, 37.3550834656, 1924.91625977, 444.735076904, 57.6044311523, 86.3844604492, 159.494354248, 108.313224792, 26.3802509308, -29.9728450775, -31.5216941833, 16.600692749, -35.7197341919], [376.44229126, -251.534942627, 444.735076904, 685.345275879, 69.4523773193, 134.222839355, 61.1306495667, 55.9990386963, -37.638759613, -29.1532421112, -30.0555973053, 1.43545424938, -29.3959846497], [-1454.84838867, -32.5242271423, 57.6044311523, 69.4523773193, 461.508361816, 159.273773193, 98.6759033203, -45.1015167236, 68.175567627, 2.01480078697, 0.375057607889, -7.1220407486, 34.047996521], [317.373413086, -55.8394393921, 86.3844604492, 134.222839355, 159.273773193, 322.987915039, 45.049949646, 37.1774864197, 25.5498065948, 48.065952301, -29.7005138397, 7.38776636124, 5.84204626083], [-1020.93719482, -26.0117530823, 159.494354248, 61.1306495667, 98.6759033203, 45.049949646, 204.780181885, 79.976524353, 65.9305343628, -11.3036956787, 21.9394226074, -26.816318512, -11.1823358536], [190.632156372, -17.8382530212, 108.313224792, 55.9990386963, -45.1015167236, 37.1774864197, 79.976524353, 173.475723267, 69.3992767334, 34.0212745667, 7.24887561798, -15.5237417221, -25.5078105927], [-593.872436523, -5.536008358, 26.3802509308, -37.638759613, 68.175567627, 25.5498065948, 65.9305343628, 69.3992767334, 150.832214355, 62.8830223083, 26.1605758667, -13.3853693008, -3.28961658478], [175.714553833, -5.9587059021, -29.9728450775, -29.1532421112, 2.01480078697, 48.065952301, -11.3036956787, 34.0212745667, 62.8830223083, 113.015815735, 47.8843307495, 12.9104995728, -16.1986351013], [-324.583068848, -29.3095741272, -31.5216941833, -30.0555973053, 0.375057607889, -29.7005138397, 21.9394226074, 7.24887561798, 26.1605758667, 47.8843307495, 114.736801147, 41.6693191528, 1.43990755081], [54.5639190674, -2.70663928986, 16.600692749, 1.43545424938, -7.1220407486, 7.38776636124, -26.816318512, -15.5237417221, -13.3853693008, 12.9104995728, 41.6693191528, 93.3883209229, 59.2041854858], [-214.195999146, -0.780837237835, -35.7197341919, -29.3959846497, 34.047996521, 5.84204626083, -11.1823358536, -25.5078105927, -3.28961658478, -16.1986351013, 1.43990755081, 59.2041854858, 117.761909485]],
        "icov": [[0.000189788930584, -0.000161603049492, 0.000389971508412, -0.000344528176356, 0.00043256522622, -0.000341731065419, 0.000549007905647, -0.000559175910894, 0.000480707094539, -0.000316208228469, 0.000518293178175, -0.00040629869909, 0.000367177563021], [-0.000161603049492, 0.00111796916462, -0.000442782766186, 0.000756128574722, -0.000437541340943, 0.00040197497583, -0.000510683341417, 0.000415048853029, -0.000236688705627, 0.00013529433636, 7.40382820368e-05, 1.72010641108e-05, -8.16675237729e-05], [0.000389971508412, -0.000442782766186, 0.00148641178384, -0.00113317999057, 0.000906563072931, -0.000592939730268, 0.000614490010776, -0.00120121869259, 0.000826605537441, -0.000633444346022, 0.00155589939095, -0.00162786396686, 0.00117517181206], [-0.000344528176356, 0.000756128574722, -0.00113317999057, 0.00287465215661, -0.00111321208533, 4.51996720585e-06, -0.0010249823099, 0.0002153457026, 0.000114420217869, 0.00109588855412, -0.000685418781359, 0.000131838853122, 0.000119202944916], [0.00043256522622, -0.000437541340943, 0.000906563072931, -0.00111321208533, 0.00498910993338, -0.00280369957909, -0.000316057848977, 0.00177731632721, -0.00143681780901, 0.000378741970053, 0.000418598472606, 7.96225722297e-05, -0.000200629947358], [-0.000341731065419, 0.00040197497583, -0.000592939730268, 4.51996720585e-06, -0.00280369957909, 0.00624143471941, -0.00229223351926, -0.000177684283699, 0.00116116728168, -0.00422891741619, 0.00307484273799, -0.00143420032691, -0.000418618466938], [0.000549007905647, -0.000510683341417, 0.000614490010776, -0.0010249823099, -0.000316057848977, -0.00229223351926, 0.0118327438831, -0.00573283201084, -0.00138374057133, 0.00509497895837, -0.00403908872977, 0.00290543609299, 0.000263544090558], [-0.000559175910894, 0.000415048853029, -0.00120121869259, 0.0002153457026, 0.00177731632721, -0.000177684283699, -0.00573283201084, 0.0126747041941, -0.00570665067062, -0.00055367173627, -0.000193722458789, 0.000611975672655, -0.000169822160387], [0.000480707094539, -0.000236688705627, 0.000826605537441, 0.000114420217869, -0.00143681780901, 0.00116116728168, -0.00138374057133, -0.00570665067062, 0.0157570019364, -0.00955408997834, 0.0023527177982, 0.00150857237168, -0.00151882995851], [-0.000316208228469, 0.00013529433636, -0.000633444346022, 0.00109588855412, 0.000378741970053, -0.00422891741619, 0.00509497895837, -0.00055367173627, -0.00955408997834, 0.0217542108148, -0.00984933134168, 0.000368010107195, 0.00263224286027], [0.000518293178175, 7.40382820368e-05, 0.00155589939095, -0.000685418781359, 0.000418598472606, 0.00307484273799, -0.00403908872977, -0.000193722458789, 0.0023527177982, -0.00984933134168, 0.0201330780983, -0.0126624377444, 0.00537569029257], [-0.00040629869909, 1.72010641108e-05, -0.00162786396686, 0.000131838853122, 7.96225722297e-05, -0.00143420032691, 0.00290543609299, 0.000611975672655, 0.00150857237168, 0.000368010107195, -0.0126624377444, 0.0270346272737, -0.0140871070325], [0.000367177563021, -8.16675237729e-05, 0.00117517181206, 0.000119202944916, -0.000200629947358, -0.000418618466938, 0.000263544090558, -0.000169822160387, -0.00151882995851, 0.00263224286027, 0.00537569029257, -0.0140871070325, 0.0169483888894]]
    },
    "melbands": {
        "mean": [3.94510789192e-05, 0.000199982561753, 0.00010153529729, 0.000113507601782, 0.000138852206874, 0.000164778597536, 0.000114317568659, 0.000129160311189, 0.000164673823747, 5.52118617634e-05, 3.94089001929e-05, 4.00883400289e-05, 3.2724437915e-05, 2.90302887151e-05, 2.83596182271e-05, 4.17554401793e-05, 1.73631487996e-05, 1.71309002326e-05, 3.05969224428e-05, 1.47753489728e-05, 1.13784963105e-05, 1.42091357702e-05, 1.91187227756e-05, 1.87417008419e-05, 1.95328302652e-05, 1.61723619385e-05, 1.92013303604e-05, 1.13689065984e-05, 8.74314264365e-06, 7.10725635145e-06, 3.37824826602e-06, 3.48852518073e-06, 4.03701324103e-06, 5.46462115381e-06, 3.91976209357e-06, 4.27040276918e-06, 1.97905274035e-06, 1.24806228996e-06, 1.77706363047e-06, 1.50649600528e-06],
        "stdev": [9.21891332837e-05, 0.000462448806502, 0.000191389131942, 0.000267762428848, 0.000282448279904, 0.000362314953236, 0.000219915833441, 0.000277700077277, 0.000567134935409, 0.000144460529555, 0.000162089883815, 0.000133195528178, 0.000137877694215, 0.000138568488183, 0.000190460021258, 0.000284447625745, 0.000103246158687, 7.44609424146e-05, 0.0001561716781, 8.38464620756e-05, 4.46135454695e-05, 8.00094639999e-05, 9.77884119493e-05, 9.44931161939e-05, 9.88612810033e-05, 6.42811937723e-05, 9.9364646303e-05, 6.69769506203e-05, 4.76491295558e-05, 2.77299350273e-05, 1.1239962987e-05, 1.34219744723e-05, 8.83210941538e-06, 1.55146590259e-05, 1.35324971779e-05, 1.43642937473e-05, 4.89778631163e-06, 2.71603062174e-06, 4.42369082521e-06, 3.25746009366e-06]
    },
    "melbands128": {
        "mean": [2.45522613795e-07, 2.39836253968e-06, 2.3706617867e-05, 0.000166963480297, 0.000273528334219, 0.000157199203386, 6.86747953296e-05, 0.000100551784271, 0.000128987201606, 0.000102182908449, 0.00011570067727, 0.000122462006402, 0.000134949907078, 0.000149996994878, 0.000224969320698, 0.000129174892209, 7.75004227762e-05, 0.000112565256131, 0.000186150355148, 9.99270414468e-05, 0.000119549309602, 0.000171441643033, 0.000224359871936, 9.21600076254e-05, 4.65870180051e-05, 5.01780559716e-05, 4.28785751865e-05, 4.68716352771e-05, 2.59090975305e-05, 2.43492086156e-05, 6.06533030805e-05, 4.46291815024e-05, 1.91709659703e-05, 3.93425470975e-05, 2.12617960642e-05, 3.09243332595e-05, 3.30317780026e-05, 2.93907796731e-05, 2.57727697317e-05, 2.9011953302e-05, 7.26075813873e-05, 1.93207451957e-05, 1.48330673255e-05, 1.66370045918e-05, 1.30241924126e-05, 1.88963185792e-05, 1.45262847582e-05, 5.58833016839e-05, 2.12660452235e-05, 7.27378892407e-06, 2.08550172829e-05, 1.51044769154e-05, 6.22467041467e-06, 1.3709725863e-05, 1.4541674318e-05, 1.36534026751e-05, 1.46866605064e-05, 1.08348822323e-05, 1.95646516659e-05, 3.95883325837e-05, 1.37520792123e-05, 7.69981670601e-06, 1.77361453098e-05, 2.69817628578e-05, 1.86330471479e-05, 1.4134243429e-05, 1.33972644107e-05, 2.27974705922e-05, 2.33997998293e-05, 9.69552638708e-06, 6.97501172908e-06, 1.72791005753e-05, 1.17166136988e-05, 4.71515886602e-06, 7.36358833819e-06, 9.99257736112e-06, 5.26158828507e-06, 4.82331915919e-06, 2.87564012069e-06, 1.95933580471e-06, 4.11140263168e-06, 3.84153054256e-06, 2.61100103671e-06, 3.29964723278e-06, 6.27626786809e-06, 6.37716630081e-06, 5.19154173162e-06, 3.18536422128e-06, 4.36942355009e-06, 3.15428223985e-06, 5.59774753128e-06, 3.81667723559e-06, 4.05109585699e-06, 1.42520718782e-06, 1.34857714329e-06, 1.07289508833e-06, 1.19214701044e-06, 1.43189367918e-06, 2.17219189835e-06, 1.7975761466e-06, 1.11657061552e-06, 1.1733681049e-06, 2.28601834351e-06, 2.48143942372e-06, 1.88419301139e-06, 1.00764327726e-06, 6.48839488804e-07, 5.37645007626e-07, 5.79324932914e-07, 5.01470083236e-07, 3.77546541586e-07, 2.59046885276e-07, 2.50605950214e-07, 1.53913759959e-07, 1.01701850497e-07, 9.43159150779e-08, 8.92046045919e-08, 3.99772979165e-08, 2.17549604997e-08, 1.41256322195e-08, 7.55545404019e-09, 4.24303614466e-09, 2.18051998679e-09, 6.46684650274e-10, 1.24427889867e-11, 1.43323276424e-12, 1.42111994915e-12, 1.40633370834e-12],
        "stdev": [4.89695537453e-07, 5.34535683983e-06, 4.22965858888e-05, 0.000435552065028, 0.000674580282066, 0.000313248048769, 0.00013064671657, 0.000260275963228, 0.000393934897147, 0.000298044033116, 0.00044941023225, 0.000352632836439, 0.00037765284651, 0.000412960653193, 0.000634525960777, 0.000311223906465, 0.000234003266087, 0.000259242020547, 0.000556603888981, 0.000277141603874, 0.000451507570688, 0.000655175885186, 0.000950948509853, 0.000408391613746, 0.000164617478731, 0.00021832427592, 0.000210067533772, 0.000272210367257, 0.00015535960847, 0.000131195774884, 0.000237407570239, 0.000214614672586, 0.000118371608551, 0.000302109285258, 0.00019134618924, 0.000193697720533, 0.000265542126726, 0.000338932411978, 0.000218215194764, 0.000160235373187, 0.000625858549029, 0.00020270422101, 0.00012681496446, 0.000130840955535, 0.000105529004941, 0.000118082760309, 8.33053927636e-05, 0.000335969933076, 0.00013280530402, 6.24982931186e-05, 0.000167250880622, 0.000100071039924, 4.57442838524e-05, 7.75224834797e-05, 9.07638604986e-05, 0.000110980741738, 0.000167879363289, 9.31100512389e-05, 0.000128429455799, 0.000302793690935, 0.000102599413367, 5.34612263436e-05, 0.000144168472616, 0.000181280687684, 0.000133232038934, 8.3287632151e-05, 7.70362021285e-05, 0.000126984217786, 0.000173115549842, 9.56197254709e-05, 4.53481989098e-05, 0.000163988108397, 0.000104572172859, 2.95493973681e-05, 4.56074594695e-05, 5.76506463403e-05, 2.33733280766e-05, 2.3203829187e-05, 1.40778602145e-05, 9.25851418287e-06, 1.69584709511e-05, 2.15528525587e-05, 8.32701152831e-06, 8.33181547932e-06, 1.75011864485e-05, 2.08748424484e-05, 2.18298337131e-05, 9.84246162261e-06, 2.08039073186e-05, 1.06218521978e-05, 3.22974447045e-05, 1.19246833492e-05, 1.20237264127e-05, 4.33494096796e-06, 5.84274539506e-06, 2.98371560348e-06, 2.64069490186e-06, 3.34306650984e-06, 5.8211949181e-06, 5.34089986104e-06, 3.02069156533e-06, 2.6939487725e-06, 5.49588457943e-06, 5.41757208339e-06, 4.50509105576e-06, 2.55215741163e-06, 1.83446502433e-06, 1.25917699734e-06, 1.51985648245e-06, 1.54552219556e-06, 1.22669416669e-06, 7.29878308903e-07, 7.15195426437e-07, 4.31053706507e-07, 2.96912730846e-07, 4.13758073137e-07, 2.88248912739e-07, 2.31005785167e-07, 2.08774721955e-07, 1.35864070216e-07, 1.01026643051e-07, 6.49039293421e-08, 2.47807925291e-08, 9.17655107457e-09, 1.89764717828e-10, 3.25866438868e-12, 3.22160657526e-12, 3.19890186389e-12]
    },
    "mfcc": {
        "mean": [-720.050292969, 58.3227272034, 26.2525100708, 22.0545101166, -10.0556154251, -10.0506505966, -5.95914840698, -0.396079778671, -11.5103111267, -1.43765628338, 0.269732385874, -2.29367804527, 2.45116329193],
        "cov": [[9484.47753906, 225.449493408, -1183.89221191, -254.492538452, -163.168838501, -22.2809181213, -230.755599976, -153.254867554, -132.064147949, 25.5740966797, -158.470184326, -101.880485535, -18.5120868683], [225.449493408, 1259.96887207, 41.037273407, -181.190460205, -26.9717063904, -76.3391113281, -78.9796600342, -63.9857444763, -11.8236436844, -45.8579406738, -3.06189084053, -49.0152893066, -10.4967861176], [-1183.89221191, 41.037273407, 1403.75439453, 364.672698975, 110.303688049, 64.8133010864, 139.549621582, 136.521133423, 85.8976211548, 2.2562212944, 94.5463027954, 26.403842926, 14.0380210876], [-254.492538452, -181.190460205, 364.672698975, 418.682403564, 84.1453933716, 57.9124298096, 98.8168487549, 90.6033325195, 20.0787353516, 21.353729248, 14.9559783936, 18.9513702393, 3.46033191681], [-163.168838501, -26.9717063904, 110.303688049, 84.1453933716, 269.349243164, 180.536056519, 61.125869751, 46.6950874329, 69.470161438, -4.52423381805, 26.5631141663, 20.3633441925, 13.6690979004], [-22.2809181213, -76.3391113281, 64.8133010864, 57.9124298096, 180.536056519, 260.622192383, 85.0343093872, 49.6031608582, 61.5785102844, 1.83709204197, 19.2596282959, 10.7518625259, -4.50311803818], [-230.755599976, -78.9796600342, 139.549621582, 98.8168487549, 61.125869751, 85.0343093872, 150.192169189, 86.0901947021, 32.0378875732, 24.2806415558, 23.208946228, 14.5778532028, 7.45866155624], [-153.254867554, -63.9857444763, 136.521133423, 90.6033325195, 46.6950874329, 49.6031608582, 86.0901947021, 129.366699219, 76.6110229492, 35.7011795044, 22.7134895325, 11.1341915131, 10.944984436], [-132.064147949, -11.8236436844, 85.8976211548, 20.0787353516, 69.470161438, 61.5785102844, 32.0378875732, 76.6110229492, 145.569671631, 65.6034240723, 37.6713943481, 8.88724994659, 5.86470556259], [25.5740966797, -45.8579406738, 2.2562212944, 21.353729248, -4.52423381805, 1.83709204197, 24.2806415558, 35.7011795044, 65.6034240723, 130.322479248, 74.6342086792, 33.7520217896, 10.3388090134], [-158.470184326, -3.06189084053, 94.5463027954, 14.9559783936, 26.5631141663, 19.2596282959, 23.208946228, 22.7134895325, 37.6713943481, 74.6342086792, 149.628814697, 92.1973876953, 22.6075401306], [-101.880485535, -49.0152893066, 26.403842926, 18.9513702393, 20.3633441925, 10.7518625259, 14.5778532028, 11.1341915131, 8.88724994659, 33.7520217896, 92.1973876953, 139.055175781, 65.5201568604], [-18.5120868683, -10.4967861176, 14.0380210876, 3.46033191681, 13.6690979004, -4.50311803818, 7.45866155624, 10.944984436, 5.86470556259, 10.3388090134, 22.6075401306, 65.5201568604, 125.123283386]],
        "icov": [[0.000125821214169, -3.50676564267e-05, 9.21590908547e-05, -4.23720084655e-05, 6.6264095949e-05, -0.000156942172907, 0.000218605666305, -0.000108212414489, 0.000163343604072, -0.000185834462172, 9.95394730126e-05, 4.57740934507e-05, -4.4202322897e-05], [-3.50676564267e-05, 0.000933489645831, -0.000161756077432, 0.000433985842392, -0.000217656532186, 0.000358567660442, 4.8320285714e-05, 0.000248430791544, -0.000203758376301, 0.000432227156125, -0.000499091809615, 0.000557481194846, -0.000136568647576], [9.21590908547e-05, -0.000161756077432, 0.00120278005488, -0.00101090082899, 0.000162944474141, 0.000127278646687, -0.000357291311957, -0.000106961160782, -0.000686919142026, 0.00110503367614, -0.00131227599923, 0.000711920205504, -0.000284287263639], [-4.23720084655e-05, 0.000433985842392, -0.00101090082899, 0.00416776398197, -0.00132662255783, 0.000389757362427, -0.000518061977345, -0.00200686859898, 0.00201847078279, -0.00161041598767, 0.00152608496137, -0.000927477492951, 0.00064206920797], [6.6264095949e-05, -0.000217656532186, 0.000162944474141, -0.00132662255783, 0.00816433876753, -0.00491476617754, 6.46186745143e-05, 0.00100742280483, -0.00297608715482, 0.00248632673174, -0.00133489072323, 0.00019930358394, -0.00107993953861], [-0.000156942172907, 0.000358567660442, 0.000127278646687, 0.000389757362427, -0.00491476617754, 0.00876438152045, -0.00400790851563, 0.0014986556489, -0.00205451576039, 0.00131174142007, -0.000300511717796, -0.000232606311329, 0.0011059724493], [0.000218605666305, 4.8320285714e-05, -0.000357291311957, -0.000518061977345, 6.46186745143e-05, -0.00400790851563, 0.0147436829284, -0.00958785228431, 0.00511972559616, -0.0026979050599, 0.000177974085091, 0.000157157846843, -0.000232181773754], [-0.000108212414489, 0.000248430791544, -0.000106961160782, -0.00200686859898, 0.00100742280483, 0.0014986556489, -0.00958785228431, 0.0203028842807, -0.0102435415611, 0.00195584469475, -0.000140382559039, 0.000118214607937, -0.000906235654838], [0.000163343604072, -0.000203758376301, -0.000686919142026, 0.00201847078279, -0.00297608715482, -0.00205451576039, 0.00511972559616, -0.0102435415611, 0.0169636625797, -0.00809132680297, 0.00120023346972, 0.000819165841676, 9.80059921858e-05], [-0.000185834462172, 0.000432227156125, 0.00110503367614, -0.00161041598767, 0.00248632673174, 0.00131174142007, -0.0026979050599, 0.00195584469475, -0.00809132680297, 0.0167654119432, -0.00896338187158, 0.00256496993825, -0.00103501370177], [9.95394730126e-05, -0.000499091809615, -0.00131227599923, 0.00152608496137, -0.00133489072323, -0.000300511717796, 0.000177974085091, -0.000140382559039, 0.00120023346972, -0.00896338187158, 0.018649218604, -0.0118847545236, 0.00375275546685], [4.57740934507e-05, 0.000557481194846, 0.000711920205504, -0.000927477492951, 0.00019930358394, -0.000232606311329, 0.000157157846843, 0.000118214607937, 0.000819165841676, 0.00256496993825, -0.0118847545236, 0.0182013008744, -0.00768452556804], [-4.4202322897e-05, -0.000136568647576, -0.000284287263639, 0.00064206920797, -0.00107993953861, 0.0011059724493, -0.000232181773754, -0.000906235654838, 9.80059921858e-05, -0.00103501370177, 0.00375275546685, -0.00768452556804, 0.0116659877822]]
    },
    "spectral_contrast_coeffs": {
        "mean": [-0.708706378937, -0.723435938358, -0.75210416317, -0.785318613052, -0.781338572502, -0.783564507961],
        "stdev": [0.0931555628777, 0.101348862052, 0.091183103621, 0.0863159373403, 0.0683259516954, 0.0426977537572]
    },
    "spectral_contrast_valleys": {
        "mean": [-8.46998691559, -8.08586215973, -9.09356212616, -9.48682308197, -8.51349163055, -10.2378168106],
        "stdev": [2.51452994347, 2.53349471092, 2.42778873444, 2.42966079712, 2.47108435631, 2.25308394432]
    }
},
"rhythm": {
    "beats_count": 584,
    "beats_loudness": {
        "mean": 0.0138413626701,
        "stdev": 0.0139354206622
    },
    "bpm": 117.451622009,
    "bpm_histogram_first_peak_bpm": 117,
    "bpm_histogram_first_peak_weight": 0.48818898201,
    "bpm_histogram_second_peak_bpm": 112,
    "bpm_histogram_second_peak_spread": 0.222222208977,
    "bpm_histogram_second_peak_weight": 0.0600343048573,
    "danceability": 1.07868480682,
    "onset_rate": 3.62437605858,
    "beats_loudness_band_ratio": {
        "mean": [0.207029804587, 0.175356701016, 0.198659896851, 0.078475959599, 0.0713244006038, 0.294232010841],
        "stdev": [0.198030725121, 0.160139724612, 0.192358106375, 0.112154714763, 0.102833278477, 0.210715696216]
    },
    "beats_position": [0.510838985443, 1.03328800201, 1.54412698746, 2.06657600403, 2.58902478218, 3.09986400604, 3.61070299149, 4.13315200806, 4.66721057892, 5.20126962662, 5.72371864319, 6.24616765976, 6.7570066452, 7.26784563065, 7.77868461609, 8.28952407837, 8.78875255585, 9.287981987, 9.78721046448, 10.2864398956, 10.7972784042, 11.3081178665, 11.8189563751, 12.3297958374, 12.8290243149, 13.328253746, 13.8390922546, 14.3267116547, 14.8259410858, 15.3135595322, 15.8011789322, 16.3004074097, 16.8112468719, 17.3220863342, 17.8213157654, 18.3205432892, 18.8197727203, 19.3190021515, 19.8298416138, 20.3406791687, 20.851518631, 21.3507480621, 21.8499774933, 22.3608150482, 22.8716545105, 23.3708839417, 23.8701133728, 24.3809528351, 24.89179039, 25.4026298523, 25.9134693146, 26.4126987457, 26.9235363007, 27.4343757629, 27.9568252563, 28.4792747498, 29.0017223358, 29.500951767, 30.0001811981, 30.4994106293, 31.0102481842, 31.5094776154, 32.0203170776, 32.5311546326, 33.0419960022, 33.5528335571, 34.0636711121, 34.5745124817, 35.0737419128, 35.572971344, 36.0838088989, 36.5830383301, 37.0822677612, 37.5814971924, 38.0807266235, 38.5915641785, 39.0907936096, 39.5900230408, 40.1008605957, 40.6000900269, 41.099319458, 41.5985488892, 42.0977783203, 42.6086158752, 43.1426734924, 43.6651229858, 44.1991844177, 44.7216300964, 45.2440795898, 45.7665290833, 46.3005905151, 46.8230361938, 47.3687057495, 47.8911552429, 48.4019927979, 48.9128341675, 49.4120635986, 49.9229011536, 50.4337387085, 50.9445800781, 51.4554176331, 51.9662590027, 52.4770965576, 52.9763259888, 53.4755554199, 53.9863929749, 54.4972343445, 55.0080718994, 55.5189094543, 56.029750824, 56.5405883789, 57.0398178101, 57.5390472412, 58.0382766724, 58.5375061035, 59.0483436584, 59.5591812134, 60.0584106445, 60.5576400757, 61.0684814453, 61.5793190002, 62.0901565552, 62.6009979248, 63.1118354797, 63.6110649109, 64.1102905273, 64.6095199585, 65.1087493896, 65.6195907593, 66.1304321289, 66.6412658691, 67.1521072388, 67.6629486084, 68.1737823486, 68.6846237183, 69.1954650879, 69.7062988281, 70.2287521362, 70.7511978149, 71.2620391846, 71.7844848633, 72.3069381714, 72.817779541, 73.3286132812, 73.8394546509, 74.338684082, 74.8379135132, 75.3487548828, 75.8712005615, 76.3936462402, 76.9160995483, 77.461769104, 78.0074386597, 78.5531082153, 79.098777771, 79.6560516357, 80.2017211914, 80.712562561, 81.2117919922, 81.7110214233, 82.2102508545, 82.7094802856, 83.2087097168, 83.7079315186, 84.2071609497, 84.7063903809, 85.2172317505, 85.7280731201, 86.2389068604, 86.74974823, 87.2605895996, 87.7598190308, 88.2590484619, 88.7698822021, 89.2807235718, 89.7915649414, 90.2907943726, 90.7900238037, 91.2892532349, 91.788482666, 92.2993164062, 92.8101577759, 93.3209991455, 93.8318328857, 94.3426742554, 94.853515625, 95.3527450562, 95.8519744873, 96.3628082275, 96.8736495972, 97.3844909668, 97.9069366455, 98.4293823242, 98.9402236938, 99.4510650635, 99.9619064331, 100.472740173, 100.983581543, 101.494422913, 102.005256653, 102.516098022, 103.015327454, 103.514556885, 104.025398254, 104.547843933, 105.070289612, 105.59274292, 106.115188599, 106.626029968, 107.136871338, 107.647705078, 108.158546448, 108.64616394, 109.15700531, 109.656234741, 110.155464172, 110.643081665, 111.130699158, 111.641540527, 112.152381897, 112.651611328, 113.15083313, 113.638458252, 114.137687683, 114.648521423, 115.170974731, 115.681808472, 116.192649841, 116.703491211, 117.214332581, 117.725166321, 118.247619629, 118.770065308, 119.292518616, 119.791740417, 120.302581787, 120.813423157, 121.324264526, 121.846710205, 122.345939636, 122.856781006, 123.367614746, 123.866844177, 124.377685547, 124.876914978, 125.387756348, 125.886978149, 126.397819519, 126.89704895, 127.396278381, 127.895507812, 128.406341553, 128.905578613, 129.416412354, 129.915649414, 130.414871216, 130.937316895, 131.459777832, 131.982223511, 132.504669189, 133.027114868, 133.549560547, 134.060409546, 134.582855225, 135.093688965, 135.604537964, 136.103759766, 136.591384888, 137.102218628, 137.613052368, 138.135513306, 138.646347046, 139.168792725, 139.691238403, 140.202087402, 140.712921143, 141.223754883, 141.734603882, 142.233825684, 142.733062744, 143.243896484, 143.743133545, 144.242355347, 144.753189087, 145.264038086, 145.774871826, 146.297317505, 146.808166504, 147.330612183, 147.8646698, 148.387115479, 148.897949219, 149.408798218, 149.919631958, 150.430480957, 150.941314697, 151.440536499, 151.951385498, 152.462219238, 152.973052979, 153.483901978, 153.994735718, 154.505569458, 155.016418457, 155.538864136, 156.061309814, 156.583755493, 157.094604492, 157.605438232, 158.127883911, 158.63873291, 159.14956665, 159.660400391, 160.17124939, 160.68208313, 161.19291687, 161.715377808, 162.226211548, 162.748657227, 163.271102905, 163.793563843, 164.316009521, 164.8384552, 165.337677002, 165.860137939, 166.37097168, 166.88180542, 167.392654419, 167.903488159, 168.40272522, 168.901947021, 169.412780762, 169.923629761, 170.422851562, 170.933700562, 171.444534302, 171.96697998, 172.477813721, 172.98866272, 173.511108398, 174.033554077, 174.555999756, 175.078460693, 175.589294434, 176.100128174, 176.610977173, 177.121810913, 177.632644653, 178.143493652, 178.654327393, 179.153549194, 179.664398193, 180.186843872, 180.709289551, 181.231735229, 181.742584229, 182.253417969, 182.775863647, 183.286712646, 183.809158325, 184.319992065, 184.842453003, 185.364898682, 185.875732422, 186.398178101, 186.920639038, 187.431472778, 187.942306519, 188.453155518, 188.963989258, 189.474822998, 189.997268677, 190.519729614, 191.030563354, 191.553009033, 192.075454712, 192.586303711, 193.097137451, 193.61958313, 194.142044067, 194.652877808, 195.163711548, 195.686157227, 196.197006226, 196.719451904, 197.241897583, 197.752746582, 198.275192261, 198.786026001, 199.296859741, 199.80770874, 200.306930542, 200.806167603, 201.317001343, 201.827835083, 202.338684082, 202.849517822, 203.360351562, 203.859588623, 204.370422363, 204.869659424, 205.368881226, 205.868118286, 206.378952026, 206.889785767, 207.400634766, 207.911468506, 208.422302246, 208.921539307, 209.432373047, 209.943222046, 210.454055786, 210.953277588, 211.464126587, 211.974960327, 212.497406006, 213.019866943, 213.542312622, 214.064758301, 214.575592041, 215.098052979, 215.620498657, 216.142944336, 216.665390015, 217.187835693, 217.710296631, 218.23274231, 218.755187988, 219.266021729, 219.788482666, 220.310928345, 220.833374023, 221.355819702, 221.866668701, 222.365890503, 222.876724243, 223.375961304, 223.863571167, 224.362808228, 224.85043335, 225.349655151, 225.848892212, 226.359725952, 226.870559692, 227.381408691, 227.880630493, 228.391464233, 228.913925171, 229.424758911, 229.935592651, 230.434829712, 230.945663452, 231.456497192, 231.97895813, 232.501403809, 233.012237549, 233.523086548, 234.033920288, 234.544754028, 235.055603027, 235.566436768, 236.088882446, 236.599716187, 237.122177124, 237.656234741, 238.132247925, 238.60824585, 239.072647095, 239.560272217, 240.059494019, 240.558731079, 241.046340942, 241.533966064, 242.021575928, 242.532424927, 243.031646729, 243.530883789, 244.041717529, 244.54095459, 245.040176392, 245.551010132, 246.050247192, 246.561080933, 247.060317993, 247.571151733, 248.081985474, 248.592834473, 249.103668213, 249.614501953, 250.113739014, 250.612960815, 251.112197876, 251.623031616, 252.122268677, 252.621490479, 253.143936157, 253.654785156, 254.165618896, 254.676452637, 255.187301636, 255.698135376, 256.208984375, 256.719818115, 257.253875732, 257.77633667, 258.29876709, 258.821228027, 259.343658447, 259.877716064, 260.411773682, 260.945831299, 261.479919434, 262.013977051, 262.536407471, 263.058868408, 263.569702148, 264.092163086, 264.614593506, 265.148651123, 265.671112061, 266.19354248, 266.704406738, 267.215240479, 267.737670898, 268.260131836, 268.794189453, 269.316650391, 269.839080811, 270.361541748, 270.883972168, 271.394836426, 271.917266846, 272.439727783, 272.950561523, 273.461395264, 273.972229004, 274.483093262, 274.993927002, 275.504760742, 276.015594482, 276.526428223, 277.037261963, 277.5597229, 278.082183838, 278.616241455, 279.150299072, 279.684356689, 280.206787109, 280.740844727, 281.274902344, 281.808959961, 282.343048096, 282.865478516, 283.399536133, 283.93359375, 284.467651367, 285.001708984, 285.535766602, 286.069824219, 286.603881836, 287.137939453, 287.672027588, 288.206085205, 288.740142822, 289.274200439, 289.808258057, 290.330688477, 290.853149414, 291.398803711, 291.944488525, 292.50177002, 293.070648193, 293.639526367, 294.220031738, 294.835357666, 295.450683594, 296.100860596, 296.75100708, 297.436004639, 298.121002197, 298.805969238, 299.479370117, 300.152740479, 300.82611084],
    "bpm_histogram": [0, 0, 0, 0, 0, 0, 0, 0, 0, 0, 0, 0, 0, 0, 0, 0, 0, 0, 0, 0, 0, 0, 0, 0, 0, 0, 0, 0, 0, 0, 0, 0, 0, 0, 0, 0, 0, 0, 0, 0, 0, 0, 0, 0, 0, 0, 0, 0, 0, 0, 0, 0, 0, 0, 0, 0, 0, 0, 0, 0, 0, 0, 0, 0, 0, 0, 0, 0, 0, 0, 0, 0, 0, 0, 0, 0, 0, 0, 0, 0, 0, 0, 0, 0, 0, 0, 0, 0, 0.00514579750597, 0.00514579750597, 0, 0, 0.00343053182587, 0, 0, 0, 0, 0, 0.00343053182587, 0, 0, 0, 0, 0.00171526591294, 0, 0.00343053182587, 0, 0, 0.00343053182587, 0, 0.0137221273035, 0, 0.0600343048573, 0, 0, 0.217838764191, 0, 0.445969134569, 0, 0, 0.207547172904, 0, 0, 0.0240137223154, 0, 0, 0.00343053182587, 0, 0, 0.00171526591294, 0, 0, 0, 0, 0, 0, 0, 0, 0, 0, 0, 0, 0, 0, 0, 0, 0, 0, 0, 0, 0, 0, 0, 0, 0, 0, 0, 0, 0, 0, 0, 0, 0, 0, 0, 0, 0, 0, 0, 0, 0, 0, 0, 0, 0, 0, 0, 0, 0, 0, 0, 0, 0, 0, 0, 0, 0, 0, 0, 0, 0, 0, 0, 0, 0, 0, 0, 0, 0, 0, 0, 0, 0, 0, 0, 0, 0, 0, 0, 0, 0, 0, 0, 0, 0, 0, 0, 0, 0, 0, 0, 0, 0, 0, 0, 0, 0, 0, 0, 0, 0, 0, 0, 0, 0, 0, 0, 0, 0, 0, 0, 0, 0, 0, 0, 0, 0, 0, 0, 0]
},
"tonal": {
    "chords_changes_rate": 0.0769822970033,
    "chords_number_rate": 0.00261739804409,
    "chords_strength": {
        "mean": 0.426052421331,
        "stdev": 0.186161205173
    },
    "hpcp_crest": {
        "mean": 17.6588382721,
        "stdev": 9.12400627136
    },
    "hpcp_entropy": {
        "mean": 1.51279067993,
        "stdev": 0.855860173702
    },
    "key_edma": {
        "strength": 0.637577414513,
        "key": "A#",
        "scale": "major"
    },
    "key_krumhansl": {
        "strength": 0.651417255402,
        "key": "A#",
        "scale": "major"
    },
    "key_temperley": {
        "strength": 0.667864501476,
        "key": "A#",
        "scale": "major"
    },
    "tuning_diatonic_strength": 0.446992784739,
    "tuning_equal_tempered_deviation": 0.0489154420793,
    "tuning_frequency": 437.718536377,
    "tuning_nontempered_energy_ratio": 0.703081071377,
    "hpcp": {
        "mean": [0.120432659984, 0.0839442685246, 0.104889579117, 0.220139652491, 0.182786941528, 0.0681690871716, 0.0436029136181, 0.0354608222842, 0.0689308047295, 0.134820133448, 0.103083051741, 0.0640749111772, 0.0839860364795, 0.0632708668709, 0.0780682563782, 0.142795592546, 0.120292820036, 0.0808197632432, 0.106995813549, 0.087058223784, 0.067750364542, 0.0918325036764, 0.0714982002974, 0.111871942878, 0.220372974873, 0.169436991215, 0.100463189185, 0.11444786936, 0.0786534547806, 0.129408434033, 0.213310301304, 0.145864501595, 0.0862110853195, 0.0983464047313, 0.0951106399298, 0.104676112533],
        "stdev": [0.240249440074, 0.190864428878, 0.19172565639, 0.342201977968, 0.296996295452, 0.158779114485, 0.130707725883, 0.115810938179, 0.154154956341, 0.269526839256, 0.216207444668, 0.157502934337, 0.216529145837, 0.160604894161, 0.163467392325, 0.268548667431, 0.24179507792, 0.166018515825, 0.23430429399, 0.200660660863, 0.167675420642, 0.227355837822, 0.17629340291, 0.195907056332, 0.329847276211, 0.262291491032, 0.200287878513, 0.251356810331, 0.170812174678, 0.216913357377, 0.333090037107, 0.238883212209, 0.188861042261, 0.217140972614, 0.202558219433, 0.199257746339]
    },
    "chords_histogram": [16.0123176575, 8.57582759857, 3.74133944511, 1.61662817001, 5.49653577805, 0.169361039996, 2.06312537193, 0.24634334445, 2.35565829277, 0.24634334445, 2.4480369091, 1.03156268597, 0.338722079992, 0.200153961778, 0.508083164692, 4.5727481842, 2.41724395752, 7.4056968689, 1.18552732468, 5.78906869888, 0.816012322903, 10.8237104416, 6.35873746872, 15.5812158585],
