{
"metadata": {
    "version": {
        "essentia": "2.1-dev",
        "essentia_git_sha": "v2.1_beta3-415-gd5473f3",
        "extractor": "music 2.0"
    },
    "audio_properties": {
        "analysis": {
            "equal_loudness": 0,
            "length": 220.395095825,
            "sample_rate": 44100,
            "start_time": 0,
            "downmix": "mix"
        },
        "bit_rate": 192000,
        "length": 220.395095825,
        "lossless": 0,
        "number_channels": 2,
        "replay_gain": -8.20975112915,
        "sample_rate": 44100,
        "codec": "mp3",
        "md5_encoded": "2fd83dd8858b999b86e0b87273a28d1c"
    },
    "tags": {
        "file_name": "ella_fitzgerald-september_song.mp3",
        "album": ["Women - The Best Jazz Vocals (Disc 2)"],
        "artist": ["Vários"],
        "genre": ["Other"],
        "title": ["September Song"]
    }
},
"lowlevel": {
    "average_loudness": 0.18814279139,
    "barkbands_crest": {
        "mean": 16.1049480438,
        "stdev": 5.61689949036
    },
    "barkbands_flatness_db": {
        "mean": 0.30551981926,
        "stdev": 0.076229095459
    },
    "barkbands_kurtosis": {
        "mean": 29.1045570374,
        "stdev": 57.7788047791
    },
    "barkbands_skewness": {
        "mean": 2.50317287445,
        "stdev": 2.56569004059
    },
    "barkbands_spread": {
        "mean": 5.59477853775,
        "stdev": 10.0803575516
    },
    "dissonance": {
        "mean": 0.35364189744,
        "stdev": 0.0733975172043
    },
    "dynamic_complexity": 5.59064531326,
    "erbbands_crest": {
        "mean": 17.0472869873,
        "stdev": 6.25831222534
    },
    "erbbands_flatness_db": {
        "mean": 0.308195978403,
        "stdev": 0.0688225626945
    },
    "erbbands_kurtosis": {
        "mean": 10.9490594864,
        "stdev": 18.7879600525
    },
    "erbbands_skewness": {
        "mean": 1.98688900471,
        "stdev": 1.71070075035
    },
    "erbbands_spread": {
        "mean": 12.7442264557,
        "stdev": 15.3871870041
    },
    "hfc": {
        "mean": 7.11017417908,
        "stdev": 10.5121259689
    },
    "loudness_ebu128": {
        "integrated": -17.7118244171,
        "loudness_range": 8.46067237854,
        "momentary": {
            "mean": -22.9466533661,
            "stdev": 24.4047222137
        },
        "short_term": {
            "mean": -19.56183815,
            "stdev": 5.10293912888
        }
    },
    "melbands_crest": {
        "mean": 19.8561058044,
        "stdev": 6.66268920898
    },
    "melbands_flatness_db": {
        "mean": 0.40096616745,
        "stdev": 0.0959294736385
    },
    "melbands_kurtosis": {
        "mean": 26.0267906189,
        "stdev": 41.8848762512
    },
    "melbands_skewness": {
        "mean": 2.64753818512,
        "stdev": 2.09230589867
    },
    "melbands_spread": {
        "mean": 8.19606018066,
        "stdev": 21.7639884949
    },
    "pitch_salience": {
        "mean": 0.464424967766,
        "stdev": 0.153666988015
    },
    "silence_rate_20dB": {
        "mean": 1,
        "stdev": 0
    },
    "silence_rate_30dB": {
        "mean": 0.99473297596,
        "stdev": 0.0723837912083
    },
    "silence_rate_60dB": {
        "mean": 0.263457298279,
        "stdev": 0.440519124269
    },
    "spectral_centroid": {
        "mean": 623.923950195,
        "stdev": 1156.24865723
    },
    "spectral_complexity": {
        "mean": 5.47645616531,
        "stdev": 3.16694688797
    },
    "spectral_decrease": {
        "mean": -4.05971478656e-09,
        "stdev": 4.89970997108e-09
    },
    "spectral_energy": {
        "mean": 0.0159672088921,
        "stdev": 0.0193402059376
    },
    "spectral_energyband_high": {
        "mean": 5.47324161744e-05,
        "stdev": 0.000348035770003
    },
    "spectral_energyband_low": {
        "mean": 0.000259480875684,
        "stdev": 0.000598318583798
    },
    "spectral_energyband_middle_high": {
        "mean": 0.000810131547041,
        "stdev": 0.00259886682034
    },
    "spectral_energyband_middle_low": {
        "mean": 0.0151117164642,
        "stdev": 0.0184558797628
    },
    "spectral_entropy": {
        "mean": 5.72207307816,
        "stdev": 0.869087517262
    },
    "spectral_flux": {
        "mean": 0.0355886444449,
        "stdev": 0.0297434721142
    },
    "spectral_kurtosis": {
        "mean": 36.9321517944,
        "stdev": 31.1153945923
    },
    "spectral_rms": {
        "mean": 0.00332892104052,
        "stdev": 0.00212038657628
    },
    "spectral_rolloff": {
        "mean": 873.684570312,
        "stdev": 2157.28369141
    },
    "spectral_skewness": {
        "mean": 4.61567211151,
        "stdev": 2.04994726181
    },
    "spectral_spread": {
        "mean": 3091961.25,
        "stdev": 4105663.5
    },
    "spectral_strongpeak": {
        "mean": 1.12446141243,
        "stdev": 1.08562386036
    },
    "zerocrossingrate": {
        "mean": 0.0307715423405,
        "stdev": 0.0582970827818
    },
    "barkbands": {
        "mean": [4.7033179726e-05, 3.53239884134e-05, 7.62148483773e-05, 0.000447532336693, 0.00397206563503, 0.00629025604576, 0.00182122481056, 0.00106853421312, 0.00108500628266, 0.000541013316251, 8.75372279552e-05, 5.98006554355e-05, 5.99521117692e-05, 6.33452073089e-05, 0.000147482860484, 3.3668748074e-05, 1.46599268191e-05, 2.35576371779e-05, 2.35079169215e-05, 2.52000081673e-05, 1.13709229481e-05, 5.00592614117e-06, 5.61895785722e-06, 8.78296123119e-06, 1.09781531137e-05, 2.52862105299e-06, 1.96988114709e-08],
        "stdev": [2.38449629251e-05, 8.72585660545e-05, 0.000165575431311, 0.0015099310549, 0.00731631508097, 0.0113981077448, 0.00584862614051, 0.00601874245331, 0.00427700998262, 0.00318546476774, 0.000485703378217, 0.000248236232437, 0.000421837088652, 0.000300294486806, 0.000828469579574, 0.000170415762113, 6.65048719384e-05, 0.000100730321719, 0.000120108219562, 0.000133999128593, 0.000117710857012, 4.4099841034e-05, 6.42603990855e-05, 9.1225723736e-05, 0.000110728171421, 2.29967408814e-05, 1.28390894361e-07]
    },
    "erbbands": {
        "mean": [0.00057860306697, 0.0107006393373, 0.0772295296192, 0.81471568346, 5.77897644043, 14.8529033661, 26.5761489868, 62.293170929, 36.7848739624, 24.4828701019, 17.7420921326, 27.6408596039, 27.0819187164, 5.16908454895, 3.9376718998, 2.56398582458, 2.66845774651, 3.430362463, 5.58437776566, 6.57246828079, 1.48752534389, 0.793984651566, 1.11946153641, 1.54334437847, 1.12771761417, 1.12989246845, 0.6203302145, 0.367173850536, 0.197301000357, 0.14510807395, 0.166418328881, 0.157419160008, 0.163307741284, 0.135338112712, 0.0687590017915, 0.0201999843121, 0.00265232520178, 0.00019203928241, 1.29522031784e-05, 1.83631509572e-05],
        "stdev": [0.00105180998798, 0.024784239009, 0.150205433369, 2.26362752914, 13.5784387589, 31.3028869629, 51.1994247437, 123.087257385, 103.95174408, 132.238433838, 61.8774986267, 107.957458496, 149.823959351, 17.2188606262, 20.0793266296, 8.94805240631, 17.1512050629, 14.6619987488, 29.0171470642, 40.2959785461, 6.04568433762, 3.11261940002, 4.85849428177, 8.18770694733, 4.60343980789, 5.92957925797, 5.8104057312, 3.16379880905, 1.76322090626, 1.52083396912, 1.95284676552, 1.95957970619, 1.51914024353, 1.27680110931, 0.680783331394, 0.204684481025, 0.0200540181249, 0.00116348208394, 3.63577491953e-05, 2.20706624532e-05]
    },
    "gfcc": {
        "mean": [-194.678527832, 141.262329102, -86.5599746704, -29.1800403595, -70.4827575684, -20.8205738068, -62.5739212036, 3.34241199493, -30.0354137421, 1.86740374565, -7.12890577316, -6.22248363495, 0.57878524065],
        "cov": [[19271.0390625, -111.89781189, -2620.76660156, 260.237670898, -1056.78735352, -651.438171387, -1295.91467285, 510.21307373, -791.838928223, -20.1737289429, -117.161003113, -543.535766602, 90.8659057617], [-111.89781189, 2037.38574219, 89.9774780273, -791.465881348, 441.403015137, -67.1174316406, 30.3938159943, -203.753707886, 133.735961914, -201.493408203, 50.1737365723, -37.9992904663, -35.7446403503], [-2620.76660156, 89.9774780273, 1295.50744629, 187.30329895, 0.934414148331, 226.242050171, -17.8416786194, -160.946685791, 35.7022628784, -42.9793014526, -124.491333008, 0.265037000179, -124.197387695], [260.237670898, -791.465881348, 187.30329895, 922.578491211, -82.9455108643, 20.7263946533, -27.0123825073, 9.24026489258, -17.809715271, -4.91822099686, -177.139450073, -93.998085022, -87.3143463135], [-1056.78735352, 441.403015137, 0.934414148331, -82.9455108643, 472.134277344, 2.26060533524, 32.9444351196, -54.6200866699, 137.924026489, -51.7215652466, -28.0429077148, -11.4638776779, -46.435256958], [-651.438171387, -67.1174316406, 226.242050171, 20.7263946533, 2.26060533524, 328.939666748, 112.332427979, -16.5861587524, -2.69496774673, 37.5222320557, -70.4910049438, -4.16499185562, -80.7212142944], [-1295.91467285, 30.3938159943, -17.8416786194, -27.0123825073, 32.9444351196, 112.332427979, 388.64465332, 4.98622465134, -11.7158880234, 31.7675704956, 40.287979126, 46.5731315613, -21.5220069885], [510.21307373, -203.753707886, -160.946685791, 9.24026489258, -54.6200866699, -16.5861587524, 4.98622465134, 189.668518066, -46.6051597595, 11.1776952744, 29.9277591705, -7.03047609329, 5.08075284958], [-791.838928223, 133.735961914, 35.7022628784, -17.809715271, 137.924026489, -2.69496774673, -11.7158880234, -46.6051597595, 249.632659912, 16.0112743378, -43.2708587646, 57.9303817749, 11.7507591248], [-20.1737289429, -201.493408203, -42.9793014526, -4.91822099686, -51.7215652466, 37.5222320557, 31.7675704956, 11.1776952744, 16.0112743378, 180.799057007, 43.7978820801, 38.0382232666, 15.9444799423], [-117.161003113, 50.1737365723, -124.491333008, -177.139450073, -28.0429077148, -70.4910049438, 40.287979126, 29.9277591705, -43.2708587646, 43.7978820801, 232.609329224, 62.4388961792, 61.4587211609], [-543.535766602, -37.9992904663, 0.265037000179, -93.998085022, -11.4638776779, -4.16499185562, 46.5731315613, -7.03047609329, 57.9303817749, 38.0382232666, 62.4388961792, 186.582992554, 62.5847549438], [90.8659057617, -35.7446403503, -124.197387695, -87.3143463135, -46.435256958, -80.7212142944, -21.5220069885, 5.08075284958, 11.7507591248, 15.9444799423, 61.4587211609, 62.5847549438, 166.542449951]],
        "icov": [[0.000310764560709, -0.000551732548047, 0.000748173508327, -0.000507257471327, 0.000738015281968, -0.000209043224459, 0.00111767055932, -0.000445593119366, 0.000802875787485, -0.000500872905832, 0.000400808814447, -4.22690354753e-05, 0.000125788268633], [-0.000551732548047, 0.00239823013544, -0.0014708036324, 0.00216608098708, -0.00198131101206, 0.000812589598354, -0.002257874934, 0.00185305974446, -0.0017934642965, 0.00201799813658, -0.000775373948272, 0.000822692876682, 0.000257971521933], [0.000748173508327, -0.0014708036324, 0.00291199027561, -0.00153470248915, 0.00199665199034, -0.00126390357036, 0.0029827374965, -0.000326043576933, 0.00190641463269, -0.000926268403418, 0.000930754235014, -0.000541480898391, 0.000796781911049], [-0.000507257471327, 0.00216608098708, -0.00153470248915, 0.00337154674344, -0.00150734907947, 0.00118970300537, -0.00223442981951, 0.00143507134635, -0.00160936661996, 0.00148119567893, 0.000374468043447, 0.00107495195698, 0.000618223682977], [0.000738015281968, -0.00198131101206, 0.00199665199034, -0.00150734907947, 0.00507035013288, -0.00061602453934, 0.0024025849998, -0.00104261585511, 0.00021600999753, -0.000790519348811, 0.000733471417334, 0.00013341869635, 0.00106786284596], [-0.000209043224459, 0.000812589598354, -0.00126390357036, 0.00118970300537, -0.00061602453934, 0.00511910114437, -0.00218289671466, 0.000345192966051, -0.000257396284724, -0.000728037150111, 0.00143676018342, 2.4702932933e-05, 0.00153481110465], [0.00111767055932, -0.002257874934, 0.0029827374965, -0.00223442981951, 0.0024025849998, -0.00218289671466, 0.00729103339836, -0.00171288882848, 0.00333202863112, -0.00204545003362, 0.00066532153869, -0.0012054805411, 0.000733020482585], [-0.000445593119366, 0.00185305974446, -0.000326043576933, 0.00143507134635, -0.00104261585511, 0.000345192966051, -0.00171288882848, 0.00779743911698, -0.000777189212386, 0.00161126221064, -0.00121658679564, 0.000549391785171, 0.000710518332198], [0.000802875787485, -0.0017934642965, 0.00190641463269, -0.00160936661996, 0.00021600999753, -0.000257396284724, 0.00333202863112, -0.000777189212386, 0.00830703042448, -0.00279142265208, 0.00289219128899, -0.00258010230027, -0.000271867640549], [-0.000500872905832, 0.00201799813658, -0.000926268403418, 0.00148119567893, -0.000790519348811, -0.000728037150111, -0.00204545003362, 0.00161126221064, -0.00279142265208, 0.00852821022272, -0.00241166120395, 9.38035154832e-05, 0.000140625939821], [0.000400808814447, -0.000775373948272, 0.000930754235014, 0.000374468043447, 0.000733471417334, 0.00143676018342, 0.00066532153869, -0.00121658679564, 0.00289219128899, -0.00241166120395, 0.00762646272779, -0.00168679072522, -0.000624366279226], [-4.22690354753e-05, 0.000822692876682, -0.000541480898391, 0.00107495195698, 0.00013341869635, 2.4702932933e-05, -0.0012054805411, 0.000549391785171, -0.00258010230027, 9.38035154832e-05, -0.00168679072522, 0.0083265947178, -0.00209747022018], [0.000125788268633, 0.000257971521933, 0.000796781911049, 0.000618223682977, 0.00106786284596, 0.00153481110465, 0.000733020482585, 0.000710518332198, -0.000271867640549, 0.000140625939821, -0.000624366279226, -0.00209747022018, 0.00904855504632]]
    },
    "melbands": {
        "mean": [9.0657867986e-06, 2.87643542833e-05, 0.000240433917497, 0.000770290556829, 0.000908351037651, 0.00133316766005, 0.000514643616043, 0.00026188659831, 0.000132344139274, 0.000179100286914, 0.000128269835841, 1.80138322321e-05, 1.20122485896e-05, 8.62633351062e-06, 4.01535771744e-06, 7.13857934898e-06, 6.04593560638e-06, 8.34339243738e-06, 1.04153587017e-05, 5.08020139023e-06, 1.26101258502e-06, 8.38789844693e-07, 8.70179633239e-07, 1.07633331936e-06, 1.31087051614e-06, 7.04839123955e-07, 9.48222066199e-07, 6.97774055425e-07, 4.15048873492e-07, 2.87211548766e-07, 1.86317535622e-07, 1.14654007177e-07, 8.04331179438e-08, 8.25099988333e-08, 9.58400363515e-08, 9.23332805769e-08, 9.80363807912e-08, 1.16282620866e-07, 1.09943130155e-07, 1.19056792869e-07],
        "stdev": [1.70361963683e-05, 5.62914792681e-05, 0.000639874720946, 0.00167256535497, 0.00160427729134, 0.00256798043847, 0.00146980653517, 0.00153249967843, 0.000439499301137, 0.000727221369743, 0.000733714783564, 6.41151200398e-05, 6.67835192871e-05, 3.38765421475e-05, 1.40456650115e-05, 5.64488109376e-05, 3.03405849991e-05, 4.73966247228e-05, 7.00549499015e-05, 2.78491661447e-05, 6.62623688186e-06, 3.7397333017e-06, 4.15404110754e-06, 4.78243873658e-06, 7.60224793339e-06, 3.20906792695e-06, 4.5394767767e-06, 4.29303645433e-06, 3.59304817721e-06, 3.53708514922e-06, 1.58024352004e-06, 1.13862984108e-06, 7.18644344033e-07, 9.92203922578e-07, 1.13024498205e-06, 1.1485850564e-06, 1.42883789067e-06, 1.23376150896e-06, 1.12527527563e-06, 1.1339810726e-06]
    },
    "melbands128": {
        "mean": [1.18305724754e-05, 3.45271200786e-06, 7.7372751548e-06, 1.97787176148e-05, 2.53851339949e-05, 4.30666805187e-05, 0.00011347457621, 0.000274437712505, 0.000517840613611, 0.000935108575504, 0.000821356195956, 0.000817452848423, 0.000809416873381, 0.000953846320044, 0.00177312339656, 0.00122929445934, 0.000820559973363, 0.000366689084331, 0.000251043238677, 0.000274578575045, 0.000315701036016, 0.000146692545968, 0.00011401703523, 8.82605745574e-05, 0.000205826218007, 0.000192691630218, 0.000159873015946, 0.000177095163963, 3.91604116885e-05, 1.97345198103e-05, 1.26095237647e-05, 7.68192876421e-06, 1.15030343295e-05, 1.82302610483e-05, 6.9850516411e-06, 7.86752207205e-06, 7.63403022574e-06, 2.26556494454e-06, 2.84956604446e-06, 6.44093688607e-06, 1.06288343886e-05, 4.16368811784e-06, 6.14789132669e-06, 7.30706551622e-06, 4.64835056846e-06, 1.18327816381e-05, 8.0108147813e-06, 7.75384796725e-06, 1.47852988448e-05, 8.70216626936e-06, 3.47355080521e-06, 1.52624113525e-06, 9.61132172961e-07, 1.26375152831e-06, 1.52004838583e-06, 6.50702872917e-07, 4.09556918157e-07, 7.56091253606e-07, 9.94993456516e-07, 1.24565178794e-06, 6.28470388619e-07, 1.18859861686e-06, 2.28420503845e-06, 9.92029640656e-07, 4.08981122746e-07, 8.11859933947e-07, 7.54134873659e-07, 7.81250093951e-07, 1.15669172374e-06, 1.01948717202e-06, 5.04199306306e-07, 7.66007929087e-07, 4.73088761055e-07, 3.07600117821e-07, 3.85617198617e-07, 3.1356182717e-07, 2.2572145042e-07, 2.40049246258e-07, 1.78449440114e-07, 1.41591002034e-07, 1.19255233244e-07, 1.04825531366e-07, 1.00346674969e-07, 7.42214680827e-08, 6.8008446874e-08, 7.28476052814e-08, 9.22382810131e-08, 9.16462710165e-08, 9.43121989394e-08, 1.02483859621e-07, 9.37441200222e-08, 8.81532571384e-08, 9.12576396672e-08, 8.96075178503e-08, 1.11910885892e-07, 1.13396126267e-07, 1.2304582242e-07, 1.08798232645e-07, 1.110168526e-07, 1.08699154566e-07, 1.07582977193e-07, 1.21099418493e-07, 1.36913399729e-07, 1.04939132939e-07, 7.55804450137e-08, 5.49792034121e-08, 4.25409538707e-08, 3.75511746142e-08, 3.9190020118e-08, 2.8553371223e-08, 1.78611792023e-08, 9.11200626064e-09, 4.56647031299e-09, 2.71147770903e-09, 2.26703100736e-09, 1.93839322371e-09, 7.94665666604e-10, 6.95918808691e-11, 2.35292297798e-12, 2.29779541748e-12, 2.2469495882e-12, 2.20500202298e-12, 2.16069436648e-12, 2.12104465935e-12, 2.09558217133e-12, 2.07532819055e-12, 2.06112709365e-12, 2.04818562284e-12],
        "stdev": [9.61865589488e-06, 6.60971227262e-06, 2.21229074668e-05, 5.05562275066e-05, 5.7372781157e-05, 9.60577599471e-05, 0.000371754693333, 0.000972715904936, 0.00151301291771, 0.00279140518978, 0.00236798101105, 0.00221405201592, 0.00225681462325, 0.00247779022902, 0.00400255434215, 0.00362273002975, 0.00340474583209, 0.00145698629785, 0.00159743754193, 0.00195182836615, 0.00255476427265, 0.000675671792123, 0.00053288921481, 0.000574675272219, 0.000914444273803, 0.00112205022015, 0.00120952376164, 0.00120660755783, 0.000241556685069, 8.22289148346e-05, 7.59246759117e-05, 6.84106053086e-05, 0.000101244848338, 0.000113220317871, 5.98857077421e-05, 3.5386889067e-05, 4.00806602556e-05, 1.20855884234e-05, 2.0239602236e-05, 4.95724198117e-05, 0.00011271420226, 2.96116577374e-05, 4.014136357e-05, 5.74812911509e-05, 3.15813304042e-05, 9.65062063187e-05, 6.05433378951e-05, 0.000100688179373, 0.000125367689179, 7.44784774724e-05, 2.30569985433e-05, 1.00579509308e-05, 8.12119924376e-06, 1.06142888399e-05, 8.83172106114e-06, 4.10027678299e-06, 2.81622237708e-06, 6.4369564825e-06, 5.89999262957e-06, 9.00370650925e-06, 3.96884752263e-06, 9.29120051296e-06, 1.59797018568e-05, 8.0813497334e-06, 3.10092536893e-06, 5.37622236152e-06, 4.14515488956e-06, 4.83335361423e-06, 7.87922635936e-06, 5.92677770328e-06, 3.92842639485e-06, 8.29374948808e-06, 4.62636717202e-06, 3.35236541105e-06, 6.08387426837e-06, 5.15603596796e-06, 2.22024368668e-06, 2.6954992336e-06, 1.62145215654e-06, 1.30869989334e-06, 1.60686624895e-06, 1.12333600555e-06, 9.52313541802e-07, 7.16011072655e-07, 6.55015412576e-07, 9.67076061897e-07, 1.20449544738e-06, 1.09552104277e-06, 1.13890575903e-06, 1.35277673508e-06, 1.24261805468e-06, 1.13971725568e-06, 1.2545416439e-06, 1.4270246993e-06, 2.27048485613e-06, 1.40404085869e-06, 1.46497586684e-06, 9.90315129457e-07, 1.18276534522e-06, 1.46601189499e-06, 1.02042054095e-06, 1.00742454379e-06, 1.80803226613e-06, 1.13901626264e-06, 7.05286879565e-07, 6.09270728091e-07, 4.4109629016e-07, 3.57234569037e-07, 5.61914930586e-07, 2.46961093353e-07, 1.34562853304e-07, 7.08892500256e-08, 2.95493585156e-08, 1.66181521877e-08, 1.39483242734e-08, 1.20070193788e-08, 5.3264201938e-09, 5.19203124938e-10, 4.91895716867e-12, 4.79105166998e-12, 4.67725771308e-12, 4.57528199355e-12, 4.48594330085e-12, 4.40896884973e-12, 4.3462308405e-12, 4.29428367865e-12, 4.25688824468e-12, 4.23551558409e-12]
    },
    "mfcc": {
        "mean": [-842.497253418, 184.545013428, 23.8510704041, -5.94640016556, 0.12726418674, -29.0468139648, -15.3436975479, -22.9319286346, -13.3951597214, -5.99758481979, -5.6331281662, -11.3377361298, -1.41832971573],
        "cov": [[7251.92773438, 339.04284668, -1348.60839844, 154.294815063, 203.54598999, -946.191955566, 64.2186965942, -268.198822021, -236.244522095, 154.548171997, -105.808898926, -499.909667969, 27.6582546234], [339.04284668, 2321.97094727, -126.219802856, -492.143798828, 186.495391846, -74.2422943115, -110.995773315, -55.8603096008, -91.010635376, -128.766372681, -13.620303154, -11.9448804855, 17.9939937592], [-1348.60839844, -126.219802856, 1035.34155273, 87.3171844482, -69.3450698853, 303.419525146, -10.7303419113, -9.10717010498, 73.1961898804, -111.443611145, -17.3946495056, 146.377960205, -85.3172073364], [154.294815063, -492.143798828, 87.3171844482, 519.266174316, 105.235145569, 9.44389152527, -49.3285827637, 6.84844303131, 28.1990451813, 16.9669589996, -65.3758773804, -0.948686361313, -26.6599636078], [203.54598999, 186.495391846, -69.3450698853, 105.235145569, 356.050598145, -12.9735651016, -148.710159302, -20.2506141663, 24.1707744598, -18.6517887115, -30.063955307, -34.5524024963, -13.3209915161], [-946.191955566, -74.2422943115, 303.419525146, 9.44389152527, -12.9735651016, 432.327606201, -15.1706342697, 53.2669944763, 93.4969940186, 29.6514930725, 2.61221337318, 84.4515991211, -33.0261421204], [64.2186965942, -110.995773315, -10.7303419113, -49.3285827637, -148.710159302, -15.1706342697, 326.230743408, 35.0579910278, -74.3514709473, 49.4014968872, 48.6688346863, -38.5175170898, 1.39808177948], [-268.198822021, -55.8603096008, -9.10717010498, 6.84844303131, -20.2506141663, 53.2669944763, 35.0579910278, 179.359176636, 41.163520813, 11.3579044342, -2.50929307938, -3.327865839, 9.96309280396], [-236.244522095, -91.010635376, 73.1961898804, 28.1990451813, 24.1707744598, 93.4969940186, -74.3514709473, 41.163520813, 162.296875, 6.22772836685, -30.8908424377, 36.7267150879, -23.6682014465], [154.548171997, -128.766372681, -111.443611145, 16.9669589996, -18.6517887115, 29.6514930725, 49.4014968872, 11.3579044342, 6.22772836685, 187.184783936, 52.5304412842, -66.1668701172, -0.413981467485], [-105.808898926, -13.620303154, -17.3946495056, -65.3758773804, -30.063955307, 2.61221337318, 48.6688346863, -2.50929307938, -30.8908424377, 52.5304412842, 147.0052948, -2.42749619484, -5.53458118439], [-499.909667969, -11.9448804855, 146.377960205, -0.948686361313, -34.5524024963, 84.4515991211, -38.5175170898, -3.327865839, 36.7267150879, -66.1668701172, -2.42749619484, 205.026977539, 0.292039513588], [27.6582546234, 17.9939937592, -85.3172073364, -26.6599636078, -13.3209915161, -33.0261421204, 1.39808177948, 9.96309280396, -23.6682014465, -0.413981467485, -5.53458118439, 0.292039513588, 130.436767578]],
        "icov": [[0.000266925868345, -4.81858223793e-05, 0.000213814506424, -0.000139062583912, -7.79520632932e-07, 0.000349310954334, -9.25292406464e-05, 0.000333970994689, -4.4359905587e-05, -0.000115426621051, 0.000222889342695, 0.000311911862809, 0.000125668535475], [-4.81858223793e-05, 0.000677828793414, -4.83493749925e-05, 0.000788066710811, -0.000517300853971, -6.79956065142e-05, 0.000157170521561, -8.70604562806e-05, 0.000472086976515, 0.000217405075091, 0.000237837564782, -8.25898823678e-05, 7.77054592618e-05], [0.000213814506424, -4.83493749925e-05, 0.00173489225563, -0.000496048247442, 0.000409135711379, -0.000801004702225, -0.000204888288863, 0.000680082535837, -0.000243336457061, 0.00110447022598, -0.000105773353425, 4.67635909445e-05, 0.000738697766792], [-0.000139062583912, 0.000788066710811, -0.000496048247442, 0.00327605614439, -0.00132859777659, 0.000156520138262, 0.000220938818529, -0.000478167930851, 0.000699594384059, -0.000730275351088, 0.0014293739805, -0.000523105962202, 0.000390454137232], [-7.79520632932e-07, -0.000517300853971, 0.000409135711379, -0.00132859777659, 0.00435996614397, -0.000346199551132, 0.00162007345352, 0.000221236943617, -0.000324666470988, 0.000589770381339, -0.000474831322208, 0.00109745480586, 0.000311288313242], [0.000349310954334, -6.79956065142e-05, -0.000801004702225, 0.000156520138262, -0.000346199551132, 0.00421381695196, -0.000160547206178, -0.000454108783742, -0.00112551276106, -0.00185717386194, 0.000545819813851, -0.000802959373686, 0.000326183944708], [-9.25292406464e-05, 0.000157170521561, -0.000204888288863, 0.000220938818529, 0.00162007345352, -0.000160547206178, 0.00479436526075, -0.00131585821509, 0.00227679591626, -0.000713819579687, -0.000493975414429, 0.000504608964548, 0.000471780134831], [0.000333970994689, -8.70604562806e-05, 0.000680082535837, -0.000478167930851, 0.000221236943617, -0.000454108783742, -0.00131585821509, 0.00707316631451, -0.00230950396508, 0.000551054778043, 1.60171130119e-05, 0.00100621802267, -0.000749143597204], [-4.4359905587e-05, 0.000472086976515, -0.000243336457061, 0.000699594384059, -0.000324666470988, -0.00112551276106, 0.00227679591626, -0.00230950396508, 0.00965469516814, -0.00151915836614, 0.00206489861012, -0.00130211049691, 0.00159956421703], [-0.000115426621051, 0.000217405075091, 0.00110447022598, -0.000730275351088, 0.000589770381339, -0.00185717386194, -0.000713819579687, 0.000551054778043, -0.00151915836614, 0.00875412113965, -0.00327001442201, 0.00273747858591, -0.000269546697382], [0.000222889342695, 0.000237837564782, -0.000105773353425, 0.0014293739805, -0.000474831322208, 0.000545819813851, -0.000493975414429, 1.60171130119e-05, 0.00206489861012, -0.00327001442201, 0.00928730983287, -0.00107459456194, 0.000997452181764], [0.000311911862809, -8.25898823678e-05, 4.67635909445e-05, -0.000523105962202, 0.00109745480586, -0.000802959373686, 0.000504608964548, 0.00100621802267, -0.00130211049691, 0.00273747858591, -0.00107459456194, 0.00732895312831, -0.000594159006141], [0.000125668535475, 7.77054592618e-05, 0.000738697766792, 0.000390454137232, 0.000311288313242, 0.000326183944708, 0.000471780134831, -0.000749143597204, 0.00159956421703, -0.000269546697382, 0.000997452181764, -0.000594159006141, 0.00869175046682]]
    },
    "spectral_contrast_coeffs": {
        "mean": [-0.575909733772, -0.651076376438, -0.729562819004, -0.770337641239, -0.776028335094, -0.838338136673],
        "stdev": [0.122924797237, 0.109187953174, 0.0881984680891, 0.0671531483531, 0.0676588788629, 0.0433641038835]
    },
    "spectral_contrast_valleys": {
        "mean": [-8.75372600555, -7.84017896652, -9.420753479, -10.1987342834, -10.8925256729, -12.8933725357],
        "stdev": [2.08310222626, 2.12987065315, 2.0150718689, 2.00100016594, 2.02317094803, 1.80315423012]
    }
},
"rhythm": {
    "beats_count": 439,
    "beats_loudness": {
        "mean": 0.0185753069818,
        "stdev": 0.0219847429544
    },
    "bpm": 136.351119995,
    "bpm_histogram_first_peak_bpm": 136,
    "bpm_histogram_first_peak_weight": 0.63265311718,
    "bpm_histogram_second_peak_bpm": 144,
    "bpm_histogram_second_peak_spread": 0.318181872368,
    "bpm_histogram_second_peak_weight": 0.0684931501746,
    "danceability": 0.899450600147,
    "onset_rate": 2.79925966263,
    "beats_loudness_band_ratio": {
        "mean": [0.138280600309, 0.603212237358, 0.262215286493, 0.0370027422905, 0.0112009318545, 0.02465881221],
        "stdev": [0.213003009558, 0.277180731297, 0.215697839856, 0.0912111774087, 0.0266692228615, 0.116694279015]
    },
    "beats_position": [0.487619042397, 0.99845802784, 1.50929701328, 2.02013611794, 2.54258489609, 3.06503391266, 3.59909296036, 4.1099319458, 4.57433080673, 5.05034017563, 5.52634906769, 5.99074840546, 6.45514726639, 6.91954612732, 7.37233543396, 7.81351470947, 8.25469398499, 8.70748329163, 9.11383247375, 9.52018165588, 9.92653083801, 10.3328800201, 10.774058342, 11.2152376175, 11.656416893, 12.1092061996, 12.538775444, 12.9683446884, 13.4211339951, 13.8623123169, 14.3151016235, 14.7678909302, 15.2787294388, 15.8011789322, 16.3120174408, 16.8344669342, 17.3453063965, 17.9722442627, 18.5991840363, 19.2261219025, 19.853061676, 20.4799995422, 21.1069393158, 21.733877182, 22.3608150482, 22.9877548218, 23.614692688, 24.2416324615, 24.8453502655, 25.4722900391, 26.0992279053, 26.7261676788, 27.3066654205, 27.8987751007, 28.4908847809, 29.0946025848, 29.6983222961, 30.290430069, 30.8825397491, 31.474647522, 32.0667572021, 32.6588668823, 33.2741928101, 33.8895225525, 34.5164604187, 35.1317901611, 35.7471199036, 36.3856697083, 37.0126075745, 37.6163253784, 38.2084350586, 38.7541046143, 39.3113822937, 39.8570518494, 40.4143295288, 40.9599990845, 41.5056686401, 42.0281181335, 42.5389556885, 43.0497932434, 43.560634613, 44.0598640442, 44.5823135376, 45.0931510925, 45.6156005859, 46.1380500793, 46.6721076965, 47.1945571899, 47.7402267456, 48.2742843628, 48.8199539185, 49.2959632874, 49.7603607178, 50.2363700867, 50.7123794556, 51.2000007629, 51.6876182556, 52.1868476868, 52.6860771179, 53.1736946106, 53.6729240417, 54.1721534729, 54.6829910278, 55.182220459, 55.6814498901, 56.1690673828, 56.5405883789, 56.912109375, 57.2836265564, 57.643535614, 58.0266647339, 58.4097938538, 58.7929229736, 59.187664032, 59.5707931519, 59.9539222717, 60.3254394531, 60.6969604492, 61.0916976929, 61.498046875, 61.8811798096, 62.2410888672, 62.6242179871, 63.0189552307, 63.4253044128, 63.831653595, 64.2960510254, 64.748840332, 65.2016296387, 65.6544189453, 66.107208252, 66.5483856201, 67.0011749268, 67.4539642334, 67.90675354, 68.3595428467, 68.8123321533, 69.26512146, 69.7295227051, 70.2055282593, 70.6931533813, 71.1691589355, 71.7496566772, 72.3301544189, 72.9222640991, 73.5143737793, 74.094871521, 74.6637649536, 75.2326507568, 75.8015441895, 76.3820419312, 76.9509277344, 77.5198135376, 78.0887069702, 78.6692047119, 79.2380905151, 79.8185958862, 80.3526535034, 80.8983230591, 81.4323806763, 81.9432220459, 82.4540557861, 82.9532852173, 83.4757385254, 83.9981842041, 84.5206298828, 85.0662994385, 85.6119689941, 86.1460266113, 86.7033081055, 87.2605895996, 87.8178634644, 88.386756897, 88.9556427002, 89.5825805664, 90.1863021851, 90.7900238037, 91.393737793, 91.9974594116, 92.5779571533, 93.158454895, 93.7273483276, 94.2962341309, 94.8651199341, 95.4340133667, 95.9912872314, 96.5485687256, 96.9897460938, 97.4309310913, 97.8837203979, 98.3248977661, 98.7544631958, 99.1724243164, 99.590385437, 100.008346558, 100.426300049, 100.855873108, 101.285438538, 101.703399658, 102.121360779, 102.550926208, 102.980499268, 103.421676636, 103.874465942, 104.280815125, 104.675552368, 105.070289612, 105.511474609, 105.929428101, 106.370613098, 106.788566589, 107.20652771, 107.624488831, 108.042449951, 108.460403442, 108.994468689, 109.540130615, 110.097412109, 110.643081665, 111.177139282, 111.711196899, 112.245262146, 112.779319763, 113.324989319, 113.859046936, 114.404716492, 115.008430481, 115.600540161, 116.192649841, 116.784759521, 117.376869202, 117.957366943, 118.537864685, 119.060317993, 119.582763672, 120.128433228, 120.581222534, 121.034011841, 121.475189209, 121.881538391, 122.299499512, 122.717460632, 123.147026062, 123.576599121, 123.994552612, 124.424125671, 124.853691101, 125.271652222, 125.689613342, 126.119178772, 126.571968079, 127.036369324, 127.500770569, 127.907119751, 128.313461304, 128.719818115, 129.126159668, 129.544128418, 129.973693848, 130.391647339, 130.844436646, 131.308837891, 131.773239136, 132.214416504, 132.655593872, 133.108383179, 133.549560547, 133.990753174, 134.420318604, 134.861495972, 135.337509155, 135.81350708, 136.277908325, 136.765533447, 137.241546631, 137.717544556, 138.193557739, 138.634735107, 139.064300537, 139.493881226, 139.935058594, 140.3878479, 140.829025269, 141.258590698, 141.688156128, 142.106124878, 142.524078369, 142.953643799, 143.371612549, 143.78956604, 144.323623657, 144.857681274, 145.380126953, 145.937408447, 146.494689941, 147.051971436, 147.586029053, 148.12008667, 148.63092041, 149.164993286, 149.687438965, 150.221496582, 150.755554199, 151.277999878, 151.707565308, 152.137145996, 152.578323364, 153.007888794, 153.437454224, 153.867019653, 154.296600342, 154.726165771, 155.155731201, 155.596908569, 156.038085938, 156.479278564, 156.920455933, 157.361633301, 157.895690918, 158.406524658, 158.928970337, 159.451431274, 159.962265015, 160.473098755, 160.983947754, 161.494781494, 162.017227173, 162.528076172, 163.050521851, 163.561355591, 164.072189331, 164.559814453, 165.151931763, 165.744033813, 166.347747803, 166.939865112, 167.531967163, 168.135681152, 168.727798462, 169.319900513, 169.981674194, 170.643447876, 171.305206299, 171.96697998, 172.617141724, 173.267303467, 173.871017456, 174.451522827, 175.055236816, 175.612518311, 176.169799805, 176.715454102, 177.272735596, 177.818405151, 178.352462769, 178.898132324, 179.44380188, 179.931427002, 180.419036865, 180.906661987, 181.394287109, 181.893508911, 182.381134033, 182.857131958, 183.356369019, 183.85559082, 184.354827881, 184.865661621, 185.364898682, 185.80607605, 186.247253418, 186.688430786, 187.117996216, 187.547576904, 187.988754272, 188.429931641, 188.85949707, 189.2890625, 189.718643188, 190.148208618, 190.577774048, 190.995727539, 191.413696289, 191.820037842, 192.238006592, 192.655960083, 193.073913574, 193.491882324, 193.909835815, 194.351013184, 194.792190552, 195.22177124, 195.662948608, 196.16217041, 196.673019409, 197.172241211, 197.671463013, 198.170700073, 198.669921875, 199.169158936, 199.668380737, 200.156005859, 200.643630981, 201.119628906, 201.59564209, 202.060043335, 202.536056519, 203.023666382, 203.592559814, 204.149841309, 204.707122803, 205.287612915, 205.856506348, 206.42539978, 207.017501831, 207.62121582, 208.236557007, 208.840270996, 209.443984985, 210.036102295, 210.616592407, 211.173873901, 211.719543457, 212.276824951, 212.752838135, 213.22883606, 213.704849243, 214.15763855, 214.610427856, 215.063217163, 215.550842285, 216.038452148, 216.526077271, 217.013687134, 217.501312256, 217.988937378, 218.48815918, 219.068664551, 219.637542725],
    "bpm_histogram": [0, 0, 0, 0, 0, 0, 0, 0, 0, 0, 0, 0, 0, 0, 0, 0, 0, 0, 0, 0, 0, 0, 0, 0, 0, 0, 0, 0, 0, 0, 0, 0, 0, 0, 0, 0, 0, 0, 0, 0, 0, 0, 0, 0, 0, 0, 0, 0, 0, 0, 0, 0, 0, 0, 0, 0, 0, 0, 0, 0, 0, 0, 0, 0, 0, 0, 0, 0, 0, 0, 0, 0, 0, 0, 0, 0, 0, 0, 0, 0, 0, 0, 0, 0, 0, 0, 0, 0, 0, 0, 0, 0.00913241971284, 0.00456620985642, 0, 0.00228310492821, 0, 0.0388127863407, 0, 0.0114155253395, 0.0365296788514, 0, 0.0502283088863, 0, 0.0342465750873, 0, 0.0388127863407, 0, 0, 0.0410958901048, 0, 0.0433789938688, 0, 0.0479452051222, 0, 0, 0.0479452051222, 0, 0.0570776239038, 0, 0, 0.0479452051222, 0, 0, 0.0479452051222, 0, 0, 0.0433789938688, 0, 0, 0.0296803656965, 0, 0, 0, 0.0616438351572, 0, 0, 0.0821917802095, 0, 0, 0, 0.0799086764455, 0, 0, 0, 0.0684931501746, 0, 0, 0, 0.0319634713233, 0, 0, 0, 0.0114155253395, 0, 0, 0, 0, 0.0159817356616, 0, 0, 0, 0.0114155253395, 0, 0, 0, 0, 0, 0.00456620985642, 0, 0, 0, 0, 0, 0, 0, 0, 0, 0, 0, 0, 0, 0, 0, 0, 0, 0, 0, 0, 0, 0, 0, 0, 0, 0, 0, 0, 0, 0, 0, 0, 0, 0, 0, 0, 0, 0, 0, 0, 0, 0, 0, 0, 0, 0, 0, 0, 0, 0, 0, 0, 0, 0, 0, 0, 0, 0, 0, 0, 0, 0, 0, 0, 0, 0, 0, 0, 0, 0, 0, 0, 0, 0, 0, 0, 0, 0, 0, 0, 0, 0]
},
"tonal": {
    "chords_changes_rate": 0.0703602284193,
    "chords_number_rate": 0.0029492310714,
    "chords_strength": {
        "mean": 0.493179172277,
        "stdev": 0.143787041306
    },
    "hpcp_crest": {
        "mean": 20.8537139893,
        "stdev": 9.75025081635
    },
    "hpcp_entropy": {
        "mean": 1.19970357418,
        "stdev": 0.797946453094
    },
    "key_edma": {
        "strength": 0.684726834297,
        "key": "F",
        "scale": "major"
    },
    "key_krumhansl": {
        "strength": 0.695203185081,
        "key": "F",
        "scale": "major"
    },
    "key_temperley": {
        "strength": 0.708978891373,
        "key": "F",
        "scale": "major"
    },
    "tuning_diatonic_strength": 0.64637362957,
    "tuning_equal_tempered_deviation": 0.210220441222,
    "tuning_frequency": 435.952270508,
    "tuning_nontempered_energy_ratio": 0.954671621323,
    "hpcp": {
        "mean": [0.112232469022, 0.116981625557, 0.0553468279541, 0.0586523115635, 0.0530895665288, 0.0233387630433, 0.0336511656642, 0.0464018657804, 0.0503601618111, 0.12419796735, 0.133832514286, 0.0557814799249, 0.0475956387818, 0.0523947440088, 0.0420552305877, 0.150630190969, 0.165649712086, 0.0493881553411, 0.0282093472779, 0.0270018018782, 0.0295352209359, 0.0842412114143, 0.127696275711, 0.155125260353, 0.24850577116, 0.223291158676, 0.0919005349278, 0.0395497120917, 0.0380434468389, 0.0636922940612, 0.12745206058, 0.123559303582, 0.0596097148955, 0.0634415745735, 0.0630946084857, 0.0501909926534],
        "stdev": [0.251394599676, 0.263239353895, 0.17319509387, 0.182685285807, 0.170464515686, 0.0955910310149, 0.131467267871, 0.165852680802, 0.166071727872, 0.258955925703, 0.280151486397, 0.164441168308, 0.153827488422, 0.17833198607, 0.142227679491, 0.292221546173, 0.31287497282, 0.152244254947, 0.127003461123, 0.129484683275, 0.131818637252, 0.212674349546, 0.276624768972, 0.290256232023, 0.351590871811, 0.332366317511, 0.227210074663, 0.157063499093, 0.154507309198, 0.204658135772, 0.268610209227, 0.260989069939, 0.179908245802, 0.194619104266, 0.196139335632, 0.169888064265]
    },
    "chords_histogram": [16.8948802948, 7.94185781479, 9.50073719025, 1.91700017452, 5.4139456749, 0, 1.85380244255, 0.126395612955, 4.99262714386, 0.737307786942, 0.105329684913, 0, 0, 0.0210659354925, 0.842637479305, 5.24541807175, 5.51927518845, 6.48830842972, 0.442384660244, 1.81167054176, 0.147461548448, 6.61470413208, 5.37181377411, 18.0113754272],
    "thpcp": [1, 0.898535132408, 0.369812488556, 0.159150078893, 0.153088793159, 0.25630107522, 0.512873649597, 0.497208982706, 0.239872559905, 0.255292147398, 0.253895938396, 0.201971128583, 0.451629221439, 0.47074007988, 0.222718477249, 0.236019924283, 0.213635146618, 0.0939163789153, 0.135414019227, 0.18672350049, 0.202651873231, 0.499779015779, 0.538548946381, 0.224467545748, 0.191527292132, 0.210839137435, 0.169232413173, 0.606143653393, 0.666582942009, 0.19874048233, 0.113515861332, 0.108656637371, 0.11885124445, 0.338990956545, 0.513856351376, 0.624231994152],
    "chords_key": "D",
    "chords_scale": "minor"
}
}