{
"metadata": {
    "version": {
        "essentia": "2.1-dev",
        "essentia_git_sha": "v2.1_beta3-415-gd5473f3",
        "extractor": "music 2.0"
    },
    "audio_properties": {
        "analysis": {
            "equal_loudness": 0,
            "length": 183.405715942,
            "sample_rate": 44100,
            "start_time": 0,
            "downmix": "mix"
        },
        "bit_rate": 192000,
        "length": 183.405715942,
        "lossless": 0,
        "number_channels": 2,
        "replay_gain": -5.93973922729,
        "sample_rate": 44100,
        "codec": "mp3",
        "md5_encoded": "d2331c4e43184eb05d17d15104d10cde"
    },
    "tags": {
        "file_name": "ernestine_anderson-thore_swaneruds_trio-wrap_your_troubles_in_dreams.mp3",
        "album": ["Svensk Jazzhistoria Vol 8 "],
        "artist": ["Ernestine Anderson\/thore Swane"],
        "date": ["2002"],
        "genre": ["Jazz"],
        "title": ["Wrap Your Troubles in Dreams "]
    }
},
"lowlevel": {
    "average_loudness": 0.422762781382,
    "barkbands_crest": {
        "mean": 11.8439226151,
        "stdev": 4.55009651184
    },
    "barkbands_flatness_db": {
        "mean": 0.209042727947,
        "stdev": 0.064183883369
    },
    "barkbands_kurtosis": {
        "mean": 10.6875886917,
        "stdev": 40.7000808716
    },
    "barkbands_skewness": {
        "mean": 1.73913121223,
        "stdev": 1.98306190968
    },
    "barkbands_spread": {
        "mean": 13.5376977921,
        "stdev": 14.2147073746
    },
    "dissonance": {
        "mean": 0.422008007765,
        "stdev": 0.0506137013435
    },
    "dynamic_complexity": 5.70281982422,
    "erbbands_crest": {
        "mean": 11.6580171585,
        "stdev": 5.22598457336
    },
    "erbbands_flatness_db": {
        "mean": 0.206317797303,
        "stdev": 0.0619743466377
    },
    "erbbands_kurtosis": {
        "mean": 2.55375266075,
        "stdev": 5.23131227493
    },
    "erbbands_skewness": {
        "mean": 0.850229799747,
        "stdev": 1.04081940651
    },
    "erbbands_spread": {
        "mean": 29.5956611633,
        "stdev": 22.5756473541
    },
    "hfc": {
        "mean": 11.7977733612,
        "stdev": 21.04271698
    },
    "loudness_ebu128": {
        "integrated": -19.9950008392,
        "loudness_range": 7.29863739014,
        "momentary": {
            "mean": -24.7550678253,
            "stdev": 25.0622119904
        },
        "short_term": {
            "mean": -21.2884616852,
            "stdev": 4.43229866028
        }
    },
    "melbands_crest": {
        "mean": 15.5767803192,
        "stdev": 6.3881020546
    },
    "melbands_flatness_db": {
        "mean": 0.282165706158,
        "stdev": 0.0851239040494
    },
    "melbands_kurtosis": {
        "mean": 27.5168380737,
        "stdev": 356.259918213
    },
    "melbands_skewness": {
        "mean": 2.54912018776,
        "stdev": 3.44262051582
    },
    "melbands_spread": {
        "mean": 16.4833660126,
        "stdev": 22.1692428589
    },
    "pitch_salience": {
        "mean": 0.536846756935,
        "stdev": 0.144937157631
    },
    "silence_rate_20dB": {
        "mean": 1,
        "stdev": 0
    },
    "silence_rate_30dB": {
        "mean": 0.991772174835,
        "stdev": 0.0903373062611
    },
    "silence_rate_60dB": {
        "mean": 0.205063298345,
        "stdev": 0.403745174408
    },
    "spectral_centroid": {
        "mean": 1074.54003906,
        "stdev": 1248.06140137
    },
    "spectral_complexity": {
        "mean": 8.71949386597,
        "stdev": 5.61317253113
    },
    "spectral_decrease": {
        "mean": -4.26031432355e-09,
        "stdev": 5.23709386968e-09
    },
    "spectral_energy": {
        "mean": 0.017149489373,
        "stdev": 0.0213946178555
    },
    "spectral_energyband_high": {
        "mean": 0.000134454021463,
        "stdev": 0.000375038012862
    },
    "spectral_energyband_low": {
        "mean": 0.00478730536997,
        "stdev": 0.00816214550287
    },
    "spectral_energyband_middle_high": {
        "mean": 0.00461985915899,
        "stdev": 0.012086593546
    },
    "spectral_energyband_middle_low": {
        "mean": 0.00790349300951,
        "stdev": 0.0116127980873
    },
    "spectral_entropy": {
        "mean": 6.88545274734,
        "stdev": 0.715450584888
    },
    "spectral_flux": {
        "mean": 0.0521745309234,
        "stdev": 0.0428865067661
    },
    "spectral_kurtosis": {
        "mean": 9.13664150238,
        "stdev": 8.05779647827
    },
    "spectral_rms": {
        "mean": 0.00348083884455,
        "stdev": 0.00214823521674
    },
    "spectral_rolloff": {
        "mean": 1206.78430176,
        "stdev": 2360.0144043
    },
    "spectral_skewness": {
        "mean": 2.11683487892,
        "stdev": 0.963883817196
    },
    "spectral_spread": {
        "mean": 4268685,
        "stdev": 4359510
    },
    "spectral_strongpeak": {
        "mean": 1.09777009487,
        "stdev": 1.69566810131
    },
    "zerocrossingrate": {
        "mean": 0.0430305562913,
        "stdev": 0.0614505819976
    },
    "barkbands": {
        "mean": [0.000191463943338, 0.0027647127863, 0.00159719726071, 0.000480168819195, 0.0014164459426, 0.0013686370803, 0.00138371950015, 0.00119372690096, 0.00195216957945, 0.000540894514415, 0.00101942627225, 0.000745925528463, 0.00105359451845, 0.000301860825857, 0.00020768068498, 0.000183874595677, 0.000105647173768, 0.000163407079526, 0.000237213389482, 0.000146653037518, 1.84904638445e-05, 1.30634989546e-05, 1.50303585542e-05, 2.26228403335e-05, 2.17021515709e-05, 4.07221796195e-06, 1.08836751167e-07],
        "stdev": [0.000612880918197, 0.00484378682449, 0.00403188122436, 0.00152614247054, 0.00239370111376, 0.00252925395034, 0.00339186843485, 0.00376009382308, 0.0067601269111, 0.00207306956872, 0.0043521495536, 0.00330278230831, 0.00517131388187, 0.00153809739277, 0.000770931248553, 0.000767001882195, 0.000303237495245, 0.000445073877927, 0.000735984183848, 0.00037683264236, 7.0555601269e-05, 5.0159109378e-05, 5.16803738719e-05, 9.04578118934e-05, 0.000122315876069, 3.03318283841e-05, 1.00262082015e-06]
    },
    "erbbands": {
        "mean": [0.0470613762736, 0.735340774059, 2.10903334618, 1.56233549118, 2.23575115204, 5.51522636414, 8.61708545685, 12.2937488556, 16.134059906, 23.8906726837, 27.6963481903, 50.7407836914, 21.4344100952, 23.6493148804, 46.8378601074, 29.6674690247, 48.4166526794, 22.0464687347, 13.7939949036, 10.9270534515, 7.70373678207, 6.18675851822, 8.4083070755, 11.6620225906, 11.7143907547, 6.61126708984, 1.28016829491, 0.659026443958, 0.486232161522, 0.414037436247, 0.433109253645, 0.405332684517, 0.425343364477, 0.306658059359, 0.114126175642, 0.0306259505451, 0.00512685952708, 0.000561310560443, 2.59956868831e-05, 2.0881258024e-05],
        "stdev": [0.0862447097898, 1.32744204998, 5.05318403244, 3.8946750164, 5.46038722992, 9.9545545578, 14.9791545868, 24.5911617279, 35.8785476685, 70.0229492188, 69.2994308472, 184.675857544, 65.0171203613, 76.2508850098, 210.713882446, 113.873756409, 231.720626831, 99.0301437378, 51.3177490234, 39.0826873779, 28.0446796417, 17.9588985443, 21.8183765411, 32.1534233093, 35.1522674561, 17.1570014954, 3.55718874931, 2.72656154633, 1.98641109467, 1.34093284607, 1.54967904091, 1.67554211617, 1.71200788021, 1.59328758717, 0.734203398228, 0.238159328699, 0.0316706225276, 0.00362180406228, 0.0001381575712, 2.6019572033e-05]
    },
    "gfcc": {
        "mean": [-118.363807678, 128.209609985, -104.87046814, 24.0615463257, -58.0092926025, 7.30225658417, -32.6348495483, 13.7003469467, -23.0000858307, 1.04069507122, 1.0102918148, -7.91147661209, -7.6771235466],
        "cov": [[23408.3691406, 1696.28381348, -3391.23803711, -355.072296143, -991.66027832, -145.224822998, -586.743225098, 388.789825439, -781.600341797, -233.471343994, 334.258148193, -484.877593994, -170.241455078], [1696.28381348, 1789.78515625, -234.139221191, -344.673553467, 155.018829346, -261.01751709, 69.1725540161, -94.4533081055, 95.1028213501, -148.276794434, 168.492218018, -112.766693115, 18.6711940765], [-3391.23803711, -234.139221191, 1734.11364746, 422.55380249, -6.50322246552, 235.262329102, 32.8862419128, -123.662147522, 179.354568481, 171.939376831, -270.503112793, 165.192810059, -66.3287811279], [-355.072296143, -344.673553467, 422.55380249, 682.921386719, 78.3840026855, -12.5003004074, -84.6709060669, 27.3189849854, 83.3778991699, 44.8076210022, -136.040878296, 66.490524292, 7.99415302277], [-991.66027832, 155.018829346, -6.50322246552, 78.3840026855, 385.269714355, -19.7900886536, 50.8519439697, 6.00757598877, 77.9084014893, -54.6914405823, 25.4411373138, -16.0570735931, 48.9436836243], [-145.224822998, -261.01751709, 235.262329102, -12.5003004074, -19.7900886536, 370.563293457, 104.454299927, -18.6490573883, -71.4813690186, 68.1286773682, -36.0762748718, 4.14185380936, -27.1469173431], [-586.743225098, 69.1725540161, 32.8862419128, -84.6709060669, 50.8519439697, 104.454299927, 254.09828186, 12.4945955276, -48.5746231079, -3.49177026749, 73.563911438, -18.9823646545, -6.04347229004], [388.789825439, -94.4533081055, -123.662147522, 27.3189849854, 6.00757598877, -18.6490573883, 12.4945955276, 148.376953125, 16.5039844513, -14.5976753235, 15.6232833862, -13.0749502182, -5.16452503204], [-781.600341797, 95.1028213501, 179.354568481, 83.3778991699, 77.9084014893, -71.4813690186, -48.5746231079, 16.5039844513, 264.03302002, 55.2187919617, -79.9885101318, 33.4776535034, 27.6453399658], [-233.471343994, -148.276794434, 171.939376831, 44.8076210022, -54.6914405823, 68.1286773682, -3.49177026749, -14.5976753235, 55.2187919617, 145.900161743, -45.9340782166, 28.3430614471, -14.3767328262], [334.258148193, 168.492218018, -270.503112793, -136.040878296, 25.4411373138, -36.0762748718, 73.563911438, 15.6232833862, -79.9885101318, -45.9340782166, 211.096405029, -33.5000724792, 9.00399684906], [-484.877593994, -112.766693115, 165.192810059, 66.490524292, -16.0570735931, 4.14185380936, -18.9823646545, -13.0749502182, 33.4776535034, 28.3430614471, -33.5000724792, 122.384979248, 24.2297325134], [-170.241455078, 18.6711940765, -66.3287811279, 7.99415302277, 48.9436836243, -27.1469173431, -6.04347229004, -5.16452503204, 27.6453399658, -14.3767328262, 9.00399684906, 24.2297325134, 88.9622344971]],
        "icov": [[0.000165759804077, -0.000370607129298, 0.000375066389097, -0.000318407721352, 0.000419786461862, -0.000431362452218, 0.000484068528749, -0.000491232611239, 0.000428033294156, -0.000236027713981, 0.000160649171448, 2.59969692706e-05, 0.00015053084644], [-0.000370607129298, 0.00177920539863, -0.000953692710027, 0.00108186027501, -0.00104602403007, 0.00150538736489, -0.0013634050265, 0.00191312411334, -0.00168562377803, 0.0012865322642, -0.00089184747776, 0.000631473900285, -0.000187600075151], [0.000375066389097, -0.000953692710027, 0.00208098744042, -0.00131913286168, 0.00102190324105, -0.00157321116421, 0.000539161323104, -0.000165351346368, 0.000307697715471, -0.000682433601469, 0.00113365170546, -0.00115782476496, 0.0015674388269], [-0.000318407721352, 0.00108186027501, -0.00131913286168, 0.0029301175382, -0.00157510791905, 0.00145524484105, -0.000359626486897, 0.000174796892679, -0.000464766228106, 0.000202061943128, 0.000268518488156, -9.41767139011e-05, -0.000611293187831], [0.000419786461862, -0.00104602403007, 0.00102190324105, -0.00157510791905, 0.00482272775844, -0.00163113209419, 0.000341112056049, -0.000784523086622, -0.000677446136251, 0.00129688472953, -0.000251088902587, 0.000853743753396, -0.00103409739677], [-0.000431362452218, 0.00150538736489, -0.00157321116421, 0.00145524484105, -0.00163113209419, 0.00578622380272, -0.00286307279021, 0.0013296357356, 0.00063734134892, -0.00124353158753, 0.000590484938584, 0.000682048092131, -0.000543938600458], [0.000484068528749, -0.0013634050265, 0.000539161323104, -0.000359626486897, 0.000341112056049, -0.00286307279021, 0.00731830531731, -0.00274109444581, 0.00201101740822, -0.00106018933002, -0.00151683366857, 0.000357012671884, 0.000183497177204], [-0.000491232611239, 0.00191312411334, -0.000165351346368, 0.000174796892679, -0.000784523086622, 0.0013296357356, -0.00274109444581, 0.010361851193, -0.00371050415561, 0.00244674040005, -0.00121803593356, 0.000325321336277, 0.00135525967926], [0.000428033294156, -0.00168562377803, 0.000307697715471, -0.000464766228106, -0.000677446136251, 0.00063734134892, 0.00201101740822, -0.00371050415561, 0.00860406272113, -0.00458114035428, 0.00279464060441, -0.000415859278291, -0.00165121175814], [-0.000236027713981, 0.0012865322642, -0.000682433601469, 0.000202061943128, 0.00129688472953, -0.00124353158753, -0.00106018933002, 0.00244674040005, -0.00458114035428, 0.0114735392854, -0.000956582778599, -0.000542625726666, 0.00125079473946], [0.000160649171448, -0.00089184747776, 0.00113365170546, 0.000268518488156, -0.000251088902587, 0.000590484938584, -0.00151683366857, -0.00121803593356, 0.00279464060441, -0.000956582778599, 0.00835673883557, -0.000480127491755, -0.000277784216451], [2.59969692706e-05, 0.000631473900285, -0.00115782476496, -9.41767139011e-05, 0.000853743753396, 0.000682048092131, 0.000357012671884, 0.000325321336277, -0.000415859278291, -0.000542625726666, -0.000480127491755, 0.011592945084, -0.00422332575545], [0.00015053084644, -0.000187600075151, 0.0015674388269, -0.000611293187831, -0.00103409739677, -0.000543938600458, 0.000183497177204, 0.00135525967926, -0.00165121175814, 0.00125079473946, -0.000277784216451, -0.00422332575545, 0.0151794608682]]
    },
    "melbands": {
        "mean": [0.000624101201538, 0.0010951111326, 0.000287395581836, 0.000273868208751, 0.000303120148601, 0.000269022624707, 0.000267034891294, 0.000269401905825, 0.000223998053116, 0.000320220889989, 9.8493648693e-05, 8.98107027751e-05, 0.000147762490087, 0.000102578749647, 7.79150650487e-05, 0.000108589345473, 3.13474156428e-05, 2.29970319197e-05, 1.38365849125e-05, 1.57620743266e-05, 7.23516586731e-06, 6.19018783254e-06, 6.36959339317e-06, 8.41516975925e-06, 9.50316825765e-06, 8.9875611593e-06, 7.83310224506e-06, 3.43862234331e-06, 7.89385751432e-07, 4.50922556183e-07, 3.4470809851e-07, 2.79502700096e-07, 2.32681159673e-07, 2.26469239806e-07, 2.35884883182e-07, 2.67795201125e-07, 2.37260621816e-07, 2.71613117775e-07, 3.39645879421e-07, 2.33887760714e-07],
        "stdev": [0.00107391970232, 0.00224429415539, 0.000697696523275, 0.000525119539816, 0.000489148544148, 0.000523123249877, 0.000615556782577, 0.000820978486445, 0.000603257270996, 0.00120722525753, 0.000323996471707, 0.000311085750582, 0.00063696259167, 0.000439251540229, 0.000398430682253, 0.000583174929488, 0.000166346100741, 9.62212216109e-05, 4.81011447846e-05, 7.08855804987e-05, 2.87129314529e-05, 1.88097947103e-05, 1.73171556526e-05, 2.28026383411e-05, 2.82428718492e-05, 3.26574081555e-05, 1.93404539459e-05, 9.78768275672e-06, 2.49208437708e-06, 1.79396010935e-06, 1.56332725965e-06, 1.21363120797e-06, 8.49921320878e-07, 7.47225215036e-07, 8.51388961109e-07, 1.10677729026e-06, 1.01078751413e-06, 1.09351924493e-06, 1.48420451751e-06, 1.37210349749e-06]
    },
    "melbands128": {
        "mean": [0.000146918901009, 0.000248946598731, 0.000799693341833, 0.00137998536229, 0.00131563970353, 0.000626193184871, 0.000305162655422, 0.000217894703383, 0.000189170386875, 0.000276472594123, 0.00033292878652, 0.000306598289171, 0.000282165710814, 0.000304599816445, 0.000320599327097, 0.000211996972212, 0.000183262804057, 0.000280045060208, 0.000415241491282, 0.000216406275285, 0.000258394400589, 0.000262578978436, 0.000188714417163, 0.0002047343296, 0.000377738644602, 0.00040400531725, 9.50702451519e-05, 6.1609352997e-05, 9.42488550209e-05, 8.15076709841e-05, 8.72008968145e-05, 0.000106919906102, 0.000145127050928, 0.000203030183911, 0.000128613173729, 7.31825784897e-05, 5.91837742832e-05, 6.46271801088e-05, 9.60960751399e-05, 0.000130438580527, 0.000134923117002, 4.84166048409e-05, 2.70108066616e-05, 2.28466651606e-05, 2.58064428635e-05, 2.63999972958e-05, 1.66749578057e-05, 1.20537133625e-05, 1.35276204674e-05, 1.32754266815e-05, 2.16203679884e-05, 1.05776198325e-05, 7.96986023488e-06, 5.30609486304e-06, 5.88214288655e-06, 6.42444956611e-06, 6.2525678004e-06, 6.19500542598e-06, 5.74716023038e-06, 8.34012189443e-06, 8.05977924756e-06, 8.65565834829e-06, 1.0844454664e-05, 8.90575847734e-06, 9.05576598598e-06, 9.33617320698e-06, 9.09893878998e-06, 7.20425668987e-06, 9.35677780944e-06, 6.07189349466e-06, 3.61261209036e-06, 2.0158049665e-06, 1.01405373698e-06, 5.53642507839e-07, 5.09171627527e-07, 4.66811968636e-07, 4.31653717214e-07, 3.79505848969e-07, 3.36640056275e-07, 3.04540520801e-07, 2.76758015616e-07, 2.82999906176e-07, 2.52246167065e-07, 2.18436653654e-07, 2.18795690898e-07, 2.44146008299e-07, 2.23593289661e-07, 2.08090739306e-07, 2.27960470056e-07, 2.58273246345e-07, 2.84439011011e-07, 2.68218684596e-07, 2.44540188987e-07, 2.39842705696e-07, 2.31493586966e-07, 2.26509996537e-07, 2.75970251096e-07, 3.35449357181e-07, 3.72936540316e-07, 3.36575567417e-07, 2.59607702446e-07, 2.31602825806e-07, 1.7984849876e-07, 1.47190178268e-07, 1.31421415972e-07, 9.99792462153e-08, 8.76840289266e-08, 6.98455124848e-08, 4.62583749083e-08, 3.2451382026e-08, 2.58522980801e-08, 1.80985768594e-08, 1.29986919006e-08, 1.00486055032e-08, 7.19164860996e-09, 4.89827511885e-09, 3.48390849503e-09, 9.16303366516e-10, 2.43555564605e-10, 1.12679580944e-10, 2.27042377954e-11, 9.15875795343e-12, 5.62285157671e-12, 3.60592436986e-12, 2.54568523379e-12, 2.51777006362e-12, 2.49987812569e-12, 2.48034318778e-12],
        "stdev": [0.000501462374814, 0.000596172583755, 0.00164131610654, 0.00260123587213, 0.00314106419683, 0.00149896426592, 0.000846616749186, 0.000701227865648, 0.000560736691114, 0.000631271977909, 0.000753921980504, 0.000667002575938, 0.00061642320361, 0.000767958001234, 0.000771089631598, 0.000553520862013, 0.000542520661838, 0.000766832847148, 0.00130459992215, 0.000818690808956, 0.00137085583992, 0.000778918329161, 0.000716222508345, 0.00101309095044, 0.00160727172624, 0.00198356248438, 0.000571433280129, 0.000286623544525, 0.000559853506275, 0.000402658246458, 0.000435398716945, 0.000570109055843, 0.000847379094921, 0.00135690730531, 0.000829665281344, 0.000401579396566, 0.000431125838077, 0.000542347261216, 0.000736164860427, 0.000810854835436, 0.00110147357918, 0.000352041068254, 0.000231937112403, 0.000178414673428, 0.000166035984876, 0.000159905859618, 8.38615742396e-05, 6.73683753121e-05, 7.81838243711e-05, 8.06109965197e-05, 0.00013099219359, 6.56548872939e-05, 5.41934387002e-05, 2.65712278633e-05, 2.45977389568e-05, 2.84451743937e-05, 2.70880645985e-05, 2.51758156082e-05, 2.25723124458e-05, 3.03016386169e-05, 3.23847489199e-05, 3.69572044292e-05, 4.45254299848e-05, 3.63719991583e-05, 4.41107622464e-05, 4.93775150971e-05, 4.2689654947e-05, 2.25134499487e-05, 3.04599398078e-05, 2.033331657e-05, 1.46170277731e-05, 8.57391296449e-06, 4.04501406592e-06, 1.958063649e-06, 2.24105883717e-06, 1.90661592114e-06, 1.9083713596e-06, 1.9869071366e-06, 1.73284399807e-06, 1.33140611069e-06, 1.27093289848e-06, 1.40290103445e-06, 1.10079781734e-06, 8.23791253879e-07, 8.02441093128e-07, 7.94281106664e-07, 8.37348864025e-07, 8.39030462885e-07, 9.36595995427e-07, 9.57986799222e-07, 1.19845617519e-06, 1.19162439205e-06, 1.19058790915e-06, 1.08545555122e-06, 1.02275760128e-06, 9.66182142292e-07, 1.17406750633e-06, 1.41818622978e-06, 1.69305883446e-06, 1.63908850936e-06, 1.3959372609e-06, 1.60115257586e-06, 1.2149092754e-06, 1.03797299289e-06, 8.25662482384e-07, 7.59566262332e-07, 9.250381936e-07, 6.83387611389e-07, 3.73414422938e-07, 2.31446691146e-07, 1.70102040897e-07, 1.08011761313e-07, 8.32300415254e-08, 6.95311612731e-08, 4.24267270205e-08, 3.04649248051e-08, 2.61107953037e-08, 1.21010126364e-08, 5.26521537481e-09, 3.50150508588e-09, 7.82108267039e-10, 4.52343856816e-10, 1.98752403424e-10, 8.46508557695e-11, 5.47275419427e-12, 5.34796425894e-12, 5.29964006707e-12, 5.27096422065e-12]
    },
    "mfcc": {
        "mean": [-756.700622559, 154.782424927, 11.098402977, 21.3623409271, 4.65254878998, -7.98934793472, 9.59193134308, 1.21600270271, -9.19286060333, 7.13336229324, 2.76118731499, 0.756529450417, 3.37638998032],
        "cov": [[11228.6640625, 725.419799805, -1805.20800781, -413.663635254, -163.462478638, -831.011352539, 401.503112793, -26.1086673737, -631.303466797, 292.9659729, -118.714263916, -315.131896973, 75.7397155762], [725.419799805, 2120.50463867, -188.354766846, -79.4882049561, -8.31908416748, -131.400634766, 22.3492946625, 8.04550552368, -106.180839539, -23.301574707, 49.3056564331, 37.8276939392, 42.217414856], [-1805.20800781, -188.354766846, 1417.34851074, 219.698974609, -18.4535732269, 410.815216064, -139.191467285, -33.0301132202, 262.765106201, -144.461486816, 75.5716400146, 177.894393921, -44.8984413147], [-413.663635254, -79.4882049561, 219.698974609, 587.962036133, 183.207519531, 23.4261493683, -156.518035889, 41.5625839233, 97.4763946533, 2.58249258995, -58.6580162048, 60.4435195923, 27.6013221741], [-163.462478638, -8.31908416748, -18.4535732269, 183.207519531, 318.067382812, 32.1858100891, -79.515663147, 38.3286170959, 58.460849762, 35.1806716919, -39.0979385376, -5.67059659958, 16.9839305878], [-831.011352539, -131.400634766, 410.815216064, 23.4261493683, 32.1858100891, 360.981811523, 14.9745607376, -24.5674495697, 138.184860229, -47.8558807373, 53.3315544128, 27.968038559, -29.3730678558], [401.503112793, 22.3492946625, -139.191467285, -156.518035889, -79.515663147, 14.9745607376, 431.53894043, 59.2576332092, -146.777313232, 23.4889850616, 42.5491447449, -86.2602005005, -7.96452379227], [-26.1086673737, 8.04550552368, -33.0301132202, 41.5625839233, 38.3286170959, -24.5674495697, 59.2576332092, 136.871826172, 4.06177759171, 6.89365053177, -7.66659784317, -5.04308366776, 12.9570493698], [-631.303466797, -106.180839539, 262.765106201, 97.4763946533, 58.460849762, 138.184860229, -146.777313232, 4.06177759171, 244.129211426, -0.533787786961, 18.2841262817, 55.2800941467, -0.88581943512], [292.9659729, -23.301574707, -144.461486816, 2.58249258995, 35.1806716919, -47.8558807373, 23.4889850616, 6.89365053177, -0.533787786961, 135.65284729, 14.3336172104, -28.0579071045, 6.85699224472], [-118.714263916, 49.3056564331, 75.5716400146, -58.6580162048, -39.0979385376, 53.3315544128, 42.5491447449, -7.66659784317, 18.2841262817, 14.3336172104, 116.302062988, 25.4338741302, 3.70692253113], [-315.131896973, 37.8276939392, 177.894393921, 60.4435195923, -5.67059659958, 27.968038559, -86.2602005005, -5.04308366776, 55.2800941467, -28.0579071045, 25.4338741302, 126.99004364, 18.7142410278], [75.7397155762, 42.217414856, -44.8984413147, 27.6013221741, 16.9839305878, -29.3730678558, -7.96452379227, 12.9570493698, -0.88581943512, 6.85699224472, 3.70692253113, 18.7142410278, 90.7570343018]],
        "icov": [[0.000127316874568, -2.74200156127e-05, 6.5854859713e-05, 8.42026474857e-06, 3.76183197659e-05, 0.000131748092826, -4.93264196848e-05, 9.02459505596e-05, 0.000103435733763, -0.000155009736773, 6.49638095638e-05, 8.60824075062e-05, -5.2772469644e-05], [-2.74200156127e-05, 0.00051810243167, 2.97100741591e-05, 5.01714166603e-05, -0.000129620413645, 0.000133658133564, 2.95878435281e-05, -3.28942951455e-05, 0.000155276444275, 0.000252733181696, -0.000361818267265, -0.000228937191423, -9.94696092675e-05], [6.5854859713e-05, 2.97100741591e-05, 0.0015525034396, -0.000489594240207, 0.000413192348788, -0.0011300916085, -3.98695119657e-05, 9.22345789149e-05, -0.000481830968056, 0.000776968314312, -0.000302264990751, -0.00118714221753, 0.000582150591072], [8.42026474857e-06, 5.01714166603e-05, -0.000489594240207, 0.00261136563495, -0.00117008411326, 0.000265741866315, 0.000395028851926, -0.000595076824538, -3.53900613845e-05, -0.000451694038929, 0.00114443071652, -0.00065414851997, -0.000520230620168], [3.76183197659e-05, -0.000129620413645, 0.000413192348788, -0.00117008411326, 0.00467686029151, -0.00131371861789, 0.000854697078466, -0.00124030769803, -2.64800219156e-05, -0.00133406487294, 0.00104167719837, 0.000728960381821, -0.000551472126972], [0.000131748092826, 0.000133658133564, -0.0011300916085, 0.000265741866315, -0.00131371861789, 0.00627655861899, -0.00184852408711, 0.00184295896906, -0.00296887918375, 0.00162575370632, -0.00154574261978, 0.000970773282461, 0.000751032901462], [-4.93264196848e-05, 2.95878435281e-05, -3.98695119657e-05, 0.000395028851926, 0.000854697078466, -0.00184852408711, 0.00478077214211, -0.00280627352186, 0.00316785206087, -0.000881418294739, -0.00147220760118, 0.00208659656346, -0.000323099811794], [9.02459505596e-05, -3.28942951455e-05, 9.22345789149e-05, -0.000595076824538, -0.00124030769803, 0.00184295896906, -0.00280627352186, 0.00951485615224, -0.00215738103725, 0.000744483841117, 0.000516603060532, -0.000512955943123, -0.000602137646638], [0.000103435733763, 0.000155276444275, -0.000481830968056, -3.53900613845e-05, -2.64800219156e-05, -0.00296887918375, 0.00316785206087, -0.00215738103725, 0.00874043535441, -0.00217203446664, -0.000601434381679, -0.000486933480715, -0.000381675228709], [-0.000155009736773, 0.000252733181696, 0.000776968314312, -0.000451694038929, -0.00133406487294, 0.00162575370632, -0.000881418294739, 0.000744483841117, -0.00217203446664, 0.0102341510355, -0.00306855328381, 0.00147877074778, 0.00015170846018], [6.49638095638e-05, -0.000361818267265, -0.000302264990751, 0.00114443071652, 0.00104167719837, -0.00154574261978, -0.00147220760118, 0.000516603060532, -0.000601434381679, -0.00306855328381, 0.0124283479527, -0.00321760494262, -0.000899831065908], [8.60824075062e-05, -0.000228937191423, -0.00118714221753, -0.00065414851997, 0.000728960381821, 0.000970773282461, 0.00208659656346, -0.000512955943123, -0.000486933480715, 0.00147877074778, -0.00321760494262, 0.0129078580067, -0.00256625493057], [-5.2772469644e-05, -9.94696092675e-05, 0.000582150591072, -0.000520230620168, -0.000551472126972, 0.000751032901462, -0.000323099811794, -0.000602137646638, -0.000381675228709, 0.00015170846018, -0.000899831065908, -0.00256625493057, 0.0125095611438]]
    },
    "spectral_contrast_coeffs": {
        "mean": [-0.716717362404, -0.703815996647, -0.724947273731, -0.764062821865, -0.778087317944, -0.816026091576],
        "stdev": [0.0825504288077, 0.100240923464, 0.112253807485, 0.0983395501971, 0.0933387428522, 0.031687233597]
    },
    "spectral_contrast_valleys": {
        "mean": [-7.53795385361, -7.75832939148, -8.89084434509, -9.37793159485, -9.23844337463, -11.7334718704],
        "stdev": [2.32995986938, 2.37001872063, 2.21552920341, 2.13415932655, 2.15963816643, 1.96833777428]
    }
},
"rhythm": {
    "beats_count": 378,
    "beats_loudness": {
        "mean": 0.0305781867355,
        "stdev": 0.0262213796377
    },
    "bpm": 124.08430481,
    "bpm_histogram_first_peak_bpm": 123,
    "bpm_histogram_first_peak_weight": 0.494152069092,
    "bpm_histogram_second_peak_bpm": 129,
    "bpm_histogram_second_peak_spread": 0.0740740299225,
    "bpm_histogram_second_peak_weight": 0.0663129985332,
    "danceability": 1.13944733143,
    "onset_rate": 3.69631290436,
    "beats_loudness_band_ratio": {
        "mean": [0.471464037895, 0.171967685223, 0.224148347974, 0.0995540395379, 0.0345975756645, 0.0204990021884],
        "stdev": [0.279894292355, 0.137568578124, 0.183923944831, 0.164022490382, 0.0573778450489, 0.0303725805134]
    },
    "beats_position": [0.545668900013, 1.04489791393, 1.54412698746, 2.03174591064, 2.51936507225, 3.00698399544, 3.48299312592, 3.95900225639, 4.43501138687, 4.92263031006, 5.41024923325, 5.89786815643, 6.38548755646, 6.86149644852, 7.3491153717, 7.8251247406, 8.31274318695, 8.80036258698, 9.27637195587, 9.75238037109, 10.22838974, 10.7043991089, 11.1804075241, 11.656416893, 12.1324262619, 12.6084346771, 13.084444046, 13.5488433838, 14.0248527527, 14.5008611679, 14.9768705368, 15.4528799057, 15.9288883209, 16.4048976898, 16.8809070587, 17.3569164276, 17.8329238892, 18.3089332581, 18.784942627, 19.2609519958, 19.7369613647, 20.2129707336, 20.6889801025, 21.1765975952, 21.6642169952, 22.1518363953, 22.616235733, 23.0922451019, 23.5682544708, 24.0558719635, 24.5434913635, 25.0311107635, 25.5071201324, 25.9831295013, 26.470746994, 26.9467563629, 27.4227657318, 27.8871650696, 28.3747844696, 28.8624038696, 29.3384113312, 29.8144207001, 30.290430069, 30.778049469, 31.265668869, 31.7648983002, 32.2525177002, 32.7401351929, 33.204536438, 33.6689338684, 34.1449432373, 34.6209526062, 35.0969619751, 35.572971344, 36.0605888367, 36.5482063293, 37.0358276367, 37.5234451294, 37.9994544983, 38.4754638672, 38.9398651123, 39.4507026672, 39.9383201599, 40.4259414673, 40.91355896, 41.3895683289, 41.8655776978, 42.3415870667, 42.8059844971, 43.281993866, 43.7696151733, 44.2456245422, 44.7216300964, 45.1976394653, 45.6736488342, 46.1496582031, 46.625667572, 47.1016769409, 47.5776863098, 48.0653038025, 48.5529251099, 49.0289344788, 49.5049438477, 49.9809532166, 50.4569587708, 50.9445800781, 51.4321975708, 51.9198188782, 52.3958282471, 52.871837616, 53.3594551086, 53.8354644775, 54.3230819702, 54.8107032776, 55.2983207703, 55.7975502014, 56.2851676941, 56.761177063, 57.2371864319, 57.7248077393, 58.2124252319, 58.7000427246, 59.1760520935, 59.6520614624, 60.1280708313, 60.6040802002, 61.0916976929, 61.5793190002, 62.0669364929, 62.5545578003, 63.042175293, 63.5181846619, 63.9941940308, 64.4585952759, 64.9346008301, 65.4106140137, 65.8982315063, 66.385848999, 66.8734664917, 67.3610839844, 67.8487091064, 68.3247146606, 68.8007278442, 69.2767333984, 69.7527389526, 70.2287521362, 70.7047576904, 71.1923828125, 71.6800003052, 72.1676177979, 72.6552352905, 73.1428527832, 73.6304779053, 74.1180953979, 74.6057128906, 75.0817184448, 75.5577316284, 76.0453491211, 76.5213623047, 77.0089797974, 77.4849853516, 77.9726028442, 78.4370040894, 78.9130172729, 79.3890228271, 79.8650360107, 80.3410415649, 80.8170471191, 81.2930603027, 81.7690658569, 82.2450790405, 82.7326965332, 83.2203140259, 83.7079315186, 84.1839447021, 84.6599502563, 85.1359634399, 85.6119689941, 86.0995864868, 86.5872116089, 87.0748291016, 87.5624465942, 88.0500640869, 88.537689209, 89.0136947632, 89.4897003174, 89.965713501, 90.4417190552, 90.9061203003, 91.3821334839, 91.8581390381, 92.3341445923, 92.8101577759, 93.2861633301, 93.7621765137, 94.2381820679, 94.7141952515, 95.1785888672, 95.6429901123, 96.1190032959, 96.5950088501, 97.0594100952, 97.5238113403, 97.9998168945, 98.4758224487, 98.9402236938, 99.4162368774, 99.8922424316, 100.379859924, 100.867477417, 101.366706848, 101.865936279, 102.36516571, 102.841178894, 103.328796387, 103.804801941, 104.280815125, 104.768432617, 105.25605011, 105.732063293, 106.208068848, 106.69568634, 107.183311462, 107.670928955, 108.158546448, 108.64616394, 109.133781433, 109.621406555, 110.109024048, 110.596641541, 111.084259033, 111.571876526, 112.047889709, 112.535507202, 113.011520386, 113.499137878, 113.986755371, 114.474372864, 114.950386047, 115.426391602, 115.902404785, 116.390022278, 116.877639771, 117.353645325, 117.841270447, 118.328887939, 118.816505432, 119.304122925, 119.780136108, 120.256141663, 120.743759155, 121.231384277, 121.71900177, 122.195007324, 122.671020508, 123.158638, 123.634643555, 124.110656738, 124.598274231, 125.085891724, 125.573509216, 126.0495224, 126.525527954, 127.013153076, 127.500770569, 127.988388062, 128.476013184, 128.963623047, 129.451248169, 129.938858032, 130.426483154, 130.914108276, 131.40171814, 131.889343262, 132.388565063, 132.876190186, 133.363800049, 133.851425171, 134.339050293, 134.826660156, 135.30267334, 135.790298462, 136.266296387, 136.74230957, 137.206710815, 137.671112061, 138.135513306, 138.599899292, 139.064300537, 139.551925659, 140.039550781, 140.527160645, 141.003173828, 141.490783691, 141.966796875, 142.454421997, 142.94203186, 143.429656982, 143.917282104, 144.404891968, 144.89251709, 145.380126953, 145.867752075, 146.355377197, 146.842987061, 147.342224121, 147.841445923, 148.352294922, 148.839904785, 149.327529907, 149.815139771, 150.291152954, 150.790390015, 151.277999878, 151.765625, 152.241622925, 152.717636108, 153.20526123, 153.692871094, 154.180496216, 154.668121338, 155.155731201, 155.643356323, 156.142578125, 156.641815186, 157.129425049, 157.628662109, 158.127883911, 158.615509033, 159.103118896, 159.590744019, 160.089981079, 160.577590942, 161.065216064, 161.564437866, 162.063674927, 162.562896729, 163.062133789, 163.561355591, 164.048980713, 164.536590576, 165.024215698, 165.51184082, 165.999450684, 166.498687744, 166.997909546, 167.497146606, 167.996368408, 168.48399353, 168.971603394, 169.459228516, 169.946838379, 170.434463501, 170.922088623, 171.409698486, 171.908935547, 172.384933472, 172.849334717, 173.302124023, 173.75491333, 174.219314575, 174.68371582, 175.148117065, 175.624130249, 176.088516235, 176.564529419, 177.052154541, 177.539764404, 178.027389526, 178.515014648, 179.002624512, 179.490249634, 180.035919189, 180.581588745, 181.127258301, 181.672927856, 182.218597412, 182.764266968],
    "bpm_histogram": [0, 0, 0, 0, 0, 0, 0, 0, 0, 0, 0, 0, 0, 0, 0, 0, 0, 0, 0, 0, 0, 0, 0, 0, 0, 0, 0, 0, 0, 0, 0, 0, 0, 0, 0, 0, 0, 0, 0, 0, 0, 0, 0, 0, 0, 0, 0, 0, 0, 0, 0, 0, 0, 0, 0, 0, 0, 0, 0, 0, 0, 0, 0, 0, 0, 0, 0, 0, 0, 0, 0, 0, 0, 0, 0, 0, 0, 0, 0, 0, 0, 0, 0, 0, 0, 0, 0, 0, 0, 0, 0, 0, 0, 0, 0, 0, 0, 0, 0, 0, 0, 0, 0, 0, 0, 0, 0, 0, 0, 0, 0.0159151200205, 0, 0, 0, 0, 0, 0, 0.0053050396964, 0, 0, 0.0689655169845, 0, 0, 0.458885937929, 0, 0, 0.379310339689, 0, 0, 0.0663129985332, 0, 0, 0, 0.0053050396964, 0, 0, 0, 0, 0, 0, 0, 0, 0, 0, 0, 0, 0, 0, 0, 0, 0, 0, 0, 0, 0, 0, 0, 0, 0, 0, 0, 0, 0, 0, 0, 0, 0, 0, 0, 0, 0, 0, 0, 0, 0, 0, 0, 0, 0, 0, 0, 0, 0, 0, 0, 0, 0, 0, 0, 0, 0, 0, 0, 0, 0, 0, 0, 0, 0, 0, 0, 0, 0, 0, 0, 0, 0, 0, 0, 0, 0, 0, 0, 0, 0, 0, 0, 0, 0, 0, 0, 0, 0, 0, 0, 0, 0, 0, 0, 0, 0, 0, 0, 0, 0, 0, 0, 0, 0, 0, 0, 0, 0, 0, 0, 0, 0, 0, 0, 0]
},
"tonal": {
    "chords_changes_rate": 0.0698557347059,
    "chords_number_rate": 0.00455580884591,
    "chords_strength": {
        "mean": 0.517861187458,
        "stdev": 0.133235543966
    },
    "hpcp_crest": {
        "mean": 16.8613586426,
        "stdev": 8.37964725494
    },
    "hpcp_entropy": {
        "mean": 1.57914602757,
        "stdev": 0.770329833031
    },
    "key_edma": {
        "strength": 0.545146465302,
        "key": "A#",
        "scale": "minor"
    },
    "key_krumhansl": {
        "strength": 0.528306365013,
        "key": "A#",
        "scale": "minor"
    },
    "key_temperley": {
        "strength": 0.467269510031,
        "key": "A#",
        "scale": "minor"
    },
    "tuning_diatonic_strength": 0.349265128374,
    "tuning_equal_tempered_deviation": 0,
    "tuning_frequency": 441.782684326,
    "tuning_nontempered_energy_ratio": 0.714514374733,
    "hpcp": {
        "mean": [0.128949433565, 0.08699901402, 0.0951434597373, 0.158677607775, 0.119321726263, 0.0691390708089, 0.0736828818917, 0.0626596808434, 0.0895597860217, 0.130302250385, 0.112917721272, 0.12864588201, 0.171847879887, 0.130480289459, 0.116136565804, 0.141581043601, 0.097738943994, 0.0738001838326, 0.0978569239378, 0.0862028002739, 0.0845758169889, 0.111867405474, 0.116979338229, 0.162594601512, 0.189131647348, 0.109319768846, 0.0545099712908, 0.0567180737853, 0.0487834066153, 0.0826113149524, 0.110675148666, 0.0781437307596, 0.0928420946002, 0.127011373639, 0.102872468531, 0.106770992279],
        "stdev": [0.264832526445, 0.191363915801, 0.19748672843, 0.290835797787, 0.23258523643, 0.174714788795, 0.188898220658, 0.156725823879, 0.194947049022, 0.254951059818, 0.227661624551, 0.24329186976, 0.298269629478, 0.241754963994, 0.234169974923, 0.290356308222, 0.22044813633, 0.185990527272, 0.227972105145, 0.212768182158, 0.191607311368, 0.243819266558, 0.223967477679, 0.269840270281, 0.300621926785, 0.217392012477, 0.1558701545, 0.16543571651, 0.145882472396, 0.195574209094, 0.239964455366, 0.173647969961, 0.213385432959, 0.259612560272, 0.218720719218, 0.220790326595]
    },
    "chords_histogram": [20.7289295197, 19.0078468323, 5.74538087845, 5.01138973236, 1.82232344151, 0.6074411273, 1.41736268997, 0.961781799793, 4.42925834656, 4.75828886032, 5.66945075989, 3.92305755615, 1.97418379784, 4.65704870224, 2.80941534042, 5.28980016708, 0.809921562672, 4.45456838608, 3.03720569611, 1.26550245285, 0, 0, 0.151860281825, 1.46798276901],
    "thpcp": [1, 0.578008890152, 0.288211792707, 0.299886733294, 0.257933586836, 0.43679267168, 0.585175216198, 0.413171112537, 0.490886092186, 0.671550095081, 0.543919920921, 0.564532637596, 0.681797206402, 0.459991842508, 0.503054141998, 0.838979661465, 0.630892455578, 0.365560561419, 0.38958516717, 0.331301927567, 0.473531454802, 0.688950002193, 0.597032427788, 0.680192232132, 0.908615171909, 0.689891338348, 0.61405146122, 0.748584628105, 0.516777336597, 0.390205353498, 0.517401099205, 0.45578199625, 0.447179615498, 0.591479063034, 0.618507504463, 0.859690070152],
    "chords_key": "A#",
    "chords_scale": "minor"
}
}