{
"metadata": {
    "version": {
        "essentia": "2.1-dev",
        "essentia_git_sha": "v2.1_beta3-415-gd5473f3",
        "extractor": "music 2.0"
    },
    "audio_properties": {
        "analysis": {
            "equal_loudness": 0,
            "length": 143.830200195,
            "sample_rate": 44100,
            "start_time": 0,
            "downmix": "mix"
        },
        "bit_rate": 192000,
        "length": 143.830200195,
        "lossless": 0,
        "number_channels": 2,
        "replay_gain": -5.59407615662,
        "sample_rate": 44100,
        "codec": "mp3",
        "md5_encoded": "3db98e7fd456adfc0dce3b6a9c2fe747"
    },
    "tags": {
        "file_name": "george_shearing-lullaby_of_birdland.mp3"
    }
},
"lowlevel": {
    "average_loudness": 0.841269910336,
    "barkbands_crest": {
        "mean": 12.5752096176,
        "stdev": 4.3191742897
    },
    "barkbands_flatness_db": {
        "mean": 0.327200680971,
        "stdev": 0.083400696516
    },
    "barkbands_kurtosis": {
        "mean": 18.7387866974,
        "stdev": 34.6232032776
    },
    "barkbands_skewness": {
        "mean": 2.00435471535,
        "stdev": 1.87567698956
    },
    "barkbands_spread": {
        "mean": 3.90522527695,
        "stdev": 4.8227853775
    },
    "dissonance": {
        "mean": 0.386543810368,
        "stdev": 0.065118573606
    },
    "dynamic_complexity": 4.98767137527,
    "erbbands_crest": {
        "mean": 13.3028125763,
        "stdev": 5.21457147598
    },
    "erbbands_flatness_db": {
        "mean": 0.273566931486,
        "stdev": 0.0630522593856
    },
    "erbbands_kurtosis": {
        "mean": 10.4777488708,
        "stdev": 17.119934082
    },
    "erbbands_skewness": {
        "mean": 1.8778128624,
        "stdev": 1.56698071957
    },
    "erbbands_spread": {
        "mean": 13.7999448776,
        "stdev": 12.418715477
    },
    "hfc": {
        "mean": 6.76509284973,
        "stdev": 8.3891992569
    },
    "loudness_ebu128": {
        "integrated": -18.0831413269,
        "loudness_range": 4.67425346375,
        "momentary": {
            "mean": -23.2000732422,
            "stdev": 31.203371048
        },
        "short_term": {
            "mean": -19.0039291382,
            "stdev": 4.2160692215
        }
    },
    "melbands_crest": {
        "mean": 17.391740799,
        "stdev": 6.7070274353
    },
    "melbands_flatness_db": {
        "mean": 0.409753978252,
        "stdev": 0.105465017259
    },
    "melbands_kurtosis": {
        "mean": 24.4805107117,
        "stdev": 40.6558265686
    },
    "melbands_skewness": {
        "mean": 2.28124666214,
        "stdev": 1.9102101326
    },
    "melbands_spread": {
        "mean": 6.25871992111,
        "stdev": 16.7150478363
    },
    "pitch_salience": {
        "mean": 0.508158624172,
        "stdev": 0.151312023401
    },
    "silence_rate_20dB": {
        "mean": 1,
        "stdev": 0
    },
    "silence_rate_30dB": {
        "mean": 0.99176889658,
        "stdev": 0.0903548151255
    },
    "silence_rate_60dB": {
        "mean": 0.15510006249,
        "stdev": 0.362001299858
    },
    "spectral_centroid": {
        "mean": 527.63684082,
        "stdev": 1385.51831055
    },
    "spectral_complexity": {
        "mean": 6.76936721802,
        "stdev": 4.13177013397
    },
    "spectral_decrease": {
        "mean": -6.12647177434e-09,
        "stdev": 6.11318240473e-09
    },
    "spectral_energy": {
        "mean": 0.0237362515181,
        "stdev": 0.0237383134663
    },
    "spectral_energyband_high": {
        "mean": 1.54685149028e-05,
        "stdev": 5.00971764268e-05
    },
    "spectral_energyband_low": {
        "mean": 0.00930977519602,
        "stdev": 0.0133175039664
    },
    "spectral_energyband_middle_high": {
        "mean": 0.000565841502976,
        "stdev": 0.0012321715476
    },
    "spectral_energyband_middle_low": {
        "mean": 0.0148436306044,
        "stdev": 0.0185953900218
    },
    "spectral_entropy": {
        "mean": 5.99067687988,
        "stdev": 0.828493058681
    },
    "spectral_flux": {
        "mean": 0.0529822148383,
        "stdev": 0.0387870110571
    },
    "spectral_kurtosis": {
        "mean": 27.6590995789,
        "stdev": 22.864982605
    },
    "spectral_rms": {
        "mean": 0.00418539438397,
        "stdev": 0.00237482087687
    },
    "spectral_rolloff": {
        "mean": 701.449829102,
        "stdev": 2396.39355469
    },
    "spectral_skewness": {
        "mean": 3.86329030991,
        "stdev": 1.64810729027
    },
    "spectral_spread": {
        "mean": 3111504.25,
        "stdev": 5022026
    },
    "spectral_strongpeak": {
        "mean": 0.720406413078,
        "stdev": 0.699895501137
    },
    "zerocrossingrate": {
        "mean": 0.0241226386279,
        "stdev": 0.0639313161373
    },
    "barkbands": {
        "mean": [1.18122557069e-06, 0.002898076782, 0.00551744410768, 0.00174630340189, 0.00434713298455, 0.00423015002161, 0.00165821064729, 0.00184055208229, 0.000820776680484, 0.00031663896516, 0.000103927406599, 8.13909427961e-05, 6.08079753874e-05, 4.04166057706e-05, 2.21943664656e-05, 1.13666010293e-05, 8.03982675279e-06, 6.02408954364e-06, 7.90068224887e-06, 5.75170815864e-06, 5.05429716213e-06, 3.05348544316e-06, 1.81777011221e-06, 1.30862304104e-06, 7.04591741396e-07, 6.30691943115e-08, 1.46091461151e-09],
        "stdev": [3.17681929118e-06, 0.00483019044623, 0.00926639698446, 0.00283296196721, 0.00622329907492, 0.00769505510107, 0.00345609500073, 0.00417248439044, 0.00302130891941, 0.00102370313834, 0.000413682428189, 0.000292019511107, 0.0002002127585, 0.000128057363327, 7.20326934243e-05, 2.84336601908e-05, 2.29087836487e-05, 1.98770230782e-05, 3.39838188665e-05, 2.47827356361e-05, 1.98702164198e-05, 1.11831932372e-05, 6.63537321088e-06, 4.85095824843e-06, 2.78199036075e-06, 3.11680508958e-07, 1.52318637703e-08]
    },
    "erbbands": {
        "mean": [0.0205902084708, 0.942349791527, 6.22833967209, 5.62122678757, 8.81949329376, 14.9277629852, 24.9677467346, 40.2103157043, 25.6162147522, 27.9769172668, 43.3295478821, 18.126909256, 12.3035421371, 4.90261554718, 3.77547073364, 3.35636591911, 3.18167901039, 1.98263680935, 1.47637307644, 1.0974906683, 0.609224259853, 0.411011099815, 0.391164243221, 0.363765090704, 0.326067864895, 0.280204355717, 0.248849585652, 0.166499376297, 0.109597973526, 0.0819424688816, 0.0502868965268, 0.0317264385521, 0.0204482953995, 0.0115432329476, 0.002590354532, 0.000530143966898, 8.36699982756e-05, 7.40192035664e-06, 1.12066054498e-05, 2.62131143245e-05],
        "stdev": [0.0283707492054, 1.53474760056, 10.5575523376, 7.37758874893, 12.1012134552, 23.8200912476, 44.5448570251, 81.4612731934, 49.4152069092, 63.6413993835, 100.856048584, 56.828086853, 37.5733413696, 12.3086166382, 19.4355354309, 11.4891700745, 10.0104293823, 6.70765972137, 4.56188774109, 3.21401619911, 1.5218449831, 1.09943497181, 1.26870024204, 1.15982091427, 1.76003658772, 1.20455992222, 1.12734222412, 0.578043222427, 0.440007388592, 0.298777014017, 0.184134274721, 0.116210855544, 0.0785180479288, 0.0456106811762, 0.0108620394021, 0.00239215046167, 0.000415544083808, 5.11054095114e-05, 1.12631087177e-05, 2.62658777501e-05]
    },
    "gfcc": {
        "mean": [-184.931854248, 179.230010986, -73.6907196045, 27.176404953, -63.9747467041, -3.2096323967, -30.7026691437, -9.7242937088, -13.464179039, -11.6167564392, -4.51771259308, -19.4037704468, -1.97721529007],
        "cov": [[23771.7382812, 4036.76586914, -2865.62426758, -704.343933105, -1361.04992676, -494.662902832, -612.063049316, -308.72857666, -24.8543338776, -47.7390594482, 84.7843017578, -273.101989746, 5.71392250061], [4036.76586914, 1625.5098877, -275.693786621, -534.293640137, -13.7479352951, -174.570785522, 21.2414550781, -154.071289062, 100.649559021, -57.5399551392, 115.416603088, -107.322097778, 23.4161376953], [-2865.62426758, -275.693786621, 1269.63513184, 667.952392578, 393.477874756, 164.969558716, 198.988723755, 16.5497303009, -24.0256328583, -85.6379165649, -10.3794555664, -20.5739250183, -12.0296726227], [-704.343933105, -534.293640137, 667.952392578, 1099.5222168, 212.09375, 214.022399902, 17.2433948517, 57.7080192566, -120.603225708, -62.5005683899, -71.6694107056, -15.720489502, -32.0179977417], [-1361.04992676, -13.7479352951, 393.477874756, 212.09375, 474.88885498, 93.5701599121, 114.389862061, -18.9535331726, 28.0405426025, -44.9875411987, 17.4078578949, 1.73959219456, -16.7673130035], [-494.662902832, -174.570785522, 164.969558716, 214.022399902, 93.5701599121, 198.428573608, 72.2528076172, 41.2334747314, -24.8993473053, -13.0568027496, -36.3634643555, -3.99130320549, -6.89278459549], [-612.063049316, 21.2414550781, 198.988723755, 17.2433948517, 114.389862061, 72.2528076172, 182.784072876, 43.9683456421, 29.8929481506, -22.0913295746, 7.18642377853, -13.265171051, 2.34432387352], [-308.72857666, -154.071289062, 16.5497303009, 57.7080192566, -18.9535331726, 41.2334747314, 43.9683456421, 111.077842712, 28.2576732635, 9.2441368103, -29.1906166077, 6.87654972076, -4.36508703232], [-24.8543338776, 100.649559021, -24.0256328583, -120.603225708, 28.0405426025, -24.8993473053, 29.8929481506, 28.2576732635, 105.215538025, 42.8270530701, 14.4254245758, -11.0111646652, 7.38766908646], [-47.7390594482, -57.5399551392, -85.6379165649, -62.5005683899, -44.9875411987, -13.0568027496, -22.0913295746, 9.2441368103, 42.8270530701, 101.686561584, 39.4622840881, 12.4950389862, -4.67626190186], [84.7843017578, 115.416603088, -10.3794555664, -71.6694107056, 17.4078578949, -36.3634643555, 7.18642377853, -29.1906166077, 14.4254245758, 39.4622840881, 94.0632171631, 27.3538131714, 0.55849725008], [-273.101989746, -107.322097778, -20.5739250183, -15.720489502, 1.73959219456, -3.99130320549, -13.265171051, 6.87654972076, -11.0111646652, 12.4950389862, 27.3538131714, 74.874786377, 20.7096366882], [5.71392250061, 23.4161376953, -12.0296726227, -32.0179977417, -16.7673130035, -6.89278459549, 2.34432387352, -4.36508703232, 7.38766908646, -4.67626190186, 0.55849725008, 20.7096366882, 56.7814674377]],
        "icov": [[0.000246090407018, -0.000781257869676, 0.000567166833207, -0.00065228814492, 0.000529459619429, -4.06240069424e-05, -5.86346177442e-05, 0.000187382640433, -0.000101941419416, -0.000102951722511, 0.00046028860379, -0.000524652248714, 0.000409618514823], [-0.000781257869676, 0.00391698349267, -0.00152981234714, 0.00231288420036, -0.00148350209929, -3.58814068022e-05, 0.000316690769978, 0.000559632841032, -0.00153775233775, 0.00306833023205, -0.0043870373629, 0.00429612910375, -0.00204009260051], [0.000567166833207, -0.00152981234714, 0.00310204341076, -0.00255623180419, 0.000766013050452, 0.000210392390727, -0.00180051685311, 0.00154370476957, -0.0012151428964, 0.000766331912018, 0.000459777395008, -0.000973202753812, 0.00080598128261], [-0.00065228814492, 0.00231288420036, -0.00255623180419, 0.00407446548343, -0.00207777530886, -0.00112170272041, 0.00220740307122, -0.00261560617946, 0.00275994744152, 8.74278703122e-05, -0.0018502632156, 0.00324377114885, -0.00169092800934], [0.000529459619429, -0.00148350209929, 0.000766013050452, -0.00207777530886, 0.00537610705942, -0.00149308715481, -0.00155185430776, 0.00381823373027, -0.00479845423251, 0.00284123746678, 9.05005799723e-05, -0.00340807484463, 0.00341348722577], [-4.06240069424e-05, -3.58814068022e-05, 0.000210392390727, -0.00112170272041, -0.00149308715481, 0.00938574690372, -0.00409200135618, -0.00119793356862, 0.00390182528645, -0.00407654745504, 0.00441185990348, -0.000696995761245, -0.000426310027251], [-5.86346177442e-05, 0.000316690769978, -0.00180051685311, 0.00220740307122, -0.00155185430776, -0.00409200135618, 0.0123200491071, -0.00640131160617, -0.000590985873714, 0.00390739040449, -0.00605772156268, 0.00498406356201, -0.00257673440501], [0.000187382640433, 0.000559632841032, 0.00154370476957, -0.00261560617946, 0.00381823373027, -0.00119793356862, -0.00640131160617, 0.0197523385286, -0.0105854291469, 0.00183338846546, 0.00568353431299, -0.00718983542174, 0.00546199688688], [-0.000101941419416, -0.00153775233775, -0.0012151428964, 0.00275994744152, -0.00479845423251, 0.00390182528645, -0.000590985873714, -0.0105854291469, 0.0252452958375, -0.0139992861077, 0.00359996361658, 0.00530417868868, -0.00619690027088], [-0.000102951722511, 0.00306833023205, 0.000766331912018, 8.74278703122e-05, 0.00284123746678, -0.00407654745504, 0.00390739040449, 0.00183338846546, -0.0139992861077, 0.024909356609, -0.0145335560665, 0.0029742193874, 0.00221143267117], [0.00046028860379, -0.0043870373629, 0.000459777395008, -0.0018502632156, 9.05005799723e-05, 0.00441185990348, -0.00605772156268, 0.00568353431299, 0.00359996361658, -0.0145335560665, 0.0280537381768, -0.0150838186964, 0.00562646472827], [-0.000524652248714, 0.00429612910375, -0.000973202753812, 0.00324377114885, -0.00340807484463, -0.000696995761245, 0.00498406356201, -0.00718983542174, 0.00530417868868, 0.0029742193874, -0.0150838186964, 0.0289319083095, -0.0127944648266], [0.000409618514823, -0.00204009260051, 0.00080598128261, -0.00169092800934, 0.00341348722577, -0.000426310027251, -0.00257673440501, 0.00546199688688, -0.00619690027088, 0.00221143267117, 0.00562646472827, -0.0127944648266, 0.0247107688338]]
    },
    "melbands": {
        "mean": [0.000469277758384, 0.00257723801769, 0.00108247040771, 0.000876248290297, 0.000848630152177, 0.000850642623845, 0.000380740122637, 0.000321001018165, 0.000347997469362, 9.37144141062e-05, 5.92319847783e-05, 1.95331540453e-05, 1.22627161545e-05, 1.04168148027e-05, 7.75736043579e-06, 5.98673932473e-06, 3.36128709932e-06, 2.61183049588e-06, 1.39439930535e-06, 1.14554961783e-06, 6.67640676966e-07, 4.24433721946e-07, 4.15699901168e-07, 2.67262208808e-07, 3.06530637317e-07, 2.67909371132e-07, 1.9631264081e-07, 1.84276018445e-07, 1.57538096346e-07, 1.40034586593e-07, 8.0558201887e-08, 5.97710538841e-08, 5.92453197612e-08, 3.91958536738e-08, 2.95005389006e-08, 2.34934560694e-08, 1.77333348006e-08, 1.45896414949e-08, 1.33109416822e-08, 8.12513967219e-09],
        "stdev": [0.000731349980924, 0.0042009409517, 0.00129674945492, 0.00134490057826, 0.00145131605677, 0.00164369377308, 0.00073717685882, 0.000714588910341, 0.00084611371858, 0.000315050448989, 0.000185930373846, 5.41049885214e-05, 5.2233277529e-05, 3.82831640309e-05, 4.83661424369e-05, 1.67484722624e-05, 1.15412667583e-05, 8.10292567621e-06, 3.96720724893e-06, 3.06306492348e-06, 1.81664518095e-06, 1.17844888337e-06, 1.45841545418e-06, 8.69148095717e-07, 1.04126820588e-06, 1.15887905849e-06, 1.18850050512e-06, 8.54534789596e-07, 8.31086708786e-07, 5.71161592688e-07, 2.95204785061e-07, 2.39726148266e-07, 2.31102390558e-07, 1.47246012716e-07, 1.10899989636e-07, 8.73413625868e-08, 6.93606594382e-08, 5.72108760366e-08, 5.20934904102e-08, 3.32348157883e-08]
    },
    "melbands128": {
        "mean": [6.40464349999e-07, 2.59203679889e-05, 0.000349728477886, 0.00187195790932, 0.00347987189889, 0.00227526272647, 0.00107551831752, 0.000861328735482, 0.000800499634352, 0.00106858927757, 0.000810072757304, 0.000815377221443, 0.000870097312145, 0.000745219003875, 0.00117573677562, 0.000669118366204, 0.000371771136997, 0.000378466589609, 0.000318579084706, 0.000290811993182, 0.000324360706145, 0.00038495202898, 0.000405462225899, 0.000274407851975, 9.04964617803e-05, 3.97295771108e-05, 4.70353952551e-05, 8.78585051396e-05, 4.26097358286e-05, 1.5431562133e-05, 1.64999401022e-05, 1.51668691615e-05, 8.10370602267e-06, 1.53971413965e-05, 1.1598222045e-05, 8.96585061128e-06, 8.54915197124e-06, 6.7499540819e-06, 9.09178652364e-06, 7.12166547601e-06, 4.80951939608e-06, 5.07502363689e-06, 3.25090672959e-06, 2.12792906495e-06, 4.2321626097e-06, 2.22211747314e-06, 1.91316712517e-06, 6.4224190055e-07, 1.6091011048e-06, 2.15120758185e-06, 7.44077794934e-07, 6.5722662157e-07, 7.74102431933e-07, 5.21593165104e-07, 7.18808905731e-07, 3.26251722527e-07, 2.61582073335e-07, 5.28408861555e-07, 3.6739052689e-07, 4.48183811841e-07, 2.18280788999e-07, 1.92376717223e-07, 2.50383720868e-07, 3.13290911436e-07, 4.41987566546e-07, 2.22150191576e-07, 1.94673674514e-07, 2.77325312936e-07, 1.38709978614e-07, 1.87913869354e-07, 1.94975612544e-07, 1.69715477227e-07, 2.0135144041e-07, 1.21381589224e-07, 1.60251047987e-07, 1.60301695473e-07, 1.23356301174e-07, 1.00084754706e-07, 7.23486834886e-08, 6.5855473963e-08, 5.75409693226e-08, 5.82735353305e-08, 6.38184403101e-08, 5.90537716505e-08, 5.94691478284e-08, 4.02726598736e-08, 3.39172743224e-08, 3.07428216217e-08, 2.96866655702e-08, 2.88394730319e-08, 2.51065532808e-08, 2.28906884558e-08, 1.88924236255e-08, 1.89797813022e-08, 1.55313362171e-08, 1.52926862285e-08, 1.47955407925e-08, 1.30156054823e-08, 1.07716173758e-08, 1.781664416e-08, 1.05867359323e-08, 6.37416164295e-09, 4.49329062846e-09, 3.36305361337e-09, 2.7317650364e-09, 1.92302085367e-09, 1.47176459908e-09, 1.07571729302e-09, 7.21388282443e-10, 5.92583815351e-10, 3.80653480958e-10, 2.59405663616e-10, 1.94531835085e-10, 1.36899394598e-10, 8.01921445914e-11, 4.98203388266e-11, 2.86938389715e-11, 7.25633398854e-12, 3.55327637973e-12, 4.05389524033e-12, 3.54658468392e-12, 3.33540486896e-12, 3.26889426985e-12, 3.20917793208e-12, 3.17334114715e-12, 3.14799011511e-12, 3.12756201146e-12, 3.1021127507e-12],
        "stdev": [1.63513857387e-06, 5.30819452251e-05, 0.000572233169805, 0.00328775937669, 0.00614147400483, 0.00366397411563, 0.00160482269712, 0.00144292297773, 0.00135296781082, 0.00220733252354, 0.00172533490695, 0.00175325118471, 0.00183322175872, 0.00155385187827, 0.00275873928331, 0.00144403905142, 0.000931887479965, 0.000983632169664, 0.000860686239321, 0.00094188580988, 0.000909681548364, 0.00113298476208, 0.00114635028876, 0.00120262079872, 0.000457616901258, 0.00021584793285, 0.000162408221513, 0.000340580620104, 0.000190807608305, 5.03290029883e-05, 5.64541624044e-05, 5.333860463e-05, 2.46522613452e-05, 0.000148664446897, 5.6926986872e-05, 2.92649419862e-05, 2.8999071219e-05, 0.000100187920907, 3.54834483005e-05, 2.01905768336e-05, 2.40757999563e-05, 3.04805798805e-05, 1.47677128552e-05, 6.24744825473e-06, 1.49412644532e-05, 1.00256029327e-05, 9.53885592025e-06, 2.19838057092e-06, 6.09698327025e-06, 8.0287536548e-06, 2.26660563385e-06, 2.45584351433e-06, 2.61682089331e-06, 1.62745618582e-06, 2.76768400909e-06, 1.06812956346e-06, 8.53607389217e-07, 2.55186864706e-06, 1.49421146034e-06, 2.09663949136e-06, 8.92475100045e-07, 7.11529025921e-07, 9.59701083048e-07, 1.29327349896e-06, 2.7832206797e-06, 8.08112645245e-07, 1.16454225463e-06, 3.37601431966e-06, 4.73149071922e-07, 1.18138450489e-06, 1.26078418816e-06, 8.98727193999e-07, 2.01617399398e-06, 5.95475455611e-07, 1.43910403949e-06, 6.76485683471e-07, 4.50623673487e-07, 5.21456001934e-07, 2.73671446394e-07, 2.91196897706e-07, 2.49252593676e-07, 3.16285394319e-07, 4.02128335963e-07, 2.32135860756e-07, 2.88139574423e-07, 1.64587845575e-07, 1.34571962462e-07, 1.31128246039e-07, 1.19232012707e-07, 1.33933440338e-07, 1.02652812473e-07, 9.21867808756e-08, 7.51399014121e-08, 8.34757827306e-08, 7.10581744556e-08, 6.1042008781e-08, 6.53667484585e-08, 5.68026798931e-08, 4.38105232092e-08, 7.43569188444e-08, 4.5921982661e-08, 2.95102946524e-08, 2.04690238093e-08, 1.61491087169e-08, 1.32176589673e-08, 9.80347802937e-09, 7.25463955575e-09, 4.59339455361e-09, 4.09464639972e-09, 3.39939809635e-09, 2.38987918344e-09, 1.44495648779e-09, 1.12566567179e-09, 1.01194630453e-09, 6.82577161459e-10, 4.88814932975e-10, 4.8232101646e-10, 1.16330660382e-10, 6.41322455211e-12, 4.57989028646e-11, 1.31821402752e-11, 5.96581508153e-12, 5.84963457881e-12, 5.75118641946e-12, 5.66695735477e-12, 5.59976804509e-12, 5.555386446e-12, 5.5242733131e-12]
    },
    "mfcc": {
        "mean": [-825.332946777, 199.075714111, 43.1357688904, 31.02967453, -0.803444325924, 2.81760311127, -4.26177406311, -4.87348175049, -4.16304636002, -1.04256665707, -0.486081570387, -2.07293128967, -3.929220438],
        "cov": [[9588.24414062, 2355.38671875, -1421.28137207, -725.159545898, -754.631652832, -392.111083984, -555.019836426, -375.267272949, -232.216033936, 25.6984481812, 5.48592615128, 70.1046218872, 71.2908782959], [2355.38671875, 2468.21533203, -209.25567627, -365.616577148, -149.778930664, -95.2620773315, -115.609260559, -114.743843079, -88.6849365234, 16.4902667999, 69.9022674561, 26.6291294098, 36.2075386047], [-1421.28137207, -209.25567627, 917.055664062, 527.667907715, 240.115661621, 200.524978638, 214.302215576, 129.136383057, 84.5492019653, 3.1097984314, -12.4908208847, 7.42651224136, -7.94638872147], [-725.159545898, -365.616577148, 527.667907715, 659.83996582, 330.184570312, 209.924926758, 173.065765381, 113.367492676, 49.3981742859, -18.3508682251, -14.0210933685, 5.20080566406, 12.6819324493], [-754.631652832, -149.778930664, 240.115661621, 330.184570312, 341.788970947, 185.518630981, 115.91569519, 78.166229248, 33.7859802246, -12.2638959885, -5.18096160889, 0.822938978672, 18.8286247253], [-392.111083984, -95.2620773315, 200.524978638, 209.924926758, 185.518630981, 207.791610718, 133.040267944, 63.0066833496, 35.0963058472, -1.51156806946, -3.08334064484, 11.5490942001, 16.9793300629], [-555.019836426, -115.609260559, 214.302215576, 173.065765381, 115.91569519, 133.040267944, 178.169448853, 104.492134094, 39.8550567627, 0.197505429387, 4.63889789581, 5.30112171173, 2.77118229866], [-375.267272949, -114.743843079, 129.136383057, 113.367492676, 78.166229248, 63.0066833496, 104.492134094, 139.650650024, 77.2410125732, 1.39637684822, -0.840124964714, -0.599719822407, -12.0917701721], [-232.216033936, -88.6849365234, 84.5492019653, 49.3981742859, 33.7859802246, 35.0963058472, 39.8550567627, 77.2410125732, 122.039085388, 48.9047203064, -5.44752311707, 1.30276083946, -11.5809764862], [25.6984481812, 16.4902667999, 3.1097984314, -18.3508682251, -12.2638959885, -1.51156806946, 0.197505429387, 1.39637684822, 48.9047203064, 91.953125, 35.6996078491, -2.01694107056, -0.703636944294], [5.48592615128, 69.9022674561, -12.4908208847, -14.0210933685, -5.18096160889, -3.08334064484, 4.63889789581, -0.840124964714, -5.44752311707, 35.6996078491, 79.1002044678, 30.6974220276, 0.605344712734], [70.1046218872, 26.6291294098, 7.42651224136, 5.20080566406, 0.822938978672, 11.5490942001, 5.30112171173, -0.599719822407, 1.30276083946, -2.01694107056, 30.6974220276, 81.6034393311, 34.376991272], [71.2908782959, 36.2075386047, -7.94638872147, 12.6819324493, 18.8286247253, 16.9793300629, 2.77118229866, -12.0917701721, -11.5809764862, -0.703636944294, 0.605344712734, 34.376991272, 72.3765106201]],
        "icov": [[0.000290176918497, -0.000279674160993, 0.000528116361238, -0.000684396363795, 0.000944352010265, -0.00067857344402, 0.000800900801551, -0.00047399388859, 0.000521148089319, -0.000606518820859, 0.000657384283841, -0.000454010732938, 0.000123294870718], [-0.000279674160993, 0.000742198084481, -0.000650060828775, 0.00103239866439, -0.000979791395366, 0.000531059748027, -0.000562157540116, 0.000478796602692, -0.000317605095915, 0.000650123110972, -0.00109899032395, 0.000580815365538, -0.000427446851972], [0.000528116361238, -0.000650060828775, 0.00336563913152, -0.00311703165062, 0.0021887163166, -0.00104546057992, -0.000476736255223, 8.88320573722e-05, -0.000153709988808, -0.00103846844286, 0.0015674836468, -0.00120693049394, 0.000955127528869], [-0.000684396363795, 0.00103239866439, -0.00311703165062, 0.0064395563677, -0.00526724709198, 0.00143465737347, -0.00174963590689, 0.000408447842347, -0.000377171294531, 0.00150068814401, -0.00146496098023, 0.000950153800659, -0.00062879989855], [0.000944352010265, -0.000979791395366, 0.0021887163166, -0.00526724709198, 0.011513793841, -0.00814916007221, 0.00516163790599, -0.00379376183264, 0.00193433603272, -0.00109199644066, 0.000770476588514, 0.000437698356109, -0.00110720132943], [-0.00067857344402, 0.000531059748027, -0.00104546057992, 0.00143465737347, -0.00814916007221, 0.0176011808217, -0.0129393991083, 0.00752130011097, -0.00526881404221, 0.0026205717586, -0.000770992774051, -0.000282626249827, -0.000897545192856], [0.000800900801551, -0.000562157540116, -0.000476736255223, -0.00174963590689, 0.00516163790599, -0.0129393991083, 0.0239281672984, -0.0165791064501, 0.00942819844931, -0.00556604051962, 0.00191787281074, -0.00114490650594, -0.000264418253209], [-0.00047399388859, 0.000478796602692, 8.88320573722e-05, 0.000408447842347, -0.00379376183264, 0.00752130011097, -0.0165791064501, 0.0276067238301, -0.0194947980344, 0.0128067545593, -0.00770497554913, 0.00409879349172, -0.000242254915065], [0.000521148089319, -0.000317605095915, -0.000153709988808, -0.000377171294531, 0.00193433603272, -0.00526881404221, 0.00942819844931, -0.0194947980344, 0.0289973691106, -0.0207499358803, 0.0140710920095, -0.00885192956775, 0.0053345602937], [-0.000606518820859, 0.000650123110972, -0.00103846844286, 0.00150068814401, -0.00109199644066, 0.0026205717586, -0.00556604051962, 0.0128067545593, -0.0207499358803, 0.0296177137643, -0.0190729927272, 0.0113066397607, -0.00632587308064], [0.000657384283841, -0.00109899032395, 0.0015674836468, -0.00146496098023, 0.000770476588514, -0.000770992774051, 0.00191787281074, -0.00770497554913, 0.0140710920095, -0.0190729927272, 0.0288154166192, -0.0152491517365, 0.0080188466236], [-0.000454010732938, 0.000580815365538, -0.00120693049394, 0.000950153800659, 0.000437698356109, -0.000282626249827, -0.00114490650594, 0.00409879349172, -0.00885192956775, 0.0113066397607, -0.0152491517365, 0.0238416679204, -0.0119644301012], [0.000123294870718, -0.000427446851972, 0.000955127528869, -0.00062879989855, -0.00110720132943, -0.000897545192856, -0.000264418253209, -0.000242254915065, 0.0053345602937, -0.00632587308064, 0.0080188466236, -0.0119644301012, 0.0210001375526]]
    },
    "spectral_contrast_coeffs": {
        "mean": [-0.662708997726, -0.734668493271, -0.780509352684, -0.826024651527, -0.850887775421, -0.811294734478],
        "stdev": [0.0868507698178, 0.0881236791611, 0.0770124420524, 0.0611236318946, 0.0401364155114, 0.034905359149]
    },
    "spectral_contrast_valleys": {
        "mean": [-7.24846172333, -7.59972286224, -9.21464729309, -9.9633769989, -10.1038646698, -12.7001667023],
        "stdev": [2.77978873253, 2.86620521545, 2.62623882294, 2.48417305946, 2.39895033836, 2.03070235252]
    }
},
"rhythm": {
    "beats_count": 319,
    "beats_loudness": {
        "mean": 0.0370276011527,
        "stdev": 0.0253078434616
    },
    "bpm": 135.613006592,
    "bpm_histogram_first_peak_bpm": 136,
    "bpm_histogram_first_peak_weight": 0.536585450172,
    "bpm_histogram_second_peak_bpm": 129,
    "bpm_histogram_second_peak_spread": 0.149999976158,
    "bpm_histogram_second_peak_weight": 0.106918238103,
    "danceability": 1.16085708141,
    "onset_rate": 3.53151464462,
    "beats_loudness_band_ratio": {
        "mean": [0.48117595911, 0.341815561056, 0.198151811957, 0.0232210159302, 0.00288260681555, 0.00328107620589],
        "stdev": [0.324250668287, 0.224605217576, 0.194929853082, 0.0662057846785, 0.00423454632983, 0.02858427912]
    },
    "beats_position": [0.487619042397, 0.986848056316, 1.48607707024, 1.95047616959, 2.39165520668, 2.83283448219, 3.27401351929, 3.7151927948, 4.14476203918, 4.57433080673, 5.00390005112, 5.4334692955, 5.86303853989, 6.31582736969, 6.74539661407, 7.17496585846, 7.60453510284, 8.03410434723, 8.47528362274, 8.91646194458, 9.35764122009, 9.78721046448, 10.2167797089, 10.6579589844, 11.0875282288, 11.5170974731, 11.9582767487, 12.3994560242, 12.8290243149, 13.2585935593, 13.6997728348, 14.1409521103, 14.5705213547, 15.0000905991, 15.4412698746, 15.8824491501, 16.3236274719, 16.7648067474, 17.2059860229, 17.6471652985, 18.088344574, 18.5179138184, 18.9474830627, 19.3886623383, 19.8182315826, 20.247800827, 20.6773700714, 21.1069393158, 21.548116684, 21.9892959595, 22.4188652039, 22.8484344482, 23.2896137238, 23.7307929993, 24.1719722748, 24.6131515503, 25.0543308258, 25.4955101013, 25.9366893768, 26.3778686523, 26.8074378967, 27.2370071411, 27.6781845093, 28.1193637848, 28.5489330292, 28.9785022736, 29.4196815491, 29.8608608246, 30.3020401001, 30.7432193756, 31.1843986511, 31.6255779266, 32.0551452637, 32.4847145081, 32.9142837524, 33.3438529968, 33.7850341797, 34.2146034241, 34.6441726685, 35.0737419128, 35.5033111572, 35.9444885254, 36.3740577698, 36.8152389526, 37.2564163208, 37.6859855652, 38.1155548096, 38.545124054, 38.9863014221, 39.427482605, 39.8686599731, 40.309841156, 40.7510185242, 41.1805877686, 41.6101570129, 42.0281181335, 42.4692955017, 42.9104766846, 43.3516540527, 43.7812232971, 44.2107925415, 44.6519737244, 45.0931510925, 45.5343284607, 45.9755096436, 46.4166870117, 46.8578681946, 47.2990455627, 47.7402267456, 48.1814041138, 48.6225852966, 49.0637626648, 49.5049438477, 49.9461212158, 50.3989105225, 50.8400878906, 51.2928771973, 51.7340583801, 52.1984558105, 52.6396369934, 53.0924263, 53.5452156067, 53.9980049133, 54.4391822815, 54.8803634644, 55.3215408325, 55.7511100769, 56.1922874451, 56.6334686279, 57.0746459961, 57.515827179, 57.9570045471, 58.4214057922, 58.8741950989, 59.3269844055, 59.7681617737, 60.2093429565, 60.6505203247, 61.0916976929, 61.5328788757, 61.9624481201, 62.4036254883, 62.8448066711, 63.2859840393, 63.7387733459, 64.1915664673, 64.655960083, 65.1087493896, 65.5615386963, 66.0143280029, 66.478729248, 66.9199066162, 67.3726959229, 67.8254852295, 68.2782745361, 68.7310638428, 69.1838531494, 69.6250305176, 70.0546035767, 70.5073928833, 70.9601821899, 71.4013595581, 71.8541488647, 72.3069381714, 72.759727478, 73.2125167847, 73.6769180298, 74.1297073364, 74.5824966431, 75.0468902588, 75.5112915039, 75.9524688721, 76.3936462402, 76.8348312378, 77.2643966675, 77.5894775391, 77.9029464722, 78.2280273438, 78.5879364014, 78.9362335205, 79.2497024536, 79.5631713867, 79.8998641968, 80.2481613159, 80.584854126, 80.9331512451, 81.2698364258, 81.7342376709, 82.198638916, 82.6398162842, 83.0926055908, 83.5570068359, 83.9981842041, 84.4509735107, 84.9153747559, 85.3797683716, 85.8557815552, 86.3317871094, 86.7961883545, 87.2605895996, 87.7133789062, 88.177772522, 88.6305618286, 89.0833511353, 89.5361404419, 89.9773254395, 90.4185028076, 90.8596801758, 91.3124694824, 91.7652587891, 92.2296600342, 92.6940536499, 93.1468429565, 93.6112442017, 94.0640335083, 94.5284347534, 94.9812240601, 95.4224014282, 95.8519744873, 96.2931518555, 96.7343292236, 97.1871185303, 97.6282958984, 98.0810852051, 98.5338745117, 98.9866638184, 99.439453125, 99.8922424316, 100.3334198, 100.786209106, 101.238998413, 101.680175781, 102.121360779, 102.562538147, 103.003715515, 103.456504822, 103.909294128, 104.362083435, 104.803260803, 105.25605011, 105.708839417, 106.150024414, 106.602806091, 107.055595398, 107.508384705, 107.97278595, 108.413963318, 108.878364563, 109.342765808, 109.795555115, 110.236732483, 110.68952179, 111.130699158, 111.583488464, 112.036277771, 112.489067078, 112.930244446, 113.359817505, 113.812606812, 114.265396118, 114.706573486, 115.159362793, 115.6121521, 116.076553345, 116.54094696, 116.993736267, 117.446525574, 117.89931488, 118.375328064, 118.839729309, 119.304122925, 119.756912231, 120.209701538, 120.662490845, 121.115280151, 121.568069458, 122.020858765, 122.462036133, 122.914825439, 123.367614746, 123.832015991, 124.296417236, 124.749206543, 125.190383911, 125.643173218, 126.095962524, 126.548751831, 127.001541138, 127.442718506, 127.883895874, 128.325073242, 128.777862549, 129.230651855, 129.695053101, 130.147842407, 130.612243652, 131.076644897, 131.541046143, 132.005432129, 132.481445312, 132.957458496, 133.43347168, 133.955917358, 134.478363037, 135.012420654, 135.604537964, 136.185028076, 136.777145386, 137.357635498, 137.938140869, 138.507034302, 139.064300537, 139.63319397, 140.202087402, 140.770965576, 141.339859009, 141.908752441, 142.535690308, 143.174240112],
    "bpm_histogram": [0, 0, 0, 0, 0, 0, 0, 0, 0, 0, 0, 0, 0, 0, 0, 0, 0, 0, 0, 0, 0, 0, 0, 0, 0, 0, 0, 0, 0, 0, 0, 0, 0, 0, 0, 0, 0, 0, 0, 0, 0, 0, 0, 0, 0, 0, 0, 0, 0, 0, 0, 0, 0, 0, 0, 0, 0, 0, 0, 0, 0, 0, 0, 0, 0, 0, 0, 0, 0, 0, 0, 0, 0, 0, 0, 0, 0, 0, 0, 0, 0, 0, 0, 0, 0, 0, 0, 0, 0, 0, 0, 0, 0, 0, 0.00314465397969, 0, 0.00314465397969, 0, 0, 0, 0, 0.00628930795938, 0, 0.00943396240473, 0, 0.0188679248095, 0, 0, 0.00314465397969, 0, 0, 0, 0.00314465397969, 0, 0, 0.00628930795938, 0, 0, 0, 0, 0.00628930795938, 0, 0, 0, 0, 0, 0.0188679248095, 0, 0, 0.106918238103, 0, 0, 0, 0.254716992378, 0, 0, 0.358490556479, 0, 0, 0, 0.16037735343, 0, 0, 0, 0.00314465397969, 0, 0, 0, 0, 0, 0, 0, 0, 0, 0, 0, 0, 0, 0, 0, 0, 0, 0, 0, 0, 0, 0, 0.00314465397969, 0, 0, 0, 0, 0.00943396240473, 0, 0, 0, 0, 0, 0.00943396240473, 0, 0, 0, 0, 0, 0, 0.00628930795938, 0, 0, 0, 0, 0, 0.00943396240473, 0, 0, 0, 0, 0, 0, 0, 0, 0, 0, 0, 0, 0, 0, 0, 0, 0, 0, 0, 0, 0, 0, 0, 0, 0, 0, 0, 0, 0, 0, 0, 0, 0, 0, 0, 0, 0, 0, 0, 0, 0, 0, 0, 0, 0, 0, 0, 0, 0, 0, 0, 0, 0, 0, 0, 0, 0, 0]
},
"tonal": {
    "chords_changes_rate": 0.0913197770715,
    "chords_number_rate": 0.00548564037308,
    "chords_strength": {
        "mean": 0.408207565546,
        "stdev": 0.150597915053
    },
    "hpcp_crest": {
        "mean": 15.8562517166,
        "stdev": 7.96555089951
    },
    "hpcp_entropy": {
        "mean": 1.62671768665,
        "stdev": 0.751322984695
    },
    "key_edma": {
        "strength": 0.709535241127,
        "key": "D",
        "scale": "minor"
    },
    "key_krumhansl": {
        "strength": 0.716520130634,
        "key": "D",
        "scale": "minor"
    },
    "key_temperley": {
        "strength": 0.711262464523,
        "key": "D",
        "scale": "minor"
    },
    "tuning_diatonic_strength": 0.329040169716,
    "tuning_equal_tempered_deviation": 0.0095795923844,
    "tuning_frequency": 441.272583008,
    "tuning_nontempered_energy_ratio": 0.662120580673,
    "hpcp": {
        "mean": [0.226301148534, 0.122121021152, 0.0863519310951, 0.102835923433, 0.0603776015341, 0.0412999689579, 0.0599077045918, 0.0487945266068, 0.0804894566536, 0.111384116113, 0.067085005343, 0.0614424459636, 0.0862975344062, 0.060596190393, 0.121342107654, 0.189454421401, 0.100168727338, 0.0586315877736, 0.0919984951615, 0.0673936083913, 0.0947819426656, 0.139805749059, 0.0976141393185, 0.122304007411, 0.176754459739, 0.103762246668, 0.042644135654, 0.0514693185687, 0.0565943010151, 0.140048921108, 0.175012230873, 0.0895941033959, 0.0636091381311, 0.0905852839351, 0.104614235461, 0.190420925617],
        "stdev": [0.348625510931, 0.223715111613, 0.204212754965, 0.244578108191, 0.160290017724, 0.130284592509, 0.178028404713, 0.133775025606, 0.189234122634, 0.236933022738, 0.157476857305, 0.167969793081, 0.229292839766, 0.153733670712, 0.229590699077, 0.337650179863, 0.195280656219, 0.146419674158, 0.244511827826, 0.159281045198, 0.207484096289, 0.282786786556, 0.203308328986, 0.234818860888, 0.31201711297, 0.208189949393, 0.136101275682, 0.167148426175, 0.150540947914, 0.279983788729, 0.31536757946, 0.191791534424, 0.168645247817, 0.227527350187, 0.228710636497, 0.31021797657]
    },
    "chords_histogram": [8.84156131744, 6.35688924789, 6.29235219955, 12.2620201111, 0, 0.903517246246, 1.77476608753, 6.16327857971, 2.03291392326, 16.0051631927, 4.03355932236, 0, 2.12971925735, 0.129073888063, 0.0322684720159, 0, 1.38754439354, 1.83930301666, 4.03355932236, 3.2268474102, 8.06711864471, 0.0645369440317, 9.48693084717, 4.9370765686],
    "thpcp": [1, 0.539639413357, 0.381579726934, 0.454420685768, 0.26680201292, 0.182500034571, 0.264725595713, 0.215617671609, 0.355674088001, 0.492194205523, 0.296441286802, 0.271507441998, 0.381339371204, 0.267767935991, 0.53619748354, 0.837178349495, 0.442634642124, 0.259086579084, 0.406531274319, 0.29780498147, 0.418831020594, 0.617786288261, 0.431346207857, 0.540448009968, 0.781058609486, 0.458514004946, 0.188439771533, 0.227437287569, 0.250084012747, 0.618860840797, 0.773359894753, 0.395906537771, 0.281081825495, 0.400286465883, 0.462278842926, 0.841449201107],
    "chords_key": "A",
    "chords_scale": "major"
}
}