{
"metadata": {
    "version": {
        "essentia": "2.1-dev",
        "essentia_git_sha": "v2.1_beta3-415-gd5473f3",
        "extractor": "music 2.0"
    },
    "audio_properties": {
        "analysis": {
            "equal_loudness": 0,
            "length": 195.108566284,
            "sample_rate": 44100,
            "start_time": 0,
            "downmix": "mix"
        },
        "bit_rate": 192000,
        "length": 195.108566284,
        "lossless": 0,
        "number_channels": 2,
        "replay_gain": -6.26852798462,
        "sample_rate": 44100,
        "codec": "mp3",
        "md5_encoded": "72207e97709223bd81c6c9f356478f78"
    },
    "tags": {
        "file_name": "gil_melle--timepiece.mp3",
        "album": ["The Blue Note Years Vol.1"],
        "artist": ["Gil Mellé"],
        "date": ["1998"],
        "genre": ["Jazz"],
        "title": ["Timepiece"]
    }
},
"lowlevel": {
    "average_loudness": 0.890157401562,
    "barkbands_crest": {
        "mean": 11.338924408,
        "stdev": 4.34115791321
    },
    "barkbands_flatness_db": {
        "mean": 0.168446302414,
        "stdev": 0.0666165947914
    },
    "barkbands_kurtosis": {
        "mean": 12.9758205414,
        "stdev": 18.914648056
    },
    "barkbands_skewness": {
        "mean": 2.49098515511,
        "stdev": 1.83719980717
    },
    "barkbands_spread": {
        "mean": 15.0084896088,
        "stdev": 11.259355545
    },
    "dissonance": {
        "mean": 0.435597240925,
        "stdev": 0.0511192977428
    },
    "dynamic_complexity": 3.32581162453,
    "erbbands_crest": {
        "mean": 10.0854454041,
        "stdev": 5.31148767471
    },
    "erbbands_flatness_db": {
        "mean": 0.154518648982,
        "stdev": 0.056290358305
    },
    "erbbands_kurtosis": {
        "mean": 2.65819382668,
        "stdev": 6.92309856415
    },
    "erbbands_skewness": {
        "mean": 1.00044131279,
        "stdev": 1.08559691906
    },
    "erbbands_spread": {
        "mean": 43.9844284058,
        "stdev": 28.1732368469
    },
    "hfc": {
        "mean": 13.5502853394,
        "stdev": 13.5646448135
    },
    "loudness_ebu128": {
        "integrated": -17.9049129486,
        "loudness_range": 3.24585914612,
        "momentary": {
            "mean": -22.3791923523,
            "stdev": 30.8376312256
        },
        "short_term": {
            "mean": -18.6672706604,
            "stdev": 5.28785467148
        }
    },
    "melbands_crest": {
        "mean": 15.8192157745,
        "stdev": 6.31240367889
    },
    "melbands_flatness_db": {
        "mean": 0.240446001291,
        "stdev": 0.0824984237552
    },
    "melbands_kurtosis": {
        "mean": 36.3242416382,
        "stdev": 66.9213027954
    },
    "melbands_skewness": {
        "mean": 3.64787721634,
        "stdev": 2.98022413254
    },
    "melbands_spread": {
        "mean": 15.1294631958,
        "stdev": 18.1119480133
    },
    "pitch_salience": {
        "mean": 0.525197923183,
        "stdev": 0.144034191966
    },
    "silence_rate_20dB": {
        "mean": 1,
        "stdev": 0
    },
    "silence_rate_30dB": {
        "mean": 0.989052832127,
        "stdev": 0.104057140648
    },
    "silence_rate_60dB": {
        "mean": 0.0768681615591,
        "stdev": 0.266386151314
    },
    "spectral_centroid": {
        "mean": 1001.78259277,
        "stdev": 1335.82958984
    },
    "spectral_complexity": {
        "mean": 11.1211328506,
        "stdev": 7.06601667404
    },
    "spectral_decrease": {
        "mean": -7.18563430979e-09,
        "stdev": 6.28898311206e-09
    },
    "spectral_energy": {
        "mean": 0.0283492933959,
        "stdev": 0.0246076136827
    },
    "spectral_energyband_high": {
        "mean": 0.000372319162125,
        "stdev": 0.000604796514381
    },
    "spectral_energyband_low": {
        "mean": 0.0110407574102,
        "stdev": 0.0158184655011
    },
    "spectral_energyband_middle_high": {
        "mean": 0.00330347544514,
        "stdev": 0.00610888237134
    },
    "spectral_energyband_middle_low": {
        "mean": 0.0151165742427,
        "stdev": 0.0155067611486
    },
    "spectral_entropy": {
        "mean": 7.32727193832,
        "stdev": 0.650867521763
    },
    "spectral_flux": {
        "mean": 0.0738664492965,
        "stdev": 0.0443967245519
    },
    "spectral_kurtosis": {
        "mean": 4.49258327484,
        "stdev": 6.24575948715
    },
    "spectral_rms": {
        "mean": 0.00473688263446,
        "stdev": 0.00228465953842
    },
    "spectral_rolloff": {
        "mean": 1123.13818359,
        "stdev": 2389.78637695
    },
    "spectral_skewness": {
        "mean": 1.64402830601,
        "stdev": 0.731725513935
    },
    "spectral_spread": {
        "mean": 6056543,
        "stdev": 4618010
    },
    "spectral_strongpeak": {
        "mean": 0.907716155052,
        "stdev": 1.04004454613
    },
    "zerocrossingrate": {
        "mean": 0.0525652430952,
        "stdev": 0.0611977502704
    },
    "barkbands": {
        "mean": [8.2917540567e-06, 0.00473574595526, 0.00497659947723, 0.00231944723055, 0.00397207634524, 0.00359344342723, 0.00208698492497, 0.00135414325632, 0.00136107788421, 0.00101706350688, 0.000562960689422, 0.000353973562596, 0.000366408698028, 0.000296002719551, 0.000476159912068, 0.000181385068572, 8.35629689391e-05, 0.000133016525069, 6.73773756716e-05, 7.60802140576e-05, 8.85258123162e-05, 8.20905115688e-05, 6.26924665994e-05, 4.49963299616e-05, 2.96841335512e-05, 1.11272711365e-05, 8.34910679259e-06],
        "stdev": [1.63183140103e-05, 0.00814382638782, 0.00894733238965, 0.00602794392034, 0.00613062782213, 0.00678465003148, 0.00459699518979, 0.00304485438392, 0.00378210307099, 0.00347278779373, 0.00191975024063, 0.000925605825614, 0.00120648776647, 0.000715717149433, 0.00112469203304, 0.000600240309723, 0.000192596664419, 0.000303256587358, 0.000165818346431, 0.000176526664291, 0.000219226756599, 0.000119962511235, 0.000122387064039, 5.66752387385e-05, 3.64918269042e-05, 1.67415528267e-05, 3.63596300303e-05]
    },
    "erbbands": {
        "mean": [0.0514995679259, 1.39356172085, 5.93093585968, 6.71680927277, 9.39300060272, 16.2041511536, 21.6011257172, 27.001750946, 32.0552139282, 25.3623809814, 34.2788696289, 30.7957344055, 34.0689125061, 28.8607292175, 16.5124931335, 15.8173151016, 16.6560649872, 17.1634044647, 21.8473377228, 18.5268383026, 7.29542446136, 5.1186299324, 7.84345436096, 4.32583856583, 3.12837672234, 3.49176955223, 4.36575460434, 2.71653318405, 2.87342810631, 2.12672328949, 2.00220990181, 1.04939091206, 0.728714942932, 0.383307725191, 0.190182551742, 0.0632440373302, 0.0170873068273, 0.00598652893677, 0.00161484756973, 0.000109976674139],
        "stdev": [0.100597240031, 2.35065221786, 10.7933998108, 14.0715122223, 14.3677005768, 31.0223999023, 44.3512420654, 55.391784668, 72.7782669067, 52.8802185059, 74.9384841919, 89.4373626709, 127.760375977, 92.4439086914, 51.9757919312, 38.6620826721, 57.6046524048, 38.9656028748, 55.0265769958, 43.2967529297, 18.2976016998, 11.3996543884, 17.2402095795, 8.76749134064, 8.44447040558, 8.32296943665, 10.0574226379, 6.75974941254, 4.32852315903, 3.75806832314, 3.75974607468, 1.6065582037, 0.848954379559, 0.467454075813, 0.243446797132, 0.08498442173, 0.0291287004948, 0.018636001274, 0.0072509329766, 0.000373633170966]
    },
    "gfcc": {
        "mean": [-41.5054702759, 91.1746444702, -86.0821914673, 30.9956474304, -70.0688171387, 10.2475547791, -39.0122756958, 2.89069890976, -21.0930366516, 2.34600758553, -18.26679039, -4.3930311203, -13.1844520569],
        "cov": [[25917.4335938, 1821.27746582, -2405.90478516, 182.566375732, -978.562133789, 700.854064941, -788.603088379, -69.9505844116, -446.037017822, -74.4653549194, -400.34979248, -129.152374268, -184.127471924], [1821.27746582, 1031.1328125, -449.687683105, -225.960189819, -60.3204574585, -84.6884689331, -62.6283836365, -9.18465518951, 4.77988052368, -7.22993946075, 33.1418418884, -1.9834394455, 34.5860176086], [-2405.90478516, -449.687683105, 1580.37670898, 432.666992188, -40.4540519714, -57.0345916748, 233.735366821, 70.6332626343, 93.7709732056, 58.0549545288, 43.1022758484, 22.3450870514, -50.4235534668], [182.566375732, -225.960189819, 432.666992188, 681.588867188, -34.6807556152, 65.5289306641, 36.4784317017, 48.5507049561, -17.62707901, 36.4934654236, -30.013217926, -37.0717201233, -56.6388320923], [-978.562133789, -60.3204574585, -40.4540519714, -34.6807556152, 406.302642822, 85.1688613892, 60.1860351562, -6.10234928131, 52.104309082, 4.4080119133, 31.3714256287, -0.694125711918, 16.8063545227], [700.854064941, -84.6884689331, -57.0345916748, 65.5289306641, 85.1688613892, 304.770355225, 68.8136138916, 60.5870018005, -27.7184104919, 9.95981025696, -30.8340511322, 7.2029299736, -16.4092330933], [-788.603088379, -62.6283836365, 233.735366821, 36.4784317017, 60.1860351562, 68.8136138916, 205.490936279, 60.1011009216, 32.8575973511, -6.32548761368, 14.0724658966, 11.4895238876, 13.8952713013], [-69.9505844116, -9.18465518951, 70.6332626343, 48.5507049561, -6.10234928131, 60.5870018005, 60.1011009216, 107.460952759, 32.2116470337, 28.5033493042, -1.82499349117, 14.9753522873, -8.0676574707], [-446.037017822, 4.77988052368, 93.7709732056, -17.62707901, 52.104309082, -27.7184104919, 32.8575973511, 32.2116470337, 97.9255218506, 36.9840164185, 32.6613616943, 3.53757786751, 9.86485767365], [-74.4653549194, -7.22993946075, 58.0549545288, 36.4934654236, 4.4080119133, 9.95981025696, -6.32548761368, 28.5033493042, 36.9840164185, 75.2534790039, 25.3986587524, 13.0692434311, -7.47797346115], [-400.34979248, 33.1418418884, 43.1022758484, -30.013217926, 31.3714256287, -30.8340511322, 14.0724658966, -1.82499349117, 32.6613616943, 25.3986587524, 69.0928497314, 29.8419342041, 25.5549068451], [-129.152374268, -1.9834394455, 22.3450870514, -37.0717201233, -0.694125711918, 7.2029299736, 11.4895238876, 14.9753522873, 3.53757786751, 13.0692434311, 29.8419342041, 64.5259017944, 33.3665618896], [-184.127471924, 34.5860176086, -50.4235534668, -56.6388320923, 16.8063545227, -16.4092330933, 13.8952713013, -8.0676574707, 9.86485767365, -7.47797346115, 25.5549068451, 33.3665618896, 79.6158752441]],
        "icov": [[7.92019200162e-05, -0.000140266944072, 6.36786135146e-05, -8.53179590194e-05, 0.000197280969587, -0.000304968416458, 0.000209541729419, 0.000152498076204, -0.000126997212647, 5.58973770239e-05, 0.000241309360717, -0.000116035538667, 9.02808096725e-05], [-0.000140266944072, 0.00148176786024, 0.000241215093411, 0.000333114265231, -9.87640232779e-05, 0.000826464558486, -0.000424083322287, -0.000747162906919, 0.00028059707256, -4.17545234086e-05, -0.00140874495264, 0.0008427259163, -0.00032854906749], [6.36786135146e-05, 0.000241215093411, 0.00133806024678, -0.000759329472203, 0.000488194666104, 0.000366585911252, -0.00141319830436, 0.000800061970949, -0.00110830541234, -0.000173655207618, 1.14193962872e-05, -0.00132848776411, 0.00132406363264], [-8.53179590194e-05, 0.000333114265231, -0.000759329472203, 0.00232780422084, -0.000261833978584, 6.12872599959e-06, 0.000287700182525, -0.0013002960477, 0.00175378168933, -0.00125874287914, -0.000294927682262, 0.0022222881671, -0.00046458496945], [0.000197280969587, -9.87640232779e-05, 0.000488194666104, -0.000261833978584, 0.00391874276102, -0.00218613515608, -0.000280960375676, 0.0021552410908, -0.0030017613899, 0.000971334637143, -0.00100051844493, 0.000171242572833, 0.000324261578498], [-0.000304968416458, 0.000826464558486, 0.000366585911252, 6.12872599959e-06, -0.00218613515608, 0.0067257839255, -0.00282589672133, -0.00294394767843, 0.00361882266589, -0.00249209115282, 0.00155147246551, -0.000925899657886, 0.000422373763286], [0.000209541729419, -0.000424083322287, -0.00141319830436, 0.000287700182525, -0.000280960375676, -0.00282589672133, 0.0099404156208, -0.00447909114882, -0.00106230762322, 0.00469605671242, -0.00203987327404, 0.00187955284491, -0.00229366449639], [0.000152498076204, -0.000747162906919, 0.000800061970949, -0.0013002960477, 0.0021552410908, -0.00294394767843, -0.00447909114882, 0.0182891134173, -0.00746504357085, -0.00368887162767, 0.00600499054417, -0.00728690437973, 0.00353713729419], [-0.000126997212647, 0.00028059707256, -0.00110830541234, 0.00175378168933, -0.0030017613899, 0.00361882266589, -0.00106230762322, -0.00746504357085, 0.021402105689, -0.0080654816702, -0.00541311595589, 0.00762704992667, -0.00392978778109], [5.58973770239e-05, -4.17545234086e-05, -0.000173655207618, -0.00125874287914, 0.000971334637143, -0.00249209115282, 0.00469605671242, -0.00368887162767, -0.0080654816702, 0.0237428732216, -0.00782114639878, -0.00322890933603, 0.00432293908671], [0.000241309360717, -0.00140874495264, 1.14193962872e-05, -0.000294927682262, -0.00100051844493, 0.00155147246551, -0.00203987327404, 0.00600499054417, -0.00541311595589, -0.00782114639878, 0.0293486285955, -0.0115024289116, -0.00220058276318], [-0.000116035538667, 0.0008427259163, -0.00132848776411, 0.0022222881671, 0.000171242572833, -0.000925899657886, 0.00187955284491, -0.00728690437973, 0.00762704992667, -0.00322890933603, -0.0115024289116, 0.0298692286015, -0.0112626152113], [9.02808096725e-05, -0.00032854906749, 0.00132406363264, -0.00046458496945, 0.000324261578498, 0.000422373763286, -0.00229366449639, 0.00353713729419, -0.00392978778109, 0.00432293908671, -0.00220058276318, -0.0112626152113, 0.0205166302621]]
    },
    "melbands": {
        "mean": [0.000895492732525, 0.00272956606932, 0.00123665877618, 0.000946596614085, 0.00072076136712, 0.000646324071568, 0.000477963651065, 0.000266302755335, 0.000283181841951, 0.000191469735, 0.00016648187011, 0.000116402712592, 6.01676692895e-05, 4.08975756727e-05, 3.74794653908e-05, 3.74534683942e-05, 3.08896087517e-05, 3.06646179524e-05, 3.87014333683e-05, 1.65410438058e-05, 6.16112993157e-06, 4.96104985359e-06, 6.74712464388e-06, 6.02494856139e-06, 3.24095549331e-06, 2.38825941778e-06, 2.15968157136e-06, 2.30771752285e-06, 2.73551540886e-06, 2.33371088143e-06, 1.2939589169e-06, 1.59830221946e-06, 1.71441183738e-06, 9.24270580072e-07, 1.15071168239e-06, 9.69858888311e-07, 5.24553058767e-07, 5.6197552567e-07, 3.75790421003e-07, 3.03688182157e-07],
        "stdev": [0.0015862606233, 0.00461085001007, 0.00223498838022, 0.00158808322158, 0.00123554829042, 0.00123161589727, 0.00103401986416, 0.000568135292269, 0.000635218282696, 0.000598771614023, 0.000634449883364, 0.000385562656447, 0.000193632906303, 0.000108672640636, 0.000104007704067, 0.000134327332489, 7.40175164538e-05, 9.01124585653e-05, 9.81548073469e-05, 5.74610639887e-05, 1.53827222675e-05, 1.15299526442e-05, 1.76314752025e-05, 1.22546325656e-05, 6.86182829668e-06, 7.191747045e-06, 5.54249027118e-06, 5.69587518839e-06, 6.43129533273e-06, 5.53759127797e-06, 3.48077583112e-06, 2.56106045526e-06, 2.40885424319e-06, 2.01923148779e-06, 2.31663534578e-06, 1.61710249813e-06, 8.19391857476e-07, 6.33015474705e-07, 5.2149084695e-07, 3.71933623455e-07]
    },
    "melbands128": {
        "mean": [6.67109179631e-06, 0.000137442417326, 0.00105018331669, 0.00272133760154, 0.00342328916304, 0.00207585538737, 0.00136510515586, 0.00106607517228, 0.000845067785122, 0.000983267440461, 0.00117396900896, 0.000500845839269, 0.000756354711484, 0.000916929682717, 0.000534907157999, 0.000602980609983, 0.000646844680887, 0.000421341363108, 0.000423488294473, 0.000242961163167, 0.000230877878494, 0.000240967361606, 0.000361905433238, 0.000252905650996, 0.000168857877725, 0.000189666869119, 0.00016852679255, 0.000192722174688, 0.000134953457746, 0.000111412620754, 0.000134008354507, 8.26360483188e-05, 4.74134685646e-05, 5.68343821215e-05, 2.37497533817e-05, 5.06183678226e-05, 3.86236570193e-05, 4.20907235821e-05, 2.83787994704e-05, 3.82995931432e-05, 4.2215189751e-05, 3.17598642141e-05, 3.24064749293e-05, 2.92283821182e-05, 2.32777347264e-05, 3.46356064256e-05, 3.04999430227e-05, 6.65921106702e-05, 2.2781196094e-05, 1.49232537296e-05, 2.25671901717e-05, 1.06607176349e-05, 5.96875270276e-06, 5.06394371769e-06, 4.53344046036e-06, 5.29537919647e-06, 4.78275069327e-06, 4.41308657173e-06, 8.78756327438e-06, 9.06534660317e-06, 6.36492404738e-06, 2.7843029784e-06, 4.15427803091e-06, 3.08801122628e-06, 2.33861760535e-06, 2.92812524094e-06, 1.74981698819e-06, 2.13083762901e-06, 2.35434549722e-06, 1.98866200662e-06, 2.57600299847e-06, 2.1135535917e-06, 2.52408199231e-06, 2.83384474642e-06, 3.09763845507e-06, 2.60870911006e-06, 1.99904502551e-06, 1.36626420044e-06, 1.13987357508e-06, 1.21700350064e-06, 1.78412426521e-06, 1.5159873783e-06, 1.61299249157e-06, 2.20913307203e-06, 1.30960165734e-06, 9.74684212451e-07, 7.64207470638e-07, 8.36685956074e-07, 1.03647664673e-06, 1.68929670963e-06, 1.02023091131e-06, 8.44187809435e-07, 6.44464080324e-07, 4.2613334017e-07, 4.89019669203e-07, 6.58035730794e-07, 6.01877161444e-07, 4.12633795577e-07, 3.98414869096e-07, 3.36453155114e-07, 3.05189189476e-07, 3.24376941307e-07, 2.60919136963e-07, 2.84314182863e-07, 2.47448809887e-07, 1.445858544e-07, 1.29991235553e-07, 1.20092522593e-07, 1.16087392144e-07, 9.63723181258e-08, 5.7753876348e-08, 5.00434786943e-08, 4.92924598916e-08, 5.10194091419e-08, 4.54215438594e-08, 4.24197921234e-08, 4.48176677992e-08, 5.27197094868e-08, 5.26899803788e-08, 3.36633156905e-08, 5.57411610203e-08, 7.38884509133e-08, 3.13058308166e-08, 1.07423483442e-08, 6.76323130833e-09, 3.24237769966e-09, 6.44589936982e-10, 3.39306360786e-11],
        "stdev": [1.45814474308e-05, 0.000339071149938, 0.00235482305288, 0.00477761263028, 0.00663229124621, 0.00351100042462, 0.00337195023894, 0.00257555255666, 0.00149554037489, 0.00189168949146, 0.0029594018124, 0.000814000843093, 0.00181719311513, 0.00243449630216, 0.00157069752458, 0.00174072780646, 0.00193504150957, 0.00122600712348, 0.00125897268299, 0.000673335103784, 0.000820427376311, 0.000674043956678, 0.000979593372904, 0.000834231614135, 0.00073455052916, 0.000932516704779, 0.000934868643526, 0.000964369333815, 0.000638546189293, 0.000552354322281, 0.000581486849114, 0.000366113643395, 0.000235566709307, 0.00027799262898, 0.000118823903904, 0.000187875397387, 0.000122539218864, 0.0001732402161, 0.000126726430608, 0.000262496003415, 0.00017829069111, 0.00015096583229, 0.000106577950646, 8.54665631778e-05, 8.89854563866e-05, 0.000171840656549, 9.68277090578e-05, 0.000220085072215, 6.40762664261e-05, 6.60533405608e-05, 0.000104208280391, 3.62131904694e-05, 2.30995992752e-05, 1.43715351442e-05, 1.59830760822e-05, 1.78996451723e-05, 1.21212260638e-05, 1.64948105521e-05, 3.36620614689e-05, 2.40244007728e-05, 1.81538889592e-05, 7.28205213818e-06, 1.19174001156e-05, 7.3573651207e-06, 6.32541832601e-06, 1.16365054055e-05, 6.99045131114e-06, 6.52138760415e-06, 7.23713401385e-06, 5.02042166772e-06, 7.99250210548e-06, 6.2297972363e-06, 5.93042295804e-06, 7.79279162089e-06, 7.46988325773e-06, 6.20133687335e-06, 5.66910966882e-06, 4.41340944235e-06, 3.47263130607e-06, 3.28403439198e-06, 3.02262333207e-06, 2.49986374001e-06, 2.67898280981e-06, 3.03562728732e-06, 2.49954746323e-06, 2.49496838478e-06, 1.93096025214e-06, 1.95223356059e-06, 2.53805092143e-06, 3.36434550263e-06, 2.17065030483e-06, 1.58409147843e-06, 1.13526664336e-06, 9.22415722471e-07, 7.87319208939e-07, 7.51845618652e-07, 7.69769485487e-07, 6.46968601359e-07, 6.15911233126e-07, 5.8761230548e-07, 4.39781814521e-07, 4.24925303832e-07, 3.3546132272e-07, 4.13275472511e-07, 3.71498941831e-07, 2.4320414127e-07, 2.06846422657e-07, 1.82484370725e-07, 1.78823157171e-07, 1.38149715667e-07, 1.1138804723e-07, 1.00089067701e-07, 9.81371997e-08, 9.28944317025e-08, 8.01933381922e-08, 9.45528029206e-08, 1.78390052952e-07, 2.56440443991e-07, 3.24579815469e-07, 2.06013140769e-07, 2.8333815294e-07, 3.62602435189e-07, 1.69271416439e-07, 7.98377470801e-08, 5.76196406143e-08, 3.28213971557e-08, 9.06816133295e-09, 7.64652507979e-10]
    },
    "mfcc": {
        "mean": [-681.759643555, 120.612571716, 31.4954299927, 22.2099494934, -1.79733610153, 5.49773359299, -6.79902696609, -2.17865109444, -2.49193000793, 2.19405865669, -0.384328871965, -2.72750496864, -6.02777290344],
        "cov": [[9318.33007812, 1186.62719727, -898.122253418, -489.961547852, 161.352752686, 362.18536377, 36.5082435608, 51.187828064, -17.4536075592, 33.8748207092, -88.5264434814, -138.535110474, -164.972640991], [1186.62719727, 1205.23583984, -275.497680664, -192.52154541, -40.6803627014, -96.150390625, -63.2184867859, -41.9384918213, -35.829864502, -37.6030654907, 14.0791063309, -0.325656741858, -10.251660347], [-898.122253418, -275.497680664, 1350.25183105, 478.085205078, -58.3874893188, 33.0620613098, 52.9019241333, 57.2547340393, 62.2971611023, 50.4736862183, 62.9689903259, 59.6087188721, 54.6149749756], [-489.961547852, -192.52154541, 478.085205078, 502.38973999, 57.668888092, 27.9154930115, 15.7135133743, 2.58617424965, 21.0015926361, 42.4833335876, 20.1250743866, 36.7021598816, 29.4719142914], [161.352752686, -40.6803627014, -58.3874893188, 57.668888092, 219.735748291, 92.5844650269, 30.2343540192, 11.1263809204, 10.0180444717, 29.8798274994, 33.9555473328, 7.35952377319, 1.23093986511], [362.18536377, -96.150390625, 33.0620613098, 27.9154930115, 92.5844650269, 171.763076782, 102.156570435, 57.6910972595, 39.6120910645, 32.6290206909, 16.3707542419, 5.36361074448, 2.78106188774], [36.5082435608, -63.2184867859, 52.9019241333, 15.7135133743, 30.2343540192, 102.156570435, 143.59552002, 85.0936126709, 52.2859039307, 23.5507965088, 9.17924785614, 8.86391925812, 17.2991104126], [51.187828064, -41.9384918213, 57.2547340393, 2.58617424965, 11.1263809204, 57.6910972595, 85.0936126709, 110.805610657, 63.0957336426, 21.1378517151, 12.733083725, 10.1586589813, 14.3840789795], [-17.4536075592, -35.829864502, 62.2971611023, 21.0015926361, 10.0180444717, 39.6120910645, 52.2859039307, 63.0957336426, 86.5315551758, 42.2692260742, 18.4194602966, 12.7384185791, 11.1619710922], [33.8748207092, -37.6030654907, 50.4736862183, 42.4833335876, 29.8798274994, 32.6290206909, 23.5507965088, 21.1378517151, 42.2692260742, 73.5, 40.0726394653, 12.6053066254, 1.38936686516], [-88.5264434814, 14.0791063309, 62.9689903259, 20.1250743866, 33.9555473328, 16.3707542419, 9.17924785614, 12.733083725, 18.4194602966, 40.0726394653, 77.2581100464, 34.7929458618, 6.58645296097], [-138.535110474, -0.325656741858, 59.6087188721, 36.7021598816, 7.35952377319, 5.36361074448, 8.86391925812, 10.1586589813, 12.7384185791, 12.6053066254, 34.7929458618, 69.6706314087, 38.3425102234], [-164.972640991, -10.251660347, 54.6149749756, 29.4719142914, 1.23093986511, 2.78106188774, 17.2991104126, 14.3840789795, 11.1619710922, 1.38936686516, 6.58645296097, 38.3425102234, 69.1725463867]],
        "icov": [[0.000179646216566, -0.000208732293686, 4.07997940783e-05, 7.04176636646e-05, 6.05910317972e-05, -0.000741899595596, 0.000448186474387, -0.000300104729831, 0.000257436215179, -0.00040947587695, 0.000455334258731, -1.36680446303e-05, 0.000245268834988], [-0.000208732293686, 0.00119215261657, 7.41310796002e-05, 0.000132662476972, -6.62836828269e-05, 0.00131367123686, -0.000574089412112, 0.000505236093886, -0.000429861305747, 0.000963702914305, -0.00120274245273, 3.46101187461e-05, -0.000303965352941], [4.07997940783e-05, 7.41310796002e-05, 0.0013829737436, -0.00133367651142, 0.00108449242543, -0.000586776295677, 0.000218075321754, -0.000377366231987, -0.000354090094334, 0.000643194362056, -0.00150976690929, 0.000533366925083, -0.000494845153298], [7.04176636646e-05, 0.000132662476972, -0.00133367651142, 0.0037164229434, -0.00159112049732, 0.000404878141126, -9.43273698795e-05, 0.000612774456386, 0.000522448099218, -0.00223909155466, 0.00246122805402, -0.0016494061565, 0.00020595965907], [6.05910317972e-05, -6.62836828269e-05, 0.00108449242543, -0.00159112049732, 0.00759227387607, -0.00512617826462, 0.0018112224061, 3.68508085558e-06, 0.000567301176488, 0.000173605571035, -0.00378197594546, 0.00177639885806, -0.00114597438369], [-0.000741899595596, 0.00131367123686, -0.000586776295677, 0.000404878141126, -0.00512617826462, 0.0171604622155, -0.0107690449804, 0.00151156249922, -0.000798205845058, -0.000628574518487, -0.000115646565973, -0.00122284458485, 0.00132651021704], [0.000448186474387, -0.000574089412112, 0.000218075321754, -9.43273698795e-05, 0.0018112224061, -0.0107690449804, 0.0202999897301, -0.0106157427654, 0.000298683531582, -0.00115265720524, 0.00155089853797, 0.00103426270653, -0.00236271228641], [-0.000300104729831, 0.000505236093886, -0.000377366231987, 0.000612774456386, 3.68508085558e-06, 0.00151156249922, -0.0106157427654, 0.0239466261119, -0.0134606631473, 0.00552461436018, -0.00322447344661, 0.000808274315204, -0.00106944877189], [0.000257436215179, -0.000429861305747, -0.000354090094334, 0.000522448099218, 0.000567301176488, -0.000798205845058, 0.000298683531582, -0.0134606631473, 0.028065001592, -0.0147700561211, 0.00462758587673, -0.00227394071408, -5.85845009482e-05], [-0.00040947587695, 0.000963702914305, 0.000643194362056, -0.00223909155466, 0.000173605571035, -0.000628574518487, -0.00115265720524, 0.00552461436018, -0.0147700561211, 0.0302861630917, -0.015397223644, 0.00430514384061, -0.000371176400222], [0.000455334258731, -0.00120274245273, -0.00150976690929, 0.00246122805402, -0.00378197594546, -0.000115646565973, 0.00155089853797, -0.00322447344661, 0.00462758587673, -0.015397223644, 0.0291805528104, -0.014476524666, 0.00621409341693], [-1.36680446303e-05, 3.46101187461e-05, 0.000533366925083, -0.0016494061565, 0.00177639885806, -0.00122284458485, 0.00103426270653, 0.000808274315204, -0.00227394071408, 0.00430514384061, -0.014476524666, 0.0294044893235, -0.0147951096296], [0.000245268834988, -0.000303965352941, -0.000494845153298, 0.00020595965907, -0.00114597438369, 0.00132651021704, -0.00236271228641, -0.00106944877189, -5.85845009482e-05, -0.000371176400222, 0.00621409341693, -0.0147951096296, 0.0237059686333]]
    },
    "spectral_contrast_coeffs": {
        "mean": [-0.661877453327, -0.717985630035, -0.748603820801, -0.792928755283, -0.809968531132, -0.780267775059],
        "stdev": [0.0908040180802, 0.0995371863246, 0.0899187549949, 0.0806246772408, 0.0428959950805, 0.0361456349492]
    },
    "spectral_contrast_valleys": {
        "mean": [-7.15759992599, -7.2177271843, -8.35039138794, -8.66808128357, -8.44838905334, -10.5532579422],
        "stdev": [2.65967774391, 2.6303088665, 2.55077314377, 2.4953045845, 2.47751760483, 2.25231289864]
    }
},
"rhythm": {
    "beats_count": 383,
    "beats_loudness": {
        "mean": 0.0439160317183,
        "stdev": 0.0285380426794
    },
    "bpm": 117.06627655,
    "bpm_histogram_first_peak_bpm": 117,
    "bpm_histogram_first_peak_weight": 0.531772613525,
    "bpm_histogram_second_peak_bpm": 112,
    "bpm_histogram_second_peak_spread": 0.206896543503,
    "bpm_histogram_second_peak_weight": 0.0602094233036,
    "danceability": 1.23100554943,
    "onset_rate": 4.42784261703,
    "beats_loudness_band_ratio": {
        "mean": [0.495445907116, 0.247080996633, 0.185660079122, 0.0656572878361, 0.0282072294503, 0.0223495215178],
        "stdev": [0.290671020746, 0.182709410787, 0.176552668214, 0.0974575802684, 0.0494979843497, 0.0369622595608]
    },
    "beats_position": [0.522448956966, 1.04489791393, 1.5673469305, 2.08979582787, 2.60063481331, 3.12308382988, 3.64553284645, 4.1679816246, 4.69043064117, 5.21287965775, 5.73532867432, 6.24616765976, 6.7570066452, 7.27945566177, 7.80190467834, 8.32435321808, 8.84680271149, 9.36925125122, 9.89170074463, 10.4257593155, 10.95981884, 11.505487442, 11.9350566864, 12.3530158997, 12.7477550507, 13.1541042328, 13.5604534149, 13.966802597, 14.3731517792, 14.7795009613, 15.1742401123, 15.5573692322, 15.9521083832, 16.3236274719, 16.7183666229, 17.1131057739, 17.5078449249, 18.0419044495, 18.575963974, 19.0868015289, 19.5976409912, 20.1200904846, 20.642539978, 21.153377533, 21.6642169952, 22.1866664886, 22.7091159821, 23.2431735992, 23.7656230927, 24.2880725861, 24.7873020172, 25.286529541, 25.7857589722, 26.2849884033, 26.7958278656, 27.3182754517, 27.8407249451, 28.3747844696, 28.9088420868, 29.4429016113, 29.988571167, 30.5342407227, 31.0682983398, 31.6023578644, 32.1364173889, 32.6704750061, 33.1929244995, 33.7153739929, 34.2378234863, 34.7602729797, 35.2711105347, 35.7819480896, 36.2927894592, 36.8036270142, 37.3144645691, 37.8253059387, 38.3245353699, 38.8469848633, 39.3578224182, 39.8686599731, 40.3795013428, 40.8903388977, 41.4011802673, 41.9120178223, 42.4228553772, 42.9336967468, 43.4561424255, 43.9785919189, 44.4894332886, 45.0002708435, 45.5227203369, 46.0451698303, 46.5560073853, 47.0668487549, 47.5892944336, 48.111743927, 48.6225852966, 49.1334228516, 49.655872345, 50.1783218384, 50.6891593933, 51.2116088867, 51.7340583801, 52.2448959351, 52.7557373047, 53.2781867981, 53.8006324768, 54.3230819702, 54.8339233398, 55.3563690186, 55.8672103882, 56.3780479431, 56.9004974365, 57.4229469299, 57.9453964233, 58.4678459167, 59.0019035339, 59.5359611511, 60.070022583, 60.5924720764, 61.1265296936, 61.648979187, 62.1830368042, 62.7054862976, 63.227935791, 63.7503852844, 64.2728347778, 64.7952804565, 65.3177337646, 65.8517913818, 66.3742370605, 66.8966903687, 67.4307479858, 67.964805603, 68.4872512817, 69.0097045898, 69.5321502686, 70.0546035767, 70.5654373169, 71.0762786865, 71.5871200562, 72.0979614258, 72.6204071045, 73.1428527832, 73.6536941528, 74.1645355225, 74.6753692627, 75.1978225708, 75.7202682495, 76.2543258667, 76.7767791748, 77.2992248535, 77.8100662231, 78.3209075928, 78.831741333, 79.3425827026, 79.8534240723, 80.3642578125, 80.8750991821, 81.3975524902, 81.9199981689, 82.4308395386, 82.9416732788, 83.4525146484, 83.9633560181, 84.4741897583, 84.9850311279, 85.4958724976, 86.0067138672, 86.5291595459, 87.0516052246, 87.5624465942, 88.0732879639, 88.5841217041, 89.0949630737, 89.6058044434, 90.116645813, 90.6274795532, 91.1383209229, 91.6491622925, 92.1599960327, 92.6708374023, 93.181678772, 93.6925125122, 94.1917419434, 94.6909713745, 95.2018127441, 95.7126541138, 96.223487854, 96.7343292236, 97.2451705933, 97.7560043335, 98.2668457031, 98.7660751343, 99.2653045654, 99.7761459351, 100.286979675, 100.809432983, 101.308662415, 101.796279907, 102.2838974, 102.771514893, 103.259140015, 103.758361816, 104.269203186, 104.768432617, 105.279273987, 105.801719666, 106.324172974, 106.835006714, 107.357460022, 107.868293762, 108.39074707, 108.878364563, 109.365982056, 109.876823425, 110.376052856, 110.875282288, 111.386123657, 111.850517273, 112.314918518, 112.767707825, 113.290153503, 113.812606812, 114.358276367, 114.880722046, 115.403175354, 115.925621033, 116.448066711, 116.97052002, 117.492965698, 118.027030945, 118.549476624, 119.060317993, 119.571151733, 120.070381165, 120.557998657, 121.045623779, 121.533241272, 122.020858765, 122.508476257, 122.99609375, 123.50693512, 124.017776489, 124.51700592, 125.016235352, 125.503852844, 126.003082275, 126.502311707, 127.001541138, 127.500770569, 128.011611938, 128.522445679, 129.021682739, 129.520904541, 130.020126343, 130.519363403, 131.018585205, 131.517822266, 132.028656006, 132.539505005, 133.050338745, 133.561172485, 134.060409546, 134.559631348, 135.070480347, 135.569702148, 136.068939209, 136.579772949, 137.090606689, 137.601455688, 138.112289429, 138.623123169, 139.122360229, 139.621582031, 140.120819092, 140.620040894, 141.119277954, 141.618499756, 142.129333496, 142.640182495, 143.151016235, 143.650253296, 144.149475098, 144.648712158, 145.14793396, 145.647155762, 146.146392822, 146.657226562, 147.156463623, 147.655685425, 148.154922485, 148.654144287, 149.153381348, 149.652603149, 150.15184021, 150.651062012, 151.150299072, 151.649520874, 152.160354614, 152.671203613, 153.182037354, 153.681274414, 154.180496216, 154.691329956, 155.202178955, 155.713012695, 156.223846436, 156.734695435, 157.257141113, 157.779586792, 158.302032471, 158.824493408, 159.335327148, 159.846160889, 160.368606567, 160.891067505, 161.401901245, 161.924346924, 162.446792603, 162.96925354, 163.491699219, 164.014144897, 164.536590576, 165.047439575, 165.558273315, 166.080718994, 166.614776611, 167.160446167, 167.706115723, 168.32144165, 168.925170898, 169.528884888, 170.132598877, 170.724716187, 171.316818237, 171.897323608, 172.408157349, 172.919006348, 173.429840088, 173.940673828, 174.463119507, 174.985580444, 175.496414185, 176.007247925, 176.518096924, 177.028930664, 177.551376343, 178.073822021, 178.584671021, 179.095504761, 179.606338501, 180.1171875, 180.62802124, 181.138870239, 181.649703979, 182.16053772, 182.671386719, 183.193832397, 183.704666138, 184.227111816, 184.737960815, 185.248794556, 185.759628296, 186.270477295, 186.781311035, 187.280548096, 187.756546021, 188.244171143, 188.731781006, 189.207794189, 189.695419312, 190.171432495, 190.600997925, 191.030563354, 191.460128784, 191.878097534, 192.296051025, 192.725616455, 193.155181885, 193.584762573, 194.002716064, 194.420669556],
    "bpm_histogram": [0, 0, 0, 0, 0, 0, 0, 0, 0, 0, 0, 0, 0, 0, 0, 0, 0, 0, 0, 0, 0, 0, 0, 0, 0, 0, 0, 0, 0, 0, 0, 0, 0, 0, 0, 0, 0, 0, 0, 0, 0, 0, 0, 0, 0, 0, 0, 0, 0, 0, 0, 0, 0, 0, 0, 0, 0, 0, 0, 0, 0, 0, 0, 0, 0, 0, 0, 0, 0, 0, 0, 0, 0, 0, 0, 0, 0, 0, 0, 0, 0, 0, 0, 0, 0, 0, 0, 0, 0, 0, 0, 0, 0, 0, 0, 0, 0, 0, 0.00261780107394, 0.00785340275615, 0, 0.00523560214788, 0, 0.00261780107394, 0, 0, 0, 0, 0, 0, 0.0157068055123, 0, 0.0602094233036, 0, 0, 0.269633501768, 0, 0.366492152214, 0, 0, 0.146596863866, 0, 0, 0.041884817183, 0, 0, 0.00785340275615, 0, 0, 0.00523560214788, 0, 0, 0, 0.00261780107394, 0, 0, 0, 0, 0, 0, 0.0183246079832, 0, 0, 0, 0.013089004904, 0, 0, 0, 0.013089004904, 0, 0, 0, 0.0157068055123, 0, 0, 0, 0, 0.00261780107394, 0, 0, 0, 0.00261780107394, 0, 0, 0, 0, 0, 0, 0, 0, 0, 0, 0, 0, 0, 0, 0, 0, 0, 0, 0, 0, 0, 0, 0, 0, 0, 0, 0, 0, 0, 0, 0, 0, 0, 0, 0, 0, 0, 0, 0, 0, 0, 0, 0, 0, 0, 0, 0, 0, 0, 0, 0, 0, 0, 0, 0, 0, 0, 0, 0, 0, 0, 0, 0, 0, 0, 0, 0, 0, 0, 0, 0, 0, 0, 0, 0, 0, 0, 0, 0, 0, 0, 0, 0, 0, 0, 0, 0, 0]
},
"tonal": {
    "chords_changes_rate": 0.096359744668,
    "chords_number_rate": 0.00356887932867,
    "chords_strength": {
        "mean": 0.471161007881,
        "stdev": 0.174329251051
    },
    "hpcp_crest": {
        "mean": 15.3724784851,
        "stdev": 8.10020828247
    },
    "hpcp_entropy": {
        "mean": 1.73646521568,
        "stdev": 0.814887106419
    },
    "key_edma": {
        "strength": 0.838126838207,
        "key": "D#",
        "scale": "major"
    },
    "key_krumhansl": {
        "strength": 0.849076867104,
        "key": "D#",
        "scale": "major"
    },
    "key_temperley": {
        "strength": 0.856740891933,
        "key": "D#",
        "scale": "major"
    },
    "tuning_diatonic_strength": 0.627212703228,
    "tuning_equal_tempered_deviation": 0.0263874996454,
    "tuning_frequency": 440.508575439,
    "tuning_nontempered_energy_ratio": 0.744355082512,
    "hpcp": {
        "mean": [0.0883304700255, 0.0802915990353, 0.150739461184, 0.205493226647, 0.128169983625, 0.0684009492397, 0.0703817084432, 0.0684097707272, 0.107795149088, 0.130130752921, 0.0869864672422, 0.0528030097485, 0.0481817498803, 0.0466948822141, 0.0808795765042, 0.134784981608, 0.137611821294, 0.183223545551, 0.231165289879, 0.158220738173, 0.0870536714792, 0.0691354125738, 0.0694053769112, 0.106602944434, 0.127725571394, 0.0852900668979, 0.0665837973356, 0.0707262381911, 0.0724562630057, 0.162835553288, 0.197429746389, 0.121003486216, 0.127485588193, 0.152402117848, 0.103557817638, 0.0854902863503],
        "stdev": [0.205619171262, 0.189866259694, 0.251973032951, 0.317519009113, 0.222718641162, 0.168340444565, 0.187600106001, 0.161751329899, 0.216571435332, 0.250240117311, 0.193202838302, 0.134202867746, 0.137413099408, 0.134507447481, 0.175551459193, 0.256099224091, 0.24773401022, 0.285132437944, 0.346908807755, 0.259272366762, 0.205927684903, 0.184111326933, 0.176575168967, 0.21568582952, 0.251051723957, 0.186272263527, 0.165529817343, 0.182542189956, 0.169699698687, 0.276971489191, 0.319429546595, 0.213135182858, 0.244869500399, 0.29485347867, 0.216341212392, 0.19655841589]
    },
    "chords_histogram": [11.4679994583, 16.6071853638, 10.9921483994, 2.92648100853, 1.37996673584, 0.618605732918, 0.785153448582, 3.02165126801, 3.21199154854, 2.49821567535, 2.47442293167, 0.285510361195, 1.4037592411, 0.523435652256, 0.0475850589573, 0.0475850589573, 0.309302866459, 4.28265523911, 0.594813227654, 0.475850582123, 2.09374260902, 2.59338569641, 11.6821317673, 19.6764221191],
    "thpcp": [1, 0.684448480606, 0.376586258411, 0.29907348752, 0.300241351128, 0.461154639721, 0.552529215813, 0.368957072496, 0.288035452366, 0.305955260992, 0.313439190388, 0.704411804676, 0.854063093662, 0.52345007658, 0.55149102211, 0.659277677536, 0.4479816854, 0.36982318759, 0.382109582424, 0.3473341465, 0.652085185051, 0.888944983482, 0.554451704025, 0.295896291733, 0.304464876652, 0.295934438705, 0.466311991215, 0.562933802605, 0.376295536757, 0.228421017528, 0.208429858088, 0.201997816563, 0.349877685308, 0.583067536354, 0.59529620409, 0.792608380318],
    "chords_key": "C",
    "chords_scale": "minor"
}
}