{
"metadata": {
    "version": {
        "essentia": "2.1-dev",
        "essentia_git_sha": "v2.1_beta3-415-gd5473f3",
        "extractor": "music 2.0"
    },
    "audio_properties": {
        "analysis": {
            "equal_loudness": 0,
            "length": 132.519180298,
            "sample_rate": 44100,
            "start_time": 0,
            "downmix": "mix"
        },
        "bit_rate": 192000,
        "length": 132.519180298,
        "lossless": 0,
        "number_channels": 2,
        "replay_gain": -8.18849372864,
        "sample_rate": 44100,
        "codec": "mp3",
        "md5_encoded": "1eed494e61433f5c741b0e8495066b67"
    },
    "tags": {
        "file_name": "gunnar_johnson_kvintett-blues_for_lange.mp3",
        "album": ["Svensk Jazzhistoria Vol 8 "],
        "artist": ["Gunnar Johnson Kvintett"],
        "date": ["2002"],
        "genre": ["Jazz"],
        "title": ["Blues for Lange "]
    }
},
"lowlevel": {
    "average_loudness": 0.594463288784,
    "barkbands_crest": {
        "mean": 10.7371435165,
        "stdev": 4.62987518311
    },
    "barkbands_flatness_db": {
        "mean": 0.145852640271,
        "stdev": 0.0687673315406
    },
    "barkbands_kurtosis": {
        "mean": 4.76893901825,
        "stdev": 9.77184104919
    },
    "barkbands_skewness": {
        "mean": 1.53010463715,
        "stdev": 1.30688393116
    },
    "barkbands_spread": {
        "mean": 24.4821720123,
        "stdev": 17.6813755035
    },
    "dissonance": {
        "mean": 0.446649253368,
        "stdev": 0.0429391562939
    },
    "dynamic_complexity": 5.4185833931,
    "erbbands_crest": {
        "mean": 9.74221992493,
        "stdev": 5.14028024673
    },
    "erbbands_flatness_db": {
        "mean": 0.15700058639,
        "stdev": 0.073156312108
    },
    "erbbands_kurtosis": {
        "mean": 0.947308838367,
        "stdev": 3.20411491394
    },
    "erbbands_skewness": {
        "mean": 0.509093105793,
        "stdev": 0.91695189476
    },
    "erbbands_spread": {
        "mean": 47.6114044189,
        "stdev": 32.5390777588
    },
    "hfc": {
        "mean": 13.7934007645,
        "stdev": 20.6551380157
    },
    "loudness_ebu128": {
        "integrated": -17.9127864838,
        "loudness_range": 7.30531215668,
        "momentary": {
            "mean": -23.0610275269,
            "stdev": 28.0237617493
        },
        "short_term": {
            "mean": -19.0995330811,
            "stdev": 4.65583515167
        }
    },
    "melbands_crest": {
        "mean": 14.833735466,
        "stdev": 5.79232645035
    },
    "melbands_flatness_db": {
        "mean": 0.204292520881,
        "stdev": 0.0815012082458
    },
    "melbands_kurtosis": {
        "mean": 19.3370399475,
        "stdev": 30.2564582825
    },
    "melbands_skewness": {
        "mean": 2.89819979668,
        "stdev": 2.38400506973
    },
    "melbands_spread": {
        "mean": 23.7096271515,
        "stdev": 22.7940254211
    },
    "pitch_salience": {
        "mean": 0.53423178196,
        "stdev": 0.131388410926
    },
    "silence_rate_20dB": {
        "mean": 1,
        "stdev": 0
    },
    "silence_rate_30dB": {
        "mean": 0.999474525452,
        "stdev": 0.0229171551764
    },
    "silence_rate_60dB": {
        "mean": 0.174811705947,
        "stdev": 0.37981018424
    },
    "spectral_centroid": {
        "mean": 1404.13623047,
        "stdev": 1332.31433105
    },
    "spectral_complexity": {
        "mean": 10.0651597977,
        "stdev": 6.38838005066
    },
    "spectral_decrease": {
        "mean": -3.68799102368e-09,
        "stdev": 4.01529476335e-09
    },
    "spectral_energy": {
        "mean": 0.0151704559103,
        "stdev": 0.0167040601373
    },
    "spectral_energyband_high": {
        "mean": 0.000469537772005,
        "stdev": 0.000656685442664
    },
    "spectral_energyband_low": {
        "mean": 0.00314688403159,
        "stdev": 0.00387315289117
    },
    "spectral_energyband_middle_high": {
        "mean": 0.00405123038217,
        "stdev": 0.00926460605115
    },
    "spectral_energyband_middle_low": {
        "mean": 0.00777941569686,
        "stdev": 0.0108209131286
    },
    "spectral_entropy": {
        "mean": 7.55337381363,
        "stdev": 0.728719890118
    },
    "spectral_flux": {
        "mean": 0.0507357865572,
        "stdev": 0.0359087847173
    },
    "spectral_kurtosis": {
        "mean": 4.42060899734,
        "stdev": 6.89858436584
    },
    "spectral_rms": {
        "mean": 0.00333022978157,
        "stdev": 0.00192613620311
    },
    "spectral_rolloff": {
        "mean": 1851.65478516,
        "stdev": 2761.46582031
    },
    "spectral_skewness": {
        "mean": 1.52716994286,
        "stdev": 0.834005117416
    },
    "spectral_spread": {
        "mean": 6600508.5,
        "stdev": 4755978
    },
    "spectral_strongpeak": {
        "mean": 1.15139722824,
        "stdev": 1.89983844757
    },
    "zerocrossingrate": {
        "mean": 0.0779973939061,
        "stdev": 0.0665877535939
    },
    "barkbands": {
        "mean": [6.60868590785e-06, 0.002110557165, 0.000802420137916, 0.000509870587848, 0.00105053628795, 0.00108480069321, 0.0010544086108, 0.0020311307162, 0.00195200915914, 0.000418646028265, 0.000739111797884, 0.000455288769444, 0.000256758357864, 0.000375583127607, 0.000684865168296, 0.000428522587754, 0.000550513737835, 0.000102267775219, 3.06928959617e-05, 0.00011899247329, 8.12180151115e-05, 8.46481198096e-05, 7.15340356692e-05, 9.36408177949e-05, 5.98777405685e-05, 1.47788214235e-05, 1.17576405501e-06],
        "stdev": [1.49800271174e-05, 0.00324881728739, 0.00111873890273, 0.000990799278952, 0.0015504512703, 0.00177622877527, 0.00239930744283, 0.0055637024343, 0.00582857988775, 0.00132703501731, 0.00253521394916, 0.00119937502313, 0.000547202362213, 0.00126998091582, 0.00243720668368, 0.00251599517651, 0.00230254488997, 0.000370955327526, 0.000128059371491, 0.00030398418312, 0.000192360050278, 0.000132507295348, 8.85616609594e-05, 0.00012331691687, 9.30380701902e-05, 2.50769171544e-05, 3.98902602683e-06]
    },
    "erbbands": {
        "mean": [0.0319870337844, 0.56327521801, 1.18179512024, 1.20748829842, 2.39795422554, 3.4860394001, 7.96638059616, 8.14818477631, 12.7826757431, 20.4779949188, 63.6591567993, 38.6031799316, 12.2106695175, 27.8892784119, 18.0264930725, 18.8511238098, 13.736456871, 18.6367225647, 30.4424781799, 28.6614303589, 30.9487056732, 23.2990856171, 7.24321317673, 2.19179701805, 2.93971014023, 5.25767612457, 3.18279123306, 3.96971988678, 3.39931678772, 2.59102725983, 1.60383307934, 1.93413937092, 1.46605598927, 0.854518175125, 0.341005384922, 0.0970391631126, 0.0210945755243, 0.00371910235845, 0.000181544557563, 2.42162113864e-05],
        "stdev": [0.0600226521492, 0.8446829319, 1.54514181614, 1.88622391224, 3.88260769844, 5.4742231369, 15.1067590714, 14.8504695892, 29.7438316345, 45.8436851501, 161.670822144, 106.376457214, 30.6062850952, 93.5816421509, 47.7004203796, 44.3729019165, 26.6148948669, 52.2620773315, 99.3130340576, 115.969528198, 114.861763, 95.1352844238, 23.9496135712, 7.13227939606, 10.3974113464, 11.1270608902, 10.6452608109, 7.07504463196, 5.70768785477, 3.14007735252, 2.0658454895, 2.47520136833, 2.03294730186, 1.25686490536, 0.558985948563, 0.16517084837, 0.0373422503471, 0.00703108776361, 0.00082156265853, 3.24885695591e-05]
    },
    "gfcc": {
        "mean": [-70.5098800659, 73.9209365845, -104.545608521, 22.2293739319, -71.5461959839, 21.7371673584, -39.5422973633, 6.76469945908, -20.0380764008, 7.83847236633, -18.2737178802, -1.22746682167, -9.91543674469],
        "cov": [[28828.6953125, 535.716552734, -2367.59448242, 720.284912109, -1527.25012207, 876.214599609, -990.729614258, 265.675354004, -389.163238525, 199.683181763, -434.828674316, 37.5780944824, -43.9879074097], [535.716552734, 1557.7109375, -540.391052246, -513.147399902, 188.501358032, -251.479873657, 99.4435195923, -83.8446731567, 113.897247314, -154.524398804, 50.0189323425, -86.0344161987, 28.0602493286], [-2367.59448242, -540.391052246, 2321.55615234, 914.22845459, 54.9204444885, 525.293212891, 223.317749023, 145.764556885, -205.235977173, 75.8416900635, -12.0268688202, 26.8299732208, -205.821258545], [720.284912109, -513.147399902, 914.22845459, 813.385314941, 33.6161613464, 395.947265625, 68.7544631958, 121.7657547, -97.0500946045, 88.5258865356, -46.0468139648, 14.288438797, -100.948646545], [-1527.25012207, 188.501358032, 54.9204444885, 33.6161613464, 427.816192627, 47.2339096069, 125.049247742, 39.9281959534, 118.661880493, -7.06817102432, 18.8648872375, -9.81259250641, 14.1037759781], [876.214599609, -251.479873657, 525.293212891, 395.947265625, 47.2339096069, 389.822662354, 61.4244880676, 117.934906006, -42.9832115173, 82.9632797241, -29.96443367, 39.1344680786, -47.5725402832], [-990.729614258, 99.4435195923, 223.317749023, 68.7544631958, 125.049247742, 61.4244880676, 203.432159424, 45.5698051453, 48.3859367371, 3.37638449669, 43.0895576477, -4.56846189499, 15.4388828278], [265.675354004, -83.8446731567, 145.764556885, 121.7657547, 39.9281959534, 117.934906006, 45.5698051453, 130.655258179, 47.5046081543, 44.9017601013, -13.6951713562, 18.5526885986, -13.3425931931], [-389.163238525, 113.897247314, -205.235977173, -97.0500946045, 118.661880493, -42.9832115173, 48.3859367371, 47.5046081543, 146.190643311, 28.9460544586, 28.1303424835, 7.1077170372, 46.3805007935], [199.683181763, -154.524398804, 75.8416900635, 88.5258865356, -7.06817102432, 82.9632797241, 3.37638449669, 44.9017601013, 28.9460544586, 96.4161834717, 29.0374450684, 36.4108085632, 9.15881538391], [-434.828674316, 50.0189323425, -12.0268688202, -46.0468139648, 18.8648872375, -29.96443367, 43.0895576477, -13.6951713562, 28.1303424835, 29.0374450684, 94.060508728, 34.314125061, 35.4848022461], [37.5780944824, -86.0344161987, 26.8299732208, 14.288438797, -9.81259250641, 39.1344680786, -4.56846189499, 18.5526885986, 7.1077170372, 36.4108085632, 34.314125061, 80.8363037109, 43.9709434509], [-43.9879074097, 28.0602493286, -205.821258545, -100.948646545, 14.1037759781, -47.5725402832, 15.4388828278, -13.3425931931, 46.3805007935, 9.15881538391, 35.4848022461, 43.9709434509, 111.260513306]],
        "icov": [[0.000161385061801, -0.000328718306264, 0.000375244388124, -0.000449992949143, 0.000578976934776, -0.000620384234935, 0.000548338808585, -0.000445825105999, 0.00030223155045, -0.000137511844514, 0.000105975901533, 0.000158672482939, -0.00024679856142], [-0.000328718306264, 0.00177954800893, -0.000695594586432, 0.00149784865789, -0.00133684789762, 0.000758047099225, -0.00138528994285, 0.0010867677629, -0.00130921415985, 0.00203509419225, -0.00124575162772, 0.000373128394131, 0.000937702890951], [0.000375244388124, -0.000695594586432, 0.00201766099781, -0.00176100200042, 0.00122099730652, -0.0015398983378, -8.34955335449e-06, -0.00120755145326, 0.0019389615627, -0.000302918429952, -2.38281882048e-05, -0.000664371822495, 0.000988436629996], [-0.000449992949143, 0.00149784865789, -0.00176100200042, 0.00492953089997, -0.00206064293161, -0.000312570336973, -0.0014610561775, 0.000663538579829, 0.000124872720335, -0.000396327581257, -0.000165595149156, 0.00104572426062, 0.000689282198437], [0.000578976934776, -0.00133684789762, 0.00122099730652, -0.00206064293161, 0.00625708140433, -0.0035582492128, 0.000819053093437, 0.000360129692126, -0.00404803082347, 0.00199967878871, 0.000431105319876, 1.18159878184e-05, -4.92313338327e-05], [-0.000620384234935, 0.000758047099225, -0.0015398983378, -0.000312570336973, -0.0035582492128, 0.0108272796497, -0.00393007230014, -0.0020031214226, 0.00360956252553, -0.00533795682713, 0.00359126017429, -0.00381871475838, 0.00111549592111], [0.000548338808585, -0.00138528994285, -8.34955335449e-06, -0.0014610561775, 0.000819053093437, -0.00393007230014, 0.0125864371657, -0.00467132311314, -0.00102354050614, 0.00349694513716, -0.00645411945879, 0.00639904802665, -0.00519758742303], [-0.000445825105999, 0.0010867677629, -0.00120755145326, 0.000663538579829, 0.000360129692126, -0.0020031214226, -0.00467132311314, 0.0197633933276, -0.0114349648356, -0.000741123687476, 0.00567355332896, -0.00620158528909, 0.00550322560593], [0.00030223155045, -0.00130921415985, 0.0019389615627, 0.000124872720335, -0.00404803082347, 0.00360956252553, -0.00102354050614, -0.0114349648356, 0.0234385151416, -0.0103153083473, 5.58875908609e-05, 0.00362428789958, -0.0053945928812], [-0.000137511844514, 0.00203509419225, -0.000302918429952, -0.000396327581257, 0.00199967878871, -0.00533795682713, 0.00349694513716, -0.000741123687476, -0.0103153083473, 0.0263020787388, -0.0108141908422, -0.00164456071798, 0.00163629534654], [0.000105975901533, -0.00124575162772, -2.38281882048e-05, -0.000165595149156, 0.000431105319876, 0.00359126017429, -0.00645411945879, 0.00567355332896, 5.58875908609e-05, -0.0108141908422, 0.02329207398, -0.0100554088131, 0.000630866503343], [0.000158672482939, 0.000373128394131, -0.000664371822495, 0.00104572426062, 1.18159878184e-05, -0.00381871475838, 0.00639904802665, -0.00620158528909, 0.00362428789958, -0.00164456071798, -0.0100554088131, 0.0280309431255, -0.0128240166232], [-0.00024679856142, 0.000937702890951, 0.000988436629996, 0.000689282198437, -4.92313338327e-05, 0.00111549592111, -0.00519758742303, 0.00550322560593, -0.0053945928812, 0.00163629534654, 0.000630866503343, -0.0128240166232, 0.0199532061815]]
    },
    "melbands": {
        "mean": [0.00045426536235, 0.000699018943124, 0.000251081393799, 0.000206020908081, 0.000250242592301, 0.000193235915503, 0.000203323725145, 0.00025208669831, 0.000567908398807, 0.000211369435419, 5.46318478882e-05, 0.000108520041977, 7.10376771167e-05, 4.82458781335e-05, 4.29410210927e-05, 2.82736764348e-05, 3.51607777702e-05, 4.16189577663e-05, 5.50818549527e-05, 3.25082146446e-05, 3.79927150789e-05, 3.12231677526e-05, 7.52106552682e-06, 4.48013952337e-06, 1.42411977322e-06, 1.1850889905e-06, 3.51226185558e-06, 3.6035200992e-06, 2.02283649742e-06, 1.85804958619e-06, 2.56333851212e-06, 2.29565557675e-06, 9.47039893617e-07, 1.71792487436e-06, 8.02288639079e-07, 1.1692118278e-06, 1.12330633328e-06, 1.07401695004e-06, 8.31126783396e-07, 6.89652040364e-07],
        "stdev": [0.00074397487333, 0.000899911217857, 0.000379213801352, 0.000304055516608, 0.000445727695478, 0.000341135310009, 0.000460350158392, 0.000646607892122, 0.0014690150274, 0.000590403506067, 0.000158902534167, 0.000359256810043, 0.000208543089684, 0.000144632183947, 0.000107397325337, 6.76008930895e-05, 0.000112395668111, 0.000152432141476, 0.000226170726819, 0.00022782398446, 0.000147087950609, 0.000137183262268, 3.20587860188e-05, 1.67895050254e-05, 4.882916528e-06, 4.55825102108e-06, 9.79588548944e-06, 8.11070094642e-06, 7.83741324994e-06, 5.8306277424e-06, 3.86358942706e-06, 4.14012401961e-06, 1.40442557495e-06, 2.11267138184e-06, 1.10774578843e-06, 1.46044476423e-06, 1.54911845129e-06, 1.54147323883e-06, 1.22515598378e-06, 1.03592799405e-06]
    },
    "melbands128": {
        "mean": [6.03161515755e-06, 0.000125564096379, 0.000649917928968, 0.00106530811172, 0.000778276356868, 0.000315113225952, 0.000218450222746, 0.000270577264018, 0.000240909503191, 0.000209127581911, 0.000192434556084, 0.000203110845177, 0.000317379715852, 0.000257209059782, 0.000171221996425, 0.000162305615959, 0.000212082770304, 0.000182748786756, 0.000274905265542, 0.000170268191141, 0.000225602459977, 0.000451805040939, 0.00070021126885, 0.000693799753208, 0.000170868734131, 0.000125881153508, 3.78377044399e-05, 4.64101867692e-05, 6.36351105641e-05, 6.70671579428e-05, 0.00015683802485, 0.000140280899359, 3.14938588417e-05, 6.23332016403e-05, 3.94673406845e-05, 4.63820797449e-05, 5.270998372e-05, 5.95659985265e-05, 2.27542332141e-05, 2.1969934096e-05, 3.82192702091e-05, 2.17873712245e-05, 4.19957832491e-05, 3.24274260493e-05, 3.42493949574e-05, 4.38671813754e-05, 5.20172106917e-05, 8.33905723994e-05, 3.87511609006e-05, 1.99663354579e-05, 3.95670213038e-05, 3.64066909242e-05, 2.69411430054e-05, 4.5054628572e-05, 5.39604952792e-05, 3.05492576445e-05, 1.06184224933e-05, 6.95273774909e-06, 7.08090783519e-06, 8.00653924671e-06, 3.5588072933e-06, 2.92471054308e-06, 1.88258479739e-06, 8.63371724336e-07, 8.68203642312e-07, 7.9647173834e-07, 1.3304239701e-06, 3.41829809258e-06, 3.95385495722e-06, 3.81404834116e-06, 3.12599240715e-06, 4.43726594312e-06, 2.72338206742e-06, 1.03392176243e-06, 1.72601050963e-06, 2.15481622945e-06, 1.58412160545e-06, 2.18767104343e-06, 2.75046818388e-06, 2.88922728942e-06, 2.73604246104e-06, 2.17157412408e-06, 1.00279146409e-06, 6.26532880688e-07, 9.86150325843e-07, 1.78677476015e-06, 2.20221795644e-06, 1.09708855689e-06, 6.02553768658e-07, 6.32080684682e-07, 8.39858500967e-07, 1.54673023189e-06, 1.40833481055e-06, 1.08986614578e-06, 8.67159599238e-07, 1.16331136724e-06, 1.08366418772e-06, 1.07030257368e-06, 8.04612454886e-07, 6.78010394495e-07, 8.59856754687e-07, 6.86657983806e-07, 5.50786126041e-07, 3.36456650984e-07, 3.96554355575e-07, 3.91022069834e-07, 2.31846854604e-07, 1.98616817215e-07, 1.48480395978e-07, 1.26790340005e-07, 8.86446471782e-08, 7.19153803175e-08, 5.93177560404e-08, 4.80788102664e-08, 4.38089564625e-08, 3.70887960344e-08, 3.05840721637e-08, 8.86213946671e-09, 4.81088013871e-09, 3.28809091066e-09, 2.35132890936e-09, 1.9642012461e-09, 6.26695029204e-10, 2.47995846081e-10, 4.72128846435e-12, 1.91771641969e-12, 1.90202367745e-12, 1.88936453288e-12],
        "stdev": [1.45655094457e-05, 0.000310345902108, 0.00122582225595, 0.00162094808184, 0.00107406370807, 0.000445117562776, 0.000392906542402, 0.000550531083718, 0.000445650599431, 0.00043077536975, 0.000391325971577, 0.000475603679661, 0.000694242829923, 0.000561234133784, 0.000407889921917, 0.000504010065924, 0.000718812574632, 0.000536314444616, 0.000849667470902, 0.000469243997941, 0.000902807689272, 0.00184574001469, 0.00206692074426, 0.00253612198867, 0.000820498913527, 0.000430165062426, 0.000134464964503, 0.000218158078496, 0.000316745165037, 0.000277495622868, 0.000643852108624, 0.000599237158895, 0.00012062946189, 0.000265754642896, 0.000238690103288, 0.000169823208125, 0.000171597144799, 0.000212868239032, 8.4173574578e-05, 6.66521882522e-05, 0.000117906056403, 0.000109832108137, 0.000179020484211, 0.000132940622279, 0.000248212134466, 0.000197999892407, 0.000301251799101, 0.000438527960796, 0.000191964732949, 0.000177619062015, 0.000442513177404, 0.000239445682382, 0.000204626543564, 0.000243393733399, 0.000294740690151, 0.000209710051422, 6.97516079526e-05, 6.32915907772e-05, 4.34197972936e-05, 3.07113514282e-05, 2.30001605814e-05, 2.55495961028e-05, 8.58417479321e-06, 1.94763106265e-06, 2.36175469581e-06, 2.00544081963e-06, 9.79381729849e-06, 1.98639900191e-05, 1.134055492e-05, 8.57032864587e-06, 8.67983726494e-06, 1.58858783834e-05, 1.86566558114e-05, 4.62391972178e-06, 7.94128391135e-06, 1.0734177522e-05, 6.38777146378e-06, 4.99685256727e-06, 4.71518887935e-06, 4.60129513158e-06, 7.43601458453e-06, 4.49019580628e-06, 1.7928066427e-06, 1.3532256844e-06, 1.47666196426e-06, 2.43683962253e-06, 2.93130574391e-06, 1.56227383741e-06, 9.81645939646e-07, 1.09781126412e-06, 1.42501721712e-06, 1.87490513781e-06, 1.89672812212e-06, 1.67987911937e-06, 1.49322306697e-06, 1.96050154955e-06, 1.59807859745e-06, 1.598124868e-06, 1.34722438361e-06, 1.15413138246e-06, 1.3183325791e-06, 1.08605377136e-06, 1.0008868685e-06, 6.47898730222e-07, 6.77155867379e-07, 7.23454547824e-07, 4.56722062836e-07, 3.09355556283e-07, 3.10099665057e-07, 2.3260778903e-07, 1.65799349361e-07, 1.38837023655e-07, 1.11204641939e-07, 8.90155504862e-08, 8.76407781902e-08, 7.21881505683e-08, 5.56749313319e-08, 3.84596070546e-08, 4.08574543087e-08, 3.61407650473e-08, 3.0129012174e-08, 2.46676528093e-08, 7.85355780408e-09, 4.59119675611e-09, 9.36649299788e-11, 3.4738312487e-12, 3.442958375e-12, 3.42337139539e-12]
    },
    "mfcc": {
        "mean": [-705.499572754, 102.938789368, 18.1373462677, 4.62168264389, -2.3815112114, 8.039935112, -5.21565151215, -2.9527657032, 3.63638925552, 1.38947367668, -2.6646707058, 2.58475780487, 3.11284947395],
        "cov": [[12473.3613281, 419.487213135, -333.215789795, -187.221786499, 59.7826309204, 118.684371948, -229.346984863, -54.822227478, 185.881942749, -63.1481513977, -247.833724976, 88.6692504883, 101.276473999], [419.487213135, 1675.37573242, -582.377441406, -217.872970581, -85.1179122925, -150.195022583, -103.387733459, 2.05829787254, -46.5506782532, -30.6260108948, 38.9625320435, -17.6186790466, -101.081138611], [-333.215789795, -582.377441406, 2071.32495117, 474.681549072, 253.643783569, 392.683807373, 441.589904785, 206.141616821, -4.22944879532, 106.834693909, 76.6346130371, -40.3329353333, 49.7466773987], [-187.221786499, -217.872970581, 474.681549072, 349.341827393, 159.692108154, 162.26461792, 150.348846436, 84.9781799316, 49.281879425, 53.5785369873, 34.8421821594, 22.3471069336, 28.971660614], [59.7826309204, -85.1179122925, 253.643783569, 159.692108154, 273.520141602, 160.685577393, 92.143913269, 88.6187515259, 79.3060073853, 48.2043838501, 30.3655586243, 39.7749023438, 28.0267906189], [118.684371948, -150.195022583, 392.683807373, 162.26461792, 160.685577393, 232.843643188, 156.652053833, 83.6785888672, 62.6651306152, 50.9771156311, 23.16381073, 20.5113830566, 37.8950309753], [-229.346984863, -103.387733459, 441.589904785, 150.348846436, 92.143913269, 156.652053833, 204.859008789, 98.7991104126, 25.8589038849, 47.8811645508, 33.5561256409, 7.6735830307, 23.1409473419], [-54.822227478, 2.05829787254, 206.141616821, 84.9781799316, 88.6187515259, 83.6785888672, 98.7991104126, 123.72870636, 64.2097702026, 41.329914093, 33.3398284912, 16.8022232056, 14.0492506027], [185.881942749, -46.5506782532, -4.22944879532, 49.281879425, 79.3060073853, 62.6651306152, 25.8589038849, 64.2097702026, 134.153884888, 56.4667282104, 10.4267787933, 32.9167747498, 34.6327629089], [-63.1481513977, -30.6260108948, 106.834693909, 53.5785369873, 48.2043838501, 50.9771156311, 47.8811645508, 41.329914093, 56.4667282104, 90.4539108276, 44.49243927, 13.9760789871, 17.6161289215], [-247.833724976, 38.9625320435, 76.6346130371, 34.8421821594, 30.3655586243, 23.16381073, 33.5561256409, 33.3398284912, 10.4267787933, 44.49243927, 92.5824203491, 32.970954895, -3.92574334145], [88.6692504883, -17.6186790466, -40.3329353333, 22.3471069336, 39.7749023438, 20.5113830566, 7.6735830307, 16.8022232056, 32.9167747498, 13.9760789871, 32.970954895, 84.1890716553, 44.0475006104], [101.276473999, -101.081138611, 49.7466773987, 28.971660614, 28.0267906189, 37.8950309753, 23.1409473419, 14.0492506027, 34.6327629089, 17.6161289215, -3.92574334145, 44.0475006104, 100.326698303]],
        "icov": [[9.91842753137e-05, -4.82096656924e-05, -4.71653293062e-05, 5.25361756445e-05, 6.66258638375e-05, -0.00026342459023, 0.000303432083456, -3.46286833519e-05, -8.26030372991e-05, -6.28516427241e-05, 0.00039195959107, -0.000276993378066, 5.1767729019e-05], [-4.82096656924e-05, 0.00079214136349, 0.000254505081102, 0.000271842669463, -0.000128278101329, 0.000238803928369, -0.000204530195333, -0.000722963304725, 0.00046012958046, 2.53927555605e-05, -0.000592777039856, 0.000249434669968, 0.000440116651589], [-4.71653293062e-05, 0.000254505081102, 0.00123080750927, -0.000636020675302, -0.000138498973683, -0.000430995831266, -0.00139126682188, -0.000649860012345, 0.00123321439605, -0.000227084761718, -0.000664771825541, 0.00137989083305, -0.000526876538061], [5.25361756445e-05, 0.000271842669463, -0.000636020675302, 0.00558600155637, -0.00169018015731, -0.00040107750101, -0.00153704441618, 0.00038272573147, -0.000540217326488, -0.000308281276375, 4.23991441494e-05, -0.000814276747406, 0.000447495374829], [6.66258638375e-05, -0.000128278101329, -0.000138498973683, -0.00169018015731, 0.00806230865419, -0.0052870544605, 0.00347768771462, -0.00310926954262, -0.000555543461815, -0.000413998903241, 0.000731860578526, -0.00253042113036, 0.00114233128261], [-0.00026342459023, 0.000238803928369, -0.000430995831266, -0.00040107750101, -0.0052870544605, 0.0153449140489, -0.00967525132, 0.00384636805393, -0.00383400917053, 0.00107340456452, -0.000959100667387, 0.00150552263949, -0.00135347584728], [0.000303432083456, -0.000204530195333, -0.00139126682188, -0.00153704441618, 0.00347768771462, -0.00967525132, 0.0199455749243, -0.0102949403226, 0.00553418044001, -0.00382162164897, 0.00232944823802, -0.00206030043773, -9.82459896477e-05], [-3.46286833519e-05, -0.000722963304725, -0.000649860012345, 0.00038272573147, -0.00310926954262, 0.00384636805393, -0.0102949403226, 0.0219957381487, -0.010609081015, 0.00382285797969, -0.0048116305843, 0.00183159182779, 0.000227023250773], [-8.26030372991e-05, 0.00046012958046, 0.00123321439605, -0.000540217326488, -0.000555543461815, -0.00383400917053, 0.00553418044001, -0.010609081015, 0.0195204019547, -0.0111582139507, 0.00630775466561, -0.00408679898828, -0.000834101985674], [-6.28516427241e-05, 2.53927555605e-05, -0.000227084761718, -0.000308281276375, -0.000413998903241, 0.00107340456452, -0.00382162164897, 0.00382285797969, -0.0111582139507, 0.0244020018727, -0.0130782229826, 0.00689380662516, -0.00362427416258], [0.00039195959107, -0.000592777039856, -0.000664771825541, 4.23991441494e-05, 0.000731860578526, -0.000959100667387, 0.00232944823802, -0.0048116305843, 0.00630775466561, -0.0130782229826, 0.0241586286575, -0.0134292561561, 0.00657903635874], [-0.000276993378066, 0.000249434669968, 0.00137989083305, -0.000814276747406, -0.00253042113036, 0.00150552263949, -0.00206030043773, 0.00183159182779, -0.00408679898828, 0.00689380662516, -0.0134292561561, 0.0251895878464, -0.0109456274658], [5.1767729019e-05, 0.000440116651589, -0.000526876538061, 0.000447495374829, 0.00114233128261, -0.00135347584728, -9.82459896477e-05, 0.000227023250773, -0.000834101985674, -0.00362427416258, 0.00657903635874, -0.0109456274658, 0.0166609343141]]
    },
    "spectral_contrast_coeffs": {
        "mean": [-0.697075664997, -0.712152838707, -0.743325650692, -0.777781665325, -0.788147509098, -0.789247751236],
        "stdev": [0.104271143675, 0.110160380602, 0.0888873487711, 0.0790752768517, 0.0584348924458, 0.0403575524688]
    },
    "spectral_contrast_valleys": {
        "mean": [-7.93574714661, -7.70858764648, -8.48059082031, -8.7794713974, -8.87904548645, -10.5701541901],
        "stdev": [2.65681123734, 2.57029795647, 2.50180625916, 2.47026848793, 2.44505763054, 2.44697928429]
    }
},
"rhythm": {
    "beats_count": 316,
    "beats_loudness": {
        "mean": 0.0206397976726,
        "stdev": 0.0185260362923
    },
    "bpm": 147.219665527,
    "bpm_histogram_first_peak_bpm": 148,
    "bpm_histogram_first_peak_weight": 0.489878535271,
    "bpm_histogram_second_peak_bpm": 140,
    "bpm_histogram_second_peak_spread": 0.459459483624,
    "bpm_histogram_second_peak_weight": 0.0634920671582,
    "danceability": 1.16470205784,
    "onset_rate": 3.94599342346,
    "beats_loudness_band_ratio": {
        "mean": [0.394876390696, 0.13991625607, 0.244637906551, 0.0982987433672, 0.0735228583217, 0.0729099437594],
        "stdev": [0.302172034979, 0.115902423859, 0.220464080572, 0.106499567628, 0.135386481881, 0.0947552844882]
    },
    "beats_position": [0.441179126501, 0.905578196049, 1.33514738083, 1.77632653713, 2.21750569344, 2.65868473053, 3.09986400604, 3.52943301201, 3.94739222527, 4.3653512001, 4.77170038223, 5.17804956436, 5.59600877762, 6.00235795975, 6.40870714188, 6.80344676971, 7.20979595184, 7.61614513397, 8.0224943161, 8.42884349823, 8.82358264923, 9.24154186249, 9.64789104462, 10.0542402267, 10.4605894089, 10.866938591, 11.2848978043, 11.6912469864, 12.0975961685, 12.5155553818, 12.933514595, 13.3514738083, 13.7578229904, 14.1757822037, 14.5821313858, 15.0000905991, 15.4064397812, 15.8127889633, 16.2307472229, 16.6487064362, 17.0666656494, 17.4846248627, 17.9141941071, 18.3437633514, 18.7617225647, 19.179681778, 19.574420929, 19.9807701111, 20.3871192932, 20.7818584442, 21.1765975952, 21.5829467773, 22.0009059906, 22.4188652039, 22.8368244171, 23.2547836304, 23.6611328125, 24.0790920258, 24.497051239, 24.9150104523, 25.3329696655, 25.7509288788, 26.168888092, 26.5868473053, 27.0048065186, 27.4227657318, 27.8639450073, 28.2935142517, 28.7230834961, 29.1642627716, 29.6054420471, 30.0582313538, 30.5110206604, 30.9754180908, 31.474647522, 31.9970970154, 32.4963264465, 32.9955558777, 33.4947853088, 33.99401474, 34.4816322327, 34.9808616638, 35.480091095, 35.9677085876, 36.455329895, 36.9429473877, 37.4073448181, 37.8601341248, 38.3129234314, 38.730884552, 39.1372337341, 39.5319709778, 39.9499320984, 40.3562812805, 40.7626304626, 41.1689796448, 41.5637168884, 41.9584579468, 42.3648071289, 42.771156311, 43.1658935547, 43.560634613, 43.9553718567, 44.350112915, 44.7332420349, 45.139591217, 45.5343284607, 45.9406776428, 46.347026825, 46.7533760071, 47.1597251892, 47.5892944336, 48.0304756165, 48.4832649231, 48.9244422913, 49.3540115356, 49.7719726562, 50.1899299622, 50.5962791443, 51.0026283264, 51.4089775085, 51.8269386292, 52.2332878113, 52.6512451172, 53.0575942993, 53.4639434814, 53.8702926636, 54.2650337219, 54.6713829041, 55.0777320862, 55.4956893921, 55.9136505127, 56.3199996948, 56.726348877, 57.1326980591, 57.5390472412, 57.9570045471, 58.3633537292, 58.7813148499, 59.187664032, 59.5940132141, 60.01197052, 60.4183197021, 60.8362808228, 61.2426300049, 61.6605873108, 62.0669364929, 62.4848976135, 62.8796348572, 63.2975959778, 63.7155532837, 64.1219024658, 64.5282516479, 64.9462127686, 65.3641738892, 65.7589111328, 66.1768722534, 66.5716094971, 66.9779586792, 67.3959197998, 67.8022689819, 68.2086181641, 68.6149673462, 69.0097045898, 69.4044418335, 69.8224029541, 70.2287521362, 70.6351013184, 71.0414505005, 71.4477996826, 71.8541488647, 72.2604980469, 72.666847229, 73.0731964111, 73.4911575317, 73.8975067139, 74.303855896, 74.7102050781, 75.1165542603, 75.5112915039, 75.917640686, 76.3239898682, 76.7303390503, 77.1366882324, 77.5430374146, 77.9493865967, 78.3441238403, 78.7504730225, 79.1568222046, 79.5631713867, 79.9695205688, 80.3642578125, 80.7590026855, 81.1653518677, 81.5717010498, 81.9780502319, 82.3843994141, 82.7907485962, 83.1970977783, 83.591835022, 83.9981842041, 84.4045333862, 84.8108825684, 85.2172317505, 85.6119689941, 86.0067138672, 86.4130630493, 86.807800293, 87.2141494751, 87.6204986572, 88.0268478394, 88.421585083, 88.8163223267, 89.2226715088, 89.6174163818, 90.023765564, 90.4301147461, 90.8248519897, 91.2195892334, 91.6259384155, 92.0206756592, 92.4270248413, 92.8217697144, 93.2281188965, 93.6344680786, 94.0408172607, 94.4355545044, 94.830291748, 95.2366409302, 95.6429901123, 96.0493392944, 96.4556884766, 96.8504257202, 97.2451705933, 97.6399078369, 98.0346450806, 98.4642181396, 98.8705673218, 99.288520813, 99.6948699951, 100.101219177, 100.519180298, 100.92552948, 101.331878662, 101.738227844, 102.144577026, 102.550926208, 102.957275391, 103.352012634, 103.758361816, 104.164710999, 104.559455872, 104.977409363, 105.383758545, 105.790107727, 106.196456909, 106.591201782, 106.985939026, 107.392288208, 107.787025452, 108.193374634, 108.599723816, 109.006072998, 109.424034119, 109.841995239, 110.248344421, 110.666305542, 111.084259033, 111.502220154, 111.920181274, 112.338134766, 112.732879639, 113.15083313, 113.56879425, 113.99836731, 114.416320801, 114.84589386, 115.27545929, 115.705032349, 116.146209717, 116.587387085, 117.028572083, 117.469749451, 117.910926819, 118.328887939, 118.74684906, 119.153198242, 119.582763672, 120.012336731, 120.453514099, 120.894691467, 121.347480774, 121.800270081, 122.22983551, 122.647796631, 123.065757751, 123.483718872, 123.901672363, 124.319633484, 124.749206543, 125.178771973, 125.596733093, 126.026298523, 126.455871582, 126.873832703, 127.291786194, 127.709747314, 128.150924683, 128.603713989, 129.056503296, 129.532516479, 130.008529663, 130.484527588, 130.960540771, 131.448165894, 131.935775757],
    "bpm_histogram": [0, 0, 0, 0, 0, 0, 0, 0, 0, 0, 0, 0, 0, 0, 0, 0, 0, 0, 0, 0, 0, 0, 0, 0, 0, 0, 0, 0, 0, 0, 0, 0, 0, 0, 0, 0, 0, 0, 0, 0, 0, 0, 0, 0, 0, 0, 0, 0, 0, 0, 0, 0, 0, 0, 0, 0, 0, 0, 0, 0, 0, 0, 0, 0, 0, 0, 0, 0, 0, 0, 0, 0, 0, 0, 0, 0, 0, 0, 0, 0, 0, 0, 0, 0, 0, 0, 0, 0, 0, 0, 0, 0, 0, 0, 0, 0, 0, 0, 0, 0, 0, 0, 0, 0, 0, 0, 0, 0, 0, 0, 0, 0, 0, 0, 0, 0.00317460321821, 0, 0, 0, 0, 0.0222222227603, 0, 0, 0.0190476197749, 0, 0, 0.0126984128729, 0, 0, 0.00952380988747, 0, 0, 0, 0.0285714287311, 0, 0, 0.0539682544768, 0, 0, 0, 0.0634920671582, 0, 0, 0, 0.238095238805, 0, 0, 0, 0.40000000596, 0, 0, 0, 0.146031752229, 0, 0, 0, 0, 0.00317460321821, 0, 0, 0, 0, 0, 0, 0, 0, 0, 0, 0, 0, 0, 0, 0, 0, 0, 0, 0, 0, 0, 0, 0, 0, 0, 0, 0, 0, 0, 0, 0, 0, 0, 0, 0, 0, 0, 0, 0, 0, 0, 0, 0, 0, 0, 0, 0, 0, 0, 0, 0, 0, 0, 0, 0, 0, 0, 0, 0, 0, 0, 0, 0, 0, 0, 0, 0, 0, 0, 0, 0, 0, 0, 0, 0, 0, 0, 0, 0, 0, 0, 0, 0, 0, 0, 0, 0, 0, 0, 0, 0, 0]
},
"tonal": {
    "chords_changes_rate": 0.1026269719,
    "chords_number_rate": 0.00525394035503,
    "chords_strength": {
        "mean": 0.408102035522,
        "stdev": 0.121823132038
    },
    "hpcp_crest": {
        "mean": 16.6888618469,
        "stdev": 8.9909992218
    },
    "hpcp_entropy": {
        "mean": 1.61580955982,
        "stdev": 0.84385150671
    },
    "key_edma": {
        "strength": 0.75186663866,
        "key": "D#",
        "scale": "major"
    },
    "key_krumhansl": {
        "strength": 0.753938138485,
        "key": "D#",
        "scale": "major"
    },
    "key_temperley": {
        "strength": 0.757877230644,
        "key": "D#",
        "scale": "major"
    },
    "tuning_diatonic_strength": 0.500421226025,
    "tuning_equal_tempered_deviation": 0.0716462135315,
    "tuning_frequency": 441.017791748,
    "tuning_nontempered_energy_ratio": 0.722977519035,
    "hpcp": {
        "mean": [0.0991246402264, 0.0673139542341, 0.0841759517789, 0.204358130693, 0.169555455446, 0.0567662455142, 0.0566398613155, 0.0465031564236, 0.0767452269793, 0.147830113769, 0.105990543962, 0.0530977062881, 0.0965413078666, 0.0916504859924, 0.102537766099, 0.186668530107, 0.159966513515, 0.146362289786, 0.200396433473, 0.135528206825, 0.07867693156, 0.0778240710497, 0.0685043185949, 0.13012252748, 0.200974464417, 0.134491816163, 0.0636933147907, 0.0699739307165, 0.0652047693729, 0.122759819031, 0.168802648783, 0.0957625806332, 0.0688928589225, 0.124868191779, 0.111002236605, 0.0855439156294],
        "stdev": [0.215862885118, 0.16989967227, 0.163145035505, 0.315354436636, 0.268837720156, 0.126467034221, 0.154139280319, 0.133576542139, 0.163710147142, 0.268599927425, 0.20291338861, 0.137236818671, 0.228402107954, 0.221886247396, 0.197560667992, 0.301871657372, 0.263412803411, 0.246518224478, 0.330436110497, 0.232868075371, 0.188696205616, 0.190130874515, 0.17144626379, 0.252730697393, 0.310899883509, 0.218596220016, 0.152369484305, 0.179483249784, 0.164700433612, 0.243261322379, 0.302207499743, 0.199380382895, 0.165791645646, 0.265487283468, 0.233417287469, 0.186089217663]
    },
    "chords_histogram": [14.500875473, 14.4308233261, 21.7162876129, 5.74430799484, 7.81085824966, 1.61120843887, 1.50612962246, 0.0350262708962, 1.19089317322, 0.420315235853, 0.805604219437, 0.105078808963, 0.28021016717, 0.420315235853, 0, 0.245183885098, 0.0350262708962, 1.96147108078, 2.55691766739, 4.06304740906, 2.94220662117, 8.65148830414, 5.70928192139, 3.25744318962],
    "thpcp": [1, 0.829697608948, 0.27777826786, 0.277159810066, 0.227557167411, 0.3755428195, 0.723387479782, 0.518650949001, 0.259826749563, 0.472412377596, 0.448479771614, 0.501755237579, 0.913438260555, 0.782775402069, 0.716204881668, 0.980613946915, 0.663189709187, 0.384995371103, 0.380822002888, 0.335216999054, 0.636737704277, 0.983442485332, 0.658118247986, 0.311674982309, 0.342408359051, 0.319071084261, 0.60070925951, 0.826013863087, 0.468601763248, 0.337118268013, 0.611026287079, 0.543175041676, 0.41859805584, 0.485053569078, 0.329392105341, 0.411904096603],
    "chords_key": "A#",
    "chords_scale": "major"
}
}