{
"metadata": {
    "version": {
        "essentia": "2.1-dev",
        "essentia_git_sha": "v2.1_beta3-415-gd5473f3",
        "extractor": "music 2.0"
    },
    "audio_properties": {
        "analysis": {
            "equal_loudness": 0,
            "length": 299.990203857,
            "sample_rate": 44100,
            "start_time": 0,
            "downmix": "mix"
        },
        "bit_rate": 192000,
        "length": 299.990203857,
        "lossless": 0,
        "number_channels": 2,
        "replay_gain": -8.30475234985,
        "sample_rate": 44100,
        "codec": "mp3",
        "md5_encoded": "f900a3c2034af15cdb24b03d1a3bf339"
    },
    "tags": {
        "file_name": "hacke_bjoerkstens_sextett-go_home_swanson.mp3",
        "album": ["Svensk Jazzhistoria Vol 8 "],
        "artist": ["Hacke Björkstens Sextett"],
        "date": ["2002"],
        "genre": ["Jazz"],
        "title": ["Go Home Swanson "]
    }
},
"lowlevel": {
    "average_loudness": 0.852040052414,
    "barkbands_crest": {
        "mean": 11.373790741,
        "stdev": 4.09631919861
    },
    "barkbands_flatness_db": {
        "mean": 0.169804260135,
        "stdev": 0.0500203557312
    },
    "barkbands_kurtosis": {
        "mean": 12.3399057388,
        "stdev": 15.2434110641
    },
    "barkbands_skewness": {
        "mean": 2.6053814888,
        "stdev": 1.6539131403
    },
    "barkbands_spread": {
        "mean": 15.9717197418,
        "stdev": 11.7179832458
    },
    "dissonance": {
        "mean": 0.428067982197,
        "stdev": 0.0437337979674
    },
    "dynamic_complexity": 3.39259624481,
    "erbbands_crest": {
        "mean": 10.7014961243,
        "stdev": 4.76038312912
    },
    "erbbands_flatness_db": {
        "mean": 0.145123779774,
        "stdev": 0.0453346930444
    },
    "erbbands_kurtosis": {
        "mean": 2.84048557281,
        "stdev": 4.01010799408
    },
    "erbbands_skewness": {
        "mean": 1.28104126453,
        "stdev": 0.862904727459
    },
    "erbbands_spread": {
        "mean": 46.9630203247,
        "stdev": 33.2786560059
    },
    "hfc": {
        "mean": 15.3944501877,
        "stdev": 14.0122184753
    },
    "loudness_ebu128": {
        "integrated": -15.9165744781,
        "loudness_range": 3.42154693604,
        "momentary": {
            "mean": -19.1750831604,
            "stdev": 26.3250370026
        },
        "short_term": {
            "mean": -16.3557624817,
            "stdev": 3.00623321533
        }
    },
    "melbands_crest": {
        "mean": 15.4257688522,
        "stdev": 5.83288097382
    },
    "melbands_flatness_db": {
        "mean": 0.242386728525,
        "stdev": 0.0650476440787
    },
    "melbands_kurtosis": {
        "mean": 39.5204582214,
        "stdev": 62.5874328613
    },
    "melbands_skewness": {
        "mean": 3.81723165512,
        "stdev": 3.04579806328
    },
    "melbands_spread": {
        "mean": 13.2806777954,
        "stdev": 14.9967908859
    },
    "pitch_salience": {
        "mean": 0.52531015873,
        "stdev": 0.140172436833
    },
    "silence_rate_20dB": {
        "mean": 1,
        "stdev": 0
    },
    "silence_rate_30dB": {
        "mean": 0.995898127556,
        "stdev": 0.0639084503055
    },
    "silence_rate_60dB": {
        "mean": 0.0630756169558,
        "stdev": 0.243080362678
    },
    "spectral_centroid": {
        "mean": 843.385986328,
        "stdev": 1125.43371582
    },
    "spectral_complexity": {
        "mean": 9.93437004089,
        "stdev": 5.21676301956
    },
    "spectral_decrease": {
        "mean": -7.21800219594e-09,
        "stdev": 5.81551384826e-09
    },
    "spectral_energy": {
        "mean": 0.0286386739463,
        "stdev": 0.0229161586612
    },
    "spectral_energyband_high": {
        "mean": 0.000445228244644,
        "stdev": 0.000471997598652
    },
    "spectral_energyband_low": {
        "mean": 0.0105227157474,
        "stdev": 0.0138517599553
    },
    "spectral_energyband_middle_high": {
        "mean": 0.00353213609196,
        "stdev": 0.00613279547542
    },
    "spectral_energyband_middle_low": {
        "mean": 0.0149359209463,
        "stdev": 0.0148667749017
    },
    "spectral_entropy": {
        "mean": 7.34847021103,
        "stdev": 0.533268332481
    },
    "spectral_flux": {
        "mean": 0.0780554041266,
        "stdev": 0.0442266650498
    },
    "spectral_kurtosis": {
        "mean": 3.923797369,
        "stdev": 5.27989292145
    },
    "spectral_rms": {
        "mean": 0.00481603015214,
        "stdev": 0.00217854650691
    },
    "spectral_rolloff": {
        "mean": 996.664245605,
        "stdev": 2148.85058594
    },
    "spectral_skewness": {
        "mean": 1.76983344555,
        "stdev": 0.656828224659
    },
    "spectral_spread": {
        "mean": 7613892,
        "stdev": 4145207.5
    },
    "spectral_strongpeak": {
        "mean": 0.983898937702,
        "stdev": 1.13205254078
    },
    "zerocrossingrate": {
        "mean": 0.0608886443079,
        "stdev": 0.0549244098365
    },
    "barkbands": {
        "mean": [5.07364165969e-05, 0.00504902284592, 0.00484456168488, 0.00103768834379, 0.00389536633156, 0.00382905150764, 0.00162820157129, 0.00180247204844, 0.00242917030118, 0.000953356502578, 0.000598166894633, 0.000574991514441, 0.000563306908589, 0.000258920423221, 0.000205528660445, 0.00015470944345, 0.000125778198708, 9.04412227101e-05, 7.10508902557e-05, 6.70067529427e-05, 4.55306508229e-05, 3.38922582159e-05, 6.28944762866e-05, 9.8590979178e-05, 0.000133147928864, 3.4362761653e-05, 7.52975722662e-07],
        "stdev": [6.19187849225e-05, 0.00867664348334, 0.00773560302332, 0.001883230987, 0.00579067599028, 0.00644215149805, 0.00355138722807, 0.00545305991545, 0.00595335988328, 0.00286922650412, 0.00168539513834, 0.00146585784387, 0.00155206443742, 0.000826426490676, 0.000553607416805, 0.000449408398708, 0.000344270491041, 0.000154364315677, 0.000132282584673, 0.000163781558513, 0.000119537042337, 5.61662855034e-05, 5.49704782316e-05, 8.63416353241e-05, 0.000139240204589, 4.51972846349e-05, 2.35125276049e-06]
    },
    "erbbands": {
        "mean": [0.0608867034316, 1.4616060257, 5.6114563942, 4.36723995209, 4.84215116501, 15.7419185638, 25.0024242401, 35.3281898499, 24.1986141205, 29.776391983, 40.5687789917, 58.2040557861, 34.806640625, 29.8083572388, 27.689956665, 21.0416355133, 23.1357383728, 17.5048007965, 12.9886846542, 8.57974338531, 8.12584781647, 7.46959447861, 5.4988360405, 3.78338766098, 3.31292676926, 3.17325568199, 2.22580933571, 1.62466430664, 1.1293463707, 1.60026574135, 1.66796875, 1.88320684433, 1.76754641533, 1.51137769222, 0.925594508648, 0.262070655823, 0.0414806604385, 0.00473663304001, 0.000144592253491, 3.92617657781e-05],
        "stdev": [0.113469526172, 2.4025888443, 8.5830488205, 6.44050502777, 10.6606206894, 24.6134548187, 36.2388534546, 70.4529266357, 51.4677124023, 68.7215576172, 113.268997192, 138.849121094, 85.9480285645, 95.7330169678, 71.7834091187, 52.681804657, 59.3247566223, 44.5312423706, 32.185546875, 25.1584911346, 21.3222675323, 19.8080234528, 10.2948236465, 6.65760946274, 6.2804107666, 8.21967506409, 5.38943719864, 4.82462978363, 2.39590668678, 1.70964491367, 1.50267827511, 1.66900932789, 1.58793127537, 1.56901896, 0.996306717396, 0.317974239588, 0.0564252249897, 0.00952178239822, 0.000303061067825, 2.93368102575e-05]
    },
    "gfcc": {
        "mean": [-27.7766952515, 85.3586044312, -75.8477859497, 24.605632782, -71.3526382446, 23.5567245483, -51.1079559326, 19.1623744965, -30.6437950134, 4.92752552032, -13.5076179504, -0.223315864801, -10.9233140945],
        "cov": [[18708.5839844, 1095.72473145, -1827.62463379, -191.276275635, -1001.9644165, 334.748504639, -734.276184082, 235.989883423, -457.606628418, 54.6294517517, -223.409423828, -20.2621669769, -101.195152283], [1095.72473145, 846.584472656, -315.352172852, -280.205505371, 6.58998632431, -14.4504785538, -14.5490531921, -33.7253227234, 68.3617248535, 6.39342832565, 54.2363967896, -42.3408927917, 80.4620132446], [-1827.62463379, -315.352172852, 1215.39074707, 464.75982666, 34.7763824463, 43.6455307007, 64.2981033325, 61.9334373474, 19.3010959625, -6.06903362274, -32.1123275757, -2.45316576958, -117.322036743], [-191.276275635, -280.205505371, 464.75982666, 519.635009766, 45.2458114624, 2.01847529411, 3.7127764225, 68.1590194702, -32.3301506042, 17.3017997742, -9.78043270111, 1.09037530422, -65.978515625], [-1001.9644165, 6.58998632431, 34.7763824463, 45.2458114624, 267.140716553, 56.6902275085, 103.965568542, -9.92982196808, 61.3576049805, 12.4509592056, 18.8669643402, 3.99928379059, 19.7128200531], [334.748504639, -14.4504785538, 43.6455307007, 2.01847529411, 56.6902275085, 205.453277588, 61.5384674072, 39.6641311646, -8.45982933044, -15.2501955032, -17.7366046906, 6.17565011978, -14.7684612274], [-734.276184082, -14.5490531921, 64.2981033325, 3.7127764225, 103.965568542, 61.5384674072, 155.22756958, 39.8370056152, 40.3782539368, 1.45276761055, 13.6651544571, 8.04193496704, 15.5532617569], [235.989883423, -33.7253227234, 61.9334373474, 68.1590194702, -9.92982196808, 39.6641311646, 39.8370056152, 98.1105194092, 19.8720569611, 10.3883829117, 2.17699551582, -1.22386109829, -12.5718193054], [-457.606628418, 68.3617248535, 19.3010959625, -32.3301506042, 61.3576049805, -8.45982933044, 40.3782539368, 19.8720569611, 95.9033660889, 39.1649627686, 21.023065567, -7.20444822311, 11.7733697891], [54.6294517517, 6.39342832565, -6.06903362274, 17.3017997742, 12.4509592056, -15.2501955032, 1.45276761055, 10.3883829117, 39.1649627686, 66.9072647095, 30.2187328339, 9.36390686035, -0.0761022716761], [-223.409423828, 54.2363967896, -32.1123275757, -9.78043270111, 18.8669643402, -17.7366046906, 13.6651544571, 2.17699551582, 21.023065567, 30.2187328339, 73.5348892212, 27.6446323395, 21.9804229736], [-20.2621669769, -42.3408927917, -2.45316576958, 1.09037530422, 3.99928379059, 6.17565011978, 8.04193496704, -1.22386109829, -7.20444822311, 9.36390686035, 27.6446323395, 63.5443496704, 30.9299125671], [-101.195152283, 80.4620132446, -117.322036743, -65.978515625, 19.7128200531, -14.7684612274, 15.5532617569, -12.5718193054, 11.7733697891, -0.0761022716761, 21.9804229736, 30.9299125671, 82.8824691772]],
        "icov": [[0.000233133105212, -0.000524736999068, 0.000409022002714, -0.000306213391013, 0.000427431194112, -0.00053201126866, 0.00069164269371, -0.000845984905027, 0.00089629960712, -0.00107088789809, 0.00124351982959, -0.00088015786605, 0.000545079645235], [-0.000524736999068, 0.003133950755, -0.000919561600313, 0.00133093236946, -0.000846965820529, 0.000628076377325, -0.000794732070062, 0.00201109121554, -0.00293770083226, 0.00295651261695, -0.00493560871109, 0.00497101573274, -0.00328387715854], [0.000409022002714, -0.000919561600313, 0.00240277056582, -0.00224198959768, 0.0016704518348, -0.00124997855164, 0.000210927493754, -0.000190588325495, -0.000892837240826, -0.000207760589547, 0.00248595396988, -0.00291706155986, 0.0028759688139], [-0.000306213391013, 0.00133093236946, -0.00224198959768, 0.00536852376536, -0.00334937847219, 0.00202496419661, 0.000926170090679, -0.00332779018208, 0.00388022256084, -0.00161842955276, -0.00196963455528, 0.00248746108264, -0.00104563042987], [0.000427431194112, -0.000846965820529, 0.0016704518348, -0.00334937847219, 0.00889337994158, -0.00344012561254, -0.00324521469884, 0.00455653900281, -0.00491037219763, 0.000167767750099, 0.00128135795239, -0.00141548889223, 0.000500414345879], [-0.00053201126866, 0.000628076377325, -0.00124997855164, 0.00202496419661, -0.00344012561254, 0.00861974153668, -0.00309932092205, -0.00208050105721, 0.0016728391638, 0.00191549526062, -0.000116873001389, -0.000771056977101, 0.00128631631378], [0.00069164269371, -0.000794732070062, 0.000210927493754, 0.000926170090679, -0.00324521469884, -0.00309932092205, 0.0146592957899, -0.00815095100552, 0.00170591450296, -0.00132356130052, 0.00148120673839, -0.00149884354323, -0.00119283562526], [-0.000845984905027, 0.00201109121554, -0.000190588325495, -0.00332779018208, 0.00455653900281, -0.00208050105721, -0.00815095100552, 0.0217961966991, -0.0115544283763, 0.00555569306016, -0.00529530551285, 0.00293867918663, -0.000568852468859], [0.00089629960712, -0.00293770083226, -0.000892837240826, 0.00388022256084, -0.00491037219763, 0.0016728391638, 0.00170591450296, -0.0115544283763, 0.0301867686212, -0.0189261939377, 0.00534192752093, 0.00255901645869, -0.00151252897922], [-0.00107088789809, 0.00295651261695, -0.000207760589547, -0.00161842955276, 0.000167767750099, 0.00191549526062, -0.00132356130052, 0.00555569306016, -0.0189261939377, 0.0328990332782, -0.0138864312321, -0.000264461617917, 0.00213240133598], [0.00124351982959, -0.00493560871109, 0.00248595396988, -0.00196963455528, 0.00128135795239, -0.000116873001389, 0.00148120673839, -0.00529530551285, 0.00534192752093, -0.0138864312321, 0.0302170291543, -0.0154883153737, 0.00384877808392], [-0.00088015786605, 0.00497101573274, -0.00291706155986, 0.00248746108264, -0.00141548889223, -0.000771056977101, -0.00149884354323, 0.00293867918663, 0.00255901645869, -0.000264461617917, -0.0154883153737, 0.0338920876384, -0.0160272475332], [0.000545079645235, -0.00328387715854, 0.0028759688139, -0.00104563042987, 0.000500414345879, 0.00128631631378, -0.00119283562526, -0.000568852468859, -0.00151252897922, 0.00213240133598, 0.00384877808392, -0.0160272475332, 0.0245822668076]]
    },
    "melbands": {
        "mean": [0.00100579520222, 0.00268387212418, 0.000779424444772, 0.000688577943947, 0.0008974505472, 0.000759278424084, 0.00036498947884, 0.000349181616912, 0.000336544209858, 0.000370256137103, 0.000168999831658, 0.000120087679534, 8.74904580996e-05, 6.75589835737e-05, 4.95503627462e-05, 5.4689058743e-05, 2.97346869047e-05, 2.09486843232e-05, 1.44698242366e-05, 1.05741091829e-05, 8.96399797057e-06, 8.23831942398e-06, 5.37176674698e-06, 4.21105460191e-06, 2.9988091228e-06, 2.44247894443e-06, 2.28811313718e-06, 2.0469226456e-06, 1.46979311921e-06, 1.17007994049e-06, 8.51875370245e-07, 6.08642778843e-07, 6.92299465754e-07, 9.78707248578e-07, 8.40082748255e-07, 1.20346442145e-06, 1.14528347694e-06, 1.14947079055e-06, 1.33759954224e-06, 1.2615223568e-06],
        "stdev": [0.00179270294029, 0.00381940603256, 0.00109698018059, 0.00116489024367, 0.0012154604774, 0.00142407498788, 0.000746494799387, 0.000882440246642, 0.000928234658204, 0.000941183709074, 0.000441591022536, 0.000401184224756, 0.000229223893257, 0.000172642365214, 0.00015622767387, 0.000163498581969, 8.37592669996e-05, 5.39186294191e-05, 3.83441656595e-05, 3.3254535083e-05, 2.4779670639e-05, 2.33025130001e-05, 1.54561639647e-05, 6.87164538249e-06, 5.69615485801e-06, 5.00304304296e-06, 4.84987731397e-06, 5.56438772037e-06, 3.6690350953e-06, 3.19805644722e-06, 2.41246766564e-06, 1.49326308474e-06, 1.02798162516e-06, 1.00169950201e-06, 8.3747681856e-07, 1.04554169411e-06, 1.1280644685e-06, 1.08194092263e-06, 1.26280463064e-06, 1.40753422784e-06]
    },
    "melbands128": {
        "mean": [2.91719625238e-05, 0.000164895245689, 0.00131444085855, 0.00277970847674, 0.00322226667777, 0.00209249556065, 0.000868873263244, 0.000471976643894, 0.000397445663111, 0.000559089938179, 0.000889007584192, 0.00102975370828, 0.000846224895213, 0.000725894875359, 0.000963694648817, 0.000641719612759, 0.000398139614845, 0.00031561544165, 0.00037139718188, 0.000266658025794, 0.000463107717223, 0.000340586761013, 0.000312786403811, 0.000338691577781, 0.000332343479386, 0.000524553586729, 0.000150587497046, 0.000157219255925, 0.000120018179587, 0.000119535259728, 0.000129773819936, 9.58376913331e-05, 5.44341819477e-05, 0.000123706660816, 8.76591657288e-05, 3.9069687773e-05, 6.06028515904e-05, 5.0229496992e-05, 4.34697394667e-05, 4.20249816671e-05, 8.8716049504e-05, 3.44616746588e-05, 2.06140175578e-05, 3.70247216779e-05, 1.65880755958e-05, 1.43481192936e-05, 3.16223922709e-05, 1.07317309812e-05, 9.97840288619e-06, 1.22443516375e-05, 8.01972782938e-06, 1.41509608511e-05, 9.01381554286e-06, 6.29558508081e-06, 9.06360219233e-06, 9.63699039858e-06, 7.02516899764e-06, 4.35177980762e-06, 5.4765346249e-06, 5.72102771912e-06, 4.1649650484e-06, 3.37742608281e-06, 2.69816564469e-06, 3.10911877932e-06, 2.84231327896e-06, 2.14728856918e-06, 2.80092581306e-06, 1.97365534405e-06, 2.22095513891e-06, 2.46501167567e-06, 2.11515816773e-06, 1.7585372234e-06, 2.02323349185e-06, 1.15177351745e-06, 1.26037934933e-06, 1.19429876122e-06, 1.18525872495e-06, 9.66866082308e-07, 8.03802549854e-07, 7.2478576385e-07, 6.74286923186e-07, 5.24301583482e-07, 5.33730997176e-07, 7.44940336972e-07, 7.16443707915e-07, 1.03990669231e-06, 1.09214499844e-06, 8.53972949244e-07, 7.3257740496e-07, 7.64881804116e-07, 1.47408957218e-06, 1.12194413759e-06, 1.14871033929e-06, 1.17866682103e-06, 1.16816568152e-06, 1.00761496924e-06, 1.09508607693e-06, 1.41186421843e-06, 1.4275204876e-06, 1.15947284485e-06, 1.37558947699e-06, 1.08600170279e-06, 1.50440689595e-06, 1.3363552398e-06, 1.05804133455e-06, 9.21719674807e-07, 6.8193929792e-07, 5.56166696697e-07, 4.56967711671e-07, 2.82431699361e-07, 2.06659194646e-07, 1.47465158307e-07, 9.63863016068e-08, 7.66391679008e-08, 7.0632843574e-08, 4.62249865052e-08, 2.56633594375e-08, 6.80544509635e-09, 1.57159463221e-09, 3.28459037746e-10, 1.15766181363e-10, 5.56183085698e-11, 3.54479258446e-11, 1.83212577054e-11, 4.50719973497e-12, 3.99734455606e-12, 3.96530985131e-12, 3.93858079831e-12],
        "stdev": [3.55912161467e-05, 0.000311500567477, 0.00275402958505, 0.0047116400674, 0.0050665163435, 0.00336318393238, 0.00144831417128, 0.000946459069382, 0.00120754749514, 0.00144535291474, 0.00178744026925, 0.00184668356087, 0.0015245587565, 0.0015913923271, 0.00232291221619, 0.00153198395856, 0.00130900554359, 0.000967164582107, 0.000991052365862, 0.000804205075838, 0.00183426414151, 0.00138022983447, 0.00129529507831, 0.00143581058364, 0.00103611173108, 0.0018962980248, 0.000505649310071, 0.000674306880683, 0.000441889103968, 0.000523841183167, 0.000592349795625, 0.000405894650612, 0.000286140479147, 0.000431696651503, 0.000339082471328, 0.00015404986334, 0.00026840067585, 0.000239328292082, 0.000196621593204, 0.000185824173968, 0.000362642254913, 0.00013247874449, 0.000103634185507, 0.000160606505233, 7.37941008992e-05, 5.57097591809e-05, 0.000124477490317, 4.55507470178e-05, 4.18128838646e-05, 7.89756522863e-05, 3.09849201585e-05, 5.38668937224e-05, 4.39320392616e-05, 2.43114118348e-05, 4.03701487812e-05, 3.82374673791e-05, 2.88621631626e-05, 3.01576474158e-05, 1.63350014191e-05, 1.55435482156e-05, 8.28168867884e-06, 8.47688079375e-06, 7.73537976784e-06, 8.20128025225e-06, 6.86893463353e-06, 7.40743325878e-06, 8.32703153719e-06, 4.85798136651e-06, 7.51635207052e-06, 8.14593840914e-06, 9.83480549621e-06, 5.14814155395e-06, 7.40197037885e-06, 3.66912968275e-06, 3.75543049813e-06, 4.25408734372e-06, 3.36215975949e-06, 6.5909962359e-06, 1.62361368439e-06, 1.38157565743e-06, 2.43929343924e-06, 2.55492955148e-06, 9.91947104012e-07, 1.3513885051e-06, 1.04944524537e-06, 1.29595946419e-06, 1.19068226923e-06, 9.94709353108e-07, 9.33120816171e-07, 9.15311773042e-07, 1.51285689753e-06, 1.04706930415e-06, 1.20274762594e-06, 1.32285140353e-06, 1.45388787587e-06, 1.14067574941e-06, 1.14626845971e-06, 1.37674021516e-06, 1.46980107729e-06, 1.30419380184e-06, 1.72100396867e-06, 1.40692702644e-06, 2.00718022825e-06, 1.49949744355e-06, 1.27076316403e-06, 1.143632403e-06, 8.73462681739e-07, 7.57488919589e-07, 6.21136905465e-07, 3.91590191384e-07, 2.92847516903e-07, 2.02452426379e-07, 1.43936546237e-07, 1.30747068283e-07, 1.43092094618e-07, 1.11939684189e-07, 7.02435372091e-08, 3.62221967976e-08, 1.68526899103e-08, 5.08704056656e-09, 1.80638959346e-09, 7.91535781364e-10, 5.79527703604e-10, 6.03238792252e-10, 2.07507396682e-11, 6.61581423325e-12, 6.55771747668e-12, 6.52123927775e-12]
    },
    "mfcc": {
        "mean": [-676.64654541, 118.285850525, 42.7381668091, 9.46279144287, 11.9069299698, -4.4008026123, 2.40820336342, 0.515063762665, -4.79024505615, 1.35957682133, -0.225041672587, -0.156522572041, -2.80082845688],
        "cov": [[7109.55419922, 834.359741211, -745.789306641, -426.133789062, -104.406417847, -139.118453979, -84.9977874756, -119.037239075, -17.1139316559, -65.121131897, -115.225845337, -22.8172798157, -14.6861381531], [834.359741211, 1021.03729248, -209.348510742, -263.903625488, -29.4988574982, -22.638874054, -61.4921989441, -58.4144363403, 9.69866943359, 35.4809494019, -17.1834659576, 5.2847442627, 17.9166927338], [-745.789306641, -209.348510742, 1005.1963501, 318.096221924, 100.475944519, 33.7020378113, 72.7806015015, 96.0793914795, -11.6857719421, 29.5244045258, 74.6953887939, 10.5737571716, -17.7861728668], [-426.133789062, -263.903625488, 318.096221924, 417.212432861, 102.195800781, 6.88366413116, 44.779045105, 19.9039421082, -0.108896784484, 19.6877651215, 37.6789016724, 31.5371742249, 16.9233016968], [-104.406417847, -29.4988574982, 100.475944519, 102.195800781, 149.702316284, 72.144203186, 35.1666374207, 32.6320571899, 19.0240020752, 22.0812206268, 21.6195926666, 11.1456737518, 0.821527779102], [-139.118453979, -22.638874054, 33.7020378113, 6.88366413116, 72.144203186, 129.331924438, 61.6152687073, 43.031993866, 38.2608337402, 8.49436092377, 13.9640054703, 4.29510593414, -2.78114819527], [-84.9977874756, -61.4921989441, 72.7806015015, 44.779045105, 35.1666374207, 61.6152687073, 116.168006897, 77.0779724121, 24.8524284363, 13.3293704987, 12.650147438, 4.27684640884, -2.91027808189], [-119.037239075, -58.4144363403, 96.0793914795, 19.9039421082, 32.6320571899, 43.031993866, 77.0779724121, 104.237258911, 41.9749183655, 17.6980571747, 13.5815076828, -1.3923920393, -6.81883955002], [-17.1139316559, 9.69866943359, -11.6857719421, -0.108896784484, 19.0240020752, 38.2608337402, 24.8524284363, 41.9749183655, 81.8382263184, 36.2037696838, 10.6473407745, 2.86630797386, 2.13357043266], [-65.121131897, 35.4809494019, 29.5244045258, 19.6877651215, 22.0812206268, 8.49436092377, 13.3293704987, 17.6980571747, 36.2037696838, 73.0462875366, 36.4795455933, 10.0870370865, 0.206776559353], [-115.225845337, -17.1834659576, 74.6953887939, 37.6789016724, 21.6195926666, 13.9640054703, 12.650147438, 13.5815076828, 10.6473407745, 36.4795455933, 69.8311309814, 33.3210601807, 1.02154874802], [-22.8172798157, 5.2847442627, 10.5737571716, 31.5371742249, 11.1456737518, 4.29510593414, 4.27684640884, -1.3923920393, 2.86630797386, 10.0870370865, 33.3210601807, 67.740196228, 38.2042045593], [-14.6861381531, 17.9166927338, -17.7861728668, 16.9233016968, 0.821527779102, -2.78114819527, -2.91027808189, -6.81883955002, 2.13357043266, 0.206776559353, 1.02154874802, 38.2042045593, 79.7583236694]],
        "icov": [[0.00017383613158, -0.000113255307951, 7.16093636584e-05, 8.84568653419e-05, -0.000167172824149, 0.000332121795509, -0.000247323332587, 0.000183382508112, -0.000190755628864, 0.000238851702306, 7.62100680731e-05, -9.34102572501e-05, 0.000122857687529], [-0.000113255307951, 0.00140698277391, -0.000168933955138, 0.00104336079676, -0.000534797785804, 0.000204978627153, -7.22373661119e-05, 0.000910162227228, -0.00013372223475, -0.00125627440866, 0.000644781568553, -0.000474179920275, -0.000282428809442], [7.16093636584e-05, -0.000168933955138, 0.00166997709312, -0.00127556174994, 0.000185395634617, -0.000385016319342, 0.000833384052385, -0.00220623449422, 0.0014095720835, 4.87725010316e-05, -0.00134427822195, 0.000792969716713, 0.000120199467347], [8.84568653419e-05, 0.00104336079676, -0.00127556174994, 0.00529633648694, -0.00388135551475, 0.00342375016771, -0.00341292656958, 0.00386660988443, -0.00198199437, 0.000241861751419, 6.99482479831e-05, -0.00124166125897, -0.000614676682744], [-0.000167172824149, -0.000534797785804, 0.000185395634617, -0.00388135551475, 0.0132840676233, -0.00900086015463, 0.00426043523476, -0.00447563687339, 0.00375640834682, -0.0038435892202, 0.000937873090152, -0.000491180922836, 0.000409126660088], [0.000332121795509, 0.000204978627153, -0.000385016319342, 0.00342375016771, -0.00900086015463, 0.0185395032167, -0.0102127762511, 0.00586213264614, -0.00892744213343, 0.00646673422307, -0.00341659295373, 0.000737815862522, -1.71127812791e-05], [-0.000247323332587, -7.22373661119e-05, 0.000833384052385, -0.00341292656958, 0.00426043523476, -0.0102127762511, 0.0237560998648, -0.0176360234618, 0.00734675349668, -0.00430182088166, 0.00219976226799, -0.00147451425437, 0.000332494906615], [0.000183382508112, 0.000910162227228, -0.00220623449422, 0.00386660988443, -0.00447563687339, 0.00586213264614, -0.0176360234618, 0.028423814103, -0.0127258272842, 0.00367600447498, -0.00199295952916, 0.00144605780952, 0.000217702472582], [-0.000190755628864, -0.00013372223475, 0.0014095720835, -0.00198199437, 0.00375640834682, -0.00892744213343, 0.00734675349668, -0.0127258272842, 0.0252602696419, -0.013121237047, 0.00453592324629, -0.00113974604756, -0.000593964476138], [0.000238851702306, -0.00125627440866, 4.87725010316e-05, 0.000241861751419, -0.0038435892202, 0.00646673422307, -0.00430182088166, 0.00367600447498, -0.013121237047, 0.0281848628074, -0.0153785282746, 0.00532087637112, -0.00136566557921], [7.62100680731e-05, 0.000644781568553, -0.00134427822195, 6.99482479831e-05, 0.000937873090152, -0.00341659295373, 0.00219976226799, -0.00199295952916, 0.00453592324629, -0.0153785282746, 0.0321332961321, -0.017839634791, 0.0073878034018], [-9.34102572501e-05, -0.000474179920275, 0.000792969716713, -0.00124166125897, -0.000491180922836, 0.000737815862522, -0.00147451425437, 0.00144605780952, -0.00113974604756, 0.00532087637112, -0.017839634791, 0.0313986130059, -0.014164515771], [0.000122857687529, -0.000282428809442, 0.000120199467347, -0.000614676682744, 0.000409126660088, -1.71127812791e-05, 0.000332494906615, 0.000217702472582, -0.000593964476138, -0.00136566557921, 0.0073878034018, -0.014164515771, 0.0195167083293]]
    },
    "spectral_contrast_coeffs": {
        "mean": [-0.689350485802, -0.707802414894, -0.724069535732, -0.780206382275, -0.799415767193, -0.831039965153],
        "stdev": [0.0787860825658, 0.0992661416531, 0.101138174534, 0.0761759877205, 0.0525463707745, 0.0256016477942]
    },
    "spectral_contrast_valleys": {
        "mean": [-6.85175704956, -7.18039321899, -8.30776309967, -8.75099086761, -8.60500621796, -10.0072345734],
        "stdev": [2.25771379471, 2.25463366508, 2.14415621758, 2.06824827194, 2.07295632362, 1.97331011295]
    }
},
"rhythm": {
    "beats_count": 680,
    "beats_loudness": {
        "mean": 0.0405611135066,
        "stdev": 0.0220418144017
    },
    "bpm": 136.992752075,
    "bpm_histogram_first_peak_bpm": 136,
    "bpm_histogram_first_peak_weight": 0.437601327896,
    "bpm_histogram_second_peak_bpm": 129,
    "bpm_histogram_second_peak_spread": 0.41666662693,
    "bpm_histogram_second_peak_weight": 0.0309278350323,
    "danceability": 1.3104159832,
    "onset_rate": 4.25330781937,
    "beats_loudness_band_ratio": {
        "mean": [0.485179036856, 0.233254805207, 0.178372904658, 0.0818763449788, 0.0226081516594, 0.0251450110227],
        "stdev": [0.291889250278, 0.172153919935, 0.15923024714, 0.115857206285, 0.0334198512137, 0.0288688838482]
    },
    "beats_position": [0.49922901392, 1.01006805897, 1.52090704441, 2.00852608681, 2.48453521729, 2.96054410934, 3.43655323982, 3.90095233917, 4.37696123123, 4.85297060013, 5.32897949219, 5.80498838425, 6.26938772202, 6.73378658295, 7.18657588959, 7.63936471939, 8.08054447174, 8.53333282471, 8.97451210022, 9.4040813446, 9.84526062012, 10.2864398956, 10.7276191711, 11.1687984467, 11.6099767685, 12.051156044, 12.5039453506, 12.933514595, 13.3746938705, 13.8042631149, 14.2454423904, 14.6866207123, 15.1277999878, 15.5689792633, 16.0217685699, 16.4629478455, 16.8925170898, 17.3220863342, 17.7632656097, 18.2044448853, 18.6456241608, 19.0751914978, 19.5047607422, 19.9227199554, 20.363899231, 20.8282985687, 21.3043079376, 21.7803173065, 22.2447166443, 22.7091159821, 23.1735134125, 23.6263027191, 24.0674819946, 24.5086612701, 24.9498405457, 25.4026298523, 25.8438091278, 26.2965984344, 26.7493877411, 27.1905670166, 27.6317462921, 28.0729255676, 28.5257129669, 28.9785022736, 29.4196815491, 29.8608608246, 30.3020401001, 30.7432193756, 31.1843986511, 31.6255779266, 32.0667572021, 32.5195465088, 32.9491157532, 33.3902931213, 33.843082428, 34.2726516724, 34.7022209167, 35.1317901611, 35.572971344, 36.0025405884, 36.4321098328, 36.8848991394, 37.3376846313, 37.7788658142, 38.2200431824, 38.6612243652, 39.1024017334, 39.5435829163, 39.9731521606, 40.4259414673, 40.8671188354, 41.3083000183, 41.7494773865, 42.1906585693, 42.6318359375, 43.0730133057, 43.5258026123, 43.9785919189, 44.4197731018, 44.86095047, 45.3021316528, 45.743309021, 46.1844902039, 46.6372795105, 47.0900688171, 47.5312461853, 47.9724235535, 48.4136047363, 48.8547821045, 49.2959632874, 49.7371406555, 50.1783218384, 50.6194992065, 51.0722885132, 51.5250778198, 51.9662590027, 52.4074363708, 52.8486175537, 53.2897949219, 53.73097229, 54.1721534729, 54.6017227173, 55.0429000854, 55.4840812683, 55.9136505127, 56.3548278809, 56.7960090637, 57.2371864319, 57.6783676147, 58.1195449829, 58.5607261658, 59.0019035339, 59.4430847168, 59.884262085, 60.3254394531, 60.766620636, 61.2077980042, 61.648979187, 62.0901565552, 62.531337738, 62.9725151062, 63.4136962891, 63.8548736572, 64.2960510254, 64.7372360229, 65.1784133911, 65.6312026978, 66.0839920044, 66.536781311, 66.9895706177, 67.4307479858, 67.871925354, 68.3131027222, 68.7658920288, 69.2186813354, 69.659866333, 70.1010437012, 70.5422210693, 70.9833984375, 71.4245758057, 71.8657608032, 72.3069381714, 72.7481155396, 73.1892929077, 73.6420822144, 74.0832672119, 74.5128326416, 74.9656219482, 75.4184112549, 75.859588623, 76.3007659912, 76.7419509888, 77.1947402954, 77.6475296021, 78.0887069702, 78.5298843384, 78.9710617065, 79.4122467041, 79.8534240723, 80.2946014404, 80.7357788086, 81.1769561768, 81.6181411743, 82.0593185425, 82.5004959106, 82.9416732788, 83.3828582764, 83.8240356445, 84.2652130127, 84.7063903809, 85.1475753784, 85.5887527466, 86.0299301147, 86.4711074829, 86.9122848511, 87.3534698486, 87.7946472168, 88.235824585, 88.6770019531, 89.1181869507, 89.5593643188, 90.000541687, 90.4417190552, 90.8829040527, 91.3240814209, 91.7652587891, 92.2064361572, 92.6476211548, 93.0887985229, 93.5183639526, 93.9479370117, 94.3891143799, 94.830291748, 95.2714691162, 95.7126541138, 96.1538314819, 96.5950088501, 97.0245819092, 97.4657592773, 97.9069366455, 98.3365097046, 98.7776870728, 99.2072525024, 99.6368255615, 100.07800293, 100.519180298, 100.960357666, 101.389930725, 101.819496155, 102.260681152, 102.690246582, 103.119819641, 103.560997009, 103.990562439, 104.420135498, 104.861312866, 105.302490234, 105.755279541, 106.208068848, 106.649246216, 107.090431213, 107.531608582, 107.97278595, 108.413963318, 108.843536377, 109.284713745, 109.737503052, 110.17868042, 110.608253479, 111.037818909, 111.479003906, 111.920181274, 112.349746704, 112.779319763, 113.208885193, 113.638458252, 114.07963562, 114.50920105, 114.938774109, 115.379951477, 115.821128845, 116.250701904, 116.703491211, 117.144668579, 117.574241638, 118.015419006, 118.444984436, 118.886169434, 119.315734863, 119.745300293, 120.186485291, 120.627662659, 121.057228088, 121.486801147, 121.916366577, 122.357551575, 122.798728943, 123.228294373, 123.66947937, 124.122268677, 124.563446045, 125.016235352, 125.469024658, 125.921813965, 126.386207581, 126.827392578, 127.256958008, 127.686531067, 128.104492188, 128.522445679, 128.94039917, 129.381591797, 129.811157227, 130.240722656, 130.681900024, 131.123077393, 131.564254761, 131.993835449, 132.423400879, 132.864578247, 133.305755615, 133.746932983, 134.188110352, 134.62928772, 135.058868408, 135.500045776, 135.941223145, 136.382400513, 136.811965942, 137.253143311, 137.694335938, 138.123901367, 138.553466797, 138.983032227, 139.412597656, 139.842178345, 140.271743774, 140.701309204, 141.142486572, 141.572067261, 142.013244629, 142.442810059, 142.872375488, 143.313552856, 143.754730225, 144.195922852, 144.625488281, 145.055053711, 145.484619141, 145.925796509, 146.355377197, 146.784942627, 147.214508057, 147.644073486, 148.085250854, 148.514831543, 148.956008911, 149.385574341, 149.815139771, 150.244720459, 150.674285889, 151.115463257, 151.556640625, 151.997817993, 152.427383423, 152.856964111, 153.298141479, 153.739318848, 154.168884277, 154.598449707, 155.039627075, 155.480819702, 155.910385132, 156.339950562, 156.78112793, 157.222305298, 157.663482666, 158.104675293, 158.545852661, 158.975418091, 159.404983521, 159.846160889, 160.287338257, 160.728515625, 161.169708252, 161.61088562, 162.052062988, 162.493240356, 162.934417725, 163.375595093, 163.816772461, 164.257949829, 164.699142456, 165.140319824, 165.569885254, 165.999450684, 166.440628052, 166.88180542, 167.311386108, 167.740951538, 168.170516968, 168.600082397, 169.029663086, 169.459228516, 169.888793945, 170.318359375, 170.747940063, 171.177505493, 171.607070923, 172.036636353, 172.466217041, 172.895782471, 173.3253479, 173.75491333, 174.196090698, 174.625671387, 175.055236816, 175.496414185, 175.925979614, 176.355545044, 176.796737671, 177.226303101, 177.65586853, 178.097045898, 178.526611328, 178.967803955, 179.397369385, 179.826934814, 180.256500244, 180.697677612, 181.138870239, 181.568435669, 181.998001099, 182.439178467, 182.880355835, 183.309921265, 183.739501953, 184.180679321, 184.621856689, 185.063034058, 185.492599487, 185.922180176, 186.363357544, 186.792922974, 187.222488403, 187.663665771, 188.10484314, 188.546035767, 188.975601196, 189.405166626, 189.846343994, 190.264297485, 190.705490112, 191.14666748, 191.57623291, 192.00579834, 192.43536377, 192.864944458, 193.282897949, 193.712463379, 194.142044067, 194.571609497, 195.001174927, 195.430740356, 195.860321045, 196.278274536, 196.707839966, 197.137405396, 197.555374146, 197.984939575, 198.414505005, 198.832473755, 199.273651123, 199.714828491, 200.156005859, 200.585571289, 201.015136719, 201.444717407, 201.874282837, 202.315460205, 202.756637573, 203.186203003, 203.615783691, 204.05696106, 204.498138428, 204.939315796, 205.368881226, 205.810058594, 206.239639282, 206.669204712, 207.098770142, 207.53994751, 207.969512939, 208.410705566, 208.840270996, 209.281448364, 209.722625732, 210.163803101, 210.59336853, 211.022949219, 211.452514648, 211.882080078, 212.323257446, 212.752838135, 213.182403564, 213.623580933, 214.064758301, 214.505935669, 214.935501099, 215.376678467, 215.806259155, 216.247436523, 216.688613892, 217.118179321, 217.547744751, 217.988937378, 218.418502808, 218.848068237, 219.289245605, 219.730422974, 220.159988403, 220.589569092, 221.007522583, 221.437088013, 221.866668701, 222.296234131, 222.737411499, 223.166976929, 223.584945679, 224.014511108, 224.444076538, 224.885253906, 225.326431274, 225.756011963, 226.185577393, 226.626754761, 227.067932129, 227.509109497, 227.938674927, 228.368255615, 228.797821045, 229.227386475, 229.656951904, 230.098129272, 230.527709961, 230.968887329, 231.410064697, 231.851242065, 232.292419434, 232.733596802, 233.16317749, 233.59274292, 234.033920288, 234.463485718, 234.893051147, 235.334228516, 235.775421143, 236.204986572, 236.634552002, 237.052505493, 237.49369812, 237.934875488, 238.364440918, 238.794006348, 239.235183716, 239.676361084, 240.117553711, 240.558731079, 240.988296509, 241.417861938, 241.835830688, 242.265396118, 242.694961548, 243.124526978, 243.565704346, 243.995285034, 244.424850464, 244.866027832, 245.3072052, 245.73677063, 246.166351318, 246.595916748, 247.037094116, 247.478271484, 247.919448853, 248.360626221, 248.801803589, 249.242996216, 249.684173584, 250.125350952, 250.554916382, 250.984481812, 251.414047241, 251.84362793, 252.284805298, 252.725982666, 253.167160034, 253.608337402, 254.049514771, 254.490692139, 254.920272827, 255.349838257, 255.791015625, 256.232208252, 256.661773682, 257.091339111, 257.532501221, 257.973693848, 258.391662598, 258.80960083, 259.250793457, 259.691955566, 260.133148193, 260.57434082, 261.01550293, 261.456695557, 261.886260986, 262.315826416, 262.756988525, 263.198181152, 263.627746582, 264.057312012, 264.486877441, 264.916442871, 265.357635498, 265.798828125, 266.228393555, 266.657958984, 267.099121094, 267.540313721, 267.981506348, 268.411071777, 268.852233887, 269.281799316, 269.722991943, 270.164154053, 270.60534668, 271.046539307, 271.487701416, 271.917266846, 272.358459473, 272.788024902, 273.229187012, 273.647155762, 274.076721191, 274.517913818, 274.970703125, 275.411865234, 275.853057861, 276.294250488, 276.735412598, 277.176605225, 277.617767334, 278.070556641, 278.523345947, 278.964538574, 279.405700684, 279.846893311, 280.28805542, 280.752471924, 281.193634033, 281.63482666, 282.07598877, 282.505584717, 282.946746826, 283.387939453, 283.84072876, 284.293518066, 284.746307373, 285.19909668, 285.663482666, 286.13949585, 286.603881836, 287.06829834, 287.532684326, 288.00869751, 288.484710693, 288.960723877, 289.413513184, 289.86630249, 290.319091797, 290.783477783, 291.247894287, 291.712280273, 292.16506958, 292.617858887, 293.082275391, 293.546661377, 294.011047363, 294.475463867, 294.951477051, 295.415863037, 295.891876221, 296.379486084, 296.878723145, 297.377960205, 297.888793945, 298.399627686, 298.910461426, 299.421295166],
    "bpm_histogram": [0, 0, 0, 0, 0, 0, 0, 0, 0, 0, 0, 0, 0, 0, 0, 0, 0, 0, 0, 0, 0, 0, 0, 0, 0, 0, 0, 0, 0, 0, 0, 0, 0, 0, 0, 0, 0, 0, 0, 0, 0, 0, 0, 0, 0, 0, 0, 0, 0, 0, 0, 0, 0, 0, 0, 0, 0, 0, 0, 0, 0, 0, 0, 0, 0, 0, 0, 0, 0, 0, 0, 0, 0, 0, 0, 0, 0, 0, 0, 0, 0, 0, 0, 0, 0, 0, 0, 0, 0, 0, 0, 0, 0, 0, 0, 0, 0, 0, 0, 0, 0, 0, 0, 0, 0, 0, 0, 0, 0, 0, 0, 0, 0, 0, 0, 0, 0, 0.00883652456105, 0, 0, 0.00294550810941, 0, 0, 0.00294550810941, 0, 0, 0.0220913104713, 0, 0, 0.0309278350323, 0, 0, 0, 0.0780559629202, 0, 0, 0.511045634747, 0, 0, 0, 0.319587618113, 0, 0, 0, 0.0235640648752, 0, 0, 0, 0, 0, 0, 0, 0, 0, 0, 0, 0, 0, 0, 0, 0, 0, 0, 0, 0, 0, 0, 0, 0, 0, 0, 0, 0, 0, 0, 0, 0, 0, 0, 0, 0, 0, 0, 0, 0, 0, 0, 0, 0, 0, 0, 0, 0, 0, 0, 0, 0, 0, 0, 0, 0, 0, 0, 0, 0, 0, 0, 0, 0, 0, 0, 0, 0, 0, 0, 0, 0, 0, 0, 0, 0, 0, 0, 0, 0, 0, 0, 0, 0, 0, 0, 0, 0, 0, 0, 0, 0, 0, 0, 0, 0, 0, 0, 0, 0, 0, 0, 0, 0, 0]
},
"tonal": {
    "chords_changes_rate": 0.104472994804,
    "chords_number_rate": 0.00216684723273,
    "chords_strength": {
        "mean": 0.425577819347,
        "stdev": 0.135302141309
    },
    "hpcp_crest": {
        "mean": 16.6381530762,
        "stdev": 8.50929164886
    },
    "hpcp_entropy": {
        "mean": 1.60320425034,
        "stdev": 0.790112733841
    },
    "key_edma": {
        "strength": 0.732300460339,
        "key": "A#",
        "scale": "major"
    },
    "key_krumhansl": {
        "strength": 0.733250379562,
        "key": "A#",
        "scale": "major"
    },
    "key_temperley": {
        "strength": 0.734473824501,
        "key": "A#",
        "scale": "major"
    },
    "tuning_diatonic_strength": 0.583618938923,
    "tuning_equal_tempered_deviation": 0.0380070134997,
    "tuning_frequency": 447.949737549,
    "tuning_nontempered_energy_ratio": 0.718551039696,
    "hpcp": {
        "mean": [0.123239703476, 0.108457475901, 0.11499581486, 0.154100760818, 0.100385554135, 0.0605275593698, 0.0713098943233, 0.0602386519313, 0.096943423152, 0.196299985051, 0.155298992991, 0.06152401492, 0.0792355984449, 0.0912536531687, 0.122075743973, 0.167081162333, 0.127835139632, 0.0908392891288, 0.119821771979, 0.0957353040576, 0.0723564997315, 0.101764716208, 0.110260494053, 0.169134706259, 0.225284397602, 0.126623883843, 0.0360368005931, 0.0393253080547, 0.0451052859426, 0.122607007623, 0.173825368285, 0.107143610716, 0.0740756765008, 0.0911253914237, 0.0764547660947, 0.0807596892118],
