{
"metadata": {
    "version": {
        "essentia": "2.1-dev",
        "essentia_git_sha": "v2.1_beta3-415-gd5473f3",
        "extractor": "music 2.0"
    },
    "audio_properties": {
        "analysis": {
            "equal_loudness": 0,
            "length": 180.636734009,
            "sample_rate": 44100,
            "start_time": 0,
            "downmix": "mix"
        },
        "bit_rate": 192000,
        "length": 180.636734009,
        "lossless": 0,
        "number_channels": 2,
        "replay_gain": -6.57622337341,
        "sample_rate": 44100,
        "codec": "mp3",
        "md5_encoded": "64969bc974fa3607fec1d6778c8ba0e7"
    },
    "tags": {
        "file_name": "harry_arnolds_radioband-sunday.mp3",
        "album": ["Svensk Jazzhistoria Vol 8 "],
        "artist": ["Harry Arnolds Radioband"],
        "date": ["2002"],
        "genre": ["Jazz"],
        "title": ["Sunday "]
    }
},
"lowlevel": {
    "average_loudness": 0.339758813381,
    "barkbands_crest": {
        "mean": 8.71427059174,
        "stdev": 4.04269933701
    },
    "barkbands_flatness_db": {
        "mean": 0.119788691401,
        "stdev": 0.0494961850345
    },
    "barkbands_kurtosis": {
        "mean": 3.94588708878,
        "stdev": 8.3280248642
    },
    "barkbands_skewness": {
        "mean": 1.16833853722,
        "stdev": 1.44293022156
    },
    "barkbands_spread": {
        "mean": 24.6714954376,
        "stdev": 17.8613872528
    },
    "dissonance": {
        "mean": 0.462990581989,
        "stdev": 0.0275769736618
    },
    "dynamic_complexity": 4.83068275452,
    "erbbands_crest": {
        "mean": 7.97562456131,
        "stdev": 3.78907990456
    },
    "erbbands_flatness_db": {
        "mean": 0.153695002198,
        "stdev": 0.0444277152419
    },
    "erbbands_kurtosis": {
        "mean": 0.33269533515,
        "stdev": 1.89427053928
    },
    "erbbands_skewness": {
        "mean": 0.190423548222,
        "stdev": 0.797724723816
    },
    "erbbands_spread": {
        "mean": 38.9368667603,
        "stdev": 19.2719039917
    },
    "hfc": {
        "mean": 14.7788848877,
        "stdev": 24.3471775055
    },
    "loudness_ebu128": {
        "integrated": -20.4029121399,
        "loudness_range": 9.20027351379,
        "momentary": {
            "mean": -27.1672687531,
            "stdev": 35.2085189819
        },
        "short_term": {
            "mean": -21.8252410889,
            "stdev": 6.01032829285
        }
    },
    "melbands_crest": {
        "mean": 11.9176969528,
        "stdev": 5.38126564026
    },
    "melbands_flatness_db": {
        "mean": 0.171090006828,
        "stdev": 0.0723033174872
    },
    "melbands_kurtosis": {
        "mean": 12.1872930527,
        "stdev": 21.414270401
    },
    "melbands_skewness": {
        "mean": 2.253231287,
        "stdev": 1.79273557663
    },
    "melbands_spread": {
        "mean": 33.3882484436,
        "stdev": 30.6436786652
    },
    "pitch_salience": {
        "mean": 0.604772746563,
        "stdev": 0.1138818115
    },
    "silence_rate_20dB": {
        "mean": 1,
        "stdev": 0
    },
    "silence_rate_30dB": {
        "mean": 0.998586297035,
        "stdev": 0.0375718437135
    },
    "silence_rate_60dB": {
        "mean": 0.296619981527,
        "stdev": 0.456787735224
    },
    "spectral_centroid": {
        "mean": 1688.9786377,
        "stdev": 1536.83190918
    },
    "spectral_complexity": {
        "mean": 12.5296230316,
        "stdev": 9.65802097321
    },
    "spectral_decrease": {
        "mean": -2.3389308268e-09,
        "stdev": 2.77980860552e-09
    },
    "spectral_energy": {
        "mean": 0.0101681668311,
        "stdev": 0.0123543795198
    },
    "spectral_energyband_high": {
        "mean": 0.000671542715281,
        "stdev": 0.00138502323534
    },
    "spectral_energyband_low": {
        "mean": 0.0012076908024,
        "stdev": 0.00221728929318
    },
    "spectral_energyband_middle_high": {
        "mean": 0.0044048926793,
        "stdev": 0.00758227519691
    },
    "spectral_energyband_middle_low": {
        "mean": 0.00407557096332,
        "stdev": 0.00549857411534
    },
    "spectral_entropy": {
        "mean": 7.50928354263,
        "stdev": 0.540781021118
    },
    "spectral_flux": {
        "mean": 0.0443046502769,
        "stdev": 0.0312758088112
    },
    "spectral_kurtosis": {
        "mean": 4.59430646896,
        "stdev": 3.25168347359
    },
    "spectral_rms": {
        "mean": 0.00271154870279,
        "stdev": 0.00160238426179
    },
    "spectral_rolloff": {
        "mean": 2534.95507812,
        "stdev": 3269.51806641
    },
    "spectral_skewness": {
        "mean": 1.58882284164,
        "stdev": 0.518637180328
    },
    "spectral_spread": {
        "mean": 5546384,
        "stdev": 5275129.5
    },
    "spectral_strongpeak": {
        "mean": 1.0618699789,
        "stdev": 2.16020393372
    },
    "zerocrossingrate": {
        "mean": 0.0838887393475,
        "stdev": 0.0828729197383
    },
    "barkbands": {
        "mean": [3.97156691179e-05, 0.000461330229882, 0.000616937410086, 0.000322201929521, 0.0012778849341, 0.000818307395093, 0.000387845095247, 0.000402061588829, 0.000668842811137, 0.000549244577996, 0.000498623296153, 0.000332227995386, 0.000340465136105, 0.00035264150938, 0.000382810481824, 0.000616080651525, 0.000666350068059, 0.000360676349374, 0.000297912687529, 0.000188634105143, 0.000144181714859, 0.000111412795377, 0.00011438778165, 9.64344653767e-05, 9.32697803364e-05, 2.54597616731e-05, 2.22166227104e-06],
        "stdev": [1.47384544107e-05, 0.000707954866812, 0.00158391078003, 0.00124923232943, 0.00269600329921, 0.00133939820807, 0.000619416648988, 0.000750785227865, 0.00134622317273, 0.00132516969461, 0.00118641741574, 0.00070466613397, 0.000779586727731, 0.00071220274549, 0.000897435646039, 0.00214308337308, 0.00330489012413, 0.000973813992459, 0.00059571134625, 0.000410077045672, 0.000388978573028, 0.000285209418507, 0.000264027825324, 0.000223393784836, 0.000226672549616, 6.14819655311e-05, 8.32649220683e-06]
    },
    "erbbands": {
        "mean": [0.0059417905286, 0.136666446924, 0.675423681736, 0.863734424114, 2.77182626724, 4.37563657761, 6.24901723862, 6.30525493622, 5.62778520584, 7.59749698639, 9.12676715851, 14.9055356979, 17.7988395691, 15.9967355728, 19.8863620758, 13.8994512558, 15.9516954422, 17.6042709351, 18.4787025452, 25.5230026245, 32.7714500427, 41.2360687256, 22.3960762024, 19.3086929321, 11.9144392014, 8.10646343231, 6.64024353027, 4.77817249298, 4.12970972061, 4.06309700012, 3.04048013687, 1.8851672411, 1.60023105145, 1.16318142414, 0.644102096558, 0.174264997244, 0.0349558293819, 0.006367132999, 0.000452015345218, 2.52368990914e-05],
        "stdev": [0.00946888513863, 0.211005806923, 1.51970815659, 2.54915881157, 8.03444576263, 9.31379890442, 12.1836557388, 10.7207984924, 8.71865463257, 13.675948143, 15.5344209671, 28.7370147705, 39.4127311707, 37.6176986694, 47.6877784729, 26.0847434998, 32.7552337646, 34.429397583, 36.4763641357, 58.8605880737, 111.647491455, 225.409896851, 61.2250823975, 46.5783119202, 20.1997070312, 17.1937904358, 17.5887756348, 12.4917993546, 9.56784439087, 10.4770154953, 6.79279899597, 4.41525888443, 3.71865987778, 2.79854607582, 1.62291300297, 0.415398448706, 0.0859054923058, 0.0171050876379, 0.00192282209173, 4.89874400955e-05]
    },
    "gfcc": {
        "mean": [-79.3201980591, 78.3903274536, -119.620201111, 29.4001331329, -61.1731414795, 9.4620513916, -47.399230957, 12.3055486679, -29.798500061, -0.590436398983, -16.4729919434, -1.03404593468, -10.7472839355],
        "cov": [[31918.2304688, 229.818374634, -4206.5078125, 395.148132324, -1673.90319824, 198.672958374, -1052.11901855, 252.650100708, -695.08392334, -37.4599456787, -580.324401855, 38.1475982666, -352.661376953], [229.818374634, 2001.23706055, -419.436920166, -52.9844779968, 148.421691895, -63.4686546326, -69.489074707, -124.819068909, -30.2809677124, 16.0332241058, 62.9066925049, -126.130218506, 215.114654541], [-4206.5078125, -419.436920166, 1795.65026855, 240.375854492, 120.745704651, 107.77759552, 109.408462524, 84.8245239258, -10.0715007782, -20.8377437592, 30.8889636993, 54.3838386536, -102.974143982], [395.148132324, -52.9844779968, 240.375854492, 395.451934814, 3.73251819611, -7.5757932663, -47.226272583, 29.5500087738, 3.39038443565, -4.71994066238, 0.978904485703, 3.37840223312, -44.5118408203], [-1673.90319824, 148.421691895, 120.745704651, 3.73251819611, 264.77947998, 30.5113563538, 73.9413146973, -4.46282243729, 72.2587585449, 12.0704593658, 38.3902931213, -20.0781784058, 34.114780426], [198.672958374, -63.4686546326, 107.77759552, -7.5757932663, 30.5113563538, 171.19380188, 54.3372802734, 68.1345062256, -9.44319629669, 7.0342168808, -14.1829977036, 10.9745187759, -20.7187519073], [-1052.11901855, -69.489074707, 109.408462524, -47.226272583, 73.9413146973, 54.3372802734, 170.050125122, 31.8521137238, 49.0201873779, 4.95613670349, 20.8165493011, 4.0178360939, 24.077375412], [252.650100708, -124.819068909, 84.8245239258, 29.5500087738, -4.46282243729, 68.1345062256, 31.8521137238, 120.697113037, 10.2187042236, 12.4490070343, -1.97929608822, 10.4118490219, -24.9328861237], [-695.08392334, -30.2809677124, -10.0715007782, 3.39038443565, 72.2587585449, -9.44319629669, 49.0201873779, 10.2187042236, 129.736999512, 21.4927711487, 31.3238182068, 6.98738908768, 9.86417293549], [-37.4599456787, 16.0332241058, -20.8377437592, -4.71994066238, 12.0704593658, 7.0342168808, 4.95613670349, 12.4490070343, 21.4927711487, 66.979637146, 24.5793399811, 12.6067876816, 9.08921718597], [-580.324401855, 62.9066925049, 30.8889636993, 0.978904485703, 38.3902931213, -14.1829977036, 20.8165493011, -1.97929608822, 31.3238182068, 24.5793399811, 76.2489776611, 19.5437030792, 21.5583629608], [38.1475982666, -126.130218506, 54.3838386536, 3.37840223312, -20.0781784058, 10.9745187759, 4.0178360939, 10.4118490219, 6.98738908768, 12.6067876816, 19.5437030792, 69.0276489258, 1.28544795513], [-352.661376953, 215.114654541, -102.974143982, -44.5118408203, 34.114780426, -20.7187519073, 24.077375412, -24.9328861237, 9.86417293549, 9.08921718597, 21.5583629608, 1.28544795513, 98.0460510254]],
        "icov": [[0.000155252477271, -0.000102233527286, 0.000396857678425, -0.00030508992495, 0.000558200583328, -0.00039227140951, 0.000322529114783, -0.000343231658917, 0.000279987900285, -7.27219157852e-05, 0.000557617633604, -0.000494484149385, 0.00047986858408], [-0.000102233527286, 0.000991732813418, -0.000203508636332, 0.00010862939962, -0.00061054964317, -0.000210956146475, 0.000549988471903, 0.000624201551545, 0.000114485868835, -2.18175664486e-05, -0.00133725185879, 0.00216653919779, -0.00226035667583], [0.000396857678425, -0.000203508636332, 0.00179396953899, -0.00121418049093, 0.000950382149313, -0.00106821255758, 0.000243602189585, -0.000963822007179, 0.00130203377921, 0.000122038974951, 0.00104478024878, -0.00185477198102, 0.00199782242998], [-0.00030508992495, 0.00010862939962, -0.00121418049093, 0.00371015793644, -0.00128266087268, 0.00122232025024, 0.000615100725554, -0.000286686175968, -0.00102895661257, 0.00040073011769, -0.00118231819943, 0.000950305722654, -0.000132029425004], [0.000558200583328, -0.00061054964317, 0.000950382149313, -0.00128266087268, 0.0080651845783, -0.0031386082992, 0.000179666574695, 6.36448821751e-05, -0.00193817308173, -0.000156998212333, 0.000194778724108, 0.00087665906176, 0.000420980708441], [-0.00039227140951, -0.000210956146475, -0.00106821255758, 0.00122232025024, -0.0031386082992, 0.0107065355405, -0.00367076182738, -0.00370889436454, 0.00167302810587, -0.00106787064578, 0.00180277298205, -0.00173891801387, 0.00135478808079], [0.000322529114783, 0.000549988471903, 0.000243602189585, 0.000615100725554, 0.000179666574695, -0.00367076182738, 0.0106908064336, -0.00188608723693, -0.00225570471957, 0.00128702493384, -0.00072695716517, 0.00116151408292, -0.00320243928581], [-0.000343231658917, 0.000624201551545, -0.000963822007179, -0.000286686175968, 6.36448821751e-05, -0.00370889436454, -0.00188608723693, 0.0131175257266, -0.00177001894917, -0.00169921957422, -0.00178164208774, 0.00183787883725, -5.02117763972e-05], [0.000279987900285, 0.000114485868835, 0.00130203377921, -0.00102895661257, -0.00193817308173, 0.00167302810587, -0.00225570471957, -0.00177001894917, 0.012114726007, -0.00232786219567, -0.000921660801396, -0.00193018047139, 0.0020129205659], [-7.27219157852e-05, -2.18175664486e-05, 0.000122038974951, 0.00040073011769, -0.000156998212333, -0.00106787064578, 0.00128702493384, -0.00169921957422, -0.00232786219567, 0.0184740126133, -0.00544117577374, -0.00138748949394, -0.00108661130071], [0.000557617633604, -0.00133725185879, 0.00104478024878, -0.00118231819943, 0.000194778724108, 0.00180277298205, -0.00072695716517, -0.00178164208774, -0.000921660801396, -0.00544117577374, 0.0224409513175, -0.00872697401792, 0.00131605833303], [-0.000494484149385, 0.00216653919779, -0.00185477198102, 0.000950305722654, 0.00087665906176, -0.00173891801387, 0.00116151408292, 0.00183787883725, -0.00193018047139, -0.00138748949394, -0.00872697401792, 0.0233630463481, -0.00660356227309], [0.00047986858408, -0.00226035667583, 0.00199782242998, -0.000132029425004, 0.000420980708441, 0.00135478808079, -0.00320243928581, -5.02117763972e-05, 0.0020129205659, -0.00108661130071, 0.00131605833303, -0.00660356227309, 0.0195317752659]]
    },
    "melbands": {
        "mean": [9.33780465857e-05, 0.000298933155136, 0.000203805771889, 0.000270924239885, 0.000213436185732, 0.000145157391671, 8.3304978034e-05, 8.58691782923e-05, 7.92669889051e-05, 9.66885345406e-05, 8.90213268576e-05, 6.42167506157e-05, 6.19512939011e-05, 4.15860995417e-05, 3.7224686821e-05, 3.48676439899e-05, 3.29104987031e-05, 2.77988619928e-05, 3.26017870975e-05, 4.47368074674e-05, 3.37870988005e-05, 4.61385716335e-05, 2.29021770792e-05, 1.67331290868e-05, 1.59403098223e-05, 9.00584200281e-06, 7.55685732656e-06, 4.8572887863e-06, 4.52790027339e-06, 3.53531777364e-06, 2.25950157073e-06, 2.48151172855e-06, 1.91274671124e-06, 2.3529767077e-06, 1.91507410818e-06, 1.40205315802e-06, 1.03189711353e-06, 9.25595372792e-07, 1.43907493566e-06, 8.52641676374e-07],
        "stdev": [0.000139538635267, 0.00059646635782, 0.000614272605162, 0.00061710056616, 0.000411227287259, 0.000234029925196, 0.00012807258463, 0.000160456809681, 0.000145185229485, 0.000198305016966, 0.000202404669835, 0.000162067095516, 0.000146204562043, 9.17932484299e-05, 7.55954897613e-05, 8.9443543402e-05, 6.86833154759e-05, 6.12618678133e-05, 8.60713626025e-05, 0.000153960136231, 0.000137121096486, 0.000276756618405, 6.68016582495e-05, 4.52417552879e-05, 4.16817965743e-05, 1.78834707185e-05, 1.54038425535e-05, 1.16509299914e-05, 1.29463869598e-05, 1.0497796211e-05, 5.91614616496e-06, 6.01319470661e-06, 5.16936506756e-06, 6.07347192272e-06, 4.35774109064e-06, 3.54934604729e-06, 2.49371055361e-06, 2.40177746491e-06, 3.35015943165e-06, 2.25925987252e-06]
    },
    "melbands128": {
        "mean": [9.68920357991e-06, 2.04057960218e-05, 0.000116494120448, 0.000253032747423, 0.000364515464753, 0.00027314023464, 0.000146837686771, 0.000185014912859, 0.000295251549687, 0.000314377481118, 0.000242660331423, 0.000205552772968, 0.000226485732128, 0.000207103425055, 0.000150636784383, 0.000107099513116, 0.000104271086457, 7.4009913078e-05, 7.55337387091e-05, 8.31825673231e-05, 0.000111401983304, 5.66392081964e-05, 7.89839323261e-05, 0.000106246661744, 8.81657251739e-05, 0.000108140236989, 7.71446284489e-05, 9.53143462539e-05, 9.23209809116e-05, 6.3569197664e-05, 6.36646291241e-05, 4.8556488764e-05, 4.77403664263e-05, 0.000100871737232, 3.74128394469e-05, 2.9692058888e-05, 2.94517612929e-05, 5.06624710397e-05, 3.00063184113e-05, 3.17188823828e-05, 4.53193679277e-05, 2.28935168707e-05, 3.27833477058e-05, 3.79533921659e-05, 3.13726995955e-05, 2.79899122688e-05, 1.78006175702e-05, 4.94375708513e-05, 2.88633655146e-05, 1.56112109835e-05, 6.93197871442e-05, 4.34681205661e-05, 3.7601999793e-05, 2.93375051115e-05, 2.33108767134e-05, 6.55809271848e-05, 4.89664525958e-05, 1.43972301885e-05, 1.97848312382e-05, 2.57776446233e-05, 1.29219924929e-05, 9.09921163839e-06, 2.6664143661e-05, 1.24678799693e-05, 1.08631174953e-05, 9.02944520931e-06, 7.56771214583e-06, 9.08539368538e-06, 7.62760191719e-06, 5.40829023521e-06, 3.41557711181e-06, 6.46208036414e-06, 4.73132740808e-06, 4.36513482782e-06, 3.04657123706e-06, 4.40505891675e-06, 3.00781493934e-06, 3.62033460988e-06, 1.84819418791e-06, 1.23226243431e-06, 2.55968211604e-06, 3.28667192662e-06, 1.67620987668e-06, 1.18735169963e-06, 2.88931755676e-06, 2.09276277019e-06, 2.39373889599e-06, 2.5253439162e-06, 2.07219773074e-06, 1.24486780351e-06, 1.40331690091e-06, 1.54070141889e-06, 1.12081818315e-06, 1.01696934962e-06, 1.05033302589e-06, 8.45474176003e-07, 7.09721518888e-07, 1.11912936518e-06, 2.32223464991e-06, 8.48319018587e-07, 8.0916584011e-07, 9.09308425889e-07, 9.74423755906e-07, 6.1183965272e-07, 1.09671327664e-06, 5.15447538874e-07, 4.38636476474e-07, 2.28563507676e-07, 3.14340695695e-07, 2.84086809188e-07, 1.797871505e-07, 9.25354513015e-08, 8.01248489779e-08, 8.75508732179e-08, 8.37431031186e-08, 7.44366559502e-08, 3.15782671123e-08, 2.24733049947e-08, 1.83135995258e-08, 1.5452433999e-08, 7.89012766234e-09, 3.29026250689e-09, 9.49496370417e-10, 5.46110878741e-10, 4.31227753159e-12, 1.46307152591e-12, 1.45264648834e-12, 1.4404765358e-12],
        "stdev": [4.99958514411e-06, 3.8133977796e-05, 0.000208310753806, 0.000414070527768, 0.000780226837378, 0.000781900074799, 0.000465668272227, 0.000796413456555, 0.000982030294836, 0.000780905131251, 0.000625500630122, 0.000526747491676, 0.000496881897561, 0.00042289684643, 0.000325401575537, 0.00021003006259, 0.000194736770936, 0.00015752845502, 0.000175983761437, 0.000186582605238, 0.000275435420917, 0.000143933488289, 0.000195197600988, 0.000266044284217, 0.000222514659981, 0.000302397587802, 0.000339126941981, 0.000303770677419, 0.000283561297692, 0.000280156265944, 0.000193264568225, 0.000160669922479, 0.000143986428156, 0.000315997807775, 0.000132024710183, 0.000110164415673, 7.61061382946e-05, 0.000136989139719, 9.51360416366e-05, 9.68588356045e-05, 0.000152332126163, 0.000105596038338, 8.56912593008e-05, 0.000101866258774, 9.48955348576e-05, 9.62650301517e-05, 5.37660671398e-05, 0.00014924336574, 0.000102207959571, 5.74830228288e-05, 0.000293697114103, 0.000191946397536, 0.000286663387669, 0.000126637823996, 0.000109813066956, 0.00053562555695, 0.000298889353871, 5.53086319997e-05, 8.35706159705e-05, 0.000107317646325, 6.42488375888e-05, 4.70388986287e-05, 0.000102578946098, 3.41680643032e-05, 3.37801357091e-05, 2.48482374445e-05, 1.84662549145e-05, 2.00562826649e-05, 2.16495191125e-05, 1.74728429556e-05, 9.80244567472e-06, 2.40297249547e-05, 1.80601200555e-05, 1.68268652487e-05, 1.06125717139e-05, 2.07452885661e-05, 1.00936313174e-05, 1.41347518365e-05, 6.04797287451e-06, 3.56502846444e-06, 7.93287472334e-06, 9.73836176854e-06, 5.17473790751e-06, 4.29053716289e-06, 1.408497792e-05, 6.24053473075e-06, 9.26413213165e-06, 7.1740828389e-06, 5.76364436711e-06, 4.14274290961e-06, 4.16966167904e-06, 4.48440141554e-06, 3.53015775545e-06, 3.16418095281e-06, 2.90044317808e-06, 3.27881866724e-06, 2.25308144763e-06, 3.27392285726e-06, 6.03903208685e-06, 2.21002005674e-06, 2.21880986828e-06, 3.32403146786e-06, 2.60446813627e-06, 1.74559374955e-06, 3.35814138452e-06, 1.3422182974e-06, 1.43462341384e-06, 6.25184554792e-07, 8.01709745701e-07, 8.62590297857e-07, 5.26418205027e-07, 2.63555079982e-07, 1.99664484057e-07, 2.51091393011e-07, 2.49624633852e-07, 2.54414288747e-07, 8.88760567364e-08, 9.30830381662e-08, 9.72595302073e-08, 9.54867545033e-08, 6.47067963655e-08, 2.66269459814e-08, 8.60569748795e-09, 6.68056943098e-09, 2.19142523572e-10, 2.85888890686e-12, 2.83411033357e-12, 2.81678434917e-12]
    },
    "mfcc": {
        "mean": [-706.885620117, 107.723167419, -2.03581380844, 19.5384941101, 6.36419963837, -5.55197286606, -1.71538543701, 0.868026375771, -4.07361268997, -3.40798425674, -0.83287280798, -4.95098972321, -1.80944466591],
        "cov": [[11963.0791016, -244.945175171, -1593.33239746, -286.218444824, -456.848815918, -92.3044433594, -278.790496826, -6.80916023254, -35.6733665466, -50.7816925049, -143.708953857, -79.8206329346, -49.9549674988], [-244.945175171, 1826.66992188, -218.037139893, 25.1902675629, 123.438079834, 49.8520622253, 69.7651443481, -165.826705933, 39.2088737488, -25.6364021301, -40.3517303467, -40.3716659546, -53.9235916138], [-1593.33239746, -218.037139893, 1177.7800293, 203.458679199, 149.00453186, 16.1354198456, 107.781265259, 132.509384155, -37.6742324829, 21.5368785858, 53.9996109009, -22.0943412781, 12.9042263031], [-286.218444824, 25.1902675629, 203.458679199, 349.73046875, 109.606338501, 7.9517531395, -11.0379581451, -6.91765785217, -20.2007198334, -6.96901845932, 18.3577232361, 14.575963974, -1.77762126923], [-456.848815918, 123.438079834, 149.00453186, 109.606338501, 194.264846802, 33.9109077454, 28.717042923, 15.7626256943, 4.50149679184, 4.10545873642, 25.2033004761, 19.9134960175, 17.5543766022], [-92.3044433594, 49.8520622253, 16.1354198456, 7.9517531395, 33.9109077454, 104.274383545, 27.1571445465, 13.8206176758, 18.8029098511, 7.01931428909, 12.1422014236, 0.0569259598851, -2.642973423], [-278.790496826, 69.7651443481, 107.781265259, -11.0379581451, 28.717042923, 27.1571445465, 135.947723389, 34.2261695862, 33.3587379456, 8.59825134277, -2.49494290352, 5.00734090805, 0.853825628757], [-6.80916023254, -165.826705933, 132.509384155, -6.91765785217, 15.7626256943, 13.8206176758, 34.2261695862, 127.311309814, 23.3548717499, 19.0263557434, 32.1491355896, 1.23446440697, 27.8156814575], [-35.6733665466, 39.2088737488, -37.6742324829, -20.2007198334, 4.50149679184, 18.8029098511, 33.3587379456, 23.3548717499, 85.9740447998, 26.6690673828, 3.80921196938, 11.1872138977, -8.90488815308], [-50.7816925049, -25.6364021301, 21.5368785858, -6.96901845932, 4.10545873642, 7.01931428909, 8.59825134277, 19.0263557434, 26.6690673828, 68.6805496216, 27.2144107819, 1.68000876904, -0.436963587999], [-143.708953857, -40.3517303467, 53.9996109009, 18.3577232361, 25.2033004761, 12.1422014236, -2.49494290352, 32.1491355896, 3.80921196938, 27.2144107819, 78.9955368042, 20.3131866455, 15.0080575943], [-79.8206329346, -40.3716659546, -22.0943412781, 14.575963974, 19.9134960175, 0.0569259598851, 5.00734090805, 1.23446440697, 11.1872138977, 1.68000876904, 20.3131866455, 74.3853759766, 25.2921695709], [-49.9549674988, -53.9235916138, 12.9042263031, -1.77762126923, 17.5543766022, -2.642973423, 0.853825628757, 27.8156814575, -8.90488815308, -0.436963587999, 15.0080575943, 25.2921695709, 78.5701522827]],
        "icov": [[0.000115753464343, -2.08873825613e-06, 0.000169177597854, -5.37877203897e-05, 0.000144920501043, 4.38471033704e-06, 0.000112410110887, -0.000307659560349, 0.000148775361595, -3.5133514757e-05, 0.000164429031429, 4.58151698695e-05, 8.91361341928e-05], [-2.08873825613e-06, 0.000770788697992, 0.000139209194458, 3.10703690047e-05, -0.000652365677524, -8.40809298097e-05, -0.000588386552408, 0.00123733549844, -0.000541065237485, 0.000334349897457, -0.000303927459754, 0.000818286382128, -4.8033605708e-05], [0.000169177597854, 0.000139209194458, 0.00159583624918, -0.000676659343299, -0.000449849758297, 0.000289007904939, -0.000971203495283, -0.00151635985821, 0.00137246400118, -0.000362268445315, -9.616164607e-05, 0.000725043180864, 0.000521816022228], [-5.37877203897e-05, 3.10703690047e-05, -0.000676659343299, 0.00395101075992, -0.00202256115153, 5.17769185535e-05, 0.000894833763596, 0.000803089991678, 0.000163017248269, 0.000442668620963, -0.000297814724036, -0.000725300807972, 0.000658543664031], [0.000144920501043, -0.000652365677524, -0.000449849758297, -0.00202256115153, 0.00816683843732, -0.00176769657992, -0.000325899163727, -0.000738335656933, 4.10883585573e-05, 3.53660652763e-05, -0.000725106918253, -0.00144005788025, -0.00133973220363], [4.38471033704e-06, -8.40809298097e-05, 0.000289007904939, 5.17769185535e-05, -0.00176769657992, 0.0111115137115, -0.00163160311058, -0.000455517059891, -0.0015387685271, 0.000451950560091, -0.00174123141915, 0.00109048292506, 0.000656182062812], [0.000112410110887, -0.000588386552408, -0.000971203495283, 0.000894833763596, -0.000325899163727, -0.00163160311058, 0.0105510735884, -0.00251686293632, -0.00277133984491, -8.67729468155e-05, 0.00259213801473, -0.00165573216509, 0.00036498211557], [-0.000307659560349, 0.00123733549844, -0.00151635985821, 0.000803089991678, -0.000738335656933, -0.000455517059891, -0.00251686293632, 0.0150442756712, -0.00520764617249, 0.000924368097913, -0.00503579434007, 0.00370384496637, -0.00504369148985], [0.000148775361595, -0.000541065237485, 0.00137246400118, 0.000163017248269, 4.10883585573e-05, -0.0015387685271, -0.00277133984491, -0.00520764617249, 0.01836822927, -0.00676752626896, 0.00304567045532, -0.00435758009553, 0.0041794530116], [-3.5133514757e-05, 0.000334349897457, -0.000362268445315, 0.000442668620963, 3.53660652763e-05, 0.000451950560091, -8.67729468155e-05, 0.000924368097913, -0.00676752626896, 0.0200285818428, -0.00741944927722, 0.00255698198453, -0.00010386431677], [0.000164429031429, -0.000303927459754, -9.616164607e-05, -0.000297814724036, -0.000725106918253, -0.00174123141915, 0.00259213801473, -0.00503579434007, 0.00304567045532, -0.00741944927722, 0.0193604305387, -0.00547642214224, 0.000131751599838], [4.58151698695e-05, 0.000818286382128, 0.000725043180864, -0.000725300807972, -0.00144005788025, 0.00109048292506, -0.00165573216509, 0.00370384496637, -0.00435758009553, 0.00255698198453, -0.00547642214224, 0.0188564062119, -0.00598315009847], [8.91361341928e-05, -4.8033605708e-05, 0.000521816022228, 0.000658543664031, -0.00133973220363, 0.000656182062812, 0.00036498211557, -0.00504369148985, 0.0041794530116, -0.00010386431677, 0.000131751599838, -0.00598315009847, 0.0171573534608]]
    },
    "spectral_contrast_coeffs": {
        "mean": [-0.714716255665, -0.767962217331, -0.746799409389, -0.772264719009, -0.764198720455, -0.782328009605],
        "stdev": [0.080139875412, 0.0756591111422, 0.0931831151247, 0.0840762555599, 0.0755514800549, 0.0568008944392]
    },
    "spectral_contrast_valleys": {
        "mean": [-7.82745409012, -7.73175287247, -8.61337757111, -8.80861186981, -8.73204803467, -11.1182165146],
        "stdev": [2.87488627434, 2.91454863548, 2.82007169724, 2.8076364994, 2.79931354523, 2.48387551308]
    }
},
"rhythm": {
    "beats_count": 388,
    "beats_loudness": {
        "mean": 0.0171321164817,
        "stdev": 0.0153952389956
    },
    "bpm": 184.570419312,
    "bpm_histogram_first_peak_bpm": 185,
    "bpm_histogram_first_peak_weight": 0,
    "bpm_histogram_second_peak_bpm": 178,
    "bpm_histogram_second_peak_spread": 0,
    "bpm_histogram_second_peak_weight": 0.178294569254,
    "danceability": 1.083537817,
    "onset_rate": 3.58148646355,
    "beats_loudness_band_ratio": {
        "mean": [0.2583989501, 0.216059178114, 0.151143699884, 0.162998020649, 0.148106768727, 0.0983434543014],
        "stdev": [0.234272330999, 0.153514519334, 0.112143047154, 0.14127650857, 0.147426337004, 0.125530585647]
    },
    "beats_position": [0.650158703327, 1.31192743778, 1.98530614376, 2.65868473053, 3.32045340538, 3.99383211136, 4.66721057892, 5.34058952332, 6.01396799088, 6.68734693527, 7.36072540283, 8.03410434723, 8.70748329163, 9.38086128235, 10.0542402267, 10.7276191711, 11.4009971619, 12.0627660751, 12.7245349884, 13.3979139328, 14.0712919235, 14.7446708679, 15.4180498123, 16.0798187256, 16.7531967163, 17.426574707, 18.0999546051, 18.7617225647, 19.4351024628, 20.1084804535, 20.7702484131, 21.4204082489, 22.0821762085, 22.7555541992, 23.4173240662, 24.0790920258, 24.7524719238, 25.4142398834, 26.076007843, 26.7493877411, 27.4227657318, 28.0961437225, 28.7695236206, 29.4429016113, 30.1162815094, 30.7896595001, 31.4630374908, 32.1364173889, 32.8097953796, 33.4831733704, 34.1333312988, 34.7951011658, 35.4568710327, 36.118637085, 36.7920188904, 37.4537849426, 38.1271629333, 38.8005447388, 39.4739227295, 40.1473007202, 40.8206787109, 41.4940567017, 42.1442184448, 42.7943763733, 43.4445343018, 44.0946922302, 44.7448501587, 45.4066200256, 46.0916099548, 46.7649879456, 47.4383659363, 48.111743927, 48.7851219177, 49.4236717224, 50.0622215271, 50.7123794556, 51.3741493225, 52.0359191895, 52.6976852417, 53.3594551086, 54.0096130371, 54.6597709656, 55.3099327087, 55.9600906372, 56.6102485657, 57.2487983704, 57.8989562988, 58.5491142273, 59.1992721558, 59.8610420227, 60.5228118896, 61.1845779419, 61.8347396851, 62.473285675, 63.1118354797, 63.7503852844, 64.3889312744, 65.0390930176, 65.6660308838, 66.316192627, 66.9663467407, 67.6165084839, 68.2666625977, 68.9168243408, 69.566986084, 70.1939239502, 70.8208618164, 71.4477996826, 72.0747375488, 72.7132873535, 73.3518371582, 73.9903869629, 74.6405410767, 75.2790908813, 75.917640686, 76.5561904907, 77.2063446045, 77.8332901001, 78.4602279663, 79.098777771, 79.7489318848, 80.3874816895, 81.0260314941, 81.6645812988, 82.3031311035, 82.9416732788, 83.5686187744, 84.1955566406, 84.8224945068, 85.4610443115, 86.0995864868, 86.74974823, 87.3999099731, 88.0384597778, 88.6770019531, 89.3387756348, 90.0121536255, 90.6739196777, 91.3240814209, 91.9858474731, 92.6476211548, 93.2977752686, 93.9595413208, 94.6329269409, 95.2946929932, 95.9680709839, 96.6298370361, 97.2916107178, 97.9649887085, 98.6267547607, 99.3001327515, 99.8690261841, 100.437911987, 100.995193481, 101.447982788, 101.889160156, 102.330337524, 102.655418396, 102.980499268, 103.305580139, 103.64226532, 103.97895813, 104.315643311, 104.640724182, 104.977409363, 105.314102173, 105.650794983, 105.987480164, 106.324172974, 106.660858154, 106.985939026, 107.299407959, 107.624488831, 107.949569702, 108.274642944, 108.599723816, 108.924804688, 109.249885559, 109.598182678, 109.934875488, 110.283172607, 110.619865417, 110.94493866, 111.270019531, 111.595100403, 111.920181274, 112.245262146, 112.581947327, 112.918640137, 113.255325317, 113.592018127, 113.917098999, 114.242172241, 114.567253113, 114.903945923, 115.240631104, 115.565711975, 115.890792847, 116.215873718, 116.54094696, 116.866027832, 117.202720642, 117.539405823, 117.864486694, 118.201179504, 118.537864685, 118.874557495, 119.211242676, 119.536323547, 119.861404419, 120.186485291, 120.511566162, 120.836639404, 121.173332214, 121.498413086, 121.823486328, 122.1485672, 122.48526001, 122.810340881, 123.135414124, 123.472106934, 123.808792114, 124.133872986, 124.470565796, 124.807250977, 125.132331848, 125.45741272, 125.782493591, 126.107574463, 126.432647705, 126.757728577, 127.082809448, 127.40789032, 127.732971191, 128.069656372, 128.406341553, 128.743041992, 129.091339111, 129.428024292, 129.753097534, 130.089797974, 130.426483154, 130.763168335, 131.099868774, 131.424942017, 131.750015259, 132.086715698, 132.41178894, 132.748474121, 133.085174561, 133.421859741, 133.758544922, 134.095230103, 134.431930542, 134.768615723, 135.093688965, 135.418777466, 135.743850708, 136.068939209, 136.394012451, 136.719085693, 137.044174194, 137.380859375, 137.705932617, 138.042633057, 138.367706299, 138.692779541, 139.017868042, 139.354553223, 139.691238403, 140.027938843, 140.376235962, 140.73614502, 141.084442139, 141.444351196, 141.792648315, 142.152557373, 142.500854492, 142.849151611, 143.185852051, 143.522537231, 143.870834351, 144.21913147, 144.555831909, 144.89251709, 145.217590332, 145.542678833, 145.867752075, 146.204437256, 146.529525757, 146.854598999, 147.179672241, 147.504760742, 147.841445923, 148.166534424, 148.503219604, 148.816680908, 149.141769409, 149.466842651, 149.780319214, 150.093780518, 150.40725708, 150.720718384, 151.045806885, 151.370880127, 151.695953369, 152.02104187, 152.346115112, 152.659591675, 152.973052979, 153.298141479, 153.611602783, 153.936691284, 154.250152588, 154.56362915, 154.888702393, 155.213790894, 155.527252197, 155.852325439, 156.17741394, 156.502487183, 156.827575684, 157.152648926, 157.466125488, 157.779586792, 158.093063354, 158.418136597, 158.743209839, 159.06829834, 159.393371582, 159.730072021, 160.066757202, 160.403442383, 160.786575317, 161.146484375, 161.518005371, 161.86630249, 162.191375732, 162.516464233, 162.841537476, 163.166610718, 163.514923096, 163.863220215, 164.211517334, 164.548202515, 164.873291016, 165.209976196, 165.546661377, 165.883346558, 166.231658936, 166.568344116, 166.905029297, 167.230117798, 167.55519104, 167.891876221, 168.228561401, 168.576873779, 168.925170898, 169.261856079, 169.610153198, 169.958450317, 170.318359375, 170.678268433, 171.049789429, 171.432922363, 171.816055298, 172.175964355, 172.535873413, 172.895782471, 173.24407959, 173.592376709, 173.940673828, 174.288970947, 174.637283325, 174.985580444, 175.333877563, 175.693786621, 176.053695679, 176.413604736, 176.773513794, 177.133422852, 177.493331909, 177.853240967, 178.25958252, 178.665939331, 179.072280884, 179.467025757, 179.86177063],
    "bpm_histogram": [0, 0, 0, 0, 0, 0, 0, 0, 0, 0, 0, 0, 0, 0, 0, 0, 0, 0, 0, 0, 0, 0, 0, 0, 0, 0, 0, 0, 0, 0, 0, 0, 0, 0, 0, 0, 0, 0, 0, 0, 0, 0, 0, 0, 0, 0, 0, 0, 0, 0, 0, 0, 0, 0, 0, 0, 0, 0, 0, 0, 0, 0, 0, 0, 0, 0, 0, 0, 0, 0, 0, 0, 0, 0, 0, 0, 0, 0, 0, 0, 0, 0, 0, 0, 0, 0, 0, 0, 0.00258397939615, 0.134366929531, 0, 0.0852713212371, 0.0801033601165, 0, 0.0594315230846, 0, 0.0258397925645, 0, 0, 0, 0, 0, 0, 0, 0, 0.0051679587923, 0, 0, 0.00258397939615, 0, 0, 0, 0, 0, 0, 0, 0, 0, 0, 0, 0, 0, 0, 0, 0, 0, 0, 0, 0, 0, 0, 0, 0, 0.00258397939615, 0, 0, 0.0051679587923, 0, 0, 0, 0, 0, 0, 0, 0, 0, 0, 0, 0.00775193795562, 0, 0, 0, 0.0051679587923, 0, 0, 0, 0, 0.00775193795562, 0, 0, 0, 0.0051679587923, 0, 0, 0, 0, 0, 0.0413436703384, 0, 0, 0, 0, 0.0671834647655, 0, 0, 0, 0, 0, 0.178294569254, 0, 0, 0, 0, 0, 0, 0.245478034019, 0, 0, 0, 0, 0, 0.0387596897781, 0, 0, 0, 0, 0, 0, 0, 0, 0, 0, 0, 0, 0, 0, 0, 0, 0, 0, 0, 0, 0, 0, 0, 0, 0, 0, 0, 0, 0, 0, 0, 0, 0, 0, 0, 0, 0, 0, 0, 0, 0, 0, 0, 0, 0, 0, 0, 0, 0, 0, 0, 0, 0, 0, 0, 0, 0, 0]
},
"tonal": {
    "chords_changes_rate": 0.0902081727982,
    "chords_number_rate": 0.00411205366254,
    "chords_strength": {
        "mean": 0.485051244497,
        "stdev": 0.186736375093
    },
    "hpcp_crest": {
        "mean": 13.8659133911,
        "stdev": 8.02852344513
    },
    "hpcp_entropy": {
        "mean": 1.95456659794,
        "stdev": 0.841548681259
    },
    "key_edma": {
        "strength": 0.775874197483,
        "key": "G#",
        "scale": "major"
    },
    "key_krumhansl": {
        "strength": 0.777311682701,
        "key": "G#",
        "scale": "major"
    },
    "key_temperley": {
        "strength": 0.777402639389,
        "key": "G#",
        "scale": "major"
    },
    "tuning_diatonic_strength": 0.627757370472,
    "tuning_equal_tempered_deviation": 0.0581854656339,
    "tuning_frequency": 439.745910645,
    "tuning_nontempered_energy_ratio": 0.771804213524,
    "hpcp": {
        "mean": [0.128521561623, 0.112165860832, 0.154717221856, 0.214743331075, 0.145874023438, 0.0644685029984, 0.0626007989049, 0.0698897317052, 0.16845099628, 0.242601588368, 0.162135705352, 0.107004486024, 0.115812808275, 0.0825873315334, 0.0864518433809, 0.126426354051, 0.109191887081, 0.157068580389, 0.265652775764, 0.199062094092, 0.0972907021642, 0.0872578844428, 0.0704706460238, 0.150355964899, 0.235013276339, 0.1548140347, 0.0779962912202, 0.0802828967571, 0.0729428827763, 0.145882934332, 0.225588783622, 0.165943220258, 0.147314578295, 0.220321372151, 0.201474234462, 0.146625190973],
        "stdev": [0.241314098239, 0.223444715142, 0.238706946373, 0.293172985315, 0.226542040706, 0.150727421045, 0.163619801402, 0.160538747907, 0.257658541203, 0.322346299887, 0.235180810094, 0.198848724365, 0.22656929493, 0.174559116364, 0.159712016582, 0.222371771932, 0.192563414574, 0.233608052135, 0.337785452604, 0.276849359274, 0.179649993777, 0.18728543818, 0.159874379635, 0.234110400081, 0.32029697299, 0.232548817992, 0.156137943268, 0.179393932223, 0.16275793314, 0.23009352386, 0.309130430222, 0.234484985471, 0.230126693845, 0.303372591734, 0.294375151396, 0.235412150621]
    },
    "chords_histogram": [25.032125473, 18.5299415588, 7.55589818954, 3.16114115715, 3.7265484333, 1.23361599445, 7.68440008163, 1.72192239761, 4.67746067047, 0.334104329348, 1.02801334858, 0.359804689884, 0.334104329348, 0.205602675676, 1.02801334858, 0.436905682087, 0, 1.23361599445, 0.334104329348, 1.10511434078, 0.102801337838, 3.44384479523, 8.22410678864, 8.50681018829],
    "thpcp": [1, 0.749331891537, 0.366232573986, 0.328465938568, 0.26527351141, 0.565986812115, 0.88466334343, 0.582768380642, 0.293602406979, 0.302209883928, 0.274579793215, 0.549148917198, 0.849186599255, 0.624662101269, 0.554538071156, 0.829358458519, 0.758411943913, 0.551943004131, 0.483795285225, 0.422227323055, 0.582403957844, 0.808360934258, 0.549115359783, 0.242679581046, 0.235648959875, 0.263086766005, 0.634102165699, 0.913228154182, 0.610329449177, 0.402798295021, 0.435955584049, 0.31088450551, 0.325431734324, 0.475908279419, 0.411032348871, 0.591255187988],
    "chords_key": "G#",
    "chords_scale": "major"
}
}