{
"metadata": {
    "version": {
        "essentia": "2.1-dev",
        "essentia_git_sha": "v2.1_beta3-415-gd5473f3",
        "extractor": "music 2.0"
    },
    "audio_properties": {
        "analysis": {
            "equal_loudness": 0,
            "length": 264.019592285,
            "sample_rate": 44100,
            "start_time": 0,
            "downmix": "mix"
        },
        "bit_rate": 192000,
        "length": 264.019592285,
        "lossless": 0,
        "number_channels": 2,
        "replay_gain": -5.48690223694,
        "sample_rate": 44100,
        "codec": "mp3",
        "md5_encoded": "0af19c8b6c5f204e8d1aafe88b956b0e"
    },
    "tags": {
        "file_name": "herbie_nichols--lady_sings_the_blues.mp3",
        "album": ["The Blue Note Years Vol.1"],
        "artist": ["Herbie Nichols"],
        "date": ["1998"],
        "genre": ["Jazz"],
        "title": ["Lady Sings The Blues"]
    }
},
"lowlevel": {
    "average_loudness": 0.714769661427,
    "barkbands_crest": {
        "mean": 12.342924118,
        "stdev": 4.26531267166
    },
    "barkbands_flatness_db": {
        "mean": 0.207698985934,
        "stdev": 0.0530766062438
    },
    "barkbands_kurtosis": {
        "mean": 13.9924650192,
        "stdev": 17.5902786255
    },
    "barkbands_skewness": {
        "mean": 2.46968746185,
        "stdev": 1.72378528118
    },
    "barkbands_spread": {
        "mean": 9.64070129395,
        "stdev": 8.36807250977
    },
    "dissonance": {
        "mean": 0.431530624628,
        "stdev": 0.0438987389207
    },
    "dynamic_complexity": 4.45619630814,
    "erbbands_crest": {
        "mean": 12.144329071,
        "stdev": 5.80896854401
    },
    "erbbands_flatness_db": {
        "mean": 0.186928868294,
        "stdev": 0.0560318157077
    },
    "erbbands_kurtosis": {
        "mean": 3.05538344383,
        "stdev": 4.76524019241
    },
    "erbbands_skewness": {
        "mean": 1.31645524502,
        "stdev": 0.881033182144
    },
    "erbbands_spread": {
        "mean": 35.8463821411,
        "stdev": 24.7090187073
    },
    "hfc": {
        "mean": 9.11029624939,
        "stdev": 16.0625476837
    },
    "loudness_ebu128": {
        "integrated": -19.6433563232,
        "loudness_range": 4.02925872803,
        "momentary": {
            "mean": -23.4827289581,
            "stdev": 26.7485408783
        },
        "short_term": {
            "mean": -20.1950035095,
            "stdev": 3.48670434952
        }
    },
    "melbands_crest": {
        "mean": 15.964304924,
        "stdev": 5.36623811722
    },
    "melbands_flatness_db": {
        "mean": 0.288386017084,
        "stdev": 0.066453576088
    },
    "melbands_kurtosis": {
        "mean": 32.0575332642,
        "stdev": 47.3566207886
    },
    "melbands_skewness": {
        "mean": 3.35197162628,
        "stdev": 2.49440455437
    },
    "melbands_spread": {
        "mean": 10.2167720795,
        "stdev": 15.1682834625
    },
    "pitch_salience": {
        "mean": 0.511329948902,
        "stdev": 0.123210400343
    },
    "silence_rate_20dB": {
        "mean": 1,
        "stdev": 0
    },
    "silence_rate_30dB": {
        "mean": 0.978280007839,
        "stdev": 0.145771041512
    },
    "silence_rate_60dB": {
        "mean": 0.107193104923,
        "stdev": 0.309358417988
    },
    "spectral_centroid": {
        "mean": 781.948303223,
        "stdev": 1157.78686523
    },
    "spectral_complexity": {
        "mean": 8.19618320465,
        "stdev": 4.15882873535
    },
    "spectral_decrease": {
        "mean": -6.18101125838e-09,
        "stdev": 7.00115432295e-09
    },
    "spectral_energy": {
        "mean": 0.0241548195481,
        "stdev": 0.0275865402073
    },
    "spectral_energyband_high": {
        "mean": 0.000137626484502,
        "stdev": 0.000235224884818
    },
    "spectral_energyband_low": {
        "mean": 0.00915236026049,
        "stdev": 0.0134026762098
    },
    "spectral_energyband_middle_high": {
        "mean": 0.001486016321,
        "stdev": 0.00612337654456
    },
    "spectral_energyband_middle_low": {
        "mean": 0.0143175050616,
        "stdev": 0.0200677961111
    },
    "spectral_entropy": {
        "mean": 6.99223613739,
        "stdev": 0.593607902527
    },
    "spectral_flux": {
        "mean": 0.0574833415449,
        "stdev": 0.0443767346442
    },
    "spectral_kurtosis": {
        "mean": 5.46355772018,
        "stdev": 5.4797668457
    },
    "spectral_rms": {
        "mean": 0.00423807371408,
        "stdev": 0.00236740172841
    },
    "spectral_rolloff": {
        "mean": 730.01550293,
        "stdev": 2016.58081055
    },
    "spectral_skewness": {
        "mean": 1.73264312744,
        "stdev": 0.70494478941
    },
    "spectral_spread": {
        "mean": 4774087.5,
        "stdev": 4030332.25
    },
    "spectral_strongpeak": {
        "mean": 0.926668941975,
        "stdev": 1.37991333008
    },
    "zerocrossingrate": {
        "mean": 0.0351057574153,
        "stdev": 0.053010314703
    },
    "barkbands": {
        "mean": [0.000242131471168, 0.00447762012482, 0.00361640169285, 0.0014876810601, 0.00351772224531, 0.00401162169874, 0.00132645270787, 0.00152179109864, 0.0022183386609, 0.000356827367796, 0.000264826667262, 0.000175781198777, 0.000365584186511, 0.000104273087345, 0.000196992288693, 4.20532924181e-05, 3.23559579556e-05, 2.21907412197e-05, 1.98069647013e-05, 3.63948274753e-05, 4.88472323923e-05, 1.89826096175e-05, 2.58091204159e-05, 1.79956059583e-05, 4.66965184387e-06, 1.4185004602e-06, 3.21909084278e-07],
        "stdev": [0.000374523602659, 0.0066111991182, 0.00742570823058, 0.00257591949776, 0.00657799979672, 0.00958086922765, 0.00351775460877, 0.00586501136422, 0.0100761493668, 0.00264059659094, 0.00140965345781, 0.000972581503447, 0.00237511866726, 0.000343065854395, 0.00437631318346, 0.000153255256009, 0.000119093732792, 7.35742287361e-05, 2.67919222097e-05, 5.8675170294e-05, 8.07582910056e-05, 3.52298557118e-05, 6.21803410468e-05, 4.70906488772e-05, 1.23585314213e-05, 3.92966603613e-06, 1.88433205039e-06]
    },
    "erbbands": {
        "mean": [0.0687336176634, 1.2277367115, 4.40140628815, 4.62018156052, 7.50246858597, 13.0693864822, 23.3106155396, 32.4733161926, 15.1230792999, 28.5056991577, 41.3060112, 56.5522499084, 20.202501297, 8.62792015076, 9.43174171448, 8.75441360474, 17.1517925262, 7.13328123093, 8.77515888214, 6.49488544464, 2.22625374794, 1.80556535721, 1.38401007652, 0.981260597706, 1.20134556293, 1.67461848259, 2.23951983452, 1.35133159161, 0.73183876276, 0.581328511238, 0.752246618271, 0.525167524815, 0.240342855453, 0.0763534158468, 0.0259464085102, 0.00755757279694, 0.00229762936942, 0.000497004250064, 5.75278500037e-05, 3.08418602799e-05],
        "stdev": [0.0821329504251, 1.95906341076, 9.2969751358, 6.79672288895, 17.7290401459, 25.913318634, 51.2475662231, 82.3296279907, 31.130695343, 90.0109481812, 154.293548584, 275.009979248, 115.404823303, 32.650302887, 47.0571212769, 47.6538124084, 106.919433594, 30.6309318542, 159.871505737, 147.743133545, 8.45092201233, 7.37013578415, 4.62164497375, 1.73867154121, 1.69898509979, 2.78042244911, 3.5233373642, 2.09617376328, 1.49276447296, 1.0879496336, 1.96490848064, 1.34093558788, 0.61828994751, 0.198777496815, 0.0671769678593, 0.0195164456964, 0.00677270349115, 0.00172482512426, 0.000306011730572, 4.3117943278e-05]
    },
    "gfcc": {
        "mean": [-89.6811599731, 129.306671143, -92.8989105225, 41.5749359131, -70.8776321411, 8.64582061768, -24.3936786652, -2.35832333565, -17.0270881653, 2.11704349518, -7.75673055649, -10.2913808823, -6.94465446472],
        "cov": [[17273.9726562, 1867.8392334, -1361.53051758, 84.8065490723, -922.236816406, 212.803100586, -531.537475586, -195.644180298, -125.285881042, 18.7291736603, -72.3841323853, -191.419006348, -107.527351379], [1867.8392334, 1118.99475098, -414.751373291, -268.480224609, 78.0588531494, -128.779571533, 17.9328079224, -133.478210449, 79.6937026978, -28.7060394287, 95.6917572021, -52.7262115479, 46.2474822998], [-1361.53051758, -414.751373291, 867.004760742, 387.488464355, 53.5717926025, 92.8029174805, 71.4464797974, 68.8128051758, -80.757774353, 6.81536722183, -26.7506866455, 33.0668945312, -6.2583527565], [84.8065490723, -268.480224609, 387.488464355, 561.009643555, -41.8887176514, 72.0486984253, 29.1875572205, 44.663143158, -96.3620758057, -23.6194877625, -52.4850654602, -5.00415897369, -24.6504096985], [-922.236816406, 78.0588531494, 53.5717926025, -41.8887176514, 270.678344727, 13.5766439438, 66.0493469238, -2.56342625618, 56.7523536682, -8.37154960632, 13.3482685089, 0.697744429111, 15.3968935013], [212.803100586, -128.779571533, 92.8029174805, 72.0486984253, 13.5766439438, 163.219421387, 37.2357406616, 53.7661857605, -8.78674602509, 23.2646884918, -23.1252098083, -1.9967495203, -14.3616437912], [-531.537475586, 17.9328079224, 71.4464797974, 29.1875572205, 66.0493469238, 37.2357406616, 171.900787354, 82.8208770752, 37.4722213745, -10.3086433411, -10.1254854202, -21.7240467072, -12.3314247131], [-195.644180298, -133.478210449, 68.8128051758, 44.663143158, -2.56342625618, 53.7661857605, 82.8208770752, 155.468032837, 47.3055839539, 20.8578128815, -28.9700202942, -10.0368881226, -29.9305686951], [-125.285881042, 79.6937026978, -80.757774353, -96.3620758057, 56.7523536682, -8.78674602509, 37.4722213745, 47.3055839539, 117.607849121, 38.8279495239, 16.4363193512, -21.3390884399, -5.38050794601], [18.7291736603, -28.7060394287, 6.81536722183, -23.6194877625, -8.37154960632, 23.2646884918, -10.3086433411, 20.8578128815, 38.8279495239, 100.91444397, 39.6211204529, 15.2323579788, -3.75311374664], [-72.3841323853, 95.6917572021, -26.7506866455, -52.4850654602, 13.3482685089, -23.1252098083, -10.1254854202, -28.9700202942, 16.4363193512, 39.6211204529, 94.3549728394, 40.3427429199, 20.312669754], [-191.419006348, -52.7262115479, 33.0668945312, -5.00415897369, 0.697744429111, -1.9967495203, -21.7240467072, -10.0368881226, -21.3390884399, 15.2323579788, 40.3427429199, 88.7621307373, 46.8874931335], [-107.527351379, 46.2474822998, -6.2583527565, -24.6504096985, 15.3968935013, -14.3616437912, -12.3314247131, -29.9305686951, -5.38050794601, -3.75311374664, 20.312669754, 46.8874931335, 94.6413040161]],
        "icov": [[0.000180169241503, -0.000481927942019, 0.000171778083313, -0.00023937979131, 0.000545760907698, -0.000673049653415, 0.000620551523753, -0.000160336974659, -6.56564589008e-05, -2.47248099186e-05, 0.000356663687853, -0.000152097229147, 0.00022252551571], [-0.000481927942019, 0.00291504524648, 4.81367605971e-05, 0.00071581552038, -0.00158914364874, 0.0021403725259, -0.00238390523009, 0.00146854494233, -0.000270626507699, 0.000742285745218, -0.00288142636418, 0.00229334342293, -0.00154893100262], [0.000171778083313, 4.81367605971e-05, 0.00226999190636, -0.00133174937218, -0.000288945244392, -0.000577720813453, -5.70070224057e-05, -0.000432373810327, 0.00111371325329, -0.000666285224725, -9.66926454566e-05, -0.000120242417324, -9.27269938984e-05], [-0.00023937979131, 0.00071581552038, -0.00133174937218, 0.00338455871679, -0.000443950586487, 0.000585968082305, -0.000910508446395, -0.000451825326309, 0.00202778563835, 9.32547191042e-05, -0.00021888295305, 0.00106227118522, -0.000288978451863], [0.000545760907698, -0.00158914364874, -0.000288945244392, -0.000443950586487, 0.007111760322, -0.00318082049489, -0.000118446085253, 0.00229830713943, -0.00456636305898, 0.00176679645665, 0.00135461124592, -0.0020590131171, 0.000873426848557], [-0.000673049653415, 0.0021403725259, -0.000577720813453, 0.000585968082305, -0.00318082049489, 0.0109683191404, -0.00343610532582, -0.00146015093196, 0.00318703311495, -0.0035484333057, 0.00051825522678, 0.000995117472485, -0.000987541512586], [0.000620551523753, -0.00238390523009, -5.70070224057e-05, -0.000910508446395, -0.000118446085253, -0.00343610532582, 0.0127593679354, -0.00700631830841, -0.000293868448352, 0.00280272820964, -0.00129789416678, 0.00228156149387, -0.000183712996659], [-0.000160336974659, 0.00146854494233, -0.000432373810327, -0.000451825326309, 0.00229830713943, -0.00146015093196, -0.00700631830841, 0.0160063002259, -0.00843666587025, -0.000836031802464, 0.00478544551879, -0.00523436395451, 0.00356093840674], [-6.56564589008e-05, -0.000270626507699, 0.00111371325329, 0.00202778563835, -0.00456636305898, 0.00318703311495, -0.000293868448352, -0.00843666587025, 0.0210366249084, -0.00737509177998, -0.00270694773644, 0.007695118431, -0.00314829591662], [-2.47248099186e-05, 0.000742285745218, -0.000666285224725, 9.32547191042e-05, 0.00176679645665, -0.0035484333057, 0.00280272820964, -0.000836031802464, -0.00737509177998, 0.0177992302924, -0.00817187875509, -0.000612936564721, 0.00120843877085], [0.000356663687853, -0.00288142636418, -9.66926454566e-05, -0.00021888295305, 0.00135461124592, 0.00051825522678, -0.00129789416678, 0.00478544551879, -0.00270694773644, -0.00817187875509, 0.0233686920255, -0.0124902781099, 0.00364686525427], [-0.000152097229147, 0.00229334342293, -0.000120242417324, 0.00106227118522, -0.0020590131171, 0.000995117472485, 0.00228156149387, -0.00523436395451, 0.007695118431, -0.000612936564721, -0.0124902781099, 0.026289910078, -0.0118275592104], [0.00022252551571, -0.00154893100262, -9.27269938984e-05, -0.000288978451863, 0.000873426848557, -0.000987541512586, -0.000183712996659, 0.00356093840674, -0.00314829591662, 0.00120843877085, 0.00364686525427, -0.0118275592104, 0.0172506682575]]
    },
    "melbands": {
        "mean": [0.000954429502599, 0.00213254685514, 0.000869776122272, 0.000751640298404, 0.000786050863098, 0.000726783880964, 0.000244714232394, 0.000301436695736, 0.000368435983546, 0.000330473674694, 8.86429334059e-05, 3.11762596539e-05, 3.58692050213e-05, 2.00957929337e-05, 2.94274450425e-05, 3.6133784306e-05, 1.01884616015e-05, 1.18575926535e-05, 1.59874471137e-05, 3.6519797959e-06, 2.19916023525e-06, 1.70580005943e-06, 1.9235808395e-06, 7.96378856194e-07, 7.92782202552e-07, 7.81349740464e-07, 1.08127596832e-06, 1.10136875264e-06, 1.22889025533e-06, 1.48009041823e-06, 5.82131747251e-07, 4.2245540044e-07, 3.34293758897e-07, 3.10973604201e-07, 4.12271987216e-07, 4.72340190072e-07, 2.61363936715e-07, 1.76181799816e-07, 1.10285604649e-07, 5.02449175599e-08],
        "stdev": [0.00117836345453, 0.00405695056543, 0.00128900073469, 0.00148287799675, 0.0016228632303, 0.00179893884342, 0.000530265679117, 0.000950348912738, 0.00138633407187, 0.00160133978352, 0.000564347777981, 0.000127007617266, 0.000204977040994, 0.000105850798718, 0.000194889813429, 0.000244864058914, 3.68289001926e-05, 0.000206297016121, 0.000407335755881, 2.48007272603e-05, 6.81639448885e-06, 7.19450008546e-06, 9.70967357716e-06, 2.10157122638e-06, 1.47154366914e-06, 1.03243576177e-06, 1.99003602575e-06, 2.0493307602e-06, 1.8791055254e-06, 2.78640936813e-06, 9.21160733469e-07, 9.05577905996e-07, 6.6222668238e-07, 6.32710509763e-07, 1.16009732665e-06, 1.10517180474e-06, 7.70571716657e-07, 4.83837425236e-07, 2.73238697446e-07, 1.38459569143e-07]
    },
    "melbands128": {
        "mean": [0.000174618486199, 0.000350781047018, 0.0011394174071, 0.00235383072868, 0.00258636567742, 0.00151468871627, 0.000939416757319, 0.000662986538373, 0.000751561427023, 0.000793941318989, 0.000748156977352, 0.000609186245129, 0.000669458473567, 0.00122688524425, 0.000898733036593, 0.000394360016799, 0.000192839186639, 0.000194395732251, 0.000319226324791, 0.000373322953237, 0.000250626821071, 0.000247422576649, 0.000427345337812, 0.000379914388759, 0.000475314329378, 0.000264000846073, 0.000108690561319, 0.000101348035969, 2.76409118669e-05, 2.7065154427e-05, 3.01379914163e-05, 4.16099974245e-05, 4.75094566355e-05, 2.24862669711e-05, 1.72968339029e-05, 2.0247485736e-05, 2.41848811129e-05, 1.87861824088e-05, 4.82257819385e-05, 3.92467954953e-05, 4.51549167337e-05, 1.42970902743e-05, 7.12159408067e-06, 8.58310340845e-06, 1.13380810944e-05, 7.78063440521e-06, 2.21955997404e-05, 1.91445305973e-05, 1.33595203806e-05, 3.4244071685e-06, 3.11983990287e-06, 3.43053056895e-06, 2.67147675004e-06, 1.25425356146e-06, 1.86075806141e-06, 1.55624275067e-06, 1.82903124823e-06, 2.60398201135e-06, 1.52799339048e-06, 1.32720992951e-06, 5.29552266926e-07, 8.09921061773e-07, 6.37561299754e-07, 7.74162970174e-07, 1.0531909993e-06, 6.57426653561e-07, 7.26755502001e-07, 9.59319095273e-07, 1.17287015655e-06, 1.22558219573e-06, 9.80057507149e-07, 1.20917025015e-06, 9.81913899523e-07, 1.06676918676e-06, 1.60624279033e-06, 2.23689244194e-06, 9.64588252828e-07, 5.73513375457e-07, 6.34428261037e-07, 4.85809835027e-07, 4.0539171664e-07, 4.36554870475e-07, 3.2817496276e-07, 3.41317161201e-07, 3.10080025656e-07, 3.14691959602e-07, 2.73300713616e-07, 3.80277413115e-07, 3.93318572378e-07, 4.65424250251e-07, 5.19438231095e-07, 4.98067834087e-07, 3.44459948565e-07, 2.54264818977e-07, 2.1943151296e-07, 1.73773329948e-07, 1.68260612554e-07, 1.74367841055e-07, 1.27770562131e-07, 6.69448780855e-08, 5.49509948655e-08, 4.51644801558e-08, 4.7728644148e-08, 4.34300773122e-08, 2.68330637709e-08, 1.80877854916e-08, 1.43185294732e-08, 1.66240408106e-08, 1.35973703408e-08, 8.89200624243e-09, 7.34821492543e-09, 7.77011788244e-09, 7.84246356744e-09, 5.92495386087e-09, 5.57452928263e-09, 5.11225151101e-09, 4.06673539288e-09, 1.47706902265e-09, 9.36739907864e-10, 8.87473206035e-10, 1.59303514824e-09, 1.14764320269e-09, 1.26682331292e-09, 1.15177223314e-09, 8.28530244412e-10, 6.0533283941e-10, 1.7594477264e-10, 9.29999827148e-12],
        "stdev": [0.000260764325503, 0.000537202926353, 0.0014341159258, 0.00422780634835, 0.00581205496565, 0.00281165679917, 0.00156063458417, 0.00126889068633, 0.0022634929046, 0.00212376820855, 0.00172723387368, 0.00163820025045, 0.0017095800722, 0.00375642231666, 0.00266159558669, 0.00121622474398, 0.000593824253883, 0.000630624184851, 0.00101195648313, 0.00151530082803, 0.00136824918445, 0.00110458803829, 0.00206870073453, 0.00194934301544, 0.00316261104308, 0.00163764727768, 0.000835621438455, 0.000997050548904, 0.000192622101167, 0.000180026938324, 0.00014257026487, 0.000241661648033, 0.000375177245587, 0.000119925847684, 0.000118440271763, 0.000130861226353, 0.000218297282117, 0.000195884393179, 0.000351533963112, 0.000269167881925, 0.000467829493573, 8.05956879049e-05, 3.33482785209e-05, 4.75446249766e-05, 4.82336727146e-05, 0.000153351109475, 0.000674953684211, 0.000643146515358, 0.000435481924796, 1.78310710908e-05, 1.52071061166e-05, 2.23859115067e-05, 1.21865159599e-05, 4.07709831052e-06, 8.42974350235e-06, 7.94369952928e-06, 1.45546055137e-05, 1.64296434377e-05, 9.47084572545e-06, 5.36047855348e-06, 1.46702416259e-06, 3.23171821037e-06, 2.5700101105e-06, 1.54381189077e-06, 2.1087728328e-06, 9.42118560943e-07, 1.38005179906e-06, 1.7570818045e-06, 2.86881231659e-06, 3.1008737551e-06, 3.0354235605e-06, 2.96735970551e-06, 2.28744988817e-06, 2.06771915146e-06, 3.4037552723e-06, 5.43582063983e-06, 2.02578439712e-06, 8.7982164132e-07, 1.27568944208e-06, 9.19757894735e-07, 9.77136892288e-07, 1.15320881378e-06, 1.15707962323e-06, 6.70667873237e-07, 5.73629904466e-07, 6.24887263712e-07, 6.49679350317e-07, 1.13620490083e-06, 1.21659775232e-06, 1.44920829825e-06, 1.42968156069e-06, 1.09088853151e-06, 8.81479820691e-07, 8.56297788232e-07, 8.28906877359e-07, 6.03750095252e-07, 4.54444091247e-07, 4.40850982386e-07, 3.29485658312e-07, 1.96737246938e-07, 1.76286363285e-07, 1.29861305709e-07, 1.22271970326e-07, 1.19971232948e-07, 7.66580399159e-08, 5.35985478223e-08, 4.22574828463e-08, 4.5228453871e-08, 3.62339136473e-08, 2.51627234604e-08, 2.13955964057e-08, 2.34234409646e-08, 2.49533691488e-08, 1.95771399092e-08, 1.92933047316e-08, 1.82219430656e-08, 1.51036321228e-08, 1.09502815704e-08, 1.04925037547e-08, 9.43016331689e-09, 1.63576423517e-08, 1.13126965573e-08, 1.28081607542e-08, 1.19240537444e-08, 8.9871461384e-09, 6.89579016111e-09, 2.38247732653e-09, 1.32268321296e-10]
    },
    "mfcc": {
        "mean": [-728.471313477, 146.453277588, 31.6669921875, 34.7865447998, -11.3936071396, 11.0519866943, 1.03814744949, -3.64212536812, -3.05339765549, 8.36790084839, -4.16481971741, 8.33413696289, -4.61025524139],
        "cov": [[6194.22607422, 1094.66259766, -143.908447266, -281.75982666, -5.05424404144, 76.1935272217, -247.916351318, -149.012390137, -143.528488159, -23.1368694305, -0.382774710655, 55.2431182861, -72.2255859375], [1094.66259766, 1342.78527832, -391.882232666, -125.529945374, -28.0707397461, -9.672706604, -70.0298080444, -82.7460021973, -50.4123878479, -16.393283844, 44.4350700378, 44.4342422485, -11.154665947], [-143.908447266, -391.882232666, 730.420349121, 283.575469971, 45.0175018311, 77.9682388306, 141.215164185, 59.8880310059, 31.8415870667, 23.8625240326, -46.8270874023, -11.7049484253, 3.7326900959], [-281.75982666, -125.529945374, 283.575469971, 367.059265137, 46.5613517761, 53.657081604, 85.3179168701, 56.4252586365, 22.3192520142, 13.1201915741, -28.3209781647, -11.8966741562, -2.05834627151], [-5.05424404144, -28.0707397461, 45.0175018311, 46.5613517761, 146.041885376, 54.0733833313, 15.3631687164, 4.66097784042, 8.13798427582, -6.00791883469, -4.41941785812, -5.07376766205, 6.519282341], [76.1935272217, -9.672706604, 77.9682388306, 53.657081604, 54.0733833313, 113.659942627, 49.840877533, 5.55527591705, 3.69676113129, 6.89082241058, -12.9381008148, -9.96795272827, 4.37898921967], [-247.916351318, -70.0298080444, 141.215164185, 85.3179168701, 15.3631687164, 49.840877533, 122.445594788, 60.6894569397, 34.1478843689, 12.4350728989, -1.00224292278, 7.85874891281, 5.52539777756], [-149.012390137, -82.7460021973, 59.8880310059, 56.4252586365, 4.66097784042, 5.55527591705, 60.6894569397, 116.434547424, 66.9138412476, 20.7027683258, 6.71141862869, 4.60082674026, 1.34586417675], [-143.528488159, -50.4123878479, 31.8415870667, 22.3192520142, 8.13798427582, 3.69676113129, 34.1478843689, 66.9138412476, 117.861732483, 63.6336898804, 16.8510456085, 3.69394898415, -0.481981992722], [-23.1368694305, -16.393283844, 23.8625240326, 13.1201915741, -6.00791883469, 6.89082241058, 12.4350728989, 20.7027683258, 63.6336898804, 102.172729492, 51.3873786926, 16.9632358551, -3.94073152542], [-0.382774710655, 44.4350700378, -46.8270874023, -28.3209781647, -4.41941785812, -12.9381008148, -1.00224292278, 6.71141862869, 16.8510456085, 51.3873786926, 109.237312317, 61.4631576538, 1.50448298454], [55.2431182861, 44.4342422485, -11.7049484253, -11.8966741562, -5.07376766205, -9.96795272827, 7.85874891281, 4.60082674026, 3.69394898415, 16.9632358551, 61.4631576538, 97.5261383057, 30.7872200012], [-72.2255859375, -11.154665947, 3.7326900959, -2.05834627151, 6.519282341, 4.37898921967, 5.52539777756, 1.34586417675, -0.481981992722, -3.94073152542, 1.50448298454, 30.7872200012, 74.4195785522]],
        "icov": [[0.000248979398748, -0.000215361884329, -0.000228057004279, 0.000230620978982, 3.27586567437e-05, -0.00051086419262, 0.00082340487279, -0.000372878217604, 0.000290495401714, -0.000189945989405, 0.000298224622384, -0.000420951750129, 0.000359916244633], [-0.000215361884329, 0.0011291205883, 0.000758919049986, -0.000348363886587, 0.000118029543955, 0.000109073364001, -0.000855748658068, 0.000874885998201, -0.000272796518402, 0.000247629068326, -0.000232342659729, -0.000198326335521, 4.15759677708e-05], [-0.000228057004279, 0.000758919049986, 0.00284363492392, -0.0015739868395, -0.000133335968712, 0.000365269341273, -0.00275879050605, 0.00101569399703, 0.000100705816294, -0.000811761769, 0.0010194828501, -0.000357492506737, -3.21433981298e-05], [0.000230620978982, -0.000348363886587, -0.0015739868395, 0.00454280432314, -0.000857835635543, -0.000628937326837, -2.36451814999e-05, -0.00188779993914, 0.00134794798214, -0.0012187770335, 0.0012702413369, -0.000464679294964, 0.000635002448689], [3.27586567437e-05, 0.000118029543955, -0.000133335968712, -0.000857835635543, 0.00903848838061, -0.00490081263706, 0.00186168635264, 0.000407926010666, -0.00232726032846, 0.00302158109844, -0.00194906932302, 0.000614755379502, -0.000686560932081], [-0.00051086419262, 0.000109073364001, 0.000365269341273, -0.000628937326837, -0.00490081263706, 0.0155308749527, -0.00823251809925, 0.00287114898674, 0.00138898659497, -0.00296201021411, 0.00130698469002, 0.00218551373109, -0.00151882122736], [0.00082340487279, -0.000855748658068, -0.00275879050605, -2.36451814999e-05, 0.00186168635264, -0.00823251809925, 0.0197452995926, -0.00812118593603, -0.00015848253679, 0.00121650332585, 2.7679008781e-05, -0.00292866816744, 0.00108517706394], [-0.000372878217604, 0.000874885998201, 0.00101569399703, -0.00188779993914, 0.000407926010666, 0.00287114898674, -0.00812118593603, 0.0185018889606, -0.0104899583384, 0.00470525538549, -0.00246695475653, 0.00108865182847, -0.000489502330311], [0.000290495401714, -0.000272796518402, 0.000100705816294, 0.00134794798214, -0.00232726032846, 0.00138898659497, -0.00015848253679, -0.0104899583384, 0.0213963594288, -0.0139371994883, 0.00502198655158, -0.000981797813438, 0.000302092113998], [-0.000189945989405, 0.000247629068326, -0.000811761769, -0.0012187770335, 0.00302158109844, -0.00296201021411, 0.00121650332585, 0.00470525538549, -0.0139371994883, 0.0236305035651, -0.0122346719727, 0.00355990091339, -0.000470389553811], [0.000298224622384, -0.000232342659729, 0.0010194828501, 0.0012702413369, -0.00194906932302, 0.00130698469002, 2.7679008781e-05, -0.00246695475653, 0.00502198655158, -0.0122346719727, 0.0228422880173, -0.0136595759541, 0.00494881765917], [-0.000420951750129, -0.000198326335521, -0.000357492506737, -0.000464679294964, 0.000614755379502, 0.00218551373109, -0.00292866816744, 0.00108865182847, -0.000981797813438, 0.00355990091339, -0.0136595759541, 0.0217812471092, -0.0089704496786], [0.000359916244633, 4.15759677708e-05, -3.21433981298e-05, 0.000635002448689, -0.000686560932081, -0.00151882122736, 0.00108517706394, -0.000489502330311, 0.000302092113998, -0.000470389553811, 0.00494881765917, -0.0089704496786, 0.0174778904766]]
    },
    "spectral_contrast_coeffs": {
        "mean": [-0.695225894451, -0.722510695457, -0.753611683846, -0.784081101418, -0.809472680092, -0.762355566025],
        "stdev": [0.0842058435082, 0.0943899452686, 0.0788384377956, 0.0688418596983, 0.0347456857562, 0.0330955833197]
    },
    "spectral_contrast_valleys": {
        "mean": [-7.01490831375, -7.30452108383, -8.6552438736, -9.2259683609, -8.84677600861, -11.4578037262],
        "stdev": [2.31765627861, 2.273655653, 2.13657832146, 2.07592153549, 2.0652923584, 1.89928233624]
    }
},
"rhythm": {
    "beats_count": 569,
    "beats_loudness": {
        "mean": 0.0473362281919,
        "stdev": 0.0364268198609
    },
    "bpm": 131.939300537,
    "bpm_histogram_first_peak_bpm": 133,
    "bpm_histogram_first_peak_weight": 0.547557830811,
    "bpm_histogram_second_peak_bpm": 126,
    "bpm_histogram_second_peak_spread": 0.189542472363,
    "bpm_histogram_second_peak_weight": 0.218309864402,
    "danceability": 1.35218834877,
    "onset_rate": 3.73436594009,
    "beats_loudness_band_ratio": {
        "mean": [0.570014178753, 0.272893607616, 0.149489551783, 0.0272539295256, 0.00925329327583, 0.0117965489626],
        "stdev": [0.268890082836, 0.206767216325, 0.188322395086, 0.0401922799647, 0.0398615561426, 0.0333218611777]
    },
    "beats_position": [0.46439909935, 0.905578196049, 1.34675729275, 1.77632653713, 2.20589566231, 2.62385487556, 3.06503391266, 3.50621318817, 3.94739222527, 4.40018129349, 4.85297060013, 5.30575942993, 5.7701587677, 6.2229475975, 6.67573690414, 7.12852573395, 7.59292507172, 8.05732440948, 8.52172279358, 8.96290206909, 9.41569137573, 9.86848068237, 10.321269989, 10.774058342, 11.2268476486, 11.6796369553, 12.1208162308, 12.5736055374, 13.0263938904, 13.4907932281, 13.9435825348, 14.3963718414, 14.8491611481, 15.301949501, 15.7547388077, 16.2075271606, 16.6603164673, 17.1131057739, 17.5542850494, 18.0070743561, 18.4598636627, 18.9126529694, 19.365442276, 19.8182315826, 20.2710208893, 20.7121982574, 21.153377533, 21.5945568085, 22.0473461151, 22.5001354218, 22.9529247284, 23.4173240662, 23.8817234039, 24.3229026794, 24.7756919861, 25.2168693542, 25.6580486298, 26.0992279053, 26.5404071808, 26.9815864563, 27.4227657318, 27.8755550385, 28.3283443451, 28.7695236206, 29.2107028961, 29.6634922028, 30.1162815094, 30.5690689087, 31.0218582153, 31.474647522, 31.9274368286, 32.3802261353, 32.8330154419, 33.2741928101, 33.7269821167, 34.1681632996, 34.6209526062, 35.0621299744, 35.5033111572, 35.9212684631, 36.362449646, 36.8036270142, 37.2564163208, 37.7092056274, 38.1619949341, 38.6147842407, 39.0675735474, 39.520362854, 39.9615402222, 40.402721405, 40.8555107117, 41.3083000183, 41.7494773865, 42.1906585693, 42.6318359375, 43.0730133057, 43.5141944885, 43.9553718567, 44.3965530396, 44.8493423462, 45.2905197144, 45.743309021, 46.1960983276, 46.6488876343, 47.1016769409, 47.5544662476, 48.0072555542, 48.4600448608, 48.9128341675, 49.3656234741, 49.8184127808, 50.2595901489, 50.7123794556, 51.1535606384, 51.6063499451, 52.0707473755, 52.5351448059, 52.9879341125, 53.4291152954, 53.8702926636, 54.3114738464, 54.7642631531, 55.2054405212, 55.6582298279, 56.0994110107, 56.5522003174, 57.0049858093, 57.4461669922, 57.8873443604, 58.3517456055, 58.8161430359, 59.2689323425, 59.7217216492, 60.162902832, 60.6040802002, 61.0568695068, 61.5212669373, 61.9856681824, 62.438457489, 62.8796348572, 63.32081604, 63.7619934082, 64.2031707764, 64.6443557739, 65.0971450806, 65.5499343872, 66.0027160645, 66.4671173096, 66.9199066162, 67.3726959229, 67.8254852295, 68.2898864746, 68.7426757812, 69.1954650879, 69.6366424561, 70.0778198242, 70.5306091309, 70.9833984375, 71.4245758057, 71.8773651123, 72.3301544189, 72.7713394165, 73.2241287231, 73.6769180298, 74.1297073364, 74.5824966431, 75.0352783203, 75.488067627, 75.9408569336, 76.3936462402, 76.8464355469, 77.2992248535, 77.7404098511, 78.1931991577, 78.6343765259, 79.0871658325, 79.5515594482, 79.9927444458, 80.4455337524, 80.8983230591, 81.3511123657, 81.8039016724, 82.256690979, 82.7094802856, 83.1622695923, 83.6150588989, 84.0562362671, 84.4974136353, 84.9502029419, 85.4029922485, 85.8557815552, 86.3085708618, 86.7729721069, 87.2257614136, 87.6785507202, 88.1313400269, 88.5841217041, 89.0369110107, 89.4897003174, 89.942489624, 90.3952789307, 90.8596801758, 91.3240814209, 91.7768707275, 92.2296600342, 92.6824493408, 93.123626709, 93.5764160156, 94.0175933838, 94.458770752, 94.9115600586, 95.3759613037, 95.8287506104, 96.2931518555, 96.7459411621, 97.1987304688, 97.6515197754, 98.104309082, 98.5570983887, 99.0098876953, 99.474281311, 99.9386825562, 100.391471863, 100.855873108, 101.308662415, 101.77305603, 102.237457275, 102.701858521, 103.154647827, 103.607437134, 104.048614502, 104.501403809, 104.954193115, 105.406982422, 105.859771729, 106.300949097, 106.753738403, 107.20652771, 107.659317017, 108.112106323, 108.599723816, 109.029296875, 109.482086182, 109.934875488, 110.387664795, 110.840454102, 111.293243408, 111.746032715, 112.198822021, 112.663215637, 113.127616882, 113.592018127, 114.056411743, 114.50920105, 114.961990356, 115.426391602, 115.902404785, 116.355194092, 116.807983398, 117.260765076, 117.725166321, 118.189567566, 118.653968811, 119.118362427, 119.582763672, 120.047164917, 120.523170471, 120.987571716, 121.440361023, 121.904762268, 122.369155884, 122.833557129, 123.297958374, 123.773963928, 124.249977112, 124.714370728, 125.178771973, 125.643173218, 126.095962524, 126.548751831, 127.001541138, 127.454330444, 127.91872406, 128.383132935, 128.835922241, 129.288711548, 129.753097534, 130.194290161, 130.658676147, 131.123077393, 131.575866699, 132.028656006, 132.493057251, 132.957458496, 133.421859741, 133.874649048, 134.327438354, 134.7918396, 135.256240845, 135.720626831, 136.185028076, 136.649429321, 137.113830566, 137.578231812, 138.054244995, 138.53024292, 139.006256104, 139.482269287, 139.946670532, 140.411056519, 140.852249146, 141.32824707, 141.804260254, 142.280273438, 142.756271362, 143.232284546, 143.708297729, 144.184310913, 144.660308838, 145.124710083, 145.589111328, 146.065124512, 146.541137695, 147.005523682, 147.481536865, 147.957550049, 148.433563232, 148.886352539, 149.350738525, 149.815139771, 150.279541016, 150.743942261, 151.208343506, 151.672744751, 152.148742676, 152.624755859, 153.089157104, 153.55355835, 154.029571533, 154.505569458, 154.99319458, 155.457595825, 155.945205688, 156.421218872, 156.920455933, 157.408065796, 157.895690918, 158.360092163, 158.824493408, 159.300491333, 159.776504517, 160.2525177, 160.740127563, 161.216140747, 161.703765869, 162.179763794, 162.644165039, 163.120178223, 163.584579468, 164.060592651, 164.536590576, 165.024215698, 165.500228882, 165.976226807, 166.463851929, 166.939865112, 167.415863037, 167.880264282, 168.344665527, 168.809066772, 169.273468018, 169.749481201, 170.213867188, 170.689880371, 171.154281616, 171.6302948, 172.106307983, 172.57069397, 173.035095215, 173.487884521, 173.963897705, 174.42829895, 174.892700195, 175.36869812, 175.844711304, 176.309112549, 176.773513794, 177.237915039, 177.713912964, 178.178314209, 178.654327393, 179.130340576, 179.606338501, 180.070739746, 180.54675293, 181.011154175, 181.487167358, 181.951568604, 182.41595459, 182.868743896, 183.321533203, 183.797546387, 184.27355957, 184.737960815, 185.202362061, 185.666748047, 186.14276123, 186.618774414, 187.083175659, 187.559173584, 188.035186768, 188.52281189, 188.987213135, 189.451599121, 189.916000366, 190.380401611, 190.856414795, 191.332427979, 191.796829224, 192.26121521, 192.725616455, 193.1900177, 193.666030884, 194.130432129, 194.594833374, 195.05921936, 195.535232544, 196.011245728, 196.487258911, 196.974868774, 197.462493896, 197.95010376, 198.437728882, 198.890518188, 199.354919434, 199.830932617, 200.306930542, 200.782943726, 201.247344971, 201.711746216, 202.176147461, 202.652145386, 203.128158569, 203.615783691, 204.080184937, 204.544570923, 205.020584106, 205.49659729, 205.972610474, 206.448608398, 206.913009644, 207.377410889, 207.841812134, 208.317825317, 208.793823242, 209.269836426, 209.734237671, 210.210250854, 210.6746521, 211.139038086, 211.61505127, 212.091064453, 212.555465698, 213.008255005, 213.461044312, 213.925445557, 214.401443481, 214.877456665, 215.34185791, 215.806259155, 216.28225708, 216.758270264, 217.245895386, 217.721893311, 218.197906494, 218.662307739, 219.126708984, 219.591110229, 220.055511475, 220.531509399, 221.007522583, 221.471923828, 221.947937012, 222.423934937, 222.89994812, 223.375961304, 223.851974487, 224.327972412, 224.803985596, 225.279998779, 225.744400024, 226.220397949, 226.696411133, 227.172424316, 227.6484375, 228.112823486, 228.565612793, 229.041625977, 229.51763916, 229.993652344, 230.469650269, 230.945663452, 231.421676636, 231.897689819, 232.385299683, 232.861312866, 233.33732605, 233.824935913, 234.312561035, 234.788574219, 235.264572144, 235.740585327, 236.216598511, 236.692596436, 237.168609619, 237.656234741, 238.143844604, 238.619857788, 239.095870972, 239.571884155, 240.04788208, 240.523895264, 241.011520386, 241.487518311, 241.963531494, 242.439544678, 242.915557861, 243.391555786, 243.855957031, 244.320358276, 244.784759521, 245.249160767, 245.701950073, 246.166351318, 246.619140625, 247.083526611, 247.547927856, 247.989105225, 248.430297852, 248.87147522, 249.324264526, 249.823486328, 250.334320068, 250.833557129, 251.321166992, 251.808792114, 252.284805298, 252.772415161, 253.28326416, 253.782485962, 254.270111084, 254.769332886, 255.268569946, 255.767791748, 256.278625488, 256.789459229, 257.277099609, 257.764709473, 258.252319336, 258.763183594, 259.274017334, 259.784851074, 260.295684814, 260.806518555, 261.317352295, 261.851409912, 262.385467529, 262.907928467, 263.430389404],
    "bpm_histogram": [0, 0, 0, 0, 0, 0, 0, 0, 0, 0, 0, 0, 0, 0, 0, 0, 0, 0, 0, 0, 0, 0, 0, 0, 0, 0, 0, 0, 0, 0, 0, 0, 0, 0, 0, 0, 0, 0, 0, 0, 0, 0, 0, 0, 0, 0, 0, 0, 0, 0, 0, 0, 0, 0, 0, 0, 0, 0, 0, 0, 0, 0, 0, 0, 0, 0, 0, 0, 0, 0, 0, 0, 0, 0, 0, 0, 0, 0, 0, 0, 0, 0, 0, 0, 0, 0, 0, 0, 0, 0, 0, 0, 0, 0, 0, 0, 0, 0, 0, 0, 0, 0, 0, 0, 0, 0, 0, 0, 0, 0, 0, 0, 0.00352112669498, 0, 0, 0.00352112669498, 0, 0.0176056344062, 0, 0, 0.0123239438981, 0, 0, 0.0510563366115, 0, 0, 0.218309864402, 0, 0, 0.25, 0, 0, 0, 0.309859156609, 0, 0, 0.125, 0, 0, 0, 0.00528169004247, 0, 0, 0, 0.00352112669498, 0, 0, 0, 0, 0, 0, 0, 0, 0, 0, 0, 0, 0, 0, 0, 0, 0, 0, 0, 0, 0, 0, 0, 0, 0, 0, 0, 0, 0, 0, 0, 0, 0, 0, 0, 0, 0, 0, 0, 0, 0, 0, 0, 0, 0, 0, 0, 0, 0, 0, 0, 0, 0, 0, 0, 0, 0, 0, 0, 0, 0, 0, 0, 0, 0, 0, 0, 0, 0, 0, 0, 0, 0, 0, 0, 0, 0, 0, 0, 0, 0, 0, 0, 0, 0, 0, 0, 0, 0, 0, 0, 0, 0, 0, 0, 0, 0, 0, 0, 0, 0, 0, 0, 0, 0]
},
"tonal": {
    "chords_changes_rate": 0.0740284845233,
    "chords_number_rate": 0.0028134342283,
    "chords_strength": {
        "mean": 0.433190345764,
        "stdev": 0.153068736196
    },
    "hpcp_crest": {
        "mean": 18.2497291565,
        "stdev": 9.29490756989
    },
    "hpcp_entropy": {
        "mean": 1.45343768597,
        "stdev": 0.810666203499
    },
    "key_edma": {
        "strength": 0.58701479435,
        "key": "G",
        "scale": "major"
    },
    "key_krumhansl": {
        "strength": 0.590988993645,
        "key": "G",
        "scale": "major"
    },
    "key_temperley": {
        "strength": 0.59280192852,
        "key": "G",
        "scale": "major"
    },
    "tuning_diatonic_strength": 0.378870368004,
    "tuning_equal_tempered_deviation": 0.00877007376403,
    "tuning_frequency": 441.782684326,
    "tuning_nontempered_energy_ratio": 0.652421236038,
    "hpcp": {
        "mean": [0.139860585332, 0.0916845798492, 0.0619575083256, 0.111986942589, 0.0986563935876, 0.106541194022, 0.148430585861, 0.0971942096949, 0.081002831459, 0.0994075536728, 0.0564374141395, 0.0320369265974, 0.0447375252843, 0.0414024330676, 0.130527794361, 0.250363141298, 0.168791726232, 0.0832915455103, 0.099641956389, 0.0714140608907, 0.107241496444, 0.18753400445, 0.149437248707, 0.130757138133, 0.136551991105, 0.0677999258041, 0.0579193271697, 0.0873479619622, 0.0794971585274, 0.138697788119, 0.167437925935, 0.0848189517856, 0.049348693341, 0.0525252074003, 0.0495766438544, 0.092250585556],
        "stdev": [0.27785179019, 0.200339853764, 0.152658000588, 0.258302181959, 0.232992768288, 0.204348638654, 0.287269622087, 0.199587121606, 0.203473344445, 0.24542927742, 0.159068226814, 0.114267721772, 0.149444192648, 0.127742230892, 0.218410968781, 0.360409170389, 0.258084028959, 0.189753249288, 0.256530463696, 0.181418687105, 0.204568788409, 0.334348231554, 0.243192017078, 0.241351366043, 0.271209359169, 0.16786184907, 0.147471696138, 0.213302910328, 0.179464146495, 0.261069208384, 0.298060715199, 0.186131343246, 0.1556712538, 0.161704033613, 0.1630140692, 0.193270891905]
    },
    "chords_histogram": [16.1772460938, 9.3370847702, 2.19799542427, 0.42201513052, 5.39827680588, 1.52980482578, 1.81114828587, 0.791278362274, 0.633022665977, 0.84403026104, 0, 0.0879198163748, 0.228591531515, 1.26604533195, 1.47705292702, 0.545102894306, 10.0756111145, 11.2889041901, 6.11921930313, 7.33251285553, 3.30578517914, 3.9036397934, 4.9938454628, 10.2338666916],
    "thpcp": [1, 0.674187600613, 0.332682937384, 0.397989720106, 0.285241901875, 0.428343802691, 0.749047994614, 0.596881985664, 0.522269904613, 0.545415699482, 0.270806342363, 0.231341272593, 0.348885059357, 0.317527413368, 0.553986430168, 0.668780267239, 0.338783711195, 0.197108462453, 0.209796085954, 0.198018938303, 0.368467122316, 0.558630883694, 0.366206377745, 0.247470572591, 0.447298049927, 0.394053190947, 0.425546646118, 0.592861175537, 0.388212949038, 0.323541373014, 0.397053480148, 0.225422218442, 0.127961829305, 0.17869053781, 0.165369525552, 0.521353900433],
    "chords_key": "G",
    "chords_scale": "major"
}
}