{
"metadata": {
    "version": {
        "essentia": "2.1-dev",
        "essentia_git_sha": "v2.1_beta3-415-gd5473f3",
        "extractor": "music 2.0"
    },
    "audio_properties": {
        "analysis": {
            "equal_loudness": 0,
            "length": 196.963272095,
            "sample_rate": 44100,
            "start_time": 0,
            "downmix": "mix"
        },
        "bit_rate": 192000,
        "length": 196.963272095,
        "lossless": 0,
        "number_channels": 2,
        "replay_gain": -3.97782325745,
        "sample_rate": 44100,
        "codec": "mp3",
        "md5_encoded": "f44b4712ddd7fa5d09f9091ae74eb2ca"
    },
    "tags": {
        "file_name": "john_coltrane-up_gainst_the_wall_crsmp3.mp3",
        "album": ["Impressions                   "],
        "artist": ["John Coltrane                 "],
        "date": ["2000"],
        "genre": ["Jazz"],
        "title": ["Up 'Gainst the Wall           "]
    }
},
"lowlevel": {
    "average_loudness": 0.809355199337,
    "barkbands_crest": {
        "mean": 10.4956541061,
        "stdev": 3.99744653702
    },
    "barkbands_flatness_db": {
        "mean": 0.114661388099,
        "stdev": 0.0366767793894
    },
    "barkbands_kurtosis": {
        "mean": 2.99367237091,
        "stdev": 6.83274507523
    },
    "barkbands_skewness": {
        "mean": 1.35879445076,
        "stdev": 1.31784725189
    },
    "barkbands_spread": {
        "mean": 47.7831993103,
        "stdev": 29.3472652435
    },
    "dissonance": {
        "mean": 0.456238359213,
        "stdev": 0.0308719035238
    },
    "dynamic_complexity": 3.67010259628,
    "erbbands_crest": {
        "mean": 8.7000875473,
        "stdev": 4.60857629776
    },
    "erbbands_flatness_db": {
        "mean": 0.0987526699901,
        "stdev": 0.0443565174937
    },
    "erbbands_kurtosis": {
        "mean": 0.176506966352,
        "stdev": 2.22174906731
    },
    "erbbands_skewness": {
        "mean": 0.376346677542,
        "stdev": 0.940097868443
    },
    "erbbands_spread": {
        "mean": 67.3828887939,
        "stdev": 36.0857620239
    },
    "hfc": {
        "mean": 39.974861145,
        "stdev": 47.5133094788
    },
    "loudness_ebu128": {
        "integrated": -17.912935257,
        "loudness_range": 4.52584457397,
        "momentary": {
            "mean": -22.4507427216,
            "stdev": 25.410484314
        },
        "short_term": {
            "mean": -19.6767692566,
            "stdev": 10.766456604
        }
    },
    "melbands_crest": {
        "mean": 15.6772069931,
        "stdev": 5.59386873245
    },
    "melbands_flatness_db": {
        "mean": 0.179854243994,
        "stdev": 0.0593413636088
    },
    "melbands_kurtosis": {
        "mean": 26.6543292999,
        "stdev": 43.0196380615
    },
    "melbands_skewness": {
        "mean": 3.65350699425,
        "stdev": 2.55586528778
    },
    "melbands_spread": {
        "mean": 29.3338451385,
        "stdev": 27.0911312103
    },
    "pitch_salience": {
        "mean": 0.539931237698,
        "stdev": 0.119922198355
    },
    "silence_rate_20dB": {
        "mean": 1,
        "stdev": 0
    },
    "silence_rate_30dB": {
        "mean": 0.99929279089,
        "stdev": 0.026583917439
    },
    "silence_rate_60dB": {
        "mean": 0.0980669483542,
        "stdev": 0.29740023613
    },
    "spectral_centroid": {
        "mean": 1715.79333496,
        "stdev": 1586.76074219
    },
    "spectral_complexity": {
        "mean": 10.5785007477,
        "stdev": 6.67886304855
    },
    "spectral_decrease": {
        "mean": -4.37732561309e-09,
        "stdev": 3.78564823933e-09
    },
    "spectral_energy": {
        "mean": 0.0201469250023,
        "stdev": 0.0165673010051
    },
    "spectral_energyband_high": {
        "mean": 0.00241392245516,
        "stdev": 0.00318383309059
    },
    "spectral_energyband_low": {
        "mean": 0.00404390646145,
        "stdev": 0.00605354784057
    },
    "spectral_energyband_middle_high": {
        "mean": 0.00367851089686,
        "stdev": 0.00582052441314
    },
    "spectral_energyband_middle_low": {
        "mean": 0.0102371517569,
        "stdev": 0.0114577375352
    },
    "spectral_entropy": {
        "mean": 7.86531352997,
        "stdev": 0.595788776875
    },
    "spectral_flux": {
        "mean": 0.0651242434978,
        "stdev": 0.0423974767327
    },
    "spectral_kurtosis": {
        "mean": 2.7864921093,
        "stdev": 1.94344079494
    },
    "spectral_rms": {
        "mean": 0.00402281992137,
        "stdev": 0.00186346133705
    },
    "spectral_rolloff": {
        "mean": 5375.1328125,
        "stdev": 5870.05224609
    },
    "spectral_skewness": {
        "mean": 1.39987957478,
        "stdev": 0.409295588732
    },
    "spectral_spread": {
        "mean": 9964358,
        "stdev": 5477810
    },
    "spectral_strongpeak": {
        "mean": 1.14951837063,
        "stdev": 1.41510844231
    },
    "zerocrossingrate": {
        "mean": 0.170085147023,
        "stdev": 0.103791467845
    },
    "barkbands": {
        "mean": [2.18772584049e-05, 0.00218242499977, 0.00158652174287, 0.000644149666186, 0.00255680829287, 0.00161900697276, 0.00138143717777, 0.00205959426239, 0.00185923406389, 0.000476706889458, 0.000529050943442, 0.000328295805957, 0.000184075935977, 0.000463976233732, 0.00043786232709, 0.000451698666438, 0.000228885299293, 0.000155213900143, 0.00023730826797, 0.000479157228256, 0.000278584688203, 9.21425453271e-05, 0.000212657614611, 0.000268221308943, 0.000275185855571, 0.000415683636675, 0.000681779813021],
        "stdev": [0.00011518989777, 0.00345723866485, 0.00313154933974, 0.00179630878847, 0.00433052144945, 0.00311736972071, 0.00266697350889, 0.00474904570729, 0.00556367775425, 0.00128636148293, 0.00161365454551, 0.000882942404132, 0.000420199648943, 0.00111505994573, 0.00136193854269, 0.00142815860454, 0.000643582898192, 0.000231689482462, 0.000466056517325, 0.00118325336371, 0.000692212954164, 0.000124964557472, 0.000297981343465, 0.000334807293257, 0.000399662822019, 0.000795746746007, 0.00135818659328]
    },
    "erbbands": {
        "mean": [0.0258856676519, 0.617791175842, 2.02223968506, 1.8137447834, 5.5412979126, 8.14881134033, 12.708357811, 13.0502223969, 16.4945278168, 31.6728439331, 54.6018295288, 34.5460700989, 16.4322071075, 22.0125312805, 13.9405736923, 11.9166231155, 9.73647117615, 19.0504436493, 20.2060432434, 26.2466201782, 22.9311771393, 11.6693048477, 8.3434419632, 10.1328496933, 17.1368865967, 20.7105541229, 16.2991123199, 7.02764463425, 2.98193764687, 4.43832778931, 6.13673257828, 5.81754350662, 4.46450567245, 2.73128604889, 2.29948830605, 1.29724860191, 0.864511966705, 0.332430064678, 0.0868952348828, 0.0109163597226],
        "stdev": [0.0441537760198, 0.977081537247, 3.74519014359, 3.89231228828, 11.1411762238, 13.7290506363, 26.9734954834, 25.9418735504, 31.7808494568, 66.5587921143, 122.512496948, 101.626457214, 41.1991767883, 68.1241760254, 34.9684295654, 32.0454330444, 19.8707008362, 50.4184150696, 48.8492736816, 62.2792396545, 64.6117782593, 29.014509201, 13.7558317184, 13.908411026, 34.9275512695, 52.5420608521, 40.4325561523, 15.6119441986, 4.4625658989, 5.73230838776, 8.78575515747, 7.44045782089, 5.77256202698, 3.94590449333, 3.39446783066, 2.13927173615, 1.74312603474, 0.700392842293, 0.179559066892, 0.021730536595]
    },
    "gfcc": {
        "mean": [-9.90109157562, 12.6337099075, -58.7400360107, 7.62979745865, -45.02784729, -2.91593837738, -32.0319404602, 4.07920885086, -16.610748291, 1.59282708168, -11.5925292969, -7.10353565216, -13.6107225418],
        "cov": [[38075.984375, 930.54486084, -2878.24194336, -182.301971436, -1429.64746094, -348.520019531, -941.179138184, 69.0653686523, -539.78704834, 226.452484131, -369.06149292, -346.331726074, -311.586700439], [930.54486084, 741.389282227, -167.32258606, -26.1561145782, -46.6077613831, -61.0545310974, -20.5126056671, -26.2990989685, -56.9834442139, 23.3080425262, 2.84820103645, -29.1568527222, 12.4348011017], [-2878.24194336, -167.32258606, 1631.13452148, 343.335906982, 93.5232162476, 244.667678833, -23.5580444336, 12.6299057007, 43.9054679871, -240.325820923, 34.5110664368, 144.112197876, -75.6960067749], [-182.301971436, -26.1561145782, 343.335906982, 361.23538208, 143.538497925, 110.025611877, 27.56889534, 42.6645698547, 22.5192623138, -17.0400295258, 12.4178333282, 31.5592517853, -22.1916313171], [-1429.64746094, -46.6077613831, 93.5232162476, 143.538497925, 263.804748535, 96.5203857422, 107.626045227, 30.8321666718, 55.6874465942, 37.1090812683, 36.3094558716, 12.6679763794, 14.6928071976], [-348.520019531, -61.0545310974, 244.667678833, 110.025611877, 96.5203857422, 185.305404663, 51.8622436523, 42.9344825745, 31.4376296997, -4.2313337326, 14.1357374191, 35.3207130432, 1.12170469761], [-941.179138184, -20.5126056671, -23.5580444336, 27.56889534, 107.626045227, 51.8622436523, 149.670776367, 53.5074119568, 63.151134491, 41.4355621338, 15.7986564636, 1.88016664982, 33.0433578491], [69.0653686523, -26.2990989685, 12.6299057007, 42.6645698547, 30.8321666718, 42.9344825745, 53.5074119568, 101.583122253, 62.4048995972, 34.6154136658, -0.223688006401, -9.59267902374, -4.19142246246], [-539.78704834, -56.9834442139, 43.9054679871, 22.5192623138, 55.6874465942, 31.4376296997, 63.151134491, 62.4048995972, 109.011955261, 46.0839233398, 16.8521785736, -4.36362123489, 6.01255989075], [226.452484131, 23.3080425262, -240.325820923, -17.0400295258, 37.1090812683, -4.2313337326, 41.4355621338, 34.6154136658, 46.0839233398, 125.212661743, 37.4168319702, -10.7147426605, 19.0181713104], [-369.06149292, 2.84820103645, 34.5110664368, 12.4178333282, 36.3094558716, 14.1357374191, 15.7986564636, -0.223688006401, 16.8521785736, 37.4168319702, 88.4271087646, 44.1431465149, 7.72081327438], [-346.331726074, -29.1568527222, 144.112197876, 31.5592517853, 12.6679763794, 35.3207130432, 1.88016664982, -9.59267902374, -4.36362123489, -10.7147426605, 44.1431465149, 90.7139205933, 34.779209137], [-311.586700439, 12.4348011017, -75.6960067749, -22.1916313171, 14.6928071976, 1.12170469761, 33.0433578491, -4.19142246246, 6.01255989075, 19.0181713104, 7.72081327438, 34.779209137, 89.8835601807]],
        "icov": [[5.7455185015e-05, -3.83488186344e-05, 0.000156345704454, -0.000172603424289, 0.000304026005324, -0.000207711666008, 0.000258650805335, -0.000171871695784, 8.28722986626e-05, -4.68426696898e-05, 9.47420994635e-05, -7.93408617028e-05, 0.000170253115357], [-3.83488186344e-05, 0.0015456113033, -0.000195897970116, -7.36775255064e-05, 7.33303677407e-05, 0.000439293507952, -0.000384911923902, 3.29775207319e-06, 0.00117243407294, -0.000511336140335, -0.000653357594274, 0.00111645262223, -0.000751852639951], [0.000156345704454, -0.000195897970116, 0.00234495569021, -0.00142857863102, 0.00106938171666, -0.00195723026991, 0.00106803898234, 8.71548982104e-05, -0.00236289273016, 0.00390205415897, -0.000669007014949, -0.00213856901973, 0.00186963588931], [-0.000172603424289, -7.36775255064e-05, -0.00142857863102, 0.0055540073663, -0.00384878111072, 0.000346046726918, 0.000502523966134, -0.00185567396693, 0.00143119553104, -0.00114631024189, 0.00111505016685, -0.000883627741132, 0.000326495995978], [0.000304026005324, 7.33303677407e-05, 0.00106938171666, -0.00384878111072, 0.00997072830796, -0.00337705831043, -0.00339498114772, 0.00253983633593, -0.00108894030564, -0.000600295665208, -0.00201092753559, 0.00176358607132, 0.000463118019979], [-0.000207711666008, 0.000439293507952, -0.00195723026991, 0.000346046726918, -0.00337705831043, 0.0104833496734, -0.0022660496179, -0.00259183649905, 0.00190882489551, -0.00195281906053, 0.0015963409096, -0.00235863472335, -0.000149256637087], [0.000258650805335, -0.000384911923902, 0.00106803898234, 0.000502523966134, -0.00339498114772, -0.0022660496179, 0.0152691155672, -0.00517384149134, -0.0030296575278, 0.000900576415006, -0.00037960219197, 0.00103053473867, -0.00365194771439], [-0.000171871695784, 3.29775207319e-06, 8.71548982104e-05, -0.00185567396693, 0.00253983633593, -0.00259183649905, -0.00517384149134, 0.0203019380569, -0.00924981106073, -0.00215309532359, 0.0023052720353, 4.02402583859e-05, 0.00234562158585], [8.28722986626e-05, 0.00117243407294, -0.00236289273016, 0.00143119553104, -0.00108894030564, 0.00190882489551, -0.0030296575278, -0.00924981106073, 0.0216101650149, -0.00793727859855, -0.000691877212375, 0.00355496769771, -0.00175712234341], [-4.68426696898e-05, -0.000511336140335, 0.00390205415897, -0.00114631024189, -0.000600295665208, -0.00195281906053, 0.000900576415006, -0.00215309532359, -0.00793727859855, 0.0222301073372, -0.00997890532017, 0.00214603240602, -0.00154335808475], [9.47420994635e-05, -0.000653357594274, -0.000669007014949, 0.00111505016685, -0.00201092753559, 0.0015963409096, -0.00037960219197, 0.0023052720353, -0.000691877212375, -0.00997890532017, 0.0234164763242, -0.0143117858097, 0.00637055840343], [-7.93408617028e-05, 0.00111645262223, -0.00213856901973, -0.000883627741132, 0.00176358607132, -0.00235863472335, 0.00103053473867, 4.02402583859e-05, 0.00355496769771, 0.00214603240602, -0.0143117858097, 0.0279513709247, -0.013362406753], [0.000170253115357, -0.000751852639951, 0.00186963588931, 0.000326495995978, 0.000463118019979, -0.000149256637087, -0.00365194771439, 0.00234562158585, -0.00175712234341, -0.00154335808475, 0.00637055840343, -0.013362406753, 0.0199202056974]]
    },
    "melbands": {
        "mean": [0.000427202612627, 0.00101654324681, 0.000419246818637, 0.00052099354798, 0.000428569386713, 0.000302634638501, 0.000251212884905, 0.000378195749363, 0.000477199966554, 0.000195284126676, 7.86972886999e-05, 8.79672807059e-05, 5.37387895747e-05, 3.20367289532e-05, 3.48723660863e-05, 1.93437645066e-05, 3.78575859941e-05, 3.07377013087e-05, 4.10568864027e-05, 3.40072074323e-05, 2.45620849455e-05, 1.25778979054e-05, 7.84202438808e-06, 8.16981264506e-06, 7.82251663622e-06, 9.58836062637e-06, 1.57864960784e-05, 1.36520011438e-05, 1.17572817544e-05, 6.77558364259e-06, 3.07987693304e-06, 1.48183914916e-06, 2.01701413971e-06, 2.56188991443e-06, 3.09163829115e-06, 4.69437873107e-06, 2.99502175949e-06, 3.14356680065e-06, 2.63842616732e-06, 2.20163019549e-06],
        "stdev": [0.000668023072649, 0.00169629126322, 0.000776023138314, 0.000950408109929, 0.000847473915201, 0.00056279177079, 0.000453430257039, 0.000797612359747, 0.00116387847811, 0.000581824744586, 0.000212258135434, 0.000264189904556, 0.000136589063914, 8.91100935405e-05, 0.000115397400805, 4.61820091004e-05, 0.000106024912384, 8.06433308753e-05, 0.00013347096683, 0.000115153598017, 7.29530438548e-05, 3.32880408678e-05, 2.57733317994e-05, 1.25699689306e-05, 1.19186943266e-05, 1.78031496034e-05, 3.68634755432e-05, 3.79577686545e-05, 3.08939997922e-05, 1.59906885528e-05, 7.20221760275e-06, 2.51843380283e-06, 2.53596772382e-06, 3.57177327714e-06, 5.00509895573e-06, 6.00612747803e-06, 4.10903385273e-06, 4.26719680036e-06, 3.52777442458e-06, 3.30868670062e-06]
    },
    "melbands128": {
        "mean": [1.39361154652e-05, 8.20560089778e-05, 0.000522925110999, 0.00122006819583, 0.00123655551579, 0.000647007487714, 0.000307640293613, 0.000357361335773, 0.000594168319367, 0.000646874075755, 0.000396861869376, 0.000437695445726, 0.000468091107905, 0.000404401827836, 0.000278387364233, 0.000254282116657, 0.000307277223328, 0.000208163299249, 0.000216506930883, 0.000367641710909, 0.00042116723489, 0.000458060327219, 0.000462703901576, 0.000655310752336, 0.000151348038344, 0.000107051841042, 7.97149477876e-05, 6.50857327855e-05, 9.89398904494e-05, 4.93325933348e-05, 0.000119969314255, 9.69935863395e-05, 2.54260830843e-05, 4.72844549222e-05, 4.19332536694e-05, 2.12460017792e-05, 2.04741954803e-05, 6.26225810265e-05, 1.77289948624e-05, 1.13883343147e-05, 1.83414540516e-05, 3.29266149492e-05, 3.41460763593e-05, 4.39584182459e-05, 4.50811603514e-05, 2.25742387556e-05, 1.6915046217e-05, 6.41667138552e-05, 3.52331335307e-05, 2.55410959653e-05, 4.08221894759e-05, 3.71916248696e-05, 2.46751787927e-05, 2.22827493417e-05, 1.58477268997e-05, 1.09174516183e-05, 9.5785353551e-06, 1.0776304407e-05, 5.89182855038e-06, 5.25963014297e-06, 9.70997825789e-06, 8.1629923443e-06, 8.96064284461e-06, 6.94058371664e-06, 7.77300192567e-06, 8.57256600284e-06, 8.99049155123e-06, 1.98333182198e-05, 1.64263037732e-05, 1.26422955873e-05, 9.08695710677e-06, 2.13150105992e-05, 1.14325794129e-05, 1.13055111797e-05, 8.42751524033e-06, 8.73088720255e-06, 4.48718401458e-06, 4.61411673314e-06, 2.61940931523e-06, 2.05383798857e-06, 1.67732139289e-06, 1.07240305169e-06, 1.34123126827e-06, 2.16826470023e-06, 2.54314932135e-06, 2.5469562388e-06, 2.47981506618e-06, 2.72450142802e-06, 2.90456523544e-06, 3.31844125867e-06, 5.01055410496e-06, 5.01321210322e-06, 4.32741990153e-06, 2.72432657766e-06, 2.22096014113e-06, 2.89369882012e-06, 3.60822969014e-06, 3.27772704622e-06, 2.91614583148e-06, 2.01345505957e-06, 2.0379848138e-06, 2.03236595553e-06, 2.61447280536e-06, 3.28218311552e-06, 2.94852770821e-06, 2.28575390793e-06, 1.75291745563e-06, 2.1466069029e-06, 2.44271973315e-06, 2.31537114814e-06, 1.90272976397e-06, 2.07661969398e-06, 3.2411974189e-06, 3.5801156173e-06, 2.66108622782e-06, 2.30356590691e-06, 2.64105347014e-06, 2.75279671769e-06, 2.47235107054e-06, 2.3179402433e-06, 2.62297226072e-06, 3.09833012579e-06, 3.62746550309e-06, 3.66531116924e-06, 3.52218057742e-06, 2.5376391477e-06, 1.10415214749e-06, 5.14530924534e-08],
        "stdev": [7.16357244528e-05, 0.00018977408763, 0.000952995906118, 0.00205010455102, 0.00229512806982, 0.00128032371867, 0.000808956334367, 0.000952687929384, 0.00128769082949, 0.00157847558148, 0.00081917620264, 0.00113229220733, 0.00114798964933, 0.00116100546438, 0.00070050242357, 0.00073476403486, 0.000769835838582, 0.000513599137776, 0.000660391233396, 0.00109925004654, 0.00122372980695, 0.00147073937114, 0.00149187375791, 0.00238587567583, 0.000769397651311, 0.000590568582993, 0.000376716721803, 0.000256833824096, 0.000339405669365, 0.000182977120858, 0.000527517229784, 0.000354742980562, 9.7292540886e-05, 0.000228651915677, 0.000149396626512, 9.89177715383e-05, 0.000103493657662, 0.000233241633396, 6.73053218634e-05, 3.92678120988e-05, 6.21266881353e-05, 0.000141265321872, 0.000142765013152, 0.000192578867427, 0.00014186068438, 9.14900883799e-05, 0.000127712221001, 0.000267527793767, 0.000130848900881, 0.000121412755107, 0.00019443705969, 0.000185135329957, 0.000136188362376, 9.45478459471e-05, 6.81811070535e-05, 4.35883630416e-05, 4.7627458116e-05, 6.2603961851e-05, 1.93848245544e-05, 1.41384289236e-05, 2.10922225961e-05, 1.6392514226e-05, 2.13422426896e-05, 1.63967542903e-05, 2.05285668926e-05, 2.22750768444e-05, 2.65945436695e-05, 7.23597840988e-05, 4.77977046103e-05, 6.09992966929e-05, 3.94941780542e-05, 8.10136771179e-05, 3.93822301703e-05, 5.11929065397e-05, 2.79142641375e-05, 2.88458304567e-05, 1.11834497147e-05, 1.51873364302e-05, 9.07277990336e-06, 5.44896374777e-06, 3.3403573525e-06, 2.17016395254e-06, 2.34962271861e-06, 2.98963709611e-06, 3.62300011147e-06, 3.64102811545e-06, 4.04902175433e-06, 5.24732104168e-06, 5.76104957872e-06, 5.33823549631e-06, 6.91166997058e-06, 7.13521785656e-06, 5.95936762693e-06, 4.30571708421e-06, 3.80639994546e-06, 4.74499302072e-06, 5.12088399773e-06, 4.52217409475e-06, 3.8867983676e-06, 3.3281994547e-06, 4.08763662563e-06, 3.33600314661e-06, 3.62795731235e-06, 4.49188746643e-06, 4.89558760819e-06, 4.38910865341e-06, 3.36712196258e-06, 3.64423772226e-06, 4.12334429711e-06, 4.32574779552e-06, 3.70944917449e-06, 4.12265444538e-06, 6.92792309565e-06, 8.52001994645e-06, 6.69755036142e-06, 5.60358284929e-06, 6.28393308943e-06, 6.25848360869e-06, 5.46865885553e-06, 4.96097436553e-06, 6.24609174338e-06, 7.03432169757e-06, 8.10614801594e-06, 7.68222980696e-06, 7.33032720746e-06, 5.09468964083e-06, 2.28652697842e-06, 1.62997366715e-07]
    },
    "mfcc": {
        "mean": [-668.714172363, 75.1524505615, 30.3111534119, 18.8427124023, 9.06326198578, -3.10156154633, -0.232283726335, -3.03481817245, -3.72431540489, 9.00650596619, -3.53667402267, 1.00783109665, 0.285118341446],
        "cov": [[10430.7880859, 1304.01208496, -712.861083984, 110.349876404, -271.877410889, -239.599731445, -44.7311515808, -402.54397583, -13.4177370071, 204.754348755, -203.737075806, 25.2374725342, 48.3185386658], [1304.01208496, 725.326660156, 66.5922698975, 13.666885376, -20.9067249298, -37.1321296692, -4.35236120224, -49.916305542, -60.6153755188, -0.795464456081, -1.87265098095, -52.2313728333, -66.6255340576], [-712.861083984, 66.5922698975, 1145.62243652, 78.660987854, 284.325866699, 106.066169739, -9.57652568817, 267.120391846, -61.5033721924, -69.8513717651, 94.950592041, -50.0801429749, -70.1636962891], [110.349876404, 13.666885376, 78.660987854, 240.785461426, 102.092262268, 55.8518791199, 50.3322906494, 37.0823249817, 34.6599502563, 18.4256763458, 29.4054298401, 49.0543327332, 10.77643013], [-271.877410889, -20.9067249298, 284.325866699, 102.092262268, 200.893920898, 89.1713867188, 44.3021125793, 96.5649414062, 2.49627137184, 5.35649061203, 34.0284309387, 20.9740009308, 27.8868732452], [-239.599731445, -37.1321296692, 106.066169739, 55.8518791199, 89.1713867188, 124.800132751, 63.3434371948, 52.5176925659, 32.1907653809, 0.852442502975, 5.78311347961, 25.8545379639, 34.5575256348], [-44.7311515808, -4.35236120224, -9.57652568817, 50.3322906494, 44.3021125793, 63.3434371948, 94.5140075684, 34.6792297363, 23.2839488983, 19.1598625183, 10.70561409, 20.0090484619, 24.1796875], [-402.54397583, -49.916305542, 267.120391846, 37.0823249817, 96.5649414062, 52.5176925659, 34.6792297363, 145.76385498, 24.21966362, -1.01552045345, 37.9456863403, -4.01530408859, -5.47238636017], [-13.4177370071, -60.6153755188, -61.5033721924, 34.6599502563, 2.49627137184, 32.1907653809, 23.2839488983, 24.21966362, 127.110855103, 59.5248451233, -6.77843332291, 33.0963172913, 40.1640472412], [204.754348755, -0.795464456081, -69.8513717651, 18.4256763458, 5.35649061203, 0.852442502975, 19.1598625183, -1.01552045345, 59.5248451233, 114.128501892, 34.4545783997, 18.357383728, 33.3045578003], [-203.737075806, -1.87265098095, 94.950592041, 29.4054298401, 34.0284309387, 5.78311347961, 10.70561409, 37.9456863403, -6.77843332291, 34.4545783997, 98.091217041, 25.0588626862, -23.3975734711], [25.2374725342, -52.2313728333, -50.0801429749, 49.0543327332, 20.9740009308, 25.8545379639, 20.0090484619, -4.01530408859, 33.0963172913, 18.357383728, 25.0588626862, 110.725891113, 70.8844833374], [48.3185386658, -66.6255340576, -70.1636962891, 10.77643013, 27.8868732452, 34.5575256348, 24.1796875, -5.47238636017, 40.1640472412, 33.3045578003, -23.3975734711, 70.8844833374, 168.271102905]],
        "icov": [[0.000164507349837, -0.000267891242402, -2.62295525317e-05, -0.000152344728122, 0.000111066357931, 0.000182683492312, -3.15691831929e-05, 0.000105137783976, 0.000214193409192, -0.000566165021155, 0.000641295628157, -0.000334358133841, 8.84946202859e-05], [-0.000267891242402, 0.00208447105251, -0.000433354405686, -7.96611857368e-05, 0.000107671075966, 0.000134587593493, -0.000842840468977, 0.00104054110125, 0.000230121455388, 0.0002480338444, -0.00066619226709, 0.000894583179615, 0.000262632413069], [-2.62295525317e-05, -0.000433354405686, 0.00266110291705, 0.000116195587907, -0.00213614152744, -0.00120693794452, 0.00290127610788, -0.00375203066505, 0.000790706311818, 0.00103690649848, -0.00120566075202, 0.000770954356994, 0.000114697191748], [-0.000152344728122, -7.96611857368e-05, 0.000116195587907, 0.00676071364433, -0.0040681338869, 0.000705645186827, -0.00218577310443, 0.00121065007988, -0.00230494630523, 0.00117723655421, -0.000920717779081, -0.00225439318456, 0.00164922059048], [0.000111066357931, 0.000107671075966, -0.00213614152744, -0.0040681338869, 0.0145649667829, -0.00580763071775, 0.000503369607031, -0.00364477257244, 0.0045349909924, -0.00377500592731, 0.00151181453839, -0.000623923842795, -0.0018936280394], [0.000182683492312, 0.000134587593493, -0.00120693794452, 0.000705645186827, -0.00580763071775, 0.0192976910621, -0.0107295960188, 0.0026933257468, -0.00519868452102, 0.00370634044521, 0.000644321262371, -0.000775071210228, -0.000995512120426], [-3.15691831929e-05, -0.000842840468977, 0.00290127610788, -0.00218577310443, 0.000503369607031, -0.0107295960188, 0.021534729749, -0.00729422364384, 0.00329561252147, -0.00302666076459, -6.79349323036e-05, -0.000107082458271, -0.000338392885169], [0.000105137783976, 0.00104054110125, -0.00375203066505, 0.00121065007988, -0.00364477257244, 0.0026933257468, -0.00729422364384, 0.020077355206, -0.00771635724232, 0.00422083865851, -0.00553182791919, 0.00374237587675, -0.000847485789564], [0.000214193409192, 0.000230121455388, 0.000790706311818, -0.00230494630523, 0.0045349909924, -0.00519868452102, 0.00329561252147, -0.00771635724232, 0.0182437561452, -0.012244339101, 0.00923202186823, -0.00580979092047, 0.00189844693523], [-0.000566165021155, 0.0002480338444, 0.00103690649848, 0.00117723655421, -0.00377500592731, 0.00370634044521, -0.00302666076459, 0.00422083865851, -0.012244339101, 0.02216690965, -0.0146986637264, 0.00770283443853, -0.00569901801646], [0.000641295628157, -0.00066619226709, -0.00120566075202, -0.000920717779081, 0.00151181453839, 0.000644321262371, -6.79349323036e-05, -0.00553182791919, 0.00923202186823, -0.0146986637264, 0.0254432167858, -0.0124539583921, 0.0080449944362], [-0.000334358133841, 0.000894583179615, 0.000770954356994, -0.00225439318456, -0.000623923842795, -0.000775071210228, -0.000107082458271, 0.00374237587675, -0.00580979092047, 0.00770283443853, -0.0124539583921, 0.0204891934991, -0.00918491091579], [8.84946202859e-05, 0.000262632413069, 0.000114697191748, 0.00164922059048, -0.0018936280394, -0.000995512120426, -0.000338392885169, -0.000847485789564, 0.00189844693523, -0.00569901801646, 0.0080449944362, -0.00918491091579, 0.0121655240655]]
    },
    "spectral_contrast_coeffs": {
        "mean": [-0.705960333347, -0.703692913055, -0.75375020504, -0.778357565403, -0.775301396847, -0.819903671741],
        "stdev": [0.0966026037931, 0.115013532341, 0.096290640533, 0.0904618874192, 0.0731293037534, 0.0349429771304]
    },
    "spectral_contrast_valleys": {
        "mean": [-7.6573176384, -7.78506040573, -8.67985153198, -8.80748653412, -8.43654251099, -9.77199363708],
        "stdev": [3.1746969223, 3.1329407692, 2.98741292953, 2.95490908623, 2.99748182297, 2.79118418694]
    }
},
"rhythm": {
    "beats_count": 438,
    "beats_loudness": {
        "mean": 0.0266967732459,
        "stdev": 0.0186303723603
    },
    "bpm": 172.265625,
    "bpm_histogram_first_peak_bpm": 172,
    "bpm_histogram_first_peak_weight": 0,
    "bpm_histogram_second_peak_bpm": 167,
    "bpm_histogram_second_peak_spread": 0,
    "bpm_histogram_second_peak_weight": 0.176201373339,
    "danceability": 1.11240053177,
    "onset_rate": 3.45729374886,
    "beats_loudness_band_ratio": {
        "mean": [0.353070527315, 0.185404255986, 0.1726013273, 0.0580528900027, 0.0503019951284, 0.192739441991],
        "stdev": [0.259699851274, 0.167390555143, 0.17507879436, 0.0764533877373, 0.0757186189294, 0.155613452196]
    },
    "beats_position": [0.708208620548, 1.42802715302, 2.15945577621, 2.89088439941, 3.61070299149, 4.31891155243, 5.0387301445, 5.74693870544, 6.45514726639, 7.1517457962, 7.87156438828, 8.59138298035, 9.31120204926, 10.0078001022, 10.7276191711, 11.4590473175, 12.1904764175, 12.9219045639, 13.6533327103, 14.3731517792, 15.1045799255, 15.8243989944, 16.5326080322, 17.2524261475, 17.9722442627, 18.6920623779, 19.4118824005, 20.1084804535, 20.8282985687, 21.548116684, 22.2679367065, 22.9877548218, 23.7191829681, 24.4390010834, 25.1472110748, 25.8438091278, 26.5404071808, 27.2718353271, 27.9800453186, 28.6766433716, 29.3964614868, 30.1162815094, 30.8477096558, 31.5791378021, 32.2989578247, 33.0071640015, 33.7153739929, 34.4119720459, 35.1085700989, 35.7935600281, 36.4785499573, 37.1635360718, 37.848526001, 38.545124054, 39.2533340454, 39.9499320984, 40.6581382751, 41.3663482666, 42.0745582581, 42.7827644348, 43.4909744263, 44.1991844177, 44.8957824707, 45.5923805237, 46.3005905151, 47.0204086304, 47.7402267456, 48.4600448608, 49.1566429138, 49.8532409668, 50.538230896, 51.2232208252, 51.9082069397, 52.6164169312, 53.3130149841, 54.0096130371, 54.6946029663, 55.4028091431, 56.1110191345, 56.819229126, 57.5390472412, 58.2588653564, 58.9786834717, 59.6868934631, 60.3950996399, 61.1033096313, 61.8115196228, 62.5197257996, 63.227935791, 63.9361457825, 64.6443557739, 65.3525619507, 66.049156189, 66.7341461182, 67.4307479858, 68.1273422241, 68.8239440918, 69.4973220825, 70.1823120117, 70.8673019409, 71.5638961792, 72.2604980469, 72.9687042236, 73.6769180298, 74.396736145, 75.1165542603, 75.824760437, 76.5329666138, 77.2411804199, 77.9493865967, 78.6459884644, 79.3658065796, 80.0856246948, 80.8170471191, 81.5484771729, 82.2218551636, 82.8952331543, 83.5570068359, 84.2187728882, 84.7180023193, 85.1940155029, 85.6932373047, 86.1808624268, 86.5523757935, 86.9238967896, 87.2954177856, 87.6669387817, 88.0384597778, 88.421585083, 88.7931060791, 89.1646270752, 89.5245361328, 89.8844451904, 90.2675704956, 90.6623077393, 91.0338287354, 91.393737793, 91.7536468506, 92.1135559082, 92.4618606567, 92.8217697144, 93.181678772, 93.5299758911, 93.8782730103, 94.2265777588, 94.5748748779, 94.9115600586, 95.2482528687, 95.5849380493, 95.9332427979, 96.281539917, 96.6414489746, 97.0013580322, 97.3612670898, 97.709564209, 98.0578689575, 98.4061660767, 98.7660751343, 99.1259841919, 99.474281311, 99.8225860596, 100.182495117, 100.542404175, 100.902313232, 101.238998413, 101.575691223, 101.923988342, 102.2838974, 102.632194519, 102.980499268, 103.340408325, 103.700317383, 104.048614502, 104.396911621, 104.74521637, 105.093513489, 105.441810608, 105.790107727, 106.126800537, 106.463493347, 106.800178528, 107.148475647, 107.485168457, 107.833465576, 108.181770325, 108.541679382, 108.90158844, 109.273101807, 109.656234741, 110.039360046, 110.434104919, 110.828842163, 111.211967468, 111.571876526, 111.931785583, 112.268478394, 112.616775513, 112.965080261, 113.31337738, 113.6616745, 114.009971619, 114.346664429, 114.683357239, 115.020042419, 115.356735229, 115.705032349, 116.053329468, 116.401634216, 116.749931335, 117.098228455, 117.446525574, 117.794830322, 118.131515503, 118.468208313, 118.816505432, 119.164802551, 119.5131073, 119.84979248, 120.186485291, 120.511566162, 120.848251343, 121.173332214, 121.498413086, 121.823486328, 122.160179138, 122.496871948, 122.833557129, 123.170249939, 123.50693512, 123.84362793, 124.191925049, 124.528617859, 124.876914978, 125.213600159, 125.550292969, 125.898590088, 126.246894836, 126.583580017, 126.931877136, 127.268569946, 127.616867065, 127.965164185, 128.313461304, 128.673370361, 129.033279419, 129.381591797, 129.729888916, 130.078186035, 130.426483154, 130.763168335, 131.099868774, 131.436553955, 131.750015259, 132.07510376, 132.400177002, 132.736862183, 133.073562622, 133.43347168, 133.804992676, 134.164901733, 134.501586914, 134.838272095, 135.186569214, 135.534866333, 135.883178711, 136.219863892, 136.556549072, 136.893234253, 137.229934692, 137.578231812, 137.926528931, 138.263214111, 138.599899292, 138.936599731, 139.273284912, 139.621582031, 139.96987915, 140.31817627, 140.666488647, 141.014785767, 141.363082886, 141.711380005, 142.059677124, 142.407974243, 142.756271362, 143.10458374, 143.452880859, 143.801177979, 144.149475098, 144.486160278, 144.822860718, 145.159545898, 145.484619141, 145.798095703, 146.123168945, 146.459854126, 146.796554565, 147.133239746, 147.469924927, 147.806625366, 148.143310547, 148.479995728, 148.816680908, 149.141769409, 149.47845459, 149.826751709, 150.186660767, 150.546569824, 150.906478882, 151.277999878, 151.626296997, 151.974594116, 152.322906494, 152.659591675, 153.007888794, 153.367797852, 153.716094971, 154.06439209, 154.412689209, 154.761001587, 155.109298706, 155.445983887, 155.782669067, 156.119369507, 156.456054688, 156.804351807, 157.152648926, 157.489334106, 157.849243164, 158.209152222, 158.569061279, 158.917373657, 159.265670776, 159.625579834, 159.973876953, 160.322174072, 160.670471191, 161.018768311, 161.36706543, 161.715377808, 162.063674927, 162.423583984, 162.771881104, 163.131790161, 163.491699219, 163.851608276, 164.199905396, 164.559814453, 164.908111572, 165.26802063, 165.627929688, 165.976226807, 166.324539185, 166.672836304, 167.021133423, 167.38104248, 167.740951538, 168.112472534, 168.472381592, 168.832290649, 169.180587769, 169.540496826, 169.900405884, 170.248703003, 170.597000122, 170.945297241, 171.281997681, 171.6302948, 171.978591919, 172.326889038, 172.675186157, 173.011871338, 173.360183716, 173.696868896, 174.033554077, 174.381851196, 174.730148315, 175.066848755, 175.415145874, 175.763442993, 176.123352051, 176.483261108, 176.831558228, 177.191467285, 177.551376343, 177.9112854, 178.25958252, 178.607894897, 178.967803955, 179.327713013, 179.676010132, 180.024307251, 180.37260437, 180.732513428, 181.092422485, 181.452331543, 181.812240601, 182.172149658, 182.532058716, 182.903579712, 183.275100708, 183.646621704, 184.0181427, 184.378051758, 184.737960815, 185.109481812, 185.492599487, 185.840896606, 186.189208984, 186.549118042, 186.9090271, 187.268936157, 187.628845215, 187.988754272, 188.34866333, 188.708572388, 189.068481445, 189.428390503, 189.788299561, 190.148208618, 190.508117676, 190.868026733, 191.227935791, 191.587844849, 191.970977783, 192.388931274, 192.737228394, 193.073913574, 193.387390137, 193.70085144, 194.025939941, 194.339401245, 194.664489746, 194.97795105, 195.303039551, 195.628112793, 195.953201294, 196.278274536],
    "bpm_histogram": [0, 0, 0, 0, 0, 0, 0, 0, 0, 0, 0, 0, 0, 0, 0, 0, 0, 0, 0, 0, 0, 0, 0, 0, 0, 0, 0, 0, 0, 0, 0, 0, 0, 0, 0, 0, 0, 0, 0, 0, 0, 0, 0, 0, 0, 0, 0, 0, 0, 0, 0, 0, 0, 0, 0, 0, 0, 0, 0, 0, 0, 0, 0, 0, 0, 0, 0, 0, 0, 0, 0, 0, 0, 0, 0, 0, 0, 0, 0, 0, 0, 0, 0.0297482833266, 0.0709382146597, 0, 0.0800915360451, 0.0526315793395, 0, 0.0251716244966, 0.00686498871073, 0, 0.00457665883005, 0, 0, 0, 0, 0, 0, 0, 0, 0, 0, 0, 0, 0, 0, 0, 0, 0, 0, 0, 0, 0, 0, 0, 0, 0, 0, 0, 0, 0.00457665883005, 0, 0, 0.00228832941502, 0, 0, 0.00228832941502, 0, 0, 0, 0, 0, 0, 0, 0, 0, 0, 0, 0, 0, 0, 0, 0, 0, 0.00228832941502, 0, 0, 0, 0, 0, 0, 0, 0.00686498871073, 0, 0, 0, 0, 0.0160183068365, 0, 0, 0, 0.0343249440193, 0.00457665883005, 0, 0, 0, 0, 0.176201373339, 0, 0, 0, 0, 0.274599552155, 0, 0, 0, 0, 0, 0.157894730568, 0, 0, 0, 0, 0, 0, 0.0343249440193, 0, 0, 0, 0, 0, 0.0137299774215, 0, 0, 0, 0, 0, 0, 0, 0, 0, 0, 0, 0, 0, 0, 0, 0, 0, 0, 0, 0, 0, 0, 0, 0, 0, 0, 0, 0, 0, 0, 0, 0, 0, 0, 0, 0, 0, 0, 0, 0, 0, 0, 0, 0, 0, 0, 0, 0, 0, 0, 0, 0, 0, 0, 0, 0, 0, 0]
},
"tonal": {
    "chords_changes_rate": 0.111713409424,
    "chords_number_rate": 0.00447796378285,
    "chords_strength": {
        "mean": 0.433752447367,
        "stdev": 0.228766083717
    },
    "hpcp_crest": {
        "mean": 17.7955532074,
        "stdev": 10.0825080872
    },
    "hpcp_entropy": {
        "mean": 1.50972390175,
        "stdev": 0.96942794323
    },
    "key_edma": {
        "strength": 0.787980258465,
        "key": "C#",
        "scale": "major"
    },
    "key_krumhansl": {
        "strength": 0.788227140903,
        "key": "C#",
        "scale": "major"
    },
    "key_temperley": {
        "strength": 0.787776052952,
        "key": "C#",
        "scale": "major"
    },
    "tuning_diatonic_strength": 0.637139499187,
    "tuning_equal_tempered_deviation": 0.0676652267575,
    "tuning_frequency": 442.03793335,
    "tuning_nontempered_energy_ratio": 0.799953460693,
    "hpcp": {
        "mean": [0.0443703047931, 0.0461306348443, 0.0771595537663, 0.10556319356, 0.0791447237134, 0.0756569057703, 0.0980142056942, 0.0745227634907, 0.0786409676075, 0.103066407144, 0.0973779335618, 0.105949766934, 0.128371179104, 0.091819241643, 0.0501081198454, 0.0647673308849, 0.0666303038597, 0.0889239087701, 0.146591871977, 0.114459805191, 0.052145935595, 0.0474280789495, 0.0579120703042, 0.0889838263392, 0.124659612775, 0.114263467491, 0.109010003507, 0.12087868154, 0.0926274731755, 0.0893903151155, 0.0979926660657, 0.0838412940502, 0.138693630695, 0.19114536047, 0.127386584878, 0.060046326369],
        "stdev": [0.139260351658, 0.135648310184, 0.192223310471, 0.253094941378, 0.19231569767, 0.191786617041, 0.252052515745, 0.18284855783, 0.204549029469, 0.241127163172, 0.216284766793, 0.225576296449, 0.271125972271, 0.219219580293, 0.136323347688, 0.180079504848, 0.185375332832, 0.187088608742, 0.288542211056, 0.239307075739, 0.14969573915, 0.146064773202, 0.160454005003, 0.200392663479, 0.248888537288, 0.243249073625, 0.232358634472, 0.259201914072, 0.210126295686, 0.200481936336, 0.220236688852, 0.190081819892, 0.264915823936, 0.333114773035, 0.249522849917, 0.163190037012]
    },
    "chords_histogram": [10.817817688, 10.487862587, 16.4977607727, 3.93589448929, 4.2658495903, 1.64977610111, 0.188545837998, 0.612773954868, 1.46123027802, 0.730615139008, 2.92246055603, 0.117841146886, 2.75748300552, 6.08060312271, 1.90902662277, 4.38369083405, 2.14470887184, 1.27268445492, 0.471364587545, 6.95262765884, 7.98962974548, 5.02003288269, 4.80791902542, 2.52180051804],
    "thpcp": [1, 0.666438281536, 0.314139604568, 0.232128605247, 0.2413379848, 0.403669506311, 0.552266597748, 0.414055168629, 0.39580821991, 0.512773156166, 0.389874815941, 0.411419689655, 0.539204359055, 0.509444415569, 0.554288983345, 0.671589314938, 0.480363428593, 0.262146681547, 0.338838100433, 0.348584473133, 0.465216159821, 0.766913056374, 0.598810255527, 0.272807747126, 0.248125717044, 0.302973985672, 0.465529620647, 0.6521717906, 0.597783088684, 0.570298969746, 0.632391393185, 0.484591782093, 0.467656224966, 0.512660443783, 0.438625842333, 0.725592434406],
    "chords_key": "G#",
    "chords_scale": "major"
}
}