{
"metadata": {
    "version": {
        "essentia": "2.1-dev",
        "essentia_git_sha": "v2.1_beta3-415-gd5473f3",
        "extractor": "music 2.0"
    },
    "audio_properties": {
        "analysis": {
            "equal_loudness": 0,
            "length": 117.080818176,
            "sample_rate": 44100,
            "start_time": 0,
            "downmix": "mix"
        },
        "bit_rate": 192000,
        "length": 117.080818176,
        "lossless": 0,
        "number_channels": 2,
        "replay_gain": -10.9234142303,
        "sample_rate": 44100,
        "codec": "mp3",
        "md5_encoded": "584e75e83287c7c10e77a9e2492ea9fd"
    },
    "tags": {
        "file_name": "red_norvo_tal_farlow_charlie_mingus-this_can_t_be_love.mp3",
        "album": ["Trio with Charlie Mingus & Tal Farlowe"],
        "artist": ["Red Norvo"],
        "date": ["1949"],
        "genre": ["Other"],
        "title": ["This Can't Be Love"]
    }
},
"lowlevel": {
    "average_loudness": 0.895938932896,
    "barkbands_crest": {
        "mean": 14.7741441727,
        "stdev": 4.90691328049
    },
    "barkbands_flatness_db": {
        "mean": 0.363160014153,
        "stdev": 0.0835525840521
    },
    "barkbands_kurtosis": {
        "mean": 9.81746196747,
        "stdev": 21.688703537
    },
    "barkbands_skewness": {
        "mean": 0.530795693398,
        "stdev": 1.75563216209
    },
    "barkbands_spread": {
        "mean": 4.48636484146,
        "stdev": 5.53418493271
    },
    "dissonance": {
        "mean": 0.326003670692,
        "stdev": 0.102782540023
    },
    "dynamic_complexity": 4.05194473267,
    "erbbands_crest": {
        "mean": 17.9427108765,
        "stdev": 6.44417572021
    },
    "erbbands_flatness_db": {
        "mean": 0.380322694778,
        "stdev": 0.0856729745865
    },
    "erbbands_kurtosis": {
        "mean": 9.99211978912,
        "stdev": 16.3114757538
    },
    "erbbands_skewness": {
        "mean": 1.11064720154,
        "stdev": 1.56990802288
    },
    "erbbands_spread": {
        "mean": 9.58436393738,
        "stdev": 10.8689060211
    },
    "hfc": {
        "mean": 8.77139663696,
        "stdev": 10.4031171799
    },
    "loudness_ebu128": {
        "integrated": -15.0047664642,
        "loudness_range": 2.8422164917,
        "momentary": {
            "mean": -19.9820022583,
            "stdev": 32.9214477539
        },
        "short_term": {
            "mean": -15.1704797745,
            "stdev": 1.18918144703
        }
    },
    "melbands_crest": {
        "mean": 17.172908783,
        "stdev": 6.02337503433
    },
    "melbands_flatness_db": {
        "mean": 0.460410922766,
        "stdev": 0.105434581637
    },
    "melbands_kurtosis": {
        "mean": 8.52348327637,
        "stdev": 11.6261730194
    },
    "melbands_skewness": {
        "mean": 0.805010557175,
        "stdev": 1.66496729851
    },
    "melbands_spread": {
        "mean": 8.16389465332,
        "stdev": 18.5753116608
    },
    "pitch_salience": {
        "mean": 0.483836770058,
        "stdev": 0.151185080409
    },
    "silence_rate_20dB": {
        "mean": 1,
        "stdev": 0
    },
    "silence_rate_30dB": {
        "mean": 0.99742269516,
        "stdev": 0.0507021173835
    },
    "silence_rate_60dB": {
        "mean": 0.159199044108,
        "stdev": 0.365853726864
    },
    "spectral_centroid": {
        "mean": 705.072631836,
        "stdev": 1461.2019043
    },
    "spectral_complexity": {
        "mean": 5.97343397141,
        "stdev": 2.30266308784
    },
    "spectral_decrease": {
        "mean": -4.70171768185e-09,
        "stdev": 4.87693752049e-09
    },
    "spectral_energy": {
        "mean": 0.0185409318656,
        "stdev": 0.0193046685308
    },
    "spectral_energyband_high": {
        "mean": 7.25821064407e-06,
        "stdev": 5.72218123125e-05
    },
    "spectral_energyband_low": {
        "mean": 0.00076220347546,
        "stdev": 0.00132094603032
    },
    "spectral_energyband_middle_high": {
        "mean": 0.000873263983522,
        "stdev": 0.00347464485094
    },
    "spectral_energyband_middle_low": {
        "mean": 0.0171469990164,
        "stdev": 0.0190729498863
    },
    "spectral_entropy": {
        "mean": 5.39999008179,
        "stdev": 0.929307758808
    },
    "spectral_flux": {
        "mean": 0.0543210878968,
        "stdev": 0.0389032401145
    },
    "spectral_kurtosis": {
        "mean": 76.3702468872,
        "stdev": 54.9679298401
    },
    "spectral_rms": {
        "mean": 0.00370446010493,
        "stdev": 0.00208941823803
    },
    "spectral_rolloff": {
        "mean": 933.125488281,
        "stdev": 2532.64355469
    },
    "spectral_skewness": {
        "mean": 6.41098690033,
        "stdev": 2.9493060112
    },
    "spectral_spread": {
        "mean": 2206153,
        "stdev": 5430162
    },
    "spectral_strongpeak": {
        "mean": 1.47043323517,
        "stdev": 1.39727830887
    },
    "zerocrossingrate": {
        "mean": 0.0322648957372,
        "stdev": 0.0669536814094
    },
    "barkbands": {
        "mean": [2.60686429101e-05, 0.000189790458535, 0.000460173818283, 0.000333954754751, 0.00112187000923, 0.00544177321717, 0.00438632396981, 0.00245169526897, 0.00311956950463, 0.000547546544112, 0.000154328474309, 2.59615062532e-05, 5.65799455217e-05, 8.66089030751e-05, 3.81275967811e-05, 6.17984915152e-05, 1.87656241906e-05, 5.57363136977e-06, 5.9830099417e-06, 3.51120638697e-06, 4.26037149737e-06, 4.96168922837e-07, 1.24226318121e-07, 4.88119411557e-08, 1.80582251375e-08, 1.10322719848e-08, 2.13612283417e-09],
        "stdev": [7.22048389434e-06, 0.000380030978704, 0.000975483970251, 0.000577732629608, 0.00150075822603, 0.00989977456629, 0.00863041169941, 0.00585472863168, 0.0100055551156, 0.00373083795421, 0.00169849861413, 0.000110049004434, 0.000439159368398, 0.000372027832782, 0.000290793599561, 0.000333489966579, 0.000181806375622, 6.32440933259e-05, 5.3026171372e-05, 3.92606234527e-05, 3.91111025237e-05, 3.38372728947e-06, 4.66255642095e-07, 1.78363364967e-07, 3.99338873081e-08, 2.35140671379e-08, 7.83352760436e-09]
    },
    "erbbands": {
        "mean": [0.00145374494605, 0.0645849853754, 0.51438421011, 0.738170802593, 2.85738873482, 3.74189901352, 19.8591461182, 49.2967529297, 67.623664856, 51.0882301331, 75.5640716553, 58.483997345, 24.6587486267, 11.1294088364, 3.03263998032, 1.24915015697, 2.91436362267, 2.94871997833, 3.70517730713, 3.60366821289, 2.06152677536, 1.35604047775, 0.375817716122, 0.33467528224, 0.16280798614, 0.199340432882, 0.257383644581, 0.0799871087074, 0.0204988531768, 0.00751010188833, 0.00328010995872, 0.00145741074812, 0.000633195159025, 0.000249569449807, 0.000123613965116, 6.58501012367e-05, 2.21951995627e-05, 5.93580716668e-06, 9.12297764444e-06, 2.08582969208e-05],
        "stdev": [0.00262056337669, 0.131039991975, 1.11368644238, 0.96483618021, 4.93666410446, 5.70092010498, 45.451587677, 94.4701538086, 126.016822815, 146.617294312, 197.855361938, 191.653793335, 145.787719727, 80.0250778198, 18.4107093811, 5.09522676468, 23.2094459534, 13.8237819672, 18.7049121857, 24.5838985443, 9.86799716949, 12.3699331284, 3.09817147255, 3.38884615898, 1.00248289108, 1.90353429317, 2.64749622345, 0.679480373859, 0.108849331737, 0.0285531822592, 0.0128387836739, 0.00539126852527, 0.0023149556946, 0.000623700732831, 0.000208195968298, 9.15396449273e-05, 4.59011753264e-05, 1.39298672366e-05, 9.44044768403e-06, 2.17893648369e-05]
    },
    "gfcc": {
        "mean": [-230.737701416, 193.696273804, -83.5480422974, -17.657371521, -65.8499298096, -33.4839668274, -33.4410057068, -10.6226043701, -2.01109194756, -3.48011493683, -11.9254655838, -15.5510387421, -4.57722663879],
        "cov": [[20435.9355469, 3963.73974609, -3007.05249023, -340.73223877, -1288.49133301, -937.908691406, -509.160827637, -408.43170166, 231.794662476, -173.150253296, -65.7322998047, -460.599304199, 205.906158447], [3963.73974609, 1393.2479248, -18.6042957306, -428.965545654, -277.379547119, -214.994720459, -112.383651733, -120.630836487, -27.2479457855, -41.2259559631, 32.4518699646, -82.2791595459, 26.349571228], [-3007.05249023, -18.6042957306, 1543.63964844, -200.922286987, 26.2928504944, 107.440879822, 49.5085983276, 78.4186935425, -111.03502655, 44.5741195679, 5.21758270264, 104.98085022, -111.721534729], [-340.73223877, -428.965545654, -200.922286987, 871.194702148, 307.621124268, 137.837860107, -69.2737197876, -88.6156616211, -12.5817432404, 127.315872192, -13.8827161789, -60.6468315125, -52.1144714355], [-1288.49133301, -277.379547119, 26.2928504944, 307.621124268, 426.524200439, 190.994003296, -34.061756134, -67.7443771362, -24.941488266, 102.195373535, 28.5505809784, -20.3936824799, -46.4284934998], [-937.908691406, -214.994720459, 107.440879822, 137.837860107, 190.994003296, 314.312072754, 81.5034942627, -56.3318901062, -130.266799927, 54.6407165527, 55.4349975586, 20.9170742035, -86.4693832397], [-509.160827637, -112.383651733, 49.5085983276, -69.2737197876, -34.061756134, 81.5034942627, 250.962600708, 144.668457031, -41.6061096191, -113.780349731, 5.43070077896, 36.1469841003, -14.6940765381], [-408.43170166, -120.630836487, 78.4186935425, -88.6156616211, -67.7443771362, -56.3318901062, 144.668457031, 367.985412598, 151.511108398, -178.870758057, -181.761520386, 40.9595756531, 19.1796512604], [231.794662476, -27.2479457855, -111.03502655, -12.5817432404, -24.941488266, -130.266799927, -41.6061096191, 151.511108398, 317.629089355, 25.9856147766, -144.071746826, -73.8134918213, 80.264251709], [-173.150253296, -41.2259559631, 44.5741195679, 127.315872192, 102.195373535, 54.6407165527, -113.780349731, -178.870758057, 25.9856147766, 291.138519287, 118.306182861, -79.8332138062, -40.9354133606], [-65.7322998047, 32.4518699646, 5.21758270264, -13.8827161789, 28.5505809784, 55.4349975586, 5.43070077896, -181.761520386, -144.071746826, 118.306182861, 274.182098389, 47.2821426392, -49.494556427], [-460.599304199, -82.2791595459, 104.98085022, -60.6468315125, -20.3936824799, 20.9170742035, 36.1469841003, 40.9595756531, -73.8134918213, -79.8332138062, 47.2821426392, 176.166213989, 34.9099235535], [205.906158447, 26.349571228, -111.721534729, -52.1144714355, -46.4284934998, -86.4693832397, -14.6940765381, 19.1796512604, 80.264251709, -40.9354133606, -49.494556427, 34.9099235535, 176.623641968]],
        "icov": [[0.000583930755965, -0.00168149929959, 0.001056461595, -0.00073056173278, 0.00133058347274, -0.000320717692375, 0.00030550264637, -8.1402300566e-05, -0.000252852216363, -0.000162611031556, 0.000222463539103, -0.000320387684042, 0.000452699721791], [-0.00168149929959, 0.00596049102023, -0.00310969352722, 0.00252781389281, -0.00348784588277, 0.0011303727515, -0.000220284855459, 0.000452166568721, 0.000950046582147, 0.00110739015508, -0.00106482510455, 0.00198531709611, -0.00144683395047], [0.001056461595, -0.00310969352722, 0.00280307256617, -0.000999197713099, 0.00219278549775, -0.000402097386541, 0.000287724018563, -0.000499477551784, 0.000156855006935, -0.00144918542355, 0.00126731896307, -0.0015593302669, 0.00142445799429], [-0.00073056173278, 0.00252781389281, -0.000999197713099, 0.00284447381273, -0.00269598769955, 0.000661911210045, -0.000281731307041, 0.000278089428321, 0.000864092668053, -0.000494988926221, 0.00057710002875, 0.000469117745524, -0.000194844848011], [0.00133058347274, -0.00348784588277, 0.00219278549775, -0.00269598769955, 0.00765991676599, -0.00381506513804, 0.00261126086116, -0.000789121550042, -0.00126726587769, 0.000313335825922, -0.000850590586197, 0.000373229617253, 0.000345820939401], [-0.000320717692375, 0.0011303727515, -0.000402097386541, 0.000661911210045, -0.00381506513804, 0.00871402677149, -0.0052932202816, 0.00250612362288, 0.00228180130944, -0.00324929715134, 0.0037809854839, -0.00284846569411, 0.00252949073911], [0.00030550264637, -0.000220284855459, 0.000287724018563, -0.000281731307041, 0.00261126086116, -0.0052932202816, 0.0119648212567, -0.0073063140735, 0.00166640535463, 0.00412742653862, -0.00662645697594, 0.00556294992566, -0.00309770740569], [-8.1402300566e-05, 0.000452166568721, -0.000499477551784, 0.000278089428321, -0.000789121550042, 0.00250612362288, -0.0073063140735, 0.0131187159568, -0.00643851235509, 0.0022697604727, 0.00591487716883, -0.00580302532762, 0.00503705814481], [-0.000252852216363, 0.000950046582147, 0.000156855006935, 0.000864092668053, -0.00126726587769, 0.00228180130944, 0.00166640535463, -0.00643851235509, 0.0105511378497, -0.00499980291352, 0.00166094477754, 0.00322542386129, -0.00399669073522], [-0.000162611031556, 0.00110739015508, -0.00144918542355, -0.000494988926221, 0.000313335825922, -0.00324929715134, 0.00412742653862, 0.0022697604727, -0.00499980291352, 0.012036007829, -0.00687945075333, 0.00510287564248, -0.000324596447172], [0.000222463539103, -0.00106482510455, 0.00126731896307, 0.00057710002875, -0.000850590586197, 0.0037809854839, -0.00662645697594, 0.00591487716883, 0.00166094477754, -0.00687945075333, 0.0131531087682, -0.00781676638871, 0.00418691663072], [-0.000320387684042, 0.00198531709611, -0.0015593302669, 0.000469117745524, 0.000373229617253, -0.00284846569411, 0.00556294992566, -0.00580302532762, 0.00322542386129, 0.00510287564248, -0.00781676638871, 0.0144573207945, -0.00630509480834], [0.000452699721791, -0.00144683395047, 0.00142445799429, -0.000194844848011, 0.000345820939401, 0.00252949073911, -0.00309770740569, 0.00503705814481, -0.00399669073522, -0.000324596447172, 0.00418691663072, -0.00630509480834, 0.010878467001]]
    },
    "melbands": {
        "mean": [3.15505058097e-05, 0.00020232789393, 0.00019526136748, 0.000234826176893, 0.000562097528018, 0.00115337665193, 0.000971354427747, 0.000519506458659, 0.000700198230334, 0.000333974458044, 0.000114983602543, 4.51673768112e-05, 1.33916937557e-05, 3.44730892721e-06, 5.08812263433e-06, 5.22345726495e-06, 5.88258990319e-06, 7.04371723259e-06, 3.23745302921e-06, 5.39530674359e-06, 1.61870514148e-06, 1.5208493096e-06, 6.58866383674e-07, 1.13661812406e-07, 3.04137586227e-07, 1.33283478476e-07, 1.00408200865e-07, 1.32269619257e-07, 1.73481964794e-07, 7.91547023482e-08, 3.49631648078e-08, 1.17581562264e-08, 6.38877706294e-09, 3.15700399156e-09, 1.97352645337e-09, 1.21053200797e-09, 7.56567586357e-10, 4.76197858923e-10, 2.70643951694e-10, 1.71471864485e-10],
        "stdev": [5.75092672079e-05, 0.000431284192018, 0.000265821930952, 0.000353947951226, 0.00121377292089, 0.00205438351259, 0.00177153770346, 0.00147017010022, 0.00202690879814, 0.00115075474605, 0.000731742300559, 0.000322658393998, 0.000116468370834, 1.70523471752e-05, 3.63968174497e-05, 3.40251208399e-05, 3.03523574985e-05, 3.42277962773e-05, 2.08526198548e-05, 3.28907517542e-05, 8.31521447253e-06, 1.65132842085e-05, 6.11548375673e-06, 7.45084662412e-07, 3.34966125592e-06, 1.03933427908e-06, 5.39445636605e-07, 1.69627605828e-06, 1.88968920156e-06, 6.3966280095e-07, 3.44158905818e-07, 8.62459614837e-08, 2.82766450255e-08, 1.29714656794e-08, 8.19480927561e-09, 5.2331419198e-09, 3.06919045734e-09, 1.90918880705e-09, 9.11459407948e-10, 4.19818346753e-10]
    },
    "melbands128": {
        "mean": [6.1773557718e-06, 3.31478122462e-06, 2.06097847695e-05, 0.000123359131976, 0.000279555970337, 0.000188772566617, 0.000112295980216, 0.000202191149583, 0.000332571566105, 0.000255354476394, 0.000190384729649, 0.000163306700415, 0.000614136632066, 0.00116418011021, 0.00106371683069, 0.00113163830247, 0.0015408975305, 0.000815187639091, 0.000590038020164, 0.000590890937019, 0.000449209328508, 0.000400300777983, 0.00082723912783, 0.00106747553218, 0.000272424862487, 0.000188124744454, 0.000121670818771, 0.000135369569762, 8.03264920251e-05, 3.78811673727e-05, 4.69257793156e-05, 2.903803761e-05, 5.0392909543e-06, 9.01657949726e-06, 3.5612101783e-06, 2.01894886231e-06, 2.28925728152e-06, 3.41853092323e-06, 9.08898255148e-06, 7.54677557779e-06, 4.21365575676e-06, 2.37933909375e-06, 4.47653883384e-06, 7.51420066081e-06, 1.14356062113e-05, 5.95835490458e-06, 3.97070016334e-06, 1.35166112614e-06, 2.00542535822e-06, 9.77137733571e-06, 4.1125408643e-06, 5.35328445039e-06, 1.51866277065e-06, 4.73156603675e-07, 2.19608779162e-07, 2.99635462397e-06, 1.04738830942e-06, 6.60570606215e-07, 7.19816227956e-07, 1.00114640134e-07, 7.91803671518e-08, 5.76003067465e-08, 2.81863975715e-07, 4.3805414407e-07, 2.80173253486e-07, 3.03105878174e-08, 1.54901059091e-07, 6.67461463877e-08, 8.30074853297e-08, 1.40450509889e-07, 1.36591609134e-07, 1.65682322972e-07, 5.6650755198e-08, 2.45251953856e-07, 2.29004768926e-07, 2.87452568415e-08, 3.32208536236e-08, 8.53477928331e-08, 1.42650309343e-08, 1.94794083086e-08, 1.4255272518e-08, 7.12503789302e-09, 9.08896602425e-09, 6.26275253879e-09, 4.53352155816e-09, 3.50105655578e-09, 2.84628054459e-09, 2.18759166337e-09, 1.95222127353e-09, 1.77652537126e-09, 1.40604383692e-09, 1.07339570565e-09, 8.43384417859e-10, 8.0297168914e-10, 6.46978470797e-10, 5.78216419189e-10, 4.38740599407e-10, 3.36908917431e-10, 2.75024586438e-10, 2.38330855051e-10, 1.96529986729e-10, 1.61161237133e-10, 1.41451211855e-10, 1.2524543902e-10, 1.27280921913e-10, 1.19427301382e-10, 1.13781505051e-10, 1.1100161762e-10, 1.07169287333e-10, 9.49846104548e-11, 5.30260731157e-11, 4.5883408184e-11, 4.81438361399e-11, 5.08023449697e-11, 5.16450007759e-11, 5.14997211543e-11, 4.66883545713e-11, 1.44148876863e-11, 8.13416434903e-12, 6.98101949512e-12, 5.30020688796e-12, 2.96776904267e-12, 2.55192004681e-12, 2.50506755096e-12, 2.47375579222e-12, 2.44563505732e-12, 2.42662660799e-12, 2.41416023457e-12],
        "stdev": [2.1606131213e-06, 7.51837296775e-06, 5.22660411661e-05, 0.000260739208898, 0.000643998617306, 0.000374592287699, 0.000178927162779, 0.000358290155418, 0.000696100411005, 0.000472535699373, 0.000484980409965, 0.000294081750326, 0.00162516720593, 0.00308074103668, 0.00270046642981, 0.00293299765326, 0.0035064984113, 0.0020200072322, 0.0020192808006, 0.00263951602392, 0.00145129126031, 0.00152531010099, 0.00282564340159, 0.00397121300921, 0.00140426005237, 0.00142393738497, 0.00103948567994, 0.0012679741485, 0.000622474704869, 0.000259162683506, 0.000551231671125, 0.000361544662155, 3.51592098013e-05, 7.15134156053e-05, 2.24371469812e-05, 1.31172228066e-05, 2.01608563657e-05, 1.82484691322e-05, 9.71510235104e-05, 7.47500089346e-05, 2.12560717046e-05, 2.87548791675e-05, 2.89103627438e-05, 5.56624218007e-05, 6.27071567578e-05, 3.14129720209e-05, 6.01551910222e-05, 5.93705499341e-06, 1.34783986141e-05, 9.22938343138e-05, 2.42062506004e-05, 3.9289760025e-05, 1.11540230137e-05, 2.91016885967e-06, 1.58639852543e-06, 3.7037236325e-05, 8.68674578669e-06, 7.12777955414e-06, 9.85671795206e-06, 7.26453777133e-07, 5.21133301845e-07, 3.49884771822e-07, 4.81939059682e-06, 4.95300719194e-06, 3.41325926456e-06, 1.41283962307e-07, 1.58349280355e-06, 5.97873224706e-07, 5.84974884532e-07, 1.13637338472e-06, 1.48759579588e-06, 4.77104094898e-06, 9.50664968968e-07, 2.96694133795e-06, 2.66950564765e-06, 2.87929964315e-07, 3.48051628407e-07, 1.11274539449e-06, 1.36061530043e-07, 3.18821065548e-07, 1.35411198698e-07, 3.31198144465e-08, 5.06365580577e-08, 3.88623995207e-08, 2.78599490144e-08, 1.61090625284e-08, 1.33096600408e-08, 9.15391229483e-09, 9.83577574942e-09, 9.62450563691e-09, 1.02570849592e-08, 5.63335866843e-09, 3.34594374429e-09, 3.99245436711e-09, 2.69793876129e-09, 2.6381805629e-09, 1.76418124553e-09, 1.56173862731e-09, 9.46644540534e-10, 8.1606749136e-10, 5.71437286379e-10, 4.38639485845e-10, 3.36835920267e-10, 2.54149118417e-10, 2.33205843525e-10, 2.6221050331e-10, 2.27317040191e-10, 2.03255051678e-10, 1.71650846315e-10, 1.38420927498e-10, 1.59244270548e-10, 1.40302214291e-10, 1.59051050108e-10, 1.77950515434e-10, 1.61109611763e-10, 1.52309484469e-10, 1.28572638647e-10, 8.75699374125e-11, 8.55692461332e-11, 7.24301313371e-11, 5.95478943932e-11, 1.07354897541e-11, 4.53500214811e-12, 4.45728740375e-12, 4.39369634425e-12, 4.34161430765e-12, 4.30446650546e-12, 4.28216750253e-12]
    },
    "mfcc": {
        "mean": [-870.293395996, 217.717086792, 39.2687301636, 10.4023332596, -10.5256824493, -20.3749389648, -23.1058120728, -17.2844352722, -2.5763926506, 2.44080638885, -1.16840088367, -3.01015114784, -1.29862308502],
        "cov": [[4924.28320312, 1702.77478027, -1311.10375977, 185.081787109, -345.830841064, -193.968490601, -289.331756592, -249.238693237, 30.9474887848, 9.47918128967, -96.6328964233, -52.2634391785, 22.2059078217], [1702.77478027, 1896.25244141, 401.533294678, -277.984344482, -198.624130249, -289.858306885, -167.835174561, -117.569015503, -76.582069397, -18.1200122833, -47.0054168701, -90.389213562, -4.547311306], [-1311.10375977, 401.533294678, 1236.94848633, -65.8731918335, 16.5802631378, -30.5916347504, 34.6030960083, 28.5970783234, -71.732131958, -12.6755313873, 9.50683689117, -2.9190788269, 2.73419213295], [185.081787109, -277.984344482, -65.8731918335, 444.664093018, 161.393844604, 110.910095215, 12.1564626694, -45.4323272705, 38.6683616638, 38.0372276306, 2.11897826195, 38.4811973572, 33.1370010376], [-345.830841064, -198.624130249, 16.5802631378, 161.393844604, 317.209991455, 188.439559937, 35.1194877625, -54.428062439, -19.5383777618, 45.9702339172, 19.1625785828, -9.50314617157, 22.5850524902], [-193.968490601, -289.858306885, -30.5916347504, 110.910095215, 188.439559937, 397.331359863, 205.329498291, -129.379379272, -173.635574341, 19.9290046692, 55.23802948, -56.1893959045, -1.20983946323], [-289.331756592, -167.835174561, 34.6030960083, 12.1564626694, 35.1194877625, 205.329498291, 324.432617188, 62.1551361084, -182.298736572, -54.7744903564, 72.7941055298, -46.4227905273, -66.8363571167], [-249.238693237, -117.569015503, 28.5970783234, -45.4323272705, -54.428062439, -129.379379272, 62.1551361084, 353.18447876, 178.564727783, -95.9363937378, -13.5530252457, 79.8620758057, -60.6599731445], [30.9474887848, -76.582069397, -71.732131958, 38.6683616638, -19.5383777618, -173.635574341, -182.298736572, 178.564727783, 397.570678711, 76.9968719482, -109.80165863, 93.9786987305, 54.4967765808], [9.47918128967, -18.1200122833, -12.6755313873, 38.0372276306, 45.9702339172, 19.9290046692, -54.7744903564, -95.9363937378, 76.9968719482, 225.362854004, 54.8247261047, -61.0092887878, 21.4483203888], [-96.6328964233, -47.0054168701, 9.50683689117, 2.11897826195, 19.1625785828, 55.23802948, 72.7941055298, -13.5530252457, -109.80165863, 54.8247261047, 231.767852783, 16.3374080658, -118.20942688], [-52.2634391785, -90.389213562, -2.9190788269, 38.4811973572, -9.50314617157, -56.1893959045, -46.4227905273, 79.8620758057, 93.9786987305, -61.0092887878, 16.3374080658, 222.658813477, 61.064743042], [22.2059078217, -4.547311306, 2.73419213295, 33.1370010376, 22.5850524902, -1.20983946323, -66.8363571167, -60.6599731445, 54.4967765808, 21.4483203888, -118.20942688, 61.064743042, 234.802001953]],
        "icov": [[0.0140160694718, -0.0196802280843, 0.0199596956372, -0.0199644509703, 0.0212797373533, -0.0215246528387, 0.020265404135, -0.0185623895377, 0.0174191333354, -0.0147867202759, 0.0121909277514, -0.00838513299823, 0.00531965401024], [-0.0196802280843, 0.0284122657031, -0.0282641872764, 0.0283352844417, -0.0298972819, 0.0310116242617, -0.028672773391, 0.0268716849387, -0.0247501563281, 0.021262679249, -0.0173485539854, 0.0121955880895, -0.00754582695663], [0.0199596956372, -0.0282641872764, 0.0293655004352, -0.0284219644964, 0.0301044303924, -0.0307381823659, 0.0291066244245, -0.0272645223886, 0.0257926862687, -0.0218968745321, 0.0179519802332, -0.0124334730208, 0.00770678557456], [-0.0199644509703, 0.0283352844417, -0.0284219644964, 0.031610134989, -0.0317882038653, 0.03114618361, -0.0300644375384, 0.0282282866538, -0.0264973882586, 0.0218993835151, -0.0178375355899, 0.0116704255342, -0.00760609051213], [0.0212797373533, -0.0298972819, 0.0301044303924, -0.0317882038653, 0.0381624475121, -0.0367138572037, 0.0337175726891, -0.0307302642614, 0.0281545296311, -0.0242175329477, 0.0191507823765, -0.012965137139, 0.00803366396576], [-0.0215246528387, 0.0310116242617, -0.0307381823659, 0.03114618361, -0.0367138572037, 0.0430644378066, -0.039509601891, 0.0362464822829, -0.0316215492785, 0.0267832390964, -0.0214706566185, 0.0146102067083, -0.00924659986049], [0.020265404135, -0.028672773391, 0.0291066244245, -0.0300644375384, 0.0337175726891, -0.039509601891, 0.0444516763091, -0.0399406701326, 0.0379725322127, -0.0294365789741, 0.0228875670582, -0.014627254568, 0.00952232815325], [-0.0185623895377, 0.0268716849387, -0.0272645223886, 0.0282282866538, -0.0307302642614, 0.0362464822829, -0.0399406701326, 0.0440053343773, -0.0411134026945, 0.034246891737, -0.025695970282, 0.0161204244941, -0.00896321516484], [0.0174191333354, -0.0247501563281, 0.0257926862687, -0.0264973882586, 0.0281545296311, -0.0316215492785, 0.0379725322127, -0.0411134026945, 0.046309620142, -0.038259960711, 0.0311354212463, -0.020893920213, 0.0124842021614], [-0.0147867202759, 0.021262679249, -0.0218968745321, 0.0218993835151, -0.0242175329477, 0.0267832390964, -0.0294365789741, 0.034246891737, -0.038259960711, 0.0392208397388, -0.0300253629684, 0.0211706832051, -0.0134141510352], [0.0121909277514, -0.0173485539854, 0.0179519802332, -0.0178375355899, 0.0191507823765, -0.0214706566185, 0.0228875670582, -0.025695970282, 0.0311354212463, -0.0300253629684, 0.0309030730277, -0.0191714502871, 0.0148033378646], [-0.00838513299823, 0.0121955880895, -0.0124334730208, 0.0116704255342, -0.012965137139, 0.0146102067083, -0.014627254568, 0.0161204244941, -0.020893920213, 0.0211706832051, -0.0191714502871, 0.01856017299, -0.0107128005475], [0.00531965401024, -0.00754582695663, 0.00770678557456, -0.00760609051213, 0.00803366396576, -0.00924659986049, 0.00952232815325, -0.00896321516484, 0.0124842021614, -0.0134141510352, 0.0148033378646, -0.0107128005475, 0.0127344001085]]
    },
    "spectral_contrast_coeffs": {
        "mean": [-0.659778654575, -0.645559966564, -0.75899708271, -0.789425730705, -0.844925284386, -0.822456240654],
        "stdev": [0.0938489362597, 0.114099510014, 0.106794789433, 0.0805655121803, 0.0520635209978, 0.0460456237197]
    },
    "spectral_contrast_valleys": {
        "mean": [-8.09798812866, -7.52852392197, -9.51025867462, -10.4441232681, -10.892706871, -13.7632274628],
        "stdev": [2.78277158737, 2.91035485268, 2.64174795151, 2.54605102539, 2.41922616959, 1.94359314442]
    }
},
"rhythm": {
    "beats_count": 266,
    "beats_loudness": {
        "mean": 0.0265848077834,
        "stdev": 0.0205869618803
    },
    "bpm": 136.084106445,
    "bpm_histogram_first_peak_bpm": 136,
    "bpm_histogram_first_peak_weight": 0.519999980927,
    "bpm_histogram_second_peak_bpm": 129,
    "bpm_histogram_second_peak_spread": 0.379310369492,
    "bpm_histogram_second_peak_weight": 0.067924529314,
    "danceability": 1.43249869347,
    "onset_rate": 4.56027412415,
    "beats_loudness_band_ratio": {
        "mean": [0.133017987013, 0.414465904236, 0.497094988823, 0.0299811288714, 0.0123139899224, 0.000961862446275],
        "stdev": [0.165646761656, 0.27349999547, 0.291216135025, 0.0695911943913, 0.0376236364245, 0.00370925012976]
    },
    "beats_position": [0.522448956966, 0.99845802784, 1.46285712719, 1.91564619541, 2.36843538284, 2.82122445107, 3.27401351929, 3.7151927948, 4.1679816246, 4.62077093124, 5.06195020676, 5.52634906769, 5.99074840546, 6.46675729752, 6.9543762207, 7.45360517502, 7.94122457504, 8.40562343597, 8.85841274261, 9.31120204926, 9.75238037109, 10.1935596466, 10.6347389221, 11.0759181976, 11.5170974731, 11.9466667175, 12.3994560242, 12.8522443771, 13.2934236526, 13.7462129593, 14.1873922348, 14.6169614792, 15.0581407547, 15.5109291077, 15.9521083832, 16.4165077209, 16.8576869965, 17.2872562408, 17.7400455475, 18.181224823, 18.6340141296, 19.1100215912, 19.5976409912, 20.0736503601, 20.549659729, 21.0140590668, 21.4784584045, 21.942855835, 22.3840351105, 22.825214386, 23.2663936615, 23.707572937, 24.1487522125, 24.6015415192, 25.0543308258, 25.4955101013, 25.9366893768, 26.3778686523, 26.8190479279, 27.2602272034, 27.7014045715, 28.142583847, 28.5953731537, 29.0481624603, 29.500951767, 29.9537410736, 30.3949203491, 30.8360996246, 31.2772789001, 31.7184581757, 32.171245575, 32.6124267578, 33.053604126, 33.4831733704, 33.9243545532, 34.3655319214, 34.7951011658, 35.2246704102, 35.6658477783, 36.1302490234, 36.5946464539, 37.0474357605, 37.4770050049, 37.9181861877, 38.3477554321, 38.7773246765, 39.2185020447, 39.6596832275, 40.1124725342, 40.5536499023, 40.9832191467, 41.4243965149, 41.8539657593, 42.2835350037, 42.7247161865, 43.1658935547, 43.6070747375, 44.0482521057, 44.4894332886, 44.9422225952, 45.3950119019, 45.83618927, 46.2889785767, 46.7417678833, 47.1829452515, 47.6125144958, 48.0420837402, 48.4832649231, 48.9244422913, 49.3656234741, 49.8184127808, 50.2712020874, 50.7123794556, 51.1535606384, 51.5831298828, 52.0126991272, 52.4538764954, 52.8950538635, 53.3594551086, 53.8122444153, 54.2534217834, 54.6946029663, 55.1357803345, 55.5885696411, 56.029750824, 56.4709281921, 56.912109375, 57.3532867432, 57.794467926, 58.2240333557, 58.6419944763, 59.0715637207, 59.4430847168, 59.7913818359, 60.1280708313, 60.4763717651, 60.801448822, 61.1381378174, 61.498046875, 61.8579597473, 62.2178688049, 62.5777778625, 62.9260749817, 63.2743759155, 63.6226730347, 63.9709739685, 64.3308868408, 64.6907958984, 65.0507049561, 65.5034942627, 65.9446716309, 66.3742370605, 66.8038101196, 67.2217712402, 67.6513366699, 68.0809020996, 68.5104751587, 68.9400405884, 69.3696136475, 69.7991790771, 70.2171401978, 70.6467132568, 71.0762786865, 71.5058517456, 71.9354171753, 72.3533782959, 72.7945556641, 73.2125167847, 73.6304779053, 74.0484313965, 74.4780044556, 74.9075698853, 75.3371429443, 75.766708374, 76.1846694946, 76.6026306152, 77.0438079834, 77.461769104, 77.9029464722, 78.3441238403, 78.7736968994, 79.2032623291, 79.6328353882, 80.0624008179, 80.4803619385, 80.9099273682, 81.3395004272, 81.7574615479, 82.198638916, 82.6398162842, 83.0926055908, 83.5570068359, 84.0330123901, 84.4741897583, 84.9385910034, 85.3797683716, 85.8209533691, 86.2621307373, 86.691696167, 87.1444854736, 87.5856704712, 88.0152359009, 88.4331970215, 88.8627624512, 89.2807235718, 89.7219009399, 90.151473999, 90.5810394287, 90.9990005493, 91.4401779175, 91.8813552856, 92.3225402832, 92.7637176514, 93.2048950195, 93.6460723877, 94.0988616943, 94.5632629395, 95.039276123, 95.4688415527, 95.9216308594, 96.3860321045, 96.8388214111, 97.2799987793, 97.7211761475, 98.1623535156, 98.5919265747, 99.0331039429, 99.462677002, 99.8922424316, 100.3334198, 100.774604797, 101.215782166, 101.645347595, 102.074920654, 102.516098022, 102.968887329, 103.421676636, 103.874465942, 104.350471497, 104.814872742, 105.290885925, 105.755279541, 106.208068848, 106.660858154, 107.113647461, 107.554824829, 108.007614136, 108.483627319, 108.959632874, 109.41242218, 109.865211487, 110.318000793, 110.7707901, 111.223579407, 111.687980652, 112.140769958, 112.593559265, 113.034736633, 113.464309692, 113.893875122, 114.33505249, 114.776237488, 115.217414856, 115.658592224, 116.099769592, 116.54094696],
    "bpm_histogram": [0, 0, 0, 0, 0, 0, 0, 0, 0, 0, 0, 0, 0, 0, 0, 0, 0, 0, 0, 0, 0, 0, 0, 0, 0, 0, 0, 0, 0, 0, 0, 0, 0, 0, 0, 0, 0, 0, 0, 0, 0, 0, 0, 0, 0, 0, 0, 0, 0, 0, 0, 0, 0, 0, 0, 0, 0, 0, 0, 0, 0, 0, 0, 0, 0, 0, 0, 0, 0, 0, 0, 0, 0, 0, 0, 0, 0, 0, 0, 0, 0, 0, 0, 0, 0, 0, 0, 0, 0, 0, 0, 0, 0, 0, 0, 0, 0, 0, 0, 0, 0, 0, 0, 0, 0, 0, 0, 0, 0, 0, 0, 0, 0, 0, 0, 0, 0, 0, 0, 0, 0.00377358496189, 0, 0, 0.0113207548857, 0, 0, 0.0415094345808, 0, 0, 0.067924529314, 0, 0, 0, 0.192452833056, 0, 0, 0.362264156342, 0, 0, 0, 0.20000000298, 0, 0, 0, 0.0566037744284, 0, 0, 0, 0, 0, 0, 0, 0, 0, 0, 0, 0, 0, 0, 0, 0, 0.00377358496189, 0, 0, 0, 0, 0, 0.0264150947332, 0, 0, 0, 0, 0.0226415097713, 0, 0, 0, 0, 0, 0.00754716992378, 0, 0, 0, 0, 0, 0, 0.00377358496189, 0, 0, 0, 0, 0, 0, 0, 0, 0, 0, 0, 0, 0, 0, 0, 0, 0, 0, 0, 0, 0, 0, 0, 0, 0, 0, 0, 0, 0, 0, 0, 0, 0, 0, 0, 0, 0, 0, 0, 0, 0, 0, 0, 0, 0, 0, 0, 0, 0, 0, 0, 0, 0, 0, 0, 0, 0, 0, 0, 0, 0, 0, 0, 0]
},
"tonal": {
    "chords_changes_rate": 0.0824415385723,
    "chords_number_rate": 0.00554894981906,
    "chords_strength": {
        "mean": 0.428523987532,
        "stdev": 0.15226124227
    },
    "hpcp_crest": {
        "mean": 17.4347743988,
        "stdev": 8.4610490799
    },
    "hpcp_entropy": {
        "mean": 1.42523038387,
        "stdev": 0.719242215157
    },
    "key_edma": {
        "strength": 0.784563362598,
        "key": "G#",
        "scale": "major"
    },
    "key_krumhansl": {
        "strength": 0.790831446648,
        "key": "G#",
        "scale": "major"
    },
    "key_temperley": {
        "strength": 0.797510683537,
        "key": "G#",
        "scale": "major"
    },
    "tuning_diatonic_strength": 0.553611695766,
    "tuning_equal_tempered_deviation": 0.0375053621829,
    "tuning_frequency": 442.03793335,
    "tuning_nontempered_energy_ratio": 0.666337370872,
    "hpcp": {
        "mean": [0.0598753914237, 0.0403471328318, 0.0895694345236, 0.13661018014, 0.0716798231006, 0.0374608263373, 0.0733721703291, 0.0592943616211, 0.0629387572408, 0.102799870074, 0.0640987977386, 0.0422605909407, 0.0832195281982, 0.0614531412721, 0.0359362736344, 0.0661969184875, 0.0563843399286, 0.131775841117, 0.253621727228, 0.160040900111, 0.0656715929508, 0.0973897501826, 0.0739237964153, 0.0958295091987, 0.154271185398, 0.0946601778269, 0.0541234798729, 0.0827340558171, 0.0857898294926, 0.112025178969, 0.146176859736, 0.114599592984, 0.189355120063, 0.262406885624, 0.142462909222, 0.0645861625671],
        "stdev": [0.171655759215, 0.121635422111, 0.202640160918, 0.285761266947, 0.163208767772, 0.103788681328, 0.202750444412, 0.155107870698, 0.155565679073, 0.246757984161, 0.163498625159, 0.131797417998, 0.23244664073, 0.167826026678, 0.103857055306, 0.196576729417, 0.165584549308, 0.213323622942, 0.379859119654, 0.24995778501, 0.173531502485, 0.252831965685, 0.188882157207, 0.205529168248, 0.300437152386, 0.203437015414, 0.152698487043, 0.223839789629, 0.195665612817, 0.240528866649, 0.284746617079, 0.223388582468, 0.28693318367, 0.367401748896, 0.236701861024, 0.168110847473]
    },
    "chords_histogram": [25.0099086761, 7.09472846985, 7.37217617035, 1.58541417122, 1.82322633266, 0.198176771402, 0, 1.03051924706, 7.68925905228, 0, 0.435988903046, 0.753071725368, 0.0396353565156, 0.990883886814, 0.83234244585, 2.89338088036, 0.0396353565156, 15.7352361679, 1.22869598866, 1.50614345074, 0.594530344009, 1.30796670914, 8.52160167694, 13.3174791336],
    "thpcp": [1, 0.542908430099, 0.246129825711, 0.228177666664, 0.1537579, 0.34133797884, 0.520604431629, 0.273162901402, 0.14275854826, 0.279612213373, 0.225963443518, 0.239851772785, 0.391757518053, 0.24427254498, 0.161049857736, 0.317139267921, 0.234190270305, 0.136948674917, 0.252268224955, 0.214873701334, 0.502181351185, 0.96652084589, 0.609895944595, 0.250266283751, 0.371140211821, 0.281714379787, 0.365194350481, 0.587908267975, 0.360738158226, 0.206257849932, 0.315289199352, 0.326934367418, 0.426914036274, 0.557061851025, 0.43672478199, 0.721608817577],
    "chords_key": "G#",
    "chords_scale": "major"
}
}