{
"metadata": {
    "version": {
        "essentia": "2.1-dev",
        "essentia_git_sha": "v2.1_beta3-415-gd5473f3",
        "extractor": "music 2.0"
    },
    "audio_properties": {
        "analysis": {
            "equal_loudness": 0,
            "length": 820.950195312,
            "sample_rate": 44100,
            "start_time": 0,
            "downmix": "mix"
        },
        "bit_rate": 192000,
        "length": 820.950195312,
        "lossless": 0,
        "number_channels": 2,
        "replay_gain": -8.27281570435,
        "sample_rate": 44100,
        "codec": "mp3",
        "md5_encoded": "ec94b2d2eb40190109707d462061de46"
    },
    "tags": {
        "file_name": "stan_getz_and_dizzy_gillespie_septet_with_coleman_hawkins_and_paul_gonsalves-the_way_you_look_tonight.mp3",
        "album": ["Jazz Masters 25"],
        "artist": ["Stan Getz & Dizzy Gillespie"],
        "date": ["2000"],
        "genre": ["Jazz"],
        "title": ["The Way You Look Tonight"]
    }
},
"lowlevel": {
    "average_loudness": 0.723258316517,
    "barkbands_crest": {
        "mean": 9.44120311737,
        "stdev": 3.8429210186
    },
    "barkbands_flatness_db": {
        "mean": 0.117653988302,
        "stdev": 0.0438254289329
    },
    "barkbands_kurtosis": {
        "mean": 3.20369887352,
        "stdev": 7.79440832138
    },
    "barkbands_skewness": {
        "mean": 1.28775632381,
        "stdev": 1.26222515106
    },
    "barkbands_spread": {
        "mean": 26.1428489685,
        "stdev": 12.3227348328
    },
    "dissonance": {
        "mean": 0.467152833939,
        "stdev": 0.0254969801754
    },
    "dynamic_complexity": 3.14013695717,
    "erbbands_crest": {
        "mean": 8.52554512024,
        "stdev": 4.50992441177
    },
    "erbbands_flatness_db": {
        "mean": 0.142139181495,
        "stdev": 0.0432667993009
    },
    "erbbands_kurtosis": {
        "mean": 0.24800594151,
        "stdev": 2.4866669178
    },
    "erbbands_skewness": {
        "mean": 0.215481102467,
        "stdev": 0.737226724625
    },
    "erbbands_spread": {
        "mean": 43.0295372009,
        "stdev": 21.8496227264
    },
    "hfc": {
        "mean": 18.5563812256,
        "stdev": 22.5195922852
    },
    "loudness_ebu128": {
        "integrated": -16.9700222015,
        "loudness_range": 4.50606918335,
        "momentary": {
            "mean": -18.0477523804,
            "stdev": 7.10544157028
        },
        "short_term": {
            "mean": -17.3221359253,
            "stdev": 2.00419926643
        }
    },
    "melbands_crest": {
        "mean": 14.3454647064,
        "stdev": 5.67160272598
    },
    "melbands_flatness_db": {
        "mean": 0.171054974198,
        "stdev": 0.0580450557172
    },
    "melbands_kurtosis": {
        "mean": 14.402756691,
        "stdev": 28.3415088654
    },
    "melbands_skewness": {
        "mean": 2.55974459648,
        "stdev": 2.08019995689
    },
    "melbands_spread": {
        "mean": 28.9328689575,
        "stdev": 18.3105239868
    },
    "pitch_salience": {
        "mean": 0.543553352356,
        "stdev": 0.129020303488
    },
    "silence_rate_20dB": {
        "mean": 1,
        "stdev": 0
    },
    "silence_rate_30dB": {
        "mean": 0.999547481537,
        "stdev": 0.0212670750916
    },
    "silence_rate_60dB": {
        "mean": 0.0515315197408,
        "stdev": 0.221115067601
    },
    "spectral_centroid": {
        "mean": 1665.7199707,
        "stdev": 711.830200195
    },
    "spectral_complexity": {
        "mean": 14.703622818,
        "stdev": 7.22350788116
    },
    "spectral_decrease": {
        "mean": -4.46755876737e-09,
        "stdev": 3.41717165675e-09
    },
    "spectral_energy": {
        "mean": 0.0185445547104,
        "stdev": 0.0143151283264
    },
    "spectral_energyband_high": {
        "mean": 0.000730566796847,
        "stdev": 0.00109117885586
    },
    "spectral_energyband_low": {
        "mean": 0.00562216574326,
        "stdev": 0.0079606436193
    },
    "spectral_energyband_middle_high": {
        "mean": 0.00603386061266,
        "stdev": 0.00920820422471
    },
    "spectral_energyband_middle_low": {
        "mean": 0.00649454025552,
        "stdev": 0.00621579773724
    },
    "spectral_entropy": {
        "mean": 7.64648199081,
        "stdev": 0.362194985151
    },
    "spectral_flux": {
        "mean": 0.0693890750408,
        "stdev": 0.034723136574
    },
    "spectral_kurtosis": {
        "mean": 3.21610546112,
        "stdev": 2.29661083221
    },
    "spectral_rms": {
        "mean": 0.00394927477464,
        "stdev": 0.00157969025895
    },
    "spectral_rolloff": {
        "mean": 1719.33752441,
        "stdev": 1329.40197754
    },
    "spectral_skewness": {
        "mean": 1.31102108955,
        "stdev": 0.315293192863
    },
    "spectral_spread": {
        "mean": 4879830,
        "stdev": 1604427.75
    },
    "spectral_strongpeak": {
        "mean": 1.18806350231,
        "stdev": 1.87962269783
    },
    "zerocrossingrate": {
        "mean": 0.0685882344842,
        "stdev": 0.0317101068795
    },
    "barkbands": {
        "mean": [1.33068879222e-05, 0.00338405207731, 0.00198973668739, 0.000529547571205, 0.00155982887372, 0.00155915739015, 0.000818403961603, 0.000932807801291, 0.000921368424315, 0.000506963173393, 0.000649449939374, 0.000856376776937, 0.000870179384947, 0.000412401976064, 0.000551110075321, 0.000636908225715, 0.000471835111966, 0.000522957008798, 0.000458409078419, 0.000329950475134, 0.000188996054931, 0.000151223866851, 0.000118844604003, 6.17908299319e-05, 2.74557369266e-05, 1.8552178517e-05, 3.09023789669e-06],
        "stdev": [2.12897411984e-05, 0.00481801014394, 0.00353366159834, 0.00101313204505, 0.00235714507289, 0.00275687081739, 0.00140933785588, 0.00213526887819, 0.00277052912861, 0.0015239068307, 0.00182370748371, 0.00255620782264, 0.00323711428791, 0.00149367353879, 0.00139869737905, 0.00212603225373, 0.00114256120287, 0.00121489155572, 0.00103198247962, 0.000860434141941, 0.000399321084842, 0.000290985335596, 0.000176844478119, 6.68645152473e-05, 3.31360097334e-05, 3.53979085048e-05, 1.04643149825e-05]
    },
    "erbbands": {
        "mean": [0.044840708375, 0.928627967834, 2.7413418293, 1.65801227093, 3.79257059097, 5.0793967247, 7.33913850784, 14.9754295349, 13.6386089325, 14.0985126495, 21.5907077789, 22.637588501, 14.3946008682, 18.2713985443, 29.7519550323, 40.5143089294, 39.7055854797, 26.0240383148, 27.0323066711, 31.0090656281, 29.9078407288, 25.7401485443, 28.9269275665, 26.5531234741, 21.1492004395, 15.0891599655, 9.01908588409, 7.06788730621, 5.97118282318, 4.08665895462, 3.45741462708, 1.60939872265, 0.882008254528, 0.362942516804, 0.173632442951, 0.076822347939, 0.0365233942866, 0.00819300860167, 0.000453728454886, 3.42463281413e-05],
        "stdev": [0.059732504189, 1.379150033, 4.85449075699, 2.60980010033, 6.45741653442, 9.26285743713, 14.6867275238, 29.118522644, 23.9254074097, 29.5413303375, 49.0107421875, 66.5225906372, 40.1956253052, 56.0337905884, 82.4221038818, 116.527412415, 134.335540771, 89.0106506348, 63.5837478638, 75.5886306763, 81.0262832642, 59.8624801636, 60.2264480591, 82.5978012085, 44.2938270569, 36.6673774719, 14.1808824539, 18.5742206573, 12.1036291122, 5.72061634064, 6.43266010284, 2.07905054092, 0.965399265289, 0.482091456652, 0.208110570908, 0.130831256509, 0.0777701362967, 0.0178284011781, 0.00179364648648, 5.84295012231e-05]
    },
    "gfcc": {
        "mean": [-2.89342808723, 72.7641220093, -118.789505005, 41.9289131165, -59.1174240112, 15.5162677765, -35.5017967224, 9.81397438049, -21.4495391846, 7.11348056793, -12.0187530518, 4.83618354797, -16.075258255],
        "cov": [[5080.953125, -102.86252594, -866.858032227, -142.329605103, 103.111541748, 37.0596580505, -118.702865601, -6.51549530029, -73.3895263672, -27.3948154449, -56.4792137146, 114.798995972, -47.5570716858], [-102.86252594, 817.723754883, 110.268608093, -82.6171340942, -96.294960022, -43.6387901306, 17.9215431213, -17.1457805634, 39.0381813049, -28.6560096741, 12.815574646, -106.450309753, 42.2103385925], [-866.858032227, 110.268608093, 934.463439941, 196.376861572, -82.6048660278, 4.60882902145, 47.7877655029, 29.6871738434, 13.3412885666, 19.8788948059, -29.3212032318, -39.9412078857, -50.1607131958], [-142.329605103, -82.6171340942, 196.376861572, 331.839660645, 65.9976882935, 53.7431411743, 11.3470563889, 22.6413097382, -20.9914741516, -2.80600190163, 11.7106409073, -14.670996666, -28.8832912445], [103.111541748, -96.294960022, -82.6048660278, 65.9976882935, 251.657226562, 81.0760726929, 48.9833755493, -11.9915266037, 8.28694725037, -6.01274013519, 6.71146535873, 19.9162311554, -18.5766410828], [37.0596580505, -43.6387901306, 4.60882902145, 53.7431411743, 81.0760726929, 131.688110352, 40.6113815308, 16.796710968, 1.73592734337, 14.3868465424, 7.94051742554, 13.7830266953, -6.89600753784], [-118.702865601, 17.9215431213, 47.7877655029, 11.3470563889, 48.9833755493, 40.6113815308, 130.96472168, 34.1995735168, 30.5190181732, 1.94078373909, -5.43823480606, -8.36986923218, -7.4616355896], [-6.51549530029, -17.1457805634, 29.6871738434, 22.6413097382, -11.9915266037, 16.796710968, 34.1995735168, 83.7979202271, 39.8016357422, 19.5429649353, -1.52833378315, -3.5519695282, 1.34541511536], [-73.3895263672, 39.0381813049, 13.3412885666, -20.9914741516, 8.28694725037, 1.73592734337, 30.5190181732, 39.8016357422, 87.6628723145, 42.7474784851, 8.17079925537, -9.45680141449, 0.683429062366], [-27.3948154449, -28.6560096741, 19.8788948059, -2.80600190163, -6.01274013519, 14.3868465424, 1.94078373909, 19.5429649353, 42.7474784851, 88.0715484619, 40.21251297, 6.62995386124, -11.5177278519], [-56.4792137146, 12.815574646, -29.3212032318, 11.7106409073, 6.71146535873, 7.94051742554, -5.43823480606, -1.52833378315, 8.17079925537, 40.21251297, 82.3708114624, 28.2253990173, 5.79061031342], [114.798995972, -106.450309753, -39.9412078857, -14.670996666, 19.9162311554, 13.7830266953, -8.36986923218, -3.5519695282, -9.45680141449, 6.62995386124, 28.2253990173, 96.0746231079, 34.1659812927], [-47.5570716858, 42.2103385925, -50.1607131958, -28.8832912445, -18.5766410828, -6.89600753784, -7.4616355896, 1.34541511536, 0.683429062366, -11.5177278519, 5.79061031342, 34.1659812927, 82.3231811523]],
        "icov": [[0.00029298235313, -0.000233563070651, 0.000342536019161, -9.18883451959e-05, -4.42454038421e-05, -1.4826631741e-05, 0.000230792007642, -0.000338625686709, 0.000352536968421, -0.000358523189789, 0.000781108799856, -0.000896495010238, 0.000744744087569], [-0.000233563070651, 0.00233339611441, -0.000714799039997, 0.000766147568356, 0.000492938386742, -0.00042934040539, -0.000346346088918, 0.00128924043383, -0.00182434916496, 0.00233110715635, -0.00308344513178, 0.00416792137548, -0.0026468813885], [0.000342536019161, -0.000714799039997, 0.0019763498567, -0.00136732112151, 0.000861000269651, 0.000113090354716, -0.00051334768068, -4.07178085879e-05, 0.000289609713946, -0.00134898733813, 0.00233690952882, -0.00209103175439, 0.00195908197202], [-9.18883451959e-05, 0.000766147568356, -0.00136732112151, 0.00484033860266, -0.00154191057663, -0.00105477136094, 0.000968937703874, -0.00209740153514, 0.0015977335861, 0.00143260788172, -0.00285364268348, 0.0027318962384, -0.000640898477286], [-4.42454038421e-05, 0.000492938386742, 0.000861000269651, -0.00154191057663, 0.00691532343626, -0.00330540235154, -0.00202822382562, 0.00376985478215, -0.00361702521332, 0.00235680746846, -0.000360644975444, -0.00127779715694, 0.00165892241057], [-1.4826631741e-05, -0.00042934040539, 0.000113090354716, -0.00105477136094, -0.00330540235154, 0.0114298854023, -0.00239480286837, -0.00244960468262, 0.00356260570697, -0.00392066827044, 0.00131230033003, -0.00156274228357, -7.68867394072e-05], [0.000230792007642, -0.000346346088918, -0.00051334768068, 0.000968937703874, -0.00202822382562, -0.00239480286837, 0.0110783409327, -0.00392359495163, -0.00224985554814, 0.00221398612484, -2.73440382443e-05, 0.000128342348034, 0.00102512736339], [-0.000338625686709, 0.00128924043383, -4.07178085879e-05, -0.00209740153514, 0.00376985478215, -0.00244960468262, -0.00392359495163, 0.0198245644569, -0.0095903724432, 0.000834122707602, 0.000197848115931, 0.00107892462984, -0.00191686244216], [0.000352536968421, -0.00182434916496, 0.000289609713946, 0.0015977335861, -0.00361702521332, 0.00356260570697, -0.00224985554814, -0.0095903724432, 0.024152347818, -0.0127981398255, 0.00392448669299, 6.73958929838e-05, -0.000983949634247], [-0.000358523189789, 0.00233110715635, -0.00134898733813, 0.00143260788172, 0.00235680746846, -0.00392066827044, 0.00221398612484, 0.000834122707602, -0.0127981398255, 0.025157995522, -0.0131751103327, 0.00316277658567, 0.00190893479157], [0.000781108799856, -0.00308344513178, 0.00233690952882, -0.00285364268348, -0.000360644975444, 0.00131230033003, -2.73440382443e-05, 0.000197848115931, 0.00392448669299, -0.0131751103327, 0.0238147974014, -0.0108420839533, 0.00342646613717], [-0.000896495010238, 0.00416792137548, -0.00209103175439, 0.0027318962384, -0.00127779715694, -0.00156274228357, 0.000128342348034, 0.00107892462984, 6.73958929838e-05, 0.00316277658567, -0.0108420839533, 0.0233910009265, -0.0118990261108], [0.000744744087569, -0.0026468813885, 0.00195908197202, -0.000640898477286, 0.00165892241057, -7.68867394072e-05, 0.00102512736339, -0.00191686244216, -0.000983949634247, 0.00190893479157, 0.00342646613717, -0.0118990261108, 0.020368212834]]
    },
    "melbands": {
        "mean": [0.000672265130561, 0.00142633193173, 0.000360189354979, 0.000333637319272, 0.000252239464317, 0.000324149703374, 0.000199817513931, 0.000161769639817, 0.00018357555382, 0.000133531138999, 6.82057652739e-05, 7.02283723513e-05, 8.73140088515e-05, 9.31346876314e-05, 0.000114817426947, 7.54728753236e-05, 4.44545257778e-05, 3.96673931391e-05, 4.03381854994e-05, 5.31666300958e-05, 2.93502362183e-05, 2.57956944552e-05, 2.91130454571e-05, 2.26403426495e-05, 2.14657866309e-05, 1.61497155204e-05, 1.29428844957e-05, 9.49773038883e-06, 6.3963680077e-06, 3.91319417758e-06, 4.17732053393e-06, 3.45869671037e-06, 2.5694228043e-06, 2.21185382543e-06, 2.15913223656e-06, 1.2616078493e-06, 9.39122855925e-07, 6.83882660724e-07, 3.86342577485e-07, 2.78581552493e-07],
        "stdev": [0.000883642409462, 0.00233798311092, 0.000541138288099, 0.000554057536647, 0.000447863538284, 0.000598619692028, 0.00034088967368, 0.000366736436263, 0.000439133844338, 0.000422197859734, 0.000203150179004, 0.000232966209296, 0.000245426024776, 0.000276050908724, 0.000379362347303, 0.000337009347277, 0.000164942292031, 0.000100377161289, 0.000113395675726, 0.000188176534721, 7.90311751189e-05, 6.56497577438e-05, 7.04515914549e-05, 5.46212868358e-05, 7.6589625678e-05, 3.42871535395e-05, 4.44399483968e-05, 2.38550528593e-05, 9.6490548458e-06, 9.71984809439e-06, 1.29715508592e-05, 7.71749546402e-06, 4.84152405988e-06, 2.72292209047e-06, 4.08486903325e-06, 2.86898534796e-06, 1.11288977678e-06, 7.55618941639e-07, 5.45316595435e-07, 4.02370631036e-07]
    },
    "melbands128": {
        "mean": [1.21625425891e-05, 0.000193815038074, 0.000796687090769, 0.00185345753562, 0.00176918169018, 0.000751912535634, 0.000280630367342, 0.000281253276626, 0.000419224816142, 0.000374550785637, 0.000274144520517, 0.000238026608713, 0.000238800406805, 0.000243771180976, 0.000392280810047, 0.000324110558722, 0.000237409927649, 0.000194525855477, 0.000141478391015, 0.000144939374877, 0.000202622730285, 0.000153790853801, 0.000202930692467, 0.000188339268789, 0.000155632034875, 0.000125600781757, 4.89013182232e-05, 8.02587746875e-05, 5.45391376363e-05, 7.24485144019e-05, 8.08266631793e-05, 5.63621069887e-05, 7.40055402275e-05, 0.000146159058204, 5.49409523956e-05, 9.3321526947e-05, 0.000117553849122, 0.000134003144922, 0.000105014150904, 6.8575842306e-05, 9.40393656492e-05, 4.71826351713e-05, 4.32996093878e-05, 4.55103909189e-05, 2.80310232483e-05, 3.88629341614e-05, 5.46094379388e-05, 4.55367771792e-05, 3.11114927172e-05, 2.92444801744e-05, 7.58802925702e-05, 5.69217154407e-05, 2.1316240236e-05, 2.45310202445e-05, 2.85240039375e-05, 2.41859052039e-05, 2.41192665271e-05, 3.0983461329e-05, 2.85758833343e-05, 3.07165573759e-05, 1.95139418793e-05, 1.46078700709e-05, 3.43741412507e-05, 1.64163666341e-05, 1.60477466125e-05, 1.59977153089e-05, 1.82218791451e-05, 1.23565787362e-05, 1.38873665492e-05, 9.81611901807e-06, 7.87686440162e-06, 1.1913552953e-05, 6.93250331096e-06, 6.08689288129e-06, 3.86586589229e-06, 4.42680993729e-06, 3.34678429681e-06, 4.02823297918e-06, 4.96856546306e-06, 3.65139726455e-06, 2.92528943646e-06, 3.77213632419e-06, 3.56135569746e-06, 2.02420255846e-06, 2.47794514507e-06, 1.890257181e-06, 2.37209610532e-06, 2.05938727049e-06, 2.25962071454e-06, 2.25421445066e-06, 1.60078491263e-06, 9.06840284642e-07, 7.67191238538e-07, 1.05990841348e-06, 8.60617262788e-07, 9.49838181441e-07, 5.65155289678e-07, 5.18354966061e-07, 3.85755924981e-07, 3.32501457478e-07, 2.77941637705e-07, 3.01470350905e-07, 2.29899626447e-07, 1.98421787445e-07, 2.10160862935e-07, 1.82838618912e-07, 1.46259239386e-07, 1.09789759506e-07, 1.35562103765e-07, 1.29879239807e-07, 1.23651986428e-07, 1.33281275794e-07, 1.21932046682e-07, 1.0681660001e-07, 9.06835779801e-08, 8.21489578584e-08, 6.76594495985e-08, 2.99515683366e-08, 1.7009481823e-08, 9.27562826547e-09, 7.28812121764e-09, 3.75047415346e-09, 1.65794367124e-09, 5.89489901337e-10, 1.25909754844e-10, 5.16289268282e-12, 2.52052068453e-12, 2.50222564023e-12],
        "stdev": [2.05296546483e-05, 0.000331367220497, 0.00113306008279, 0.0029859317001, 0.00321307196282, 0.00127585767768, 0.000529292039573, 0.000565498950891, 0.000799289555289, 0.000788699602708, 0.000677778443787, 0.000551155768335, 0.000649095571134, 0.000640972750261, 0.000966994732153, 0.000735433073714, 0.000649982481264, 0.000434486166341, 0.000339004967827, 0.000392069690861, 0.000673894945066, 0.000484371994389, 0.000623320811428, 0.000763783522416, 0.000569615745917, 0.000708143459633, 0.000211379025131, 0.00033251568675, 0.000225864932872, 0.000316856108839, 0.000349398032995, 0.000238049120526, 0.000272967969067, 0.000550380034838, 0.000240720823058, 0.000477572408272, 0.000455520232208, 0.000652050715871, 0.000485932570882, 0.000419881864218, 0.000630305614322, 0.000335605087457, 0.000233037091675, 0.000215738051338, 0.000114902919449, 0.000138369970955, 0.000230964113143, 0.000187361365533, 0.000137247014209, 0.000126647588331, 0.000347145221895, 0.000278918101685, 0.000108004933281, 9.84364451142e-05, 0.00010430823022, 8.86278940015e-05, 0.000121670746012, 0.000123040284961, 8.90288574737e-05, 0.000111610854219, 6.96572387824e-05, 6.45351465209e-05, 0.000192059960682, 7.05593265593e-05, 4.36257105321e-05, 4.96178909088e-05, 6.05798923061e-05, 4.99659654452e-05, 8.63774475874e-05, 5.02960792801e-05, 3.04424993374e-05, 3.87902437069e-05, 1.46556903928e-05, 1.1596675904e-05, 1.246991269e-05, 1.61780717463e-05, 1.23521404021e-05, 1.97716726689e-05, 2.39921046159e-05, 1.08051981442e-05, 8.66083792062e-06, 1.29498321257e-05, 7.71807754063e-06, 5.26715666638e-06, 6.63683294988e-06, 3.13869327329e-06, 3.37734104505e-06, 4.63518745164e-06, 5.81770564168e-06, 8.37323023006e-06, 5.15322699357e-06, 2.94836968351e-06, 1.58441753229e-06, 1.54558415488e-06, 1.50583753111e-06, 1.11488373022e-06, 9.14802342322e-07, 6.77914499647e-07, 8.70328165092e-07, 4.35069296145e-07, 4.62349760255e-07, 5.17566945746e-07, 4.51858170436e-07, 3.50975113861e-07, 2.59727073626e-07, 2.50234052146e-07, 2.22837996944e-07, 1.83468827686e-07, 4.56709955188e-07, 2.57001630644e-07, 2.39102320165e-07, 3.57536492857e-07, 3.76723988893e-07, 3.86800849128e-07, 2.19138527768e-07, 2.06135879921e-07, 1.67869089296e-07, 1.27703842168e-07, 9.91463977584e-08, 6.87627803586e-08, 5.90493023367e-08, 3.65144465775e-08, 2.19401385948e-08, 1.37590063787e-08, 5.82600456767e-09, 2.92739471552e-10, 4.23220399698e-12, 4.20707696111e-12]
    },
    "mfcc": {
        "mean": [-643.717651367, 98.5496826172, 1.45070981979, 28.6326942444, 2.12021541595, 8.44395065308, -1.28214752674, 5.18578529358, -5.66657114029, 4.71181917191, 0.886638760567, 3.66760110855, 4.30463504791],
        "cov": [[3296.9597168, -36.2717208862, -816.478759766, -150.766372681, 73.4488372803, -19.6184101105, -58.3820838928, 40.9389152527, -33.8408660889, -130.347640991, -35.6927719116, 10.967253685, 8.19289398193], [-36.2717208862, 740.843994141, 111.779441833, -64.3281478882, -67.9871520996, -40.9118499756, -31.3596248627, -39.6143722534, 23.8699588776, 28.4043121338, 7.53689718246, -16.7047958374, -22.9414291382], [-816.478759766, 111.779441833, 784.439208984, 164.929122925, -10.3747854233, 6.94136428833, 31.7009143829, -3.23561406136, 12.6488857269, 77.5106124878, 25.5311145782, -24.1008396149, -13.2560434341], [-150.766372681, -64.3281478882, 164.929122925, 217.032455444, 65.5487060547, 41.140296936, 47.6776885986, 28.0498924255, -0.955645918846, 34.2503585815, 15.9181871414, -0.202921956778, 2.68254518509], [73.4488372803, -67.9871520996, -10.3747854233, 65.5487060547, 157.292602539, 69.2939376831, 33.6772994995, 24.6232337952, -4.38892173767, -4.80520057678, 6.41428565979, 9.03447246552, 10.80189991], [-19.6184101105, -40.9118499756, 6.94136428833, 41.140296936, 69.2939376831, 127.813796997, 61.5377998352, 35.6890678406, 12.8863334656, 3.21837067604, 6.41728067398, 20.7501678467, 12.298204422], [-58.3820838928, -31.3596248627, 31.7009143829, 47.6776885986, 33.6772994995, 61.5377998352, 97.3231964111, 43.9207496643, 2.71429848671, 15.5193977356, 3.27663135529, 6.52729463577, 7.55801153183], [40.9389152527, -39.6143722534, -3.23561406136, 28.0498924255, 24.6232337952, 35.6890678406, 43.9207496643, 93.20262146, 34.9121551514, 0.833559989929, -6.65043830872, -2.50300812721, 3.8047952652], [-33.8408660889, 23.8699588776, 12.6488857269, -0.955645918846, -4.38892173767, 12.8863334656, 2.71429848671, 34.9121551514, 93.0221176147, 30.1120910645, 4.54975795746, -0.803866446018, -5.7063369751], [-130.347640991, 28.4043121338, 77.5106124878, 34.2503585815, -4.80520057678, 3.21837067604, 15.5193977356, 0.833559989929, 30.1120910645, 108.740730286, 47.190952301, 4.01281547546, -7.00079441071], [-35.6927719116, 7.53689718246, 25.5311145782, 15.9181871414, 6.41428565979, 6.41728067398, 3.27663135529, -6.65043830872, 4.54975795746, 47.190952301, 87.0714187622, 40.6697998047, 1.8301949501], [10.967253685, -16.7047958374, -24.1008396149, -0.202921956778, 9.03447246552, 20.7501678467, 6.52729463577, -2.50300812721, -0.803866446018, 4.01281547546, 40.6697998047, 88.4050064087, 39.5853919983], [8.19289398193, -22.9414291382, -13.2560434341, 2.68254518509, 10.80189991, 12.298204422, 7.55801153183, 3.8047952652, -5.7063369751, -7.00079441071, 1.8301949501, 39.5853919983, 84.8558349609]],
        "icov": [[0.000431395368651, -8.19271372166e-05, 0.000436908536358, -3.81485224352e-05, -0.00022417580476, 0.000106415471237, 0.000248615018791, -0.000367898872355, 0.00016864859208, 0.000190260514501, -0.000101933139376, 5.05685311509e-05, 1.87704772543e-05], [-8.19271372166e-05, 0.00154568941798, -0.000372705399059, 0.000553729361854, 0.000313881988404, 4.29968968092e-05, -0.000102960199001, 0.000651859096251, -0.000519558612723, -0.000213061997783, -6.02971776971e-05, 0.000144501493196, 0.000165198376635], [0.000436908536358, -0.000372705399059, 0.00215981923975, -0.00149169540964, 0.000351782800863, 6.97681298334e-06, 7.17656803317e-05, 1.7209280486e-05, 8.92315729288e-05, -0.000389575463487, -0.000249496020842, 0.000602251384407, -0.000113053334644], [-3.81485224352e-05, 0.000553729361854, -0.00149169540964, 0.00732358777896, -0.00252948026173, 0.000222166723688, -0.00153358676471, -0.00103005371056, 0.000911470444407, -0.00154655147344, -7.30071988073e-05, 9.9490476714e-05, 5.02773145854e-05], [-0.00022417580476, 0.000313881988404, 0.000351782800863, -0.00252948026173, 0.00979823246598, -0.00488648982719, 0.00085361325182, -0.000444575300207, 0.000789109733887, 0.000865390291438, -0.00118592253421, 0.0010768492939, -0.000706068414729], [0.000106415471237, 4.29968968092e-05, 6.97681298334e-06, 0.000222166723688, -0.00488648982719, 0.0147080738097, -0.0075818230398, -4.92595063406e-05, -0.00236901943572, 0.00108183349948, 0.000409917905927, -0.00283952103928, 0.000409059284721], [0.000248615018791, -0.000102960199001, 7.17656803317e-05, -0.00153358676471, 0.00085361325182, -0.0075818230398, 0.0196053348482, -0.00785460881889, 0.00464253360406, -0.00362179894, 0.00141383404844, -0.000342123035807, -0.00025351010845], [-0.000367898872355, 0.000651859096251, 1.7209280486e-05, -0.00103005371056, -0.000444575300207, -4.92595063406e-05, -0.00785460881889, 0.0183231960982, -0.00790976267308, 0.00278222002089, -8.99515580386e-05, 0.0015421701828, -0.000831097830087], [0.00016864859208, -0.000519558612723, 8.92315729288e-05, 0.000911470444407, 0.000789109733887, -0.00236901943572, 0.00464253360406, -0.00790976267308, 0.0159465242177, -0.0057080485858, 0.00208068499342, -0.00125376775395, 0.00115386722609], [0.000190260514501, -0.000213061997783, -0.000389575463487, -0.00154655147344, 0.000865390291438, 0.00108183349948, -0.00362179894, 0.00278222002089, -0.0057080485858, 0.016301529482, -0.00959268584847, 0.00379049801268, -0.000757368979976], [-0.000101933139376, -6.02971776971e-05, -0.000249496020842, -7.30071988073e-05, -0.00118592253421, 0.000409917905927, 0.00141383404844, -8.99515580386e-05, 0.00208068499342, -0.00959268584847, 0.0220141224563, -0.011736231856, 0.00427519995719], [5.05685311509e-05, 0.000144501493196, 0.000602251384407, 9.9490476714e-05, 0.0010768492939, -0.00283952103928, -0.000342123035807, 0.0015421701828, -0.00125376775395, 0.00379049801268, -0.011736231856, 0.0214392039925, -0.00915898289531], [1.87704772543e-05, 0.000165198376635, -0.000113053334644, 5.02773145854e-05, -0.000706068414729, 0.000409059284721, -0.00025351010845, -0.000831097830087, 0.00115386722609, -0.000757368979976, 0.00427519995719, -0.00915898289531, 0.0160943157971]]
    },
    "spectral_contrast_coeffs": {
        "mean": [-0.728235423565, -0.73811930418, -0.743443310261, -0.764721870422, -0.762040317059, -0.754880785942],
        "stdev": [0.0686421990395, 0.0765079334378, 0.0802457556129, 0.0735485628247, 0.0550770014524, 0.0322460196912]
    },
    "spectral_contrast_valleys": {
        "mean": [-6.97466468811, -6.9716925621, -7.82586479187, -7.92777681351, -7.67486476898, -10.1401662827],
        "stdev": [0.961303532124, 0.987742304802, 0.955614387989, 0.948670387268, 0.909970343113, 0.82580524683]
    }
},
"rhythm": {
    "beats_count": 1530,
    "beats_loudness": {
        "mean": 0.0259145926684,
        "stdev": 0.0165417548269
    },
    "bpm": 101.822418213,
    "bpm_histogram_first_peak_bpm": 101,
    "bpm_histogram_first_peak_weight": 0.713562786579,
    "bpm_histogram_second_peak_bpm": 148,
    "bpm_histogram_second_peak_spread": 0.472067058086,
    "bpm_histogram_second_peak_weight": 0.123610205948,
    "danceability": 1.15316128731,
    "onset_rate": 3.58602499962,
    "beats_loudness_band_ratio": {
        "mean": [0.396997720003, 0.168466582894, 0.15667758882, 0.143193051219, 0.110906675458, 0.068087734282],
        "stdev": [0.277067661285, 0.143332213163, 0.149963840842, 0.142689570785, 0.116429314017, 0.060177270323]
    },
