{
"metadata": {
    "version": {
        "essentia": "2.1-dev",
        "essentia_git_sha": "v2.1_beta3-415-gd5473f3",
        "extractor": "music 2.0"
    },
    "audio_properties": {
        "analysis": {
            "equal_loudness": 0,
            "length": 731.40246582,
            "sample_rate": 44100,
            "start_time": 0,
            "downmix": "mix"
        },
        "bit_rate": 192000,
        "length": 731.40246582,
        "lossless": 0,
        "number_channels": 2,
        "replay_gain": -7.96043395996,
        "sample_rate": 44100,
        "codec": "mp3",
        "md5_encoded": "27922e52e4b083c8bb65932b99e9ec25"
    },
    "tags": {
        "file_name": "stan_getz_and_dizzy_gillespie_septet_with_sonny_stitt-dark_e.mp3",
        "album": ["Jazz Masters 25"],
        "artist": ["Stan Getz & Dizzy Gillespie"],
        "date": ["2000"],
        "genre": ["Jazz"],
        "title": ["Dark Eyes"]
    }
},
"lowlevel": {
    "average_loudness": 0.38340395689,
    "barkbands_crest": {
        "mean": 11.8267669678,
        "stdev": 5.02070236206
    },
    "barkbands_flatness_db": {
        "mean": 0.162678107619,
        "stdev": 0.0770052820444
    },
    "barkbands_kurtosis": {
        "mean": 12.3621454239,
        "stdev": 77.6232452393
    },
    "barkbands_skewness": {
        "mean": 1.76327681541,
        "stdev": 2.40679168701
    },
    "barkbands_spread": {
        "mean": 23.0086708069,
        "stdev": 17.238817215
    },
    "dissonance": {
        "mean": 0.441542118788,
        "stdev": 0.0592113994062
    },
    "dynamic_complexity": 5.41592550278,
    "erbbands_crest": {
        "mean": 11.4108428955,
        "stdev": 6.31375789642
    },
    "erbbands_flatness_db": {
        "mean": 0.162132129073,
        "stdev": 0.0791325867176
    },
    "erbbands_kurtosis": {
        "mean": 3.06368231773,
        "stdev": 15.4690036774
    },
    "erbbands_skewness": {
        "mean": 0.559458434582,
        "stdev": 1.34245204926
    },
    "erbbands_spread": {
        "mean": 42.2038345337,
        "stdev": 31.2395038605
    },
    "hfc": {
        "mean": 15.2596244812,
        "stdev": 26.5682201385
    },
    "loudness_ebu128": {
        "integrated": -18.325717926,
        "loudness_range": 10.6735687256,
        "momentary": {
            "mean": -22.4550552368,
            "stdev": 19.6777954102
        },
        "short_term": {
            "mean": -20.47397995,
            "stdev": 10.0562372208
        }
    },
    "melbands_crest": {
        "mean": 17.0511112213,
        "stdev": 6.57607936859
    },
    "melbands_flatness_db": {
        "mean": 0.223286941648,
        "stdev": 0.0915220305324
    },
    "melbands_kurtosis": {
        "mean": 31.0042934418,
        "stdev": 74.4642868042
    },
    "melbands_skewness": {
        "mean": 3.08065295219,
        "stdev": 3.29311561584
    },
    "melbands_spread": {
        "mean": 24.3654994965,
        "stdev": 21.997297287
    },
    "pitch_salience": {
        "mean": 0.482619524002,
        "stdev": 0.158081173897
    },
    "silence_rate_20dB": {
        "mean": 1,
        "stdev": 0
    },
    "silence_rate_30dB": {
        "mean": 0.999936521053,
        "stdev": 0.00796773098409
    },
    "silence_rate_60dB": {
        "mean": 0.250095248222,
        "stdev": 0.433034032583
    },
    "spectral_centroid": {
        "mean": 1460.72973633,
        "stdev": 1040.18713379
    },
    "spectral_complexity": {
        "mean": 8.14120674133,
        "stdev": 5.39919948578
    },
    "spectral_decrease": {
        "mean": -3.04515412886e-09,
        "stdev": 3.2636500169e-09
    },
    "spectral_energy": {
        "mean": 0.0128771662712,
        "stdev": 0.0141807161272
    },
    "spectral_energyband_high": {
        "mean": 0.00075676367851,
        "stdev": 0.00224145897664
    },
    "spectral_energyband_low": {
        "mean": 0.00370863638818,
        "stdev": 0.00678791943938
    },
    "spectral_energyband_middle_high": {
        "mean": 0.00511557189748,
        "stdev": 0.0095894774422
    },
    "spectral_energyband_middle_low": {
        "mean": 0.00358866713941,
        "stdev": 0.00461559696123
    },
    "spectral_entropy": {
        "mean": 7.29034757614,
        "stdev": 0.842677056789
    },
    "spectral_flux": {
        "mean": 0.0477944947779,
        "stdev": 0.0365507677197
    },
    "spectral_kurtosis": {
        "mean": 5.9921708107,
        "stdev": 9.62247276306
    },
    "spectral_rms": {
        "mean": 0.00304943160154,
        "stdev": 0.00180667091627
    },
    "spectral_rolloff": {
        "mean": 1724.08618164,
        "stdev": 2134.94311523
    },
    "spectral_skewness": {
        "mean": 1.75422501564,
        "stdev": 0.985390365124
    },
    "spectral_spread": {
        "mean": 5842591,
        "stdev": 3217246
    },
    "spectral_strongpeak": {
        "mean": 1.28411471844,
        "stdev": 2.26903414726
    },
    "zerocrossingrate": {
        "mean": 0.0706932842731,
        "stdev": 0.0526837147772
    },
    "barkbands": {
        "mean": [4.51694086223e-06, 0.00204753596336, 0.00156479433645, 0.000177069930942, 0.000555131584406, 0.000607884954661, 0.000594478216954, 0.000635365664493, 0.000751065788791, 0.00106820371002, 0.000409712200053, 0.000436714995885, 0.000712800421752, 0.000535505707376, 0.000393966794945, 0.000513007398695, 0.000550065538846, 0.000266368937446, 0.000191880229977, 0.000230156685575, 0.000287770817522, 0.000104141203337, 7.7780605352e-05, 7.47627636883e-05, 4.29233077739e-05, 3.69889239664e-05, 6.55407075101e-06],
        "stdev": [9.76986757451e-06, 0.00366040249355, 0.00338102946989, 0.000439367402578, 0.00117307028268, 0.00114478438627, 0.00130621006247, 0.00221905717626, 0.00299329916015, 0.00388763216324, 0.00177240534686, 0.00181387318298, 0.0025651268661, 0.00259445537813, 0.00159005087335, 0.00183222361375, 0.00165803276468, 0.00113679654896, 0.000663133221678, 0.000824255053885, 0.00120371510275, 0.000338157376973, 0.000299649545923, 0.000211840088014, 9.99355543172e-05, 0.000100042816484, 3.32972849719e-05]
    },
    "erbbands": {
        "mean": [0.0236409958452, 0.582397699356, 2.10256695747, 0.819803774357, 0.9141471982, 2.12312936783, 3.67973923683, 5.50350236893, 7.70082187653, 8.63813591003, 16.8317985535, 20.8070449829, 21.3086738586, 34.8441696167, 16.538438797, 21.2556266785, 33.0430374146, 26.0506706238, 25.3257102966, 22.46393013, 31.5400733948, 27.1794719696, 17.5098266602, 9.76775550842, 9.67975711823, 11.877076149, 12.9726495743, 8.20921421051, 4.03382396698, 2.50882744789, 2.46422481537, 1.92534244061, 1.00256192684, 0.49441075325, 0.300051540136, 0.160519063473, 0.0681370943785, 0.0143606355414, 0.00120410742238, 4.68756770715e-05],
        "stdev": [0.037795484066, 1.08721721172, 4.64368104935, 1.27511632442, 2.15227079391, 5.52204751968, 7.03948783875, 12.1735401154, 15.2107248306, 24.7130775452, 57.8311958313, 82.1673355103, 72.5757675171, 142.179504395, 63.010723114, 79.313293457, 108.262145996, 99.9131469727, 92.4160003662, 68.21875, 98.8739852905, 82.2277832031, 61.8118171692, 36.4108581543, 31.4220905304, 41.3689994812, 56.0149879456, 30.7353096008, 13.4227075577, 8.36649894714, 10.7383718491, 6.83274745941, 2.22504520416, 1.11011910439, 0.700162470341, 0.364172786474, 0.209809631109, 0.0539675913751, 0.00649617286399, 0.000166402882314]
    },
    "gfcc": {
        "mean": [-73.3176193237, 63.6194190979, -99.5659179688, 27.0134067535, -53.1996650696, 16.8557815552, -36.163734436, 13.3987846375, -22.119436264, 11.195192337, -17.9390239716, 4.01323223114, -13.2485084534],
        "cov": [[17747.2421875, -1347.49780273, -2726.71972656, 837.267700195, 65.5897293091, 743.798400879, -68.9823913574, 120.82434082, -289.015563965, 256.836761475, -140.130157471, 116.526405334, -31.7029590607], [-1347.49780273, 1644.74060059, 83.7775268555, -561.495300293, -40.3548049927, -219.97026062, -72.2047271729, -64.55027771, 112.608093262, -60.9458770752, 55.125202179, 10.8518543243, 46.9658317566], [-2726.71972656, 83.7775268555, 1839.83642578, 366.023681641, -35.7642784119, 2.4421210289, -4.98860359192, -21.3210048676, -128.592941284, 2.55525279045, 14.085272789, -33.4955101013, -86.2295608521], [837.267700195, -561.495300293, 366.023681641, 782.143310547, 156.076965332, 179.793609619, 33.3794631958, 38.8560676575, -108.480026245, 55.9042358398, -26.7031211853, -16.9398517609, -65.5682373047], [65.5897293091, -40.3548049927, -35.7642784119, 156.076965332, 298.347198486, 111.809638977, 45.4087409973, 4.59900712967, 24.0029468536, 13.0859870911, 12.5917739868, 1.78638315201, -16.3817176819], [743.798400879, -219.97026062, 2.4421210289, 179.793609619, 111.809638977, 260.428344727, 70.849029541, 35.4408721924, -44.1218109131, 39.4166755676, -3.42305493355, 9.76649475098, -20.4928016663], [-68.9823913574, -72.2047271729, -4.98860359192, 33.3794631958, 45.4087409973, 70.849029541, 182.691970825, 63.6264343262, 48.558921814, 7.39056348801, -10.5224294662, -30.7833461761, 4.88073921204], [120.82434082, -64.55027771, -21.3210048676, 38.8560676575, 4.59900712967, 35.4408721924, 63.6264343262, 165.630264282, 76.1175308228, -3.48215818405, -27.8089199066, -26.6886062622, -10.3197011948], [-289.015563965, 112.608093262, -128.592941284, -108.480026245, 24.0029468536, -44.1218109131, 48.558921814, 76.1175308228, 176.707351685, 21.9834194183, -5.66766548157, -36.4463844299, 2.60147738457], [256.836761475, -60.9458770752, 2.55525279045, 55.9042358398, 13.0859870911, 39.4166755676, 7.39056348801, -3.48215818405, 21.9834194183, 122.202522278, 47.337436676, 12.9277524948, -17.7455692291], [-140.130157471, 55.125202179, 14.085272789, -26.7031211853, 12.5917739868, -3.42305493355, -10.5224294662, -27.8089199066, -5.66766548157, 47.337436676, 112.565620422, 69.5246734619, 9.99444484711], [116.526405334, 10.8518543243, -33.4955101013, -16.9398517609, 1.78638315201, 9.76649475098, -30.7833461761, -26.6886062622, -36.4463844299, 12.9277524948, 69.5246734619, 135.083114624, 56.6421012878], [-31.7029590607, 46.9658317566, -86.2295608521, -65.5682373047, -16.3817176819, -20.4928016663, 4.88073921204, -10.3197011948, 2.60147738457, -17.7455692291, 9.99444484711, 56.6421012878, 105.439857483]],
        "icov": [[0.000117132956802, -3.56173732143e-05, 0.000227706856094, -0.000170090410393, 0.000148716120748, -0.00023554249492, 9.93082430796e-05, -0.000105838444142, 0.000227047305088, -0.000246024661465, 0.000234503124375, -0.000119391923363, 8.88046561158e-05], [-3.56173732143e-05, 0.000959112890996, -0.000280705309706, 0.000725375546608, -0.00041401348426, 0.000330983282765, 0.000254996324657, 0.000195884465938, -0.000453575252322, 0.000366522202967, -0.000480465299916, 0.000233907732763, -0.00021627228125], [0.000227706856094, -0.000280705309706, 0.00115195277613, -0.00081953877816, 0.000563244509976, -0.000278204301139, -3.07571244775e-05, -0.000243205504376, 0.000878548016772, -0.000363446772099, 0.000142279925058, -7.94056904851e-05, 0.000583326385822], [-0.000170090410393, 0.000725375546608, -0.00081953877816, 0.00298886722885, -0.00171795161441, 0.000313923985232, 2.46899835474e-05, -0.000955736555625, 0.00140261405613, -0.00106113788206, 0.000600627157837, 0.000187988713151, 0.000142474033055], [0.000148716120748, -0.00041401348426, 0.000563244509976, -0.00171795161441, 0.00549618015066, -0.00276514166035, -0.00020935475186, 0.00177404563874, -0.00261357449926, 0.00163785379846, -0.00100588065106, -0.00041099745431, 0.00077752454672], [-0.00023554249492, 0.000330983282765, -0.000278204301139, 0.000313923985232, -0.00276514166035, 0.00782543141395, -0.00266178557649, -0.0018889385974, 0.00334048597142, -0.00249574589543, 0.00144426710904, -0.00132147478871, 0.000849631091114], [9.93082430796e-05, 0.000254996324657, -3.07571244775e-05, 2.46899835474e-05, -0.00020935475186, -0.00266178557649, 0.00819496344775, -0.00176589377224, -0.00157752702944, 0.000474042346468, -0.00166222860571, 0.00306312227622, -0.00256479508244], [-0.000105838444142, 0.000195884465938, -0.000243205504376, -0.000955736555625, 0.00177404563874, -0.0018889385974, -0.00176589377224, 0.0104487454519, -0.00640621641651, 0.00268529891036, 0.00104700145312, -0.00143295503221, 0.00138112390414], [0.000227047305088, -0.000453575252322, 0.000878548016772, 0.00140261405613, -0.00261357449926, 0.00334048597142, -0.00157752702944, -0.00640621641651, 0.0134638724849, -0.00544832414016, 0.00085043895524, 0.00261518359184, -0.00118441018276], [-0.000246024661465, 0.000366522202967, -0.000363446772099, -0.00106113788206, 0.00163785379846, -0.00249574589543, 0.000474042346468, 0.00268529891036, -0.00544832414016, 0.0138870449737, -0.00712018925697, 0.0010321540758, 0.0014080015244], [0.000234503124375, -0.000480465299916, 0.000142279925058, 0.000600627157837, -0.00100588065106, 0.00144426710904, -0.00166222860571, 0.00104700145312, 0.00085043895524, -0.00712018925697, 0.0192524436861, -0.0109581332654, 0.00392069341615], [-0.000119391923363, 0.000233907732763, -7.94056904851e-05, 0.000187988713151, -0.00041099745431, -0.00132147478871, 0.00306312227622, -0.00143295503221, 0.00261518359184, 0.0010321540758, -0.0109581332654, 0.0181504078209, -0.00929332803935], [8.88046561158e-05, -0.00021627228125, 0.000583326385822, 0.000142474033055, 0.00077752454672, 0.000849631091114, -0.00256479508244, 0.00138112390414, -0.00118441018276, 0.0014080015244, 0.00392069341615, -0.00929332803935, 0.0155995031819]]
    },
    "melbands": {
        "mean": [0.000385762541555, 0.00101805164013, 0.000155759218615, 0.000106688596134, 0.000125444959849, 0.000121048018627, 0.000119986762002, 9.7670352261e-05, 0.000139416457387, 0.000121790042613, 0.000104369275505, 0.000145604426507, 5.52609926672e-05, 4.64823824586e-05, 6.81568417349e-05, 6.56197953504e-05, 4.89400808874e-05, 4.48760292784e-05, 2.63360780082e-05, 3.55534612027e-05, 3.77325668524e-05, 3.13409145747e-05, 1.87215737242e-05, 1.33950816235e-05, 7.00058626535e-06, 7.51666857468e-06, 6.49773892292e-06, 7.90167814557e-06, 7.39744245948e-06, 8.80459629116e-06, 3.40363067153e-06, 2.4534883778e-06, 1.57527108513e-06, 1.22048959383e-06, 1.42824035265e-06, 1.34600907131e-06, 1.05711353626e-06, 7.39192159926e-07, 5.10283712174e-07, 3.83001264481e-07],
        "stdev": [0.000621486862656, 0.00211891112849, 0.000243511676672, 0.000264996633632, 0.000228250937653, 0.000250539567787, 0.000236734369537, 0.000270415504929, 0.000473594642244, 0.00049196719192, 0.000372606387828, 0.000610321294516, 0.000226439922699, 0.000192823878024, 0.000272631761618, 0.000230652891332, 0.000227169613936, 0.000182332267286, 0.000118678348372, 0.000129163308884, 0.000128873813082, 0.000101553203422, 6.62370293867e-05, 7.927542174e-05, 3.12064257741e-05, 2.84491507045e-05, 2.42571022682e-05, 2.96026446449e-05, 3.6336517951e-05, 4.38269526057e-05, 1.44077848745e-05, 9.09220125322e-06, 5.03548926645e-06, 4.74082344226e-06, 7.0362398219e-06, 4.93266998092e-06, 3.57874182555e-06, 1.7004106212e-06, 1.1447742736e-06, 9.18174350772e-07]
    },
    "melbands128": {
        "mean": [3.86254214391e-06, 9.16827339097e-05, 0.000415574351791, 0.00117654830683, 0.00134356960189, 0.000567749957554, 0.000136838003527, 8.62763408804e-05, 7.90256744949e-05, 0.000108260144771, 0.000126020342577, 0.000119783224363, 0.000128908199258, 0.000117195180792, 0.00014408880088, 9.86322847893e-05, 0.00010320313595, 0.000137046488817, 0.000122140205349, 8.8190776296e-05, 6.56036718283e-05, 0.00015216540487, 0.000156634458108, 8.98467187653e-05, 0.000168806873262, 0.000118520962133, 5.17768639838e-05, 0.000130574437208, 8.99608348846e-05, 0.000197489498532, 0.000153030952788, 6.5190877649e-05, 4.74907174066e-05, 5.51347802684e-05, 3.6091045331e-05, 4.18936215283e-05, 7.07806830178e-05, 4.9106325605e-05, 9.6373463748e-05, 7.1619549999e-05, 7.62727868278e-05, 3.29310532834e-05, 2.68337407761e-05, 8.1969628809e-05, 5.16325890203e-05, 3.51597409463e-05, 4.07363986596e-05, 1.83372394531e-05, 2.33099563047e-05, 3.4203469113e-05, 3.56999444193e-05, 4.09227977798e-05, 3.51326016244e-05, 3.43538922607e-05, 4.82721807202e-05, 2.8904136343e-05, 1.87574369193e-05, 2.55141094385e-05, 1.49286097439e-05, 1.46070478877e-05, 1.75641634996e-05, 8.28395877761e-06, 6.3346819843e-06, 7.13835788702e-06, 6.99205656929e-06, 7.62866693549e-06, 8.89465172804e-06, 4.64906634079e-06, 4.73786849398e-06, 1.05929557321e-05, 7.79965284892e-06, 7.50400067773e-06, 6.63261789668e-06, 7.38104199627e-06, 6.80240191286e-06, 1.34991587402e-05, 6.87458259563e-06, 3.62685250366e-06, 3.32523109137e-06, 2.68568010142e-06, 2.66711504082e-06, 2.41066754825e-06, 1.64959385529e-06, 1.45424212405e-06, 1.52628228989e-06, 1.46209492868e-06, 1.02959052128e-06, 9.76992851065e-07, 1.62279206961e-06, 1.62233357059e-06, 1.19762466966e-06, 1.21372409012e-06, 1.70160819835e-06, 9.90331727735e-07, 7.63856235153e-07, 7.77243144512e-07, 7.52273706439e-07, 6.58911915252e-07, 5.08689311118e-07, 4.52942060747e-07, 3.94997641706e-07, 3.77788126116e-07, 3.63578465112e-07, 3.22179431578e-07, 3.31513348328e-07, 3.48063053934e-07, 3.57467769163e-07, 2.62274085117e-07, 2.36759547079e-07, 2.85450994397e-07, 3.09962501888e-07, 2.44544992256e-07, 2.07586438705e-07, 1.74550663701e-07, 1.84752266819e-07, 1.40357869327e-07, 9.62919202152e-08, 5.93112154945e-08, 5.34754818204e-08, 3.48892008617e-08, 2.64947352946e-08, 1.83257977682e-08, 6.04585759234e-09, 1.0638699921e-09, 8.87702203412e-11, 3.4310321511e-12, 1.8976302734e-12, 1.88207479115e-12],
        "stdev": [8.49369007483e-06, 0.000197708388441, 0.000703556928784, 0.00237785582431, 0.00304407812655, 0.00113994174171, 0.000240132503677, 0.00022568879649, 0.000233724058489, 0.00038046494592, 0.000413302914239, 0.000312467833282, 0.000322539563058, 0.000276687613223, 0.000416762864916, 0.00025527793332, 0.000317044119583, 0.000357332697604, 0.000365568994312, 0.000417000701418, 0.000294329191092, 0.000615581520833, 0.00073833350325, 0.000472271378385, 0.00093248806661, 0.000652749207802, 0.000280649139313, 0.000668061897159, 0.000382555299439, 0.00101604149677, 0.000723859702703, 0.000414479291067, 0.000298598024528, 0.000358187127858, 0.000293852121104, 0.000254581507761, 0.00037870844244, 0.000353768497007, 0.000519210589118, 0.000285287533188, 0.000438685645349, 0.000188689533388, 0.000180648581591, 0.000519850989804, 0.000408092950238, 0.000178981848876, 0.000256380299106, 0.000197488523554, 0.00012815912487, 0.000158094029757, 0.000205142277991, 0.000234247738263, 0.000198106776224, 0.000182650590432, 0.000195961110876, 0.000160496478202, 0.000130293658003, 0.00013832616969, 7.00090895407e-05, 7.62462805142e-05, 0.000159918316058, 5.70536030864e-05, 4.18732161052e-05, 4.9086753279e-05, 4.39434224973e-05, 4.27120794484e-05, 4.61857525806e-05, 2.66013885266e-05, 3.61424354196e-05, 6.01635656494e-05, 3.97615040129e-05, 4.89980848215e-05, 4.90647471452e-05, 6.44647734589e-05, 4.44040633738e-05, 0.000100153862149, 4.1435687308e-05, 2.22532071348e-05, 2.2736057872e-05, 1.51691638166e-05, 1.46503534779e-05, 1.273426642e-05, 8.60984800966e-06, 6.64723984301e-06, 6.6271813921e-06, 8.4263192548e-06, 6.65356719765e-06, 6.11054701949e-06, 1.09475195131e-05, 9.37694403547e-06, 7.15121450412e-06, 5.25830682818e-06, 1.09913871711e-05, 3.99852115152e-06, 2.3982508992e-06, 2.25652365771e-06, 2.1219905193e-06, 1.67694565789e-06, 1.35649031563e-06, 1.2302500636e-06, 1.10166445211e-06, 1.3359398281e-06, 1.03357376702e-06, 8.28480779091e-07, 9.20473269161e-07, 1.19688309042e-06, 1.34747165248e-06, 6.50590607165e-07, 6.27428221378e-07, 6.7926310976e-07, 8.0017326809e-07, 7.06055402588e-07, 7.41439578178e-07, 8.62613433128e-07, 6.87512567765e-07, 4.98746203448e-07, 4.59042524881e-07, 3.483747264e-07, 3.33893751758e-07, 2.55477999644e-07, 2.03908626872e-07, 1.42022642535e-07, 5.61436159785e-08, 2.40191351253e-08, 5.09121855785e-09, 1.58100421643e-10, 3.91323952409e-12, 3.88671863791e-12]
    },
    "mfcc": {
        "mean": [-724.409057617, 98.185836792, 12.9613218307, 21.8595657349, 7.91127729416, 6.90681171417, 0.160821974277, 0.700578927994, 2.899715662, 4.42454957962, -0.862918317318, 6.58303308487, -0.339859575033],
        "cov": [[11694.0449219, -1097.11828613, -1956.76074219, 139.17930603, 41.2220535278, 469.140136719, 254.945205688, 81.3662414551, 129.960235596, -4.62059783936, -116.697235107, 264.062194824, -29.5784893036], [-1097.11828613, 1567.21911621, 103.534767151, -309.386932373, -24.235332489, -142.935638428, -159.762252808, -70.3879470825, -56.5891876221, -93.82762146, -11.258275032, -21.004360199, 69.6905517578], [-1956.76074219, 103.534767151, 1286.07556152, 250.468978882, 78.0457992554, 17.0741119385, 130.938522339, 2.81982040405, -57.3263969421, 35.7639884949, 51.2411308289, -68.2245941162, -53.502166748], [139.17930603, -309.386932373, 250.468978882, 420.479705811, 132.96105957, 98.0182113647, 103.705619812, 36.9867897034, 21.0230026245, 31.4415855408, 34.0921401978, 18.1176834106, -20.9674682617], [41.2220535278, -24.235332489, 78.0457992554, 132.96105957, 241.279953003, 88.6508255005, 58.8458175659, 46.6842689514, -3.3208398819, -2.93454670906, 21.270866394, 9.65403938293, 12.1731424332], [469.140136719, -142.935638428, 17.0741119385, 98.0182113647, 88.6508255005, 221.584960938, 126.774436951, 19.2782669067, 6.2248044014, 3.80160927773, 6.45557641983, 26.8407936096, -1.64437818527], [254.945205688, -159.762252808, 130.938522339, 103.705619812, 58.8458175659, 126.774436951, 192.97833252, 55.3069381714, 0.429729223251, 13.493973732, 10.2993297577, -1.33802902699, -14.4593763351], [81.3662414551, -70.3879470825, 2.81982040405, 36.9867897034, 46.6842689514, 19.2782669067, 55.3069381714, 133.386245728, 62.7520141602, 30.2141132355, 9.28004074097, -21.8633842468, -8.34355163574], [129.960235596, -56.5891876221, -57.3263969421, 21.0230026245, -3.3208398819, 6.2248044014, 0.429729223251, 62.7520141602, 148.817565918, 95.9213638306, 14.642493248, -1.77429366112, -10.9122257233], [-4.62059783936, -93.82762146, 35.7639884949, 31.4415855408, -2.93454670906, 3.80160927773, 13.493973732, 30.2141132355, 95.9213638306, 171.77394104, 67.079536438, -1.70267474651, -34.4022026062], [-116.697235107, -11.258275032, 51.2411308289, 34.0921401978, 21.270866394, 6.45557641983, 10.2993297577, 9.28004074097, 14.642493248, 67.079536438, 129.225311279, 56.313495636, -11.8491363525], [264.062194824, -21.004360199, -68.2245941162, 18.1176834106, 9.65403938293, 26.8407936096, -1.33802902699, -21.8633842468, -1.77429366112, -1.70267474651, 56.313495636, 153.260177612, 75.1526641846], [-29.5784893036, 69.6905517578, -53.502166748, -20.9674682617, 12.1731424332, -1.64437818527, -14.4593763351, -8.34355163574, -10.9122257233, -34.4022026062, -11.8491363525, 75.1526641846, 165.477630615]],
        "icov": [[0.000152171385707, 1.66400186572e-05, 0.000257242063526, -0.00011038537923, 3.78664408345e-05, -0.000144016899867, -0.000204767551622, -3.2302501495e-05, 5.8184399677e-05, -0.000102520134533, 0.000298328144709, -0.000334590178682, 0.000221480266191], [1.66400186572e-05, 0.000914878270123, -0.000229679018958, 0.000760968425311, -0.000415185495513, 0.000129542939248, 0.000380665616831, 0.000346640968928, -0.000428146217018, 0.000664504012093, -0.00046637194464, 0.00029993467615, -0.000337290402967], [0.000257242063526, -0.000229679018958, 0.00156026927289, -0.000974540947936, 0.000108438456664, 0.000261557259364, -0.00128389184829, 0.000247612450039, 0.000708567502443, -0.000586243113503, 9.91450287984e-05, 0.00012853059161, 0.000292187731247], [-0.00011038537923, 0.000760968425311, -0.000974540947936, 0.00430619204417, -0.00190633290913, -7.05127531546e-05, -0.000414729845943, 0.000564974790905, -0.00123279367108, 0.000647375127301, -0.000490460486617, -0.000367443193682, 0.00020716538711], [3.78664408345e-05, -0.000415185495513, 0.000108438456664, -0.00190633290913, 0.00640637474135, -0.00249632098712, 0.000983034726232, -0.00262079201639, 0.00151959655341, -3.10451177938e-05, -0.000809451332316, 0.000508281576913, -0.000762241077609], [-0.000144016899867, 0.000129542939248, 0.000261557259364, -7.05127531546e-05, -0.00249632098712, 0.00925232376903, -0.00595074798912, 0.00263211410493, -0.00167909974698, 0.000630705850199, 0.000432704167906, -0.00114306912292, 0.000454163906397], [-0.000204767551622, 0.000380665616831, -0.00128389184829, -0.000414729845943, 0.000983034726232, -0.00595074798912, 0.0119810150936, -0.00508602475747, 0.00292541529052, -0.00104275695048, 6.51685841149e-05, 0.000324529450154, -0.000172163141542], [-3.2302501495e-05, 0.000346640968928, 0.000247612450039, 0.000564974790905, -0.00262079201639, 0.00263211410493, -0.00508602475747, 0.0136492317542, -0.00740046752617, 0.00293701840565, -0.00270931143314, 0.00322150532156, -0.00107185950037], [5.8184399677e-05, -0.000428146217018, 0.000708567502443, -0.00123279367108, 0.00151959655341, -0.00167909974698, 0.00292541529052, -0.00740046752617, 0.0158894099295, -0.00953443255275, 0.00436559133232, -0.00226348056458, 0.000423819787102], [-0.000102520134533, 0.000664504012093, -0.000586243113503, 0.000647375127301, -3.10451177938e-05, 0.000630705850199, -0.00104275695048, 0.00293701840565, -0.00953443255275, 0.0141094569117, -0.0077325371094, 0.00312289758585, -7.58019768909e-06], [0.000298328144709, -0.00046637194464, 9.91450287984e-05, -0.000490460486617, -0.000809451332316, 0.000432704167906, 6.51685841149e-05, -0.00270931143314, 0.00436559133232, -0.0077325371094, 0.0160619262606, -0.00876794289798, 0.00396503694355], [-0.000334590178682, 0.00029993467615, 0.00012853059161, -0.000367443193682, 0.000508281576913, -0.00114306912292, 0.000324529450154, 0.00322150532156, -0.00226348056458, 0.00312289758585, -0.00876794289798, 0.0143967494369, -0.00671531492844], [0.000221480266191, -0.000337290402967, 0.000292187731247, 0.00020716538711, -0.000762241077609, 0.000454163906397, -0.000172163141542, -0.00107185950037, 0.000423819787102, -7.58019768909e-06, 0.00396503694355, -0.00671531492844, 0.00969706103206]]
    },
    "spectral_contrast_coeffs": {
        "mean": [-0.727891385555, -0.710475981236, -0.718154489994, -0.749687075615, -0.77308434248, -0.78996193409],
        "stdev": [0.0798310115933, 0.106759630144, 0.111901469529, 0.0970119610429, 0.0765095949173, 0.0506849139929]
    },
    "spectral_contrast_valleys": {
        "mean": [-7.79157352448, -8.04636764526, -8.95841884613, -9.00506877899, -8.78994274139, -10.7415428162],
        "stdev": [1.71055698395, 1.67281198502, 1.69246160984, 1.71794569492, 1.78023850918, 1.67663657665]
    }
},
"rhythm": {
    "beats_count": 1655,
    "beats_loudness": {
        "mean": 0.0175694655627,
        "stdev": 0.0163888651878
    },
    "bpm": 139.674743652,
    "bpm_histogram_first_peak_bpm": 140,
    "bpm_histogram_first_peak_weight": 0.599271416664,
    "bpm_histogram_second_peak_bpm": 133,
    "bpm_histogram_second_peak_spread": 0.439849615097,
    "bpm_histogram_second_peak_weight": 0.0900846421719,
    "danceability": 1.07815396786,
    "onset_rate": 4.32038116455,
    "beats_loudness_band_ratio": {
        "mean": [0.377459168434, 0.144113853574, 0.192523449659, 0.147945091128, 0.089162543416, 0.0792963504791],
        "stdev": [0.309200823307, 0.173253163695, 0.225592628121, 0.183143973351, 0.127426430583, 0.0972530096769]
    },
