{
"metadata": {
    "version": {
        "essentia": "2.1-dev",
        "essentia_git_sha": "v2.1_beta3-415-gd5473f3",
        "extractor": "music 2.0"
    },
    "audio_properties": {
        "analysis": {
            "equal_loudness": 0,
            "length": 132.571426392,
            "sample_rate": 44100,
            "start_time": 0,
            "downmix": "mix"
        },
        "bit_rate": 192000,
        "length": 132.571426392,
        "lossless": 0,
        "number_channels": 2,
        "replay_gain": 0.0116786956787,
        "sample_rate": 44100,
        "codec": "mp3",
        "md5_encoded": "a4c48abdce10e854b8954ea0ee705157"
    },
    "tags": {
        "file_name": "beethoven-claro_de_luna_allegro.mp3",
        "date": ["2004"],
        "engineer": ["rosamerica tamyo"]
    }
},
"lowlevel": {
    "average_loudness": 0.124629415572,
    "barkbands_crest": {
        "mean": 15.6352300644,
        "stdev": 4.79614686966
    },
    "barkbands_flatness_db": {
        "mean": 0.386890470982,
        "stdev": 0.0583576634526
    },
    "barkbands_kurtosis": {
        "mean": 9.97718811035,
        "stdev": 16.7698879242
    },
    "barkbands_skewness": {
        "mean": 1.03756606579,
        "stdev": 1.65608143806
    },
    "barkbands_spread": {
        "mean": 2.51418733597,
        "stdev": 1.70984745026
    },
    "dissonance": {
        "mean": 0.343492597342,
        "stdev": 0.0809454470873
    },
    "dynamic_complexity": 6.85345220566,
    "erbbands_crest": {
        "mean": 17.7578239441,
        "stdev": 5.99238538742
    },
    "erbbands_flatness_db": {
        "mean": 0.413100302219,
        "stdev": 0.0618395656347
    },
    "erbbands_kurtosis": {
        "mean": 6.39564800262,
        "stdev": 8.81036567688
    },
    "erbbands_skewness": {
        "mean": 1.20757257938,
        "stdev": 1.09320890903
    },
    "erbbands_spread": {
        "mean": 6.63531255722,
        "stdev": 5.875207901
    },
    "hfc": {
        "mean": 6.88273239136,
        "stdev": 14.0373125076
    },
    "loudness_ebu128": {
        "integrated": -25.1482849121,
        "loudness_range": 10.3855895996,
        "momentary": {
            "mean": -28.9178390503,
            "stdev": 6.08424949646
        },
        "short_term": {
            "mean": -26.9673252106,
            "stdev": 3.64823889732
        }
    },
    "melbands_crest": {
        "mean": 17.2185535431,
        "stdev": 5.5643954277
    },
    "melbands_flatness_db": {
        "mean": 0.485668689013,
        "stdev": 0.0608697757125
    },
    "melbands_kurtosis": {
        "mean": 8.52322864532,
        "stdev": 20.4376354218
    },
    "melbands_skewness": {
        "mean": 0.976087987423,
        "stdev": 1.5037112236
    },
    "melbands_spread": {
        "mean": 4.15997219086,
        "stdev": 3.73074245453
    },
    "pitch_salience": {
        "mean": 0.490077197552,
        "stdev": 0.131538629532
    },
    "silence_rate_20dB": {
        "mean": 0.999824881554,
        "stdev": 0.0132321836427
    },
    "silence_rate_30dB": {
        "mean": 0.9844160676,
        "stdev": 0.123862825334
    },
    "silence_rate_60dB": {
        "mean": 0.375941157341,
        "stdev": 0.484369963408
    },
    "spectral_centroid": {
        "mean": 467.30065918,
        "stdev": 224.132141113
    },
    "spectral_complexity": {
        "mean": 6.07546854019,
        "stdev": 3.8616373539
    },
    "spectral_decrease": {
        "mean": -3.52398954462e-09,
        "stdev": 6.45071729366e-09
    },
    "spectral_energy": {
        "mean": 0.0139245949686,
        "stdev": 0.0255976673216
    },
    "spectral_energyband_high": {
        "mean": 8.61542844177e-07,
        "stdev": 5.45724560652e-06
    },
    "spectral_energyband_low": {
        "mean": 0.000149114406668,
        "stdev": 0.000371317903046
    },
    "spectral_energyband_middle_high": {
        "mean": 0.000855766818859,
        "stdev": 0.00450544059277
    },
    "spectral_energyband_middle_low": {
        "mean": 0.0130087565631,
        "stdev": 0.0238298252225
    },
    "spectral_entropy": {
        "mean": 5.32471704483,
        "stdev": 0.515726327896
    },
    "spectral_flux": {
        "mean": 0.0265619792044,
        "stdev": 0.0301312245429
    },
    "spectral_kurtosis": {
        "mean": 128.005264282,
        "stdev": 63.939289093
    },
    "spectral_rms": {
        "mean": 0.00286440690979,
        "stdev": 0.00231951382011
    },
    "spectral_rolloff": {
        "mean": 554.715698242,
        "stdev": 419.645446777
    },
    "spectral_skewness": {
        "mean": 8.39591312408,
        "stdev": 2.74600362778
    },
    "spectral_spread": {
        "mean": 946838.0625,
        "stdev": 961580.6875
    },
    "spectral_strongpeak": {
        "mean": 1.24786531925,
        "stdev": 1.35915470123
    },
    "zerocrossingrate": {
        "mean": 0.0222999434918,
        "stdev": 0.0120767932385
    },
    "barkbands": {
        "mean": [3.33581806444e-06, 1.39702651722e-05, 5.08695411554e-05, 0.000254579470493, 0.00145127857104, 0.00378485373221, 0.00135057093576, 0.00463429745287, 0.00149382825475, 0.000254569778917, 0.000345677224686, 7.51058105379e-05, 6.68523352942e-05, 8.08949989732e-05, 3.44998552464e-05, 1.65441852005e-05, 6.57369855617e-06, 2.74022204394e-06, 2.04049842978e-06, 9.41341909311e-07, 3.74996801611e-07, 1.68946954204e-07, 3.75761999294e-08, 2.62637627202e-08, 3.21133719616e-09, 5.55276713499e-10, 6.34921837328e-10],
        "stdev": [5.29656563231e-06, 4.26478072768e-05, 0.000167657839484, 0.000531797355507, 0.00274865073152, 0.00852045416832, 0.00517628807575, 0.0164563115686, 0.00630069943145, 0.00134416564833, 0.00365667627193, 0.000197811314138, 0.000235218263697, 0.00040469126543, 0.000124136233353, 5.43676069356e-05, 3.50695772795e-05, 1.72872914845e-05, 1.06730058178e-05, 5.65595200896e-06, 2.31396029449e-06, 2.50361881626e-06, 4.22701958769e-07, 4.70356638971e-07, 3.08150909234e-08, 1.15776521703e-09, 1.11282449922e-09]
    },
    "erbbands": {
        "mean": [0.000286607275484, 0.00436277734116, 0.0471468642354, 0.47846865654, 3.00849676132, 4.35049057007, 9.8293466568, 44.1172065735, 25.4002399445, 46.5578231812, 91.6024475098, 24.9450874329, 18.18683815, 13.1780366898, 7.59889888763, 2.86109685898, 3.33164000511, 4.35130929947, 1.86839318275, 1.62330985069, 0.949603557587, 0.383975833654, 0.219124659896, 0.118080146611, 0.0668901205063, 0.0365875475109, 0.0212480034679, 0.0111641986296, 0.00637223431841, 0.00230682594702, 0.00124153390061, 0.000595619552769, 0.000408159510698, 9.21999235288e-05, 2.49294862442e-05, 9.51920446823e-06, 5.25933774043e-06, 1.22166136407e-06, 6.75511546433e-06, 1.56949299708e-05],
        "stdev": [0.000558661064133, 0.012631108053, 0.130814298987, 0.983234643936, 5.70465278625, 9.3298664093, 17.4440765381, 104.535148621, 90.9283294678, 128.1224823, 328.142272949, 91.2366409302, 73.362449646, 126.304534912, 42.4913291931, 6.8178062439, 10.5915670395, 21.8552074432, 6.08386087418, 5.86943387985, 3.11456823349, 1.87228429317, 1.25132608414, 0.557130217552, 0.34736391902, 0.209663391113, 0.125645399094, 0.068649917841, 0.0969032645226, 0.0254120752215, 0.0136748328805, 0.00753740221262, 0.00918999500573, 0.00142943183891, 0.000194987689611, 2.0255725758e-05, 9.21338414628e-06, 2.18150216824e-06, 1.24595626403e-05, 2.89834606519e-05]
    },
    "gfcc": {
        "mean": [-277.370330811, 225.583877563, -112.630699158, -63.5580444336, -54.997844696, -30.2435493469, -42.7058105469, -20.0813064575, -6.23867177963, -11.8180608749, -2.64993405342, -17.2464179993, -0.83203536272],
        "cov": [[9113.69042969, 787.71472168, -2638.41845703, -202.130584717, 744.342102051, -1535.08984375, 104.22088623, -561.070800781, -312.950866699, -259.022277832, -206.92300415, -182.316055298, -70.5816802979], [787.71472168, 558.180236816, 18.9957065582, -171.258117676, 202.715637207, -85.5872344971, -103.808952332, -166.81652832, -121.298530579, -134.102584839, -56.3048973083, -61.6308517456, -18.4979324341], [-2638.41845703, 18.9957065582, 1172.2677002, 53.3332748413, -230.321258545, 473.306091309, -103.877624512, 51.129524231, 27.180305481, 14.20317173, 19.2523117065, 10.249458313, -16.0803031921], [-202.130584717, -171.258117676, 53.3332748413, 565.303344727, 102.785362244, 89.7567825317, 57.1030044556, -33.4116287231, -102.047195435, -3.42602658272, -4.99244785309, 61.1832847595, 20.3479499817], [744.342102051, 202.715637207, -230.321258545, 102.785362244, 328.034362793, -100.581558228, -39.3207702637, -80.9347076416, -107.702133179, -61.918712616, -13.5665063858, -12.5776519775, -13.8698101044], [-1535.08984375, -85.5872344971, 473.306091309, 89.7567825317, -100.581558228, 425.528717041, 13.9631910324, 57.079536438, 33.3782691956, 13.5764780045, -3.5787024498, 38.5100860596, 47.7580947876], [104.22088623, -103.808952332, -103.877624512, 57.1030044556, -39.3207702637, 13.9631910324, 157.091186523, 84.9176025391, 25.6756210327, 32.0303726196, -12.3323869705, -15.4530906677, 1.36044609547], [-561.070800781, -166.81652832, 51.129524231, -33.4116287231, -80.9347076416, 57.079536438, 84.9176025391, 224.91468811, 117.87159729, 59.0571098328, 39.5073814392, -26.1971893311, -43.8619346619], [-312.950866699, -121.298530579, 27.180305481, -102.047195435, -107.702133179, 33.3782691956, 25.6756210327, 117.87159729, 166.190307617, 85.1700820923, 25.0751781464, 0.935099482536, -4.19622755051], [-259.022277832, -134.102584839, 14.20317173, -3.42602658272, -61.918712616, 13.5764780045, 32.0303726196, 59.0571098328, 85.1700820923, 117.305038452, 50.4647827148, 15.4818153381, 11.0315561295], [-206.92300415, -56.3048973083, 19.2523117065, -4.99244785309, -13.5665063858, -3.5787024498, -12.3323869705, 39.5073814392, 25.0751781464, 50.4647827148, 92.1586227417, 37.9865570068, -9.86328220367], [-182.316055298, -61.6308517456, 10.249458313, 61.1832847595, -12.5776519775, 38.5100860596, -15.4530906677, -26.1971893311, 0.935099482536, 15.4818153381, 37.9865570068, 116.646057129, 76.5664367676], [-70.5816802979, -18.4979324341, -16.0803031921, 20.3479499817, -13.8698101044, 47.7580947876, 1.36044609547, -43.8619346619, -4.19622755051, 11.0315561295, -9.86328220367, 76.5664367676, 124.047409058]],
        "icov": [[0.00115500844549, -0.00115279993042, 0.00165642914362, -0.000480263639474, 0.000141202559462, 0.00193923804909, -0.00163758848794, 0.0024452067446, -0.00158192939125, 0.0011495272629, -8.85509580257e-05, 0.000663603597786, 0.000358148507075], [-0.00115279993042, 0.00792549736798, -0.00402233330533, 0.00326600880362, -0.00523023447022, -0.000422908109613, -0.00140411825851, 0.00269861961715, -0.00109046301804, 0.00533850584179, -0.00299537158571, 0.00299037923105, -0.00257918378338], [0.00165642914362, -0.00402233330533, 0.00567635986954, -0.00187379773706, 0.00355085451156, -0.000313382421155, 0.00151342456229, 0.000857084000017, 0.000360836624168, -0.00174330547452, 0.00148324971087, -8.75973855727e-05, 0.00252925185487], [-0.000480263639474, 0.00326600880362, -0.00187379773706, 0.00440741982311, -0.00318854465149, -0.000762965413742, -0.00182691134978, 0.000501943868585, 0.00266619725153, -0.000645248917863, 0.0014350283891, -0.00262751616538, 0.00126611290034], [0.000141202559462, -0.00523023447022, 0.00355085451156, -0.00318854465149, 0.00928700063378, -0.00149900070392, 0.00489688990638, -0.00428053783253, 0.00453485688195, -0.00440783379599, 0.00189146935008, -0.00124493171461, 0.00179617863614], [0.00193923804909, -0.000422908109613, -0.000313382421155, -0.000762965413742, -0.00149900070392, 0.00932186003774, -0.00533005828038, 0.00470143742859, -0.00495002791286, 0.00503134494647, -0.000897540594451, 0.00177918188274, -0.00269522587769], [-0.00163758848794, -0.00140411825851, 0.00151342456229, -0.00182691134978, 0.00489688990638, -0.00533005828038, 0.0180558264256, -0.0133050614968, 0.00970133114606, -0.0106224846095, 0.00779017992318, -0.0021790782921, 0.000288989162073], [0.0024452067446, 0.00269861961715, 0.000857084000017, 0.000501943868585, -0.00428053783253, 0.00470143742859, -0.0133050614968, 0.0225972477347, -0.0161143299192, 0.013296643272, -0.0112382993102, 0.0082676531747, -5.43429196114e-05], [-0.00158192939125, -0.00109046301804, 0.000360836624168, 0.00266619725153, 0.00453485688195, -0.00495002791286, 0.00970133114606, -0.0161143299192, 0.0261447019875, -0.0199223943055, 0.0127260098234, -0.00945922918618, 0.00466181198135], [0.0011495272629, 0.00533850584179, -0.00174330547452, -0.000645248917863, -0.00440783379599, 0.00503134494647, -0.0106224846095, 0.013296643272, -0.0199223943055, 0.0332483388484, -0.0209004264325, 0.0136812143028, -0.010018914938], [-8.85509580257e-05, -0.00299537158571, 0.00148324971087, 0.0014350283891, 0.00189146935008, -0.000897540594451, 0.00779017992318, -0.0112382993102, 0.0127260098234, -0.0209004264325, 0.0324349030852, -0.0202211011201, 0.0133069949225], [0.000663603597786, 0.00299037923105, -8.75973855727e-05, -0.00262751616538, -0.00124493171461, 0.00177918188274, -0.0021790782921, 0.0082676531747, -0.00945922918618, 0.0136812143028, -0.0202211011201, 0.0304651334882, -0.0185824017972], [0.000358148507075, -0.00257918378338, 0.00252925185487, 0.00126611290034, 0.00179617863614, -0.00269522587769, 0.000288989162073, -5.43429196114e-05, 0.00466181198135, -0.010018914938, 0.0133069949225, -0.0185824017972, 0.0227933619171]]
    },
    "melbands": {
        "mean": [3.34244828082e-06, 1.65223282238e-05, 0.000144181991345, 0.000284636102151, 0.000320946564898, 0.000899409584235, 0.000351490016328, 0.000707322440576, 0.000668046995997, 0.000148747407366, 8.98507787497e-05, 5.2109346143e-05, 3.18482052535e-05, 1.07136738734e-05, 6.48357445243e-06, 9.32094462769e-06, 7.51047082304e-06, 2.85310079562e-06, 3.22084929394e-06, 1.2102295841e-06, 1.07111884518e-06, 3.87385171052e-07, 2.18782474803e-07, 1.3739558824e-07, 9.80745085144e-08, 6.36389145825e-08, 4.40294627424e-08, 1.75532210989e-08, 1.32937794106e-08, 1.10672147002e-08, 5.4143187711e-09, 4.45743664201e-09, 1.78305836762e-09, 9.00674645976e-10, 9.26450305361e-10, 2.4863372472e-10, 3.57767232506e-10, 2.36009239929e-10, 2.00858829569e-10, 4.50784375106e-11],
        "stdev": [8.68601819093e-06, 4.86031676701e-05, 0.000250903714914, 0.000556327926461, 0.000585192407016, 0.00208163214847, 0.00119471747894, 0.00221934565343, 0.00238385749981, 0.000548849464394, 0.000375891511794, 0.000472854095278, 0.000274293910479, 3.17498124787e-05, 1.83519641723e-05, 3.84425839002e-05, 3.80888450309e-05, 1.19145543067e-05, 1.29689660753e-05, 4.1401613089e-06, 4.00439148507e-06, 2.05585934054e-06, 1.04546211332e-06, 8.26214829885e-07, 4.93788661515e-07, 4.42733181671e-07, 2.88094298639e-07, 9.51621927925e-08, 8.11955729318e-08, 8.08845541656e-08, 4.43843859443e-08, 7.78636461973e-08, 2.14379927144e-08, 1.02255359735e-08, 1.09735101006e-08, 2.43630671193e-09, 4.55371163e-09, 5.1442676785e-09, 4.94672169893e-09, 5.25985810462e-10]
    },
    "melbands128": {
        "mean": [1.74727779267e-06, 1.75354216481e-06, 3.68525047634e-06, 6.92955472914e-06, 1.37256383823e-05, 2.92367021757e-05, 6.9924230047e-05, 0.000153165616211, 0.000325562112266, 0.000390720990254, 0.000197171291802, 0.000248099648161, 0.000255342543824, 0.000318549282383, 0.00131358089857, 0.000910508737434, 0.000489164085593, 0.000259258551523, 0.000188999329112, 0.000302866392303, 0.00103341031354, 0.00137565052137, 0.000376422773115, 0.000397934374632, 5.58865758649e-05, 0.000114846348879, 0.000207631193916, 3.56618584192e-05, 6.88708241796e-05, 2.70382206509e-05, 6.64788094582e-05, 6.47992055747e-05, 1.32680597744e-05, 2.90153348033e-05, 1.28163646878e-05, 5.52323353986e-06, 3.96536916014e-06, 1.08824297058e-05, 3.64701440958e-06, 6.03062517257e-06, 1.1060406905e-05, 1.35461550599e-05, 6.99358861311e-06, 5.98459200774e-06, 4.25066946264e-06, 2.03787021746e-06, 1.13840326321e-06, 4.98588906339e-06, 3.22292567034e-06, 1.09030611384e-06, 1.19079891192e-06, 1.04786420252e-06, 1.54336692049e-06, 8.90962610356e-07, 3.12707669536e-07, 4.36919521007e-07, 3.52872547182e-07, 2.160292496e-07, 9.27116659e-08, 3.89440344861e-07, 7.10609882049e-08, 6.16991115976e-08, 8.02737787353e-08, 9.14388351703e-08, 1.43721763379e-07, 6.72342963526e-08, 2.59581725004e-08, 1.63625504257e-08, 8.42008418545e-08, 2.78432921164e-08, 1.25386483418e-08, 7.83223441658e-09, 2.07943049446e-08, 9.50336342953e-09, 1.26677859313e-08, 1.59571307279e-08, 8.0608479891e-09, 3.54956086746e-09, 5.59146506873e-09, 5.04872987861e-09, 8.69272476223e-09, 1.9224639658e-09, 1.21631482664e-09, 1.81167947311e-09, 2.46993958619e-09, 5.89754522995e-10, 4.0696615522e-10, 1.13201636953e-09, 1.38096489799e-09, 3.95101701356e-10, 2.16472992309e-10, 8.89726278763e-11, 4.95664398414e-10, 4.8297876809e-10, 2.58210341997e-10, 4.08317234191e-11, 6.19832865589e-11, 8.28537793929e-10, 7.62693588841e-11, 3.2775841069e-11, 3.39672907856e-11, 6.10586858851e-11, 3.95844954038e-11, 3.3325540244e-11, 1.17747435066e-11, 5.78258187861e-12, 5.40023668144e-12, 4.15699983117e-12, 3.75791715454e-12, 3.65703214239e-12, 3.37059525256e-12, 3.25845188505e-12, 3.20915581435e-12, 3.1398182665e-12, 3.06618879592e-12, 3.03228124034e-12, 2.94545898089e-12, 2.85057806353e-12, 2.80736393334e-12, 2.78634342162e-12, 2.7536096233e-12, 2.73266262049e-12, 2.67326612235e-12, 2.61473850384e-12, 2.61682906247e-12, 2.62396766641e-12, 2.61476560889e-12, 2.58478980407e-12],
        "stdev": [2.84500742964e-06, 2.49590812018e-06, 1.21467192002e-05, 2.34848757827e-05, 4.39952927991e-05, 9.87337334664e-05, 0.000196983033675, 0.000315004232107, 0.000654843985103, 0.000922743289266, 0.000601045438088, 0.000586286070757, 0.000488745514303, 0.000754206092097, 0.00350146135315, 0.00225029862486, 0.00218605599366, 0.00129193242174, 0.000775798573159, 0.00107818003744, 0.00341247837059, 0.00599933601916, 0.00195343629457, 0.00264537404291, 0.000218886576477, 0.000435284688137, 0.00113475183025, 0.000138756571687, 0.000471347331768, 0.000143807264976, 0.000895946519449, 0.000871475087479, 7.51674160711e-05, 0.000125881342683, 4.68757316412e-05, 2.1481731892e-05, 1.54781919264e-05, 3.81800673495e-05, 1.10178989416e-05, 2.63523725152e-05, 5.57922867301e-05, 0.000109978820547, 4.60698829556e-05, 2.70917644229e-05, 2.63902475126e-05, 1.01681853266e-05, 4.6626250878e-06, 2.17488213821e-05, 1.36379285323e-05, 5.91074194745e-06, 5.92565220359e-06, 4.52132053397e-06, 7.48099000702e-06, 4.43309136244e-06, 2.79723622043e-06, 2.39304995375e-06, 3.50862546838e-06, 1.35529649015e-06, 5.8719331264e-07, 3.01982231576e-06, 3.78731499495e-07, 3.19888357581e-07, 6.43570388092e-07, 5.06318258431e-07, 1.20930519643e-06, 6.27169470135e-07, 2.3582583708e-07, 1.07945190564e-07, 6.76124784604e-07, 1.89285330521e-07, 9.79553433922e-08, 4.11291836144e-08, 1.7682349096e-07, 8.98743550692e-08, 9.31922627956e-08, 1.79877147843e-07, 5.79594150452e-08, 2.6452344315e-08, 5.0177416e-08, 6.83458409867e-08, 1.77485688369e-07, 3.76555320258e-08, 1.33459270302e-08, 2.65611923567e-08, 2.97529343385e-08, 6.81704470651e-09, 5.2378834603e-09, 1.84657089619e-08, 1.74071530523e-08, 5.61499691187e-09, 1.99450234106e-09, 8.63100868553e-10, 8.19992873602e-09, 7.16998638239e-09, 4.12225276136e-09, 1.62912433543e-10, 8.08187461399e-10, 2.3520424719e-08, 1.31234045853e-09, 1.67853869693e-10, 1.63707755685e-10, 1.08860243042e-09, 4.39720371226e-10, 3.07284031553e-10, 1.64012400883e-10, 5.57527565781e-11, 5.2153465574e-11, 1.62820121968e-11, 7.95528747044e-12, 7.85138360576e-12, 6.67541022459e-12, 6.3727447798e-12, 6.20855840697e-12, 6.05711878224e-12, 5.71886938847e-12, 5.53859302171e-12, 5.36587224306e-12, 5.205739919e-12, 5.0609958932e-12, 4.93486501663e-12, 4.81449949352e-12, 4.71102020241e-12, 4.62073955487e-12, 4.53739953596e-12, 4.4715359887e-12, 4.41775956095e-12, 4.38533671182e-12, 4.35870263493e-12]
    },
    "mfcc": {
        "mean": [-882.687072754, 219.777648926, 20.1380233765, -27.6575927734, -14.6217746735, -17.4046363831, -24.3492965698, -22.1156082153, -12.7831745148, -6.14782047272, -4.72721385956, -3.9188773632, -3.56904482841],
        "cov": [[5655.82519531, 2186.42041016, -2331.67285156, -135.799606323, 302.607940674, -327.76171875, -314.207977295, -270.690338135, -199.524734497, -276.076751709, -357.995117188, -205.123077393, -183.636642456], [2186.42041016, 1280.31994629, -697.859191895, -278.022491455, 153.587371826, -85.579246521, -179.977600098, -158.955871582, -122.476600647, -139.001953125, -172.091262817, -135.548599243, -101.068939209], [-2331.67285156, -697.859191895, 1241.31604004, 56.9500808716, -153.917358398, 185.627227783, 131.227020264, 77.2640304565, 41.028678894, 76.7114486694, 105.598587036, 45.0401802063, 55.7535743713], [-135.799606323, -278.022491455, 56.9500808716, 368.930175781, 96.4513244629, 21.5866756439, 117.626304626, 49.2106170654, -17.2322368622, -28.4294719696, -13.6945762634, 26.5707015991, 23.2957801819], [302.607940674, 153.587371826, -153.917358398, 96.4513244629, 275.311157227, 96.678237915, 27.9088115692, 12.1017885208, -51.7337875366, -86.4807357788, -75.5038452148, -42.4551391602, -9.35813808441], [-327.76171875, -85.579246521, 185.627227783, 21.5866756439, 96.678237915, 204.269332886, 86.463973999, 12.5563631058, 3.38539767265, -44.9100837708, -60.6761398315, -40.3418655396, -10.4583950043], [-314.207977295, -179.977600098, 131.227020264, 117.626304626, 27.9088115692, 86.463973999, 159.826660156, 77.1270904541, 15.5408983231, 5.17909288406, -9.87812328339, -2.22639107704, -1.12107634544], [-270.690338135, -158.955871582, 77.2640304565, 49.2106170654, 12.1017885208, 12.5563631058, 77.1270904541, 122.146774292, 54.607006073, 20.3136291504, 29.8558120728, 11.8999710083, -3.74775242805], [-199.524734497, -122.476600647, 41.028678894, -17.2322368622, -51.7337875366, 3.38539767265, 15.5408983231, 54.607006073, 110.285110474, 75.2711257935, 32.2344322205, 18.4098320007, -3.97039866447], [-276.076751709, -139.001953125, 76.7114486694, -28.4294719696, -86.4807357788, -44.9100837708, 5.17909288406, 20.3136291504, 75.2711257935, 157.872299194, 110.308952332, 35.0058631897, 14.729757309], [-357.995117188, -172.091262817, 105.598587036, -13.6945762634, -75.5038452148, -60.6761398315, -9.87812328339, 29.8558120728, 32.2344322205, 110.308952332, 154.724517822, 79.6788635254, 23.8189983368], [-205.123077393, -135.548599243, 45.0401802063, 26.5707015991, -42.4551391602, -40.3418655396, -2.22639107704, 11.8999710083, 18.4098320007, 35.0058631897, 79.6788635254, 104.755844116, 57.3478927612], [-183.636642456, -101.068939209, 55.7535743713, 23.2957801819, -9.35813808441, -10.4583950043, -1.12107634544, -3.74775242805, -3.97039866447, 14.729757309, 23.8189983368, 57.3478927612, 90.0092163086]],
        "icov": [[0.0168251767755, -0.0232689641416, 0.0246587973088, -0.0242173727602, 0.0254045743495, -0.0245669204742, 0.0236600376666, -0.0229866895825, 0.0212444867939, -0.0167851354927, 0.0142086269334, -0.00866445619613, 0.00376099767163], [-0.0232689641416, 0.0345202982426, -0.0336944498122, 0.0356251038611, -0.0370911546052, 0.0360988751054, -0.0336431562901, 0.0336561724544, -0.0287676807493, 0.0231833793223, -0.0179399047047, 0.0117954956368, -0.00357100483961], [0.0246587973088, -0.0336944498122, 0.0379521176219, -0.0360040403903, 0.0393171980977, -0.0393064878881, 0.0362282805145, -0.0357672050595, 0.0334860943258, -0.0256361700594, 0.0204133428633, -0.0124267973006, 0.0049548977986], [-0.0242173727602, 0.0356251038611, -0.0360040403903, 0.0421374551952, -0.042044904083, 0.0424310974777, -0.0421866886318, 0.0391520708799, -0.033904928714, 0.0277485754341, -0.0206187460572, 0.0124563202262, -0.00486296135932], [0.0254045743495, -0.0370911546052, 0.0393171980977, -0.042044904083, 0.0507185347378, -0.0495861954987, 0.0458132363856, -0.0471673458815, 0.0429597720504, -0.0319018214941, 0.0254343748093, -0.0158363301307, 0.00530280778185], [-0.0245669204742, 0.0360988751054, -0.0393064878881, 0.0424310974777, -0.0495861954987, 0.0604306980968, -0.0550348125398, 0.0547396577895, -0.0515415556729, 0.0420014262199, -0.0308273043483, 0.0239249784499, -0.00899415742606], [0.0236600376666, -0.0336431562901, 0.0362282805145, -0.0421866886318, 0.0458132363856, -0.0550348125398, 0.0666724145412, -0.0628235787153, 0.0575707107782, -0.0504724234343, 0.0433101728559, -0.0300232116133, 0.0140221640468], [-0.0229866895825, 0.0336561724544, -0.0357672050595, 0.0391520708799, -0.0471673458815, 0.0547396577895, -0.0628235787153, 0.0760991498828, -0.0682836696506, 0.0575457848608, -0.0510181374848, 0.0357187390327, -0.0149275176227], [0.0212444867939, -0.0287676807493, 0.0334860943258, -0.033904928714, 0.0429597720504, -0.0515415556729, 0.0575707107782, -0.0682836696506, 0.0824601873755, -0.0680037811399, 0.0595746859908, -0.0443938151002, 0.0227109380066], [-0.0167851354927, 0.0231833793223, -0.0256361700594, 0.0277485754341, -0.0319018214941, 0.0420014262199, -0.0504724234343, 0.0575457848608, -0.0680037811399, 0.0732035636902, -0.0648560002446, 0.0465080700815, -0.0236327014863], [0.0142086269334, -0.0179399047047, 0.0204133428633, -0.0206187460572, 0.0254343748093, -0.0308273043483, 0.0433101728559, -0.0510181374848, 0.0595746859908, -0.0648560002446, 0.0736989602447, -0.053242623806, 0.0266750510782], [-0.00866445619613, 0.0117954956368, -0.0124267973006, 0.0124563202262, -0.0158363301307, 0.0239249784499, -0.0300232116133, 0.0357187390327, -0.0443938151002, 0.0465080700815, -0.053242623806, 0.0570581182837, -0.0295454226434], [0.00376099767163, -0.00357100483961, 0.0049548977986, -0.00486296135932, 0.00530280778185, -0.00899415742606, 0.0140221640468, -0.0149275176227, 0.0227109380066, -0.0236327014863, 0.0266750510782, -0.0295454226434, 0.0286568198353]]
    },
    "spectral_contrast_coeffs": {
        "mean": [-0.614700376987, -0.653250217438, -0.724628806114, -0.753623008728, -0.799820065498, -0.869633793831],
        "stdev": [0.100649565458, 0.0956475585699, 0.079948194325, 0.0619670338929, 0.0662142187357, 0.0465324260294]
    },
    "spectral_contrast_valleys": {
        "mean": [-8.75279140472, -7.49133205414, -9.1170873642, -10.3561420441, -12.0770578384, -14.4457273483],
        "stdev": [0.972039103508, 1.01985323429, 1.09354925156, 1.20038568974, 0.958440542221, 0.552173495293]
    }
},
"rhythm": {
    "beats_count": 225,
    "beats_loudness": {
        "mean": 0.0233697593212,
        "stdev": 0.040978513658
    },
    "bpm": 101.270767212,
    "bpm_histogram_first_peak_bpm": 101,
    "bpm_histogram_first_peak_weight": 0.733766198158,
    "bpm_histogram_second_peak_bpm": 96,
    "bpm_histogram_second_peak_spread": 0.320000052452,
    "bpm_histogram_second_peak_weight": 0.0758928582072,
    "danceability": 0.951606154442,
    "onset_rate": 2.39090204239,
    "beats_loudness_band_ratio": {
        "mean": [0.0863157734275, 0.405503898859, 0.52177721262, 0.0493102446198, 0.00386928697117, 0.000100730947452],
        "stdev": [0.115979872644, 0.275599241257, 0.311775714159, 0.0857615321875, 0.00475111138076, 0.000208150959224]
    },
    "beats_position": [0.603718817234, 1.21904754639, 1.82276642323, 2.42648530006, 2.99537420273, 3.5758728981, 4.15637159348, 4.73687076569, 5.30575942993, 5.89786815643, 6.45514726639, 7.03564596176, 7.60453510284, 8.17342376709, 8.73070240021, 9.29959201813, 9.84526062012, 10.4025392532, 10.95981884, 11.5170974731, 12.0743761063, 12.6316547394, 13.1889343262, 13.7810430527, 14.3847618103, 14.9768705368, 15.5689792633, 16.1610889435, 16.7531967163, 17.3569164276, 17.9374141693, 18.5063037872, 19.0519733429, 19.5976409912, 20.154920578, 20.7121982574, 21.2694778442, 21.826757431, 22.4072551727, 22.9993648529, 23.5682544708, 24.1487522125, 24.7292518616, 25.2981395721, 25.8786392212, 26.4591369629, 27.0280265808, 27.6085262299, 28.1890239716, 28.7463035583, 29.3268013, 29.9189109802, 30.5110206604, 31.1031284332, 31.7184581757, 32.3337860107, 32.9491157532, 33.5760536194, 34.1797714233, 34.7951011658, 35.422039032, 36.0373687744, 36.6526985168, 37.2796363831, 37.9065742493, 38.5567321777, 39.1720619202, 39.7757797241, 40.3911094666, 41.006439209, 41.6101570129, 42.2022666931, 42.7943763733, 43.374874115, 43.9553718567, 44.5358734131, 45.139591217, 45.743309021, 46.347026825, 46.9507484436, 47.5312461853, 48.1233558655, 48.7154655457, 49.2959632874, 49.8764610291, 50.4685707092, 50.9329681396, 51.4089775085, 52.0126991272, 52.6048049927, 53.1969146729, 53.789024353, 54.3811340332, 54.9848518372, 55.5653495789, 56.1342391968, 56.7031288147, 57.2836265564, 57.8757362366, 58.4678459167, 59.0483436584, 59.6288414001, 60.1977310181, 60.7898406982, 61.3819503784, 61.9740562439, 62.5545578003, 63.1234474182, 63.6923332214, 64.2844467163, 64.8765487671, 65.4454421997, 66.0143280029, 66.5948257446, 67.1869354248, 67.7674331665, 68.3827667236, 69.0097045898, 69.6366424561, 70.2519683838, 70.8556900024, 71.4710159302, 72.0747375488, 72.6900634766, 73.3053970337, 73.9207229614, 74.5360565186, 75.1513824463, 75.766708374, 76.3588180542, 76.9625396729, 77.554649353, 78.1351470947, 78.7272567749, 79.3193664551, 79.8998641968, 80.46875, 81.0376434326, 81.6181411743, 82.256690979, 82.8952331543, 83.5221786499, 84.1491165161, 84.7644424438, 85.3797683716, 85.9834899902, 86.598815918, 87.2141494751, 87.8410873413, 88.4680252075, 89.1065750122, 89.7451248169, 90.3720626831, 90.9525604248, 91.5330581665, 92.1135559082, 92.6940536499, 93.274559021, 93.9711532593, 94.6793670654, 95.3411331177, 96.0028991699, 96.6646728516, 97.3264389038, 97.9882049561, 98.6151428223, 99.253692627, 99.8690261841, 100.49596405, 101.111289978, 101.738227844, 102.353561401, 102.957275391, 103.560997009, 104.153106689, 104.74521637, 105.348930359, 105.929428101, 106.509933472, 107.102035522, 107.705757141, 108.30947876, 108.924804688, 109.540130615, 110.201904297, 110.840454102, 111.479003906, 112.105941772, 112.732879639, 113.348205566, 113.963539124, 114.567253113, 115.194190979, 115.797912598, 116.390022278, 116.982131958, 117.597457886, 118.189567566, 118.770065308, 119.338951111, 119.907844543, 120.499954224, 121.092063904, 121.695777893, 122.287887573, 122.879997253, 123.367614746, 123.820404053, 124.273193359, 124.714370728, 125.167160034, 125.619949341, 126.084350586, 126.548751831, 126.989929199, 127.431106567, 127.883895874, 128.336685181, 128.801086426, 129.288711548, 129.776321411, 130.263946533, 130.763168335, 131.274017334, 131.784851074],
    "bpm_histogram": [0, 0, 0, 0, 0, 0, 0, 0, 0, 0, 0, 0, 0, 0, 0, 0, 0, 0, 0, 0, 0, 0, 0, 0, 0, 0, 0, 0, 0, 0, 0, 0, 0, 0, 0, 0, 0, 0, 0, 0, 0, 0, 0, 0, 0, 0, 0, 0, 0, 0, 0, 0, 0, 0, 0, 0, 0, 0, 0, 0, 0, 0, 0, 0, 0, 0, 0, 0, 0, 0, 0, 0, 0, 0, 0, 0, 0, 0, 0, 0, 0, 0, 0, 0, 0, 0.00446428591385, 0.00446428591385, 0, 0, 0, 0, 0.0267857145518, 0.00446428591385, 0, 0.03125, 0, 0.0758928582072, 0, 0.138392850757, 0.111607141793, 0, 0.183035716414, 0, 0.165178567171, 0, 0.0892857164145, 0, 0, 0.0580357126892, 0, 0.0133928572759, 0, 0, 0, 0, 0, 0, 0.00892857182771, 0, 0, 0.00446428591385, 0, 0, 0.0178571436554, 0, 0, 0.00446428591385, 0, 0, 0.0178571436554, 0, 0, 0, 0.0267857145518, 0, 0, 0.0133928572759, 0, 0, 0, 0, 0, 0, 0, 0, 0, 0, 0, 0, 0, 0, 0, 0, 0, 0, 0, 0, 0, 0, 0, 0, 0, 0, 0, 0, 0, 0, 0, 0, 0, 0, 0, 0, 0, 0, 0, 0, 0, 0, 0, 0, 0, 0, 0, 0, 0, 0, 0, 0, 0, 0, 0, 0, 0, 0, 0, 0, 0, 0, 0, 0, 0, 0, 0, 0, 0, 0, 0, 0, 0, 0, 0, 0, 0, 0, 0, 0, 0, 0, 0, 0, 0, 0, 0, 0, 0, 0, 0, 0, 0, 0, 0, 0, 0, 0, 0, 0, 0, 0, 0, 0, 0, 0, 0, 0, 0, 0, 0, 0, 0]
},
"tonal": {
    "chords_changes_rate": 0.0581232495606,
    "chords_number_rate": 0.00280112051405,
    "chords_strength": {
        "mean": 0.45855936408,
        "stdev": 0.0775959715247
    },
    "hpcp_crest": {
        "mean": 20.0076732635,
        "stdev": 8.34983730316
    },
    "hpcp_entropy": {
        "mean": 1.25488746166,
        "stdev": 0.667436361313
    },
    "key_edma": {
        "strength": 0.798349499702,
        "key": "C#",
        "scale": "major"
    },
    "key_krumhansl": {
        "strength": 0.809838891029,
        "key": "C#",
        "scale": "major"
    },
    "key_temperley": {
        "strength": 0.822009146214,
        "key": "C#",
        "scale": "major"
    },
    "tuning_diatonic_strength": 0.568326830864,
    "tuning_equal_tempered_deviation": 0.0466404855251,
    "tuning_frequency": 442.03793335,
    "tuning_nontempered_energy_ratio": 0.61807179451,
    "hpcp": {
        "mean": [0.00591727811843, 0.00478993821889, 0.0905615016818, 0.14508678019, 0.0608909763396, 0.0335574895144, 0.048909612, 0.0217161774635, 0.0725753977895, 0.135225638747, 0.0753269270062, 0.186436012387, 0.320716261864, 0.150142028928, 0.0107692498714, 0.0085748527199, 0.0120402360335, 0.128225311637, 0.202206283808, 0.0874202772975, 0.0177059229463, 0.0195445958525, 0.0176125299186, 0.154726296663, 0.225426495075, 0.09137686342, 0.136190354824, 0.207900211215, 0.0866222679615, 0.0181753467768, 0.0222152974457, 0.023166982457, 0.181107893586, 0.264286786318, 0.102968476713, 0.0094108954072],
        "stdev": [0.0281993225217, 0.0270521342754, 0.192042425275, 0.297103583813, 0.127400398254, 0.12168096751, 0.193270295858, 0.0805710628629, 0.156971231103, 0.283507049084, 0.158079832792, 0.231431216002, 0.390687465668, 0.199359610677, 0.0430630706251, 0.0398453585804, 0.0461030192673, 0.206918954849, 0.329774081707, 0.154014363885, 0.0894841104746, 0.115992568433, 0.0719422772527, 0.251235455275, 0.360320806503, 0.156456366181, 0.239766255021, 0.363456755877, 0.166331037879, 0.0712707638741, 0.0804038867354, 0.0718187168241, 0.245321840048, 0.357563585043, 0.17384840548, 0.0422404780984]
    },
    "chords_histogram": [38.9005584717, 8.61344528198, 18.5224094391, 0, 0.945378124714, 0, 0.77030813694, 0, 0.525210082531, 0, 0, 0, 0, 0, 0, 0, 0, 0.105042017996, 0, 3.22128844261, 1.47058820724, 9.48879528046, 8.50840377808, 8.92857170105],
    "thpcp": [1, 0.46814596653, 0.0335787460208, 0.0267365705222, 0.037541706115, 0.399809211493, 0.630483388901, 0.272578239441, 0.055207438767, 0.0609404593706, 0.0549162365496, 0.482439815998, 0.702884495258, 0.284914970398, 0.424644380808, 0.648237228394, 0.270090043545, 0.0566711090505, 0.0692677646875, 0.0722351372242, 0.564698219299, 0.824051737785, 0.321057856083, 0.0293433684856, 0.0184501968324, 0.0149351274595, 0.282372653484, 0.452383607626, 0.189859330654, 0.104632951319, 0.152501195669, 0.067711494863, 0.226291611791, 0.421636372805, 0.234870925546, 0.581311404705],
    "chords_key": "C#",
    "chords_scale": "major"
}
}