{
"metadata": {
    "version": {
        "essentia": "2.1-dev",
        "essentia_git_sha": "v2.1_beta3-415-gd5473f3",
        "extractor": "music 2.0"
    },
    "audio_properties": {
        "analysis": {
            "equal_loudness": 0,
            "length": 79.9869384766,
            "sample_rate": 44100,
            "start_time": 0,
            "downmix": "mix"
        },
        "bit_rate": 192000,
        "length": 79.9869384766,
        "lossless": 0,
        "number_channels": 2,
        "replay_gain": -3.05757904053,
        "sample_rate": 44100,
        "codec": "mp3",
        "md5_encoded": "2366167c925038236bab1d8e78b64028"
    },
    "tags": {
        "file_name": "berlioz-sinfonia_fantastica.mp3",
        "date": ["2004"],
        "engineer": ["rosamerica tamyo"]
    }
},
"lowlevel": {
    "average_loudness": 0.137672200799,
    "barkbands_crest": {
        "mean": 7.84770917892,
        "stdev": 3.57316493988
    },
    "barkbands_flatness_db": {
        "mean": 0.143217995763,
        "stdev": 0.0660077780485
    },
    "barkbands_kurtosis": {
        "mean": 1.3329013586,
        "stdev": 6.83805084229
    },
    "barkbands_skewness": {
        "mean": 0.692157745361,
        "stdev": 0.993780255318
    },
    "barkbands_spread": {
        "mean": 21.0350608826,
        "stdev": 9.02567481995
    },
    "dissonance": {
        "mean": 0.469352811575,
        "stdev": 0.0242483206093
    },
    "dynamic_complexity": 6.82273435593,
    "erbbands_crest": {
        "mean": 8.6985168457,
        "stdev": 3.81424164772
    },
    "erbbands_flatness_db": {
        "mean": 0.201663598418,
        "stdev": 0.0440073087811
    },
    "erbbands_kurtosis": {
        "mean": 0.5130032897,
        "stdev": 1.60250794888
    },
    "erbbands_skewness": {
        "mean": -0.0500139482319,
        "stdev": 0.548397779465
    },
    "erbbands_spread": {
        "mean": 23.782699585,
        "stdev": 8.47557449341
    },
    "hfc": {
        "mean": 17.2692890167,
        "stdev": 24.5462265015
    },
    "loudness_ebu128": {
        "integrated": -19.7300243378,
        "loudness_range": 18.923456192,
        "momentary": {
            "mean": -24.9224319458,
            "stdev": 8.58902454376
        },
        "short_term": {
            "mean": -23.5580043793,
            "stdev": 6.40300893784
        }
    },
    "melbands_crest": {
        "mean": 11.9086961746,
        "stdev": 5.55466175079
    },
    "melbands_flatness_db": {
        "mean": 0.198664173484,
        "stdev": 0.0899391844869
    },
    "melbands_kurtosis": {
        "mean": 4.53085851669,
        "stdev": 12.8779497147
    },
    "melbands_skewness": {
        "mean": 1.44623875618,
        "stdev": 1.26237595081
    },
    "melbands_spread": {
        "mean": 29.4653358459,
        "stdev": 14.767416954
    },
    "pitch_salience": {
        "mean": 0.577160954475,
        "stdev": 0.0998639911413
    },
    "silence_rate_20dB": {
        "mean": 1,
        "stdev": 0
    },
    "silence_rate_30dB": {
        "mean": 0.992164850235,
        "stdev": 0.0881688147783
    },
    "silence_rate_60dB": {
        "mean": 0.251596063375,
        "stdev": 0.433926552534
    },
    "spectral_centroid": {
        "mean": 1369.49560547,
        "stdev": 600.927185059
    },
    "spectral_complexity": {
        "mean": 17.3482303619,
        "stdev": 11.6587629318
    },
    "spectral_decrease": {
        "mean": -3.72217834332e-09,
        "stdev": 4.86688200851e-09
    },
    "spectral_energy": {
        "mean": 0.0156147107482,
        "stdev": 0.0203003119677
    },
    "spectral_energyband_high": {
        "mean": 0.000630953640211,
        "stdev": 0.0015159661416
    },
    "spectral_energyband_low": {
        "mean": 0.00360987009481,
        "stdev": 0.0108980769292
    },
    "spectral_energyband_middle_high": {
        "mean": 0.00681882724166,
        "stdev": 0.00884871091694
    },
    "spectral_energyband_middle_low": {
        "mean": 0.00517080537975,
        "stdev": 0.00663319788873
    },
    "spectral_entropy": {
        "mean": 7.36207580566,
        "stdev": 0.436465650797
    },
    "spectral_flux": {
        "mean": 0.0564986765385,
        "stdev": 0.0368967205286
    },
    "spectral_kurtosis": {
        "mean": 8.04492092133,
        "stdev": 7.69603681564
    },
    "spectral_rms": {
        "mean": 0.00327249802649,
        "stdev": 0.00212711608037
    },
    "spectral_rolloff": {
        "mean": 1551.98095703,
        "stdev": 876.884094238
    },
    "spectral_skewness": {
        "mean": 1.80227553844,
        "stdev": 0.748294532299
    },
    "spectral_spread": {
        "mean": 2941504.75,
        "stdev": 1007070.375
    },
    "spectral_strongpeak": {
        "mean": 1.08456122875,
        "stdev": 1.78161096573
    },
    "zerocrossingrate": {
        "mean": 0.0555634573102,
        "stdev": 0.0275443289429
    },
    "barkbands": {
        "mean": [0.000168899918208, 0.00163146678824, 0.00129853445105, 0.00106199237052, 0.00126749346964, 0.000968969077803, 0.000692863948643, 0.000510755286086, 0.000513297272846, 0.000437294656876, 0.000762169482186, 0.00080430827802, 0.00187859323341, 0.000633489224128, 0.000762862095144, 0.000510093523189, 0.000333031028276, 0.00032053279574, 0.000314246164635, 0.00025236204965, 0.000147835715325, 0.000137971772347, 9.98320465442e-05, 5.17807311553e-05, 3.98079209845e-05, 1.31253491418e-05, 1.12858390366e-06],
        "stdev": [0.000808466866147, 0.00804417487234, 0.0025100724306, 0.00220733485185, 0.00213856669143, 0.00201156805269, 0.00109094881918, 0.000748136546463, 0.000991577864625, 0.000910797971301, 0.00114677008241, 0.00122587743681, 0.00485742744058, 0.00135252706241, 0.00129445362836, 0.00124910136219, 0.000563586188946, 0.000722918251995, 0.000693851790857, 0.000538493855856, 0.000333773408784, 0.00032897721394, 0.000276018603472, 0.000151484462549, 0.000255750142969, 7.13782865205e-05, 9.25655513129e-06]
    },
    "erbbands": {
        "mean": [0.0559875629842, 0.336934477091, 1.40392923355, 2.67960548401, 3.36634802818, 4.53661632538, 6.64927768707, 8.561170578, 8.87301445007, 11.2199077606, 10.6661472321, 12.205701828, 13.1250400543, 22.7091255188, 29.0138320923, 37.2268218994, 69.6471405029, 55.9377632141, 38.1906166077, 31.1431159973, 27.5728702545, 16.2896633148, 21.7391395569, 16.0680885315, 14.5220651627, 10.7845478058, 6.64697122574, 6.51912021637, 5.62356185913, 3.70971441269, 2.80680584908, 1.39614605904, 0.682892203331, 0.488375842571, 0.263740092516, 0.0845823809505, 0.01811776869, 0.0028541428037, 0.000179225753527, 2.44182720053e-05],
        "stdev": [0.406875163317, 1.1554325819, 2.77489852905, 5.18020439148, 5.96516752243, 9.29218482971, 13.6602430344, 21.5114803314, 12.4747037888, 16.7048892975, 15.5476102829, 22.8743953705, 29.6705856323, 34.7213096619, 43.7804031372, 59.0343437195, 152.832138062, 109.344741821, 61.9233055115, 48.1563529968, 56.7109642029, 25.3449668884, 49.7909393311, 35.667678833, 32.2540512085, 27.3670005798, 14.9369316101, 14.7092971802, 14.8866386414, 9.46085071564, 7.76623630524, 3.94865489006, 2.18586015701, 2.52863931656, 2.02425575256, 0.507641613483, 0.103796467185, 0.0189211592078, 0.00157122139353, 4.77278554172e-05]
    },
    "gfcc": {
        "mean": [-85.3640289307, 129.193450928, -153.694534302, 24.2391090393, -48.9725418091, 11.2620973587, -32.1264076233, -4.04354810715, -20.0921840668, -1.38110220432, -8.87324047089, -6.52705192566, -10.2394342422],
        "cov": [[21811.9375, -4561.55712891, -1202.15393066, 1359.85644531, -1099.55749512, 588.328063965, -764.486999512, -65.8328704834, -716.994689941, 223.945983887, -784.429077148, 377.590881348, -731.099121094], [-4561.55712891, 2431.23168945, 250.562042236, -288.16293335, 547.95880127, -306.981262207, 395.546783447, -126.194374084, 278.567138672, -210.912338257, 223.300369263, -255.521682739, 283.427612305], [-1202.15393066, 250.562042236, 678.68157959, 46.3055381775, 162.188156128, 85.2132644653, 69.6059799194, 53.8539505005, 8.98608112335, 0.882064044476, -1.48485684395, -12.4840745926, 14.5019788742], [1359.85644531, -288.16293335, 46.3055381775, 340.573669434, -2.64989614487, 97.2081451416, 24.1193943024, 54.3585014343, -23.2071075439, 8.89325428009, -37.1638565063, 14.9552612305, -41.7682342529], [-1099.55749512, 547.95880127, 162.188156128, -2.64989614487, 256.859832764, -9.80655002594, 140.929367065, 11.8500576019, 73.3238449097, -28.5091724396, 46.282913208, -60.6138076782, 51.0948524475], [588.328063965, -306.981262207, 85.2132644653, 97.2081451416, -9.80655002594, 178.250854492, 9.85684967041, 53.2057189941, -21.6596813202, 43.8937721252, -15.5399913788, 41.6236381531, -43.33360672], [-764.486999512, 395.546783447, 69.6059799194, 24.1193943024, 140.929367065, 9.85684967041, 163.975234985, 34.263759613, 72.8362808228, -23.3733215332, 53.8300704956, -39.4741821289, 44.9448852539], [-65.8328704834, -126.194374084, 53.8539505005, 54.3585014343, 11.8500576019, 53.2057189941, 34.263759613, 109.371490479, 25.6870594025, 43.5050888062, 10.0714054108, 27.3206348419, -10.5486412048], [-716.994689941, 278.567138672, 8.98608112335, -23.2071075439, 73.3238449097, -21.6596813202, 72.8362808228, 25.6870594025, 95.9324569702, 11.198548317, 52.6977386475, -26.5199069977, 37.5248184204], [223.945983887, -210.912338257, 0.882064044476, 8.89325428009, -28.5091724396, 43.8937721252, -23.3733215332, 43.5050888062, 11.198548317, 91.8639907837, 17.4143543243, 43.4127082825, -23.2938632965], [-784.429077148, 223.300369263, -1.48485684395, -37.1638565063, 46.282913208, -15.5399913788, 53.8300704956, 10.0714054108, 52.6977386475, 17.4143543243, 95.928237915, 9.83690166473, 43.6469688416], [377.590881348, -255.521682739, -12.4840745926, 14.9552612305, -60.6138076782, 41.6236381531, -39.4741821289, 27.3206348419, -26.5199069977, 43.4127082825, 9.83690166473, 86.8497619629, -6.47357130051], [-731.099121094, 283.427612305, 14.5019788742, -41.7682342529, 51.0948524475, -43.33360672, 44.9448852539, -10.5486412048, 37.5248184204, -23.2938632965, 43.6469688416, -6.47357130051, 86.8525009155]],
        "icov": [[0.000171661973582, -0.000130148502649, 0.000311185227474, -0.000603758497164, 0.000224940187763, -0.000191411440028, -5.69911353523e-05, 0.000440583302407, 0.000279784813756, -0.000536657113116, 0.00109497108497, -0.000627834233455, 0.000520697329193], [-0.000130148502649, 0.00406173337251, -0.00119521387387, 0.00169035815634, -0.00321241025813, 0.00290725217201, -0.00290873204358, 0.00273801269941, -0.00365337403491, 0.00385217764415, -0.00408506952226, 0.00341436942108, -0.00324066565372], [0.000311185227474, -0.00119521387387, 0.00281555671245, -0.00130461761728, -0.000559620384593, -0.00199919007719, 0.00127587153111, -0.000941592850722, 0.0022555636242, -0.00175823864993, 0.00301620317623, -0.00150284706615, 0.000905600201804], [-0.000603758497164, 0.00169035815634, -0.00130461761728, 0.00640786532313, -0.00163094396703, 0.000118349300465, -0.0019685071893, -0.00189690559637, -0.00135723897256, 0.00359527324326, -0.00363711128011, 0.00287301302887, -0.0018996038707], [0.000224940187763, -0.00321241025813, -0.000559620384593, -0.00163094396703, 0.0122533058748, -0.00201565003954, -0.00429158844054, -0.000351516413502, 0.00190681684762, -0.00442939344794, 0.00388177507557, -6.89937878633e-05, 0.0016819202574], [-0.000191411440028, 0.00290725217201, -0.00199919007719, 0.000118349300465, -0.00201565003954, 0.0122879194096, -0.00578710902482, 0.000941593083553, -0.0006710649468, -3.04209625028e-05, -0.00219635642134, -0.00100876728538, 0.00102828140371], [-5.69911353523e-05, -0.00290873204358, 0.00127587153111, -0.0019685071893, -0.00429158844054, -0.00578710902482, 0.022151010111, -0.00795214343816, -0.00301121314988, 0.00482412660494, -0.00426274491474, 0.00170650542714, -7.43928612792e-05], [0.000440583302407, 0.00273801269941, -0.000941592850722, -0.00189690559637, -0.000351516413502, 0.000941593083553, -0.00795214343816, 0.0204131528735, -0.00753344967961, -0.00402567768469, 0.00402565207332, -0.00506576569751, 0.00106416433118], [0.000279784813756, -0.00365337403491, 0.0022555636242, -0.00135723897256, 0.00190681684762, -0.0006710649468, -0.00301121314988, -0.00753344967961, 0.0311917606741, -0.0125692337751, -0.00268433312885, 0.00716937566176, -0.00252953008749], [-0.000536657113116, 0.00385217764415, -0.00175823864993, 0.00359527324326, -0.00442939344794, -3.04209625028e-05, 0.00482412660494, -0.00402567768469, -0.0125692337751, 0.0286273099482, -0.0115334745497, -0.00342659396119, 0.00318858469836], [0.00109497108497, -0.00408506952226, 0.00301620317623, -0.00363711128011, 0.00388177507557, -0.00219635642134, -0.00426274491474, 0.00402565207332, -0.00268433312885, -0.0115334745497, 0.0319879353046, -0.0137963145971, 0.000573596102186], [-0.000627834233455, 0.00341436942108, -0.00150284706615, 0.00287301302887, -6.89937878633e-05, -0.00100876728538, 0.00170650542714, -0.00506576569751, 0.00716937566176, -0.00342659396119, -0.0137963145971, 0.0309881977737, -0.0115292146802], [0.000520697329193, -0.00324066565372, 0.000905600201804, -0.0018996038707, 0.0016819202574, 0.00102828140371, -7.43928612792e-05, 0.00106416433118, -0.00252953008749, 0.00318858469836, 0.000573596102186, -0.0115292146802, 0.0258992407471]]
    },
    "melbands": {
        "mean": [0.000457028741948, 0.00063304649666, 0.000496654829476, 0.00026767278905, 0.000232177699218, 0.000185439246707, 0.000143347773701, 0.000120783181046, 8.42876906972e-05, 7.87856188253e-05, 6.39337813482e-05, 8.66182672326e-05, 9.31682443479e-05, 8.78674181877e-05, 9.23934348975e-05, 0.000212622035178, 8.8463188149e-05, 5.64388610655e-05, 5.77591526962e-05, 4.14004498452e-05, 2.83433691948e-05, 1.81196937774e-05, 1.60041854542e-05, 1.712825906e-05, 1.30804664877e-05, 9.75732837105e-06, 9.25260883378e-06, 7.08652760295e-06, 4.50404240837e-06, 3.99697319153e-06, 3.53254517904e-06, 3.37864184985e-06, 2.12990585169e-06, 1.94809717868e-06, 1.77793265266e-06, 1.12372185868e-06, 7.16951490176e-07, 4.97767416618e-07, 3.93756721451e-07, 4.22497578256e-07],
        "stdev": [0.00273707997985, 0.00136488024145, 0.000878984399606, 0.000454839813756, 0.000458322756458, 0.000429111096309, 0.000204549811315, 0.000176393339643, 0.000134526111651, 0.00016002607299, 0.000149995015818, 0.00013405973732, 0.00013039370242, 0.000129126143293, 0.000163940319908, 0.000603968452197, 0.000168742059032, 9.75948787527e-05, 0.000102981786767, 9.31828471948e-05, 5.25799114257e-05, 3.18279489875e-05, 2.96840644296e-05, 3.93510017602e-05, 3.31602423103e-05, 2.44231359829e-05, 1.69269260368e-05, 1.97050139832e-05, 1.05261779026e-05, 9.86600025499e-06, 7.81743619882e-06, 9.34255331231e-06, 5.09112123837e-06, 5.34864511792e-06, 5.02856391904e-06, 3.22836808664e-06, 2.0830198082e-06, 1.59518833698e-06, 1.46124193634e-06, 2.44208263211e-06]
    },
    "melbands128": {
        "mean": [0.000113775466161, 0.000497807282954, 0.000507176562678, 0.000556540908292, 0.000724128680304, 0.000593187112827, 0.00055212690495, 0.000510705402121, 0.000322788167978, 0.00021160687902, 0.000270974967862, 0.000247543270234, 0.000245852250373, 0.000171966850758, 0.000215898035094, 0.000176665809704, 0.000110444365419, 0.000144466728671, 0.000196159191546, 0.000104908860521, 0.000130224070745, 7.74578438723e-05, 9.84111320577e-05, 6.2956714828e-05, 5.66208873352e-05, 0.000118498064694, 5.23707676621e-05, 7.30670581106e-05, 4.63147043774e-05, 5.95517522015e-05, 0.00011150912178, 0.00012456899276, 4.41056581622e-05, 0.000144818870467, 6.5640284447e-05, 6.58168646623e-05, 0.000136911985464, 8.94593758858e-05, 7.67004166846e-05, 9.44617277128e-05, 0.000444247096311, 0.000108295360405, 4.29449319199e-05, 0.000118142612337, 3.24088214256e-05, 4.00583012379e-05, 8.77580314409e-05, 6.26756300335e-05, 5.12610495207e-05, 1.66290228663e-05, 4.05991013395e-05, 7.71548948251e-05, 1.56484366016e-05, 1.61839288921e-05, 3.27705674863e-05, 1.42021717693e-05, 1.09554030132e-05, 1.44093619383e-05, 9.25526182982e-06, 3.73121220036e-05, 1.55031666509e-05, 5.8878931668e-06, 1.48885583258e-05, 1.60429499374e-05, 8.79958497535e-06, 5.45290595255e-06, 1.65958463185e-05, 8.9742579803e-06, 9.13733038033e-06, 5.51833045392e-06, 6.19378761257e-06, 9.15042528504e-06, 7.43263399272e-06, 2.38980715039e-06, 2.41432189796e-06, 4.82727591589e-06, 3.84304712497e-06, 4.30103000326e-06, 3.44859131474e-06, 3.26307645082e-06, 2.02478327083e-06, 5.49608148503e-06, 2.05812148124e-06, 1.61418518019e-06, 1.72739146365e-06, 2.85367400465e-06, 1.59831290603e-06, 1.24905625398e-06, 2.47766615757e-06, 1.41869429626e-06, 1.05995263766e-06, 1.16710532438e-06, 1.04557659597e-06, 5.49479977963e-07, 6.73208319313e-07, 6.31795899153e-07, 3.82172146374e-07, 4.41705594767e-07, 3.81098487878e-07, 3.41176303209e-07, 4.79860773339e-07, 3.98913044819e-07, 4.39550092324e-07, 3.46459842149e-07, 3.20524264907e-07, 2.30607369645e-07, 2.06337588793e-07, 1.95203838871e-07, 1.17599185501e-07, 1.34151008524e-07, 6.19242328526e-08, 6.24632079393e-08, 5.35588355888e-08, 4.44606484962e-08, 3.14584234218e-08, 2.1648247639e-08, 2.05087449245e-08, 1.43909728578e-08, 7.46411021879e-09, 4.37578728807e-09, 1.25304711052e-09, 1.46726175654e-09, 5.37179467575e-10, 1.676644934e-10, 6.4880198436e-11, 2.94115391763e-11, 2.30646491489e-12, 2.28231279362e-12],
        "stdev": [0.000788331963122, 0.00400326494128, 0.0030805922579, 0.00161526061129, 0.00155935983639, 0.00113230908755, 0.00119046727195, 0.0010404153727, 0.000665919564199, 0.000420358061092, 0.000680624390952, 0.000555413716938, 0.00056586280698, 0.000475660664961, 0.000704732898157, 0.000428223924246, 0.000228456614423, 0.0002513921645, 0.000408157909987, 0.000174856555532, 0.000277111161267, 0.000119126780191, 0.000193203028175, 0.000200047259568, 9.74563299678e-05, 0.000344235973898, 9.60396500886e-05, 0.000270852033282, 0.000124616242829, 0.000122007324535, 0.000199796559173, 0.000268308009254, 6.0524300352e-05, 0.000315916200634, 0.000115694543638, 0.000128637213493, 0.000297011516523, 0.000240954963374, 0.000184078118764, 0.00017711968394, 0.00148581399117, 0.000341185077559, 8.82992244442e-05, 0.00032934959745, 9.613520524e-05, 9.52048649197e-05, 0.000219317895244, 0.00015154403809, 0.000127590479678, 5.17053777003e-05, 9.57813608693e-05, 0.000260234461166, 3.70092857338e-05, 3.60067315341e-05, 8.04872397566e-05, 3.19181817758e-05, 3.12333286274e-05, 3.80878518627e-05, 1.88304620679e-05, 0.00012154612341, 3.97415533371e-05, 1.47985938383e-05, 3.92852780351e-05, 4.64719450974e-05, 2.77240415016e-05, 1.5398612959e-05, 6.23226806056e-05, 1.99603837245e-05, 2.09296940739e-05, 2.22485577979e-05, 3.06104120682e-05, 2.29030974879e-05, 2.2275664378e-05, 7.22367030903e-06, 7.52522873881e-06, 1.39615103762e-05, 1.18752459457e-05, 1.37306005854e-05, 8.71323481988e-06, 9.44251951296e-06, 6.30162685411e-06, 2.17289980355e-05, 5.44551130588e-06, 5.18779370395e-06, 4.2140259211e-06, 9.10151447897e-06, 5.39641814612e-06, 4.07047991757e-06, 7.58423402658e-06, 4.73559930469e-06, 3.53211385118e-06, 3.74902583644e-06, 3.27064799421e-06, 1.94294739231e-06, 1.99040641746e-06, 2.29335250879e-06, 1.43817476328e-06, 1.60021886586e-06, 1.31554975269e-06, 1.61769276019e-06, 2.3967031666e-06, 2.66365668722e-06, 2.86196268462e-06, 2.83400117951e-06, 3.052997954e-06, 2.02300361707e-06, 1.66337122209e-06, 1.04447190097e-06, 7.53290521516e-07, 7.03007231095e-07, 4.49157482763e-07, 3.75182168e-07, 3.41178520102e-07, 2.37609881992e-07, 2.20729788225e-07, 1.5007772447e-07, 1.41768978779e-07, 1.26547206492e-07, 9.85404398079e-08, 7.44391641661e-08, 1.77609695839e-08, 1.45496139581e-08, 7.55517692852e-09, 4.2935419664e-09, 2.58656007723e-09, 1.22642063172e-09, 4.75203123379e-12, 4.71967256943e-12]
    },
    "mfcc": {
        "mean": [-707.41809082, 143.779602051, -28.542224884, 13.7138900757, 0.854773819447, 11.9589500427, -0.371315181255, -0.0900983437896, -5.69937992096, 0.846510350704, -0.725994348526, 0.533726871014, 0.685011923313],
        "cov": [[18707.0332031, -2537.68457031, -1755.78808594, 671.070800781, -661.40045166, 403.915466309, -476.163726807, -34.294719696, -390.874237061, -127.208526611, -279.900085449, -243.69569397, -376.636291504], [-2537.68457031, 1886.25402832, -61.3836936951, 90.4110336304, 147.891571045, -38.7000808716, 115.606712341, 5.54253911972, 103.841064453, 35.5549545288, 15.2930631638, -26.5478782654, 15.5968170166], [-1755.78808594, -61.3836936951, 713.502624512, -73.8504180908, 166.649505615, 29.3979721069, 96.0234603882, 31.2475967407, 52.3252372742, 6.81740570068, 31.1088905334, 10.2450151443, 10.1649045944], [671.070800781, 90.4110336304, -73.8504180908, 239.569778442, 25.0486736298, 38.565700531, 32.5169334412, 40.9625320435, 22.2687492371, 25.4456119537, -2.984167099, -15.3919115067, -10.8938150406], [-661.40045166, 147.891571045, 166.649505615, 25.0486736298, 143.108016968, 23.4307785034, 60.8823776245, 24.7443027496, 41.3776130676, 22.2848052979, 20.6611213684, 1.37971687317, 6.44981098175], [403.915466309, -38.7000808716, 29.3979721069, 38.565700531, 23.4307785034, 112.410774231, 37.0263442993, 29.3591938019, 7.36894226074, 8.47106170654, 11.2269172668, 3.93164253235, -6.3833656311], [-476.163726807, 115.606712341, 96.0234603882, 32.5169334412, 60.8823776245, 37.0263442993, 108.592353821, 52.5035705566, 39.8167991638, 21.9452133179, 24.6688423157, 14.8690032959, 20.4752445221], [-34.294719696, 5.54253911972, 31.2475967407, 40.9625320435, 24.7443027496, 29.3591938019, 52.5035705566, 79.8673782349, 33.7748718262, 16.043384552, 13.0693368912, 12.4492883682, 11.9652452469], [-390.874237061, 103.841064453, 52.3252372742, 22.2687492371, 41.3776130676, 7.36894226074, 39.8167991638, 33.7748718262, 70.9095306396, 34.5754051208, 17.1604232788, 7.39179134369, 12.9935293198], [-127.208526611, 35.5549545288, 6.81740570068, 25.4456119537, 22.2848052979, 8.47106170654, 21.9452133179, 16.043384552, 34.5754051208, 68.3807144165, 34.7925224304, 7.77070093155, 9.53230667114], [-279.900085449, 15.2930631638, 31.1088905334, -2.984167099, 20.6611213684, 11.2269172668, 24.6688423157, 13.0693368912, 17.1604232788, 34.7925224304, 68.6156539917, 36.2754745483, 20.093334198], [-243.69569397, -26.5478782654, 10.2450151443, -15.3919115067, 1.37971687317, 3.93164253235, 14.8690032959, 12.4492883682, 7.39179134369, 7.77070093155, 36.2754745483, 67.4714508057, 43.8647003174], [-376.636291504, 15.5968170166, 10.1649045944, -10.8938150406, 6.44981098175, -6.3833656311, 20.4752445221, 11.9652452469, 12.9935293198, 9.53230667114, 20.093334198, 43.8647003174, 79.8915481567]],
        "icov": [[0.000163912191056, 0.000188781836187, 0.000298689556075, -0.000372385984519, 0.000143209428643, -0.0006006382755, 0.000324856024235, -0.000120939985209, 0.000266735209152, -3.65437845176e-05, 0.00020202716405, 0.000161633826792, 0.000343827676261], [0.000188781836187, 0.000942941114772, 0.000710696331225, -0.000539880769793, -0.000562447472475, -0.000226840551477, -0.000572382938117, 0.000705542450305, -0.000707936007529, 0.000466670491733, -1.41979180626e-05, 0.000678418320604, 0.000300705956761], [0.000298689556075, 0.000710696331225, 0.00294096255675, 0.000307252688799, -0.00240860483609, -0.000999600393698, -0.000792732462287, 0.000196548644453, -0.000487975106807, 0.00100920151453, -0.000120998622151, 0.000684930186253, 0.000838720181491], [-0.000372385984519, -0.000539880769793, 0.000307252688799, 0.00639914069325, -0.00155430741142, 0.000150431922521, -0.00117436563596, -0.00199826760218, -0.000339964870363, -0.00171784847043, 0.000748011458199, 0.000534322520252, -0.000300168117974], [0.000143209428643, -0.000562447472475, -0.00240860483609, -0.00155430741142, 0.0134444022551, -0.00145384692587, -0.00268667400815, 0.00107101816684, -0.00243925047107, -0.000555704638828, -0.00119588884991, 0.00132962898351, 0.000239817905822], [-0.0006006382755, -0.000226840551477, -0.000999600393698, 0.000150431922521, -0.00145384692587, 0.013590041548, -0.00459439819679, -0.00144177651964, 0.000703694066033, 0.000101166318927, -0.00154270720668, -0.00148914509919, 0.00103611114901], [0.000324856024235, -0.000572382938117, -0.000792732462287, -0.00117436563596, -0.00268667400815, -0.00459439819679, 0.0209510698915, -0.00923354551196, -0.000918729580007, 4.29472784162e-05, -0.00205664639361, 0.000996608752757, -0.00243848189712], [-0.000120939985209, 0.000705542450305, 0.000196548644453, -0.00199826760218, 0.00107101816684, -0.00144177651964, -0.00923354551196, 0.0230439901352, -0.00817308947444, 0.00169286737218, 0.000437810609583, -0.00234211538918, 1.1253530829e-05], [0.000266735209152, -0.000707936007529, -0.000487975106807, -0.000339964870363, -0.00243925047107, 0.000703694066033, -0.000918729580007, -0.00817308947444, 0.0278943609446, -0.011816656217, 0.00360842421651, -0.000999169889838, -0.000361664220691], [-3.65437845176e-05, 0.000466670491733, 0.00100920151453, -0.00171784847043, -0.000555704638828, 0.000101166318927, 4.29472784162e-05, 0.00169286737218, -0.011816656217, 0.0277764126658, -0.0150568829849, 0.00679371226579, -0.00217312085442], [0.00020202716405, -1.41979180626e-05, -0.000120998622151, 0.000748011458199, -0.00119588884991, -0.00154270720668, -0.00205664639361, 0.000437810609583, 0.00360842421651, -0.0150568829849, 0.0310787651688, -0.0165698919445, 0.00399824883789], [0.000161633826792, 0.000678418320604, 0.000684930186253, 0.000534322520252, 0.00132962898351, -0.00148914509919, 0.000996608752757, -0.00234211538918, -0.000999169889838, 0.00679371226579, -0.0165698919445, 0.0335816778243, -0.0144344633445], [0.000343827676261, 0.000300705956761, 0.000838720181491, -0.000300168117974, 0.000239817905822, 0.00103611114901, -0.00243848189712, 1.1253530829e-05, -0.000361664220691, -0.00217312085442, 0.00399824883789, -0.0144344633445, 0.0218560397625]]
    },
    "spectral_contrast_coeffs": {
        "mean": [-0.726173996925, -0.795485496521, -0.778918504715, -0.773920297623, -0.778330087662, -0.743797719479],
        "stdev": [0.0703435316682, 0.0565986596048, 0.0528958961368, 0.0678852796555, 0.0579196736217, 0.0541232824326]
    },
    "spectral_contrast_valleys": {
        "mean": [-7.42642784119, -7.0396604538, -7.52370071411, -7.85429430008, -8.44162750244, -11.8419075012],
        "stdev": [1.27004253864, 1.16267335415, 1.27854144573, 1.33995127678, 1.50273084641, 1.64253950119]
    }
},
"rhythm": {
    "beats_count": 203,
    "beats_loudness": {
        "mean": 0.0191270746291,
        "stdev": 0.0215403568
    },
    "bpm": 154.873245239,
    "bpm_histogram_first_peak_bpm": 157,
    "bpm_histogram_first_peak_weight": 0.242718458176,
    "bpm_histogram_second_peak_bpm": 152,
    "bpm_histogram_second_peak_spread": 0.276923060417,
    "bpm_histogram_second_peak_weight": 0.232673272491,
    "danceability": 0.843350708485,
    "onset_rate": 2.07488703728,
    "beats_loudness_band_ratio": {
        "mean": [0.299655497074, 0.160624533892, 0.149364694953, 0.25547555089, 0.131372585893, 0.0460058934987],
        "stdev": [0.226560518146, 0.113817028701, 0.0925498083234, 0.149686589837, 0.0875847041607, 0.0493803210557]
    },
    "beats_position": [0.371519267559, 0.754648506641, 1.13777780533, 1.53251695633, 1.92725622654, 2.32199549675, 2.71673464775, 3.11147379875, 3.50621318817, 3.90095233917, 4.3073015213, 4.71365070343, 5.11999988556, 5.52634906769, 5.95591831207, 6.38548755646, 6.81505680084, 7.24462556839, 7.63936471939, 8.04571437836, 8.42884349823, 8.82358264923, 9.24154186249, 9.65950107574, 10.0658502579, 10.47219944, 10.8901586533, 11.2965078354, 11.7028570175, 12.0743761063, 12.4575052261, 12.840634346, 13.2121543884, 13.6068935394, 14.0016326904, 14.4079818726, 14.8143310547, 15.2090702057, 15.5921993256, 15.9753284454, 16.3584575653, 16.7415866852, 17.1363258362, 17.5310649872, 17.9141941071, 18.2973232269, 18.6804523468, 19.0635814667, 19.4467124939, 19.8298416138, 20.2129707336, 20.5960998535, 20.9792289734, 21.3507480621, 21.733877182, 22.1053962708, 22.4885253906, 22.8716545105, 23.2547836304, 23.6379127502, 24.0210418701, 24.40417099, 24.7756919861, 25.1472110748, 25.5187301636, 25.8902492523, 26.2617683411, 26.6332874298, 27.0048065186, 27.3763256073, 27.747844696, 28.1193637848, 28.5024929047, 28.8856239319, 29.2687530518, 29.6518821716, 30.0466213226, 30.4297504425, 30.8128795624, 31.1960086823, 31.5791378021, 31.962266922, 32.3453979492, 32.7285270691, 33.111656189, 33.4831733704, 33.8663024902, 34.2494316101, 34.6441726685, 35.0389099121, 35.4336509705, 35.8283882141, 36.2231292725, 36.6178665161, 37.0126075745, 37.3957366943, 37.7788658142, 38.1619949341, 38.545124054, 38.9050331116, 39.2649421692, 39.6364631653, 40.0079803467, 40.3795013428, 40.7510185242, 41.134147644, 41.5172767639, 41.923625946, 42.3183670044, 42.7247161865, 43.1194534302, 43.5141944885, 43.9089317322, 44.3036727905, 44.6984100342, 45.0931510925, 45.4878921509, 45.8826293945, 46.2657585144, 46.6488876343, 47.0320167542, 47.415145874, 47.8214950562, 48.2162361145, 48.6225852966, 49.0985946655, 49.5746040344, 50.0622215271, 50.5614509583, 51.0722885132, 51.5715179443, 52.0591392517, 52.5351448059, 53.0111541748, 53.4871635437, 53.8935127258, 54.299861908, 54.7062110901, 55.1009521484, 55.4956893921, 55.8904304504, 56.2851676941, 56.6799087524, 57.0630378723, 57.4461669922, 57.8292961121, 58.2124252319, 58.5955543518, 58.9786834717, 59.3618125916, 59.7333335876, 60.1164627075, 60.4995918274, 60.8827209473, 61.2426300049, 61.6025390625, 61.9740562439, 62.34557724, 62.7170982361, 63.0770072937, 63.4369163513, 63.7968254089, 64.1567306519, 64.5166397095, 64.8765487671, 65.2364578247, 65.5963668823, 65.9562835693, 66.316192627, 66.6761016846, 67.0476150513, 67.4191360474, 67.8022689819, 68.1737823486, 68.5453033447, 68.9284362793, 69.3115615845, 69.7062988281, 70.1010437012, 70.4841690063, 70.8673019409, 71.2620391846, 71.6567764282, 72.0515213013, 72.4462585449, 72.8409957886, 73.2357330322, 73.6188659668, 74.0136032104, 74.396736145, 74.7914733887, 75.1745986938, 75.5577316284, 75.9408569336, 76.3239898682, 76.7071151733, 77.0902481079, 77.4733810425, 77.8565063477, 78.2396392822, 78.6227645874, 79.005897522, 79.3890228271],
    "bpm_histogram": [0, 0, 0, 0, 0, 0, 0, 0, 0, 0, 0, 0, 0, 0, 0, 0, 0, 0, 0, 0, 0, 0, 0, 0, 0, 0, 0, 0, 0, 0, 0, 0, 0, 0, 0, 0, 0, 0, 0, 0, 0, 0, 0, 0, 0, 0, 0, 0, 0, 0, 0, 0, 0, 0, 0, 0, 0, 0, 0, 0, 0, 0, 0, 0, 0, 0, 0, 0, 0, 0, 0, 0, 0, 0, 0, 0, 0, 0, 0, 0, 0, 0, 0, 0, 0, 0, 0, 0, 0, 0, 0, 0, 0, 0, 0, 0, 0, 0, 0, 0, 0, 0, 0, 0, 0, 0, 0, 0, 0, 0, 0, 0, 0, 0, 0, 0, 0, 0.00495049497113, 0, 0, 0.00990098994225, 0, 0, 0.00990098994225, 0, 0, 0.0247524753213, 0, 0, 0, 0, 0, 0, 0, 0, 0, 0, 0, 0, 0, 0.0198019798845, 0, 0, 0, 0.014851485379, 0, 0, 0, 0.0891089141369, 0, 0, 0, 0.232673272491, 0, 0, 0, 0, 0.386138617992, 0, 0, 0, 0.123762376606, 0.00990098994225, 0, 0, 0, 0, 0.0742574259639, 0, 0, 0, 0, 0, 0, 0, 0, 0, 0, 0, 0, 0, 0, 0, 0, 0, 0, 0, 0, 0, 0, 0, 0, 0, 0, 0, 0, 0, 0, 0, 0, 0, 0, 0, 0, 0, 0, 0, 0, 0, 0, 0, 0, 0, 0, 0, 0, 0, 0, 0, 0, 0, 0, 0, 0, 0, 0, 0, 0, 0, 0, 0, 0, 0, 0, 0, 0, 0, 0, 0, 0, 0, 0, 0, 0, 0, 0, 0, 0, 0, 0]
},
"tonal": {
    "chords_changes_rate": 0.0696055665612,
    "chords_number_rate": 0.00754060316831,
    "chords_strength": {
        "mean": 0.526921987534,
        "stdev": 0.119290933013
    },
    "hpcp_crest": {
        "mean": 12.4913892746,
        "stdev": 6.33027744293
    },
    "hpcp_entropy": {
        "mean": 2.18336582184,
        "stdev": 0.710741817951
    },
    "key_edma": {
        "strength": 0.8190330863,
        "key": "A#",
        "scale": "major"
    },
    "key_krumhansl": {
        "strength": 0.825654149055,
        "key": "A#",
        "scale": "major"
    },
    "key_temperley": {
        "strength": 0.832401394844,
        "key": "A#",
        "scale": "major"
    },
    "tuning_diatonic_strength": 0.697577536106,
    "tuning_equal_tempered_deviation": 0.489537060261,
    "tuning_frequency": 434.193115234,
    "tuning_nontempered_energy_ratio": 0.986141741276,
    "hpcp": {
        "mean": [0.127453640103, 0.223461896181, 0.229769542813, 0.209931895137, 0.32146769762, 0.260872423649, 0.0911982133985, 0.0663093179464, 0.0729733705521, 0.120621018112, 0.262423247099, 0.243637859821, 0.0982993319631, 0.0756016895175, 0.0690478309989, 0.102337487042, 0.247637733817, 0.282245844603, 0.181850671768, 0.151152253151, 0.124431073666, 0.0880572497845, 0.106340460479, 0.110306955874, 0.144050478935, 0.327560245991, 0.316970258951, 0.144042626023, 0.115173593163, 0.100005038083, 0.119142539799, 0.224505662918, 0.207053735852, 0.104842625558, 0.0977080911398, 0.097498357296],
        "stdev": [0.184645950794, 0.264103829861, 0.274534672499, 0.249752357602, 0.343056052923, 0.301562160254, 0.148934319615, 0.133660212159, 0.153877854347, 0.172855481505, 0.301967352629, 0.282772600651, 0.151337847114, 0.149199768901, 0.153550356627, 0.154036492109, 0.272542923689, 0.305553376675, 0.244490861893, 0.238277330995, 0.223933845758, 0.143743962049, 0.176817506552, 0.182068318129, 0.207395166159, 0.345090866089, 0.337009072304, 0.196345224977, 0.21421533823, 0.194701775908, 0.194067388773, 0.286379247904, 0.268817126751, 0.176948323846, 0.198926389217, 0.193626627326]
    },
    "chords_histogram": [39.501159668, 4.23433876038, 13.5730857849, 2.14617180824, 1.39211142063, 0.696055710316, 4.52436208725, 0, 3.30626440048, 0, 0.522041738033, 0, 0, 0.63805103302, 0, 2.26218104362, 0, 1.04408347607, 0.63805103302, 1.97215771675, 0.812064945698, 8.46867752075, 3.59628772736, 10.6728534698],
    "thpcp": [1, 0.967670083046, 0.43974390626, 0.351610422134, 0.305302739143, 0.363727092743, 0.685387372971, 0.632108867168, 0.320071280003, 0.298290431499, 0.297650158405, 0.389099836349, 0.682200908661, 0.701457381248, 0.640895545483, 0.981400191784, 0.796410501003, 0.278416603804, 0.20243395865, 0.222778469324, 0.368240714073, 0.801144957542, 0.743795573711, 0.300095438957, 0.2308024019, 0.210794299841, 0.312423408031, 0.756006658077, 0.861660838127, 0.555167078972, 0.461448699236, 0.379872322083, 0.268827646971, 0.324643969536, 0.336753189564, 0.439767897129],
    "chords_key": "A#",
    "chords_scale": "major"
}
}