{
"metadata": {
    "version": {
        "essentia": "2.1-dev",
        "essentia_git_sha": "v2.1_beta3-415-gd5473f3",
        "extractor": "music 2.0"
    },
    "audio_properties": {
        "analysis": {
            "equal_loudness": 0,
            "length": 103.497123718,
            "sample_rate": 44100,
            "start_time": 0,
            "downmix": "mix"
        },
        "bit_rate": 64000,
        "length": 103.497146606,
        "lossless": 0,
        "number_channels": 2,
        "replay_gain": 0.0856838226318,
        "sample_rate": 22050,
        "codec": "mp3",
        "md5_encoded": "1f6522011e21da5d1a8744e7bcb7752d"
    },
    "tags": {
        "file_name": "britten-suite_3-dialogo-allegretto.mp3"
    }
},
"lowlevel": {
    "average_loudness": 0.0162482783198,
    "barkbands_crest": {
        "mean": 13.3032484055,
        "stdev": 4.1943936348
    },
    "barkbands_flatness_db": {
        "mean": 0.37183919549,
        "stdev": 0.0885402038693
    },
    "barkbands_kurtosis": {
        "mean": 6.57017087936,
        "stdev": 10.8129463196
    },
    "barkbands_skewness": {
        "mean": 1.35164904594,
        "stdev": 1.1585739851
    },
    "barkbands_spread": {
        "mean": 4.44860076904,
        "stdev": 3.94145965576
    },
    "dissonance": {
        "mean": 0.36000674963,
        "stdev": 0.0692907124758
    },
    "dynamic_complexity": 8.31305885315,
    "erbbands_crest": {
        "mean": 14.1762342453,
        "stdev": 5.50698137283
    },
    "erbbands_flatness_db": {
        "mean": 0.344828397036,
        "stdev": 0.0580948852003
    },
    "erbbands_kurtosis": {
        "mean": 4.73899841309,
        "stdev": 9.36078739166
    },
    "erbbands_skewness": {
        "mean": 1.1940125227,
        "stdev": 1.14102077484
    },
    "erbbands_spread": {
        "mean": 12.3868875504,
        "stdev": 7.99506521225
    },
    "hfc": {
        "mean": 6.44112253189,
        "stdev": 16.899438858
    },
    "loudness_ebu128": {
        "integrated": -25.2567462921,
        "loudness_range": 13.8513622284,
        "momentary": {
            "mean": -31.4744625092,
            "stdev": 7.64918375015
        },
        "short_term": {
            "mean": -29.4190177917,
            "stdev": 5.39743757248
        }
    },
    "melbands_crest": {
        "mean": 18.8030376434,
        "stdev": 6.31617593765
    },
    "melbands_flatness_db": {
        "mean": 0.458820015192,
        "stdev": 0.119626529515
    },
    "melbands_kurtosis": {
        "mean": 9.79430675507,
        "stdev": 13.1284780502
    },
    "melbands_skewness": {
        "mean": 1.88427376747,
        "stdev": 1.18293726444
    },
    "melbands_spread": {
        "mean": 5.82727384567,
        "stdev": 5.83234214783
    },
    "pitch_salience": {
        "mean": 0.508190751076,
        "stdev": 0.138867124915
    },
    "silence_rate_20dB": {
        "mean": 0.998430132866,
        "stdev": 0.0395896993577
    },
    "silence_rate_30dB": {
        "mean": 0.9811617136,
        "stdev": 0.13596150279
    },
    "silence_rate_60dB": {
        "mean": 0.442700147629,
        "stdev": 0.496706992388
    },
    "spectral_centroid": {
        "mean": 425.473937988,
        "stdev": 277.043609619
    },
    "spectral_complexity": {
        "mean": 5.84032297134,
        "stdev": 4.32352876663
    },
    "spectral_decrease": {
        "mean": -3.64095953387e-09,
        "stdev": 8.2355260389e-09
    },
    "spectral_energy": {
        "mean": 0.0143260555342,
        "stdev": 0.0325019545853
    },
    "spectral_energyband_high": {
        "mean": 8.57007034938e-06,
        "stdev": 3.89761771658e-05
    },
    "spectral_energyband_low": {
        "mean": 0.00184488203377,
        "stdev": 0.00551434699446
    },
    "spectral_energyband_middle_high": {
        "mean": 0.00170476990752,
        "stdev": 0.00563201447949
    },
    "spectral_energyband_middle_low": {
        "mean": 0.0109448200092,
        "stdev": 0.0280964430422
    },
    "spectral_entropy": {
        "mean": 5.59521532059,
        "stdev": 0.677907168865
    },
    "spectral_flux": {
        "mean": 0.0298630408943,
        "stdev": 0.0319438651204
    },
    "spectral_kurtosis": {
        "mean": 76.5640945435,
        "stdev": 73.295753479
    },
    "spectral_rms": {
        "mean": 0.002763353521,
        "stdev": 0.00251803733408
    },
    "spectral_rolloff": {
        "mean": 522.295776367,
        "stdev": 429.838043213
    },
    "spectral_skewness": {
        "mean": 5.9581246376,
        "stdev": 3.34509205818
    },
    "spectral_spread": {
        "mean": 1360848.375,
        "stdev": 620077.875
    },
    "spectral_strongpeak": {
        "mean": 0.746231913567,
        "stdev": 1.10472714901
    },
    "zerocrossingrate": {
        "mean": 0.0185574255884,
        "stdev": 0.0140645634383
    },
    "barkbands": {
        "mean": [4.75355773233e-06, 0.000698585005011, 0.000988323823549, 0.000407866493333, 0.00384998507798, 0.00306453113444, 0.00188747199718, 0.000669380067848, 0.00102076306939, 0.000249758275459, 0.000413993169786, 0.000450037390692, 0.000118646217743, 5.70936826989e-05, 8.13583028503e-05, 0.00019322244043, 0.000117297342513, 2.75865531876e-05, 1.17250892799e-05, 7.72394923843e-06, 2.99895896205e-06, 1.33990590712e-06, 7.68480617808e-07, 7.74794273184e-07, 7.75247670504e-08, 4.90588791813e-10, 5.23037946287e-10],
        "stdev": [8.79684012034e-06, 0.00242034951225, 0.00304570258595, 0.00166204734705, 0.0105670830235, 0.0159408412874, 0.011098540388, 0.00471375184134, 0.00560238771141, 0.00111855473369, 0.00269906665199, 0.00210977368988, 0.000602821819484, 0.000268240633886, 0.000323026499245, 0.000932635331992, 0.000586465059314, 0.000132724890136, 5.32175181434e-05, 4.01992401748e-05, 1.53076944116e-05, 9.39612618822e-06, 3.70269776795e-06, 3.92503397961e-06, 4.31818335755e-07, 1.69841374298e-09, 1.811320538e-09]
    },
    "erbbands": {
        "mean": [0.00399336824194, 0.219628944993, 1.22981154919, 1.19307684898, 9.12429523468, 11.2787675858, 18.97605896, 25.7917823792, 27.8126411438, 23.1380672455, 11.0554952621, 29.5986766815, 7.80462551117, 15.3556480408, 13.3730964661, 19.5246524811, 7.08611249924, 2.45116043091, 4.67182302475, 8.0287065506, 8.95787620544, 5.18989658356, 2.27760767937, 0.863883972168, 0.408371448517, 0.377062827349, 0.190830036998, 0.0476457215846, 0.0320637747645, 0.0600921697915, 0.0189239997417, 0.019712543115, 0.00924905017018, 0.00189092871733, 6.68610155117e-05, 1.18449188449e-05, 5.67622646486e-06, 1.28783551645e-06, 6.94905565979e-06, 1.61216685228e-05],
        "stdev": [0.010958767496, 0.760767698288, 3.99492239952, 3.6963133812, 31.082365036, 31.4465866089, 59.6346244812, 188.742553711, 181.405761719, 110.500556946, 47.9654426575, 170.678466797, 24.8983669281, 103.388671875, 83.7325057983, 95.6863861084, 31.5340919495, 9.89161777496, 19.3352127075, 41.4897422791, 37.028968811, 23.2508182526, 9.20802974701, 3.77263116837, 1.75613343716, 2.11737537384, 0.970999121666, 0.278817683458, 0.193773299456, 0.405234545469, 0.082285143435, 0.111177094281, 0.0433280579746, 0.00928134936839, 0.000287329690764, 2.98969607684e-05, 1.32941404445e-05, 3.32496802002e-06, 1.58642124006e-05, 3.669545913e-05]
    },
    "gfcc": {
        "mean": [-267.567321777, 215.19631958, -104.205169678, -2.78881049156, -45.0371704102, -18.9485263824, -32.6575050354, -20.0517349243, -1.4931448698, -26.548740387, 2.51428103447, -13.7515144348, 1.71525871754],
        "cov": [[15688.3876953, -1852.0423584, -5758.83544922, -1703.91186523, -802.497009277, -233.429153442, -638.739135742, 305.697570801, -150.32081604, -609.164123535, 228.213775635, -92.083984375, 213.082443237], [-1852.0423584, 1748.45336914, 1918.52062988, -165.92086792, 446.191375732, -147.913238525, 39.9895935059, -194.368621826, -210.531692505, -49.4428672791, -176.721603394, 62.5796585083, -97.8899230957], [-5758.83544922, 1918.52062988, 4383.69433594, 671.08392334, 590.923583984, -52.4641342163, 250.702194214, -224.516326904, -155.896469116, 209.391159058, -232.338653564, 68.8881378174, -173.606079102], [-1703.91186523, -165.92086792, 671.08392334, 793.622070312, 79.0321960449, 210.867095947, 97.6822052002, -16.8035202026, 63.1966705322, 39.2708892822, 3.39634752274, -56.8286628723, -17.523973465], [-802.497009277, 446.191375732, 590.923583984, 79.0321960449, 417.562072754, 88.3789215088, 91.9111480713, 13.2105493546, -14.8638439178, 14.8033399582, -54.9573516846, 3.32159161568, -76.1137466431], [-233.429153442, -147.913238525, -52.4641342163, 210.867095947, 88.3789215088, 281.367523193, 110.522155762, 66.6730728149, 72.7121963501, -9.55718135834, 15.9102964401, -42.7722206116, -26.6828708649], [-638.739135742, 39.9895935059, 250.702194214, 97.6822052002, 91.9111480713, 110.522155762, 171.283477783, 78.0306549072, 65.7706680298, 57.8864746094, -11.9139814377, -5.28583908081, -40.2976913452], [305.697570801, -194.368621826, -224.516326904, -16.8035202026, 13.2105493546, 66.6730728149, 78.0306549072, 171.683883667, 112.930480957, 38.5632019043, 14.4645776749, -34.3125305176, -14.2511377335], [-150.32081604, -210.531692505, -155.896469116, 63.1966705322, -14.8638439178, 72.7121963501, 65.7706680298, 112.930480957, 164.680404663, 83.571647644, 24.6813278198, -16.8039169312, -12.9429655075], [-609.164123535, -49.4428672791, 209.391159058, 39.2708892822, 14.8033399582, -9.55718135834, 57.8864746094, 38.5632019043, 83.571647644, 159.172225952, 48.3961334229, 25.7438983917, -3.82186603546], [228.213775635, -176.721603394, -232.338653564, 3.39634752274, -54.9573516846, 15.9102964401, -11.9139814377, 14.4645776749, 24.6813278198, 48.3961334229, 128.648223877, 56.8284339905, 30.907749176], [-92.083984375, 62.5796585083, 68.8881378174, -56.8286628723, 3.32159161568, -42.7722206116, -5.28583908081, -34.3125305176, -16.8039169312, 25.7438983917, 56.8284339905, 116.365470886, 39.1777648926], [213.082443237, -97.8899230957, -173.606079102, -17.523973465, -76.1137466431, -26.6828708649, -40.2976913452, -14.2511377335, -12.9429655075, -3.82186603546, 30.907749176, 39.1777648926, 92.8322525024]],
        "icov": [[0.000182458388736, -8.5759547801e-06, 0.00015934840485, 0.000156385896844, 7.01776370988e-05, -8.37687766762e-05, 0.000438235409092, -0.000614752236288, 0.000434080255218, 0.000236736843362, -8.26836039778e-05, -6.42479863018e-05, 0.000153902801685], [-8.5759547801e-06, 0.00305061670952, -0.00157851283439, 0.00219519017264, -0.00217690248974, 0.00118960929103, -0.0014763410436, 0.00302972598001, -0.00232066097669, 0.0039754207246, -0.00178927462548, 0.00175659719389, -0.00122527300846], [0.00015934840485, -0.00157851283439, 0.00159082736354, -0.0016330195358, 0.000884813372977, -0.000466227647848, 0.000850422715303, -0.00204473454505, 0.00285500800237, -0.00336475973018, 0.00247691385448, -0.00212131906301, 0.0016133103054], [0.000156385896844, 0.00219519017264, -0.0016330195358, 0.00426440918818, -0.00151914719027, -0.000400444143452, -0.0013867780799, 0.00371398427524, -0.00367371598259, 0.00440966477618, -0.00359317846596, 0.00401626899838, -0.00251490459777], [7.01776370988e-05, -0.00217690248974, 0.000884813372977, -0.00151914719027, 0.00575030688196, -0.00306343776174, 0.00209331093356, -0.00445027463138, 0.00424777530134, -0.00419317744672, 0.00370100559667, -0.00412609707564, 0.00389974191785], [-8.37687766762e-05, 0.00118960929103, -0.000466227647848, -0.000400444143452, -0.00306343776174, 0.00988807156682, -0.00739955948666, 0.00419311458245, -0.00585053488612, 0.00732890097424, -0.00614784052595, 0.00536430859938, -0.00246974406764], [0.000438235409092, -0.0014763410436, 0.000850422715303, -0.0013867780799, 0.00209331093356, -0.00739955948666, 0.0181191451848, -0.0111413998529, 0.00640169624239, -0.00827698688954, 0.00759623618796, -0.00826272089034, 0.0060201450251], [-0.000614752236288, 0.00302972598001, -0.00204473454505, 0.00371398427524, -0.00445027463138, 0.00419311458245, -0.0111413998529, 0.0226160231978, -0.0159161761403, 0.00851594936103, -0.00784081686288, 0.0103962505236, -0.00597043568268], [0.000434080255218, -0.00232066097669, 0.00285500800237, -0.00367371598259, 0.00424777530134, -0.00585053488612, 0.00640169624239, -0.0159161761403, 0.0251819081604, -0.0157029870898, 0.0093518840149, -0.0082336589694, 0.00656457105651], [0.000236736843362, 0.0039754207246, -0.00336475973018, 0.00440966477618, -0.00419317744672, 0.00732890097424, -0.00827698688954, 0.00851594936103, -0.0157029870898, 0.0246411338449, -0.0141398301348, 0.0081221293658, -0.00532344309613], [-8.26836039778e-05, -0.00178927462548, 0.00247691385448, -0.00359317846596, 0.00370100559667, -0.00614784052595, 0.00759623618796, -0.00784081686288, 0.0093518840149, -0.0141398301348, 0.0229250043631, -0.0150812063366, 0.00507173826918], [-6.42479863018e-05, 0.00175659719389, -0.00212131906301, 0.00401626899838, -0.00412609707564, 0.00536430859938, -0.00826272089034, 0.0103962505236, -0.0082336589694, 0.0081221293658, -0.0150812063366, 0.0236094929278, -0.0107973739505], [0.000153902801685, -0.00122527300846, 0.0016133103054, -0.00251490459777, 0.00389974191785, -0.00246974406764, 0.0060201450251, -0.00597043568268, 0.00656457105651, -0.00532344309613, 0.00507173826918, -0.0107973739505, 0.0194177180529]]
    },
    "melbands": {
        "mean": [0.000105264327431, 0.000527756055817, 0.000380195619073, 0.000857704260852, 0.000587265472859, 0.000580083054956, 0.000412822788348, 0.000234243532759, 9.53558410401e-05, 0.00017382200167, 3.03913584503e-05, 5.9544800024e-05, 4.29810315836e-05, 4.80098242406e-05, 4.25329453719e-05, 6.289972589e-06, 4.20441847382e-06, 7.66107586969e-06, 5.86987107454e-06, 1.56110290845e-05, 9.48379238253e-06, 6.13140082351e-06, 3.20435651702e-06, 1.19855235425e-06, 6.46416765449e-07, 3.51350081473e-07, 2.85614675022e-07, 2.25349253924e-07, 1.23109387573e-07, 7.31699287826e-08, 1.29508173075e-08, 1.12956595189e-08, 3.73103539175e-08, 2.92375386124e-08, 1.12784226403e-08, 7.41444461383e-09, 1.31936293002e-08, 6.9419234805e-09, 3.691069006e-09, 7.25758952935e-10],
        "stdev": [0.000348565517925, 0.00173726258799, 0.00106506061275, 0.00273798382841, 0.0017081098631, 0.00376680539921, 0.00246544298716, 0.00122810679022, 0.000396482791984, 0.00100104196463, 0.000103542843135, 0.0003925099154, 0.000253261299804, 0.000231439626077, 0.000230717952945, 2.85568057734e-05, 2.06410350074e-05, 3.51880480594e-05, 2.56883104157e-05, 8.49835851113e-05, 4.25517864642e-05, 3.34487340297e-05, 1.47583377839e-05, 6.22601601208e-06, 3.02498642668e-06, 1.61918012509e-06, 1.48641561282e-06, 1.33245657707e-06, 6.19941260993e-07, 4.29189412898e-07, 7.89068437257e-08, 6.75132056926e-08, 2.75067861821e-07, 1.82102638746e-07, 5.29348831435e-08, 3.73704871492e-08, 7.9088160021e-08, 3.54154927606e-08, 1.68575677861e-08, 4.50821202591e-09]
    },
    "melbands128": {
        "mean": [2.74010994872e-06, 7.12107430445e-06, 4.64659533463e-05, 0.000472463434562, 0.000737053283956, 0.00037576482282, 0.00016875329311, 0.000232086938922, 0.00102076015901, 0.00133725244086, 0.000568272022065, 0.000379855686333, 0.000731615873519, 0.00063633476384, 0.000690841116011, 0.00040977212484, 0.000481495109852, 0.000423097924795, 0.000393777474528, 0.000231882600929, 0.000245439412538, 6.67614222039e-05, 4.53144566563e-05, 0.00010439815378, 0.000319038837915, 0.000124195881654, 1.91698272829e-05, 2.4376780857e-05, 3.72081522073e-05, 3.90536260966e-05, 9.35393400141e-05, 5.42766829312e-05, 1.95671855181e-05, 6.16669494775e-05, 2.81381016976e-05, 4.99431371281e-05, 6.37133634882e-05, 5.63219255127e-05, 1.9075057935e-05, 6.87963802193e-06, 5.34194259671e-06, 2.08295614357e-06, 4.30088084613e-06, 3.8411199057e-06, 7.65143249737e-06, 9.35400930757e-06, 7.19714898878e-06, 3.7852960304e-06, 3.34122751156e-06, 1.53250839503e-05, 2.21161335503e-05, 8.99212409422e-06, 1.02504436654e-05, 8.11451900518e-06, 1.19439400805e-05, 4.20345531893e-06, 2.75537331618e-06, 5.30244051333e-06, 2.35114180214e-06, 1.67223004155e-06, 1.48856156557e-06, 4.46316079206e-07, 4.60616860209e-07, 8.58383259583e-07, 7.30761030354e-07, 2.32133146483e-07, 2.33259129345e-07, 1.9021722153e-07, 3.19049661357e-07, 3.71154101231e-07, 2.23949157885e-07, 2.08802546808e-07, 6.58575629586e-08, 1.20215418065e-07, 1.56991347922e-07, 7.71397878907e-08, 4.86537565791e-08, 1.55459840556e-08, 7.3500969755e-09, 9.31473742583e-09, 5.0874384705e-09, 1.10829274647e-08, 2.76109126673e-08, 3.12290033833e-08, 6.29613197134e-08, 3.28911546887e-08, 1.82733952414e-08, 1.70204117467e-08, 1.04798356659e-08, 8.8658440589e-09, 3.88231136128e-09, 4.63167237896e-09, 1.67448508392e-08, 1.71800298432e-08, 9.27709908893e-09, 5.61514434949e-09, 8.33420177315e-09, 5.32263122466e-09, 3.43856876306e-09, 3.43804007485e-09, 1.52179113755e-09, 1.03844710608e-11, 4.39656644424e-12, 4.18416993761e-12, 3.99892185338e-12, 3.82477166258e-12, 3.66167643082e-12, 3.50883580004e-12, 3.36556043451e-12, 3.23172933726e-12, 3.10640879339e-12, 2.98944766511e-12, 2.8805696977e-12, 2.77915559489e-12, 2.68517261377e-12, 2.59804070618e-12, 2.51772322608e-12, 2.44395606183e-12, 2.37653885286e-12, 2.31528685113e-12, 2.26019767138e-12, 2.21113492099e-12, 2.16806976018e-12, 2.13111169337e-12, 2.10030105287e-12, 2.07581998465e-12, 2.05788164287e-12, 2.04681367341e-12],
        "stdev": [4.64997174277e-06, 1.88353806152e-05, 0.000126442784676, 0.00167758134194, 0.00254283077084, 0.00107657164335, 0.000774238898885, 0.000833255238831, 0.00372002576478, 0.0050330455415, 0.00218337844126, 0.00108982832171, 0.00250980746932, 0.00288444734178, 0.00680628698319, 0.0025461090263, 0.00395220052451, 0.00301457778551, 0.0025199574884, 0.00127782986965, 0.0021360933315, 0.000490151171107, 0.000248760421528, 0.000606936751865, 0.00207367353141, 0.000756582245231, 9.87127932603e-05, 0.000108308202471, 0.000205202464713, 0.000282121065538, 0.000823781359941, 0.000437227863586, 0.000110481247248, 0.000628650363069, 0.00017310725525, 0.000341942446539, 0.000478134927107, 0.000421939010266, 0.000106271159893, 3.16943514918e-05, 5.03481896885e-05, 9.50775665842e-06, 3.23134518112e-05, 2.24125487875e-05, 5.39223910891e-05, 5.53270219825e-05, 3.46651941072e-05, 2.58400832536e-05, 1.97832359845e-05, 0.000122196070151, 0.000152165011968, 5.82362808927e-05, 7.66301745898e-05, 5.5728116422e-05, 0.000104774691863, 2.3595372113e-05, 1.54384579218e-05, 3.25766304741e-05, 1.62736523635e-05, 1.03703141576e-05, 1.2090709788e-05, 2.53205871559e-06, 3.46914839611e-06, 4.8894066822e-06, 5.37150754099e-06, 1.16949331641e-06, 1.19602077575e-06, 1.43596298585e-06, 2.14130591303e-06, 2.87912212116e-06, 1.92087486539e-06, 1.70432576851e-06, 3.27202457129e-07, 6.73639988236e-07, 1.34691890707e-06, 4.14203157106e-07, 6.29077476333e-07, 1.33167645799e-07, 3.97580919298e-08, 6.3357354918e-08, 3.70171484576e-08, 9.54366399242e-08, 2.2101134789e-07, 2.41923004296e-07, 6.05667025866e-07, 2.67501036433e-07, 1.06255370724e-07, 1.05481781532e-07, 5.62567201712e-08, 5.07083264267e-08, 2.17019788806e-08, 3.29725686754e-08, 1.0693015895e-07, 1.2749622158e-07, 6.50644622624e-08, 3.10486996113e-08, 4.84961439895e-08, 2.71090936366e-08, 1.70670819699e-08, 1.98044229904e-08, 1.14020748399e-08, 1.51284373917e-10, 1.51730347037e-11, 1.4488766957e-11, 1.38452799572e-11, 1.32411121997e-11, 1.26759488323e-11, 1.2146579749e-11, 1.16504687842e-11, 1.11872785341e-11, 1.07540946634e-11, 1.03494452591e-11, 9.97273964798e-12, 9.62208871608e-12, 9.29711255898e-12, 8.99576680508e-12, 8.71795344248e-12, 8.46277475181e-12, 8.22971205072e-12, 8.01777828158e-12, 7.8271382431e-12, 7.65747448089e-12, 7.50859010384e-12, 7.38073924894e-12, 7.27420120666e-12, 7.18941269365e-12, 7.12748696868e-12, 7.08924455597e-12]
    },
    "mfcc": {
        "mean": [-877.809570312, 198.471923828, 27.2903766632, 9.01665210724, 10.7254266739, -7.32492494583, -13.0034761429, -3.49387407303, -5.97564315796, -8.3947095871, -9.52895927429, 1.20585763454, 1.33542907238],
        "cov": [[10555.4355469, 1344.5078125, -5006.88671875, -1642.04736328, -802.785583496, -971.365539551, -580.958557129, 125.995727539, -369.777709961, -131.460235596, -605.449951172, 124.990539551, 165.581039429], [1344.5078125, 2166.47973633, 212.564025879, -412.341003418, 34.2324523926, -69.8956604004, -27.5862426758, 8.65088367462, -62.9176750183, -272.027801514, -183.976425171, -154.185897827, -98.0425720215], [-5006.88671875, 212.564025879, 3560.09057617, 1098.79943848, 431.964782715, 564.972717285, 321.138397217, -63.2254638672, 142.801208496, -33.7316589355, 234.0128479, -144.667800903, -173.872467041], [-1642.04736328, -412.341003418, 1098.79943848, 679.299865723, 231.28616333, 213.592910767, 140.655059814, -0.0045193079859, 45.5673561096, 61.4733772278, 100.572814941, -5.4774479866, -22.3403205872], [-802.785583496, 34.2324523926, 431.964782715, 231.28616333, 302.733795166, 213.600418091, 112.727722168, 55.8761444092, 66.979095459, 10.3668174744, 54.6156005859, 0.434073746204, -8.28545093536], [-971.365539551, -69.8956604004, 564.972717285, 213.592910767, 213.600418091, 275.081085205, 151.984970093, 54.9899024963, 68.8935241699, 17.750043869, 72.4552764893, 8.01020240784, -12.7694530487], [-580.958557129, -27.5862426758, 321.138397217, 140.655059814, 112.727722168, 151.984970093, 160.640518188, 71.0029983521, 42.4804534912, 10.8318128586, 40.9621734619, 8.89421081543, -5.6413936615], [125.995727539, 8.65088367462, -63.2254638672, -0.0045193079859, 55.8761444092, 54.9899024963, 71.0029983521, 130.67805481, 73.6016845703, 27.3709526062, 23.1899585724, 40.5994262695, 12.9236335754], [-369.777709961, -62.9176750183, 142.801208496, 45.5673561096, 66.979095459, 68.8935241699, 42.4804534912, 73.6016845703, 145.439453125, 88.0138702393, 68.8772888184, 37.3196296692, 7.49517536163], [-131.460235596, -272.027801514, -33.7316589355, 61.4733772278, 10.3668174744, 17.750043869, 10.8318128586, 27.3709526062, 88.0138702393, 168.728347778, 98.8920211792, 47.0457878113, 12.8501653671], [-605.449951172, -183.976425171, 234.0128479, 100.572814941, 54.6156005859, 72.4552764893, 40.9621734619, 23.1899585724, 68.8772888184, 98.8920211792, 159.991149902, 70.7529907227, 14.2340230942], [124.990539551, -154.185897827, -144.667800903, -5.4774479866, 0.434073746204, 8.01020240784, 8.89421081543, 40.5994262695, 37.3196296692, 47.0457878113, 70.7529907227, 151.24156189, 85.2135543823], [165.581039429, -98.0425720215, -173.872467041, -22.3403205872, -8.28545093536, -12.7694530487, -5.6413936615, 12.9236335754, 7.49517536163, 12.8501653671, 14.2340230942, 85.2135543823, 113.178031921]],
        "icov": [[0.00124091689941, -0.00151450373232, 0.00198608357459, -0.00210356037132, 0.00257100025192, -0.00237140688114, 0.00281108822674, -0.0025794794783, 0.00218367972411, -0.0020018927753, 0.00207576621324, -0.0014077500673, 0.000745360390283], [-0.00151450373232, 0.00287487125024, -0.00308288726956, 0.00419144239277, -0.00459424965084, 0.00438373256475, -0.00378230703063, 0.0025153926108, -0.00224389787763, 0.00277518876828, -0.00176637258846, 0.00161280494649, -0.000678795040585], [0.00198608357459, -0.00308288726956, 0.00484380079433, -0.0060636177659, 0.00603741174564, -0.00601399131119, 0.00434369407594, -0.00214267708361, 0.000969959539361, -0.000816879386548, 0.000999361043796, -0.00113017007243, 0.00164660334121], [-0.00210356037132, 0.00419144239277, -0.0060636177659, 0.0108183696866, -0.00944637041539, 0.00798877421767, -0.00651252316311, 0.00288160517812, 0.000318313221214, -0.000446741934866, -0.000332725379849, 0.000882621272467, -0.00150839251], [0.00257100025192, -0.00459424965084, 0.00603741174564, -0.00944637041539, 0.0166765153408, -0.0140801509842, 0.0081984475255, -0.0053949970752, 0.00111047935206, -0.00124239036813, 0.00144990067929, -0.00068862416083, 0.000729805266019], [-0.00237140688114, 0.00438373256475, -0.00601399131119, 0.00798877421767, -0.0140801509842, 0.0219764281064, -0.0146898441017, 0.00573600595817, -0.00407561101019, 0.00339041743428, -0.00310304714367, 0.0010453145951, -0.000845606380608], [0.00281108822674, -0.00378230703063, 0.00434369407594, -0.00651252316311, 0.0081984475255, -0.0146898441017, 0.0248357877135, -0.0151645094156, 0.00850252155215, -0.00504149263725, 0.00380948022939, -0.00154978770297, 0.000607867841609], [-0.0025794794783, 0.0025153926108, -0.00214267708361, 0.00288160517812, -0.0053949970752, 0.00573600595817, -0.0151645094156, 0.0248892232776, -0.0152991069481, 0.00764065748081, -0.00397021323442, -0.000641341845039, 0.00101201876532], [0.00218367972411, -0.00224389787763, 0.000969959539361, 0.000318313221214, 0.00111047935206, -0.00407561101019, 0.00850252155215, -0.0152991069481, 0.0240208376199, -0.0144449211657, 0.00571700604632, -0.00356739223935, 0.000222870512516], [-0.0020018927753, 0.00277518876828, -0.000816879386548, -0.000446741934866, -0.00124239036813, 0.00339041743428, -0.00504149263725, 0.00764065748081, -0.0144449211657, 0.0214762873948, -0.0130663979799, 0.00500527024269, -0.000449497718364], [0.00207576621324, -0.00176637258846, 0.000999361043796, -0.000332725379849, 0.00144990067929, -0.00310304714367, 0.00380948022939, -0.00397021323442, 0.00571700604632, -0.0130663979799, 0.0216381549835, -0.011477095075, 0.00432673702016], [-0.0014077500673, 0.00161280494649, -0.00113017007243, 0.000882621272467, -0.00068862416083, 0.0010453145951, -0.00154978770297, -0.000641341845039, -0.00356739223935, 0.00500527024269, -0.011477095075, 0.020048007369, -0.0120249139145], [0.000745360390283, -0.000678795040585, 0.00164660334121, -0.00150839251, 0.000729805266019, -0.000845606380608, 0.000607867841609, 0.00101201876532, 0.000222870512516, -0.000449497718364, 0.00432673702016, -0.0120249139145, 0.017807662487]]
    },
    "spectral_contrast_coeffs": {
        "mean": [-0.64437931776, -0.694717824459, -0.751383364201, -0.79634732008, -0.777390241623, -0.798476040363],
        "stdev": [0.11988337338, 0.106094874442, 0.100964926183, 0.0866053327918, 0.0930236279964, 0.0685035511851]
    },
    "spectral_contrast_valleys": {
        "mean": [-8.06169986725, -8.24920272827, -9.49501609802, -10.2057228088, -11.4166202545, -14.8074016571],
        "stdev": [1.11733436584, 1.1727077961, 1.37858533859, 1.4177416563, 1.23992788792, 0.923046171665]
    }
},
"rhythm": {
    "beats_count": 177,
    "beats_loudness": {
        "mean": 0.019701635465,
        "stdev": 0.037329684943
    },
    "bpm": 102.27696228,
    "bpm_histogram_first_peak_bpm": 101,
    "bpm_histogram_first_peak_weight": 0.666666686535,
    "bpm_histogram_second_peak_bpm": 112,
    "bpm_histogram_second_peak_spread": 0.535714268684,
    "bpm_histogram_second_peak_weight": 0.073863632977,
    "danceability": 0.951457440853,
    "onset_rate": 2.39579820633,
    "beats_loudness_band_ratio": {
        "mean": [0.374023526907, 0.460169553757, 0.197633340955, 0.0565124303102, 0.017380040139, 0.00102599523962],
        "stdev": [0.323975563049, 0.263074308634, 0.202918082476, 0.0941106826067, 0.0457160249352, 0.00359321013093]
    },
    "beats_position": [0.708208620548, 1.40480720997, 2.11301589012, 2.82122445107, 3.52943301201, 4.2492518425, 4.92263031006, 5.59600877762, 6.25777769089, 6.91954612732, 7.47682523727, 8.04571437836, 8.6146030426, 9.17188167572, 9.72916126251, 10.3096599579, 10.866938591, 11.412607193, 11.9350566864, 12.4691152573, 12.9915647507, 13.5256233215, 14.0596818924, 14.5821313858, 15.1161899567, 15.6502494812, 16.1843090057, 16.7183666229, 17.2524261475, 17.786485672, 18.2276649475, 18.6688423157, 19.1100215912, 19.4699325562, 19.8298416138, 20.1897506714, 20.549659729, 20.8863487244, 21.2230377197, 21.5713367462, 21.9080276489, 22.2331066132, 22.5697956085, 22.9064846039, 23.2431735992, 23.5914726257, 24.0210418701, 24.4506111145, 24.89179039, 25.3329696655, 25.774148941, 26.2269382477, 26.7493877411, 27.2602272034, 27.7594547272, 28.2354640961, 28.6998634338, 29.1874828339, 29.6634922028, 30.1278915405, 30.6038990021, 31.0682983398, 31.5443077087, 32.0203170776, 32.4847145081, 33.0768241882, 33.6689338684, 34.3539237976, 35.0389099121, 35.7355079651, 36.4321098328, 37.1287078857, 37.7788658142, 38.4290237427, 39.0791816711, 39.7409515381, 40.3795013428, 41.0296592712, 41.6798171997, 42.3183670044, 43.0962333679, 43.8741035461, 44.7100219727, 45.5459403992, 46.4166870117, 47.287437439, 48.1581840515, 49.0173225403, 49.8532409668, 50.6891593933, 51.5250778198, 52.3609962463, 53.1969146729, 54.0328330994, 54.8687515259, 55.5537414551, 56.2387275696, 56.854057312, 57.4693870544, 58.1195449829, 58.7697029114, 59.4198646545, 59.9887504578, 60.5576400757, 61.1149177551, 61.683807373, 62.252696991, 62.8215866089, 63.4020843506, 63.9825820923, 64.5746917725, 65.1668014526, 65.7821273804, 66.3974609375, 67.0243988037, 67.6281204224, 68.2550582886, 68.8819961548, 69.5205459595, 70.1126480103, 70.7047576904, 71.2968673706, 71.8889770508, 72.4926986694, 73.0848083496, 73.6769180298, 74.2574157715, 74.8611297607, 75.4764633179, 76.1034011841, 76.7303390503, 77.368888855, 78.0074386597, 78.7620849609, 79.4819030762, 80.2017211914, 80.9215393066, 81.6413574219, 82.349571228, 83.0577774048, 83.684715271, 84.3116531372, 84.9037628174, 85.4958724976, 86.0879821777, 86.6104278564, 87.1328811646, 87.6553268433, 88.177772522, 88.7118377686, 89.2807235718, 89.8612213135, 90.4301147461, 90.9990005493, 91.579498291, 92.1483917236, 92.7172775269, 93.274559021, 93.8086166382, 94.3426742554, 94.8767318726, 95.3875732422, 95.8984146118, 96.4092483521, 96.9200897217, 97.4309310913, 97.9417648315, 98.4409942627, 98.9518356323, 99.462677002, 99.9270706177, 100.379859924, 100.844261169, 101.308662415, 101.77305603, 102.237457275, 102.701858521],
    "bpm_histogram": [0, 0, 0, 0, 0, 0, 0, 0, 0, 0, 0, 0, 0, 0, 0, 0, 0, 0, 0, 0, 0, 0, 0, 0, 0, 0, 0, 0, 0, 0, 0, 0, 0, 0, 0, 0, 0, 0, 0, 0, 0, 0, 0, 0, 0, 0, 0, 0, 0, 0, 0, 0, 0, 0, 0, 0, 0, 0, 0, 0, 0, 0, 0, 0, 0, 0, 0, 0, 0, 0.0170454550534, 0.00568181835115, 0, 0.0511363632977, 0, 0, 0, 0, 0.0113636367023, 0, 0, 0.00568181835115, 0, 0, 0.0284090917557, 0, 0.0284090917557, 0.0227272734046, 0, 0.0227272734046, 0.0113636367023, 0, 0.0170454550534, 0.0454545468092, 0, 0.0284090917557, 0, 0.0397727265954, 0, 0.0284090917557, 0.0170454550534, 0, 0.073863632977, 0, 0.0340909101069, 0, 0.0681818202138, 0, 0, 0.0340909101069, 0, 0.00568181835115, 0, 0.073863632977, 0, 0, 0.0454545468092, 0, 0.0511363632977, 0, 0, 0.0113636367023, 0, 0, 0.00568181835115, 0, 0, 0.0284090917557, 0, 0, 0.0568181835115, 0, 0, 0, 0.0113636367023, 0, 0, 0.0340909101069, 0, 0, 0, 0.0113636367023, 0, 0, 0, 0, 0, 0, 0, 0, 0, 0, 0, 0, 0, 0, 0, 0, 0, 0, 0, 0, 0, 0, 0, 0, 0, 0, 0.0227272734046, 0, 0, 0, 0, 0.0113636367023, 0, 0, 0, 0, 0, 0.0340909101069, 0, 0, 0, 0, 0, 0, 0.00568181835115, 0, 0, 0, 0, 0, 0, 0, 0, 0, 0, 0, 0, 0, 0, 0, 0, 0, 0, 0, 0, 0, 0, 0, 0, 0, 0, 0, 0, 0, 0, 0, 0, 0, 0, 0, 0, 0, 0, 0, 0, 0, 0, 0, 0, 0, 0, 0, 0, 0, 0, 0, 0, 0, 0, 0, 0, 0, 0, 0, 0, 0, 0, 0, 0]
},
"tonal": {
    "chords_changes_rate": 0.0591928251088,
    "chords_number_rate": 0.00807174853981,
    "chords_strength": {
        "mean": 0.506813466549,
        "stdev": 0.105351597071
    },
    "hpcp_crest": {
        "mean": 17.6961231232,
        "stdev": 7.82746362686
    },
    "hpcp_entropy": {
        "mean": 1.47314715385,
        "stdev": 0.689323663712
    },
    "key_edma": {
        "strength": 0.66706854105,
        "key": "G",
        "scale": "minor"
    },
    "key_krumhansl": {
        "strength": 0.682850599289,
        "key": "G",
        "scale": "minor"
    },
    "key_temperley": {
        "strength": 0.700631201267,
        "key": "G",
        "scale": "minor"
    },
    "tuning_diatonic_strength": 0.542147696018,
    "tuning_equal_tempered_deviation": 0.0725460797548,
    "tuning_frequency": 441.017791748,
    "tuning_nontempered_energy_ratio": 0.708106517792,
    "hpcp": {
        "mean": [0.19846893847, 0.144634306431, 0.0795959457755, 0.0853475034237, 0.0374755710363, 0.020961292088, 0.0312288329005, 0.0396397560835, 0.114960759878, 0.141010865569, 0.061098895967, 0.0314752422273, 0.0371326878667, 0.0334020219743, 0.121011860669, 0.212420046329, 0.137022316456, 0.0614230185747, 0.061557225883, 0.044369019568, 0.0518813058734, 0.0854449123144, 0.0644467547536, 0.0527786314487, 0.0744856223464, 0.0450910404325, 0.0189589522779, 0.0297343786806, 0.0421815775335, 0.247776374221, 0.350139439106, 0.1543071419, 0.0835532993078, 0.0960466116667, 0.0596151165664, 0.0989530608058],
        "stdev": [0.34686422348, 0.262182831764, 0.200596377254, 0.229586482048, 0.120978176594, 0.0938481017947, 0.11406006664, 0.116530753672, 0.239940837026, 0.278518348932, 0.167500212789, 0.0963799506426, 0.137598156929, 0.117516547441, 0.231220588088, 0.345866709948, 0.255237877369, 0.158652737737, 0.18232665956, 0.137247487903, 0.14126637578, 0.223110347986, 0.171206623316, 0.145301565528, 0.209029883146, 0.143513336778, 0.0694664642215, 0.117034628987, 0.135790541768, 0.337811678648, 0.438884973526, 0.243554100394, 0.214197933674, 0.249414280057, 0.172546923161, 0.207553759217]
    },
    "chords_histogram": [7.57847547531, 6.14349794388, 9.95515727997, 2.24215245247, 13.3632287979, 14.7533636093, 3.13901352882, 10.2242155075, 3.45291471481, 5.29147958755, 0, 6.68161439896, 1.43497753143, 1.07623314857, 3.09417033195, 0, 0, 0, 0.852017939091, 0.224215239286, 1.07623314857, 1.65919280052, 6.41255617142, 1.34529149532],
    "thpcp": [1, 0.440701961517, 0.238628640771, 0.27430960536, 0.170261070132, 0.282610446215, 0.56682831049, 0.41307631135, 0.22732642293, 0.243752896786, 0.107030421495, 0.0598655566573, 0.0891897007823, 0.113211341202, 0.32832852006, 0.402727752924, 0.17449875176, 0.0898934528232, 0.106051146984, 0.0953963398933, 0.34561046958, 0.60667270422, 0.391336411238, 0.175424456596, 0.175807744265, 0.126718148589, 0.14817327261, 0.244031101465, 0.184060260653, 0.150736033916, 0.212731316686, 0.128780245781, 0.0541468635201, 0.0849215388298, 0.120470799506, 0.707650542259],
    "chords_key": "C",
    "chords_scale": "major"
}
}