{
"metadata": {
    "version": {
        "essentia": "2.1-dev",
        "essentia_git_sha": "v2.1_beta3-415-gd5473f3",
        "extractor": "music 2.0"
    },
    "audio_properties": {
        "analysis": {
            "equal_loudness": 0,
            "length": 116.715103149,
            "sample_rate": 44100,
            "start_time": 0,
            "downmix": "mix"
        },
        "bit_rate": 192000,
        "length": 116.715103149,
        "lossless": 0,
        "number_channels": 2,
        "replay_gain": -5.84909439087,
        "sample_rate": 44100,
        "codec": "mp3",
        "md5_encoded": "abec08214caf5bdb58e40859c34c2541"
    },
    "tags": {
        "file_name": "bruckner-virga_jesse.mp3",
        "date": ["2004"],
        "engineer": ["rosamerica tamyo"]
    }
},
"lowlevel": {
    "average_loudness": 0.0258096698672,
    "barkbands_crest": {
        "mean": 12.1487541199,
        "stdev": 4.87835025787
    },
    "barkbands_flatness_db": {
        "mean": 0.211882039905,
        "stdev": 0.0514357089996
    },
    "barkbands_kurtosis": {
        "mean": 4.22077846527,
        "stdev": 7.69362831116
    },
    "barkbands_skewness": {
        "mean": 1.11454415321,
        "stdev": 1.1442630291
    },
    "barkbands_spread": {
        "mean": 12.1723213196,
        "stdev": 8.07925510406
    },
    "dissonance": {
        "mean": 0.442772656679,
        "stdev": 0.0516243688762
    },
    "dynamic_complexity": 11.1810522079,
    "erbbands_crest": {
        "mean": 13.6932697296,
        "stdev": 6.0634188652
    },
    "erbbands_flatness_db": {
        "mean": 0.276160627604,
        "stdev": 0.0638148188591
    },
    "erbbands_kurtosis": {
        "mean": 2.00099039078,
        "stdev": 6.01286554337
    },
    "erbbands_skewness": {
        "mean": 0.890982687473,
        "stdev": 1.15930604935
    },
    "erbbands_spread": {
        "mean": 22.1431503296,
        "stdev": 16.2467041016
    },
    "hfc": {
        "mean": 11.7394275665,
        "stdev": 18.8966884613
    },
    "loudness_ebu128": {
        "integrated": -17.3922290802,
        "loudness_range": 22.5977077484,
        "momentary": {
            "mean": -27.1948738098,
            "stdev": 11.1648616791
        },
        "short_term": {
            "mean": -24.6690788269,
            "stdev": 8.47995090485
        }
    },
    "melbands_crest": {
        "mean": 15.4029684067,
        "stdev": 5.68096494675
    },
    "melbands_flatness_db": {
        "mean": 0.249287977815,
        "stdev": 0.0619987808168
    },
    "melbands_kurtosis": {
        "mean": 9.62629699707,
        "stdev": 16.7644615173
    },
    "melbands_skewness": {
        "mean": 1.90265679359,
        "stdev": 1.46453356743
    },
    "melbands_spread": {
        "mean": 16.2633075714,
        "stdev": 12.1981678009
    },
    "pitch_salience": {
        "mean": 0.515943944454,
        "stdev": 0.128516703844
    },
    "silence_rate_20dB": {
        "mean": 1,
        "stdev": 0
    },
    "silence_rate_30dB": {
        "mean": 0.997812271118,
        "stdev": 0.0467220656574
    },
    "silence_rate_60dB": {
        "mean": 0.524065256119,
        "stdev": 0.499433755875
    },
    "spectral_centroid": {
        "mean": 1238.96154785,
        "stdev": 630.544494629
    },
    "spectral_complexity": {
        "mean": 10.2269296646,
        "stdev": 10.1864519119
    },
    "spectral_decrease": {
        "mean": -2.58584709201e-09,
        "stdev": 4.36394831382e-09
    },
    "spectral_energy": {
        "mean": 0.0108243711293,
        "stdev": 0.0181524921209
    },
    "spectral_energyband_high": {
        "mean": 2.0829249479e-05,
        "stdev": 3.12840056722e-05
    },
    "spectral_energyband_low": {
        "mean": 1.74658871401e-05,
        "stdev": 1.57479971676e-05
    },
    "spectral_energyband_middle_high": {
        "mean": 0.00559934973717,
        "stdev": 0.011636399664
    },
    "spectral_energyband_middle_low": {
        "mean": 0.00554874632508,
        "stdev": 0.0109412008896
    },
    "spectral_entropy": {
        "mean": 7.02354955673,
        "stdev": 0.524328768253
    },
    "spectral_flux": {
        "mean": 0.0469157844782,
        "stdev": 0.0469213500619
    },
    "spectral_kurtosis": {
        "mean": 10.1307411194,
        "stdev": 5.79873275757
    },
    "spectral_rms": {
        "mean": 0.00235284515657,
        "stdev": 0.00224153301679
    },
    "spectral_rolloff": {
        "mean": 1391.83911133,
        "stdev": 1213.71508789
    },
    "spectral_skewness": {
        "mean": 1.97857546806,
        "stdev": 0.679304718971
    },
    "spectral_spread": {
        "mean": 2851419.75,
        "stdev": 2091695.625
    },
    "spectral_strongpeak": {
        "mean": 1.06028807163,
        "stdev": 1.40083312988
    },
    "zerocrossingrate": {
        "mean": 0.0508943870664,
        "stdev": 0.0294097159058
    },
    "barkbands": {
        "mean": [3.53812756657e-05, 2.15528075387e-06, 3.45663966073e-06, 1.28420733745e-05, 9.04989428818e-05, 0.000112796304165, 0.000550148019101, 0.000958264397923, 0.00291734957136, 0.00206675333902, 0.000455277098808, 0.000891468138434, 0.000644423533231, 0.000551623932552, 0.000487602548674, 0.000135833426611, 0.0002724447113, 0.000386323808925, 0.000213838517084, 2.03773379326e-05, 4.43486396762e-06, 3.47362379216e-06, 4.49980370831e-06, 2.35778475144e-06, 6.17897455868e-07, 1.14216661018e-07, 4.61961402465e-09],
        "stdev": [2.47738462349e-05, 3.48699290953e-06, 6.88568979967e-06, 2.86214544758e-05, 0.000132972912979, 0.000201814080356, 0.00120468507521, 0.00193949486129, 0.00816596765071, 0.00812093354762, 0.00143679766916, 0.00328879454173, 0.00220890250057, 0.0018338462105, 0.00155465351418, 0.000253347679973, 0.000444572244305, 0.000606271438301, 0.000341814215062, 3.58580437023e-05, 8.38893174659e-06, 5.76115735385e-06, 7.3216160672e-06, 4.61730087409e-06, 2.53839448305e-06, 3.79166266384e-07, 2.1141733697e-08]
    },
    "erbbands": {
        "mean": [0.000121283963381, 0.000575691927224, 0.0034392750822, 0.0236997585744, 0.157119899988, 0.350595355034, 0.467204451561, 1.14032948017, 4.73753023148, 13.9759378433, 27.8608798981, 56.1579399109, 91.8778686523, 30.9145812988, 20.9956665039, 41.7751541138, 29.5424308777, 28.6980686188, 28.0005664825, 16.3857326508, 8.52591991425, 16.1944637299, 20.4920845032, 17.2637691498, 6.09754180908, 1.00610339642, 0.286662250757, 0.144242137671, 0.122050173581, 0.133201181889, 0.11937969178, 0.0759521722794, 0.0268943887204, 0.00983195193112, 0.00289683719166, 0.000779247260652, 0.000169026461663, 2.36780833802e-05, 6.77181742503e-06, 1.32053319248e-05],
        "stdev": [8.855091437e-05, 0.000929844973143, 0.00574309239164, 0.0454443469644, 0.28257676959, 0.563239514828, 0.759753108025, 2.00567317009, 8.50226020813, 29.7351856232, 53.4880943298, 134.085250854, 312.887969971, 119.565177917, 60.8435592651, 155.641662598, 87.7866363525, 80.2649993896, 90.1871261597, 46.1936988831, 13.3402938843, 25.9437122345, 32.6449928284, 26.4077033997, 10.1195697784, 1.65680110455, 0.516005456448, 0.283396810293, 0.202793747187, 0.21957051754, 0.197066515684, 0.133711799979, 0.0606377162039, 0.0388310663402, 0.0118800289929, 0.00255276332609, 0.000602978165261, 8.37606639834e-05, 1.06923444037e-05, 2.18633886107e-05]
    },
    "gfcc": {
        "mean": [-200.142654419, 104.548416138, -173.924331665, -1.05346918106, -69.3906021118, -10.3694181442, -48.0384101868, 13.0495595932, -6.17267847061, -9.43731212616, -0.556479275227, -9.02057361603, -14.2832641602],
        "cov": [[19421.8613281, -1218.04772949, -6116.24267578, -2315.59545898, -558.440856934, -1449.09069824, 290.496032715, -12.5422391891, -211.129180908, -1061.32556152, 605.518859863, -219.209075928, -648.804260254], [-1218.04772949, 1010.11230469, 517.070251465, 118.771942139, 137.21282959, -191.672470093, -202.30368042, -127.770713806, -52.8754234314, -63.2744865417, 76.0232315063, 47.1520614624, 85.8890838623], [-6116.24267578, 517.070251465, 2453.8659668, 993.296020508, 91.3681716919, 418.812805176, -273.339141846, -97.654548645, -53.0514984131, 288.596801758, -240.536956787, 120.61441803, 202.522155762], [-2315.59545898, 118.771942139, 993.296020508, 717.767822266, 142.615982056, 94.4618530273, -269.546051025, -105.16595459, -36.9422950745, 123.145263672, -130.680084229, 19.4177093506, 49.6761016846], [-558.440856934, 137.21282959, 91.3681716919, 142.615982056, 262.087768555, -23.0212230682, -105.986251831, -27.6919689178, 39.6969566345, 23.0136489868, -59.2176818848, -76.9025878906, -11.0657253265], [-1449.09069824, -191.672470093, 418.812805176, 94.4618530273, -23.0212230682, 455.021820068, 189.625732422, 75.3742370605, -19.5150756836, 85.6806411743, -140.277404785, -8.9964132309, 36.6096076965], [290.496032715, -202.30368042, -273.339141846, -269.546051025, -105.986251831, 189.625732422, 432.190063477, 159.188278198, -40.7752571106, -105.725631714, -17.4928779602, 15.1386871338, 18.3565349579], [-12.5422391891, -127.770713806, -97.654548645, -105.16595459, -27.6919689178, 75.3742370605, 159.188278198, 161.111602783, 62.9553642273, -0.821356654167, -25.4887275696, -13.1812038422, 8.4534368515], [-211.129180908, -52.8754234314, -53.0514984131, -36.9422950745, 39.6969566345, -19.5150756836, -40.7752571106, 62.9553642273, 229.583450317, 137.013442993, -34.6469421387, -95.85131073, -12.4892082214], [-1061.32556152, -63.2744865417, 288.596801758, 123.145263672, 23.0136489868, 85.6806411743, -105.725631714, -0.821356654167, 137.013442993, 262.941650391, -4.97344303131, -31.2805137634, -4.36002588272], [605.518859863, 76.0232315063, -240.536956787, -130.680084229, -59.2176818848, -140.277404785, -17.4928779602, -25.4887275696, -34.6469421387, -4.97344303131, 211.149719238, 94.2319717407, -30.7849521637], [-219.209075928, 47.1520614624, 120.61441803, 19.4177093506, -76.9025878906, -8.9964132309, 15.1386871338, -13.1812038422, -95.85131073, -31.2805137634, 94.2319717407, 164.371337891, 49.721408844], [-648.804260254, 85.8890838623, 202.522155762, 49.6761016846, -11.0657253265, 36.6096076965, 18.3565349579, 8.4534368515, -12.4892082214, -4.36002588272, -30.7849521637, 49.721408844, 136.753799438]],
        "icov": [[0.000576775870286, 2.95910322166e-05, 0.00133796536829, 6.63140872348e-06, 0.00118245207705, 0.00039615566493, 0.000852261844557, -0.000119763804832, 0.000670239445753, 0.000667363521643, 0.00069426978007, 0.000141593176522, 0.000803917821031], [2.95910322166e-05, 0.00251367688179, -0.00152505934238, 0.00150770915207, -0.00144494744018, 0.000830746081192, 0.000424051540904, 0.00095597357722, -0.000326518696966, 0.00201926426962, -0.00242240587249, 0.0016390735982, -0.00128954439424], [0.00133796536829, -0.00152505934238, 0.00554283848032, -0.00243242247961, 0.00391796557233, -0.000331688061124, 0.00200482644141, -0.000847125309519, 0.00185206381138, -0.000408804073231, 0.0037798685953, -0.00170387479011, 0.00179620122071], [6.63140872348e-06, 0.00150770915207, -0.00243242247961, 0.00573459779844, -0.00226528407075, 0.000931482820306, 0.00185328791849, 0.000416640337789, 0.00123484956566, 0.000370256690076, 0.000720374519005, -0.0001575256465, 0.000240499328356], [0.00118245207705, -0.00144494744018, 0.00391796557233, -0.00226528407075, 0.00881259515882, 0.000108876352897, 0.00245227338746, -0.00118788937107, 0.0013594821794, 0.0010041964706, 0.00225224997848, 0.00234742672183, 0.00177599710878], [0.00039615566493, 0.000830746081192, -0.000331688061124, 0.000931482820306, 0.000108876352897, 0.00713157746941, -0.0030330508016, 1.3094066162e-05, 0.00332352588885, -0.00349302310497, 0.00404105661437, -0.000265872164164, 0.00121506804135], [0.000852261844557, 0.000424051540904, 0.00200482644141, 0.00185328791849, 0.00245227338746, -0.0030330508016, 0.00944223813713, -0.0054893088527, 0.00225527444854, 0.00400865776464, -0.000556402141228, 0.00142085633706, -9.09357768251e-05], [-0.000119763804832, 0.00095597357722, -0.000847125309519, 0.000416640337789, -0.00118788937107, 1.3094066162e-05, -0.0054893088527, 0.0144119858742, -0.00675704609603, 0.00163311429787, 0.000397204334149, -0.00266527640633, 0.000174347936991], [0.000670239445753, -0.000326518696966, 0.00185206381138, 0.00123484956566, 0.0013594821794, 0.00332352588885, 0.00225527444854, -0.00675704609603, 0.0148736052215, -0.00736132450402, 0.00275801913813, 0.00545737054199, -0.000710873282515], [0.000667363521643, 0.00201926426962, -0.000408804073231, 0.000370256690076, 0.0010041964706, -0.00349302310497, 0.00400865776464, 0.00163311429787, -0.00736132450402, 0.0139520745724, -0.00641095964238, 0.00260649551637, 0.000127886392875], [0.00069426978007, -0.00242240587249, 0.0037798685953, 0.000720374519005, 0.00225224997848, 0.00404105661437, -0.000556402141228, 0.000397204334149, 0.00275801913813, -0.00641095964238, 0.0183101966977, -0.0119964620098, 0.00663748383522], [0.000141593176522, 0.0016390735982, -0.00170387479011, -0.0001575256465, 0.00234742672183, -0.000265872164164, 0.00142085633706, -0.00266527640633, 0.00545737054199, 0.00260649551637, -0.0119964620098, 0.0205206573009, -0.00712199835107], [0.000803917821031, -0.00128954439424, 0.00179620122071, 0.000240499328356, 0.00177599710878, 0.00121506804135, -9.09357768251e-05, 0.000174347936991, -0.000710873282515, 0.000127886392875, 0.00663748383522, -0.00712199835107, 0.0130315953866]]
    },
    "melbands": {
        "mean": [2.05661626751e-06, 1.37599442951e-06, 7.37945538276e-06, 1.87413206731e-05, 1.67305388459e-05, 2.6038112992e-05, 8.32762962091e-05, 0.000155480607646, 0.000253833917668, 0.000392793765059, 0.00046421715524, 0.000134418747621, 6.51191076031e-05, 8.67078560987e-05, 0.000104377213574, 5.40961991646e-05, 5.41279296158e-05, 4.56987836515e-05, 3.54649164365e-05, 1.13466321636e-05, 9.52372647589e-06, 1.65921428561e-05, 1.7461958123e-05, 1.87551813724e-05, 1.40076044772e-05, 6.03241869612e-06, 1.78500840775e-06, 3.80298928349e-07, 1.97478257746e-07, 9.4115584659e-08, 7.89893945807e-08, 6.75307845199e-08, 6.75266846883e-08, 7.84759279782e-08, 6.87637111696e-08, 6.58419168076e-08, 3.90044760934e-08, 1.97842524585e-08, 1.19410650257e-08, 6.85190748584e-09],
        "stdev": [1.30277601329e-06, 2.28436169891e-06, 1.37917777465e-05, 2.86209542537e-05, 2.60523120232e-05, 4.70044615213e-05, 0.000159927367349, 0.000315666635288, 0.000505681964569, 0.00105829769745, 0.00159551471006, 0.000599381979555, 0.000206829659874, 0.000310349743813, 0.000382054975489, 0.000167210615473, 0.00016647920711, 0.000160043695359, 0.000108712534711, 2.80935801129e-05, 1.52147240442e-05, 2.77359085885e-05, 2.86229114863e-05, 2.99454459309e-05, 2.22173293878e-05, 1.00326751635e-05, 3.33744560521e-06, 6.84597694089e-07, 3.91575639469e-07, 2.09390776718e-07, 1.57785493116e-07, 1.16978483788e-07, 1.19906005125e-07, 1.32307960143e-07, 1.21589906144e-07, 1.13847967498e-07, 7.61303837749e-08, 4.49850858786e-08, 3.67205217344e-08, 3.15556185626e-08]
    },
    "melbands128": {
        "mean": [8.21291177999e-06, 1.42838484862e-06, 6.66781716063e-07, 9.53471328557e-07, 1.34361016535e-06, 1.83142287824e-06, 3.20329741044e-06, 8.02810791356e-06, 1.67668586073e-05, 1.85482822417e-05, 2.07583652809e-05, 1.69909490069e-05, 1.2795114344e-05, 2.07159955607e-05, 1.99805017473e-05, 2.90704192594e-05, 4.98076988151e-05, 7.98777182354e-05, 0.000126442158944, 0.000177673209691, 0.000148922743392, 0.000155190064106, 0.000294322875561, 0.000313923228532, 0.000301390216919, 0.000403484184062, 0.000655187875964, 0.000457680696854, 0.000374939118046, 0.000160005627549, 4.93075785926e-05, 6.36784025119e-05, 7.3490300565e-05, 6.28873021924e-05, 4.92416620546e-05, 9.09023437998e-05, 0.000158585957251, 0.000108813932457, 8.05759991636e-05, 4.52599997516e-05, 5.2210787544e-05, 5.83786713833e-05, 4.7864181397e-05, 5.79028492211e-05, 5.32821613888e-05, 3.60617559636e-05, 4.71103012387e-05, 4.70045197289e-05, 2.58973977907e-05, 1.52155671458e-05, 8.57113718666e-06, 8.37094830786e-06, 7.99878398539e-06, 9.59175940807e-06, 1.4064977222e-05, 1.8705128241e-05, 1.73817606992e-05, 1.5934525436e-05, 1.75713521458e-05, 2.01439997909e-05, 1.91455019376e-05, 1.78920927283e-05, 1.63571967278e-05, 1.38675577546e-05, 8.55859707372e-06, 6.10860661254e-06, 4.41307520305e-06, 2.5328799893e-06, 1.22907374589e-06, 5.93246056724e-07, 3.48283464291e-07, 2.79118836488e-07, 2.69384145213e-07, 1.83391449582e-07, 1.18974476493e-07, 9.16267737239e-08, 9.13080029363e-08, 6.72817037639e-08, 8.59623767724e-08, 8.05303699281e-08, 6.22530578198e-08, 6.57412755345e-08, 6.77560336726e-08, 6.50732445706e-08, 7.13142469522e-08, 7.15267916007e-08, 8.6728000781e-08, 8.10952087704e-08, 6.46891962219e-08, 5.80325476562e-08, 7.82787381581e-08, 6.84608707502e-08, 4.62992524319e-08, 4.31755573516e-08, 3.10258627678e-08, 2.17397584379e-08, 1.81110024755e-08, 1.52309134194e-08, 1.1743513717e-08, 1.10781250839e-08, 8.28909652029e-09, 6.26486196253e-09, 4.8901651617e-09, 3.5062044379e-09, 3.01866021069e-09, 2.68740119047e-09, 1.96601845914e-09, 1.67090097314e-09, 1.16051934729e-09, 9.05711561305e-10, 6.95508983739e-10, 6.01565242064e-10, 4.85552320573e-10, 3.4583516606e-10, 2.62814325858e-10, 2.13054088261e-10, 1.60522775627e-10, 2.81291153564e-11, 3.48956757587e-12, 1.75289112652e-12, 1.71856268365e-12, 1.69074812744e-12, 1.65680446793e-12, 1.62096605669e-12, 1.60879957359e-12, 1.60039277837e-12, 1.59097344674e-12, 1.5775315082e-12],
        "stdev": [5.77221999265e-06, 9.38608593515e-07, 1.25574592857e-06, 1.70039800196e-06, 2.4263447358e-06, 3.91930871046e-06, 7.5588245636e-06, 1.8399232431e-05, 3.60971716873e-05, 3.54930562025e-05, 4.06253675465e-05, 3.36494922522e-05, 2.26423471759e-05, 5.3667496104e-05, 5.02459515701e-05, 7.30626197765e-05, 0.000125384744024, 0.000178993854206, 0.000385672145057, 0.00047004641965, 0.000418233394157, 0.000384009617846, 0.000704301288351, 0.000891678559128, 0.000905694323592, 0.00147827796172, 0.00297311623581, 0.00185168138705, 0.00192684179638, 0.00103105709422, 0.000173861481017, 0.000235132334637, 0.000297156249871, 0.000254112383118, 0.000175571447471, 0.000409362837672, 0.000770141370595, 0.000494737469126, 0.000445976038463, 0.000174064727616, 0.000228035249165, 0.000225392694119, 0.000180932809599, 0.000253154663369, 0.00026596346288, 0.000184938340681, 0.000213195904507, 0.000173699183506, 0.000120754593809, 5.48763018742e-05, 2.21215286729e-05, 2.06905842788e-05, 1.62792402989e-05, 1.77353485924e-05, 2.68944131676e-05, 3.76718599e-05, 3.64346233255e-05, 3.31056689902e-05, 3.49985566572e-05, 4.24234021921e-05, 3.55342344847e-05, 3.38165955327e-05, 2.96285888908e-05, 2.85463593173e-05, 1.54969020514e-05, 1.20471386253e-05, 1.01487084976e-05, 5.8515784076e-06, 2.51001392826e-06, 1.28749036321e-06, 7.78321236794e-07, 6.44339934297e-07, 6.74806301504e-07, 4.54625507018e-07, 3.04085574498e-07, 2.17884831955e-07, 3.33393302299e-07, 1.82968506124e-07, 2.05577762813e-07, 1.75669867986e-07, 1.24853386296e-07, 1.35198092721e-07, 1.41267520348e-07, 1.29928707793e-07, 1.76974737087e-07, 1.41563930356e-07, 1.60898494528e-07, 1.84231709e-07, 1.3195359827e-07, 1.06269503419e-07, 1.60004205441e-07, 1.32273470399e-07, 8.61708642219e-08, 9.13162878646e-08, 7.11679390974e-08, 5.63330679881e-08, 4.31065281248e-08, 4.16001917358e-08, 3.2622899937e-08, 4.47138432946e-08, 4.66862388748e-08, 2.98138687072e-08, 2.94013275948e-08, 1.54344554915e-08, 1.16967990849e-08, 1.30616744087e-08, 6.87908752184e-09, 5.44007505709e-09, 3.64489194382e-09, 3.40974604107e-09, 2.43687314772e-09, 2.57612375876e-09, 2.13716688791e-09, 1.1204557282e-09, 1.07095199375e-09, 8.23862700283e-10, 7.41854466746e-10, 1.565649832e-10, 9.03190092161e-11, 4.52449275962e-12, 4.41443452973e-12, 4.31801339476e-12, 4.23255744689e-12, 4.15828873071e-12, 4.10008702337e-12, 4.05084256069e-12, 4.01378019363e-12, 3.99391327302e-12]
    },
    "mfcc": {
        "mean": [-819.308654785, 127.968330383, -41.2048110962, -0.176049113274, -2.33234286308, -26.2933292389, -21.2597026825, 5.17415714264, -14.5142221451, 7.8822555542, 10.4352293015, 1.26092338562, -3.13455295563],
        "cov": [[17942.8535156, 753.293884277, -5986.79394531, -1263.73583984, -1742.88208008, -1594.30529785, -398.322479248, 854.973266602, -1262.4744873, 106.377334595, 94.3794784546, 101.71081543, -445.340118408], [753.293884277, 944.867736816, -263.902191162, -27.5672893524, 29.3381996155, -241.743408203, -122.438354492, -53.3178901672, -242.540237427, -157.45324707, -50.363193512, -41.5933837891, 70.8197250366], [-5986.79394531, -263.902191162, 2483.05566406, 522.929870605, 530.360168457, 551.166687012, 148.529449463, -273.675628662, 363.520080566, -191.285293579, -164.405288696, -62.1126480103, 140.721786499], [-1263.73583984, -27.5672893524, 522.929870605, 514.221435547, 383.767791748, 75.9299850464, -118.991867065, -175.574508667, -25.8334598541, -76.2535476685, -85.806930542, -75.561164856, 36.8322296143], [-1742.88208008, 29.3381996155, 530.360168457, 383.767791748, 590.540344238, 179.973922729, -185.984283447, -285.201538086, 34.5259857178, 28.4448013306, 3.04634213448, -83.7737808228, 16.622297287], [-1594.30529785, -241.743408203, 551.166687012, 75.9299850464, 179.973922729, 319.480834961, 76.3639068604, -88.5775985718, 161.615386963, 42.5413589478, 7.63948822021, -43.8366088867, -39.7377281189], [-398.322479248, -122.438354492, 148.529449463, -118.991867065, -185.984283447, 76.3639068604, 312.531219482, 196.515441895, 87.4336242676, -66.6088180542, -57.7571372986, 11.026055336, -10.379319191], [854.973266602, -53.3178901672, -273.675628662, -175.574508667, -285.201538086, -88.5775985718, 196.515441895, 315.682281494, 26.5331707001, -41.2880516052, -42.4594764709, 19.0390014648, -46.8488807678], [-1262.4744873, -242.540237427, 363.520080566, -25.8334598541, 34.5259857178, 161.615386963, 87.4336242676, 26.5331707001, 322.781219482, 134.113998413, 37.970489502, -32.5653610229, -79.6015853882], [106.377334595, -157.45324707, -191.285293579, -76.2535476685, 28.4448013306, 42.5413589478, -66.6088180542, -41.2880516052, 134.113998413, 241.446762085, 133.387588501, -7.58693122864, -85.2770233154], [94.3794784546, -50.363193512, -164.405288696, -85.806930542, 3.04634213448, 7.63948822021, -57.7571372986, -42.4594764709, 37.970489502, 133.387588501, 165.726211548, 69.3919296265, -3.52462482452], [101.71081543, -41.5933837891, -62.1126480103, -75.561164856, -83.7737808228, -43.8366088867, 11.026055336, 19.0390014648, -32.5653610229, -7.58693122864, 69.3919296265, 160.497665405, 104.081008911], [-445.340118408, 70.8197250366, 140.721786499, 36.8322296143, 16.622297287, -39.7377281189, -10.379319191, -46.8488807678, -79.6015853882, -85.2770233154, -3.52462482452, 104.081008911, 205.352035522]],
        "icov": [[0.000724922399968, 0.000160172159667, 0.00117791595403, 2.73856094282e-05, 0.000940977246501, 0.000204996511457, 0.00105785345659, -0.000387085339753, 0.00136484159157, -2.46978561336e-05, 0.00101847376209, -0.000524165981915, 0.00143538671546], [0.000160172159667, 0.00215682853013, 0.000100799676147, 0.00132548273541, -0.000848022114951, 0.00221317331307, 0.000132952467538, 0.000455174798844, 0.000652435410302, 0.00196579191834, -0.00112338969484, 0.00195353431627, -3.5971221223e-05], [0.00117791595403, 0.000100799676147, 0.00356521294452, -0.000898442754988, 0.00164419226348, -0.00134235748556, 0.0015115783317, 0.000426231388701, -0.000238331384026, 0.00216503301635, 0.00191306287888, -0.00112616200931, 0.00142885942478], [2.73856094282e-05, 0.00132548273541, -0.000898442754988, 0.00607089838013, -0.00377567438409, 0.00267350045033, 0.000506779470015, -7.31717154849e-05, 0.00117163313553, 0.000954061630182, 0.00122285692487, 0.00116826372687, 0.000240182635025], [0.000940977246501, -0.000848022114951, 0.00164419226348, -0.00377567438409, 0.00784236006439, -0.00322013348341, 0.00314546236768, 0.000817509251647, 0.0013043533545, -0.000803573231678, 0.000405626371503, 0.0003709095472, 0.000962055521086], [0.000204996511457, 0.00221317331307, -0.00134235748556, 0.00267350045033, -0.00322013348341, 0.0115474322811, -0.00429059145972, 0.00322681851685, 0.000453891087091, 0.00053923932137, -0.0017420995282, 0.00173544615973, 0.0026265475899], [0.00105785345659, 0.000132952467538, 0.0015115783317, 0.000506779470015, 0.00314546236768, -0.00429059145972, 0.0115544889122, -0.00616893870756, 0.000745874014683, 0.00212936638854, 0.00213416060433, -0.000520854955539, 0.000687306572217], [-0.000387085339753, 0.000455174798844, 0.000426231388701, -7.31717154849e-05, 0.000817509251647, 0.00322681851685, -0.00616893870756, 0.0111046750098, -0.00336866197176, 0.00250173266977, 0.000493891886435, -0.00101069454104, 0.00175829371437], [0.00136484159157, 0.000652435410302, -0.000238331384026, 0.00117163313553, 0.0013043533545, 0.000453891087091, 0.000745874014683, -0.00336866197176, 0.0129072964191, -0.00809292029589, 0.00313553260639, -0.000834835809655, 0.0040589813143], [-2.46978561336e-05, 0.00196579191834, 0.00216503301635, 0.000954061630182, -0.000803573231678, 0.00053923932137, 0.00212936638854, 0.00250173266977, -0.00809292029589, 0.0196723137051, -0.011280217208, 0.00465012760833, 0.000943284365349], [0.00101847376209, -0.00112338969484, 0.00191306287888, 0.00122285692487, 0.000405626371503, -0.0017420995282, 0.00213416060433, 0.000493891886435, 0.00313553260639, -0.011280217208, 0.022105962038, -0.0121182901785, 0.0039690095], [-0.000524165981915, 0.00195353431627, -0.00112616200931, 0.00116826372687, 0.0003709095472, 0.00173544615973, -0.000520854955539, -0.00101069454104, -0.000834835809655, 0.00465012760833, -0.0121182901785, 0.0196130368859, -0.00974061992019], [0.00143538671546, -3.5971221223e-05, 0.00142885942478, 0.000240182635025, 0.000962055521086, 0.0026265475899, 0.000687306572217, 0.00175829371437, 0.0040589813143, 0.000943284365349, 0.0039690095, -0.00974061992019, 0.0148091968149]]
    },
    "spectral_contrast_coeffs": {
        "mean": [-0.700584709644, -0.697909414768, -0.733129262924, -0.790490567684, -0.743922173977, -0.813240349293],
        "stdev": [0.0906378403306, 0.0943451449275, 0.100049078465, 0.0637175440788, 0.0783574655652, 0.0396300964057]
    },
    "spectral_contrast_valleys": {
        "mean": [-9.696434021, -8.18526172638, -9.1146697998, -8.92481708527, -9.40168190002, -12.3996171951],
        "stdev": [1.01123976707, 1.79006552696, 2.00966858864, 1.8853058815, 1.70666182041, 1.2101033926]
    }
},
"rhythm": {
    "beats_count": 219,
    "beats_loudness": {
        "mean": 0.0117446752265,
        "stdev": 0.0175811592489
    },
    "bpm": 117.726959229,
    "bpm_histogram_first_peak_bpm": 117,
    "bpm_histogram_first_peak_weight": 0.5,
    "bpm_histogram_second_peak_bpm": 126,
    "bpm_histogram_second_peak_spread": 0.487804889679,
    "bpm_histogram_second_peak_weight": 0.0963302776217,
    "danceability": 0.760786533356,
    "onset_rate": 0.98520720005,
    "beats_loudness_band_ratio": {
        "mean": [0.113756097853, 0.131097689271, 0.437974900007, 0.199814081192, 0.146237105131, 0.0259570423514],
        "stdev": [0.216350600123, 0.196046769619, 0.242791160941, 0.209200948477, 0.144405514002, 0.0358594544232]
    },
    "beats_position": [0.789478421211, 1.59056687355, 2.39165520668, 3.20435357094, 4.02866220474, 4.82975053787, 5.630838871, 6.420317173, 7.20979595184, 7.91800451279, 8.62621307373, 9.29959201813, 9.97297000885, 10.5650787354, 11.1687984467, 11.7725172043, 12.3646259308, 12.9567346573, 13.5604534149, 14.1641721725, 14.7678909302, 15.2787294388, 15.7895689011, 16.3120174408, 16.8112468719, 17.3104763031, 17.8097057343, 18.3089332581, 18.8081626892, 19.3190021515, 19.8298416138, 20.3406791687, 20.8631286621, 21.3855781555, 21.8964176178, 22.3840351105, 22.8600444794, 23.3476638794, 23.8352832794, 24.3229026794, 24.8105201721, 25.286529541, 25.7625389099, 26.2385482788, 26.7145576477, 27.1905670166, 27.6665763855, 28.142583847, 28.6185932159, 29.0946025848, 29.5706119537, 30.081451416, 30.5922889709, 31.2076187134, 31.7997264862, 32.4034461975, 32.9955558777, 33.5760536194, 34.1565513611, 34.7486610413, 35.3407707214, 35.9212684631, 36.5017662048, 37.093875885, 37.5698852539, 38.034286499, 38.5102958679, 38.9863014221, 39.462310791, 39.9499320984, 40.4259414673, 40.9019508362, 41.3779602051, 41.8423576355, 42.3067550659, 42.771156311, 43.2123336792, 43.6651229858, 44.1179122925, 44.5590934753, 45.011882782, 45.4646720886, 45.9174575806, 46.439907074, 46.9623565674, 47.4964179993, 48.0304756165, 48.5529251099, 49.0985946655, 49.6442604065, 50.1899299622, 50.7355995178, 51.2812690735, 51.8153266907, 52.3609962463, 52.906665802, 53.4523353577, 53.8935127258, 54.3463020325, 54.7990913391, 55.2634925842, 55.7278900146, 56.1922874451, 56.6218566895, 57.0630378723, 57.5042152405, 57.9453964233, 58.3865737915, 58.8277549744, 59.2573242188, 59.6288414001, 60.0003623962, 60.3718795776, 60.7434005737, 61.1381378174, 61.5328788757, 61.9276161194, 62.4152374268, 62.9028549194, 63.3788642883, 63.8664855957, 64.3657150269, 64.864944458, 65.3641738892, 65.8634033203, 66.3626327515, 66.8502502441, 67.2914276123, 67.7326049805, 68.1737823486, 68.6033554077, 69.0329208374, 69.4624938965, 69.9733352661, 70.4841690063, 70.995010376, 71.5174560547, 72.0282974243, 72.5391387939, 73.0499725342, 73.5492019653, 74.0484313965, 74.5592727661, 75.0701141357, 75.580947876, 76.0917892456, 76.6026306152, 77.1134643555, 77.6126937866, 78.1235351562, 78.6343765259, 79.0175018311, 79.4006347656, 79.7953720093, 80.2017211914, 80.619682312, 81.0376434326, 81.4439926147, 81.8735580444, 82.3031311035, 82.7210845947, 83.1390457153, 83.5453948975, 83.9517440796, 84.3580932617, 84.7992706299, 85.2520599365, 85.7048492432, 86.1576385498, 86.6220397949, 87.0748291016, 87.5160064697, 87.9804077148, 88.421585083, 88.8743743896, 89.3387756348, 89.814781189, 90.2907943726, 90.8132400513, 91.3356933594, 91.8697509766, 92.4618606567, 93.0423583984, 93.6576843262, 94.2730178833, 94.888343811, 95.4804534912, 96.0725631714, 96.6878890991, 97.3148269653, 97.9301605225, 98.4758224487, 99.0214920044, 99.5671615601, 100.112831116, 100.658500671, 101.238998413, 101.819496155, 102.400001526, 103.015327454, 103.619049072, 104.234375, 104.849700928, 105.465034485, 106.080360413, 106.69568634, 107.415504456, 108.1353302, 108.843536377, 109.551742554, 110.248344421, 110.956550598, 111.664756775, 112.38457489, 113.069564819, 113.766166687, 114.451156616, 115.136146545, 115.821128845],
    "bpm_histogram": [0, 0, 0, 0, 0, 0, 0, 0, 0, 0, 0, 0, 0, 0, 0, 0, 0, 0, 0, 0, 0, 0, 0, 0, 0, 0, 0, 0, 0, 0, 0, 0, 0, 0, 0, 0, 0, 0, 0, 0, 0, 0, 0, 0, 0, 0, 0, 0, 0, 0, 0, 0, 0, 0, 0, 0, 0, 0, 0, 0, 0, 0, 0, 0, 0, 0, 0, 0, 0, 0, 0, 0, 0, 0.00458715576679, 0.00458715576679, 0.0183486230671, 0.00917431153357, 0, 0, 0, 0, 0, 0, 0.0137614682317, 0, 0.0275229364634, 0.00917431153357, 0, 0.0183486230671, 0.00917431153357, 0, 0, 0, 0, 0, 0, 0.00458715576679, 0, 0.0550458729267, 0.0321100912988, 0, 0.050458714366, 0, 0.0366972461343, 0, 0, 0, 0, 0, 0, 0.0596330277622, 0, 0.0183486230671, 0, 0, 0.041284404695, 0, 0.100917428732, 0, 0, 0.0596330277622, 0, 0, 0.0458715595305, 0, 0, 0.0963302776217, 0, 0, 0.0458715595305, 0, 0, 0, 0.0550458729267, 0, 0, 0.0642201825976, 0, 0, 0, 0.0321100912988, 0, 0, 0, 0.0183486230671, 0, 0, 0, 0.0229357797652, 0, 0, 0, 0.0183486230671, 0, 0, 0, 0, 0.00917431153357, 0, 0, 0, 0.0183486230671, 0, 0, 0, 0, 0, 0, 0, 0, 0, 0, 0, 0, 0, 0, 0, 0, 0, 0, 0, 0, 0, 0, 0, 0, 0, 0, 0, 0, 0, 0, 0, 0, 0, 0, 0, 0, 0, 0, 0, 0, 0, 0, 0, 0, 0, 0, 0, 0, 0, 0, 0, 0, 0, 0, 0, 0, 0, 0, 0, 0, 0, 0, 0, 0, 0, 0, 0, 0, 0, 0, 0, 0, 0, 0, 0, 0, 0, 0, 0, 0, 0, 0, 0, 0, 0, 0, 0, 0]
},
"tonal": {
    "chords_changes_rate": 0.0528827048838,
    "chords_number_rate": 0.00795228593051,
    "chords_strength": {
        "mean": 0.636593341827,
        "stdev": 0.0919764637947
    },
    "hpcp_crest": {
        "mean": 12.4169931412,
        "stdev": 5.30627584457
    },
    "hpcp_entropy": {
        "mean": 2.05540251732,
        "stdev": 0.652827262878
    },
    "key_edma": {
        "strength": 0.642009854317,
        "key": "G",
        "scale": "major"
    },
    "key_krumhansl": {
        "strength": 0.631403982639,
        "key": "G",
        "scale": "major"
    },
    "key_temperley": {
        "strength": 0.605954885483,
        "key": "G",
        "scale": "major"
    },
    "tuning_diatonic_strength": 0.56097984314,
    "tuning_equal_tempered_deviation": 0.250404804945,
    "tuning_frequency": 435.197479248,
    "tuning_nontempered_energy_ratio": 0.892547309399,
    "hpcp": {
        "mean": [0.112743839622, 0.0973655954003, 0.100648522377, 0.122756548226, 0.134969949722, 0.132255226374, 0.157683506608, 0.188203021884, 0.170940235257, 0.141553252935, 0.122210294008, 0.100324504077, 0.0920600518584, 0.0887878090143, 0.0920298174024, 0.134537249804, 0.194088459015, 0.212346330285, 0.197896718979, 0.182042092085, 0.171306267381, 0.158219799399, 0.144226193428, 0.133218109608, 0.114552468061, 0.099616765976, 0.114934854209, 0.140749946237, 0.147921055555, 0.158230736852, 0.182335227728, 0.200916856527, 0.188833490014, 0.163392320275, 0.137122631073, 0.121987231076],
        "stdev": [0.220119982958, 0.191837638617, 0.184669062495, 0.219321459532, 0.238704323769, 0.222221136093, 0.249512016773, 0.289656192064, 0.260494589806, 0.24466240406, 0.235328257084, 0.204598516226, 0.187575191259, 0.184911251068, 0.179350540042, 0.234048426151, 0.303203999996, 0.298889189959, 0.276479542255, 0.260806530714, 0.263824850321, 0.241496905684, 0.232972815633, 0.218685120344, 0.201374992728, 0.177825167775, 0.201516389847, 0.237367719412, 0.235135748982, 0.234197080135, 0.253668397665, 0.278691142797, 0.269137173891, 0.255936592817, 0.236874088645, 0.222046718001]
    },
    "chords_histogram": [9.58250522614, 2.22664022446, 2.54473161697, 0, 2.58449316025, 3.97614312172, 6.75944328308, 3.57852888107, 6.28230619431, 5.8449306488, 1.9483101368, 1.590457201, 0.954274356365, 1.86878728867, 2.74353885651, 13.9562625885, 8.54870796204, 7.27634191513, 4.25447320938, 0, 0.874751508236, 4.93041753769, 2.22664022446, 5.44731616974],
    "thpcp": [1, 0.931952595711, 0.857288599014, 0.806730508804, 0.745102584362, 0.679202675819, 0.627362430096, 0.539460539818, 0.469124019146, 0.541261315346, 0.662832021713, 0.69660282135, 0.745154082775, 0.858669102192, 0.946175336838, 0.889271259308, 0.769461452961, 0.645749926567, 0.57447296381, 0.530943214893, 0.458522617817, 0.473982870579, 0.578095912933, 0.635612368584, 0.62282794714, 0.742577016354, 0.886302232742, 0.805006802082, 0.666615009308, 0.575523436069, 0.47245696187, 0.433537274599, 0.41812735796, 0.433394908905, 0.633574664593, 0.914018452168],
    "chords_key": "C",
    "chords_scale": "minor"
}
}