{
"metadata": {
    "version": {
        "essentia": "2.1-dev",
        "essentia_git_sha": "v2.1_beta3-415-gd5473f3",
        "extractor": "music 2.0"
    },
    "audio_properties": {
        "analysis": {
            "equal_loudness": 0,
            "length": 64.8399963379,
            "sample_rate": 44100,
            "start_time": 0,
            "downmix": "mix"
        },
        "bit_rate": 128000,
        "length": 64.8399963379,
        "lossless": 0,
        "number_channels": 2,
        "replay_gain": -6.67237663269,
        "sample_rate": 44100,
        "codec": "mp3",
        "md5_encoded": "de7cd2af2a0247213226faa818cbc320"
    },
    "tags": {
        "file_name": "corelli-trio_sonata_op._1.mp3",
        "album": ["Handel Oxford Water Music"],
        "artist": ["Brook Street Band"],
        "artistwebpage": ["http:\/\/www.magnatune.com\/artists\/brook_street"],
        "composer": ["www.magnatune.com\/artists\/brook_street"],
        "copyright": ["2004 Brook Street Band - Licensed to the public under http:\/\/creativecommons.org\/licenses\/by-nc-sa\/1.0\/ verify at http:\/\/www.magnatune.com\/artists\/brook_street"],
        "date": ["2003"],
        "encodedby": ["http:\/\/www.magnatune.com\/"],
        "filewebpage": ["http:\/\/www.magnatune.com\/artists\/brook_street"],
        "genre": ["Classical"],
        "length": ["65000"],
        "originalartist": ["http:\/\/www.magnatune.com\/artists\/brook_street"],
        "title": ["Corelli Trio Sonata Op. 1 No."],
        "tracknumber": ["12"]
    }
},
"lowlevel": {
    "average_loudness": 0.427209228277,
    "barkbands_crest": {
        "mean": 12.0106534958,
        "stdev": 4.61854171753
    },
    "barkbands_flatness_db": {
        "mean": 0.202779591084,
        "stdev": 0.0488945022225
    },
    "barkbands_kurtosis": {
        "mean": 7.35733604431,
        "stdev": 14.8339242935
    },
    "barkbands_skewness": {
        "mean": 2.03693962097,
        "stdev": 1.38447618484
    },
    "barkbands_spread": {
        "mean": 13.5038642883,
        "stdev": 7.18568849564
    },
    "dissonance": {
        "mean": 0.435812950134,
        "stdev": 0.0355579890311
    },
    "dynamic_complexity": 4.24108457565,
    "erbbands_crest": {
        "mean": 10.0184783936,
        "stdev": 4.31590223312
    },
    "erbbands_flatness_db": {
        "mean": 0.203849971294,
        "stdev": 0.0321342200041
    },
    "erbbands_kurtosis": {
        "mean": 0.00614556344226,
        "stdev": 2.30544543266
    },
    "erbbands_skewness": {
        "mean": 0.37354940176,
        "stdev": 0.78478717804
    },
    "erbbands_spread": {
        "mean": 34.8179588318,
        "stdev": 10.8771295547
    },
    "hfc": {
        "mean": 9.92811870575,
        "stdev": 8.99608039856
    },
    "loudness_ebu128": {
        "integrated": -15.795876503,
        "loudness_range": 6.32314395905,
        "momentary": {
            "mean": -18.2127323151,
            "stdev": 6.83923578262
        },
        "short_term": {
            "mean": -16.3663101196,
            "stdev": 2.01256799698
        }
    },
    "melbands_crest": {
        "mean": 17.0455665588,
        "stdev": 6.28156280518
    },
    "melbands_flatness_db": {
        "mean": 0.261562675238,
        "stdev": 0.066863566637
    },
    "melbands_kurtosis": {
        "mean": 15.5015239716,
        "stdev": 23.4513244629
    },
    "melbands_skewness": {
        "mean": 2.87974262238,
        "stdev": 1.61922097206
    },
    "melbands_spread": {
        "mean": 15.8160333633,
        "stdev": 11.1183738708
    },
    "pitch_salience": {
        "mean": 0.436556428671,
        "stdev": 0.122991211712
    },
    "silence_rate_20dB": {
        "mean": 0.999642074108,
        "stdev": 0.0189150758088
    },
    "silence_rate_30dB": {
        "mean": 0.971367239952,
        "stdev": 0.166771024466
    },
    "silence_rate_60dB": {
        "mean": 0.0948460996151,
        "stdev": 0.29300609231
    },
    "spectral_centroid": {
        "mean": 931.940246582,
        "stdev": 456.897277832
    },
    "spectral_complexity": {
        "mean": 12.4849681854,
        "stdev": 4.60556173325
    },
    "spectral_decrease": {
        "mean": -5.37683542134e-09,
        "stdev": 8.10140843299e-09
    },
    "spectral_energy": {
        "mean": 0.0211938992143,
        "stdev": 0.0312092453241
    },
    "spectral_energyband_high": {
        "mean": 9.1594440164e-05,
        "stdev": 0.00011895289208
    },
    "spectral_energyband_low": {
        "mean": 0.00463484041393,
        "stdev": 0.0104259159416
    },
    "spectral_energyband_middle_high": {
        "mean": 0.00273053115234,
        "stdev": 0.00263067963533
    },
    "spectral_energyband_middle_low": {
        "mean": 0.0165410097688,
        "stdev": 0.0300567895174
    },
    "spectral_entropy": {
        "mean": 6.50745296478,
        "stdev": 0.379806429148
    },
    "spectral_flux": {
        "mean": 0.025406640023,
        "stdev": 0.0170409511775
    },
    "spectral_kurtosis": {
        "mean": 10.037563324,
        "stdev": 6.05217838287
    },
    "spectral_rms": {
        "mean": 0.00393517641351,
        "stdev": 0.0022784685716
    },
    "spectral_rolloff": {
        "mean": 970.768493652,
        "stdev": 703.328979492
    },
    "spectral_skewness": {
        "mean": 2.218085289,
        "stdev": 0.616390049458
    },
    "spectral_spread": {
        "mean": 3077879.75,
        "stdev": 634819
    },
    "spectral_strongpeak": {
        "mean": 0.951945006847,
        "stdev": 1.08617591858
    },
    "zerocrossingrate": {
        "mean": 0.0384410507977,
        "stdev": 0.0190688557923
    },
    "barkbands": {
        "mean": [1.09023467303e-05, 0.000231881305808, 0.00159775710199, 0.00666948501021, 0.00559658836573, 0.00152841757517, 0.00147319422103, 0.000540939392522, 0.000706478371285, 0.000147524217027, 0.000705879181623, 0.000210314712604, 0.000142770048114, 0.00015989872918, 0.000232525955653, 0.000448884966318, 0.000324460008414, 0.000208503406611, 0.000102850142866, 7.2965369327e-05, 4.5033848437e-05, 1.46303300426e-05, 9.36101878324e-06, 6.40558937448e-06, 4.46737203674e-06, 1.82986684649e-06, 7.88007159525e-10],
        "stdev": [1.31995975607e-05, 0.00101373682264, 0.00413493067026, 0.0211068261415, 0.0169346798211, 0.00260459980927, 0.00221872050315, 0.00104577059392, 0.001115555875, 0.000231234022067, 0.00101456558332, 0.000480325310491, 0.000266754912445, 0.000316608784487, 0.000436382775661, 0.00132511777338, 0.000486652075779, 0.000487537181471, 0.000180219067261, 0.00013568851864, 7.33356209821e-05, 2.71694989351e-05, 1.52780739882e-05, 8.63326476974e-06, 6.22842117082e-06, 2.79244591184e-06, 1.49439849384e-09]
    },
    "erbbands": {
        "mean": [0.00213230913505, 0.0876312628388, 1.34917426109, 12.7543802261, 27.9004116058, 12.506937027, 8.97323608398, 13.1839981079, 18.0230102539, 19.5669708252, 15.1817598343, 12.354891777, 9.29791259766, 19.0467662811, 16.5599842072, 7.25617694855, 7.45925760269, 5.84298610687, 8.41575336456, 14.2299165726, 32.0690689087, 22.419752121, 10.9338960648, 8.64138412476, 4.71370601654, 2.58697319031, 2.07542538643, 1.23864972591, 0.571365892887, 0.344862580299, 0.221793085337, 0.15169416368, 0.0924967452884, 0.0541736371815, 0.0327005423605, 0.0144691755995, 0.00197367207147, 4.28975217801e-05, 1.24198832054e-05, 2.42735568463e-05],
        "stdev": [0.00543843070045, 0.298817932606, 2.77828264236, 34.544303894, 82.7674560547, 24.3786659241, 19.410276413, 20.3870811462, 29.9035511017, 28.2425823212, 23.2760658264, 19.9008903503, 18.8542327881, 33.3408889771, 19.4293212891, 13.3263635635, 12.5586128235, 7.27644777298, 14.9499158859, 20.5093326569, 91.4539489746, 34.4670677185, 20.5003166199, 13.6541461945, 7.07688331604, 3.80566811562, 3.30473852158, 2.57398200035, 1.07787644863, 0.579228460789, 0.326424926519, 0.198261797428, 0.14727859199, 0.0808611884713, 0.0488612316549, 0.0214057881385, 0.00299478578381, 5.90492818446e-05, 1.51299427671e-05, 3.43150641129e-05]
    },
    "gfcc": {
        "mean": [-76.6698913574, 122.844734192, -136.414779663, 22.4018535614, -64.2585296631, -10.7224369049, -53.1549453735, 3.60947322845, -32.8844146729, -13.6774139404, -23.1297531128, -7.69039535522, -8.43390369415],
        "cov": [[10166.4726562, -850.39276123, -1803.25219727, -277.460205078, -440.230529785, -528.487670898, -552.783996582, -230.536499023, -473.270324707, -247.228927612, -367.686859131, -267.978027344, -266.470947266], [-850.39276123, 715.736022949, 397.557189941, -29.4498500824, 193.498123169, -18.4129371643, 128.904296875, -46.5742912292, 132.093505859, -35.4297561646, 115.690689087, -16.4938411713, 30.0825748444], [-1803.25219727, 397.557189941, 733.100646973, 196.794906616, 193.557312012, 144.429077148, 175.593978882, 44.2661209106, 113.687210083, 22.629617691, 61.0379295349, 5.99506521225, 24.2949867249], [-277.460205078, -29.4498500824, 196.794906616, 239.296142578, 76.9521102905, 81.4575500488, 68.254196167, 45.3084259033, 17.7217578888, 16.4774589539, 1.17286992073, 11.2437772751, -0.986605226994], [-440.230529785, 193.498123169, 193.557312012, 76.9521102905, 200.757919312, 65.6979980469, 48.2694625854, -1.4388923645, 45.7201194763, 3.78347539902, 15.2466773987, 2.12853980064, 7.46605300903], [-528.487670898, -18.4129371643, 144.429077148, 81.4575500488, 65.6979980469, 165.757125854, 70.403678894, 29.0626621246, 25.9958648682, 41.2740592957, 3.56601572037, 23.2535037994, 11.9678592682], [-552.783996582, 128.904296875, 175.593978882, 68.254196167, 48.2694625854, 70.403678894, 131.382995605, 39.5734329224, 30.6376628876, 9.67404842377, 22.4046363831, 12.5605478287, 12.1929960251], [-230.536499023, -46.5742912292, 44.2661209106, 45.3084259033, -1.4388923645, 29.0626621246, 39.5734329224, 106.622817993, 25.3139820099, 5.59670686722, 1.55774152279, 16.9902076721, 11.3012695312], [-473.270324707, 132.093505859, 113.687210083, 17.7217578888, 45.7201194763, 25.9958648682, 30.6376628876, 25.3139820099, 109.094825745, 21.4165306091, 30.8345222473, 24.2614574432, 22.257774353], [-247.228927612, -35.4297561646, 22.629617691, 16.4774589539, 3.78347539902, 41.2740592957, 9.67404842377, 5.59670686722, 21.4165306091, 101.267227173, 44.2916488647, 29.9915981293, -0.947431981564], [-367.686859131, 115.690689087, 61.0379295349, 1.17286992073, 15.2466773987, 3.56601572037, 22.4046363831, 1.55774152279, 30.8345222473, 44.2916488647, 140.577590942, 51.8963432312, 0.988184332848], [-267.978027344, -16.4938411713, 5.99506521225, 11.2437772751, 2.12853980064, 23.2535037994, 12.5605478287, 16.9902076721, 24.2614574432, 29.9915981293, 51.8963432312, 106.09765625, 36.8179512024], [-266.470947266, 30.0825748444, 24.2949867249, -0.986605226994, 7.46605300903, 11.9678592682, 12.1929960251, 11.3012695312, 22.257774353, -0.947431981564, 0.988184332848, 36.8179512024, 108.271347046]],
        "icov": [[0.000291877717245, -0.000738786591683, 0.000866380578373, -0.000805487681646, 0.000415842834627, -0.000153918575961, 0.000874101067893, -0.000223077149712, 0.000790729187429, -8.36032413645e-05, 0.000690136861522, -4.5215983846e-05, 0.000480850663735], [-0.000738786591683, 0.0116247758269, -0.0050975070335, 0.00704623013735, -0.00738138752058, 0.00641217175871, -0.0110596772283, 0.00649625435472, -0.00892963819206, 0.00477897468954, -0.00807580910623, 0.00415347097442, -0.00293363304809], [0.000866380578373, -0.0050975070335, 0.00643198238686, -0.00517221353948, 0.00194236636162, -0.00284389848821, 0.00294410693459, -0.00186974194366, 0.00264237984084, -0.00114455108996, 0.00295184715651, -0.000155354835442, 0.00157488626428], [-0.000805487681646, 0.00704623013735, -0.00517221353948, 0.0112831927836, -0.00562968896702, 0.00245317677036, -0.0074219238013, 0.00158990151249, -0.00417538033798, 0.00197830586694, -0.00422166893259, 0.00131053221412, -0.00142131210305], [0.000415842834627, -0.00738138752058, 0.00194236636162, -0.00562968896702, 0.0123308701441, -0.00602852227166, 0.00726400827989, -0.00227892072871, 0.00355540425517, -0.00175682920963, 0.00463660247624, -0.00223898747936, 0.00179586408194], [-0.000153918575961, 0.00641217175871, -0.00284389848821, 0.00245317677036, -0.00602852227166, 0.0144372023642, -0.00953133590519, 0.00321223540232, -0.0039792098105, -0.00149436679203, -0.00158181076404, 0.000652078771964, -0.00134429975878], [0.000874101067893, -0.0110596772283, 0.00294410693459, -0.0074219238013, 0.00726400827989, -0.00953133590519, 0.0244608465582, -0.00916700810194, 0.00891913473606, -0.00288991583511, 0.00602497393265, -0.00341222272255, 0.00249724229798], [-0.000223077149712, 0.00649625435472, -0.00186974194366, 0.00158990151249, -0.00227892072871, 0.00321223540232, -0.00916700810194, 0.0159942172468, -0.00774099398404, 0.00343645457178, -0.00354226864874, 0.00131839571986, -0.00154954660684], [0.000790729187429, -0.00892963819206, 0.00264237984084, -0.00417538033798, 0.00355540425517, -0.0039792098105, 0.00891913473606, -0.00774099398404, 0.0203520078212, -0.00548832071945, 0.00550834229216, -0.00424136826769, 0.000954562448896], [-8.36032413645e-05, 0.00477897468954, -0.00114455108996, 0.00197830586694, -0.00175682920963, -0.00149436679203, -0.00288991583511, 0.00343645457178, -0.00548832071945, 0.0161192305386, -0.00715808290988, 0.000710829743184, 8.72828677529e-05], [0.000690136861522, -0.00807580910623, 0.00295184715651, -0.00422166893259, 0.00463660247624, -0.00158181076404, 0.00602497393265, -0.00354226864874, 0.00550834229216, -0.00715808290988, 0.0169435963035, -0.00810331664979, 0.00419376557693], [-4.5215983846e-05, 0.00415347097442, -0.000155354835442, 0.00131053221412, -0.00223898747936, 0.000652078771964, -0.00341222272255, 0.00131839571986, -0.00424136826769, 0.000710829743184, -0.00810331664979, 0.01659007743, -0.00557893374935], [0.000480850663735, -0.00293363304809, 0.00157488626428, -0.00142131210305, 0.00179586408194, -0.00134429975878, 0.00249724229798, -0.00154954660684, 0.000954562448896, 8.72828677529e-05, 0.00419376557693, -0.00557893374935, 0.0124369021505]]
    },
    "melbands": {
        "mean": [3.82972575608e-05, 0.000473528139992, 0.00280891312286, 0.00151695520617, 0.000314078788506, 0.000304047862301, 0.000288158800686, 0.000193304222194, 0.000124537633383, 7.99865447334e-05, 4.39405012003e-05, 6.97873765603e-05, 7.77950990596e-05, 2.0047671569e-05, 2.06444947253e-05, 1.57887498062e-05, 1.00756069514e-05, 1.18848629427e-05, 2.34094950429e-05, 1.53273940668e-05, 3.87990621675e-05, 2.58996369666e-05, 6.61878630126e-06, 1.23016343423e-05, 6.40072539682e-06, 4.24319341619e-06, 3.44879686054e-06, 1.06682261958e-06, 1.46692502767e-06, 7.19212778222e-07, 7.16881572771e-07, 2.99999726394e-07, 2.83777836785e-07, 1.81577362923e-07, 1.28817220002e-07, 1.04122598543e-07, 9.29108949776e-08, 6.52629950082e-08, 5.1181643812e-08, 4.41852705535e-08],
        "stdev": [0.000156187918037, 0.00109530147165, 0.0073653399013, 0.00425198720768, 0.000553219171707, 0.00045146048069, 0.000424465688411, 0.000276075035799, 0.000179338632734, 0.00014805313549, 9.36165306484e-05, 0.000122838071547, 9.55730574788e-05, 6.03770640737e-05, 4.75021042803e-05, 3.08965209115e-05, 1.44078176163e-05, 2.9731201721e-05, 4.60828487121e-05, 2.91298329103e-05, 0.000116576418804, 4.27636587119e-05, 1.0794075024e-05, 3.37942838087e-05, 9.69065422396e-06, 6.85254872224e-06, 7.83653376857e-06, 1.98513248506e-06, 2.65794051302e-06, 1.20724212138e-06, 1.80286156137e-06, 5.45721491108e-07, 7.03594309925e-07, 3.58651931265e-07, 2.0390210409e-07, 1.70440614511e-07, 1.42138190995e-07, 1.10039486856e-07, 8.93126923529e-08, 7.15459904654e-08]
    },
    "melbands128": {
        "mean": [6.69803284836e-06, 5.2492832765e-06, 2.34956860368e-05, 0.000150778883835, 0.000334444805048, 0.000965942046605, 0.00237877736799, 0.00364474020898, 0.00317071820609, 0.00151319522411, 0.000502684852108, 0.000315114099067, 0.000293392047752, 0.000322527397657, 0.000238038206589, 0.000363277125871, 0.000337875564583, 0.000220774352783, 0.000343131774571, 0.000230000630836, 8.57345366967e-05, 0.000143958182889, 0.000114765258331, 0.000157248534379, 5.43862770428e-05, 6.90165979904e-05, 9.29490051931e-05, 2.05503165489e-05, 3.56120763172e-05, 1.27901948872e-05, 0.000109633401735, 0.000133147477754, 9.15179189178e-05, 1.52778884512e-05, 3.52654096787e-05, 1.41554592119e-05, 6.73428621667e-06, 3.79015255021e-05, 1.31220522235e-05, 1.24352682178e-05, 1.83986612683e-05, 1.75385357579e-05, 6.04236629442e-06, 2.15466093323e-06, 2.98804898193e-05, 6.07112406215e-06, 8.68990071012e-07, 4.05066057283e-05, 1.79713388206e-05, 2.14387182496e-05, 3.12300198857e-06, 4.76931700177e-06, 9.21352693695e-05, 1.7385393221e-05, 6.44334477329e-06, 5.09543933731e-05, 1.455301026e-05, 3.09202937387e-06, 6.04003025728e-06, 8.4140783656e-06, 1.55239449668e-05, 1.34193114718e-05, 3.78608524443e-06, 3.48883168044e-06, 1.2583899661e-05, 2.44256420956e-06, 4.88255011533e-07, 4.91577611683e-06, 3.62574041901e-06, 2.35362813328e-06, 1.06448158022e-06, 6.72174678584e-07, 3.95683144916e-07, 2.76872174254e-06, 1.00997397112e-06, 6.11169582498e-07, 4.6738165338e-07, 9.42536530602e-07, 8.31588465644e-07, 4.87574880026e-07, 2.44201686428e-07, 1.60497037882e-07, 4.1660490524e-07, 4.00170932835e-07, 6.79864911035e-08, 1.24122450984e-07, 3.08811706873e-07, 1.50371576524e-07, 8.66218812234e-08, 9.62579917996e-08, 1.99909010234e-07, 3.20043547219e-08, 9.95782443169e-08, 1.00833887018e-07, 9.87911406014e-08, 5.25635392989e-08, 7.01582862916e-08, 5.88232822452e-08, 6.28106633371e-08, 2.64742823219e-08, 5.8162886063e-08, 4.27806448045e-08, 4.20405470436e-08, 2.71520690376e-08, 5.30522612507e-08, 2.52099621179e-08, 3.702674789e-08, 2.52032688053e-08, 2.73002349616e-08, 1.91670679328e-08, 2.51131311302e-08, 8.45565928387e-09, 5.20990972586e-10, 4.15227184233e-12, 4.01555047894e-12, 3.89799997835e-12, 3.77358170753e-12, 3.66045084868e-12, 3.5651091454e-12, 3.48117997102e-12, 3.40669636598e-12, 3.34879259739e-12, 3.27325666571e-12, 3.21488929228e-12, 3.17487095641e-12, 3.14758418982e-12, 3.1243601456e-12, 3.10103808951e-12],
        "stdev": [8.2094948084e-06, 6.60719342704e-06, 9.59663448157e-05, 0.000676304509398, 0.000835886923596, 0.00267603993416, 0.00651540281251, 0.0120989019051, 0.0110059566796, 0.005490350537, 0.000787735800259, 0.000578170467634, 0.000836680119392, 0.000936423311941, 0.00042111199582, 0.000748997088522, 0.00076067133341, 0.000418657582486, 0.000674249546137, 0.000409683358157, 0.000162674870808, 0.000400659802835, 0.000197294051759, 0.00026548319147, 0.000115777409519, 0.000231520301895, 0.000290838826913, 3.75459385396e-05, 8.09914999991e-05, 2.10652542592e-05, 0.000254550890531, 0.000219175941311, 0.000144396210089, 3.5779987229e-05, 0.000140634700074, 4.70341256005e-05, 1.40066795211e-05, 0.00010717438272, 3.91083631257e-05, 3.08286071231e-05, 5.71655218664e-05, 3.2909149013e-05, 1.0963168279e-05, 5.35132539881e-06, 8.28603879199e-05, 1.86625766219e-05, 2.02139517569e-06, 0.000103595055407, 2.96300531772e-05, 5.06597716594e-05, 5.54336565983e-06, 1.7183348973e-05, 0.000305242603645, 3.95139322791e-05, 1.30829012051e-05, 9.11331153475e-05, 3.13975797326e-05, 1.10557148219e-05, 1.60472554853e-05, 2.30068362725e-05, 5.18126071256e-05, 4.92478793603e-05, 1.09180837171e-05, 7.12050496077e-06, 2.94729616144e-05, 5.2672298807e-06, 1.12650525352e-06, 1.35691389005e-05, 9.64208356891e-06, 4.87396118842e-06, 2.7669393603e-06, 2.4300354653e-06, 8.61118451212e-07, 6.51228538118e-06, 2.08822802961e-06, 1.61819411915e-06, 1.30313378577e-06, 3.21480456478e-06, 3.68869859813e-06, 1.51933295456e-06, 5.68452492189e-07, 4.44039415015e-07, 1.29288230255e-06, 1.07881783151e-06, 1.35640846111e-07, 2.69126672947e-07, 8.1821593767e-07, 3.81390321991e-07, 1.97903020194e-07, 2.58197957237e-07, 4.72397630347e-07, 6.32393053479e-08, 1.81419508749e-07, 2.44052188236e-07, 2.15251020563e-07, 1.31445716534e-07, 2.06990534934e-07, 1.57269170131e-07, 1.6329772734e-07, 6.4471990413e-08, 1.39799709586e-07, 1.20994144481e-07, 7.8578011653e-08, 5.16338864998e-08, 1.18613094457e-07, 6.71552911058e-08, 7.93743097915e-08, 6.19369657784e-08, 5.91603743771e-08, 3.78307554172e-08, 5.4771529534e-08, 1.36039437493e-08, 1.75057734975e-09, 7.94742917309e-12, 7.67742119878e-12, 7.43079642956e-12, 7.19661222975e-12, 6.98548684175e-12, 6.79029315415e-12, 6.61228233625e-12, 6.45680557632e-12, 6.32380215901e-12, 6.19113050757e-12, 6.08665331678e-12, 5.99771577889e-12, 5.93348981059e-12, 5.88059202028e-12, 5.84491352887e-12]
    },
    "mfcc": {
        "mean": [-717.31060791, 147.11100769, -13.8830728531, 24.376750946, -3.38573932648, -17.714056015, -13.6583461761, -2.98681354523, -8.13194942474, -11.7265663147, -14.4125843048, -9.78121757507, -7.39967918396],
        "cov": [[8111.07861328, 167.936065674, -1553.77709961, -291.408081055, -491.618652344, -539.336181641, -405.991394043, -291.123687744, -341.533874512, -248.521743774, -295.227111816, -239.338165283, -302.227630615], [167.936065674, 821.789916992, -16.9912986755, 10.773317337, 42.0202941895, -21.978269577, -44.5618782043, -7.492374897, -29.1419811249, -37.9421005249, -39.3326034546, 17.0565700531, 45.9555244446], [-1553.77709961, -16.9912986755, 593.497192383, 168.549118042, 136.690887451, 148.21434021, 113.636398315, 99.8039093018, 102.893486023, 87.2607040405, 64.5794830322, 21.8673038483, 62.6412467957], [-291.408081055, 10.773317337, 168.549118042, 200.775436401, 75.4000473022, 61.5915908813, 62.0685997009, 52.5094337463, 37.5197563171, 24.4554042816, 32.8350639343, 4.1009721756, 23.0062866211], [-491.618652344, 42.0202941895, 136.690887451, 75.4000473022, 174.196212769, 88.9001159668, 40.7951927185, 35.2488365173, 47.7871894836, 26.3382587433, 17.7477321625, 19.1127243042, 33.7964859009], [-539.336181641, -21.978269577, 148.21434021, 61.5915908813, 88.9001159668, 196.395828247, 68.9608230591, 26.2305145264, 48.2492103577, 24.8059654236, 35.0261993408, 21.0820541382, 41.740032196], [-405.991394043, -44.5618782043, 113.636398315, 62.0685997009, 40.7951927185, 68.9608230591, 137.771759033, 33.9233360291, 19.7724647522, 30.1957931519, 30.3903808594, 15.6320867538, 16.9126186371], [-291.123687744, -7.492374897, 99.8039093018, 52.5094337463, 35.2488365173, 26.2305145264, 33.9233360291, 119.915466309, 53.8605880737, 11.6763868332, 25.225976944, 10.5375452042, 26.130115509], [-341.533874512, -29.1419811249, 102.893486023, 37.5197563171, 47.7871894836, 48.2492103577, 19.7724647522, 53.8605880737, 157.389419556, 36.8484649658, -8.83814811707, -17.6088047028, 4.6986784935], [-248.521743774, -37.9421005249, 87.2607040405, 24.4554042816, 26.3382587433, 24.8059654236, 30.1957931519, 11.6763868332, 36.8484649658, 110.003456116, 16.0429668427, -19.715631485, 7.09636545181], [-295.227111816, -39.3326034546, 64.5794830322, 32.8350639343, 17.7477321625, 35.0261993408, 30.3903808594, 25.225976944, -8.83814811707, 16.0429668427, 110.03692627, 33.9576759338, 9.65190982819], [-239.338165283, 17.0565700531, 21.8673038483, 4.1009721756, 19.1127243042, 21.0820541382, 15.6320867538, 10.5375452042, -17.6088047028, -19.715631485, 33.9576759338, 138.996963501, 52.6372108459], [-302.227630615, 45.9555244446, 62.6412467957, 23.0062866211, 33.7964859009, 41.740032196, 16.9126186371, 26.130115509, 4.6986784935, 7.09636545181, 9.65190982819, 52.6372108459, 134.668716431]],
        "icov": [[0.000318380625686, -3.56463642674e-05, 0.000736520218197, -0.000480865564896, 0.000289113260806, 5.0226226449e-05, 0.000277169718174, -6.02890577284e-05, 0.000245764764259, -2.98303366435e-05, 0.000360822712537, 0.000227346288739, 0.000233280690736], [-3.56463642674e-05, 0.00135376327671, -0.000116418559628, -0.000112411544251, -0.000563719135243, 0.000210977756069, 0.000390266213799, 1.18212501548e-05, 0.000281916290987, 0.000349744164851, 0.000430269050412, -4.04650418204e-05, -0.000487126817461], [0.000736520218197, -0.000116418559628, 0.004738884978, -0.0023731677793, 6.38314304524e-05, -0.000682770565618, 1.6439216779e-05, -0.000985258142464, -5.62628047192e-05, -0.00132945936639, 0.000329825299559, 0.000439618423115, 0.000155034984346], [-0.000480865564896, -0.000112411544251, -0.0023731677793, 0.00830580480397, -0.00217096996494, 3.19661339745e-05, -0.00207976088859, -0.0011653873371, -0.000327383138938, 0.000555610109586, -0.00145409128163, 0.000488535850309, -0.000438220682554], [0.000289113260806, -0.000563719135243, 6.38314304524e-05, -0.00217096996494, 0.00925813242793, -0.00273242010735, 0.000503053655848, -0.000389600812923, -0.000750549719669, -0.000783298513852, 0.000768175523262, -0.000653192284517, -1.3990995285e-05], [5.0226226449e-05, 0.000210977756069, -0.000682770565618, 3.19661339745e-05, -0.00273242010735, 0.00856329221278, -0.00257474789396, 0.00166864844505, -0.00167799927294, 0.000929935660679, -0.00158435979392, 0.00032720839954, -0.00162079103757], [0.000277169718174, 0.000390266213799, 1.6439216779e-05, -0.00207976088859, 0.000503053655848, -0.00257474789396, 0.0108131244779, -0.00159347010776, 0.00129943503998, -0.00175414502155, 0.000116917995911, -0.000689233769663, 0.000767605670262], [-6.02890577284e-05, 1.18212501548e-05, -0.000985258142464, -0.0011653873371, -0.000389600812923, 0.00166864844505, -0.00159347010776, 0.0123304380104, -0.00406810129061, 0.0016493787989, -0.00254652043805, 0.000202678886126, -0.00193543930072], [0.000245764764259, 0.000281916290987, -5.62628047192e-05, -0.000327383138938, -0.000750549719669, -0.00167799927294, 0.00129943503998, -0.00406810129061, 0.00975593179464, -0.00224203034304, 0.0029147893656, 0.000689258740749, 0.00117148715071], [-2.98303366435e-05, 0.000349744164851, -0.00132945936639, 0.000555610109586, -0.000783298513852, 0.000929935660679, -0.00175414502155, 0.0016493787989, -0.00224203034304, 0.0119277779013, -0.00198568427004, 0.00249959458597, -0.00123919779435], [0.000360822712537, 0.000430269050412, 0.000329825299559, -0.00145409128163, 0.000768175523262, -0.00158435979392, 0.000116917995911, -0.00254652043805, 0.0029147893656, -0.00198568427004, 0.0126095628366, -0.00276917405427, 0.00171720457729], [0.000227346288739, -4.04650418204e-05, 0.000439618423115, 0.000488535850309, -0.000653192284517, 0.00032720839954, -0.000689233769663, 0.000202678886126, 0.000689258740749, 0.00249959458597, -0.00276917405427, 0.0100716333836, -0.0035481187515], [0.000233280690736, -0.000487126817461, 0.000155034984346, -0.000438220682554, -1.3990995285e-05, -0.00162079103757, 0.000767605670262, -0.00193543930072, 0.00117148715071, -0.00123919779435, 0.00171720457729, -0.0035481187515, 0.0101913362741]]
    },
    "spectral_contrast_coeffs": {
        "mean": [-0.533984899521, -0.674313127995, -0.657499134541, -0.688930690289, -0.685691595078, -0.72630161047],
        "stdev": [0.122443392873, 0.0876094996929, 0.0713432207704, 0.0767704322934, 0.0694722533226, 0.0589580647647]
    },
    "spectral_contrast_valleys": {
        "mean": [-8.23989200592, -7.52308034897, -8.78240299225, -9.29016780853, -9.42164707184, -12.5550775528],
        "stdev": [0.851881802082, 1.02688479424, 0.849210619926, 0.823066473007, 0.804923295975, 0.665996074677]
    }
},
"rhythm": {
    "beats_count": 119,
    "beats_loudness": {
        "mean": 0.0230005700141,
        "stdev": 0.0322404243052
    },
    "bpm": 113.932876587,
    "bpm_histogram_first_peak_bpm": 115,
    "bpm_histogram_first_peak_weight": 0.5,
    "bpm_histogram_second_peak_bpm": 105,
    "bpm_histogram_second_peak_spread": 0.464285731316,
    "bpm_histogram_second_peak_weight": 0.127118647099,
    "danceability": 0.865241229534,
    "onset_rate": 0.493421047926,
    "beats_loudness_band_ratio": {
        "mean": [0.406895965338, 0.311227709055, 0.184720724821, 0.0899645164609, 0.0817336440086, 0.0153475245461],
        "stdev": [0.274830281734, 0.212067633867, 0.145987719297, 0.0939565524459, 0.0962798371911, 0.0166007988155]
    },
    "beats_position": [0.476009070873, 0.96362811327, 1.46285712719, 1.9620860815, 2.46131515503, 2.94893407822, 3.43655323982, 3.93578219414, 4.43501138687, 4.92263031006, 5.41024923325, 5.90947818756, 6.43192720413, 6.9543762207, 7.46521520615, 7.97605419159, 8.48689365387, 8.99773216248, 9.52018165588, 10.0310201645, 10.5418596268, 11.0643081665, 11.5751476288, 12.0859861374, 12.5852155685, 13.0960540771, 13.6068935394, 14.0945119858, 14.5821313858, 15.0813598633, 15.5805892944, 16.0914287567, 16.6719264984, 17.2524261475, 17.8329238892, 18.4134235382, 18.9939231873, 19.5628108978, 20.1317005157, 20.7005901337, 21.2694778442, 21.8383674622, 22.4072551727, 22.9761447906, 23.5566444397, 24.1255321503, 24.6944217682, 25.2633094788, 25.8321990967, 26.4010887146, 26.9235363007, 27.4459857941, 27.9684352875, 28.4908847809, 29.0133323669, 29.5357818604, 30.0582313538, 30.5806789398, 31.0915184021, 31.6487979889, 32.2060775757, 32.7749671936, 33.3438529968, 33.901134491, 34.4468002319, 34.9924697876, 35.5381393433, 36.0838088989, 36.6294784546, 37.1751480103, 37.7208137512, 38.2664833069, 38.8005447388, 39.334602356, 39.8570518494, 40.3795013428, 40.9019508362, 41.4360084534, 41.9700660706, 42.5041275024, 43.0497932434, 43.5722427368, 44.0946922302, 44.6171417236, 45.139591217, 45.6736488342, 46.2077102661, 46.7417678833, 47.2758255005, 47.8098869324, 48.3323364258, 48.8547821045, 49.4004516602, 49.9461212158, 50.480178833, 51.0142402649, 51.5366897583, 52.0707473755, 52.6048049927, 53.1272544861, 53.6497039795, 54.1721534729, 54.6946029663, 55.2518806458, 55.8091583252, 56.3780479431, 56.9701576233, 57.5622673035, 58.1892051697, 58.8045349121, 59.4198646545, 60.0235824585, 60.6273002625, 61.2426300049, 61.8579597473, 62.473285675, 63.0886154175, 63.7039451599, 64.3192749023],
    "bpm_histogram": [0, 0, 0, 0, 0, 0, 0, 0, 0, 0, 0, 0, 0, 0, 0, 0, 0, 0, 0, 0, 0, 0, 0, 0, 0, 0, 0, 0, 0, 0, 0, 0, 0, 0, 0, 0, 0, 0, 0, 0, 0, 0, 0, 0, 0, 0, 0, 0, 0, 0, 0, 0, 0, 0, 0, 0, 0, 0, 0, 0, 0, 0, 0, 0, 0, 0, 0, 0, 0, 0, 0, 0, 0, 0, 0, 0, 0, 0, 0, 0, 0, 0, 0, 0, 0, 0, 0, 0, 0, 0, 0, 0, 0, 0, 0, 0, 0.00847457628697, 0, 0.0677966102958, 0.0169491525739, 0, 0.0169491525739, 0, 0.0508474558592, 0, 0.127118647099, 0, 0, 0.0423728823662, 0, 0.0932203382254, 0, 0.118644066155, 0, 0, 0.220338985324, 0, 0.101694911718, 0, 0, 0.0762711837888, 0, 0, 0.0593220330775, 0, 0, 0, 0, 0, 0, 0, 0, 0, 0, 0, 0, 0, 0, 0, 0, 0, 0, 0, 0, 0, 0, 0, 0, 0, 0, 0, 0, 0, 0, 0, 0, 0, 0, 0, 0, 0, 0, 0, 0, 0, 0, 0, 0, 0, 0, 0, 0, 0, 0, 0, 0, 0, 0, 0, 0, 0, 0, 0, 0, 0, 0, 0, 0, 0, 0, 0, 0, 0, 0, 0, 0, 0, 0, 0, 0, 0, 0, 0, 0, 0, 0, 0, 0, 0, 0, 0, 0, 0, 0, 0, 0, 0, 0, 0, 0, 0, 0, 0, 0, 0, 0, 0, 0, 0, 0, 0, 0, 0, 0, 0, 0, 0, 0, 0, 0, 0, 0, 0, 0, 0, 0, 0, 0, 0, 0]
},
"tonal": {
    "chords_changes_rate": 0.04792560637,
    "chords_number_rate": 0.00786838307977,
    "chords_strength": {
        "mean": 0.478084534407,
        "stdev": 0.098772585392
    },
    "hpcp_crest": {
        "mean": 16.3361530304,
        "stdev": 6.12505531311
    },
    "hpcp_entropy": {
        "mean": 1.53153514862,
        "stdev": 0.5276029706
    },
    "key_edma": {
        "strength": 0.799604773521,
        "key": "B",
        "scale": "major"
    },
    "key_krumhansl": {
        "strength": 0.807160973549,
        "key": "B",
        "scale": "major"
    },
    "key_temperley": {
        "strength": 0.814979016781,
        "key": "B",
        "scale": "major"
    },
    "tuning_diatonic_strength": 0.492536753416,
    "tuning_equal_tempered_deviation": 0.0105187669396,
    "tuning_frequency": 441.272583008,
    "tuning_nontempered_energy_ratio": 0.576184391975,
    "hpcp": {
        "mean": [0.00397146772593, 0.00535172410309, 0.103946276009, 0.199627742171, 0.104905463755, 0.110608451068, 0.280095428228, 0.180251419544, 0.0116352085024, 0.00992207042873, 0.0079604787752, 0.0940538570285, 0.211300298572, 0.124491341412, 0.0104796905071, 0.0117433276027, 0.0120741706342, 0.149782449007, 0.266626179218, 0.134301885962, 0.0797914490104, 0.15732973814, 0.103053972125, 0.0518576130271, 0.0595721192658, 0.0334905199707, 0.134477287531, 0.295609533787, 0.180303350091, 0.0403368808329, 0.0462517216802, 0.0219484250993, 0.111099034548, 0.203925490379, 0.106916673481, 0.0098279658705],
        "stdev": [0.020434666425, 0.0482274889946, 0.168410226703, 0.298362612724, 0.163065269589, 0.1574023664, 0.367214202881, 0.262039721012, 0.0577796846628, 0.059514246881, 0.056771427393, 0.163006156683, 0.330551743507, 0.198956012726, 0.0447085164487, 0.0406096056104, 0.0644336119294, 0.220289334655, 0.347672432661, 0.199514791369, 0.195468902588, 0.333014667034, 0.225826963782, 0.159070134163, 0.159616336226, 0.10310960561, 0.210605382919, 0.376923292875, 0.245365723968, 0.144232288003, 0.180344820023, 0.090374134481, 0.198329240084, 0.341749936342, 0.200544789433, 0.0477393493056]
    },
    "chords_histogram": [23.4620895386, 9.15593719482, 17.9542198181, 2.14592266083, 1.64520740509, 0, 0, 0.214592278004, 4.72103023529, 1.64520740509, 0, 0, 0, 0, 0, 1.57367670536, 0, 0, 0, 0.357653796673, 0, 8.86981391907, 5.86552238464, 22.3891277313],
    "thpcp": [1, 0.609937548637, 0.13645324111, 0.156462207437, 0.0742480307817, 0.375830352306, 0.68984746933, 0.361682087183, 0.0332464426756, 0.0134348431602, 0.018104031682, 0.351633697748, 0.67530888319, 0.354878485203, 0.374170780182, 0.947518229485, 0.609761834145, 0.0393600575626, 0.0335647836328, 0.0269290320575, 0.318169236183, 0.714795291424, 0.421134382486, 0.0354511253536, 0.0397258065641, 0.0408449955285, 0.506690204144, 0.901953935623, 0.454321891069, 0.269921779633, 0.532221436501, 0.348615169525, 0.175426051021, 0.201522991061, 0.113293096423, 0.454915255308],
    "chords_key": "B",
    "chords_scale": "major"
}
}