{
"metadata": {
    "version": {
        "essentia": "2.1-dev",
        "essentia_git_sha": "v2.1_beta3-415-gd5473f3",
        "extractor": "music 2.0"
    },
    "audio_properties": {
        "analysis": {
            "equal_loudness": 0,
            "length": 580.494140625,
            "sample_rate": 44100,
            "start_time": 0,
            "downmix": "mix"
        },
        "bit_rate": 128000,
        "length": 580.494140625,
        "lossless": 0,
        "number_channels": 2,
        "replay_gain": -7.20104598999,
        "sample_rate": 44100,
        "codec": "mp3",
        "md5_encoded": "9fccc1c025dda439a35533b2f1396609"
    },
    "tags": {
        "file_name": "dvorak-violin_concerto_in_a_minor_op_53-finale.mp3",
        "album": ["Coleridge-Taylor - Dvorak - Vi"],
        "artist": ["Johannesburg Philharmonic"],
        "artistwebpage": ["http:\/\/www.magnatune.com\/artists\/johannesburg"],
        "composer": ["www.magnatune.com\/artists\/johannesburg"],
        "copyright": ["2004 Johannesburg Philharmonic - Licensed to the public under http:\/\/creativecommons.org\/licenses\/by-nc-sa\/1.0\/ verify at http:\/\/www.magnatune.com\/artists\/johannesburg"],
        "date": ["2004"],
        "encodedby": ["http:\/\/www.magnatune.com\/"],
        "filewebpage": ["http:\/\/www.magnatune.com\/artists\/johannesburg"],
        "genre": ["Classical"],
        "length": ["581000"],
        "originalartist": ["http:\/\/www.magnatune.com\/artists\/johannesburg"],
        "title": ["Dvorak, Violin Concerto in A M"],
        "tracknumber": ["6"]
    }
},
"lowlevel": {
    "average_loudness": 0.0270253214985,
    "barkbands_crest": {
        "mean": 10.781463623,
        "stdev": 4.1275677681
    },
    "barkbands_flatness_db": {
        "mean": 0.205154761672,
        "stdev": 0.0524281747639
    },
    "barkbands_kurtosis": {
        "mean": 3.976957798,
        "stdev": 5.975730896
    },
    "barkbands_skewness": {
        "mean": 1.26194310188,
        "stdev": 0.987350702286
    },
    "barkbands_spread": {
        "mean": 11.7162237167,
        "stdev": 7.9097738266
    },
    "dissonance": {
        "mean": 0.42446988821,
        "stdev": 0.0451003275812
    },
    "dynamic_complexity": 6.12276601791,
    "erbbands_crest": {
        "mean": 12.7569007874,
        "stdev": 5.36787223816
    },
    "erbbands_flatness_db": {
        "mean": 0.240725800395,
        "stdev": 0.0507867522538
    },
    "erbbands_kurtosis": {
        "mean": 1.69148361683,
        "stdev": 3.89666032791
    },
    "erbbands_skewness": {
        "mean": 0.797780692577,
        "stdev": 0.898977458477
    },
    "erbbands_spread": {
        "mean": 21.2409553528,
        "stdev": 10.6609296799
    },
    "hfc": {
        "mean": 8.11328792572,
        "stdev": 12.1103916168
    },
    "loudness_ebu128": {
        "integrated": -18.1400985718,
        "loudness_range": 15.4616603851,
        "momentary": {
            "mean": -22.4361038208,
            "stdev": 8.70962715149
        },
        "short_term": {
            "mean": -21.2530250549,
            "stdev": 5.11554718018
        }
    },
    "melbands_crest": {
        "mean": 13.5073757172,
        "stdev": 5.15300130844
    },
    "melbands_flatness_db": {
        "mean": 0.258522421122,
        "stdev": 0.0675919130445
    },
    "melbands_kurtosis": {
        "mean": 6.60494995117,
        "stdev": 9.01036071777
    },
    "melbands_skewness": {
        "mean": 1.62150347233,
        "stdev": 1.08372211456
    },
    "melbands_spread": {
        "mean": 16.4462833405,
        "stdev": 13.1900758743
    },
    "pitch_salience": {
        "mean": 0.528375506401,
        "stdev": 0.113622717559
    },
    "silence_rate_20dB": {
        "mean": 1,
        "stdev": 0
    },
    "silence_rate_30dB": {
        "mean": 0.987520515919,
        "stdev": 0.111003167927
    },
    "silence_rate_60dB": {
        "mean": 0.375744968653,
        "stdev": 0.484279423952
    },
    "spectral_centroid": {
        "mean": 1002.7711792,
        "stdev": 661.784606934
    },
    "spectral_complexity": {
        "mean": 9.48162078857,
        "stdev": 6.06303215027
    },
    "spectral_decrease": {
        "mean": -3.42282913124e-09,
        "stdev": 5.68572122717e-09
    },
    "spectral_energy": {
        "mean": 0.0136544378474,
        "stdev": 0.0224667321891
    },
    "spectral_energyband_high": {
        "mean": 7.73040592321e-05,
        "stdev": 0.000180816394277
    },
    "spectral_energyband_low": {
        "mean": 0.00198746006936,
        "stdev": 0.00616382434964
    },
    "spectral_energyband_middle_high": {
        "mean": 0.00243454775773,
        "stdev": 0.00431134738028
    },
    "spectral_energyband_middle_low": {
        "mean": 0.00969983264804,
        "stdev": 0.0169950071722
    },
    "spectral_entropy": {
        "mean": 6.63536834717,
        "stdev": 0.444556862116
    },
    "spectral_flux": {
        "mean": 0.0445306450129,
        "stdev": 0.0384791903198
    },
    "spectral_kurtosis": {
        "mean": 13.3490839005,
        "stdev": 12.1313619614
    },
    "spectral_rms": {
        "mean": 0.00288360775448,
        "stdev": 0.00223745801486
    },
    "spectral_rolloff": {
        "mean": 1161.2265625,
        "stdev": 1063.40490723
    },
    "spectral_skewness": {
        "mean": 2.51144433022,
        "stdev": 0.926297545433
    },
    "spectral_spread": {
        "mean": 2817580.5,
        "stdev": 1543457.75
    },
    "spectral_strongpeak": {
        "mean": 0.982173621655,
        "stdev": 1.0735206604
    },
    "zerocrossingrate": {
        "mean": 0.0444911681116,
        "stdev": 0.0309479534626
    },
    "barkbands": {
        "mean": [1.65078145073e-05, 0.00030549155781, 0.00116485543549, 0.00112309202086, 0.00188640423585, 0.00183388369624, 0.00238995649852, 0.00145639595576, 0.000921189901419, 0.000533960585017, 0.000360236532288, 0.000237507556449, 0.000406703096814, 0.000239447050262, 0.000230756035307, 0.000153331217007, 0.000115417002235, 0.000102152283944, 7.13092304068e-05, 4.6523167839e-05, 1.90712180483e-05, 1.78463360498e-05, 9.69159555098e-06, 5.89552882957e-06, 4.55677081845e-06, 2.2322433324e-06, 4.76359840462e-10],
        "stdev": [6.98046205798e-05, 0.000707526225597, 0.00453155115247, 0.0046098139137, 0.00449363840744, 0.00438116909936, 0.00619940785691, 0.00318315438926, 0.00248149200343, 0.00156199012417, 0.00114484224468, 0.000733051972929, 0.00157396681607, 0.00124092714395, 0.000843052810524, 0.000409138971008, 0.000356068136171, 0.000411378539866, 0.000269279029453, 0.000152357009938, 5.6713437516e-05, 5.87430549785e-05, 3.40002297889e-05, 2.20883084694e-05, 1.44654932228e-05, 1.0460451449e-05, 1.30089539141e-09]
    },
    "erbbands": {
        "mean": [0.00403473526239, 0.10610242933, 1.08505010605, 2.69807362556, 4.27052497864, 6.78193378448, 11.0014429092, 16.8194179535, 28.6543922424, 38.5774459839, 29.1773777008, 23.6903800964, 14.3577566147, 17.9657878876, 15.0483608246, 10.1321411133, 21.2379245758, 13.6296863556, 11.2016553879, 11.7054204941, 7.90655755997, 5.91154050827, 5.89271688461, 3.88359832764, 3.87206196785, 2.57718205452, 1.04551625252, 0.677424311638, 0.60248118639, 0.403879314661, 0.24088524282, 0.135569632053, 0.0884368643165, 0.0463726781309, 0.0363088548183, 0.0166982412338, 0.00219939392991, 4.77774301544e-05, 9.03152067622e-06, 1.5932306269e-05],
        "stdev": [0.00932450871915, 0.269188284874, 4.14167022705, 9.77223205566, 12.5815048218, 18.0889568329, 27.7010650635, 41.557674408, 73.0326156616, 121.048660278, 60.9141540527, 69.2766494751, 32.8836212158, 49.4270973206, 43.7388572693, 27.4048194885, 83.8458099365, 70.3611221313, 41.5522384644, 42.9036827087, 21.8229885101, 15.7943191528, 18.4289093018, 15.8427944183, 16.5398025513, 8.61455726624, 3.16432785988, 2.01060271263, 2.09521889687, 1.27374005318, 0.851754486561, 0.474163025618, 0.340432941914, 0.14902536571, 0.132093578577, 0.0683180466294, 0.0115328319371, 0.00022487489332, 1.47828823174e-05, 2.56239945884e-05]
    },
    "gfcc": {
        "mean": [-126.68221283, 132.814483643, -142.23500061, 9.83751106262, -68.1147689819, -4.92882299423, -41.2713012695, 7.36640024185, -19.1089839935, -0.0653976127505, -9.7123298645, -6.29905366898, -5.88812398911],
        "cov": [[11639.8564453, -236.673492432, -329.118499756, 345.870880127, -409.93536377, 112.129020691, -360.504333496, -116.474777222, -390.517852783, 27.544128418, -350.238037109, -113.293197632, -388.851196289], [-236.673492432, 2497.91430664, 534.726135254, -274.690246582, 209.346817017, -427.265319824, 145.881332397, -509.382202148, 226.180847168, -178.364044189, 179.326660156, -392.404968262, 63.9317207336], [-329.118499756, 534.726135254, 707.24798584, 116.499183655, 89.6952209473, -10.6748199463, -9.39952850342, -70.470161438, -17.3355445862, -33.8531723022, -27.5192070007, -67.9508743286, -49.3286933899], [345.870880127, -274.690246582, 116.499183655, 432.138671875, 110.648986816, 153.673706055, 18.0959396362, 73.2521514893, -67.0988540649, -35.7355117798, -60.6756362915, 51.1368217468, -36.004535675], [-409.93536377, 209.346817017, 89.6952209473, 110.648986816, 256.078704834, 81.7770080566, 84.0710296631, -19.2784481049, 8.89204597473, -34.3523521423, 15.3663988113, -19.232252121, 7.37602329254], [112.129020691, -427.265319824, -10.6748199463, 153.673706055, 81.7770080566, 298.937591553, 53.0896453857, 114.476211548, -64.9630126953, 13.2269449234, -49.3584899902, 73.5204925537, -23.977897644], [-360.504333496, 145.881332397, -9.39952850342, 18.0959396362, 84.0710296631, 53.0896453857, 185.916107178, 24.7302303314, 38.7706832886, -24.304309845, 33.9317512512, -15.4910736084, 23.866569519], [-116.474777222, -509.382202148, -70.470161438, 73.2521514893, -19.2784481049, 114.476211548, 24.7302303314, 266.815887451, 13.9567451477, 50.4583358765, -36.6766738892, 90.5374832153, 0.706512510777], [-390.517852783, 226.180847168, -17.3355445862, -67.0988540649, 8.89204597473, -64.9630126953, 38.7706832886, 13.9567451477, 184.751846313, 30.8239593506, 42.7331695557, -42.0494346619, 27.4328193665], [27.544128418, -178.364044189, -33.8531723022, -35.7355117798, -34.3523521423, 13.2269449234, -24.304309845, 50.4583358765, 30.8239593506, 152.418075562, 34.5633888245, 10.4934720993, -21.0363330841], [-350.238037109, 179.326660156, -27.5192070007, -60.6756362915, 15.3663988113, -49.3584899902, 33.9317512512, -36.6766738892, 42.7331695557, 34.5633888245, 149.033294678, 5.18852138519, 17.4928455353], [-113.293197632, -392.404968262, -67.9508743286, 51.1368217468, -19.232252121, 73.5204925537, -15.4910736084, 90.5374832153, -42.0494346619, 10.4934720993, 5.18852138519, 185.269561768, 39.9755973816], [-388.851196289, 63.9317207336, -49.3286933899, -36.004535675, 7.37602329254, -23.977897644, 23.866569519, 0.706512510777, 27.4328193665, -21.0363330841, 17.4928455353, 39.9755973816, 141.850921631]],
        "icov": [[0.000155893183546, -0.00031240741373, 0.00031422325992, -0.000280207663309, 0.000400093878852, -0.000224833682296, 0.000233732062043, -0.000113254798634, 0.000360676902346, -0.000307978480123, 0.000417579140048, -0.000164255892741, 0.00038809349644], [-0.00031240741373, 0.00289692520164, -0.00196753046475, 0.00126557948533, -0.00187499960884, 0.0017603355227, -0.00150838249829, 0.00231063691899, -0.0021466545295, 0.00226670736447, -0.00219248002395, 0.0025106202811, -0.00157353049144], [0.00031422325992, -0.00196753046475, 0.00307952822186, -0.00142204214353, 0.00093466200633, -0.000964195409324, 0.00126586854458, -0.00116100767627, 0.00158540823031, -0.0015613908181, 0.0018664750969, -0.00125484750606, 0.00162461295258], [-0.000280207663309, 0.00126557948533, -0.00142204214353, 0.00425125472248, -0.00231170770712, -7.28654849809e-05, -0.000463562755613, 0.000179852271685, -0.000631297298241, 0.00177343189716, -0.000566478469409, 0.000290947093163, -0.00019604274712], [0.000400093878852, -0.00187499960884, 0.00093466200633, -0.00231170770712, 0.00762692838907, -0.0029558762908, -0.000598113285378, -0.000239636661718, 0.000870284333359, -0.000817468157038, 0.00061979907332, -0.000638458412141, 0.000699639960658], [-0.000224833682296, 0.0017603355227, -0.000964195409324, -7.28654849809e-05, -0.0029558762908, 0.00751390820369, -0.00288135325536, -3.87159707316e-05, 0.000517488981131, -9.261068044e-05, 0.000461915682536, -0.000146838472574, 1.59107639774e-05], [0.000233732062043, -0.00150838249829, 0.00126586854458, -0.000463562755613, -0.000598113285378, -0.00288135325536, 0.00903447717428, -0.00255149230361, -8.44495298225e-05, 0.00103346141987, -0.00138713407796, 0.000618290039711, -0.000153804561705], [-0.000113254798634, 0.00231063691899, -0.00116100767627, 0.000179852271685, -0.000239636661718, -3.87159707316e-05, -0.00255149230361, 0.00854328460991, -0.00339899025857, -0.000266242044745, 0.00063653930556, -0.000697256880812, -0.00058143842034], [0.000360676902346, -0.0021466545295, 0.00158540823031, -0.000631297298241, 0.000870284333359, 0.000517488981131, -8.44495298225e-05, -0.00339899025857, 0.00960217043757, -0.0032555332873, 0.000733005465008, 0.000334136158926, -0.000103680882603], [-0.000307978480123, 0.00226670736447, -0.0015613908181, 0.00177343189716, -0.000817468157038, -9.261068044e-05, 0.00103346141987, -0.000266242044745, -0.0032555332873, 0.0110450098291, -0.00498843193054, 0.00247675948776, 8.03433649708e-05], [0.000417579140048, -0.00219248002395, 0.0018664750969, -0.000566478469409, 0.00061979907332, 0.000461915682536, -0.00138713407796, 0.00063653930556, 0.000733005465008, -0.00498843193054, 0.0118928151205, -0.00436518760398, 0.00179622217547], [-0.000164255892741, 0.0025106202811, -0.00125484750606, 0.000290947093163, -0.000638458412141, -0.000146838472574, 0.000618290039711, -0.000697256880812, 0.000334136158926, 0.00247675948776, -0.00436518760398, 0.0114718582481, -0.00442844210193], [0.00038809349644, -0.00157353049144, 0.00162461295258, -0.00019604274712, 0.000699639960658, 1.59107639774e-05, -0.000153804561705, -0.00058143842034, -0.000103680882603, 8.03433649708e-05, 0.00179622217547, -0.00442844210193, 0.0103914458305]]
    },
    "melbands": {
        "mean": [6.04459128226e-05, 0.000417678937083, 0.00053272547666, 0.00037618848728, 0.000388309854316, 0.000374643481337, 0.000450034858659, 0.000404937105486, 0.00021955059492, 0.000135527661769, 7.00002347003e-05, 7.50482358853e-05, 5.37213236385e-05, 3.0618510209e-05, 3.43216779584e-05, 4.07100924349e-05, 2.25857002079e-05, 1.69715694938e-05, 1.51948070197e-05, 1.20803842947e-05, 9.02851024875e-06, 4.85714144816e-06, 8.27578060125e-06, 4.25746065957e-06, 2.86633212454e-06, 3.09313259095e-06, 2.08614892472e-06, 1.54018755438e-06, 6.6768330953e-07, 3.88069935298e-07, 4.28459344448e-07, 3.60547630862e-07, 2.86613243361e-07, 2.18266961838e-07, 1.58974913234e-07, 8.55238866393e-08, 7.67207453123e-08, 6.68509514412e-08, 4.3372654801e-08, 3.82641687224e-08],
        "stdev": [0.00013659792603, 0.00151091523003, 0.00180586241186, 0.000945941428654, 0.000965367944445, 0.000915167678613, 0.00111006456427, 0.00116740050726, 0.000458502530819, 0.000389399589039, 0.000173545457073, 0.000218279397814, 0.000162717071362, 9.86833620118e-05, 0.000115779155749, 0.000149433122715, 0.000135685695568, 6.79867371218e-05, 5.32114281668e-05, 4.00303870265e-05, 2.90290990961e-05, 1.40916426972e-05, 3.48654466507e-05, 1.77135534614e-05, 1.36280723382e-05, 1.37360257213e-05, 7.85705105955e-06, 5.92529659116e-06, 2.37548624682e-06, 1.41097700634e-06, 1.5749543536e-06, 1.57303827564e-06, 9.92487116491e-07, 9.01412533949e-07, 6.26424764505e-07, 3.0114372862e-07, 3.91053447402e-07, 3.20208727089e-07, 1.56173342702e-07, 1.45308632682e-07]
    },
    "melbands128": {
        "mean": [4.87816942041e-06, 1.34092260851e-05, 7.2126291343e-05, 0.000170347411768, 0.000474289758131, 0.000578759296332, 0.000528377015144, 0.000590045005083, 0.00040936053847, 0.000310528819682, 0.000369035464246, 0.000417698029196, 0.000349456997355, 0.000404548976803, 0.000391874345951, 0.000337239558576, 0.000375586183509, 0.000513912178576, 0.00039127326454, 0.000515802355949, 0.000309950759402, 0.000314771255944, 0.000179794660653, 0.000130984786665, 0.000214710453292, 8.22291258373e-05, 8.64738685777e-05, 4.78661459056e-05, 7.80330665293e-05, 0.000104605715023, 5.75124613533e-05, 4.93123734486e-05, 7.30298270355e-05, 3.59651421604e-05, 3.92772381019e-05, 2.8796863262e-05, 1.91568069567e-05, 1.62439118867e-05, 5.6944325479e-05, 6.8358698627e-05, 1.6728801711e-05, 3.58256365871e-05, 3.14006101689e-05, 8.88198337634e-06, 1.34800548039e-05, 1.87539990293e-05, 2.39426644839e-05, 7.09247933628e-06, 1.41881719173e-05, 2.73120585916e-05, 5.74650675844e-06, 4.2425731408e-06, 1.48915059981e-05, 7.32875787435e-06, 4.73660247735e-06, 3.65522600987e-06, 3.94771177525e-06, 1.4842856217e-05, 6.4544324232e-06, 2.99904422718e-06, 4.14201940657e-06, 5.76245793127e-06, 3.40425026479e-06, 1.60740626143e-06, 2.61763739218e-06, 2.83099529952e-06, 4.48700211564e-06, 1.70779708242e-06, 1.32424997901e-06, 2.55794998338e-06, 2.09406221074e-06, 7.71995360083e-07, 5.01623560467e-07, 8.14680106487e-07, 6.11505697634e-07, 3.98293508397e-07, 2.83386725641e-07, 2.81549091596e-07, 4.21845726351e-07, 6.8691957722e-07, 2.91820072107e-07, 2.67700357881e-07, 3.47530402678e-07, 3.5367406781e-07, 1.72297745848e-07, 1.35167681492e-07, 3.41441904084e-07, 1.88800427736e-07, 1.59700178415e-07, 1.09067379128e-07, 8.33431670344e-08, 6.4528187238e-08, 1.14940995388e-07, 6.96329323091e-08, 6.45928679432e-08, 6.86160106511e-08, 7.2662679429e-08, 5.70085241236e-08, 4.62431870574e-08, 3.1361910402e-08, 3.7244621609e-08, 3.27104601183e-08, 5.06812405376e-08, 4.11511180687e-08, 4.21010888374e-08, 3.25795816991e-08, 5.27381018856e-08, 4.54413466855e-08, 2.34684218725e-08, 1.54228256832e-08, 2.41341080454e-08, 1.24932091339e-08, 6.23955942469e-10, 2.50631741923e-12, 2.41990542188e-12, 2.34969552496e-12, 2.27759673101e-12, 2.20697548778e-12, 2.15013402048e-12, 2.10466149717e-12, 2.05995377006e-12, 2.02344521347e-12, 1.98258250095e-12, 1.94397861523e-12, 1.92367584535e-12, 1.90779011512e-12, 1.89477860485e-12, 1.88109510607e-12],
        "stdev": [1.90023820323e-05, 3.54134208465e-05, 0.000199302914552, 0.000422468903707, 0.00191268161871, 0.00219953688793, 0.00207840348594, 0.0024130330421, 0.00131275760941, 0.000920811842661, 0.00116670620628, 0.00132153066806, 0.00107546744402, 0.00125997012947, 0.00111133244354, 0.0011231751414, 0.00126996904146, 0.00167689414229, 0.00112071039621, 0.00224385224283, 0.000871186202858, 0.000863126188051, 0.000521474692505, 0.000396370858653, 0.000843279238325, 0.000242583773797, 0.000281477288809, 0.000179871436558, 0.000345409353031, 0.000377298187232, 0.00022081543284, 0.000199187124963, 0.00027313947794, 0.000208859346458, 0.000163542092196, 0.000115435606858, 9.95213049464e-05, 7.72448693169e-05, 0.000241216621362, 0.000358555000275, 9.24150954233e-05, 0.000189576327102, 0.000273678684607, 8.23844384286e-05, 6.50839065202e-05, 0.000105064209492, 0.000127806910314, 4.5907770982e-05, 8.15648672869e-05, 0.000119391530461, 2.09381687455e-05, 1.79336147994e-05, 5.9957652411e-05, 3.02096868836e-05, 2.71910776064e-05, 1.56941332534e-05, 1.73369207914e-05, 6.88123254804e-05, 3.93985028495e-05, 1.99300593522e-05, 2.06030308618e-05, 4.07012412325e-05, 2.90906082228e-05, 8.49004936754e-06, 1.23488443933e-05, 1.52342699948e-05, 2.92911390716e-05, 1.26607237689e-05, 8.59045485413e-06, 1.17321869766e-05, 1.03299380498e-05, 4.58555541627e-06, 2.8696440495e-06, 3.90450168197e-06, 2.95783115689e-06, 2.25552230404e-06, 1.44145053582e-06, 1.43040131206e-06, 1.93820119421e-06, 3.67687562175e-06, 2.80089511762e-06, 1.69976738107e-06, 1.55552459091e-06, 1.52999439251e-06, 9.34596130264e-07, 9.29628129143e-07, 2.02199498744e-06, 1.34185972911e-06, 8.55742143813e-07, 7.11445863999e-07, 5.72644751173e-07, 3.00594820146e-07, 4.53280989632e-07, 3.45121407008e-07, 1.05992046429e-06, 5.50685058442e-07, 3.62487838856e-07, 3.3961725876e-07, 2.38455754697e-07, 1.48712544501e-07, 2.02648578806e-07, 2.06978199913e-07, 2.66640711288e-07, 3.02631661953e-07, 2.50900228593e-07, 1.86399859103e-07, 2.78116914387e-07, 3.22857260926e-07, 1.55956456638e-07, 8.60231708089e-08, 1.64420370652e-07, 1.01687923859e-07, 6.41374553467e-09, 6.94587573222e-12, 6.69918374246e-12, 6.47617679969e-12, 6.27193175867e-12, 6.08557952295e-12, 5.91406828024e-12, 5.7600309071e-12, 5.62166025536e-12, 5.49890688539e-12, 5.3901453613e-12, 5.29671879274e-12, 5.2202660597e-12, 5.15927665173e-12, 5.11517694521e-12, 5.08590738968e-12]
    },
    "mfcc": {
        "mean": [-765.167480469, 161.21937561, -14.2627286911, 9.83003330231, -9.26307868958, -12.8138837814, -11.3481435776, -4.46525812149, -5.57821941376, 0.801405310631, -1.23220050335, -2.03027892113, 3.67130041122],
        "cov": [[8960.22851562, 387.305786133, -357.492370605, 296.884368896, -243.417266846, 242.178634644, -135.686813354, -133.506652832, -209.639266968, -9.91873168945, 14.216135025, -106.337547302, -262.41619873], [387.305786133, 2028.53186035, 253.020065308, 82.5034332275, 16.7220783234, 0.718221545219, -78.2521133423, -274.277130127, -122.123703003, 0.912911474705, 34.077671051, 0.80152618885, -125.409103394], [-357.492370605, 253.020065308, 567.807739258, 102.654350281, 116.50113678, 44.4060707092, 21.2243022919, 5.20743846893, 4.58218002319, -11.1440572739, -11.7995977402, -4.57328891754, -25.413312912], [296.884368896, 82.5034332275, 102.654350281, 283.865966797, 91.1505508423, 67.8737869263, 35.6376228333, 37.1916885376, 15.2043008804, -11.7324972153, -14.9401035309, -2.64733552933, -7.01863861084], [-243.417266846, 16.7220783234, 116.50113678, 91.1505508423, 204.511657715, 82.8087310791, 59.1034660339, 43.8126182556, 18.5991783142, -2.48290848732, -6.79227495193, 6.01879358292, 0.939419686794], [242.178634644, 0.718221545219, 44.4060707092, 67.8737869263, 82.8087310791, 207.709335327, 91.3742218018, 48.4873580933, 5.93252515793, -11.5384550095, -0.321085900068, -12.1512107849, -15.4243183136], [-135.686813354, -78.2521133423, 21.2243022919, 35.6376228333, 59.1034660339, 91.3742218018, 189.688079834, 80.4084091187, 16.4586582184, 0.621039867401, -0.557178258896, 0.443717300892, 5.70616674423], [-133.506652832, -274.277130127, 5.20743846893, 37.1916885376, 43.8126182556, 48.4873580933, 80.4084091187, 220.79838562, 75.3262634277, -9.66480350494, -28.5854473114, -14.5988874435, 37.1849212646], [-209.639266968, -122.123703003, 4.58218002319, 15.2043008804, 18.5991783142, 5.93252515793, 16.4586582184, 75.3262634277, 162.165893555, 41.9052658081, -14.6737470627, -13.6004362106, 27.2990951538], [-9.91873168945, 0.912911474705, -11.1440572739, -11.7324972153, -2.48290848732, -11.5384550095, 0.621039867401, -9.66480350494, 41.9052658081, 154.545684814, 50.2516899109, -10.4816331863, -3.70447993279], [14.216135025, 34.077671051, -11.7995977402, -14.9401035309, -6.79227495193, -0.321085900068, -0.557178258896, -28.5854473114, -14.6737470627, 50.2516899109, 166.812423706, 53.3821601868, -47.4644432068], [-106.337547302, 0.80152618885, -4.57328891754, -2.64733552933, 6.01879358292, -12.1512107849, 0.443717300892, -14.5988874435, -13.6004362106, -10.4816331863, 53.3821601868, 176.093841553, 38.8009872437], [-262.41619873, -125.409103394, -25.413312912, -7.01863861084, 0.939419686794, -15.4243183136, 5.70616674423, 37.1849212646, 27.2990951538, -3.70447993279, -47.4644432068, 38.8009872437, 196.776321411]],
        "icov": [[0.000151836517034, -1.13899541248e-05, 0.000107938081783, -0.000238294538576, 0.000287143833702, -0.00031057963497, 0.000187252284377, -2.4961283998e-05, 0.000180479008122, -8.81662344909e-05, 6.87786960043e-05, 9.25329459278e-06, 0.000162305936101], [-1.13899541248e-05, 0.000661508820485, -0.000265245034825, -0.000176992194611, 3.531800985e-06, -5.06035976287e-05, -4.02960651513e-08, 0.00078919599764, 0.000120170305308, -3.69265508198e-05, 5.21442598256e-05, -1.2715216144e-05, 0.000210434576729], [0.000107938081783, -0.000265245034825, 0.00224189669825, -0.000530359218828, -0.000869549170602, -0.000110154309368, 0.000186158824363, -0.000133462701342, 2.81245102087e-05, 4.54756118415e-05, 0.000165212099091, 1.71783958649e-05, 0.000294275232591], [-0.000238294538576, -0.000176992194611, -0.000530359218828, 0.00477647362277, -0.00178579473868, -0.000264176022029, -0.000148729392095, -0.000483550858917, -0.000473127351142, 0.000293427030556, 0.000170960454852, -0.000129217791255, -0.000107324951387], [0.000287143833702, 3.531800985e-06, -0.000869549170602, -0.00178579473868, 0.0077231968753, -0.00238590175286, -0.000451016734587, -0.000414295878727, 6.12362055108e-05, -0.000421786971856, 0.00036195688881, -0.000523213646375, 0.000250701588811], [-0.00031057963497, -5.06035976287e-05, -0.000110154309368, -0.000264176022029, -0.00238590175286, 0.00772209977731, -0.00303596770391, -0.000264423986664, -0.000199267044081, 0.000757670262828, -0.000541252433322, 0.000581871601753, 8.12299695099e-05], [0.000187252284377, -4.02960651513e-08, 0.000186158824363, -0.000148729392095, -0.000451016734587, -0.00303596770391, 0.00794246885926, -0.00235808570869, 0.000809292308986, -0.000633371586446, -5.24588585904e-06, -0.00030787079595, 0.000183139869478], [-2.4961283998e-05, 0.00078919599764, -0.000133462701342, -0.000483550858917, -0.000414295878727, -0.000264423986664, -0.00235808570869, 0.00775696476921, -0.00282793818042, 0.00116505310871, 0.000124664657051, 0.000571777345613, -0.000649425957818], [0.000180479008122, 0.000120170305308, 2.81245102087e-05, -0.000473127351142, 6.12362055108e-05, -0.000199267044081, 0.000809292308986, -0.00282793818042, 0.00864498410374, -0.00287218415178, 0.00096138677327, 0.000108755215479, -0.00024390949693], [-8.81662344909e-05, -3.69265508198e-05, 4.54756118415e-05, 0.000293427030556, -0.000421786971856, 0.000757670262828, -0.000633371586446, 0.00116505310871, -0.00287218415178, 0.00857705622911, -0.00336214108393, 0.00160897348542, -0.000833473692182], [6.87786960043e-05, 5.21442598256e-05, 0.000165212099091, 0.000170960454852, 0.00036195688881, -0.000541252433322, -5.24588585904e-06, 0.000124664657051, 0.00096138677327, -0.00336214108393, 0.00902626104653, -0.00345873041078, 0.00274738832377], [9.25329459278e-06, -1.2715216144e-05, 1.71783958649e-05, -0.000129217791255, -0.000523213646375, 0.000581871601753, -0.00030787079595, 0.000571777345613, 0.000108755215479, 0.00160897348542, -0.00345873041078, 0.00745713198557, -0.00233866716735], [0.000162305936101, 0.000210434576729, 0.000294275232591, -0.000107324951387, 0.000250701588811, 8.12299695099e-05, 0.000183139869478, -0.000649425957818, -0.00024390949693, -0.000833473692182, 0.00274738832377, -0.00233866716735, 0.006731223315]]
    },
    "spectral_contrast_coeffs": {
        "mean": [-0.696335375309, -0.731727838516, -0.721520841122, -0.737931489944, -0.739148974419, -0.743078708649],
        "stdev": [0.0909741818905, 0.0777717232704, 0.0735840126872, 0.0667649880052, 0.0660120472312, 0.0631881803274]
    },
    "spectral_contrast_valleys": {
        "mean": [-7.97747659683, -7.15263080597, -8.52959251404, -9.11085700989, -9.61376476288, -12.9149904251],
        "stdev": [1.46539652348, 1.37418353558, 1.28718233109, 1.26393890381, 1.19641256332, 1.13878512383]
    }
},
"rhythm": {
    "beats_count": 941,
    "beats_loudness": {
        "mean": 0.0212881453335,
        "stdev": 0.0307596530765
    },
    "bpm": 95.7319641113,
    "bpm_histogram_first_peak_bpm": 96,
    "bpm_histogram_first_peak_weight": 0.709090948105,
    "bpm_histogram_second_peak_bpm": 91,
    "bpm_histogram_second_peak_spread": 0.472222208977,
    "bpm_histogram_second_peak_weight": 0.0404255315661,
    "danceability": 0.887696921825,
    "onset_rate": 3.06626677513,
    "beats_loudness_band_ratio": {
        "mean": [0.149935096502, 0.233022242785, 0.382369965315, 0.163767486811, 0.0893073156476, 0.0245106033981],
        "stdev": [0.164318785071, 0.188723400235, 0.247412458062, 0.178702354431, 0.12513948977, 0.0568191818893]
    },
