{
"metadata": {
    "version": {
        "essentia": "2.1-dev",
        "essentia_git_sha": "v2.1_beta3-415-gd5473f3",
        "extractor": "music 2.0"
    },
    "audio_properties": {
        "analysis": {
            "equal_loudness": 0,
            "length": 258.063659668,
            "sample_rate": 44100,
            "start_time": 0,
            "downmix": "mix"
        },
        "bit_rate": 192000,
        "length": 258.063659668,
        "lossless": 0,
        "number_channels": 2,
        "replay_gain": 1.64094352722,
        "sample_rate": 44100,
        "codec": "mp3",
        "md5_encoded": "eb93653ddfec4cd01b9bf0554c12b30f"
    },
    "tags": {
        "file_name": "grieg-peer_gynt-morning_mood.mp3",
        "date": ["2004"],
        "engineer": ["rosamerica tamyo"]
    }
},
"lowlevel": {
    "average_loudness": 0.00268922955729,
    "barkbands_crest": {
        "mean": 11.1622991562,
        "stdev": 4.54160118103
    },
    "barkbands_flatness_db": {
        "mean": 0.252313613892,
        "stdev": 0.0877148211002
    },
    "barkbands_kurtosis": {
        "mean": 25.332824707,
        "stdev": 230.631866455
    },
    "barkbands_skewness": {
        "mean": 1.1699770689,
        "stdev": 3.57186985016
    },
    "barkbands_spread": {
        "mean": 9.83846378326,
        "stdev": 7.61166143417
    },
    "dissonance": {
        "mean": 0.397866755724,
        "stdev": 0.0654956847429
    },
    "dynamic_complexity": 8.83539009094,
    "erbbands_crest": {
        "mean": 12.7179708481,
        "stdev": 5.693546772
    },
    "erbbands_flatness_db": {
        "mean": 0.277497470379,
        "stdev": 0.0797318294644
    },
    "erbbands_kurtosis": {
        "mean": 2.45491123199,
        "stdev": 6.00071907043
    },
    "erbbands_skewness": {
        "mean": 0.814725756645,
        "stdev": 0.936651587486
    },
    "erbbands_spread": {
        "mean": 17.8710765839,
        "stdev": 14.0338783264
    },
    "hfc": {
        "mean": 7.11420917511,
        "stdev": 14.0221910477
    },
    "loudness_ebu128": {
        "integrated": -26.3658885956,
        "loudness_range": 19.4437885284,
        "momentary": {
            "mean": -36.5247001648,
            "stdev": 24.5871391296
        },
        "short_term": {
            "mean": -33.2769317627,
            "stdev": 8.32579612732
        }
    },
    "melbands_crest": {
        "mean": 14.5917453766,
        "stdev": 6.31954574585
    },
    "melbands_flatness_db": {
        "mean": 0.329404056072,
        "stdev": 0.106286734343
    },
    "melbands_kurtosis": {
        "mean": 43.7625350952,
        "stdev": 427.284545898
    },
    "melbands_skewness": {
        "mean": 1.86195862293,
        "stdev": 4.54963541031
    },
    "melbands_spread": {
        "mean": 12.6103572845,
        "stdev": 14.5573654175
    },
    "pitch_salience": {
        "mean": 0.526770591736,
        "stdev": 0.123210430145
    },
    "silence_rate_20dB": {
        "mean": 0.999640107155,
        "stdev": 0.0189691800624
    },
    "silence_rate_30dB": {
        "mean": 0.994152069092,
        "stdev": 0.0762337073684
    },
    "silence_rate_60dB": {
        "mean": 0.543769657612,
        "stdev": 0.498098134995
    },
    "spectral_centroid": {
        "mean": 815.40826416,
        "stdev": 1110.6887207
    },
    "spectral_complexity": {
        "mean": 8.15204715729,
        "stdev": 6.75241470337
    },
    "spectral_decrease": {
        "mean": -2.97008573291e-09,
        "stdev": 5.8599125552e-09
    },
    "spectral_energy": {
        "mean": 0.0118550565094,
        "stdev": 0.0231960359961
    },
    "spectral_energyband_high": {
        "mean": 5.67924580537e-05,
        "stdev": 0.000161371863214
    },
    "spectral_energyband_low": {
        "mean": 0.00226422818378,
        "stdev": 0.0081315394491
    },
    "spectral_energyband_middle_high": {
        "mean": 0.0025420745369,
        "stdev": 0.00605049077421
    },
    "spectral_energyband_middle_low": {
        "mean": 0.0070527899079,
        "stdev": 0.0153243774548
    },
    "spectral_entropy": {
        "mean": 6.36258792877,
        "stdev": 0.771077573299
    },
    "spectral_flux": {
        "mean": 0.0291705317795,
        "stdev": 0.0290126930922
    },
    "spectral_kurtosis": {
        "mean": 32.8435325623,
        "stdev": 47.4946784973
    },
    "spectral_rms": {
        "mean": 0.00252675404772,
        "stdev": 0.00227627390996
    },
    "spectral_rolloff": {
        "mean": 962.998840332,
        "stdev": 1979.79614258
    },
    "spectral_skewness": {
        "mean": 3.64432144165,
        "stdev": 2.55953407288
    },
    "spectral_spread": {
        "mean": 2590993.5,
        "stdev": 4114940.75
    },
    "spectral_strongpeak": {
        "mean": 0.706803560257,
        "stdev": 0.99781447649
    },
    "zerocrossingrate": {
        "mean": 0.0344863608479,
        "stdev": 0.0517288595438
    },
    "barkbands": {
        "mean": [0.000215199164813, 0.00078703451436, 0.00122974219266, 0.000390408997191, 0.0012669035932, 0.00194108532742, 0.00151054817252, 0.00106652604882, 0.000821487337817, 0.000587185844779, 0.000338921701768, 0.00037835247349, 0.000440995005192, 0.0001989260345, 0.000122486439068, 0.000152741340571, 0.000146707418025, 8.74187535373e-05, 8.83794418769e-05, 4.67155878141e-05, 2.00772374228e-05, 8.83223947312e-06, 5.05658726979e-06, 1.92478728422e-06, 9.55042992246e-07, 4.16977286477e-07, 2.0099816922e-08],
        "stdev": [0.000379226141376, 0.00232919934206, 0.00590387545526, 0.00500378385186, 0.00607233028859, 0.00424856832251, 0.00312348036095, 0.00239783641882, 0.00213790615089, 0.00176504743285, 0.00135303777643, 0.00132777972613, 0.00234783650376, 0.000853000557981, 0.000552005076315, 0.000589210074395, 0.000589532544836, 0.000447802973213, 0.000298908300465, 0.000182446412509, 6.55394469504e-05, 2.78810912278e-05, 1.70532257471e-05, 5.72497174289e-06, 2.69355268756e-06, 1.25547546759e-06, 8.19750027858e-08]
    },
    "erbbands": {
        "mean": [0.00935327634215, 0.236628934741, 1.35301101208, 1.28589987755, 2.29447770119, 4.26768159866, 11.0490751266, 17.5793495178, 20.9114627838, 24.167547226, 20.174539566, 18.9696598053, 13.8121347427, 17.9918308258, 17.3303031921, 14.642988205, 20.8567466736, 10.5925216675, 10.8734560013, 5.65236377716, 8.01886940002, 8.61347675323, 5.78327608109, 4.60123157501, 3.74683570862, 2.15365576744, 1.22450375557, 0.526246845722, 0.29606539011, 0.231374830008, 0.121781997383, 0.0491652525961, 0.0309542715549, 0.0126294819638, 0.00626561976969, 0.00227394979447, 0.000691520457622, 0.000102331163362, 8.49205207487e-06, 1.37320103022e-05],
        "stdev": [0.0260211769491, 0.713446557522, 5.34388399124, 10.4612798691, 17.6557769775, 24.0671806335, 27.2754039764, 40.2609672546, 47.9773788452, 48.3874397278, 44.6586227417, 52.063457489, 33.9367523193, 56.4492530823, 59.9171562195, 52.8821640015, 99.6978225708, 43.7038116455, 45.789440155, 17.6735687256, 30.420167923, 34.1837501526, 29.9431381226, 14.0965547562, 12.1473417282, 8.06144523621, 4.1094956398, 1.67178452015, 0.936962842941, 0.765138447285, 0.376641839743, 0.148027852178, 0.0952612236142, 0.0368347987533, 0.0178795140237, 0.00657561328262, 0.00213750521652, 0.000323607964674, 1.80421375262e-05, 2.66236966127e-05]
    },
    "gfcc": {
        "mean": [-212.006973267, 170.873123169, -127.939910889, -4.8684129715, -58.4429321289, -12.8341426849, -29.0617160797, 1.29150724411, -9.8226480484, -1.51404809952, 2.93051028252, -5.19756126404, 2.20819163322],
        "cov": [[31880.15625, 913.219909668, -5047.21484375, 998.026184082, -1142.90917969, -173.492248535, -972.164733887, 284.424224854, -778.315917969, 71.7490844727, -369.054534912, -67.9589385986, -491.645141602], [913.219909668, 2207.61547852, 240.274658203, -488.859863281, 16.7880096436, -214.084869385, 52.9758682251, -213.461608887, 129.676055908, -207.743652344, 78.1372909546, -282.901794434, 58.4436225891], [-5047.21484375, 240.274658203, 1631.78295898, -122.354629517, 292.128692627, 139.203521729, 304.057891846, -68.4108352661, 122.315040588, -41.5775299072, -38.804901123, -32.479927063, -29.408700943], [998.026184082, -488.859863281, -122.354629517, 833.443847656, 273.65020752, 92.5873718262, 23.52709198, 64.9982757568, -63.1609611511, -46.846572876, -135.052734375, -92.3403244019, -123.901229858], [-1142.90917969, 16.7880096436, 292.128692627, 273.65020752, 393.57901001, 132.845336914, 96.3697280884, -1.19138669968, 1.52701461315, -56.9784660339, -64.7056274414, -96.2806015015, -70.6890411377], [-173.492248535, -214.084869385, 139.203521729, 92.5873718262, 132.845336914, 229.948287964, 71.3696212769, 48.0481758118, -52.0473670959, 20.4944477081, -37.7775535583, 19.1817989349, -54.7939758301], [-972.164733887, 52.9758682251, 304.057891846, 23.52709198, 96.3697280884, 71.3696212769, 171.668884277, 25.1926784515, 25.8142967224, -23.7004699707, -8.10423278809, -5.61888074875, -13.7351512909], [284.424224854, -213.461608887, -68.4108352661, 64.9982757568, -1.19138669968, 48.0481758118, 25.1926784515, 147.253494263, 19.0666694641, 31.8825111389, -28.8686237335, 35.0095329285, 2.84248423576], [-778.315917969, 129.676055908, 122.315040588, -63.1609611511, 1.52701461315, -52.0473670959, 25.8142967224, 19.0666694641, 166.782226562, 34.8602752686, 29.2155342102, -27.4852542877, 34.2699623108], [71.7490844727, -207.743652344, -41.5775299072, -46.846572876, -56.9784660339, 20.4944477081, -23.7004699707, 31.8825111389, 34.8602752686, 131.241577148, 39.9319000244, 41.7325172424, -12.9476957321], [-369.054534912, 78.1372909546, -38.804901123, -135.052734375, -64.7056274414, -37.7775535583, -8.10423278809, -28.8686237335, 29.2155342102, 39.9319000244, 125.892173767, 43.7161865234, 34.2507743835], [-67.9589385986, -282.901794434, -32.479927063, -92.3403244019, -96.2806015015, 19.1817989349, -5.61888074875, 35.0095329285, -27.4852542877, 41.7325172424, 43.7161865234, 178.755355835, 64.1773147583], [-491.645141602, 58.4436225891, -29.408700943, -123.901229858, -70.6890411377, -54.7939758301, -13.7351512909, 2.84248423576, 34.2699623108, -12.9476957321, 34.2507743835, 64.1773147583, 143.583816528]],
        "icov": [[0.000218387634959, -0.000592347991187, 0.000559521839023, -0.000500273890793, 0.000644951069262, -0.000309739931254, 0.000244717375608, -0.000226674921578, 0.000367667846149, -0.000649130903184, 0.00104657060001, -0.000961223850027, 0.000932704540901], [-0.000592347991187, 0.00273637776263, -0.00145279068965, 0.00211654580198, -0.00183137971908, 0.00106629461516, -0.00106366781984, 0.00107479689177, -0.00139948818833, 0.00330934440717, -0.00358492298983, 0.00446187797934, -0.00273766065948], [0.000559521839023, -0.00145279068965, 0.00271533010527, -0.000789967016317, 0.000932241848204, -0.000895035336725, -0.00128816370852, 0.000747825950384, -6.79426011629e-05, -0.00177559186704, 0.00374171067961, -0.00306901545264, 0.00269633578137], [-0.000500273890793, 0.00211654580198, -0.000789967016317, 0.00382555648685, -0.0031819709111, 0.00146649056114, -0.00107104005292, 0.000221732174396, -0.000813144142739, 0.00243411096744, -0.00148443167564, 0.00313867325895, -0.00118411332369], [0.000644951069262, -0.00183137971908, 0.000932241848204, -0.0031819709111, 0.00788412056863, -0.00411985442042, 0.000576599733904, -0.000125678721815, 4.86573917442e-05, -8.74145334819e-05, 0.00234196614474, -0.0008653451805, 0.00257453904487], [-0.000309739931254, 0.00106629461516, -0.000895035336725, 0.00146649056114, -0.00411985442042, 0.00949166808277, -0.00285864667967, -0.0015693284804, 0.00306059373543, -0.00211929436773, -0.000175191176822, 0.000156750626047, -1.08189015009e-05], [0.000244717375608, -0.00106366781984, -0.00128816370852, -0.00107104005292, 0.000576599733904, -0.00285864667967, 0.0118552250788, -0.00351902074181, -0.000825637136586, 0.0024696525652, -0.00128475646488, -0.00181138829794, 0.0020153792575], [-0.000226674921578, 0.00107479689177, 0.000747825950384, 0.000221732174396, -0.000125678721815, -0.0015693284804, -0.00351902074181, 0.0116842053831, -0.00383126130328, -0.000862666638568, 0.00297944666818, -0.00100225140341, -0.00152393488679], [0.000367667846149, -0.00139948818833, -6.79426011629e-05, -0.000813144142739, 4.86573917442e-05, 0.00306059373543, -0.000825637136586, -0.00383126130328, 0.0121800033376, -0.00656186975539, 0.000196333232452, 0.00204639043659, -0.00215851934627], [-0.000649130903184, 0.00330934440717, -0.00177559186704, 0.00243411096744, -8.74145334819e-05, -0.00211929436773, 0.0024696525652, -0.000862666638568, -0.00656186975539, 0.0180172603577, -0.00811733305454, 0.00256616645493, 0.00154878874309], [0.00104657060001, -0.00358492298983, 0.00374171067961, -0.00148443167564, 0.00234196614474, -0.000175191176822, -0.00128475646488, 0.00297944666818, 0.000196333232452, -0.00811733305454, 0.0190596543252, -0.0089105963707, 0.00408981274813], [-0.000961223850027, 0.00446187797934, -0.00306901545264, 0.00313867325895, -0.0008653451805, 0.000156750626047, -0.00181138829794, -0.00100225140341, 0.00204639043659, 0.00256616645493, -0.0089105963707, 0.0184720885009, -0.00993517227471], [0.000932704540901, -0.00273766065948, 0.00269633578137, -0.00118411332369, 0.00257453904487, -1.08189015009e-05, 0.0020153792575, -0.00152393488679, -0.00215851934627, 0.00154878874309, 0.00408981274813, -0.00993517227471, 0.0164093170315]]
    },
    "melbands": {
        "mean": [0.000155776622705, 0.000584390363656, 0.000263417663518, 0.000220417190576, 0.000365088548278, 0.000394380098442, 0.000304650369799, 0.000266267976258, 0.00016013259301, 0.000111564164399, 6.98230869602e-05, 7.78704707045e-05, 5.26494113728e-05, 4.63165961264e-05, 3.83582591894e-05, 4.73990658065e-05, 1.48478029587e-05, 1.89688380487e-05, 7.11323127689e-06, 1.02285657704e-05, 8.59340889292e-06, 8.90434148459e-06, 6.55288249618e-06, 4.31343414675e-06, 3.64673451259e-06, 3.51025732925e-06, 1.96353494175e-06, 1.25855092392e-06, 9.70300220615e-07, 2.95698441732e-07, 3.00279793919e-07, 1.81980510661e-07, 1.26629572605e-07, 1.31041488771e-07, 8.14350613609e-08, 4.179819868e-08, 2.29115375561e-08, 2.43547741974e-08, 1.31557742478e-08, 9.7302299551e-09],
        "stdev": [0.00040245463606, 0.00213166326284, 0.00210729870014, 0.00133171584457, 0.00101142609492, 0.000861694803461, 0.000661818077788, 0.000535761180799, 0.000359700265108, 0.000312674237648, 0.000178118090844, 0.000249524862738, 0.000200514972676, 0.000169212726178, 0.00013934042363, 0.000300296058413, 6.17144978605e-05, 8.50122378324e-05, 2.64299615083e-05, 4.21499280492e-05, 3.92053188989e-05, 3.86819374398e-05, 2.87269303954e-05, 2.08867968468e-05, 1.20924933071e-05, 1.30322468976e-05, 9.34234321903e-06, 5.19157720191e-06, 3.41934810422e-06, 9.50085109253e-07, 1.03734566892e-06, 6.79872698583e-07, 4.30675243024e-07, 4.90615775561e-07, 2.78345936522e-07, 1.50630071971e-07, 7.12357319799e-08, 7.9549060672e-08, 4.1172405929e-08, 2.98605336013e-08]
    },
    "melbands128": {
        "mean": [7.66081866459e-05, 4.88383775519e-05, 0.00012642495858, 0.000468871294288, 0.000743393960875, 0.00053521321388, 0.000236806488829, 0.000209298697882, 0.000245421659201, 0.000196763285203, 0.000176710716914, 0.000322919135215, 0.000327958579874, 0.000537364219781, 0.000452022009995, 0.000251352903433, 0.000337790232152, 0.000339672755217, 0.000189804864931, 0.000296276120935, 0.000297578546451, 0.00020458184008, 0.00010774324619, 0.000155711677507, 0.000151816522703, 7.60737675591e-05, 6.85218838044e-05, 4.0266164433e-05, 0.000104746191937, 0.000112104135042, 5.47597919649e-05, 3.34389333148e-05, 5.79973639105e-05, 6.25713291811e-05, 5.99516861257e-05, 4.00785065722e-05, 2.46137260547e-05, 4.32551278209e-05, 4.44541874458e-05, 4.46721460321e-05, 6.63257742417e-05, 2.24645409617e-05, 1.39616222441e-05, 6.13175188846e-06, 2.40047047555e-05, 2.05865762837e-05, 1.73963508132e-05, 4.90405864184e-06, 3.92561651097e-06, 6.15741919319e-06, 1.35461259561e-05, 1.14541990115e-05, 1.04404589365e-05, 6.6834950303e-06, 4.93087281939e-06, 1.10469045467e-05, 1.00126344478e-05, 8.14304621599e-06, 4.21314780397e-06, 5.9347817114e-06, 4.20014339397e-06, 3.30656257574e-06, 3.43058673025e-06, 2.33809237216e-06, 6.79853656038e-06, 2.96882649309e-06, 2.64890559265e-06, 2.00580097953e-06, 1.94402127818e-06, 1.51187646225e-06, 1.23428549159e-06, 1.377047397e-06, 8.01913927262e-07, 1.31190097363e-06, 4.75264499755e-07, 1.82789321457e-07, 2.4646823249e-07, 3.66420351838e-07, 2.67137068022e-07, 3.35416814323e-07, 1.60622633416e-07, 1.40111382052e-07, 1.32880288106e-07, 1.11259424784e-07, 1.53100188527e-07, 9.82937251592e-08, 1.6163191674e-07, 1.27720966248e-07, 7.60486216222e-08, 3.90931695904e-08, 5.1705900006e-08, 3.8545255876e-08, 3.42602817227e-08, 2.10509636389e-08, 1.93306206597e-08, 1.78876273793e-08, 3.39893624357e-08, 1.87927824413e-08, 1.19870602333e-08, 9.98326488144e-09, 1.16460450172e-08, 7.8970723294e-09, 1.04996207284e-08, 8.11753864127e-09, 7.51218465211e-09, 5.82860115728e-09, 4.60818361248e-09, 4.052020941e-09, 4.36416813798e-09, 2.62289190367e-09, 3.63250141078e-09, 2.44223508084e-09, 1.80365389291e-09, 1.82202020138e-09, 1.72463154868e-09, 8.49152359539e-10, 7.06434355457e-10, 1.45812431573e-10, 1.24376151739e-11, 3.14290542376e-12, 3.1155384262e-12, 3.10224524021e-12, 3.03739151886e-12, 2.9574947092e-12, 2.97928999179e-12, 2.99816725266e-12, 2.99124267022e-12, 2.95088216015e-12],
        "stdev": [0.000122385958093, 0.000170716230059, 0.00040723985876, 0.00149835890625, 0.00269264774397, 0.00310740969144, 0.0020968480967, 0.00292579317465, 0.00192247680388, 0.0010616609361, 0.00138474220876, 0.0016377089778, 0.000958529009949, 0.00140797172207, 0.00123896612786, 0.000732832704671, 0.00104409235064, 0.00082911044592, 0.000584337103646, 0.000717544346116, 0.000817911582999, 0.000616987526882, 0.000380424200557, 0.000495933229104, 0.000508989964146, 0.000364942039596, 0.000267562223598, 0.000155740330229, 0.000371623871615, 0.00044070428703, 0.000227391501539, 0.000166338097188, 0.000312690099236, 0.000351073598722, 0.000270632270258, 0.000206979937502, 0.000192884705029, 0.000209878387977, 0.000232745922403, 0.000252354744589, 0.000609945389442, 0.000123593650642, 9.11760362214e-05, 4.09028580179e-05, 0.000124761281768, 0.00011174431711, 0.000118313546409, 2.0815690732e-05, 1.62547057698e-05, 3.66721251339e-05, 6.89543230692e-05, 6.35822871118e-05, 6.06791654718e-05, 4.60019109596e-05, 4.58632603113e-05, 5.62929562875e-05, 5.92294345552e-05, 4.60421397293e-05, 2.94661876978e-05, 6.15563985775e-05, 2.46715408139e-05, 1.80076440301e-05, 1.69511567947e-05, 9.00598843145e-06, 3.48230714735e-05, 1.41572027132e-05, 1.4579011804e-05, 1.12746929517e-05, 1.45016674651e-05, 9.16273529583e-06, 7.95816504251e-06, 6.99487418387e-06, 3.23971994476e-06, 5.9409790083e-06, 2.50371908805e-06, 9.45178840084e-07, 1.19090736916e-06, 1.89031482023e-06, 1.01995851765e-06, 1.7979423319e-06, 8.75885518781e-07, 7.01986266449e-07, 5.70916597553e-07, 5.38550239071e-07, 7.04063211288e-07, 5.25235691384e-07, 8.59734086589e-07, 6.05173056556e-07, 4.00929479838e-07, 1.44528613077e-07, 2.40829535869e-07, 1.76123748474e-07, 1.39175071467e-07, 8.37567242229e-08, 7.85699185712e-08, 7.02643561112e-08, 1.34130900165e-07, 7.26455624545e-08, 5.55331034491e-08, 3.50242075342e-08, 4.24615222983e-08, 3.05327105821e-08, 4.39213074799e-08, 2.93905095816e-08, 2.58629420102e-08, 1.93850411279e-08, 1.70182996584e-08, 1.41892302352e-08, 1.47075782664e-08, 9.29312182762e-09, 1.34156019627e-08, 9.302646653e-09, 6.42116404492e-09, 7.6891062406e-09, 6.4737348815e-09, 3.14187476036e-09, 2.78211276239e-09, 7.17559234253e-10, 9.61070445449e-10, 5.20535307566e-12, 5.06629157029e-12, 4.95508451978e-12, 4.86632609209e-12, 4.7878164107e-12, 4.71180820055e-12, 4.65649610884e-12, 4.62058039399e-12, 4.58865584418e-12]
    },
    "mfcc": {
        "mean": [-826.093505859, 184.226089478, -0.900333344936, 5.475689888, -8.3400850296, -14.2188329697, -7.0784907341, -3.66916298866, -4.89826631546, 0.0132859777659, 1.5291467905, 4.01806974411, 3.86793994904],
        "cov": [[16409.3300781, 1222.48400879, -2849.09179688, 945.034912109, -431.871520996, -4.10570669174, -189.459243774, -15.2546882629, -302.850585938, 9.41183280945, -135.068313599, -104.68661499, -84.7487945557], [1222.48400879, 1979.51611328, 167.611297607, -194.780395508, -43.7058792114, -142.357177734, -58.0558204651, -99.8911972046, -60.8474388123, -42.5611991882, -12.7681951523, -6.09136772156, -52.9649391174], [-2849.09179688, 167.611297607, 1210.95556641, -174.473266602, 20.2925357819, 60.7511482239, 60.4803466797, 46.0584373474, 76.9848937988, 9.72860336304, 25.3989677429, -1.2945176363, -6.86818218231], [945.034912109, -194.780395508, -174.473266602, 472.234619141, 183.961868286, 78.391784668, 67.1253128052, 42.3935928345, 43.0345039368, 64.6812896729, -13.4823970795, -37.6199226379, -52.0860671997], [-431.871520996, -43.7058792114, 20.2925357819, 183.961868286, 311.239196777, 132.379837036, 84.6937561035, 49.3060379028, 61.789516449, 49.8517189026, 13.9017839432, -7.37137413025, -45.0443458557], [-4.10570669174, -142.357177734, 60.7511482239, 78.391784668, 132.379837036, 199.628097534, 113.951805115, 52.5957641602, 25.268579483, 21.2746887207, 15.4730348587, 4.42887115479, -20.9232578278], [-189.459243774, -58.0558204651, 60.4803466797, 67.1253128052, 84.6937561035, 113.951805115, 164.191116333, 83.1086730957, 17.9830989838, -5.82736063004, -2.7375805378, 3.29056859016, -8.59998035431], [-15.2546882629, -99.8911972046, 46.0584373474, 42.3935928345, 49.3060379028, 52.5957641602, 83.1086730957, 134.664611816, 64.1496887207, -2.29216074944, -15.4300756454, -17.5154933929, 3.97173428535], [-302.850585938, -60.8474388123, 76.9848937988, 43.0345039368, 61.789516449, 25.268579483, 17.9830989838, 64.1496887207, 120.461334229, 63.9880447388, -1.46922302246, -23.0902385712, -7.7047419548], [9.41183280945, -42.5611991882, 9.72860336304, 64.6812896729, 49.8517189026, 21.2746887207, -5.82736063004, -2.29216074944, 63.9880447388, 125.29573822, 52.2702560425, -13.0934228897, -18.6781921387], [-135.068313599, -12.7681951523, 25.3989677429, -13.4823970795, 13.9017839432, 15.4730348587, -2.7375805378, -15.4300756454, -1.46922302246, 52.2702560425, 101.205551147, 52.5380783081, -8.79818153381], [-104.68661499, -6.09136772156, -1.2945176363, -37.6199226379, -7.37137413025, 4.42887115479, 3.29056859016, -17.5154933929, -23.0902385712, -13.0934228897, 52.5380783081, 102.077636719, 42.166343689], [-84.7487945557, -52.9649391174, -6.86818218231, -52.0860671997, -45.0443458557, -20.9232578278, -8.59998035431, 3.97173428535, -7.7047419548, -18.6781921387, -8.79818153381, 42.166343689, 111.283355713]],
        "icov": [[0.000344381551258, -0.000451641826658, 0.000702259247191, -0.000908086891286, 0.00131329835858, -0.0014821292134, 0.00136706279591, -0.00157666858286, 0.00121475302149, -0.000928470806684, 0.000705710262991, -0.000461400602944, 0.000239349101321], [-0.000451641826658, 0.00119901890866, -0.00100265524816, 0.00147737772204, -0.00201361603104, 0.00260776374489, -0.0021558678709, 0.00243851891719, -0.00140881177504, 0.0011120911222, -0.000633143354207, 0.000460460956674, 0.000142522752867], [0.000702259247191, -0.00100265524816, 0.00244149565697, -0.00141215429176, 0.00268183834851, -0.00327185099013, 0.0022868134547, -0.00277606048621, 0.00125113874674, -0.00122412864584, 0.000691734196153, -0.000436659698607, 0.000394801667426], [-0.000908086891286, 0.00147737772204, -0.00141215429176, 0.00597058655694, -0.00524149741977, 0.00446613831446, -0.00437755556777, 0.00348950829357, -0.00192433188204, -0.000277123326669, 0.000466112658614, 0.000536849722266, 0.000627917295787], [0.00131329835858, -0.00201361603104, 0.00268183834851, -0.00524149741977, 0.0111411362886, -0.00877775624394, 0.00491752987728, -0.00544572807848, 0.00205324590206, -0.00310599431396, 0.00236272229813, -0.00253677647561, 0.00195649173111], [-0.0014821292134, 0.00260776374489, -0.00327185099013, 0.00446613831446, -0.00877775624394, 0.0173677206039, -0.012231066823, 0.00747897988185, -0.00446079066023, 0.00285703269765, -0.00330751016736, 0.00168409931939, -0.000227748198085], [0.00136706279591, -0.0021558678709, 0.0022868134547, -0.00437755556777, 0.00491752987728, -0.012231066823, 0.020633995533, -0.0154107334092, 0.00975697766989, -0.00539693702012, 0.00539176305756, -0.00480415392667, 0.0019589799922], [-0.00157666858286, 0.00243851891719, -0.00277606048621, 0.00348950829357, -0.00544572807848, 0.00747897988185, -0.0154107334092, 0.0271508265287, -0.0195149946958, 0.0143239684403, -0.00982103683054, 0.00855420809239, -0.00450092554092], [0.00121475302149, -0.00140881177504, 0.00125113874674, -0.00192433188204, 0.00205324590206, -0.00446079066023, 0.00975697766989, -0.0195149946958, 0.0292392726988, -0.0205214321613, 0.0136262113228, -0.00723654264584, 0.0032733255066], [-0.000928470806684, 0.0011120911222, -0.00122412864584, -0.000277123326669, -0.00310599431396, 0.00285703269765, -0.00539693702012, 0.0143239684403, -0.0205214321613, 0.0299984980375, -0.0225942190737, 0.0144626731053, -0.00568351894617], [0.000705710262991, -0.000633143354207, 0.000691734196153, 0.000466112658614, 0.00236272229813, -0.00330751016736, 0.00539176305756, -0.00982103683054, 0.0136262113228, -0.0225942190737, 0.0333995819092, -0.0216471087188, 0.00959266442806], [-0.000461400602944, 0.000460460956674, -0.000436659698607, 0.000536849722266, -0.00253677647561, 0.00168409931939, -0.00480415392667, 0.00855420809239, -0.00723654264584, 0.0144626731053, -0.0216471087188, 0.0269302986562, -0.0112838018686], [0.000239349101321, 0.000142522752867, 0.000394801667426, 0.000627917295787, 0.00195649173111, -0.000227748198085, 0.0019589799922, -0.00450092554092, 0.0032733255066, -0.00568351894617, 0.00959266442806, -0.0112838018686, 0.0149222211912]]
    },
    "spectral_contrast_coeffs": {
        "mean": [-0.686280846596, -0.72165620327, -0.701106607914, -0.750998198986, -0.783064901829, -0.805791914463],
        "stdev": [0.0973666608334, 0.0801872387528, 0.0863520130515, 0.0771943181753, 0.0734453201294, 0.0506677590311]
    },
    "spectral_contrast_valleys": {
        "mean": [-8.51956558228, -7.74249267578, -9.40195083618, -10.0836696625, -10.4641160965, -13.4957590103],
        "stdev": [2.40507364273, 2.49680709839, 2.33962249756, 2.31118273735, 2.30301165581, 1.93694746494]
    }
},
"rhythm": {
    "beats_count": 555,
    "beats_loudness": {
        "mean": 0.012602080591,
        "stdev": 0.0256703775376
    },
    "bpm": 136.227737427,
    "bpm_histogram_first_peak_bpm": 136,
    "bpm_histogram_first_peak_weight": 0.626315832138,
    "bpm_histogram_second_peak_bpm": 144,
    "bpm_histogram_second_peak_spread": 0.415384590626,
    "bpm_histogram_second_peak_weight": 0.068592056632,
    "danceability": 0.761963129044,
    "onset_rate": 0.833080887794,
    "beats_loudness_band_ratio": {
        "mean": [0.271193742752, 0.266393750906, 0.341925621033, 0.124277822673, 0.0255046524107, 0.00665579037741],
        "stdev": [0.261588454247, 0.186884269118, 0.227599799633, 0.158562466502, 0.0365148931742, 0.0248071625829]
    },
    "beats_position": [0.417959183455, 0.847528338432, 1.27709746361, 1.70666658878, 2.13623571396, 2.53097510338, 2.93732428551, 3.34367346764, 3.76163268089, 4.17959165573, 4.59755086899, 5.02712011337, 5.45668935776, 5.88625860214, 6.31582736969, 6.73378658295, 7.1517457962, 7.56970500946, 7.98766422272, 8.40562343597, 8.82358264923, 9.34603118896, 9.85687065125, 10.4489793777, 11.0410881042, 11.6331968307, 12.2253055573, 12.8290243149, 13.3746938705, 13.9203624725, 14.4660310745, 15.0000905991, 15.545759201, 16.0798187256, 16.6138763428, 17.1479358673, 17.693605423, 18.2508831024, 18.7965526581, 19.4002723694, 20.0039901733, 20.6077098846, 21.2114276886, 21.8151473999, 22.4072551727, 22.9993648529, 23.6030826569, 24.1255321503, 24.6363716125, 25.158821106, 25.5303401947, 25.9018592834, 26.2733783722, 26.6565074921, 27.0512466431, 27.4343757629, 27.8291149139, 28.2238540649, 28.6185932159, 29.0133323669, 29.4196815491, 29.8144207001, 30.2091598511, 30.6038990021, 30.9986381531, 31.4165973663, 31.8345565796, 32.2409057617, 32.6936950684, 33.146484375, 33.5992736816, 34.0404510498, 34.4816322327, 34.9344215393, 35.3872108459, 35.8283882141, 36.269569397, 36.7107467651, 37.1403160095, 37.5350570679, 37.9297943115, 38.3361434937, 38.7773246765, 39.2185020447, 39.6596832275, 40.0892524719, 40.5188217163, 40.9483909607, 41.3779602051, 41.8191375732, 42.2603149414, 42.7014961243, 43.1542854309, 43.6070747375, 44.0598640442, 44.5242614746, 44.9770507812, 45.4414520264, 45.894241333, 46.3238105774, 46.7649879456, 47.2061653137, 47.6937866211, 48.1930160522, 48.6806335449, 49.1798629761, 49.690700531, 50.1899299622, 50.6775512695, 51.1651687622, 51.6411781311, 52.0359191895, 52.4306564331, 52.8253974915, 53.2201347351, 53.6148757935, 54.0212249756, 54.4275741577, 54.8223114014, 55.2170524597, 55.5885696411, 55.9600906372, 56.3316078186, 56.7147369385, 57.0978660583, 57.4809951782, 57.8641242981, 58.3749656677, 58.8741950989, 59.3850326538, 59.8958702087, 60.4067115784, 60.9756011963, 61.556098938, 62.1365966797, 62.7287063599, 63.32081604, 63.924533844, 64.5166397095, 65.1203613281, 65.7124710083, 66.3045806885, 66.8966903687, 67.4888000488, 68.0809020996, 68.6381835938, 69.1838531494, 69.7295227051, 70.2635803223, 70.8092498779, 71.3549194336, 71.8889770508, 72.423034668, 72.9338760376, 73.4447174072, 73.9671630859, 74.4780044556, 74.9772338867, 75.4764633179, 75.9872970581, 76.4865264893, 76.9973678589, 77.4849853516, 77.9726028442, 78.4718322754, 78.9594573975, 79.4470748901, 79.9463043213, 80.526802063, 81.0956878662, 81.6645812988, 82.2334671021, 82.8023605347, 83.3596343994, 83.9169158936, 84.4741897583, 85.0430831909, 85.6003646851, 86.1576385498, 86.6336517334, 87.1212692261, 87.7017669678, 88.2822647095, 88.8511581421, 89.4664840698, 90.0818099976, 90.6971435547, 91.3124694824, 91.9161911011, 92.5199050903, 93.1352386475, 93.7505645752, 94.3658905029, 94.9812240601, 95.5965499878, 96.2002716064, 96.7575454712, 97.3148269653, 97.8721084595, 98.3713378906, 98.8705673218, 99.381401062, 99.8690261841, 100.356643677, 100.844261169, 101.331878662, 101.807891846, 102.2838974, 102.759910583, 103.235916138, 103.700317383, 104.176322937, 104.652336121, 105.128341675, 105.557914734, 105.975868225, 106.405441284, 106.823402405, 107.252967834, 107.682540894, 108.112106323, 108.599723816, 109.087341309, 109.574966431, 110.062583923, 110.550201416, 111.037818909, 111.490608215, 111.943397522, 112.396186829, 112.860588074, 113.266937256, 113.6616745, 114.056411743, 114.451156616, 114.84589386, 115.240631104, 115.646980286, 116.041717529, 116.424850464, 116.807983398, 117.191108704, 117.585845947, 117.992195129, 118.386940002, 118.793289185, 119.211242676, 119.629203796, 120.035552979, 120.441902161, 120.848251343, 121.266212463, 121.684173584, 122.113739014, 122.543312073, 122.972877502, 123.390838623, 123.808792114, 124.226753235, 124.656326294, 125.085891724, 125.503852844, 125.921813965, 126.397819519, 126.885437012, 127.361450195, 127.82585144, 128.278640747, 128.731430054, 129.195831299, 129.660217285, 130.12461853, 130.589019775, 131.030197144, 131.471374512, 131.912567139, 132.353744507, 132.794921875, 133.236099243, 133.677276611, 134.095230103, 134.513198853, 134.942764282, 135.372329712, 135.801895142, 136.23147583, 136.649429321, 137.078994751, 137.520172119, 137.949752808, 138.402542114, 138.855331421, 139.296508789, 139.726074219, 140.155639648, 140.596817017, 141.037994385, 141.490783691, 141.943572998, 142.396362305, 142.837554932, 143.2787323, 143.719909668, 144.149475098, 144.590652466, 145.031829834, 145.473007202, 145.925796509, 146.366973877, 146.796554565, 147.214508057, 147.632461548, 148.062042236, 148.491607666, 148.921173096, 149.350738525, 149.791931152, 150.233108521, 150.674285889, 151.127075195, 151.568252563, 151.986206055, 152.404174805, 152.822128296, 153.274917603, 153.727706909, 154.180496216, 154.633285522, 155.086074829, 155.550476074, 156.014877319, 156.479278564, 156.943664551, 157.408065796, 157.872467041, 158.336868286, 158.81288147, 159.288879395, 159.764892578, 160.240905762, 160.716918945, 161.181304932, 161.657318115, 162.086883545, 162.528076172, 162.957641602, 163.39881897, 163.839996338, 164.281173706, 164.710739136, 165.151931763, 165.581497192, 166.022674561, 166.45223999, 166.88180542, 167.311386108, 167.740951538, 168.193740845, 168.646530151, 169.099319458, 169.528884888, 169.958450317, 170.388031006, 170.829208374, 171.258773804, 171.699951172, 172.129516602, 172.57069397, 173.011871338, 173.441452026, 173.894241333, 174.358642578, 174.823028564, 175.28742981, 175.763442993, 176.239456177, 176.715454102, 177.191467285, 177.667480469, 178.143493652, 178.596282959, 179.049072266, 179.501861572, 179.954650879, 180.407440186, 180.860229492, 181.313018799, 181.765808105, 182.218597412, 182.65977478, 183.112564087, 183.576965332, 184.041351318, 184.436096191, 184.842453003, 185.248794556, 185.643539429, 186.084716797, 186.525894165, 186.967071533, 187.408248901, 187.837814331, 188.290603638, 188.720184326, 189.172973633, 189.637359619, 190.101760864, 190.542938232, 190.995727539, 191.448516846, 191.889694214, 192.330886841, 192.772064209, 193.224853516, 193.666030884, 194.107208252, 194.54838562, 194.989562988, 195.419128418, 195.860321045, 196.324707031, 196.777496338, 197.230285645, 197.69468689, 198.159088135, 198.611877441, 199.064666748, 199.505844116, 199.947021484, 200.388198853, 200.794555664, 201.200897217, 201.607254028, 202.013595581, 202.419952393, 202.826293945, 203.232650757, 203.650604248, 204.068572998, 204.474914551, 204.881271362, 205.310836792, 205.728790283, 206.146759033, 206.587936401, 207.02911377, 207.470291138, 207.911468506, 208.445526123, 208.967971802, 209.536865234, 210.117370605, 210.697860718, 211.255142212, 211.812423706, 212.3697052, 212.961807251, 213.553924561, 214.204071045, 214.854232788, 215.492782593, 216.131332397, 216.769882202, 217.408432007, 218.046981812, 218.56942749, 219.091873169, 219.614334106, 220.10194397, 220.589569092, 221.077178955, 221.564804077, 222.040817261, 222.528427124, 223.004440308, 223.49206543, 223.968063354, 224.4324646, 224.896865845, 225.36126709, 225.837280273, 226.348114014, 226.847335815, 227.358184814, 227.869018555, 228.368255615, 228.867477417, 229.366714478, 229.854324341, 230.341949463, 230.829559326, 231.317184448, 231.793197632, 232.269195557, 232.756820679, 233.244445801, 233.639175415, 234.033920288, 234.428665161, 234.835006714, 235.252960205, 235.659317017, 236.077270508, 236.413970947, 236.762268066, 237.098953247, 237.447250366, 237.783935547, 238.132247925, 238.480545044, 238.828842163, 239.177139282, 239.525436401, 239.873733521, 240.22203064, 240.570343018, 240.907028198, 241.255325317, 241.603622437, 241.951919556, 242.300216675, 242.648529053, 242.996826172, 243.345123291, 243.809524536, 244.262313843, 244.715103149, 245.202713013, 245.678726196, 246.15473938, 246.630737305, 247.106750488, 247.571151733, 248.047164917, 248.523162842, 248.999176025, 249.486801147, 249.916366577, 250.345932007, 250.775512695, 251.205078125, 251.634643555, 252.064208984, 252.493789673, 252.934967041, 253.352920532, 253.770874023, 254.200454712, 254.64163208, 255.094421387, 255.547210693, 255.988388062, 256.441162109, 256.882354736, 257.323547363],
    "bpm_histogram": [0, 0, 0, 0, 0, 0, 0, 0, 0, 0, 0, 0, 0, 0, 0, 0, 0, 0, 0, 0, 0, 0, 0, 0, 0, 0, 0, 0, 0, 0, 0, 0, 0, 0, 0, 0, 0, 0, 0, 0, 0, 0, 0, 0, 0, 0, 0, 0, 0, 0, 0, 0, 0, 0, 0, 0, 0, 0, 0, 0, 0, 0, 0, 0, 0, 0, 0, 0, 0, 0, 0, 0, 0, 0, 0, 0, 0, 0, 0, 0, 0, 0, 0, 0, 0, 0, 0, 0, 0, 0, 0, 0, 0.00361010828055, 0, 0.00902527105063, 0, 0, 0, 0.0162454880774, 0.021660650149, 0, 0.0288808662444, 0, 0.0126353790984, 0, 0.0144404331222, 0, 0, 0.0234657041728, 0, 0.0180505421013, 0, 0.0144404331222, 0, 0, 0.0144404331222, 0, 0.0288808662444, 0, 0, 0.0270758122206, 0, 0, 0.0613718405366, 0, 0, 0.0649819523096, 0, 0, 0.0577617324889, 0, 0, 0, 0.0992779806256, 0, 0, 0.128158837557, 0, 0, 0, 0.115523464978, 0, 0, 0, 0.068592056632, 0, 0, 0, 0.0487364605069, 0, 0, 0, 0.0577617324889, 0, 0, 0, 0, 0.0162454880774, 0, 0, 0, 0.0108303250745, 0, 0, 0, 0, 0, 0, 0, 0, 0, 0, 0.0306859202683, 0, 0, 0, 0, 0, 0.00722021656111, 0, 0, 0, 0, 0, 0, 0, 0, 0, 0, 0, 0, 0, 0, 0, 0, 0, 0, 0, 0, 0, 0, 0, 0, 0, 0, 0, 0, 0, 0, 0, 0, 0, 0, 0, 0, 0, 0, 0, 0, 0, 0, 0, 0, 0, 0, 0, 0, 0, 0, 0, 0, 0, 0, 0, 0, 0, 0, 0, 0, 0, 0, 0, 0, 0, 0, 0, 0, 0, 0, 0]
},
"tonal": {
    "chords_changes_rate": 0.0305865425617,
    "chords_number_rate": 0.00251889158972,
    "chords_strength": {
        "mean": 0.538904130459,
        "stdev": 0.137632295489
    },
    "hpcp_crest": {
        "mean": 17.7984771729,
        "stdev": 7.90853595734
    },
    "hpcp_entropy": {
        "mean": 1.43020403385,
        "stdev": 0.639122009277
    },
    "key_edma": {
        "strength": 0.709339678288,
        "key": "E",
        "scale": "major"
    },
    "key_krumhansl": {
        "strength": 0.709719240665,
        "key": "E",
        "scale": "major"
    },
    "key_temperley": {
        "strength": 0.703522205353,
        "key": "E",
        "scale": "major"
    },
    "tuning_diatonic_strength": 0.472384661436,
    "tuning_equal_tempered_deviation": 0.00946093257517,
    "tuning_frequency": 441.782684326,
    "tuning_nontempered_energy_ratio": 0.609632730484,
    "hpcp": {
        "mean": [0.100768975914, 0.0492968484759, 0.0307353679091, 0.0485422983766, 0.0292255114764, 0.119875229895, 0.253271698952, 0.168624162674, 0.103253357112, 0.135520413518, 0.068798288703, 0.100153036416, 0.177727684379, 0.0906261131167, 0.0238397419453, 0.0357156544924, 0.0189738217741, 0.0823657587171, 0.160687491298, 0.0918174013495, 0.12217335403, 0.240140020847, 0.173893868923, 0.12737929821, 0.112861171365, 0.0379888936877, 0.103782497346, 0.200244620442, 0.116080731153, 0.0318878255785, 0.0305408444256, 0.0216597076505, 0.158891484141, 0.293217748404, 0.158431872725, 0.0688834115863],
        "stdev": [0.224839225411, 0.119746014476, 0.111228339374, 0.168621644378, 0.0968029201031, 0.193751290441, 0.369201958179, 0.258895069361, 0.201383605599, 0.28598216176, 0.160022854805, 0.195596009493, 0.320650041103, 0.184776544571, 0.0985128581524, 0.17036421597, 0.0860617011786, 0.162020266056, 0.300127536058, 0.175471574068, 0.189207285643, 0.343988627195, 0.225766375661, 0.235834643245, 0.229021310806, 0.123674176633, 0.191141679883, 0.330432832241, 0.211661726236, 0.111844025552, 0.11770362407, 0.0777323320508, 0.225778460503, 0.374667346478, 0.2353489995, 0.152774602175]
    },
    "chords_histogram": [25.7106876373, 1.40338253975, 13.7999277115, 0.989564597607, 2.33897089958, 2.19503426552, 1.54731917381, 0.737675428391, 12.7923717499, 0.269881248474, 0, 0, 0, 0, 8.27635860443, 2.5008995533, 0.395825833082, 2.23101830482, 0, 0, 3.05865430832, 3.70636916161, 5.37963294983, 12.6664266586],
    "thpcp": [1, 0.540321588516, 0.234922379255, 0.343666017056, 0.168123692274, 0.104820966721, 0.165550336242, 0.0996716991067, 0.408826649189, 0.863766610622, 0.575081706047, 0.352138847113, 0.462183535099, 0.234632074833, 0.341565400362, 0.606128692627, 0.309074431658, 0.0813038870692, 0.121805906296, 0.0647089779377, 0.280903041363, 0.548014223576, 0.31313726306, 0.416664242744, 0.81898188591, 0.59305369854, 0.434418797493, 0.384905666113, 0.129558637738, 0.353943437338, 0.682921230793, 0.395885765553, 0.108751349151, 0.104157559574, 0.0738690197468, 0.54188901186],
    "chords_key": "E",
    "chords_scale": "major"
}
}