{
"metadata": {
    "version": {
        "essentia": "2.1-dev",
        "essentia_git_sha": "v2.1_beta3-415-gd5473f3",
        "extractor": "music 2.0"
    },
    "audio_properties": {
        "analysis": {
            "equal_loudness": 0,
            "length": 76.1466674805,
            "sample_rate": 44100,
            "start_time": 0,
            "downmix": "mix"
        },
        "bit_rate": 128000,
        "length": 76.1466674805,
        "lossless": 0,
        "number_channels": 2,
        "replay_gain": -8.57221412659,
        "sample_rate": 44100,
        "codec": "mp3",
        "md5_encoded": "1d02d6d2e7040236bc34741ec2f26ba3"
    },
    "tags": {
        "file_name": "handel_oxford_water_music_suit.mp3",
        "album": ["Handel Oxford Water Music"],
        "artist": ["Brook Street Band"],
        "artistwebpage": ["http:\/\/www.magnatune.com\/artists\/brook_street"],
        "composer": ["www.magnatune.com\/artists\/brook_street"],
        "copyright": ["2004 Brook Street Band - Licensed to the public under http:\/\/creativecommons.org\/licenses\/by-nc-sa\/1.0\/ verify at http:\/\/www.magnatune.com\/artists\/brook_street"],
        "date": ["2003"],
        "encodedby": ["http:\/\/www.magnatune.com\/"],
        "filewebpage": ["http:\/\/www.magnatune.com\/artists\/brook_street"],
        "genre": ["Classical"],
        "length": ["76000"],
        "originalartist": ["http:\/\/www.magnatune.com\/artists\/brook_street"],
        "title": ["Handel Oxford Water Music Suit"],
        "tracknumber": ["22"]
    }
},
"lowlevel": {
    "average_loudness": 0.620865643024,
    "barkbands_crest": {
        "mean": 13.0768613815,
        "stdev": 4.66906738281
    },
    "barkbands_flatness_db": {
        "mean": 0.208067670465,
        "stdev": 0.0533775053918
    },
    "barkbands_kurtosis": {
        "mean": 10.5031785965,
        "stdev": 14.9603223801
    },
    "barkbands_skewness": {
        "mean": 1.88204395771,
        "stdev": 1.68993616104
    },
    "barkbands_spread": {
        "mean": 10.5451602936,
        "stdev": 6.5250287056
    },
    "dissonance": {
        "mean": 0.435639172792,
        "stdev": 0.0423044636846
    },
    "dynamic_complexity": 8.57412815094,
    "erbbands_crest": {
        "mean": 13.6630458832,
        "stdev": 6.54637813568
    },
    "erbbands_flatness_db": {
        "mean": 0.212910711765,
        "stdev": 0.0550105720758
    },
    "erbbands_kurtosis": {
        "mean": 4.32365989685,
        "stdev": 8.56602478027
    },
    "erbbands_skewness": {
        "mean": 0.837305963039,
        "stdev": 1.22574114799
    },
    "erbbands_spread": {
        "mean": 26.6287651062,
        "stdev": 13.5998373032
    },
    "hfc": {
        "mean": 10.4565382004,
        "stdev": 12.9652767181
    },
    "loudness_ebu128": {
        "integrated": -15.252456665,
        "loudness_range": 5.72107124329,
        "momentary": {
            "mean": -20.7925758362,
            "stdev": 11.9930171967
        },
        "short_term": {
            "mean": -18.9400520325,
            "stdev": 10.1865491867
        }
    },
    "melbands_crest": {
        "mean": 16.7543506622,
        "stdev": 5.61952018738
    },
    "melbands_flatness_db": {
        "mean": 0.255893319845,
        "stdev": 0.0723696872592
    },
    "melbands_kurtosis": {
        "mean": 18.1103878021,
        "stdev": 22.970375061
    },
    "melbands_skewness": {
        "mean": 2.47656941414,
        "stdev": 1.85394215584
    },
    "melbands_spread": {
        "mean": 13.3257255554,
        "stdev": 9.36689567566
    },
    "pitch_salience": {
        "mean": 0.47949770093,
        "stdev": 0.118968605995
    },
    "silence_rate_20dB": {
        "mean": 1,
        "stdev": 0
    },
    "silence_rate_30dB": {
        "mean": 0.992685139179,
        "stdev": 0.085213124752
    },
    "silence_rate_60dB": {
        "mean": 0.302956402302,
        "stdev": 0.459538370371
    },
    "spectral_centroid": {
        "mean": 772.657165527,
        "stdev": 380.136535645
    },
    "spectral_complexity": {
        "mean": 9.07345294952,
        "stdev": 6.30179548264
    },
    "spectral_decrease": {
        "mean": -3.87181264827e-09,
        "stdev": 5.16832043829e-09
    },
    "spectral_energy": {
        "mean": 0.0155615862459,
        "stdev": 0.0204865839332
    },
    "spectral_energyband_high": {
        "mean": 0.000159053801326,
        "stdev": 0.000286663940642
    },
    "spectral_energyband_low": {
        "mean": 0.000560836982913,
        "stdev": 0.00141369644552
    },
    "spectral_energyband_middle_high": {
        "mean": 0.00400298368186,
        "stdev": 0.00698912423104
    },
    "spectral_energyband_middle_low": {
        "mean": 0.0111406911165,
        "stdev": 0.0183773934841
    },
    "spectral_entropy": {
        "mean": 6.88794755936,
        "stdev": 0.460454195738
    },
    "spectral_flux": {
        "mean": 0.0460143983364,
        "stdev": 0.0358633846045
    },
    "spectral_kurtosis": {
        "mean": 6.79768180847,
        "stdev": 3.91252970695
    },
    "spectral_rms": {
        "mean": 0.00315276044421,
        "stdev": 0.00228957133368
    },
    "spectral_rolloff": {
        "mean": 876.932250977,
        "stdev": 542.18157959
    },
    "spectral_skewness": {
        "mean": 2.05346131325,
        "stdev": 0.502692103386
    },
    "spectral_spread": {
        "mean": 4068413.5,
        "stdev": 975602.375
    },
    "spectral_strongpeak": {
        "mean": 1.33285319805,
        "stdev": 1.80643570423
    },
    "zerocrossingrate": {
        "mean": 0.0393735356629,
        "stdev": 0.0183122362942
    },
    "barkbands": {
        "mean": [1.7529246179e-06, 1.76607027242e-05, 0.000250556855462, 0.000788864388596, 0.0046945521608, 0.00213993364014, 0.00257806293666, 0.000548874784727, 0.000359880854376, 0.000280693086097, 0.000497890927363, 0.00128717836924, 0.000688883359544, 0.000529925629962, 0.000210881902603, 0.000218492132262, 0.000107081978058, 9.64200298768e-05, 7.08595689503e-05, 6.38111378066e-05, 4.44350553153e-05, 2.65449907602e-05, 2.21789050556e-05, 2.3721211619e-05, 1.0110790754e-05, 2.30591126638e-06, 5.11131803549e-10],
        "stdev": [2.48941410064e-06, 3.78666081815e-05, 0.000430181942647, 0.00354985590093, 0.0115747284144, 0.00417898688465, 0.00718039739877, 0.00128714274615, 0.000707245664671, 0.000526165706106, 0.00158823851962, 0.00558798341081, 0.00314500438981, 0.00217015598901, 0.00057004817063, 0.000631821516436, 0.000372200593119, 0.000396878778702, 0.000179775859579, 0.000170132960193, 0.000108502863441, 4.35265283159e-05, 3.87509935535e-05, 4.72469546366e-05, 1.83188385563e-05, 4.65693210572e-06, 1.1112583076e-09]
    },
    "erbbands": {
        "mean": [0.000233213228057, 0.00915674399585, 0.210099756718, 1.52591645718, 5.60464477539, 17.1487178802, 23.2813014984, 20.5418720245, 38.2420005798, 22.2266693115, 12.3059005737, 6.47934627533, 8.71156692505, 16.8154888153, 33.1723251343, 38.7901344299, 34.298740387, 35.4304580688, 9.19016456604, 10.1450567245, 13.1009759903, 7.45571613312, 5.93947410583, 3.62980222702, 3.69579195976, 2.80222034454, 2.44001340866, 1.21285319328, 0.936211228371, 0.821638405323, 0.575332343578, 0.497556805611, 0.380577236414, 0.145426318049, 0.0581794008613, 0.0178110729903, 0.00272798910737, 6.03181470069e-05, 1.10593045974e-05, 1.84955515579e-05],
        "stdev": [0.000264202011749, 0.0168243385851, 0.353874653578, 5.50196313858, 12.2280282974, 40.0134620667, 88.9380111694, 36.2382888794, 112.026008606, 52.5993652344, 27.401763916, 12.7737503052, 13.503115654, 38.0968933105, 107.624099731, 153.887359619, 155.274230957, 127.977310181, 20.2501621246, 27.8847789764, 36.5236930847, 24.8387641907, 26.7681064606, 7.51921606064, 10.0623817444, 6.67585277557, 6.35658740997, 2.81392192841, 1.53075742722, 1.57853055, 0.938471853733, 0.935247719288, 0.724390268326, 0.251717299223, 0.109192036092, 0.0353007726371, 0.00532009731978, 0.000111709618068, 1.34582796818e-05, 2.36917767324e-05]
    },
    "gfcc": {
        "mean": [-135.866043091, 109.578269958, -125.781181335, 20.0875873566, -81.7258148193, 4.25422143936, -55.3952026367, -8.90588188171, -33.9209709167, -8.96794033051, -13.3556156158, -8.8465681076, -7.49837446213],
        "cov": [[28663.4003906, -2109.3293457, -5636.86767578, -1441.59521484, -1993.95361328, -1287.30834961, -1721.30371094, -688.114379883, -329.484954834, -168.476196289, -0.294267594814, -167.268554688, 108.662635803], [-2109.3293457, 738.708557129, 289.465179443, 41.4702377319, 187.50100708, 41.1649551392, 289.266876221, -58.7892684937, 48.9056396484, -179.474594116, 37.023273468, -56.626373291, 83.0969696045], [-5636.86767578, 289.465179443, 1487.24938965, 389.097290039, 379.703613281, 269.09588623, 261.627441406, 204.739349365, 18.4127388, 74.9308624268, -70.8220977783, 57.5586929321, -62.2380065918], [-1441.59521484, 41.4702377319, 389.097290039, 226.199371338, 122.432739258, 42.0713806152, 34.9427490234, 78.2833023071, 33.6214828491, 34.5574684143, -64.3699569702, -29.9990024567, -37.8295021057], [-1993.95361328, 187.50100708, 379.703613281, 122.432739258, 274.579772949, 167.185531616, 138.372116089, -8.8518409729, 17.4460868835, 23.5676231384, 18.5749092102, -17.7327651978, -50.0686836243], [-1287.30834961, 41.1649551392, 269.09588623, 42.0713806152, 167.185531616, 299.327301025, 170.024581909, -11.0799636841, -60.5184249878, 15.7693796158, 58.5210075378, 41.0838088989, -65.3734359741], [-1721.30371094, 289.266876221, 261.627441406, 34.9427490234, 138.372116089, 170.024581909, 295.563659668, 26.151517868, -32.8002662659, -97.0855407715, 58.0613327026, 46.2859420776, 17.5888233185], [-688.114379883, -58.7892684937, 204.739349365, 78.2833023071, -8.8518409729, -11.0799636841, 26.151517868, 160.282470703, 33.7605667114, 20.1388320923, -59.8875541687, 31.5811309814, 11.1594219208], [-329.484954834, 48.9056396484, 18.4127388, 33.6214828491, 17.4460868835, -60.5184249878, -32.8002662659, 33.7605667114, 124.226409912, 63.2882385254, -31.4042568207, -53.2550010681, 5.49341058731], [-168.476196289, -179.474594116, 74.9308624268, 34.5574684143, 23.5676231384, 15.7693796158, -97.0855407715, 20.1388320923, 63.2882385254, 195.499557495, 1.52703142166, -30.9684715271, -74.1253356934], [-0.294267594814, 37.023273468, -70.8220977783, -64.3699569702, 18.5749092102, 58.5210075378, 58.0613327026, -59.8875541687, -31.4042568207, 1.52703142166, 137.67338562, 48.4370918274, -19.1743907928], [-167.268554688, -56.626373291, 57.5586929321, -29.9990024567, -17.7327651978, 41.0838088989, 46.2859420776, 31.5811309814, -53.2550010681, -30.9684715271, 48.4370918274, 135.702194214, 38.9494819641], [108.662635803, 83.0969696045, -62.2380065918, -37.8295021057, -50.0686836243, -65.3734359741, 17.5888233185, 11.1594219208, 5.49341058731, -74.1253356934, -19.1743907928, 38.9494819641, 128.547698975]],
        "icov": [[0.000305824796669, -0.000148003236973, 0.000942042097449, -8.24670714792e-05, 0.000700443517417, -0.000254053709796, 0.000976006384008, -8.20014029159e-05, 0.00076108641224, 8.89530274435e-05, 0.000340802245773, -0.000167302117916, 0.000406479084631], [-0.000148003236973, 0.0078742057085, -0.00282181007788, 0.00167491787579, -0.00191098824143, 0.00317178852856, -0.0065067759715, 0.00488696945831, -0.00601518666372, 0.00583927659318, -0.00271695945412, 0.00531529774889, -0.00289514218457], [0.000942042097449, -0.00282181007788, 0.00567629327998, -0.00282342662103, 0.00105981901288, -0.00162587908562, 0.00374644901603, -0.00268342299387, 0.00490559404716, -0.00273711024784, 0.00272323749959, -0.00327683635987, 0.00186254258733], [-8.24670714792e-05, 0.00167491787579, -0.00282342662103, 0.0119257317856, -0.00394449196756, 0.00170667620841, -0.00017058395315, -0.00228015356697, -0.0012865740573, 0.00233764783479, 0.00130869215354, 0.00317049049772, 0.00131992157549], [0.000700443517417, -0.00191098824143, 0.00105981901288, -0.00394449196756, 0.0132682994008, -0.00474506849423, 0.0010138975922, 0.00405980693176, -0.00138618785422, -0.000840521941427, 0.00124629668426, -0.00124437559862, 0.00239670043811], [-0.000254053709796, 0.00317178852856, -0.00162587908562, 0.00170667620841, -0.00474506849423, 0.0115506900474, -0.00874383188784, 0.00338859576732, 0.00195028923918, -0.00206006807275, 0.0008405999979, -0.000358931807568, 0.00177055294625], [0.000976006384008, -0.0065067759715, 0.00374644901603, -0.00017058395315, 0.0010138975922, -0.00874383188784, 0.020150333643, -0.00944631081074, 0.0047346688807, 0.00365398917347, -0.00384101085365, -0.00121667515486, 0.000856373109855], [-8.20014029159e-05, 0.00488696945831, -0.00268342299387, -0.00228015356697, 0.00405980693176, 0.00338859576732, -0.00944631081074, 0.0194398127496, -0.00892085116357, 0.000900822691619, 0.00670005660504, -0.00530115654692, 0.00135578005575], [0.00076108641224, -0.00601518666372, 0.00490559404716, -0.0012865740573, -0.00138618785422, 0.00195028923918, 0.0047346688807, -0.00892085116357, 0.0246512964368, -0.0117931934074, 0.00131426390726, 0.00305984262377, -0.00276489020325], [8.89530274435e-05, 0.00583927659318, -0.00273711024784, 0.00233764783479, -0.000840521941427, -0.00206006807275, 0.00365398917347, 0.000900822691619, -0.0117931934074, 0.0187316015363, -0.00610720738769, 0.00435197725892, 0.00263536418788], [0.000340802245773, -0.00271695945412, 0.00272323749959, 0.00130869215354, 0.00124629668426, 0.0008405999979, -0.00384101085365, 0.00670005660504, 0.00131426390726, -0.00610720738769, 0.0194746144116, -0.0117329163477, 0.00691077671945], [-0.000167302117916, 0.00531529774889, -0.00327683635987, 0.00317049049772, -0.00124437559862, -0.000358931807568, -0.00121667515486, -0.00530115654692, 0.00305984262377, 0.00435197725892, -0.0117329163477, 0.0223569218069, -0.0101339947432], [0.000406479084631, -0.00289514218457, 0.00186254258733, 0.00131992157549, 0.00239670043811, 0.00177055294625, 0.000856373109855, 0.00135578005575, -0.00276489020325, 0.00263536418788, 0.00691077671945, -0.0101339947432, 0.0179355647415]]
    },
    "melbands": {
        "mean": [2.96451185022e-06, 7.2399066994e-05, 0.000369774381397, 0.000751429586671, 0.000884844223037, 0.000451554311439, 0.00057025346905, 0.000210124024306, 8.46356779221e-05, 4.38598654e-05, 4.36290793004e-05, 6.54606483295e-05, 8.90115406946e-05, 0.000177706664545, 3.69175104424e-05, 9.72490233835e-05, 5.57088096684e-05, 1.02945168692e-05, 1.79158141691e-05, 1.06411353045e-05, 1.58368911798e-05, 7.67646633903e-06, 4.33145669376e-06, 5.2081368267e-06, 2.62414596364e-06, 3.11867734126e-06, 2.35618131228e-06, 1.71714918906e-06, 1.74968261035e-06, 8.30672831853e-07, 6.68501456857e-07, 5.57296914394e-07, 4.68017105959e-07, 4.50200786872e-07, 3.41094448686e-07, 3.02641154803e-07, 3.10648658797e-07, 2.89459023861e-07, 1.8047995809e-07, 1.05376770421e-07],
        "stdev": [5.36847073818e-06, 0.000125021935673, 0.0012159665348, 0.00137732969597, 0.00310361501761, 0.000798447115812, 0.00156732904725, 0.000478206231492, 0.00019399964367, 8.7926920969e-05, 6.93203764968e-05, 0.000145235215314, 0.000247586373007, 0.000789054261986, 0.000182829026016, 0.000363926403224, 0.000221203546971, 2.6471208912e-05, 5.23845883436e-05, 3.66998610843e-05, 4.79890404677e-05, 2.96929792967e-05, 1.79962862603e-05, 1.950008118e-05, 5.78625531489e-06, 8.64446974447e-06, 6.88460886522e-06, 4.91079845233e-06, 4.98444524055e-06, 1.81142422662e-06, 1.80512643055e-06, 9.52718266944e-07, 8.80398260961e-07, 9.20569902974e-07, 5.96968504851e-07, 5.10288657551e-07, 7.16156876024e-07, 6.26861776709e-07, 3.18325589888e-07, 1.9211978497e-07]
    },
    "melbands128": {
        "mean": [8.205132076e-07, 8.14310681108e-07, 1.3769782754e-06, 1.14640151878e-05, 6.08539121458e-05, 0.00014374415332, 0.0002597583225, 0.000453762739198, 0.000545176619198, 0.000579169485718, 0.000918706355151, 0.00130975956563, 0.000894610828254, 0.000283328146907, 0.000408861640608, 0.000531999277882, 0.00061975576682, 0.00063636660343, 0.000444454984972, 0.000209264151636, 9.12519390113e-05, 0.000167741760379, 5.88824295846e-05, 5.07655568072e-05, 2.17639499169e-05, 5.13947597938e-05, 6.99110823916e-05, 2.17414090002e-05, 4.83017065562e-05, 5.07316217409e-05, 6.64770122967e-05, 0.000104718848888, 6.84444967192e-05, 3.38620957336e-05, 0.000325786240865, 0.000180517308763, 4.09796411986e-05, 1.17462786875e-05, 3.83827427868e-05, 9.81177727226e-05, 9.51870388235e-05, 0.000128347237478, 7.95089654275e-05, 3.84459144698e-06, 8.85309236764e-06, 9.17486977414e-06, 1.42431008499e-05, 2.70306027232e-05, 1.25976730487e-05, 1.29738564283e-05, 6.94271375323e-06, 1.09873853944e-05, 2.7484342354e-05, 1.10408100227e-05, 3.8004545786e-06, 1.14338490675e-05, 7.32061516828e-06, 2.12076065509e-06, 3.26992767441e-06, 8.37286643218e-06, 5.30923080078e-06, 3.82682128475e-06, 1.43567331179e-06, 1.71609212885e-06, 5.5966979744e-06, 2.59210628428e-06, 2.61948321167e-06, 2.3268366931e-06, 2.64626464741e-06, 1.5430402982e-06, 1.56296948717e-06, 2.32680326917e-06, 1.11255724278e-06, 2.31684794016e-06, 1.5010110701e-06, 6.42880365831e-07, 5.9985666212e-07, 7.65384925216e-07, 6.04913509505e-07, 7.08395589299e-07, 6.08652328538e-07, 4.63349493884e-07, 4.35076913163e-07, 5.31828618477e-07, 3.81959353035e-07, 5.15286387781e-07, 4.51478769037e-07, 4.44357254992e-07, 3.28643778857e-07, 2.39833582327e-07, 3.47329205397e-07, 2.80376355022e-07, 2.98281804589e-07, 3.07825501977e-07, 3.32590730068e-07, 3.02298275301e-07, 2.91933417884e-07, 2.71723337164e-07, 1.74394173769e-07, 1.45276572994e-07, 1.06043870574e-07, 9.9858965541e-08, 1.07003295113e-07, 6.97887116985e-08, 7.70567183395e-08, 4.70549998965e-08, 3.29444951319e-08, 2.80094116789e-08, 2.90321988672e-08, 3.33887761883e-08, 2.46518752078e-08, 1.6412471382e-08, 7.04407476793e-10, 2.71153390539e-12, 2.61290294956e-12, 2.53264119746e-12, 2.45263510022e-12, 2.37761459826e-12, 2.31346951145e-12, 2.25941921422e-12, 2.20914063952e-12, 2.16645928627e-12, 2.12274468836e-12, 2.08466859226e-12, 2.05828344819e-12, 2.03835472806e-12, 2.02343827457e-12, 2.00962597258e-12],
        "stdev": [1.32106583806e-06, 1.18371144708e-06, 2.01473108064e-06, 2.66331335297e-05, 0.000132848465, 0.000246042385697, 0.000961098878179, 0.0020853842143, 0.00145049125422, 0.00129929161631, 0.00244691153057, 0.00488678598776, 0.0039952788502, 0.00113027670886, 0.000878377526533, 0.00113063526805, 0.00219750753604, 0.00211264658719, 0.00151468405966, 0.000583443208598, 0.000214906773181, 0.00049278861843, 0.00015873630764, 0.00021018179541, 6.10436181887e-05, 0.00013582687825, 0.000158403330715, 4.3898664444e-05, 0.000112651694508, 0.000133736888529, 0.000231247089687, 0.000381223566364, 0.000301744265016, 0.000132427725475, 0.00166873994749, 0.000828439078759, 0.000308254355332, 6.24732856522e-05, 0.000354771385901, 0.000649977533612, 0.000517827982549, 0.000497117231134, 0.000390404748032, 1.74206852535e-05, 2.4639757612e-05, 2.77587332675e-05, 6.72431560815e-05, 0.000109696869913, 4.20683827542e-05, 7.45106444811e-05, 2.67811446975e-05, 8.62080487423e-05, 8.75835612533e-05, 4.3380085117e-05, 2.13890707528e-05, 5.49025789951e-05, 3.41290142387e-05, 6.19836464466e-06, 2.17192373384e-05, 6.03559783485e-05, 2.19978483074e-05, 1.33773992275e-05, 4.07091647503e-06, 5.35070648766e-06, 1.91786257346e-05, 8.34883212519e-06, 1.52962638822e-05, 9.89719137579e-06, 1.01620244095e-05, 3.35680488206e-06, 4.28749171988e-06, 1.11312165245e-05, 4.47041156804e-06, 9.15781220101e-06, 4.70897839477e-06, 2.10857911043e-06, 1.58019906848e-06, 2.669552714e-06, 2.91965011456e-06, 1.68833309999e-06, 1.37425399771e-06, 1.13194903406e-06, 9.91051592791e-07, 1.28291912915e-06, 1.08489473405e-06, 1.72756767824e-06, 1.11866120278e-06, 1.1549559531e-06, 7.1006621738e-07, 5.84844485729e-07, 7.11592349489e-07, 5.56754400804e-07, 5.86155294968e-07, 6.69311816637e-07, 1.54149552145e-06, 1.08656513476e-06, 5.78232516091e-07, 5.78386845973e-07, 3.41883293231e-07, 3.23509880218e-07, 2.34082818906e-07, 1.89205479728e-07, 3.29877764216e-07, 1.52932287278e-07, 1.99144551516e-07, 9.16486442293e-08, 6.77172806718e-08, 6.97304542996e-08, 7.19054611409e-08, 9.11646225177e-08, 5.02507688793e-08, 3.57382248239e-08, 1.96111571427e-09, 5.94912183752e-12, 5.72975000779e-12, 5.53608764733e-12, 5.36074396679e-12, 5.19935873869e-12, 5.05326596539e-12, 4.91997024718e-12, 4.80115426582e-12, 4.69684360849e-12, 4.60238097633e-12, 4.52382012059e-12, 4.45748993272e-12, 4.4039620041e-12, 4.36610947049e-12, 4.34232120747e-12]
    },
    "mfcc": {
        "mean": [-760.208984375, 122.328781128, 5.16975927353, 9.60568141937, -7.27986764908, -4.6558971405, -11.2598304749, -10.2480335236, -15.9678506851, -11.8189973831, -13.1344423294, -7.20344781876, -6.56000614166],
        "cov": [[19991.9160156, 1288.5369873, -2512.82495117, -1364.2689209, -1526.36694336, -1480.31628418, -1475.1817627, -1050.17565918, -857.605041504, -404.812042236, -540.069885254, -217.104553223, -242.297561646], [1288.5369873, 999.17010498, -302.043243408, -204.906021118, -292.543945312, -62.5776824951, -38.6776313782, 18.7997589111, -74.243598938, -105.087287903, -133.003967285, -76.4780807495, -28.396396637], [-2512.82495117, -302.043243408, 564.733398438, 232.280426025, 238.961868286, 171.323974609, 202.868484497, 150.679367065, 133.112716675, 42.670211792, 67.1733398438, 31.7882003784, 14.4179334641], [-1364.2689209, -204.906021118, 232.280426025, 263.674133301, 168.344604492, 43.2291412354, 31.2765674591, 42.0026473999, 104.500686646, 77.5842819214, 37.6270103455, -3.23027229309, -10.2488985062], [-1526.36694336, -292.543945312, 238.961868286, 168.344604492, 267.912109375, 151.876022339, 82.5972213745, 23.431848526, 67.8044891357, 74.2127609253, 88.8748931885, 28.6948127747, -3.219871521], [-1480.31628418, -62.5776824951, 171.323974609, 43.2291412354, 151.876022339, 276.086547852, 197.855728149, 81.2858963013, 12.8727693558, 2.94433450699, 91.6482543945, 50.2361907959, 17.1134338379], [-1475.1817627, -38.6776313782, 202.868484497, 31.2765674591, 82.5972213745, 197.855728149, 282.153686523, 175.581054688, 17.7610168457, -53.8759536743, 36.2808456421, 49.5927963257, 60.4367866516], [-1050.17565918, 18.7997589111, 150.679367065, 42.0026473999, 23.431848526, 81.2858963013, 175.581054688, 213.223175049, 62.5363769531, -56.6719169617, -31.2281131744, 5.63729000092, 55.7676734924], [-857.605041504, -74.243598938, 133.112716675, 104.500686646, 67.8044891357, 12.8727693558, 17.7610168457, 62.5363769531, 162.791381836, 75.4686126709, -15.9267692566, -29.0907115936, -0.960183799267], [-404.812042236, -105.087287903, 42.670211792, 77.5842819214, 74.2127609253, 2.94433450699, -53.8759536743, -56.6719169617, 75.4686126709, 153.842498779, 62.4492034912, -13.9511928558, -34.9484786987], [-540.069885254, -133.003967285, 67.1733398438, 37.6270103455, 88.8748931885, 91.6482543945, 36.2808456421, -31.2281131744, -15.9267692566, 62.4492034912, 160.576141357, 65.3495407104, -25.5700950623], [-217.104553223, -76.4780807495, 31.7882003784, -3.23027229309, 28.6948127747, 50.2361907959, 49.5927963257, 5.63729000092, -29.0907115936, -13.9511928558, 65.3495407104, 109.329933167, 38.6357460022], [-242.297561646, -28.396396637, 14.4179334641, -10.2488985062, -3.219871521, 17.1134338379, 60.4367866516, 55.7676734924, -0.960183799267, -34.9484786987, -25.5700950623, 38.6357460022, 132.311676025]],
        "icov": [[0.000244256865699, 8.32093355712e-05, 0.000369516492356, 0.00043599359924, 0.000275290134596, 0.000445180397946, 0.000371065340005, 0.00029436533805, 0.000306265632389, 0.000291573203867, 0.000203747855267, -0.000108142943645, 0.000264408969088], [8.32093355712e-05, 0.00186440290418, 0.000539939152077, -6.93727051839e-05, 0.00234942720272, -0.00144262379035, 0.000533568498213, -0.000438439310528, 0.000321152532706, -3.44294821844e-05, 0.00092677649809, 0.000407567189541, 0.000726472761016], [0.000369516492356, 0.000539939152077, 0.00538132572547, -0.00138372613583, -0.00121556269005, 0.00117977010086, -0.00207947823219, 0.000100521996501, -0.00144413800444, 0.00141602091026, -7.80934060458e-05, -0.000390663626604, 0.00128681841306], [0.00043599359924, -6.93727051839e-05, -0.00138372613583, 0.0101694623008, -0.00455521978438, 0.00325546669774, 0.00160461850464, -0.00103364279494, -0.00093756581191, -0.000728172250092, 4.18660602008e-05, -7.83083960414e-05, 0.000724654295482], [0.000275290134596, 0.00234942720272, -0.00121556269005, -0.00455521978438, 0.0150354886428, -0.0072121322155, 0.00249449373223, 0.00163319497369, 0.000369666726328, -0.00090989790624, 0.000188782651094, 0.000457109417766, -7.57517336751e-05], [0.000445180397946, -0.00144262379035, 0.00117977010086, 0.00325546669774, -0.0072121322155, 0.0148222995922, -0.00868119951338, 0.00297358026728, -0.000684854632709, 0.00143860920798, -0.00347945815884, 0.000267309864284, 0.000873159966432], [0.000371065340005, 0.000533568498213, -0.00207947823219, 0.00160461850464, 0.00249449373223, -0.00868119951338, 0.0190952997655, -0.0102664288133, 0.00377693795599, 0.000734574976377, -0.000170776882442, -0.0013063265942, -0.00149674364366], [0.00029436533805, -0.000438439310528, 0.000100521996501, -0.00103364279494, 0.00163319497369, 0.00297358026728, -0.0102664288133, 0.0177692156285, -0.00750559009612, 0.00668250070885, -0.000351980997948, 0.00182382843923, -0.0016809188528], [0.000306265632389, 0.000321152532706, -0.00144413800444, -0.00093756581191, 0.000369666726328, -0.000684854632709, 0.00377693795599, -0.00750559009612, 0.0175293795764, -0.0107355713844, 0.00636807503179, -0.000745583034586, 0.000990322558209], [0.000291573203867, -3.44294821844e-05, 0.00141602091026, -0.000728172250092, -0.00090989790624, 0.00143860920798, 0.000734574976377, 0.00668250070885, -0.0107355713844, 0.0196211002767, -0.00945487618446, 0.0047256606631, -0.00114686379675], [0.000203747855267, 0.00092677649809, -7.80934060458e-05, 4.18660602008e-05, 0.000188782651094, -0.00347945815884, -0.000170776882442, -0.000351980997948, 0.00636807503179, -0.00945487618446, 0.0187202747911, -0.00985632836819, 0.00530951051041], [-0.000108142943645, 0.000407567189541, -0.000390663626604, -7.83083960414e-05, 0.000457109417766, 0.000267309864284, -0.0013063265942, 0.00182382843923, -0.000745583034586, 0.0047256606631, -0.00985632836819, 0.0180743001401, -0.00620931712911], [0.000264408969088, 0.000726472761016, 0.00128681841306, 0.000724654295482, -7.57517336751e-05, 0.000873159966432, -0.00149674364366, -0.0016809188528, 0.000990322558209, -0.00114686379675, 0.00530951051041, -0.00620931712911, 0.0119348289445]]
    },
    "spectral_contrast_coeffs": {
        "mean": [-0.621816813946, -0.714825212955, -0.734157264233, -0.764539182186, -0.795147716999, -0.774721741676],
        "stdev": [0.117353819311, 0.0975814759731, 0.0956286936998, 0.0877178385854, 0.0573032610118, 0.0504203252494]
    },
    "spectral_contrast_valleys": {
        "mean": [-8.28342056274, -7.80101442337, -8.66469764709, -9.18063259125, -9.27676296234, -11.8433551788],
        "stdev": [0.928677499294, 1.52384710312, 1.56080770493, 1.66519486904, 1.65009009838, 1.48129439354]
    }
},
"rhythm": {
    "beats_count": 183,
    "beats_loudness": {
        "mean": 0.0248229000717,
        "stdev": 0.0235025286674
    },
    "bpm": 148.671707153,
    "bpm_histogram_first_peak_bpm": 148,
    "bpm_histogram_first_peak_weight": 0.582089543343,
    "bpm_histogram_second_peak_bpm": 157,
    "bpm_histogram_second_peak_spread": 0.0625,
    "bpm_histogram_second_peak_weight": 0.164835169911,
    "danceability": 1.09729158878,
    "onset_rate": 2.94112038612,
    "beats_loudness_band_ratio": {
        "mean": [0.226979777217, 0.377894997597, 0.198006302118, 0.204479902983, 0.0384803302586, 0.0171855278313],
        "stdev": [0.277396053076, 0.238412573934, 0.178737401962, 0.22941672802, 0.050613373518, 0.0184778254479]
    },
    "beats_position": [0.359909296036, 0.731428563595, 1.11455774307, 1.49768710136, 1.88081634045, 2.27555561066, 2.65868473053, 3.04181408882, 3.42494320869, 3.80807256699, 4.17959165573, 4.5627207756, 4.95746040344, 5.34058952332, 5.72371864319, 6.10684776306, 6.48997735977, 6.87310647964, 7.25623559952, 7.63936471939, 8.03410434723, 8.4172334671, 8.80036258698, 9.19510173798, 9.58984088898, 9.97297000885, 10.3560991287, 10.7508392334, 11.1455783844, 11.5287075043, 11.9118366241, 12.294965744, 12.6780948639, 13.0612239838, 13.4675731659, 13.8623123169, 14.268661499, 14.6750106812, 15.0813598633, 15.4877090454, 15.8824491501, 16.2655773163, 16.6603164673, 17.0434455872, 17.4381847382, 17.8213157654, 18.2044448853, 18.5991840363, 18.9939231873, 19.3886623383, 19.7834014893, 20.1781406403, 20.5844898224, 20.9792289734, 21.3739681244, 21.7570972443, 22.1518363953, 22.5465755463, 22.9413146973, 23.3360538483, 23.7307929993, 24.1487522125, 24.5667114258, 24.9730606079, 25.37940979, 25.7857589722, 26.1921081543, 26.6100673676, 27.0280265808, 27.4343757629, 27.8407249451, 28.2354640961, 28.6302032471, 29.0249423981, 29.4312915802, 29.8376407623, 30.2439899445, 30.6503391266, 31.0566883087, 31.4630374908, 31.8577766418, 32.2525177002, 32.6588668823, 33.0652160645, 33.4715652466, 33.8895225525, 34.2958717346, 34.7138328552, 35.1201820374, 35.5265312195, 35.9444885254, 36.3508377075, 36.7571868896, 37.1751480103, 37.5814971924, 37.9878463745, 38.4058036804, 38.823764801, 39.2533340454, 39.6596832275, 40.0776405334, 40.4839897156, 40.8903388977, 41.2850799561, 41.703037262, 42.0977783203, 42.492515564, 42.8872566223, 43.2936058044, 43.6999549866, 44.1179122925, 44.5358734131, 44.953830719, 45.3717918396, 45.8129692078, 46.2309303284, 46.6488876343, 47.0668487549, 47.4848060608, 47.8795471191, 48.297504425, 48.6922454834, 49.0985946655, 49.5049438477, 49.8996810913, 50.3060302734, 50.6891593933, 51.0955085754, 51.5018577576, 51.9082069397, 52.3377761841, 52.7557373047, 53.1736946106, 53.5684356689, 53.9747848511, 54.3695220947, 54.7758712769, 55.1706123352, 55.5653495789, 55.9600906372, 56.3664398193, 56.7727890015, 57.1675262451, 57.5622673035, 57.9570045471, 58.3633537292, 58.7697029114, 59.1760520935, 59.5824012756, 59.9887504578, 60.3950996399, 60.7898406982, 61.1845779419, 61.590927124, 61.9972763062, 62.3920173645, 62.7867546082, 63.1814956665, 63.5762329102, 63.9709739685, 64.3773193359, 64.7836685181, 65.1784133911, 65.5847625732, 65.9911117554, 66.3974609375, 66.8154220581, 67.2101593018, 67.6048965454, 67.9996337891, 68.4292068481, 68.8587722778, 69.299949646, 69.7411346436, 70.2868041992, 70.8324737549, 71.4826278687, 72.1444015503, 72.7945556641, 73.4911575317, 74.18775177, 74.8843536377, 75.580947876],
    "bpm_histogram": [0, 0, 0, 0, 0, 0, 0, 0, 0, 0, 0, 0, 0, 0, 0, 0, 0, 0, 0, 0, 0, 0, 0, 0, 0, 0, 0, 0, 0, 0, 0, 0, 0, 0, 0, 0, 0, 0, 0, 0, 0, 0, 0, 0, 0, 0, 0, 0, 0, 0, 0, 0, 0, 0, 0, 0, 0, 0, 0, 0, 0, 0, 0, 0, 0, 0, 0, 0, 0, 0, 0, 0, 0, 0, 0, 0, 0, 0, 0, 0, 0, 0, 0, 0, 0, 0, 0.0219780225307, 0, 0, 0, 0, 0.00549450563267, 0.0109890112653, 0, 0, 0, 0, 0, 0, 0, 0, 0, 0, 0, 0, 0, 0, 0, 0, 0, 0.0109890112653, 0, 0, 0, 0, 0, 0, 0, 0, 0, 0, 0, 0, 0, 0, 0, 0, 0, 0, 0, 0, 0, 0, 0, 0, 0, 0.0164835173637, 0, 0, 0, 0.0219780225307, 0, 0, 0, 0.131868138909, 0, 0, 0, 0.307692319155, 0, 0, 0, 0.296703308821, 0, 0, 0, 0, 0.164835169911, 0, 0, 0, 0.0109890112653, 0, 0, 0, 0, 0, 0, 0, 0, 0, 0, 0, 0, 0, 0, 0, 0, 0, 0, 0, 0, 0, 0, 0, 0, 0, 0, 0, 0, 0, 0, 0, 0, 0, 0, 0, 0, 0, 0, 0, 0, 0, 0, 0, 0, 0, 0, 0, 0, 0, 0, 0, 0, 0, 0, 0, 0, 0, 0, 0, 0, 0, 0, 0, 0, 0, 0, 0, 0, 0, 0, 0, 0, 0, 0, 0, 0, 0, 0, 0, 0, 0, 0, 0, 0, 0, 0, 0, 0]
},
"tonal": {
    "chords_changes_rate": 0.0609384514391,
    "chords_number_rate": 0.00670322962105,
    "chords_strength": {
        "mean": 0.539836108685,
        "stdev": 0.0873968824744
    },
    "hpcp_crest": {
        "mean": 16.5892944336,
        "stdev": 7.5802154541
    },
    "hpcp_entropy": {
        "mean": 1.61310780048,
        "stdev": 0.703671872616
    },
    "key_edma": {
        "strength": 0.816555917263,
        "key": "F#",
        "scale": "minor"
    },
    "key_krumhansl": {
        "strength": 0.824375212193,
        "key": "F#",
        "scale": "minor"
    },
    "key_temperley": {
        "strength": 0.82081669569,
        "key": "F#",
        "scale": "minor"
    },
    "tuning_diatonic_strength": 0.627031683922,
    "tuning_equal_tempered_deviation": 0.0247103590518,
    "tuning_frequency": 443.316436768,
    "tuning_nontempered_energy_ratio": 0.674425601959,
    "hpcp": {
        "mean": [0.179841801524, 0.124685309827, 0.0708174109459, 0.0918011516333, 0.0688187032938, 0.131164520979, 0.174801826477, 0.0860925912857, 0.0359505340457, 0.0418660491705, 0.0490752309561, 0.220222815871, 0.342303276062, 0.172008857131, 0.0670275688171, 0.078244894743, 0.0461312867701, 0.0453775376081, 0.0522056035697, 0.030164744705, 0.0467072539032, 0.084470719099, 0.0771197974682, 0.0917572528124, 0.1050632447, 0.0755553245544, 0.171259775758, 0.281756281853, 0.191108644009, 0.0731187388301, 0.0381548777223, 0.0321450978518, 0.10500203073, 0.170716837049, 0.103760361671, 0.0939998626709],
        "stdev": [0.329403609037, 0.237809285522, 0.170164018869, 0.229554444551, 0.15602606535, 0.252675652504, 0.310963362455, 0.176084801555, 0.12087430805, 0.133965596557, 0.153976365924, 0.283279240131, 0.382470160723, 0.225933164358, 0.18481272459, 0.218499794602, 0.144867479801, 0.134678214788, 0.158706888556, 0.0976533666253, 0.147812083364, 0.231823980808, 0.192378297448, 0.205120429397, 0.22940081358, 0.1647464782, 0.255095869303, 0.346216857433, 0.28482940793, 0.181611075997, 0.132145926356, 0.109644830227, 0.195033669472, 0.289982795715, 0.184463009238, 0.184595361352]
    },
    "chords_histogram": [35.4052391052, 11.3954906464, 0, 0.426569163799, 4.32663011551, 3.16879940033, 0.914076805115, 18.586227417, 5.24070692062, 10.1157827377, 1.279707551, 0, 0, 0, 0, 0, 0, 0, 0, 1.15783059597, 0, 0, 5.42352247238, 2.55941510201],
    "thpcp": [1, 0.50250428915, 0.195813402534, 0.228583544493, 0.13476729393, 0.132565304637, 0.152512714267, 0.0881228595972, 0.136449918151, 0.24677157402, 0.22529669106, 0.268058359623, 0.306930303574, 0.220726266503, 0.500315904617, 0.82311886549, 0.558302104473, 0.213608056307, 0.111465126276, 0.0939082354307, 0.306751459837, 0.498729765415, 0.303124070168, 0.27460989356, 0.525387346745, 0.364253908396, 0.206884995103, 0.268186599016, 0.20104598999, 0.383182197809, 0.510663628578, 0.251509696245, 0.1050253883, 0.122306890786, 0.143367692828, 0.643355846405],
    "chords_key": "F#",
    "chords_scale": "minor"
}
}