{
"metadata": {
    "version": {
        "essentia": "2.1-dev",
        "essentia_git_sha": "v2.1_beta3-415-gd5473f3",
        "extractor": "music 2.0"
    },
    "audio_properties": {
        "analysis": {
            "equal_loudness": 0,
            "length": 366.706665039,
            "sample_rate": 44100,
            "start_time": 0,
            "downmix": "mix"
        },
        "bit_rate": 183944,
        "length": 366.706665039,
        "lossless": 0,
        "number_channels": 2,
        "replay_gain": -6.79904174805,
        "sample_rate": 44100,
        "codec": "mp3",
        "md5_encoded": "18ef9285d11046bf744e73c4040d2270"
    },
    "tags": {
        "file_name": "haydn-cello_concerto_no_2_in_d_major-rondo.mp3",
        "album": ["Favourite Cello Concertos, D.."],
        "artist": ["Jacqueline Du Pre"],
        "title": ["Rondo (Allegro)"]
    }
},
"lowlevel": {
    "average_loudness": 0.0313992202282,
    "barkbands_crest": {
        "mean": 13.3797807693,
        "stdev": 5.03666257858
    },
    "barkbands_flatness_db": {
        "mean": 0.237052023411,
        "stdev": 0.0640830472112
    },
    "barkbands_kurtosis": {
        "mean": 7.79902982712,
        "stdev": 16.6934318542
    },
    "barkbands_skewness": {
        "mean": 1.53813874722,
        "stdev": 1.54323363304
    },
    "barkbands_spread": {
        "mean": 8.33551311493,
        "stdev": 6.08990764618
    },
    "dissonance": {
        "mean": 0.401237845421,
        "stdev": 0.0525786913931
    },
    "dynamic_complexity": 7.12731313705,
    "erbbands_crest": {
        "mean": 13.5782575607,
        "stdev": 5.56015253067
    },
    "erbbands_flatness_db": {
        "mean": 0.267636328936,
        "stdev": 0.0566514544189
    },
    "erbbands_kurtosis": {
        "mean": 1.78577041626,
        "stdev": 4.19667243958
    },
    "erbbands_skewness": {
        "mean": 0.968379378319,
        "stdev": 0.950126707554
    },
    "erbbands_spread": {
        "mean": 18.2543525696,
        "stdev": 9.46409893036
    },
    "hfc": {
        "mean": 6.36987733841,
        "stdev": 9.86999130249
    },
    "loudness_ebu128": {
        "integrated": -17.4626598358,
        "loudness_range": 15.7802591324,
        "momentary": {
            "mean": -31.4233970642,
            "stdev": 48.5228691101
        },
        "short_term": {
            "mean": -28.5459671021,
            "stdev": 43.0656166077
        }
    },
    "melbands_crest": {
        "mean": 16.7330532074,
        "stdev": 6.27483844757
    },
    "melbands_flatness_db": {
        "mean": 0.308711320162,
        "stdev": 0.0878561139107
    },
    "melbands_kurtosis": {
        "mean": 11.491189003,
        "stdev": 27.9730815887
    },
    "melbands_skewness": {
        "mean": 2.0725979805,
        "stdev": 1.58624124527
    },
    "melbands_spread": {
        "mean": 13.7669239044,
        "stdev": 22.6002788544
    },
    "pitch_salience": {
        "mean": 0.498237043619,
        "stdev": 0.133652120829
    },
    "silence_rate_20dB": {
        "mean": 1,
        "stdev": 0
    },
    "silence_rate_30dB": {
        "mean": 0.993541836739,
        "stdev": 0.080102302134
    },
    "silence_rate_60dB": {
        "mean": 0.43852096796,
        "stdev": 0.496223956347
    },
    "spectral_centroid": {
        "mean": 968.262268066,
        "stdev": 1838.76611328
    },
    "spectral_complexity": {
        "mean": 7.27940988541,
        "stdev": 5.53640508652
    },
    "spectral_decrease": {
        "mean": -3.38676997558e-09,
        "stdev": 5.26968557679e-09
    },
    "spectral_energy": {
        "mean": 0.013360183686,
        "stdev": 0.0207387637347
    },
    "spectral_energyband_high": {
        "mean": 1.77606289071e-05,
        "stdev": 4.83337207697e-05
    },
    "spectral_energyband_low": {
        "mean": 0.00109775457531,
        "stdev": 0.00310046900995
    },
    "spectral_energyband_middle_high": {
        "mean": 0.0015354747884,
        "stdev": 0.00291910814121
    },
    "spectral_energyband_middle_low": {
        "mean": 0.0112532237545,
        "stdev": 0.0181302819401
    },
    "spectral_entropy": {
        "mean": 6.40459060669,
        "stdev": 0.789017796516
    },
    "spectral_flux": {
        "mean": 0.0334122218192,
        "stdev": 0.0276633352041
    },
    "spectral_kurtosis": {
        "mean": 20.8847961426,
        "stdev": 16.036365509
    },
    "spectral_rms": {
        "mean": 0.00277292402461,
        "stdev": 0.00231197173707
    },
    "spectral_rolloff": {
        "mean": 1314.80004883,
        "stdev": 3175.73999023
    },
    "spectral_skewness": {
        "mean": 3.0722784996,
        "stdev": 1.26515853405
    },
    "spectral_spread": {
        "mean": 3428940.25,
        "stdev": 6754234
    },
    "spectral_strongpeak": {
        "mean": 0.864906907082,
        "stdev": 0.86940318346
    },
    "zerocrossingrate": {
        "mean": 0.0438734963536,
        "stdev": 0.0834255665541
    },
    "barkbands": {
        "mean": [3.24171051034e-05, 0.00020850848523, 0.000388356449548, 0.00110755907372, 0.00213163369335, 0.00501504447311, 0.00150799821131, 0.000727894366719, 0.000582144944929, 0.000472065381473, 0.00013068591943, 0.000171267485712, 0.000285472808173, 0.000177551512024, 0.000154757508426, 8.72549790074e-05, 8.7629101472e-05, 3.65207852155e-05, 2.98764953186e-05, 1.17772315207e-05, 6.61522608425e-06, 4.07971083405e-06, 1.46757463426e-06, 7.88557088072e-07, 5.452465075e-07, 2.54835072155e-07, 9.24609544484e-09],
        "stdev": [2.45362771238e-05, 0.000710157444701, 0.00138376373798, 0.00419890414923, 0.0051053292118, 0.0111744990572, 0.00499337399378, 0.00232650456019, 0.00135125592351, 0.00147420796566, 0.000810312631074, 0.000552198500372, 0.00105416844599, 0.000497124507092, 0.000414336740505, 0.000275681610219, 0.000275380210951, 0.000106840023363, 0.000103310594568, 3.49054025719e-05, 2.1176860173e-05, 1.50343648784e-05, 5.18630213264e-06, 2.61690684056e-06, 2.05986316359e-06, 9.964273886e-07, 3.954777128e-08]
    },
    "erbbands": {
        "mean": [0.00321217579767, 0.0610241927207, 0.384342223406, 2.20603752136, 4.92834568024, 6.0609126091, 24.7045440674, 44.1184539795, 30.5677013397, 13.0215864182, 15.9462051392, 11.9494609833, 17.3182945251, 12.9983310699, 5.14072990417, 8.24469470978, 13.2825632095, 11.1020851135, 9.65993022919, 4.74344015121, 5.80268335342, 3.69577026367, 2.48468852043, 1.6191906929, 1.3795517683, 0.578599989414, 0.356227487326, 0.172116518021, 0.139347121119, 0.0932010784745, 0.0401837043464, 0.0180844403803, 0.0129071716219, 0.00750101218, 0.00270843785256, 0.0013650309993, 0.000439631898189, 5.43529022252e-05, 7.84587518865e-06, 1.51364938574e-05],
        "stdev": [0.00891511514783, 0.211898028851, 1.371784091, 7.36600446701, 17.9903888702, 14.3848571777, 61.2088623047, 108.572235107, 82.3876266479, 38.6317901611, 43.7095794678, 25.5671768188, 52.7974700928, 45.6653633118, 15.4913158417, 25.7677288055, 48.9448890686, 30.4888114929, 25.1650238037, 13.1626815796, 16.6445713043, 10.684466362, 6.87092161179, 4.9975976944, 5.39239263535, 1.59613513947, 1.06613659859, 0.507398605347, 0.479536890984, 0.382509708405, 0.145002812147, 0.0539815500379, 0.0465152896941, 0.0269840564579, 0.00848595332354, 0.00531920930371, 0.0017134542577, 0.000182565374416, 1.3667236999e-05, 2.34343842749e-05]
    },
    "gfcc": {
        "mean": [-201.21244812, 149.814758301, -133.529891968, -8.03296756744, -51.9745674133, -15.2311735153, -39.4904403687, -4.87668418884, -14.2487640381, 0.798755347729, -6.83685684204, 1.19904482365, -0.00977842044085],
        "cov": [[40122.1601562, 4624.35009766, -5043.66943359, 68.4625396729, -2047.64916992, -838.485107422, -1648.01098633, -617.326538086, -877.345092773, -302.531158447, -463.022766113, -342.652069092, -308.198547363], [4624.35009766, 1808.44799805, -213.893325806, -224.717910767, -85.8053741455, -291.20501709, -229.689666748, -244.703582764, -127.552497864, -177.002151489, -88.3099822998, -123.572952271, 16.5278682709], [-5043.66943359, -213.893325806, 1282.01477051, 119.798240662, 395.182006836, 62.3594741821, 147.963989258, -52.3140487671, 2.59620761871, -112.557487488, -78.4046936035, -80.557723999, -24.8351211548], [68.4625396729, -224.717910767, 119.798240662, 326.751434326, 87.092010498, 117.414924622, 23.5102596283, 51.3615608215, -36.5311164856, -17.5735359192, -78.5737609863, -50.7644805908, -83.5549850464], [-2047.64916992, -85.8053741455, 395.182006836, 87.092010498, 278.399993896, 106.09236145, 107.958808899, 12.5786399841, 17.9782333374, -28.1073570251, -21.7922554016, -45.5288696289, -34.9656143188], [-838.485107422, -291.20501709, 62.3594741821, 117.414924622, 106.09236145, 241.927001953, 121.620811462, 120.81968689, 35.8649673462, 45.9257049561, -21.0186805725, 2.06657528877, -44.0448455811], [-1648.01098633, -229.689666748, 147.963989258, 23.5102596283, 107.958808899, 121.620811462, 203.683868408, 117.627067566, 74.4095916748, 33.5952911377, 21.1869277954, 2.64704418182, -6.41232728958], [-617.326538086, -244.703582764, -52.3140487671, 51.3615608215, 12.5786399841, 120.81968689, 117.627067566, 219.80039978, 105.240234375, 72.9306869507, 3.31652617455, 28.3681735992, -10.9830703735], [-877.345092773, -127.552497864, 2.59620761871, -36.5311164856, 17.9782333374, 35.8649673462, 74.4095916748, 105.240234375, 152.622451782, 95.5160827637, 55.3731117249, 37.7713241577, 19.1523704529], [-302.531158447, -177.002151489, -112.557487488, -17.5735359192, -28.1073570251, 45.9257049561, 33.5952911377, 72.9306869507, 95.5160827637, 158.348526001, 101.304031372, 61.6862258911, -1.38526237011], [-463.022766113, -88.3099822998, -78.4046936035, -78.5737609863, -21.7922554016, -21.0186805725, 21.1869277954, 3.31652617455, 55.3731117249, 101.304031372, 165.125366211, 95.9791717529, 35.5122528076], [-342.652069092, -123.572952271, -80.557723999, -50.7644805908, -45.5288696289, 2.06657528877, 2.64704418182, 28.3681735992, 37.7713241577, 61.6862258911, 95.9791717529, 140.074325562, 78.4345626831], [-308.198547363, 16.5278682709, -24.8351211548, -83.5549850464, -34.9656143188, -44.0448455811, -6.41232728958, -10.9830703735, 19.1523704529, -1.38526237011, 35.5122528076, 78.4345626831, 144.873260498]],
        "icov": [[0.000218697430682, -0.000461864925455, 0.000572091259528, -0.000582022068556, 0.000812896294519, -0.000311701354804, 0.000515998981427, 5.37825944775e-05, 0.000265190610662, 6.77973366692e-05, 4.85825548822e-05, 0.000224187009735, 0.000240987312282], [-0.000461864925455, 0.00188025436364, -0.000925650820136, 0.00177023105789, -0.00225607887842, 0.00119849015027, -0.000546464812942, 6.47114648018e-05, -0.000687379390001, 0.000425277947215, 2.63854890363e-05, 0.000163516509929, -0.00053425488295], [0.000572091259528, -0.000925650820136, 0.00320768309757, -0.00163779244758, -0.000233956016018, 0.000219637484406, 0.000580140098464, 0.00105691840872, 0.000123314908706, 0.000626015069429, 0.00116595986765, 4.45373643743e-06, 0.000745521858335], [-0.000582022068556, 0.00177023105789, -0.00163779244758, 0.0069345170632, -0.00355297233909, -0.000153977787704, 0.000102259604319, -0.00163825612981, 0.00144076917786, -0.00105410756078, 0.00181649974547, -0.000894546508789, 0.00109303847421], [0.000812896294519, -0.00225607887842, -0.000233956016018, -0.00355297233909, 0.0130597651005, -0.00546088023111, 8.09313351056e-05, 0.0021090733353, -0.00146061112173, 0.00304529140703, -0.00321088498458, 0.0032878050115, 0.00078196474351], [-0.000311701354804, 0.00119849015027, 0.000219637484406, -0.000153977787704, -0.00546088023111, 0.0118120210245, -0.0049385256134, -0.00218491209671, 0.0030330454465, -0.00517387129366, 0.00555753475055, -0.00425009476021, 0.00152617832646], [0.000515998981427, -0.000546464812942, 0.000580140098464, 0.000102259604319, 8.09313351056e-05, -0.0049385256134, 0.0143191032112, -0.00542155746371, -0.00115253264084, 0.00402910355479, -0.00571119925007, 0.00517065823078, -0.00114917580504], [5.37825944775e-05, 6.47114648018e-05, 0.00105691840872, -0.00163825612981, 0.0021090733353, -0.00218491209671, -0.00542155746371, 0.0135813159868, -0.0071291946806, -0.000748832419049, 0.0051146238111, -0.0040026018396, 0.00182639132254], [0.000265190610662, -0.000687379390001, 0.000123314908706, 0.00144076917786, -0.00146061112173, 0.0030330454465, -0.00115253264084, -0.0071291946806, 0.0186733752489, -0.0102905230597, 0.00131217273884, 0.00139438302722, -0.00217082328163], [6.77973366692e-05, 0.000425277947215, 0.000626015069429, -0.00105410756078, 0.00304529140703, -0.00517387129366, 0.00402910355479, -0.000748832419049, -0.0102905230597, 0.0221896022558, -0.0121639752761, 0.00154432689305, 0.00259685446508], [4.85825548822e-05, 2.63854890363e-05, 0.00116595986765, 0.00181649974547, -0.00321088498458, 0.00555753475055, -0.00571119925007, 0.0051146238111, 0.00131217273884, -0.0121639752761, 0.0222521089017, -0.0128475055099, 0.0036087972112], [0.000224187009735, 0.000163516509929, 4.45373643743e-06, -0.000894546508789, 0.0032878050115, -0.00425009476021, 0.00517065823078, -0.0040026018396, 0.00139438302722, 0.00154432689305, -0.0128475055099, 0.0226532202214, -0.00991486757994], [0.000240987312282, -0.00053425488295, 0.000745521858335, 0.00109303847421, 0.00078196474351, 0.00152617832646, -0.00114917580504, 0.00182639132254, -0.00217082328163, 0.00259685446508, 0.0036087972112, -0.00991486757994, 0.0137698575854]]
    },
    "melbands": {
        "mean": [4.47246675321e-05, 0.000155618326971, 0.000471298553748, 0.000368245237041, 0.000739868497476, 0.000959464639891, 0.000447391357739, 0.000139073308674, 0.00011938069656, 7.9269237176e-05, 8.56595215737e-05, 5.33260208613e-05, 1.67593243532e-05, 2.07552875509e-05, 2.16961598198e-05, 3.03023280139e-05, 1.85938351933e-05, 1.51958311108e-05, 8.2540400399e-06, 5.59764430363e-06, 7.35196863388e-06, 3.99942200602e-06, 3.12871452479e-06, 1.87421017017e-06, 1.18791217574e-06, 1.17140461953e-06, 6.29983389899e-07, 3.12888545295e-07, 2.33300184505e-07, 1.54146690079e-07, 8.9716948537e-08, 8.02718105319e-08, 7.57767892878e-08, 4.05054869645e-08, 2.50971403659e-08, 1.32333122238e-08, 9.89360149362e-09, 8.64891980257e-09, 9.73567715334e-09, 5.10121278552e-09],
        "stdev": [0.00013430173567, 0.000544497801457, 0.00158125325106, 0.00108292710502, 0.0017583030276, 0.00228412915021, 0.00124661403242, 0.000441316195065, 0.000317384576192, 0.000179874274181, 0.000261826673523, 0.000189277285244, 7.29601306375e-05, 6.46659973427e-05, 7.54440334276e-05, 0.000112575711682, 5.40307119081e-05, 4.14621717937e-05, 2.23057286348e-05, 2.03121144295e-05, 2.26276533795e-05, 1.39195699376e-05, 1.14569984362e-05, 5.62928516956e-06, 4.44448505732e-06, 4.62769639853e-06, 2.39846758632e-06, 9.30180647174e-07, 7.72796283854e-07, 7.00208204307e-07, 2.69512440809e-07, 2.72301235782e-07, 3.88519168837e-07, 1.70164383917e-07, 9.95055060571e-08, 3.81719544862e-08, 3.51794149367e-08, 3.27517817311e-08, 4.62544242907e-08, 1.69302012409e-08]
    },
    "melbands128": {
        "mean": [1.06652742033e-05, 1.53816254169e-05, 5.34344253538e-05, 0.000110282075184, 0.000154322769959, 0.000205945572816, 0.000419783929829, 0.000590519513935, 0.000508869648911, 0.000399168202421, 0.000242164212978, 0.000479896378238, 0.000860693398863, 0.00107968237717, 0.00110222736839, 0.000929699337576, 0.000371567672119, 0.000542056863196, 0.000250078941463, 7.7258926467e-05, 0.000123766672914, 0.000177672714926, 0.000120936034364, 4.69094229629e-05, 7.20340103726e-05, 6.87485808157e-05, 0.000149152081576, 8.14230224933e-05, 3.66225358448e-05, 7.86646342021e-05, 5.12844053446e-05, 2.16309799725e-05, 1.55416528287e-05, 1.02725862234e-05, 1.75533095899e-05, 2.65792441496e-05, 2.55787745118e-05, 5.45675493413e-06, 3.90234708902e-05, 3.09890237986e-05, 2.3379094273e-05, 3.56841774192e-05, 1.69134709722e-05, 1.40085621751e-05, 9.06366767595e-06, 1.82636704267e-05, 2.07510456676e-05, 5.00586793351e-06, 4.74725311506e-06, 7.01283806848e-06, 4.86527278554e-06, 4.78838546769e-06, 8.44735768624e-06, 7.2432358138e-06, 8.16831106931e-06, 1.70067880845e-06, 2.02587102649e-06, 5.96531253905e-06, 1.90307093817e-06, 1.51136418935e-06, 2.50581979344e-06, 1.34886795422e-06, 1.56065107149e-06, 9.24116989154e-07, 1.078208129e-06, 1.13639816846e-06, 1.49292372953e-06, 6.45854242975e-07, 4.19505084892e-07, 5.50197228222e-07, 2.98659273312e-07, 2.41306366888e-07, 1.99591283945e-07, 2.66638721769e-07, 1.93981037455e-07, 2.37812372461e-07, 8.35154452261e-08, 5.09483228939e-08, 1.09175822161e-07, 1.06508252884e-07, 9.0189089974e-08, 5.04807147195e-08, 8.92078659831e-08, 8.05494124734e-08, 7.43880903542e-08, 3.77352158409e-08, 3.9736796964e-08, 1.88254727362e-08, 3.13624646253e-08, 2.09187014377e-08, 1.46640903864e-08, 1.04147259705e-08, 1.21910517237e-08, 9.45204003955e-09, 8.94338469948e-09, 9.35488664311e-09, 8.67207905486e-09, 6.89945212073e-09, 1.22160477289e-08, 1.02567652149e-08, 5.15229192644e-09, 4.4643022612e-09, 4.56330262466e-09, 3.01294256211e-09, 2.88185342256e-09, 2.36354114058e-09, 2.93831114995e-09, 1.96621408044e-09, 2.4864328374e-09, 2.35040209517e-09, 2.5051736241e-09, 1.2502573421e-09, 1.41442890733e-09, 1.04868180806e-09, 8.25401802462e-10, 5.00603059006e-10, 3.13983838929e-10, 5.18970352803e-11, 1.06580091974e-11, 7.83812684896e-12, 6.24767381927e-12, 5.73405992826e-12, 3.4415335165e-12, 2.08413191219e-12, 2.05930389928e-12, 2.04137054483e-12, 2.02853966264e-12, 2.01484553868e-12],
        "stdev": [1.02022959254e-05, 4.26058613812e-05, 0.000184766046004, 0.000428468163591, 0.000722691998817, 0.000709955987986, 0.00152400741354, 0.00249409629032, 0.00223637884483, 0.00155427167192, 0.000891340954695, 0.00147118698806, 0.002798340749, 0.00293265213259, 0.00282160076313, 0.00339918141253, 0.00110049534123, 0.00216938275844, 0.000915624783374, 0.000373967603082, 0.000774724816438, 0.000561244087294, 0.00042504776502, 0.000132668763399, 0.000215707012103, 0.000231286874623, 0.000487641547807, 0.000419018877437, 0.00011831203301, 0.000297199265333, 0.000253403297393, 0.000190796519746, 8.12628059066e-05, 5.46104529349e-05, 7.42106931284e-05, 9.41358157434e-05, 0.000110912602395, 2.59744410869e-05, 0.000202669936698, 0.000138844989124, 0.000167134930962, 0.000164808894624, 5.30444995093e-05, 6.14218224655e-05, 4.82328687212e-05, 6.01681604167e-05, 6.5753236413e-05, 3.14246826747e-05, 1.79959315574e-05, 3.14592361974e-05, 3.01457348542e-05, 2.59755961451e-05, 3.55048505298e-05, 2.70411273959e-05, 4.21011027356e-05, 9.38105949899e-06, 9.36305605137e-06, 2.48088963417e-05, 1.00812230812e-05, 8.13367387309e-06, 9.98455197987e-06, 4.71107205158e-06, 9.31297017814e-06, 3.89552224078e-06, 6.61452986606e-06, 5.13857139595e-06, 9.23840343603e-06, 3.53129303221e-06, 2.06714639717e-06, 2.54608880823e-06, 1.10214944016e-06, 1.05245987925e-06, 8.34886634493e-07, 1.26896566144e-06, 7.21487879218e-07, 1.42749502174e-06, 4.76328921195e-07, 2.69511929218e-07, 4.02016411272e-07, 4.21337290391e-07, 5.33050922513e-07, 1.84084086641e-07, 6.16198576608e-07, 5.4279246342e-07, 5.42189809494e-07, 1.98396492124e-07, 2.06841704653e-07, 1.00069151188e-07, 1.62215087585e-07, 1.11891111487e-07, 6.19823339321e-08, 3.59289593632e-08, 4.2861191929e-08, 4.06931803809e-08, 5.42122258196e-08, 6.05606587101e-08, 3.60841241331e-08, 2.83392616041e-08, 7.93398484689e-08, 5.14717015676e-08, 1.87732656087e-08, 2.01765999464e-08, 2.27264003172e-08, 1.40541001059e-08, 8.76294503627e-09, 8.6665172816e-09, 1.2830749796e-08, 7.45203632135e-09, 1.0341387302e-08, 1.69106311176e-08, 1.42252947199e-08, 3.7712526435e-09, 5.53095436118e-09, 6.1940239604e-09, 3.02150171549e-09, 1.810061101e-09, 1.04528374845e-09, 2.29004371022e-10, 1.70456690429e-10, 1.61522129005e-10, 1.61418822753e-10, 1.9233632742e-10, 7.2248908245e-11, 4.93176463209e-12, 4.85173576661e-12, 4.79395126027e-12, 4.75371131348e-12, 4.7283782792e-12]
    },
    "mfcc": {
        "mean": [-818.820068359, 176.937652588, -18.506067276, 4.69307518005, -1.39379405975, -10.7383213043, -15.3541603088, -10.1380300522, -6.11862134933, -4.20953083038, -2.07686257362, -3.14334893227, -1.36029851437],
        "cov": [[12820.7490234, 2677.55639648, -1414.52185059, 702.984008789, -545.323974609, -109.722244263, -388.664672852, -381.254669189, -475.222473145, -262.44519043, -158.549163818, -317.961303711, -260.48739624], [2677.55639648, 2333.13427734, 19.0313091278, 16.6407585144, 31.0862007141, -131.283432007, -150.491027832, -196.780593872, -170.952926636, -158.008056641, -129.577270508, -120.27872467, -138.738739014], [-1414.52185059, 19.0313091278, 589.646789551, 11.3175792694, 180.051376343, 66.3884887695, 48.5952949524, 56.8846588135, 60.7375602722, 4.07236719131, -38.1484565735, -18.9152030945, -21.0556030273], [702.984008789, 16.6407585144, 11.3175792694, 240.193267822, 40.8728027344, 50.4613952637, 16.5887107849, 9.31147670746, 1.45740425587, -6.72254610062, -24.7854404449, -38.0756721497, -27.7199821472], [-545.323974609, 31.0862007141, 180.051376343, 40.8728027344, 190.837249756, 71.4121780396, 38.2849693298, 35.4194717407, 32.8106613159, 11.4509019852, -15.7521562576, -11.6082391739, -9.06196022034], [-109.722244263, -131.283432007, 66.3884887695, 50.4613952637, 71.4121780396, 141.796661377, 67.3493881226, 31.2646999359, 19.3705711365, 13.0438394547, 11.5982265472, -1.46622717381, -4.20594596863], [-388.664672852, -150.491027832, 48.5952949524, 16.5887107849, 38.2849693298, 67.3493881226, 128.737579346, 69.8732223511, 32.094039917, 29.1141929626, 17.3456611633, 10.8834295273, -3.01914477348], [-381.254669189, -196.780593872, 56.8846588135, 9.31147670746, 35.4194717407, 31.2646999359, 69.8732223511, 133.752624512, 91.2652435303, 45.0503120422, 14.7079534531, 5.19600105286, 12.1934423447], [-475.222473145, -170.952926636, 60.7375602722, 1.45740425587, 32.8106613159, 19.3705711365, 32.094039917, 91.2652435303, 158.324386597, 86.5977325439, 11.742389679, 4.8020772934, 12.6396913528], [-262.44519043, -158.008056641, 4.07236719131, -6.72254610062, 11.4509019852, 13.0438394547, 29.1141929626, 45.0503120422, 86.5977325439, 134.958831787, 67.8255615234, 12.2808475494, 10.6873598099], [-158.549163818, -129.577270508, -38.1484565735, -24.7854404449, -15.7521562576, 11.5982265472, 17.3456611633, 14.7079534531, 11.742389679, 67.8255615234, 147.603729248, 88.8702468872, 26.5969409943], [-317.961303711, -120.27872467, -18.9152030945, -38.0756721497, -11.6082391739, -1.46622717381, 10.8834295273, 5.19600105286, 4.8020772934, 12.2808475494, 88.8702468872, 161.269104004, 87.0850906372], [-260.48739624, -138.738739014, -21.0556030273, -27.7199821472, -9.06196022034, -4.20594596863, -3.01914477348, 12.1934423447, 12.6396913528, 10.6873598099, 26.5969409943, 87.0850906372, 155.735229492]],
        "icov": [[0.000355069816578, -0.000418472453021, 0.000655001611449, -0.00101647840347, 0.00087643833831, -0.000849892268889, 0.000917527533602, -0.000706984777935, 0.000699206313584, -0.000382546248147, 0.00018459178682, 8.15609528217e-05, 0.00012228624837], [-0.000418472453021, 0.00107242038939, -0.000779587484431, 0.00115710962564, -0.00145369197708, 0.00156048953068, -0.000983758363873, 0.00141842616722, -0.000753399974201, 0.000790528778452, -0.00018403766444, 4.39471587015e-05, 0.000197168177692], [0.000655001611449, -0.000779587484431, 0.0037110846024, -0.00152041600086, -0.000613001000602, -0.00159594684374, 0.00149633886758, -0.00147008697968, 0.000635240750853, -0.000281276705209, 0.000757588830311, -4.34512330685e-05, 0.000560186628718], [-0.00101647840347, 0.00115710962564, -0.00152041600086, 0.00770790921524, -0.00315978098661, 0.000722786760889, -0.00227625970729, 0.0016246176092, -0.00181476015132, 0.00110837258399, -4.91374412377e-05, 0.000354401185177, 4.28058992838e-05], [0.00087643833831, -0.00145369197708, -0.000613001000602, -0.00315978098661, 0.0113440873101, -0.00579035002738, 0.00269902334549, -0.00299296458252, 0.00193435570691, -0.00221264897846, 0.00173312600236, -0.000498710724059, 0.000293721386697], [-0.000849892268889, 0.00156048953068, -0.00159594684374, 0.000722786760889, -0.00579035002738, 0.0145435342565, -0.00815105065703, 0.00435670185834, -0.00318179838359, 0.00317488214932, -0.00311081693508, 0.00165996211581, -0.000918371137232], [0.000917527533602, -0.000983758363873, 0.00149633886758, -0.00227625970729, 0.00269902334549, -0.00815105065703, 0.0176670327783, -0.0104924002662, 0.0063068815507, -0.00473415851593, 0.00292820949107, -0.00276633165777, 0.00241617928259], [-0.000706984777935, 0.00141842616722, -0.00147008697968, 0.0016246176092, -0.00299296458252, 0.00435670185834, -0.0104924002662, 0.0202684309334, -0.0121227242053, 0.00546507490799, -0.00409882469103, 0.00308835180476, -0.0020934259519], [0.000699206313584, -0.000753399974201, 0.000635240750853, -0.00181476015132, 0.00193435570691, -0.00318179838359, 0.0063068815507, -0.0121227242053, 0.0194778125733, -0.0127105005085, 0.00724351266399, -0.00393832521513, 0.00161586364266], [-0.000382546248147, 0.000790528778452, -0.000281276705209, 0.00110837258399, -0.00221264897846, 0.00317488214932, -0.00473415851593, 0.00546507490799, -0.0127105005085, 0.0206606015563, -0.0123619064689, 0.00708563486114, -0.00257625314407], [0.00018459178682, -0.00018403766444, 0.000757588830311, -4.91374412377e-05, 0.00173312600236, -0.00311081693508, 0.00292820949107, -0.00409882469103, 0.00724351266399, -0.0123619064689, 0.0187918264419, -0.0115243569016, 0.00412839232013], [8.15609528217e-05, 4.39471587015e-05, -4.34512330685e-05, 0.000354401185177, -0.000498710724059, 0.00165996211581, -0.00276633165777, 0.00308835180476, -0.00393832521513, 0.00708563486114, -0.0115243569016, 0.0165036581457, -0.00747392093763], [0.00012228624837, 0.000197168177692, 0.000560186628718, 4.28058992838e-05, 0.000293721386697, -0.000918371137232, 0.00241617928259, -0.0020934259519, 0.00161586364266, -0.00257625314407, 0.00412839232013, -0.00747392093763, 0.0106076467782]]
    },
    "spectral_contrast_coeffs": {
        "mean": [-0.649212062359, -0.684315025806, -0.702294766903, -0.750084936619, -0.777639508247, -0.798925459385],
        "stdev": [0.136355623603, 0.105293661356, 0.0904324427247, 0.0756940096617, 0.0600308217108, 0.0473290532827]
    },
    "spectral_contrast_valleys": {
        "mean": [-9.00404644012, -8.44695186615, -9.62434196472, -9.88012981415, -10.5130357742, -13.5196971893],
        "stdev": [3.48669242859, 3.62240433693, 3.39214420319, 3.32052993774, 3.199696064, 2.63359260559]
    }
},
"rhythm": {
    "beats_count": 683,
    "beats_loudness": {
        "mean": 0.0163381621242,
        "stdev": 0.0227996241301
    },
    "bpm": 117.24143219,
    "bpm_histogram_first_peak_bpm": 117,
    "bpm_histogram_first_peak_weight": 0.601694941521,
    "bpm_histogram_second_peak_bpm": 112,
    "bpm_histogram_second_peak_spread": 0.409090876579,
    "bpm_histogram_second_peak_weight": 0.114369504154,
    "danceability": 0.85086774826,
    "onset_rate": 2.22783136368,
    "beats_loudness_band_ratio": {
        "mean": [0.146292462945, 0.435924291611, 0.302241027355, 0.102661252022, 0.0373044535518, 0.0045646391809],
        "stdev": [0.200490668416, 0.291038930416, 0.24627764523, 0.124801151454, 0.0538366287947, 0.0197569020092]
    },
    "beats_position": [0.476009070873, 0.96362811327, 1.46285712719, 1.9620860815, 2.46131515503, 2.96054410934, 3.44816327095, 3.93578219414, 4.41179132462, 4.92263031006, 5.44507932663, 5.95591831207, 6.47836732864, 6.98920631409, 7.50004529953, 8.01088428497, 8.53333282471, 9.04417228699, 9.55501079559, 10.0542402267, 10.6347389221, 11.2152376175, 11.7957363129, 12.3646259308, 12.933514595, 13.5024032593, 14.0712919235, 14.6401815414, 15.2090702057, 15.7663488388, 16.3236274719, 16.8809070587, 17.426574707, 17.9258041382, 18.4366436005, 18.9474830627, 19.458322525, 19.96916008, 20.4799995422, 20.9908390045, 21.5016784668, 22.0125160217, 22.5001354218, 22.9993648529, 23.4869842529, 23.9862117767, 24.4854412079, 24.984670639, 25.4955101013, 26.0063495636, 26.5287971497, 27.0280265808, 27.5156459808, 28.014875412, 28.5141029358, 29.0133323669, 29.5125617981, 30.0001811981, 30.4878005981, 30.9754180908, 31.4630374908, 31.9506568909, 32.4382743835, 32.9258956909, 33.4019050598, 33.8779144287, 34.3539237976, 34.8299331665, 35.3175506592, 35.8283882141, 36.3392295837, 36.8616790771, 37.4537849426, 38.0458946228, 38.6263923645, 39.3113822937, 39.9963722229, 40.7045783997, 41.4011802673, 42.0977783203, 42.7943763733, 43.5374145508, 44.2804527283, 44.9886627197, 45.708480835, 46.4166870117, 47.1248970032, 47.8331069946, 48.5413131714, 49.2495231628, 49.9577331543, 50.6659393311, 51.3857574463, 52.1287956238, 52.871837616, 53.5568237305, 54.2418136597, 54.9268035889, 55.7046699524, 56.4825401306, 57.2604064941, 58.0382766724, 58.8161430359, 59.5940132141, 60.3718795776, 61.1497497559, 61.9276161194, 62.7170982361, 63.5065765381, 64.2844467163, 65.0739212036, 65.8750076294, 66.6761016846, 67.4539642334, 68.2318344116, 69.0097045898, 69.7759628296, 70.5422210693, 71.2968673706, 72.0515213013, 72.7945556641, 73.5492019653, 74.3270721436, 75.1049423218, 75.859588623, 76.6258468628, 77.3921051025, 78.1467590332, 78.8781814575, 79.6096115112, 80.3526535034, 81.0956878662, 81.8271179199, 82.5469360352, 83.2667541504, 83.9865722656, 84.7063903809, 85.4262084961, 86.1924667358, 86.9587249756, 87.7249908447, 88.4912490845, 89.1878433228, 89.872833252, 90.5578231812, 91.2544174194, 91.9510192871, 92.6360092163, 93.3209991455, 93.9595413208, 94.5980911255, 95.2366409302, 95.8751907349, 96.5137405396, 97.0245819092, 97.5470275879, 98.0694732666, 98.5919265747, 99.1143722534, 99.6368255615, 100.147659302, 100.658500671, 101.180953979, 101.703399658, 102.214241028, 102.759910583, 103.305580139, 103.862854004, 104.396911621, 104.930976868, 105.534690857, 106.150024414, 106.753738403, 107.36907196, 107.97278595, 108.588119507, 109.203445435, 109.818771362, 110.34122467, 110.863670349, 111.374511719, 111.862129211, 112.338134766, 112.814147949, 113.290153503, 113.766166687, 114.242172241, 114.729797363, 115.205802917, 115.670204163, 116.146209717, 116.610610962, 117.086616516, 117.597457886, 118.108299255, 118.619132996, 119.153198242, 119.675643921, 120.221313477, 120.766983032, 121.301040649, 121.835098267, 122.369155884, 122.90322113, 123.425666809, 123.948112488, 124.470565796, 124.993011475, 125.503852844, 126.014694214, 126.513923645, 127.013153076, 127.512374878, 128.023223877, 128.534057617, 129.044891357, 129.520904541, 129.985305786, 130.449707031, 130.902496338, 131.355285645, 131.808074951, 132.260864258, 132.713653564, 133.17805481, 133.642440796, 134.095230103, 134.548019409, 135.000808716, 135.38394165, 135.767074585, 136.161804199, 136.556549072, 136.951293945, 137.34602356, 137.740768433, 138.135513306, 138.53024292, 138.924987793, 139.319732666, 139.760910034, 140.202087402, 140.654876709, 141.188934326, 141.722991943, 142.257049561, 142.802719116, 143.348388672, 143.894058228, 144.428115845, 144.962173462, 145.507843018, 146.053512573, 146.58757019, 147.110015869, 147.632461548, 148.143310547, 148.665756226, 149.188201904, 149.699050903, 150.209884644, 150.732330322, 151.254776001, 151.765625, 152.27645874, 152.78729248, 153.298141479, 153.820587158, 154.331420898, 154.842269897, 155.364715576, 155.875549316, 156.386398315, 156.897232056, 157.419677734, 157.942123413, 158.452972412, 158.963806152, 159.509475708, 160.055145264, 160.600814819, 161.158096313, 161.703765869, 162.272644043, 162.841537476, 163.422042847, 164.002532959, 164.571426392, 165.186752319, 165.802078247, 166.417419434, 166.951477051, 167.485534668, 167.996368408, 168.518814087, 169.029663086, 169.528884888, 170.039718628, 170.550567627, 171.061401367, 171.583847046, 172.094696045, 172.605529785, 173.116363525, 173.627212524, 174.230926514, 174.834640503, 175.449981689, 176.053695679, 176.657409668, 177.237915039, 177.818405151, 178.422134399, 179.01423645, 179.606338501, 180.186843872, 180.767349243, 181.382675171, 181.98638916, 182.601715088, 183.193832397, 183.785934448, 184.296783447, 184.807617188, 185.318450928, 185.817687988, 186.31690979, 186.827758789, 187.326980591, 187.826202393, 188.325439453, 188.871109009, 189.405166626, 189.939224243, 190.47328186, 191.007339478, 191.553009033, 192.098678589, 192.632736206, 193.166793823, 193.70085144, 194.223312378, 194.745758057, 195.279815674, 195.825485229, 196.347930908, 196.870376587, 197.381225586, 197.880447388, 198.379684448, 198.890518188, 199.38973999, 199.877365112, 200.376602173, 200.887435913, 201.375045776, 201.874282837, 202.373504639, 202.872741699, 203.383575439, 203.871200562, 204.370422363, 204.869659424, 205.357269287, 205.856506348, 206.355728149, 206.901397705, 207.447067261, 207.981124878, 208.515182495, 209.049255371, 209.583312988, 210.117370605, 210.651428223, 211.18548584, 211.719543457, 212.253601074, 212.787658691, 213.333328247, 213.878997803, 214.41305542, 214.958724976, 215.481170654, 215.992019653, 216.514465332, 217.036911011, 217.547744751, 218.05859375, 218.581039429, 219.103485107, 219.625930786, 220.159988403, 220.694061279, 221.216506958, 221.750564575, 222.284622192, 222.830291748, 223.352737427, 223.886795044, 224.420852661, 224.954910278, 225.488967896, 226.011428833, 226.533874512, 227.067932129, 227.590377808, 228.112823486, 228.646896362, 229.169342041, 229.69178772, 230.214233398, 230.759902954, 231.293960571, 231.851242065, 232.420135498, 232.989013672, 233.615966797, 234.242904663, 234.800170898, 235.357452393, 235.914733887, 236.448791504, 236.982849121, 237.528518677, 238.074188232, 238.619857788, 239.165527344, 239.699584961, 240.233642578, 240.756088257, 241.290161133, 241.812606812, 242.346664429, 242.880722046, 243.414779663, 243.902404785, 244.390014648, 244.866027832, 245.318817139, 245.783218384, 246.247619629, 246.770065308, 247.292510986, 247.814956665, 248.337417603, 248.859863281, 249.38230896, 249.8931427, 250.415603638, 250.938049316, 251.530151367, 252.133865356, 252.725982666, 253.329696655, 253.933425903, 254.502304077, 255.07119751, 255.640090942, 256.208984375, 256.777862549, 257.335144043, 257.892425537, 258.449707031, 259.018585205, 259.587463379, 260.121551514, 260.655609131, 261.178039551, 261.665649414, 262.164886475, 262.664123535, 263.163360596, 263.662567139, 264.173431396, 264.684265137, 265.206695557, 265.729156494, 266.251617432, 266.762451172, 267.273284912, 267.784118652, 268.30657959, 268.82901001, 269.351470947, 269.873931885, 270.396362305, 270.883972168, 271.371612549, 271.859222412, 272.335235596, 272.811248779, 273.287261963, 273.751647949, 274.227661133, 274.692047119, 275.249328613, 275.795013428, 276.352294922, 276.921173096, 277.49005127, 278.035736084, 278.569793701, 279.115447998, 279.637908936, 280.171966553, 280.70602417, 281.158813477, 281.62322998, 282.07598877, 282.447509766, 282.819030762, 283.202178955, 283.585296631, 284.014862061, 284.44442749, 284.874023438, 285.315185547, 285.70993042, 286.093048096, 286.476196289, 286.859313965, 287.242431641, 287.625579834, 288.00869751, 288.391845703, 288.774963379, 289.158081055, 289.529602051, 289.901123047, 290.28427124, 290.667388916, 291.062133789, 291.503295898, 291.932861328, 292.362457275, 292.919708252, 293.476989746, 294.03427124, 294.626403809, 295.206878662, 295.787384033, 296.367889404, 296.948394775, 297.517272949, 298.086151123, 298.655059814, 299.177490234, 299.688323975, 300.210784912, 300.721618652, 301.232452393, 301.74331665, 302.254150391, 302.764984131, 303.310638428, 303.856323242, 304.390380859, 304.924438477, 305.458496094, 305.992553711, 306.503387451, 307.002624512, 307.501861572, 307.873382568, 308.244903564, 308.63961792, 309.034362793, 309.429107666, 309.823852539, 310.218597412, 310.613342285, 311.008056641, 311.391204834, 311.77432251, 312.169067383, 312.563812256, 312.958557129, 313.341674805, 313.72479248, 314.119537354, 314.514282227, 315.048339844, 315.570800781, 316.093231201, 316.615692139, 317.149749756, 317.672180176, 318.194641113, 318.717102051, 319.227935791, 319.738769531, 320.249603271, 320.760437012, 321.282897949, 321.805358887, 322.316192627, 322.81539917, 323.31463623, 323.813873291, 324.313110352, 324.812316895, 325.311553955, 325.810791016, 326.310028076, 326.820861816, 327.320098877, 327.796081543, 328.283721924, 328.771331787, 329.247344971, 329.723358154, 330.210968018, 330.698577881, 331.186218262, 331.673828125, 332.161437988, 332.649078369, 333.148284912, 333.635925293, 334.123535156, 334.61114502, 335.098754883, 335.586395264, 336.085632324, 336.596466064, 337.107299805, 337.618133545, 338.128967285, 338.639801025, 339.150665283, 339.673095703, 340.195556641, 340.694763184, 341.194000244, 341.681640625, 342.180847168, 342.680084229, 343.190917969, 343.678527832, 344.154541016, 344.653778076, 345.153015137, 345.652252197, 346.139862061, 346.627471924, 347.103485107, 347.591094971, 348.078735352, 348.566345215, 349.053955078, 349.483520508, 349.913085938, 350.342681885, 350.818664551, 351.294677734, 351.770690918, 352.269927979, 352.780761719, 353.291595459, 353.756011963, 354.220397949, 354.684814453, 355.149200439, 355.636810303, 356.124450684, 356.68170166, 357.250610352, 357.807891846, 358.341949463, 358.88760376, 359.421661377, 359.955718994, 360.489776611, 361.023834229, 361.557922363, 362.09197998, 362.626037598, 363.160095215, 363.694152832, 364.228210449, 364.762268066, 365.296325684, 365.830383301],
    "bpm_histogram": [0, 0, 0, 0, 0, 0, 0, 0, 0, 0, 0, 0, 0, 0, 0, 0, 0, 0, 0, 0, 0, 0, 0, 0, 0, 0, 0, 0, 0, 0, 0, 0, 0, 0, 0, 0, 0, 0, 0, 0, 0, 0, 0, 0, 0, 0, 0, 0, 0, 0, 0, 0, 0, 0, 0, 0, 0, 0, 0, 0, 0, 0, 0, 0, 0, 0, 0, 0, 0, 0, 0, 0, 0, 0, 0, 0.00293255131692, 0.00439882697538, 0.0219941344112, 0.0117302052677, 0, 0.00733137829229, 0.0102639300749, 0.00439882697538, 0.0102639300749, 0, 0.0131964813918, 0.00879765395075, 0, 0.0131964813918, 0, 0, 0, 0, 0, 0.00733137829229, 0, 0.00293255131692, 0, 0.0161290317774, 0.0175953079015, 0, 0.0131964813918, 0, 0.0205278601497, 0, 0.035190615803, 0, 0, 0.027859237045, 0, 0.0513196475804, 0, 0.114369504154, 0, 0, 0.1202346012, 0, 0.137829914689, 0, 0, 0.0879765376449, 0, 0, 0.0718475058675, 0, 0, 0.0395894423127, 0, 0, 0.0219941344112, 0, 0, 0, 0.0175953079015, 0, 0, 0.00586510263383, 0, 0, 0, 0.0117302052677, 0, 0, 0, 0, 0, 0, 0, 0, 0, 0, 0, 0.0337243415415, 0, 0, 0, 0, 0.027859237045, 0, 0, 0, 0.00879765395075, 0, 0, 0, 0, 0, 0, 0, 0, 0, 0, 0, 0, 0, 0, 0, 0, 0, 0, 0, 0, 0, 0, 0, 0, 0, 0, 0, 0, 0, 0, 0, 0, 0, 0, 0, 0, 0, 0, 0, 0, 0, 0, 0, 0, 0, 0, 0, 0, 0, 0, 0, 0, 0, 0, 0, 0, 0, 0, 0, 0, 0, 0, 0, 0, 0, 0, 0, 0, 0, 0, 0, 0, 0, 0, 0, 0, 0, 0, 0, 0, 0, 0, 0, 0, 0, 0, 0, 0]
},
"tonal": {
    "chords_changes_rate": 0.0459610037506,
    "chords_number_rate": 0.00177260069177,
    "chords_strength": {
        "mean": 0.486744999886,
        "stdev": 0.279769122601
    },
    "hpcp_crest": {
        "mean": 18.8556404114,
        "stdev": 9.16247653961
    },
    "hpcp_entropy": {
        "mean": 1.31377148628,
        "stdev": 0.73428195715
    },
    "key_edma": {
        "strength": 0.804914474487,
        "key": "D",
        "scale": "major"
    },
    "key_krumhansl": {
        "strength": 0.799164295197,
        "key": "D",
        "scale": "major"
    },
    "key_temperley": {
        "strength": 0.789771080017,
        "key": "D",
        "scale": "major"
    },
    "tuning_diatonic_strength": 0.59219378233,
    "tuning_equal_tempered_deviation": 0.0123161114752,
    "tuning_frequency": 441.272583008,
    "tuning_nontempered_energy_ratio": 0.676957011223,
    "hpcp": {
