{
"metadata": {
    "version": {
        "essentia": "2.1-dev",
        "essentia_git_sha": "v2.1_beta3-415-gd5473f3",
        "extractor": "music 2.0"
    },
    "audio_properties": {
        "analysis": {
            "equal_loudness": 0,
            "length": 63.1640815735,
            "sample_rate": 44100,
            "start_time": 0,
            "downmix": "mix"
        },
        "bit_rate": 192000,
        "length": 63.1640815735,
        "lossless": 0,
        "number_channels": 2,
        "replay_gain": -5.17595863342,
        "sample_rate": 44100,
        "codec": "mp3",
        "md5_encoded": "a77b65c95b10f97d0d18319558f4fa03"
    },
    "tags": {
        "file_name": "pergolesi-la_seva_padrona.mp3",
        "date": ["2004"],
        "engineer": ["rosamerica tamyo"]
    }
},
"lowlevel": {
    "average_loudness": 0.373014479876,
    "barkbands_crest": {
        "mean": 12.5979938507,
        "stdev": 4.89840698242
    },
    "barkbands_flatness_db": {
        "mean": 0.243871644139,
        "stdev": 0.0662955790758
    },
    "barkbands_kurtosis": {
        "mean": 4.73421001434,
        "stdev": 10.4858121872
    },
    "barkbands_skewness": {
        "mean": 0.898955047131,
        "stdev": 1.48974525928
    },
    "barkbands_spread": {
        "mean": 13.6198482513,
        "stdev": 11.3615694046
    },
    "dissonance": {
        "mean": 0.428684711456,
        "stdev": 0.0549743510783
    },
    "dynamic_complexity": 8.27529335022,
    "erbbands_crest": {
        "mean": 13.2856702805,
        "stdev": 5.68092298508
    },
    "erbbands_flatness_db": {
        "mean": 0.287416219711,
        "stdev": 0.0792809799314
    },
    "erbbands_kurtosis": {
        "mean": 2.2792057991,
        "stdev": 6.54530572891
    },
    "erbbands_skewness": {
        "mean": 0.37768882513,
        "stdev": 1.29108321667
    },
    "erbbands_spread": {
        "mean": 21.9357948303,
        "stdev": 15.3026733398
    },
    "hfc": {
        "mean": 10.01121521,
        "stdev": 23.9142932892
    },
    "loudness_ebu128": {
        "integrated": -20.1892490387,
        "loudness_range": 11.1833992004,
        "momentary": {
            "mean": -25.6088562012,
            "stdev": 6.98720645905
        },
        "short_term": {
            "mean": -22.4764442444,
            "stdev": 3.81775832176
        }
    },
    "melbands_crest": {
        "mean": 16.6023254395,
        "stdev": 6.70155715942
    },
    "melbands_flatness_db": {
        "mean": 0.305271744728,
        "stdev": 0.0770606398582
    },
    "melbands_kurtosis": {
        "mean": 10.2248191833,
        "stdev": 21.1821613312
    },
    "melbands_skewness": {
        "mean": 1.734151721,
        "stdev": 1.9103076458
    },
    "melbands_spread": {
        "mean": 18.7550067902,
        "stdev": 19.6681671143
    },
    "pitch_salience": {
        "mean": 0.537910342216,
        "stdev": 0.132982939482
    },
    "silence_rate_20dB": {
        "mean": 1,
        "stdev": 0
    },
    "silence_rate_30dB": {
        "mean": 0.991182982922,
        "stdev": 0.0934852287173
    },
    "silence_rate_60dB": {
        "mean": 0.553269684315,
        "stdev": 0.497153967619
    },
    "spectral_centroid": {
        "mean": 1053.94238281,
        "stdev": 810.355957031
    },
    "spectral_complexity": {
        "mean": 6.6087436676,
        "stdev": 6.31457090378
    },
    "spectral_decrease": {
        "mean": -2.23737672833e-09,
        "stdev": 4.56185977882e-09
    },
    "spectral_energy": {
        "mean": 0.00935242511332,
        "stdev": 0.0192823875695
    },
    "spectral_energyband_high": {
        "mean": 4.1303854232e-05,
        "stdev": 0.000407254759921
    },
    "spectral_energyband_low": {
        "mean": 0.000556689803489,
        "stdev": 0.00165779097006
    },
    "spectral_energyband_middle_high": {
        "mean": 0.00528412964195,
        "stdev": 0.0154244378209
    },
    "spectral_energyband_middle_low": {
        "mean": 0.00375809101388,
        "stdev": 0.0079510519281
    },
    "spectral_entropy": {
        "mean": 6.57115364075,
        "stdev": 0.631119251251
    },
    "spectral_flux": {
        "mean": 0.0420755520463,
        "stdev": 0.0462483763695
    },
    "spectral_kurtosis": {
        "mean": 19.1776046753,
        "stdev": 14.5223855972
    },
    "spectral_rms": {
        "mean": 0.00222128327005,
        "stdev": 0.00204699789174
    },
    "spectral_rolloff": {
        "mean": 1294.90258789,
        "stdev": 1511.68005371
    },
    "spectral_skewness": {
        "mean": 2.72732925415,
        "stdev": 1.12569177151
    },
    "spectral_spread": {
        "mean": 2549155,
        "stdev": 2524211
    },
    "spectral_strongpeak": {
        "mean": 1.07047140598,
        "stdev": 1.96072721481
    },
    "zerocrossingrate": {
        "mean": 0.0449179299176,
        "stdev": 0.0401282310486
    },
    "barkbands": {
        "mean": [8.11195423012e-05, 2.32641650655e-05, 0.000212538667256, 0.000526386371348, 0.000412643392337, 0.000457774760434, 0.000674498267472, 0.000953128794208, 0.000612994597759, 0.000289716059342, 0.000792075123172, 0.00200052768923, 0.000555310340133, 0.000275163998595, 7.60179900681e-05, 0.000246064766543, 0.000897308287676, 0.000202731927857, 1.5545540009e-05, 1.20381728266e-05, 5.50144341105e-06, 5.61770139029e-06, 7.50960271034e-06, 1.32182731249e-05, 3.49863125848e-06, 2.41592402972e-07, 5.70583580384e-09],
        "stdev": [4.39027171524e-05, 6.04390188528e-05, 0.000793206621893, 0.0018664173549, 0.00133758317679, 0.00105779315345, 0.00282073905692, 0.00580149935558, 0.00238542072475, 0.00107821950223, 0.00435564341024, 0.0101689426228, 0.00327209150419, 0.00142977340147, 0.000251337245572, 0.000868431176059, 0.0031304655131, 0.000890345836524, 6.46660555503e-05, 7.60687471484e-05, 3.40438091371e-05, 4.95047133882e-05, 7.65131189837e-05, 0.000202567505767, 5.83090804867e-05, 2.40058034251e-06, 6.45315054726e-08]
    },
    "erbbands": {
        "mean": [0.00071128597483, 0.00910092983395, 0.178270190954, 1.18041574955, 1.21435523033, 1.41805613041, 2.58255839348, 4.23648309708, 7.29435634613, 16.4670085907, 18.1457691193, 12.4618673325, 14.0604248047, 12.7941570282, 53.1472511292, 76.1072769165, 31.2361869812, 15.1507196426, 7.75561523438, 6.41450738907, 21.3088340759, 51.395866394, 17.0233383179, 1.98818767071, 0.662417650223, 0.667408287525, 0.337983489037, 0.146080479026, 0.195628523827, 0.162761583924, 0.23793014884, 0.298142135143, 0.195248946548, 0.0664661601186, 0.011786673218, 0.00228384509683, 0.000274763384368, 3.11207804771e-05, 6.45608406558e-06, 1.15117027235e-05],
        "stdev": [0.000772619212512, 0.030460819602, 0.652993500233, 3.93393230438, 3.20321750641, 4.17267131805, 11.4160041809, 10.2247066498, 24.3606796265, 88.5938568115, 106.926200867, 42.8628463745, 56.4949989319, 44.1614189148, 257.831237793, 394.071075439, 162.352340698, 79.0734634399, 36.730266571, 32.5632705688, 56.247833252, 196.459777832, 70.4599685669, 6.70736980438, 2.89148426056, 4.54991912842, 1.96792888641, 0.90589171648, 1.60506618023, 1.68546545506, 2.46477723122, 3.91452050209, 3.39368581772, 1.16373920441, 0.155686870217, 0.0252935029566, 0.00247243046761, 0.000315318466164, 1.76653284143e-05, 2.38631473621e-05]
    },
    "gfcc": {
        "mean": [-207.387268066, 143.548095703, -147.496170044, -2.43671798706, -50.1948471069, 1.17363679409, -43.4134292603, 3.3477563858, -9.16495895386, -16.5236625671, -5.39666032791, -1.69078969955, -5.14320325851],
        "cov": [[12790.5595703, -540.055969238, -2738.9074707, -512.689331055, -60.509059906, -360.083740234, -766.076049805, 21.3572120667, 4.16824531555, -595.830810547, -147.468261719, 62.8930473328, -499.805755615], [-540.055969238, 1870.31567383, 130.987030029, -483.50289917, 388.009918213, -252.113494873, -129.99256897, -349.309112549, 93.911605835, -484.513244629, -183.857070923, 77.0079727173, 88.6489257812], [-2738.9074707, 130.987030029, 1690.71166992, 697.309509277, -246.882644653, 153.388305664, -46.3900413513, -199.31678772, -213.481674194, 47.7840881348, -278.684844971, -18.1614933014, 95.0675506592], [-512.689331055, -483.50289917, 697.309509277, 1122.38964844, -151.852890015, 34.2296180725, -112.525794983, -154.178543091, -96.7839508057, 157.29637146, -160.644668579, -153.28163147, 33.2264633179], [-60.509059906, 388.009918213, -246.882644653, -151.852890015, 535.282348633, -61.5287132263, -196.404373169, -108.509590149, 89.5447235107, -110.774978638, -42.815536499, 16.7488632202, -22.7595443726], [-360.083740234, -252.113494873, 153.388305664, 34.2296180725, -61.5287132263, 373.089752197, 163.494033813, 37.1385421753, -127.755279541, 93.7691879272, -13.623210907, -42.7006759644, -42.4271697998], [-766.076049805, -129.99256897, -46.3900413513, -112.525794983, -196.404373169, 163.494033813, 646.143981934, 206.754348755, -122.022438049, 103.996383667, 134.299865723, -81.6431884766, 9.43457889557], [21.3572120667, -349.309112549, -199.31678772, -154.178543091, -108.509590149, 37.1385421753, 206.754348755, 360.744812012, 35.2577896118, 117.988113403, 149.727874756, -3.12465262413, -11.8655347824], [4.16824531555, 93.911605835, -213.481674194, -96.7839508057, 89.5447235107, -127.755279541, -122.022438049, 35.2577896118, 269.000305176, 29.356552124, 52.4788970947, 21.5630092621, -3.54749155045], [-595.830810547, -484.513244629, 47.7840881348, 157.29637146, -110.774978638, 93.7691879272, 103.996383667, 117.988113403, 29.356552124, 457.013244629, 232.02166748, -89.7549514771, 5.1093378067], [-147.468261719, -183.857070923, -278.684844971, -160.644668579, -42.815536499, -13.623210907, 134.299865723, 149.727874756, 52.4788970947, 232.02166748, 380.791931152, -3.08606910706, 6.88182115555], [62.8930473328, 77.0079727173, -18.1614933014, -153.28163147, 16.7488632202, -42.7006759644, -81.6431884766, -3.12465262413, 21.5630092621, -89.7549514771, -3.08606910706, 220.909011841, 46.8352890015], [-499.805755615, 88.6489257812, 95.0675506592, 33.2264633179, -22.7595443726, -42.4271697998, 9.43457889557, -11.8655347824, -3.54749155045, 5.1093378067, 6.88182115555, 46.8352890015, 156.806106567]],
        "icov": [[0.000291612203, -0.000158427152201, 0.000738789909519, -0.000243415517616, 0.000553787860554, 3.08769303956e-05, 0.000572038406972, -0.00020481471438, 0.000626452092547, 4.45023215434e-05, 0.000289127696306, -0.000152398046339, 0.000707092229277], [-0.000158427152201, 0.00180956092663, -0.00114212196786, 0.00116025458556, -0.00109582697041, 0.000682452577166, -0.000914309930522, 0.00163062824868, -0.00118404510431, 0.00140277342871, -0.000613457988948, 0.00095897668507, -0.001209406415], [0.000738789909519, -0.00114212196786, 0.00324546569027, -0.00147969601676, 0.00206294236705, -0.000455807108665, 0.00172190496232, -0.000873962242622, 0.00231442623772, -0.00084147695452, 0.00159196113236, -0.00109649007209, 0.00169019005261], [-0.000243415517616, 0.00116025458556, -0.00147969601676, 0.00244824565016, -0.000658042030409, 0.000700347300153, -0.000488038669573, 0.00135962443892, -0.000717115937732, -1.71161755134e-05, 0.000150836072862, 0.00161351345014, -0.00133145996369], [0.000553787860554, -0.00109582697041, 0.00206294236705, -0.000658042030409, 0.00398380355909, -0.000563304929528, 0.00196556095034, -0.000403412879677, 0.00104310573079, -0.000222446149564, 0.000770747894421, -0.000280105421552, 0.00163110077847], [3.08769303956e-05, 0.000682452577166, -0.000455807108665, 0.000700347300153, -0.000563304929528, 0.0044530662708, -0.000974823895376, 0.000461604999145, 0.0013862317428, -0.000945737701841, 0.000927559798583, 1.72986692633e-05, 0.00107353669591], [0.000572038406972, -0.000914309930522, 0.00172190496232, -0.000488038669573, 0.00196556095034, -0.000974823895376, 0.00412112986669, -0.0020642504096, 0.00247515435331, -1.81727518793e-05, 3.8510755985e-05, 0.000682741985656, 0.000868033093866], [-0.00020481471438, 0.00163062824868, -0.000873962242622, 0.00135962443892, -0.000403412879677, 0.000461604999145, -0.0020642504096, 0.00588692072779, -0.0020306170918, 0.000584691413678, -0.00103164755274, 0.000400243181502, -0.000836179533508], [0.000626452092547, -0.00118404510431, 0.00231442623772, -0.000717115937732, 0.00104310573079, 0.0013862317428, 0.00247515435331, -0.0020306170918, 0.00746366148815, -0.00176427618135, 0.00115647725761, -0.000866759277415, 0.00207329308614], [4.45023215434e-05, 0.00140277342871, -0.00084147695452, -1.71161755134e-05, -0.000222446149564, -0.000945737701841, -1.81727518793e-05, 0.000584691413678, -0.00176427618135, 0.00627564033493, -0.00375412590802, 0.00215649325401, -0.00110399071127], [0.000289127696306, -0.000613457988948, 0.00159196113236, 0.000150836072862, 0.000770747894421, 0.000927559798583, 3.8510755985e-05, -0.00103164755274, 0.00115647725761, -0.00375412590802, 0.00628624111414, -0.00123113486916, 0.000794032646809], [-0.000152398046339, 0.00095897668507, -0.00109649007209, 0.00161351345014, -0.000280105421552, 1.72986692633e-05, 0.000682741985656, 0.000400243181502, -0.000866759277415, 0.00215649325401, -0.00123113486916, 0.00710854865611, -0.00291083939373], [0.000707092229277, -0.001209406415, 0.00169019005261, -0.00133145996369, 0.00163110077847, 0.00107353669591, 0.000868033093866, -0.000836179533508, 0.00207329308614, -0.00110399071127, 0.000794032646809, -0.00291083939373, 0.00990139413625]]
    },
    "melbands": {
        "mean": [8.81635696715e-06, 6.20101127424e-05, 0.00020478690567, 8.81916057551e-05, 8.71271331562e-05, 9.63229249464e-05, 0.000117442737974, 0.000196004053578, 0.000131009044708, 8.4379404143e-05, 6.93672409398e-05, 4.25768339483e-05, 0.000138492861879, 0.000245443079621, 0.000121474178741, 4.51720916317e-05, 2.62362864305e-05, 1.41645759868e-05, 5.75709418627e-06, 1.07339774331e-05, 2.8049449611e-05, 5.93893491896e-05, 2.87782640953e-05, 6.1278310568e-06, 9.80143909146e-07, 5.77743946906e-07, 3.75775869088e-07, 4.32577621723e-07, 2.29562289178e-07, 1.19418132272e-07, 7.19300814467e-08, 1.03648659433e-07, 1.23747469161e-07, 7.739133423e-08, 1.21961178934e-07, 1.73591828911e-07, 1.88696020587e-07, 1.42986280594e-07, 1.00741623044e-07, 4.15348537786e-08],
        "stdev": [1.01497389551e-05, 0.000235876490478, 0.000650183006655, 0.000201504313736, 0.000381065823603, 0.00023176499235, 0.000402626872528, 0.00106842129026, 0.000752909982111, 0.00032591362833, 0.000281906919554, 0.000158854818437, 0.000679617747664, 0.0013170071179, 0.000545800663531, 0.000294702360407, 0.00015237829939, 7.69687976572e-05, 2.14265928662e-05, 6.41743972665e-05, 7.63243660913e-05, 0.000226391930482, 0.000111295070383, 3.03451452055e-05, 3.61057504961e-06, 2.96890652862e-06, 2.48906530942e-06, 2.87990337711e-06, 1.3429541923e-06, 8.94106449323e-07, 4.6037678203e-07, 7.47899491671e-07, 1.45148317188e-06, 7.61750015954e-07, 1.25180338273e-06, 1.93852702068e-06, 2.71510907623e-06, 2.4737557851e-06, 1.9022872948e-06, 6.92437254202e-07]
    },
    "melbands128": {
        "mean": [1.97162171389e-05, 6.15971612206e-06, 5.52919982511e-06, 1.12196066766e-05, 5.15788706252e-05, 0.000122005520097, 0.000259910419118, 0.000241238987655, 9.51865731622e-05, 8.47289484227e-05, 7.70263868617e-05, 8.61399166752e-05, 8.69937211974e-05, 9.27951987251e-05, 8.99538135855e-05, 9.98488612822e-05, 0.000119028212794, 0.000100851924799, 0.000134243397042, 0.000192470251932, 0.000227621378144, 0.000210516052903, 0.000112255867862, 6.06143330515e-05, 5.2749284805e-05, 0.000110011700599, 0.000122218043543, 5.70304437133e-05, 3.41384220519e-05, 3.33100651915e-05, 4.11253095081e-05, 6.79912918713e-05, 0.000132015557028, 0.000183668511454, 0.000259109830949, 0.000284013105556, 0.000192852297914, 0.000113127753139, 8.45778267831e-05, 6.07665424468e-05, 3.47309978679e-05, 2.36829164351e-05, 3.38319150615e-05, 2.0002526071e-05, 2.1091545932e-05, 1.45621643242e-05, 4.07951620218e-06, 4.64535150968e-06, 6.08465279583e-06, 9.64869923337e-06, 1.02268249975e-05, 1.12156667456e-05, 2.29368743021e-05, 3.02494991047e-05, 5.1831251767e-05, 7.45446595829e-05, 5.60832522751e-05, 3.2787269447e-05, 2.161012344e-05, 1.38952627822e-05, 3.92968468077e-06, 2.02232854463e-06, 1.0807034414e-06, 6.28038549166e-07, 8.50932963203e-07, 6.63090816033e-07, 3.83042731755e-07, 2.3940333449e-07, 2.71031296961e-07, 7.24140875263e-07, 5.11785117396e-07, 2.56400142007e-07, 2.19400320134e-07, 2.66101977786e-07, 1.86997652918e-07, 1.2081788725e-07, 9.99569635951e-08, 6.19440143623e-08, 5.58686075181e-08, 9.89328157175e-08, 8.70037553113e-08, 1.21860310287e-07, 1.08622224104e-07, 1.6526995239e-07, 8.8875800941e-08, 6.13319173226e-08, 7.07093974484e-08, 1.05675162843e-07, 1.07539037231e-07, 1.48872672412e-07, 1.83962569622e-07, 1.58210355039e-07, 1.88453114447e-07, 2.20796493977e-07, 1.54743105441e-07, 1.7671192154e-07, 1.0550677132e-07, 1.65923026429e-07, 9.90597968098e-08, 7.96339421072e-08, 5.42976330564e-08, 3.61169618657e-08, 2.45057893977e-08, 1.2724932219e-08, 1.02589217121e-08, 9.49750234014e-09, 6.65889654528e-09, 4.0787444533e-09, 3.70233643743e-09, 2.42680542328e-09, 1.15783749255e-09, 7.79417752561e-10, 6.20249018812e-10, 4.26367191553e-10, 3.2945446371e-10, 2.57106003154e-10, 1.90873081229e-10, 4.04349262406e-11, 5.2609886933e-12, 4.27657822349e-12, 1.62418386032e-12, 1.4994674339e-12, 1.46686796824e-12, 1.62899652534e-12, 1.55122952244e-12, 1.42134080113e-12, 1.41420078772e-12, 1.40195797679e-12],
        "stdev": [1.16753890325e-05, 5.5567002164e-06, 9.78949447017e-06, 4.10247048421e-05, 0.000269438722171, 0.000446452468168, 0.000913892930839, 0.00090360752074, 0.000256844534306, 0.000285384739982, 0.000260097964201, 0.000555326754693, 0.000515163119417, 0.000314179545967, 0.000252102850936, 0.000334524753271, 0.000555036822334, 0.000394130562199, 0.000901051913388, 0.00136776443105, 0.00177550001536, 0.00157176039647, 0.000863561814185, 0.00031889451202, 0.000234362843912, 0.000562373781577, 0.000655157549772, 0.000289695133688, 0.000166695230291, 0.000183748255949, 0.000213743551285, 0.00033505767351, 0.000756621477194, 0.00140696496237, 0.00191724696197, 0.00202928902581, 0.00137713423464, 0.000654864998069, 0.000642035272904, 0.000467564619612, 0.000422884360887, 0.000115123963042, 0.000289430725388, 0.00013590605522, 0.000131856490043, 9.89309919532e-05, 1.76344128704e-05, 2.91414926323e-05, 2.70584059763e-05, 8.10262063169e-05, 0.000109698557935, 4.76599925605e-05, 8.71703668963e-05, 0.000103189711808, 0.000174365472049, 0.000382564379834, 0.000306127069052, 0.000153733242769, 0.000101852660009, 9.44334897213e-05, 2.04134194064e-05, 1.21336643133e-05, 4.92948538522e-06, 2.9716188692e-06, 6.96649067322e-06, 4.34267303717e-06, 2.66427673523e-06, 1.71238764324e-06, 1.9511503524e-06, 8.29456712381e-06, 4.30528689321e-06, 1.6925998807e-06, 1.37522420118e-06, 2.05604737857e-06, 1.77761262421e-06, 1.30930652631e-06, 8.20212449071e-07, 3.6833424133e-07, 3.6479099208e-07, 8.9485342869e-07, 6.23965945579e-07, 1.03821105313e-06, 1.04216553609e-06, 2.38120446738e-06, 1.01729358448e-06, 5.60263856642e-07, 7.0775132599e-07, 1.18169430152e-06, 1.1184044979e-06, 1.57998738359e-06, 2.12499162444e-06, 1.82276983196e-06, 2.35143988903e-06, 3.45785406353e-06, 2.34868571169e-06, 3.20688945976e-06, 1.75286447757e-06, 3.2851164633e-06, 1.8334046672e-06, 1.6327294361e-06, 9.45074248193e-07, 6.1168452703e-07, 3.5282195654e-07, 1.52824298993e-07, 1.17960233581e-07, 1.25278376117e-07, 7.81339224432e-08, 4.48760033578e-08, 4.40117702283e-08, 2.48020537441e-08, 8.9190601571e-09, 5.35732791462e-09, 6.15005424365e-09, 4.14954781647e-09, 3.16331028039e-09, 3.06885072909e-09, 2.31229302372e-09, 6.04236993773e-10, 9.12167147371e-11, 7.78287920222e-11, 5.78923887995e-12, 3.79770824163e-12, 3.72086216005e-12, 8.57324020803e-12, 6.65860856036e-12, 3.5612587098e-12, 3.52670236764e-12, 3.51002863927e-12]
    },
    "mfcc": {
        "mean": [-836.138305664, 165.035171509, -21.002904892, -5.4070224762, 11.0575361252, -8.1168088913, -14.465508461, 8.85353851318, -0.782755672932, -13.2248659134, -2.40752267838, 10.5037937164, 2.30382394791],
        "cov": [[8374.87011719, 747.553588867, -2554.07470703, -483.565917969, 184.970962524, -431.316741943, -716.722595215, 378.04989624, -197.304458618, -628.715942383, 134.602890015, 276.557067871, -389.541656494], [747.553588867, 2028.4831543, -507.28237915, -587.512451172, 307.3175354, -89.7750167847, -442.497833252, 244.106079102, 86.9596862793, -661.394042969, -24.0122909546, -30.8046531677, -269.753143311], [-2554.07470703, -507.28237915, 1875.42541504, 529.308166504, -195.945587158, 304.69543457, 199.991455078, -182.913589478, 58.1904907227, 192.239318848, -219.348403931, -381.935974121, -39.7163619995], [-483.565917969, -587.512451172, 529.308166504, 793.800048828, 47.3437805176, 100.229385376, 51.0337638855, -215.06489563, -40.8409004211, 227.930038452, -109.519325256, -189.838790894, -13.7753925323], [184.970962524, 307.3175354, -195.945587158, 47.3437805176, 650.755187988, 93.7928466797, -400.493103027, -104.414016724, -2.52172708511, -184.404922485, -26.5422115326, -9.92001819611, -121.53012085], [-431.316741943, -89.7750167847, 304.69543457, 100.229385376, 93.7928466797, 376.632965088, 33.8782463074, -104.752548218, 3.37905907631, -1.86558663845, -63.0586624146, -119.784744263, -77.6096420288], [-716.722595215, -442.497833252, 199.991455078, 51.0337638855, -400.493103027, 33.8782463074, 664.78503418, 9.88698482513, -48.7054328918, 319.255371094, 32.1693878174, 2.79853177071, 130.387695312], [378.04989624, 244.106079102, -182.913589478, -215.06489563, -104.414016724, -104.752548218, 9.88698482513, 362.848571777, 86.0285873413, -196.511642456, 32.8223762512, 10.228351593, -75.552696228], [-197.304458618, 86.9596862793, 58.1904907227, -40.8409004211, -2.52172708511, 3.37905907631, -48.7054328918, 86.0285873413, 173.729934692, -44.9664916992, -45.1673164368, -28.4840641022, -41.7780036926], [-628.715942383, -661.394042969, 192.239318848, 227.930038452, -184.404922485, -1.86558663845, 319.255371094, -196.511642456, -44.9664916992, 545.143554688, 65.8092575073, 29.3647956848, 167.83039856], [134.602890015, -24.0122909546, -219.348403931, -109.519325256, -26.5422115326, -63.0586624146, 32.1693878174, 32.8223762512, -45.1673164368, 65.8092575073, 219.696853638, 128.255310059, 45.0478363037], [276.557067871, -30.8046531677, -381.935974121, -189.838790894, -9.92001819611, -119.784744263, 2.79853177071, 10.228351593, -28.4840641022, 29.3647956848, 128.255310059, 310.039764404, 160.123031616], [-389.541656494, -269.753143311, -39.7163619995, -13.7753925323, -121.53012085, -77.6096420288, 130.387695312, -75.552696228, -41.7780036926, 167.83039856, 45.0478363037, 160.123031616, 290.251342773]],
        "icov": [[0.000327281333739, 8.43089146656e-05, 0.000485770084197, -0.000104740298411, 0.000377989403205, -2.50503535426e-06, 0.000387278123526, -0.000117688839964, 0.000526909367181, 3.67974862456e-05, 0.000295955105685, -0.000132186542032, 0.000613635813352], [8.43089146656e-05, 0.00108020030893, 0.000185913551832, 0.000590766081586, -0.000130065644043, 0.000419116113335, 1.38407522172e-05, 0.000393452326534, -0.000143892248161, 0.00101379479747, -0.000106157327536, 0.000451941392384, 0.000484587624669], [0.000485770084197, 0.000185913551832, 0.00170273031108, -0.000469844730105, 0.000940022000577, -0.000466906756628, 0.000571320648305, 0.000119792435726, 0.000335323042236, 0.000165160905453, 0.000536744308192, 0.000753859640099, 0.000532280129846], [-0.000104740298411, 0.000590766081586, -0.000469844730105, 0.00254036788829, -0.000615560915321, 0.000497955246828, -2.33636274061e-05, 0.000648675602861, 0.000199264366529, -0.000373278948246, 0.000372550683096, 0.00113990553655, 7.73518622736e-05], [0.000377989403205, -0.000130065644043, 0.000940022000577, -0.000615560915321, 0.00358701427467, -0.000956683827098, 0.00199747574516, 0.000676887342706, 0.00067093380494, 0.000121952754853, 0.000360570440535, -0.000657082069665, 0.0013433956774], [-2.50503535426e-06, 0.000419116113335, -0.000466906756628, 0.000497955246828, -0.000956683827098, 0.00423111906275, -0.00119804870337, 0.00171912636142, -0.000652264803648, 0.001131116529, -0.000287694536382, 0.000813656428363, 0.00091021717526], [0.000387278123526, 1.38407522172e-05, 0.000571320648305, -2.33636274061e-05, 0.00199747574516, -0.00119804870337, 0.00408264994621, -0.00163067691028, 0.00199557165615, -0.00207643979229, 0.000962244463153, -0.000225019670324, 0.000329893257003], [-0.000117688839964, 0.000393452326534, 0.000119792435726, 0.000648675602861, 0.000676887342706, 0.00171912636142, -0.00163067691028, 0.00670105777681, -0.00332457688637, 0.0032724912744, -0.00201407121494, 0.00091523694573, 0.000911731563974], [0.000526909367181, -0.000143892248161, 0.000335323042236, 0.000199264366529, 0.00067093380494, -0.000652264803648, 0.00199557165615, -0.00332457688637, 0.0090474402532, -0.00193604256492, 0.00295497220941, -0.00109020143282, 0.00153797888197], [3.67974862456e-05, 0.00101379479747, 0.000165160905453, -0.000373278948246, 0.000121952754853, 0.001131116529, -0.00207643979229, 0.0032724912744, -0.00193604256492, 0.00597091019154, -0.0024254268501, 0.00107420783024, -0.000812775513623], [0.000295955105685, -0.000106157327536, 0.000536744308192, 0.000372550683096, 0.000360570440535, -0.000287694536382, 0.000962244463153, -0.00201407121494, 0.00295497220941, -0.0024254268501, 0.0080257281661, -0.00320527539589, 0.00185759353917], [-0.000132186542032, 0.000451941392384, 0.000753859640099, 0.00113990553655, -0.000657082069665, 0.000813656428363, -0.000225019670324, 0.00091523694573, -0.00109020143282, 0.00107420783024, -0.00320527539589, 0.00866601988673, -0.00437973998487], [0.000613635813352, 0.000484587624669, 0.000532280129846, 7.73518622736e-05, 0.0013433956774, 0.00091021717526, 0.000329893257003, 0.000911731563974, 0.00153797888197, -0.000812775513623, 0.00185759353917, -0.00437973998487, 0.00850991718471]]
    },
    "spectral_contrast_coeffs": {
        "mean": [-0.68673568964, -0.709985852242, -0.731493353844, -0.775844037533, -0.707263886929, -0.808084845543],
        "stdev": [0.113034337759, 0.104978978634, 0.1034444049, 0.0809848159552, 0.12117754668, 0.0453571453691]
    },
    "spectral_contrast_valleys": {
        "mean": [-9.02085971832, -8.34247875214, -8.8839302063, -9.2794380188, -10.4073410034, -13.0370788574],
        "stdev": [1.31956648827, 1.54308009148, 1.63008844852, 1.61325705051, 1.41185891628, 1.31724774837]
    }
},
"rhythm": {
    "beats_count": 115,
    "beats_loudness": {
        "mean": 0.012105920352,
        "stdev": 0.019865738228
    },
    "bpm": 104.269554138,
    "bpm_histogram_first_peak_bpm": 103,
    "bpm_histogram_first_peak_weight": 0.454545497894,
    "bpm_histogram_second_peak_bpm": 108,
    "bpm_histogram_second_peak_spread": 0.416666686535,
    "bpm_histogram_second_peak_weight": 0.122807018459,
    "danceability": 1.03042852879,
    "onset_rate": 3.1971385479,
    "beats_loudness_band_ratio": {
        "mean": [0.261397480965, 0.15791618824, 0.25319352746, 0.24420915544, 0.104958929121, 0.0215266887099],
        "stdev": [0.301759392023, 0.185134455562, 0.245569378138, 0.268920660019, 0.145784109831, 0.0986759662628]
    },
    "beats_position": [0.325079351664, 0.66176867485, 0.99845802784, 1.34675729275, 1.68344664574, 2.03174591064, 2.38004541397, 2.71673464775, 3.05342388153, 3.40172338486, 3.75002264977, 4.09832191467, 4.45823097229, 4.81814050674, 5.17804956436, 5.53795909882, 6.03718805313, 6.54802703857, 7.04725599289, 7.55809497833, 8.05732440948, 8.56816291809, 9.06739234924, 9.55501079559, 10.0542402267, 10.623128891, 11.1920175552, 11.7725172043, 12.3530158997, 12.9451246262, 13.5372333527, 14.117732048, 14.6982307434, 15.2555103302, 15.8127889633, 16.3700675964, 16.9157371521, 17.4614048004, 17.9838542938, 18.5063037872, 19.0171432495, 19.5279808044, 20.0388202667, 20.5380496979, 21.1185474396, 21.6990470886, 22.2795467377, 22.8600444794, 23.4405441284, 23.9397735596, 24.4506111145, 24.9498405457, 25.5071201324, 26.0643978119, 26.6216773987, 27.1673469543, 27.7246246338, 28.2819042206, 28.8391838074, 29.3964614868, 29.9653511047, 30.5110206604, 31.0682983398, 31.66040802, 32.2409057617, 32.8446235657, 33.4367332458, 34.0404510498, 34.6557807922, 35.2711105347, 35.8864402771, 36.5133781433, 37.1403160095, 37.7208137512, 38.3013153076, 38.8469848633, 39.3926506042, 39.9383201599, 40.4723815918, 41.006439209, 41.5521087646, 42.1093864441, 42.6666641235, 43.2587738037, 43.8392753601, 44.4197731018, 45.0002708435, 45.5807685852, 46.1496582031, 46.718547821, 47.2758255005, 47.8563270569, 48.4368247986, 49.0289344788, 49.6442604065, 50.2712020874, 50.9329681396, 51.5947380066, 52.2565078735, 52.9182739258, 53.5219955444, 54.1257133484, 54.7410430908, 55.3563690186, 55.971698761, 56.6102485657, 57.2255783081, 57.8525161743, 58.4794540405, 59.1063919067, 59.7565536499, 60.4183197021, 61.0800895691, 61.741859436, 62.4036254883],
    "bpm_histogram": [0, 0, 0, 0, 0, 0, 0, 0, 0, 0, 0, 0, 0, 0, 0, 0, 0, 0, 0, 0, 0, 0, 0, 0, 0, 0, 0, 0, 0, 0, 0, 0, 0, 0, 0, 0, 0, 0, 0, 0, 0, 0, 0, 0, 0, 0, 0, 0, 0, 0, 0, 0, 0, 0, 0, 0, 0, 0, 0, 0, 0, 0, 0, 0, 0, 0, 0, 0, 0, 0, 0, 0, 0, 0, 0, 0, 0, 0, 0, 0, 0, 0, 0, 0, 0, 0, 0, 0, 0, 0, 0, 0.0701754391193, 0.00877192988992, 0, 0.00877192988992, 0, 0.0526315793395, 0, 0.0701754391193, 0.0350877195597, 0, 0.0526315793395, 0, 0.157894730568, 0, 0.0438596494496, 0, 0, 0.122807018459, 0, 0.0701754391193, 0, 0.0175438597798, 0, 0, 0.0175438597798, 0, 0.0614035092294, 0, 0, 0.0701754391193, 0, 0, 0.00877192988992, 0, 0, 0, 0, 0, 0, 0, 0, 0, 0, 0, 0, 0, 0, 0, 0, 0, 0, 0, 0, 0, 0, 0, 0, 0, 0, 0, 0, 0, 0, 0, 0, 0, 0, 0, 0, 0, 0, 0, 0, 0, 0, 0, 0.0350877195597, 0, 0, 0, 0, 0.0526315793395, 0, 0, 0, 0, 0, 0.0438596494496, 0, 0, 0, 0, 0, 0, 0, 0, 0, 0, 0, 0, 0, 0, 0, 0, 0, 0, 0, 0, 0, 0, 0, 0, 0, 0, 0, 0, 0, 0, 0, 0, 0, 0, 0, 0, 0, 0, 0, 0, 0, 0, 0, 0, 0, 0, 0, 0, 0, 0, 0, 0, 0, 0, 0, 0, 0, 0, 0, 0, 0, 0, 0, 0, 0, 0, 0, 0, 0, 0, 0]
},
"tonal": {
    "chords_changes_rate": 0.083700440824,
    "chords_number_rate": 0.0168869309127,
    "chords_strength": {
        "mean": 0.53993242979,
        "stdev": 0.117850244045
    },
    "hpcp_crest": {
        "mean": 14.5628328323,
        "stdev": 7.44132900238
    },
    "hpcp_entropy": {
        "mean": 1.87370562553,
        "stdev": 0.77925401926
    },
    "key_edma": {
        "strength": 0.339790642262,
        "key": "B",
        "scale": "major"
    },
    "key_krumhansl": {
        "strength": 0.33240416646,
        "key": "B",
        "scale": "major"
    },
    "key_temperley": {
        "strength": 0.316898018122,
        "key": "E",
        "scale": "major"
    },
    "tuning_diatonic_strength": 0.417313486338,
    "tuning_equal_tempered_deviation": 0.0556896142662,
    "tuning_frequency": 439.745910645,
    "tuning_nontempered_energy_ratio": 0.828331649303,
    "hpcp": {
        "mean": [0.0993505269289, 0.085037343204, 0.0901535004377, 0.106021404266, 0.0974875167012, 0.100937083364, 0.13064417243, 0.124620512128, 0.0940590947866, 0.0712072923779, 0.0826067253947, 0.130644917488, 0.167973890901, 0.156844139099, 0.144871294498, 0.17515219748, 0.166593417525, 0.172809362411, 0.203261077404, 0.167063370347, 0.153551533818, 0.163514375687, 0.122946247458, 0.105536475778, 0.103131368756, 0.10279083252, 0.140917226672, 0.150619849563, 0.126913651824, 0.103336386383, 0.0913607031107, 0.0846386477351, 0.0906112119555, 0.102709718049, 0.0875685214996, 0.0905175432563],
        "stdev": [0.216900631785, 0.19547764957, 0.203520283103, 0.221627011895, 0.20548684895, 0.198295131326, 0.246830746531, 0.240322455764, 0.204896971583, 0.16568158567, 0.184672296047, 0.237420141697, 0.282319486141, 0.258640766144, 0.248341396451, 0.293895095587, 0.265789240599, 0.261793762445, 0.308015376329, 0.266045600176, 0.253503382206, 0.284048080444, 0.215433716774, 0.205501779914, 0.200392469764, 0.205380275846, 0.263309150934, 0.266631633043, 0.23595815897, 0.215231671929, 0.186766281724, 0.193626537919, 0.19524730742, 0.207498475909, 0.189093589783, 0.206321999431]
    },
    "chords_histogram": [4.77239370346, 3.89133620262, 13.0690164566, 6.46108675003, 6.0205578804, 3.30396485329, 5.3597650528, 0, 1.61527168751, 2.42290759087, 2.71659326553, 1.76211452484, 3.0102789402, 3.7444934845, 1.02790009975, 2.34948611259, 2.34948611259, 4.33186483383, 3.23054337502, 3.89133620262, 5.28634357452, 1.32158589363, 10.8663730621, 7.19530105591],
    "thpcp": [1, 0.821915209293, 0.755439937115, 0.804454922676, 0.604868590832, 0.519216358662, 0.50738376379, 0.505708396435, 0.693281888962, 0.741016685963, 0.624387383461, 0.508392393589, 0.449474662542, 0.416403621435, 0.4457873106, 0.505309343338, 0.430817961693, 0.445326507092, 0.488782852888, 0.418365120888, 0.443535476923, 0.521602094173, 0.479617238045, 0.496588349342, 0.642740726471, 0.613105654716, 0.462750166655, 0.350324302912, 0.406406998634, 0.642744362354, 0.826394796371, 0.771638810635, 0.712735056877, 0.861710488796, 0.819603145123, 0.850184202194],
    "chords_key": "B",
    "chords_scale": "major"
}
}