{
"metadata": {
    "version": {
        "essentia": "2.1-dev",
        "essentia_git_sha": "v2.1_beta3-415-gd5473f3",
        "extractor": "music 2.0"
    },
    "audio_properties": {
        "analysis": {
            "equal_loudness": 0,
            "length": 226.169235229,
            "sample_rate": 44100,
            "start_time": 0,
            "downmix": "mix"
        },
        "bit_rate": 128000,
        "length": 226.169235229,
        "lossless": 0,
        "number_channels": 2,
        "replay_gain": -7.23779296875,
        "sample_rate": 44100,
        "codec": "mp3",
        "md5_encoded": "afe3bfd3f2d7ea63e927e4b01f2af3b7"
    },
    "tags": {
        "file_name": "philip_hayes-concerto_in_a_major.mp3",
        "album": ["World's First Piano Concertos"],
        "artist": ["Sonnerie"],
        "artistwebpage": ["http:\/\/www.magnatune.com\/artists\/sonnerie"],
        "composer": ["www.magnatune.com\/artists\/sonnerie"],
        "copyright": ["2004 Sonnerie - Licensed to the public under http:\/\/creativecommons.org\/licenses\/by-nc-sa\/1.0\/ verify at http:\/\/www.magnatune.com\/artists\/sonnerie"],
        "date": ["2003"],
        "encodedby": ["http:\/\/www.magnatune.com\/"],
        "filewebpage": ["http:\/\/www.magnatune.com\/artists\/sonnerie"],
        "genre": ["Classical"],
        "length": ["226000"],
        "originalartist": ["http:\/\/www.magnatune.com\/artists\/sonnerie"],
        "title": ["Philip Hayes: Concerto in A ma"],
        "tracknumber": ["14"]
    }
},
"lowlevel": {
    "average_loudness": 0.128538310528,
    "barkbands_crest": {
        "mean": 10.9669246674,
        "stdev": 3.89361095428
    },
    "barkbands_flatness_db": {
        "mean": 0.242031171918,
        "stdev": 0.0501190498471
    },
    "barkbands_kurtosis": {
        "mean": 3.17166399956,
        "stdev": 6.32291555405
    },
    "barkbands_skewness": {
        "mean": 1.10576283932,
        "stdev": 1.0973007679
    },
    "barkbands_spread": {
        "mean": 8.57150173187,
        "stdev": 4.97945404053
    },
    "dissonance": {
        "mean": 0.429634720087,
        "stdev": 0.0416460819542
    },
    "dynamic_complexity": 6.55647850037,
    "erbbands_crest": {
        "mean": 12.4139280319,
        "stdev": 4.72744369507
    },
    "erbbands_flatness_db": {
        "mean": 0.289856046438,
        "stdev": 0.0608134903014
    },
    "erbbands_kurtosis": {
        "mean": 1.3568097353,
        "stdev": 2.40746736526
    },
    "erbbands_skewness": {
        "mean": 0.569497704506,
        "stdev": 0.641113996506
    },
    "erbbands_spread": {
        "mean": 17.8785839081,
        "stdev": 14.9789333344
    },
    "hfc": {
        "mean": 8.9571685791,
        "stdev": 12.3003044128
    },
    "loudness_ebu128": {
        "integrated": -18.7052021027,
        "loudness_range": 9.86525154114,
        "momentary": {
            "mean": -23.2520656586,
            "stdev": 10.1477766037
        },
        "short_term": {
            "mean": -21.809961319,
            "stdev": 8.73952674866
        }
    },
    "melbands_crest": {
        "mean": 13.2046403885,
        "stdev": 4.97986936569
    },
    "melbands_flatness_db": {
        "mean": 0.281963586807,
        "stdev": 0.0578981898725
    },
    "melbands_kurtosis": {
        "mean": 7.10146474838,
        "stdev": 19.9479179382
    },
    "melbands_skewness": {
        "mean": 1.47415089607,
        "stdev": 1.5962061882
    },
    "melbands_spread": {
        "mean": 12.6296243668,
        "stdev": 6.85558652878
    },
    "pitch_salience": {
        "mean": 0.520553767681,
        "stdev": 0.109632104635
    },
    "silence_rate_20dB": {
        "mean": 1,
        "stdev": 0
    },
    "silence_rate_30dB": {
        "mean": 0.988913953304,
        "stdev": 0.104701779783
    },
    "silence_rate_60dB": {
        "mean": 0.26452472806,
        "stdev": 0.441056698561
    },
    "spectral_centroid": {
        "mean": 869.545349121,
        "stdev": 331.892974854
    },
    "spectral_complexity": {
        "mean": 10.4104909897,
        "stdev": 5.2780585289
    },
    "spectral_decrease": {
        "mean": -3.50451245801e-09,
        "stdev": 5.53266366055e-09
    },
    "spectral_energy": {
        "mean": 0.0140392733738,
        "stdev": 0.0219125337899
    },
    "spectral_energyband_high": {
        "mean": 3.23621607095e-05,
        "stdev": 8.11330755823e-05
    },
    "spectral_energyband_low": {
        "mean": 0.000493477098644,
        "stdev": 0.00156979111489
    },
    "spectral_energyband_middle_high": {
        "mean": 0.0040249475278,
        "stdev": 0.00503636850044
    },
    "spectral_energyband_middle_low": {
        "mean": 0.0100188031793,
        "stdev": 0.0190900471061
    },
    "spectral_entropy": {
        "mean": 6.64225673676,
        "stdev": 0.472750991583
    },
    "spectral_flux": {
        "mean": 0.0370397865772,
        "stdev": 0.0290768388659
    },
    "spectral_kurtosis": {
        "mean": 16.5106067657,
        "stdev": 12.1177940369
    },
    "spectral_rms": {
        "mean": 0.00303385197185,
        "stdev": 0.00211958331056
    },
    "spectral_rolloff": {
        "mean": 1014.02978516,
        "stdev": 447.704711914
    },
    "spectral_skewness": {
        "mean": 2.59082984924,
        "stdev": 0.931221663952
    },
    "spectral_spread": {
        "mean": 2249951,
        "stdev": 1392246.5
    },
    "spectral_strongpeak": {
        "mean": 1.21944868565,
        "stdev": 1.12601912022
    },
    "zerocrossingrate": {
        "mean": 0.0391287617385,
        "stdev": 0.0133348507807
    },
    "barkbands": {
        "mean": [2.07334068136e-07, 3.12049342028e-05, 0.000103786493128, 0.00136286218185, 0.00117838033475, 0.00191877153702, 0.00404693791643, 0.000769440783188, 0.000397133087972, 0.00106983957812, 0.00174717407208, 0.00028618707438, 0.00022114434978, 0.000295781850582, 0.00017170792853, 0.000118949705211, 0.000113057983981, 5.39064785698e-05, 9.87845851341e-05, 3.26239205606e-05, 1.2968404917e-05, 5.52679603061e-06, 1.7142967863e-06, 8.81048549672e-07, 2.51782694249e-07, 7.37096570447e-08, 5.18063980604e-10],
        "stdev": [2.7742197517e-07, 0.000178275877261, 0.000481236638734, 0.00539648393169, 0.00331893516704, 0.00506874313578, 0.011063862592, 0.00257896864787, 0.000710291962605, 0.00167162402067, 0.00284499232657, 0.000789790879935, 0.000473310268717, 0.000871129392181, 0.000462740921648, 0.000477063469589, 0.000346374930814, 0.000120847849757, 0.000592442345805, 0.000134944159072, 3.25826840708e-05, 1.67321650224e-05, 5.77502623855e-06, 2.69059069069e-06, 8.52115533689e-07, 2.64511442083e-07, 1.31610489174e-09]
    },
    "erbbands": {
        "mean": [0.000349491107045, 0.0111918337643, 0.132548049092, 2.01350617409, 6.09243631363, 2.68487024307, 6.29767751694, 16.4712924957, 57.6591377258, 35.7133483887, 16.8697357178, 8.99590206146, 27.9171791077, 61.3819351196, 38.1332740784, 12.1434555054, 10.5630016327, 9.33735466003, 14.5207767487, 8.71748924255, 6.2013053894, 6.91413927078, 3.74869966507, 2.81053376198, 5.74310064316, 1.24767136574, 0.790180981159, 0.333313345909, 0.210448950529, 0.104329064488, 0.0493343174458, 0.0245380122215, 0.0109867490828, 0.00377693283372, 0.0014537248062, 0.000580047839321, 8.50162032293e-05, 3.37914616466e-06, 7.24051733414e-06, 1.61755233421e-05],
        "stdev": [0.000803378934506, 0.0633269399405, 0.567535996437, 7.393887043, 21.126865387, 6.55782556534, 21.3786392212, 42.2277641296, 144.079849243, 111.466941833, 47.790348053, 14.9457931519, 45.3648796082, 103.401412964, 74.5334091187, 31.8628158569, 21.8841781616, 18.7275791168, 36.7924537659, 22.0402297974, 18.9285678864, 21.794002533, 8.27967643738, 8.75147342682, 37.0463142395, 4.22776126862, 2.05704689026, 0.861656665802, 0.620035529137, 0.360587775707, 0.164932221174, 0.0756502822042, 0.0336037576199, 0.0136252650991, 0.00461965380237, 0.00195905775763, 0.000326623150613, 8.09245557321e-06, 1.09497077574e-05, 2.4888495318e-05]
    },
    "gfcc": {
        "mean": [-160.887359619, 159.329605103, -176.758728027, -7.49689245224, -69.6325378418, -18.3816280365, -27.2314338684, -10.6364421844, -15.0325632095, -15.7448816299, -4.27267169952, -8.96646881104, 2.75954127312],
        "cov": [[14726.9677734, 829.394287109, -2774.68359375, -557.825317383, -645.125061035, -1037.22961426, -378.251434326, -900.505371094, -45.4415283203, -362.725250244, 141.013916016, -537.319580078, -184.09262085], [829.394287109, 1202.75476074, -223.010192871, -355.013763428, 141.73046875, -372.039276123, 157.560028076, -282.406463623, 64.9622116089, -252.293273926, 107.3695755, -89.9208984375, 95.8118743896], [-2774.68359375, -223.010192871, 1085.59106445, 327.948303223, 151.48034668, 266.597717285, -59.8641548157, 164.480667114, -124.052818298, 60.2897491455, -165.582672119, 28.444890976, -36.9582557678], [-557.825317383, -355.013763428, 327.948303223, 400.08782959, 54.018157959, 193.90246582, -57.5694999695, 96.7898406982, -52.765335083, 52.2552261353, -114.798721313, -41.4938430786, -67.9676589966], [-645.125061035, 141.73046875, 151.48034668, 54.018157959, 177.826934814, 40.6020507812, 37.0577087402, 16.9029521942, -1.64972174168, -8.16476917267, -19.5051174164, -25.2344913483, -6.48527240753], [-1037.22961426, -372.039276123, 266.597717285, 193.90246582, 40.6020507812, 317.425354004, 13.939040184, 159.578735352, -20.0773906708, 84.2445526123, -60.7060508728, 34.8530807495, -22.5012226105], [-378.251434326, 157.560028076, -59.8641548157, -57.5694999695, 37.0577087402, 13.939040184, 213.107376099, 41.8505477905, 64.2268600464, -9.25844573975, 61.0003204346, 52.2574157715, 26.6394481659], [-900.505371094, -282.406463623, 164.480667114, 96.7898406982, 16.9029521942, 159.578735352, 41.8505477905, 199.315658569, 24.7458305359, 83.9236907959, -16.1482219696, 62.2496452332, -11.4783735275], [-45.4415283203, 64.9622116089, -124.052818298, -52.765335083, -1.64972174168, -20.0773906708, 64.2268600464, 24.7458305359, 140.373794556, 47.7827835083, 72.4594802856, 38.4631080627, 28.9164485931], [-362.725250244, -252.293273926, 60.2897491455, 52.2552261353, -8.16476917267, 84.2445526123, -9.25844573975, 83.9236907959, 47.7827835083, 163.979751587, 30.3747634888, 43.9311447144, -14.2455940247], [141.013916016, 107.3695755, -165.582672119, -114.798721313, -19.5051174164, -60.7060508728, 61.0003204346, -16.1482219696, 72.4594802856, 30.3747634888, 145.068649292, 62.2670669556, 43.9843177795], [-537.319580078, -89.9208984375, 28.444890976, -41.4938430786, -25.2344913483, 34.8530807495, 52.2574157715, 62.2496452332, 38.4631080627, 43.9311447144, 62.2670669556, 148.604141235, 54.3536872864], [-184.09262085, 95.8118743896, -36.9582557678, -67.9676589966, -6.48527240753, -22.5012226105, 26.6394481659, -11.4783735275, 28.9164485931, -14.2455940247, 43.9843177795, 54.3536872864, 97.9953918457]],
        "icov": [[0.000275073514786, -0.000471632549306, 0.00075988896424, -0.00047109159641, 0.000791146361735, -2.20849778998e-06, 0.000465879071271, 0.000137398266816, 0.000501596950926, -0.000386151630664, 0.000127528008306, 6.35902470094e-05, 0.000582360778935], [-0.000471632549306, 0.00675123278052, -0.00297029642388, 0.00348823866807, -0.00540030142292, 0.00280448282138, -0.00402186950669, 0.00377310416661, -0.00419938564301, 0.00582573842257, -0.0023321188055, 0.00373126822524, -0.00330260093324], [0.00075988896424, -0.00297029642388, 0.00438035279512, -0.00273297308013, 0.0019531135913, -0.000959613185842, 0.00246537756175, -0.00122621178161, 0.00350870494731, -0.00297506363131, 0.00217376579531, -0.00207989453338, 0.00189331686124], [-0.00047109159641, 0.00348823866807, -0.00273297308013, 0.00696618622169, -0.00345610803925, -0.000687339168508, -0.00159457686823, 0.00134342699312, -0.00279491813853, 0.00253883283585, 0.000311382638756, 0.00252280919813, -0.0006355822552], [0.000791146361735, -0.00540030142292, 0.0019531135913, -0.00345610803925, 0.0126603702083, -0.00230568065308, 0.00163043488283, -0.00207137130201, 0.00283918506466, -0.00407721940428, 0.00104343902785, 0.000297673919704, 0.00266437605023], [-2.20849778998e-06, 0.00280448282138, -0.000959613185842, -0.000687339168508, -0.00230568065308, 0.00860140379518, -0.00247832783498, -0.00182078429498, -6.78923679516e-05, 0.000526960298885, 0.000396165472921, 0.00138975749724, -0.00215392233804], [0.000465879071271, -0.00402186950669, 0.00246537756175, -0.00159457686823, 0.00163043488283, -0.00247832783498, 0.0099871084094, -0.00375180435367, 0.000226536139962, -0.000405393278925, -0.000859007239342, -0.00350502156653, 0.0032195893582], [0.000137398266816, 0.00377310416661, -0.00122621178161, 0.00134342699312, -0.00207137130201, -0.00182078429498, -0.00375180435367, 0.0144186848775, -0.00396831519902, 0.000685193226673, 0.000992333283648, -0.00107017916162, 0.000610785617027], [0.000501596950926, -0.00419938564301, 0.00350870494731, -0.00279491813853, 0.00283918506466, -6.78923679516e-05, 0.000226536139962, -0.00396831519902, 0.015551129356, -0.00751434406266, -0.00134186889045, -0.00122229929548, -0.00032214334351], [-0.000386151630664, 0.00582573842257, -0.00297506363131, 0.00253883283585, -0.00407721940428, 0.000526960298885, -0.000405393278925, 0.000685193226673, -0.00751434406266, 0.0165174677968, -0.00607664091513, 0.00184157304466, 0.000583623535931], [0.000127528008306, -0.0023321188055, 0.00217376579531, 0.000311382638756, 0.00104343902785, 0.000396165472921, -0.000859007239342, 0.000992333283648, -0.00134186889045, -0.00607664091513, 0.0166743472219, -0.00592480879277, -0.000620014616288], [6.35902470094e-05, 0.00373126822524, -0.00207989453338, 0.00252280919813, 0.000297673919704, 0.00138975749724, -0.00350502156653, -0.00107017916162, -0.00122229929548, 0.00184157304466, -0.00592480879277, 0.016669863835, -0.00735539197922], [0.000582360778935, -0.00330260093324, 0.00189331686124, -0.0006355822552, 0.00266437605023, -0.00215392233804, 0.0032195893582, 0.000610785617027, -0.00032214334351, 0.000583623535931, -0.000620014616288, -0.00735539197922, 0.0182167775929]]
    },
    "melbands": {
        "mean": [5.37470077688e-06, 3.88983462472e-05, 0.000539050088264, 0.000311133480864, 0.000178632166353, 0.000442356686108, 0.000877810525708, 0.000335526478011, 0.000128315703478, 5.13236263942e-05, 0.000139172931085, 0.000238194130361, 0.000154910114361, 4.85797281726e-05, 2.23417682719e-05, 2.63878300757e-05, 1.73511289177e-05, 2.67101313511e-05, 1.70884632098e-05, 9.48064916884e-06, 5.93100276092e-06, 7.88494980952e-06, 3.6450803691e-06, 2.52312725024e-06, 1.80293113772e-06, 5.22741993336e-06, 2.11950600715e-06, 5.46389060219e-07, 5.65248058138e-07, 3.22956111631e-07, 1.42230575761e-07, 1.31133759851e-07, 8.51431849469e-08, 4.31562980907e-08, 3.05765510689e-08, 1.82537078786e-08, 1.36875790702e-08, 8.10678191243e-09, 4.98209340449e-09, 2.57297383399e-09],
        "stdev": [2.46288946073e-05, 0.000212515427847, 0.00198368029669, 0.000880931736901, 0.000600950326771, 0.00112335407175, 0.00224943482317, 0.00104179314803, 0.00034144037636, 9.23192346818e-05, 0.000234393926803, 0.000392434361856, 0.000254634767771, 0.000108905122033, 7.87347089499e-05, 6.19955244474e-05, 4.20849355578e-05, 8.08014228824e-05, 4.96425054735e-05, 4.04314123443e-05, 1.82486128324e-05, 2.5708513931e-05, 9.17436955206e-06, 5.27083011548e-06, 6.43915836918e-06, 3.79367738788e-05, 9.63480124483e-06, 1.73915771029e-06, 1.65714436662e-06, 8.63901277626e-07, 3.81718621156e-07, 4.29031047133e-07, 3.75139563857e-07, 1.64757409493e-07, 1.15548147051e-07, 5.62511850433e-08, 4.57872459947e-08, 2.51832243947e-08, 1.89711499843e-08, 9.78035430421e-09]
    },
    "melbands128": {
        "mean": [1.74852004875e-07, 1.19294281831e-06, 4.19359639636e-06, 1.93021987798e-05, 4.46655794804e-05, 5.13601007697e-05, 0.000277277664281, 0.000868219533004, 0.000698321149684, 0.000240150184254, 0.000123680511024, 9.32805996854e-05, 0.000237158033997, 0.000276850361843, 0.00012113264529, 0.000663455983158, 0.00127726839855, 0.000751257990487, 0.000959564233199, 0.000264529866399, 0.000199087473447, 0.000137901050039, 0.000134647809318, 0.000117685005534, 3.11383373628e-05, 4.15768772655e-05, 5.12615770276e-05, 0.000172674263013, 0.000211658436456, 8.54565441841e-05, 0.000392390298657, 0.000277128827292, 5.54458856641e-05, 0.000176496381755, 4.2345483962e-05, 2.10963953577e-05, 2.52484969678e-05, 3.51337403117e-05, 6.96109918863e-06, 2.1457177354e-05, 4.80222224724e-05, 6.32310229776e-06, 7.65020013205e-06, 1.46416987263e-05, 6.40179860056e-05, 1.52958946273e-05, 6.14632199358e-06, 3.14150893246e-05, 1.35166292239e-05, 1.54084716542e-06, 1.49016232172e-05, 1.06786555989e-05, 5.41269128007e-06, 4.99389716424e-06, 4.03079320677e-06, 1.1621656995e-05, 7.69937469158e-06, 1.83962936262e-06, 2.97967176266e-06, 5.3170965657e-06, 2.09088193515e-06, 5.28286136614e-07, 2.43146246248e-06, 1.51504218593e-06, 2.27952000387e-06, 6.70578720019e-06, 6.58592489344e-06, 2.15687396121e-06, 1.88675801382e-06, 3.77952261488e-07, 2.44549624995e-07, 1.0456445807e-06, 5.25993073097e-07, 5.22967866345e-07, 4.40776858568e-07, 4.14680755512e-07, 1.98851566324e-07, 2.15570963746e-07, 1.01059157487e-07, 1.14653737171e-07, 1.62778846402e-07, 1.32330995939e-07, 7.3175321802e-08, 9.67926681028e-08, 7.85584077789e-08, 4.75452885951e-08, 3.23396278645e-08, 2.71929465612e-08, 3.80183244886e-08, 2.45897862072e-08, 2.13474198318e-08, 1.59172692804e-08, 1.438065933e-08, 1.53005998982e-08, 1.3213316663e-08, 7.3076971141e-09, 7.94285437422e-09, 6.76754741136e-09, 5.7714166779e-09, 3.55830476195e-09, 2.77641087898e-09, 2.33127850358e-09, 2.56522314501e-09, 1.55292567694e-09, 1.77013359526e-09, 1.16491494229e-09, 1.40903633206e-09, 9.60262647176e-10, 1.06567199509e-09, 8.07963251859e-10, 9.33198962549e-10, 3.70971059427e-10, 2.7549388118e-11, 2.71278052105e-12, 2.6288123154e-12, 2.55016385613e-12, 2.47448480976e-12, 2.40015104146e-12, 2.33959423016e-12, 2.28927727469e-12, 2.23997274722e-12, 2.19963565591e-12, 2.15589091718e-12, 2.1134925407e-12, 2.09330144364e-12, 2.07370232097e-12, 2.05874445096e-12, 2.04533590585e-12],
        "stdev": [2.49344196845e-07, 1.75066463726e-06, 6.57525060888e-06, 0.000126338622067, 0.000316473044222, 0.000194808410015, 0.00102472153958, 0.00355161773041, 0.00253762491047, 0.00071892759297, 0.000462839729153, 0.000556395738386, 0.000895893375855, 0.00103812117595, 0.000368739798432, 0.00226282561198, 0.00348081951961, 0.00213440600783, 0.00405931565911, 0.000801672693342, 0.000788217934314, 0.000734168104827, 0.00038607310853, 0.000273926503723, 7.99654662842e-05, 0.000132581248181, 0.000126758444821, 0.000354264251655, 0.000444154109573, 0.000164112294442, 0.000792058592197, 0.000523217662703, 0.00012951491226, 0.00051924015861, 0.000120898468595, 8.50532960612e-05, 0.000135622700327, 0.000154662557179, 2.48273063335e-05, 6.304118142e-05, 0.000115224487672, 2.47932748607e-05, 2.54490005318e-05, 5.05857169628e-05, 0.000228429664276, 4.53234897577e-05, 2.49755848927e-05, 9.53729977482e-05, 5.03233422933e-05, 6.88565978635e-06, 7.35843059374e-05, 5.54667167307e-05, 2.32138754654e-05, 2.27987475228e-05, 2.00997892534e-05, 4.49673098046e-05, 3.24542124872e-05, 1.07762380139e-05, 9.60044872045e-06, 1.71848150785e-05, 5.71021246287e-06, 1.8755650899e-06, 1.22239807752e-05, 7.80462050898e-06, 1.1202720998e-05, 5.66111957596e-05, 5.76788188482e-05, 9.20709589991e-06, 1.21454449982e-05, 1.95091570276e-06, 8.33719184357e-07, 4.45380783276e-06, 2.14000920096e-06, 2.27580198953e-06, 1.59952912782e-06, 1.29468674004e-06, 1.17834269986e-06, 7.30266833671e-07, 3.80628364383e-07, 4.14430274986e-07, 8.36781623548e-07, 3.68906597714e-07, 3.71092710338e-07, 6.73994691169e-07, 3.5349432892e-07, 1.80955737505e-07, 2.5014267635e-07, 9.86794503888e-08, 2.08736381069e-07, 1.05294347463e-07, 8.2463955664e-08, 7.15382384442e-08, 6.04826269068e-08, 7.13623649062e-08, 5.47466427747e-08, 2.70171529593e-08, 3.25170361748e-08, 2.48107436818e-08, 2.80695324761e-08, 2.01406535894e-08, 1.20803989034e-08, 1.09656337344e-08, 9.94931603771e-09, 6.66862831622e-09, 7.61454721498e-09, 4.37513669738e-09, 5.15560572012e-09, 3.45462480844e-09, 5.31927790703e-09, 3.48185347221e-09, 4.5878469912e-09, 1.95714533469e-09, 2.01597682992e-10, 6.99601271012e-12, 6.75993072283e-12, 6.53833931441e-12, 6.33720810203e-12, 6.15287551811e-12, 5.97882073711e-12, 5.82580208033e-12, 5.68650985674e-12, 5.56357867762e-12, 5.45569665833e-12, 5.36041913982e-12, 5.28550337178e-12, 5.22112995199e-12, 5.17469313926e-12, 5.14770734719e-12]
    },
    "mfcc": {
        "mean": [-776.937011719, 176.036026001, -44.4345970154, -1.95382285118, -25.3827877045, -16.566444397, -11.4577417374, -5.8525762558, -6.76473331451, -10.0551767349, -10.0439863205, -6.39382362366, -2.31230640411],
        "cov": [[10313.5380859, 1837.38427734, -1869.30627441, 178.900466919, -1029.37414551, -311.321350098, -671.044189453, -493.436645508, -526.034423828, -208.932067871, -351.318023682, -143.880523682, -101.057243347], [1837.38427734, 1587.84680176, -314.263519287, -156.618804932, -213.575180054, -274.535736084, -110.730697632, -125.223846436, -93.4783554077, -186.261016846, -128.493942261, -108.838829041, -59.1521224976], [-1869.30627441, -314.263519287, 661.059631348, 50.7833175659, 256.027160645, 97.6933746338, 113.028869629, 72.3114624023, 61.10679245, 41.9495582581, -23.5100708008, -54.6791267395, -20.5379619598], [178.900466919, -156.618804932, 50.7833175659, 238.747329712, 47.2696456909, 75.8970870972, 2.27537989616, -22.7869586945, -3.79858613014, 43.3467178345, -17.3992958069, -31.813205719, -10.3053369522], [-1029.37414551, -213.575180054, 256.027160645, 47.2696456909, 260.788696289, 79.6995849609, 67.8233566284, 27.238861084, 34.5472145081, 58.576751709, 0.962782979012, -24.4839229584, -14.2743015289], [-311.321350098, -274.535736084, 97.6933746338, 75.8970870972, 79.6995849609, 174.471191406, 54.7060241699, 28.5716743469, 37.8855857849, 52.1734962463, 29.674747467, 7.78309202194, 2.88464283943], [-671.044189453, -110.730697632, 113.028869629, 2.27537989616, 67.8233566284, 54.7060241699, 155.592605591, 77.2456436157, 56.124332428, 22.7683677673, 36.0731010437, 24.059677124, 12.5943613052], [-493.436645508, -125.223846436, 72.3114624023, -22.7869586945, 27.238861084, 28.5716743469, 77.2456436157, 147.409225464, 77.5240325928, -1.24502682686, 49.4825515747, 45.7611160278, 9.85027313232], [-526.034423828, -93.4783554077, 61.10679245, -3.79858613014, 34.5472145081, 37.8855857849, 56.124332428, 77.5240325928, 133.303512573, 25.8561344147, 58.1165161133, 40.4052658081, 4.82781934738], [-208.932067871, -186.261016846, 41.9495582581, 43.3467178345, 58.576751709, 52.1734962463, 22.7683677673, -1.24502682686, 25.8561344147, 121.05997467, 40.4074401855, 2.04563260078, 14.0386075974], [-351.318023682, -128.493942261, -23.5100708008, -17.3992958069, 0.962782979012, 29.674747467, 36.0731010437, 49.4825515747, 58.1165161133, 40.4074401855, 151.706542969, 83.9446258545, 33.3925285339], [-143.880523682, -108.838829041, -54.6791267395, -31.813205719, -24.4839229584, 7.78309202194, 24.059677124, 45.7611160278, 40.4052658081, 2.04563260078, 83.9446258545, 132.826751709, 50.0977401733], [-101.057243347, -59.1521224976, -20.5379619598, -10.3053369522, -14.2743015289, 2.88464283943, 12.5943613052, 9.85027313232, 4.82781934738, 14.0386075974, 33.3925285339, 50.0977401733, 102.819091797]],
        "icov": [[0.000570604810491, -0.000457483314676, 0.001000439981, -0.000752276682761, 0.00108766427729, -0.000829409982543, 0.000979137141258, -0.000445845624199, 0.00107609888073, -0.000759013812058, 0.000988142681308, -0.000410068663768, 0.000451109634014], [-0.000457483314676, 0.0015284869587, -0.000444086501375, 0.000892298994586, -0.000739035545848, 0.00183411978651, -0.00123793631792, 0.00116089114454, -0.00138631998561, 0.00178608112037, -0.000819942913949, 0.00138232170139, -0.000269214942819], [0.001000439981, -0.000444086501375, 0.00462222518399, -0.00124740635511, -0.000361849582987, -0.00137739919592, 0.000916196033359, -0.00128111569211, 0.00127386325039, -0.00059751921799, 0.00217473064549, 0.000665918923914, 0.000516006781254], [-0.000752276682761, 0.000892298994586, -0.00124740635511, 0.00641970243305, -0.00148310046643, -0.000910474336706, -0.00105293479282, 0.00142614089418, -0.0014991548378, 8.43199741212e-05, -0.000611118157394, 0.00143472338095, -0.000461490068119], [0.00108766427729, -0.000739035545848, -0.000361849582987, -0.00148310046643, 0.00933112483472, -0.00255666160956, 0.000710324500687, -0.00035720053711, 0.00196392717771, -0.00350556243211, 0.00222681369632, -0.000669332395773, 0.0017266535433], [-0.000829409982543, 0.00183411978651, -0.00137739919592, -0.000910474336706, -0.00255666160956, 0.0110557563603, -0.00342827569693, 0.00122280966025, -0.00266099651344, 0.000624478969257, -0.00214094505645, 0.00117613736074, -0.00032681011362], [0.000979137141258, -0.00123793631792, 0.000916196033359, -0.00105293479282, 0.000710324500687, -0.00342827569693, 0.0122345769778, -0.00504857907072, 0.00127423880622, -0.00206537917256, 0.00136858120095, -0.0011331216665, -0.000162713753525], [-0.000445845624199, 0.00116089114454, -0.00128111569211, 0.00142614089418, -0.00035720053711, 0.00122280966025, -0.00504857907072, 0.013659211807, -0.00607457803562, 0.00359155773185, -0.0018155638827, -0.000739360461012, 8.73589233379e-05], [0.00107609888073, -0.00138631998561, 0.00127386325039, -0.0014991548378, 0.00196392717771, -0.00266099651344, 0.00127423880622, -0.00607457803562, 0.0149212833494, -0.00359147950076, -0.000307103444356, -0.00257522682659, 0.00228172540665], [-0.000759013812058, 0.00178608112037, -0.00059751921799, 8.43199741212e-05, -0.00350556243211, 0.000624478969257, -0.00206537917256, 0.00359155773185, -0.00359147950076, 0.0144655229524, -0.00524795195088, 0.00398733653128, -0.00246951915324], [0.000988142681308, -0.000819942913949, 0.00217473064549, -0.000611118157394, 0.00222681369632, -0.00214094505645, 0.00136858120095, -0.0018155638827, -0.000307103444356, -0.00524795195088, 0.0144448373467, -0.00719267083332, 0.000792433856986], [-0.000410068663768, 0.00138232170139, 0.000665918923914, 0.00143472338095, -0.000669332395773, 0.00117613736074, -0.0011331216665, -0.000739360461012, -0.00257522682659, 0.00398733653128, -0.00719267083332, 0.0163740012795, -0.00531289726496], [0.000451109634014, -0.000269214942819, 0.000516006781254, -0.000461490068119, 0.0017266535433, -0.00032681011362, -0.000162713753525, 8.73589233379e-05, 0.00228172540665, -0.00246951915324, 0.000792433856986, -0.00531289726496, 0.0128929270431]]
    },
    "spectral_contrast_coeffs": {
        "mean": [-0.650005400181, -0.706782162189, -0.694137334824, -0.744371771812, -0.748642265797, -0.732759416103],
        "stdev": [0.122416302562, 0.0971385613084, 0.0719255656004, 0.0663486197591, 0.0612243190408, 0.0598281696439]
    },
    "spectral_contrast_valleys": {
        "mean": [-8.70558261871, -7.30486869812, -8.00636959076, -9.03759479523, -9.60998058319, -13.4996652603],
        "stdev": [0.909871339798, 1.32112061977, 1.30465149879, 1.23308515549, 1.12215280533, 0.82158523798]
    }
},
"rhythm": {
    "beats_count": 608,
    "beats_loudness": {
        "mean": 0.0197696182877,
        "stdev": 0.026164021343
    },
    "bpm": 172.26574707,
    "bpm_histogram_first_peak_bpm": 172,
    "bpm_histogram_first_peak_weight": 0,
    "bpm_histogram_second_peak_bpm": 167,
    "bpm_histogram_second_peak_spread": 0,
    "bpm_histogram_second_peak_weight": 0.15650741756,
    "danceability": 0.960069358349,
    "onset_rate": 2.87816762924,
    "beats_loudness_band_ratio": {
        "mean": [0.110650628805, 0.241296648979, 0.395819097757, 0.303207576275, 0.056249011308, 0.0089116692543],
        "stdev": [0.189697906375, 0.183802500367, 0.187394365668, 0.197119683027, 0.0693754330277, 0.0267655327916]
    },
    "beats_position": [0.359909296036, 0.719818592072, 1.09133780003, 1.46285712719, 1.83437633514, 2.22911548615, 2.61224484444, 2.99537420273, 3.3785033226, 3.76163268089, 4.15637159348, 4.5627207756, 4.96907043457, 5.36380958557, 5.75854873657, 6.14167785645, 6.52480697632, 6.90793657303, 7.2910656929, 7.6858048439, 8.09215450287, 8.51011276245, 8.92807197571, 9.33442115784, 9.74077033997, 10.1471195221, 10.5418596268, 10.9365987778, 11.3313379288, 11.7144670486, 12.0975961685, 12.4923353195, 12.8870744705, 13.2702035904, 13.6765527725, 14.0945119858, 14.512471199, 14.90721035, 15.301949501, 15.696688652, 16.0914287567, 16.4861679077, 16.8809070587, 17.2756462097, 17.6703853607, 18.0767345428, 18.4946937561, 18.9126529694, 19.3422222137, 19.760181427, 20.1781406403, 20.5844898224, 20.9908390045, 21.3971881866, 21.8035373688, 22.221496582, 22.616235733, 23.010974884, 23.405714035, 23.800453186, 24.195192337, 24.5783214569, 24.9614505768, 25.3445796967, 25.7277088165, 26.1108379364, 26.4939670563, 26.8770961761, 27.2602272034, 27.6549663544, 28.0497055054, 28.4444446564, 28.8507938385, 29.2455329895, 29.6402721405, 30.0234012604, 30.4065303802, 30.7896595001, 31.1843986511, 31.567527771, 31.9506568909, 32.3453979492, 32.7401351929, 33.1348762512, 33.5412254333, 33.9243545532, 34.3074836731, 34.690612793, 35.0853500366, 35.480091095, 35.8748283386, 36.269569397, 36.6643066406, 37.0706558228, 37.5002250671, 37.9297943115, 38.3593635559, 38.7773246765, 39.1952819824, 39.613243103, 40.0195922852, 40.4143295288, 40.8206787109, 41.2154197693, 41.6101570129, 42.0048980713, 42.3996353149, 42.8059844971, 43.2123336792, 43.6070747375, 44.0018119812, 44.3965530396, 44.7912902832, 45.1860313416, 45.5807685852, 45.9871177673, 46.3934669495, 46.7998161316, 47.2061653137, 47.6125144958, 48.018863678, 48.4136047363, 48.80834198, 49.2030830383, 49.5978240967, 49.9925613403, 50.3873023987, 50.7820396423, 51.1767807007, 51.5715179443, 51.9778671265, 52.3842163086, 52.7905654907, 53.1736946106, 53.5684356689, 53.9631729126, 54.3579139709, 54.7410430908, 55.1241722107, 55.5189094543, 55.9136505127, 56.2967796326, 56.6799087524, 57.0746459961, 57.4693870544, 57.8641242981, 58.2124252319, 58.5723342896, 58.9322433472, 59.2921524048, 59.6520614624, 60.0003623962, 60.3602714539, 60.7201805115, 61.0684814453, 61.4167785645, 61.7650794983, 62.1133766174, 62.4616775513, 62.7983665466, 63.135055542, 63.4717445374, 63.8084335327, 64.1451263428, 64.4818115234, 64.8301086426, 65.1784133911, 65.5267105103, 65.8750076294, 66.2233123779, 66.5716094971, 66.9199066162, 67.2798156738, 67.6397247314, 67.98802948, 68.3247146606, 68.6730117798, 69.0329208374, 69.4044418335, 69.7527389526, 70.0894317627, 70.4261245728, 70.7628097534, 71.087890625, 71.4245758057, 71.7612686157, 72.0979614258, 72.423034668, 72.759727478, 73.1196365356, 73.4679336548, 73.8162307739, 74.1761474609, 74.5244445801, 74.8727416992, 75.2326507568, 75.580947876, 75.9292526245, 76.2775497437, 76.6258468628, 76.9625396729, 77.3224487305, 77.6939697266, 78.0654830933, 78.4370040894, 78.8085250854, 79.1800460815, 79.5631713867, 79.9230804443, 80.2713851929, 80.6312942505, 80.9912033081, 81.3627166748, 81.7342376709, 82.1173706055, 82.4772796631, 82.8255767822, 83.1738739014, 83.5453948975, 83.9169158936, 84.2884368896, 84.6483459473, 85.0082550049, 85.3681640625, 85.7396774292, 86.1228103638, 86.4943313599, 86.865852356, 87.2257614136, 87.5740585327, 87.9339675903, 88.2822647095, 88.6421737671, 89.0020828247, 89.3619918823, 89.7219009399, 90.093421936, 90.4533309937, 90.8132400513, 91.1615371704, 91.5098419189, 91.8581390381, 92.2064361572, 92.5547409058, 92.8914260864, 93.2281188965, 93.5648040771, 93.9131011963, 94.2497940063, 94.5864868164, 94.9231719971, 95.2482528687, 95.5733337402, 95.8984146118, 96.223487854, 96.5369567871, 96.8620376587, 97.1987304688, 97.5238113403, 97.8488845825, 98.1971893311, 98.5454864502, 98.8821716309, 99.2188644409, 99.5671615601, 99.9038543701, 100.240539551, 100.588844299, 100.948753357, 101.285438538, 101.633743286, 101.993652344, 102.341949463, 102.678634644, 103.015327454, 103.363624573, 103.72353363, 104.083442688, 104.431747437, 104.768432617, 105.105125427, 105.441810608, 105.790107727, 106.126800537, 106.451881409, 106.77696228, 107.113647461, 107.450340271, 107.79863739, 108.146934509, 108.541679382, 108.936416626, 109.33115387, 109.725891113, 110.155464172, 110.596641541, 111.014602661, 111.432563782, 111.804077148, 112.175598145, 112.535507202, 112.89541626, 113.266937256, 113.638458252, 114.009971619, 114.381492615, 114.741401672, 115.10131073, 115.461219788, 115.832740784, 116.192649841, 116.552558899, 116.912467957, 117.272377014, 117.632286072, 117.98059082, 118.340499878, 118.700408936, 119.048706055, 119.397003174, 119.756912231, 120.116821289, 120.488342285, 120.859863281, 121.219772339, 121.55645752, 121.916366577, 122.276275635, 122.636184692, 122.99609375, 123.344398499, 123.704307556, 124.064216614, 124.43573761, 124.795646667, 125.178771973, 125.550292969, 125.921813965, 126.293327332, 126.664848328, 127.024757385, 127.396278381, 127.802627563, 128.197372437, 128.592102051, 128.986846924, 129.35836792, 129.729888916, 130.113006592, 130.496139526, 130.879272461, 131.262405396, 131.633926392, 132.005432129, 132.376953125, 132.748474121, 133.119995117, 133.491516113, 133.874649048, 134.269378662, 134.664123535, 135.04725647, 135.430389404, 135.81350708, 136.173416138, 136.533325195, 136.881637573, 137.241546631, 137.601455688, 137.949752808, 138.309661865, 138.669570923, 139.041091919, 139.412597656, 139.760910034, 140.120819092, 140.492340088, 140.875457764, 141.24697876, 141.618499756, 142.00163269, 142.384765625, 142.779495239, 143.174240112, 143.568969727, 143.940490723, 144.312011719, 144.695144653, 145.055053711, 145.40335083, 145.763259888, 146.123168945, 146.471466064, 146.842987061, 147.19128418, 147.539596558, 147.887893677, 148.236190796, 148.596099854, 148.956008911, 149.327529907, 149.687438965, 150.047348022, 150.395645142, 150.743942261, 151.09223938, 151.428924561, 151.765625, 152.113922119, 152.462219238, 152.810516357, 153.170425415, 153.541946411, 153.901855469, 154.250152588, 154.575241089, 154.900314331, 155.236999512, 155.562088013, 155.898773193, 156.247070312, 156.583755493, 156.920455933, 157.268753052, 157.640274048, 158.023391724, 158.406524658, 158.789657593, 159.14956665, 159.521087646, 159.892608643, 160.264129639, 160.635650635, 161.007156372, 161.378677368, 161.750198364, 162.110107422, 162.458404541, 162.79510498, 163.1434021, 163.491699219, 163.839996338, 164.188293457, 164.536590576, 164.896499634, 165.244796753, 165.581497192, 165.929794312, 166.266479492, 166.603164673, 166.928253174, 167.253326416, 167.590026855, 167.926712036, 168.251785278, 168.588470459, 168.925170898, 169.261856079, 169.59854126, 169.935241699, 170.27192688, 170.608612061, 170.933700562, 171.247161865, 171.572235107, 171.897323608, 172.245620728, 172.593917847, 172.930603027, 173.267303467, 173.615600586, 173.952285767, 174.288970947, 174.625671387, 174.950744629, 175.275817871, 175.589294434, 175.937591553, 176.274276733, 176.610977173, 176.959274292, 177.307571411, 177.65586853, 177.992553711, 178.32925415, 178.654327393, 178.979400635, 179.316101074, 179.641174316, 179.977859497, 180.314559937, 180.651245117, 180.999542236, 181.371063232, 181.73097229, 182.090881348, 182.439178467, 182.787475586, 183.124176025, 183.460861206, 183.809158325, 184.157455444, 184.482528687, 184.830841064, 185.179138184, 185.515823364, 185.875732422, 186.212417603, 186.549118042, 186.897415161, 187.24571228, 187.582397461, 187.919082642, 188.255783081, 188.6040802, 188.952377319, 189.312286377, 189.672195435, 190.032104492, 190.368789673, 190.705490112, 191.030563354, 191.367248535, 191.703948975, 192.052246094, 192.400543213, 192.737228394, 193.073913574, 193.422225952, 193.78213501, 194.142044067, 194.490341187, 194.827026367, 195.163711548, 195.512008667, 195.848709106, 196.197006226, 196.533691406, 196.881988525, 197.241897583, 197.601806641, 197.961715698, 198.333236694, 198.70475769, 199.064666748, 199.412963867, 199.761260986, 200.109558105, 200.457870483, 200.806167603, 201.142852783, 201.491149902, 201.839447021, 202.199356079, 202.559265137, 202.907577515, 203.267486572, 203.615783691, 203.964080811, 204.31237793, 204.660675049, 205.008972168, 205.345672607, 205.705581665, 206.065490723, 206.42539978, 206.796905518, 207.145217896, 207.493515015, 207.841812134, 208.178497314, 208.515182495, 208.851882935, 209.188568115, 209.536865234, 209.885162354, 210.233459473, 210.59336853, 210.953277588, 211.301589966, 211.638275146, 211.986572266, 212.334869385, 212.671554565, 213.019866943, 213.391372681, 213.762893677, 214.146026611, 214.529159546, 214.91229248, 215.307022095, 215.783035278, 216.259048462, 216.735046387, 217.303939819, 217.872833252, 218.430114746, 219.08026123, 219.742034912, 220.392196655, 221.03074646, 221.669296265, 222.296234131, 222.923171997, 223.550109863, 224.177047729, 224.803985596, 225.430923462],
    "bpm_histogram": [0, 0, 0, 0, 0, 0, 0, 0, 0, 0, 0, 0, 0, 0, 0, 0, 0, 0, 0, 0, 0, 0, 0, 0, 0, 0, 0, 0, 0, 0, 0, 0, 0, 0, 0, 0, 0, 0, 0, 0, 0, 0, 0, 0, 0, 0, 0, 0, 0, 0, 0, 0, 0, 0, 0, 0, 0, 0, 0, 0, 0, 0, 0, 0, 0, 0, 0, 0, 0, 0, 0, 0, 0, 0, 0, 0, 0, 0, 0, 0, 0, 0, 0, 0, 0, 0, 0, 0, 0, 0, 0, 0.00164744642098, 0.00329489284195, 0, 0.00329489284195, 0, 0.00988467875868, 0, 0, 0, 0, 0, 0, 0, 0, 0.00329489284195, 0, 0, 0.00164744642098, 0, 0, 0, 0, 0, 0, 0, 0, 0, 0, 0, 0, 0, 0, 0, 0, 0, 0.00494233937934, 0, 0, 0, 0, 0, 0, 0, 0, 0, 0.00164744642098, 0, 0, 0, 0.00823723245412, 0, 0, 0, 0.0230642501265, 0, 0, 0, 0.0477759465575, 0, 0, 0, 0.128500819206, 0, 0, 0, 0, 0.0889621078968, 0, 0, 0, 0.0889621078968, 0.0181219112128, 0, 0, 0, 0, 0.15650741756, 0, 0, 0, 0, 0.205930814147, 0, 0, 0, 0, 0, 0.154859960079, 0, 0, 0, 0, 0, 0, 0.0444810539484, 0, 0, 0, 0, 0, 0.00494233937934, 0, 0, 0, 0, 0, 0, 0, 0, 0, 0, 0, 0, 0, 0, 0, 0, 0, 0, 0, 0, 0, 0, 0, 0, 0, 0, 0, 0, 0, 0, 0, 0, 0, 0, 0, 0, 0, 0, 0, 0, 0, 0, 0, 0, 0, 0, 0, 0, 0, 0, 0, 0, 0, 0, 0, 0, 0, 0]
},
"tonal": {
    "chords_changes_rate": 0.0375615768135,
    "chords_number_rate": 0.00164203613531,
    "chords_strength": {
        "mean": 0.473009079695,
        "stdev": 0.0830429792404
    },
    "hpcp_crest": {
        "mean": 18.2378787994,
        "stdev": 8.46644496918
    },
    "hpcp_entropy": {
        "mean": 1.47438335419,
        "stdev": 0.704587757587
    },
    "key_edma": {
        "strength": 0.695050477982,
        "key": "D#",
        "scale": "major"
    },
    "key_krumhansl": {
        "strength": 0.704004108906,
        "key": "D#",
        "scale": "major"
    },
    "key_temperley": {
        "strength": 0.711588680744,
        "key": "D#",
        "scale": "major"
    },
    "tuning_diatonic_strength": 0.529851615429,
    "tuning_equal_tempered_deviation": 0.0167631208897,
    "tuning_frequency": 441.527557373,
    "tuning_nontempered_energy_ratio": 0.613666415215,
    "hpcp": {
        "mean": [0.0264464821666, 0.0221139434725, 0.291246294975, 0.506390333176, 0.232969716191, 0.0149090960622, 0.0127927027643, 0.0131999738514, 0.141539752483, 0.231869101524, 0.116091348231, 0.0557732470334, 0.0733360424638, 0.0394921302795, 0.0329981260002, 0.051581479609, 0.0352752283216, 0.155220776796, 0.252702146769, 0.117554701865, 0.0180622506887, 0.0135270999745, 0.0199342835695, 0.118655860424, 0.175885587931, 0.0840151235461, 0.0206829998642, 0.0144740752876, 0.0220285616815, 0.224768429995, 0.30301117897, 0.113885641098, 0.213506042957, 0.343220353127, 0.161256209016, 0.0291118212044],
