{
"metadata": {
    "version": {
        "essentia": "2.1-dev",
        "essentia_git_sha": "v2.1_beta3-415-gd5473f3",
        "extractor": "music 2.0"
    },
    "audio_properties": {
        "analysis": {
            "equal_loudness": 0,
            "length": 244.349365234,
            "sample_rate": 44100,
            "start_time": 0,
            "downmix": "mix"
        },
        "bit_rate": 64000,
        "length": 244.349380493,
        "lossless": 0,
        "number_channels": 2,
        "replay_gain": -4.44154548645,
        "sample_rate": 22050,
        "codec": "mp3",
        "md5_encoded": "5d8ebf507d6fab573fd6b9dea6ba224b"
    },
    "tags": {
        "file_name": "ravel-trio_per_piano_violin_violoncello.mp3"
    }
},
"lowlevel": {
    "average_loudness": 0.0965551659465,
    "barkbands_crest": {
        "mean": 10.9022703171,
        "stdev": 4.25840806961
    },
    "barkbands_flatness_db": {
        "mean": 0.269121289253,
        "stdev": 0.0532827675343
    },
    "barkbands_kurtosis": {
        "mean": 7.56548404694,
        "stdev": 29.9996242523
    },
    "barkbands_skewness": {
        "mean": 1.30820465088,
        "stdev": 1.66359162331
    },
    "barkbands_spread": {
        "mean": 7.79344511032,
        "stdev": 5.35593748093
    },
    "dissonance": {
        "mean": 0.425453811884,
        "stdev": 0.0486626587808
    },
    "dynamic_complexity": 6.78540563583,
    "erbbands_crest": {
        "mean": 11.869644165,
        "stdev": 5.41953134537
    },
    "erbbands_flatness_db": {
        "mean": 0.299965173006,
        "stdev": 0.0537836849689
    },
    "erbbands_kurtosis": {
        "mean": 1.87602365017,
        "stdev": 5.0412569046
    },
    "erbbands_skewness": {
        "mean": 0.719065010548,
        "stdev": 0.815070092678
    },
    "erbbands_spread": {
        "mean": 17.5369911194,
        "stdev": 13.509727478
    },
    "hfc": {
        "mean": 9.537109375,
        "stdev": 17.777513504
    },
    "loudness_ebu128": {
        "integrated": -20.9364967346,
        "loudness_range": 11.5221633911,
        "momentary": {
            "mean": -25.2428340912,
            "stdev": 8.64908504486
        },
        "short_term": {
            "mean": -24.0214576721,
            "stdev": 7.0900645256
        }
    },
    "melbands_crest": {
        "mean": 13.7612915039,
        "stdev": 6.05314874649
    },
    "melbands_flatness_db": {
        "mean": 0.324461251497,
        "stdev": 0.0733567625284
    },
    "melbands_kurtosis": {
        "mean": 16.5036411285,
        "stdev": 100.96055603
    },
    "melbands_skewness": {
        "mean": 1.68451619148,
        "stdev": 2.6554517746
    },
    "melbands_spread": {
        "mean": 11.4048166275,
        "stdev": 8.3578004837
    },
    "pitch_salience": {
        "mean": 0.571666181087,
        "stdev": 0.128666490316
    },
    "silence_rate_20dB": {
        "mean": 1,
        "stdev": 0
    },
    "silence_rate_30dB": {
        "mean": 0.99078387022,
        "stdev": 0.0955576971173
    },
    "silence_rate_60dB": {
        "mean": 0.318764835596,
        "stdev": 0.465988129377
    },
    "spectral_centroid": {
        "mean": 723.476013184,
        "stdev": 419.967285156
    },
    "spectral_complexity": {
        "mean": 10.6705942154,
        "stdev": 6.65751075745
    },
    "spectral_decrease": {
        "mean": -3.55367557603e-09,
        "stdev": 5.30830002177e-09
    },
    "spectral_energy": {
        "mean": 0.0142774311826,
        "stdev": 0.021531663835
    },
    "spectral_energyband_high": {
        "mean": 3.2532348996e-05,
        "stdev": 0.000233800354181
    },
    "spectral_energyband_low": {
        "mean": 0.000950624118559,
        "stdev": 0.00193088164087
    },
    "spectral_energyband_middle_high": {
        "mean": 0.00431378744543,
        "stdev": 0.0119803743437
    },
    "spectral_energyband_middle_low": {
        "mean": 0.00940324086696,
        "stdev": 0.0133942496032
    },
    "spectral_entropy": {
        "mean": 6.41908788681,
        "stdev": 0.489660233259
    },
    "spectral_flux": {
        "mean": 0.0438148006797,
        "stdev": 0.0356692373753
    },
    "spectral_kurtosis": {
        "mean": 31.8224906921,
        "stdev": 28.8754081726
    },
    "spectral_rms": {
        "mean": 0.00303396838717,
        "stdev": 0.00217353506014
    },
    "spectral_rolloff": {
        "mean": 820.358398438,
        "stdev": 494.600402832
    },
    "spectral_skewness": {
        "mean": 3.4992878437,
        "stdev": 1.7917983532
    },
    "spectral_spread": {
        "mean": 1703448.75,
        "stdev": 930108.1875
    },
    "spectral_strongpeak": {
        "mean": 1.16785216331,
        "stdev": 1.72111463547
    },
    "zerocrossingrate": {
        "mean": 0.0317868553102,
        "stdev": 0.0151722142473
    },
    "barkbands": {
        "mean": [9.91644537862e-06, 0.000183843410923, 0.000459088128991, 0.000701595563442, 0.00169100950006, 0.00180090789218, 0.00207921233959, 0.00146248238161, 0.00143883412238, 0.00145716022234, 0.00110230094288, 0.000500474823639, 0.000263755413471, 0.000450693740277, 0.000222724178457, 0.000164015233167, 0.000144276375067, 6.07212714385e-05, 3.62651262549e-05, 3.138703687e-05, 8.46399507282e-06, 5.32394187758e-06, 1.89631293779e-06, 9.71071244749e-07, 1.39255632803e-07, 4.60099680577e-10, 4.89115414837e-10],
        "stdev": [1.32715213113e-05, 0.000536475447007, 0.00115786364768, 0.00160723610315, 0.00440004142001, 0.00338122621179, 0.00406698416919, 0.00316320126876, 0.00406622514129, 0.00726240500808, 0.00500105228275, 0.0022622924298, 0.000745532510336, 0.00297063007019, 0.00116723950487, 0.000721013406292, 0.00128556054551, 0.000424769765232, 0.000159985851496, 0.000243462112849, 3.53370960511e-05, 2.11070328078e-05, 8.90318005986e-06, 3.43220790455e-06, 8.27166388717e-07, 1.18656129366e-09, 1.26264854128e-09]
    },
    "erbbands": {
        "mean": [0.00272361980751, 0.0568376146257, 0.452653229237, 1.51922249794, 4.44677209854, 5.84370613098, 8.01315116882, 15.4697122574, 28.7194690704, 32.8559188843, 30.460308075, 32.1140403748, 25.9124164581, 63.1266746521, 43.7965431213, 20.7010116577, 14.6321582794, 23.5434913635, 11.9326381683, 11.8174581528, 8.60115242004, 7.78683042526, 3.92025637627, 1.93424618244, 1.76603507996, 1.51655888557, 0.58098512888, 0.293061196804, 0.184666693211, 0.093478962779, 0.0492250882089, 0.0282286349684, 0.0135740693659, 0.00325575517491, 0.000107394531369, 1.47688460856e-05, 6.49578578304e-06, 1.81445318503e-06, 7.32144235371e-06, 1.64873417816e-05],
        "stdev": [0.00695898197591, 0.164574354887, 1.20024943352, 3.04742455482, 10.773812294, 18.0664901733, 16.6229438782, 28.0020122528, 56.1671028137, 67.9526901245, 61.4916992188, 99.378326416, 74.9678649902, 306.501739502, 212.469421387, 98.9408798218, 40.8074150085, 158.504745483, 49.0931549072, 53.2063293457, 39.9210395813, 57.8120536804, 20.8244743347, 7.98988962173, 8.41840076447, 14.644949913, 2.7371468544, 1.18595302105, 0.755633234978, 0.407277941704, 0.228871434927, 0.105827093124, 0.0568662248552, 0.0150784850121, 0.000479015114252, 2.87639777525e-05, 1.05368717414e-05, 3.37778942594e-06, 1.13244377644e-05, 2.51654128078e-05]
    },
    "gfcc": {
        "mean": [-178.509216309, 199.751327515, -156.793045044, 1.43752479553, -56.2454223633, -17.9481143951, -25.4370574951, -18.0243358612, -0.00521474936977, -21.8509407043, 2.63494491577, -20.5835342407, 1.94512915611],
        "cov": [[14206.8115234, 172.494644165, -2591.19604492, -666.305541992, -410.466705322, -795.561767578, -7.77102994919, -326.887176514, -252.952819824, -146.392791748, -164.97038269, -100.10333252, -233.301712036], [172.494644165, 1343.16015625, 483.337280273, -704.986572266, 346.833953857, -344.256347656, -25.0929546356, -136.902282715, -60.2728462219, -35.1615982056, -122.563034058, -18.7351818085, -150.854278564], [-2591.19604492, 483.337280273, 1018.41503906, -12.9648284912, 164.461380005, 112.908493042, -58.9865379333, 0.189253628254, 10.5937671661, -18.5180854797, -25.5929756165, -22.4524364471, -19.2139110565], [-666.305541992, -704.986572266, -12.9648284912, 756.842163086, -125.961799622, 268.506439209, -20.0530147552, 66.8043899536, 59.2745399475, -2.00423121452, 59.1652183533, -35.6302604675, 87.4543991089], [-410.466705322, 346.833953857, 164.461380005, -125.961799622, 293.001434326, -30.4486560822, 19.5685577393, -19.3396911621, -24.7408924103, 4.02526760101, -46.9429893494, 0.110945858061, -44.8783569336], [-795.561767578, -344.256347656, 112.908493042, 268.506439209, -30.4486560822, 341.564483643, 47.2017173767, 50.8383407593, 13.1794452667, -27.3504867554, 33.8549461365, -3.03316879272, 65.3513412476], [-7.77102994919, -25.0929546356, -58.9865379333, -20.0530147552, 19.5685577393, 47.2017173767, 182.874389648, 44.5676269531, -8.46553707123, -0.886750876904, -21.0652008057, 21.6504650116, -1.27777040005], [-326.887176514, -136.902282715, 0.189253628254, 66.8043899536, -19.3396911621, 50.8383407593, 44.5676269531, 116.627471924, 41.2942047119, 13.5166597366, 19.3548908234, -0.243336379528, 22.7711753845], [-252.952819824, -60.2728462219, 10.5937671661, 59.2745399475, -24.7408924103, 13.1794452667, -8.46553707123, 41.2942047119, 96.5741882324, 38.4479446411, 15.9933986664, 6.13196468353, 7.15274095535], [-146.392791748, -35.1615982056, -18.5180854797, -2.00423121452, 4.02526760101, -27.3504867554, -0.886750876904, 13.5166597366, 38.4479446411, 99.7532577515, 44.3059272766, 8.32136154175, -2.02432394028], [-164.97038269, -122.563034058, -25.5929756165, 59.1652183533, -46.9429893494, 33.8549461365, -21.0652008057, 19.3548908234, 15.9933986664, 44.3059272766, 99.4398727417, 29.0151996613, 8.69564437866], [-100.10333252, -18.7351818085, -22.4524364471, -35.6302604675, 0.110945858061, -3.03316879272, 21.6504650116, -0.243336379528, 6.13196468353, 8.32136154175, 29.0151996613, 87.1573104858, 26.0248470306], [-233.301712036, -150.854278564, -19.2139110565, 87.4543991089, -44.8783569336, 65.3513412476, -1.27777040005, 22.7711753845, 7.15274095535, -2.02432394028, 8.69564437866, 26.0248470306, 100.386535645]],
        "icov": [[0.000235960469581, -0.000533678452484, 0.000813450140413, -0.00022624268604, 0.000557088642381, -0.000231128389714, 0.000300242070807, -0.000104767314042, 0.000539354106877, -0.000168782309629, 0.000490256468765, -0.000137973707751, 0.000477763183881], [-0.000533678452484, 0.00629385514185, -0.00407165847719, 0.00361049361527, -0.00472465949133, 0.00416129594669, -0.00268801045604, 0.00420982390642, -0.00431190198287, 0.00437474343926, -0.00350509816781, 0.00357064628042, -0.00174392235931], [0.000813450140413, -0.00407165847719, 0.00502689601853, -0.00196969765238, 0.00276397168636, -0.00317010353319, 0.0027079868596, -0.0023322745692, 0.00298164086416, -0.00231967284344, 0.00313400267623, -0.00195972342044, 0.00229020533152], [-0.00022624268604, 0.00361049361527, -0.00196969765238, 0.0043592560105, -0.00235381070524, 0.000973880698439, -0.00120134092867, 0.00251007289626, -0.00350213842466, 0.00294828787446, -0.00285054789856, 0.00362316519022, -0.00192919094115], [0.000557088642381, -0.00472465949133, 0.00276397168636, -0.00235381070524, 0.00859249662608, -0.00363806239329, 0.00241598533466, -0.00360786379315, 0.00528058409691, -0.00561102107167, 0.00633990438655, -0.00450322264805, 0.00396209629253], [-0.000231128389714, 0.00416129594669, -0.00317010353319, 0.000973880698439, -0.00363806239329, 0.00874066818506, -0.0044656554237, 0.00339397299103, -0.00369556201622, 0.00628221640363, -0.00612706085667, 0.00457664532587, -0.00414802879095], [0.000300242070807, -0.00268801045604, 0.0027079868596, -0.00120134092867, 0.00241598533466, -0.0044656554237, 0.0102966176346, -0.0066869459115, 0.00543792918324, -0.00524540804327, 0.0077229551971, -0.00652430346236, 0.00438758498058], [-0.000104767314042, 0.00420982390642, -0.0023322745692, 0.00251007289626, -0.00360786379315, 0.00339397299103, -0.0066869459115, 0.0170896816999, -0.00942788273096, 0.00590068940073, -0.00742989033461, 0.00702452287078, -0.00472113164142], [0.000539354106877, -0.00431190198287, 0.00298164086416, -0.00350213842466, 0.00528058409691, -0.00369556201622, 0.00543792918324, -0.00942788273096, 0.0203623902053, -0.0110707646236, 0.00848378334194, -0.00711852917448, 0.00480627268553], [-0.000168782309629, 0.00437474343926, -0.00231967284344, 0.00294828787446, -0.00561102107167, 0.00628221640363, -0.00524540804327, 0.00590068940073, -0.0110707646236, 0.0218463297933, -0.0140696875751, 0.0075753047131, -0.00434981333092], [0.000490256468765, -0.00350509816781, 0.00313400267623, -0.00285054789856, 0.00633990438655, -0.00612706085667, 0.0077229551971, -0.00742989033461, 0.00848378334194, -0.0140696875751, 0.0251285824925, -0.0126498891041, 0.00777652068064], [-0.000137973707751, 0.00357064628042, -0.00195972342044, 0.00362316519022, -0.00450322264805, 0.00457664532587, -0.00652430346236, 0.00702452287078, -0.00711852917448, 0.0075753047131, -0.0126498891041, 0.0215351823717, -0.00898265186697], [0.000477763183881, -0.00174392235931, 0.00229020533152, -0.00192919094115, 0.00396209629253, -0.00414802879095, 0.00438758498058, -0.00472113164142, 0.00480627268553, -0.00434981333092, 0.00777652068064, -0.00898265186697, 0.0173935219646]]
    },
    "melbands": {
        "mean": [3.72219037672e-05, 0.000178952846909, 0.000339105317835, 0.000408875377616, 0.000260666216491, 0.000356387288775, 0.000446058518719, 0.000358139572199, 0.000253265403444, 0.000193089290406, 0.00012004889868, 0.000253445556154, 0.000157215050422, 6.79681179463e-05, 3.73470356863e-05, 3.42935782101e-05, 4.31879307143e-05, 1.79105991265e-05, 1.87474888662e-05, 1.19739188449e-05, 1.03417141872e-05, 8.98209327715e-06, 5.04249328515e-06, 2.13405041904e-06, 1.54405404373e-06, 1.17284878343e-06, 1.23726761103e-06, 9.85420115285e-07, 3.71522503428e-07, 2.40457012524e-07, 1.56525715056e-07, 1.16164883934e-07, 7.00831108702e-08, 4.32706634967e-08, 2.77261946735e-08, 2.36963089151e-08, 1.46199390372e-08, 9.63085788896e-09, 7.2004011642e-09, 1.1017602386e-09],
        "stdev": [0.000101687895949, 0.000471368635772, 0.000685588514898, 0.00121407792903, 0.000497134577017, 0.000646364525892, 0.000876287289429, 0.000752958701923, 0.00054695236031, 0.000584738329053, 0.000357673357939, 0.00129503104836, 0.000762664654758, 0.000319800747093, 0.000159541203175, 0.000138375340612, 0.000295540783554, 7.87477038102e-05, 0.000107323998236, 5.35992039659e-05, 5.90903182456e-05, 8.61570006236e-05, 3.77829856006e-05, 8.67343533173e-06, 7.78367757448e-06, 5.93767708779e-06, 6.40981306788e-06, 1.30765592985e-05, 1.72831437339e-06, 1.2843387367e-06, 7.52900348289e-07, 5.2328766742e-07, 3.04716223809e-07, 2.29761582204e-07, 1.37639219133e-07, 1.3252088138e-07, 5.77427741177e-08, 4.57047093505e-08, 3.40823547162e-08, 7.88336862456e-09]
    },
    "melbands128": {
        "mean": [7.40274253985e-06, 1.47725741044e-05, 3.74632509192e-05, 0.000101728677691, 0.000203145027626, 0.000226443080464, 0.000279676489299, 0.000379996025003, 0.000437354348833, 0.000537078594789, 0.000362402061, 0.000170844068634, 0.000253860780504, 0.000384730024962, 0.000293943186989, 0.000416207039962, 0.000394844013499, 0.000521180103533, 0.000407027051551, 0.000358746678103, 0.000391345936805, 0.000242860522121, 0.000230263511185, 0.00025181035744, 0.000252978003118, 0.000123790872749, 0.000163213480846, 0.000107836080133, 5.97748112341e-05, 0.000324129447108, 0.0003080352908, 0.000135922105983, 0.000186792647582, 0.000151062617078, 6.42465165583e-05, 4.88798759761e-05, 6.42186714686e-05, 2.94398269034e-05, 3.0548642826e-05, 2.9104819987e-05, 2.54256628978e-05, 5.73706129217e-05, 5.2153118304e-05, 3.90797795262e-05, 1.46460133692e-05, 1.10975634016e-05, 2.45492647082e-05, 1.59371193149e-05, 1.78590998985e-05, 1.86699126061e-05, 9.30701935431e-06, 9.24778669287e-06, 1.00837178252e-05, 7.13012514097e-06, 1.74660144694e-05, 7.59101885706e-06, 5.42243788004e-06, 5.52736128157e-06, 4.59838202005e-06, 4.06144044973e-06, 1.57512283749e-06, 1.51582912622e-06, 1.56370276727e-06, 1.71102351487e-06, 1.0117249758e-06, 9.86788904811e-07, 1.54429244503e-06, 1.28074509576e-06, 1.22984033624e-06, 9.93429239315e-07, 1.25864221445e-06, 7.64294554756e-07, 5.46765420495e-07, 2.32821591339e-07, 3.08596554532e-07, 2.81523028889e-07, 2.0861769201e-07, 9.77568390681e-08, 1.47046861798e-07, 2.451811838e-07, 8.76592167742e-08, 9.8634878043e-08, 8.17898992977e-08, 6.8189557112e-08, 5.55096555388e-08, 5.36193027756e-08, 3.8080855802e-08, 2.85950179091e-08, 2.42853914756e-08, 3.03829672532e-08, 2.64056296828e-08, 2.08601544927e-08, 1.8376368871e-08, 1.59947948219e-08, 1.22519479007e-08, 8.92311557976e-09, 1.00730623842e-08, 8.76413253081e-09, 8.54066950495e-09, 6.13473227773e-09, 1.8827432946e-09, 1.8406025315e-10, 5.3206852986e-12, 3.945492804e-12, 3.76663327264e-12, 3.59931051977e-12, 3.44303622071e-12, 3.29704124245e-12, 3.16049486929e-12, 3.03312128018e-12, 2.91401126319e-12, 2.80299438174e-12, 2.69979329691e-12, 2.60374599485e-12, 2.51481214325e-12, 2.43241776547e-12, 2.35653857539e-12, 2.28689202991e-12, 2.22328058741e-12, 2.16550995885e-12, 2.11356518225e-12, 2.06732634483e-12, 2.02677523202e-12, 1.99196496971e-12, 1.96297296993e-12, 1.93993345693e-12, 1.92302055356e-12, 1.91263107782e-12],
        "stdev": [1.07020468931e-05, 3.48990870407e-05, 0.00013190341997, 0.000321329687722, 0.000640402722638, 0.000531092868187, 0.000618662801571, 0.000955923751462, 0.0011565919267, 0.00210688309744, 0.0014171077637, 0.000350514135789, 0.00057859509252, 0.00106706272345, 0.000614248332568, 0.000919404323213, 0.000890055845957, 0.0014061947586, 0.000966902123764, 0.000964171602391, 0.00117138004862, 0.000566304661334, 0.000639059173409, 0.000879645347595, 0.00116076052655, 0.000392508052755, 0.000807927513961, 0.000380831421353, 0.00016252140631, 0.00195827195421, 0.00167288631201, 0.000615922792349, 0.00133846094832, 0.001188861439, 0.000375617033569, 0.000240117849899, 0.000538278720342, 0.000149997969856, 0.000105886814708, 0.000109301887278, 0.000112970374175, 0.00048529781634, 0.000499889720231, 0.000367200787878, 6.90709348419e-05, 5.5525040807e-05, 0.000189419588423, 0.000124185127788, 0.000151982763782, 0.000107630963612, 4.72710562462e-05, 9.96186499833e-05, 5.07184704475e-05, 4.58094909845e-05, 0.000252289581113, 6.98189614923e-05, 3.16345212923e-05, 4.38042297901e-05, 5.8102508774e-05, 2.3619237254e-05, 8.67901326274e-06, 7.36382935429e-06, 8.69855921337e-06, 1.24800089907e-05, 5.38706808584e-06, 6.47484421279e-06, 1.16258261187e-05, 1.00535598904e-05, 9.16499084269e-06, 8.56177121022e-06, 2.19440626097e-05, 1.30303205879e-05, 4.02182877224e-06, 1.11634494715e-06, 1.70214309492e-06, 1.95580423679e-06, 1.54668998675e-06, 5.89970227338e-07, 9.6225244306e-07, 1.72655302322e-06, 4.67702335527e-07, 7.58068892992e-07, 5.43623059457e-07, 4.53575836445e-07, 2.97481989264e-07, 4.86570854719e-07, 2.4450665137e-07, 1.72834617729e-07, 1.72034333445e-07, 2.87131342702e-07, 2.25219963568e-07, 1.74626720195e-07, 1.01392672036e-07, 8.70890843885e-08, 7.16216348451e-08, 6.01845542292e-08, 7.35385086159e-08, 6.63763586317e-08, 5.02863493068e-08, 4.24105195407e-08, 1.80572552466e-08, 5.22888710108e-09, 4.28990697132e-11, 1.01552577111e-11, 9.69913472454e-12, 9.27136058898e-12, 8.87130993665e-12, 8.49722289059e-12, 8.14709931463e-12, 7.82026526869e-12, 7.51444045877e-12, 7.22933475236e-12, 6.96416839127e-12, 6.71729512292e-12, 6.48860175659e-12, 6.2767187281e-12, 6.08158488846e-12, 5.90234501899e-12, 5.73864913922e-12, 5.5899204536e-12, 5.4561984271e-12, 5.33710792575e-12, 5.23272874683e-12, 5.14302359381e-12, 5.06839015202e-12, 5.0090543692e-12, 4.96544515574e-12, 4.93868791349e-12]
    },
    "mfcc": {
        "mean": [-793.168701172, 203.248519897, -19.4785575867, 2.06591677666, -4.96470117569, -10.7538805008, -11.825843811, -7.06104564667, -4.07496786118, -0.897945582867, -5.95921325684, -1.14499342442, -1.75313746929],
        "cov": [[10521.7333984, 1465.1060791, -2645.22827148, 347.098205566, -907.089111328, -258.689575195, -351.327911377, -137.267074585, -319.836883545, -72.6233520508, -261.981628418, 70.5625228882, -157.288116455], [1465.1060791, 1874.94091797, -127.236824036, -298.017486572, -0.965980172157, -238.071166992, -127.737945557, -159.673492432, -108.135253906, -126.115097046, -35.61977005, -65.7852859497, -60.4015045166], [-2645.22827148, -127.236824036, 1126.28625488, -107.07068634, 247.332366943, 126.079048157, 44.6115379333, 35.3085136414, 61.4809761047, 0.700655937195, 41.8373069763, -34.9823303223, 9.95083713531], [347.098205566, -298.017486572, -107.07068634, 321.742553711, 12.9705495834, 38.551197052, -0.281852275133, -2.5031042099, 13.0504980087, 31.92146492, -3.6400578022, 17.9036750793, 5.88364744186], [-907.089111328, -0.965980172157, 247.332366943, 12.9705495834, 273.116333008, 55.0657844543, 23.4130802155, -3.88096356392, 10.3362722397, 4.60076522827, 16.2669219971, -9.18728637695, 10.0974292755], [-258.689575195, -238.071166992, 126.079048157, 38.551197052, 55.0657844543, 195.417449951, 70.9864730835, 53.5660514832, 32.6462593079, 0.635109722614, -4.42513370514, 1.33521449566, -8.6652507782], [-351.327911377, -127.737945557, 44.6115379333, -0.281852275133, 23.4130802155, 70.9864730835, 155.412124634, 67.7969360352, 33.9520072937, 9.93123531342, 4.92458772659, 2.78199744225, 0.633372724056], [-137.267074585, -159.673492432, 35.3085136414, -2.5031042099, -3.88096356392, 53.5660514832, 67.7969360352, 131.891601562, 51.9967880249, 7.6028637886, -4.8973698616, -2.18260884285, 2.00629854202], [-319.836883545, -108.135253906, 61.4809761047, 13.0504980087, 10.3362722397, 32.6462593079, 33.9520072937, 51.9967880249, 120.09954834, 28.5219974518, -5.98760414124, -8.92726802826, -5.19497013092], [-72.6233520508, -126.115097046, 0.700655937195, 31.92146492, 4.60076522827, 0.635109722614, 9.93123531342, 7.6028637886, 28.5219974518, 103.433021545, 21.8410930634, -13.4802722931, 3.21290278435], [-261.981628418, -35.61977005, 41.8373069763, -3.6400578022, 16.2669219971, -4.42513370514, 4.92458772659, -4.8973698616, -5.98760414124, 21.8410930634, 115.823928833, 31.2784233093, -1.0734064579], [70.5625228882, -65.7852859497, -34.9823303223, 17.9036750793, -9.18728637695, 1.33521449566, 2.78199744225, -2.18260884285, -8.92726802826, -13.4802722931, 31.2784233093, 112.019203186, 22.4581871033], [-157.288116455, -60.4015045166, 9.95083713531, 5.88364744186, 10.0974292755, -8.6652507782, 0.633372724056, 2.00629854202, -5.19497013092, 3.21290278435, -1.0734064579, 22.4581871033, 110.816749573]],
        "icov": [[0.000722690310795, -0.000768437515944, 0.00122417148668, -0.000907446956262, 0.00133065041155, -0.00129194825422, 0.00124729820527, -0.00103400635999, 0.00128212035634, -0.000937617674936, 0.00103810604196, -0.000722210679669, 0.000578194216359], [-0.000768437515944, 0.00171520758886, -0.00116967177019, 0.00164751289412, -0.00173466233537, 0.00215355702676, -0.0012971914839, 0.00176314555574, -0.00132642814424, 0.00185667141341, -0.00102743762545, 0.00120747450273, -0.000206961500226], [0.00122417148668, -0.00116967177019, 0.00338173820637, -0.000907848938368, 0.00120040529873, -0.00273142475635, 0.00232132291421, -0.00165654881857, 0.0016209455207, -0.00128279428463, 0.00125463597942, -0.000755012792069, 0.00081663671881], [-0.000907446956262, 0.00164751289412, -0.000907848938368, 0.00527673400939, -0.00237772543915, 0.00110486627091, -0.00110983173363, 0.00215422804467, -0.00192885717843, 0.000609625247307, -0.00090775184799, 0.000556590035558, -0.000547936884686], [0.00133065041155, -0.00173466233537, 0.00120040529873, -0.00237772543915, 0.0074215233326, -0.00339681399055, 0.00175811641384, -0.00119420012925, 0.00241040461697, -0.00196865131147, 0.00145600258838, -0.00105730351061, 0.000429798121331], [-0.00129194825422, 0.00215355702676, -0.00273142475635, 0.00110486627091, -0.00339681399055, 0.010341078043, -0.00458071194589, 0.000848715833854, -0.002469900297, 0.00293565564789, -0.00114289077464, 0.00121330807451, 0.000197771660169], [0.00124729820527, -0.0012971914839, 0.00232132291421, -0.00110983173363, 0.00175811641384, -0.00458071194589, 0.0114561673254, -0.00547114619985, 0.00180768873543, -0.0021256476175, 0.00131487869658, -0.00149503885768, 0.000891079485882], [-0.00103400635999, 0.00176314555574, -0.00165654881857, 0.00215422804467, -0.00119420012925, 0.000848715833854, -0.00547114619985, 0.0136224459857, -0.00560061819851, 0.00239938823506, -0.00129522848874, 0.00155756692402, -0.00117273023352], [0.00128212035634, -0.00132642814424, 0.0016209455207, -0.00192885717843, 0.00241040461697, -0.002469900297, 0.00180768873543, -0.00560061819851, 0.0135236913338, -0.00459941290319, 0.00305848591961, -0.00139180233236, 0.00181097502355], [-0.000937617674936, 0.00185667141341, -0.00128279428463, 0.000609625247307, -0.00196865131147, 0.00293565564789, -0.0021256476175, 0.00239938823506, -0.00459941290319, 0.0139404116198, -0.00441677169874, 0.00389294163324, -0.00130987213925], [0.00103810604196, -0.00102743762545, 0.00125463597942, -0.00090775184799, 0.00145600258838, -0.00114289077464, 0.00131487869658, -0.00129522848874, 0.00305848591961, -0.00441677169874, 0.0121072204784, -0.00471191294491, 0.00198648730293], [-0.000722210679669, 0.00120747450273, -0.000755012792069, 0.000556590035558, -0.00105730351061, 0.00121330807451, -0.00149503885768, 0.00155756692402, -0.00139180233236, 0.00389294163324, -0.00471191294491, 0.0119685223326, -0.00280642719008], [0.000578194216359, -0.000206961500226, 0.00081663671881, -0.000547936884686, 0.000429798121331, 0.000197771660169, 0.000891079485882, -0.00117273023352, 0.00181097502355, -0.00130987213925, 0.00198648730293, -0.00280642719008, 0.0103908330202]]
    },
    "spectral_contrast_coeffs": {
        "mean": [-0.687706589699, -0.752681612968, -0.741006374359, -0.769495129585, -0.719459950924, -0.722357273102],
        "stdev": [0.0804612934589, 0.0704980865121, 0.0815307274461, 0.0618467256427, 0.0815909206867, 0.0832788199186]
    },
    "spectral_contrast_valleys": {
        "mean": [-7.72081565857, -6.88626480103, -8.19068050385, -8.91074943542, -10.5226068497, -14.5485897064],
        "stdev": [1.05615305901, 1.33894109726, 1.32585394382, 1.29209506512, 1.36763811111, 0.861506223679]
    }
},
"rhythm": {
    "beats_count": 439,
    "beats_loudness": {
        "mean": 0.0222500022501,
        "stdev": 0.0289817526937
    },
    "bpm": 108.106918335,
    "bpm_histogram_first_peak_bpm": 108,
    "bpm_histogram_first_peak_weight": 0.63384616375,
    "bpm_histogram_second_peak_bpm": 103,
    "bpm_histogram_second_peak_spread": 0.507936477661,
    "bpm_histogram_second_peak_weight": 0.0707762539387,
    "danceability": 0.938336074352,
    "onset_rate": 3.56431388855,
    "beats_loudness_band_ratio": {
        "mean": [0.200940907001, 0.280050426722, 0.372979283333, 0.166999071836, 0.0484194643795, 0.00496876426041],
        "stdev": [0.230249896646, 0.200709417462, 0.2304764539, 0.199301913381, 0.0891702473164, 0.0137202776968]
    },
    "beats_position": [0.615328788757, 1.18421769142, 1.74149656296, 2.29877543449, 2.8444442749, 3.40172338486, 3.97061228752, 4.52789115906, 5.08516979218, 5.61922883987, 6.1648979187, 6.71056699753, 7.26784563065, 7.80190467834, 8.33596324921, 8.87002277374, 9.4040813446, 9.94974994659, 10.5070295334, 11.0759181976, 11.6448068619, 12.2136955261, 12.7941951752, 13.3746938705, 13.9435825348, 14.5240812302, 15.1045799255, 15.6850786209, 16.2655773163, 16.8576869965, 17.4497947693, 18.0419044495, 18.6340141296, 19.2261219025, 19.8182315826, 20.4103393555, 21.0024490356, 21.5945568085, 22.1750564575, 22.7555541992, 23.3244438171, 23.9165534973, 24.497051239, 25.1007709503, 25.7393188477, 26.3778686523, 27.0048065186, 27.6317462921, 28.2586841583, 28.8856239319, 29.5125617981, 30.081451416, 30.6503391266, 31.2076187134, 31.7648983002, 32.3105659485, 32.8562355042, 33.4135131836, 33.9591827393, 34.5048522949, 35.0505218506, 35.60779953, 36.1650772095, 36.7339668274, 37.2912483215, 37.8369140625, 38.3825836182, 38.9282531738, 39.4739227295, 40.0312004089, 40.5884780884, 41.1457595825, 41.703037262, 42.2603149414, 42.8175964355, 43.3632659912, 43.9089317322, 44.4662132263, 45.0351028442, 45.6039886475, 46.1728782654, 46.7417678833, 47.3106575012, 47.8679351807, 48.4252128601, 48.9708824158, 49.5397720337, 50.1086616516, 50.6659393311, 51.2232208252, 51.7804985046, 52.3609962463, 52.941493988, 53.5219955444, 54.1024932861, 54.6829910278, 55.2634925842, 55.8439903259, 56.4361000061, 57.0049858093, 57.5738754272, 58.1427650452, 58.7000427246, 59.2573242188, 59.8029937744, 60.3602714539, 60.9175491333, 61.4748306274, 62.0204963684, 62.5777778625, 63.1234474182, 63.6807250977, 64.2263946533, 64.7836685181, 65.3409500122, 65.8982315063, 66.478729248, 67.0360107422, 67.5816802979, 68.1273422241, 68.6730117798, 69.2186813354, 69.7759628296, 70.3216323853, 70.8789138794, 71.4594116211, 72.0399093628, 72.6204071045, 73.2009048462, 73.7697982788, 74.338684082, 74.9075698853, 75.4764633179, 76.0453491211, 76.6142425537, 77.1831283569, 77.7404098511, 78.2976837158, 78.85496521, 79.4122467041, 79.9695205688, 80.526802063, 81.0840835571, 81.6413574219, 82.198638916, 82.7559204102, 83.3131942749, 83.8820877075, 84.4741897583, 85.0314712524, 85.5887527466, 86.1460266113, 86.7033081055, 87.2605895996, 87.8178634644, 88.3751449585, 88.9440383911, 89.5361404419, 90.1282501221, 90.6971435547, 91.2660293579, 91.8349151611, 92.3921966553, 92.9610900879, 93.5299758911, 94.1453018188, 94.760635376, 95.3643493652, 95.9680709839, 96.5717926025, 97.1755065918, 97.7792282104, 98.3365097046, 98.8821716309, 99.439453125, 100.008346558, 100.577232361, 101.122901917, 101.668571472, 102.214241028, 102.783126831, 103.352012634, 103.909294128, 104.466575623, 105.023849487, 105.59274292, 106.173240662, 106.742126465, 107.299407959, 107.856689453, 108.413963318, 108.971244812, 109.528526306, 110.085800171, 110.643081665, 111.200363159, 111.757637024, 112.326530457, 112.907028198, 113.475914001, 114.056411743, 114.613693237, 115.159362793, 115.705032349, 116.250701904, 116.79637146, 117.330429077, 117.876098633, 118.421768188, 118.979042053, 119.536323547, 120.093605042, 120.650878906, 121.2081604, 121.788658142, 122.357551575, 122.926437378, 123.483718872, 124.029388428, 124.575057983, 125.109115601, 125.654785156, 126.200454712, 126.746116638, 127.291786194, 127.82585144, 128.359909058, 128.893966675, 129.428024292, 129.962081909, 130.496139526, 131.041809082, 131.587478638, 132.133148193, 132.678817749, 133.224487305, 133.77015686, 134.292602539, 134.815048218, 135.349105835, 135.871566772, 136.394012451, 136.928070068, 137.450515747, 137.972961426, 138.495422363, 139.02947998, 139.563537598, 140.109207153, 140.654876709, 141.200546265, 141.74621582, 142.303482056, 142.86076355, 143.429656982, 143.986938477, 144.555831909, 145.113098145, 145.6587677, 146.192825317, 146.726898193, 147.27255249, 147.818222046, 148.37550354, 148.921173096, 149.466842651, 150.000900269, 150.546569824, 151.09223938, 151.637908936, 152.183578491, 152.729248047, 153.286529541, 153.843811035, 154.412689209, 155.028030396, 155.643356323, 156.247070312, 156.850784302, 157.45451355, 158.035003662, 158.615509033, 159.184402466, 159.75328064, 160.322174072, 160.960723877, 161.61088562, 162.226211548, 162.853149414, 163.468475342, 164.08380127, 164.687530518, 165.291244507, 165.894958496, 166.487075806, 167.079177856, 167.671295166, 168.216964722, 168.762634277, 169.319900513, 169.877182007, 170.411239624, 170.95690918, 171.502578735, 172.048248291, 172.593917847, 173.151199341, 173.685256958, 174.219314575, 174.753372192, 175.299041748, 175.833099365, 176.378768921, 176.912826538, 177.446884155, 177.980941772, 178.50340271, 179.037460327, 179.594741821, 180.163619995, 180.720901489, 181.278182983, 181.800628662, 182.323074341, 182.857131958, 183.391204834, 183.925262451, 184.389663696, 184.854049683, 185.318450928, 185.864120483, 186.409790039, 186.955459595, 187.512741089, 188.058410645, 188.615692139, 189.172973633, 189.730239868, 190.287521362, 190.844802856, 191.402084351, 191.982574463, 192.563079834, 193.131973267, 193.70085144, 194.269744873, 194.838638306, 195.3959198, 195.953201294, 196.522079468, 197.0909729, 197.648254395, 198.182312012, 198.727981567, 199.285263062, 199.842529297, 200.399810791, 200.945480347, 201.502761841, 202.071655273, 202.617324829, 203.162994385, 203.70866394, 204.254333496, 204.811599731, 205.357269287, 205.902938843, 206.460220337, 207.02911377, 207.586395264, 208.132064819, 208.689331055, 209.23500061, 209.780670166, 210.326339722, 210.860397339, 211.394470215, 211.928527832, 212.462585449, 213.008255005, 213.542312622, 214.087982178, 214.622039795, 215.156097412, 215.724990845, 216.293869019, 216.851150513, 217.408432007, 217.965713501, 218.522994995, 219.091873169, 219.660766602, 220.218048096, 220.77532959, 221.344207764, 221.924713135, 222.505218506, 223.07409668, 223.642990112, 224.200271606, 224.745941162, 225.291610718, 225.825668335, 226.371337891, 226.905395508, 227.439453125, 227.973510742, 228.507568359, 229.041625977, 229.598907471, 230.132965088, 230.667022705, 231.212692261, 231.758361816, 232.315643311, 232.872924805, 233.465026855, 234.057144165, 234.660858154, 235.171691895, 235.682540894, 236.193374634, 236.634552002, 237.087341309, 237.540130615, 237.92326355, 238.329605103, 238.724349976, 239.119094849, 239.583480835, 240.04788208, 240.500671387, 240.953460693, 241.40625, 241.859039307, 242.300216675, 242.741394043, 243.18258667, 243.623764038],
    "bpm_histogram": [0, 0, 0, 0, 0, 0, 0, 0, 0, 0, 0, 0, 0, 0, 0, 0, 0, 0, 0, 0, 0, 0, 0, 0, 0, 0, 0, 0, 0, 0, 0, 0, 0, 0, 0, 0, 0, 0, 0, 0, 0, 0, 0, 0, 0, 0, 0, 0, 0, 0, 0, 0, 0, 0, 0, 0, 0, 0, 0, 0, 0, 0, 0, 0, 0, 0, 0, 0, 0, 0, 0, 0, 0, 0, 0, 0, 0, 0, 0, 0, 0, 0, 0, 0, 0, 0, 0, 0, 0, 0, 0, 0, 0.00228310492821, 0, 0.00684931501746, 0, 0.0136986300349, 0, 0.0159817356616, 0.0296803656965, 0, 0.0433789938688, 0, 0.0707762539387, 0, 0.150684937835, 0, 0, 0.271689504385, 0, 0.210045665503, 0, 0.109589040279, 0, 0, 0.0228310506791, 0, 0.00684931501746, 0, 0, 0, 0, 0, 0, 0, 0, 0, 0, 0, 0.0114155253395, 0, 0, 0, 0.0136986300349, 0, 0, 0.0114155253395, 0, 0, 0, 0, 0, 0, 0, 0, 0, 0, 0, 0.00228310492821, 0, 0, 0, 0.00456620985642, 0, 0, 0, 0, 0.00228310492821, 0, 0, 0, 0, 0, 0, 0, 0, 0, 0, 0, 0, 0, 0, 0, 0, 0, 0, 0, 0, 0, 0, 0, 0, 0, 0, 0, 0, 0, 0, 0, 0, 0, 0, 0, 0, 0, 0, 0, 0, 0, 0, 0, 0, 0, 0, 0, 0, 0, 0, 0, 0, 0, 0, 0, 0, 0, 0, 0, 0, 0, 0, 0, 0, 0, 0, 0, 0, 0, 0, 0, 0, 0, 0, 0, 0, 0, 0, 0, 0, 0, 0, 0, 0, 0, 0, 0, 0, 0, 0, 0, 0]
},
"tonal": {
    "chords_changes_rate": 0.0647919401526,
    "chords_number_rate": 0.0041801254265,
    "chords_strength": {
        "mean": 0.433462649584,
        "stdev": 0.0990429222584
    },
    "hpcp_crest": {
        "mean": 15.9264144897,
        "stdev": 7.64415407181
    },
    "hpcp_entropy": {
        "mean": 1.71333777905,
        "stdev": 0.719581007957
    },
    "key_edma": {
        "strength": 0.446748942137,
        "key": "D",
        "scale": "major"
    },
    "key_krumhansl": {
        "strength": 0.442966669798,
        "key": "D",
        "scale": "major"
    },
    "key_temperley": {
        "strength": 0.437224417925,
        "key": "D",
        "scale": "major"
    },
    "tuning_diatonic_strength": 0.215882435441,
    "tuning_equal_tempered_deviation": 0.0350882187486,
    "tuning_frequency": 445.627075195,
    "tuning_nontempered_energy_ratio": 0.640846431255,
    "hpcp": {
        "mean": [0.281211405993, 0.134131252766, 0.100343175232, 0.14468473196, 0.0766269341111, 0.107905820012, 0.159139677882, 0.0855131745338, 0.123767085373, 0.169480800629, 0.0802246406674, 0.103735551238, 0.155632823706, 0.0887699723244, 0.11084651202, 0.153300076723, 0.0849413052201, 0.126038253307, 0.162433728576, 0.0767476931214, 0.128266975284, 0.196353659034, 0.133517593145, 0.102551788092, 0.0984815061092, 0.0667396560311, 0.122326366603, 0.178436756134, 0.113941900432, 0.154016345739, 0.205505609512, 0.102584183216, 0.0959013476968, 0.141308292747, 0.0914739072323, 0.192283570766],
        "stdev": [0.376339614391, 0.189294487238, 0.180961802602, 0.27538818121, 0.144045680761, 0.18711642921, 0.265636175871, 0.150786057115, 0.211734697223, 0.296485126019, 0.14358086884, 0.174674957991, 0.267572939396, 0.159328654408, 0.199962988496, 0.271350681782, 0.157301157713, 0.215631604195, 0.287306725979, 0.137808859348, 0.208734422922, 0.306497722864, 0.214445188642, 0.208105906844, 0.201600536704, 0.151003792882, 0.20170083642, 0.295888602734, 0.193313479424, 0.245009496808, 0.327428251505, 0.177381828427, 0.180309519172, 0.266588002443, 0.169055879116, 0.259466141462]
    },
    "chords_histogram": [6.6501994133, 6.46019363403, 10.6213188171, 4.04712152481, 4.02812099457, 5.79517364502, 2.10906338692, 1.72905182838, 5.52916574478, 0.684020519257, 1.34904050827, 0.969029068947, 4.46513414383, 3.8381152153, 3.28709864616, 4.33212995529, 1.10203301907, 2.79308390617, 3.30609917641, 11.8563556671, 5.56716680527, 3.68611049652, 3.15409469604, 2.64107918739],
    "thpcp": [1, 0.476976573467, 0.356824696064, 0.514505207539, 0.272488713264, 0.383717805147, 0.565907597542, 0.304088562727, 0.440121144056, 0.602681100368, 0.285282313824, 0.368888139725, 0.553437113762, 0.315669894218, 0.39417502284, 0.545141756535, 0.302054971457, 0.448197513819, 0.577621400356, 0.272918134928, 0.456122934818, 0.6982421875, 0.474794358015, 0.364678621292, 0.350204527378, 0.237329125404, 0.434997886419, 0.634528875351, 0.405182361603, 0.54768884182, 0.730786919594, 0.364793807268, 0.341029375792, 0.502498447895, 0.325285196304, 0.683768749237],
    "chords_key": "A",
    "chords_scale": "minor"
}
}